Spatial_Output/BAU/BAU_0478.asc
NCOLS 155
NROWS 192
XLLCORNER 196769.923733
YLLCORNER 449719.875193
CELLSIZE 27.603701
NODATA_VALUE NaN
[rows 23 to 45 of 192, columns 0 to 52 of 155]
0 30.8207091689 30.9400449331 31.0994739439 31.1230796292 30.7062313564 30.9884367339 30.6686517343 30.6094752207 31.15888202 30.7207258482 30.5710082213 30.6297918808 67.1883670415 57.893369874 57.893369874 52.4866236622 30.8610961015 50.9497396441 30.9425817493 31.1645134444 30.7907818193 30.8253868104 30.5798938941 31.0059690447 30.8649250774 55.2157543154 55.2157543154 59.3166426181 30.5913530782 31.1099976912 30.9605776216 30.6749463441 31.157880045 30.7458653186 30.8387161695 30.6137747726 30.6151465647 30.8546647922 30.8330789279 30.8484965998 30.8848482309 30.6278931381 31.0639213749 30.8959507601 30.9652591572 30.6697563736 31.1579732382 30.730063578 30.7991064177 31.1581767062 30.6471874824 30.9398359741
30.9297673172 30.8726442493 31.0293737205 30.6407774578 31.0236130074 30.9676495114 30.7578544213 30.7894230198 31.1748979512 30.6323741926 31.2003221545 30.7140715699 30.7016862135 30.5819367885 30.5337688584 30.7005529063 64.4998845179 64.4998845179 64.4998845179 30.8186879844 31.0451131704 31.1738192573 31.1775229981 30.8545112669 30.9372313172 30.8416726509 31.1520032096 44.6602575879 30.5725724119 30.5151095792 31.192401259 30.9709275376 31.1815547457 30.6967863156 30.6959155693 31.0599110816 31.1719349272 31.094893399 30.630943789 30.982663037 30.8900505113 30.511864113 30.5946507806 31.0315015279 30.6613554888 30.5978449137 30.6952232696 30.6343215781 30.6535528668 30.771995274 30.6975795659 31.0347541095 30.9992675755
30.7604173827 30.8276936338 30.6533802891 30.6454341155 30.5633030133 30.8948731689 30.5753025092 31.1101276743 30.699410848 31.0963516085 30.6527819201 30.703004953 30.7546205475 31.0663004809 30.5743002364 31.1591326818 64.4998845179 64.4998845179 46.1413580632 30.501711644 31.1594451422 31.0675347361 30.9328763261 30.8102452807 30.6646432162 31.1256594712 44.6602575879 44.6602575879 55.6936718982 60.2262887827 30.6900231187 31.1887810741 31.2006565245 31.1035681894 30.7111133432 30.6227356361 31.1552442341 30.6165288937 31.0467514302 30.8634935818 30.6049704289 30.9927256827 31.0062334258 30.6420984755 30.9710630075 30.9150483815 30.960624328 30.6136803509 30.9066073541 31.0513514234 30.6135577791 30.7344039683 30.5788735183
31.062973709 30.8311594722 30.9700311109 31.1823761858 31.1128940677 30.986690191 30.6928544437 30.8917825261 30.6306247255 31.1010417843 30.8468347495 30.6541288121 30.9188303888 31.0138829706 30.8690018258 31.0041365316 30.794665004 52.0920469072 52.0920469072 30.6342776382 31.188236231 30.5446147056 30.504798403 31.1284318985 30.5879830085 30.533498273 31.0519438329 55.6936718982 55.6936718982 55.6936718982 31.1036745122 30.6006446751 31.0374357612 30.6349140218 30.9362002025 30.9137018059 30.6998184641 30.7309861407 31.0138568198 30.9261529258 30.9394078724 30.7100949729 30.7185933134 30.9538119902 31.1086264167 31.0851906695 30.6117660205 30.5106807494 30.8429585404 30.7607383796 30.8374540475 30.7827055168 30.880359434
30.6873168975 30.7743207229 30.9889579238 31.1979000085 31.0855689146 31.0674711584 30.7364471954 30.5879375608 30.6418553442 30.8314219761 31.1659832502 30.5352212468 30.9466344163 31.0347072301 30.8501317566 30.5557870258 30.5255068366 52.0920469072 30.9432413207 52.0920469072 62.3891823493 30.6205749789 31.1977063985 30.559814393 31.0654841016 30.5307723516 30.9080743647 30.5035306216 56.7171724919 62.7808303629 70.1813812747 70.1813812747 31.0230157434 30.7602101989 30.8191639503 30.5124912518 30.7471755295 30.6541434843 30.9948286894 31.0254127936 30.8972264333 31.0480586965 30.6945540833 30.6276326455 31.0965357209 30.7726626413 30.6402242671 30.5041906144 31.1068616795 30.6991528048 30.9449586658 30.7707415148 31.1124444022
31.0974480675 30.6552065439 30.9114457798 31.1467329489 30.5613723474 30.9821828425 30.7965420773 30.5518762581 30.7772976192 30.6452398448 30.9132020002 31.137648224 30.9244669627 31.0198642959 30.666367742 31.0989038448 30.6657916201 30.9573003251 30.7173088082 31.0569316518 52.4376848857 30.7110301418 30.9083777283 31.1805066007 30.9878954437 31.0826573893 30.820925619 30.8657499033 31.0459449092 70.1813812747 70.1813812747 70.1813812747 30.9443437991 31.1954221681 31.1882761329 30.8996284711 30.5014523715 31.1983776877 30.7674249336 30.7892382086 30.5887102405 31.0640896017 30.5089840899 30.9589396078 30.9421058139 30.6743318372 30.5047041722 31.0602529341 30.7224345635 30.8037260517 30.81357096 30.8915987259 30.798604241
31.0395516213 30.6916343141 31.0719230584 30.9439959945 31.0052881677 31.0791081227 31.1915126172 30.5597489684 31.1387845276 30.6337310911 31.1788212757 30.7034119713 30.661728792 31.189697886 30.7856631499 30.6623846347 31.0150636967 30.6259288742 31.1070898444 41.8965371068 41.8965371068 31.1890281359 31.1408902213 30.5403356882 30.9161539508 31.1492934154 30.760802327 30.707005458 30.9463137398 62.7808303629 70.1813812747 30.5682736082 58.0816758806 30.8577674001 31.1949332113 31.1559144978 30.802274882 30.7369976364 31.1715377704 31.1438716017 31.015146932 30.847968181 30.6410744093 31.1851613695 30.8334964532 30.8711214448 31.0233021327 30.6960805351 31.0854260806 31.113632359 30.6824243063 30.9521255014 30.7804605819
30.5669622378 30.8416064966 30.5349128735 30.7504541903 31.117481845 31.0710621835 30.729031789 30.9137602427 30.5420336913 30.6830741526 30.8856874967 30.9425365556 31.1318200044 30.5796233353 30.834408418 30.7439116657 31.1045788147 31.0130277165 41.8965371068 41.8965371068 41.8965371068 30.9793857279 30.6352272128 31.0767643819 30.9615450115 30.6990471701 30.5450542339 31.1636124768 30.6633585532 30.9189422246 50.2268217923 50.2268217923 30.7932046157 30.6422191087 31.1523428382 30.6661489776 30.562737568 30.5488753845 30.5131119547 31.1799488741 31.1223912405 30.5109644567 30.9038626485 30.9255132196 31.0123448019 30.9571876412 30.8161484789 30.5719488278 30.5831700268 30.6516715827 31.0576542056 30.6082185541 31.1961634451
30.8754039415 30.8602784621 30.8649394281 30.9314103439 31.0707863082 30.9641263159 31.1917002515 30.5976289045 30.8853849182 30.799183031 30.603727711 30.6461408174 30.7711296159 30.5303858592 30.6980817536 30.559115313 31.0953314954 30.6784795148 30.7177547987 41.5884404776 90.2421102809 30.5950042345 30.5536229574 31.148127593 31.1540173086 30.9507053233 31.0897351385 30.8813725578 30.9458833805 80.6156322269 50.2268217923 50.2268217923 31.0817128236 31.165225511 30.8690324068 30.5079017418 31.1058649822 30.5537791038 30.7298247799 30.7540914193 31.2069119761 30.562086833 30.7340667064 30.9137631731 31.1014344747 31.2012478418 30.8385907624 31.0708889617 31.1941026893 30.9486344933 30.8839980855 30.8592687867 30.9461416167
30.8364762262 30.9714886213 30.5039605123 30.8901779165 30.5892248885 30.5269271615 30.8240896761 30.9627904955 30.7602745873 30.8195268031 30.7208347083 30.7658912768 31.0838178557 30.8743506613 30.8517491165 30.5160118854 30.5299201132 30.5546948456 31.1436590603 46.915829941 43.6488173205 43.6488173205 30.5741777382 30.7920282243 30.9245090027 30.8931355031 30.9701018398 30.78000586 64.3291985204 47.0529862966 61.7205583874 61.7205583874 31.1956370643 30.5412359123 30.7499614864 31.0455198126 31.0527765664 31.0806907965 30.7041444526 30.5530179228 30.5690284008 31.1937010917 30.5427636889 31.1669886376 30.6178516238 30.9020405275 30.836544539 30.9653100786 30.5027499211 31.1619031296 30.9629036563 30.8374001541 30.6173462196
30.8055686499 30.9696446981 30.9861239293 30.7644356816 31.0788920243 30.6950618329 30.7915185253 30.5410823751 30.8527087924 30.7194827695 30.9527570752 30.8207815172 31.0194776359 30.7150576763 30.8894442493 30.9069294888 30.9981203174 30.674020604 31.1802673421 46.5013907632 46.5013907632 46.5013907632 30.9575208624 30.5790890951 30.9178517121 31.0560969853 30.7804124113 60.3585264075 51.5081177055 51.5081177055 62.686007949 30.5788437448 30.5267877415 30.708769498 30.6259013245 30.6230640534 31.115422061 30.5538420723 30.686279867 30.7686305292 31.15228822 31.0434873446 30.9506733832 30.770327376 31.167368739 30.9793732781 30.8711334737 31.1466586825 30.5021555015 31.1968849575 30.5301170233 30.836605717 30.8407714318
30.5771231561 30.8106925779 30.5960857881 30.7133333506 30.7950755158 30.8037997827 31.194985768 30.939408709 30.9761183542 31.1938765086 30.8954697508 30.7511538293 30.6249117069 30.5531715094 30.6498718901 30.8427533633 30.7392179103 30.8916859095 31.098776759 49.5912362547 46.5013907632 46.5013907632 50.013762031 30.9298054536 31.1034148008 31.1669205517 30.514969435 45.2356098596 45.2356098596 62.686007949 62.686007949 62.686007949 30.6757680601 30.6081915862 31.0728574744 31.1028225528 30.8282580328 30.6105413161 30.9626903637 30.7742017819 31.0229817957 31.1826451705 31.0914655194 30.5058713418 30.6411420124 30.8724912753 30.8181074964 31.0219820579 30.9361902231 30.9969414993 30.6097550512 31.1661923803 30.562768394
30.6205921751 30.5653253043 31.1104064374 30.6676049929 31.158442047 30.710214101 30.813967655 30.7924045902 30.7046834446 31.1059613686 30.957185301 30.9354503921 30.5428517412 30.808446795 30.9003042691 31.0090338485 30.7198208482 30.6102251304 30.9854273394 46.2534464637 50.013762031 50.013762031 60.4116902343 31.0790096909 31.0939197207 31.1920286073 65.3568247443 49.190695129 45.2356098596 50.0103759279 50.0103759279 89.6923030063 30.9394138623 30.6399988151 30.8968955392 31.1672946897 30.9949809929 30.6238672227 30.9019679332 30.7889272933 30.9151691005 30.6451251353 30.7213705354 30.6642420796 31.0219594829 30.5629218587 31.1426325874 30.636183129 30.7891255724 30.9688748909 31.1944284375 30.5948461544 30.637960784
31.0145350532 30.5101020397 31.0446929364 30.7128768583 30.6700472183 30.5038639825 30.5279087633 30.5622954912 30.650118518 30.6337560553 30.9426229587 30.7889608329 31.0972876381 31.0039937111 31.0154634159 31.1921332665 30.721475101 30.8965526971 30.6889043904 30.5203747037 60.4116902343 81.4710497956 81.4710497956 31.1001101221 30.6369987087 30.8953837254 49.190695129 49.190695129 49.190695129 44.0314521367 50.8401402976 44.0314521367 30.5113918324 31.0901149694 30.7396822081 30.514011736 30.5388119606 31.1349766783 30.6680350935 30.8323828094 30.6634438043 30.500371072 31.1093454871 31.1692636824 30.5268649227 30.9448602016 30.8140092437 31.1887688025 30.6793319725 30.6706503761 30.8275836054 30.9013271111 30.8601427855
30.8613543547 30.9582803025 30.6729095463 30.7796795443 31.0471603941 30.7276882819 30.9405011266 31.1270921517 30.9193057576 30.6832572626 30.5483623017 30.8160082575 31.0279133901 30.7232020385 30.5550966958 31.0769534905 30.9134729202 30.7383279044 31.121013162 77.7166499142 46.3849827647 47.3559700629 52.8441905877 30.8289260325 30.9527075267 66.3474144362 46.7714825648 49.190695129 49.190695129 50.8401402976 50.8401402976 50.8401402976 30.7561800757 30.5773663349 31.1190226579 30.5718231585 30.9184243008 30.747462089 30.7056054589 31.1444144741 30.7628776122 30.8991863525 30.8201755667 31.0834769219 31.1860370865 30.732955947 30.7546251481 30.5299524026 30.8373963017 30.7383158865 30.5665758932 31.0833158687 31.1150903765
30.6658414729 31.1233538352 30.9937763488 30.6077798376 30.6484361385 31.1073293599 30.946935954 30.6487248199 30.9207573598 30.9355477303 30.6793577756 30.5550528533 30.8484164325 30.982103441 30.9139675273 30.5329363074 31.1265499702 30.5380305167 30.7826925771 77.7166499142 30.6713231977 52.8441905877 52.8441905877 52.8441905877 52.8080414993 58.7717620191 66.3474144362 66.3474144362 30.7959456929 70.812579094 70.812579094 70.812579094 30.5753345495 30.8586341388 30.8304775247 30.5583212581 31.0846780161 30.5216238879 30.5491457495 30.6107017409 30.9619455499 30.6159425447 30.8025541952 31.0965120594 30.5265896959 30.8205797023 31.0116241564 30.9134474121 30.5679321236 30.9115486955 30.8989392793 30.9619175474 31.0632017341
31.1626000136 31.1450089793 30.8960257285 31.0157214182 30.9243416462 30.6353053481 30.5724501013 30.965796184 30.562684593 31.0858506857 30.6107849722 31.1841396796 31.1478769288 30.8796240799 30.572970573 30.6948985346 30.5912302255 30.5275491634 30.916317162 30.6946848668 30.9083124838 70.8125643219 59.3963969402 31.0465512379 52.8080414993 58.7717620191 58.7717620191 53.117151553 58.5305415705 59.5899827924 59.5899827924 59.5899827924 30.7142032915 30.6483685559 30.5157552038 30.877002066 31.0848000023 30.7400429849 31.1747360093 30.5002837772 31.1924605365 31.0712489771 31.0378793763 30.6426543465 30.533947615 30.9440763703 30.5647513381 30.6362677165 30.7745177457 30.790387484 30.9932959625 30.8280096281 30.609689652
30.727689732 30.8750949586 30.622130475 30.9538714347 30.7720854727 31.0248365418 30.7152644852 30.7549004221 31.1554517356 31.1522378975 30.6873907913 30.5595400383 30.7821621842 31.0594915274 31.0533676217 30.6545919435 30.8002753801 31.0213512478 31.1815018256 30.5672470692 70.8125643219 46.5722012617 70.8125643219 30.5976072372 31.0544984208 31.1110253563 31.1203195628 30.8486050412 52.599502644 68.9746643106 68.9746643106 31.1831088562 30.9853854023 30.7131237383 30.6637467383 30.7319045642 30.5857014341 31.086760371 30.9801341589 30.8393090589 30.7380412844 30.7612376398 30.5882049327 31.2056674163 30.908087453 30.6701042208 30.9549783013 30.7688878062 31.0270087191 31.0683529766 30.9819306105 30.9296412575 54.0143448775
30.6999979471 31.1366896115 30.9676701946 30.9658630499 30.611616275 31.062417015 30.6961482004 31.1961031696 30.5737450031 30.8256342774 30.8290965262 31.0972334176 30.9279477574 31.0048052455 30.5770645762 30.9739853752 30.5568467396 31.1774678136 30.7847252932 30.9433210255 46.5722012617 46.5722012617 74.0962506639 46.5722012617 30.7403495616 30.9452170142 31.0454715597 30.8169974628 30.540511614 68.9746643106 68.9746643106 68.9746643106 30.9315730177 31.0486023712 30.7666615368 31.0985859688 30.5385050208 30.5226013345 30.9543338103 30.7846889773 30.5295277115 31.0539918458 31.0706499317 30.9475464398 30.6453794891 30.9126474862 30.896875088 31.0641473768 31.1180135662 30.7456479605 30.6510042422 31.1768499358 31.0037089649
30.6602809682 30.5667942842 31.0602329463 31.0479684516 31.0471304775 31.0414844792 30.5886539973 31.133529826 30.6707756932 31.0501261472 31.1112337301 31.1221116847 31.070981453 31.009364545 30.6150802133 30.9319422277 30.5283911672 30.9020547447 30.8549138639 78.1072419379 55.9270212281 46.1934608753 46.1934608753 66.503465109 43.6414596427 50.934094283 61.8539850261 30.5345281506 63.7495863604 63.7495863604 63.7495863604 48.6183464439 31.2012000358 30.5878546849 31.122470208 31.1945462541 31.185758304 30.9296098924 31.1065893442 50.4365184167 50.3599636273 57.6367547798 41.1120787652 30.985030153 30.8944319012 30.6742025247 31.191266462 30.7491691801 30.6002056718 30.5501058454 31.052850769 45.7864233721 45.7864233721
30.9467851131 31.1432328189 30.5312143569 30.5167114833 30.7541563503 30.6497411497 30.704240441 31.0969960321 31.1031863648 30.5382133894 30.8835017852 31.1097984997 30.6438618548 31.1428775428 31.1374118268 30.9645997358 31.0471058729 30.9103863871 78.1072419379 78.1072419379 55.9270212281 46.1934608753 46.1934608753 61.440133566 50.934094283 50.934094283 75.8119720087 30.6345931607 30.8823816949 58.8394308134 65.1693761658 65.1693761658 53.1118015413 62.4772234405 43.9034353483 54.8952008014 52.886384278 30.6147132489 50.4365184167 50.3599636273 50.3599636273 41.1120787652 41.1120787652 41.1120787652 30.7318560825 30.8031158135 55.1113244212 30.9233177663 30.5145563105 31.0822465374 30.8956348432 30.6863621481 45.7864233721
31.1660952233 30.7812294166 30.7644083082 30.8989258285 30.5401539429 31.0901776446 30.5559362333 30.9090904167 30.7381073421 30.9979291077 31.1075139706 30.6073564044 30.7606876792 30.975280757 31.0923546045 30.6012139242 31.0786435659 30.6418961572 31.0469966663 78.1072419379 55.9270212281 46.1934608753 46.1934608753 39.3458654319 50.934094283 50.934094283 75.8119720087 51.0602020047 69.614601916 58.8394308134 65.1693761658 65.1693761658 53.1118015413 53.1118015413 49.9814936841 54.8952008014 54.8952008014 52.886384278 50.4365184167 50.3599636273 50.3599636273 30.9633730081 41.1120787652 41.1120787652 30.818681707 31.1311263484 55.1113244212 55.0330842617 55.0330842617 55.0330842617 49.0164896339 30.5570271307 30.564444508
31.1757168302 30.7977722455 30.9605354602 30.5587271433 31.0077522371 31.0877509188 30.5492242249 31.0152480261 30.6486717453 30.571045484 30.8366320554 30.6532571603 31.0309769295 31.1063784399 30.8013082725 30.7021013921 30.7723787599 31.170874473 30.8964169867 31.1471288775 55.9270212281 60.1756242462 60.1756242462 60.1756242462 30.6844005498 31.1145290655 31.1402267539 57.0428000596 31.0017329103 58.8394308134 65.1693761658 72.6773151823 72.0755265969 72.0755265969 49.9814936841 54.8952008014 54.8952008014 50.4109846609 30.7710902607 50.0680997199 30.9144476665 30.8983021998 31.0977471577 30.5027310275 30.6250157063 77.6718364205 55.1113244212 30.8841391865 55.0330842617 49.0164896339 49.0164896339 31.0442603589 30.5904672956
