Spatial_Output/BAU/BAU_0155.asc
NCOLS 155
NROWS 192
XLLCORNER 196307.867259
YLLCORNER 449144.565805
CELLSIZE 33.573938
NODATA_VALUE NaN
[rows 50 to 74 of 192, columns 0 to 56 of 155]
45.0744221398 44.7220064406 44.5885464986 44.5629265788 44.7647836969 45.0737210345 44.6049430413 44.7171740115 44.6131259162 44.8736050361 45.1155730035 44.6133049095 45.0060499145 44.723906393 44.5561565179 45.1639034526 44.9546651926 45.0241868791 45.1877479062 44.9050053257 44.8447800582 44.937423265 45.2036672843 45.1625238489 76.4513690211 45.1905856966 44.8680215494 44.5281023171 45.132141136 44.8322109707 45.173882269 91.6012179282 45.1331813549 44.5898673771 44.8391208167 44.6545964658 45.0287323268 79.4615270097 79.4615270097 44.7066615279 45.1460960759 44.931268486 45.1799765274 45.0958838892 44.8906873657 45.0187357006 44.5448873853 45.0538662034 44.9214355327 44.9924343413 44.9364822383 44.7292083395 44.5740119061 44.9034243712 44.7113460976 44.700203128 44.5521044279
44.5936538568 45.0964059557 44.9766453677 44.894322514 44.7436823094 45.2024194504 44.5061666604 44.6485340643 44.5386236168 45.1653196938 44.8859022386 44.5134349455 45.1184285858 45.0907442833 45.0934994884 44.6586470878 44.6190326431 45.0245275857 44.5719054551 44.7521423743 44.7017975998 45.1841289848 44.9541408657 44.5006145607 76.4513690211 44.9013230412 44.8395184719 45.0417718832 45.0391431022 44.8883191479 44.8101579745 69.5441205281 45.1195214946 44.6265336004 44.9165724684 44.930586483 44.7388460659 68.9301214376 45.0093356953 44.8628212077 44.9694584439 44.9942860258 44.5627330205 44.8163613136 44.5320111659 44.518778129 44.7807551561 44.9969783961 45.1367843985 58.6052588644 45.0482007678 44.8652051138 45.01262263 44.6551330256 44.5315605708 52.4734561786 44.8143855231
44.747096508 44.6185611681 45.1488918522 45.0871519037 44.5734633015 44.6354531061 44.7097359492 45.0137530261 44.6961303267 44.9142547725 45.0414235329 45.1342764874 44.5770495304 45.0810603661 44.6199525637 44.8481759547 45.132994317 44.8888628937 45.0376032235 44.8936738235 44.6950870675 44.8768380178 44.9725867611 44.6060171914 44.6189152837 76.4513690211 44.7629833895 44.5979135497 44.5510565384 45.193088697 45.0255988312 69.5441205281 44.9588928445 44.9806626755 44.8944586525 45.0376676565 44.9093015577 44.6642367113 44.6049403348 44.8715328788 44.5411152424 45.021373378 45.1638254376 45.1180374221 44.7271778133 58.6988416563 44.8963974666 44.6704313637 58.6052588644 58.6052588644 67.2873091197 67.2643228438 67.2643228438 44.9203833965 64.3807098926 52.4734561786 52.4734561786
44.6344975556 44.6630021367 44.9961983811 44.6904304785 45.1269771059 45.0838967815 45.0233978977 44.5407081949 44.9750003132 45.1617642982 44.6255487178 44.9935812842 45.1383629239 45.1599164625 44.5460763204 44.7945352738 45.1764546758 44.8765613966 45.2031418024 44.6210940347 45.1394050127 44.5902782581 45.1021761241 54.0929204344 44.7063674274 44.6270434349 44.8586720271 44.8974551298 44.5835276191 45.0687236901 44.6991098355 44.8448910522 44.5280971791 45.0462081535 44.9939487022 44.8106780161 44.7695955538 45.0659525918 44.7990555339 45.1728227652 44.9382002883 45.000417592 44.5514156218 44.9548629322 44.5971629175 58.6988416563 58.6449586971 44.762460103 58.6052588644 58.6052588644 67.2873091197 67.2643228438 67.2643228438 44.5053497545 64.3807098926 52.4734561786 52.4734561786
44.5013763888 45.1630670431 44.6457201317 44.8534599094 44.834275323 44.5763827948 45.1670248743 44.6066833517 45.0280456197 44.56130405 45.112450999 44.8655487511 44.8949685913 44.6056830617 44.5165400391 44.7543901196 44.6521934795 45.0079624759 45.0007040239 45.0499349194 45.0156350426 44.7509539377 54.0929204344 73.4593656826 73.4593656826 45.03883163 44.5773537507 44.5621937708 44.5124566012 45.0099969691 45.0256420014 45.1500809809 66.0411802571 44.7463420066 44.5922595459 45.0725358599 44.7507288121 45.0159905129 44.9408050869 45.172759112 45.1330501294 44.5213055362 44.8872875949 44.5129981194 44.7823031979 44.8280640068 45.1492296125 44.8388066654 44.5217816556 44.9433989769 45.1416053575 67.2643228438 44.8817250552 45.1627481722 64.3807098926 44.5332955211 44.8814227452
0 44.5090173516 45.1790701785 44.7717940803 45.1440129724 44.8296644417 44.9039961245 45.0754812533 44.5183862 44.6738100086 45.0014807945 44.5327986169 45.1957285815 44.8101967921 44.7240968915 44.8032278184 44.8993251339 44.7851211761 45.1851440962 45.0578326681 44.8139006084 44.767534594 73.4593656826 62.9440427378 62.9440427378 44.9173090668 45.1164967311 44.7807457523 44.8882591441 44.9839420701 66.0411802571 66.0411802571 66.0411802571 45.0464391976 44.6577690642 44.8250363226 44.6310369787 44.6930012452 44.8102448373 45.0283783667 65.6774341033 44.9935193644 44.9535832999 45.0580729218 45.1901270678 44.5556174292 44.7281524966 45.1825521791 44.800806084 44.9983889076 44.7334084582 44.7119132422 45.1274662398 63.8197215486 63.6704674408 44.5995899688 44.878570658
0 0 44.8535244302 44.8827180907 44.5678876021 44.9801210688 45.0818232342 44.9065328905 44.8919575094 44.7984569145 44.7700899476 44.8988907876 44.5096980046 44.8453845465 44.5832325766 44.9149037417 44.9262905953 44.91074462 44.604068175 44.9020131122 45.0924568601 44.60414899 62.9440427378 62.9440427378 62.9440427378 62.9440427378 44.5236823248 44.8931362953 44.7289332614 44.9333649745 45.1316882364 44.6818611793 66.0411802571 44.7061499928 44.9245846691 45.1537864974 44.5173512045 44.9770219018 44.9516100156 44.6105865246 45.1326761963 45.186358011 44.9345991432 45.0730583438 44.7471845307 45.1145963905 44.768967299 44.6072974839 44.9407940941 44.5732201436 44.5858404986 44.6449128302 45.1109703775 44.6250522067 44.9677401478 44.5439332811 44.6333444349
0 0 0 45.0321069258 44.9135526793 44.9042951464 44.6817447811 44.7073259463 44.5746351004 44.7349050998 45.2063941524 44.5732690795 45.1427225003 44.8074291357 44.5504586489 44.760756719 44.6844268049 44.6207060927 45.1498652122 44.7073050618 45.0063373553 44.7011972635 45.0959181564 44.6682637476 44.6976227214 55.4957524028 55.4957524028 45.1920031566 44.9840298441 44.7088368098 44.9938390902 52.8272975286 64.8717446796 52.8272975286 77.7008038673 44.5155095928 45.1938911756 44.9783071929 44.6413081345 44.6836722751 44.6477975025 44.8956594551 44.6580300297 44.9152965893 44.543065624 44.8352255037 44.694318248 44.9037585024 44.8313779915 44.725828484 44.9421574781 44.6940624358 44.62173611 44.6180607256 45.1862055602 44.9021471171 65.4732872703
0 0 0 0 44.5498864524 44.9207327203 45.1582630151 45.1217085689 45.0815252521 44.5344513097 44.5840233109 44.5299043055 44.6946290428 45.0176660737 44.5686393962 44.630860629 45.0870984665 44.6416172203 45.1661237873 44.6188349711 44.6900535802 44.6726391986 44.7991905971 44.8028450757 55.4957524028 55.4957524028 55.4957524028 44.9696561781 44.5538585917 44.8036891799 44.5985939671 44.5237179064 64.8717446796 64.8717446796 64.8717446796 44.6081494254 44.6233117209 44.7500087561 44.712708282 69.4358153022 69.4358153022 44.5664553172 44.7958414993 44.629434456 45.1666983408 44.8744140866 44.7650430456 44.7141005855 44.5226501359 44.6175002799 44.9875051144 44.5454406245 44.5876403414 44.5403063199 44.9695474968 45.1377936738 45.0248807077
0 0 0 0 44.6261442263 44.810631128 44.7670274718 44.6859559334 44.5309491939 44.928878775 44.95091446 44.9235665659 44.5496903598 44.5911544379 44.6434663871 44.6005000655 45.1268664806 45.0313084583 44.7165653367 44.9674718291 44.7284413948 44.9441910593 45.1065259083 44.5362515614 44.9827659567 45.1575598679 44.9915543842 45.0367483265 75.1224478885 64.3307520492 56.1933194783 79.1857690694 79.6625009211 63.1106934007 63.1106934007 73.7255740443 69.372007283 69.372007283 82.406053453 69.4358153022 69.4358153022 64.0648053318 44.5198098977 44.6136353564 44.6157493745 44.9730400211 45.144567631 44.8723393999 45.1955167994 44.6842005531 44.9960497767 44.5123550057 44.7033675353 45.1889051362 44.5696701264 44.9512932275 44.7932576657
0 0 0 0 0 44.9847041654 44.8679116553 44.676988539 44.6008123791 44.6559376578 44.8017147515 44.8268780713 44.699898655 45.2015041379 44.8391424489 45.1007096272 45.1964257608 44.8409386202 44.5592808443 45.2016679162 44.7633668503 44.5699474837 44.7904784351 44.6292423043 44.8098969379 44.9873879809 66.2913227822 68.9596722158 82.7755644675 75.1224478885 50.9063725203 79.6625009211 79.6625009211 65.8012476328 65.8012476328 69.372007283 69.372007283 69.372007283 82.406053453 69.4358153022 69.4358153022 64.0648053318 44.6560232297 44.8288321932 45.1120308877 44.9240308952 45.1016855673 45.0447262441 44.812590691 44.688335958 44.5412589459 44.9172111203 44.6676613391 44.8530285785 44.9609535331 45.1201495952 44.6548276898
0 0 0 0 0 45.1712102666 44.849505064 45.0054645401 45.1097161012 45.1813445253 45.1627749637 45.0981995149 45.0314913081 44.8958825854 45.1104897568 44.8393432436 44.9387943945 44.6245980249 45.0777125828 44.9516758481 44.5990484143 45.0873573368 44.9893370378 45.1693717969 45.0915827869 44.6587940558 53.3973764554 53.3973764554 82.7755644675 82.7755644675 50.9063725203 79.6625009211 65.8012476328 60.8059120234 65.8012476328 73.7255740443 88.2128199987 69.372007283 69.2983348934 44.9097116404 64.0648053318 44.5849337023 45.0154720573 44.7795045792 44.5984248321 44.74304205 44.5174287481 44.5442256619 44.880366739 44.9912706963 45.1716426438 44.8111645302 45.1990205152 44.9748935131 44.619637091 44.6129022594 44.780757628
0 0 0 0 0 44.7916097881 44.7548932216 44.7114312031 44.6943934312 44.5940975504 45.1098191987 44.8749253213 45.1565364682 44.6472043029 44.6624183449 44.9593788586 45.1347492413 44.9088916501 45.1430365834 44.8979732822 44.942127385 44.7129503438 44.6083369053 44.774357003 44.5199331321 44.6813716449 53.3973764554 53.3973764554 82.7755644675 64.3307520492 56.1933194783 79.1857690694 60.5065835546 60.8059120234 60.8059120234 60.8059120234 44.68188648 44.522983383 44.5606682291 44.6153881722 44.6768954525 44.6518297042 44.6825613742 44.6688845623 44.6410269233 44.7121273116 44.5345602754 45.138623418 44.8199299494 44.963876565 44.9440733928 45.1815251585 44.7059838285 44.9753359458 44.6832908281 44.7268314825 45.086374731
0 0 0 0 0 0 45.0153920512 45.1680752308 44.5653791626 44.8165355911 45.0412783349 44.9102740536 44.6428944212 45.1199669319 44.5725297743 44.8376907165 44.7220368467 45.0890403532 44.8486124336 44.7386272421 45.1882236495 45.0729177316 45.093371477 45.0412243762 45.1391619425 44.5469397925 73.5724669693 73.5724669693 56.1771363489 44.8729582362 45.0849091997 44.5542204143 60.8059120234 60.8059120234 60.8059120234 78.5811545328 44.5697716376 44.716300885 44.7117922608 63.8153452848 63.8153452848 63.8153452848 44.9588415856 45.1771093271 44.6045892864 44.9647236086 44.8362402787 44.9382223554 45.1259103372 45.1518032818 44.5173168195 44.7372178957 44.9801907133 44.6687931107 44.8935144075 44.9221489518 44.7570530876
0 0 0 0 0 0 0 45.0851032311 44.6084614209 44.7333109321 44.987965833 44.5130893547 44.9892001058 44.7299846545 44.9196648712 45.0428739062 44.9348213043 44.6850512788 44.5389611635 44.5777615435 45.0405301001 44.9774864357 44.9270675654 44.6266911109 44.6690352029 45.0801065656 73.5724669693 73.5724669693 73.5724669693 44.7215659411 44.7551896888 44.9202322595 45.0462930662 52.7569893455 71.0189377972 71.0189377972 44.8878981555 44.7800514438 44.793418105 54.6314650282 44.5588630924 63.8153452848 64.9300255799 44.9924698323 44.9827362702 45.1598444091 44.6613575531 44.5149365595 44.8628539622 45.0055142272 44.9405339716 44.8409190248 45.021799338 44.5352511921 45.0400771531 45.1772304933 44.9571398468
0 0 0 0 0 0 0 0 45.1114597885 45.0144191148 44.5713756871 45.1759619596 44.6422717392 44.5936572229 44.5716733742 45.0427675394 44.9573400879 44.862370237 44.8558167683 44.7983650408 44.5210713743 44.8715078659 45.1012289282 44.540222259 44.6515178084 44.7927767102 44.6248870948 44.7789474473 44.9403044398 44.7433607107 44.7028601397 44.5399856597 44.8417653048 62.5456923538 62.2891471072 45.0205243873 45.0022828472 45.1044852446 44.7208334381 44.9773021451 45.1731425013 63.1655176039 44.621326778 44.8972167685 44.7924953489 44.8458910933 45.1983746797 45.2008550053 44.6351563575 45.0095827967 44.6622663493 45.0145442176 44.709554821 44.9544885282 45.1845765445 44.965876599 44.7184239542
0 0 0 0 0 0 0 0 0 0 45.1238241549 44.8143925116 45.0087078238 44.5928710621 45.0435382415 44.6219371398 45.0221349943 45.1616209276 45.202590139 44.7428081171 65.5979048479 44.8287708082 44.9955298107 76.7458249682 45.0975780178 76.6839320146 98.4586720434 44.9797134581 44.8416611583 80.5877696203 44.6277769159 80.6141165689 45.1426863711 62.2891471072 62.2891471072 80.4432329754 80.4432329754 80.2948072321 44.8285090737 44.8919209354 63.1655176039 44.8947536773 66.6601115615 45.0957502477 45.1334901109 44.7958561346 44.6226056194 45.054778396 44.5587415903 44.7423575532 44.5784707283 44.5057665815 44.6611977218 45.1612211106 44.859261492 44.644159728 45.1108565152
0 0 0 0 0 0 0 0 0 0 0 45.1133325075 44.8013572187 45.0641250473 44.5301844965 44.551842772 44.7949697055 44.7178419375 65.9240362292 65.5979048479 65.5979048479 65.5979048479 76.7458249682 76.7458249682 76.6839320146 76.6839320146 98.4586720434 61.2465072599 44.9487849912 44.9348303038 44.7937973043 80.6141165689 44.6721899697 44.8471348127 78.0199467038 80.4432329754 80.4432329754 80.4432329754 63.4005499403 44.8808222712 63.4005499403 71.3324901188 80.0172472547 44.6490825615 44.7471451496 44.769456042 44.9997382161 44.8186857254 45.1458316787 44.6904449877 44.730390433 44.6198914947 44.8636095406 44.9008045401 45.1770869846 44.8439123582 44.8233999461
0 0 0 0 0 0 0 0 0 44.8521513769 44.8757649006 44.5491256126 44.769166809 44.7217434423 44.7987646434 45.1995568523 45.1240838098 44.7647812366 65.9240362292 44.875400741 65.5979048479 65.5979048479 45.153572604 44.6606918016 76.6839320146 76.6839320146 98.4586720434 44.6483072696 61.2465072599 80.5877696203 45.11670431 44.5739016955 45.1688017204 44.8481350742 62.051086993 80.4432329754 80.2948072321 44.6758073312 44.5835702461 44.9596964364 71.3324901188 71.3324901188 71.3324901188 44.8616211525 45.1914256342 45.0132620027 45.0932170284 45.113004599 44.6543105936 44.9082187648 45.1918750647 45.0121452346 45.1115194327 45.1292364482 44.8270724903 44.8584513737 44.9514003711
0 0 0 0 0 0 0 0 0 45.1400811586 44.6767167319 45.1736843424 44.55209955 44.5529933178 44.7596194333 44.8718888056 44.6374497603 44.7229393269 44.5942854834 45.0876926853 44.5787151736 45.0607242166 45.08492494 44.5566297063 44.8135723046 44.9156091682 44.5979121947 78.5486158716 78.3752071316 76.4059819667 45.0656131076 44.9558502908 44.77408421 44.9296499763 62.051086993 62.051086993 62.995990122 44.7706606949 44.6611050398 44.9954861204 44.6419868453 71.3324901188 45.0833341218 45.1712121504 44.8598147595 44.7308172325 45.0154084319 44.5057543213 44.9894856583 44.9339581536 44.8297419673 45.190705351 45.1649856352 44.7759790571 44.5489187478 44.8605917845 44.5003656127
0 0 0 0 0 0 0 0 0 44.6514920834 44.7361411481 44.9908548525 44.5133863892 45.1581268875 44.6042513078 45.0344754903 44.5026734554 44.9322864856 44.6252730597 45.0207203098 44.7019387647 44.510802367 45.1334485654 44.9306063121 45.003146274 45.0407110795 44.8740064603 76.4059819667 76.4059819667 76.4059819667 45.1123607941 44.6630141037 44.5601340377 44.8531982075 59.3843831664 59.3843831664 67.266772643 44.6876462955 44.5987001825 45.1994924228 45.0862590101 44.8690240419 44.7008057354 44.7083489808 45.0917001018 44.7274245126 44.6324279714 45.1529323293 45.0364503977 45.136690447 44.9517544467 44.6234218304 44.8240399144 44.6286334962 45.0269413753 44.9139433897 45.1664916803
0 0 0 0 0 0 0 0 0 44.6613657202 44.8365200815 44.7452275971 44.9218181723 44.7446281571 44.8478425495 44.8220083441 44.6370809163 44.7718270371 45.001790835 44.6838639228 44.6832925375 44.7299681313 44.9669360525 44.6980948128 45.0623148215 44.5924047885 45.1356881723 45.0680267298 76.4059819667 76.4059819667 71.3064752145 45.1497206129 44.7574311139 44.8897247407 67.266772643 67.266772643 67.266772643 44.6736358598 45.0233504854 44.5402268627 87.1898552488 87.1898552488 87.1898552488 44.5295577872 45.1412054917 44.9534737826 44.7842584807 45.0755935269 44.8173661145 45.0421513603 44.5756061398 44.787559764 45.1103127188 44.7911687882 44.6104505499 44.8823130718 45.1986131621
0 0 0 0 0 0 0 0 0 44.7694118246 45.2039113038 44.7471412129 44.9324312819 44.8487581595 44.6561135347 44.8892710329 44.9193397777 44.5661642246 45.1631526807 44.9161715526 44.787461274 44.5507163794 45.1393664625 45.021636689 44.7909513529 44.5274209311 45.1560273409 45.1246348342 69.6372085176 69.6372085176 69.6372085176 45.0180263003 44.5698630247 44.8078618527 44.7796499758 67.266772643 73.6349576763 73.6349576763 44.7398034589 45.1615660068 56.8076295365 56.8076295365 56.8076295365 44.8655715415 45.0710979174 44.8090885949 45.0176165571 44.5623342356 44.5942826582 44.8710488205 45.0484950181 44.5925246531 45.1971447189 45.0176549461 45.0795027898 44.5634665371 64.0782272569
0 0 0 0 0 0 0 0 0 44.6126467882 44.9641489478 44.7579239073 44.682353126 44.5913103854 44.96171643 45.0479841439 45.1507517828 44.8127026724 44.5985531454 44.7695168408 44.6389760485 44.7961761226 44.6814575176 45.2068693422 44.565299608 44.5802520972 44.6673357359 45.1285431396 44.9029601549 69.6372085176 69.6372085176 44.8742509141 45.0516901616 44.9608096838 44.5356794394 73.6349576763 70.9690558517 73.6349576763 45.0560241964 45.0909633222 44.8850145003 56.8076295365 45.1644374235 45.0001553664 44.9239347826 45.0104122981 44.7420958069 44.6696075722 44.8626885319 44.9971704059 44.7805955089 44.6916517241 45.0213496888 44.567499838 44.9840588963 44.6176460983 45.1694564254
0 0 0 0 0 0 68.3628347603 0 0 0 44.5367211352 44.5442385377 45.099930026 45.1909275969 44.8232725485 45.0718444597 44.9981076904 44.9727263147 44.7690944879 45.1170230245 44.5538135671 44.7895157535 44.9437897267 45.1968223932 44.9805994143 45.0335463531 44.7300254318 45.1443171723 74.4835423988 74.4835423988 45.1488109409 44.573925692 45.1309688751 44.7193004797 45.13802515 44.7565604099 70.9690558517 70.9690558517 70.9690558517 44.8539399839 75.1243993284 70.3111382039 70.3111382039 44.811259221 44.9691613682 44.6523413758 44.5525260225 45.1035830743 44.544206563 44.5516094427 44.5207587292 45.0698976601 44.5837452159 44.5542147251 44.6552610183 72.9297228305 44.9351696795
