Spatial_Output/BAU/BAU_0025.asc
NCOLS 155
NROWS 192
XLLCORNER 196769.923733
YLLCORNER 449719.875193
CELLSIZE 27.603701
NODATA_VALUE NaN
[rows 46 to 68 of 192, columns 53 to 105 of 155]
68.2352175977 45.8321068777 45.2566477066 45.6701231101 45.2931013266 45.2719763673 46.2947820232 45.7385940173 45.8086375346 45.2940625826 45.3124599607 46.2318312929 46.2529563946 45.3392009391 45.59036715 46.3966822179 53.3912309557 45.0858619803 45.3178633751 45.8002943788 45.2300743268 45.8060724643 45.7786730655 45.1579399924 45.9363206843 46.0830968451 45.2159142671 46.3294746448 45.1163076503 45.0478304872 45.5104442179 45.3402215176 45.1832633879 46.1707601375 46.0115843856 45.2357617842 45.3851331639 46.0486417515 45.0415043554 46.2754781462 45.1753542396 45.6323466853 45.2830716506 46.4128846839 45.3106753403 45.2143036608 45.6114335194 46.3966194723 46.1404630732 45.7869894355 45.0656828511 45.3941344945 45.6645503292
46.3202111629 46.2271743343 45.2724355065 45.310102628 45.1547419742 45.035244529 46.0171016998 45.215366289 45.4682860257 45.1913122673 45.5424133524 45.0888300693 45.9069703268 46.3070693611 46.2962334393 46.1628892681 46.0924551447 45.5027329002 45.0022502984 45.6658087736 45.7897691296 45.8328167232 46.0551749383 45.0396060437 45.3445055266 45.1221398311 45.3640713889 46.1848804565 45.2613345352 45.0593306698 45.5757938886 45.0511464683 45.8899209809 45.1716069111 45.7954762624 45.4322761318 45.2512178652 45.6211287635 45.1239386921 45.6603614763 45.1130047511 46.0628169225 46.0712029873 45.1795186095 45.2906223406 46.1403252028 45.2411349354 46.2135329124 45.4611377919 45.0763037166 45.5970856493 46.4089283721 45.3359956795
46.2701363388 45.7127949414 45.9876642793 45.8656124797 45.4028172396 45.9398556802 46.2830923842 46.2614813814 45.777051346 45.3316423407 45.2854074496 45.0670623734 45.2885580091 46.3653600864 45.1720014829 45.1220710763 45.0200166127 45.4874016463 46.1766642932 46.2559383914 45.6568470321 45.5457132103 45.4126282572 45.4808989425 46.3089305831 45.0636828648 45.6029643114 45.0371584836 45.252416669 45.7545574118 45.9301028609 45.6251937139 45.0248247897 45.2881276937 45.2814707841 45.1251316246 46.010171282 46.4122342657 45.0771448183 46.1584097673 45.2784693655 46.1326906203 45.1686209158 45.0484702191 45.9348077973 45.4431764534 45.090037494 45.8248882446 45.9756631531 45.197064687 45.8309356139 45.0391489337 46.0324618468
46.1448388442 45.439260261 45.8459353571 45.9571607432 46.2679445174 45.0565786411 45.4502016524 46.1154192901 45.2132504358 46.2245625354 45.4250033484 45.8775500853 45.0198644623 45.601934605 46.0902644696 46.2441077854 45.9882132831 73.05780107 45.2590597758 46.3090521057 46.0287832982 45.6679209234 46.2005423503 45.5570747974 46.1075937725 45.2439734715 46.3199066877 46.3230499407 45.4880416642 46.2059859878 45.2500172181 45.2655654932 45.5665551442 45.3287339893 46.2440270342 45.7671483315 45.7961356027 45.9155207819 46.308372107 45.8590777897 45.3916303541 45.0185177391 45.9548279318 46.1442231205 46.2762322688 46.2983968177 45.837588174 45.0539054129 45.088244563 46.0820722652 45.1347540611 45.239858808 45.8668784081
45.7827556396 45.2400547777 45.4890401731 46.3595337442 45.648944245 46.210306589 45.356215876 45.6186604989 46.0208931903 45.0140121535 46.033332764 46.0616663921 46.3483996891 46.1300182406 45.0247551611 46.3529169936 45.2804446298 45.0031015505 45.8802990573 45.6807979927 45.973138231 46.0780544077 45.0769338544 46.3406649623 45.1116074068 45.2533669889 46.1895409403 46.0164214734 45.5783320027 45.2281630138 45.5972153873 45.7791280936 46.1118477464 45.1354868048 46.2144840946 46.2290378443 45.6747537287 45.3491058817 45.025599624 45.8791527087 45.9968164731 45.8470334171 46.10349645 45.5089724117 46.0287772792 46.0637307932 45.5772103427 45.0795519931 45.0331892956 46.4141682157 45.4463855655 45.2412412411 45.7957017778
46.2153218557 45.4359393461 45.6186288412 45.4861520153 45.038703504 45.67802729 46.0163666022 45.1315235663 45.6264425931 45.2040571028 45.1332988491 45.6333973528 45.1327575429 45.0762342011 46.3328814182 46.1468228634 46.3259124651 45.2759354821 45.1950087705 45.2062727838 45.6567617261 46.0904775673 45.6959303988 46.3521270432 45.8207358309 46.2813340723 45.3596667439 45.7630109547 46.3222200632 45.1893896492 45.3876321377 45.4704112238 45.9871670912 45.1437188723 45.6697780295 45.2057151012 45.2420543299 45.794338909 46.2875422934 46.0936602607 45.9618422066 45.0591485146 45.0522341011 46.0383276808 45.5199953987 45.5229175384 45.4128051279 46.2045823476 45.3372550663 45.5053222236 46.1948962798 45.6790557976 45.6826993131
45.3401830122 45.2588552178 45.4575251572 45.3193341269 45.3193530964 45.0925557417 46.1620599027 45.515901103 45.6691976106 46.2761782013 46.3609286861 46.1193913099 45.4088634509 45.9091499101 46.3112694698 46.2468044449 45.9408661792 45.3879685157 46.3928737017 45.9091161279 45.8361198895 45.2269123342 45.6714378689 46.2504931402 46.3310372547 46.3994854976 46.0355319842 46.326035397 45.3867772185 45.7335669161 45.1603272716 45.8040769259 45.5143006453 45.6902663039 45.6413278322 45.8822100149 45.6762782259 46.0327854673 45.5340840186 45.9163593784 45.7311884638 45.5913779558 45.6815392675 45.7252242762 45.2876966408 46.1179836414 46.3468506923 45.0026995563 45.8128458215 45.6350289698 45.3309982962 46.283525882 45.7119645823
45.8423713519 45.5218174511 45.3903025697 45.04935645 46.384370361 46.0122290344 45.9243115847 45.2059967685 45.4109682192 45.0821566757 45.8129995978 45.0897137759 45.1821800379 45.6114687596 46.3959912716 46.3889992027 46.1770709288 46.2145046021 46.090183011 46.3551432874 46.171138452 45.3532561526 45.4790870455 45.017859255 45.6119169024 45.9176686274 45.5328034648 45.9767328496 45.8994541175 45.623839288 45.0263763473 45.8035182152 45.0741343084 46.2026985973 46.2172329301 45.7023904772 45.3161030697 45.5287864941 45.3507952873 45.3404014824 46.3035842172 45.2032152991 45.850661427 45.3248253842 45.8198264092 45.3473815753 45.4268517529 45.1674281723 46.0699663698 46.0412028497 45.5653761282 45.5785334121 69.8773791011
45.580124548 46.0500212505 45.5942610712 45.6221254874 45.2980279144 45.2704015441 46.2365375966 45.8654101136 46.3663673049 45.4946076402 45.2691043507 45.4930729896 45.8470664317 45.6625474513 45.9022365985 46.2239141713 45.7657312453 46.0520500819 46.3586814113 45.7516530782 45.8501394557 46.141105246 45.9023563554 45.7349155443 45.7904207014 45.6256403333 45.8519029141 46.0028370274 45.4467774542 45.486054401 46.2263935885 45.9924870392 45.621877159 45.4132129432 45.2701468656 45.095598922 46.2230871516 45.6431825662 45.2036874775 45.0253756739 45.6733790462 45.8038541972 45.9344503655 45.0397988101 45.5256626654 46.3998555932 46.1496161793 45.5490840004 45.2207567653 45.3125716041 45.3116336776 45.4199078152 46.332543965
45.5071552961 45.5536128849 45.4609044605 46.1090120593 45.8503113709 46.3713555673 45.970341949 45.356980574 45.0578600181 45.7959487576 46.0825736133 45.4261792935 45.0217961295 45.2626404874 45.8379480717 45.569579487 45.7655463841 45.4050108933 46.2285512227 45.9267518082 45.0485988891 46.1115160808 45.2024188579 45.137020149 45.3744014447 45.6857578127 46.3238308599 45.1433291435 45.3243073189 45.5764600349 45.5775602889 46.0307363902 45.3822154495 45.6794106897 46.2935767552 46.1080835074 46.2096258846 45.4620026539 45.6576261831 45.8460217309 45.173267597 46.3238058876 45.8345856325 45.589942304 45.4267454085 46.1386656916 45.8646906562 46.3322168832 45.6565014722 45.8124071696 45.6064168309 46.0281236813 68.8043039686
46.2688007899 45.6657274844 45.1543846571 46.1381183464 45.7889374653 46.3464770733 45.0332910651 46.1649031121 45.3607877343 45.1930810308 46.0130885214 45.8077382766 45.9006447479 45.3807567367 45.1177367011 45.1674764364 45.0470938202 45.5181277044 45.7532568478 46.0116335006 45.1843944352 45.5928113556 45.187034362 46.274001408 45.3008897785 46.0742954662 46.3949594158 45.5735042151 45.3610444988 45.5353033986 45.6413324922 45.7354264462 45.3222282677 46.3698595236 45.3429854884 45.1232542149 45.4918165034 45.8808919685 45.3966086626 45.1740467062 46.1157077309 45.5980135383 45.3761265279 46.1306477464 46.0507885629 46.2552361151 46.0262340501 45.4884378355 46.0327753233 45.8723298716 46.3322849494 87.6738929648 87.6738929648
45.8070100051 45.5077443866 46.0414836325 45.440767482 45.7352548387 45.837677368 45.5819087427 46.1222857318 46.2636436937 45.9141011009 46.1020990844 46.2336885543 46.0152938479 45.0550088466 45.8952120935 45.6468435124 45.5546067884 45.4405135347 45.1651263723 45.1469784039 46.090862258 45.3683751301 45.0719201758 45.4043721416 45.8376701503 45.0027914218 46.0720207807 45.8663841649 45.9486902235 45.7225902965 45.7049052371 45.1209812294 45.3714478597 45.7303861376 46.3089623978 46.0048315008 45.6937921185 46.0195633168 45.479971562 45.0938139044 45.4706508413 45.4420367725 45.8718918504 45.9716742136 45.9149250125 46.2654950638 46.4074746841 46.1742147184 45.2851539468 46.0171102411 45.6296264472 87.6738929648 65.4249382103
45.8385355461 45.3512222315 45.0436069256 45.1078568737 46.1770472888 45.9965607935 45.6632183426 45.1177047934 45.1746960319 45.9298301772 45.7038309774 45.844428405 45.7807515344 45.2508464946 46.025527533 45.9969766989 45.4976283394 45.2085614037 46.3953831513 45.2947712511 45.0285492132 45.4515324305 45.9921927134 45.1312522393 45.8863610698 46.2893201694 46.1848317288 46.1073146552 45.8278041846 46.0012678016 45.9184942101 45.163898009 45.9802462551 46.1686533756 45.0569635548 46.2649268653 45.9801643698 45.84668094 45.4300566051 46.4131717156 45.2471406428 45.8577596281 45.6023666455 45.892519967 45.7176622467 46.0301764023 45.2691759468 45.4190472215 46.1034983305 46.2777940037 45.6032195486 65.4249382103 65.4249382103
45.4038752747 45.9032945389 45.6048632226 45.8787439511 46.1587795392 45.8236104169 45.1488458323 45.9302128663 45.6903019385 45.9558061015 46.2103288714 45.8011741957 46.2192445297 45.3882954546 46.1199532901 45.2718719052 45.6582914463 45.8075181409 46.0221882003 45.3605298871 45.1767807795 45.9209108706 46.361808859 46.3113141977 46.1754221347 46.0303727837 45.5548166954 46.1766075525 45.6099724281 46.1986808915 45.6528451645 46.1783875892 45.9628503226 46.3373159343 45.8355891967 45.4812756957 45.3890637238 46.1445677039 45.4350935649 46.0842711958 45.2937800836 46.3717864744 45.2129261858 45.5085947447 45.8376811551 46.0858527502 45.6067462701 45.3187777457 45.2499614507 45.9406242345 45.4906088149 45.3391638646 62.8890060741
45.3542276272 45.0329570862 45.8794278064 45.6034541402 46.2743387194 46.2417941024 45.0563449812 46.0154958147 46.0977976374 45.0935834052 45.435336816 46.0628904163 45.1401806355 46.1551047535 45.123470452 45.1302948111 45.5567664202 45.5037326506 45.9963965913 45.8214779416 45.9461754243 45.8728523689 45.7362924403 45.7423553863 46.0219089173 46.3718564328 45.2366917717 45.0610146437 46.3855553467 46.3020862382 45.9681261973 46.0078172703 45.4157667391 45.7397841012 46.3621614836 45.1352594509 45.4715232546 45.0155346035 46.1583004717 45.9219290485 45.5520712643 46.0164969846 45.1097481841 45.5088827577 46.2140891188 46.2635678493 46.1161775988 46.1052647151 45.5032889021 45.5267846427 45.705334272 62.8890060741 62.8890060741
46.1141414038 46.4108689651 45.3965630491 46.2912315112 45.1812435855 45.8763583607 45.5018503847 45.3113875082 46.2387611161 45.82026268 45.5487113003 45.7663988126 45.3147875218 46.2022964052 45.119699567 46.4102718051 45.004033517 45.6537032645 45.6177484145 45.2163963946 45.503097171 45.7200967514 45.1392474775 45.0286802361 45.8747401649 45.8270445764 45.2871177791 46.3458644893 75.7517437714 45.2330610509 46.2998150942 45.7731899414 45.8671024111 46.3516417102 45.0356956279 46.3704910341 45.6126918074 45.053789518 45.4394391394 45.9015270539 45.5186661086 45.5145425694 46.1089802386 45.66772225 45.1702049921 45.7498700413 45.0590932423 45.5406512484 45.483524426 46.2607544318 45.6931025168 45.7848900453 57.0263810969
45.8401388452 45.8772269481 45.2774663097 45.8557439513 45.5684063405 45.6132260595 45.4696533276 45.7222771769 45.229979577 46.0687165293 45.5530126464 45.2689195876 45.1471770206 45.5007457611 45.968611547 45.4828657597 45.5903331392 45.5775473288 46.0746885592 45.8758688561 45.4662159565 45.0320949904 45.524475123 45.5713970762 45.2385689686 45.7800251609 46.0898750004 45.7854865159 46.2711098386 45.2341719865 45.601514103 46.0987533166 46.0957543806 46.150386696 45.0415895583 45.9659858285 46.2382036802 45.5505602084 45.2961690044 45.2508918717 45.79517491 46.254178739 46.1023849175 45.389181003 46.011192029 46.0028127296 45.4706001642 45.9367145393 45.3550637668 45.1773243722 45.0341416858 46.2569771689 87.2658668738
45.6396817286 45.7548294947 45.4766851472 45.4529573866 45.1640965138 45.2552571463 45.0421814696 46.0049989607 46.2212128199 45.5199493824 45.0508192457 46.3901142902 45.5653976376 45.2468898552 45.3939746624 45.513045955 45.4609753215 45.2850480479 45.623001649 45.5343165307 45.5924154012 45.5268350688 45.3323054606 46.410831982 45.1115727893 46.1305427772 45.258963599 46.1415272606 45.4567865473 45.3672021407 46.1235523392 46.2845340555 46.1471214677 45.7442995624 45.8744770706 45.1092535906 45.6605312523 45.7292238369 45.4051829627 45.5663621139 46.2166431278 45.140966627 46.1315782189 45.5546591876 45.8836924048 45.5723309829 45.2791767088 45.042160968 45.3311972129 45.3581773399 45.5085359652 45.8675708283 87.2658668738
45.9216432034 45.8821392892 46.178208914 46.2593086284 45.6567491757 45.4976357491 45.6886779167 45.2244517867 45.0821130596 45.5790345195 46.4059579778 45.4742972334 46.3115606752 45.7730949444 45.3406202562 45.4075512798 46.2384311493 45.74704191 46.245581821 45.409552122 45.4809487945 45.25263409 45.7731434601 45.5365326325 45.0951978121 45.7476586932 45.6312838616 45.9433156951 45.8032780385 71.0586269291 45.1136858141 46.1374574062 45.61563415 46.3194801918 46.2366582245 45.0885084021 46.3019052748 46.3191210308 46.0722018704 46.1249576808 45.0431429005 46.3479603041 46.3123260407 45.3383301914 45.150798524 45.7073334451 46.3316688635 46.0382133477 45.2531571215 46.2194865921 45.8708333484 45.4465405812 70.8720502546
45.8905086076 45.2870037908 45.3955386561 45.275371832 46.3507691182 45.3461820705 46.1105734257 46.1594840114 45.6060309506 45.167407121 46.0869054345 46.3785988192 45.1012097951 45.0828505595 46.3813118729 45.7465087127 45.4783537177 88.7863972471 88.7863972471 46.1056765754 46.3982550618 45.899523607 45.226332134 45.8181361968 45.3542527341 45.4530656825 45.0848730295 45.7672652076 71.0586269291 71.0586269291 71.0586269291 46.1745105881 45.1072252187 45.2834597936 46.2786112004 45.9666276751 46.249838589 46.0323078435 45.7194790337 45.753680454 45.0779536666 45.1987616571 45.0143014741 45.6747654569 46.0483393041 45.7356665697 45.244727904 45.0419121544 45.9167079995 46.2513013668 45.370785393 46.3844704065 57.0639454839
45.0705310715 45.1787326747 45.6873626029 45.2272646399 46.4035288557 45.9394466076 45.7958211095 45.026144584 46.2627669584 45.0274061242 45.4889132895 46.1047225453 45.1447158295 46.163129587 45.8825215334 45.5826738372 88.7863972471 88.7863972471 88.7863972471 45.4290776103 45.4944107113 46.4132088353 46.2124049172 45.8730936819 45.8604006314 45.2769555726 45.2755633721 45.6049004971 61.4007122113 45.3523898007 61.1531591676 45.9006921787 45.3088954015 45.5487837845 45.8222569197 46.1621857565 45.077195105 45.7375572918 46.3846254649 46.1640880726 45.496335885 45.860696569 45.4342249358 46.0412772766 46.389426845 45.2921528964 46.2898435696 45.5900490747 45.3174942672 45.4557287402 45.3707338742 46.1304105008 45.2439723581
45.2195974521 45.2052791017 45.0029699078 45.1490130247 45.4115529033 45.3031181884 46.3724407525 45.0184492898 45.7249873095 46.0174587816 45.1893266703 45.8943144776 45.069709257 45.9662659297 45.1931913279 45.903282224 46.4084171505 88.7863972471 45.3371320799 46.0566795633 46.0398924491 46.1362556739 45.0855672533 45.9657610721 45.1568449544 45.9162214647 45.707079525 46.1170818107 46.3943450546 61.1531591676 61.1531591676 45.2439272538 45.7259443527 45.3953124461 45.6547518919 45.3186162051 45.6271124299 45.113031155 46.0317296151 46.17082236 91.579405298 45.2523929799 59.127394089 46.0105224358 46.4041376216 46.0713294969 45.09049078 45.7984901701 46.175188215 46.2241177498 46.190134606 46.2529256075 45.0818215801
45.9469724366 45.7534089265 45.4758010982 45.1491277668 46.2186037763 45.6077217373 45.0159175397 45.8474625115 45.2700121745 45.8058155943 45.5908666943 45.6199802616 46.2160209044 45.013956779 45.228276012 45.2412916061 46.158018803 46.19266508 68.039706838 68.039706838 45.762346913 45.1203600615 45.0807512102 46.0011224845 45.4803465143 67.0186383987 46.3206436161 45.6170508873 45.1546378679 84.4647458075 45.9479528979 45.6549489667 45.1328500348 45.3779195566 76.2923770526 46.0358025618 45.8842687529 45.7050756597 45.579869079 45.3803736293 45.1644484575 59.127394089 59.127394089 69.7318417416 83.0885367945 45.8980802697 46.0866431727 45.8500811996 45.7316746343 46.3159126362 45.1087544476 45.2326688501 46.1099808739
