Spatial_Output/BAU/BAU_0484.asc
NCOLS 155
NROWS 192
XLLCORNER 196769.923733
YLLCORNER 449719.875193
CELLSIZE 27.603701
NODATA_VALUE NaN
[rows 138 to 160 of 192, columns 53 to 105 of 155]
27.0563310506 27.8123720226 28.0049173665 28.3945261151 27.5908643682 53.2607354135 27.5816168435 27.9996795688 28.232957974 28.2468934503 28.1978208826 28.1188270157 28.0934994229 27.8419838329 27.4610087083 27.5444436331 27.1543073797 28.2415930484 27.9976846895 27.1352333446 27.5292816559 27.1176247261 27.3787684156 27.1535567573 27.3303879496 27.9950749414 27.1453988192 28.0359096608 45.9871233811 45.9871233811 45.9871233811 60.6758579748 28.3058537262 28.1782997615 27.3553933808 27.436635403 27.3844571197 27.8925114389 27.3751373859 27.573296078 27.9916602379 28.2332459418 27.4431554403 27.4757016825 27.2018570955 28.1256300353 27.5086964944 27.7966347577 27.5932050743 28.0532975829 28.3695221218 27.6062468913 27.4723269984
27.9979604053 42.1283468991 58.5627099943 27.1627393953 58.5627099943 55.3017022812 49.8083704834 49.8083704834 49.8083704834 27.6752349645 27.4918409417 27.9716635309 28.1707146199 27.8100411939 28.2115349149 28.3595611494 27.5526985572 27.2122107859 27.7762626106 27.8718745851 27.5559089458 27.4283655127 28.1366770319 27.3299507787 28.0183832179 27.4211221567 28.0734368781 28.0387543282 27.4339321435 28.1969921606 27.8313164031 60.6758579748 60.6758579748 27.3819736793 28.3620755517 60.0153763448 28.070139991 27.1367496656 27.869500728 27.0763538571 28.3019693571 27.4262375965 27.3767165531 28.3702923854 27.6558370588 27.6675525182 28.1052951254 28.0559739269 27.1756875502 28.3214137093 27.9346884224 28.0167508892 28.2555702157
60.0234340011 42.1283468991 42.1283468991 58.5627099943 58.5627099943 28.0671233198 49.8083704834 49.8083704834 64.2483626472 27.995487646 27.971997428 28.3475707512 28.2276089105 27.8363172579 27.8228658164 27.6223701754 27.341428799 27.8887785035 27.3999716242 27.6079362524 27.3477541752 27.6688777497 27.9489429581 27.4144703486 27.5571111406 27.2650254358 27.4932667067 27.9725333385 27.904085442 27.7851322214 27.2063068929 60.6758579748 27.3303464817 28.2799634969 60.0153763448 61.7250004122 61.7250004122 46.6737185767 27.2282466928 28.1037359381 27.995937838 27.3367759713 27.2327294012 27.5675087825 28.3066706812 27.6659114684 27.4790967235 28.2586279337 27.513292507 27.4261930333 28.0279177282 27.5276617803 28.0570124943
60.0234340011 60.0234340011 42.1283468991 28.0762173121 27.9248295149 27.2884511336 27.7607900024 64.2483626472 28.2134028266 27.2552220969 28.1167232046 27.8545281093 28.4095762233 27.5184961736 27.2631219102 27.3974875866 27.117111899 27.3425571961 27.6979356383 27.0939151192 28.0587196089 27.4803228101 27.7746990137 28.0845466636 27.8079506351 27.7002551757 27.0585311116 27.2066427247 28.1264832207 28.3597267753 27.3260486603 27.731300968 27.2974718427 27.7224089376 60.0153763448 46.6737185767 46.6737185767 46.6737185767 27.2565155435 27.5526408264 27.012536379 27.7104882796 27.2695996042 28.3527257193 27.5302805039 27.3991067121 27.5329738795 27.9999329398 28.3776214733 27.4601659474 27.3000755406 27.3012909925 27.8235408217
60.0234340011 60.0234340011 27.0716913621 27.0131973304 27.0218802227 27.7377673314 27.6781772097 58.0198509362 58.0198509362 58.0198509362 27.9737657229 27.3661205722 27.3039580393 28.0774085182 28.3881028844 28.146016827 28.3677778947 27.637100265 27.5648896208 28.0311215055 28.389531341 28.3667488611 28.3732821574 28.1938322378 27.5983989048 27.8470039479 27.5375948917 28.3543103585 27.6907253193 27.2233879393 27.7760435381 28.1376375147 27.1499836695 27.4442915348 28.2531186937 46.6737185767 46.6737185767 49.9367464779 58.0481025891 27.0346949468 27.7627458183 27.7162944654 28.4066851094 27.4611270381 28.3245978989 27.3810873446 28.2567343504 27.9517150992 28.2779987746 28.0930480258 27.6867419903 27.2113387784 27.8311909593
28.1615106758 27.8186508309 27.4783129191 27.9796009916 28.0315232861 27.2503298116 27.9385674243 62.8982091465 58.0198509362 62.8982091465 27.097942058 27.196853221 27.4329167368 27.372585249 27.3684128489 27.2552593385 27.9694691583 28.1136491375 28.1296534598 28.0256199856 27.333775507 28.3787774492 27.0774510561 28.2730844458 28.3564191937 27.6666709176 28.1183080779 27.9933243025 28.3385319028 27.8692174431 27.4424952057 27.971997438 27.7283468034 28.1543474787 28.3729717703 28.053165281 27.6898590964 46.9067071893 46.9067071893 60.7258237442 28.18113882 27.0295329708 28.273210174 27.4853480537 27.8727267736 27.131837744 27.389956184 27.6026532062 27.9269212113 28.3372983158 28.3491996998 27.3114362222 27.3089791282
27.4781980734 27.5825799917 27.1272669825 27.1947719191 27.6375138473 28.3417043114 27.8338762935 28.2690536973 54.9412100384 54.9412100384 54.9412100384 27.234946673 28.1988269608 27.1639504658 28.109216471 27.0646496843 27.8556386966 28.0309590443 28.1608321226 27.2787746279 27.0802582378 28.3447040943 27.6159879026 27.857691898 27.4118870933 27.0988042209 27.5127367923 27.9896135928 27.8717946158 28.0087155328 28.3280951651 27.4358984816 27.3587245966 27.4795803234 28.2563112412 27.5162017554 27.8870122406 46.9067071893 46.9067071893 60.7258237442 28.3973180499 28.1268203943 27.9055210826 27.4625860904 27.4873877411 27.2547102141 27.2464285942 28.0900226359 28.1522977952 28.1155915363 27.9957826519 28.0327321448 27.0337909841
27.7853393954 28.0631119413 27.3500063253 27.3032717487 27.2801167643 28.0015474559 27.8690954563 27.1074932549 54.9412100384 54.9412100384 68.8946837013 27.1452927501 27.0626102597 27.4816578909 28.0599207299 27.7955221908 27.2088213328 27.1110037587 27.3294334789 27.8929005821 28.1079037641 27.827038048 27.5991274028 27.0775092955 27.9594769746 27.6215907781 28.2346751675 28.3357360226 27.8752597382 27.8996893318 27.0814312291 27.6057168727 27.8246972103 27.2759983896 27.0662191135 27.421580698 27.0103750801 27.7232400995 27.3263562256 27.3816929669 27.4033995235 28.0274846687 27.1939973684 27.6808194927 27.4631840618 28.0947995361 27.1140408846 28.3857896772 28.1017991222 28.3626818687 27.9790346846 27.9571557523 27.7861839003
27.3052894929 28.3209327576 27.7285372446 27.8528778898 28.1134575809 28.2979436874 27.7697086836 27.8436987203 47.5456528286 27.7402033926 47.5456528286 28.2648215518 27.0464857448 28.0499505416 27.8987778293 27.3206858566 27.1848015492 28.1422629007 27.6674443124 27.1464575156 28.1644565906 28.3725610278 28.0084886718 28.1942939306 27.2666055129 28.3063599277 28.2720345491 27.2661548531 27.4002475648 28.4093517138 28.0369194846 27.0563122991 27.1796096819 28.2920096579 27.9601922109 27.3355105844 27.5514055349 69.9053110983 69.9053110983 69.9053110983 47.0527822647 28.2523518173 28.2875402208 27.1010966149 28.0168054285 27.4991874442 27.3821848643 27.6999922724 27.891821274 27.7985267316 27.4048010994 28.2904534094 27.8896893899
28.200696895 27.7221401161 27.4563566959 28.3235052837 28.391504993 27.0841653413 27.9897238759 28.2699211808 42.8354834723 28.0150831277 27.4876728072 42.8354834723 27.1811907131 27.0595211953 28.3098024398 27.331696944 27.988356685 27.1353814336 28.3212952376 27.507715273 27.7357451519 27.1526407969 27.8861310553 28.1421988335 28.2085038241 27.8100368146 28.332536889 27.4618340424 27.3891375498 28.216250598 28.2094349624 27.9285073694 27.9796544065 27.519261897 28.0798624051 27.6152903101 28.2483132857 28.0521602699 69.9053110983 69.9053110983 27.3883331708 28.1903947552 27.1695264065 28.1911004197 27.4598504277 27.9447645447 27.7833060957 27.105734088 27.8142404097 27.4178800358 27.9815452904 27.0185340261 27.4954118769
28.1449039962 28.1259769145 27.638531001 27.6118863644 27.9660126869 27.2010788318 28.2097663335 28.2117289511 28.0977009963 54.4953554968 54.4953554968 54.4953554968 27.6581674552 28.3378918354 27.6240798342 27.3581102091 27.1234024047 28.3369122758 27.8972923684 28.1434573807 27.2886912252 27.8672457113 27.5702966539 27.4752340401 27.061991155 28.3615398385 27.0457242569 28.3442367936 27.5511664274 27.8206177941 27.4748071314 28.0454030195 27.2534083157 27.9111771916 27.0282647237 27.3045399393 27.6836714751 27.852069448 27.3009095604 28.1667553038 28.2074509812 27.4127741935 28.1966961843 27.6470082259 28.3050160892 28.3002614131 27.361532726 27.4352440597 28.3478429815 28.1297112235 28.3273126129 28.3866658136 27.5152184145
27.0146954867 27.2977617729 27.3492636336 27.5899391865 27.8424340511 28.3971861361 27.4723261614 27.5390191934 28.1336220278 54.4953554968 54.4953554968 54.4953554968 27.0604483275 28.1690513974 27.7849068538 28.2190970499 27.7265133089 28.2585233925 28.1252446464 28.0070716011 27.3901539722 27.0470375068 27.0163613018 27.4016412867 27.7808990927 27.2616414421 27.6101340685 28.2665239751 27.6284279424 28.3005458667 28.0086371164 27.9917986126 27.2968762576 28.2973327796 27.4530980929 28.0477379777 27.476648366 27.4831860914 72.2153667376 42.0216882719 42.0216882719 28.0337691175 28.0625443738 27.973898938 27.5385670995 28.2555833302 27.9395076976 27.5081524043 28.2333325467 28.2238488607 28.378756609 28.1084792884 27.2621211958
27.7019839776 28.149613262 27.5744512073 27.2684111091 27.3425252535 28.2630952972 27.1630178687 28.0400089881 27.4148740267 40.3528663298 40.3528663298 40.3528663298 28.0191600441 27.8467568084 27.6943394134 28.1619121553 27.7320492314 28.0032156582 27.3380355855 27.9175093893 27.8506790313 27.5753317659 27.8941156782 27.8043368354 27.7049948463 28.1446619316 28.0290287935 27.2202348583 27.7168293654 27.3953540359 28.1725855837 27.854998064 28.3732782845 28.0060856065 27.2491368978 27.997845253 27.3209089328 27.7931600251 42.0216882719 42.0216882719 42.0216882719 28.1672662216 27.8128658342 27.6316229113 28.2605554892 27.5096500235 27.6075608468 28.23612716 27.3228410966 27.9315639246 27.1893120262 27.6112525896 27.8369936882
27.3434615291 28.111881921 28.0943838616 27.6784404246 27.4381674028 27.9194766166 27.299425069 27.3811310663 27.242145239 53.9078540299 53.9078540299 53.9078540299 28.0747768613 27.241461519 27.5550976866 28.2024644491 27.1761059707 27.3272581578 27.6845257294 28.157182683 28.365835761 27.8807742301 28.0390494925 27.6734144286 28.214244908 27.5158901736 28.2345125804 27.3900008017 27.5439034088 28.1530026502 28.2375384025 27.2229667744 28.1300368841 27.8175025819 27.4373347015 27.5318782749 27.8427836046 27.4402271043 27.6681184861 53.8686694932 53.8686694932 53.8686694932 27.9304854368 27.2900411427 27.3148516728 28.1721408258 27.1038904383 28.3536018693 27.5099796987 28.0147832925 27.5468468496 28.1119437247 27.4302255524
28.2229100835 27.7188998907 28.2015171583 28.1136702543 27.5100855784 27.8209033424 27.4948045451 27.6623693031 27.937706096 53.9078540299 53.9078540299 53.9078540299 27.5918323425 27.162633386 27.4276098874 27.1477055153 28.0791544782 27.8420448612 28.1273683001 28.1532427137 27.6688527555 28.1960751403 28.0868399253 27.3673601744 28.2636032977 28.1318453103 28.1686976445 27.1696934625 27.3687282102 27.829109225 28.3352260956 27.3468333558 27.6929512893 27.3315674501 27.7936259713 27.8747634575 28.1553455161 27.4484231801 53.8686694932 53.8686694932 53.8686694932 54.4288672337 28.2844046384 27.5524332375 27.0088457377 28.1842164943 27.9519565155 28.2229203268 28.0841999548 28.0617387058 27.1277967629 27.9417399443 28.3709097996
27.1178852673 27.2996019289 27.2501122778 28.0833785343 27.8480183242 27.3217299104 28.1420219336 27.1936238314 27.068695241 27.9625973531 54.3831438797 27.6927526814 28.0234852646 27.3238736311 28.3157944617 27.4780906178 27.7204271988 27.6816981116 28.02145819 27.6317247597 27.6487613084 27.3736083322 27.7800178793 28.0267851681 28.1972882724 28.241503119 28.4141392257 27.3994025065 27.4920378728 27.7999437577 28.1302474918 27.5985705374 27.1316400478 28.1043927851 28.1796133544 27.5184029091 27.0816340557 27.8448956296 27.7774192257 27.5061418254 53.8686694932 27.8052693135 28.341994374 27.8567215902 28.3797403341 28.3489804451 28.3973125964 27.0287508778 28.0343285194 27.6375002377 27.5037926188 27.5593608509 28.3358623893
28.0102475025 28.2373005389 27.9467495083 28.2567835182 27.6092847316 27.5112130107 27.2792684066 27.2803848933 19.9439744895 19.9439744895 19.9439744895 19.9439744895 27.4641817366 28.2020668921 27.7015895603 27.843676479 27.3047026679 28.2109549351 27.2201514776 27.1700933836 27.1102096745 27.439327065 28.2980702255 28.2678887853 28.2837087998 28.2273381667 27.2261417416 27.8959765173 27.3889772413 27.4024591131 27.9489724037 27.2432697088 28.0932478898 27.419772514 27.2169767871 27.4897371193 28.1600317645 27.0846649965 27.7042402982 28.2855131696 48.6810651965 48.6810651965 27.6804190933 27.9768700164 27.5525709237 28.1226330165 27.36108239 27.1541365738 27.189875387 27.2951486709 27.3223006845 27.0902014792 28.2175142592
27.8396905441 28.3535393705 27.4707183991 28.2893824651 28.059668824 28.3895886406 28.3451104323 27.6268377686 44.1199832941 19.9439744895 19.9439744895 27.8026141225 27.9907081908 28.2759345827 28.1485069518 28.2467339529 27.0231002792 28.0934576434 27.224925111 27.6460119228 28.2985585173 27.8514507861 27.8028977611 27.6009382617 27.7541405849 27.1126577025 27.4122980531 28.2555334956 28.3840185335 27.3998072953 27.469795316 27.0241941002 28.3441593943 27.7839712607 28.3595660964 27.4848520789 27.3886050406 27.4481481302 27.529688334 27.0942936732 48.6810651965 48.6810651965 27.2087954069 28.278789682 27.7686941197 28.3384049498 28.3526279013 27.9448089915 27.260474799 27.3777148181 27.4701594024 27.9932182634 27.1225078314
27.4099067468 27.6162646092 28.2622082405 28.2773938292 27.3945607922 27.7329343544 28.0856747568 27.4141544073 28.3238297156 20.604857139 20.604857139 27.3682973689 28.1842001094 27.2971038296 28.0381446261 27.0253585114 28.122999604 27.0461730644 27.9060469814 27.5171260799 28.3524477974 27.4810305756 27.7228522623 27.9080371138 27.3147845115 27.4641285908 27.8499358272 27.8965179772 28.3596264013 27.1996364579 27.2037693291 27.3664400638 28.2090010849 28.1975875658 27.9386118888 27.6323045345 28.3689566345 27.3712383386 27.4569939151 27.2359773135 51.6172563981 51.6172563981 51.6172563981 27.4233491952 27.9336335409 27.1320192156 27.5246737124 28.1400557493 27.544636664 28.3566852225 28.3791256748 28.2876614363 27.0220614077
27.5045511278 27.1436338822 27.8535065295 27.0754507688 27.162700023 27.1902892144 27.6341985601 27.9665565005 28.286402593 19.8731565815 19.8731565815 19.8731565815 27.0319319518 27.0272543551 27.2019420694 27.5512570586 27.7958042516 28.0045240263 27.1717014557 27.6850720887 28.1525141873 28.1447946825 28.2000132344 27.3524024055 27.3301417641 27.3039811166 28.1517697088 27.0285315311 28.1852579982 27.869684083 27.1821661808 27.2585467567 27.5589108378 27.2818835964 27.3956465859 27.6640802835 27.7042503928 27.9042292566 27.0359468511 27.7032297257 27.5651206605 61.4401511331 61.4401511331 61.4401511331 28.2785588746 28.2059617828 27.3743700301 28.336722449 27.536315789 27.070312131 27.6167926596 28.3862514654 28.0137367052
28.2432841233 27.6194788026 28.2781502868 27.8729126371 27.8209354214 27.514486982 28.3810116812 28.2422938806 27.7181285665 19.8731565815 71.7968481859 27.6064537772 27.7289578266 27.1188888717 27.5722221078 27.8199460966 28.0260418659 27.7310797344 28.3860220756 27.4702796701 28.0934410963 27.4836785651 27.9810581427 27.9992047214 27.2739994166 27.1808487188 28.4125750861 27.6353017549 27.1643020441 27.869031281 28.206749943 27.9830719308 28.3270456452 28.2140462226 27.078939265 27.0466093651 27.2554025281 28.0418318971 27.5748965293 28.2531803948 27.4586080187 61.4401511331 61.4401511331 61.0648961905 27.834372077 27.87519164 28.0827700544 27.7659567799 28.2405225504 27.9661304979 28.2686212645 28.0224376211 28.3868447434
28.4126947348 28.0569626637 27.5555624332 27.8898006006 28.179792974 27.7238493462 27.047068813 28.2479385542 27.7591374056 71.7968481859 71.7968481859 71.7968481859 28.1148693901 27.9393906521 27.220849067 27.9176419947 27.6794658049 27.823385932 28.1225256383 27.570073113 27.7405322968 28.3330122463 27.5048379489 28.3551847209 28.3648720408 28.3703672824 27.461746799 27.829693894 28.3287041347 27.5457833363 27.8877352925 27.9339071692 28.0778841945 27.9401453583 28.0479960708 27.6039281082 27.2482237859 27.8933087571 28.1359928798 28.2713947872 27.908851414 61.0648961905 61.0648961905 61.8669826273 61.8669826273 28.3025987438 27.7708068599 27.0463950829 27.5368601513 27.3839638662 27.6931767887 27.1490090425 28.2130777873
27.2580988527 27.7291337154 27.8050378839 27.4909156628 27.9094193879 27.0244334172 28.1687007859 28.2406528717 27.9379271135 20.4626012544 20.4626012544 27.9760507609 27.3744910816 27.8705546976 28.0573284742 28.3182442934 27.5461981957 27.4337652659 27.8769662897 27.1162823257 27.0732944232 28.2466285506 28.275569777 28.2733319869 27.9209532921 27.6543512523 27.6219091442 28.3954438483 27.5577312681 27.9721473429 27.0120964408 28.2622618113 27.5233266182 28.0389374366 28.3343142138 27.6760881231 28.0109885308 27.4895138301 28.2724021472 27.6649612638 27.2125224015 51.5373778382 61.8669826273 61.8669826273 51.8211729902 27.0886593378 27.9157657649 27.1232084355 27.1003739829 27.0559309025 28.2301365237 27.1258952447 27.7335534039
