Spatial_Output/BAU/BAU_0246.asc
NCOLS 155
NROWS 192
XLLCORNER 196307.867259
YLLCORNER 449144.565805
CELLSIZE 33.573938
NODATA_VALUE NaN
[rows 125 to 149 of 192, columns 57 to 113 of 155]
44.7453733725 66.6632035398 66.6632035398 72.3927369149 69.5194552803 44.6725752655 44.5496230261 45.0198939175 45.0714515152 44.6613255867 44.6794357972 44.7873952805 45.0670556098 45.0528535095 44.5707755306 44.8189712632 44.6040083862 44.672656204 44.9598678246 44.8388720674 44.5110644519 44.9288379872 75.0914874416 75.0914874416 75.0914874416 44.5318630744 44.5449230044 44.659225805 44.8371098529 44.8892916055 44.6114367839 44.6707311272 45.1508342066 45.0760181692 59.1771041017 59.1771041017 59.1771041017 45.1283561567 44.6387040636 45.04920536 44.5084382492 62.360344459 62.360344459 62.2029461667 44.6797045265 44.7994437296 44.8523234002 44.5578916366 44.6243169692 45.0716547582 44.8779254229 44.9245300727 44.5674402416 44.6723046913 44.6945199099 45.0917911193 44.5033604959
49.0003044886 44.9776448914 82.3653850738 82.3653850738 71.9512880978 71.9512880978 45.0310886589 44.5276783948 44.9168623828 44.6582926129 45.0386944309 44.5893475818 45.1414396231 44.6497883674 44.7888930797 44.792480632 45.1253917587 44.7375859659 44.8054900881 45.1977374402 44.5705772566 84.1820725793 44.5623330947 77.5018897436 77.5018897436 44.8959735847 44.8989010047 44.9739659857 44.5481176859 44.640262252 44.8513051546 44.6097657246 45.0109869199 44.5425820518 45.021990405 45.0680650063 44.6215760599 74.9017373713 74.9017373713 64.1135556274 64.1135556274 44.6307034133 62.360344459 44.5197679642 44.6800548758 44.8515652256 44.6381704448 45.1450389634 44.897550647 45.0452306295 45.147024131 44.705218256 44.9127333213 45.1411326778 44.6632226023 45.1588892186 44.9514527041
56.4456420161 68.0841654941 82.3653850738 71.9512880978 71.9512880978 76.2026340811 64.6362772862 45.1204881489 44.9582697148 45.0699810083 44.9412847582 44.7338195882 44.9721354109 44.998161113 44.7405665294 71.0960537662 97.5964063002 97.5964063002 44.6445542419 44.6625928267 44.5414767692 84.1820725793 45.036455966 77.5018897436 77.5018897436 44.6640448907 44.9554211764 44.9969841675 44.5137432531 88.4269745487 44.5771944543 44.6173672651 44.9829347864 82.0818883377 82.0818883377 44.8942415857 44.6578435096 74.9017373713 74.9017373713 74.9017373713 64.1135556274 44.7416044001 44.6317525976 45.0533379793 45.0133295575 44.9295103004 44.5371901894 44.9811785864 45.1249496427 44.8398916051 44.8261574772 44.523035804 44.7100241359 44.9814369164 45.1311413004 45.1830940483 44.6295629939
45.1363565108 44.8916615195 44.9647445156 76.2026340811 76.2026340811 76.2026340811 75.0302001535 77.2826021714 77.2826021714 65.108763953 65.108763953 77.7854009927 77.7854009927 78.8508758644 70.2385835751 71.0960537662 71.0960537662 45.1886926886 45.0473814344 54.8273146875 84.1820725793 84.1820725793 84.1820725793 44.9301058007 44.6893302566 97.3901422335 44.6997795036 44.5170582142 88.4269745487 45.1468958796 44.6619243396 44.984014109 72.5873647683 82.0818883377 82.0818883377 45.0280959202 45.1343948492 44.6629930286 74.9017373713 67.2524843016 44.9056041156 44.7536699984 44.8471046222 45.1909509838 45.1976083959 44.9778734269 44.70790728 44.9669665703 44.8832426729 45.1608775701 44.5895449331 44.8872277565 44.7804671668 45.1241353832 44.5701887619 44.9743264465 44.5902773875
45.1451093256 45.1149844795 44.7842075669 44.661139846 67.3548838239 76.2026340811 64.7124296015 77.2826021714 77.2826021714 65.108763953 65.108763953 77.7854009927 77.7854009927 78.8508758644 70.2385835751 71.0960537662 71.0960537662 97.5964063002 44.7704425569 72.2039526607 45.0302556786 45.1750082941 69.9373679875 97.3901422335 97.3901422335 97.3901422335 44.9676736146 45.0113227432 44.8122037544 44.8897834413 45.0910498871 45.043661945 44.7894133107 45.0044289356 82.0818883377 44.6838791729 44.5187361556 45.0305338866 45.1808403944 45.117654586 44.9310021653 45.1915957116 44.8464985832 44.9947828629 44.8414751667 45.0983076638 44.9616195804 45.0387753331 44.7673690829 44.8547812521 44.7085213024 45.0683308634 45.0268897388 44.8209511671 44.6780942693 45.1046579112 44.9481061487
45.0280058904 45.1877442494 44.7690335399 44.9029003778 64.7124296015 64.7124296015 64.7124296015 64.6900570822 77.2826021714 65.108763953 65.108763953 45.0025345609 77.7854009927 44.7886212779 45.1527781024 44.721296804 44.910808584 45.0777014768 44.7227744898 44.9097596965 45.0274806962 44.875596064 44.9343345121 97.3901422335 97.3901422335 97.3901422335 58.5931610985 78.8107737719 44.9818701508 44.7501715754 45.1717836291 44.5065136819 44.8414992782 45.1368802662 44.9309863267 44.7195473985 45.0630429579 45.0294797669 44.7204225988 44.688359862 45.1101404013 44.9683613482 45.0249543985 45.1607404636 44.8015886772 44.5516232462 44.6139720411 44.6310514016 44.6296491294 45.1988522231 45.0027066673 45.1236969183 44.9396261406 44.9042163899 44.9667852035 44.5687002081 44.7857677542
44.9377321686 54.0640792481 66.3729165703 66.3729165703 65.7091779319 65.7091779319 79.2781236423 79.2781236423 44.6163485317 44.9139273415 45.0774225675 44.5729352073 45.1285517634 44.5302933994 45.0060663557 45.1927571627 44.6255248618 44.9647545802 45.0350665634 45.047300668 44.6133818689 44.6217240485 44.5831935646 44.9737373086 45.074845295 45.0051988722 58.5931610985 87.0735977108 44.7553595038 57.7667181408 45.1124353293 44.6647440441 44.5200909807 45.0589918161 44.7864701826 44.8905384802 44.729978812 44.6075303854 45.1774935257 44.6712328329 45.072974986 45.1521594486 44.6998099873 44.7843296866 44.6934255847 45.0587287158 44.9310354641 44.6739698244 44.9811709284 44.7531674577 45.0660252666 44.6573582902 44.7524594025 44.5079702684 45.0958336617 44.9758764471 45.1977952194
45.0565222499 45.1107743913 66.3729165703 66.3729165703 44.6281683812 79.2781236423 72.5615407467 72.5615407467 44.5982091624 44.6259489435 44.7777131962 45.0278465079 44.6754376342 45.1662893506 44.613348301 45.0353749835 44.7813907917 44.9710352522 45.0508958709 44.6687290257 45.0625635704 44.5755705261 45.0496511501 44.7511526259 44.5020799253 44.945748849 87.0735977108 87.0735977108 87.0735977108 66.0596078701 66.0596078701 71.6786190065 45.1222832735 44.9824748142 44.9513184868 44.5029323718 44.7810171642 45.1480066504 45.1732593097 44.989502927 44.542902245 44.9330508687 44.8626429344 45.0265285535 45.1945157911 44.8627632223 44.6445123501 44.5385582555 44.5709857325 45.0060983674 45.0699191335 44.5020967572 44.9458839716 44.612453123 44.816676744 45.1161993107 44.5137272099
44.6268364707 44.6750641293 45.0345845666 66.3729165703 44.5652764413 72.5615407467 72.5615407467 72.5615407467 44.5002337136 45.0251938657 44.9247521099 45.1810079721 44.960669238 44.7837674735 45.105524641 45.1380595348 44.5798543633 44.7762765587 45.0093805753 45.0173010308 45.0290164566 44.5964102001 45.2013647672 44.7629226921 44.9801956149 44.8745566162 45.0705817027 44.8961221491 45.016202427 66.0596078701 66.0596078701 71.6786190065 44.7679285591 44.5220983255 45.0121268594 44.8564113749 45.1091660914 44.5880341856 45.0880192633 45.1157416106 44.879465282 44.9056183451 45.1250408646 44.9904307853 44.8971695757 44.9082774627 44.6624969196 44.8829787838 44.6636800783 45.162371008 44.872091101 45.0396856736 45.156209817 44.673941703 44.6499066762 44.7844439196 44.6292182126
45.1594653193 44.9523471318 44.6147930344 45.0438133812 44.6972754527 44.7236477322 69.1845381572 69.1845381572 69.1845381572 45.0921164123 44.8243347829 44.9740065934 44.5696933408 44.5700490294 44.6188516747 44.9794788455 44.8263626587 44.7310042016 44.6183384439 44.7625502252 45.1217720012 44.9910185807 45.0641040409 45.0580277011 44.7407042734 45.1840324495 45.0258438685 44.6089142857 44.5472374428 44.8230823068 71.6786190065 45.1327492806 44.7282853635 44.8113800082 44.6501870351 44.5708174297 45.1115296987 44.6880848457 44.6383190256 44.5225932689 45.0804620583 44.9357353387 45.1014661977 44.6347232589 44.5766215346 44.8038545814 45.159639085 45.1132988964 44.9720761725 44.7139749008 44.633773113 44.7796442338 45.1330362842 44.6042866176 45.1991614603 45.091001485 44.550690802
44.5732934941 45.0048833221 44.8991285824 44.8609046674 44.7677935566 44.7699709106 69.1845381572 57.431072671 57.431072671 45.0178056041 45.004305106 44.5130998122 44.9595508272 45.1575051068 45.0965373027 45.0751422656 44.9186882175 44.7193101419 44.8535900205 44.6154889888 44.5709487775 45.0230474067 45.131030432 44.5282665022 44.9257968973 44.978586639 44.9479100089 44.6338923305 44.9220987542 44.9880646179 44.6073261715 60.5117273067 60.5117273067 60.5117273067 45.1839539023 44.8851117421 44.6918334062 44.8572838673 44.9337338969 44.9118284149 44.9646404598 44.9746258871 44.7201748156 45.0309487529 45.0355700268 44.9407494199 44.9247929325 44.7877517418 45.0943721282 44.9597077113 44.6224175461 45.0534287626 44.999333535 45.0993663793 45.0591931197 44.8664289443 44.6371829661
44.9122634649 44.7752430504 44.9082393521 44.5880260875 44.5625622531 44.7657295073 57.431072671 57.431072671 57.431072671 84.1479739707 45.0178386313 44.6188551483 44.6632330243 44.5332969475 45.1918302197 44.9773786338 45.1411741236 44.8911759627 44.7790483487 44.5905292965 44.9611209868 45.1527902599 44.7472312664 44.6708015439 45.0570120917 44.5616313102 44.9957904504 44.5301405014 44.7949411982 45.116864934 45.1539663894 44.887787665 45.0338788031 60.7513932602 44.7573733313 44.9723289465 45.0940317948 45.0170897684 44.7379059465 44.5653335395 44.9142099664 44.65158487 44.6370153407 44.6746758582 45.1705930596 44.6903194911 44.7709040635 44.7003739588 44.6300849205 45.1077112974 44.6025200551 44.5842780788 44.7525641205 45.1516340275 45.0792451926 45.0698534409 45.055627749
45.0709268809 44.9565432542 44.7079988755 44.5802542992 45.0951288658 45.1131137962 44.5868814216 84.1479739707 84.1479739707 44.7976729593 44.8469683988 45.1312076834 44.9057304011 44.8359587521 45.2016753226 44.7744739247 44.6223126516 44.9014000132 45.0062198741 44.5338010019 44.5039341554 44.5399697993 44.9465227623 44.9268682068 44.8654362771 44.9864624283 45.1355587165 45.1407927752 44.8640794644 44.5572509939 45.1429570896 88.0020120779 52.7635662677 88.0020120779 44.9037799061 45.0522850416 45.0286224668 44.5950967825 45.191138792 44.9944784158 44.9435376853 44.9306559179 44.9772280817 44.7071955011 44.9810192034 45.1869244508 44.8369292001 45.0270744962 44.8085104121 44.6512167789 44.8660716516 44.5963946881 44.5417997129 45.1394824901 45.1140702607 45.1791107114 44.9280897444
45.0593401352 44.883037545 44.720589945 44.7738919691 45.185360871 45.1256543454 45.0934699227 51.801586048 84.1479739707 44.8800162507 45.1171547559 44.5550427858 44.6732717533 44.8574384728 44.9953176694 44.7675275851 44.5150520778 45.0072013594 45.1882535049 44.9053588191 45.1587613444 44.7379002577 44.9427555022 44.5338222162 44.5084028889 44.8342586608 44.7646453519 44.9466105552 44.7007672382 44.81033392 44.7768318701 52.7635662677 52.7635662677 52.7635662677 44.719312489 44.7687733777 44.8244033456 44.9597274218 45.2010834838 44.6273732536 44.7381225175 44.5255897981 45.0912584634 45.185195911 45.1331120278 44.6732289039 45.0826052468 45.0221847948 44.8305437472 44.6053306189 44.5739268731 44.7096860401 44.9402077511 44.9850250729 44.9530119621 44.9358589429 44.5443872082
44.5322566168 44.9399795907 44.5171878416 45.0853287907 44.6434209699 44.8259485197 44.5933333403 44.8337496269 45.1545437693 44.9657028885 44.7815972134 44.9890495407 45.1540121923 44.6625481944 44.7854305812 44.9480091522 44.5885088156 44.7972715633 44.9271124796 44.7104250716 45.0156745996 45.0529392065 44.9153760373 44.9831618898 44.5546512199 44.8465843937 44.6374194528 44.9041811872 44.6985488386 44.5403879782 44.7971050567 69.1659688951 69.1659688951 69.1659688951 44.8189734372 44.6548777049 45.1718214565 44.898365738 44.9877590131 45.1945278062 44.88688083 44.6181624102 44.8460394241 45.0794751614 44.6276896485 45.0293696948 44.7509538542 44.8397213258 45.0700183305 44.6911863881 44.9732450587 44.6559027568 45.0969279165 44.7013506881 44.8778634325 44.9193579293 44.7542844853
45.185396574 44.9191550296 44.5643302368 44.9679309699 44.8212234489 44.5603908993 44.664366862 44.836367056 45.0089888928 45.0248837583 45.0293376228 44.6187200456 44.7786446398 45.0406139129 45.1350922358 44.6845551103 44.5965487963 45.0694510643 45.1507404164 45.0658839786 44.7801354432 44.6334739772 45.0900717452 44.6382653249 44.7413567103 44.6438253038 45.1749276024 44.6403122983 45.040046225 44.5247268995 45.1196236506 58.8553010755 58.8553010755 58.8553010755 45.1646718207 44.5943285003 44.658729364 44.7947205403 45.1956314417 44.8878869178 45.1396058608 45.1379594172 44.769666081 44.698625312 45.1108794923 45.0395482582 45.161760071 44.6111032825 44.5436440713 44.9316370888 45.0570073537 44.5535626648 44.7365139788 44.6039947375 44.7742193318 44.9965304494 45.0627759949
44.8235442351 45.1948746539 45.0725959726 44.9062891012 45.1100637429 44.9672493675 45.0717519936 62.0721264788 62.0721264788 62.0721264788 44.7895463126 44.9332019364 44.9858036351 45.1827928181 44.6509405132 45.0925571362 44.7966576416 44.5011537558 44.6932834771 44.9716301975 44.7950524287 44.8603158337 44.5525599234 45.1471077553 44.7075556323 44.7227122405 44.8351495711 44.9742330509 45.1720759547 44.6189896237 44.6664938653 44.615400435 74.2506518079 74.2506518079 74.2506518079 44.6088811494 44.9513607166 44.7270275003 45.1910456654 44.8343484583 44.5203070449 44.7564040156 44.6336791825 44.5623048625 44.5850891353 45.0955246902 45.1859581372 44.7830427511 45.1169454847 44.60688555 44.5387752043 45.1302486044 45.0659894998 44.6337422818 45.0222501308 45.0132821843 45.0847427245
45.0436449482 45.184591977 44.7712979291 44.8216697773 44.7383497104 44.7023281592 44.9128709237 52.7123609854 62.0721264788 62.0721264788 44.8362606042 44.7819380279 44.578146847 44.5681145684 44.6930828512 45.1324618088 44.8826759324 44.5852125205 44.8866480701 44.9380237148 45.0720100679 44.7559187228 45.0914026887 44.6379707234 44.7277250382 45.0093476386 44.7396392407 44.8951923337 44.6958870737 45.1184049418 44.6021932747 45.0455169354 74.2506518079 74.2506518079 66.9133657486 44.6603264993 44.8508502248 45.1006738374 45.1423885746 44.8164896184 45.1354088486 44.6971453278 45.2066220739 45.0192959974 45.1947257758 44.5429076734 44.8352472652 44.7177670147 44.6266160901 44.93385187 45.0905582348 44.8073780247 44.7358976979 45.1149810695 44.9478834838 45.1943896974 44.7350704486
44.5361121418 45.1024117773 44.7841919535 44.6112669674 45.015640835 44.5696586407 45.0973679259 44.6530439754 61.6615238754 61.6615238754 45.2011411857 45.1470015215 45.117042966 44.7164923925 44.7626627941 44.7195976222 44.6057110176 45.1999463691 45.0353559149 45.1366331291 44.7679263731 44.6508242873 45.0984637722 45.1077694119 44.6674595987 45.047540722 44.9772262012 44.8130540258 44.9571240089 44.9585412118 44.5838468312 44.7650760109 66.9133657486 66.9133657486 66.9133657486 44.5552397373 45.065935597 45.187285063 44.5416532059 45.1791424839 45.0419608947 45.0028803057 44.6577500554 44.5417766075 44.7290311589 44.7098232923 45.1353669531 44.7363476055 45.0647671657 44.8017488445 44.8862132154 44.584197575 44.815738939 44.5283505253 44.79610559 44.9270167266 44.5898481146
44.5818247012 44.5325891435 45.1550201999 44.7595005273 44.729789958 45.0782783543 44.9019144453 60.4238016548 60.4238016548 60.4238016548 45.056135651 45.1539496199 44.6118114213 45.0916666384 44.5328278165 44.9045660107 44.9772673543 44.997949909 45.0863724256 45.179602346 44.631574858 44.9166298221 44.9617282464 44.6153884977 44.6672733134 45.1731292962 44.9690026544 44.714538043 45.1386506171 44.6586168035 44.9705018507 44.8697511228 44.9727959063 66.9133657486 45.1420618591 45.0779699633 44.9890900131 44.8171631977 44.7586897496 44.6592602148 45.0799938906 45.0574091768 44.7762867032 45.1004819552 45.0381944892 45.116996429 44.8417979075 44.9567034012 45.185851584 44.6916414299 44.7713390404 44.6473851159 45.2064951373 44.7293378623 45.1907731774 44.8237903508 44.929803529
45.1689630109 44.715551907 44.8369558877 44.9600518805 44.6966405475 44.9294261202 44.9500496825 72.7164140961 60.4238016548 72.7164140961 44.5861726179 44.6710873067 44.8261666896 44.6831269002 44.8177689961 45.191389195 45.1198305775 44.9870265086 44.6471983588 44.5444203052 44.5173492293 45.1213588867 44.9988777037 44.7682949298 44.7831199737 45.1540442382 44.7831422154 44.7935556849 44.9842801673 44.7205660967 45.1622987292 44.987062475 44.5675534189 44.8553911956 44.7727377554 44.6907900195 44.7914537523 44.8143857355 44.6758239802 44.5203499092 44.8636004102 45.0686035789 44.8719725823 45.1100242631 44.8190819458 44.5288114966 45.1527736078 44.8300014888 44.5959022834 44.8055053533 45.1743946501 44.878547985 44.8840976404 44.9586626383 44.8521791637 45.1133897253 44.9582856469
44.5858273107 44.9403493196 44.7899289662 44.9619413032 44.9358506402 45.1284051255 44.9314024639 67.0274414816 72.7164140961 72.7164140961 44.6301601511 45.1842420076 44.5156937044 45.147364761 45.009596693 45.1097649905 44.5717550447 44.5440662366 45.0251829058 44.9425001608 44.9046252558 44.7338090167 44.6821714642 45.1791248236 44.8526335265 44.7080033788 44.544101082 44.5832294631 44.7441929978 44.6200284185 44.8781535791 45.0612777492 45.0064088561 45.1748425553 68.078479089 68.078479089 44.6035350283 44.9482670454 44.8082528673 45.1846947601 44.7704800716 45.2050648055 45.1729690566 44.5679185092 45.0698754934 44.7815485498 44.8335854017 44.7779389977 44.8412756807 45.0320141466 44.5448584135 44.7758625167 44.6531932977 45.1477723974 44.844787673 44.8867755403 44.9735947386
44.7697749256 44.5516644349 45.0754083815 45.1172918967 44.8800562338 45.060099941 44.8177756738 44.8326648195 67.0742832323 44.8153882908 44.7294912393 44.5540785822 44.7727863083 44.9163873693 44.8432838879 44.6682133701 45.1210033798 45.0262580202 44.6209091957 44.5489237014 45.132417716 44.7111471365 45.0190159463 45.0578359357 44.9991160331 44.7166878538 45.1343160246 44.9046520981 44.7091663191 44.8229582145 45.1765772712 44.8128802193 45.0018336979 45.0324561179 72.3754657004 67.2831289808 67.2831289808 45.1273787988 45.1145197253 44.5612295961 44.7063858575 44.6867384719 44.8493997007 44.8260906621 45.0036107197 44.5760367141 44.5764729331 44.8549998128 45.0723583529 44.9768550951 44.9123973143 45.0536009402 45.1165721345 45.0118943897 44.7889514171 44.9884413126 44.5643377784
44.6981594443 45.175801982 45.1489335869 44.6245739637 44.8122842501 45.01571065 44.90236788 67.0742832323 67.0742832323 67.0742832323 45.1322651205 44.9345887905 44.7879489232 44.7359115793 44.6208564544 44.7331878671 45.1537902081 45.0497528296 44.5828004736 44.6325681417 44.7773328596 44.8083584083 44.5414096657 45.0460212652 44.8962057647 44.8815333009 45.0406860077 45.1004424763 44.638379847 44.6379140674 45.0343418369 44.5261345101 45.0375090308 44.7653949381 67.2831289808 49.9852363366 49.9852363366 45.0450010428 45.0638740352 45.164710053 44.85031536 44.6921351433 44.7256248568 44.5863098955 44.9655987385 44.7815551648 45.1864918777 44.9551419418 44.9336191048 44.9364706851 44.682274521 45.1112275871 44.7870030201 45.0553081785 44.5213147786 44.7376259445 44.9918791352
45.1018821344 44.8398574835 45.0099482544 45.1510680934 45.1777338689 45.0198319254 45.1079387483 44.6958707706 72.9528535626 45.1879332509 45.1568543298 44.5500840738 44.7317157878 44.6661744919 44.7668249453 44.5908781006 44.8912429036 45.03898834 45.1441251412 45.0342421442 44.5109176725 44.5644307059 45.0569952785 44.8525816995 44.8761580148 44.7325399589 44.8587598191 44.5414501792 45.0762491078 44.6567660767 45.1096792317 44.5702847667 45.1645269419 45.1683781083 49.9852363366 49.9852363366 49.9852363366 44.7156948686 45.1964129459 44.6956906243 45.0498279758 45.1703994018 44.5723313659 44.6751815915 44.6412915321 44.504949016 44.8041410657 45.1064704289 44.8693154063 45.1271562499 45.0345595079 44.7789769865 44.7856348848 44.9494782246 45.1151508314 44.519716798 44.9735620216
