Spatial_Output/BAU/BAU_0928.asc
NCOLS 155
NROWS 192
XLLCORNER 196307.867259
YLLCORNER 449144.565805
CELLSIZE 33.573938
NODATA_VALUE NaN
[rows 108 to 143 of 192, columns 0 to 80 of 155]
0 0 0 0 0 0 0 0 0 0 0 0 0 0 0 0 0 0 0 0 0 0 0 30.6949916754 30.6949916754 30.6949916754 39.7746066647 42.1207062396 19 19 19 19 19 19 19 19 19 19 19 19 19 19 19 19 19 19 19 19 19 19 19 19 19 19 41.620578552 41.620578552 41.620578552 19 19 19 19 19 19 19 19 74.5280245032 19 19 19 19 19 19 19 19 19 19 19 19 71.1633205779 19 19
0 0 0 0 0 0 0 0 0 0 0 0 0 0 0 0 0 0 0 0 0 0 0 50.37929478 50.37929478 0 0 0 19 19 19 19 19 19 19 19 19 19 19 19 19 19 19 19 19 19 19 19 58.4261649034 42.4030351761 42.4030351761 19 19 19 41.620578552 41.620578552 19 19 19 19 19 19 19 19 69.8643006442 19 19 19 19 19 19 19 19 19 19 19 71.1633205779 71.1633205779 19 19 19
0 0 0 0 0 0 0 0 0 0 0 0 0 0 0 0 0 0 0 0 0 0 50.37929478 50.37929478 50.37929478 0 0 0 0 19 19 19 19 19 19 19 19 19 19 19 19 19 19 19 19 19 19 19 35.410194032 42.4030351761 42.4030351761 19 19 19 51.3676487839 54.8354707317 19 41.1287471574 19 19 19 19 19 19 69.8643006442 19 19 19 19 51.6982059279 19 19 19 48.5005084189 41.8528248953 41.8528248953 51.1224520689 62.2112179534 33.1789514362 33.1789514362 44.6228143719
0 0 0 0 0 0 0 0 0 0 0 0 0 0 0 0 0 0 0 0 0 50.37929478 50.37929478 50.37929478 0 0 0 0 0 19 19 19 19 19 19 19 19 19 19 19 19 19 19 19 19 19 19 19 19 55.530613348 55.530613348 19 19 51.3676487839 51.3676487839 54.8354707317 54.8354707317 41.1287471574 41.1287471574 41.1287471574 19 19 19 69.8643006442 69.8643006442 19 19 19 19 51.6982059279 19 48.5005084189 48.5005084189 48.5005084189 48.5005084189 41.8528248953 41.8528248953 62.2112179534 33.1789514362 33.1789514362 50.7089222023
0 0 0 0 0 0 0 0 0 0 0 0 0 0 0 0 0 0 0 0 0 50.37929478 50.37929478 0 0 0 0 0 0 0 19 19 19 19 19 19 19 19 19 19 19 19 19 19 19 19 19 19 19 55.530613348 55.530613348 19 19 51.3676487839 51.3676487839 54.8354707317 54.8354707317 48.810849762 19 41.1287471574 19 19 19 19 19 19 19 19 19 51.6982059279 19 19 19 48.5005084189 48.5005084189 41.8528248953 51.1224520689 62.2112179534 44.0323956354 33.1789514362 47.4479548376
0 0 0 0 0 0 0 0 0 0 0 0 0 0 0 0 0 0 0 0 0 0 0 0 0 0 0 0 0 0 0 19 19 19 19 19 19 19 19 19 19 19 19 19 19 19 19 19 19 42.4794892746 42.4794892746 19 19 19 19 54.8354707317 19 41.1287471574 19 19 19 19 19 38.4549567124 38.4549567124 19 19 19 19 19 19 19 19 19 19 19 62.2112179534 62.2112179534 19 19 19
0 0 0 0 0 0 0 0 0 0 0 0 0 0 0 0 0 0 0 0 0 0 0 0 0 0 0 0 0 0 0 19 19 19 19 19 19 19 19 19 19 19 19 19 19 19 19 19 19 19 19 19 19 19 19 19 19 19 19 19 19 19 41.1562038597 41.1562038597 41.1562038597 19 19 19 19 19 19 19 19 19 19 19 19 62.2112179534 60.7414839231 19 19
0 0 0 0 0 0 0 0 0 0 0 0 0 0 0 0 0 0 0 0 0 0 0 0 0 0 0 0 0 0 0 0 19 19 19 19 19 19 19 19 19 19 19 19 19 19 19 19 19 56.8878955622 19 19 19 57.8661496687 57.8661496687 19 19 19 19 19 19 19 19 41.1562038597 41.1562038597 19 19 19 19 19 19 19 19 19 19 19 47.3427267963 47.3427267963 19 19 19
0 0 0 0 0 0 0 0 0 0 0 0 0 0 0 0 0 0 0 0 0 0 0 0 0 0 0 0 0 0 0 0 19 19 19 19 19 19 19 19 19 19 19 19 19 19 19 19 19 56.8878955622 56.8878955622 19 19 57.8661496687 34.128767255 34.128767255 19 19 19 19 19 19 19 41.1562038597 19 19 19 19 19 19 19 19 19 19 19 19 47.3427267963 47.3427267963 47.3427267963 19 19
0 0 0 0 0 0 0 0 0 0 0 0 0 0 0 0 0 0 0 0 0 0 0 0 0 0 0 0 0 0 0 0 0 19 19 19 19 19 19 19 19 19 19 19 19 37.6611381213 19 45.2899046487 45.2899046487 56.8878955622 19 19 41.4567064437 34.128767255 34.128767255 34.128767255 43.9504940882 35.1629974872 35.1629974872 59.5761459058 59.5761459058 19 19 19 19 19 19 19 19 19 19 19 19 19 19 19 39.1764262637 39.1764262637 39.1764262637 19 19
0 0 0 0 0 0 0 0 0 0 0 0 0 0 0 0 0 0 0 0 0 0 0 0 0 0 0 0 0 0 0 0 0 19 19 19 19 19 19 19 19 19 19 19 19 37.6611381213 37.6611381213 45.2899046487 44.2967873755 44.2967873755 62.5453249833 62.5453249833 49.470746176 19 57.0143410149 34.128767255 56.4242695832 48.9633489354 35.1629974872 59.5761459058 59.5761459058 52.0891082684 52.0891082684 19 19 19 19 19 19 19 19 19 19 19 19 19 19 19 19 36.5904540514 19
0 0 0 0 0 0 0 0 0 0 0 0 0 0 0 0 0 0 0 0 0 0 0 0 0 0 0 0 0 0 0 0 0 0 19 19 19 19 19 19 19 19 19 53.0241976525 53.0241976525 37.6611381213 37.6611381213 44.2967873755 44.2967873755 44.2967873755 62.5453249833 62.5453249833 49.470746176 41.4567064437 57.0143410149 56.4242695832 43.5824392939 48.9633489354 48.2765939374 19 59.5761459058 38.9103002805 52.0891082684 52.0891082684 60.3852768977 19 19 19 19 19 19 19 19 19 19 19 19 19 19 53.415043295 53.415043295
0 0 0 0 0 0 0 0 0 0 0 0 0 0 0 0 0 0 0 0 0 0 0 0 0 0 0 0 0 0 0 0 0 0 0 19 19 19 19 19 19 19 19 19 19 19 37.6611381213 67.3752403699 67.3752403699 61.3734106843 19 62.5453249833 49.470746176 19 57.0143410149 48.9633489354 48.9633489354 48.9633489354 42.2664007201 19 19 19 19 48.5110826832 19 19 19 19 19 19 19 19 19 19 19 19 19 19 53.415043295 53.415043295 19
0 0 0 0 0 0 0 0 0 0 0 0 0 0 0 0 0 0 0 0 0 0 0 0 0 0 0 0 0 0 0 0 0 0 0 19 19 53.7005950455 19 19 79.7797567514 79.7797567514 19 19 53.0241976525 19 19 67.3752403699 67.3752403699 67.3752403699 19 19 19 19 19 19 42.2664007201 42.2664007201 57.9728772269 57.9728772269 19 19 19 19 19 19 19 19 19 19 19 19 19 19 19 19 19 19 19 53.415043295 19
0 0 0 0 0 0 0 0 0 0 0 0 0 0 0 0 0 0 0 0 0 0 0 0 0 0 0 0 0 0 0 0 0 36.6976416792 54.2211139723 43.6984127257 19 53.7005950455 53.7005950455 45.1487568853 79.7797567514 79.7797567514 19 19 19 19 47.3779288279 19 67.3752403699 58.1589158864 19 19 19 19 19 19 19 50.0524859695 57.9728772269 57.9728772269 19 19 19 19 19 19 19 19 19 19 19 19 19 19 19 19 19 19 19 19 19
0 0 0 0 0 0 0 0 0 0 0 0 0 0 0 0 0 0 0 0 0 0 0 0 0 0 0 0 0 0 50.3760559484 40.4301407631 38.6597780858 38.4418359786 39.0853351045 54.2211139723 19 53.7005950455 53.7005950455 45.1487568853 19 79.7797567514 19 19 19 19 44.6638569123 44.6638569123 44.6638569123 19 19 19 19 19 19 19 19 57.9728772269 57.9728772269 55.9228430593 53.9677105688 53.9677105688 19 19 19 19 19 19 19 19 19 19 19 19 19 19 19 19 19 53.415043295 53.415043295
0 0 0 0 0 0 0 0 0 0 0 0 0 0 0 0 0 0 0 0 0 0 0 0 0 0 0 0 58.0115917969 62.5558646622 42.1741765039 50.1666644559 33.6345445596 32.3516996344 37.2635441414 54.2211139723 43.6984127257 19 19 19 19 19 19 19 19 19 19 51.9915146082 19 19 19 19 19 19 19 19 19 19 55.9228430593 55.9228430593 53.9677105688 53.9677105688 53.9677105688 19 19 19 19 19 19 19 19 19 19 19 19 19 19 19 19 19 19
0 0 0 0 0 0 0 0 0 0 0 0 0 0 0 0 0 0 0 0 0 0 0 0 0 42.8988405735 50.6741216216 49.5871154865 62.5558646622 62.5558646622 42.1741765039 50.3760559484 35.2096779994 35.7914732493 35.8945921723 54.7063549248 0 0 19 19 19 19 19 19 19 19 51.9915146082 51.9915146082 19 19 19 19 19 19 19 19 19 19 19 19 47.9404283468 19 19 19 19 19 19 19 19 19 19 19 19 19 19 19 19 19 19 19 19
0 0 0 0 0 0 0 0 0 0 0 0 0 0 0 0 0 0 0 0 0 0 0 0 0 42.8988405735 50.6741216216 49.5871154865 62.5558646622 62.5558646622 42.1741765039 50.3760559484 40.1334576828 45.1332057357 0 0 0 0 19 19 19 19 19 19 19 19 62.3239654074 19 19 19 19 19 19 19 19 35.5786963274 19 41.2175960166 41.2175960166 19 19 43.495102008 19 19 19 19 19 19 19 19 19 19 19 19 19 19 19 19 19 57.0960632749 48.8629047857
0 0 0 0 0 0 0 0 0 0 0 0 0 0 0 0 0 0 0 0 0 0 0 0 0 57.1963571753 42.8988405735 49.5871154865 49.5871154865 50.6089134352 0 0 0 0 0 0 0 0 0 19 19 19 19 19 19 44.3739223784 19 19 19 19 19 19 52.6675790214 35.8690107038 35.8690107038 35.5786963274 41.2175960166 41.2175960166 41.2175960166 19 19 19 19 19 19 19 19 19 19 19 19 19 19 19 19 19 19 19 19 48.8629047857 48.8629047857
0 0 0 0 0 0 0 0 0 0 0 0 0 0 0 0 0 0 0 0 0 0 0 0 0 0 0 0 0 0 0 0 0 0 0 0 0 0 0 0 19 19 19 19 19 19 44.3739223784 19 19 19 19 19 52.6675790214 35.8690107038 35.8690107038 35.5786963274 19 19 41.2175960166 19 19 38.7266610729 54.7648875887 19 45.8748259111 56.7054196124 19 43.9838069324 52.9132640907 52.9132640907 40.9525600471 19 19 19 19 19 19 19 19 19 42.0702679684
0 0 0 0 0 0 0 0 0 0 0 0 0 0 0 0 0 0 0 0 0 0 0 0 0 0 0 0 0 0 0 0 0 0 0 0 0 0 0 0 0 19 19 19 19 19 19 19 19 19 19 19 52.6675790214 35.8690107038 19 19 19 19 19 19 19 60.3544995901 29.4096789507 29.4096789507 45.8748259111 45.8748259111 45.8748259111 43.9838069324 52.9132640907 52.9132640907 52.9132640907 19 19 46.0908968256 19 19 19 19 19 19 42.0702679684
0 0 0 0 0 0 0 0 0 0 0 0 0 0 0 0 0 0 0 0 0 0 0 0 0 0 0 0 0 0 0 0 0 0 0 0 0 0 0 0 0 19 19 19 19 19 19 19 19 19 19 19 19 19 19 19 19 19 19 19 53.5545178503 60.3544995901 29.4096789507 29.4096789507 45.8748259111 45.8748259111 45.8748259111 81.9869201952 43.9838069324 52.9132640907 40.9525600471 59.5795122736 19 19 19 19 19 19 19 19 44.6535126061
0 0 0 0 0 0 0 0 0 0 0 0 0 0 0 0 0 0 0 0 0 0 0 0 0 0 0 0 0 0 0 0 0 0 0 0 0 0 0 0 0 0 19 19 19 19 19 19 19 19 19 19 19 19 19 19 19 19 19 19 19 60.3544995901 60.3544995901 49.8000772689 19 19 19 19 19 19 19 19 19 19 19 19 19 19 19 19 19
0 0 0 0 0 0 0 0 0 0 0 0 0 0 0 0 0 0 0 0 0 0 0 0 0 0 0 0 0 0 0 0 0 0 0 0 0 0 0 0 0 0 0 19 19 19 19 19 19 19 19 19 19 19 19 19 19 19 19 19 19 53.5545178503 19 49.2908958286 49.2908958286 19 19 19 19 19 19 19 19 19 19 19 19 19 19 19 19
0 0 0 0 0 0 0 0 0 0 0 0 0 0 0 0 0 0 0 0 0 0 0 0 0 0 0 0 0 0 0 0 0 0 0 0 0 0 0 0 0 0 0 19 19 19 19 19 19 19 19 19 19 19 19 19 19 19 19 19 19 19 49.2908958286 49.2908958286 49.2908958286 19 19 19 19 19 19 19 19 19 19 19 19 19 19 19 19
0 0 0 0 0 0 0 0 0 0 0 0 0 0 0 0 0 0 0 0 0 0 0 0 0 0 0 0 0 0 0 0 0 0 0 0 0 0 0 0 0 0 0 0 19 19 19 19 19 19 19 19 19 19 19 19 19 19 19 19 19 19 19 19 58.408064589 58.408064589 19 19 19 19 19 19 19 19 19 19 19 19 19 19 19
0 0 0 0 0 0 0 0 0 0 0 0 0 0 0 0 0 0 0 0 0 0 0 0 0 0 0 0 0 0 0 0 0 0 0 0 0 0 0 0 0 0 0 0 19 19 19 19 19 19 19 19 19 19 19 19 19 19 19 19 19 19 19 58.408064589 58.408064589 58.408064589 19 19 19 19 19 19 19 19 19 19 19 19 19 19 19
0 0 0 0 0 0 0 0 0 0 0 0 0 0 0 0 0 0 0 0 0 0 0 0 0 0 0 0 0 0 0 0 0 0 0 0 0 0 0 0 0 0 0 0 19 19 19 19 19 19 19 19 19 19 19 19 19 19 19 19 19 19 19 19 52.6500561399 52.6500561399 19 19 19 19 19 19 19 19 19 19 19 19 19 19 19
0 0 0 0 0 0 0 0 0 0 0 0 0 0 0 0 0 0 0 0 0 0 0 0 0 0 0 0 0 0 0 0 0 0 0 0 0 0 0 0 0 0 0 0 0 19 49.8632544457 49.8632544457 49.8632544457 19 19 19 19 19 19 19 19 19 19 19 19 19 19 19 52.6500561399 52.6500561399 19 19 19 19 19 19 19 19 19 19 19 19 19 19 19
0 0 0 0 0 0 0 0 0 0 0 0 0 0 0 0 0 0 0 0 0 0 0 0 0 0 0 0 0 0 0 0 0 0 0 0 0 0 0 0 0 0 0 0 0 19 49.8632544457 49.8632544457 49.8632544457 54.9243585358 54.9243585358 19 19 19 19 19 19 19 19 19 19 19 19 19 19 19 19 19 19 19 19 19 19 19 19 19 19 19 19 19 19
0 0 0 0 0 0 0 0 0 0 0 0 0 0 0 0 0 0 0 0 0 0 0 0 0 0 0 0 0 0 0 0 0 0 0 0 0 0 0 0 0 0 0 0 0 62.0915716217 46.0065416318 41.8746315095 42.4820901313 54.9243585358 54.9243585358 19 19 19 19 19 19 19 19 19 19 19 19 19 19 19 19 19 19 19 19 19 19 19 19 19 19 19 19 19 19
0 0 0 0 0 0 0 0 0 0 0 0 0 0 0 0 0 0 0 0 0 0 0 0 0 0 0 0 0 0 0 0 0 0 0 0 0 0 0 0 0 0 0 49.0233473424 41.8746315095 62.0915716217 41.8746315095 41.8746315095 41.8746315095 19 54.9243585358 19 19 19 19 19 19 19 19 19 19 19 19 19 19 46.8095847995 19 19 19 19 19 19 19 19 19 19 19 19 19 19 19
0 0 0 0 0 0 0 0 0 0 0 0 0 0 0 0 0 0 0 0 0 0 0 0 0 0 0 0 0 0 0 0 0 0 0 0 0 0 0 0 0 49.7799919651 62.0915716217 62.0915716217 62.0915716217 62.0915716217 62.438212989 62.438212989 41.8746315095 19 19 19 19 19 19 19 19 19 19 19 19 19 19 19 19 46.8095847995 19 19 19 19 19 19 19 19 19 19 19 19 19 19 19
0 0 0 0 0 0 0 0 0 0 0 0 0 0 0 0 0 0 0 0 0 0 0 0 0 0 0 0 0 0 0 0 0 0 0 0 0 0 0 37.9252888101 44.5395591023 62.0915716217 62.0915716217 62.0915716217 62.0915716217 41.8746315095 19 19 19 19 19 19 19 19 19 19 19 19 19 19 19 19 19 19 44.0188696904 52.7273972017 19 34.127557305 19 19 19 19 19 19 19 19 19 19 19 19 19
0 0 0 0 0 0 0 0 0 0 0 0 0 0 0 0 0 0 0 0 0 0 0 0 0 0 0 0 0 0 0 0 0 0 0 0 0 0 58.4284217325 58.4284217325 44.5395591023 62.0915716217 62.0915716217 61.3331361187 61.3331361187 0 0 19 19 19 19 19 19 19 19 19 19 19 19 19 19 19 19 19 52.7273972017 55.8610502295 52.7273972017 19 19 19 19 19 19 19 19 19 19 19 19 19 19
