Spatial_Output/BAU/BAU_0984.asc
NCOLS 155
NROWS 192
XLLCORNER 196769.923733
YLLCORNER 449719.875193
CELLSIZE 27.603701
NODATA_VALUE NaN
[rows 92 to 114 of 192, columns 53 to 105 of 155]
24.9155892853 24.6710697712 23.8301808154 25.5879811281 24.4491216666 24.501618638 25.2532951911 24.3318704659 24.3513013736 57.424408855 25.0844951461 24.6941303086 24.8599777109 23.8465067355 24.1447727194 24.4853762615 25.5799670829 23.5750620902 24.2662532651 24.8033481783 24.0093992987 24.7974920212 24.0093901039 25.0844034714 23.6586947659 24.1774831471 24.6285479262 24.6125493163 23.6460633449 23.7744532091 25.3664596913 23.643388391 24.2914981395 25.00148146 24.6290852694 23.5822432474 24.1974945813 23.8276281306 24.8119114556 25.2337846607 24.8118559653 25.5862553111 23.9549572638 23.9895393269 25.6096519922 24.4218909745 24.0822581252 24.0930955807 24.0034738387 24.309034 23.8044240957 25.5111929497 23.9760028962
25.0935029954 24.6561109849 24.003925864 23.9369261409 25.2799935538 24.9153450385 23.7436700194 24.8774603098 25.3620814085 64.0375779551 64.0375779551 24.8591455203 24.6728743781 24.3098036576 24.2364399119 23.6915013269 25.264911405 23.5889383003 23.7299870156 25.011072434 25.0180216609 24.0980696358 25.0301989746 23.7108004387 25.1535861163 25.3586157191 25.037785159 23.7470587001 24.0974141882 24.8469241646 25.4871265526 23.7650957473 25.2487197984 24.6230316363 23.7938365971 25.1431157111 62.2604309723 50.2233771532 24.6379244402 50.2233771532 25.4731601239 25.1488810902 24.5490905646 24.6842596907 23.9278058907 25.5611835101 25.1509808532 24.9763511623 25.1462638302 24.1487781275 24.6703631852 25.1343868463 25.1646729176
25.5045961457 24.5638475126 24.7452462892 24.6583397468 24.8270042013 25.5107167443 25.2977643872 23.8642282071 64.0375779551 64.0375779551 64.0375779551 64.0375779551 24.1328099521 24.1734215382 25.2092841488 23.6420534789 25.5936322546 24.500932848 25.3362441038 24.5904980136 23.7381146662 24.7230095798 24.6540292694 25.4122448618 36.612113279 23.7739621818 23.824650135 24.8556139649 23.8277545143 24.4174002492 24.1403442543 24.9684073181 24.511746303 24.5547607697 24.399102296 23.7940457877 24.9087232304 50.4038301082 50.4038301082 50.4038301082 23.6453311138 24.0228050509 23.5375768275 24.0553134867 24.6951888208 24.2718754826 23.8340991209 24.1228987601 25.3430935495 23.5323419562 23.8118020132 25.011160981 25.0543532947
24.8464271725 24.2638758674 24.7616334708 25.0649762138 23.7172743406 25.1613720839 24.8576942386 23.5555336789 24.9146947831 49.2990396537 25.1636784783 24.120360454 25.6186148073 24.8152856799 23.5189470059 25.1034441724 24.8127644911 23.5448193754 23.9436468343 25.5499803833 24.8222132984 25.4794303249 23.8420014091 24.041164031 23.5255542054 36.612113279 24.3886755923 25.1654080005 24.3853292344 24.1975451226 25.0793767347 24.7274607787 25.1095524607 25.3383314844 23.8522044639 24.6091402733 24.2550724216 50.4038301082 50.4038301082 50.4038301082 24.0640997281 25.5305184715 24.360304754 23.5229732796 24.7445608884 24.5268408262 23.5033012179 24.2092745949 24.6116778872 23.9057480832 23.8627519976 23.9384282855 23.7006740933
25.4572324999 24.856531754 25.1051891562 24.1581371264 25.524989487 25.1891839916 25.2943666918 25.2237088336 74.3410668234 74.3410668234 74.3410668234 25.0991184247 23.7753047214 25.4176660463 23.5376748006 25.2723345298 23.6614371925 25.5318272311 25.4685042675 23.7044783436 24.4433599254 24.6647180567 24.6255850178 45.3665994875 45.3665994875 24.9205157369 25.0185755188 25.5520907655 23.9089150684 23.7176872495 23.7255520693 23.7687235087 24.7511233943 24.8514723365 24.5998202149 24.9498908233 24.7682098156 40.6865906265 39.6611526066 59.134760547 62.685413844 62.685413844 23.6336290904 23.8967055995 25.3128031642 25.4108304601 24.5570685683 58.1852288717 58.1852288717 24.6582851119 24.4805561255 24.5779315616 25.2713644216
24.4994968786 24.8573672809 23.9681981819 25.1654721239 23.7446503223 25.1592242696 25.1855452692 44.3837795093 52.9274130404 61.7002576412 25.336444096 24.0493540513 25.0011845634 24.9289979533 24.9070280026 24.5787732822 23.551905964 25.1427864105 24.0747666898 24.6120525514 25.5286461356 24.8423648596 24.984963208 43.304748796 58.3529989172 43.304748796 24.2144007631 25.0309809976 24.0683516757 23.6652577416 25.4046588204 23.7569141499 25.5242660315 23.6743106158 65.9048252067 65.9048252067 59.9780632693 63.2509668299 63.2509668299 63.2509668299 59.134760547 62.685413844 23.5384354387 25.4446154651 25.2254591687 25.3103382338 23.8598155949 58.1852288717 58.1852288717 25.4054893536 25.0317460859 25.2796418411 24.5935497914
23.6417828042 24.6694311633 24.4982479169 25.3224889697 24.5337021179 51.8519915569 24.7638636958 44.3837795093 61.7002576412 61.7002576412 61.7002576412 24.6088657105 25.3396500033 24.4389115466 24.3489777901 23.5182369286 23.5725025912 25.0450140721 23.7397544234 25.1934167816 23.858041529 24.68955048 25.2071672711 58.3529989172 58.3529989172 58.3529989172 24.5545276894 25.0344298922 23.5187948286 23.8741199668 24.907686464 25.1403975677 25.0041958663 25.1511855279 65.9048252067 65.9048252067 23.5794166316 40.6865906265 63.2509668299 63.2509668299 59.134760547 62.685413844 23.7159613401 23.5797865289 24.4401127167 24.5733460265 23.807738036 58.1852288717 23.8025838677 25.4649442541 24.9319488491 23.5486708325 24.8799136799
23.7727682777 25.5506757867 25.1731673447 25.4949264626 24.2213535173 24.5885051794 23.6942255229 44.3837795093 44.3837795093 51.0010411292 51.0095372011 23.6901869748 25.267174039 24.7957943657 23.7320523911 24.2358717473 25.5782626125 24.1738654121 23.6435593368 25.2142257858 25.0449825939 24.086132709 43.7642904058 60.7583079492 60.7583079492 60.7583079492 24.548817949 25.4782213719 24.209353489 24.3972878182 25.4670162328 24.3834205039 23.912808716 24.3027404487 24.598106065 23.5404207581 25.0384370094 53.5534184207 36.6979138587 36.6979138587 25.0996294167 23.6320226941 24.4042876419 25.5544776573 23.9098656604 24.2779733789 25.6101529504 23.7803175981 24.6555041717 25.4314663559 23.9901668162 24.3854877756 23.6635005923
25.2430183882 24.3500612539 24.9633949158 24.2884698097 23.8645550714 25.4953838648 24.6343362311 23.9214068146 51.0010411292 51.0010411292 51.0010411292 24.7438246749 23.8750600916 25.3453542536 24.4500653013 25.3219632969 25.1729475548 24.4340718412 24.388366312 24.8047045542 23.7320630989 23.965955993 24.9619819585 24.5611965985 60.7583079492 24.2668565805 25.2928491809 23.5220987902 24.5259227079 25.5761983161 24.4850018472 25.1498596705 25.3744949318 23.6463794947 24.7727060548 24.855825688 23.6290582467 25.0214978724 23.765738996 24.6465714297 24.350141425 23.9123338544 25.459570773 25.1362956037 24.7371479849 25.0294022994 24.0371968546 23.6045038818 23.7063408801 25.0249774913 25.5707276717 24.5429425901 23.6357480694
25.4138037395 24.6792609335 23.8702652219 24.8951204381 24.9662011148 24.6440246548 24.9614964733 23.656320446 24.2496530171 51.9186078441 25.0234196635 24.3591941575 24.7738650728 24.9314561762 24.1225258285 24.5712093877 23.9667149529 24.3824111013 24.2930104504 24.7949579231 23.9188482866 23.8805180894 24.1991805322 24.3663703555 25.601101118 24.611760597 23.517877897 24.9275725129 25.2589307312 24.8021921343 24.8512512336 23.5252748044 23.8005331869 24.6897765978 24.132759471 23.6894127133 25.4792826253 24.3929270686 23.8798633267 24.1453178403 23.7811987899 24.3449484343 25.4901184461 25.3637056097 24.0393373196 25.1836760532 25.4907013175 23.7115191004 25.2679994181 23.5276930443 24.8211839893 25.281543573 24.3290893837
25.1770743613 24.4149794577 25.2106700184 24.1551624281 24.3417155697 24.3888300658 25.2015499589 24.5290551177 24.2658109464 24.0956208909 24.6407199349 24.139327144 23.84949362 24.1902859716 25.4985257785 25.1415243341 23.7307831012 25.1896045516 24.2422681886 23.5973004173 24.8469187147 25.1974932775 24.6022788936 50.2783598276 25.5123832638 24.0289888133 24.6431023836 25.590335741 24.3055861783 24.6552461994 24.226508067 25.4553001825 23.5358008667 25.3368088803 24.9863249158 23.8620070875 24.2153418351 25.1502734191 23.6635935674 23.9611521064 25.0087913202 24.8879830175 24.8161782233 23.829653437 24.4508469895 24.5736489622 24.9623658247 25.2844793712 24.1241314614 24.2880587568 24.6411147369 24.3053530682 24.2126779511
23.9038519618 25.0885078164 25.1681734615 25.5357525193 24.7123104567 25.2934924123 25.4120468838 53.2711187952 53.2711187952 53.2711187952 41.0152279904 24.7854341827 23.5435211846 24.2549202166 25.6111838858 24.9369583621 23.7210297445 25.4309312491 23.6416083066 24.6559797495 24.852311977 24.3888275345 25.551909978 49.380658953 49.380658953 49.380658953 24.6188687648 24.9010502282 24.4363432424 25.4653026989 24.0310609647 25.3695603028 25.5014294818 24.7483881693 23.7291152889 24.7846278736 23.706507486 25.0345552437 23.655561026 25.1722365026 23.7788463662 24.2899859115 25.5041281922 24.2837071323 24.6792951302 25.5615832103 23.5900687271 24.8064952856 24.0471884668 23.973594068 24.5547757004 24.8127138731 24.722917991
24.7041246513 25.0805211683 24.0097962859 23.9180445094 24.173052885 24.3237697326 23.653535068 57.6573585886 53.2711187952 53.2711187952 41.0152279904 64.5259269077 70.8300552671 45.4955444305 46.3805095396 68.5338148154 25.5465691205 25.0268108854 25.1109534601 23.5544147316 24.4493547362 25.4458906839 24.5965835934 25.2343589895 49.380658953 25.384283606 24.7725528844 24.1134445135 25.5914639182 24.2232525193 23.7707428577 24.2046048812 24.5358306258 24.3977400219 24.4701884646 25.3543255328 24.099497569 24.3469298594 25.4097559864 25.5988990589 23.6491344446 24.5526737702 24.7321632136 24.9971028584 24.0022554835 23.9493275618 24.550481493 25.4686883973 24.7089475081 38.018086882 38.018086882 75.9270611699 61.6374643629
25.4959661085 23.7283690335 25.2405967407 24.3740651763 25.6093887131 25.4947414259 23.8372773651 23.9658389498 64.5459072398 64.5459072398 41.0152279904 70.8300552671 70.8300552671 45.4955444305 39.1016951034 39.1016951034 38.8248796708 24.0002891779 50.7728942385 24.0364358768 23.5762538925 24.5791277864 23.9755081052 24.887121412 24.2081107857 23.645360733 23.977872368 23.7524814867 24.8054783566 25.616662614 25.4593292392 24.405174448 24.2517734513 24.361240403 23.6901763227 24.6797257496 68.5046827365 23.727536266 24.7169956636 24.2375507964 24.4266907493 25.2067063538 23.9672014209 23.6501892377 23.7851355017 25.3656882711 24.5966886684 25.2399618128 23.7485285628 38.018086882 38.018086882 38.018086882 75.9270611699
24.063356216 24.3254744556 25.3193532918 23.6587039575 23.5043736418 24.9744659135 25.193032192 74.035305671 74.035305671 74.035305671 41.0152279904 23.5541387477 70.8300552671 45.4955444305 39.1016951034 39.1016951034 38.8248796708 23.6767668303 50.7728942385 82.7243883428 82.7243883428 24.159516803 58.0681005669 23.8529268014 24.2145464491 64.8333769433 24.1033045864 47.9982988839 25.5286976899 65.6368514399 41.8127510366 23.6064017468 23.8925103192 25.3768861615 25.1602278765 24.3402759252 68.5046827365 68.5046827365 50.3134038514 24.3587346298 25.4048134597 23.6054641013 23.9978238563 24.8085508031 25.4917725483 24.9291889501 24.1343262169 24.2205111263 23.714589315 24.0409546522 38.018086882 75.9270611699 23.8255554145
24.8710176581 23.6942279626 24.670843084 23.7590932962 24.6041321097 23.7707187219 24.4846160192 23.8432111218 74.035305671 74.035305671 24.740848139 24.2713140948 24.3717705044 25.3023770019 24.8853281402 38.8248796708 25.615777596 23.6006641867 23.7923286966 82.7243883428 82.7243883428 82.7243883428 58.0681005669 58.0681005669 24.5430921544 43.2590576325 43.2590576325 43.2590576325 65.6368514399 65.6368514399 41.8127510366 61.8926603574 25.4306614239 25.1519568984 24.209248558 55.1674078157 68.5046827365 68.5046827365 50.3134038514 59.4085110871 59.4085110871 25.4260231998 25.5691480612 23.802641037 23.6664071233 24.8546086889 23.6986301263 24.8277584607 25.3231155341 23.645799009 23.8487995311 24.5841026783 23.6592874066
23.93641327 23.5398616743 24.7339006875 23.9009284018 25.3653055931 24.9858854166 24.0837070218 24.2070653765 24.4865386544 47.9229205439 24.0375539797 25.418153138 24.0140443483 23.8495375867 24.5379075903 24.0197368635 23.9882892202 23.9090400833 24.4642279408 82.7243883428 82.8094883696 24.5424229687 23.9032200284 58.0681005669 46.699491292 25.5976068122 23.608592442 24.7946286992 25.6036087017 65.6368514399 41.8127510366 25.2438273759 24.6774521367 23.8902789312 25.0043223009 23.9486835173 55.1674078157 25.0025998389 59.4085110871 59.4085110871 59.4085110871 25.2508672181 23.5564112075 25.2232679247 25.495472694 24.23196069 24.7717808404 25.6063387531 24.8704695677 25.4615795887 25.3197584038 25.4819518213 23.6434521317
25.4250969087 25.5209200119 25.5792073392 24.8994038743 24.321991941 25.082828504 24.4323416424 47.9229205439 47.9229205439 47.9229205439 24.4406934622 24.7780002445 25.2625274129 25.1605937291 25.197001389 23.7340808409 24.2034957995 24.4368081485 24.4046341934 24.6456651355 24.4360611068 25.1113006817 24.1903329754 23.9676742875 24.1741746238 48.8641211073 25.3513629248 23.8266376887 25.5279774389 25.2864426924 24.0269024569 25.1021800187 24.6105095762 24.3124299047 24.9603078114 24.3000978987 23.5960247786 25.2399980493 24.0833543852 23.9618184236 23.6067184875 23.7028423298 25.5483730061 23.6308845548 23.7795960725 24.7874667352 23.699437301 24.6659541057 23.7490560231 24.8988088727 24.14249409 24.0297971023 24.2411488586
24.5677243944 23.6369559974 25.2334617177 24.0585759667 23.8205067986 25.3513697549 24.4879717029 23.5306406903 24.1775103935 24.2759857673 23.8397143733 24.5743730291 23.5822189478 24.1027152605 25.4495035929 25.0742242181 24.4412302714 24.3482026006 24.1576252361 25.2923843587 23.8721368887 24.826088691 24.6965688357 25.5070298193 24.0271216737 24.146834417 25.4211916137 23.7457718296 24.1074296529 24.6330961251 24.7333175293 25.5056390621 23.54491309 24.7556943627 25.3664215107 24.6000344006 24.7041133596 24.7443380379 25.0852431834 25.3724394216 23.6862349479 24.3880601156 24.1143124294 23.7667897242 23.6750979734 25.0265767701 25.2444264368 24.4206223923 23.9561273741 24.3378568652 25.2189896647 24.7042725467 24.5105332695
24.5864143401 24.2441537991 24.0693872507 23.9966174657 24.7672429918 23.7203690251 25.2969914133 23.8912619725 24.337319997 23.8496921846 24.2370774165 24.9618841328 24.2931244459 25.4360261612 25.4647543732 24.8359458931 24.0863197842 23.7415313375 24.3783871229 24.4666570042 24.6624756024 23.9026174929 24.1620442555 24.885915634 24.5396292806 24.2473270386 23.6782499697 24.922462338 24.6281787166 24.7938555372 23.81086405 25.132592533 25.6156351396 23.9244677001 23.9185128587 23.6558894524 24.2015665407 23.6553309059 23.5460347467 24.2323292534 46.1665944214 25.563158117 23.8225845644 25.2900558645 24.3776613335 24.9379510435 24.5695975735 23.9447921995 23.6118623982 25.5593846312 25.2050786019 23.5917570636 23.7128977263
25.0292494805 24.994201552 23.8733732655 24.5609970646 24.5873091681 23.5171543947 25.0055416604 24.4651802301 23.7128547773 24.29770563 25.2443508371 24.9703131641 23.6917747895 25.2336210219 24.6164020635 24.9915364921 23.803158593 23.980950647 25.3920836035 25.3395728776 23.6639162603 24.7305737842 25.1228045837 23.8116071291 41.2090951734 25.080819601 23.7299022487 24.1943936798 25.2975126829 61.8828226916 61.8828226916 61.8828226916 61.8828226916 23.5305962078 25.3363538314 25.5128264542 24.7283966322 25.544199823 25.0637960312 64.6518243266 46.1665944214 59.556764991 46.4005787513 55.7438787807 25.2330174945 69.0432672947 49.7589425657 49.7589425657 25.2434549601 53.8471957543 42.7430810067 48.084710837 49.4829513567
25.5608664353 24.6623505783 23.623895986 23.7813238359 24.0057147824 24.2249878901 23.7068402448 24.8130411641 24.1172819552 25.3477763783 24.9202143687 25.5055559218 24.5355251621 24.0361431118 25.3709360033 23.9144162276 25.1281045084 24.5500938442 25.6109718242 24.2119255481 46.662393297 43.125469807 24.1415673149 41.2090951734 41.2090951734 23.7295001772 23.9691605417 23.8794920175 58.1286925897 24.2737061237 59.8765129171 43.3345192604 59.4129864257 42.9323569493 47.4877161979 47.4877161979 49.124061503 24.8313861198 24.1339885793 23.7636201717 59.556764991 59.556764991 46.4005787513 46.4005787513 69.0432672947 69.0432672947 49.7589425657 49.7589425657 53.8471957543 53.8471957543 42.7430810067 42.7430810067 49.4829513567
42.8242164939 42.5080084366 24.2152255606 24.4395643005 24.5130001704 23.9521077931 23.6123993709 51.7721413314 51.7721413314 41.7594873186 24.4852448713 25.2125046402 25.2439242524 24.3439671145 24.1614685555 24.0299561263 23.9385180072 23.8139869503 79.4330645809 25.2206481103 43.125469807 43.125469807 24.6266239597 41.2090951734 41.2090951734 24.3983551578 25.3323292655 23.8653413556 58.1286925897 59.8765129171 59.8765129171 59.4129864257 42.9323569493 42.9323569493 47.4877161979 47.4877161979 49.124061503 49.124061503 25.4356070169 64.6518243266 24.4939375748 59.556764991 46.4005787513 46.4005787513 69.0432672947 69.0432672947 49.7589425657 49.7589425657 24.2147102189 53.8471957543 42.7430810067 24.6797332625 54.0738523643
