Spatial_Output/BAU/BAU_1396.asc
NCOLS 155
NROWS 192
XLLCORNER 196769.923733
YLLCORNER 449719.875193
CELLSIZE 27.603701
NODATA_VALUE NaN
[rows 115 to 137 of 192, columns 53 to 105 of 155]
33.1208534985 32.5606662725 33.0680385832 59.8501246301 51.5791874931 51.5791874931 46.1639050788 54.0568466027 54.0568466027 54.0568466027 32.6559921072 50.7337067349 59.7834973218 49.9851166016 49.9851166016 52.664964882 32.9993645843 32.5437593317 33.0733809389 60.5498866401 33.1512972267 32.8938139406 33.1207378676 33.0999091856 47.5774284973 33.0457851992 32.5493034508 32.8313550993 56.5592537538 63.1707880302 32.7043891359 47.4639106415 47.4639106415 52.7828839637 55.7418901543 32.855637143 32.5172419451 32.773726359 32.5579906499 33.071102684 32.9762682856 32.9022698894 32.6307898963 32.5100491599 32.5802190749 33.1339460159 32.8272754296 32.9639395784 32.8272941224 32.5540438054 32.6539299601 32.9930645054 32.8289696171
59.6946014912 32.6060650196 32.8638622868 59.8501246301 32.810289442 51.5791874931 46.1639050788 50.2858097864 54.0568466027 77.2194135747 32.792786661 50.7337067349 59.7834973218 32.5664833802 49.9851166016 50.3072666865 32.9458347622 33.1822009204 32.6546204235 60.5498866401 33.0547030855 32.9366281202 32.6467842771 33.1026517751 32.9844547228 32.5658140071 32.8978101906 32.6933012432 33.0377591529 32.827845895 32.8574340852 33.0146796501 32.5758438201 33.1941690766 32.9689419014 32.6127966935 32.8290690235 32.7373055979 32.8943671084 32.9546072657 32.6981339797 33.0898043323 33.1232581959 32.5540432092 33.1397047373 32.5955536506 33.0552982236 32.5738587987 32.5908908142 33.1213929718 32.7544438288 32.7098525098 33.0100303024
33.0112276475 32.8645602876 32.9901956424 32.6532551332 32.9057089915 32.823958354 32.8746395933 46.1749935651 46.1749935651 46.1749935651 32.6690611506 32.9905373199 33.0338121025 32.8623859833 32.6540245448 33.051535536 33.1560048189 32.8338977275 32.5289921176 32.805500031 32.882643619 32.6342395648 32.791342136 32.6627856911 32.9618152963 33.0033104466 32.8672039782 32.7828273217 32.5414019708 32.8963036109 33.189798026 32.957991412 33.0974359935 32.8873902212 32.5876444608 32.7363163734 32.8034341876 33.1338285213 33.1023741382 32.7257546954 32.8204058868 33.1592431045 32.8076149894 32.6021884935 32.997125982 33.104353167 33.0087494478 32.8392568055 33.1594128512 32.527928672 32.7071607012 32.5770056369 32.5662632507
33.0210130852 32.9362678354 32.7020547987 32.726855234 32.6284100923 32.7776317507 32.6340685921 33.1601593996 46.1749935651 32.8144145884 33.1409495738 32.7450834905 33.0734273175 32.534868843 32.548873313 32.9233166045 33.0486745047 32.9064801142 32.7883992962 33.1678662593 32.8726265633 32.5417557836 32.9035692973 32.7146823997 32.7457414232 32.6726967861 33.1353288871 33.0054626496 32.9316972777 32.904250543 33.0897033108 33.0120643471 32.8970039955 33.1357859563 32.5838515522 32.5821107269 32.9050558261 32.6182412974 32.798245404 32.6254305204 33.0820477926 32.6987589137 32.9936157545 33.0746885599 33.0972387183 32.5631918221 32.6470953819 33.1718070467 33.1066826895 32.8980442161 32.8491771188 32.8592989152 32.5477925361
32.8157543995 32.7205707083 32.7414444487 33.1960386395 32.9190470495 33.1507757068 32.707790346 32.6995070775 33.0092476972 32.7624560707 32.5886152695 32.6836757604 33.0839334413 32.750912146 32.500538698 32.9981488204 32.8529706844 33.2070391761 32.8861873649 32.995200181 33.0769478154 32.8537651281 32.6448001631 33.1253954336 33.1400966487 32.5545518164 32.7319053981 32.9776032268 32.6484738087 32.5087690886 33.1814091956 32.8691945893 32.6168509396 32.5110088863 69.863727598 33.0625900184 32.8812104869 33.1252478631 32.6408857012 33.175672397 33.015946224 32.8831791384 32.8044390438 33.0661830131 32.7139041596 32.7341361688 32.8346515475 33.0142057987 33.1541562922 33.1612775763 33.1999659128 32.7384331062 32.6084009745
32.8248791031 33.0893379876 32.8432228451 32.5615979156 33.0988969897 32.9353242194 33.1618441647 33.1894512825 32.9974339338 32.7897488841 33.2067462822 33.0430993085 33.1756131423 32.6760505034 33.1393972335 32.7917138894 33.0306730605 32.8134620292 32.8023161936 33.0636525235 32.6359096039 33.1909214221 32.9182571461 32.9543439992 32.833097261 33.0344232467 32.8271599318 32.9189432639 33.1975463728 32.5857687371 32.9792503207 32.6249160123 32.7906517956 69.863727598 69.863727598 32.672475668 32.5615604707 32.5395730254 32.8404986636 33.1172761088 32.725207342 33.0274508971 32.7979835143 32.8858591936 32.7587992473 33.1612494552 32.6219610549 32.6612759586 33.079421917 32.7590820243 32.7575950253 32.8885231411 32.7344689196
32.6188390565 32.8036593338 33.0274115537 32.7863454654 33.0425582767 32.7057150225 33.0284444132 33.132130158 32.7598995249 33.0743580698 33.010639186 32.9214999062 32.6590555772 32.5254573647 32.9368343187 32.9397595853 32.556073445 32.7374887228 32.5069486835 32.696018665 32.6560572304 32.8470159392 32.5903138591 32.6879115673 32.8841439211 32.5626861427 33.077093236 32.7374010606 33.0900565441 32.9825353649 32.9601812925 32.7548672926 33.1660073499 69.863727598 69.863727598 32.8423099035 32.7261712039 33.0977072879 47.5698895256 47.5698895256 32.8233096148 32.7942622146 33.0236611867 32.9056787578 32.5870977004 53.9114126734 53.9114126734 53.9961860526 32.5032840134 32.692884494 66.9714792376 50.9283298619 44.8469036215
32.7570459175 32.6813436462 32.5652871907 32.6177755291 32.8175808297 32.818902245 32.5806284809 32.8974711614 32.9430496701 33.1350102333 32.528586779 32.8112527183 32.9145328513 33.0754192232 32.5309765553 32.7403484677 32.7966212865 32.7181500232 32.819817886 32.8026268072 33.0125890536 33.0601556862 32.9500018096 32.9211538639 33.0406611433 32.8871213965 32.5755226943 33.0358276128 32.590385854 32.925886688 33.0556918834 32.9008827226 32.6994651468 32.7024637781 33.0132668815 32.9049161536 33.1616837611 32.502264943 47.5698895256 32.5888826895 32.7929073404 32.8155972193 32.5371781534 33.1298507609 33.150175334 53.9114126734 53.9114126734 32.7965977736 55.9497021431 66.9714792376 66.9714792376 44.8469036215 49.1371711184
32.7784044103 33.0299192443 32.5172558743 33.1310287388 32.7177278577 32.6670938402 32.6088407165 32.5430950784 32.6925790597 32.8720783241 32.6236748789 33.0314837774 32.5411772261 32.6391393067 32.5530856739 33.0745189945 32.8867591145 33.1733818692 32.5433419163 32.6603824558 32.8223202321 32.9494624063 32.6343800465 32.6042708401 32.766076324 33.0006610734 32.8454300247 32.9518890839 32.8227902461 32.6798358595 33.1580709658 32.9266615406 33.1141027938 32.8076041278 32.7397590532 32.7378153944 32.6203311363 32.9529921016 33.020195803 32.9410415645 33.1069694491 32.7866681226 32.8359520609 33.1838355122 32.9789831968 53.9114126734 53.9961860526 32.5085940134 55.9497021431 32.6090748326 66.9714792376 50.9283298619 44.8469036215
32.6796712961 32.5305634337 33.0441371508 32.5038441706 32.8263269874 32.5386002726 32.9576942003 33.0578371249 32.9668293797 32.9408722473 32.804474337 32.7262404266 32.5876039755 32.6809524897 32.9275247477 33.1567166357 32.6582286319 33.0189490729 32.8113781532 33.0221521029 33.006736624 32.6900017705 32.8284901491 33.093319061 33.1089443975 32.96582526 33.0616258823 32.9364271845 32.8358063125 33.1395425666 32.8374171737 33.0815607988 33.1134043704 32.7382717618 32.6172021938 32.6177053861 32.7011969804 33.0541460334 32.7434619664 32.9968639872 32.846809172 32.5529255439 32.7880895047 33.167714508 33.0850751397 33.0050484716 32.6979381025 32.8148143226 32.572450976 32.5500556963 32.5898945285 33.110077238 33.1904464771
32.8835395143 32.8788600784 32.7069187955 32.7160893914 32.7642334192 33.0918544517 32.674047238 32.7845755821 32.9732538503 33.0993013791 33.1080584022 32.9582043349 32.9284909094 32.6260561782 32.5646873833 32.9495812174 32.5621142426 32.7831569774 33.0077321254 32.8893141417 33.2032520367 32.7774275071 32.5355504667 32.7547300768 33.1410874338 33.0580729116 32.5076616752 32.9751826207 32.9869387118 33.024328119 32.892187903 33.0327276535 33.0147497194 32.8752734748 32.6133201978 32.8605921486 32.6957399816 32.8751722519 33.1025281388 32.7892876456 53.3693341395 53.3693341395 53.3693341395 33.0576155336 32.6400716816 32.6381083188 32.7162564047 32.9751335685 33.04527137 32.8001241775 33.058921403 32.7962468502 32.9157532103
49.0299876098 49.0299876098 32.8728505889 33.0667546118 32.8722682085 32.7178626378 33.0804855463 33.1891171239 32.9711011989 32.6112477034 32.7829913978 32.9506692142 32.6067080822 32.6866299418 33.1974324175 33.045686705 32.8316984353 33.1148278915 32.8512885207 32.5710342616 32.7941697823 32.6349422207 33.0548001706 33.1316350434 33.1870472605 32.8404896053 33.0948052616 32.5934380158 32.8764723472 32.7059067679 32.5716596276 33.0270173396 32.7149211807 33.1076252461 32.6150503437 32.6747021072 33.0196166934 32.849797888 32.6580211669 33.0699234887 53.1768523672 53.3693341395 53.1768523672 32.9676021789 32.7540386542 33.0279576879 32.7216182694 32.9793686593 32.632127398 33.102935816 32.9153726056 33.195761074 32.8350915017
49.0299876098 49.0299876098 32.6389444718 32.5731981172 32.9717214198 33.0851869186 32.5026891929 32.8878929395 33.1392943696 32.9269358725 32.6170623031 32.9646674988 32.9214159468 32.7234852853 32.5811430293 32.6461393216 32.8137255872 32.870261255 32.7369267089 33.1382733975 33.1518019749 32.9938385749 32.8362800272 32.7456106998 32.6603021721 33.1391850603 32.9352986865 33.131167736 32.7786151046 32.5457514202 32.7191694314 33.1356633184 32.8952136129 33.0450212715 33.1799793005 32.9816186576 33.1713472613 32.7768544938 32.5699386586 33.0639064915 49.590047984 49.590047984 49.590047984 32.7298572311 33.1710079305 33.0416545512 33.0132958984 32.7374076196 33.0137424058 32.6817474592 32.6895549714 32.7957478039 33.0807971016
32.6217634052 64.8919443758 64.8595616508 32.8957033091 32.5475676152 32.6557919151 32.9299327765 32.6816539479 32.527420895 32.5378947981 33.1326798535 32.8673555702 33.0775232264 32.8755557382 32.813138597 32.6195398456 33.0603305818 33.0430586172 32.8167102408 33.2032689762 33.0800800333 33.1057405296 32.8352665409 32.6998457956 32.7621535052 32.9929820833 32.9783335944 33.0741283291 33.0181477275 32.66991266 33.0625862309 33.1092317727 32.8897139968 33.1140143642 32.9287545653 33.0369469022 32.7869878009 33.1946823772 32.6061868086 32.783093713 32.9716040056 49.590047984 49.590047984 32.5707795753 33.039443806 33.0071045522 32.9185209205 32.5994687404 32.6864240592 32.8954702756 32.5498221062 32.6602183605 33.1866160908
33.1342370328 33.0848361816 64.8595616508 33.194108522 32.6656734876 32.7822915694 32.5090268051 32.9790073891 33.2000443263 33.1275112441 32.9797961497 33.1572007533 33.1178590192 32.7326401028 32.656600928 32.878436954 33.1200502426 32.9207446693 33.0790077647 33.0494134106 33.0770161443 32.7695256478 32.7601041415 33.1872276256 32.8920345653 32.8461972324 32.5835237486 33.1425487586 32.6297611998 32.7959295919 33.1316925448 33.0938226808 32.9393493123 33.1332497594 33.0645451259 32.5595606039 32.9681187148 32.7243408169 32.6610164023 33.2000499056 32.6835412337 32.7345142854 59.1717346538 32.9315715938 32.9910348152 33.0227000685 32.7076563159 32.6658205681 33.171146266 32.8924275809 32.8162146191 33.194089643 32.7059439023
32.8261442086 32.9443610997 64.8595616508 33.0756366871 32.5872741691 32.5159418526 32.89541184 32.5485177253 32.9056928226 32.6025115889 33.0075494188 33.0544272346 32.8996436366 33.1846818371 33.2023021645 32.8853227541 32.6026712465 32.9919639409 32.9570640817 32.6570103697 32.5216419485 32.8200028612 33.0485397301 33.167751062 33.0384394778 33.2013876587 32.78683454 32.8224361125 53.0714138067 32.6540515423 32.726540657 33.1221521901 32.7398165969 32.7567968361 32.9271760778 32.5629231988 33.0851821577 33.1571890778 33.0209862571 33.1364568401 32.9195518751 55.5581312661 55.5581312661 32.575980948 32.8080841819 32.7755113281 33.0384096321 32.5479182176 32.667812965 32.5684647601 33.1512530013 33.12916475 32.8532687329
32.7201315649 32.8457586127 33.0728979853 32.7895921098 33.1680358695 32.9446201579 32.8143828346 33.0747207142 32.8424469767 32.7878190293 32.9895854586 32.6512204369 32.9114960383 33.0159114565 32.8769765501 33.0328872643 33.1510285121 33.1583733873 32.9760422056 32.9761299536 33.0289576645 33.0095155279 33.0481286693 33.0861180653 32.8380375915 33.073996881 32.7323540723 33.066719574 32.9944609236 32.7045508243 33.0522959106 32.8603334359 32.7150714757 32.9052249923 32.7855724007 32.9616905085 32.9733778174 32.6033518086 32.6975581485 32.9071628337 55.5581312661 55.5581312661 55.5581312661 55.5581312661 33.1629544265 32.5557411403 33.2003706661 33.0548849325 32.5990684741 32.7946930175 32.5103765654 69.8540274629 32.5388017017
32.740835979 45.0615108056 54.6811769547 54.8550319813 54.8550319813 32.7186800161 33.1881733662 32.7027196584 32.8517264767 32.5017729848 33.1913397227 32.6129081714 32.6233085315 32.7710008944 32.9169228666 32.8997393927 32.6808604983 32.5202855108 33.0735257323 33.1001738825 32.9665376188 32.5112219773 32.8555226985 32.9685385578 33.0228181971 32.6006556994 32.9549671483 42.3504586279 42.3504586279 42.3504586279 33.0804977974 33.1260779207 32.7041848055 33.0497627311 32.9835977818 32.6096970512 32.9266771056 33.1920521185 32.5913568499 33.1860992915 32.7501542775 32.9869787766 32.8648277366 32.8974385194 32.8347133234 33.1881182665 32.6272172333 32.797882521 32.769399594 79.8911847416 33.1952651768 69.8540274629 33.0243255943
45.0615108056 45.0615108056 45.0615108056 54.8550319813 54.8550319813 32.9054701805 32.5629273332 33.0885737667 33.1223652589 32.7130770966 33.1077003256 32.8698481117 33.1900052397 32.7816930436 33.0391256716 32.7606466224 33.1297170741 33.1868618264 33.1296745519 32.8176938525 32.5578576947 32.5173066463 33.0377495621 32.7967884204 32.5472272973 33.128838499 33.0877959472 33.0342151197 42.3504586279 42.3504586279 53.1285523089 60.7113600406 33.1322596276 32.8405992168 33.2007753637 32.5645438309 33.1263692795 33.1640797519 32.9782079488 32.8377727039 33.2015953309 33.0320151112 32.8979137536 32.7377708071 33.0891014605 32.5673399005 32.8071883498 32.7163156103 32.8584107632 32.895342901 59.906577432 32.5636972158 69.8540274629
32.6444018805 45.0615108056 45.0615108056 32.8435077845 32.7921366723 32.9052881821 32.7035885624 33.1657169527 32.8446362925 32.9733649441 33.0283162865 32.5874542323 32.86528402 32.7757357931 32.5028166648 32.5136335907 32.7826747581 33.1557293799 32.5261216126 33.0320958374 33.1074322697 32.9047739676 32.8734197822 32.8812156696 32.5804222208 32.9280554755 45.4993054345 45.4993054345 46.9482099244 46.9482099244 48.8245858355 44.3215834485 32.7088550351 33.1089572913 33.0986571469 32.7812960378 67.3198952184 49.7199380734 49.7199380734 51.7252072753 51.7252072753 32.9343819396 32.5378038575 32.9646989106 32.9979812955 33.0295698662 32.513663494 33.1555480574 32.8995989586 32.6402571885 33.1049083505 59.906577432 32.7652241511
32.5844165499 32.9207873556 32.686223726 33.1169472473 32.8758856912 33.0189973147 32.5828361402 32.6674613499 32.6184894187 33.0058741629 32.505155977 32.6017545662 32.9891152567 33.1697285907 32.5323082092 32.9257389663 32.5567106098 32.9131097773 32.8158300113 32.8043598505 33.1239401928 32.7591656788 32.5752418492 32.9490882038 32.5580251969 32.9622346993 45.4993054345 45.4993054345 46.9482099244 46.9482099244 48.8245858355 32.5849001729 57.156503337 57.156503337 32.6802682431 33.0373934851 67.3198952184 49.7199380734 49.7199380734 51.7252072753 51.7252072753 32.7340086014 32.8129735583 33.1464745873 32.9133836746 32.8767000664 32.9955140994 33.1772775128 33.0215631318 32.9790232019 32.9499615972 33.0830742731 32.5125164103
32.5519639993 33.1575238134 32.8607429419 33.0970869958 32.5294348837 32.5190813326 32.727737928 33.1546112951 33.0442086988 32.8752414305 32.9469083931 32.9701787668 33.0592319963 32.6511423686 32.5783279385 33.1947854398 32.9284662608 32.658744436 32.6956876499 32.5373437821 32.6508919173 32.823600958 32.909057955 33.1235626293 32.6926686182 32.812929719 32.6129867115 32.5643827769 49.6457537345 49.6457537345 56.9215047291 33.0939480113 32.8964324304 32.52224217 32.687234791 32.9678107197 32.5275925562 33.0451182798 49.7199380734 33.119632121 51.7252072753 33.1119726924 33.1573588651 32.844270022 32.6604820726 33.1251601184 32.789473618 33.1034398367 33.0487531154 33.0837428617 32.8980520209 32.5105926105 32.5993706042
32.9990865534 32.821302262 33.1680894754 33.1238603435 32.6209976608 33.1339832851 32.9098370652 32.8582944066 32.6646812539 32.867723562 32.5470729396 32.6151183994 32.650023318 32.5725109029 33.1967013986 32.6799102716 32.7980138284 32.8995961204 32.6326661379 32.89268644 33.035949867 32.757247856 32.7388616912 33.1561321974 32.5126007121 32.5114631654 32.9576460498 33.0599117808 49.6457537345 56.9215047291 56.9215047291 32.9835299702 32.5851137023 33.0510762282 32.9569643453 32.5348668505 32.7556889541 32.9224443366 33.1263396316 32.949943988 32.5690764649 32.732888073 32.9711729696 32.7754793273 32.7084980851 32.5384091114 33.0682744092 32.8236996115 33.1021842854 32.8673675049 32.7287795297 32.8628692677 32.8492326879
