Spatial_Output/BAU/BAU_0578.asc
NCOLS 155
NROWS 192
XLLCORNER 196769.923733
YLLCORNER 449719.875193
CELLSIZE 27.603701
NODATA_VALUE NaN
[rows 115 to 137 of 192, columns 0 to 52 of 155]
0 0 0 0 0 0 0 0 0 0 0 0 0 0 0 0 0 0 0 0 27.0762688807 27.2995998205 27.8988868726 26.6299652084 27.2101156082 27.7703461529 28.4553781973 26.5768769756 26.5574389688 28.1499058798 27.4908949255 28.4634902292 26.541468324 27.1044354566 27.8120345293 27.78264128 26.5878711131 28.1017239111 27.599036565 27.4525852124 27.8541367717 28.1490932697 27.5401234055 28.4753297812 28.1823212705 26.5942324574 28.2306090938 57.467857871 73.0696726779 73.0696726779 62.3106319354 62.3106319354 28.5675880397
0 0 0 0 0 0 0 0 0 0 0 0 0 0 0 0 0 0 0 0 26.5969673386 26.7075665844 27.2702606354 27.4406443473 26.8897827882 27.7229811914 27.6255310702 28.2863500954 28.3465431648 26.608700578 27.7008749605 27.947992649 27.0405943014 26.5323374395 28.3923741627 28.0502894321 27.6444753101 26.7007301689 28.4097062634 26.937329231 27.3070499697 27.122953387 28.4189117417 26.5137432364 27.793445246 27.2910119827 26.8148926049 57.467857871 73.0696726779 73.0696726779 27.1282608371 62.3106319354 26.5649777067
0 0 0 0 0 0 0 0 0 0 0 0 0 0 0 0 0 0 0 0 0 28.4541254146 28.373911194 28.5331052633 26.7299497193 26.7840542812 26.9596375092 26.8688617492 28.1227832563 28.5526039027 28.5866621495 28.3404814793 27.2239376654 27.0109768267 28.5351138286 26.9129454412 28.1963739327 28.0006929815 28.3320116668 28.5179156671 28.3056408247 26.7611375723 28.0220499866 59.0862490143 26.9211050844 27.9930131584 28.3656472412 26.69566369 28.0824951734 26.6908772133 26.9628526948 27.9796481415 26.7765511789
0 0 0 0 0 0 0 0 0 0 0 0 0 0 0 0 0 0 0 0 0 27.6956558893 27.4942435686 26.9616778841 28.2637638146 28.6110627878 26.6810639746 27.1215856687 27.8071104713 28.1106315693 28.5791720222 27.6177678223 28.3114046966 27.152561054 28.2750873261 28.5801030223 28.0161045745 27.4325430813 27.9711920419 28.523049021 27.7662143565 27.2514715871 59.0862490143 59.0862490143 59.0862490143 28.0852212381 27.2394636154 28.4802084504 27.2592690023 27.8375375906 27.8911485376 26.9030127541 26.8487339802
0 0 0 0 0 0 0 0 0 0 0 0 0 0 0 0 0 0 0 0 0 0 26.6439907792 26.9868927228 28.2229923257 28.1640104689 27.2014957753 28.3099738347 28.1059453116 27.7681536885 27.6062942355 28.4001767532 27.2462450022 27.1583319745 27.6451425806 28.4530918784 27.6814222628 27.5054115396 28.3481810077 27.9733822481 27.7515465587 27.5107467885 28.2922535108 26.9377611124 27.6618423164 26.5946129533 27.9650959911 26.6478532142 27.6451518803 27.0719579722 26.8935665127 28.1401436169 27.0339015345
0 0 0 0 0 0 0 0 0 0 0 0 0 0 0 0 0 0 0 0 0 0 27.5856549804 27.755323618 28.1990585358 27.2606098076 27.0974739017 27.6493420429 28.2470454309 28.438483591 28.5410765826 27.3970818666 26.9732091626 26.9752161659 26.729751426 26.9152561529 28.0606363695 28.4414653612 27.3236073437 28.1325032176 28.2188877954 27.1211139187 26.78007507 26.7576424772 27.2818034755 26.9828664969 27.9244788407 27.7904948187 43.9564883669 43.9564883669 26.8670606356 27.0899986719 26.8073330845
0 0 0 0 0 0 0 0 0 0 0 0 0 0 0 0 0 0 0 0 0 0 0 26.6392261649 26.9755415249 26.5136007831 28.1071102247 28.5525560387 27.5272196213 26.7494041013 28.0171516685 28.207405325 26.9620468131 28.1019357962 26.8381312396 27.8105953916 28.084285865 27.1183116947 27.5103958434 27.8070534661 27.3000039069 26.748017076 26.9557201274 26.9647578571 27.8429167662 26.5455023511 26.563288775 27.8240054525 27.6039920189 27.4206790484 28.3824111479 26.8815268779 27.6800379822
0 0 0 0 0 0 0 0 0 0 0 0 0 0 0 0 0 0 0 0 0 0 0 0 27.1601763144 27.2688323802 27.3647061377 28.3065649819 26.8256435309 27.7466634181 26.6369051077 27.5485789461 28.1232902441 27.1981906234 28.5064747637 28.0231884363 27.5552901263 26.8269226363 27.7902391934 27.534561149 28.5849230007 27.2364040639 28.1436074427 28.225152586 49.9199483601 27.8772406227 28.0678679402 27.4232476188 28.2899651016 26.7071688185 27.1401093184 27.8584030201 28.6038860468
0 0 0 0 0 0 0 0 0 0 0 0 0 0 0 0 0 0 0 0 0 0 0 0 27.5088583568 28.1389475032 27.3717891112 26.6024158494 28.1773286121 27.3119250793 28.2019859402 27.4929332321 27.0274926262 28.5699825503 26.9942854332 28.2539606577 28.0831586105 27.681147672 26.7249345385 27.415773558 26.5607847508 28.5359242356 28.5711023257 49.9199483601 49.9199483601 56.5647338412 26.8223494733 27.2065506386 27.8132968859 65.6443032551 28.4569952386 27.7031142863 27.3692712505
0 0 0 0 0 0 0 0 0 0 0 0 0 0 0 0 0 0 0 0 0 0 0 0 0 28.1267605029 27.4662328716 26.8677341348 26.9832965091 26.8746568 28.5197873438 28.2439396708 28.0639085018 28.4347032197 28.2321197354 26.5145274124 28.1788442433 55.1612809566 55.1612809566 28.5016218294 27.1318833843 26.9215091764 28.5933257867 49.9199483601 49.9199483601 28.2891266398 56.5647338412 48.228640362 65.6443032551 28.2894268585 27.3260880281 27.8183588679 54.4715250707
0 0 0 0 0 0 0 0 0 0 0 0 0 0 0 0 0 0 0 0 0 0 0 0 0 28.2044731538 28.2879349528 28.3082202296 27.4617838564 27.0784332898 28.1123323712 28.1462122619 26.9870057661 28.2638600839 27.7979965893 26.7731428734 26.9449408635 55.1612809566 55.1612809566 28.361729712 28.2790682146 26.9694025716 27.9162622196 27.5256694552 52.7079980699 27.7992392197 27.8220677929 27.6624023478 27.409241497 27.1811192606 28.5981878062 26.6921026077 28.0512749568
0 0 0 0 0 0 0 0 0 0 0 0 0 0 0 0 0 0 0 0 0 0 0 0 0 0 26.7791917483 27.9632288907 27.7736222253 27.5207753476 27.3843576848 27.8529801718 28.5451124858 27.2589074658 46.3906989331 46.3906989331 28.5505566175 28.3531423258 55.1612809566 28.5208847338 27.9538478388 53.9648688502 53.9648688502 27.3790755594 26.5400029821 27.7891086866 26.5449201444 28.4444701527 27.143224025 26.8987520752 28.1955329469 28.4742777191 27.0597376649
0 0 0 0 0 0 0 0 0 0 0 0 0 0 0 0 0 0 0 0 0 0 0 0 0 0 27.7125416475 27.7206784954 55.5568662567 26.5926105113 27.3590347808 27.8628023704 28.0473450878 28.2513152862 27.6858231241 26.8809211914 28.0424626984 27.7163086481 26.5229464715 28.1145707249 40.4207543891 53.9648688502 53.9648688502 53.9648688502 28.1763933366 26.9829177338 27.2745168343 27.9988900288 28.5390037899 28.1527497289 27.2444830513 27.9935516479 28.5726774445
0 0 0 0 0 0 0 0 0 0 0 0 0 0 0 0 0 0 0 0 0 0 0 0 58.5713662281 72.1229089119 53.6080094249 53.6080094249 55.5568662567 55.5568662567 28.3369513981 26.5497768088 28.3826485256 27.997677461 27.5913488948 26.5352870796 28.4669684143 27.2008181938 26.5744985823 28.4994708873 28.4349851376 40.4207543891 26.7290024085 27.1835504658 27.5232684895 27.9566554101 28.3224392081 27.9208769269 28.537760385 26.9776737883 28.5685048729 27.8002959079 27.5254888859
0 0 0 0 0 0 0 0 0 0 0 0 0 0 0 0 0 0 0 0 0 0 59.4479217687 71.6979907947 46.0191865865 46.0191865865 53.6080094249 53.6080094249 55.5568662567 55.5568662567 26.6206892392 28.3072325255 28.4019054403 26.5674983752 27.671380227 28.4147320035 27.8568618249 28.5700283306 26.620799429 27.7688306635 27.5482460374 27.5588675647 27.7042677963 27.8782795534 28.1432525439 27.1550616794 26.9249594425 26.8706402491 28.0620924225 27.8591072034 28.1490356907 27.5864962783 27.3681926867
0 0 0 0 0 0 0 0 0 0 0 0 0 0 0 0 0 0 42.7466323795 45.8876891704 70.5808917319 70.5808917319 59.4479217687 47.8428923529 46.0191865865 46.0191865865 66.2552340247 46.5257154831 28.2775678631 26.6954798893 27.3590059364 26.5772691488 27.3476927258 28.5641230155 28.3076305681 26.5478907423 28.4896770569 27.7432767712 27.211706717 28.5582579492 26.5260136313 39.6512031107 39.6512031107 26.9067517772 28.3952530509 28.2092331621 26.6126406688 27.7371828856 27.4340588194 27.0287172776 27.9848988938 28.12907301 27.332138835
0 0 0 0 0 0 0 0 0 0 0 0 0 0 0 40.2749363234 40.5655558908 53.0319812816 49.047617874 48.0615964759 48.0615964759 70.5808917319 59.4479217687 59.4479217687 46.0191865865 46.0191865865 58.3494605592 0 0 27.6892379012 28.2885444892 28.4230339234 27.7869042163 27.0067216362 27.283259715 26.5311234621 27.8482678548 27.4544211818 26.8747277563 27.9931933261 27.0306557656 27.0289720686 27.375684856 27.3246668854 27.6633821815 27.0432601711 27.1947096757 28.1870147664 26.8908032849 28.4108983553 27.6095096573 26.6869670833 28.1479204414
0 0 0 0 0 0 0 0 0 0 0 0 0 0 0 50.8126363426 55.4722375924 46.1454068768 65.3514155232 48.0615964759 48.0615964759 70.5808917319 71.4269272632 72.6062168498 46.5742860285 53.8856965328 0 0 0 0 27.0698232971 27.5313091526 28.460495588 26.7529058328 28.2089969883 28.3579883111 28.4945233148 27.7926706647 28.5414065403 28.1693187631 27.4206169624 26.5115928434 28.038326316 26.9455650385 28.1914922766 27.9172447522 26.7046519992 27.4960396045 27.8002031146 27.9912147568 27.1576904032 27.6435875525 27.3622693893
0 0 0 0 0 0 0 0 0 0 0 0 0 0 0 52.1158443903 50.4248365087 45.9723128948 49.047617874 49.047617874 53.2022295099 0 0 0 0 0 0 0 0 0 27.3367506092 27.4698820743 28.6070478418 27.0449783147 28.5463776282 26.6334456675 27.9154733979 27.5900206531 28.2713217888 28.0095766913 26.9377991137 27.2931584825 27.3652704138 28.4496908315 27.2865813309 27.6106211134 27.4385313251 28.0719072305 28.2372737775 26.6829527831 26.9062953586 27.4646882249 44.0503014965
0 0 0 0 0 0 0 0 0 0 0 0 0 0 0 43.1081408758 57.7000551002 57.9489948165 76.3557584598 0 0 0 0 0 0 0 0 0 0 0 0 28.516249434 26.7041646922 26.6582012677 27.3965136328 26.9099602395 28.3450266464 28.4341231962 28.2493399403 27.230391859 27.2977344082 28.4497921719 27.4709853629 28.2244388198 26.9496570289 27.1646682333 28.402273385 27.7815195659 27.835964408 28.2049554129 28.4100335181 28.3514599896 26.961425023
0 0 0 0 0 0 0 0 0 0 0 0 0 0 0 0 0 0 0 0 0 0 0 0 0 0 0 0 0 0 0 0 26.9275207894 26.8257224199 27.4195898971 26.8171184724 26.6805921053 28.099748228 27.7461005118 28.5873060216 26.6912527787 28.2331739282 27.9050140691 28.536373189 28.2145271681 27.6488496696 27.3063439317 27.7332120519 27.0208918408 27.0759661888 67.5591550446 27.2393083812 27.220604145
0 0 0 0 0 0 0 0 0 0 0 0 0 0 0 0 0 0 0 0 0 0 0 0 0 0 0 0 0 0 0 0 0 28.3710983424 28.3092605391 27.9179419342 27.3015268063 27.0337484562 26.8338671892 26.5585656087 27.3996709139 27.1770637616 26.625601098 27.6940077918 27.4104659571 27.7255824541 26.6405681833 27.2355931311 28.6065964329 27.0604176004 27.6510031433 28.4110297119 26.8731093055
0 0 0 0 0 0 0 0 0 0 0 0 0 0 0 0 0 0 0 0 0 0 0 0 0 0 0 0 0 0 0 0 0 26.807584188 27.1966059526 27.3538195818 28.2820370247 28.0372804778 28.2693305227 27.5474809847 26.8694505613 27.3159925003 26.5030805188 26.7837115158 27.2830263498 27.1543059132 27.3170113346 26.9878698675 27.493258758 27.2178407677 27.3984163107 27.2616115003 27.8721916774
