Spatial_Output/BAU/BAU_0425.asc
NCOLS 155
NROWS 192
XLLCORNER 196769.923733
YLLCORNER 449719.875193
CELLSIZE 27.603701
NODATA_VALUE NaN
[rows 92 to 114 of 192, columns 0 to 52 of 155]
0 0 0 0 0 0 0 31.0574595676 30.7640975982 31.0287759799 30.9754264392 30.8524766793 30.5807075724 30.9691933865 31.1363443737 30.6408130471 31.0017022868 30.8107099783 30.8827347501 31.0886148726 31.0807070409 30.8628345137 30.9143752299 30.6856574082 30.6119379129 31.0443790347 31.147177815 30.7167241126 30.5603640376 30.7632258205 30.9687164058 30.9297362432 30.8857392436 30.7853212971 30.9171317333 30.8778005728 31.0408976448 30.6027626702 30.6205041985 30.7273006512 30.5561120579 70.9563575509 70.9563575509 70.9563575509 31.0182632904 31.1717870504 30.7293256318 30.6566184511 30.9110646574 30.9442213217 30.8117692385 30.6958385906 30.693364903
0 0 0 0 0 0 0 0 30.9271505823 30.8537300272 30.8266648988 31.1170382824 30.6718669555 31.1900486242 30.660160416 31.0378710567 30.6039787217 30.5190797933 30.6246281121 30.9392899438 30.7481311166 30.5478039252 30.6288766515 30.7185172975 31.1965859638 30.831460301 31.1906930517 30.601655726 30.8815088638 30.6731789068 30.8242963338 30.5880179031 31.167284024 31.068031602 30.954778504 31.0846885777 30.9578491845 30.6480716732 30.59006222 31.0672543332 30.5373489364 30.693096269 49.8089048901 31.1038236795 30.6787017862 30.7322945968 30.5702066724 31.0994639189 30.7215245934 30.7156148126 30.5653130187 30.7134496123 31.2040556808
0 0 0 0 0 0 0 0 0 0 30.6314020209 30.787357439 30.9045324967 31.1086569381 30.8791387713 30.9511781206 30.9405318522 31.1134773076 30.7524493306 30.5424414763 30.7590416906 30.684361315 30.5069615518 31.128699398 31.0415782026 31.0368890807 30.568684426 30.5872413303 30.8697718729 30.605611961 30.8597067667 30.8725309849 30.5194818802 30.9463516201 30.7926097737 30.7435666626 31.1954288681 30.5823295344 30.5450372549 30.820249262 30.5472217885 49.8089048901 49.8089048901 49.8089048901 31.1534552835 31.1523272574 31.1117073236 31.1567899609 30.9061311921 30.671007188 31.0641599329 30.6116112818 31.1264695417
0 0 0 0 0 0 0 0 0 0 30.834211996 30.9038182294 31.130529502 30.7126362488 30.5570307514 30.8514012396 30.5527656659 31.179486831 30.6974655843 30.6965573957 31.0849375897 30.8900066607 30.6183945882 30.9279454713 30.5630506608 30.5527058669 30.8454959131 30.640074845 30.8126859877 31.1034035001 30.9560005888 30.8624544536 30.5831103542 31.0926867176 31.0693392561 30.7939095247 30.7063552843 30.5560217435 30.8344974701 31.1454970892 30.9724301544 31.0317066025 49.8089048901 56.3946212771 30.6648020032 31.0760626861 30.7213783006 30.6646003557 31.0381027886 30.6505878507 30.6412120103 30.9684332496 30.5120709901
0 0 0 0 0 0 0 0 0 0 31.1004223488 30.7109698662 31.123700249 30.5354230567 30.8332246542 31.0950798729 30.8886026347 30.9666096526 30.9839783236 31.1766870649 30.5051886917 31.1054104656 30.9194173868 30.9186674823 30.7688136813 30.7239983116 30.9538250742 30.731100219 31.0600502457 30.9064230331 31.0760723527 30.7740295857 30.9913426811 31.0396513942 31.1634452696 30.7527566074 30.8689558131 30.5890081022 31.1640420015 31.1844559394 30.9549584365 30.8891355615 31.0991815195 31.1782929479 30.9637619261 30.592721645 30.6173349073 31.001923648 31.0169706245 30.5786543727 30.6957782055 30.5185876746 31.0542956386
0 0 0 0 0 0 0 0 31.2043823307 30.6634109507 31.0458101969 30.7404806101 30.7749998483 31.0393810186 30.8876250856 30.7902239875 30.9592547761 30.9826953004 31.1513212019 31.2046553866 30.583077133 31.1435243142 30.8803160813 30.5654066227 30.6534180517 30.6102147224 30.80061785 31.1561743969 30.8302825214 30.5229264006 30.972533569 30.5192509398 30.6648241582 30.8517383586 54.9541374006 54.9541374006 30.6720972677 84.8422759173 31.0519979302 30.7755176077 30.6176147505 30.6146715735 70.8865158101 43.6996584059 48.7565345432 31.1577281432 42.3178414385 42.3178414385 31.1409299138 62.8741534819 71.217970571 31.0532834394 51.1794071323
0 0 0 0 0 0 0 30.9530548402 30.6630077943 31.1671100859 30.6480551817 30.6378584012 30.7718573934 30.9599272875 30.8067651944 30.8851537818 30.8290553572 30.7218950466 30.5783944046 30.8136083427 30.9708708626 30.8509517306 30.9363830189 30.8115450163 30.7743527768 30.7600237148 31.1159204433 31.0956963949 31.1748219299 30.7315745779 31.1817190627 31.0738045984 31.0412913856 30.9405673546 54.9541374006 54.9541374006 51.922877973 51.922877973 30.9624018097 30.8928206472 30.7064233472 31.0434364683 70.8865158101 43.6996584059 43.6996584059 31.1943889179 42.3178414385 80.984830287 62.8741534819 62.8741534819 71.217970571 30.6377467949 51.1794071323
0 0 0 0 0 0 0 30.7883821365 31.097139484 31.1320391875 31.0054579889 31.0520200961 31.1561561585 31.1835612697 31.0167271317 30.7573124296 31.1689209398 31.1438003003 30.9449317579 30.9170189172 31.0123051198 30.7884066213 30.5540314984 30.8507207351 30.8642148239 30.9984133234 30.9890294959 30.5999086203 30.5591710164 30.8134952341 30.555902596 30.7773041495 31.0230269833 30.6323938427 54.9541374006 54.9541374006 51.922877973 51.922877973 31.121989482 30.5990208753 30.9936548249 64.981480213 30.6384821169 43.6996584059 31.0087945682 69.413122502 42.3178414385 31.1073674694 30.8137245149 62.8741534819 30.7545992677 31.1912383638 51.1794071323
0 0 0 0 0 0 0 0 30.8720277403 31.018522197 30.8173757954 30.5669195633 30.7742101644 30.9451060944 31.1216323428 31.1360410447 30.9147076534 31.0856522895 30.8642725477 30.6225525468 30.635536332 31.0401409191 31.0132649602 30.9315965038 31.038157959 31.0258571562 31.0936950649 31.0204253196 30.6284563966 31.1935020692 31.13916815 31.2021160438 30.5362101785 31.0234863748 30.7169756623 30.6817572005 30.6897377815 30.603419939 30.979509484 30.91492296 30.9030971493 30.8582686769 31.0137424434 30.756122533 31.144294749 30.8107313771 31.1318359199 30.837634699 30.845396022 31.0978499346 30.5628266042 31.1929858677 31.0470869057
0 0 0 0 0 0 0 0 0 30.9445387772 30.5261581716 30.8684120454 30.6183610274 30.855526346 31.074112093 30.788987669 30.5008762453 30.6025588032 31.0319946902 30.6421810488 30.8301045666 30.6913166303 30.63666821 31.1097021111 31.1020177334 30.9003828937 30.926393135 31.1087016371 31.1291029874 30.5171126662 30.8427206281 30.7035174342 30.8820056945 30.5828417971 30.9860423427 31.1892634943 31.1093601849 30.6058943223 30.7697450247 30.6597105072 30.8527744726 31.1893505565 52.6497632303 52.6497632303 52.6497632303 30.9319030441 30.6268993984 31.0952203482 30.5873507841 31.052227684 30.8263731678 30.7889770307 31.1401457639
0 0 0 0 0 0 0 0 0 0 0 31.0630738751 31.0990100805 30.6416006486 30.6486894263 31.0192315209 30.8856844123 30.6826475795 30.9077961664 31.1141250539 30.6338143489 30.8224142529 31.1878612949 30.566906788 31.0519135339 31.1222320036 31.0398340128 31.1432816597 30.7023712077 30.9099167709 30.7989814908 30.5489940047 31.1353229509 30.7420693034 30.9942166586 30.6179843876 30.8785560496 30.5781009516 30.711910448 31.1949217104 30.6614662755 30.9215986986 46.1373422201 52.6497632303 46.1373422201 31.1016398295 31.1869846667 30.6523572001 31.0344375532 30.7403625028 31.1543301291 30.9062402398 30.8718492381
0 0 0 0 0 0 0 0 0 0 0 0 0 0 31.1005876235 30.6832881997 30.8444612884 30.7705646996 31.0980731651 30.6218910792 31.1300850189 31.0741677978 30.8812679381 31.0470538136 30.516205971 30.911573439 31.0181907606 30.6326147728 30.9383171192 30.647228805 30.6653198215 30.639619682 30.6411724441 31.0614690551 31.1678040547 30.7559700609 31.1056719176 30.6133548716 31.1319440549 31.0498271899 31.0259645968 30.7045636684 30.5910127862 31.140984949 30.6640942096 30.9152711767 31.1314910963 30.5186176443 30.805733197 30.8871848411 31.1985206215 30.7968326057 30.7930500359
0 0 0 0 0 0 0 0 0 0 0 0 0 0 0 31.1506749191 30.5253467002 30.5357737779 30.6339002694 30.6247122179 31.0739967852 30.9655526787 31.1713900001 30.878251186 30.8462008008 30.9176959812 31.0321537223 30.7160905045 30.6147062228 30.9277159392 30.7699758434 31.1809831158 30.7902178176 30.5905309303 30.7480266403 30.947099102 30.8022911162 30.7070619611 30.5343766209 31.1282811891 30.9831088941 30.6574513531 30.8441640312 30.7860822 53.2808855731 30.6734235298 30.7311111438 30.6246920516 30.9991662426 30.9397281737 31.0619558558 31.1083104055 30.7435947006
0 0 0 0 0 0 0 0 0 0 0 0 0 0 0 31.0054018884 30.9927709149 30.5171258391 30.5647748188 30.5841871197 30.5333113043 31.1405141215 30.6050912708 30.8018245769 30.8431410717 30.9130193204 30.7419663584 30.7150588151 30.9293627091 31.1741589947 30.9393246381 30.7329455589 30.5725763732 31.1772352605 30.6289923536 30.826019946 30.8638380225 30.9263858214 30.6721185773 30.9844953609 30.8204478571 30.5783109451 30.8293750456 53.6787336891 53.6787336891 30.8134639775 31.1526677182 30.8129731377 30.6086828201 30.6129311051 30.8892915153 30.8347642519 30.8045701654
0 0 0 0 0 0 0 0 0 0 0 0 0 0 0 0 30.995557493 31.1658585796 31.0024893801 31.0467388053 30.8138407554 31.1242168873 31.1408538453 30.7529265913 31.1658710099 31.0215079883 30.6256856531 31.0168400399 30.7459064292 31.1357825899 30.8146476286 30.8333190536 30.8774358085 30.9851554539 30.7313377067 31.2037506281 30.685622212 30.8942589732 31.0275462422 30.9908593047 30.8768900665 31.1659701603 53.6787336891 53.6787336891 53.6787336891 30.5722852363 30.8453606249 31.1132567817 30.803092264 30.6389872805 30.6435205056 30.6996245759 30.5890673841
0 0 0 0 0 0 0 0 0 0 0 0 0 0 0 51.862294695 53.6889587606 49.0232688396 30.5891338932 30.6033162738 31.1773728657 31.0921948565 30.6846932186 30.8901043646 31.0209367852 31.0653024466 31.1298252009 30.9441705197 31.0493621166 30.6736086459 30.590632388 31.1528742059 30.5551275095 31.1832612869 31.2026363072 30.7366659589 30.7075247937 30.6482227163 31.1339893515 30.5634241405 30.8447256862 30.9799011716 31.1464257187 30.5511032599 30.9333152314 30.6890969444 31.152679567 30.7536078594 30.8111625818 30.95676822 31.1781957998 30.9279151611 30.9966824719
0 0 0 0 0 0 0 0 0 0 0 0 0 0 76.0163762178 50.3866814291 46.6924925518 47.3989747038 30.6254983118 30.8944596104 30.9686591088 30.7488193367 30.6071319068 30.6389637473 30.6796478726 30.6630039317 31.162828673 31.1319511707 30.518091041 30.5161172392 30.7037994312 30.7589702429 30.5899062388 30.914409868 31.1634752742 31.0802051323 30.5462476683 30.5992197527 30.5847730006 31.0474416184 31.106996146 30.9649930357 30.6344555216 31.1407774556 31.1859935185 30.6261668537 30.9833398615 30.6024669717 30.8976323186 73.8099988381 30.7585265827 30.7735936497 30.8920270068
0 0 0 0 0 0 0 0 0 0 0 0 0 0 0 49.5994406278 48.8927385762 59.1751987842 30.9429725802 30.6809857556 30.7153189232 30.8076873838 30.8580078895 30.8888385082 30.9384036541 30.5071348313 30.9741083726 30.6051895746 30.8952688072 30.9990314789 30.7191125775 30.5869857464 30.5462662664 31.1928616619 31.0304730529 30.8935072741 30.6339478101 30.9996031783 30.5058739676 30.9229085582 30.5697681919 31.0109226872 30.8593910128 31.1913698996 30.5870067944 30.5250710787 30.6202595004 31.1164841995 30.7464391252 30.832629461 59.8723053707 30.934589295 30.8633223387
0 0 0 0 0 0 0 0 0 0 0 0 0 0 0 0 0 30.9756516669 30.8821500173 30.5052552232 30.9871303513 30.7426206212 30.8443374411 30.5601475412 30.5100913101 30.6753025806 30.5570893721 30.5801479936 31.1211397528 31.1494032877 31.0860159185 31.1669099264 30.560478202 30.8692082307 30.6793378751 30.5178510536 30.623222378 30.9893609881 31.1346425817 30.7482231069 30.6397797678 30.7518357234 31.0205700104 31.0571560465 30.9304574581 30.9072574249 30.8178672634 30.8235542939 30.6963079741 53.8137033974 59.8203233293 53.8137033974 30.9141380449
0 0 0 0 0 0 0 0 0 0 0 0 0 0 0 0 0 30.666846056 31.1875567949 31.0259989269 31.0186080458 31.1525867678 30.6885013581 30.8005915896 31.1302182607 30.6754449792 30.8409552479 30.6150954742 30.6643465806 30.921810438 30.7468746018 30.614726924 31.0291110622 30.5541897451 30.7916531732 30.7273359073 31.1312524126 30.5470227621 31.0043915654 30.726938773 30.813323589 30.8923026081 30.5395896507 31.0600562217 30.7168596126 30.5701524928 30.9538825762 31.1190632225 30.7509124519 59.8203233293 59.8203233293 59.8203233293 30.5028021266
0 0 0 0 0 0 0 0 0 0 0 0 0 0 0 0 0 0 31.1213101029 31.1563460934 30.6829432196 31.1754763785 30.7961041593 31.1024405789 30.9058738406 30.9315743342 31.0402408421 31.0005537061 30.7556734922 31.0719495337 30.735530367 30.6144632019 30.5261012766 30.8310181836 31.1551856492 30.934210907 30.5208872112 30.850356964 30.9210506715 30.8864635597 30.8956949727 30.9122144674 30.5825074238 30.9176740557 30.7333148158 30.8025343238 31.0910640211 30.6420681696 30.9607970342 30.5127258365 59.8203233293 30.8669897666 30.5853323452
0 0 0 0 0 0 0 0 0 0 0 0 0 0 0 0 0 0 30.8203573358 30.5163000991 31.1850791679 31.0241870373 30.9545906211 30.7007384193 30.8818428557 30.6231522958 30.8589812047 30.5751995551 30.8624431786 31.0491579641 30.8991857982 30.5141719294 30.8150118832 30.543901696 30.8718879881 31.0862070661 30.5163312912 30.6760154279 30.9368523324 31.1703598973 31.0141904667 31.0164811381 30.9587486389 30.7441907132 30.7659135062 30.7110206768 30.7310818112 30.9495730889 30.5661171967 30.7797714198 60.5005965703 44.7981569414 31.1958300146
0 0 0 0 0 0 0 0 0 0 0 0 0 0 0 0 0 0 0 31.1972300506 30.7232115269 30.8189283359 30.8074783693 30.5510305285 30.7177024396 30.9044726684 31.0767458325 30.7602076018 30.9507172612 31.1962394803 30.9128630232 31.0918382737 30.9073482275 30.7617096216 30.5216766509 31.092474687 30.6879642316 30.7422400621 30.5475629802 30.8561250987 30.7385141744 30.7524967208 30.5873110882 30.638933735 31.0337480981 30.6348211434 30.510959297 60.8889650021 30.889713755 30.6362157698 59.0945705907 59.0945705907 56.1940476892
