Spatial_Output/BAU/BAU_0824.asc
NCOLS 155
NROWS 192
XLLCORNER 196307.867259
YLLCORNER 449144.565805
CELLSIZE 33.573938
NODATA_VALUE NaN
[rows 108 to 143 of 192, columns 0 to 80 of 155]
0 0 0 0 0 0 0 0 0 0 0 0 0 0 0 0 0 0 0 0 0 0 0 0 48.2964592555 15.33 45.2232996296 54.180881817 21 21 21 21 21 21 21 21 21 21 21 21 21 21 21 21 21 21 21 21 46.3624207611 52.0841831522 52.0841831522 62.2610198691 21 21 45.6928863169 45.6928863169 21 21 21 21 21 21 21 46.4140521235 46.4140521235 21 21 21 21 21 21 21 21 21 21 21 21 21 21 21 21
0 0 0 0 0 0 0 0 0 0 0 0 0 0 0 0 0 0 0 0 0 0 0 0 0 0 0 0 21 21 21 21 21 21 21 21 21 21 21 21 21 21 21 21 21 21 21 21 51.1844919223 52.0841831522 52.0841831522 51.1844919223 21 48.9356775677 45.6928863169 45.6928863169 45.6928863169 21 21 21 21 21 21 21 21 21 21 21 21 21 21 21 21 21 21 21 21 21 21 21 21
0 0 0 0 0 0 0 0 0 0 0 0 0 0 0 0 0 0 0 0 0 0 0 0 0 0 0 0 0 21 21 21 21 21 21 21 21 21 21 21 21 21 21 21 21 21 21 21 51.3819031177 51.3819031177 51.3819031177 51.3819031177 21 21 21 21 59.6328363694 60.033350119 67.7426685211 21 42.3349084657 78.1539048626 21 21 21 21 21 62.7979544765 57.4739987808 41.6609399549 50.2746319356 55.2386722184 21 21 47.8885463215 21 21 46.4332004895 77.1032851002 77.1032851002 54.9218903481
0 0 0 0 0 0 0 0 0 0 0 0 0 0 0 0 0 0 0 0 0 0 0 0 0 0 0 0 0 21 21 21 21 21 21 21 21 21 21 21 21 21 21 21 21 21 21 21 52.0841831522 67.7557631989 67.7557631989 65.8231189397 21 35.037272938 21 21 59.6328363694 59.6328363694 67.7426685211 67.7426685211 48.2785890157 48.2785890157 49.3726540209 49.3726540209 21 50.610267594 48.4548709195 62.7979544765 41.6609399549 41.6609399549 50.2746319356 50.2746319356 55.2386722184 47.8885463215 47.8885463215 21 21 21 77.1032851002 77.1032851002 54.9218903481
0 0 0 0 0 0 0 0 0 0 0 0 0 0 0 0 0 0 0 0 0 0 0 0 0 0 0 0 0 0 21 21 21 21 21 21 21 21 21 21 21 21 21 21 21 21 21 21 55.9218042077 55.69402462 55.69402462 55.9218042077 21 35.037272938 35.037272938 36.3842742753 59.6328363694 59.6328363694 67.7426685211 67.7426685211 48.2785890157 48.2785890157 49.3726540209 49.3726540209 62.0108536685 21 50.610267594 62.7979544765 57.4739987808 41.6609399549 50.2746319356 50.2746319356 55.2386722184 21 47.8885463215 21 52.9165101208 21 77.1032851002 66.2434116226 21
0 0 0 0 0 0 0 0 0 0 0 0 0 0 0 0 0 0 0 0 0 0 0 0 0 0 0 0 0 0 0 21 21 21 21 21 21 21 21 21 21 21 21 21 21 21 21 21 55.69402462 55.69402462 55.69402462 41.3904583507 21 43.4839349469 36.3842742753 21 59.6328363694 21 67.7426685211 21 42.3349084657 52.7807942886 60.8308997053 61.1881564159 21 21 21 21 21 21 21 21 21 21 21 21 21 47.6057107001 53.9203655291 21 21
0 0 0 0 0 0 0 0 0 0 0 0 0 0 0 0 0 0 0 0 0 0 0 0 0 0 0 0 0 0 0 21 21 21 21 21 21 21 21 21 21 21 21 21 21 21 21 21 21 21 56.6678114193 56.6678114193 43.4839349469 43.4839349469 43.4839349469 54.944037438 21 21 21 21 21 21 21 61.1881564159 61.1881564159 21 21 21 21 21 21 21 21 21 21 21 21 21 21 21 21
0 0 0 0 0 0 0 0 0 0 0 0 0 0 0 0 0 0 0 0 0 0 0 0 0 0 0 0 0 0 0 0 21 21 21 21 21 21 21 21 21 21 21 21 21 21 21 21 64.9848654167 64.9848654167 64.9848654167 21 21 62.1175884216 43.4839349469 21 21 21 21 21 21 21 36.8317397921 36.8317397921 36.8317397921 21 21 21 21 21 21 21 21 21 21 21 21 21 51.5738185766 21 55.686648244
0 0 0 0 0 0 0 0 0 0 0 0 0 0 0 0 0 0 0 0 0 0 0 0 0 0 0 0 0 0 0 0 21 21 21 21 21 21 21 21 21 21 21 21 21 21 21 21 21 64.9848654167 64.9848654167 21 47.1052742417 62.1175884216 21 21 21 21 21 21 21 21 21 53.8910155432 36.8317397921 21 21 21 21 21 21 21 21 21 21 21 21 21 51.5738185766 51.5738185766 51.5738185766
0 0 0 0 0 0 0 0 0 0 0 0 0 0 0 0 0 0 0 0 0 0 0 0 0 0 0 0 0 0 0 0 0 21 21 21 21 21 21 21 21 21 21 21 21 21 21 21 66.0390892569 64.9848654167 54.422264007 21 21 21 62.2017153604 21 21 21 21 55.8081804577 21 35.7455282413 53.8254854443 53.8254854443 53.8254854443 21 21 21 21 21 21 21 21 21 21 21 21 50.3191206245 50.3191206245 51.5738185766 55.686648244
0 0 0 0 0 0 0 0 0 0 0 0 0 0 0 0 0 0 0 0 0 0 0 0 0 0 0 0 0 0 0 0 0 21 21 21 21 21 21 21 21 21 21 21 21 44.2594706934 51.3770362179 66.0390892569 43.8084264209 70.2494484047 54.422264007 54.422264007 48.8585987443 56.2768302921 62.2017153604 62.2017153604 36.6001841501 21 55.8081804577 55.8081804577 55.8081804577 44.3393722443 53.8910155432 53.8254854443 53.8910155432 21 21 21 21 21 21 21 21 21 21 21 50.3191206245 50.3191206245 50.3191206245 21 21
0 0 0 0 0 0 0 0 0 0 0 0 0 0 0 0 0 0 0 0 0 0 0 0 0 0 0 0 0 0 0 0 0 0 21 21 21 21 21 21 21 21 21 21 45.3561625788 51.3770362179 51.3770362179 74.7321660703 43.8084264209 43.8084264209 43.8084264209 54.422264007 48.8585987443 56.2768302921 62.2017153604 62.2017153604 36.6001841501 21 21 55.8081804577 44.3393722443 44.3393722443 44.2127745593 44.2127745593 21 21 21 21 21 21 21 21 21 21 21 21 21 21 50.3191206245 21 21
0 0 0 0 0 0 0 0 0 0 0 0 0 0 0 0 0 0 0 0 0 0 0 0 0 0 0 0 0 0 0 0 0 0 0 21 21 21 21 21 21 62.3550899465 21 45.4546250669 45.4546250669 53.2913388027 44.2594706934 51.3770362179 43.8084264209 74.7321660703 54.422264007 48.8585987443 68.1320029374 21 21 21 21 44.3857846027 21 21 21 44.2127745593 44.2127745593 44.2127745593 21 21 21 21 21 21 21 21 21 21 21 21 21 21 21 21 21
0 0 0 0 0 0 0 0 0 0 0 0 0 0 0 0 0 0 0 0 0 0 0 0 0 0 0 0 0 0 0 0 0 0 0 21 21 21 46.8426783203 21 62.3550899465 21 21 45.4546250669 45.4546250669 21 21 50.2597515697 51.7389470253 21 21 21 21 21 21 21 21 44.3857846027 44.3857846027 44.3857846027 21 52.7094546435 52.7094546435 21 21 21 21 21 21 21 21 21 21 21 21 21 21 21 21 21 21
0 0 0 0 0 0 0 0 0 0 0 0 0 0 0 0 0 0 0 0 0 0 0 0 0 0 0 0 0 0 0 0 0 62.764025694 69.8177287769 52.0434106701 21 21 46.8426783203 21 21 21 21 21 21 21 51.7389470253 51.7389470253 51.7389470253 50.2597515697 21 21 21 21 21 21 21 44.3857846027 44.3857846027 64.348744591 64.348744591 52.7094546435 52.7094546435 52.7094546435 21 21 21 21 21 21 21 21 21 21 21 21 21 21 21 21 21
0 0 0 0 0 0 0 0 0 0 0 0 0 0 0 0 0 0 0 0 0 0 0 0 0 0 0 0 0 0 37.7344170153 38.0838197666 38.0262877043 32.4872704908 41.0839313168 52.0434106701 21 21 21 21 21 21 21 21 21 21 50.2597515697 50.2597515697 51.7389470253 21 21 21 21 21 21 21 21 21 64.348744591 64.348744591 42.199272143 45.6821241061 21 21 21 21 21 21 21 21 21 21 21 21 21 21 21 21 21 49.5504550787 52.1284470167
0 0 0 0 0 0 0 0 0 0 0 0 0 0 0 0 0 0 0 0 0 0 0 0 0 0 0 0 47.7789428376 42.3118689432 42.3118689432 69.928887253 37.2016240396 42.499207594 36.9651724306 52.0434106701 52.0434106701 21 21 21 21 21 21 21 21 21 21 45.6504685038 21 21 21 21 21 21 21 21 21 21 44.4819845239 45.6821241061 45.6821241061 45.6821241061 21 21 21 21 21 21 21 21 21 21 21 21 21 21 21 21 21 47.8032057194 52.1284470167
0 0 0 0 0 0 0 0 0 0 0 0 0 0 0 0 0 0 0 0 0 0 0 0 0 57.1963571753 69.1107326267 73.7669453859 73.7669453859 42.3118689432 42.3118689432 69.928887253 36.0756203541 36.5514405878 41.1191335397 54.7063549248 0 0 21 21 21 21 21 21 21 21 21 21 21 21 21 21 21 21 21 21 21 21 21 44.4819845239 45.6821241061 45.6821241061 21 21 21 21 21 21 21 21 21 21 21 21 21 21 21 21 21 52.1284470167 45.0090158162
0 0 0 0 0 0 0 0 0 0 0 0 0 0 0 0 0 0 0 0 0 0 0 0 0 57.1963571753 57.1963571753 57.1963571753 73.7669453859 42.3118689432 42.3118689432 45.1180240296 51.6051166195 55.145741716 0 0 0 0 21 21 21 21 21 21 21 21 42.6344297333 42.6344297333 21 21 21 50.0946928421 21 51.1340762157 64.3681923382 41.8377192488 37.3692736604 66.2469899293 21 41.0291220029 21 42.9212187945 42.9212187945 21 21 21 21 21 21 21 21 21 21 21 21 21 21 21 80.215284491 56.9748592781 45.0090158162
0 0 0 0 0 0 0 0 0 0 0 0 0 0 0 0 0 0 0 0 0 0 0 0 0 57.1963571753 57.1963571753 60.8954813382 73.7669453859 50.6089134352 0 0 0 0 0 0 0 0 0 21 21 21 21 21 21 21 21 21 21 21 49.4027100187 76.4025883477 54.7642026381 54.7642026381 64.3681923382 37.3692736604 66.2469899293 66.2469899293 21 41.0291220029 42.9212187945 21 42.9212187945 21 21 21 21 21 21 21 21 21 21 44.6183309294 44.6183309294 66.8773476147 44.1388110633 44.1388110633 61.4230748174 80.215284491 56.9748592781
0 0 0 0 0 0 0 0 0 0 0 0 0 0 0 0 0 0 0 0 0 0 0 0 0 0 0 0 0 0 0 0 0 0 0 0 0 0 0 0 21 21 21 21 21 21 21 21 21 50.3349807854 36.7515667262 32.0668935763 54.7642026381 54.7642026381 64.3681923382 41.8377192488 37.3692736604 66.2469899293 21 21 38.7716860736 21 43.1794727587 43.1794727587 57.6129377097 21 44.8350336217 44.8350336217 50.7317995215 69.6892558965 69.6892558965 21 21 44.6183309294 66.8773476147 66.8773476147 44.1388110633 44.1388110633 61.4230748174 80.215284491 53.1284598062
0 0 0 0 0 0 0 0 0 0 0 0 0 0 0 0 0 0 0 0 0 0 0 0 0 0 0 0 0 0 0 0 0 0 0 0 0 0 0 0 0 21 21 21 21 21 21 21 21 21 21 76.4025883477 32.0668935763 54.7642026381 21 21 21 21 21 21 21 43.1794727587 54.2353309599 54.2353309599 21 44.8350336217 44.8350336217 44.8350336217 50.7317995215 69.6892558965 69.6892558965 21 44.6183309294 44.6183309294 44.6183309294 66.8773476147 44.1388110633 40.1623081683 61.4230748174 21 21
0 0 0 0 0 0 0 0 0 0 0 0 0 0 0 0 0 0 0 0 0 0 0 0 0 0 0 0 0 0 0 0 0 0 0 0 0 0 0 0 0 21 21 21 21 21 21 40.6899831948 40.6794570437 21 21 21 21 21 21 21 21 21 21 21 21 54.2353309599 54.2353309599 44.8670434059 57.6129377097 57.6129377097 44.8350336217 44.8350336217 50.7317995215 40.9105670434 69.6892558965 21 21 21 21 21 21 21 21 21 43.9956257249
0 0 0 0 0 0 0 0 0 0 0 0 0 0 0 0 0 0 0 0 0 0 0 0 0 0 0 0 0 0 0 0 0 0 0 0 0 0 0 0 0 0 21 21 21 21 21 21 21 21 21 21 21 21 21 21 21 21 21 38.6976469583 21 21 21 21 21 21 21 21 21 21 21 21 21 21 21 21 21 21 21 21 21
0 0 0 0 0 0 0 0 0 0 0 0 0 0 0 0 0 0 0 0 0 0 0 0 0 0 0 0 0 0 0 0 0 0 0 0 0 0 0 0 0 0 0 21 21 50.2071258906 50.2071258906 50.2071258906 21 21 21 21 21 21 21 53.0678165398 46.7757796032 21 38.6976469583 38.6976469583 38.6976469583 21 21 21 21 21 21 21 21 21 21 21 21 21 21 21 21 21 21 21 21
0 0 0 0 0 0 0 0 0 0 0 0 0 0 0 0 0 0 0 0 0 0 0 0 0 0 0 0 0 0 0 0 0 0 0 0 0 0 0 0 0 0 0 21 50.6051567456 50.2071258906 50.2071258906 21 21 21 21 21 21 21 36.3586218445 53.0678165398 53.0678165398 53.0678165398 38.6976469583 38.6976469583 21 21 21 21 21 21 21 21 21 21 21 21 21 21 21 21 21 21 21 21 21
0 0 0 0 0 0 0 0 0 0 0 0 0 0 0 0 0 0 0 0 0 0 0 0 0 0 0 0 0 0 0 0 0 0 0 0 0 0 0 0 0 0 0 0 21 21 21 21 21 21 21 21 55.1435738115 55.1435738115 36.3586218445 21 53.0678165398 21 21 21 21 21 21 21 52.5261355455 21 21 21 21 21 21 21 21 21 21 21 21 21 21 21 21
0 0 0 0 0 0 0 0 0 0 0 0 0 0 0 0 0 0 0 0 0 0 0 0 0 0 0 0 0 0 0 0 0 0 0 0 0 0 0 0 0 0 0 0 21 74.7563033647 74.7563033647 74.7563033647 21 21 21 21 61.6696622999 61.6696622999 55.1435738115 38.585000169 81.1106320563 21 21 21 21 21 21 21 52.5261355455 52.5261355455 21 21 21 21 21 21 21 21 21 21 21 21 21 21 21
0 0 0 0 0 0 0 0 0 0 0 0 0 0 0 0 0 0 0 0 0 0 0 0 0 0 0 0 0 0 0 0 0 0 0 0 0 0 0 0 0 0 0 0 21 74.7563033647 74.7563033647 74.7563033647 74.7563033647 21 21 63.9892640067 61.6696622999 61.6696622999 21 21 21 21 21 21 21 21 21 52.5261355455 52.5261355455 52.5261355455 21 21 21 21 21 21 21 21 21 21 21 21 21 21 21
0 0 0 0 0 0 0 0 0 0 0 0 0 0 0 0 0 0 0 0 0 0 0 0 0 0 0 0 0 0 0 0 0 0 0 0 0 0 0 0 0 0 0 0 0 74.7563033647 74.7563033647 57.1217548789 21 21 72.8016104812 63.9892640067 63.9892640067 45.5952654022 21 21 21 21 21 21 21 21 21 21 21 21 21 21 21 21 21 21 21 21 21 21 21 21 21 21 21
0 0 0 0 0 0 0 0 0 0 0 0 0 0 0 0 0 0 0 0 0 0 0 0 0 0 0 0 0 0 0 0 0 0 0 0 0 0 0 0 0 0 0 0 0 21 21 51.7570301369 57.1217548789 38.9624671086 72.8016104812 63.9892640067 63.9892640067 21 21 21 21 21 21 21 21 21 21 21 21 21 21 21 21 21 21 21 21 21 21 21 21 21 21 21 21
0 0 0 0 0 0 0 0 0 0 0 0 0 0 0 0 0 0 0 0 0 0 0 0 0 0 0 0 0 0 0 0 0 0 0 0 0 0 0 0 0 0 0 0 0 48.7835746861 36.5583420907 51.7570301369 56.0286223791 56.0286223791 72.8016104812 72.8016104812 21 21 21 21 21 21 21 21 21 21 21 21 21 21 45.326120103 21 21 21 21 21 21 21 21 21 21 21 21 21 21
0 0 0 0 0 0 0 0 0 0 0 0 0 0 0 0 0 0 0 0 0 0 0 0 0 0 0 0 0 0 0 0 0 0 0 0 0 0 0 0 0 0 0 45.6077436337 36.5583420907 48.7835746861 51.7570301369 51.7570301369 56.0286223791 56.0286223791 21 21 21 21 21 21 21 21 21 21 21 21 21 21 21 45.326120103 21 45.326120103 21 21 21 21 21 21 21 21 21 21 21 21 21
0 0 0 0 0 0 0 0 0 0 0 0 0 0 0 0 0 0 0 0 0 0 0 0 0 0 0 0 0 0 0 0 0 0 0 0 0 0 0 0 0 76.5004150792 68.6735279038 66.2411715286 66.2411715286 48.7835746861 36.5583420907 36.5583420907 39.1167476663 21 21 21 21 21 21 21 21 21 21 21 21 21 21 21 21 21 21 21 21 21 21 21 21 21 21 21 21 21 21 21 21
0 0 0 0 0 0 0 0 0 0 0 0 0 0 0 0 0 0 0 0 0 0 0 0 0 0 0 0 0 0 0 0 0 0 0 0 0 0 0 76.5004150792 68.6735279038 50.6712676628 48.7835746861 66.2411715286 66.2411715286 48.7835746861 39.1167476663 39.1167476663 21 39.1167476663 21 21 21 21 21 21 21 21 21 21 21 21 21 21 21 50.2729674171 50.2729674171 42.5469825729 21 21 21 21 21 21 21 21 21 21 21 21 21
0 0 0 0 0 0 0 0 0 0 0 0 0 0 0 0 0 0 0 0 0 0 0 0 0 0 0 0 0 0 0 0 0 0 0 0 0 0 76.5004150792 76.5004150792 68.6735279038 68.6735279038 50.6712676628 68.6735279038 69.9214308253 0 0 21 21 21 21 21 21 21 21 21 21 21 21 21 21 21 21 21 49.8256939661 34.0470013872 49.8256939661 21 21 21 21 21 21 21 21 21 21 21 21 21 21
