Spatial_Output/BAU/BAU_0685.asc
NCOLS 155
NROWS 192
XLLCORNER 196769.923733
YLLCORNER 449719.875193
CELLSIZE 27.603701
NODATA_VALUE NaN
[rows 23 to 45 of 192, columns 0 to 52 of 155]
0 27.5324226464 28.8966103334 25.5290927982 25.5478555906 28.0355453147 26.6877281791 26.3542170778 25.6641956005 27.6122030722 28.8559015648 28.9339092174 25.9233657969 29.0305839451 26.1905678014 26.6033739761 60.4762325102 25.8034242027 27.1740633746 25.7897083272 28.8708199981 28.2506650292 29.2382345431 28.2550784934 26.2405159589 26.7215982851 27.0579505239 53.3261486252 49.9660553316 28.569127787 25.7152755892 29.0397906172 25.295181652 28.5899555611 28.5662270089 28.2407607456 26.4076729117 27.0165858618 28.5745040544 25.6427788989 26.8199888507 25.8359485 26.6339453786 25.0324139082 26.7763998094 28.887989672 27.9936298578 25.6872830626 28.25706567 25.4561005541 25.435939242 25.6735391795 26.7993891937
28.4640219553 28.2775852195 26.1034342973 26.4062166606 25.049302267 28.7991219764 26.3051625186 27.5435153726 26.2183936694 26.4931719884 28.7368867878 26.5753915489 25.9495879964 25.9498083179 25.9721963772 46.8894470986 77.2343773825 77.2343773825 77.2343773825 25.5227542765 27.7196222635 26.0150696178 26.8004880866 25.3714557163 25.7029263167 29.0700022836 53.3261486252 46.063322994 53.3261486252 25.6806711935 26.6642556813 27.0975043205 25.0872437604 25.1178865563 29.1125206725 25.2472635673 28.6036729297 29.1200539085 25.9987788422 28.6576259773 28.3378612963 27.372797516 27.6182966154 25.9006571354 25.602524669 27.8792916597 26.40421078 26.6160495826 25.0422745401 25.8419538725 26.5692532661 29.1479820067 26.8257884376
25.7049209304 25.7318211577 28.5024571704 28.2803616818 29.005085341 26.858366534 26.9805834491 26.4813623081 29.0690602815 25.5034173929 27.4519665071 27.6975831086 25.9052004843 26.2663255375 26.9819884219 27.9971402239 77.2343773825 56.2180027292 56.2180027292 56.2180027292 27.6600630488 27.9026757629 25.8267283504 26.0695806031 28.7835828765 25.798271176 49.9660553316 46.063322994 46.063322994 46.063322994 25.0758992905 25.9855320893 25.8034246462 27.4618263338 26.4969894677 28.3469892381 26.4929227687 25.9812597986 26.2878319944 27.829315372 25.4219589147 26.3999471643 25.0122452779 28.8797324434 28.7578939099 26.0567000551 28.2562762882 25.21299475 27.9091935638 27.4500259229 28.9316403894 26.0728048191 28.905781203
27.8377588207 28.9217970225 26.4987888281 27.8613605445 28.4666753757 27.9618353683 27.9456558739 26.3018473788 27.836057788 26.5620481156 25.4170437396 25.4203292366 28.1641156452 28.3627876961 28.3238247621 27.6316583708 25.0257854503 56.2180027292 56.2180027292 49.7522356598 26.7094754596 27.0804618639 25.6462242052 28.005301802 28.9884369946 25.1302105391 28.0483211059 46.063322994 46.063322994 57.0046681811 28.7940220182 26.8071928814 27.3721438242 25.6238804305 27.7690785927 26.7397157374 28.3772816008 28.3995102288 26.9355635353 28.9004054705 25.7845802775 26.7004057965 28.0620907964 26.6259483398 28.6757777605 27.5084403368 25.3356452176 25.7571255466 27.3189145928 26.0173206656 27.5800362709 27.6291864017 27.1604616258
28.6348042918 29.167826165 28.7822521011 27.6215005295 28.1540890154 28.2830619744 27.3518606535 29.0295792339 26.1613496631 28.1238262365 28.0467250927 27.5347839068 28.7795081685 25.0149230214 26.7066263954 27.3395791726 27.2818614285 25.1355242466 49.7522356598 26.7882882087 39.4694839805 28.6394680691 27.7656516003 26.4097220501 26.7643059449 27.7174659656 28.0238992196 57.0046681811 57.0046681811 63.6776648038 41.0831213415 41.0831213415 39.8939679356 28.5149470517 26.5569799171 26.4173568964 26.9922375315 26.6266163015 28.827196165 25.2412336448 26.954712108 25.1186970854 28.0890548688 25.1541982087 27.795142941 26.5580724349 27.0872121757 26.3303524006 26.5151148127 26.5266631041 28.3296296781 26.5322833851 27.2139589362
26.1186827061 25.6828460327 26.8672903351 26.3151470082 28.451543543 28.8875051175 26.1463781894 27.1552041446 25.7660003344 25.6386588545 25.6781066287 27.3955979719 29.088674144 27.1156979013 28.0515074322 28.8702794924 28.4082871593 25.6990848945 39.4694839805 54.2026441766 78.1426656591 28.9527156549 27.1048288976 25.0965879108 28.7245558781 28.9456937869 26.7693060153 25.5957010975 28.5712040393 41.0831213415 41.0831213415 41.0953029492 41.0953029492 26.4287398302 26.4707007559 26.659770857 25.0615119719 28.1863699522 28.5367661224 25.7612457713 25.6782686454 26.9238598775 29.1651953773 28.0448904455 26.6197936146 27.5323154029 28.1086913759 26.4152785968 26.0703415002 28.4857917139 25.3875091596 26.2350554821 27.1255847559
27.8859235756 26.1453457998 25.2721896943 25.1934764285 28.3685876836 26.7208512366 28.5322699866 25.4310845788 27.3721410637 26.4756570068 28.7895548026 27.8310173164 28.8599422927 28.0794327105 29.2366818464 27.9506763902 26.3099695649 27.240344109 54.2026441766 54.2026441766 54.2026441766 26.9350136381 27.8718239027 27.0352209464 25.6168435067 25.8510073451 28.6112555667 25.4810821113 27.1928558715 25.4729173379 26.9625787528 27.2107701079 41.0953029492 28.9926922347 28.2552338533 28.7692939554 26.03092802 25.2528428604 25.3978710663 27.9761390292 29.0341692683 27.9641712248 28.116224455 27.3820787906 26.9419558518 27.5837133686 27.6001129278 27.2457955038 26.5482822669 26.2732415639 28.6789293539 26.0108412183 26.1957775229
26.3391538548 25.8401513418 26.7673899366 29.1780402129 28.2678547947 26.2158352077 26.5137305264 27.9918330753 25.5245334555 25.5346250748 28.9346112491 26.6573813541 26.4937687275 27.8419534712 26.6554975037 26.573197132 25.4952532278 28.8567340685 25.4790276483 75.6887963026 75.6887963026 75.6887963026 25.897794719 28.3581013684 29.1307241636 26.3864362491 28.7559003598 25.9697765563 27.6840627327 43.0276256075 27.7135154031 55.017388205 26.6824143626 25.9846176906 29.0128586817 28.0396653904 28.7771493772 27.9400800158 26.6751852279 26.278392963 25.9412295863 28.0602875323 28.8023292589 25.0931283513 25.2079343815 29.1930413322 25.9081937851 27.4045536587 28.5142168252 25.0604304162 27.2315625832 27.6538505904 27.7348760305
28.4346794547 26.5326720252 28.742793285 27.5349418554 26.6054457561 28.3890326357 28.9540043798 27.7715208723 28.4864168911 25.8311712018 29.1912438686 28.1235675564 28.1543247524 25.722150823 26.9385253728 28.7706016808 27.6709196944 28.0732454578 75.6887963026 75.6887963026 75.6887963026 27.0371018972 25.8940476505 28.0326410388 27.9440204111 27.5486907047 26.8019478888 25.5021425233 28.2595797473 26.8484365968 57.2262531587 57.2262531587 55.017388205 28.3607184411 27.690864474 28.7164563568 26.8252674532 25.0039392332 25.1559296129 28.1602979308 28.5418619353 28.0013976919 26.6822364325 25.238020033 25.0274571795 27.4101711525 27.8105905997 27.295335133 27.0974018908 27.6701024004 27.9368356364 26.8014220152 27.5046791678
27.5115371661 29.1930946233 27.358457211 26.4660818804 28.457853073 27.0749466393 28.5747413232 27.778448613 27.4435935244 27.9865678123 27.3307146868 26.544164798 26.7485120108 27.7509381473 26.2867121537 26.1142409668 25.8422628084 26.3431823078 26.2599145951 56.1547436039 56.1547436039 56.1547436039 25.6224636844 27.7833294514 28.4297267425 26.1637293925 26.1794001345 28.2336103283 27.3346889097 39.9366620791 57.2262531587 57.2262531587 27.2600532771 25.1671532178 28.8750470724 29.0176480146 25.6661808254 28.7168452004 27.2745838091 26.5998192657 28.0524412666 25.2706279603 26.6673424117 26.0782492999 27.3969142359 28.3697192654 25.8091450747 27.0511139372 29.0954912544 26.4683676657 26.0620719427 25.2972873335 28.0769021428
27.3057021978 25.5074249851 27.2539545417 25.4621515435 28.750062648 27.1540086308 25.313094799 25.1870502224 25.5597123179 27.471553127 26.381738608 27.5784243905 29.0062853308 28.9839815605 28.7514697017 26.0564492253 27.8266562165 28.0047302599 26.5552442281 56.1547436039 56.1547436039 55.6471348866 28.2574040323 27.9185745076 26.5762054451 27.8244988895 25.7318805834 25.4235879589 27.3824823827 64.0956332596 60.5273720426 60.5273720426 29.1538319897 26.9157439193 25.3457164526 27.2802705993 28.6524131389 27.738960653 25.7922719109 26.2349108314 27.3879425666 27.0515669516 29.0369183641 28.1367759739 28.2053112053 28.4057868215 25.2753010201 27.7544409023 25.6374405919 26.5979419466 27.1653701452 27.336339839 27.1928797395
28.074881803 25.2554086379 25.8462205005 28.7788550336 26.5616487589 27.0976511586 27.7202807533 29.2036575109 27.0439226257 28.7569171732 28.3599509477 26.1780707687 26.7962791434 26.6358801667 25.0704155843 28.2244389976 26.7086536375 28.2409376244 28.6148757903 27.7527764531 62.4512023615 62.4512023615 62.4512023615 28.7105820484 25.6505626859 27.2707396335 25.373965085 27.8656388359 28.0853868944 25.1215909478 64.0956332596 25.1272217585 25.0943043443 27.5041904542 25.2866318504 27.0908719494 27.2706912538 27.9345853784 26.4500594579 25.4125731028 25.9148694284 26.0032068045 28.0569192487 28.5880194367 25.3689093743 26.494205991 28.2304904683 28.6059473388 28.2098742856 25.3580524603 25.6997145006 27.3436818077 25.8018213678
26.4964905888 29.2205863137 25.4774540892 25.4094742958 29.0640787735 27.6777812553 25.2972865772 27.7205900773 26.9850599552 27.600352674 27.9665515336 29.1806189109 26.2831046264 27.524686366 28.8197236898 29.2089761556 27.7725217175 28.4848159523 27.7175521733 26.1006474087 53.3984749669 53.3984749669 26.0612884288 26.8138109641 28.0922073109 28.9724891811 25.2390250276 25.4831948574 26.7830140812 27.4087270447 27.8731846417 25.4992972332 27.4652880074 27.5342302 25.2888045919 25.0094751925 25.6371450454 27.4113101986 27.6930334336 27.0986955657 28.2222430228 25.0687957909 28.7241194912 28.0981050617 27.1327761713 27.8146706435 27.8306835491 28.1703775681 28.3240414093 26.9458792539 28.4812550327 26.2505387582 29.104758697
26.877452707 28.4017703905 28.2695859214 26.8934518752 26.4206362658 28.7223486413 25.5771960932 28.4946675311 25.1344746217 27.7913456769 27.5758667953 26.9126428088 28.0034444684 28.4997469866 25.425442017 28.0398790207 28.0092572176 27.4076078805 26.0332684557 28.0506094761 49.6619783261 60.7140273167 60.7140273167 27.5826978716 29.036702023 28.3685191053 28.5846095198 82.9667635981 25.3923584418 26.6024665402 42.3376365501 42.3376365501 26.0771763818 26.5129016904 25.5276643873 25.4164607828 27.5063369028 27.7124168202 29.1959666465 27.4387353943 25.1358279171 26.8446759923 28.9488580417 26.0313909417 26.0468557824 28.8675134159 28.8628581031 25.2002578647 27.8503623405 28.1716245249 28.0238939945 28.8322390171 25.2220359396
28.2369071543 27.2461768733 25.0878055533 26.9834586972 27.1803170284 26.0143726493 26.6597456521 28.3396964408 27.0301636948 27.9662975103 26.7530431063 27.0953853588 28.7005658834 25.6884882301 27.9253777859 28.8544822859 28.9959005881 25.1978547324 25.433928558 27.4071629975 49.6619783261 49.6619783261 62.8180787919 58.8185405538 47.6883203971 83.2616430059 83.2616430059 83.2616430059 25.442381715 42.3376365501 42.3376365501 42.3376365501 27.8982846409 26.3487392403 27.9841189726 25.6131594681 27.8315266875 25.0499508431 27.5680401728 25.9457636163 27.3056296475 26.1632542269 26.3246071129 27.0495927361 28.7973297801 28.5095180292 27.4233074058 28.2108235017 25.5304366097 25.7987080024 26.1378707185 25.3902542481 26.964128016
27.2830990734 28.1900028119 26.3910066545 27.787628463 26.5797482587 25.9731593841 26.7189151909 27.5386388648 26.4216609716 26.2795026336 28.3342683986 28.7627157526 27.5571817594 26.4432024369 28.3130689314 27.443734644 25.1082525072 26.0314808641 28.1941091441 49.6619783261 49.6619783261 49.4541635087 49.4541635087 47.6883203971 47.6883203971 47.6883203971 83.2616430059 83.2616430059 28.3992396155 27.2635356492 87.3598968867 47.7600791136 47.7600791136 25.5191090325 26.8395912742 27.1836022609 26.5862574404 26.2065378448 28.7491076876 27.8309268238 26.0097444309 25.9633640236 25.2641157212 27.682647158 26.8068508359 25.7261660946 25.7225465591 26.3107842195 27.9199258216 26.8937949652 27.8670277157 25.9272705571 29.0430514484
25.1424289781 27.3987476822 28.707788359 29.2389685477 27.5780364989 27.6875374396 27.3573828106 26.0462999802 29.1372743519 25.4318343569 29.0062901402 26.2638975034 27.1743747631 28.4583842036 27.4034110954 25.7661116822 25.6994384343 27.2211009372 26.5622205276 28.8281813771 45.8903803531 49.4541635087 49.4541635087 47.6883203971 47.6883203971 44.3921836217 26.3959708957 28.4146252817 26.2816542649 87.3598968867 87.3598968867 25.3108639798 28.8785462991 27.8331395881 26.912470468 25.9742150248 29.0083355099 26.1299582946 28.5200871833 28.5001859829 25.9537999609 27.1270127908 28.5522592365 28.2358830693 26.4591830089 26.140153972 27.9642021996 26.01388202 28.5627420548 27.1803785565 26.1443894123 26.5794526603 27.7349642439
25.3405749087 29.0105084061 28.0307691882 25.8406218939 28.4320798008 28.3158968978 25.2504259943 28.1194278209 29.1496279888 27.0221539278 25.8098793852 25.8837102304 27.1092995759 26.61931867 25.5634931835 25.8756689347 25.9859149238 28.8261617576 25.5676906348 26.7542036527 25.6792667242 45.8903803531 56.2675497334 28.0322088432 25.5366719044 26.792536322 28.4084640358 29.043132513 25.1403626239 87.3598968867 87.3598968867 87.3598968867 26.7331958774 28.9116227886 27.6130055361 27.7159915923 25.954825325 29.03603978 27.683486266 28.8550019922 27.8071517122 25.1110694006 28.2035696204 27.3997441812 27.0191422558 28.6856372362 27.5071865399 26.083978869 25.1509972111 26.7015983751 27.061206626 27.7409314279 28.6182559581
26.7883355247 25.0022733448 26.9973815577 28.1834306092 28.8367747803 28.2925953859 25.4087048709 26.3041825118 25.7074528739 26.1362691713 28.0134536348 26.8556888942 27.9747939364 26.0004017454 26.6430361029 25.0756588292 44.5430224492 50.957050637 25.4511474449 27.9902802328 56.2675497334 64.462372927 64.462372927 46.9560475493 25.4407606198 27.6606148655 26.3751837924 26.895012963 25.4739845877 35.9129137352 35.9129137352 43.1616974673 28.4045457423 27.7128414627 25.7174184374 25.1105306444 26.3040421423 25.5647437348 26.9055432084 28.8575531313 28.1908683725 25.6539207949 28.086519068 26.0013854104 27.2069607768 25.7474336737 26.1183092822 28.4073298673 28.2399370525 25.3968981323 25.1957986793 25.9669637515 62.1058017193
25.3204094112 26.6364612304 26.6141338122 25.784740029 27.5146662778 26.4476464867 25.6108677513 28.2393622748 27.692670284 28.4001058775 28.1059951653 25.6053263572 27.4286681215 26.9798945435 26.0071240524 44.5430224492 50.957050637 50.957050637 25.6013666936 64.4197290064 64.462372927 49.1975902228 49.1975902228 64.462372927 64.9807068163 44.619921697 26.5019377984 28.3956574887 56.3546212031 35.9129137352 35.9129137352 40.3540031519 51.8750411279 25.4051100882 29.065435457 29.0633495908 28.1219516222 27.1114469948 25.7937504952 59.386104418 26.9754679901 49.9705399498 49.9705399498 27.7676723045 49.3528354389 28.2551985832 26.3285814691 25.1427141537 28.7798948274 25.9833682759 28.8611778694 76.4685275572 76.4685275572
26.3854390796 28.9273675039 26.4207106297 27.2272568692 25.5868735982 26.6807961698 26.8986974243 28.7395755138 27.0470824227 25.0896256828 25.6318683075 49.8272344199 26.2040299774 25.317762436 25.5795775696 44.5430224492 50.957050637 50.957050637 26.9279332329 64.4197290064 64.4197290064 49.1975902228 49.1975902228 49.1975902228 44.619921697 44.619921697 61.4611601219 56.3546212031 60.1950675704 42.6930903045 42.6930903045 25.6149455394 51.8750411279 51.8750411279 51.8750411279 45.4089218037 45.4089218037 27.0388322789 45.9420499642 45.9420499642 59.386104418 49.9705399498 49.9705399498 53.3201431745 49.3528354389 49.3528354389 52.5956252327 45.83988688 40.8120366897 48.6126653139 69.9815366303 76.4685275572 48.0242471006
27.473258227 27.4713878101 28.067058372 28.7381520325 26.0977326246 27.4449225294 26.6894284107 27.5546825647 27.916446207 26.6521105083 29.2206160389 37.3701492167 37.3701492167 37.3701492167 29.0673416072 26.9031544194 61.8294429122 29.1232273291 25.5798252119 64.4197290064 51.8083244993 66.6617435014 66.6617435014 71.1961311992 44.619921697 44.619921697 61.4611601219 56.3546212031 62.7350423938 62.7350423938 62.7350423938 27.6817570589 48.0321728599 48.0321728599 25.2144140322 26.3581545055 45.4089218037 45.9420499642 45.9420499642 45.9420499642 59.386104418 49.9705399498 49.9705399498 53.3201431745 49.3528354389 49.3528354389 45.83988688 45.83988688 40.8120366897 62.6859437054 62.6859437054 67.4949657477 76.4685275572
26.9417415724 27.4991354632 29.0406812287 28.9722878084 26.7477985297 28.4919838819 26.7342535226 25.1816089168 27.7221505682 26.5335761416 27.9115367649 60.1780353821 37.3701492167 37.3701492167 28.3253008717 28.2883644277 27.5338779196 26.1737523351 27.736407662 25.1463757746 27.2241372174 71.1961311992 71.1961311992 64.9019210984 27.3912448542 28.1938397825 26.7748432601 43.8777207432 62.7350423938 62.7350423938 62.7350423938 47.4758616279 58.9578831501 58.9578831501 27.4424346862 27.3560561483 45.4089218037 44.4907107528 29.1564156003 45.9420499642 29.2287396336 26.0066641513 25.1504685425 53.3201431745 28.1951377663 52.5956252327 45.307112943 45.83988688 40.8120366897 52.294768707 52.294768707 67.4949657477 67.4949657477
