Spatial_Output/BAU/BAU_0659.asc
NCOLS 155
NROWS 192
XLLCORNER 196769.923733
YLLCORNER 449719.875193
CELLSIZE 27.603701
NODATA_VALUE NaN
[rows 69 to 91 of 192, columns 53 to 105 of 155]
29.042084189 26.1979194515 27.9145024448 29.3317596547 24.711796091 25.2239665645 25.6133689861 27.7808848978 26.0121521398 29.2067534755 28.000005012 28.418558238 26.1792778 27.7686944643 26.1266198643 26.2275419535 25.3196427667 76.0085135579 76.0085135579 76.0085135579 28.4628731573 42.8036925584 57.1988152588 27.8635156536 27.2175187059 27.5188532741 26.298987858 24.9592355308 25.4454012113 42.7126208861 44.4634358092 41.8709496141 41.8709496141 44.8735355681 24.6294679915 28.4535280328 25.5431534211 28.368703682 37.805439707 17.9991322763 27.5208782418 57.7382959177 57.7382959177 60.7239983082 60.7239983082 60.7239983082 57.851463991 27.4481242645 24.6954898625 26.5438178572 29.2865991767 29.3309707221 24.9705709168
27.3180398823 28.1724300184 25.4144290665 27.7408407754 25.3865426656 27.6591936971 26.7093817686 26.006066041 27.1793952965 26.5084441026 27.8028558759 28.1553493918 25.3165946875 24.7477087224 27.6006455038 25.3339160285 27.2796133497 25.3007323884 28.9378857511 73.1758594489 57.2775097554 42.5376555406 42.5376555406 42.5376555406 28.0096389672 27.164089694 26.8978525662 29.3166469182 28.7009528614 42.7126208861 44.4634358092 41.8709496141 46.8321146326 27.6063533589 29.3377997686 27.7204709768 28.4575398286 24.6379634703 25.4378071869 27.3709273735 28.6427155568 28.4461388039 57.0893759498 58.4786689635 60.7239983082 60.7239983082 62.2214440161 62.2214440161 28.2375215795 24.9742214157 24.6968393673 25.8820799577 24.5473479401
24.6975991829 25.1919174756 28.3622771657 25.8048711647 25.4856753161 26.4320228703 26.0035796444 25.2972916566 25.2183712138 24.7016037476 28.231969475 27.9340155089 27.2144229377 26.5173357743 25.7748920477 26.0464155288 26.5254053839 28.4006160487 26.5854095627 29.3171181788 57.2775097554 42.5376555406 42.5376555406 59.110649241 26.7232633233 26.4910977815 28.6518293209 29.0665408024 27.8994412251 26.8794063206 26.3988226367 41.8709496141 26.3606749481 28.4248986242 26.7192982211 26.1259565998 28.5424943132 27.7560656252 29.1397992692 24.7030361174 29.1692197744 28.3732409047 24.5161026604 26.1036072353 60.7239983082 25.8314919266 62.2214440161 62.2214440161 47.6926116149 53.0558026156 24.9911130778 26.7308265709 28.6609960795
27.30698533 25.1237603571 29.2885257216 25.6559263522 25.3958993212 28.8218812978 28.2686300879 29.0486992257 24.9607493001 28.4813468408 28.5166975247 28.6691052048 28.8787979313 27.5986185004 27.5330360368 28.6932155683 28.4833823864 26.4665660255 25.4520657451 26.1291390633 29.0756019597 59.110649241 59.110649241 28.6076763851 26.8183302934 28.7843136421 24.5966230473 29.4064179037 25.7250913142 27.0050534782 29.2659171195 29.239925802 28.3638016737 25.1287677682 27.4522347056 25.1561022698 27.3099949672 28.5360898161 28.1883709078 28.1333899757 27.4013553817 28.3471377842 28.5134934601 24.9194636544 26.7142354619 28.8050818798 62.2214440161 47.6926116149 53.0558026156 53.0558026156 62.3508710175 28.2339373345 26.8235339794
24.6693394556 26.3213766695 28.8486013891 27.9248917378 25.8166891623 27.6810380346 24.8291900695 28.133816148 25.3672367766 26.4533361131 28.6313902147 28.430371612 27.2695694696 28.1549732244 62.3910816383 64.226971568 64.226971568 59.4302155859 27.320292958 25.3715263588 29.224179096 25.5501477827 28.7157329094 29.2198951182 26.4436292386 24.871823633 29.1604229085 26.4321800355 27.263718078 27.1732826979 25.8859951268 25.8635867136 24.5831834537 26.21114255 25.0417906954 29.1461246223 27.313418386 26.438140144 29.1738047538 25.7019690009 25.6358754548 24.9245958358 29.0416024801 29.2240895458 29.1071540909 28.082733545 27.0263834374 25.5778323649 53.0558026156 53.0558026156 67.1648173887 67.1648173887 67.1648173887
25.8605615539 28.669866084 26.2932139095 25.362780874 25.4178294593 26.9778243853 26.4074179935 24.6189893109 26.2029152784 29.0493775454 26.8025926503 24.8895338877 29.0511795909 62.3910816383 62.3910816383 64.226971568 64.226971568 28.8677375776 27.5899574576 28.4027106858 26.105129674 24.7595926225 26.4167881638 28.8313615842 27.8899749097 28.134883509 27.0500665671 29.0362352728 28.2583832449 26.1853544613 25.5032913446 27.1956963625 27.3365226388 62.8370401351 62.8370401351 27.4127456276 24.6282534861 29.2560442379 27.1667108603 25.0204257004 28.9151466203 28.9202344022 28.1652755778 27.4149995028 25.1136191133 27.280158529 29.2016939 26.7718400261 25.3313247326 25.6770240103 62.3508710175 67.1648173887 27.6668687742
26.2217844573 27.0851994353 24.5112820223 24.7748091945 29.1596065357 26.1841012022 25.9492028164 27.135214481 25.5305087081 25.8027109978 25.6900619341 27.9379982417 61.0968420572 62.3910816383 62.3910816383 62.3910816383 27.2160402386 24.9950545663 25.5537940271 26.5140430488 26.3960957201 29.4138438547 29.0611767125 26.0744547811 28.6351017461 29.0708577001 28.3907115665 24.9548831477 28.3525640185 27.9693627648 24.9621147306 26.0054191253 62.8370401351 62.8370401351 62.8370401351 27.319687631 25.0028184078 27.4131493044 25.557360857 28.7663161587 27.2870790505 29.3990546133 28.5188953964 24.7330204291 24.711890761 29.1767195557 28.35187301 29.2226921023 28.0274280586 28.2359100918 26.1937595347 25.1038518792 49.24674938
25.3724018632 24.6380874244 26.2894799065 26.7718038164 28.1418400999 26.1484538235 25.0542344437 24.6169056783 27.4325723321 27.146530218 26.1010192403 26.7886373069 28.4391116807 27.7086475363 25.2624949145 28.8609048031 28.9609094219 24.6767751616 26.58092112 26.0798496175 51.6832696397 51.6832696397 51.6832696397 28.0551932542 25.684158469 25.969474196 27.3184792352 27.1957857723 24.8851331846 26.6136121376 26.0587783521 26.4297124872 24.7397097432 27.9212316379 25.8582690762 24.6323804042 24.924089329 28.3971407905 27.4231968048 24.5401972374 25.4625991902 24.6073366983 26.9428979493 28.7665080658 24.7389113557 26.3785996486 26.6210692381 25.4314994015 27.4651287281 28.4890148701 26.8165962928 24.5366540246 26.1400700417
26.8485070879 28.8832683039 25.9462042135 29.2240087328 26.2637533328 27.6958034009 28.6305489539 27.0851480676 26.581871068 26.201251797 27.8266460619 26.5706954077 26.6040021446 24.6548214709 25.9016339649 25.501048632 24.8373067482 27.7662803316 25.5386985122 29.2635113372 51.6832696397 51.6832696397 25.8565661196 27.4744046007 27.6096476734 25.6270413672 25.4277667532 26.2635005785 25.2873919239 28.7344278052 29.2265281547 26.4460281744 29.3228501668 29.2317541619 60.5625769951 24.7687317724 26.4525543206 24.8524043501 26.6301177365 27.1676911268 28.8499914348 26.0991054881 25.3949246542 25.5651047584 28.5179005669 24.7928713773 25.1352618758 28.6695088168 25.8492106217 27.2470421053 28.0660380036 25.4486081397 27.6198849846
26.2312560587 24.7998067108 28.8562510843 26.2611359677 24.6443936997 26.5646214728 26.5350460601 25.1014477679 51.5915713064 51.5915713064 51.5915713064 27.3556827251 25.819680026 27.8532965411 24.632077041 28.5363592883 25.0840741435 26.7356637749 27.0889117824 28.5058937904 45.8356743926 45.8356743926 45.8356743926 28.1721153985 24.9105796404 26.6523495149 29.0173252386 29.132081967 28.5740190293 24.5229163624 27.7882497817 24.7790040593 29.2370838192 46.3265724153 26.1108785289 27.6905818887 24.6363100431 26.1757161756 28.2433893026 25.0698472314 26.4850633231 24.7871961059 28.6583870197 25.2866165791 29.444914199 24.9307218071 27.9385030984 29.1541638811 25.5255251826 27.43375026 24.8137125714 26.4889139006 27.3460528557
24.9194018954 28.6966198817 25.0484078022 27.8915850736 25.3353724309 24.9905821626 29.1032450481 25.4489774351 26.0982639627 51.5915713064 28.4892889254 28.6270253832 26.0120332578 26.4674811643 25.0710057105 26.1370642513 29.0743696625 28.6849990319 26.702809112 28.9687395286 25.5293024091 45.0055345737 27.2930669785 45.0055345737 24.9171896245 25.6621113414 26.3233466284 25.8132500861 27.2525491182 26.4868895119 29.3085798204 25.6555206281 27.702257784 46.3265724153 54.3543552112 24.7085830826 26.4729159451 26.0320905615 24.9688204206 24.6241801757 27.8728054398 28.0274485234 25.6183002209 26.8028712037 29.0756229759 26.4289513963 27.6914989864 26.111550585 27.6219889175 29.3710438301 27.0547768525 29.0547540607 29.077318562
28.0979751549 25.9051189191 27.5220358312 25.4406567014 26.9881379705 29.335369385 24.5041630855 25.4836786425 28.5625242737 29.3721596679 49.4782725467 28.012829597 25.1490998117 26.8086845123 27.058574188 26.3724207563 27.4724798449 28.1859638422 25.4150895389 25.9718225327 24.8136427043 25.4033840665 45.0055345737 25.729089958 29.0579856617 29.143496545 27.6447850868 25.3411216867 27.1365790816 25.0828881093 29.4264281154 24.6473092483 24.6518404599 54.3543552112 51.6641487805 51.6641487805 29.0509538909 27.1196180181 27.9343276505 25.0404976953 28.3598596702 28.8102270175 24.9005151551 25.0818481381 25.5715104215 25.0864144834 27.8068988589 25.341414685 25.779869026 29.2203524049 25.6924260494 24.7901345094 29.4175924432
27.0502275634 27.2341739157 28.4195163833 25.6769846873 25.6464045159 24.7279099508 28.9374184321 27.608018732 26.4832212505 26.2442622332 27.142645415 25.8163325307 26.6777336748 24.7395323602 24.6908705845 27.7928967122 28.5260510418 26.2937038373 26.6651977838 26.1028535686 28.7377927008 25.9551386006 29.299221526 28.4469758422 28.2860521104 24.5615725427 29.1067840843 27.293848863 25.8168289984 25.2146318476 26.2143685743 25.4061277308 26.5166505788 24.6840946843 51.6641487805 51.6641487805 51.6641487805 25.7510490562 27.416401924 26.2682743556 26.9135996571 28.439733158 27.4557302905 28.5883481467 28.3144277434 26.7000180175 29.4197808141 28.9165501092 28.279460279 26.1822276624 26.2876431245 29.1830757639 26.1568276541
24.6545849192 28.4104784986 26.0746360962 28.7224864366 27.5007622734 26.3996428999 28.1847699282 26.8561917719 25.5941189551 25.6525880227 28.250985547 29.2818507197 24.5532108913 27.030805876 27.3890660373 25.5710865202 25.749301177 26.5909013701 29.0224625712 26.9253506082 27.6523036917 28.7512710825 25.2262468421 28.3121972341 29.2594103437 24.7300523183 26.0724361501 26.190384121 26.1833795235 26.9295589319 28.5693251402 28.9430456055 28.556403167 26.0849339156 24.7636016777 24.7623962342 28.6671484895 25.0945208818 29.3414501487 25.4027546965 25.7364576435 27.2921851953 29.2445511155 27.0575098363 27.0416696621 24.9212107301 29.1112079274 26.5659143779 27.471407264 29.4469710997 25.0502241604 24.5395287447 29.1952364135
26.0501813838 28.0648505325 26.0614323331 27.4035149707 26.3280181528 26.477531995 27.3955452511 28.2898169488 25.5309234552 80.377360687 24.5910324719 28.3382244198 25.6378496555 27.5077608384 27.0910804927 25.4891220313 25.2121168982 25.5583407678 28.4766373597 24.5299017735 28.1295806478 28.4982126163 29.0300280137 24.5015490202 25.9263456072 28.8223441717 29.0187731313 27.4964897614 25.8067881024 25.6005782395 26.4327253116 28.3355824322 26.6557127238 25.0547728571 27.2492189977 44.623201697 25.0811343028 25.5786607339 25.227118873 27.7328846003 24.6769619027 29.0996043415 25.3806926992 28.4983872697 28.9407573342 28.6992025636 28.5144089419 27.6899882171 29.3541143398 26.7703999861 24.6329383237 28.0361428665 26.2530772589
27.2298697684 24.9288357232 27.1413797197 24.7170053513 24.5421507793 28.1467297585 26.7820642328 25.187086307 80.377360687 80.377360687 80.377360687 24.951316848 26.5142891629 28.2899815955 25.6936981382 24.9345252504 25.3242484065 27.3651364012 28.765336118 28.0450364854 28.1379939811 27.1546610721 25.5899301654 27.2369337333 41.3398335499 26.7685341432 28.3683193277 26.446679147 24.5708731581 27.5668434003 27.0164134644 26.2623528366 27.2488437333 27.9934361997 25.2685541608 28.4250568101 44.623201697 25.6422697762 26.9540843696 26.7865298955 24.5277456625 27.3252861865 28.9828528135 28.0137747262 25.2235439224 28.6258106006 29.1751465018 25.9988773012 27.4590624976 28.2952544092 29.1637583997 25.9596713906 26.0137334309
27.8002871098 28.7374305644 27.9179178434 27.8483537624 28.6652931651 26.8446903422 25.510373067 28.5649923509 80.377360687 79.0211186832 28.0427303901 27.14679951 24.7117195965 27.1032738559 26.2726431669 26.1180901015 26.3115759787 26.0329219667 29.2956850463 26.083287694 28.8831195132 27.9857301334 28.0507378747 41.3398335499 70.3173184841 28.3178917928 26.5302391998 24.8243395658 29.2604690156 25.1694154719 26.7516016024 24.7338762675 24.5387638125 25.4183717751 24.7466070997 44.623201697 70.9043306214 28.9704163703 26.5849597742 29.0624748809 24.8671087576 25.5470045202 25.5123062097 26.1286943982 27.2411457925 27.6932846159 26.5759642311 28.3405257416 24.6007797843 28.958751039 27.8849726253 26.4477993313 24.6452650694
29.3517258609 28.0234709701 27.734647471 25.3130081957 28.2704240887 25.4805795993 27.01836924 27.6412267934 79.0211186832 79.0211186832 79.0211186832 26.7503274484 25.3341094166 25.7224630277 25.6474349958 27.7280121623 25.0167221114 29.0393540296 25.9632316101 27.7123890863 26.7045058508 27.3769399782 24.6732907428 24.9132312451 70.3173184841 70.3173184841 70.3173184841 26.1096952415 24.6944914594 27.4272082034 29.337581011 25.8183175524 27.0330047451 28.9276333952 24.6021152261 45.3731616165 48.3083250813 26.7349527628 27.6215374887 28.1923038418 27.9275787302 24.7940945965 27.7528080191 25.2960904688 25.0406767899 28.2786906855 27.6212572652 27.6925991885 24.6288713795 28.1673686 26.4412402214 25.4564600075 25.9278676876
24.8746712706 27.8846796201 28.643058092 26.5070838069 27.9032839172 25.3586321346 26.1689082249 27.1522288932 26.4736782015 28.0396371732 47.0619006174 29.4034871202 27.4756395803 28.0285444339 25.1244907721 29.3068911302 27.7231734209 25.278436361 25.4128588487 27.6805348559 29.1836452825 26.2839542927 26.8752984597 25.622403745 43.3518001659 43.3518001659 43.3518001659 62.5508606069 26.519338838 27.8304034474 27.6620563407 24.5953238023 26.9188569538 27.4548218739 26.357470443 48.3083250813 48.3083250813 48.3083250813 27.2574824643 29.3808594759 28.5064589304 25.2874832845 24.5325193502 24.8364822196 27.6010860865 29.373231556 26.1614241498 25.4138303115 27.2891509404 26.304041967 26.7166381558 29.0444030203 29.3531240674
25.0926764938 28.2039758418 27.0816796641 26.8766963581 27.0592475332 27.8077200087 25.1560289679 26.6609209956 27.6939480078 29.1713419361 27.6659961296 27.1385808235 28.0092001852 29.3903333578 26.3378229847 28.6799273137 28.3345476691 26.8510917332 25.714613489 24.9316149727 28.4784625553 26.00164237 25.6053995465 26.751714737 43.3518001659 43.3518001659 51.2465229323 29.1890388965 24.7907962946 25.4007524494 24.8169922898 28.7206978904 28.3278959001 27.9125604453 27.1870235429 28.1143419113 26.5733418349 27.6565784391 26.6851914443 27.0015313146 27.1771027196 28.946431309 26.7221526184 27.0157963195 27.060426983 27.5104256353 29.1961878081 25.8867921825 29.3440941876 25.2355740362 24.6035093168 25.2814991456 29.4051065935
25.6887317027 28.4130821986 25.3993774429 25.3453506199 28.1116106091 26.1615292538 27.4382589271 28.6694133954 57.1575140147 57.1575140147 57.1575140147 25.2241140719 29.3274726391 25.2807556781 28.9510711217 26.4446272412 26.3521900633 29.3025505481 26.9684942505 25.0628174555 27.4215650133 25.833777969 24.6869527792 28.9714969247 26.0566565224 51.2465229323 28.5705425521 64.1913315258 28.5633640931 27.9428252853 26.3093942194 29.2480738617 28.2820574387 26.3598819357 66.6996582532 66.6996582532 63.2993435055 63.2993435055 63.2993435055 27.8514224284 27.7285018461 28.4804817123 26.6052837544 27.868062161 27.9997003258 29.2202553111 28.8327357398 25.1816929862 27.5701632691 26.7123032585 27.5344947621 26.6939185105 25.1523595533
29.3530141575 27.2073852172 26.9457605475 28.9272997055 29.3253096586 28.1118641389 25.8862438283 26.9175211024 25.2119586591 70.2433829891 25.4814093476 24.5491440207 24.6308961253 25.4869380097 27.8524649438 28.9515650101 28.2639096459 28.9406931458 29.1082562656 26.1550536329 28.0575617639 28.2076113519 28.2671001853 29.1920733387 24.5121050746 24.6384558854 64.1913315258 26.8823431526 28.8527759438 28.1234536521 28.1753617127 26.8666148549 25.9104229039 27.8884724452 64.9749926774 27.5053656361 63.2993435055 63.2993435055 25.7289553671 24.9079077329 25.9336779666 25.0193259103 28.3405205134 26.9971540967 24.8065063421 26.550917365 28.3663880792 28.6336717587 27.1433664045 24.6576522493 24.7541261788 26.8803409478 28.2938517157
25.1533793366 26.0725465827 26.1699173732 24.7175483754 27.5973298196 27.2730498461 24.8925159131 27.6840431506 24.640302366 70.2433829891 70.2433829891 28.6605813805 27.2122555272 25.7162156345 29.3095878203 27.0540012062 28.2958150201 27.170661896 24.9674192779 27.4691414498 25.6694253612 29.4407385718 27.1933665237 27.3791664569 28.0191162308 26.311421784 27.1604228025 24.5848464353 29.2216712663 24.7320374102 27.5418098078 28.8825601784 28.5835831946 28.1588768886 29.3338060471 25.0820174491 26.6717759643 65.7105452442 25.4697967349 28.9951616171 29.0705600624 27.7307410893 24.5805846983 27.3298162099 24.7107761409 26.7868107832 24.7299741977 28.2730451924 28.9332279781 24.8753391071 24.6694859372 24.9005353448 27.3462999387
