Spatial_Output/BAU/BAU_0778.asc
NCOLS 155
NROWS 192
XLLCORNER 196307.867259
YLLCORNER 449144.565805
CELLSIZE 33.573938
NODATA_VALUE NaN
[rows 75 to 99 of 192, columns 0 to 56 of 155]
69.2314019752 80.1236992038 80.1236992038 58.3068292644 58.3068292644 80.4101538359 58.1193782535 58.1193782535 82.7754590203 72.2813109616 80.1200983016 58.3681737716 25.2538392388 26.1834482951 25.3955215456 24.5950115609 23.4654978866 25.8337191162 24.9907400263 23.9510108153 24.0786492151 23.8972281945 25.3768314555 25.2492543209 26.0951994196 26.0741640651 25.0899932699 24.5225460983 39.2841953589 55.6394389366 58.4903952891 58.4903952891 25.4050077016 27.0096005063 24.3726225117 23.7542579538 46.4496755644 46.4496755644 24.7703736875 26.2650496175 51.1786445632 51.1786445632 23.9205468078 51.1786445632 25.9075922654 23.4749348622 23.2790027855 25.195070838 26.0415525624 27.0579484762 23.57179308 25.30036629 24.1093947015 27.0377071428 24.5625119185 25.2866396818 23.5409938674
0 80.1236992038 80.1236992038 58.3068292644 58.3068292644 58.1193782535 58.1193782535 58.1193782535 72.2813109616 80.1200983016 61.9326321587 62.5502868817 23.9713518043 24.4231734963 26.7331374416 23.1729532473 24.3727920325 26.3881384384 23.3264379281 25.903633388 24.3592699046 24.9571957197 26.7042915 65.2458009091 23.6739721053 26.2982520328 23.1168246352 51.7334087995 39.2841953589 39.2841953589 39.2841953589 58.4903952891 24.6532037234 27.0178124005 26.5860855606 27.0920724221 25.2986061009 24.9254728703 23.1583581877 25.7741065081 24.9293596865 24.6265162855 51.1786445632 23.6121035247 25.6344927724 25.5863807505 24.0152269068 24.0013139299 25.7147388055 26.1771741405 25.1396968019 27.163560613 25.8896116607 25.7766694347 26.1872159413 26.8998539917 45.7408554641
0 0 68.9333533432 0 58.3068292644 44.9185358791 58.1193782535 44.7119450624 50.2615269702 59.9807727217 55.9609285815 61.9326321587 25.4971572945 25.6207908329 27.1804438644 25.6870382707 25.6931567777 25.422462326 23.4457263454 23.7775406877 26.9535983694 27.0622992001 65.2458009091 65.2458009091 23.3935899485 23.3952990324 24.053925996 40.2859594246 40.2859594246 56.4477382089 70.4789690122 70.4789690122 42.8251942953 27.092271548 42.3307143039 25.9942632279 25.1384459217 25.4106550402 25.3315195921 25.8071924469 25.2646723241 44.4511860742 44.4511860742 44.4511860742 23.6905325195 24.0471975011 24.753990743 23.1928820661 23.6414606999 24.1032324897 26.6418465419 27.1813162091 26.9244991172 24.0418090076 45.7408554641 45.7408554641 25.7187183131
0 0 0 0 44.9185358791 44.9185358791 44.7119450624 50.2615269702 50.2615269702 63.1178622253 62.8169080115 56.8047565188 56.8047565188 25.1462460434 23.5551584557 26.7366520114 25.5001407362 23.1368988463 24.0195912055 26.2484154579 23.4549772516 23.124556466 65.2458009091 65.2458009091 25.5920952077 25.7960762869 26.847572327 47.3849792996 56.2819832661 56.4477382089 70.4789690122 70.4789690122 54.020430141 42.8251942953 23.7252471896 24.3648700837 56.4715592021 23.6744528465 59.2703974269 57.8149722905 25.0986631106 43.8093821746 52.3737709675 57.5366801475 61.7383160446 57.4113080078 50.5404237499 47.5078496568 44.9367512576 24.8865070812 54.1944761105 25.4956353842 60.1396010484 25.5517904293 26.8866723071 24.9908070852 25.9330773757
0 0 0 0 44.9185358791 44.9185358791 44.7119450624 50.2615269702 50.2615269702 63.1178622253 62.8169080115 56.8047565188 57.9816101138 26.156371019 24.4437215327 25.7356344113 25.5501936044 26.6947285866 24.3919154847 24.0888005497 25.9913041335 26.4420382721 24.0940955967 23.9838735496 23.6455796763 23.4605426591 23.6280019325 49.609673155 56.2819832661 51.5218031716 56.4477382089 70.4789690122 54.020430141 42.3307143039 56.4715592021 56.4715592021 56.4715592021 23.4558270857 57.8149722905 57.8149722905 57.8149722905 54.9718472332 52.3737709675 52.3737709675 57.4113080078 50.5404237499 50.5404237499 46.9157587436 44.9367512576 54.1944761105 54.1944761105 54.1944761105 60.1396010484 24.1665655267 52.0927075178 52.0927075178 52.0927075178
0 0 0 0 0 44.9185358791 0 0 60.3958482826 59.9807727217 55.9609285815 62.365364434 56.8047565188 23.2459745738 23.3094019035 24.1170080079 25.5362347637 25.481561375 26.4575569901 25.827965919 25.6290967451 23.070561388 23.953127753 26.6408154372 24.5049624966 27.069158712 25.2207000108 49.609673155 49.609673155 61.2032412256 51.5218031716 24.2414682331 26.484592582 24.6011731804 72.6095673151 56.4715592021 56.4715592021 47.7020564297 59.2703974269 57.8149722905 25.2218406446 54.9718472332 52.3737709675 57.5366801475 45.2169072237 57.4113080078 55.8033819274 55.8033819274 55.8033819274 61.5672082834 54.1944761105 54.1944761105 26.3833238899 72.3813953417 23.0362088816 26.048065434 25.1349897794
0 0 0 0 0 0 0 0 0 0 0 0 0 0 24.9940471478 26.1361473793 23.6531002381 27.128186542 23.2360908609 23.2327904164 26.0285948081 23.8952442173 23.3358839255 27.1296312789 26.8551875859 23.4450723952 44.816801426 60.5099355145 49.609673155 60.5099355145 23.373852489 24.5581104554 24.391056626 25.1357533555 24.948847922 24.7007469919 23.9922980144 24.1055953883 23.1991712838 25.8832829215 24.3824343569 26.5326414038 59.0928043883 23.52373284 26.1533447437 46.9157587436 55.8033819274 55.8033819274 52.8071382563 66.0757048498 26.571521165 24.190488465 24.8917371047 25.4880956762 25.6890414663 25.4697342864 25.7761453283
0 0 0 0 0 0 0 0 0 0 0 0 0 0 25.4669853979 23.8800532713 26.2936045297 23.5623962808 26.586464884 24.250913102 25.8869948573 26.8721232061 24.5596615298 25.2512750219 66.3789835315 63.897128501 24.5409030616 26.7211927007 26.115191958 26.2125524458 27.1621753501 25.6601496974 26.3371606074 23.4537641971 26.5778266782 25.4168210564 25.8523319207 26.2193670239 23.2480946137 26.2444610686 26.7530951027 23.5100764686 23.56772589 27.1731990133 23.939083531 23.2063318573 25.1274430513 52.8071382563 52.8071382563 52.8071382563 44.1890761281 25.6136344591 25.5827474562 26.1068490682 25.853427255 26.4118555887 25.294575004
0 0 0 0 0 0 0 0 0 0 0 0 0 0 23.0357552556 23.7203787026 27.1531727755 23.7164045832 23.1994343739 26.4584499027 41.0265934186 65.9256219731 37.463278042 26.6592980959 63.897128501 63.897128501 63.897128501 24.4124859926 25.1615871253 26.0224447411 23.5970888669 26.9424348793 23.4436166176 25.3327230534 26.344645709 23.6810934695 26.0912928466 26.263304175 25.6202206652 26.8999869927 23.8819648027 26.0463941147 26.118363639 23.0413296277 26.6193611521 23.530502103 23.7627125684 55.6958437326 45.6163913233 47.9472291878 47.9472291878 26.2677564082 24.7362115615 25.6387811796 24.4577529626 25.4645526449 26.8020698866
0 0 0 0 0 0 0 0 0 0 0 0 0 0 24.2979057421 25.0092116545 25.5326642262 25.0857544793 27.1310622602 25.7651233815 41.0265934186 41.0265934186 65.9256219731 25.6919272293 66.3789835315 66.3789835315 24.5893870725 24.8019735427 24.975429262 25.1064366147 26.0378137662 26.0741098313 23.4909500435 23.8775800045 24.7096292014 24.9099981351 26.8951010474 23.6704399892 25.7647241979 24.8445170594 24.7790193469 25.9139587802 24.5048701011 26.809444303 27.0984951749 24.4200486234 24.887925608 45.6163913233 45.6163913233 45.6163913233 45.7333616555 25.8870389547 24.7911489016 26.6684586644 25.2503503829 23.596039856 26.3452297913
0 0 0 0 0 0 0 0 0 0 0 0 0 0 24.9993701522 25.0256684245 25.1048028002 26.8413641033 51.3062560674 25.7867563588 41.0265934186 41.0265934186 65.9256219731 24.0917592007 26.0662937007 25.4188801582 23.3836628071 26.0982939596 23.7037035165 24.8077808911 26.9569189963 23.3896109001 23.7383662747 26.8884626117 26.4290007276 27.0203048027 24.4666844156 24.8955042653 27.2050523095 24.8663983843 25.0000874376 25.0702689854 23.2870104553 23.8085793635 25.3180589372 26.3326889756 26.4506762312 54.3463896964 44.5274455957 54.3463896964 45.7333616555 26.4023995387 26.9308183754 26.0175330016 25.7411653139 23.4036647867 26.6449085299
0 0 0 0 0 0 0 0 0 0 0 0 0 0 23.4717600019 23.2254292615 24.3384206128 70.2681922197 70.2681922197 23.2500264228 25.7857583329 23.5847937357 26.1635447267 25.537602077 26.7179456291 23.4103007961 23.0976069205 24.7876181185 24.5259076799 24.9433007273 23.277475204 23.9597711788 23.4754313072 25.3381969921 23.0368396847 24.1261534604 23.7575231927 26.6499507601 24.7496106059 24.6165471472 26.0906905098 26.216442206 26.5957079391 23.020688482 23.0793510844 25.9102457395 23.1820033562 42.9047439322 50.6499885205 50.6499885205 50.6499885205 24.3439530401 26.7257365062 26.4209516925 23.8632009183 25.6919587488 25.5578616636
0 0 0 0 0 0 0 0 0 0 0 0 0 0 0 25.7293017163 55.8576589228 43.8777042203 43.8777042203 70.2681922197 26.970667801 26.6942051212 26.3552076402 26.2048577747 26.3319564936 24.882802337 23.6608842847 27.1855356256 24.9310832576 25.1533958897 24.8038253427 26.7692205589 26.1909847346 24.6176307594 26.8077301695 23.9143833281 26.0513162309 26.5928324842 24.1818430103 24.432899675 23.2087095128 24.1453399087 26.8239772026 25.5002298797 24.9558875317 23.8294000878 23.4637997111 42.9047439322 42.9047439322 50.6499885205 43.1269343739 25.5348626609 23.8473284199 23.8592343339 27.2367404956 27.0564231461 23.0195268957
0 0 0 0 0 0 0 0 0 0 0 0 0 0 0 49.1865484882 43.300386904 43.8777042203 43.8777042203 23.616030801 24.4241252468 24.1890651847 26.4423641871 25.4304383029 26.0642936675 24.7622618281 25.6289289485 27.1657836662 25.0864847757 23.8235607014 26.6416693697 26.8881524017 26.3220680707 25.1366257658 23.5575429777 25.8655635246 23.3237871117 24.6994894136 26.848682991 27.0704468976 23.2132923666 26.4081714861 26.0986423514 26.0154197055 27.2040668189 26.0479264375 23.3856736822 24.2712310642 42.9047439322 43.1269343739 43.1269343739 85.2053773971 26.0141569917 24.4391650896 23.2299339224 25.6461595187 27.0737325335
0 0 0 0 0 0 0 0 0 0 0 0 0 19.4572950427 66.1167480352 66.1167480352 43.300386904 43.300386904 24.4044033849 24.4049062428 27.2192873309 26.3246569955 23.6524567781 27.1916309732 24.4411256591 25.99658181 23.4697019013 26.0387449053 25.0958108479 23.6945856925 26.8499240323 26.2480507765 23.4913105122 24.1179571614 25.7105956692 24.9451960575 24.5880675926 23.8015603957 27.0311476021 23.8797213377 23.5974438059 26.2392738227 23.6882499526 26.1522553377 26.5911264682 24.7153059528 25.9490505474 51.8368830876 63.5239154076 63.5239154076 63.5239154076 63.5239154076 23.5463047184 23.7078556108 25.0348597782 24.1933832067 25.1500817409
0 0 0 0 0 0 0 0 0 0 0 0 57.6930302385 17.8313306343 17.8313306343 66.1167480352 61.6626693307 61.6626693307 24.0959885654 24.2807036661 23.7705044498 26.3094734616 23.0857197401 24.0029367486 26.8783673731 27.085932437 23.2243270621 23.6596004544 24.0901876193 24.0660406835 26.2893102805 26.5999194816 24.0284105736 25.2443621295 26.6644698291 24.087676982 23.426854798 26.2599673325 23.7305675084 23.0813747049 24.5102111911 25.6924121405 25.342614475 25.868849661 24.3907496721 24.5089524778 25.6155757414 71.6625890377 51.8368830876 63.5239154076 63.5239154076 25.4009651573 24.5718404423 24.4869171843 24.6451965707 23.6267979496 26.8909217221
0 0 0 0 0 0 0 0 0 0 0 70.7595675087 59.1494182131 17.8313306343 17.8313306343 66.1167480352 52.1066377099 0 0 26.3748329307 23.3065509723 25.7402343649 26.960165981 23.6314032098 27.1946083028 24.5017504434 25.3934177367 25.4098133214 25.3985195533 23.2931927226 26.1149494183 25.6953682679 25.9350816582 26.3448285263 26.757735703 23.9025932597 26.9940920832 26.5922390931 26.9637401692 25.4461280497 26.9872277723 27.004348774 23.0326542154 24.8600049507 26.7214156905 24.3614526263 26.344562591 49.6952902816 71.6625890377 63.1317554705 63.1317554705 26.3725899499 23.9978061842 26.4592583879 23.4617629357 23.2003687068 24.4613280612
0 0 0 0 0 0 0 0 0 0 41.4496405668 64.6498997949 59.1494182131 57.6930302385 61.8972960371 50.7200539683 0 0 0 26.1621776247 23.3145158985 23.0350367427 23.3452373014 25.0083889686 23.4455644793 23.2891666637 24.1755449678 24.9074468505 24.3190138351 26.2391348767 25.3571064434 26.8322921234 23.6207772491 25.1832745975 24.0306488779 23.7575898399 24.6485579611 25.7652309204 26.4309479067 26.0124643656 26.8494191481 24.0517141518 26.283589591 23.1180455584 25.4999812923 26.2720170416 26.7499891495 72.3578867484 49.6952902816 26.2742313922 66.140674212 26.295410556 27.2199871939 25.8136899063 26.5026745723 26.028975218 26.8314667622
0 0 0 0 0 0 0 0 0 62.9879967022 59.5339409618 64.6498997949 64.6498997949 64.6498997949 0 0 0 0 0 0 25.0004948022 23.7937239765 25.9912547312 26.2983850293 24.9754483066 25.9310063797 24.9771166433 23.5433453801 27.0131322767 23.1461192108 24.491501789 25.8957377313 23.3943097367 23.9118804655 26.711454682 26.0828051966 24.0627154819 25.8465072213 26.9692559168 26.8553351364 24.896028605 25.0121850724 25.622360711 25.351711927 24.5518074534 23.4205287236 23.791253897 26.4798674992 50.9487610013 26.9680855784 26.3792667525 25.1172593958 23.8510964176 25.0661694575 26.3636565364 26.5262561286 25.7861246078
0 0 0 0 0 0 0 0 62.3195812271 62.9879967022 59.5339409618 59.5339409618 59.5339409618 0 0 0 0 0 0 0 0 0 24.7340085165 25.2807375063 24.1964324415 26.757971688 24.7658296139 24.899342091 25.3394807431 25.0400373471 26.9167625755 27.2265654996 23.3639896577 24.8769604212 26.1968468105 23.6580889969 27.2261115444 26.8984147146 27.1178424417 25.7877637632 23.9687937666 25.4233561131 26.1946408664 24.2871465118 23.5193493619 25.8729767602 25.4025708093 50.9487610013 26.3518691727 50.9487610013 26.3551308095 23.4652819721 23.4459091899 25.8348151998 23.3402205439 23.4985196737 24.2110297882
0 0 0 0 0 0 0 42.9091271911 42.9091271911 62.9879967022 62.9879967022 50.8546560167 0 0 0 0 0 0 0 0 0 0 26.0294602298 24.3233469337 26.6074322188 24.3870446771 23.3132494085 23.8094595217 25.906221882 26.370648668 26.5730118972 26.7643460247 23.9536773119 23.3707661597 23.9021698534 23.3451584303 24.6569772395 23.0860320871 25.7024207918 23.3947748545 26.7754104752 25.5340116749 23.3484551357 24.1114717687 24.8094758777 26.974833822 26.7894935193 24.1517388677 25.4153178996 23.7933009176 27.1917839341 24.5833029087 25.3124847418 24.0075229061 27.1987687801 23.78710256 23.2342698174
0 0 0 0 0 0 0 42.9091271911 42.9091271911 42.9091271911 62.3195812271 0 0 0 0 0 0 0 0 0 0 24.7836863979 26.7143848914 24.2053742278 25.3074680437 26.5696079136 23.4771912127 23.3686114365 25.5666087209 26.9383171947 26.5031818209 26.833985897 27.1873286654 23.6667992653 24.7297722514 24.0902992505 53.3235514685 54.6541855695 57.3194775706 23.8105014304 51.9136079758 25.3577621373 24.6568196441 60.2388878425 23.6268279868 58.4372522274 76.0526167003 26.3120259668 70.0361827846 24.5531077584 26.1570790877 50.5625289381 25.9892922373 57.7854408846 23.8061781211 44.5281742044 41.6816661944
0 0 0 0 0 42.4616432375 42.4616432375 41.5839877636 41.5839877636 0 0 0 0 0 0 0 0 0 0 0 25.5561127769 23.6472350608 24.5859005207 24.8837447959 27.0653555532 25.827269284 26.6515185653 25.7404529788 25.5456063485 24.4592389906 24.8671430702 25.1447730993 26.1024840778 24.6573872203 25.940809263 26.9037720896 64.9277966495 64.9277966495 57.3194775706 56.2366822189 23.5782995296 41.9247227916 52.9304121537 50.1822484919 71.3450238022 44.6636763815 44.6636763815 59.7067402468 42.4122668014 25.8152905904 40.7161306943 50.5625289381 50.5625289381 27.1429485144 23.8395828325 23.9016903931 43.8516617853
0 0 0 0 0 42.4616432375 42.4616432375 42.4616432375 0 0 0 0 0 0 0 0 0 46.2433281802 0 26.0632475981 27.1500294178 25.5265232893 25.432593275 24.8251158723 24.6077501395 24.5532415989 24.1383640668 24.6675627932 26.5787598112 23.6198256045 25.2251052199 24.4975119582 23.5342689945 54.6216191887 56.0480262001 53.3235514685 64.9277966495 64.9277966495 57.3194775706 56.2366822189 25.4403572646 52.9304121537 52.9304121537 52.9304121537 71.3450238022 44.6636763815 44.6636763815 59.7067402468 42.4122668014 26.539288455 40.7161306943 50.5625289381 50.5625289381 27.1941857235 49.7535695795 49.7535695795 49.7535695795
0 0 0 0 0 0 0 0 0 0 0 0 0 0 0 0 46.2433281802 46.2433281802 46.1376829441 47.1594175295 25.0220454738 26.5520157638 23.7468401688 24.8355397949 26.1224841454 25.626928415 24.5642849005 23.1250328111 27.2253987195 25.3711673908 25.9058696507 26.1844841477 54.0785836877 54.0785836877 42.2279885841 47.503622614 52.8454654879 26.0252630512 56.2366822189 23.4528141707 49.6795397345 25.7440048791 52.9304121537 46.8274844314 71.3450238022 45.3208656056 44.6636763815 59.7067402468 42.4122668014 23.6981844783 24.1604483915 50.5625289381 25.1109138796 24.6277118327 49.7535695795 49.7535695795 49.7535695795
