Spatial_Output/BAU/BAU_0373.asc
NCOLS 155
NROWS 192
XLLCORNER 196769.923733
YLLCORNER 449719.875193
CELLSIZE 27.603701
NODATA_VALUE NaN
[rows 0 to 22 of 192, columns 53 to 105 of 155]
32.3424241875 33.9102770379 33.5019044608 34.3888289451 33.1017322341 33.2782289426 34.1922288882 67.8132237706 59.8850013789 56.8239698957 31.9578919867 0 0 0 0 0 0 0 0 0 0 0 0 0 0 0 0 0 0 0 0 0 0 0 0 0 0 0 0 0 0 0 0 0 0 0 0 0 0 0 0 0 0
32.527052768 34.7433330226 31.5441458678 34.9187531379 31.6166383095 31.5602605545 33.437641829 58.5557310616 61.4939590228 60.0124563644 31.7002430481 33.9971906849 0 0 0 0 0 0 0 0 0 0 0 0 0 0 0 0 0 0 0 0 0 0 0 0 0 0 0 0 0 0 0 0 0 0 0 0 0 0 0 0 0
33.4658391137 32.9468347262 32.7420437859 31.5817505291 33.4494960635 32.7132626644 34.8827828422 66.7478334318 55.0034257316 53.5693671563 31.8797961546 32.3371102919 0 0 0 0 0 0 0 0 0 0 0 0 0 0 0 0 0 0 0 0 0 0 0 0 0 0 0 0 0 0 0 0 0 0 0 0 0 0 0 0 0
33.4647739652 34.717885438 32.2960162623 31.8301354928 33.9436667619 34.8405182813 32.0946925282 32.2680781683 33.5252419381 33.8231603504 32.8545843014 32.5885206471 32.516028363 0 0 0 0 0 0 0 0 0 0 0 0 0 0 0 0 0 0 0 0 0 0 0 0 0 0 0 0 0 0 0 0 0 0 0 0 0 0 0 0
33.6719382655 33.1271979775 32.0194226236 34.0569945111 34.2975477473 43.4339110023 43.4339110023 32.2138402195 32.5055187984 32.7716936712 31.9085962104 34.481668491 32.1153463594 34.3218238769 34.6664729998 0 0 0 0 0 0 0 0 0 0 0 0 0 0 0 0 0 0 0 0 0 0 0 0 0 0 0 0 0 0 0 0 0 0 0 0 0 0
32.647375679 33.4952704907 32.8862463147 33.5693290823 32.1293080119 43.4339110023 43.4339110023 43.4339110023 32.9590431922 34.3959914409 32.3454136403 33.8936870902 34.0969713677 33.6810372979 34.4088511988 33.7849110848 0 0 0 0 0 0 0 0 0 0 0 0 0 0 0 0 0 0 0 0 0 0 0 0 0 0 0 0 0 0 0 0 0 0 0 0 0
32.5357133154 32.2716109616 32.257847877 33.3065693266 33.0941557537 56.6465987523 43.4339110023 31.5353841529 32.7102127765 32.6597654366 31.7531162461 34.2827487954 34.1706222677 32.3405387969 34.658432541 32.7147705059 33.6878552773 34.6262261221 0 0 0 0 0 0 0 0 0 0 0 0 0 0 0 0 0 0 0 0 0 0 0 0 0 0 0 0 0 0 0 0 0 0 0
33.781938107 32.144332912 34.0767102973 31.7285186539 32.0837016722 56.6465987523 56.6465987523 32.534988028 58.1748366847 58.1748366847 32.7199041338 31.7318030487 33.2180436986 33.1685358347 33.4872692295 34.7528100731 31.5577667086 33.2189458444 34.2075371582 0 0 0 0 0 0 0 0 0 0 0 0 0 0 0 0 0 0 0 0 0 0 0 0 0 0 0 0 0 0 0 0 0 0
34.5593686619 33.6662042018 33.8620860461 34.6513070448 55.9515840613 34.8104422067 48.5314083716 48.5314083716 58.1748366847 58.1748366847 34.5721006752 34.6294670154 35.0029863888 34.2702333678 33.9054019675 33.622719736 34.1329989796 33.3013226325 32.4044803184 32.2291796543 32.8560259633 0 0 0 0 0 0 0 0 0 0 0 0 0 0 0 0 0 0 0 0 0 0 0 0 0 0 0 0 0 0 0 0
34.2707677185 32.5306426056 34.4621261045 34.0326410987 24.7234564495 24.7234564495 48.5314083716 48.5314083716 72.1458603858 58.1748366847 52.7976296874 33.8967976172 34.1303120796 32.9075930123 34.5853884547 31.7572576588 34.6682330428 31.9285447574 32.1838348179 32.7362821077 34.5770041072 32.6196962651 34.3652892781 33.2327100834 0 0 0 0 0 0 0 0 0 0 0 0 0 0 0 0 0 0 0 0 0 0 0 0 0 0 0 0 0
34.4706606666 34.5747781881 33.403489079 24.7234564495 24.7234564495 24.7234564495 32.847003216 48.5314083716 72.1458603858 47.885879499 73.5623554579 31.5313848926 34.7253677542 33.7394865053 34.5779863515 32.454615115 34.2120911327 34.9226241495 31.6202181937 33.1646587555 34.7099321032 31.8590240082 31.8758463569 34.4051430163 34.3982865611 32.8011169256 32.278828435 34.9689143689 34.7940271585 0 0 0 0 0 0 0 0 0 0 0 0 0 0 0 0 0 0 0 35.0107361172 33.3640423009 32.6902344346 35.0135255182 31.972471542
31.8738890772 32.9352204241 34.5470044941 32.3579370118 33.92662453 34.8406411617 32.6878844069 32.6085844735 32.2671760713 31.9896223577 73.5623554579 73.5623554579 79.2657547424 32.6659822874 33.0663649838 34.8436143981 33.0234149679 34.4715279684 33.0280235803 32.7484892317 31.6460650081 33.5642798997 33.9019453547 33.9679365188 32.6267091409 33.7449833695 32.8014717079 34.05372085 32.639186905 32.7330688534 34.3348708987 0 0 0 0 0 0 34.7405983992 33.9082804681 31.8525025372 34.8079607932 34.1562188581 0 0 0 0 0 0 34.8532385309 33.7251988305 32.0324711347 31.739674564 33.047343409
31.5767396562 32.2836402816 31.9640018139 34.2878653287 33.0907299843 60.8933337634 46.2157888177 46.2157888177 62.9485916876 52.7626051421 73.5623554579 55.4769278855 55.4769278855 33.4923504789 34.2676312184 34.1110023323 34.0343714057 34.3940403021 31.7203362448 33.2817787888 33.669169477 32.2206686973 34.877655319 33.9173332877 33.9200708207 32.9000196757 31.5953105056 33.2126679371 32.2086366448 35.027999813 32.6286233708 0 0 0 0 0 0 31.7817047331 33.9013732419 34.8131066141 32.5960479073 34.9655312551 31.7705173772 34.8038314644 33.4081985281 0 0 33.1669249078 34.0612150625 33.324249194 32.6719743381 34.0494578757 32.9606724332
33.173446706 33.4476265143 32.4055436817 32.5756449824 32.9259537319 51.4648287143 51.4648287143 46.2157888177 59.3259595297 59.3259595297 55.4769278855 55.4769278855 55.4769278855 31.9166137648 33.2585964 33.0934718978 33.9595342895 32.9116871302 32.320257369 34.8717992565 34.8249432886 31.6547210135 34.0953911125 33.8261839971 32.9431876457 32.0591067082 34.4452503678 33.9574564275 32.5996250319 34.7594311641 32.2246881557 33.953511975 33.8777862867 34.1511909291 31.5888142794 31.9177931084 32.4636901006 33.2454196144 32.587351245 34.0878714394 32.8873368269 32.4646694427 33.0388864417 32.5703194241 33.8871882083 33.5393731025 32.0618883811 32.1928810971 33.3150875083 33.3830003 33.7448890981 34.8721460022 32.2871144987
33.5712445053 34.4976897703 33.3980538602 34.2563137961 33.0373564337 51.4648287143 51.4648287143 33.6067194659 59.3259595297 59.3259595297 59.8067544605 79.2350136896 49.5928226037 49.5928226037 33.9984550828 32.5569572285 32.9700481528 32.7009375906 32.4106084748 34.409140315 31.734563819 34.0134581808 33.4944527718 31.7255694316 32.0387020749 34.0129369456 33.1107053752 31.5890415223 31.9526073944 33.3035501193 34.476867675 34.0030302295 33.8806928119 33.7199398836 32.9794724697 32.2930285599 33.6673849124 34.7015343387 33.2445625131 32.4877568118 32.2676079266 32.0541523704 31.8394751165 33.0220545125 34.6339648138 32.2865841047 32.7397677789 31.618390484 32.848458055 32.3880120231 34.1577835774 34.5521639737 34.8055405649
32.8910497033 31.7545240536 32.9382695203 34.959845996 34.5217814781 57.4234584364 57.4234584364 33.8714374675 59.3259595297 59.8067544605 59.8067544605 59.5082467302 49.5928226037 49.5928226037 31.6013696219 33.6261667659 34.9971434011 31.7546347346 33.8663572252 34.1377712913 34.5455341197 31.632206405 32.8500918527 34.2055112329 32.4652814534 33.1192868877 33.0058206511 34.3436279869 33.1706085658 33.9242720829 32.5429904501 34.3449626641 34.0679477396 32.5016018141 31.8283373514 32.9625145672 34.3452902616 34.8665039174 34.5195602663 32.7384180688 34.8069814865 34.1329022496 32.0608410329 33.2397533155 31.8295137853 32.5377820007 31.7577878399 32.3549417977 34.160712188 32.081566223 32.4724079695 34.2058778888 33.1071192153
31.5459508105 33.1245957982 32.2488595681 32.3610813951 31.5413000283 44.1231098844 34.6988259903 34.0950791039 60.1915651246 59.8067544605 59.5082467302 59.5082467302 32.3303816092 32.2990676741 34.3010389479 32.3567140481 33.6165782466 33.4062556088 31.608526088 33.5974148782 34.745484077 33.1813849793 34.8969627807 34.7735759249 31.9371465941 34.0657736508 33.5816046262 32.2214521573 31.5159059937 32.6079920001 31.8010777219 34.7436460963 32.1336783144 31.8225398065 31.8802659634 34.8323857506 34.027354076 32.2381990433 33.8238961234 33.6171054436 34.3102948412 34.2960358665 32.6266782522 31.6838021102 33.7190606827 34.4244771808 32.4775392403 34.9273449037 33.9061993235 31.6241747376 34.8916553486 31.6181311551 32.4881459952
32.0482777989 34.4753367845 33.3687841875 33.9136557466 44.1231098844 44.1231098844 44.1231098844 47.8163435766 33.320976613 33.5942459957 59.3028872066 59.3028872066 57.0646993834 34.8402218192 33.2057958403 32.3479786824 34.1404526898 32.5204215864 34.5150046071 34.4097214328 32.6400878633 34.8146367443 34.2376962182 34.2663432605 34.2710320824 34.4010959303 34.7426869669 33.5640639029 34.0303576881 34.1472170417 35.0262305318 34.14878145 32.6315539692 34.8686481878 32.7795773763 31.8291699032 32.6516978961 31.7276887735 34.6266228432 32.1653403671 33.8398054897 31.9029086774 33.8398045383 34.1096762173 32.3528127242 32.5320206883 33.7976653811 32.6670799271 34.42477587 34.1557363764 31.7191637444 34.9667052312 34.2608199039
33.3845491179 33.1061421487 34.1810498687 33.8797237504 34.9811192628 47.8163435766 47.8163435766 47.8163435766 34.1303855684 32.0167252261 33.3125074423 59.3028872066 32.6102258619 32.0818285809 31.6923826987 34.2936279708 33.8854418407 34.6445582492 34.1648464527 32.8295598048 32.4209934032 34.3628990047 32.3441898362 32.5111434403 32.3473745628 32.5947384965 33.4419616604 31.8937964105 32.9233955668 32.9635580895 33.0509346929 33.8827597531 34.8305231621 32.9839537637 32.3190272767 32.7898155893 34.370478656 32.7412163926 34.8719737392 32.9901511195 34.8745640645 34.7173969495 32.3754996705 33.3689966915 31.520532806 33.2947422534 33.9242866238 33.930867558 32.5034191476 33.0950284598 32.88163704 31.9917463299 31.5518716859
33.5456837156 33.5914902523 33.9126039157 33.3835656496 34.0148426382 32.1505923074 35.0309076247 50.9693688179 50.9693688179 50.9693688179 32.9197084156 34.4964184949 34.2574682581 31.5318363222 33.6078584296 34.5751199463 31.9759830816 33.9388765352 34.0806504809 33.048839119 32.5831766251 33.4120725289 34.3638854864 32.7876401556 34.809619999 32.3853904281 31.7640206342 33.3953847749 32.8121800172 33.4219482465 33.3678673698 32.2102490371 32.5942096446 32.152431146 34.2741769053 33.9849640477 32.1967704562 32.7433385978 33.4010065975 32.8158585054 32.0802907582 34.9754282989 31.8373990008 34.7072459964 31.7214806179 31.7824606477 31.9927675834 32.1537187723 34.0960120592 33.1930664713 32.0447916171 32.0553718109 33.7731140306
31.5325475845 34.9675941477 33.8988273538 32.0340355227 32.0200561707 32.2873284994 32.3099024598 50.9693688179 50.9693688179 32.556060387 33.8366086084 31.6164564259 34.3096924397 32.6138441222 34.8664793717 32.9932614648 32.1379107748 32.2648798039 32.7198754589 33.6949033999 31.7018156132 34.0593503555 33.9601845664 33.3275924022 34.0345055779 32.4993868408 33.5422539025 32.4403470515 34.3096650902 34.7401698969 34.0430406078 33.6798063203 34.8467677 32.7049755519 32.1665282708 31.5636192322 33.7952585133 31.9484736504 33.2857709794 32.8097823479 34.7846912687 33.9094052538 32.2302918919 32.5055524562 33.875287671 32.6771071713 32.0260575573 31.9409184594 31.8836041904 33.6144219493 34.3574538642 33.2277924503 33.7485022111
34.1953305136 34.3440956046 32.3678799347 32.3704222373 33.6207268723 34.1455938137 34.3718825848 33.4712145826 55.3802603511 55.3802603511 34.3476485156 32.8561797417 33.9040374975 32.9313204035 33.8537644033 32.6471906438 31.5450937154 32.2270360293 31.7377286582 33.891833053 33.7629852739 33.5736445293 33.9112838211 33.2343436058 32.1133392798 32.1165940731 31.9410364644 33.7600542811 34.4708256509 34.1685011476 31.7057604647 34.9524466254 31.9888231156 32.8417885923 33.4079059104 32.0814536386 32.6743502261 34.2289169759 34.8580067749 31.5425391359 32.7581153007 34.493326178 33.7757922492 32.1924253949 34.1163143875 34.9261613075 32.3728961691 31.5636377434 31.6140776403 33.6452437679 34.5083300819 32.8611982595 31.5833501748
31.7376880089 32.4662803625 31.5948488469 33.2561060806 32.7733619922 32.6868759474 33.3206460328 32.5584950625 55.3802603511 55.3802603511 33.9919939509 33.6544660215 32.2484782872 34.562633559 34.4653266431 32.9780231832 33.1919335894 33.5656678815 34.2630400638 34.2252642815 33.1406062897 32.929863304 32.8452206381 34.3739856794 34.9773319752 31.7300037283 33.3711052396 32.4287544765 34.1161757144 31.529258225 31.6014729286 34.1609927199 33.8382111274 32.6360292625 31.7873279491 34.3158931629 31.5158902889 34.0384297101 32.5784824611 33.2735545764 32.8027118508 33.3848399382 33.8236412398 33.824556177 34.9232545671 32.8197114012 33.3559894671 31.5648582127 33.6442339545 31.7414185145 31.6871534747 32.7718329064 33.9278880669
