Spatial_Output/BAU/BAU_0634.asc
NCOLS 155
NROWS 192
XLLCORNER 196769.923733
YLLCORNER 449719.875193
CELLSIZE 27.603701
NODATA_VALUE NaN
[rows 46 to 68 of 192, columns 53 to 105 of 155]
61.2583802795 28.8067162483 27.9953126258 27.9864233842 61.4255248397 61.4255248397 61.4255248397 28.511350236 26.2556410252 25.8810276255 24.5637585905 26.45494641 26.9307614087 24.7104126136 26.5982657292 25.0375772664 25.8267706677 29.268647598 24.845654588 28.7589287721 25.6670045128 28.6080324419 25.7338892263 24.8819349273 25.8043994978 27.7357435784 26.9262118422 25.4969197068 26.8457465075 27.6926910591 26.4327004428 26.3481532284 25.342318805 26.0882092695 24.969356832 28.9941749561 25.144735357 26.5818708821 28.3995375781 27.1154700037 29.0997625794 26.8095967071 25.0461640061 25.7083621019 27.9753402912 25.8787085419 26.7018483843 26.3892150748 27.2790879095 28.3105361467 27.3312065622 27.1452444147 25.116111425
46.3105145235 59.690531296 28.9973746555 27.8279340946 25.6713403602 61.4255248397 28.1332100961 28.643975321 28.2783580433 24.5634286339 25.3096398774 26.3179775681 26.7140909008 25.6712451081 27.7855096674 29.3590674316 26.1327634637 29.377925046 24.6489350464 25.8803616913 26.6596726301 28.7534425929 25.31208265 26.731080947 27.8231010744 28.2176871125 25.1803261246 29.3415133042 26.8198929067 27.5818155988 28.7914737108 25.3626328645 26.042383772 27.8054561984 26.6626100651 29.2212653216 27.0188446709 28.8533544867 28.619673122 26.4555104845 24.6359574924 28.7477319617 25.8065696607 26.5768582294 25.4921167022 29.1040193962 26.3976328317 28.240705891 29.1734199516 26.5081195308 26.8511333085 28.0126785492 26.5058140124
46.3105145235 46.3105145235 28.2674758563 26.0688791033 25.7870976613 26.2464413883 26.9330584014 28.3643382833 26.1691482669 24.8438469965 26.9371591204 25.5772649815 27.9666170921 25.9610759857 27.2186528684 27.0592344253 25.3258396541 25.6544165531 26.4838829324 27.8159672145 28.0096855608 24.680178347 25.9979237011 24.7895592638 25.0983947028 26.7086069833 28.9456574413 24.7529886476 26.7414763237 25.0589393729 25.874663532 27.612579549 24.8945365275 26.7342906423 26.1003459916 27.5477972002 24.6968980026 24.7879255493 25.7066945769 25.1801364404 26.893126171 28.4097834399 28.6684330314 26.4955109096 28.1256067376 28.624089416 26.9944739974 27.1292240903 25.561371934 27.0726495475 27.6851753859 27.8615346686 26.3837355479
46.3105145235 52.689742591 25.2638739686 26.0754587796 26.2333255181 24.7159834553 27.5636222438 28.4949339383 24.8821758581 28.8664028273 27.712731012 27.8502384862 25.8918772966 26.2878226201 25.1393489432 48.8499643796 48.8499643796 48.8499643796 27.5840015791 29.1831618752 27.4230056009 26.0289678002 27.5461533499 28.8450573552 28.6384950773 29.3429544886 27.9086611928 28.5837563003 28.0140233963 26.9618260029 26.5038236726 27.8776144695 27.6362421316 27.1075427257 28.5261702341 28.3517334605 28.950154453 28.1002931571 28.0838391292 26.0857216134 26.7875471307 29.1972086611 24.9998033876 29.0237639865 26.6239460959 26.5029107682 25.866457679 28.5417407421 25.148869373 28.657764047 26.4519437406 27.4646123412 29.2644372268
52.689742591 52.689742591 24.6020349317 27.4562533523 28.1010044529 25.0263340917 28.2925574682 29.3792878021 27.8247668535 26.0757639864 25.9921746793 24.6168042904 26.7480190065 25.1727720506 25.178701924 48.8499643796 48.8499643796 50.5291734546 27.5043858915 25.9144286721 25.5927708135 27.2936743721 27.2066373704 28.7195373149 25.4417513213 28.0541519377 26.2324191408 25.2781028474 27.5186998439 27.9205708315 28.4012148034 24.7789219379 26.8097981829 28.9234084215 25.0844640555 26.0743199497 27.6853437701 28.0763893737 29.1115270346 27.7312301377 29.0925013366 25.8789103811 29.395968319 24.8825414902 28.7423938663 24.66734197 25.9574146239 26.304246456 29.0561488595 25.8302952477 29.2127396588 27.7218547808 29.2142727684
45.7932068735 45.7932068735 45.7932068735 27.0688521173 25.3842741187 28.6618270161 25.0169261672 28.6893855863 28.6035535797 26.0494384895 27.7453978449 26.9992726456 27.1284380322 29.2444122823 27.322901311 50.5291734546 50.5291734546 29.2805764528 28.6999087072 28.6176202707 28.9471977844 28.3420402956 25.0387814309 26.4329386914 27.5004367713 28.5712830127 28.3000028369 28.8369021623 26.3171469643 27.1192751542 26.6030572494 28.191441273 28.2425640205 26.0023412831 25.9412923549 28.8806849392 29.4458657524 25.2148730899 29.1750491288 27.3964456221 25.9210670024 29.3434649206 28.2724562905 28.472944666 27.9384407317 24.9070580317 25.2517154824 27.9117180747 26.9519401548 26.9565978841 28.6261895361 25.5283167465 24.8072022755
45.036960948 45.036960948 27.3721977679 28.8949185541 25.9639829535 25.8478916971 28.8551481485 24.9039685563 28.2382962044 28.2158447816 28.7636700476 27.4634486841 26.6354702773 25.2243087015 25.5674889236 66.1978731631 66.1978731631 66.1978731631 27.3042804761 25.9646950396 25.0237134535 29.3026180165 26.4199929557 26.2783522987 29.0268201383 27.5308940082 26.7967820959 28.8409044334 27.542910724 27.1513426394 27.0242241043 25.9436991928 25.770841789 28.5697172845 25.2559029828 28.3624190409 28.5194911355 25.2265745287 26.3880956366 25.0554178529 27.5161117921 25.4846736262 25.5199657185 24.7141945663 26.7233701801 25.8799287892 26.9811434643 27.2746579974 26.1057507259 29.2252017262 27.7986557948 28.4978139941 24.5966711137
28.8316368318 27.4796078088 25.8070161077 24.6327676499 55.6144096437 55.6144096437 28.6672435805 26.9932875641 24.5462689057 28.6197986304 28.7083672979 26.446212046 25.3474240527 26.4691909926 27.2248483077 29.2004330816 66.1978731631 25.0235971153 26.3365099486 28.710487901 28.5934993409 28.4751415279 27.8113574153 26.2603077534 29.3135913408 26.2055776723 28.1250351777 27.5802872219 26.9276101614 28.7076220874 28.7421538234 26.7723518219 25.1313663705 25.7391074742 25.8478131799 26.0466340855 27.8638769266 26.1744183124 26.8945300539 24.7356456661 27.3179386862 26.3971415448 26.7201584319 27.0639203857 29.1006654297 25.2281265751 24.9137427329 26.0494476041 28.6531615594 28.9610946324 26.7583390002 28.114159685 26.6199487696
28.6250743879 25.5089788736 25.7967927248 55.6144096437 55.6144096437 55.6144096437 24.890867237 25.5233373818 27.7769517578 27.0688415695 28.2174670766 28.4122934815 27.9481100724 25.2614729474 27.7125537217 58.4465547923 58.4465547923 25.81874204 27.9903176258 25.7923964076 27.0447171288 26.3196606069 28.936270272 25.1338607364 27.7126947013 28.6678305086 26.8166516824 28.1236708534 24.5893500592 26.1805976074 27.6622282532 26.8044910064 26.8944486038 28.8111590403 28.4440232272 28.0807436324 29.255427849 24.935628329 25.4512267619 25.7596420973 28.7602098588 26.4858115572 29.0707324043 25.1710899918 25.0450016848 28.0508515603 27.7194951744 29.2898222254 24.6998693223 26.9274685087 26.8797740278 26.3268225624 53.2894279122
26.3001559686 27.4974172489 25.7682880904 24.6506465008 48.8043362813 24.9745082492 48.8043362813 27.2765198234 26.2214421864 28.9730926032 25.045619397 25.5606212257 28.4859645652 24.7283945737 27.2449934799 58.2238402943 58.2238402943 25.8328062967 27.331143 28.4514296523 25.9287267755 25.8229810782 27.4593588708 26.7128099202 28.8197720509 25.4110342975 24.639949506 27.6053326378 27.4591780036 24.975767314 28.5903393043 26.8200570019 25.7548123518 24.9384785734 28.5936765545 26.5350019585 27.7925504341 24.516072749 24.6358273392 27.7850595514 28.041424924 24.5529195242 26.5861672289 27.3692075831 27.2282568458 25.1823118487 25.3521051066 24.5792376987 29.1650149576 26.2224876617 25.0782307202 24.5447313072 53.630899878
24.7036389462 26.9586050865 28.3065770329 29.2325119198 48.8043362813 48.8043362813 25.7751750046 28.0102150227 27.0719489919 28.7836462265 27.6720765244 24.7033813191 24.9734106604 28.0620717739 26.2224721009 58.2238402943 58.2238402943 58.2238402943 27.4397466697 26.7976577704 28.8313708626 26.2121034915 27.9376508562 28.7284283057 27.067558251 26.5173805275 28.8602742073 27.4904326718 25.6557031321 26.6723010276 28.1857904254 27.9578500001 26.4911989212 26.6062858622 28.3223900341 28.0032144452 26.476986321 27.3399934182 26.2827308584 28.1331849413 26.1657868822 29.0837937274 27.5350593524 25.9323640275 29.0104361457 25.1410473963 27.3074109955 28.6728396639 26.2772764247 25.2418567269 27.7714935481 53.630899878 53.630899878
29.09493847 26.1939362524 27.8721829881 28.3337726391 26.8356901912 28.5761213442 27.3628548537 27.4429910318 29.4326038135 24.5609973917 25.8074428709 25.8158121798 27.5647303178 27.3058798545 25.4297141067 77.2558842731 77.2558842731 77.2558842731 24.652845325 24.7521643918 24.7148434053 25.4085415875 28.8659193786 25.1582074516 25.1314031979 28.2503843004 29.4126165857 27.236929469 24.9949425213 26.1617109285 24.6261963965 26.8899340983 28.4879409416 27.454577571 24.8804617466 26.3738953279 27.3156916605 28.2612798298 26.4246897702 27.4135984488 27.339779227 28.2308440027 25.9204199503 25.4070459155 26.0381342158 27.9937030882 26.0112983285 28.6860335226 29.1504306217 26.9502581164 24.558959777 24.9161860983 52.2668624534
61.5116742207 66.6650834086 72.5995026388 27.0278618626 27.954178105 28.650664617 25.0985246925 27.4761299575 24.8656330993 28.712139523 27.8939798715 26.7018687739 27.5122173787 26.0074906363 27.2784001143 25.9112336822 27.0492028218 57.6566410201 25.808570413 25.86751306 28.0495964018 29.3214549879 25.0787424647 27.5484893258 29.1811282923 25.9308402898 28.6771382123 24.6239456678 27.4472046693 28.7183433403 25.1047553595 29.3621195397 28.286540495 24.7734808064 26.4512790743 26.7660670654 28.418185575 25.3304499507 27.0636697379 28.6965839632 29.3495132142 26.7709875709 27.3386321285 27.5885982136 28.8383361522 26.0488084516 25.0460453812 25.7788141109 26.6918704722 24.9797469089 28.0060350593 52.2668624534 52.2668624534
27.2006804193 72.5995026388 72.5995026388 72.5995026388 26.2425544834 44.7170185726 26.197965607 26.4598236797 27.9875870222 26.2620319623 28.4147674862 25.9627926885 29.4372715401 28.2060469483 26.1375650689 56.4946041059 56.4946041059 28.2023208704 26.0236585693 28.3157475568 25.1664437166 29.3427309951 27.7946547165 25.4390334896 26.0911760784 26.4990947939 28.7767194517 27.4812787194 25.3808206989 29.2385528956 26.7544513867 27.9104722036 28.1922749976 27.0272830169 24.9515925672 26.3932320635 28.9308192044 29.3056076467 26.2045424258 25.9695332855 28.2029627407 29.4204524222 26.312634767 26.264260049 27.2803076633 25.8057447172 26.3573834368 29.3956292178 28.3678048303 26.2062296672 27.4012316117 53.2793248153 25.0839164178
28.50758183 72.5995026388 72.5995026388 25.9427146425 44.7170185726 44.7170185726 28.7885882669 28.4961079836 24.5018280717 26.5361474174 64.0457868276 64.0457868276 62.6396141242 46.6103252729 26.2242902312 26.6193955737 27.1923719569 27.0505793613 25.1104071839 26.3731548007 54.1240554125 54.1240554125 54.1240554125 24.7495090147 53.0447715547 61.6988384797 26.3700964879 24.8584649779 28.5431593189 47.2235556077 25.9095700718 25.5234009321 26.9384662516 28.6790431534 28.8371546339 25.256551202 27.3014133783 26.8857478946 28.9189821623 26.7788711353 27.3246478449 25.896179047 26.8874640326 25.4914061998 27.7955899258 27.0372454371 27.6221785413 25.5863437621 28.1825381273 28.8991478176 28.4695393702 25.8227444779 46.7537580122
28.8516443212 28.646585379 26.4249620323 28.1333097683 25.4455450371 29.3432356002 24.6881074365 43.4618208727 43.4618208727 43.4618208727 24.8894753076 62.6396141242 46.6103252729 46.6103252729 64.5516610615 64.5516610615 28.7152903975 25.5412186247 28.9979139657 27.9760378812 54.1240554125 54.1240554125 54.1240554125 53.0447715547 61.6988384797 61.6988384797 24.9246628136 66.4531598861 66.4531598861 47.2235556077 24.6611582895 26.8040916325 25.313832564 28.3231859981 28.9797468502 27.6797454719 26.9784380683 25.2865381574 27.6719498167 26.0383448128 25.2177900964 29.0739975116 28.5511615489 24.9923088151 25.8946297723 26.7795414294 26.696901513 25.6236969894 27.8268971593 25.4097619514 24.8913173731 26.0597249065 45.0078543248
29.2711615913 27.5891028749 26.4382552857 25.0900960064 26.6936670181 25.8443019589 26.8187255678 24.5006959599 25.5362155479 28.2958496624 28.792620252 26.6983430564 62.6396141242 46.6103252729 64.5516610615 64.5516610615 29.2686927248 27.5789799875 59.1366352892 27.8927798531 53.5644108541 54.1240554125 26.4471442051 65.1760949944 53.0447715547 61.6988384797 27.5487348066 66.4531598861 66.4531598861 47.2235556077 28.6171998486 26.499296151 25.364458976 25.7581796664 26.8388223127 25.8222546469 26.223820479 28.2024433122 25.7336480387 28.8496522294 29.2395272525 28.4223059267 27.9197386203 27.9436053508 27.4166075817 27.5393985785 28.1941856993 27.7907183104 25.1945699936 25.1438903352 24.8711266033 25.1271589237 45.0078543248
27.3011461198 25.3170802818 29.2298087001 26.7650712823 24.8748414877 29.0215668538 26.8121878116 25.4083454634 27.9425183668 24.8659939456 27.9515359829 25.2814461323 29.360359045 28.5444425396 27.463544587 64.5516610615 26.077332411 25.2882332884 27.4490722529 26.6656790644 47.2079032025 53.5644108541 25.2134965597 25.8336154632 24.7688388199 26.7984036427 25.1898336475 26.8108026986 24.5172557834 47.2235556077 27.8060069092 25.9634277703 26.9548247555 27.1389801633 28.3583232859 29.0522586929 25.6083604613 28.7304621977 25.341601619 25.7086063596 27.8920702715 24.8314051246 27.8632431592 25.1337538672 26.098513423 27.7446166967 24.7576811012 25.4000998682 27.3356642482 27.553265994 26.148349596 24.8395125796 46.7838709735
27.6647574753 28.0641105307 28.1725294154 25.3876295421 26.6846602321 24.5010791741 24.8562614709 27.46504426 25.7780488909 27.77572513 25.7376347175 27.2430526397 28.6859585314 27.2838768292 28.5674186112 24.6918652442 24.7618482779 27.8994345575 25.0365040989 26.8212458092 29.09467111 29.136289782 54.0120344171 25.748941382 26.1451008975 27.8702858437 27.1792526793 27.3752693858 26.8513430608 62.9153427966 29.1065290267 25.7301666594 28.2661107116 25.5943900798 25.3820008997 24.9434441993 29.2735086489 24.7613432936 27.8799750375 29.1864087645 26.9070316649 25.4525139979 28.1457233404 27.7816310503 28.2464893117 27.6207407287 25.3808096654 26.945889194 26.5439870589 25.5491228744 26.1270948505 27.037773815 69.3942840168
61.0192064085 25.2196264674 27.3724956425 28.1894376762 26.6831279467 26.3410176785 28.0921831596 25.2483916092 27.4084168229 28.9906242311 28.1657706964 27.2430772828 28.2430658856 25.0035145517 27.4674407359 28.0143827718 29.4067110298 27.8548941891 28.4433795728 25.3880051432 49.2287962396 46.2737300144 46.2737300144 28.2925783037 28.5632417847 25.4083403059 26.4255133629 25.498239711 62.9153427966 62.9153427966 62.9153427966 29.2853203108 28.0857401172 25.2831417903 25.0608361761 28.6935653169 27.0650833319 28.7453687491 26.7761415053 27.0994359881 28.7454209066 25.9762078858 26.1784669771 28.1415185671 27.3550357909 28.5900672343 27.9806072002 25.4315241529 24.9794433465 27.6746083488 27.117605428 27.4708178362 26.5326286175
27.4979585177 27.6067043274 29.2086865866 26.6616264339 27.924407169 25.0119231173 28.0238801114 27.4201031673 29.1109290891 25.6505803467 26.9083117286 27.7136897954 29.0619779747 27.0792778461 28.1472531168 26.7697401877 24.8892814653 25.1016518954 26.5715105936 25.0414007553 46.2737300144 46.2737300144 46.2737300144 26.4214999223 29.3880473267 28.6819455625 26.5191102081 24.5948359499 27.316191314 62.9153427966 63.6731380868 25.0538822447 27.9972259501 29.1480145351 26.6484985188 29.3047130971 26.2470292756 28.1523846456 27.5172615316 24.9914677055 28.465037144 28.3533002948 27.61889364 26.500820924 25.0382396837 28.858795398 27.3622700342 28.4545262651 27.0262850417 26.2229344321 27.7311558537 24.6156654175 49.8935154077
25.7197851676 25.8124320609 29.0622271998 26.5674699323 26.3322378287 27.771483249 26.0314351872 24.8703291502 28.9468188812 25.1164693383 29.1737844288 28.9288837962 27.1269803139 29.1211654934 27.0966348864 25.9321714514 26.2385458891 24.6304417787 25.6088078073 27.0975929158 29.1567595169 64.9986368475 27.7204254971 25.0926528026 27.5911349489 27.9234136737 28.6480791914 24.9319671235 25.7332716777 28.1910978427 71.6734883814 28.9117032718 28.3241477133 27.3917534031 25.8733343825 28.8885420476 28.8072039403 28.1196027653 29.3946521296 55.2657124908 52.7844805834 57.75860118 57.75860118 26.3316196365 27.0103549022 25.9383976371 24.9508621351 27.4988686058 28.869972916 25.3246446249 24.8650541976 24.9395896047 26.1437789531
27.5268293622 25.018808902 27.0723941917 25.7681504415 29.1526112128 25.5427584545 29.0944842603 26.042322966 27.3092727471 28.5345600168 25.4918453435 29.3462375351 25.7237687568 24.9955412331 26.0371631474 25.2932883273 26.1884414591 29.2967596844 25.029811109 26.2054602906 64.9986368475 64.9986368475 64.9986368475 48.4630903507 25.4370196397 45.6399581555 29.0627973644 24.941076243 54.369671646 54.369671646 71.6734883814 71.6734883814 36.3446042951 27.0438316307 26.4746241376 60.7243579454 60.7243579454 29.0670115456 25.5043386913 52.7844805834 52.7844805834 52.7844805834 24.866991825 42.2896667054 56.3188669921 26.6932132522 27.5378993685 28.7327759486 25.2499362438 28.0367133515 24.9137506702 26.267904843 26.8924524999
