Spatial_Output/BAU/BAU_0537.asc
NCOLS 155
NROWS 192
XLLCORNER 196307.867259
YLLCORNER 449144.565805
CELLSIZE 33.573938
NODATA_VALUE NaN
[rows 50 to 74 of 192, columns 0 to 56 of 155]
27.8532281954 27.9851780114 27.4074685981 28.2041002422 27.6883526107 27.9916880182 28.28585224 27.3434811962 27.6959086047 27.9532170132 27.3542582995 27.9079775314 27.7801223127 27.262412531 27.4491473119 27.9502261251 27.8326882798 28.0220274813 27.6324997755 27.8598882318 28.216144181 28.2029506089 27.8696382683 28.2638967951 28.3162059058 28.0084386835 27.6157185989 27.8204234619 27.4969722929 27.8586840878 27.1714977662 28.2482844478 53.0217004864 27.0840264058 59.3801885039 72.0126377964 27.0181332361 50.1474077117 50.1474077117 50.1474077117 28.1711932649 27.7472522354 27.1235359229 28.1444019127 28.2458224112 27.8719517904 27.5061106551 28.2120691394 27.271566982 27.9360777354 28.2601858026 27.9563238505 27.4957140506 27.1052236401 27.8627241041 27.8208617087 27.0119680039
27.0893190882 27.6301955485 27.5329636745 27.3846702801 27.2475954064 28.0863932901 28.1139696305 27.7082143842 28.027027442 28.0292802454 28.19230686 27.3022418202 27.676702243 28.2120127887 28.331316329 28.010343892 28.0876048685 28.1994369899 27.5647075956 27.9491836248 28.0846514878 27.9422810057 28.1230800269 28.1058310708 86.4473828345 27.1914743328 72.3415688617 72.3415688617 28.3171564906 50.3269237364 27.6794419366 27.9578553903 28.0102022892 49.4444645 27.5625631727 27.1861535843 27.7503391358 46.9905133549 47.5162725961 46.9905133549 27.8460987216 28.1251311672 27.8573235724 27.9162037687 28.3755006776 27.6017359525 27.2382181596 65.259441208 68.2394977576 69.2381787578 65.8906578821 27.4372076964 27.5496529366 27.6857473528 27.8481577671 27.5990901173 27.7044150978
27.4379238513 27.4219063491 27.8158033109 27.6174390049 27.4150700091 27.5366137782 28.1094012905 27.4375369043 27.4922329041 27.6082696505 27.5524077147 27.7797893017 27.001471948 28.1564102547 27.0634060043 27.9759310544 27.3808664058 27.7701285902 27.192793998 27.516468923 27.6639419655 27.4163712258 27.4166287297 27.3401013237 27.2845761008 27.0466672343 72.3415688617 72.3415688617 50.3269237364 50.3269237364 40.1964147438 40.1964147438 45.2397019467 27.8846043279 49.4444645 27.8519441061 47.5162725961 47.5162725961 47.5162725961 47.5162725961 27.6823332014 27.9396137812 27.3583859723 46.0582725238 47.4940959378 69.5292032115 59.5972289652 59.5972289652 69.2381787578 65.8906578821 65.8906578821 52.6332289053 61.3777251781 71.1281709549 48.9386779363 27.9495859176 27.9386153324
27.7678439168 28.0963305564 27.5639415056 27.3239685426 27.9757523483 27.2143457243 28.2170360966 27.4731695745 27.5711959209 28.0317985223 28.174856286 27.6064363141 27.445390021 27.1927766771 27.4354857937 27.3870934622 28.2605070261 28.2734547353 27.1052854165 27.1621643612 27.2089014641 28.0290800607 27.0110310523 27.9661704237 28.0195225545 27.8259835568 28.0193567631 27.6758849626 50.3269237364 50.3269237364 40.1964147438 40.1964147438 27.2269526231 49.4444645 27.598442372 52.3078256733 28.0858794048 28.1854907364 47.5162725961 27.4075627645 59.109137312 27.6765173822 46.0582725238 46.0582725238 47.4940959378 47.4940959378 59.5972289652 59.5972289652 27.5121680162 65.8906578821 52.6332289053 61.3777251781 61.3777251781 71.1281709549 48.7051737651 28.1407395786 27.6109004847
27.0782156416 27.0269027846 27.3135170616 27.6919654405 27.0609364282 27.3679276942 28.0860661526 28.1253244448 27.4679350778 27.4297648311 27.9263396177 27.9445301658 27.9078515847 27.7467363439 28.3276514386 27.1383277354 27.0737629256 27.3102533403 27.1941639823 28.3554382329 28.2424810229 27.5524163455 65.9272952319 65.9272952319 65.9272952319 27.6731404103 27.8228780682 28.1813732841 28.0238942807 28.3956649262 27.5706819863 40.1964147438 27.9329875157 49.4444645 28.3202626411 27.5421672686 27.1209263508 27.4574134663 27.8092507906 59.109137312 59.109137312 59.109137312 28.4100945337 46.0582725238 47.4940959378 27.0573789667 27.9762258171 59.5972289652 27.2886072608 27.2801517579 27.6697072916 61.3777251781 61.3777251781 71.1281709549 28.2283108894 27.8661193199 27.5358610779
0 27.0255885988 28.1523853128 27.1883625607 27.714051767 28.152673543 27.6506426489 27.47669816 27.6147524887 27.9642300592 27.3420248814 27.2654065712 27.9482016731 27.2861329179 27.5269138034 27.4266944218 27.8573780439 27.9158546117 28.0180569578 27.4740923161 28.2839421422 28.229340621 27.894791135 65.9272952319 65.9272952319 27.3473260899 27.66204059 28.0376889669 27.9947480521 27.3646903081 27.3948053097 79.3246226373 28.1751076799 28.2360985542 27.3050122746 27.6992920099 27.3342405084 27.028765313 57.0425809059 27.6308053406 59.109137312 27.4870265449 27.5475000249 27.7615285859 27.7179135824 28.303135052 28.2380767378 27.5188959015 27.7784022659 28.1812974264 28.0791725434 27.1777967436 27.5885078443 59.608562549 27.7230698044 27.787012741 28.1167526774
0 0 27.5684470945 27.5425246335 27.9682376808 27.5414339499 27.3118874734 27.999012177 27.7303056588 27.6188126405 27.7864836577 28.1147027195 28.3404656682 28.3070915305 27.1047083073 27.6412277431 27.4829172047 28.3938099748 27.8636373807 28.1855034201 27.2658172635 27.956410732 28.3357389029 27.0426599474 51.4245266653 28.1243490861 28.3301415999 27.1955902589 27.359105624 27.8516600495 27.821852383 69.4715683733 28.0313063638 28.2922786228 28.116994713 27.8706388342 28.2255343525 27.8995411605 28.174072201 27.5955767988 57.8558209948 28.2247090526 27.6978908257 27.6170695086 28.1659731204 27.3751726907 27.4374902686 28.0598232759 27.558644467 27.6339231825 27.8974426588 27.0309471859 27.4604880678 28.0696080004 27.4745589041 27.6174517218 27.9748169329
0 0 0 27.6538048159 27.8204928056 27.5318208601 28.2954704387 27.6537789764 27.881379526 27.0505774762 27.1357395853 27.600311744 28.2029826974 28.2753490836 28.208820951 27.8653476552 27.7125757278 27.4312647822 27.0141223962 27.4336987105 27.0991206154 27.9614658101 28.0458807866 27.5790893251 28.4007254363 52.2569092245 69.3583765206 52.2569092245 27.2017938468 27.4122433729 28.3812755469 67.7008967476 56.5488193809 27.6222510756 27.2998454084 27.2151011782 27.2737647035 27.3002651173 28.305947401 27.0556416937 71.1215362084 71.1215362084 27.1210588884 28.0409315106 27.7609713326 28.0225417935 27.4795323424 27.5160399378 27.0810472985 27.9491475263 27.8838916875 28.0571220973 27.9855779408 27.0598431007 27.574471303 28.3269653208 58.351370133
0 0 0 0 28.2772025716 27.4479084807 28.091676957 28.0237758873 27.3327867282 27.5294573674 27.9907244464 27.7912057264 28.3403861989 27.4922474748 27.1302417375 27.1307137382 27.6167467749 27.0921839704 28.3133160426 27.4953080315 27.2571579983 27.9691567979 27.283919978 27.4335291864 27.3469055807 59.0121818647 59.0121818647 69.3583765206 69.3583765206 27.7605270685 27.8810354177 27.1195117895 48.1408591229 48.1408591229 27.5910217579 27.0948025669 27.9109441502 27.5394181501 70.9887635725 71.7758663423 71.1215362084 71.1215362084 28.0922038491 27.0381442624 27.1332719995 27.7131817166 27.1925935893 28.2072806515 27.4571521912 27.4292046851 27.9847166545 28.1118616973 28.0547686975 27.1980035372 27.1983358966 27.8090955967 28.1897258517
0 0 0 0 28.361663449 28.2862230029 28.2139739094 27.6685380603 28.0906622137 27.6753816784 27.4368751143 27.7945599075 27.1560837724 27.4215641324 28.3475951937 27.6925120441 27.5514733096 27.0391931681 27.5423727124 27.030656979 27.3095280865 28.4127965519 28.3472817801 27.8231319508 27.7848207884 55.3907611313 27.7015458632 27.1121591087 27.976028612 27.699365465 27.9618273618 48.1408591229 27.7147958428 48.1408591229 27.2424173846 72.8962683204 27.8103293457 72.5355712787 27.2569878707 71.7758663423 71.7758663423 27.0343237556 27.5333643609 27.4859562247 28.0506644933 27.0637405595 27.1453009553 27.5466430226 28.3278065062 27.9994103894 27.6798432604 27.9968188524 28.1712165705 27.8759916826 28.1544374546 27.9783629466 27.0994924009
0 0 0 0 0 27.2167825144 27.0777254191 27.1478376087 27.242205816 27.1864019633 28.0609982331 27.486237787 28.2596884169 28.1398665933 27.6695298099 28.3828072836 27.4208812828 27.941054695 27.6020453158 27.8109933372 27.5132541305 27.7842228304 27.8278162583 28.0023132013 27.3124704235 27.9707724778 28.0437079243 60.1265608282 60.1265608282 28.3733386054 27.4559164388 27.5571695891 27.0567619375 28.2154764601 69.8236736989 72.8962683204 72.8962683204 28.3765147973 27.8466853414 71.7758663423 71.7758663423 28.2603819422 27.8321330409 27.0326315699 27.62959563 27.3269944182 27.831698303 28.3051361283 28.3143816252 27.7519666374 28.1385770488 27.5245862411 28.3992514852 27.3701907696 27.6065440667 28.1667835087 58.9524091883
0 0 0 0 0 28.0737645042 27.6089587423 27.9050511307 28.1115934244 28.0345079608 27.72280113 28.292861861 28.2012682166 27.9750628612 27.5232463837 28.3918649229 28.3499708629 28.1107040164 28.3449654024 27.8001807616 27.4938832777 27.9731418462 27.4304289156 27.0297196133 49.7434568181 27.3071513723 27.2468729127 27.4789480594 27.9790305298 28.3040774746 27.8257384475 27.4927508364 28.2365727801 27.3458448613 69.8236736989 72.8962683204 27.7482189141 27.3472535915 27.4136856239 27.1400609418 27.5081723454 27.2494792427 27.2615739523 27.7104439153 27.8607513847 28.2463270452 28.1636527196 27.7708006848 27.2038001551 27.9766221175 27.8281871521 27.0303500372 27.2162444403 27.2875436331 27.6661464891 27.8163245428 27.9302037537
0 0 0 0 0 28.1259632566 28.2768392923 27.7088569097 28.373764147 27.4008826496 27.3161398239 27.393445146 27.5510519778 27.0476864465 27.8377191355 27.697910108 27.4089324811 27.0334075884 28.2989219163 27.8989185867 27.1585161992 28.2399937549 27.8705828747 27.3028142138 28.3002738057 28.0784753545 27.1425503483 27.2256721122 27.3361995289 28.3394215691 27.8026332827 28.0865825796 27.9428421614 27.1908607084 27.218806645 27.2415492326 27.7940050627 27.0924529067 28.13389926 28.2156778034 68.464094205 28.2017572588 27.3567575433 27.2193153968 28.153183459 28.0159158594 27.0382723678 27.3681300098 27.7424199007 27.3721829169 27.67782603 27.9496851545 27.6416285782 27.3692467176 27.6610951131 28.1567332263 27.6775800969
0 0 0 0 0 0 28.299991706 28.0728253764 27.2310293628 27.7093677374 27.6320181773 28.2182447574 27.1173063651 28.082592127 27.4239473807 27.2083426993 27.6747542257 27.5642158607 27.1898703925 27.0179254768 27.1245579439 28.3913626759 27.4147304687 27.2027288172 27.5669342483 27.3399433574 28.2475618468 28.1208449546 27.9449026953 27.4307019869 27.4007070676 28.1152923627 27.9418714629 27.7021769529 27.3962330225 27.4914797314 27.2986663918 27.2421256679 27.5350211619 27.4195731077 47.3624860927 27.5713234978 27.4815122952 27.2797091354 27.5582149789 27.2638707916 27.3193114696 28.1562256002 28.2298444852 28.0955351844 28.0950807938 27.3334525891 27.2492967486 27.8330850185 27.3215263965 28.1906857547 27.0057087598
0 50.6543402332 61.609138521 63.162841419 90.4520669693 90.1341036086 90.1341036086 27.2594135931 27.1026189001 28.2755803205 27.9331920154 27.8575248044 27.0075554243 28.1527178107 27.8818742074 27.95057235 28.2216142664 27.2220556422 27.424557226 28.1432294763 28.1269823605 27.5562373755 27.4729020031 28.3876379705 27.9225802845 27.3422287485 27.9124060881 28.3486762571 27.6920595145 27.9225729828 28.0747099848 27.304970057 28.1139654606 72.1576936488 28.3974100022 27.0509534994 27.6618368948 27.6232465894 28.2918600917 47.3624860927 47.2095160856 47.3624860927 47.3624860927 27.9952716948 28.1739897482 27.9920336437 27.3271092422 27.1202216869 27.6115431914 28.1406778775 28.3671512633 28.1239804704 27.9075740632 27.9230552492 27.8979972635 27.4880159508 27.613298107
0 61.609138521 63.162841419 63.162841419 90.1341036086 90.1341036086 62.2621900181 62.2621900181 27.1751290026 28.2563499383 27.6133281374 27.6747160265 28.0174647324 27.9502135065 27.6144881792 28.1312349677 28.3390561701 27.064427061 27.9918605261 27.9200629636 27.3194812262 57.4045061218 57.8533979584 55.3746422341 27.5827196812 54.8327133514 54.3574807319 27.2391362715 54.3574807319 27.3616795327 28.1444693556 28.1506671452 27.455095117 28.0541801885 27.75708114 27.3862462448 27.4302241305 28.408776961 27.198388128 27.2495891603 47.2095160856 47.2095160856 47.2095160856 27.6504079759 28.1960444043 28.0507641454 27.0355692584 27.662301765 27.2387058794 28.3895598113 27.8368987541 28.1236377835 27.8180297554 27.92734632 27.9930429868 28.2582021278 27.9247299471
0 60.2311324439 61.609138521 63.162841419 90.4520669693 90.1341036086 90.6405124486 62.2621900181 50.7790491799 61.7129049488 27.7688233905 27.3784271238 27.6749180821 54.9328246332 28.1069629558 27.3332425434 41.366133019 27.7244367716 46.4022437156 27.3073622699 57.4045061218 57.8533979584 57.8533979584 55.3746422341 62.6047575518 54.8327133514 27.2795699115 28.1766784362 68.0492085315 68.0492085315 41.3144605189 27.540547298 27.8936154319 27.9508016279 51.1940044835 28.2460911312 27.3334490322 56.1087514268 53.1445475128 68.1706183814 68.1706183814 68.1706183814 68.1706183814 27.7307826387 27.9875441711 27.4119069599 28.3008469741 27.9787537906 27.9860447307 27.4075203732 27.6991662956 27.5707563936 27.0243223458 27.9024651871 28.2572981301 59.7518802929 59.7518802929
0 51.5703598369 71.132944641 71.132944641 51.5517096604 54.9923665775 54.9923665775 46.569398601 55.384239018 61.7129049488 55.1260571532 27.4753036938 54.9328246332 54.9328246332 41.3454806606 41.366133019 41.366133019 27.2413000369 46.5764819678 27.6437967065 27.0309926078 45.6481642233 57.8533979584 62.6047575518 62.6047575518 62.6047575518 45.2764661055 58.7383476586 58.7383476586 41.3144605189 41.3144605189 41.3144605189 28.4017772692 28.0287008048 28.1059046477 77.3703653659 28.3830832445 27.9765071311 54.4255672292 54.4255672292 54.4255672292 55.5797108186 27.1125456799 27.9542819334 28.0846210552 27.766350914 27.1663772932 27.8431706265 27.5315053409 28.243889917 27.5473605064 27.5330970388 27.3845604344 27.6379333551 27.6837043585 47.7959771963 59.7518802929
0 71.132944641 71.132944641 71.132944641 54.9589007978 54.9923665775 54.9923665775 46.569398601 55.384239018 27.4252824444 27.3935795054 27.0693435428 27.9141623443 54.9328246332 41.3454806606 41.366133019 41.366133019 27.2513357333 46.5764819678 28.379752124 27.5488651985 45.6481642233 45.6481642233 27.022547842 62.6047575518 62.6047575518 58.7383476586 58.7383476586 58.7383476586 27.9864836754 41.3144605189 27.9654166316 28.0057348535 77.3703653659 77.3703653659 77.3703653659 41.5982097942 27.0957918081 28.219903199 27.8582465273 54.4255672292 27.3811880602 27.834144055 28.3006858515 27.5683815542 27.9586824738 27.4944487828 27.5795297432 27.0815045183 27.6668775323 27.801256574 28.3200469558 27.3156257474 27.662551601 27.0867079143 27.8436526098 59.7518802929
0 0 71.132944641 0 51.5517096604 54.9589007978 54.9923665775 0 46.569398601 28.3302807374 55.1260571532 28.4007808362 27.3310433206 54.9328246332 27.0403494111 27.5590458947 41.366133019 28.375502302 27.5215583025 28.154428334 27.9946771681 27.3101918706 27.118627705 27.1366962113 27.4979271657 27.1850766767 27.5014051489 57.6399889593 57.6399889593 57.6399889593 27.1264903128 27.4546666892 27.2929184575 27.161771324 68.8551019956 77.3703653659 27.7903730321 27.93091445 28.0349408294 27.6624424075 28.2849970599 27.7590854058 27.7492841714 28.1473646599 27.2440745241 27.7148644255 27.3285829645 27.515622159 27.0179122509 27.5515614726 28.1802530897 27.1843891774 28.0868580792 27.7065555777 27.052369392 27.8377157368 27.6842437056
0 0 0 0 0 0 0 0 0 27.0238914392 27.4408401612 28.2189282971 27.5066754098 27.474301359 27.7235203751 27.4971026499 27.7351956226 27.9943243358 27.7368998838 27.9955773585 27.5663883373 27.7179495579 27.1791331364 27.6748534308 28.19989763 27.2638044979 27.1689346469 57.6399889593 57.6399889593 28.3582128392 27.5710790092 27.4199446154 27.4910710034 68.8551019956 68.8551019956 42.1831093864 42.1831093864 27.9252679476 28.1925602005 27.352630599 27.607794701 28.3546811269 27.9540470705 28.4004940458 27.7910249242 28.2202212774 27.4366150144 27.7111455011 27.868404566 27.4570947924 28.3382161253 27.2788182348 27.1516987573 27.7114063889 27.081717443 28.4086725085 50.894327521
0 0 0 0 0 0 0 0 0 27.7393991275 28.1564484199 27.052094506 27.5007866081 28.3279419645 27.9539592724 27.5970343182 27.3987422397 27.5248932294 28.0762029581 28.0857830189 27.7718097647 27.1217723215 27.1147910688 27.5851819555 28.30138729 27.1518316484 28.2543193658 27.4604168353 57.8319034269 28.238507591 60.3160390964 27.9687885957 27.7390060415 27.8779711286 42.1831093864 51.5610265419 51.5610265419 51.5610265419 27.4387385306 28.2160251743 28.0412835305 27.2380929274 27.9869799456 27.6770154938 27.9696224936 27.7934877202 27.8052331082 28.0360807463 28.17596979 27.7502048397 28.2818637358 27.604814946 27.5639063049 28.2197971438 27.8521857466 50.894327521 50.894327521
0 0 0 0 0 0 0 0 0 28.2016844569 27.0069538061 27.8278633037 27.0528062239 27.3527546654 28.052667226 27.4405967519 27.2642061428 28.3926604831 27.954425848 27.0604895838 27.9062547968 27.8915666406 27.5233254204 27.6314427472 28.2777145753 28.082480481 27.2537071147 28.3949973095 72.6606309284 28.0098937984 78.1367494598 27.7375749503 28.0214794268 27.1900465045 47.837613655 51.5610265419 51.5610265419 37.7389995772 28.4049039031 28.3196845011 27.6828030227 27.6101186065 27.9709014147 27.2450564321 27.0725791702 27.3181614418 27.0884157249 27.8493609397 27.6669458 27.5832123297 27.9346779702 27.1826820436 27.6192883938 27.9313284469 27.9814501003 50.894327521 50.894327521
0 0 0 0 0 0 0 0 0 27.3948209823 27.1026277535 27.1565137997 27.9664751358 28.389044345 28.2327715152 27.2011537358 27.7905052392 27.7555018393 28.2530592752 27.25048601 28.2747393044 27.4355921605 27.7686720672 27.1564318353 27.1256772308 27.959342953 28.3066105355 28.0164230302 27.7049130687 27.383198158 78.1367494598 27.1137201442 27.058771223 27.1726852028 27.7121045915 71.1851331487 71.1851331487 71.1851331487 28.3415406891 28.1688322643 27.9949993385 27.6945636793 28.0840513762 27.4470838693 27.1487150995 27.1227324435 27.2863343498 28.078863943 28.2006120809 27.190959369 27.0639418079 27.0998869326 27.9468709776 27.9730140514 27.1328477269 77.4232963433 77.4232963433
0 69.2314019752 80.1236992038 0 58.3068292644 72.2944043687 68.3628347603 0 0 0 27.2435014134 27.5722516604 27.0019397586 27.2899994752 27.6881436569 27.1188455635 28.105594654 28.0645825874 27.4152712999 27.4197509632 27.9882850423 27.5092127491 27.9756736964 27.4524982335 27.9932601936 27.2726916572 27.0817213822 27.9522212532 28.1989540002 62.4230075345 27.5764499026 28.2513109154 28.4084812828 27.0002418225 28.2986643436 27.4313143117 71.1851331487 73.0434619335 27.9788395522 28.3257995925 39.8770211072 28.3448554031 28.0436125249 27.7705994019 27.497799032 27.8320421623 27.5170976859 27.5064817927 27.9200519933 28.3218363951 27.448560552 28.2079556093 27.0344844079 27.4252786324 77.4232963433 77.4232963433 77.4232963433
