Spatial_Output/BAU/BAU_0183.asc
NCOLS 155
NROWS 192
XLLCORNER 196307.867259
YLLCORNER 449144.565805
CELLSIZE 33.573938
NODATA_VALUE NaN
[rows 50 to 74 of 192, columns 57 to 113 of 155]
46.333720944 47.4038099401 46.4233435251 46.9091227227 58.0651560328 58.0651560328 58.0651560328 77.0693649758 47.1065486471 46.7434220961 46.3262457056 47.4071134654 54.7489692485 46.4431203751 47.3717620063 46.2804725894 47.1755840625 47.0963853879 46.3845708296 47.3925921912 46.7342388117 46.8543297552 46.7704234664 46.9450338013 46.2116268855 46.0166822892 46.8811305958 46.4897019778 46.7881355105 46.7562505529 46.1531046072 47.1112106946 46.9101262673 46.5889118824 47.1405903457 46.9712474271 47.2513285855 46.1521234554 46.6389931746 46.6917774471 47.1199896057 47.187180106 47.0840301688 46.8179659139 47.1640008892 46.3949491546 46.8089237261 46.6715644624 47.2557565394 46.1198323845 46.8455479889 46.5279696579 47.3467017043 80.2834654655 46.2268814051 64.74189689 69.592742129
46.7647313956 46.268589231 46.8203355025 46.0205539251 72.9557857365 51.7160055398 51.7160055398 47.3504992189 47.0146352337 46.3987717767 46.4853061323 46.1142799747 46.9037471091 54.2271528115 54.2271528115 54.3690042853 46.5868525509 47.3718255297 46.1896100549 46.0965727817 46.5972318072 46.9004824804 47.3447891326 46.5305816792 46.776952596 46.5326097159 47.1744002992 46.9654696753 46.0032597317 47.3020296871 46.7361808964 47.2883634099 46.147061076 46.8787937658 46.9086918263 46.8091298446 46.9808458411 46.0757216791 46.4534364985 47.0034517188 47.0294886243 46.9645047737 46.4204968301 47.1180349734 46.9970885962 46.7133322772 47.0148669968 47.1680199384 46.5613328029 46.1368037178 46.2653978524 46.7377288944 80.2834654655 80.2834654655 46.1542061318 46.1211631345 68.6770377352
47.0231186784 47.3649315941 46.7372149122 47.0166036512 51.7160055398 51.7160055398 51.7160055398 51.7160055398 46.1373181313 46.0798436231 46.0956319534 46.8404776506 53.5072096692 54.2271528115 54.2271528115 46.1341315828 47.1170227797 47.0152474869 46.8909122059 46.3409237225 46.5313160653 46.7130040863 46.12650034 46.4904056849 46.2773657503 46.0855074877 46.506930535 46.0740207373 46.4485663726 46.0909237195 46.0067000078 46.9958964936 47.3295966172 46.7545644794 46.3734270125 46.887692114 46.4644411802 46.4373314776 47.1249465518 47.0794337373 46.1855507979 46.8143590565 46.2381681804 46.6765965216 47.3044976766 47.2814657449 46.5830045722 47.3176463351 47.2303840618 46.8124463186 46.1734057411 47.381348177 47.0766378233 80.2834654655 80.2834654655 47.1251323196 68.6770377352
46.6133770707 46.8951060028 47.030923593 46.8784028471 47.2798371479 47.2386593206 47.2273581007 46.5856852362 46.0651562622 46.8223311428 46.2265059235 47.1098808045 67.1168767087 67.1168767087 67.1168767087 46.0546634259 47.1073314372 46.0073073138 46.8533054124 47.2968037338 46.3308375861 47.3785920259 46.3760885136 46.7629677732 46.671201724 46.460641204 46.9369684475 46.91923216 47.3463914071 46.8279733274 46.5512157204 47.0850296429 46.180169638 47.1705148358 46.6976810774 46.9625240402 46.8788130014 46.6144239111 47.2451537343 47.4137794778 46.8611559052 46.2733405803 46.1432997197 47.2660292673 46.0503654883 46.8746223977 46.6226104959 47.0620451487 46.8788946396 46.5734008702 46.0793589339 47.0507634844 46.5236545958 46.3031373709 46.821122522 46.9175037972 58.6296244977
64.8880556195 64.8880556195 46.1554615855 46.6499498436 47.2658420971 46.2878917058 46.2942610716 46.1317513895 46.6532151821 47.2451323371 46.0463513865 47.1358287801 56.6803046845 56.6803046845 56.6803046845 46.6326414191 46.4265409969 46.8433569199 46.5017798156 46.0671489847 47.1212401862 46.931417022 47.0239418592 47.3912347371 47.389816652 47.1679228346 47.2452035019 46.7317644716 47.0043704706 47.2678352183 46.7970830978 47.004750517 47.1613900469 46.46378346 46.8238019619 46.2039465587 46.0897065057 47.2868257393 46.7844338927 46.5750501132 46.6698909659 46.3156255547 46.1941218274 46.968506797 47.036971496 46.720173896 46.916107228 47.1518833819 47.2732706446 47.1856578132 47.2012948941 46.2535828782 46.6306475082 46.2020905479 47.0912056623 47.0985881259 46.9730590887
57.4916920513 57.4916920513 47.0200350017 46.5002822131 47.0729004808 46.9077402388 46.1095697218 47.1024741317 46.4836933515 46.4416865527 46.243698373 46.8223763242 46.3796562799 56.6803046845 65.7552999523 47.2646680612 46.8852830234 47.2089439084 46.16364025 46.2114669591 46.0655451953 46.3285121592 46.2875637197 46.3145615306 47.3634822422 46.7312231383 46.0567949411 46.1895146392 47.2718988015 47.3113317702 46.1230428504 46.3787298716 47.0492140552 47.141252829 46.0390286815 47.3117671219 46.5848881594 47.1114955505 46.1287994031 46.067029723 46.0205051296 47.0739675713 46.4802948248 47.1014323796 47.2297389416 47.2449578235 46.2982531573 46.7918319192 46.3451887728 47.2292562698 46.6417718201 47.109232804 46.9558569732 47.2564210484 46.307875379 46.7630886198 46.8704371556
57.4916920513 57.4916920513 46.5598364696 46.0972172271 46.9984218848 46.2774426517 46.4515982182 46.5533287376 46.9820375537 46.3233751965 46.3433215061 47.0993447162 85.1083671208 62.1433233403 85.1083671208 85.1083671208 46.0182852013 46.3517277008 46.7746512218 46.5363683263 46.449722754 46.161109117 47.1542287015 46.7918146467 47.0102764163 47.3795612182 46.1320140054 47.1772466461 46.0865957777 46.8180067245 46.4575306812 46.0761907131 47.3661255965 46.5924624144 46.9489438917 46.7348148305 47.2094957396 47.2763741782 47.391787697 46.3220631658 47.0716381306 47.2879547654 47.3311125204 46.5760496055 47.1921627582 46.7422942004 46.605757763 46.5843050422 46.8092260809 47.3023058309 46.7480313785 46.1570337531 46.0531636534 47.1783223221 47.3138943976 46.4062387137 52.8705114422
57.4916920513 46.5084295578 47.2708773948 46.2179391503 46.9612562251 47.2211329449 46.1317803229 47.050202308 46.9341622981 46.8868686844 46.8052133277 47.2792251529 62.1433233403 62.1433233403 62.1433233403 47.3435206353 46.6486272871 46.9942864758 47.214143488 47.3777683778 46.6085038446 46.964628939 47.2487406018 46.5435500809 46.1514812446 46.0724108763 47.1510054232 47.0480601253 47.2519039995 46.7494003467 46.7079293727 46.0412514601 46.573397962 46.0800316663 47.3995445561 47.3281115337 46.2618952269 47.3010813351 47.1276569238 46.1679777419 46.2603518858 46.1441247763 46.1036906157 46.9448195966 46.8576044924 46.1821073439 46.4154903521 46.8810334682 46.8851148157 47.3680749835 46.5925328575 47.4023218754 46.7833249109 47.2427527838 46.9708798277 46.9259397738 46.8159651986
46.8515435095 74.6245890724 47.1309114392 47.1172096386 47.1351659411 46.6414359217 47.300670098 47.1942152255 46.510601648 46.5618576577 47.0430438375 47.3082179771 62.8523447811 62.1433233403 55.9940265493 46.7320796024 46.4634828409 47.2549630681 46.9807357681 46.108070342 46.8960518296 47.3314812216 46.6302665449 46.4296768353 47.2888188693 46.3371273011 46.9665662086 46.2240297409 46.9281724749 46.9596671346 47.3778256985 47.2028547782 46.915259749 46.1318606189 46.8332970858 46.9032390241 46.6146817515 46.5977610488 46.3570985445 46.2291188746 47.3120292079 47.3022705688 46.1761453765 46.0458232004 46.5362967683 46.1015811511 46.6440521441 46.9953267683 46.525262182 47.1733018389 46.4592010155 46.3608392864 46.4144419393 46.4319386637 46.4864838685 47.1397899683 46.0041125335
73.1064149275 73.1064149275 47.0046924953 46.0522408547 47.0437732936 46.2497099883 46.9597261765 46.109211021 46.1936829901 46.1258439708 46.9881534236 47.2940086939 55.380881665 55.380881665 55.380881665 46.801003325 46.7719389441 46.121746189 46.7990051282 46.5730537705 46.8156192241 47.3246701595 46.5957906869 47.3676797506 46.6921454047 47.2331409088 47.0889029106 46.5814839273 46.3727511493 46.5397335239 46.3511488051 47.3262113978 47.3129998417 46.6706542311 46.5789154847 46.4718589365 46.8363993011 46.9405351179 47.2270982193 46.868637707 46.2129988585 46.5805945157 46.7925794846 47.3615283966 46.0023157524 46.9692567268 46.344723131 47.1108803105 47.2593375727 47.3681097279 46.6045369342 46.0508422687 47.0573992849 46.4202149225 46.7459019013 46.0200499575 46.1056060258
74.8924501443 46.6022438588 73.1064149275 47.3455375316 47.3657733839 46.7843737061 47.1273233113 47.299613383 46.883768098 46.6570054368 47.2499103066 46.6056676701 46.2808197529 55.380881665 55.380881665 46.260212074 46.5506146139 46.9332402245 46.0780941105 46.1072690947 47.2946647104 46.9527938846 46.8070686684 47.4089278227 46.5844715556 46.1722746351 46.9736728463 47.2159087627 46.5261767953 46.8780283272 47.0987047836 47.1668660847 47.4121268161 46.2556680619 46.7151221002 46.9163817487 47.3133075346 47.0070553753 46.7640946239 46.7010149398 46.1814117098 46.3061373609 47.2322102792 46.1746962627 46.1615040894 47.2318560073 47.3134291979 47.2723149829 47.0448457266 46.0239676195 46.1571604931 46.5117746398 46.0767428328 46.3609965316 46.3048081987 47.1463662426 47.213293277
74.8924501443 74.8924501443 58.2217000547 46.4007050838 62.2046667453 47.0665664676 46.536522616 46.9846580887 47.0114819212 46.6881556242 46.4776456499 46.0410866184 62.44306963 85.4959669262 62.44306963 47.3288504592 47.0108667243 46.2524824173 47.1379385197 47.0578102128 46.2133146059 47.404303198 46.6208668279 46.2174199677 46.6663469484 46.8295044388 46.4579455386 47.3497619212 47.3393050041 46.9532026662 47.3839948811 47.1770891599 46.3007184189 46.5614458153 46.9241930028 46.1233961938 46.8631142417 46.3946143628 47.3456508287 46.6042461382 47.1618683637 46.0930330478 53.1741319727 53.1741319727 53.1741319727 47.2603906883 46.8800604243 46.8712151533 46.6905421765 46.2354683031 46.8554621728 47.2880172957 46.7570220026 46.5825162073 46.6228166283 46.7133564833 46.8359242288
74.8924501443 46.174631494 46.8771013536 62.2046667453 62.2046667453 62.3684271813 47.1298561457 46.4550047276 46.1661341913 46.855679564 46.1982617236 47.1196826047 85.4959669262 85.4959669262 85.4959669262 46.3907979735 46.7911900585 47.1509813984 46.7248798611 46.4776295357 46.17027883 47.2518539381 46.131599239 46.260854715 46.283763717 47.1245221656 46.9719403073 46.3496941604 46.9120854356 46.2692053596 46.4273434124 47.0442791966 46.3551754017 46.7466315942 46.1051203698 46.6039721113 46.5276653035 47.1898913779 46.7197563824 46.8968711621 46.8333645962 46.893839888 53.1741319727 53.1741319727 46.4165627025 47.0021028824 46.3388966027 46.8348366625 47.0315046935 46.01671618 46.3160171121 46.443335165 46.3379283726 46.7262578643 46.5705196213 46.6903672668 46.3551854621
46.8796914333 46.7384547948 47.3325095401 46.8285488727 64.5182166407 64.5182166407 46.7246079019 46.4131674237 46.8103417875 46.8645042772 46.4838069172 46.3220080433 91.066727087 67.3301792142 57.5253228068 46.5520549344 47.0713797948 46.3265248954 47.3701134097 46.4856893107 46.3662156891 46.6133473835 46.3201048524 46.3329118342 47.0722991733 46.4189102451 47.0312649295 47.3323754541 46.1032264387 47.1936542416 46.6915672878 46.8593086253 46.3470281271 46.3740377639 46.7818975097 47.0188478506 46.4752800021 47.1249406714 47.0183162137 46.8954626367 46.3855760104 46.6443700688 79.3846207808 79.3846207808 79.3846207808 46.463769089 46.0796399607 46.2265081521 46.9676306379 46.9681787331 46.9506942499 46.6197570839 46.8734816728 47.0163371114 46.2553954192 46.6197189204 46.2497218193
46.1614242055 46.72436577 46.5060007815 64.5182166407 46.75915283 47.0447333739 47.2829404998 46.4744736044 46.2684114565 46.49185792 47.2964347504 46.4856815335 69.137138702 91.066727087 91.066727087 46.1628361806 46.141150867 47.3644507468 46.3749279611 47.3482513335 47.142608832 47.1347157518 47.045689129 46.406413815 46.7157425379 46.5268647142 46.5755163875 46.6941475528 46.2196999181 47.3934989431 46.8848743136 46.7811557164 46.384979645 47.207603803 46.3396946404 46.6683267087 46.2742944734 46.1882142879 47.2735699657 47.3085023574 46.4727028636 46.4791880465 46.1131756712 79.3846207808 46.8882090297 46.3831313091 46.0335038425 46.5928735861 46.258307715 47.3521431056 46.5990520483 46.5321097128 46.0063380663 46.112292678 46.3087831329 46.4401381052 46.8335553576
46.4669681326 46.6598228729 46.4508794817 46.8867580461 46.7136509098 46.943838934 46.7828340326 47.3807355515 46.0600506758 46.4100943266 46.4573825246 46.2281003872 47.3507385535 46.40971069 46.205767841 46.2738002144 46.8798899766 46.8178741251 46.1176040372 47.1112168943 46.4680857027 46.9798775843 46.3367843472 47.3691374161 46.2928870592 46.0245693745 47.3767853335 47.1443486428 46.9402850826 46.7260366303 46.3084960301 46.643305116 46.9514767218 47.4114201812 46.6843549112 47.0794674724 46.0397841235 46.088563211 46.7525018632 47.371972253 46.573580959 47.088471294 46.46641031 46.7244569436 47.2015872832 79.588483449 46.1451344573 46.4636565816 47.3520756115 46.3231358607 46.2596285409 47.2445100365 46.5712842938 47.2250146602 46.0648770362 46.6222576764 46.7108774783
46.0841611481 46.4085373968 46.4009348081 46.7659860773 47.0113806888 46.6054350323 47.3588320003 46.7839407832 47.2901747337 46.5401957771 47.4016339762 46.6600960524 46.5698617711 47.1017819857 46.7903499609 46.5084929149 47.2419879616 47.1679490387 47.0919384226 47.2335521321 47.1093849374 47.009940602 47.2841552385 54.5422371063 68.857275041 69.4029764496 46.7067171282 47.2693968394 46.2805454968 46.7488055296 46.8372284938 47.1135183457 46.4022157102 47.2249638896 46.8476517378 46.7178517222 46.7925627344 46.3652995044 46.4815095658 46.9460131885 46.7529875373 47.0532428708 50.1986310172 50.1986310172 50.1986310172 47.2517060838 47.3724070234 46.0921066516 46.3258723151 47.2266309999 46.2856717521 46.9885598842 46.7751070269 46.8168397332 46.2445609926 47.3018671452 46.5695052021
47.3641348642 46.0286180785 46.5130449204 47.0091969088 46.005748344 47.1583720664 46.4674088101 46.6313091799 47.1207725979 47.1493973368 47.0414279117 77.1003925319 46.5885753906 66.6561722936 46.3416368707 46.5057532139 46.4078469373 46.3939795435 46.655258748 46.0620773682 46.8706016184 46.214802635 54.5422371063 54.5422371063 59.7701461399 59.7701461399 46.4416032727 46.4865591308 46.3462398491 46.0206940244 47.0747362996 46.3153984882 46.8481977461 46.6669777839 46.0594098031 46.7063038727 46.3853723826 46.4317768892 47.067891847 47.1781695607 46.7781840213 46.4044654343 46.6670595502 50.1986310172 50.1986310172 47.1712995035 46.9011835356 46.9203908994 46.3924084011 46.4849547973 46.2608214695 46.7808601607 46.0206260822 47.328033728 47.0759467659 46.256021282 46.7254478164
46.4219349717 46.5309845096 47.2121411366 46.7600973164 46.2462374921 46.3789429287 46.8049331301 46.9034289093 46.1302873842 46.1198210592 46.3925633196 47.2849291791 46.2422544448 66.6561722936 64.431715576 64.431715576 46.6950384388 47.1374108376 85.2280722062 71.5031011519 47.3776316151 70.0050585512 46.6765231006 96.6740363305 59.7701461399 59.7701461399 47.0962122095 46.8392354178 46.2144608373 47.257428585 46.129953327 47.3778828288 47.0000069655 46.3283060336 47.0657060073 47.4074447301 47.0625441288 47.34981472 46.9242341714 46.1270350957 46.9559108511 46.2560830901 47.0585244093 50.7750291069 50.7750291069 47.2430281164 47.0479619503 46.3213046335 47.2508856951 47.0508326499 46.2082538893 46.0868593911 46.5080761016 46.6280743888 47.1642274473 46.9559448529 46.3132789537
47.0126949517 46.1541624697 46.77584405 46.5622970771 46.7591582165 46.4187162379 47.2094752904 46.4232391166 47.2448175363 46.2124886904 46.9272097778 46.3837219811 77.1003925319 62.5939472255 69.7956011662 69.7956011662 46.8668963905 46.8473018982 79.3819555327 46.8666493258 46.6676343361 46.3388606808 46.5994299783 54.5422371063 79.2092266494 69.4029764496 46.4614203001 47.2388793334 46.962859946 46.3668156277 46.0409819717 47.0206362948 47.3869429083 46.7024704949 47.3674685083 46.9563659418 46.3931219041 46.4628900862 46.4914105721 47.3128976586 46.1853454931 46.4386326373 47.3522651378 62.3527595985 62.3527595985 46.1830779932 46.0858734234 47.0947065176 46.5690284095 46.610956063 46.6028539953 46.8627360699 46.8152311168 47.3130299227 46.8136102897 46.0021317138 46.1106801633
46.7326812002 47.3571388414 46.3882002928 47.3203251144 46.7896607724 46.8088079383 46.8790008196 46.7224319616 47.4010260456 46.243279067 46.1520919113 46.6417527364 46.6043678384 69.7956011662 69.7956011662 69.3259522949 47.1188368294 79.3819555327 47.38786992 79.3819555327 46.9914022832 47.184491777 47.2200907041 79.2092266494 79.2092266494 79.2092266494 46.6772669742 46.6900286968 47.1062865531 46.8520273956 46.8428361308 46.3146094979 47.0941584213 46.5233254326 47.3252026691 46.602392714 46.6611689864 46.0008411982 47.118327825 46.9902636505 47.3428903698 46.5877364242 47.1626863831 62.3527595985 62.3527595985 62.3527595985 47.1552864391 47.1290017865 47.3166255781 47.1558696556 46.7063248121 46.0589465204 46.6939784321 47.2930530392 47.1993217718 47.3484380234 46.3529913041
47.0629792709 47.0554955401 46.6099720102 46.6113501435 46.4755528429 46.1899051462 46.6228264148 46.4164560723 46.4209953707 46.6530246089 47.3120128787 46.1179522033 46.1538056333 46.6677373439 69.7956011662 51.464070393 47.3257934988 55.8784818739 55.8784818739 68.6649505034 46.0013000449 46.0264645285 46.3059032278 52.0776605035 68.1164337215 75.163706902 47.2210244052 47.1289136007 47.1564895447 47.2519499763 46.12099766 47.0490217291 47.175191637 57.6193399723 46.4598165211 47.3767618155 46.5279433923 46.6939343641 46.4763023745 46.3491811773 46.2290580175 47.1685083684 46.4197908652 46.2283026402 46.8137836417 47.1127816195 46.4936015254 46.9732630068 46.3917927722 46.2920043739 47.1234290872 46.3034624649 46.8943232382 46.0150836467 47.353229653 46.5118522504 46.0015022884
46.9188048559 46.6096678115 46.9649474864 46.0368214946 46.3275732708 47.0821621457 46.8945464503 46.4598213696 46.1989604786 46.2726882103 47.37127121 47.018079619 46.3831895161 51.6793806715 51.464070393 51.464070393 63.3858604305 63.3858604305 63.3858604305 55.8784818739 46.2824115444 46.2846942469 46.8372372253 68.1164337215 68.1164337215 68.1164337215 46.2254621949 46.2003582862 46.985019644 46.4805021808 47.013123953 68.7081526222 68.7081526222 57.6193399723 47.2905073803 46.7714503137 46.235361136 47.0637275817 46.2284117091 46.9508860697 46.7225198959 46.4850132089 46.1369430783 46.8529326307 47.1976307942 46.0706611708 46.693312842 47.2199768984 46.2475028891 47.146783133 46.8475724944 47.4085539933 46.2129609836 47.1719680214 46.8397650038 46.0260336207 46.5251020577
47.3813967502 47.0101226803 46.9195912991 46.4326315131 47.2032572355 46.6995627546 74.2966240543 46.8219541088 74.2966240543 46.3959713917 46.4839365304 47.1516447341 46.5412800685 46.8669891186 47.157743885 46.1563190826 46.2548131559 63.3858604305 63.3858604305 79.8604009227 46.9452650223 47.0115560348 70.6378224162 46.9845155971 47.267682611 47.2809150936 46.1709325715 46.8452610816 47.2490161928 46.8332711567 46.5673776394 68.7081526222 68.7081526222 46.9241418171 57.6193399723 72.646770102 72.646770102 46.7162244021 47.2631519536 46.8723365496 46.909958969 47.0626826642 46.0681052356 46.7965579273 47.0598381397 46.44214486 47.306483047 46.8489356795 47.0308906295 47.1841645842 47.3354781853 46.1030263326 47.2579213705 47.0729489524 46.9982406033 47.0852265384 46.6608147368
64.1494792028 47.0701511261 46.0768244871 46.1965131192 46.832726814 46.4930481379 46.3690126593 46.2056904728 46.5473512196 46.4015366879 47.0675311334 46.2599075155 46.8976862599 47.1956130258 46.3892599472 46.0968775906 46.3383946343 66.2217424852 62.1120269732 46.2864668767 71.9247844134 70.6378224162 70.6378224162 46.0490607422 66.4861842126 66.4861842126 47.0440249157 46.0798091236 47.2192319704 47.3692943949 47.1367810544 68.7081526222 68.7081526222 46.0120522867 72.646770102 72.646770102 72.646770102 47.2884339138 47.1935223008 46.0507097636 46.3990443849 47.0673092773 46.6919105461 46.5421705503 47.3039915797 46.8161931417 46.6302086695 46.4712245294 47.0305541028 46.2205946786 46.8357389275 46.2297965377 47.1400315979 46.6290643562 47.2132948288 47.3834803338 46.4529905173
