Spatial_Output/DEC/DEC_1043.asc
NCOLS 155
NROWS 192
XLLCORNER 196307.867259
YLLCORNER 449144.565805
CELLSIZE 33.573938
NODATA_VALUE NaN
[rows 52 to 77 of 192, columns 0 to 56 of 155]
23.0704231427 22.7162220075 22.8671796668 22.602515629 23.0469848205 22.5533689936 22.5583832048 23.0801670819 22.5399436719 23.1910722127 22.7716342571 22.7891096258 23.0114594816 23.0254544709 22.5214683586 22.5792739431 22.6123008646 22.7706680105 23.1374961026 22.818989729 22.9809588171 22.7554507771 23.0354532471 22.7783285161 23.0779959544 22.7045995493 23.1636015622 22.9314767481 22.8012064763 23.1883751041 23.0195960685 23.1827615299 23.113005988 22.7408643533 22.7897535327 23.0493983502 22.6578676662 22.6659189169 22.5662066055 22.9186635278 23.0445151072 23.1135812251 23.1318750677 22.5377539285 22.7042827673 23.0896846357 23.0821529195 23.054721108 22.6385007837 22.7643907645 22.5093052053 22.6663602311 22.780123277 22.714331216 22.8316192777 23.1308490812 23.0910538745
22.6883540881 22.5172937677 22.8698777406 22.9772432822 22.5069528872 22.7701535271 22.9799100794 22.7402663556 22.9113804126 23.1187878397 23.1370704548 22.9210868709 22.9334126621 23.0823625739 22.7845842082 22.6240238384 22.9198575725 23.1502300446 23.1525976138 22.8191438329 22.510137186 23.1221435437 23.0111687797 22.8176655742 22.741766924 22.7634917526 22.9108572747 22.51415329 22.5379367142 22.7858062339 23.0072138654 23.0804175565 22.7284819546 22.6694993094 23.1778639896 22.7676415213 22.5947930222 22.9323801122 22.7937880607 23.1023097772 23.0715564415 22.6910487516 22.8049698081 23.1140012519 22.830891335 23.0969904353 23.2019409551 22.5199226083 22.8111485056 22.7674777997 23.0197426063 22.6798199363 22.8539062269 23.0598096142 23.0155571769 23.0261257077 22.5254159066
22.6102791455 23.1635201952 22.911415363 23.0018685831 22.8397490635 22.8009868918 22.6168623348 23.0648985941 22.9836574107 23.2037015296 22.7194957452 22.6663053602 22.6715281936 23.1742608493 22.7212530097 22.5939791385 22.9741562398 22.8861893055 22.6603116907 22.771544294 22.7661306652 22.7093809416 22.8021164582 22.9712967731 23.0363022844 23.189404396 22.6194938197 22.5870487771 22.7731392033 23.0420377603 22.6992127331 22.5013563524 22.8707399153 23.1660664316 22.679552672 23.1952661196 22.5210840913 22.9876120732 22.6182858265 23.0527371289 22.7585076852 22.6905269175 22.7838391236 22.5939566047 22.9539915175 22.5720452059 22.6464849679 22.7919591601 22.9334114101 23.1918669461 23.0959015394 22.6987275298 22.6778112816 22.8230830785 22.5073775864 22.7240094537 22.8386238408
0 22.5625524959 22.7935610289 23.077190183 22.9199548655 22.6557647155 22.8556359803 22.7013273254 23.0011818913 22.8668050224 22.5896513681 23.1160048075 22.5800185882 22.8499507257 22.9487918436 22.6920270212 22.8412255131 23.0284064939 22.6817807012 22.9534689832 23.0354990742 23.1891794401 22.682342996 23.0498172476 22.6241718665 22.6735249018 23.0033672954 23.1043104976 22.9696365999 22.5930637775 22.7915131944 22.8595453293 23.0941545554 22.9858268166 22.6323577382 22.538857166 22.5054490833 22.7436873896 22.7094333952 22.8956342486 23.0070685001 22.7453136201 23.1095017653 22.7548285121 22.8672464948 23.1192746238 23.1862156935 23.0987588211 22.9697622638 22.8252767019 22.872039592 22.9462693808 22.8145649519 22.7438069216 23.0242925473 22.883592035 22.7482419826
0 0 22.9427412323 22.857011257 22.549117042 22.7250249642 22.5983498438 22.9669467154 23.0014588531 22.5482103287 23.0260315032 22.7684241882 22.6541174064 22.8486639105 22.9310357052 22.8437077324 22.5033532318 23.0262442127 22.5341822671 22.9441155302 23.1581271716 23.0302657193 22.6405017655 22.9150533001 22.8041665223 23.1443778588 22.8852450101 22.575150418 22.8947225046 22.8484227933 22.7964591068 22.5179008564 22.7190623357 22.7252003132 22.8840306309 22.7879790289 22.9433740046 22.6377166574 22.8862336988 22.5631488278 23.1565587678 22.7584874831 22.8989973402 22.7771138877 22.9490676855 23.167956761 23.0260278872 22.8425084361 23.1851053526 22.7237486607 22.9605373252 23.182594434 22.6423561241 22.8915558677 22.5227760886 22.5306410685 22.5741347145
0 0 0 22.7638096359 23.1322177402 23.1835460232 23.1301861014 22.7510753471 22.5339508276 23.0457316936 23.1301164045 22.9614039285 22.9389448405 22.5040783601 22.729984169 22.6739652155 22.8015686971 22.6337286053 23.017146975 22.5739344754 22.6494944353 22.7480467518 22.5505116448 22.6664758351 22.6674904788 22.5217470555 22.512106377 23.1795274984 22.5372652568 23.0617140125 22.5453995385 22.8543109383 23.1281382961 22.9032170231 22.8926239599 22.8690138853 23.1107190147 22.5534045669 23.0368560286 22.6336817372 22.8580122076 22.6524063734 22.791001785 22.6902355983 22.6870839046 22.5805262562 22.5155101125 22.5219385882 23.1682047133 22.6807965024 22.5346500781 23.1851245896 22.502480324 22.8056310635 22.8290518013 22.5372713514 22.6259268966
0 0 0 0 22.6150550078 22.5701862405 23.1106234171 22.9734214895 22.7957668879 22.5261988213 23.1083606759 23.079950894 22.5645404593 22.7838346342 22.6578617513 22.9117674073 22.7084844448 23.0865295048 22.684741994 22.5114433266 22.8643462813 23.0988720465 22.7906185136 23.018773736 23.1426914054 23.1694068283 22.8703307224 22.8960650531 22.9595429063 22.7562395393 22.8043564508 23.1973129181 22.7274923439 22.9674519508 22.9179611648 22.9101745564 23.1653624439 22.5966265444 22.8762463877 22.9060260466 22.57013168 22.8115497377 22.7419441541 22.864703569 22.6832602549 22.657104242 22.5579713113 22.8256410283 22.8802152704 23.0871383546 22.7147937245 22.8999068627 22.9772634881 23.036590769 22.524937395 22.9081593675 23.126416115
0 0 0 0 22.5289247512 22.9617725483 22.5334070477 22.9655544631 23.1573955178 22.8705341038 22.975687636 22.517556215 23.0338829053 23.0199941179 22.5917330304 22.5877396262 22.510551531 23.1485599939 22.8523793684 23.1362664002 22.6572966717 22.8655702756 22.8159842637 23.1412440698 22.7202616427 22.5494191617 22.9492356444 22.7056602738 23.1518657514 23.1790514305 22.994735284 22.9949013474 23.1824902804 22.9945409323 23.0889961215 23.1474614001 22.8309555827 22.9605197264 22.7609801231 23.0357730997 23.0769907759 22.6217515779 22.7597551986 22.702590202 22.5610399952 23.1577571283 22.7603820741 22.9623599509 22.5852928512 22.512061456 22.5572502015 22.6076964331 22.9989595089 23.0129939955 22.7100653039 22.5493748992 22.8881312613
0 0 0 0 0 22.7784220941 22.871816352 23.127896892 22.840930106 22.8182541928 23.1063131421 22.547907396 22.5748160186 23.0234119947 22.8727002995 23.1594534222 22.7678198873 22.924462111 22.6355640157 23.0385971248 23.186994585 23.032163889 23.1047800493 23.0441536497 22.957518583 23.2008687217 22.8147899691 23.1963534778 23.1295248291 22.9914773265 22.5885702431 22.840578276 22.9397198726 22.5371745197 23.0316151758 22.6957804896 22.5092690477 23.1383053743 22.7302625104 22.9283385195 22.6357048455 22.9386170587 22.7475219891 22.9478926124 22.8605669792 23.0042077455 22.6332853014 22.8716954421 23.0037188833 23.0452595843 22.6915331417 22.6306569189 22.7009293618 22.5595693812 22.9796451466 22.7077949278 22.5156185003
0 0 0 0 0 22.6455679789 23.1248444318 23.0295906726 22.6135730364 22.935614661 22.6867895465 22.585861712 22.8591930905 23.1612209444 22.6399477375 23.1766455238 23.0199586256 22.8842843253 22.6213002526 22.7064610606 22.9480129003 22.7345096626 22.9602075307 23.1591350478 23.1517913908 22.9337306004 22.7320299302 23.1984885687 22.7482727765 22.6696684742 22.8540031916 22.9477651774 23.2013583234 22.9309206402 22.8372621873 23.1576771766 22.5333116577 22.9073327026 22.7359255886 22.9947653851 22.5963949507 23.1999460604 23.155672074 23.1483243421 23.1465225118 22.7920181458 23.1431273083 22.8692015944 22.9703730866 22.6207632832 22.7174374304 22.7278726925 22.8773773351 23.1906009298 22.9289233524 22.8718851457 22.8031426192
0 0 0 0 0 23.0252186905 22.6817603663 22.7012334187 22.7004236949 22.7830638268 23.1307773971 22.8579780233 22.8485809726 22.7430903738 22.6450950959 22.8136192862 22.6025813305 23.2044608401 23.0913777385 22.5243108628 22.592919762 22.6195679794 22.6260596428 22.547534921 22.9791145558 22.5206945881 22.543658898 22.5086362254 22.7356534025 22.6189985048 22.7853428871 22.7522903699 23.0527482243 22.6592220502 22.9802677341 22.9240779746 22.6692914645 22.517160414 22.8191231208 22.5663444747 23.0790469161 22.7906218034 23.015873345 22.7939627269 22.7516910307 22.9234477357 22.966069449 22.5521629242 23.1945803838 22.6958749828 22.9923201641 22.8191924531 23.0589900591 22.6767300027 22.8077851479 23.1068663251 22.8770900278
0 0 0 0 0 0 22.5854731813 22.5848923032 22.8006431635 23.0501417203 23.1200616314 23.1070256104 22.9092092377 22.8709150628 22.5511000211 22.9312248798 22.5988739791 22.5826402166 22.8596997509 22.5730126785 22.9486066045 23.1351577217 22.8471088593 23.1949664201 23.1232643338 22.7250907716 23.0058183648 22.7371895527 22.8421652502 23.1126168256 23.1928408279 22.7049485017 22.5570678017 23.1201754339 22.7132928082 22.6996381033 22.7056256164 23.1568991964 22.5217718639 22.5215631837 22.7381973412 22.7981709626 22.8424819051 22.8934175243 22.6246573773 22.6241461307 23.1390576478 22.5910915553 22.7750124942 22.706199598 23.0072826758 22.612230149 22.7986129584 22.8873001425 22.6775006754 23.1317311879 22.8690296862
0 0 0 0 0 0 0 22.6670747567 23.0306508416 22.8787466281 23.1799363985 22.8574270301 22.9242984816 22.8047327954 22.55138986 23.0804152343 22.6630058685 23.0981951628 23.1604071923 22.9773999434 22.96054404 22.9199367059 22.8737375667 22.9446329855 22.9511694148 23.0893547706 22.8543570714 22.8834631005 22.6365221771 22.9398523364 22.9701328062 22.5485168521 23.1668927509 22.6236604638 23.1287745378 22.5688412875 22.8263722498 23.0968295682 23.1063414314 22.9033570044 22.7894584582 22.8978481395 22.8366627331 22.581071972 22.7420246505 22.683115156 22.6845822399 23.07648643 22.6142817794 22.8930461153 23.0005273816 23.1942680904 22.9071616435 22.6693121338 22.7229189816 23.1364681803 22.8645261209
0 0 0 0 0 0 0 0 23.1355143349 22.6628807482 22.8991492773 22.9768365122 22.7038106806 22.745077831 22.504995417 22.5429534079 23.1836605878 23.0379303028 22.7409851523 22.5646527984 22.9017185573 22.8474546416 22.9196944044 22.8276023407 22.9707229185 22.7902340411 22.531297464 23.188692857 23.062864128 22.5904080093 23.109758137 22.8668429642 22.8495049448 23.1531821497 22.5984101376 22.5114484371 23.0503339266 22.7141081172 23.0406068828 22.5926415873 22.9648052916 22.5564523725 22.6458193719 23.0823411235 22.9492400839 22.9516061566 23.0640074514 22.6821879032 22.5563795715 22.9909455959 23.0831170496 22.6542895344 23.1026422084 23.0641789787 23.0996796371 23.0594924794 22.8127251617
0 0 0 0 0 0 0 0 0 0 22.723438393 22.622353492 23.016624518 22.5161603553 23.1364993541 23.0675352062 23.0391774478 22.9950707713 22.723583093 22.7106622626 22.8709569915 22.9289392572 22.7480156735 22.9831157797 22.6720574358 22.758911674 23.1966556908 22.8930341991 23.1364295565 22.5185314289 22.9413167215 22.5047361051 22.5668492261 22.59416969 23.1292827441 22.7591898926 23.0468208335 22.7426344558 22.5130030774 22.7563154317 23.0176654346 22.8027477976 22.7255154921 22.8296879691 22.9312345273 23.0655291312 23.1606665993 22.5383931746 23.1787630761 22.9035166469 22.8658839002 22.7341169417 23.0485561117 23.1562533757 22.5469149318 22.8419445302 23.1959985798
0 0 0 0 0 0 0 0 0 0 0 22.994343472 22.5018184298 22.5364612188 22.7963115989 22.79791703 23.201962234 22.5937641771 22.8170097501 22.7141586169 22.8890227184 22.7861148772 22.5095032054 22.7626959725 23.0668433379 22.7247721581 22.9177912884 23.1261084365 23.1716370635 23.1201307052 22.9653543192 22.8146857325 22.5516717692 22.7459745138 23.0143890556 23.0549765756 22.970195235 22.6155481119 22.9217947854 23.135168871 22.5661013913 22.7941737931 22.5288758984 23.0793999758 23.0531799276 22.9676681947 22.6271615778 22.6628990428 23.1225372801 22.8668355083 22.6043955104 22.5272881448 22.6118565647 23.0719307648 23.2003194507 22.6647481324 22.9472854517
0 0 0 0 0 0 0 0 0 23.179025981 23.1596271875 22.7107225939 22.5705023783 22.6296185756 22.7412445942 22.6070727066 22.7535260987 22.7091612805 22.9915479774 23.0409478825 22.7458318968 22.799758015 22.7245582693 23.1893975076 22.714091056 23.0946102501 23.0270283443 23.1847805123 22.6638817414 22.5916805924 22.7912709813 23.1885784061 23.061645265 22.9337059117 22.7231328949 22.7784844102 23.1183689457 22.5712340625 23.0925968875 23.1877770192 22.9759151522 22.7362699301 23.0651611567 23.060685729 22.8265849458 22.6604899661 23.1889803412 22.606588178 22.8782880724 23.0816326405 22.9587769441 22.6112040484 23.1487261699 22.6735204054 22.7732656473 23.0370228405 22.6605122224
0 0 0 0 0 0 0 0 0 23.1109568952 23.0034167171 22.5454597265 22.5622862697 22.9715794991 22.9558709401 22.9002457159 23.0856424872 22.9287082072 22.9218741876 22.886381731 22.8468724208 22.6601988044 22.869597229 23.1829845092 22.6337662998 22.5483963669 23.0919055339 22.5220183762 22.8072784433 22.9449259592 22.9268203971 23.2034488327 22.9808795826 23.1194032065 22.8413800809 23.1500681543 23.0419825282 22.5110169942 22.9160837947 22.7490750274 22.508922253 22.9015751994 23.0897457681 23.0589224722 23.0930073229 23.036723724 22.6345135754 22.7772616498 22.7187411459 22.7806529992 22.9831385622 23.0589649748 22.9544115322 23.0929849924 23.0303181129 23.1957675418 22.8039355646
0 0 0 0 0 0 0 0 0 23.1374166129 22.9255625979 23.0925687145 22.6966368799 22.7337258778 22.964921245 22.5918137948 22.9674809403 22.9689649782 22.8831624241 22.5069265762 22.6388943544 22.7101407977 22.6508982135 23.1010962985 23.1821041574 22.7165275677 22.50289267 22.8312413964 22.8413714367 22.7368028427 22.8114173279 22.5757770723 23.0029801032 22.671823916 22.8302868855 23.0113267855 22.6263982453 23.0499699939 22.8749001556 23.1505664773 22.5141952657 22.9952580408 22.6477010746 22.6585082882 23.1537974072 22.6879426357 22.5785432427 22.6625026203 22.7355835723 23.0640979445 22.5237799128 22.8895078115 23.0304578223 22.9643175252 22.939138265 23.1361618058 22.98581931
0 0 0 0 0 0 0 0 0 22.8356415665 23.2060302549 22.9631539514 22.6489675198 23.1173761337 22.6249000584 23.1080275729 23.1743858691 23.0921761772 22.877035221 23.0303754429 22.7033023253 22.928324412 22.544081678 22.7845407536 23.0392572773 22.6576001094 22.6954797911 23.0351433958 23.1585256413 22.9186020443 22.9898004719 22.6368313419 23.1804584347 22.7690540168 23.0443779851 22.8897831738 22.9404596853 23.0846733498 22.6963929626 22.6012003089 22.9205584775 22.5014014443 23.0289759017 23.0092918909 23.1384720787 23.0757330246 22.6325514888 22.5681804909 23.0400888414 23.0148552147 23.0038849207 23.1078716017 22.9727876666 23.1989250579 22.6151847858 22.8049186485 22.78862393
0 0 0 0 0 0 0 0 0 22.5763043307 22.8933402745 22.5580250938 22.9896866602 22.5253130777 22.932059574 22.7377865576 23.1099116732 22.5227052118 22.6780373494 22.918876628 23.0701440242 23.1128756675 22.9253062925 23.1725284143 22.8971317729 22.5306117029 22.5263644486 23.0588073999 22.5626519264 22.7365787015 22.9062899867 22.9081722203 22.7201400439 22.9323855813 22.5030656149 22.9516550992 23.0055199878 22.5638523383 23.1225447494 22.8150340474 22.8341198893 23.0102972364 22.639105462 22.9735808039 23.0643156052 22.9982729687 22.5952594361 22.9275096329 22.9804222277 23.0001686309 22.7483392192 22.7717316124 22.8724876254 22.7259136384 22.8935861119 22.7708269322 22.7211544015
0 0 0 0 0 0 0 0 0 22.592938689 22.548194454 22.756780288 22.7571328856 22.6440103755 22.7986997895 22.6256968843 22.8944928247 22.6612922422 23.1870888271 23.1850946913 23.1002784042 22.6723455853 22.7684517457 22.6933975459 22.7828369379 22.9314345926 22.6291674014 22.9582914606 23.2012632789 22.6160182858 22.7122609172 23.0725835904 22.7326255384 22.5024433363 23.1275521208 22.9241926598 22.6218524218 22.8702688793 22.5567378932 23.1575400674 22.6860114763 22.9825977778 22.8425014428 22.9923900748 22.7976536137 23.1588012525 23.0358059255 23.1291302056 22.7118065177 23.136370148 22.9657985946 22.5705800203 23.1112020392 22.9101279208 22.6159097538 22.5267066928 23.1788044886
0 0 0 0 0 0 0 0 0 0 23.1356127163 22.5099307698 22.7880003672 22.7723608624 22.5107014436 22.8975835071 22.6531604917 23.1802876692 22.8660835027 22.6912565048 22.8601980276 23.0449526388 23.1420452348 23.0469746974 23.0610086314 22.8419307916 22.5705793363 22.8285117674 23.1569491994 22.5193236892 22.5166253869 22.9507747793 23.138682212 22.8521041674 22.9339949868 22.825482464 23.1421134861 22.8678805079 22.6306101586 22.5618565417 22.5138114152 23.0958763689 22.9445174024 23.1240075991 23.1518359408 23.0431383569 22.691174289 22.927180267 22.8829445122 22.8391263495 22.7498795277 23.1663308524 23.1328454363 22.9662239946 22.9424098268 22.6871420987 23.0376054693
0 0 0 0 0 0 0 0 0 0 0 0 22.9917814475 22.5887259382 22.8170277366 23.1582367804 22.7447412626 22.8738042766 23.0523473121 23.0585041479 22.7904775664 22.8119617724 22.5501537538 22.7120328116 23.0974802599 22.7803842099 23.1958880336 23.0653058077 22.998778564 23.1700715922 22.7853513092 22.618583807 23.1710899952 22.6684742213 23.1535938287 22.7154670094 22.53078129 22.7168966302 22.8311225691 23.1229733253 22.9764458305 22.9863539278 22.738788777 22.6131170286 23.1672833326 22.7403692257 23.1525306129 23.2059190844 22.7604421942 22.5210890613 23.124503122 22.6403856014 23.1169576399 22.8236171069 23.018009518 23.1773437189 22.6066722917
0 0 0 0 0 0 0 0 0 0 0 0 22.6242430832 22.6064961482 23.0176755336 23.0637018978 22.9339810117 22.5481638238 22.7621339642 22.6963586633 23.1006810051 22.6887815384 22.9076618997 23.0952343033 22.5143781545 22.783975026 22.9924127772 22.9484883851 22.5467811897 22.8178302183 22.5884482791 22.5629435508 23.1212406233 23.0621594534 22.9008907485 22.591833107 23.1899565509 22.7011385802 22.6897350959 22.877291148 22.6965607633 22.5305234137 22.9665325339 22.6633377394 23.0195756052 22.6847915445 23.1375135739 22.9456938428 23.1197741259 22.7019372899 22.7093985902 22.5242885879 23.183765032 22.6059964568 22.8736157732 22.7071567356 22.8638352338
0 0 0 0 0 0 0 0 0 0 0 0 23.1884032064 22.8647819926 23.0350565136 22.7082658249 23.0063809464 22.5628495767 23.065463811 22.9862169904 22.9175794994 22.7965463764 23.1797066213 22.5576627985 22.6319144161 22.7146095675 23.17836534 22.9527708909 23.0986950388 22.7134957412 22.8996115436 22.9278958989 22.726261583 22.699767907 22.6031220757 23.088188462 22.9988682679 23.1298650783 22.6297149513 22.5057271887 23.1461246542 23.0755421129 22.843166633 23.008784655 22.9407053357 22.9683435627 22.8011049779 23.1321839634 22.5060315391 22.7669489846 23.19080889 23.0286343667 22.9959323263 22.7673732744 23.049671439 22.5685978111 22.7184261426
