Spatial_Output/DEC/DEC_0178.asc
NCOLS 155
NROWS 192
XLLCORNER 196307.867259
YLLCORNER 449144.565805
CELLSIZE 33.573938
NODATA_VALUE NaN
[rows 26 to 51 of 192, columns 0 to 56 of 155]
0 0 0 0 0 0 0 0 0 0 0 0 0 0 0 0 0 0 0 0 0 44.5053818457 44.9433989934 45.2001260609 45.0703988561 45.0936180477 44.8113427717 44.5913948089 44.5639522166 44.8061640612 45.0850228225 44.5745178782 44.7100905776 44.5805381077 44.544285433 44.8025759161 44.6661837 44.5824572249 45.0790785822 45.1555841665 45.1272396266 44.5970708602 44.9209893937 44.6942504026 45.1504830979 45.1697739705 44.5701539526 45.0222495092 45.0047326802 44.7601862316 44.5312471403 45.17297103 45.0170205093 44.9164724335 45.0821782869 45.0429794302 44.5231020702
0 0 0 0 0 0 0 0 0 0 0 0 0 0 0 0 0 0 0 44.6550762853 44.6386101513 44.7862707382 44.751385786 44.7842409369 44.9024880207 44.8683921971 45.1819910699 45.0110078568 44.5441480655 44.534435833 44.5848127123 44.5075745262 44.5469696152 44.6267631063 44.6522333859 44.7918153252 44.6381829406 44.8543932171 44.9782066151 44.8401315452 44.7491112891 44.7675857874 44.5066511165 44.9250973698 45.0529359737 44.9202567166 45.064916745 44.8929211373 45.093331071 44.6756259862 45.0995750577 44.6845966551 44.9831096339 45.0690704003 44.6780533049 44.6625999909 44.5523275235
0 0 0 0 0 0 0 0 0 0 0 0 0 0 0 0 0 0 44.7082071616 44.6492314581 44.7478756959 45.0795483488 45.1803965325 44.861241832 44.9297677791 44.5522080371 44.6625698329 44.538428219 45.0803368343 44.5256429172 44.6210233772 45.1613419456 44.7256002307 44.8752506117 44.7991228042 44.9640352415 45.00601332 44.6429009734 44.8396556975 44.6271303673 44.8469929469 44.9938799533 45.0638466918 44.9196875389 44.5272214136 44.7052411509 44.9037966641 44.7758477148 44.7175708445 45.1334396706 45.0698392781 44.7216636789 44.7771138931 44.785331997 44.5759886654 45.1452881677 44.8881070171
0 0 0 0 0 0 0 0 0 0 0 0 0 0 0 0 0 44.6637140701 44.7574860034 61.457185667 69.27921062 61.3202668257 44.5417800012 44.8712150278 45.0195488788 44.5852813764 45.1633272479 44.8579233233 45.1794313661 44.8863951457 44.5548971657 44.861424682 44.5962272834 44.8982774398 44.5710332373 44.6383952464 45.0206597487 45.0676895363 44.9029902811 44.7156993861 45.0034164488 45.0591064131 44.7407238706 44.9269460118 45.0116636605 44.5604818993 44.6297326595 44.5114228279 44.95397519 45.1263448694 44.6457776455 44.9044921316 44.5124397573 44.903962426 44.7850594884 44.8462423232 44.5531793695
0 0 0 0 0 0 0 0 0 0 0 0 0 0 0 0 44.6494860528 44.5768772129 44.6515238772 59.3661670454 70.2036446675 67.2774432871 45.112985676 44.6853956271 44.8812366213 45.1855979752 44.6923436662 44.670284051 44.5811083786 44.9710292123 44.9790577032 44.8893400828 44.8268876569 44.5262703481 44.5398429743 45.1138196482 45.1288453943 45.1740738914 44.9942180561 44.5721449358 44.8387678965 45.1417675508 44.6639653372 44.5283966373 44.7610265289 44.7768747528 44.5063506027 44.5409374651 44.9778925241 44.6256605383 44.9620628225 45.0524468381 45.1660904698 44.5498705915 44.8945032344 44.897317034 44.7388098057
0 0 0 0 0 0 0 0 0 0 0 0 0 0 0 44.8851719933 44.5901587456 45.1686845713 45.016742753 64.7890371815 67.2621381052 67.608490888 64.442118068 45.1708684846 44.6338565174 44.7535264883 44.8387339316 44.9990826074 44.5623000941 44.8853676925 44.6917710921 44.6752161826 45.0950483179 44.6658712675 44.7773172082 45.1375237091 45.0561975773 44.8679376091 44.767030813 44.5492268069 45.0810301184 44.8867432119 45.1056829613 44.9775071606 44.7023818783 44.8172696095 44.8724089888 45.1267797048 44.8322618139 44.9828655931 44.9482355908 44.9989225148 44.572464922 44.9083598956 44.9928129516 44.7248013674 44.6561219993
0 0 0 0 0 0 0 0 0 0 0 0 0 0 0 44.5019353268 45.0272111001 45.0251040553 44.5339103594 66.6302274881 68.0353610861 70.0020310482 62.4774512476 45.0645692512 44.7817153443 45.0405980097 44.702187582 45.1252024951 45.1623438215 44.6515556077 44.8254911112 44.834859129 44.7352616146 44.7510167679 44.530308965 45.1648770359 44.9751584743 44.8699143372 44.5334757629 44.7328627197 44.6119217522 45.0834667238 44.6522644036 45.1338454531 44.9326956148 44.5589668229 45.1394966468 44.5811374939 45.0933570018 44.8224316914 44.7381093945 44.73610101 44.7280643283 44.9374597321 45.093749797 44.5171124177 44.5244181632
0 0 0 0 0 0 0 0 0 0 0 0 0 0 0 44.6009151933 44.5870094453 45.1723170054 44.985528647 44.8737337258 67.6490105565 61.8718438794 61.4642765359 44.9346426153 44.6917235252 45.0781479656 44.9578653527 44.7513196088 44.6102433596 44.5302359078 44.9775630366 44.7735027791 44.6835963742 44.6449313391 44.9986252539 45.1340846366 44.5615063138 44.6096297724 45.1010997355 44.5418868691 44.7389212855 44.5852459399 45.0581350285 44.9680410656 45.1622024851 45.042014762 44.9452191891 45.0484105307 44.9600257008 44.5047403211 44.9049715404 44.8579356924 45.1671183791 44.9365318223 45.1392321327 44.5095296098 45.0015012526
0 0 0 0 0 0 0 0 0 0 0 0 0 0 0 44.8001143567 45.0691367404 44.8342721905 44.8532975791 45.1827313555 44.5330556546 44.9626529299 45.1138588513 44.8665390744 44.6112854306 45.1680758149 45.1308282957 44.8989287499 44.5818025429 44.8616313107 44.5656194839 44.6993077169 44.7472311515 44.5347293682 44.868831875 45.1276581417 44.5870887158 44.5938273804 44.7209399249 44.6898447327 44.7222089468 44.7467441565 44.5022325904 44.984268054 44.6161446969 44.562584157 44.6673946402 45.1298580617 44.5159705495 44.7648929881 44.7417207699 44.7189799136 44.729356216 44.7867860969 44.930990695 44.7394930984 45.0489439366
0 0 0 0 0 0 0 0 0 0 0 0 0 0 0 44.9471552986 45.0719688907 45.1901646036 44.8584848808 45.0410136854 44.8865901631 45.2047226318 44.9838112463 44.9096419442 44.6003469337 45.108282024 44.592540326 45.0550396602 44.9784822861 44.8869677927 44.9232477616 44.590109574 44.8827720767 44.5049907726 44.984931776 44.7449536307 44.6119164579 45.0965261181 44.722913703 45.0285831867 44.5219559407 44.5546029721 44.7981321826 44.5096063917 44.5290665545 45.0373571074 44.6779257951 44.5517618733 44.8265268575 44.8825640233 45.1431814357 44.6691316233 45.0535537963 44.7199343205 45.1220546415 44.5127065122 45.1558655815
0 0 0 0 0 0 0 0 0 0 0 0 0 0 45.1048386711 45.0950313147 45.0856862774 44.6887952281 44.9573096212 44.689389566 45.2003630778 44.8634304815 45.1467313485 44.9971105869 44.8455371166 44.8144111116 44.8483463089 44.9290183587 44.9208628553 44.5061072703 44.8533892083 44.8106846805 44.8866708163 45.1022433294 44.9219900361 44.8426824987 44.551530795 44.532804095 44.5985202364 45.1513846197 44.8624827862 44.5471583018 44.5528481493 44.8923450167 45.0607380355 44.9891624833 44.6919531554 44.5637157292 44.7684517288 44.6476206189 44.844138657 44.5387192914 44.8832113873 45.1035512744 45.192209369 45.1337666325 44.6562221841
0 0 0 0 0 0 0 0 0 0 0 0 0 0 45.1363155291 45.1610462998 44.6052438926 44.8827767873 44.9227530253 45.0390309786 44.8242919798 45.0820774228 44.7588326099 44.9743896995 45.1922600175 45.1067348445 44.9449214738 44.9886887195 44.951708511 44.7604867156 44.996623305 44.6958995876 44.5340753213 45.01775324 44.6224777637 44.8988967578 44.5068084442 44.5489951247 44.7679676601 44.8469759098 44.6752291123 44.6231571524 44.5835150971 44.5667294573 44.8759204338 44.7116586874 44.9454222933 44.7740821187 44.7696504222 44.8394679716 44.6042656019 45.1814064085 44.9692996015 45.09752448 45.0129115454 44.5343988497 44.6865922849
0 0 0 0 0 0 0 0 0 0 0 0 0 44.904861907 44.5952436623 44.9802359479 44.6287060939 44.8350161264 44.9967153028 45.0511571978 45.1307329456 44.9476151824 45.1599637581 44.7692939264 45.0119353138 44.656883897 44.6482122669 44.9760309853 45.1798073164 45.1346091898 45.1770670725 45.202726092 44.9479632673 44.6131628606 44.7576315136 44.9014771527 44.8300776242 44.9805369977 44.9475992598 44.9510251734 44.5018351725 44.8567281987 44.9686961728 44.935129656 44.5505350761 44.6881502161 44.9670091074 44.8061118548 44.6770042841 44.7068033545 44.8762420971 44.8119338084 45.1746954815 45.0491830211 44.9610327554 44.9874408189 44.6862432274
0 0 0 0 0 0 0 0 0 0 0 0 44.7680922577 44.5066733917 45.0303596491 44.9051519976 44.9907844477 45.1769700026 44.6154787829 44.9200419368 44.768524273 44.612091412 44.715388882 44.9553248397 44.5739822795 44.5145424227 44.8131589314 44.8481883505 65.9544632595 59.346018766 68.6608354519 45.0170577764 44.5634182572 44.8692802511 44.9587741765 45.1252685624 44.8085565191 44.5977948962 45.0489134376 44.5712684207 45.0372228084 44.9536538488 45.1232663984 44.7182033353 44.8900395785 44.6059134699 44.83458175 44.7291284807 44.6897500067 45.0267033639 44.5060925849 44.9547653439 44.6640215587 44.5449334833 44.5031498677 44.6371948264 44.6887288607
0 0 0 0 0 0 0 0 0 0 0 45.0735232538 45.1909877792 44.9599978233 44.7009006445 44.7552694309 44.6070969781 45.0980267858 45.041456717 44.6630447784 44.6825626515 44.8048408499 44.8567098361 44.9340910978 44.7022684813 45.0421325993 44.8469210745 44.5949609404 70.4144991286 60.1898096663 63.3074269501 45.1184108072 44.9197751082 44.9176532621 44.8835848505 44.9069398813 45.1476747202 44.6447013307 44.7109384004 44.8630331793 44.6594342242 45.1539462297 44.828419589 45.1860696275 44.9629492432 44.7714718082 44.6846309356 45.1906365153 44.7035626055 44.9545762989 44.603911269 44.5518230664 44.6691790797 44.6452912643 44.6749988606 45.0141015115 45.0816120185
0 0 0 0 0 0 0 0 0 0 45.0972116075 45.1834380133 45.131117274 45.1333563219 44.5504549307 44.8913710066 44.6667215167 44.5935803924 44.9156711634 45.133001499 45.0720196307 44.5322384118 45.0038699731 45.0470692981 45.1272820707 44.7678403693 44.8415831 44.9540522853 69.8726526095 68.4170912102 59.7487126079 45.0197253841 44.9658035196 44.5956247779 44.7272900636 45.1036970218 44.5747387746 44.7774709536 44.6061824603 45.0712301135 44.5695510868 44.6051206267 44.6448797331 44.7674974274 44.9247374403 44.5275963733 45.1645515527 45.1996104546 45.1709325757 45.2062778846 44.9442676398 44.7623450197 44.5201775316 45.0977072382 44.8912577341 44.7338275691 44.5593420354
0 0 0 0 0 0 0 0 0 0 44.7063426246 45.206697151 45.0500502275 44.811946102 45.2000059178 44.565976983 45.1916753726 44.6354133083 44.5978074886 44.5856681257 44.5433470103 44.9772950467 44.7922940474 44.6130355761 44.8341027874 45.1314848104 45.0381093032 45.0149946414 61.5948026342 65.1046473161 67.8296535378 44.8139974434 44.9858106211 44.5345037359 44.829174154 44.7714065196 45.1735053669 44.5086429517 45.1070341281 44.8275604363 44.9776930263 45.1258286174 44.9755468012 45.0379296867 44.8762624871 44.6266456841 45.102170604 45.0250022387 45.086862626 44.5789271107 44.8775512567 44.9476067689 44.9858223856 45.0134647903 44.8129695659 44.8746782984 44.9549154367
0 0 0 0 0 0 0 0 44.5956539259 44.6042108072 44.6766273672 44.7371382706 45.123038259 44.5492761558 45.0361638709 44.5238748328 44.6823610938 44.8457725166 44.6417280282 44.8436369087 44.6311504002 45.0289232429 45.134627854 45.1066550298 44.7456230992 44.9294445169 44.7923185661 44.7102461215 45.0110504706 44.935449786 44.5677473396 44.5032356149 44.5343808891 44.6882150296 44.6958824394 44.5984419182 45.0530904536 44.6158963647 44.7365622689 44.8395147704 44.5530436586 44.5713543645 44.5095859841 44.638829679 44.9156397201 45.1608730083 44.7138314648 44.8866996841 44.9403517739 44.9686485542 44.9762365184 44.5692813757 45.0876256605 44.9399725689 45.1331408214 45.1249078338 45.0609427721
0 0 0 0 0 44.6332849663 44.5912759411 44.6722773927 45.1326200262 45.1249182957 44.9510689687 45.1433975477 44.8189888856 45.1250894173 45.0843483995 45.0493758916 44.6212533271 44.9595024587 44.6934053256 44.6764451884 45.182864992 45.173372885 44.9535525711 44.6025100599 44.7074850446 44.6487090765 44.5898356089 44.8105840202 44.6519941668 62.2510213345 61.5546414329 61.9686881232 44.6562095514 44.8531703148 45.1409930449 44.6572958017 44.942493836 44.8078658247 44.7540762688 44.7184057908 44.9960869584 44.5295773105 45.1283026162 44.9528687013 45.0878134346 44.8394862357 45.0540417368 44.9101023766 44.911576574 44.9505577257 44.9142775132 45.1112089933 45.1925198084 45.1562230054 45.0853612778 44.951156468 44.8215495481
0 0 44.5443604461 45.0238641337 44.584551448 44.7939361602 44.7022192044 44.8336085134 44.860168339 44.9018444902 45.1492464234 44.5106730942 44.6232395874 44.9660844537 44.8220148017 45.1356317888 44.6988200185 44.6531047798 44.8924414384 44.50090263 44.6825489108 44.6290363704 44.8477235783 44.7469473598 45.1380579882 44.6697389373 44.8071228774 44.9286261536 45.0848066748 66.726879678 60.2257506187 64.212395608 44.5936859531 44.7788381015 44.7245532816 44.8604635322 45.1960793007 44.834003486 44.6312037776 44.7226712097 44.538510646 44.6831368642 45.0331845915 44.9464457454 44.6024096586 44.7398720129 44.6731837731 44.5501431325 44.6699631784 45.1170074476 44.732139417 44.8781467907 44.7974028291 44.616380529 44.8965264727 44.5000749642 45.0022860717
0 44.9140303794 44.6767441926 45.0824702692 45.0189340024 44.9304314775 44.7362715201 44.9598347312 44.5605456805 44.6221666794 44.7370287894 44.5685650845 45.1080469457 44.9220092472 45.101317945 44.9124504765 44.8502177129 44.7544824144 44.7435859507 45.0901722865 45.1437623219 44.5960235261 44.6632934026 44.5492468826 45.2005950015 45.1564222298 44.7357214199 44.5174001973 44.9089085659 63.8539738187 69.3462151476 71.3709278967 44.5680265984 45.0020894233 44.634200575 44.736958053 45.2015857972 44.5896423547 44.7643895452 44.7466206207 44.6504832253 44.9625164882 45.002761042 44.7463088528 44.8882269008 44.8711179998 44.5779532051 44.8935339198 44.6082667862 44.9276070529 44.5292934182 44.9481674984 45.0058244482 45.1160359023 45.115891446 44.8716213778 44.8128964627
44.8075218947 44.6842770105 44.6161267342 44.603866736 44.8658953187 44.6516952772 44.9369827694 44.9516581519 44.7797555958 44.7820157685 45.0734260953 45.2027961387 44.6648746493 45.176687441 44.6923166344 44.57249379 45.0631917716 44.5675040337 44.978740458 45.0064794149 45.1454832477 45.1071932961 44.8812776536 44.923175663 45.1797777646 45.1404903491 44.8390519211 44.9852705541 44.9903595213 44.7375780442 44.8038517672 44.7002359933 45.1310118446 44.8649246867 45.0368829031 44.5116324589 44.9341693463 44.5283922362 44.6546732384 44.8645330017 44.9807950076 45.1177577812 44.6834984101 44.8578414856 45.0751459508 44.6438091409 44.9232455629 44.5085891797 44.9835424193 44.6862565569 45.1380392039 44.8613979771 44.6513001788 45.0848354306 44.8205421384 44.8942618177 44.966121039
44.6431657142 44.8711582979 44.876616547 44.523343909 44.6400941033 44.5625331024 44.8242170064 44.5173769189 44.823450919 44.5414084598 45.0298616807 45.1635270221 44.5586411243 45.0327981028 44.8334609491 45.1507446383 45.0997830164 44.8856911223 45.1866531995 44.9245312484 44.62287782 44.9019975721 44.7334661194 45.1885761828 44.5514355047 44.9836541649 44.9626461788 44.6956304076 45.1740512562 44.6326257863 44.5265388648 44.9237742437 44.5705242258 45.0465099791 44.666186825 44.9743493775 44.8562402548 44.7663179437 44.9825382214 44.6234486659 44.9308723513 44.5422545874 44.8377364949 44.9531935061 44.9554700425 45.1233488375 44.7170757565 45.0515813991 44.9554987613 45.1012015202 44.9584187599 45.1220723254 45.0403892207 45.0800770669 44.5654978476 45.0322572683 44.7514217781
44.6604538478 44.5678382516 45.1038806559 44.6220632848 44.9148630298 44.5032324941 45.0936194179 44.6473964805 44.5817914675 45.1089882003 44.7053460114 44.640492632 44.712107634 45.1143959785 44.5727545791 44.7379106621 44.6152942974 44.8274571062 44.9573543861 44.7714755874 44.9449135156 44.6949351816 45.0890643174 44.7688727634 44.9305586774 44.5901745638 45.0656250935 44.9482498796 45.0854176197 44.5684897369 44.6792505749 44.9503453385 44.8817354425 44.8610815961 44.8379658224 44.7127156739 45.1880214559 44.7116744149 45.137781018 44.7988079928 44.5090492889 44.8049308431 44.6965349332 44.9621112131 44.5634274224 44.6532257528 44.5847448496 44.7190208241 44.9408740261 44.7521377799 44.8172659222 44.9697472409 44.5251625112 44.9652620515 44.8520923978 44.6094086709 44.912598022
44.8224822216 44.8273892798 44.710747517 44.8010732825 44.5735153985 44.9819919914 44.9617794593 45.023940251 44.5199837721 44.5168080277 44.9968354717 45.0410517993 44.6279257323 44.8112237783 44.6029080424 44.5095952406 44.8775713161 44.766952599 45.1446618187 44.6637659371 45.0474334302 44.7491618212 44.5277088419 44.6932447894 44.6773278145 44.9919229323 44.6404323456 45.017390525 45.0278734961 45.0189513928 44.8017559463 44.5289887954 45.1290416464 44.8400266576 44.9816389044 44.5730824389 44.6164939076 44.9777839927 45.0595443019 44.5713863214 44.7059215598 44.9980185522 45.056306726 44.7308888155 45.1806042003 45.1488799862 44.5705617085 45.1892469777 45.1492869204 45.1611294888 44.5504265841 44.6813074439 44.8060572598 45.0999489022 44.8906958795 44.9778609836 44.6366322386
44.5285895305 45.0331754323 44.9546325173 44.9448833865 45.1120511747 44.7859140954 44.6278097015 44.6004421975 44.752668632 44.8193364018 44.617518537 45.0497986688 44.6151725383 45.195542875 45.1869001689 44.6705298754 44.5311244773 44.6628799321 45.1756370008 44.6635596418 45.0091764187 44.7944676457 44.6638058096 44.7377037938 44.605129188 45.2004131135 44.7513539785 44.6939825496 44.7848947033 45.1533948849 44.9055600064 44.5031452086 44.6769941342 44.9135401635 44.6078111558 45.1377652574 44.932797437 44.6151602494 45.1403167981 44.6878785579 44.8812571826 45.1284745223 44.729180005 44.5172322152 45.1660171684 45.0941327309 44.9049290932 44.9245686456 44.731318113 44.583640714 44.5669478677 44.8138272969 44.5027539335 44.8076890725 44.8343148661 45.1682758591 44.8529935204
