Spatial_Output/DEC/DEC_1364.asc
NCOLS 155
NROWS 192
XLLCORNER 196307.867259
YLLCORNER 449144.565805
CELLSIZE 33.573938
NODATA_VALUE NaN
[rows 130 to 155 of 192, columns 57 to 113 of 155]
33.7434103241 34.1298258074 33.9418677351 33.7770630044 33.8731509522 33.9643368696 34.187996413 33.7045624661 34.2376400589 33.7466778206 33.6100571567 33.6658100714 33.0076572977 33.9721243289 34.3304656356 33.2482864245 33.3765082252 33.0376811662 33.1243241423 33.1973560553 33.6071679117 33.5879532919 33.0900837816 33.1986663306 33.2339796984 34.3221768791 33.3118107082 33.648177385 33.1707052093 34.1417360737 33.3816518384 34.1476561976 34.2408289386 33.5576074751 34.0627985552 34.174331876 33.6399177095 34.3852839335 34.1214703349 33.6988829115 33.7258569151 33.5666023079 33.036615458 33.0431871319 34.039332904 34.3380709928 33.9441221036 33.8251462485 33.1977597012 33.4798250462 33.0892946381 33.5915707883 33.2025673997 34.0473673087 33.4604819186 33.0890027483 33.0250159063
33.3000282883 33.2001558513 33.827600843 33.0350365952 33.9799957732 34.211616654 34.0406853662 33.6775803985 34.4061243781 33.1734228737 33.2155313739 33.2545894284 34.042909912 33.1187362304 33.6887130837 33.3385574542 34.1981954282 34.326443113 33.7753262721 33.1177782683 33.2913825255 34.0629989919 34.2562478434 33.9999965867 33.0159210732 33.3336310636 34.3019506251 33.7575801806 33.9254573173 33.8323224975 33.9099948442 33.0102000672 34.0144966565 33.2756513521 33.3379899318 33.1717448039 33.2120464044 33.1760002315 33.5308218865 33.4326583018 33.412915143 34.3254038904 33.066241983 34.2100023696 34.1688397017 33.1387800488 34.4121310427 33.9149871616 34.2212208473 34.1127353716 34.2960432215 34.0799753282 33.1077732688 33.4605393445 33.7820777767 33.8301033731 34.1382517863
33.0375777247 34.0502277145 33.5304266757 34.0758299497 34.3675501564 33.0805415061 33.4085220445 33.6285704134 33.8744399751 34.1240273665 33.5977129672 33.816554083 33.2032673246 33.2528594199 34.1362216394 34.0733342355 33.8603520745 33.641287531 33.066974994 33.7329429509 33.959277473 33.3113002238 33.0457347668 33.9636763242 33.1875719329 33.6622941683 33.0355738206 33.2362689734 33.6911550327 34.0051543538 33.3508043092 33.5540897106 34.261856693 34.2717791067 33.3356958228 33.2637057686 34.3592480573 33.0518595946 33.1390999337 34.3428753312 33.6980717764 33.3587676816 34.1891454122 33.9544946445 33.8595040154 33.6104161171 33.5462416615 33.2984304988 34.3195014447 33.2277423094 34.2141530587 33.3332418976 34.2470198834 34.3628004278 33.767028994 33.8512580206 33.8627057852
33.4914351368 34.2894688932 33.0852886097 34.2315801273 34.1075189688 33.5196159996 34.4109791741 34.0043896892 33.0932072446 33.6064443932 33.1619711586 33.2439948763 33.4824282433 33.158108374 34.2710218793 33.3626735038 33.3721281632 33.5505593153 33.2699258354 33.2520392195 33.8207580196 33.7728242919 34.2997912948 34.1189222528 33.5981354964 34.030995872 33.949891607 34.2532010393 34.2440206218 34.3922248382 33.4691006602 33.1925136041 34.3948717447 34.315243196 33.6006190335 34.2733179864 33.2645648169 34.1392626025 33.8155172487 33.3167733792 33.3032040553 33.0756770534 33.0567581341 33.2250494438 34.1977393451 33.2734952896 33.2467968541 34.1649694587 33.1945047755 33.921604134 33.7647522455 34.2950960054 33.0182062419 34.3652374592 33.6906939548 34.1953391376 33.8697958549
33.424308046 33.3273009626 33.9220982876 34.2951717656 33.265741921 33.9172788308 33.6604613998 33.8569905957 33.1214234253 33.9681428685 34.3504946151 33.230095323 33.9246172473 33.7526222742 33.7514222424 34.1014936953 33.0718013674 33.643763473 33.1220191248 33.2937953012 33.2804410945 34.0142556923 33.7543464796 33.1444060298 34.2644519443 33.7347956464 33.2702841571 33.6996618756 33.2762871319 33.2810077543 33.4133751411 34.0540706345 33.7717351482 33.921588439 33.2998578294 33.9852201775 33.8210337931 33.4916614557 34.3363406818 33.7858432539 34.2021423647 34.0934835796 34.2121302979 34.0041635047 33.1248990928 33.989479645 33.4135242293 33.0331692197 33.9217441035 34.0076523816 33.260965082 34.2571005253 33.8144274375 34.2073711105 33.6090152688 33.8952201229 33.6649484807
33.3876254059 34.3603630463 33.4110133886 33.179852702 33.7477515512 34.375958026 33.4819789114 33.5923884433 33.3226616618 33.6623213196 34.2063570336 34.1521122483 33.2091118347 34.3579461842 33.1872309865 33.9475072525 34.1952597166 34.0967731503 33.5300346692 34.3759439437 34.4032461605 33.8633399974 33.0676883008 33.4193095351 34.3475280865 33.2945104045 33.0158510304 33.6337176141 34.0519439205 34.2829640982 34.2756539044 33.6258295597 33.7796136333 33.5126011843 33.4522503378 33.472061737 34.02097486 33.5873378307 33.4592542669 34.0267786185 33.6263560094 33.8554411884 33.3441584811 33.4429386607 34.3198739684 33.2177104751 33.0503802576 34.004458878 33.061331691 33.4376755411 33.7506180433 34.4141197099 34.4077307968 34.1508749065 34.1964916132 34.1724436092 33.2955774051
33.3682333826 33.3776624634 33.8415657514 33.0828009082 34.1221644464 33.5696997805 33.6497325825 33.6358232958 33.8823636648 33.2012465243 33.2338715265 33.3445775344 33.723776154 33.1997900899 34.2548614738 33.4159979546 33.2730715067 34.072674617 33.4147758508 33.6591129118 33.9955956696 33.9222091936 34.0045895867 33.1412763172 34.2653720901 33.2236339414 33.0049011436 33.4654546017 34.2572134871 33.0390736751 34.0808537129 33.5571070913 33.0678501024 33.1474260966 33.7874564289 33.3927113573 34.0154775792 34.1514974436 33.6804423704 34.271579957 33.0742039047 33.1211481647 33.1836885686 34.158957719 33.8329928935 33.0987930658 33.0742281795 33.9353126091 34.0823220308 33.3684192211 33.4803727567 34.140121971 33.1399300172 33.1837020488 34.1164554299 33.274097202 33.4864371125
33.7076496901 34.2018661183 33.2998759841 33.7033208585 33.2634648469 33.5090220317 33.0297871812 33.2153002588 34.1857799198 33.575592194 33.6893910715 33.7065171073 33.6615047435 34.1519622702 34.229046341 33.7823073974 34.3191366955 33.9099102651 33.3869978912 34.2770295157 33.0862463281 34.3359726607 33.1778632712 34.1269364357 33.6355881362 33.7665845992 34.4046022096 33.2017878374 34.004827565 34.3948140753 34.1198477577 33.7431293922 33.5440184453 33.0353657491 34.1907063536 34.1871693979 34.1755351911 33.1258411224 33.5592377479 33.2159107834 34.1419009322 33.1263827523 33.316087446 33.6109147205 33.9224883657 33.7986076032 33.9071380834 33.3369122278 34.4104008147 34.1706264051 33.9811592297 33.5957894483 34.239409335 34.0457495289 33.3686461559 33.7856060027 33.6021143621
33.4861971565 34.0964477175 34.196409737 34.1646981279 33.0623954171 34.1634967717 34.1075428458 33.8619643938 34.2268665237 33.7873689839 34.0859287839 34.173589334 33.8351285342 33.5130468329 33.6314941476 33.1438480844 34.2517754935 33.5196435707 33.151316355 33.9928116596 34.1034141634 33.3516050086 34.4014022456 33.8892012145 33.4544389694 34.3065754193 34.4128010439 34.1753702065 34.1328745731 33.2879916101 34.2183429892 34.0334695896 33.3623179684 34.2957319389 33.4691425831 33.7458021165 33.7390815365 33.4145641289 33.3360641704 33.4312218781 33.9605823001 34.1105602161 33.2208934643 34.1620499955 33.887540495 33.0734423193 33.8323633526 33.6399534965 33.2114291372 33.388021025 33.3628303095 33.912877779 34.0841782453 34.3835702379 33.0576759892 34.2389877007 34.0241309706
33.9429568789 33.0493785618 33.164825877 33.1281357386 33.9160947878 33.4729450734 33.390027671 34.3985441172 33.7560858929 33.6204893763 33.1098935871 33.9800157773 33.7080638181 33.5557727213 33.9318665718 33.1545132009 33.1842428472 33.3560928724 33.427007944 34.2407511322 33.6234899501 33.3038305764 33.2664766777 34.4048441926 34.0228609399 34.1081834923 33.3508948826 33.1746521127 33.4085213959 33.7760471881 33.9504276353 33.9070045914 33.9621109347 34.0664003601 33.5447135882 33.9220466446 34.1519065987 34.185697094 33.490272298 33.5915852216 33.3473413541 33.8298391722 33.2164741002 33.349768668 33.7244154799 33.7009080201 33.8008600326 33.8085971687 33.7097575756 34.0244984944 34.2278224244 33.2520410908 34.0270626087 34.3461963546 33.0477913588 34.2753006277 33.3715939944
34.0576354726 33.6495666514 33.6486901884 34.2563225153 33.8005150075 33.0338239 33.9653550278 33.8320571703 33.0274801891 34.130910096 33.8882914215 33.9711832065 33.0097224463 33.9485528686 34.2028787045 33.6533398459 33.4637719075 33.7067343819 34.3584961352 33.8842743479 34.1910425932 33.8832408962 33.2714034896 33.3473859405 33.5266960143 33.6091313629 34.1498443862 33.7870579922 33.2139449411 33.3192699116 33.656307645 33.5174970484 33.7143590451 33.8261054727 34.219634509 33.07827885 33.9351442999 33.2037179021 33.7515179265 33.7127603776 34.3528061646 33.9625436455 33.3117320162 34.3194119775 33.9537719037 33.3272745048 33.9238971793 33.5504879857 33.1096482611 34.305234348 34.4140404455 33.0551797078 34.317591827 33.2605478188 33.2321188178 33.1630680329 33.2969656851
33.0263817691 33.6326071489 33.5413143174 33.3085896002 34.2909940195 33.611495506 33.9846486908 33.6421598261 33.4236094641 33.4206313612 33.2333123874 34.2257360408 33.9183984733 34.3814581692 33.8353439047 33.9711553265 33.0422968813 33.5292717102 33.1561516811 33.0639263665 33.22130448 33.4327583912 33.0879301868 33.3294898261 34.3107026096 34.1210030896 34.3331868848 33.1856772158 33.6129918207 33.3837271139 33.3687109169 33.8432359154 34.0266474166 34.0424276441 34.1538576439 33.9659594884 33.547400293 33.502367588 33.6334852156 34.1502027012 34.2339862034 33.5437215149 33.0617304249 33.9054726708 34.050353758 33.4894377488 33.9976525098 33.7707402654 33.5341395356 33.473060414 33.5911900232 33.5380200371 34.3755812988 33.6272879323 33.7721290617 33.9565466511 34.2208999123
33.0938482339 34.005891759 34.0352492977 33.9407670894 34.020628382 33.4299373797 33.0643955595 33.014650818 33.8061747431 33.816449393 33.0610417944 34.0018796171 33.5559698961 33.6053428389 33.1031765937 34.3995354635 33.459200482 33.3298456067 33.82110747 33.5042882905 33.8634656751 33.4591400473 33.0599697662 33.5323881152 33.0791744055 34.1463801348 33.8064089428 34.3611497685 33.8505062278 33.5394625549 33.0971675036 33.8074426837 33.1631017657 34.379659306 33.7108861776 33.3609945339 34.2301060277 34.3513430501 34.0802911381 33.4476292258 33.0958966269 33.8903150494 33.5122232377 34.2870780689 33.4605880813 34.1877043464 33.2136559506 33.3752687195 33.5367674361 33.0591824555 34.303088118 33.5883974233 33.6342749615 33.8221402 33.4135897725 34.4080724334 33.6911773661
33.3868717059 33.317304817 33.6167700282 33.7711047746 33.2850662737 33.0819914011 34.1299250408 33.3950985896 33.418540959 33.0480180574 33.0392352708 33.6982997996 33.0900898933 33.4203725008 34.0363052838 33.0644261091 33.6927818943 33.0307127227 34.1943183299 34.1105485317 33.9150311928 33.1358169931 33.6834249859 33.1279443729 33.9416499126 34.0407738003 33.2599086732 33.0430373456 34.3444528351 34.1883074175 34.1852761654 33.9465027375 34.3540899963 33.6444207076 33.1995376611 33.6405629267 33.9864511186 33.6086946403 33.4655995287 33.0707050657 34.1589577975 33.5130916687 33.1474718747 34.3834555834 34.0980891345 33.5208909838 33.0941160242 33.006643386 33.9120767746 34.1768020802 33.6315561486 33.8121600804 34.1670043192 33.3327562499 33.4538780038 33.6239854637 33.2878164967
33.067677311 33.1625160386 33.3810363832 33.5925253577 34.3751061338 34.2343210857 33.0054942624 33.8309478177 33.1539615675 34.3947010961 34.264076374 34.3761049308 33.5259228444 33.5970111929 33.3031550631 34.278381327 33.5729365408 34.1778730233 33.9825702164 33.5424064426 34.3208583747 33.4173378611 33.119915291 33.2950687172 34.0914993598 34.0219344684 33.9769241441 33.5518337264 34.1021174686 33.53245576 33.0210631818 34.13852254 34.1214698032 34.1960089497 33.6726860378 33.2741676285 34.2852020113 33.7803817801 33.76457732 34.0945509798 34.2022134018 34.2452535274 33.4935377707 33.438781063 33.3546351196 33.4784815336 34.2811789078 33.9613994696 33.9446484312 33.4799013586 34.3368237657 33.4293641119 33.6078725046 33.0037451017 33.2626288819 34.0944335812 33.7892904123
34.0546204082 33.0622828733 33.7636458468 33.8655332803 33.5706395415 33.9982599655 34.4064935214 33.207956053 33.5800720466 33.8442746711 33.1225186056 34.3518380668 33.7810785688 34.0365375521 33.4422225104 34.2774465055 34.4127283057 33.2120450545 33.5633413264 33.3120253618 33.2415321484 33.6729887889 33.2390866778 33.7957222807 33.4588066091 33.9009106185 34.3649828549 33.628674077 33.5757702213 33.9090430359 33.6028215089 33.3732310089 33.729824777 34.2280908169 34.311645049 33.7581011702 34.1511522407 33.8111383107 34.1531969315 33.0492783902 33.5114927177 34.0502070736 34.1793381293 34.3160086331 33.019439846 34.3664812915 33.698001027 34.0723698713 33.2623940627 34.2832841869 33.6409350279 33.2140861644 34.0056773453 33.7400571014 33.6432822429 34.1349053504 33.2841040936
33.5587195979 33.1480275669 33.8216957411 33.9919797885 33.6862168132 33.9472484106 33.1842778375 34.3515657749 33.4740719537 33.1802901001 33.0729919423 33.3868088602 33.5113058179 33.0048135413 34.3681972085 34.3031511688 34.1192070117 33.2585371097 34.4024707798 33.6318842591 33.1700839594 33.149697695 33.6959534491 33.1755482568 33.5907785957 34.0456346453 33.694775449 33.3892408536 33.4292543042 34.3228117451 34.4042730074 33.6161876543 34.0553051991 34.0941668255 33.2717758633 34.2625431602 34.3023472313 33.3716438028 34.1655655247 33.5094856505 33.2086390245 34.1759585418 33.8105551488 33.7303200433 33.1148617228 33.9986899533 33.85815473 33.5971376889 33.8159126696 33.9743470364 33.2656018797 34.2849979978 33.2630711115 33.098499463 33.7562978065 33.8948777289 33.0311164766
34.41273375 33.2623249145 33.8087742615 33.3780383858 33.3420546398 34.2365331691 34.2515531934 33.8735678184 34.0010309032 34.2777817971 33.4089532778 33.3133086219 33.746259061 33.7764945697 33.9449746495 33.9172775311 33.6655126861 33.3345021765 33.1368890837 33.6666334237 33.8393342784 33.7447453885 33.8646562762 33.7651607241 34.1217988386 34.2405275638 33.902555461 33.6088629877 33.5382536988 33.4181461254 34.1600643008 33.9922778033 33.4857176454 34.1700553018 33.5680225563 33.0289349129 33.916119432 33.714471155 33.3468652414 34.2585014944 33.6233083121 34.1904030071 33.3620616864 33.2413319521 33.6571818927 33.2498463332 33.0790316062 33.4138493228 33.3979868482 33.1403364405 34.0230259402 34.0335515505 33.8936094423 33.7191482334 33.7591174915 34.0471745674 34.0685129687
33.2698716477 33.4303108827 34.1163175996 33.2319639242 34.2885523148 34.3159648026 33.5424203072 33.7905590901 33.7944146063 33.1805673986 33.0495271793 33.3150082282 34.1876293915 34.0334211413 33.6641572968 34.2219840548 33.4217120048 34.2982422729 33.5999827139 33.6968850482 33.2939137226 33.9030960629 33.3779790066 33.5182410001 33.804125171 34.174920451 34.1421980752 33.9982973305 33.1404308837 34.0032171725 33.0327194796 34.1429700907 33.3731295442 33.9218265676 33.7351942036 33.8201461865 34.2419115388 34.3987640354 34.1640846374 34.3474197381 33.9647516097 34.026089574 33.331987456 34.0834505253 34.3456018808 33.6134836745 33.8378605153 33.5169211212 34.356616497 33.8973343758 33.480935166 34.1502657273 33.8401561805 33.5795212876 33.4116121532 33.0620693262 33.4084056487
34.2380612574 33.0414131139 33.6489662252 33.6581947913 33.8553201927 33.856524204 34.0587718562 33.5342533273 33.4061107178 33.9498091382 34.3872494709 33.4473158962 33.3644588254 34.2861528816 33.9089126243 33.5185387861 33.8369507203 33.54518825 33.4691140786 33.7209209385 33.0233679988 33.826553406 33.9252922553 34.3949177824 33.6555477607 33.4028971231 33.428584996 33.1645571846 34.1923218473 33.2477850907 33.1431374318 33.4117737986 34.145933362 33.1165908644 34.0714546751 33.5951774196 33.840815934 33.2847985506 33.3615575285 33.8896628649 34.256659518 33.739120441 33.6877933729 34.195345506 33.7846208805 34.40379592 33.9339727601 33.6406711427 34.3884214046 33.5911618961 33.0194006451 34.0620783087 34.2170207356 33.9264936306 33.0435736004 33.7592626873 33.1666194383
33.8434993859 34.1630162305 34.3014283064 33.7921091507 34.2166567131 33.3521537553 33.4506112312 33.941940984 28.8174546744 14.327360969 29.0345571586 33.3998943314 34.005120222 34.2557362076 33.957859729 33.9101304401 34.3634266416 33.9830105113 33.5928969658 33.0232080836 33.2998430094 33.201359947 34.1575839327 34.3177572471 33.0835786013 33.3736063153 34.335286858 34.1715941397 34.3533812139 33.4446893478 33.6173793392 33.5173150232 34.0464401706 33.4959159771 33.2587615298 34.3483437212 33.2296232897 33.6558457482 33.3094247198 33.2170286227 33.4582836635 33.4602943663 33.8836254853 34.2256154619 33.4588780745 33.0475291908 34.069168663 33.0502536043 33.0299361311 34.0104976872 34.3947037098 34.4063464286 33.8794682525 34.3854854062 33.5985059276 33.710028748 33.3153813109
0 33.2226174337 34.1151030607 33.7924201927 33.1842551958 33.5452274483 33.9328647687 34.2337576409 21.6806813686 12.7674577138 27.8248879609 33.4771553025 34.2014144517 33.8083002724 34.3163134659 33.0883037635 34.0574538046 33.1854990843 34.2708055339 33.5835485641 34.2204908033 34.2589869717 33.1499940928 33.7172636493 33.1299106816 33.7581862048 33.2512157506 34.2046337014 33.6771209591 33.1273432872 33.7909674798 33.5710388938 33.7039464371 34.087360512 34.3595297236 34.2705931548 33.2319730308 34.0011651091 34.1094465006 33.556190005 33.0338244221 34.0488652447 34.1269108714 34.1890705025 33.6475966098 33.2739785584 33.153754693 33.917852309 34.3486446837 33.3962517813 34.1183692177 33.278859987 33.3886094196 34.1272272878 34.1858490278 33.0705230671 34.2778406475
0 0 0 0 33.0970441599 34.0731553027 33.7354456292 33.3439310508 11.8560533574 26.8740451405 22.3878175809 33.6111263168 34.2765888129 33.5329306656 33.0774956329 34.032511989 33.1087250239 33.7048077476 34.2621010753 33.5682693764 34.2698077547 34.3371208726 33.9499258586 33.1719546901 34.1184621031 33.8929583471 33.9398316555 33.5038244185 33.5317609496 34.3840994367 33.1796415392 33.5196217574 33.9951063683 34.3531795534 33.8345116418 33.2616517309 33.5363428605 33.4532201517 33.4067741488 33.5756495478 33.5326917231 33.6089165828 33.1021869307 33.1692082761 33.399184131 33.9905562252 34.1867804938 33.7249470061 33.6611276837 34.087540406 34.4095970702 33.1718732324 33.9261529007 33.8870925936 33.4045050487 33.0949800143 33.2545791123
0 0 0 0 0 0 33.7326208527 33.7839083318 33.998742192 33.3487138354 34.0722456255 33.8616130067 34.2491305097 34.1399577666 34.3183915555 33.3356136764 33.8185845745 34.0339523348 34.0931667029 34.0883899871 33.7348163604 33.6854113893 33.3703055544 34.1856971741 34.1218300613 33.8177854756 33.6235741205 33.5407465131 33.6708343844 33.9183358622 33.2311030508 34.1284004678 34.1872297373 33.6127098067 33.9571472651 33.082231212 33.4572498716 34.1608936696 34.0593752808 33.5863532305 33.140144705 33.9174741459 34.3479604882 34.3980615937 33.562398931 33.9381989699 33.2973440537 33.8749876382 33.5269625405 33.9610096459 33.9853756753 33.4683127125 33.5857376378 33.1885167053 34.3635579813 34.0567709292 34.3296792556
0 0 0 0 0 0 0 0 0 33.2847114607 33.4619461955 34.1774494626 33.5436758753 34.3799181038 0 0 33.4366687277 33.223044292 33.467963893 33.9113140098 33.8011084775 33.7522055194 34.11545666 33.2185306153 33.3314709571 34.0044317531 33.4510697135 34.0416488394 33.2174917351 33.0590405657 33.3422223588 33.9159377115 33.6175172868 34.3190262643 34.3127622498 33.5977770968 33.5640161242 34.0064733223 34.2187200006 34.2111203197 33.7721090406 34.1234062412 33.5986012823 33.7111090678 33.2545021002 33.1344760133 34.0975838477 34.0419400544 34.0095649811 33.8859988842 33.267073079 33.7448016451 34.0633676616 33.9131169327 33.946369077 33.8228978211 34.3216812957
0 0 0 0 0 0 0 0 0 0 0 0 0 0 0 0 33.3401095416 33.8386162895 33.2924499671 33.6158821433 33.1994679942 33.6069635571 33.9284994004 33.3676950908 33.5441059173 33.8920103564 33.3889375476 34.2067966154 34.1763625443 33.9852047688 33.1806093849 34.3484421609 34.0985096628 33.5200833703 34.1138470362 34.3418186648 33.9795162645 34.0834308792 34.2144299128 33.1296259642 33.3871564496 34.1309166217 34.1985914465 33.1207464129 34.0116715537 33.0986983734 33.6412688475 33.762045937 33.8952827425 33.9880817572 34.3633478535 34.1330403871 33.7506614891 33.191714353 33.5217975807 33.4081063706 33.0536996513
