Spatial_Output/DEC/DEC_0705.asc
NCOLS 155
NROWS 192
XLLCORNER 196307.867259
YLLCORNER 449144.565805
CELLSIZE 33.573938
NODATA_VALUE NaN
[rows 52 to 77 of 192, columns 57 to 113 of 155]
28.0071537997 27.9138266723 25.9616808565 26.9209661521 26.5733826745 25.5901111245 28.879280172 25.0499226878 27.5745565574 25.495453669 29.1302867636 26.3675872427 26.4806105345 28.7806367284 25.5878546394 27.9961963395 28.3799532735 28.8487583341 26.3685345611 26.7477883397 28.8847064089 28.2959708007 26.9286883559 25.8904274285 26.380356311 25.163698391 26.9943735639 28.2598547245 26.1360906764 25.557856373 26.8571143151 26.1045853875 26.8333956599 28.2906680816 26.3699715631 25.4727369953 28.8552026946 26.6635583531 26.3123141261 27.0909954263 26.318501996 29.0049048364 25.9240996768 27.5152345529 25.8981082596 26.494441197 25.5170293908 28.4563495289 25.3552826444 26.8011364271 29.1029388846 44.8602074702 44.8602074702 25.8817939197 29.1488323545 27.0910351626 25.3871929223
26.3618050186 29.1333347606 27.733197099 25.891879729 26.1177819477 27.0681523851 26.2539132512 29.1250534327 29.1353267544 25.3795275032 26.4119591557 25.403560605 25.2808735528 27.7230415004 26.4577183706 27.646574477 27.367994567 26.1931106946 25.1336875817 26.7970000533 28.0270436792 27.2155193778 25.1176847972 26.493793913 27.0118110159 26.4355578917 27.5317138534 29.1738444459 26.9636593922 25.9851762506 25.9851660085 27.9554402448 26.3877771577 29.1135366736 27.179310298 27.9101425052 28.4467545773 27.2267442908 28.4382826087 27.843539787 25.518956478 29.08666678 29.012993908 28.8156396671 28.4432240916 26.2800062488 27.1520427955 25.4228719898 28.924105906 26.1643153525 43.5327131888 44.8602074702 44.8602074702 44.8602074702 26.9242431932 28.7522351174 28.0961434779
25.5568543495 25.6485353463 25.828749177 27.9058942588 29.1290984818 25.8950606802 27.5213878505 25.4144724612 26.7852569121 27.5485830744 26.7260484878 28.7617868131 25.9005631955 27.3158362868 28.3883942636 26.1717549074 25.3788603047 29.0440540625 27.2187763348 28.8610102795 25.7717946889 25.6676583643 25.1899170792 26.0263981047 29.061961469 25.1884036819 28.26200088 27.7528055522 27.8738206108 26.6787346494 26.5396488925 26.5229086847 25.0371158648 27.6824746989 28.800711317 25.2068674726 27.0876706578 25.8324496755 28.7833972962 27.2717636299 26.706863916 27.075289937 27.2037899294 29.2422636097 26.1570496033 25.8448459612 27.2259359637 28.304652098 26.5818610494 29.1261899864 43.5327131888 25.5437734896 26.2874408414 28.4672286234 25.6108763338 25.9557619305 25.9211178705
28.549759269 25.0096855669 25.5287408483 27.0946436874 26.1617111126 28.7682532564 28.9376986464 25.8528151198 29.2252689361 26.4750618349 26.4855568808 27.0734709908 26.8301864838 26.5839224779 28.8067132823 25.5732144442 25.1079978992 25.0811491087 26.4323457607 28.7683349358 28.9563710958 25.6354433668 26.6647182104 28.148310869 25.1300555769 28.8963770281 27.2964033243 26.855910615 25.5768700412 27.0228747767 27.9390427607 26.0290846255 29.2372852226 28.09817474 26.7799042093 28.0668608478 27.4787693371 27.8984379291 25.3659230479 28.9077446844 29.2060837556 26.0311035476 25.2932021143 28.96340692 27.721744356 25.4387380012 26.0639610019 29.1699323748 27.8755019547 28.6394138142 28.1698511231 25.0301473582 25.9468854947 27.5612400628 26.0323036789 29.0625348397 28.4464249037
26.4594847508 27.1355481219 27.6501374179 25.7991535079 25.8541734956 29.2161903071 26.9422639317 28.0122362704 25.7799987539 25.3896590784 26.9505332057 25.972093461 25.6985205185 28.0382856391 25.2262567761 25.4343156256 27.3311441385 26.24258671 25.5662947282 28.5026278189 28.8800709281 26.9315255103 26.1291215494 28.2431074133 26.5927532767 26.1929058777 28.4688330522 26.2462601407 26.1298038126 25.5869975087 26.2480283909 25.4753019998 27.3058574183 26.445434281 27.3504851161 28.5881845488 26.0496705645 25.3963206716 26.6542812988 25.4810590665 28.4669748677 26.4680795593 26.5067614137 28.1836877342 25.018209599 26.2778287381 27.228485215 27.3965480978 26.5482803408 26.8109633119 27.5717067794 28.7889955644 26.1165697331 27.5278945248 25.7936890385 26.4150868137 27.5111649175
29.0947814516 27.2479434143 28.4172740157 27.4715670015 25.17785249 26.2088675312 25.9046078537 26.8470168298 26.8329536786 27.3643311246 26.2072550974 26.5107478167 27.1549361867 27.721007787 27.9821043774 25.0497698096 26.1209531717 26.2593678066 26.6283299986 28.0262191818 25.0290242467 26.4450653211 28.4194281755 25.2831641692 25.3112888334 28.6056875361 26.4062248915 27.7551500306 28.9736107425 27.9766245822 25.2200268764 28.9824309213 25.5853018471 28.3483645493 25.4850064723 26.0121690503 25.980819963 25.7345356129 25.0348185176 26.9050885541 26.0941362204 27.6132475437 28.9747599136 28.4549888213 28.811912937 26.1284926067 27.9469129181 28.1482399423 60.6335713893 26.9867176365 25.4276703094 25.0708965828 26.7663432421 26.0643337151 28.9305683842 26.2388027447 26.4782428051
27.1561837832 26.3900550669 27.9861412472 26.9390955883 26.7036120093 25.8900416728 29.0791109933 26.0230169881 25.5407920956 28.983519131 27.8208102276 29.1503218751 28.9162755751 25.2233125949 28.7499498601 25.0087316318 25.4446662905 28.6889406535 28.1389764893 25.4998255278 25.9632509297 27.5485585497 26.5503719284 27.570603228 28.7740042301 26.0653485806 25.6595826608 25.7027060738 28.6227419359 27.5831220897 28.0124997995 26.3732760629 25.3851066064 29.0423474565 26.1537809567 28.514668644 26.1153395576 27.8220034392 26.646812877 29.2067114705 28.9677964792 29.1161085917 28.1047530679 25.5118744121 25.6179468561 64.0528724256 64.0528724256 26.1020616844 26.5598867103 26.5513757844 28.5345582299 25.5888331314 28.2080716911 26.5912839062 29.0195649749 26.6968058398 25.7107253398
25.7378316057 27.9075245561 29.0629674451 28.0311184299 25.5541122312 25.9108947948 28.4014644578 28.7420052245 28.4420067528 28.4955640223 28.9498806741 25.9678678784 28.2120550814 28.1409792745 27.380616032 28.4421706097 25.0210999277 29.1569975252 26.522418152 27.6318978586 29.0725573562 28.4586026859 28.2822978238 28.1690940766 28.3784218254 25.7266936091 25.3687844651 26.5451062673 25.8319462914 26.918855091 25.9544152937 28.4640138127 25.05325852 28.0980346763 28.0260405845 26.1724387931 28.6337373756 27.2025497141 27.2907425183 27.9339190413 27.4032123585 25.7773000791 28.5279927605 27.6023687785 25.0004123822 64.0528724256 64.0528724256 64.0528724256 27.3817892147 28.7355280741 27.9794263374 27.9188748077 25.0014428575 28.8829869644 28.0304822117 25.9027868922 28.7249532623
29.0137174904 29.1525370227 25.8282814125 25.7350863544 27.690797696 25.8714327487 28.7973132782 25.5578007377 27.9949100772 27.3707909378 26.3887638903 27.1670273828 28.9461043487 28.6723757032 27.2120522955 27.2722922033 26.1588888723 28.9023735784 28.4911071813 25.3920286999 28.7477459853 28.4030444924 28.5294761553 26.6690848438 26.4449491334 27.5525783144 27.3478132236 28.6003603644 25.1031096485 27.4348487814 25.8259627232 25.189597604 25.8906345294 25.3351903837 27.054256178 29.0077112544 25.3171885937 26.9211731476 27.6194710549 28.5086458621 26.4436594186 29.2090322567 28.6120782884 26.4344365858 27.9526300726 64.0528724256 26.396639966 62.2015940644 25.1596367022 27.9568783064 28.165947091 25.8312688996 28.2886862987 25.3087279004 26.315239275 28.9513528104 26.9837960015
26.6815137212 27.092323499 27.958683809 28.020890768 26.7383810611 28.965154394 26.8535999069 26.2588326469 28.3335169965 27.2602194316 28.8727869812 25.5269196869 26.8316897503 27.409527765 27.2710418192 28.1124654062 27.0780676419 28.3775824016 28.4737428146 25.3937236261 28.6695829554 29.1527879161 28.2955093025 25.4589585988 29.181527224 28.2229409306 25.2363247948 28.8485043503 28.9293673351 26.4479346248 25.3720380251 25.2773294483 26.9491000975 28.2731518109 29.1582226393 25.0323260094 28.3640534345 26.9577283349 26.8476849919 26.9865308781 25.0002807529 27.742641571 56.4628072334 27.7947580182 29.2334487718 28.6966758202 26.1423188397 28.0496807545 26.0235113822 27.4707803328 26.514150649 26.5378614432 25.7330477038 27.4902265442 28.6468878471 26.4038019084 25.2912135019
26.9961372063 25.9699753716 26.3437077111 26.8751796509 28.6569293493 25.2911380283 25.9488508938 26.2753584162 27.4035948416 26.3018087825 27.8472352347 27.9921503976 28.4216946987 28.8997576571 28.7144079052 25.0847157935 29.1074460576 26.9685243867 28.7958521274 26.2144067151 26.5546825306 27.3018623144 28.8579952995 25.7127642669 25.3052660134 27.5026320433 26.1457196641 27.6776018389 26.6391613123 27.179299199 26.6261691201 28.1757015712 28.8805998336 28.7037614934 25.4820095185 26.5159285209 28.9970863698 26.2309665383 26.109017085 26.0950367472 25.0815514291 28.9298165723 26.1550650131 28.1459264194 25.9870465151 28.5701729716 27.6951335706 26.3471030869 26.1309175112 26.0072575134 26.5965815801 28.815326265 27.064721335 26.3116931036 29.0515478512 26.1441452121 25.9049617785
28.9295943347 26.9399310249 29.1062260287 28.9348494494 27.0491301733 25.8460753648 28.6921663188 26.7550792056 26.2574713381 27.5610167853 28.9598835646 28.2080268718 29.0869500408 28.3967338801 27.3532602745 26.5019397807 28.6576526916 26.1177149615 25.5837858698 28.5900407623 28.7249490932 26.0214861307 26.4343677057 28.6656368138 28.3117898801 28.7249597186 25.761811475 25.2432924999 28.7699026208 27.1430847264 26.9303320429 28.9604603453 29.1844456666 28.5773110219 25.9751296959 25.7535043683 29.1738194698 29.04229358 28.7752849192 26.6762775389 26.3296973148 28.4785795818 25.6485249473 28.5582356489 27.7575289745 27.6601074404 28.3483292701 27.8155923821 29.2343138655 25.7287374089 25.902572784 27.677840126 25.953466189 25.5183159635 25.5124713693 27.5070086084 28.0662346398
26.4028158775 26.717649164 27.6923862614 29.0667204273 26.0074477505 28.3265278813 27.8161832769 27.4768527109 28.837979636 26.002896949 26.3117137215 25.394547612 26.7626871942 26.1456990454 25.5698363454 27.7723565057 27.5590194132 27.2430146076 25.4386677331 26.5368491063 26.6990499429 25.33112833 27.5415710655 27.1710098344 27.0238644782 27.0804826852 27.5815489089 26.6485637222 27.8422809234 28.303489378 29.2388366767 28.7064865002 28.7041257421 27.1251665594 26.031229038 25.3025019881 26.9351331572 27.623972682 28.6053107632 25.5523373967 25.5223087051 29.0959011113 28.8453283674 28.5035474363 25.8165315721 28.1205502353 26.9012004762 26.1476001596 26.8660783972 27.1516373799 25.5252185864 25.8284062955 28.6991713787 28.0959263143 26.1177909462 28.6510235708 26.4658096899
27.8212058002 28.4530889088 27.4248523779 27.7728178682 28.9853600437 27.9020447123 25.2110556755 25.7961457269 27.7605741777 26.613037091 26.1760739575 28.0865126779 26.3273010416 28.2420399129 28.2656105137 29.1616305175 28.9953253385 28.6727095376 28.3493176487 27.9655317426 28.0299953503 27.9403324898 25.9120206756 25.0549378334 28.0959467599 25.1985158773 25.4701020424 28.2586655407 28.8037661748 26.0462614248 28.2336140358 27.5645837305 28.5046037496 26.4540941983 27.1880517305 25.6776844467 25.3588101428 26.8460687483 29.1561243963 27.4139523938 29.1292044319 25.2111648457 28.4314676943 49.3597752291 25.3702180363 28.5312589467 26.5854518711 27.4507515003 28.611308796 28.133612729 25.3803462724 25.6719549421 27.9578119663 28.3832596796 28.8405906383 26.0120014604 25.0861223923
26.187606573 27.9750095951 28.2218117622 25.6874855919 26.534634229 27.0590595252 27.0331560136 26.9741443219 28.4113685139 25.1831884426 26.5820255946 29.2251441067 26.6039382138 25.4615397792 27.3875063042 27.0858045669 27.5001551514 28.8439724044 27.4763982396 25.9780079398 27.0130640206 25.5657318353 26.0792737865 27.2767377817 26.1469194839 27.5209677152 25.9590650436 28.1448708794 25.8478488935 25.5669168113 29.2232176837 25.8383823754 26.4814926741 28.4081110121 28.0328596549 27.8943415797 26.2433779849 25.544611444 25.6270343908 25.8477427189 28.1692061546 25.533041247 28.4360141505 49.3597752291 49.3597752291 25.4582063837 26.5010201107 27.2483059624 27.9041905997 26.8722300514 26.2494910044 28.2013245431 27.5707985267 26.842337373 25.163629296 27.4387396367 26.0230136241
28.067886428 25.3429256531 27.7317619686 28.1467268751 28.1788172649 28.7089836985 29.2152053172 28.7401019177 28.7302883509 27.6195434302 25.9495774465 26.5536497416 28.7098665774 25.5802068294 25.4947466787 29.2218852622 25.6038024542 28.4634910471 26.0467698997 27.3003081162 28.1713677529 25.5058876713 28.4704680717 29.2101838693 26.846362519 26.307293493 25.3035238843 27.2461487432 25.6087096007 26.8506995686 25.6905029742 28.1160023314 29.1892594059 29.026256105 28.1018292172 28.6381678395 27.0537147859 28.4826691322 25.2414134418 25.5199280556 28.5880422782 26.0551049727 27.7864762807 25.2004308989 26.6458436509 25.4315599196 27.9020621344 27.9066777635 26.3923935968 29.1600307784 25.7437098297 28.7062689998 26.8001976999 26.3412974418 25.8644145938 26.4253299848 25.0827834581
26.1630237349 26.8998701009 27.3419260355 26.5157982658 27.2639076697 26.6753465827 26.0398464139 26.2832056819 27.7660534598 25.0641549733 28.9248528138 27.6508262125 25.6188711498 28.7658821334 28.0881133229 25.0687451747 28.2041552789 25.8532770682 26.5385568933 27.2478349173 26.5297715775 25.9825025648 26.9102763666 29.2333010993 26.5056994261 28.3963193307 29.1813927723 26.5308874484 25.7446403073 28.4836080437 25.3913457597 26.5877678341 27.6206549683 28.8393466447 25.1861440553 27.0583650857 25.6667875486 25.6985229148 25.0624660176 26.246523139 25.3148483562 28.3203115663 29.0921936559 25.571208547 25.9762647676 28.5454437291 28.103801206 28.1454582312 27.9094183703 28.2003422376 25.2282280394 25.4767869968 27.3382359485 26.2466162098 28.4778841636 26.3613371366 26.6145276935
27.5003464438 25.0810896274 26.2419703434 26.1147240703 25.5281171276 27.2878870469 26.3916245558 25.6489867485 28.2615977388 25.7998277493 27.4899711231 25.3819076856 25.8911618811 26.2297173129 28.2246658023 26.667248975 26.6861050158 28.7911851285 26.3622480995 28.7609216574 25.8263505231 29.2420000587 28.7769872651 27.6024146903 28.4015374773 28.5898430336 27.0062286152 27.4074050356 28.6409128709 26.276435825 26.8859658768 25.8371446378 27.8254320621 26.3717611134 28.3774263496 26.6082373606 27.549843912 26.985965118 26.521377497 28.6539708941 27.6756380072 28.0616857103 29.0679279383 64.6555678804 64.6555678804 26.727530667 27.2186557572 25.765037325 27.1774360385 26.7370208821 27.8501125154 28.7513886407 29.1482223648 26.9499496285 25.7887331576 27.692477155 25.6541106939
25.1241696926 27.8155794033 27.7916689149 27.7059968673 28.3687882143 25.2001141435 28.4212571408 28.9466332087 25.8176631108 29.0529074464 26.6949507047 26.9919023872 27.8242071096 26.6050427357 48.6701856445 29.2279166496 25.699766522 27.3660697503 29.1763673083 27.5010398025 25.6871730441 27.1791112526 28.2854003398 28.8782537313 28.6748853489 25.2681755212 26.9526825525 26.6266954062 26.2445907342 28.8505263418 28.4776429608 27.8304797286 26.7058993459 29.1666921658 26.6629667604 27.2988134163 25.4415862238 27.0888429948 26.2205115519 26.3074694048 26.8521794886 27.1681042964 28.953086454 64.6555678804 64.6555678804 64.6555678804 25.3128875717 28.7450179765 29.0424831448 27.3893661804 28.1538941582 27.8758560236 29.2315372268 27.3150194687 25.6604671172 26.1406878969 27.7394536271
28.956432991 25.0655094494 28.0095007467 28.637348589 25.6436011912 26.3917749713 28.3157410118 27.322923926 25.6197975505 26.9725123429 26.9441657474 27.2780379915 25.5815777118 27.3209091951 48.6701856445 48.6701856445 48.6701856445 27.8817598459 28.5570662386 29.2097072936 25.6638696019 28.6860479737 27.751136046 27.5950614519 27.3448907843 28.8912350724 25.6389056844 28.8758281017 28.088411317 26.3248195859 26.7687389329 26.7326046076 25.1731409854 26.4412568404 28.970710274 26.0144687003 28.8013965439 29.0890024088 26.1863830395 26.0728164032 27.9434548779 28.863311999 25.6660383132 26.253405576 27.4215594476 28.1403548758 27.2413016894 27.0304432308 28.2107169172 25.1387828097 28.1009654912 26.9566597702 27.2403453587 28.966503315 26.8039495162 29.2166707958 28.6642299468
26.3979103298 25.3522939146 26.5617726324 28.568907407 26.02740748 28.3262764556 26.6302654684 25.3375723721 25.3451367135 27.9164438942 27.4877662984 26.3813765594 27.5783176153 48.6701856445 48.6701856445 48.6701856445 26.1726833742 29.0554587771 27.3131017408 28.5252251086 26.5132824716 25.8442291588 29.1495339308 25.7630328048 26.4421761979 25.4061357229 26.7089593341 27.5722421664 51.832856145 27.595325194 63.5513675405 50.2201693872 50.2201693872 54.2064840303 28.3675509842 27.1982068828 26.5913931584 28.7545069862 25.5068338851 27.4569388702 25.5059067599 27.5317260203 25.1738965398 26.4687800853 40.8346058496 40.8346058496 40.8346058496 27.9967429068 25.216267142 28.0687182726 25.3383150238 27.4343665772 25.7717868969 25.9626325222 26.676978169 27.766478856 25.4847257035
28.3896113532 28.8086529761 25.328243906 27.0308358213 28.9940777268 25.1361715872 28.4707451678 28.7131203842 27.6199276763 25.5028630411 27.6485083506 29.1285410034 28.1485953039 27.2575852626 29.1822665383 26.5768799616 25.3141208468 52.8146187924 26.458250228 26.6016655872 28.6678178971 67.4049529 67.102216952 67.102216952 25.6537553212 27.1364297704 28.20649521 51.832856145 51.832856145 26.3628150168 63.5513675405 50.2201693872 50.2201693872 54.2064840303 54.2064840303 26.0435491001 45.0021144168 29.0081920954 26.1065073057 25.5672028653 26.1090801955 26.2859225813 26.6780219744 40.8346058496 40.8346058496 40.8346058496 25.6767413432 27.164392436 28.122589138 27.5989453463 25.5670330984 25.8885738552 26.5771694155 28.0402809274 28.4028106414 27.9756830222 26.6477434214
28.9480317519 27.532960132 28.0522759334 27.9401170553 28.9311813038 27.7821515113 28.3977431738 26.842255552 28.0835187186 27.9772307888 25.4950709301 26.2839614862 28.100043249 27.9815582663 25.5730082758 26.1360264858 29.2421820027 52.8146187924 52.8146187924 27.1396222968 67.4049529 67.102216952 67.102216952 67.102216952 26.5689160374 53.2545000706 53.2545000706 51.832856145 51.832856145 25.7581116024 26.4488867968 28.049803227 50.2201693872 54.2064840303 25.0610812904 25.0649774781 28.5218581495 28.797015527 44.3719742904 25.1377151023 27.1389551789 25.397403328 25.9580740523 27.5808240121 25.1638734785 40.8346058496 28.0750510227 27.5923693896 26.4414410297 25.936694774 25.3025234624 26.78843191 28.9009903717 29.1659419644 26.2091963284 28.5255559978 25.3520255125
27.8630724897 26.3296165855 27.634371928 26.6905804897 26.787529178 26.418887999 25.5505796903 26.2091510235 25.7198215633 28.9853487176 27.0388370177 28.2838262132 26.5003659637 26.1900303797 77.3662443213 26.4241811684 26.2222806624 27.3678243551 52.8146187924 25.7867919745 27.7219716812 27.6971466106 26.0828946414 67.102216952 25.6506340076 53.2545000706 26.2071233102 54.5021474011 51.832856145 28.0964540406 26.1316537261 28.6219608958 29.0522275347 28.5401452123 25.3314417283 27.319599054 27.9148221973 26.1509100726 45.8214705443 45.8214705443 26.7678762954 25.4645894307 27.067260401 28.1290984398 58.6733485172 58.6733485172 58.6733485172 26.226513962 25.9943335165 27.7646322264 26.5040301861 25.7200976935 28.9349977108 28.6538179421 26.5897850879 27.8565677505 27.6276168271
26.7720318464 27.7145516624 26.7397461532 29.1228511106 29.1139113485 25.604363575 26.2412199065 28.8180580756 27.656461818 26.626270674 25.1661011607 28.7099664162 27.4917401284 28.6862682481 77.3662443213 77.3662443213 66.9489345115 25.6651379173 28.9765471918 28.3642756634 29.0217520525 25.382758287 25.9594305601 26.9072855733 29.0644780544 27.8390829382 26.8570836213 28.5487816176 26.8154719896 25.1843130762 26.4242191662 25.557076155 26.931194034 26.0406324277 26.136594331 28.5448939248 28.7077915878 44.3719742904 45.8214705443 45.8214705443 26.4652033238 27.8683977159 26.0357949592 26.1151587536 27.2564557817 27.7206570767 25.9493449724 28.0678526895 25.5434590624 27.9983126859 28.4498258665 28.9241572395 27.1323351224 26.6452552022 25.0321598219 27.9978752728 26.0127862411
27.7130784037 28.6615991911 28.1039471857 25.7348049216 25.2949525476 27.705583289 27.1349224959 26.6829042337 25.1353165516 29.1244788137 26.5064316554 27.0080512806 28.3045718717 78.3263130655 77.3662443213 77.3662443213 66.9489345115 66.9489345115 66.9489345115 27.2698989248 28.4932932827 26.5140301437 27.8375397708 29.1032751544 26.1106506508 28.9203745864 27.988881978 28.0165781682 27.1287213582 27.0260917074 28.0172232333 25.5050252943 27.9958930001 27.1185340041 25.6019806357 26.7809660947 25.0883860208 28.6055629792 25.1102951379 25.7887113967 25.176723541 25.6985979073 25.388830119 25.4131302651 27.543504665 26.4179070341 28.7597280922 25.7954285534 29.1133694235 26.4427035605 28.6955242981 27.8128790127 27.6685005482 25.2795024767 67.7583122994 27.7422075427 25.9863374904
