Spatial_Output/DEC/DEC_0015.asc
NCOLS 155
NROWS 192
XLLCORNER 196307.867259
YLLCORNER 449144.565805
CELLSIZE 33.573938
NODATA_VALUE NaN
[rows 78 to 103 of 192, columns 0 to 56 of 155]
0 0 0 0 0 0 0 0 0 0 0 0 0 45.7202784352 45.422795528 45.4617178675 45.2545871196 45.1633748331 45.7333077141 45.9955314632 45.5617655249 46.3973981521 46.2927354814 45.0942594692 46.3117634377 45.1602888969 45.0717058013 45.5718204536 46.1498884193 45.4849161407 45.817095696 45.0568845428 45.788673661 46.0647483649 46.4052368342 89.0883285532 46.2692293505 45.3728251971 45.7060721596 46.1725493345 46.284811865 45.7335032995 46.367017481 45.6197631273 46.3443089461 45.496959491 45.6089432352 45.352814231 45.235956497 45.2607101481 45.6124841913 45.0171399927 45.2809122295 46.0885569038 46.1192354648 45.5408479132 45.590135113
0 0 0 0 0 0 0 0 0 0 0 0 0 46.1985771978 45.8749542803 46.0180611834 45.5003028703 46.073974995 46.2594250906 46.3340834638 46.3222412057 46.0103731277 46.1268284752 45.5174516537 45.1084517094 45.7984762823 46.0354665715 45.2100102979 46.3435528433 46.1885129795 45.7034180853 45.7200623732 46.3058140061 45.7035923634 45.7799439083 89.0883285532 46.3628217913 45.751852305 45.3422867842 45.172622961 46.1923940602 45.361501152 45.2654959482 46.2579001839 45.3333258996 46.0170973576 45.9129618655 45.9281966572 46.0159835363 45.9420133824 46.1775457961 45.4789278112 45.660676089 45.6720542438 45.3843628864 45.9383473963 45.0852094729
0 0 0 0 0 0 0 0 0 0 0 0 0 46.1567244851 45.0404302515 45.6676653619 45.8085387152 46.047130127 45.0272280749 45.8354441399 45.0349616182 45.0973186609 46.198190461 45.1917708619 45.8493546638 45.7701951963 45.1032039285 45.0048767072 46.0136271631 45.9683742023 46.192574876 45.1131686453 45.8220586795 45.8652714459 46.0664424418 45.8354769069 45.4160376843 45.6446127237 45.6853405475 45.3990101078 45.3387619922 46.2737117365 46.2173276028 45.2727977417 45.3091388804 46.1928706184 46.183171233 60.8018419899 45.5378646589 46.3581550967 45.5251947452 45.4624641503 46.2955673122 46.3881229179 45.5700566737 46.0524612799 45.7640676867
0 0 0 0 0 0 0 0 0 0 0 0 0 0 45.0210145284 45.341403028 46.3183304854 45.711782178 45.5049068147 45.3984705533 45.3957130108 46.3618297639 45.416394276 45.6478221776 46.1827875971 45.3763562625 46.2383639404 46.0624434756 45.9753753867 45.255789294 46.1684985143 45.3808081246 45.5708834964 45.8392492783 45.4195578327 46.0374494225 45.9701142305 46.295402093 46.2394463695 45.0523348237 45.5375530971 45.8029087448 45.0953682571 45.067058394 46.0017322726 45.1586858592 61.1675085723 46.2673240079 46.4101066824 46.0556283976 45.7534088409 45.6108732283 46.0989882934 45.2618322113 45.771924822 46.2221274456 46.259714319
0 0 0 0 0 0 0 0 0 0 0 0 0 0 45.2573359348 46.2105591726 46.1380256824 45.0499849356 45.6673558881 45.8867638021 45.4016762051 46.2813778757 45.6720575904 46.352253153 46.1284611061 46.1736245704 45.9804389956 45.8915175239 45.4424387597 46.3188287132 45.7918656666 45.7263642435 45.7717031682 45.1390015834 46.0101746777 46.3849796035 45.1163328748 46.2923768543 45.5723050497 46.0348540335 45.9763824443 45.1837306741 45.1289723127 45.7845202878 45.5267821137 45.2115505559 46.2159960115 46.3720727315 45.9563431617 46.3365824073 45.1863234544 45.4946639126 45.3941667921 45.342211489 45.5605452683 45.2525048455 45.8889168016
0 0 0 0 0 0 0 0 0 0 0 0 0 0 45.946567325 45.8487695048 45.2359017124 45.092311333 46.3296277503 45.6373289325 46.1758055358 46.2163801452 46.1024684837 45.6794066697 45.704915298 45.2206200561 45.6879824457 46.4046507314 46.3220602958 46.0848661034 46.0852494324 45.0000254032 46.1448940549 45.2206119192 45.4512716236 46.0152196516 45.3383787428 45.2703552199 45.672542137 46.2802324021 46.0772907679 45.6253225575 45.9863132987 45.9841566334 45.4338326803 46.2933003004 45.3023169915 45.1477122646 46.2369751327 45.9170612547 45.9385284813 46.020845925 45.3200432841 45.3307302665 45.3303869709 46.3053745428 46.1526985828
0 0 0 0 0 0 0 0 0 0 0 0 0 0 46.2998394018 46.2630721113 45.4049022751 45.4226584115 46.2983941202 45.7499218721 46.1204176698 46.0613884013 45.83350824 45.9953377531 45.9542693805 45.5300511153 45.9963861502 45.9005497317 46.3835688807 45.5412934171 45.4581862609 45.6144067229 46.0083724199 46.3085587533 45.8616112391 45.316398685 45.8690134874 45.0488430145 45.2027320199 45.9394075252 46.259913314 45.072884111 46.1793855933 46.3906948788 45.4437822391 45.9430853503 46.2926799724 45.308323205 58.2122259091 67.6544595248 46.055253483 45.6051997611 46.1037621124 45.5706447695 45.9490318685 45.2574218252 45.7347221295
0 0 0 0 0 0 0 0 0 0 0 0 0 0 46.3543573129 45.6814472684 45.5698990812 45.9253735898 45.5653723902 45.6992210704 45.139721946 46.2447163199 46.139659494 45.4734831059 46.1704981073 45.6997820102 45.1744362906 45.142773599 45.8185957901 45.9205703407 45.3761925918 46.1851251744 46.1704746358 46.235551859 46.1531232308 45.0040280569 45.1718081791 45.5424825132 46.3588106627 45.1488729017 45.7813360545 45.2899418147 46.0065127116 46.2324459964 46.0542136578 45.6416502384 45.805757404 46.002179739 58.2122259091 58.2122259091 46.2949065483 46.372246374 45.9317635829 45.5984779595 46.3409977132 45.0667208301 45.4079927474
0 0 0 0 0 0 0 0 0 0 0 0 0 0 45.551093642 45.5063953024 46.0495971139 45.5117299738 46.0540251622 46.3820881659 45.1582015064 46.0842237154 46.2614767749 46.1198821714 45.7060907083 45.6173705501 46.0660415363 46.088269144 45.3566496505 45.620039838 45.8800847504 45.4301795535 45.5781446802 45.0371408612 46.1903636713 45.4452545906 45.8205139063 45.8997692624 46.1736598382 45.4735209355 46.0121228479 46.2118759894 46.2760013513 46.0933935983 46.0996570404 46.3413239991 45.0147401664 45.0747254447 45.5654179859 45.247928658 45.264194195 46.3726632756 45.2864509627 45.1836579123 45.8174340313 45.1708404961 46.3140913984
0 0 0 0 0 0 0 0 0 0 0 0 0 0 0 46.0404453534 46.2218568956 46.0084052113 45.918770532 45.5364532781 45.0231575096 45.7735725021 45.4235475961 45.3783630768 46.1878763082 45.1611485648 45.4285027581 46.0232536882 45.204068851 46.2196790081 46.3704873995 45.752443925 45.4784268382 45.425783645 45.4846160574 45.3392616826 46.0727395195 45.2777108097 45.0851766936 46.328376268 45.314424699 45.1629512563 45.7403592162 45.2469061544 45.4401826539 45.2955139212 46.3366426935 45.7636191365 73.840767966 45.188249404 46.2938192491 45.3915730684 46.2221580282 45.9103267793 45.4144175002 45.7313574642 46.2542646129
0 0 0 0 0 0 0 0 0 0 0 0 0 0 0 0 46.3328573804 45.7935918826 45.6624859682 46.032582652 45.2259889001 45.0487325378 45.0779113089 45.0763542883 45.1043627751 45.8332911979 46.1169699766 45.5914261394 45.311168923 45.2977567541 45.3707290835 45.2417421795 45.4148237118 46.3569005016 45.1417313648 45.7098196948 45.568946693 46.3424244189 45.8301748218 45.887034927 45.2046942742 45.029292158 46.3307746332 45.9846333929 45.8311211999 45.4359275822 45.5064572157 73.840767966 73.840767966 73.840767966 45.7557925162 45.147400044 46.1564086891 45.2074697807 46.168034904 45.6464129589 45.0205910429
0 0 0 0 0 0 0 0 0 0 0 0 0 0 0 0 0 45.769290994 45.5196047141 45.3359744107 45.7184135821 45.9941957202 45.1169240707 46.3361770512 45.0890854935 45.3089194628 45.0467033294 45.4295315758 45.4112680173 45.1242406817 46.272280267 45.6437817202 45.7020978679 45.8441166606 46.0460726505 45.99167526 46.142930791 45.7794726756 45.9272483229 46.0585392047 46.3787377197 45.4716399992 45.7144402809 45.8035385926 46.0758797457 45.481992483 45.1548460926 73.840767966 73.840767966 73.840767966 46.1847775072 45.9163938668 46.3537739713 46.1217837982 46.3983601856 45.2001924151 45.0229609494
0 0 0 0 0 0 0 0 0 0 0 0 0 0 0 0 0 0 46.0903057208 45.1327547187 45.8104974902 45.1034461994 46.3600727162 45.0460140243 45.5182240251 45.1428301046 45.2842218203 45.8087177019 45.3086386177 45.3857609029 45.5430168669 45.9603968434 45.9957488044 46.2740182374 46.0067482967 45.0111030513 46.4037479147 45.4954852972 45.7418224792 45.4308803242 46.2960545041 45.1830937432 45.0567437186 45.7208976344 45.3033871266 45.5935168618 46.1182431363 45.5118033277 45.6115741841 46.197509286 45.9355119627 45.433475988 46.0160222549 45.5606495917 46.0631385788 45.0687267487 45.6089689385
0 0 0 0 0 0 0 0 0 0 0 0 0 0 0 0 0 0 0 45.6381744271 45.863679399 45.6551170331 45.9888863343 45.6652861959 45.351221367 45.6297391907 45.5214760069 46.3866288533 45.8473147967 45.2940886376 45.7836280404 46.2241651613 45.8436649781 45.3275777933 45.3648763691 45.9144256615 45.4709646842 45.8721179093 45.6219344936 45.9381073687 45.4424348806 45.3704302108 45.8186864608 46.0749300069 45.1710344875 46.1663263418 46.0431342196 45.3573932243 45.8731309787 46.0931021304 45.6742301587 45.5606998733 45.5517041634 45.3323902091 45.9597012884 45.109209412 45.0694071848
0 0 0 0 0 0 0 0 0 0 0 0 0 0 0 0 0 0 0 45.1648981439 45.9807621071 46.3772479644 45.9644297888 45.2673970575 45.8073788007 45.4016401878 46.2001428027 45.1633888663 45.2792993798 46.3458023034 46.2352573169 46.2339676903 45.599619026 46.4020356229 45.9294239009 45.5174100814 46.0857995557 45.8410609663 45.9828236286 45.3682264308 46.1837310556 45.1666611597 45.0974379986 46.1485563565 45.8317700074 45.6637106162 46.1385797017 73.1791729444 73.1791729444 73.1791729444 45.464740159 45.9854876466 45.9239435405 46.2392158487 45.8469228147 45.5207806054 45.9074799417
0 0 0 0 0 0 0 0 0 0 0 0 0 0 0 0 0 0 0 0 45.1535496135 45.4223474584 45.2609708673 45.2032609278 45.9174816135 45.4479495951 45.8227141442 45.7006884065 46.2869884604 46.0060491134 46.1481402519 46.1355311501 45.8478265508 45.1094594312 45.1319872809 46.0394718966 45.4672982013 45.4992149497 45.583155691 45.0810439645 45.038070304 45.9107613728 45.8460330224 45.2395876154 45.7400496225 45.2793744004 45.6827584654 46.3517223988 73.1791729444 45.7050344708 46.401016778 45.3873714805 46.2192929117 45.3346998277 46.1968203367 45.4239028056 45.4340777373
0 0 0 0 0 0 0 0 0 0 0 0 0 0 0 0 0 0 0 0 0 0 45.8623034956 45.0389043437 45.9529412271 45.6124600165 45.1863352206 46.3348858982 45.1641434433 45.7474770401 46.321037705 46.2132287987 45.251089142 45.4935257976 46.1790126106 46.1373631441 46.1854883902 46.0322492457 46.4000702302 45.7805152467 46.3306671981 45.9422371074 45.6718688692 45.93156595 46.3167062054 45.4907245522 46.2409829381 46.0229247906 73.3162065565 73.3162065565 45.0454797291 45.1808550401 45.4943537863 45.4871363989 45.8902133581 45.0611295394 45.1097212886
0 0 0 0 0 0 0 0 0 0 0 0 0 0 0 0 0 0 0 0 0 0 45.6882333117 46.3745635108 46.0548102586 46.3806508486 45.7217850488 45.0398471842 45.7428004098 46.1243337794 46.3161830029 45.2150238182 45.799915013 45.4719627379 45.8193350682 45.5513844862 45.1539442404 45.1342428921 45.9057646703 45.6622337968 45.6854276773 45.8398886552 45.3740706087 45.2742058358 46.0123252078 46.3919865697 46.0488038328 45.0722996096 65.5197081629 65.5197081629 46.2849216998 46.3535865182 45.8901068301 45.1230568326 45.8310281494 45.7849000197 45.1181906189
0 0 0 0 0 0 0 0 0 0 0 0 0 0 0 0 0 0 0 0 0 45.1687541898 46.2297634829 46.3228709237 46.0196193923 46.0898346815 45.3128894844 45.3196269454 45.6297072509 46.0125176803 45.8316509264 45.5495711037 45.4846482914 46.3360940101 45.1122419145 46.0217426592 45.3102697592 45.5093478511 45.0055315123 46.4023383646 45.1365869542 45.1369933805 45.694858274 45.0992079961 46.0117152056 46.3480861166 45.9841580066 65.5197081629 65.5197081629 75.1862045924 45.7858784099 69.8710635131 45.3215293804 46.1042396015 45.4362086508 45.2006439675 46.0682362949
0 0 0 0 0 0 0 0 0 0 0 0 0 0 0 0 0 0 0 0 46.3583456785 45.3594802495 46.0334873604 45.3701046526 45.2339070421 46.4098792967 46.2213922548 45.2030453958 45.6889250895 46.0772510251 45.5389589568 46.0256075095 46.1223543597 45.3237165689 45.057581654 45.2627845049 45.8640066358 45.1375211764 45.4695500267 46.3429515795 45.9933355975 45.7009417361 46.339344115 45.21070574 45.1610781464 75.7735476179 89.6532375358 69.9804962157 68.4469428917 55.2510406907 55.2510406907 69.8710635131 46.2206538646 59.2373675518 66.2078811757 45.0966511322 46.3431084448
0 0 0 0 0 0 0 0 0 0 0 0 0 0 0 0 0 0 0 45.5587495981 45.2917206477 45.9545927666 45.1333382649 45.132125153 46.2413391636 45.5053982462 46.1534027126 45.2760769881 46.3350245751 45.7276720843 46.016252948 46.0385040072 46.2882358342 45.0534231288 46.0621759587 45.7281602824 45.9460941755 45.9656716266 45.0519536774 45.8550010939 45.6466268051 45.926985688 62.9852628556 45.5490769415 46.3009861437 89.6532375358 89.6532375358 69.9804962157 68.4469428917 55.2510406907 55.2510406907 63.445860061 46.0483095334 45.6476609471 45.7632514394 45.7024943561 78.4284987808
0 0 0 0 0 0 0 0 0 0 0 0 0 0 0 0 0 0 0 0 45.3105003005 45.1549082977 45.3865237545 46.2503363563 45.2944684073 46.167435586 46.2660282458 45.7340661196 45.5539434882 45.0702726452 46.2278424643 45.4956699004 45.026207428 45.2664355921 45.6136562646 45.897889544 45.3317129863 46.0071268921 45.9915959389 45.3500354541 46.0514144213 45.2053011936 45.834139173 45.5872265028 45.2508671141 46.0920196109 89.6532375358 75.6260910544 75.6260910544 75.6260910544 55.2510406907 45.1355039357 45.6741531754 45.7877671163 45.7623738639 45.0308858294 45.5459648211
0 0 0 0 0 0 0 0 0 0 0 0 0 0 0 0 0 0 0 0 0 45.8026306476 45.7099589087 45.8719869744 46.131278681 46.0682685031 46.4026457445 45.0330712199 45.036184871 46.0789111772 45.6698194873 45.8246515142 45.387969074 45.4229832452 45.8075351843 45.3901996735 45.1257691869 45.4942904684 45.6803268098 45.830264142 45.1371845163 45.171447122 45.3728602785 46.035671446 45.6298496416 45.1937355592 45.5191098761 46.0027374964 45.8580031318 75.6260910544 46.2203926859 46.241869593 46.3566160977 45.6115084438 45.9741717097 45.0777555464 45.565876475
0 0 0 0 0 0 0 0 0 0 0 0 0 0 0 0 0 0 0 0 0 0 0 45.7417330845 45.060423574 45.7061119389 45.7280726657 46.0200543849 46.0142003185 46.0200788866 46.3268663753 45.5041612164 46.1409696211 45.9435519162 46.0208797712 45.2288117226 45.7085209664 46.233114216 46.0299628636 45.149443597 46.4064969956 46.017448538 45.7046231433 46.2563694254 45.8855143344 45.9966261277 45.7265814622 46.2919463419 77.9974974592 77.9974974592 77.9974974592 45.3843170565 45.8731597277 46.1924768918 45.0595775475 45.6043312822 46.2447313081
0 0 0 0 0 0 0 0 0 0 0 0 0 0 0 0 0 0 0 0 0 0 0 0 0 45.5489066973 45.7815758955 45.0056371797 45.866637688 45.8949194792 45.668116462 46.121892753 45.0117251771 46.3275611115 45.3406455301 45.7285078737 45.760723822 45.4959491923 46.0710764771 45.3803730663 45.841566277 46.0182659995 45.7026864696 45.7282725938 45.5752547203 45.4987942096 45.7246500004 46.2483993114 45.1154795895 77.9974974592 46.1229587354 45.2935946097 46.0864850997 46.1860057409 45.5329435815 45.566220752 45.0668653247
0 0 0 0 0 0 0 0 0 0 0 0 0 0 0 0 0 0 0 0 0 0 0 0 0 0 46.3386320751 46.2820096818 45.4468060479 45.8405440023 45.7777957477 45.6465777371 45.2086646773 45.2378513497 45.8032746122 46.2019726406 45.9689167691 45.2768136867 45.2208735907 45.4256345398 45.4555097267 45.4342100624 45.7254489002 45.3103292615 45.0269520963 45.5928092303 45.7981877085 46.2812194616 46.1261465927 45.7503046451 46.1267951397 45.5587042449 46.3114547131 45.3078944981 46.0839076387 46.0649625895 45.8853027709
