Spatial_Output/DEC/DEC_0005.asc
NCOLS 155
NROWS 192
XLLCORNER 196307.867259
YLLCORNER 449144.565805
CELLSIZE 33.573938
NODATA_VALUE NaN
[rows 52 to 77 of 192, columns 57 to 113 of 155]
45.3774877581 46.0203106371 45.8407951671 45.3580605516 45.7959276526 46.0381891009 45.3923040844 45.0675511796 45.7628252593 46.3048081057 45.2215749474 45.9631254754 46.2148314084 46.1830094314 45.2415911939 45.2965103106 45.6155579481 46.1177390686 45.5974141501 46.0821126206 45.2751490248 46.2123485814 45.3496067019 46.0015948931 45.2601947124 46.0697916523 45.7125424514 45.7210657704 45.5230720525 45.8504616741 45.965059784 45.9013263406 46.2981156444 45.474844171 45.7047380258 46.2102413873 46.1187509363 45.4932354384 46.1389657035 45.8066803662 46.4038040363 46.3679974961 46.2922689522 45.374474441 45.2704629094 45.3809479934 45.7468276306 45.1570969124 45.1144245099 45.9002229728 46.3291386432 33.2472858772 33.2472858772 33.2472858772 45.3533284106 45.8045837294 64.5076440324
45.2023579675 46.2020452468 45.5169965505 46.2962548918 45.0192400791 46.2074895318 46.1220218977 46.3606972459 45.6975052468 45.681304842 45.1501892665 45.5090476183 46.0439488096 46.2042635505 45.4289541124 46.0341214774 45.5033180635 45.7080009921 46.0509670677 45.0817666575 45.9366201599 46.1451202565 46.1376613292 46.1813065845 45.0487423697 45.5190317892 45.7925232503 45.8540772031 45.2448622815 45.2300997044 45.0105102077 45.3635281915 45.2388901336 45.8116936927 45.7871285944 45.0605965958 45.3327163886 46.1664143691 45.2443462934 45.0105140323 45.0524714009 45.2839032104 45.5917633131 45.9403965937 45.9950631929 45.47213214 45.8552198338 46.1274819871 45.3086191112 60.9501999657 60.9501999657 60.9501999657 33.2472858772 33.2472858772 45.4464934814 45.6078007396 64.5076440324
46.0298087257 45.7707694349 45.6386580299 45.9634877411 45.783998323 46.3191731564 45.4289990938 46.3680456097 46.4057528253 45.3846520688 45.5528593362 45.9325812185 45.9927074017 45.0598691139 46.2810531626 45.2484296452 46.3789793995 46.1104768908 46.2787860718 45.360402946 45.824584878 46.3183490441 45.1504113159 45.9984752957 45.5531149884 45.3551175062 46.0627359404 45.4569634742 46.3706055479 45.0731458049 46.01610738 46.0223667964 45.7675881236 45.8470970934 45.0105091616 45.8628532226 45.7366188608 45.527798053 46.3891673271 46.3346678655 45.2518564903 45.5965505988 46.3223753613 45.9632695671 45.8124472285 46.3762845951 45.4638389619 45.3161591919 77.9850824667 77.9850824667 60.9501999657 60.9501999657 45.9509265765 46.1170693571 45.4057823163 45.9943288831 45.878791492
45.9565021424 45.9531294762 46.0892642075 45.1762655232 45.5236686872 45.3695125031 45.2527638136 45.4589654789 46.1810276599 46.0880045867 46.0680209609 45.2201153142 46.4016055477 45.8756276058 45.2876368869 46.3067582291 45.9342361709 46.0812209579 45.5638132056 45.3063594702 45.1208061989 45.4240921173 46.0437179327 45.4860748486 46.2101944481 46.3747817414 45.2030225295 45.0789752444 46.1495166879 45.1797081825 45.7309905891 45.154605772 45.4985734952 46.148100994 45.5008558968 45.102899222 45.2322186833 46.3497114374 46.260855761 45.3531013419 45.2339267671 46.390747693 45.7026913851 45.0999838268 45.2436979916 45.167557951 45.9240762705 46.1468003115 45.5396157475 77.9850824667 77.9850824667 60.9501999657 46.3562513056 45.1638058545 45.1336404845 46.1661803437 46.3217723514
46.1598854474 45.6331781975 45.3754084788 45.4577439769 45.1731017053 45.3404049466 45.4506281318 45.9501781295 45.2336483032 46.2260448199 45.90056117 45.0023017574 45.8333814105 45.5995388955 46.081355579 45.8417917753 45.7425816585 45.2477455999 45.1232409866 45.1138207424 46.1308471996 46.341941426 46.3467755959 46.316204651 45.53634616 45.9802679269 46.148421473 45.3975731763 46.2806912555 45.2535293415 46.0483786668 46.1366607403 45.2843800367 45.1576982265 45.9534785791 46.1363476698 45.5903859445 46.1102009732 45.2684404186 45.8149622834 45.3005898133 46.330328534 46.3174117046 45.9771178194 45.2061487824 45.9188418815 45.779186972 45.3692818156 46.0787866417 45.3773330592 77.9850824667 45.029666079 46.2785272183 45.414325332 45.5781658353 45.3477391597 46.120419346
45.3521369406 46.1931111562 45.1181132049 45.1819941752 45.2611158365 45.3099431163 45.0664023712 45.7347979549 45.8495455506 45.6324184111 46.2323486781 46.2341067293 45.4643542347 45.5773460412 45.9275563108 45.1687419091 45.2302510495 45.2250946891 46.1020517113 46.0542970153 46.1424166015 46.1771542838 45.5377863485 46.2582208112 45.7458313195 45.5612284056 45.7331186233 46.1199642313 45.0992694531 45.2715586081 45.375730411 46.2413265399 45.8361863734 45.8281017887 45.6310224409 45.6746503869 45.0074302568 45.287427094 45.8174619246 45.7109414948 46.1738293693 45.5928224685 46.1676611807 45.5635865088 46.4109359127 45.1839561769 45.051994555 45.3647496603 45.6326766134 46.1379254512 45.8029255946 45.3794003845 45.2656540286 45.7012291038 45.4423316821 46.1006263374 46.1680799444
46.0230954737 46.3855563713 45.2514340271 45.0895897018 45.5619073155 45.8554956746 46.0727274127 45.7798371942 46.3061115318 46.2294743385 45.3639451896 46.1384252258 46.152098048 45.7532743812 45.2214560687 45.1626738896 45.0196232008 45.7067973494 45.9115255038 45.980809311 45.5441376055 45.9460843642 46.3154006049 45.4204489298 46.4038277908 46.1038368363 45.7557900146 45.3608462457 46.3458521533 45.5641361972 45.0503474367 45.0918902121 45.5902761269 45.4279141274 45.4379643392 45.9315754446 45.6714603516 46.2084525033 45.6137896693 45.941928511 45.4745270817 45.4910102859 45.5099841806 45.6940530226 45.0767642365 45.2938058807 45.9727242128 46.1462816691 45.9807566154 45.7984885021 45.3632133283 45.8964889349 45.7108709489 45.7199177699 45.1123340394 45.3235835771 46.3058103389
45.4639558247 45.2322678303 46.1606343394 45.0976498675 45.0453974728 45.1557263694 45.1120395872 45.2663398989 45.2324060114 45.87029985 45.8262692431 46.0988026787 45.2642174599 45.357169411 45.745411786 46.3031538354 45.5379552914 46.3004593482 45.5008382917 45.7221725729 45.1736746265 46.3233511264 45.3798668247 46.1422985383 45.0786220641 45.9180606394 46.3981860522 46.1219416528 45.8144634517 45.5125571181 45.9301743647 46.1755653247 45.9108017245 45.3026942206 45.4525210259 46.0823989648 46.297510179 45.7383008859 46.397497989 45.9776484004 45.7241366072 45.0693660172 45.235048065 45.9560808509 46.1745307722 46.1777888287 71.0777285508 45.5196195301 45.8765446305 46.2880754448 45.1001127802 45.1688782681 45.3030442534 45.453974427 45.5922850254 45.1409913683 46.1152167654
89.8120204838 89.8120204838 89.8120204838 45.9270964494 45.0014273064 45.6958541385 45.0835101267 45.7628438074 46.2958862112 45.0182265525 45.6648973851 45.8383749429 45.9209541906 45.7664266647 46.1090270397 45.6123173133 45.7106240534 45.6585224116 45.6081837301 45.4330816596 46.0674069344 45.6256761804 45.4593915547 45.1618887997 45.8172624107 45.6151945067 45.9252987799 46.2944927008 46.2843112626 45.5991936773 45.6903757639 45.578020754 46.1399930212 45.6946476709 45.9972529126 45.0304210694 46.1645041472 46.411851797 45.4346010117 46.2557241312 45.5044873754 45.2435498106 45.3543671705 45.9906611109 71.0924540427 71.0924540427 45.5125801685 45.0064288025 45.5812608612 45.1935885916 45.7091141586 45.8284456631 46.1605509404 45.6318448107 45.7613707056 45.1184533407 46.3026803271
89.8120204838 58.7201220181 45.5747803461 45.70287307 45.5950001406 45.3457068754 45.7075778785 46.2357808943 45.310914825 45.4958761586 45.8052576654 45.7861874595 45.8396466819 45.5397533825 45.6546041362 46.2369164735 45.5554868976 45.3421834356 46.2323221331 46.4070856099 45.8394352711 45.7552514617 45.3180413083 46.1843586587 45.5929279697 45.3783053293 45.6491600533 45.3432565544 46.0514649364 45.3701348216 45.5199083804 45.6989955292 45.9391710149 46.1151444088 46.3744203365 45.253790049 45.9873517611 46.216000614 46.249835134 45.4089477787 45.8961818238 46.0152744006 45.3305876978 70.4412208967 70.4412208967 71.0924540427 45.7570743286 45.8448854008 45.6603058517 45.1691058847 45.1340425753 45.3880860601 46.0697776494 45.7026593982 45.8349907111 45.4105568778 45.9845401519
45.9574144412 46.3888955961 46.2901209823 45.5356725799 46.0966110417 45.2543027399 45.3868034118 45.7546673819 45.5872502189 45.7068140675 45.2504425948 45.1086091996 86.503233841 86.503233841 46.2478233824 46.2515537738 46.1605454822 45.66124597 45.1368305863 46.0444629947 46.2840501124 45.7281983116 45.8261076989 45.1674308548 46.2184167819 46.3388339305 46.388469507 46.3919371959 45.3804903946 45.2853710923 45.8914174028 45.9313675246 45.2820087672 45.1410908428 45.0699572202 45.1799681972 45.6239405565 46.0271815632 45.6569061458 45.9301027034 46.3649795954 45.4208883269 92.9804774749 92.9804774749 45.8003969888 45.3282007776 45.3610663724 45.4166908728 45.2683890506 45.9797070089 46.0300174277 46.0302639054 45.5102530551 45.1588453211 45.7392679969 45.7911381345 45.8627601626
33.6963513317 46.0042297165 45.8185386181 45.4405375383 45.7163179394 46.3043438063 45.1359407316 46.3807200408 46.3689264738 46.2963413958 45.8740601779 45.7214253044 46.1547871546 77.9502309549 46.1822494068 45.1130915285 46.3258115856 45.2533747575 46.0283850255 45.5916406912 45.2068432248 45.757117347 45.0086714452 45.5541485898 45.0110605466 46.3501247963 45.671014826 45.7130796465 45.0886606524 45.964294645 45.3315799223 45.9220890277 45.4570899362 46.2637724042 45.2217478661 46.2140863424 45.9527711893 45.9802929133 46.1009689683 45.0959178082 46.113024678 45.3410750535 92.9804774749 92.9804774749 45.4815822001 45.7117881848 45.0706779126 45.1363719829 45.3161479728 46.0951056666 45.8288265331 45.389593386 45.3612041376 45.7632192766 46.2362838975 45.1074160442 46.3850309187
33.6963513317 45.5073179082 46.3923630581 45.8167815094 45.486015177 45.5588290296 46.0656089165 46.3305599607 45.0326357207 45.2039032877 45.4477849928 45.6698331183 77.9502309549 77.9502309549 77.9502309549 46.1575245324 45.5291120713 45.4612733416 45.1567962273 46.3669665477 45.7374787731 45.7290091505 45.0279180873 46.2097332599 45.9371242275 46.2756617129 45.3152591977 45.1950662061 46.2462283259 45.1512021456 46.3426340949 45.1333149424 46.3771295934 46.3678786136 46.111865643 46.084576305 45.4089027276 45.3660483505 46.0252692333 46.2362398388 45.3035589029 46.2303841331 55.4230267503 92.9804774749 50.3639912545 46.409824676 45.7336459214 45.7634886807 45.6049665346 45.255241671 45.095204076 45.1827519064 46.0668804014 45.1458379896 45.678567263 46.061810846 45.6707319673
33.6963513317 33.6963513317 45.3916651182 45.3436182414 46.1257303482 45.2628515131 46.3069453792 46.3495018979 46.2682273774 45.6808563273 45.6217214731 45.5765303044 45.2264586981 49.2003887917 45.4252167884 46.1525359929 45.4716681824 45.5538279814 46.2389315789 45.6961579761 45.6831721256 46.0222071641 45.3805712908 45.3079231174 46.0223450662 45.8449960648 45.1529174671 46.1012555912 46.1636428241 45.2673237029 45.1205160825 45.0213216537 45.5301649637 46.4046040206 46.4091375901 45.5123092003 46.1889298071 45.3593074399 45.6164134785 46.1938742538 45.6923052882 45.8158672075 50.3639912545 50.3639912545 50.3639912545 45.4316288357 45.14684826 45.6634527229 45.4139710685 46.0961231751 45.3848743482 45.580512215 45.5581748859 45.8634809843 45.1113262389 46.2845527779 46.1257810675
45.1595815631 46.2688898086 45.6611302741 46.1965052656 45.2895504451 45.7032627856 45.6107139896 45.2226692807 45.8267394614 45.1834320447 45.8943533366 45.4380241769 45.4514050231 45.8277623879 46.087169969 45.0796410826 45.7902918367 45.4652759238 45.9406028459 45.2903830347 45.588657798 45.817020149 46.1603888327 45.7808903516 45.75084652 46.3807134961 45.5525247546 46.3287561257 45.7075713198 46.3843073288 45.8442611751 45.9007554556 45.5898562479 45.7041293079 45.2337790166 46.2927499987 46.4042981506 45.7858605444 45.7587289609 45.3787337919 45.0162159226 46.3474829564 45.6997784759 46.3103225962 45.139958353 45.8982295006 45.1207489234 46.1337530169 45.2332909919 45.4909419255 46.2782777878 45.5280688279 45.8906866771 46.0894630058 46.3648555232 45.0818236269 45.8707127196
45.1097586837 45.7898090087 45.7513635911 46.1526113352 45.5913294702 45.2753460609 46.3239168004 45.4036230622 55.5833868469 45.3493158857 45.0916395649 46.0490600775 46.3478908599 46.1753158133 62.006281449 62.006281449 45.674987002 95.5431427738 95.5431427738 95.5431427738 46.1156508317 45.7671756653 45.7531107773 45.655580886 45.1631767284 45.6691263088 46.0401577453 45.7527585752 46.140280509 45.2410588469 46.3406780139 46.2973004645 45.0841739616 45.250919418 46.4137924441 45.3408082936 45.4143263501 45.8341405581 45.1698027707 45.3653529079 46.1859724774 45.3008518791 46.0850474375 73.4293119234 73.4293119234 45.0518198801 45.0386589719 46.0526473254 45.9262514973 45.1967649567 45.9896312165 45.1023457002 45.8174319488 45.1430874634 46.3133720128 45.1684762158 45.1349180974
45.4137282155 45.2515266455 45.7335498581 45.8543521908 45.2318893403 45.2109240723 45.5189280404 45.3031661349 45.9222270868 45.9504041209 45.9739192988 45.3588619108 45.7431231002 45.5408023611 62.006281449 62.006281449 62.006281449 64.3177357395 95.5431427738 45.2296290232 46.3565487359 45.1700473076 45.5714150183 45.9266657067 46.385592363 45.3089125031 46.3277026504 45.4051197067 46.1322787809 46.2257958307 45.7469773818 45.3014249034 45.9599246429 45.1729318753 45.605295234 45.1926668063 45.6995601044 45.0094642622 45.9521879544 46.0238404846 45.2528821618 45.0983529362 45.3735214778 46.087095799 45.5613460462 45.8619456262 45.9179557595 46.3498520738 45.3229293947 46.333284004 46.4028853459 46.0986723819 45.4875979454 45.7661911592 45.2154794577 45.9915668777 45.0543954058
45.8456046522 45.7509886104 45.3631721515 46.0001038213 45.8846494938 46.0928242588 45.847673264 45.6815069838 45.1559818364 46.0057106424 45.6232360745 45.9521099893 46.0511463577 45.2855414231 45.0142091553 62.006281449 45.726089709 45.7384484284 45.7633391096 45.2564676452 45.1350977776 45.2263899399 45.5416079593 45.6145591613 46.2264436926 45.7164922831 45.5757124041 45.3498196935 45.754819315 45.3547102659 45.3505260944 46.3205635955 46.2835612396 45.8316832767 45.0255671616 45.0270878048 45.3738831783 45.0925299774 45.4624600025 46.3601354322 45.6545915364 45.460514089 45.2920683862 46.2871382366 73.6406037347 45.0053142333 45.8325671056 45.3307615653 46.339894588 45.9447533026 45.0256360099 45.5519127499 46.1191297814 46.3247637141 46.1358525869 46.1258332144 45.3915419428
45.7550628996 46.0474120911 46.4040872384 45.3103968137 46.3624647843 45.4318618717 45.8700377306 45.8089695024 46.335140191 45.5065588392 46.1625786586 46.3627474185 45.1120244646 45.4762955747 71.6767153783 71.6767153783 45.9413458366 45.6619839662 45.6358212448 45.2462992504 45.909937002 46.1175096587 46.2427137824 45.5912978606 45.5665933075 45.078290304 45.1002175262 45.7800069892 45.6924917545 46.2739868481 45.6574972774 46.0994565566 46.2084196195 45.1897213283 46.2517557981 46.0013900294 45.6889338566 46.4079302774 46.0556895271 46.3335754881 46.1511296143 45.1757549607 46.3159446081 46.2314016345 73.6406037347 46.1156040535 45.120634212 46.1251577524 46.0492130612 46.2134409005 45.1466300234 46.2878548615 45.5645158331 45.3573619764 46.1208056724 46.3796251381 45.9336309928
62.0177896174 45.6871497487 45.3882099351 45.4530833132 45.2475883749 45.1548888089 45.7886313028 45.3498056073 46.3420342117 45.5360516843 45.5358163222 45.8837147898 45.0375404976 71.6767153783 71.6767153783 71.6767153783 46.0390960696 46.2614977124 45.4749913589 46.05298877 46.1753079027 45.7078745544 45.0450003853 45.678877824 46.0071624821 45.0996098846 45.9584750381 45.8078270319 45.9663078574 46.0857127987 46.1349342678 46.2867421761 45.9633112038 45.2537020109 45.116391047 46.3361463605 45.2035301768 45.5667819155 46.1409797626 45.4047212009 45.2364332969 46.338763749 45.2015196857 73.6406037347 73.6406037347 45.8878688933 45.1802712094 45.926066662 46.0277657324 45.2344152781 45.7164883995 45.5115458954 45.418161703 46.1297139874 45.6670676329 45.1090983018 45.353988752
45.7750047924 46.1019074368 45.7225616446 45.3279411328 46.3295685546 45.7250409439 45.9668872067 46.3296749575 46.407819843 45.0208966014 46.1645063535 46.3050647691 46.0096066082 45.1502084362 46.3990923671 45.6210685844 45.0509701519 45.3644605209 45.1431153553 46.2762620117 46.3379437038 45.75717305 45.5494401036 45.5750765091 46.3145876668 45.3052747327 46.1228428617 45.6995134476 45.7739108833 46.3076282243 45.6136250975 45.7747698168 46.033361237 45.8807008191 46.394944221 45.2305632027 45.3373605314 46.1258231041 46.1093059778 45.3738368049 46.251376475 45.051212453 45.9231441491 45.0978122529 46.4080139095 46.2910967109 46.3204819513 46.0391224732 46.3731296109 45.6711301813 45.2512999707 46.001909038 46.2717726662 46.0534971751 46.1228394985 45.6562671425 46.2448448865
45.698850764 45.5637051724 46.1287794646 45.8521199876 45.8889758676 45.8859455146 45.8808279343 45.4331608781 45.3630459094 45.0903451047 45.5865855941 45.1680700955 45.3209612382 45.938733997 45.4468141111 45.3039446137 78.6184061926 45.1524908399 46.1119053202 83.2144814585 45.789049891 45.451584667 46.3795493433 45.1740656185 45.9189676377 45.3848857893 45.0562881185 45.438817435 46.0730690584 45.7523613381 46.3551580869 46.0235899554 45.9892607334 46.2352725145 45.7170247784 45.2041362863 33.0744816274 45.3942441337 46.2620541538 46.2634786552 45.3730855871 46.2733927577 46.363895527 45.0141525314 73.01471121 73.01471121 73.01471121 45.3613733556 45.3427706581 45.7592354532 46.3292841794 45.9755144159 45.8685854904 46.4140802907 45.2791472742 45.3942538926 45.7716909441
45.0771835548 45.848292895 46.1759249659 45.9235282773 45.1787008419 45.3495553775 45.8969337582 45.2036856017 46.0719096312 45.3130083887 45.4720303783 45.2234305244 46.0581872025 45.6033624536 45.543101989 45.1800483414 78.6184061926 46.1828168148 45.2522792496 83.2144814585 45.7810070979 45.3036389209 45.5452630156 45.4176410044 46.0978237465 45.7490910931 45.9125261122 45.2832251972 45.6990148431 60.5275474804 46.1187199043 46.1323795611 46.3743869682 46.3049329026 45.0844014249 45.1871367454 33.0744816274 33.0744816274 65.9818045872 46.1260858014 45.7993408471 45.2998746611 45.1263216009 45.3004125492 73.01471121 73.01471121 45.3074604372 46.2993132524 45.709946276 46.1268536861 45.2573511101 45.6015005561 45.3802595836 45.888939494 46.4052838698 45.1479421832 45.2888685594
46.3952346808 45.6283217972 46.396021229 46.3238050371 46.3275158505 46.280416713 45.2621844118 55.4347670995 55.4347670995 45.0201333133 45.5133613688 45.5127875543 45.3622787534 45.5759011598 46.1249836578 46.3142730441 45.9024673532 46.0239885385 46.1317215814 46.3695523604 45.8870862149 94.4062138274 45.1901923516 45.9906170733 46.3558861624 46.2554136611 46.0752941805 45.0446356919 46.2443642725 45.8293867804 45.2131839651 45.2866839236 45.8288758224 45.2397923413 46.073376021 33.0744816274 33.0744816274 65.9818045872 65.9818045872 33.1238201092 45.8302961624 45.0496318188 46.3591085633 45.1911011093 75.0055837721 75.0055837721 75.0055837721 46.0704576609 45.3719859332 45.331248645 46.0581376401 46.3170190472 45.0993424729 45.4061150233 46.3412650005 45.2947079528 46.317267959
46.1493471869 45.7599464576 45.4820317261 45.8866820004 45.2198749954 45.9207274013 55.4347670995 55.4347670995 46.308610291 45.50516638 46.3724149903 45.1806933678 45.6863469482 45.625651648 46.1297137126 45.8579940539 32.8860420421 45.5083531184 45.3126972892 45.3527364217 45.9221833179 45.5288972555 45.4167447325 45.9834359418 45.8976425089 45.7187703722 46.0073188811 46.2911966117 45.6253958445 46.010732239 46.0632386577 46.0611556061 46.169782589 45.6636869592 45.6479050429 46.2369910557 46.3298161765 45.4031062208 45.590956227 33.1238201092 66.3864403885 45.1389807972 45.2864777657 45.1250906612 46.3980156891 45.2694737897 45.7638588913 46.1815116392 45.0054086378 46.1406840546 45.6335897276 45.8059304113 46.1173347873 45.3813713801 45.7959406891 45.6865326086 46.233090185
46.3990688119 45.3590912535 46.2753458322 45.737531049 45.3059921895 46.151185296 46.1834271218 55.4347670995 46.2703681895 45.6611294039 45.9468326843 45.529413955 45.1133034916 45.4844575422 45.7273961302 45.9271358787 45.9337135824 32.8860420421 45.4528507104 46.3959120189 45.5456613513 45.0910419094 45.0693241969 46.3489939388 46.1237660519 45.4671385472 45.0538726429 45.134420369 45.0946965643 45.1061055963 45.7131043831 45.9562441171 45.0638612823 45.0459059163 45.3833542692 45.5766060632 46.3130561214 45.3610966004 45.8670404405 46.1231216763 45.6703660113 45.6282706505 46.0196103973 45.9941491189 45.1282057628 45.2546390195 45.1209208321 45.7181584242 46.0777302322 46.0262797721 46.1019216646 45.5053247087 45.3634470601 45.9404360394 45.4307373849 89.9506888103 45.2148869868
