Spatial_Output/DEC/DEC_0054.asc
NCOLS 155
NROWS 192
XLLCORNER 196307.867259
YLLCORNER 449144.565805
CELLSIZE 33.573938
NODATA_VALUE NaN
[rows 78 to 103 of 192, columns 0 to 56 of 155]
0 0 0 0 0 0 0 0 0 0 0 0 0 45.3633839601 45.9957270616 46.2776019513 46.3764657062 45.3847186204 45.6514935978 46.0786958014 45.0182940066 46.0695613316 46.2600919734 45.4272648445 46.1272785935 45.2743381723 45.1101693078 46.376831649 46.0614503309 45.3075038828 45.2692003315 45.7969597384 45.2068759109 46.2893957845 46.3878404965 45.4848871094 80.3726369282 80.3726369282 45.1637369944 45.5523276118 45.5601791771 46.4022325062 45.8810620201 45.2289721157 45.3169559259 45.6650338372 46.130086411 45.1369888881 66.7804819902 45.8587218223 65.4525109155 80.488846555 66.7756379572 45.0791816834 67.4730109349 67.9869200306 45.6257344554
0 0 0 0 0 0 0 0 0 0 0 0 0 45.4091088635 45.2291625996 45.2982716107 46.2460183948 46.2052338739 45.2831388978 46.3781258873 45.7020188458 45.0003505563 46.1179323221 45.5777361734 45.4591911974 46.0439800489 45.1572346755 46.1470456432 45.7223547982 46.3224829376 45.3444012766 46.1669493554 45.8515328143 45.3237485999 45.4658422121 45.1769530462 45.672875347 80.3726369282 45.4558806723 45.8787849177 62.7172526129 45.6062925105 45.8157803106 46.3515241867 45.0614204871 63.9070913032 63.839938231 51.0885336665 66.7804819902 66.7804819902 70.6191206977 70.6191206977 66.7756379572 67.4730109349 67.9869200306 67.9869200306 45.5526510536
0 0 0 0 0 0 0 0 0 0 0 0 0 45.1363292946 45.1709903586 46.1205621609 45.7165900283 46.0599833111 45.1298743962 45.4994220065 45.879211201 45.4193448666 45.0176908185 45.2462167357 45.6435543998 46.1483116372 45.0100343819 45.9446728582 45.5757620676 45.6556052577 46.1702024405 45.6615859135 46.1332946936 45.1885574048 46.2821670968 45.5935023097 45.6642980279 60.5964527472 46.0847911638 45.3418479808 62.7172526129 45.6461550032 45.0431840419 45.8756258695 45.0041681594 63.839938231 63.839938231 51.0885336665 66.7804819902 66.7804819902 70.6191206977 70.6191206977 70.6191206977 67.4730109349 67.4730109349 67.9869200306 45.2333639263
0 0 0 0 0 0 0 0 0 0 0 0 0 0 45.3551016799 45.1451730915 46.3326048942 46.1528389683 45.6502033376 45.3937968435 45.3540849493 45.124527173 45.8978296222 45.3354764983 45.8360770304 45.1896382996 45.8475782075 46.2279748377 45.0392299515 45.8259630579 45.8159893444 45.1900702445 45.4563328713 45.8221878003 46.0013335668 45.1922117663 45.3283156179 45.9292729586 46.0510513032 45.0149259297 45.1930894662 45.6299096866 45.0242039109 45.7156434609 46.2416853653 46.0490376207 51.183563051 68.7942786396 66.7804819902 86.2251057597 45.223461341 45.3954883061 45.8191114754 45.1308106544 46.0076829831 45.6038668811 45.1490212407
0 0 0 0 0 0 0 0 0 0 0 0 0 0 45.9650224278 45.4557496286 46.0506077944 45.5754990222 46.3125558661 45.0023015255 45.0952294832 45.4482180883 45.2053141018 46.2206598237 46.2144069651 45.6283965611 45.1812970526 45.6917515166 45.00449454 45.5761677221 46.3542415069 46.3062868488 45.2891754868 45.3684214033 45.0166351604 45.645659991 45.744417853 45.3977972071 45.0482499447 46.3477334461 45.7624286409 46.3815744857 45.6681320557 45.0770373915 45.7685718334 45.1675663413 45.1579299791 55.6453279421 55.6453279421 55.6453279421 45.3352121808 45.328420765 45.5190365941 46.0784589599 46.2825211469 46.1889735157 46.3376831097
0 0 0 0 0 0 0 0 0 0 0 0 0 0 45.1026709201 45.7270897517 45.5923271025 45.6003075778 45.7392220474 45.2321835975 45.3682883091 45.9399498125 45.4303673191 46.3018960966 45.5452850702 45.9590682011 46.1894602888 46.3482459862 46.2818991234 45.1527637432 45.8027539717 45.6841288432 46.1167122115 45.7524520765 45.7669012315 45.5452863792 45.7706936202 45.8103027436 46.0275692803 46.24094016 45.2080721146 45.0959173847 46.2286809563 46.2561909053 46.0438784909 46.3007376835 46.3024282865 33.4881274249 55.6453279421 33.4881274249 73.3740365006 46.281632225 45.293624203 45.9836848122 46.1640378492 45.5858766275 45.2425677946
0 0 0 0 0 0 0 0 0 0 0 0 0 0 45.7994689863 46.2206954187 46.3874764469 45.2061139005 45.9810146924 45.8623334606 45.4419675655 45.6470610326 45.7797452856 45.117512219 45.879581368 46.0147437546 45.205732423 45.3237235737 46.0907319866 46.0108199998 45.2555658128 45.2901916473 45.6353511382 46.3226826314 45.1523374076 45.5490881814 45.3141281696 45.5053438204 45.4142347409 45.3509100112 45.0694426989 46.0015057204 46.388570952 46.0988065501 45.9160633801 45.6550445408 46.3531989062 59.6690335173 59.6690335173 59.6690335173 45.695247432 45.8521870961 45.1647957787 45.5398440059 45.6126913073 46.278860494 46.0112519847
0 0 0 0 0 0 0 0 0 0 0 0 0 0 45.9527879578 45.5863019685 46.2341297351 45.0393090986 45.5686407937 45.0638851736 45.8918036875 45.9713003855 45.7195074204 46.341118198 45.0436762748 45.6335191645 45.3843269371 46.1305974095 46.20130846 46.3342944059 46.2834317307 45.3557459432 45.197678834 46.4111081374 45.5050183701 46.3519142567 45.208226347 45.2805963702 46.1604028456 45.335416689 45.8258092011 45.5615704487 46.1674115717 45.4907738862 46.1643211155 45.4301077792 45.1269069705 59.6690335173 59.4134271498 64.6032296611 45.4953574832 45.8758189193 45.2953583013 45.6469501615 45.6188552797 45.3418271123 45.872989642
0 0 0 0 0 0 0 0 0 0 0 0 0 0 46.2283551483 45.4826678112 45.6058007104 45.5552471326 45.6473543952 46.3294426141 45.9705719778 45.2821802138 45.660933459 45.906967729 46.282854327 46.0322477032 45.5381893231 46.3024988304 45.3003850115 46.3002543895 45.0622320111 46.2168498275 45.0482623206 46.2222397057 45.5842735728 45.1975363705 45.9198865692 45.8290738312 45.6849904245 45.1798087124 45.2804672361 45.494910041 45.6481987778 45.4753831778 46.3149580566 45.2722317977 46.1011464922 59.4134271498 68.7753216393 59.4134271498 45.1443607772 46.293323161 46.1321081516 45.9102484329 45.3526295212 45.4679031891 45.0009422352
0 0 0 0 0 0 0 0 0 0 0 0 0 0 0 45.9259519438 45.2949553139 45.6959983096 46.1192201499 46.0884265641 45.7126917385 45.350568208 45.8629054771 45.4482793867 45.8506397974 45.567249224 45.1632466993 46.322741026 46.0907880965 46.092042797 46.3236451905 45.6643202718 46.2898784286 45.6810745763 45.1468659082 46.1399015523 45.7862578322 46.1647161983 46.3335812916 45.5624067758 46.1758283615 45.7159413915 46.1777986061 45.6352328383 46.3381030192 45.8813967684 45.4698566795 45.1662106202 68.7753216393 68.7753216393 45.0248558806 45.9372774827 45.4891227317 46.1695456856 45.7440111074 46.1959669957 45.5584627478
0 0 0 0 0 0 0 0 0 0 0 0 0 0 0 0 45.568819658 46.3189939372 46.3138670379 45.2204097847 45.1975197772 46.1147389159 46.3586188165 45.118495732 46.2155557838 45.867045688 45.4388253099 46.0869653492 46.0479706727 46.3920790227 45.3962101387 46.0190719991 46.2792778679 46.3015394402 46.0311794776 45.186033857 45.5966448777 45.1210015632 46.3297596701 45.6924296408 46.2199928224 45.0644914897 45.9368260538 45.936263745 45.4984145185 45.8894237702 45.2288621653 68.7753216393 68.7753216393 68.7753216393 45.2548940705 45.4796204034 45.122486832 45.0051422792 45.4273863716 46.3150732943 46.3480390618
0 0 0 0 0 0 0 0 0 0 0 0 0 0 0 0 0 45.207106293 46.2694843419 45.5573491417 45.0485339706 45.8481975819 45.9698947708 45.1501661514 45.5112960911 45.6163452269 45.04665654 46.3875787138 45.0159595351 45.7784639473 45.8867243885 45.9089681529 46.2049407065 45.9812714393 45.7140250682 46.3629615449 45.0120922715 46.2405629052 45.5137248645 46.2315115007 46.158421995 45.7348065762 45.6688674895 46.2600882524 45.5976678781 46.1917039241 45.8338788602 72.3122206826 72.3122206826 72.3122206826 45.7992920579 46.1332814824 46.2961324573 45.5148314952 45.4006193274 46.2215687303 45.1145881941
0 0 0 0 0 0 0 0 0 0 0 0 0 0 0 0 0 0 46.2843497215 45.634835993 45.0893308155 45.8721628037 46.3755195602 45.0798011521 45.4012413592 45.3007940884 45.8762397746 45.6128785519 45.4395990405 46.127446501 46.3929735934 45.8096465501 45.5543174458 45.4538882267 45.2183926147 46.3188792928 45.6761040499 46.0902250689 45.1714367588 46.2055153048 45.3242613107 45.468209623 46.3004308357 45.1918057499 45.0625773649 45.0100397533 45.6814246188 93.5107661329 93.5107661329 93.5107661329 45.4786165331 45.3910805228 45.3732306148 45.8699324327 45.3290733294 46.0127325603 46.1957594209
0 0 0 0 0 0 0 0 0 0 0 0 0 0 0 0 0 0 0 46.0608781118 45.5212506901 46.0830275369 46.0936903115 45.4332934861 46.2722970134 45.7513118444 45.5024680279 45.1459851161 46.4111861441 45.856092987 45.92381315 45.4240236266 45.7145764939 45.7932295131 45.3079793924 45.8309761963 45.4496244534 45.0735112926 46.2469193455 45.3479467762 46.345698591 45.2966625885 45.3974713461 45.9492891196 46.2308036587 45.3570077873 45.5702913997 72.6375041781 93.5107661329 72.6375041781 45.0090826506 45.6567957879 46.2684804346 45.1801066052 45.5707598306 45.7704277516 45.8944384615
0 0 0 0 0 0 0 0 0 0 0 0 0 0 0 0 0 0 0 46.2730217174 46.3910670104 46.4009505117 45.6104803174 45.5275152765 45.0035860413 45.9859197599 45.4668092721 45.0292581648 45.388056867 45.5270678619 46.218160817 45.0841717983 46.0512469394 45.8590525272 45.1605991744 46.2252941617 46.0948957576 45.0244326281 46.0288935954 45.2128878125 45.0156508456 45.9397925876 46.0615703547 45.1078533189 46.4062723335 45.0948627219 45.5145390113 46.3777454325 45.0434493377 45.1041326624 45.5110078289 46.1092441188 46.3768776528 45.7909178117 45.4688515998 46.2373930195 45.7394069654
0 0 0 0 0 0 0 0 0 0 0 0 0 0 0 0 0 0 0 0 46.0127434391 45.4464003492 45.4318630502 45.0937181188 45.0455975393 45.422802547 46.0944465686 46.3359014731 46.3506896912 45.9486843276 45.6273213454 45.9131512693 45.1587236445 46.2522011146 46.1512619858 45.5764663076 45.9178339067 45.8367557194 46.0963884677 46.3683770084 45.2185645567 45.4276111384 45.2160033987 46.0278903578 45.8266276066 46.1924087659 45.5587993188 45.4930459591 45.8885640501 45.7355218413 45.6852189107 45.4847774807 46.3855762098 45.2205601258 45.2678971557 46.34754505 45.2741627078
0 0 0 0 0 0 0 0 0 0 0 0 0 0 0 0 0 0 0 0 0 0 45.4794849187 46.1128580305 46.2972035846 45.1610129734 45.558880877 45.6271851701 46.1894193189 45.1584506032 45.4692013353 45.7624982178 46.0691657828 46.1697914468 45.7819490128 45.6808284082 45.134903122 46.0093616014 46.0403366699 46.2007730736 45.9834757302 45.716708913 46.0169379265 45.8830888368 45.4251388315 46.2889239871 45.5013288825 45.0105120968 45.3820788016 45.2079177188 45.3891319928 45.6638375769 45.2124917057 45.5932048982 45.2369226961 45.5281370561 45.9237098797
0 0 0 0 0 0 0 0 0 0 0 0 0 0 0 0 0 0 0 0 0 0 45.9191796616 45.6313693539 46.2553669448 45.0454328911 45.1381398805 46.0866630673 46.166684243 46.0825404983 45.095234623 46.1413705478 46.0387888714 46.1638970168 46.0980134408 45.787269768 45.3792049185 46.4063506838 45.9674023445 45.1988891567 45.4450357727 45.2131678607 46.1968537972 46.3247954434 45.9074217375 45.017713777 45.9630658937 55.9651018012 55.9651018012 55.9651018012 55.9651018012 45.2824518284 45.2011484799 46.1646871651 45.36876808 46.0969379276 45.7899619509
0 0 0 0 0 0 0 0 0 0 0 0 0 0 0 0 0 0 0 0 0 45.3339559373 45.0160517005 46.2028203707 45.6884155526 45.1003035047 46.0191874733 45.9566615029 45.5430561148 46.2734740137 46.3555047789 45.1401564932 45.6625829221 45.1639751359 45.3745408447 45.6207644601 45.1784122937 45.0349589953 45.1772032642 45.6984181174 45.8712363864 45.4421996187 45.7497477692 45.5623304792 45.9172807186 45.9436528953 45.3387339872 45.6889222777 55.9651018012 75.1092523973 45.5232805276 45.7388541684 46.2225542348 46.1065864993 46.1767921149 45.4908616248 46.1758280828
0 0 0 0 0 0 0 0 0 0 0 0 0 0 0 0 0 0 0 0 45.2209427004 46.2539217252 45.5020812631 45.3637891293 45.7256963244 45.9539840396 46.2616806098 45.531617545 45.477050312 46.2426967576 46.1134033015 45.4770342132 46.238990425 45.7174993268 45.7417744525 45.8067562771 45.1757009673 46.1901865402 45.6549383884 46.1604506362 45.2851472891 45.0857878329 45.2836558115 45.9890988287 45.8983486047 46.2487030317 45.2984474132 71.4455170041 71.4455170041 71.4455170041 75.1092523973 45.3491304975 45.6741561172 45.4364178821 45.1264463001 45.833012046 45.8002824951
0 0 0 0 0 0 0 0 0 0 0 0 0 0 0 0 0 0 0 45.0565197738 45.9891958819 45.0046081488 46.1988621081 46.1077312911 46.306124341 46.157168531 45.6597122235 45.0483727468 46.1876857409 45.8999982828 45.3453296915 45.8983035426 45.4884213162 46.3312371491 46.3310067551 46.3384800924 45.940320088 45.8453664661 45.8921475296 45.1154130697 46.1730861829 45.020853638 45.1618925768 45.801834371 45.4004284742 45.1834168521 46.0727401062 45.5065203252 71.4455170041 71.4455170041 46.2837100931 46.215026754 45.668624832 45.7313470425 46.1197919759 46.2518702725 45.7598856331
0 0 0 0 0 0 0 0 0 0 0 0 0 0 0 0 0 0 0 0 45.0786470357 46.4125082853 45.4146880988 46.0994919737 45.3605113016 45.5516950495 45.6621344622 46.0421187324 45.4611008211 45.0164083927 45.8831473894 45.12496154 45.5015651781 45.5435922579 46.1579574233 46.1036479232 46.3306298532 45.8292016569 45.4103648562 46.0718060164 45.2147073876 45.5911158562 45.2968952955 46.3955347671 45.1062569125 45.2269908651 45.0537984886 45.4733833823 45.5052439287 54.0396658156 45.4365950908 45.1810172183 45.7542508386 46.3201706366 45.1496974605 46.2227837966 45.5335257456
0 0 0 0 0 0 0 0 0 0 0 0 0 0 0 0 0 0 0 0 0 45.5054756275 46.2383570237 45.9261037372 45.7955430334 45.3758778531 46.1443588217 46.050530557 45.1789488838 46.3969778125 45.4252619956 45.5414466097 45.737065178 46.1934865251 46.0218442633 45.1753723045 45.1763058962 45.4137227167 45.450764774 45.4057841147 45.9889579311 45.0272732577 45.5397613979 46.0041044379 46.3257358375 46.3844542922 45.9020906781 45.6206698351 45.1273465943 54.0396658156 45.4169703019 45.7860401159 45.8905966609 46.0459103165 45.1009606783 46.2390343232 45.2603403629
0 0 0 0 0 0 0 0 0 0 0 0 0 0 0 0 0 0 0 0 0 0 0 45.1289088907 46.0042543374 45.505810073 45.8590312664 45.5350172759 45.7443710938 46.239702424 45.9706020076 45.7558947663 45.683790799 45.8022797709 45.6810018883 46.0826956005 45.317644156 45.259050272 46.2076202172 46.2100386223 45.0026406447 46.3469466061 45.4396680989 45.413089142 46.2718145113 46.3905012451 45.5040625555 46.3511208388 45.212664572 46.0658922388 45.2730872478 46.1018644597 46.1744913457 45.5854065351 45.6892936849 45.4209181939 45.8071870857
0 0 0 0 0 0 0 0 0 0 0 0 0 0 0 0 0 0 0 0 0 0 0 0 0 45.7510913233 45.4553878526 45.5243308292 45.651962543 46.1558204758 45.2441139331 45.5056468629 46.3602294443 45.1880024368 46.0264589291 46.1510130624 45.6515685212 46.2018952329 46.0905417414 45.6404904932 46.3089976016 46.3124656355 46.2908943605 46.2459833314 45.7081848392 45.0940200378 46.0710225782 46.3241719828 63.1722802364 63.1722802364 63.1722802364 45.7572728065 45.1540719822 45.9217429709 45.1529064271 46.251393272 45.3525634429
0 0 0 0 0 0 0 0 0 0 0 0 0 0 0 0 0 0 0 0 0 0 0 0 0 0 45.12998142 46.1911230118 45.4852848809 46.0420918496 45.1334254559 45.9912157819 45.0786932632 45.6239912676 46.3204752381 45.7590672298 45.1559191385 46.1536522422 46.0539744738 45.5927495362 45.0716864757 45.7793591616 45.6472344451 46.0645854044 45.3704370852 45.1750232657 46.3669627265 46.36195762 63.1367082281 63.1722802364 63.1367082281 46.2322284897 45.918817123 45.1308469411 45.9922781803 45.8544091189 45.0992158382
