Spatial_Output/DEC/DEC_0512.asc
NCOLS 155
NROWS 192
XLLCORNER 196307.867259
YLLCORNER 449144.565805
CELLSIZE 33.573938
NODATA_VALUE NaN
[rows 26 to 51 of 192, columns 57 to 113 of 155]
27.9440182771 27.822685631 28.2914187989 27.3429357684 27.2360047755 27.1491774594 27.5854068817 27.2622292938 27.6430825164 27.0444429494 27.9273902779 27.1364311952 28.1443292504 27.5031287732 27.447171549 28.051063661 28.0698022372 27.4045025802 27.9550021501 27.0770031872 27.5031381419 27.5148610568 27.1561669233 28.359500753 27.2607574261 28.0321256493 0 0 0 0 0 28.1864357045 27.9853251173 27.6975250817 28.0148412935 27.7400888736 0 0 0 0 27.4679333754 27.1687412479 27.2029151408 28.1342671377 28.021922718 27.1476334984 27.7967419023 28.25259638 27.153995885 27.6936691321 27.3244946564 27.0111655889 28.1733328671 27.7136748306 27.9313151079 28.2129520774 27.4359939782
27.7491822481 27.8644863382 27.2833591207 28.3388303287 27.4306007619 27.1442900726 27.3570339877 28.3417038928 27.8045531688 27.317600646 28.3285254292 28.4027135071 27.1269456562 28.370319483 27.1607134079 27.863947695 27.4250909961 28.1427755258 27.3363143457 28.0313728002 28.2982055511 28.3277112489 27.0335734367 27.6984354555 27.0961688191 27.5498950584 27.578963478 27.3612995323 27.0911385468 27.8854170464 27.5778351845 27.1964088637 28.0609630899 27.102892723 27.7932496058 27.5204098356 27.9291080881 28.2693471103 0 27.3527621232 27.17302862 27.336213888 27.430451593 27.2293308199 27.1754712191 27.8533033441 28.2171225652 27.5785037647 27.4798629018 28.1842067984 27.1325385308 28.3150585105 27.4823198908 27.2468613729 28.2804518131 27.0151593288 27.3171435829
27.2270126361 27.6022205091 27.4837403898 27.1576932471 27.0037884882 27.2182049837 27.7906974048 27.2344953753 27.3950567556 27.7712078029 28.4067634808 27.5736826195 28.3018154025 28.2889523239 27.7127897589 28.1840914378 27.0319396201 28.2722137868 27.3797571042 27.187321954 27.798259949 28.1005333714 27.7774635625 27.5786218384 27.7136633183 27.6797563041 27.5383547638 27.3590369149 28.2020080581 27.7174400451 28.3247183209 28.1265716754 27.6347654591 27.2031718595 27.1927552368 28.0521187625 27.0829031125 28.0054324264 27.7572501844 27.5352170773 27.3150381565 27.45622855 28.1587592352 27.1360482739 27.0480515271 27.2092432549 27.3491587518 27.4856404084 27.5841288898 27.1301574141 27.8167562887 28.0629063709 27.8174229756 27.9145988205 27.6990643944 28.2584464512 27.159868536
28.0445421505 27.7077373616 27.6823660303 28.2802518316 27.9042382867 27.6588552384 27.8879345527 27.8714407796 28.2976248861 28.2328181047 28.0123718746 27.8457269901 28.2059201106 27.5718050877 28.184250275 27.8321399533 27.2534620594 28.2119768445 27.096983538 27.1385177164 27.6572793877 27.6701788097 27.8198676823 27.1932339412 27.2395680141 27.7405333499 28.1955167762 27.5892146442 28.0786368233 28.1846736302 28.2811861778 27.4062279567 27.1506891844 27.2861749124 28.2632944219 27.9116793265 27.8738320893 28.000158079 28.1062043063 28.4033894083 28.3285747777 27.6704201999 28.0950184082 27.2451157913 27.19777331 28.2258424237 28.3731633838 27.2711082073 27.7913689721 27.0846277108 27.6338731336 28.1794338163 27.2522732891 27.6128747231 28.3380024721 28.3031202448 27.388427561
27.5035573661 27.2576015582 27.5179451147 27.1829621336 27.3055238401 28.1006473062 27.4758451049 27.3225933774 27.567057091 27.4650644257 27.1413940614 27.4206978316 27.3265237961 28.2269497163 27.6960573574 28.2451678804 27.1524443804 28.3463506224 27.2076955473 27.6969376273 27.2378564687 27.541519872 27.6300387887 28.1692577925 27.3603009136 28.1656655082 27.6516735719 27.7159053949 27.2446592753 28.1043963044 28.3156006813 27.2511717351 27.9027755257 27.9864990566 28.2644293551 27.192729728 28.3222181663 28.3131007908 27.4822205422 27.8646552243 28.3394212431 27.3694771734 27.4860362152 27.2141043029 27.1023237675 28.215268103 27.6744588409 28.0943612745 28.3711319186 28.1453297207 27.526158381 27.0430983026 28.1635159146 27.0463383603 27.6475145208 27.3455297388 27.6886281623
27.0358931037 27.9705013198 27.4920792138 28.321492587 27.6708878504 27.9523567215 28.3969114772 27.2746053473 28.2577452673 27.390719359 27.5907957647 27.9360992543 27.3838789226 28.0347820399 27.8791343063 28.0331328822 28.2053116938 27.2426180769 27.8769393844 28.1992256337 27.4435784864 27.3065700666 28.0344388932 27.2206162234 27.7304009853 27.4585322593 27.4455793836 28.3479503326 27.5111947273 27.0686552923 27.4166826348 27.7930795262 27.6923217919 28.3780064838 27.7678318474 28.0502412474 27.3086436441 28.055184688 27.1360160728 28.1961338467 27.0718326892 27.8247556882 28.0771616181 27.4552563716 28.3559256359 27.1558555592 27.3293616246 27.7255290864 28.2199682455 28.1215869665 27.7439408151 27.4193952729 28.3719459731 27.9440591137 27.3021994563 27.6719974852 27.1773618603
27.955430788 27.9779910687 27.9829748999 27.9538643444 28.0729213442 27.9255662772 27.0801761693 27.8610171664 27.4372835484 28.1463619843 27.7447832264 28.1862989825 27.5233690954 28.0104614439 27.2387807035 27.7509693177 27.8614991438 27.5393265788 28.0578322415 28.024019823 28.146011863 27.9224118841 28.2813165456 28.1648987282 27.4028050112 27.3580315997 27.7017559417 27.6392115545 28.3544551319 27.6716850114 27.0664127227 28.2392674401 27.1944018615 27.9705483071 28.183075174 27.5480845913 27.9157249546 27.9886425136 28.3480646267 27.4844425286 28.1384568101 28.2165238109 27.6636009429 28.411086762 28.1598249415 28.3661742611 27.809613697 27.9242280189 28.0193449962 27.6590318699 27.9233192732 28.3967516734 28.0177742667 28.1818128163 28.0265774589 27.2744244185 28.3585631168
28.343739601 27.9041394942 28.1455572167 27.6742471694 27.6755045586 28.1620246913 27.391773166 27.7277601036 27.6316185695 27.8835133945 27.751805135 27.1960539883 27.1211703857 28.0226742923 27.7471827741 27.179463334 27.6966511007 28.0607118485 27.7107655395 27.5638667824 27.7284474112 27.5584621401 27.2121348213 28.1667917435 27.943149592 27.4169008226 27.8116343387 27.2800193971 27.5953072574 28.4142032846 27.3095524891 28.2173927314 27.9004948773 28.1263842001 27.6563962813 27.5623364959 27.4885548964 27.6179984424 27.8194024504 27.2599628409 27.5484504672 27.7770561481 27.0189430106 27.1830889343 27.9864395438 27.7497691577 28.0982666786 27.3769951887 27.8907537867 27.9335216919 27.0079581751 27.5407884681 27.9242298269 27.0503726468 27.9138045097 27.0669687431 27.7363367062
27.2203387262 28.050469331 28.287589004 27.7182820411 27.7836960973 28.0610555041 27.1469860513 27.4275686786 27.8858636362 27.2121839947 27.5750789666 27.1977055115 27.4993374835 28.3248116037 28.3144899553 27.1096935724 27.5220408044 28.1491637613 27.6942903439 27.8841566209 28.3877337358 27.8941997004 27.2586324605 28.0456600965 27.9502451274 27.9617317916 27.621112209 27.2828027661 27.1543024905 28.4095206078 28.078582803 28.1519196803 27.7794036882 27.0922801927 28.2762375149 27.1162833612 27.7185083879 27.2005695678 27.3931371912 28.0074346383 28.3357236315 28.2640762649 27.0796576692 28.027554213 27.2272529548 27.2895867382 27.3786082731 27.4758751171 27.052240652 27.5989919378 27.0066271662 27.9637904805 27.93898789 27.5178848526 27.6733458986 28.4113934318 27.759372695
27.7940921356 28.0452950899 27.3198978378 27.5277315117 28.2304127909 27.2475209777 27.9000611734 27.0430530989 27.3357648929 27.6006559277 28.3001584768 27.4922025933 27.0597391389 27.9080232274 27.2051817095 27.7396237086 27.6201842119 27.3945994902 27.9960512617 27.0169384499 28.2949711311 27.266985683 27.3178800437 28.0699336275 27.5817859794 28.3012265475 27.1845866758 28.0103435512 27.5005662322 27.6911480933 27.4101149334 27.4279563927 27.1400555633 28.2122911356 27.1186617623 27.3401677041 27.8324421817 28.0331191323 28.3658023168 27.6016621308 27.442122583 28.0920419388 28.1606441977 27.1407981535 28.354592134 27.7793601525 27.9447468769 27.7191206752 27.7439978019 28.1491222263 27.6040511824 27.4317310423 27.2755392253 27.0889991761 27.2311045563 28.1666897337 27.9918143163
28.214172335 27.2496501729 27.6910135377 28.0030135722 27.6218393324 28.3530452326 27.9695580843 27.093855922 27.224431526 28.1718010772 27.8292784314 27.5064596147 27.5818375987 28.0109163722 27.3890832323 27.0611704576 27.1668968466 27.176428758 28.0705141289 27.93391061 27.1078049563 28.0055973662 28.2602312764 27.9842296142 27.8277697527 27.7935988046 28.3233725176 27.0226796738 27.5744750507 28.2118364733 28.183436852 27.8373589222 28.2302562855 28.3756319531 27.4040569328 27.0535062154 27.7135819601 27.5493130675 28.0856404645 28.2681603504 27.8533977234 27.1062742871 27.1868880841 27.2434853346 27.1366975298 27.6979453299 28.2141828201 27.5361726581 27.3543886985 27.9049093207 27.1942563108 27.2681383752 28.2344521802 28.3336507783 27.5102801038 27.4962723387 28.1060600037
28.0008607908 28.3155200493 28.136054176 28.3977405306 27.3689473406 27.1856823955 28.2268757499 27.2092587244 28.1778888004 27.814960492 27.484176145 28.3851629521 27.9233017723 27.4160589151 27.0218894664 27.3225488467 27.2377358117 27.708652156 27.5093530943 28.1644368142 27.481270136 27.2482834087 27.6775527897 27.273889301 28.1898795552 27.193665972 27.6321377863 28.269152975 27.5216513085 27.8186727639 27.4405692757 27.4900989684 27.288555871 28.0379369675 28.3931285614 27.7790784092 27.2916802727 27.1130928711 27.7353742233 27.1166974811 27.1056954988 27.1582447896 27.2887674234 27.4879008988 27.0105144005 27.3613461747 27.2498896354 28.4083364951 27.4884549907 27.8544212919 28.1553209739 28.4037649406 27.5511455702 27.0642021851 28.2000641644 27.5936252287 28.321734549
27.3433408058 27.9676906786 27.707665385 27.7754784317 27.1419289037 28.2475794853 27.9242388435 27.1523428611 28.2546148367 28.3368219671 27.7968400836 27.6520111373 27.5851853167 28.1487313043 27.1337492891 28.3126790434 28.1204824051 28.4014398449 27.8195048614 27.2060750808 27.9067463752 27.2269219725 27.6565122818 27.6175747465 27.6021317044 27.9377873727 27.1635585598 28.171614995 27.1491969908 28.4021140412 27.2134928478 28.2223995726 27.3368194869 27.7235581411 27.321574141 27.2347146283 27.1075615125 27.001887569 27.5310227285 27.8955230211 27.6474879654 27.8293405094 27.0948874207 27.7414447997 28.3868507074 27.3208888737 28.3555247696 27.0949824926 27.9376812663 27.3754830515 27.4810560931 27.6166779581 27.0493612604 27.7991164053 27.2145477749 27.6711167693 27.627564222
28.0182148477 27.6136412985 28.1766711298 28.1958587495 27.8551773286 27.2541484802 27.0370222597 27.8673972171 27.7518293405 28.226109422 28.246531208 27.7639485321 27.2615478508 27.4462371028 27.5552564555 27.6847639386 28.0523653904 27.4764394711 28.3438882554 27.8273345462 27.9118644249 28.2609245164 27.3843967694 27.5656174784 27.7436886331 28.3090618097 27.6630819707 28.0733408192 27.4014882524 27.4713139586 28.1174038609 28.2279559423 27.7741016785 27.55838698 27.6448665684 28.0238054418 28.231194645 27.6632887917 27.4945478084 28.1408721295 28.4108325668 28.1872923061 28.0183480007 27.1667246837 27.2936997402 27.7469878521 27.7658139968 28.1214917849 28.0906711567 28.2293492584 27.0561885063 27.2186408934 27.4501600062 27.958853245 27.5320490887 27.110552482 27.8944838231
27.2068319018 27.1825003153 28.1937956796 27.2892930586 27.9887060186 27.8977303081 27.2093697601 27.5867978279 27.3469420511 27.0749038041 27.7964033903 27.1450552305 27.3573934544 27.3173279624 27.7535314872 28.295919247 27.471083204 27.173616133 28.222228435 27.1454328054 27.624291639 28.2294202156 27.3509892884 27.2038740866 27.6764888461 28.3482901295 27.4402903762 27.4165136639 27.829426528 27.6774465919 27.3215657354 28.3372895857 27.107722344 28.3090949533 27.2108756739 27.402172495 28.3794218677 27.2422378461 28.1285917133 27.1538860421 27.4837183507 27.8203304509 27.0171233161 27.5848547866 27.6321829494 27.648801231 28.2412516307 27.0844013118 28.0474322804 27.0247558951 28.0724039454 27.257950879 27.618698306 27.2693225853 27.0249257947 27.0696175021 27.6597050268
28.36102364 27.5659570118 27.509904099 28.206293006 27.963460978 27.5046143356 27.2884795078 28.1036024773 28.1876639674 27.8505289811 27.1853858377 28.3965407175 27.2234293716 27.2855538131 27.2251910357 28.293918938 28.2656401976 27.3226511779 27.2709303115 28.0929001588 27.0605339808 27.122482661 27.2743918185 27.1089829092 27.9619703143 27.0121270244 28.0185965047 27.9975172799 27.3302297621 27.7130794489 27.5051430583 27.6572674729 27.4661374677 27.2845433382 28.1474707129 27.1457022072 27.9796011382 27.7999516513 27.1947935597 27.4585738501 27.6528357017 28.3091456821 28.2987655432 28.2901775779 27.6224876527 27.8503420799 27.5256632965 28.0191047013 27.2026377966 27.272535211 28.1764660148 28.3734824854 27.6594891722 27.8202751897 27.285044157 28.0456408196 27.0036120368
27.7199914373 27.5234097136 28.2625213393 27.9144633519 27.4921058587 27.7950939755 28.3067283717 27.7617622994 27.7668420648 27.0890985656 27.2133679818 28.2222721625 27.120616925 27.250441281 27.3384279787 27.6096807397 28.2804100684 27.1805100936 27.0658822089 27.2114730541 27.8904423086 27.9562011666 27.953739938 27.5757441029 27.490666206 27.4426659839 27.2357449435 28.1509438901 27.190441022 28.3411174631 27.7531467695 27.1941116951 27.1892537895 28.0017069127 27.4010581018 27.3145742798 27.9945345677 27.1938586321 27.136452334 28.1610131505 28.1053732255 27.5858165459 27.4622490172 27.2854098644 28.1606171044 27.6885569533 27.4079672184 27.2875859318 28.2956815669 27.0430976357 28.3572780783 27.9843291168 27.4863181678 27.3780722229 28.2568558735 28.3199297747 27.2191202768
27.5297598311 28.1925686487 28.1347637172 27.2902435446 28.0040577444 28.2770931793 27.2328635077 28.2710141178 27.0335646686 27.2110069277 27.8065911564 27.5777502811 28.3814782066 27.851070034 27.1797446145 27.3887362194 27.4227960736 27.3192811661 27.7116768447 27.9150341907 27.4720365779 27.0352657767 27.7938204913 27.9326851998 27.2982121275 27.6046299324 28.359459405 27.7139047598 28.2151869772 27.0238493193 27.2897643829 27.1421029873 27.3388831249 27.7338786242 27.3553646184 27.7416432861 27.53924035 28.1626975483 28.1291824082 27.3324692587 28.02412688 27.4666695406 27.2671127378 27.1741857131 28.2785396885 27.4524850249 27.6231387954 27.8102947165 27.5286905171 27.3438080833 28.2973119471 27.7707058762 28.1785177945 27.1369010156 27.9227542765 27.51008977 27.4813999078
27.3845390405 27.635459484 27.1866632894 27.3583758962 27.6019536532 28.1562532189 28.0501302001 27.8520762689 27.740902657 27.5084966393 27.5711580041 28.1437307762 27.19964129 27.2594816293 27.6427409955 28.0982568439 28.1854932678 27.699035449 27.1651502737 28.0532605827 28.2050196036 28.1433180441 27.7604817402 27.9446577474 28.3127354702 28.0495022894 28.0321219973 27.0065273677 27.5069033412 27.7990123268 27.6263840866 27.5417137999 27.8627783837 28.3651186046 27.7953795264 28.2213702008 28.0521558166 27.7079450569 27.0114481985 28.0954602678 28.1497979109 27.8632335072 27.1262798711 28.1751855464 27.9244478985 27.8841876256 27.1086489064 27.4994183495 27.4062955393 27.4250853087 27.0842034497 27.0177615184 27.3388330808 27.4169464357 27.3950562832 28.3854125787 27.2055813189
27.7053659305 27.364889772 28.1976138392 28.1169462649 27.5355357331 27.7206341211 28.2464419565 28.2721343152 27.5895057715 27.8850960151 27.9050321521 27.1657546373 27.2092283421 28.2752272316 28.1144493447 27.7839370332 28.2968026172 28.3686109491 28.0126228319 27.6818197037 28.1359908207 27.6675802816 28.0901603803 27.5820847586 27.5900800348 28.1267443005 27.7883148044 27.0533348484 27.9466647262 27.4692219698 28.2696133801 27.7042398213 28.011507545 27.4481116132 27.6489622498 27.332995203 27.4596040908 28.3879798406 28.3046316801 27.4209141879 27.2809653563 27.3885323535 28.0890609288 28.1504847671 27.7594498236 27.6881622817 27.2101768303 28.189841895 27.8886050184 28.1532206721 27.8525939682 28.2531987846 28.1502836368 27.6537529403 28.0697606964 27.1398107977 28.3168069722
27.6473258381 27.6121033786 27.7920367084 28.3348818018 28.3194440049 28.3666448386 27.8221034475 27.0065831772 27.6275115951 28.280211258 27.6022677083 27.2587233742 27.7393846562 28.2069643611 27.7801484297 27.5399014297 28.0478468829 27.3549297432 27.6339163421 27.083484203 28.309119708 27.6114145052 27.1584096471 27.4775245919 27.7794969964 27.6856034289 27.8070594831 27.1783389831 27.084984878 28.1479146056 27.5310313231 27.3480283782 27.0327541971 27.0121761107 27.3574926008 28.3442645126 27.2605471122 27.151119869 27.6055578804 27.9791482206 27.9473364262 27.8794861332 28.1246758126 27.0214089544 27.0131734556 27.7375018968 28.0998551642 27.2457212311 27.2635573564 28.0359902774 28.2545796058 27.2623968779 28.2562725267 28.141940991 27.9920179938 28.099907501 28.0009938926
27.1291380126 27.3370816791 28.3353804975 28.0329811549 27.819461842 27.5887468858 27.6639279182 28.036874369 27.2823244112 27.0304208535 28.3800228664 28.2570983648 27.7221831534 27.2012155282 28.2117269582 27.332271224 27.0386773596 27.0610879331 27.757445614 28.3337310791 27.6176562404 27.4896271299 28.3402434579 27.0851642322 27.2943694093 27.1868786201 27.6515627859 27.7499195862 27.289656084 27.2310245321 27.7640991033 27.9147025841 27.4238924044 27.9368375354 28.3630822554 27.4289249029 28.4048803334 27.5539863392 28.3441507423 27.6810508126 27.8886191703 27.9004902963 27.6133987965 28.3250908231 27.5027812315 28.1518177631 28.0594968119 27.647914489 27.1593872481 27.6623080687 27.3788246455 27.5692918625 27.2620592232 27.0429743144 28.1253467178 27.2670559962 27.8507844381
27.1860015544 28.0807235672 27.0689433608 27.1409653374 27.3589367915 27.5064830072 28.2963138658 27.855736309 28.1893155879 27.2110631472 28.3208974494 27.6853058913 28.3410064004 28.0403386037 27.1592425471 27.5592804061 27.6363206151 27.9321484599 27.4340009575 28.17281204 27.9510079833 28.2643642372 28.38634201 28.3397962117 27.1820506024 27.5306878653 27.6658220512 27.0161871306 27.145195986 27.270115788 27.5408494031 27.5952957124 27.5029901063 27.2194013765 27.3746049399 28.0662302356 28.3010695478 27.7120334798 28.0391944566 27.7127668847 27.6406213232 27.1260956082 28.2674324938 27.7418723071 27.6176116808 28.2258780031 28.2014098235 28.3392675234 28.0085906827 28.3288012965 28.3297602692 27.7743332444 27.5838607275 27.6874574011 28.4127648653 54.3349748029 46.2281561891
28.3849440068 27.9240888907 27.4354983843 27.8590181814 27.2822799851 27.7136923356 27.4800680772 28.2310187646 27.2323987955 28.0973920137 27.6121192587 27.8614223326 28.2015547445 27.79101271 27.8394070683 27.6416846989 27.5069688399 27.0248818601 28.0523005334 27.6161623681 27.321791313 27.97489537 27.5527307662 27.610896631 27.6863643389 27.4068661592 28.3403034954 27.5592453764 27.808424599 27.4020986617 28.3783931259 27.305656398 27.2003179583 27.2573954867 27.6970474632 28.2120459453 28.0533011282 27.8954917165 27.5358536356 27.1756147641 27.7557836723 27.9192589137 28.0695953875 28.1227302778 28.2078884788 27.4337789342 28.0658640217 27.3267553812 27.4562056679 27.434362454 28.2872489518 27.2477455578 27.6501889889 28.1341379149 27.0557465561 41.612502325 40.5792287865
27.8606434221 28.1677587065 27.7551266661 27.440182818 27.7888223068 27.2945964215 27.8942143583 28.1421999448 27.3959676032 27.3136336672 27.4623095957 27.4869352544 27.7870632838 27.6252262222 28.0395090266 27.9029677491 27.1911681439 27.640395048 28.0938947836 27.092048563 27.9906046247 27.1760099175 27.7341466654 27.7863011822 27.47796038 27.3696285714 27.0541796404 28.004373254 28.1201630469 27.6298537415 28.3077688728 27.8418679912 27.2659339435 27.8855961912 27.2451682752 27.6699114953 27.6822303923 28.1334116534 27.6522129634 28.3267516289 28.1407867204 27.067656876 28.3907550355 27.0191207882 27.9457741467 27.6515843003 27.0401633766 28.049880619 27.3777229496 28.2163393142 27.8384579928 27.3808646959 27.707834266 27.117144221 27.2608985432 51.776746052 46.8473136498
27.3252250071 27.5029320938 27.4014006539 27.6645845707 27.0558478018 28.2834174006 27.9603908378 28.1985982362 28.1661998597 27.4453323536 28.2716503094 27.4575762649 27.5910585282 28.1789738218 27.7458514918 28.1577360413 27.2440469254 27.2657027097 27.700647242 27.5513797191 27.2119231551 28.2612764542 28.3537072244 27.6796648782 27.0875301072 27.2019485147 28.2330070112 28.2917899857 28.3753954353 27.9952150609 27.8118034496 27.8449195 27.471254363 27.8616690125 27.9895328017 27.9507803458 27.0290549162 27.5071974194 27.6120588942 28.3701765908 27.4164359039 28.2818353144 27.6177984698 27.0312055134 28.2798606813 27.160935854 27.8265860252 27.2774798474 27.6087486091 27.8101163572 27.0173198561 28.2147251175 27.4412499705 27.3944541081 27.6981177097 28.3481642382 27.6702696633
