Spatial_Output/DEC/DEC_1120.asc
NCOLS 155
NROWS 192
XLLCORNER 196307.867259
YLLCORNER 449144.565805
CELLSIZE 33.573938
NODATA_VALUE NaN
[rows 104 to 129 of 192, columns 57 to 113 of 155]
31.0555374592 31.566978144 28.6369865799 31.5559129271 29.7607142031 30.2912016107 28.7463599883 31.9269632011 29.6623338318 30.0174039876 31.2983728683 30.4119740115 29.6604576146 30.5254911317 29.4098476653 31.8804017193 29.8346996876 31.0448779355 31.8285358754 31.4013192377 30.0841078819 29.2172999766 31.353376288 30.7670149706 28.8602375323 31.8542968332 30.0672186504 31.4700153359 30.6889751059 29.2797006939 28.8788813985 31.2373811163 32.0179052271 30.9374569027 29.9830886049 29.68775339 31.7570093299 29.7030184132 31.9797618139 31.3107203424 31.1556005786 30.3266564223 29.8812786429 28.6175050569 30.990465675 31.9530647245 28.8661905508 28.7522308502 31.8188292148 29.2210676312 28.799244826 29.6256901908 28.63698697 30.5271327979 30.750832515 30.1396665507 31.2990757884
30.1252076816 28.7439340046 31.3094722077 31.9113520465 28.6683218723 30.9157382866 31.9682443293 30.4000005343 29.6927173449 28.5267208669 29.9622356648 31.4165538467 30.306471817 30.8018929277 30.1670003788 29.5898917797 28.5055043605 28.9753978446 29.0602123002 29.3289917846 30.3813786021 31.4996297939 29.0286610132 29.2250576168 30.1637993499 31.1322800607 28.9606214602 30.9268384248 31.4689401457 30.0611804964 29.7172824565 31.6738512233 31.5169895023 31.2158478072 31.195115405 31.6788439512 30.6831279617 31.5776334313 29.0541722307 30.4648258179 29.1487161237 30.4184026389 29.5695413411 30.6773993367 30.33504364 30.821396751 28.9632223439 30.68475545 30.8851917874 30.0131823985 31.4093290404 28.7790313233 29.9025066262 30.5948475675 30.1975314534 30.3442357368 29.5439968406
31.4988320431 29.1430152514 30.4020595339 31.5954675866 30.0587546179 30.0172954911 29.6273471827 29.7293103741 30.9086486646 31.0199548617 29.6935215243 29.5053139156 31.832559289 31.7734823636 29.4853873671 29.9732800583 31.538293295 30.8648140988 31.7513785038 29.4175609302 29.7208468049 29.3034315223 31.1556082602 29.5957581672 30.4726601148 29.1273339312 29.0606253758 29.4463368716 28.9397129707 28.6798255627 31.3853986007 28.9951052356 28.8749615746 29.8580796665 28.6855121219 31.4674042223 29.1942951456 30.5333716792 30.7211067661 29.1781771078 29.5976272434 29.574975782 29.1852836176 29.9286371375 30.7491185019 29.2317881219 31.8233828528 31.7757741765 31.1336591087 29.7446445954 29.1147402532 30.9224974684 30.2263768891 28.6852784561 31.5181188155 28.7230372157 30.1524545843
29.7067539227 31.9549746837 29.9677126126 31.4104671489 31.9219081058 31.8450202875 29.6458740256 31.2724377028 31.9048636528 31.1190699189 28.7459752188 30.9861499634 29.9985171564 28.6103582206 31.506895863 30.8544210244 29.4262717883 31.9014575726 30.2326570751 31.0513284932 31.9828946311 30.1276456662 31.9833943871 31.1834724427 29.5528383506 28.8470150409 29.4206673808 30.0796953927 31.0196674202 30.7601521687 29.7951665617 29.3127241441 31.9451177514 28.6290256962 29.7607445261 28.6654128558 29.0832892412 29.80262403 30.0579060396 31.9577472961 31.0357244238 31.9882116776 31.2278578625 28.8560452175 31.5140785046 28.7513566184 30.3057184387 30.2137330825 28.8441929136 29.5759320291 30.6472912918 30.6737989565 31.6028330405 30.739075827 30.9246092197 30.0416970748 31.9189517818
31.3244732246 29.8863471537 29.9091008836 29.78961063 31.0775485969 31.6130909903 31.7471618455 29.6277771461 30.6565189708 31.8436766794 28.6342527678 29.8816518163 29.8868972355 29.839801888 28.9371120397 30.9097734702 31.4824518507 31.5985190678 31.6662910009 31.9584204884 29.3061320097 29.4641980397 30.4555796712 30.3147023922 30.5704418538 28.9809227285 31.8659772269 29.7439869692 30.4749180287 31.5958020823 29.9770140104 31.6520942496 29.7410234278 30.3166414827 31.9646848171 30.3777143098 31.9126843357 31.7423792372 31.1722047452 30.2517078829 30.6705959456 28.6688326101 30.3843928478 30.3127756239 31.5648877256 30.6035986214 29.4866465972 30.1551048073 29.2987679056 28.7556474175 29.9182619611 29.641788489 31.0250420934 30.9973841764 30.1001754455 31.1777177399 31.0537431693
31.5405370197 30.4552564385 28.5345234186 31.5246265823 31.8187434327 30.5612670643 30.3399546059 30.8137158532 30.0148711634 30.2898384756 28.5839079416 31.3907486011 28.5105864764 30.0073107642 30.7918025906 30.252348933 31.2521604011 29.9372128126 30.4541712785 30.7709726246 31.6588097611 31.3181319872 28.9324587309 30.2145310751 30.4268223768 29.3191124658 29.0553571021 29.3570689928 28.6422767151 31.2782278822 31.6380682865 29.6514948076 30.2031790249 29.6328783051 28.8036234934 29.912028691 30.6221616883 30.0970377465 29.5039050531 31.5409682121 28.6230376828 30.213597889 30.0361619909 30.9907308673 29.3880736074 29.9207072304 28.961733411 29.1610002518 30.9448461775 29.4543122415 28.6928973021 30.5958879929 28.9629055363 28.8123525975 29.1294914822 28.618851905 32.0050317928
30.6514722836 29.9390751215 29.7668003387 29.4906008539 30.9560145902 28.958368405 31.5114253568 29.7111373773 30.873606296 31.5665986601 31.8311949137 29.6721292146 30.6750775493 29.4573819685 29.8089445544 31.0891778151 28.7979250611 28.5149936927 29.4661091901 31.2220687153 29.5205363136 31.8551570249 31.6360026323 31.0314763957 30.0452882931 30.4771460707 29.7547640225 30.2905583232 30.4697355543 29.3137850554 29.6844200915 28.511439325 31.7206848872 29.4647592932 31.2193731001 28.8754828919 30.128076192 31.7013442012 30.0674780465 29.2616991615 29.8509387169 30.2755519179 29.9198820233 28.6660497641 30.9156649771 29.9909953046 31.9059827431 29.9609564648 29.3050648237 30.2113089915 30.5245333353 30.8099861409 30.324058583 31.119123976 28.6547121552 29.1588278745 31.8444452696
29.1803625406 28.5605536779 29.2812203692 28.8726934058 29.0807751315 29.3238216254 29.8128602876 30.0548274433 28.7207262997 31.3454087136 29.802851548 30.6666243127 30.7429422882 30.3319189544 30.7632017232 30.1157534367 29.7024674538 31.3968345949 31.0814127917 29.6849736644 29.5035967108 31.237484576 29.5694773731 29.6652527791 30.2377291676 30.2840560169 30.475478549 30.3728662034 31.8648448307 28.717162391 30.2375010673 30.4364410184 30.506697203 31.9985622274 30.2067609638 29.6871559012 30.6747962495 29.4003354034 30.3282359142 31.0662751401 30.6780546575 28.6222592873 30.5919116803 30.783205319 30.5183014149 30.0608577871 31.882104041 31.6423862072 31.9162773907 31.5210950908 31.2813504066 31.9535215416 28.6938192477 29.327262747 31.8908596697 30.4336810039 31.0518248011
29.0269582763 30.8549204076 29.6136881231 31.4120606332 31.1581880168 31.5315264663 31.2363554686 29.5298831643 31.1262474637 29.6814875016 29.339221462 31.4967883135 30.2016480796 30.2262211979 31.6923083287 31.7201099224 30.12973448 29.3252953913 29.0480020482 31.0681710565 31.5771234165 28.5010327842 31.2839111146 29.5637535818 29.4278159155 31.7777288631 28.8793459191 32.0228691344 29.4637821418 29.5400666955 30.8775132636 31.3666751983 30.3480604715 31.0681336033 32.0228895269 31.8361797443 29.609365284 31.8190432795 31.0193588948 31.7884573608 30.9414757636 29.4668152632 30.1511700412 29.4206926094 31.0958761481 29.813363324 29.3673105013 29.2011321586 30.1087539048 29.1025330584 29.6561441948 28.6667830295 31.7536123072 29.9643978182 30.8077638908 30.18293084 31.5333220078
29.0115424876 29.1399171258 31.3614345476 29.927600458 29.783616441 30.8647205935 29.1533225518 31.3991905314 29.1820606362 28.7630106772 31.5016180358 30.5832646274 30.0971207344 30.103785193 31.2231680792 31.9882007784 29.8030684206 30.4789496335 31.771235112 29.6216881528 31.1804780945 30.9257096604 30.7671415186 31.6493710598 28.7488889502 30.1977147522 30.49770819 30.7534317879 28.9079899201 31.0450411518 31.1719703619 31.08151103 30.6309495474 29.5876470227 31.812907851 29.3274885537 31.3512033681 30.7081493 31.8194331638 31.0729045088 29.7865313677 29.1653042587 31.3964413515 30.9902889215 29.4260537873 28.5156304803 29.6873563125 30.6478285312 31.9847558377 29.8199052925 29.5265929078 30.0687365782 28.5791798085 30.8013387284 29.8551473989 28.5599026595 29.8355249072
31.8381331939 30.3605626918 29.237755629 31.9336091561 30.5468719412 31.1325130934 31.717904897 29.3563798712 29.9067417893 30.5675097255 31.4667882775 30.6070875485 29.7895092673 31.9720315711 29.769134559 29.4999671797 30.4968355546 28.6844276881 29.2543756586 29.2895340358 29.6664172399 30.8583630453 29.1267611154 29.6165478769 31.0932414799 30.4356420275 31.3752523551 31.6325087497 29.4287962076 31.23913524 28.8199569952 29.5768885653 29.2070400123 29.6459417617 29.9005471565 31.5014589176 29.3224265452 31.9306571861 28.5770339925 29.5284318185 30.6247336048 28.8900049001 29.6106023895 30.629933755 28.8404345412 31.3293701486 29.3530760515 29.9437106039 29.759310799 31.5771842874 31.3431046897 30.3056219061 30.1477849566 31.4151747784 31.7758921235 29.6906530517 29.2046192266
31.5171947552 29.6741458533 29.3920080165 29.7915641529 28.9079810569 30.1221821195 28.5282275505 29.5774680654 30.1181594667 29.8853347774 30.8614790234 30.9795742637 28.532643725 28.9618144793 31.7417755161 31.4754339789 30.7217536855 30.1884467525 30.7441520532 29.2994732948 30.2395611587 30.8644467264 29.348443989 31.1911828011 28.9765560548 29.0467582497 29.8465266478 31.7050593458 30.6969730153 29.8705012482 30.5035394528 31.8360374652 29.1911650278 31.3536167504 28.740959441 30.9830688342 30.4557193819 30.0525497173 29.3181183713 29.8382709931 30.7026282239 31.6569415216 29.7864062473 31.134782541 30.3693094401 30.4850881621 30.094653044 30.1204306569 31.9114026335 30.4481800136 31.9660615066 31.9296234775 31.6946141864 29.152427613 30.5762372644 29.4814941975 29.3654892083
29.6226602278 28.9028992314 30.4975249258 31.5702708634 30.7762188305 30.515976481 28.8222020252 29.9352758257 31.2179731861 30.1645995768 31.192463624 30.0220576071 28.9181262961 31.6415890521 31.2799466089 31.6097655354 29.6735556632 31.2961262929 31.5268561036 30.2063716894 30.370141464 29.0493954365 29.2865815868 31.638144035 31.3379578527 29.083101001 30.4154847417 29.7923682687 31.0182670552 30.6462723922 29.3201115339 28.8291274882 30.3215867234 29.565638721 29.1254262467 28.6464705601 30.5209737642 31.5336470651 31.0092909689 30.7781709867 30.5728867247 28.7295027873 29.7073999679 29.9281346866 28.580640467 30.9086687393 31.5105355191 31.8004770534 31.0667151048 30.447315919 31.9202088503 30.4137503093 30.8088805729 29.6434114734 30.7386537589 29.1458128104 31.6894370997
28.9463043986 30.0562565091 31.1461536662 31.8599000934 29.9063347235 29.7672131734 29.9889865243 28.656921893 29.8431272976 30.6813708276 30.7483006276 30.1556664269 30.4139311141 29.5203111758 30.9754104471 28.8450224693 29.1730096127 28.8197230959 29.2005491625 28.654398807 29.4313176543 31.8491098284 29.7889176392 31.5528658174 30.8200295714 29.8135932347 30.3236145251 31.9059679616 30.5497101285 29.8955611555 31.573649572 30.6071296254 29.2834657697 29.0632420433 30.5121594336 30.6187923321 30.6154612021 31.0636873768 31.609398486 29.2916030018 30.5305931907 29.1897057159 29.9401456296 29.7711238718 28.8217313962 29.9929440533 29.9310012735 29.0976503096 31.5369037093 31.6089935595 28.5191988067 30.2143571911 30.9882785023 30.6212929496 29.1244378929 30.8697024254 29.4283291146
29.5802455493 30.0351678486 28.9380748102 30.9876215365 31.054806396 29.1468172772 29.4243734896 28.5174203293 31.0017201625 31.2894530363 29.8778461808 29.6314748835 29.5121641526 30.385023798 30.9569142669 31.0868334799 28.8421755468 30.5136025851 31.5003369199 30.3368988383 30.0136068027 30.9468467703 31.437803823 30.4819138366 28.9179060095 30.3271003785 30.580902907 28.6177483333 31.2638813346 31.091809203 31.3019560103 29.4752922624 29.9480736636 31.9591322906 30.8034657086 30.9781290684 31.9533926589 30.5963327301 30.9600748254 31.6250062599 29.969268008 29.664024291 30.0286025752 31.8186760181 31.1511761325 31.2390084519 31.3586913605 31.1309870302 31.9931617137 28.8571905125 28.7354376193 29.3867968742 31.5015876761 30.628373543 28.8342163167 30.4621924801 29.9759001753
28.8335157644 29.7161856488 29.7501157984 28.5620562264 29.354474542 28.9005995383 29.8405677214 29.2484404228 29.7598096802 30.0597867112 30.6097949142 30.394337566 31.7073248188 30.1866341623 28.9752727261 28.5369517508 30.2920208878 29.5450350575 29.2054448586 29.7403853995 29.0370689848 29.058657251 31.7130091971 30.606519662 31.9867902194 31.0420246551 30.4370046585 29.1074830916 31.9757482064 30.8660419993 31.8068254637 29.1395989091 30.2407226243 28.6248765124 29.123132435 28.7705555454 30.8027112623 29.2181356483 29.0461005084 31.3093596134 29.6206245921 30.9292556538 28.5896347997 30.9933892661 30.6364375298 31.4570639277 29.7999693506 30.7375203225 31.6103532284 28.5197035366 31.1204489036 29.4414171297 28.8381427458 29.6629369114 29.0459153433 30.7027309879 31.6131362723
28.9224294188 29.8929323212 28.6428057448 30.112922119 31.3362453695 29.6143213635 31.0562961848 29.0062115744 31.5945273769 30.7315199202 30.7843450751 31.4046952702 30.1463431041 28.5047930011 29.0763470829 29.0231725785 28.8134986788 28.5752505132 29.7511451439 29.9864219396 30.6844424851 29.0204536613 28.7371897182 30.9387987879 31.8807187985 30.707979558 28.6020692429 31.1178578588 31.236238934 30.560822364 28.6948531058 28.9608809382 30.0271123558 31.4763826565 31.8252444222 31.7195636594 29.8186520591 30.0644918634 29.8427558061 31.940485237 30.4830568024 32.0303014843 30.9728052856 28.5023928765 28.6513276499 28.9012562747 31.2385887347 29.0137896696 28.6978403934 31.6348819896 30.6095261956 30.7321414201 29.505729712 30.9807078948 30.7032051467 29.1055622774 28.9405936208
28.8303945849 31.865968739 30.0214527898 28.8172442862 31.5341955175 30.1774472461 30.4148925327 30.2381400374 30.7136399776 31.2113232369 29.1590970299 31.0143022797 30.5803338665 30.3385624451 30.9689789869 29.9802109733 31.3855174486 30.3119503693 30.8628624704 29.0952376561 31.2636286934 28.8600660683 31.2110456339 30.3356874833 31.3412018763 31.1392984298 30.7755940249 30.3030051448 31.6857935555 29.8901536741 30.3749617824 29.3664538552 30.2423465769 30.1226038372 31.2528749166 30.0686043386 30.2833784607 28.6221403492 31.862164089 30.6572620701 32.0109296458 28.6862225467 29.1157267412 30.8178661846 28.8070330855 31.5461195772 28.6732854248 30.2555888985 30.3409530803 29.9672742994 30.7911733368 30.1346561499 29.3514844064 30.3032839301 29.8316360017 30.9128365682 28.7999977516
31.7964269486 29.534171097 30.1331040545 28.8240288304 30.4447509156 28.7374397875 29.2067310412 28.5347279574 28.5387137359 28.9656376888 30.2332513841 28.7438972758 28.8675258719 29.3212699673 29.4858415242 28.7241334474 31.6283217409 29.046719508 29.6233888083 31.0177278854 28.6313809679 28.7191347142 31.2907897091 28.5523348737 28.7409601334 31.7819050197 29.4003397093 30.1040346428 30.9562132006 31.322075539 31.082335902 29.9843537112 28.8569011772 29.2164728413 31.3362196382 31.3041733233 29.1935019288 31.6991069167 31.6422460845 29.8260301004 28.639529529 30.8882718108 31.2332557591 29.2124115557 30.6615519106 29.8535725243 31.4888165186 30.8520784414 31.7414844116 29.5552336915 29.6953238588 31.821853871 29.0575092027 29.8820369947 28.9868072434 28.7116811802 31.5492893437
31.7181473056 30.5654647248 31.1483464466 28.5269177786 31.7848604019 31.0366314388 30.3005798971 31.4562049002 31.1350980594 30.825900837 30.569137976 31.5987640632 29.6021326982 31.4666252359 30.4046203447 29.576756203 28.5274213272 31.0726568652 29.7934657707 30.9710750073 29.3430562833 30.1680071235 29.5802371397 30.5294411461 30.8288040131 30.5424219379 31.1099478158 30.3688235503 29.8087963444 30.1612932066 30.6673645495 28.9374982757 30.6071118479 30.106605075 29.5391273823 28.561168847 28.7640958377 31.8295040133 28.5693173662 28.6616641602 32.0080732687 28.8402257477 31.2747450492 31.8107562198 31.4464913847 29.4469549131 31.7119064776 30.6873201578 30.2787571548 30.4236320868 30.4958756064 28.6416083822 31.3333660839 29.3291782008 31.5471497012 28.7607625074 29.286059289
28.6403454027 28.933455109 31.895987777 30.8617352409 28.618216864 30.1142661126 30.6632908706 31.9584863972 30.3845080071 28.7702759367 28.9762681428 29.4838020744 30.9860582646 31.7772765683 30.4801045591 30.7975566898 30.8910054529 29.3455742373 30.5655617486 31.7422228798 31.9888070757 31.2793235905 31.0645795352 28.6123433383 29.5585217189 31.717331011 29.6234684431 30.0101139029 30.4615801133 30.4454634714 30.3940630942 29.594240182 29.7732160325 30.3070673947 31.6453583752 28.9034081096 31.4170184259 29.4562577307 31.7591850534 29.3460030679 30.8118814672 31.8961964803 31.3892828749 29.3136389459 28.5673458071 29.1871608345 31.6949576469 31.2742767785 30.1169569589 29.7229467908 30.404499647 28.8494392673 29.2843795124 31.7361786203 30.4153928442 30.2532690281 31.4077441837
31.9818120024 29.3640862541 30.6380379089 29.358622418 31.1730643497 31.9357517996 30.1586546573 30.6706268785 28.85217958 29.7839157967 28.8116190175 31.9138685353 29.487035004 30.7726303553 30.4455017206 30.5163165637 28.730627469 31.7402708013 30.5645117465 29.5695272615 30.37587963 29.8531204463 30.530255045 28.5319342924 29.6904280177 29.676275685 29.4816804272 29.9360644059 29.5575578523 30.6602539781 30.571231835 28.5141115164 30.2144109519 29.8537146926 29.193371089 30.624946158 29.0363211246 28.8380685517 29.9588271439 29.5637306081 29.5967353393 29.7347796494 30.8948439743 30.0450008358 30.8504621596 30.0429764551 29.1652575281 30.4445804317 31.682152507 29.0746161645 29.161473598 31.798708094 31.0073316024 30.9051209797 30.945204875 31.9960225624 31.3390656984
31.3145106476 31.8874807064 31.9673465016 30.0108384304 31.5323772011 30.9415874369 29.6118474159 28.6118354197 30.7084805744 31.5611590078 30.3697609521 28.8911344749 30.2654627353 29.8699953428 30.4056063335 30.1350189398 29.8271009761 31.4121681626 30.4259693562 30.4567226796 31.1919602602 31.3719162814 30.133293296 28.801693862 31.1945517374 31.0893971607 30.1257748709 31.3739821535 30.5282414036 28.5902244365 31.6956280121 31.2699395838 30.4192491328 31.1807676395 29.9454683721 31.7151895172 30.2124585813 28.9562631013 30.653245297 28.8955131017 29.3482981043 29.8752679104 31.4801535556 29.215183173 30.1385172117 31.0534312644 29.099215233 31.126972252 28.6754997511 29.3143206952 31.4289453059 29.4289249101 31.7230498699 28.8921879374 30.8487836045 31.7890888553 31.0510081898
28.5377519125 31.8510241635 31.0810699384 30.2000907265 30.9510619128 31.7136680581 29.920913209 29.133483413 31.3167182514 28.7175308314 31.3566444159 30.6570560444 28.8361023487 31.9251112683 28.7352578095 30.7735503546 30.2391246524 28.5910799377 31.8505954399 31.2337418512 29.1179301726 30.4376336302 29.5191817754 30.4605329792 29.9224686373 29.6157528853 31.8439932414 31.827472405 30.7394944657 31.3695024067 31.9598213062 30.1770000674 30.1336885439 29.0786630715 30.9560729372 31.816163284 30.2250041716 29.2944697529 31.8413540382 29.1101740085 31.7836831564 31.6836882733 30.5617119309 31.0080693753 30.6565520096 29.2941889759 29.1835338791 30.428219329 30.0517475986 30.5888750154 31.5233594421 29.4167892299 28.718195826 28.5479432036 31.3702771262 31.1265076187 29.9680745365
28.635721063 29.6988899672 28.5169079225 29.3511916427 30.6496856083 31.6466936408 29.9235105025 28.5595473012 29.3942856509 31.8588320847 31.9625640608 29.5324800125 29.730073666 30.8696861054 29.715458108 30.721023404 30.2031873411 28.7706912762 28.5318556312 32.0165066853 30.6617353205 30.5482997509 28.7713616726 29.7017444908 31.7506482158 31.1090574483 31.4019073802 29.5097462979 29.067067634 30.6712766591 31.7434807536 30.3574379044 28.7899366463 31.7405543845 31.9031401659 29.8316204546 30.1171218984 29.644526699 31.8940659639 32.0212702265 28.5251732591 30.094824917 28.6167130603 29.625696827 28.6005011127 31.3074264356 28.9603987101 30.0774897658 29.8598036321 29.483485243 29.8355933996 28.6299496314 30.4312626117 31.8222457849 28.5615960148 29.4203301341 31.8362981071
31.049340347 32.0098433731 31.0597915587 30.5736408088 29.6609487873 30.1944505123 31.8851861143 31.4260524134 31.43619269 30.776936049 29.7534991589 31.2277986334 29.7199296927 29.6263291803 29.0952340207 30.6968946391 28.7642445693 30.3791004654 29.0077737068 29.2406977866 31.907543976 32.014254349 29.9189035068 28.9780997669 31.6291725732 31.8430560861 29.0450736007 30.0043921626 30.7093015514 28.8213054599 29.8168580505 31.6357686652 30.26055282 29.9491660634 28.7882725557 30.7685291252 28.8464127796 31.1239883133 29.0875871788 29.9555670745 30.4883869769 30.0643767072 30.2465766994 30.6838395375 31.9851162132 28.522998766 29.627148317 31.9305951394 30.3851800005 28.7358310541 30.3726569442 29.1466151889 31.8091349532 28.9180346359 28.5983241316 31.4097321117 31.7136779468
