Spatial_Output/DEC/DEC_1385.asc
NCOLS 155
NROWS 192
XLLCORNER 196307.867259
YLLCORNER 449144.565805
CELLSIZE 33.573938
NODATA_VALUE NaN
[rows 104 to 129 of 192, columns 57 to 113 of 155]
32.6859120742 32.9676194208 33.0511250038 32.5219212299 32.6873470649 32.941649194 32.572973509 33.1669790014 33.1363717721 32.7043210307 33.1422822256 33.1217266519 32.5046484069 32.5141429016 32.808111029 33.1167903334 33.0255992281 32.6415122207 33.181579695 32.5330535722 33.0612580626 32.7857742718 32.7501022473 32.8770347316 32.9113146616 32.6430000005 32.6525551233 32.6169012552 33.0427243209 32.9710024778 32.7764555143 32.5877813241 33.1824893803 32.6821130644 32.9666438 32.8438774592 33.1192287485 32.9883659364 33.1327876637 32.5304049479 32.5768670637 32.7988082318 32.776650655 33.1065380273 32.847014285 33.183888455 33.0553294479 33.1165606213 33.1401902307 32.7452801602 33.0138429577 32.5900947432 32.5758399954 32.7690750911 32.7789097588 32.9929235256 32.5095611985
32.5564260154 32.7357764599 33.0583754134 33.1847084278 32.7636333029 32.665218166 32.6082907136 32.5646347737 32.6251329539 32.6990956757 33.0780138651 32.7727920988 32.9728921235 32.6463496063 33.0903292993 33.1425055813 33.0360945574 32.7100981208 32.5865323161 32.6650782146 32.8065732547 32.8449374461 32.8586918677 32.6400996561 33.0245569976 32.5077276326 32.5900360921 33.0842500503 33.0416150279 32.5709798393 33.0890766909 32.791674702 32.6813833992 32.6587695464 32.6990403951 32.5215372336 32.9886488957 32.6118047478 32.9157607162 33.0473950555 33.0424348871 32.7401556095 33.1846076571 32.8553055949 33.0605451107 32.9060615746 32.8132002748 32.5315650556 32.5221460032 32.9672376126 32.5571053494 32.563229931 32.5550206428 32.9454967538 32.6399201878 32.9528083419 32.8859032679
32.7728017462 32.7556714772 33.0032527781 32.7345823424 32.5091903371 32.7695390411 32.7505122963 32.7567225027 32.8691269708 32.5370761916 33.0046467155 32.5750579527 32.658573361 33.0741883779 32.8485012265 32.6980585343 32.6586984781 32.739473703 32.9999210466 32.5872592297 32.9578515574 32.5583836489 32.7275491897 32.8746459445 32.8566306097 32.7277587008 32.8875007835 33.2066743244 32.9006703932 32.7302545584 32.9544601067 32.653426807 32.5513134246 32.6776225863 33.1368713362 32.6327507806 32.517774834 32.5622418696 32.7787552897 32.8872290473 32.6681695653 32.7481538035 32.7363183372 32.8452402699 32.6734080454 33.0946226899 32.7572249579 32.5562698262 32.5306671698 32.5845483931 33.1633494076 32.9754024459 32.7137277536 33.0842938364 32.5959173196 33.2015678373 32.9102235032
32.9562226824 32.9549690397 32.7014592784 33.2037836081 33.0972192855 33.079839288 33.1262298355 32.6034292618 32.7009873521 33.0228511498 33.0972422454 32.6219038616 32.5286469956 33.0436171152 32.9448800224 33.2052048852 33.0821976108 32.9618923476 33.2037501534 33.135968115 32.6097614511 32.5182080877 33.2036071409 32.9832970989 32.6803356592 32.7867769202 32.9839414152 32.7922929415 32.9611825663 33.0955447182 33.1151701552 33.0746542508 33.0167936127 32.9651780302 33.0460038024 32.9872880136 32.5462601565 32.8579079626 32.5609827051 32.7598819052 33.186433477 32.5004388535 32.9411992484 32.5805482992 32.6519238324 32.5880835596 32.9424499958 32.9221149072 32.7718856814 33.1291563254 32.6280450137 33.1828667361 32.9925115628 32.6280688818 33.0223044799 33.1654257058 33.0060237149
32.5533298883 32.5003223721 32.7742321951 32.5229816127 32.7300335831 33.0119311195 32.9724662105 33.0065549293 32.518852427 33.1505189437 33.1958160291 32.8091386711 32.7592485408 33.0228471396 33.2005420156 32.8107083516 33.0953235659 33.1385162907 32.8249151745 32.8014469389 32.8230866099 32.6836215963 32.8028818706 32.5907674978 32.6449897387 32.6926814087 32.8993497632 32.5893503265 33.164144172 33.1843711241 32.6755213772 32.7883128332 33.1930624046 33.1509897823 33.1090072841 32.8225778262 33.0737651029 33.0172519098 32.6718803228 33.1809588313 32.8804608249 33.1330713323 32.9959039957 32.8498965153 32.9247744996 32.7991368577 32.9269317937 32.7806974656 33.0131379981 32.7207080716 32.5826906536 32.9891056395 33.1596576007 32.5931600608 32.8147027458 32.6304359558 33.0798995567
32.5075698819 32.8877276259 33.1549612032 32.7591908936 33.1795919422 32.6802119096 33.0705834372 32.9153938151 32.5732353 32.5620501042 33.0945990767 32.9208548336 32.8650870339 32.9853958338 32.8284699066 32.9347900439 32.6105422245 32.8964598225 32.6317040395 33.1588832499 32.6749537804 32.6692852041 32.6276043881 32.6992467101 33.0701876696 32.6648442332 33.1035842441 32.8133665294 32.8233112453 32.6532099784 33.0207624315 33.1740704137 32.5549502516 32.9024618733 32.6441397389 32.5468830924 33.0799052013 32.9129287179 33.1124852549 33.19571572 32.8909811184 32.6460622863 32.8707287334 32.6609828345 32.7000798828 32.5102673054 33.0511000686 33.0236892109 32.8643588167 32.6282798971 33.0387960972 33.0867259445 32.6972144587 32.9504027029 32.8629658666 32.7929040406 32.9340182385
32.8628850158 32.79828471 32.6135744409 33.0815714303 32.5053306292 33.1373475317 32.6747917445 32.706059175 33.0713449077 32.513401348 32.6895488736 32.7869867299 32.7812068916 33.1013555493 32.9193863515 32.7038505595 32.679095959 32.5400320094 32.9541488736 32.6343841445 32.7581657102 32.5008005284 33.1978685057 33.0342727492 32.7196872776 32.6129779068 32.5453224381 32.7368014331 33.0040670882 32.9549214586 33.1626043198 32.5770913229 33.0158845943 33.0131817415 32.7196403219 33.1671335184 32.5414767827 33.0389962243 32.8308110205 32.5916587077 32.8448714703 32.5718306921 32.836060891 32.8138281804 32.8248834264 33.000749816 32.9993963 32.8145212366 32.665239819 32.5373167813 32.5374822141 32.7483792419 32.5525643047 32.5482676504 33.1751038116 32.637360308 32.8803017528
33.2061872362 32.6947416222 33.0547409482 32.5301345993 32.5202810867 32.8463090469 33.1370990857 32.876938215 33.1102053625 33.1149596185 32.9014998495 32.9949504876 32.8846838107 32.6641353635 32.5682135242 32.5027920512 32.6479959801 32.8680944942 33.1323172176 32.8800804726 32.9041708849 32.9883933761 32.7949009075 32.5363012677 33.1619491408 32.8881975427 33.003779825 32.5271906009 33.159439536 32.8100288716 32.9357337497 33.0608034743 33.1793546958 32.7403665335 33.0900295697 32.5465076077 33.09153652 32.846139957 33.1318620406 33.1602762298 32.5620650718 32.9694161055 32.9972859821 33.0345008912 32.7626427934 33.1697133253 32.8970301005 33.1732472438 32.9083243321 33.1190229186 32.8517530031 32.8146131682 33.0356158156 33.018540063 33.1317694839 32.5483658112 32.7770750549
33.0669119803 33.1182679605 33.0651719375 32.9087633628 32.5818103057 32.8052920599 32.8469606607 32.6047759895 32.7479335027 32.6724717014 32.5311641535 32.5238000999 33.0702306341 33.1467089682 32.8834256746 32.6152626792 32.9756950709 32.6904661741 32.5761605171 33.1420206524 33.1645042321 32.6918902152 32.909514246 32.882466504 32.5656188386 32.8057708985 32.9573827012 33.198938873 32.988129192 33.1783324553 33.0830457037 33.060333461 32.9299847995 33.0636395174 32.7004768853 33.1242272217 32.8105871246 33.0153884882 32.889900365 32.6220844214 33.0701064171 32.5687172851 32.5279286187 33.0068871622 32.6074079067 32.5299715828 32.7076209238 33.0211071527 33.1892668159 32.6201159899 32.5942507028 32.5320784934 32.5190948059 32.8864083855 32.926515465 33.0040358231 32.5439131275
33.0530545145 32.8209645276 32.6579139284 32.5986487616 32.5510764646 32.6833707635 33.124504446 32.5304867243 33.0933840711 33.091912363 33.1922515653 32.6202830869 32.7925107677 32.5871884666 32.5566340957 33.1639360373 33.0141912826 32.7969528393 32.9262422531 33.1950226638 32.6683413211 33.0842571527 32.9022609956 33.1431945101 32.8617336671 33.0965735145 32.622355465 33.0812241752 32.7010371702 32.7676332364 32.5380157537 32.7675402454 32.5781079203 32.921109518 33.0849903543 32.680342927 32.6426973876 32.834430858 32.7432997382 32.9016553784 33.1581481715 32.5257064216 32.9069705856 32.8171439176 32.8588744838 32.7862385631 32.8268548529 32.8448205246 32.7646644199 33.1413586166 33.0975683276 32.7706674575 32.6054631372 32.8866062122 32.8440126416 32.8142572368 32.8051544094
32.9836726351 33.1010174288 32.8895320677 33.0170285982 32.8407101614 32.5525707573 32.5121001865 32.7785984067 32.606808298 32.5024267915 32.6527212465 33.1471422012 32.9777159635 32.8369156857 32.8585897225 33.1765511275 33.0001731212 33.1267201101 32.5127765423 32.908881874 33.0714876756 32.7771137604 32.9650640001 33.2026015439 32.9241247835 33.004988538 32.9258761155 33.0601622552 32.7872587659 32.8027679716 32.6839551613 32.7463143147 32.548850469 32.9380006166 33.1709440135 33.0325311329 32.5016443636 32.8598256885 32.687238062 32.6753223717 32.5558485359 32.7825598468 32.5807972808 32.7334829446 32.6775946707 32.8168525669 33.0481514253 32.540331675 32.8437289161 32.578496482 32.8450214606 32.8595045156 33.0532348979 32.7801366507 33.0503041007 33.1270783986 33.1661766069
33.0152071796 32.9765977868 32.649124796 32.6437420242 32.5711535136 33.185702247 32.9359548216 32.9504229598 32.8499213716 32.9224467204 33.0448779257 33.0257811524 32.8587438354 32.9708802635 32.546715763 33.1780184245 32.6946494645 33.0377673699 32.8867428059 33.0466599083 32.7332991827 32.7222562005 33.0346710094 32.9570893325 32.7190277403 33.0580083931 33.0026516584 32.9248798227 33.0211897459 32.5678675925 33.1322652765 32.8298997673 32.8126752747 32.7389507316 32.8697831098 32.6720879374 33.1987939272 32.723339192 32.7991611978 33.0017461996 32.8917310182 32.8936762757 33.0234606423 32.7602674375 32.856248308 33.1674476211 33.1048707834 32.6026676144 33.1877042618 33.1521798319 33.1336842757 32.5491679518 32.6610803918 32.8292130329 33.0837464031 32.91058134 33.1722340289
32.5308425085 33.1067127424 32.7057983646 32.8100084274 32.7433939217 33.0744445761 33.0399004268 32.8485060463 32.9314383576 32.6423409853 32.7357204893 32.988331979 32.6535734887 32.7359339595 32.6849309474 32.7770532445 33.0361650114 32.9556254813 32.7520762569 32.6105923065 32.8694737119 32.626191439 32.5221663976 33.1556717965 33.1865453735 32.9328286868 32.7353425833 32.9723558584 32.8548113197 32.9582466461 32.9040332776 32.9811318733 32.9589006839 32.8293144821 33.1645953372 33.1096158725 33.0230768775 32.7719609157 32.5218475663 33.0160745588 32.5118241101 33.036342885 33.1337625837 32.8569378508 32.590759474 32.5395162392 32.7281627876 32.9564561801 33.2045670416 32.9981980018 32.7534196498 33.096311789 33.0716840405 32.7824807524 32.818960351 33.077182234 32.6186878822
32.9627189758 32.5607741185 33.1454296985 32.9212840482 32.5205417487 32.6876063875 33.051672407 32.7015895138 32.8035982427 32.7400768103 33.0334227532 32.9774844994 33.0781134381 33.0842382217 32.6972696011 32.8932897132 32.9247710956 32.8118274411 32.8820646223 33.1544989007 32.7038010162 32.6626908239 33.2053563796 32.7303869867 32.8675427029 32.7994036184 32.9736892712 32.6768483803 32.5960695587 33.0667802955 32.8010075824 32.5313213602 32.6348351113 33.0167681862 33.0884773256 33.1469834677 32.7090438937 32.9536271054 33.1881173395 33.1037040793 32.7949370091 32.5355525564 33.0468392762 32.6773560989 32.5443246721 32.7850021128 33.1256741965 32.524138274 33.135395576 32.9673532495 32.9962940988 32.767989902 32.5615834171 32.9838332433 32.6387224159 32.6373475967 32.8136509062
32.8978133429 32.8797511003 32.9317460006 32.5784483604 32.6398611326 32.7780057451 33.1185042757 33.2018574878 32.7720015463 32.886745157 32.5385238489 33.0617689135 32.6677742532 32.9878831169 32.8310080615 32.980408282 32.5220940253 32.8749721868 32.8955375031 32.938909653 32.8436179999 32.7377579162 33.0105072894 33.0008682151 32.7528933499 32.6215662674 32.8446078064 32.856544703 32.6779885476 32.6371612578 32.6326080394 33.1311361343 32.7476849742 32.8402063418 32.8879685796 33.2011525657 32.9103328996 32.5863413688 32.8832768745 32.5601520935 32.8621545589 32.7947701675 32.5598594923 33.1887979431 33.1388779488 32.8890276785 33.1389240136 32.9688240652 32.6505320088 33.0357974951 32.7782966105 32.7928349343 32.9333949723 32.6950295834 32.6874203755 32.8253422528 33.1182849632
33.1619159845 32.8861885592 33.0046436595 33.0726890804 33.0007586642 33.0196477746 32.7234964416 32.9710514106 33.1026345185 32.5803101247 33.0941995058 32.8542573637 32.7330144115 33.0696058123 32.6640013556 32.9911426458 32.9754247178 32.8537699059 32.7608693483 32.6035155014 32.6194185458 32.6938032522 33.0719884991 33.118059578 32.8945109301 32.5145622998 32.9192399236 33.100674517 33.1385241435 32.6518944213 32.5506175547 32.6002034799 33.0627137983 32.6730879948 32.7379698748 32.9823570378 32.7753902072 33.0003102308 32.7817767693 32.7861339198 33.1261520019 32.5008560171 32.7992144179 33.1663569277 33.0830210265 32.5370217847 32.6687693305 33.0049087632 32.6363964501 32.7454412787 32.5947988516 33.2060935362 32.6878526695 32.8399542404 32.9751077223 32.9752667836 33.2064883549
32.8581061 32.7163135079 33.1775887679 33.011433512 32.9077289527 33.1025590625 32.8817054281 32.5761867865 32.6662725882 32.5819135413 32.8753975765 32.7010796979 32.9479026308 33.1352738814 32.5457982299 33.1524907391 33.1225330428 33.1187881732 33.0455555708 32.8003433031 33.101851883 32.8678950818 32.5203392675 32.9246711416 32.7639462521 32.6023317683 32.939838195 32.947682181 33.1802263301 33.0175535251 32.5471019713 32.7176470794 32.9514998729 32.742119137 32.7694183238 32.7170516534 32.7595098659 32.9514482945 32.8156061729 32.8490738784 32.7970076929 32.9797879453 33.0393135501 32.9668420566 32.6063018222 33.0622979156 33.0383289029 32.5004925028 33.0585151758 32.7699744947 32.7153649143 33.0472877225 32.5488208521 32.8478149101 32.7375651867 32.9089960222 32.6230637227
32.6791300479 32.6585834908 32.7384662665 33.063020469 33.1495539339 33.0732846995 32.6985559102 33.1836059949 32.7117870219 32.8782140131 32.7912422526 32.9949996059 32.846253013 32.8839999856 32.7860021107 33.0127250045 32.8259334902 32.8885643036 32.7017001287 32.8251298216 32.6002653579 32.8153883232 32.709300497 32.7852507706 33.1548748396 32.5267165563 32.8635127125 33.0448442138 32.5240375904 32.5723716999 33.1891607891 32.8645299612 32.7360967868 33.0991057163 32.72171896 32.8091370383 32.8164603292 32.5055379718 33.0469316086 33.0820356885 32.8935256286 32.7355086143 32.8297016264 32.7204600975 33.0688390994 33.0113431771 32.57111626 32.904210798 32.9035161045 33.0636935297 32.5168390236 33.0523428072 32.6799063989 32.7587606612 32.6957144857 32.6903803644 32.5944919001
32.8179992998 32.8055823077 32.7093518249 32.9408651767 32.8928349934 33.0882571095 32.6759570456 32.9205797357 32.7629723887 32.7645083965 32.5661521825 32.8820658284 32.7503858811 33.0296713417 32.8432935833 33.1958057828 32.6666926777 33.0177807559 32.5960545773 32.6744650741 32.6969572626 32.7885458037 32.8073964627 33.1320557433 32.9920314653 32.6268405146 32.6303169025 33.1946431379 32.5222248599 32.9547215233 32.5960152571 32.8391319599 33.0680714484 33.1477806899 32.745161352 32.7169845388 33.1320487217 32.8548476942 32.8648986663 33.1143302942 33.0629387527 32.6482840608 32.6713929133 33.0205466616 33.1752627961 33.0315357329 32.5310112554 32.6240516096 32.868823304 33.2038172091 32.5859100166 32.7942207534 32.803465117 32.5129587813 32.5023460854 32.9555786872 32.9197302213
32.5201126156 32.5550246538 32.6460788663 32.9085290427 33.1249197636 32.5990656475 33.1884985136 32.8881247331 33.0260479542 32.8551660441 33.0864880754 33.1453443519 32.6657524218 32.9712409689 32.7145584607 32.5913744992 32.6976415087 33.1767944606 33.1278314508 33.1121324889 32.6064240129 32.9720024332 32.9789267005 32.6819032563 32.5000081922 33.1610516616 32.867741839 33.0257127246 32.7452631345 32.7890764489 32.8009973608 32.5335982717 32.5042894319 33.1573410157 32.5385199257 32.9617330926 33.0811408567 33.0563640215 32.939855955 32.9917886975 33.1172599611 32.8614931149 32.8528337943 32.6409446743 32.7029055744 32.9497103187 32.9616268326 33.068269757 32.630418915 32.9587083258 33.1261621993 32.5117248432 33.1128110542 32.5232321466 32.7285681855 32.927904872 33.1290628444
32.6321190249 32.5711575495 32.603794604 33.00257534 33.0214384561 32.9633979266 32.792984103 33.1927407304 33.175659984 32.8390186848 32.811794059 33.1320857288 32.5330640489 32.5744038539 32.8833355444 33.1929307658 33.1887220575 32.6465828575 32.9048628858 32.5094985573 32.9270584697 32.7967674611 33.0075384803 32.6475522782 33.014248597 32.8662508545 32.802710645 33.1228102116 32.8767306696 33.1310109663 32.5009785259 32.7686234464 33.0142604384 33.0792200406 33.0051681655 33.1910499695 32.6374953234 32.5904254139 32.5222479169 32.8498735913 32.8332425708 32.9006439468 32.5563339369 33.1087988952 32.6234500785 32.5067637145 33.0385996411 32.5936579383 32.7862722467 32.6033333256 32.9642612968 33.0208431191 33.0957593096 32.7332041746 32.8942738263 33.0560462172 32.7612305584
32.9415587326 32.8828463818 32.5519302271 32.7094676415 33.0439215537 32.9154748608 33.0312535733 33.0821203705 32.7984068256 32.8584928029 32.5403013593 32.7801731856 32.5025818715 33.0050511019 32.9786093374 33.092284158 33.1873405368 32.781970509 32.8596319336 33.1041833383 32.7831096764 32.7093670828 32.8309717684 32.7731261118 33.0949057019 32.9998881809 32.8951700712 33.1352147476 32.6719578991 33.0857949326 32.8458988456 32.7888860523 32.5746940433 33.0323593404 32.5984154515 32.8972984696 32.6126500932 32.9182121675 32.8584708381 32.903055518 32.6320514371 32.6166574176 32.8195309137 32.5617140513 32.8094384735 32.9650967368 33.0844709822 32.909688464 32.9025244186 33.0175777738 32.9965033713 33.1462161221 33.1760873076 32.6778440849 32.9970855842 32.6866505705 33.1196968217
33.1732610533 32.5018576664 32.9360118613 32.6044465305 32.6366703494 32.562519503 32.5559183957 32.5501002822 33.0035272468 33.0570583052 32.5972590532 32.9485477369 32.7876222643 32.7889002321 32.9790213905 32.6645420267 32.7797905322 32.6111853869 32.7204329756 33.1254556229 32.6186608875 33.0814788029 32.9236089519 33.1404051922 32.6367252692 32.5637712372 32.5366130511 32.8091356332 32.7037968031 33.1044422795 32.7494352247 32.7718542647 32.5870434506 33.1733591901 33.0913904263 33.0555923173 32.5353638326 33.0223092164 32.6967126384 33.1766746064 32.5147823614 33.0955878014 33.1039041275 33.0221440745 32.9010924366 32.9490771744 32.6844631181 32.8769014794 32.980024351 32.8472343562 32.815576745 32.6510358102 32.9102980817 32.8144215763 33.1404204434 32.7833504064 33.0876688849
32.5357041422 32.9701752279 33.152155051 32.7885486429 33.0319924128 32.8098503218 32.6188960058 33.036356529 32.6862453271 32.8562427887 33.1153044139 33.0101942216 32.9689461002 33.178243447 33.0090603257 33.2007553472 33.0086505873 32.6560524076 32.8737365337 32.6683621681 32.6884932894 33.0285551398 32.725173488 33.0417463584 32.8909136348 32.8969563937 32.8354320729 32.6311047131 32.8024294438 32.5670797482 33.0515661144 32.7582323646 32.616436798 32.6178270573 32.9716535783 33.1420164168 32.9055440469 32.7630567925 33.1235550627 33.0893421584 32.5116624236 33.0182966408 33.1539893454 32.9122470551 32.6435342702 33.1437751282 32.5534934047 32.5454584753 32.5436986819 32.8212135791 32.536693706 32.5162357133 32.9336935691 33.0737305446 32.9005544516 32.5208969707 33.0960334491
33.138174573 32.6244360252 33.0387009994 32.6799096369 32.5692354574 32.854592974 32.6798048839 32.98218345 32.8671744382 32.7483202903 33.0116514654 33.009898523 33.0894107265 32.709924913 32.597495191 32.9102597483 32.9561831645 33.1849244638 32.6002785117 33.0002498563 33.093597202 33.0649661044 33.0342346628 32.6486293631 32.7836597045 32.9609240409 32.5160066866 32.6341831992 32.9805427443 32.6913530813 32.8499473929 33.1764015098 32.6051753592 32.5701264788 33.1374890483 32.7668561788 32.5274061002 32.5300884448 32.9590387309 32.7231752932 32.5778404079 32.8299634047 33.1176562921 32.6200275271 32.9379404869 32.9859231933 33.1131927146 32.6923792579 33.0837067867 33.1778593051 32.894120377 32.5422043851 33.1782878269 33.0594151863 32.5596116295 33.1533338377 32.6088381207
32.6507276573 32.9987262365 33.1745968534 33.0457790062 33.1500973228 33.0145765532 32.6992742855 32.56283383 32.9962783308 33.1060154764 32.5442579943 33.0819225876 33.1129518949 33.1690087475 32.6736833806 33.0910835231 32.7848667483 32.9517934374 32.6298979427 33.1498603504 32.8460288932 33.0086322755 32.7023245347 32.6037272761 33.1043927907 32.822447419 33.1133418926 32.8268019927 32.726715622 32.9657856334 33.0583198357 32.7573765725 32.731699219 32.7362663259 32.5156619253 32.8587596354 32.8425160798 32.8018015053 32.794797336 32.7068945276 32.8646710362 32.6625088164 32.7763294858 33.0310944881 33.1645319345 32.9875597376 33.09426911 32.6340134074 32.8672864784 32.9430062957 33.0592774585 32.7408803008 32.8844536597 32.5185995171 33.0185124526 33.0360827943 32.7455895241
