Spatial_Output/DEC/DEC_1082.asc
NCOLS 155
NROWS 192
XLLCORNER 196307.867259
YLLCORNER 449144.565805
CELLSIZE 33.573938
NODATA_VALUE NaN
[rows 52 to 77 of 192, columns 57 to 113 of 155]
29.5493363824 29.3548682677 31.15294918 30.2312127819 31.7795828115 31.9610075072 30.562213221 29.4847114522 30.6728320997 30.4087215028 28.6525677862 31.0462181003 31.5518367626 31.9841050058 29.3091425059 28.5023731063 31.451533539 32.0152706584 30.6331842403 31.7848494185 29.0270146637 28.9752738555 31.3696415771 29.8383406161 31.0242585662 29.9490328936 30.4414739317 29.5986952874 28.9462773525 30.8361352536 29.834453954 30.1270718367 31.4282507876 31.8705060544 30.5814675472 29.9453204948 29.5453442662 31.5738430882 30.4533197051 31.3257100352 32.0339074246 30.3025521472 29.7017272753 28.8729176103 28.531419046 30.4647426267 30.1356108929 31.9859865417 29.2330192053 29.957143446 30.7260306833 28.9213994542 29.7120467789 30.8851151852 31.9085369807 31.3297579927 30.6055578867
29.1694890825 29.9572179143 28.8394556694 31.6613110284 29.9960270364 31.895015901 29.9640297115 29.453234493 29.7022467414 30.0865001753 31.9210054645 30.6261928134 30.7511364937 29.1917208312 30.8835314068 28.6701208456 29.8386779138 29.3635794809 31.9712035642 28.602062396 29.1455020338 29.0817829847 31.8821202858 30.6400771716 28.7204081785 31.8966426578 30.8308626413 29.3357646322 29.9909135263 28.9207152483 31.0004060953 29.9977647623 30.4186619109 29.776395177 31.0044504918 30.0192498467 31.6962573357 31.8258807853 29.1882754734 31.798977461 29.6831413157 28.959925799 28.8735943788 28.7445257135 31.9102965467 29.7825795911 28.6705613576 28.6769783649 31.3032189732 31.390456437 30.9385884205 31.031684716 29.3715552728 32.0245063212 28.925034623 30.4164495791 31.8703519287
29.853564657 29.7243293869 29.0630886745 31.7726199144 30.0607868062 30.3424909951 31.3683207753 28.5170425554 29.9650871531 29.9586894148 30.7359437545 31.6531792436 31.3521398484 29.7068619658 31.1151626418 30.8831349413 31.1339987431 31.9801516349 31.7510367767 31.9513340036 29.6948214069 30.5185158179 30.4399711296 29.6502917151 29.9585816155 29.8288333906 31.4070291226 28.8372279802 28.900867352 29.1450949331 31.9656517062 29.1217555388 29.6935086512 31.6189860898 31.3368600192 28.9243384833 30.990409493 28.7626529016 29.2044921837 31.0352351279 31.9374855411 29.2362256675 30.1638986463 31.4818539597 30.4596709151 28.8055199633 29.2349154511 30.8428506188 30.5557326384 30.2053437548 31.1231298913 30.9850740821 31.379174625 28.7272488764 29.5783110236 31.6314090687 31.8876928681
30.4268635324 30.2016808716 28.7396507262 28.6431198785 28.6318000901 31.3117048387 30.2264029732 28.8889755462 31.8439066968 29.6790161556 28.7547818083 30.8505242047 29.6385170659 30.8493957113 30.2907399057 30.3444789119 30.0395954423 30.3030924333 28.9062531044 31.6633450569 31.4742339024 30.0537531678 31.6882480778 29.7832649223 28.9213930679 31.2650336237 30.7213810136 29.6911398617 30.8996423514 31.6956885042 31.7720942599 29.4201673908 29.3756611993 29.6047410792 29.5940871345 29.5508263647 29.908109523 30.1453780515 31.6376378666 31.5742763445 29.8528419882 29.6848307244 31.0821465997 30.1995305002 32.0303872045 29.3239367112 31.9053816882 30.5938259053 29.0937242365 31.4022175459 31.0499497168 29.7183380495 30.6489991977 31.122408564 31.4954512577 31.2330108867 30.9398312946
28.5207833368 31.3069206383 30.9743944469 30.6787397797 31.5955966914 29.0618058762 29.0371906169 29.9388001023 29.904296875 31.664457244 30.5591097916 28.8741830311 29.0129996775 29.7772674005 31.5388251196 30.4370052418 31.8188305248 30.9059129173 30.3590521686 28.9740781493 29.8357540672 30.2931291225 31.7601830141 28.789697189 30.3545154932 30.9703710627 29.1793773891 31.5706044932 29.0198792221 31.1734486983 30.6746987107 29.9128011886 29.7045959256 28.7963869794 30.6007691421 28.685646383 29.5889076445 31.1416618298 30.1780483038 31.5788322452 29.4651845215 31.2267251147 31.3877842529 30.9343097928 32.0158322346 30.5709379514 31.7704074727 30.4311251945 31.8847835297 30.7902754468 31.6578106591 29.4087058043 28.6198149247 31.3344505963 30.368645525 30.2349265228 30.0277653819
29.6060190636 29.7310799677 31.7675604735 31.3025766553 28.8062029092 31.0495615742 30.3774431851 28.8038320463 30.3896102972 30.4708416984 29.8714095401 31.5331918244 28.8675931572 28.6764383148 30.3033448657 31.4617295312 29.8836411963 30.998664986 30.8809896504 29.2641643595 29.5446006936 28.6037970564 29.8601312409 31.05603029 29.8426097418 30.7162886836 30.6060741226 30.7843021108 28.5898186315 32.0018373419 30.2894636869 30.1996224527 29.7575929955 29.9893392829 28.9674123213 31.7610148823 29.0061276421 30.8255808572 28.6161412541 31.2904606269 30.5084252195 30.5911480804 30.0988459585 31.2516249989 29.4219230393 28.5716841203 31.1062700801 29.8797415465 29.892561241 30.7567182054 31.3154837402 31.9974833604 29.6569347685 30.5336407915 29.6709201111 31.8623262011 30.5451325707
28.703214815 31.8316647615 30.4683113294 30.9281977328 30.1667663006 28.9519375912 29.6943273166 29.2712647082 31.2869052866 30.5132151252 31.8898233426 28.8143488131 31.214690221 31.1346440755 28.8896991021 31.0486106539 28.5232850781 32.0254875146 31.1575133666 31.5891162176 30.2570126227 29.8688239599 28.5196682352 31.3498517761 29.6779123706 30.0414855756 32.0059247811 30.4253905064 30.2719617679 31.4253922855 30.0491234823 29.8790695488 28.6529001703 29.6690969547 28.8836647486 29.6693793873 31.5074578619 29.9668595099 31.0087647968 31.5649194864 31.4285050655 29.3404628561 30.7091882727 29.8918457521 31.2848281329 29.2281606875 29.5682363674 28.6437440705 30.7822275568 29.1360688553 29.6083874235 31.485703599 31.6294659398 29.9204946737 30.4273392438 29.3807654189 30.7842576217
29.4719941055 31.0061360655 31.6748768278 28.6668968593 28.9392068272 31.34084506 30.6189349791 31.0690854468 31.714962991 29.6099537875 29.8924110999 29.5060487374 30.2439110064 29.5305268105 31.1403757462 31.8696586993 29.8424388568 29.2563163726 29.5262273004 28.9623647929 29.3682966207 31.4564094375 29.9537071705 31.7220417348 30.1032675497 31.332959353 29.1366116033 30.4874444616 29.8929751338 28.5596183797 31.0213407043 29.2120852011 31.41981286 31.5872442887 31.4971641847 30.8432329788 31.1466449273 29.296996779 29.6173352378 29.5785919669 29.9772206195 31.7578809989 30.0517747478 30.499400814 30.3766473669 31.9355378529 28.8248988239 30.6377575307 29.9764057715 28.8828769356 31.5907442765 31.4860877327 31.5986810206 30.4441772297 29.9340543363 31.323436932 30.3951731074
31.9793289545 29.4549992279 31.4819342358 28.6389652422 31.4201587041 30.6348821322 29.3343143382 29.9048858872 28.5495727646 31.6747958694 30.6030361136 31.9074863575 32.0209623473 29.6847669176 31.544453882 30.6157810583 31.8576964756 30.971390883 30.3426141447 29.9565982061 30.8743770845 31.5183895065 31.4155659459 28.8552714183 30.5897760074 29.8493912007 29.7166699079 31.982440151 31.2570201297 29.1502976485 29.0760459004 31.7605430706 31.2180342238 28.8177101062 29.5014221924 28.5815729349 29.6714050738 31.2082409995 31.9030032004 30.5436655589 31.8009200092 30.7415340441 31.3829672244 30.8343092722 31.8385916482 29.7265651361 29.46952651 30.285277392 31.4206442662 29.8552097886 29.173311891 31.7471208775 31.6431808207 29.5093552872 31.0784954209 29.0075947662 30.2339608294
32.0066267775 31.7293804854 31.1414641216 31.8857954212 28.9195040291 30.9305064257 31.6891514282 31.4162073971 29.5274023093 30.1863659915 29.0071240957 29.9460947583 28.6703624586 31.8751488254 29.630361218 28.9663944071 29.0504283746 30.0896494533 31.9552252212 28.5634098427 29.3284613134 30.7426283364 29.7264541268 31.2099361766 29.374440093 31.7510685316 28.7180123358 30.0274249824 28.8982850174 29.9201744945 29.1289017398 31.6089966184 31.520560647 30.8275368423 28.9437754367 29.0533654022 29.5868177687 29.6253524999 28.6902629998 31.6887361299 31.013748901 31.4470896765 29.4641698231 31.9921523018 31.1645154922 29.2237071673 29.0125744459 30.7589493055 30.527445653 30.330679423 30.6053911655 31.1474825243 30.7635510571 28.9045319135 29.6250350944 31.5228814557 29.1873900894
29.8314151153 30.2292420688 29.8093309912 30.9664892913 30.0679643708 30.4926164484 29.6409174436 29.1318923019 31.8068987675 28.7527544001 31.1991745481 31.8358145679 29.8246918249 28.7872449107 30.8768276501 29.3829500443 30.6986088316 31.3712773888 28.8210712774 29.5159676209 28.9152887659 29.2035291404 29.7133832835 30.1809173542 30.6798460079 30.0593235981 31.935537813 28.855382683 29.2686270312 29.5139075668 30.9200200386 29.9102612831 29.3088187252 31.7281054004 29.8215002719 28.5670547626 31.8822795677 30.7890668833 30.5255307755 31.7361476751 31.1394458328 29.6869461394 31.1162903416 29.271414348 30.8811907553 31.8877998901 30.6203555158 31.3449676477 30.049700753 28.5153004547 29.2672214224 29.0117323362 29.8997649967 31.354631744 31.8871663738 29.9518624047 31.7712352128
31.9799887761 28.8989097478 31.9318977678 31.5436914402 31.7134454688 29.2731031681 30.9936735923 31.6109076002 30.7872963154 31.7458964732 29.6602230747 28.6111354306 29.1402956593 30.0570770641 31.736392815 29.7940475391 31.1492847073 28.8795010685 31.1777599342 30.4333091788 28.6926605319 29.7843368679 30.7283078043 29.4142941156 31.3404483108 29.1459622959 30.8437053542 31.0428483512 28.6655749459 29.8001928612 30.4744669125 30.6115180271 30.830162862 29.2896170005 29.4366045694 29.8443834317 30.7530786955 31.9973119456 29.4754498864 30.6263556578 31.4262224365 32.0066637303 28.8329752704 31.3194925751 30.8404805458 31.6117885859 29.1008431413 31.5636578965 30.7286947351 30.7198773485 30.5912507467 30.0598263275 31.5039084659 29.5372587983 29.5876781964 28.7162684626 30.1981354025
29.2176997522 29.0882283543 31.8699965344 30.9842590776 28.5080162977 28.8787840798 29.3132025333 29.8417407482 31.447904329 30.9755822592 28.7798146449 30.8623535173 29.7037312558 30.6782429513 31.369805742 30.7199191684 30.127112098 30.0110070493 31.3776004105 29.5820427253 28.5851873487 31.9671385819 29.3735031811 31.6020480986 30.3159582717 29.0343665974 31.3553898298 30.6551516858 30.3334031091 31.5984569384 29.1890555502 29.0043163117 29.085927422 29.6176448174 30.4194968846 31.7614761339 29.0243613622 30.082637691 31.9306372033 28.8419563798 29.7475022036 31.4238370331 31.0516913653 29.910274951 29.1797990167 29.3923781352 31.0499757607 30.6542552713 30.4281784033 30.8062878968 28.9210611291 30.4037455526 29.532063378 28.8905392831 29.2307933931 30.3621317455 29.3324563291
30.7707935364 30.7290308598 29.5409539506 30.4492642467 31.0041230216 31.0258473937 28.9595877125 28.7990811213 31.4590816701 28.985201233 29.16989724 29.5239528945 31.3408989491 31.0707804696 30.0522237064 30.2747724159 30.3062876675 29.9083588671 29.973841706 31.3448939314 31.1781780195 28.714767127 30.5355665004 31.9508667367 30.0965141353 29.8042051551 28.7127871721 28.956846058 29.4043560485 29.6708008992 31.6956730727 30.3512559793 31.4432241182 31.2734977424 31.4714612514 31.9600365081 29.3586753799 31.6047793035 28.9817117239 29.715735641 30.0193862377 28.5429770118 28.9949262809 28.5485885027 31.504489205 30.5540311363 29.604901682 29.3683563487 30.8172263396 31.7458843477 30.8461259398 30.6311992276 30.5819347729 29.7380684495 30.1909253413 28.5512977992 28.8168668017
30.1774334041 30.0394637958 30.7226802308 30.1747092156 28.7565344358 30.4354134364 31.694861053 31.3649080323 30.6801814292 31.8507495686 30.6569840446 30.3324048474 31.3330035513 30.216085311 30.0635376958 28.5240626075 31.2676607842 28.9419343623 28.5746995555 29.6896552421 30.7141195351 31.7077585225 28.7853965338 30.9271098638 28.9250173224 31.700795253 30.262490155 31.9433605099 29.9516138239 28.9542562983 30.916281132 29.8139809987 29.2046866215 31.6485696566 30.5574945429 31.694419441 30.0958392936 29.7463064094 29.0162200119 28.6583266013 31.4165341526 29.2216823019 29.601918274 30.5770489472 30.0030407235 29.0090892321 31.1120700557 31.2038910459 30.5748566763 31.6192105071 30.6848672808 31.6972845022 30.5092408656 31.6371448681 29.6734333339 31.8208447257 30.6697092082
31.5699359905 29.3920987878 29.7101164031 29.5444146763 29.4846134923 30.0656078422 28.6956006434 29.1611467845 31.0016115916 29.320504207 29.7734170564 31.4055701164 31.686653939 31.3689204069 30.4589553063 28.6328230834 29.2851355519 30.7950246202 32.0055197421 31.0367673931 30.6621858419 29.5758293519 28.7508249347 30.3175614696 31.7610682987 30.5504816471 30.8784725347 30.4507638122 31.2549341251 31.4533045057 31.7521900697 29.9032020426 29.9678575381 30.6470411328 31.1489159131 30.3222728846 29.5291032279 31.5555146051 28.9225126609 31.624800159 29.6297429863 28.5410277128 30.815676006 30.6226062403 29.4338267582 31.1952871235 31.9215307817 28.6984362878 30.8282363492 30.6625582505 31.1827565466 30.0644013104 29.4291117548 30.4701595069 29.9889126337 28.7799161722 31.5059055204
30.1957711347 30.6475076557 29.6601139908 29.5219319146 30.7812064381 31.5185810817 31.5350171174 29.5177349147 30.3222695516 30.9014341699 30.4791520118 29.3862271747 28.8324993841 28.7611228075 29.9489626448 28.9775493165 30.813235237 31.318812638 31.9596844459 29.6507862341 30.7930347641 29.206294974 30.8658184587 30.1757320183 31.014239409 31.2991881352 31.3542496022 31.7503255844 29.8760887323 30.2355084636 28.7983980741 28.9614414871 31.4611690968 31.6132807811 29.9908343092 29.6516496568 29.8311378827 29.5822251831 30.3118759247 30.8862021084 31.6014572032 29.2195466747 31.3332709718 29.216544839 29.9012284349 30.2737958848 30.8320341362 31.5088629468 29.2255116341 30.903326027 31.8127003704 28.7161759172 31.9848621443 29.0545038555 29.0614158806 28.8869176416 31.8692575195
28.9684779744 29.9243499314 31.7147195016 29.7789311615 28.9900417941 29.8845375515 28.7099567829 29.1040188946 30.3031796285 28.8361348876 31.1998589103 30.153478342 30.5976942325 29.1774678187 29.6957986755 28.9597301609 30.8442332729 29.7479125903 30.1673404577 30.0611971871 29.1620827227 29.7417737537 31.4422292538 30.4782848442 31.7215176394 30.118193467 30.3799551718 29.4664751619 32.0226000906 29.0267560875 31.8892815273 30.461442317 28.5755998603 30.2122350804 30.7052235289 28.8533714754 30.0420331309 29.4562711268 30.1122046141 28.5142335865 29.8555125331 31.1316479029 29.4229321146 29.6658926266 30.3631416084 31.5641668492 30.1241227107 29.9022534955 31.7771036537 31.0067463826 28.50958869 29.4813828276 31.4561530969 29.4520914837 29.8378361531 30.9615479973 29.2529762762
29.1625163041 31.200750519 29.3211405401 30.6768713166 30.2556722916 29.3296645545 28.5771217806 30.001725915 30.4627287169 30.9068205289 29.8698977448 31.1637579061 31.3733195172 31.1723800388 30.5645690207 31.6053907867 31.2604169733 29.5107065501 31.0688862759 29.3486066151 30.0782184418 31.8298275766 30.6281716331 29.1716596773 31.9089951036 28.6577275722 30.6811990959 31.0220953742 30.9709493286 31.1072177659 28.9762917428 30.8871519115 30.3005953639 30.2555481153 30.5834830004 30.2294377299 31.9196116056 30.5290686025 29.7563674343 28.7722974474 31.1078974438 28.6810970572 31.854985372 31.19057275 30.073245218 29.0981947205 29.0126123483 31.8629783474 30.852443863 31.6910148549 29.3237595699 30.8107759061 29.7140243679 31.5858606057 31.9868919837 31.9013106246 30.5246486097
29.0691870633 31.8466174098 29.5371734662 29.8986030302 30.5814827806 30.901866332 31.7106610388 31.7317180414 30.4377031864 28.6640967224 30.6520228759 30.326459156 31.017738007 29.8719843036 28.5991466238 28.5092546112 31.7280267769 30.4497399793 30.5404940476 30.5277732207 30.0000128904 28.7466935796 29.1781676274 30.4855772103 31.2095767598 32.0136290823 31.5653942785 29.2208829312 29.9591427378 29.0570304678 28.6014336412 31.0541081503 29.7568936057 29.0249851179 30.5309875053 31.1428660559 30.9564687767 29.8044203719 31.5796182852 30.7356686748 30.4331808972 29.8263712256 29.0257866481 31.725684316 31.7652187171 31.9182535618 30.8641972854 31.2850677258 30.2411812816 29.0743768305 28.9204648104 30.8176088332 28.7749591098 30.5168576464 29.4654864569 28.6820339521 29.5572809981
28.6555190399 29.158573133 28.6846730358 30.1288811373 28.5205574127 29.6888998172 30.7165428463 29.5942934836 29.8547723246 31.938453842 30.5046635182 29.6648264685 30.9525415934 29.3558154418 31.8239477663 29.2227521967 29.7687158536 30.3760560143 29.738889713 30.9611911583 28.8971624547 30.0185287581 29.657916231 29.589623952 28.8399244395 28.5426364579 31.0403249398 31.6414606162 32.027806262 31.5118928896 31.2629617674 31.9321405008 29.7575949868 30.6026851087 32.0188752666 30.4922162119 29.9508493185 29.435879546 30.9957550122 31.1913798948 31.1364394809 30.1666234323 31.9861574312 31.1444861049 31.2336680324 30.2982612555 31.4010908332 31.8243584695 30.1285178389 29.4680186163 28.6297723751 29.3072416017 29.3946891359 29.0780242925 31.6794491294 28.613658709 28.547998815
31.9384743917 29.1479739155 28.942562784 30.020282214 31.911776767 31.8148053646 30.5498594264 31.5845618378 29.894854004 29.1478631724 30.970208913 31.0157559223 31.4500628637 30.4314032294 30.1559232296 30.6999751092 30.5023807079 28.7459080302 31.2053821097 29.3726990473 30.0954762467 30.9897400603 31.2258096889 31.659666471 30.1071425394 31.3084741344 29.1931451527 31.6625609335 31.6158983252 28.7928028922 30.4739819056 30.2455188701 29.5292352518 30.9077344972 30.6311133675 31.4405959789 31.1404846989 31.0393582556 30.1422460818 30.638440966 30.0681077415 28.5054581477 29.5673224096 29.6140713988 30.9639050225 30.5534665232 31.0986748519 30.3733289093 31.8221663359 31.1492539975 28.9795744408 29.5227653656 31.7789084537 31.0190733948 31.6989780892 31.2373758618 30.6505666256
28.7937596769 29.7256272371 31.7495512108 31.9642345314 31.3991056932 30.3412221502 30.3242918527 30.6240835519 28.6614282606 29.771958651 31.0660755791 30.6816875933 29.1415357172 30.1833498342 28.8238749241 31.9118929918 32.0209477497 29.7455146516 31.2008242313 31.6967274632 31.3105832356 30.1193078435 29.5017213332 29.7222988889 30.262359659 30.5969924817 31.4918187094 28.6609251205 29.4951845782 31.731861665 28.9460422814 30.3980092621 31.5140546478 29.5934343864 29.8329258031 29.1916692164 28.8299311977 28.9123037677 31.8525378431 31.6077961976 31.1099941131 31.5638016518 29.8047241869 29.2584914397 28.8121634111 31.9693592054 31.1846332434 31.0135437989 31.6205105642 30.7903920916 30.839178431 30.8045908615 31.7177021833 31.6523498561 29.0118973508 28.9892977142 30.9017815965
29.1647282274 28.769733013 28.9690756315 28.9380463109 29.648004607 31.8937560441 29.3682859368 29.8876111941 31.1703837714 29.972798523 30.7240023363 29.5484686943 31.5405408265 29.4180546431 30.9145231168 29.7050081077 31.0229377547 31.3045496208 31.4223478945 29.2613214481 29.5949137442 31.1249492029 28.8654753464 29.5047471976 30.1201453242 28.9738104874 30.8736488333 29.6188094835 28.5820865106 28.5940589383 28.6624344214 30.9944246823 30.8694997277 30.6960786656 31.7451642326 28.9641286252 31.6091854907 30.0430486382 30.497604407 29.2538900904 28.9122317844 31.3853228904 30.0124711418 29.664846058 31.1215850325 31.6547604808 30.6703738854 29.588919424 29.7920571099 28.882461489 28.7170271057 29.3840211579 30.9049240586 28.5014314198 28.9690828151 30.9683745268 30.440645733
31.5587423949 30.6540640599 30.7476644253 31.7398990367 29.5476164181 29.0437110339 28.8614926533 31.3244012276 28.6635048244 31.095624612 29.6966721363 29.3771371384 30.2340431272 31.0776466756 31.9099255424 30.2720335582 30.9417581813 31.4218454238 31.0367877956 28.8706833079 30.4226112648 31.4718622456 29.2599622787 30.4554157176 30.4068598255 29.1579896346 29.4101585642 30.6401539475 29.2068716725 31.8171761909 31.665823312 29.4705589651 29.9448680766 31.7879985658 28.9070878978 30.4683306256 29.799336786 28.8673861952 29.7684369456 32.0075928131 31.8519550318 31.8632837563 30.0701736076 31.5988122429 29.4937502323 31.5125499414 32.0205206815 28.7834746834 30.7090877675 30.157521836 31.2910456185 29.9325022925 29.5123339581 30.0085985241 31.8880934401 28.9368921678 31.9288018342
29.2981177938 30.3013612648 29.0081897034 30.7707737208 31.3546651943 31.8569015892 30.2494695102 29.9087372872 31.4637265524 30.5408512022 31.1568830826 31.3301655085 29.6928477561 29.5292211694 32.0121610695 29.5200860449 28.7707039717 31.5966961318 31.8880652827 29.045062392 32.0263418773 30.7963922651 29.4603171699 30.7818207302 31.8063329221 28.5002468113 29.2678009569 31.1974469043 30.7427669628 30.778850721 31.188310195 30.3779937141 29.4248664412 30.2770160877 31.0839797103 28.7133714256 30.9658149293 29.8233553483 29.4180961696 31.5136105224 29.6584802548 30.2444183961 30.8822279198 28.579365589 29.5640437184 31.3771224443 29.4361141971 31.6548821176 30.5226212738 28.8993908432 30.2240366114 31.779972676 29.111368988 29.6133942936 31.4447580677 30.5119658141 30.4233492023
