Spatial_Output/DEC/DEC_0638.asc
NCOLS 155
NROWS 192
XLLCORNER 196307.867259
YLLCORNER 449144.565805
CELLSIZE 33.573938
NODATA_VALUE NaN
[rows 26 to 51 of 192, columns 0 to 56 of 155]
0 0 0 0 0 0 0 0 0 0 0 0 0 0 0 0 0 0 0 0 0 26.1274051659 25.3396513141 28.0726267907 26.3933199238 28.3006444253 25.1019985395 29.021551392 25.9598760909 27.9326922181 27.3032827909 25.696958165 28.6294145018 27.4783582418 27.3405943908 25.5798761916 27.6331464801 26.3071148058 26.8557410497 29.1573074387 27.9193142692 25.8039746967 25.5854370067 25.4662093861 27.2036712536 29.1467578426 25.4382488755 27.0900633597 29.2125113192 26.5048212171 27.4168410984 29.3770624025 25.8366500892 25.8181068348 27.1438672201 24.9759480003 24.8677052242
0 0 0 0 0 0 0 0 0 0 0 0 0 0 0 0 0 0 0 29.4448978988 25.5040685622 29.1329430429 26.8871680685 28.1935725455 25.6817342811 29.4090105775 25.6534295193 25.6801344863 27.9050052416 26.4592382663 25.1784885914 28.1413865382 28.8559992227 29.0879134152 29.4384073113 28.1715521284 27.2650567334 26.2123544205 26.6266587818 28.1107983538 28.1851696478 26.5035258971 27.6683078326 24.6801567913 26.744079069 28.8002417685 25.2206067772 28.1271105244 27.8335150612 26.1670247729 26.7302588127 24.8829668143 25.3341386562 26.4854880989 26.6306221514 28.4708313844 26.4738947158
0 0 0 0 0 0 0 0 0 0 0 0 0 0 0 0 0 0 27.2143218478 29.2615218846 25.4337203721 24.9211087756 29.1465880536 26.3372354368 25.3111368199 26.8864889578 25.1658684646 27.0772135164 26.3728797631 29.1290669404 25.4601807001 28.9728216024 24.5897895798 27.6677704868 26.9476800565 25.0824213882 25.0125305034 25.4589937803 25.057243096 26.7864574352 24.7085889596 28.8522946328 26.5878884605 26.7647598209 26.2432441689 29.2990669088 25.1950158156 29.4458071454 26.5037621408 24.9409758632 28.7048630994 28.1082124586 26.6929380388 29.4147534644 27.5225860199 25.1598564828 26.9409999969
0 0 0 0 0 0 0 0 0 0 0 0 0 0 0 0 0 28.0487453779 27.2759466948 46.0703295508 39.9705498807 43.8203490644 25.0807817997 29.1281785072 28.5339917352 28.179317124 24.5990311049 24.7775768089 28.3140589164 29.025910436 26.3525336011 28.3691540508 28.2822755635 26.0513206265 26.0454615201 28.4881576297 27.8217107543 27.4119912537 24.9848258778 27.6195060455 28.7897032672 29.2624321143 26.7216553496 26.0933254635 27.1135109198 25.366568822 25.2606737976 25.268744193 25.7771123943 24.7446878021 29.2730137714 27.3484775865 26.0203031058 25.6493828622 25.4441410926 28.4819681178 28.2363225885
0 0 0 0 0 0 0 0 0 0 0 0 0 0 0 0 29.1711058805 25.4333288299 29.2663268093 50.4379007594 48.8869836382 43.3301110622 27.1062200624 25.8458495287 25.7289295413 27.5957754349 24.6543159616 26.3563376631 26.2763059129 27.3164908649 25.0581503738 27.2889669823 27.6561222572 27.6543894355 27.8817551865 26.253037768 25.2836429662 29.1761158405 27.701244557 27.7826104932 24.720378281 27.065896499 26.4200718446 26.369919723 28.7461496841 26.6273245714 28.1489858547 25.962290724 26.4355878456 27.7968275579 28.2068520239 27.5576716895 29.3028091109 29.3501276526 28.832426014 25.315848869 25.8923024541
0 0 0 0 0 0 0 0 0 0 0 0 0 0 0 27.1519438402 27.5318144846 25.5124039472 24.8119229444 45.083205611 41.7409325494 42.3831967313 46.9601846965 24.9069828283 25.2784497918 25.3452442131 27.3486176419 29.2223340387 27.7208305266 25.5602814841 25.5939751539 26.1809870151 24.6713302669 26.1672861583 25.5396053204 26.2847038151 28.8554944338 29.4008937961 29.3509093247 28.2363133198 26.6446342948 28.3609374142 28.7373703966 29.4239090796 27.6395610853 29.051303058 28.6009856188 28.93774408 28.67731001 26.6807905195 25.323031975 28.4887876345 27.7637316625 27.8270833922 26.0417023184 29.3843944328 28.7094821468
0 0 0 0 0 0 0 0 0 0 0 0 0 0 0 26.4885174358 27.5962960356 25.902839262 25.7607095258 50.4138180273 38.8173782091 48.4227708318 49.2585515365 28.3201439791 24.5228956032 25.9472918898 27.5433801066 26.8318710417 25.4826482865 26.5371290477 24.9492093295 28.4478945561 28.6836178821 25.0620900755 28.7151878743 27.4722858998 25.6242742418 28.9304711788 27.5121464243 27.656902577 28.941740469 25.3322223779 29.3790806295 27.27823538 25.9387989426 28.1486550822 27.1956651012 25.3669456402 28.8089066 25.3233892596 27.9039039399 26.5353940725 27.8961304114 29.0404154206 27.7838797594 29.0557405701 26.6597483752
0 0 0 0 0 0 0 0 0 0 0 0 0 0 0 24.6120779582 26.9271369901 26.620589289 29.1262758017 25.8422692149 45.8035323875 41.7543195229 41.8858572549 25.1050577225 25.8699944592 25.0305659107 25.1212775346 29.2154850515 28.0050106303 26.146159941 28.7088191698 25.7446933414 25.6859297759 27.7745047152 27.4084579595 26.6518619339 24.9582803387 28.7980057297 26.6574438138 29.3707532913 26.6703807872 25.4999583103 25.5868969902 27.6852665338 26.9699105384 25.5333591738 26.7796556182 27.1800848602 25.4464208096 24.622389899 25.1009115226 28.1064539272 24.7611616483 24.8089552677 24.7598637469 26.2963739188 26.4586704459
0 0 0 0 0 0 0 0 0 0 0 0 0 0 0 28.3202177645 26.4054569046 25.931468118 26.9098115525 26.4600742136 28.6087164025 27.3388223776 26.2204155614 26.3241662432 29.3449611319 28.1956062447 25.7481347987 27.0581121669 28.8760972972 27.5691048563 28.9147900265 27.4298981833 27.637563629 27.8554204378 25.3089996994 25.7555321524 27.2554338751 28.6149897935 27.2872754311 27.4191578315 28.1874965301 25.3145313328 27.4984026077 27.5686001858 26.3038310023 29.0464892856 28.2382322625 27.6608720467 27.6998165249 29.3172369354 26.0322712392 28.4688344778 25.5156750275 26.399318154 26.1471575544 27.3933080056 24.6204372648
0 0 0 0 0 0 0 0 0 0 0 0 0 0 0 28.9798126564 28.6446212431 26.5475283456 29.2028355701 25.8086803887 25.1197624666 26.6470033159 24.6525479699 26.6211755883 25.9969297126 25.1021208401 26.1478327604 26.0216417897 28.6740552139 29.0190588175 28.7412737351 27.9830248871 27.1948912832 29.4429738707 29.1927117048 27.9304758008 26.3442767582 28.4756393358 28.8825160117 29.060267516 25.2334180523 26.9732246216 27.444050482 26.5407887132 27.5826464178 27.6645566685 25.7864804519 28.5723680573 26.6947764663 25.0980324976 27.7808137836 25.2540940672 24.5063017859 25.9653144082 29.415214117 28.9240739136 29.4100147178
0 0 0 0 0 0 0 0 0 0 0 0 0 0 29.4212114906 25.1705920848 24.5524848254 28.7103999973 26.5802088812 26.0894217875 29.0408593711 29.2555214839 28.1342758063 24.5342494667 25.3799759424 24.7758798845 28.0673917955 24.8163190559 27.1173767079 27.2062241785 25.9515825995 27.9965544117 24.595531708 24.7141078912 26.2268284281 25.688828928 27.4915475846 26.8965145337 27.7375835314 25.6323083733 25.4211734714 26.8025857131 27.3297176327 26.4056473786 29.3628094518 25.3057658988 25.2928623478 29.0195705305 27.4650417008 27.9540097836 24.8997297387 24.5122875033 26.7727855754 27.8355052256 27.3709976643 28.6220789965 29.1330053038
0 0 0 0 0 0 0 0 0 0 0 0 0 0 28.5978657741 28.1217092409 27.4427572324 29.049621236 26.0737326979 27.771167396 27.4741352403 25.8282618956 25.4959917294 27.9245230388 25.1175395595 28.7552405739 28.0204716246 26.6805263402 26.5980087103 25.669030213 29.274719536 24.9454673959 28.0232641403 27.9124111502 25.714976118 28.4916882819 24.7903833397 28.2780429195 25.7558061535 25.5907299626 28.76154581 26.0297150525 26.3730183479 24.5510772841 24.5180908504 25.7231096256 26.9963499279 29.0825902447 26.8653484379 26.5667497008 26.0262194018 26.0862083736 27.5382668023 29.2370169801 28.0672677126 27.0604518982 27.6047353079
0 0 0 0 0 0 0 0 0 0 0 0 0 27.7942913219 26.5048318444 28.874751372 28.3539931651 25.809192103 24.7723077197 24.983462814 27.4249642821 25.8613129926 26.1710190116 25.7641792448 26.8125372828 25.1203425919 28.0325240991 28.1132437119 25.4796674361 28.2474734368 29.0524545532 25.4632271278 29.0790964584 25.1834445151 24.9354721515 26.0637177815 28.5697955653 27.1563363374 24.7763882776 24.8775260022 25.6708211319 28.6074331771 29.4243483529 26.9230036382 26.8202217016 26.0945080078 28.5742427646 26.861707886 29.0452138265 25.1361021258 28.8559578123 25.6128665651 26.629093827 27.0624091814 26.6071728761 25.2636151045 26.7726059732
0 0 0 0 0 0 0 0 0 0 0 0 26.352239924 24.7885140692 25.761313981 27.0724393698 25.7412682576 27.5506050479 26.0281194369 24.63567847 24.7399374874 25.092307455 27.4951028484 28.5449256568 26.8645818189 26.4117405859 26.9865296213 25.7880054767 49.7367261442 45.3224803674 39.3096820548 26.7712145702 25.9467897955 29.4379029447 24.9235753621 26.5080772475 28.040086177 26.1094585314 47.968744546 47.968744546 26.9592177321 27.3295825438 25.1904778508 25.832805858 24.7931700462 27.9005365642 25.8160683419 29.0095170533 28.5042831641 29.3581121534 25.87363614 26.7231545565 26.6936363691 24.9858566886 27.0011024286 27.7164159656 26.5196691794
0 0 0 0 0 0 0 0 0 0 0 26.8122347196 27.2839725071 26.6721397094 28.5334173482 29.3813649634 25.5343344697 28.8325211403 27.9526801478 28.6192756458 26.7939005694 25.1902210614 26.7686230982 27.1897715172 29.1747709124 28.9250845125 24.5312425425 27.5106700589 46.6218935534 41.9239508373 45.8042880408 28.395256133 25.6929310378 25.5260669912 26.0352695173 24.9509399455 27.9052037479 47.968744546 48.7902030349 48.7902030349 48.7902030349 27.9117575048 27.6138875803 25.7105707101 29.2721653982 25.5199045001 24.6409363088 26.5183035422 28.4771296289 28.2621460753 26.5430237133 25.6835599478 25.1044853015 25.3863427797 25.219660345 27.1392549115 26.1412031716
0 0 0 0 0 0 0 0 0 0 24.7781098734 25.0670313525 28.7090978271 25.5095005867 29.0068121007 25.8331330363 25.2576389514 25.9383732755 25.89598295 25.6727014702 25.6881274612 29.0017662018 24.6733682768 27.6917495217 27.544482985 28.202650484 26.5627688072 25.5266369421 39.7376516784 38.7863019914 41.1471572944 27.4917814856 24.5068337248 27.018819954 26.1009868097 26.0135263133 28.6383672193 25.5046944981 48.7902030349 48.7902030349 20.9509969917 29.0190008435 27.8062139717 26.3216773616 28.535353894 25.2672307013 26.9524156658 27.0067198881 28.4024114616 28.488448587 28.4172306974 27.1751911668 28.5179343826 29.411675531 24.5980039621 29.106415501 27.6380316916
0 0 0 0 0 0 0 0 0 0 29.2506106864 25.6407116312 25.1288702792 24.5669899614 25.4618966838 27.8892160787 27.1380014855 26.0505097041 27.8820488014 26.8589484314 28.9442073522 26.8920950187 27.076143663 24.9857749339 28.667890413 28.5470516415 28.0390111398 25.7902347509 41.5952609461 37.4285613108 45.4042257658 25.8961766458 28.2777360206 28.8320580911 29.3327778817 28.9352645708 25.527252072 27.448034158 39.9508883472 39.9508883472 25.2602790359 25.6335387081 27.5168932136 27.6228382964 29.3820935589 24.7310803119 29.1852067784 28.8701025587 25.0735522596 26.8671117837 26.9618887182 24.7821580395 27.1526904001 25.6432276297 29.4010726105 25.5930255879 28.8265292044
0 0 0 0 0 0 0 0 25.6542278744 27.3087820767 27.6168564722 27.3649491348 26.1983236803 25.1235433516 26.7857109057 24.6750915111 27.14629025 25.8405105317 24.6989042955 28.1076663693 26.9647316837 28.6867116145 26.4214986601 28.9098691822 27.037429144 28.6712751093 25.6015330055 28.2526938357 25.6793018456 25.387288835 28.0848300053 24.5341568797 26.7074261455 28.799063175 27.3606010984 28.6001506003 25.10251418 52.2306845228 52.2306845228 52.2306845228 25.6840068597 29.1034717504 24.9194877274 26.895641571 26.3599685888 26.1829267932 26.1865925355 26.8782277237 27.9774991283 28.2820173106 28.2484879738 26.7501539973 26.3979905459 27.4855622238 29.212786906 27.1871563287 27.1558789376
0 0 0 0 0 26.7873495851 24.825307369 28.4786647072 26.2494200416 26.3535942158 25.1989330303 26.3940639936 25.83822508 25.0268206976 27.2877896414 24.9452743912 25.0529055547 26.1339019393 26.8066787484 26.7840672976 27.6009633451 28.6198793688 26.6647427595 25.3313221058 26.0454488469 27.5931789765 26.0321298887 28.0120810994 28.8120266568 45.4039872187 46.00929655 40.9126457476 24.9933997778 26.4835076536 24.792657884 27.8225525746 28.9111419636 27.4443114957 52.2306845228 52.2306845228 29.1862277517 28.7177098379 29.0002756514 28.513072385 25.2309872607 24.7262404854 27.6973618982 25.3839434063 26.0717382289 26.4677175863 25.9346045136 27.0247586068 27.5458794379 29.4049259825 29.0513797558 26.4603764891 29.0665472113
0 0 28.4136403651 25.7182346256 27.0433558826 24.7153534461 27.8861101886 25.8478023421 28.5922575026 29.0072528524 26.6337187129 24.6719372494 24.6264553766 28.3044591586 24.9472075878 26.7313078588 29.286023445 24.9195928402 26.7274411742 27.5513622981 25.7990181463 27.1870541235 26.1095421698 27.826675738 25.5785257628 26.0351754845 27.9882516323 28.1656343495 26.775282971 44.4153664546 40.01453474 43.6253966942 28.6261426057 28.9630159294 27.5047311867 29.1427997521 26.5153221288 26.6240095624 27.4047954313 25.3445358336 28.5861745032 27.1524641778 25.8483779219 27.8092916751 25.1699094313 27.7974307659 26.9873374076 25.7889161805 24.5832261247 25.4705675705 26.8349534658 26.5525497406 24.5511999157 28.9218088144 28.7905085043 27.3620990559 27.4373310149
0 25.4922781306 25.2143840965 26.2938317485 24.6927491306 28.5349686921 28.9206167443 24.704711206 26.440652105 25.5592011792 26.4312047412 26.1812461468 26.7078632194 27.9190060862 26.6965773956 25.2183432711 29.2844836171 24.5076980643 24.600759665 24.7744099273 25.2693801611 25.5542088971 28.2184495576 26.582238739 27.6816836668 25.3598122466 25.8357962788 27.0950873419 28.147051438 37.7482493149 37.3356233969 43.7051330239 29.3033457016 26.5647321506 27.4801034713 26.1371433872 28.7852773856 26.9748867368 29.0472498743 26.5032167709 28.5825499214 24.6184099154 27.3564108642 26.2861410551 29.0717546998 29.3233768914 29.0076780514 29.3469073426 28.8103910913 27.05792307 24.5530228256 25.2135057786 28.5385876493 27.5290050669 24.9838282754 29.398034232 25.4203819806
28.9797552004 25.9738219976 26.5263016965 28.2730160471 24.5841659945 24.8104140002 26.4557826185 26.1438098777 24.5519451057 26.4577311379 25.1161018987 26.6212181846 28.2703185366 28.1935919773 27.8951720364 26.8560380846 29.0652879266 27.7254886939 26.4228478247 27.6044064001 24.9054680221 24.6728025595 26.7699135079 24.8683385724 28.7487898649 27.0238059706 27.5934967308 28.9780158117 28.1002172536 28.1036834073 24.7019691445 26.525253679 26.6069392775 27.3049732848 25.0790173904 29.1469960533 25.7794030847 28.8475275731 28.1224135213 25.8061019741 28.296091691 25.7001327586 28.2664297549 28.0410924824 26.8681135438 25.122991926 29.1023665465 28.0463316253 29.1566993836 27.634431853 25.0264188178 27.0776640956 26.0846730243 25.5417481442 29.2407359166 28.1101613009 26.4891775083
27.3851320665 29.0430844243 25.8473959104 26.0794732601 27.508859841 26.0962277944 27.7106072364 26.4259869894 28.6256260344 27.7250078555 24.5606616879 25.5540869626 26.712056581 25.2346834009 27.2699226801 25.6622209713 28.554068419 29.3229660101 27.4380586719 26.4150140729 29.0004575075 27.9071181377 27.1721778289 28.2061713559 25.3997790777 27.1693062093 27.362904395 27.0648122994 29.3860094235 28.4114611155 26.4216702601 27.8528654891 28.3320068238 28.0138167705 28.4477270262 27.5917930665 26.9598260604 27.1799646214 25.4436969374 28.7140205646 26.4724524994 25.1458692779 25.453671235 26.0561918447 27.714854398 28.2061695373 29.0953258404 27.3767209276 25.9419354079 29.376493287 26.8345313396 28.3924599445 24.9445547022 28.8009280526 25.939992247 28.3052349591 26.8236367902
27.1221866823 29.0733299476 27.4318205539 27.0247161597 26.5867363874 24.5331743263 25.888016597 25.9733348654 24.7872999352 27.2618479677 24.5008889164 28.104965523 28.9298388363 27.6863549396 26.4141767824 27.5652423827 26.3088106793 27.8078911114 29.2633427548 28.5886325932 24.7350947911 27.9984679106 28.2136346143 25.1383436794 27.0506266968 26.7866718211 27.9358068482 26.5928949871 26.0920191638 24.836652055 28.6440156093 26.0519665485 27.2254063174 25.8395708274 26.1257927204 25.8502175726 24.9201121761 28.2453218862 28.00259283 26.0382994156 27.9856198446 29.2886930869 25.7114536687 25.3553938405 27.9689304962 28.4404010782 27.6985924155 25.3974507196 25.7393366615 26.481978088 27.7451849986 29.4374591783 27.3572249185 27.2397286249 28.7887292763 26.4838493634 28.2220578472
26.5095815406 29.3061099974 29.4324739441 28.6515062117 26.4598938354 26.7049878644 26.198849703 28.3736424781 28.934115998 28.4225394742 29.4081687464 26.8628958501 25.5752683822 26.2832716486 27.0419269595 28.8844861237 29.2580768623 26.0300166415 28.8384353425 25.8765511024 26.8986951741 25.2688561139 26.2235253388 27.0667355544 24.6415623112 29.0940616729 26.2010123739 26.878877894 28.1957018837 25.2608355658 24.5231364498 28.5978315284 26.6774721488 27.0412088933 29.1150873357 26.8732157161 28.0476622059 25.0369435691 26.7999079046 25.9235057318 25.2931094758 25.0134901683 26.585435239 28.0360677395 25.3874936918 26.7091534957 24.5375122187 25.1769885457 29.3914347585 25.5912440443 25.0735758747 28.2041144524 27.626899887 28.6072824544 28.9796492494 27.7858244528 27.2115084404
25.4650114695 27.2239158403 25.8256283185 28.9924713239 25.5825083375 24.6916632399 25.1253476867 28.7312945457 26.0997387282 24.8981258345 25.7462086679 24.9052806247 27.2249326598 28.5634510928 27.5896253682 28.7484943151 24.521889323 25.7706479073 27.6430087114 26.5582412498 29.3431149712 29.3979752417 27.7015066941 25.3941252057 29.0806413662 28.4813034802 25.0636112642 28.1727484808 29.2996297234 27.3185778988 26.7960729597 27.3551746807 28.7403201993 28.628004672 28.1880066093 25.3642041133 27.0709119697 25.1770325059 28.2940955321 27.8349415701 26.7132466219 26.6503878647 28.3883791529 24.7047550325 25.0933438204 27.1255850787 27.6103854225 25.965914215 28.2098728589 27.8841942852 27.867629844 28.2958313901 29.3417537545 28.5515511259 25.1591038606 28.2753867197 28.3087596188
