Spatial_Output/DEC/DEC_1173.asc
NCOLS 155
NROWS 192
XLLCORNER 196307.867259
YLLCORNER 449144.565805
CELLSIZE 33.573938
NODATA_VALUE NaN
[rows 78 to 103 of 192, columns 0 to 56 of 155]
0 0 0 0 0 0 0 0 0 0 0 0 0 28.1553442448 28.0497866568 27.9008606224 27.9949503723 27.7120199511 27.9695898804 27.6137895709 28.1808777997 27.8457647315 27.5209841029 27.5113684536 28.0927033568 27.8599370298 28.189737845 28.1926162993 27.8638908158 28.0424661134 27.9142257219 27.9007808615 28.0114352507 27.8924328641 27.5982235035 28.0845777002 28.1965538544 27.942423579 27.9138028058 27.9191390981 27.9020551639 27.8822978167 28.0104138377 27.6168867573 27.5874902201 28.1068240606 28.0386903545 28.1196363374 28.0952487498 27.9593442198 27.5306750465 27.5375731265 28.1802887762 27.8604499944 27.7900566234 27.7905165925 27.6876346643
0 0 0 0 0 0 0 0 0 0 0 0 0 28.2003535929 27.58519621 28.0469359771 28.1507108147 27.7608047258 27.5402412772 28.185545341 28.1537278354 27.7944926178 28.0840287448 27.907544724 27.9498408017 27.9357139896 28.177165281 28.0379244791 27.8404897721 27.7653343339 28.0964361671 27.859207675 27.8054939425 28.1664873085 27.8809068782 27.8514999532 28.186127311 27.9839791141 27.7478694507 27.6152720747 28.0632328266 27.6832804275 28.175321428 28.166731965 27.95652696 27.8862119949 28.0338656487 27.9046095176 27.7582304367 27.9963304147 27.931388114 27.5457618049 27.5691642547 27.6624310351 27.9696039223 27.6867167696 28.1370348297
0 0 0 0 0 0 0 0 0 0 0 0 0 27.7730365541 27.5225991072 27.714078834 27.8339638774 27.5122336832 27.6430113411 27.9860993869 27.980566661 28.1127402151 28.0547243163 28.1550471524 27.7302727865 27.8888141321 27.8626044207 27.7510014485 27.5817503921 27.6707407191 27.6153140415 28.1492406431 27.9207192831 27.5778612048 27.7728427648 27.6735008569 27.5986958496 27.8439026364 28.0346077026 27.5924210654 27.9832378995 27.6501310257 27.6525367958 27.6062950263 28.0343845732 28.1979169923 28.0581993464 27.6427350068 27.953857474 28.0227591928 28.1110446074 27.7701662448 27.9943312407 28.1684384375 27.761684232 28.0202126429 28.1860942555
0 0 0 0 0 0 0 0 0 0 0 0 0 0 27.6396529773 27.6845325659 27.8543458408 27.6749463292 27.9783895985 27.9255828631 27.9529091106 28.1025572878 28.045027105 27.7731382948 27.9432217501 28.1056801783 27.8919705679 27.7573152734 28.1009212301 27.9219674781 27.6974487217 27.5652734127 27.8027370383 27.8712864114 27.8895192156 27.8620917248 27.9514197658 27.8973517062 27.8726926648 27.5535146531 28.0081812914 27.7004980466 27.6841783527 28.0350089261 27.8393287319 27.9287341709 27.7405931245 28.1719765682 27.5834464832 27.9849516443 27.5019099582 27.7653658484 27.7214822365 27.5603859472 27.7389839513 27.7069304617 28.0286282864
0 0 0 0 0 0 0 0 0 0 0 0 0 0 28.0213935921 27.7437803033 27.5595646316 27.6220426408 28.0667589568 27.8405374903 28.0577567589 27.6466605041 27.5342508052 27.900959762 27.682110531 27.7969697544 28.0087624842 27.6879533617 28.0909491061 27.7424487437 27.9659631137 27.660528288 27.6448132436 27.9224655456 28.1676516782 27.833153899 27.8267814226 27.7799240834 28.0317352639 27.7740409357 27.7463700182 27.6307611114 27.9384394578 28.0785887966 27.884379084 27.8371774624 28.1460062678 27.7624420466 27.5977343335 27.6581792512 27.5455060917 27.9072990292 28.0923982021 27.5002684319 27.6431933662 28.1105534879 27.6367892056
0 0 0 0 0 0 0 0 0 0 0 0 0 0 27.5000149136 28.1407311648 27.5229567975 28.1051028682 28.025546131 27.8049530633 27.943451837 28.0810281253 27.5863325141 28.0244243335 28.1683059185 27.9227590437 27.5692772154 27.8617055018 27.6956454477 27.8300423555 28.0056969972 27.7001667133 27.6619617961 28.0776740758 27.9054456917 27.6926058773 27.7057810429 27.9528345209 27.8029672327 27.9141198861 27.6610930659 28.0042548084 27.9682707627 27.5162446993 27.948529505 27.8619229142 28.058688976 27.8964995289 28.084943089 27.9249364806 27.88636371 27.8116386208 27.668255093 27.8018658481 27.5344685172 28.0885010136 27.6897861504
0 0 0 0 0 0 0 0 0 0 0 0 0 0 28.0879275365 27.5154635917 27.8495740711 27.5194048572 27.599213233 27.5611427601 27.7611296983 27.7187693578 27.8087628429 27.8664733216 27.7021971826 27.7727044728 28.0679013635 28.1928838091 28.1838867304 27.6698274166 27.9433080131 27.6866970563 27.8139817575 27.8919832821 27.5024205669 27.8139027156 27.5140701558 27.8135002561 27.9337722972 27.5190637191 28.1077687095 27.7063882023 27.7804368722 27.6041498175 27.6251141963 28.0536152865 27.9699786474 27.7412449299 27.7900588737 27.7092236414 28.0156240445 27.5369086582 27.5368956613 27.8927101577 27.6904888089 27.8696517804 28.2063121756
0 0 0 0 0 0 0 0 0 0 0 0 0 0 27.6003659855 27.5107693027 28.0925869678 27.6051502787 28.0511896153 27.9985798986 27.9795031446 28.1100252342 28.0315902288 27.5672158071 27.6514832623 28.1733642664 27.5940468441 27.901426886 28.0434754133 28.0704438663 28.1972223078 27.9398048733 27.5248510415 27.7317600758 27.98820799 27.8789989863 28.2039047723 27.9175682497 28.0727182195 28.0359830109 27.5837887669 27.8358686289 28.0600292652 28.0763032703 27.9083704374 28.080304537 27.7480230987 27.6325119308 27.5871157081 27.6817400943 28.0250179255 27.7783323715 28.1828280506 27.5830813086 28.1935057304 27.9043243605 27.595472674
0 0 0 0 0 0 0 0 0 0 0 0 0 0 27.7457781535 27.639245828 27.6577970692 27.5053052483 28.0175494353 28.0114759596 28.1508279839 27.7603724318 28.0813595856 27.5171984969 28.0725736945 28.0848209263 27.7547211836 28.14666389 27.9553725021 27.6404162811 28.0731187016 27.7214851738 28.0002790676 27.7238516099 28.0788381918 27.7867624162 27.9331196845 27.6492201206 28.0042148255 27.5387749691 27.6545586405 27.8741803982 28.0493298813 28.0080705002 27.788999939 27.826920204 27.5693961651 27.8170082068 28.0241372582 27.8404053398 28.0915427417 27.7052429136 27.8511454846 28.2059782064 27.7167472497 28.1455169881 27.814733573
0 0 0 0 0 0 0 0 0 0 0 0 0 0 0 28.0112455133 27.5324826233 27.6079083558 27.7556981805 27.5281222635 28.1885863513 27.9367901226 27.9253276501 27.8975784679 27.6697563623 27.5611870559 27.5703919919 27.9480880474 28.1477752029 27.5463219558 28.0710069823 27.8885145113 27.5657162036 28.0323819977 27.6493790991 27.6793133713 27.6354061515 28.0562988018 28.1309666357 28.0662092663 27.9814245078 27.7738124397 27.6980568678 27.8110643993 27.5116459969 27.627443682 28.1675595827 27.7785164675 27.7917842422 27.7604614524 27.9741581791 27.5150217695 28.0684362374 27.9760478998 27.7064944097 27.7614153268 27.6678726097
0 0 0 0 0 0 0 0 0 0 0 0 0 0 0 0 28.1946170215 27.7967431973 27.9532403728 27.916232771 27.6250513551 27.614055289 27.9514921757 28.128092272 27.5008869529 28.1180899643 27.6395546044 27.6769851152 28.1214750205 28.105445573 27.8779488623 27.9842467749 27.7349104174 27.8478618448 27.6625225896 27.7938633403 27.8658489401 28.0529849512 27.5532502402 27.5608410872 27.6264948341 27.7141002302 27.6447621673 27.8518003631 27.5369623836 27.9795656557 28.1500401875 27.8936217714 27.7684535706 27.8651393721 28.1893186828 27.695375302 28.1317336934 28.1382909728 27.7467498121 28.084440216 27.7253362784
0 0 0 0 0 0 0 0 0 0 0 0 0 0 0 69.7571762143 20.3144227029 27.9402973565 27.6139835948 27.646991606 27.7399070249 27.9716194125 27.7656256425 27.6350351402 28.0858975206 28.0802028649 28.1636641651 28.1911029907 28.0011008025 28.1096216325 27.8915249448 27.7166668571 27.6771869421 27.8611241443 28.1243315601 27.8171314708 27.5313457477 28.1055852659 27.7699448819 27.8683908359 27.9106406496 27.9037262856 28.0133247768 27.5867258571 27.551659346 27.660745885 27.6117552714 28.0632291552 27.8456774118 27.9510923539 27.5288467399 27.633320219 27.8046666496 27.8567706981 27.6480185471 28.1266612834 27.7958633952
0 0 0 0 0 0 0 0 0 0 0 0 0 0 71.1128159093 71.1128159093 69.7571762143 0 28.1566330688 27.5649383697 27.7922927956 27.7700657073 27.8907564678 27.8156853333 27.8119795023 27.9352542616 27.9288924025 27.7758521751 28.0609697977 27.6470400234 27.6299760918 27.5800056319 27.8054734271 27.634516784 28.1380865116 28.1341435506 27.5145224424 27.588088054 27.9221593764 27.8524100813 27.8844641236 27.6685592437 28.1891703747 27.6832058725 27.9209419912 27.6643892716 27.5108075146 27.6786219313 27.5203354349 27.7551874524 28.1861785609 28.167188252 27.541378487 27.7893035126 28.0885429592 27.7905993627 27.5161764929
0 0 0 0 0 0 0 0 0 0 0 0 0 0 71.1128159093 71.1128159093 0 0 0 27.9023884486 27.8847264947 28.0184952001 27.9053156509 27.8288592891 28.1057114279 27.7091313673 28.1313564318 27.8169318152 27.8498000368 28.0094083272 27.7265373526 28.0347937268 28.008263534 27.944264102 27.7157947348 27.9243448801 27.5205100374 27.5133561156 28.177296663 27.5131945771 27.971180149 28.0817570867 27.6151894161 27.6060708967 28.1319409353 27.8435076072 27.977421596 27.6691646088 27.9555819288 27.882249925 28.1930875666 28.1005725159 27.6326519069 27.6513503853 27.651765467 27.8637797778 28.2021099121
0 0 0 0 0 0 0 0 0 0 0 0 0 0 0 0 0 0 0 28.1352872019 27.8129013331 27.9191530159 28.1967897916 27.5640486642 27.9931182519 27.8439640031 27.6595281454 27.9648426474 27.8722195306 27.5313341425 28.0784470888 27.5345615162 27.6932045974 27.8940546706 27.5922945093 27.8368750982 28.1093667714 28.1526432865 27.7197659684 27.53316362 27.7656620567 28.1730412173 27.7307519492 27.7587646855 27.8706290662 27.5509875025 27.999237248 27.9534868706 27.9007134153 27.7001142041 28.1417842599 27.9840563475 28.1665674912 27.7175751103 27.8759196706 27.6168159439 27.9235905377
0 0 0 0 0 0 0 0 0 0 0 0 0 0 0 0 0 0 0 0 27.5158523148 27.649823856 28.1539829263 27.5149528353 28.1584309376 28.1609585125 28.0245656342 28.1071932773 27.5203413696 28.116205819 28.2034436904 27.6848499348 27.5618465698 28.2060152467 28.1462728972 27.8873530284 28.1198455419 27.9951895014 28.0580977722 27.9281933109 27.8631046145 27.5707032453 27.8524972206 27.8942771465 27.6591519288 27.9652745084 28.0353390413 27.654742226 27.8267885536 27.7533459394 27.8557913365 28.0343520796 27.8660774285 27.6846433359 27.8723148741 28.0668209698 28.1094591288
0 0 0 0 0 0 0 0 0 0 0 0 0 0 0 0 0 0 0 0 0 0 27.8828129279 28.1045138206 27.9377736024 28.1440901549 27.5178327079 27.7152119005 27.7441277656 27.721894435 27.9409310349 27.7439355335 27.5561793365 28.0895594487 27.7129733811 28.1922917047 27.9005490713 27.592079767 27.7390619668 27.6125704528 27.9521436349 27.6029167809 28.0057906465 27.7969241785 28.1158560442 27.5588831112 27.8488552857 27.8727422644 27.6525481362 27.7282712376 27.5169101077 27.6757973551 27.7586559901 27.9761344378 27.5054363722 28.1241933144 27.8372148913
0 0 0 0 0 0 0 0 0 0 0 0 0 0 0 0 0 0 0 0 0 0 27.5838827926 27.836314281 28.0009937619 27.5482333884 27.7515465023 27.5853829041 27.8548122367 27.9015351361 27.8253453417 27.6244945433 27.852995601 27.654722977 27.9857359981 27.9975905229 27.8857602947 27.8302548855 27.6545099106 27.758300643 28.1148024635 27.6134799402 27.9466139295 28.0000332355 27.6948157706 27.618224297 28.1385664803 27.9479600582 27.9875417159 28.0746295263 27.6577471404 27.5822380131 27.7259308309 27.9841286752 28.0982176413 27.9843732774 28.1451616527
0 0 0 0 0 0 0 0 0 0 0 0 0 0 0 0 0 0 0 0 0 27.9801189603 27.999284546 27.7888520481 27.5094388997 28.0849934295 28.0531936699 27.6087570696 27.990564827 27.6027772031 27.7177320319 27.6042928541 28.0623292021 27.8728905409 27.7716606101 27.502128877 27.9950232555 27.8326529275 27.5378518502 27.8080199659 27.8704863472 28.0270886119 28.1353706163 28.0992656952 28.1405379063 27.9269569281 27.6804672584 28.2049452847 28.2034247017 27.8427138639 27.6774989639 28.1128840571 28.1323430966 27.8031702534 27.5431375148 27.6395476439 28.1156492424
0 0 0 0 0 0 0 0 0 0 0 0 0 0 0 0 0 0 0 0 27.6033560473 27.8495489108 28.0185354838 27.6982626155 27.9640864098 27.8792878677 27.9236507765 27.8870782702 27.6888635012 27.5726845205 27.9418584531 28.1412198654 28.0983860004 27.9124410171 27.96710452 27.8933930369 28.06013595 28.1370465232 27.5811365281 27.7446441867 28.0210723249 27.8853610108 28.1246559825 27.7683221024 28.1196068922 27.7103237677 27.9251783291 27.5029733751 27.6386487972 27.8011445428 27.9465783177 27.5995508999 28.0540059574 27.8285771275 27.9753900661 27.5277825453 27.8228256503
0 0 0 0 0 0 0 0 0 0 0 0 0 0 0 0 0 0 0 27.6681174576 27.572655076 28.1687450646 27.8380438531 28.0497437609 28.0815823628 27.6265935945 28.193979171 27.813010177 27.9971656881 27.5990469886 28.0743519824 28.1447129298 27.5331503341 27.5252832206 27.9660755675 28.195401059 27.7756915922 27.9918925924 27.9142097901 27.9829353266 27.8673348801 27.7855378445 27.9223669179 27.6457622278 28.1886597575 28.1854228635 27.8267522387 27.5565865417 27.7730715162 27.6080170285 27.9646129176 27.8773216185 27.9180960629 27.8784007106 28.1183587159 27.7808426699 28.0548789009
0 0 0 0 0 0 0 0 0 0 0 0 0 0 0 0 0 0 0 0 27.9891650255 27.962743626 27.8393557069 27.7614845383 27.8237674385 27.7572539358 28.063347753 27.568311321 28.1686961383 27.7087472103 28.2001926742 27.9887923073 27.7727843432 27.5794634617 27.9411030155 28.1391057017 27.6411843801 28.0895542051 27.6559548352 27.7872858131 27.8941369118 27.6303549941 28.0700934941 28.1361920488 28.1825823112 27.9673691641 27.9881543229 27.973372406 27.8568505393 27.5834549589 27.6536605428 27.5100838713 27.6317056837 27.5548313618 27.5822983046 28.1426685355 27.8039723852
0 0 0 0 0 0 0 0 0 0 0 0 0 0 0 0 0 0 0 0 0 27.5949144212 27.6275753879 27.7452338977 27.5039980557 27.8736877655 28.0304586219 27.7045773363 28.0429358013 27.6396365477 27.5836367798 28.1484387016 27.6619964967 27.9314066517 27.6716866984 27.6347389648 27.7375557783 27.5372279044 27.9840867616 28.068970846 27.5532535559 27.9205536789 28.0833405791 27.5727404148 27.5360329081 27.8812500292 28.0714046617 27.8376699641 27.7247874531 27.5964651642 27.8363359593 27.7443352889 27.6536890539 27.6036774903 27.6366281918 27.8304343404 27.5755758191
0 0 0 0 0 0 0 0 0 0 0 0 0 0 0 0 0 0 0 0 0 0 0 27.8743516791 27.5989461179 27.9859182768 28.045358373 27.5995773778 28.0814785523 28.0354925254 27.6556040641 27.6887891327 27.5731460756 28.1702760063 27.5344466871 27.6904122166 27.7046019296 27.6542560839 28.1768613316 27.5039757888 27.8323226888 27.5196257683 27.6931851566 27.5697947866 28.0101314829 28.1274021746 27.6809963194 27.5704187091 27.7569535881 27.9612546055 28.1256320088 27.842202761 27.8203821815 28.180342566 27.8673873979 28.0339660805 28.0111480964
0 0 0 0 0 0 0 0 0 0 0 0 0 0 0 0 0 0 0 0 0 0 0 0 0 27.9693936252 27.7649956348 27.5058728037 27.6643980853 28.0654826394 28.1553416037 27.7603604612 27.5381650495 27.915709826 27.7123660158 27.86956793 27.6343294087 27.8655883385 28.1600129694 27.8330481651 28.109167681 27.7674539128 27.5779613083 28.1890972232 28.1823089999 27.5558668164 27.7668642026 28.0646236588 27.5785571871 27.7461227511 27.7735689566 28.0814820283 28.0899333746 27.6477030875 27.9021120694 27.9043392637 27.6325564247
0 0 0 0 0 0 0 0 0 0 0 0 0 0 0 0 0 0 0 0 0 0 0 0 0 0 27.903696906 28.1803598369 28.2059850388 27.6106021351 28.1107531353 28.0726610475 28.1347365819 27.8441718336 28.0097922516 27.9369527668 27.7205387545 27.5380072654 27.9942611673 27.9107721165 27.9045594377 28.0541678376 27.6810039989 27.6791580436 27.7811363284 27.8675899349 27.9964649273 28.0151553026 27.5321651169 27.7364377685 28.1468158984 28.1739097686 27.6267083829 27.8418573912 27.5867372048 27.5601570021 27.6008520408
