Spatial_Output/DEC/DEC_0645.asc
NCOLS 155
NROWS 192
XLLCORNER 196307.867259
YLLCORNER 449144.565805
CELLSIZE 33.573938
NODATA_VALUE NaN
[rows 130 to 155 of 192, columns 57 to 113 of 155]
27.7719779835 27.9901765369 28.5318482057 24.9354799085 26.1852218191 28.8750667196 57.1981772763 57.1981772763 63.3995740899 64.211876538 40.8533657958 56.950027716 27.7035730238 28.1242661738 25.2084112106 28.2297360387 27.9892987016 28.2309416272 28.8356016258 25.1796586213 27.3506898483 27.9784052216 25.5071668832 25.3686283607 58.3944850627 44.9641685207 26.7171149735 25.5218925352 25.7654156259 29.0954751684 25.2624311384 26.4791075142 26.2577215865 29.3652448072 25.2376736632 27.8179392582 25.2986129788 28.9354717097 27.2104501928 26.7030503651 27.0647843393 26.8287047456 24.5770651268 25.6256343329 28.1606483851 25.9332032501 28.4679330866 25.9338757696 25.6458445623 24.9592572423 29.4385941225 27.9402615009 26.7935517512 27.559357315 26.1403452938 25.5039726929 28.0340412924
27.4248384032 27.783286619 53.8577971327 53.8577971327 29.0863873315 25.0232387487 28.1809350937 25.2094940796 28.3801692951 29.3474222172 24.6315397294 29.1193648476 27.8696796357 29.2658387181 28.5403177788 26.6444437134 28.4009455168 28.1048374206 29.0764543925 24.9671659839 25.8693423938 28.4267904874 28.1274110019 27.0013912207 44.9641685207 44.9641685207 44.9641685207 25.5821607737 50.5254766917 24.6621643788 29.0537369521 24.7441056263 26.0262713925 27.0980109539 25.4802350042 28.766662466 27.3277546819 27.7915534858 25.0024953671 25.7021993252 24.8333600184 25.1911401911 25.9449901019 26.5492951097 25.519536204 24.5973117179 28.8949102114 27.0357376791 25.3362357001 26.7154455051 26.9217813713 24.8615847979 25.9475924245 26.333596894 25.7972258396 24.9232843739 29.0883835593
28.0974919715 28.251395369 53.8577971327 53.8577971327 25.4195412979 74.8821466413 26.3415656805 27.6395855753 24.9219762742 29.3125076065 27.9060276895 29.0483139563 29.0815726742 25.4785298694 24.9734894721 25.1351124949 25.2525122351 25.8787383522 25.4653749376 27.1699921808 26.2288007618 29.3177691584 24.9587994377 25.4777048817 44.9641685207 44.9641685207 25.2050509691 50.5254766917 50.5254766917 29.0337712195 25.4471472702 26.915430786 26.7409891209 28.7296099428 26.0330467721 26.8191179463 25.4791451996 25.1538201645 26.3604320751 24.6665834102 27.1297413531 25.0313823243 28.3320881633 28.6525852239 26.1180465077 25.2926649112 25.6614511782 24.5171624287 27.9489216143 29.355910464 24.7748970984 28.8131876402 24.7767184063 29.0803920054 24.7492259195 28.307415855 27.9901533722
25.4546566346 25.458025654 25.2789464837 26.6984070032 25.1872244483 25.6534522263 27.4483630431 26.8778737604 24.9458561195 26.1851557003 27.7286127826 25.2011661135 25.456439491 24.8075054066 26.699160148 24.7291403246 25.5045442071 26.5371181963 26.2291318453 27.3781083416 27.4191562017 28.3053692668 28.5677231692 27.2331007041 26.2304167524 25.3634137178 24.5393011155 50.5254766917 25.3902917591 25.5047787347 28.6709738068 28.270504417 26.7180589994 28.3693142666 28.1315715416 27.570092104 26.9075819664 25.8309610388 27.3514849079 27.7021297183 25.2500200358 28.7470253242 28.6415585624 28.4977670726 24.864035644 25.438809767 26.1728768006 25.8509566853 26.5231206489 28.0543134215 26.6017652726 26.8842446597 29.2174336736 29.2083871296 28.7031297168 27.8831554325 24.8488380037
24.6572298396 24.6579457168 28.8907439962 28.6961179337 28.0323354893 25.7144910459 27.7783300036 25.5729085028 26.7565298524 26.6601146443 27.3131555452 25.519484712 25.7753076905 26.8108949848 28.3249238362 27.8006753404 24.6633875154 28.740734056 25.9098698943 28.8166734193 24.8860412699 26.1898594173 29.3553118248 27.595150091 26.5763644254 26.7629961084 25.0457426407 27.3702536683 27.8543643977 28.3212450108 28.5827603629 29.0219547354 27.6688834767 25.9460396709 28.3545326021 27.2648730879 25.263655677 28.7200705691 28.6883415841 25.0048968462 25.3563772786 26.6128470108 24.7525360206 26.9749217476 24.8439033532 28.8119613396 25.4066187631 25.582852022 26.5821333715 25.5359523977 28.6582284499 27.1017814756 29.2062023484 26.9126409669 24.8147193153 28.798191568 27.8525387438
26.1518868837 27.7030914069 27.0945500159 25.6935386596 26.478538136 28.6176326252 25.4294943604 25.4326086535 25.4237797906 24.9222657071 26.5287691113 25.7547725113 28.3319036079 27.9797254943 29.2611972614 28.0292296261 27.6471227008 28.2134469448 28.8320676296 26.800116317 28.07554312 27.9042997657 25.3900517411 26.5917459631 28.0013265367 24.9821308235 24.8499128223 27.7335807964 27.2205284949 29.2999990398 26.7640201832 27.6200125199 27.010453433 26.214340272 26.6465019505 25.7910347291 24.810577486 27.4272591831 28.9615179732 28.3948958403 25.9757925816 27.6091424126 28.0786316979 28.2271726799 27.5912967034 27.4061891408 25.2039980344 28.4694059261 25.1203436421 27.2081727148 27.6073291955 26.5252213392 28.5547522543 25.6455575113 25.1513304432 25.0979894276 29.1472583195
27.2798233588 24.5701627935 28.7751117288 25.9082483311 28.607874266 29.2220701069 27.5020002067 26.6210503393 26.072348061 28.2108194243 28.0830294874 24.8163810401 28.2726116638 27.5924265043 29.0802386538 28.4026586468 26.1215916124 27.3878376028 27.3794882262 28.836502427 26.1702360959 25.8101143868 29.0975671446 24.643498841 25.6849697549 26.5908150158 28.9347515395 28.6609661086 29.255280133 28.2264368289 28.2608615084 25.2299037602 28.6346670026 26.1812947686 28.6544011852 27.8998355807 28.7626791075 28.7640884829 25.0120109358 28.9301407318 26.3719513222 26.4596017541 25.3017483614 25.3440868061 26.4593677663 27.4746101635 26.7003356872 25.3388126755 26.1876139755 27.5450757329 25.288713331 29.0220599874 27.7290300296 28.6395184442 24.8749434709 27.8176983475 25.4551047732
28.1342036137 25.8708719277 29.3254152461 25.223742384 25.2339461683 25.5121392593 29.1965863643 25.483331508 27.2354756341 24.9274963736 25.7443081073 26.8705121718 26.2299630375 28.3624729203 29.4390328222 28.8053890707 25.9895778888 28.9495280926 26.9908224928 28.2553752269 24.7291359255 27.0071006288 26.5691381012 29.050870867 27.7826676574 28.845003348 27.0623116956 27.522514136 28.179437479 25.2915215072 24.8062583061 27.2080444413 25.3003954727 26.3478735855 26.5602633597 26.5070738025 24.8722422999 25.0115004651 28.1833857854 25.1357655365 27.396765596 25.0101933371 29.2509528843 25.6751935749 25.1167763694 26.2918497633 25.7412843927 29.2950993663 25.2593464931 27.7786610562 25.7884572878 26.5998902713 28.0202306652 25.0999954649 27.3356749871 28.4814683469 27.3560417799
25.0140640112 26.5768089894 28.2309651726 29.3422893795 24.5979313071 28.1516021085 26.1746183226 25.7694777418 26.9238361651 27.4436053554 26.999601665 24.8736339082 28.7388719821 25.4707548347 26.1179746407 28.5356461736 28.6927683087 29.1056252475 26.8603027516 27.1756645891 25.3104002579 28.617461733 27.158888914 28.3596140404 28.3907805 24.7940193443 27.7253819024 28.6472962774 28.7051949015 28.6748860854 25.7893270391 26.7294026528 27.9303077297 25.4373492062 26.0844630136 27.6532896886 28.6549101001 27.5609701181 25.5443754611 26.9385191785 28.6133945004 24.7124495823 26.2158314402 29.3091054037 29.315361085 25.7183686783 28.5738061251 25.3359753975 25.3638494878 25.1292323004 24.6249817205 26.3954693664 27.0330067227 27.0852678234 26.8218989284 27.0946120699 24.6974022469
27.6044052764 25.7394984461 27.4908973029 28.4236380968 28.1119511435 24.6227869796 27.676302343 27.2605379099 28.6861742117 29.211214533 26.9285233372 27.7823721233 27.4581345783 27.7917418152 27.6001973556 27.3181956387 27.7398640534 26.9447730167 28.6675038613 26.3526715845 25.3012303815 27.5359807982 25.6765156583 27.6911091417 29.2065382361 28.9414072328 27.6194938546 24.9469162032 25.274675811 24.9218917631 24.8495369869 26.4761986006 28.5088755933 29.4178734423 24.8749577476 25.8655540016 27.2416849932 29.0250467292 28.5742518787 26.214606921 25.1669785414 28.1543295085 26.9641374662 28.5489133137 28.3816764867 24.5938096561 29.3938207223 26.0857448009 26.7339003954 25.8181637022 29.1005084191 27.4947008298 25.0845597046 27.5504031418 26.5594445767 29.1928245608 27.5247079668
24.9587314699 26.2837486958 26.0325000267 27.4010558187 28.2639492161 27.0530009178 25.8122592718 24.9271209815 25.7380572336 26.9132257326 28.9823142857 27.3650917406 27.7579860023 27.5593203209 24.8905565668 25.2366884277 29.1180361908 24.8906913575 29.0837038009 25.7581944258 28.3982549756 26.0527473186 29.2176296613 25.7786036658 26.6334213936 28.7563752001 27.0501375854 24.6325345271 26.5596155253 29.1744179193 27.1331195496 26.9780224676 27.3861710664 28.328059703 26.1846869526 27.9289677295 28.424841033 28.1388165252 26.2095659413 26.8809410532 24.5572523864 24.9555984737 26.2746826674 28.4697542186 24.6711940436 28.1597193159 24.8710049533 26.8607916845 27.4321586253 25.2666383347 24.5423720808 26.1060881857 27.8569799804 25.0046912727 28.1309102853 25.1403470908 26.8799612701
27.1978085977 27.9843391406 24.9261832592 27.4348664819 29.2529298858 26.1353521304 27.8616843918 20.6998443126 20.6998443126 20.6998443126 20.6998443126 29.2473643806 24.9182479123 25.8048242028 27.7336145478 27.7864115944 28.0811941276 26.1043107024 28.8119558791 29.0431724693 26.2308470682 28.4343907586 28.9804948535 26.7034392791 27.9903790005 27.5501475658 28.3424675385 24.8084146407 25.7354656327 28.2262739503 26.4524081826 29.4115472517 27.7016442599 26.6341022447 28.6522402491 28.1103177602 26.5727272286 26.4678271701 28.1686352391 26.650498362 26.9136892582 26.3284123088 29.4054122114 26.9161418664 28.6963333206 26.5422862069 27.6231667908 25.0904184247 28.2138642395 28.6746069749 25.6113573423 26.733736649 27.8171389116 27.0055528797 27.463094684 29.0966481018 27.704107601
25.8830246234 26.3690652745 25.0747931097 27.41516925 25.9157136096 29.2575434357 25.6253328872 24.5983130581 20.6998443126 20.6998443126 27.8827849115 27.9867266524 28.3214850492 26.9129217188 27.0005754512 24.6547861301 29.1891532021 29.4224083214 26.1668393638 25.942283781 27.9520249508 25.7822952099 28.4010367716 28.0329120104 25.6992765722 27.0464288843 29.3446376152 27.6347364862 25.2565003459 24.5493679414 29.1818605953 29.1905408706 29.0106644184 28.9581157856 28.0386691002 24.8094116472 29.0803029255 25.563702796 24.9005989456 25.8033653816 26.0823750185 26.3309523527 24.8535621605 25.5033466707 27.5603817995 26.6021511356 25.7059111316 25.9104897432 26.5076919929 27.8141189337 27.2524966821 28.9026707848 26.9887014998 27.5114193846 24.8966269386 25.0377453566 25.3559388881
28.7204711176 28.4982746516 24.9386501215 26.1221456172 26.8432974698 25.988457756 29.0082828017 28.098418837 19.3103483329 24.9212708188 29.1130804474 25.0339478383 29.185631216 26.2829213356 25.9697055964 28.3372842998 25.2053993298 27.6104651741 27.093646381 25.8282864775 27.0172040322 25.2297997667 26.1539231685 26.8244491231 25.2640467806 29.2854614865 29.3994297816 29.3823787355 28.4836508475 25.3639325145 25.9195916152 28.7033544309 24.9706904959 28.0107103431 28.4931690539 26.8809076063 25.8181159429 25.8655921031 28.9979161332 25.601905795 25.8930853286 29.0320625777 26.2762418034 26.3143784558 28.7902615549 25.4156912676 29.2522813312 27.9898578292 28.4277797057 26.6652791733 25.4329998971 27.0357750527 26.0350441962 28.7843995347 26.4656048478 29.2183798469 28.6877652688
25.9448409075 28.0300331609 25.4627313821 24.9480877138 25.7751956308 27.096032788 28.1375487264 29.1434245742 24.8968830258 25.2327450408 27.7924867957 24.5111889907 27.4412098107 27.5124793941 26.7745158835 28.7623178509 27.2664954866 24.7775431413 29.3980410428 24.8641966733 26.5674315179 28.2351349361 29.1383934958 26.9631725254 28.9514892846 25.5054021754 25.8109713275 28.8439124246 25.0594090704 25.8935322976 29.0349226444 28.3663134951 26.6319418626 29.3078825042 25.5756330698 28.0777358569 24.9544616914 29.2242291114 26.8917010479 28.3988783718 29.0849307788 25.9597087602 28.7947910916 24.6097871994 27.5676929159 29.0262054705 28.635567013 29.3176819569 27.824319127 28.1785377698 29.0193193579 27.2843669986 29.0442393207 25.1575377271 26.1115280155 24.8029858752 27.4995013005
25.4116615439 24.5977755423 25.3745110718 28.0882594984 26.3507268109 25.9153507607 25.8655107877 28.142672725 25.9338617708 26.7216260599 29.3192031981 24.7671366564 26.0684515704 25.9771709973 27.3626453501 26.6156077566 26.0744433982 27.7391648221 27.2439242867 26.6173211202 26.7591893103 26.0509312902 26.1297880106 25.3495935576 28.6801980997 26.6185840512 26.0184674091 29.1061325412 29.3543923573 28.6850063928 25.7327293773 28.0195971951 26.6519363213 26.1029514463 29.3622431291 27.7440509243 28.5372080217 26.351734443 24.7480051429 28.5072129377 24.6088432863 27.2076502229 24.6363442356 29.4486053308 28.7338632715 28.7699296335 27.9961824588 25.8687094746 25.3700916282 28.8338555629 28.5444165511 24.9271921747 27.2631807026 25.2873457522 25.0138351714 27.4452359406 25.7147578569
28.7581423012 27.313251202 27.9013030673 26.8440979432 26.2669388041 28.0726529691 25.7369063167 25.2507738912 24.70645934 25.9480376377 29.248304181 28.5822897546 26.8944108812 28.8275362648 28.0119881609 27.4286113224 28.2652306021 28.2128673168 27.4568846927 26.3046656038 26.4821067318 26.4988955074 26.657813705 25.3237408953 27.4899492289 27.1318501919 26.5754507562 25.2164116579 27.6586758396 25.7756835791 24.5252536031 29.0506225595 29.3743478195 25.564652744 24.9089663509 25.3713209041 27.899282826 27.3490063559 24.9829209976 27.3449229897 29.2577174459 29.0443314744 26.7812144386 29.31287047 25.807251773 29.0665576338 24.5122339911 25.5513300687 29.2029537981 26.8885483681 27.8933473713 26.4437539807 26.1838975491 24.525637177 24.7592402266 25.1739246029 25.2027881555
28.2367638503 24.8520345132 24.6134922266 27.0575697728 28.9817521102 28.3007688103 25.7676754143 27.4477861814 27.3213366895 26.9644178574 27.6551639519 28.009483393 28.1963197898 27.6358447009 26.3030999734 28.1088678412 28.3505006462 29.0078851079 26.7266233256 24.810527492 29.3990902236 28.8904960444 28.7331947301 27.7670348089 28.8200615328 27.148167672 26.7945119506 26.5796770059 29.0532068013 28.4746187931 26.9007790278 26.7156055467 27.4187083058 28.0590432556 27.4297218568 26.0654027356 28.7644608491 27.0565429581 24.8526390641 26.6857830778 27.7352567655 26.3045852996 27.1241049025 24.7233724924 27.3392385459 24.6323970618 25.1957694451 28.6172911319 28.6415942558 27.3040749771 25.0954414984 29.2219399261 28.5615916945 29.1773584675 29.1234392488 25.7384461432 25.8230933979
29.298155413 24.8549235547 27.0198988995 26.687004298 29.1709269462 25.1755319273 27.0548743709 29.369821266 27.554058731 26.8592422371 29.2605212763 27.3542626125 25.9055776676 26.3928927405 24.6652404504 25.9890008524 28.9665378965 28.3106621614 28.591996326 25.6605787063 26.7292031975 28.4681710526 27.6650154707 27.5939659983 28.1293974058 25.9141738422 25.1722211949 28.7307800796 24.5165633463 27.6346946442 26.4905242319 28.1191040936 28.4137558192 26.3356752128 26.1655862658 27.7727975481 26.2670580406 26.3089191095 28.1779439928 28.5781468144 25.8062684632 28.7511011755 28.2049822704 26.5670649569 27.8245641311 28.179216847 28.5429568195 28.0789680334 26.1032737084 28.7401050223 25.9651035055 24.7656494076 25.2031126576 28.0501369539 25.1456156883 24.8017154505 27.4714116645
27.6848045745 29.2121290477 25.8793296094 28.6647817696 24.6755157076 24.5366063967 29.0820346565 28.1325363822 27.5552674637 27.7243563509 29.4404983768 26.8187381098 27.322595022 25.1811976054 26.5281575985 29.1289588803 24.6995560202 25.1217516856 25.8939074684 24.8105650803 26.4378110234 27.054494138 24.9259781486 28.182413546 28.5065328829 24.8307727654 28.1907165189 28.4522854194 28.5859461073 28.8880390836 25.6012646461 28.053116837 25.4845108133 25.9916771809 25.9312149391 28.561680642 24.9987672538 28.3777144807 28.0021984853 28.4604166304 29.1207666508 28.282565168 27.1323467173 26.7283626555 28.5780235863 26.7424437266 27.0069239651 27.1245276411 28.535486826 27.4404643181 28.667028514 25.3635418442 28.2362248423 25.7178034345 27.5093143641 27.836875078 27.2246925119
29.2010815527 27.6477974139 28.6309801634 28.5740178579 27.7589052496 26.7193363641 27.5846299168 27.3846308647 37.2427340775 49.4963385473 43.9096239447 28.7378067233 27.7512401407 25.4425295548 26.3142333248 24.7575888458 28.0205890157 24.7275747303 25.2275624226 25.5708648016 24.9819171048 25.9822620267 27.8724693855 25.3676226841 26.5247283452 25.7632223781 25.699154607 28.4347720733 28.3986575756 26.6068486079 25.9029717746 24.5732821005 24.5563909625 27.8248774022 28.3762246701 27.4894411146 27.2529752686 24.9326044275 25.5670970199 25.4168268529 29.3291347127 28.4154328462 27.1855438452 28.129002281 28.6687768445 26.8791757739 26.06482457 28.2929420327 27.8456390505 25.3836655686 26.9206865826 25.0352381663 25.7943077406 25.0607231039 25.9225625314 27.3343487863 28.845646179
0 27.8583803981 29.3800489714 29.1285270847 27.3986031955 28.7919210226 27.9727457748 25.3420086622 42.2652672763 39.1657468714 45.7607517985 26.4625243267 26.7404067163 27.1017865202 28.0523817353 25.2126333591 26.8908374023 25.3392082181 28.4892838088 26.1783318942 28.3117236482 24.7013149996 27.330222012 25.6003543094 25.7659296292 25.6026304023 24.8502611116 27.9384739329 26.2805125552 26.0519245586 26.1041155326 24.9877676852 24.6093270089 27.2934221555 25.9639239719 26.7375520662 26.7583862564 27.1990449711 26.3117061629 25.797901155 28.4915816561 24.6738286421 26.359102085 28.6313739859 25.3908653927 24.8128299428 25.9684375742 24.6085352772 25.8032979791 29.2474664299 25.0325472503 26.824633401 25.2890451881 26.8452012512 24.9501294661 25.3032161684 29.1745772514
0 0 0 0 24.6971909086 28.7972693262 24.7207912415 28.9048196568 37.0943577446 42.9186307902 50.6824417239 26.4107690558 28.905920177 26.2970232741 26.9032245854 24.8670180323 27.6928892289 24.5628073444 24.8708999943 28.7253058144 25.0693465271 27.105465118 29.3978270689 29.1169408979 27.932895361 27.4286168798 26.1584303561 24.7929703911 25.7365115193 24.7071885339 29.4168773871 28.9686122698 27.3291066363 26.8043095672 27.6620731398 27.404906915 28.3765768926 25.3695260722 28.8053551681 29.0095045792 25.0775032591 27.1528277843 28.5961556961 25.4538369038 25.1816218254 27.8906150492 25.7258926505 27.7474844685 26.0941704036 27.5269907968 26.365941971 27.238325054 29.0802877525 28.7333983687 25.5077428522 26.2212926422 24.6124321094
0 0 0 0 0 0 29.3410130839 26.174838241 25.0219560248 28.0036354069 27.4076587679 28.6875887542 27.6725044427 25.3030833444 28.8274494442 28.1692817045 24.57789024 27.4198084254 26.3029232982 28.1424364439 28.4655980775 26.1025571005 29.3174958532 27.8631527877 27.5478278906 25.7850487802 25.3748816366 28.7973408899 27.9416531056 27.0523253546 27.4174795638 25.4273232832 25.6514850354 25.3991344586 26.8160093398 26.5512667206 27.8425841221 25.3568165032 28.4604076822 24.674484328 27.2465588133 28.4575342879 26.6961053061 28.2059001172 28.9450169908 26.5264127695 28.0975622737 29.1240950243 25.6963133226 27.0772803799 26.2441255549 25.6304733819 26.5712092069 25.9642725385 29.0356111069 28.5104692403 25.0189661012
0 0 0 0 0 0 0 0 0 25.163954319 29.1910268464 26.0778807543 25.1205522641 25.9463366966 0 0 28.3814158528 28.0246250517 24.8184685255 26.019270439 26.6939863982 25.8106624569 28.2602997331 28.9311666184 27.4547968859 24.825291091 26.1567032097 24.9214181335 28.050400855 27.3775259444 28.6376548327 26.509256403 24.9701490324 28.3649120966 25.1515661326 27.9583125698 27.801946025 26.8837862283 26.2420726471 26.6617501382 27.8087280242 27.2273066481 25.4936495929 27.8321406982 25.4924265917 25.0988675129 27.8975043666 29.2471524368 25.7912221526 27.955324796 25.0898769787 26.2703796777 27.8295583612 27.6211943984 25.2084045495 28.1615467602 27.7354392438
0 0 0 0 0 0 0 0 0 0 0 0 0 0 0 0 27.4515072435 29.098836922 27.2486757079 28.9589247381 28.6374909582 26.2997892047 25.2702146078 27.0052256069 26.7947238529 28.8021991072 26.6790825371 27.4321198099 27.3946610111 28.1632999123 26.6978843937 25.3464378361 24.9017226123 28.2678809962 26.8347437498 25.9061367653 28.0137475721 26.2306520034 28.9787752792 26.3355170107 24.5473292929 27.1256749198 24.935787177 25.8567879035 28.7594937069 27.9253159777 27.6778127918 27.1789532293 28.9917110454 27.5727204854 26.0872484669 25.3366999467 29.3953304417 28.3737499144 25.5746087916 25.9385976573 26.2657539536
