Spatial_Output/DEC/DEC_1019.asc
NCOLS 155
NROWS 192
XLLCORNER 196307.867259
YLLCORNER 449144.565805
CELLSIZE 33.573938
NODATA_VALUE NaN
[rows 52 to 77 of 192, columns 0 to 56 of 155]
25.0364095088 23.732808462 24.7148738781 24.6905219577 24.5477058065 24.207817415 23.9235997779 24.0670429751 23.5929244277 23.6009142111 25.3019546301 24.967728962 23.9840159726 24.4087194116 24.8280498515 25.5428610326 24.5246906587 23.8740130586 24.0334672904 23.6219733043 23.6301101234 24.0061604553 24.5252917214 23.8694620848 24.4487971744 24.1633581471 23.9664006162 23.5778329361 25.1653059098 23.823722954 25.6060469461 24.1032583499 25.1243255111 24.5838682513 24.3202945897 24.3179611286 25.400509242 25.3018739669 25.1343928261 25.4483250935 25.5138747961 24.2942336734 25.2300473437 24.2195074023 23.7259781404 24.6205732083 24.0610341124 24.7467668622 23.8434595836 24.7246690932 24.7502591237 25.3596696291 25.2797755125 24.5906862535 25.1639686262 23.6028819238 25.3476184909
25.4621932028 24.0448483914 25.28396697 24.4821015461 24.8524928892 24.5898190279 24.4133006949 25.3042704206 24.7922382481 24.7662477744 25.6068768167 24.044975676 23.7776444797 24.9257784156 24.9579676312 23.5593966616 24.6984117763 24.6929698301 23.987002328 25.1467480217 24.6942117463 24.738459848 24.8144474561 25.4562370087 24.1815103935 25.2400479711 25.4697245374 24.3926846404 24.4072646903 23.84951429 24.7690886493 24.2574003247 25.4934180194 25.0563305213 24.104806256 25.017973611 25.5925492094 24.6934395103 24.8284611647 25.15857579 25.1953036699 23.7685240282 24.0198964551 24.1254070802 23.5228061789 24.8303211963 23.6005574294 24.5752025521 23.7330205321 25.1599867987 24.0176334681 23.6201723206 23.5807621365 25.0114752001 24.8704406553 23.7143743599 24.8217427497
23.9197945716 24.3617161617 24.1224683995 23.7560613696 24.6871193979 24.2767095535 24.2040810206 25.4155905559 24.0682583675 24.7071091648 24.6899510507 25.2437450685 25.5433130544 24.7690301954 23.9734794483 23.5962521952 24.9726363053 24.6478787471 24.9093531013 23.7317236948 24.5423831922 23.5583715368 23.5280716613 24.9350506929 25.3115463991 25.1132715864 24.8330355309 25.4950865253 25.2950069681 25.4538761528 24.2860740946 24.2863940263 24.3744602217 23.6405217114 24.9882352337 24.1151638261 23.6409445777 24.2927005281 24.4014688086 25.1397888726 24.6523603579 25.3277082567 24.4158765873 24.3378665477 23.780371873 24.2551201102 24.5318952058 23.5072753709 24.5315199654 25.479270507 24.7922775309 24.0505022045 25.4117496219 25.441445837 25.3303495815 24.6730672556 24.4295816648
0 25.0746243422 24.5099774798 25.4823921045 25.2115538093 24.907114072 25.2925510344 24.111523736 25.4267154776 24.8793745197 24.7529644345 25.5989668771 24.2138983688 24.4607298882 23.5233725469 23.5052070461 24.5323906286 23.9330948104 24.7536751004 23.7685332156 24.2665638891 24.6656689405 24.1386219145 24.5296884342 25.0591397194 24.439198318 24.6989949516 23.9713333681 24.3474230542 23.7828812816 25.2956017118 24.0617080755 25.3177646266 23.6752159287 24.2672247134 23.514577963 25.4327379112 25.1256928656 24.3752555254 25.4029977926 25.38367407 25.544872062 23.7667851122 24.0541606997 24.9552983726 23.8790644724 23.7394983155 25.3107983188 24.7012385376 24.4509863608 25.540646268 23.7695904857 24.1458060103 25.1232037045 24.523862591 23.8577182954 24.3468831639
0 0 24.520198028 25.5561124099 24.159669399 24.2882145129 24.1803083854 25.523968391 24.1445183523 25.2814865195 24.3426333953 25.329760796 25.5182819979 24.1941240025 25.3313120928 23.9192390001 25.2620682741 23.7124152524 24.7329516269 25.5334460389 24.8874791186 24.1871140085 23.7959956444 24.1692471373 23.6176628428 23.8836537941 24.3380706541 23.6481786381 25.1551923925 25.0185264607 24.5228498115 23.670467225 24.7176621193 23.8026513341 24.8415314463 25.3393857331 25.2601026586 23.7382837058 24.7201703017 23.5690945155 24.7890625308 25.240259646 24.2599702633 24.0501841654 24.4356608163 23.9219247082 24.5431417173 23.8585835516 23.711924751 24.7907636159 24.9048655161 23.8345811189 23.7146191148 24.9498026816 24.6080825992 23.6046400169 24.5093915419
0 0 0 24.5961175172 25.0639018701 24.943824584 23.6919348232 23.5076701199 25.3881140155 23.7761516136 23.618008045 25.3078399907 25.5502052547 24.589695963 25.6048602863 23.867426473 25.0107179726 24.5254511906 24.7527353538 23.9956105165 25.529250927 25.4135340227 25.2157402207 23.9217542052 24.3176030101 25.2821237002 25.5240470332 23.6997855232 25.5372388504 24.8745215509 25.3774952504 25.1995755697 24.306610352 23.6981095319 24.7534261731 23.9819843839 24.8914504433 24.7789584782 25.0105033972 25.4726049086 24.9876212148 24.7436023296 23.8059831869 25.4736082321 25.4357400881 23.8666356686 24.2069067908 24.9051205854 24.1777581013 24.1620744141 24.6353137605 25.2815438987 24.6352888741 23.6235461074 25.3860706547 25.0465134236 23.6409853129
0 0 0 0 24.2056556989 24.1084530231 24.855198759 25.0632627926 24.2367577975 25.3708050467 24.1778003622 24.1811796536 24.64898895 24.729082215 25.308898162 24.632787461 23.5296194622 23.8141518376 24.7358499378 25.3644978548 25.1830180302 25.5498106899 25.4621751039 25.4616818507 25.098604897 25.1396170318 24.1976114964 24.3328413704 23.6269048534 24.1576458445 24.4014742675 23.8282657808 23.7537019356 23.8935598914 25.4089511375 24.4080904375 24.6525161268 24.8744763594 25.0854009401 25.3616770675 23.8420128154 25.4961318662 24.6267843811 25.4296976568 23.6386419574 24.0773585087 23.882196012 25.2670630407 24.506451734 23.7472144624 24.2683614508 24.0524210128 23.8015503198 25.1736087115 23.5331595425 23.5575615945 23.8422009349
0 0 0 0 23.9190212437 24.7841858382 25.1466995809 24.5880945962 24.4326631849 25.3835160057 25.2890569896 24.4512680252 25.4067445481 23.7189127726 24.974158371 23.8119310725 23.6583136363 24.0413732659 25.2124487847 24.0275882515 24.9585030049 24.8207583255 24.2504164887 24.6996790079 23.6579265031 25.3762949315 24.5653841528 24.99259331 24.8156744623 24.0051094703 24.5772227428 25.5066503926 25.4699951629 24.1184003904 24.1635499284 24.7573593368 24.7323841832 25.2305471293 23.9561607442 24.0860569025 24.6589465386 25.5124409444 24.7521739444 23.9437243177 23.7432205927 23.912004399 24.1327336854 25.1310227702 23.7018800054 24.8716143513 23.6971656457 23.9140031828 24.4397849919 23.9284053009 23.6771590649 24.4395044043 24.0008960135
0 0 0 0 0 25.1259972988 23.5207437574 24.0646012358 25.0339365651 25.49179243 23.9204813076 25.1151015934 23.6226881907 23.9751028561 24.8653093752 24.2232260535 24.9202128782 25.5874611711 23.6320162865 23.8169265 25.0475228739 24.5505147885 23.6617422007 24.8444182535 25.0989665365 23.9759736163 23.611082588 25.0372443703 24.2366689083 23.9081430448 25.0112973745 24.8731193975 25.3705398778 24.7066129448 25.1787290671 25.613561584 25.2396516867 23.7052325462 24.1556142037 24.3281289084 24.6362235195 25.4992140207 24.1713736762 25.338100642 25.3209616757 25.5845587141 23.7723767991 25.0623509717 24.8658217365 25.3641142244 24.6798959534 24.5061033411 25.5200868123 24.2081145267 25.446460672 24.7466739054 24.9747343938
0 0 0 0 0 24.8385627061 24.791774592 25.3764211266 25.603346903 24.8322193437 25.5239840134 23.528803455 24.1552166213 25.3281909527 24.2789627361 24.2454666353 25.4342412457 24.6605257087 25.5874218025 25.0919587144 24.2544210825 25.5365874331 25.3876191406 24.1597377671 24.3178651565 24.8608954616 25.265053586 23.6052713576 25.1715015223 24.312664449 24.4667882544 24.8118361703 25.6175141864 23.8080122838 24.4787332016 23.8055982294 23.7497374939 25.1373220925 25.6096476748 23.8372069938 24.7193614073 23.5252252797 23.8983222378 24.6265162764 24.69859054 24.2409884594 23.8459819795 25.0338249386 24.8933444603 25.1997931427 25.159901154 25.0289370925 24.349221178 23.8267378365 25.0853483427 23.9747544657 24.4683064884
0 0 0 0 0 23.7206032683 23.6842860422 23.888711321 25.4744309719 25.0078668392 24.6319804767 24.8494034973 24.7858727705 25.3288084627 24.9761497572 24.2339351855 24.4980209909 24.5288148859 23.9239220912 24.1962341174 24.4971817459 25.3354481408 24.8656141439 23.6325552986 25.5183127041 24.3189608631 25.5813261687 24.0629411858 25.0131426666 24.9440249289 25.3728614986 24.9770740855 23.6967455671 23.8890382882 24.3696287461 24.7740809719 23.8527105129 24.5642539343 24.5945501289 23.7203535039 23.6056375479 25.1778987513 25.410141403 25.5851196013 24.3348257697 25.5761139995 24.0074158785 23.7578178138 24.4942263605 25.5475732537 24.8148764477 25.1240190501 24.2573217733 23.9959562722 25.0240566603 25.5798797098 24.1241828757
0 0 0 0 0 0 23.55015559 23.575404593 24.8374103815 23.6362139081 25.4666524869 24.4146548782 24.2165347402 25.5766359137 24.600376497 23.9372894265 24.6404383512 24.8238895487 24.0423023389 24.8822460692 24.3267319979 24.1089710203 24.7374090157 24.7996365609 25.3439582674 23.5827188623 25.0518104729 25.0226433803 24.1725219606 23.9013879985 25.5278217786 24.0606991604 24.1721675343 24.8809977177 25.2603007436 24.7572542726 25.4271325484 24.7714694568 24.5387405806 23.8496407357 24.335845266 25.3081657909 25.2659481877 25.358008336 24.3900022641 24.3023023324 24.7085207229 25.2221086297 25.2808266996 23.5540696445 23.500546784 25.3173160433 24.9898326652 25.5225755727 25.311307593 25.3701177946 25.3694221839
0 0 0 0 0 0 0 24.824097206 24.3334147326 24.7382776071 24.4284842147 24.3183548125 23.8270400708 23.9264939754 24.3568517138 24.6236702933 24.0522203113 24.5021762776 25.490055725 25.3766479926 24.7350988747 24.2891643255 24.1224156992 24.7457153642 25.1932874435 24.6732753692 24.1123020175 25.2616739081 25.1618755827 23.9242440262 23.7201549192 24.5395421617 23.8045477633 24.3149617086 24.9369224005 24.8647663502 24.6926350706 24.0982459143 24.4533995541 24.9705676545 25.0410172181 25.5829020712 23.8772068833 25.3541130646 25.552477544 24.118786374 24.9036346924 24.018082518 25.2841070869 25.3188397502 23.8243259059 23.899444501 24.3442280043 23.9350858871 23.564984497 25.2945093938 25.5500771184
0 0 0 0 0 0 0 0 24.5010885605 25.3139013336 25.2848258543 24.5360845142 25.086225685 24.8319541195 25.3125465579 24.9383430641 24.7321761119 24.3812994803 24.1590251056 23.8324510382 23.7016922012 23.9058505172 25.4288374291 24.3174668863 24.2646722307 25.1445845987 23.7264994218 23.8522811154 25.1767322624 23.9005203319 25.0124996501 24.6165113051 25.4320339785 23.8167508567 23.7286480182 24.5040238048 24.7521520627 23.9310791063 23.8104439954 23.5569598655 25.470550633 24.1077323525 23.521460964 25.5231720167 24.7636257476 24.439188463 24.683743488 24.2571212131 23.7153157442 24.7013942457 24.2033061021 23.6036113293 25.3581241415 24.2589082826 24.1985709235 23.9529544199 24.136393871
0 0 0 0 0 0 0 0 0 0 24.3044097827 25.5638205736 25.2982704274 24.9449739894 24.9172769779 25.579704788 23.5002545979 23.835700174 24.3125187796 23.5950878693 25.1440065091 24.2710111989 23.8511691014 25.5594653992 24.7878524456 25.2592430448 24.0422673008 24.6992153416 23.7540721308 24.728053421 25.080886026 23.5127317695 24.9571424689 24.423046902 25.6076335806 24.1394910125 24.2544254631 23.9537811035 24.5540383513 25.1073579965 24.3511504837 25.5563917685 25.4070149088 23.7556900293 24.1013894288 24.2967679887 25.2067223738 24.1062193651 23.7788939403 24.0768538661 24.2312531362 23.6027491071 25.0634901341 25.436084135 25.5972768149 23.9592831 23.8374081188
0 0 0 0 0 0 0 0 0 0 0 24.2040029456 23.6647533007 23.5553500396 24.7770994886 24.1712322975 23.885396704 24.8667953745 23.5503412858 25.4307852238 23.7217204581 24.2248299099 24.2503042928 25.4963933244 25.5851986366 23.8743480178 24.8446384288 23.8067273373 24.5605956178 24.6391909696 24.0905436366 25.2183357746 24.7555005064 24.9355134921 24.6670536677 25.1841797457 23.6917120452 24.4956696329 25.3521870817 25.071961156 24.8790375549 23.9097642672 24.975368571 25.4045341741 24.1967630802 23.5041235825 25.0600709487 24.8862125727 25.1451096144 23.6547184767 24.9742349236 25.0216789536 25.1143204194 25.4793910062 24.9415694607 24.157230398 23.7062205027
0 0 0 0 0 0 0 0 0 24.169301082 25.0169026002 24.402689734 25.2036705528 23.9879287729 23.9317014961 25.2721931632 24.4661579053 23.901801821 25.1281193456 24.7584691524 25.4374474619 25.0856837444 25.0252227596 23.5616804072 25.2012205491 25.4127497694 25.3098111175 24.6107775027 24.707839588 24.7692553313 25.532440345 23.5808501368 24.748579892 24.8527700075 25.0267628754 24.6916121738 25.5636828816 23.9508026196 24.7855542646 24.6444453906 24.7704295018 24.6010946981 25.5230505205 23.6659508215 23.8457115266 24.5996736562 23.6275373491 24.8141908502 23.7911765708 24.313138543 23.9675462214 24.3012101779 23.8891460537 23.7620763059 23.9965896 23.5955763561 24.6455427439
0 0 0 0 0 0 0 0 0 23.8446713912 24.4360071152 23.838832262 24.5492092965 24.4685245673 24.7645204017 23.9630153216 23.5269177799 24.5377577406 24.8551753141 23.8295518562 24.2706124694 24.0307934026 25.2513164981 23.7535192214 24.7457898703 23.7935356179 25.1846394336 23.5512910331 24.4663054202 25.346005082 24.048071968 24.6892411041 23.8743350214 24.3991115637 25.4621005667 24.0855167095 24.2821278887 23.602136972 24.3465316903 24.24845389 24.9202845726 23.7073393803 25.5789245527 24.0870117757 23.989354834 24.6227767552 25.5610621496 25.4330434867 24.8377717825 23.640545086 23.5784897084 24.3439066795 23.7778607085 23.87890948 25.5695485102 25.2683611049 24.1692462954
0 0 0 0 0 0 0 0 0 24.8194423256 25.1900922485 24.7138498304 24.1101635268 24.9716019295 25.2145030262 25.5770157308 25.5229262702 24.4035219759 24.490662443 25.3279136468 24.5023083013 24.5867567343 23.8040488478 24.2616748019 25.1874797541 24.0291953894 25.2388515061 25.3665305093 24.5058850155 25.532017946 24.8775133707 25.0310465387 23.631635875 24.6211549252 23.5123049137 25.3605732464 24.1355645385 25.0743002021 23.999084661 24.7316580251 24.3735466834 24.8963939025 25.1420073385 24.5321783395 23.574216595 24.5402819827 24.3295749874 24.4448616807 23.8843409605 25.6116689824 25.3779014082 24.9495549673 24.2085119205 25.0055396811 23.7723324971 25.0859763578 25.0849152792
0 0 0 0 0 0 0 0 0 24.1259056563 24.8442232412 23.7356165975 23.7145957268 24.9531326616 24.0668216127 23.9790733988 23.8644773272 24.3400245186 24.6242139336 24.1743719152 23.7681614736 25.100367872 25.2081723068 24.153761196 24.3524908161 25.3097946419 23.6508319045 23.7560285337 24.7642160766 24.049575577 24.7020276735 25.3406839734 24.8992406431 23.530108417 25.4532758177 24.6274994164 23.9499991073 23.8669712185 25.4717381586 24.3150783449 23.8070244852 24.1812057816 25.0729171653 24.4160351063 24.812095608 25.4228013324 25.270852985 24.0423305197 24.7774946877 24.656292865 24.1392736794 24.0596207306 23.5952939598 23.6225231086 25.0756884234 24.3663952841 23.6738039477
0 0 0 0 0 0 0 0 0 25.577873763 24.5861938431 25.1881446645 24.742437768 23.5836386984 24.6577768445 25.1661296285 23.8654073098 24.6598381335 24.1827473537 23.6907891247 23.814742369 24.4993477731 23.9945477319 23.991209605 24.1020690748 23.9994091583 25.032508927 23.663135009 23.9023299477 25.3678446769 23.5387749739 24.2812157088 24.0620378852 24.0703152403 23.6090339892 25.3923435377 25.1664387743 25.2310303029 24.415342097 25.3322646237 24.9671789944 25.3726410903 23.5572660378 23.794853496 24.8385312311 24.1799827196 24.9997799179 24.8594458467 23.6752846711 24.1487873311 24.7119815905 24.6704115589 25.200086629 24.6473217758 24.6341607863 25.3727186442 23.9682213944
0 0 0 0 0 0 0 0 0 24.6254522438 24.6534845059 23.9618578683 23.7351547042 24.5465938527 24.5686835544 25.3818074152 24.5846095138 24.4698783913 23.9890426455 24.2450854201 23.6341943211 25.4611137574 23.8770429267 23.8359984865 25.2502890002 23.5625323666 24.2925894812 23.7060707946 23.7224235469 23.5413765868 24.1142069078 25.167689932 25.1444783104 24.5880344061 25.0464515816 24.3997756599 25.2468776241 25.1942112572 24.8219505434 23.59391205 24.1600464415 23.8969995581 24.7634513262 24.7449840177 25.6050587572 24.0999596 25.0538087957 25.6181954334 23.6860543695 24.9016216206 25.568349046 24.1877995661 23.8988280837 24.1714185986 24.4694460869 24.6024085796 23.7525064002
0 0 0 0 0 0 0 0 0 0 24.6283759385 24.5109607869 25.6152334898 24.7738791878 24.8224119576 25.6147756018 23.9940787329 24.3800481798 23.6908338685 24.4999424357 24.0591866947 24.9010529561 24.5836017541 24.6797371988 24.8547742571 24.6376213669 24.5364540688 24.4047052885 23.794419077 25.3230387943 23.6405725154 24.1950788536 24.0918918653 25.4798931834 24.1784908014 23.7590371278 24.9647637261 23.7512593544 25.5942043269 23.6512645256 24.0100881145 25.1237547754 23.6129895481 25.5802035912 24.1345160909 25.3610061746 24.5510820382 23.9697073423 24.3335567546 25.5279754169 23.9713540234 25.3106863721 25.589696855 25.4412180641 25.5170469285 25.3813238463 24.2346432056
0 0 0 0 0 0 0 0 0 0 0 0 24.3625267927 24.0013693687 23.9743254094 25.3041890894 23.6077300172 25.4947924931 24.8709883497 24.2244547549 24.2372578217 24.8925074478 24.1044058357 25.0697572242 25.3055067414 23.9043763657 25.2812934379 24.209619371 24.5284614126 23.8802396036 24.7840883711 24.7546051705 25.215742711 24.0378991155 23.7393249933 25.1650911767 24.1641582368 24.8365221859 24.0818606665 25.2624509811 25.0522079932 23.6183482521 25.2407485341 25.6047569176 23.8305325881 23.8394318886 24.3486741967 25.4928872854 25.4690085719 23.7677342481 24.0535991695 24.6254749317 24.1860595957 25.1324816771 23.9862477774 25.0000074479 25.22174836
0 0 0 0 0 0 0 0 0 0 0 0 24.8919904305 23.6219111962 24.6803202373 23.5123045348 23.9291441107 23.5977797801 25.158323612 23.6646331622 25.3535529155 23.9771244625 24.2510984212 24.9971866335 24.1790024691 23.5942303338 24.2570177363 24.2328735014 25.0270095242 25.6066960297 23.9680250405 24.0349548559 23.8055170755 25.3978744271 23.9873190861 24.5424396384 25.0521933331 25.2031496979 24.7365491142 25.6150847302 25.067503121 23.6523131764 24.6951574081 24.0732061769 23.6191251745 25.6189408421 24.4780989822 24.4925726359 23.9708082618 24.4610012672 25.1840593217 24.7019384609 24.1001402624 23.8759708404 24.1056304515 25.2865971237 24.1443434342
0 0 0 0 0 0 0 0 0 0 0 0 25.4610053545 25.5548741213 24.7642417679 24.4837412819 25.5832110376 24.3573593827 24.5484574086 24.0643252717 24.0346211694 23.9746691894 25.2083074549 23.9429535813 23.8961731581 25.5131822811 24.6675736801 24.1352415071 24.7672538722 25.087761362 24.1151207292 23.6440455407 25.3733617969 23.8626516753 25.3228705504 25.3389220717 24.2456420951 24.4416756473 24.2972021435 25.4066232783 24.2156444842 24.0472434262 24.2806831365 23.9759765868 23.6044503039 23.5166657769 25.5843089719 25.2417349469 23.6325379399 24.4152792596 25.3483266935 23.8592242066 23.9825501994 24.9829130089 24.5937890874 23.7271211796 24.3179457524
