Spatial_Output/DEC/DEC_0259.asc
NCOLS 155
NROWS 192
XLLCORNER 196307.867259
YLLCORNER 449144.565805
CELLSIZE 33.573938
NODATA_VALUE NaN
[rows 104 to 129 of 192, columns 57 to 113 of 155]
45.0423819711 45.1780778521 45.1338176559 44.8066614724 44.7710909876 44.9511138125 44.7665754029 44.9848634667 44.9071886847 44.792576647 44.6732967077 44.9528298229 45.1116811891 45.1014419176 44.5635058403 45.1588996615 44.6122969448 44.7037870121 44.6807554764 45.1438652104 44.7058152252 44.5473504631 44.5628120256 45.086773714 45.1897613082 45.0807960851 45.0573681553 44.7046899642 45.002168256 44.5596472112 45.145400221 44.5436620969 44.9941575521 45.1779419679 44.678628503 44.9520415974 44.6947743522 45.133029016 44.8042835878 44.7783003588 44.6727281863 44.8944775593 45.0646425696 45.0055353608 44.7124490338 45.0354332238 44.6050716549 44.7136972032 44.7571871722 44.8060446395 44.5217509314 44.7913035531 45.0678253812 44.6634040396 45.1269381205 44.651802205 45.0638989998
45.1915901609 44.5662770543 44.8286290109 44.684794652 44.6821406923 45.0520748716 44.5851414306 44.6490801648 44.7222846047 45.1971666127 44.8424209425 44.9095438956 45.1994350579 45.0486935491 44.513966902 44.7618890094 45.1491343302 44.9810148218 44.544298102 44.5461217201 44.96076382 45.0645133722 45.2044550743 44.9870057138 44.6493706664 44.6408072119 44.6422161624 44.7659132941 45.1366079389 45.0361760701 44.5092605755 45.2063022443 45.1139493295 44.8177307933 44.6743399405 44.5921308393 44.7474421957 44.7446371038 45.1230137884 44.8969207685 44.8090865479 44.9963944409 44.5671611107 44.8245369479 45.1969831431 44.7929286231 45.0095388144 45.2008480788 44.6093889022 45.1657970383 44.9486259427 45.12092156 44.6046737098 44.6910207035 44.9181608578 44.6557011881 45.0017991567
44.6010095488 44.6252273954 44.7152545147 44.711559006 45.1150682804 45.1965052387 44.9505892534 44.6631490941 45.0267921789 44.5477449224 44.6605845255 45.1279231016 45.0988548573 45.0265202854 44.8061538601 44.9263691004 45.0853242546 44.6425509149 44.8225317718 44.6307682204 45.1237816571 44.7761141176 44.6313864032 44.5346583661 44.7886442129 44.5579596901 44.7395631182 44.7709139587 44.8334653595 44.7401755396 44.6441838796 44.7663009555 44.9690724307 44.5440409248 44.6296960444 44.6806031208 44.5770080702 44.7523279639 45.0515658079 44.6343831085 44.9942298798 44.9612754393 44.5645387912 45.1218355014 44.9485417679 44.7759915408 45.1808181245 45.0318852393 44.9257535858 45.0252084677 44.8444927929 45.074055798 44.9445248188 44.9343410577 44.995894091 44.8660362585 45.1529482004
45.1251428643 44.8564379083 44.7229669839 44.6852330694 44.6334896911 44.6875198748 44.9052968189 45.0734419218 44.5899333464 45.1302412051 44.704635988 45.1964564619 45.0168593903 45.1020891822 44.8727599868 44.6139220176 44.6902619221 44.9876461775 45.198870276 44.7940572105 45.0108637614 44.7690648676 44.7009744304 45.1960879507 45.1794539911 44.8818551482 44.5854080602 45.0626850229 45.1374344862 44.5896615451 44.6518299506 44.8368260743 45.1964271433 44.699570568 44.7693190856 45.1640565749 44.6748440781 44.5895362298 44.7715911714 44.8142396969 45.0507015478 44.9167411238 44.719372829 45.0350004566 45.0983438639 44.7659668914 45.1201320797 45.0690878978 44.9203867908 44.6381931834 44.5747002013 45.204154431 45.0638868447 45.100443984 45.0871015989 44.6920905361 44.6909654793
45.099132741 44.991106703 44.5285669018 44.6055964643 45.1797386284 45.1909670485 44.9236886661 45.1335850908 44.8869544001 44.8709622346 44.6821780184 44.6805611915 44.6462488459 44.7148105819 44.5515886339 45.1290355511 44.8444451734 44.8472339165 44.7372159298 44.7641859192 44.6142872326 44.6988610789 45.140200995 44.5109271754 44.6057223058 44.5521163458 45.1642209122 44.798693935 44.9775399705 44.719506233 44.7874027747 45.0480528226 44.5807749799 45.1750702384 44.9194605436 45.0321376744 44.9082364607 45.0234465931 45.0984450961 45.0454981228 45.1980433902 44.7018897723 44.5587874638 44.5776930961 44.888866005 45.2051398412 44.7282670422 44.8476398245 44.8744539919 44.8032000773 44.6360953218 45.0434237145 44.5364391468 44.5429108215 44.7772478688 44.8725123404 44.8662867653
44.6366969467 45.2030628084 45.165480229 44.7487468668 44.5166828166 44.8029750149 45.1469593272 44.5917540505 44.8215955083 45.157239718 44.9129471612 44.8443050524 45.1505837269 44.587625791 44.8526291424 45.0124808228 44.5402701544 44.6214947342 44.5655726357 44.7406379515 44.9798764875 44.5031380271 44.772412077 45.05587216 44.6461319274 45.1456771717 44.5618842871 45.2031767206 44.7833818812 44.6158864389 45.036827758 44.9107700722 44.5851357327 45.0471047714 44.6527854468 44.7914901202 44.8184717725 44.5566267341 44.6809017695 44.6501143628 45.1145590752 44.6507862573 44.9922579935 45.1794369915 44.7996415617 44.9387905094 44.8992995251 44.5992839534 44.5234152775 44.6502654884 44.5769945781 44.6989111938 44.7987471803 44.8262132367 45.1711432277 44.719092806 44.6542276604
44.5434693134 44.9747831414 44.9072581697 45.1074215414 44.5268121148 44.8271008293 44.7383353876 45.111887033 44.6652300144 44.981487267 45.0611232391 44.7521068418 45.1850880531 45.17173948 45.1308547985 44.9661775495 44.7296423113 44.5838419719 45.1357794061 44.8717894708 44.6561918319 44.521683973 44.5817013911 44.5243305415 45.1025694895 45.1767276576 44.7421370358 45.1516070443 45.0918888717 44.946664686 44.7699981932 44.5176941923 44.8388263676 45.1427767892 44.6416545092 44.5395110734 45.1276739694 44.8699611173 44.5100491173 44.9069293591 44.5858492812 44.9272799277 44.7459390942 44.8745602989 44.8777109458 44.5712854326 44.61510774 44.5511976789 45.0098886488 44.5496705513 45.1629327533 44.8250240008 44.777347045 44.7063770978 44.7385813965 45.0990227693 45.1095962368
44.7112763943 45.1207591056 45.0930294359 44.7750773393 44.8365476857 45.1377371824 44.7434359008 44.7087074739 45.1710940184 45.0763298467 44.9188477157 44.5677797358 44.5343768553 44.9814815574 44.7285495278 44.8593734415 45.1172372227 45.1980407027 44.645267296 44.5431435134 45.1163152371 44.8106532521 44.9007478688 45.2015892234 44.9983274495 44.9384269473 45.129963979 45.185147475 44.6133415543 44.682624388 45.1896586416 44.801225559 44.5566565492 44.9495813424 44.8022374477 44.9691329763 44.7974029851 44.7505470147 44.5385268854 44.5317645534 44.5284034256 44.9515729546 44.5662251256 45.016427422 44.5123206267 45.0050610728 44.8999013308 45.1767657436 45.0837842952 44.5780135752 45.1219593214 44.573199828 44.7971803564 44.6191590057 45.1760583174 44.8692265248 44.6779415888
44.9845050618 44.5156511402 44.7342073847 45.1306015284 44.6429993624 44.5663804483 44.578898147 45.1100702145 44.9619166163 45.0525983789 44.5328185408 44.7365784768 44.5914914346 44.9405288642 44.7108253294 45.0216030805 45.0409028326 45.1217902368 44.7479590557 45.1089248068 45.0052516965 45.0180298829 45.1438975457 44.8264543226 44.6909191657 45.1929469746 45.1666715086 44.8547813895 44.8413983738 44.5528517008 44.6481467261 44.8773875527 44.7859094523 45.0927607244 44.8584252943 44.7646434986 44.8126749073 44.8222296815 44.8383189668 44.5532580045 44.6884850967 44.6506615322 45.1786020954 44.9485274793 44.923265696 44.6968576844 44.773539834 44.5786689446 44.968571659 44.7829021217 44.621899267 45.144448396 45.0482635544 44.7794338589 45.0016967784 45.126458335 45.0417195638
44.542304565 44.7253219163 44.8625818857 44.944701957 44.599466443 45.1064008161 45.0973692742 45.0304914013 44.6876952479 45.1697198687 44.8822543806 44.5455604126 44.8659904888 44.6300445723 45.075423918 45.0082890589 44.6211216617 45.0499381432 45.0999819682 44.9074886676 44.9268922997 44.5691048128 44.5212292925 45.1349393818 44.6870650696 45.1242711329 45.015374891 45.1833486128 44.8669959983 44.6193645439 45.083560317 44.5676630336 44.5177931967 45.1567285507 44.9701663818 44.6122528744 44.8436821186 44.900421061 44.6908885571 44.8442975358 45.1748889591 44.7426183531 44.5370214699 44.5884234608 45.1557621135 44.6437217811 44.960878591 44.9996387794 44.7735182982 44.7512078409 45.1388101539 45.1323179138 44.9650851356 45.1424421613 44.8257921998 45.1905925143 44.9500277079
44.5685588795 45.0798695795 44.7326561665 44.6686223397 44.7904874973 44.7942072546 45.1447689319 44.833298418 44.9520324479 44.9473188648 45.0168582065 45.1319211413 44.8582026253 45.1271610319 44.9980430592 44.7907341107 44.9608979815 44.9859854979 44.5351856143 44.9993496271 44.6416069985 44.7768113846 44.9309286444 44.5556272199 44.5796339762 44.5293488519 44.5580172906 45.104323543 45.1217267802 45.06990951 45.1091689982 45.0697370611 44.8853203131 44.8444560194 45.105125969 45.1262504372 44.9094849094 45.1735029038 44.795044522 44.9539809069 45.1397690293 45.0043562283 44.7140686973 45.1762753152 44.9029783725 45.0870479258 44.6360638867 44.6731178142 44.609839044 44.5089053352 44.9990022197 44.5313223646 44.774561409 44.6806348895 44.552493892 44.7071943591 44.688226883
44.9092630138 44.6230368666 44.6433505066 44.8423258172 44.5494337529 44.9570483951 45.1024197023 45.1029928376 45.0667314454 44.5290450963 44.5143490058 44.8519924556 44.7200145177 44.9927069697 44.6619557235 45.19983651 44.7166711592 44.9746243729 45.1360885593 45.0037781945 45.0643372555 44.9983735282 44.6309118175 44.9298048137 44.8422352903 44.5528734699 44.9360521049 45.047328007 44.6925574224 45.014476571 44.7355429242 44.9160926819 45.0978296404 44.6700014687 44.8231117762 44.8298141443 44.7904120075 45.1257309814 44.6986187806 45.0018365316 44.8924937556 44.7388104064 45.1525300378 44.803456046 44.6059753501 44.801467831 44.9603703152 44.6357808445 44.7780140168 44.9296289905 44.6408555009 44.7529072499 45.047842668 44.9447888376 44.978617128 44.8885750636 44.5322707421
44.9276219074 45.1906574871 45.1729508761 45.0061155513 44.7582376196 44.8718264948 44.7119847773 44.8956488314 44.7279950813 45.0706439371 45.0726411616 44.5180589902 45.1331622869 44.5205013246 44.7545317236 45.0629160546 45.2050127309 44.6554790723 45.029845688 45.1801499613 44.7007359414 44.6969424395 45.0704464201 44.975118894 44.5570404272 44.7075134466 44.6975357608 44.9671548248 45.1327368646 45.1934862964 44.63326047 44.7389536899 44.9885418221 45.1152519001 44.6683141783 45.1472481231 44.9400514809 44.7515287623 44.5942079502 44.9047389657 44.5025795316 44.5868029625 44.9975337056 44.7232063547 44.5655733702 44.5522444992 45.1793227385 44.6459826159 45.1178156089 44.7226778389 45.1537569458 45.1638823604 44.8395782946 44.7673936058 44.5481384312 44.6024552853 45.1373860374
44.8968928867 44.7658369526 44.9270522621 44.8028914807 44.7438518585 45.13725393 44.9837387343 44.5018932771 44.6361813653 44.6395624053 44.9287557782 44.6240970381 44.610770154 45.1060521144 44.9460390179 44.8711384105 44.8093420689 44.8970432752 44.7514392906 44.6417286186 44.9958719652 44.8535612506 44.6342432497 44.9125800893 44.725220952 44.64022006 45.1079449927 44.5899185985 45.1294061439 44.7504859144 44.8794357035 44.5686399716 44.9823715277 45.1708544157 44.9932808244 44.6366976884 44.6853769406 45.1299753973 44.5003252424 44.7198933372 44.7400523515 45.0392799561 44.6478441192 44.6096582321 44.9043938324 45.1656186759 44.5199831964 44.6222452502 44.5572226479 44.8751170422 44.7989578436 45.2036103275 45.048917701 44.6999164678 45.0417754059 44.6049611544 44.6147834132
45.1695660021 44.8061761063 44.9320194519 44.7487283587 44.5606415761 44.6795567665 44.5102300896 45.0622037257 44.6170186376 44.7886559984 44.5026349384 44.7581476274 44.6663834652 44.6189761383 45.1758442221 44.7656649586 44.7584785903 45.0980380729 44.9208340918 44.7478269975 45.1331588132 44.9902247627 44.686303768 44.6820987262 44.9528977032 44.6427851483 45.0876905412 44.9598691992 45.1696006152 44.747772755 44.9077098442 45.1877199768 44.58012741 44.7346816264 44.5592191133 44.7196962444 45.1559851531 44.7080557124 45.1322228922 45.0546406319 44.7964270996 44.6739042705 44.559228983 44.7493116879 45.1353933158 44.8332023514 44.5204211123 44.9620247235 44.6657510218 44.6757929691 44.7103654016 44.7984288832 44.6849507612 44.8834657706 44.8609160922 44.9380110034 44.90272548
44.9539751997 45.0765320957 44.8346138933 44.6145600202 44.6653546142 44.8112610612 45.1626419474 44.5181480732 44.5560559554 44.9281506647 45.0440449371 44.8810671586 44.7992265866 44.5927080654 44.9788786937 45.0288471557 44.980827732 44.9850002593 45.065910102 45.119661605 45.0264805977 44.6798944145 44.7328588052 44.6653175104 45.1855886853 45.1329022095 45.1482811739 44.5332596246 44.9815358452 44.9807187752 44.5035559301 44.6856993231 45.0310188457 44.8863104207 45.2047850853 45.1045351749 44.8460444259 45.0313290743 44.8592838927 44.6515855875 44.7993250229 45.0408351195 44.8500667333 44.5835825613 44.5780925367 45.1193766753 45.2036894604 44.6234711352 44.9349544457 44.675625361 44.9377678247 44.7577452974 44.5544301977 44.5834797787 44.598334696 44.8413182952 44.9360085472
44.6635028649 44.8915632724 44.6400966799 44.6528249004 44.9234037736 44.8027189972 44.7851647184 44.5377447096 45.1124121621 44.5017241235 44.9680271131 44.6597968529 44.8714257301 45.1564706399 45.0619851335 44.7330263179 44.9401613619 44.5905016017 45.1235972147 44.6098028501 45.0459995503 44.5639885858 44.5188142502 44.8838799417 44.9810745862 44.5711480838 44.9802268515 45.1353161222 44.8491979421 44.776411729 44.5543599946 44.5099499394 44.6703030531 45.0395563995 44.7814291821 44.7176268381 44.7810325722 44.8085864641 44.5127716198 45.0366458925 44.7630213721 44.998747584 44.7207871439 44.9195772774 45.1750097841 44.9755036055 44.575310256 45.1397565403 45.1710461257 44.5148629603 44.779521977 44.9351031797 44.6073651244 44.8841314317 44.7369962834 44.9749234941 44.5127476553
44.5183249026 44.631029314 45.1171697597 44.8796860574 44.5663968882 44.8679252466 44.9524630109 44.9535179087 44.7515699533 45.1668164188 45.0990164459 45.1148889702 45.1825080188 45.1314015934 44.9909272638 44.7475013029 44.9911185121 44.7133830453 45.0745627552 45.1487928843 44.7334696889 45.1592462026 44.5424088179 44.7034281821 44.7688540411 44.7730778138 44.7945016939 45.0757299863 44.8908244819 44.8165702288 45.1013036381 44.7363857847 44.6684093631 44.6491395105 45.1152405845 44.9368257852 44.6052451232 44.861042822 44.8640874941 45.0117487799 44.6605774936 44.6692849042 45.1784637153 44.5391457385 44.9069381689 44.8331795761 44.8779590903 44.9804473997 45.0958623771 44.6962066029 44.5535801202 45.0686153945 44.9429813219 44.7328272861 45.152430864 44.6210969209 45.1875340249
44.7471782271 44.9795596114 44.9201243098 44.7789430118 44.5994450644 44.7362195794 45.0836633573 44.5281542214 44.9719333362 44.7529102662 44.515267214 45.0477291917 44.6673144001 45.0781760997 45.011780096 45.2061471104 44.9140901088 44.8057552895 45.1492866777 44.839268754 44.9053678365 44.8743667365 44.9977143441 44.9549165828 44.7593382545 45.1135232828 44.8258377474 45.1878978755 44.7331462623 44.6823955233 44.5571873601 45.1563562286 45.0685925237 45.1835426529 45.1131348318 44.7376904814 44.8855267864 44.8969922357 45.1505355309 44.9788877363 45.1631827297 44.6962422978 45.0565827926 44.9582867565 44.8375624056 44.5512444334 44.7180063572 44.9139928011 44.769463085 44.8717117892 45.0698107893 44.8347123439 44.8672424968 45.118055432 44.9313671207 44.892580543 44.7441739874
44.6539558865 45.1371815291 44.8812574126 44.8152585014 44.867328251 45.0446696543 44.5731870419 45.0806194057 44.7921379569 45.0890475573 45.0758698768 44.9025626718 44.7613980316 44.7478086136 44.709938867 44.9969660905 44.5835146145 45.1742191767 44.8172338011 45.0549136049 44.8858557469 45.1902327028 44.5300640433 45.1660587322 45.0300991893 44.7284880418 44.646938744 44.831465926 44.6305674563 44.7788286634 45.0340340935 45.1708088247 44.5726741881 44.737535077 44.5416073945 44.7981758869 45.1242633976 44.6852609784 44.9178787244 44.8358904124 44.8741422195 44.7945795715 44.7768155671 44.6511254642 44.5799649983 44.9085744096 44.8191714164 44.699910046 44.8730524764 44.9792367325 44.9066187336 45.0801783094 44.5477681523 44.7234451535 44.9911632481 45.0145721765 44.6419950712
44.9286013249 44.8226446918 44.6389290353 44.9957574404 44.7737358633 44.6552939007 44.9951484219 44.9296761673 44.7570008453 44.7535413133 44.5588361348 44.8832092404 45.0622396798 44.8779577221 44.5489528629 44.5937045679 45.0216987098 45.1730809774 44.6428140282 45.0235874253 44.9182891607 45.0186575952 44.6066203546 44.6036382608 44.5327726351 44.9626039975 44.8046520479 44.7913670046 45.2052487802 45.1515693094 44.9908383322 45.1581821904 44.7889052005 44.580468713 44.8084126999 45.0152432457 44.5135202658 44.6095296555 44.8375623916 45.0659988341 44.7718309813 45.0984596597 45.1760734215 45.0027984738 45.1111628636 44.8412399593 45.1529415882 45.1896966494 44.9503755285 44.8348526833 44.7536467584 44.9083330857 45.2023737244 44.7558575832 44.8493396155 45.1402313001 45.0495844572
44.8713890529 44.9456030031 44.6280084651 44.7813781239 45.0182577863 44.5758740511 45.1196780457 45.079113132 44.7704523218 44.8500718696 44.6844199945 45.0096773624 44.6166685305 45.0728336035 44.523360139 44.9032769241 45.0094666544 44.6981171548 44.9135711526 45.0019502926 44.6306695275 44.7549998966 44.6661591935 45.0774778963 44.5854056094 44.6746899418 44.6255087749 44.5571211227 44.767938367 44.6117952119 44.9242945022 44.8657922003 44.717464267 44.7066310649 44.9074650716 44.593739188 44.7805619483 44.6822449099 44.602175224 44.9923955705 44.599154048 44.9900142457 44.7904759671 45.0679283045 44.5745712743 44.9136207938 44.8715241786 44.8807759129 45.1098941907 44.7299847237 44.9508167676 44.9159919498 45.1000914599 44.9506628851 44.9793724647 44.8059166616 44.5536678844
44.8017853093 44.6636277769 44.8891693044 44.7762023116 44.9020685475 44.6466374146 44.7595157882 44.9673175861 44.8998118078 44.8563277332 45.0528323106 44.5892318465 44.7916859432 44.5224717023 44.8455872925 45.1669110343 44.7067350005 45.1968857603 45.1073104893 45.1066244532 44.8102153391 44.6908145332 45.1839093463 44.7710403405 44.9255677965 45.1348312109 45.1548119538 45.141997432 44.7667743973 45.0388422019 44.882731002 44.7705748427 44.9069170412 45.1254484797 45.0138990163 45.1423517285 44.8281289368 44.6291644336 44.532776933 44.9682129579 44.522326579 45.1825409203 45.1299638567 44.5571723517 45.0406588438 44.5639778167 44.6994992541 44.7937953599 44.7788141567 44.57215423 44.8511925785 44.7416259557 45.1599648801 44.9109735345 44.8046110495 44.9364446871 45.1139263931
44.6902599856 44.8655891271 44.9223234151 44.7646405126 45.1875725442 44.7161109774 44.5641537823 44.6623624227 44.9324507513 44.6979134215 45.0081154134 45.134401518 44.8595291574 44.5044829553 45.1644701345 44.8810609052 45.0477180473 44.5768144469 44.8131390404 44.7043494207 44.8931824639 44.6997171475 45.1249390198 45.1139761792 44.7263681216 45.038531677 44.5549700531 45.1481724025 45.1676729054 44.5033023657 44.8066050127 45.0973314279 45.1869874177 44.9976052136 44.9533189496 44.627322094 45.1811521367 45.1256100392 45.1049035352 44.5083492307 44.9851266275 45.0216238389 44.5888677342 44.8070472841 44.6622593066 44.5003711431 44.9584060511 44.8410315857 45.1530216394 45.1357714409 44.7595120281 44.5204016731 45.1973025329 44.9126635701 45.043274859 44.5356464844 44.6789274075
45.1660058308 44.6702386751 44.6924301744 44.9808016912 44.9821925125 44.9808680645 44.9024627533 44.849039415 45.0378997434 44.6761275188 44.9446074253 44.7275663448 44.8325532691 44.9284609309 45.1527619345 45.0181145626 45.1561613394 45.1588402304 44.6131633943 44.5978190292 45.1525058311 44.5109992476 44.9432252691 44.6315458408 44.9532853536 44.9883148145 44.505651485 44.7092483609 44.7147113397 44.5812320675 45.0092822255 45.0052727773 44.9203544167 44.5745017463 44.7445945912 44.8418246004 44.8821137307 44.593067399 45.0443343566 44.9211041423 45.0544883836 44.9306730527 44.8878713809 44.6340166455 44.5339425435 44.9898118064 44.7707959795 45.1920711476 45.0768244281 45.1067106817 44.9177961285 44.5912203482 44.7910958841 44.9873973558 44.5970984885 44.9954525837 44.5120320963
45.0775143529 44.8587416801 44.632564031 44.75768621 44.6515248449 44.6570727885 44.6420613787 45.145062397 44.5958501304 44.8158162249 44.9274620193 45.1006086126 44.97055168 44.9444268198 45.0534894717 45.0738285549 44.5822649817 45.1998358357 45.086051184 44.739668869 44.956496893 45.1821478401 44.9234724602 44.9750499499 44.6512335759 44.8096468404 45.0699535844 44.6941211184 45.1944857728 44.726468066 44.8937928831 44.6963160877 44.7525020254 44.6141161566 45.0590925018 44.761917213 44.5072088852 44.9048722406 44.8542684672 44.6854696785 45.0466358365 44.622186414 44.6248603261 44.5846565788 44.7693039909 45.0094656866 44.8439706801 44.705353125 44.7572560985 44.8676463933 44.8724908349 44.7550799163 44.5535921474 44.9248541715 44.5454919607 44.6535790296 45.2034920753
