Spatial_Output/DEC/DEC_0649.asc
NCOLS 155
NROWS 192
XLLCORNER 196307.867259
YLLCORNER 449144.565805
CELLSIZE 33.573938
NODATA_VALUE NaN
[rows 26 to 51 of 192, columns 57 to 113 of 155]
26.561586216 27.9983679156 27.3709487889 26.7212162409 25.5563190338 28.464408627 28.9287876672 26.8467416031 29.0281554077 25.6600114334 24.8103007494 28.3704956247 27.0753700079 29.181955769 24.5182302902 26.2451899544 26.8369434289 28.5798049499 28.0074220532 24.6694933886 25.8312064853 26.6158291913 25.0996360879 25.8865648272 24.9908464653 26.3429358153 0 0 0 0 0 25.9577820767 26.6949106777 26.9319660429 27.5331760594 26.9945239107 0 0 0 0 25.7862748943 27.3537040816 26.4114229221 25.106475621 25.2672705983 28.6684910369 25.7028912585 25.515127919 27.685432014 25.8534920976 25.0971988643 28.9046313213 26.5619720606 27.0957199969 29.221246372 26.494651012 26.6206298528
24.5222469651 26.8045853862 29.0367866849 24.983686727 27.7501698613 26.4617628031 26.3259431476 27.7303281922 25.0424295794 26.6886381021 26.2906621322 26.0265956022 27.3013738256 28.1065955313 24.6697078567 28.036335529 27.3736706327 26.4349038492 24.8901378253 26.0529530915 28.3739911009 27.311026298 26.962751732 26.3767489436 28.0245982001 25.0695895478 26.9826665213 29.3949290132 28.058484084 27.652188198 26.5687902135 25.3407210545 25.1742279103 25.5141278681 25.9449798549 27.3227073235 28.6639906653 29.3172864568 0 26.0317142111 25.9978005904 29.1417071665 27.1251490484 24.8254484261 26.4731877782 28.5025509144 25.5071501119 24.5423778769 25.7061660773 28.5497058276 29.0974366637 27.4947879672 25.9447297223 26.960916141 27.8518384404 29.1829234948 26.6870552618
25.6022362644 28.5283578162 24.8242025452 27.5523513602 25.826980404 24.9438192781 26.406402639 28.5035959462 25.4009643826 28.9971592194 27.8888324099 25.0429652472 27.2387115219 29.4484284881 26.6401220055 27.9942453913 28.9386433824 24.5953868712 25.2503309202 26.4862919052 29.0795276064 25.2430686105 28.2697649123 25.6690250478 25.643327346 26.8411893592 27.3726708358 25.2987348651 27.6339342294 25.9044111099 25.4268683938 25.0345274287 27.1933023599 27.6281385664 25.265839838 28.8815705984 28.274331148 27.0753047369 26.6196985578 29.1889247559 27.7054519841 27.2259422327 25.7125449054 25.2814035245 26.1026657462 24.7408126373 28.4318685661 25.9005884351 24.5639385687 28.5901963786 27.282116799 28.4892786959 26.2822333138 26.3222231816 25.9443172322 24.7072121803 25.4987317125
25.4478300002 25.0350222214 26.8590704274 28.2700981562 28.3706018043 24.7371642428 26.4560011616 26.7532543341 27.1140172186 24.5844514794 26.3395647883 28.7139844371 25.8377276945 29.3313678878 28.9575512274 29.2397364532 27.9113574769 26.0424050321 27.4416926258 25.3831842276 26.3430336729 24.7650213927 24.8484404584 25.4742941396 25.8399391271 26.3736048518 29.0786734737 27.5390464191 25.3425862223 28.9921437258 27.3833448 26.0018139544 25.8289503569 27.8115300383 26.3013443466 27.3532338437 25.5102162619 25.071720415 25.0748374808 26.7430708068 28.98361908 25.9289114837 26.9850920277 27.3579812509 26.3166996091 27.4360575698 25.3550478813 26.9350483678 28.9612459222 26.0643982807 29.2280269937 26.1684258132 27.4506106241 28.6754517358 27.088155863 24.5294281686 28.6679551391
25.9102525696 28.301289013 29.3667523063 24.9144291491 26.7555599291 26.3947102641 25.6678088957 27.8600982159 25.6195032321 28.8535872574 28.6899387021 27.2111493312 29.1735235228 29.3543611906 27.9798946453 27.9312910559 26.7015158865 25.2957818865 24.9739805198 28.0336573296 28.7754447931 26.684328088 24.9637122345 25.107166778 26.5192012874 24.5893376164 28.6413565664 26.8409196242 26.356096481 28.899826071 25.8415133966 24.8513820505 26.7177214787 24.5473953597 28.4191348871 28.3815848188 24.9233210473 25.1953023798 27.3699653972 25.7495025244 24.9360491723 25.742416648 29.4433132112 26.4391180143 28.0725576343 27.5407322959 28.724005415 27.319504347 25.6226368518 25.7111090469 26.0396823212 25.9268967905 25.2129081472 26.1466338753 24.9973190256 25.223121173 25.7271887313
27.2719621964 29.278197913 28.6176074152 24.7070231494 28.6480229227 25.1325530805 28.9733480461 24.714933288 27.1198850989 27.5655241917 26.0783854798 27.2952750691 29.2077524536 28.1650335359 28.8353891173 29.1491271255 26.9998483193 27.2291272717 29.3773232421 27.2287640733 25.0147718509 29.2418566407 28.0652520103 27.8988056944 29.4125730989 27.8325398659 27.4873449421 28.9567948666 27.8099802981 28.8622196924 27.7894424408 25.7433308878 27.0311759389 28.967161209 25.8388605712 24.9757300729 27.9193858119 26.8981432872 24.6155704774 26.5010195985 27.5010761022 26.0915088193 29.1225806169 28.0587615975 28.1828307151 27.5639196204 28.1881334036 25.0696990223 28.0691822396 27.4641269462 27.5030923103 25.1804897357 27.9476564813 26.7202697491 27.6647347275 25.1393954824 27.0152003184
26.9738375091 25.677920374 28.3108934964 29.0956319024 29.1863883466 27.9777209997 28.185670958 27.4150805035 27.9584724382 26.3107061038 26.6973973826 27.2698341817 28.4098386605 25.5478669737 25.7670568412 26.1119999266 28.2809796564 25.8203371443 25.3529348235 29.3040539714 27.2131265613 27.3053989106 28.2157718143 27.1824061014 24.8625934112 26.5969853368 26.36008212 25.1129042714 28.6540309361 27.8364861714 26.9531231636 29.2571718596 28.2280445796 28.1859790144 25.9169439577 28.2435438775 28.4456296116 25.2995474204 28.0141418759 26.2096962517 28.0631514764 27.809609117 27.6105031446 24.8911409837 27.6194066562 24.5581377147 26.6741288295 24.6671346858 26.4123340019 27.9752099149 29.3078791612 24.8568466225 28.8745899205 26.2009256849 25.4863271639 28.5325058089 28.0598063124
26.7813851453 29.2619212707 27.2893935801 26.6910882659 24.9836347448 26.4469610462 26.8293258467 25.2182145656 28.5769607156 29.4210663996 28.5021828768 24.835522797 26.8573560966 28.8563383352 25.0918142778 28.7216280955 29.300386078 27.6931603706 24.5818926649 28.7653659932 28.7163535882 24.9198943416 24.7624480545 28.6394127228 25.2772275877 27.0125022551 25.7183033199 29.1892729421 27.3020293686 25.7768448283 25.9514980345 28.7940713732 27.1067829465 25.5293390549 26.2689776755 28.9337673443 26.1601866796 26.1283278308 24.8497006859 28.6776729012 28.6753842526 27.4318590897 27.1294989667 29.0729035983 28.1167023582 26.3168725563 27.5334249326 29.4018547211 26.3055825 28.0334632275 29.1523075985 25.1190451966 27.2495477934 25.1601047824 24.5993482855 25.4938032295 28.7231485145
28.310069877 24.5342709185 25.4882116255 27.1961040422 27.2469287895 24.6682366898 27.1296915111 26.7964156197 28.4839145667 27.4496065308 24.8176534413 26.0804511186 26.6464293439 25.7460981831 25.9609723166 28.0896301891 24.8797202356 29.2347545393 25.3588995234 25.6529127543 28.6967066716 28.7641142488 27.1785795737 26.7752032756 25.6136283823 26.3194750473 26.52399933 25.6845861336 24.8107668929 26.2350098258 24.9117190825 25.8748826827 27.400898787 29.2134923446 25.6554414878 24.5082079112 27.5243863014 27.7369897038 27.7039280515 25.5678134717 28.0701875695 26.1285477614 26.8529624441 28.869851475 26.8643521421 24.6420804904 25.0266752767 28.9836771828 26.8936783941 28.9927459456 29.3643822144 26.3628086848 28.6790446608 25.1773463485 29.0529119589 24.8105225785 26.8853616291
27.0304207486 27.5795666383 25.8369671881 26.340444421 25.4837904501 28.7596072211 25.4219364727 29.3250192361 29.4369400623 29.2687252807 29.3266349491 26.6032786716 27.6292373879 26.3402331162 24.6684602423 28.3619742413 27.4927334867 24.5347111316 25.7243531876 28.6817410917 27.7847027694 28.0638131553 24.5001949134 25.1456945285 25.9986006286 26.9581504628 28.0206342202 25.230572551 25.6463505129 26.5019686441 28.3630243038 25.2180070779 25.8354909425 27.5138188821 29.2611050992 28.2518447156 29.4301977406 27.9679053709 29.3060044086 25.1877646575 27.9957317033 25.7035369617 25.2818125672 24.5985482325 27.8809457037 26.6819017135 26.7790049741 26.6814907576 26.7139496833 24.5387748719 25.3878276889 27.4769735042 25.6373097347 26.2995345908 26.7889249165 28.8527454189 27.4715532316
25.0909317831 29.1973416724 25.188466155 28.8130544946 26.1233047124 27.3957285883 28.0154474591 28.7560100328 27.6686415046 25.645790866 25.3570698479 27.3145805957 29.1446895274 27.3038769657 25.8903457928 28.8904704561 26.261876989 26.1214162665 27.404050232 27.773001599 25.0614557911 27.6398806565 29.3960833305 24.8449593228 27.8257409985 28.7119888947 25.5923264939 26.2327216697 28.8824594533 25.2295720449 27.5199500021 26.3110448281 28.9024226427 28.1409911113 29.0788106101 27.2043780203 26.7838115229 28.5453312814 25.684490127 27.028201253 28.2520904596 24.6594028159 28.8278297293 28.9084660978 28.6708275485 27.2616334911 24.57050082 28.2675115328 25.9355017879 26.3219884146 24.6144229497 28.5288188514 26.2318500881 27.3175934121 26.2845577906 25.3405970143 27.6468616597
24.9830123902 27.0209444234 26.7993063142 28.7162503719 25.9869735883 25.042468733 26.7512436754 25.9879680714 28.6112210496 27.9217453485 25.3983970088 25.7071502015 28.2569911744 27.236401976 29.0414571989 26.6494963298 29.299041076 28.0836834801 26.1573491005 27.5910672465 28.4425366659 25.3112005198 27.2746885029 26.0914564344 28.1326670009 28.7224639752 26.9697592288 27.0664843535 25.0455749563 29.4196424462 27.148224063 27.3459627738 28.6159706523 25.5546291462 27.785234798 25.1148686509 25.9397174833 27.7677990073 26.49698518 24.9664823078 24.5519658717 26.878136014 24.7892927783 29.1194761406 28.6170416031 27.9783718695 27.1620171856 25.4834009683 26.8248174051 27.0804917052 29.0046188698 27.8797756805 27.4843165064 25.2152969338 28.5712280248 27.3344914691 28.7009466704
29.1935406659 27.3614840366 27.9628730582 25.7242706372 28.0074814051 27.7391805484 25.5094018446 24.8529674133 25.7295797081 25.1066442384 28.6954368311 25.7013987728 27.2797949768 29.3274091859 27.2282382243 26.1570478832 29.2573656627 28.4104091759 29.0515052923 26.0269971845 25.8012102145 25.3487085108 28.0889116442 28.0548751029 26.7086478368 27.5785116969 26.0725350178 25.2109042989 26.2983106666 25.0538485378 28.0498860462 25.1368452337 29.1158029753 25.8951999333 24.6718878337 28.4600860818 27.7505185076 27.083762765 25.295741352 27.0600583148 28.2786218555 28.547347324 27.4658008478 25.6922352181 27.5596727132 26.7874890512 26.6848996424 27.7957499399 27.2299545678 24.5232819594 27.1787382847 27.0130523362 29.1399000487 27.5726342574 25.270490568 26.2774762498 24.7461199536
27.7653760029 27.2454733355 28.6944278134 28.688970857 27.363496106 25.8567853612 28.1564805101 25.6172888707 26.8515256104 29.3491915753 25.4346465517 26.9903291166 28.7699452665 28.899462632 28.3419221342 28.067420302 25.5845695988 29.0422030093 25.9758045887 26.3268403235 25.1256843455 27.0537093046 29.1516327472 24.6238396493 25.8399618888 28.624055822 24.7658504011 27.615567368 29.2357448519 29.0410710394 26.9892577968 28.3943695224 25.7148257216 25.8873458172 24.6692803876 27.3372554647 27.5815485455 25.5475874351 28.3956677365 26.4114427914 25.0599837819 25.6082549783 29.3052880683 28.6774617863 26.5116045925 26.4878345486 27.6283333126 27.7500031489 27.834931277 26.0832574283 25.2589513466 25.4806281873 29.1652096489 28.4295810854 25.5895190735 29.3731610559 27.657377645
29.2905952307 28.8796593274 26.2511443445 27.3199589318 27.594686619 28.3320715886 25.1990839624 28.2806155459 25.0881705655 28.017319233 27.7684954097 24.9596856823 28.8499332778 24.5622499234 29.382925263 24.8486707944 28.9987805482 27.0068620967 27.5331661767 28.9253741537 25.0114659217 28.072177285 25.7859467166 27.7525216718 28.1787725629 29.0015879682 28.5892618038 25.9989886018 28.1362412245 27.3454219522 25.7468024697 26.0678667447 29.2091034501 27.8664972623 28.0041961087 25.4826275701 25.8327020279 26.9206063641 27.0269277631 29.2829441878 25.1746483957 26.2762784414 26.7301645419 27.2338769469 26.6670270496 26.759068188 25.2580268276 27.4890703593 28.9326309046 28.5984483972 25.4825998462 27.6344509425 25.5135051785 26.7631212531 24.8936830452 26.2015990083 26.7178084278
26.4572271972 25.1429634169 26.2314400929 28.5996175523 28.8134566023 25.6632067358 27.7511916256 25.6018626431 28.5857475834 25.6857359574 28.0698717525 25.9031301626 28.084585669 27.3005968961 27.5612512838 26.0954106083 27.2519169095 29.1167828878 27.2365165296 26.0377202963 24.5950160614 26.3386716951 28.4503634146 27.1835274462 28.7973488627 26.8576422854 24.7625957525 27.7385539464 28.5343282369 26.0134851774 27.1843350787 27.5750861351 27.6512843883 26.0158124761 27.9852340133 26.0640646367 28.23990352 29.1623395997 28.1722747718 25.4672484933 27.3600548045 29.2394726817 26.4010309574 29.1667360605 25.3374160074 28.4213853977 27.2742495258 28.4109587143 25.1278235364 27.7341789492 26.0429103345 25.5635899695 26.7195524614 28.3446131444 24.6558599306 27.152325293 28.5510663303
26.2443257655 27.1100143329 27.2542123662 29.3258172629 24.7353807762 29.1631405763 26.065913103 26.3644442842 26.6007947942 27.5425046862 28.6642433881 24.8078738481 26.5929634031 27.8017554567 26.907864447 25.4885402078 26.0414856554 27.9087486385 29.32984834 27.532691992 24.7191177318 26.8373714678 27.6389115915 26.9267587062 26.0326872364 27.3196037882 26.0451485995 26.5537726566 26.9228137081 24.5450640606 27.0160827826 27.0399630295 25.7288279144 27.1230889463 28.3229844476 28.1496091387 24.9875043268 27.3978342521 29.2298284782 28.0371462469 27.4766739225 25.781704712 27.2270396374 27.121070711 25.9395981972 28.1217891856 27.1357105753 24.7423693089 27.1720878116 27.3386503798 27.1334563895 25.4525967569 25.3595512628 27.3983200645 29.2710068941 26.8034747928 28.8001103492
29.1029540659 25.0925443587 28.8412572001 25.6087395026 25.1157768014 26.4411103787 27.5240390367 26.303714348 28.7621518591 24.7926797084 25.7459064833 25.4804711288 25.1288852076 25.7444108762 25.3049183631 28.0187714173 26.3554280366 27.2214939181 24.9562825075 29.2437993717 24.9853308562 28.888857517 26.6718123906 29.0628469421 26.5831977601 29.4167237602 24.6970593519 26.6570441372 24.7585936356 28.3263559806 29.1298827455 25.7454926192 25.2352325033 27.7700168878 25.8889336169 25.0635220496 28.3020968557 28.1436887042 25.2325688382 27.6897170839 26.9265019929 28.5476737562 25.7815880988 26.8412116086 26.3681066293 26.848666061 26.9367920058 27.5405924704 25.6398142217 26.4457797044 25.9925550446 27.6742499216 25.0497611348 26.965949917 25.2990133009 25.7812382918 29.086076096
26.6753804615 25.3955660784 28.8714036872 24.6977940264 27.1545528404 28.6685478644 24.9404540057 26.2637063395 25.4214200345 26.9116161876 28.8685453914 25.9527164038 25.3019530379 28.2802108813 28.1734114874 25.5662338576 25.8728490249 25.0519243759 27.2173918807 29.0104036863 28.5690376582 24.7269882671 24.7416249343 29.2658915496 26.7699051819 25.6626109941 25.9052392309 28.6754852906 25.1860804293 24.5298936963 24.5383394666 28.5521441002 26.1051411847 27.5219141749 29.320121226 26.1572652283 27.5575206736 26.4279005346 24.9644777476 26.3672933666 28.2164988889 26.8049664651 28.2546562296 25.1126887409 27.4021346373 28.4766396888 26.5973831424 25.1140728299 26.6969298065 27.8789133189 28.0287914423 26.4672391555 26.149468798 28.4228841569 29.0464287033 25.1955181222 25.236469019
24.7636646313 28.0143451011 24.5459256038 24.974779878 24.8116808121 26.0633278698 25.5290818041 26.8190876848 28.9237547264 27.3377252286 28.5428375607 27.0841305768 25.8581120895 24.5656751469 25.5015030928 28.8946716512 25.2046825538 25.4020214027 27.7026458045 28.267860741 26.132406445 24.5516844363 27.9558063266 26.658629551 28.2065387563 29.299624446 26.9226613903 25.5275581396 27.0234783419 26.256400708 29.0723933247 28.1944339106 28.1456539645 26.855094851 26.7721644368 25.2767841542 25.8321501191 27.7616800473 27.8128568591 24.8523665416 24.6834497107 24.646858051 27.3959459521 25.3187168328 26.2711685058 26.7325695391 26.9559702209 27.3503716411 28.4167661908 28.3775484572 27.8064280512 24.5097920869 27.3815086171 24.7949000105 28.0887948946 24.57085269 28.2040829182
26.7048246527 27.5282060429 25.2860183935 29.2809883854 27.9012157775 25.1239777598 25.9230366749 25.8643689384 26.7775483086 28.7765697611 24.6594326751 28.1815026754 26.7636749789 28.7292913475 26.5449215503 25.8454214257 28.4855522758 28.6949646148 28.1128165827 25.1932991037 24.6874730477 29.0308934705 28.6067801801 28.0262764456 25.1476206488 29.1813173661 29.3722454948 28.3018213602 26.3660270146 28.9401016483 25.9422653824 25.9277991022 25.3398731994 25.8393586096 25.4080557746 28.2320748932 26.9163944228 28.6642670396 26.1970657742 27.0334965722 26.0358016069 28.0526030008 29.1128724108 29.1491591937 26.2683308673 28.7104995984 26.1946991384 26.3601877603 25.321441297 27.691147704 25.5990221074 29.4033523343 28.6912603625 27.9706185689 27.5028012576 24.6315707803 28.3725472169
24.893813629 26.5512913575 25.2352797586 28.9956878611 24.6209421579 27.6616253715 25.6829983356 29.2925021722 28.8330887203 29.2565221335 29.2974701351 28.5085436325 24.8476900146 26.212620628 25.5056457039 26.3413845029 28.2980239792 25.7892702367 27.3041032189 25.0106362057 24.8937625342 26.4957998751 27.3164648865 26.1454431147 27.4420560593 25.4652739547 27.8961055094 26.9078138674 28.5343838993 27.0768193652 26.5242303044 28.4160880825 26.492822155 28.6296700689 29.15742295 28.3217997928 26.3779660555 26.4020979532 27.4976107123 25.9210670076 27.5278001325 25.6107721799 27.9088309411 29.4253166549 27.5519816207 28.8875910289 28.8588096055 24.783433937 25.1757813938 25.3408402341 26.3194765202 26.7486084963 27.1754377236 27.0901648207 25.9284423387 24.9084319435 24.6391417304
24.7580241554 26.8190582638 25.0627270495 28.2729974177 26.6575450169 26.4094840361 29.012478401 25.537533512 27.565016465 26.8115639505 27.1389674596 25.6787991311 27.3077109943 26.3006428376 28.3777409203 27.3564702739 28.6267280923 26.4031339629 27.2780273806 29.2641333566 27.4306986192 27.1678998591 28.1891701606 24.5317866049 24.5814281921 27.0551865212 29.4172088599 24.9979769022 28.0128581114 27.5879783779 28.1653835351 24.62274771 29.2052108403 26.785414663 29.2522745616 25.0209549575 29.2526467934 25.4070520609 26.0136316866 25.342175062 25.6281407258 28.5450179554 25.1385824503 28.2825160838 25.0834732913 27.4408754412 26.9307664135 27.8845170152 27.2599139325 28.3418544325 26.489377725 27.958343797 26.4980797037 27.127275816 24.7902759148 45.582012381 44.9713630753
26.1602563 28.0678648636 27.0791400996 29.1815520256 26.1549034412 25.481075637 25.6537825812 28.7746783825 24.8700827143 27.9672125336 27.8400901757 25.6574888313 27.524893169 26.6744806065 28.9922179765 29.3057833447 28.9920322569 25.1130920578 24.9975735298 28.5234740324 28.9379159874 24.7700829435 25.8209803073 24.5136170375 26.6106057983 26.3073693931 29.4235170172 29.2929122288 26.0142669129 24.9432198953 26.0877530485 24.6601332404 24.8596017576 25.7814973585 28.6415105603 26.5392654358 26.6356390805 25.3600572721 25.5024900563 26.7694543881 28.4665326809 27.5432408099 29.1093541463 28.1893642942 27.9546909981 25.0643401035 25.3347084471 28.6704293811 29.0360898756 24.7250289508 27.2762849422 28.4608166115 25.5772898059 26.5817758744 28.0129426283 45.2276423126 48.124833815
28.4916652914 27.3085710359 29.1821064911 26.4307391758 29.0201107822 28.8032395365 25.6820103764 27.2597366918 25.3838747294 28.5356772258 27.3605226891 28.4309231752 24.5150368821 27.7293528096 24.6006757977 24.8356183947 26.538065578 26.1394206582 29.2551645185 26.7815238064 25.0004930012 26.2744354547 24.6292813843 28.1350403448 25.4913999886 24.6913294349 28.5373208415 25.8576032171 28.2770423581 25.8719200758 25.0200573587 27.06229627 25.3665430128 29.2454635817 29.2450153775 26.0973230978 28.4968576852 24.5320342191 29.1702153618 27.5517482366 27.5178643134 28.3802935581 27.9877910484 27.9069226776 27.2842995779 28.3200670508 29.125794719 27.4557727362 25.6626821297 26.6096484901 27.9447811427 28.2554426272 27.6230455637 29.4226604032 28.5256515453 45.8465929245 50.3112979681
26.0079416684 25.7520164556 24.5282343685 24.8338934776 24.6863869144 27.5933800437 26.6087971568 25.1915666833 28.2350590194 27.1775282672 28.0131850431 28.8288153827 27.0772505633 26.8410441781 27.7445517483 25.7656091408 29.3984888305 25.0498419034 25.1929129325 24.8797968513 28.9547514864 25.7167751505 27.2451903347 27.7248789144 27.5696412915 27.9527630907 28.2277557538 25.5317507478 26.4577799484 25.3990852188 27.6382528262 26.9571646523 27.8310360368 26.4071054899 24.8222684056 27.8795662055 27.9460543266 28.2200137481 25.4818769768 24.6793528901 25.13441367 25.2899237911 24.8377342941 28.3214365089 24.5488100086 24.8979760749 26.8196154022 28.7704536575 25.0775771717 25.5828776451 28.6089032932 26.1032141754 26.3064840965 27.0673456221 27.7668026322 29.2057834232 27.461147365
