Spatial_Output/DEC/DEC_0330.asc
NCOLS 155
NROWS 192
XLLCORNER 196307.867259
YLLCORNER 449144.565805
CELLSIZE 33.573938
NODATA_VALUE NaN
[rows 52 to 77 of 192, columns 0 to 56 of 155]
36.6151992734 36.5378047567 37.2122995685 36.2379891579 37.1475284543 36.0146188304 37.3309725449 36.0346614735 36.243197089 36.49005892 37.2454138658 36.9333509668 37.079406495 36.7645210409 36.5748076073 36.6089559052 36.4127298346 37.2897165674 36.5369003084 37.3568760258 36.4988680838 36.5048368531 37.1016829621 36.6506204935 36.321358547 36.4920777421 36.0812909768 36.8031481671 36.6540190257 36.5463401588 36.0369313157 36.5411704524 36.5819441864 36.4260458138 36.9298938866 36.8330673338 37.1276883853 37.0225528228 36.2574218734 36.6509519525 37.0487535155 36.2682424284 37.2118337733 36.7714282675 36.3987076131 36.1845916086 37.2174191379 37.0352462889 36.1949918737 36.3256525264 36.0960725538 36.9386573334 36.3618450245 36.9831621376 37.061941148 36.2246799478 36.7153041094
36.5850667472 37.0785944279 36.5311549476 36.7110950556 36.7218979944 36.6394871659 36.0367600421 36.9251891804 36.8342022362 37.0911826173 36.0226691512 37.1843892601 36.3581847869 36.8615674709 36.5021142652 36.5879932435 37.1164816185 36.9802845058 37.2399487703 36.6320193712 37.2812148801 36.4099924695 36.6724888499 36.2568120043 36.3651828545 36.4054710717 36.914284964 37.4056772688 36.8448077577 36.8916979808 36.2547367497 36.3880778775 36.5821092347 36.7597601072 37.3235780051 36.9698037028 36.5778369483 36.9003746603 37.3790248199 36.9699320308 37.272913401 37.2210346058 36.3186653407 36.4221053463 36.1205787465 36.8618403715 36.2345499163 36.3861776979 37.1064416554 36.7148027352 37.2043784651 37.2658214857 37.3750621665 36.1064771379 36.9332060232 37.398679315 36.1540695415
37.2125213865 37.2145054891 37.1548346636 36.9700768932 36.2478736458 36.1756383835 36.4751232034 36.7248156023 37.1774145221 37.081184966 37.2675602046 37.0589760069 37.0538800655 36.8203608063 36.0495297923 36.7634027479 36.324703117 37.318702284 36.2676853972 37.087314499 36.7221766272 37.3300991999 37.0140592624 36.705503595 37.0303990939 36.4313739296 36.8533051313 36.9864293737 37.2665220455 36.8700779039 36.5616422946 36.3484968445 37.0824904613 36.2712446518 37.2470984225 36.1346584263 36.8706592055 36.2426441613 37.0648755361 36.1411415573 36.7522194869 36.1568521176 36.0756488876 37.1261160394 36.3685966121 36.0748635246 36.2919848251 37.0407932629 36.6780593342 37.0104251294 36.1871946766 36.583254906 37.0962284897 36.3251367963 36.280886292 36.3010353225 37.2905298498
0 37.2933970155 37.2002043142 36.3719349974 36.889872552 36.4027337194 36.7128124785 36.3516508457 36.5108567161 36.799522138 36.9938120029 36.1879296598 36.7769973965 36.8947994703 37.0250837513 36.2025325242 37.3906519169 36.0674177462 37.2036609489 36.4796781287 37.1609072966 37.2966546625 36.2991466869 36.8665555948 36.6397633317 36.3499309326 36.2286059115 36.6380608611 37.3440491515 36.4821276285 36.6214729465 36.7645464719 37.0798161353 37.0458584404 36.1022134004 37.0899819398 36.2529792381 37.3263069652 36.7433784238 36.991102523 37.1798649753 37.3944830137 36.4777930314 36.3991747283 36.4193524384 36.4898500316 36.599787546 36.7952600613 36.6258240274 36.1483944368 36.9958834782 37.0370015393 36.6773272378 36.0178940978 36.5557897019 36.5659583579 36.8406676452
0 0 37.3202616362 37.3693771736 37.002497567 36.2700946493 36.6883030067 37.3847780764 36.1173598174 37.2787757317 37.405231563 37.1074416682 36.3480555119 36.4631676581 36.7252017189 36.7553424274 37.0804265994 36.1418172132 36.4590626248 36.5289750379 37.3437220289 37.1776685959 36.0965568441 37.3564149955 36.835550096 37.3280941956 36.5477907148 37.1932075418 37.1032479482 37.0465676107 36.2637084318 37.0459924429 36.0587042974 36.7831401269 36.9019571476 36.4820129464 36.5958684697 37.2672170577 37.3975428218 37.1559771804 37.0172046265 36.4447676336 36.574269774 37.1912530239 36.354449685 36.8057471398 36.8509648337 36.8595132418 37.3089343376 37.1510793983 36.6493172502 36.233737751 37.0186954267 36.4814131012 36.9210124427 36.03893567 37.1887835319
0 0 0 36.5499323305 37.3041678773 37.0912302358 37.3063143183 37.3779976402 36.8402454733 36.5429284313 37.136177513 36.8307910125 36.2660876115 37.0359335153 37.2873630079 36.5712117513 37.156828118 36.0337125926 36.0998609024 36.5219945767 36.7306419178 36.9911274988 36.8597707477 36.7492231738 37.3408304077 36.2167462491 37.1519848269 36.3756650229 37.0259641744 37.0872271133 37.4084521138 36.2227224988 36.4139996755 36.9636990833 36.4754935106 36.7305230186 37.0894163008 37.2756460312 37.1584429762 36.7426256374 37.3824671988 36.9919505308 37.3449981359 36.6757626745 37.2878666625 37.2195365957 37.0569600947 37.2011969884 36.5989079691 36.9248428337 36.4257348139 36.8274543045 36.1664871457 36.9409524131 36.2383956861 36.4844777722 36.1122888369
0 0 0 0 37.0701747882 36.8692145109 36.6017086449 36.5582079332 36.693504728 36.266312973 36.7474184997 36.1244450073 36.0462256969 37.3722899437 36.9551284284 37.2335073435 36.3066818011 36.7227600277 37.0561912314 36.421501518 36.0821214409 36.8618222372 37.153794369 37.272276881 36.5832002392 36.0420728279 37.0435178406 36.3678057534 36.554463833 36.6307147058 37.1321598507 36.0177991365 37.3382107372 36.8022707208 37.2587794351 37.2406599758 36.8566719368 36.5938026581 36.329690134 36.5780274767 36.3740126159 36.2359734723 37.1297843902 36.5580931285 36.5235330687 37.1880918521 36.3223371687 36.5218321494 37.2257544158 36.5037835488 36.800425903 36.5020238905 37.1644782773 36.3182866456 36.8914964686 37.1581183894 37.1681206153
0 0 0 0 36.6236730944 36.2042693195 37.342080833 36.3022225334 36.229230925 36.7582268332 36.1926212289 37.3265756079 36.2442415856 36.7685037215 36.5528191633 36.5639491604 36.1046829961 36.8226810937 36.2346844883 36.5835180327 36.5258912946 36.9370060365 36.1304790915 36.2966971812 36.7787722698 37.0782436304 36.368795111 36.7806641627 36.032923928 37.1896971065 37.0417886774 37.0944078115 37.2938581624 37.3069077623 36.8182639846 37.0057121484 37.1781273728 37.1296452584 37.3109967257 36.5640581048 36.6132470534 36.3351448221 36.8551899555 36.2452873443 37.2128706491 37.0977525554 36.2037470067 36.7284400082 36.6280262743 36.8759612675 36.2547950325 37.1572999769 37.2855549251 37.1134185021 36.795771144 36.7892011866 36.4819907339
0 0 0 0 0 36.7123127419 37.0501389624 36.9096493605 36.5024702786 36.0491659632 36.1047392939 36.658445009 36.957127693 36.7216113579 36.5047652854 36.4890157583 37.0499812918 36.1446794932 36.9265189428 36.6998998594 37.1270859922 36.2324069271 36.6385919136 37.3722183232 36.4784194097 36.2767686923 36.0112383344 36.9133291785 37.1089554327 37.3104548852 36.4150108968 37.0351907976 36.2241079774 36.7820773957 36.3627815603 36.1928992283 36.1100451224 37.1150192684 36.0133662272 37.3230866247 37.3498631024 36.8813718489 36.2872069833 36.9519476994 37.2656419176 36.185661216 36.2835930794 36.704791349 36.2612664645 37.2891564146 36.7413468046 37.1155165451 36.5890984739 37.1556410201 36.8493064363 36.8669954039 36.4957382246
0 0 0 0 0 36.8417652255 36.7845486548 36.4192276325 36.1182029635 37.3184768679 36.3644717988 36.6103294174 36.1550781677 36.6628682079 37.0923126889 36.8956109212 37.0887534103 36.6575272505 36.901593249 36.2617583153 36.3904947161 36.4412095119 37.0812866353 37.3931632316 36.9085028235 36.3431209885 36.8243568428 36.9996362563 36.2577005006 36.7246929181 36.7779104852 36.6943744001 36.8756125015 36.8515490563 37.3266744764 37.338788888 37.0984659773 36.0580244313 36.7260809705 36.3627550956 37.1179767157 36.3086382586 37.2520455478 37.3670178608 36.1355803608 36.3625514 37.2675177644 37.0784928042 36.6823335985 36.8984621716 37.1279036372 36.0827519307 37.0928334767 37.1360507334 37.2037618316 37.1493819446 37.0426940164
0 0 0 0 0 37.0965270905 37.0247220099 36.4814340007 37.3227013234 36.2353009515 37.090744496 36.9675699218 36.913091993 36.6103703918 36.3098527168 36.7678762363 37.0969195379 37.3432098814 37.0274910123 36.0636026452 36.4665180112 36.7006088987 36.9319632891 36.4629960939 36.1235982076 36.4503640342 36.6128365334 36.0651280013 37.0022381936 36.5235166398 36.71898213 37.2286851038 36.2468005465 36.2606123575 36.4336256745 36.8488368852 37.2646918942 36.0391045364 36.4930706303 37.1728601542 36.6850334119 36.013654928 37.3271263472 37.2744127333 36.7637888739 37.139701343 36.5261231148 36.969322517 36.0147717707 36.0119636846 36.2070572356 37.335930898 36.2550658552 36.3025989325 37.2110159654 36.1851901273 36.78651966
0 0 0 0 0 0 36.6605864961 37.0681967458 36.3272770655 36.8773257667 36.1785502424 36.1251081328 36.9125806193 36.3929364875 36.8455895143 36.3617545457 36.8637440859 37.2994316771 36.5248765379 36.2554410983 36.39791599 36.6802347587 36.8444539803 36.175756499 36.9294532458 36.2825129762 37.118010888 36.4161289142 37.0145850061 36.7095174534 37.2738159811 36.696030935 36.2525114946 36.7977055431 37.4133913192 37.0901420368 36.5370524476 36.3483149558 37.122160725 37.1375613105 37.2328770347 36.5775679464 37.3083165187 37.0089315478 36.2090872631 36.6019832505 36.9560088106 37.2284393072 36.4242847096 36.7812141563 36.1352831863 36.9439603358 36.6910141751 37.3213747459 37.0683541171 37.1649912959 36.835410109
0 0 0 0 0 0 0 36.2775758961 36.970370563 36.9109942928 36.5773175203 36.9160468104 36.275111721 36.6247603689 36.1361234211 37.0581593724 37.2976673381 36.3543563116 36.4646362363 37.0290792622 36.8329874278 36.8594804739 36.9856391242 36.7051354335 37.0361778466 36.3926112236 36.3611502819 37.2510237927 36.9711638509 37.0395733558 37.259802935 36.6604193955 36.5547591827 37.2939667593 37.3943232441 37.025925169 36.8490887229 36.8016749815 36.0321616037 36.9361027412 37.1583237024 36.1934812239 37.3621709944 36.6219017765 36.4796339531 36.5795357766 37.3659483333 36.3958763934 36.9331762656 37.3294425895 37.3989014803 36.0541210573 37.0034422862 36.9714730322 36.796275364 36.2002413995 37.141706733
0 0 0 0 0 0 0 0 36.6255674002 37.1574025062 36.5002369671 37.1205935623 36.5732764611 36.6974950841 37.0976154825 36.3470342798 37.0112853755 36.8759617316 37.2356603263 36.4062551897 36.0725662279 36.0313511993 37.164919077 36.8634997486 37.052122316 37.2792204667 36.7100664768 36.2423395642 36.0523904902 36.5581379355 37.0665586639 36.4404548832 36.663700851 37.1112036868 36.9890548706 36.864182202 36.394549516 36.6123924174 37.2999289833 36.7288997713 37.0672666702 36.7506824623 36.6170397121 37.4094939265 37.3532407597 37.0013400311 36.7430968956 37.2289748375 36.1830538985 36.8480269391 36.9042769217 36.2600310375 36.8459475735 37.2231164483 36.768777416 36.2452605491 36.8762563415
0 0 0 0 0 0 0 0 0 0 37.3326192161 36.3489860247 36.041470012 36.0815645558 37.083281454 36.6871682038 36.1412571152 37.3852415817 36.1040785753 36.232436042 36.0134631792 36.6585875493 37.2835677482 36.3742280518 36.0510975806 36.0939803481 36.3658450555 36.5022382007 37.3773423465 36.8277235076 36.7720946965 36.7277227192 36.9498799665 37.0080679827 36.5166767687 36.8112841475 36.4837875571 37.2691715285 36.7190132759 37.0084177551 36.233406218 36.3679170396 36.3217779623 37.1426797608 36.855517871 36.9231339976 36.9697523084 36.210279162 37.373640431 37.1762686246 36.7385846272 36.2684531307 36.2977275069 36.2192356251 36.7370314197 36.6594095908 36.4509251287
0 0 0 0 0 0 0 0 0 0 0 36.1545948931 37.1275114894 37.2728619374 36.6777428264 36.3364287053 36.335335572 36.8927778638 36.3069111947 36.3509567564 36.1452641225 36.4621524424 37.4084194228 37.2332301039 37.1413953139 36.5618137098 37.3610735832 36.4043310973 37.2877012482 36.9241412228 36.1653471895 37.1214749083 36.6936168749 36.0529378805 37.0350403149 36.3097815292 36.8333485058 36.3670744311 36.12984325 36.3931096018 37.3288387215 37.3628673235 37.1846253062 36.2618320612 37.0944055743 36.8947950343 37.2629235112 37.2169939978 37.2553414109 37.3075591913 37.2175545535 36.6155909152 36.6181617293 36.7923382306 36.9425551266 36.9591132379 36.5516669752
0 0 0 0 0 0 0 0 0 37.3984745509 36.4833348749 36.2386525855 36.3243739866 37.3913902768 36.1232875738 36.5096991713 36.6029995594 36.2744129569 36.6946579814 37.3885933267 36.8467526892 36.4689425679 36.0112149685 37.1774096581 37.3497955466 36.5357728431 37.3877464025 36.7432130813 37.1325084695 36.7925708499 36.6563627307 36.4620914168 36.6998006997 36.2036237115 37.3241756877 36.6177316588 36.5416644785 36.5619777773 36.3664101954 36.0327313381 36.7992677431 37.4111977191 36.8289502078 36.9589630812 37.3976965174 37.269963669 36.4975184672 36.2658682896 37.1660354577 36.9619221469 36.4815671602 36.4395414263 36.5944714085 36.857149125 36.3889376408 37.0106848101 36.1884153203
0 0 0 0 0 0 0 0 0 36.070988142 36.5150712274 37.2493955269 36.3855136794 36.0098730778 36.7513356155 36.5104775277 36.2754743408 36.1427675247 36.8061039331 36.9813471485 36.6746650915 37.2033639161 36.6930050142 36.6562166908 36.2037034799 36.1334039947 36.779444327 36.3423150733 37.1937558026 36.1312373977 36.4208099816 36.7058405357 36.2904228393 36.2051840999 37.2811237877 36.629537768 36.5281746584 36.8573404831 37.2451447232 36.711128326 36.4517349176 37.1060608895 36.798382372 36.7348400157 36.6945551558 36.2885193989 37.306060749 36.9729293641 36.1565308651 36.5014683008 36.4675148284 36.9210015481 36.7368866753 36.640181609 36.590896884 36.5431130148 37.2077308963
0 0 0 0 0 0 0 0 0 37.2190873771 37.1446914036 36.1849772755 36.3296288551 37.166648616 37.2728071004 36.8538134212 37.0947283408 36.7248168639 36.2124593602 36.3135005028 36.0909266925 36.694914287 37.287212603 36.7168717775 37.3921189113 36.2866627858 36.0135269341 36.4741089398 36.6344174748 36.7522805792 36.7538680955 37.2316296428 36.7167585948 36.1301098708 36.069751918 36.4912568147 37.319759093 36.3219549195 37.0976120665 36.5451546825 37.2299498779 36.6936690951 36.6435942275 37.191953483 36.110654411 36.7944053648 36.3150674489 36.2176455086 36.1995937782 36.6898761443 36.3981885342 36.3578619494 36.1519479404 36.2240449186 36.5339153778 36.1661191737 36.4272412634
0 0 0 0 0 0 0 0 0 36.4660854412 36.6150380542 36.2794586824 37.2253623713 36.7664352131 36.7302411147 37.1353935697 37.1078695455 36.7395848207 37.1661102161 36.0136678896 36.7662431797 37.3327486511 37.2812401903 36.8952341555 36.2869185043 36.4818274348 37.2374856922 36.2309529627 36.7691592515 36.2034164687 37.0073032304 36.8761221248 36.720974009 36.0296052942 36.5514059539 36.1751788504 37.1504542535 36.5650224202 36.7786625844 37.1613629998 36.7275897038 36.808827509 36.8605710136 36.4192995567 36.3373278902 36.4264755174 37.3459644688 36.6454740535 37.0064921839 36.6609641547 36.608651259 36.8660694561 36.118625841 37.3685017352 36.5046206945 36.661796323 36.7549650001
0 0 0 0 0 0 0 0 0 36.0693980504 36.1801523188 36.2057746863 37.4036741547 36.8594236505 36.9705881738 36.4583387703 36.5803625949 37.0042017572 36.0169587601 36.6966479782 36.937480019 36.7798493819 37.1762828409 36.3743259223 36.324437205 36.4911195543 36.0286369688 36.0172087118 37.3746306759 36.6463796689 36.8070291245 36.8021263422 37.2165185521 36.838775825 37.1129426928 37.2643905561 36.2922776884 36.9057347481 37.2809714504 37.0724058386 36.5702636063 36.2160525796 36.7665637265 37.0804912529 36.9823664779 36.3568010575 36.2156209586 36.0953401322 36.5808852588 36.0829710302 37.1397555804 37.3754474761 37.0075097459 37.3063677868 36.1826622873 37.14590014 37.0753115597
0 0 0 0 0 0 0 0 0 36.2988668416 36.0464159826 37.1676826824 36.2049672411 36.8141322558 36.3118666029 36.1107946381 36.3301325305 36.6793137961 36.790043247 37.0831340917 37.1361874136 37.0504152563 37.0412554 36.6627967717 36.0003009785 37.3144407297 36.8796811415 36.4186612519 37.1041304672 36.8856147917 36.1441002691 36.6567912337 37.1898846924 36.9679256756 36.2702862555 36.8797427624 36.8445076871 36.1995820666 36.4051457536 37.3348278884 36.8640679734 36.4598326705 37.2673726695 37.3498826847 36.5638382378 37.1813601076 36.9669925443 36.5337757051 36.8936022334 37.3353381117 36.4713795946 36.122833197 37.020640967 36.0618802927 36.4576661929 37.1400165908 36.6230861939
0 0 0 0 0 0 0 0 0 0 36.4880067218 36.4701326631 36.4528301202 36.7434305574 36.1730839178 36.4977808246 37.0740476103 37.250014038 37.0550821501 36.8657384281 36.1583561923 36.4199773184 37.2666747095 37.1802557586 36.4130314373 36.7933779158 36.3599917524 37.2252563244 36.6067933976 36.3894229895 37.0858329597 36.9475175856 37.3572685127 37.332271717 37.2285457824 36.6607104333 36.7975180718 36.9113779618 36.3527711588 36.7151413444 37.0068087923 36.7954806472 36.5460394215 36.7784773225 37.0028504073 36.2061409201 36.5116503381 37.3182140992 36.3234682759 36.0845077721 36.2452491393 36.3096608721 36.1114877367 36.340331816 36.9031333856 36.7089115552 36.2246585056
0 0 0 0 0 0 0 0 0 0 0 0 37.0294012374 36.1677587701 37.2536512543 37.1637156376 36.0022688656 36.7206751691 36.5633084064 36.2111368524 36.0269459746 37.0314223799 36.1862057325 36.4359465304 36.7241502642 36.7184277386 36.0647278975 36.5441534362 36.0113696905 36.5695058111 37.2765766265 36.5757804964 37.0832874862 36.6925951506 36.3158846311 36.4606588223 37.3528574762 37.0532341367 37.1577307145 36.9291055102 37.3529048517 36.8445664607 36.1090467348 37.0647844007 36.3401808344 36.848433103 36.43896381 36.8780789803 36.5531776191 36.7203435497 37.0250550297 36.0223662106 36.191567321 36.1944634624 36.8855502235 36.7210051683 36.7164143324
0 0 0 0 0 0 0 0 0 0 0 0 37.0436738704 36.0544048054 37.2605614425 37.199712993 36.5516904019 36.6664181417 37.3229181551 37.0394139428 36.4429685769 36.5270413556 36.263067162 37.1186023391 36.3157783212 36.27267994 37.3451854701 36.5663993744 36.646672277 36.8207385608 36.7020989002 37.391136916 36.7647412998 37.2126185808 36.6383890271 36.6685548536 36.6168603604 37.2386247213 36.9649818925 36.5881675282 36.9327357129 36.9751737862 36.350643526 37.0487910494 36.0921574314 37.3890874107 37.3002180567 36.5997676013 36.6835414491 36.4581042859 36.7344228113 37.0203921485 36.3098803869 36.6838889882 37.1632644223 36.4184121089 36.4562929746
0 0 0 0 0 0 0 0 0 0 0 0 37.311056409 36.2149843742 36.7600556335 36.4876126411 37.3499297708 36.4559609415 37.4031093459 36.0338058192 37.1539642832 37.0700189791 36.3643640333 36.969851333 36.6555178101 36.3109382206 37.1795535967 36.6163740387 36.2138924094 37.3823941386 37.1405532015 37.1563390146 36.5931404427 36.4222537725 37.3553855979 37.1710845259 36.0886284104 37.1391044245 36.2007806389 36.9417096428 37.1256254877 37.1422447768 36.3155993954 36.3171616182 37.0248057438 36.8246935552 37.3894151706 36.6266126498 36.0556726396 36.0486798514 36.5617504722 37.2782544593 36.8242387276 37.2014710083 37.0258224916 37.3308132213 36.9871963973
