Spatial_Output/DEC/DEC_0766.asc
NCOLS 155
NROWS 192
XLLCORNER 196307.867259
YLLCORNER 449144.565805
CELLSIZE 33.573938
NODATA_VALUE NaN
[rows 130 to 155 of 192, columns 57 to 113 of 155]
25.4273440025 23.4574930141 26.6661445462 25.4387602201 24.3974876331 27.1682304274 24.7921224402 23.970191191 26.7232979578 23.2744958251 23.6730060207 23.1020784579 23.7260354551 24.9523555694 23.9979171824 25.6544758195 24.5128882742 25.0220706885 25.3210472827 24.0023312701 24.2939674897 26.0105319239 26.5627762714 26.3424566224 24.0989328105 25.4362272976 25.451895502 25.1261232458 24.9811558211 25.1737678775 24.6916141127 23.4661405672 24.0990166203 23.0717775249 24.8704795944 25.4179032724 23.3322252592 25.4643447231 26.4179350631 24.5720314176 26.7216071028 26.2295381241 25.3012091131 25.8145895289 25.3683366158 25.2950342117 26.5665290354 24.152752182 24.6702530126 24.9310178709 25.9364166428 23.6439280932 26.389025147 23.6713670784 23.9826232065 25.2258292117 23.9454342653
23.5716766844 24.6673486501 25.9603120553 26.4046994209 24.7985814694 26.6511154789 25.5948029946 26.9660432882 23.1214919141 24.0825224173 23.0077131827 23.6520107817 27.0540843893 24.1230092014 27.0302209886 23.7144090709 24.990605749 27.0063418323 23.3537213075 24.4121435876 24.7285423403 26.4450057467 24.8367616312 23.6197565992 26.1115226025 23.5703196971 24.9668772435 23.6589666434 26.9387692778 24.0385202707 23.0974935568 25.5375789783 27.1183854873 25.3374007919 26.0002660224 25.0740804874 23.9388884386 24.2915073881 25.1623020476 25.6890302913 25.4871641936 26.1791135773 23.9300966564 26.3679630939 23.4067980749 24.8276535801 23.0406495839 26.6634738156 23.6471197009 27.0962640483 26.7756545417 23.1365579383 26.5703455944 26.2017499139 26.4362141204 26.3633609274 26.3582908267
25.7027091707 25.3502308566 23.7742149959 25.6697360822 23.3185723829 24.5677592443 24.9622322308 25.187420509 23.7195456249 26.1787570283 24.4768972532 26.7611451493 26.7707750884 26.1831775565 23.8604313211 24.0758709606 24.5222637953 23.2003031932 23.887974163 23.4360893153 26.8266269973 25.2129274192 25.1741852593 25.816720976 23.5656237632 26.896308022 25.0124224397 26.4027536258 25.5960887982 23.7136761128 23.3714148999 23.9275338411 23.9300751195 25.5741234983 25.4199606771 23.6155623476 26.8876809892 25.13214916 24.6098422271 23.6387326678 26.7825194393 23.8074064241 26.3872568365 26.8461855475 24.5093042708 24.9252886581 24.9623229375 24.9664566455 25.4153683581 23.1398820462 25.5421637298 24.6342175621 26.5727585519 26.2574982078 23.879461939 23.6309647502 26.9434694064
24.1350754307 23.850951908 27.1483051852 24.9416516753 26.0058377914 26.6068781444 25.4940824187 25.7536191469 27.1286349778 27.1016307927 26.2335230117 23.3819880795 25.8374105841 24.0166540944 23.2086635845 23.0695094453 27.0641950452 24.3881980055 23.2933172974 24.7125028517 26.5972563445 26.180636946 25.1511766133 25.9274356602 25.9033685888 26.0955178996 25.4501966172 25.2002571732 26.8864729287 25.1163246063 27.1027494113 24.4889782169 26.9616788862 24.2917447514 26.0866583172 24.3924159311 25.8406642374 26.0969396779 24.0129271678 27.2339763353 26.1469377708 24.1715919706 23.8666126323 23.703702063 26.3537497222 25.9399271874 24.4021804615 26.5629903303 23.3489402149 23.5817346582 23.0599673165 26.4853275795 23.6430644417 23.9522023429 23.071829711 24.5250711051 23.3454124586
26.6728400227 25.0886887848 23.6666820812 23.7233546777 24.0143123335 24.655149175 23.7547727449 25.1613118902 25.9728855937 23.1803671614 24.0599805275 25.6248170991 26.6447679594 27.085453466 24.3443616116 23.8266728237 25.5559231108 26.5860197992 23.4433327299 23.5355045959 23.5508572597 23.6523517688 24.1852222805 26.266092935 26.8478566889 26.1164177463 24.3950570207 26.9159766959 25.3950489346 27.0461104941 27.032541673 25.7967050449 23.6553019861 26.6397467915 25.3497225074 23.7589937744 25.3993844124 24.8912419948 25.9657714826 26.2148282561 23.0794456816 25.5777347838 23.3590416513 23.6047747381 23.4857466753 24.4162806746 24.5420571576 26.6800267054 23.8384488194 25.8941469855 26.1862801063 25.0341025958 26.5296979647 24.1378811602 27.1488556986 26.9404375341 25.6938480912
24.9223044816 23.9435731444 24.6833038515 25.6646982098 24.8358396512 23.8858651033 24.2246024275 24.5759495647 23.1033593067 26.1841729381 26.5403909893 24.9921261117 25.552941897 27.1552661243 26.8598792171 25.9508296212 24.3943085207 26.9441267676 24.8634670942 23.2109668198 25.7620724033 24.5212720114 27.1366402539 23.4753428476 24.9112621335 26.2973038958 24.1494783334 23.9336201678 26.53991643 26.2906845938 24.5142612059 26.85907476 23.3306039295 23.3971201098 25.1117110271 26.9608580775 25.2010504314 23.3855805126 26.7005674351 25.7954440262 26.3111843211 25.8626065929 25.2227755766 26.7720778572 24.9746458685 26.8061290629 24.0915026465 24.8960026671 24.8564261332 27.1377250373 25.954575777 27.1343906787 24.9395308549 24.4425966103 26.0302130851 25.7329495768 26.7009581153
26.5369739243 25.7600102305 23.2493093719 24.7383196753 23.3255385793 25.7391525637 27.2237702126 24.188639648 26.2654733969 27.2088843166 23.233863702 23.3312079291 26.2806439814 23.7307902156 26.9814087493 26.9252169977 23.6838754519 25.8935471754 24.1592552408 26.8677970969 26.828103999 26.7250198519 25.881876245 26.3292772814 26.6280331259 23.3562042602 24.5032141531 25.1288363916 25.1955339472 25.1207885651 23.7319256628 24.6470234015 23.6553660193 27.0357674578 26.6270522266 24.0029398438 27.2178474585 25.6599689146 26.7162162936 26.0461655459 24.3940908565 26.1581875171 25.4964958375 24.0413779812 23.6608910584 26.2607590071 24.2043956736 27.0510405707 26.5191480007 24.2023082292 23.2236519198 27.0114182383 26.4956264822 26.6744060022 23.1277260164 25.9619921588 26.5480307341
24.0098077036 25.3443784656 27.0292117807 25.3195832215 26.6181107822 25.4681092244 25.4906819392 24.8331128142 27.0700794754 27.1999082264 24.0389028636 27.0489637696 23.8504578714 25.274314592 23.7480004221 24.3787915589 26.4042882652 26.4943134473 23.0627886795 24.4147703119 25.8129644518 25.9204957175 23.6246405182 24.7832339194 25.5495076439 23.2799033122 24.7207713674 26.8727631876 27.0813367297 24.2950515316 23.9797223562 23.4933111845 23.8428019965 23.7933093297 26.0084224019 23.088866277 26.6192328004 23.6908777657 25.1677229565 25.2322848069 24.0383698021 23.3269986558 23.6133136837 23.225852596 26.7153215441 26.4919449712 23.9592950398 24.9518701334 24.8580248608 26.8914427959 25.013985051 24.4946182047 23.2463408761 26.5559411988 23.0127850197 24.4777578501 25.8310415353
27.0747070933 25.3976706594 27.012010117 27.0397384962 26.7580319895 23.6515808563 25.9339881036 23.9476407071 24.2496797703 23.9487396824 25.5805624503 26.3436411849 25.9632042291 26.0590898711 27.1095372791 26.6892839519 26.6767341677 26.8305197389 24.7336868054 23.2384612863 23.2113195005 23.2586484711 23.615954755 25.9533491591 24.8812290687 24.6751138806 25.3645363832 23.6539992283 26.4840780075 24.6173512491 24.3034751164 24.5767363569 24.1667038714 25.9472925714 26.7863537439 25.9214952477 26.4416123232 24.8263079154 23.4185842523 24.5283554011 26.0401288608 24.9520407953 25.0511075444 27.0590995508 27.0913795485 26.7553550711 26.9875459037 23.7765028603 25.3379971808 24.8962604086 27.2292774445 25.7123120621 23.4532991006 27.109709891 23.8952717515 25.6810516243 25.2162239409
26.5443333912 24.5414356809 26.0119879202 24.7690776315 25.2475686048 24.4029043185 24.941746195 24.7789461415 24.8745535935 26.382234631 25.1274635909 25.0048664921 24.9882575345 25.7509168671 25.0670119074 23.4881534767 24.5878038111 25.1311896769 26.7819870212 26.5832411355 26.1100543927 25.5553314384 26.7923886514 24.7366179026 25.5809271825 26.8572986555 24.6812058362 23.483174196 24.5165974323 23.5010249912 25.6875195887 24.496165782 24.968240162 25.9648115258 25.3531198926 25.9469923495 26.1865769786 25.509927007 24.4788555371 26.1696361551 23.9912136579 26.6528882069 23.646310756 23.3141909902 23.2467538404 24.8439728122 23.912942666 26.7758103628 24.5691038104 26.7139289065 25.1481699145 26.7921817544 23.7105435316 26.2917683152 26.3933057911 23.903871191 24.2984206889
23.8781973558 26.8939664921 23.913071534 27.2364962346 24.9845875784 24.0016024849 26.0757287948 25.8453997921 25.0886990222 25.747828522 25.5047484602 26.7470911186 24.8444619744 24.9824272506 26.7656385476 26.543324324 27.0111159522 26.0770999915 23.8944313086 25.6005579007 24.0492758272 24.9150401115 23.5182830135 23.218686122 24.9291455563 23.0515419377 25.9205993966 26.8880557806 26.9420242611 24.1049961174 25.183378349 26.5486318991 24.8101235005 25.450210501 27.2045266352 25.0836080706 25.5606973459 26.9309774081 26.1661112683 25.9223028267 24.3512322748 26.8135327621 23.5856351265 25.2152983949 25.4979844249 25.1698382318 25.0642791641 26.3324401687 25.0170993733 26.8285477912 25.4871071051 26.2628623088 27.0994950968 26.2519357863 24.3966192016 25.9856114821 25.2443363773
24.8888808744 25.2027708721 24.2258699276 24.150299782 23.9654876239 25.1536925854 25.8193090435 25.064645226 25.8728918955 23.7099669792 24.2311382577 24.6460899163 24.3349661099 24.3217289701 25.8126638808 25.6348051837 23.9933290479 24.7103006935 24.5166314999 25.0616608714 23.259779705 25.4063464441 23.3392923806 26.5971021653 23.6216191341 26.876761615 26.3323009606 26.7727730272 26.7114179173 24.3570816989 24.3238908872 27.2342999822 26.6201540522 23.2806738204 26.8169817268 26.7442548047 25.8909403552 26.0503333522 23.4201609345 26.891130203 23.5458515979 23.3811087039 23.9256184436 24.342007195 27.1162909361 25.7023548323 23.8692953486 25.5394036487 26.8479760313 25.6450213567 24.4467110141 24.4919962617 25.1830064372 26.9687251108 26.0838233526 23.4643687948 24.0910669404
25.9681974056 26.3822873735 24.6220358568 23.5411792793 23.5227954182 27.1239660643 27.0644151536 27.0903559273 23.8037322789 26.0413720056 26.7033069036 27.0992479329 25.3521037346 25.8570898747 23.1155648477 23.4173122883 25.0694209981 24.2839232663 24.0925366134 25.3619391045 23.2496459326 26.5717079528 25.8248203542 26.2173916839 23.1812137505 24.0917437522 23.7463643858 26.0987293878 25.9711895501 26.7785153151 23.7286317179 25.4253611084 26.8498585049 23.3688716747 25.2090449884 23.9819822355 23.4626603663 23.2702249148 23.1554850937 24.8039377367 24.8398740745 23.4223239726 25.8277717155 24.4205833076 24.5390657646 26.9301959131 26.5323964159 23.8265295676 24.4421791964 25.3751926936 26.2548354184 26.6966066962 25.7676394187 23.7576271723 25.8446610745 24.9340613042 23.58250763
23.2239108996 25.6623791403 24.4762051348 24.8393262305 25.1038267688 23.5141345738 24.0211096288 26.4161776687 26.2008317288 23.5631436159 25.5887175886 27.1701740323 23.1543416934 24.8815272524 25.3220552284 23.5534137542 23.9299470494 27.1672958397 23.8407679873 24.6569820082 26.943335951 26.0128419236 25.3310899707 25.9024878424 25.1870682972 26.7079101336 23.308338842 26.2192980413 24.923159971 24.1808814805 25.5104863309 26.2066473765 23.6931255453 27.1442877124 26.4308585222 24.2412263338 24.4842344083 26.0378331758 27.0192032407 27.1313896361 23.2380444868 27.1791876211 24.5707211419 23.5919413776 26.8851084106 23.2519250127 24.976172351 26.8512720086 24.9759145983 26.0274324733 27.1152478416 26.253399797 23.7776165453 23.7488252862 23.8493163626 25.5099024202 26.9478278663
23.1482482021 25.7015896246 23.3124787561 26.5620325034 24.3448302624 26.2199713879 25.8647789552 26.7579520386 26.3173817404 26.4904573504 25.0156038393 26.3717928799 25.5010928736 26.4371663383 25.3364205552 24.9400578546 24.3030709877 26.1604923682 25.1513876901 23.8952061232 26.6140856965 26.9118664468 24.5381492608 25.1404330753 24.5167359065 23.7419989354 26.0207855529 26.7288197494 26.528828831 25.7128697368 27.0341790857 25.5693000619 23.7651236032 26.6196895074 24.8069539279 24.294158813 25.6839446935 25.4952369989 26.1258574839 26.4222923829 24.5803958466 23.800173663 24.7464178908 24.988229727 24.0875585903 25.0916601651 23.6693059968 23.1678159617 24.9283211225 26.1808838508 26.5977678507 24.6646501025 23.8548356058 27.213047435 23.4704214403 26.7339751074 25.9942788999
26.8668685865 25.6820739043 24.6222679149 23.601227939 24.1885304779 25.3730551114 26.5991674147 26.7430805267 27.1882626836 26.2276599594 24.9612914204 25.875816504 25.6575184752 26.4862716137 25.1415633914 27.0492136495 24.2428630338 25.3176778931 23.3204772065 25.2305542502 26.6410541367 26.5501467401 25.8621844245 27.0718473956 26.0959686316 26.3777207286 27.1534372252 23.8694861366 23.3755546618 25.2808804904 25.1897036354 26.2191579061 23.4262144203 27.2183054541 25.8679851911 25.1950262775 27.1892564713 26.0121846937 23.85526702 23.1529991627 25.0028280231 23.7058617206 25.3333644078 26.1541734174 25.7661236414 23.1462155094 23.1713148556 25.2454629923 23.6918919329 26.3805709583 23.5174300203 23.4874825507 26.6202417609 24.9637473539 27.1019928215 25.8853106232 26.9205556952
24.6125839233 23.2200579873 25.2333562087 24.0360876443 24.4596235993 24.5656904629 27.0194143062 25.7568045906 27.0858212587 23.6633934466 25.3251971537 24.3463605123 24.00957702 26.6630447461 26.9368096123 23.6286323159 26.3480452426 23.0977931272 26.0143277443 25.7662469251 26.2826066964 24.0890465967 26.8125969859 23.5928631085 26.8833223502 27.1233593272 25.2625908404 26.8249407388 23.143712996 24.1519320442 24.3919462498 25.4078887341 26.8044861669 26.2033953184 25.7966796184 23.8202297392 25.1786835831 23.4754816029 23.1173837726 23.163723004 23.792268955 24.3850935511 27.0368555523 25.2623331173 25.3609327119 23.0909497916 23.1527153786 26.5155238256 24.7930449036 25.819212971 25.7732178661 24.6950333999 25.5878800422 24.030087726 25.7522027082 25.2687260954 26.773435078
24.1895377332 24.5512428583 23.5824654947 25.4947959653 25.7570663932 25.2319151503 24.6180261454 25.1560235686 26.4837828755 26.5010128626 23.3956813898 23.2738355392 25.2316266319 26.1209508602 26.7250382294 26.9269039331 26.7262943033 23.0517489688 23.4625976215 24.6159181293 25.3448415139 27.1381837026 25.9510558064 23.7153931583 23.4758818464 24.9209999526 27.214910008 26.2036743537 25.4580063082 26.818936581 26.9042140613 23.5647715701 25.2605936399 26.0481059912 24.7377170854 26.0458285573 27.0369903006 24.195647371 24.7440484152 23.0665821915 23.7258028092 25.9215816686 26.8705675633 24.830291785 23.1924976723 25.0562665434 26.1584910188 24.1064009136 26.208316725 25.4829016798 24.0246111808 23.8042761004 25.7771327325 23.9038132894 23.7053255742 23.0700580791 24.6502619107
24.3651806812 24.8587457262 27.0151321299 26.7543510702 26.2782397513 25.5118086532 24.157712353 26.5605427623 24.632299533 25.7048753681 23.9755505556 23.5157389805 25.9274617774 24.1795429073 24.1506879309 26.0828677122 26.9075904122 27.1777339139 25.6149339581 26.3094054126 25.5472179505 27.1956958248 23.5398042035 23.4613453164 26.6714595775 23.862949934 24.6018707215 26.8985259402 23.1145787071 25.6980755533 26.4285439023 23.4025719734 24.3948480953 25.8222151625 24.8178195208 27.15424485 26.687987849 23.3257318962 25.7371434715 23.2780528994 25.4794363568 24.7303339385 26.6230561914 24.7428307876 23.8418859935 25.2547824409 25.9459544426 23.3976948729 23.0228097056 25.1056207332 24.3729906906 26.8696139799 23.5556004448 23.8479681032 26.5047647261 25.5610842631 24.5970402847
26.9182507402 23.5580288851 24.259157611 23.0505898278 23.7506851948 26.6660024067 23.0973258674 26.9928272174 26.4540431701 23.377177946 24.1721813921 25.5411983051 24.5258829235 25.097433772 27.0099736829 24.0161847414 26.3625526955 25.9244772094 25.5364791428 23.9946593698 23.9357245853 23.5658504971 25.98321654 23.577407617 23.155454928 24.9894935633 23.0777123726 25.9857687212 26.1830427902 26.496399445 23.0920225495 25.7586324864 23.1952616009 25.4338060502 25.9144258625 26.0094815115 23.474665936 25.7692222092 23.2004680322 24.5177059994 26.802342506 24.064718665 23.5920755033 25.1968742063 26.3318734986 25.879684943 26.9720320128 27.1787883934 25.3208130336 26.6708015193 24.2075472182 26.158312852 25.5895078314 26.2470006176 23.5563467648 25.5763534674 25.0424014336
24.1359220934 27.1716996646 25.180429762 24.0641023885 27.0693419231 25.600634461 27.2067655849 26.1004458564 33.6753252772 43.6876675689 43.9724011655 26.5673675355 24.2016763731 23.0700610488 23.2504590485 25.5472232052 23.7705448096 25.4778505157 25.3853533235 23.4604254442 25.758897406 24.5801876025 26.1868888965 23.8046295996 24.7064870327 25.8711578557 23.7544174228 25.7574377124 23.7206913666 23.429632763 26.646901934 26.738290957 25.1198675955 23.5991984743 24.3448638477 25.4990156172 23.7881845323 25.4023791784 24.2606984113 26.8841592844 26.6511638506 25.0735537826 26.9845212589 27.2358045405 24.5907242969 24.4822076617 23.8198173578 26.713865244 26.7966695757 25.4152241537 23.3165358062 23.0993109364 25.2106387103 26.8866661876 27.0000190391 23.379945521 24.5633700143
0 23.7672347518 23.9789716832 26.475829922 25.3021638928 23.0520994515 25.0944158934 24.0339750523 33.5188481559 45.5137984363 35.7971158355 24.6100095145 23.9011197398 25.9292013364 25.5866153862 24.3715947783 27.1555014929 24.247335408 25.3756266484 25.8655943182 26.1399013581 27.1174470636 23.2288711584 24.1907611088 25.2552914973 25.5880073027 23.2314557196 26.0710901571 25.4121647879 24.2177453065 26.3348677242 24.0266433387 26.8079009414 26.2198520578 23.2530001069 23.5866087825 26.906205425 24.7855910364 24.5478258098 24.1730075176 23.0988984048 26.9819159119 24.2617097949 24.5704363758 24.1814223744 25.0077606197 25.581942822 26.727648838 24.8048635877 25.4798510601 23.5326043948 25.189320364 24.4868188451 24.4874506323 24.0326413165 26.606129191 24.3637514368
0 0 0 0 26.3409190048 27.035955319 25.7694349869 26.2459558129 44.8631753911 38.5562625769 45.7983736139 26.5792470766 25.5202699671 26.0291509712 24.8453022229 25.8672457195 26.6562246796 24.2324788141 24.4798406692 25.8293135536 24.9763384823 26.9378494039 25.9550082129 25.475321158 25.0999116599 24.3411400489 26.5456359734 25.3600114464 25.7344925798 23.4045164949 23.0089160934 24.4120030676 23.5359889985 26.2648372324 26.7836509933 26.8973226152 25.2057083479 24.8224612311 24.0516622129 26.902245637 23.510235318 25.2454854939 25.1265327384 23.6454432477 23.2760781819 26.4634232801 24.5387042858 24.0838381734 25.7594619199 25.5004695786 24.6585254876 23.1316605342 26.7060529901 25.7833228746 25.7248120591 25.0050382119 25.3026397399
0 0 0 0 0 0 26.5453546279 26.4280831565 26.7567662232 25.5810967764 26.9132075168 23.6834658921 25.4986228921 24.7121188883 25.9246464203 25.8269872131 25.652472858 26.1396297575 24.1592668807 26.3606015797 25.3689117123 23.9129106447 25.8606879435 23.8862336598 26.8250503765 25.5569979319 24.409838281 24.0562332268 23.0259216548 25.726902797 25.3780132791 25.8340149778 27.0899013439 24.0205739618 25.6710628153 24.4272034102 23.2793596619 23.683598888 26.5233184911 27.1490930717 26.8761881548 25.9286642092 26.1923445213 23.1150286339 23.2680399034 24.0179164928 25.2944596293 23.5298836445 26.1635846612 25.2620030906 27.1541154502 23.7395192808 23.786065601 23.8264066386 24.5968303085 23.0242273695 23.2169895189
0 0 0 0 0 0 0 0 0 23.9162900234 24.6854772055 25.1315377623 25.6732217898 25.1692169701 0 0 23.8001106905 24.74641347 26.2599050286 25.333541916 26.5883163142 25.221729237 26.0902254543 25.8160296375 24.8180088657 23.0959520176 25.025575176 24.6782065093 26.9622574471 26.9384598254 24.1141581618 24.7983025205 24.9116168986 23.2600990811 26.1595416365 26.2360826934 24.2285383878 23.5837757117 23.9790253333 24.1040966577 23.1000655396 27.0474036027 25.8892721286 25.8444633202 24.2599543086 23.9871671438 26.1037751353 25.7910378227 26.4377328468 25.7609436104 25.6289151953 26.0385705341 25.3196474642 25.590126729 25.7768928036 23.1024131813 23.4841295394
0 0 0 0 0 0 0 0 0 0 0 0 0 0 0 0 25.2220023242 24.4572373775 25.5461489952 25.9868579982 26.6065659208 24.4281541548 24.9032569082 23.6100819332 25.1005694266 25.6424111993 26.8070119889 26.8457392463 25.7886005466 24.42642909 23.0083866082 25.202885332 25.6220988923 26.6247129064 26.3621708347 23.5779280297 23.1816232125 27.1212001943 25.5742805963 23.5137585166 23.1508467561 24.2151504726 25.489916624 24.6360489058 23.1801899054 23.4932166221 23.0086602777 23.9833428673 26.1867147325 26.9960270371 26.433480078 25.3972803764 24.8494167318 23.8878783477 24.7106817962 23.7708727402 24.7664200946
