Spatial_Output/DEC/DEC_0577.asc
NCOLS 155
NROWS 192
XLLCORNER 196307.867259
YLLCORNER 449144.565805
CELLSIZE 33.573938
NODATA_VALUE NaN
[rows 52 to 77 of 192, columns 0 to 56 of 155]
28.4018811811 27.7233730534 26.8365080797 27.0632068554 28.3798614638 28.256698561 27.2897576436 28.1112933438 27.7065288496 27.978600482 28.1931797569 26.7477034871 27.5072826693 27.1362251206 27.7862281466 26.6545770889 27.6711589857 27.0088535965 27.5718871704 28.4231505015 26.9071922685 26.8952925203 26.7212542475 28.0575985497 27.8867875461 28.1613715536 28.1617058706 27.787194376 27.4877890549 28.1683413603 26.642341054 26.8604830604 27.6846607751 28.1127641871 27.2929965006 26.9732672521 28.3007791339 27.6915606568 26.6795998686 28.1198917157 26.789494979 28.4751776114 27.4212822023 26.7336177098 27.6387980669 26.6253536756 27.6761140333 28.4916962083 26.8441503434 28.5694309689 27.3001574826 27.8720191857 26.7892691872 27.6922743135 28.2396592288 27.4141429521 28.3200360563
27.5788810827 28.1653476396 27.6557259704 27.3629104321 27.3709366694 28.3902334431 27.394767146 26.8938012647 26.9322173663 27.1831426336 27.1573759553 26.8823351025 27.4636879262 27.4585890347 28.0567865619 27.6788038971 27.9129729084 27.1094191453 27.4104636367 26.9887295171 28.237821658 26.9465009001 27.8512871108 27.470994935 28.0807857537 27.6790674233 28.2798194516 27.290806086 27.6329965069 27.0677631146 26.8464718637 28.2028064017 26.7992329812 27.6821856276 27.1094633013 26.9309917017 28.1642406769 27.1702270781 26.8826147238 28.1062648535 27.5578028391 27.5278547356 28.6011232889 27.3898843202 27.1428173655 28.6063068232 26.9181099129 28.4861670471 27.5852187225 26.8978254165 28.3491278973 28.0025136585 27.1343119763 28.4246161342 28.1052750209 26.8555656053 26.8531533909
28.2954060441 27.2700982349 26.8908369515 26.7334921256 27.6341506567 27.8070066578 27.8352187858 27.6151933163 26.8114086873 26.8587141654 27.0958379682 27.920762983 27.1400669646 27.2761957946 28.3722071125 27.1681835752 26.9213411766 28.2448251453 27.7133563971 27.8078154852 27.6700803502 27.7949869279 26.6042442219 27.2983116339 27.8618130198 27.2163964849 27.6100277268 26.7860230299 27.0409725509 28.4438318171 27.3529410196 28.1930373129 26.8478889687 27.3694215369 26.5620195342 26.5809923031 27.3848643767 26.9855274486 27.5309775385 26.8998428075 28.1228755914 28.3609348614 26.7895954295 27.0010823836 26.7097383492 27.8621541399 28.6049417536 26.7641630975 28.1409979079 28.2196074354 28.5638857934 28.1896082885 27.9792039502 27.366864272 28.532323809 27.3323853071 28.0621568254
0 27.7201255208 27.1320417757 27.8845853808 27.9645656871 27.554807011 27.2896617659 27.4912022992 27.8098097818 28.2076739847 27.0912256457 26.7240926251 26.8703992985 27.5354568107 28.1998420468 28.4935849896 27.038824973 27.4464691175 27.1870447914 28.4974734701 27.5014113543 27.9114940716 27.84010115 27.6675001128 26.7325424205 26.7809495783 26.9020722883 28.5605286871 28.2840311216 26.756873257 28.4641677546 27.9031142823 27.372187616 27.6779963065 27.3254817989 27.0185353466 27.1475292348 27.580196902 27.4970972129 27.2854096191 28.3399925636 26.5142628858 27.4851314536 27.582124496 26.6181699908 26.9837419373 27.2234358234 26.7112355564 27.7196879441 26.6027922441 26.8638106941 28.3214904982 26.9375419558 28.1426562391 28.3499515748 26.8202161976 27.4615422035
0 0 26.7200121432 27.6118111801 27.9454962359 27.3922696283 28.0557732734 27.2344990636 26.5452642136 28.4763649469 26.7539198213 26.7884868557 27.4641888004 28.2504735764 26.7319651871 28.4930498893 27.3103050542 26.7783195263 28.3677687474 28.0999221941 27.9175253872 26.9849453108 26.6707106734 28.4593093002 26.6178714877 27.0507082518 27.7855090274 26.6174397798 27.9328201286 26.9492481011 28.1692480036 27.0337311449 28.3278335348 27.6317361952 27.0464850414 26.5148931015 27.1338843953 26.583810562 28.083242018 27.5892165756 28.4830978586 28.5296332609 27.1221341717 28.4414739636 28.4624482728 27.5557646827 27.9646069582 26.6247386248 26.7924664377 26.5207602426 28.1845490218 28.3342683902 27.2036579063 27.7666249165 26.7140202494 28.331856256 27.3884322054
0 0 0 27.8476299867 26.5349528907 27.1532464139 26.7569906793 27.6081038707 27.1418563724 27.8671875313 26.8747400286 27.1362738906 26.9044982809 26.9786844855 26.5216603207 27.780312356 27.3885160394 28.3187735933 27.7145014714 28.6171999776 28.3525845064 27.4821965289 26.7311459143 28.2639511618 28.000937827 28.339276368 27.9484927666 27.6106370132 27.4768032223 27.1683188475 26.8871647333 28.4122359505 28.2536006111 27.7735744852 27.7672062167 28.464129726 26.7772884407 26.556177683 26.5457169246 28.1996270548 28.5555646297 27.9715953953 26.5641126735 27.5303198451 27.1448576044 28.3510177997 27.5536994589 27.7002218778 27.4253891359 27.055274068 26.5623312184 26.8482526582 28.0344274323 27.9923596612 27.2252112565 28.1552029616 28.2564672112
0 0 0 0 27.9219195383 27.4569244956 27.3013530852 26.5239845405 28.1252001816 27.1531848866 26.7017905834 26.8478446234 28.032540703 28.3977593517 28.1023656368 27.1585368265 26.5567830012 28.083855482 28.4810717408 27.8286037974 27.6586062796 27.1566967479 28.2704782512 26.7422053308 27.3776783922 26.9988847753 28.3691771087 27.3145488913 28.0162157039 28.4208322374 28.6022039245 27.4683480915 27.5851238672 27.6983605644 28.2982926738 28.2330033271 27.1366794858 27.1256621361 27.4977694146 28.2696229928 27.1646721414 27.633675782 28.12435017 27.6078339344 26.7388036848 27.6497079751 28.5373440386 27.5449774236 26.8874003966 27.8083231641 27.0229043104 26.8458182292 26.9711307857 27.656721235 28.386186037 27.0661266625 27.7484326299
0 0 0 0 28.0344155151 27.9272699325 28.080719422 28.2865073896 27.3194428489 27.3040474031 27.5412408787 27.9539516474 28.3879192339 27.2112391182 28.5052708738 26.6814158122 28.0714035978 26.9073482453 27.879572375 28.5350469928 27.5083327182 26.5790353508 27.1214147194 27.3892920249 27.0833991671 26.7676101777 26.5433315966 28.4232864309 28.0865392131 27.7141930566 28.4685706539 27.3830446835 26.534126317 26.9283065808 28.2385343269 27.2432757647 26.8674133992 28.011816628 28.2169327841 28.1445619743 27.3656979143 28.2859090472 27.0955096941 28.5869365204 28.2528568429 26.7069334718 27.867560951 28.0928654938 27.6446328035 27.7370553522 26.8428926976 26.5885931223 27.5515045947 27.5583440885 27.4214306821 28.0821604769 26.5015898507
0 0 0 0 0 27.2498219844 26.7632810402 27.5353608319 27.2206366328 26.8683626525 26.8422548321 26.6390981542 26.9713783815 27.9287132398 28.5301604743 26.5850868215 27.6184237066 28.3231455176 28.2504868411 27.3521862363 27.2070607156 27.5937408012 27.928504739 27.7404471346 28.276238048 28.0148344077 27.3823872449 28.3551569209 27.246630547 28.0550074868 27.2688152049 27.970566397 27.9000258771 27.3653713172 27.7735230239 27.5538730267 28.2297875914 27.2178477912 28.3892880575 27.3558926874 28.2307135208 27.8389024542 28.3250992609 27.8875703227 26.5418559476 27.6099654669 27.1009267331 27.9390621604 27.5283311325 27.186695307 27.1707927879 27.5097290851 27.9815079382 26.8273169758 26.9262678133 26.7768494197 28.0078860724
0 0 0 0 0 26.7785681857 26.9520001182 27.1193925667 26.8252168772 26.972734067 28.3457084964 28.1193210646 27.7527190594 26.7204212415 28.4101275286 28.028637722 27.4100243032 26.8421437368 27.9383572828 28.0419953761 26.9359184334 26.8624107527 27.6753527802 26.7557841648 28.1539141414 28.202580265 28.4212995941 27.2138773741 27.3515443915 27.1358420454 27.7620660201 28.0509419498 27.9124915496 27.3265631344 27.4203659193 27.2967307334 26.9019911299 28.4217981653 26.8028130925 26.7238110004 27.024136024 28.1819228441 28.2162100544 28.2129667938 27.4348224888 26.6543738665 27.3077719376 27.8961591544 26.5695113888 26.9417957936 26.6562850108 26.8392082376 26.994170505 27.6339956502 27.7846723913 28.5199592523 27.0223917663
0 0 0 0 0 28.1912237423 28.0100939111 28.5217678386 27.4103524788 28.3721225671 27.5338555524 27.0698095501 27.733410141 27.2555617073 27.8465850008 26.5936652514 27.0055402245 27.6601277359 27.5309701177 27.5365095521 28.4099513083 28.46534728 28.3717269191 27.0765685536 28.5919385884 27.7244281957 27.6476054256 27.4975147506 26.9548740066 27.8874512218 26.8494180428 27.9714998993 26.6737403797 27.0078884316 27.7195950314 27.5121677214 27.0199189364 26.8589870657 28.426246936 27.9426199484 27.3707022537 27.1044373499 27.6288505599 26.7278055456 28.2709431535 27.6062446859 27.1127073439 27.0772125844 28.1766271954 26.8169204565 26.7866460654 27.1880956194 27.695905509 26.7090569157 27.1390213347 27.1975229511 27.5174420738
0 0 0 0 0 0 27.7643654827 27.9862866585 27.2748187426 28.3318545654 26.784220282 28.4213776888 27.8838559854 27.3996673837 28.4200713706 27.7713570079 27.6922426689 27.0634292657 26.6528624708 27.9728644174 28.3237274714 28.2724709806 27.1428007027 26.6078903578 27.7535584956 26.876786835 28.5199146079 28.1176497701 28.0582741474 28.535076254 26.897872599 27.1846718882 26.9866689318 27.2542918326 26.9360032976 27.9812963296 28.1407631044 27.1593495181 27.9140862649 28.3130561027 27.9836432293 26.6411366856 28.5711477985 27.8144614061 27.6488194598 26.5386870787 27.3155765433 27.5553791241 27.2325604651 28.1780779381 28.1362244665 27.1519690415 27.0883273139 27.9587712683 27.1760764376 27.4837926322 28.1219453098
0 0 0 0 0 0 0 28.4304423958 27.1571413101 27.6606656682 27.2223262474 27.9885951557 27.3171732623 28.3261263747 27.7582328304 26.5297024729 27.1871061553 27.9201420677 27.4173044502 26.6884320539 27.8608054552 26.8693262662 26.816356685 26.7303288376 26.8004695884 27.1208200409 26.6108591938 27.3588751952 27.496418786 27.1476568638 27.3376910136 27.8353141219 27.0676000454 28.2741339571 27.0761195137 27.5445806839 27.1757374161 28.1538073214 28.1503918932 27.8414229924 28.3304180378 27.22559091 28.5809383617 27.4122532827 27.5449373806 26.7715939395 27.1995036474 27.4281639999 27.3051446349 27.1406174345 28.1607541595 28.254428387 26.8940945203 27.7943768771 26.6002487343 27.6734432806 27.5256200566
0 0 0 0 0 0 0 0 26.5988269226 27.0446715081 27.0584615802 28.2507106069 27.1199911264 28.5893949387 26.9471963418 28.1371811149 27.8063386171 28.2920039252 28.531620742 26.967795177 27.3125205113 26.5125523002 27.2762819455 27.0412413462 28.0998982086 27.2878428729 27.1979545475 28.2551470124 26.766860196 26.6373301778 26.7788591865 27.4088294714 28.1622930375 27.5938426597 26.9486115737 27.7908333003 28.2428837438 27.805037505 27.4099994213 28.2854743706 27.1186871501 27.2091060348 27.3030463661 27.9177677599 27.5988397452 28.1663673085 27.3125543699 28.029636299 27.5740449431 27.6845759846 26.6528928784 26.586624771 28.5620192899 27.6910435898 26.836555638 27.5372772801 26.5754161969
0 0 0 0 0 0 0 0 0 0 26.9304941492 26.7222254174 27.7156658055 27.5796570931 26.9013994515 28.4094117761 27.3074234485 27.1362959933 27.4764699395 26.6619015516 28.4984422889 27.8338259842 27.5093123242 26.8015707763 28.4000100247 27.81033122 28.2329892501 28.48269101 26.5644306542 27.7928060987 26.6532645692 28.1039825496 28.2975452281 26.7141323544 26.9028744287 27.5061271402 27.7964955618 26.5630000376 27.1548729708 27.5067116115 27.3860100208 27.5060330715 28.5932674734 27.4016595139 27.6982869031 28.5417420809 27.6716368028 28.1407990762 27.1989336952 28.5618216042 27.6840100131 26.7397491633 27.3036587793 28.1392063702 27.3503766305 26.8939603218 28.1425046776
0 0 0 0 0 0 0 0 0 0 0 28.5573640091 26.8181255857 28.0130615527 27.5808381078 26.5729966645 27.4415312525 28.2830185893 27.3455809004 27.1141318092 28.1811976936 27.3055346795 27.4782122379 28.3096999914 28.4226283382 27.0656493879 27.731537397 27.7359729642 28.5964402845 28.1679167859 28.5659902989 26.5759055974 28.2187541247 26.938160225 27.421567518 26.8585629507 28.3543246063 27.7271478584 28.1509558266 27.5385137914 27.4141079972 27.8006694194 28.5706276887 28.550668952 27.2500685281 28.5184348123 27.1185967151 27.1459559138 28.0853417346 26.56500255 28.514446834 26.627774379 27.3396200602 28.3261985187 26.5039998537 27.8380364352 27.0272565142
0 0 0 0 0 0 0 0 0 27.9910273771 28.1375609199 27.452202974 27.5951714944 28.468027436 27.1686824368 27.6376144362 28.5260173451 27.5701058388 26.9905480068 27.7974774417 27.1092968227 28.6029889428 28.2474742767 27.656249919 26.8377367008 26.979621842 27.6742791523 26.7646845416 26.732588992 27.8996535932 26.6309553191 27.5884243495 27.4767081514 28.5854588697 26.5197863726 27.0133819609 28.4832903775 27.2272567289 26.9258031979 28.2841061143 26.9329936682 27.8720721602 26.9081981104 27.9348631042 27.2962179402 27.0637448186 27.8580324447 28.5107288913 28.3987700987 27.2851650785 27.7765673487 26.8071918191 27.1682902255 26.6478091983 27.6993485519 28.3945643757 28.5511476069
0 0 0 0 0 0 0 0 0 27.475807672 27.5241399935 28.2797577093 27.889351654 28.1042220996 27.9235982581 27.9345063479 27.1264217994 26.697839333 28.2450046615 26.8409511093 28.0865325168 28.3917273227 27.6214951875 28.5391337147 27.0056077985 28.274287315 27.1751064933 27.0463197571 28.1339261269 28.4740803633 26.6830535406 27.3799312754 26.8525171696 26.6698583534 28.2061458421 27.5639590115 27.7153791756 27.5075215012 27.4843568931 26.8547710223 27.0015525021 27.9609048513 28.4737262307 26.7053146186 28.2509514724 28.1735226704 28.3718828155 28.4551196169 28.3209825849 27.3048116403 27.7268493004 27.4029232998 27.546259821 27.2693402567 27.5731577398 27.7338658951 26.8288980579
0 0 0 0 0 0 0 0 0 26.8122543469 27.7800627238 27.7032296556 28.2093267191 28.0428839007 26.7552287994 28.3496946062 28.4150505004 28.0291206429 27.6509031528 28.0378384064 27.2370264216 27.8306675978 28.3686255012 27.4562974714 28.5569825182 27.9928187849 26.9164803394 28.3512862084 27.2145151207 28.0105765264 28.4951349635 28.4200313146 27.076430078 27.6845706417 26.653702043 28.4797868757 27.0275844918 28.5479059764 26.7515467847 27.4822988155 28.3054062925 28.1453721277 27.6066331133 27.3283207079 27.5275527187 26.8988125024 28.2509922392 27.2419003161 26.6061608192 26.867045405 27.7165234202 26.9677270936 28.5607848105 27.2995069396 27.8516110897 27.8760664751 28.160932612
0 0 0 0 0 0 0 0 0 27.5928874683 27.4272143592 28.3690638353 27.6442102175 26.7327359286 27.4582538868 27.9089827272 28.4647586512 27.0044341967 27.2996778656 27.8386291595 26.7892874618 27.8820914746 27.885244977 27.9723195597 27.8289770132 27.7038844051 28.5801468368 26.5513849043 26.6959279544 26.9196264237 27.6855803758 27.0707783475 28.0018018474 27.334674605 27.5957944372 28.2529682589 27.2244245394 28.1982837525 27.1368748891 28.0064780155 28.4391861211 28.4353557811 28.2765226501 26.6737488749 27.1617362847 28.057792029 28.0907017919 26.6935068577 26.6711868875 27.7391078053 26.9808657848 26.7518415835 26.9652606886 27.2056974433 26.6500821795 28.1314458758 27.1042983194
0 0 0 0 0 0 0 0 0 28.3273044451 27.7032749327 28.4043608571 26.7670305249 26.8849363482 28.1532799328 28.5352309103 27.2424162898 26.5164929008 27.897409955 28.4942533436 26.971445846 27.9650220509 28.5220508483 27.2327560656 27.0371978367 27.8836852654 27.7402696168 27.764967149 28.0719819361 26.7989432453 28.1724498816 27.2542173497 27.6246401308 28.5216845517 26.8014876855 27.8276616074 28.0071018235 27.5929056147 27.3741460952 27.7021682523 27.392260553 26.8838252491 27.8541695963 28.0284299895 27.7270765216 28.484921498 27.8561289719 28.2574543633 27.7697252537 27.7300643072 27.6343360364 27.2520325988 26.674208604 27.1036299572 26.8105331281 28.4943185441 27.4081076052
0 0 0 0 0 0 0 0 0 27.3802282632 28.3691300341 27.9202998553 28.6188556037 27.2480206175 27.5496414307 27.1613081602 26.8935533936 28.5647647062 27.1082843079 27.4786771153 27.858641653 28.5610046431 27.238695074 26.9228646301 28.0263878532 27.2342913121 27.8155920913 27.2253676534 27.5139610641 26.7483037986 28.5659874675 26.6645175406 27.4002000947 27.0519452161 28.5013718103 26.9463428981 27.1950870411 27.8529538934 26.7954465637 27.6138087407 27.266613424 27.3083110746 26.6670956894 27.2962019326 26.7198974795 28.4940970416 26.7930596643 26.6208595771 26.9087943103 28.0656305243 27.1737349214 28.2126746474 26.5884841285 26.5429704497 28.2513053332 26.5914361377 28.1287955254
0 0 0 0 0 0 0 0 0 0 26.7212144109 27.3556641467 27.1664121748 27.8322891416 27.196516652 26.6190325958 27.0431007116 28.2206886269 28.0700691605 27.9254366393 27.9632243373 28.2004054611 27.4119457467 27.9937505717 26.5890360338 26.9199169367 26.5243742854 28.3372765902 27.4559423005 28.5872113187 28.1029198915 26.7828251547 27.8739797048 27.4272880204 27.0647531603 27.6879917998 27.3438617179 26.8524902229 28.3834801281 27.2752298297 28.4726116228 28.4318864486 28.571314044 28.1597772028 27.8901632307 27.0220079687 27.4229239517 26.8001576962 26.6138475278 27.0776974111 27.7869179251 27.6935434327 26.7528818182 28.4703188085 27.7600005569 27.4684964275 28.2204878455
0 0 0 0 0 0 0 0 0 0 0 0 27.8223227796 26.8886738003 28.3304640341 27.4406718688 28.1431707151 27.5412696479 28.2981628999 27.4860065141 27.2558913733 28.2183807499 28.5795741331 28.410523839 28.2922834531 27.8324091304 28.3710782151 27.848524073 26.9327089034 28.5893979 27.974509047 26.6579826287 28.2493607669 26.848912755 27.1884322958 28.4301894551 28.5776076572 28.5898437209 28.4603727515 28.2276745825 27.436162672 27.6373215231 28.0528623623 27.7822326256 27.3213313247 28.2951863896 27.8414040124 26.5773365529 27.2186535563 27.6978009632 28.1150240183 27.8733341672 27.57101971 27.2169309852 27.3943068994 28.5605842769 28.5635427564
0 0 0 0 0 0 0 0 0 0 0 0 26.9058309999 28.2375855256 27.8013512229 27.8010916599 28.3612878221 27.298508732 26.9169962323 26.875586173 27.1574416594 26.9804736126 28.116758246 27.2528614033 28.1478020633 26.7899259144 27.7761728311 26.8576151808 28.3793245043 26.8882177254 28.1331770523 28.4794586648 26.5165590151 27.8501077902 28.5398974628 27.868986099 27.3544221509 28.486388738 27.1679723716 26.8599135041 28.4548168508 28.2797461816 27.2432157811 26.7767966895 28.6070674917 27.244553581 27.8549880372 27.0067069796 28.58497455 27.7671815056 27.1650653974 26.9422698738 27.5824953004 27.1699763241 27.4359623754 27.5338330644 28.0419927691
0 0 0 0 0 0 0 0 0 0 0 0 28.5978713502 27.7316407062 27.3791756192 27.2122728667 27.5889627669 28.430927816 28.3275290155 28.1190929543 27.7503862453 28.6116702938 28.371564571 26.6281935263 27.3714643215 26.5551493912 26.6374541466 26.5936077462 26.5709496397 27.1690657218 26.7249993913 26.7593972937 27.8645067586 26.5345299091 26.725418161 26.5325343715 26.9377972848 28.1210037942 26.8462634941 27.3846935654 28.1770330816 27.1099929721 26.6993830975 26.5989990783 28.4960439888 27.3652079401 27.8747793926 28.321487207 28.1272821495 26.5018135888 26.8457103982 27.2946467588 26.9439644766 27.8898044443 27.7929040922 28.5810087966 28.5615393671
