Spatial_Output/DEC/DEC_0588.asc
NCOLS 155
NROWS 192
XLLCORNER 196307.867259
YLLCORNER 449144.565805
CELLSIZE 33.573938
NODATA_VALUE NaN
[rows 26 to 51 of 192, columns 57 to 113 of 155]
27.5531142033 28.4561217666 26.5544085374 28.2289505935 28.1490353933 26.8019912094 27.1035129254 27.3250423543 27.3274473853 27.093325421 26.8285846165 27.03485317 28.2807086693 27.9576216487 26.8509635742 27.3215977514 27.2365385817 28.5805929625 27.8332550627 26.8027061497 28.0327968124 27.7956858183 28.5198960401 27.3091826681 27.1918924202 27.1295881137 0 0 0 0 0 27.9345446742 28.0284054354 28.2840540121 27.4750232719 27.0288534315 0 0 0 0 27.7290108821 28.6069351681 28.0005228948 27.7024581643 28.4707939737 26.5448573345 27.6600894672 26.5004853599 28.613960537 27.3982919391 28.3341158199 27.6001173583 27.5551618128 27.9935700665 28.181133157 26.9991468603 26.5914923999
27.0610297748 28.2925103556 27.3289470634 28.0105055838 27.6000196575 26.9433627763 26.6145529249 26.5114001906 27.784046894 28.4376395673 27.1572932938 27.7272224353 26.6394021704 26.9052354115 28.5365953382 27.8713792885 27.9968985556 26.5335635222 27.8956580895 26.7172827318 27.4491117824 27.9947558712 27.6776876888 27.9823913919 26.5453928681 28.0514007861 27.4209741089 27.1891884985 28.3540425656 27.6077867446 26.6962132284 27.819062858 26.9906220869 27.115361036 27.0729500753 27.7247084696 27.1973535963 28.5072685249 0 28.1302614339 27.1990912309 28.3267120558 28.4460848409 28.4016201187 27.847360072 28.507143204 27.6952513104 27.4208655336 28.4245473093 28.1572648933 26.8190275238 27.096326247 27.950386189 27.8083028021 27.9216313498 26.8189852921 28.4320999663
26.8920839861 27.3708762951 28.290533215 26.6601326329 26.536279333 28.2677357778 26.6031400531 26.8037435648 28.4241994352 28.2963274871 27.9620535783 26.9034407966 28.1210924378 26.8953875305 27.0326235172 27.2515294355 27.0102997073 26.7665416414 27.1341358951 28.61264855 26.5822234982 27.7927812848 26.6581212815 28.2656500124 28.1260999848 28.0013343534 27.1469465418 27.8376012257 28.2999784585 26.9082633521 27.0361963683 27.8946681539 27.2825100345 27.4124543268 27.0832555113 27.3350943077 27.996922208 27.1619850523 27.2637466893 27.944739806 26.5198380281 26.7688796874 27.1792684873 28.0682300217 26.6954904913 26.672969486 27.0851420317 27.4667763168 27.5659485551 27.5770635031 27.7800981611 27.9117507777 27.8288086239 26.5585935446 28.174373791 26.7884041061 27.1357293595
27.1455489802 27.5552565709 28.393107503 27.226098622 28.574541693 27.9853693694 27.860770189 27.2179804281 28.4280415072 27.8941451784 27.574752605 27.071084514 27.394231469 26.9463878407 28.5710755043 27.2145207948 27.0125239783 27.491982908 28.1030658746 27.7298907968 28.0817448119 26.9006997165 27.7948227282 26.6928587773 26.9701475995 27.9229713455 26.7443777512 26.8327128738 26.6344390303 26.7974409999 27.5260148557 26.9880125858 28.3933647709 27.3728779967 28.0963241753 27.0100614168 27.6957682852 27.2558963391 27.9075971395 26.5829055171 26.5105092318 27.3687904626 27.9775602156 28.5754882769 26.810561504 27.9403033662 27.5480594825 26.5578321876 28.5973425815 28.1045939886 28.078968719 26.8830867376 27.4365507788 27.0275360366 27.3544565507 27.3852004688 26.5186881378
27.53105744 28.2157880174 28.1073262601 28.3958933252 27.7281963178 28.1374516665 28.3733790482 27.6229273099 27.4000726579 27.8491042511 27.8792411878 28.0084407924 28.3896005861 27.5363213371 28.2967530155 26.6255898058 28.1236284482 27.4849969967 26.9839236349 27.3770961266 28.0738927758 27.7204977384 26.744374414 26.7197178696 28.4158234191 28.4643069274 26.5395452811 28.1480386637 27.2612374797 26.7606015882 26.6447209048 27.8489368679 27.206192661 27.3537116504 28.3759030783 26.7562893002 26.6558314292 27.7335012169 27.0517862195 27.327932762 26.8357658939 28.5152975338 26.8069536759 26.6704623588 26.6453671428 28.0789063099 28.4007063069 28.3914531764 26.506164069 26.9863425117 26.5907461179 28.413240876 28.4670264119 27.7983461328 27.2323811946 27.5930325458 26.6920181613
26.6333330611 28.2471558858 28.5210997308 28.518438148 27.9749239441 27.9579083294 28.1949770517 27.0417595237 27.3605648653 26.9396238754 27.6539875742 28.2590719548 27.1107093921 27.0664431936 27.8624310737 28.6164586487 28.1969414882 27.6741044721 27.0757722483 26.8664833195 27.0602360689 28.0082102376 27.3341903983 27.3597722812 28.5858572257 28.0099632139 26.8067498854 26.7375651454 28.5617760422 27.9372820694 28.4064129817 27.7777509572 27.9160151451 27.4849518156 26.8995788666 27.5293600825 27.9542675503 27.5732885954 28.0345699238 27.1037867125 28.0678924171 27.4585146412 27.1455137584 27.8382058946 28.2419785563 28.4386321658 28.2951315987 27.6019019788 27.4428925001 26.9299736046 26.730034879 27.6689898725 28.0799557916 26.6593874802 27.8597852324 27.6949140672 27.5511472286
26.6758420651 27.337073034 26.5962640141 27.0131154906 28.5883896199 26.8052219602 27.4304026307 26.6387605045 27.4842039774 27.4857955178 27.4738082442 27.3127531653 26.6749700187 27.3170554727 26.7434617941 27.867347175 27.3311596498 27.4484508342 28.3916673673 28.4204635894 28.277801443 27.9994160907 26.8446120281 27.7609094774 27.4630832063 28.5306610926 27.5477413997 28.3352209722 26.5972021356 27.4343951364 26.8936632158 26.6514105469 27.2093347367 28.5341752522 28.3044267899 28.3760034644 27.8181713926 27.1439698265 27.6195179236 28.1602103515 28.1129728984 28.0087847366 28.0174266538 26.5425304257 27.4783770352 26.887813764 27.7492175481 27.4535805566 27.0981396998 27.9963706172 28.4946154969 26.7374179522 27.7692114366 27.312849765 28.1055335249 28.1017012781 28.4918475029
26.6050383218 28.2686412741 27.5293879107 28.023767522 26.6236400804 28.0859641411 27.3931529427 28.437019344 26.636500134 28.4703289041 27.3455323393 27.3341084769 26.9240966324 27.0294244548 27.1855582476 27.7080162728 28.0973516194 28.5642789214 27.9079642851 28.384062794 26.7039667228 28.0545062629 27.8277455163 28.1175956483 27.6637917048 28.0329717441 28.2707854415 26.7726453654 26.7439877218 27.6874903323 27.1536867984 28.5370334786 26.6239556435 27.6050299735 28.4852993309 28.613723797 28.3759122834 27.7633526795 27.932265714 28.2066743949 27.561352406 27.1035356296 27.011617402 28.0437154424 26.5540520099 27.0198622316 27.2944028161 26.6425555996 28.454931705 26.5122028007 28.1904530626 26.6401092321 27.9010002665 27.6067750527 27.6282267149 28.5282765584 27.9114132388
27.7955063294 27.1529701187 28.3584233358 26.7947608126 26.9988185677 26.7106869747 27.9741442812 26.6468963231 27.7012519405 28.1383299582 27.2906537562 26.9690724866 26.629516854 28.3057554225 26.667106905 27.6949352561 28.604403264 27.8737985071 27.5661675079 27.1474343912 28.1278053457 28.3426541806 26.7355569255 27.480941724 27.8534188205 27.3442545956 28.4262177386 28.4223285287 27.3812639126 28.6054853518 26.7305729898 27.4057195512 28.3071472639 27.6237590091 28.4571716161 28.0248191516 28.5055022247 26.9988480529 27.2339628743 28.029291058 27.2761511639 26.7351485783 26.8994546274 26.8810181795 27.2071286795 28.4440262057 28.0935392069 26.5349960675 27.0483308353 27.499424548 27.8429247393 28.2547405029 28.1392347502 26.8262904474 26.5477619256 27.1144544485 28.3525582101
28.456135062 28.5842584183 28.1179121523 28.0207305511 26.6817729456 27.1509943974 27.1146020949 27.8793538634 26.9885062251 28.4916821306 27.2881888919 26.95294137 27.2812264611 27.2347676753 26.8352103965 26.5918649131 27.98326648 27.1027563596 26.5519086651 26.8376616711 26.7638792626 28.1512054702 27.0991105718 26.9571886167 27.8052184432 27.5581879381 26.7055364234 26.6961453546 26.558702337 28.3432898185 27.6410490572 27.7927356439 27.7754936586 28.2562669641 27.6623565228 26.6162238606 28.1022859036 27.0777469699 28.2726811526 28.2074945852 27.4575170366 27.3592984657 27.37443966 28.0246587151 27.7487408861 27.769128801 28.3855642698 28.4350244848 27.5819231164 26.8725594914 26.9467256782 27.1016784256 26.7700079624 27.1355500969 28.1185551355 26.5599953866 26.7127146721
26.7757637315 26.9439248451 27.1368020209 27.2995309678 26.6393458691 27.4908859621 27.6529981979 27.4622479901 27.6950255468 26.7807620147 28.0390238929 27.9567483895 27.8178872581 26.8275118682 27.237216324 28.5463908323 27.8963542567 27.7359409545 27.2517294521 27.7110149236 26.9691882029 26.9065460823 26.6332012536 26.6755702625 26.7672851842 26.8159179724 27.914327605 28.4418251986 27.5154327239 28.3101918222 26.8008970738 26.5899325136 28.3767552361 27.8836221056 26.5639264789 26.6023250966 27.0078970298 27.6272933308 27.6666325535 27.2197325266 26.5482793904 27.0473067942 27.6857483884 27.5722961732 26.9153582756 27.6132459824 27.2452159677 26.8174651966 27.5231287195 27.7965352283 26.6115529573 26.9993036976 26.969144949 26.9549016917 28.5144187077 28.347949139 27.1589293223
27.4169800087 28.3089773226 27.7472889994 27.396477912 26.5681132253 28.223737209 27.7066670389 28.0737102408 27.1107324163 28.3980954644 27.8884644688 28.3840553729 27.1864792943 27.4245183272 28.3408571493 28.0684724071 28.1248933887 28.5886667235 26.8877903117 26.7531460356 26.6458589259 26.6448632218 27.2163908351 28.0490803774 27.097983301 27.5611560862 28.611890038 28.1926445971 27.1289485977 28.6138580832 28.1899597729 26.5731765264 28.4328525509 27.0524418086 26.9486745767 28.0918804863 27.0696907895 28.2242552741 28.3571581823 27.2031532182 27.2689818151 28.236827593 28.2150238772 27.2914916988 28.1262335911 28.4189654114 27.5167609227 27.2026664939 27.7162399116 27.0926220477 27.8083892626 27.9540547998 26.6526144657 27.7754147241 28.4950488315 27.3547198827 26.7774981158
27.1567665922 26.956561758 27.2390397205 27.303398502 26.7791951183 26.762491573 27.162281651 27.0806324877 28.4659328428 27.7894264886 27.2562574023 27.7144224561 28.5332083137 27.130078849 26.893022483 27.9487419285 26.6051859171 28.0534616443 27.511472738 28.524835341 26.7926828908 27.0147395945 27.516822302 27.0749591228 26.6236168497 26.6835432885 27.2842134421 26.6089611257 27.8977049313 26.9194447892 27.5772130584 27.3823090565 27.1700785566 26.9948502763 28.02016757 28.3344625007 27.6814033419 26.9073215334 28.3669152852 27.1395090166 27.4252477833 26.6536646137 28.5916358227 28.1061091672 28.220482594 26.8548699521 27.3124093035 27.8046978124 26.9060214614 28.2912644462 27.971127962 27.5499893183 27.993436907 27.7485156979 26.6211204707 28.1802270741 26.6229984928
28.5974665278 26.6474550158 27.7631048983 26.6723221844 28.4817174315 27.8066252223 27.047302152 27.6450039923 27.8968707332 27.6052200019 26.7664569826 26.9321923937 27.647600171 27.5919667815 26.5676600225 27.7406116292 27.6416134568 26.9474378338 28.2951897985 26.9672794215 28.4087460085 26.8769172835 27.8690510471 27.0177387161 28.2114138794 28.0458399813 27.8098514206 26.6155826079 28.0310581639 28.2442596143 27.671430981 27.5613999615 26.5075214439 28.3550097986 27.6919802753 28.3598516224 28.5882235377 28.3974271515 27.0863555742 28.3745920006 27.3245553505 27.8285936611 26.6019496927 27.6119316747 28.6058893757 28.1252263189 26.7294133949 27.9451974006 27.0762272073 27.909082784 27.2859535349 28.60739632 27.206649765 28.3745141494 27.1626053913 27.0188411615 26.9365191338
27.7413909914 27.7123682791 27.0246575757 28.2168063234 26.6847393305 26.630698943 27.3792733332 27.1957915511 28.0527038073 27.7026271414 28.2448650471 27.4375462143 27.9728422175 28.4644063733 26.6491593933 26.6386601199 26.6904561644 26.6177580596 27.3788014221 27.5755352504 28.3076017775 26.9686513921 27.1060425996 27.1434658082 26.8719687111 26.9546955818 28.2950991652 27.0323112691 26.6398028209 26.8407645461 26.8756142144 27.2980993506 27.5298005858 27.7769650122 27.590540845 26.9416854146 27.8058999647 27.698256694 26.9849494727 27.2005857066 28.6201239363 28.3461812122 26.5481521313 26.612565001 27.2736722698 28.2566465468 27.004642206 28.1684792662 28.1083197432 28.5285716864 27.5860638448 28.5723456158 27.5350888236 28.3529218707 28.5108507162 27.6251994982 27.434065286
28.4741802285 27.1526211357 28.0436423287 27.4861129201 27.5342736309 27.9262999832 27.5285924554 27.2560958207 27.5751581533 26.8261265244 26.6697922741 28.567345364 27.475390417 27.4848471974 26.9144155693 27.2401479187 27.8319270615 27.0585226244 28.0726375783 28.5205563383 27.3512450027 28.2674380736 27.0200575679 26.8974684644 28.0585035686 26.6054397347 27.3068299113 27.0289663504 28.4039728834 27.7549967248 27.3082036788 28.1225972643 27.3934023375 27.5779077811 26.8414935998 26.515830115 26.9649182876 28.3438428385 27.9878048815 27.7095942519 27.8236286619 28.2347707152 27.7809319697 28.162619062 27.3952101795 28.2674252197 27.1778567054 28.6002322875 27.5913886984 28.1354105051 26.5361261647 27.3787749581 27.7344283249 27.7413386433 27.7327125035 28.3905015459 26.8745988223
28.4890681381 28.0534035223 28.4523630132 26.6482535548 27.255464287 28.2354088761 28.5464393832 27.8949324012 26.8388561256 28.4165096256 26.5243060612 28.060477938 27.0320950824 27.873392051 27.0362007319 28.0487450685 26.9327945154 26.8001239959 26.8965969503 27.1459506253 27.4388349683 28.4688542524 28.1315541437 27.18636333 27.404902519 27.6360656551 26.861329587 27.475088828 26.9868401281 27.7965795035 27.1620374526 27.1961987705 26.5723902717 27.260575225 28.074392073 27.7799992418 26.7760597625 27.5330692767 27.2232118774 28.4026103373 26.6455997588 27.9562208233 27.2544562296 28.604331518 27.8194127063 28.3268439283 27.7567285077 26.6342953687 26.7052659688 27.1548062766 27.3861539169 26.9787537222 27.5093492858 28.2219138779 27.9558303297 26.8382641564 27.6321131666
28.6000250103 27.5024111556 28.4490576367 26.8973304288 28.3112255112 27.9795570613 28.2544622755 26.680967114 26.9209303771 28.5130088563 28.4397568818 27.9938487148 26.5738252884 27.7586439486 27.4995140997 27.6840152979 28.3178059797 27.1336456832 28.0585421344 28.4990436315 27.6402609071 27.5906161532 27.3300010055 26.7428713417 28.2919055267 28.1109306648 28.3678842621 27.3261243789 27.3294195472 26.5017313408 28.3045595936 27.8626056377 27.0419511226 26.9205339329 27.0279763335 27.4234378049 27.28504882 27.8803963276 28.546652168 28.2635713484 27.1246395496 27.774252043 27.2191954053 27.1762145862 27.1251126423 27.803596622 27.6949723069 27.735691439 28.3301484259 28.36857731 28.0491364145 27.0751649617 28.5305041571 26.8857120356 26.563200497 27.9939845327 27.4704137234
28.3093849141 28.0890075269 28.5854351482 27.8283974202 28.5909277371 28.2765032913 28.530310775 28.5124275511 28.0345593336 28.1467165269 26.8855247669 26.7983733426 27.4756444372 28.6137819427 28.5946996053 27.0287653013 27.6550402095 26.9007464313 26.625026769 27.4795277905 27.4670757171 28.0654857766 26.6599111511 26.6122693207 26.9331657012 26.8710950661 28.1757766948 27.071114017 26.6735639277 27.1265123588 26.6190239399 28.2834789591 26.7185022136 26.5793813491 27.7131306872 26.7708724494 27.3816017635 27.8204214169 27.0904997339 27.7078505163 27.8624999254 28.3109950794 26.9687241718 27.9684729301 27.4676745896 27.9254058149 27.6631721795 27.1596962027 28.5975055781 27.4827599056 27.5981924274 27.3672694261 26.9954293568 27.4984879712 27.2434528795 28.4117105976 19.5771594645
28.3576075437 27.9921030042 26.5168585992 26.7075326644 26.7578307948 26.7878806078 27.5576061785 28.5767720579 26.5852687978 27.361563214 28.0599975561 28.5632442894 27.8625231567 27.5451530823 27.0635252361 26.6847336029 28.4564826618 27.3118545907 28.0175905483 27.2980958065 27.8951173973 27.2230758025 26.502091489 27.9752188298 28.3473793075 27.6471922126 26.9581413407 26.5354186441 27.9981532327 27.1135174843 26.895439096 26.8972101413 26.8614452521 27.7458895661 28.5558642328 27.8512061285 27.1808109619 27.7665641736 26.727466966 27.1287384907 27.8010739422 28.2857900014 27.9081530807 28.5197516847 27.6519671463 27.7343619003 27.1199174299 27.7526907319 27.2091507263 26.5493549946 27.9023028903 27.3859124081 27.8828558105 26.6218173203 27.8942429533 27.7393207575 26.7639760645
28.3156288789 27.3056805273 27.4541156235 27.8598226044 28.4767926374 27.1599966353 28.3064400122 27.9102366734 28.4823995081 27.9913314806 27.3844283067 28.6076467119 27.2501500741 27.3784925427 27.3158181539 27.3757152138 27.957737054 28.2705892044 27.3481498273 26.5109295362 26.519330871 28.3706602271 27.2485083962 26.8584094627 27.4272186615 28.1569946278 26.8070611309 28.1098334516 26.6859006578 26.868666483 27.1852430631 28.0691839289 27.7249654966 28.0750432186 27.1981737191 28.0401476853 26.8480805244 26.5036127491 26.5466096438 27.1693269175 27.850657306 27.5808814847 26.826581277 28.4184122213 28.2593168748 27.5342638317 27.936749474 27.1803694999 26.8023428479 27.8572216226 28.3300825592 28.2227721883 27.2410172545 27.4541909553 28.1803144284 28.2261488419 27.6055972078
27.3957501462 28.2795443168 26.6196656392 27.2553159449 26.5150672288 27.0436552617 27.4210702636 27.4778214303 27.2407224651 26.8919117076 26.5026448012 27.2042249618 28.2194678503 28.5412048166 27.7329823402 26.5709583814 28.4222975835 27.8895121668 27.9632779085 26.8179604053 26.7664611797 28.1194769282 27.6691863107 27.141384911 26.6059597701 27.810054911 27.6463214364 27.5863628511 27.2354973287 27.9084029035 26.7181207651 26.9174371998 27.856219285 27.0819615587 28.2585405379 27.999745287 28.1182515624 26.9338009446 28.5588622394 27.6947443071 27.5562378617 27.9453608815 27.8314250207 27.1151546561 27.1279838135 27.1111973555 27.122147459 28.0220620234 26.8900443182 28.1362905226 28.5209601574 27.4544603687 26.9685743329 28.4950476655 27.847184068 28.1064779187 27.2411170378
27.060824196 26.9019326482 28.4622599554 27.4503717799 28.2497306594 27.6824725837 26.9462960529 28.4805584205 28.0283789713 28.2436230965 27.9945383886 28.6142409485 28.5827983446 28.2951549703 27.3269306236 27.1868412954 26.794299829 27.8059245618 28.5524519813 27.995387719 26.5531638928 28.6157650335 28.1283395486 27.6747178293 26.7005213657 26.9449532695 26.6372660704 26.6510780526 27.3681107847 27.0058506044 28.3926959664 27.7782831459 27.8710342072 28.3783738589 26.8906990192 27.2364981235 27.990286049 28.2033834029 27.2575356949 27.6462489253 26.7305223891 28.2653133138 26.7826981398 28.0237997932 28.077302823 27.5857278534 28.2748441478 26.601120914 27.257489543 27.1830497238 27.3062762999 26.6190898452 27.8037348069 27.2722685293 28.2903431465 45.6727312073 42.293381012
26.662112346 28.0816506354 27.8597557882 27.0739786356 27.9700584952 26.7947496836 27.4042580489 26.8532339869 28.4510575813 27.9976005734 28.020062206 27.5413108676 28.3156833032 28.25402288 27.9764819401 26.8048419509 28.3438223896 28.4835795495 27.1225634226 28.0819086094 26.7285297327 26.900608393 27.4525892169 28.2482800689 27.1241552852 27.0966013391 27.5520601898 28.2351632195 27.6390832023 26.6618884322 26.6008122022 27.3586551149 27.9109080355 28.4223677849 27.6612310161 26.8395164966 27.3210815549 28.3836377173 26.636404018 26.9707021047 26.7526223884 27.96181582 26.8116981679 28.027488816 28.169643627 27.5239639813 27.9967569571 27.9892068178 27.3462316076 27.1427163842 27.8279348865 28.5054717281 28.1353385336 27.8154998266 27.7971618891 41.4890216403 39.0784422354
28.5999908773 28.4971684514 28.1858292258 27.7082538614 27.8674457496 26.8910232005 27.9492237008 26.5564209776 28.2892144682 27.3368396685 27.8153425395 27.9233788399 28.2460038996 28.1841908246 27.1474500787 28.4769970623 28.2010136031 28.5440962844 26.5661424127 27.0204078808 26.9116869774 27.9398867483 26.8674474855 26.8993293994 27.8388880823 27.5830435721 27.2695212648 27.4781632037 28.1254492242 27.9179258289 27.8495467172 27.7691530824 28.2377398634 27.7050406577 26.6827959103 28.5362154076 28.493742029 27.0164991919 26.8637179244 27.6795489633 27.0411610438 27.7697527642 27.96011802 28.0782346499 28.2779651879 26.798173306 27.7176463904 27.6676504652 27.4578738018 28.0034517651 27.1804115431 28.04632408 27.5465467781 27.5974147165 27.2579358827 51.0899672243 41.8602224186
27.2812289385 28.4724263325 28.0881715295 26.7767583713 28.1842678005 27.964627942 27.0373489867 28.2602960453 27.696714298 27.6856136682 27.0519505779 26.5952350227 26.7880087039 26.8738481943 28.0960758667 27.3233122282 28.4142705257 27.2264559109 28.1078074759 27.0101644508 27.6129099268 27.2625750688 26.5000276019 26.924614027 26.7175003755 26.5241618529 27.6643446058 26.9713527895 27.183320684 27.8778225411 28.5133081823 28.0593211717 28.1440951129 27.9799561294 28.3054820411 28.0582170583 28.3431922376 26.9157681347 28.0129283515 28.3094244404 28.0779162856 27.4515147725 28.3190560736 27.0436757171 28.0929579815 28.4264190152 27.3010866607 28.5487797107 26.9003128339 26.518965524 27.6658638185 28.4306148422 28.5525260609 28.1565110152 26.5660012435 28.4394745164 27.7791034434
