Spatial_Output/DEC/DEC_0110.asc
NCOLS 155
NROWS 192
XLLCORNER 196307.867259
YLLCORNER 449144.565805
CELLSIZE 33.573938
NODATA_VALUE NaN
[rows 130 to 155 of 192, columns 57 to 113 of 155]
44.4374607483 43.5587465738 44.4623071682 43.7396173913 43.6587060897 44.416668181 55.4598497234 55.4598497234 72.4317793038 44.9202675034 45.6700744505 44.678891489 44.9682461117 45.4691673413 43.8895129198 45.6907634905 43.1098800349 45.497107048 45.3561736152 45.6477391631 43.985168386 43.9913184188 45.7107078465 43.615016136 44.5748759246 45.2306023546 44.905928221 43.6487067604 43.1637077061 44.6673173846 44.9472136728 44.3760416268 44.0866110722 45.7407261778 45.0950872966 44.1810230592 43.8504892116 44.5735322857 45.0563381478 43.4054958569 45.1952476022 44.402389489 44.3196796601 43.1372183476 44.163627465 44.4890737108 44.7968484709 44.2957983046 45.69941122 45.3807095851 44.405473165 45.4446091565 44.8737452675 44.510297074 43.1488871987 45.2090363297 43.0101531121
45.6307990472 45.1707088821 43.8786489482 43.7915002649 43.3324226492 45.3836121864 43.6882759276 44.3401720996 45.531652569 44.3450231801 45.790833633 45.4093090461 43.339574678 45.0728970082 45.2756018937 45.6219493678 43.2721733374 45.4936999549 45.4220759571 43.2309482018 45.09821947 43.1926770773 44.2351061148 44.1141080486 44.2169220039 44.1553952041 45.8040201813 43.9187668254 44.7837323462 43.6249035173 45.1578471252 44.8994942728 45.580475231 43.4991167743 45.2982982953 45.2599240893 45.5372350224 44.4234468551 45.0709556331 43.2526225947 44.1699000749 43.4030105313 44.8561633777 45.0984621645 43.3351266366 44.9003420463 45.3392694524 44.0744198695 43.2972864494 44.0494510185 45.0395710068 45.8173058831 43.7800405949 44.763980732 45.7172853437 43.260441989 44.2951870268
43.3366173502 44.7502835916 43.6160776066 45.4141873567 44.7807198679 45.1794321189 45.2873313018 44.9036696469 43.2453507691 44.0747714434 44.9106854177 43.4856702004 43.2175048079 45.6309861874 45.6663171998 44.5697781951 43.2363031559 44.5047436399 44.3728333459 44.8109762894 45.222562802 43.7701270454 45.3570729389 43.7858007828 43.5588590568 45.5381477751 43.3301571985 43.7497329867 45.1294762698 45.7502265574 44.843166622 43.7696348176 44.408452973 45.255087249 43.5880953629 43.8916674958 44.8102642655 44.2901839476 44.590368645 43.9952845379 45.2640792992 44.5244710789 43.6926682094 44.988466315 43.2489816135 45.6339595036 45.4571876092 45.1927858381 44.8858023968 43.1980895628 43.7853026532 45.383917532 44.081541198 43.9963087013 44.8116630187 45.4540384644 43.5036645535
44.4513141957 43.8751206324 44.203779666 45.0164724805 43.5025613087 44.7778470025 45.4431724354 44.4115298195 44.4369813117 44.3644094287 45.6783487756 43.6330015669 44.6797890173 43.8751043893 45.1965566712 44.7799966687 45.3303123681 45.7661512659 45.7406964068 45.0094698336 43.8474681404 45.1460088713 43.9216837879 44.1468464608 45.0484280882 43.2263758397 45.2754739628 44.8220163279 44.3161213561 45.774130842 44.5149644272 44.9884928018 45.4816536952 45.1198770419 45.4862090649 44.9375071307 43.2006364157 45.0758231472 44.3063649848 45.5962013473 43.8170987756 43.649370923 45.7306525426 44.2701687464 43.2488119801 44.850551651 45.5422217485 43.3699899654 45.3356004017 44.4158167496 43.874487468 44.6138899712 43.5968838536 43.7602942103 44.288266135 44.8876079712 45.1658375921
45.0861226692 45.7485646644 43.7147651575 43.3498372842 45.5789744569 44.540190154 45.6469392794 45.6483437981 44.0173019462 44.8683818201 44.7264267621 43.5041976442 45.6263395708 43.0247113264 44.2514895504 43.5302334111 45.7402105886 44.1617902526 44.1805681884 43.9543949939 43.4800194396 45.090799225 43.9617861936 43.8074674497 44.0197451603 43.4216856061 45.2794673196 45.600003582 43.748443772 44.4828471178 43.8497150243 43.891914341 45.3861278115 43.0203273167 44.7698104148 45.668395529 45.5731970264 43.704671281 44.4609322844 44.5539678097 43.5260097998 44.6030329132 45.3644911206 43.2453697603 43.7162775456 44.3040305228 43.0576251666 45.4321182661 43.6885205271 44.7747895457 43.9554279934 43.0355629105 43.1026693175 45.4387382501 44.0986637349 44.4928120282 43.7171116859
44.8817625985 44.2132472065 44.3867888472 45.3985003361 43.1795131766 45.0534031876 45.4956899983 45.5022059397 44.3011522548 45.5830639987 44.5619693676 44.6077057188 43.5064911921 45.668540588 44.408224913 44.2260104269 44.260386214 44.4416276438 43.9853688293 43.6334367589 43.7835105651 43.6593076527 45.7461000655 45.714261254 45.3237735756 43.1325761497 44.1397808637 44.9182345855 44.9246387312 44.5201537263 43.4401371125 43.1592968125 45.5156002826 43.3579152151 44.9194423951 45.6475680947 45.6141032144 44.7861650287 44.0384731805 45.2108490719 44.5071291322 45.5630997275 45.0306744103 43.8128455986 43.564085858 45.3397432496 44.7891052391 43.6139294054 44.7431982554 45.1243570323 44.6279917877 45.8172113779 43.3536662424 45.0317913728 43.6078456199 44.2254624172 44.4267020733
45.7991706462 45.5671751256 44.8021187625 45.5474110426 43.6648721171 44.8088583311 43.8296586248 45.370649218 43.8435996588 43.3376344511 45.8103929769 43.6722483818 45.1639647399 45.2715150234 45.8257412902 45.6365592672 45.4458731046 44.6611604085 43.2726623045 44.2095451143 43.1636108636 44.518187686 45.3707539058 45.7728364338 44.2281067287 45.6454828136 43.188390993 45.6720896535 43.9845554373 43.9110690675 43.0034389155 45.7592317853 45.7400620352 45.0528072243 43.1712250294 45.5725258336 43.4461034224 43.1973041507 44.8220375069 43.1130926493 44.4231790427 45.3015336392 44.1587435114 43.631152654 45.6413385508 45.3530342762 45.7889806526 43.3189807795 44.419174413 44.3044952112 43.9022536021 43.8334478772 45.8171728545 43.3883131676 45.2825496902 43.6057516419 45.7330744039
43.7347516985 45.1558266639 43.0705896639 43.6357342912 45.4477673401 44.1977757844 43.0722253808 43.7968891609 44.2865101448 44.419340402 45.578123139 43.5846778661 43.789830649 44.5636858248 45.5825974721 43.9029245716 45.240045867 45.5224268259 44.8419194574 43.2226975612 45.7834500955 45.7004566799 44.0772882983 45.6425691574 44.3980254705 43.6717373567 43.3729032025 44.7740450475 44.4166566439 43.3765897027 45.2795534055 45.4710564994 44.9129412957 44.1957886187 43.2969417762 45.0650472434 45.7471673463 43.7527095841 43.0573475718 43.2568174035 43.7535949182 45.3137255313 44.2423879565 45.5315256812 43.0287771785 45.6296891838 44.0152417666 43.2537650235 43.9114288366 45.5227661901 43.2185559257 43.5379644128 45.6467471831 43.7032812273 43.7714442953 45.3106446787 43.5883370523
43.7646680827 43.9408626108 45.7934151595 45.6446424735 45.2843565464 45.679978982 44.5491691145 44.8994745836 43.8148580891 45.6328272191 44.9953054202 43.203892209 45.8274410235 44.7624557297 43.592877631 43.4699067753 43.6535618411 44.5788658802 43.3294578196 43.0005330838 43.7408140463 43.7259840938 44.9213658871 44.4179555432 45.1825001961 44.8078168611 43.2879434312 43.181030739 44.8124547981 43.9703943507 45.3192174316 45.1668890986 45.3172006359 44.4808771989 43.9573734602 44.2098671793 43.9643562811 43.2077821039 45.1904752712 44.5147725241 45.4393406182 43.9105072004 45.4870533378 44.7572960985 45.6070067919 44.5082354373 43.6653582061 44.3228141251 44.6932024093 45.740008655 43.7599836891 44.2096854411 44.077149655 44.6463702352 44.9425089765 45.5333745559 44.3967779007
44.7868859351 44.3806074336 45.4517809128 43.1434251363 44.8926073819 45.4490827434 43.655540037 45.1605138722 45.4697950888 45.7060344573 43.6243051692 44.0913202175 44.1119567094 43.9954064943 44.0428149483 45.1733641405 45.1191742045 45.7567397212 43.9038898584 45.3759019641 45.5328428224 43.5337315935 43.2233223861 45.5320868072 45.7955160326 45.6895323902 44.5803645028 45.7667325309 44.1772566105 45.803409856 44.2790468768 45.0921831726 44.345431507 44.7242440832 44.9569089068 45.025100362 43.4207667265 44.6452706098 44.4351085986 44.9222822367 45.152027768 43.9332064131 44.3234529614 44.3984559196 44.1450865255 44.8100333969 45.1080861677 44.241214076 43.3266236585 44.6607992154 45.4527989975 43.6981097901 43.0836768076 45.5511769501 43.4916728559 45.5577010928 43.3106039436
45.3695097549 43.8403774834 44.6685153318 43.1550876287 43.9175818001 44.8465712056 43.5568881822 43.1323080645 43.8421238346 45.7851747747 44.607113149 44.8200535987 45.4637037729 43.3730259558 44.726169612 45.417521999 44.0546158271 43.4810453655 44.2103157934 45.3293817744 45.4451013304 43.0028361059 45.404832903 44.7284410126 45.2610590694 44.8909128855 45.4210641117 43.4803985403 45.5010392656 44.6068258283 43.8782893327 43.9728771934 44.3265966651 44.7143653102 44.5662310939 43.5971915434 43.0053213525 44.2993861591 43.0427040317 45.7164578547 43.2503524812 44.2763386205 45.0052665497 43.3114096326 44.2632256373 45.284178519 45.4287406346 45.7597424819 44.8864435593 44.4064305898 45.5206062598 45.7520413583 43.8691771098 45.6722319951 43.9304709482 44.5143056155 45.4923880574
43.3402576504 44.6729183825 43.3959166381 45.4700069416 44.8753954406 45.6173582227 45.8025422583 43.7691998687 44.6932326019 45.4580486716 45.6184151196 44.5364954715 43.4589619047 43.7595198006 43.8042044179 43.7261572256 44.8400307803 45.5999371774 43.0480338955 43.5019741527 43.9821787568 43.0306985847 43.2465421639 44.9958755994 43.079906906 45.608387061 45.532592449 43.460219013 44.4510682047 45.1771268189 43.3515471229 43.3022085357 45.3609143173 45.6037564248 43.501072027 44.1644696109 44.4917500431 44.7968507067 43.0226185772 44.9287439789 43.2963385539 43.9436801192 43.4527772843 45.5288790796 44.7890806209 43.0381119044 44.1232707934 45.1128311363 45.3219615645 45.0318326031 43.41194144 43.4381622322 44.1757680224 44.7360830768 43.5127587734 43.4465044704 44.2097069365
45.1641129838 43.6331223041 45.5285879131 43.0403154338 45.0426397579 44.0018037474 44.925973732 43.1854869195 45.1571922483 44.2325536657 43.5427572379 45.3265792152 44.3072158323 43.1039237122 44.6634995937 43.3766389704 43.9983932176 45.4915812071 44.5039528737 44.3064271753 45.6940071377 44.9543482979 45.1568233124 43.5128818821 44.4334717406 43.6396941551 44.8992211131 45.4233193194 45.4667617193 43.5153188081 45.1272408776 44.0502212594 44.2596133367 44.9740885892 45.0603745647 43.6184994113 44.7093446532 43.6988197098 44.5825491646 45.7790320663 44.6840608057 43.0881650452 44.7659490284 43.1262980024 44.3721413372 44.8966080959 45.2483569164 43.526564503 45.3515868812 45.5062596638 44.9285726844 43.3440820334 45.635841303 44.0205877687 45.6730060073 43.1044373391 44.2472586727
44.1568353967 43.1239897537 43.0821139155 43.9947507999 44.7461974033 43.4077048432 43.9983239183 44.3836949367 44.8387607994 45.4554427887 44.8885763926 44.5338519387 43.6179162629 45.0005635339 43.5947490121 43.7572538325 45.009339407 44.7421090975 43.4722500527 45.1483646517 43.2549647292 44.6453762989 43.3008631124 44.3975783192 44.8539259687 44.8837107478 45.3324363044 44.6740176247 44.7366188949 43.102422097 44.2845425383 44.0808359128 44.6116853564 43.5492584953 43.5389449661 44.8435274012 43.8780692968 44.3109042013 43.4194141525 43.06460679 43.1308435927 44.6462530752 45.7222505634 44.7318311148 45.7547129559 43.8472503197 44.11908946 43.8950273654 45.2609204746 44.8061974852 43.4083438234 44.7505897593 45.6641248806 44.1224285488 44.9411711807 45.171542758 45.421765387
43.3223257724 43.017604979 44.2391583997 45.1178765859 43.42295758 44.6273960712 43.0870030066 45.5673995173 44.312264275 45.2510338912 45.2849461055 43.0367735034 45.6571254816 44.9693131322 44.9673921041 44.5221052753 44.1506814334 43.2489490403 45.6081004479 45.6295190031 45.2986626973 43.0766537411 44.7372062505 43.2260846237 45.5510687026 43.7497608742 43.3187052487 45.377000018 45.279309431 45.0620232195 45.127229409 43.7229665844 44.7561246109 45.4028021534 44.2762087198 43.9387855411 43.5639060118 44.0398690171 43.1067893252 44.616950124 43.9356540009 43.6857585164 43.5485246903 44.6691240615 44.470409735 43.016890123 45.4071265926 44.9389756732 44.7590172757 44.413325157 44.0719205107 43.4892525199 44.697416535 44.3889835343 43.1515317665 44.1388688331 44.5542234495
45.6244230041 44.7622492703 44.2796287224 45.1666517297 43.9600536849 43.29611345 45.0548866026 43.2627098616 43.374787151 43.1792940133 44.4305465003 43.2873617124 43.4441545775 45.5029821485 43.0550923739 45.5631805848 43.0887767796 45.157594057 43.2803343261 44.1789523401 45.347935732 45.4122502555 45.0478358447 44.9822083159 44.6580900038 43.1538685596 44.8984300943 43.9245013437 43.9628663386 45.3457984133 45.0839081017 44.9845074863 43.8760033322 44.767814991 43.2954233252 45.1956765885 44.0007433228 43.5124949055 43.3827203964 43.9687874258 44.0043543505 45.6987027135 44.770423068 43.4493537889 43.3737803935 43.9291513856 45.1238499367 43.8620290051 44.527148959 43.8466208089 43.8082124658 45.7430164374 45.1699033215 44.5194685799 45.5175884766 45.1934759999 45.3017515238
44.3130095444 43.520027598 43.6339225907 43.9617883371 45.7061472874 43.3912807022 45.7828138756 45.5666620975 44.6116750333 43.1374406028 45.5420812063 44.2960688015 44.2006614844 44.8027506605 43.071261337 45.52144502 43.7739264903 43.8015827788 43.2635285634 45.557848251 43.6888779577 43.0946948554 43.7528746777 44.6880280732 44.4901965805 45.7083537196 43.3400126669 44.4833224276 43.5690280567 43.1536788709 43.0642796443 43.7133775902 45.2429683002 44.8041462514 43.2241703346 43.837063725 45.0740788589 43.3889146485 45.6691549741 44.6498818185 44.389396686 44.6343534135 44.6560780859 43.3462557204 43.5443630668 44.0611335212 43.766564466 44.2359250526 45.5721863443 43.1105693643 44.2797465379 44.2536536887 43.0786994519 45.1279984995 43.2697247176 45.163596456 44.5223163721
43.4076780277 43.8624152208 44.1420155742 44.7161940879 43.4301440382 44.0717055258 43.2359361387 44.2471108269 43.0202221317 44.2783837994 45.3552553221 45.6234421395 44.5370597442 44.2264291258 44.1463538569 44.5157999589 43.8036526636 43.104763789 45.1535708135 43.071911017 45.2451307222 43.4649041648 44.7173975629 43.3516765451 45.084154278 45.6915510237 44.0634161847 45.3077637942 45.7816203453 44.5647751022 44.536008779 45.8245522695 43.0722995091 44.4281120016 43.7783300219 44.6554196886 45.1711940419 44.740100957 44.7953556238 43.1507013677 43.5186731065 44.7178671603 43.8329490524 45.6595775639 44.3323998066 43.0327652299 43.5529564407 44.6384954705 45.2237840915 44.6395792529 44.9649346129 43.4243106435 44.393090685 43.935911755 44.55665755 45.1093444736 44.3931253718
45.46345402 44.7296929656 44.4063137874 45.5183395772 44.5174170124 45.4192278729 43.935472085 43.6213400843 43.9774972842 43.4380934507 45.1876180961 44.6763175358 43.2843834158 44.4033221993 44.4243590783 43.1429390583 44.7784664364 43.1525866141 45.8067280717 45.4037619466 44.0079799765 44.6528376415 43.393251828 44.4905110986 44.1784110138 44.8069519125 45.1204431343 44.3462486689 44.4979752172 44.2015358804 44.2052978232 45.1931833338 43.4808245621 43.4076003682 45.2052236573 44.1187598929 45.4517538315 45.2599144322 43.6987907632 45.5144083647 44.9496910905 43.9091421024 44.2603665752 44.5282101289 45.2037199686 45.3353457936 43.3003679199 45.7691232367 45.0201907082 43.4000198038 44.8656668101 43.2387931913 43.6465862104 44.2232564188 44.9402172869 45.7953768802 43.6599880323
44.5548734477 43.758211462 45.7629782225 45.0334798897 44.6827562423 45.0099345398 45.7979758886 45.4705426135 43.3762096245 45.7983943868 45.7915146507 44.9033710677 43.5276447801 45.2677405169 44.2659319708 44.4400810455 43.4767944315 44.8339747323 44.6123324042 44.4837062589 43.6016767667 43.4249177807 43.2578656714 43.8814462039 44.1276838261 45.0498152444 44.1719196851 45.0034268863 44.7266954757 45.2953925605 43.8370330214 43.7701059928 43.6448955578 43.0213566685 44.0655440234 44.6492262317 44.572608167 45.2312175465 44.8445200904 44.0147716656 44.4078903378 44.1828271776 45.8197309299 45.6658499626 43.7540247189 43.0688016675 43.5831596785 44.9006386218 44.8191527897 43.3336353628 44.6004334795 43.7541610824 45.1944946429 44.1885761973 45.6929481557 43.5478085438 44.1052887731
43.8888804817 44.4496629436 43.824864035 45.086375927 45.7855178705 45.8260692684 45.0450185241 45.5330831172 53.9540714104 60.000287495 61.5943537423 44.6576067054 44.9735878566 44.3028828974 45.6703216515 44.5037175079 44.0483340518 45.3327228589 44.6205319577 44.9688923002 43.5944767888 43.8585393265 43.2721118034 45.6833532303 43.8738945776 44.5828078953 44.3179752574 45.3139520701 44.8769742559 44.4724427959 43.7326961589 44.3776152593 43.8818416653 44.2649573174 44.7452988075 45.3395127026 43.5110621867 44.6659780534 45.4750567375 43.5873324739 45.2883262647 45.0524543015 45.2340421558 43.9874025625 44.3344810104 43.7504587 43.8488170703 43.4679066553 43.4138625141 44.4640725763 45.3220778493 43.7412619123 45.1800690983 44.2976776969 43.7933320031 45.3164383644 45.4952571863
0 45.6361792317 44.612345556 44.1344295694 45.0106875255 44.0681131052 45.7981777439 43.2134771286 58.0160107253 58.0640567904 60.0487919061 43.4584448804 45.3972049499 45.3005255514 43.1604941968 45.4335493668 43.7549051163 45.525804501 44.0928897648 44.3773337023 43.532008319 43.2077436257 43.9823813036 44.0294053934 44.5964270012 43.5618836581 45.3324864266 45.0696436032 45.1169384521 43.7984072989 44.7634315932 43.0426854403 44.7803829175 43.3655933438 44.5720105538 45.1426110385 43.5906687722 44.8774121014 44.7950317076 44.1843734699 45.1322695389 45.2760975964 44.5802868675 44.7159314204 44.6371196418 43.9097841626 44.9208026425 43.0944146172 44.6478430891 43.3017681788 44.7332367352 44.8794497746 43.150593402 43.352431942 44.1593880967 43.376289644 43.6120619373
0 0 0 0 43.2853007567 45.3348331263 43.4642406505 44.0616902545 55.8594287106 53.7629805729 59.2058397499 44.3681235608 45.2159366609 43.9142272092 45.0455361884 44.7008234327 45.8000391027 45.0032607287 43.1165032769 45.4821557484 44.2194500711 45.0189858011 44.2328969713 43.3931147093 43.8313860069 44.6232648055 45.0508654603 43.5688530182 44.3752459289 45.7962668053 43.8859057943 45.490151752 45.8211345269 43.0328187802 45.4443020938 43.7873935027 45.3512433141 44.5598637333 44.9589676992 44.4492241158 45.5076731087 43.5891188336 43.7277346833 44.4295542202 43.4537705873 45.6155196634 45.0040894364 43.8517538927 45.3988573063 44.2084544661 43.4692427328 44.0201093248 45.5490952437 43.8404110781 43.1483994449 44.2166252506 44.1633438035
0 0 0 0 0 0 44.5515614405 45.2362317371 45.3892955543 45.603431177 43.8988219073 43.7327986006 45.6769559299 45.8054145472 44.1412378514 44.5085385712 45.8020445496 44.531344195 43.5103317809 43.5682251205 43.4198659787 44.6372488291 45.3325484896 45.2639500719 45.7805023758 43.5743427395 45.2375531644 44.189915716 43.1838660004 45.0877627294 44.6451993399 43.8701152783 43.6349471778 43.3643872247 45.266747129 43.3576737172 44.2721047929 45.5538040528 45.1538336344 45.6623495848 44.4280822835 43.9588858406 45.363485423 45.4798554604 43.9345001343 43.0727708154 43.4517624861 44.3773739302 43.9350869253 44.7970479914 45.1133990939 44.8010029275 45.6642945784 45.8249556783 45.4420452205 45.0459279238 43.7474160112
0 0 0 0 0 0 0 0 0 44.5878163063 44.1062992975 43.3141636336 43.7187461989 45.1951568569 0 0 45.2425537347 44.5129602959 43.1139490953 44.6652821757 44.3243121296 45.6376911793 43.9449409391 43.5808869753 45.1631530589 43.2626569555 43.2875153662 45.1241713085 43.6262443306 45.8067195658 43.9838339958 45.41678009 44.4741069122 44.9650067347 44.708022581 43.3921927969 45.6301169814 44.9825163294 43.7909050934 43.3523573306 43.7146751913 43.4191808085 45.2566720589 44.0566379796 43.0046504841 43.7835002135 43.7988958974 43.9788575326 45.577433978 45.5475425673 44.1804176461 44.6121729695 43.1263999498 44.0159629599 44.9322144751 45.2031901098 44.5570846892
0 0 0 0 0 0 0 0 0 0 0 0 0 0 0 0 43.9414200369 43.6776594487 45.1983497386 45.6624674722 43.5484047106 45.8218180823 43.0372867464 45.1064029715 45.4521849841 45.1520586297 44.5055119308 45.6794532417 44.2315528146 45.1525852088 44.0238847771 43.3688887652 45.0549053813 43.4824176008 44.3211551819 44.1309348073 44.3120522317 45.114458225 43.1080504841 44.5843732176 44.0943618628 44.3645545382 44.0273054481 43.8862398566 43.6973386014 45.3321485343 43.5183412609 43.8720017742 45.4624881034 44.3731241676 45.8252884423 44.9502756402 44.0933964318 44.6668694721 44.7689033634 44.7470086024 45.2546510278
