Spatial_Output/DEC/DEC_0031.asc
NCOLS 155
NROWS 192
XLLCORNER 196307.867259
YLLCORNER 449144.565805
CELLSIZE 33.573938
NODATA_VALUE NaN
[rows 104 to 129 of 192, columns 57 to 113 of 155]
46.2955278426 46.246477664 45.2206920182 45.0768999258 45.4129161301 45.9453038259 45.4069761831 45.9792085951 74.2379115069 77.5159266375 65.4068237725 45.4879401514 46.139655067 46.1317723055 45.9135276278 45.3957179117 45.2876931635 45.4864233224 45.4117906302 45.1997029978 45.2408722156 45.3687628165 45.6678186171 46.0999731816 46.0447208949 45.5502177325 46.0386083328 46.0117464843 72.2685873759 72.2685873759 45.8875724806 45.5779049498 45.6866789855 45.9589314393 45.8742403921 45.7136891837 46.0764320612 45.3325090658 45.9169792527 46.2830617451 45.822009371 45.9755904072 45.622745042 45.2449212691 45.3278446719 45.6000697663 74.9733089527 62.7934406456 74.9733089527 45.6827305954 46.2935918331 45.9249087329 45.7949391546 46.1382301855 45.3097746941 45.1461360294 46.0115699755
45.1764670201 45.954142137 45.6867966911 45.0928372254 45.7985853197 45.0887888606 74.2379115069 45.518627349 45.9734085007 45.3233802212 45.3448086183 45.1052155802 45.5980484056 45.9564371072 45.8590664372 46.3015698137 45.3954373215 46.1926296571 45.0919817244 45.7351103208 45.4775699799 45.5215935296 45.9573400639 46.1665107388 45.0294878544 46.0949512451 45.1462692056 46.0604387324 72.2685873759 72.2685873759 45.5611568487 45.7555218824 45.7031511197 45.6935646588 45.2597972859 46.2097889412 45.7262980717 46.2253095724 46.2615267826 45.8592917897 45.6132745724 46.1190706214 45.0273411226 45.5401995834 46.3930089587 45.7848994895 45.9780146797 45.2348318528 46.2248395905 45.1244632478 45.8882038231 46.0191092423 45.8014555997 45.6509845363 46.2638883476 45.2024988304 46.1292179127
45.8870853576 45.2707634323 45.6807013817 45.1752922796 45.8082410277 46.0182709656 68.9580099023 68.9580099023 68.9580099023 46.0223250798 46.0144390521 45.4270105834 45.7550926788 46.0179225716 45.4943393989 45.7426371039 46.3657128764 45.3006279075 45.8934743806 45.267507225 76.1766027373 46.2529069535 45.0868296852 46.074353806 46.2534296862 45.1278642741 45.1562188437 45.2510989948 72.2685873759 73.0284734868 45.3492444869 45.6322757133 45.6547094224 45.4906268677 45.1469670394 45.2774185114 45.832749069 45.5526360897 45.8442212869 46.0866321561 45.0044761237 46.2566091439 45.8993286414 45.5834624152 45.274871101 45.3434766732 45.0697195045 46.1546795453 46.0837505549 45.7842739505 46.3330809418 45.0739991104 45.2174891439 45.795799436 45.5437969563 45.9864223987 46.0611635533
45.7547945244 45.88823356 46.1291679362 45.0328628165 45.234145307 45.6491417459 46.2058212908 68.9580099023 64.9020030836 45.1859344588 46.0002546683 45.818724547 45.2567728202 45.103072086 45.638455667 46.2839236963 45.3340296786 46.025067497 45.7483964364 77.9496515646 45.1804421747 45.7444956845 45.8176028188 45.7996605137 62.1649826031 62.1649826031 62.1649826031 45.3777131993 45.4851721876 46.127405447 45.1276530045 45.26006549 45.294736518 46.346852662 45.6345853501 46.1903153042 45.525338257 45.1928997579 45.7966292709 46.0556088461 45.0673930702 45.6329373514 45.6747247906 45.919961258 45.043963504 45.6023645878 45.5692162998 46.0998813202 45.929416802 45.8579732622 46.3693320031 45.4085244697 45.9480780476 45.953677413 45.8696715677 46.053473639 46.2597529806
45.0220254382 45.0847930294 45.347672251 46.1547127137 45.9435861268 45.4711197063 71.2369070365 64.9020030836 71.2369070365 45.4843669497 45.7926292193 45.5945597963 45.4427144642 45.1778968928 45.6119741714 45.1461160277 45.1981929134 46.3660704361 46.3448332063 46.3481810588 45.7551363579 67.5954443765 45.951307458 45.1494229587 45.9114216124 62.1649826031 45.3889540641 45.2835919621 45.9009103522 46.39718629 45.6226502103 45.3404481262 45.8518324345 45.5736602791 46.2313734641 45.857124961 45.6306985694 45.3369677673 45.5901924614 46.1337859505 46.228530517 45.8168013528 45.8716283545 45.4197049924 45.1032359118 45.2754120227 46.3970849452 45.8184394647 45.8453328581 46.0972243234 45.0525230539 45.775236692 46.1907328387 45.1391342419 46.3070213062 46.315866316 46.0963815402
45.1178432025 46.2411410316 45.3445269802 45.9238094174 45.0499032102 45.079820591 46.1665992056 45.553512635 46.0538114293 46.0182177164 45.4538134259 45.3905860496 45.398245311 45.8505170267 46.0122272472 45.4053942822 45.7062962984 45.4367542813 45.7859085611 69.182899102 69.182899102 69.182899102 46.022526467 46.2123252092 45.7026255897 78.0467697885 45.7028192857 45.7274631708 45.70318416 94.9237964059 45.9124959685 45.6372421153 64.0857393264 45.1840518944 45.7788964602 45.5360451325 46.00714263 46.1111533344 45.2577076051 62.4917051942 45.6770576876 46.2687545332 46.2898985221 45.7122060647 46.130104902 45.2189975223 45.7764249723 45.6410752997 45.0153625872 45.6197256831 45.4547601809 46.2873789365 46.1071883708 46.1021490341 45.5433285732 46.1180173493 45.4119950484
45.4070455245 45.7439891067 46.3195253257 45.9047620627 46.1121474867 46.06564836 46.3727101311 45.3394767365 45.7551215241 45.0160338676 45.4013327148 45.739981259 45.6278968701 45.7183930495 52.1346034493 45.2190178142 45.2010338226 46.1473270559 49.1611731342 49.1611731342 45.3875661627 45.0884411201 45.370100028 46.3459236999 45.2210714273 78.0467697885 77.3872004897 56.4678374884 56.4678374884 94.9237964059 68.6104614814 45.7228718847 96.4960512927 46.3603618715 45.995567578 46.2916409927 45.8735552732 62.3784573378 62.4917051942 62.4917051942 62.4917051942 45.163174311 45.2432816459 45.3277894882 45.7786894108 45.6602571857 45.2168575122 45.2727778388 45.3239683661 45.0208274527 45.8873408052 46.1755042142 45.6324563038 45.5731241917 45.9047121803 46.0017609714 45.3444453358
45.4482579199 45.692888099 45.8321286583 46.226242651 45.8166451261 45.4440643135 46.1008990506 45.9842348641 46.3065056906 45.0981586998 45.0016393665 45.5080571552 51.6242044152 52.1346034493 52.1346034493 46.0775758615 46.0110760515 49.1611731342 49.1611731342 49.1611731342 45.3056375506 45.0253898728 45.7741913931 74.7569572424 78.0467697885 77.3872004897 77.3872004897 56.4678374884 56.4678374884 94.9237964059 94.9237964059 46.011463327 45.9331314226 46.009670599 63.7742534777 45.7329376892 46.0049605019 45.2095170179 62.3784573378 62.4917051942 46.2995328185 45.4992867241 46.1797648168 45.7252893844 46.3046226329 46.3428640121 45.6200719933 46.1574653233 45.7455811621 45.1085961822 46.1804217205 45.3682228637 45.5181222622 45.3864240846 46.1025203204 45.3962812239 45.4863058568
45.845671258 45.6625015445 46.0415678323 46.3675864182 45.1898735316 45.1100613414 45.6116586146 46.0704923645 45.8923904341 45.1395080331 45.4570295878 46.1965308398 51.6242044152 52.1346034493 52.1346034493 45.7830384085 46.0281723098 82.9136549045 49.1611731342 49.1611731342 46.3228476283 46.043114787 46.1002641265 46.4071851622 45.4056194069 78.0467697885 77.3872004897 45.9578199363 45.900061591 45.0211477317 45.8579960162 46.3150063259 46.215078874 63.7742534777 45.4441296845 46.3099558933 45.5529351215 46.1531367001 45.9832042019 45.4807935441 46.1759848328 45.0375806366 46.26151599 45.7344675595 46.1594649778 45.4756483409 46.3814203146 45.460198201 45.5008209774 45.7298208771 45.7856499281 45.0347093609 45.2625198459 45.4939176458 45.7299036082 45.1474502821 46.0430818379
45.0809135837 45.4212459827 45.9149726364 46.3731920078 45.7842442383 45.1192905676 68.4140462747 46.1080720394 45.673769069 46.2549376625 46.0691419738 45.4269212537 45.7446762541 46.2534535571 46.3358100842 45.3583928939 45.436994521 45.3451262247 45.3841570401 58.8032830037 45.751199865 45.1059338238 45.9355223337 46.3320625519 45.019186801 46.258935197 46.0257052894 45.326134741 45.6663959599 46.3502438786 45.1389012417 45.4029760721 46.0963785541 45.0971132139 45.8904176131 45.4762656451 45.4424829343 46.1355778685 45.9279092923 45.4968657602 45.6650036433 45.5525023958 45.9693213982 45.5550288446 45.0930644527 45.6192985239 45.617451846 45.0100638141 76.641210839 45.500331807 46.1681575294 45.5036941431 45.5213043485 45.2008941298 45.5165166505 46.4022851638 45.8532484628
45.0026790701 45.3084535601 45.172167148 45.3276135616 45.8144364676 45.5664500031 68.4140462747 45.8002600047 46.1048829723 45.8442727795 45.0918535959 45.9656047598 45.2576568326 45.3130509312 45.6129732348 46.2830039118 46.4103415585 46.0660731851 45.3495624259 45.8859714098 61.1236447274 46.1860967678 45.0487745661 45.2345032704 46.2888173456 45.0339293848 45.6137253001 45.2517016337 46.362688657 45.9033471307 45.0019128906 45.1127538133 45.1511402814 46.089376277 45.8364584026 45.3213708029 46.3471345642 45.7274498998 46.2368602859 46.3605496945 45.6300345924 45.2617764731 45.4270657314 45.6497489893 45.8260591067 46.1118565111 46.1979690457 45.0836132999 73.0169046478 46.3092670265 45.516043019 45.8266577053 46.1392344749 45.2117487563 45.341071583 46.3322012595 46.1228268169
45.3234312029 46.0795774126 45.2168606468 45.9487103329 45.1448982183 45.4627627928 45.4419139121 46.0811473563 45.7407308297 45.2850015477 46.1322548293 45.3650628664 46.3928498701 46.2580450775 46.1422288593 45.6297846846 45.1609383685 45.5365456829 45.4183558103 45.8251779603 45.5094763691 46.1358463143 46.0116555621 45.8961336057 45.8984175487 45.8928945671 46.2854716128 45.4771874471 45.41294639 46.2978539706 45.2651111435 45.2398665121 45.4209350302 45.6650332895 46.137636193 45.2360315706 46.3000550887 45.1105601271 45.9430125817 45.5648644862 46.2561030533 45.9391246622 45.2018704793 46.2390440243 45.0383077912 45.8105365168 45.3351531926 46.0490674439 73.0169046478 73.0169046478 45.1916024105 45.7841660035 45.4748488784 45.3925441107 46.1200259121 45.6275661498 46.1946670754
45.6919016172 45.2877923511 45.1400097253 46.3602462859 45.3894424121 46.2697083163 45.0507299504 45.9834818361 45.2276009739 46.2152646849 45.4427698916 45.6066420449 46.3331997393 45.0917235302 45.7197455432 45.367279224 45.8628858774 45.7472687853 45.551035303 45.3972421845 61.1236447274 45.5893137242 45.7797297282 45.8146178679 46.1120755853 45.0240637421 45.6041690106 45.4266114013 45.8426841623 45.3786360533 45.2759259456 46.0823800309 46.1432633718 45.4676012105 46.0937165348 45.6010284601 45.1202294435 46.1444202752 45.0894479854 46.2372555191 46.1493912362 46.2955575219 46.0917385367 45.9131582435 46.1044459583 45.586591811 45.5952015568 57.3308355688 72.659659042 45.0360415242 45.2348769398 46.0095446233 45.0096571867 45.9126680928 45.9961249467 45.2018670855 45.1944785005
46.1601408679 45.3830708535 46.0511747606 45.3410256785 45.5614913621 45.3362247842 45.2328237181 45.4347783717 45.7318135906 45.4631399929 45.425408893 46.1977894591 45.0062689098 46.3899186148 46.2147401856 45.8547065553 45.7083951258 45.6797396673 46.0348985339 45.7367446488 45.8227093355 45.9079680356 45.3146472083 45.019214765 45.4348201116 45.1841283301 46.3618729049 45.9591215233 45.2067495181 45.6148107171 46.1903410161 45.8631519241 45.9395892438 45.8278540183 45.6655803044 45.7004382995 46.1396583056 45.8982750601 46.0308396177 45.9333209996 57.7705887897 45.4932859786 45.1937302519 45.7977128809 83.9773192226 45.9978570242 57.3308355688 72.659659042 72.659659042 72.659659042 46.0782143919 46.2528251454 45.1506577115 45.3072886788 45.1210307938 46.0591645335 45.7246226661
45.3684251562 46.1815773954 45.1766769959 45.3627221717 45.0656209209 45.7116893299 45.2740661408 46.3977360842 45.5095556032 45.4171533103 46.2447578655 45.9793466787 46.350147669 46.279459874 45.9355800659 45.0420227871 45.5386578189 45.5040674105 45.9029151066 45.0707392638 45.3558670868 45.4354911796 45.9478734715 45.5548966843 46.0183461053 46.0673894543 46.0493780878 45.7831856617 45.9386395767 45.7306826407 45.1466916345 45.5564734984 45.6347084462 45.6646434864 45.0653646534 45.2773260667 46.1855269993 46.1883271739 45.4125423341 46.2153209309 45.9146925137 57.7705887897 45.3092451315 46.1859022665 45.3686714681 46.4062572388 45.7800130517 57.3308355688 45.5464866347 45.3316274137 45.3682665755 46.0983800479 46.0821997412 45.8903274804 45.5513840973 46.3511060003 45.0557253252
45.3861326832 45.1770130997 45.8739689491 45.2101432136 45.8106222063 45.3993712297 45.1067009794 45.8168060563 46.2304345184 46.0093100757 45.697224108 45.1815168964 46.3002537754 45.5198866341 45.4991315054 46.2646424637 45.8423996019 45.6085139002 45.4775404877 45.3339705428 45.945274976 45.1164705452 45.1205457081 45.8036491048 46.0415596347 45.5563766555 45.7129869174 45.9395116621 45.4401792189 45.6666269828 45.7913091653 45.9158266731 45.2761853218 45.5702955947 46.0546096817 46.1885202329 45.4764530923 45.8634550085 45.7010500867 46.0227177026 45.6493609969 45.7327800871 45.541357802 45.0404768991 46.0629187212 46.2965652769 46.0372553919 45.5630920351 46.4090130382 45.7636741069 45.5893744759 45.3502700679 45.1378897337 45.9140694386 45.6362678025 45.0424289635 45.0726523214
46.0690946882 46.0397407105 45.8324171358 45.3598077302 45.6107565207 45.3607603524 46.3810502877 45.646187049 45.9822278833 45.4290278214 46.2225730311 45.343805576 45.2756280534 45.6708466417 45.465914852 45.029715437 46.3879677994 46.1047208536 46.2047776397 46.2238373579 45.4643241431 45.3782206431 45.118079835 45.4011311876 45.1431734698 46.286693549 45.6321201085 45.422344495 46.3313586607 45.3006197961 45.5698101044 45.6419793656 46.0151812056 45.4834940983 45.9948751208 46.0047191693 45.292331438 45.2276806463 45.0837807534 45.6194911545 46.1743217223 45.1245396263 46.147863688 45.7390788857 45.8459694712 45.631470106 46.3993852424 45.4739303732 46.154252346 45.4515992294 45.277964046 45.4442738694 45.5617456582 45.1098200319 45.6694279544 45.1078731374 45.5029573775
45.183966457 46.1069579799 45.6963135865 46.2348250097 45.5538954267 45.790399552 45.8536014797 46.0824313392 45.1840965827 45.8294697282 45.4742241702 46.0126585242 46.234648854 45.5574453729 45.3164219117 45.4747786891 45.9714706879 46.1239527072 45.2647173994 45.5267917614 46.3273244419 45.506532861 45.4595790545 45.2645493394 45.5905735352 45.6602779232 45.8893473613 46.10350347 45.7015814202 45.3808249043 45.1526121795 46.3860609963 45.4723430093 46.0075860772 45.0336878913 45.8892063721 46.0165685958 45.7519580535 45.8872006806 45.6860416459 46.1395171056 46.2293804421 45.9747774168 45.6989344936 45.3737794042 45.2706094251 45.5733203784 45.602807399 45.2084167991 45.8761031664 46.189220901 46.3165722262 46.1011710545 46.306983329 45.1344097815 45.0406807418 45.2401736859
45.2655209642 45.1495005909 45.2064247747 46.2438388344 45.6044643409 46.178048318 45.7100040121 45.3772338396 45.7118681959 45.3174987598 45.9310064625 45.2293726615 45.7325319405 46.2188555107 46.2649601241 45.7211101779 45.8110088375 45.1827236946 45.6086839694 46.1274331958 45.689075738 46.2424945577 46.3592086872 46.0309037152 45.1090168956 45.1616123506 45.8732850975 45.773514731 46.3699287296 45.1789055415 46.2517693109 45.2998695289 45.3108672262 45.1954244576 45.4732497536 46.1186301765 45.6440072798 45.8880406177 46.4090144873 45.0215644786 45.4653101592 45.2274408132 45.668381586 46.3874947391 45.6346862146 45.903814282 45.7075151989 45.6271410101 46.2477991266 45.7441147448 45.3002024682 46.3725801875 45.9617551814 45.8638293757 45.2727711797 46.0833739892 45.7549224327
46.1762082489 45.9858612032 45.1603045291 46.3581298531 45.3027335081 45.1871994086 45.3715672003 45.4172606919 45.6673986852 45.912228292 45.4010480904 45.5037411352 45.4398722127 46.1855320134 46.2449895409 45.4796467593 45.4471702876 45.6517635255 46.0449362124 45.3784444226 45.5053803121 46.2773228882 45.4790943789 45.1369888881 45.4383995186 46.0211171037 45.9284774533 45.9622432063 45.2217875883 46.1054117157 46.3761660306 46.1139136089 45.6167612316 46.143871176 45.4523470388 45.9896940513 45.1419434496 45.9379583313 45.186603567 45.1394723227 45.275887401 46.355448303 45.9312290432 46.3487483658 45.4707170525 45.9832599299 45.1842017343 45.5247702405 45.3669831775 73.2030722374 46.3222010914 73.2030722374 46.1704663615 46.4010206878 45.9008661191 45.0877009197 45.0911389451
45.0179389788 45.8750714169 46.173331216 46.2215944268 46.3006483074 45.8394770285 46.2979570962 45.6616442159 45.8700151928 45.7103734311 45.0893768319 46.3737544746 46.2203242554 46.303521583 45.7272046519 46.21288247 45.1120964526 45.5886463087 45.1547264921 45.5527536499 45.4519342656 45.102369261 45.4178389219 45.8175109497 46.2767263601 46.0250688758 45.8137425975 45.8260795605 46.00569493 46.3183734809 45.4085691343 45.8714216289 45.0761533003 46.219459216 45.525445631 45.6886362074 45.815951449 46.176413815 45.8110823298 45.8348251769 45.8501933762 45.0897521629 45.2602407537 45.9121722065 83.0502431855 45.8978638881 45.5642320446 46.1535632163 45.917804354 45.7696538848 46.2918524772 45.162476998 45.9421896062 45.7760273775 45.7848074261 45.9446522046 46.3084798872
45.5792904104 45.3034933247 72.178332851 72.178332851 46.2084412832 45.7074106588 45.143148181 45.8293280659 46.3305955369 46.0668922447 45.1025439275 45.999620681 45.1555871529 45.2639535586 45.3916877701 45.9179802162 46.1910728915 45.5186536042 45.1004062475 45.2940255071 45.5032774123 45.4109400769 45.8348372336 45.5139274564 45.3381750383 45.1341229798 46.1513288266 45.1294739664 46.3597166842 45.7999059491 45.9387269368 46.006616092 46.3503567231 45.1533212777 45.2094251496 46.0845593614 45.5405608371 45.5316169129 45.5201944135 83.3599624309 63.0483877444 45.0189594711 69.9991364182 64.4335062556 64.4335062556 45.7699708429 46.2650421204 45.8600684789 45.4938311674 45.2703712496 45.166394824 45.1819416507 46.3556733974 46.3267102755 45.6736102004 45.3985563628 46.111361347
45.9373537509 46.4083786342 72.178332851 72.178332851 45.7783608723 45.1702154233 46.267079363 45.1853785825 46.1015002977 45.7445983435 46.2760965035 46.2030424435 45.2783157012 45.7551686156 45.039647552 45.29070305 45.9028399428 45.5047266449 46.2054060076 45.5734005973 45.1884325676 45.1437234291 45.2365542634 46.1080367168 45.1156292033 46.1883503194 46.2042620824 45.5568946325 46.1741523156 46.1850862828 45.8730132885 46.3373412775 46.0366183255 45.3078525584 45.6679237574 45.3792740681 46.3572908608 55.1653743559 63.1796614968 63.1796614968 63.0483877444 69.9991364182 69.9991364182 69.9991364182 45.8280452021 45.0359915195 45.0715340567 45.5255381942 45.4335753878 45.2192235047 46.3602821449 45.1695010484 45.7636730778 45.3478941419 45.4231529366 45.758881944 45.58236722
46.0949549307 46.2994797658 45.7252098565 45.4260741931 61.4646091893 61.4646091893 45.4883381148 46.1033722481 45.3711219878 45.5487660719 45.2027222273 46.165020405 45.5444992771 45.2779119172 45.335240853 45.9747062742 46.0777432428 45.7736594984 45.4012866427 45.3871683658 46.2591765792 46.0681785944 46.0618984283 45.0139360021 45.7514587099 46.1205022291 45.1229497712 61.6465313013 61.6465313013 55.7889537087 55.7889537087 45.6671203429 46.1729486097 79.2710525098 45.703630133 45.742514004 45.6904462006 55.1653743559 63.1796614968 63.1796614968 63.0483877444 63.0483877444 45.3937643542 69.9991364182 45.9739062919 45.9309056788 45.1970518355 45.3378139475 46.3104360216 45.5162060892 45.8007681129 45.6556777255 45.597474057 45.1225897485 45.3692251919 46.3056388102 45.8161667151
46.1478932907 45.5811553633 45.5262337275 45.7813141415 61.4646091893 61.4646091893 45.3783802 52.0797348816 75.065978309 66.1826484342 65.7655398594 45.3435543649 72.1390315509 45.3496600586 46.0756040522 45.0156016826 45.9625902746 45.7688518426 45.8374615459 45.2369904713 46.1950278546 45.4706912512 45.9349697713 45.3654521067 45.3767751012 45.6808264064 45.1540728101 61.6465313013 61.6465313013 55.7889537087 55.7889537087 45.1777973793 46.1457179924 79.2710525098 79.2710525098 45.0331642156 54.4618242364 46.111657102 55.1653743559 63.1796614968 83.3599624309 46.2554635271 46.4027024211 45.6666994386 46.186188419 45.9977792821 45.4246136842 46.3736122024 45.9732169074 46.2463159024 45.4581553412 45.2410396438 45.695942849 45.5561008764 45.7584152178 45.5827124146 46.0994605251
46.1151807904 45.6382208501 45.7419659906 45.0188225676 68.2786952837 51.7318463599 51.7318463599 75.065978309 66.1826484342 66.1826484342 72.6815386112 46.0077256852 45.3048576809 45.3314229305 46.1662748913 46.2486610919 46.3016735861 45.8680435096 45.4373307667 45.6820955125 45.7715933477 45.3865745431 46.2493141522 45.7126938268 45.556844587 45.0940436055 46.113944478 45.7579338194 61.6465313013 66.5629710803 45.5169697845 45.1105378024 45.9382363941 45.3700080647 45.6872205179 53.2309174689 45.1251439721 45.7743299202 45.2493231258 45.986999406 45.11184187 45.0617752467 45.6004768406 46.1070272275 46.3675865979 46.2185759763 45.6148837398 45.4618284466 45.1927222869 45.6261735265 45.1269182279 45.204352266 45.702019937 45.4486945218 45.2458209183 45.7278004263 46.3210653381
