Spatial_Output/DEC/DEC_0545.asc
NCOLS 155
NROWS 192
XLLCORNER 196307.867259
YLLCORNER 449144.565805
CELLSIZE 33.573938
NODATA_VALUE NaN
[rows 52 to 77 of 192, columns 57 to 113 of 155]
28.4241485546 28.2145867668 27.8275480223 27.1216296651 26.5117838126 26.5973302969 27.4245494698 27.5666165462 27.977893948 26.8367203536 26.9350771496 27.5088631133 28.616518979 26.6218807528 27.6512236579 26.501213745 28.3007466299 27.5989524817 26.8196480676 27.8824104022 28.1323015775 28.5609558118 27.3018506067 28.0138927892 27.5160948599 26.7238189099 28.0966774396 28.463819911 28.1813678033 27.9442051316 27.6063601634 27.8268449773 28.0248932737 27.6738564658 27.5045854397 27.3039756957 28.0413621449 26.92910194 28.5890088787 28.4759480612 28.432951209 27.9355978956 27.2633089829 26.7605765003 27.4398538832 27.3445797617 27.7174730147 26.9627817071 26.8763012971 28.0490812713 28.198436354 28.0349669252 28.1618295226 26.505259602 27.2987162921 27.4177584944 27.5761204567
27.3624300581 26.8137175002 27.0311357876 28.3244210066 27.3899158996 28.5124804481 26.7733075174 27.6082963383 27.8922104336 27.5616962132 28.215191721 27.42820544 26.7872665859 27.7013814672 26.6638842424 27.2389725483 27.2856452201 27.1812138537 27.1250358751 28.606410123 26.7670845554 27.5239677565 27.4944470194 27.8175816187 28.4905854499 27.0743145099 26.7099157988 27.0318004507 27.4095108517 27.0002041294 27.1726573578 27.5309332462 28.4812983369 27.2766680429 28.2332514267 27.5658309446 26.9759414576 26.9478553362 27.1765625742 27.3468583538 26.8700988327 26.6819618334 27.3332751893 27.6063435367 27.3915893732 26.6946018742 28.2746459066 27.9970552503 27.5623322865 26.7462405324 26.6330518031 28.4987038466 27.8646208762 27.4513817296 27.4402662004 27.2351172096 28.3563097066
27.0196826689 27.1048750589 26.8441804655 28.4147624662 28.0638142909 26.7453607201 27.7174206171 27.8692761675 26.5513121117 27.7214777946 27.9906442835 27.0984500882 28.3036680815 26.689696379 26.6559088675 27.0519170743 28.4785556146 28.2220531723 27.9548949466 28.2106247648 26.7435374488 28.0600827599 28.0205979432 27.5092502856 27.799120554 28.2391427555 27.1699267295 27.7862672913 27.7429964057 26.525340186 27.2266215673 27.5115516682 26.7876031626 28.417970635 27.4205406664 27.4095895866 26.7762322204 28.5091172724 27.1334615697 26.6743325912 26.6779416414 27.4328987855 26.7537090221 27.6320058795 27.6352388922 27.491218534 27.9292900706 27.1190483937 27.2148495699 27.05967618 28.1240073754 27.1957374912 28.0016765059 27.4073084546 26.8377205297 28.2997372607 26.7812120009
27.7536268573 27.8650662157 27.3375183198 27.705520901 28.4356286993 26.5913830874 28.0964074869 28.1636803149 26.5315352604 28.2681467417 26.6936297803 28.5958552593 26.7473336859 27.5152367763 26.6844390029 27.765330458 26.6911283107 27.611879344 28.2507244051 27.4166918234 28.2095613095 26.5380300677 27.117298756 27.6406982392 27.8281543724 27.6605818941 27.4044726328 28.6035184286 27.1263705739 26.9202896089 28.3531328444 26.8929364139 27.9078219979 26.6605885189 27.1811005787 26.5040047264 28.5282390101 27.0739625918 26.6318639931 28.2539008535 27.1560312645 27.119635922 28.6203754652 27.4580949651 27.4726010053 28.335296133 26.7645310167 27.1983316555 28.0808208887 28.1452576878 27.3298148396 28.2389930042 26.6940877597 27.8740171249 26.8194094938 27.3885861707 26.621397406
26.7990892654 27.3632082509 27.7684324726 27.2651823729 28.1144980643 26.8757862263 28.3700909481 27.6175482581 28.0417317023 28.6186119805 26.5890251295 26.7787018585 28.5310422877 28.4738764563 26.598628674 26.6997140843 28.2437169949 27.2371259142 27.9382669233 27.6770942224 27.1336510349 28.3088683186 27.6159570442 28.3719535481 28.2926321278 27.8491741917 26.6404196798 26.7072181818 27.5038688503 27.0962652689 28.2782539422 26.8526994992 27.494478054 28.5553395708 27.3742724091 26.8247437982 28.4349890955 28.4990575601 27.7171510256 28.5602091215 28.108984911 26.8117249579 27.2876496458 27.2703329099 28.1561135258 27.0570969772 28.1591415749 26.7486829889 26.5343595579 26.6971160738 27.2355362136 26.9319623405 26.562658585 27.9731112116 26.5346834308 27.1005588233 27.3596677568
28.3949448423 27.4034657126 26.5855880215 26.9218347406 26.9580804993 28.5534450745 28.3706405823 28.1443729752 28.5657390209 28.5341692769 27.3040609292 28.3211111118 27.1360082626 28.4142194484 27.7852953517 27.7434740158 27.1467698026 28.1449845353 28.1131504915 27.3659402121 26.6642130821 28.3693141551 27.4091273525 26.9430220152 28.2837735939 28.3675130251 28.0541204443 28.54201423 28.5683659614 26.5889099463 28.2096536014 28.5507860134 27.4544358104 26.5344642184 27.1700894545 27.6128459183 27.0816058805 27.8739319041 27.0533286569 28.5098857311 28.1833824691 27.8166288065 28.5125307506 28.4337163517 28.5809404987 27.8958407693 27.5189613047 28.4083037727 27.8390808565 27.6907877482 28.3418564241 27.861636735 27.3410282974 26.8091387939 26.7407086573 28.4325478597 27.1143791554
27.6345048955 27.6513224573 27.6710349304 28.3685515488 27.2692523085 27.4901820101 28.3640393995 26.7518046403 26.6260463568 27.2885970824 27.9228778219 27.5888351024 27.004135722 28.3017881409 27.5671173191 26.7641108039 26.73492866 26.7222002608 27.4511800425 26.7546020424 27.2997116843 26.9235813236 28.313368263 28.5308923468 26.8765456641 26.6958725113 28.1216548856 28.2907323819 28.4765745943 28.2131572865 28.3535050693 27.1393283447 28.4707524445 28.1087139348 26.6129879687 28.1228903363 28.0731595847 26.6877076378 26.9293945151 26.5842513899 27.5574058563 27.5088259007 28.0847524887 28.5983974405 27.873108325 27.1735022028 28.2484561902 26.6565377988 26.5888339563 26.878508438 27.7492209538 27.8665751684 27.9892493594 27.2971121743 26.742739517 27.3348104396 27.5539142419
28.3367542273 26.6618436673 27.027267457 26.8586901789 26.8944345722 28.1271414084 27.3121000651 27.5699133334 27.4890698576 27.8569068013 26.7621070786 28.3491385331 26.7643623762 27.0206308029 28.0935597666 28.2616394337 27.7335032081 26.8481200424 27.729718491 27.8464177286 26.562712321 27.3377155068 28.2970551196 26.7384869726 28.4111747106 26.9110183981 28.241675833 27.9104290986 28.1990930715 26.7158445971 26.8515932591 26.8022284777 28.2151131278 28.0570348986 26.7128898764 28.4055535046 27.0485405075 27.0987282129 28.5228775192 27.549724348 27.9978988032 27.4363046942 28.1580534569 26.8652642138 26.5854493825 26.5853116562 28.0194279146 26.5877983659 27.2245116345 28.5867190939 27.7165709196 28.0008502825 28.3311811166 26.5676695035 26.9138850776 27.8893806216 28.3214294947
28.2650807071 27.3117126615 28.0055414312 27.140863643 26.7552515388 28.5827398315 27.4959391523 28.1720783311 26.8401014509 26.7488732185 27.8530282588 28.3573924063 26.7491895716 27.412689529 27.3966229861 27.1294524408 28.4062420677 27.1185065261 28.0664098041 28.1159276548 28.3674865664 28.3121148817 26.5249388109 27.1009389943 27.320407135 28.0121836478 26.9181242918 28.1772444633 27.3598943058 28.0722228685 28.5012665681 27.2397168839 27.1125727085 28.4093517464 26.8063398738 28.1126130272 26.9388889767 27.1492014438 27.535708847 28.5764261016 26.5967412014 27.0658134698 27.4100975716 28.5009014854 28.350964112 28.0836357648 27.5477319737 28.4847469696 28.137849258 26.5618174676 28.2591848551 26.7520778327 28.5604412396 28.5275723679 27.91939403 28.4414476531 26.5881817636
27.4136918487 26.9313684409 27.8959770863 27.1927864678 28.2499147286 27.9050331107 26.5399158615 27.8972276995 27.1336054059 27.5890730471 27.4003244527 28.3048361631 26.7170622521 27.2889612378 27.6270668144 27.0065114877 27.9378278513 26.6783839905 26.5771920509 28.0981645777 27.9280964805 27.5450964778 28.0931695136 26.8682965564 28.1817407961 27.4914534433 27.5724594147 27.323463671 26.8430190817 26.7579350264 28.4009614184 27.1976478335 26.846562064 27.09749379 26.5260564733 27.8691107089 27.7521768918 27.0423004548 26.5720059263 27.8224177018 28.067062159 27.4322271508 26.944991634 26.8660659916 26.7406879252 27.3353058566 27.6628086891 28.0130709773 27.2199450921 26.7368463056 26.504242781 27.8930319926 26.6924377104 26.8618788612 26.8911961214 27.9464030792 27.7477647207
28.5919686916 27.156947709 27.8989732779 28.3267098848 27.9507710322 27.6056041248 27.0519073142 28.5328558821 26.7670594547 27.4168677229 27.8508999061 27.2619523064 28.4436946114 26.9327651911 27.2614771961 26.9233204475 28.514630556 26.7663702523 28.3616425773 26.9606332918 26.867148566 27.6610262442 26.9788021679 27.3368268096 27.2931001225 26.7260154118 26.5793955544 28.3616766338 28.3000019192 27.0494869715 27.6323438419 27.5961024868 26.9474501684 26.9887079064 27.9699862915 26.7272849312 26.7843984639 28.4182382756 26.6749353464 28.446130468 27.8127111661 26.7965285267 28.4541033976 27.1248221259 28.0794868336 28.1729869014 27.1617149757 27.2687906336 28.6200958416 27.4394151734 27.1463358627 27.3517299058 27.500110569 27.2325716736 26.8178148647 26.8338558698 28.1474232462
28.3883925818 26.6803199448 26.9679664786 26.5393145847 27.2625735064 27.0077137479 27.4240934769 27.4113037731 26.5866562774 27.4033775289 28.5836489438 27.1174489962 27.8068168005 27.4664251283 28.2585205883 28.4797393222 26.9679918837 27.0637483544 27.8790547164 26.638046922 26.8315153581 27.1103929541 27.7262484587 27.1264091124 28.5124221143 27.7479407997 27.6307648051 27.83801472 28.0598351923 27.3434284517 27.1589754098 28.0651635577 28.3944768841 27.4787751399 27.0126322016 27.887685236 28.5238737783 26.9655086264 28.5627435205 27.425199456 27.7958039973 27.0450605566 27.0772452996 27.8643782499 27.6514075032 27.5671254121 26.5344956723 26.9359684027 27.51811982 27.5578112038 27.2051026001 27.6428002371 27.5323681628 28.3166021623 27.5211556406 26.7241220172 28.6064569809
28.1989072331 28.3716296942 28.3912756525 26.9138975801 26.9586200123 26.503611407 27.724904008 26.5131612067 27.1714734564 26.6646455711 28.2779908668 26.6168688195 27.8837334859 27.4528460644 28.2088074975 27.1579574112 28.3976962531 27.8692700438 27.761176612 27.6775332534 27.3486209816 26.5574372564 28.4532140495 27.4514622805 27.3198659518 27.3549171233 28.1905465232 26.5693411469 28.1433102064 28.0429871356 28.5655807828 26.7713134222 28.1933053594 26.8579256456 28.4469505796 26.9933133125 27.2564922078 26.9496958531 26.5598880728 27.8243646385 27.0263065482 28.249324736 27.4639884538 27.0106546018 28.2599556312 27.360114596 27.9847245284 26.9624660206 27.1029920233 26.6195315492 26.7000461261 27.0699997404 27.2034586521 28.3248256012 27.7707758384 28.0904943708 27.3962582052
26.5894953731 27.2683247545 27.0672002482 26.9802262244 27.8869366834 27.1846481433 27.4119997127 27.8243367662 28.26197328 28.5586449275 27.9567481837 28.2374235978 27.718085678 28.5364017976 28.3669682334 27.6070694967 27.3074561924 28.2630283923 26.7225278394 28.5580643845 28.4889545706 27.9628155755 27.1859505006 27.0002549508 27.0936798492 27.7199121615 27.6400551386 27.1967798178 27.4726683441 26.5452291202 26.6734672677 27.4517799043 27.4094701239 28.4431144221 26.9155793446 28.4797930545 27.9770883713 27.5278208063 26.7663615705 27.2794820232 28.0643158754 27.6822822717 26.7960459815 27.2900549038 28.5884186483 27.1332583216 28.3817984891 27.0093796177 28.4187378555 28.0493825689 26.713838516 27.7509940136 27.1230595209 27.9876062988 27.072529853 27.2223183056 27.1069215743
27.5868793803 27.4435799105 26.9958160942 27.995060739 28.0730156855 28.5660167495 28.5274966036 26.7482038892 27.0214587939 27.8392974719 28.227092268 27.6153889664 27.2003652141 26.8210577029 27.8874058967 27.7729327388 27.6996194429 27.7032724242 28.0303127995 27.0714102317 27.4352101159 26.6785539044 27.953057351 28.4656969637 27.7205284165 26.8036852283 27.9214521156 28.2341364801 28.6175957293 28.38032282 28.0874994608 26.6912546396 27.2804078875 28.5694580939 27.7760712723 28.2324518685 28.1087789723 26.9947337697 28.373013698 28.2736494333 26.5844958897 26.7006056282 28.3086836243 28.0401888477 27.3705345365 27.162865766 27.2796261244 27.7623192672 27.973600907 27.6010746488 26.6508704241 28.3073668569 27.462849985 27.4073175912 28.0826250256 27.1251433363 27.7120808859
27.241184323 28.4877564432 28.3425892574 26.8480201268 26.647125091 26.664152606 27.4506377987 26.7764444317 28.0379689755 27.4974520302 28.3984584637 27.8027193681 27.562294643 27.404004228 26.9780077476 27.8667875085 28.141355764 27.0899357872 26.5943828039 28.3848491038 27.7505811089 26.5894873075 26.9391737576 27.0261693047 27.1355399414 26.7112200201 27.4267372488 28.3360161942 27.4043044138 27.9592181504 27.3686646964 28.3061262388 26.6978222844 27.4003638123 28.1960051089 28.3648026165 28.3311199932 27.6929025766 28.0550743785 27.3122947905 26.5057176755 26.7764032011 26.6958147536 26.9540371033 26.7589903488 28.1467153064 26.8698037992 28.2523347853 26.6000473031 28.5574805075 28.4509290203 26.8369728226 26.9256513356 28.2173329604 26.6972168383 28.2086976684 28.3616194207
27.3824199695 27.7177157849 28.3225968698 27.194193529 26.7062256724 28.2532580694 28.2574167963 27.3367242507 27.7634414112 27.956744513 28.3812635878 26.7155729289 26.5104146957 27.9972481497 27.929638362 28.0603044699 26.7049299051 27.015556443 26.6088607413 28.4513447843 28.2647067831 27.3873607668 28.3199092482 27.8337111746 28.4863728854 27.4549127452 27.7952985738 27.0430778262 26.5952984757 27.916737061 27.672789812 27.5670708748 27.9194915599 26.7314507443 28.5528036976 28.0859803016 28.0768109301 26.8741263327 28.3384891872 27.9204879152 28.5152664661 28.3192643147 27.985648716 28.1235919749 27.7545855601 28.5670109046 27.9837389653 28.139663096 27.3739971696 27.1565444348 26.7930217296 26.7899582483 26.7743267247 27.4894370335 27.2972095407 28.5067981855 27.6044359575
28.4212471422 27.9089981592 26.6032844947 27.5878762789 28.1657247449 27.1533007952 26.8246555694 27.7985696025 28.3563432222 27.9061765263 28.2015382041 26.6105624288 26.5353199431 27.9646295788 27.8120207846 27.1183197735 26.610068804 26.7912588422 27.0631736039 26.5210617102 27.2567484732 27.1668522448 27.5537537526 28.3008405525 27.5762196278 27.6297061187 28.3602314275 27.1028417252 27.4779402471 28.3679411213 27.0123413943 26.5960373594 27.8773453739 26.8255202209 26.979979014 28.3536217046 27.238180327 27.0221047053 26.6861514123 27.1038379245 28.4940052814 27.5722722885 26.591669787 28.4451553281 27.0235044802 27.2606414134 27.2782555418 28.6142855521 27.9347394141 26.833206067 28.3203271694 27.0370859338 27.03266729 28.2360199828 27.0043297028 28.4930021787 28.6005789364
28.0557779745 27.6455877133 26.5884529678 28.0229981068 27.5235862969 27.9976816482 27.7782072465 27.4425326252 28.2153161566 28.1920974813 27.9823908604 27.7930786454 27.8998012347 28.1101925816 27.123184714 27.9210514888 26.6792299055 27.7655199331 26.5965436356 26.8666252231 28.3126282494 27.9951928158 28.0821829393 26.7586876964 28.6164945537 27.6373809888 27.3307621396 28.4627671118 28.286474828 27.3978192122 28.3723650901 27.8198013737 26.8130474518 26.6734642225 27.972345007 27.7101072995 27.1881270175 28.3752942537 27.3513261674 26.6834010981 26.6525793768 27.7353975406 27.2722403631 27.8687085482 26.5757944652 26.6043722264 26.5835324795 28.3429589868 27.4748779422 27.1664607055 28.4126000025 27.0871600355 28.2335797877 27.2831071133 27.9972503316 26.9393754109 27.9008470949
28.14713641 27.8787968671 28.127951156 28.3894840824 28.0035023893 28.4864353067 27.3138578465 28.1822272217 27.9998099415 27.2316421892 27.609400403 28.4474926188 27.6217496016 28.2291707529 27.7866151754 27.3739899591 28.0812258554 26.6882066691 26.7725546569 27.437369476 28.0083004659 27.63705568 27.7849430015 27.1057077737 28.1024949774 27.5555954175 28.1356390326 27.6744825711 26.504057896 27.467196542 27.2063832889 27.3044087201 27.7032860623 27.5859950575 26.756640371 27.5122288177 26.7744256014 26.5058366967 28.4507112433 26.6949289976 27.974952502 27.9904790877 26.9266012822 26.6375671285 27.7096759144 27.2585140902 27.6433418098 28.6152537842 27.2993133193 27.9498508174 28.1062479249 27.4335348449 28.411981336 28.6114059564 27.3191522282 28.0146934226 26.6299554928
28.6157175932 28.2567210984 26.755498503 28.1596714289 27.0537153554 27.8891262513 26.9393614034 26.6021142987 28.2635764116 28.2108512319 26.5663743779 28.0671074646 27.9277276345 27.6787077656 28.4633313912 26.8427393083 26.5198900476 28.2424889552 28.237053796 28.5628908028 27.882330715 26.8820476048 28.2864015215 27.0028775766 28.412641455 27.0553790475 26.5892373163 26.6714880912 28.2844686915 27.3252768534 27.4810762209 26.8194989091 28.3335731447 27.0122022932 26.9871339038 27.5263978794 27.0628961243 27.7939857782 26.7988464064 28.5187064211 26.6224367659 27.7294787666 28.4977278208 26.8411482589 28.3096207391 26.8430595841 27.4340407448 28.0826385375 27.8971360096 28.1710463159 28.0240601878 28.5928494875 27.062092344 27.099157986 28.2506730507 28.3077023577 27.2194390733
27.7761547099 27.0436255644 27.3300920237 28.2872109904 26.8159546353 26.8147685899 27.7321711791 28.3092354169 27.247650453 27.0598395853 27.645172594 27.7463699473 28.0867104079 27.5318391385 27.1275125426 27.0432362286 26.7045668733 28.0153882895 27.8954990171 28.5180332289 28.2093473653 27.2155966583 28.4663788232 27.0315507905 27.859780774 27.7680678987 28.0787507345 28.1812429612 26.6182709076 28.4851525673 27.8595672713 28.498418173 28.059543586 28.3815251749 27.9096855105 27.2749956712 26.5664679589 27.0714379574 27.6762005177 26.7724377737 27.7745132433 27.3750380942 26.9957528657 26.554239936 26.9199467665 27.5965849602 27.7615154485 28.0381241334 27.6444573177 27.9452247772 26.7465140848 26.7228317523 28.3757911748 27.1139602699 27.8357631047 26.8698993326 26.9021774237
26.5248800123 26.533813817 27.6217222801 27.7857722547 26.8560837119 28.5741287804 28.1729468703 27.1781941183 26.9314076905 26.5192200837 28.0452293186 28.5729915832 27.2984928822 28.4274929186 26.5097614304 27.616517614 28.3613910204 27.7151425161 26.5506839626 27.2272348265 26.8072725309 26.5480626018 27.765877019 28.2700742311 27.966350677 28.1001772629 28.2845998912 28.0029323145 28.153343642 28.1790718155 27.8481778538 27.8793237939 27.2120005853 27.2617941711 28.3653894858 27.8608991483 28.5583243441 27.0930423065 26.6499689017 26.6505407696 26.7065742267 27.2617213263 27.524953727 27.1014611121 28.0487952765 26.9114431601 26.7260578979 26.7296508036 27.2455097531 26.8155300861 28.5429534438 26.9830277989 27.1068816663 28.2380678611 26.5426457632 28.4558966623 26.5267922286
27.7423829094 27.8008395868 26.9123771457 27.0439169603 27.0710918746 27.2707846277 27.0822498845 28.3513814249 27.8900888478 28.5757314201 27.8744126206 28.2147074596 26.8897340331 26.5811835999 27.1664491566 27.1753758777 26.97147379 27.5469312289 28.2546053051 28.1244945202 27.874013868 26.9161124232 28.4542730517 27.6881558038 28.2775768466 27.1455243641 27.6295714732 27.9890501545 27.3433334093 26.6368116111 27.3986609934 26.501829026 26.6459431415 27.8664302262 28.498605446 28.3921933804 27.034175411 27.0059391247 27.5653536542 27.0159854276 28.3753142483 28.0962430908 26.5062418357 27.7618774016 27.3625058428 27.023432033 28.4898729481 28.5396147044 28.4189352765 27.8311258829 26.5962066614 27.0247280349 27.8527553038 27.6364250225 27.7288930569 27.1872544597 27.8809034812
27.0179342125 28.1928812547 27.9070374516 27.1360974991 27.2786650876 26.9590902259 26.8606749163 27.7525969409 27.6434448295 27.0346673139 28.57186777 27.0118090743 27.2311136559 27.0526161919 26.9000038348 28.5388662825 26.7347553114 27.887139325 27.5190422524 27.3912073129 26.7948877916 27.8295098007 27.3971249868 28.3640188189 26.8030503656 27.4438792321 28.1076079791 28.1287958693 26.8811945412 27.7438509558 27.5842415516 28.1090178157 28.515015481 27.3131676141 28.5386929369 27.5645773842 27.0593897003 26.8247753431 26.5023112713 26.9212450381 26.8640236011 28.6128211673 27.7313402677 26.6314719787 28.2356039883 26.6230902767 27.8624910568 27.8214541486 28.2937929561 28.5123220424 27.9820392924 28.0978860655 28.4124502121 26.8897638052 26.5950318087 28.3778712334 28.4237691007
28.1483782964 28.5323244729 28.057646988 27.6871185433 27.1270388964 26.674507375 26.682315216 26.5389197827 27.1841718487 27.6067915127 28.4687123421 26.9165205617 28.5008359034 26.5268160072 27.7486708314 28.1093918275 27.8624695792 27.855609767 28.2431170831 27.0012466826 27.3179525085 26.955257205 28.3755286385 26.5852080874 27.6754465036 27.704882321 27.9639864028 26.7156262495 28.1907908808 27.0946448065 27.0951519256 26.9736572216 28.4847603389 28.0819108919 27.3330947038 28.2836696917 28.4190028497 27.0986200954 27.0238919294 28.0261368127 28.1563666118 28.1481886719 27.996850497 27.8092985569 27.9518377005 27.3905964091 26.781005092 27.0247603609 26.6132111356 28.4109707786 26.5349436989 27.7046390517 28.2303788893 27.0613592355 26.5703966617 27.7803889977 28.1563566384
