Spatial_Output/DEC/DEC_1150.asc
NCOLS 155
NROWS 192
XLLCORNER 196307.867259
YLLCORNER 449144.565805
CELLSIZE 33.573938
NODATA_VALUE NaN
[rows 78 to 103 of 192, columns 0 to 56 of 155]
0 0 0 0 0 0 0 0 0 0 0 0 0 27.9731969439 27.726881489 27.5447328142 28.0446862602 27.9793682131 27.7111957257 27.5195016826 27.954028005 27.7975593807 27.8979019951 28.1903888721 27.5276073399 28.1420065082 27.6833137125 27.6330769949 27.5702989926 27.8705566622 27.6919675913 27.5835537469 27.5237010154 27.8757121688 28.0035795242 27.7979322187 28.0942491169 28.1497700101 27.5445076258 27.8743697215 27.7178249178 27.9588710923 27.8577010434 27.9409565916 27.8980049235 27.787228313 28.2009080401 27.5639768892 27.7045921605 27.9826402877 27.8989922066 28.0119319178 27.5362369635 27.7194804196 27.8361215413 27.8481193602 27.8093663526
0 0 0 0 0 0 0 0 0 0 0 0 0 27.9934230035 27.8479808208 27.6573962982 27.9078707783 27.7414183727 27.9239663188 27.5104835139 27.9409312452 28.126103219 28.0173553418 27.6109860399 27.9535236754 27.5488500117 27.6194025298 27.6176353278 28.1011900662 28.0181228403 27.9503844556 28.1570439188 27.8734234898 28.1849240509 27.9162321898 27.5429185644 28.0711203889 28.0686822974 27.5126165624 27.5880316761 27.6252222973 27.8523445098 28.0042310167 27.6495043263 27.7906674568 27.7635367302 27.5383090711 28.2016306217 27.9285767036 27.9720541277 27.868269988 27.6358508118 28.2057094484 27.771583824 27.8875477707 27.7021692779 27.6435677987
0 0 0 0 0 0 0 0 0 0 0 0 0 27.8261489961 28.1646355797 28.06641893 27.6045290018 28.0510754497 28.0100284354 27.6137252107 28.1408673971 27.796518671 27.5132997285 27.8483227751 27.7605599453 27.6556764098 27.9062331143 27.505223596 27.823654211 27.9307158218 27.9385270394 27.5674156967 27.9185277004 27.537014505 27.6808444482 27.6294242448 28.0729192429 28.0719400736 27.7344883571 27.7648020398 27.9501176296 27.5312152802 28.11647792 28.0115231995 27.7914030192 28.1975773513 28.1484155232 28.0395266592 27.5139048611 28.1165106978 28.1180778 27.580969439 28.1909877717 27.7828661777 27.9637219235 28.1419881692 28.1176944384
0 0 0 0 0 0 0 0 0 0 0 0 0 0 27.7425190145 27.7337427336 28.0708687938 27.8027560135 27.6889123162 28.179674238 27.8180566935 28.0702587969 27.8566508653 27.9526922629 27.9001910735 28.1985066095 27.7014654881 27.9951369871 27.9753723736 27.7305588709 27.6531350981 27.9784926915 27.9693944498 27.5082238307 27.9800153785 28.1648270371 27.7162035655 27.63700405 27.7200318294 28.149900672 28.1903200898 27.8758366424 27.9334226249 28.0404199738 27.7692676067 27.6989441295 28.0529795947 27.6812641018 28.08123431 27.6036260166 27.8134273734 28.1704822091 28.1055479842 27.8688306495 27.6434995656 27.5977698385 28.0102309308
0 0 0 0 0 0 0 0 0 0 0 0 0 0 27.7593354446 27.6539393866 27.6991290964 27.5543269881 28.0855226001 27.9551001367 27.9641418787 27.8023733863 27.989579617 27.7768893648 28.0548630759 28.0049537376 28.2065836585 27.5428820001 27.8582940811 27.5032409213 27.8893769335 27.8967339209 28.1967263282 27.6104567515 27.6100789257 27.7662484654 28.0600547192 27.686166083 27.832238806 28.0351703419 27.6131586685 27.8577224909 27.9628983418 27.7399878724 27.683020958 27.5734764969 27.5699667906 27.7409211229 28.1945071809 27.711927273 27.9939909558 27.8715020702 27.7138434487 27.9011368863 28.0383737794 27.7250285759 27.6847738213
0 0 0 0 0 0 0 0 0 0 0 0 0 0 28.2008612701 28.0992563877 27.6754567561 27.7128189496 27.8438406844 27.5099976356 28.1842233787 27.9493917074 27.8166130594 27.5802259706 27.7195275658 28.0935215453 27.878951446 27.652014676 28.1253336699 27.9563684729 28.2049147732 27.5005657848 28.1731729211 27.5345561921 28.0217911855 27.5441484364 28.103218129 27.6920794339 28.1917203463 28.1093092876 27.7935588937 27.9521555428 27.7720920015 28.0843432186 27.961453693 27.533861221 27.5307299212 28.0516383848 28.051788232 28.0004352784 27.9540763204 27.6767973404 27.9656984006 27.9178167318 28.0562976203 27.6292617917 27.8995412305
0 0 0 0 0 0 0 0 0 0 0 0 0 0 27.879427048 27.6623948191 27.9785055948 28.0104125808 27.6322687669 27.5597267276 27.6520929798 28.052405785 27.6896267712 27.9976252105 27.8418946488 27.6267010863 27.6853426073 28.1193895415 27.7866837959 27.9903940713 27.7198158535 27.5324438047 27.8934912984 27.7659804503 27.9720734972 27.7514212812 27.5365829589 27.5583728937 27.7658819943 27.7585942782 27.7445906136 27.8924205706 28.154030008 28.147376288 27.7749975885 28.0497890777 27.6603391617 28.0413706576 27.7760352374 27.6260728911 27.5506094567 28.126077677 27.8812114556 27.599767927 28.0548913314 27.7233197729 28.0221982373
0 0 0 0 0 0 0 0 0 0 0 0 0 0 28.2061129877 28.0805952472 27.7455247011 28.2008952918 27.7734089744 27.9488200096 28.1541017738 27.9124926475 27.888911373 27.5720971583 27.6176382039 27.7084102709 28.1668358518 27.5872333434 28.1355973856 27.5783190809 27.6546225396 27.8362216151 27.9650523102 27.9534207615 28.1934575519 27.5571841735 27.6523839087 27.8625127972 28.1323557726 27.6417442445 28.1935809738 28.130780352 28.1373570229 27.605609833 27.6900999784 27.5331919035 27.9581775624 28.0720512541 27.7542482224 28.190614655 27.7917995727 27.9143612051 27.7715575595 27.9997071762 27.7134174783 28.1921991887 27.7068949203
0 0 0 0 0 0 0 0 0 0 0 0 0 0 28.0963110434 27.6407542372 27.5788414704 28.0453472079 28.0464808445 27.5507615055 27.7236873657 27.8849121889 27.7303960216 27.8394189966 28.1368457894 27.6294740502 27.6484570413 27.8094697513 28.0827967318 28.0790635283 28.1485677394 27.5176553978 27.8740164814 27.7761673565 28.084512638 27.8743400324 27.7793481574 27.7529444943 27.9481715002 27.540112628 27.6708295066 28.1914617441 27.7258501896 28.038562119 27.7447616564 28.0961303189 27.6946557746 27.7105634107 27.5700105323 28.1604484259 27.9229264848 27.7425769811 27.7566756397 27.5520768961 27.9380878429 28.1015018674 27.5713700618
0 0 0 0 0 0 0 0 0 0 0 0 0 0 0 27.6276484134 27.632393102 27.6121519762 27.8140739088 27.8819936343 27.6882362272 27.6507601119 28.1451157979 27.5335453619 27.5636080739 27.6831556222 27.7996371294 28.0733456082 27.7832980503 27.5597143103 27.8501424752 27.6323409523 27.9608652365 27.6592106236 27.7638675043 27.5424297127 27.7734853918 27.9597269833 27.9868325398 28.1994718399 28.0983736147 28.0375488147 27.6945925889 27.5878667349 27.6940811398 27.9606286348 27.827116205 27.7387608952 27.6896465512 27.6900291643 27.6892534665 27.7324817152 27.9482215399 27.8818696984 27.7513965022 27.9140164165 27.7887354826
0 0 0 0 0 0 0 0 0 0 0 0 0 0 0 0 27.5939003447 28.1167161191 27.6899009472 28.118167293 28.1747525171 27.8077754485 28.0784265957 27.9075227629 28.0711461382 27.9857148452 27.5358045847 27.7746838784 27.5646439436 27.9659324867 27.5699354715 28.1572693762 27.9576197963 27.8918520238 27.9645493499 27.8208969891 28.0854849518 28.0576273882 28.1884446714 27.9496992985 27.9531022502 27.9587506125 27.5202768884 27.9158717797 28.0859926624 27.5630978419 28.0418242849 28.048787488 28.1915737708 27.9696391663 28.1615959599 27.7516802586 28.1309431971 27.5141433548 27.8749046519 28.1071527493 27.830036545
0 0 0 0 0 0 0 0 0 0 0 0 0 0 0 69.7571762143 20.3144227029 27.7513361249 28.0549853135 28.0370229667 27.5215238013 27.9701604504 27.5094632313 28.0074636368 28.1197528668 28.1577613054 27.7037101646 27.9087463911 27.6286533746 27.5871908593 28.0550651177 27.8823076748 27.9794360296 27.7247474827 27.7016457862 27.6676523814 27.910640905 27.7557500941 27.9016527402 27.5029309859 27.6083315041 27.6184064011 27.5162530538 28.1107448182 27.5227296959 27.6264135778 27.7957941603 27.7588194355 28.0450507861 27.9622792531 27.8882689247 28.1737609601 27.7918019946 28.0329867183 27.5198155203 27.5748601957 27.7543212189
0 0 0 0 0 0 0 0 0 0 0 0 0 0 71.1128159093 71.1128159093 69.7571762143 0 27.8642281171 28.1450650458 27.7359062904 28.0077022786 27.5599727754 27.9918997192 28.1087688976 28.0462738719 27.7263908167 27.9157718118 28.0793363315 27.6506550966 28.0848195631 27.8618620548 27.591657784 27.5676939726 27.8161423051 27.6748115123 27.8631390398 27.9594536142 27.6510286521 27.6814168441 27.9195738821 27.6998448496 27.735239351 27.8603599554 27.5173068697 28.0833750583 27.7551168514 28.1269123167 27.8531343743 28.1700949792 27.8071864307 27.745095367 27.6111567363 28.0875998553 27.9294499645 27.541275803 27.8011091297
0 0 0 0 0 0 0 0 0 0 0 0 0 0 71.1128159093 71.1128159093 0 0 0 27.7666774112 27.9748796479 28.0875864179 28.1744468955 27.7603169905 28.1692089356 27.7150769007 28.1728986735 27.9281721556 28.0174279451 27.7584971688 28.0833757608 28.201246155 27.8961935849 27.614022538 27.5884773144 27.8285649927 28.0033058755 27.9876157768 27.8075796853 28.0691076591 27.9379417028 27.6566983317 28.0554364522 27.5461234747 28.1923600744 27.9856614495 28.1533092645 27.937688167 27.8936005499 28.1925040646 27.6714860925 27.7105816146 27.5699063787 28.0828249459 28.0190957056 27.6280374913 27.7745379004
0 0 0 0 0 0 0 0 0 0 0 0 0 0 0 0 0 0 0 28.1522196541 27.8674684214 27.7966368203 28.1848778876 28.0208800638 27.630916516 28.1992743494 28.0252402407 28.0692919819 27.6521610361 27.7007655796 27.6113632697 27.690296898 27.7186180676 27.6540822751 27.7113824092 27.8291578576 27.5279234554 27.5090770033 28.1363774495 27.5113855604 28.1278851826 27.6021788301 28.1559564715 27.6845730921 28.2002596247 28.0368129991 27.566225658 27.8222873574 27.6492537223 27.9205728718 27.8947781869 27.6128489906 28.1997963259 27.9836654173 27.5189737502 27.6716372056 28.1190396193
0 0 0 0 0 0 0 0 0 0 0 0 0 0 0 0 0 0 0 0 27.5751316568 27.6500474159 27.7862261287 28.0992865967 27.6813387856 28.200089573 27.5918710554 27.505689344 27.5190634659 27.9509613895 27.5494379529 27.7413544166 28.0891122111 27.7818357195 27.6111690873 27.5665767745 27.786310313 28.0775907116 28.1786265722 28.1738871963 27.7998500983 28.196299594 28.179672248 27.9785365589 27.8793546483 27.7413901746 27.83900508 27.7778382988 27.9793644217 27.9929444347 28.1177801722 27.6681221885 27.9698847071 28.1793839743 27.9619373182 27.5107169643 27.8518586883
0 0 0 0 0 0 0 0 0 0 0 0 0 0 0 0 0 0 0 0 0 0 27.7443707796 27.9273261372 28.0775706781 28.1753330752 27.5919644696 28.1161942129 27.9108093034 28.1232100906 27.8827496207 28.044873453 27.8525610963 27.7392969008 28.0156822696 27.8835826458 27.8019797545 27.9449260551 27.6451525881 28.0454338536 27.8698886507 27.8554245092 27.5844769672 27.5929317036 28.1737279982 27.507436805 27.5341717938 27.6488173203 27.8615727161 27.8469706623 27.9092727975 27.7125789325 27.9996200165 27.9795032188 27.8994464085 27.515203027 27.5320161491
0 0 0 0 0 0 0 0 0 0 0 0 0 0 0 0 0 0 0 0 0 0 27.9380224516 27.7884629551 28.0005993507 27.6811946405 27.900683677 27.693602817 27.8536680097 27.8551893475 27.520667841 27.8657622438 27.5964769075 27.8581310042 27.8025762158 28.1412906622 28.0592273121 27.8654650246 27.934124639 27.8279567958 27.7834411128 27.5157520824 27.6537116627 27.7200833179 27.7846819113 27.8761064908 28.1585243753 27.8845547567 27.8026517294 27.9305826426 28.0086500928 28.1752227013 27.8168035506 27.5991157398 27.9175662215 27.7733947713 27.7828472861
0 0 0 0 0 0 0 0 0 0 0 0 0 0 0 0 0 0 0 0 0 27.7515016018 27.669260424 27.7751122571 27.7142539722 27.5220302583 28.1336413952 27.8189552487 28.1885263904 28.1967285179 28.0527279798 27.7756383601 27.9344264417 27.9160272369 28.1061425749 28.0460019615 28.1431725858 27.8179986309 27.58765742 28.1159552594 27.7817119135 27.7217651011 27.9224699732 27.8151956633 27.9599116275 28.2049919493 27.7347005648 28.0028172808 27.7796425669 27.9943285414 28.0220426741 27.8617094911 27.793232926 27.5146895657 27.6471733422 27.9711346826 28.126356057
0 0 0 0 0 0 0 0 0 0 0 0 0 0 0 0 0 0 0 0 28.1713332535 28.1709980211 27.7843043673 27.7706310616 27.6407309916 27.8290111785 27.9401574755 27.9119306635 27.7683662399 28.1192751935 27.992953589 28.1153961076 27.5831600794 27.8639788081 27.5974952781 28.0735172508 27.5839116234 27.9110795784 28.0055007736 28.099316348 27.9577040618 27.846056989 27.8083899311 27.5674834692 28.0198580314 27.694174689 28.1683518346 28.1110162792 27.9557867533 28.1824304823 27.54046672 28.1127711038 27.683838269 27.9502701258 27.6590391005 27.5851715624 28.1322524349
0 0 0 0 0 0 0 0 0 0 0 0 0 0 0 0 0 0 0 27.7092049773 27.9203424368 27.5677865437 28.0143505405 28.137987 28.0452768583 27.855017612 27.968279679 27.8497418928 27.649490128 27.5556734807 27.848788903 28.1286234036 27.7548831079 27.6934655292 28.1745882176 27.6601701991 27.5235341408 27.6434515186 27.5085705834 28.1444790124 28.0755187386 27.6663959367 27.6212838755 28.002603111 28.0090542152 28.0990999877 28.1996531362 27.756610255 28.0016567368 27.8266869737 28.1076693984 27.7191125002 28.1178681038 27.5726311485 27.7879167655 27.8714794228 27.7865278719
0 0 0 0 0 0 0 0 0 0 0 0 0 0 0 0 0 0 0 0 27.8472312331 27.60580336 27.8530236047 28.1430749209 27.7280254942 27.6604749831 27.8693923662 27.8449092504 27.6195068979 27.9404642661 28.0748031987 27.7034542862 27.872084914 28.0973646454 27.8596502172 27.7392705861 28.1128927311 28.0711882854 27.9751744884 27.6454459191 27.6996119537 28.1230581884 28.001207429 27.790503723 27.6503448143 28.1453021243 27.9076226634 28.1958599492 27.7158674338 28.1585204096 27.649684874 27.8226705421 27.5325188498 28.193192148 27.8741701452 27.9033286464 27.6308407923
0 0 0 0 0 0 0 0 0 0 0 0 0 0 0 0 0 0 0 0 0 27.9574077806 28.0463325617 28.1252109981 27.9616877736 28.1022212215 27.8707278655 27.9507533244 27.7744516169 27.785240273 27.7710658385 27.7387898452 27.5282928294 27.5907833551 27.8551943024 28.1694210091 27.941900805 28.1067974928 27.8689543566 27.656160728 27.8822088436 28.0061875421 28.203691206 27.941190798 27.5870077684 27.5987211188 28.1126888866 28.0986156311 27.8047902065 27.864102705 27.7896358746 27.9535966315 28.1244867047 27.956610423 27.8861491904 27.7516164926 28.1089503231
0 0 0 0 0 0 0 0 0 0 0 0 0 0 0 0 0 0 0 0 0 0 0 27.7199897512 28.0742642779 27.6366890668 27.9959810558 27.8850812619 27.8154276132 27.9198188833 27.7308492614 27.8732806652 28.1230206325 28.1051832957 27.7568778786 28.0235653554 27.6339495695 27.8565367554 27.631686772 27.7171214204 27.970988934 27.8534884915 27.8962398346 27.6538521084 27.6848355312 27.9801897993 27.574945565 28.012849247 28.1438733555 27.8045398641 27.5751178606 28.0904897202 27.6999476259 28.097468134 28.0073899872 27.9084905511 27.7568713291
0 0 0 0 0 0 0 0 0 0 0 0 0 0 0 0 0 0 0 0 0 0 0 0 0 28.0488587206 27.639924976 27.808475445 27.8034009269 27.6621984749 28.1014583364 28.1749330231 27.8524478771 28.0527751347 27.7196198033 28.0254741454 27.8265278161 27.500486741 28.0343307135 27.7718680861 27.8691037782 27.6692015738 27.815236538 28.0121081607 28.0568620561 28.1941936217 28.055997923 27.5801652064 28.0963682771 27.8977984241 27.8081343557 27.9892688075 28.1208642919 27.5359912623 27.6208842416 27.9536079318 27.5665088519
0 0 0 0 0 0 0 0 0 0 0 0 0 0 0 0 0 0 0 0 0 0 0 0 0 0 27.5940473682 27.935445361 27.9254715795 27.6661186417 27.67207096 28.010336441 27.9559622447 28.1351750106 27.6190778138 27.7811540497 27.5644553468 27.6609289674 28.192910846 28.169041456 27.8367058661 28.1653585339 28.0541888203 27.824694807 27.9363349645 27.705930788 28.0001365081 28.1483319851 28.0606670578 28.1708696584 27.726849193 27.9022593347 27.7878378441 27.9524989016 27.6422503635 27.6705954206 27.714470288
