Spatial_Output/DEC/DEC_0480.asc
NCOLS 155
NROWS 192
XLLCORNER 196307.867259
YLLCORNER 449144.565805
CELLSIZE 33.573938
NODATA_VALUE NaN
[rows 78 to 103 of 192, columns 57 to 113 of 155]
31.0918499831 30.982014496 30.7737624896 30.9056982503 30.9092052102 30.7535168662 31.149134205 30.5804338007 30.7813277629 30.6506659116 30.8486808841 31.1540951328 30.936055102 30.9117958469 30.7791336755 31.1950708201 31.1113094655 30.6439844483 31.0084641751 31.0995140634 31.046563897 30.8319029122 31.0963958959 30.5884053005 30.9200714113 31.1805509037 30.7488451933 30.6185516907 30.657164516 30.8531114465 31.1886646664 30.7373332579 31.164434479 31.1979742262 31.0826914303 30.6337406119 30.5814796575 30.5146408233 30.8643265952 30.8593821512 30.5129819622 30.5445690522 31.1905731168 30.8647374394 31.0703592403 30.5907394435 30.6655236184 30.6959231325 30.8335212397 30.6503237165 31.1932473292 30.8579127157 30.6075686053 31.149669228 31.1215458121 31.1995922776 30.9332796681
31.050660393 30.7629577289 30.7388472487 30.8128561661 31.0821845734 30.560937422 31.1092826149 30.9259551832 31.1298509253 30.6512303356 30.9114659576 31.1007911929 30.7995183686 30.844035136 30.5033830347 30.7939235207 30.8902405146 30.7572349829 30.7590016516 30.5808495331 30.8125654295 30.5914167806 30.8634128752 30.7070381838 30.7826577481 30.9471140891 31.1717647172 30.6593107541 31.0594708703 30.7517179235 30.5980810293 30.5060379162 30.5575092123 30.7644231644 30.7167374711 30.8354616305 31.1559245107 30.9126098757 30.5259108582 31.1487655619 30.8223781752 30.7323947735 31.0560688703 31.1017098087 30.8694045992 30.5600410267 30.7798353582 30.5989859481 30.6842438073 30.8754581506 30.9010115968 30.8192198879 30.835045659 31.0610243292 30.7486518811 31.0046297715 30.6021180905
30.7787306385 30.5933210132 30.9884668365 31.0608799956 30.5905531006 30.8934043842 31.1086748922 31.0838285226 30.6560842245 30.9317819829 30.763347094 31.1833015397 30.9295253314 31.0842419451 30.8098342707 30.8523797222 30.87223543 31.0077277991 31.1713728694 30.6019929597 30.96658788 30.9749833097 31.0846443403 31.0626472508 30.8056102733 30.5473855805 30.570530422 30.7853731226 30.9307651459 30.8566079762 30.6990533999 31.1870319764 30.7732033244 30.5661821725 30.9482027929 30.858137468 30.61106322 30.9252832125 30.6926026744 30.5046185344 30.8359664899 30.9510770413 30.9399632705 30.5598330835 31.007553887 30.982925689 30.6916853366 30.5569080938 31.1036019982 30.6407790559 30.6069434093 31.1073863838 30.6038339149 30.8096199502 30.6038280278 31.0166479722 30.8199460102
30.8827953461 30.968255241 30.6097440308 30.7716551728 31.1582545129 30.517861663 31.0757539708 30.674707377 30.6086680011 30.8804243509 31.0487799826 30.9696384723 31.0620903328 30.908470641 30.883984185 30.6831130241 31.0712643183 30.7261933871 30.5853304196 31.1474239801 30.6868938765 30.8280129729 31.2059981075 30.7793011624 30.5183869308 30.9541071164 30.8292663848 30.917692288 30.5569540746 30.8794242047 31.1530717799 31.1788093005 30.8961457015 30.8495702938 30.8299622505 30.5329184663 31.1919824977 30.5377307912 30.558961614 30.857445198 30.6224635199 30.5649431722 30.9027574527 30.6788293002 30.9471415625 30.5812021418 30.5987642691 30.7773165268 30.7161711245 31.0450969389 30.729676983 31.1432318059 31.1760448312 31.1736436894 31.1608489983 31.0081663352 31.1699645082
30.7308708206 30.7385123221 31.0940547198 30.5487524835 30.5826644962 31.1506071929 30.6030977649 30.6327999482 30.6117666248 31.1765643252 30.5130803571 30.8481933328 31.0836234602 31.0910739358 30.8198457523 30.8842779853 30.6281623036 30.9383428749 30.8731891563 31.0146527836 31.0181900548 30.8197568454 31.1253444709 30.7884129619 31.0488371331 30.7877726852 30.5513473052 31.0794033876 30.6959915007 30.8841834863 30.9849760049 31.1554686342 31.1973159057 30.7965588309 30.9198990164 30.7029986222 31.0073508405 30.5307513346 30.9950580001 30.9586408501 30.7855046162 30.5474090314 30.8892784989 31.0919649063 30.5195758989 30.6262395771 31.0194219785 30.6495456086 31.1809847124 31.156561206 30.5790747187 30.962024511 30.9912024876 30.5682494807 30.6758640526 30.7975678395 30.9283804939
31.1844532912 31.1737322939 31.0686463082 30.939328431 30.9867328208 30.8986219459 30.7286676208 31.2069230231 31.0671733943 30.6778862619 30.9500015105 30.5763413632 30.5697177199 30.7255930666 30.6846070871 30.5038762927 30.6433272239 30.8480290209 31.1728518688 30.6019775251 30.6722163705 30.5201005723 30.7094048898 30.9869471576 30.778362046 30.9471339537 30.6462025925 30.8946017898 31.0511092994 30.8195180786 30.774225001 30.8258375603 30.5297613195 30.6479060426 30.9120011024 31.1828689443 30.8531400652 30.8778213276 30.6427455468 31.0704260766 31.0124679104 30.5426082344 31.0510556627 30.6783449609 30.6579852492 30.6443304383 30.8163516175 30.9784173591 30.8040444659 30.6117407813 31.104061094 30.9726328452 30.7282919431 30.7083695364 30.7747100164 30.5272619199 31.0233735716
31.0173417159 30.8998877448 30.5997504121 31.0443968916 30.5150577915 30.5116818153 30.8692635547 30.7009606997 30.7824234837 30.8557702476 30.8205893132 30.773761214 30.973253111 30.8228659124 30.8148262738 30.8240394584 31.0136157746 30.7515882492 30.9319533955 31.0247962957 30.5504592443 31.1531664195 30.7511427745 30.5323347449 31.1604195534 30.7813801775 30.8933187989 30.5790478762 30.7510920162 30.7447441791 30.692275602 30.5176089377 30.5432283337 30.9828040843 30.9943683026 30.6910673517 31.1332934163 30.6286567535 30.8326453975 31.1995079599 30.9928424987 30.9775912374 30.773893739 30.7577989129 30.8671769621 30.9886687386 30.7571283116 31.0070438466 30.8881058225 30.5577094794 31.0215407825 31.1094859826 31.0989346637 30.6935168856 31.0814233361 30.605068849 30.6789995187
31.1494865116 30.7112376788 30.9535730112 30.8490349536 30.8578626787 30.7104631819 30.6051246694 31.0138063377 30.6443085105 31.1660867829 30.5594054381 30.5958638165 30.8131046484 31.1311435281 30.982616448 30.5249083927 31.1759329653 30.8243248028 30.8039944149 30.8752582058 31.093185436 30.7249414745 30.7214770819 30.9534881221 30.7110082079 31.1758266497 30.9725533465 31.1091809277 30.5646606955 30.763668152 31.020187904 30.6301732024 30.6688721889 30.8212045245 30.9294389805 30.9289081291 30.9171145399 30.6873061146 30.6335784156 30.6998729435 30.7179068595 31.0473160382 30.8401944672 31.1069618752 30.6456399573 30.566004157 30.8895773077 30.9283106449 30.5482548417 30.6225260387 31.0093964491 30.9124675868 30.9760299223 31.0622236934 30.7795218791 31.1788352792 30.9021185401
30.9090730109 30.96824814 31.1587056996 30.6759637547 30.8872905974 30.8322670272 31.1147713577 30.8508268512 30.7946082012 31.0960658764 30.5062934393 30.8904665561 30.6790268894 31.1796104747 31.1319094441 30.8225231568 30.8948288811 30.6760616409 30.5122940592 30.6457016981 30.823494957 30.7469181442 30.7293132672 30.601731728 30.8814319306 31.0855510953 30.9282508923 30.5350460379 31.1403178543 30.589898457 30.7653116094 30.5692642476 31.0587740739 30.8970629791 30.9868450445 31.0548079883 30.7906660372 31.0231895956 30.5581707344 31.0748721955 31.0081537614 30.5357839382 30.6645954075 30.7221738076 30.8109449005 30.6644925797 30.5781999232 31.0496714597 30.9875572015 30.8263504464 31.1042247834 30.8134427519 30.7271699386 30.5247870548 31.0693526288 30.8867883605 30.9711649242
31.1061749373 30.8160274346 30.9259761185 30.8799452117 30.9356303225 31.1267889705 30.685660189 30.8024011632 31.1725709457 31.0621723764 30.9364706783 30.7210069144 30.5711724504 30.6336194083 30.5414586486 30.8707614761 31.1205915237 30.9396361637 30.9446590174 31.0935105402 31.0167199858 30.870780685 30.7371112035 30.8269174025 30.8892489219 30.7183469611 30.8909082278 31.1085555892 30.8418335388 30.9984039608 31.0753235047 30.8000865581 30.5886799888 30.946970199 30.5452617831 30.7103518218 30.7457967795 30.7119015508 30.9646408638 30.7955508048 30.5734769096 31.0605417584 30.823529543 31.1627296903 30.9178827404 30.6553447375 31.1199304444 30.8877820836 30.8526591864 31.0427572504 31.1026998796 30.9968549717 30.5976126454 30.8483597478 30.7491820237 30.7376431031 30.7921116586
31.1008590728 31.0860905544 30.8845757475 30.680909916 30.9386522912 30.8134820661 31.0843328136 30.5152622338 31.0740418703 30.7490055767 31.2012868563 31.0203863962 31.1627506393 30.9347275735 30.7493588511 30.7076755206 30.8227437143 31.0959472484 31.0911644796 30.8571566662 30.8547924798 30.7808409021 30.9910913323 30.995722408 30.5592657868 30.8254326453 30.5446281205 30.5181768595 30.5813247159 30.7667059671 31.0048889463 30.5980865816 30.7852170511 31.1930145179 31.0789436744 30.7039454916 30.9794785487 31.1962187606 30.6936252695 31.0272201765 30.6381311045 30.7976782806 31.0392314035 30.6158673958 30.7588934316 31.1741963411 31.0487815844 31.027231732 31.0063953104 31.1964721501 30.9977098811 31.0368436197 30.5588159752 31.0720046579 30.7101089074 31.1978318791 31.1386712565
30.656795656 30.6096868452 31.0822793458 30.9611149538 30.9457743425 30.6922644318 30.6855479617 30.6488123612 30.6214930888 31.1153989178 30.8435205963 30.7684257339 30.755278324 30.9216383243 31.0498947265 31.0975911699 30.6585020288 30.9764502096 30.5063745957 30.6554958339 30.7907854761 30.9384054863 30.7762262274 31.174996843 30.7233375218 30.7930132299 30.5609977946 30.5331441498 30.7986822373 30.7759135089 30.7436816682 31.1460099788 31.1085364073 31.0061942708 31.0933408896 31.0853865771 30.9127521539 30.7741277541 31.2064833491 30.6212725205 31.1022903003 30.9420826133 31.0416413978 31.0144197695 31.0382642608 30.8947588317 30.6725646147 30.6445235689 30.6173723919 30.7259685499 31.1776102581 30.6110992858 30.5910255173 30.8030252311 30.9365235319 30.879480143 31.1273166259
30.8138989797 31.1951674534 31.1333787092 30.7897496915 30.7551401025 30.7982339336 30.7473805309 31.1825807934 30.6384148042 30.643212378 30.7179615734 31.0491894626 31.0276174484 30.9017942587 31.1310054791 30.505528153 30.5061479325 30.8024044354 30.8026234963 30.9390149694 31.0687230473 31.1028310545 31.193305165 30.9908962793 31.0971981362 30.7921023516 30.7644334415 30.8772666801 30.7678015494 30.9515050554 30.5690272223 30.5082794832 30.9606436526 30.6242959302 30.6598187702 30.9278106232 30.6866760953 30.9998759798 31.0719215468 30.7646531881 30.9421908415 30.8957669832 31.1053417638 30.9816615532 30.512763141 31.0470774233 30.5729503867 30.8178074524 30.7717772034 30.9931518993 30.533071125 30.7581160816 30.8604333521 30.8734782208 30.6728993359 30.9159823494 31.0580138011
30.5948793529 30.6639793741 30.7688880764 30.6565532332 30.9616494008 30.7708159131 30.9680609365 30.7274803552 30.6728620143 30.7517279238 31.1995479264 30.5134864373 30.7470720507 31.1684791541 31.0973359633 31.0529234582 31.1804159691 30.7670676742 30.7752872636 31.0644419321 31.1367738289 30.9601789641 31.046002171 30.6144948665 30.6981881748 30.6608170457 30.8602833164 30.8447243963 31.029715577 31.0839202806 31.1415271505 30.7509913816 30.6703792317 30.8169081261 30.6118680645 30.6744961044 30.7395646102 30.786218867 31.1757491623 31.1382650691 31.11368943 30.9773271745 30.5965729725 30.7079450271 30.6388710993 30.985986365 30.9085795308 31.192586458 30.7477182453 30.8410309564 30.7114258848 30.7806255597 31.123124188 30.5827623287 30.9540951331 30.5605415135 31.0882626326
30.7104932695 30.5179770649 31.1895921212 31.1585145172 30.7961888759 30.8789915889 30.7330960386 30.698661937 30.5167323457 30.5807024544 30.9445717091 30.5754196841 30.6836106942 31.1705249845 30.8376743178 30.7153548295 31.1696044885 31.1874352434 31.0240307602 30.9203491313 31.0333466448 31.0665775039 31.1710197114 30.8473011308 30.6897821159 30.7733921409 30.5896020164 30.6075844223 30.8804669738 31.1201495864 31.0033257566 30.5858785987 30.8732224667 31.0912363176 30.571937512 30.9892544834 30.7492684814 30.6077252598 30.7703929758 31.0084808598 31.2042748886 30.8104297537 30.5483023565 30.6164847902 30.9494481793 30.829824595 30.9324786161 30.948359434 30.7536327793 30.5647573707 30.9279427136 30.7043114733 30.5248428152 31.1306373198 30.8740597185 31.2026861631 30.7871841599
30.9795649032 31.1556654409 30.7148973288 30.7818105787 30.7471466678 30.9612662165 30.5948819276 30.610379384 30.7112481192 30.6634560735 30.8014828861 30.9606157584 30.5289857093 30.7242765714 30.6575972203 30.760737484 31.1913510463 30.7931339321 30.9850569943 30.5725658514 30.9417821845 30.6936432934 31.1177888591 31.141733148 30.6122668432 30.6888782916 31.1327637734 31.1347168412 31.1710959664 31.0963520769 30.5020731051 31.0065828429 30.5273296427 30.5625583783 30.6211659224 30.9302351415 31.1483909851 31.1792162203 30.8901996571 30.6505774437 30.8235309295 30.9759924315 30.66343871 30.8535180713 30.9761294417 31.1535892101 30.7307803204 30.8481307379 31.1017056241 30.693533782 30.9048277422 31.1554341759 30.9731667413 30.6107216747 31.1082838743 30.8577712642 31.0785000269
30.5491812031 30.7088100346 30.5942460894 31.1435080025 31.050399952 31.017011083 30.8608866555 31.0603139733 31.0515764251 30.6581454815 30.6599824611 30.8808637945 31.1395954552 31.1400601389 30.8841655092 30.9985654975 30.6238716668 31.1778181073 30.8556477697 30.7295630261 30.9620165989 30.861410058 31.0914717006 31.191335902 31.0015744947 30.6895348371 31.1760291648 30.5804456458 30.8408479499 30.9978330385 30.8580166867 31.1312799354 31.1425683572 31.0269410279 30.6638479723 30.6038822983 31.0170471042 30.9219842807 30.6633643116 30.6119053793 30.572792835 30.5472036316 31.1956645998 30.5408657281 30.971564015 31.133452551 30.7221653082 30.52940161 31.2043521435 30.5617579768 30.642242501 30.5638939212 30.9121043119 30.7847314298 31.0840399871 30.971541847 31.0049503414
30.8285707961 31.0825760795 30.9394786521 31.0412834662 30.6432065721 31.1746993562 30.5442892826 30.8235434297 30.6704171403 31.0767252668 30.5686575134 30.5287739689 30.5027491594 31.1915363638 31.0764715137 30.6982567208 30.5845749149 30.644347932 30.7553752526 30.8732710123 30.5763319538 31.0347016783 30.7978938994 30.9744769087 30.8542149433 31.1128994914 31.0284347974 30.9879262912 31.2048444623 30.8147179975 30.7668361304 31.1609570655 30.628369139 30.9359363661 30.6336033134 31.0013088112 30.6351954656 31.1716492403 30.7289492888 30.7116558423 30.8840814044 30.9538017633 30.7412906535 30.5162560633 30.8841940599 30.5076854225 31.1010363897 31.0524455406 31.1027837528 30.5162392861 31.1956424678 30.897572208 30.8342084701 30.8892848927 30.5618641241 30.603356571 30.7350910355
30.7032046989 30.5476703116 31.0476270817 31.1967426879 30.8972789172 30.5434448751 30.831647159 30.9642613954 30.8773534108 31.1958361601 30.9864835278 30.7543433814 30.7164667422 31.2014344774 31.1010220971 30.9201281513 30.8186034867 30.9000587184 30.6341517689 31.0438057253 30.9480959335 30.7529741 31.1676450914 30.8465521604 30.6813754769 30.9766196193 30.9250369853 30.8993759528 30.9517721699 30.716256198 31.0966336247 31.1252117729 30.9862456743 31.196658497 30.8180240146 30.9791571615 30.7752551585 31.1299447739 31.0226584649 30.9332698085 30.7265737558 31.1876902786 31.0857838704 31.1600744114 30.7686233143 31.0784922013 30.9155254339 31.1624369874 30.8905533841 31.1142091455 31.1441157679 30.8465891359 30.979265129 30.6779199194 30.9729661709 30.7522692333 30.6888054822
31.1478683909 30.8098378834 31.0514709281 31.106900629 30.9362719871 30.6169340148 30.7786458183 30.8321202292 30.8340370637 30.5451765154 30.5371122988 30.8908598502 30.7734778305 30.6374115238 30.9172296476 30.7823133902 30.6929814987 30.7063799062 30.6265997625 30.7036678351 31.1000075859 30.5692469157 30.6711238071 31.1896834315 30.9884921914 31.1378790428 30.9194849963 30.9008560112 30.7432041851 31.0014972199 30.6089617343 30.7609792607 30.6744308489 30.6857814493 30.7934480382 30.9565613337 30.7669157087 30.5855780153 30.6778517385 31.1119906338 30.8496991585 30.5590210074 30.9820926064 31.043703545 30.939523561 31.1356710657 30.6984115886 30.8091049755 31.1209515897 30.8959311887 30.677538014 30.6662894044 30.5160597995 30.7846279615 30.746612653 30.8450191458 30.7997634533
30.8165438292 30.6544071434 31.1585224051 31.036590711 30.9486585165 31.0556116098 31.1030469827 30.8757029016 30.9726098181 30.7577044491 30.9758785317 30.7306360919 30.9781348099 30.6979299913 30.8535305902 31.0450890189 30.8008090778 31.1916262693 30.6356209081 30.8921099945 31.0623058018 30.5948950723 30.9597532364 30.5910384151 31.0751894306 30.6328935644 30.740967061 30.62761103 30.7994969275 30.9685430599 31.1195493648 30.9629700542 30.8643580646 30.7571404928 30.5662744033 30.7161308805 30.730586126 30.5987438193 31.1114839736 31.0882770925 30.9502212725 30.9340098932 30.7570792266 30.7355544914 30.6323494484 30.9167274356 30.8400666079 30.6711509866 31.0466239858 30.8453324004 30.6094409336 30.817585199 30.8538427079 30.8942622665 31.0502971799 30.8866478433 30.5437997137
31.2015584579 30.6234653798 30.5795299963 30.5890918754 31.134070347 31.1639094353 30.9988894853 30.8895222462 31.1434489654 30.8522457253 30.72261207 31.1983681223 30.9441373421 30.7152170929 31.0074321979 30.9044861854 31.041374284 31.0427660325 30.8015859437 30.5430935175 31.0492311611 30.9829461401 30.7004506204 30.6654012854 30.907790531 30.6183711571 30.676456258 30.5602151015 30.5572837916 30.8314861745 31.02378083 30.9743002832 30.9200083029 31.166981699 30.9010672304 31.0471752255 30.6112664994 31.1947002946 30.6875514382 31.0837913036 31.1576015692 31.0530400808 31.1035836916 30.5735574527 31.1101523547 30.5669090042 30.7567524231 30.9688630429 30.8194675144 31.0381385593 31.162285309 30.8531515034 31.1872528543 31.1471850936 30.9065579753 30.599705479 31.0261350555
30.6417306286 30.920540457 30.9530254028 31.0778216512 31.1382250192 30.8187500295 31.1572112131 30.7104648363 30.6801054056 30.5837613003 30.8833947638 30.7387759562 30.5480169611 30.8950760988 30.7816476507 31.1272587751 31.1631801951 30.7388630438 31.1564240108 31.0947398084 30.5974068777 30.5273935746 31.0065870732 30.9339157645 30.883936774 31.0292736902 31.0126686657 30.9883378036 31.1464876205 30.7324640164 31.1562592036 30.7649348231 31.1078761104 30.5649971975 31.0921474864 31.0460492278 30.5947463516 31.0982867074 31.0172841981 30.9338822903 30.9943546785 30.5947498401 30.8209720487 30.8393593076 30.7504954635 30.6912809908 31.187520523 30.7011706957 30.6778466548 30.7941226157 30.985039312 30.8087390166 30.6358879279 30.9268992692 30.5607763094 30.8516433009 30.9701528586
31.0829482373 30.5253355061 30.5452480631 30.8729240114 30.7498984126 31.1660655061 30.6976244831 31.1953373009 30.9717034307 31.2067831397 30.5478013456 30.6236031349 31.1573558866 30.8847738771 30.5336996793 30.8276193365 30.6224841894 31.0478162601 31.1367476145 30.873606287 30.8668790595 30.7211950631 31.1144775146 30.8887232512 30.9946476964 31.1839960557 30.8548163483 31.1214858105 30.8064808845 30.9450860166 30.9745995907 30.6670232757 31.1225852001 30.9216537356 31.1545158665 30.8450707671 30.7409734325 30.5723096564 31.0173999173 30.8177375463 31.149714526 30.5660044105 30.5881215312 30.6291512361 30.7042900491 31.1944625166 31.0671747542 31.0191076288 30.6491082393 30.7720339015 30.9552816778 30.8999519782 30.5168390243 30.7585424782 31.2005639488 30.6735392647 30.9836518202
30.883534775 30.8506413002 30.6262222477 30.740425646 30.6072776607 30.787270922 30.9226814225 30.8560415256 31.0030046599 30.5886742883 30.5728775541 30.8215839322 31.0063243275 30.8967698181 31.1094941924 30.947818477 30.7921073659 30.5542422548 30.8576535508 30.9159865607 30.802193229 31.0499970906 30.7033634691 30.9451957324 30.7522783172 31.0758803021 30.5799458752 30.9202251971 30.559807416 30.7304167627 30.5467367933 31.1098121555 31.1979197031 30.7181647516 30.8436167044 30.9217308891 30.7226802996 31.1882702459 30.5202160597 31.0052820518 30.889256814 30.999661908 31.1276653589 30.9702562778 31.0729282185 30.8090137173 30.676260866 30.5545562105 30.6667925168 30.6655346792 30.7076793715 30.9638438903 31.0471668724 30.6037386246 31.1704111518 30.7161016596 31.0658110006
30.6523120593 30.665205112 30.7497195511 31.1834562526 30.9040364733 30.6167077667 30.8350143336 30.9300402238 30.8004539285 30.9483835969 31.0333399713 31.1094234064 30.5714409004 30.9553476663 31.2067430522 30.9212174049 30.999246878 30.7910669993 31.1721916655 30.732440515 30.7736845534 30.6469780373 30.6789356464 30.5597101827 30.6162016724 30.8631772867 31.1385187062 30.9899834171 30.8167203709 31.1573042242 31.1927940624 30.845581238 31.106515571 30.7235508791 30.7413396647 30.8496425614 30.6046575518 30.515530785 30.8858631131 31.2048283437 31.1502950862 30.7484984793 30.8881529317 30.5388069118 30.7870619112 30.6446361 30.9548058226 30.7704482063 31.0191631497 31.1315626214 30.8305897479 30.7338803392 30.8974580337 30.7701682547 30.7064570354 31.0552217567 30.5085501934
