Spatial_Output/DEC/DEC_0618.asc
NCOLS 155
NROWS 192
XLLCORNER 196307.867259
YLLCORNER 449144.565805
CELLSIZE 33.573938
NODATA_VALUE NaN
[rows 78 to 103 of 192, columns 0 to 56 of 155]
0 0 0 0 0 0 0 0 0 0 0 0 0 26.4551046507 25.1030644322 25.3658365505 27.2770220186 25.0376849317 24.5189458465 25.640165708 26.4612206723 25.7153860861 25.4734173836 26.4622372739 28.8205869782 26.7535739813 26.0535367873 27.9451348681 26.6777274683 25.309888863 28.2259646038 26.1625544785 26.3270026119 24.8060586776 25.5998595793 26.0488523903 25.4904853726 26.969269935 25.5899431343 27.509311927 25.4520564178 27.6889075757 25.9102965342 25.8956135753 28.1446135725 24.6359620327 24.8773894764 27.241895494 27.521557964 25.7336503459 26.1606023581 26.9675932378 29.2092303291 27.2889302379 25.9701631124 26.1493209715 28.6992651413
0 0 0 0 0 0 0 0 0 0 0 0 0 25.2580278164 28.4945126016 27.231715869 28.6424946478 28.2840599839 28.1630166527 27.6030460367 25.2868318669 29.1790294285 25.1666008511 24.541216093 27.343103683 28.6769570476 26.9150337586 25.8748457703 28.2422290703 27.0536792326 28.3012717602 24.7994320574 28.9730286 27.7044843554 26.8344903659 27.9588767996 27.1073421243 28.6349474035 26.0141445486 26.1385839458 26.8715998071 28.748809144 24.5881945139 25.0841975541 29.1940172248 24.7803417849 25.4294381328 24.8517308299 27.2975612419 28.2124704631 29.1986512424 28.030004467 25.7735694142 28.623765822 29.100956648 26.725850254 25.4428818262
0 0 0 0 0 0 0 0 0 0 0 0 0 28.6160061286 26.5508365622 28.4000265521 26.9214643203 24.8231048082 24.7446151442 26.2949215496 29.3419156165 27.3887296296 27.5797473651 27.8724407645 29.3761787628 29.2158189286 28.6146748421 29.3843865652 24.9339768801 27.5332022036 25.0060614028 28.7655623472 27.6780676119 28.0349291275 27.799896675 24.897268876 29.4274342815 28.3064828844 27.4729447284 28.8717346435 25.2761022213 28.4367250936 26.2797878513 27.7109556312 28.0193430017 27.0174722535 28.667857989 27.0836376898 26.7577690886 24.5201595272 25.2377877359 26.5916489552 27.7934317887 28.8271305928 25.7767188538 25.038300627 27.6127537333
0 0 0 0 0 0 0 0 0 0 0 0 0 0 28.6171065956 28.21902927 24.872933318 29.4430640492 27.7216074851 25.1504087488 28.1444753397 24.5320527546 25.8114065576 27.8232974799 29.0961349076 26.0180309521 24.7789611184 26.6068865676 28.7669455731 24.7057508843 26.5316139414 29.3642939473 26.1445923589 26.3649826951 27.1148327222 25.0516789202 25.8263024566 24.7136821182 24.50891294 25.7206084778 27.580729731 27.2952504703 24.6330854092 27.7264274927 24.8220320598 27.2786470216 27.836129882 27.6214206836 28.3860099751 28.1949986491 29.2560063092 28.3867124523 28.0399849477 27.1584582711 29.077094848 28.3011656148 27.261319081
0 0 0 0 0 0 0 0 0 0 0 0 0 0 28.610270036 24.6039468241 29.39524239 28.2577654192 25.4862782678 25.9054002271 29.4383157725 26.4838086292 29.1867625476 28.8311456173 24.5678056023 26.175846641 25.0362410832 26.5237546633 28.0567175923 28.065940229 28.7872610915 26.7172765047 27.5809408292 26.6893592836 29.0803483843 27.580997324 26.0160573869 27.4971270388 26.7298188214 28.0617028075 26.6242761887 25.0654384226 29.1611421298 27.18746998 24.5248524722 26.8292323056 27.6465829169 28.3867668924 24.8853499633 29.1105106888 28.6473696953 26.363050497 27.3095943139 26.12585982 27.7280864651 25.7903885115 24.6591041742
0 0 0 0 0 0 0 0 0 0 0 0 0 0 25.1697464824 28.0420004399 26.999992897 28.4489751971 27.1144312717 25.3219682318 24.5882315537 28.8820673497 26.7791758659 26.5021002219 26.5449868599 24.7446729779 26.790222758 28.4601094689 28.0075193583 28.5118058981 25.7330840069 25.633992695 27.6220227959 27.306929323 26.793715442 24.5869333591 28.3064614281 26.7019766998 24.8349801528 27.3564305714 25.7636524651 25.7003551878 27.692286862 27.8199171296 29.4303017295 29.003836824 26.3699127338 28.7820116118 26.411608275 28.598072164 27.6635981918 28.8893811234 27.6679891929 28.6000081753 25.9370743694 26.8805004966 25.9714337
0 0 0 0 0 0 0 0 0 0 0 0 0 0 27.6295377698 29.0234911318 26.8946093641 28.1146819452 29.3964760656 25.2621278493 29.1457354007 25.614809743 26.1511677622 27.8501732592 28.0782827209 27.068060749 27.0688558212 25.4281562759 27.6649500788 26.2377375156 26.4329922531 27.8625702072 28.1381335448 26.3226365991 25.9459558278 28.8980156927 29.1384474424 26.4431222289 27.5981837182 28.7040316741 27.8825756363 25.7600897855 28.5269845727 25.7162136869 25.8880277733 27.8734863329 25.5062750258 26.6812199042 24.9214649841 25.4573942126 26.0128082295 26.8600364119 25.9595832381 25.6561640872 28.8604389157 26.9373872124 28.351179728
0 0 0 0 0 0 0 0 0 0 0 0 0 0 24.9264233426 29.2967256516 29.2412346457 26.8924846051 29.2094187273 27.5264085591 24.5253647167 28.6968801793 26.0379538689 27.3716261297 27.4988198745 26.0696207273 25.0045678768 25.7444393647 28.8559140274 25.1234758984 24.6378951418 27.6788739407 28.4207204353 25.3242513487 25.3447848743 24.8109297997 25.0796673917 27.4191461065 28.8875494125 25.8877866876 26.9636422132 27.5788691925 25.2542069235 25.8404494089 25.9594297659 27.7608800783 25.2970538523 27.1078113671 25.8152956647 29.1804159492 25.0626024013 27.3103526169 27.3732931442 28.7958758528 28.0212593937 25.8060113818 24.5772999406
0 0 0 0 0 0 0 0 0 0 0 0 0 0 27.8629637819 29.0300621887 24.7019280741 25.610710354 28.3514270669 27.1910785308 25.5178996141 26.3347635356 26.7203216765 27.4594753405 27.1383133921 26.5767082349 25.6112849394 26.3694423252 27.4508343807 27.0889804768 25.468058775 26.5445038772 27.7159353593 24.8524814948 25.0606418735 26.121015439 27.0867807336 26.1693618873 29.3305473691 26.5356247423 27.8807199139 24.8253112594 25.8274688586 27.6390176363 26.0508689491 26.7221153459 25.4372434816 28.2811897231 27.4865031234 28.4920231281 25.3609243677 27.9015814758 24.5833873819 25.2792899101 24.5698247274 27.5793502479 27.7430211109
0 0 0 0 0 0 0 0 0 0 0 0 0 0 0 26.5965870726 29.1189304992 24.6957281322 28.9741732809 29.051303612 26.9275515872 26.1582376611 24.8809957498 24.9057063483 24.9325909189 25.4653187582 28.9145686061 25.578717095 26.2213994404 29.3637886675 25.894170008 28.4412941575 26.8672407369 25.5886234091 25.7298107641 25.7117390706 25.6223305852 24.6223009802 28.4102433665 27.675752644 26.0220865282 28.5308152557 25.0018097226 29.1596093163 26.3943853301 27.3056791937 27.3015764592 24.7534276768 24.6528369706 29.1524951941 26.9799621709 26.1465036554 24.901065485 28.754589195 29.0523465227 25.213822553 27.8253608906
0 0 0 0 0 0 0 0 0 0 0 0 0 0 0 0 25.1187810054 24.505758514 28.9744945259 27.3875366957 28.8864657201 27.2442546983 28.006250027 26.189698291 26.9549707613 28.1744043492 26.171121739 24.8372352709 26.8349344554 27.3352102069 28.158038714 25.8027619042 27.9608741278 26.1257629281 27.7241777678 26.3915552029 25.5284167338 27.2506463005 25.5987281688 27.3575401925 28.411377969 27.4884363356 28.5359138063 29.0277084173 25.9905752852 29.3298609128 25.2878173257 28.1096768252 25.3697607089 26.5586163353 27.2296201112 26.5415477889 27.6638625602 29.1886895621 29.0302355732 27.5847828817 28.5386911577
0 0 0 0 0 0 0 0 0 0 0 0 0 0 0 69.7571762143 69.7571762143 28.2055342633 26.9855299622 28.0072677942 28.4360653969 24.86430576 29.0100806222 26.6268703439 26.4479827632 27.7833124536 28.7310564159 25.638444581 27.7111703172 27.9170202166 27.6600550044 24.7726895914 27.0181191045 28.0032126364 24.637458007 28.0215638079 24.9719155184 29.3438332727 27.591065828 25.4906624976 27.3299935063 24.9879668401 28.9593240703 28.3847396193 28.6764802649 25.9232816803 27.047456118 25.8223956689 27.098591384 25.2476726467 26.0257141682 28.4019860072 29.4266381935 26.3027991954 26.980411571 26.1206578842 27.8677490956
0 0 0 0 0 0 0 0 0 0 0 0 0 0 71.1128159093 71.1128159093 69.7571762143 0 26.1537863164 24.7154531094 28.1040340381 29.3879171708 27.7313286975 27.9225635267 29.3312531242 27.2194234062 26.1450669318 25.9510577599 25.7243737108 24.8973194383 28.6688684342 25.8932285566 28.4096784856 27.9610400679 28.3080743517 26.400404892 25.6476399804 25.4129663028 27.8496195095 28.0551819496 29.4167209526 26.0151068059 27.5613571253 29.1283586742 28.7331637695 28.1993364462 28.3749419587 27.3719631944 24.8013251935 27.1654081505 28.9087797903 25.8137555607 26.29439431 29.1267859785 28.6826215549 26.1257403781 26.8849232239
0 0 0 0 0 0 0 0 0 0 0 0 0 0 71.1128159093 71.1128159093 0 0 0 26.8000694779 28.5026206477 28.4528552379 27.7022306219 24.510030172 28.6594400636 29.1508053574 28.5035935558 27.7668584145 28.9847466577 27.8959970717 29.4128249528 26.7863884816 27.8554298027 25.9978369043 28.351264371 26.0383391936 29.4377494127 29.1882420246 26.2037522531 26.6048162168 26.6158510752 28.0628607019 26.1863693529 27.590267298 27.9780629848 25.6107277206 27.9642377104 27.4695404458 28.7834092516 29.3708643209 25.6901313352 27.7116966869 27.7141542776 27.8456390227 25.528009229 28.7253431958 29.3639664406
0 0 0 0 0 0 0 0 0 0 0 0 0 0 0 0 0 0 0 28.6784854654 28.2505347398 27.0085470244 27.4893530818 26.9285980309 28.0927907797 27.340728228 26.8786381172 25.8695013286 26.5123360241 24.8217508055 29.0643844201 26.7123830019 28.950157111 28.9921678898 29.1666651381 25.787600032 27.7334034211 26.8173006303 27.5408415893 26.4557308303 25.3759010793 25.5857143765 25.0577705332 28.4053133932 24.8848842063 28.1686418538 27.1962344553 25.9875170235 26.5597499605 26.4528304004 24.5522850888 27.4450451942 28.1464286474 26.4388236148 28.566318942 29.2090029919 28.3766218135
0 0 0 0 0 0 0 0 0 0 0 0 0 0 0 0 0 0 0 0 27.3906763219 27.7159899823 25.8759379506 27.250777486 25.0278333916 27.7251392942 26.295531537 27.5278865573 28.6598691549 29.0659125241 25.6010610084 26.3873892704 24.6327696401 24.7742680317 26.0747129744 26.6689857771 25.5872373229 26.3612910684 25.1382133179 29.4222498712 27.339478518 29.3874962842 27.7754796325 25.3825289855 26.4882410362 24.5457679216 28.6697281645 24.5355706766 27.4099835058 24.7832601427 27.8590610697 24.5640419809 26.8347821253 25.6509588145 25.6681976772 28.3617022168 25.283319068
0 0 0 0 0 0 0 0 0 0 0 0 0 0 0 0 0 0 0 0 0 0 28.9068047103 27.8446663302 26.0234687373 24.7683876517 25.4169508241 27.2081727263 29.3111509296 26.3004621432 28.8929815538 29.0372761247 25.3567919071 26.82017897 27.06396641 25.6360327294 28.8680875548 29.2760230962 29.2361292469 25.5830098556 25.1695548784 28.8147579167 27.887929399 29.0185508522 28.9074682094 25.5097560294 29.0447731686 25.8779257852 27.8418552487 19.9113886385 19.9113886385 28.4777501511 26.7976682302 28.406777356 26.8733274857 25.8849196425 27.2565994177
0 0 0 0 0 0 0 0 0 0 0 0 0 0 0 0 0 0 0 0 0 0 26.3811369417 28.6586719396 25.3549046744 24.7599797071 26.2301792838 27.8967017355 27.4396870788 27.4893207894 26.2335191165 25.3690369083 25.5718504681 24.7327489904 27.1745937797 28.0362633941 27.9050659215 25.8938993477 26.6706241443 26.5853948283 28.6827272749 25.1045161384 25.5396596209 28.9444189838 26.9590399144 27.1110133567 25.5250216868 25.2911665717 25.5525428795 19.9113886385 29.3108956583 25.2717758611 24.8453560594 25.7315259009 24.7920019847 28.6712418832 26.5020073283
0 0 0 0 0 0 0 0 0 0 0 0 0 0 0 0 0 0 0 0 0 25.1052136235 25.3582962382 27.7308678631 28.3157477209 25.2425376561 26.4983930075 24.6408726295 29.4455901723 24.7335256985 25.7181705178 26.4114695989 27.6373189073 28.6783714569 25.1387208229 28.5101494988 25.055163923 29.1649047833 28.0670034031 29.2991827171 27.9520298166 28.0050482499 29.0670971968 25.5927072912 26.4933958251 26.2239178923 26.2581069296 26.473789434 24.6773304492 25.3983981301 25.3405360309 27.8366834006 26.8407340406 24.7413288299 28.7479834918 24.6038378865 53.1368326453
0 0 0 0 0 0 0 0 0 0 0 0 0 0 0 0 0 0 0 0 28.5103691586 26.0129251384 28.4829451683 27.3648257512 26.989965967 28.8826369413 27.9631002314 24.5502929365 25.8286633797 24.9375745837 25.5759903247 29.2859507071 27.6635709875 27.0990600227 27.9030349273 29.4116809397 28.6878614579 25.0619473226 28.7434716413 26.0221442998 25.013833062 27.8757828663 27.9062894732 27.5875666231 28.1211901709 28.0242570953 53.0174564869 29.3068490788 50.6653085859 28.1541907772 25.5409346326 27.1171863147 28.5313665784 28.4888284613 25.7051883817 53.1368326453 58.4416182893
0 0 0 0 0 0 0 0 0 0 0 0 0 0 0 0 0 0 0 24.5112247513 29.1100685456 24.990424817 28.9536176969 24.7019498025 27.0825569429 25.4843913724 29.3182921542 25.2105638891 25.0640943981 28.1944544003 27.8023611184 29.0582858944 28.4185908871 27.801549833 28.0131643309 26.234224858 25.0665829227 24.6054020957 27.6535135787 26.7911265499 28.686261498 27.9782745103 28.3697523517 25.5718858745 25.8283494693 25.9210326839 26.47609676 50.6653085859 50.6653085859 50.6653085859 26.5120552233 26.3626465768 25.3643835967 27.9676937568 24.5872365926 53.1368326453 58.4416182893
0 0 0 0 0 0 0 0 0 0 0 0 0 0 0 0 0 0 0 0 28.5262643993 25.9818313378 29.4022874035 24.8636591806 27.2943160068 24.5806722445 27.4865993562 28.9438907377 29.3973953718 24.6892045882 27.0066871828 25.7434731778 25.4840257768 27.3259212171 24.6973533828 26.9755553348 28.8370774295 28.4190670615 28.6268767375 28.4685706226 27.8743023548 25.0454811993 27.2234357521 26.229900791 26.5312888441 28.4552795364 29.0515165728 29.1170915183 50.6653085859 26.7548470199 25.3922029973 26.0058001227 25.8025610805 28.7777021501 28.4228875725 24.6543091423 53.1368326453
0 0 0 0 0 0 0 0 0 0 0 0 0 0 0 0 0 0 0 0 0 26.5382554613 24.6620174927 27.152173021 27.3477059101 26.4422454583 27.319110046 25.1299264133 27.4919019778 25.2436914535 25.4716191801 24.9713186516 27.8919232823 24.9122151773 25.4070497721 29.3077988032 25.1736341203 26.8469673508 25.0115861253 26.4686721089 29.2728006433 24.8165021933 27.5150874824 25.056506158 25.8087861925 27.8817363722 26.0997198484 29.0678010742 28.7447029668 27.4619258829 28.3785094454 29.0333412729 29.1497294091 29.3669711626 26.9750992872 27.6540222665 29.3844104216
0 0 0 0 0 0 0 0 0 0 0 0 0 0 0 0 0 0 0 0 0 0 0 28.2709116077 27.76318693 27.2157116423 27.3685528731 27.6749151059 26.3289869364 29.3173415667 26.0111365564 25.8275865111 24.7525758215 28.4674766211 28.2747019853 29.3013857811 25.3165320403 28.8250600178 26.6210022801 26.9763801391 25.7151841207 29.0970043335 24.880340863 26.8759146835 27.0878577555 29.2640354015 28.9627591073 28.7246587263 25.0275717504 27.6277374403 28.9202567973 25.6046621819 25.354519058 27.1725323898 26.7272447496 25.9096139453 28.3350695507
0 0 0 0 0 0 0 0 0 0 0 0 0 0 0 0 0 0 0 0 0 0 0 0 0 26.7363475622 29.052729898 24.7124717643 26.9836016302 25.3705693943 27.5896252122 29.2432445121 26.3021546977 26.8431504215 25.6388427521 29.1309852869 27.0259564033 29.2075008416 24.9221776987 25.1744876402 29.0344512647 26.1671659532 26.7052419196 28.3806267551 25.1068724179 28.1129462777 28.5973807598 29.4085105088 26.0513869121 29.0744543019 25.4743123179 25.7213075921 24.5902373494 29.027026366 25.7300670867 25.7662248093 25.4789614829
0 0 0 0 0 0 0 0 0 0 0 0 0 0 0 0 0 0 0 0 0 0 0 0 0 0 28.9195275259 29.44324172 24.5875537909 28.3255231041 28.5707563067 26.5003969823 24.6884092108 25.6290411237 24.7293007205 24.8607193811 26.8966716175 27.1080789328 26.2521807352 25.3766585368 28.2250976392 28.9401585416 26.8819547132 26.8227921982 26.1098574323 25.9280613614 26.2106420687 29.1285448973 26.5098585398 26.3140391571 25.5268505809 29.1259255428 29.0818235407 27.045936897 25.6237167107 26.7378361873 29.0574366063
