Spatial_Output/DEC/DEC_0981.asc
NCOLS 155
NROWS 192
XLLCORNER 196307.867259
YLLCORNER 449144.565805
CELLSIZE 33.573938
NODATA_VALUE NaN
[rows 104 to 129 of 192, columns 57 to 113 of 155]
24.5517820703 24.8831215412 24.3687544689 24.5317349689 25.175645352 23.6194638381 25.1861443013 25.1587697732 24.4858467935 25.2089889073 25.4165606353 24.5644315774 25.0163535017 24.4783288683 24.6556827794 23.8977163809 23.8590059797 25.2038581385 25.3943321335 24.157331634 25.411160511 24.5898421254 25.1620970972 24.6188723404 23.6523650526 24.2366837275 24.7850644074 24.5252888695 23.8088455923 24.2643232661 24.2880855364 24.3835746416 24.7451059318 25.0282101251 25.3412920165 25.3539720531 25.5705750972 25.5888074601 23.7224292531 23.5468136841 24.0585854423 23.954041504 24.8552766001 23.5716670756 23.6533696928 25.3064109649 25.4065634627 24.4615178321 24.865916333 23.7413737541 25.6142263658 23.52798679 24.9520525434 23.5674243173 23.8989811683 24.9311813969 23.6501273342
25.2808118039 24.4677544706 25.2176126572 23.5899571535 24.6954608267 24.2297475855 24.1813530133 23.8754955625 24.1986780704 25.1435066779 24.8622564065 25.2928747474 23.8878663006 23.7969801383 24.51163439 25.2963709407 24.111176171 25.3793342213 23.8633415976 23.8598294873 23.901845096 24.4999541493 23.5467661974 25.2618830584 25.4442232186 23.734603446 24.9102223575 25.3063679839 25.3385166193 24.2189265759 24.3635471403 24.7479056606 24.1831607898 25.1227188442 25.5049290587 24.3445351541 25.5912295836 25.5377364082 24.9116481613 24.4028843394 23.6128316868 25.0831236944 25.3804339541 24.8031626688 24.0832213809 24.2115335461 25.4951539594 23.6194614296 24.0060534443 25.0752752753 23.7853859683 24.6080557711 24.8974655875 25.1344525026 25.0236353394 24.7372011724 25.5494517254
25.3736854819 24.2693261154 23.9445222984 24.3765648701 23.8519454481 24.2743121881 25.4041118402 24.5125671725 24.2740074823 23.6478146093 25.049926594 24.5536286823 25.3457962714 24.7991998239 25.1674991353 23.9792745107 23.8358132499 24.6402285053 24.6050633668 24.7691545174 25.5903051178 24.3570395405 24.5344232248 25.429747095 24.3251304323 23.6111042731 23.5066387887 23.8883798724 23.9665382862 24.5151350525 25.0210879628 24.9178259842 23.5497366556 23.6814771558 25.5081439523 25.5893392433 23.6927490989 23.7107117551 24.6774645517 24.5783005201 23.5112950872 25.3161182264 24.5942195783 25.2589818189 23.9959286144 23.5321482477 23.9036407664 23.9149583988 23.8684970773 25.0640293395 24.2943671354 23.5650422959 23.9383406685 23.5021119111 23.6806419539 24.8200320661 25.232365024
25.204130012 25.2222790957 24.5299057201 24.2877305503 23.5322077122 23.7565426434 25.0434447871 23.7635806322 24.9519874127 23.8522166187 24.8076561853 25.2581467806 25.4111776997 25.5976567169 25.5530335475 25.2724539146 24.7396755862 25.2036793631 24.4825895986 25.1085905356 25.1771822314 25.1888661209 24.3061626247 25.2149213619 24.3459193794 24.2406136804 24.3500385592 23.9665765434 24.7775196381 25.075163356 25.4042489506 25.4204037323 24.2307106104 25.4389814115 23.5911475985 25.4661367398 25.1547342767 24.6882402395 23.6340155208 23.9312439315 25.2972090445 23.7325349108 24.5698099898 23.8721931153 24.0767588769 24.2645609833 23.9648860737 25.1599834117 23.5302708652 23.9842333208 23.7235723504 24.9814686891 25.1069428943 24.6013360505 23.9655111291 24.9664850338 23.7934674048
25.6091057001 24.4371034969 25.2074824874 24.3749437731 25.2562116638 25.427730421 25.395472513 25.1295892484 25.0520097058 24.3210284869 24.1062100873 23.9864882152 24.9585624636 24.9552729057 23.6056039573 25.1264341759 23.7134265747 24.1278304655 24.1071566857 25.1722687521 24.7032521041 23.7282027639 23.6968174156 24.3865616921 25.3124326701 25.2223574967 24.5246190495 24.6342487874 25.0686039752 25.354634027 25.5032357465 24.808564564 24.8112432521 24.6511878995 24.0097439174 24.6695024651 23.7822335595 24.1630006933 25.378665886 24.3961855788 24.4959348947 24.9584963719 25.5820085655 24.9971868125 24.5717121993 25.3033331185 24.0972548414 25.4895672867 23.576673907 24.2427374112 24.8443189033 24.2969904638 23.6243833455 24.2085494948 25.2332589574 23.7913693594 24.2856285531
25.5455260404 24.8921795721 23.5228373309 24.4204621045 24.8902263596 23.8049189509 25.0209049805 23.6325678524 23.5667294344 23.6292185799 24.325069446 25.0357508543 23.6335110611 24.5030660875 25.2453885473 24.8692168059 23.7026342689 25.3662786078 25.4110228313 25.070659285 24.1640247594 25.5147640748 24.5914766816 25.1396465479 24.401766246 24.0863929713 25.4545136951 24.0714168132 24.8188224301 24.1711760535 23.9183884195 24.8575247211 25.2969820999 25.2164378249 24.7685683478 24.1774900864 23.5494076176 24.7444886995 24.1270841901 23.9671848872 25.4178965106 24.6645273674 23.7849992353 24.9497487122 24.6334981538 24.9307774036 23.9566404909 23.7625993577 23.9844202909 25.2773415751 25.5491776177 24.5820585176 24.4705246482 23.5034581531 25.3570575946 25.2191218361 24.6619513938
24.3249016837 24.0875753325 23.578417398 25.2283631398 25.5987159981 24.0008382927 24.6952571572 24.8503448108 24.9605695265 25.0177782231 25.5950272643 24.0138560801 24.8649682912 23.6748942254 24.030895761 24.4744557089 24.1474637375 24.8283849694 25.3999483545 24.9992767188 25.0454826103 25.3254381351 24.5735908348 24.4570250439 23.9939927307 24.9732843439 23.5680442095 25.514607396 24.0329386757 25.4640682844 25.3928089741 25.0450255017 23.638062228 24.7446457382 25.310443 23.6838687864 23.7469330421 23.6056997823 25.0819806277 23.6361880931 25.4013318431 25.4509410007 25.0354432702 24.050339571 24.5211742743 24.2804636406 25.2609784966 23.5096220095 25.2799081516 24.4809352317 25.616685392 24.7271449346 24.8226247528 24.8684071587 24.5439254856 25.4859040399 23.6044265263
25.2540064454 23.6732208232 24.0191898495 24.6834631307 24.929343362 23.539283655 23.9649236307 24.5397219384 25.5404628958 24.1991373092 24.4915432111 24.062668504 24.5227985916 24.1617858007 23.6434150805 25.098035871 25.4951771294 24.034017504 24.1770450839 24.4103744741 23.6988867026 25.3556831164 24.7531863043 24.8641297614 23.8037445925 25.2365837741 24.8364334318 24.8892468591 24.7712696067 23.8416345338 25.1331585084 23.8645632365 25.557225091 25.3391493113 25.5843463749 25.0914200134 25.5918687436 24.1187291189 24.4162325327 24.7675117089 24.4699987902 24.9065486108 24.6273502557 23.9526088276 24.5736023042 25.1287254373 23.5018115174 24.6913088014 24.5264781341 25.1424048407 23.6630738277 25.3515413521 24.8483354424 24.56826666 25.3775223829 25.5040350437 23.9616962961
24.3718810279 25.4273935204 24.0083335184 24.6169146518 25.3046850184 25.4055860663 25.4711111038 25.4974797705 24.8349898823 24.7662676215 24.4310875638 24.253893154 25.316678712 25.3205998011 24.7869099071 25.0511907341 23.8009170174 24.9931377002 24.8909926893 24.1552169957 23.5674216637 24.3832026175 24.556141983 25.4521419771 24.3332746388 24.2300958301 25.3706429615 23.9309683111 24.9829461139 24.5501605236 25.4272446903 24.2104563518 24.1127118989 23.9281904458 24.9880578331 24.0446144086 24.9377222808 24.0242280744 24.1116452793 23.5022637321 24.5677484689 24.3804046244 25.3526730899 24.4651583778 23.7600270333 24.7746795883 24.7439848075 23.7901653791 24.9612246527 24.6551021839 25.4602996569 24.8469411868 24.8878566696 25.5314045173 24.2734711111 23.6454697474 24.663719591
24.3530220316 24.0914754775 25.6026598782 25.5291792589 24.0869603989 24.3579646905 24.8639420123 24.0024683653 24.2641382483 25.0301780136 25.5180653132 25.0407472712 24.3933537576 24.941326888 23.7468797128 23.7293898004 24.9249878676 24.546548884 24.1724027137 24.719804904 23.9575940107 23.5904388549 25.4046884104 25.4817893765 24.2797805192 24.3653545018 24.9621787256 24.5641405261 24.3764115527 24.6900872474 24.7776497134 25.1892706198 23.5233017034 25.0292598833 25.185941893 24.6882011963 24.8228519179 25.2471025329 24.4145807489 23.5615757764 24.0911437635 24.2344785891 25.4289409035 24.0334600675 24.0053015235 24.42099038 24.0760252715 25.4900633523 23.679522038 23.939467213 24.4544729746 23.5516982259 24.3005067896 24.3885518366 23.9784899714 25.0820548637 24.987337837
25.047939237 25.5981662905 24.9004819573 24.7025785629 25.4986157829 23.9425870601 23.7547141292 23.7907868613 24.9906276596 24.6703492067 23.7655595117 23.965029917 23.9088697877 24.7255712786 24.1591262317 24.6485500301 25.111345939 24.9709807968 23.631189191 25.5225736895 24.401346434 25.0803552027 23.8051034855 25.5769493708 23.5565642018 25.506588632 25.3352348099 24.1545147428 24.8151472006 23.6693036932 23.6637147622 25.1440576342 24.5958703045 24.2755729146 24.8827917154 23.5431639622 24.4634544764 24.0807142801 24.9342104287 24.8022473149 23.5818422484 23.9800865819 25.2391891915 25.1633463901 24.7368849069 24.569178395 25.147591354 24.4423225334 24.9115986145 25.1105694901 25.4800681199 24.4494864507 25.0464606825 23.9865006658 24.7569726494 24.4824788922 24.2948745361
24.8106926162 25.1899282011 24.3172559782 24.6591695435 24.4450622959 25.3705536881 24.9852067743 24.751604862 25.6002052959 25.4451403513 25.3528407542 25.5219143237 23.561932074 25.5845427542 24.5292781552 25.092923333 24.8824981662 25.4756824451 24.8176861209 24.378603186 24.1775887117 24.3263553397 25.1666440057 24.7482853369 25.2429778669 25.0536186235 24.0239721598 24.4818240659 25.0644366018 23.5836297355 24.4345921453 25.4221740982 24.0966362426 24.0437041775 25.116118509 23.5443707412 24.8588532473 25.2582680863 25.1921123195 23.9876815222 23.647195759 24.8559074766 24.8779346194 24.3492063584 23.6804460296 24.3177102108 23.850992942 25.1551952737 25.318466084 24.9013812004 23.5921945439 24.3619601556 24.4401402265 24.5387451951 24.7871188923 24.3368951726 24.0534066681
24.3044052507 24.7110945865 24.970336008 24.8398554983 24.4256549613 24.4427111478 24.6675134361 25.5904138666 23.9179650236 23.6534819502 25.0077056377 24.4287917547 24.4257256947 24.0929531636 25.1010067626 24.3793794124 24.5608316466 24.5776873767 24.826906544 23.6455340951 23.7384671193 24.341419012 23.6969143505 24.7871629432 24.8417480169 24.3509335655 25.1386686171 24.063329043 23.8116995551 25.1083236006 23.6391177409 25.3470274964 23.8758966753 24.390948828 25.2441077527 23.989287079 24.8596247596 25.5354229589 25.5145183867 23.9386675079 25.0763888689 24.3956984103 24.6709084863 25.4603086584 24.0121772037 25.5310103025 24.5519661514 25.5206078085 25.3734986723 24.7718226447 24.9908964105 24.1401884489 25.3051202978 24.7488901688 24.6218964151 25.3167351946 25.262580306
25.2881070067 23.5711648371 25.6208234317 23.8488712305 25.1750044448 24.7260572178 24.2869846267 24.1980659809 25.2858719387 24.6288348296 24.2894502924 23.982067783 24.7467150429 25.6212025835 24.5766974294 23.6900903523 24.1674198949 24.7809938408 25.0528964367 24.9279321753 24.9538124897 25.1604456319 25.3040147837 24.6346682096 24.0137309805 24.3545891836 24.3098530287 25.3486329572 23.9945541863 24.3090854158 25.4214492921 24.4158171822 23.7086534964 25.5488542929 24.5932360498 24.9831305385 24.4301498595 25.5779645581 24.2698361767 24.396075993 24.7568076076 23.787041459 24.673850845 24.6045417906 23.7106822858 23.5809007683 25.0067247689 24.5749897175 25.0128463643 24.3677816391 24.2597403017 23.6173473016 24.9719633712 23.8698855385 23.8441766566 24.069389268 25.0011292733
24.8805057731 23.558994194 24.2410356778 24.2844379516 23.7819125738 23.6741366054 25.1006982757 25.0839770295 25.1866857726 24.6947535383 25.2885683057 23.7244487836 24.6901901892 23.9872676991 25.5582880203 25.1070267343 24.6286476811 24.6446699429 25.481727152 23.5429065747 24.4130207146 25.3298405205 25.1963147152 24.6342569043 24.7904760882 24.6841832721 23.9000778969 25.5102956091 24.4648040244 24.9159022042 23.53514615 24.3190380944 25.4884173515 24.946287761 24.3702448233 24.2093356743 25.1542906193 24.3925283138 23.9612711471 25.2212342344 25.3608381831 24.6267993369 23.5234117227 24.0020660399 23.6474520216 24.2856597855 24.3746480208 24.8754144492 23.9133608204 25.4520658274 24.6481932667 24.848415777 24.7161622339 25.4222416784 24.3598607596 23.6284914517 25.5423988669
23.9050904611 25.5485806592 24.2106436991 24.9978336036 24.9055030098 25.0512487388 25.0137789811 23.9893535928 25.550273691 24.079975897 25.249344532 25.3308703012 24.5814455434 23.8847922195 25.0118448725 24.4494818649 25.15585808 25.0763819736 24.9340185936 24.2894935598 24.0952629264 25.0703721276 25.0471327097 25.2877775269 25.188357747 25.4297180782 24.1389419123 24.408629674 24.8986821467 24.0493818431 25.5347479342 25.3325348777 24.4110086096 24.0171683345 25.2722435671 23.5564705999 23.9499599405 25.0528125028 23.7862423283 24.1971671414 24.8890625456 24.0691331002 24.8725502253 25.243787545 25.0243476637 25.6126297311 24.3950250289 23.6987540468 23.96683574 24.665576461 24.2601768842 25.5841102705 24.518826525 24.1691485684 23.8663755902 25.3560781689 25.1652456719
23.8185953183 24.8970597399 23.9364362086 24.387598398 24.6752068427 24.4545795151 24.3158513653 24.5008456248 24.4203564562 24.9322203749 24.789620216 24.6959961408 24.452360716 24.7876488386 25.4071423313 23.9355118121 24.3935590402 25.56938969 25.6137954159 25.0393007791 25.4985512235 24.1245249378 25.4691216499 24.0886459091 24.8217332762 24.1694485447 23.7615762374 24.4533689115 24.4938428688 24.3692365512 24.9228692528 25.0910291844 23.7977318992 24.4885523982 25.0231636594 24.0772298197 24.7148862426 23.5602406354 24.2537100065 25.4426533702 25.2556144456 24.345615715 24.3193228831 23.8031131154 24.3081109631 23.7944667429 25.5276097855 23.6475569247 24.5325271042 23.9850410783 24.41796606 23.7685435818 24.9754911668 23.8695044569 24.9416259738 23.8162872149 24.1333680543
25.3066965987 24.0906662811 24.3255365321 25.0150426596 24.4669971559 24.5360659083 23.5321988881 23.6881841055 23.6511479831 25.2069757004 24.9911633786 24.9714673407 24.9509712705 23.5074383409 25.4246464031 25.1679937038 24.9387170186 24.4293658903 25.2900178013 24.3101338472 24.1798260243 23.8601566959 25.2832140719 24.9930597106 24.1179785876 23.7332845385 24.9049027704 23.5282417677 24.6405036658 24.7796081161 23.6694403527 25.2789046874 24.3246755996 24.2725123764 25.2984192417 24.0805961399 23.6457299198 25.1279855223 25.2877355064 24.1125354212 24.7146287422 24.7398121991 23.8586489825 25.0345503324 24.843633545 25.5242082573 23.8102006703 25.4676165706 24.5773509025 23.7434102184 25.1091962236 24.2885071786 23.8227681787 24.5596815302 23.7191448279 23.5237866421 25.1429815106
25.5535380816 24.4612890996 24.8848266046 25.5569915901 25.2886772352 24.2228044595 25.3761179052 25.6131528204 25.0481858096 24.539769934 25.5135677198 25.4966451219 24.9649593651 23.7797599213 24.9519880276 24.7585062184 25.3850001994 24.5392524166 23.6003833942 24.6089883858 25.1417665138 24.7654429064 23.5362372748 24.7814781806 25.0713029359 24.8836008306 24.914772887 24.1808592386 24.4564742747 24.4088161067 25.3098567801 24.673705494 25.462963353 25.1017190849 24.1249730304 25.5126292598 24.1109292321 25.3419295086 24.8214871571 24.5198004439 24.30499344 24.0153291117 23.6170089898 25.2228107875 23.5301161037 24.7708368585 24.1226518217 24.4364227201 23.5428260375 24.9713743937 25.0063840476 25.1200570216 23.6886199563 24.3796631558 25.2341372746 25.2988880831 25.1453362016
25.3107628123 23.6145276595 24.6327183367 25.1927594777 24.1970379802 24.1213502601 24.1081810289 24.3493721059 24.9879515092 25.2120772172 23.9086703739 24.4032582557 25.2333206339 24.4482893727 23.5242247086 24.0006033087 24.1835091089 23.8311039708 23.6424865091 23.8679786085 25.3049564867 24.2940038107 24.9736827578 25.0321321762 24.2822579296 25.1120122572 23.8166691424 25.37482666 25.0832545774 24.2061504387 23.5904994132 23.8269636842 23.8768071419 24.3431077529 24.5042391152 23.7627627644 23.8655358924 24.1326170365 25.1972092746 23.827948498 25.573581466 24.8594911538 25.4479978179 24.0723488976 25.3940678235 24.3565875958 24.7501409127 24.5142426272 24.9474296775 24.7116864618 23.8146592265 23.5087273253 25.5910926199 24.641388332 25.5217034074 25.5864521344 25.2275666206
23.9196298306 23.835180644 25.6194151522 25.6153888245 24.0149015307 24.6823869067 25.5362390824 23.6223845955 24.0804126693 24.8216407584 25.3566286823 23.6374555392 24.6670593305 25.58848658 25.4419160437 24.43918854 24.7817959969 23.6094767684 23.6729522374 24.6310674939 25.3781309151 24.0422019029 24.8212044418 23.8821958713 24.6434342396 24.9195325188 24.8841218194 25.1821018415 24.8788197596 25.0291514804 24.6086600105 24.4318025259 24.0286383604 25.2338560091 25.3963029908 23.7126848414 25.6004486227 25.1851287876 24.4318110079 24.3124107528 24.8545189792 24.387675287 25.306128347 24.1690793977 24.6316116978 25.3094318004 24.5325839524 24.1301286335 25.3823902027 23.5485677126 23.6656358002 23.9284486687 25.1989491685 24.2677486009 24.9021299044 24.7139182345 25.1049734494
23.7208318997 23.6795090541 23.760691064 24.0679167274 25.3857038743 24.2834798373 23.5328167187 25.407327257 25.2514156321 25.5490475689 24.852810971 24.7652835306 23.5346878392 24.4119666383 24.3939104102 25.566755194 24.5909487697 24.4916805252 23.7024110906 23.5879595499 24.0465674715 25.3472871253 25.3941848808 25.0442404229 23.8928988647 24.5017363275 23.8386114854 24.8910287418 25.4832107156 24.3008687085 25.0132551111 25.5035070587 23.6310872977 24.1252456223 23.7483630892 23.6432047471 25.506458133 25.488684232 23.9928463734 24.0066191013 23.6690238653 24.0453693057 25.0049324149 24.8450926719 24.999488136 24.1373386603 25.1093452893 24.4603543363 24.4930505673 25.0176804731 23.7726052485 24.0830213206 24.5509889518 25.5703779813 24.4455402158 24.1175439915 24.9003847712
25.0015080427 23.6832666992 25.5870900231 23.6405721782 23.7559126405 23.6381325681 23.7332973102 24.0467872946 24.0234057633 24.7898469266 24.8557199411 24.0667235382 24.5432244432 25.4017805311 24.5983144003 24.8170639284 24.3341461566 23.684594304 24.744913053 23.8142464965 23.9748855495 24.5797288225 23.666905064 24.2917592422 24.3759450404 25.2216720046 24.8808776208 24.0159556971 23.8592129779 24.0871077169 24.6966818647 25.3654473549 23.5880916936 23.5723279959 24.5498825483 23.716264133 23.5638478399 23.9320196867 24.9353325518 24.1544142594 25.5116471242 24.8906793956 24.3776335438 24.2409566467 25.0743450326 25.1910569612 25.0673782837 23.8331984429 24.5254662791 24.6032944447 25.3270878579 23.6452444726 24.7732361691 23.8535416201 24.0143819299 25.2527950054 23.5137470323
24.1976231096 25.2223695687 24.9672212908 25.0521555112 24.9972815179 24.5894456017 24.3895271441 24.9917648874 24.7625317559 24.6947090792 24.4246269862 23.7822228064 24.9579404751 23.9562353686 25.0205804683 24.4259275732 24.5027084661 24.086026647 23.5972777529 24.0727522887 25.5525061501 25.3409871968 23.7401913806 24.4698656811 24.5405353192 25.1820000164 25.3564787049 25.0058800091 24.5792160116 25.415684608 23.8683136431 25.1361098529 23.7933223572 24.5529637912 24.6258710022 24.8269897404 25.1402589921 25.0759314417 24.456839307 25.5536896211 24.1589867982 24.9991816912 24.6642111109 25.3382483694 25.527677627 24.6792848846 25.1491656217 25.2599724129 23.6354252493 23.9912882733 23.653169053 25.5320639569 25.3399916417 24.0169876833 25.4789598329 24.7505406204 24.7891028165
25.066405438 24.4554059379 24.7907693026 24.9955647554 23.6399507587 24.4367306727 23.7902393231 23.7672743188 25.6111353005 25.0294145643 24.4395367058 24.6410243023 25.2793045108 24.0459435343 24.4364891878 24.227082468 23.6722072494 23.6317480096 25.4287474912 25.5672502756 24.0678354814 25.5304660501 24.7021581644 25.6170882892 25.5002165802 24.537094653 25.4731130595 23.5321103176 24.4696989736 25.3731037844 23.9282639788 24.2497998655 25.3443328105 25.3254597168 25.3601077141 23.9142380413 24.2760403199 24.5522712416 23.8780348104 25.1917487491 24.3068243512 24.6233699642 23.5489145323 25.0511556675 23.6715255489 24.1647742913 24.178915807 25.5239634952 25.1857804811 24.2991513487 23.5483180387 25.1373971093 25.3606402671 23.9928973916 24.0081023029 24.5104113289 23.5896203794
24.4759756535 25.0867424921 25.2732317663 25.2901026364 23.8171789733 25.5248206033 24.0620980961 25.391298713 23.6021853092 25.2345053355 24.2276511116 23.8578481809 24.9059484019 25.2634877805 23.520106391 23.9698112211 24.340951786 24.6194829304 24.4577322941 25.5041929369 24.3511174726 25.2650861397 25.4489129263 23.9473954355 24.9175103893 24.7309785167 24.4890301926 24.8618183105 23.9784724333 24.1340681097 24.6737114152 24.6236230861 23.5115811212 23.7020722261 23.9005499113 23.8785110305 24.0976181953 24.8202056259 24.3863833586 25.5723914478 24.0578984856 23.8182264486 25.5148106493 25.5574806696 24.3512976474 23.5817152975 25.4890153674 23.6835399714 25.0774942483 24.1826287314 25.162302044 24.6502649576 24.9387106465 24.9380114279 24.8820843617 23.9945853972 25.19587251
