Spatial_Output/DEC/DEC_0197.asc
NCOLS 155
NROWS 192
XLLCORNER 196307.867259
YLLCORNER 449144.565805
CELLSIZE 33.573938
NODATA_VALUE NaN
[rows 78 to 103 of 192, columns 0 to 56 of 155]
0 0 0 0 0 0 0 0 0 0 0 0 0 46.1563676476 47.1133989243 46.6275040227 47.2911991781 46.4020260051 47.1435809885 46.9088893761 47.3229150989 46.585372534 46.1044201951 46.2084831183 46.0510058845 46.7661711496 46.4891512132 46.5670918945 46.0087743134 46.7293170782 46.2290989242 46.8075965438 46.3304547536 46.9388454425 46.4543046384 46.0518923537 46.1480596189 46.573274535 46.0614666637 46.1862216078 46.6649974953 46.0589327227 47.0378140621 47.3385593522 46.390059354 46.8926709559 46.7731507962 46.0618420239 47.2273181425 47.358850451 46.373748088 46.8284332706 47.0753432545 46.9629353212 47.2824602575 46.6673667288 46.2116504662
0 0 0 0 0 0 0 0 0 0 0 0 0 47.1832061002 46.2108151729 46.3302433714 46.9930746593 46.1602222731 46.1017867218 46.0359399408 46.2965228726 47.2003754313 47.0783838742 46.1099464819 46.8054985387 46.0335556197 46.1243906932 47.1733682375 46.5057015278 46.5717463588 47.3572830174 46.2118834697 46.6688079231 46.7188035497 46.3939075776 46.4304369503 46.7224839217 46.3092872946 46.1321227922 47.3627055511 46.1929024875 46.0617468271 46.8534472543 47.3477508002 46.8097881425 46.7701607112 46.865004409 47.2673051092 47.0292001898 46.6519632386 47.2954175936 46.2097978649 47.0105346825 47.2532167301 46.2437314598 46.7273837466 46.627319693
0 0 0 0 0 0 0 0 0 0 0 0 0 46.7705774203 46.5547518522 46.5901715136 47.0977048719 46.2934238016 47.0367770284 46.5745254749 47.3568897173 47.084476889 47.2704918319 46.2502470243 46.9899391244 46.3458195202 47.1894342585 46.1093318439 46.2226103074 46.8377345679 46.7367232286 47.106138496 47.0205509345 46.4808181873 46.9010616989 46.8298832384 47.3150748797 46.3664523102 47.2023675855 46.6520064265 46.9911190448 46.2153109615 46.309573604 46.4708841694 46.2995723003 47.2418602431 46.3347480925 47.285447908 47.2590484153 46.556201194 47.2222953295 47.3614906367 46.9546084063 46.5705703564 46.4917014263 47.3572919447 47.2285995402
0 0 0 0 0 0 0 0 0 0 0 0 0 0 47.0641440587 46.6800626265 46.0054775455 46.4508685832 47.1155002873 46.8907036141 46.5980635547 46.5615750946 47.3536068063 46.3222113563 47.0001290389 47.2782881593 47.1615738894 47.3857794031 47.3024494607 47.2627143387 46.1944245105 46.3440737102 46.1594699121 46.9773589356 46.8894073601 46.9252836734 46.7729376481 46.2209428439 47.1942693877 46.5892182975 46.5816322251 47.2205194298 47.17258822 47.1842011613 46.6250807669 47.3015703392 47.3219506308 47.3373239703 46.9060758839 46.3215310931 46.3397661434 46.4998401131 46.3013652357 47.0725881437 46.7756327285 47.0588525179 47.2190123722
0 0 0 0 0 0 0 0 0 0 0 0 0 0 47.1823475606 46.0201879919 47.3663446359 46.1900889028 46.5773781828 46.3256717916 46.8965223478 46.0207373925 46.2260871833 46.7840515597 46.9238010529 46.1531293807 46.0557700814 46.4132094879 47.4100514056 46.3679079517 46.1667650629 46.2627376283 46.6531627923 46.7208294864 46.3909321021 46.9415799976 47.2479002812 46.1914885575 47.4118925375 46.4954347844 46.6251306961 47.1753812679 46.0504799769 46.2129751272 47.342163629 46.0182874099 46.0181713391 46.8653097034 46.7976230246 47.0102954287 47.2009286622 46.0945272856 46.0331894218 46.4984987282 46.1092773955 46.0788975205 46.5969677783
0 0 0 0 0 0 0 0 0 0 0 0 0 0 46.7286844327 46.575599522 46.4065379261 46.8450046714 47.3843000669 46.1406193877 46.0558125637 47.0128802703 46.8068681846 46.7787638095 46.8874918175 47.1154545785 46.7853537485 46.9520003865 46.6911998682 46.0049841025 46.5358308261 47.0929944896 47.2087282264 46.0425144932 47.3991601414 46.2144292061 46.8238658003 46.9347368059 46.5581918791 46.549082676 46.9454213967 46.8941391988 47.3859990676 46.4453840374 47.2172768867 46.5701365128 46.4098238541 47.0531357223 46.4339020046 46.679576057 46.9801328 46.5021130937 46.6394865082 47.2736042371 46.3886994712 46.3000015972 46.6373525874
0 0 0 0 0 0 0 0 0 0 0 0 0 0 47.1167446351 46.9578260574 46.3134017267 47.1019413731 46.6477700885 46.6435270458 46.7589223247 46.3900336074 47.0631427082 47.099305836 46.9173437345 46.6388328209 46.0308318197 47.3174066974 46.1529122921 47.138506018 46.9816526659 46.5807753882 46.8285823274 46.7150663697 46.1713383206 46.2263161826 46.7683283603 46.305353442 46.0805686442 46.6844024073 47.0699088027 47.2736024976 46.876070946 46.1738954441 47.0700339405 46.0461343113 46.3630332535 47.3462074114 46.9109329731 47.3119391101 46.8420114959 46.2490120151 46.7058014165 47.3986522894 46.3066119834 46.3919854202 46.4172992716
0 0 0 0 0 0 0 0 0 0 0 0 0 0 46.485292039 46.229602114 47.0303096254 46.79264524 46.6590485898 47.047826756 47.0286306119 46.9623968659 47.0148716704 47.324194204 46.3704616254 47.3234809902 46.9650721298 46.3232598294 46.3521504444 46.4776168388 46.8152269181 46.7983582965 46.4951585638 46.3453830852 46.0949548983 46.609430328 46.3220156964 46.7028590963 46.3822363501 46.1845329891 47.3712884815 46.2672080811 46.2276886569 46.3310570548 47.3782021052 47.3066414067 46.7865966324 46.4486516577 47.050915407 46.694199474 46.7711894056 46.521970618 46.2007461361 46.2869596522 46.3167404321 46.8482129431 46.7721806645
0 0 0 0 0 0 0 0 0 0 0 0 0 0 46.0119653862 46.6082307689 47.1402997321 46.1341691673 46.1123209811 47.1526812503 47.3526018866 46.2372396304 47.0396734612 46.8935088329 46.411649454 46.3460005491 46.4345242039 46.4270941146 46.82982721 47.3535706223 47.2869237983 46.3778631244 47.0240440086 46.4846016692 47.1187309338 46.7842261171 46.1980775393 47.2126267092 46.5340332084 46.6074638051 46.3621579878 47.3672570717 46.2706179801 46.6288144122 47.2295538164 46.4711695366 46.0024488851 46.2916261068 46.7838114273 46.4566222224 46.9979231346 46.143441239 46.105048426 46.0345830189 46.2992313316 46.8367246694 46.3540938593
0 0 0 0 0 0 0 0 0 0 0 0 0 0 0 47.2352885583 46.3637591316 46.7517560168 47.3803984697 46.6458048429 46.2856564956 46.7416934781 46.1092212645 46.3229260047 46.469865578 47.2433153756 46.4035694172 47.0630238246 46.1899217395 46.5626720848 47.2563587835 46.0237443857 47.3976488044 46.2682653414 47.0270907183 46.3029864507 46.2023015191 46.5706920296 46.5957497254 46.3084506316 47.2939547867 47.2662668812 46.0183535737 47.0219516051 46.1374197454 46.4438749946 46.9298469961 46.2730612206 46.7172026847 46.8352106505 47.3838672889 46.73329616 46.1060247439 46.2331072073 47.1151334395 46.534519287 46.3377873452
0 0 0 0 0 0 0 0 0 0 0 0 0 0 0 0 46.5711755435 46.5431697202 46.5059519889 47.3448675634 46.7811328015 46.7764914946 47.0374346865 46.177406157 46.2659749475 47.3555417507 46.3220110017 46.9303568337 46.1186927908 46.3119846421 46.8972014948 47.0117846335 46.6669306528 46.8353240394 46.8271602291 46.3744321333 46.1881093595 46.8165048633 46.2666227838 47.0436622441 47.0410626528 46.2277679619 46.6366329104 46.8100323345 46.7790095497 47.1724458213 47.365180002 46.9585618297 46.5006577833 46.7049958979 46.8814427154 47.1962166714 46.5712099892 47.3680719492 47.0607426312 47.305371845 46.4047971159
0 0 0 0 0 0 0 0 0 0 0 0 0 0 0 69.7571762143 69.7571762143 47.3254624557 46.3483123326 46.9899671352 47.0289426423 46.7685754737 47.2368161023 46.619382819 46.0696829996 46.5575331112 46.3466809252 47.3998820564 46.6916908905 46.6363792996 46.1540960087 46.1402047526 47.0250678686 47.1715648735 46.4082599327 47.1131453811 47.2296285167 46.2054859169 46.2504305255 47.0060087907 46.4411950857 47.3895666893 46.3310909477 46.0980635207 46.2407229095 46.1884340942 46.1703973622 46.5277015684 47.0245793106 46.3136086137 47.0147167563 46.6919541003 47.1143086054 47.1425679866 46.1086235584 47.181051244 46.0845646843
0 0 0 0 0 0 0 0 0 0 0 0 0 0 71.1128159093 71.1128159093 69.7571762143 0 47.1835502394 46.8942687033 46.972587685 47.0629662367 46.6439002247 47.2953620471 46.8210987705 46.4377845928 46.2852906274 47.3551478069 47.0718814853 46.4509616723 46.8920943715 46.3875804409 46.6537866922 46.2745977724 46.8596306822 46.6785301124 46.9601768436 46.9818099738 47.2801130951 46.8819357548 46.0720001226 46.4290988284 47.3454574663 46.7166192904 46.8735981723 46.9627508891 46.0534226535 46.3368111869 46.597634661 46.8348007563 46.2181505441 47.0151191263 46.2736015226 46.344168133 47.2767429995 47.0485477887 47.4065877873
0 0 0 0 0 0 0 0 0 0 0 0 0 0 71.1128159093 71.1128159093 0 0 0 46.1859677148 46.2389336058 46.1401177757 46.7010722321 46.0404299824 46.1083815489 46.9202952896 47.0605035073 46.8112798588 46.1900019555 46.1953343238 46.9255670962 46.7086254347 46.6718703402 46.3011672436 46.5607635038 46.7894819088 46.0611934658 46.8765071063 47.0488729261 47.0214274011 46.2454041507 46.3016972031 46.9897167772 47.1777262661 46.4825312757 46.9847538914 47.1974244405 47.0127505341 46.0329036232 47.0660089612 46.9821662017 47.2574682738 46.3968955583 46.2963188101 46.1913190473 47.3129704753 47.0140957935
0 0 0 0 0 0 0 0 0 0 0 0 0 0 0 0 0 0 0 46.0726368713 46.1703400344 46.9434608989 46.0911578665 47.3727877183 46.7766367973 46.7757258421 46.2603979036 46.2822635502 47.3704013043 46.5945394761 46.8561526087 46.7378000931 46.5469420778 47.3418888018 47.2591682452 46.4261988228 47.072286793 47.0695586969 46.4278152232 46.7290744563 46.4881566809 46.7657004751 46.0475127818 46.0914385607 46.5732531113 47.1684985075 46.7003721681 46.0477113153 47.2506961266 47.3285696424 46.1313050374 46.1696204901 46.2884640066 46.9160046283 47.1016266173 46.5544345632 47.151419966
0 0 0 0 0 0 0 0 0 0 0 0 0 0 0 0 0 0 0 0 47.0246868259 46.2020068043 47.1710187396 46.1702605284 47.037894615 46.6771011401 46.8241706968 46.1564019237 46.3887026063 46.6687550579 47.2525353622 46.1414513944 46.5317137223 46.2620134878 46.9290965574 46.557534118 46.2144087125 46.1209300325 47.0725706475 46.7204381404 46.3673444929 47.345577398 46.5063977967 46.600806603 46.1016605161 46.8024245105 46.646353303 47.240196375 46.95613596 46.3449555544 46.1619902177 46.9316040764 46.6792611108 46.1399772365 47.1942517883 46.3737029289 46.237148505
0 0 0 0 0 0 0 0 0 0 0 0 0 0 0 0 0 0 0 0 0 0 47.0922461775 46.5050402961 46.3502380256 46.5417761359 46.3838302583 47.065243571 46.9294589149 46.2767737804 47.3478144093 47.1326306455 46.3723719453 47.2780716545 46.0430618335 46.7870639904 46.953412751 47.3884266852 46.015875617 46.2276788697 46.0048220235 47.3160002251 46.5333044868 47.1237579118 46.1837654996 46.1101664988 46.6678004028 46.054249296 46.792418818 47.4031337582 46.5293038443 46.2468024562 47.408292075 47.1585155483 47.3837883116 46.0171422216 47.387259436
0 0 0 0 0 0 0 0 0 0 0 0 0 0 0 0 0 0 0 0 0 0 46.7929626715 46.4612522681 47.1365795587 46.3090021635 46.0785041178 46.2498977944 46.3218147751 46.9611527138 46.3577477347 47.3320727879 46.045599547 46.1196118798 46.3468049039 47.0135969966 46.6628346098 46.0516809613 46.4731374799 46.8426122582 47.1465890775 47.2613560342 46.9163117578 47.3266263035 46.5975395419 46.6631676282 47.1811241982 46.8425516467 46.8194892179 46.3118129039 47.1775433658 46.4374656836 46.8023057159 46.4385487401 46.8813434632 47.1829711404 46.7450446998
0 0 0 0 0 0 0 0 0 0 0 0 0 0 0 0 0 0 0 0 0 47.2628460822 46.5141656663 46.8413162662 46.3640948406 46.9691086749 47.2834629759 46.9226383482 47.2068654868 46.2968122028 47.2645774606 46.83343267 47.257053472 46.2305765093 46.2603415097 47.0685852561 46.3960184498 46.3182262245 46.7504565863 46.4780935884 47.2258669331 46.841049516 46.5640552716 46.8882633502 47.3432075416 47.2971736409 46.9421275551 46.5764599617 47.1627376092 46.9652531531 46.0135009148 46.5483863909 46.0857391868 46.9607689366 47.2201414619 47.0087584027 46.2266171155
0 0 0 0 0 0 0 0 0 0 0 0 0 0 0 0 0 0 0 0 46.4991408792 46.0982121335 46.9996033133 46.9003567209 46.4924506145 46.0746086858 46.6536927332 47.1873955965 46.0527384361 46.7120327074 47.1526145615 46.9148157013 46.8838298549 46.1489126567 46.5722749197 47.1892005106 46.4982317327 47.3260139914 46.484248708 47.3852376718 46.5245902129 46.6277634333 46.9262900198 47.4058983521 47.2825479089 46.0657433024 47.2905371687 46.5866784892 47.0587295711 46.8955896901 46.4995170728 46.4301417325 47.0491410115 46.6987532271 46.3225837191 47.1756112596 46.0494851224
0 0 0 0 0 0 0 0 0 0 0 0 0 0 0 0 0 0 0 47.2120210271 47.1031246903 47.3733834061 46.0179319703 47.2662385026 47.2566000366 46.4708879729 46.6633775817 46.4267173726 46.6140563032 47.3288813129 46.9969024736 46.1339346827 47.3282706249 46.0378130407 46.4129997314 47.1575909586 47.2752409401 46.34299847 47.1452316437 46.0953066237 46.6081812701 46.9413168228 46.3036472451 46.0999969253 46.9338310919 46.1114378284 47.3170380757 47.3480159096 46.4994177663 46.3625766697 46.1085604739 46.3060954803 46.1452623176 47.400095449 46.444424943 46.0026412287 46.53899692
0 0 0 0 0 0 0 0 0 0 0 0 0 0 0 0 0 0 0 0 46.7975865945 46.3534475227 47.2937878231 47.3305655618 46.5733830345 46.1360002387 46.46543848 46.0259736188 46.1602630537 46.2322891014 46.926999231 47.2999316236 47.2574582966 46.6546909317 46.3926636311 46.8354611287 47.2683311276 46.0337631452 47.2882692974 46.3242011858 46.2925451372 46.1057933869 46.7116822935 46.9616250081 46.7046621146 46.5408352025 46.7981807435 46.7379888341 46.562139651 46.7251577187 46.5562104825 46.756800345 46.2086036207 46.2960183944 47.1843121982 46.1650126253 46.4400177651
0 0 0 0 0 0 0 0 0 0 0 0 0 0 0 0 0 0 0 0 0 47.2203377873 46.6830795541 46.5945757668 46.1615590166 47.2862526448 46.8217703853 46.5736639187 46.7608533772 46.0367774383 47.0174402753 46.6288753525 46.8446671759 46.083406819 46.3841543076 46.7858935107 46.8386203447 46.2101371728 46.1523501759 46.5610876526 46.9828076975 46.2561574386 46.4798334565 46.478166186 46.2465027971 47.1966021599 47.0323765459 46.72145347 46.4466170659 47.1155698363 46.1184045475 46.4704940182 46.1472471826 46.7523333532 46.090311035 46.4424076917 46.2438292394
0 0 0 0 0 0 0 0 0 0 0 0 0 0 0 0 0 0 0 0 0 0 0 46.3722909025 46.9335715682 47.1720041458 46.5406277181 47.1126312056 47.0040287067 46.6755821522 47.1260490248 46.6976677457 46.8693309796 46.0856519421 46.8648954715 46.8403713043 46.3860264747 46.070474851 46.4625296402 47.0838054546 46.5685534885 46.7172267417 47.1840896618 47.2375854578 46.5838007929 47.0347156012 46.4373825662 47.1878702081 46.0916239951 46.3098689814 46.7221626911 47.084990997 46.9591913976 46.7084266926 46.330611661 47.2652108094 47.1734115011
0 0 0 0 0 0 0 0 0 0 0 0 0 0 0 0 0 0 0 0 0 0 0 0 0 46.8336411711 46.6220420677 47.2674250799 46.6406602354 46.2043786794 46.5469444563 46.4837702462 46.5106438948 46.1673100923 46.9502629571 46.9933646842 46.1981705938 46.0256017227 46.1634732256 46.9717075143 47.1207562122 46.9410782755 46.5076086015 46.913677875 46.0080875752 46.0408989916 46.2865009235 47.1425934414 46.1320054647 46.0905188892 46.9616050405 47.3742176361 47.1130316906 46.2176241192 46.9131004669 46.0733864506 46.5935427283
0 0 0 0 0 0 0 0 0 0 0 0 0 0 0 0 0 0 0 0 0 0 0 0 0 0 46.0776418228 46.9694753231 46.6113901254 46.680798743 47.1223412027 46.4768478547 46.6521652589 46.5132446369 47.3917147437 46.9143960653 46.0146983181 47.1311795677 46.064466574 47.1145770107 47.3178212203 46.164095543 47.0852717046 46.9917253978 46.8129142066 47.0491062959 46.3400352939 47.1407526968 46.0195626094 46.5157780828 46.1993892233 47.3096399842 46.7842123526 46.9715857628 46.0285745801 47.3219537111 47.3852118481
