Spatial_Output/DEC/DEC_0045.asc
NCOLS 155
NROWS 192
XLLCORNER 196307.867259
YLLCORNER 449144.565805
CELLSIZE 33.573938
NODATA_VALUE NaN
[rows 52 to 77 of 192, columns 57 to 113 of 155]
46.11494079 45.6859762479 45.3679691126 45.1849091759 45.2469860544 45.4601952947 45.1586348064 45.4149038573 45.5752895752 45.4707701509 45.3181614258 45.9363518053 45.2772600822 45.4071297272 45.5986561911 45.0318300637 45.7543356926 45.3817438241 45.3998933445 45.5887573733 45.1359915721 45.7143726046 45.1376370434 45.5492234025 45.3087900674 45.2200086507 45.4663861811 45.7587656346 46.1834423795 45.6214898229 45.0095574937 45.8608107774 46.1692178442 46.1004062607 45.1737368193 45.372297222 45.3371446417 45.1253285336 46.1317255032 46.1085285116 45.06647921 45.8839623642 45.7206944076 45.7505187611 45.2815695958 45.0182307718 45.9294063478 45.3369270436 45.8506918891 45.8363763161 45.9793295878 45.1920181249 45.9567045725 45.0665837257 45.4625921526 45.5933782354 46.1367763453
46.2779336165 45.9669410503 46.1677624812 45.7434743569 45.944840329 45.9365907005 46.0778407215 45.6421098482 46.1985909027 45.7398150049 45.0620415704 45.6973251529 45.5644067474 46.2191909921 45.4353735361 45.8998087699 45.0390924673 46.363479618 46.1507061491 45.6057277049 45.1613643845 46.3601918986 45.9300669953 45.4824469034 45.8487698103 45.6007059251 46.3319953231 45.0307552472 46.0668290744 45.2786218084 46.1153526827 46.2042435779 46.2554496107 45.988640205 46.2362354569 46.4028624694 46.2219263149 46.1310809595 45.8563193798 45.352921306 45.2531779871 45.9724069047 46.1042404532 45.5321855352 45.1464087751 45.9559820448 45.9201313039 46.1396348719 46.144313227 45.5392051556 45.9079263503 45.5383330148 45.8220341657 46.2186060163 45.7160977121 45.5947891623 45.1470311927
45.3199196645 45.2983601005 46.0193473056 45.93619815 45.854833079 45.3423050336 45.5526306825 45.1631335996 45.1111497688 45.4080550328 45.2245686919 45.3434451611 45.6183117901 46.1450930172 45.7038759659 45.2007653614 45.9602049991 45.3600875723 45.7934488732 45.2970504631 46.3602171379 45.6594374903 45.6345402513 45.7854336575 46.2869103623 45.4427132258 45.3049055573 45.3000766656 45.2491750594 46.3423093659 45.3948931988 46.3098110457 45.4509332298 45.6642831553 46.1383367223 46.2390815992 46.1007350859 45.4015253822 45.028549173 46.0307171102 45.4700422851 45.3371360047 46.0620682826 45.4410823656 45.6772780273 45.5067066792 45.1692365681 45.7912012083 46.016500223 46.3346012166 46.3050539697 45.1862552934 45.199560515 45.4455894319 45.3037196352 46.0436807938 45.4702123826
46.117914258 45.7195170771 45.0626417394 45.7127069632 45.9940240361 45.212943399 46.1796791948 46.2036264668 45.6572520374 45.868586235 45.1126043647 45.6475088677 45.0502554605 45.268769495 45.275124241 45.3737136998 45.2730178733 46.2898709988 45.6228608092 45.3615615228 45.6483593578 45.514400798 46.1702794012 45.6226968196 45.5663657993 45.2277850532 46.2169101595 46.3596128137 45.9647217459 45.4032496626 45.2515590051 45.684785002 45.8764408034 46.1517539835 46.21540612 45.5701064188 45.939655091 45.8439202884 45.1090772425 45.7200259551 45.5297447388 45.6870757656 46.1614447359 46.1675870862 46.399428025 45.7656245783 45.2275713538 45.2157141568 45.5899739865 45.1084456878 45.551368368 45.3615850329 46.2741614226 45.7090483413 45.4704747628 45.702351729 45.5725393584
45.3155892414 45.0557370318 45.8360383822 45.531738672 45.754702475 46.2457522534 46.042655118 46.2454574319 45.8267336002 46.1278246643 46.1790431085 46.1730488484 45.8311838669 45.0743867312 46.2828799278 45.2404616133 45.5983896856 45.9565074526 45.0522834576 46.1479047548 46.0224450941 45.6736852249 45.5326908736 45.1462987469 46.1087313747 46.3242491867 45.0283386686 45.6984114468 45.1591794566 46.3706362747 45.8233458761 46.3314562002 46.2299134198 45.1181081922 45.7154765724 45.397453419 45.1217735719 46.2394370467 45.9113414965 45.6068273964 45.1112737339 45.5920555009 45.7935473955 45.8861806206 45.9805249927 46.2601620913 45.3839748347 46.1925924656 46.3400115186 45.0144496096 45.0436500515 45.915632531 45.4494413286 45.6982715983 46.2983360259 45.0236147888 45.5070100425
45.7542635247 45.7553855362 45.4767871087 45.5145551158 45.4365030713 45.8824412499 46.2120042644 45.4397888473 45.6935524622 46.194105708 45.8223664163 45.3800400269 45.9386625686 46.1318112508 45.3436191558 45.8025940986 45.3830854024 45.3405161333 45.1054405093 46.3799221103 45.3823928493 45.4210576786 45.7001023787 45.7034567194 45.3604836105 45.6347122691 46.2101971199 45.5743312019 45.321138108 46.1579303987 45.8448401586 45.3019708706 45.7255320968 45.3508994945 45.6702082646 45.2842903506 45.1146356669 45.3816279841 45.492962665 45.2842664968 45.1710721556 45.2798937769 46.3407668779 45.7686696599 45.7921480729 45.339694027 46.0416629423 45.6654397841 45.0519283115 45.0121966516 45.9196681296 45.4400818885 45.3862374026 45.4136505469 45.3880208202 46.0382307044 45.1037039659
45.7156462062 46.196504562 45.8223376449 45.4990135016 45.2450420474 46.36327437 46.3829651904 46.1355922402 45.155887795 45.9309954498 46.1505770159 45.8174275357 45.1248453934 46.241124104 45.6483434774 45.0480092067 45.2480349976 45.5031676724 45.8432419143 45.0847733907 45.9001862682 45.1179272236 45.2418267031 45.2721763076 45.7777230889 46.3375209163 45.0990194782 46.0478849599 46.1344605676 45.3782196178 45.8864735824 45.2096234727 45.7037526489 45.8938692108 46.3224497371 45.5522064459 45.2946788936 46.0537393226 46.1192991579 45.4940060598 45.1124227746 46.1255130571 46.3250015612 45.9210612595 46.0786099273 45.4135083619 45.1769139074 45.6194138149 45.3311388795 45.1025297928 45.0425953216 45.7155157032 45.600360259 46.3178900614 45.840050637 45.7999989586 45.0170334028
46.3825161309 46.1225464427 45.2755619256 45.4459271911 45.825273379 45.4949869355 45.5197403316 46.1187269509 45.7838111089 45.8293043017 46.3992289304 45.666494318 46.0985101613 45.0309752179 45.3227300714 46.0940075073 46.1342234091 45.3453943899 45.1527302163 45.8903847675 45.8836193322 46.0994542428 45.4408973944 45.0829137588 46.1366374839 46.3547681994 45.5320835962 45.4954377015 45.9825668485 46.3358898237 45.7931782952 46.0980606803 46.3300695074 45.1044666074 46.072270686 46.0722750189 45.5110320258 46.34343075 45.716772994 46.261649703 45.1799676974 46.0845942452 45.2605639512 45.3514496791 45.7663781472 45.1618045588 45.9321468556 45.7700114229 46.3510405891 45.6146041032 45.0558530482 45.3863891339 45.847978127 46.3272161714 45.9027764269 45.6610017114 45.5358767651
45.2509073668 45.2075753243 46.2828723639 45.8598568145 45.527035876 45.7472926212 45.1791115698 45.6292840703 46.0966022978 45.5919011027 46.220246533 45.3888316036 45.4339023703 46.2850334788 45.4924186093 45.6613967953 46.3873671186 46.2486808267 46.0296290444 46.0303960425 46.33037485 45.0047315796 45.2868642882 46.0343955529 45.525938829 46.3894832166 45.2394359578 46.3358479508 45.416947894 45.9561469341 46.0797635609 45.7031626803 45.668921389 46.2514003523 45.4587890432 45.3656241305 45.073734033 45.5478917081 45.2900588718 45.7355295377 45.7198204616 46.0949571675 45.1348429273 46.2610006538 46.047058579 45.7983896967 45.4370562127 45.3693323378 46.28579785 45.7041087466 45.7801100231 45.8548992238 45.524094603 45.8365669177 45.7035055955 46.3826510164 45.4180494073
45.0746520929 45.1955889173 45.7849840987 45.4154151074 45.7268597593 45.704783455 45.6732870515 46.1432032812 46.0145141206 45.5319129174 45.000153134 45.1099212774 46.051126942 45.7292360121 45.9274537064 45.9863244205 45.7163014175 45.6519276888 45.7052370473 45.1388894149 45.1669461799 45.6943379393 46.0983269477 46.0144633091 45.8109377489 45.4899494519 45.9442072064 46.0110630038 45.0399247286 45.6691087068 46.0905259276 45.6642338381 46.2473724151 45.026417564 45.1841419492 45.3646669542 45.7062323005 45.148406035 45.6424137577 46.3580327169 46.3116759331 45.9799249069 46.1955714858 46.0169440682 45.572893742 46.0100708784 45.8800754773 45.6158131349 45.5588434054 46.1386490502 46.0579553818 45.6352567518 46.3181128025 45.9220403993 46.2996029207 45.8980507558 45.7603853818
45.9826159683 45.9242062636 46.2558548324 46.3151619881 45.1065942411 45.0486929896 45.7853754661 45.7633601009 45.2841542568 45.5899424347 45.3753939878 46.1682327115 45.1847190433 45.8431944933 45.609603977 45.7299096379 45.5559804403 45.1014107073 45.2616667814 46.103283753 46.2404722332 46.3295374293 45.7081523079 46.2139463718 45.899553566 46.061317543 45.852336197 45.7121418787 46.2813336068 46.1541586304 45.2209106489 45.4428247259 45.276751983 45.9318223828 45.6688244266 45.1360471809 45.4716925062 46.2615138302 45.7600148036 45.2231983567 45.9920271134 45.619041543 45.2844310736 45.3266013138 46.3765880901 45.0293151038 45.2124393156 45.4648870192 45.4711440337 45.2760399362 46.1176661826 45.5397222778 45.9676190818 46.3014464522 45.8760643991 46.2604834221 45.8120671104
45.2987495002 45.2600252176 46.210427954 45.7516407871 45.2046349534 46.2605836015 45.1672193838 45.7428365054 46.1194365535 45.1788471144 45.1470523509 45.277757036 45.4436405359 45.4099304196 45.1157574233 45.8307822752 46.1303948524 46.1463619358 45.2358866229 46.0054994561 45.4261412725 45.7138145674 46.1168564015 45.0621645061 46.2227694819 46.1596515682 46.202191226 45.7498992192 45.1547317121 46.3541715322 46.2096886471 45.8942822541 45.023277477 45.2997195262 45.152254408 45.5795629122 45.3188726669 45.3172052155 45.0771398866 45.5914380778 45.3843045991 46.0206128204 45.2285526088 45.2271379111 45.7279813439 45.5892011978 45.8365430834 45.5810789464 45.6283437682 45.1913239947 45.0458978178 45.8175721528 46.2302211478 45.3426273454 45.9612621177 45.8700059257 45.0320308239
69.0628701306 46.1479891398 46.1510084843 46.2060557611 46.3704821957 45.3809524857 45.9907150722 46.0972373102 46.322978448 45.9293945564 46.2470649505 46.0317049194 45.9922442294 45.2749680562 45.2288282468 46.2545694307 46.1118017845 45.6699864742 46.2508084613 45.8046554729 45.6448631709 46.3955124982 45.7041393121 45.7243013352 46.1096373116 45.3274499592 45.6801269147 45.6269238858 45.2867878506 46.1007677072 45.1573107973 45.5068780777 45.4047969969 45.6995940375 45.4918431763 46.0752821427 45.5170744522 46.2086461106 46.3100562729 45.1388272646 46.0578468299 45.1301762192 46.4003172273 45.7397449763 45.0107631642 46.0244873604 45.0553878056 46.0116078135 45.1258525108 46.0431585591 45.5238029888 46.2606231954 45.5521306104 45.1187659103 46.2933474544 45.2852623794 46.1401934963
45.5918657588 46.1377661114 46.1790023861 46.3149805885 45.311081712 45.3264945771 46.2314244478 45.3099723006 45.2027738642 46.3141249491 45.2934198225 45.1451195229 45.8264644575 45.1277523549 46.2625108621 45.7804524049 46.1971128664 45.7260695239 45.1378865588 46.0731927982 46.2031008274 45.6982518037 46.1563314413 45.6612175635 45.4829269465 45.4452403999 46.3450632414 45.1564131479 45.8788210595 46.2470082563 45.1593127413 45.3237729042 45.0210883809 46.2353301038 45.0859578915 46.1198282033 45.2554367522 45.954212386 45.8038915369 45.4813311942 45.4450362707 46.2867543416 46.1369454042 46.0747472228 45.2778814357 45.613131775 45.4463627733 45.6993317281 45.924376899 45.6873639314 45.3493049425 45.500490583 46.406125701 45.7760948438 45.9426410829 46.1322490267 45.6850410607
45.864427543 45.0775057801 45.9778376373 45.8341196523 45.103200496 46.3395327238 46.108337692 45.3486306193 45.4928676623 45.1776351715 45.3098549942 70.4580790238 64.9658749061 45.8388688761 45.7289289532 45.8328336741 45.5717787362 45.4576095034 45.9686178894 45.7190960963 46.2342226045 45.9348512934 45.172320136 45.1070294803 45.9548108049 45.7697502016 45.7453390887 46.4075262893 46.0986492823 45.3974281132 45.1859358303 45.1005249812 45.0951150695 46.3494832051 46.008816926 45.7566743266 45.8713120593 46.3032903474 45.0413753245 46.0098218322 46.1683284939 45.650125278 45.3463789447 45.2148404996 45.5183268921 45.055885715 46.1210967144 45.9793309497 45.1641850868 45.7620407196 45.1359615032 45.0826893694 45.8890945643 45.1743379934 45.2775821101 45.9665865469 45.9918052252
45.7791339002 45.6956106238 46.3912192493 46.1726142443 45.4308777359 45.8889035903 46.263392876 45.7217843242 45.6100694417 45.2076212659 70.4580790238 70.4580790238 64.9658749061 45.7023217357 76.0620617055 45.8605949572 45.6241397216 46.1390160572 45.387976917 46.0183039863 46.008495718 45.7743073009 45.6552576747 45.2236282979 45.2860752103 46.3744018923 46.1984278464 46.0535479695 46.0442841156 45.226398433 45.0185648165 45.7274731595 46.0676945603 45.7232445555 46.1698980431 45.512215109 45.7650797836 46.0455892554 45.2962449286 45.3339735801 45.2616748237 45.025064319 46.2767416389 45.9426264484 46.0641431506 45.4500170642 46.1709184664 45.81329221 46.0684659831 46.3237412282 45.592823044 45.593290869 46.2098465776 45.5100121256 45.3106636784 45.3720844707 45.8356767147
45.763041415 46.220179375 46.0670572398 45.674763068 45.9939020942 45.3753407664 46.380012808 45.1785492591 45.8915422003 46.3698858008 70.4580790238 70.4580790238 45.244512308 45.0504361074 76.0620617055 45.8135954525 46.1676121152 45.8155068232 46.2791506507 45.0673094663 46.2341162173 46.255640516 45.5222499782 45.1723161794 45.0322667524 45.7804950858 45.4910549092 46.3699738279 45.1821529966 45.8362990149 45.2970557967 46.2553745123 45.6165482641 45.2096056897 45.8934007613 45.4073730111 45.5343035842 45.3174768666 45.5958680179 45.4218522771 46.2312002276 45.6409525363 45.606172158 46.003907075 45.0069327879 45.1812835571 45.4123093673 46.3294636309 45.7514043304 46.3579699512 45.325751753 45.6805299685 45.5884049425 45.6500797718 45.5850187278 45.4715223955 45.8430933555
45.9997677268 45.6539488083 46.1407213429 46.0312094106 46.221388463 45.4033486509 45.9301403869 45.9942849563 45.7917246425 45.7521722252 45.913764401 45.4338956187 46.1542614223 73.3166762034 45.5076038539 46.0298087891 45.2914345269 45.0751412362 45.6858282092 46.0024218 45.4941636338 46.004639296 46.0863958575 45.0220629483 45.4882621896 45.8939530432 45.7818727333 46.0746074149 45.8458112062 46.1715557243 45.2059214234 45.6150426645 45.1980008912 45.7320404422 45.1647832415 45.9333742258 45.543611559 45.9670476636 45.3023133184 45.7610731127 46.0177450757 46.0947630274 45.9836551537 45.1814068554 45.0391642668 45.5336050039 45.8993852221 46.0393665196 46.0226012954 45.1426235629 46.4035910648 45.3037593489 45.9917876715 45.9422824735 45.3168817801 45.0521130252 45.063337783
46.0841377141 46.1913251374 45.5085611694 45.4278273219 46.0876329782 45.2265252243 45.2931524777 46.3654579688 45.0490624089 45.6721593791 45.5609685763 45.4765015234 46.044821781 73.3166762034 67.5945212686 73.3166762034 45.6327584134 45.3424295242 45.0287654317 45.8218250366 46.2732990173 45.2557189272 45.4476278276 45.0507058096 45.5800531204 45.608180362 45.951620692 45.9976901337 45.3764720749 45.5214313754 45.9537700098 45.1599964296 46.3903489546 45.878645956 45.9346096775 45.8321076743 46.400642914 45.8611597246 46.179447126 45.068816494 46.1888320647 46.4016996718 45.2273036756 45.3169202876 46.3168405459 45.0497834058 45.3477035336 46.0036111633 46.1993583708 45.347387182 46.1554829113 45.0554379878 45.3947192089 45.5971566505 46.3644589509 46.3731684556 46.3905697809
46.4080574647 45.7429234494 45.359316451 45.7392973841 45.6178806843 45.5763028936 46.1333867704 45.4801214146 45.0638357234 45.0566248194 45.0141946535 45.0743608394 45.4858752391 45.7321043885 67.5945212686 67.5945212686 67.5945212686 45.2342226875 46.0347338298 45.6670924413 45.5160641291 46.1313910959 46.1929824346 46.0877447325 46.316959196 45.2914691837 45.6939500785 46.278932975 45.1138298155 46.2385337615 45.4853297289 46.3159871621 45.9881905086 45.063231482 46.0509083714 45.7041274697 45.8265852405 46.0665099332 45.433851039 45.4881857757 45.7861671055 45.7189286218 45.8147723392 45.2653934601 45.6523384407 45.9729406878 45.9342963564 45.2083365326 45.256810385 45.5935799185 45.4502545046 45.8560409339 45.7270555241 46.1203706368 46.3971751022 45.5020821139 45.8678117283
46.0688846502 46.2821193671 45.6906283636 45.545270399 45.5765702895 45.6474179307 45.6088413146 45.6957240541 45.7225871727 46.1395277003 45.7454452068 46.0192592953 45.5288122544 67.5945212686 67.5945212686 45.2129295576 45.5285086112 45.561468735 46.171058195 45.2955356304 45.9983494687 45.5654891702 46.1277231161 45.0247682741 46.2905793103 45.7129907812 45.8052013883 45.1663493538 45.3002601054 45.0632296416 46.0157638747 46.3455579277 46.305896318 87.0739391077 45.0789847859 45.6840145001 45.6047016819 46.0654760061 46.0590104144 45.6261781438 45.5369476086 45.6238003114 45.8723762811 46.2100231115 45.6161331686 45.1949838612 46.1139953551 45.6059185174 45.9639266145 45.5027556526 45.111517328 45.9779130238 45.2067020239 45.9237354726 45.9180612519 45.3392173195 45.2259819772
45.0017566118 46.1791390805 46.2914943598 45.036270442 45.9292515866 45.5535912869 46.1529158816 46.1128495908 46.3136183812 45.7661914297 45.8403552751 46.0757061075 45.8713627452 45.9252505716 45.5090297511 45.6990921158 46.2360602095 46.1064506683 45.1324063845 46.3554457921 46.2698591151 45.3538996531 45.5805832153 45.6348428497 81.7861451945 81.7861451945 45.8075781906 46.1624533396 45.4608203296 45.4257506091 45.4350755457 45.3827393181 45.2711468069 87.0739391077 87.0739391077 45.8537937541 45.4449023508 45.7785919477 45.1641685279 45.5174866277 45.3923459827 45.8938868894 45.5137029747 45.3465665975 45.5678457066 46.3632980476 45.0237977598 45.4076090526 45.8867391906 46.3911160029 46.2996001765 45.3323884927 45.1148525717 45.1123797087 45.7986416516 46.0959682562 45.3160688569
45.6785867236 45.9166807261 46.3888878648 45.8432812389 45.3863221185 45.0121666255 45.3528617349 45.3716394323 45.3179071766 45.7401601966 46.3274757324 46.4004634005 45.2237330051 46.0714948767 45.7581469795 45.6028437372 46.2725736215 45.2296328647 45.026954933 45.7181722471 45.0946755967 45.1133823796 45.6582091783 46.3050455708 81.7861451945 45.6276607909 45.727856205 45.364689565 45.1605524099 63.4031880028 45.5848314418 45.9694661727 45.7740847475 45.4359060558 46.2670016093 46.2454224455 78.5623061267 78.5623061267 45.3576186367 45.2325540073 45.3934587113 45.9515307154 45.7495415641 45.4202615668 45.0962226327 45.9212483677 46.3620946318 45.2071155303 45.8438551315 45.5380112545 45.5927649259 45.7950029387 45.7345544269 46.0273532601 46.0093970852 45.0366937608 46.3818730644
45.0451754595 45.5522123868 45.7641037321 45.8980221133 45.8530759599 45.6101767386 45.3848573854 45.6880322953 46.2272957863 45.3055022477 45.3888797449 45.1148684446 45.4401783727 45.6131766162 46.0119047012 46.3490801865 45.4563298717 45.8530375084 46.3369212544 46.015904879 46.0765699156 45.4627250925 45.1160484397 45.3353723378 46.2579026322 81.7861451945 46.1190617572 45.5378945827 45.0467215381 45.3797559007 45.5107552727 46.0598955717 45.2113126592 46.0289413174 46.1467396079 46.1897988724 78.5623061267 78.5623061267 45.4230745884 46.2819979915 45.1997126158 46.2137751396 45.5935145888 46.2638806994 45.3018742792 46.0338459527 46.0962367022 45.850372352 45.9445469084 45.9276606125 45.3142015861 45.5800832355 45.3272345159 45.1937085176 45.1412127882 45.2492856826 45.0248597105
45.46350473 45.0736766057 45.1631804714 45.0788039416 45.716097784 46.3233913527 46.2724003999 45.5155441314 45.247053684 45.7762411184 45.9424129312 45.8357579034 45.0297317217 45.6909610166 46.3755436017 45.1083710363 46.1355017113 71.0417944016 46.2139950234 45.2187125459 46.0725868883 46.3042835137 45.2257024157 46.1046611159 45.1912335778 45.8776037209 46.4008130674 46.2832963161 46.0165059403 45.8660759639 46.329638619 45.7722151965 45.8894985187 45.2905742482 45.4445373998 45.4515567889 45.7898498907 45.5992445245 45.9383573273 45.0422667817 45.857091432 45.3108340019 45.6709271285 45.17029231 45.8707151593 46.0890122136 45.7743537595 45.6772294007 46.4116574869 45.9756685238 45.9854194499 45.2029362468 45.3312978171 45.2396626626 46.3447523454 45.9973361743 46.0436253541
46.0154447922 45.3506201676 46.0462887603 45.5276947412 45.9098660237 46.1283706279 45.1429480376 45.7504108689 68.3317511984 45.5086341614 46.2622114128 45.1489070812 45.491363373 45.9946594039 45.5248847724 45.9186681525 46.357084505 45.0424147185 46.2185896255 45.6572192878 46.2700815242 46.1329240324 46.0788329191 45.6240601048 45.4722798179 46.3675661429 46.3568770209 45.2490456461 45.6562450228 45.6368645443 45.7119790036 45.6494947133 46.2222334391 45.0942712729 46.1950097496 46.0497303729 45.861785245 45.4378202088 45.9479557297 45.3319681353 45.7838431643 45.9194405491 46.0712806203 45.9505229521 46.1864327771 45.3647014469 45.4470806563 46.1597341543 45.3286629112 45.0122704575 45.7762085449 45.7435738531 46.2707043072 46.0341090255 45.3611777957 45.9922184937 45.541343809
