Spatial_Output/DEC/DEC_0768.asc
NCOLS 155
NROWS 192
XLLCORNER 196307.867259
YLLCORNER 449144.565805
CELLSIZE 33.573938
NODATA_VALUE NaN
[rows 52 to 77 of 192, columns 57 to 113 of 155]
25.2441900065 23.8304627153 23.3456728027 25.6410184053 25.9191463468 25.1156131331 24.4523963586 24.8949235077 26.0296200211 26.3040106995 24.7868516479 24.6781408314 25.9529155093 23.8789090205 25.2014726766 25.3213983635 25.7878059365 25.8821001739 26.6428435395 26.905673788 23.9377919559 27.071492043 27.217131697 23.4165691575 23.9422280768 26.0559172704 26.7528253842 26.2563461899 24.5794955527 24.6557955387 23.284636069 24.3624066208 27.0251936991 26.2341454558 24.3714787593 23.015963936 25.8750114731 24.1644119951 24.7459171777 26.3850592927 24.5948216558 25.6278787212 26.9536995753 25.5107457867 26.6564930295 23.7627124802 23.9055859724 24.3078329488 25.1811633332 25.0145370832 23.4322635336 23.9168761248 23.665389014 25.0401838881 23.4880847716 26.9920948961 25.428597643
24.3757541147 23.3289334544 24.1694739746 26.09974096 23.1639323961 24.8446898756 26.0786194676 23.2704392663 25.0371753892 25.0252090601 26.1879428725 26.8177112668 27.0186053692 25.2328006749 23.9057840637 26.2395681911 25.5515173126 26.3453259681 23.7702105019 26.4894737052 26.7144049678 23.6066892316 23.0449520452 26.0716670043 23.082680042 24.2499501976 25.6233714637 27.183469058 23.5142665394 25.3379907488 26.7223159382 25.9674493145 25.9138002395 26.9765140103 24.7666567822 26.9221737186 23.2255095548 25.0480197273 25.5269469148 25.4130300155 24.5432327742 25.5035889175 25.8019499185 25.9063865846 23.6090877266 26.1561547843 25.9464919705 23.8672821431 23.4711853091 26.6075821918 25.0536811924 24.6926260317 24.8046342166 23.3393220966 24.5765967694 24.3897676578 24.1642531068
23.5541691175 25.652385121 25.9718282518 25.5314037774 24.6710076387 23.4310844843 25.2676291996 26.9912205873 23.640043185 24.1835443149 24.6038799522 26.769953084 25.3336077383 26.6044986548 24.4744072807 27.0300028782 26.5555039157 26.0022571514 24.1481685879 24.151756504 25.5466863048 27.1866132005 24.6075849374 24.7367319814 24.5104665563 24.6563780113 25.4712988939 25.3127323583 26.4150906423 25.2709235442 26.3508469647 23.7569435824 24.7985813438 23.2394336148 24.4349880888 25.0842701958 24.9010534559 25.0409418019 24.9208208442 25.8916612868 26.9066872799 25.9362459682 24.4536843817 26.6559594101 25.3658927132 25.3544568954 26.7984629737 26.8810317832 26.074296414 25.7889505009 25.1882551548 25.5751850442 24.7485208758 24.6622255827 26.2647761709 26.3095633037 26.1485182502
25.7237365699 23.2227581928 25.0898718349 26.5802063869 24.93197354 24.7387822852 23.6581737654 26.502913935 23.4963210151 26.5387324284 27.1998054121 25.2533872715 26.9165259391 24.5288280113 26.3086233102 23.6189788014 27.1386736644 23.9262640162 23.9408175546 24.0513634692 25.6352905902 23.1466518076 23.8839708571 24.3371124854 24.0375587373 23.8812267563 23.2583309189 23.595821188 23.7325393667 25.3736285642 24.1932042633 24.5851225697 23.3942797608 26.5163625559 23.9012251833 24.7098319364 26.7169633676 23.6457991651 23.6401636477 26.4949411804 26.2109630649 25.6950328636 26.5167082111 23.9484753003 23.6002266279 25.6560336232 27.2331249182 26.1829430304 26.295388472 24.3645044377 24.1570086056 23.5561242795 25.2321840227 25.906080172 26.8855385592 23.0997835527 24.8102871831
23.2788934862 25.8248731284 24.0972251163 25.7636301967 26.5411454283 23.7030137137 25.6742606942 23.4727720698 23.1380704874 26.4392058036 24.6239144668 25.2714954995 24.6296036273 26.2736674228 26.795896543 25.5754385781 23.4109980852 25.8476073762 23.7379779678 25.797045883 24.3347917152 26.0584302985 24.2839359108 24.889209991 26.3620525933 27.035649996 23.1969972041 24.3302477799 23.9839532376 25.6554628322 25.0397645456 26.2902080229 27.120834028 25.0670045098 25.4774282189 26.4839596047 26.1905406633 26.6745166349 25.0131503986 26.4297919686 25.3882688842 25.8236496447 23.5748912479 26.2386544974 24.1856962925 24.5016967564 23.6979713918 27.232309174 24.5967488793 26.4941680516 26.9506780592 25.7632686916 23.1447422371 24.4772193886 24.7065014204 25.6855395048 24.3323541796
26.9848993826 25.3057550094 25.8699724134 23.5905492592 26.1377458068 23.2753484025 23.2469520892 24.7410340368 25.5499296613 23.4798957119 23.0901442404 23.9212566655 25.0668371001 24.116474698 23.5449496555 23.1243389301 24.4450936955 23.5624631837 25.0970520003 24.2729836541 24.3533814532 26.0514128837 26.3329579792 23.1515468982 23.4423541433 25.9175630622 24.289490916 25.5831997301 25.5750993398 25.9254457308 27.1740102994 23.3381907582 25.3503704551 24.0386491764 24.5595686287 24.9567663846 26.8201628642 24.1238131103 26.0541320854 24.7901050661 26.0540085355 26.7216927038 24.9337460744 23.3318632536 26.2213534132 26.0661889219 23.4348614998 24.2710068029 27.2047413218 25.6219792891 25.4744414541 25.2095306096 24.2346368425 26.0285295341 26.2781757667 24.8657434049 25.2422215349
23.2418808746 26.4139157644 24.8123201688 26.5842628537 25.4913676588 26.9957922915 24.0377935156 23.781614861 26.7739459553 23.1655604614 24.4759621386 23.840757343 23.4102114357 24.1361737704 23.0621646417 24.7839815979 24.5449993945 24.529362579 25.8504723128 24.5865970526 24.5247214425 25.736335621 26.7894886492 24.8113652594 24.4735429892 27.1609420767 26.4187596633 23.442910298 26.0900120146 23.1187601392 26.9130578253 23.0584692599 23.8699102805 23.9834519626 24.0119224593 26.4765683785 23.7252089607 24.2252507898 25.0988182142 23.8967981016 26.3366894665 23.1197667532 26.1353165374 23.0367011372 25.8635675121 24.4328627908 26.360153935 26.7797090796 25.418599341 24.2937281266 23.6206924438 25.0674022076 23.9775672453 26.3422559557 25.5540143246 23.4077788431 25.1613938068
26.6471771667 24.3773600963 23.7768606434 25.3366468388 27.2250288331 25.5102295418 23.4293120205 27.1409599607 26.499299164 26.7138258256 25.362629816 26.7436672875 23.7597474368 23.6159556855 24.7639671964 25.4248783377 26.9471979952 24.0798623007 25.6190652843 27.0026945761 23.050402447 24.653835155 23.2032557827 24.1078202707 26.3642686144 25.4410674606 25.5414686735 26.3134293868 25.0908909956 25.957443514 24.5861245974 24.7082803493 26.1805752029 23.3834250001 24.6628339231 24.7834711373 25.8083238297 27.1855484364 26.8303937684 23.6551793501 24.1408922662 23.8172871007 24.1376153826 24.4017463955 24.7874057467 26.0705236478 25.5380173748 26.897740929 26.7545769186 25.9890795464 26.0537943341 23.2081630464 23.128060633 24.773348712 26.0025532065 24.6105315491 26.1379114824
25.2630312218 25.8810141977 24.0768288918 23.8039036738 23.8884152237 26.106523869 23.2785922807 26.9131049989 25.2420158288 26.1697006194 23.6952312506 26.4494990368 23.6901582354 26.0713769218 26.6870383515 25.0392310411 24.185949532 23.8414276913 26.9072048292 25.5186073768 25.2215925411 24.0887787808 27.0632276365 25.6944101245 26.8526413244 23.8844396555 26.6519485153 24.2337779474 24.1745161183 23.4165076394 23.8206185678 24.5437623675 23.3620779974 26.2099796807 23.6569842845 23.2153195363 24.0596808612 26.5040738945 24.5321716374 25.7343585493 27.1216064315 25.9876915255 26.6175588098 24.5677904904 26.5441381023 24.2493421319 27.1373177991 25.7763091952 25.9802686499 26.7013217031 23.2018145022 24.2550136944 23.2435578199 23.9069157985 26.3541339377 25.1155963139 25.0647684012
24.7037956799 25.7930110669 23.1171358107 26.9576307731 23.1786860639 24.0090137065 23.1188166423 23.1363324529 24.6312710003 27.1262060788 25.3441195473 23.84704938 24.9559511407 26.5054517264 26.4369764685 23.7207967237 24.2119635761 23.0122583668 26.4723359747 23.8139735328 23.5479322522 26.4146832732 25.5476228832 25.8532840547 24.4771904264 24.8612709499 26.3815431846 25.0457374983 23.3938117527 23.1208229615 23.3272228807 24.4247271575 26.9063458249 23.983558939 25.4195220591 25.3621849718 23.789068258 24.5117162328 25.7860820482 26.7279995843 25.2702499282 26.1196143765 23.3003056742 25.8299633977 26.3826406532 27.1940639505 26.0348566142 25.2698631154 24.8198808483 24.2874641595 25.5292947396 26.9809011688 24.5710903428 27.1638901548 26.8236272652 24.0933990424 23.7411183376
26.8447279462 25.1460013346 24.2216651538 25.2147294529 24.8711439674 26.1611718249 23.5269355528 26.6120550254 23.8351590507 23.6925938678 26.3720894689 26.247880968 23.7076153734 25.6223984432 26.9388287325 23.0852692889 26.2619858419 25.2360481225 23.456847039 24.5728625342 24.6987452632 24.5956253488 24.8014595815 23.456478208 25.8771233138 23.0216163623 23.8279587041 24.6315250654 25.3169440332 26.5231502544 26.5487278786 23.0290517987 25.4231065461 25.8224505064 23.1571911871 25.0999955304 27.0532294764 25.3263777798 23.2851682599 23.1929458586 23.9860939716 24.4663627581 26.9867718998 25.4064650962 25.7720394604 26.8020759125 26.2824959464 25.753095825 24.134309649 24.3010192321 23.8901376341 24.4728350978 24.3328835851 23.2382660209 25.3219428646 26.9677122617 23.7511844354
25.2012178636 24.2179513899 25.9951730947 23.1709112672 23.9831580397 23.1478976591 23.3133907893 23.6299474266 25.5976990671 25.6899734871 25.1434734293 23.2903217034 23.6591248024 24.018206513 27.236294851 27.0166621962 25.9110743166 25.5784689986 24.8984563098 27.0011261915 25.2213684129 25.1724947281 24.6467168947 25.7653092942 23.9512863262 24.8693136508 23.4466633459 26.6965024895 24.4297895309 25.4170509755 25.158400362 23.6531512466 26.2475994192 24.5214023796 25.7992168601 26.5834722601 24.8693414298 25.5614589416 26.8681951876 26.5486680503 23.8306477271 25.9827675967 24.2973884908 23.1481408148 23.3969839973 26.404957881 24.56736796 26.6536194694 25.9154407607 26.0388632072 27.1883370286 24.6729223146 24.3154394361 24.9340589217 25.283049942 24.2716719253 27.2101646984
24.6023090013 24.1177966106 26.0223244455 24.2395102263 24.5188442205 23.5891575534 24.1461226281 24.7009268315 23.754796915 25.9182383371 23.5818465183 25.0939714814 26.6332565234 24.0181699105 24.6525061162 27.1336781834 23.1215635142 23.1125329063 25.3813391622 24.6163921128 23.4592669458 24.494629343 23.9378364595 26.8156971592 25.8718252246 26.812542962 24.3887628719 26.8291016852 23.3896877129 25.0840779318 23.9328192778 26.04789344 25.329500383 25.8454473823 26.7933358093 25.7368663433 24.3449546163 25.1779260079 24.2823414157 27.061146767 25.3726138074 24.613102078 25.2325513443 25.4691397098 23.5106498856 25.7096509067 25.2983981628 24.6495425727 23.2414338442 24.1694725763 24.3151905763 24.8438121674 24.130782039 24.1930805735 23.8187016772 23.6462072846 23.0022741096
51.6971990992 26.9256639607 26.4528047371 25.8490438171 26.7486846318 26.8109619082 26.8942849465 26.5700833378 23.9351258094 26.1564907716 26.9941039691 25.1505486812 23.7055356386 27.1890854757 24.3420636418 23.5327554658 27.2298172974 26.3300762873 25.6413929367 25.3398489237 26.2949636539 27.1743903142 23.4334552069 26.4490891444 26.4204565896 26.8031985085 26.5848195311 26.5558288725 26.8267282059 26.7844503967 25.1624530043 24.8558752559 26.139026902 24.8670846017 25.1843714032 26.2698279454 27.004944065 24.864596786 27.0539414342 23.0975853314 26.5781480184 24.8518158557 26.9092490681 23.1211337543 24.806676542 24.7961589535 26.9929484782 26.7625911762 24.9269581179 23.0698650467 27.0180065741 26.8291315877 24.3471757664 24.3623217341 26.0275263232 23.4815104491 23.5020963086
23.244537781 51.6971990992 26.5975198961 27.1516420784 26.2673838894 23.3543222288 24.9971188579 24.9952270498 23.8642155396 26.3645565047 23.15235748 24.8622444084 26.5187241345 23.0637120664 25.3099054136 26.3595880773 24.384315974 27.1373361173 26.0227065076 24.7883120323 23.6939052155 25.7584406077 27.1282734809 23.9095007728 25.4850527166 23.6766380038 24.8731017029 26.228407175 26.1951246855 24.3013138221 24.8742938018 24.1230219657 24.3899321541 23.8493467645 25.0944420371 25.8037113879 24.9444659339 23.8034367357 23.1777327892 26.1072581922 25.6800120333 26.5604532216 44.9225906721 44.9225906721 44.9225906721 25.8617961533 24.3332226262 25.757471889 23.271813131 26.1578375578 23.8122897627 23.1735428937 24.9353302589 26.1285703657 23.9546886501 23.7349188549 25.5701788798
23.3487022007 25.6300402007 23.335464545 23.0180558127 24.5112755446 24.2595562862 23.6076391754 23.2628727039 23.9509007968 26.0985534093 23.7160137334 27.0184874705 26.5597007687 25.1347840302 26.0998169037 23.7556800995 26.6463760255 23.1460369522 26.1788368068 24.4360948235 23.4179493077 25.8798751039 23.4488996798 23.0504885262 23.0612463227 23.2342159591 23.4778894811 23.0739198274 24.4709293074 24.4247454825 24.515027952 23.4115132235 23.5237930666 26.9705221211 23.8210452626 27.1866720385 24.1670582524 25.9871857034 26.3807760473 23.0202042148 25.9677171054 24.017487879 25.3497188959 44.9225906721 44.9225906721 27.2137263751 26.0498547358 25.2235385681 23.7796380247 25.6606755251 24.0067158614 23.3779125068 24.9924173979 24.261347988 24.719205367 25.570821186 27.1419082959
26.0079080485 26.4929841362 26.1466106655 24.8829893684 24.2002442185 26.6790742889 26.6631744932 25.9430712112 25.5046644285 23.0070965444 24.8590411974 23.8601135248 26.5976181602 24.764807074 26.2743212968 25.4414428468 25.3249336996 25.1095284891 26.1122737495 25.9081052842 25.0759766774 26.2144807237 26.6673068669 25.6440224073 23.2951976901 24.6228096655 24.3244518039 23.8966257995 23.2827929855 25.0853003153 24.5533377614 25.7250631055 23.1017683079 23.8947094654 26.4898810994 25.7224143083 27.0895109308 26.8501982158 27.093463415 26.7857888074 26.8305586922 23.3933134877 26.661983852 24.4434479931 24.4378004743 25.6537610721 25.2616669699 25.9438776275 24.9623971179 26.2557279513 26.1781192325 24.3046493204 24.2933264934 24.1428689026 23.2580412039 25.9149908914 26.6303588255
26.0878679725 23.5088113051 26.3923922935 27.0028885347 23.9726204848 27.1464443506 23.1745437813 23.2614639802 25.4719533624 23.3785618087 24.0808395547 23.5421757164 25.7149437488 24.0702686139 23.0665044306 26.6760249445 25.8184448596 25.0352507511 24.2881303478 25.6295702565 23.3696453547 26.0138597701 23.637056186 24.6769333489 24.5007170828 24.0491441848 26.2676398215 24.8971134548 24.7625454318 25.7961755653 26.9400698899 26.1718954722 25.6511842701 25.8951559768 24.8085589738 27.1331469516 26.9259398548 25.2254473876 27.1869622018 24.749482639 23.60020105 23.617436113 27.0873703181 44.6255429533 44.6255429533 26.844254046 26.3417223354 24.6149740389 23.3258851707 27.2236982229 23.1925932247 24.8302753189 26.9292906907 25.9595393493 26.5508132242 24.2187681638 24.0482620506
25.3370265948 23.0332537857 26.2815865981 26.601302492 27.1652304728 24.3061022825 27.0208152062 26.3786936299 24.6417503028 26.7096491319 25.6708056922 24.1195799338 27.1958723561 23.1706882338 27.0996981393 26.1027090659 26.0823068766 24.1250061758 25.1859913035 23.2949668281 24.9536622192 23.8284080535 26.211808486 26.7761649286 25.9496136748 26.0890352583 24.687343508 23.3606704719 24.1372066577 25.3276207282 23.788949064 26.8615643408 27.1929424107 26.4478288617 23.8504330228 23.5513808058 24.1494185094 23.9421475153 23.2447242268 24.1347755684 24.6453575441 24.0983081073 24.7927551911 25.2142075945 25.2389175392 24.2331106612 23.423677929 26.2517080692 26.7674396529 26.7078566777 23.7342617795 23.4333286432 26.043754714 26.0808565222 24.4391664349 26.3803427592 26.4841119683
26.255222365 24.2976212885 26.9588831011 24.9833836356 25.577664629 23.1082431304 24.691229279 23.8185881653 26.5918181764 23.3910796492 26.0546436396 24.7034722209 26.4690282728 24.3644907261 26.1934079081 24.0031910242 25.0385864143 26.1357708389 26.4322965833 23.2067770509 25.8948043116 26.4911307283 27.0016483097 26.6514488647 27.023452442 24.1858150997 25.2370961315 26.0040550061 23.6780481812 23.8567407861 24.3891830379 24.9308918269 27.1115598079 25.086570702 25.9202897632 27.0405804259 24.7437679696 26.0459651604 23.6974585549 25.2371677775 24.0778290995 23.0998935357 26.2820283755 23.349110161 66.6884636216 66.6884636216 27.0182376933 27.2035989262 23.8990004796 27.0633484603 26.8019020287 25.6623994371 23.5492932859 24.6165797721 24.6774588223 25.5637055874 25.4604043932
26.3458924705 25.2463025662 24.4170306117 25.268118145 23.3269730195 23.9544516378 23.8376753087 25.1737601049 24.5790786256 25.2470179598 23.3670190882 26.092022552 25.2004180981 24.5410854483 26.457783589 25.6739636042 25.7795353114 24.9827942818 25.9086569583 24.1337249183 24.1564788814 24.443942516 25.3595425574 23.9493566035 27.1646411355 25.7202268122 26.6364292632 23.4468794711 23.7003101301 24.6921957989 23.6241881812 23.1903504882 26.623737983 24.7014050886 24.4806407659 25.3689648067 24.4481516081 27.1564160577 24.4563904491 25.2627760709 23.1302541349 25.047219411 26.9641805235 66.6884636216 66.6884636216 66.6884636216 25.3113104643 26.1934346047 24.8804024501 24.9796879094 25.6359075007 23.9931882957 25.1744750858 24.2539746791 23.6050427997 24.4155056538 27.0786853516
24.9025707944 25.8647038023 23.921249583 27.1698225568 24.7437277903 25.469643136 25.9885048903 26.6245897079 26.7083167635 26.591633274 23.2392407008 26.5166716166 23.9928418068 26.5931674484 26.1527466387 26.936070333 23.1701905493 25.0968486997 26.0583730244 26.4317418613 23.9456093434 26.7568975215 26.1123487082 26.9300098411 26.750682087 23.5456798223 25.6400386846 24.2396745714 25.0664860184 25.6337421024 23.8501963387 23.5546260905 23.3115409635 26.2274943947 24.4650217054 25.7376614205 25.8327536731 25.2958302218 24.109857445 25.8969164305 27.0897263888 23.122195994 26.5390633678 24.1251460775 23.0999810356 23.0604112169 26.6458019754 25.5858482097 25.5401213058 23.5540685363 25.2046862905 26.5363337472 24.4085975795 24.7978811592 23.2502244643 26.6680034454 23.2544853985
23.742238342 26.5101498251 23.3433982777 24.7418022448 23.4991381854 26.9585127133 26.3981446121 24.902658903 25.0951955756 23.264348793 25.7960718445 25.539588923 27.2005007597 23.1925033343 27.028522253 27.1382284679 27.0655085901 25.4349998823 24.7415270757 26.514014016 23.4494892296 23.5082318545 23.248968991 24.0455443157 24.7275359494 26.6021260439 26.7382929538 23.574104661 24.4272748628 25.76268906 23.5602930785 25.6935339873 24.5552309525 24.0100006999 27.0051643118 25.3123225953 25.8635042668 25.3238327302 24.8682951435 25.7826188299 25.3106364778 24.5153198603 25.7042277671 24.7595617603 26.0220921707 25.5014649799 24.0615498481 23.6621270836 25.4219517487 26.2450462377 24.662752839 23.2756096484 25.8508498053 26.8105524831 26.8317450551 24.4978966836 23.9837954724
25.4606451056 25.7142424207 23.8370283885 25.9333717132 23.546617181 26.6070211641 25.8240130011 27.1962715811 26.4084207325 25.6802610517 26.8659328146 25.1365232053 25.6774405999 23.4304231612 23.2771977129 27.0180609308 24.2600025953 26.0932488064 26.1999155893 25.6611402116 23.830729579 23.0152321629 26.5809064339 24.6744122166 26.2407419275 23.2622505569 25.7888883152 23.1060718837 24.1956345321 24.8526822192 23.3139730701 24.6862838698 26.3851191273 25.6719902404 24.757845873 23.0906248821 23.5361924681 26.2433459415 24.9828460272 23.8304030272 26.4061948624 24.6723526436 26.2996720473 25.6297355399 26.958207355 25.8836040837 24.0230679298 25.0617522331 23.6018993202 26.7306369963 25.594316843 25.0503101015 26.9476609571 26.8988875622 24.1830627449 25.3299886272 23.8730544104
27.2309693606 26.0593170341 25.6520908816 24.3507033358 25.7245303899 23.4000221032 23.8735857087 23.5729459657 27.1105968512 23.6726707655 25.0185835676 24.1269386008 24.8836360926 24.1333738069 26.5050326415 24.7390421441 23.349814364 25.091482807 24.686307959 25.5749181911 27.2206974091 25.075125553 23.7345166167 27.1122389123 23.3909634808 25.8380916507 25.9612133462 26.1783154487 23.8921314431 26.1439518309 23.1968255466 23.0429267174 26.9267416016 23.8815234306 25.3747062006 26.6717323838 24.4216498703 24.3020623668 25.5305511235 23.1081243199 25.4563151767 24.0545845755 41.0966891309 24.2233710063 27.0465837735 26.6196381883 24.9392850454 24.0024489564 26.1286164107 25.0310973951 26.0000872328 26.0444294642 25.0216583604 23.8541570667 26.5585600698 24.2479666469 25.0897289253
24.490923856 24.2418954834 25.9738273506 24.163304684 24.4396405329 23.009062526 27.1472586356 25.7224268086 24.7714663539 24.7511273101 24.5353594586 26.2586020243 23.0467130962 23.7583541923 27.1861793081 24.4438257647 24.2909934073 25.6327515962 26.369252644 25.8428077821 26.7575978182 26.1515447663 26.1076919329 26.5233487637 25.2227402393 26.3467612537 26.4987307491 26.4403727784 24.6650372306 24.682975996 23.6664331209 25.2618272389 27.1151018897 24.4555881711 25.3754234512 25.5248848788 24.7734135095 25.4599738504 23.3747858082 24.907256081 26.0829200385 24.6749331932 41.0966891309 23.2479508549 23.9656585074 25.4909014266 26.4417862523 23.1961166171 25.3242437816 25.3809812454 23.6681997997 23.2557367809 26.7293920829 26.6568269317 25.1888957233 26.7346199125 24.826253326
