Spatial_Output/DEC/DEC_1430.asc
NCOLS 155
NROWS 192
XLLCORNER 196307.867259
YLLCORNER 449144.565805
CELLSIZE 33.573938
NODATA_VALUE NaN
[rows 26 to 51 of 192, columns 0 to 56 of 155]
0 0 0 0 0 0 0 0 0 0 0 0 0 0 0 0 0 0 0 0 0 33.1380060262 33.1740863522 32.7148244144 32.5061513999 32.8988522648 32.5573563963 33.0471162218 32.8924113017 33.1405698333 32.9161075382 33.1797736748 32.8012425398 32.7429819059 33.0970784981 32.5686965291 33.1775753014 32.7865509831 32.5103275899 33.1238096223 32.8205349394 32.7808881416 32.9244459956 32.9462947732 32.8345265422 32.5053137116 32.9085102874 33.0685915952 32.865717535 33.1866796807 32.8367871196 32.5878809274 32.9028528207 32.7156404732 32.5671238809 32.9864784732 32.5854080286
0 0 0 0 0 0 0 0 0 0 0 0 0 0 0 0 0 0 0 33.0747381743 33.1160783693 33.0819683949 32.9735026279 32.6649611185 32.8203718811 32.6604352295 33.1144376843 32.7531149594 33.2061445038 32.6594201083 33.1255896809 32.7298363229 32.8259983277 32.9359540782 32.8412048842 32.8202760846 32.5914356484 32.5828813788 32.7564915198 32.5659167582 33.1909235628 33.0256372138 33.1700435666 33.1068765833 32.6802758121 33.0960166968 33.0428363243 33.0289161246 33.0913882903 32.5818340918 33.152957313 32.6821258153 32.8884889055 33.2059222711 32.7969303772 33.1631369703 32.584441311
0 0 0 0 0 0 0 0 0 0 0 0 0 0 0 0 0 0 33.017723154 32.69587748 32.8856299319 33.1301678777 32.5994784598 32.5370715018 33.1199378834 32.8457103796 32.5721040956 32.6707103676 32.5051473632 33.0079723322 33.0565993245 32.9860039388 32.5787883683 33.0760518531 32.8438955189 33.0717578329 32.7441872272 32.7412209975 33.111155646 32.8195198009 33.1593718487 33.0015289147 32.8401373557 32.7240761186 32.7513574049 32.5020689527 32.5206931867 33.1475013663 33.152214754 32.9279662573 33.0159936671 33.0567571707 32.6824554368 32.7883144143 32.6865456869 33.1772442403 33.035313817
0 0 0 0 0 0 0 0 0 0 0 0 0 0 0 0 0 32.8969244072 33.1709861294 45.5783379687 42.4566249173 50.2301181473 33.1775931866 33.0372487056 33.0667787612 33.1524092498 33.0198924344 32.7443771773 33.1616403606 32.6499387877 32.9944836429 32.606695975 32.7127480151 32.5420643993 32.6610025399 33.1110277921 32.8837946566 32.9291353226 32.5511066049 33.1742687732 32.5601982773 33.0693955716 32.9327592683 32.5286917919 33.1916530275 32.51978488 33.0412419784 32.6735276245 32.9431521482 32.8472682395 32.6513431977 33.0753206986 33.1034937152 32.57134308 33.1309997488 32.8638853595 33.1060414946
0 0 0 0 0 0 0 0 0 0 0 0 0 0 0 0 32.9601318889 32.602898703 32.5707750188 45.736064826 49.9468634244 51.1078096456 32.7776709485 32.897486767 33.1070413659 33.1102100295 32.9998897659 32.7252310376 33.0780727521 32.6156043092 32.829883341 32.5855566262 32.7239636681 33.1627829838 33.0351194854 33.0318223833 32.6892663023 32.5896470649 32.9897057558 33.1560441566 32.6842714339 33.1356723348 32.7820193005 33.0914507961 33.0646883297 32.7129418836 33.1742345832 33.1384927466 32.6659778132 33.1029913744 32.6543761491 32.9917018538 32.6736813474 32.99203034 32.594497488 32.6374210971 32.6929968133
0 0 0 0 0 0 0 0 0 0 0 0 0 0 0 33.1512693298 32.5859643922 32.6815174714 32.824444188 46.3839929057 51.2765440203 49.4322486392 51.6333749072 32.78284755 32.9892550248 32.6654301002 32.9503054242 33.0437901226 32.7710646084 33.1437166064 33.1184064854 32.6339009626 32.9526298306 32.8865170756 33.0678235725 32.9118495834 32.9913586162 32.8925769285 32.8036979534 32.9610607767 32.5840928235 32.5902022305 32.735592909 32.6122734463 33.0480227363 32.7894631966 33.0699053416 32.7913574813 32.67785831 32.5936513043 33.0429536987 32.628960467 33.110809858 32.6966077402 32.5625616075 32.5369468254 32.8878138553
0 0 0 0 0 0 0 0 0 0 0 0 0 0 0 32.5221871218 33.0287506833 32.710724987 32.7700612418 45.5570601389 45.733184279 50.0271959245 41.6619468397 32.5658522997 32.6822338436 32.7093770569 33.0806406654 32.8832630215 33.0062146098 32.9830468351 32.8855343428 32.8995819049 33.132246826 32.9695067289 32.6933575903 32.6068603662 32.9396087298 33.1177330187 33.0500846518 32.5344479066 32.8353910763 32.8173925071 32.9317784721 33.1988975316 32.6138378581 32.8484395849 33.0278837138 33.002191643 32.9081939342 32.7688757525 32.7293434185 32.7682400303 32.7322881732 32.5509724902 32.8368172148 32.8911845232 32.9961410659
0 0 0 0 0 0 0 0 0 0 0 0 0 0 0 32.9493680776 32.51076638 33.0477069325 32.7571982601 32.6121761385 46.8328384695 44.5922622929 51.0366258517 33.2053728395 33.0330400793 32.934284983 32.8467887205 32.8929555004 32.7922155467 32.595072221 32.8217614391 32.968858557 33.0282438111 33.00352555 32.7857603301 32.9178228195 33.0748091545 32.9864149502 33.1564885427 32.5779472394 32.5356613192 32.6564360558 32.5814409005 32.5752022918 32.856264907 32.751474882 32.8285156679 32.541691621 32.6622782995 32.8396050816 32.5266274676 32.8887075706 33.0579150044 33.0858508857 33.1689134209 32.9608576207 33.0035025806
0 0 0 0 0 0 0 0 0 0 0 0 0 0 0 32.9880072583 32.510050406 33.0808055277 32.8253882163 33.0309992467 33.0876771199 32.7200843681 32.9845956549 32.8274968583 33.1134515446 33.0673553192 32.674848564 32.9102777281 32.585574172 32.5298064889 33.1563303307 32.7043699639 32.5284746376 33.1151473527 32.9456648687 32.8671698326 32.974953452 32.7861507987 33.1911301808 32.9642467965 32.7151001714 32.9688805657 32.8290201458 32.7228533137 33.0219640589 32.5462954333 32.7822706345 32.5926742594 32.5817142125 32.9647564975 32.9175422846 32.8700742545 33.067776922 32.8165187967 32.9201653982 32.6807482257 32.6553187917
0 0 0 0 0 0 0 0 0 0 0 0 0 0 0 32.880400447 33.1080494498 32.5361981759 33.0922804972 32.8431212276 32.5665152692 33.2058548474 32.8326098909 33.0137212435 32.8974127239 33.0463758436 32.9503344324 32.6056051882 33.0411797453 32.8581692158 33.1609557442 32.8469316119 32.6779657908 32.958120565 32.7125798232 32.7361299376 33.1290368256 33.0729450245 32.5884811753 33.1231553568 33.0707510588 33.1110018939 32.7424255385 32.8047156584 33.0508705046 32.8028691033 32.7325054169 32.7213125973 33.0599379745 32.6622419951 33.0355622136 32.5562875684 32.9781722835 33.1166623457 32.6542816145 33.0753149035 32.5674033546
0 0 0 0 0 0 0 0 0 0 0 0 0 0 32.8287543172 32.5457063083 33.1561297739 33.0783957304 32.7959492555 33.1337772593 33.0891992033 32.5131059461 33.1528728107 32.6855615935 32.7821084722 33.0857204558 33.0394848096 32.7537755941 33.053263353 32.5528212931 32.8091872935 33.0501238627 33.1644841579 32.9820125986 33.0811322422 32.5144504844 32.8210768378 32.847383674 33.2000075952 32.7173761313 32.842841812 32.993255595 32.8627770964 32.8966619294 33.0116739406 32.8348517787 32.8679053536 32.8728275956 33.0715899165 33.1952565329 32.7836901244 32.9576929244 33.1465004308 32.6572395234 32.5932647447 32.6384601319 32.780812152
0 0 0 0 0 0 0 0 0 0 0 0 0 0 32.6864884065 32.8715314758 32.8342889501 32.7333202594 33.0606677258 32.9590024015 32.8869001241 33.2001803725 32.9775733469 33.1871729464 32.9640678717 32.9798562096 32.9728127991 32.9414519721 32.9245181767 32.8299892104 32.5825737837 33.1346948327 32.8653843964 32.6093484861 33.2053310839 32.5906440385 33.1553651401 33.0601123555 32.9532759803 32.6668449268 33.1954139923 33.0285179946 33.1377208077 33.0168894532 32.5200999933 32.6495961383 32.6157341956 32.9537866649 32.7176976539 32.8198737144 32.9439937367 32.9850177436 32.9539338516 33.0383435889 33.0817898109 32.8559851213 32.9108108023
0 0 0 0 0 0 0 0 0 0 0 0 0 32.7910888161 32.7410881365 32.5151821059 32.7863138612 32.5092348831 32.5214435314 32.7837812906 32.8975193275 33.0585230316 32.8389672206 32.7032968477 32.6478158784 33.0633320811 33.1547594582 32.5640100537 33.206116044 32.7961430901 32.9073287498 33.1196775697 32.7154699765 32.9968883553 32.6972145298 32.642831916 32.9628635147 32.605053529 32.9998743457 33.1767979485 33.0012281558 32.8838091989 32.9104622667 32.6507278826 32.7583863899 33.0188899132 32.8686756755 33.1901274576 32.7395777164 33.0300574296 32.6444472785 32.9471746336 33.0010062684 32.7592317968 32.6111819021 33.1619851708 32.699850832
0 0 0 0 0 0 0 0 0 0 0 0 32.8548963509 32.8714689294 32.9695439754 33.1542682573 32.5068160367 33.0655800721 32.5162821717 33.1548584382 32.9750310611 33.0846271927 33.0186458017 32.552170709 32.8194485629 32.6463612795 33.0708139983 32.9249497276 46.5891619409 41.1523356444 48.9963239896 32.7879977718 32.8778080233 32.6772571736 33.1090921914 33.0802520381 32.829628554 32.8563213536 33.1800772087 33.1375367288 32.7367896533 32.9286352381 32.7140359848 33.1607255431 33.2041087939 33.1526372051 33.204327057 32.8813405978 33.0097469614 32.7665279478 32.9798715043 33.1820653591 32.7670118324 32.6057212584 33.1798774326 33.0731540697 32.9055598455
0 0 0 0 0 0 0 0 0 0 0 32.5887189853 33.1068878147 33.0403536129 32.8603564919 32.7323155558 33.173601811 33.0120775604 32.6953414726 32.7244364762 33.1974101135 33.1376594502 32.8606787244 33.0396794238 33.1785075768 33.0780939896 32.8876657195 33.1640190979 47.079639549 49.6665477655 49.1394838221 32.512286415 32.8198248897 32.5630570387 32.5129058267 32.8995279213 32.7778542537 32.9658266757 33.1306937299 33.099111295 32.6685426392 33.1055371702 32.5010890626 32.5293642907 32.7622030218 32.7957972789 33.0010818929 32.5530104316 32.9025775234 33.113058562 32.6084404018 32.7464186754 32.7905616036 32.6330185123 32.9429934297 32.7838573575 32.6670923291
0 0 0 0 0 0 0 0 0 0 32.9248684521 33.0678032804 32.5448646883 32.5493859 32.8447388371 32.5255541243 32.7078889067 32.9039603419 33.0922190544 32.8960019101 32.5165140262 32.5309688172 32.7228245091 32.8850106159 32.9549230563 32.9077134904 32.8977043436 33.0667904105 42.5345610818 43.1726705126 46.5391659028 32.5281659579 32.7632857905 32.6380258661 32.8962242021 32.812535443 33.1473242767 33.0625829403 32.6392855877 32.7777409925 32.7401141241 32.8168214354 32.9482164306 32.8036960142 32.6488868188 32.5695718068 32.7056354292 32.5573251641 32.7538169794 32.7464821472 33.1249624245 32.5347284167 32.7003135145 32.7121561469 32.6659418625 33.1484963791 32.9920388874
0 0 0 0 0 0 0 0 0 0 32.5019740223 32.9743868653 33.0477630016 32.7468580705 32.7677401595 32.7976415212 33.0026106481 33.0338235179 33.0603907523 32.6753115435 32.8789202977 32.9175651469 32.7538559123 33.1143819234 32.887602499 32.6689912548 32.5472272202 32.5857206388 51.1390007943 51.3019414504 50.4801425191 33.0707707369 32.5463157393 33.0056759968 33.0830983832 32.5080386846 33.1286115139 32.9255066066 32.6624873444 32.5429745396 32.7322291873 32.9491312527 32.8232910386 32.8923434497 33.0408428713 32.8210602224 32.5056627658 32.9768112977 32.6599343678 32.5984155206 33.0896250158 32.8814010813 32.6968703905 32.8871911615 32.8716027401 33.1453784864 32.6869525549
0 0 0 0 0 0 0 0 32.7786780964 33.0227606821 32.8916141642 32.8696343848 32.8424903802 33.1017465154 32.5182688808 33.1380745199 32.8703150092 33.148699572 32.8538933794 33.0098886236 32.9708678635 33.1628777565 33.2026129274 32.5233623093 32.5870837132 32.9818630318 32.6085265113 33.0482192754 33.0140678859 32.7962249663 32.7848365117 32.6149860852 32.837443212 32.6919021709 32.9257415198 32.8616451749 33.1013032149 32.9458868213 33.1682689696 32.6668685077 33.1921904714 33.0072178979 32.5116267285 32.9763161537 32.5488575444 33.0136388222 32.8157760823 32.6416357064 32.8211833979 32.5527527734 33.1325079438 32.5199715007 32.9277130611 33.0118347299 33.0573796222 32.6602636937 32.5720143788
0 0 0 0 0 32.6607402092 32.9313549514 32.6620235645 32.8487471582 33.0815170687 33.0145666694 32.7475445025 33.0382384334 32.6602560512 32.78524185 32.8584736569 32.5760619511 32.8232854341 32.8349528997 32.5322530409 33.0358431998 32.7115585196 32.6906224076 32.5392872891 32.9147760366 33.0590038519 32.8731780892 32.5626090098 32.8308422589 51.8579214238 45.6228604776 43.0575930871 32.7115398827 32.8642831521 33.0165090705 32.5434527349 33.1085893237 32.9317757506 32.8872880075 33.1555781737 32.5565503941 32.8489494745 33.2017404926 33.08609673 32.9183485891 33.1930313954 32.6607843533 32.8446961971 33.0671285976 32.6527226914 33.1910559036 32.6178359778 32.8796855683 32.9180659322 32.5522034977 32.6650650978 32.6266241821
0 0 32.7289576038 32.743524232 32.9781430083 32.7477890261 33.1703559734 32.7600020474 32.9719286585 32.9878185159 33.1514924889 32.7475103095 33.1293169616 33.0826484647 32.9581833306 32.8629318813 32.8803656305 33.1031405408 32.8442173888 32.5375796905 32.9591957466 33.1606534287 32.813441717 32.8251469872 33.0538614471 32.8987259988 32.7021608681 33.1200766348 33.1545056384 50.4484214217 46.7694987172 51.3442122697 32.817653403 33.1352498793 32.6867469927 32.6045609102 32.7169057567 32.7116796456 32.6850131862 32.6146229632 32.578969593 32.7895780257 33.0841995476 33.1585071835 33.1043809844 32.7200293961 32.9895896239 32.7250725005 32.8369994583 33.0770310782 32.5630303611 32.6111171391 33.1868745549 32.5687758431 32.6142393051 32.9791464712 32.5842880208
0 32.6763391388 32.5428691666 33.0158247311 32.6990183568 32.9604569898 32.705257995 33.1934813469 33.134724073 33.064541134 32.7512836778 32.8501619436 32.6549486473 32.6214113164 33.1189666996 32.9402710961 32.6160426232 32.6596885053 33.1374509163 32.7680018977 32.974631388 33.1484711534 32.8688328767 32.7092423128 33.0018867773 33.1916751503 32.9275258391 32.5203023396 33.0995831246 49.9951943856 44.9977515353 51.8866785222 33.1448073426 32.6887893642 32.8933899951 32.5711212246 32.9969468868 32.7636842364 32.5318968997 33.0190761882 32.9472329603 32.5258877781 32.8086211501 32.8237490404 32.8963651742 32.8362461216 32.9400688902 33.0277754973 32.9845462141 32.6036748756 33.025972928 32.6065934489 33.1129826389 32.6453086619 33.0339993034 32.5336501826 32.5082179943
32.9896925376 33.0227156351 33.1805525403 32.5043632148 32.5567871428 33.1220449778 32.7668588201 33.0825158605 32.9870818054 32.7827822398 32.7669082883 32.6584908317 33.1729290335 32.9576157685 33.0285369512 32.7062654372 32.9564363963 33.1251759966 32.8480646077 32.5289575125 32.8709610434 32.7316882606 32.7957126644 33.1779602493 33.1820270401 32.7931504533 32.5293179812 32.5929507258 32.5096274159 32.5381004156 32.6341084122 32.9396332532 32.5545774001 32.8611526153 33.1043694252 32.9047508832 32.6579499078 32.7085678575 33.2037397403 32.9086694114 32.513905713 33.1620955254 32.5542874281 32.8013287553 32.7974168868 32.8020575206 32.9032604884 32.9876955014 33.0173936739 33.109653013 32.6338123935 33.1831377322 32.7029214285 32.5468258385 32.9382937048 33.0519346779 33.0554327401
32.9719855053 33.2034574461 32.6593292426 32.6934869657 33.1811523793 33.1033711476 32.5089220611 33.0069758756 32.5221119448 33.1558876111 32.5146018535 32.6683137352 32.8493280496 32.8263980299 32.8456047557 32.9536499704 32.8399051842 32.7955505024 32.89290122 32.5430089714 32.7577831112 33.0875658837 32.5957290185 32.8942356448 33.0637832112 33.1903265976 32.718459613 32.5412688182 32.5862537324 33.0582506781 32.7235234235 32.7276358877 32.91029425 32.5007743807 33.0991429313 32.5763454142 33.1518022674 33.0141884664 32.9659876952 32.7538968968 32.5810382204 32.539306095 32.7022889588 32.528765111 32.7158138239 32.8624532691 33.030683169 32.8054751662 33.1075849219 32.8727102793 32.5157810911 33.0170397217 32.9412775283 32.5066844472 32.6200589226 32.7517402688 33.0153011324
32.8066023034 32.7227913223 32.9933793832 33.1577011622 32.8468960211 32.8983357837 32.5596793356 32.7158667882 32.6724948127 32.8019733735 33.0218875743 33.0044014724 32.7602948662 32.6566233723 32.677127016 32.7769017934 32.54052864 33.1140307332 32.8835852451 33.1540086452 32.5943933947 33.12262041 33.1022764673 33.2070903259 32.5964121695 32.5651257107 32.6197395011 32.6118290625 32.7423268195 32.8846602275 32.5126852098 33.039793704 33.1855837736 33.0073705933 32.9320506145 33.1253720052 32.5934343281 32.7620120268 33.0708446011 33.1624517464 32.8140490434 32.8144352018 32.9963291324 32.5420898315 32.6100295154 32.9986931491 32.6449614219 32.9229239949 33.1088058831 33.1799584615 32.5522111266 32.8023028461 32.5788526186 33.1132108767 32.922084343 32.7316088748 32.9566334471
32.9109464119 32.9680693306 32.9891045459 32.8972586473 33.1849169814 32.9145818565 32.6392155701 32.9813659513 32.7560323409 32.5524789499 32.7017893194 33.0414584613 32.9930697812 32.9575752599 32.850577571 32.6230635634 32.8978939074 32.7083906597 32.5612701955 32.7491700576 32.8231979222 32.7445539894 32.7106953361 32.6420731152 33.0280831694 32.8326942854 33.2022769362 33.0502960103 32.9801820593 32.62370011 32.55858779 32.5967899362 33.0449455885 32.5711592272 32.5789957183 32.8132224273 32.9943181683 32.9830364044 33.0869852397 32.8183176471 32.6511233075 33.0222310971 32.5916828982 32.6277673619 32.6105029854 32.9652757432 32.5757391069 32.7367467247 33.0318232221 32.5071558321 32.9357339226 32.6684592498 33.0901319512 32.7169972166 33.0100534224 32.9459076875 32.7200962646
33.0233785806 32.8825738396 32.9724709659 33.159948199 32.5972448493 33.1233665322 32.9702861093 32.7900294385 32.8361865662 32.8089831274 32.9155932544 32.6927499045 33.0803717907 32.6461644656 32.9010702966 33.0090498401 32.6168965251 33.0146475527 33.144539013 33.1795321806 33.0232258508 32.6025231895 32.5579678099 33.1507130475 32.6479701175 32.8706942296 33.0172019732 32.8465315554 32.8639635397 32.6113927336 32.8213184122 32.9113921597 32.9056655839 32.6331715784 32.7406407727 32.5380069838 33.145573802 33.1252843495 32.6273365875 32.7625383994 33.1046925992 33.0754919893 33.1189112517 32.5512164219 33.0883285539 32.9115889155 32.7397761365 33.1707269672 32.7644911273 32.741077736 32.6722749334 32.8285471008 33.037004318 33.1705786284 32.7779724468 32.5709325646 33.0808182144
