Spatial_Output/DEC/DEC_0759.asc
NCOLS 155
NROWS 192
XLLCORNER 196307.867259
YLLCORNER 449144.565805
CELLSIZE 33.573938
NODATA_VALUE NaN
[rows 78 to 103 of 192, columns 0 to 56 of 155]
0 0 0 0 0 0 0 0 0 0 0 0 0 26.3354550951 25.9274879517 23.303992004 24.2786499087 24.068348314 24.9769174573 25.4816656308 26.0936868064 27.2366850246 27.0345386336 25.2693112349 24.816828361 23.5696525701 24.9307442279 24.3819261183 26.9919408515 25.1158302872 26.2562753686 23.4298527093 24.4957196023 23.2524865384 26.5625856608 25.4539581251 25.0724599876 56.4179419453 56.4179419453 56.4179419453 24.8420930272 24.1620958949 26.321091924 25.9348452109 25.2329743208 23.9781748735 53.8319409946 24.3145557007 25.9954644703 49.2499307289 25.0830927653 25.6057764655 25.4815256174 25.5283114444 23.8905757286 24.1103952703 26.9855183024
0 0 0 0 0 0 0 0 0 0 0 0 0 24.9442640749 25.78764041 24.2043029541 24.9033716524 26.3795934779 23.3914850517 26.8670284362 25.4492337327 23.2877174696 25.0039950809 24.881045903 25.5925737297 24.4536150284 25.1527613004 25.5937270385 24.8629556366 25.5448890092 24.6483483029 26.8294948959 25.2623856171 25.9153790044 24.2060036186 23.2762205005 26.4825162142 56.4179419453 56.4179419453 25.3874132531 23.3003846797 24.8319618058 25.741167853 26.4324040526 25.8128408041 24.3128579186 26.1619687143 53.8319409946 23.6217810764 26.8513291571 24.3120956333 23.2711847558 25.3928652381 24.4738524076 24.7794679802 24.0750677326 26.1994126072
0 0 0 0 0 0 0 0 0 0 0 0 0 26.1035362862 25.6595988922 25.2377006255 26.7045580353 23.2911792447 26.4590677293 23.4755472464 25.3034642829 24.8337923554 26.6250166625 23.4441978245 26.3482536864 26.1017721309 26.5454308621 24.6690293962 26.9781364254 23.3710348423 24.1972405995 23.220642968 25.9865467605 25.7003450976 23.7081187883 26.2565979589 24.5007060179 26.2146198138 26.1916530802 23.6207807086 25.5991189598 23.547743762 26.6074919921 24.817195431 23.1774121654 26.1015241896 53.8319409946 23.3940062324 23.0130466594 25.8638904857 49.2499307289 26.182129046 26.5572851929 24.5480397268 26.2747774492 23.3927989799 23.3551475255
0 0 0 0 0 0 0 0 0 0 0 0 0 0 24.0696290358 26.6521211055 26.5527494577 27.2390943688 25.9599969564 23.6339780949 25.1353191797 23.0653094544 26.0001855799 24.5387523906 26.8404634609 26.9740119741 24.1325692125 23.8445346339 25.9427830889 26.4633738782 27.177436858 23.5641209697 24.8842790168 23.5918145693 27.0283840164 24.776268901 23.56535775 23.6394367687 23.3025547086 25.9539501584 26.685588589 26.5380913061 23.3456531761 23.3969787835 26.0766907595 23.9164867511 23.9948750966 24.4270418534 24.6569444005 43.2497561578 43.2497561578 26.1977956162 25.9496064738 25.0304858196 23.0740612271 23.1195655239 23.0307660973
0 0 0 0 0 0 0 0 0 0 0 0 0 0 23.7598229134 23.1962147039 23.9543255696 26.3623268766 26.377258903 26.9592240157 25.2936511625 25.1316800497 27.2031467805 25.3755205251 23.9730678037 24.7205546384 26.6310661476 25.883174887 23.7235113114 23.1414396856 26.8770438333 26.363569117 23.9461643103 25.2878360373 26.688356827 24.4773446285 24.4758019811 23.1253286113 26.5693079753 25.1753056565 25.8092999583 25.3512936588 26.5614929627 25.0658382033 26.4476918003 24.1595039788 27.0574705075 25.5372288576 43.2497561578 43.2497561578 43.2497561578 25.7692355581 24.3899304768 26.8588781498 23.1708644907 24.2229403773 23.141270938
0 0 0 0 0 0 0 0 0 0 0 0 0 0 24.3205590215 25.4350861807 23.9018467043 25.5901155059 26.3875092805 24.1491511361 24.4187653725 23.7274784743 25.7139156479 26.9779525602 23.367783924 25.3859510102 23.9026510046 26.9941677609 24.7335555745 24.9596284514 26.9198747046 23.8334483429 24.3481490527 25.2659584308 26.6861457493 25.9153316508 25.0220774356 25.579393155 23.4704995894 24.8689176513 23.143144006 23.3493129789 24.1268318531 26.1781935574 23.2247896788 26.0282672026 26.2573886842 26.5878960127 47.8085646311 77.2447601629 23.2908892822 24.0373896089 23.264215105 24.8499456088 25.6200703519 27.0161125353 26.3919952411
0 0 0 0 0 0 0 0 0 0 0 0 0 0 23.8733363541 23.9343142721 26.2605985699 23.618606065 23.6530014497 26.9969053558 23.6562944639 24.7461214053 24.4492674389 24.2704420191 24.3265463549 24.1661367547 27.0436791481 23.59754775 25.9633197453 26.6421248775 24.7093032118 25.6988584575 26.9943592413 25.1402005578 23.287228935 25.5111566007 25.0118062501 25.434931146 25.3079444976 23.4367404631 24.1541131809 23.8186674354 26.2411391607 23.9905181556 25.2774901366 26.9405776187 24.5491604929 26.0290056351 25.7182333044 26.9367463011 25.3484934761 25.6923790802 24.8565799282 24.8669018081 26.9442566452 23.0826635602 25.6136050467
0 0 0 0 0 0 0 0 0 0 0 0 0 0 25.2556578324 24.0350568987 24.8989781001 24.8772331814 25.6607219823 25.139787636 23.951620317 25.3558293544 27.109847239 25.7064216911 24.752814972 24.2501752101 25.606887924 24.2679751894 27.025005236 25.9490539233 25.5660083791 25.9864349732 26.221582666 26.5932220095 26.4921622282 26.008418454 23.1372461183 26.1855540582 27.1355190859 24.0524451542 26.2349749825 24.2154236638 26.9182867404 27.2350509039 27.0789927839 26.6079534593 23.4416964605 24.8725068517 54.473755238 23.6260152508 24.7882527576 25.5469121978 23.0877808346 25.5920354927 26.5519128161 24.9039988469 26.7901902449
0 0 0 0 0 0 0 0 0 0 0 0 0 0 23.6126901175 23.5746491133 27.2303023374 26.3059560438 24.6654397717 24.3351681271 25.3718613211 24.8500092661 26.7176445534 24.2854009168 24.6335160517 24.1213162989 25.515533082 27.0988070144 27.1301915197 25.2446877944 23.5854003666 23.0363235552 24.5298101746 25.4372538713 25.0413517188 25.4024371372 24.0485896893 25.3830071048 23.901812559 26.1246883329 26.0941433873 23.3441822537 23.1740150976 27.2207157802 23.6988365178 25.8921531862 24.4455039197 24.5971110499 48.8003743679 54.473755238 23.2843439295 25.7837040204 23.8821585456 23.8133611593 25.252461331 23.4649164802 25.7134098538
0 0 0 0 0 0 0 0 0 0 0 0 0 0 0 24.4426298662 24.1509269544 24.5382511364 26.5984444998 26.5158317328 24.5538093901 24.538570548 27.1670266768 23.7981304178 24.4011324705 26.0289301173 24.6648878763 25.0212202008 24.9533965349 25.2693985519 26.4993665217 23.7391030676 24.3829357745 24.3752871273 25.3025131683 26.7774140298 27.1236698745 23.0893306191 27.1837231798 23.5712561488 24.4361394885 24.5309208506 26.0599575593 25.7924659716 26.5489452091 25.8621689622 24.7632650398 48.8003743679 48.8003743679 48.8003743679 24.4217265982 25.8161610658 24.2500156555 26.8716001079 24.8515511721 25.9178210777 26.9461437803
0 0 0 0 0 0 0 0 0 0 0 0 0 0 0 0 25.4279041257 24.3838337936 25.1801164884 26.9322243743 24.092987837 23.8708661094 26.6403602921 24.3518524377 23.2335005878 26.0443211913 24.7249994175 26.5371376383 23.0062513816 25.1872761171 25.0509215574 23.0674226326 24.0373157753 23.4541779964 23.0869960526 24.2847538629 23.153587749 24.6915065736 26.3577022236 23.9388538494 27.161686435 25.113486059 24.1781727653 26.7072612344 23.6397389187 26.5032505269 24.5312508418 25.9301250569 25.3358936199 25.2804297556 24.1974561312 23.2174737195 27.0185259587 24.3820463931 24.6785743615 23.9364461277 27.2160505732
0 0 0 0 0 0 0 0 0 0 0 0 0 0 0 69.7571762143 20.3144227029 23.6564310755 25.2998271282 23.1848803023 25.7562332586 27.2129897552 23.9373827085 23.2190076997 24.3489748633 26.2945382162 24.3951074118 24.3123326011 23.8409015612 27.1958319947 26.691406316 26.9315393497 26.5264614691 26.4799964567 26.869969596 23.657258096 24.036267358 24.7015902302 23.4537558265 23.3516871214 23.2823814054 24.0542791527 27.1549192304 25.0514172928 23.3680808277 24.0649732022 24.9156111814 23.837828214 23.81151237 23.8675250934 27.0114906794 25.2098859153 23.8529835466 26.3877568555 26.9333312787 25.1237700308 24.7788242878
0 0 0 0 0 0 0 0 0 0 0 0 0 0 71.1128159093 71.1128159093 69.7571762143 0 23.8873156294 23.7353961493 24.5167426473 26.4827025726 24.6727201446 25.7969505844 23.6421690315 27.1478054784 23.8764934461 25.5659409241 24.6127055458 26.6448113882 27.190900057 23.0763239308 23.0753924317 25.411660475 25.4102768337 26.0360953755 25.249538461 26.3658042134 25.3542329086 24.0755077187 25.34930878 25.5983488625 24.222288929 24.1871655605 24.3225237412 26.9802859364 25.0995993166 25.2962308183 25.8114114667 23.4156064007 23.1099246164 23.4389835554 25.8991263424 26.7767147932 25.8038218426 26.1342067345 23.139164472
0 0 0 0 0 0 0 0 0 0 0 0 0 0 71.1128159093 71.1128159093 0 0 0 23.5709666279 24.9117261297 26.5417900255 24.5410773363 23.4433508058 24.1082677343 26.8362272717 25.934628073 24.5003104032 25.3016091372 27.1127330393 24.9067463383 26.3281337024 23.9480271311 24.8648592825 25.9748260748 25.0521014148 25.7535387277 24.3145644208 25.5662935195 24.3814902979 23.3396230013 25.3168240235 25.7176726216 23.4249443701 23.8891269424 23.5413536389 24.9106281038 25.0000065109 24.5099047957 24.6734204667 24.7169864092 26.5843008964 23.3280646008 24.1046234449 23.6807534392 25.8316391536 23.2724787374
0 0 0 0 0 0 0 0 0 0 0 0 0 0 0 0 0 0 0 23.464221428 25.8885809256 26.0816000506 24.8487233126 23.8185605664 23.1402389061 26.1721657662 24.1303070405 25.2775062085 24.3755720727 25.7569415982 24.5363945013 25.6897379856 25.2726203989 26.7428671797 26.8829277599 25.8034563799 25.667251949 23.6330076888 24.2905363223 26.7322305452 26.1851049674 23.88923 24.1593543199 26.266607877 26.6386016493 26.2087549211 26.7234238781 23.1406935408 24.9691110683 26.5630483656 26.5223228624 26.2926114932 24.4679433542 23.6008663637 24.5978391867 23.3220729539 23.3715583366
0 0 0 0 0 0 0 0 0 0 0 0 0 0 0 0 0 0 0 0 24.2676857407 23.6076218291 23.9754871966 26.8269057854 23.8126818535 25.5967787365 24.9964677351 24.5682076919 25.6386824185 26.2638579937 25.8163672859 26.3856691693 25.8072133948 24.7333088581 25.5441445781 24.496567859 24.3077772313 23.3715564045 23.5758675504 24.1853775434 25.7745899497 23.6662637547 23.0299499808 24.5392619792 24.4776314292 26.060843922 25.3703478813 23.4319754705 26.7816690142 26.4102459897 26.3379949026 23.2276616146 23.1790474431 26.0089768773 25.7755057542 26.9994589365 26.3322093489
0 0 0 0 0 0 0 0 0 0 0 0 0 0 0 0 0 0 0 0 0 0 24.1331843869 25.2653040002 23.0106334587 23.9248333004 23.7275317881 23.2769114382 24.3461914234 26.4971395632 25.050860089 25.6483485867 26.9593480419 24.0902647362 24.553675579 23.9431909828 23.2354588333 26.2296197231 23.1005917768 23.8933771768 25.6099071525 26.8719788314 23.706039989 23.4940565027 25.2923684037 25.2765653671 25.551950578 26.8069646115 26.4094788286 26.7065324399 24.8506814237 24.3823590727 25.3805635879 26.2397993664 25.9099634158 26.051115191 25.0694292652
0 0 0 0 0 0 0 0 0 0 0 0 0 0 0 0 0 0 0 0 0 0 23.6858100026 24.9762797237 24.9485703226 25.9933861041 24.6812921898 23.4543462923 25.7994054597 23.1555712846 27.1987449046 23.7853388887 24.3584476159 23.766174673 24.2256299567 23.6688194235 25.9345749492 27.1998711418 26.9497235531 25.9876620141 23.8117245182 23.3811455076 24.316009734 23.3403483102 25.8367849202 26.7315847112 26.3117292636 24.8031822628 23.3408670061 23.8573103305 24.094438892 25.3070375431 23.7218535537 26.724422102 25.9228962297 25.4519207062 25.7697185589
0 0 0 0 0 0 0 0 0 0 0 0 0 0 0 0 0 0 0 0 0 26.7146411381 26.2644691841 24.4755775065 26.0347629041 24.5840360163 24.6670614347 24.3205143274 25.332375616 23.377099301 26.3548490261 25.4535806416 26.7325003883 23.8838848879 24.8014334449 23.1605781877 25.8174501453 23.5051429067 23.7251490865 23.4969135521 25.9008646947 23.3155402895 23.7718392307 23.8980628607 25.71867662 24.9262867128 24.2894965864 24.970550243 27.216910983 26.7425024741 24.9096631851 25.598294724 24.8298771758 23.5388514058 26.7111596826 26.6059884121 27.189216014
0 0 0 0 0 0 0 0 0 0 0 0 0 0 0 0 0 0 0 0 25.4659814423 23.5087860066 25.946835473 26.5960832663 24.2582837639 24.4509639227 25.4559343334 26.1630736937 24.488846493 25.1996008009 26.869491418 24.1573992821 25.3966382736 26.4501097241 25.8493502576 25.8040998629 23.6721831495 27.2044267872 24.9754266965 26.5657865716 24.7902720992 23.5269794281 23.4495748471 25.7908338254 25.7269883595 25.4233778258 26.0664592338 24.2040916509 24.5807547372 25.4818830682 24.7008178353 23.9320976619 27.1552425108 24.3978247426 24.1660238339 26.5604582378 25.4343221853
0 0 0 0 0 0 0 0 0 0 0 0 0 0 0 0 0 0 0 23.7899759352 26.4728265608 25.8998286821 25.1926859818 25.3063905908 25.212497692 25.1804294346 24.1405091193 25.1619382826 24.6727196584 26.4898760975 23.5729020854 26.7261109832 24.3171712352 23.49113327 24.590852353 25.0994448029 23.3835717422 26.787722339 25.1205836791 26.7264004882 24.3951430411 25.7966752972 25.3861906664 25.6735996058 25.2907953684 26.0853640323 27.1907522288 23.2400868938 24.8971571097 25.3659101079 24.1450070503 25.4500730247 25.5428225048 23.855067917 27.0597256257 23.2589482722 26.7008435278
0 0 0 0 0 0 0 0 0 0 0 0 0 0 0 0 0 0 0 0 26.7844879443 26.0344354044 23.2979285206 27.0134925766 24.9271207494 23.1306668778 24.0397013633 26.0214503734 25.340363735 26.5596226738 24.3982546454 24.5443338842 26.035904962 23.1226240347 26.1918181804 26.6703512435 25.7748763135 23.4563576621 24.8810265257 27.0600892908 26.7079990832 24.6819679743 25.5925776831 27.2190444696 24.3486525963 23.3941635888 23.9194429951 26.214643031 26.9726901055 23.4682042042 25.6634533824 25.2483915794 26.6791996511 24.8931465122 25.2572937615 25.1279909698 24.5070520308
0 0 0 0 0 0 0 0 0 0 0 0 0 0 0 0 0 0 0 0 0 24.7732617862 27.1335380256 26.3993719708 24.5799766802 26.5698834719 23.6549962595 26.1565368916 26.2180836178 25.5023698034 23.6111659238 23.2241112709 25.1556511798 24.1230644046 23.7359553885 23.8047438656 23.0657266432 24.8584361321 23.5502709876 23.2377529507 24.9412186694 25.6846368489 24.4906695335 27.1361878541 25.5871398911 25.920893332 24.2189247776 23.020558183 26.2432573915 23.5080874902 26.6535500836 23.0123818687 24.8454860399 26.6160232165 25.5080190522 24.8219430395 23.8843388075
0 0 0 0 0 0 0 0 0 0 0 0 0 0 0 0 0 0 0 0 0 0 0 26.1256440118 23.8616475653 24.9707243926 23.4590944754 25.2824845107 26.1798445598 23.1985295122 24.7007902211 24.9332388659 26.9612635886 24.9153005391 26.7336738116 26.1579503795 23.6908502396 24.9244863404 26.1941226106 25.9938317741 26.4000219576 24.4174546834 25.4047414904 26.413736199 26.1236430158 26.5821752557 25.7367005792 24.4166561557 24.3202829806 26.8857872697 26.5345794165 24.880029267 26.5025293249 23.0114722914 26.6653722035 23.6796266454 23.1189910584
0 0 0 0 0 0 0 0 0 0 0 0 0 0 0 0 0 0 0 0 0 0 0 0 0 26.741100996 26.8231142384 25.2504361074 26.9884854999 26.7177493772 26.2137867435 27.101283221 23.3640262067 25.0307396363 27.1937825667 23.31764186 24.6508442495 25.8992753972 25.9087326134 24.1321806186 25.3259260654 25.0227814869 24.8964684656 25.8878887271 26.9191825755 24.4163984366 24.5122575798 23.7336703026 27.1869512124 23.707593149 23.9407033584 24.1992782162 27.0967752216 23.200851502 26.8759367796 26.3675029484 24.1504122471
0 0 0 0 0 0 0 0 0 0 0 0 0 0 0 0 0 0 0 0 0 0 0 0 0 0 25.1351092657 27.0324796008 25.9069413261 25.5037375402 26.4590731653 23.2904530376 23.3509991965 25.2094334161 25.9964879893 25.225251231 23.9334651916 24.124685805 25.7508918954 26.9484491848 25.6428033306 25.4433872925 25.4418149394 23.2843394855 24.1083842267 25.8836425754 23.7858520408 23.6194722402 24.9226031935 26.4402261608 24.4416216915 25.4820488979 23.6757300591 25.5722998224 25.6274644591 27.1203976588 25.4758224571
