Spatial_Output/DEC/DEC_0391.asc
NCOLS 155
NROWS 192
XLLCORNER 196307.867259
YLLCORNER 449144.565805
CELLSIZE 33.573938
NODATA_VALUE NaN
[rows 78 to 103 of 192, columns 0 to 56 of 155]
0 0 0 0 0 0 0 0 0 0 0 0 0 32.9394158724 34.8081986926 33.5559389831 33.0041958617 34.0716234736 34.3536747328 31.7819730503 32.2167954174 33.5874723995 33.4317788041 31.6544345244 33.0023727103 32.8705011144 34.033017949 34.9270843156 31.6993338503 32.1552352943 32.3844656074 31.8964230568 34.2119487634 33.0125837384 32.7166316928 33.4042839505 32.3837268356 34.5742729528 33.5181016995 33.8334192405 31.6340587866 31.9373480755 34.9591528666 31.7402762987 33.867221451 34.2311099853 34.2558322103 34.7235619868 33.0069797082 34.5521253164 32.0887070068 32.7615391461 32.1590187965 33.7014446025 34.4681715408 34.7475177522 32.6135605866
0 0 0 0 0 0 0 0 0 0 0 0 0 33.4590133784 34.3418835431 33.8179284206 32.6722571489 32.5237659361 31.9418742933 32.5122738794 32.665623689 31.7246533038 33.2504241844 34.128671099 34.8740659967 32.310481043 34.4505148494 32.8282433714 32.1358037936 31.6571479591 32.1007066093 34.2543402839 33.545250466 34.0995732913 32.7587653276 32.606066079 33.309601491 33.0209559874 33.3353400243 33.998245445 34.2603110351 34.074585908 34.2185050209 32.8268809042 34.0859450562 33.8137052265 32.4150950187 34.095702134 34.5806557454 31.9406525266 34.1517779352 31.6167993164 33.5122043031 33.5231420191 33.1949458404 33.7688959929 32.8491651786
0 0 0 0 0 0 0 0 0 0 0 0 0 31.9587244659 31.6476556088 32.6948207973 33.8824680612 33.7605696582 32.8019641749 31.7944613432 34.627362082 31.9425799646 32.2450583107 33.5833159819 31.5223873722 34.0805674747 34.881937238 33.8403587508 32.8673249967 32.1273111077 32.2285085726 32.5995247215 33.391880092 31.9980747002 33.8043892036 33.3151429495 32.3460052178 34.017251793 32.8417875428 33.6370973579 32.1585629839 34.4750328448 34.2776879231 33.70141359 32.5208648221 33.9394675008 33.3517063626 34.4474750193 34.7949338284 33.0631179875 34.9864608483 32.2661526353 33.5829731634 33.4128609941 31.6672224814 33.4431162814 34.0342421262
0 0 0 0 0 0 0 0 0 0 0 0 0 0 32.3739738948 32.3976250878 32.3490313389 34.1768885445 32.3044008371 32.3316484168 32.1314769065 32.1676012672 33.4334468872 31.7721033615 33.073811662 33.4138814689 34.7615968099 33.2326791039 33.2176865607 33.8084714358 33.5977050377 33.1084349046 33.1583445052 34.2649638391 32.2012777247 33.2627487761 32.7869087815 33.3954219992 31.6570920481 33.527820844 33.394510596 32.9097865714 32.0140425788 34.6782860691 32.0284065223 33.6463825325 31.9102900769 33.5733618913 32.8480373194 34.2212988816 33.2206865107 33.7352498992 33.3295988655 33.7232314795 33.5069141802 33.4888028735 34.6421358326
0 0 0 0 0 0 0 0 0 0 0 0 0 0 32.3683179799 33.5314474916 32.9507291299 33.0477452241 33.4190245506 33.6932752674 31.983849423 31.902176586 32.6099061795 31.5455135988 32.7463239229 33.9886557728 33.8049557037 32.6093140778 32.2146628572 33.4402242829 32.723371793 34.2098987995 32.0278766139 32.3562966873 34.3632944381 34.5690691736 32.0615263068 32.5285690065 32.633863618 33.3911681583 31.8831463773 33.3538523111 32.7143082212 33.8874405178 34.5988671029 32.3462647434 32.1081973283 32.928454072 33.7714291484 35.0017685744 35.0207213226 32.9891633053 31.8779238088 34.5126529274 34.5454356749 33.6854334229 31.602786283
0 0 0 0 0 0 0 0 0 0 0 0 0 0 34.0200566481 34.7365500463 34.4557410025 34.8878222004 33.1148304427 35.0016364045 32.2641150987 33.1745789008 34.6005535321 34.0251470242 32.6653753355 32.2356918921 31.6101662562 32.0808311179 34.8899487864 33.4736536095 34.5064954781 33.096978106 31.7228792746 32.1681913959 34.5372989413 34.4641060557 34.9678530866 35.0128150409 33.042200446 34.7359294057 32.2673307892 32.8042112697 34.4090332995 33.378287982 31.6880429603 34.513828468 31.7326670585 34.9561453995 32.9949811913 31.8419913819 34.7907688156 35.0203206738 33.8837658751 33.1244437822 32.744157901 33.9721041224 34.4884808732
0 0 0 0 0 0 0 0 0 0 0 0 0 0 34.968039923 33.7419387446 34.4554113112 32.5188317116 33.5410007136 32.4874487158 34.8557036328 33.6597057855 34.0197321599 34.1045880626 34.6599834653 34.4097703161 34.0740269945 34.0192526048 34.1453872223 34.517757205 34.4408679696 34.8562052322 31.5187851206 33.9340750838 33.9406873494 31.9786732217 32.0823963233 34.8905957528 33.8393698764 31.9331684237 34.1109261487 32.4320428041 31.7761563289 34.7574031374 31.5956947302 31.6027443199 31.8543082063 32.5588228304 34.8610306768 33.6662893179 34.4055242102 32.0769533145 31.65377128 34.5329471201 32.235146654 33.9228857955 32.6017423447
0 0 0 0 0 0 0 0 0 0 0 0 0 0 32.9354909645 33.7904181251 34.0859545257 33.9437100219 31.8322459275 32.9347800073 31.9614188611 31.9458370712 33.88684119 32.1239781623 34.2686998311 33.3830581265 33.5489522804 33.5504265598 33.002832271 33.058607077 32.7771740758 34.9592511984 32.549896607 32.7651357158 34.6104322171 33.7405338344 33.0255934185 33.5812305786 31.9668410185 31.9753531472 33.8547132753 33.6115574696 32.5704237506 31.6442177131 31.9650919799 34.9140793918 31.9089733272 32.3006510495 33.8284335539 32.528510261 33.3334307673 34.5037389819 33.9989239018 33.4603610965 32.687625188 34.7442629218 32.9509003057
0 0 0 0 0 0 0 0 0 0 0 0 0 0 34.6112512041 34.6155352906 31.6359653888 33.4946117975 32.0427127502 33.3641156784 33.6634398105 34.9999329699 33.7191985073 34.299176736 33.7089768099 31.7303884384 33.3913449845 32.1750864736 33.4545098217 34.8059103166 34.8712876728 32.6751287821 32.5902695623 33.4657908487 33.1138653839 31.8318945746 33.5625248219 34.8704741189 33.2989750568 33.3375316931 31.937598485 32.6883758895 34.8645693137 33.4129990394 35.0091998234 33.0928403683 34.7085920485 32.1814669245 34.111519315 32.7171501908 32.6207758739 31.8185959587 33.5444298501 33.0500692641 31.9588591227 31.8303961224 32.4712519535
0 0 0 0 0 0 0 0 0 0 0 0 0 0 0 31.6696687528 35.0151035832 32.7374564606 34.4347869008 31.9780824187 31.6648674427 34.4805638931 33.6451795426 31.7078479083 32.8370887362 32.5810188938 34.3872279647 34.7539444015 32.501134108 33.0993620051 34.3726435571 34.4167225136 34.5020036747 34.0719545385 31.7276439994 33.9100518463 34.266598686 31.5180995742 34.7750881943 33.6553479427 33.5485448269 33.3308420635 34.3326562869 31.742608044 32.3987657978 33.9111020794 34.0564852412 31.6982796412 34.0313611478 33.9533107728 34.6514400989 34.9985036013 34.9823523526 34.8801504797 34.7638297784 34.5638000161 33.4610581359
0 0 0 0 0 0 0 0 0 0 0 0 0 0 0 0 34.6766420989 32.4661412739 34.6950732786 34.5436589283 35.0167257604 33.5822647201 34.4234618237 33.7236034845 34.4273945449 33.1852385427 32.1776090519 34.2626752139 34.3545868 33.0538695708 34.417804629 33.5876261139 31.9327970177 31.7876807399 34.2496411311 33.3722250431 31.6859215369 33.9952766465 32.1332835389 34.2147613099 33.4356462882 32.6248464649 34.6583002026 33.1688700094 34.281448739 32.7108859781 34.3459350805 32.8178781946 32.0516552963 31.6008458345 34.5194105959 33.4490014725 34.8110893574 31.7724038536 32.147839042 32.6075215839 31.5000997211
0 0 0 0 0 0 0 0 0 0 0 0 0 0 0 69.7571762143 69.7571762143 32.7224376831 33.1175979312 32.9343037718 31.6590817806 32.7151875058 34.435782657 32.4028430495 34.8015381895 33.4882308491 32.8451630477 32.7904280582 34.9651473107 32.1089025746 33.9456615279 32.4416606144 33.5942357581 32.8599053971 33.0554924674 32.7361187612 31.7695617878 33.2505925998 32.8492534663 33.1359666768 34.2498269324 32.2845768084 32.5930309365 33.0076057888 33.931736581 32.6169151175 34.4948822347 34.007708453 32.3898358975 34.8516264271 33.6409944932 31.6884751773 34.4518933747 31.7899788869 31.5952484833 33.7574899525 32.42342792
0 0 0 0 0 0 0 0 0 0 0 0 0 0 71.1128159093 71.1128159093 69.7571762143 0 34.2743638306 33.3687865502 31.6752859721 32.2838984787 34.9815166575 33.0958794727 32.7403986572 33.2436093651 34.1040749711 32.0604069394 33.1882220235 34.3547100921 31.8126001764 32.8337087539 34.7769769384 34.3160079857 34.8686677995 33.0011844964 34.0605416976 32.7362785708 33.6163315382 31.517884988 33.4070357908 31.6528478397 33.4477577196 31.7408487202 34.4151011872 33.7607765347 34.7235784386 31.5812406269 32.6155209465 33.3090668395 32.4909583409 34.2297308491 33.3055692959 32.2998425086 31.5124093622 31.8074962886 34.8317186617
0 0 0 0 0 0 0 0 0 0 0 0 0 0 71.1128159093 71.1128159093 0 0 0 33.7203808307 33.8066837083 32.8211241944 31.7630329317 34.7616394773 34.065196747 34.0090878995 32.5342145018 32.7461143899 31.6082254169 32.956215133 31.8494803899 33.538606775 32.2473032899 31.5664322809 32.6772359952 32.704623084 32.9235454966 33.7373356625 31.6604173235 33.4639682721 34.1656669481 32.8986184166 32.1712933431 34.3876162929 34.2389716088 34.9130239935 34.6613625757 31.8328615277 31.5941423687 34.4354515011 34.8856124406 33.9841181436 31.7356774182 34.3138026927 34.2360116828 31.9895956407 33.3424639127
0 0 0 0 0 0 0 0 0 0 0 0 0 0 0 0 0 0 0 33.4782171238 31.701265024 34.9147541962 32.2671897092 31.5543102913 33.2693388172 34.2500143536 34.9038992497 34.2628556696 32.3484372671 32.7475035549 33.3889580245 34.9688187423 34.1894295931 33.4983276387 34.9427449542 32.5380780032 32.7771680636 34.9280312264 32.1909026347 34.5927916171 31.7839926038 34.3451213115 33.9229879559 32.1373226895 33.1100835891 31.994747945 32.387377854 32.8591339761 33.0135788446 33.6260416107 31.6100480854 33.0934654923 32.7291447491 31.6869043203 32.1163166107 31.6652546612 32.5236957466
0 0 0 0 0 0 0 0 0 0 0 0 0 0 0 0 0 0 0 0 34.3024290822 31.9760060834 31.6111570931 33.2525488471 32.7180902818 31.6464302532 34.1048510535 34.6458363588 32.6660282664 32.4037628438 33.1789168979 34.3205703705 34.8341709092 32.0464168589 33.4286760394 34.1340376314 32.0908760503 32.85171518 31.5001853694 31.9653358267 33.964544066 32.6420292086 33.8011947539 33.0649728799 34.7756157612 34.1371137059 34.9226628709 33.8329839167 32.5668828985 32.6524826461 34.0023457299 32.401113221 33.8584296854 34.4386612187 32.2630281453 34.2211879063 33.2833201567
0 0 0 0 0 0 0 0 0 0 0 0 0 0 0 0 0 0 0 0 0 0 33.2154667491 34.0041427823 34.4759719294 31.567989926 34.9290526676 34.9440677145 31.8742645566 33.6834740398 34.7268798778 31.7757855158 34.9655069051 31.9987917696 34.1933988775 33.1223286238 34.3644265672 33.4269961852 33.3255994811 34.9319533132 34.7641704768 33.0452980163 32.6221259433 32.3727514581 32.357496151 32.7265646111 32.1349748963 34.1445461832 33.4572633137 32.9499498305 32.1376788608 33.7370777395 31.6302481102 34.2927357275 33.9725964709 33.7672880696 31.5261802532
0 0 0 0 0 0 0 0 0 0 0 0 0 0 0 0 0 0 0 0 0 0 33.0613757449 33.5758627632 34.7172020625 32.7526953345 32.9676742731 33.6573398254 33.2219282725 32.0618278211 31.5068415253 32.1001554348 32.5892043686 33.5923007657 32.627634222 34.2905049587 31.9592185636 31.8621130207 34.4296074475 32.9431581145 32.6403557668 31.96062709 33.7273311671 32.9381563887 31.8147516197 32.4253328894 31.9369326748 34.8832159254 32.63260912 33.8524119257 34.0154369543 32.8565302462 33.8286303308 34.852523941 31.8884363594 32.3754608533 33.9756797514
0 0 0 0 0 0 0 0 0 0 0 0 0 0 0 0 0 0 0 0 0 33.7855446165 31.8226732398 33.9334802747 31.8497550185 32.7652530249 34.0592844397 34.5039552293 34.0563555268 31.5339703972 33.0367848799 34.5547007428 31.6193882042 33.2387169089 32.4910969785 31.6054896881 32.8243347216 34.3730950571 32.6338436038 34.4343835883 34.3205241743 31.9322259396 34.9524240989 33.4032092298 31.7590827056 33.6918067519 32.5620453819 34.0072219499 32.6555963198 32.0334263664 32.6658679805 33.7994634642 31.7392046741 31.9457700796 34.2472500881 34.3058431805 34.6850992697
0 0 0 0 0 0 0 0 0 0 0 0 0 0 0 0 0 0 0 0 31.7714004778 32.7560330451 31.9581560096 34.4291811331 33.3197186615 32.9646654087 34.8937507964 35.0178297742 34.5449472753 33.1598845044 31.8427178877 33.865098499 33.718235465 33.8854712449 32.7073516587 32.9343969067 34.2199811315 32.5129810512 32.0202731565 31.6978557714 33.4876632109 31.5223824439 34.1968504772 31.9292627497 33.9446325951 33.8582148234 33.3188417095 34.1279792807 33.6832493499 32.5506830751 33.1207247284 32.7732774111 31.7115992097 34.126754972 31.7273173738 33.0294648091 31.8882803892
0 0 0 0 0 0 0 0 0 0 0 0 0 0 0 0 0 0 0 31.912403095 32.0029938866 32.6501942081 34.9020303055 32.710783283 32.823384387 31.8547821503 35.0105861878 32.9893553523 31.7373800203 32.4524888979 31.7202894818 32.8027890041 34.1236983721 32.5248322963 33.8938085987 33.5866960518 31.6222800324 32.6290375748 34.137061912 33.9456258618 31.7960704435 33.8041338404 31.5617989181 33.135228677 33.7831051988 34.8588547456 34.5121753505 34.2498577858 32.8682978647 32.0632769474 32.1616857489 32.5558538785 32.0170160713 34.9682455787 31.817915864 32.1066330407 33.3013953423
0 0 0 0 0 0 0 0 0 0 0 0 0 0 0 0 0 0 0 0 31.6770338431 33.3594826342 31.9388767315 32.5088459647 32.0009455688 31.5138509202 32.0127585572 33.0728686095 33.1851347802 31.5603619424 34.799064333 33.0338172359 33.3152589985 34.3848723746 32.9285820213 31.8081037791 33.9842283926 33.8554623144 34.2110782027 33.8516537766 31.8453654282 33.4811859479 34.5646154891 34.3653834644 34.6177261015 32.2335912612 31.6378765351 34.7193308157 33.703855316 34.6289689122 33.6560328143 34.2062868885 32.9292303522 34.2816780635 33.1324360454 32.6570900149 33.258069604
0 0 0 0 0 0 0 0 0 0 0 0 0 0 0 0 0 0 0 0 0 33.3985263323 32.8874823318 32.0933711472 34.7355485516 34.1299429117 32.12478725 32.3991241811 34.4307873401 33.2411415171 34.2353975819 34.536856143 32.8425917649 32.3820288737 34.1980008456 32.486728677 32.9294260218 32.1078013956 33.7641350213 34.2078326565 33.4590079359 33.1058589565 33.2037337868 33.0236574786 33.8078721469 34.1806581118 34.5262275204 33.7523365305 32.6528192214 31.7236417379 32.5445778641 33.0926299361 34.6910096101 32.7805279456 34.9367616774 32.4371468708 32.2301433015
0 0 0 0 0 0 0 0 0 0 0 0 0 0 0 0 0 0 0 0 0 0 0 34.7452974003 31.8557334108 34.0147605153 32.8209636211 33.6663299228 33.3769951742 34.8968518405 34.7162986208 34.6626397334 34.5734185552 32.4405695937 34.6044838415 32.8312024355 34.6486540835 31.9274782813 33.7132576696 33.4015671131 34.5905081562 32.5846538731 32.1019632443 33.9255238346 31.7843653196 33.7977467646 31.7183288542 34.0288399863 34.5044665686 34.621076363 33.7052872407 34.0503310758 32.903187275 34.0136641648 31.6305128235 34.5839291743 32.7704165452
0 0 0 0 0 0 0 0 0 0 0 0 0 0 0 0 0 0 0 0 0 0 0 0 0 34.8938941269 34.9483018155 33.59625427 31.7319020746 31.8603401056 31.6687878367 32.0415770294 31.6743567409 32.3434307169 31.8646856998 34.2617657055 31.5711565522 33.9938691657 34.8689422851 32.2733286778 33.0066613902 33.408808339 31.9797872 33.590348349 32.9307014622 34.6922511374 32.9124600106 32.9373644976 32.9210395355 33.5376983219 31.7788100532 33.8391541956 33.238904848 33.7526709442 31.8939927815 33.3631774142 31.9706479985
0 0 0 0 0 0 0 0 0 0 0 0 0 0 0 0 0 0 0 0 0 0 0 0 0 0 34.0900252735 31.5100738571 31.7561000176 34.7603876545 31.7110361307 31.654740497 32.1751686486 34.7210176886 33.5002696741 33.5219915944 33.8956643104 33.5875148831 34.0754909235 34.0957936705 32.1275325825 34.2904341571 34.7033779857 32.909798637 31.5733829866 34.3480079588 33.3367373872 33.1632173055 34.361596646 33.0591856352 33.1840234983 32.668896722 32.0606207889 31.6366159727 33.9987907341 34.5466436866 34.4873914507
