Spatial_Output/DEC/DEC_0381.asc
NCOLS 155
NROWS 192
XLLCORNER 196307.867259
YLLCORNER 449144.565805
CELLSIZE 33.573938
NODATA_VALUE NaN
[rows 104 to 129 of 192, columns 57 to 113 of 155]
34.3558173149 32.2225229336 32.8075472497 34.8610492972 34.8176783893 32.8884924639 34.4624253934 34.9513627656 32.3813358397 31.9218097424 33.6860514965 32.3188705262 34.6410271047 34.3600496939 33.0775692399 34.9458903808 31.5976357975 32.5676824291 32.0188584848 33.6379379734 33.2322334546 32.7213357776 31.8540415229 34.1849000323 33.8311411678 31.6186168722 33.4404759555 32.9518570759 32.9423264697 33.1956950381 33.2583610547 32.5524578684 32.96169903 34.2641154376 33.599619005 32.396743096 32.6774373587 33.2727029466 33.3085866789 33.3607139025 32.9940595628 33.557121091 31.6257524596 31.7594238278 31.6316778389 32.89101296 34.2775059742 34.0338391275 31.7313806622 31.6884212842 32.9907360307 32.3296545065 32.4695863385 32.3276432469 33.4190714074 33.5673903867 32.9455072061
31.9820882667 33.6792545004 34.4596529344 31.8516273215 31.6149956546 33.4161373397 33.5544174824 34.9849700552 34.3820576258 34.2709592423 31.6766455493 34.8465972199 33.5145447895 33.210211529 33.9615872219 33.0915077248 32.6798115906 31.6063025879 34.8836064963 31.7289495672 31.966736564 33.6467850574 34.062427389 33.5183064157 34.0151257708 33.8358358461 34.3527518161 34.1069422633 31.8058298597 33.7677439866 33.9294699374 33.1578929125 32.8982318543 32.4656139569 34.0401619225 34.8481448479 33.7501234912 33.1239103511 34.6888312483 33.0536312432 34.3376708161 31.6056198737 32.5106184942 34.5856303643 33.7801448474 34.7425675238 34.1480888744 33.025892389 34.5889272791 31.5997222538 35.0149436387 33.4637110201 32.3229356522 32.017852435 32.2188982832 32.6519168847 31.9186995031
34.9966041985 34.9054817801 34.2987649399 34.2751590199 32.545854644 31.5010323821 32.1853508522 32.7051329213 32.2976940889 34.1401542321 34.4579999276 33.7159374885 32.8972274127 33.579565696 33.0972914116 31.7727970741 32.877965235 32.4303757867 31.5999256604 33.9193814645 33.2948617767 32.9226256094 32.9204771536 34.0417814028 33.072469007 31.8784586692 33.5639983087 32.2560468696 31.8263012706 33.5251203713 32.4250747734 33.7169022722 32.2481216716 32.7585030826 34.5598211001 33.9813175267 33.4244084009 34.2717630935 33.7105103421 31.6019624302 31.7410710831 32.6818882709 33.0451846101 31.7787107561 32.666918714 31.8514913761 32.7487547436 33.8920486193 34.7856635442 34.8109600219 31.9494073335 33.3739723432 33.7047613702 32.8780353486 33.0001623122 31.6904558051 34.934820314
34.0999257069 34.1286169899 34.0496309521 32.0986034539 33.4346900717 31.6045354779 31.8630135211 32.1780170143 33.5789214315 31.7503746804 34.1339724593 34.4337169076 33.228640826 32.2895453593 32.1872648746 34.3459256972 33.0002025548 31.8587881299 33.490321792 33.4050717663 34.5524895968 32.6059142251 32.1446576413 32.6432940526 32.21140753 34.3111346103 31.6740373247 33.0892907466 33.6926427452 31.6112819204 31.6555026932 32.3182735217 34.4120169334 33.8642253359 34.630899044 33.1966660408 34.8517102946 34.5663233418 33.9849243828 33.8959769488 31.7749493177 32.1846112145 34.9511975974 34.6850547666 32.6085698625 33.2257902332 32.5818287035 32.3490375319 33.2933476055 34.2197323804 33.8202093336 31.5006659459 34.9982533856 31.752082824 32.3957611544 32.4285404322 32.2293911452
32.6971966123 32.8082035085 33.3200226284 33.2394617933 31.6088539466 34.8672244192 31.9916282268 34.1385411024 31.8582232253 32.0694255106 31.5246672497 32.1306057147 34.6709396732 33.4815429033 34.8549321859 33.1389439698 32.8047838927 31.8358558616 32.581581358 33.4009946765 32.9704986106 33.513385352 34.1298451778 33.570543272 32.5103157636 34.107734098 34.5093852156 33.10927755 33.7714108528 32.4353221066 34.0242112585 34.6487792102 33.0452521943 34.4807198618 34.2303785013 34.054153393 33.542033695 34.9211693962 34.7152521292 35.011723289 35.0175198875 32.2320225813 34.8310059796 31.5259719321 34.5951895807 33.9639192805 31.7406721178 34.0146105318 32.3860355909 32.3062616522 33.034000328 34.6331425941 32.9381586212 32.0401164777 34.1529772008 34.0742437721 34.1760808479
34.9947809618 33.4442128467 32.2115044064 33.1058492297 32.0071267328 34.5310298165 34.5168245075 34.0287756928 34.636238155 32.624168354 31.934901564 34.0602907546 32.1683025858 32.8772564208 34.1476144544 31.9276819955 34.8595428746 32.3557831537 33.1891284557 34.9030736315 34.3749486395 33.3217666921 32.886222896 32.8597389554 32.9561775855 34.2108862786 33.6143832849 32.7609499781 31.7254954816 32.8448114436 33.9006924235 33.5752575556 33.6158398422 34.1656093108 33.465385561 31.6050506895 33.7498015104 34.9001859556 33.4471866624 32.1949434817 32.0555215685 32.45700454 33.4365948869 31.6213816191 34.2227574764 32.8370466729 33.0714584637 33.8658925335 34.6458134479 33.9124641261 33.3620263018 34.3815827688 34.4931723556 34.3424584005 34.9705487254 31.6184638923 34.0385712536
33.2458744966 34.0027688617 33.5125032494 32.9911167224 33.2014653469 33.3965618104 33.8677621739 33.1510513747 34.7207217481 33.4461836084 34.8377022875 31.7170067186 33.1066069468 32.6134266455 33.498294376 34.0243729865 31.6046442308 31.693996582 34.3764435847 33.6765418498 32.5925288862 32.8555792744 32.9622955701 33.1525362545 31.9368068815 34.4085499835 33.1185846746 33.8652098221 34.7809770542 31.7937613286 31.8524419965 34.9353318587 34.8310740893 34.5743514067 34.99329094 34.7385046124 32.2369444973 33.4038481255 33.2476751357 34.8250191619 31.8419631737 33.8958132838 34.0095811304 34.3835878089 32.3622142457 32.6434780894 34.3998325313 34.409898737 31.9460668155 32.8483421698 31.5420251221 32.6638129414 31.6721495735 32.71139548 33.3127049239 34.0713296484 34.7295947305
33.9181850921 32.0517347188 33.5176582557 33.7882793305 33.5886074396 33.9536960619 31.7056935121 34.7820797512 34.8174461189 33.0770325363 31.9377829508 34.9224036613 32.7500929624 33.7175609529 32.1458483407 33.6717847301 34.8966259682 34.3342707765 32.7541428289 31.9165755293 32.8372794421 33.8072227873 32.1130742616 32.0981193643 32.3680835434 33.9944260185 33.9532850539 34.4140325279 33.1569753096 34.7533952037 32.4040131233 33.2648503349 34.7828108537 33.5265667077 33.8386350571 33.7993654705 32.9238180325 32.6440120023 32.3849224768 33.3688000497 33.1871177273 32.5289794705 33.5381720186 33.3353402231 31.7210678699 33.2306630606 31.8944673055 33.4110622907 34.7983656131 33.9387812936 32.6320930699 34.2883241091 33.0520010493 33.4406651428 31.6746372134 34.5710708067 33.7563870236
33.6631443471 32.1783685174 33.5902072538 33.7941305506 31.9319795852 31.5028809583 32.6934281702 32.550990558 32.6411169635 32.3568205817 31.9289020888 34.8663365502 34.8589269649 32.7449357158 35.0180263081 34.9735041537 33.4632657158 31.5707439877 33.5331301265 34.4344610393 32.2980598544 33.5621942746 31.8675061162 34.3167295854 34.4459050449 34.5284956211 34.3269790427 33.6463666965 34.5110819516 32.5163167103 32.3544159364 34.0282490305 32.1901290328 31.6009821426 34.2957422208 33.3464037919 32.4348661537 32.0177296993 34.1244126634 31.6360821756 34.994733451 31.7885150426 31.9023843085 33.9065877234 33.0382375441 33.1986221341 32.6976563844 34.6458709963 33.3059483203 31.8158567498 32.3833184619 34.0088059415 33.5431304176 34.3375842754 34.8125874609 31.6181456058 34.1343811529
31.6921150134 34.7972465038 32.9774377348 32.6815937822 34.4338239327 31.5327249068 34.0465635045 33.5469059794 34.4306458089 31.9662041059 34.4478401739 31.9771947687 33.6990749685 32.511580783 33.7256374058 33.1216253914 31.797345671 32.0987698724 32.4897394578 34.4327930279 32.0249696958 31.9409985857 34.0304089793 34.8068485516 31.5433370016 33.8907467403 33.2901761697 34.6598659838 32.373952355 34.2568614574 33.8837127571 32.1773355339 33.3761632742 32.0427290464 34.0969432743 34.233505654 34.2790660063 34.5637983277 32.8086283888 34.9531886012 32.6200616529 33.2082769911 32.9986128569 31.8217521917 33.2114811864 31.6990697072 34.6358711238 33.6417130943 32.1915377753 32.9557983132 32.2633847058 32.3216581301 33.2695645134 31.7001411093 34.1444350803 34.3459033858 34.9283804771
31.7859470424 31.724528303 34.2703032341 32.5089611798 31.6481319821 31.9311410189 32.7224421459 34.4143525563 32.7368942131 32.1172181198 34.6512444603 31.6340408431 32.5742864843 34.7259715435 31.80139403 34.5747949176 34.5315803783 34.2669665383 34.3338753448 31.5645292292 34.0295783578 32.1626161305 32.143623188 32.0109876057 33.6558355113 34.6571531417 34.20534983 33.4402458165 32.8343564525 31.8490694257 33.9380546574 31.529424273 33.4181481929 33.359545631 32.6808538951 31.6128703245 33.2123161602 32.9511058177 32.3210611993 31.655809765 33.2017873236 33.4286688557 33.3089645328 32.744766081 33.6304382586 34.1707749415 34.1151916461 33.0720035442 34.963483386 34.5957153567 32.9502915559 32.13728648 31.7912225947 34.3380233116 31.8802341034 32.5670239597 32.2762052104
32.9649793729 33.1614496449 34.4126405828 32.7095265895 32.9632543634 33.5890146066 33.4703805483 32.3340977516 32.2889348228 33.9511446131 32.5525368504 33.8964298385 32.7272903758 32.7123967977 32.7420917913 32.5040570405 34.2462613741 34.3829833958 32.8692997721 32.0615149789 34.9377958962 33.8101735152 33.858751903 33.2762712947 32.1396675717 32.334154086 33.9191909094 32.0412434467 34.5831116239 31.988120445 31.6897272411 32.7294699991 32.8589518331 32.1019225458 33.0353750821 34.8489653733 34.4356469839 34.7720934183 32.3959283307 32.0020370204 34.0912404752 32.5020147178 33.7565591611 31.9608572263 33.3843132644 33.4918174757 33.1193497265 33.862178833 33.150293254 32.6345258113 31.5942419632 31.7219215263 33.3328533315 31.6667070056 32.5998294775 33.8489921585 33.547782142
33.317850933 35.0162890757 32.4346430447 33.0278288538 34.8596397392 31.5859243971 35.0204982722 34.3172245247 31.9414589326 32.9103006331 34.5847587925 32.2600201491 34.0737765907 31.8583968231 32.7387073883 34.396474013 31.7518742653 31.7095324509 34.9546993807 32.6873191562 32.3997705629 32.8487673735 33.2302364716 32.3176822807 32.3412711448 32.5312066453 33.3030764131 34.6258611495 34.6050620305 32.9645259315 33.2917799884 33.4680552148 34.8366681127 34.5671204088 32.1791287219 34.0629288098 31.52898787 31.6321729516 33.2483067494 34.6728429572 31.7944463343 34.6125389882 33.6077918991 31.6422155618 33.8555514178 34.2698396467 33.258130109 31.9438256396 33.6863985094 31.7332753732 31.6017326034 32.5345977683 32.3172199053 31.8976053701 34.3510454286 33.996301703 32.6086089575
34.6575262078 34.648634584 34.2668612733 31.6121773227 32.707022669 32.4471178688 35.029783066 33.2567989407 32.67381669 33.644580239 32.4044188183 33.3946417332 32.0121419755 33.244435398 33.8621886198 33.5238448977 31.8786581814 32.933614583 32.9766826782 33.8555859626 33.3572298356 34.331219936 32.17793757 31.801199931 33.1433360726 32.2579233241 33.8721781752 32.8881236425 33.3862145161 31.5268412781 31.5068838563 34.3825648685 34.2399538021 34.3830146767 34.5552903493 32.1453608776 32.4342973391 34.1954641813 33.0604713042 33.7153561772 32.5279620546 32.9106156752 31.843630223 32.5301819662 31.806395535 32.2014164701 33.2359488661 31.6714697357 35.0336412861 34.6761455763 34.3635616452 32.5825778484 32.3743139739 34.3614244574 31.6582236028 34.2990818309 32.2329720763
33.3147228501 34.2220229651 34.9869054091 31.7674126045 31.6344918157 31.9368584888 32.661121433 34.6265003779 31.7911925644 32.9801862039 33.4442950846 32.5659426611 32.4627646066 31.8469892708 31.5835409338 32.6282211554 31.678210631 31.5539498791 33.333076026 33.7017190613 33.0490519749 34.2342305618 32.618544815 34.9627746071 33.1482547961 34.5793610718 33.4856259439 32.130499326 31.6204256319 33.9944352449 31.5729357989 33.324474328 34.996944915 33.0063118873 31.7254007216 32.4984886449 34.9703547773 32.3360501463 33.2053940578 33.8176255787 33.0133948552 34.2452953586 34.8907408538 32.5745264631 32.2403252053 35.0222167726 33.4677908671 34.9221883496 34.6729269355 34.8071501477 32.4001187028 34.9627388573 31.6585216151 34.86161958 33.604457322 34.0736874129 33.6572533752
34.3275812343 32.6482757926 34.8526084743 34.0740132822 34.9379923941 33.9350695055 34.8061412012 32.6014975511 32.8718198304 32.0311805733 33.4090427664 34.1438929427 34.2409372527 33.7107049469 33.5671429126 34.0755208737 33.5561514364 34.278697908 33.6845863329 32.8574773664 33.3543967265 34.284291514 34.2834644115 32.6277789227 32.6058950207 32.1041936014 34.6681617977 32.2120525706 34.9709152036 32.8964012682 33.0199074128 32.1328403693 33.9302174121 34.2355270899 34.1466934976 33.9186796413 33.9149329999 34.9222749922 34.0292306143 32.5977407254 34.9193921915 31.580585539 33.3548268354 33.5728016057 33.057312783 34.028615871 33.3723259392 33.2056199726 34.5500236779 31.9817605561 33.4518506958 31.9378725867 32.1488879569 33.9454925287 33.6954335108 35.010417542 34.8725888354
33.1130185372 31.879695366 34.0840777777 33.5800347594 31.5315690211 32.2361995911 34.5985693048 33.4241366755 33.8468717331 32.4444890756 34.7500092698 33.4773829031 33.0862701958 33.1361635592 34.1063708956 33.1122949303 33.6002702086 34.770449623 31.9081913588 32.4933323403 31.9529555799 32.0301674163 32.6524669834 33.3511921717 34.0697019076 32.1457947904 33.8788000273 32.0446830214 32.4543584521 34.6264189892 32.7087878552 32.2796866966 34.3243650934 33.4249750676 33.3580254655 34.0855669359 34.4693291686 34.4963388037 34.8667445538 32.0733807158 33.1136098533 33.0134254617 32.9090166644 33.9722868245 35.0131998153 34.7042851074 32.6734758159 32.9970443878 32.7857881801 33.1349232029 32.22504582 33.6803122056 33.4872605058 33.3931375807 32.5900267545 31.7559079081 34.3452145542
34.514695459 33.3560801853 32.9633908712 35.0169149402 34.923896527 32.5701116841 34.1773065944 31.5107053492 33.1344529673 34.6077432408 32.6716452696 33.5239878237 33.8103987421 33.9555285164 32.0452629975 33.6217842268 31.6887531078 34.4525511097 32.753756472 34.4505361837 33.1939422511 32.4560637906 33.6702134595 33.5264005518 32.6748309332 32.1647582295 34.7901133901 32.1989232383 31.5626202353 33.4305450112 34.5337228125 34.9665599474 32.0006309096 33.6146370838 31.9568667952 34.362181677 31.8380670893 33.3141055001 34.53886773 34.9473097336 32.4882708169 32.2356994913 31.5987124221 34.4700629362 31.6049991552 32.855088941 33.9919402647 34.7518295179 34.8842712545 33.3301661542 33.5971642417 34.5971471167 34.4486710835 34.3409379091 32.4346162015 32.6691357253 31.5282613005
34.7839901883 33.1490953994 33.394900998 32.9060423963 32.7091222785 31.8430279267 32.6947791506 32.5355719464 31.6425736286 33.1865129104 31.789860456 33.0211355516 33.473325951 33.1898065859 32.506426701 33.3892991701 33.5289448375 31.7902347183 33.3683513163 34.801513858 32.2951821256 34.3972456723 32.2683098398 33.027784906 34.0440702525 33.0227964189 31.8749384742 32.51805366 31.6634330268 32.7067992268 33.9733729712 32.8647860615 33.3004879106 32.0311209354 31.5790228717 32.3768738465 34.6179251539 34.8845320337 33.3139792968 32.7479155832 32.7386213199 34.8809461745 34.8761965532 34.6806453339 34.3524123141 32.361271037 31.7909660783 33.189801973 33.381849706 34.8101704773 33.6500478745 32.8911245294 34.060514603 31.8515041946 34.3104156539 34.387336734 33.1584102175
34.0551607067 32.6148116447 32.299450295 31.6504304609 33.8345227501 34.8140842926 32.7380229754 31.6687606564 33.3367743411 34.5045185506 31.7087751063 32.2741910556 32.2140961714 33.5684403942 33.2873889653 33.2588263223 31.9719535494 31.9300402409 33.8436306285 34.238027019 33.7236251482 34.663560756 33.5406688262 31.5242581541 32.3928549967 33.4340949764 34.4130178649 33.1377350291 32.0376246457 31.5384021687 33.9502207695 33.6959260079 34.8940701933 32.7648236962 34.9404607214 34.1717387217 34.838257929 34.2434479725 32.4947893737 32.3854055838 33.7412901476 33.6585296035 34.1749827648 32.1824852747 33.5236877101 33.4227300561 34.3351832289 32.385516372 32.6147597399 34.6891249365 31.6151562985 34.6568538941 33.377869878 34.6705906109 32.593884436 34.6904418299 31.8581063074
34.1749936374 32.9270660365 32.7270419891 34.523361816 34.3600295698 34.8098514045 32.9650879066 32.9226229708 33.3933388751 34.7236669382 32.2272371367 32.9353649409 35.0259770881 33.3788452179 32.5519031446 31.6205428859 31.7966953729 34.8026958594 31.5604700375 34.2233913516 32.0350138106 33.4070137697 34.8319763833 33.2630023756 34.7252350865 34.5125539705 32.027850816 32.9291141303 34.8390633507 32.8654136897 34.1564283124 34.545031075 33.1388202569 31.9548067525 31.7495935998 31.6738361502 33.7117776313 32.2834267669 32.6895053308 34.7293443504 33.4607195415 32.815890969 33.6173940618 34.2924855559 33.8400947613 31.8944839656 32.4072825695 33.0844510103 33.5984643815 33.7073527161 33.0240857313 34.7696951797 31.7341512658 31.9330455527 31.9401582797 34.7826959879 31.5794140805
32.7043467128 33.1638066476 33.0826534036 32.5011583217 32.8205432418 33.4480630687 34.6191828284 32.1605556902 31.9395615253 33.7400733504 33.600377881 32.8955599654 32.6778227275 34.9948364201 32.1740870858 32.4069896168 33.4945751269 33.4123056876 31.8813355613 32.2009342294 34.0594212689 33.5493129989 33.7471572663 34.1201233233 32.4042129987 32.8803857426 34.4154405322 32.1841863363 33.5208828588 33.1402476098 33.0293317229 35.0354433486 31.7958488236 32.5029229645 34.5977147458 34.9679799808 33.4098132153 33.0986298316 31.6209084208 33.7250173635 34.9144085762 34.0976817627 34.7979702626 32.2485914289 34.7346370191 34.5009351521 33.5534833476 32.83483634 33.799942414 33.5247450297 34.1121753301 32.5471174591 34.44436611 32.8341313454 34.3202107186 33.5903099201 33.7759978879
33.1090115706 32.9835031052 33.701977372 34.7860039264 34.7695007271 34.1729027308 31.8044667775 35.0192567111 33.6771213744 32.0340939549 34.3704676205 33.5254270092 34.2108390592 34.5629292982 33.1073948945 31.8381602371 33.8134977289 32.400406386 32.4681567695 34.4849178894 33.6210104457 34.3387474555 33.0715306326 33.6448329206 34.8084416068 34.4532650093 33.3758318778 32.1528648426 33.0899194971 32.5135731723 32.5041465525 31.7986453562 32.9357829958 33.2699601943 34.0437678183 31.9972983217 32.0579186804 33.6761627248 32.2076867724 34.3781590744 33.8416334116 33.3885226498 33.9362168244 33.4244042718 33.9101586622 34.6843203927 32.7070043403 31.9627474952 34.8529956757 33.513836544 33.8801438401 32.7519463277 33.0218429311 34.9829656047 32.664175767 31.9166553472 34.6559163884
31.6135896066 34.1233385737 32.7521895472 33.0754404418 33.6146973944 32.4872629446 34.8673584671 33.5967636545 34.7325364389 31.9613206842 31.8145225208 32.1077026897 33.2364422269 34.9831051438 31.5957606773 34.0411819994 33.4776467616 33.8085735893 31.9671693393 34.9465444097 31.825976963 32.9330199405 31.739646193 32.200860299 33.0248248263 34.6041977335 32.7248342711 33.3782230581 33.3307576471 32.1613790861 33.1274437971 32.6258579227 31.614621274 33.8871447345 32.3962249091 34.9743894424 34.8490768636 34.8434145457 32.4785332987 32.0266053701 34.7197629565 33.6276976441 34.8796743925 33.4043832485 32.6212493126 32.6478049512 32.911539914 34.7351382092 33.7379056141 31.9900529238 31.9020034713 33.763707164 34.353742239 34.152639133 31.68058421 33.5363659434 34.6939856395
31.8914060394 33.9611181966 32.0043953285 33.6739299218 31.824302556 34.9572387597 34.7930958926 34.6969381019 33.9803992235 32.545250017 34.256518408 33.427557283 32.5375602533 32.9540743759 34.2723599869 32.2511423205 32.6114135568 32.0010862616 35.0299602447 32.2231462675 33.6069047568 32.3434848097 34.5983671256 34.4019647658 32.7387245006 32.5897184472 34.964045358 33.9603904237 33.5211724183 31.590163943 32.2553632899 33.142680476 34.4150232223 32.013975629 33.9286163267 31.6632696806 31.6243727662 31.9359652117 32.7331519209 32.1575622449 33.4869837688 31.6940482287 34.3662332971 32.2456814172 33.6656973702 34.0654228491 32.1626857579 34.8461876731 32.3200136815 32.9749732259 34.1844955466 34.1067802191 32.3684226984 33.238183006 34.171651527 33.9387316925 34.3667752414
33.2795658617 32.7625885542 32.7004215814 31.8998530993 34.1299096933 33.8375156922 32.5204002638 33.1348181999 34.7306740605 34.9828032257 34.3175753778 33.3689855401 31.9964966578 33.5526136512 34.7721993187 33.5135832166 34.707313485 32.2636412612 31.9244323728 33.6127199464 31.9465217428 32.3026960599 32.6581601164 34.3709435437 32.4564912425 32.6683924718 33.6603520884 32.6227355169 31.5878170604 31.5610384839 31.616279371 33.2018673809 34.6622664114 34.6329034345 32.4821864263 31.7862952691 33.169334266 34.0513724985 32.4920015623 32.3084229771 31.9023425132 34.2132253744 32.2511549066 33.0159490255 33.0947900286 34.1857797474 32.4113365377 34.3244859267 33.8578749649 34.5980793511 34.7855173065 33.6990840696 34.3436196376 32.7935484057 34.493300192 32.8290754057 31.7695575453
