Spatial_Output/DEC/DEC_1406.asc
NCOLS 155
NROWS 192
XLLCORNER 196307.867259
YLLCORNER 449144.565805
CELLSIZE 33.573938
NODATA_VALUE NaN
[rows 52 to 77 of 192, columns 57 to 113 of 155]
32.9648303047 32.656327467 33.0665275829 32.9049684455 33.0632007005 32.67959931 32.9688647863 32.7315682574 33.0899086748 32.8944564918 32.734465551 32.6380555889 33.0278630791 33.1679033013 32.5450133088 32.983287 32.783338168 32.7174353813 33.0058874211 32.5940096228 32.5395208723 32.8636294225 32.6084007536 32.8353238981 32.5661595953 32.5317697685 32.9979596002 32.5817396974 32.9606772083 32.8385583806 32.7250371484 32.5569925067 32.537472605 33.0892217579 32.9771175312 32.7623835185 32.8131710789 32.526374989 32.6170256312 32.64611117 32.7043511731 32.943999238 33.0387838276 32.996826208 32.6466332371 32.8679505059 33.1022856826 32.7132929599 32.9612692337 32.6058774633 32.8021038295 33.194421269 32.6973021888 32.6226344316 33.0853627258 33.1798109724 32.9184468088
33.1267558863 32.7166350323 32.8493997734 32.5232217479 33.0216958796 32.5714871634 32.5062059173 32.5720984195 32.540360007 32.5401050397 32.9640611978 33.0575920195 33.0745884821 32.7091565666 32.8422340717 32.9885122209 32.8744585398 32.8265877196 32.8876099943 32.5864770325 32.8781659353 32.7209996687 33.1998517928 32.8916548097 33.0232056148 33.0745318391 32.8734284035 32.627411969 32.5442097058 32.9819006479 32.6874869583 32.830359404 32.7120771832 32.9027863891 32.8257229069 32.6762044197 33.0637469003 33.1727805456 33.0616387608 33.0986634237 32.613735963 32.8929429821 32.6668901919 33.0238437282 32.7462290718 32.967064438 32.6629118128 32.6977285804 32.7474904212 33.1941288664 33.1066050291 32.7189956199 33.1179316513 32.7808427972 32.5353994538 32.6051598862 32.6851962661
32.7356472643 32.6091498869 32.8329615424 33.078452089 32.6191834713 32.686485721 32.9361713424 32.6401718991 32.7077809362 32.7594007881 32.7631468344 32.680785482 32.7260827383 33.1447540436 33.1650300873 33.0246390709 32.7582128649 32.8174686483 33.0120158212 32.7417362947 32.9192174661 33.0306728973 33.0319954177 33.0565255701 33.0128611276 32.7553518585 32.8726021277 32.6487818262 33.0201747097 32.877926872 33.1655181645 32.8867828007 33.0365937369 32.7136736295 32.78188063 33.0764739135 32.5929415012 32.5031787871 32.7539529074 33.0349038492 33.021902418 32.7730721929 32.7663053801 32.923972713 32.8035067391 33.0465619744 33.1040010425 32.9573930724 32.8959386878 32.6333431716 32.5127240077 32.720375295 33.0522498954 32.7740379801 32.5959554257 32.5021178908 32.5757149074
32.7875786131 32.5422160577 32.6564306195 32.6088816385 32.8223052904 33.1859356556 33.1965863135 32.8329322805 32.6533890635 33.1952666819 32.9940635464 32.7156224838 32.6560341335 32.6993604055 33.0486806564 33.1612449047 32.9804869152 32.6686033678 33.1946210934 32.9316107865 32.6854641478 32.668686337 32.9157976985 32.9691618769 32.6722273789 33.0711246327 32.9741385335 33.023293581 32.6815028025 32.9366678199 32.8971540689 33.1874918346 32.8020370449 32.8661575749 33.1511645737 32.7958440418 33.1413375986 33.102247344 33.1784234874 32.6106963058 33.1018687114 33.1059818008 32.9296002217 32.7221193602 32.8027261734 32.841341465 32.5518819638 33.0309075563 32.5284476483 32.7492714539 32.701637954 32.9580602665 32.7348997957 32.6516618316 33.2018160335 32.695985444 32.6830532792
33.1419863395 32.5754157887 33.0050370311 32.8853219267 32.5199606893 32.5456528828 33.0066303 32.9833726337 32.7229715836 32.5425890045 32.842509857 32.5462385467 32.6209509025 33.1692000062 32.7274400102 32.8901422554 33.10238266 32.7429487975 32.9816416525 32.7136452273 32.7518706685 32.6738349566 32.505366096 32.9462280281 32.6806966981 33.1538067861 32.7745231349 32.6368656659 32.6288786652 32.6952452351 32.9531526992 32.8410489979 32.6482626803 32.9326133541 32.8213529357 32.647189731 32.68902142 33.0522944454 32.7637278101 32.7220144168 33.029744009 32.53452482 33.0858307967 33.1074849792 33.1305295181 33.0059940936 32.5047339974 32.8802335828 32.9321502013 33.0763700694 32.687951679 32.9694434686 32.5951289185 32.7331134613 32.6138987374 32.6954827599 32.7473282067
33.0214621049 32.5322771484 32.5556364848 33.0891032149 32.7912291144 33.0624295029 32.5945609564 32.9870945168 32.9217631796 32.7153814469 33.1015750117 32.8994812165 32.7515448047 32.5656345405 32.5493143023 32.9363310767 33.1785652458 33.0630077545 32.6496137645 33.0306385962 32.6017580526 32.8661476056 33.1483457625 32.8578609336 33.1396448619 32.6127597813 32.5346764339 33.0697853367 33.0715608632 32.6289328164 32.5856301129 32.8747724638 32.5133102773 32.5856825372 32.6148441103 32.5417720972 32.7020610568 32.6183460754 32.7509435452 33.1124668953 33.1136087694 32.888577548 32.8516725499 32.7864655735 33.1940639634 32.7212343802 32.8461127377 32.9439638524 33.0376933853 33.2016902574 32.7165071755 32.9837096967 32.5446377461 32.6449086237 32.8416056264 33.0046237049 32.8477382499
33.1083315816 33.0643311493 32.6890097245 33.1212539152 32.5162033774 32.7879454316 32.9159421786 33.0434499788 32.7994380022 32.6971943348 32.9395869705 32.5442757624 32.6694816539 33.1066422713 33.1526435277 33.139384467 33.1365557529 33.1629761866 32.7751659961 32.6364165714 32.7623064057 32.6855839721 32.615575013 32.9535957584 32.8572634754 32.7396022855 32.529732192 32.6438900845 33.1241906762 32.594790542 32.7744507539 32.9246271707 32.9258668437 33.074857378 33.0329101469 32.5770439402 32.9905289393 32.6486786915 33.0573829307 32.5935144428 33.0073994175 32.8375935678 33.0811918494 33.1135520725 33.0823151169 32.5646536612 33.2007506993 33.0069675565 32.6446112485 33.1276078264 32.9131766083 32.8585782432 33.171185556 32.5379160727 33.0831984255 33.050973261 32.823016739
32.7277363997 32.9279387372 33.2053115961 32.9321046457 32.9170267511 32.7133127077 33.1043438894 32.6552137807 32.7305040115 32.8023416651 33.1430616207 32.8627807639 32.7453211576 32.7634951536 32.5835196784 32.9555559078 32.7796201283 33.0071305815 33.1943711443 32.6687032714 32.8574746726 33.1108788839 33.1185012346 32.6028909907 33.0134366008 33.1574617035 33.1867723809 32.8183714577 32.6660804511 32.8773708528 32.5730269582 32.9841974382 32.5696918933 32.7645289026 32.5035881281 32.9800328402 33.0245303261 33.1422330762 33.0237068284 33.1727155702 32.7529260134 32.6482295403 32.5054278316 32.5149944519 32.5505691105 32.8845851361 32.9182092926 33.2004885461 32.597421828 33.0904828399 32.5878922565 32.7494922729 32.8046730077 32.7915472063 32.8763304937 32.8806839511 32.7223786478
32.527029203 32.6221706472 33.1698767077 32.5526397512 32.7447092478 32.7975881879 32.6919376441 33.1736919629 32.7482638362 32.9881654073 32.8544683815 33.120217748 32.8128248901 32.793807661 32.9149307627 32.6629777377 32.9224309148 32.6725712103 32.8408995921 32.53465412 32.5087472695 32.6040574322 32.9048016922 33.0012271777 32.8402119554 32.918267264 32.8295479059 32.7003361584 33.0415783014 32.6358241596 33.0876199802 32.6025560532 32.53297269 33.206533342 32.6285630872 33.0859662014 32.8914564798 33.1144565601 32.9353250623 33.023775084 32.8848740129 32.6321030325 33.1300524314 32.8298763672 32.5785798568 32.7760206609 32.639869926 32.7720787597 32.8070455907 32.7469089451 33.1653288821 32.9729941385 33.0905661746 32.8726616643 32.7913996337 32.5801838535 32.7135091612
33.0036829066 32.5784416506 33.0724014454 33.0771423875 33.1277610286 32.98226888 33.1491859658 32.5650392665 32.8770178798 32.8429840647 32.7245720775 32.7763859856 32.8598898821 32.6147516348 32.9176462074 33.1379265731 32.5518833917 32.6756784607 32.5226641692 32.7374979963 33.1538682315 32.7594282473 32.8687415497 32.5204672385 33.1881387684 32.7661101036 33.0217024217 32.5082104948 33.1697543947 33.1984706193 32.9772436417 32.9610867513 32.7673301601 33.0530494904 32.8119506773 33.1489371315 33.062009019 33.1361106975 32.7379726029 33.061955993 32.5133962517 32.795102013 32.7107938841 33.1488219021 33.0157561996 32.895938315 32.7627529082 33.158528199 32.6550930456 32.5080435724 32.9755755295 33.1145982583 33.1073057495 32.9352489681 33.1229897741 32.9063877132 32.6109728809
32.5355752014 32.8527739882 33.0357748591 32.5464623558 32.8526108886 32.8749884817 32.9708488449 32.5184993925 32.8998471329 33.1325442157 32.6512540542 33.085093161 32.888457089 32.9956213308 32.7226601597 33.1302854608 33.1309981411 32.9043511559 32.8169690563 32.9585571519 32.6092602261 32.6304669414 32.500230333 32.766033761 32.5565276188 33.0350484266 33.1893104371 32.8021288452 32.8364857139 32.826534874 33.1818780669 32.6516943594 32.808680169 32.8518308371 33.1159716294 33.0350442903 32.9173124445 32.8373702081 33.1196781927 32.9243271618 32.967314456 32.8165574797 32.7915628541 33.171344125 33.0273692926 32.6898930892 33.0034084236 33.1518541837 33.1484173639 32.9664437988 33.1652999966 32.9097360148 32.6768535507 32.7107067139 33.1444212529 32.6337854589 33.0597455779
32.6956214692 32.7484830725 32.7692457598 32.5256085294 33.0784002069 33.1887704318 32.647903185 32.5239297837 32.9505615946 33.019014624 33.0221621027 32.9541149669 32.9718396924 33.094480749 32.6197735557 32.6662620041 32.6110448611 32.9206252112 32.6378911724 32.7118507043 32.5496990992 32.7178900432 32.895763456 33.2023710946 32.8959238527 32.9749248874 32.9529451409 32.6989342104 32.6797844561 32.5612420662 32.9819316334 32.8295913087 33.0479489492 32.8953404607 33.0567832734 33.1751509846 33.2008370995 32.828096498 33.2041306659 33.1469138399 32.7568774429 32.6547409272 32.9800622125 32.7830424134 32.9806939001 32.8403142688 33.1620447498 32.6266228598 32.9127046854 32.9027647376 32.5614404543 32.8842900976 32.5880307917 32.6150823082 33.0356529114 32.8991425924 32.6834750439
32.8275975585 32.7393419374 32.8491598965 33.0443046369 33.065424336 32.684914868 32.5795952548 32.5138384987 32.5988563512 33.0815570304 32.8614891974 32.5070287046 32.9540776161 32.946190415 32.6350545541 33.1322183343 33.0232360216 33.1982509895 32.7678587624 33.02798049 33.0081530325 32.9507304676 33.1076350053 32.7027694885 33.0961511017 32.9566357512 32.7226176656 32.632245667 32.5579059902 33.0650521775 32.7214467818 33.066629489 33.1794969036 33.1426410955 33.116643266 32.6356190478 33.1788802628 33.1837517449 33.1287639238 33.1645531015 32.6274417117 32.7302817832 32.789088267 32.6634496412 33.1527771771 32.8911070466 32.936949397 32.5477429027 32.9180560294 32.9165950305 32.5531411339 32.7160586255 32.9736583377 32.5390571677 32.7769791034 32.961802472 32.9283944583
32.7849605863 32.826874233 32.8200266534 32.5600908803 32.7792872139 33.1994498252 32.6507958305 33.059356798 32.6435089374 33.16148094 33.0775051254 32.6277067851 32.8868245409 32.7512886492 32.6723873829 33.1791973063 32.5207600006 33.0981174242 33.1098097362 32.8958431575 32.8927311391 33.0879104217 33.1202950734 32.8596399245 32.8619495696 32.8304879234 32.5480215214 33.0880715637 33.17066149 32.8866514806 32.9149564506 32.8362833831 33.1482484204 32.8720822066 33.1323838802 32.6388412612 32.8313551939 32.8711988558 33.0523703692 32.5330447626 33.0765128407 32.6457002055 32.9546558405 32.7167192659 33.1071134975 32.5164175027 32.6812569848 32.7268636206 33.0959390393 32.7391527675 32.8604429394 32.9059644149 32.7786153828 32.8525826525 33.0048379406 32.8544354886 32.6957744828
33.0143173139 32.7790114551 33.1407095536 32.586266602 33.0499573804 32.997241439 32.7223898988 32.9324042771 33.1831622163 32.6602503107 32.8817074666 32.7684567609 32.8536834536 32.7263418987 32.9733936239 32.7292833146 32.809998515 32.7761641411 32.9085955713 32.7362314699 32.5428476687 32.5539275247 32.5208117371 32.5576901325 33.1489085617 32.6773388105 32.6450760779 33.009422096 33.15319148 32.9781200077 32.7537204579 32.7893115351 33.0278319508 32.890796677 33.0276672916 32.7814797317 32.8594427023 32.6075667242 32.5493268263 32.5854943616 32.5266963667 33.0758166556 33.0714722417 33.1924035956 32.97776594 32.6888812565 32.8437028278 32.6964312214 32.7799383964 32.6709369368 33.0152120562 33.0267527918 32.6573384691 32.8562459625 33.158778089 32.9505364757 33.1382744993
32.5102571272 32.5352712163 32.786902709 33.0743791662 32.6213486095 32.7978429587 33.0276930242 32.5873639775 32.5287631471 32.5836692799 32.8083301967 33.1335036619 33.1534342969 32.9127638869 32.7498127129 32.741852595 33.1624214938 32.8963744656 32.940273602 33.1056060064 32.8936173399 33.1975177824 33.1140783486 32.9490205054 32.5167864964 32.9155075799 32.59132691 33.1382123282 32.5575502139 32.5858995621 32.8813766736 32.6250317024 32.6273648848 33.1612399225 32.992538661 32.5760298927 32.5176269878 33.0132035509 32.7495529896 32.8873812189 32.9896637108 32.8365587039 32.6830235368 32.9323862744 32.9215992155 33.1278277722 33.1626704834 32.5125241525 33.1884666055 33.0507832381 33.0544818182 32.9612652144 32.7873965372 32.6095720994 32.6617193723 33.073017442 32.8967228316
32.9480087737 32.5888595093 33.0625039863 32.5736394945 32.959709257 32.5055938683 32.5440875806 32.9507811161 32.9825579981 33.0472165781 32.5789657094 33.1302957242 33.0001292304 32.7830234354 33.2041327982 32.9765077258 33.1261225785 32.8239158658 32.5767385173 32.7822622784 32.9460398627 32.768985599 32.9463163983 32.5140732954 32.7278484645 32.9972607962 32.9731771341 32.9023538761 32.9827395301 32.6404355283 32.8735865141 33.0508139311 32.8726623022 32.5859734569 32.943978544 32.875168735 33.15064057 32.6859410446 32.8945230154 33.2046653036 32.8746969707 32.8072029632 33.0238962642 32.5247890238 32.7567320416 32.5116935826 32.6252898853 33.1970930015 33.0953849751 32.9760051753 32.5429552373 32.9170467604 32.6129166516 33.1294249722 32.616470549 32.5547235214 33.1732848558
32.9495071507 33.1995832979 32.524697104 32.834490937 33.1299403473 33.037121745 32.817675446 32.7691892323 32.8456624938 32.8160971519 32.5880323284 33.0692748327 32.8988610314 32.5836919732 33.0058759989 32.5550822378 32.8576575358 32.8906440491 32.9258732927 33.1826997981 32.7112504353 33.0178375132 32.9664963181 33.1302500826 32.5268300116 32.5084031227 32.5559548214 33.044122784 33.077870223 32.5649217351 32.8044827422 33.0013235915 33.0765404986 32.7230615146 32.9703810554 32.95761312 33.0675039218 32.5667053466 32.9187978791 32.9970447059 33.1909573212 32.9914327042 33.0019360288 32.9178815625 32.9650071867 32.6094290338 33.1137052957 32.8052059737 33.1712740674 32.7121266284 32.5024934135 33.0854073916 32.7112260382 32.6088840471 32.519633406 33.1696929141 32.5498383638
32.7257797659 32.9957286993 32.5063364357 33.1439800755 33.1107225673 33.1655496679 33.083190042 32.7689627621 33.1341796701 32.8991248791 32.8919719162 32.7311838242 33.0532807934 32.5311207737 32.7415499444 32.950330091 32.732859129 32.6916231387 32.8874923085 32.8604887865 32.7860890133 32.8204137122 32.608701685 33.0603948974 33.1950219409 33.1300012491 32.693155432 32.5572547019 32.5411804893 32.7768670466 32.7332399546 32.9398301319 32.6260311056 32.6531961959 33.0568614235 33.1656174622 32.5912089288 32.9081545258 32.6196465771 32.8603949343 33.103961619 32.8644111745 33.0528692419 32.7305519104 33.1999500951 32.5682288094 33.0583830399 32.7961228599 32.8025726574 33.0525233659 32.6359007237 33.1986714265 33.0246749135 32.6495372541 32.7627403683 33.0163450881 32.7871550693
32.6430167265 32.6562156192 32.8333440772 32.828600066 32.919450122 32.8792291338 33.1839618751 32.5515633214 32.9103216741 33.0459244656 32.735059436 32.9138954143 32.6602121085 32.6028430718 33.19121671 32.9224410214 32.8967541854 32.6445370223 33.1512561146 32.8180226471 33.1432678147 32.5077029977 32.8730602332 32.5250435661 32.8711054719 32.6852831453 32.5516737718 32.8730585422 32.8120983012 33.1838321282 33.1830025246 32.7867894964 32.7656221836 32.7354818233 32.5938633654 33.1145152902 32.696604397 32.7243610449 33.0113532157 32.6711456739 32.5795777615 32.8426498024 32.606000123 33.0592651191 33.1809041731 33.1779086025 32.5460288985 32.7372359218 32.5261858732 33.1437800326 32.7106643863 32.7021527776 33.1314305773 33.154943676 32.9236524214 32.8063697384 32.7096628621
32.9339925838 32.7764631706 32.6025346816 33.174763351 32.8544537306 33.1885063737 32.968499577 33.039552899 33.0040409459 33.2046924603 32.8220549507 32.8934949904 33.1403039546 33.2015125176 32.6882161653 32.6562249829 33.1302757042 32.6269241604 32.6778783964 32.6213394121 32.8964450407 32.8472029007 32.5949840498 32.6446835416 32.6021090934 32.9092260072 32.8904648952 32.7388137999 32.8651532241 32.6539299696 32.8346157769 32.5280905895 32.6518565309 32.797814679 33.0791997812 33.0524598889 32.774501895 32.7645125363 32.6194193023 32.6530437994 33.113062714 32.5767854958 32.6984406114 32.6338936277 32.7231281286 33.0620771338 32.6358400646 33.0589641413 33.2021000899 33.0032318579 32.8940572225 32.8917248725 32.9513675578 32.5432561178 32.5751963082 32.8188328931 32.5986037434
32.8292685136 32.793837232 32.9621824318 32.6443725668 33.0114088513 32.5935832486 33.1230544098 32.7297330834 32.9730586834 33.0133906629 32.8380495828 32.8226479009 32.9908668372 33.1952885218 32.9943592366 32.8699328666 32.8374891517 32.6283186543 32.5678402506 32.9539999182 32.5962627832 33.1512025041 33.0670364335 32.7297621037 32.9259563685 32.6792858949 33.1697049335 33.0219854521 32.8165902271 33.0610467827 33.057458936 33.1551462274 32.6578527898 32.6721891305 33.0659148991 32.747234491 32.9113223689 32.5238335871 32.5159759199 32.6084658097 32.5916208239 32.6786179684 33.0708403808 32.8760014761 32.8128851495 32.7078179074 32.8457596421 32.6585448793 33.2057338688 32.6881364225 32.5529561592 32.9323949308 32.907099497 32.9295775906 32.5464948385 32.5733572936 32.5441689284
32.5961163652 32.9621531867 32.9879012584 32.8569213365 33.187313882 32.9897938039 32.949158219 33.1175717425 33.0947453001 33.0789862274 32.8593552255 32.8044379483 32.5644553987 32.6976303643 32.7718311597 32.7523157794 32.7583166411 33.0041460669 32.9660537119 32.8751920431 33.0555737035 32.5384930343 32.5217486193 32.6422064256 32.6466602288 33.0987555457 32.9726764953 32.5454011235 32.6728035931 32.9430800576 32.6761572407 32.8765912598 32.6195604739 32.6288620484 33.0092663113 32.5065869408 32.6763782835 32.8411939681 32.5745676009 32.5520360183 32.9893074009 32.6092574315 32.8321878451 32.582142839 32.6611197104 32.9002003308 32.9193387333 32.6214537379 32.8752991479 33.1047106646 32.9473753537 32.5074997939 32.7843914606 33.1294371484 33.1552392208 32.6068794894 33.0855481154
32.8838626459 32.5955939588 33.0623464746 33.007936366 32.7637333586 33.1606740291 32.913045615 32.6331811066 32.5334493036 33.1576599536 32.5315863301 33.1355660836 33.1657820048 33.1523820299 32.6236567011 32.9076168743 32.6047820454 33.1236143559 33.1246133615 33.1710610955 32.7313696695 33.0724154845 33.0283863606 32.7450195368 32.5455379827 33.1507362023 32.8253985721 32.6587274658 33.1402958215 32.6817739536 33.0143324957 32.6823250474 32.7893050319 33.165586731 33.0348504796 32.7648007941 32.6646962293 32.6942638111 33.1489567574 32.7465441295 32.5078404025 32.8611708514 32.6603501685 32.6541059106 32.7592806891 32.6670939129 32.9705966616 32.7280224682 32.6737989748 32.9748406237 32.72043565 32.8576592259 33.0070140317 32.7056117452 33.2002876749 32.7132355354 33.1634881661
32.6212868334 33.0366662205 32.8711717739 32.9118075933 32.8674058826 33.0274596847 33.0295695565 32.6617471858 32.9036650173 32.8940088794 33.1514690611 32.7157796808 32.6654610643 32.5888658431 32.7374357208 33.100024914 32.5330861604 33.1860969436 32.9348090641 32.7729327156 32.6418050807 33.075764387 32.6684745903 33.1168181552 32.6888459942 32.9852621693 32.8899548362 33.1954744332 32.8544339479 32.8329669726 32.5068230367 32.891311517 32.8712005536 32.7541425519 32.5041223765 33.1902312965 32.7330189029 32.7812821166 32.7644789851 32.5579758724 32.8662851088 32.6252167396 32.6037893044 32.9281977844 32.678613725 32.5631181346 32.9030467203 32.8913026806 32.9714443029 32.6985702877 32.539921155 33.0321565714 33.075659571 32.6212122793 32.7941226846 32.552636672 32.8906586938
32.8623652243 32.8653108031 33.0516324831 32.6228497207 32.6370669943 32.6035529976 33.1548759224 32.6086157178 33.1670300916 32.6770469698 33.2011133 33.1092695845 33.0002075672 32.9638349161 32.5729039026 32.6392490986 33.0548414536 33.07288747 32.7752135392 32.55311704 32.5203681716 32.6040630335 32.6276002344 32.6719654551 32.8879765542 32.7208249698 32.9289172862 32.8295484967 32.8146980971 32.5599261041 33.0873735423 32.7440228359 32.5228341064 32.6726666549 32.9601522483 33.0635235702 32.678494278 32.6810844241 32.8924538968 33.0972134194 32.5590688273 32.76942118 32.7858779648 32.6849486999 32.7286264302 33.0748607925 32.6029036289 32.5428379531 32.5695291574 32.541693864 32.8452889082 32.9200323803 32.7692791072 32.7246750227 32.8043496479 32.929163509 32.9442831906
