Spatial_Output/DEC/DEC_1367.asc
NCOLS 155
NROWS 192
XLLCORNER 196307.867259
YLLCORNER 449144.565805
CELLSIZE 33.573938
NODATA_VALUE NaN
[rows 26 to 51 of 192, columns 57 to 113 of 155]
33.0267551561 33.1622387049 33.9443118829 33.6194446214 34.2188330085 33.3470503839 33.8887606349 33.6668328769 34.3479865151 34.1474215633 33.4050166429 33.5203411543 33.8613563783 33.9904923689 33.7647658256 33.0420972089 34.1712611186 34.338837003 33.5206424998 33.077980836 34.18868145 34.286643545 33.0480785024 33.9935093803 33.447709296 33.3669020645 0 0 0 0 0 34.1964803513 33.761495883 33.432371854 34.2681280244 34.2437151032 0 0 0 0 33.954202591 33.0311463981 33.4411653311 33.880715249 33.8951420045 33.7021766109 33.4311471605 34.3289138294 33.4161396089 33.0580577921 33.6302174834 34.1793632102 34.4066031917 33.2186188443 34.0312125064 33.9227858613 34.3906022507
33.7878714119 33.4953814493 33.8991284349 33.8080831431 33.1080839794 33.8901550418 33.1410232253 33.8547119784 33.2997765721 34.3902224312 33.2869780956 34.0528989713 34.0584992707 33.900572334 33.5098750742 33.1723589286 33.6898080325 33.4286463706 33.4659186013 34.2495810794 34.0598552466 34.0704578601 33.1316158285 33.6295441701 34.1272378132 33.9895327029 33.1208683417 33.2233207122 34.2171998226 33.5472341923 33.1759846468 33.9368759431 34.3798014935 33.5239339232 33.9163124685 33.6539470996 33.5396348194 33.0583917113 0 34.1756828419 34.1563493244 33.3720910629 33.411041218 33.6195752874 33.2304039199 34.1950326825 33.8568467787 34.2072549823 33.6294647897 33.7871331541 34.3587413465 33.4968544986 33.8069824457 34.3068641991 33.2076611032 33.6373665328 34.3176065504
34.3362315198 33.1267858514 33.0389200245 34.2004164234 34.3993355038 34.1893020203 33.9268477626 33.4732739021 33.4441836572 33.6006570111 33.3448429132 34.1124532154 34.1465023444 34.2518265832 34.2493258018 34.3744857988 34.3434880395 33.2523031808 34.3170635244 33.3559584223 33.9074417086 33.725574258 33.9644844555 34.3807907021 33.6039495043 33.9738661882 34.0607655475 33.1189424463 33.0230411301 33.0849594257 34.1620228183 34.378118313 33.0069968255 33.4096237772 34.141303856 33.3721335816 33.3817054486 33.4679752236 33.1255013258 33.230322884 34.1401294372 34.1582446315 33.4294687781 33.3035385036 34.074868665 34.2849620369 33.153507974 33.7917439206 33.2532764042 34.0183015603 33.6455991914 33.2266560221 34.3249916963 34.3696467166 33.7479633037 33.5812429937 33.4308195861
33.9480185294 33.1221294911 33.6084834796 33.2800269136 33.7679746125 34.0276829171 34.1704695452 33.4085028566 34.1071899965 34.0603519965 33.3700209128 34.0383863796 33.576562697 34.2979292479 34.4079105058 33.3818597673 33.7445642274 33.8514688029 34.115471991 33.9230035139 33.6003634081 34.2087481279 33.1255443143 33.3024667873 33.829555772 33.9415199926 33.8887949343 33.1826005307 34.0431208987 33.3713880531 33.6459413667 33.6830122057 33.6559412798 34.0235976841 33.5230753026 33.6956647042 33.6166201447 34.3745160346 33.2499400897 33.9478671717 33.9944570566 34.1956049883 34.1666723824 34.3481256133 33.7700674226 33.0359281746 33.5315500813 33.4238500016 33.0727137325 33.6659808383 33.0757395565 34.0277093859 34.2511428877 34.4065512779 33.5592712237 33.0479712981 34.24036334
34.3452194323 33.9516581621 33.4016529609 34.3572093093 33.6967135754 33.1957331665 33.6872237316 33.7790538721 33.4675484912 34.2803465757 34.253386685 34.3932688352 33.6080741369 34.0274625902 33.420462079 33.1728587842 33.1365447516 33.846294736 34.4016426048 33.0129500259 33.7187431536 34.185291833 33.040636623 33.5623323321 33.5676177452 34.1737151842 33.8442961609 33.7396767879 33.0528859657 33.0529930243 33.6338256107 33.90499352 33.9871855477 33.7486547416 33.8463975677 34.2533272212 34.1426820811 33.3609609606 33.4839645701 33.7775848614 33.7933876575 34.1989146541 34.3739018049 34.3611540992 33.9256406015 34.3453468597 33.3736952786 34.0108728796 34.3007480126 34.2416496009 33.4396310293 34.2276555503 33.9079904279 33.4404304528 33.7430865265 33.9904807624 33.9288783158
34.3531976809 33.7815313311 34.3684131461 33.5305992485 34.3508735549 33.1778766942 33.3617401605 33.554293286 34.0107238301 33.8987252491 34.205349902 34.3237558223 34.1663822996 33.1275611966 33.2492716888 34.1741551587 34.4134160544 34.2163751492 33.5030323811 33.3167436535 34.0330651892 33.6189386799 34.3487188878 33.2414020948 34.1786193665 34.2843415386 34.3040773106 34.0647404537 33.7822734449 34.0027772749 33.0314343982 33.7204346884 33.2237697944 33.2845860523 33.1606556913 34.4079877559 33.1053883238 34.3066152745 34.1327209302 34.1160607437 33.6570363214 33.4361314459 33.5844283157 33.4260424123 33.2585976592 33.013885736 34.2450116828 34.0092086342 33.0416066872 34.1006211041 34.2561262322 34.1293904635 33.1207970031 33.5423084037 34.0702645161 33.4259667113 33.474147637
34.0105259472 34.0166157685 33.2015441018 33.2153526891 33.6878696009 34.2083902844 33.8889731857 33.6276235749 33.0196889394 33.6182134578 34.3174608283 34.2133959454 33.010786505 33.1937010835 34.0258181719 33.9310227501 33.4856054001 34.0759011899 33.9367546852 33.4268060551 34.3024157371 33.7272801493 33.2075197282 33.936376211 33.6734414749 33.1305816378 34.150467668 33.2386001092 33.1296691163 33.9334970321 33.176481356 33.6663749426 34.2247445835 33.5611772762 34.393358693 33.9489584354 33.9812064684 33.0453008428 34.2512328793 33.2644326517 34.2962543956 33.34838 33.6288866786 34.354495511 34.1789616571 33.300617355 33.904955193 34.106715014 34.0050635111 33.1273003885 33.7046073618 33.0733472297 33.8943800687 34.1928979997 34.1538494974 34.4093010338 33.4022342668
34.2531773676 34.3243252954 33.5115577239 33.86008452 33.8350863058 33.9101541924 33.5346939207 34.1282724814 33.5486913262 33.4539111402 33.1965387252 33.0303622525 34.3202674355 33.48783251 34.2773290533 33.6403467592 33.3488485 33.742148294 34.2684837011 34.2349915514 33.0048761138 33.7793082708 33.9699049585 34.0614292995 33.6920547033 34.3775446948 34.1361013097 34.0068325596 34.2043852414 33.2105052136 34.3531511874 34.2255788193 33.7410038767 33.8682760276 33.2854324085 33.5282016677 34.3899104549 33.8751428318 33.8925391367 33.900240576 33.4375781063 34.1069241033 33.6466813239 34.2233413607 34.0157863387 33.8801327233 34.3115519524 33.097220189 33.4030725435 33.6534881617 34.4102510207 33.1599746421 33.3553048848 34.0490714826 33.5292686471 33.4605357304 33.3835746988
33.4373084892 33.2581464227 33.3456132638 33.4760384879 33.0230798437 34.1693815255 33.2629558882 33.5019660303 33.9753232593 33.7366506452 33.5471297067 34.3998497546 33.1787626677 33.7322610058 33.3696601221 33.8545904194 33.3749738608 33.3376425174 33.2232618542 33.4676118447 33.3638596801 33.7070318289 33.166561136 33.7937613193 33.032581042 33.0790836981 33.9503672286 33.9770509764 34.1670038906 33.4710470545 33.771015616 34.1072992672 34.2958196042 33.3611719329 33.3661975834 33.4550124548 34.3159861274 33.1088377533 33.6971345349 33.2023801587 33.3729541138 33.4822428541 34.1506614423 33.2280789103 33.932665627 34.2029030423 33.1352381222 33.0028627268 33.374444881 33.9937765376 33.8935713152 33.6413386705 34.2747725607 33.4061084127 34.3962550661 33.9906364025 33.2289917707
33.7220219053 33.2331283577 33.2589210654 34.2026078627 33.8843582542 33.6389935486 33.6027503083 33.419830974 34.3855162757 33.8489630829 33.2620782002 33.092301941 33.3000698612 33.336148604 34.1274477848 33.5368830666 33.2955296786 34.3128975557 33.2584838874 34.0659163359 33.0111527767 33.7777643181 33.6326388768 33.4078099515 34.0096248135 34.3957942512 33.2311237505 33.0849403352 33.8091517462 34.2071280087 33.7886516401 33.7608272035 34.1629537628 33.6128999257 33.1801488134 34.0543798009 33.0239924102 33.7291553752 33.9528616615 33.7277720096 34.1857932522 33.0194148156 33.4611284079 33.9936265738 33.3775147609 33.4548513003 33.274415351 33.2799914284 34.152910894 34.1642701116 33.0406254682 33.2146792183 33.2418908597 33.5611184073 33.6522402371 33.1889292118 33.7917418569
33.1482635907 33.3860986951 33.4075899182 33.8943437157 33.0445304827 33.457268119 33.4879123229 33.2232075583 33.6493853958 33.5933435081 33.5878673858 33.9789106509 34.3410647913 33.6358235744 33.3557010076 34.2761738396 33.3775644407 33.7512894313 33.4179851278 34.069976915 33.67079668 33.4022855441 34.3680367663 33.4174566351 33.5874111368 33.7590420543 34.2692534097 33.7032300722 33.8090310307 33.9781309204 34.1930272352 33.6393146241 33.4167773249 34.3145966114 33.4345078404 33.8311407546 34.1352653814 33.3033599165 34.3338015742 33.647874314 33.6699488222 33.5130441155 33.7189324895 33.1391368216 33.7147831278 34.2907838502 33.5944879716 33.242376861 34.3424582477 33.7216942122 34.35637482 34.0053285954 33.4672832145 33.6856225355 34.401286644 33.1527733122 33.5748308005
33.3330320091 33.71047158 33.137622702 34.4098256239 33.5152955806 33.1924732653 34.3706441648 33.9553539262 33.7851965967 34.4054337428 33.8563178799 33.7396397955 33.5855409345 33.2144814185 34.1306800755 33.0018048604 34.1690654871 33.1373204536 34.0748587597 33.5614408575 33.6306574942 33.9106252135 33.4841970061 33.3878276167 34.412562527 33.1208562874 33.0524724359 33.221578834 34.3367482858 33.1196006111 33.7028799449 33.8764093206 33.6102372203 33.7226408987 34.3067711252 34.1852785401 33.3220949773 33.4420755719 33.1597762263 33.2990164398 34.0399358475 33.3977155045 34.0784349602 33.7909017457 33.632063294 33.5464437031 33.6152485209 33.3550347168 33.7695565316 33.6741430835 34.1085058141 33.706472576 33.1435354657 33.3078880962 34.1940997754 33.9806279146 33.8310821526
33.419238515 33.4660789985 33.1222669878 33.4261158833 33.5634128656 33.2517756211 33.0503278602 34.291254143 33.8584042001 33.1901681017 33.6748864787 33.6834714348 33.3724038578 33.7921563507 34.1849522587 33.5599262622 33.4481268655 33.4314885988 34.2897890005 34.0067040037 33.8282120841 34.4045304012 34.0489164457 33.8613709042 33.7160569574 34.2691623387 33.9787870298 33.8730038716 33.8980393415 33.1127386123 34.0897630662 33.1910769816 33.8286758191 33.5778774387 34.3815856307 33.3548204181 34.1890911714 33.7883290748 33.1470343216 34.3979560538 33.1766232421 33.3437689814 33.3477030438 33.9489340713 33.9826553512 34.1392226734 33.2606121341 33.9498502971 33.431905853 34.204708253 33.6853013101 33.420085785 33.7451228476 33.1797843757 34.1592559404 33.1491737111 33.6903288975
33.2346509385 33.0392239815 33.0106611255 33.7056756262 34.0673431202 33.2158769998 33.0089502065 33.7320569604 33.8048876124 33.3307849694 34.2023430779 34.335195627 33.632317599 33.2155032328 33.2012018749 33.8018054367 34.1790281754 33.3539643974 33.3508533059 34.16863789 33.3772855501 33.7765811472 33.7338189691 33.3011080121 34.4065132889 33.3498315592 33.9704781127 33.7231611955 33.7499593276 33.5753217735 33.0533954938 34.2584671083 33.0545668498 34.4028057913 33.2343314055 33.701770464 34.2436839295 33.431453383 33.634668253 33.8339298386 33.1420874575 33.2550295592 33.3970955633 33.9657719414 33.3030065965 33.7534269815 33.8302115936 33.5563394278 33.7132144404 34.2933449666 33.4321284592 34.1863086582 33.3736358148 34.101002423 33.1568479156 33.9842369848 33.3420171844
33.2116297312 34.4123644402 33.4757780258 33.8608751728 33.8400962622 33.852062797 33.832857448 34.2030747464 33.9439964079 34.028720495 33.831136054 34.2803175338 33.1639814654 33.3032075493 33.4032207791 34.1496110515 33.727173161 33.0357731724 33.7667061236 33.4535089847 34.2332446573 33.4592891884 34.2029686747 33.6220074865 33.5522609224 33.7182815725 33.368468531 33.7418131687 33.6723709909 33.938370939 33.2897973144 33.9338838013 33.3020422908 33.3140536087 33.8857484232 33.90148995 34.1661401225 33.1800828951 33.6277019875 34.1990028463 33.2200851276 33.9610772258 33.3779752755 33.0971273433 34.1507693743 33.5367008155 33.8675580768 33.0742416153 33.6654906906 33.7734751273 34.2328181427 33.9576161876 34.2706996564 34.1160633982 33.6566312689 33.3602620323 33.1513511723
33.8373936636 33.9470678 33.6532885316 34.3578279927 33.4780177811 33.0174700887 33.9297322094 33.0727326841 33.7714987692 33.9661251833 33.0226000125 33.4750055066 34.2917151687 34.0325940539 34.121982659 34.2062156783 34.0042923599 33.6792547333 34.0107452586 33.706164302 34.3494498713 33.1930720022 34.1629628619 34.0599864318 33.8851859703 34.2179776292 33.659628054 33.1680823232 33.2384742084 33.500774892 34.2666301198 33.7443789009 33.8428904947 33.7071014135 34.4046852709 34.0058156389 33.036675177 33.6598259857 33.3443805019 34.1804558163 34.2822443435 34.4126040895 33.0124099078 33.6778924288 33.8237465086 33.886517711 33.2227570412 33.032428267 34.1994437339 34.2401281039 33.3048580665 33.1711574769 34.2432405155 34.0157481371 34.18460763 33.5898112626 34.2444636439
34.3457788383 33.9933274244 34.3892617307 33.5345432753 33.1325236079 33.1164682085 33.553142798 34.1217996243 33.1505075223 34.0623122979 33.3811507522 33.5179788681 34.1869222081 33.3484617196 33.0965619292 34.3143390909 33.3731008917 33.9856350916 34.3028661094 33.319149566 34.0332553028 33.8790367953 33.2838485646 33.4265167461 33.16268645 33.6661238612 33.6574993688 33.136790571 34.1848169252 33.6705929664 33.2142871261 33.9912265026 33.021088643 34.2707412896 34.0146209444 34.2035405459 34.3822849483 34.2130142317 33.3329535089 34.0587005073 34.0939701932 34.224096595 34.2689268246 33.6831600942 33.4465409422 33.0965082786 33.2819148447 33.0395319718 33.0387643579 33.6686442392 33.5545479433 34.0307700397 33.9032006494 33.531989217 33.9304834055 33.1994569773 33.9979905869
33.1446751601 33.7082886504 33.6857807274 33.8976006758 33.1249350938 34.112001064 33.9914835787 33.8363886446 34.0217623198 34.1893596123 33.2383158839 34.2347061944 33.9386966404 33.1402351913 33.7460038086 33.8105243026 34.1512726509 33.9107693768 34.2384108176 33.1881706454 34.368728009 33.5764702527 33.0973212882 33.0105603644 34.3703680585 33.1956271101 33.58991761 34.1369653502 34.046709534 34.2505714016 34.1929313291 34.2608090008 33.8479196863 33.0978755434 34.2615537964 34.2832602957 33.1302915438 34.4108137365 34.2755452175 33.1418089952 33.4984935969 33.9139197723 33.2667035316 34.3721125263 33.7603902668 34.1651536696 34.0059016914 34.2397402075 34.2945226686 33.6172408431 33.2393749345 33.7409390259 34.3824259617 33.6519419845 33.0522966644 33.5331494526 33.3367329967
34.0453794931 33.101479486 33.8271733174 33.2495554715 33.2384394907 33.4086946053 34.1161400593 33.4841666638 34.2389810793 34.1286202491 33.7296695683 33.9384198275 33.0572597714 33.0461886527 33.9778997491 33.1314992437 34.1929048846 34.3830638083 33.7931673019 33.0718005606 33.3005897325 34.0013235147 34.1756796177 33.4296897717 34.1795185502 33.2504466644 34.0270894181 33.2304554544 34.265093646 33.9942969268 34.2320781077 33.819862647 33.8307683071 33.1886126165 33.8659952132 33.5421354603 33.681357411 33.849096468 34.1731713265 33.2463320601 33.691761751 33.4236289907 34.0805690648 33.7790261415 33.8036453407 33.1717146723 33.3904835453 34.2911155998 33.4489538514 34.2562420181 34.301140752 33.9153111521 33.8535916317 33.0701787981 34.2851886641 34.0325862246 33.4892143141
34.3801765569 33.9675306171 33.4150727864 33.2527297784 33.5270541193 33.4999371388 33.0905308984 33.2168251577 33.3288022704 33.2102648753 33.7919343822 34.2412804173 33.1863366841 34.4057100128 33.8616145158 33.4072700883 33.1694183073 33.0621045188 33.7878858986 33.7215678785 33.4618610647 33.9925683102 34.1705296353 33.5325078441 34.0230450701 33.6553971314 33.8494582357 33.5126760325 33.0372184334 34.0140998207 33.8280035621 33.226832897 34.0459842788 33.7535154515 33.9224787503 33.4546648483 33.5978473384 34.2866847555 34.2781635642 33.1357425646 33.785957503 33.9461607662 33.9030981976 33.6406543011 33.2596889735 33.1444178791 33.6760580144 33.5998145191 33.1676737209 34.2606938207 34.3647827877 33.3753759302 33.4050138626 33.3634600215 33.7548931901 33.6819021234 33.5640864691
33.536867569 34.3825300366 33.927431672 33.6520206657 33.4972040529 33.6729107749 33.0848705422 34.0391043898 33.5395212852 33.9268030833 33.166792479 34.0978965467 34.3921511583 33.2352254632 33.1239052207 33.6731569249 34.0858566126 33.0803850709 34.0220042677 33.3939492006 34.0469610108 33.9659554343 34.2310976532 33.8492544144 33.3945048526 33.2381753284 33.6864098029 33.9783588175 33.3591112559 34.1512133193 33.3779106822 34.1460917521 33.4050328635 33.0404582902 34.0136105194 33.1808003795 33.8492778128 33.2637874876 33.4258561427 33.948763873 33.6355760487 33.7199799781 33.1100872303 33.7145244677 33.7740878526 34.0989515094 33.7792711462 33.3438708288 33.340959549 33.9524484495 33.0411301802 33.9450490575 34.3493403348 34.3699693817 34.2944494815 33.3819861868 33.2904746583
33.9631673061 34.0421475846 33.965144511 34.3020389961 34.2938524395 34.4119861095 33.3560449656 33.2810250514 33.2740788193 34.3032832158 33.4563853479 33.9799203725 34.3064931671 34.1656667388 33.5555626916 33.7087701992 33.8612229773 34.0633152616 34.2186353363 34.1342161479 34.2183614655 33.6274201208 33.6385984851 33.2787354231 34.0517994777 33.9166550865 33.444237766 33.4173369637 33.3127510991 33.8963079998 33.5505854498 33.0623408323 34.2474488091 33.534483839 34.1445889806 34.1255488482 33.4775466282 33.195158284 33.384911087 33.0694901964 33.8229914563 34.3833831889 33.2261103229 33.5334171139 34.0259514783 33.5876695631 34.3044023829 34.0889793897 33.7819007459 33.3554332077 33.9493382936 34.2783983697 34.0331887306 33.6902590896 33.2536917635 33.6677821377 33.857278451
33.6635063517 33.9665398625 34.3879133872 33.7810109251 33.6374522078 34.2256731997 34.2904514505 33.5733043501 34.1841457706 33.6980737587 34.2430350497 33.1573208791 33.1294726455 34.0556765724 33.8709500276 33.3601092074 33.3779177529 33.7696813053 33.7395281835 33.8468213875 34.0690682009 33.3712072035 34.218591156 33.0203202444 33.2042131823 33.4943801835 33.7391219476 33.6291780528 33.8836006031 33.8793526413 33.1372428761 33.7959223041 33.5700110663 33.5564531267 33.5287812644 33.3775527798 33.262069589 34.0417116615 33.9903075313 34.3396320437 33.0185952703 33.4035963292 33.4038455222 34.095884664 33.8300341966 33.6659511248 33.5336769758 34.1053234502 34.2688162883 33.1761012819 34.2697581038 33.9341705311 34.3212169324 33.6382302617 33.5804127385 15.8136707915 20.648322429
33.463328365 33.0536426097 34.0364042249 34.1294785221 33.7996210628 33.4146527376 34.0276101933 34.27332969 33.4148131485 33.7881305028 34.3087202087 33.9550564118 33.742270407 34.0454789571 33.09358724 33.5698573445 34.0288621864 33.6542139778 33.4317029147 33.0126153054 34.3404159864 34.0026856186 33.8492272693 34.1913985146 33.7626039602 33.5605632811 33.8790117157 34.2109624514 33.4565034945 34.3381543394 33.2604692056 33.1997762572 33.8412105459 34.2076825718 33.388375525 33.5549083759 34.1820935839 33.447389093 34.2481798587 33.7195895865 33.8195985993 33.0320943051 33.9779082086 33.4169858649 33.1198573028 34.2235360383 33.2687095679 33.1030305393 33.8895982211 33.9164673733 33.1037434227 33.3995241693 33.967123622 34.1692484339 34.0509418424 16.7166027881 19.8182329031
33.2247858225 33.2396534018 33.1799967238 33.433975168 33.7889393554 33.3988546855 34.0364048573 34.2108550738 33.7398765167 33.8357842404 33.7924146718 34.2355347511 33.0308808974 34.3111197775 33.6897409489 33.9336543135 34.2601744123 33.4295906687 34.0310559307 33.4104772012 34.2166727923 33.2436074073 33.1188858857 33.4613724133 33.0820396802 33.3060500963 33.9375586849 33.1517928732 33.4404008726 33.5229622464 33.7066169599 34.3627152093 33.8005053248 33.4252309612 33.480462141 33.0736705405 33.6239881322 33.3152774331 33.1593550518 34.0831940567 33.6682901224 34.1456989817 33.259378895 33.9012981985 33.8474896118 34.2273148097 34.2481126491 33.0241254013 33.2514674502 34.1435979311 33.6540052844 34.0402083854 33.2710839451 33.6689690531 33.5987621675 21.0286088758 11.2162226693
34.0393339551 33.4996216993 33.3980744707 34.1585558361 33.3233653887 33.7074122122 33.2786456847 33.5918725097 33.6855999974 33.8241700673 33.2755797961 34.0347411529 34.255513591 33.002488295 33.9524267281 33.9454836043 33.9065436215 33.5960400761 33.17301767 33.2423650644 34.2337096348 33.0533381378 33.1549286519 33.5454226834 34.2877555716 33.9415817505 33.0082712636 33.3222311783 33.1927638329 34.2645640618 33.5962768803 33.0262307715 33.2669455584 33.6694548567 34.0542824016 33.1209268274 33.2609120804 33.6662697651 33.4462937879 33.7662553713 34.4076961445 33.2328132462 33.3189232125 33.9645286782 33.4496325703 33.9260120421 33.7576531457 33.6978527035 33.0188234066 33.0804099839 34.1769022743 33.04544025 33.9658978303 34.2892878417 34.38129384 34.2880237838 33.5226427065
