Spatial_Output/DEC/DEC_0033.asc
NCOLS 155
NROWS 192
XLLCORNER 196307.867259
YLLCORNER 449144.565805
CELLSIZE 33.573938
NODATA_VALUE NaN
[rows 52 to 77 of 192, columns 0 to 56 of 155]
46.1909999045 46.3322151095 45.0076523724 45.0449392243 45.0554370176 45.6407862496 45.9989455627 45.3726655163 45.7265855199 46.2390134697 46.1969123931 45.3045707273 45.2695938328 46.3977861693 45.7525191048 46.0672578165 45.4313620031 45.0161055147 45.763539508 46.1028374961 45.291280005 46.0492012491 45.6809863266 46.1162799481 46.249400421 46.0592360042 45.5634065834 45.3126813518 45.7655773494 45.0633338594 81.1075393888 81.1075393888 81.1075393888 81.1075393888 45.8414404782 46.2064686631 45.1116691987 45.4281000294 79.404424652 45.709422943 46.246611484 46.0031187046 45.0570261643 60.4384228316 45.2201055712 60.231123331 60.231123331 45.1849556675 46.2254851418 45.3634121439 45.0938486275 45.8958937764 45.152736178 46.2533263317 45.4669220827 46.2258735684 45.683365296
45.5155435071 45.6297548345 46.3135521787 45.43724648 45.0355659562 45.6459972257 46.2383062366 45.4320629913 45.6958571727 45.5265839387 46.2960769511 46.3803342084 45.9674405078 45.5523663056 46.1191348187 45.7885551156 45.7555083932 45.6206338889 46.0122253463 46.3937018196 45.5564182451 45.289556161 45.4986497654 45.5574333663 45.7073337251 46.3129944378 45.648363708 45.1013334534 46.2356095509 45.0094568472 45.6117806496 81.1075393888 81.1075393888 46.0860344634 45.0488279609 46.3985254755 45.5888787883 45.844875796 79.404424652 46.1919179372 45.8207364322 45.0087046529 60.4384228316 60.4384228316 60.4384228316 60.231123331 60.231123331 45.4945683992 45.6420799509 46.063203774 45.9707545341 45.8760115481 45.8994168094 45.5650242169 45.0442550695 45.6093411299 45.9643812901
45.7935042396 46.1691778922 45.6065999015 46.261550983 45.3202228597 45.0116222518 45.4265371863 45.3336179574 45.365318724 46.0091393579 45.9458602695 45.1093613881 46.356028617 45.3229617663 46.1370188362 45.8065792204 46.1374653005 45.4576127076 46.2785051683 45.0746567702 45.7229950973 46.1271248638 45.7907538523 45.0972721837 46.0512696047 46.0486572616 45.5219907059 46.005540548 45.088354589 45.330235335 45.036098297 86.7737042624 46.2441907776 46.1747533534 45.3469242243 45.7524867587 45.2650615691 45.5531003483 46.2217486897 45.4742289852 45.6858538157 45.7891293807 46.1170356269 60.4384228316 60.4384228316 46.3783366302 60.231123331 45.8585964784 46.3106087543 46.1255738826 46.148502144 45.4940817733 45.238167775 45.4288108217 45.1091365233 45.0362253366 45.2168944915
0 45.4857650157 45.5024910532 45.3585332537 45.2044159714 45.3208383391 46.2223128452 45.5481457778 45.5240359249 45.6766263279 46.3988514493 46.1516599726 45.3673156967 45.6598235962 45.4280507502 46.3767731582 46.3337696098 46.0785822772 46.1421778806 46.2324900033 45.3452874875 46.0094657108 45.2221025465 45.162729284 45.1929344521 45.3046510221 45.5682128951 45.8898563351 45.0224868622 45.1508013374 45.79584349 86.7737042624 86.7737042624 45.1548516124 45.0579289146 45.8121517545 45.6471520261 46.0326979699 45.119177195 45.0009895681 46.133338896 46.3731781422 46.2949595231 45.7960178764 45.9422310567 45.5993638648 46.2180023723 46.2935539203 46.0442421579 45.2034753836 45.4779961432 45.263227417 45.3638085896 46.3619975446 45.4660625393 45.3736832104 46.0154045736
0 0 45.4803408655 45.2700976761 46.2719389393 45.3854407525 45.7303599508 46.237327552 45.6425814801 45.6599868646 45.8841232655 45.7110145988 46.0773490591 46.1233384186 45.2501797356 46.040512778 46.4067745631 45.5718351693 45.3527707192 45.5901791707 46.0546702487 45.85365047 45.6821501192 46.0618648906 46.2594385542 45.4202987881 45.0124407192 45.6635265407 45.0925958025 46.3552262349 45.721378492 46.0576019567 46.4091845769 46.3059526123 45.2866466681 45.3722653875 46.3096187755 45.2159021006 46.3331939285 46.2773431154 45.053482546 46.2759557993 45.3195055756 45.2605364 46.3393313812 46.2471960782 45.3486202303 45.7294569972 45.2585986795 45.9628158458 45.3285389253 45.2472846757 45.4570475353 45.2490034424 46.3606540065 45.1850326546 45.8685539373
0 0 0 45.3504285162 45.2140533024 45.6812647176 45.1425565704 45.7970557858 45.7388080143 45.4077098112 45.88092478 46.2997989096 45.6259192117 46.1894527741 45.5386902588 45.302594319 45.4200608943 45.733109486 46.3163959806 46.1179028471 45.3976451695 45.9495457728 45.8020396706 45.6755829208 45.072630605 46.4072359599 46.3416692522 46.2658391065 46.182650062 45.9600552066 46.0454817073 46.0412261039 66.2320877561 66.2320877561 45.4475994583 45.4225340403 46.3821332071 46.036554956 45.0389741585 45.8366896794 45.3164096396 45.8920142761 45.7568038063 45.2458820717 45.7304506566 45.719047417 46.0407101459 45.4710282935 46.2560349077 46.1392245047 46.1832944391 46.0822704746 45.9145020519 46.3538745913 45.7922697726 46.242737877 45.9123719537
0 0 0 0 46.1310477013 46.3357175874 46.209238522 45.6630953298 45.3168779488 45.8532269345 45.7983112683 45.3989533944 46.1913093129 45.6543444157 45.8749497108 45.2192799011 45.7421283683 45.8499818073 46.0127394829 45.2574888956 45.1058579183 45.0094654324 45.4217295178 46.1556602227 45.2369089552 46.2982902864 45.782163792 45.1979453849 46.2982701356 45.6228328359 45.2978973154 45.0487552394 66.2320877561 66.2320877561 45.1661974472 45.409016346 45.701036759 45.4355035353 46.3890747873 45.7884004443 45.7815043716 45.7123728593 45.8412980274 46.1580733809 45.3322061714 45.0437696927 45.8778843441 46.0713248348 45.6236512026 45.1850128566 46.232780369 46.1224494108 46.2918046456 45.880384863 45.4265645349 45.8117621424 45.1482261708
0 0 0 0 45.2716938402 45.7173960335 45.9366969505 45.4584746451 46.1593305433 45.1942177102 46.2519788282 45.2731367027 46.2738609903 45.0708583122 45.2856490421 45.5960442647 45.1887090837 45.5290811957 45.9805591146 46.0799939009 45.344495209 45.3925684772 45.6314764722 45.4189396522 45.0876959657 45.0104894541 45.9687924899 45.2947461759 46.3524417014 45.9471007886 45.7492708328 45.1960944226 45.7084541488 45.0603575851 45.6226216193 45.034941467 46.1386384998 46.0991174956 46.4066548201 45.3799781762 45.1209145896 46.4097517803 45.7293975706 45.327165722 46.225512215 45.7809051808 45.3756946886 46.1485003819 45.2956461922 46.3514003664 45.1130481554 45.1041865762 45.6572481272 45.3120597744 45.4710260791 46.1005093484 67.9231911979
0 0 0 0 0 45.3145377234 45.3880702195 46.1855686148 45.9481080156 45.9332383851 45.9279060159 46.0305915656 45.8383273534 45.3734303646 45.1880723858 45.6133448091 45.8675834042 46.1616378721 46.179475445 46.025094209 45.1515414692 45.1093374059 45.7495663031 45.5364595823 45.9065105069 45.621276953 45.2204876496 46.3737768644 45.4172085303 46.231955853 45.8401545762 46.2756466031 45.4432336485 46.0295519092 45.9367976027 45.9427229628 45.1272524124 45.6672782817 45.7473858294 46.2342928959 46.1702513186 46.2881645092 46.0163651406 45.4277428607 45.8844517043 45.5564106704 45.9238032958 46.3365310466 45.9271920019 45.4467610322 46.1334930333 45.0677268299 45.781626455 46.4090580912 46.1794671165 45.0661214985 45.7917641147
0 0 0 0 0 45.8085474534 45.691066388 45.68491266 46.1010744202 45.3649449711 45.7322004053 45.2334955137 45.1110877281 45.1070538213 45.6442831171 46.1085411133 45.4708367629 45.5477589092 45.5126217037 45.0435870824 46.2058492505 45.5633986876 46.1491938663 46.1898577437 45.0365381374 45.7676185454 46.3108464944 45.8477004687 46.2385864192 45.3452729116 46.2398133124 46.3796587042 45.8134180883 45.6641216447 45.5311894541 45.0366166343 45.2256307165 45.7930139232 46.0960356002 46.2238841111 45.719374086 46.1094358266 45.5008554975 45.7127992962 45.4608008364 46.0828949829 45.6839639935 45.2509445056 46.1409142996 45.3091760193 45.6458706562 45.0542495394 45.5353710399 45.2781618821 45.6956819858 46.3026039618 46.3508801333
0 0 0 0 0 45.0552877381 46.1098230646 45.1462610648 45.3048651101 46.2235004142 45.461597424 46.2411410212 46.3261902804 46.1220877772 45.3779463765 45.9040967428 45.8252078914 45.8441581065 45.854301839 45.6207222218 45.3257229049 46.1467063745 45.7036234968 45.0519149872 45.2754889599 45.7500233525 45.6050859729 45.2157215618 45.212545736 45.705435863 45.4899355861 45.3812588488 45.3364736243 45.526183045 46.1379543609 46.2901047098 45.3526366434 45.6189341411 46.2226506757 46.206090679 45.9119649792 45.6182374166 45.030205895 45.4375748266 45.6355799942 45.4053981038 45.653246712 45.3134397812 45.3742654338 45.6950167307 46.2322966195 45.029015967 45.044049518 45.7607726204 45.2885504154 45.1308648226 45.6357060944
0 0 0 0 0 0 46.0526100423 45.1129753135 45.2040911828 45.0960690796 46.3693444424 46.234402232 46.2176284168 45.9926415978 46.2768533414 45.2348899896 45.3105396298 45.3413164416 45.3205465587 45.8315918239 45.4437869789 45.7395657226 45.8817229129 46.1839304358 45.5810279874 45.3329405394 45.2592701371 45.1820817054 46.1422151663 45.1017004367 45.3968623106 45.1857061158 45.5705844512 46.2488261398 45.2412966742 46.2950479961 45.3375202035 46.0154212003 46.2954401005 46.3048948282 46.4055816927 46.0123299156 46.1297384727 45.1092323047 45.3175081604 45.2024145741 45.2553874608 45.759345004 45.5163577421 45.8687977929 45.9552666382 46.2928618173 45.1096724059 45.8429362729 45.528488413 45.2018626414 45.3515533534
0 0 0 0 0 0 0 45.8174971336 46.2838777216 46.046291762 45.6979625167 45.289986987 46.0465124035 46.3369728967 46.173779142 45.4496975985 45.5126872722 45.1163385612 45.7085271222 46.1572856988 45.7283728453 45.6710571098 45.7081779299 46.2220715046 46.4022305339 46.3320025598 45.8881318042 45.9155172191 45.4957342151 46.0996135703 46.0674797882 45.5649578612 45.4338491763 45.0380038113 45.7533939017 45.6552798696 45.2927021303 46.2170264666 45.8750069612 45.5522386616 46.0553655883 45.2874462058 45.5841515109 45.8130513186 45.6039724445 45.8803187114 45.2414230961 45.7538559555 45.9654428825 46.1997324203 45.3270860521 45.3091657433 45.519476903 45.6758275181 45.2035424212 45.8869117647 61.0053281725
0 0 0 0 0 0 0 0 45.5822742687 45.4313942238 45.4112339865 46.1242476941 46.039173119 45.6229285218 45.4069956516 46.0260393898 45.3245884143 45.7489982283 45.9365471285 45.4117305539 45.1273241116 45.887024704 45.3546355475 45.1536233883 45.8170623726 45.9371365058 45.7879829939 45.9498037758 45.0337208759 45.6931168489 45.0901068952 46.1132873602 45.5084306177 46.3388015529 46.2065211734 45.3282871844 45.7541908659 46.3879605744 45.4499900786 45.8759968044 45.1148860977 45.1775821377 45.7542543555 46.1651447644 45.071128669 46.3987001665 46.3264292672 45.7128433256 45.8558110758 45.9717286343 46.1131248709 45.0797257104 45.3112308831 46.2595144291 45.7713935075 46.2331044385 46.3374214865
0 0 0 0 0 0 0 0 0 0 46.1980481991 45.7401742176 45.0839374964 46.3265300158 45.6422955765 45.4193197492 45.9275402537 45.0169139982 46.2207347485 45.1969351622 45.484565657 45.1783757625 46.3357070171 45.9410136766 46.0817351409 45.253210221 46.3332901441 45.3472025313 45.2698968864 46.2124802026 46.2654090775 46.2598950585 45.8973487383 45.3588489353 46.2568054597 46.3306789549 45.1069635785 46.1528500493 45.211717492 45.3531626776 46.2405381108 46.000347403 45.1559242778 45.8745836474 46.4023004735 45.4427061815 45.9909338552 45.1264111189 45.1990452278 45.5864583124 46.3149309846 45.7604719766 45.5586603945 45.2781234864 45.3018143295 45.8847164287 45.1569567286
0 0 0 0 0 0 0 0 0 0 0 45.1201116864 45.9919053694 45.7607900877 45.1136238716 45.9819908086 45.766676847 45.6275350038 46.1669638505 45.0413129924 45.0241116451 45.2488871365 46.2250639899 45.9750579789 46.2179367538 45.8222572979 45.7544403627 45.6866897639 45.8807605189 45.5884496527 45.97316884 45.201545448 45.1278894453 45.4313765769 45.8697027856 46.3909295049 45.0180884394 45.533339457 45.0606664475 45.5933449929 45.9626833514 45.4565964655 45.8986281192 46.2292801444 46.2462398493 46.203634061 45.0935063768 46.0746009852 45.6938507174 45.6067508813 45.9724367625 46.0278431232 46.1629003417 45.4341393422 45.122863077 45.2803633979 45.3095439422
0 0 0 0 0 0 0 0 0 45.4258595824 45.2907088568 45.9417221248 45.7322504026 45.9134834397 45.867997003 45.5140351685 46.1913030376 45.7715051516 45.9762568558 46.3881701835 45.9327336945 46.0599768488 45.6193420114 45.4162404121 45.7758857455 45.295815573 45.403314272 45.4752012861 45.688680682 45.0555686294 46.2650676918 45.106500152 45.5012568031 45.5418472417 45.5353348159 46.3770234455 45.0542761908 46.1680000284 46.0095464577 45.8937337271 45.8166395188 45.2465502833 45.5433737035 45.3749193735 45.5482010988 45.1063464876 45.5644415605 46.3411662476 46.0152129967 45.2639617088 45.1294605516 45.7369367671 45.1598986499 45.5906697364 45.3151148737 46.4031094107 45.4647653716
0 0 0 0 0 0 0 0 0 45.8832031411 46.3591437573 45.9910301858 46.0979655766 45.5570579645 45.2281907578 45.8859229168 46.3064936476 46.2974253076 45.820261803 46.2878962896 45.0423117169 45.8995462358 45.5078520974 46.0636872387 45.9789960175 45.7426171577 46.3328559351 46.261300844 45.328615229 45.9236800422 45.6871536296 45.3895411936 45.1872238774 45.9337378618 45.3096289806 45.6992156484 46.3803485451 45.3652228728 46.2462634946 45.5237013924 46.2959011983 46.1348442368 45.8775035574 46.0771170401 45.8535781199 45.3458503301 45.0715659189 45.5368788049 45.0409540528 45.201214339 46.3251317775 45.3937149492 45.3127041414 45.1724445435 45.6272776851 45.088588203 45.3479073731
0 0 0 0 0 0 0 0 0 46.2425966506 46.3318935052 45.0911924939 45.2926102756 45.1451788584 45.8502624739 45.8444659228 45.4204627744 46.3864678979 46.3403681666 45.7326129358 45.7327787203 46.1939962564 45.8806690781 45.1643560077 46.0088613284 45.4838979361 45.5634787657 45.7716307695 45.0090568002 45.556983372 45.7829429106 45.2488591028 45.1863350861 45.7051401018 45.8107066595 45.9642767148 45.4029555389 45.3334213122 46.1573526929 45.5498576864 46.1599083107 45.96768569 45.9437634835 46.1196729948 45.0565379805 46.2004879913 45.6095136201 46.1505004103 45.5907542472 45.1217073199 46.149239803 45.0681863908 45.8800639514 45.9970988118 45.3409194155 45.6750515549 46.0874676778
0 0 0 0 0 0 0 0 0 45.2451776457 46.217949393 46.410699088 46.2015942681 45.7341271925 45.7834978238 45.5787402901 45.7544516432 45.9807039028 45.2791041172 45.5541609477 45.9451661847 46.1545251988 45.7661527056 45.8365227038 46.2352471886 46.2909352394 45.5824408074 45.2343974425 45.2894431211 45.3403453065 45.3363016997 45.7058889816 45.3283377493 45.4458949756 45.0463874516 45.4517358669 46.0694958446 46.1555230498 46.1260878281 45.5778074837 46.2660065955 45.7483933311 45.3500271342 46.0828892647 45.5009646083 45.6523954844 45.096836309 45.9433593582 46.2890662414 45.2790716172 45.2574313826 45.4151885889 45.1017076913 45.2588783687 46.349159046 46.15908904 45.325625644
0 0 0 0 0 0 0 0 0 46.3166260249 46.3790736394 45.5859291399 46.2344538626 46.2552576708 45.9811122154 46.3544356574 45.0900725936 46.3423231324 45.3488363414 45.9942515408 45.7792666836 45.6943829838 45.8552952847 46.2310936991 45.9542499217 45.043333477 45.1973653285 46.0532154748 45.0508066829 45.1541211091 45.7101686423 46.075272644 45.9900578664 45.2396986577 46.3038646743 45.6326198166 46.2667926965 45.3715760126 45.9557352957 45.768884537 45.2354687664 46.2444268081 45.1563236063 45.6925575013 45.8553157057 46.0405366706 45.5103711751 46.3861774549 45.6016498335 45.1563957874 45.8187830694 46.0354829578 46.1794939473 46.2598475813 46.3279399102 46.2751631663 45.3871363195
0 0 0 0 0 0 0 0 0 46.2377979336 46.3607676962 46.337106761 45.9237492414 45.7664076306 45.2478789851 45.5859242448 46.21514266 45.2859169385 45.6024799329 45.3239116647 45.4309411873 45.497641431 45.9240810191 46.0074953328 46.2151546393 46.0950501862 45.381878725 45.145269653 46.3936031233 45.5699272745 45.5500724784 46.0055352473 45.5403133685 45.0819237613 46.2875507785 45.5353479089 45.052771241 46.261758303 46.370702895 45.0845033827 45.2218913836 45.5204478304 45.3281790112 45.5413468741 45.7223393713 45.3535089502 45.9310376254 45.1651466262 46.2753839476 46.2894876912 46.3615209166 45.3623628328 45.6699284187 45.7482828533 45.208742778 46.1508304904 45.2811114175
0 0 0 0 0 0 0 0 0 0 45.0389457448 45.9500345051 45.5625976824 45.020597148 45.5283546509 45.1495862383 46.0738864538 45.2666323907 45.2283550748 45.1432020605 45.568315247 45.6361604404 45.8320984549 46.397729522 45.577062625 46.2145448304 45.0163700637 45.8317566368 45.475738452 46.0274657656 46.1872109847 46.3363490979 45.0102426868 45.0192294238 45.6986771102 45.2341210732 46.3145685654 46.4125920097 45.582327879 45.2410017234 45.1818029237 45.8840089334 46.28198293 46.2781466474 45.1310646677 45.8901364141 45.852215349 45.5624838309 46.3739856975 46.1729438784 46.0213805598 46.1390343293 46.1391143142 45.4586056484 45.3263698116 45.633756547 45.3305594554
0 0 0 0 0 0 0 0 0 0 0 0 45.5118605065 46.1722701635 45.2127872766 45.5347327533 45.7467130864 45.2600280391 45.3479050619 45.3717637267 45.3007484402 45.2724048112 45.9769560417 46.3988072795 45.5431561104 45.6423564276 45.9941366135 45.2221561149 45.644096295 45.2996520317 45.9251626321 46.1452800559 46.3099847724 45.1185582335 46.2819843388 45.0819522374 45.446480169 46.1459374244 46.3153961974 45.1070071895 45.4027978561 45.6803982285 58.2438382791 46.2414016137 45.6537060251 46.0643737156 46.3556266565 45.103441979 46.2619241516 46.1351952594 45.087900976 46.1089228942 46.4012122993 45.3138916296 46.2672051563 45.8385655283 45.2751732697
0 0 0 0 0 0 0 0 0 0 0 0 45.9189877283 46.2048421107 46.339583407 45.7617217829 45.2267319251 46.3177142328 45.8787385026 45.56080346 45.0794804917 46.1560265094 46.176880582 45.0075153398 46.4127025999 45.6146964314 45.0428572255 45.1637749772 46.1967002662 45.570002922 46.1952045145 45.6955583588 46.0043963297 45.6120667666 45.3847085457 45.9935859899 46.0679001661 45.1717873489 45.3710882523 45.7447772458 45.3213756952 58.7981937018 46.3173435581 58.7981937018 45.1562307699 45.672007871 45.0120249143 45.5802077191 45.2241956261 45.6801380778 45.0621796437 46.2808670648 45.8461823172 45.3122544565 45.1013199686 46.2825619964 45.0693890229
0 0 0 0 0 0 0 0 0 0 0 0 46.2893675895 46.3893882312 45.6864751534 45.287610993 45.8933723082 45.9964278907 45.2367459871 45.5274896625 45.014161294 45.4496745857 45.5935936581 46.2896124925 45.348153702 45.8226932621 45.3944836224 45.9211570578 45.0616946472 45.5510649179 45.7028075998 45.5016236188 45.0257935023 46.2411693482 45.4813353637 45.4408062009 45.2256762462 46.1893337571 45.7838982638 46.0148770347 46.1847125413 46.1579647033 66.1861130092 45.4637292814 45.413007113 46.0575257777 45.4473348563 45.9450145264 45.3011616097 46.1655000799 46.3771737153 46.1383867625 45.1838848585 45.3296505794 46.2632749917 46.2756929663 46.2615826962
