Spatial_Output/DEC/DEC_0199.asc
NCOLS 155
NROWS 192
XLLCORNER 196307.867259
YLLCORNER 449144.565805
CELLSIZE 33.573938
NODATA_VALUE NaN
[rows 26 to 51 of 192, columns 57 to 113 of 155]
46.2960608958 46.7109267202 46.0457987871 47.2622251723 46.6647041303 46.1597251379 46.9474193382 46.5707627175 47.4033561246 46.548705739 46.6789560887 47.1080540514 46.5219841094 46.3896514653 47.2321132292 46.3097406939 47.1526234416 46.913227483 46.2014067903 46.5672919583 46.3993366426 47.4054717896 47.0462596195 46.249925564 47.3864092321 47.1336594375 0 0 0 0 0 46.9203416405 47.2425095817 46.2416929045 46.3756150929 47.3443758593 0 0 0 0 47.0410074891 46.5360954464 47.0981714659 46.21384825 46.6617184 46.4842574058 46.0375907692 46.1516406904 46.1362748912 47.1223895769 46.5640027166 47.1314987434 46.4294925104 47.2569313499 47.0267579019 46.6979148527 46.3638606375
46.7491859267 46.1515761367 46.96912958 46.3176768395 46.1534274059 46.3789084904 47.0092157527 46.6833804492 46.3684903083 46.4822496414 46.1368056681 47.3527666055 47.0289399374 46.5305652423 47.2846378117 46.1192926756 46.9707107172 46.8309776444 46.4060101433 46.28322659 46.6026561588 46.8297986665 46.5435038925 46.7787094269 46.2043615076 47.0888597532 46.9158340318 47.2589676719 46.1191655243 47.3895315315 46.1094516234 46.7827557102 46.2502108137 46.4973024426 47.0946434704 46.4216144195 46.0891296901 46.0090017236 0 47.2387437121 46.6250925176 46.2672904533 46.9232087791 46.3457655289 46.4827674376 46.7917578916 46.3041300209 46.0840936433 46.8894216242 46.1339065735 46.4373793739 46.5184579041 46.4188685976 47.409336927 47.3910264301 46.040032893 46.2124814922
47.2654873967 46.3487698756 46.0713300841 47.2461126547 46.0683259291 46.6714739936 47.319506802 46.2654742359 46.3311354739 46.7487611012 46.5044291233 46.789666543 46.2608403955 46.3414925186 46.3491932759 46.6741191702 47.3130546054 46.3952249445 46.1061281057 46.2795271145 47.0253574871 47.0802233294 46.8356657127 46.6725577724 46.1938077686 46.9141489455 46.1670328887 46.6946122797 46.92038915 46.5781129251 46.2428970218 47.2493897496 46.367919513 46.1918617806 47.1709239804 47.1451751687 46.7420709476 46.3637907115 46.108305715 46.1679341142 46.4826687412 46.8479342293 47.2921185402 47.1142058068 47.1370199159 47.2634542212 46.4331857398 47.4081400432 46.2443274328 46.3266154201 46.1498241252 46.1414481495 46.4758428834 46.144252753 46.0228267851 47.1073759855 46.7980582168
46.5515587013 47.2330766717 46.8806091902 46.3827904744 47.3651348484 46.766495015 46.6391796239 46.8591276019 46.6777313064 47.4079146205 46.1861352635 46.1543629062 46.976429289 47.1705796442 46.0322091106 46.2674611626 46.280889 46.9120304157 46.419609968 46.665061563 47.229935479 47.3757268302 46.5167902131 46.8428237581 46.7232472187 47.1105580467 47.3201492776 46.6321761422 46.4672477916 46.4511975536 46.3383713547 46.7914130013 46.3674157529 46.3156366796 46.3523017227 46.3658525988 47.0585297377 46.6548858378 46.1488131573 47.1472270816 46.2895056754 46.2362325059 47.3519919426 47.0024982966 46.211831128 46.6910918823 47.1343289436 47.309965186 46.1757551366 46.3118899477 46.4888784261 47.1505015726 46.8535447144 47.330388819 46.1681338711 46.7581640411 47.2064619062
46.7304981055 46.4508684867 46.3815969097 46.0726021919 46.7759313926 46.3144922548 47.3463335444 46.3367478636 47.2925874933 47.2254045435 47.3441339209 46.2851240713 46.6803843196 46.5059707897 47.0932119348 46.0835110869 46.1989556534 47.1859838353 46.0738334088 46.1039334697 46.5951511288 46.3365950276 46.6174664533 47.2053540616 46.8831141465 47.267546925 47.3028385604 47.0649043066 46.157440247 46.3131044609 47.1132648346 46.3469877973 46.5449304485 47.175588541 46.3966663616 46.8116928014 46.7990824057 46.3588494356 47.2854504969 46.4249383722 46.2342741089 46.6282510183 47.1929793039 47.0525862189 46.7631679709 46.7511212044 46.9158424646 47.4012341045 46.0729014168 46.7789823718 46.3833354473 46.1724970251 46.6339121406 46.2531568994 46.4543693727 47.0063555391 46.373504836
47.3646446996 47.0212296897 46.8243255368 47.0047966976 46.7628664128 47.3452690276 46.3540602476 47.3204396101 47.2979861171 47.2857045535 46.2446948241 47.3679860234 47.2628938438 46.7505338137 47.1511354333 47.2327551251 46.3304270396 47.0797960488 46.607492301 46.5015381542 46.3987434396 46.5199986685 47.3976200924 47.0304711308 46.1700185994 47.3163123546 46.0646596381 47.2296148884 46.2295356766 46.0259219099 46.1852997286 46.6075577008 46.6117499838 46.6407527589 46.185492832 46.9745857674 46.8654735811 46.9453778402 47.4065200568 46.479569517 47.2971880762 47.0004218631 46.0351565953 46.9523034411 47.178154792 47.2617564037 46.2903866064 46.5105281021 47.1162091228 46.8015211183 46.6337157562 46.4992426351 46.0238203786 46.7811112615 46.2548270727 46.9913077536 47.1120120062
47.0640185997 46.1004089408 46.3358328716 46.8047319178 47.0150407232 46.7540747966 46.1995562628 46.4381216535 46.4358424096 46.3242076911 47.2235251306 46.4676201232 46.9863242742 46.0884612545 47.3380640295 46.5342578386 47.2563676012 46.9996257993 47.2178055701 47.1127830748 47.0363806454 46.7907476462 47.0959089143 47.0451993833 46.1960577078 47.1833886352 46.1806388619 47.1516555306 46.6814987606 46.9616250806 46.8452700047 46.1905450773 46.0597324649 46.6437997982 46.8214040929 46.9944104652 46.5885337564 47.018569775 47.1567886429 46.8871879015 47.1142117154 46.7633046463 46.2217919047 46.989524278 47.0856951601 46.0934419645 46.3731279704 46.8603793313 47.0038110963 46.3710766455 46.8018593344 46.3261080883 47.0066316323 47.1243261603 46.8465931819 47.1876704682 47.2921560877
46.364053528 46.8507246068 47.0946456267 46.1863213762 46.6212050049 46.9498967571 46.0133392275 47.010959236 46.8902013987 47.2130095833 46.4178596602 46.0245013254 46.6600900273 46.0245091376 47.3715174796 46.3973398889 46.7762529879 47.0764491466 46.4807396303 47.0277010737 46.3985993865 46.338513397 47.1520578574 46.1015508564 46.5313781673 46.4240320756 46.3600932731 47.0811084822 46.0718405478 46.1835023975 46.5287939563 47.2100229476 46.417504961 46.0641193482 46.4825700293 46.5435258686 46.7821902086 46.5660636476 46.0202317577 46.1388116043 47.3599480876 46.022731623 46.3692360755 47.2296588304 47.135466567 47.0425473659 46.6433308048 47.1222008673 46.4264865404 47.1341520354 47.2749620116 46.8956027146 46.001121711 46.0238955209 46.9875562928 46.192207547 46.7014030984
46.0750740712 47.2667353523 47.1366538308 46.3044754743 46.7187672996 46.7636215692 47.0179478272 46.9718906341 46.9195808393 46.5516714012 47.0498028358 46.6597061116 47.3174184058 46.9196972107 46.8127540832 46.0961874524 47.3020220749 46.1564937893 46.2036712174 46.901772041 46.8864508205 47.2407702357 47.1278506419 46.7971372504 46.2646688867 46.7134524387 46.4250087838 46.966713428 46.9496270597 47.2728680984 46.5080183891 46.1355389424 47.3608371225 46.1253298284 46.8187029502 47.2870027357 46.6100215618 46.7034483246 46.0720692288 47.3844910042 47.2283736966 46.7372714723 46.4933979129 47.3305474324 46.4067027495 46.4447258307 46.94666125 47.2204534325 46.024820519 46.5909758582 46.2995637138 46.4585112388 46.6235936311 46.7113088933 46.9352768593 46.1816771328 46.2063293402
46.8137178106 46.2432683105 47.1334311217 47.4101592085 46.5228530964 47.0663916154 46.5894339226 46.7524853891 47.093588984 46.6939236712 46.7375881928 46.2201005725 46.9152327038 46.4151719779 46.1194896203 46.6976321754 46.2526127018 47.0794045229 47.211280073 47.1855125525 46.5597281367 46.3198568802 46.4854362696 46.951518511 47.4118470173 46.6594242361 46.133739971 46.1290830819 46.3505887977 46.8953868716 46.0470629532 47.0546744494 46.9585051914 47.2413645905 46.9162227195 47.2163451339 46.6260921044 46.6585070995 46.3156624751 46.5033646712 46.8435273227 47.3932873705 47.1252843849 46.1663728978 47.227758762 46.0665066283 47.0794854413 46.180214957 47.3580096107 46.5820832136 47.1146370265 46.9427726739 47.1895005554 46.3791378412 46.6347778593 46.3597589629 46.9170854763
46.1797544827 46.3130712548 47.1189357886 47.3456954433 46.2353751306 46.480586806 46.4022356706 46.7697944821 46.6302089289 47.3252927845 46.8604550654 46.7351529292 46.4649581893 47.0404941028 46.5856373526 47.3404070048 46.6782852019 47.4101553501 46.5279710545 46.5470665508 46.8228615258 46.391021088 47.3208646838 46.636975703 46.073110149 47.2116534732 46.7968914144 46.2613437172 46.2221805948 46.5777780369 46.3257168451 46.6972501988 46.2451320654 46.6928607285 46.9199675758 47.2329510528 46.189706548 46.088869127 46.58468546 46.8588121557 47.2223252146 46.7281921165 46.9340881043 47.0427747559 46.0286187094 46.2658469506 46.0768357444 46.8645609065 47.1476647157 46.5552973427 47.0048249757 47.3556603045 46.6304977006 46.5654686603 46.4426646325 46.179831435 46.9102846513
46.1258406369 46.70700048 47.3317784492 46.0877331736 46.8790069425 46.3461439705 46.1689391711 46.2724539868 47.3670250958 46.3982960872 46.1906754046 46.0941988682 46.3337707273 46.4186094591 46.3744769713 46.4975097352 46.0500739539 46.2491438705 46.4190730897 46.0523449898 46.6426246004 46.6395826987 46.7932719011 46.7649467982 46.9891668782 47.0362652232 46.685982409 46.9453756889 46.8001893444 46.8667885089 46.2612738859 47.2742967529 46.2281315797 46.6700051845 46.5099538176 46.5672269494 46.7073897104 46.1449167009 46.9417969865 46.9926122385 46.668439664 46.8076391721 46.2362207472 47.1308842563 46.4512857948 47.073018659 46.1302080994 46.8922913215 46.6088852923 46.1749251253 47.2700832652 47.1631958149 46.3290364637 46.3404750168 47.0479943183 47.0524816205 47.1869356236
47.3909475653 47.0135588179 46.3869826894 47.1516693714 47.2594039495 46.4913057168 46.7488244272 47.1836661257 46.6481475975 46.5285094394 46.4346724081 46.0948581147 46.6894825314 46.5177687692 46.9660644271 46.0688200949 46.7507870582 46.6334145321 46.671599096 47.3092615989 46.8832329224 46.2138608232 47.2771700324 46.4398490511 46.9396173959 46.5462064364 46.2970157882 46.039351445 47.0921704405 46.9237743403 47.3464863832 47.3291185963 46.1976080508 47.0745008199 47.3335856169 46.0241256742 46.8776941352 46.9495090847 46.0440084796 46.3746479729 47.4028918933 47.0545029077 46.2361888485 46.2539634857 46.4696852383 46.1706497368 46.0183998472 47.3000135469 46.3676331551 46.1492179804 46.0563561641 46.4303490411 46.6815611744 46.9907003584 46.5571152532 47.3927086367 46.003001622
46.0073715933 46.5202395602 46.36385607 46.7350642584 46.3339605266 46.3534409468 46.865910839 46.7641684649 46.1895804714 47.2862099153 47.0608096225 46.7508036816 46.4220999656 46.2074054716 47.0013811175 47.1764791563 47.0355124864 46.923732827 47.0478932111 46.4393201691 47.0371897548 46.0102372021 46.3670986008 46.1658178375 47.297808807 46.4649964204 46.8042457058 47.1409913394 46.2135718273 46.759248803 46.884593302 47.156149444 47.0452837205 46.5115619823 46.9728491782 46.8829219377 47.1218349811 47.2950427688 47.0920101282 46.6202140657 46.803912844 47.3004212584 47.1865255802 46.6618838783 46.4557470709 46.2829801508 46.3833969907 46.0231729217 46.1728172892 47.1181260386 46.6130460315 46.8713695195 46.6540555781 46.2425374594 47.2510485448 47.2889205688 46.525408191
46.6732183363 46.6905885889 46.9126921322 46.9073585169 46.6385298757 46.0261848425 47.2104164001 46.4280345561 46.40587672 46.878914104 46.6486524899 47.3402767735 46.8677569515 47.1464494687 47.3521023182 46.5428522187 46.7045443065 47.3694974602 46.604223805 46.3922777771 46.1217142961 46.0109537293 47.131705665 46.0356104335 46.7591136555 47.3853091691 46.7780905117 46.8720988379 47.2039001557 46.3966988398 46.5338468736 46.8260332177 46.164870842 47.0706824449 46.7380861815 46.6370149659 47.2271054829 47.1380388472 46.8790503158 46.8219683928 46.5065520932 46.7087595132 47.3294850124 46.5165025822 46.5572689383 46.139987566 47.246854319 46.1277086876 46.8097116644 46.2359875427 46.4490258782 46.2510585468 46.7906562913 47.3162795098 46.8780621295 46.3762949785 46.9612003051
46.0676992175 46.8171281054 46.1862159799 46.069147047 46.7247357896 46.3172266643 47.1283341019 46.2686773105 47.1899857968 47.3841247604 47.0509421349 47.0957234072 46.236143409 46.6247346157 47.3754651974 46.6887389364 46.4384509012 47.0934869627 46.933938332 47.2593203767 47.2892158638 46.2398181677 46.7309372642 46.0711292693 47.0590461547 46.4288661979 47.2671718753 47.370519906 47.1583026693 46.0321530011 46.569221677 46.0779042203 46.4229217893 47.0112985391 47.3116523005 46.9725816728 47.1804139315 47.1164403946 46.4954779443 46.9705460114 46.1493708113 46.658645763 47.2635482217 47.2890278329 47.2896786612 46.490925701 46.3718024351 47.1800535115 47.101100981 46.1284011403 46.6780033355 47.3957425251 46.6599947307 46.1277754652 47.2562699451 46.9651455934 47.1490769758
47.3561986799 46.6322631536 47.3195429298 46.0733315955 46.9312993044 46.5220445413 46.4056391282 46.5784078757 46.1423108537 47.4138129687 46.2147624806 46.3236478728 46.4404009673 46.3742444607 46.2315432292 46.3301120477 47.3332719641 46.8424765875 46.2228332413 46.5976300676 46.2863604021 47.3596264803 46.7215513642 47.233762909 46.7698829662 46.6324078141 46.0877823966 46.3969742727 46.4729089277 46.025770494 47.1857283494 47.0942300687 46.1238872175 47.1379001437 46.9934417776 47.2852690675 46.7041409731 46.3382904626 46.4946049842 46.4149726782 46.677792141 46.9524264145 46.5707522959 46.7043321094 47.2216720951 46.7816684694 46.3621055133 46.8101365871 46.446313368 46.3600530812 46.5759071276 47.4000491332 46.3638565938 46.8018500085 46.9073387641 47.31469263 46.8509600451
46.8267110778 46.4282264525 47.1242796596 46.4258993989 46.3313744813 46.7695354942 46.4768118665 47.3036549116 47.1638029494 46.8366411938 47.266660344 46.5913070031 46.2093774475 46.0797156097 47.1863541035 46.4190463351 46.9467420342 46.4086144129 46.0490033774 47.2893421061 46.9697092699 46.2613198376 46.4725324506 47.3850497831 47.3822190154 47.2657809525 46.0676816667 46.9279498641 47.0142193895 46.2019147189 46.6761639911 46.1214131877 46.1691339142 46.9804822057 46.2648031617 46.8483100676 46.3003070011 47.3390168101 46.4282319951 47.1012049489 46.7178131256 46.7471123477 47.3759897549 47.0164092894 46.3879828816 47.0943475716 46.212510552 46.9573153059 47.4092056182 46.9795692036 46.9185860308 47.2139492693 46.7080479313 46.8009198243 46.6797126641 47.0377294615 46.2337098968
46.1876361441 46.6225650588 47.1484085189 46.7529612468 47.0533990713 47.1215435842 47.3263622439 47.1324269212 46.1582973618 47.1671021033 46.9503198563 47.3081785185 47.0164001922 46.3796662694 46.1871157635 47.1788904567 46.9416266524 46.4378558745 46.5273875755 46.1480936522 46.3375565 47.3256643952 46.4864192989 47.3166230689 47.1958458837 46.3335954011 46.0927533363 46.6492967204 47.070624052 47.4058397553 46.7548030318 47.2704190407 46.2447858744 47.1662024015 46.6729074217 46.6352339354 47.3192541728 46.4655635778 46.929122036 47.3884035429 46.4730021453 46.1092382779 46.1119399777 47.0508772986 46.7085200679 47.2964256693 47.0571203692 46.5391550774 47.3461472172 47.2439998233 47.0053149453 47.3340573832 46.3301954113 47.0524668157 46.6420395102 46.7399136321 46.03678778
47.1687109085 46.419419196 46.9879387228 46.3261650495 47.0087944163 46.4668765151 46.6957030644 47.0096345524 47.0717435148 46.4810802523 46.5347311652 46.2986432254 46.2665458638 46.1982126768 47.0553259215 46.2375640757 46.2804574382 46.7851642276 46.8273930286 46.7766057208 46.6569429352 47.0498190336 46.3267126182 46.57617875 46.7198734361 47.3177586789 47.0942562134 46.0142174134 47.1394135676 46.615933306 46.5645145262 46.1111590053 46.5106656216 47.3348572795 46.4147403822 46.4662996582 46.5684915511 46.447642949 46.9421165367 47.0218241531 47.4004787884 46.6897447651 46.063132934 47.1068838524 46.6548319482 46.7907453966 46.1916163793 46.2548250996 47.2499021563 47.0895789801 47.195857781 46.3351493658 46.3219020029 46.2702981685 46.1014060965 47.028159104 46.8993037662
46.500738667 47.2747686565 46.7064582482 46.4434174323 47.2917362145 47.004266179 47.1526926292 46.0889777401 46.1403768409 46.6826940294 46.9575596216 46.4313131831 47.2434671206 46.3167816718 46.1643314797 46.8678357913 46.5405268109 46.0470656257 46.1644508109 46.5917569702 47.4006874795 46.1108015157 46.5460066463 46.49698312 47.1829017383 46.9913636561 46.3921437691 47.0019860394 46.094266745 46.8001476463 47.0382626391 46.8288100519 46.8020624435 46.1084168047 47.0976622163 46.7861435438 46.0119033923 46.8941223208 47.0365163154 47.2143889264 46.9330977819 46.1699898804 46.9043418909 46.4585748978 46.8741537385 47.2803972504 47.0804599693 47.3918321468 46.7634856288 46.4043221403 46.6944878412 46.7704928562 47.2469902862 46.2877795135 47.2412141947 46.3075262083 47.343914556
46.3211529682 47.1669590901 46.5721848559 46.3101987287 46.4601486871 47.0973126582 46.7210255229 46.8296341316 46.8129964172 46.9380903574 46.3407938774 46.6799288397 46.4829100304 47.0232459812 46.1535104255 46.3735252278 46.1123403769 46.6706877264 47.045397593 46.6720455684 46.4596625948 46.124324115 47.2644786494 46.9628753446 46.1721938159 46.9652288036 46.3467296152 46.2654756215 47.0479726785 46.2632600176 46.4044291638 46.4278422264 46.6191023038 46.4417532479 46.3564897098 46.8464927828 46.034210389 47.1179471063 46.037462914 47.0147209253 47.0782701075 46.1059844461 46.5961152604 46.1663009345 46.9499011154 47.3519096588 46.3894006102 47.3601691513 46.335065306 46.2872374644 46.1139042849 46.3054855736 46.5285324761 46.8581658286 46.2096637849 46.9663609819 46.7531888445
46.2977025897 46.5153194693 46.5207427705 46.2350797187 47.3944575685 46.984118537 46.4080358379 46.5037966362 47.4125480051 46.1376696233 46.2667147285 46.4881481459 47.1134400692 47.1932685078 46.3395863804 46.3970006404 46.2443602757 46.2333057561 47.2257311271 46.0176140709 47.3184139509 46.5299173438 46.0095788825 46.4280493778 46.943458372 47.1194089205 46.2080849561 46.4163793118 46.05355608 46.5451648587 46.1474897809 47.0987869215 46.8738276065 46.2102393724 47.0634126523 46.4005219944 46.2714892172 46.4607193428 46.5212076909 46.0487878537 46.1385603457 47.1476847655 47.206809729 46.4351683435 46.445944814 47.3194886142 46.7867885217 47.1090291813 46.2994344331 46.9632142263 46.3249636275 47.3002635608 46.0408229065 46.7127065301 46.3735524855 65.2252422174 70.481134718
47.0598584219 46.9913078201 47.0115267112 46.7823076134 46.5505708333 47.1144665287 46.4972823676 46.3707769639 47.0312460495 46.0568152777 46.6273703874 46.5352561756 46.4676280719 46.5009730448 47.397966736 46.3988098841 47.115002383 46.0156634356 47.2849767186 46.9945897392 46.7648913526 46.027547461 46.1675326223 46.8728201722 46.5527664902 46.6685700955 47.3620714692 47.2108891027 46.9127000539 47.1987320923 46.5320940662 47.1058525093 46.7664818162 47.3397048291 46.9211759401 47.1770998399 46.3088041925 46.7859484675 46.8004438606 46.9696948412 46.0132971919 47.2744749022 46.2712382113 46.8034750529 47.2482367815 46.6466003881 47.2853722611 46.9925891745 46.4238037687 46.3613389249 47.2435305512 46.7538351653 46.5855157632 46.5502876274 47.366353579 65.9863386006 68.3178273298
46.8784966666 46.7252823909 46.406728668 46.2973251704 46.597453301 46.5223769031 46.6506426739 46.8332213294 47.1860047205 47.1305724425 46.7366636967 46.7742697061 47.1614569702 46.2354187481 47.0208831575 46.1585800144 47.1084033496 46.669855598 47.0774534652 46.6509961399 46.0987004755 46.0182754309 46.6676823905 46.26086689 46.5624703862 47.37191993 47.2778851747 46.4156005918 46.8641861047 47.3098889729 47.0607717926 46.8541664142 46.518619467 46.4696318237 46.2046202807 46.2995478024 46.424861904 46.2504776753 46.5995117318 47.3810313747 47.1288923593 47.3191065504 47.2677193256 47.3683009848 46.5111708772 46.6186433134 47.4005283794 46.6624396658 46.55425128 46.6833385023 46.6083401132 46.5478215768 46.7252002036 46.0256624053 46.1728885814 78.7719176404 71.4919778812
46.8696768586 46.0754950461 47.0931606783 47.3037396872 46.5804673318 46.6616116659 46.2389716614 46.7567467541 46.706487057 46.6068348052 46.8226083092 46.0155417266 46.7439931446 47.1664629303 46.1711529047 46.6406085595 46.0825431921 47.0307478512 46.910479946 46.5551197032 46.8615644855 46.681372641 47.316461679 47.0722815318 47.242710263 46.1015968994 46.6023753144 47.2528480388 46.1609476983 47.3377960348 47.247072919 46.0315952572 46.4747600125 46.38062445 46.6893877092 46.1576350212 46.6324814804 46.2284855159 46.4272655473 46.3216105429 46.2667491534 46.4944099752 47.1708205509 46.2202085442 46.646832085 46.4219906293 46.0529759949 47.0737026357 46.7546277602 47.1674149482 46.4746250951 46.6181122637 46.2234051107 46.1543089219 46.4362712333 46.9457085598 46.4529820116
