Spatial_Output/DEC/DEC_0984.asc
NCOLS 155
NROWS 192
XLLCORNER 196307.867259
YLLCORNER 449144.565805
CELLSIZE 33.573938
NODATA_VALUE NaN
[rows 26 to 51 of 192, columns 57 to 113 of 155]
25.494211449 24.6608122372 24.0236457932 24.6106897436 23.8835729944 24.2853531349 25.225964363 23.6369999999 24.1572532332 25.2494958927 24.3894264406 25.0381043167 25.3191205102 25.5804996899 24.4500027109 25.5090002866 25.1237656643 25.0592324625 24.9233718378 24.6821344997 25.4551210033 23.64700125 25.3182757375 24.435730471 25.526434296 25.3054031326 0 0 0 0 0 24.0174109575 24.3097840075 24.3657561847 23.8908144174 25.3967471412 0 0 0 0 23.9074528103 25.1232859539 23.8606063363 23.5346803687 23.913319603 23.5801694879 25.0798301635 24.8838709146 24.3135055853 24.8632189077 23.5158766126 24.470641915 25.37493392 24.6332593891 23.9012192633 24.2069714115 24.0039555587
25.185071788 24.7728712986 25.2804325088 24.9579761872 25.0292830233 23.8165330403 25.3798642598 23.5222805665 23.591071519 25.5717822913 24.815118032 25.2967317518 24.3934793324 24.9810278399 24.7275541899 24.9481493773 24.908125691 23.7881987184 24.7379080418 25.3127499343 25.5877911168 24.6661754737 23.6759926387 23.7385831584 24.5353191694 25.5276159196 24.2975599477 24.6636655549 23.614443686 24.900320829 25.3016492666 25.0975270229 23.9384987929 25.2057065064 25.0584259221 24.2191242712 24.1597730132 24.9000062084 0 24.4362358606 25.5253542802 24.3552379538 23.5611521419 23.5577542547 25.1681492264 23.5052022448 25.2479571539 23.7980485118 24.7689828293 25.5347115863 23.8624503504 23.5586199937 25.5427247198 25.122324807 25.1501554489 25.3510128378 24.7039141564
24.0817982317 24.2848509289 24.1202887564 24.670953425 23.7858323985 24.8822408467 25.3709978844 25.1780586842 25.324839468 25.3035101516 23.7146329425 24.3529970341 24.2453547558 25.1510935378 24.6588249532 24.1291753363 24.7400736387 25.0456020204 24.193958293 24.1284486765 23.8721754012 24.6290158196 25.524522015 23.8861899197 24.2009232324 24.8666357631 25.4960533581 24.8451124282 24.167219059 23.9779960244 24.9649841883 25.098418527 24.61918315 23.7143800559 25.3371642786 24.8854119604 25.0224620455 23.752245448 24.7382815505 23.8764923527 24.9878984478 23.5497314522 24.5619147181 25.5970259356 23.605932691 23.812313268 25.5657610316 24.9858686578 23.6183105544 25.1159330299 25.5846076616 24.8923911932 24.9437261384 25.1565896571 24.739579239 24.0659064623 23.8861992827
25.0915266208 24.7944586284 23.5756107291 24.721953377 24.5523228164 24.4264681143 24.2464427181 25.4375533992 23.7521630421 24.3533893484 25.0037089019 24.6112806551 24.5943319469 25.5274424727 24.562382405 25.063697012 24.9461647197 24.4916022822 25.2640038882 25.0586792074 24.7705319238 24.406451338 25.5166833139 24.7889556503 25.2473711241 24.6227009679 23.9281575792 24.7258312096 24.6576884502 25.4232108445 23.8111198959 24.2447744376 23.8752789156 23.6243777984 23.566582473 25.0260996402 24.5850236645 23.7401573694 24.7013408937 24.9108812326 23.5838502059 24.1073669699 24.5714346424 25.2149266761 25.5482070992 25.01713229 25.1252928962 25.2474194354 23.6951388665 23.7364101155 24.3102882422 23.9945132433 24.6671313311 24.3389963591 24.5831293655 24.8235317291 24.0796650383
24.8975273555 24.9960072038 24.1689647227 24.7267330737 24.6652198315 24.9746374731 24.7041857086 24.3214060491 23.776506266 24.0687404111 25.5409172424 24.6577326442 23.6803999247 24.8344195889 24.4496069168 24.619878808 24.6254984529 25.1872936373 23.6289560494 23.6347105904 24.8794703897 24.011927317 25.4141613533 24.4512448989 24.1875386339 24.1434951155 23.6123706869 24.9411717661 23.5313078157 24.9392908532 25.2106485441 23.9585360215 24.2612040867 25.0952931867 24.1663648067 24.84349297 23.7083638241 25.1710174317 24.184042286 24.5454696535 25.2165568226 24.223947133 24.6695792066 23.9977143404 23.5874729633 25.3400802376 24.4382111891 25.3694464353 24.1571129007 24.0081517152 24.1809351403 25.3323682804 24.5471048139 25.438405098 24.3502976365 24.3559232039 25.4917866458
23.8859229866 24.719427833 24.793706037 23.7234341916 25.5474726394 23.9499741016 24.3305145627 24.6420811789 24.0138057116 24.5964016497 24.9409726822 24.0654332747 23.5013773452 25.2089150368 25.3054438046 24.0155696548 24.1591549025 24.631746561 25.4400180496 24.6643364514 25.3934512942 23.5444737536 25.0826495819 25.4985313161 24.7741484159 23.8881446889 25.3284863305 24.909703989 25.1746312217 24.3625182966 24.4613249155 25.5155475962 24.2548178008 24.8536505097 24.0149471936 23.568457859 23.6910560324 24.9469842771 25.4484662507 25.2064837608 23.8326443908 23.6086624028 24.2753728936 25.3814396959 23.9520531132 24.9202931423 25.0723108603 25.0529141439 23.6436985863 24.7047902098 24.0815152947 23.8010545076 24.2055531673 25.5635146131 24.5583132019 23.5579803079 24.1774858254
24.292754085 25.1634559776 25.1629153463 23.5755593914 25.3401207023 24.5257386921 24.9886075108 23.9597403913 25.299293994 23.522162965 24.8473838835 24.4006638082 25.6053686902 23.820563528 24.0344434107 25.2483949366 24.2583900371 25.3908305797 24.7777659807 25.5840396215 23.7941898348 24.5232850077 24.8713768594 25.1881692285 24.7315465713 24.1065557371 24.0729552814 24.6900324879 25.3370201195 23.846277164 23.9424078277 25.5175723469 24.7188398502 23.6136915241 25.1631603014 23.5748712177 24.738012774 23.6763725642 24.895865061 24.0227946914 24.2650440319 25.3217145693 24.6297181208 23.9120410594 25.4051257951 23.66604974 25.5096582021 24.7935760736 24.1090800076 24.6010456742 24.7721882159 24.735541577 24.4449052485 25.5274334223 25.352281897 24.3765192455 24.8729762399
25.3736395878 25.1536993824 25.1892411291 25.3382225861 23.5138756687 25.1455346398 23.7935388897 24.4383712702 24.5516337523 23.6332843246 24.4047226431 25.2716872131 24.6424804523 24.2576224969 25.0734775691 25.4911361622 23.8450592206 23.9154795181 25.4650849816 24.4728907527 24.3520911988 23.8730591159 25.2228662971 23.922339115 24.4929697367 25.2629779424 24.1652000491 25.4016053101 24.2663068659 25.1050521699 24.6060644162 24.0338388103 23.7224425259 23.8626266974 23.5454596091 25.3256816917 23.781806497 25.5113876683 23.5513458048 24.1704132117 24.4296889977 24.9819077112 24.0228870043 25.5142456843 25.2690861966 25.4088686047 24.7795287803 24.5553260344 25.4582010824 25.139196325 24.45426042 25.0243162277 25.5708458833 24.4017323636 25.0391161103 23.5242811512 24.5802074704
25.3066758612 23.9413201242 24.9795799236 23.6962959472 25.3971393774 23.9270935454 25.3884788578 23.814130502 25.5299870379 23.5185217538 24.6689301904 24.744092051 25.2804787586 24.2158569935 25.1541079723 23.5886676707 24.3087810832 24.6089348309 23.6461225868 24.8396531621 24.7824034394 23.9592585509 23.9827141134 25.2939972497 24.8189650132 24.6567460575 24.933749779 24.814818552 24.1541553661 24.0207700928 24.2875937783 23.6706627961 24.1251498932 24.9610389607 24.7355296184 25.5814410178 24.3889507292 25.5326947329 24.4172291716 25.4877166703 25.6004747419 25.1048250224 24.0594671067 25.3919769155 24.4031569143 25.3440983875 24.2249456415 24.8934927339 24.0981535494 24.9302193972 24.5056949238 25.2179098069 23.8601329342 24.4683453576 23.5384934137 23.8256596531 24.0555523809
25.0542002761 23.9422228273 25.5586023684 24.4942321007 23.9064189761 25.608189395 23.5947670964 25.3389100732 23.7899848018 24.0850536829 25.2856678187 25.0256708836 23.8243904027 23.7097733382 25.5070748174 25.5695392316 23.5166353406 23.6455800364 24.4090434336 24.0254486232 23.9329095338 25.1521995176 24.9059970864 25.5260130221 24.9347877398 24.768664068 24.0417560861 24.2344692907 24.0859887048 23.6460603196 24.7158324881 23.9982402562 25.3187583974 25.0695979991 25.168042292 24.1385035264 25.1756924063 23.5460706547 24.5351026186 23.9867114184 24.7157235695 25.5423135096 23.6001873959 23.8627200106 24.6569947957 23.8756418786 24.427829762 25.5715601237 25.5460204569 25.3053637357 24.1459623351 24.3494742923 23.5568152005 23.8106553151 24.8448604685 24.9455846367 25.4208447766
23.9472168091 24.9235793805 24.0598805305 24.9245531606 25.2547329534 23.6097256503 24.7193417857 23.7865494784 23.9497198052 24.2071244352 23.5263865741 25.4680127226 24.42289448 25.0808439219 23.9223745896 24.8414922312 24.278490019 23.6314451985 25.1898714461 25.190775555 24.8778068741 24.6980813352 25.0609608436 24.8882493127 25.2307678252 24.3624668625 24.9918827754 23.5239126989 25.5065456981 23.9052266429 25.3938107718 25.092871545 24.8171064103 23.8763446717 24.0805214504 25.6201940555 24.3885531526 23.6916342707 23.977901787 23.6254253871 24.0351780769 24.2494471676 25.5111274107 24.4403561947 25.058690893 23.9562260281 23.9913561254 23.5954679469 24.1256881628 25.5443048144 24.5497647364 24.5047872951 24.293418247 23.6654938245 23.8934192467 25.0609827362 24.3592370609
24.4173243225 23.6523093447 24.1419054941 23.5132817653 24.7232510331 24.7816346651 23.5430019445 23.7647369414 23.8989283136 24.4871988053 23.6523913463 24.4266278103 25.0013199012 25.4755664314 24.6319414501 24.6028143788 25.0038878394 24.7515840988 24.6571610732 25.2268693056 23.7824348399 24.932987442 24.5949011207 25.2570620663 23.8566456267 24.2689018605 24.4236541761 24.4283063516 25.6119947568 23.5875953393 24.9369727478 23.8905845822 24.4165862196 24.5932763237 24.8113667267 24.2890421482 24.4807545463 24.6403396181 24.60516389 24.4241670762 25.1614661712 23.7321274268 23.9218980496 25.4419166325 25.5134429933 23.5518498464 23.8485237434 25.383610368 24.4870757902 24.0776619358 23.7888513756 25.6030329024 24.2155616097 24.8840622572 24.3584651134 24.3125356255 25.3637426599
24.3109518814 23.8021261901 24.4456084863 24.3113806667 24.5097239115 25.1334762287 24.9840026829 25.3796615516 24.7603822999 23.8727551704 23.9819539329 24.7843593054 23.9855769219 24.994820562 24.1573641376 23.8141016543 23.9507492964 23.757822829 25.1547594886 25.1641487133 23.535918298 23.5286765066 25.5708370685 24.2578926215 25.3068021407 23.7972779413 24.7169242277 23.9577451166 25.0178388417 24.7036693318 24.3711810896 23.6095667029 24.9569301119 24.155927044 25.4542764419 24.3014741208 24.3330546028 25.5310109341 25.0435886351 25.5272408507 23.8887117753 24.2474973153 24.315321419 24.4114145569 23.8603912291 23.8929903264 25.0109607915 23.7505183998 24.7614935562 24.9990781666 24.4184921482 25.3837161589 23.6455949425 24.5819275282 23.7678970785 24.0525592177 25.0061402399
24.6623841018 24.8106537397 24.8824481655 25.5834146106 25.2064662557 25.0412073841 24.8086466202 24.7481915463 24.944119551 23.7095560203 24.3553730492 25.3067399421 23.511340034 25.214641164 24.8116891146 24.089430637 24.6371303252 25.2035564373 23.9703912415 24.193897327 25.2605511213 25.391488582 24.0777372025 25.1467044844 25.5715665843 24.7498636387 24.7028501132 24.5421575251 24.0188323442 25.5600823132 24.0791691627 24.7016201887 25.1299301141 24.8327292397 24.3233195355 23.6857550412 24.3649729981 23.7394675368 24.6838485588 24.1592142481 24.5812561859 25.5459826216 23.5357130131 25.4897825034 24.9339964578 24.4668574155 23.7832799985 24.3128626882 23.6173640804 24.051228861 25.5591635005 23.6783058375 25.478174886 24.2691672656 24.3133610438 25.3146860425 25.0933015768
25.2079283698 24.0835094731 25.1873437626 24.7609449928 24.9590682197 24.8825630259 24.4728379038 24.519595081 25.6127643627 23.9713904732 24.9320210811 24.8837652983 25.4765404358 24.4148039173 25.5844257695 24.8373485666 24.3727761052 25.5263718412 24.843449976 24.6642285468 24.0058383731 25.152530289 24.0598142093 23.9692155012 23.7242739757 23.9230913986 25.0280125122 25.588615777 25.1534533526 24.1583031235 24.6011693333 25.1412824874 23.7279332011 23.71455398 24.8412209985 25.4531977371 24.0506254007 24.6625058801 24.3573258153 24.8083439377 24.9383002056 23.5209423859 24.0690046945 25.4131380494 23.5878166733 25.1946929538 25.5391412677 23.859029864 23.5993453635 25.5261482932 25.0780899181 25.0062119001 25.2770675139 24.4393242664 23.9667129075 24.3148403871 24.7713073486
23.9640917426 23.8043943458 23.7423996957 25.2473660488 24.2930270874 24.0546913065 25.1062069717 24.0396329271 24.9367149019 24.3259802591 24.716802731 23.8210797689 24.2870234391 23.5575941342 25.0845604494 23.6613492642 24.8671979731 25.4280062161 25.2486385731 25.4977044517 25.1190692997 23.5852459145 25.1872493118 24.928218154 24.0761600806 25.0103629944 25.3255302908 25.0144054432 25.2678851219 23.6418136535 24.7489520123 25.5248542747 24.9808879971 25.550939629 24.8820439326 25.5565075478 25.544889587 24.9786798197 24.6917865827 24.0764630539 24.1116210591 24.8094394462 25.0606241122 24.8552758854 24.4580293922 23.5973353647 24.9769371924 24.4392006392 23.6777100253 25.519692632 23.8524515686 24.5386308502 25.5679093955 25.5443365896 24.0260807448 23.7096280942 24.1212381414
25.052057982 25.2336935227 25.170022833 23.9469914756 23.9943605141 23.8393848288 24.7712703075 23.9098428325 25.0844255657 24.898740854 25.1039139363 24.5523227345 24.0432245002 25.3730110999 24.6505939804 24.382975122 23.9832896704 23.5316314982 24.2088372959 24.6119167792 23.5592958728 23.8370994923 24.0269688262 24.1890921137 25.0767162405 24.0370849355 25.497962694 23.9120974903 23.612624971 25.0627859081 24.5142963858 24.9372206243 25.3771371068 24.6528487463 25.1869145663 25.464929991 23.7740023562 25.3926973781 25.2964255587 25.2583567186 23.8207959228 24.5290772673 24.6731303889 24.2711622515 24.2053928374 24.2389093937 24.2898963804 25.0751517876 25.5572183672 23.6941066991 23.6460127632 24.5777961206 23.8255129568 25.5461872391 24.3955643285 25.1810626525 24.2550090885
25.416626499 25.2445091529 23.69047876 25.6056686201 24.5913824257 24.9776536841 24.3137575581 23.7224093882 24.4671159238 24.2312153904 25.6071309518 24.1609193348 23.6548465262 24.2353068476 25.3778696723 24.8910174903 25.1960221444 24.7046976206 24.0785520125 25.6152196652 24.3228482257 23.5004527609 24.0698014527 24.1501439895 24.769150476 25.3724338816 24.6744784978 24.7583327013 24.5657971157 24.796078007 24.6046664303 24.0936721982 23.8827360078 24.337702556 24.3433759519 24.6129740424 25.3057644033 25.4866635928 24.9592793029 24.9614380901 23.8133097653 24.0117612569 25.5801244321 23.5527569614 24.6239021643 23.5787489363 24.7321222777 24.7210587186 24.8730220209 25.2820133698 24.5438790709 25.5093048634 23.554007722 24.3047099892 25.4473054508 23.8114488175 23.6874271652
25.3505379967 23.8344645203 25.0227992933 24.3508774194 24.9314613936 24.0241277746 24.4467844939 24.4140963676 23.6125050104 24.3508357918 25.2261880822 24.9020362751 24.8857573237 23.8256519031 24.885309646 24.6139108212 23.9035376338 24.7751366616 23.8454562904 24.8456985154 24.9219229879 24.0317249716 24.7630621904 25.0897712784 23.6304280015 23.5756511299 24.1434058377 24.4277640238 24.2766306943 23.9057029841 23.6219850196 23.5719525122 25.0857452756 24.5832596974 24.9848501793 25.1134894576 24.2887820609 24.1375831276 24.4310974951 25.0521797865 24.9716114688 24.3011294528 25.2206771747 23.7042855484 24.6767753581 24.7476829634 23.5353343523 24.0124637964 25.2592790038 23.7568634758 23.5831499542 24.074596409 25.4373299212 24.9615190223 24.1470786167 24.5571527434 23.5623821938
24.6142723676 23.5632759535 24.176912739 23.8861973705 25.0149291867 24.8083711553 24.0684639267 24.0453636286 25.4267816206 25.2146243389 24.452208098 25.1379630527 24.8380266123 24.6099866434 24.6291000926 25.1717727139 24.5271613198 23.6313851971 24.5311160398 25.5348778623 24.3239487883 24.7148637299 25.1068619867 24.0076130817 25.162200215 24.9367918259 23.6057453881 24.224729239 24.6652603418 24.9875900086 23.8959849753 24.1445632107 23.6101675025 23.6272307396 25.6070519079 24.0451300497 23.8059699254 24.9631784397 24.6010307238 24.9111007396 24.3446611547 25.1680068543 23.700085441 25.0801471047 24.556060158 25.5982158735 25.149124463 24.7883364256 24.6019318002 24.1476024705 24.7026332426 24.1934889388 24.61125614 24.8831012291 23.8162193643 23.7198058753 25.4202008887
24.0192298666 24.3151917269 25.1796375401 25.3327787431 25.0861671279 24.7322255453 24.596586928 25.1527937657 24.8816713552 24.4104256905 25.1941940214 25.4963366304 24.9232674125 24.6413878617 23.7212056296 25.0039133146 25.0709255657 24.4234270463 24.8284627197 25.6069326399 24.8501530407 25.0476763055 23.974913847 23.5148975554 24.053696385 24.5695847562 24.1879984095 25.5138092134 24.913125236 23.7909624396 24.5828400566 25.0847361103 24.7827309314 24.2575004086 25.5577429225 25.5507363716 23.6144348598 24.5577059834 25.1320365523 24.6794877857 25.2073609425 25.5898283673 25.1752875549 24.6187958768 23.7448492048 24.6416239175 25.2429068212 25.031772157 24.7904976831 25.5564691222 23.5445916213 25.443512324 25.6133400839 25.1206971134 24.2793738428 25.3465419661 24.8679626993
25.1691721848 25.0678010678 23.9514676282 24.6967564583 25.376991019 25.0808567002 24.7002585006 25.0486588646 23.5199026311 25.0237654304 25.2913721991 23.6610199727 25.4729357279 23.6750508105 25.5652684294 24.6089594961 23.5315935715 24.0417154561 23.6300171218 23.6277597546 25.0851220649 24.7044288117 24.7061163242 25.1795655876 25.5062811981 24.455637395 24.45190803 24.8743334942 24.4718559648 24.8293880272 23.7237453601 25.5475509154 23.9612676053 24.5002108654 24.881312892 24.6863677547 23.8533872154 24.0388122534 23.6613380617 23.6453314005 25.5760848327 23.8335311576 23.9652208468 23.5216641074 24.0575235033 24.5256354818 23.9396994757 23.7942779708 24.7874002846 24.1669971193 23.985253871 24.4523508274 25.2279006231 23.6640777519 23.9286991013 23.7242092551 24.4053060324
23.7592004357 24.1813208266 25.0268780688 24.4476936255 24.6620173789 23.9928319016 25.3106623743 24.0551986584 24.877396011 23.9693864644 24.4335309388 23.6525022502 23.8358948462 23.77329846 23.5992914116 24.1372160197 24.4942860608 24.0924013228 25.6189757003 25.3460500181 24.8942733345 23.885477633 24.3744349019 24.234120255 25.417795749 25.5056024042 23.9152355529 24.9689104046 24.8878076509 23.7735466701 23.5353265918 25.5181365625 24.2262277585 24.9482689698 23.7257475558 24.2245636371 24.402670371 23.7073667095 24.1100612264 24.3491400139 23.8961131223 25.1727241191 24.739843234 25.072057463 24.811439976 23.5630103659 24.2123400317 25.4428897746 23.9488648075 24.5821088534 24.2895677783 24.1348643065 23.7226043179 24.2052703959 25.4421827878 31.7083077875 30.8642509561
23.8904001143 23.6924373283 23.6229900782 24.1670763128 23.6735121808 25.1899959571 25.4090410095 24.4932909502 25.5425677508 25.5356812051 24.0865487693 24.6147603007 25.6092403131 23.8594134036 25.3749882172 23.522879952 24.8993101905 24.9658508238 24.6120040546 24.0089184908 24.6812558372 24.5569373995 23.5535740015 23.6491554694 23.7840030086 24.9395840959 24.2768846121 25.5648078105 25.5253549282 25.3504052882 24.998066505 23.7294380863 24.4718396542 24.5194722235 24.9103847969 24.3723481881 24.1040643643 24.0050190262 24.9420173203 24.2005652279 24.086720428 25.0629513191 23.6741946637 25.0025621161 23.6567731089 23.5453422056 24.6476526291 23.6132870254 25.2042451626 24.5225137601 24.73281055 24.602167762 25.5210056877 24.2483256162 25.2402716446 42.711429257 36.3614518741
25.4215234181 25.0371545284 25.564678553 24.0488720943 24.2857656836 25.1178052349 24.8193637042 24.5661378435 24.2620022728 24.3621474472 25.3850004574 24.751630844 23.8301867504 24.7452947111 23.9349126831 25.1159615223 24.19012825 23.9530532603 23.8917129591 24.7888360205 25.5884549039 25.1487953834 25.5977836586 25.3425257907 24.4822096508 24.2924388524 24.2320974997 25.121542275 24.165563193 25.2657661771 24.4475932541 24.2050556078 24.3343815483 24.6167401852 24.6321179611 25.4739220611 24.6826159095 23.8941480994 23.7635146096 24.0921824814 24.0297675302 24.3746775308 23.6301190182 24.7675556811 24.1545177478 23.786749719 24.8784611214 24.5012128558 25.0053171753 24.2283942963 24.2799124213 24.0445092094 24.2109541132 25.5270093645 24.2142489828 36.9012563211 37.9106355255
25.2057403572 25.3486398285 24.1821806036 23.7087757663 24.4387753133 23.5905632163 24.7047058672 24.292096542 25.5692020673 23.50979816 24.6657533998 25.4218218143 24.4896971916 23.6757247075 25.1067795596 24.5560300227 25.3097630086 23.5631813533 24.5508379916 24.6841662976 25.437375636 25.1593173007 25.1624125386 24.7523541059 25.0477387613 24.1395452122 25.4854208955 23.6590093305 25.5149851026 25.4196593959 24.7298570578 25.4941437347 23.9918571466 23.9949512989 23.6429971154 24.4496978168 25.0169423868 24.590689554 24.2669667232 24.1590135243 25.1061310723 24.4286527621 24.1182303562 23.5114020033 23.947254169 24.4083741049 23.6059705949 24.4180132671 25.4386037715 25.3934805414 24.493326762 25.4248523304 25.1238968461 24.5317680116 24.4561290384 24.6404642707 25.5357192904
