Spatial_Output/DEC/DEC_0387.asc
NCOLS 155
NROWS 192
XLLCORNER 196307.867259
YLLCORNER 449144.565805
CELLSIZE 33.573938
NODATA_VALUE NaN
[rows 104 to 129 of 192, columns 57 to 113 of 155]
32.6356481465 32.6625731363 32.7473242952 34.3564549682 34.5150140831 32.3109706474 33.6302648533 32.2297757906 31.7785000575 33.1058404463 34.8076220908 32.5905458222 31.9655360059 33.8352692918 33.411073012 31.6779272129 33.4744016996 33.0244450881 35.017871818 33.479582457 32.4239265397 32.7796101767 34.8938576678 33.7642937636 34.2041130374 33.3688888064 31.5046510388 33.9644602633 33.0465157281 32.9720171982 33.2801164994 33.4792703608 32.4921610271 34.0701534144 32.4900555342 34.7750032915 31.6988376213 33.7665898928 33.3437622553 34.7578997088 31.8965598906 32.0412566546 31.9198003298 31.6887746609 34.7213749048 31.8655902409 32.7421141262 32.9661103621 31.7174350648 32.5250396453 33.9219780124 34.3446489588 32.1517479815 31.7698612443 32.7016548105 34.9985359315 33.2274289263
31.9232203622 34.0977208106 32.9575053977 34.6694967273 33.7872724189 34.9413620149 34.1997319099 34.9671763182 33.4999739947 31.8752833316 34.3252879049 33.5023629153 32.4886932811 31.9563153618 32.3951999497 32.9578496415 34.8625957147 33.5127609782 31.7809754861 32.2827822282 32.927516166 32.031790847 32.4350956699 31.5659499975 31.6894747538 34.7107635529 32.3194658772 32.0057610375 33.725187814 31.7372979734 34.2318930173 33.1004409161 32.078472777 34.2118319358 33.2775655284 33.6901249722 33.3538197622 32.3332050202 33.2535159179 34.1458104991 31.8375239435 32.0568887048 35.0010751585 33.5611492065 33.495892935 34.2073821638 34.811071101 33.3662519715 34.0440334576 34.5482586578 31.9165334205 32.4881328761 33.2790931352 33.0378032687 31.583632674 32.6629522862 34.4809386613
31.5419231641 31.6111131456 33.2009455984 34.4169470982 35.0258371895 34.7112551254 34.2315493306 32.3708621807 34.9436930253 34.1696795785 34.4149210814 32.917179278 32.8330992682 33.920345421 32.3186154385 32.5026291137 33.8255243537 32.3965170239 31.8453397689 33.4954960413 33.0963908252 34.0114212254 34.7802568883 33.4495130889 32.4200876538 34.2530934367 33.2347539773 34.9585353873 31.7642342935 34.5320980175 33.3759701825 32.1114041655 33.634266184 34.9073693703 31.5438759631 35.0112965848 31.762096341 32.7861901824 34.9104207559 33.037697562 32.0179113243 32.7840955977 32.8874012358 32.5793020238 32.3943841386 33.4885737586 33.400771338 33.9179411706 32.5642713849 34.6564577418 34.6053993136 32.9304349069 32.3763082991 31.6725711984 34.8189377922 34.82274404 34.2946320088
34.6484749771 34.2918770866 32.7970675194 34.7713659608 34.8998191715 32.1718506815 34.8388369029 31.722526512 34.8359247242 34.3129371459 33.1434109036 33.2411400579 32.0917346237 33.0540220644 31.5281814825 32.5008889001 32.7382696592 31.9156965403 33.8907092905 33.5278244344 32.8608636135 32.0070907287 34.0376607064 33.0337400512 34.0750955099 32.1669205616 32.3816609143 34.863201015 33.7337255368 31.6154414051 31.7812357998 33.8886946753 31.8757473756 31.6416672955 33.9596702695 33.320103282 31.7505200207 32.8506647873 34.512630828 32.6283924146 32.1525463415 33.5774457329 34.201451946 33.3272457589 34.1753555782 32.9964420904 33.4779366883 34.1138998129 34.9972638778 34.131546427 32.7233739808 33.1847390715 31.6064987239 33.009274928 32.3614941102 34.9555890777 32.7424488811
34.2398277005 31.8911201084 35.0301319486 34.2244083758 33.1337174254 34.2215774145 33.9373926649 33.9374676522 32.548514292 32.6365733507 33.1927345317 32.2769719428 34.8775866847 34.0278139202 34.334575121 33.528766961 34.9440774977 33.5554402829 33.1523041422 34.9632297095 34.8878861855 33.8706942295 34.6809632424 31.7832048855 34.1684272153 34.3714966243 33.7497937551 33.350324154 34.7382088333 35.0311599212 32.2789880537 34.3771876981 32.2806530329 34.6550406464 32.0882874835 32.5843950891 33.745631271 32.0904967257 32.9252467986 32.5492873217 34.6516832071 34.5056880829 34.0698131332 34.0480430229 31.9583859971 34.1695144634 33.3903849597 34.4502026476 31.8021556671 33.4374589436 33.2875144109 32.4300144526 33.3417744981 33.3851456501 32.765453867 34.2782306581 32.5279354939
33.5453468803 34.6821898458 31.7860498126 33.0946852819 31.7490368387 32.0686225299 34.7180945882 31.5038222539 34.9178282239 31.7668502651 31.6561855344 32.1079821358 32.2444950014 32.9603928869 33.8875404757 34.0911677534 33.4620468061 34.0151460752 34.2036865938 32.4930570105 34.6612034042 32.9288325944 33.6901264676 34.3320615613 33.5758423208 33.5952246322 33.0678406874 32.1452510092 33.9383523185 34.5167874563 31.8249374617 33.5081436373 33.3294568816 32.7892446153 32.7319241455 32.7904363691 33.5802312687 32.5084610749 32.9150741177 31.6249476981 32.5177718699 33.1752561733 33.8815676189 34.4826010246 33.4070339962 33.144338021 34.195053395 31.807894746 33.5945781971 33.5830104543 34.4633486042 34.9150610032 33.416721736 33.8977421663 32.8360067527 34.4461102845 34.2835990518
32.0396072394 31.986757406 32.1308284517 33.5042432153 33.9156121571 32.7693882793 33.8739576201 31.7849886507 32.8312915881 34.4742580345 32.7456984262 31.8818188836 33.4534214223 32.1032244903 35.0210482491 34.4843032727 32.5577186691 34.5382185008 34.2237547859 33.4533207768 33.8306310874 33.1225118321 33.8581292958 33.7405260069 31.536559302 33.4419046236 34.2974345045 32.8057174796 34.5146618901 33.1707790052 33.6056355168 34.3946222054 32.2771563684 33.9571979721 33.4883469861 31.7126246024 31.5151846886 32.0478447093 34.8818539656 32.4066742275 34.7834629296 34.5033720277 34.2294608416 33.3585198032 32.8126591568 33.3503383611 32.916582838 34.8425924856 33.0229415246 32.4348324808 32.1890675793 34.5428381299 32.7317342574 34.250503309 33.878837022 32.7470051743 32.4329242189
33.4453587674 32.0868993889 33.0944431551 33.0240486254 35.0262697278 33.5203775496 32.8871010874 34.2614352622 32.722289062 33.712241821 33.2746011847 31.5472334735 34.0730094267 31.6797273011 33.4204904505 33.3254674942 32.5831198184 33.1329741774 34.4069231244 33.6695935947 33.5816840271 32.4367442388 33.8545525709 34.4197233384 34.3467171745 31.5267268333 33.0269837326 33.3377107768 34.6333031729 32.2284701862 33.1405976705 34.3308210622 32.8358940028 31.7801209089 31.8379612833 33.5852753357 33.3177768603 34.6878615186 31.6354359238 31.6945165914 31.8288193283 33.9622014542 33.0472711569 31.8320778195 33.2254962592 31.5781608463 33.9082472388 31.9278191672 32.6909733055 33.9153318464 31.5606930602 34.5071791511 34.2690985968 31.5070558236 34.2666868771 32.2138354552 34.4356734265
31.7091137553 33.9474220851 35.0218519254 32.92373964 31.7870926171 34.7513413444 34.9331031545 34.5492323873 33.0406911663 32.7393868902 31.5889779234 33.5690461346 31.8449894836 32.9167928544 31.8287025592 34.2069337885 34.2348917869 33.9936256191 34.2091170974 33.8124484798 32.0245568597 31.9087976196 33.4804911375 32.1595907098 32.9622168416 31.755111091 32.266716246 34.3492590098 32.8054213621 31.8116038134 34.7489173117 34.7330616883 31.5204614302 32.1265271931 32.2748978435 31.8816116655 34.1420350751 32.5603738133 34.2891958596 34.7020461434 34.9637185704 32.9189527251 34.3229543345 31.5347999962 34.8769598042 32.0812384073 34.0120024871 33.3583315005 34.0233611953 32.9660584714 33.1123408787 31.7492235337 34.3036916514 32.3603031369 34.4388244148 34.6691136299 34.0359709823
31.6923113216 33.4132789134 32.7501961952 32.0555591319 32.0743935813 34.2443536986 32.2542806466 31.5044164851 34.1360466443 32.4099256109 32.9440467103 33.9232246714 33.939458482 33.2382160127 33.4410779147 32.1506136924 34.8710137923 34.6114790259 32.5713353467 34.8206120409 34.1407849813 34.2343741995 34.327945472 32.3966216924 34.4931883037 33.7358290658 34.7259217767 31.9057498402 32.3017557517 34.8442387099 34.6605137776 32.0694233485 32.2130838001 34.2173571349 33.9404369817 34.8788103168 32.1027517823 34.1051871332 31.9717897725 31.757951543 32.82428941 31.7050914561 33.2547560058 33.5509782578 31.9975366979 34.5628206163 32.1471884943 32.9186385109 34.1334347345 33.5330934918 32.7027147633 34.9877245177 33.2910930159 32.2975561412 31.676736246 31.8594184703 34.2428298881
33.5558298972 32.47477573 33.5353172867 34.1772970585 32.9956193141 32.020778081 35.0049292463 34.5845870998 32.7742147221 33.2471830935 34.8069339021 34.609924586 32.9987246552 32.8272879313 31.7447018146 31.9394017069 33.6521740123 32.8170114486 34.4852387992 31.9226336514 33.8524463641 32.6461847199 33.7604880055 32.0313201034 33.0765084296 32.9834995814 31.8946106722 33.6781281725 33.3233349849 32.7794406611 32.1975877879 33.3280662111 33.9577646192 31.6922544697 33.3078596439 34.4521225092 34.7706413814 34.5288243706 31.6633619763 32.4731596907 34.3232421641 31.9044476778 33.3788815738 31.9737844152 31.8913740898 34.1547011998 33.6695906191 32.4411104614 32.4523173453 33.0270958936 32.3441676814 31.8768243218 34.030233986 32.1894718075 33.2554242704 34.3607200665 31.635205554
33.0356846639 31.7606023925 31.7501195828 34.5761462119 31.5524964917 32.3241727013 32.7629070221 32.3726904581 32.9811501861 34.5007770588 31.5978302213 34.8585273949 32.3177920386 34.2580268538 33.7217094483 33.7039745958 34.2104440087 33.7857550534 34.2192855087 34.8728785808 33.1300837742 32.6044339117 31.805220176 32.4967816609 33.0286710728 34.6760581458 34.4174012128 32.4549683401 31.932408438 32.7123673377 34.8471890009 31.9105075975 34.6931129237 32.418745492 33.3766729158 31.6496940016 34.1005872989 33.1084239203 33.0406792034 35.020013503 31.8207998799 32.65568727 34.7333451071 34.5190997891 31.8013845759 33.191858128 32.7128376142 32.8987217814 34.34034448 31.9390238452 31.5144305993 34.8269583855 33.6820618128 33.1066466425 31.5923156618 33.3512305262 32.5238115699
33.1501149855 32.4533331605 31.9255328653 33.3113211726 34.8017319236 33.3995122904 34.740851732 32.3170463424 32.156945113 31.7877502103 32.4720457307 32.5250658879 34.9468802581 33.02963956 32.3293291215 32.0672598647 32.9626488106 33.0520292955 33.788112745 31.6837477087 32.2334914529 32.272611669 32.722354104 33.550059065 32.3636363055 33.6241795349 32.5504703071 32.7501629357 34.2117588898 34.6900595926 32.2088277468 31.9849722172 34.0299291698 31.5369833091 33.4444348112 33.3834699213 34.6831736479 33.834129343 31.8519652492 34.5184431309 33.1840471715 32.86951989 32.7276749387 33.3668240227 33.884370747 35.0247811333 34.7029006768 32.5478725926 32.8833519293 34.4146532824 33.3608405791 34.6199309508 32.3238226038 34.764349091 34.5932192595 34.5031988093 34.6633662517
34.8088254405 32.8733616979 33.781668017 34.0375033893 33.705599276 34.2784956046 32.7581538362 33.9162444194 31.9472178973 33.8024040146 32.240604844 33.7004516111 31.8772517522 34.0660811722 31.5968940585 33.2921702447 33.6134359727 34.5316332171 33.9992646428 32.412497608 31.5961891005 33.8547390133 32.5543419383 34.9628983909 34.5903235761 32.5575224763 32.345655021 33.7313690338 32.9629432818 31.8218462787 32.6519005628 31.719240459 34.3688531753 34.9588299702 33.2260095087 33.6849002349 34.8955048733 33.80706609 32.4762226978 34.34867175 34.7059167509 31.7880902172 33.8445861419 34.6560927529 32.8854380978 34.2796696913 34.2943708801 31.9860435753 31.8546954476 34.8312948399 34.2900076445 34.6378583767 34.6795052717 33.8800577102 32.0821890038 33.3035613082 33.6402396434
34.18137082 35.0175922602 33.3927869016 31.7900318352 33.8488624045 33.2409068426 32.6362782043 32.4591677972 33.5993455832 33.2312073994 31.8351669011 34.5756318338 33.6856940395 31.8906766153 34.3837211498 33.5582543079 34.0648989301 32.9272522598 31.7153130245 34.9949789504 31.7963551876 33.6171223379 34.1022455234 32.7448679118 31.7526163673 31.612003099 31.8633958339 34.1194202559 33.0759877834 32.8815683277 34.9809023429 32.156673764 33.3409166107 32.1543571139 34.7362879613 34.6173818964 33.7960907931 33.712622182 33.1502882575 34.862521491 32.1844921448 32.9155665292 34.9348649424 32.7325776002 31.9869434758 34.1835960582 34.5897426801 33.2691134507 33.4773869259 33.1767157431 34.9326688207 33.4086981917 33.770402146 34.2006254257 31.9347830371 33.5719748392 33.3199689121
34.5199551833 34.028550689 32.579797983 34.4063709501 34.0525690665 34.6665380931 32.7847353013 34.8924898347 32.8699384732 34.3123932631 34.4245755102 33.4558201642 34.4969811504 34.0069208307 33.2624127553 33.5805942705 34.5461282631 35.0018256967 34.480847594 35.0052226207 33.8937603068 34.9760513992 34.7596409883 32.160875984 31.5041699811 31.7120221588 34.1714463199 33.9334416827 32.0683589235 33.4400471701 32.1824920629 33.9893910484 33.0598074302 31.9743235131 34.7309766411 33.2417255669 31.914661124 34.4442194449 32.2127640727 34.4193024717 33.8657036795 33.5558325545 31.9630026123 32.9241760611 34.9748139687 33.3013199507 33.8267507097 33.0493576726 33.9093426208 34.8720073128 32.7412793687 34.2926946209 31.6471776393 35.0350560247 34.7361705018 32.5231853433 32.2813793569
33.5999705087 31.9738793876 35.0194688991 32.7097640828 32.2904329508 31.6840506902 34.185289045 32.2033145884 34.8526610518 32.4826026553 32.0935190719 33.1943199875 34.0788759241 33.0469963873 32.4377332889 33.7696139026 33.8041088567 34.0971496563 33.7727078817 32.5437911081 32.1350458452 32.8917709067 33.7833895621 32.7677326909 31.8283236364 32.0519422569 34.8357299673 35.0155971902 34.2449132926 31.6844323013 33.889365072 34.276090974 32.4353165301 31.9262110564 32.6568615749 33.5635434983 31.6533993465 34.4578709249 34.4794613973 34.4404098321 32.8131774279 32.0918187065 33.2739700608 33.2072091346 34.2222767072 34.1499616565 34.1425545134 32.3759097908 35.0012791948 31.6285061903 31.5338405496 32.3500078073 33.5696360997 34.2451030219 33.5854940849 32.1389671794 33.4295310531
34.0404260695 32.4438104163 34.6585439418 34.0111405796 34.417488528 34.8659778803 32.1414091993 31.9079360357 33.5143849161 34.875845255 32.1515563069 32.5538122006 33.3769728928 34.8770704432 32.9251185634 32.976368394 32.4669842514 34.5329655362 32.4015608667 33.5202093645 32.4652091381 31.9445804385 32.9502137774 34.5169715003 32.1297824441 32.9039555731 34.2094233243 33.3429268192 32.4184381387 32.1245332543 33.5174155434 33.110058338 32.5213433235 33.1940035279 34.7785170717 34.8296986787 34.9759880967 33.0063967352 32.9730913465 32.7437738969 33.9609169784 34.413943416 33.540659859 33.0115042483 33.1229637871 33.5558899982 31.559673372 33.6273564924 33.5421901926 32.593412738 34.2103024632 34.9369975036 33.9053955438 31.8520528832 33.6569393566 32.9003122112 34.6444689033
31.7214104981 34.0494035736 31.6712946935 33.0471335979 33.2016777942 34.7179887404 33.1270292432 34.68474596 33.6863211151 32.1358217105 34.7126527686 31.5466768233 34.0703765155 32.879922921 34.5243568391 33.1097572279 33.3136146571 32.89209865 33.6733151416 32.3248445479 32.816980651 34.5516069182 31.6314736774 32.6993392341 32.0221611625 32.7445248685 31.9225770391 33.8713687416 34.8097786679 33.7808896723 32.8377104928 32.8052178765 34.8473641124 32.3455100381 31.6989411517 31.6265479782 34.2932666092 34.7862367464 33.9013380607 33.6749497491 32.4304439749 34.9791294563 32.9356818232 34.2885313505 34.261319268 33.6824886434 33.4585070937 32.0579661942 31.844248123 34.3194127919 34.3899304513 32.6891217775 31.8443601043 33.2221885206 33.8570940214 33.0266387359 33.6215961202
32.7158110723 33.0239264551 32.8243525494 34.888963418 31.570855208 31.5548966909 34.8421290848 32.5486698044 32.6717977869 34.0384905308 32.5617560654 33.8789081848 33.4602548059 34.8016999172 35.003653313 34.9490202654 31.9353195028 34.8593046623 33.236118804 32.8475854075 32.8709504394 33.2259900729 33.7602750465 33.2134900706 34.3385165766 33.6949231835 32.4506651357 32.7494441106 33.3994012096 35.0144487604 34.7448858652 32.6472598386 32.947537004 33.7593435414 31.5685445816 32.518561346 31.5301234021 31.7754029816 32.7172947841 34.0173390263 33.1160202702 34.5843201828 32.7906163235 34.1549479283 31.6260081952 34.7435878595 32.7215108827 33.5669055308 32.7973946078 34.2786482994 32.8401732173 33.6885402973 33.4242746771 34.1635099171 34.3294275926 32.4015120937 31.8012283753
34.0913525756 34.0360227809 33.2733570753 32.7933828218 32.286235946 33.9809461863 31.6409830406 33.6680548223 32.9535310448 32.4968072828 34.0530796561 33.2157941144 34.9979755793 32.7959985982 34.5983551247 32.3868143524 34.2029392605 34.2769780194 35.0159640866 33.0818408515 34.0483100829 32.9305659768 32.7211085975 34.3912327883 32.7271184693 34.3082502023 33.2466792096 33.7733297614 34.8488549395 34.7346674405 31.5003722294 32.2323591707 34.3874642272 31.5407549075 32.031054757 34.897666734 33.5588739723 33.8078819845 32.2278173508 32.2695861499 33.3707795822 34.8588359053 31.8155469625 33.2724025446 33.9420375337 31.8629328574 33.6145921166 34.6305143302 33.8648809004 32.5615231727 33.5124004489 34.5027507656 31.7211323983 32.3386871114 34.4673417026 33.5708959886 33.2616327616
33.41313785 31.791151236 33.2390532587 32.1451428454 33.491775224 34.1230512671 33.3219104273 34.5393987128 32.1169583784 33.6653435838 33.7962573029 32.2346970893 34.374683833 34.678139975 31.7504796181 32.649536642 32.5858540361 33.7996449367 33.0606736765 34.7110790591 31.5891325143 33.3216059986 33.9268998625 34.8799322444 32.1230761678 33.6846491636 33.3870279244 32.3384711513 34.8665685115 32.2159342468 33.7210809551 34.6973371409 35.0286101348 33.153269497 35.0186537067 32.6757680146 32.8785551405 33.0185685167 31.5075140565 32.8729002081 34.5303110145 33.3468126589 35.0321899388 33.4237015265 32.7801286205 32.1256236036 31.7034499513 32.7109149565 33.7782140884 33.1311772414 32.260216389 33.5971114787 32.9586406542 32.7386831272 34.0544097669 33.2099051523 32.0211644786
32.0034718677 34.2957121039 33.8354593157 33.2950593495 32.9282568772 34.1058598516 32.9953326757 31.890935731 32.4896259421 34.285894526 32.5242698512 34.7090345035 34.2407151675 32.2338165359 34.2025533771 33.7292701499 33.9186481906 33.2076814736 32.3505562488 34.7466285894 33.848930734 33.9220812485 34.9262917255 32.0800456425 33.1245115993 32.0518427046 33.1422447648 34.9186836532 31.9695325921 32.5608135023 31.5323867511 33.0928391618 34.7343736105 33.6864436835 34.0339263097 32.2560524272 33.3881895916 32.4415772682 34.8685102535 33.00695083 33.4836741733 31.9245533732 33.1369639612 34.3034528255 32.0460348709 33.9087788147 33.4270421847 31.5124215143 32.392646319 32.0601221108 34.5940764313 34.4285067672 32.4163094069 34.2235915302 32.7062030176 34.4151922271 34.5796121872
32.8088008421 31.5173757586 33.0951852601 31.8342675651 33.5676594611 33.5043963325 34.8241851228 32.9125321338 32.5400842051 33.5552071126 34.4886794152 32.0090307827 32.0106083125 33.5221709332 33.6048814155 32.7080633734 33.4688376195 34.5400825323 34.7223604601 33.5852739331 32.0363805499 32.3084964339 31.9338434177 32.1489857127 31.8967330887 34.4131118248 32.4472414625 32.8176207668 33.3240714512 32.3925375844 32.5019724299 34.5773364533 33.3773262678 34.8030331826 34.9121049254 34.3710509406 33.4747873678 31.933308681 34.5136644901 31.5348518299 33.3211049392 33.0490213581 32.7709552483 31.6761048909 32.9328630861 32.4335016385 33.050996586 31.8013446989 34.4705601778 31.7493803414 31.9799513909 34.1032761934 33.9074112319 33.5426404826 33.8065716348 33.0311807727 33.5488872192
32.7524864942 32.4604531732 34.6675776723 34.8312076097 33.3796053485 34.214981831 31.8594893735 32.5846935988 34.0217668322 32.2645178884 34.2552659366 34.2991055897 32.3965093724 34.6955122144 34.0751525932 32.8494731684 32.5989990339 34.537967415 32.0452759619 34.5875857421 32.223646004 32.9350250644 34.7957591615 33.9956824906 33.1813775637 34.4536682978 34.5801653854 31.5646731842 31.7903899365 34.3446177825 32.2643718284 31.8698212777 31.9652338009 34.036214307 34.1085468535 33.1794297918 33.3978980756 33.8174500353 33.3965164791 32.8478039203 34.3226119501 31.5744821077 32.2849545438 33.6755077487 32.7450629667 31.8802427289 35.0030941158 31.6878680166 34.6202592415 34.8859024542 33.5887248163 34.6373252891 32.6675167557 33.1458599054 34.4662964715 33.0641895344 34.2873747683
32.0197771843 32.6718269637 34.9792179698 34.9063753558 34.5321625283 33.9436977912 32.2500310978 34.4017002152 32.6041060013 31.913263164 34.2759578992 34.3623421407 31.763559451 33.6860713748 31.5435203284 33.4791280314 34.5817498614 34.6622853118 32.661287038 32.5354585804 32.6710700577 32.6062254869 33.1080864422 32.422595121 32.4974918383 33.2063356289 33.1813037945 31.6527814287 31.6180346224 33.9970848298 32.0481782198 34.1503348442 34.1430445055 34.9803443307 31.5971576915 32.2738523879 33.7661550855 32.962059506 32.7701157017 33.013749744 33.7473417036 34.3121287147 34.3230937392 34.1815663401 33.5198139682 31.5256188094 33.883252256 31.6847477931 34.4923388133 34.9800013796 31.7172483086 34.6043314416 33.2041613313 34.7831996976 32.3295150881 32.5272219854 33.3770304934
