Spatial_Output/DEC/DEC_0354.asc
NCOLS 155
NROWS 192
XLLCORNER 196307.867259
YLLCORNER 449144.565805
CELLSIZE 33.573938
NODATA_VALUE NaN
[rows 26 to 51 of 192, columns 57 to 113 of 155]
37.3724747024 36.947760501 36.2234600882 36.118627696 36.7206609108 37.1529704197 36.7512469316 36.3749968528 36.4052658269 37.3523311598 36.6803523709 37.0598487401 36.1373373707 36.9708564761 36.1316048201 37.2397225823 37.1108956216 37.0167133869 36.2363067104 36.8233108201 37.0621223308 37.1675324887 36.3325121778 36.8445031153 36.2386597667 36.9830683182 0 0 0 0 0 36.1594293427 36.7697359869 36.4108694005 36.0718546517 36.2139660439 0 0 0 0 36.1181539797 36.4114544731 36.3258078248 37.0166882049 37.0303924341 37.17668657 36.2259604933 36.9319408271 36.3543919803 36.5479916336 36.7564483077 36.4932410306 37.2073570912 36.8090201583 37.2700725711 37.0603705083 36.4326988102
36.5753013406 36.002826252 37.1267997197 37.0224379766 36.0157531144 36.5444617807 36.2146848661 36.6533959337 37.3068692458 36.9253077012 36.3708939219 36.0829950698 36.2860316801 37.0396535635 36.6127567506 36.4244703384 37.3057581606 36.1743384192 37.4053050782 36.0115985649 36.1176549336 36.3280389685 36.7204841528 36.01781742 36.4549232683 36.0522577598 37.1797338642 36.0254794501 37.0967369916 36.5678007624 37.3182109402 36.6367913587 37.4030438928 36.6176306711 37.3955239377 36.1027408725 36.4782674134 36.9783901865 0 36.825196325 37.3256203669 36.9831992972 36.4794040928 36.9915512118 37.2053806292 37.1595734139 37.3957451052 37.2234855842 36.1633910665 36.6287121043 36.2883561189 37.0167017898 36.19733326 37.3012623338 36.721604116 36.5674716452 36.2045803858
36.718331889 37.2011543109 36.8121944159 37.2188725025 37.3971818236 37.1433067405 36.608400765 36.7527684243 36.4809501792 36.6933904313 36.5053770817 37.3169617916 36.3181265178 37.2378726442 36.4011287175 36.8163481085 37.0607959287 36.9841556115 36.6194284138 36.9776419384 37.1858308545 36.9051290277 36.9975115712 36.2032112243 36.3198406164 37.1452672979 37.1463664486 37.1639861572 36.8139055248 36.840349454 37.1362087954 37.3300132045 37.106840035 36.5220708238 36.6444971399 37.3624721897 37.1119868906 37.0239820435 37.2176358237 36.411750637 37.1554967056 36.3234245431 37.0909480799 36.1360060251 36.7496576924 37.0839284525 36.1164975864 36.7752032731 36.3786238953 36.9278110987 37.3444063572 37.3147192278 36.8718376967 37.1067093966 37.2409958928 37.100365022 37.220314767
36.9662840061 36.241430977 37.0487824124 36.8562798042 36.0101316067 36.404553833 36.8264945159 36.0334384041 36.5784471632 37.0289695116 37.2363423013 36.1735864156 36.5681739576 36.6340283558 36.0226620757 36.3716142605 37.3398567747 36.4652672128 37.3481472698 36.5088410432 36.5390152309 37.168143294 36.3482715936 36.8068727563 37.0980206747 37.0087169359 36.5671477201 36.8779410159 36.3291443024 36.1531788171 36.2203481615 36.2853439505 37.1957157853 36.2248089463 37.3610095889 37.2906961675 36.0215077592 36.8722805594 36.7135604711 36.621132244 37.1305012479 36.4784796062 36.597767519 37.2120180455 36.1064665535 36.2989581564 37.2026196081 36.6152322147 37.3875782485 37.3998930375 37.147017088 37.0824886702 36.2162766123 36.4323033582 37.3917137731 36.0974967602 36.6471029171
36.151164866 36.811151004 37.3891490764 37.2000265082 37.0041577302 37.159795296 37.2549265023 37.0843993708 36.5521825522 36.0597218732 37.0619366351 37.0629697764 37.2363919204 36.1183643339 37.3201762497 36.5898120332 36.6719651992 36.221244872 36.5677215773 36.5288166066 36.6363021031 37.2961771856 37.2196630441 36.6430534651 37.0727624253 36.2628902931 37.1298167776 36.0009794851 36.3030586809 37.2097023471 37.1063558226 36.4555196411 36.4871044665 37.2486830465 37.3088335357 37.2756344584 36.1091429508 36.0486431803 36.8288481161 36.8815975817 37.2371362852 36.8955216855 37.3600926961 36.7867017438 36.9188698549 36.0120913624 36.5654213479 36.2900602286 36.2253598129 36.3108165612 37.1301879994 36.4961125513 36.479624747 36.0947775892 36.9881917045 36.8868604599 37.375190792
36.6300687845 37.007451641 36.3656140993 36.3508659594 37.2033565759 37.228985413 36.5759856858 36.0548245424 37.2778426753 36.7372486948 36.994690972 36.9008384863 37.2355139218 36.7544391027 36.2111601272 36.2433425032 36.3825536509 36.5127587673 36.3768499464 36.6361688591 36.9164177086 36.9635979533 36.7936780761 36.5552624152 36.281176801 36.8934824843 36.0751581224 36.0991694366 37.1133934986 36.3057023818 37.2306765145 36.8947938832 36.0997805347 36.6539811123 36.4990599782 37.3792679728 37.16913696 37.0389372391 36.2559394205 36.5245443271 36.3772954806 36.3254307736 36.7658777421 37.1068717803 36.3589369832 36.9141925874 36.9139162162 36.0273780572 36.8311273829 36.1152192926 36.7516101769 36.1220043101 36.1907647373 36.9087901517 37.4046312153 36.6202437914 36.3990801155
36.936087413 36.8180914973 37.0518635675 36.9732811351 36.1032528701 36.5087866032 36.4315915034 37.3262497082 36.2262178837 36.8904726907 36.5230885386 36.6425998351 36.8004144332 37.3144798707 36.2977149119 37.1201913229 36.6155551541 37.2462429652 36.1617547602 36.2824067523 36.2767990484 37.3454530025 36.320984575 36.5731076933 36.6687318752 37.2969603135 36.4524899084 37.1331844908 36.826196468 36.5303022717 36.2276790321 37.2192895957 36.489705354 36.7372422312 36.5086516877 36.0223619315 37.0771571252 36.6134744315 36.7840837642 37.2819710079 36.3103078376 36.9950481916 37.2697327476 36.6355251457 36.442006613 37.1968495215 37.1482002419 36.5538772688 37.0723469461 36.9646653953 36.7600640837 36.4990492154 36.3306230105 36.4360852819 36.121234235 36.7502616521 37.3003262711
36.5339924551 37.1551592706 36.2611813594 37.3184162511 36.625852975 37.2958871816 37.3193571114 36.9592421405 36.3784718944 36.5917260401 36.980272423 37.406938043 36.2616999082 36.7730666407 37.3656395062 36.2565832844 36.4326046944 36.0715479196 36.5034311904 37.3851445705 37.4011668383 37.0285544264 37.1924080802 37.3171163542 36.2159255183 36.0668599306 37.1583465829 36.743051403 37.2095002686 37.0922619883 37.3535344823 36.59284852 36.3602326151 36.6061347286 36.6521474253 36.0051386349 36.9115965836 37.0771805226 36.5960692681 36.951961284 36.5027803299 37.046573549 36.1863166016 36.5672926013 36.9124206173 36.4190387508 36.7161690888 36.7124122637 37.4120076426 36.760123726 37.2434175908 36.7383576654 36.2671397746 37.2000190983 36.7256221286 36.0403998775 36.7191218916
36.7796138128 36.3174388021 36.4984235305 36.6863693926 37.1915374149 37.0080505688 36.1399456047 36.8023910822 36.8275740599 36.3160547478 36.5899849079 36.2200706697 36.7638598503 37.093168586 36.2204558443 36.2434602812 36.6968931878 36.8065991076 36.5886253411 36.7889200811 37.2709093341 37.3150221601 36.2208988895 37.027068624 37.2412049553 37.1166828048 36.6167496854 37.2155264523 37.3473587898 37.124346504 36.9834141365 36.7359439291 36.0861951095 36.8271193479 37.1193494269 36.0652822288 36.7668880856 36.088262543 36.6920971664 37.0089817807 36.8760464683 37.3549112008 37.3444133887 37.1390254445 36.4047637532 36.5431952604 36.9592703179 36.9211534923 37.3760281075 37.0036574274 36.5901859834 37.3395357755 36.9605463223 36.1591427097 36.5423316922 36.4278331518 36.5376765445
36.0429240349 37.2225364823 37.0318504454 36.8603656407 37.0670020263 36.0390504231 36.0090253119 37.346614737 37.1057729552 36.738190666 36.5454370741 37.3089833455 37.0817375599 36.2371114677 36.17871022 36.7125890081 36.9109968027 37.3854005911 36.9527213169 36.1776724038 37.1875103653 36.7402863432 36.9544058206 36.8179921713 36.5648188754 37.0472884293 37.2287168093 36.9580021721 36.0218822237 36.0103560007 37.2534532752 36.9373555447 36.0284682895 37.1655829506 36.6387031411 37.2252795593 36.9224164001 37.2561186468 36.67418037 36.3188786139 36.2895343076 37.2161952623 36.9971024653 36.7021130985 36.4200689177 36.8828587451 37.2722582332 36.8112959716 36.8658459098 36.22422632 36.7964679685 36.9106150182 37.3224146897 37.0167273382 36.0698062331 36.4106113693 36.052523203
36.4180302364 36.5943765194 36.3486405497 36.6870258075 36.5595169956 36.4378498361 36.1551993377 36.6521779098 36.2087375701 36.9270758938 37.1889739086 36.2599378334 37.1601675833 36.8362636759 36.1221545281 37.1304239332 37.267988235 36.0607650068 36.369522933 36.6336384818 36.5507506225 36.4942059822 37.0687649508 36.0732269274 36.549563257 36.0447652434 36.9141679348 36.7479628332 36.0712128642 36.8325993215 37.0094165774 36.3517606228 36.4353971095 37.0671323881 37.0858702634 36.9289092648 36.9393582474 36.2571538393 36.0148173437 37.3305361185 36.2895939824 37.3390942999 36.2740044555 36.6468168417 36.2270401001 36.9939519414 36.2486963781 37.1825361696 36.7749426737 37.1288546123 36.7644412312 36.864453323 36.0721662069 36.1270720962 36.789058578 36.1488874 36.7020267725
36.1386846652 36.4422655991 36.5956521955 36.1657533351 36.7089967173 36.7540119857 36.8348010783 37.2656133096 37.4064740823 37.1523628387 36.6828068331 36.7004192065 37.4101354202 36.6413805763 36.6931559737 36.5268853633 37.0244769325 36.2419342688 37.2901875791 36.5700586506 36.9057435565 36.1741679863 36.9075139864 36.5844907503 36.9809361775 36.5198783574 36.0729848532 36.5907830594 36.5045368147 36.2936060014 37.0685753873 37.0203418079 36.5461832868 36.6968361562 36.6590832957 36.6182481901 36.0082394925 36.0150185713 36.2008351715 37.1802806787 37.1908528502 37.0673398725 36.4969363782 36.5037822927 36.317345599 36.698411639 36.654213113 36.1981557035 36.5207867361 36.3390796562 36.7771191605 36.6225365111 36.6748389252 37.3166956668 36.3981220173 36.3300101902 36.2620002853
36.8363427282 36.1546669733 36.0224383182 36.1337905111 36.3513684177 36.0630799098 36.4792298102 36.0704231338 37.1046412647 36.0422137651 36.0970067274 36.7106752622 36.4317505714 36.2443529495 36.833712843 36.3585953751 36.8767511614 36.6224955867 36.1525174592 36.5975189083 36.4998503569 36.5629711698 36.0768611041 37.0062441761 37.0469498825 36.2987786788 37.3361722413 37.3357598604 36.474960152 36.4104685686 37.215481669 37.3209880799 36.3597444238 36.422204128 36.1950833149 37.1698067378 36.0373498812 37.0826857149 37.3278584458 37.0684110695 37.0002446842 36.7270008962 37.1825688445 37.2262963081 37.1052230306 36.3260358796 36.2254829462 37.1635366951 36.5337620238 36.5466952584 37.045612897 36.136205287 37.1106009081 37.3740794203 36.74882212 36.6047485111 36.5859842928
36.0928604112 36.6887603747 36.1569849128 36.7247417973 36.7526239031 36.8807861241 37.0787181813 36.5869075288 36.3901599986 36.204612434 37.3251542419 36.0145474028 36.0115409598 36.1632593484 36.0297879237 36.8447618277 36.6791579829 36.105229573 36.9422576346 36.3717945527 36.209804513 36.3284751916 36.2932982931 36.7958980382 36.8473594851 36.2748324604 36.2237728081 37.2646093789 37.0168857844 36.447352757 36.0114436215 37.0639205177 37.0794160759 36.9330456323 37.0551823012 36.5735182422 37.0201020517 36.0190541693 37.3723375728 36.6571297514 36.1563468607 36.8499358519 36.5576420839 36.9221274302 36.7251405026 36.9680953312 37.4000136928 37.3877155691 37.1126230657 37.0274517271 37.2111207662 37.3102063275 36.7869345872 36.9822761821 36.0388288806 36.4370013425 36.2151418952
36.3004670662 36.5515860892 36.4743581783 36.3986647446 37.0182580291 37.2375774546 36.4797415305 36.9431079154 37.0200358437 36.2256272497 36.0136010617 36.1171197737 36.5205410949 36.4460818433 36.7347711521 37.0022132122 37.1623195538 36.2410578961 36.0493687801 37.4081967973 36.7347130379 37.0579638535 36.3724315292 36.5560462771 36.1934958654 36.5849086336 36.138784853 37.1378102056 37.3378162951 36.7070513934 36.2541486642 36.7361067127 36.514300892 37.2095271193 36.7421174089 36.2800092753 37.3386323415 36.8923438546 36.8221948127 37.3288268281 36.1808938715 36.4835673509 37.0492783117 36.0365806231 37.3216537431 36.3937445661 37.0243531539 36.918967722 37.0260843241 37.4005787866 36.6257216731 36.0192157688 37.1425108198 36.948164923 37.3178413939 36.3437826019 36.2193811359
36.3116955832 37.2411977938 36.9349630452 36.7147700007 36.7617509748 37.4085183946 36.2269131586 36.0654535784 36.9620669376 37.0060343843 36.9193637813 36.1866932738 37.2121338991 36.9140027636 36.9883340621 37.250669897 36.6319655998 36.807907033 36.3702426696 36.6855867409 36.8512095456 36.4204278392 36.1818106916 36.0539504239 36.4309089395 36.7829693802 37.3892031107 36.3273432342 37.0208377044 37.0445678098 37.2386842519 36.0085636463 36.3956819123 37.3150075684 36.9739896628 37.3389092816 36.7363550946 36.4861594996 36.2122411112 36.8016993959 36.9086795653 36.466541432 36.5236014363 37.2976092291 36.0722131251 37.1728735814 36.8422153075 36.2174490564 36.6657181742 37.2412442755 37.2452445841 37.153662671 37.206279962 36.1898165072 36.9885571158 36.9850522879 36.6393392679
36.8869322028 36.8199880893 36.6179063772 36.0575105613 36.5512114758 37.2872929739 37.1427280077 37.1769124783 36.5693573253 36.6785263971 36.7298294976 36.1597235507 37.3921725789 36.9907946577 37.2449036124 36.7236879803 37.4056370423 37.2434113332 36.1311433305 36.366962235 36.0273457474 37.0410121625 36.1847961425 36.8870357694 36.9268066615 36.4134862398 36.5271608254 36.6496261517 36.0672502834 36.990265102 36.539853307 36.0435859393 36.9789056461 36.1940646284 37.2262158048 36.585408655 36.1745858095 36.5646411942 37.4098919964 36.7582602179 37.4027087462 37.2864974953 36.7849059655 36.7613072041 36.9448398315 37.0239749172 37.3983169268 36.907943505 37.2486951717 37.2999023088 36.7860853566 36.4784028916 37.114258176 36.4327287059 36.5610410184 37.0052512099 36.8507181238
37.4019492524 36.5670928991 36.6966223445 36.8380335442 37.2536854085 36.1868315965 36.6862032543 36.6940289153 36.2401790593 36.5949090268 37.4072900611 37.2116390533 36.7414955657 36.7503662724 37.3945536515 36.1345556227 36.8985919724 37.1514844991 36.784867894 37.259819181 36.5831911871 36.7842134223 36.8657988382 37.0760416405 37.2223564204 36.4105184966 36.3115497358 36.6936978561 37.0491433384 36.327658388 36.8826735485 36.7059023449 37.1665974654 36.6617245098 36.9826563978 36.5155465955 36.1221721508 36.6658286923 36.1871825664 37.2911246691 37.313667253 36.2164438538 36.3062614297 36.0071843701 36.0982477984 36.105707741 36.8587680511 36.3016367679 36.6369824725 36.5068392614 37.1305221057 37.1678692948 36.6581060754 36.775038122 36.5916138316 36.2543105528 36.2969947367
36.1403754125 37.0446343177 36.7727549132 37.2052988056 37.3900626655 36.9953862669 36.5772162165 37.3652504333 36.972242567 36.2797477903 36.251156427 36.7218095186 36.5013522631 36.0474377286 37.3863685213 37.1580458247 37.2038081929 37.0284597069 36.9809448407 36.9783033126 37.3099176316 36.4680535936 37.1431685209 36.6217350259 37.0939625182 37.0475226621 36.0952333979 36.6459180982 37.1758267821 36.3199102538 36.4317435695 36.5360316662 36.396200862 36.8408106905 36.0988424131 36.9806864822 37.1280220398 36.3467575906 36.2487956388 37.0200116632 36.8672435002 36.2884922608 36.4912713496 36.0079010837 36.0233128605 36.138055511 37.1389967326 37.1585609319 36.2230055194 36.651952636 36.0088380017 37.4102028621 37.0310336222 36.4888521877 36.9179292031 36.3480606879 37.235624532
36.0459822336 36.795106131 37.2427555258 36.6450798484 36.290435683 36.96239693 36.1323727098 37.2150026389 36.3751834561 37.1962324322 36.0786617469 36.458989943 37.0116961653 36.4268290883 36.3621359957 36.398275533 36.6236626932 36.3710875682 36.2329989263 36.7187456936 36.8450436419 37.3024930914 37.2908866444 36.2167987819 37.3513371038 37.1297999928 36.3970716331 36.3685791392 36.4916702243 37.2991691561 36.1937673721 36.7236411265 37.0342831179 36.0276508346 36.5526675397 36.6135012055 36.6469451266 36.6713389306 36.1354027151 36.4864632328 36.7239488371 36.5993117571 36.1271959011 36.0121866753 37.3592195711 37.1476591812 36.428570285 37.2235281497 36.848054199 36.1636136664 36.9249179764 36.7733929515 36.1566844101 36.8101513985 36.3843589488 36.4168177175 36.9158363642
36.79414756 36.8642826777 36.5233278666 36.5406795969 36.9951881763 36.8706976417 36.4386831666 37.0633328027 36.0756538049 36.1702831326 37.353107701 36.2486436686 37.0148741889 36.6854788749 36.6596837147 36.3971201133 36.4437540958 37.1181659937 36.1532053447 37.2206636343 36.8364118295 37.1533803116 36.9652888756 36.9739346786 36.0940604155 37.3980361222 36.6468188747 36.5994456436 36.3747118753 36.0396258969 37.0359309107 36.7426640104 36.0895537569 37.3091491593 36.8302665823 36.6985139562 36.3051398265 36.6105433184 36.5611202132 37.0568629809 36.6824111004 36.3248003862 37.4111375157 37.0720644645 37.1107795167 36.9993421376 37.2113910832 36.830503079 37.2698256712 36.2380098339 37.4122411714 37.3821792087 36.8096107322 36.8763975068 36.5193842961 37.0010559763 36.9213923509
36.1596311263 36.6620723727 36.8546288881 36.8967986789 36.2259477284 36.6076700741 36.0883506024 37.3211829572 36.0564071869 36.5181089083 36.8722405801 36.5504384126 36.4507348735 36.5354635777 36.5510686916 37.314045588 36.580655643 36.6728828274 37.0244163664 36.3773891079 36.6376073626 36.7915452282 36.6508175237 36.0706828612 37.3907352326 36.2233617124 37.081673388 36.4973368424 36.171424882 36.999728506 37.1416086561 36.7513959712 36.843331871 36.1524841112 36.4554628592 37.3061322953 37.0424278923 36.923246287 36.3059085191 37.0543700605 36.5106626778 37.3044036535 37.0934696452 36.6683073202 36.5732169687 37.2730205184 37.0913928514 36.0194697259 36.9621259321 36.0327386423 36.0766705197 37.0585810185 37.0045011358 36.2808204966 36.782832688 36.2579542387 37.2791034721
37.0771057823 37.3216214485 36.7573199125 36.7330231491 36.287018724 36.9964558494 36.7604400737 36.5622766108 37.3078463391 36.3413428212 36.094105769 37.2511900686 37.0339374266 37.0964018939 36.9203224194 37.2599271305 36.6858867903 36.8732436859 37.21520037 36.6315493381 37.0617157862 36.2117107061 36.2248682824 37.3574577277 36.9509079071 36.3820572943 36.2261644632 36.080087669 37.2527074237 36.2014912551 37.2466542235 36.6319898009 37.3345611629 36.1673125483 36.9973434131 37.0223096159 36.3796237694 36.3261138024 36.439797147 36.9293213498 37.1256728249 36.9164788473 37.3093558911 36.3062907614 36.071586563 36.647490718 37.1998990119 36.286090375 37.2227829534 37.2749722908 36.7069040025 36.1541134394 37.3253072993 36.3708223905 37.1013656286 67.2582259791 80.8906842584
36.1044331418 36.5505070467 36.3559769811 36.945825677 36.4696242463 36.8210640128 36.4516437344 36.1196591619 36.2771432712 36.0771998151 36.4996867493 37.3502983371 36.0608970999 37.1728327726 36.2684185503 37.0905682085 36.459077537 36.216215274 36.1751744075 36.2940917979 36.8499607741 37.1296560237 36.9603827336 36.1296219226 37.0109632719 36.1909273316 36.0130498422 37.2439553541 36.8436130191 36.5655085931 36.4466273931 36.1537527641 36.2972349895 36.352645616 37.1279574717 37.1486800976 36.6668278389 37.0188139111 36.6146747707 36.5106346825 36.553096622 36.1888476067 36.3625975186 36.1247495863 37.1229461847 36.2678657417 36.4232382254 36.1035868127 37.1835291693 36.0265627067 36.3729414631 36.9146366985 36.1928854029 36.4343538198 36.5333675054 78.5071991143 70.22088991
37.0500543273 37.1851626938 36.3270638878 36.432771303 36.5414205831 36.2200029224 37.1252456168 37.1849189767 36.9816488092 37.3211577015 36.2405244029 37.4007165061 36.0213188515 36.5729798126 36.2064464428 37.1351764249 37.0301892056 37.2850844322 37.1062921842 36.2479975018 36.6698462886 36.596811496 36.0784541999 37.3237534704 36.0550474264 36.1011965841 37.1520334978 36.0869396501 36.1267432359 36.6449278115 36.7614422555 37.1318580209 36.9270869969 36.7757329345 37.2064645278 36.0027001579 36.5412041353 37.2349173287 36.6377997792 36.9099901052 36.6624869591 36.0652149504 36.2826652496 36.7982493804 36.8712460994 36.5837570538 36.3708262915 36.3207033476 37.3205486336 36.7993715918 36.2051475467 37.2449135023 37.3269627945 36.3507163089 37.1858374319 65.6366219753 66.6436929905
36.8649773932 36.2044045092 36.2429404861 37.3081939347 37.3616346783 37.1858353795 36.6254964304 36.5974028477 37.1897104157 36.6110850918 36.3233558318 36.5557663644 36.0643568213 37.3936054752 37.1427622458 36.649406068 37.3218610349 37.3105861524 37.2362095793 36.2786839461 37.1166206388 36.1942541795 36.5692439169 37.2643478566 37.2027718341 36.9682699729 36.9505007085 36.6260472046 37.0958162543 36.1270897472 36.9731240033 37.3380491722 37.1448891779 36.3831001433 36.4455788206 36.9190011864 36.1946425294 36.3758167417 36.6661607422 36.3825757477 36.2253980028 36.4379738855 36.3649175486 37.1458043907 37.3838476061 37.268576962 36.862512415 36.0064618907 37.0905600407 36.1360470184 36.1409497136 36.6306364349 36.3389996841 37.3003918563 37.0410206921 36.3645924256 36.8682946087
