Spatial_Output/DEC/DEC_0971.asc
NCOLS 155
NROWS 192
XLLCORNER 196307.867259
YLLCORNER 449144.565805
CELLSIZE 33.573938
NODATA_VALUE NaN
[rows 130 to 155 of 192, columns 57 to 113 of 155]
24.2675805651 23.700741323 24.9450502 25.3224826201 23.7559969534 24.345098408 25.3144557091 24.4191847153 25.4254740773 24.6681461739 25.0851846609 25.5872340939 24.5974276685 24.9429367357 23.5659781625 24.0819952994 24.8552604856 23.6110512083 25.4016218656 25.3733034919 24.24572199 25.5510393042 24.836328591 24.516336819 24.8504425539 23.8897919231 24.8027983977 24.0353867851 23.5058144801 24.5748923872 25.5249037101 25.0173700568 24.9002966953 25.3614434985 25.1360371792 24.9586853472 25.2891241423 24.3698432666 25.4407444824 23.9553228227 25.0755531042 24.4959443689 23.7827631721 25.118723199 24.7266673917 23.7635627142 24.7999441579 23.5482730437 24.0637552969 25.6193657496 24.0770645566 23.807592063 23.7727383647 25.4221589043 24.5753634429 23.5774431 24.183844437
24.5782589367 23.9235181529 25.593862903 24.1713711602 25.3782563302 23.8780228778 25.4359577345 25.5964917567 24.3837849801 25.2089351493 25.4532734803 24.9245283757 24.5569017086 23.5853969383 25.0443339765 24.6640297332 23.8991572588 25.1042782364 24.4589933605 24.9374896309 25.5862173909 24.1890888694 25.4435698409 25.1535453136 23.9331675505 24.4456760557 24.7361782937 23.9958567524 23.9856624699 25.3526697542 24.6958074658 23.6051932624 25.1386291424 25.2784702036 23.92074086 23.5147613927 25.1507669902 24.8451538626 25.4009463141 25.0815245963 24.5886758934 24.0761711988 23.5638971615 25.3350149408 24.1360385314 23.7766026124 25.4820023223 24.5394785972 24.2887563204 24.7650577067 24.6812889584 24.2316869649 25.2515673558 23.6333198894 24.9876864476 23.7006710363 25.1348665193
25.2488273451 25.3311450528 24.594653338 24.1944250301 24.8860935661 24.3110359939 24.3469105126 25.0396204274 24.2376173702 24.1022138396 23.5886602817 23.7197433776 23.7007882409 25.5821037998 24.8634260435 24.9813276923 25.0651809187 24.3381434352 24.8775677213 25.0912863898 23.9952233295 24.9257565105 23.5035186643 24.2064316931 24.7049831637 24.5220237763 24.523905337 24.2813240329 23.8822659244 23.7235620454 23.9921979148 24.7023754783 25.2691307819 25.5097069359 23.5130422484 24.3764778638 25.1259231531 23.8108566638 24.6028762273 23.6730507749 23.5763738614 25.5884395651 25.6176320548 25.0943675724 25.077104355 25.3318412563 24.8042057427 23.8848102219 24.0087073424 24.0007937154 24.8478436752 24.6581735102 24.2839518886 24.617253602 24.2504011644 25.5661835402 24.7976046519
24.6287430118 24.13500462 23.5426250748 24.0407180163 24.3369664204 24.4661772698 24.0725687407 24.1067933235 24.6836384859 23.8864377156 24.9071914884 25.0244043017 24.8553890376 25.3680853001 24.1431276335 23.9044048317 25.0319221286 25.2160903519 24.2089499315 25.2617251254 25.0092390273 23.6521883425 24.2026908581 25.2727588652 24.230576634 24.8876830949 24.4827645788 24.0153333427 24.6324553725 23.6142703835 25.4118018503 23.5698851827 23.8289245685 25.1606426649 24.8295771159 25.5192848779 25.0377232186 25.0955197751 25.4577750193 25.5753194215 25.6094835407 25.018035428 23.7346718609 24.2012813736 25.4155491108 24.2666147144 23.7873428363 23.7416264289 25.2835777552 24.4072505515 23.7284619386 25.019204388 25.0467931787 25.4033728384 24.9827229449 25.1590065146 24.3652200747
24.8167821911 24.8912421308 24.7708334294 23.5496166042 23.9371046434 24.6072784751 24.8446309382 25.1006732872 24.0779280672 23.6087705192 23.9334099061 23.6303984355 23.7100809044 25.0114036681 25.1185384726 24.0086507203 23.9908699741 24.1554765876 24.0885512272 25.6175480216 25.4622598463 25.2580324942 24.6469150936 24.3532797144 23.8160737434 23.8026204101 23.792110299 23.910784367 24.6627579009 25.4849086813 25.4200372982 23.7058249965 25.2045222643 24.1117774628 23.9760801042 25.4590644109 25.2019459585 25.4692866837 24.5260003129 23.641979692 25.469433321 23.9660411925 24.5240428661 24.1661936463 23.7741180487 25.431463381 25.3166096098 24.9872127083 25.0815830984 24.4908616264 24.788699003 24.722602358 23.8338167716 23.8231745427 24.0144206713 25.278831227 24.7407996077
24.4212980984 25.1107704648 24.4580772255 25.5789532519 25.0790402739 23.7536999658 24.8271139398 24.2206975372 23.8322391744 24.1547246916 24.6328531036 23.7526049446 23.9729657739 24.2313748169 24.0930813955 24.2663036698 24.6270135255 24.8683436389 23.7042495884 25.0915284248 25.0681630486 24.0517859009 24.0971821255 23.5488778533 24.4095030327 24.2998895374 24.1736492544 23.5917771027 24.5226277082 24.5488542506 23.738392418 24.9623937389 25.4404746047 25.3838645337 24.5289431374 25.0957614327 25.0319360077 25.3927660345 24.9881235487 23.7471492049 24.409121132 25.5365228873 24.9663913065 24.5847826482 25.5556556158 24.4820366794 24.897252252 24.5985175696 25.3027464036 25.2055545745 24.7645160961 25.104445915 23.6984277461 25.1127981108 24.4669038449 24.071264718 23.9938282768
24.9957220868 24.1028018912 24.1029024655 25.2622216238 25.2550484565 25.3594487327 24.3919601445 24.0111473015 25.0240088771 23.6885047957 24.5527578256 25.4868625809 24.4645915892 24.3768933029 24.7514061432 25.4739503216 25.1758108813 24.7889741346 24.8211533186 24.5516143457 24.840473163 23.6648638998 25.1219827825 23.9775918195 24.4591399626 24.9403843476 24.5071685844 24.0355320077 24.2876951692 24.8871463666 24.5400426715 25.2068743891 24.8396438427 24.7203684514 24.6229697349 25.4842465153 24.1186802319 25.1274028113 25.3315545289 25.1587431122 23.7683041787 24.1933399428 25.120985219 24.7422167194 25.4639008519 23.7520324459 24.1895324546 24.4249056056 23.8525942378 25.5627881201 24.1867117202 25.5707502519 24.4121909207 24.4758983772 24.6702471024 24.5049662075 25.5309131637
24.6393653727 25.2229370477 24.3198147871 25.3205416325 25.1817175714 24.2980454308 25.3924496534 23.5263335006 25.0971152436 25.2670475343 24.2317106914 23.6644588766 23.6552574033 24.7338235939 25.3971180338 23.5492641763 24.8768164475 23.5638578102 25.4631143089 23.5450430477 24.4195944409 25.2431652196 24.7054207842 24.4145147258 23.6878516481 24.7249933927 25.4896011947 24.7806211136 24.709661041 25.3245758736 24.6953757335 23.7583646512 25.0695129064 23.5243192199 23.9144998642 25.017022983 25.0940556766 25.2540999593 23.9670895847 24.6490979959 24.6169287223 24.5912868904 24.4447874443 25.2942049383 24.5087766521 25.2154049434 24.0065948758 23.965163992 25.062063018 25.0013287887 24.82881196 25.5884649579 25.168020139 23.7375708952 24.4754183836 24.4851903385 23.5636303439
23.7464522888 24.0284782493 25.2123814157 25.3934529185 25.0235762954 24.952858924 24.1236670208 23.6175854569 25.2891354872 24.6366197966 24.1116511605 24.6145210681 24.4100429097 24.3299549688 25.4680597226 25.2386583795 23.8883722432 23.840482808 25.5922835831 24.9453105814 24.4231988778 25.2880145589 25.1466131638 25.0125389829 24.8592237553 25.5815290186 25.0662995809 23.7275894755 24.2685501166 24.6915938124 25.4079234203 25.5990706091 24.5147231671 25.4883542255 24.2524523655 24.457673593 25.5675301989 25.0502217747 24.1338373536 24.5390335585 25.2719528972 25.4054035428 25.5765570575 23.7196249099 24.0139041687 23.5839547854 23.6523876092 24.9115988147 24.724438459 24.2204260559 25.173700155 24.6155324602 23.6738631343 24.9288994302 25.2288370298 24.9537944651 23.5382481987
25.3583095489 25.3281972392 25.4875892932 24.0037154528 24.5630158561 23.6262878393 25.2699874049 23.5280937868 25.6074697236 23.5574722082 24.2466053194 25.1716464798 24.0292357305 24.0789172159 25.2878061996 24.6422916034 24.5173929855 23.5865631234 25.1394127871 24.1429559711 25.2555518649 25.1114827437 23.6049570885 23.654614321 25.1198244358 24.5077826568 23.8126094565 24.0849178087 23.8078642969 24.7217221282 24.6914396623 25.3952676551 24.0414268088 25.3821467917 24.7258235485 25.0860684773 24.3753978575 25.1053525311 24.8316767274 24.8515837978 23.6043902288 25.3541416964 23.7745217909 23.8373909736 24.5782485246 24.2797942463 24.1251659253 24.9233496222 23.963512835 25.2427397827 25.1991265267 25.14729934 25.1875323163 23.7864339337 23.624470441 24.511867597 24.611092905
24.4163015205 23.7038833312 25.1611451818 23.7165393831 24.1992983618 24.1631022896 25.0520068132 23.5991811964 23.9061982501 24.3560341038 24.5778612138 24.6228410579 24.4501831161 23.5098635305 24.9581343366 24.9519472233 24.6479122825 23.71970572 24.6197436637 24.0824228844 24.2268341501 24.6297226566 24.9932227525 24.4978978556 23.9501705346 23.8985372787 24.4602018114 23.9827540389 25.1040051144 24.7579037108 24.6565123414 24.4895794298 25.5998218618 24.4762011004 25.3011692134 23.8557227159 24.4389572777 24.0289964886 23.5679192746 24.1378261937 24.0471099399 24.793154995 24.9261277029 24.6933858553 23.6269123839 25.3727970619 25.5601498345 25.2356363352 25.1724598414 24.6208638699 24.8240210067 23.9265912292 24.1128244985 24.3216479052 24.4632355117 23.7789440534 24.9746811777
24.0134735328 25.5469019888 24.6616785055 23.6100604137 23.6091470581 24.4122724894 24.3712763678 23.8676290828 24.7863304502 25.2880609267 24.9284522437 25.3062062622 25.322977229 24.2469539574 24.0176686514 24.8520049419 24.7451138435 25.576345375 24.733900724 24.9872453629 24.3095162544 25.1720505376 25.3669124609 24.2104026661 23.9338338939 25.2974158011 24.4930884382 24.4647673048 24.6823426623 24.4149032153 25.1538517235 25.54869357 23.8818534123 24.6341552162 25.6199317345 24.6728212062 24.3771252077 24.8080055401 24.4859212793 23.6572192638 24.569315785 23.6557175704 23.8492120925 24.1536620904 25.262115286 25.1433889407 23.9735030958 25.3666134172 24.1225510902 23.5314001922 24.8365507835 24.1332980425 25.2656549985 25.5744537556 24.5505827946 25.497912255 24.1428461158
23.80369373 24.1053635847 25.0465947095 24.0376293887 24.5784879242 24.085250877 24.7786947654 24.3585781801 24.1418397194 24.1941759005 25.1664791382 23.7579534472 24.9333580734 23.6413021279 25.2295226276 24.3402699917 24.094762673 24.1652605537 24.9174199887 24.7022576949 24.6728673643 25.160804337 25.5300132126 24.8514811206 24.3036891534 24.8547060863 23.9332072557 25.4396301698 23.7169363725 25.3514005022 23.6073075432 24.6521641535 24.0387879722 25.120374464 23.9847866053 25.4962423979 25.0074399313 24.2905717171 25.3435268377 23.5403696616 25.0570561871 24.3430910069 24.8316739837 25.4507582547 24.9181217969 23.9493937207 24.7170878421 24.206638976 25.1290013448 23.6395814387 25.0705812412 24.244324282 24.1099497493 24.6146420141 25.1673635516 24.9127326338 24.6800951788
24.3093847016 25.2065100626 25.5364286866 24.3388982036 25.4991578071 23.8812812403 25.0827755924 25.5258978278 23.6595143011 24.9913053761 25.4241300618 24.5593755553 25.3171164781 23.9190779973 25.5534377132 25.0201546265 24.7979213969 25.0415841933 24.5333811688 23.9135526554 25.5236416043 25.3436639148 23.6543959708 24.0788149913 25.5380608265 24.5421213399 24.4217566395 23.5130109354 24.9905982838 24.2358027613 24.9530083845 23.9523293596 24.381714087 23.5141290461 24.1694100278 23.946191186 24.7943667802 24.1130635953 25.0998630166 25.4976525763 23.5515904377 24.7418424019 24.345721851 24.300713986 24.1786120084 25.0878822582 24.7440151505 25.1460467575 24.9260042294 24.8483835498 25.5352631059 25.3263936622 25.2464729733 23.7581166763 23.9605546429 25.3253551614 24.5561419402
24.0654984758 25.5004676891 24.503300667 25.05583601 24.4667636068 24.6710592665 25.1366772043 24.2993318252 25.4929441179 24.7215309209 24.4761587849 24.8660388858 25.0330013869 24.9988919061 25.0442417679 24.6357687571 23.7587084665 25.0767599059 23.7394683228 25.2569426482 23.9323921466 25.2869586484 23.8396298418 24.2564979833 23.7106162487 25.1543315972 24.3493254997 23.6048593672 24.8011312568 25.3680976087 23.5632154833 24.0127181522 24.0494280742 23.5295007077 24.186106843 25.4825151441 24.9441221889 25.0618053228 23.9004283783 25.4516127264 25.1024904912 23.7913059232 24.6905393005 24.7600986955 25.1729201113 23.6249709463 23.5300107975 24.4908636597 25.1732012704 25.1406417125 25.5192291254 23.8358125149 25.5893027547 25.2659999166 24.5012611555 23.7075557188 25.1164023
23.8519594578 24.3359678769 25.4028587162 24.0474462625 23.6537886679 23.7882487785 25.4608361604 24.6064785717 25.2064136405 24.0125159392 23.5215372439 24.0090923493 25.4029134212 24.7005061395 24.9381470575 25.428779496 24.6205170251 23.9059445364 24.3156751102 24.4590801749 23.7648874257 24.6106606985 25.385660094 24.1816320969 24.4388480241 25.6143638157 23.8289883451 25.0667820715 25.0435150415 25.0107298472 25.539735153 24.4798891955 24.7462744683 23.7331011423 24.7753400083 23.9308282212 24.9433120808 23.6854435771 23.6716004504 24.7540701285 24.7294489989 23.8804964172 23.6048702996 24.4934694154 25.3766679973 23.5604550493 24.056895534 24.1010419826 25.2276808227 23.9974835037 24.2263277207 24.3043426089 25.2441028683 25.097663431 24.8677545628 23.8715919728 23.7378303453
24.6216122702 25.1608854642 24.2652282096 25.1593682586 24.5402460562 23.8670363794 24.7405699118 24.9163376588 25.0189166581 25.3080452391 25.3251286995 24.9238541681 25.4930064663 25.0840611702 25.3806495247 23.7628890574 25.5493338671 25.1749273542 25.3416620053 25.0160791354 25.1973441266 24.5097319605 23.6190831708 25.6141882699 24.6986170257 24.1309502898 25.1721816387 25.3447202165 24.0179510199 24.9629454234 24.6990323819 23.8023492062 25.3758380345 24.2922309982 24.9810247737 24.0231227691 24.7264869501 24.7653830453 23.9822892316 24.6858747058 23.7855628938 24.9487534106 25.5152205517 24.7086762999 24.193804556 24.0123887632 24.4592020338 23.7141577133 25.591972582 23.9739998186 24.3224591085 23.8385307439 24.2871698092 24.602506997 25.3878515791 24.059692606 25.3972305462
25.0496936113 23.8359009852 24.7942764199 23.9429950265 25.2417949261 23.8690469981 25.0096670318 25.6056305797 24.9191533394 25.1433419686 23.7959326299 25.5826756661 24.5155437083 23.8391145021 25.618896068 23.6813370486 24.8227366848 25.1958864254 24.7692828958 25.3108775164 25.0457450419 23.9288712578 24.9808524112 25.4674718665 24.5735375398 23.6066648099 24.9958255418 24.4683933889 25.3841546303 24.4029444889 25.1815032311 23.7618905281 24.9902445287 24.8859266295 25.1210675596 24.2348691992 24.1576687247 24.6871997105 24.7483324172 23.8280457616 24.923132104 23.6364122632 24.2025885001 24.4240692174 25.3847216343 23.627152634 25.0392277093 23.91622551 25.029807934 25.1459996396 23.8066243034 25.0992320777 25.1609617324 24.1847286243 24.6799215752 25.4641796737 25.2581368158
25.5552478219 25.212744086 24.6422588826 25.0822664507 24.6661904151 24.4066203383 25.5194198089 24.3536562584 24.0542590263 24.0087373267 23.5016138501 23.9302050485 24.7450207934 23.8863283048 24.0259697023 23.7781351965 25.5809138857 23.729646856 23.8633479778 23.8857174206 23.6310879991 24.9127496246 23.8898598006 24.6703113085 24.0016323282 25.4159470988 23.5972552585 24.7446454639 25.2683442044 25.2903478717 24.7406937083 24.9879813141 25.1648442537 24.0578996019 24.2709090569 24.5491460513 24.8878533545 25.020260884 24.9810545761 24.8043116488 24.8125003115 24.8474899131 23.8086110176 25.1335812153 25.246527909 23.7616371326 24.1008631569 24.3941683339 24.557478985 24.0669417023 25.2116374068 23.5354433158 24.291313408 25.2670856948 25.5228932394 23.7400985175 24.3941106758
25.2604963019 25.0627442185 24.1040804693 23.5005711787 25.6072561875 23.9387356393 25.5499286963 24.2991885411 24.836516232 24.4685969939 25.3597964366 25.0925831582 24.198804995 24.4325799049 24.815212433 24.1152137185 24.6021254978 25.4906413357 25.2174215619 24.1584865507 24.8712777599 25.1932474069 25.4192074729 24.4100619628 24.8753302173 24.2850248629 24.8193507857 24.7098572509 24.9452965999 24.2169368585 23.8194361472 24.8393177703 24.1261252031 24.4989777447 24.3203083564 24.3885942938 24.9397814259 23.5579787389 25.0484103311 23.7884067051 25.3011152629 25.036419169 24.3320759647 25.5010260696 23.7499288967 24.107958396 23.6091222939 23.936575967 25.4564498371 24.7140358766 23.6748656364 25.4454667739 25.6070637407 24.7713390612 23.589697294 24.2511647532 23.7554759042
25.3884312613 25.3820632514 25.0079500643 24.5305260571 24.9113849203 24.4381799748 24.1478598828 25.6158703203 31.8331282313 31.6183394494 34.0220766312 23.9370936609 23.9869977562 25.3073555472 25.0944268197 25.4522968776 23.5099283984 24.7380046569 23.9764460405 24.8297382673 24.6645416475 24.9307291891 24.1487937885 23.8000157467 23.8156555374 25.0169887229 23.9809057037 24.8799201039 24.4757940478 23.7036142338 23.5615388124 24.7544264136 24.9325900862 25.4649553475 25.2173127477 25.4068912402 23.8102412052 24.3010148142 23.9351608073 24.832658724 23.7449870446 23.9505984657 24.3325019961 25.5148021258 25.1817728616 25.3537862853 24.5410132271 25.3410267955 24.905992125 24.0247811822 25.0257984587 24.8289920938 24.6697829358 23.9541068332 24.7991449786 25.0236152136 25.0488062053
0 23.7423990506 24.6164017009 25.0994150582 23.6250649834 25.3626180194 25.4092092996 25.1991701946 35.1305312468 30.8409542842 40.9966777362 24.9451950441 24.4310203867 24.1405390354 24.3916703639 24.0099407863 24.3714464939 25.1300252673 24.473712379 24.1508475351 23.6497294224 24.5075065807 25.4045542247 25.0449509018 25.3130778786 24.0777732629 24.9572253894 25.1761282246 24.6421698863 24.2183338971 24.0303060805 25.5061709946 24.5816928132 23.643134599 25.2146724409 25.1076097128 25.0370529952 24.3068103201 25.35557099 23.7737203761 24.1114952814 25.3196152751 24.6018026146 24.8035472763 25.3295806815 23.9772387773 23.8217006476 24.3679737359 24.2224461684 25.5459001274 24.3684741222 25.2367977977 25.1500718493 25.6068640512 24.2285476447 24.5242312808 23.7676119797
0 0 0 0 25.318587427 23.8188149597 25.0884336889 23.9984084607 42.8185353011 38.1957102913 31.8431521871 24.5486039905 24.9351721253 23.6462642069 24.944234055 23.8747771058 25.3787563576 23.5048452233 24.7822717034 25.2777594676 25.4714827311 23.7565484371 24.1075785085 23.7766644871 23.8080516923 23.5458403444 23.7946976372 25.4460342077 23.5864736685 23.6234251059 24.8720632179 23.8002851244 24.6578718214 24.3225714991 24.4750377658 24.8955187418 24.5576740642 24.2096727134 24.4194617967 23.7324667977 24.4154837402 25.4135045087 23.7509259338 25.172751244 24.1217108315 24.9756463724 23.9744486145 23.6316318018 24.7765301666 23.9206808342 24.7533115923 25.1397896455 24.580626724 23.8995861571 23.5018131242 23.8362959515 24.7215937138
0 0 0 0 0 0 23.5746440468 23.8921419824 25.1495007535 25.5019702329 25.4527291438 23.9167699882 24.4139886498 23.7612595144 25.2326818891 24.1339451002 25.1127805101 24.6921255765 24.7645655926 24.4956487075 25.5857880359 25.5562136115 24.7792127371 24.8795351012 24.9837197178 24.2304649561 23.5385138701 25.1861920455 23.6254189234 24.8715814886 24.1435354285 23.7409502875 24.9193130471 24.652137031 24.6513764063 24.84831335 24.8325498698 25.1365360543 24.2039335284 24.2651968318 23.9169896608 24.8364461155 23.9806919665 24.8943250957 24.8785344355 25.4624765098 25.60881892 24.2496901681 25.5267848544 24.2177313974 23.935046912 25.0911582152 23.8163257998 25.001889124 25.1949311378 25.2224758679 25.249837862
0 0 0 0 0 0 0 0 0 24.1744181063 24.7223830752 25.4447616365 24.7789854739 24.5392098788 0 0 23.5788856329 25.3430379259 25.5907174586 23.800610532 23.9145782877 25.0526145774 25.0065612363 23.7646128316 25.5296715478 24.3524634256 25.191125485 23.5977778705 24.7493190785 24.9506866054 24.5414772898 24.8253512126 24.4051269726 25.0841447361 25.3316579302 24.5898059578 25.2892656578 25.3387550681 24.3557977306 23.6934808872 24.0979048904 24.7347345853 25.2624622363 25.4220131885 23.8281686225 23.7463714498 25.3912283865 25.4023103008 23.9235907811 24.8815286796 23.5932225528 24.4998715443 25.1209939596 23.5452057486 24.388613088 24.9296441511 24.1330282515
0 0 0 0 0 0 0 0 0 0 0 0 0 0 0 0 23.6337640305 23.6990611488 24.3452945781 23.9314322723 24.3992101342 24.6317399731 24.6673483512 23.543159427 24.1087775989 25.0900925343 24.7667473585 23.9905700375 25.1244458411 25.5641489166 23.6315776292 24.9794424494 24.230107563 23.8541750156 23.5105174861 24.8108563597 24.6530939048 25.1318151802 24.2520607326 23.8200118213 24.1319733046 24.4762689403 24.3126052662 23.6494598277 25.4881880231 24.8605640015 24.700650223 24.2579142403 25.5593779164 24.6205910823 24.5687808835 23.6424464573 24.9304584952 24.1083250201 23.7197923076 25.3438144795 25.2154853219
