Spatial_Output/DEC/DEC_0431.asc
NCOLS 155
NROWS 192
XLLCORNER 196307.867259
YLLCORNER 449144.565805
CELLSIZE 33.573938
NODATA_VALUE NaN
[rows 104 to 129 of 192, columns 57 to 113 of 155]
30.8269198135 30.986054397 30.8839362167 31.0341580645 30.8979244702 30.8275830848 30.8805804224 30.5907294523 31.0556033716 30.5557091564 30.8945112215 30.7859566126 30.8011786664 30.8370901938 31.1633262638 30.9006550976 30.7211132157 31.0920846837 30.8949490461 31.047506157 31.173608603 30.935205997 30.6129816225 30.8267089703 30.7330327699 30.70335899 30.6344006373 30.6369220914 30.8121320884 31.1347910636 30.7919561811 30.5755102334 31.1423388933 30.6605898823 31.005191242 31.0206816802 30.7088032857 30.5594893666 30.9759568428 30.5690558433 30.8837237468 30.7129327821 31.1495124432 30.5168152698 31.1621766943 30.5906625908 31.0037076686 30.6131136885 30.7412285588 30.8381586496 30.5474676998 31.0164016896 30.5488943291 30.9355877564 30.5486845275 30.6273413927 31.1640519549
30.9682185176 30.5604357394 30.6730210323 31.2031389716 30.6821676766 30.5659254822 31.2040832831 30.7581225172 31.179465659 30.9198057618 30.6180298491 31.1425497467 30.8598342897 30.8990828419 31.0203453372 30.6391566327 30.5635323932 31.0288043262 31.0190670466 30.8758229174 30.5475976376 31.0103202487 30.5224782404 30.6192525525 30.6402126687 30.9243664544 30.6955903106 30.5617386569 30.8567693877 30.785170957 31.1132761592 31.1004198908 30.9956311238 30.8026659575 31.1382513793 30.5050685264 30.8876778388 30.5944574215 30.6590509483 30.6669927307 30.6408023975 30.646426215 30.7806814138 31.1342459842 31.1058121324 31.0639460478 30.8508520024 30.7260294494 30.8278564312 30.8580037923 30.9558036398 30.80143533 31.1465530925 30.8009179144 31.0132702636 30.9936240192 31.2002713303
31.1542662619 30.8401400765 30.774674659 30.6317995943 31.1219273555 30.8838130809 30.7781740256 30.7778593174 30.7317881849 30.6288259527 30.6629807206 30.9384370252 31.1436051792 30.8357413253 30.8299151728 31.1610569947 30.9512945859 30.5268860461 30.5077407514 30.9835774977 30.9245297808 30.5320406601 30.8726674676 30.5122133867 30.7301863351 31.0297248639 30.5973577135 30.6877637743 31.0473182499 31.1464058401 30.7675002857 30.9185972121 30.8208911253 31.1729665834 30.521197764 30.9967545378 30.8562299537 31.1732264589 30.890064869 30.8267962196 31.0123781412 30.9999245368 30.5426239382 30.7498404099 30.5112523775 30.539798894 31.1133670139 30.8035719568 31.0954300176 31.0931091324 30.8746470166 30.7326755099 30.9183125161 30.6376765006 30.9893971145 30.6388033246 30.6818589006
30.6527547233 30.5948824126 30.7325461546 30.6586929762 31.1244674394 30.7440961699 30.6493466114 31.1961711309 31.0263806108 31.0852960731 31.0836785238 30.8307008295 30.5669755283 30.7150408884 30.8024227675 30.9364043884 31.1007048256 30.9781822655 30.572167434 31.1971731858 31.1337815628 31.0451264666 30.6160777812 30.6833189176 30.5300162934 31.0374540205 30.8200702206 31.1377668602 30.589670838 31.066608097 31.1034926311 30.5229133937 30.9979155926 30.9329303756 30.8670431012 30.898791206 30.6231285194 31.0141227001 31.0776413048 30.688999617 30.8773553681 30.6462896864 30.568963712 30.888538049 30.603430365 31.0055031005 31.1619606722 30.7888394431 30.8508702523 31.0312667417 31.1874014843 30.8698206259 31.0183671969 30.6402447261 30.8979053406 30.5467118497 31.1492511473
30.9138078401 30.5699917056 30.5219143004 31.1881031765 31.1896227812 30.7272875802 31.0516612047 31.0555471132 31.0217367735 30.5815072308 30.6484409594 30.8861931481 31.0639542859 31.0419978583 31.19297651 30.8200528711 30.8569752792 30.7643676624 31.1695387376 30.9440688062 31.0876899016 30.6210294368 30.9021118031 30.5228358535 31.0165240818 31.1764153402 31.0642416087 30.6199965903 31.1824934059 30.9007394275 31.1336630066 30.6832116685 30.8668205653 30.6648997717 30.9765493644 30.8902197667 30.5716799044 30.920413918 30.5078370355 30.9695700373 31.1212140991 30.5956846443 30.7289390286 30.9542039871 30.6294963531 30.6885909146 31.066216532 31.0287574113 31.0012381269 30.6725665281 30.9849463648 31.0494368711 30.6377265737 31.1106520513 30.712177043 30.7556009862 31.1740136341
31.1538252683 30.7452472389 30.5657535104 30.5669837969 30.7289316461 31.1342308149 30.9057520639 30.708592064 30.6464947669 31.1022300328 31.0339340496 31.1319389719 30.9656571219 30.5055858684 30.9660650996 30.5322010961 30.7138629708 31.1509213326 30.5859538625 30.9263964754 30.6808889403 30.9065471241 30.6482181512 31.1541532038 30.7516019713 30.6701422678 30.9609569387 30.7715563765 30.9599992984 30.9608400843 30.5501041808 31.0272216474 30.596935822 30.5540501629 30.5485407215 31.1822944798 31.0573768925 30.5293093128 31.1587542265 30.6541148583 30.9698501848 31.154168737 30.6147049623 30.9213552477 30.9776370799 30.59031473 31.1184193584 30.8769852756 31.0241927368 31.1324350244 30.9483123616 30.8267729962 30.615319698 31.1036204057 30.5452954068 30.6058511806 30.928401246
30.691854483 30.7636160292 30.8994946865 30.9059440386 30.6635754162 30.5316484728 30.9072588361 30.6246865095 30.5459271823 31.1173210551 31.1893306484 30.829198148 30.7507200407 31.020946426 30.9621423756 30.8825882596 30.5862164058 31.147112608 30.6622853061 31.1156022126 30.8592955604 31.1874082698 30.5343498282 30.6277723759 30.976699667 30.700138973 30.9802841735 30.5762427248 30.9772911221 30.668246278 30.9678790026 30.8718112384 30.6972411101 31.0493057488 30.9616119153 30.910353293 31.1779373081 31.0609398355 31.0917279432 30.7801987191 30.7237330876 30.9528458309 30.8978040182 30.599178713 31.2052878572 30.9696538928 30.9378044627 31.1320734863 30.6816369636 30.5888863679 30.7232525791 30.9852616513 30.7959010899 31.0394318363 30.8562197445 30.6545913336 30.514099556
30.9318115161 31.1854300938 31.1152228556 31.0635727147 31.0722372382 31.1822787511 30.5376073197 30.8065734133 30.8516201775 31.1579936867 30.8526200643 30.5934327207 30.7274270601 31.1935860082 31.1739863386 31.1735801106 30.6479600424 30.9960074271 30.597053559 30.5840719445 30.7950503528 31.06516534 30.8961755846 31.1052352251 30.5152977325 31.0102722429 31.1142646567 31.1649786492 30.8413583266 31.1175448855 31.0876049399 31.049034449 31.0002740319 30.6982757201 31.151771455 31.0670757985 31.1078938246 31.1839257224 30.5827238905 31.1724697875 30.9837544407 30.9564224664 31.0276841638 30.8131345415 30.5312339562 30.8909327786 30.755475889 30.8087488472 30.8643088374 30.6675905922 30.560165094 30.7429432615 30.6541247717 30.9205686979 30.9401739131 30.744722921 30.5715953114
31.1475408131 31.1419411352 30.7547202799 31.1289858435 30.9805963574 30.9478797328 30.8238188681 30.8738842369 30.5787042472 31.2041750461 31.1518089319 30.6524315716 30.7453702798 30.8211210876 30.5189797749 30.7384028799 30.6773355316 30.7004282883 31.12930314 30.9059334222 30.9312908805 30.811375072 30.7294723319 31.1874045665 30.685419689 30.7386652071 31.0453226188 30.7569072185 30.9193613809 31.20182607 30.6491840596 30.5861316499 30.8198871091 30.8177931546 30.7874492826 31.0855186604 30.9742129584 31.0859271795 30.7948687639 30.9437657067 30.770056021 30.5070919007 30.9679529294 30.5143208591 31.0310662924 30.5664011692 31.0747382657 30.6429628299 31.1385320464 30.9958061219 30.5082508356 30.7958298436 31.1570691938 31.1940274625 30.9469417945 31.1812662918 30.7761332839
30.7196527806 31.185156408 30.9829075706 30.6283187301 31.0267252049 30.9863864327 31.036087499 30.6439980505 30.9840459931 30.8645198132 31.0780600462 30.8249803238 31.1275474397 30.6234819806 30.8793314168 30.6634460154 30.9538725959 30.820880408 30.61234924 30.9505441803 31.0548691984 31.0350618769 30.6947619471 31.0850774951 30.8228351786 30.5371515623 30.5407250713 30.9996294321 30.5841618157 30.7468190751 30.5722405157 30.7445517578 30.8354655853 31.0187904129 31.0994689343 30.7696566973 30.7816374433 30.6077342893 30.512496109 30.7798025215 30.6905968055 31.1914076385 30.9880431985 30.5821038998 30.842365141 30.915736773 30.8518755063 30.9650522474 30.9692679803 30.6232929798 30.9560454152 30.7702003005 30.5862920961 30.9018989253 30.7198289313 31.0616125837 30.5411242791
30.75872015 30.6281212947 30.7349239166 30.8972070663 30.5120357757 30.5093701453 31.0713341449 30.8127949627 30.9069135098 30.8576093671 31.0665000105 30.7096432479 30.5135606622 30.9589563919 31.1560610597 30.895106738 30.6353644055 30.7314927735 30.8400735028 30.5382522181 30.7368036786 30.99743002 30.8889640866 30.9267489933 30.9519763159 31.1639674259 30.6508533075 30.6390236784 31.0121414293 30.9170948039 30.978694593 31.1785533311 30.6393145 30.7139475386 31.0739702628 30.8159142977 30.6555137348 31.2023226416 30.9451246178 31.064523193 31.0872970053 30.5525109767 30.5595774054 30.6743121633 31.0587901231 30.7662358846 30.9945720679 30.8831070514 31.1665006433 30.7395981891 30.9082647972 30.517600902 30.7368505617 30.9819451942 30.5624161496 31.0562458784 30.7388367892
31.0216932891 31.1527552512 30.9556000012 30.897904452 30.5297310927 31.0875578612 30.6356395019 30.8324224039 31.0913300935 31.0404948456 30.9523540049 31.114207686 30.6834171977 30.9372449612 30.9247244109 31.1757274475 30.773403375 31.0628516334 31.0681932668 30.5559023153 30.983851758 30.5142653617 30.6347436547 30.5681175888 30.8445200432 30.8640790419 31.0332366675 30.577963216 30.9039497313 30.7436295693 30.6296162105 30.8528294553 30.6430961586 30.9991250682 30.6974832414 30.9663364369 30.8494840311 30.6437318136 30.7770213615 30.670621915 30.6613158037 31.1603100491 30.5096029399 30.7100576081 31.0945565331 31.0520725847 31.0931576075 31.1847054367 30.7336779505 31.0737979695 30.8569842464 30.9634353731 30.69341231 30.9269573333 31.116770456 30.6883460075 30.5704650877
30.8213316034 30.5850084392 31.0396692024 30.8204884128 30.5936162375 30.5230057628 30.7755941443 30.5073363887 30.5800749646 30.8257290627 31.1294325967 30.9121725736 30.9803541229 30.9728653674 30.9692483422 30.7556626033 31.0726932901 30.9065631298 31.1338716685 31.1377058574 30.7529360606 30.9691902062 30.5548236436 30.7343391806 30.6336263665 30.6244347197 30.6280567992 31.1982992129 30.9111544873 30.7146022032 30.858295116 30.6795433181 30.8164976676 31.0817284317 30.5014463477 30.7636359546 30.7976285072 31.1181071318 31.0968292734 30.5911190457 30.5123466834 31.2035069551 30.7511094118 30.9868737319 31.140715088 30.5145082529 30.8933352135 30.9986530475 30.9434334416 30.6055637114 31.1579942678 30.7619512361 30.6134440101 30.7115213902 30.7221632242 30.973391529 30.7420176554
30.9418642655 30.539100337 30.9836242758 30.5119722511 30.7628306031 31.1281365237 30.802229775 30.9864269863 30.9970594801 30.5871347856 30.6532916801 31.1328420193 30.5182787206 30.7495888788 30.7112964965 30.817857194 30.7064894086 30.9535322893 31.1832037521 30.7456789474 30.6904310228 31.0668227776 30.9476648523 31.184667417 30.8093153979 30.6153147521 30.9877450431 30.8738296445 30.9165811599 31.1696648752 30.659607611 30.8432041795 30.9610189887 30.7121327169 31.2042179266 30.6267671367 30.5947304512 31.1884651476 30.9863653894 30.8559955563 30.7425224415 30.972027056 30.703976425 31.1085385546 30.657030438 30.7611801716 30.5287723152 30.9662782492 31.0061180433 30.5288308838 31.0226013401 31.1139123684 31.0535228251 31.0485745663 30.5507594888 30.7393392079 30.5225797299
30.5536205976 30.6143819949 30.9550505747 30.9226027238 30.5125308536 30.9438400923 30.7885208078 30.9780405766 30.8854723253 31.032020615 30.6174066131 30.8276611149 30.9453565181 30.7489834925 30.862372223 31.1309672487 30.6899358664 31.1042731013 30.836326617 30.9428619024 31.05042425 30.7802413299 30.6799527682 30.7421805683 31.1360799928 30.5127035361 30.6342323493 30.7786706809 30.9488628189 31.1883168724 30.8415220743 30.7924005467 31.189142353 31.0306911171 31.1737339452 31.1229568235 30.8088471527 31.1447344326 31.0085095013 30.5827015271 30.773551151 31.1723969934 30.5547165073 31.093075173 30.750973843 30.9700433113 31.0147922864 30.597071047 30.6843654633 30.7366973212 30.7614838277 31.1432542294 30.9974429273 30.8529493983 30.6558706059 30.5337968893 30.7656672697
30.9116062874 30.5540249399 30.7532783775 31.0420469524 30.5705376486 31.206387577 30.7451559356 30.7310951857 30.6867219975 30.7901708286 30.8681724569 31.1763724395 31.0541932897 30.7468764893 31.1746516034 31.0835269922 30.524360331 30.6850848484 30.8961734503 30.8516342872 30.6197010645 30.5720725395 31.0713973726 30.5077449966 30.5755262912 31.065503095 31.0198811218 31.177272604 30.8459610021 30.8242430983 30.9434549581 30.5388689894 30.8991725007 30.8132794134 30.9601436721 30.632085248 31.1897464652 31.0198358467 31.1504188705 31.1421084911 30.7715354298 30.9900132128 30.5670268327 30.8738267296 30.7985024962 30.5269913941 31.0115794326 30.8189939365 30.6702891754 30.8664653109 30.5857955334 30.7100492435 30.5886586067 30.9435911026 30.6485229856 30.951621039 31.0361203416
31.0418152255 30.5175116207 30.7984951877 30.8600079687 30.6265998512 30.6493526996 30.8463379835 31.0366076123 30.8686327624 30.9772643556 30.5274305489 31.0176690143 30.6936411386 30.9891528574 30.6350376851 31.0796499547 31.1394391769 30.6925785753 31.020770344 30.5076220088 30.8086153988 30.9910352883 30.9174495759 30.7881388845 31.0263159656 30.9997618114 30.9146863518 31.1736295639 31.0573976429 31.0747407136 30.968435144 30.7485922186 31.0564157198 31.1534417681 30.671528194 30.5899190208 30.8652610445 31.1976385498 30.5655783542 30.8048003877 31.1040520682 30.5401228365 30.9884945844 31.1123282294 31.135268342 30.9451782158 31.1799883186 30.6781788962 30.7895396887 31.1203559028 30.6079746588 30.9421906682 30.7213505754 30.5133399636 30.7377736656 30.9764351087 30.7215355029
31.1890755134 30.8458501175 30.6747551257 30.5314095395 30.5905738028 30.5338563317 31.0875588038 30.9047298585 30.7177091847 30.6936804954 30.985223365 31.1048129812 31.1538315471 31.0931704899 31.0810208801 31.1841364631 30.6156329356 31.1097922054 30.627112594 30.6397775467 31.191043562 31.1654320662 31.1292181225 30.9100096411 31.1554771053 31.0826264717 31.1741103674 30.5081067213 30.6423589805 30.8461803851 30.7329403223 30.9920813082 31.0319963187 30.9282024225 30.5741710748 31.1358416536 30.6286519553 30.8946434979 30.7551564961 30.8670519465 30.8222996938 31.1438372289 31.1925930151 30.9516575457 31.0762958562 30.9826153093 30.5632095697 30.9221572361 30.5795505239 30.54532511 30.6508631915 30.7649239503 30.6920883844 30.6690816246 31.0358764265 30.5480894084 30.6865939678
31.1328419629 30.6438290452 31.016184735 30.5112444289 30.7122657642 30.9694027112 30.9587351152 31.0904884898 30.7224583476 30.6184622019 30.5477836174 31.0948071672 30.951889907 30.8888823731 31.071262808 30.521209356 30.6930145761 31.1808170698 31.1570204929 30.516754476 30.5956175923 30.5186630838 30.5777648221 31.0227343892 30.9656184541 31.0374464447 30.9799828404 30.5750301887 30.9457030692 30.61924889 30.9172088208 30.553088459 30.5462563696 30.9351387815 30.8708082914 31.1801075574 31.0862011228 30.5585635049 30.8259077305 30.61790083 30.5095977773 30.6939053763 30.8264125928 30.6196952837 30.9675527647 30.5045794326 30.9327597091 30.754224088 30.8534262484 30.7055109744 30.9706780782 30.8708795787 30.8259948999 30.8003310827 31.1886116462 30.6438934832 30.827469572
31.1034403001 31.1320248555 30.8928223327 31.0597055891 30.5822575431 30.6688920072 31.0596427838 31.0164380008 30.6976920389 30.7528710057 31.0065097392 31.0640898671 30.6748770108 30.6785085952 30.6014129149 31.0364964225 30.7903805194 30.6788801385 30.6764378677 31.2022855456 30.9664047482 30.8616639067 30.9407232295 30.859139789 30.8559565924 30.638986822 30.6215408523 31.0820609419 30.5973093193 30.8607601757 30.7673975083 31.1876760279 31.0642511735 30.5841971868 31.1534522938 30.7372859197 31.1472088343 30.6065755637 30.935325162 31.1011598634 30.958366233 30.5300000447 30.5521660932 30.6578129558 30.712824842 30.6977681919 30.993808407 31.0686166958 31.2033143187 30.8719159001 31.1420985534 30.7780621194 30.855997491 31.017863075 31.1952909917 30.7811362183 30.804277461
30.613966053 31.1356052269 31.1760161497 30.5281645792 30.6433704283 31.1252518751 31.0892114067 30.617489884 30.8077991786 30.5236774534 30.9504902853 30.7854140135 30.6876369033 30.8231202727 30.6223788454 31.2030866235 31.0892774685 30.8969924699 31.0466807039 30.9221737482 30.9034024781 30.6649418658 30.7435745828 31.0046877809 31.1178434887 31.0389669323 30.5471805342 30.867857703 30.967331448 31.0206230855 30.6288038369 30.5386515449 31.036634694 31.0112044381 31.0957739852 30.5693863939 30.6156512909 30.9432366072 31.1532257063 30.7641376956 30.7868911486 31.0953735581 30.9181565711 30.6314799102 30.606025651 31.0699884796 30.8367681602 30.7775667799 30.5858608401 30.782378524 30.7452051289 30.7825615044 30.9738142576 31.1286888849 30.8537882118 30.6170696285 30.6077586504
31.1468425157 31.1297801448 31.1519005113 30.6918614219 30.5546061349 30.8653759259 30.9424407665 30.9491275824 30.5859634785 30.8357719107 30.9587003396 30.564051557 31.1720368194 31.123731206 30.9503928348 30.5033453792 30.8632163299 30.8007563476 30.5377212927 31.1966997309 31.1853196923 30.5920436225 30.6852003164 30.771368943 30.9558820695 31.0142175862 30.8574400509 30.8596247416 30.8446287997 30.5549901317 31.0342198399 30.9423318343 30.5680203642 31.1637526537 30.8370639537 31.0986626903 30.5133357681 30.5798762114 31.0924983147 30.6620688847 30.9538631938 30.9653990403 30.8377094717 30.8978637214 30.7179880881 31.0265099402 30.9058114816 30.8091012849 30.5251140816 30.6374190362 31.0641086935 30.6372627546 30.6638944256 30.5529634694 30.9475039338 30.980749227 31.0508066861
30.7108109922 30.5043832378 30.9319902719 31.1810771284 30.7086838137 30.6946706895 31.0670522974 31.1846178137 30.8126616649 31.1917133064 31.1316835043 30.5936743497 31.0466832977 31.0328308613 30.6666591128 31.2055420545 31.1167789143 31.0417084052 30.7642794861 30.7916829424 30.5578320014 30.9681445962 30.5105996548 31.0989432431 31.1901670228 30.5020689453 31.0195647594 30.7990192461 31.0622561388 30.5403376165 31.1402329491 31.066745314 30.5786968225 30.827216181 30.9333800831 31.0906115041 30.94016822 30.9036844834 30.8504204342 31.0933049437 31.0520449483 30.9750533703 30.5224280958 30.6060592089 31.0491118334 30.5566720512 30.5197657506 31.0449215459 31.198817021 31.1655803 30.502413076 30.7768760371 30.6663815824 30.8279829806 31.140778518 31.0689632421 31.0845643219
30.8084384274 30.6478050839 31.1089650444 31.0218408078 30.8291320915 31.0282593366 30.8782029659 30.807360031 30.5739149524 30.7063872481 31.1523687866 30.6350203024 30.6784386813 30.6169607978 31.1408604124 31.1392058084 31.022867038 30.5216308764 31.1888647719 30.9789182331 30.7548528711 30.6871247742 30.5715716586 30.5780809186 31.0604014021 30.6716198527 30.7822647947 30.8689705154 30.8183078525 31.008938179 30.9030535 30.8521842243 30.6542528531 30.6393532747 30.7930180252 30.8735070073 30.6341996535 30.9438094754 30.8465921403 30.6496278489 31.121934798 30.595374418 30.5324522788 31.0100230422 30.9186804498 30.9507141845 31.0500637319 30.9784188083 31.1157079909 30.8218638125 30.91878935 30.7106562832 30.86052088 30.6973364512 31.0650556809 31.1032811287 30.6013464587
30.7351113602 30.7401981887 30.5640534844 30.9026052981 30.9229602433 30.881844468 30.5745327615 30.7126259084 30.9464377943 30.826151126 31.1443244831 30.5454222848 30.5366653395 30.974459761 30.5966115896 30.8822021965 31.0957441426 30.8872582244 30.9331710537 30.6968827144 31.0440387605 30.7058658039 30.8365970077 31.1684942051 30.9133970908 31.0830695634 30.8078991799 30.9416055759 31.1999153946 30.5880413434 30.5420320937 31.1293107366 30.9577729577 31.1318907172 30.8979733273 30.755016557 30.7521717182 31.0814768025 31.2008941479 30.7124899675 31.0821483042 30.8124616704 30.7829553702 30.7720688687 30.9572634743 31.0737159322 30.5642384989 30.8134058617 31.1545053394 30.9953118981 31.0574158109 30.9146237857 31.1812011261 31.1757916221 30.9414472647 30.7793472442 30.8082008578
30.6163755788 30.6561756154 31.0031348606 30.9493717249 31.0497100345 30.9438567639 30.9692471832 30.5187150761 30.91442185 30.504164306 30.8244483955 30.9369269081 30.9884281891 30.7561127151 30.9231670748 31.0367396226 30.9569335513 31.091983492 31.1708253376 31.1870799354 31.0734169855 31.1519751689 31.1226050104 30.9734054076 30.5276796101 31.0347929406 31.1335276933 30.7332035326 31.1990462569 30.9560078016 30.6949652676 30.6006753115 30.5900006228 31.007215344 30.5819481652 30.5698688744 30.9766130419 30.8978158723 30.9476786401 31.1447150074 30.841123259 31.1247547822 31.1728691951 30.7081234515 31.1234637561 30.6262283774 30.7284458139 30.6463937091 31.1999932644 31.0737145888 30.7734164708 31.1156849905 30.7595368199 30.9928655734 30.7886565452 30.5343040378 30.7143503069
