Spatial_Output/DEC/DEC_0404.asc
NCOLS 155
NROWS 192
XLLCORNER 196307.867259
YLLCORNER 449144.565805
CELLSIZE 33.573938
NODATA_VALUE NaN
[rows 52 to 77 of 192, columns 57 to 113 of 155]
34.2599460978 32.2452997517 32.6144609572 33.0380397465 33.6866430438 31.7400501166 33.9738192406 33.8143775805 32.0500324509 32.7646500682 32.339335464 31.7286837368 32.7902644518 34.0865405039 33.283258937 31.9740912427 33.750803322 34.082118723 32.2673606728 31.9368689731 33.2438695085 32.0391864664 34.5086753881 34.303942272 33.5419840223 34.3201894565 34.9928806908 31.6236451588 32.9781642962 32.1116747273 34.1890645318 34.6843368553 34.7671917966 34.2142709331 34.4357488994 32.7196366534 33.895635526 32.9473660057 34.8605432666 32.1649651571 32.9436117969 33.2608008577 31.5928333455 31.9474877262 33.7872095983 31.816481889 33.8338368251 34.4951850889 33.5828208282 32.3906081204 33.8902391389 33.9343318197 33.0027966439 32.0343139285 33.8587245267 31.9344860246 34.1497203935
34.4917925484 31.5324222536 31.5011840204 33.3078253897 31.9325184534 33.5185118452 33.2862273718 34.770274996 33.1658291407 34.9743221268 32.7153687976 32.7234550138 34.9562355285 34.5231062846 33.6125003548 32.9569685425 33.0313397378 31.7064711411 31.5300364228 32.6682044568 33.1641538991 32.0362956234 33.2537624582 32.6551452542 34.0523738757 33.721820656 34.7149924002 31.9696015665 35.0126891528 33.3233182765 32.7892582855 33.5495385741 32.5356751897 34.0220156489 33.0856990495 32.0032937606 33.5016733163 31.7745838415 32.0166073866 33.223834238 33.9235360256 32.9190490049 32.5952001478 31.909341228 32.107404352 34.1008539556 34.6740594595 31.7573219803 34.303603718 32.6412875267 32.8594990695 34.8135796751 34.43546414 33.9975879022 33.5357649658 34.4503395525 31.6007354549
31.8827200093 32.564438058 33.1103534851 34.1569018853 34.0297081868 32.1437343261 33.4287807685 31.707857211 33.0641621377 34.8296565521 32.8930996163 31.7305192795 32.3134580381 33.6136224522 33.686204998 33.8834483024 32.0461217715 33.4812459097 31.546452869 34.8484501965 33.3687350604 32.8070272653 34.2314860377 32.9952908363 34.4370621826 33.3508577467 32.3925214811 32.0215839954 33.2744842625 32.8959424051 31.5762819327 32.4283985252 32.4029718647 31.8433574342 34.1963557267 32.0352531561 33.2966942519 32.6626999855 32.5806724498 31.6421271212 33.8666806921 33.4894092139 34.0119156368 32.1761734448 32.4927748956 32.6364941616 33.4767494839 32.7896760323 32.8262593272 33.3688107859 32.1450914565 32.7126845736 31.8769306461 31.8815887482 33.859728504 33.0015719329 34.2437421586
33.588716037 34.122864289 34.0174994596 32.4261823384 33.3858876239 34.1967770452 32.7089507535 34.8374319094 34.3654854602 34.0992843644 34.5979884306 32.1071094336 34.1619240504 34.4341274153 34.1211643351 31.5041927724 33.5775128571 31.5506791219 32.1713974281 33.3499394951 34.2549207176 34.3942366885 34.3411732037 33.6360999344 33.1158422819 33.1654794744 33.3250993829 33.9549058724 34.8656635555 32.3390415274 33.2001564842 33.194043981 32.8008192834 32.1802386581 31.6762018467 32.0453087787 31.9751753247 33.0144799459 31.6810588709 31.6639384611 33.8320903983 34.4910009733 33.8526886727 34.8563243716 32.4240672224 33.4245468393 33.062154595 31.7994224207 33.7111037602 31.5780331175 31.6689943439 32.7139547774 32.8105020847 32.8616401024 32.9938114127 32.7030537526 33.3694944622
31.5240836197 33.7846326913 33.3565984738 34.4975763642 32.9499289507 31.7739307075 31.8468408905 34.7938192765 33.2093866051 31.9324020557 33.5718580506 32.2438763562 32.3928450104 33.5276864015 32.7704947172 31.8084241334 32.2012304273 32.5022179776 32.7473893754 34.9390098888 31.8804366561 34.7264783527 31.6800630468 34.1800556502 33.9911225576 33.6747380498 32.9226611321 32.2208263333 33.3446763099 34.7574417052 32.305328424 32.3051825009 32.9312304706 33.7500472473 32.3473141893 33.6832533225 34.2632668645 31.8835012489 32.4749067135 34.0378167452 33.6522607198 33.9024509074 33.6939821034 33.2775297777 34.3727740387 32.6216186806 32.007798732 33.0643961195 32.9008465257 34.6776710872 31.9773044109 34.9915280492 33.8117570721 34.6125821912 33.2645682284 34.3362543962 34.3491911185
33.793064889 33.8123059473 32.1030808302 34.1112441907 33.0625572579 32.6386463323 33.8070007491 33.9975065712 31.7163745852 33.2750742147 32.9554339676 31.985067537 31.7361171728 34.9803740395 34.4899216288 33.1817971135 33.386870631 32.4106421274 34.2373764171 34.1810255048 34.894289063 33.3994883327 33.3409834986 32.8940992629 33.9471888871 33.1712560955 34.9165152363 33.1101875706 33.4135009144 33.3166626815 31.970819878 34.6079485671 31.9513672596 31.6784028262 33.1339284242 31.8374047932 32.0877630888 34.9913862101 32.7928701388 33.6526775317 32.6865407444 34.9660089599 34.1773420226 34.2708199754 34.8155634539 33.3547547471 33.3407221512 34.6900712677 34.6585811167 31.5004928319 33.1936917961 32.6452062952 32.0397556423 32.3161966266 31.8560912621 33.7914399948 34.6047137905
34.484403024 34.204349665 31.8421630168 33.1357662521 33.3917490928 33.5740763527 33.8761382175 33.886606822 34.8518179729 32.0865117131 34.9592634315 34.3236696386 34.4992237669 31.7686850536 34.0331730087 33.1523076298 32.4560375026 32.1745882147 33.4932703963 34.6948750004 33.1677061765 33.9851096093 34.4959215008 33.7408714119 32.1719774447 32.6430292641 33.9197349335 31.7282574244 34.0270292467 32.9812414471 33.432767438 34.7484167135 31.9415708952 34.0870420688 34.0141777781 32.8354947118 33.6620475513 34.1443891307 32.2962548018 32.4561852911 34.6244753562 32.8558733756 32.7913386798 33.6376785181 33.2282919547 34.6014921761 31.9225631127 33.0212493185 33.9044716399 34.3880394251 33.5269747736 34.552028637 32.4679868095 34.1983784867 32.7978904711 32.8198368219 34.7933380626
31.8960721592 33.5647393288 34.9511629407 32.0690065143 33.2618880628 31.8547149664 32.7718509308 34.7304556684 31.6416955788 31.6108158704 32.1367204509 31.5025041668 34.2644034288 31.5442123254 34.9237779188 32.8579567283 33.1398478368 33.0488400111 34.4995717579 34.6073312104 34.5894780179 34.8752551362 35.0020796852 33.6623422032 33.2176064052 34.4252999388 33.2643547832 32.9473686223 33.4058251934 31.6116120142 32.4774776206 32.7802365672 33.1966148578 34.3835491516 34.8499317626 32.9613246712 32.795908208 32.0966942005 32.392097711 31.7391267793 31.9507725872 33.4104837605 34.6732967768 33.2363152868 32.8273367846 33.344841233 34.4675428045 33.882003648 33.5026964523 32.6855217222 32.1306985009 31.8582156026 32.6630033043 34.4589948909 33.7340545705 33.6299122759 32.2660096405
32.4538287484 33.1391569076 34.2475150171 33.3594773164 34.2818623295 33.192524163 31.5546974388 31.5183694992 33.3870591329 32.7723395765 31.8969174938 32.2788321618 32.4925187993 32.3918964592 32.5407560477 34.7026261538 31.6666297565 33.6016572283 32.7614690863 32.8701085339 34.7119449422 34.5191801208 34.7304062771 32.1391474177 32.9438258152 33.76256526 31.6456295136 34.8410670921 31.9256603891 33.5727777881 32.3188215286 33.2602783749 33.7278213199 32.6144905472 34.8913350765 32.5498028436 32.690451043 33.1439335302 32.1872108511 32.3439943763 33.6988415112 33.3420869484 33.9784149389 34.1658420956 33.4438345915 32.0990613627 33.8270738012 32.1646247126 32.3921696261 32.50586414 32.4680982808 32.894206626 33.5282170776 34.0024785133 34.2835679237 31.9976455093 32.9818463864
31.768325498 31.9108673135 33.053514707 33.1467521664 32.0335017103 33.9120072294 34.6799815857 32.6872844095 32.9977364721 31.92844706 34.0525102758 34.7141700955 32.2262258376 31.7063126703 31.8692755335 33.5548041747 32.6420412424 33.7093546326 32.00742944 32.5933673969 34.7154871 33.8558432144 32.3677183093 34.7218830439 34.4444620425 31.5427417204 34.9921054789 33.4670845244 32.4999705018 33.2899145159 32.6477407659 33.3137482484 34.7606709494 33.081391659 31.5455039299 34.1634765975 34.2494449449 33.7908273742 33.396465814 32.6902989878 33.2622483318 32.8265779654 33.0981581154 32.9385737896 34.0483439464 34.9208254774 32.7153488404 33.1201456835 34.3336554516 31.700810235 34.944747161 32.2347298073 34.0764622573 32.8051437933 32.5322311699 31.6847540447 34.9108312607
33.0715319811 34.4019007544 32.5875156261 34.4662939708 32.575001376 32.2458134144 34.5306978386 32.5538070149 33.1468988085 31.5272202748 34.2455395525 33.5724268234 33.4177017803 33.4724286341 32.1094881149 32.3313339022 32.6970137294 33.1948400033 34.185951609 31.9264113444 32.2445073167 34.931641984 33.1107699218 34.4319187106 33.0791445295 33.1952947473 33.4448740959 33.1891968414 31.5115209022 32.6896150064 34.4815746239 34.6783609423 33.3065481651 33.3496999507 34.2508687687 32.3015350441 33.3853645125 32.1197610573 32.1584057347 31.6025598676 33.7250140886 34.35740464 31.9900886608 32.7948264966 34.2955131623 32.119594476 33.1531218653 32.0823307409 32.865393662 33.1815967292 34.3880433376 34.9901071592 32.4390171231 32.3378565689 32.1422194902 34.9118670363 33.7135972575
34.3689174895 33.7370711875 33.020786345 32.4649591928 34.8663618762 34.0081884483 34.5986637639 34.7907257429 32.2904153349 32.6722109282 33.7876243497 34.1690904163 31.6688454733 32.4252224453 34.2058655646 34.667457069 31.7219150995 33.2567543871 33.9771751276 34.8152811445 31.7260139953 33.9784066322 34.8164746093 33.6180884792 33.7800823443 32.5268874274 32.5342361372 34.6158333194 34.4733726156 33.4529268481 32.8369981428 34.6075017355 31.8179004545 33.0771662245 34.6409759634 34.6202304215 32.9740423548 34.3422717307 33.6436074546 32.6462455847 33.0875482185 34.9625179997 32.4774038705 32.8454406094 33.4972011597 31.6172150566 32.1854707438 32.663988158 31.5355430366 32.7468916884 32.0101202937 33.8531697303 34.1101782958 31.6437783285 33.2566496639 31.7098148698 34.2688230199
31.7993559988 33.4796437437 34.9987844877 32.7000087555 34.1306154938 31.6942526699 32.4900454949 32.5342652204 33.5874938223 34.707173849 33.9639563854 33.0900505583 34.83448067 33.2036313246 34.6353626508 34.3347005247 34.3482519884 33.4800910261 32.0448095147 33.8512703279 34.7873190077 33.8548138435 34.4108328433 32.6496938213 33.7140606844 32.9820468478 31.9407731268 32.7883144076 31.9028091438 34.4488313054 34.6198075058 33.33201019 32.8332288604 34.9628133582 34.9996408331 34.9795507914 34.8048837122 32.6440506777 32.0950689786 34.8530653983 31.6618941353 32.8007791117 31.7384077326 33.694760832 33.6445970475 33.7439210119 31.678919811 33.0069192241 31.8401627794 34.7079725439 34.8652662965 31.5511123875 33.0609538598 32.940499026 34.3607360296 33.4903881715 34.6562700729
34.1393595742 34.821940745 33.0036407078 34.2047593842 32.7942087948 31.8228201355 31.690699001 32.8419448201 34.5636012817 32.12578592 32.8725845928 33.7458955303 32.1189471195 33.0241129734 32.8234403714 31.5852732412 31.5826266673 32.6750029683 34.0849662848 33.5299670135 32.0137762101 33.7167349741 33.1646108572 32.3092045964 31.8187753454 32.9124845851 32.6544807443 33.8834147083 32.2658939211 31.6352322026 31.5709579129 33.4542425627 33.4973213201 33.5388851879 34.076219884 33.1821724974 33.6094367455 32.6019381468 33.9825037559 34.093486712 34.3363702811 32.4221521541 31.6134787322 33.0748520654 32.2339955542 31.9409675718 31.7737058511 34.8018492238 31.5239887179 33.4311808308 33.8492147792 33.5125135469 32.3902574237 32.4747763944 32.7916651804 33.9740042491 33.343448945
31.7680161518 32.9802805143 31.552262077 33.6895690161 32.9364323797 34.2665864261 31.8686381084 33.2559469079 34.6432888457 34.6053878743 31.5259700835 34.956899865 33.7487877895 31.7852089954 33.9478188705 31.5230398791 32.791282992 33.7970640923 33.0248762708 34.745797909 33.5697714211 33.2989710092 32.1727918788 32.3247786929 32.0540921452 33.690211517 33.7272488797 33.3519420195 32.5861754533 33.0366979457 32.2564951356 34.003918247 33.7106068334 34.8750276823 33.5163793085 34.2234182415 34.7591537369 31.5949741199 34.6697267722 33.9553613852 34.2915199336 31.844288111 33.6013349065 34.1060463689 33.0634298734 31.6055487095 32.7546763654 34.2236828041 31.9487466156 34.2716818632 32.2072219847 31.9144383428 34.0938100504 34.8518589701 34.3773580936 34.7775089442 33.1114266054
34.9649955088 35.019019818 34.5960390024 32.9231129797 32.5253147419 32.9965899587 32.0594708247 33.578557994 32.6883923417 33.2738444851 32.2460484392 31.5941271935 32.6913082773 32.4348140059 32.4522451618 32.9496636721 32.0473768417 32.6570799414 32.1154396516 32.7056079515 33.1934859118 32.5804153226 34.9601929705 32.5630112348 33.7044215911 32.397124973 33.0860073462 32.4400096879 32.4679017574 31.6649045591 33.3976401484 33.7526156865 32.6625133777 33.2624407918 32.9617857379 32.3551604628 33.331173592 34.6311288793 31.8758244143 34.3109098349 34.3812273362 33.0390063111 32.2079753149 34.4968342279 33.7502243928 32.5358881237 32.6119662029 33.7201282149 33.8664127033 33.815616237 34.3707535639 34.1997940388 32.390390496 34.822891538 34.5735456719 33.3942867275 33.7669789975
32.0312949547 31.6274901477 32.5356815099 31.9436382879 32.5124746326 32.5677141478 34.7261767164 34.387931911 32.5138001944 31.8200286984 34.8585537083 35.0345802816 33.9104196091 34.5229554579 31.6790659238 35.0195852505 31.5469862927 34.8418442427 33.325790798 33.9189987615 34.1608150404 34.3678011298 34.4129644556 33.5880047387 32.4762090088 32.7599980239 32.4770586799 34.1105032307 33.6210603591 33.6967428862 34.4353591729 31.5180811174 31.7846103243 32.8409284885 32.4452519469 32.4015546342 32.5817640294 34.3344080285 33.211310061 33.4567236436 31.7814477053 34.0755404255 34.7617109555 32.3951016942 32.8136972403 31.8154212116 34.8897797237 33.8482581842 31.5451723971 31.7647291511 32.6360470185 32.8828765076 33.2527441007 34.9933624026 34.9199818722 34.3249925261 34.5198024476
34.56133733 32.2283772532 33.5588908498 33.7395026553 31.5697187432 34.9089490142 32.9808176215 32.7303201418 33.0891544181 35.0107692539 32.8555541444 32.0194295023 33.8796296914 33.5656298127 33.7576896976 31.6649288939 33.6114523922 33.1413830981 32.8198147085 33.15245687 34.2329376962 31.7391727228 33.6660155456 31.6866316235 32.1749390072 32.2156376078 31.854761634 32.0982697383 33.6428291668 33.23685486 33.8363677953 33.7521079672 34.3466211406 34.6449592727 33.4802251171 32.9512183663 34.004286821 31.6290531882 32.1987972024 32.0531873338 32.9011247224 34.9799383973 34.8443255872 34.9807005764 31.6295988602 34.1231171098 32.2406384386 33.5095567036 33.3122461988 31.5944372217 34.5870409882 34.8567420444 34.3507977239 33.4922511392 31.7534105222 33.0494246909 32.3509779569
31.5798388195 32.058348211 32.418410124 32.0284330804 31.7335872632 34.1284247773 34.965798904 32.3548567683 32.1093675251 34.8257187702 34.2306893064 32.1365994054 34.6246740943 33.2829819531 33.5975303819 33.9321846482 33.2162130809 32.0179399354 34.0901408005 32.9660666662 31.5977597305 32.7563101131 31.8160497478 32.6797902433 34.3980103734 31.8624303148 32.6523817448 32.4871593412 33.5143457176 31.6448050523 31.5742020055 34.7134652242 32.0510878502 31.9503514332 32.3673677829 32.5076269262 34.2100320598 33.5550474559 32.3855105455 33.7524311366 31.7727691395 33.5991660121 32.6991435087 32.4325324299 32.1955658098 31.5810302954 33.5687895724 34.1164111454 34.3808207696 32.8834459032 32.8396843444 34.309919859 33.2976983122 33.6747081519 31.9647554517 34.3989083013 33.5108525204
34.6080768052 31.6437183306 31.6393759609 33.2774691903 34.7981651803 34.318841774 34.4389177508 32.9309864151 33.7902708609 34.1406712547 32.9713150729 34.4769828051 34.7367316291 34.8611515543 34.5624889182 34.8114791055 32.3580932849 34.6509340596 31.6232431933 33.3227193314 33.4793732041 34.3143412528 34.5431615279 33.1177587444 31.6671116908 34.6020238929 32.1485953747 32.2710129851 32.0206526286 34.5758835949 33.1488038444 32.6642471791 32.2980396959 34.4749564844 32.789888886 31.972420843 32.4056097721 32.8908696898 34.6442571286 34.4071335988 32.0992283166 31.5940998261 35.0086952602 34.5529174936 34.121218801 33.8026737571 34.6341829013 34.349294462 33.6988911042 33.4316504041 32.0596875173 33.7948463981 34.36740636 34.3121249334 34.5942239496 33.3522345474 34.2169601351
33.2487653337 31.6221675554 32.3730355852 33.0924139154 31.7949201852 32.9552264922 34.2300638902 33.3376742919 32.2328770697 33.8729215568 34.3099670656 33.7793732877 31.5356756917 33.420767996 35.0221991328 33.4385796791 32.5190427826 33.0275243879 33.4644710348 33.8029518516 31.772344578 32.414666361 33.0730008115 34.2176422556 31.7323714797 33.701488484 32.6512307208 32.9580558853 33.5654062932 34.0578803811 34.9963409047 32.8339696239 32.7887739565 34.7491626874 31.9313066944 34.6256317927 34.6277069372 33.2476798433 33.6829303865 32.0639188265 33.9770292343 32.185604989 34.0307508544 33.8392831939 32.2716703157 32.6569842798 34.2920139512 32.7172890626 33.221954921 32.5467952901 33.1580608572 32.6464316452 31.6029546268 33.1201709164 31.7698196894 33.6271158742 32.124646774
33.9128981318 31.6168122191 33.4550740117 34.1603302345 32.6990500894 32.5617201052 32.7514577744 33.639031238 34.2230090142 32.8589294065 31.5098648167 32.390034795 32.2828348832 34.9900987865 34.2099351855 32.0187479095 34.5581582295 34.7281454613 32.5622831601 34.4000643051 34.8643425377 32.7027779909 32.6663278616 32.3809565042 33.0103031604 33.980416066 34.8850285041 32.7695941803 33.4875126512 34.8190572736 34.2981058394 34.2807869089 31.8308664666 33.7318634067 32.2392286087 34.8264843762 31.9943589456 31.8741442023 34.2864448921 34.2467309062 32.8853398086 31.5103273115 34.4639497264 32.2544665151 33.9949044039 31.5431663016 32.4376699479 34.5005519451 32.9831252895 32.643104979 33.7307351213 32.8413470995 35.002996101 32.871202436 33.7770249048 32.5822504261 33.8611794909
32.2775106981 33.3025554722 34.2452331561 32.1335505256 34.7772467769 31.829437217 32.8144364802 33.8207280005 32.7630515114 32.5380312482 34.543574519 33.6878866986 34.7853882904 33.5074118425 34.3291607728 33.2202557243 32.7586551417 32.3967381297 33.8862306845 33.3652981254 33.1619036325 33.8412558898 33.1030873889 34.2117361168 32.0449398309 34.2644173295 33.9704526049 34.1437225952 33.6194942982 33.0070534186 32.807337947 34.4114111921 31.7191610046 34.2603588845 32.7841097241 33.8355978695 34.6098448274 32.893105266 33.0260919811 34.4142792593 31.7423662861 32.0230542446 32.7160339067 34.096605855 31.8949018491 34.2440931008 34.8158961729 33.6420412755 31.8784744269 32.3858041078 32.273620354 32.0890714203 32.3477807862 31.9028517796 33.4714728798 32.8548874462 34.8839981325
32.9020928144 31.7431026598 33.5662410219 33.1334866098 34.3605874226 34.9548593858 34.9111628981 32.3819499935 33.8489118636 31.922744314 33.7683325656 34.1766504565 33.6342461264 34.6557991359 34.9590273934 31.5771425222 33.0107188042 34.8352261334 34.8065546223 32.207421668 32.1244402645 32.4488335518 34.5671380026 34.4559309282 34.1903622647 31.6975277816 32.1499483287 32.791917827 34.562283793 34.2182552082 32.5019486812 33.0807239245 32.1052219146 31.7820727897 32.3353569706 33.3785861707 31.7940272448 32.6090359461 34.188315877 31.5738602679 34.9489554287 32.7917054254 32.765105933 32.4181868109 34.3359600382 33.4250123181 31.7886150539 31.7495068587 31.7009189629 34.341556106 31.9048351951 32.5799934519 34.7516149324 33.9349401058 33.2862365709 34.9381340314 31.7302804192
31.8523891769 33.2088606797 32.2070636869 32.5028426781 35.0236360571 34.8406276448 35.0242636023 31.7785571356 33.9626110987 34.7489024501 32.4299359831 33.6031472884 34.5120091458 31.6117370305 31.8000680114 33.9249143521 31.9639187638 31.5999104016 31.6665796534 32.2742231698 33.3784690603 33.5425303145 34.6621961412 33.9445332776 33.661052003 32.5338891396 34.5028796701 32.6988245588 31.9071814132 34.6809220942 34.5965744019 34.411797986 33.1918976627 33.1854445391 33.3278837329 34.4755197098 32.2595552155 33.8261793214 33.2897406148 31.7628630247 31.8253985743 34.5816982568 33.7028597674 32.1286636008 32.4950271574 32.6809141964 33.5425012641 33.9556259923 31.9270468698 32.0336348897 32.7322630784 32.8197086028 34.8771419375 34.7976521961 32.4546038091 34.1852116307 33.2704321411
32.4434137485 33.5537925671 34.0215348242 32.9520819161 33.6697285702 32.4193085184 34.2793303152 33.1129576925 31.6359140194 33.2953086643 33.403198489 33.6093856099 31.6291364447 34.9142108543 34.0308320293 31.7290496731 32.721854279 34.0794101063 31.6486920828 32.9164516177 34.1098456206 32.8610578365 32.1850225571 33.5650524686 33.4843034785 32.8608093536 33.5741215682 33.4476371065 35.0184060461 31.8884120557 33.09777033 34.5183114225 31.7462886998 31.9463363775 33.5695796837 32.8555550798 34.8098044429 33.5727196723 32.6360865053 34.7696712649 33.8095181429 34.3279289901 34.9743174163 34.3435857156 33.0957927758 32.2078765412 33.0564544955 34.8939088999 32.4272313198 32.2490128097 31.9832402843 33.67572688 33.0732690728 32.4956014668 32.2306753964 32.4990528264 34.0208968373
