Spatial_Output/DEC/DEC_0072.asc
NCOLS 155
NROWS 192
XLLCORNER 196307.867259
YLLCORNER 449144.565805
CELLSIZE 33.573938
NODATA_VALUE NaN
[rows 78 to 103 of 192, columns 0 to 56 of 155]
0 0 0 0 0 0 0 0 0 0 0 0 0 43.5304871052 45.0139299196 44.9514694412 45.503116844 45.0545979643 45.1872803754 44.1079739382 43.6771137409 45.5015392551 44.6374534419 45.4511074122 44.8059050483 44.4494421863 43.1757897042 45.0457448762 45.655161269 43.76879115 44.4971815777 45.4874349648 44.7173171074 44.3426677729 44.0407182857 44.0939169988 44.1978710141 43.0704861697 70.7054274571 89.1912488938 44.3446959621 45.1415939883 43.7311057278 45.5580757954 84.0440245203 84.0440245203 73.2678751629 44.5239101729 43.5198137207 44.4159510561 43.8582614731 45.7468975781 45.277504878 44.0721500072 43.2083588235 43.2848914137 43.6814340131
0 0 0 0 0 0 0 0 0 0 0 0 0 45.4579380058 45.7447578062 45.453758628 45.2445925928 43.5895947998 44.8425003502 44.8089097755 45.7025903896 43.8891481775 43.9412095856 43.0279159579 45.6390686929 45.1518450618 44.6511322279 44.2733706745 45.4378354764 44.4206632638 44.7025091012 43.7701436875 45.5804370784 43.9541118389 45.3041202939 45.4269762069 43.8805726424 43.3545006675 45.1113273161 44.6047686238 44.8686645512 44.7010468141 45.4787032381 43.8832179733 45.4611215938 84.0440245203 56.4428411319 43.088790037 43.721911801 45.2255292741 48.4481704853 48.4481704853 48.4481704853 45.7283121652 43.2116389066 44.9351005285 43.3953688927
0 0 0 0 0 0 0 0 0 0 0 0 0 43.8836489934 43.789710246 44.5621055374 43.6679402258 43.0010474205 45.1079801035 44.1861884087 45.7882847083 45.5946402753 43.731882705 43.3139474942 43.0682132559 44.3291430984 45.4288555723 43.2747684312 45.2922765304 44.2825985301 43.5237715469 44.4301291772 45.5943039918 43.4973643253 44.1891801772 43.5482858169 43.6742659922 45.7187306569 44.3413990022 44.1655272011 44.4804392761 45.3523921374 43.3658518274 44.8015065472 56.4428411319 45.4934990125 43.4182133642 45.769089091 44.5527952333 44.2197333196 48.4481704853 48.4481704853 43.4335720716 44.3798440616 43.8768730906 44.0848588776 43.2658399635
0 0 0 0 0 0 0 0 0 0 0 0 0 0 43.9025639613 45.1893166533 44.1691179434 43.4448551789 43.198408143 43.0687671699 44.4443829787 43.376800886 45.3807130962 44.8446138947 43.6861883697 44.8887100343 45.1389924964 44.0621056621 43.912405339 44.0076177567 45.0599398296 43.25392343 43.8751689275 43.4817626173 45.4282966022 45.1109422368 43.1920377287 44.9294538686 45.6882592515 45.2848029924 43.0281022503 44.8365254542 45.7711503783 44.1178660251 43.6265469303 43.3864160988 63.944855344 45.2317987218 43.5090892269 44.1938645362 44.6103299719 43.2758707017 43.8934756574 45.1667468754 43.3685487152 44.3996027731 43.6084056506
0 0 0 0 0 0 0 0 0 0 0 0 0 0 43.2158902254 44.4357442448 43.0936218274 44.9368100005 45.3557299522 45.6437694423 43.1871536335 45.0128446322 44.092834942 45.4714915139 43.7120495894 45.2442759489 43.9100079031 43.6834817292 43.3083789474 45.2986623874 44.8363579209 44.2733353881 43.4744389826 45.8000496354 43.4633267212 44.1334694939 43.5233347586 43.1147876076 44.7390135772 44.2132032281 44.2229127052 45.710829576 45.1365568873 44.443166395 43.4010256804 45.1525330497 44.0142724355 44.4193500996 50.3408826978 50.3408826978 44.434864425 44.3676884265 44.4319019525 43.9115247735 45.0790452512 45.5486594111 44.374954771
0 0 0 0 0 0 0 0 0 0 0 0 0 0 45.7714210165 45.4696202426 45.3839478069 44.3889976898 44.789520275 44.8302047528 43.3957229358 43.773088084 45.5781645939 44.4286048289 43.4828062503 43.4363452647 44.3458275611 44.7574732865 44.4415291166 44.8460582763 43.2931216184 45.0441851545 43.713371615 45.5378990381 44.7666177242 43.026767558 44.1965482048 43.5982771026 43.9981183152 43.2815237261 45.6860132738 44.7460331939 45.3399943525 44.0521095365 45.275481537 44.846256508 44.3114858576 43.2010889564 50.3408826978 50.3408826978 43.2775357988 44.5269993501 43.8897039736 45.0724853184 45.7168715467 44.7554453182 43.2241009029
0 0 0 0 0 0 0 0 0 0 0 0 0 0 45.3873556381 45.394173015 45.100650446 45.6929390976 44.1474657072 43.5738083131 44.7148096381 45.6479193738 44.2197288977 44.9026051172 44.6183038534 44.5919338465 45.3036054572 43.2629064845 44.7642261113 45.0129817344 44.9661211828 45.1876312777 44.1598775993 45.0915524133 44.9522351068 43.1256708932 43.1850861358 43.8886696404 44.5557384744 45.041771702 43.377854492 44.4108929707 45.774910231 44.606499459 43.5223115946 43.7328901967 44.2867524924 65.5886793184 65.5886793184 50.3408826978 43.4243567182 43.3129184956 45.3757677403 43.2599479713 44.1994905197 45.3096856853 44.7023896057
0 0 0 0 0 0 0 0 0 0 0 0 0 0 45.5710525676 43.0981005008 44.1999955293 44.4324002328 44.3925146674 43.9630340053 43.4274071346 45.6738799732 43.2577159287 43.9578858104 44.033429322 43.5941762304 43.687710982 44.451314848 45.4375798955 45.750840886 45.3056450142 43.3444306189 44.5624991053 43.1364436403 44.0131329038 44.9022140328 44.5240846548 44.3203905052 43.7685066391 44.7999191169 45.0066026161 43.9803882183 44.1615829236 43.1765579589 45.6897571693 43.9111819549 43.1757669684 44.0672733855 65.5886793184 43.1011699348 44.2437939879 43.8339047192 43.5700924326 45.7319656384 43.3337350387 44.9454016062 45.348515089
0 0 0 0 0 0 0 0 0 0 0 0 0 0 44.6149212805 44.0217941424 43.4886134122 45.087709693 44.849275814 44.7539157849 44.2941951602 45.0082250532 43.4814598104 43.4908373076 44.0235034277 44.5331036263 44.6850377826 44.8335496294 43.6478293417 45.7538567737 44.1428849294 44.4175201826 45.2580055038 45.3912560422 43.3783752367 45.4184370432 45.0513305704 44.0683607672 45.5338207012 45.5580499677 43.2623533601 45.4186018704 43.3322293537 44.9156618808 45.3741342756 44.6394588593 44.1444873314 43.9522912005 45.2646972699 44.9476626263 43.0514627604 45.0330544368 45.8057937987 44.1769127452 43.2969807923 43.7898387273 44.9975614793
0 0 0 0 0 0 0 0 0 0 0 0 0 0 0 43.7986251439 43.2277181041 43.8800761772 45.0416111366 43.6495356443 45.7152422383 44.5740996902 44.5868820642 43.8915265565 44.005640899 45.6075117331 43.3353534094 45.448729777 43.4254266845 44.6614276229 43.746862205 44.1413289033 45.1469618513 43.3714544314 44.9044592698 44.6196694319 43.6550752624 43.5224684833 43.6492918582 44.3006024897 44.0729759379 43.4912553844 44.8885381165 44.6577363562 44.9886565457 44.6080348917 45.6802195407 43.3495595167 60.4462409264 68.6241562537 44.6075431096 44.953653177 45.2441893744 45.0723819012 43.4784408705 43.4917824561 44.2495665489
0 0 0 0 0 0 0 0 0 0 0 0 0 0 0 0 43.3297449553 43.2733743047 45.1045438478 44.0159743385 45.2544979432 45.3217613824 44.0681139429 45.3612821058 43.4641651031 45.056053878 44.7819885306 45.3126629079 44.7289006695 44.9193007912 43.5537204194 45.3065238049 44.3811052136 44.5575912302 43.7435468525 45.7593431149 43.6297021919 43.6263444566 45.1670064644 43.6095836538 44.1937752437 44.3086948045 43.0471076892 44.4166079077 45.2794118573 45.4945984984 43.0652850426 60.4462409264 44.8826633549 60.4462409264 45.7226826679 43.5747206763 45.1621492679 43.3881240025 45.2138896865 45.310005035 43.1973507378
0 0 0 0 0 0 0 0 0 0 0 0 0 0 0 0 0 44.652162603 43.8484881072 43.2711136208 43.2564867325 44.2468857168 44.1243728123 45.7568415117 44.7440237243 43.6074637291 45.3886957978 45.534351744 44.0963093866 45.0135866329 45.371546419 43.5892538879 45.1677572711 43.6880997807 44.9615209134 45.6241127156 45.0615647386 43.1718494621 44.4612747097 44.9271896898 43.9551678366 44.2964094528 43.7421950668 45.8126023279 45.7900029904 43.9644467297 44.8981054087 43.7144741227 60.4546085843 43.452810185 44.1803020893 45.5387127432 43.4053041054 44.2919225029 43.8406308799 45.3876129679 44.5729726088
0 0 0 0 0 0 0 0 0 0 0 0 0 0 0 0 0 0 43.9752310365 43.6511147197 45.5854219853 43.937405441 44.3007193658 43.7955162453 43.4657210668 44.3557648503 43.185777299 43.9057571463 45.4567633951 43.6626102966 43.2005709555 45.3802894177 43.5938513783 43.3052253396 44.529639695 43.586555043 44.3097477973 45.7696038803 44.5073016919 43.2468356357 44.6064804986 45.6034728304 45.792410085 43.9584300158 45.6878922535 44.0670663564 45.8238635432 45.2501348483 60.4546085843 60.4546085843 44.9731191509 45.3158570969 44.2165248579 44.2488018085 45.220776489 43.0157104095 43.8707527732
0 0 0 0 0 0 0 0 0 0 0 0 0 0 0 0 0 0 0 43.5095024344 44.521925997 44.1273331639 43.807724975 45.5163592682 45.6478701418 44.6078489064 43.4963455697 43.3148421354 45.4897903549 43.6192821564 45.7974155826 44.0880098628 43.0879097254 43.1851660989 43.2771755242 44.6737038919 44.7424116262 43.3372019189 45.7062493907 43.4222812427 45.5706009171 43.8745215994 45.2658674223 44.9617410287 43.7239514808 43.8102389392 44.8553937995 60.4546085843 60.4546085843 60.4546085843 45.4804902525 44.6984019663 45.1037897559 44.7391383316 44.9012704335 43.3909307542 44.8886276003
0 0 0 0 0 0 0 0 0 0 0 0 0 0 0 0 0 0 0 44.2236300745 44.3695118789 43.638265254 43.5795878865 44.3747346947 43.6383441271 43.7228220855 45.3055089868 45.2360302712 45.495041813 43.6803649452 43.459755283 45.0810862115 45.7206518756 44.3431782628 45.3278581749 43.9040852921 45.1228540306 44.6855491274 43.6118168083 45.649753728 43.1472941689 45.2594741062 45.5961484059 43.1653448324 45.7487724676 44.1136671918 43.768173061 67.4912624613 67.4912624613 67.4912624613 44.1908291337 43.5086263995 43.7897376388 45.6483541515 45.1406132158 44.332436945 44.5032257209
0 0 0 0 0 0 0 0 0 0 0 0 0 0 0 0 0 0 0 0 44.6254080875 44.3309308187 44.6178913168 43.2364305688 44.7267269688 43.8447364691 45.0904838714 43.131560656 45.6091600531 44.113975719 44.6470683906 43.4235724285 44.1608315525 43.5266790785 43.9037587219 44.0950907064 45.403903717 43.4996422186 45.8282475167 43.8733918297 45.5179267512 44.102113162 44.4458301773 43.7928221653 45.1981788095 44.8595070647 43.2771794736 43.3274603175 45.0585063799 55.4995914871 44.782495894 43.7967748206 44.4347453704 45.2020294661 43.6892714872 43.2424719223 43.4792400486
0 0 0 0 0 0 0 0 0 0 0 0 0 0 0 0 0 0 0 0 0 0 45.0513856234 45.3881173927 44.0464872292 44.6150779476 44.7418709446 43.9310022436 44.0216054478 43.9869988286 43.7080740233 43.6191966402 45.707886878 44.910172525 43.1427387203 44.6278366821 43.1644811305 43.298667412 43.1651268604 43.581225585 45.5906660328 43.2902497502 44.3662007122 43.0007492743 43.9237628725 45.5416190965 44.167003979 43.8771426196 72.9519639536 72.9519639536 45.4361028077 45.7340117298 44.3779501625 45.3588000591 45.6783345501 45.5529669618 45.3632843581
0 0 0 0 0 0 0 0 0 0 0 0 0 0 0 0 0 0 0 0 0 0 44.9172346716 43.6581321233 45.1380035554 43.6046608905 45.3321414017 43.1608133231 44.3831322493 45.2847581595 43.6978562539 44.6220044226 43.4939623161 44.949566296 43.368921328 45.6271086745 45.7065339109 43.9854893782 44.8591988608 44.5717327312 43.3302473807 45.7607263493 45.1864428548 44.1643464347 45.7754487851 44.4687236081 45.3715591557 72.9519639536 72.9519639536 72.9519639536 45.5860374208 44.8353187385 45.3046950194 44.0074872919 44.2857812887 44.8750886116 45.5580578278
0 0 0 0 0 0 0 0 0 0 0 0 0 0 0 0 0 0 0 0 0 43.3618781686 45.3712657066 43.129248515 44.8857766476 44.4636068156 45.613178997 43.8665788555 43.5744109464 45.343363457 43.9726693549 43.3711576649 43.7693469724 45.8139976789 45.0736099295 44.4933926202 44.795454532 45.2957150801 45.6727068296 44.8024747719 44.8732843053 44.7917886359 45.7547644371 45.3100857314 43.178331347 44.428784889 43.2200373745 43.2235346208 73.3016726188 44.1880847557 43.3555310684 44.0126951132 45.1223096999 43.486106413 43.6417263069 43.4287135064 45.6518432743
0 0 0 0 0 0 0 0 0 0 0 0 0 0 0 0 0 0 0 0 44.403385506 44.8760549009 43.7824206666 45.7492896575 43.437054424 45.3765768043 45.716900309 43.0247617927 44.7924447299 45.1098709558 44.1164790129 43.5199637848 43.002808347 45.5340952959 44.4059523915 43.9025292021 44.7525805312 44.7001873178 44.3342564301 44.0029539728 45.5165404735 44.7784542382 45.1843778829 43.8619554447 44.9033499123 44.8464604865 45.8190110054 44.9028520052 44.8056538447 44.7342076905 44.3702359335 45.827267038 43.0767218929 43.2559423161 45.5316752883 43.8569715077 44.8915719486
0 0 0 0 0 0 0 0 0 0 0 0 0 0 0 0 0 0 0 44.8044239553 45.532003067 43.6820364051 43.5047860489 43.3610991909 43.0334964066 45.69568071 45.7898304561 45.6301570836 45.3495651343 44.6559593106 44.6891414276 43.9141042957 44.681348763 43.3431016269 43.4439899624 43.3715264227 43.4996871 43.4694190895 45.1772620399 45.8099052041 45.6322042519 45.1971698817 44.073430558 44.4492178164 43.1615455182 45.3867562115 45.4702532851 44.7057242072 45.2413703522 44.5217261513 44.8618282768 43.0980905146 44.7395818166 43.3186302669 43.788173111 43.5032981394 74.5951376011
0 0 0 0 0 0 0 0 0 0 0 0 0 0 0 0 0 0 0 0 44.2324804987 45.7333122431 43.2943190736 44.7586865578 45.7470789936 45.1299312776 45.6509329438 43.8941345559 44.1099031196 45.491558169 43.5403842909 44.0421230621 43.4742208502 43.1273039193 45.4467804124 44.6767077528 44.562935843 43.1280831528 44.6776252287 44.4207580778 45.1506766155 43.3953727365 43.5592148948 45.5162762908 43.0072122848 43.0748962083 45.8029261347 43.5648215612 43.4187603494 43.8937720153 43.8306021294 45.6091429175 44.1101093255 45.5397211879 45.3216845353 44.7855852822 45.0132565172
0 0 0 0 0 0 0 0 0 0 0 0 0 0 0 0 0 0 0 0 0 45.0397900391 43.5199842499 43.6883156213 45.2516715636 45.1543455431 44.7872511371 44.1392855833 45.7403662329 43.9638522417 43.4544100938 43.9455165265 43.5012101051 44.0705386123 45.5282133632 44.7495200311 45.7029493776 44.8118911594 43.1566292664 43.703373207 45.4026247786 43.4191163028 43.2230653436 44.2445130541 44.8414613852 45.0508455036 44.99618065 43.6925770243 44.974055561 43.7243600621 44.658734028 44.4207670911 45.0932524307 43.1619405923 43.0588942745 45.7297578749 43.1115599534
0 0 0 0 0 0 0 0 0 0 0 0 0 0 0 0 0 0 0 0 0 0 0 43.9175991508 43.0301986888 43.1577309124 45.3098198541 43.793888031 45.117177719 43.007928647 60.4592569491 60.4592569491 45.4530799199 43.5393458728 45.0076834385 43.5283862099 43.2298876999 45.502530215 45.3286883218 44.1230193967 44.8186348658 44.1220888025 45.6864464253 45.5990329413 43.4283090316 44.5155240995 45.61499197 45.6760562632 44.5303109359 43.1409465176 43.4922755879 44.1002132644 44.4090098635 43.4266682641 43.231764426 43.9564132137 45.0249847906
0 0 0 0 0 0 0 0 0 0 0 0 0 0 0 0 0 0 0 0 0 0 0 0 0 43.4638055149 43.0231141434 44.4774719041 45.071012007 45.5920872057 43.5171864581 45.4405690259 45.3177827649 44.1114295077 45.4424942835 44.1960868945 44.5362585543 45.0393261143 45.5732335685 44.9556368485 44.1916057781 44.6098080469 43.5039556618 43.3723252539 45.498171845 43.2643325121 45.33899792 43.2553102251 45.5326720462 43.348668437 44.8071854799 45.7804449887 44.9737470489 45.0318598056 45.1521912506 44.3574073489 45.0195331467
0 0 0 0 0 0 0 0 0 0 0 0 0 0 0 0 0 0 0 0 0 0 0 0 0 0 44.2848364098 45.2876768387 43.396629293 43.4745296041 43.3400990261 44.6534775147 44.811180121 45.8097863643 43.3460018518 45.8052295016 45.4885197463 44.3866423423 44.7966858879 45.2005839677 43.1532028221 45.3813309047 44.4763623578 43.9543803257 43.0713483107 44.7511507165 45.511056701 43.8027084892 44.4390099299 45.384797979 44.590797957 45.3983711673 45.2896571382 43.9871626369 43.1792168814 44.1255415386 43.4251560882
