Spatial_Output/DEC/DEC_1058.asc
NCOLS 155
NROWS 192
XLLCORNER 196307.867259
YLLCORNER 449144.565805
CELLSIZE 33.573938
NODATA_VALUE NaN
[rows 26 to 51 of 192, columns 57 to 113 of 155]
22.8742326212 22.9018309838 23.01811814 23.0655568555 23.0495914124 22.9838418817 23.1766799116 22.7659155044 22.608815164 22.8382991143 22.6951395305 23.1672080109 22.6377203589 23.1464259412 22.6607556743 22.840198519 22.6862220055 22.652272813 22.8343635677 22.9193542866 22.8392324706 23.1476942244 23.1895052678 23.1792283259 22.688213154 23.0637770677 0 0 0 0 0 22.8412707585 22.7119467594 22.5081103535 22.6933294505 22.6923654596 0 0 0 0 22.7480324914 22.8761770316 22.9293969627 22.6325870961 22.5416695776 22.7764546444 23.1638786078 22.8227059644 22.7305505125 23.1490331455 22.544775365 22.5347012999 22.6813722448 22.6292767704 22.5830385776 22.6033460956 22.6639795041
22.9852311952 23.0565004419 23.1377381685 22.5604147165 22.6122290205 22.967596224 22.9151522607 22.7195994609 22.9946412458 22.5776295806 23.1453090651 22.6817334493 22.5359890874 22.7141505596 22.7356238841 23.0438310028 22.5075979612 22.6176097955 22.6222231429 22.9458555877 22.5274255328 22.9927238275 22.6736305384 22.6258700559 22.6412132942 22.8705281595 22.5312268795 23.0476589954 22.7675109675 22.7670199012 22.9523069178 23.1064527109 23.0821804595 22.7668887307 22.7368478458 22.8366783233 23.090465452 22.778290733 0 22.9630759727 23.0563847067 22.8274854169 22.8558784164 22.8136347875 22.5134453984 22.9731205091 22.510605564 22.6516110732 22.6838428919 22.9510107047 22.5184418919 22.8393131387 23.1073549404 22.567446997 22.5715806027 22.9929075624 23.0148269617
23.1149160912 23.1675032421 23.0310226833 22.6686632529 22.8156693684 22.633744799 23.1016219518 22.6873617874 22.6807351562 22.7573447266 23.0239824529 22.6578382227 22.9184132283 22.9704909174 22.5847604483 22.9879814561 22.5364644515 23.1634413885 23.1199741729 22.9891362071 22.8170929169 22.5873857593 22.7079964785 23.0551383869 22.5989724737 23.181741891 22.8143889416 23.1509982736 22.7082676727 23.014538245 23.0723344021 23.1041776956 22.7927462509 22.9972521315 22.8647531825 22.8209376602 22.7503947721 22.7371099231 23.0895337441 22.7480939391 22.8826803652 22.8178800849 22.980483572 23.2044802174 22.5181714435 22.8077337389 22.7294699173 22.9593788353 22.5326348154 22.9092821711 22.729389804 22.7224250413 22.9964648311 23.1546941 22.7815741573 22.935089772 22.9956617658
23.1040928628 23.1957719586 22.8792230361 22.9274813204 22.8502694021 22.7893357849 22.9474224576 22.541095533 23.0911772967 22.9673133189 22.6443632813 22.8443537113 22.5790605676 23.1324264414 22.6334415169 23.0222261663 22.6807855657 22.5923678947 23.070104446 22.7912504545 22.6340444542 22.7199265491 22.6891116442 22.7625044437 22.9812370814 23.096287096 22.5704685094 22.6462781679 22.5207654735 22.6848020346 22.5594739104 22.942129278 22.5680136723 23.1436403416 22.6497950786 22.6946289846 22.6437243304 22.8000175174 23.0043728478 22.6045740812 22.5722150016 22.8240988928 22.5509907336 22.9782881873 22.6388472162 22.6197110042 23.0234059759 22.8623888908 22.6055392689 23.1749179275 22.5387308367 22.683471931 22.6858963914 23.1994810814 22.5324983896 22.957847806 22.7478178536
22.9000270693 22.697338644 23.0601922754 22.5694419288 22.954590495 23.1552389213 22.5202358498 22.7559076476 23.1456454046 23.1795932624 22.6494519989 23.0245123279 22.5954157241 23.1596337919 22.7346052561 23.1650377393 23.0386313337 22.751706421 22.5872853192 22.5449194464 22.5065611086 22.6418672756 22.9183921838 22.8688378827 22.5854994562 22.5570175352 22.5182217085 22.6851409476 22.9419157743 22.8382733182 23.1479490652 22.8230566396 22.5562376287 23.1664039724 23.0206739951 23.0394070684 22.9685583528 22.6738620682 23.1403380932 22.9202998682 22.6428213921 22.650940667 23.0273258161 23.1093553986 22.5617188862 22.7154452691 23.0544084275 22.8014112948 23.0156172132 22.6216660676 22.7563365725 23.1388780618 23.0685815499 22.8874471218 22.8684792337 23.1101890724 22.5782840076
22.5112196626 22.8020748778 22.9797506884 23.1755544844 23.040315798 22.6322492246 22.8914811743 22.5980473605 22.5465378736 22.6502669327 22.8280831669 22.9109938059 22.9086284905 22.7540957641 22.5798315814 22.6951532185 22.5016457522 22.7392030797 22.7391455754 22.8668700812 23.2025258355 23.0153776472 22.8474275985 22.880150608 22.5192055755 23.058155368 22.9904855542 23.0493828434 22.8289131373 23.0953355786 22.5799239756 22.9405440399 23.1868774065 22.5966756923 23.1414621491 23.0251050841 22.8016834831 22.7455454993 22.5146602067 23.1832128487 22.5279337839 23.1118602789 22.5603267926 23.1382855125 22.8632128753 22.5597892535 22.7879900187 22.9768745583 22.9013130243 22.9144428629 22.8231450078 23.0626372299 22.5083771006 22.9199513371 23.1445938556 22.5613739177 23.1154561593
22.7474588699 22.7110753485 23.0771816871 22.62719643 22.5194888984 22.9243605912 23.2041048495 22.845827779 22.7389748147 22.8675562899 23.1314549734 23.004615148 22.5058054494 23.0262263467 22.6851291852 22.5003770578 23.1799923564 22.8919110402 22.9233993245 22.6180406555 23.077945393 22.7871241514 22.8782670551 22.8737799839 22.8162029263 22.6023558769 22.8096262608 22.6850542535 22.5045987059 22.6332934032 22.8099295664 22.8910856452 23.0443338227 22.6205975134 22.827965625 22.7422683086 23.0774071893 22.989702699 23.0996361773 23.0621088785 23.1185819843 22.8279688511 22.8816924838 22.9372886194 22.6324683584 22.6054540436 22.8814312561 22.6498467899 23.0629110562 22.8939459566 22.8310650571 22.8445315422 22.9015702338 22.5595603445 22.7717540311 22.6471072491 23.0487874495
22.5138775674 23.0732860307 22.5287151144 22.6996489044 22.9935058628 22.6364057238 22.8702273264 23.0391381886 23.0776792008 22.7591151326 23.1185023939 23.0707996162 23.1488000924 22.6929361518 23.1815381853 22.7313220518 23.0766101003 22.6184224235 23.1357106502 23.076213287 23.0951924531 23.0746120489 22.9722102044 23.1169016789 22.6968950365 22.7996381232 22.9101273904 22.9911528703 22.8600141807 22.5315105391 22.6525692433 22.7753025608 22.8467092252 22.64060787 22.8045769489 23.0979531261 22.6282736285 22.9454164266 23.169865811 23.1682860583 22.9718884152 22.9404379496 23.0565718867 23.1933144429 22.6434188778 22.7937970162 23.136865069 22.5447544544 23.0812119566 22.8571154139 22.8553624667 22.7902883106 22.9193766445 22.7197192204 22.5859230076 22.8544088017 22.5252508462
23.143952008 22.5645479172 23.1860451322 22.5227312935 22.5981363951 22.6744922015 22.9704441268 23.0178052783 23.0049681842 23.1087544938 22.9206981843 22.6643517265 23.1537507118 23.0027258751 22.5509280821 22.9181950305 23.2058962912 23.0597949094 22.8057472537 22.796645117 22.5303342304 23.0586350312 23.1150848504 22.5469117251 22.9983394528 23.06132936 23.1274047903 23.1182798969 22.5969146581 22.9143391383 22.5566309979 22.7910862037 22.5063045063 22.7712732457 22.782594038 23.1290254763 22.6722733384 22.6730266732 22.6685939124 22.981168445 22.7843113182 22.7591214734 22.5374589514 22.8694869426 22.7280681541 23.1743739625 22.7615172437 22.8357684676 22.7858327739 22.7875160683 22.5298328143 22.7867309568 22.6495173551 23.0418678045 22.7969389957 22.537211566 22.9656795786
23.1350955921 22.5896781527 22.9195916536 22.8819254129 22.6833699548 23.1041218711 22.817216214 22.5385056127 22.6732715681 22.9342004451 22.6841322855 22.5672630794 22.8131964223 23.0216051833 22.9249279802 22.5377169549 23.0740803889 22.7867679912 23.0541997467 22.9625087845 22.810135971 22.8675540898 22.6110922388 22.5155880208 23.1589752541 22.862536427 23.1234964832 22.503616767 22.8234619651 22.9528658689 22.8778627417 22.516175082 22.7097007681 23.0790569013 22.6819617683 23.0060654477 23.0783259771 22.709367747 22.8582035765 23.0353925355 22.7292046212 22.7305377342 23.1428862947 23.0623317459 23.1989753211 23.1650512478 23.1147335086 22.6100341788 22.9197627914 23.1983676 22.6824038275 22.9407381701 22.5509017466 22.739893902 22.8868521772 23.0832990738 22.8576465937
22.7783837181 22.5080786259 22.9888015319 22.7979746454 23.0970353993 23.0949353635 23.041433532 22.9594286791 23.1440600998 23.0111414166 23.0922464137 22.7170936783 22.8290676288 22.5392826603 23.0741455091 22.5507064992 22.6824823814 22.6827797056 22.7629632209 22.8593462756 22.790629504 22.8678780336 22.8542001873 22.5461044347 22.5474478834 22.5185593435 22.8944807278 22.855662555 22.5016389498 22.7431823722 22.866660871 22.9964834105 23.0385768602 23.1639870191 23.1222510069 22.987668201 22.7223322912 22.8981043234 22.6780252668 23.0051222236 23.0292249822 22.9057164693 23.0297417888 22.922399243 22.7106291612 22.559350378 22.9721068268 22.9451708377 22.9790748818 22.9045643779 22.5448234115 22.7430274824 23.1948567459 22.7999735029 22.7840639859 22.514083957 22.6326557694
22.7589244538 23.0692812173 22.529355671 22.8289095324 23.1089944921 22.8607689202 23.2014298609 22.9979431712 22.9775910303 22.7890759578 22.6590957759 22.9630480547 22.8951926791 22.8348620058 22.8499303418 22.7247167493 22.9820152429 22.6804395606 22.5199118567 22.6937524563 22.5116562503 22.76530456 22.824427551 22.6243477009 22.9001514589 22.9876667855 23.0859865763 23.1811581623 22.9453292836 22.7154043414 22.6148468555 23.1133805038 22.6951124931 22.7695182536 22.7152358468 23.1355325308 22.7482986492 22.894743909 22.7298987579 22.9945006406 22.7083844659 22.7499917539 22.6021313614 23.0954735128 22.5555808464 22.5101596471 22.7549810099 22.6779212958 22.5705229645 22.6020092066 22.9986955823 23.1230400154 23.2040556079 22.7032123833 23.1545012957 22.6791118974 23.1915108838
23.0134494373 22.775240252 22.6115331278 22.9937968664 22.9552269218 22.8329200099 23.1348257482 23.1040498618 23.0048773972 22.576298742 23.0922361514 23.0701842155 22.8639300727 22.9326575966 22.5141266766 22.7161138705 23.14229107 22.7781839206 23.1267412638 23.026834806 22.7713216315 22.573946215 22.8249323802 22.5752974385 22.9816520736 22.5895357332 22.5214755432 23.143498978 22.7967474255 23.2020720932 22.5754519099 23.1037135911 22.7468330815 22.9865339768 22.9083509022 23.0775035393 22.6023265554 23.0339029367 22.5887832462 23.1207896984 22.619213681 23.0612199187 22.6772623888 22.6714914804 23.0868256045 23.0295799099 23.1772219922 22.9343056839 22.8217174093 23.0245920498 22.8625918624 22.8502121337 22.7087861532 22.7141950156 22.7748459722 22.8015728901 22.9437116434
22.9321602712 23.0927861146 22.7022985351 22.5247240784 22.9750033758 22.7951826084 23.0118946207 22.5788392004 22.6432117684 23.0796528095 23.0587194154 23.0153136372 23.0463969204 22.5687462051 22.6111293415 22.8928214186 23.096672941 22.5516756056 22.5400380839 23.1726498615 22.5576360302 23.1784399664 22.7211484481 23.094447152 22.8617091332 23.0494834591 22.8363011975 22.9375366328 22.9153964918 22.5692763753 22.5559381433 22.5820954955 22.9156828684 22.9552679948 22.5018510926 23.1959914544 22.7960546442 23.1679819915 23.1751223629 22.6493519839 23.0377666284 23.0121977741 22.9240139286 23.1615175464 22.5039180399 22.9878229752 22.9743219556 23.1843275417 22.7756976317 22.6178992177 23.1005829263 23.0763550493 22.5587293307 22.8705920032 22.806344629 22.9887957732 23.1016497722
22.8546439962 22.7284036056 22.6446450001 22.9967501527 22.7076403215 23.0201568634 22.8824525357 22.6932943741 23.016650688 23.1678332658 23.2030514636 22.8425906382 23.1344985903 23.1413454054 22.6969409021 22.8933454368 22.7211625975 22.6656516957 23.1853230261 22.8547767485 23.0714433327 22.7136759094 22.5319706199 23.0275722943 22.8663363264 22.7552354455 22.619112465 22.5243157745 22.5448551987 22.5469760157 23.124607506 23.2048522213 22.8787280509 22.9740106266 22.8155583759 23.0350705026 22.655095131 23.0537706278 22.5962088479 22.9032275266 23.1908934959 22.9778182056 22.6274067768 22.5638261769 23.1909769555 22.7667846353 22.9498260175 22.7352006593 22.9520049901 22.9221031278 22.8830056821 22.86262498 23.1299812742 23.0222355618 22.6681972501 22.9198091585 23.1775878236
22.7479476907 22.5698015777 23.1184090145 23.0703895081 22.589041453 23.0256409746 22.8327410122 22.5517792663 23.0499355843 22.9025846757 22.7089791678 23.0652915138 22.7111505643 23.1157977496 22.6148899542 23.1992825003 23.1227415355 23.1356534748 23.2057555722 23.0753003019 22.5823238161 22.5075966835 22.6939865451 23.1739851518 22.5999882274 23.0583759974 23.1462562555 22.7593487206 22.8734114027 22.8939722196 22.5688345665 22.640048519 23.1936944502 22.9691705539 23.0933925196 22.6481095851 22.810631258 22.5804477187 22.833979436 22.9097859395 22.5232210695 22.6150718321 22.9034786045 23.1055723094 22.674071064 23.0637241327 23.0791488419 22.7429570071 22.5958478023 22.6604329352 23.1272986997 22.5357154647 23.1309019674 22.6766945539 23.0914253132 22.6897243133 22.9393877239
22.8085869243 23.1443703608 22.5893484409 22.7943251994 22.6664209511 23.0357103025 22.5474091935 23.062096114 23.1104896382 23.0231379016 23.124692398 22.6392222186 22.9383531617 22.9573898127 23.0156861328 22.511319359 22.5078200787 22.8768069327 22.7869947732 22.8219130459 23.196321675 22.8447671312 22.9773779065 22.9583281452 23.0659925211 22.6105825126 23.1627132052 22.5064428104 23.1726251096 22.9293240884 23.1541759438 23.030524774 22.6105791352 23.1286920372 23.0704330111 22.7393139669 23.1936631962 22.5197066376 22.9873614952 22.8425007831 23.1543919406 22.7696303352 23.1010773036 22.749112303 22.9401832881 22.7067313164 23.0700116972 23.0584873238 22.9689658704 22.8313095677 23.0683698774 22.6840527308 23.1566915671 22.7528552066 22.9998910328 23.1551272939 22.7986513083
22.9058819074 22.5203914188 23.0894921927 23.0456946095 23.0604188154 22.9494068989 22.9860739992 22.8118816992 22.713593301 22.7548231967 22.5268919328 22.9747737607 22.5677542837 22.7503654166 22.9306532825 22.6996821836 22.753595423 23.029816125 22.5009975397 22.8122872145 22.5596683129 22.9717390236 22.8585343911 23.0267197988 22.5214350263 22.6269899217 23.1146694676 22.6966537239 23.0156629943 22.9853116612 22.6951906088 22.7734032727 23.1919985695 23.0168961915 22.9410140631 23.1017158276 22.8100478038 23.0219774402 22.9171383752 23.0741611851 23.087638713 22.5805135831 22.8155488256 22.9126434097 22.8367114854 22.9821073926 22.922207263 22.7375314524 22.7291938026 22.693602929 23.0948266511 23.0937378661 22.8550490271 22.5582666533 23.0266577738 22.7641421556 23.1405238817
22.8389439034 22.8408288432 23.1357299899 23.1761314038 23.1797005744 22.5503980652 22.8943294312 22.5765486262 22.8940864501 22.8967414228 23.1089537184 23.1668979222 22.5265826605 23.1420140627 22.9386129852 22.7299482324 22.7463271834 22.9256396529 22.8357398961 23.1974306896 23.0529936094 22.6664632563 22.8000188108 22.7464886116 23.0380591781 22.5323997449 22.9057396479 22.7716338218 22.6759030928 22.6297696653 22.7353895624 22.8947360208 22.6073258 22.6149749998 23.1815837612 22.9107326088 23.1187971118 23.16104689 22.9561591737 22.5128566867 23.1529411222 22.8732761662 22.5933322241 22.5059129636 23.0219281516 22.7427308952 22.7973293578 22.6664222718 22.5369297514 23.0228645737 22.7411146916 22.6946267553 23.0776069801 22.7080182093 22.5220544606 23.192045927 22.8077131552
23.1692627858 22.8182713323 22.9864475955 22.9798891809 23.0575330073 23.1554266583 23.1085731652 23.0015115347 22.509644082 23.0910106656 23.134469186 23.1293836684 22.8673484637 22.7656249973 22.8230803122 23.0593895479 22.9082591483 22.9731183287 22.6941415888 22.9128370593 22.7498786239 22.6818078524 22.9842062682 22.7114765027 22.7667524957 22.8237072936 22.6094206708 22.902730885 22.9451779826 23.1877024683 23.01102066 22.803999013 22.6335717688 23.1870086926 22.7609083172 22.7977593304 23.0041607443 22.8122535591 23.1413232305 23.1190582766 23.0851162342 22.8651815108 22.5551797404 22.9816725569 22.5843376739 22.6689938545 22.6402968032 22.9870018799 23.1692421562 23.1064486559 22.5183340567 22.6936007017 22.8477413311 23.204946418 22.5306280611 22.6656871787 23.1137496166
23.1369327238 22.9668259943 23.1901685566 23.0530377781 22.7219707952 22.9799696523 22.5640085446 22.549916051 22.9290141669 22.5202004626 22.7183020801 22.562549916 22.9713491856 22.9805959259 22.618982853 22.8879814856 23.1586244382 23.0736181976 22.6997010506 22.593852217 22.6965462142 23.1991639157 22.9991714455 22.7964545424 22.7349424558 22.5352830473 22.9106927135 22.7802688461 22.68703734 22.5698467931 22.9747820276 22.7863223989 22.8431553055 22.5972463092 22.7758331547 22.6544601112 22.6741260304 22.8709914454 22.9245449771 23.0810955936 23.0528349343 22.795378861 23.025448146 22.9426466164 23.1296361669 22.961048849 22.8094475981 22.764173033 22.9921850882 23.1870349181 22.6468271572 23.1859059711 23.0746725254 23.0407702364 22.7099649747 23.0636794864 22.7104839329
22.5813461168 23.1061754868 23.1422820149 23.0150098713 23.0540711075 22.9241063089 22.5244398724 22.63020309 23.1354308951 22.8537331708 23.1275757029 22.7600098544 22.9539679614 23.0107399354 23.030858892 22.9526228639 23.0885644415 23.1584579205 23.0127236556 23.0152588142 23.170304056 23.0274554588 22.8792548392 22.8985191484 22.6950019425 23.1529233872 22.9110259375 22.8979453846 22.9679118615 22.9437735546 22.685960238 22.6952738947 22.5786832072 22.5306273481 23.1886052596 22.6831591585 22.9400905395 23.1697097271 22.8799683138 22.9850960327 22.5189337699 23.1771915874 22.8982172354 22.7532093192 23.1655537465 23.1453402792 23.1280400586 23.1042056244 22.7506426026 22.6953000268 22.7991567695 22.9217353967 23.1001526265 23.0852175308 22.9397525773 23.0025000271 22.6309877379
23.03290366 22.8871498507 22.8267767386 22.5697516257 23.1353575802 23.0594829806 23.0999001521 22.8048856039 22.558464601 22.8349942141 23.0121937431 22.7218536577 22.8513147132 22.673876998 22.6335017314 22.5902260606 23.1924156244 22.8899406496 23.0286164613 22.5081214298 23.0284023156 22.6323843596 23.0382722261 22.5348158233 22.981718115 22.5185741329 22.9235887479 22.5890170216 23.0886354059 23.1919790532 22.8662139105 22.9507740837 23.1585712667 23.1855393313 22.5746215424 22.7007763804 22.5976241989 22.9715010137 22.9774843583 23.1507916926 22.5753180517 22.9256301982 22.7090870652 22.9225540395 23.0795326975 23.1570827345 22.6717380798 22.8592643221 23.059799461 22.7146440792 22.8202515013 22.503995299 22.8580568343 22.9493480692 22.9892457003 28.7971275335 25.2973269375
22.5501674476 22.7087095967 23.0473643939 23.0058067767 22.5920827194 22.6543248418 22.6114940892 22.5536966088 22.5560155154 22.814292033 22.674195987 23.2061799414 22.6830655203 22.9785395172 23.0299156837 22.6164761471 22.531548652 22.8440093236 23.0498705123 23.1606058986 22.8607680438 22.8851421691 23.0009158603 22.8058444238 22.565179333 22.61196174 22.5008000208 22.7405296933 22.8758898535 22.6025255595 22.9317500759 23.1749307599 22.965899342 23.1449331377 22.5039468839 22.529303011 23.1832398009 22.7677362779 23.1032519322 22.6692471568 22.6209988634 23.0902755318 23.148753725 22.8315821236 22.6779344019 22.9185840955 22.9742746759 23.1056314019 22.9509246177 22.6325516821 22.6623972817 22.7649956325 22.5258681075 22.65384059 22.7697433301 17.0543329496 27.4443286061
22.7870931093 23.1934882733 23.1231108607 23.1554205681 22.7596836176 23.0402449532 22.5467020873 22.9644123073 23.1579794699 23.0037999197 22.6245765471 22.8187223661 22.8325329436 22.6183231172 22.7782487358 22.5203231075 22.6910291163 22.6009502968 22.9846816385 22.5427881358 23.0279419345 22.9176503674 22.7014722297 22.5840842361 22.6861072761 22.6730678453 22.9237658166 23.0476926199 23.0924552159 22.9366604316 23.1022804976 22.841706343 22.6836568311 22.9304423047 23.1562074775 22.7877190852 22.5718750977 22.7543312627 22.6939288817 22.7995974233 22.5708773107 22.53708459 22.652490295 22.5217114345 22.7428105171 22.6072343206 22.8821567936 22.8354324027 23.069864689 23.1557111736 22.9087761237 22.7286836601 23.139668512 22.6035649362 23.0407990026 25.505485216 28.7566320866
23.0498543547 23.0533081931 22.9634961135 22.6657250035 22.6025166464 22.502285876 23.0146039995 22.8096417112 23.199350436 22.7360054207 22.7510821481 22.6373992324 22.7067455017 22.725624743 22.701127432 23.0523087627 22.5017646252 22.7881399035 22.9346086127 22.5265413449 22.8744099564 22.8309452015 22.9345575483 22.6016327392 22.5655812142 22.5284540089 23.0091676337 23.1273076445 22.8377930316 23.1265598154 23.1166797067 22.5222479738 22.6019682872 22.5426462237 22.6499286188 23.1827808507 22.8892173369 22.5195707739 22.8254049008 22.9322753391 23.0271128902 23.061366647 23.1424126529 23.1716808626 22.9346196225 22.628405834 23.0034880767 22.6829296727 23.0111770669 22.6690127513 22.6950569304 22.5723314 22.7011646656 22.7510049466 22.6748186782 23.0944831906 22.7635557379
