Spatial_Output/DEC/DEC_0637.asc
NCOLS 155
NROWS 192
XLLCORNER 196307.867259
YLLCORNER 449144.565805
CELLSIZE 33.573938
NODATA_VALUE NaN
[rows 52 to 77 of 192, columns 57 to 113 of 155]
25.7764910648 26.8520233744 29.333110032 27.6072989776 25.7493563685 29.2252904811 28.2993140463 24.7296821163 27.6570047279 28.5940220195 28.8440408531 28.968977755 27.6117662007 26.1161955782 25.8133937504 27.7662836986 26.5808667101 28.414260733 24.8326033951 26.872156315 25.6932639629 24.8939827027 25.8320108367 28.0407882834 27.7595257451 25.5707369008 25.5850174402 28.6756780409 26.3693919224 29.019258032 25.2438548266 26.0989280251 27.4554250206 28.1707518346 29.2648842739 27.6240923941 25.1120701798 29.0508776601 27.0529749776 28.776141404 25.96723992 28.6634028937 24.6492701307 28.0554834435 26.4829109636 27.2663290267 27.7383377533 26.0882185257 25.8760529319 26.6896837562 28.493970116 25.9383606086 26.8875847601 28.7936902113 26.6110559264 28.6047332757 27.3797728089
28.6198408067 25.5626323948 28.1484895762 28.4514388459 26.2030571186 28.2374009843 26.8512058085 27.7351295654 29.271802872 24.5279854752 28.224752623 28.3172652733 26.2138372126 28.2133232973 25.4499294362 26.4136080474 29.2683738085 24.6058088093 26.0027332177 28.4378497064 28.7743174 26.4022713529 27.2011711061 27.1653661679 24.5981555052 28.5152588692 27.6963656441 28.3836476583 28.4684052583 27.8084225806 28.7845498062 27.1206838872 28.1074961314 25.2495708753 27.7131453149 28.4752220055 27.2486791198 26.8296185128 24.9820275365 26.6475972407 28.4759522927 28.1162232081 28.4111924966 25.2118914006 24.9594056411 26.267832037 24.7119567754 27.4795190652 28.068262485 28.6347324053 27.3866917754 26.0844115607 25.5814606149 26.0163311492 27.4929644147 26.2618272186 28.6491101092
24.7681524777 26.9717722097 27.236774162 28.7184651446 26.7639200819 26.4775489775 28.6422806653 25.2278231899 28.0895269223 25.8998286314 26.5794144079 26.0824942527 26.861760014 27.3119696952 25.7795939953 25.0331497134 26.2596592803 28.6956650417 27.3707375286 25.659639027 27.2326325098 24.9756943667 24.6600920751 27.796251442 28.0083864496 25.7260236575 29.1228150333 26.6826623478 29.0883309355 29.4029536254 27.2957066827 26.212107041 26.4813211192 26.9015025449 28.4101011373 26.4774140257 28.8869161979 28.9368398929 24.5995009773 29.3559423314 27.7343263438 27.6716365862 25.8533047232 25.85463248 26.7462335781 28.3849268194 25.4891312973 27.0114415299 24.5344369724 24.7153714004 25.5913126707 29.1157177674 28.2094820816 28.9755534406 28.8347811287 28.7659639532 26.1727613217
28.5501141572 24.9765419636 27.1892317748 27.4947420303 26.2176735 27.6693975003 26.539686053 25.6668034627 26.7778725792 25.7416211976 25.2865430265 28.9537534076 26.753381306 25.5253476956 27.7567088533 27.9530515364 29.3421026078 25.2135728561 29.3463105152 27.1152378882 28.3854524978 29.0744267056 29.2458894239 24.7817053455 27.2842066022 24.8298621649 27.9717427001 27.4056372749 28.8139706302 25.4186688693 28.0338319582 25.2749736553 25.4892288422 28.0922029756 27.9469352679 29.3438104069 25.5804656118 25.3744864388 26.8757698478 25.0727178796 27.2690192557 27.81110243 27.9148974317 26.1554349016 27.0091587315 28.0843120218 25.0733236665 26.6269257861 24.7664015518 26.3160242304 28.3742602043 25.0555744009 28.8297953712 28.7071361027 28.6604864076 24.565338136 28.8695793464
29.4254354579 25.0568894624 27.1090919828 26.9935959059 24.6716934979 26.6255243999 27.6382060423 25.9131995742 27.8178601794 28.6210669014 25.7343785553 27.7483836351 29.0046214709 27.4406406019 28.0685523956 24.7485237958 27.5508375381 28.7813620864 27.2778576122 27.6733528475 26.5805552029 28.914328345 27.7781066265 28.1030116931 28.8210335021 29.3322792214 29.2218826647 28.2101784196 28.9681279692 25.5197688771 28.929548661 27.9554073397 28.6031452424 26.3132986736 24.547603512 25.1602134654 29.3182914968 24.9383953376 28.406017007 26.5915086698 24.7481757951 25.3391553538 27.148786033 28.4945825135 27.1635995385 24.5127386469 24.8481758753 18.4914207857 18.4914207857 28.4995762591 25.2329050475 26.8110387595 29.0995160691 26.6043067955 28.3124341011 24.6969548514 28.5290705255
25.3748558873 27.4035825193 26.6676139238 29.1605780973 25.1172549723 27.0741067646 25.3415092077 25.7796261242 27.0806415462 27.202135159 24.8335387629 25.5095217076 26.9796325377 27.2547859608 28.5634746391 27.9632932332 25.2801510967 28.4627171703 28.6407671291 26.0512793286 27.1762183846 27.3034951478 26.2384908974 27.4862355776 26.5313292211 26.322830379 25.8934465633 28.7100464358 25.7257247126 29.2311215492 28.9625799927 25.6145293317 28.6234529691 27.7228286694 25.7835654643 28.0939378474 26.5279135458 25.4595473598 26.4490373939 25.3130157505 26.9357277286 26.9444296078 27.6121831791 25.9813680635 28.1185100113 26.3418502848 38.934033395 18.4914207857 18.4914207857 19.5634943397 27.1677828938 25.4550601189 29.3989771171 27.2718149956 27.9484980863 27.1476108201 29.4277237819
26.5246401813 28.3014181131 27.8174579626 25.9054015023 24.5137288389 27.8356959451 26.4342623955 28.9132540245 26.3380898339 27.4815620371 29.3157496197 26.4819302734 26.8410526048 27.6808254617 27.6610386092 25.3193605164 27.9079333934 26.6531269472 25.3183289228 27.2373483455 26.5604825173 25.5141771074 26.6123104411 25.6597897842 27.47629055 26.8158043267 27.5917320221 29.380923498 27.4615463168 27.7158098681 26.4389019751 27.0579821692 28.6323200632 29.004847925 25.3041640808 27.8285732155 29.1671129987 28.2412511469 28.3380498836 25.3465486498 26.3181625047 26.459719631 28.6222061517 24.9425658117 25.7409674257 40.0440437339 40.0440437339 38.934033395 18.4914207857 28.9596710064 27.4006379299 26.2427515679 27.3995718717 24.9707906187 26.1917408928 25.0392844852 26.4320632418
26.7159773593 24.5337050579 26.0773309861 27.7272336352 25.8455568757 26.2438893389 25.1918681543 24.8000608076 25.775521672 27.2797934708 26.8775036021 25.064513046 26.8185196463 27.5939818997 27.3089387289 28.5178459566 27.0369523348 27.8035900996 25.9140756068 27.0270387701 25.4198207628 29.43621001 28.5080032648 25.3974374638 27.0705311585 28.9988199606 27.2518838165 25.5850202372 26.3527023704 28.9204824939 25.7418246308 24.592384906 26.8001279335 27.9975374987 28.9339584596 26.0492697351 26.0699252749 26.8015349884 24.7160458587 29.2375867821 25.1385429026 26.1999398189 25.5378155815 28.3658848909 28.0875517814 40.0440437339 40.0440437339 29.3667239065 27.4874852864 27.7665206613 27.8645227555 28.7137102937 28.2446215505 27.8940836591 27.8262890447 26.4026082589 27.5479917907
26.6770308258 26.6666455206 28.06712682 28.8604368425 27.6985677971 27.4631451261 25.6987788396 24.5513952076 26.3857827077 28.7376591521 27.8774658072 28.6482603055 29.2044503736 27.6178469411 28.283909532 26.0512116426 24.9232669595 28.4368951647 28.949926962 27.727433908 29.3901927487 29.0916945387 26.5818206449 28.5863125 26.9437173722 27.931678066 28.9074596206 29.1973726376 25.0536474622 26.0910457577 25.6983734742 24.9690701409 24.5174274839 28.9677618408 25.8665618634 28.6202415718 29.4347588669 25.1294896814 29.1338948432 27.5599014653 25.1258416013 24.5301946374 24.6566574062 27.5772831278 25.6121463502 29.3252415311 40.0440437339 40.0440437339 25.1181442729 28.8333981807 24.6728309075 27.8831705458 26.9459970376 24.6525934703 27.2653567703 27.6627186462 28.9501995125
27.6440702995 28.8823989262 29.162474836 25.2214971332 25.7687084041 25.4645871867 25.0905690497 26.2124321657 25.9497587474 27.2981290547 25.3589961702 25.863247052 25.455674839 20.9981926814 28.9077154798 27.6977006544 28.9675916295 28.6008955576 25.0639710537 28.7403331986 28.0587338436 26.4349155341 24.9541604814 28.321361415 28.4908659549 26.3212850299 25.4007617207 26.4920632605 29.1292190607 28.4295672646 27.6569187927 26.5068490398 26.5896079414 26.1254657142 24.9851937245 26.491646233 26.477575665 28.5229071787 25.2420487983 27.0274850946 27.4769169091 29.0870766943 25.7592479518 26.5618321035 26.2435023332 28.2911429126 25.6805915717 25.453028249 28.9560630888 26.1628996818 24.7117470718 24.8246207092 24.6807191474 27.3301270719 25.9320542636 28.2988269954 27.186596368
25.5262059288 29.3026644806 28.1985032683 25.5845153988 27.5463580651 25.6061767134 27.4392600825 26.6205953226 27.0632484787 27.093204808 28.0444131246 25.069900916 25.3746737969 27.9298059408 20.9981926814 28.7396295956 28.1606707365 27.5382327503 25.5775433768 25.2288297033 28.1864919555 25.1246365989 24.5188223897 27.8060002405 26.3464421408 27.1489601252 29.0694474088 28.3460397972 25.9427495927 28.4231243699 28.0044060611 26.6790475996 27.9654213811 25.7869895736 26.3504042281 26.3302484662 24.5466495659 25.5270660334 27.6250764533 26.7665362301 25.2134793472 26.3076917783 24.6931051761 25.1300711521 28.285525238 28.649249074 25.9138535636 26.6634587555 29.1601098877 25.9092999049 28.3018022446 27.3657675474 29.367726482 25.1812340885 25.2407147709 25.3214863507 28.9957384613
28.039895714 24.5639898932 24.7833087247 28.3641476468 27.8651110638 27.4814475709 25.2753582186 28.0100553864 24.5921423851 27.6107320275 29.2279244548 24.681830509 28.5921558935 28.6158186912 28.9178561152 28.3217029048 26.3414912109 26.7296549638 25.6478466309 25.9836804544 25.8698755259 28.0997937844 28.3735634398 25.4165494913 28.8511810138 29.1182838601 27.7093599594 26.9655623659 28.0987301356 26.8279482564 28.1342702899 29.0456003781 24.8257896627 26.1212734923 26.0825908536 24.6696184837 24.5722413415 25.4645452202 26.5737829975 27.968342177 25.0917583182 27.1878825636 29.4066342537 27.981951892 24.7299460679 25.0298022145 27.5486914025 25.282000943 29.3348366799 26.9535091221 29.2852081579 26.9924903323 26.2151993659 28.9537015463 26.5291706478 29.2273542565 26.4037233992
26.3488455801 25.4315647244 24.6174235616 28.9005695131 25.9718663396 27.4047682612 28.6038377279 25.5061528752 27.4371978679 26.4196576692 26.4722129911 26.6178755224 52.1248655244 50.6663863701 50.6663863701 28.3406155722 28.7146345076 27.8987513296 25.7157052684 25.3929578387 28.3436360736 28.5281913757 26.0769673702 28.2506132052 27.1167236733 27.2963333811 27.2954688035 25.4394589478 27.5489219718 26.0114633708 27.6864077318 27.5558203947 25.200709877 26.2886089174 26.2959926858 24.7699470918 25.7553066433 24.8962174708 28.155299665 28.940385697 27.1594877341 28.3932306709 27.0777525419 25.6886217736 28.2146939025 26.2198524318 24.9173951544 27.4741991685 29.27210367 29.0375448352 29.270686077 25.7976922596 28.6610655231 25.5903543391 28.5570778808 25.5625301893 24.7828414683
28.3450652374 25.5094487798 25.4236199728 26.4206249394 28.2432247071 28.7036079531 25.451668003 26.96799409 26.7699493449 29.1815662903 26.5254002457 28.3158469161 50.6663863701 50.6663863701 50.6663863701 29.2258831986 26.7840375814 26.063855107 25.4845508004 28.9662887872 24.6097119171 29.3049362406 27.297635611 27.8024810678 28.3158404508 27.4666542708 27.280778737 27.9226795167 29.0757604637 29.2744829939 28.4922415133 27.5961359524 29.3594411646 27.8301906026 25.6218911175 24.9000311759 26.8180894343 27.5023022199 27.6642747802 26.4768065739 29.1880670445 24.5149423571 26.5165083942 25.7726390222 25.4508826417 24.5372516503 25.2086837935 26.8065628882 27.96477368 28.1682725414 25.9875464161 26.4352853484 26.0523271358 25.6782656631 28.4462130644 28.9595966258 29.2144751814
28.3577962009 27.5376949675 29.127240327 26.8168660737 28.4797822514 26.15517243 28.9783261558 24.6338922225 24.5596674436 26.0411941118 28.1544638798 27.088397819 41.8313285255 75.8348621219 28.0892960477 26.1898817053 27.6607405268 27.5744745247 28.8325119443 28.9458307567 27.3591323643 26.5160041403 25.881549929 24.6224934398 26.9923826208 27.3960490791 27.7347746486 27.6470990768 27.9225476436 28.6891889952 29.2827093714 26.5784225406 27.1420372157 28.487477622 25.0030774681 29.3641761943 29.3121204958 26.0923854016 26.7970486657 24.5142190262 25.037255507 26.083219062 28.2797614466 24.8375598929 27.1294042244 27.5221845916 25.7176632004 28.6496401853 24.9971395606 26.2115207882 24.5055696868 26.2015858266 28.8619420237 28.1089936734 26.7879537217 26.6232788955 25.2783892141
26.7887842457 26.5787655386 27.5377980748 26.612123133 25.9695408693 40.5727335524 25.8271235017 28.6021683125 27.2498952445 28.5905165249 67.470165371 25.8397473292 75.8348621219 75.8348621219 24.857676272 27.6669114972 27.7475646495 28.4586216347 25.2452973995 28.6583149879 27.547754465 24.6181278068 26.7588326505 25.309416679 25.9011161128 25.2250822474 27.9234423869 24.7699714987 26.1063027773 26.7108433926 25.1466283216 27.3357785072 25.4044638643 27.6162628587 24.7366590376 28.4404502058 28.3567153285 25.0659569168 29.1254996206 26.2994420793 28.180572729 24.6238973043 26.1958301176 27.6730376075 26.3617137271 26.8114015407 24.6926971741 26.0549699729 25.9869869422 27.7844728197 28.7057642054 29.2481455683 25.48909848 25.6687009377 25.5627072274 29.1789547955 25.2197167075
26.990623529 28.8079705422 27.5138579133 28.7145602173 28.4401144683 45.8608037752 45.8608037752 25.8729935702 27.6831433367 64.6537531574 67.470165371 41.8313285255 75.8348621219 75.8348621219 26.394371216 29.1576961998 25.8856167599 25.284220414 26.4700293536 24.8059284507 28.8974354479 27.731983291 29.0731123693 26.7184428713 20.0115545584 28.7127516976 28.7699249268 28.9200552456 29.3042639577 25.9679122119 27.6577890929 27.1661481052 27.9679188068 25.9776234392 28.9083310705 26.1666964631 27.9018484126 27.5391428577 26.3906454376 28.6120124876 26.941217746 27.9028325344 28.5062404051 25.7576524756 27.5369355046 28.5380941765 26.1425876599 27.5053162883 28.4110733259 26.6691317215 26.7220592566 26.9280128551 24.5399641806 24.640950293 25.2071453778 28.795268824 29.3218850578
29.4096946743 25.4617510523 25.8848645868 27.3317874985 45.8608037752 45.8608037752 45.8608037752 27.477798877 24.5161862352 27.1843633816 25.3902821456 26.478849647 26.2497087803 29.1997532586 26.3001598448 25.9510348417 25.0652020832 27.0720501156 27.9194269632 25.7007782313 25.439160881 28.4286979817 28.685144531 20.0115545584 20.0115545584 20.0115545584 27.56290267 26.4604408757 25.5306505055 26.1577814538 24.7135384519 26.152206745 24.7448241874 28.7386116101 25.7739928647 26.7318954816 26.1882669642 28.1900540349 26.904181617 26.9460338302 29.2530097995 28.3825349514 25.5941949655 24.5322029937 28.705950949 26.6873431647 28.6148078712 26.4060531151 25.9435222266 26.9974891364 29.0778027575 27.3289045676 28.632615953 25.7581109269 25.0668384367 25.6221850227 28.8779916887
25.239270005 28.2621149801 28.917413587 24.9396149309 28.2186271961 27.1841869951 47.0869478769 24.8512566377 26.7782568284 26.1193043987 29.1953056847 26.6622962851 28.8388364264 28.8940005862 57.4550948767 57.4550948767 26.5435664502 25.8913203788 28.7955084544 26.2412343475 27.1849180872 24.5807858339 27.3094849669 27.3986024488 26.5400259429 28.0081370511 27.8109094138 28.7342692773 27.0460057412 29.4036799248 28.8967155005 29.3164401292 28.8722086585 25.6901844335 26.4935383213 26.4614297204 27.8438439168 28.6141554344 26.2216925237 27.8142256389 27.3210536795 24.7970314278 25.6530616709 25.3746240504 29.0578073754 27.6306607395 24.7188840801 27.5302247962 27.0371089492 26.6179963555 25.5635736098 29.3942268181 26.8552868775 24.5295632497 26.0198952489 25.6828018605 26.6823368039
55.3740692073 28.3277780596 26.8747111574 29.1855645622 25.9179783728 28.2002512887 28.6159358257 25.3818435403 26.0453034902 26.5334599056 27.6958592735 25.4183436532 27.1941509796 28.129138354 28.9862150186 57.4550948767 25.3486452291 27.0537571452 24.945290848 26.4003029437 27.9052616343 27.3235089975 28.2741612145 24.5712031755 25.418192064 25.9478276008 26.7017387967 25.1429191388 24.6353996989 29.265355945 28.1659692303 27.7965869434 29.1581640547 28.5318737384 26.9482771432 29.2011046537 26.3929000018 25.2332898216 26.6904207851 26.4875152173 26.6008644805 24.6058478996 24.9929111712 29.2423533694 25.7412664019 24.8781038682 28.4082505944 25.350142798 26.0652606685 24.804749746 25.7011474709 29.2856545138 28.357280888 27.4664856101 28.6300571492 25.0031774071 25.3188953932
25.2241541893 29.3398107897 28.1749999522 27.3538871912 27.6203020719 27.676767189 25.5344690063 28.2565163637 27.2390944087 26.2534124295 27.8440086312 27.3612137829 25.1237908567 25.4209898883 27.1460000015 55.9253105929 27.9714649528 26.3565622189 25.3566899999 25.1508665055 29.1577573452 28.0745246751 27.5123637157 29.1006860414 26.9536079499 24.7540508676 27.8707483934 25.1520604155 26.1644819555 24.7536873997 27.2997717935 28.0908626716 26.2858446311 25.1032966839 25.8689460916 25.5166464646 28.6984319019 24.9964570624 25.2466082969 26.7761802004 26.7530519075 28.3272759817 26.7599616336 25.7447124411 27.3260522951 27.9289817912 27.0942573998 25.1053371412 28.4179271846 27.0543603347 28.0102443396 25.0866907526 25.4616769184 26.6707876145 25.6784892821 25.7535587732 27.7509226723
44.708499141 29.3992059817 29.2012529126 27.332570865 26.740769348 25.9913150244 50.8343971613 50.8343971613 25.4646523342 26.3261547926 25.7974151186 26.1394655574 26.0063708975 25.653915948 55.9253105929 55.9253105929 55.9253105929 29.1347534193 25.8884490879 24.8302039837 27.7101540669 46.1448492948 24.5271845896 64.8742332558 64.8742332558 28.5431413284 25.9666201363 29.3892824298 28.6431368704 29.0078106143 25.0216903445 24.6080659236 27.3633999401 28.6287158421 27.009484547 28.7110917385 27.6217593839 26.8390806201 28.6629505883 24.6161810916 26.0234409605 25.2608369061 29.3684621483 24.6638837732 27.0645383722 24.8124490152 27.4852584507 28.7252668638 28.0814728917 27.9307183393 25.1512583593 28.1855510174 25.4773381415 25.7577838838 27.8247230555 24.7235761083 25.5470435181
26.9350529866 26.8298443965 27.2261308544 25.828224195 26.7854311232 50.8343971613 50.8343971613 50.8343971613 28.0394156656 29.1296722717 29.0744469674 29.2773678133 26.7604514377 28.5266153192 25.44642353 29.0712109787 27.3205626575 26.7837047055 28.7402297463 25.4723484875 28.9370587228 46.1448492948 64.8742332558 64.8742332558 64.8742332558 25.6006733899 28.7341988528 24.9681127371 26.2139295429 25.9203623983 24.6884148343 28.0464987731 28.7463223459 25.7604768299 25.1798420706 27.8128535927 27.5166030198 26.8977361429 28.1362331476 28.3093545251 29.4008285196 28.3448045204 28.5421350984 24.7685024323 27.3786944999 28.5519575389 28.024228629 28.9322060276 27.8830857512 27.7363333772 26.9989660979 27.5388343486 25.7097235382 26.2190656826 28.1300731447 25.4198959504 26.719526604
24.5124383113 26.2114087647 25.8287806058 26.595747836 29.3155442006 27.829719309 28.6814052645 29.0280841947 25.109349863 29.0143407246 26.4900109831 28.0542200279 27.6947229253 28.1374091614 28.4460791505 28.7759417577 26.5348383385 26.8710880194 28.2003975432 26.0142921754 27.205306563 26.2749579136 29.1183081755 64.8742332558 29.3036136941 26.9502943306 25.1442514126 28.2674209869 25.6570082176 27.3996983064 28.8086159539 28.7154989708 26.9559912034 28.9537518066 24.8366117107 27.0194662577 28.2582317122 25.7844482532 25.6945852294 25.4613124203 25.6433034842 29.3425262724 25.5732393649 28.8171856747 27.7992628883 28.506321312 25.097575355 28.5543954135 24.9525365676 27.6286037139 26.9020008038 28.8266900151 26.828405982 26.0974956296 27.2606596145 24.9618782686 25.7400597953
28.4826277226 28.4344271092 26.4101582023 28.2910761296 26.8821272093 27.452090198 27.3441104774 25.2878072356 28.0246360353 27.4806113623 24.7697031677 24.5506819568 29.3586401961 26.997452956 26.6824127503 26.7486444946 28.5776094058 25.4437557749 29.0142584489 25.7251299933 27.8085021351 26.7208941566 28.9724029789 28.3274195116 27.2144392814 27.2783510496 29.2394899841 28.660939975 29.1111512434 29.1734185624 26.6977194965 26.1022426548 28.1296377859 27.5138565375 27.0913001477 27.3968689946 29.0404412323 26.6253338269 27.1705195329 27.0801531526 29.3444041428 28.9573838944 29.1729247652 25.212430272 25.9536563838 27.914162126 28.0534964375 26.3007005341 24.9665124462 29.0302386078 27.1459049711 24.7950553063 29.3742346726 28.9813210031 26.9156768712 26.8247850219 28.3852044768
25.8416721012 27.4172764694 26.7895798026 24.8337328545 26.7550881037 28.1398866911 24.7717628508 28.0300361128 26.4590535138 25.525375386 25.5860413931 29.2038366289 25.9537750897 24.9513839646 28.3080560501 26.5527885781 50.5354960937 28.2828310524 28.1034200751 29.0511320917 27.986962009 29.0811178175 26.7280904374 25.4154694635 26.8503290256 26.1058016433 27.7866509987 25.2527169836 25.3856278569 27.1395522477 27.1342637095 25.9481896255 25.1324228902 24.901228383 26.2706245094 28.9660134981 25.8285459435 26.7079358126 27.4461212003 24.9118850953 29.0296622333 24.992485431 24.9248071015 28.4393571893 27.6099048055 27.8408061709 73.3762214047 27.0239334794 25.3761377222 28.5640642757 25.1579130131 28.8997509904 29.2323294046 59.3612971337 29.013909793 28.8460729887 27.5026586648
