Spatial_Output/DEC/DEC_0268.asc
NCOLS 155
NROWS 192
XLLCORNER 196307.867259
YLLCORNER 449144.565805
CELLSIZE 33.573938
NODATA_VALUE NaN
[rows 52 to 77 of 192, columns 57 to 113 of 155]
44.7411606034 44.6597238856 44.6944743387 44.8426584439 45.0388171147 44.9805245702 45.1520298455 44.5250595652 44.8555075149 44.5105357627 45.182257622 44.6417427238 44.8922885476 45.1277060267 44.5805481075 44.5402188074 44.7438090079 44.7411958922 44.6878703929 44.5326904478 44.8228139066 44.8652799351 44.8635045493 44.5586316412 45.1598012815 45.196912859 44.7724338229 44.5905023298 45.1837656034 45.0734558606 44.6918047528 44.6319281049 45.1702653713 45.1544742928 45.1661941246 44.8445217951 44.6448248379 45.0841983238 44.9412215347 45.143383759 44.9411629574 44.6810330102 44.8796239036 44.676540414 45.1582179055 44.9002295048 44.9666058147 44.6427386551 44.5929578911 44.8694326158 44.9029883294 45.1428442315 44.7414502551 44.5272471755 44.8900998487 45.0466106552 44.7191850889
45.080144119 45.172283622 45.0602393071 45.1139854022 44.7880823346 45.0570529157 45.0593235129 44.8982576681 44.785601366 44.666855712 44.5096353914 44.7985998117 44.9129920083 44.7381625719 45.0976097639 44.8499334553 44.8488049585 44.8021299397 45.0969384242 44.7954425817 44.802535147 45.187190967 45.0706407483 44.5336035624 44.6986220253 44.850870152 45.0940028463 45.0609870176 45.1649165201 44.7398028585 44.7086760878 44.8046339788 44.7981378852 44.7091429012 45.1085844604 45.0627587658 44.6840628323 44.7997770496 44.5440881969 44.5925563221 44.7739408479 44.6456120482 44.8669247685 45.0458073015 45.0957611396 45.0847202021 45.2070072079 45.0195416428 44.5211351911 44.7715950962 44.7330015934 44.5459622804 45.148830626 45.196738309 44.6614493662 45.162697088 45.1357220668
44.6444402745 44.5727192805 45.0859142981 44.9940778062 44.992768466 44.5466219526 44.9951749208 44.9436957142 44.5284373334 45.0022349828 44.5700599178 44.7119252488 45.0686330085 44.7156299557 45.0811925181 44.6535941031 45.1273617281 44.9615365829 44.9699175013 44.6997934947 44.8510222132 44.819937545 45.0034485397 45.0196056452 45.1978610681 44.746490257 44.7286615847 44.8723670996 44.52039719 45.1031488839 44.8573432985 45.2051930866 44.5500366869 44.7774023741 45.0963092482 45.0613101082 44.7189833547 45.0975744649 45.1926264187 44.9782087464 45.0744988929 45.1890916185 45.1881749131 45.0103721395 45.1201351028 44.9764238487 44.7859836881 44.9679264777 44.5628185373 44.5406615989 44.6250997414 44.5379410995 45.1473843926 44.7340462148 45.022941264 44.7835549271 44.8618775666
45.1459539867 44.5714863105 44.7123050577 44.9360783885 45.119076982 44.655055423 45.0991813454 44.9012581016 45.0437169846 44.9473518168 44.5479649835 44.9115957013 45.1846092653 44.6187333798 44.6712386884 44.939955644 45.003349909 45.0124642707 44.806771781 44.5927955442 44.9655153813 44.5535430926 44.9688978551 45.0531013888 44.607935522 44.7875327592 45.1854215724 44.8053084863 44.6406435598 44.5388462055 45.1808647581 45.1062299605 44.550845073 44.5717502377 45.0931574209 44.8702125469 44.6729949571 45.1086680951 44.7585230917 44.577693342 45.1183680945 45.1112561444 44.5127282103 45.1821212437 44.8215558858 44.7419416275 45.1728385967 45.0622172587 45.0292760779 44.6500515428 44.5889518762 45.17799615 45.0862655621 45.1744390158 44.5616571211 44.8044325872 45.1500642058
44.6699293481 44.9807777479 45.1297752276 45.1520266246 44.9194149831 44.7339720304 44.9418031991 45.0873069204 44.7503767896 44.5994499836 45.101783008 45.1189472875 44.6909356823 45.0220837735 44.9118545161 44.8709250668 44.911892689 44.653455651 45.1436272862 44.7715884649 44.8252243069 44.5255981088 44.7703569795 44.7116814212 44.6203405122 44.930574896 44.6718466137 44.507977887 44.5079117826 44.6113957096 45.1430114607 44.883134346 44.8789235547 44.9048608963 45.008036386 45.0836546954 44.9932039859 44.5131702915 44.8582597038 44.9422189942 44.6774224863 44.5354695237 44.6600667216 45.1639233976 44.6357128427 44.5903254938 44.5318003541 45.2045536175 44.6028537911 44.9931405392 44.8065436335 45.0425196767 44.7369042965 44.6005984913 44.9176517179 44.63683763 44.9217577174
45.1867046665 45.0869602437 44.8716301763 44.9466362885 44.790694782 45.1246207685 45.1300557299 45.0864022458 44.8667891261 44.6510966279 44.6261859009 44.6432135161 44.9193736546 44.534301276 44.8919656413 45.0353262583 45.1274221219 44.6650104126 44.7494630941 44.8259310892 44.5805166972 44.7703148 44.9290779777 44.5087032291 44.8539118674 45.1577644041 44.5337194258 45.1693621177 44.8032647298 44.9921065496 44.6051465275 44.601565112 44.7026166332 45.1444657855 45.1045937013 45.0661002958 44.8756051821 45.1595899405 44.5642655248 44.5730427617 44.7207211675 44.7368363262 44.6568674024 44.5556834232 44.6028013391 44.6058010935 44.5577596761 44.8741264073 44.650422363 45.1987644988 44.6085174501 44.7932934122 44.6109093098 45.0472310733 44.9439412929 45.1188491976 44.7890670279
44.6229306474 44.6192665114 44.8098770755 44.6183116711 44.767690884 44.5084464723 44.5341268794 44.8672971365 44.9782790648 44.9671210776 44.6227447943 44.8769976062 45.0664632503 44.693923078 45.1570355405 44.8000851028 45.1782646323 44.5574405245 44.7947178402 45.169370592 44.5358579663 44.7677642348 45.1001858347 44.8193794045 45.1726504202 44.6730203443 45.1015018061 44.8110878546 44.5976753328 44.5420993765 44.5719778367 45.0690034887 45.1305085767 45.1039830645 44.7706272202 44.9518109263 45.154263979 44.6562994696 44.68132051 45.1869630024 44.724116404 44.7654957369 44.8800431999 45.0452573273 45.0502945763 44.7566564669 44.9903836769 44.8834608255 44.9338968236 45.1324213187 44.5061650837 44.5825210937 45.1045095784 44.540497347 45.1961050835 44.6033460408 44.7212584461
44.6003832153 45.0831156389 44.6874881533 45.1752995623 44.6908674553 45.1969715596 44.9411461256 44.5156963358 44.8825432358 44.8543880488 44.5486059245 44.9150194245 44.5628895794 44.8633362373 44.9293033698 44.6429957542 45.1897422084 44.7237773519 44.9051607999 44.8823057902 44.5377296205 44.8496460814 44.7201011159 44.6736133838 44.642368352 45.1175832973 44.6941905874 45.1014475835 45.1646854932 44.5201387694 45.0533309259 45.0757121556 44.5232894463 44.8452136462 44.9296170927 44.9427771392 44.7216298314 44.6823190107 44.9091456138 45.0410430504 44.7735102034 44.7015646736 45.0873868859 44.8116433764 45.1313069736 44.8148067766 45.0526164104 44.9530829478 44.8477552902 44.5438169349 44.8984741181 44.8603738739 44.621613741 45.1310054785 44.9337227005 44.7236162988 44.8210530338
44.9738110305 44.6965176002 44.6202824368 45.1083635617 44.7682529382 45.1686510138 44.6364239922 44.6632774804 44.9534153018 44.9344024175 45.1377987358 45.0696038444 45.1908968272 44.981960826 44.7254785204 45.0686754389 44.6049136728 44.6952465638 44.8576781122 44.9473997145 45.16473128 44.7541046579 44.8312233454 44.748585037 45.2024228673 44.7666224975 44.6333239879 44.7037950713 45.1121372316 45.1961074452 44.5810042256 45.1216253276 44.8652029792 44.9031090388 44.9722070119 45.1882557509 45.1471069754 44.8306751141 44.8741073345 44.8896916387 45.0718824159 44.5929650661 45.1592563521 44.8146902509 44.7003392926 44.9293403328 44.7938273025 45.0357670566 44.827570123 45.005022206 44.535108631 44.8452833235 44.657023894 44.9235806501 45.1648941335 44.8483963121 45.0838604743
44.7929118888 44.7777092877 45.1778721163 44.7249346711 45.1377248064 44.9449112166 45.0817684832 45.0383102543 44.7401987255 45.0381893682 44.7779613477 44.9670784093 45.0565626612 44.5424702826 44.9927569585 44.9900773438 44.7690197724 45.0548260211 44.8824303419 45.1198535316 45.0056494093 44.7840695661 44.5458947484 45.0141607353 44.5774850695 44.6618265898 44.72508934 44.5031647498 44.7552825767 45.1762211675 44.8464418816 44.5933846908 45.0950369236 45.1486832334 44.552866421 44.8128304716 44.9947914981 44.9492546846 44.5133543284 44.9648533269 44.791395576 44.7291406932 44.6859590046 44.952323226 45.0803500381 44.6135584597 44.6911377536 45.1450534529 45.082149276 44.8200258422 44.5416773767 44.5071589527 44.6520241187 44.89575805 45.0728401063 44.5728948353 44.6877334327
44.7820859838 44.8911884749 44.9106124302 44.8184790285 44.8642701122 44.896297359 44.9842695816 44.5825471332 44.5173220797 44.8439872886 45.0067090312 44.5078113584 44.6605170438 44.8886003429 45.1145908557 45.0330270159 44.796391987 44.7922155008 44.6503372778 45.0266259492 45.2015176103 44.7453223076 45.1658746169 44.9549859914 44.8626721482 45.1552554966 44.9388774133 44.8718406256 44.6850651269 44.907370595 44.515424271 44.6654868936 44.7696389229 44.5242188596 45.021469527 45.1508657246 44.6451905392 45.0120790867 45.1037964541 44.5709109536 45.0811246814 44.9080323351 44.5520412735 45.0421637219 44.8063541902 44.7918268397 45.0109532153 44.8878921299 45.0578254741 44.7257421719 44.6232326687 44.6872478638 44.844700956 45.1917033077 44.9293914693 45.1681789302 44.5792170174
44.7808814065 45.183067055 44.8249936754 44.5889476652 44.9618844954 45.1497291 44.8498264015 45.145867891 44.8129838237 44.5964996763 44.6222305151 44.8088847259 44.96618579 44.6843510273 44.6306630367 44.5378816888 45.1247989447 45.1918278373 44.5947062273 44.7326694371 45.1742565393 44.9462755331 44.6803369816 44.5699909376 44.9376078873 44.9516626274 45.1452121101 44.9769405064 45.0227072743 44.5837538786 45.13016645 44.8362494689 44.5754096606 45.0615427526 44.6504378674 44.9990845382 44.7098078171 44.5825292164 44.9258777793 44.5935833584 44.7687061685 45.1173842866 44.608683151 44.8009377856 44.8347842929 44.9101710995 44.9450937535 45.1758342942 44.9244048649 45.0129686126 45.1471948663 45.1509935235 44.6158667645 45.129288724 44.7366946504 45.1931731307 44.5549325253
45.1171661556 44.6917575363 44.6358097839 44.7491888284 44.970738838 45.0286070996 44.913109998 45.1626525947 44.7944954744 44.9907977965 44.5267524055 44.958250843 44.8172887954 45.0982737807 45.1477180795 44.9366203043 45.0406337712 44.5042631463 45.0257272669 44.7044498176 44.5285438919 44.53142733 45.03125545 44.6866987163 45.1518733059 45.1305722934 45.0890215365 44.6940363592 44.653947268 44.5788763391 44.794436805 44.9609155956 45.0903948158 44.8555874178 44.7919366957 45.189491241 44.8788476468 44.9275640889 44.6608976783 44.6178037845 44.6561261827 44.7739945196 44.6092230907 44.5769375118 44.8131089303 45.0661249152 44.7180889958 45.1536686202 44.7531408759 44.5123756546 45.1508952578 44.993072855 44.9644147893 45.1810726914 45.1096911598 44.8603483135 44.7420719456
45.0218488545 44.9163564214 44.8347444133 44.9578285481 44.5079482229 44.7407781327 44.505430867 44.7424831808 45.0645752245 44.7914218908 44.9671620902 44.505043329 44.5805373608 44.8829353194 45.1341247789 44.9808569556 44.9079074794 44.6843963738 44.989153504 44.5400831214 45.0264736496 45.0394365367 44.8978592285 45.0805504673 45.0587268315 44.8594845367 44.9100433757 44.7733429535 45.1555125442 44.5714182248 44.758690553 45.071952135 44.8582917738 44.7121556 45.0382880694 45.1658675793 44.5400585037 45.1346084318 44.8511678348 44.7122799918 45.0958230524 45.1924269922 45.1653821532 45.0004210453 44.5486378071 45.0829855729 44.5941001538 44.9124423587 45.0000909384 44.9961294342 44.9850768016 45.0514407076 44.6979151949 45.1631577978 44.6455591091 44.9243179973 44.6917774278
45.0419302921 44.9167401168 44.6933749587 44.8400583825 44.7320544756 44.5539065428 45.1732979043 44.9218683573 44.7531909459 44.778232929 45.097844185 45.1184425514 45.0807386379 44.5703164082 45.1980069834 44.7255865488 44.5544913116 45.0790767848 44.7681992817 44.9571629253 44.9689614293 44.8397198679 44.9194124186 44.5910812824 45.1649029264 44.599737909 44.5637729977 44.5187351398 44.7613349076 44.9398868838 44.5046704926 45.0356737681 45.1184791527 45.1192819391 44.8359276183 45.0287748235 44.7877172747 44.9261812774 44.5500229117 44.5077217279 45.0299008207 45.1857047053 45.0966444715 45.2007874376 44.7033078904 45.1278352313 44.774188254 45.1986634408 44.8031468543 44.7914599905 44.7493153837 44.7170649917 44.5485104877 44.9055172088 45.079890579 44.9444677201 44.8441025787
45.0748232602 44.634664978 45.0212827921 45.2008228971 44.7462311279 44.8528528307 44.5694668324 44.9913448352 44.8462050887 44.6203612735 44.5995235285 44.9407738773 44.6513505037 45.0406548968 45.0450296862 45.0401717891 45.0101594741 44.5321126239 44.9421366191 44.726696789 44.7095721017 44.6808014577 44.7808635457 45.1074470828 44.9641102104 44.6170662313 45.0131114222 44.8270797003 45.0701601733 44.736449525 44.8992424304 45.162530537 44.9867053422 44.8026504298 44.971725479 45.0104804401 44.5824105056 44.713368808 45.2011289583 45.0059675291 44.5334904508 44.9621532828 45.0981673019 44.8071915258 45.0390161018 44.8152482151 45.194411875 44.7659240855 45.0450703716 44.6336983497 45.2006818642 44.6626271319 45.0791835948 44.8318957822 44.7374449918 45.0402084322 45.025766466
44.9041086238 45.1682469077 44.5044599565 44.7749468705 44.7065861688 44.8491523672 44.5113597683 44.6850951934 44.5572730591 44.5967817098 44.7030750426 44.9472924038 44.806877574 45.1218545507 44.7225915236 44.5712896016 44.699278373 44.9251606117 44.5418764975 44.9650915833 44.8968148329 44.6950659267 44.8801449138 44.7046549719 45.0295863397 45.1357108051 44.9660445234 44.9334942056 45.1772274275 45.0343944542 44.8225474084 45.1392699334 44.8177630519 45.1375186286 45.1522748624 44.6713236595 44.5480277887 44.8769975968 45.162339945 44.9216001965 44.7272237182 44.5781619691 44.8943743684 44.9146641458 44.7476956004 44.7311574053 44.7886720079 45.0961566019 44.914514486 44.8929824429 44.8126362077 44.9449745118 44.7083518853 45.037574956 44.5577482585 44.6445772781 44.620911073
44.7953632286 44.6341133998 44.611002934 44.8372210586 44.5176652478 45.162147188 44.9430775123 44.5289009748 44.5269440821 44.6246099441 44.8894093132 44.861155712 44.9797964675 45.0512557328 44.7856769841 44.5530252958 44.8337165765 44.8643932221 44.6831978174 45.1186479319 45.1153673055 44.8269060599 44.9805108156 44.9706684678 44.5715292148 45.1388246817 45.0281738647 44.5178634317 44.8398464269 44.9360768536 44.9494380536 44.5971992557 44.8610205006 44.901381191 45.0937770123 44.7608974834 45.1854634087 44.774481287 44.93916463 45.0710494099 45.0010970885 44.6454156148 45.151420231 44.9706086707 45.1638750689 44.5283861419 44.8457295793 44.7796363455 44.6539925464 44.7400016848 44.8704361774 45.1395988704 44.7406296568 45.1888411506 44.5632073197 44.970145077 44.5863267689
44.8156663094 44.5239891057 45.038208186 44.988687159 45.1342358081 44.574122831 45.1599069198 44.6400499444 44.5752287669 44.6006171886 44.5876808188 44.582343424 45.054920912 44.8484634658 45.0491040654 44.9382898685 44.8960800972 44.832772539 45.1331256475 44.7729283015 44.710533832 44.9648006853 44.7741406568 45.0790200593 44.6585446206 44.6834733295 44.5000285014 44.7291869223 45.2049522157 44.5625698425 45.0064612488 44.6020307418 45.0191357225 45.1725537489 44.9123116349 44.5919591171 45.0826827128 45.0675622404 44.5997834633 44.9936767816 44.6334364425 45.018130379 44.9295946689 45.0658097864 45.1716995348 45.1030532663 44.6223374017 45.1745554799 44.6178437879 44.951272398 44.5679091301 45.1961631268 44.8043185657 44.6603615578 44.9906696594 45.1668866268 44.7122726166
44.9461602419 44.8747254346 44.8305167865 45.020963621 45.104223421 44.889080266 44.770311094 45.1720289167 44.6360042554 45.1888571744 44.9396863052 44.6012405201 44.9019591028 44.7956905603 45.1939168825 44.6173289331 44.9205745531 44.8140951637 45.189891897 44.7407044334 45.140303596 44.8123505698 44.8635417286 45.0328806794 44.8381061727 44.6375174994 44.6373404907 44.6757062174 44.7859160118 44.838952346 44.5459778587 44.5660575031 44.706517124 45.0537235652 45.1703653499 44.6763168927 45.1314520622 44.8746837594 44.536775161 45.1642833658 44.7037926474 44.8125382416 44.9526331806 45.1332849829 44.5889241599 45.1122987197 45.1349926208 45.0098255796 44.543860088 45.1547658367 44.703453462 44.7671629809 44.7271094809 44.9923597179 44.8867688502 44.9767636819 44.9047193193
44.913820996 44.5418040456 44.6003579195 44.6520629841 45.0340187532 45.0656173682 45.0658062192 44.8444301796 44.9776884028 45.1417108986 45.1890574893 44.5640610663 44.5717513775 44.6762613417 44.9019584889 44.6267313112 45.0397408455 45.1344064247 45.1575572622 44.6799352136 44.6453240444 44.6325743469 44.6815046417 44.8832685549 44.6175420528 45.2069732015 44.7294292965 44.7841842413 44.7507055399 44.5509077297 44.7384387466 44.8894451145 44.9831811656 44.5516808724 45.0450040548 45.0472555184 45.135621445 44.8477585066 44.5943353328 44.9984575988 45.1387415016 44.8687393993 44.520777643 44.9833918597 44.8439441348 44.8121576834 44.6093084961 44.5515825069 44.6892832325 44.6440489152 45.1362704618 44.5935257114 44.9434454908 44.816551973 44.744371592 44.7088361455 44.54707875
44.9967266083 44.609446583 44.5556769664 44.8716790583 44.7916461832 44.5500275275 45.0375773837 45.0144965913 44.989276271 44.6039670809 44.6984952493 44.5873649079 45.0075476958 44.7245939039 45.1535353859 45.1944269717 45.1699430323 45.0367900302 44.8223700436 45.1210282686 45.0118908908 45.0097582632 45.0023840748 44.9332900366 45.1906094247 45.1003972515 44.8548579808 44.7500311767 45.0572088699 44.8326694199 44.685448956 44.8943554195 44.9617535587 44.6976411895 44.5496392259 44.5294906036 44.8986870568 44.6960376716 44.825540015 45.0355553101 44.6892441251 45.0759702188 45.145155 44.5793903068 44.6706493655 45.1208617191 44.7558361339 45.0825518389 44.7361939228 44.9207095917 44.5822642146 44.8619706958 44.5436485666 44.8321763384 44.8411800942 44.716720349 45.1835089919
44.5054391893 44.7327783666 45.1453222117 44.5888535058 44.8567923601 44.9306407027 45.1453664392 44.5009250564 44.7803576204 45.0955401942 44.704288501 44.8540610074 45.1095795773 45.1718694861 44.9275471417 44.8399760653 44.8628392108 45.1177904538 45.193555502 44.6458895185 44.8926313818 44.8660641842 44.9991607293 44.7497696103 44.8900373851 45.1730613639 44.5518531901 44.5423538542 44.597723677 45.0454560489 44.6168107796 44.5245630198 44.7884893401 44.9236052626 44.7246261207 44.5399306877 44.9785549298 44.5090163025 44.7920371354 45.1710465994 44.7987472847 44.5875934339 45.1324094911 44.7497472136 44.7962936011 44.7421081546 44.7776502658 44.5952567323 44.7546842387 44.9104301175 45.1273538964 45.153235063 45.1462943026 44.5890746873 44.7051684968 45.1923548512 45.0653513771
44.738527544 44.7941853772 45.0056781904 44.822241908 44.6954686434 44.5369628822 45.0220021761 44.8777377376 44.7028682693 44.7762430947 45.1932548071 44.6616416017 45.112320546 44.8274017147 45.1058001285 44.9683242232 44.6431801984 45.0309104232 45.1509754093 44.7107402494 44.5806418762 45.1906963073 44.8037243722 45.0582394219 44.7907193615 45.016597402 44.9168533905 44.5262368828 44.8335832666 44.7866574547 44.9474715811 44.7719648919 45.1006448307 44.6478180447 44.6592147101 44.9800636814 44.5152055572 44.671527838 44.5013406843 44.6642980245 44.8991067052 44.5582286592 44.6407932036 44.7119844451 44.9680071314 44.9497277921 44.8093021205 44.7976003594 44.5917672086 44.6055192536 44.5355649061 45.0901693992 45.0564922282 45.0521685704 44.7940027069 45.191602696 44.9850701726
44.8011490544 44.9315331688 45.1681968906 45.0285733741 44.7462554588 45.1429746882 45.1485118466 45.0763987119 44.5600049276 44.9310312229 44.703273276 44.7044963769 44.8320825569 44.783500437 44.6335455106 44.6012921327 44.9883597472 45.027327775 44.6400561343 44.6968271051 45.1663791465 44.8133538475 44.8577605793 44.7221168341 45.0309138815 44.9029029381 44.5158886218 44.9875451327 44.5665311503 44.7761624676 44.9272788879 44.9753319866 44.6275228545 44.5811774674 44.8691314868 44.5582114466 45.0820905301 45.150887442 44.6347815624 44.7285071395 45.0613609414 44.8766960791 44.5629816662 44.7665202023 44.5508583094 45.0919171902 45.0100867195 44.6590248881 44.9666265024 44.9335289424 44.9295293453 44.5569615877 44.5100218275 44.684674694 45.0713240131 44.8939712437 44.5063738326
44.5043477169 44.7663784547 44.7638502063 44.9875186255 44.7343418527 45.1656422863 44.6461125951 45.0022807901 44.6023639023 44.8365053101 45.1214311465 44.7333712202 45.0599059825 44.8883463216 45.1237857505 45.1853245553 44.792466906 44.7625281839 45.063109927 44.5991078468 44.5932119646 44.9447616259 44.6129675221 45.2033578985 44.8292824901 44.8667920342 44.553419693 44.5058142811 44.6214043767 44.7274028811 45.06639916 44.8357155589 45.0449275527 44.5661159227 45.033376939 44.7570337769 44.8987373893 44.7156141956 45.0102560652 45.0503094855 44.7124707811 44.7161765616 45.0483183731 45.1450019257 44.6140914124 44.84912311 44.570420824 44.7386113259 44.8350536088 45.1795139253 44.5217234567 45.1596120276 45.0595273694 44.9231439473 44.5294226233 44.8743712385 44.8940361403
