Spatial_Output/DEC/DEC_1345.asc
NCOLS 155
NROWS 192
XLLCORNER 196307.867259
YLLCORNER 449144.565805
CELLSIZE 33.573938
NODATA_VALUE NaN
[rows 52 to 77 of 192, columns 0 to 56 of 155]
33.020077689 34.0531644002 33.0462416573 34.236438533 33.5362230185 33.7804951949 33.8619933833 33.8412345944 33.5998341563 33.4385828033 33.4260773008 33.8862075241 33.8385492496 33.9480923428 34.3411900804 34.3846100859 33.9823400043 33.5889086776 33.479794345 33.3121288455 34.2416428186 33.1046041892 33.7100716476 33.6537346176 34.2957433059 34.412389146 33.1349340119 33.3971136596 33.5087984298 33.0636240762 34.1252822733 33.807910319 33.8192158573 33.5673029954 33.1999076634 34.1856397622 34.1220682945 33.0741888252 33.5617946978 34.1070256774 33.3385977754 33.9528839913 33.3633343768 34.1593969008 33.501738441 33.8691931404 33.6417352654 33.1227684949 34.404442702 33.1656080845 34.1698724559 33.4101561453 33.8955457791 33.9978403299 33.2594485095 33.2676017485 33.2258190562
33.8147699713 34.0040138859 33.1473848436 33.6916883235 33.6657973696 34.0414175217 33.3680673721 33.0077421083 33.9131727088 34.1658632038 33.4329293619 33.5121153275 33.5763644835 33.4028710457 33.9147469939 33.9323245743 33.6070241525 34.2252927163 33.6013383057 34.4030269776 34.3126614871 33.572561443 33.9651264312 33.0362030646 33.2629480086 34.3264820536 34.3497263643 33.1941663359 33.0928757634 34.1676670967 33.4429374105 33.4406498106 33.5075565149 34.4042836209 33.590312698 34.3322019273 33.9159218741 33.9870248142 33.8670374058 33.0674663678 34.2768324707 33.0470493366 33.4350726518 33.3955225816 33.0424002189 33.9288354838 34.2345114261 33.0331232483 33.0551676574 34.0216209274 33.0369156097 33.5750296721 33.4928608956 34.234661741 34.140192647 33.8771573982 33.588293271
33.7033178333 34.0509728134 33.28868073 33.1749948641 34.1983173127 33.8120042751 34.2225113847 33.3481012443 33.8233095171 33.8184521695 34.0555551182 33.1767346115 34.0733719803 33.4786003461 33.0294411997 33.9491593546 33.292569271 33.2496745333 33.262494805 33.4879688101 34.2906316519 34.3592942986 33.2296733092 33.6690392021 33.9319741702 33.3794218193 33.7504155976 34.1136013023 33.6506554312 34.2372373547 33.577254395 33.7275936776 33.6357396099 33.9261799737 33.2607519943 33.3288401599 33.6851261532 33.1799673031 33.7008185193 33.4049056427 34.2914481934 33.0072216471 34.3342516805 33.9806430158 34.3258079141 34.3111326708 34.2708864297 33.9679379011 33.3317226422 33.5429980411 33.08687622 33.0314738499 33.2997924324 34.0731145412 33.3615516152 33.2576888737 33.4448841931
0 33.3583832056 33.0370504799 33.0907106152 33.7413091886 33.9566053722 34.1222679343 33.990711885 33.2691262401 33.6480784107 33.8021297046 33.5464487082 34.011100515 34.1785771095 33.7849307195 33.5851228667 33.8510908596 34.020165297 34.3871957924 33.6076473839 34.0753212731 33.5248493891 33.7411734888 34.1922214678 33.6187763518 33.1726752208 33.2717910527 33.6938627316 34.0337246567 34.0371045833 33.1265880402 33.0179717283 33.2800776134 33.5534922166 33.2405391862 34.343019411 33.0992927889 33.1847704991 33.5700737308 33.2715858507 33.6958760385 33.4557661498 33.6427780464 33.2360560996 34.1449791938 34.0242573383 34.1690821856 33.328540351 33.8122591989 33.5768645153 33.6886066998 33.6096369399 33.2831340081 33.8222066936 34.2103220972 33.492773698 33.5882058403
0 0 33.5485895181 33.869692598 33.114458263 33.7266876853 34.2883716842 33.0019082794 33.4015282822 33.7176482252 33.8689002594 33.3120959841 33.3348004045 34.041451882 33.6330386761 33.9952049863 33.5536648698 33.8280361034 34.158635844 33.9050072789 34.1074907821 33.4476859957 33.4037750744 33.6900532888 33.4162558486 34.2003344752 33.760547855 33.0923013785 33.9076942143 34.2925468855 33.6671037572 34.266483245 34.1905691484 33.4706713188 33.3177651965 33.4169536521 33.72730812 34.0648720775 34.3619677972 34.0746700084 33.0227961791 34.1249597126 34.2005675059 33.400508344 33.0064973153 33.8137724684 33.2116265092 33.3358840956 33.9436857611 33.6627039501 33.3978765798 34.2213173106 34.2751097177 33.2138616011 33.9441738178 33.9214614445 33.880543797
0 0 0 34.2344510893 33.3841903886 34.0567738423 34.2449370937 33.208389414 33.3170648795 33.0210924429 33.4272340485 34.3153461391 34.3749144224 33.9659504373 34.2985913805 33.6138554587 33.1792197039 34.0954303747 34.1502985548 33.6994143907 34.4019728597 33.2917886306 34.1344809345 34.3425477258 33.2271643903 33.6096049968 34.1808342438 33.3798607259 33.1628382725 33.725022475 33.2747945504 34.1857314285 33.2743830057 34.0670015782 33.6082940695 33.6046876795 33.688642747 33.1246226456 33.4018909834 33.7266686826 33.8267969028 33.0119464794 33.0728961775 33.9910947932 34.2950569708 34.2075255388 33.2789396369 34.1023185605 33.9433460079 33.4090706704 33.1444446709 33.0757304284 34.100948254 33.0579738531 33.6994675726 33.2365468738 33.7001387751
0 0 0 0 33.8797296261 33.9705983078 33.0265140738 33.2059081718 34.3235394062 33.9759368281 33.1642984489 34.123130554 33.3243513697 34.1003856161 34.0435517709 33.6786126346 33.8690749138 33.569787022 33.6920833489 33.852239884 33.1628522918 33.0180049006 34.0265793182 33.328670592 33.277843281 33.3564904557 33.5427808262 33.5409023524 34.2682195524 33.6207945526 34.0108615709 34.3403540003 33.1545602379 33.0922997846 34.2297471423 33.6349906752 34.1328038338 33.0685257951 34.2255675008 33.3750621675 33.8569460392 34.2937354597 33.6012250464 33.0462908452 33.2363675007 33.493222835 34.1773872214 34.1907354781 33.2363054256 33.7836548916 34.3736752679 34.4110082005 34.1976188911 33.6319518022 33.9054630314 33.6383802392 33.1521353019
0 0 0 0 33.3263558996 34.3147297033 34.2033241064 34.2792179518 34.3631328128 34.0017254797 33.3735373411 33.8184065161 33.5242957043 33.5970221321 33.1939618101 33.6368744558 33.7412501364 34.3960465115 33.3475490345 33.4906255721 33.7882579043 34.4005741656 33.0497180009 33.731867182 33.8312246656 33.4455397181 33.6342867763 33.403052754 33.0435335576 33.464535683 33.7999163508 33.5048694067 33.7047472575 33.5477697707 33.3051369384 33.8696058991 34.4096244458 33.0374551643 33.6067748735 33.5889798462 33.1158493807 33.2768474738 33.9039877865 34.2702085983 33.7376174487 33.3152126573 33.5271707543 33.4415021975 33.1945209874 33.7734308477 34.2704758266 33.3706468195 33.852268144 33.1990535548 34.1637846296 34.3056462411 33.5565326066
0 0 0 0 0 33.1539965804 33.1055964859 33.8385716442 33.3735432877 33.690773656 34.1674309319 34.0753219609 33.3050957908 34.081087363 33.7034112637 33.5695286015 33.3831028714 33.7201299636 34.1811647214 33.7939016799 33.1015397413 33.7662637058 33.2376528649 33.6107850917 34.1252249791 33.3866844425 34.1018909497 34.088079682 33.6821480423 34.3045037614 33.2443524529 33.3344100834 34.2824961594 33.3670506738 33.7949009149 34.2063520851 33.7681259002 33.6680442068 34.3375459241 34.2497460559 34.1791690008 33.5258936201 33.5868915329 33.9244903843 33.8083139105 33.1763423204 33.115811737 33.0048099432 33.9814333932 34.0468297725 34.1734675954 33.9880533605 33.4144679989 33.5746303902 33.0048860943 34.1525602729 33.9224779473
0 0 0 0 0 33.3923065729 34.10282509 33.9813431218 33.7072729289 33.5512282732 33.3155945535 33.2359037156 33.2399962572 33.9846998156 34.0190189451 34.1692323334 34.2352360147 33.3073145219 33.0390068364 33.7382755702 33.9350306129 33.7783109999 33.046028807 33.4334753547 33.9810186819 33.0036277988 33.2182604293 34.3149374152 33.6205365114 33.8133406942 34.3520531706 33.2759627826 33.6782870931 33.5079156143 33.1878463309 34.2813606907 33.6718191086 34.2728584264 33.9361048039 33.7346407392 33.1206526029 33.608447839 34.1846093511 34.2216754621 33.8657875319 33.6518863665 33.5201596453 33.8307250243 34.1744362455 33.8170207645 33.750843758 33.6583623129 33.847879165 33.9447827898 33.4510131983 33.1420598692 33.7034147024
0 0 0 0 0 33.3913490876 33.4812700815 33.1567058823 33.1764206041 33.2440168527 33.7949694501 33.2780901588 33.1662954845 33.5501523524 33.5985863774 33.752927471 34.0666276364 34.1017102499 33.0412833706 34.154862794 33.1373201271 33.3171923466 33.4810152299 33.0179610535 33.9203218686 33.9925560397 33.3702989423 33.2002675816 33.3534508608 34.0349675771 34.2899924392 33.1614176676 33.3639356314 33.6062479833 33.4217635134 33.7548542323 33.5500944528 34.1312071428 34.3826219498 33.8896809789 33.0669761312 33.34446185 33.9750752827 34.342623025 34.3636167414 33.092187573 34.2062919787 33.4773323307 34.2679450494 33.2048444719 33.5641037386 33.2515234214 34.2671678014 33.5085254407 33.2564936521 33.1482284955 33.3533121887
0 0 0 0 0 0 33.9486694571 33.4710640852 34.2536694043 33.951034117 33.5046660423 33.2320144703 34.1853166248 33.0525734809 33.351332831 33.7666118028 33.8277142767 33.2014393944 33.1060494925 33.4565502349 33.5463916311 33.5955307601 34.1972352282 33.4187266885 34.3723807632 33.655573195 34.3241447792 34.0095188594 34.0114885822 34.1960273644 33.3997310148 34.1818096729 33.2041419464 33.230123817 33.1873983403 33.0414652004 34.3403340875 34.3903312406 33.9331425024 33.173347939 33.4711254277 33.6566430794 33.6672141503 34.1490285934 34.1857867037 33.7092651858 33.9697235631 33.069283331 33.2829193865 33.5121677055 33.8630713159 33.1590073309 33.2988677576 33.2938004777 33.4768976506 34.0142916896 33.2228114101
0 0 0 0 0 0 0 33.972666063 33.0444926331 33.8867084883 34.117645053 34.0823673736 34.0628264499 34.0383540719 33.1953735643 34.276256318 33.1586660185 34.3237912248 33.5377914702 33.1088394163 34.0068340655 33.9525346064 33.2796468429 34.0054969719 34.2433558568 34.2782194317 34.0609067244 33.0535126981 33.6208132707 33.8287173329 33.8331139435 33.0038124968 33.8825242764 34.2457411775 33.8742637921 33.6523956305 33.4610026084 34.2742694091 34.1949944702 33.2587768441 33.3507088123 33.1034425695 34.1467734094 34.1802308402 33.1758461894 34.3988386309 33.3069483432 34.3393145162 33.6614632493 33.6357373324 33.1146301713 34.2005459532 33.1448973951 33.9174015978 34.1349899029 33.5937765791 34.3781770135
0 0 0 0 0 0 0 0 34.228917884 33.2056466312 33.5494589821 33.3876960245 34.1855771056 34.3788834206 34.2402189557 33.4554368373 33.6875204076 33.5267338358 34.2801952966 34.0594633316 33.8814414328 34.0031384093 33.2781855791 33.1804551175 33.4444275168 34.0995849477 33.0143272736 33.4756169283 33.1785101345 34.4128628848 34.048134504 34.3271398856 34.2105138451 33.1052986976 33.127609259 33.4446712513 33.1737087338 33.8784056559 33.656701052 34.2839455864 34.1300260829 33.5297507758 33.1202991568 34.1432684557 33.7779947161 33.0032151033 33.5902300847 34.073404017 34.3418831266 33.9542774804 33.8983214999 34.0769650455 33.4174634494 33.6393646605 34.3593676252 33.6272425729 34.3429380623
0 0 0 0 0 0 0 0 0 0 33.1975928804 33.999806458 33.3076376961 34.2724483997 33.7568071483 34.3318379387 34.3005776006 33.4885807485 33.9983130893 33.9537471888 33.7141223033 33.0436958554 33.3693844697 34.1180991963 34.2102479144 33.0474758198 34.0808531823 33.1997764921 33.4818168328 33.6508528875 33.6767233467 33.6260829658 33.2242020707 33.9191319501 34.105127909 33.8270027961 33.8780384679 33.2389415405 33.7750239434 33.8006045841 33.8220706702 34.1762795782 33.5498552013 34.0231273735 33.2005035073 33.4725305365 33.0660103837 33.6345102368 33.3710552147 33.6006601017 34.1877383937 33.4777287489 34.3660977461 34.1564901227 33.0193836223 33.6360925775 33.8552837612
0 0 0 0 0 0 0 0 0 0 0 34.1496699077 34.1690622837 33.0950876011 33.8291115759 33.1840665211 33.6586008839 33.6345292364 33.477606998 34.2553474043 34.2426193973 33.4395039835 33.5060003465 34.1501688527 34.0472575914 33.8040143131 33.9009401442 34.1526911543 33.6313322548 33.6629509808 33.6767328063 34.2982211373 33.1884644215 34.0707736665 33.6792546272 33.2155355997 33.2607995131 33.6600055459 33.5932553506 33.2803494754 33.87715115 33.9953508035 34.2143120184 33.1670274319 33.1682932612 33.0641453085 33.8887564746 34.0191977612 33.5870562 33.0575880686 33.4075063232 33.8818286607 33.8746632761 33.0192630746 34.0122049612 33.5169308141 33.0694669375
0 0 0 0 0 0 0 0 0 34.3111959735 34.0904633923 33.577859725 33.335155085 33.235673648 34.3844333096 34.0836910928 34.2033622991 33.6241128143 33.3307609561 33.5503049177 33.0491056287 33.7422877505 33.1324158282 33.2339656137 34.2371411696 33.9226128678 33.3137561699 33.07361241 33.7608670426 34.3853502227 33.8672468143 34.3184973452 34.4044115776 34.2327626168 34.3248690699 33.8716080947 33.161061905 33.4591769193 34.2031072225 34.0301160216 34.0605247891 34.3674727815 33.7093025115 33.3777013338 33.6189678412 34.2864713811 33.2109782477 33.5716496036 33.9103406515 34.3413915106 33.7052870275 34.3567568464 34.2729939293 33.5262286307 33.2237429182 34.3707194768 33.6428998357
0 0 0 0 0 0 0 0 0 33.6139581403 34.1000071159 33.2497507927 34.2274656935 33.4012218563 33.3560110889 34.2617551913 33.3072782428 33.1634532972 34.4132392483 33.2379555355 33.553386207 33.2528882731 33.0499532064 34.1515539189 34.060928869 33.7975782316 34.3560463686 34.2227909753 33.8729978262 33.2539615267 33.9032403711 33.448259512 33.2301024884 33.6614903332 34.010437465 33.3477555788 34.0460975255 33.9806545618 34.2004833333 33.3415534244 33.946374035 33.6360230153 34.010093142 34.1442748201 33.6323326338 33.8055156532 33.7857079578 34.064965882 34.2877567021 33.7752239635 33.2761730004 34.1316423258 33.9148709496 33.5454388251 33.7304464474 33.5090952019 33.7868730771
0 0 0 0 0 0 0 0 0 33.5740812865 33.4046052421 33.9042893965 33.9799978818 34.1028590138 34.0705367439 33.5805006527 34.3235927998 33.7278485808 33.5657749759 33.1903833067 34.3019168962 33.9450128863 33.3816754225 33.1179249955 33.1682220744 34.3428004037 34.0020662686 33.1483234139 33.1120756012 34.0762899641 34.3389273471 33.6355506442 33.5328560735 33.1601130345 33.8591575564 33.7606611555 33.9209722316 33.7916003845 33.5200240218 33.8921945694 34.2352098203 33.4615216552 33.416875479 34.2140555302 33.0126592695 33.5315994615 34.2645572887 33.697934722 33.213264341 34.2115649611 33.2188641197 33.9551586442 34.0793079643 33.2768626803 33.5137218724 34.2093895659 34.265179749
0 0 0 0 0 0 0 0 0 33.6162814713 33.4114379656 33.8391444358 33.923369786 34.2200572822 33.2321415258 33.9523055696 33.1041010725 34.1004823912 34.1308933051 33.0407597594 33.1933111961 33.8965326288 34.4094272452 33.2022342995 33.3348448202 33.1875913769 33.741652847 33.5724676642 33.0417151292 34.0171806847 33.7738081977 33.5982888193 33.8617629401 34.3462017247 33.9092490698 34.29937138 33.5614198449 33.6479598364 33.945298063 33.2821030534 34.0940291189 34.2293208488 33.3891375417 34.3037989423 33.3154741735 33.3846364855 33.8062707069 33.0517986718 33.4865978027 33.5191050924 34.3423052614 33.4410541474 34.0888565269 33.8390495873 33.4808855623 34.1144934257 33.0226825369
0 0 0 0 0 0 0 0 0 33.0162454998 34.3047598743 33.6458984857 34.2957762875 33.3173022847 33.6122659413 33.799195518 33.1994040063 33.702769553 34.2431279325 33.2575551413 33.909793862 33.6156597411 33.3670236687 34.0300703459 33.3540873556 34.2776866775 33.4714625502 34.3423570753 33.287191847 34.1515328066 34.3352465579 33.7183255263 33.2176662645 34.381258649 33.5569862326 34.0499864664 34.2505809258 33.318387684 34.1674551771 34.184778735 33.102747903 33.8567820171 33.9543595286 33.3005898347 34.0313813309 33.3671014971 33.8448347662 33.4600434881 33.535703154 33.3995287309 33.3696544252 33.007967914 33.0565157236 33.3702510818 33.3903015257 34.3692042963 33.2280016817
0 0 0 0 0 0 0 0 0 33.7867392145 33.8594381607 34.3353660987 33.4675086507 34.2608343873 33.9139426042 33.2580943177 34.2052414486 33.7784404331 33.1130088124 33.1635029149 33.7682271747 34.2850047355 33.3395775233 34.3861546533 33.1110698195 34.1782568142 33.6035610512 33.4778413857 34.0689684884 33.270200558 33.9490136044 33.0553317977 33.8563563537 33.6202184608 34.1262072734 33.4568484792 33.609596975 33.4361161606 33.3153093425 33.7574374678 33.7122945282 34.2104549658 33.1638691315 33.5275091478 33.1853448519 33.2370186496 33.4695456252 33.1339208865 34.3776831227 33.4297401521 33.4205323916 33.9977280895 33.9971026146 34.2097218734 33.2393636102 33.7362561535 34.1249740698
0 0 0 0 0 0 0 0 0 0 33.7368378388 33.7602389027 33.6814584501 33.381649936 33.5064336892 33.8479320353 34.3696321045 33.4427653265 34.0265156328 33.4696955126 33.8778608016 34.168172001 34.063293208 33.5390943282 33.3157790723 34.3728672444 33.8950180545 34.3147490521 33.143228861 33.7424587523 33.0089609545 33.605144936 34.4029763606 33.6661807846 33.0062866002 34.048608185 33.5653239287 34.0235285467 34.3017717092 33.067176632 33.1783997346 33.363429646 33.8519261349 33.336574503 33.7505262647 33.1533596093 34.3397680596 33.3917921422 34.3247923228 33.2523494991 34.0244984263 33.4330847328 33.2838121087 34.2498004986 34.0443298809 33.4122280873 34.4028626524
0 0 0 0 0 0 0 0 0 0 0 0 33.0722552195 33.4022575326 33.4895388736 33.9857207458 33.2085111162 34.2668178221 33.3632082936 34.3597884721 34.2681497532 33.0996532446 34.0113448985 33.0337487873 34.3493376874 33.5932307845 34.2284149558 33.7100378296 33.8713904471 33.4587048708 33.3194823922 33.8924649535 34.1306106595 34.382944901 33.0121587575 33.8860864973 33.2474986374 34.1698849387 33.6653020888 34.0477656047 33.157216736 34.409037686 33.3586208047 33.3732444482 33.0059907496 34.1332616908 33.2066488228 34.0091935674 33.7293511255 34.2517261346 34.0681144958 33.77603815 34.3381760932 34.1258253194 34.3952062538 34.3908542403 33.0066082276
0 0 0 0 0 0 0 0 0 0 0 0 34.2217013324 33.8868300045 34.0248368167 33.5183201662 33.4257508659 34.0618530429 33.0859914147 33.0932667523 34.0492470311 34.0749189335 34.1926552979 33.3976512249 33.2527183452 34.0921447014 33.1809011881 33.7218175078 33.0999942516 33.9774393966 33.0698364982 33.3710797304 33.336007922 33.4562254647 33.9087766976 34.4025654336 33.3043249797 33.8226331567 33.3934780486 33.4935038744 34.0039320172 34.0167411035 33.6114392187 33.8880433737 34.1963723037 34.0710014214 33.6719080386 34.2616261845 33.8208292412 33.8769719314 33.368498158 33.5963112443 33.6265655217 33.514590873 34.0611320464 33.6586949924 33.6992055549
0 0 0 0 0 0 0 0 0 0 0 0 33.5681770895 33.0630650823 33.7721662078 34.2527495748 33.8649332177 33.2811852714 33.7592837398 33.9216552562 33.4716807736 33.350031863 34.2516359749 33.6799605176 33.3028820023 33.138189106 33.7411482892 33.9473054542 33.4344859917 33.0798034794 34.2010711604 33.5149831848 33.071710594 33.1980893885 34.0256682551 34.1869381395 33.7110939913 33.260806642 34.1155695957 34.0193650521 33.0487253616 33.5859327596 33.9029558247 33.7970225873 33.9451599091 33.5303959096 33.3514108122 34.2076256387 33.2681929457 33.870864569 34.2818206158 33.5897861918 33.2258647974 34.1464122379 33.7354509193 33.677699492 33.8014526987
