Spatial_Output/DEC/DEC_0613.asc
NCOLS 155
NROWS 192
XLLCORNER 196307.867259
YLLCORNER 449144.565805
CELLSIZE 33.573938
NODATA_VALUE NaN
[rows 78 to 103 of 192, columns 57 to 113 of 155]
25.5738628497 26.5113492955 29.0451530469 25.680584612 25.4253887992 28.5752309735 24.6113847318 27.2150003321 28.794605925 26.7801000675 27.6194442155 26.7775425737 29.3491594545 29.4253740355 28.0442314043 28.2537215045 28.7846074298 25.6539996183 26.7412897602 27.6877835569 28.8441786772 28.1563498664 29.411332455 26.2105627557 27.8242711376 29.1247343139 25.4224959563 27.9403167135 26.4629602311 26.1645162829 26.6499217741 28.1299702526 26.6091441179 26.5924639922 27.1059319063 27.4828514921 24.8512215874 25.8104968633 27.0985014818 27.888230051 24.8123534808 25.9518914052 27.6997205565 26.6760587957 28.6816469429 25.9045787792 26.5923890955 27.7015192552 28.9983927641 28.2565282288 26.6782550745 28.1266453303 26.6089764053 25.6158251682 25.7768078974 28.5970188765 27.4307036174
28.7405807201 26.9505528171 26.3054544143 25.5702840421 25.5667190576 27.2462274227 24.6606845147 28.8320022212 27.2036798109 26.46939539 28.0275864497 28.7261047431 28.5203271644 27.4057462572 27.1551055987 28.805093541 24.6738424534 28.4226210276 25.8707597331 28.4569426843 25.6265628637 27.5902113628 26.7861304806 27.5381873295 25.9125254643 26.4333419203 27.0519937029 25.0344023241 25.0975124609 28.9011162675 25.4511742688 24.6775734634 28.5427900444 27.4229182911 27.3880332344 25.1783205844 25.4188756518 29.0530087488 26.2057818025 29.0317977868 27.645520569 24.7932415511 25.8919793368 26.8990587728 28.8924714656 28.2709905821 28.6308971732 24.5637641658 27.7720071228 29.3228507821 25.9152766249 24.5701898933 29.0913043297 28.5999357482 27.7956544846 26.6920418622 27.4882041344
29.3458128298 26.7938752476 27.0667490075 26.9469605905 25.3337517623 29.2107837209 24.5674384599 28.480600427 25.059104308 26.2610958193 26.0510472931 29.2032706972 27.6188629575 26.5956326848 29.2660830139 27.7532649546 26.9013995834 29.1376966041 28.0406885643 24.918835424 24.6783164346 29.2765635279 24.565112383 24.9530525067 28.9499128397 28.6141418464 24.5795423157 26.0071467505 25.833282973 29.0019059927 24.699980696 26.7432098073 27.2746445914 27.9955690018 27.6509269531 28.5200336227 28.454919043 24.5573119209 26.6784020374 24.7416846655 25.0390711551 29.288374083 28.8534559233 25.2964097516 29.2042429153 24.5277065371 25.2186412529 26.7443856282 27.5696726601 24.6907536524 26.2827660076 28.3003909293 26.4823864877 25.4493447257 24.8556993924 28.7913288955 29.2551613744
26.439461782 24.8806524422 29.4229514763 28.7352798081 27.9054808841 25.7456414411 28.1516047721 28.7584546808 29.0667858263 24.7405029723 24.7822884036 26.3950369391 26.600869842 29.2273522395 28.1348658984 27.8012001333 25.278060885 27.4399976833 28.9223458139 25.9180096334 26.9027457419 24.9502868959 28.6000548912 26.7944674918 25.2488742557 27.4016496228 26.5229835175 25.3362817684 27.8395995864 27.241256473 28.0708571816 24.8373446375 26.9283830438 24.5925500094 25.837566031 27.3084561889 28.8262165419 24.8985483501 24.8947113999 26.6477107662 25.6320422606 24.9715234056 28.0732501773 28.2790708223 25.9829040625 25.7823900958 25.1859796962 27.6750374051 24.7066940705 27.9062737051 28.7087370106 28.9278465484 28.4031273349 26.8109810736 25.8663537639 25.9524437207 28.2275192703
27.1524090786 25.6680824152 29.3206035575 26.5780133355 28.8855446858 25.3688186227 54.5190943235 54.5190943235 54.5190943235 26.9130216919 27.9984157035 24.8481937398 24.9306528802 24.7936451274 25.6562805132 25.6455033617 24.6541266568 25.2501803334 26.8254519677 27.9114911927 27.0115710041 27.373717389 25.4594682497 28.0234366343 29.1426396571 29.244743436 25.128372485 29.0724746346 25.0287291064 28.8012186228 25.3181462448 28.7344710358 28.9449863871 26.5097810976 24.8582762751 25.2907454314 27.4729845224 28.269309931 25.1204530737 26.5428123962 27.2696900429 26.9801712031 26.5198220224 29.0930774099 29.1207610588 27.3431457624 25.4416477832 28.3811992529 25.431763629 26.6131724143 28.1843358048 27.6462305438 27.2438393205 26.6077940952 25.5741530762 25.9938110729 24.9855049697
27.2471214739 26.5200966717 27.9193529605 25.7484779814 27.0270901545 28.0538786583 26.6821276782 54.5190943235 54.5190943235 26.1303529157 26.1569958961 29.2208913674 25.1532195896 27.7485231698 27.7004987954 28.0319653202 24.9509837346 27.5782998444 26.3410130451 26.9784790834 26.5466083758 26.9359588075 27.929365642 27.4793167378 27.3697874582 29.4078870967 29.4244691852 25.979311904 25.811926937 25.1328547816 24.8147996156 26.1116263195 24.7211244985 27.3195078755 25.2196226236 24.7346594533 24.7126057124 27.1156653736 28.638200665 29.1492357971 25.3091381228 26.8916233658 27.5496961579 27.2380906888 27.9698671594 28.7501386788 25.6998530594 25.5348272659 27.1014936114 24.5928718768 26.0728953069 26.938483298 24.8343216691 28.4571641906 25.8197561416 27.1781762497 28.666813201
25.3816942814 29.1493370097 25.9667941446 27.8151494062 26.9944668937 28.579559878 25.3675203146 29.0172386884 24.9908239732 27.0073468805 26.8745748993 28.4005129775 26.7909816394 29.0944732764 26.1064053183 27.4888132457 29.1219873759 26.7478843316 25.0113254087 25.3331538406 26.9530828728 26.816297843 25.5905354175 26.3978641221 25.9138659673 26.2060177802 27.4193571808 26.3813535268 54.6607152263 54.6607152263 54.6607152263 24.5460608854 28.1883302894 24.9355360761 24.7601608362 24.5520676675 25.8988979084 28.803857597 24.6900067169 28.2495386769 26.0715370888 28.4450860889 24.9756236939 29.0115584795 26.0075063075 27.3578296381 27.0102251148 29.2127524033 24.598809576 28.2563205444 24.8119426676 25.3755627436 29.2629921407 28.8378987472 29.2635933172 26.690888508 28.3343920651
24.5204187985 26.7485986375 25.1152500848 26.2354491426 27.8771627725 25.0304905807 25.4757927663 29.0151066043 26.797894903 25.1772060039 26.2568959792 25.0716260311 24.9366211021 28.3957138619 26.4772652753 29.2888662636 25.8754210937 28.2858739841 25.9513738239 24.9305184078 27.2788892526 28.0605347107 26.0614541135 24.7554128355 28.3706628293 27.6778104205 26.0977986705 28.1768048291 27.6893343447 54.6607152263 26.1290314311 29.2054577488 27.7795621191 27.587933439 25.811642484 25.6357885242 28.1941094203 26.5396135306 28.9530945363 26.7328648984 26.5132609566 24.8881100082 25.5938049815 26.3618045986 25.4730411064 24.618196061 27.3206426382 28.8372291196 28.3398551774 27.8243586013 27.8914439317 25.4303256325 28.8915186124 25.3651098248 26.0142429324 27.8589505405 26.9284615415
28.8554183351 25.0998331735 25.7180322092 28.6318328173 25.5778698354 24.5680279791 25.2767047702 43.7094775156 26.200288931 25.5850899834 25.2870393919 26.871869962 29.1521031869 29.0347781691 29.0686830503 27.6009203188 26.5720977023 29.4153432861 28.1105546733 29.4377275245 28.1318563475 25.3721624865 27.2521686511 27.217250248 26.3043065094 25.1151873802 27.8547631297 26.0522536366 26.4407122925 29.2341171602 52.6484247345 26.5969287398 24.6321778616 26.1406550705 24.8882441261 28.112159942 26.2472960894 26.9127802682 25.0100275183 25.6527880217 28.6595739403 26.9274341153 25.2773941111 26.1332827785 26.0222629293 29.1390821943 28.8733984338 26.7420094908 25.5196911684 29.4177896141 26.5738628937 25.1791595606 28.0670377701 27.2026961933 27.7866409666 25.7169055417 29.3093934453
27.2148669479 25.534711237 27.1575004242 27.7154964918 28.7997854419 26.0570285408 28.2996601544 28.5005874703 43.7094775156 25.852733864 25.6312413388 28.0682370027 28.8743281826 25.0888013097 28.1649760517 27.8539976834 26.3195940162 29.1976164464 27.2263746463 29.1529321349 25.7957372681 26.7202260039 26.763719925 24.647314819 29.3383999224 28.9067883186 24.8974399293 24.7636245331 25.3562231393 26.3947826527 52.6484247345 26.7541066648 29.2434394955 28.4285967852 28.2813451296 26.7231867844 29.1850402672 27.3189874838 27.3895692139 28.2760281806 26.289100633 26.4208611962 27.5298489797 29.2888709965 28.5647424009 28.7419635906 26.4878753213 29.1618771432 25.5662205176 28.8224420391 25.0333797512 29.4378286355 29.0328401558 28.4006939396 27.1527757474 24.7414328392 25.8059581951
26.7218402256 25.9505740112 24.8440259385 28.7704655351 27.3721933062 28.6911416256 28.3361055745 28.1526881598 25.5300521199 28.1278456198 25.3518494315 25.3643322688 28.3771530409 26.9472996319 27.917263478 27.4392072411 28.6817542859 24.8905161444 24.6541572004 25.0425962079 27.0890564516 26.8424678977 25.3849833144 24.7103243673 27.7694370191 29.0570054054 27.0097230546 27.7498823191 27.6094588828 24.8140654781 52.6484247345 25.3836120041 26.8576264691 24.8568897119 29.3157317504 28.2588633116 27.4801403798 24.9700681837 26.0538585665 28.5701048095 28.2419488096 26.2272343384 27.7720494891 27.5156185606 29.2831926809 25.0454956585 25.3667682237 27.4015180076 29.2902469368 24.5942311509 24.6701080074 27.4311934175 24.8320686622 27.5989079002 25.9010458489 26.7406688352 28.3410156225
27.0142600474 26.2368723428 29.0876578511 25.8545438257 25.5340415468 26.0854570179 28.1772871354 26.6990671089 26.5536886084 26.3561517611 27.7660965495 28.8439952278 29.3686515675 26.9949651729 25.1274694381 26.4419010362 28.1655115143 29.1369237602 26.9322897153 25.0870920377 25.0511741834 24.6370703559 26.1828927111 25.7756117894 24.9307727467 25.9637861438 27.6731814772 28.9884034323 25.120938511 26.1634739052 25.0241313047 26.0721781832 25.2212722008 28.4819939047 25.1046188094 28.4392655932 27.2002221483 29.0181170723 24.9836005503 25.7814099905 26.9839618698 26.972403312 29.4354343559 29.1163256373 26.2887616144 26.4888574331 25.7644534473 25.0881957716 27.1622845305 25.1931542834 24.8983500506 28.1308915428 28.4828364902 29.0364389946 28.2496724305 25.9245571978 26.2736535524
26.6627675077 24.8153948311 28.35999013 27.3002306935 24.5722990146 27.7725720143 26.2501836982 45.7832123687 45.7832123687 45.7832123687 26.6292537468 27.0764365056 28.2060208043 26.9383165788 27.7478064475 26.1119984083 26.7377206956 28.9829119048 28.7451777669 27.4942174779 25.4484873467 26.2886962155 27.7677206275 25.1816976675 28.6590549466 29.02102051 27.0890499722 26.1141845888 26.3543512235 24.7754109118 24.8544438619 25.8949951362 25.3637626146 29.4111098503 25.7294046269 28.8987397 27.0892575745 26.6787408378 26.036722813 28.5033330985 29.2305035698 26.678063764 26.1845377731 25.0068998213 29.3624741638 27.5734581085 27.5935717694 24.9826404498 25.5141793787 25.1113402103 26.7204133359 28.5528803678 25.6549677502 27.7618883454 27.9947039523 25.5703321822 25.3000012275
25.8482000037 28.5640984657 28.6779635707 25.7790192974 26.5287917176 29.1726250808 25.2086065322 45.7832123687 45.7832123687 45.7832123687 27.2578729716 24.7555735453 24.8657193813 26.7203024229 29.4138324689 29.1601714734 24.7059930714 27.7538122288 27.1872330868 25.6482129592 27.9658455006 24.9777810442 28.5398540786 25.4316983711 27.9482229002 26.4325662367 27.5790227783 27.0707802556 27.4527748646 28.5994489186 28.1549171818 26.967745001 25.1145619991 28.5292503049 25.1545314651 25.1222253136 26.5151249224 28.9701592513 25.1943360233 28.8437971666 25.4474181095 25.545221322 28.7364264768 25.6159670151 24.7252245305 26.6751798709 24.9094611676 27.7002198376 26.0252740625 26.6402575402 27.5206857001 26.5713157637 28.009523376 24.7647464001 28.5120367598 28.3675994959 25.2142846339
27.160820256 27.5075271491 27.30625054 25.7700319743 28.3925577842 25.1395957625 28.1374024652 43.3397782883 45.7832123687 28.1081850657 25.4966312869 28.9337046545 27.8004526827 25.2359889658 25.3580075394 29.3233924545 24.8527133191 25.1940284966 27.6325118666 26.3576964093 25.5831912348 28.7963020279 29.2385234642 24.7417907311 28.7831589454 29.0219694989 27.7707795018 29.2096803798 25.9067858956 29.3914996453 28.902640521 24.8958907346 26.078533787 27.0899794488 28.7805773962 25.3943085705 27.2652196629 27.3670678648 25.67760789 26.1466290127 25.7725556705 26.2533647492 28.302641 27.4256076184 25.5160289913 28.7103900594 28.6664007284 28.6480081188 29.2480826575 29.3479251783 28.0537264932 29.0257820869 27.3226376226 28.8099644826 26.929215609 27.1380623819 29.0994532661
25.2682541607 25.1765598562 28.2247575921 29.2570251351 26.1879918358 26.6497447807 24.5558412451 28.1369348342 38.9846948989 38.9846948989 29.1061909692 28.4133201913 28.1288998418 25.4757804613 28.7489103299 25.3935013181 28.1917371787 26.9987423072 26.1476222313 28.8432413352 26.4259012694 24.7300159317 27.6724538872 26.2621186937 24.9733181304 25.8926226109 26.2549114701 25.3910748677 28.56350835 27.4333515032 26.6766214367 24.7789167569 28.7371479226 26.3100435482 26.0708076598 26.995854502 26.7628309741 28.1440826725 28.6736766964 27.123675524 27.3153173851 25.8951560889 25.9165642361 25.2024166959 29.2870369112 29.4180440733 25.1096876397 25.4036252258 24.8924482558 26.8598803938 27.1222421568 28.2936970236 26.3158889722 25.6098666864 25.9028322215 28.2203756334 26.7645875985
26.5507048806 29.2447819834 29.1629296396 29.0189987618 28.9799764801 24.6887077349 26.7363330395 25.7307389174 26.5091708358 28.3790559443 29.2597727436 24.9947503073 27.7729687568 28.501571357 25.9048905458 26.6585756511 27.4290680259 27.8199812665 27.5515618234 25.7289748495 24.526981002 25.2850500251 27.6313106817 27.8854453651 25.7730271874 26.7167119184 24.6810097061 25.3706817452 29.2871143512 29.2228878059 25.222471152 24.6202953171 26.8696828341 26.5050458611 25.0895307824 25.8592296294 29.0485455939 27.6903765334 26.4644679957 28.0960021021 28.1326773486 29.15866895 26.6135264422 26.527246523 28.3613360032 28.8252655792 24.9098456893 25.5229644779 25.4796862011 26.9506717569 26.3786388577 28.8332936747 27.0241988764 81.1770773143 25.0865403112 27.5591167374 28.9381711118
27.9186588904 28.4221889398 29.0352763427 28.7998036981 24.6205617551 26.9193241258 26.9539661886 26.1925708418 25.6981483532 27.8532549791 27.7258525617 28.0360589952 26.9462364178 27.821583771 27.5200068101 26.7197657439 26.1445417806 27.7884203043 27.5414736272 25.2163853126 28.5104317455 25.5903816069 25.0079929468 24.7763492716 28.1721345422 27.7281674529 26.2705931838 28.7194557523 25.4322378147 26.8982576073 29.3189576168 27.4446651918 25.1803689494 28.7807811373 26.8517356279 27.8582241193 25.5757406394 29.0789168288 24.8177098737 27.3211066223 29.1782019915 25.8228818454 24.7643207344 27.1498340232 27.6816365724 24.7143148888 25.5564878385 28.2491941344 28.3580642613 24.6200693049 27.3505502958 27.3154915589 28.1084493348 81.1770773143 81.1770773143 29.1540068367 28.0765045913
26.4806426986 27.3824222323 25.3687620609 27.5343878824 26.2846929854 25.3625922665 28.1645541591 26.6511048724 24.9348980875 24.7853463936 26.3937999881 25.3941677159 27.2954004097 28.2602523773 24.52282424 26.1049187605 26.5655325718 26.2859535191 28.1929832067 27.4102583008 27.1135694226 27.0609419532 28.5822567344 28.8016667744 24.7881599866 48.0734848722 25.8196298867 26.9898593883 29.3311475076 25.9079992417 26.9721437085 47.6103423007 42.8765082824 56.5863527929 56.5863527929 27.6075329359 28.6186734962 24.7440302472 29.0844193138 25.0709906458 25.9307808101 25.9796796729 28.0001381179 26.144304501 25.5879728387 28.9287709698 26.0643915715 25.8100197709 28.7683390455 27.3957343915 25.7554401935 25.9102783698 25.2645406413 81.1770773143 81.1770773143 26.5366073879 28.3887192869
25.7829263698 25.956511644 24.7379474075 28.3382521726 27.0352185832 24.7391797248 28.5584263659 27.7196673177 36.4027498357 25.0896910734 25.4171273479 28.5906397451 25.2433567894 27.1225484791 25.5171791802 29.0863947923 27.7740938097 27.4297882092 27.889953599 26.5188065417 26.104516212 29.1996826934 25.1920522178 53.8450270984 53.8450270984 48.0734848722 48.0734848722 29.0166588575 26.9418856376 26.2508550657 25.0253220466 47.6103423007 47.6103423007 42.8765082824 56.5863527929 28.5666703041 28.9897439497 24.7096580622 28.4206249242 26.2095729833 26.4071441795 29.0058139512 27.406267204 25.6945592923 28.3569646094 28.1025272005 25.2555565421 26.1318600051 28.4902058101 28.4731435657 29.1117309182 25.6506142913 28.3885018825 27.8072366909 28.3697431466 27.3026313643 24.7764124488
29.0389988508 26.2423038344 26.5428119718 26.4863882625 27.5035539934 52.1453649828 28.0885658108 25.2907302484 28.0050406501 36.4027498357 29.2830514179 24.6855696638 25.265347429 24.6464184925 27.9236387376 28.5433946902 25.9366826427 27.7997107563 27.2890056283 26.2983802026 49.3120965263 49.3120965263 28.7984830294 25.2120151846 25.9132704826 48.0734848722 48.0734848722 25.6749859523 26.5856475707 25.5353372749 28.0718657945 47.6103423007 42.8765082824 25.9331152452 26.5506006499 27.3329832115 26.0473888306 24.6959814961 29.4231211303 27.125409741 28.4837633086 29.4451098028 28.7468917517 28.1136546225 25.6849743694 27.0504445476 26.7573367655 27.1211818296 25.105510833 24.7914661096 27.7530494298 26.7599815887 26.0238257464 25.7787793589 25.7753830687 28.0010768406 25.1419804245
26.608474402 27.8607793382 25.869269408 26.694987283 25.1618518308 24.5435896697 28.9027071294 26.7608584302 26.7884689642 26.3904295712 29.0431170643 25.7796386129 25.5062651587 27.1892721209 26.1922618941 29.2326885216 25.5389180186 29.0244159446 27.5078782287 24.8711723949 28.2377742418 25.9789269973 26.4323948547 27.4179956799 25.3302149979 26.5098787711 24.5437458812 26.9462607641 27.9477152938 25.5306663421 29.1651573754 26.3533852098 27.0497436783 26.9314877484 27.2623485729 27.6725486644 26.2996684898 25.1188891127 27.1210818193 25.0242001591 24.9371363703 26.5742588774 29.2861525292 27.5120341489 28.7472376577 29.3660284808 25.5507893965 25.1294350207 27.6799458617 26.4646553378 27.2136160205 28.6838433251 25.3479475355 27.5478327194 24.8032602041 28.5375281775 25.4738762618
27.3693707241 29.0410915126 26.7419937594 26.7299561989 27.8793625575 29.1347498512 28.1066183113 27.6778008203 27.2891166204 28.7995051636 28.2342597878 26.9448881048 24.5353016265 28.636450289 25.1599734163 25.4009901128 27.5490078668 25.2729479572 27.1094173291 26.2711688068 29.0361850826 24.8330340707 28.262137513 26.9730095497 26.0225546276 27.8610396567 28.4447061882 27.2797886784 26.2276457619 27.1191954837 27.7963195093 29.4040688542 26.8299107764 28.8251752612 26.2764846402 28.2489993434 29.2914822594 28.4136898477 25.3508440773 26.3331939951 28.1419221604 28.8998670698 25.5274549747 27.6709169539 29.192783141 28.8432541277 25.5374191869 25.4400651471 26.4758457036 27.166231717 27.3047887799 29.0369378879 26.2113718684 28.8491504929 50.4484507742 50.4484507742 26.2864917233
28.6891455503 26.1741422101 25.7674974251 28.9689630933 27.7317167932 27.8575654268 24.6185273408 25.089367423 27.7968597917 29.2046069368 28.2827988349 25.4649174749 26.7933699012 28.3473976219 26.8169710892 27.4956545004 25.4363999558 25.3811026694 25.6539886927 26.8430893468 25.5818328322 28.0190463725 24.759315092 24.9306055349 28.1743284496 25.82160321 27.9770028309 29.0310424719 28.3514198088 29.1767085571 25.9951909865 27.5816072084 27.5988203386 26.7160086556 25.8191136921 25.6694059362 26.7837713631 29.2980055873 29.3150530604 28.5375858201 26.7024865373 25.4920063927 25.93839427 25.8838534105 28.9975325996 28.3170092346 27.3882139886 25.3586329876 25.5800848704 29.4319210642 28.9147171585 26.9193245994 28.716441009 28.4026308357 50.4484507742 50.4484507742 65.5263171791
27.0775073155 24.9776561876 25.5058419312 26.540279098 26.556561846 27.448625861 25.451483216 28.4513448892 29.2850114522 28.4372119484 26.7767033534 27.9107721313 26.2986134618 28.1173140719 27.5219147116 26.7378633283 27.0845136428 27.9028340295 25.4334182708 25.8037960549 26.9102235282 27.0556426259 25.2539708933 25.0181126841 26.2603669283 26.543903311 25.5381115485 27.3848490285 26.5976322158 27.6584141409 25.142027552 26.0869977223 29.0212540788 24.5166633973 28.8374457049 24.9016471892 25.2658342173 24.9686270501 28.8983062217 28.880560991 26.102924951 27.2305107468 25.7201623052 27.6165556512 28.2055554664 26.7975349523 27.0145363755 27.4557472994 27.2722713819 24.8654603054 26.3274736548 26.9888266357 27.9687758966 27.808404382 26.9387289609 27.4477295059 26.6252445568
28.3393896083 28.1196411711 27.7213281517 28.5411648616 26.8236216728 28.9493296217 27.9537337093 24.5207985856 26.9855473912 27.8208674872 28.0479582372 27.7072338695 26.4076592991 25.2978698517 27.7581481082 24.7125480883 27.7895101762 27.9070545968 25.8499754213 29.4361233906 26.1662268992 27.3964637202 25.0205259497 26.2921353174 25.1521834444 25.9022434215 27.6181094508 26.6353165835 27.0093474598 27.7927453098 26.1483490908 26.7567184876 26.5783119846 25.6921833343 25.762999329 25.2158705221 25.1884619423 26.5876573761 28.6179921594 27.886567161 26.4182407171 28.2654471306 27.4497143613 24.9847386235 28.9262029161 24.5817376555 28.2714200515 27.7637542016 26.1047895083 28.3388894853 28.3649705474 27.4880478861 25.0647282239 26.5015586808 29.2854067518 29.0724178162 27.8097525645
