Spatial_Output/DEC/DEC_0421.asc
NCOLS 155
NROWS 192
XLLCORNER 196307.867259
YLLCORNER 449144.565805
CELLSIZE 33.573938
NODATA_VALUE NaN
[rows 26 to 51 of 192, columns 57 to 113 of 155]
31.0473568661 30.8044654763 30.7791702557 30.6656381874 30.5195878332 30.7189654801 30.6053784405 30.5666600341 30.8915333598 30.5696569301 31.1446459975 30.7963295101 30.8398465933 30.8618498033 31.0149871397 30.6609596324 31.0900609492 30.6565638451 31.1669382594 30.559862696 30.9604753916 31.0383921319 30.7487965072 30.7339693175 30.6886868641 31.0319315687 0 0 0 0 0 30.7264805008 30.6239765397 30.9056469884 31.1336112886 30.6202290284 0 0 0 0 31.0665492818 30.8190360728 30.9154592358 31.0485382012 30.5131379647 30.8553540377 31.1848470884 30.9022468383 31.1152710975 30.8169620706 30.5878827323 30.6378994007 30.8411000869 30.8824486891 30.6489401571 30.7568948412 30.5896571227
31.1369666538 30.6195596415 30.7918358458 30.511618641 30.5514542197 30.5388249884 30.5881403766 31.1147077147 30.9973488834 31.2038599891 30.6010439872 31.1382086487 30.5738697446 30.5341806197 31.0135637897 31.0354380369 30.6032642197 30.8737775056 31.1613866336 30.7297938319 31.0092006463 31.0024307479 30.8411039762 31.1713977608 30.7104898421 31.1969892411 31.1622156513 30.8023870204 30.6236916753 31.1234734676 30.5621169957 31.0089776254 30.8624515614 31.0107572034 30.9862962265 31.0365887706 30.9690959216 30.7814394613 0 30.8378449095 30.8438160684 30.5094243024 31.1227258254 31.1815618207 30.5110787456 30.9828350639 30.6761447809 30.8505477335 31.0739687304 31.1335679333 30.8638919399 31.0548077883 31.1862564218 30.6715541314 30.8419652287 30.9713947665 30.8221588932
31.2033699633 30.6440923847 30.5581324851 30.7791036129 30.6283809477 30.9173651162 30.7703568466 30.5911770029 31.0756917335 30.6478568602 30.558473348 30.8306183068 30.8627219455 31.0091997294 30.9397005941 31.0076355601 31.1818071509 30.5724222598 30.9576743576 30.9903554498 30.8353829912 31.1266989254 30.7433054276 30.899305433 30.6387849486 30.8884906659 30.5001357544 31.1058319527 30.8932293302 30.5032209288 30.5414630503 30.7388078853 31.0272696034 30.9282643121 31.1153769801 30.617314671 30.7038313653 30.7441594773 30.9439636903 30.574477592 30.665495406 30.5616750466 31.0794606747 30.5308659566 30.8669296964 30.5867756514 30.6290381656 30.7301360355 30.883612546 30.6850939233 30.651146178 31.1313884178 30.9875303935 30.6523294115 30.5716510172 31.1767267065 30.6182598478
30.8503419987 30.8149984126 31.1276344982 30.8102610947 30.8388823612 30.5794274933 30.6861127206 31.0869990928 30.7737115819 30.8892193454 31.0622241464 31.158935256 30.6533868793 30.885195436 31.0557389537 30.5787826797 31.0838408266 30.5089030454 30.5441884006 30.7258354029 30.5319042346 30.9431294037 30.9683364374 30.7811862567 31.1645238085 31.0406134643 30.6956687371 30.6214210983 31.1430552684 30.5453758301 30.7432783439 30.9938904841 30.9731017612 31.1934601086 31.1188306951 30.8590869409 31.1201736813 30.8504301105 30.9602606898 30.5025165966 31.121041071 30.6020002316 31.0290639713 31.0490927501 30.6185187323 30.849148412 30.7160623463 30.593220233 30.5477177397 30.8231463688 30.9138104741 31.190252659 30.739126606 30.665071865 30.7861752931 30.9396488299 31.0829012151
30.7817181813 30.5744635372 31.0746333631 31.1074097637 30.5426011767 30.6324821745 31.1558325503 31.0052383006 30.7308321328 30.9851142344 30.6645161611 30.7646710105 30.9680700555 30.7710034518 30.681815959 30.7352591836 30.5400482977 30.8451760692 30.8094452549 30.8677337913 30.6168827051 31.201616724 30.8739200059 30.9391483782 31.1101408703 31.121142236 31.1291045101 30.9790288486 30.9460900774 30.9425616877 30.5316772611 30.6525285672 30.5074821324 31.1506940209 31.0877172051 30.6151661271 31.0240239261 30.8894505784 30.9075250097 30.817560069 31.0390089057 30.523354394 31.0334280201 30.5303969887 30.8799414724 31.1347075173 30.6574751684 30.7292183476 30.8044899701 30.526495073 30.6812636045 30.6627925773 30.9140642501 30.6074288176 30.8941419725 30.8396326465 30.6717441316
30.8074204957 31.0946237637 30.7411743228 30.8283510375 31.0925665269 30.6032851685 30.7175698982 30.7803817967 31.0798135593 30.9078465176 30.6267885372 30.949416541 30.7521644341 30.6097168873 30.7764084686 30.7580841193 30.8089583138 30.6565985179 30.9394352301 30.6097930525 30.7978176159 30.8343662433 30.8681051537 30.9035136861 31.0810669421 31.0214427609 30.5295536917 30.7018293422 30.9951136654 30.5221712388 30.5305281506 30.8064788751 30.5238355109 30.8688431221 30.6466765327 30.7802904615 30.9456217844 30.8523520118 30.5084730333 31.1608042082 31.0368458577 31.0256324709 30.5520022041 30.8653309994 30.6635470874 30.8022467629 30.9499110823 31.0431708334 30.5645479667 30.6713807937 30.8939944688 30.6332461253 30.5597289788 30.9810282809 31.0592266957 31.155751704 31.190441051
30.8921949541 30.9509697885 31.1849796466 30.9828367461 30.5571050396 30.6728199662 31.1847196471 31.1197494506 30.8516383536 30.8538792981 31.1148117511 31.197249626 30.9383852876 30.5019623329 30.8333330517 30.7797071942 31.046355906 30.5871759235 30.6093527287 30.7474264261 30.5930845847 30.9414904932 30.9418168649 30.7852174068 30.790388565 30.5874831433 30.9410745193 31.1273484048 30.6871711346 30.8416854725 31.0314702487 30.5568699582 30.8729682419 31.1319178947 31.2029041074 30.6382448864 30.7087063669 31.1813787202 31.0240843078 31.1296085787 31.1339513585 30.6709742097 30.8185127679 30.8952955531 30.7471829921 31.1254103837 30.7540642885 30.7230090337 30.7821563568 30.5999787446 30.8123439081 30.7681233221 30.7682771147 30.5791645125 30.7537650309 31.1510879405 30.6536486385
31.1757047437 30.600371442 30.7251719415 30.6837611867 30.9490640165 30.9654652652 30.6665613148 30.5007084829 31.114820001 31.0349323395 31.1301326419 30.9809304583 30.8833380932 31.0863887254 30.8449538676 31.0764584199 30.7170698773 31.1759157635 30.8124141049 30.9124628131 31.0589897085 30.9333384205 30.5121544302 31.0223378635 31.199613561 30.7808389124 31.1325822678 30.6194108452 30.5248706846 30.8461851227 30.827486118 30.636438853 30.6018526859 30.9928562543 30.8236131626 30.7463023373 30.8819370143 30.8385604084 31.0935794872 31.0639939624 30.6064052225 30.6996367954 31.0358391457 30.8612422585 30.700725734 30.5519673866 30.5114194303 30.7251316341 30.7732871323 30.8118709153 30.9196823677 30.8182004162 30.5039150052 30.68077738 31.1633114727 30.9456496393 30.7353222915
31.028986485 30.932021006 30.8170460212 31.1476892049 31.0780484778 30.9746544901 30.878359073 30.6872674548 30.8527931869 31.0251040386 30.6921032877 30.8198946828 31.02496456 30.6505582566 30.9101901243 30.9203993298 30.7808588744 30.8448336655 31.0387463647 30.5360097603 30.8443454137 31.0495336905 30.8430372406 30.7934296409 30.891661977 30.6319081629 30.719504654 31.0616301029 30.5658287768 30.7932194074 30.9474740035 31.0868113537 30.7828296732 31.0626103711 30.7670825717 30.8760872616 30.6009778604 30.8702201892 30.8927456635 30.7954509809 30.9671753296 30.9806322257 30.9246070922 31.0140450202 31.0999590007 31.1570624994 30.6289261737 31.1780583227 30.6775121115 30.5724371703 31.0674223593 30.9593870997 30.9821036191 30.8941097828 31.1127484098 31.0881395588 31.0200181796
30.6907983505 31.0771240548 30.8369964832 30.5357728161 31.1244251429 30.5155432636 31.2065047147 30.7026398731 30.9961320411 31.0570290135 31.0372191253 30.5694180024 30.5718143899 31.1142594521 31.0541382539 30.8818046511 30.8285436282 31.0100587478 31.1390454226 31.1640457966 30.8148188805 31.1127558254 31.0949849937 30.7124327921 30.9252797518 31.091388848 30.6754745685 30.6752266124 30.643514516 30.7455947275 30.5380899561 31.0851895729 31.0890588578 30.9798887782 30.616103101 31.0634693953 30.6997030199 30.7336325498 30.9328650359 31.098920026 30.55405879 30.7584262617 31.0832553563 30.6333090218 31.0029651317 31.1892499325 30.811924844 30.5370479089 30.8360014494 30.5641126036 31.0292123635 31.1325027673 30.8610222002 30.6960572648 31.0927707724 30.5317801642 30.5877638876
30.6693412504 30.8154220685 31.0275520806 30.625701463 30.9507353385 31.0826651892 31.1396996321 30.6861032471 31.1463052696 31.02506782 31.0787391539 30.8636460027 31.074478266 30.9411805763 30.6198038612 30.8031262072 30.5286120676 30.862195357 30.9166745215 30.5683002071 31.0372644051 31.1469849495 31.2070841419 30.7867645379 30.6325961485 30.7156868224 30.6659286717 30.8910896159 31.167235762 31.0781458408 30.9778692379 30.9167153711 30.7619953786 30.9337923668 31.0361143566 30.7371069845 30.9009422059 30.82458673 30.967717711 31.0604224504 31.1767880077 31.1123804196 30.8735920611 31.1255600346 31.1287862131 30.7282137575 30.9013247622 30.8637796036 31.1152628741 31.1524753398 30.94372671 31.0174243571 30.6577685843 30.9565243522 30.673662801 31.1708119604 30.9600736255
31.0138626186 30.8797878232 31.1681532145 30.5899708517 31.0794618276 30.8883681734 30.6330944009 30.6664296222 30.9561975331 31.1216919979 31.0063008813 30.9491271401 30.8013420116 30.8434700977 31.1084610921 31.0949812877 30.8782543213 30.5995521749 30.5326238529 30.8567536749 30.5838704948 30.6067550256 30.966002701 30.7486798263 30.8093421262 30.5370075588 30.6164769297 30.5834902749 30.9571293286 31.1522270539 30.7041585965 30.6146064873 31.1800085656 30.9723290107 30.9134864065 31.011911283 30.9290917939 30.6522091283 30.7820859301 30.6384663828 31.143698033 30.7140647693 31.0544005484 30.8604424018 30.84768575 30.7513609802 30.5133576225 31.1002989242 30.9434339872 30.6691148054 31.1176660324 30.8591478804 31.1296933835 31.1909467222 31.0978910007 30.8273063109 30.8593324505
30.943209182 30.7066340157 31.196772985 31.1188374627 31.1557455642 31.1726652634 30.5618354467 30.8273473012 30.8823982407 30.6046723263 31.1119403201 31.0231991864 31.0829730345 31.0449703716 30.7839287995 30.795058195 31.0535258852 30.5358089774 30.9868403166 30.7868173347 31.0421012089 31.1542495299 30.6991739087 30.6157494251 31.1910206782 30.5449101796 31.0355574453 30.9477803487 31.1483621105 30.8271162965 31.1290034515 30.7214879989 30.9670093565 30.5326614006 30.8998409886 30.7047909197 30.8519095599 30.5798824224 31.0868960483 30.6126671018 30.6793907943 31.0354212339 30.8573177924 30.977821907 30.6816578412 30.9695144293 30.9001421167 31.1679400553 30.7349030476 31.1819054982 30.6315953576 30.9614400443 31.1594286584 30.6166947583 31.1448718695 30.7414261573 31.1150613758
31.0116104863 31.1787598393 30.9900964493 30.6635652059 30.8773943327 30.8374335277 31.0203996419 30.542936657 31.0236416862 30.5645777244 30.6875459342 31.0208568789 30.9978657584 30.6076889807 30.9093195197 31.1328907276 30.5359720033 30.5897911842 30.534661195 30.5445347982 30.7021502962 30.9239145328 30.6871608998 30.6629429232 30.7585458663 30.9747187599 31.0429372084 30.9550512148 31.0430138745 31.1747840398 30.6872813709 31.1900901607 30.8180151966 30.5875280909 30.8763079723 30.5149153288 30.6092931639 31.191489639 31.0890031345 30.956266912 30.974087852 31.0423139256 30.9440911625 30.8641342294 31.1343328466 31.0972624882 30.6439709641 30.6452105485 30.6323626341 30.8767732025 31.0024940121 31.0452085669 30.9695843794 30.8055267835 30.7129610382 31.0648077592 31.0735597381
30.619111679 30.8830731756 31.1220565917 30.809515495 30.9939303832 30.7312409861 30.5625711996 30.917913187 30.6608695977 30.8196497697 31.189515556 30.6272203716 31.0837454804 30.6090550297 31.1695145418 30.8977287977 30.9883622458 31.1642779697 30.9042176318 30.5256431493 30.9201242643 30.9581043126 31.0690784307 30.8157227096 30.7437808876 30.9501316598 30.9763226186 30.5741136323 30.9933523865 30.7613355407 30.9298295401 30.7109251047 30.6491161085 30.7935077632 31.1343655012 30.7951390454 30.9949957366 30.7391647881 30.921762702 30.6741838991 30.8878497317 31.0557303566 30.8231613681 31.178703522 30.5275823761 31.1237777973 30.6384979538 30.964189208 30.5976591798 30.5186850082 30.9860325183 30.8793751475 30.6573705962 30.6749516273 31.0574551769 30.7355983737 30.8517433859
30.8910496158 30.5485432758 30.960185646 31.0584419137 31.1920818765 30.8243042255 30.6784527643 30.6998115142 31.0834660535 30.9430792734 30.8362152074 30.965577526 30.6318947626 30.8360013182 31.0187089056 31.1842588212 30.9131132465 31.0756369985 31.1484672997 30.667320867 30.6157584593 30.5034317216 30.6670832389 30.7281604256 31.1018407609 31.1082093038 31.1975975047 30.8439728968 30.6230674795 30.6380438618 30.6677263857 30.7160862094 30.6386521113 31.0221162234 30.5048810984 30.9508186901 30.7859689072 30.5660229082 31.1655176718 30.6442789643 30.8609776125 30.659537981 31.115721186 30.9353649584 30.9226221027 30.8609764735 30.5163122547 31.1951437587 30.9131147967 30.6823965612 31.2061099553 30.6446206165 30.7775225082 30.8254382271 31.0541676233 30.6376532297 30.8031383745
30.5470396335 31.0883954415 31.15421276 31.0348279541 31.1188615744 31.0874445374 30.5727239217 30.886514943 30.8302749935 30.7571812833 31.2021077899 30.9780386651 30.9279550699 31.1728222128 30.6629446074 30.5381653178 30.5988211433 30.9038169969 30.681507298 31.1311784497 30.5992526576 31.0086942949 31.1720181744 30.7191468915 31.0568458464 30.5495151753 30.9884065016 30.9939009821 30.7888619369 30.6598096369 31.2008054737 30.784879945 30.9955681326 31.1310104125 31.0523827016 30.843248767 31.1318036607 30.9614321485 30.66487908 30.6772230909 30.8452966781 31.1085782442 31.1240879239 30.8389954527 30.6236697435 30.6626239848 31.032897385 30.6407688619 30.7452251342 31.156271624 30.8080393245 30.6345341498 30.9511405093 30.7027621748 30.9745064999 31.1999046575 31.0764201316
30.8147722022 31.0554235542 30.8427448164 30.9215585347 30.6337273334 30.8462627035 30.7981896454 30.734753023 30.6550637375 30.7820536039 30.6622564823 30.5768834366 30.5325306938 31.1640582336 30.6287973945 30.8276291993 30.666865071 30.8205288877 30.7252791862 30.7469577867 31.1908999984 30.75618085 31.0853304451 30.5965454357 31.0896060631 30.6580006047 31.1486064042 30.715438555 31.0058891551 30.6216132999 30.8005976928 31.0426971505 30.5367350245 30.888376014 30.6846798003 30.6451866032 30.6032225339 30.8021435859 31.1694568679 30.5162270482 31.0520419376 30.9559384837 30.7012389456 30.9465148231 31.154238566 30.904213154 30.599504446 31.186805239 30.7700258046 31.0794551309 30.7809014183 30.5103433129 30.9121742894 31.0515303763 31.0932870995 31.0620838046 30.8640919017
31.2036122322 30.5732778691 30.5669677714 31.1357085627 30.8374767008 30.878115872 30.5686863378 30.691327668 30.9432927519 31.1112077192 30.6107401963 30.6679216979 30.6637538024 31.0815141641 30.6432534403 30.8400756136 30.8693771611 30.6500545687 30.9525484752 31.147471796 30.6115119664 31.1576709459 31.201813556 30.7055968278 30.5048703905 31.1167978822 30.5007226003 30.5484126653 31.0157062483 31.0048342732 30.8645085195 30.555904553 30.882721003 30.6826483494 30.8641413282 30.5416342995 30.6086536003 30.7858718632 31.1288895293 30.7114582077 30.8555112247 30.6916313673 30.7183111155 30.8656214598 31.1736513067 30.8495915416 30.932857909 30.8049169762 31.0686509575 31.0379744083 30.8928405464 31.0003331208 30.8986449821 31.1996712993 30.8007070213 30.6671621884 31.1205460731
30.9499528768 30.6851926845 31.0545330394 31.0432501575 31.0956878203 31.1954956817 31.1366953164 31.1956918142 30.5642043638 30.6836340636 30.5519593115 31.0990531213 30.692473281 30.7099947447 30.7123161123 30.8698836666 31.0031290257 30.5972889231 30.9969725647 30.5415041455 30.8375365151 30.8281873337 30.6653731561 30.5284309123 30.5439050718 30.7768319067 30.8708371257 30.6807612984 30.5513193591 30.6240943347 30.8023205998 30.7774786813 30.9437933418 30.7686130345 31.0001757547 31.0676070951 31.1208209988 30.5365753174 30.9806558441 30.770669147 31.1811781109 31.1236023744 30.7360329485 30.5411402394 30.6946469133 30.8179458616 30.5259354043 30.7938856279 31.1698660644 30.6486682827 30.998176029 30.5854822543 30.9395168888 30.6522841198 30.8223061431 31.1299434193 31.1949363852
31.0526047996 30.8353560368 30.680005142 30.5577811978 30.7583054373 30.7287278364 30.5486512491 31.0807867373 30.7061935946 30.6370394644 30.8234134894 30.8982636903 31.1462026196 30.9412540729 31.0579584652 31.0422196871 30.8620961923 30.7816079868 30.7702452447 31.0410009714 30.9577176155 30.6620098276 30.7157648423 30.7546576698 30.8378229357 31.1042654602 30.5490797238 31.0392309413 30.9915329793 30.8479022625 30.7099916219 30.7517923763 31.0937065228 31.0177309133 31.0159883282 30.5024508798 30.5456923933 30.8431748307 30.8240427804 30.5285410634 30.8527079153 30.6283818459 30.6428796109 30.7441907666 30.7413148532 30.6548478826 31.0215821841 30.6591676635 30.8960159176 30.7031591126 30.5116730474 30.5408055512 30.7888772741 30.9497746703 30.540737038 30.8823324976 30.6459796765
30.7791288657 30.5832053411 30.8742615126 30.9194457165 30.908802588 31.0168948825 31.116969528 31.1968860798 30.9055591617 30.9661740117 30.8869211433 31.0037877819 30.7360318106 30.6228965299 30.936747656 31.1170970253 30.5478847601 30.5603296799 30.6256484916 30.9975691565 30.7821611426 30.5968501373 30.742085304 31.1892346387 30.8874474184 30.8005503882 30.814714951 30.9933016271 30.8569577611 31.0349893942 30.6318074675 31.0671832104 30.7676181155 31.0443378055 30.5590070863 30.9358272032 30.6865145337 30.6913372136 30.8657386378 31.0847785421 30.8709432479 30.9168562731 30.5038091121 31.1275152227 30.5922390201 30.6110712838 30.8677894652 31.1063392117 30.6672097263 30.7026964274 31.1833011644 30.7940060658 31.125543709 31.0031414292 30.6924244658 30.8561926097 30.647235289
31.0460448894 30.6730918369 30.8816295123 31.2054882511 30.5202537747 30.574497711 30.8742442307 30.5792251517 30.8602058502 30.7528634263 30.9037596819 30.803746063 30.8647883098 30.5240546424 31.0113347393 31.0007369165 30.681876413 30.8812688958 31.1334099929 30.7452953603 30.5919959199 30.7964976919 31.1156625919 30.7418677732 30.5841191349 30.6560965362 30.6363756065 31.0664392145 30.8239090089 30.5568628899 30.7206446696 31.0361513623 30.9696929035 31.0324973209 30.977401441 31.1810193679 30.7431923983 31.1886811393 30.5195891196 30.799676673 30.7911248881 30.9693944103 31.0673108674 30.8416617093 30.8557817134 30.7977648153 30.6988346983 30.7875448248 30.8736751173 31.1420470761 30.8917865736 30.559344933 30.6209225863 30.717496801 30.648300629 47.6147580299 61.1095864868
30.7655189443 31.0671477558 31.0577987655 30.7322964536 31.1921420002 30.732399691 30.9348569253 31.0143634177 31.0945443762 30.784331098 31.197099872 30.6903438294 30.5786289719 30.8256078224 30.7000190907 31.0262158914 30.559680572 30.8806825388 30.7761526423 30.9101586661 31.0725888694 31.0954003797 30.790310701 30.9588506602 30.5570598717 30.8020803449 31.0319308828 31.1803625098 30.8247625954 30.5420956855 30.5298995968 31.0278179897 30.8056458365 30.634489186 31.0271396684 30.7514585156 30.9106852905 30.6499002129 30.7362648482 30.8309603505 30.6529160731 31.205909385 31.0634611435 31.1152237303 31.2008853656 30.880508515 30.6375773428 30.8133541728 30.6860783969 30.9407383471 30.8452736323 30.7340948196 31.0579354957 31.2054927068 30.6228064741 53.481417213 48.0754555528
30.80801743 30.7288999594 30.7379465497 30.7014218618 30.6170542025 30.8464387866 30.8471905741 31.2005273939 30.692351903 31.0684755209 30.7692010887 30.8048019113 30.5835120466 30.8288012294 30.6399543749 30.8614239687 30.5360815277 30.6202030728 30.8710490485 30.7153961301 30.9148204855 31.0017499206 30.7195758252 30.9979073188 30.6907000762 30.9856584521 30.8605988553 30.9995476302 30.7851959647 30.787211062 31.1919083216 30.9258193701 30.916464762 30.7799360132 31.0436456387 30.9522645255 30.7568926128 31.0273660284 30.6440686886 31.1813485141 30.8094250591 30.9480717839 30.6073712905 31.1231840629 30.8976522702 30.8654826712 30.8247404165 31.0707726561 30.9752459928 31.0226170141 30.8550903766 31.1886108649 30.9196811758 30.8845131076 30.8597736447 56.3520487803 56.6166388094
31.1518944552 31.0322751961 30.7412856458 31.1391490838 30.9612277775 31.0307000721 30.95155137 30.8240573586 31.2058837042 30.8204092357 31.2010108456 30.874828417 30.6045130798 30.6834540367 30.7082465389 30.7924491709 31.0366814016 31.1778700662 30.7259022693 30.8109026365 30.9381711327 30.573559899 30.5854181658 31.0950864472 30.6720675239 30.8651233978 30.5357951972 31.0594305846 30.7455275071 30.6975752822 30.786928101 31.1756918741 31.1291439552 30.6983040124 31.1218699726 31.0366663712 30.9261195187 30.5914331593 30.5595212471 30.9911492886 30.5547969104 30.5274266546 30.8502730302 31.0915478198 30.8197089661 31.0530387112 30.7267775261 30.7150864749 30.8781638232 30.7466857971 30.6641822109 30.6620318487 30.6416665219 31.1747517645 31.0386180722 30.950067893 31.0836398622
