Spatial_Output/DEC/DEC_0388.asc
NCOLS 155
NROWS 192
XLLCORNER 196307.867259
YLLCORNER 449144.565805
CELLSIZE 33.573938
NODATA_VALUE NaN
[rows 130 to 155 of 192, columns 57 to 113 of 155]
32.4486056833 32.9299916095 34.8862443008 32.9329181826 34.7368485668 33.715892261 32.7937131775 33.2598978624 31.7921867369 33.5374341496 32.027716808 34.6427206637 32.1939303248 33.6896672185 34.1834555603 33.6894180241 33.1206327024 34.6304121249 34.0282673275 31.8195326047 34.2117141692 33.489940586 31.9885786285 33.5559250122 33.1557223852 34.8272334975 34.1132944369 34.0623073743 32.7836905647 34.1766701741 33.8913538193 33.6044977098 32.8784468755 34.0020399651 34.8343468751 32.6881342894 34.8995421546 32.9777183817 32.2224503697 31.9824457849 34.5175973771 32.899132615 33.5137747265 34.429374784 31.5254375301 33.6502585039 34.7130577073 33.5272934697 31.5557796091 33.1967439522 33.0131305413 34.7111916769 33.9143237047 33.8227000405 34.7106171369 32.2836889691 32.3271409419
32.2269957978 32.6203405043 33.1428758229 34.3806682791 34.3579050631 33.7338781774 32.8756414166 32.4438015413 33.3902698017 31.7625439397 34.1310644067 33.6088224305 34.9306184852 32.3015323674 33.8727169416 32.614086777 34.8909694512 31.5926398069 33.2676115207 32.025371198 33.9560853408 34.1933889254 34.9737398742 33.0921713166 33.5560052873 34.7421188094 32.5477759335 35.0282271748 32.71869078 33.9022951168 33.4459483112 32.9362561441 31.8150956762 32.4715456569 33.5675598009 32.0319085029 34.9859160763 31.9369806334 33.1599835662 33.7870400905 34.6388403791 34.944241816 34.2295140156 34.9135693596 32.9071493052 31.7422268306 33.7173051045 31.9765776395 33.1010340716 32.8208262123 34.5711371376 34.6957277134 32.5252045358 33.7978097191 31.6949336222 34.6041176773 32.6718817714
33.2332201422 31.7628451724 33.4673205262 32.971882405 32.3671031513 34.2312270232 33.9661132774 34.1606977983 33.3918094191 33.8087641146 33.0585975023 33.1404636962 33.0022157485 33.4501105243 31.7220336531 31.8124488962 32.3855400481 33.8166935993 33.5163243274 31.8485507727 34.2602808374 33.5747918818 32.5101963954 34.2908941454 34.7327858734 31.9344630357 31.7655406738 33.6828651968 34.3219880343 32.8567356852 33.3111929655 35.0327870128 32.9404957611 35.0214973994 32.7574062872 34.5121367581 33.3319971708 31.5558604868 32.8709030293 32.4210293464 33.4259299136 34.0412816197 32.8690787827 34.5623288877 34.362425611 33.0118398174 32.2843994283 34.9789219817 33.4654012186 34.6229385901 34.9814698837 33.8345006767 33.7614503945 32.2268535619 32.7936317733 34.936305978 34.6934598236
33.644760178 33.1159439167 34.7059157569 32.4935697379 33.3316344305 33.089824875 33.141307024 31.9790077572 34.2961814947 33.908182183 33.0506756242 33.2393041204 31.5423012873 32.8031184244 31.822835018 34.6274531244 32.324522347 34.301147174 31.5659253307 34.7779301865 33.2211004028 33.9989507064 33.189409948 33.4429307849 31.9362468153 32.2917036766 34.1545656352 34.2206820381 33.4795964127 33.5388105862 34.7160456627 32.7993646985 34.9719429125 34.0907131465 34.486307589 32.0271628426 33.177391058 34.6227683745 34.7098705227 34.2832625466 33.3478434704 32.6384555385 32.3569575887 31.8503611407 32.2346799926 32.3937154163 31.5845657094 34.1524923032 32.2656597262 34.2293846706 34.3368907761 34.838203059 33.8356131911 31.6010530609 34.2204790945 32.9104260635 32.2246069627
33.3716129013 34.6171193159 32.3956713062 34.0388382065 31.9670891156 33.5442552711 33.2653411576 31.8072646697 35.0134136693 33.7196610478 32.5504476622 34.7397228787 33.6326538948 33.6393748616 33.7645417867 33.3418615845 33.5557439845 34.810641422 33.0338544412 32.7897756197 33.9532333199 32.4710053135 32.7522905729 32.4313973671 32.3238584124 31.9204609254 34.5565786453 34.5952830723 31.5164952502 31.645765891 33.4727577411 32.9368417869 34.5536157479 31.5849037576 31.6542016381 34.1173899342 33.2112214931 33.1958802222 32.3482502836 32.5738253185 31.8909428215 33.629599113 34.1799704704 31.9150361801 34.5224071364 32.9795468178 34.124019437 34.2957044724 33.5514318207 33.9418369284 31.8107527486 33.3141644152 34.1851482286 34.0619324209 32.3448364517 34.0807598896 34.4435302013
33.8082857803 34.7555263545 33.6761674792 34.8126407593 32.6695279268 33.9935642936 33.4302732364 33.9285593146 31.5381475814 31.9655847467 33.7491542646 33.1547280002 33.0512668869 32.2548182796 34.5898647019 32.7505153062 32.4271822085 33.3009038243 34.8353268646 32.8796784942 31.6546126913 34.5352846963 34.2382696684 31.7135884965 33.2086149576 31.6349572372 33.3941268974 33.3939906801 32.2734071691 35.0235514221 32.3288582116 34.7301121637 33.9039020392 34.9050302137 32.5737779596 33.7542730331 32.7581770523 32.9354471745 34.0001832262 32.080470065 31.638352011 33.3682528785 31.868517534 34.5786757061 32.7821985763 33.997264559 33.4847341002 34.4767695758 31.9535064569 31.8383403663 34.0286911404 34.2376915981 32.4933962466 31.9570345494 31.8307832548 34.087142601 31.6423194362
33.9281321782 34.2380359759 32.0883611335 33.5624363322 33.968255653 32.4356804482 34.2661023101 32.326737175 34.746073351 34.8236165829 32.8871259899 34.5736000122 32.4247312066 32.2362868796 35.028133509 32.8307379502 34.1590254897 33.2529986984 32.6883712319 33.7048362536 34.1941276994 35.0237621298 34.481514889 34.6884856865 34.4788262858 32.8061271124 33.6941868249 34.3688691818 32.6308456356 33.04585851 31.5106406881 34.3538250734 34.9297177672 34.3556388383 31.8576576881 34.6947283814 32.8918963641 33.0993542541 32.9138300439 32.307906099 33.8399554192 31.5648349169 31.7067509225 34.9255881981 32.3536713222 32.8874016861 33.6145740476 34.9297505128 34.5081177215 33.3592032582 34.9417708893 33.766706677 31.6885565076 31.7473680692 32.2439871016 33.2196000481 32.636631961
32.2318515507 31.7044013773 31.7388127055 32.1401204213 34.9211785859 32.8679951788 32.8110517411 31.5429111243 33.6182244837 34.4798977637 33.3245589584 33.4492748423 33.3750109167 33.160813042 32.1687347559 34.7336319796 34.4225238825 31.9415030944 31.8293106051 34.0309552351 33.5619706209 33.6402857218 33.7091134107 31.6040329795 31.8837814523 32.3021778747 33.094593001 34.7281328424 33.252401404 33.1379216361 33.7358012375 35.0106535651 33.7703037066 33.725220648 34.1359476436 34.4920936499 31.8268160913 31.7033422075 33.2303835304 33.8744886311 33.9547994865 33.0795374345 33.338729534 31.9712971251 33.92414877 33.9664069811 33.5656383727 32.4218592553 32.9854209738 34.8199544136 31.5210874155 34.9762082226 32.9167755414 32.9513907019 32.9812045768 34.3498731201 31.9718042736
31.798284995 33.9041335864 33.4813510403 34.4089131819 33.6975876311 32.7444869391 34.9489247493 33.7727478961 33.4070302262 32.0169568759 33.9741140585 31.7137208459 31.7558979513 33.0032593066 32.9314867425 32.6615580592 32.6771438934 34.0143238919 33.5954813898 32.7013848666 34.8908107787 32.9156426138 33.5019248149 34.6577399442 31.8460401993 31.8355197274 31.5971335211 31.5324884952 32.229719758 32.2679138227 34.0995549292 32.8591416815 31.6876039769 34.0524328375 32.4755289524 32.6627417541 33.6578285911 33.4962744971 31.8258564763 34.9025635136 31.6250159423 34.744495193 31.8537345904 34.7741020279 34.7512659344 32.531680398 33.5247199413 34.8473174701 32.8895476878 32.6416645622 32.3687328179 32.7429306765 33.9975016562 33.2319894767 33.4826395325 32.7784839833 34.5505198572
32.5075101363 32.9909736257 34.4411984205 34.567179626 33.6707285085 33.9237002508 34.3864586013 34.9780163145 33.9182545877 32.8651594145 35.0222385561 34.5464520326 31.648220225 33.203805985 34.7204722234 32.2422085794 31.9776819894 32.7077812239 32.1776950046 33.2877092331 32.0670157887 32.6634237886 31.812428091 32.6704187192 33.7663736402 34.4193471728 33.4737223209 33.9307558034 33.3167464417 33.8732722383 34.8568004685 32.1118475496 32.3419270745 31.5553782812 34.0371121293 34.5077703702 34.1431716877 32.2774116017 31.5987443736 31.860290056 31.6632609068 32.824569258 32.9898100206 34.39792906 35.0284978291 34.8895512997 33.7201614177 32.3560120337 32.1739386561 34.3812515581 31.6583627227 34.0698297891 33.065351136 32.7022165511 32.58465163 34.4293495105 31.6160681533
32.6356249502 32.8993412299 33.6521109096 32.4973536244 32.5772217175 34.7265800514 33.8749879649 34.5889945597 33.0697625374 33.2273665843 32.9070069677 33.627304685 34.8647719232 34.793117665 33.1358063655 32.721744971 33.9296885675 32.5719273828 34.1174664208 34.8926652898 34.3788634292 32.9146114093 33.2074267436 33.2858975088 34.6465593685 32.5593687571 32.3878756719 31.7414879955 32.0648148687 32.7597618799 33.2096911143 33.9470276379 33.5086516614 33.8783579282 31.5502033119 33.1912324693 34.7297630115 32.2720920492 33.3208537536 31.7644961142 31.6551613484 33.3326221231 33.863455166 33.6694374167 34.8727803126 33.433531081 32.8418187333 34.1812946354 32.8001518195 33.2813255264 34.3136003035 33.9856072702 32.3388924114 33.8999747185 33.8649415304 34.4561384363 33.3309527554
31.7336688545 32.7437366596 33.169791524 34.0889291727 31.539063297 34.6645203162 33.8182603744 34.1848767874 32.782042619 31.7604367928 34.3686837899 33.0864138444 32.0057349824 33.1130403049 31.9605050581 33.1186148461 34.8781553973 33.9743645048 32.3471895761 33.3133243972 33.5346606389 32.209331832 33.6575270487 33.6475691604 33.2338336805 33.8976426595 32.1752053654 32.6147478753 34.3964032748 33.9454240738 32.0398496899 33.3462754226 31.6768089189 34.8266397909 31.5400155845 33.6862443628 31.8409148939 31.6685880363 31.9322650773 34.5056263385 34.9411608547 32.4141064082 34.1067869484 31.5841190731 34.7198479283 33.2963438568 33.2628033979 32.4387729199 32.2783477514 32.7049355496 31.6580370249 32.1147689407 34.9444446218 32.9137137024 33.0472830924 32.0334929108 32.8410813212
32.4428054165 33.4067996987 33.6983800252 34.5351971676 33.168204793 34.3985588604 34.2836724637 33.3281358963 33.4557580124 32.9644330852 31.8673305723 33.4020850375 34.7506491375 33.0510164557 33.6330945164 32.4618348183 33.9047004745 32.4005925539 34.2895547183 31.7167190503 34.5567065723 32.9725261584 33.701326994 33.3017243726 35.0008387618 33.7513639758 33.2545787908 32.6892274604 33.8798486427 32.7878907743 33.2340205039 33.2167299272 32.2260904465 34.4956560257 34.1566102593 33.8145350894 32.929707303 33.7901755244 32.2867696209 33.2886994655 31.8343027754 32.261433762 33.7509475151 32.496976004 33.4280089369 32.4355415827 33.9910055957 34.5072724571 31.5407059157 34.1435439427 32.5647544595 34.4128080002 33.0046132439 34.8143334784 35.0260838981 31.5525867911 32.1259042931
33.5528553175 31.6858617702 31.9637621122 34.8485146298 32.639705437 32.1548222251 32.4691945507 32.7445203399 32.9196221492 33.8823487541 31.567891124 32.3569627573 35.012803433 32.9671569342 34.0816491789 34.6418639216 34.6275493747 32.8748296246 33.6634707772 31.6243077846 34.0094492799 32.7183814566 34.4975591213 32.9868157574 34.7022957547 34.754033581 31.7233932655 34.8409981235 32.3795295372 31.5015008898 34.3640723712 34.5713668845 32.4059832572 34.4379653792 32.3422138459 32.7853449393 32.3774981054 33.6165087456 32.9443021603 34.0342862213 33.5587720039 32.0127945191 31.6837130574 32.4037252324 34.3843647081 32.4356184512 31.6401727374 32.9462833238 32.6871560907 32.6817239503 32.6206330539 32.9727565893 32.7075815794 34.5672714761 31.7799742889 34.241047183 33.7155940315
34.0480759617 32.5770915677 31.7392816073 31.651922249 34.7498631801 32.0414081968 34.2213707103 34.2100025738 34.6223371656 31.5927820087 34.8531363475 32.190308139 32.7867516447 34.858811595 35.0104033347 33.2046293513 33.5082299377 32.5795967116 33.8040068547 31.7488928695 34.4967230407 32.7656716218 32.5341452244 33.6757725755 32.8368553264 32.4382396215 32.7009448286 32.7673755231 34.7301762788 34.8814271937 31.8491484304 33.7377282302 33.1153812472 34.266354078 34.1707921917 34.5036932297 32.0957524877 34.3406082867 33.1639262772 31.9623258945 34.0291560149 34.3510488828 33.304581936 32.8722121125 32.2778515252 34.5632530929 32.02625807 31.7876124649 32.6330966113 31.5327229718 32.1254815417 31.7386901718 34.6454468182 33.3359206827 32.0178648175 32.9310862528 34.0631289359
33.1984533182 34.3415771685 32.9263791532 34.9441684614 34.6864866451 34.2288566147 32.5216282836 33.6372835505 31.5734684948 32.0317177345 34.6759271413 34.4190565174 32.6472394403 34.2163727027 34.6135366845 34.2591565047 31.5830256243 33.5854372276 33.0210756233 34.2325695898 32.8129898227 33.1132163333 32.8533569311 34.513342536 32.1691248809 33.5632234521 34.7910466168 32.1705110498 33.4794266397 32.3106288519 32.6792241387 34.4494057826 33.2836468629 31.9233216815 32.3118015777 31.7857030311 32.1737581766 31.589575431 34.7543788725 32.2324586973 34.174962564 32.4586851724 33.6248513345 34.4928651094 33.2898294607 32.6909062517 34.1172032976 32.194463311 33.0610639224 32.5660865645 34.4782487421 31.9763050339 32.1509938798 33.9813608889 34.0334781938 32.3762924886 33.9460799936
32.2280855853 32.1913691038 31.8777608358 34.5013613254 34.0681531418 32.5100872296 33.0648054507 32.4715847709 32.3642475555 32.0706724431 33.2571954143 34.4727182809 32.3964186997 33.4359360791 33.9629544732 34.4599806067 33.5294673861 33.7466260057 32.9314187331 33.2397345921 32.7027174926 31.5398936801 31.5678367708 32.6739642413 34.2669292916 33.7642136074 32.2140738586 32.2836208803 33.6451359028 34.451344623 34.3777772695 31.91040173 33.1685310656 32.4501823073 33.6402697448 31.5043924537 33.2267058626 32.3553287532 31.5590387132 31.9256487033 32.3474831198 33.6130577482 34.9313764824 33.4337254084 34.0266671138 34.1235583079 34.5784883333 32.3191808996 33.9875721488 32.9183657257 31.5342019051 32.0420962739 34.8183680546 33.7382119444 34.192663713 33.5675353378 32.0616082682
34.7883034942 33.4343974612 34.1762639542 34.2626592596 32.4150870616 34.3284603122 31.7570369824 34.8755847596 34.4851898529 32.7157566225 33.0167899006 33.4929534038 31.8908264181 34.5381658559 32.0011779905 31.5019529801 34.9617820598 33.1561968814 34.0977964043 32.7075363108 33.1189088155 34.1979661285 32.3447092042 34.1474766684 32.7522542928 32.3075600116 33.7493773301 33.2604819605 33.0524428714 33.2318569281 35.034986561 33.2139535132 32.3253361167 33.5831827036 32.6476260513 31.926038816 33.8587306745 33.8926902691 33.8988389793 32.805171406 31.6383652961 32.5706628814 32.8144191332 33.4733339564 32.7467055064 34.187666229 33.040346048 34.7723318102 34.1973025574 32.1886537006 31.8602539816 34.9548668002 33.7095573294 33.1286261824 33.2715693555 34.0757907414 33.1187466631
31.658600033 33.7558563761 33.1569652634 31.5562186524 35.0032784101 32.1809062784 33.2338205901 33.2068658931 32.4776910043 34.4802934744 32.8333409206 34.3262491263 32.6941297139 34.0160701987 32.9092126612 32.6692343133 32.8214145404 32.4129355391 33.5192392854 31.825416168 32.2709115708 32.6510898107 31.5353156372 33.1403413014 32.8082871391 34.9106706258 34.78354846 32.816014399 34.8574579058 31.8597408124 31.6726248876 32.6611973402 33.0247509179 34.2844225207 32.2738863006 33.4555967765 34.610958122 32.5048127903 33.1471019666 32.9603764794 33.4704521067 32.6592274135 32.2755328312 34.5866499325 32.4438165482 32.0282939792 33.3931910392 34.3813642951 33.4768747382 33.6602520163 33.6336141609 32.3300493182 32.3844386384 34.8456337938 33.534490069 31.5750713975 34.6695024032
32.6923673635 31.7802318919 34.6852576103 32.7578093108 31.9164667673 32.6615610277 32.4328111039 34.9692941029 33.3313303834 31.8757611161 34.4568189826 34.2187959629 33.2574512786 32.8051382855 32.7349156089 31.6478325749 32.8582509933 32.5876611802 33.0351810705 33.9312405806 34.694509609 31.7965861285 32.2857452633 33.9907810731 33.9841322921 34.4520490254 34.1912336213 34.7711167635 34.4466952455 34.7646754038 32.3999551935 34.554821717 32.5691331951 34.9390025188 32.4288204366 32.6378820252 32.4746147313 34.5237713341 34.8125192214 31.7554290992 34.3767515322 32.2623801907 33.4981270796 33.3522691055 34.4738878844 32.6816707822 33.4566007122 33.664613704 33.2500134346 33.2431944246 33.8580224453 32.3792358658 33.5054024149 32.8634640758 34.2978919016 32.7974967974 31.8244028619
33.8838839925 32.613149837 34.8114079683 32.9572640609 33.5537790851 31.6862332225 33.7883273559 33.2245054793 57.0406013421 54.2556361702 67.6275967785 34.3219805953 34.8426807118 33.0271243698 31.5880819276 34.9229453599 34.4537433543 33.2494914347 34.129042287 32.7374220393 33.4615441189 33.7403428473 34.924133607 32.3708837676 34.6753189687 32.2406279457 31.6537743912 33.1381406342 34.9707651017 31.5373939106 34.2671808913 32.9452592524 34.477654433 31.5441376606 33.0014780484 31.5216253874 32.4605940379 31.7638582497 32.8543389011 35.0129312499 31.8165218186 32.0613189821 34.5968036723 34.5951715854 31.5052619791 32.7638347552 33.6214673306 33.4326043492 32.5435890172 34.5739178667 32.3604226963 34.5620402032 34.0657312263 34.0762535641 31.7866534887 31.8374294576 32.827427283
0 31.5520689125 34.6735721199 34.3801043381 33.0982663273 32.1067461185 33.4148933909 31.6942873814 53.2951187347 52.8419996808 65.8926001591 34.3585998528 34.4168591868 31.8229087982 31.7648337937 34.0487467862 32.1107251972 34.3213146407 32.5939777822 32.5926179375 32.0320254829 32.5614176746 31.586664483 32.9934629154 34.2812485981 33.4005830632 34.1132200537 32.8597190438 33.7205990366 31.8224528117 34.7470714034 31.9071411999 32.434096758 32.7249492114 32.9879924047 32.0767444093 34.0383600303 32.5929148641 34.4084167869 34.2692840857 33.9964024089 34.1019584447 33.1516621714 32.1112784265 33.7829581342 34.2127378234 33.4831248408 34.0767585654 31.7814626672 32.5475218068 31.6216087771 32.9100676548 34.2885277791 32.633357334 31.7824981099 34.9686097388 34.6684640546
0 0 0 0 32.7991504752 34.843666936 33.3013772985 33.9907675559 63.7076557921 65.6500508119 60.856004601 32.3532250026 34.51785563 34.3551782573 32.7162370825 34.2251015897 33.2554050384 34.3085293938 33.5354212724 34.26108908 34.6245934896 34.7111188682 33.4614097557 32.2014646674 32.5450906699 33.3750988239 34.4230586497 33.5181544042 34.9443311501 33.4496231362 34.5560176833 34.5599592211 32.8644991159 32.1249244307 32.8233272142 34.4874687138 33.1313697502 33.1724218385 33.5071829354 34.5939831247 33.3938491915 32.2113433076 32.8911168936 34.775688068 33.8109217502 31.6661463318 31.5196856668 34.6412186291 31.5998644502 34.6030010242 32.9014294261 33.4457492446 34.8138312844 34.0173533661 34.980759052 34.699381834 33.3190989034
0 0 0 0 0 0 34.2368945765 31.5556054829 34.0550239125 32.9833314368 32.1020682251 34.5703282975 32.0429422167 33.1951292662 32.8355576313 32.6508032853 32.9863907529 34.9030109173 33.3146152302 33.6462657815 33.588816017 32.6232152781 31.863769198 31.7228229245 33.8308404714 33.3304058232 34.3381387389 33.0285974729 31.9180499369 34.4726423087 33.8152447792 32.2723270598 34.2621086469 32.3558656218 34.4593088073 32.6187911992 32.3774194139 34.3692516272 33.2419971213 34.6911501802 31.9377675285 32.3346478507 34.5103382827 33.9911146472 34.7853908629 34.3098140384 35.0248827917 32.9922035666 34.9308063941 32.8004636529 33.3175497688 34.0592621474 33.0293374469 33.3987086896 33.6165586297 34.7478208483 33.0007631258
0 0 0 0 0 0 0 0 0 33.7579497421 34.7260647802 32.6170587442 33.5901008844 32.6565477324 0 0 34.804831822 32.7398046797 32.4481321183 32.2164926524 33.6051980149 34.8841285889 33.6427409389 34.6738724857 32.7076191752 34.1503452007 32.9649233771 34.7626484408 32.5775534211 31.7453439224 32.6940019242 34.4480401401 32.8824054292 34.6795750901 33.5677786767 32.7851050658 32.8270025274 32.9259392047 31.7198348133 33.8619151473 32.6909239696 32.5731711632 32.3876888028 34.8335064334 33.9138656171 34.936788657 34.3286296718 31.7786813672 33.4559321641 34.2720564507 34.9640025365 31.9120158084 32.801946962 33.3805517451 34.7144850141 33.5688490642 32.6856478706
0 0 0 0 0 0 0 0 0 0 0 0 0 0 0 0 32.2035221229 34.1847632931 31.9019493456 34.5062923421 33.8303817468 33.1297464775 33.0973400325 32.8656460001 33.0310564797 34.6632690927 32.1867609259 31.5450339606 33.6260593906 33.1724234229 33.5218286643 33.7340360574 31.9721555203 33.3670176548 32.939294553 34.1015789818 33.4693672747 34.1569883212 34.2513197011 33.5104732861 32.3129689778 33.0345959422 31.7796448825 33.8540933714 34.0759028032 34.2936131278 31.7613710527 33.5300009783 32.6850655753 34.746369565 33.095827803 32.0201470947 33.031026653 33.2870938229 33.4734813014 33.8487948672 33.4812654476
