Spatial_Output/DEC/DEC_0355.asc
NCOLS 155
NROWS 192
XLLCORNER 196307.867259
YLLCORNER 449144.565805
CELLSIZE 33.573938
NODATA_VALUE NaN
[rows 104 to 129 of 192, columns 57 to 113 of 155]
36.103096589 36.9532034837 36.563261922 36.6409360059 37.3811922397 36.6546991841 36.9907668739 36.3015724825 36.2943935804 36.8757991523 37.2069953489 36.5100149627 36.9583098258 36.3347868919 36.5796231016 37.3896157527 36.0499451296 36.7876268894 37.0765401255 36.8938907067 36.145943974 37.3081420388 36.3060780126 36.6066915417 36.1311346761 36.2958333088 37.3770574125 36.1559151732 37.0235782117 36.8664307783 37.3018113953 36.4589084934 37.0936885638 36.0641268813 37.2812193117 37.1996338728 37.398696075 36.3989635403 37.0783211472 36.2190887061 36.4499026814 37.3550107488 36.4028997483 36.4475237816 36.4574752837 36.2593708155 36.746819479 36.8284638799 36.2525536671 36.0156750555 36.2046797894 36.3454252595 36.4122763594 36.3202077315 36.9538745605 36.9198406293 37.384721332
36.4324530861 36.1216590804 37.1175324973 37.4006753127 36.1687757488 37.1357289701 36.9065930903 37.1700005403 37.248819406 36.0369794527 37.0749320001 37.2171565198 36.5702635627 36.8977119971 37.0341505471 36.9983682319 36.5970264006 36.5751529634 37.0841234885 37.1697149094 37.1602722962 36.7456040648 36.4902022832 36.8314605097 37.3936948182 36.4998331837 36.4586405771 37.2827638553 37.2923119087 36.1912738188 36.5731552602 36.2469293531 37.3719521091 37.0764646928 37.3401955864 36.0522209335 36.9027623389 36.9478842728 37.3806861618 36.408249739 36.7184600167 37.1415548058 36.5403182534 36.309010549 36.654664972 37.1217293179 36.2532876671 36.997414285 36.2925227101 36.922045178 36.9043794792 37.276458663 36.0029461571 36.1503723064 37.0741501129 36.8950253361 37.149724382
36.4334626237 36.2663949531 36.1613505323 36.0984682176 36.6804377541 36.1758181684 37.3637724661 36.9573338485 36.8042256671 37.3372712568 36.6757270704 37.1782760336 37.0809502621 36.7128003748 37.0303251881 36.4455770489 37.0894617276 36.3667900514 37.3889817656 36.521311123 36.0353504591 37.0853972703 36.5813246218 36.2891122509 36.9938679051 36.2352417952 36.610234991 37.4114275288 36.1948441586 36.8766626964 36.2337804445 37.1057779926 36.4891391149 36.5209003673 36.2615960501 36.5589889147 36.0343530387 36.8045389258 36.8547484749 37.0426297292 36.4251348822 36.8773186682 36.1985738401 36.1505075793 37.1568837496 36.5288070833 36.8093990895 37.1920072089 36.0872065873 36.09746608 36.9769536978 36.3235518068 36.6146819893 36.6292549738 36.8166999701 37.2988761431 36.0700631022
37.251471874 37.3438432019 36.182384506 36.8005590319 36.9106308929 36.3222160089 36.9344036054 36.5805534975 36.0088861938 36.7417740719 36.9355089615 36.8805177581 36.2690731327 36.5997254685 37.2697321035 36.5659586572 36.9297649862 36.4843758701 37.1067494288 36.522897349 36.4194644967 36.9931924569 37.1829088527 36.5985953196 36.0088704795 36.3648604571 37.3390111359 37.3723323638 36.6471233667 36.3528148567 36.753389431 36.4338565859 37.1861961938 36.6701556697 36.5693449254 36.4028983023 36.303509936 37.2207654332 37.1005913097 36.1794621528 37.0822669987 36.6091003954 36.031486037 36.1139069903 37.0018625898 37.4072770389 36.4879086474 37.3332164565 37.0408302612 36.4406571102 36.6748834579 37.1937487766 37.213556431 36.4368208172 37.2216896692 37.2077214142 37.2889636415
36.4023354662 36.8031800066 36.8787930796 36.431375895 36.2880194615 36.666519443 36.7354917148 36.7417751645 37.0078424679 36.5290745198 36.8500270288 36.8665806929 37.3794900379 36.3014835094 36.9870971216 36.613496096 36.2315689532 36.0661764619 36.1297707163 37.3265587576 36.059050857 37.2328131502 36.36691181 36.7639293439 36.1436312702 37.2809394869 36.057366618 37.1615533406 36.3109385608 36.9706563661 36.6819964267 36.8283259366 36.1792219037 36.3493907776 36.3011618158 36.328286374 36.4345363886 36.8092749973 37.2476638986 36.9173274326 37.4033165979 37.0154067023 37.0544411811 36.647885265 36.4726660404 36.9182031687 37.157085095 36.3534808655 37.1867747277 37.1346811605 36.7687885802 37.0857981353 36.5645075762 36.0590570029 36.3312938272 36.3825718363 36.8084897468
37.0697454351 36.7719708944 36.7089331222 36.472893726 36.8449838611 37.0386418396 36.6739506024 36.7362339014 36.9571632594 36.5090583056 36.286320985 37.1387514839 36.6700375274 37.12004802 37.0867718399 36.7953978514 36.6886185581 36.564438777 36.400396677 37.074017337 36.5547771166 36.6693722235 37.3208095295 36.5712696696 36.3943269538 36.3864092341 36.8882818826 36.3071117147 37.0301395872 37.3918768255 36.6491292375 36.0657615284 36.6980344928 36.5152413356 36.2602055644 36.690162303 36.2497621519 36.2429693107 36.2026712094 36.4977009692 37.2305366293 36.8401053398 36.6006440291 37.3422241859 36.6048672583 37.2992384826 36.5318971914 36.5276846553 37.05782468 36.4634556175 36.0812415338 36.4411209326 36.1237372052 36.0563627903 36.3242670769 36.3331616061 36.8309358818
36.4006389189 36.8460473531 36.7547838389 37.3144980035 36.6951820795 36.008023867 36.7617405687 36.6112013855 37.3133285755 36.1066726034 37.0801465005 36.9504066209 36.5071961599 36.4830198125 36.7342016616 37.2863475393 36.234585404 36.8353030731 36.4648866783 37.3284233382 36.484877478 37.3694111677 37.3686044252 36.5552734161 36.4473523453 37.2239886987 36.7549551178 36.555259253 37.0852657875 37.3748877693 37.2574667624 36.6648263769 36.363376991 36.313916104 36.0087319081 37.1194888747 37.2921673826 36.3726427779 36.1911830966 37.4090800887 37.2006293283 37.183956783 36.273468123 36.5472939696 36.9509217495 36.4570191625 36.506511497 37.0224286118 36.5350272293 36.7792207292 36.5574773453 36.553630707 36.6565478563 36.5286047801 37.3911013168 36.3228271473 37.3646773255
37.0370526453 36.5332678435 36.4224158165 36.9821778567 36.7411347831 36.8640689655 36.3952814876 37.1629931437 36.7082020081 36.9469571312 36.6590222497 36.4724814904 37.1583653673 36.1205128706 37.0680764722 36.5228708815 36.7248118589 36.2800169047 37.131731475 37.2102447742 36.7929094783 37.0343783798 37.0612750296 36.7945762391 36.148295081 37.3915029497 37.061694188 37.0194627011 36.3608673577 36.3474810785 37.2479325545 36.672734751 36.7814488183 36.6353544925 37.2146933145 36.0643636766 36.3547965926 36.2400919757 37.1804985254 37.3354968309 37.3201286082 37.0835985113 36.6220317386 37.0338224521 37.2484745346 36.0178312375 36.1802884786 36.4036429802 36.2577311587 36.9094917369 36.5180170116 36.7115066196 37.3666682806 36.2591110416 37.0696231852 36.4012340552 36.5675249343
36.864631099 36.9201336259 36.0184546392 36.8997196986 36.0000457363 36.3582269462 37.3270412908 36.1436611665 36.3670265135 36.1071643725 36.8618531392 36.2270267495 37.0364282513 36.6815832658 37.3215334307 36.092851905 37.1536297875 36.2908389719 36.1809530918 36.5078576187 37.1283655146 36.1606526814 36.7048773463 36.5371038653 36.854708444 36.1550251277 37.4044335062 37.3620328424 37.1421551566 36.9263722805 36.6374103731 37.0081000998 37.0428248601 36.098807431 36.9652609645 37.2142273454 37.2152931104 36.4869041339 36.9775200375 37.2497130977 36.9825839811 36.2676931782 37.2384057217 37.3471670734 37.171985416 36.0995146519 36.2237668139 37.0446526547 36.242820794 36.6454959908 36.1776820058 36.0044339269 36.2059397173 36.7327608092 36.7279864594 36.2337315934 36.8452338213
36.3559349791 37.2039308071 36.5593461493 37.027979714 37.0299968125 37.0109631557 36.1829606291 36.4296170067 37.294739053 37.2463459648 36.4603455527 36.1251010881 37.2346097896 36.1236279413 36.6652760645 36.2624319481 36.5595590407 36.6568307664 36.9185016131 36.3614929828 37.1592138872 36.0280038382 36.5020779941 37.3968569875 36.6503360461 37.2732026408 37.1055970475 36.531985893 36.5416785796 37.0820878627 36.6235376733 36.1845802915 36.5099254894 36.4776286958 36.8352833365 36.9883239316 36.9971053139 37.2232159311 36.5270878624 37.3952803771 36.1568953131 37.4074424413 37.3675146419 37.014000469 36.1930201313 36.3877847365 36.3652159895 36.119912173 36.9592806849 37.0546828101 36.7923130159 37.3652403883 36.13979013 36.5095106588 36.722170722 36.6367912281 37.2539207162
36.3301453482 36.9167298384 36.8250231093 36.7526568042 36.5362648974 36.7080558028 36.462310071 36.735989512 37.3601333588 36.6834141881 37.0250895292 37.2024650379 36.41099005 36.9473652584 36.1662768854 37.0878774261 36.7495933117 36.2307397128 36.2654100223 36.8447596501 36.7470411943 37.3453174415 36.5925811522 37.0191924036 37.1437437787 36.6309116233 36.0528766419 36.6618691391 36.7441581637 37.0145300819 36.0295868023 37.3413277738 36.9468854252 36.2976700074 36.2644033864 36.0781154942 36.6218226001 36.5467490174 37.3688859444 36.6699456736 36.2196319715 37.2873708491 36.9521594609 36.6548027385 37.2332432715 36.5260898568 36.1395056384 36.0875273767 36.5470399055 36.988380269 37.0418409546 36.3420967594 37.0930153916 36.3153074606 37.2842599601 36.051165944 36.2076709252
37.3735735672 36.9553268967 36.5349885307 36.9465951438 36.4105565119 36.8169221081 37.3231170346 36.8148730376 36.7264795925 37.2941883995 36.3464363816 36.3830988021 36.4316399807 36.1187345378 37.2478061391 36.440644396 36.2862743952 36.7793350074 36.3921974778 36.9542843672 37.2381341723 36.05973472 37.4033201658 37.203627829 36.1392105895 36.5311801266 36.0117795693 36.3471003373 37.0993453068 36.7227459792 36.0678431524 36.7276603058 36.082342408 36.1083801976 36.8851430836 36.0413429451 37.2986709833 36.6971713497 36.9300954743 36.442378985 36.8500740147 37.3462193656 36.8204597832 36.7152037143 36.0204055084 36.8997968541 37.384206975 36.8128591429 36.7869822367 36.8149263472 36.492156818 36.2469824627 36.0741790761 36.4139865755 37.1631806249 36.3001172676 36.8041986783
36.508073531 36.664742308 36.0123038466 37.2910059188 37.175073824 36.9132367607 36.5024408906 36.3139515134 36.1140870457 36.5860246411 36.9311475076 37.028383869 36.0352396112 36.5433225796 36.3665269321 36.2970346676 36.8347813652 37.3737587188 36.0882218194 36.7243198912 37.256624205 36.3513484745 37.3377423154 36.2889329559 37.1154357293 37.2315808737 37.1297628464 36.6676029689 37.1310830412 37.2528502956 37.2552424556 36.4471972304 36.8288717193 36.3171211992 36.5728740114 36.1238388706 36.6502352209 36.1726155806 36.261979641 36.2742060544 36.454979643 36.0174335079 36.2885733975 36.0124864964 37.2111961096 36.5934477345 36.7838576137 37.1621222806 37.1026060459 37.018815577 36.3816689324 36.7180090406 36.7012764198 36.5843214452 37.2551099876 36.542825564 37.2786265962
36.7513804719 36.7521165181 36.0433106903 36.1700247019 36.1495947105 36.0330569716 36.0113930397 36.2001240918 37.4083739443 36.831561109 36.7283572648 36.1637367299 36.1984809277 36.0097377227 36.289065995 36.5006011709 36.8712702385 36.4262361089 36.9890644501 36.0018217904 36.8106414688 36.8727027826 37.0017246832 36.8032786896 36.0361754256 37.3992229762 36.8784480761 36.7468129207 36.5619275404 36.3731782976 36.3848532211 36.0746820673 37.1509503962 37.2354810569 36.0950864809 36.3117685175 37.3880149931 37.2635175422 36.0704542768 36.5451499586 36.2676443445 36.9190470537 36.3551221335 37.0988995403 36.3941973313 37.0504097233 36.9691510611 37.2572069587 36.7753131331 37.141940662 36.2840516733 36.5912002401 36.9486842614 36.3687695778 36.7052714298 36.0243349859 36.2967860667
36.7059623868 37.3908116377 37.4038715764 36.9100259126 37.2666913039 36.5833608324 36.0880772311 37.3326749115 37.1096520025 36.1048581491 36.9542014002 36.3437566811 36.3272440438 36.8449460662 37.3128672941 37.0479796518 36.499071523 36.7565987987 36.7392563893 36.1419947094 36.6066855574 36.7395265556 36.0974296982 37.2985316332 36.2352848426 36.2331962565 36.9934323392 36.3658532252 36.7415303317 36.561625678 36.0919063792 36.9644130932 36.8795523453 36.5938291204 36.8285031628 37.4104743422 36.2758088677 36.6358531382 37.4079531182 37.0696232852 37.264490198 36.2809504448 37.1342882317 36.1502710364 36.6081866514 36.042643915 36.0564322514 37.1108312044 36.7660769132 36.455748638 36.5864765599 36.4715999887 36.2700404818 36.280865353 36.0991585174 37.3992258261 36.1632802937
36.4070766769 37.2689633785 37.2479225634 36.3564815988 36.0780393413 37.3526561301 36.5645198655 36.1636600304 36.1634347699 36.9037864174 36.1018862239 36.9588588009 36.7071921756 37.2025865699 37.3928388856 36.1425657441 36.7798472148 36.4776132924 36.2289956432 36.3009639632 36.2976159591 36.51653649 36.0499523587 37.0944449941 36.1974412812 37.1055848835 36.0019110794 37.2454601023 36.7931009366 36.1652887351 37.21554684 36.9017892424 36.6055554932 37.1405362962 36.5458545021 37.3803698401 37.3997903675 36.1669954059 36.4257546902 36.4149893966 36.5373043474 36.9811880891 37.0120794053 36.8840656612 36.6519317305 36.985378235 36.4588478003 36.032197934 36.3873691652 36.9082613794 36.4258130736 37.2396961353 37.3354498519 36.0349932802 36.8503137509 36.3663635395 36.7795254383
37.2809757985 36.5889705655 36.4729803973 36.160815771 36.3354106088 36.8702263177 37.408613723 37.2073995676 36.8192305157 36.3681825958 36.7767377742 36.6004491361 36.0156866066 36.7383554396 36.5751138742 36.0985518633 36.7712413503 36.5134132493 36.6609540419 36.0513741852 37.1556764974 36.4440598558 36.4390320111 36.5117127805 36.2096791423 37.1986499918 36.2810535965 37.4082291431 36.8723933134 36.3424510994 36.2570407944 36.3583674673 36.1089148664 36.1928516636 37.072331962 36.4651639356 36.8782347659 36.3191057456 36.9466764088 37.3933432035 36.5517299788 36.2277645692 36.7987289989 36.2219383544 37.3550022875 36.7786124097 36.9594809585 37.082655613 36.3312945561 36.1861363234 36.6096312931 36.8870897549 36.941879414 36.4211225088 36.9637752192 36.0346428124 37.2577754008
36.8547376792 36.7407996091 36.2285411934 36.6373043736 36.4636531446 36.2320677487 37.2148221642 36.8367739785 36.4787849142 36.4365817389 36.5681494244 37.0996687381 37.0179747795 36.2826267192 36.9443964214 36.8340772522 36.9302165321 36.6840574769 36.6990500327 36.3444156461 36.3140396991 36.5585946968 36.514571016 37.2418124042 37.3693224579 36.7179270747 36.5684834966 37.376128812 36.3593564327 36.4072330992 37.099819282 36.8572803959 37.3861087564 37.1602089158 36.3099499942 36.6424934431 37.1815215508 36.9832070347 37.0603843132 36.3097644373 37.2922260778 37.1638903722 36.7067502313 37.0118678439 36.503046184 36.1835693679 36.1156565495 37.1475078847 37.1842122301 36.6515091587 36.1842420801 37.2047525345 36.4452740123 36.6538553919 37.4098929507 37.3601230554 36.9486414289
36.0904183283 37.1095832846 36.9339191268 36.4570624208 36.2131251348 36.3613665596 37.146656018 36.9064489044 37.3162748094 36.0370722181 36.137925237 36.8835224893 36.7551089132 37.0342255685 37.3082448332 37.2110915665 36.0808356903 36.4004756167 36.1583809014 36.2781022206 36.7772162597 37.3292524785 36.3531953507 36.2193464264 36.7704649024 36.4758909588 36.5531242891 37.3658863097 37.3135448272 37.3245661567 36.5172284461 36.2148185307 37.3358136156 37.1486320603 37.1802209737 36.848826367 36.5279907156 37.2875515562 36.8935206849 36.3549022041 37.375313571 37.0833104086 36.293325179 36.9696491483 36.0744330229 36.7872647543 36.9776239259 36.0899624065 36.3247136912 36.1477619722 36.3109993729 36.635626606 37.0556245313 36.8441104258 36.8756771181 36.0691234288 36.6486107029
36.5121860886 36.5134328742 36.0942601658 36.3348225396 36.2418772307 37.2602150826 36.6324226256 36.9153839762 36.3889247329 36.6070565022 36.7347302661 36.9599214584 36.7221497165 37.3442318373 36.9222706022 36.6361509969 36.6212676016 36.5102464434 36.9713077005 37.0269168645 36.1652917655 36.0818838274 36.0307585785 36.140648748 37.041488223 37.0073608198 36.8866232789 37.1650074055 36.4684868793 36.4102052376 36.452467186 36.3561652804 36.5477172604 36.3767320126 36.6869183248 36.2946871407 36.702747075 36.0865549102 36.0385474919 36.5460868232 36.9830401082 37.32353495 36.3479048796 36.1633618434 36.8909460516 36.1125093246 36.0849817974 36.0506966153 37.145182395 36.0642537978 37.342836806 36.8325365516 37.1355158285 36.7969538771 36.2066864238 36.1653735803 36.4192110518
37.2002894796 37.0738522476 36.3979328931 36.9624358772 37.3774733271 37.3832306384 36.241938028 36.7583039353 36.8719780601 36.4267717231 36.4268395619 36.8500226777 37.161823493 36.5594280086 36.8774643771 36.7010228492 36.4705612345 36.8638938974 36.1888106536 36.5219765911 36.7173702522 36.2883574347 36.1347413473 36.1752218513 37.3402363895 36.0443212205 36.2256766412 37.4139416317 36.9630120712 37.2343583849 36.7025264335 37.2448150091 36.7580910143 36.5722973755 36.5881066909 37.1024498672 36.5854935756 36.5187450219 36.427691677 36.6240341936 37.039791333 37.3389271955 36.4403966442 36.4392198535 37.1166577944 37.4041491892 36.5022699406 37.0617692422 36.2651414586 36.4872536874 36.5104237678 36.0462315679 37.0413208177 36.0021018455 36.8815980085 36.9631133031 36.6436048603
37.2918052531 37.1386117094 36.7216844495 36.1137674457 36.9010915925 36.023775196 36.0144858304 36.9892885266 36.4348141114 37.0319693751 37.2001141006 36.1334588535 37.1831630449 37.3271420059 36.1551211126 36.238106564 36.6635475721 37.3145256165 37.18382388 36.2299641195 36.9747536009 36.5615222417 36.4094196502 36.0665832277 36.2557816653 36.1084910143 36.7282867163 36.4509047462 36.8832423419 36.4562348197 36.7255901436 37.0104140501 36.7594823198 36.7557900909 36.8806397191 36.643318238 37.2034979642 36.4817688331 37.2416356179 36.6227754016 36.0170817757 36.0271084085 36.9596302708 37.3658173047 36.7988931077 37.3648549154 36.8899394733 36.7377202259 37.2963792699 36.8420943631 36.4305036915 37.1249870311 36.6731431864 36.3660001482 36.2994446847 36.7654199444 36.5076438269
36.6454935512 36.8626548212 37.1342366506 36.9906493313 37.1745951146 36.2430004835 37.3774510151 37.3958084356 36.5542285634 36.2949121984 36.3834481869 37.1652182725 36.9194280654 36.9391812721 36.1361436629 37.2320946841 36.0000744149 36.7617038521 36.9627713947 36.2762677667 36.1986286566 37.0450318494 36.9097580591 36.4739045698 36.7577463096 36.8061312504 37.2380860718 36.1970945027 36.6750451064 36.9855632138 36.5688923921 36.9016207285 36.3204638348 36.2288778617 36.4840515182 36.0184861997 36.035139407 36.9224543264 36.1267289789 36.5614561482 36.364239774 36.819576834 36.4368378773 36.2656622445 36.7047858255 36.2959649321 36.8404062866 36.2884893096 36.1952214106 36.7190701609 37.0273498481 37.3852807797 37.1046408956 36.5716020144 36.2763164281 36.2547752549 36.183475529
36.9685164518 36.5363723686 36.547583849 36.2111666838 36.3204717166 36.6718460263 36.3831591182 36.2026327252 37.3408380468 36.9920140904 36.282711287 36.0992979242 36.7847806841 36.1543575465 36.7296649489 36.0671069886 36.1943984104 36.1909412498 36.9752864518 37.1220400241 37.1598235247 37.2243406842 36.7712077624 36.8947125902 37.352481567 36.8997938947 36.0745912315 36.1706989282 37.1163859943 37.2918576257 36.3785293392 36.3679969301 36.3381719066 36.7711881931 36.5178116699 36.1529436983 36.3578195693 36.1264028268 36.0666667287 36.0021568788 36.0100088027 37.2963359978 36.4021206492 36.9106894402 36.8164418731 36.8517342583 36.1379016489 36.8875807945 36.453735079 36.3180880521 37.1020932838 37.3014500816 37.4062063631 36.4252291502 37.4007549493 37.189500229 36.8986491964
36.3617480235 36.7294439522 37.2842470407 36.4590703585 37.1892572537 37.1418713681 36.1232332406 36.3766792658 37.3472598908 37.1129918515 36.3010952988 37.342533148 36.0265522408 36.731247653 37.2394615276 37.2479068404 37.3613425824 36.371215007 36.1214714014 36.326399431 36.8719935465 36.7986649392 36.9930535837 36.348796785 37.3552370192 36.1416029368 36.4956937127 36.2327390353 36.1467563509 36.034282124 36.3390688519 36.3839768679 36.9343207938 36.3708934113 36.3741136352 36.7665894933 36.5966909845 37.1024235014 36.1281804245 36.7222057281 37.2119755401 37.1041311736 36.1714419324 36.5304458683 36.5734027662 36.8401945421 36.8357511388 36.6590390835 36.2224058197 37.1535282264 36.1970897894 36.7618695486 36.6879784583 36.9756196753 36.8472940817 36.5738515695 36.4379795361
36.939725386 37.3116998064 37.34157798 37.2998240094 36.2697719674 36.4287986792 36.9262602684 37.0772746887 36.2674153878 37.3584812424 36.2532793756 36.0606261856 36.6509802831 36.9857670935 36.86915099 36.4653920424 37.0438272646 36.7747673407 36.927560618 36.4217216012 36.4325450817 36.5437324705 36.9722286199 37.0589861954 36.4430864768 37.0550549372 36.099301843 37.1845691213 36.1004729911 36.4471143626 36.6296330164 36.494543946 36.5962953297 37.1399086719 36.5625481661 36.5343783893 36.7366405143 36.0231578728 36.9588181952 36.2944953269 36.5782790829 36.6628522583 36.3276934568 37.3021391609 36.8466874357 36.4243209681 37.0136751677 37.1053051887 36.9018842359 37.1617892954 36.9807769962 36.1743505757 37.0428446695 36.3246256223 36.3319422281 36.0982938454 36.5274038784
