Spatial_Output/DEC/DEC_0675.asc
NCOLS 155
NROWS 192
XLLCORNER 196307.867259
YLLCORNER 449144.565805
CELLSIZE 33.573938
NODATA_VALUE NaN
[rows 26 to 51 of 192, columns 0 to 56 of 155]
0 0 0 0 0 0 0 0 0 0 0 0 0 0 0 0 0 0 0 0 0 26.0851967337 26.3486770851 26.8244448954 28.7065442845 26.4329997979 28.0536912118 28.763063002 26.3867895572 27.8377176468 28.8946859712 26.1902938621 26.1866661817 26.7836728316 28.1872130486 27.795963793 25.352468806 25.3676916318 29.0279259596 27.8524280364 26.5044657901 26.3093889326 28.6649455798 27.1429570904 28.1528495011 28.5691893573 29.200221575 26.9328971966 26.3112978624 26.5796003995 27.4392653732 26.8309651509 25.7478738687 27.315905397 28.9016078175 26.4309737431 25.269133582
0 0 0 0 0 0 0 0 0 0 0 0 0 0 0 0 0 0 0 25.9875298392 25.4090835675 25.2404805918 25.8084362945 28.495998144 25.8122640788 27.3833909881 29.0428850389 25.4620104991 26.5817603487 25.3551943218 27.4953600329 27.183666087 26.2524205725 26.0218126456 26.744136911 25.9538034933 27.5192283563 29.2397418651 28.423164697 27.7926104748 26.6927449802 27.493468245 26.7239018992 29.2131235361 27.5821614261 25.3625261966 28.9599918382 27.6318684883 25.0830089339 27.4443206699 26.6737927996 28.9519148032 25.175237688 28.9605430088 25.200892598 25.3728978978 26.5459874288
0 0 0 0 0 0 0 0 0 0 0 0 0 0 0 0 0 0 25.9815206778 25.9190676841 25.4501437614 25.2905937499 28.7562482224 26.8955524811 25.0469208984 26.2780776967 26.097123102 27.3383101579 25.3159594207 26.9880173327 26.732097381 28.2228833843 27.9016874739 28.8136892079 25.8298797569 28.9250950009 28.4906343871 25.5693355131 28.7895547511 28.2714197781 25.2815212584 28.6378166958 25.0615075066 27.9066704837 29.2249950355 28.7310465447 25.1528818658 29.1120296172 26.3114633314 25.6976817329 27.4912753587 26.5947764187 26.0258505569 28.4473824387 26.1472431653 26.6047536954 25.0293632843
0 0 0 0 0 0 0 0 0 0 0 0 0 0 0 0 0 26.6088634727 25.7984826246 43.2783289699 38.5532280383 37.4966229502 28.3216932657 25.5673488446 26.4558454812 27.6834264882 28.7672994364 26.3000281068 26.0257222458 27.6884821742 28.8232138571 26.2348669502 26.1232798611 26.0804723479 25.1209605485 26.6771601704 26.1327668149 28.3525345124 26.9277725446 27.6882501858 26.8972424331 28.3289846538 27.0354430445 26.0306637121 27.6459648971 25.8425844024 26.5783255573 26.4425561725 25.5244910021 25.9535727438 27.6879077991 25.4238656731 28.5592752004 25.6080204748 28.9117485112 25.7103433405 26.2261098595
0 0 0 0 0 0 0 0 0 0 0 0 0 0 0 0 25.4789255568 28.041605525 27.1835857237 40.042192601 35.5064563863 46.1214929 27.2083230401 27.25376461 26.1702697692 25.8306781748 25.6930544321 28.4295933769 28.7684037008 27.2702953682 27.7797849167 29.1911652992 26.4820449579 25.8587100108 27.9839724084 26.3882477361 28.8621398013 28.2786829313 25.6827815246 26.6124391075 25.0170551057 26.7790083094 26.1042701996 26.3016345402 26.7090138549 26.5632420216 28.2491340222 27.7103071142 26.6581022211 26.13346392 28.9596241251 27.3880031082 26.1602888832 25.500427525 28.3830245767 29.1878681879 28.4924496879
0 0 0 0 0 0 0 0 0 0 0 0 0 0 0 28.6499848985 28.7687645803 25.6102243705 26.2449694825 35.587035903 41.1160982007 42.1834006208 44.4158642779 25.6512699061 26.8239034401 27.9827565032 26.0281294646 27.1347832596 26.4359398201 29.2127964077 28.0844244792 25.8281608901 26.1994764341 28.7414441056 26.1769490484 26.8384166921 29.0205595137 25.5730065936 27.7456417583 26.8342761678 28.3025712769 27.0308971285 26.8582369961 26.2709543938 26.48432261 26.1290239596 25.5202775564 29.0171675119 26.8728694678 28.0536264477 25.6838809137 25.5756095355 28.7617873883 28.1021068354 26.1630435561 26.9213362048 28.5553728316
0 0 0 0 0 0 0 0 0 0 0 0 0 0 0 28.4595976033 28.9518517038 27.2680784648 25.6861103697 48.2820369558 47.6420745064 46.4188048406 38.2534596536 29.1546600943 26.8925027278 27.1789377684 28.5378456121 28.9388685944 27.2965792484 25.3281939602 27.3107636214 28.5607856868 25.6472395043 27.9646160046 28.0959997822 27.3389698258 26.9498402407 25.8717661115 26.1180358083 25.4575547334 28.5049319604 26.0885741561 26.8218081153 27.5713010138 29.2010002355 27.8301604657 26.4848796666 25.2333562845 27.3897928112 25.1033682625 26.5815462098 25.7237935008 25.9748636291 26.595454036 25.7072510875 26.0882222129 27.1320394572
0 0 0 0 0 0 0 0 0 0 0 0 0 0 0 26.3395770162 28.2858114043 26.88772103 27.425262223 26.4343913851 38.0476893445 46.5636986163 39.9336400953 25.92226224 26.0838196138 28.1664027154 25.6863478076 25.0389476875 27.427988371 26.5645809103 27.6553961574 26.7716546318 25.5140813137 26.7233937448 26.1819571239 28.4211165567 27.0507926631 25.8465919836 25.2378460119 28.0299418513 28.2449492702 25.435222246 27.339350703 26.6086145183 28.5115129421 26.7987404466 29.0636227127 25.2837872807 25.5636045861 26.7548429329 25.7018077306 26.0190798077 25.4502533236 26.9725042969 25.0930032498 28.4075191113 28.2020436877
0 0 0 0 0 0 0 0 0 0 0 0 0 0 0 26.1428985087 27.0178008211 25.501416799 29.1556606089 25.5313891026 27.5335589624 25.5790996993 26.4623333299 25.8978679413 28.5983433121 26.4107290478 25.8387522416 27.3655853712 27.1132050898 28.2450209914 29.0025700424 25.3016202282 26.9209021082 27.680171795 26.5787316064 29.1254437714 25.6882386912 28.2280922246 26.4569538656 25.8164182849 27.4680834256 28.0083620066 26.8967089728 25.6445563634 25.2978834923 25.264480009 26.8244715313 26.4438275607 26.1858967798 29.1021624515 25.3149452588 26.7072500813 25.9668984207 27.9168500456 27.9481272324 26.0597667899 28.1377046259
0 0 0 0 0 0 0 0 0 0 0 0 0 0 0 26.1373375078 26.3898508157 29.0700716908 26.6682851235 27.9470625827 26.5836594222 28.6311046586 27.1340598656 27.7705006841 27.5612180078 25.4370531899 25.2818162213 27.8541298895 27.0567392756 25.6455415651 29.0094972372 26.6066670023 26.394733992 27.89566585 25.6232673119 28.1599894135 27.4338882534 26.8166142801 26.5220054462 27.677537405 28.6273827262 25.6381103448 26.9191700549 27.3421014311 27.3150085877 28.5418554915 25.4362508393 27.1226782236 27.5806416364 25.6354717598 27.3638559402 26.6598401151 28.303088079 25.2139971051 27.6319607725 28.3990169574 25.4310279216
0 0 0 0 0 0 0 0 0 0 0 0 0 0 26.0524901776 29.1163678188 26.4697665143 26.3420273342 25.0360751576 27.150114631 28.4008549277 26.8134000806 26.1275799216 28.7528388879 26.4805062728 25.9448298959 25.9704391706 27.0325807087 26.1182062674 27.8527255726 27.7387909918 28.3936314256 25.0548898512 27.7648565371 27.5205716432 27.8886353811 26.3777219609 28.3845069373 27.3116842449 25.1579892783 26.9410314859 25.9696794391 29.0648779465 28.300455606 26.9996541583 29.0457739111 25.9405390347 28.7828355591 28.6362467425 26.1266134736 29.0597369437 29.0718506165 26.3365848751 25.0612491501 25.9323387844 26.5233125144 25.2113364925
0 0 0 0 0 0 0 0 0 0 0 0 0 0 25.9903598736 27.4507442744 26.129314206 27.8835184659 26.3351790715 28.4371568989 29.1418555564 28.1966911066 28.1833794004 27.8890907972 27.9106114341 25.4689552506 27.6016902209 27.7157040991 27.3947895228 25.8126968247 26.9220417347 26.8273875967 26.4372013853 28.0305206619 26.202623984 25.2139020553 25.2257957621 26.6173894724 25.2782347259 27.8002105665 27.6222792107 28.0931405335 25.7603665991 26.2233731146 28.5306786105 28.5763067138 28.8290908665 27.2306664141 26.775478946 27.4106230204 27.2957882296 28.0050429687 27.8278305276 29.1924537928 25.2739206058 27.1571419078 27.749501809
0 0 0 0 0 0 0 0 0 0 0 0 0 29.2116373495 29.0962335158 26.8343307087 26.708826205 27.6380845829 27.940918993 25.546940068 28.3710624542 29.0100737459 26.2533409437 29.1867904114 25.7905834072 27.6803982705 26.2301694457 28.7974194675 28.9939557934 27.8157056526 26.2197125575 25.0504280397 27.799672655 27.3093888012 26.2834201196 25.9078967724 25.5391392505 25.5847961418 28.0323624394 27.1399356294 29.1042683142 28.572519165 25.2287672644 25.3327587749 25.3087600201 28.3360811342 26.908871692 27.8740009988 27.702485053 29.1472642714 29.0909822258 28.0960248063 25.3526664226 26.3598252534 27.1068661377 26.1489763221 27.1251052567
0 0 0 0 0 0 0 0 0 0 0 0 25.8799394928 25.164758732 28.8691864299 25.8003904204 28.4837723215 26.5848844653 25.9455816152 28.3684039271 25.5292009793 25.3805871496 26.4222612414 26.5468032626 25.6576813722 25.1619271944 28.1574796143 27.5948868875 41.4131577861 47.4591044894 47.8323498089 29.0162783926 27.1488646552 27.5696740734 28.236044628 26.3501530009 26.0065254796 28.0400175518 28.2203644496 27.4165828355 25.869922482 27.4610571129 26.0427857449 28.4229790693 27.3132335295 26.9734962177 27.7038322977 25.2869459879 25.1699383314 26.5412725009 28.6360497368 27.9867480355 28.2264863409 26.5745160913 25.1249967326 27.2443943761 27.2795005184
0 0 0 0 0 0 0 0 0 0 0 26.8699856728 25.5650390134 27.2269910798 26.78044601 28.9551058224 28.3913893075 26.9539197068 27.2952582451 25.1249824458 28.5860727065 26.3117718384 28.0742818107 27.1894994337 28.4164508797 28.1019509212 26.0695889806 25.5915649715 40.9303379201 48.3909661066 42.5817756671 27.0739602244 25.7725454919 28.5086948543 27.9223710492 25.1090251563 26.7331870855 27.3243079275 26.0773056836 25.1664612578 25.5709698592 26.6728925273 25.1186094545 27.6717509206 27.2466728494 27.9691599244 26.9665233128 28.9494736135 26.6123699776 26.4370208038 28.2874539941 27.4879249213 27.5533611236 28.511945886 27.7565081377 25.7430069064 27.3386187957
0 0 0 0 0 0 0 0 0 0 25.6929764124 28.6095693966 25.4944630584 28.9183558149 28.2031266088 28.118300878 25.8878752082 25.3175095966 26.6561237831 25.1145829873 25.5030542962 28.3942435796 28.3754962754 28.9493519835 27.6393825302 28.6625023124 26.4052093964 26.4446526655 45.5229920459 38.8496100148 41.4434973311 28.672335082 26.2113672378 27.0771367058 28.7893953856 25.759320061 26.9559954137 29.0612216855 27.5670966759 29.1433643605 28.043175186 27.2588009678 26.601671181 25.5023410805 26.1989735496 25.8699367683 28.0678712672 26.0522858922 25.3440855718 28.8041108511 28.5299611173 27.8649008536 25.1507618904 25.462198226 28.0513968607 26.1129381387 27.7576156263
0 0 0 0 0 0 0 0 0 0 25.9954465092 27.6735290338 25.7747022347 25.9969131475 27.5738846841 25.9135883881 25.1579311237 27.2807032108 28.8226664116 28.5948900553 25.629805556 27.414167852 29.1397915349 25.7788539784 28.9984395928 25.2695042126 28.0145380208 27.7030865387 37.922178041 37.4736817115 40.8185955352 26.2021245438 25.8669497729 27.4895888108 27.345958957 28.206714644 29.2080243943 27.7661880705 25.7488093912 27.5932474246 28.7506492671 28.9997736811 27.0280525755 27.5283357436 25.1839752651 28.3543864232 27.4508666555 28.8815441381 25.5395906335 28.5813697199 25.1839579237 25.9215430295 27.8696066478 27.118934965 27.434327144 25.1664964982 25.8268832364
0 0 0 0 0 0 0 0 25.5857600209 28.514269878 28.2530505283 27.9316061686 27.4637807037 27.7975862703 27.8688442166 28.7787764997 27.8121908697 29.0123450825 27.3938583611 26.2501374192 25.4651003385 27.4975579063 28.3635562819 29.0900091773 27.5806511824 25.8127771691 29.0557058874 27.7560330604 25.3066742718 25.6572545344 26.8706336258 25.1925065289 25.8381122762 27.5326004875 27.998641188 28.2108117433 28.8673113751 26.4942027835 26.1034299761 27.2687567248 27.12354558 28.3998948482 26.3668338622 28.7448036176 28.4441381231 26.3448688046 26.198800871 28.1826956087 28.660054934 27.7684785243 25.1643653414 27.0389716732 27.6336197935 25.7517005138 29.1570457077 28.0991944992 25.1349642104
0 0 0 0 0 28.190560667 27.0199312179 26.3483569852 25.6610302073 28.3613530873 26.2062732375 26.5373779433 27.374113457 28.9317784309 25.4033611489 25.112396931 26.4137532416 25.2421301226 25.2007396884 25.488034999 26.0021818328 27.0222824953 26.3263524233 28.074380517 28.0533063019 25.4836969498 26.5995117562 28.1310038986 29.0263117485 45.3563335541 41.2823814931 36.3253030066 28.2252600451 28.7696184579 26.8131418465 28.7111066258 28.7901786454 26.1351521672 28.1735941687 26.6097772223 25.5733983483 25.5413720944 25.5485713304 27.1232665263 29.1482179899 28.5602350899 25.3269008173 25.7614601708 25.5765073325 25.1046935918 28.1378213604 28.4568592254 27.3903812721 25.8454570127 25.651809255 26.2038126958 26.7770807825
0 0 26.583917195 29.1477944039 25.2296561805 26.4183526596 28.7213206434 27.0373507777 25.5059659146 28.6818912921 29.2382340524 26.8076959606 29.026569265 28.4214745659 26.106678349 27.5169956009 25.8116560734 28.1359173545 25.7397609852 26.7105493511 27.1803570683 25.6645642499 27.7191287211 27.7645620234 25.326654268 28.9347615753 28.4426710628 28.7125851348 25.8178681022 44.6495467242 43.710137618 38.2042976077 28.8454997947 26.8954750825 25.6038401662 29.0692639235 25.9689655633 28.0205526656 28.0736524373 28.7951648427 27.1334719108 25.9365714404 25.2338058084 29.2075769888 27.8879310497 28.6340484557 27.119390357 26.9969249177 25.4525151539 26.1593049596 25.9760379874 26.1778962697 28.4317539401 25.3255666777 29.0578554674 28.1987650822 26.106239324
0 27.7795476637 26.9247829537 27.5475801815 28.3177324441 26.4496126448 26.1824852573 25.396662718 27.9787817703 28.266058418 26.7867074576 28.6416588845 25.5591836542 25.7934349223 26.2555067185 26.1028944929 26.9548471592 28.8690268965 27.6793564173 27.6161138002 27.8636302356 29.063734602 26.6961944119 27.5377134306 26.5798819935 27.1920907391 26.9771140521 26.4453730432 28.1964997964 45.1184250707 38.5135957544 37.1954195255 27.1831489494 27.9103337428 28.7381767528 26.6952965147 26.804659803 28.9378863711 26.8524982448 26.1525796476 26.3952318254 27.359900294 28.7259598133 28.5338477785 28.5042470395 28.5314141212 29.2003660023 26.938072054 26.5467488789 25.2925003925 26.5394768856 27.7921928427 27.5537893242 28.8108654307 25.5044490509 26.7866030797 28.1724015962
29.037651109 27.4779362183 27.1500380061 25.1113674628 27.557340819 29.1128811764 28.6731771345 27.4148625975 27.2376012237 26.2040747518 26.8551271097 26.5513814751 26.3625502571 25.5348579356 25.9879730148 26.917879474 26.0833920508 28.3504800505 28.1952341291 25.5227912221 28.7654578267 26.1689057337 25.0858645661 28.6413107713 25.6214783517 26.219560138 28.2087337064 28.5169181169 25.5234449562 27.5726655579 26.0365825143 26.0783493531 28.7844867714 25.9126408924 28.4738233368 27.1807456754 27.4059050714 25.9411352215 27.0679716164 28.3189581306 29.162443753 28.0119442247 26.6386214612 29.131020761 26.4635107638 28.4434668159 28.1827536872 28.6834712907 27.787743223 25.0476209089 28.3557075424 29.2108450505 28.7400433814 25.7353238053 27.9325593949 26.8423397997 27.6806935182
25.7150537878 28.8708344317 25.9736263157 28.5260105302 29.1721362604 26.9053550455 27.4321359027 28.2779803829 25.0366200665 27.9208894128 26.3708611241 28.5007161914 25.4856453181 27.3567369021 26.04443458 25.8868715216 25.5479276065 28.20456518 27.8415375103 27.0399612785 25.9762297653 27.3375433522 27.4769578296 28.4268011182 26.2908917448 25.6414844405 25.2410247676 27.9176520168 29.2132012142 26.3765686178 28.4736041166 25.7972868473 26.4921918055 25.4489276422 28.9146074535 27.0282981491 25.7131510362 26.8166663987 25.9026802464 25.1205282989 26.0294934749 25.0796964675 26.8663441844 28.7904926758 26.1476573359 28.4718726241 28.8634584135 27.8639301784 29.2188837631 26.4028727451 27.288948962 26.811528661 27.8323435185 28.503564184 28.7441098439 27.7861040852 29.0032613808
28.2546666241 28.6402063483 26.0437514516 27.0778516913 28.1150352239 25.1502182655 25.6642376236 27.3867085308 28.4609845182 25.5269887788 28.7346425952 25.8592093146 26.0969894576 25.0731808944 25.9347188989 26.2545894174 25.5268535372 25.7973504674 25.5148639633 25.1077684415 27.256227965 25.5352585026 29.1831085971 28.9012801736 26.9484021895 29.0149876286 27.962472551 25.123956202 25.9605406827 26.7126078694 25.5830877169 28.5873029524 28.4058695035 26.3488596864 26.838721247 26.3548635859 26.3425379383 26.4723733733 27.8280826093 27.9035195316 27.0131305995 27.7462808832 25.8233990836 28.673128171 27.6187273576 26.9359615119 27.2203038746 26.4490001884 28.9308530771 28.743109071 26.2073759696 26.2125197029 25.1099075448 25.8256343644 29.1612238827 27.5442356457 25.9881975287
26.4542734755 25.5827057727 27.1535451708 25.8490678418 29.0566345189 28.4037285805 25.4630184401 28.6108636363 28.1989732677 28.1644620814 25.1780774728 26.2250493794 25.4719818034 28.5564578152 28.7650471558 26.9279214001 25.4868697312 26.276792174 27.0162181086 26.3974239096 28.3526004319 28.371261965 27.4151646603 28.610269445 27.8820036101 28.430019497 28.7839891597 25.9319700257 25.1886377847 25.6450328588 25.7263339652 26.3268164541 26.6790480174 26.7818423923 28.6694495297 27.5344746758 27.4488664436 28.5899541792 25.4066659332 26.1057498499 25.5557742368 25.7981909971 25.6322398087 26.3945684167 27.8511189983 28.1395646468 26.2774054868 26.3240808253 27.7992270529 25.7538805836 28.185952602 25.662989657 25.2903109629 25.6620628287 27.3330390411 27.0571198105 28.7333168232
27.2325092731 26.4038141833 26.1034835521 25.9947487669 26.5394879586 27.9938218864 28.109604887 26.3762671341 28.0896453005 27.5318393875 29.0648189823 25.9929220196 28.6239501434 27.0542555534 27.7603655284 26.471066985 25.9802834908 28.3587986035 29.0987610714 25.7201583725 29.1294810607 25.9644045092 27.6981914138 27.5237869067 28.6279542755 27.254191969 28.0637161287 26.7799055903 25.235872776 25.9835738018 25.8933345036 25.0723903153 26.8705190464 27.5403996767 26.6480821374 27.0955683908 26.1564893945 25.364851084 25.3640779303 26.6425834653 28.0567891588 26.8718257271 28.6814694599 28.9645030249 25.8364348285 26.8965594691 28.7664051806 26.2142559312 28.2632803643 26.6857175861 27.76886076 27.787384529 26.6836567901 28.7761139461 25.8009703803 26.3723921522 47.1590446236
