Spatial_Output/DEC/DEC_0147.asc
NCOLS 155
NROWS 192
XLLCORNER 196307.867259
YLLCORNER 449144.565805
CELLSIZE 33.573938
NODATA_VALUE NaN
[rows 52 to 77 of 192, columns 57 to 113 of 155]
44.558259742 44.7126623853 44.8994003952 44.7288050167 45.0895367285 44.6873855793 45.1018569004 44.8065464212 45.0763133318 45.0668353447 44.8834539954 44.9820044004 45.1465214978 44.5109168513 44.7960554722 44.9119317668 44.7088407162 44.8001838838 44.9331568474 44.7174799994 45.1016736113 44.8567968373 44.7671393523 44.5901699138 44.5661389807 44.6361850594 44.7035123073 44.6987571574 44.7383077278 45.1774307754 44.7497791782 45.0860138863 44.6814397125 45.1429699031 44.582787512 44.6347175065 44.6105111301 44.7584149853 44.7447798457 44.9503760153 44.9756499482 45.1181669495 44.9180307682 44.8323855694 44.9619236027 45.1637430843 44.7290747246 44.9794635488 44.7207637094 44.8232935887 45.1248002482 44.7432420898 44.5459587373 44.7963412612 44.5488941303 44.8091099855 44.7535722567
45.0701957762 44.7375692334 45.0066803213 44.5295745821 44.6759658505 44.7184907278 44.6853840841 44.6583552708 44.9582840202 44.8944867947 44.7059157516 45.117161052 44.9734325941 45.0258399337 44.6754206939 44.9638340611 44.5761409943 44.7776730074 44.6060466952 44.5839903798 44.5293585253 45.1452578583 44.635166549 44.9913618478 44.8573278864 45.0560304123 44.6297668082 44.5339440486 44.5031691774 44.6708390935 44.5215660474 44.5411109226 44.5053494869 44.8820511387 45.0421614917 44.5271338534 45.1323628433 45.1537703527 45.1930002716 44.9278638677 44.5731065085 44.6710832792 44.8561201841 44.5037400884 44.8590658916 45.159870121 44.7393274234 44.7600253537 44.8061267728 44.8881663176 45.1194466864 44.6437185314 44.6028463805 44.7356890821 44.5572479127 45.113697485 44.9180319652
44.8349829951 45.0009032971 45.145628084 44.7036318185 44.8326831067 44.9746796313 45.0718718687 44.6742114258 45.0298177563 44.738980461 45.0737433594 44.5032868645 45.093191485 44.5050710079 44.9243056273 44.9059641816 45.1825237309 44.5747872505 44.8758475252 44.7556517115 44.7834319362 45.043690405 44.5614701787 44.5664256604 44.930298561 44.8858707305 44.7529053088 45.1581985022 44.8401572663 44.6586140067 45.1729364902 44.8953260238 45.1844844369 45.0453795463 44.5100932025 45.0969091831 45.0176842118 44.9988907654 44.903965917 45.0425943657 44.7153847252 44.8440585058 45.1850544187 44.8958897198 44.6392341108 44.5245478053 44.7408758834 44.8978475449 44.6724274068 44.7498015077 44.9257732106 45.1613199415 45.0600409249 44.5672579987 45.1041404233 45.0528781869 44.7702620274
44.6658623814 44.8353953575 44.9901101189 45.0851088947 44.5945193222 44.851290718 44.9629974194 44.7805602067 45.1945425806 45.1916434473 44.74052239 44.9808768898 45.1701910189 44.5629934927 44.918303659 44.6911827985 44.5120798318 45.1535808322 45.1479662916 44.8890018294 44.569285404 45.0387373524 44.589541508 44.5731987799 45.0739851172 44.8135601321 44.742126293 45.0112676087 45.198740012 44.53667102 44.7623316871 44.679305824 44.7313202407 44.860339744 45.0089624087 44.9186036345 44.5774381772 45.1714019307 44.5691293236 44.7897788147 45.2021363929 44.7850872773 44.5959609554 44.5335190767 44.9632581836 44.5596924986 44.5458216131 44.9195137662 44.5148585132 44.9032131056 44.7194686953 44.9235765064 45.1556978264 44.5752184878 44.8430239414 44.6219866082 44.885178309
44.7140287894 44.90550679 44.8102216508 44.7861877251 44.8373053873 45.1497394847 45.0632768183 44.6389695993 44.6413974328 44.7565991924 45.0039187606 45.1907359051 44.8130077469 45.0515280293 44.6672036794 44.8710620021 45.0759506607 45.0544576691 44.9054099782 45.1181264937 44.5985460223 44.7388695613 44.7785576607 45.1312587618 44.7024483565 44.7162049195 44.7162959015 44.8181206649 44.5155046632 44.8721947828 45.0815762579 44.7073550856 44.7681929908 45.0106832471 44.828286657 45.0475141166 45.1737615608 44.8758688258 44.7235366165 44.8789037518 44.8001315602 44.8734776312 44.6138402549 44.5651239711 44.9572949005 44.6022475639 44.700236662 44.9572075296 45.0383128421 45.0058451985 45.118136204 45.1550431562 44.9556574837 44.5580674263 44.5740848139 44.9015158278 44.718490586
44.9237591557 44.9168621146 44.5788272229 45.1997713918 44.9900564721 44.666336962 44.6918315617 44.9883113984 44.5997665443 44.6215587136 44.7089415643 44.5089332208 44.765177896 44.7824065992 45.2005241497 45.1458999917 44.9531322798 44.6733373253 45.1178392208 44.8127419235 44.556527535 45.1864794019 45.0588408122 45.1984590957 44.6779196801 45.0024636303 45.1005004778 45.0214531467 44.5180168004 44.5430087494 45.1538629908 45.1590750189 44.683145085 44.8804463634 44.613981983 44.9126163653 45.0365752107 44.6036448957 44.8062753186 44.5801803213 44.8236416235 44.687571975 44.5717255533 44.9978767285 44.9024231195 44.656100792 45.106711047 45.0873246352 44.915369637 44.9346212898 44.6133754956 44.7658343065 45.080991212 44.8026029396 44.7334833692 44.8193005778 45.1432739255
44.8476723494 44.7794237219 44.8280740754 44.7392502884 44.6204700691 44.952627726 44.5655106642 44.7104360226 44.6617863806 44.8810876187 44.8053539182 44.9648946672 45.1230327554 44.738840786 44.5398431975 45.1881923992 45.0284073681 44.9694395818 45.0216638973 44.6083850593 45.0539545503 45.0207486347 45.1171171737 44.9578700572 45.0396988235 44.6383339306 45.1290528531 44.9286563825 44.8383752912 44.9263865124 44.7142257822 45.1377320114 45.07708616 45.0189794429 44.7575465946 44.5806108997 44.5503248558 45.0374241478 44.5514437359 44.7521654934 44.7303596936 44.9098163803 45.0031315673 45.1956751585 44.6988018994 44.6042756666 44.6021749645 44.9289473898 45.0098677296 44.6117884445 45.179872188 44.73157346 45.1742514342 44.5243794959 44.9708570343 44.545505179 44.8781900488
45.0351566176 44.579724461 45.1111000646 44.748640123 44.8271845298 44.5730418202 45.0578881327 45.0014783483 44.7056526583 44.9134759316 44.789370937 44.9509019302 44.6186779621 44.9428831583 44.8301722306 44.831922475 45.1813602805 44.5363849403 44.8611825012 45.1088668029 44.8347851139 45.0181039095 45.1336789898 44.9857369498 44.6713749177 44.5396503484 44.7024092847 45.0430347002 44.905841286 44.6972060897 44.8030319666 44.6946153821 44.9295458491 44.5973157881 44.5734491869 45.0197206133 44.8359533791 44.6341088796 44.7837083353 44.6068355924 44.5105879546 45.093064128 44.9120615353 44.7048890282 44.9521317639 44.7285721985 45.0848904348 44.6682926336 45.1178297518 44.884136557 44.8705112759 45.0218579967 44.8301449793 44.8397202937 44.8611783079 45.0324482449 44.8476594713
44.9535884896 45.1008726585 44.8888044032 44.8877465158 45.0233201967 44.9300510871 44.8427343576 45.1351822057 44.5854598541 44.8745941072 44.9428826369 45.0003273 44.5123907436 44.6822186835 45.157363747 44.5820665187 45.0353347497 44.9860046405 44.8101368427 45.1028890883 44.7312263922 44.9709707618 45.1308384684 44.9699277884 44.5899192267 45.1801232619 44.9680531262 45.0930962294 44.8614904984 44.5663504113 45.1345506254 44.7297167679 44.9122841651 45.1071315851 44.7216828377 44.8294024208 44.9099292129 44.5940994586 45.0072980081 44.6084592886 44.7349104168 45.0099937164 44.8004410674 44.878654552 45.2066515015 44.577676422 44.6454175162 45.2022444548 44.5460149976 45.0617004326 44.7082333674 44.9029568959 45.040888736 44.8444836767 45.1544115239 44.5924382067 44.6953799014
45.198438323 45.1632745908 44.720978909 44.9820621706 45.0708702781 44.8415454507 44.8002798115 44.83967748 44.832333298 44.7749129488 44.931909308 44.5759425881 45.1899246676 44.6344405005 44.559835149 44.6328871683 44.5715422584 44.600042658 44.8374005648 44.5680160727 44.9919945694 44.5028884063 45.1564753553 44.9363043598 44.5102760385 45.1758072508 44.9868777678 45.0708655022 44.5829906866 44.81970939 45.12029673 44.7081121753 44.833764186 44.7942034823 45.0973834691 45.1495086974 44.5127717775 45.1462580714 44.9546689477 44.8248384134 44.7645489351 44.6761643451 44.775200554 44.5055785154 44.7464113059 44.7504726053 44.9529191061 44.7902463722 44.8467076573 44.7976084134 44.6008553123 45.1827616996 44.6305961299 44.7975362511 44.976342521 44.9278008136 45.1866470775
44.9610820799 44.8456363888 45.0407176831 45.1188870619 45.1860799335 44.5251069898 44.6044627631 45.1844358431 44.8298042337 44.8275409505 44.7368843649 44.9820964483 44.9796971966 44.7988008689 45.0933555176 45.1499346502 44.8339499728 44.5602596831 44.9546248496 44.9821851194 44.7182359484 44.5202112661 44.753702073 44.8025676752 45.0807280681 45.0620761842 44.913039749 45.2070211162 44.9990525322 44.9892998633 44.6447530648 45.1456255926 45.1643168001 45.1794037805 45.1926971514 44.873569737 44.5984922031 44.7592190218 44.7427203412 45.0859147006 44.5505761474 44.8394273176 45.0100432904 44.6198315508 44.7029662332 44.5302251964 44.646904001 44.7608598584 44.7408255395 44.8938972066 44.6941809038 44.7798806439 44.7491333385 44.6009224806 45.1803495121 44.9363610212 44.7961519004
44.6323435532 45.1274700519 44.6679715366 45.1512096442 44.6743644613 44.5987794122 44.6274564814 44.593250336 45.1285174251 44.7807428585 45.089438889 44.7002106198 44.7218793197 44.6805289583 44.9788808831 44.7884410735 44.8490321317 44.7719365012 44.857218535 44.5015417863 44.8634791247 44.8373615228 45.0237956366 44.639169644 44.8360714975 44.608787757 44.6116357965 45.0735644853 44.6808813336 44.6542475065 44.9984615872 44.8653101005 45.0115705319 44.9183359973 44.5595076453 44.9968796415 45.1538582043 45.0899583085 44.5332254325 44.9835793784 44.6793068396 44.8066203105 44.9521793852 44.8293106441 45.1810973602 44.6986130449 44.500235061 44.6064767628 44.6421251138 45.1652021112 44.8716159127 44.6550586659 45.1512262924 45.0880336418 44.766799602 44.5970820596 44.6865967492
44.8707166193 44.6228497499 44.8986287256 45.1536254712 44.690566121 45.1524502057 45.0745645619 44.8211388752 44.7810614692 44.8930181818 44.988112374 45.0818149558 44.5693758528 44.5219915111 44.809564188 44.8529133885 44.5082646533 44.510002102 45.132549342 44.5520864509 44.7895388323 45.0101850083 44.8310002608 44.5960272023 44.5384792395 44.7781379814 44.7813559962 45.0290930719 44.6009145818 44.8618786636 44.5185201812 45.0527439719 44.5073099534 44.679487997 45.1571309499 44.5761443392 45.0490882319 44.7955162802 45.1478559296 44.7503511693 44.7353186818 45.1082312608 44.9820671633 45.0062707502 45.2021825533 44.5271642216 44.8742282819 45.1160603479 45.1334383524 44.8814669729 44.6058824019 44.7277037625 44.6682109144 45.0512572831 44.8251353023 44.9986377373 44.9608213726
44.8422650065 44.5806718884 44.5457056568 45.116855613 44.8801776054 45.2025240696 45.2021220232 44.5607578618 44.6578122357 44.9536652772 44.7854436974 44.5650506283 44.9050724893 45.0788096378 45.1517507455 44.9953661775 44.7416831036 44.5713114473 44.6440349333 44.8887287179 44.7467061922 44.6366294125 44.6523355492 45.175432971 44.6941550676 44.8370005591 44.7316098062 45.0323408014 44.6069126215 44.5324965547 44.7765948222 44.9263494172 44.7687548518 44.540261031 44.6944915364 44.6979043806 44.6553275469 44.7194837952 44.6029861547 45.2069962395 44.5194819738 44.9032912461 44.5358677083 44.5855615801 45.0737030824 44.6605700984 44.8112237704 44.7584763728 44.6748766642 44.795998729 44.9805649585 44.5393794336 44.6710582687 45.1959274255 44.5811081648 45.0636879006 44.9580546148
44.7821764872 44.56462669 44.9837320619 44.5376766016 44.7545018291 45.067474539 45.1030478295 44.9751928867 44.99896592 44.9145754324 44.6733204469 44.8143682358 44.6162086138 45.0191204659 44.9603627501 44.7431123742 44.5532885653 45.0218868396 44.6593306627 45.2038956419 44.7587487944 44.791002812 45.0211995749 44.894032354 45.1558610156 44.9246416322 44.6180495763 45.1808863927 44.8859305768 44.6537060104 45.1492856093 44.8015207024 45.0653762256 44.9609007904 44.8898954599 44.6394420496 45.1483213765 44.842454683 44.5588947136 44.6880852657 44.7548741546 45.1031414714 44.9861293965 45.1335769843 45.1017833992 45.1393562071 44.6119203311 44.5773608849 45.1798723198 44.9949698526 44.9798976377 45.0923618509 44.5251208294 44.8617776405 44.5727230261 44.8185601298 45.1559151459
44.7582536293 44.6389606836 44.8649867247 44.8574922687 45.1213399919 45.0682477749 44.7521754763 45.1068283882 44.8252463969 45.2057711488 44.7667504582 44.6535371756 44.8929575555 44.6863002131 44.9114298151 44.8207552365 44.787119461 44.9280386981 44.8354703619 44.7417937519 44.556457073 44.7507972289 44.6285339903 44.9000856871 45.1536315385 44.6572385819 45.038383719 45.1078697198 44.6888652195 44.9913957515 44.8707185212 44.707539316 44.6958055038 44.7488545356 44.5482351186 44.7145592744 44.9373397917 44.7073725312 45.0078078081 45.1539768858 44.7610307284 45.0947921097 44.8655180895 45.1894791448 45.0137185343 44.9677480915 44.5814262154 44.806653546 44.9372318763 44.5001640491 44.6467973291 44.8264442468 44.7483541971 44.5392742494 45.0698725937 44.9863914292 44.8827073268
45.0180028183 45.1318063292 44.8837571475 44.8916432126 44.8405579588 44.9069443656 44.7525719364 44.563155863 44.8284115082 44.9883923959 44.5062332242 45.0340472164 45.0129023739 45.1872415316 44.8025461585 44.8628165615 44.8727552029 44.950517797 45.1694564231 45.0915501876 44.8828695947 44.7303373728 44.7813162343 45.1627261611 44.8923984536 45.0981496209 44.9468129754 44.7659269096 44.945403931 44.5824591842 45.1817581787 45.1659767222 44.5818062988 44.5890054438 45.1941132153 45.0468901924 45.112810592 45.1713182012 44.6212013563 45.2042656309 44.6245897352 44.575716371 45.0662742387 44.7865991611 44.981811723 44.891642239 45.1609958095 44.6912511858 45.1186167566 45.1917895665 45.0043498876 44.859407053 44.904633167 44.5586626488 44.5482269225 45.1412842909 44.9030757055
44.6451112686 44.8425672909 45.1285349501 44.5636766597 45.0682270624 44.9451039921 44.820181458 44.6235354307 44.7937749887 45.1856005125 44.9134851918 44.6275909515 44.9177899137 44.6396371783 45.0390567031 44.5466407217 44.9761653275 44.9266768918 44.9808487136 44.8896236605 44.8029760994 44.7733101454 44.9039011882 44.975847331 44.8814594452 44.6772025944 44.889071626 44.8030692718 45.0508956093 45.1383899265 44.8973102982 45.0356686028 45.0731042043 44.674161578 45.0133055425 44.637410751 44.8663632863 44.8384528775 44.6696471872 44.6217832234 45.0514393558 44.5226424856 44.9537663531 44.5026102734 44.9690722314 44.5884796827 44.589941835 44.7373234027 45.0967021357 45.1556268412 44.9583048012 44.5971051122 45.0404413707 44.975936217 44.9116749802 44.5168414861 44.7665232659
45.0389110471 44.5401953682 44.6957206822 44.7711048093 44.8440371334 44.6213715028 45.0126432274 45.058912632 44.8195050647 45.0982447109 44.6632175988 45.0925289734 44.7419350255 44.7512446425 45.0539258613 44.5447418356 44.8845222959 44.9001226134 44.5116452871 44.5173394824 44.7965529381 45.2066502965 44.6029419464 44.5227805855 44.8105473971 44.8441685859 44.7977293091 45.1838309601 44.5017038389 44.5149235438 45.1681982038 44.8926587488 44.7186076478 44.8824242189 45.1894785072 44.5262597181 44.7594792907 44.8580635247 44.6973131783 44.5269598923 44.8493948627 45.1035199684 44.6265968451 44.535165592 44.7710596991 45.1750988912 44.5489134309 45.1487744559 45.1749161182 45.1437824221 44.5994191849 45.0411167463 45.1704115159 45.0464829497 45.0491341724 44.5323686012 45.1707782807
44.7287867865 44.6111485557 45.1319265445 44.5553701976 45.0435444864 44.8517473798 45.2057756257 44.6383673855 45.0579984556 45.0797072168 45.1428238145 44.9492271211 45.0012141463 44.9559824012 44.5090444219 44.6154389095 45.085382611 44.8953528759 44.6732871712 44.5974161894 44.9336626644 45.0541119161 45.0557841971 45.2059548567 44.8752712741 44.7368385158 44.8895999064 44.6898351393 44.6538943363 45.1239199869 44.652851683 44.7343300852 45.1409032504 45.0044215973 44.7942706535 44.6920714788 44.7849338606 44.5810777702 45.0676736093 44.5010706467 45.0592406124 45.1865664771 44.7518078727 44.9373967517 44.9565677241 45.0703384584 44.8552920063 44.609560891 44.5625829668 44.5392527138 45.1116033341 44.863753766 44.5100127559 44.8171960969 45.0269477541 44.6721499239 44.5315346476
44.8701787615 44.8895036971 45.142119983 44.7705772836 44.6099804467 44.9293538923 44.6258160309 45.0021111214 44.5401603215 44.5750316738 44.7799408643 44.7269907629 45.0752523403 44.5917894202 44.8477636385 45.1497921107 44.7371783 44.8243045975 45.1589514623 45.0029128918 45.0445389954 44.7172595277 44.9265807502 44.5499006232 45.1501111448 44.6476875515 45.2041432903 44.6321939156 45.0257376617 44.5165411875 44.5672530354 44.5650181955 44.6484995726 44.8618184327 44.9549025111 44.6570643079 44.9843931784 44.9107856082 45.1527640869 44.9561360491 44.6242376563 45.0859002679 45.0936800952 44.9068465475 44.7224851493 44.8598789577 45.1583506931 44.8493307513 44.649419338 45.1224159182 45.0735019065 45.0750682901 45.2050803843 45.1504731285 44.5545238681 45.1823858607 44.9950699481
44.9374401003 44.7074855736 45.1387280215 44.5426002238 44.9451744632 45.0662710913 44.8820848035 44.863670249 44.5896413243 45.0222001835 44.8072467186 44.6870438864 45.0031347153 44.6295245617 44.8295575438 44.9002656744 45.1641318845 44.8138123669 44.6553149322 45.1950583131 44.9455065393 44.7023309584 44.5069168782 44.9955190959 44.9927948607 45.1611379813 44.5727191846 44.881988498 44.7258497241 44.9504010855 44.5890359114 44.8227244537 44.8259494181 44.5162990433 44.5313125013 44.5524318134 45.0667143825 44.6121470289 44.9718187831 44.7801741327 44.5228747999 44.9616062361 45.1919632834 45.0555150305 45.0864010998 44.8604832244 44.7064815404 45.0370627377 44.9045509207 44.7462275999 44.9136907105 44.7512030519 44.7592182588 45.1475945328 45.1334000358 45.1151359909 44.7931035623
44.5523565106 44.9705485212 44.9735472911 44.9022965981 45.1241998381 44.9342516276 44.8018309074 44.7586273029 44.9009719087 44.5996044709 45.0290905203 44.8070892631 45.0150118849 44.8959098964 45.2021376319 45.0843378658 44.7503934805 44.8375330647 45.0584647895 45.0516703106 44.8376210975 44.5691309672 45.0774456722 44.7221304911 45.0660428154 45.0846792602 44.7384550908 44.9592057809 45.157917375 44.9614873867 45.2046020291 45.1591672596 44.5927363485 44.8890646714 44.8161444326 45.0376006222 45.133305614 44.8632649652 44.7824053129 44.8102182817 44.8320604769 44.5248603902 44.7411858029 44.6032288596 44.6704703356 44.5100625703 44.5643095153 44.7856445963 44.5599971028 44.6939063632 44.9911113908 45.0565224365 44.7974651044 44.8299156009 44.5571614828 44.8653076751 44.6068698707
44.5960184357 44.8213362256 44.804976669 45.0527927789 45.126242665 44.8191992874 45.1036153714 44.5911055307 45.0469322284 44.523786598 44.7301705328 44.9691819525 44.5865789203 44.8733744853 44.9632110788 44.7872934525 44.749437359 45.0827902769 44.7584651082 44.9492476249 44.9638307003 44.750576683 44.8109470653 44.8099863083 44.8002933276 44.9326557495 45.175305835 44.5308856393 44.8689333968 45.1387595022 44.8137835438 44.6182595266 44.7298292852 44.5520520063 44.5234369255 44.938286002 45.0871578485 44.8853273084 44.9006380125 45.0226165927 45.1893367757 44.5397115916 45.0268799106 44.9050626789 44.842394742 45.0783682092 45.0297542648 45.0157632786 45.1834545899 45.0879918755 44.843162943 44.5000265601 44.9374894124 44.6298191215 45.0533793673 44.896309472 44.8764099525
44.7987394442 44.7257081498 44.8871497797 45.0356379293 45.1879937727 45.1376570837 44.5573260863 44.7995367253 44.6792404039 45.1814283977 45.0341135707 44.6795658052 44.5696519371 44.7131459717 44.9978058229 44.5840909146 44.5580239317 44.871431835 44.8929159827 45.1840703351 44.5826340421 45.0723800223 44.9674224253 45.1609508658 45.1677470569 44.8804974424 45.2051625754 45.2016500887 44.6590608368 44.9273517357 45.0442318133 44.6045055003 45.0135810077 45.1636887217 44.9640312834 44.563510598 44.954135995 45.040591333 45.158433099 44.9953930336 44.5367127282 44.7794941887 44.6657969837 45.0751913171 44.5208747446 45.1806419552 45.0390979358 44.9045880503 45.0073910144 45.0547786814 45.1509338371 45.1898894228 44.9648354798 45.1536097352 44.860669151 44.7872407947 45.2047375843
45.1840428032 44.9090974106 45.0388195166 44.5100816125 45.0764527209 44.779727696 44.8208986635 44.5589480419 44.8774832848 45.1162856144 44.6071383098 44.9979074669 44.9898201615 44.5753072512 45.0606077562 45.1511158887 45.1781939522 44.9934074737 45.1167723403 44.5823254788 44.772967754 44.8034379983 44.7737239184 44.730546053 45.0612828466 45.0064854458 45.0327324889 45.0045565867 44.7582428555 45.1169414114 44.8802989596 44.5774526315 44.524448933 44.5267991355 44.730958709 44.7735609525 45.1938632918 45.0658637857 45.0510815768 45.0271136922 45.0322008902 44.5055457403 44.9341520481 45.0863375335 44.5739375809 44.9659002944 44.8394259987 45.0064561798 45.1929597433 44.8732489974 45.1755338356 44.5641330319 44.7240951131 44.8247550826 44.6162086342 44.7394336297 45.1147414645
