Spatial_Output/DEC/DEC_0493.asc
NCOLS 155
NROWS 192
XLLCORNER 196307.867259
YLLCORNER 449144.565805
CELLSIZE 33.573938
NODATA_VALUE NaN
[rows 78 to 103 of 192, columns 57 to 113 of 155]
27.0492344152 27.2770162418 27.3095378901 27.2860921685 27.4871753452 28.0379277108 27.1857477179 27.3716746027 27.2689683487 28.1168511253 27.1491817581 27.9361802222 27.5064805398 27.4202316452 27.5504084838 27.1268608824 27.3307135464 27.0180753933 27.3670874707 28.0802955916 27.575389263 27.6055016085 28.1450545394 28.0661757974 28.0027520057 28.4125837085 28.3616937085 27.671310384 27.041282584 27.7358156469 27.6033473158 27.9117869716 28.2092132773 28.3380442077 27.7373209061 27.5035231005 28.2981892733 28.2265162259 28.1065202904 28.2300762312 28.1284618202 28.3288848664 28.2393395977 27.2156929703 27.7392362118 27.5919051374 27.1309660388 27.4085880264 28.0479410841 28.1898725565 28.0032282913 28.048506041 27.3983256854 27.9133868035 28.0143233432 28.1923638304 27.4546553311
27.6275260233 28.3483723981 28.040116329 27.2852505527 28.2751251679 28.250991076 27.4708664926 27.7759705252 28.3142248557 27.0333446721 28.0416074285 27.0204599753 27.7451228642 28.0443135503 27.589887849 27.5670732232 27.9662061883 27.2942806907 28.1152943643 27.4446133932 27.1532504229 28.1217802795 27.2721225169 27.5816109221 28.1732623585 28.1964770782 27.3697784783 27.5852825814 27.2952032651 27.4621932822 28.3607379856 28.2065004181 27.2854283705 27.695679545 28.3852751999 28.2305451863 28.3038430783 28.4100552969 27.8459293545 27.1301963149 27.9806374076 28.3850063795 27.5920002147 27.5315146305 27.6739821653 27.2979944099 27.8456472754 28.3925040837 27.8054389544 27.4508629554 27.782021487 27.860192488 28.1129225241 27.1627938832 27.5816079652 28.2004191142 27.871066483
28.1313458027 27.6153980861 27.4469807143 28.0008795549 28.1301890138 28.2537742954 27.5047822036 27.1951833843 27.5372499723 27.0687713457 27.0290980209 28.0954019677 27.227033289 27.4064248326 27.986058735 27.284472669 28.0650913683 27.8633428909 27.729297955 28.1715658035 27.1366083748 27.9498343098 27.2632363507 27.2211778563 27.5085470171 27.0412396503 27.8132095673 27.2002619252 28.1231839932 27.8589510598 28.1355368936 28.2352097076 27.0106752425 27.5634020922 27.8435294942 28.2727862278 27.7271901209 27.1875098541 27.5822538406 27.0341247969 27.8791894647 27.8377784129 28.3043081182 27.5972790681 27.3901179085 27.9017135817 27.5863172852 27.1033102363 28.3136732051 27.1546690136 27.7926311036 27.1759044573 28.2856536854 27.0310281527 27.6289188649 27.4123123158 27.5846940754
27.4492133022 28.27094074 27.366067075 27.1033146278 28.140202753 27.1854309282 28.3661113115 27.7633239791 28.0394498152 27.6101756391 28.2247782976 27.6629403146 27.2042708724 27.3878129705 27.0250745997 27.886917058 27.8733787006 28.1199199869 27.9321591982 27.2033620278 28.3357346193 27.3736449623 27.1710409213 27.7962129897 27.4018310523 27.8876605188 28.2169131885 27.7035033032 27.6317517789 28.2021914562 27.2563427692 27.9199552023 27.1261657367 27.6743328335 27.0509056643 28.3776528384 28.1063631088 27.373530265 28.2537275904 27.1026808394 27.6611732347 27.553962608 27.0873288976 27.9843835248 27.3221800597 27.4465454949 27.6895942266 28.245881269 27.7178236381 28.2543082297 28.2636918782 27.9679888913 28.2785589867 27.6702868049 27.6528361415 28.1832008857 28.0377919452
27.0436584858 27.9067297025 27.1810683672 27.3325055051 27.7165876653 28.2928829061 27.7673035893 28.4047920399 28.0656193906 27.3984147108 27.0306416694 28.1571824731 27.8906539357 27.4981935502 27.2672498147 27.3310306536 28.2867520187 28.2695744312 28.0859483787 27.5240026242 27.9185487925 27.8105117483 27.4498955205 27.6316746283 27.1167889799 27.1213273397 28.184470649 28.1721898187 27.4620993648 27.1782659198 27.6183469132 27.9137271507 27.8342409627 28.2371566775 27.5764288015 27.4574048447 27.9942096804 28.2486905266 27.3906105163 27.8877829536 28.0668671996 27.0030834986 27.95162447 28.3299134092 27.939670372 27.4173773961 27.5630451655 27.1336333856 27.1376016523 27.1840525948 27.7105225831 28.07539976 28.3096283881 28.1896019167 28.3904061533 27.50239805 28.332093307
27.7331724692 27.0490249777 27.4973331067 27.8039252501 27.1027674165 28.0513064855 28.2066261439 27.0678533946 27.0577007141 27.9323374155 27.47471873 28.0994470433 27.4575195381 27.2029634511 28.0540153993 28.3403424067 28.2743974075 28.2767747003 28.2275851558 28.1479281094 27.816325832 28.0789496618 27.1884460859 27.7202947376 28.2181609994 27.8595538498 27.1122939767 27.9961070922 27.0280273591 27.4911928642 28.1423257591 27.3120768378 27.1080178884 27.0189188378 27.7989185724 27.7104471217 27.7484511381 28.208320763 27.0034685163 27.6218478697 28.1482063056 27.4774190724 28.1380395782 27.7833407905 27.9791356299 27.4380841717 27.3567921616 27.6259023564 27.3011248608 27.0886318128 28.1757456067 28.2881277105 27.9507860693 28.3202249366 27.202093071 27.6278779455 27.1616899682
27.2947247622 28.399850116 27.5965959898 27.982407732 28.2980774623 28.3794620188 28.321229755 27.0553982931 27.0594612945 27.2092781803 28.3080526416 27.2330299552 27.1053117934 27.9990698855 27.7195743009 27.605666863 27.0177239366 27.9128023938 27.6507110965 27.8758981929 27.9678399665 27.8578571602 27.9829066393 27.7249982124 28.1221863047 27.8155749085 27.7119031895 27.1817858786 27.1950255212 28.3059675662 27.1418181732 27.9905568219 27.0019067269 28.3784686981 28.18422316 27.4682264371 28.3814359026 27.9294842786 28.0126121957 27.9773114778 28.3802119027 28.1653930187 28.2216329503 28.2790379987 27.7730498729 28.2117438843 27.832476089 28.1902610872 27.2747410902 27.1794416918 27.246534954 27.2989984242 27.6684090697 27.1349810933 27.0442326423 27.7828655256 28.3075004276
27.1038271764 28.1150378506 27.5098182456 28.041167105 28.3163636575 28.2927690189 27.8589630892 28.0271953135 28.0634764836 27.0789051693 28.3795259379 27.1894994255 27.2297592125 28.3910982487 27.799041716 28.3119622598 27.4377523134 27.2969507653 27.8511714847 27.6085438277 28.0787838483 28.0509920688 28.0040212429 27.0167548463 28.3567052072 27.1004521085 27.9241216632 27.5430972121 27.4923847351 27.9615145131 27.8410024727 27.2745200472 27.9116834815 27.2991603029 27.183804052 27.7244284612 27.4710377113 27.946459436 28.3446875749 28.1770404327 28.3174104373 27.5440072382 27.1049691223 27.3290587029 27.4722232165 27.9934112017 27.6173693595 28.3373427364 27.0799027407 27.317658721 28.307546976 27.4940743511 28.2267169145 27.3247809804 27.7646851526 27.976983024 28.2761735445
27.776898083 27.4978442143 27.9675516066 27.1040380837 27.5018454039 27.9405725997 27.1480994357 27.9489308623 27.3387036571 28.2516904721 27.8964568429 28.0154075591 28.2315212777 28.1971157336 27.5294288276 27.9325145616 27.3013701421 27.3945515571 28.110989191 27.0630706606 27.2368564156 27.6438008079 27.5148114294 27.1730197889 27.3009972759 27.8766263709 27.3428007797 27.6036997608 27.5354973583 28.0630095176 28.1318201898 28.3004611446 27.288037494 27.07698923 27.9911553386 27.4091815621 28.059473144 27.2870750117 27.0255467778 27.3064220805 27.2261231795 27.6956708022 28.408556703 27.0412268409 28.1906512369 28.0182988835 27.4016001385 28.3437293118 28.0266454905 28.351802509 28.4126180366 27.3481002459 27.7946525594 27.8183914127 27.0880656141 27.2164001274 28.1931707606
27.4877129712 27.8245765434 28.0348373113 28.1868449086 27.2558494566 27.0783935185 27.5838730127 27.9912291229 28.3562204967 27.1441738378 27.3609551974 28.3563214769 27.8629600999 28.2400015079 28.4096869575 27.9834175566 27.5620976373 28.3451290673 27.1111838441 27.6548379155 27.3378920112 28.1290831253 28.1274863682 27.6696444501 27.0436295853 27.1542353451 27.6583171462 28.3041142315 27.7603287943 27.7836208972 27.4060914911 27.3632222534 27.7642984461 27.56044676 27.9547575181 28.3396167635 27.9348004492 27.9271811168 27.9014593141 28.2769724429 27.4691125588 27.9661768702 27.9703188989 27.3572136566 28.0308644521 28.2093122219 27.6518379244 28.0681258812 28.0988216048 28.3083840192 27.5850588627 27.3728012776 27.7106243164 27.6664268682 27.2402167417 27.0916754924 27.4891560764
27.4862749724 27.1589546232 27.3017656081 27.9066449888 27.1943532198 27.7310329771 27.4695985538 28.2522741361 28.4091985082 27.8304619729 27.0466562283 27.4467839733 27.4212552147 27.4874660198 27.8722344129 28.2864069908 27.8377529819 27.1461429716 27.3166347448 27.8757222525 27.4842105876 28.1014500297 27.0045941926 27.1295052923 27.5970158505 27.426886029 27.5678528227 27.6565861634 27.1478048778 27.0657503845 27.8453466941 27.4972296021 28.0634271679 27.1784476732 27.323887033 27.1490106616 27.2898742158 28.1617729157 27.3803367096 27.7387170173 27.4951180633 28.3478030339 27.1888685104 28.4040357647 28.17080301 28.2344265946 27.4717814191 27.7768621961 27.2308618902 27.4199751114 27.7731840228 28.314729261 27.6534354135 27.7213609959 28.0619039392 28.0388657822 27.9732638161
28.3906759824 27.644855539 27.9122328516 27.2112644187 27.2712382173 27.0770227628 27.5142045007 27.8937522928 27.5742735055 27.0088554965 27.3935514085 27.3754028977 27.5310847959 27.6650477359 28.3780092707 28.3868556849 28.3617525517 27.227354573 28.2903195447 27.4812666546 27.9091303563 27.5570134248 27.7771963448 27.4541889615 27.860252165 27.466769646 28.0928158701 27.9899187016 27.4510367102 27.046764138 28.3039977861 27.4567050682 27.1455143307 27.5240243376 27.1051831894 28.0834429596 28.3955267025 27.8985269714 28.1146078619 27.8910683254 28.3323626911 27.6894144817 27.3008759769 27.7806967411 27.5409209015 27.5009228566 27.6000327231 28.1901828658 27.3563370417 27.3647483064 27.3457676522 27.7116623454 27.6818908148 27.9740748221 28.0486408544 28.0324922186 28.1540035781
27.380982805 28.0603099241 28.202126989 28.1345378939 28.307067656 27.2316404745 27.9098053151 27.0975242668 27.9516893616 28.1953229166 27.1033303335 27.0941924176 27.5216001694 27.1526469174 27.0828817012 27.2297682615 27.6260627399 27.9651386261 27.9997084171 27.7402285898 27.4496501245 27.6963982495 27.706381198 27.4700929744 28.1326908194 27.6306669729 28.361711764 27.4125129628 27.5766351695 27.6127798451 27.7450425737 27.1063516107 27.3873035699 27.4594081772 28.1540206987 27.3773670902 28.0567751994 27.4743660812 27.7171219352 27.5676430834 28.1986988361 28.3628873501 27.1639316807 28.2172139696 27.7053327977 28.1535647428 27.737493501 27.5204390479 28.0358927148 27.322720299 27.0536887512 27.4808657765 27.532814134 27.2779818286 27.4142953937 28.2455025403 27.5010586351
27.8668904933 27.660899413 27.2208337364 27.9800275187 28.0604034483 27.205211503 28.1530657559 27.6427238258 28.0655844059 27.8098050792 27.1638863811 27.49850671 28.3467971589 27.3571938691 27.2510719547 28.0375108279 27.2601551574 28.2343772882 28.0912508397 28.3279328657 28.3691838017 28.0584005367 28.1701186556 28.0916636087 28.0246588262 28.2506023154 28.1200297074 27.7843214106 27.9775691245 27.8943566359 27.5812136007 27.0016394909 27.899104122 27.3883777684 28.2363772627 27.1906212885 27.9656395907 28.2404706106 27.5789293527 27.932950639 27.5688345044 27.8711257531 28.3032513112 28.0347188947 28.0146573247 28.0789296624 27.5526579447 27.7532832825 28.1248289414 27.9370978371 28.3099585596 27.2811991702 28.1129492505 27.220877035 27.6061406454 27.9169651451 27.6010776219
27.4824623991 27.412098415 27.6285149486 28.1829799802 28.2903331816 27.8796304668 27.9917735277 27.5534102954 27.3264256442 27.5574761325 27.1624107164 27.7035477371 27.6936011739 27.6375210094 27.0493627985 27.1968772306 28.3700413186 27.6084801522 27.9700168852 27.5688375616 28.259474564 27.9034695466 28.2542081424 27.232924692 27.6571075735 27.5763693898 27.6195851804 27.6118338457 28.1801517938 27.7497157566 28.3005070257 27.7461366296 27.9834887217 27.2236081974 27.3452235594 27.0178598308 27.5339193745 27.2882707468 27.680918596 28.0364192676 27.8216982901 27.6160638586 28.2815672121 27.80214998 27.9352536018 27.1488195136 27.0157813534 27.08575164 27.1006533283 27.0769898947 27.6844783412 28.0545041944 28.0370279078 27.2930423797 27.5758590497 27.9943422103 27.8844317223
27.7848842623 27.6348247727 28.0712579362 28.4009276324 28.1806553668 27.0014549548 27.1411951189 27.8097564782 27.3909724002 27.9349664985 27.8151528127 27.6636012204 27.3059321868 28.2472735316 28.1355742886 28.2474080838 27.5672630804 27.0540121086 28.1768096591 27.8876184167 27.2652652949 27.521903708 27.3391135798 27.7400139828 27.7821397084 27.5679144439 27.9267591673 27.5095081229 27.5259346274 28.2332305535 27.4038895842 28.2622828513 27.5712133849 27.7515304404 27.1139588746 28.3686017044 28.0001614059 27.6101833017 27.2469372051 27.1312793253 27.8350188369 27.5668078679 28.269936816 28.1654292428 27.2064001138 27.9443360129 27.9653138682 28.3549858354 27.4041908996 27.5051255166 27.8044834532 27.7858412955 28.1817580594 27.1360083373 27.041073549 28.0409837491 27.4820641157
27.2632255894 27.0378262847 27.3266175145 27.7157302376 27.888304618 27.2086823166 27.0506047178 27.3506607102 27.1767966898 27.2576331556 27.2146884728 27.6312297077 27.3424533109 27.0361435768 27.5228479162 27.0714599284 27.3934463732 27.2416686232 27.6053559429 27.5584141249 27.3025164572 28.1821840544 27.2671316674 27.8515549071 27.0899538292 27.3564331259 27.8509062173 27.9693494335 28.2433687432 27.6068662821 28.248161895 27.6710297305 27.5512769029 28.3226471624 27.6183072317 27.2470826535 27.4174837166 27.7313328403 28.1253744801 27.9595996974 27.024883343 27.1933874285 28.1884271754 28.2898793376 27.1436504582 27.5647129662 28.1462637971 27.8421212051 27.2009715528 28.0421154823 28.0350735534 27.2063747529 28.2670572108 27.4429264943 28.2055060651 27.6154951791 28.0720561377
27.1061757216 27.4911197788 28.0971830836 27.3473286567 27.1304975573 27.9024444947 27.3452321078 28.2623802019 27.4569466937 27.0513199522 27.4108370188 28.2482587286 27.4797312229 27.3549245656 27.1063716093 27.8027364344 27.4851892332 27.9089487755 27.8937441082 27.1010942747 27.1328844473 28.3727054473 28.1932961687 28.2406137537 27.0156540497 27.244255989 27.0966871655 27.2357508924 27.386619073 27.6418418941 27.1974580334 28.0684010122 27.0221513342 27.5218059467 28.0061232989 27.8143000548 28.1251217524 27.3376833023 28.1879801362 28.157245428 28.1085806595 27.2882954477 27.1593676675 27.2340067318 27.3396314033 27.5554194442 27.492792072 27.1913365888 27.3009088817 28.2370265829 27.092496652 27.3956983027 27.2341641978 28.0962522413 27.8477700238 28.1915622558 27.5193814758
27.7137014538 27.0081780183 27.807352537 27.5888557094 27.5500346957 28.1525915495 27.0963052543 27.3058009859 27.7063408146 27.5158246071 27.6016767401 27.5079071153 27.1161437141 27.2147700503 27.490418147 28.3571243834 27.5790588825 28.1425780297 28.0938811185 27.9858124518 27.5999239127 27.6739196301 27.49591917 27.6673344374 27.736227532 28.2648664918 27.0352115095 27.2809340557 27.8142816259 27.7976142183 27.3053759428 28.2043486327 27.7969849979 27.3719354316 28.0005015399 27.4834816259 28.2195740564 27.1210510319 27.4446076931 27.2354018379 28.0491361259 27.9763385144 27.1828079431 28.3347498431 27.517263943 27.4958222412 27.6974626821 28.2544798357 28.2295626433 27.1670523945 27.8037235426 27.1787819905 27.7353068386 27.4006747882 28.0527071179 27.0097176159 27.1969445195
28.1090076515 27.9294956136 27.000922526 28.0049808972 27.119729565 27.5023041461 28.0469754394 27.7561417214 27.5320665076 27.428667731 28.112935743 28.4051973354 27.4703955975 27.1380704228 27.165957942 27.6817107988 27.2043231294 27.1217783625 28.2958192184 28.2710538759 27.070332151 28.0500769402 27.2608691177 27.4612721815 27.7557516136 27.9055298929 27.7356861151 28.0706561639 28.394233003 28.1771320678 27.7565448241 28.1671187516 27.3832686875 27.8217103874 27.5471461041 28.3867116512 27.5656465031 27.743599319 27.2396077699 28.1935054578 27.9394973123 28.1173104921 27.2673211071 28.0929479091 27.7661161908 28.1157598586 27.8407421298 27.4320555873 27.567049438 27.1558751262 27.6349728917 27.8904532232 27.7113576375 28.3007272387 28.1222990548 28.2628462311 27.4632636077
28.2411066485 27.6982287861 27.7972957605 27.632238882 28.1400181107 27.9894231674 28.2035837924 27.0458984804 27.3963229972 27.9639507522 27.5075425754 27.8703741757 27.4581882672 27.7034304838 27.2914217999 27.6357850719 27.6141246904 27.5303661689 28.0591830473 27.9017437087 28.1929562276 28.0032225762 27.7311139577 28.125720148 27.6206464592 27.979776441 27.2116250452 27.9020981409 27.2869297763 28.0192781127 27.2213191052 27.844096413 27.4025762332 27.2410101025 27.0171679765 27.9722064092 27.3690064706 27.7953054061 27.780740534 27.842282439 28.0183342775 27.0961918359 27.8309222933 28.321103392 27.4626899936 27.5832461828 27.6821149004 28.0877355042 28.2641623334 27.8073321001 28.3717534169 27.8760795229 28.0640802058 28.2353347454 27.2045264095 28.2013642614 28.1481720139
28.3653380917 28.1498185588 27.1152757766 27.266365849 27.3794456713 28.2088314855 27.8494115401 27.8427948782 27.6295599463 27.342761871 27.542622847 27.4316546454 28.1966969234 27.2433311915 27.2363881823 27.5648079547 27.8084531089 27.7058650867 27.9091491223 27.8370760194 27.0555791022 28.3665429457 28.3619781136 27.838973001 28.1193436989 27.0025215554 28.3983770747 27.759756852 27.324520068 27.509067183 28.3490030771 27.4178872732 27.4963129565 28.220714121 27.7852081396 27.9755617933 27.6781793192 27.6900726438 27.2312709053 27.8348291637 28.4027136464 27.7912601268 27.9877402889 27.8651117201 28.0764192119 27.950602538 28.2338769295 27.6331148863 27.4023360929 27.4445165749 28.0731101642 27.0923630693 27.4510752106 27.7268031798 28.4001664785 27.4134697873 28.2817416303
28.2627207681 28.1457348744 27.9831116101 28.2271790173 28.121446779 27.487264017 27.7458950029 27.6896739716 28.0755574723 27.6555096214 27.1827523992 27.788798958 27.5745385872 27.3281907964 28.0983105063 27.1319076364 27.3431740417 27.2901604272 27.6538574313 27.2156117451 27.0848119264 28.1992773135 27.058822296 28.1804078775 28.2845495626 28.1547143116 27.0488594331 27.7775352336 27.6394722246 27.0099714375 27.6075516408 27.9127663729 28.0833732991 27.1324201217 27.9058501812 27.3011039669 28.2631280859 27.4050553922 27.4759254901 27.1926097456 27.9415095924 27.0816757216 27.0213774552 28.0677313218 27.75617892 27.6574320647 27.5436319571 27.6352793748 28.0602145986 28.3509208863 27.7394860418 27.8161834598 27.5986650554 27.2015136083 27.5348591482 27.1461266992 27.5106592729
27.2106473594 28.3802372276 27.700044572 27.2921330235 27.6642194727 28.1573513127 27.3270415869 28.1661743433 27.1323393402 27.3721452704 27.1874788309 27.2236494223 27.9839001303 27.4571947452 27.9335934478 27.5126916819 27.9797923329 27.8924666196 27.8039294033 27.0792849574 27.0592034284 27.7078788972 28.2400710967 28.4091608884 27.607320063 28.2006967901 28.1582103923 27.1163965852 28.3322387935 27.9945105446 27.0449463527 27.7624912517 27.2922747438 27.0479818413 27.9498894932 27.4699625456 27.708318175 27.0197932791 28.4105680475 27.8902219158 28.3814188112 27.6632219739 27.1539285419 28.2106455292 27.5940785318 28.3498863693 27.5344405809 27.4516861897 27.0430705083 28.2547559839 27.7402773028 27.282199125 28.3558454832 28.1497569399 27.5418719376 27.8060466417 28.1224474332
27.1739029527 27.1470820443 27.1198619914 27.9887892735 27.4497490556 27.1064552051 28.0216922299 28.3712089174 27.0547469101 27.0167312716 27.8627989634 27.2957063755 27.0284667516 27.6166867128 27.1875546566 27.3819934149 28.3988329176 28.2877373633 27.4026692825 28.0955044257 27.4509343098 27.3606275104 28.2019182181 27.6070099604 27.3064078683 27.2995209775 28.0008091095 27.2519677148 27.9217172091 28.3640696492 27.2321326996 27.1744554296 27.8514419956 28.3101832962 27.9738993958 28.2374923188 27.0022197446 27.0106149485 27.3291873575 27.8586126307 27.6492432754 27.8871659898 27.5065190374 28.2278518261 28.1283734455 27.2927600056 27.9290815615 27.1100346063 27.9370865513 27.1675773534 27.8170581174 27.707267033 27.6718496056 27.0875352254 27.0716242674 27.561182166 27.5772773041
28.184802946 27.7496907164 28.383080327 28.0772969315 27.3008709379 28.1894884999 28.1781022137 27.9321313241 28.3841507105 27.4062557878 27.5168213271 27.5050131087 27.5530937755 28.2969474978 27.890096953 27.9095439007 28.3168875797 28.1986822515 27.3059956241 28.2911623214 27.5716040086 27.4520081093 28.3295294466 27.1664722451 27.9244774648 28.344942972 27.7199909391 27.6547480491 28.1667926973 28.2607333046 27.428707723 27.2065216939 27.1958835134 27.4418296138 27.271764729 27.2881576156 28.0738053412 27.5228749137 27.4315415236 27.525628433 27.8856737255 27.561388585 27.7056251709 27.5160705753 27.4204645753 28.2338014831 27.0542739612 27.6349696693 27.9553202652 27.2542954246 28.2874220908 27.1640010257 28.1857722393 27.0694674753 27.1752063159 27.6942985884 28.1982626856
