Spatial_Output/DEC/DEC_1418.asc
NCOLS 155
NROWS 192
XLLCORNER 196307.867259
YLLCORNER 449144.565805
CELLSIZE 33.573938
NODATA_VALUE NaN
[rows 78 to 103 of 192, columns 57 to 113 of 155]
32.9609855815 32.5244384416 33.0578217779 33.0555205094 33.1140105296 32.5472750345 32.5742816185 32.8291397286 33.0950084004 32.6891584155 33.0707600427 32.6297572102 32.5757420112 33.0895268568 33.1218710689 32.9553645548 32.6384482102 33.0876088558 32.5951189889 33.1051635548 33.0140594692 32.7970995293 32.8156935893 32.5099184298 32.6485850659 32.5209537024 32.972726373 32.5441530037 33.1631588094 32.7489385676 33.0177388662 32.5261861085 32.6619359786 32.7090859006 33.0237329421 32.7489432862 32.8029493764 32.6999353693 32.8189459516 32.9940139839 33.1252633543 33.1664921823 32.5286148428 32.9884233663 32.6598090361 32.7452856331 32.8930799198 32.9211638642 32.6057134427 33.0043359869 32.6124475906 32.9263444398 32.5320123622 32.5937788086 33.1791723324 32.7609190518 32.5705813661
32.8937491428 32.5237938345 32.8164078638 32.9124232987 32.9997456193 32.8533712143 33.0777158662 32.8027023047 33.2058657921 32.8536182666 33.2013463971 32.7084424257 32.8999982179 32.9162338409 32.766479689 32.571164658 32.7454331001 33.0736863874 33.0070603928 32.97077581 32.881148795 33.1556634795 33.1898293241 32.5455302929 33.0683339398 32.5244746552 32.5517696719 33.0239746789 32.8612067779 33.0610610333 32.9886815808 33.1481537961 32.838251874 32.674135837 32.977225825 32.6487382427 33.0911230876 32.5104943023 33.1772822783 32.6385054804 33.1087443122 32.8381646893 32.6672349023 33.1787426498 33.0228064625 33.0750121694 32.7367246664 32.9653353403 33.0252857091 32.6473659689 32.5104208875 32.8121857382 32.9064514113 33.1398549117 32.5442964573 32.7477801419 33.0505801623
33.0654919047 33.133340663 32.9778550335 33.1692391 32.8730810006 32.9000806416 32.5205622979 32.5780464523 32.85288167 32.9579159562 32.8011302116 32.8011740814 32.9604972043 32.8304356266 32.5392647782 33.1493866355 33.0833156226 32.5313594491 32.7142255063 32.9031976528 32.8020493107 32.9772222914 32.9522240076 32.6248336538 32.8147122299 32.501664894 32.8857685056 32.7756180882 32.82583935 32.5156804494 33.1015199622 32.8540697215 32.6284574655 32.9872500747 32.8968436263 33.1127737869 32.767251336 33.1758190187 33.1546068257 32.7999470097 32.5482454026 33.1238423524 33.0755348059 32.9436126782 32.8460948904 32.5835196891 32.7770723904 32.6031311942 32.7344159896 32.7065772213 32.8140561923 32.6511321782 33.0987398992 32.8344890393 32.7127671963 32.5452408821 32.8545496374
32.5597482186 32.7457964978 33.1951194766 32.6552270871 33.1878085569 32.508626 32.8542813134 32.6040265117 33.0721235696 32.631005581 32.7657151839 32.6685330808 33.0832884213 32.7699536823 32.5290569397 33.1605747224 32.9459200481 32.615980596 32.8052314008 32.7521966138 32.8704422441 32.606914364 33.0733406435 33.0492682184 32.5821736087 33.0118229058 33.2053467665 32.8778745858 32.8463306368 32.8752749791 33.1255681213 33.126482029 32.5433082208 32.501313676 32.831002256 32.9855687321 33.1173312436 32.5297254485 33.034110332 32.8256702888 33.0446810192 33.1345709393 33.1580831654 33.196817933 32.7113443233 32.786212504 32.7777593648 32.96961397 32.5234496835 32.9524624993 32.6176700931 32.8470234004 33.0535606145 32.5090961947 32.9030161853 33.1878334 32.7485759709
33.1213957873 32.6583074682 33.1354604499 32.6814206184 32.7693061548 32.9069773186 33.029306045 33.1007583164 32.7185785912 32.930040336 32.7988004706 32.6058707306 32.8280016461 32.8772631727 32.5874829656 32.8241144039 32.5565291514 32.9881840428 32.9854876309 33.1121216147 33.0323620696 33.0803078798 33.0897152747 33.1617657775 32.6655499848 32.9638195882 33.1179634077 32.7484498794 32.5096994169 32.9605407372 33.1608242155 32.8670745204 32.5979691793 32.9172633726 32.81035766 33.0168352095 32.6379472759 32.7678210872 33.064571694 33.086111482 33.052399097 32.5855070544 32.6796968898 32.7783698885 32.8612098372 33.0611972673 33.0220386467 32.6886840443 32.8908044031 32.5039213139 32.8541278724 32.5211403727 32.8123582267 32.810887011 33.1210498979 32.9197151462 32.5677802427
33.0287651155 32.8999825739 32.7819915591 32.5258405624 33.1117675666 32.6831351855 32.7514044228 32.7132968705 33.1684449923 32.8199306145 32.8301696838 32.9317711463 32.9578211658 32.5651731209 33.0756148401 33.1513959405 32.9577695852 33.1016443111 32.8681980655 33.1348086783 32.6194123794 32.5359865371 32.8830029899 32.641491082 32.9711218915 32.6580133536 33.1768952691 33.0906697102 32.8971265191 32.5675166243 32.7927555566 32.8712640691 32.6187823108 33.1838683449 33.0758931896 32.8219701939 33.0287072578 32.9272275778 32.6594795596 33.1630880384 32.9353493928 32.8884508855 33.1829166054 32.7818117321 32.5995868022 32.8293060637 32.6037120368 32.5361673839 32.7317952804 32.9537699441 32.6178074142 32.6673963716 32.5721133416 32.632985298 32.6288245264 32.5857572964 32.884838937
32.5462990782 32.646766036 32.9783355225 33.0731497016 32.6882410919 32.6574875287 32.7519006279 33.0478591667 33.1844586985 32.5893053784 32.8819908934 32.8166274299 32.7519343532 32.6705310897 33.1919361221 32.6990695849 32.7344815728 32.8419062764 33.1410440863 32.793987254 32.8615882547 33.0231599568 33.1943323983 33.1543869644 33.11118627 32.799145351 32.6553829273 33.0224515242 32.9747801356 32.592735937 32.6934181207 32.7007617062 33.0683931143 32.551860077 33.0464049594 33.0469547227 32.659904291 33.0080502098 32.8557240394 32.9855764634 32.6983096162 32.952783003 32.9512529671 32.7885291033 32.6986914369 32.8744597317 32.7404510772 32.8832312901 33.2024686356 32.5143859059 33.152888643 32.5159296805 32.9124594084 32.9617023013 32.5584587023 33.0745999011 32.9526931901
33.0457500316 32.6073794704 33.0353304001 32.8194359905 33.0907741591 32.9992984083 32.7944129205 32.9029831271 32.7402050102 33.0320648622 32.7322788148 32.7144862203 32.8385758458 32.6401725529 32.9833011009 33.1174064057 32.9396007024 32.9933458986 33.1421716219 32.8757437895 32.5470291632 33.0144177195 32.7712158502 32.5292318121 32.5730925312 32.9885577 33.1640592837 32.9829181004 32.6124839883 32.7289375329 32.9513112886 32.5834406193 32.6320374026 33.0439095719 32.6284028116 32.6452355875 33.0123470617 32.896857033 32.8460476797 32.7964107091 33.1415984331 32.5059273165 32.8932650258 32.6719707974 32.9245153667 32.9042909623 32.9827823025 33.065639618 33.0883011591 32.627294303 32.5204309076 33.156017576 32.8084466442 32.8151703948 33.2011432187 33.1780772954 32.68127279
32.5843618428 32.9221591214 32.5561385537 33.1945947905 33.2022199795 33.1635788456 32.7150661442 32.8893503865 32.8972907611 33.1777636508 32.7653219296 32.5344047941 32.7452896472 33.046246597 32.7332433606 32.601177279 32.815919831 32.6583351921 32.6420741665 33.0499408125 32.7733473138 32.7985468798 33.1114355912 32.7095405686 33.116892017 32.8116991488 32.7839365086 32.5727431995 32.8335227403 32.7876419425 32.8566378487 33.038240288 32.821317325 32.7740871849 32.8105624308 33.0123504151 32.5791343976 32.7411603147 32.6159530314 33.1154668301 32.6310801329 32.6451510249 33.1724653569 32.7181027094 32.7776351637 33.1388087102 32.6813767395 32.6768863677 32.9336222319 32.9735909623 33.1626855941 32.5642552435 32.9081776094 32.8807760305 32.9280463534 32.6468288216 32.5852928051
32.8257032252 32.5906592181 32.7767044817 32.9572381316 32.5203208648 32.8609934436 32.5248100223 32.9656369775 33.0238769975 32.5620757491 32.9597508777 32.9139844601 32.7345985916 32.8715025157 32.6600925303 32.7150519539 33.2032301594 32.6421773497 32.675937276 32.7281552348 32.7419947712 32.7092142035 32.5383632965 33.1440740821 32.6354645692 33.1665391342 32.6612225549 32.8038753369 32.6020177152 32.5124356269 32.5895858729 32.7124301672 32.9794086887 32.540714795 32.7213911431 33.1018423278 32.646622287 32.9565761687 32.6289059567 33.0340133617 32.9213699649 33.0443983744 32.8147152365 32.7080244906 32.8012212979 33.1196352505 33.0738847294 32.9548294254 32.7075805118 32.6532584236 32.6619738887 32.6855021714 32.577535148 32.6810966566 32.6235532065 32.963957565 33.0721637943
33.0362276903 32.8969785926 32.8739066525 33.0116055077 32.6464032794 33.010465269 33.1253238025 33.0640129506 32.5088849516 33.0885150773 32.6137369918 32.8114595398 33.1863983354 32.6704377826 32.5048498156 32.5857573164 32.7448773224 33.1775949833 32.9267190647 32.5570696779 32.7283405911 33.0466665859 32.5149229572 33.1200396788 33.2044383147 32.5073919674 33.1058542787 32.7303787497 32.9312132495 32.5591691617 32.5192919121 32.8730836055 32.7292080546 33.0137166935 32.7678374055 33.0471836221 32.515662719 32.9951409663 32.8680100354 32.7564885259 33.1127338833 33.0381983254 32.5045598903 32.9988566387 32.5036011136 32.5895450258 32.9864463323 32.7331440258 32.5477752952 32.7835878049 32.6535660522 32.7397933902 32.5080395756 32.8879743524 32.6672044146 32.7720870617 33.0907562627
32.9751410785 32.567825027 32.709125919 32.917192085 32.5852367766 32.8756129749 32.9523918007 33.1756691948 32.5404468941 32.5814726673 33.0984556106 33.202821197 33.0455329681 32.8821870626 32.7187543539 32.5224742311 32.9006550842 32.5997324124 32.6520975077 33.0077449994 32.7592448267 32.6398432274 32.8863708033 32.9574066454 33.0500490046 32.8596519423 32.5017177335 32.7346050092 32.5568732414 32.6772677562 32.991312562 32.5309733805 32.6915662312 32.7723530332 32.8697309501 32.8279800852 32.5097528127 32.8253702432 32.9964496712 32.8158482509 32.8030013539 32.9886253686 32.9091940203 32.6659007656 32.6853621696 33.0665592827 32.7939471431 32.5647563302 32.7718637202 33.0219017986 32.9403923001 32.6817840387 33.0996496978 32.5960313632 32.7950723642 32.6298971291 32.7234635459
33.0565847644 32.9536325616 32.8820013348 32.7276830348 33.119921528 32.5701857022 32.9730160936 32.8549482088 32.5507712059 33.1939901272 33.0992857531 33.0650052141 32.532108644 32.9872704271 33.0047147796 32.86004942 32.7434352068 32.8307634315 33.1210187316 32.7553697345 32.5068180604 32.9949733528 32.7472064421 33.1980794971 33.1469800035 32.8933850798 32.6559754299 32.8742772294 32.8373493812 33.0297526446 32.5508808514 33.1714106331 32.8955085441 32.5787150141 32.7697510189 33.1283596496 32.5037411678 32.6768221275 32.662633212 32.833911092 33.170097779 32.6348008167 32.664026483 33.0008846516 32.6882439873 33.1052532235 32.965034227 32.5722070962 32.9649870135 32.9917858035 33.1392337011 32.5502652962 32.8389199204 32.6026056698 33.2057181923 32.8598490422 32.8356900304
32.590606446 32.5792795121 33.0302297145 32.752949273 33.0807602887 32.6276809142 33.0305246952 32.9264232553 32.8042924131 32.8094598283 32.5734227891 33.1946524347 32.7935179894 32.6278406004 32.9835660602 32.5678918965 32.896474945 32.5641505179 32.8984447068 32.8118608761 32.7906822567 32.6746882287 33.0760993101 32.710938539 33.1243987044 33.0911721499 32.9298784098 33.0402268507 32.7962760074 33.0332620557 32.956270297 32.8277609241 32.7774910428 33.0489551151 32.6536244967 32.5377987245 33.0116142684 33.1831019073 32.6110007828 32.7966625758 32.829959864 32.9929374173 32.5867948846 33.1474095936 32.5466019886 32.6499236556 32.9665759491 32.7097623886 32.5676707668 33.1183313607 32.6715461427 32.8622448017 33.0443832091 32.613841434 33.127629974 32.8729054558 33.0185893763
33.1704435625 33.0464483761 33.1556782246 32.5159773283 32.9953620947 33.1425373111 32.597223111 32.9996980024 32.9120417698 33.1398545131 32.9834678383 32.9619674511 32.637382163 32.545998726 32.556628877 32.6039829776 33.0273211541 33.0688945207 32.5270089595 32.6366165245 33.0522567142 33.2023801081 32.5511772776 32.8598357405 32.829625329 33.1622340952 32.7126957445 32.6656578731 32.6818413529 32.9820363606 32.5078740381 33.052830645 32.53004106 32.5532315992 33.0029289254 32.7198133379 33.1710046298 32.5555932045 32.9620407895 33.1399007404 33.1833533664 32.6219588705 32.5836012486 32.7915799167 32.8675685233 32.5089734516 32.5303585195 32.6366888655 32.5415795954 32.8702466465 32.7790054445 32.9011575719 32.5209488243 32.996969285 32.957221807 32.9036958349 32.7362083775
33.1839020785 33.0626021865 32.833456432 32.8047639542 32.7052035023 33.1486868803 32.553768321 32.9457443012 32.5796095457 32.8194420472 32.6574491254 32.5756451233 32.919177638 32.5341724469 33.1694381814 32.6458132704 33.0530686842 32.9123170587 32.6353440156 33.1067052075 32.7868581834 33.1657955694 32.6121475855 32.767787358 32.5062017596 32.5818955175 32.7332150738 33.1867077815 32.8810803477 32.6395535156 32.8765894255 32.7714534538 32.7910823347 32.9665727101 32.7483372177 33.1744300491 32.8464460967 32.5917253571 32.6814108748 32.5409673256 32.9672693655 33.0468793877 32.9817137681 33.0255598268 33.0237974032 32.7278130297 32.7446422431 32.99605978 32.778023116 32.5501576801 33.173282376 32.8905076596 32.8699844788 32.8832905853 32.7763576257 32.7960057954 32.6975677822
32.7744133076 33.0120024579 32.836136279 33.066735036 32.531642381 32.906270608 32.7020375132 32.746868705 32.8934607538 32.500652935 32.9887909811 32.9556960105 33.1233690648 32.9574110229 33.1390240593 32.7411904263 33.1843544188 32.8578557328 33.083488714 33.0968215507 32.6422526367 32.746843007 32.8037312783 32.9465396404 32.9694462654 32.7001779341 32.547268733 32.5173329638 32.8112000656 32.5106297608 32.941035663 33.1434612459 32.8313437373 32.8753546972 32.6669179673 32.6704145702 33.1534555078 32.5145555317 33.0838941609 33.0286574234 32.5041340537 32.7356262935 33.0993385366 32.7147583388 33.1847029902 32.6155311399 33.1252206231 32.9752134215 33.1629529719 32.9028118494 33.0251189383 32.7692031095 32.8852722247 32.5671835462 32.6726849852 32.566257413 32.583190416
32.9699959922 32.6166126148 32.5835714183 32.8034704694 32.7931737721 32.7358286022 32.6980636421 33.0431614306 32.6936965965 32.6714042713 33.0017900518 32.7881585333 32.8058665615 32.6276372338 32.9553436712 33.0530516745 32.8957591882 32.6184494499 33.0022639635 33.1992441169 32.5213120146 32.6597347606 32.504386098 32.6055899029 32.8980885689 32.6960893423 33.1455801386 32.7585594511 33.0345087107 33.1331929337 32.6545732891 32.6648194203 32.651332129 32.5262501688 32.554558476 33.1052942254 33.197256088 32.5386611978 32.5678073334 33.1317700665 33.011692634 32.9996381568 32.7350020204 33.026649634 32.8080546669 32.5937385154 32.5742103163 33.0292569521 32.5386260672 33.1197245504 32.7900544584 32.6182686599 32.7129506069 32.7816960757 32.6501874378 33.0235941325 32.8521831754
32.5360408207 33.0356776734 32.7327030494 33.1058774674 32.9143785088 32.7460133857 32.5949981325 32.9070794742 32.8026254526 32.5089014723 32.6326618136 32.9542489551 32.5295050987 32.5506315917 32.545008147 32.676704584 33.1529064717 33.1247249779 32.9016790279 32.5987367656 32.8010999748 32.6648995792 32.6304989779 32.6883955919 32.9493999795 32.9399950016 32.7529348868 32.507963252 32.6415713739 32.7036528977 32.5776489839 33.1281520453 32.9244191446 32.7525065133 32.8548456455 33.0577186636 32.9907978993 33.1049866958 33.1526834713 32.6557526089 33.1189092572 32.8973282715 33.0243898755 32.5292013958 33.0159012783 32.9850115881 32.608156839 33.0546808879 32.9036205571 32.6076433808 32.9557125899 32.7243809345 32.8598584066 33.1808333354 32.6122557341 32.8208104178 32.7979434349
32.9631342797 33.0489366815 32.9760067377 32.9889148362 33.0749844871 32.8855141706 32.5714618653 33.0526139221 32.5305856834 33.1527504167 33.1581231118 33.1593174753 32.9043804076 33.0048178977 33.1605069606 32.8373395449 32.9019212815 32.6775401899 32.9009324541 32.9824712808 32.7379528089 32.508348782 32.617803807 32.9909000487 32.6862446522 33.1477551706 33.11401112 32.6054855541 32.5828820809 33.0121956995 33.0237989763 33.1313888835 33.1621426789 32.6568330149 32.7932416496 32.7957165678 32.801378258 32.6461113187 32.6037298117 32.9105691268 32.799286067 32.5071777668 32.5669165828 32.9408322621 32.7757109852 32.9391264956 32.8104559432 32.6494717582 33.1071882657 32.586667779 33.1366537485 32.708842807 32.6452514632 33.0593234666 33.0526705062 33.0557912769 32.669585909
33.0413181284 32.5799816466 32.7895905486 32.7024313102 32.8235661965 32.6022068274 33.0988789574 32.5840023456 32.932299093 33.1685185281 33.0290733494 32.7512310205 32.8438944382 33.1319305685 32.9274001947 32.9099860924 32.5437066634 32.638720993 32.9411481027 32.8433479235 32.637170018 33.1888704853 32.7255653475 32.6149980277 32.9886639027 32.9974920848 33.0187453457 32.5253678122 32.502117467 33.0753497888 32.6068107791 33.124119469 33.0960826788 32.504711435 32.8074428554 32.891569059 32.5368711692 32.7246024088 32.5149763282 33.0163943 32.7898329398 32.7614960378 32.7814612342 33.090232019 32.8177840613 32.7836121183 32.9189469363 33.0931922083 32.8113345245 32.8239740916 32.7056861444 33.1281091314 32.9812013823 32.9488382885 32.7901340902 33.0163038557 33.1424308281
33.1378334172 32.5585918993 32.6669451693 32.7817510612 33.1481574477 32.9898533867 33.0407391839 32.6525792222 32.8968532845 33.1573495987 32.7666972187 33.05598936 32.7699034876 33.1454256032 32.6589353153 32.8970695763 32.7418214319 32.7692146886 32.988382968 32.6055878359 32.5883801193 32.6058670056 32.7106241027 32.6011334086 33.0692816644 32.6138403331 32.8185203639 32.955310825 32.7331716179 32.553090671 32.5429203743 32.5461172715 33.0511039545 32.9011756619 32.598316214 32.6604739848 33.09926971 33.0670719132 32.7160154435 32.7095004676 32.5808311688 32.7789507257 32.7004295986 32.732330224 32.6624375031 32.9713575752 33.0284673086 32.618655555 33.1938957039 32.8222543103 32.5851676623 32.6545783959 33.045554975 32.5912551175 32.5824133605 32.7236692991 33.1393576206
32.868504013 32.7418345635 32.8366648862 32.6866122389 32.8386353623 33.0731236391 32.6350921632 32.6182450579 33.1616998746 32.6936941579 32.666937041 33.0904526604 32.8930369092 32.7206671062 32.7725184955 32.7896172539 32.8821159768 32.5604160688 32.7961557375 33.0968976073 33.0781606571 33.0263036939 33.1276915053 33.1022099418 33.0427732112 32.9431320303 32.9941897616 32.7431548846 32.9939161181 32.8034450477 32.5512223635 32.893402163 33.0316810839 32.6152762139 32.6733690338 32.7743237332 33.1336688703 32.8333343723 32.5968324484 32.9956173562 33.1065351935 32.6804060701 32.7681376706 33.021727474 32.8647270387 33.0904574937 32.7757255325 32.8706996139 32.9071333159 32.7049063491 32.5236778521 32.669070054 32.9954599996 32.5865039167 32.7354963536 32.9528135384 33.1283537381
32.8122369055 33.0571459315 33.1426154789 32.8883505122 32.5471249724 32.5170873017 32.7603942974 32.8960161308 32.8001509943 33.096187789 33.0333513557 32.7770475112 32.8367560449 32.6795720432 32.5587880947 33.1963665794 33.1853438617 32.5304566929 32.9626109975 33.0398346591 33.0305778383 32.7325248682 32.5375734662 32.7516160619 32.5910438268 32.6889576525 33.1598857836 32.6896105904 33.1531300013 32.5863263235 33.1054644896 32.6505969987 33.0739260745 32.710236348 32.8719338889 33.0826603509 32.5793709492 33.0019633424 32.8448554318 32.9028740096 32.6650754936 32.6895512518 33.0166979744 32.845251014 32.5057858327 33.0309596555 33.1717323128 32.6244015947 32.602403362 33.1667676078 32.9193882769 33.0975934229 33.1639776764 32.9810639731 32.8482021231 32.9710126158 32.6364695983
32.6986655616 32.620313985 32.9825845111 32.5012932111 32.6653034005 32.9071389846 32.7979615474 32.5220786987 32.8490241253 32.6664896454 33.1215474124 32.7960729448 32.9550909872 33.1708658714 33.1175863639 32.5309319939 32.8378369501 33.0813838712 32.663229362 32.8464623446 32.5862341913 33.0075981166 33.1658837267 33.0984956016 32.6647763983 32.5888127296 32.9690615358 32.58679559 32.674020049 32.8542433422 33.0410330055 32.744389266 32.5330062019 33.0913334792 33.0001214888 32.7642988633 32.8728661313 32.9505364568 33.0225067247 32.5819917775 32.547871342 32.9483888956 32.8258592694 32.5604544049 32.8442272465 32.787811473 32.5318318277 32.8376578716 32.9829968499 32.7255664363 32.7938805576 32.6849715967 32.549147769 33.1440211343 32.9827028769 32.9876645064 32.8778177147
32.627081843 32.5898929414 32.8282800567 32.9472218886 32.6243292826 33.0028334865 32.6367911212 32.9186298702 32.7901130317 32.5523948923 32.850143857 32.5659847804 32.9487696875 33.0443872309 32.6573361028 32.9922341303 32.9907648476 33.2066137685 32.9823309167 32.8816763462 32.6928736007 32.6628184165 33.0085729605 32.9886159374 32.7231228086 33.1691369051 32.8002478951 32.9167961443 32.503653555 33.1543622691 33.1535614097 32.6410095887 32.5498930205 32.7500455513 32.839192086 32.7685764685 32.614793752 33.102940446 32.75657177 32.8473487867 33.1255780541 32.6104348562 32.7664479423 33.0840632729 33.0790150408 32.6309924484 32.9084333038 32.7503837224 32.6017001911 32.8070691009 32.9941193993 32.8822225015 33.1084033517 32.740702026 33.2011291944 32.6403420875 33.1964937824
