Spatial_Output/DEC/DEC_0177.asc
NCOLS 155
NROWS 192
XLLCORNER 196307.867259
YLLCORNER 449144.565805
CELLSIZE 33.573938
NODATA_VALUE NaN
[rows 78 to 103 of 192, columns 0 to 56 of 155]
0 0 0 0 0 0 0 0 0 0 0 0 0 44.8697998486 44.8715757449 44.8425679641 44.6252253618 44.8414108988 45.1977153333 45.125553538 44.7889635721 44.7916433978 44.8118082288 44.7329545742 44.5508354225 44.7719183495 44.6318081526 44.8554617762 44.7694191187 44.864474222 44.749011955 44.8959486894 45.1127238449 44.8817083212 44.9762334653 44.7695829674 44.6106016826 45.0978724266 45.0822063231 44.9891606548 44.5470193917 44.772055107 44.7744630839 45.0172539448 45.0121924496 44.7698971627 44.636922841 45.1804508986 45.0883070505 44.9181041684 44.5460454892 45.0179653678 45.1417043934 44.5082167684 45.1697986663 44.7623673436 45.18668116
0 0 0 0 0 0 0 0 0 0 0 0 0 44.8390745052 45.1026033145 44.6835648399 44.59437518 45.1371120711 44.7857440085 45.0922953659 44.563616109 44.8187031492 44.7036398575 45.1475363658 44.8877124804 44.8689355971 45.1223603512 44.7139299365 44.9600129992 44.6148045209 44.9012094398 44.8846560942 44.6770072668 44.9382324376 44.5968729022 45.1727337179 44.6647057249 45.0967411809 44.6546593632 45.0601662554 44.8301443261 44.7818936098 45.0914476181 44.8147770162 44.8668972173 44.5473935536 44.8647863784 44.5794669587 45.0540849123 45.1732832271 44.8349838631 44.6913883325 44.8774948753 44.801732879 44.6356984229 44.5864201262 44.6492264118
0 0 0 0 0 0 0 0 0 0 0 0 0 44.6035253472 44.7975490881 45.1014457244 44.7952211966 44.612320638 44.5056659731 44.961569011 44.552888398 44.8696293211 45.046397862 45.0431373015 44.5900330997 44.6804243077 44.728203168 44.7172508609 44.616761136 45.0915100572 45.1517784233 44.5848098332 45.1173496884 44.9873378386 44.6262123347 45.179938716 44.9154529767 45.0337350536 45.0514686815 45.1228690454 45.0119176256 44.763604591 44.7295836504 45.1672482604 44.7616706723 45.1385906676 44.7644202175 45.1951269461 44.6402077422 45.1779343401 44.9719475435 44.6246508293 44.5174135961 44.6582834595 44.6267199123 44.859577669 44.7595268176
0 0 0 0 0 0 0 0 0 0 0 0 0 0 44.9994123223 44.536448583 45.0432235275 44.5714940888 44.5096914175 45.130425799 44.7961305074 45.04843697 44.7424723708 44.984950267 44.6834380838 44.5793136888 45.0201149917 44.7000550546 45.0188673884 44.7525490153 44.6698906828 44.9340712916 44.7198337377 44.5213197189 44.776163513 44.6776633455 44.9772279836 45.1060611326 44.5455473195 44.6588483687 45.0820206273 44.5979407535 45.036609543 45.0363786849 44.6515246527 44.7746390496 44.6678447065 45.0853654248 44.5420095022 45.1442032511 44.8938799883 44.7876270285 44.7001764314 44.783163819 45.2070173062 44.8037294098 44.7853272952
0 0 0 0 0 0 0 0 0 0 0 0 0 0 45.0180367178 44.5847416559 45.0429762968 44.641738445 44.538380513 44.8543283743 44.692906139 44.568216834 45.1154765792 45.1107048798 44.7582878626 44.6014808542 45.1849366999 45.0646571006 45.1188180273 44.8143013451 45.05466527 44.7806183468 45.0337551582 44.6510118138 44.6954759939 44.6941734686 44.6715780258 45.1640695497 45.062614625 44.8299679179 44.857660236 44.5367160377 44.5626875006 45.0449315173 45.1314984172 44.7166580069 44.9346639307 44.587865938 44.6921586891 44.9576487704 45.1248195122 45.0506844487 44.6127322755 44.9187100548 44.6862146292 44.5212185217 45.1676098268
0 0 0 0 0 0 0 0 0 0 0 0 0 0 45.161837399 45.139521619 44.7159095853 45.1303630883 44.644788224 44.8853767947 44.8654016012 45.0705690188 44.9745672837 45.1260496308 44.8720430711 45.2053901438 44.6872795241 44.6595152413 44.9327661784 45.1350727691 44.7492054242 44.5543813268 45.0378987344 45.1157225328 45.0646338365 45.1287239454 45.1174361279 45.1355133879 44.9416015464 44.827730412 44.6147321624 44.9583592019 44.5083895519 44.6220957753 44.5714176113 44.7694744109 44.5805414478 44.5590504253 45.1429723922 44.5684086672 45.1639731509 44.8718236198 44.7749724855 44.9910600422 44.7499524475 45.1897590763 44.9029471018
0 0 0 0 0 0 0 0 0 0 0 0 0 0 44.6250230596 45.1441364516 45.152858178 44.8806756585 44.8129247861 44.732784542 44.8165782314 44.7879624532 45.1048763537 45.0592722894 44.6141204021 44.5985414835 44.7027854398 45.0781555783 44.7104509053 44.7744029972 44.5992371711 45.0419244051 44.5557668175 44.6693703716 45.002269608 45.1924943168 45.118415956 45.1553580577 44.505039862 44.7031504394 45.0289336168 44.8836347187 44.6313019668 44.5792291096 45.1263836014 45.0626400772 44.7352842773 44.7705542126 45.1822199952 44.9915597319 44.5031978456 44.6242399159 44.6763060239 45.0897920585 45.1241429937 44.9678831292 44.9131430977
0 0 0 0 0 0 0 0 0 0 0 0 0 0 44.7643965159 45.1429763184 44.5444519472 44.7000791724 45.1568087322 45.0766518867 45.0703588707 44.8900308077 44.8221720858 44.8319938664 44.8486239964 44.8946716861 44.8096659691 44.6489876558 44.8022420023 44.5287070276 44.7122360313 45.0717506001 44.7479814649 44.9483650914 44.7452012206 44.6658567965 44.5858372348 45.0750171249 44.9624454063 44.5749679888 44.6014148269 44.8958707632 44.8840106737 44.6583603252 44.5119476166 44.9925188079 45.0333706391 44.8539727094 45.0523027558 44.8710971176 44.6575567642 44.9614179528 45.0969813863 44.8480297873 44.5586752351 44.87293062 45.0082558325
0 0 0 0 0 0 0 0 0 0 0 0 0 0 44.7728434981 44.6862675291 44.5827343945 45.1522972066 44.6861090715 45.0599198909 44.5532279022 44.6801642291 44.6179032902 45.0370409803 44.6158606633 44.6248150059 45.126043572 44.8866870501 45.2016964285 44.945043788 44.7080621994 44.7066791418 44.5779987898 44.7721299142 44.5967017257 44.9158013534 44.8521977633 44.5225096304 44.969793059 44.6283889431 44.7853328225 44.5861510626 44.8531435618 44.6569655097 44.9673044406 44.8399619541 45.1335350749 45.021161353 44.895623098 45.1123557368 45.0621673317 45.1357048692 44.9081283116 44.8681468748 45.0091656373 44.9326739656 44.7527762298
0 0 0 0 0 0 0 0 0 0 0 0 0 0 0 44.512652051 45.0066412164 45.1434188034 44.5535221037 44.6133932935 44.9043401439 44.7478665684 44.8426364719 44.5924948442 45.1440269136 44.5211611994 44.6655141466 44.7434885286 44.6696460396 45.1052640691 44.9395390123 44.8768130951 45.0151186239 44.7500158572 44.5291613668 45.1207129443 45.1330334452 44.89822238 45.0590137534 44.6470237086 44.5478240454 44.7940520162 44.661997487 44.5593870268 44.6352607377 44.5153456338 44.577440108 44.6463679905 44.9440828787 44.993456367 44.6644113571 45.1734621188 45.1272256439 44.8165280199 44.5708657381 44.8577839734 45.0800944317
0 0 0 0 0 0 0 0 0 0 0 0 0 0 0 0 44.9010267611 45.1809789814 45.1198047347 45.1184512497 44.6948320804 44.5785687815 45.0890843019 45.1559216846 44.6495315356 45.0071868777 44.8667208125 44.6042387481 45.0428712278 45.1088416256 44.6725023941 44.5213247973 44.8035087933 44.9856845367 44.7759037075 45.0007260983 44.947085451 44.8820258809 44.8947528936 44.8977490639 44.6402553608 44.6144514863 45.1354641177 44.9095200084 44.8117817905 44.6515597758 45.1134107389 44.6628904424 44.9755761213 45.014477238 45.0791912186 45.0208665474 44.892245792 44.9485702125 44.8682273824 44.7943886238 44.884412511
0 0 0 0 0 0 0 0 0 0 0 0 0 0 0 69.7571762143 69.7571762143 44.6323644752 44.9718944895 44.6395474407 44.7546549158 44.6139236958 45.092976669 44.6190394273 45.157042279 44.6116431016 44.7245175351 44.6978930299 45.2064894185 44.692781265 44.9630104607 44.9377691504 44.9769366969 44.6281484786 45.0203694894 44.9702561376 45.1310335379 44.9702582547 45.1220497979 44.7801455688 44.906060495 44.5458491669 44.5870033681 44.6312834712 45.1153935937 44.8253221563 44.7829315158 44.6372262015 44.9717104151 45.0030678223 44.6830880489 44.5347064667 44.822398196 44.849557139 44.8411241591 44.716226458 44.6262249096
0 0 0 0 0 0 0 0 0 0 0 0 0 0 71.1128159093 71.1128159093 69.7571762143 0 44.6251294599 44.5504654765 45.1310400271 44.6639211634 44.7371043598 44.5456795631 44.7271699376 44.9478249296 44.5747963694 45.1108259912 45.11799553 44.5378352306 45.1668412775 45.1767028506 44.8543883999 45.07240775 44.7556588432 44.7694381683 45.1245247419 44.6684260955 44.9461792205 44.769645767 44.5960813815 44.5650003644 44.617908347 45.1937120031 45.1668565835 45.0311968749 44.9151874789 44.7236963521 44.7355165289 44.747045534 44.7840835045 44.8961085135 44.5469150393 44.8502830508 44.7908130899 44.7504436225 44.8134484647
0 0 0 0 0 0 0 0 0 0 0 0 0 0 71.1128159093 71.1128159093 0 0 0 44.658726769 44.7555490315 45.1628700372 44.9117618281 44.6553463754 45.0504655792 44.8405835057 44.5463195908 44.8982733151 44.6351132405 45.0601583407 45.0880560885 44.5866973772 45.0318707854 45.2033254592 44.566820642 44.6372688657 45.1684174715 44.887162557 44.6910922115 44.7626771298 44.7317362094 45.191753434 44.5861900387 44.9804672644 44.6020507418 44.6149547853 45.1884228291 45.1426180782 45.0929947788 44.6033426448 44.6705115785 44.7250098378 45.0363634448 45.119849042 45.0529336862 44.9989148156 44.5912060828
0 0 0 0 0 0 0 0 0 0 0 0 0 0 0 0 0 0 0 44.9068325391 44.9346555581 44.8094398823 44.8475548716 45.011376759 45.1673135882 45.1581249871 44.7838193546 44.8803309758 44.973071685 44.9806726424 44.633401391 44.9543249619 44.8448860311 44.5229596766 44.5902045368 44.5138591639 44.8057690441 44.7694568647 44.968820523 44.6020574581 44.811330329 44.5126456564 44.5601546234 44.6118744103 44.8680986428 45.1334538406 44.9443797999 44.7037479505 44.5760526269 44.7295014092 45.0068887814 44.9783050369 44.6674366426 44.8698507029 44.6228076285 44.7113543719 44.8820319142
0 0 0 0 0 0 0 0 0 0 0 0 0 0 0 0 0 0 0 0 44.6687332522 44.9192817142 44.9268286115 45.0283420853 44.9576586696 45.1419074217 45.0193718929 44.7659415931 44.7468950974 44.7578041294 45.1652642015 44.5134994409 44.7811212738 45.1669039381 44.6643394174 44.8704908242 44.6909515916 44.8539216127 45.0172878374 44.6513240123 44.5673826422 44.8154419297 45.1246680751 44.7890247033 44.5212460661 44.9939544259 44.9633838488 44.7445634655 45.1256959122 44.6246850365 44.7735081829 44.9049238309 45.1854882832 45.1269049721 44.9974738526 45.202499124 45.1507905989
0 0 0 0 0 0 0 0 0 0 0 0 0 0 0 0 0 0 0 0 0 0 44.646555694 45.0052378168 44.7604535415 45.0079695289 44.6870705295 44.6174410669 44.8892071276 45.0363770009 45.1530807748 44.874662367 44.9232681478 44.9875114141 44.9331238158 44.8527243529 44.5552880521 44.5973591928 44.7740072267 45.1061350279 44.8457995248 44.8096977566 44.7950441218 45.0922207715 44.9697429406 45.1819049232 44.5580711582 44.9438585346 44.9403931888 44.9277876844 44.696708654 45.1213844581 44.8737507427 45.0638299409 44.5153548138 45.0109653717 44.5224261977
0 0 0 0 0 0 0 0 0 0 0 0 0 0 0 0 0 0 0 0 0 0 44.6667837894 45.0988395652 44.6813721524 45.079684307 44.6865912394 45.1202099868 44.6207825061 44.8381364938 45.0359274697 44.7220633707 44.9547801223 44.5023329603 45.1121022216 44.9904331013 44.6935564728 44.9648328642 44.9058256931 45.1892145399 44.6738922535 45.1995105208 44.7932726956 44.8007089014 44.7156232364 44.6634644725 44.6424414782 45.0907297614 44.7611475573 44.7518075005 44.5060375427 44.9490377552 44.5067538018 44.5491344001 45.2062629929 45.1335637101 45.0084842596
0 0 0 0 0 0 0 0 0 0 0 0 0 0 0 0 0 0 0 0 0 45.1337314581 44.7729105545 44.7149081024 44.6389509779 44.9922988022 44.6960523265 45.1714716016 44.6752018186 44.6315940466 44.6660667678 45.1403401814 44.7699356689 45.1169314298 44.7025819391 44.804252797 44.585364164 44.5146900648 45.0179101207 44.8827573227 45.1060111394 44.5954257618 45.1467388965 44.6269601818 44.5753124812 44.5288155183 45.161049443 44.5576466675 44.7422239014 44.7943606138 44.6818341222 44.6031127499 45.0028562954 45.061337487 45.1606403311 44.9668916411 44.5639970047
0 0 0 0 0 0 0 0 0 0 0 0 0 0 0 0 0 0 0 0 45.1698538596 45.1161660479 44.5500172669 45.0321035083 44.8554777199 44.8613025351 45.0810890627 44.9993736049 45.1511278166 44.952078726 45.1120770203 44.6318702396 45.1263937525 44.7008455432 44.5724296904 44.5060692358 44.8172006141 44.5568895749 44.7232027815 45.0651161179 44.7465517926 44.6448750022 44.8589479359 45.1223358407 44.7461242426 44.9732543884 45.188177434 45.0232715017 44.9335419447 44.7696835312 44.9981617642 45.1815483401 44.9772362074 44.6286542129 44.9879456172 45.0088711691 45.0413136989
0 0 0 0 0 0 0 0 0 0 0 0 0 0 0 0 0 0 0 45.1401462572 45.1036356251 45.1569163009 45.158447438 44.9388845625 44.7810645369 45.0766889505 45.0945953991 44.9459925651 44.9934950271 44.644700262 44.7515440914 45.0439443318 44.8022200436 44.8347740483 44.8820729546 44.6786912827 44.8364867607 45.0080337367 45.0171837821 44.7657718858 44.6679582124 45.1000835855 44.5923167758 44.9204192742 44.9425787003 45.0402707773 44.9992605368 44.7697929666 44.5304075765 44.6966978748 44.5744881078 45.1834872832 44.7532784971 44.9344984355 45.0996785074 44.9195346751 44.6469919999
0 0 0 0 0 0 0 0 0 0 0 0 0 0 0 0 0 0 0 0 44.8112699665 44.6438196949 45.1979221959 44.8081693359 44.9653946319 45.0725417512 44.5327140788 45.0537287191 44.7738978216 45.1507709181 44.5540873273 44.9284175274 44.8448948266 44.6607326758 44.8313434762 44.5286122996 44.6665717595 45.0525350999 45.1064683319 44.9321963309 44.6815983453 44.83715321 44.5807146614 45.0627943275 44.6621342146 45.1553206122 45.0714390876 44.5364631845 45.0916266702 44.5536037155 45.1383732602 44.9861516242 45.0052078041 45.1391229293 44.9157957252 44.5685742782 45.0314023388
0 0 0 0 0 0 0 0 0 0 0 0 0 0 0 0 0 0 0 0 0 44.5941918975 44.515953003 44.9477556766 44.9022249502 45.1319060231 45.0270127793 44.8859657391 45.0472666005 45.0615975608 45.0207963225 44.9206106557 44.7966113307 44.8233900343 44.966251435 44.6525716351 44.5009065922 44.7051107157 45.1064474676 45.0754916283 44.5458418743 44.9524927016 44.6553039561 44.7179705778 44.9801687763 45.1042020229 44.6526575882 44.6522539515 45.1242321208 45.1536510521 44.6438935531 45.0351870874 45.0861128355 44.8637278656 45.130868802 44.5725932201 44.646096317
0 0 0 0 0 0 0 0 0 0 0 0 0 0 0 0 0 0 0 0 0 0 0 45.1442588801 44.6438951286 44.9508030783 44.9721526468 44.8991924902 45.0975366696 45.0478438105 44.8300898619 44.9866608045 45.0558016093 44.6168605934 44.6736851213 44.6162435147 45.1220381739 44.543120975 44.5252498088 44.6120674143 45.1852294744 44.8461995286 45.0992310968 44.8204092078 45.0596772471 45.0686569906 44.5578994697 44.7696252016 44.8376056896 44.6358695265 45.1163292299 44.6625987222 44.839741069 44.9665870152 45.003526762 45.1095341154 44.5133955175
0 0 0 0 0 0 0 0 0 0 0 0 0 0 0 0 0 0 0 0 0 0 0 0 0 44.6036984293 44.8675463079 44.6645804256 44.5558506903 44.8977559721 45.0883945352 45.1595886949 44.6886718209 44.8039454476 44.9083382077 44.5187696501 44.6555837155 45.1790865892 44.6971048444 44.5036394633 45.0848048565 44.5596510521 45.0939468655 45.1722592564 44.9900835964 44.9445022316 44.8012279388 44.6472232088 45.201663558 44.8410756381 44.5837026491 44.8721734577 44.5648068864 45.1825186515 45.1646083151 44.9011731689 45.0748105396
0 0 0 0 0 0 0 0 0 0 0 0 0 0 0 0 0 0 0 0 0 0 0 0 0 0 44.6804066876 44.5565593446 44.7114662281 44.744414286 45.0248519001 44.5879757503 45.0807617637 44.9914056934 44.5759823927 44.9560942921 44.9573344515 44.7642846954 44.5274350139 44.9203131402 44.8421821655 44.5450878448 44.9297702055 45.0127294552 45.1366382539 45.1261204921 44.5532643924 44.9823766826 44.6653550856 44.9610117407 44.610968642 44.7157681246 44.7846376741 45.0035424385 44.6254630136 44.871989163 44.772793241
