Spatial_Output/DEC/DEC_1176.asc
NCOLS 155
NROWS 192
XLLCORNER 196307.867259
YLLCORNER 449144.565805
CELLSIZE 33.573938
NODATA_VALUE NaN
[rows 26 to 51 of 192, columns 57 to 113 of 155]
28.1835142929 27.884231426 27.7208663026 27.8471346373 28.0959669648 27.8503756608 27.5457900214 27.6323461234 27.5568498435 28.0392588693 27.7564311985 27.7406890897 27.8811806695 27.9495998404 27.8193297419 27.8121724341 27.5296016164 27.8829659791 28.0133442706 28.0796317809 27.673368035 27.9172519929 28.0663182988 28.1133241653 27.5729566355 27.5640523228 0 0 0 0 0 28.0273544185 28.2002395056 28.0100598467 27.7600472612 27.8674774393 0 0 0 0 27.6659783666 28.003951275 27.9730872379 28.0272582482 27.6302401703 28.0810996594 27.5358134424 27.9075543247 28.0048164316 27.7704303587 27.8611713245 27.5792956854 28.1671573519 27.7987038839 27.6555168406 27.5509840531 27.8926024272
27.749779283 28.1847662717 27.7485794832 27.6037413461 28.0196882617 27.6886615602 27.6151853023 27.8366709468 27.5644976414 27.8674509959 27.948382872 28.0709862676 27.6297455348 27.66059757 27.8390636916 28.1447950895 27.5732872583 27.8896641412 27.6485987727 28.1611930584 27.7074988818 27.9051043015 27.9555166761 27.9512512709 27.5914355217 28.1164169496 28.1920997807 27.5771233624 27.9446736684 27.7886105354 28.0928056449 27.5105153771 27.8915476609 27.853239506 27.8418832749 27.9130389266 28.1084712063 27.6472793252 0 27.7671222007 28.0267966416 28.051680937 27.6074417258 27.8555788069 27.9967175387 28.1617170663 28.0937885315 28.1981899629 28.0548954488 27.7472619495 28.041203418 27.9886855453 27.9868624997 27.5237469357 28.036920377 27.752677176 27.5321981912
27.8291240048 28.1370086592 28.1867005809 27.65601024 27.9389955712 27.707062565 27.7030109331 27.702891307 28.1078825464 28.0297139904 27.7051895585 27.6100589826 27.517090909 27.8373835135 27.6828589196 28.0060711871 27.7128984227 27.653963256 27.7150165583 28.1991127832 27.6862761132 28.0716883042 27.9635280981 28.0396577939 28.1432571016 27.6667727933 28.0299015756 27.6006051941 27.6070370126 28.1191110858 28.0413616078 28.0864537845 27.6691087163 27.6636870172 27.6842072531 27.9401477676 27.6547148021 27.702258718 28.0826629955 28.1853282816 27.7836324216 28.1213603554 27.5932610371 27.7383104694 27.7163515962 27.6952233414 27.6058066848 28.0033395551 27.7230192957 27.812452414 27.9120077305 27.9391836267 27.7056058566 28.0470785147 27.8922689577 28.1349876756 27.6747849528
28.0067552862 28.0797690873 28.1763093872 28.1640099084 27.7827381543 28.0016690131 27.6116278113 28.1321747465 27.8417411162 27.9664853239 28.2017062309 27.6638088389 27.801345997 27.6075033098 27.6518734918 27.5910831897 28.0644898618 27.7722544906 27.7450877087 27.7332266399 27.7225609134 27.6206058146 27.8337241265 28.1324788077 27.6121941769 27.7636953353 27.538756117 27.9280597193 27.5707317472 27.5077381396 28.0678586629 28.0236825991 28.0638046372 27.8324959465 27.9256769285 28.1520356838 28.0791398202 27.778744485 27.9390535413 27.9011716157 28.1828593281 27.8226855751 27.8192312622 27.7814597266 27.9450645528 27.907846653 27.5088567368 27.9529123711 28.0473812265 28.0609867136 27.8757036688 27.9308941425 27.7989945946 27.9274239585 27.7012368905 28.1984903352 27.6304346322
28.1589567471 28.0223744548 27.5169298566 27.5349476134 27.60737866 27.7739287637 28.0201303888 27.8830998512 28.0490819306 27.6055247093 28.1148977562 27.5375696684 27.5904590899 27.6222254879 28.0402854805 27.956378919 27.6573082887 28.054534738 27.9615291072 27.6701754453 28.0086522649 27.6640799153 28.1164093765 27.6059222283 27.6340038903 27.6965714917 27.8466886137 28.0816984513 27.9883545251 27.8763748158 27.7845267983 27.7295488293 27.6039211285 27.7084845911 27.8275672851 27.5103732333 27.8861975776 28.0070445883 28.1381521046 28.0123853519 27.5668219486 27.7705253569 27.9492775985 27.8619604929 28.1811722323 27.8794305636 27.8220559681 28.0617193147 27.7624086455 27.6204378483 28.1230796946 27.8450317097 27.6439010675 27.7162492756 27.7782065833 27.939671463 27.6816928391
27.5060862938 28.0393910253 27.8889310233 27.6674350372 27.9593781251 28.2003040464 27.9307450868 28.0729217353 28.111120289 27.5891820862 28.1355990143 27.5423522581 27.6155649025 28.1011890992 28.0803300419 27.6778986234 27.6774919546 28.0386921605 27.7090641789 27.7657550556 27.7882370416 27.5186655185 28.1023982359 27.8380622565 27.8454138312 27.71758146 27.5833053829 27.7550034564 27.5693155346 27.667024198 27.738903635 27.811528737 27.7755132405 27.9792470697 28.1566661984 27.7214644113 27.9850338923 28.043727094 28.1803777157 27.6597016197 27.6817850656 27.8264562246 27.7710072356 27.5928734726 27.7914555504 27.7449628476 27.8548752487 28.0184018823 27.5681761823 28.0003604092 27.8448644373 28.1813763542 27.6347701663 27.6459657368 28.0337523701 27.6614387911 28.1547757131
27.5172624176 27.5848345419 27.8705952961 27.8259278405 27.9287204268 27.6771371284 27.93457897 27.8277126802 28.1590558314 27.525448494 27.8957052303 27.6718995448 28.0982541687 28.1067095617 27.7733071603 27.5671864439 28.0124815976 27.7612516012 27.5958838306 28.1721375236 27.9883916701 27.5417534215 27.9552792032 28.0683094925 28.0808939954 27.7862807981 27.7902952531 27.9609422811 28.0805801366 27.8428726893 28.0216356431 27.5478144465 27.7562589182 27.7298875198 27.561067386 28.0920295607 27.8040307614 27.6934850427 28.0478786318 28.1361991177 27.5935748739 27.7022095596 28.1040250343 27.8885461581 28.0512959531 27.7495114224 27.7454567823 28.0019813718 28.1186265105 27.9213503134 28.1754064865 28.0850199286 27.7497973877 28.1200321545 28.0915829508 27.6013204054 27.6071022323
28.1767659491 27.9647202293 28.12445588 27.919679122 28.0539022006 27.879452735 27.5047831844 28.0913874378 27.5040366418 27.6844374841 27.8811411556 27.7429455817 27.8841288645 28.1070804301 27.8924889087 27.6745182596 27.9306195514 27.6024349941 27.5622958555 27.7168415442 28.004354894 27.7667138059 28.0738275433 27.6751600428 27.950542522 28.0058970807 27.9908903894 27.6942367773 27.6803179105 28.0453655191 27.7931571881 27.954209745 27.9616020898 27.5233011104 27.6702981335 28.0873348335 27.782397003 27.5811722225 27.5589345013 27.6404310177 27.7373724932 27.7773786441 27.9471219717 27.9107739475 28.1095800334 27.5430928315 27.8230014025 28.0952575411 27.9672264129 28.1362236387 27.8299256278 27.9034586179 27.750543579 27.8836932567 27.5774507778 27.8905273402 27.9439327614
27.6886637483 27.6216753119 27.7864381224 27.6159921544 27.9319138214 27.8569613322 28.0704855028 27.6754318686 27.9707128725 27.5047773849 27.5435445279 28.0345351724 28.0820113489 27.9851276812 27.9271014132 27.8500876134 27.9333867795 27.6264215259 27.9542992213 28.0726924073 27.8340111843 27.7428378459 28.0344035491 28.1043752792 27.7687472463 28.0997014554 28.1748645358 27.8539892723 27.9370041761 27.6784880129 28.0197009453 27.5548907012 28.0564190889 27.5411017035 27.5960770273 28.1970165196 27.7487349533 27.590960973 27.7724771204 27.9825345873 28.0501178545 28.1796032452 27.5389937381 28.1050550942 27.63392042 27.992205951 27.5394796328 28.2043549283 28.1059131451 28.0549167571 28.182967623 27.990655469 27.8063633001 27.6434532682 28.0175694973 28.1050096971 27.5458876838
27.7989255997 27.5088100402 27.8955598188 28.2032299167 28.0438350709 27.5749609177 28.0458603728 27.520772687 27.9363348975 28.0773740386 27.66009959 27.621203885 27.8193875337 27.960098695 27.5080745401 27.8110402909 27.5983351157 27.9141601606 27.7958024754 27.5860646651 27.6383761487 28.1309487899 27.5307413815 27.5489507758 27.8258480144 27.8490072387 28.0645444278 27.8461229109 27.6539719723 27.7006168815 28.0397014863 27.6988611458 28.19760089 27.8899519167 27.8022410842 27.5645948798 28.0932591456 27.8566328279 27.8089703364 27.7407035507 28.000795671 27.6962030092 27.9497932314 27.6680551181 27.5014005751 28.1801801032 27.9719190411 27.5038281863 27.8367572544 27.6662718986 28.0641224677 28.1158019612 28.0471875063 27.7529407675 28.1693151582 27.673322166 27.7235808617
27.5030137641 27.5912434501 27.6609164933 28.1839068048 27.7981485207 28.1526582803 28.0276257467 27.7122241352 28.201584206 27.9861180261 27.8520551195 27.593161456 27.9471634869 28.0388450963 27.5546891604 27.6936896337 27.5352343983 27.5803655099 28.034812521 27.7822195403 28.0002390013 27.826043883 27.5932431262 27.8966572726 27.7699438359 27.8023798897 27.7989648074 28.1515626206 27.6697194048 27.764498043 27.5720389285 27.7777331812 27.9790713073 27.5603166474 28.0266787135 27.948776699 27.901396025 27.8305145046 27.7508606799 27.5670479174 27.8522934064 27.8483643473 27.7288941329 28.1123828081 27.905646457 28.1280187622 28.1171500184 27.5824870161 27.8116243066 27.7910810544 27.7720402245 27.7573081082 27.7207420729 27.7086614074 27.8392041727 27.6754062058 27.9034845434
27.9435059906 28.1739156634 28.110907295 27.545399462 28.1441463501 28.0122304592 28.0682378263 27.7938640315 28.1099849179 27.5503784102 27.6157755906 27.8865972227 28.1588812629 27.6572831881 27.5643240724 27.5747252301 27.6824505337 27.7908008984 27.7711924939 28.0384423766 27.5040034521 28.0709235251 27.964918006 27.9464989095 27.9246160874 27.99562261 27.931730615 27.7633082209 27.9523213282 27.5274971218 27.7723664674 28.03214206 28.153802688 28.0965450606 28.1678444279 27.8015758081 28.2048949813 28.0291916507 27.7510784378 27.9831970362 27.5884877028 28.0221397495 27.6142984169 27.6588998885 27.8527017625 27.9547507862 28.1208749394 27.7261113274 27.6974757556 27.8151130296 28.1537473909 27.9362591545 27.5839041146 27.9034565568 27.6155363978 28.0944136477 27.6090802431
27.8574490405 27.9252592903 27.7746110397 27.5564316999 27.7062412961 28.1299263222 27.5516951334 27.5081865868 28.1545311973 28.1866559318 27.832489298 27.8092309085 27.9076425621 27.8878426451 27.8889425242 28.1687679983 27.9618078863 27.9503514239 27.8733193806 27.5323896125 27.9098390991 27.651306716 27.6816582387 27.8858880505 27.9883587684 27.5091991669 28.1421914183 27.5345612976 27.5440875207 27.8015459233 27.5742709828 27.746588165 27.6085207622 27.6095601808 27.8723866035 27.7107685126 27.5881954052 27.9056256434 28.0596980212 28.0089126529 27.9901912827 28.0161564912 27.7589462053 27.802349969 27.9465736568 27.8566151473 28.1354985293 27.6159123928 27.5088497379 27.9135102988 27.787459316 27.699395483 27.8298402917 27.8921891402 28.0193867697 28.0042735124 27.5203545583
27.9368376514 28.0340328359 27.9186121112 27.7270518536 27.5260126348 27.9344729477 27.9279526884 27.854519679 27.7028785539 28.0187872309 27.8144117629 27.7787041392 28.1707802645 28.1835518098 27.7794492743 28.0133575572 27.7147674494 27.5955555972 27.6548764429 27.8788040793 28.1500177642 27.7628526905 27.7953915512 27.7839812204 28.1937774783 28.0003551583 28.013583473 27.7811726772 27.6070173486 28.0362052842 27.7726518166 28.2014724337 27.523554706 28.1390869443 27.7712235185 28.0091368353 27.8877575159 28.0274911262 28.1589309581 27.9127358027 27.8873294777 27.7375754812 28.0838747839 28.0145402185 27.9089812648 27.508838182 27.7898410768 27.8097335081 27.9822246199 27.762197132 27.8565872136 27.9683462562 27.862690341 27.7535989658 27.8988833488 28.1654724519 27.5239897519
27.942448026 28.1555979201 28.1189194591 28.1732752635 28.1851690537 27.9422850658 27.8794174713 27.9440421148 28.2026729555 28.1207215802 27.8567692612 27.839799438 27.7886946611 27.7301559925 27.610382973 27.8723376824 27.5629975079 27.777770152 27.9305241504 27.6928384412 27.7450504812 27.5094789939 28.0277856413 28.1592811148 28.0618730125 28.024693129 27.632713175 27.8063418104 27.7007695625 27.7355583348 27.9507109847 28.1530563516 27.5569965067 27.930417709 27.8792253809 27.9120610851 28.0625187044 27.7029795888 27.7414402407 27.6634573602 27.5640693471 27.6086868739 27.9072645605 28.003718562 28.1026350047 28.0013803706 28.1126512059 27.6831738103 27.9379746985 27.9593808154 28.1605147025 27.6830917841 27.9701224453 27.7240942006 28.0718847089 28.0189456146 27.7462744678
27.6308518454 27.7081617766 28.1481125941 27.7185571281 27.5623707325 28.1717146252 27.9178240063 27.7398526691 27.8725500718 28.2040268361 27.5879830449 28.1746960277 28.1089843086 27.5120441916 27.6745898181 28.1146823139 28.0852493575 28.1331283452 27.9764721326 27.5279761283 27.8437575985 27.7653454021 28.08789086 27.9754555387 27.9057178499 28.0345043469 27.8606802897 28.0425416034 28.0344002009 28.133789076 27.7256887245 27.6727915034 27.875929019 27.855495761 27.5190943156 27.7298281716 28.0030534391 27.8311239856 28.0099764858 28.1311283144 28.0983135389 27.8331884753 27.5457993376 27.8193930885 28.1124751423 27.8426512328 27.6662972211 27.580911983 27.9832327356 27.8228379385 27.817848201 27.8231855551 27.9257758459 27.9663780518 27.7354329599 27.5148147473 27.8396311008
27.8444568372 27.8816896324 27.7170277596 27.8095537231 27.8958415183 27.6321741488 27.921935876 27.6168978925 27.9543066079 28.1934298588 27.9291011802 27.619839821 28.1138008056 27.7763666764 27.9959997453 27.8143398402 27.8615044138 27.7510695289 28.1546008897 27.7161954677 28.0285430153 27.7500876081 27.7538470528 28.0577111449 27.9538696689 27.7566938121 27.5813259995 27.8238127247 27.8500181913 27.9974916147 28.144058868 28.1319634359 28.1398666241 27.5544301213 27.5622809786 27.6447300692 28.1594624654 27.9984027426 27.5324364328 27.6874523952 28.0152236886 27.5042490353 27.7530856304 27.9499724229 27.6789855176 28.0310347161 27.6932131097 28.1340275553 27.9767638026 28.2009600585 28.060530515 28.121456661 27.5391138647 27.8383274062 28.1197658155 27.5497280406 27.5510655227
28.0894786878 28.1119851539 27.9540202574 28.0695914565 27.5121858715 27.8244076027 28.1223271557 27.643477354 27.9537365283 27.5527479186 27.6075245311 27.9136608949 27.5021608261 27.6724276306 27.6200494353 27.6806196607 28.1022838437 27.6375538457 27.8165497217 28.2038194245 28.1046297948 27.7616379343 28.1620970211 27.6906790745 28.1060089809 28.1143850865 28.1758293942 27.9981712862 27.9702047994 27.6780826965 28.0260348821 27.7692853796 28.1097131337 27.5486636783 27.8578611872 27.9521263096 27.511892806 27.8138709691 28.1693539017 27.927090701 28.1983511369 27.8867569131 28.0892694203 27.6929214615 27.6012873156 27.5962621507 27.7789137471 27.8308053542 27.9415660691 27.9657662218 28.1802053402 28.0098137528 27.7348799172 27.6768247576 28.061700282 27.6053118469 27.5107318891
27.8201320287 28.0637017621 27.8542011488 27.8778197241 28.0939761336 28.1559465227 27.9974240911 27.657703186 28.1486971191 27.9696094424 27.5028783647 27.8582615281 27.9184977437 27.9687466578 27.5829361777 27.6286015364 27.9573258639 28.007161701 27.5632240204 27.8888690488 28.1691196203 28.1106568194 28.0946228367 27.8402498342 27.9729673285 27.6146564772 27.7824658926 27.8989214781 27.7031245405 28.17222341 27.777094404 27.9084342319 27.7472358398 27.6625486676 27.6266135113 27.9868375191 28.1100654428 27.8215086787 27.732473398 28.0157648014 27.5998945742 27.9711390364 28.1709828053 27.5396791808 27.8911444128 27.9849452447 28.0548792371 27.6226540305 27.5618642806 28.1147330336 27.8583718027 27.5728851626 27.787977848 28.1265285368 27.5713066444 27.9491296097 27.8913517856
27.6398241233 27.9035766695 28.147656047 28.1994706728 27.6380080252 27.9820835658 27.9873432084 27.542798181 27.515261867 27.664024456 28.1237145628 28.1730136921 27.5840946636 27.9024744853 27.6029742181 27.5579394186 28.1689467165 27.6451238246 27.9625198368 28.1767415168 28.0346917269 27.5697015227 27.7292116954 27.6859021405 27.8116180157 27.8650032667 27.7342938561 27.7204515749 28.0847092289 27.6098480562 27.9122709908 27.530669707 27.676885622 27.5935972426 28.0714585756 28.0509652532 27.9363189579 28.1240022439 27.9649228983 28.1129136603 27.5572729715 27.9219916134 27.5897691524 27.9721232028 27.7915798749 28.1327190864 28.1803864518 27.7051631819 27.9020167379 27.8520249105 27.9202371409 27.9853417948 27.7861408684 27.5281989557 28.0826136209 27.8919163488 28.1961460839
27.9561058462 28.0471693615 28.1411957673 27.6756457042 27.582077163 27.583015453 27.5594508623 27.9513780215 28.1911403592 28.1040014476 27.8330842873 27.7357422868 27.5177961579 27.9029796501 28.192100346 28.0492185828 28.0550249949 27.8116890704 28.142036703 27.5876568493 27.6738376799 27.7844961401 27.7687418268 27.8799386793 28.1460430981 28.100017889 27.6413980984 27.6215202488 27.7534391428 27.7686488891 28.1502638633 28.117953632 28.1000357828 27.7919590982 27.708878957 27.8689177554 27.908418498 27.776100521 27.7138712825 28.0405851664 27.6449479753 27.8013788064 27.8379519729 28.0945297426 27.6919791265 27.925147543 27.9573521176 27.8467637407 28.1170563668 28.0386124172 28.0492125005 27.9539750099 28.1149842178 27.7702393378 27.858960154 27.6628882166 27.7137099116
27.6527171389 27.7509257227 27.8658978024 28.1146723457 28.1155439533 27.8778441447 28.1253664791 27.9857441371 28.1499350411 28.1096197706 27.9818031832 27.7792388089 27.6036799957 28.185117003 27.8191463987 27.6614092615 28.0450472601 27.7393724948 27.9830726529 27.6395657657 28.0837751097 27.9126982961 28.0638920858 27.6674803541 28.0526849845 27.9352607552 27.8199428772 28.0151711745 27.906676695 27.6969738637 27.629805446 27.5477150089 28.2021444675 27.7556809737 27.9220073532 28.0449811191 28.0740876063 27.9139105996 27.7049207756 28.09728176 27.5953643233 28.1054597439 27.7728385356 27.8481591757 27.5780936607 27.9392310238 27.5689225036 27.6284431503 27.7198299383 27.9270362151 28.1346410344 28.0217151941 27.7644179063 28.0592616901 27.6011459132 27.5485775609 27.8943217596
27.7967936694 27.5741977013 27.566268717 28.1732677431 27.6758095094 27.6510552756 27.710425902 27.8964438538 27.5711093992 27.9627458493 28.0818182325 27.6827567669 27.8676858135 28.027555286 27.7108000618 27.8500707482 27.6030845242 27.9436520798 27.6446423082 27.5970780231 27.8078740042 27.7436098874 27.8203607765 27.7837731541 27.8545500011 28.1385843128 28.1765070874 28.001216075 28.079284933 28.0153194009 27.7448287963 28.0400523236 28.1160182851 28.1265921607 27.6641835595 27.553040347 27.9751317652 27.868784848 27.8572358808 27.8925467081 27.7005349621 28.0167666007 27.9515962747 28.0967965609 27.8789487696 27.851059664 27.5650067085 27.8331853605 27.5469291943 28.136571897 27.9850182678 28.0819775601 27.6697541705 27.9671177888 27.5587923536 18.0088822287 20.4528783323
27.9487382563 28.0421338873 27.597490007 28.0717260248 27.9814549954 27.8914750073 28.138705239 28.1359557109 27.7388837838 28.1661372653 27.7360278675 27.8781064737 27.8559739813 27.9261696034 27.575637316 28.0053023967 28.0405324732 27.9775865856 27.8838626905 28.0703691234 27.5614159765 27.9216135325 27.8025048603 27.5400106482 28.1461808069 27.8046048045 27.9205318837 28.1416953776 28.0633028408 27.6440808253 27.9513917691 27.9966674033 27.6982063285 27.7078880409 27.896241875 28.175560332 27.7687574882 27.6038681491 27.9316126488 27.5911173278 27.9084465126 27.6230061849 28.2059441912 27.7188532296 27.6265265524 27.7994041857 27.9451244759 27.8451108552 27.6531297618 27.9970174331 28.0187181586 27.8629159895 27.5902144306 27.9401444266 27.9735905386 23.9171560741 32.7092905311
27.9617480244 28.1163187962 28.1005990781 28.0407015266 27.7748709171 27.8855950953 27.7891585482 28.0412254285 27.5400307763 27.591340646 28.1026922408 27.7806951145 27.7878228158 27.6877370772 27.6114059278 27.7236910865 28.1655045848 27.9084692203 27.761882801 27.8721365086 27.7198663121 27.9249181542 28.0480575761 28.1370645743 27.8298241812 27.6130366731 27.5626800774 27.9049591948 28.0506877382 27.9040337919 27.5087297478 27.6673884992 27.5370435667 28.149341063 27.5133683733 28.1501313503 27.8858496856 28.0215940194 27.668550072 27.7853463663 27.8038205925 27.9807067223 27.9950491151 28.1627003624 27.5591844129 27.8182846118 28.0867311183 28.0596831476 28.0735557998 28.0066799467 27.808818648 27.7105734788 27.9221749683 28.1189433331 28.1793819958 19.8924435143 21.8761287763
27.5673364318 27.983145922 28.16685755 28.0594610984 27.6978763018 27.7975969726 27.7328760537 27.7829759278 28.0725067728 27.7198562477 27.5215695331 28.0762189625 27.8900430887 27.7131686466 27.9107946264 28.1289147038 27.9143457048 28.0784381383 27.8945122737 27.5678107916 28.1208600512 28.1994416635 27.9791786365 28.2042169741 27.5195525754 27.726920626 28.0535947367 27.8571980317 27.8177487015 27.7600232993 28.1063018274 28.0489535954 28.0318072724 27.7688257838 27.9655461817 28.135703977 27.5067935368 27.8604571869 27.6012159222 27.556697657 27.521184575 28.0194905597 27.9450982377 27.9453222918 27.9187565679 28.1716928522 27.7782548205 27.6505149001 27.6539452084 27.7330361806 27.7979805924 27.8964623123 28.2061265882 27.844135667 27.6959967749 27.5972216433 28.111685602
