Spatial_Output/DEC/DEC_0757.asc
NCOLS 155
NROWS 192
XLLCORNER 196307.867259
YLLCORNER 449144.565805
CELLSIZE 33.573938
NODATA_VALUE NaN
[rows 78 to 103 of 192, columns 57 to 113 of 155]
23.449605535 24.0021997065 24.2614531583 24.8166029323 24.2828101142 23.0006372108 24.4304272517 24.2889022229 23.947269532 24.9262597194 24.1576350269 26.1546806863 23.7259509403 23.5718251655 24.7814279535 23.0396204811 27.11177632 27.1833092782 26.3955390163 23.5974403728 26.7183149786 24.3448522918 23.518826785 24.855017247 24.0856970498 24.8467450452 25.0615062268 25.1463439337 24.1550219577 25.0164231588 23.0867584581 25.4893514278 25.8114790058 26.8780446766 24.1798522521 24.2241974243 26.1419561972 23.9909718556 25.6382669214 24.3302008906 26.1228143339 24.8283783686 24.6973449314 24.1759254338 25.6592003057 25.6717526678 23.6061328182 24.5318760846 24.4043953345 25.2231374505 25.8305226876 23.658329407 23.951144119 26.9736892918 23.8925598426 25.4417749147 26.0733121279
25.0270513361 25.5900826876 24.4989800142 26.0487962819 24.9035414454 23.843675373 26.7198356181 24.0013628385 26.3935912873 24.2753118587 23.9870533841 25.8226127595 26.6025293115 25.563616368 24.740004902 23.2336765496 25.5166212872 23.7038858322 25.695001813 26.5722781589 25.337582486 23.6410497455 26.0419051874 26.6665850853 26.1730079553 26.2706213689 26.2194099426 23.1359255322 25.6730447837 24.4985933688 23.7359780499 23.6985530132 24.8113414079 23.1050952736 23.7548642982 23.75814684 26.4882783979 24.355930036 25.5648152173 23.4989561958 24.0704942407 24.2358845732 25.8506446638 25.3759593318 25.6077679287 25.579198651 26.0659693262 26.873174893 23.0894734566 23.0100307459 26.801857695 25.5759325629 26.4521608476 25.9278602569 23.8525440401 23.2083789421 23.8995213938
26.6050458743 24.5983681213 25.5581366903 23.1445836121 24.1552929355 23.814142641 27.219497297 26.7018629396 26.1038432199 25.4574811864 26.5233291358 23.0075219152 25.3301977331 26.3637399257 26.346492962 23.3923186896 26.5204453183 24.8188003297 26.1676217968 26.1290097193 23.9053998269 25.8318591797 25.1388841634 23.4846003413 23.5892480621 25.6880313055 24.3198880315 24.2687138287 25.0794712918 25.2972790199 23.7796122505 26.5955395331 23.3627762168 25.3686241618 23.1011939626 25.7879458779 26.9449193854 24.8119848251 24.3742536917 25.5004963979 24.642610592 23.2232403418 24.371094811 23.559385906 23.4921153608 25.3765120104 23.6949025756 24.4900290523 24.0326391728 23.8134629421 24.3231899744 23.9231794514 27.0382339027 23.760059491 26.0118010384 26.3023954443 26.731829987
24.0274004387 25.0008496996 26.180548057 23.5610944682 25.7970389962 23.4767445303 26.1514636096 23.7104473261 23.9217115324 26.9107042605 25.6134248022 26.0358123003 25.1130988412 26.4211616993 25.8771443027 24.4090459313 26.1937170807 26.7501841565 24.8693200486 26.589036965 23.868742912 25.2737798935 25.6357803812 23.7253135494 23.6065578327 25.9167794461 23.5153261977 25.6857735194 23.2338517538 26.1208807802 23.8707601453 25.9436404014 27.1304747709 23.5959322526 26.2620223086 27.2274732802 23.3188970066 24.0517060055 25.1997101274 25.7864762593 24.870891434 24.7097403582 25.6791004618 23.2224249192 23.529611474 25.8268141702 25.9620679258 24.6905493739 24.4306034665 23.4854240854 23.1777753756 26.3298973293 27.0756071625 24.5532477633 24.7214090055 26.356907743 26.2265010518
25.4130049341 25.4519227436 24.2402810603 27.1354884415 24.5762160389 23.7567053855 23.2869360651 23.013066513 23.6709316585 26.1890798892 25.6641061743 27.2247794505 23.629284432 26.6351778669 23.1730633229 27.1128915959 26.4128346918 24.2384118161 24.8203416748 24.0000330138 26.8066035956 25.6269131319 26.6719183647 23.7619493429 25.5116087537 26.9047923491 24.5661998382 23.231624953 25.2082824121 26.380875166 25.8692552154 24.2184776246 24.8154864507 24.4762609655 24.610283805 26.1744610895 23.9026213367 25.301207218 23.4724108411 23.0436418645 27.2061571935 27.0067593253 24.3023010732 26.4379159999 26.8657192266 51.1094277559 51.1094277559 51.1094277559 23.5160041645 25.7520225149 23.7012191299 25.6981696094 23.7956691346 25.9817805691 23.4482000945 26.7434235641 24.4034647819
27.0620865624 25.1531922801 25.6782027388 27.0681194952 27.0721514956 25.8211859523 24.2459768634 26.8335938795 26.8258810458 26.3179909545 26.3622665716 24.3507747216 24.2074580839 24.3650156712 24.778832446 25.9460786352 26.1409513305 23.3138448212 23.5769612394 25.0368299973 23.5002872741 25.9674721921 23.3192669481 24.5811335345 25.1917997737 25.5194630817 25.5044958713 25.1437249152 24.8623367549 26.6424771957 26.7338107395 25.2694382459 24.3471587537 26.7328848327 25.7546233362 25.8309839939 25.7450139159 26.2934027204 25.2433773501 23.0172066652 27.0842795354 23.7773525676 27.0654044887 27.1945292019 25.944969913 26.7213074135 51.1094277559 52.1298672996 23.5589039199 24.6110116851 23.0233070699 24.7109389319 26.185615352 24.7795689219 24.0291218375 25.9583198651 24.9958284213
26.1239563442 25.9931165941 27.0149690255 25.5396384284 25.9744089089 23.3670290972 25.940506431 24.4319888101 25.8169601622 26.0757742311 25.695849535 25.3253443635 26.4805057324 23.5408351267 24.2517271588 26.7701293683 26.1218427325 25.519844006 27.138541923 27.1129103989 24.6164183444 27.1187205916 23.8746449649 25.662647399 25.287873639 27.0547604095 23.6644459803 25.1207836445 25.2766425109 24.9093431929 26.7077030367 23.8861899639 24.7307811506 26.2947067092 25.885926369 25.3988374375 24.9537942137 23.4068831202 23.41998092 27.1174057119 24.8424480706 25.6509239045 26.3912549195 26.8236470811 24.2455828885 24.5001252131 52.1298672996 23.3584632834 24.5217813357 26.6270349623 25.7497346263 25.2353913284 27.1188136497 24.7163573493 26.4831844294 23.8335369128 24.3654586531
26.9590942824 24.7673596366 23.8911875122 24.260845171 25.8344760405 25.9251086401 23.9855141304 25.9071094305 26.9555515974 23.2806893867 23.1649003328 23.7991629831 24.8761140008 25.7755818972 23.8924346839 26.3601976146 26.6363013096 26.4789913454 24.8389262058 25.1403213013 24.4703438161 24.8368482612 25.1148363828 27.1924724002 26.3514883217 23.6435848841 24.8569056261 25.2686381869 25.2213029697 25.9415484322 23.3086978799 23.9623628597 24.5401320218 25.5109465756 25.1825941592 23.6269296686 24.3036110783 25.491811944 25.2754802983 27.2288026183 23.0195332059 26.6959283264 24.3862524414 26.3356419184 23.9238441436 24.1947534032 52.1298672996 26.1452344156 25.7476255661 26.6726583234 24.3252857109 24.684160856 23.2992356007 25.3470850137 24.09062171 23.1617415846 25.4963268408
26.8740284662 23.9547113751 24.2807899566 23.6372473356 25.1453030518 24.3624748527 23.1773545666 25.0884223717 25.6172861929 26.8933706685 23.4018955479 25.9200616196 23.9694473653 25.2600452505 24.1119048881 24.2539465901 25.7571874173 24.2982668529 24.9770655078 23.70533411 23.2761521001 23.1578385722 23.4863726473 27.1134069895 23.7787895456 23.321621505 24.3741685367 26.170637247 26.4809211352 25.4826569785 23.6250921595 26.4359121408 23.4717361167 23.6488484568 25.3198405084 25.7497500355 26.0679968212 25.933905671 24.6728431029 25.7730487248 23.5934199501 24.8995272278 25.4030829675 23.8959112787 24.8848333216 26.5583722527 24.5577954295 26.5863900507 24.2662777847 23.0215553474 26.8665397514 26.2414776143 24.3882842916 26.3236509366 26.2413417911 24.8298240523 23.8603433153
25.7729209838 23.8991684984 24.2064133508 23.7537056826 24.6684929778 25.2790682465 25.1458691033 25.922871722 25.2937752019 23.6691519638 23.9508942029 26.3607616259 26.5856904056 26.5849941754 23.8285059864 26.8673531827 24.8002508335 26.2399928561 23.743192158 25.3039563217 27.0838567756 25.1240083602 26.9066193181 25.9960682421 24.4252577139 24.3620341348 23.3810903682 23.1967627269 23.9012256328 23.0630725369 24.1041915978 25.6910486461 23.4973354649 24.3065694091 25.6962608435 23.2361785612 25.7876316348 26.9524206156 25.2813965314 26.1451988842 26.9897063888 24.8959741335 26.1772858186 23.7819397225 24.112496497 25.9615872995 23.7463547372 26.7309665314 23.4178657152 23.2108605244 23.5496475491 24.7365524141 23.9512763452 25.4491706487 26.4448122838 26.2616638169 25.2511604772
25.4037042944 24.0315914225 24.6675482656 26.7769242484 25.1589664378 23.7325288612 27.1808134873 26.5991196786 25.0425287501 25.6980055286 25.197285499 25.2000983601 25.6681259717 23.8702719449 26.2842905584 24.9295473064 24.6431749543 23.0048229268 25.9232154415 24.8075659427 23.5771989771 23.9133401782 24.0280378213 25.0474215195 25.9802480551 23.1714457595 25.7724197115 23.3126373818 23.2107655254 23.3094114923 23.0600861632 23.4907549618 25.8024234074 25.4677174355 24.1435118035 27.0252171563 23.3736080389 26.809243768 25.0958853366 25.6732886002 25.0747907826 24.1713732602 25.2673627984 23.6896017268 24.9126684588 26.2484278092 23.8242161915 26.4575001884 27.1105010963 27.0513832672 24.1300328843 25.0172397198 23.821063736 24.3674879189 23.4474585412 25.3435002358 25.5179042924
25.7662819206 25.4256490007 24.2623976053 23.8432671611 23.2348920011 25.7023889628 24.1900537741 23.3347473023 26.6954154066 24.3674372402 26.9471383355 24.3707358894 26.3143835542 27.1700304559 24.6650551362 25.1959925528 24.0689371898 26.0887516954 24.7084056485 26.1102646363 26.6113356706 27.1771605028 23.9561506999 27.1532955778 24.3689230613 26.2510904468 25.6085254986 25.668452625 23.4251348694 25.8698733691 23.5977255298 26.9766326129 26.1227361455 25.4576640757 27.0235362883 27.1668766745 27.1821848043 24.9958338921 24.1672982297 25.5072444767 23.1206488438 23.8443716351 23.0614191629 25.0865384023 24.3496403393 25.0470401184 23.2881716164 26.546394497 23.5715848689 25.7743553978 25.5683378285 25.6925050574 26.1763952887 25.7154652273 23.6246840519 25.0127366069 25.2678820592
23.9781498814 24.087413115 24.9589474229 26.3229770855 24.2633287672 24.462813812 23.3172405894 26.7176553337 23.4417781147 24.0557385378 25.7579215668 24.6980574486 24.3903465499 25.7551729354 23.5644558176 23.7034346444 26.7983532952 24.7295965826 26.2428150102 23.2996055108 23.4157694842 24.4538871165 25.4139663682 27.1234754578 25.5476484811 26.2411203009 26.760434551 25.9271285564 23.3917317628 24.7769987138 25.8223884981 27.1803171536 25.7893414198 25.9375566962 23.9594009496 24.2122263159 23.0858487131 26.2182739293 23.6691941834 25.2597172397 23.4934062203 23.3842390569 26.5603566747 24.1064065613 26.9292940292 26.8208415371 26.040594956 23.1035930586 26.3583943428 25.3282243448 23.4330339128 24.4442615904 24.5472865361 26.008013697 23.2369826677 26.4494781162 23.3724456305
23.3421011671 23.777742043 24.4809387891 26.0388988193 25.0141119166 24.9261558133 24.4500117683 26.2237641977 23.3385556864 23.827728812 26.5845491432 25.1326869964 26.5687695033 25.8214842398 23.2230034056 23.4241253983 23.1392610455 24.5105059744 26.3272204216 24.1717533902 23.4754609121 24.4193653814 26.7768803394 23.4648956615 24.0659768487 26.5182017601 26.5020403056 26.5012305409 24.1718422196 24.3856332918 23.4594172794 25.4685500092 25.7893547474 23.5297472331 27.0918564257 24.1431846226 24.9875790738 26.5784998437 26.7480635332 26.7955726887 25.6890973519 26.1056121805 23.3349941614 24.733470089 26.0754763924 26.3384146525 23.2623409601 24.4427018619 25.5890457311 24.3468756028 25.4239287114 24.2424543935 23.5482944858 23.0306807416 26.3736313905 27.1930500949 25.6601882212
24.6780289494 26.5153324583 23.460763095 26.9166318664 27.2173492231 26.0049375887 24.1655703228 25.9521946688 27.093135474 23.463321566 24.2743804676 26.2956799249 24.9083329877 24.9276926159 25.7613204753 25.3447484705 25.459691443 26.4049549683 23.7355674934 23.1806328334 24.9886298933 23.2447035653 25.576830904 26.4945899781 25.2031672184 25.2441799219 26.8430963566 24.244865389 26.3651348844 24.6536123156 26.5156622351 24.8279256069 25.1107417559 23.9972973996 24.4257552716 24.8135756707 26.9307465022 25.5413818299 25.2072215624 25.8133600296 26.6029196173 24.84624073 25.3355880307 25.2694557719 26.0649747985 25.1382443556 27.112531357 26.4828267392 25.6970804335 24.0367755265 26.1392637983 26.0002707369 24.7649112105 24.8191646501 26.9386618837 26.1303620755 23.0088265372
26.720498089 25.0199203626 23.8639950548 25.5393643103 25.272220209 23.317758533 24.6126490443 26.3990375425 23.236230146 25.1902338351 25.968291511 26.2907796366 26.5600174265 26.4745298073 26.1880846477 26.4145374002 24.0122917045 24.3082517539 24.340663314 24.120713133 23.1725371679 26.6644724262 23.1046145879 24.6058361057 26.916531622 24.7476895129 24.689747931 26.6763430762 25.7194119471 25.7945865793 25.8721483581 23.241676974 24.9258980252 23.2751023723 25.7002945811 23.862957187 23.3057562792 27.145653766 26.5515462183 26.3860830807 23.3274123539 23.3667704914 23.0791148516 26.8980279653 23.7987191114 26.3297324028 24.2595296857 23.4061894228 26.6760435989 24.0248329806 26.3430063773 27.0119750428 25.6553387419 23.0990106499 26.8863481159 26.832834002 25.4741729692
23.6439562393 25.1549030196 24.8954209956 25.9457997288 24.6700985724 23.4636798253 25.2441393791 27.1796525708 25.1520980696 25.7570730541 26.0401768578 26.172263928 24.6633024722 23.0383627788 26.2771667173 25.9186817272 24.3898561407 23.9343796524 27.1702578538 25.4583959533 23.0907030506 26.3028306193 24.0161442587 25.6129571652 26.0873818242 23.3698416768 24.0385801135 25.0490271173 24.7855007615 24.8491204526 25.6421950785 25.3089512094 26.6572736694 25.086035596 26.0617919574 27.0837427533 26.5579734899 26.1147381691 27.1748441521 26.5172023036 23.6881056429 27.0702905176 26.2650511476 23.8612694474 24.4045831399 26.2439426492 24.0486760267 24.8060026018 24.8217635633 24.1514173807 23.4695286928 25.7179828811 24.525203148 24.5903119353 23.9535448526 25.2664459001 24.7737508898
24.0493771437 26.5794382756 23.8551745002 24.3098203667 23.024551621 26.7115663119 26.6064242724 23.4361563721 26.7053428348 26.9132888142 26.5971684378 26.8966469252 23.5538275271 23.6550881506 25.2706361292 27.0752333323 23.3561394808 25.4221961092 24.6327240805 25.9975586244 24.2888447059 23.3663437845 27.0668414592 24.8977308213 25.0871219665 26.2121146007 25.1087690367 24.422552052 24.2108772539 26.0514542559 25.8859582698 23.7272627992 24.7156586627 24.4243340915 26.1436432934 32.0637770006 26.4943328548 63.2453835303 26.9668760866 26.2134150302 52.294446749 27.0510874537 25.3193363191 26.7826639057 27.1067651002 24.516149344 26.649068524 26.3075873294 24.5555239794 23.6271449368 23.8408122632 25.6304446746 25.510767986 26.3680115611 25.4369078543 24.3843043682 25.9688998411
24.8566516393 24.0269773236 26.1709432115 25.9590579785 23.8094354758 23.1420292517 25.3234877431 24.7618823185 25.8528716053 26.6763040605 25.7071274462 23.7698336231 23.8684011723 26.5814740814 27.1497668336 26.9372249293 25.1205628206 26.6261386583 24.4789566883 23.8972275538 26.0137475378 26.4582790417 26.1606276695 26.944799991 23.9566371446 25.4968975737 23.0460860616 25.5513530612 23.4276586411 24.9490961348 25.847451971 24.6480629252 48.8906510957 33.1434199521 32.0637770006 32.0637770006 63.2453835303 63.2453835303 24.5562006601 24.7748948369 52.294446749 52.294446749 25.308865735 24.0744893259 26.9960631086 24.4395313142 23.6757944171 26.8147805121 23.9890079078 23.7427084803 26.7719776777 23.6099675517 25.0274994006 24.0734698929 24.0096794889 26.7430924169 26.6300510498
25.6743395338 24.0636774861 27.0247640707 23.9422451672 27.0615530042 25.2302027242 27.0022131089 25.1137611514 26.6122930343 25.2888870029 27.2255550572 23.0894699137 24.9041373876 24.7831001564 26.5915519559 24.2939018818 23.5700984244 24.7739398602 24.8308819197 23.2841873297 24.1761502048 23.1043443779 25.9918254181 24.6595926208 23.6106845721 23.8446882428 24.3480954415 26.7978475916 24.6815972778 23.3000593357 25.2620189486 48.8906510957 25.4957252344 33.1434199521 32.0637770006 32.0637770006 63.2453835303 63.2453835303 24.1267050348 24.560314917 52.294446749 52.294446749 25.6808704163 23.0065757192 26.6460126219 25.6546388784 25.7910618223 23.4618871403 23.97018509 25.4281662214 23.2517510458 25.8315621097 26.6117783358 24.6000971246 25.4281706325 23.7093294503 23.5697884129
26.3683985981 26.5909193462 26.0911070879 25.6863144616 27.1693344656 27.1652235149 24.9235981935 24.6703332504 25.0588601771 23.1002570988 24.353698995 26.7787188425 24.881824795 23.6224769023 24.2072330266 23.2872586137 26.8946193632 25.321649121 23.1538646653 24.8022094084 24.1636547836 27.2225476372 24.6627664047 25.6913047095 26.1895493276 23.5340770762 25.8275318254 25.4761926957 26.2457348514 23.4280901412 24.4594676954 24.2943312727 24.5509012098 25.2906250539 33.1434199521 32.0637770006 25.8969106516 63.2453835303 24.7593280044 27.1846738195 23.450474039 26.1277159171 24.5121302193 23.3074858373 25.6440155914 26.7899924488 23.7757907753 24.9986874904 23.7064526667 24.0987475592 24.1649585245 25.9894870271 26.6297685993 23.3735011902 26.5614095561 23.6610206905 26.7228814376
24.6573355296 27.0658683634 26.3749560068 24.463583713 26.8705646722 25.861131758 43.4599828636 23.1091885145 23.170083523 24.392777422 25.2673618891 26.1380987325 26.7855357236 24.3236566978 25.5835305665 24.7246393481 25.0905686984 24.4961746016 24.3763668463 27.0419904422 23.2038364474 23.3133911209 27.0184073755 24.548466004 27.1850032056 25.5838074494 25.8461152265 26.0519149151 24.6840967232 26.7759384367 25.9716138847 23.532481587 23.913703311 24.6885170771 26.1199366444 26.1615449792 24.076907121 27.095949719 26.3262198532 25.463216177 26.5328836835 24.3127586858 24.7627732004 24.1294108483 26.3621284854 25.2068581009 25.0169358402 25.9138206958 24.1179115704 23.3037377272 26.7452706388 23.9655129915 25.2191070629 26.8097508415 26.8231470051 26.3822293537 24.2308510818
24.009455783 23.8857339559 23.5996181847 24.5238682128 25.8981300235 26.1264100846 23.0432887238 43.4599828636 24.13655416 26.6217832869 23.9890249544 26.5274639192 24.2302471438 25.6546585231 25.3137428178 25.6163597654 24.8096719796 25.6722675912 23.0822878475 26.8918643848 27.1218279727 24.4398667618 25.9089553442 25.8328325024 27.2091359935 24.1408711709 26.8957990965 24.8297340013 26.0991070152 24.8796012241 23.2192881629 26.3662174793 25.9193419393 25.962204984 24.9611992919 25.3852984218 24.391343798 26.0062260442 25.6442235221 23.3062175943 24.9054216829 23.1740087017 24.9339178609 26.3735868274 25.3614284238 25.3051609538 23.6231394455 26.9117075949 26.8795296802 26.5935518743 26.1132775433 23.296084656 23.9726509817 24.2036237148 23.8747685785 26.4724605726 26.9941257499
23.5425617561 24.0641979931 23.5158380436 24.1641135091 25.2178471262 24.1472119098 26.5733147759 23.4047221161 26.601168818 24.1352762466 26.8141604872 24.8834254737 26.4945204465 24.2383575662 25.7618119033 24.4255802853 24.5583517375 24.1325428495 26.419554285 26.8440804081 27.1514226269 23.1610362352 25.4542437603 26.8655427598 26.5469485218 25.6362387877 25.0304007168 23.2304488692 26.2816550449 25.5603810962 23.8660456111 25.5045729166 24.23335993 24.7175496774 25.8271872685 23.7113137236 24.0386864887 25.5219556598 25.7614847471 24.0978153241 24.3523005188 26.0889557199 26.1758952624 23.6947153314 24.6274732235 23.3265065411 25.7629282612 25.6922351729 23.8913186353 24.9527654287 25.4400015009 25.120121836 25.511945033 27.0242552256 25.2371520687 27.0380723578 25.4104001443
25.8675348152 23.5746864949 24.4015673372 25.7723658754 24.8998182865 27.1961410837 24.9953302999 24.2768826352 24.628482316 24.1669570822 23.2562842621 24.4034564976 26.2542115843 24.5692431153 26.3114350992 25.1603375593 24.8033900908 25.6918166222 25.5443965054 24.9449353354 25.1038303282 23.8537779501 23.2927985889 24.6482053206 23.9610364166 23.9106016649 27.1268833637 25.5011287005 26.963348663 25.8276664179 23.8868468164 27.0770041213 25.8646713898 26.1786982778 23.1238689445 25.6644241772 25.2187023491 25.9124315292 26.436392269 53.8065947336 25.0265679816 26.0744625999 25.3065292906 25.9584607195 24.3100296154 26.4118848123 23.2332523033 26.9763987195 24.3320662475 25.5326526965 26.5062410897 25.6870200798 23.3472254138 23.0318852951 25.1031998009 24.0633766688 25.205227034
24.1993401521 27.1308719171 23.2866984825 23.2751481618 23.0711011068 25.5446695945 26.9311764072 23.8156764037 24.1386033496 27.0944141059 25.1351280734 27.2403933296 23.7466618404 53.1757502389 53.1757502389 52.450229133 27.0343591512 24.6823512285 25.5086398847 26.6797712629 84.1346328418 23.0313681195 26.0011687444 25.3962799787 23.0378246147 26.6754016892 23.4552385914 25.6113803716 26.8082350793 26.9532162381 26.3444250967 26.2386497704 26.4688023433 23.0751358229 23.3802557183 24.9043739571 61.5447281947 23.3107361929 60.9541071942 53.8065947336 53.8065947336 25.6013192574 26.965715421 26.1837222681 25.1113703326 24.7510132893 25.6916415653 24.2906363538 25.7489150559 26.991539341 26.7032680379 24.4993849238 24.1902759841 23.8541320305 25.3012518123 23.4026701843 25.6933300251
