Spatial_Output/DEC/DEC_0292.asc
NCOLS 155
NROWS 192
XLLCORNER 196307.867259
YLLCORNER 449144.565805
CELLSIZE 33.573938
NODATA_VALUE NaN
[rows 52 to 77 of 192, columns 0 to 56 of 155]
44.7522650116 44.7487636121 45.0583989704 45.186861169 44.6472914646 44.7009224622 44.6841324041 45.1232932381 45.1958758126 44.9210843896 44.9813423934 44.8148560626 45.1515802156 44.9320000297 44.9793710525 45.1035688179 44.6224850913 44.563032322 45.1540713502 44.5130632307 45.1512111133 45.0261900938 45.0027329974 44.9535112733 44.8891549528 44.7506801664 44.5486584149 44.5110522918 45.030868913 45.0335407327 45.0008172003 45.0753278906 45.0021840996 45.077851007 44.971474348 45.0925468454 44.6989564446 44.5893204387 44.7516136455 44.6822783757 45.1921643875 44.6194937598 44.8656393964 44.6512659043 44.5034862293 44.8503034844 44.6372639637 44.8648679913 44.8756817524 44.5812353805 45.0508917838 44.8411109011 44.9849681703 44.9521345978 44.9947561251 44.6032272584 44.8030806939
44.6015683371 44.9518694972 44.7687755188 44.8005339061 44.6157085071 44.8189038897 45.1166290627 44.727735868 45.1482231633 44.576395499 44.9155830616 44.557564777 44.8284709111 45.2049961686 44.9682704827 45.0836159108 44.646898665 44.5574440396 44.8036843205 44.8859058237 44.5558060116 44.5124528939 44.6929912584 45.1534018949 44.8362421816 44.5377930801 44.8224827816 44.516601674 45.0955429027 45.2038497826 44.8188183435 45.1299060521 44.945174672 44.8894574268 44.9215889315 44.6079828962 44.8700120243 45.0795952646 45.1257031749 44.60027728 45.1244397897 44.7443955433 44.9707833846 44.5109507978 44.8536986699 45.2010175812 44.7844386131 44.9149504011 44.5335255972 44.7186893223 45.156068241 44.6251165963 44.6876725321 44.6891090799 44.8323693849 44.7971409791 44.5434265904
44.6974690653 44.7255503258 44.7472490886 45.0096755939 45.0112027859 44.9469685865 44.7633671029 44.8350830648 44.7263638748 44.8140833788 44.9222885194 44.5199418057 44.5236213286 44.5223224099 44.6128575896 45.0705069229 45.1101408063 45.1790321066 45.0707206657 44.8570314406 44.8860727655 45.0602405908 45.1180530639 44.9668343793 44.5782884763 44.7341098444 44.9026649058 44.7806182841 44.533338854 44.5388204295 44.7956396551 45.1603763712 44.6372414105 44.8773910758 45.1986654725 44.5416237628 44.5069059022 44.8504727391 44.8844131006 44.5648053728 44.646873777 45.1042059039 45.1737629927 45.0690445317 44.8419740016 44.9442920158 45.1898818707 44.9408246219 44.8039394002 45.1726504654 45.0364696573 44.5808831276 45.0056018069 44.7047662763 45.1669644317 44.8104917318 44.9387636726
0 44.9442419453 44.8313165745 45.1405055604 44.9053486313 45.1877050352 44.535652209 44.7780932024 44.5730283294 44.8257101433 44.6403822346 44.7192877224 45.0962016429 45.1467326119 44.6450809142 44.6508664917 44.9137556081 44.7371662202 44.8177945941 45.0448671411 44.833072751 44.8222864506 44.5546043168 44.7495465003 44.9212043241 44.8550363733 44.9045050601 45.1422065814 45.0859348841 44.690831017 45.108951546 44.5540181894 44.8586310969 44.6969553733 45.1718375966 45.1841875835 44.697891851 44.8925842022 45.1474534027 45.141435318 44.9932310543 44.6443968456 44.5419523178 44.9414324811 45.1752266359 44.655702675 44.5071591464 44.6655259127 44.6709011292 45.0025052175 44.7509736379 44.6124247328 45.1003987478 44.7736257995 44.7882927145 45.1419503308 44.5871782896
0 0 44.6608070424 44.7416228289 44.5166998415 44.8861175477 44.5356255881 45.1594523808 44.766246064 44.5575385949 45.0343765111 45.1938496315 44.5018396121 44.9581741282 45.0210017326 44.675111551 45.1413660558 44.6195441824 44.7298429377 44.6385350068 44.8251345997 44.5297839516 45.0203006812 45.1447299822 44.6338648364 44.8081240132 44.5219824254 44.8778961592 44.788630541 44.9816666041 44.6000737445 45.1002303683 44.6950469579 45.1447944704 45.0179019852 45.0255293673 44.5978887004 44.5050660554 45.1833596297 44.7030227 44.6530971175 44.7515514242 45.1585880574 44.6532157825 44.5378400016 44.7773286625 44.9490948382 44.5245190358 44.5309175708 44.6396799446 44.5074153991 44.6681694278 44.9795553842 45.0535513347 44.9395278365 45.198784553 44.5439382565
0 0 0 44.768728497 45.1603874881 45.0974218821 44.5839058102 45.1499784766 44.7037100464 44.5185201597 44.9803754247 45.0615323786 44.8090694642 44.7666538221 44.6939613168 44.8242067968 44.5101031094 44.8204929102 45.0793062436 45.1740934486 44.5919347614 44.5191122368 45.1996635256 44.5528319649 44.8306194477 44.8091754185 45.1104514912 45.027012682 45.1719564517 45.1623810871 44.6382200718 44.6628495687 45.1462640274 44.7180042251 44.8063100881 44.5890348386 44.8574211384 45.167248864 44.6094219249 45.165062008 45.0474311615 44.6093682241 44.5746876093 44.9111611939 45.0877880546 45.0868754392 45.0569100336 44.902289671 44.7385103767 44.535267512 45.0740592242 44.8021070614 44.7091660922 44.8517330532 44.5632159137 45.1867931636 45.1314283679
0 0 0 0 44.7818952243 44.5397539389 44.5140550496 44.8313812432 44.7215369541 44.9659502967 45.0248792282 44.873717397 44.5902415844 45.1391221931 45.1327891966 44.9799365603 44.904918936 44.6867349711 45.1830784706 45.0079694131 45.1872475273 44.5507348497 44.5850158477 45.0632523406 45.0903112334 45.1583174729 44.8300404596 44.8232862951 44.5523013783 45.139602728 44.5331778103 44.5719360043 45.0060153657 45.1397098738 44.7044361888 45.1211277724 45.019861042 44.8291773716 44.9962287571 45.1856183455 44.9934889208 45.0149425523 44.9241636071 44.8688553014 44.7588408671 44.7254144548 45.0940767752 44.8504988451 44.5937590471 44.9247554305 44.8742218587 44.6535231141 45.0753637479 44.9094001649 45.0369638851 44.9576741996 44.6987777326
0 0 0 0 44.9365297443 45.1895033765 44.8091869324 44.9516788983 44.8450783688 44.7244153338 44.7775319322 44.5051037253 45.0890434764 44.7945783099 45.1454593514 44.8806448799 45.2058659765 44.8417736801 44.7084580803 44.538324443 44.6960715506 44.9664175167 44.859893028 44.6102797897 44.5997658749 45.075889838 45.1409582532 44.7839990897 45.1546699642 44.6014219516 45.1048121301 45.1135304763 45.1663769118 44.5077134487 44.8677484157 45.0065374989 45.1706825561 44.9244947918 44.9056815361 45.0189727658 44.6568104918 45.0245173867 44.9410448465 44.764131819 45.0318940554 44.8110765308 45.0208559836 45.123155068 44.6410438666 44.9786615701 44.8792327614 44.6339582211 44.9170904266 44.8494242939 44.5996244966 44.9526141284 45.1788668466
0 0 0 0 0 44.8409923304 44.7073710389 44.5878938846 44.911127849 44.5263492593 44.6371190301 44.5586052624 44.6911770927 44.9627605807 44.8815498295 45.0608216617 44.5199977473 44.9848694669 44.9760643719 44.9741141731 44.6064122932 44.8900578021 45.081925241 44.6491119402 45.1675013374 44.7863413808 45.0799845981 45.139588428 44.8844000128 44.6204277911 44.5048792203 44.5262601293 44.8071120082 45.0280242577 44.5392499143 44.9051969342 45.0109035238 44.7312289214 44.6696547342 44.5516602296 44.8378068068 45.0181796579 45.077271134 44.8172752013 45.0352174269 45.0679605038 44.9954998777 44.7119906366 44.5281130619 44.915513682 44.5553950144 44.7535431164 44.8467590873 44.7411902019 45.1329234084 44.5656659754 44.7938204057
0 0 0 0 0 44.7464889523 44.8797711113 44.7967833672 45.1757532314 44.8341907276 44.8462457688 45.1908845216 45.0383068595 45.1697121575 44.5332616885 44.6883526807 44.9327430542 44.9866842798 44.914787259 44.8751936086 44.577325193 45.1126868904 44.8828335747 45.1535993251 44.6161774018 44.5415524136 44.9087698143 45.0355915649 44.6073514346 44.6643531156 44.9313745826 44.6900197211 45.0923870039 44.6516999006 45.0194251186 45.148719548 44.7187163655 44.7166446229 45.1234006094 44.9476371196 44.936378688 45.1889604672 44.7303411283 44.5633976453 45.1218552835 45.1988766081 44.889709011 44.9474194895 44.7128657429 44.692807638 45.1064838448 45.0198485387 44.7726964377 44.527427608 44.6945948946 44.5903683069 44.8748625334
0 0 0 0 0 45.0776836661 44.5162390551 45.0469479945 44.5142368742 44.8545717999 45.0710526124 44.601652197 44.9922783789 44.8019737025 44.5486937113 44.7500934886 45.1495854968 44.8181236966 44.6113015012 44.5664942109 44.78867008 45.2003834411 44.5305066233 45.0512335963 45.0940137898 44.6716908285 45.1906052432 45.1722311871 45.0530979823 45.0303665022 44.6367492066 45.1752175787 44.6560738389 44.65237665 45.1918013462 45.1974906738 44.846175291 44.7293911406 44.7475579419 44.5621308496 44.8594667613 45.0799633039 44.7129663394 45.1805222775 44.8526038516 45.0925636282 45.0048258444 44.8717251508 44.517357116 44.8568508477 44.8766972492 44.6306181706 44.8609287884 45.0296366918 45.1659453866 45.0868408484 44.567676948
0 0 0 0 0 0 44.8326268801 44.84133978 44.539134685 44.7501765615 45.162669018 44.8902784685 44.8543272812 44.8968688388 44.630307494 44.6599071157 44.7223523257 44.6362393435 45.0965659546 44.674793053 44.9872308463 44.8936054225 44.7605623104 44.8085365219 45.0141736496 44.7386447597 45.186208573 45.2027444047 44.9298381688 44.7299721061 45.0109826501 44.8781716512 44.6213926253 45.1483481926 44.8613773082 45.0142781906 44.7329139369 44.8076463466 45.1490536647 44.558227036 44.5500495778 44.5971106858 45.0932348865 44.9047294844 44.9852782042 44.7632458461 44.81778691 44.8979440768 44.7155133804 44.9773562789 44.7830433955 45.1916485213 45.0158047537 45.1220986708 45.1109844187 44.8317883095 44.5211628948
0 0 0 0 0 0 0 45.015746764 45.1246484836 44.9675179183 44.6562600574 44.9463917635 44.9603562023 44.5306638751 45.0262946915 45.0069750587 44.7680145019 44.6446473339 44.9584416566 44.5033955528 45.0464279374 45.028199247 44.6431739325 44.5655463667 44.5119191307 44.6638003381 44.5189357814 44.5821133838 44.6740099488 44.6270007591 45.0643003478 45.1712793055 44.6444055055 44.9441133855 44.7828841754 45.1605278276 44.9363193242 45.001197424 45.0289670161 44.9032565702 44.6504983228 44.8743796799 44.6638025468 44.5135958981 44.7798211294 44.8601734998 44.8474038556 44.8254369293 44.6117529985 45.1791519552 45.0139173562 44.6512832333 44.8253647415 44.9814362473 44.5665805377 44.7400909414 44.9450986246
0 0 0 0 0 0 0 0 44.772778734 44.7140741138 45.1134042736 44.9031140643 44.9011401885 44.6268796459 44.515889672 44.6774500814 44.6629086415 45.1393888872 44.8414142868 44.6276743526 44.5403386239 44.8201573186 44.6302324046 44.6409899819 45.0882377128 45.0082954907 44.9927374372 44.7787573968 44.5867109618 44.7024232743 45.0803232398 44.8503265493 44.9739691102 45.1921886195 44.5355520813 44.7534468544 44.8657446975 44.6981948331 44.5320621451 44.7808838047 44.5841085861 45.1191806438 44.5107499768 45.1121741782 44.6264261587 44.8348247249 44.6647163197 44.5743303171 45.1970823052 44.8268206856 44.7576863778 44.770992486 44.7023850195 45.1693749939 44.9534178615 44.6684955416 44.6831493217
0 0 0 0 0 0 0 0 0 0 45.1426254632 45.0340337536 44.932477072 45.1779683537 44.572148021 45.0304565417 45.1332436408 44.5722296792 44.7973360212 44.6810548042 44.5459635021 45.0006702105 44.7009091988 44.8903151563 45.1070794151 44.7147588874 44.8935270573 45.0415239842 44.5799914027 44.5933225992 44.5770813909 44.623317723 44.6141827126 44.8515587367 44.6654744568 44.6662812668 45.0617240633 44.5592948956 45.0950686138 44.650126192 44.7395335113 44.5070219893 44.5590388793 45.0773519435 45.0220816449 44.8943061934 44.5265260804 44.6486453898 44.5227074457 44.5807366082 44.7340593611 45.1127295276 44.7631828375 45.1944987041 45.1794218901 44.5755502068 44.7751068205
0 0 0 0 0 0 0 0 0 0 0 44.5351041103 44.9685086137 44.7768205759 45.1380518218 45.0362420559 44.8863748577 44.9672949672 44.5053808902 45.1564263635 44.8677088039 44.98094437 44.9788366961 44.6124894932 45.0324344313 44.7840471348 44.9539797367 44.9769783647 44.709065862 44.508876621 44.9752577625 45.0239287861 44.9893156859 45.0704092114 44.8974149219 44.5418258358 44.5539052908 44.6979698635 44.7212458482 45.0961274099 45.0475050988 44.9896505428 44.7250993172 44.6127895845 44.7423602234 44.6830747546 45.2018049198 45.0761104785 44.8247635668 44.8358112546 44.7178701718 45.0174735795 44.5645847084 45.135340218 44.8161929633 44.9440818947 44.6084122853
0 0 0 0 0 0 0 0 0 44.6159034815 44.7893006994 45.1604079303 44.9150002022 45.0935709524 44.9257948809 45.1128538076 44.7904087109 45.0246239565 44.9799977722 44.5292398167 45.0342484626 45.1402108991 44.9932316119 44.8807988492 44.6438294878 44.739711368 45.1224471226 44.9359796569 44.5963642655 44.5008454977 44.7394498879 44.6107396332 45.0156961679 44.5833945098 44.7156755988 44.5391258074 45.051649877 45.1613553072 44.626967383 44.5743968823 44.9909230727 45.0385144561 44.5459636535 44.9259007014 44.9621381116 44.85396595 44.7241925333 44.7709363777 44.6360765613 44.9648104426 44.8111548897 45.1946122008 44.9579444595 44.6177212226 45.131536099 44.9885277418 44.7997634547
0 0 0 0 0 0 0 0 0 45.02653421 45.0664043047 45.095561514 44.539816428 45.0194163607 44.7714826492 45.0879098548 45.1731704957 45.0006027507 45.1759692752 44.9771147165 44.5236284092 45.0367780979 45.1809509639 44.7454789978 44.8120113292 44.7470508416 44.6266824293 44.5683657479 44.8449325377 44.9312254579 44.6449143081 44.8328645457 45.0612176509 44.6100839359 44.8729621227 44.8197397219 45.0749791331 44.9122527047 44.8738388487 45.205987622 45.1619332005 44.7780111232 44.9061539757 44.6162236503 45.1466105519 44.6274590109 45.1942458838 44.5107170915 44.7613957669 44.5043659929 44.8856769616 45.1940593227 45.0502413326 45.190688573 44.6857341171 44.5433914665 44.5869713676
0 0 0 0 0 0 0 0 0 44.9601291918 44.6631243997 45.1482524519 44.6678733128 44.7300701319 44.7586723521 44.7947858221 45.1308583289 44.8386272185 44.717337621 44.8199279553 45.0874060954 45.1274095047 45.0896606803 44.5666717985 44.7113953722 44.8511841624 45.1010764541 45.0650129767 44.5103561387 44.7905145842 44.6919089017 44.6378834101 44.6635659087 44.7116957657 44.9595522676 44.8408458509 44.521796184 44.7074663592 45.0877331118 44.8720917183 44.9553637255 45.0832461566 44.8959776565 44.596373092 44.8907419987 44.8406523603 44.8468822409 44.8923656208 44.7448734764 44.6596690076 44.9556565637 44.8991932866 45.0847320267 45.1643951838 45.0945556723 45.1863578698 45.1806599234
0 0 0 0 0 0 0 0 0 44.5937756801 45.183003904 44.8243259128 44.9293645414 45.0408011567 44.7509158054 45.0987771167 44.9920519135 44.9879428386 45.1813148689 44.6691387332 44.7858811329 44.874576737 44.5341074358 45.1145519502 44.5098185495 44.9081137542 45.1408242211 44.8551111878 44.8049917308 45.1393369023 44.8410192574 44.9328803623 45.1420242744 44.6985797729 45.1939921327 44.6047907185 45.0631647344 44.8707366705 44.5732322456 44.6729830074 44.970067199 44.9312602831 44.646498517 44.8046406313 44.6182379507 44.722710123 44.8956667005 45.0562840942 45.0520784556 45.1408213637 45.1695770265 45.1464445401 45.1467923382 45.1080995514 45.1405470398 44.6183103146 44.7669114231
0 0 0 0 0 0 0 0 0 44.644265278 44.7345126856 44.5411563912 45.1273685877 45.1783955154 44.9510218943 45.132929726 45.1143218214 44.6683205238 44.5728953501 44.697307698 44.6716592898 44.6511673605 44.5448429741 44.8016516132 44.6060580092 44.792475526 45.0016705753 45.2067493011 44.8621495534 44.5335403449 45.1050324426 45.0982034358 44.518405068 44.8591962787 45.0060355872 44.8316478155 45.0102963372 45.1870331854 45.0683514721 45.1562661624 45.0112451328 44.82030361 44.522611329 44.7905391036 45.0517884087 44.8570480469 44.8515651272 44.7630963248 44.9513359851 44.7121722044 44.5562442436 45.0268365937 44.5463979286 45.1827625607 44.844302209 45.1047408359 45.1357795885
0 0 0 0 0 0 0 0 0 45.0536724285 45.1828094479 45.102500291 44.8378942829 44.8585703797 45.1734293653 44.6060208906 44.9874137867 44.9022286198 45.0062860001 45.1910550884 45.0707399424 44.8300896443 44.9752170887 44.8764915828 44.6762598519 44.7789137016 44.8303970398 44.8358462669 44.6401362979 45.0687447972 45.0208475497 44.7377661909 44.7628762595 44.5697488988 44.5385120298 44.951237566 44.5006731661 44.7501450898 44.5488072856 45.1719574889 44.619306807 44.678466538 44.7040608428 44.9950732973 44.8631711264 45.0068411633 44.6859405376 44.6701957617 44.896711887 44.5234355119 44.8968344529 44.6504527974 45.0448274608 44.7113003796 45.1646779853 45.0269785251 44.827498953
0 0 0 0 0 0 0 0 0 0 44.9182917027 44.9356575399 45.0621531103 45.0881945944 44.5048576744 44.5296809561 44.8535599719 44.6431844355 44.6886181555 44.5573616042 44.8640275137 44.9302654511 45.0513208141 44.5248084402 44.9250567183 44.8636571307 44.7273261424 45.0857402311 45.0018735779 44.7903909299 44.7890454843 45.0987294493 45.0231351394 44.6367489836 45.0756419646 44.6642427904 44.9550639563 44.653357301 44.8019211638 44.6660061074 44.7878238606 44.5385834496 44.756342067 44.5933400903 44.8681177144 44.7810031907 45.1961713314 44.7200477015 44.563711869 45.0786740526 44.5915681647 45.1567986839 44.9828259802 44.9523955685 44.7106848374 45.0228473581 44.5223297358
0 0 0 0 0 0 0 0 0 0 0 0 44.9941480227 45.1972611453 44.5595105615 45.1633763714 44.7706187745 44.8450629448 45.1283361117 44.8150796094 44.9779902591 44.9253161905 44.7124562438 44.8220464981 44.6554196407 44.567184004 45.1404090621 44.6614476862 44.6916585329 44.9063956011 44.7334163339 44.6076038759 44.7696297453 44.7250040132 45.1832250183 45.0751077009 45.0083852642 44.7378712127 44.5817536409 44.7326674184 44.7047205146 44.72759843 44.5961370417 44.5123644842 44.572576412 45.0186910076 45.1342636427 44.7229373242 44.9327205276 44.8422001431 45.1812231821 45.1926894682 44.7508407872 44.8887754716 45.0785049109 45.0199324373 45.080072903
0 0 0 0 0 0 0 0 0 0 0 0 44.8573608679 44.5769349609 45.0214317723 44.7794437033 44.8094905631 44.995805673 44.9434803815 45.1727076042 45.0653052774 45.0509302954 44.6778838187 45.0857929856 44.665498208 44.6945520436 45.1888232108 44.5875134571 44.7648801898 45.0848442318 45.0557092053 44.5254213489 44.933861219 44.9284254913 44.9615929478 44.9100927054 44.9357062205 44.7937100119 45.1146575289 44.5792450717 44.8476985919 44.5538955396 45.0247636552 44.7395871969 44.9807622571 44.624828984 44.6972553186 45.1317284443 44.538913838 44.6549494553 44.7077702341 45.1159327063 45.0180525726 44.5238537163 44.505948434 44.9070533825 45.0933506443
0 0 0 0 0 0 0 0 0 0 0 0 44.741743823 44.9125237435 44.9622091961 44.7465272226 45.0511957058 44.9474029063 45.1532998481 45.0787008539 44.8590441978 44.940975913 44.6891404214 44.5323278036 45.0227184303 45.0792051166 44.9192711658 44.936009211 44.5728544082 44.7786979786 44.7868395949 44.87858695 44.9035474236 45.1338069447 44.8382935768 44.7476320617 45.1250825299 44.9894189411 45.0098238315 44.8996486971 45.0561778259 45.0475397579 45.1739645356 45.0257560381 44.9055542439 44.7936089431 44.5559299268 45.0805497636 44.8587886666 45.205065588 44.828028265 45.1638954704 44.8394658804 44.5653454041 44.5606164827 44.9925113381 45.0577844158
