Spatial_Output/DEC/DEC_1342.asc
NCOLS 155
NROWS 192
XLLCORNER 196307.867259
YLLCORNER 449144.565805
CELLSIZE 33.573938
NODATA_VALUE NaN
[rows 104 to 129 of 192, columns 57 to 113 of 155]
34.2107980698 33.3231158848 33.4600876502 33.7341733941 34.1842170628 33.3016656994 33.3687056027 33.4283317243 34.2917082331 33.7262375671 33.5901940313 33.5552132852 34.2429479845 34.2106321653 34.0367742356 33.1677188492 34.1688250948 34.0794820859 33.0173062019 33.4884179204 33.6465551115 34.4139578665 33.2421622717 33.3232247086 34.3388303627 33.644171715 33.1463816187 33.9148822332 33.9694926238 33.1748483117 34.2531541217 34.2209560442 33.8986244031 33.4650987656 33.4256929365 33.4823534389 33.0024779721 33.2511696669 33.4821842213 33.2174257656 33.5363525704 33.1044642407 33.9030163984 33.4821613415 33.3523021869 33.8864430202 33.0487037395 33.5257761723 33.0967326756 33.9728837352 33.1219657701 34.1515497646 33.1860054368 33.264419535 33.8892815302 33.4413963115 33.8592273426
34.3221843632 33.3104189675 33.4292921912 33.925857207 33.1208327905 33.4344892806 33.106524864 33.5005103711 33.0639742427 34.3721898774 33.2411517746 34.1015780917 33.0579531525 33.0820736589 34.284715239 33.4652699319 33.3519735785 33.327553621 33.0399719837 33.9950127468 33.9615301617 33.0912578405 33.6083414134 34.032267589 34.0098342188 33.2977440304 34.1379387766 33.068194267 33.6368253325 34.0604871961 33.6379138407 33.037612619 34.1509244292 33.2323171181 34.2430869564 33.1023673658 33.3457279923 34.0676839901 33.117615089 33.7029463856 33.5875708739 34.1559679649 33.4535273081 33.836899936 33.077674946 33.9303049126 33.5574976182 33.9071024418 33.1589742162 33.916214198 34.392183167 33.1799410576 33.8157140144 34.0631559453 33.8957248984 33.8074908225 33.621275127
33.1096508111 34.3847485511 33.749580793 33.1361001715 33.6706742854 33.3813658043 34.0344908351 34.053592936 34.0709393749 33.46922412 33.3641409987 33.9771074404 33.6795375747 33.1343745232 33.2641381095 33.8692453105 33.8565410648 34.3988481244 33.766987525 33.2271359178 33.6626252337 33.5338401626 33.088884954 33.9272252972 34.1601243274 34.1098147778 34.3187664442 33.7998130182 33.0332828205 33.1986352368 33.8535161501 33.8421513477 33.2596374157 33.5476015552 33.3531842115 33.9386013776 33.5971557781 34.2731763903 33.1941948693 33.4383862955 33.5203522155 33.0504088699 34.2965009214 34.3468090835 33.6015960323 34.1522218814 33.946263098 34.2132589394 33.5263540783 33.1082743762 33.7131540507 33.3472701087 33.8611980852 34.2198199988 33.0655345107 34.3778209443 33.4640101247
33.3814057457 33.9587065843 33.5834229202 33.8157774488 34.2828946945 33.6145729249 34.2266957416 33.8361829694 34.2877911694 33.4040307914 34.2836080629 33.2119528269 33.1521498799 34.4000163053 33.8441682847 34.3720294781 33.2790531015 33.642943067 33.8499075027 34.2954185265 34.173051301 33.2051814386 33.2903555419 34.3676684647 33.2535313179 33.4591493642 34.138530782 33.3844440899 33.6708984491 33.2537135353 33.7815770864 34.3868803756 33.2453501225 33.8505633547 33.8451916316 34.061388099 34.2010949205 34.2232801866 33.4621444453 33.7713638748 33.3096780379 33.773106851 33.5876086289 34.0410465458 33.9352417259 33.4565787862 33.4159917326 33.4290430222 33.4981044979 33.3761642827 33.6475967784 33.5850521059 34.4111538508 33.0304706312 33.5928405472 34.0524964666 33.1921333325
33.7986277516 34.131229299 34.146338861 33.7647940067 33.2750068688 34.2241274804 33.9576782209 34.3112013405 33.0368470473 33.5534947094 33.3032507936 33.88211615 34.1270653996 33.806581347 33.9524365503 33.5562969116 34.2562767603 33.9507244909 33.9553754306 34.2618570122 33.4780766651 33.2419278096 33.8850859053 34.1277594074 33.5635115503 34.1969468103 33.5277215213 34.2264056672 34.1597692829 33.0733558391 34.1721156376 33.2466538242 33.9195606821 33.9352105858 33.5976023352 33.3926517661 34.1493371158 33.5977663513 33.0752861608 33.9508770813 33.6983586654 33.9489718832 34.1801344324 33.9596273205 34.402124632 33.298621901 33.3656943759 33.2819580623 33.1724973601 33.2161792457 34.0513328266 34.0555034446 33.624188254 33.8080083653 33.6650874645 33.4294173555 33.7819871155
34.099319543 33.5403164045 33.0718247531 33.4472187325 33.0566652185 33.5793292911 34.0463839588 34.2634607157 33.3401359585 33.8704546184 33.7886559805 33.2921951019 33.7669178611 33.483342987 33.2378559865 33.4086853866 33.5998386589 33.2960109793 33.3941202422 34.3187006815 34.4123704507 34.1648018718 33.0764705887 34.4062228569 34.3090476219 34.1524562138 33.134655324 33.8002612359 34.2555386748 33.941917623 33.2562981135 33.7623298145 34.2689042735 33.647471511 33.054062711 34.3989063783 33.2682787855 33.9527811324 34.1168048256 34.2524621689 34.3150984486 34.3329039169 34.3219165593 33.0812637405 33.9180129364 34.1361804175 33.654138341 33.3096712727 34.3043961068 34.2788477078 34.0130449671 33.7854876891 34.2342185874 33.0052068003 33.246702726 33.14878957 33.1716675937
33.767487721 34.2128967733 34.2325997341 33.9418825031 33.1377036782 33.7609312568 33.6189221412 34.1330252181 34.0355337383 34.0266141437 33.7235359819 33.4441036552 33.9638969456 33.1874542454 33.059391507 33.1414357454 33.9672812449 34.0243723103 34.3978926163 33.8711938482 34.2760563114 33.2337355396 33.8714101883 33.6459207985 33.7317212956 34.2934583527 33.5498055609 33.3263373227 33.9924505223 33.9110415656 34.2573335191 33.2131110739 33.2210051139 34.3795552671 33.7723636503 34.0939712558 33.638795232 33.8074879012 33.7595327633 33.486266103 34.0944941669 33.1443300924 33.596223298 33.992755358 33.7919625131 33.6200541541 33.241989575 33.3741439257 34.0461589367 34.132719483 33.3667479018 33.5192812342 33.6859722896 33.9629873655 33.1729120741 33.9539934428 34.04043014
33.5795264342 34.0580877024 33.4879434089 33.0171625547 33.9265919262 34.1452340417 34.0677321419 33.1323060836 34.2268277363 33.3728093807 33.1411385275 34.1478761185 33.7249515014 33.6276989954 33.6109885078 33.6581967389 33.9177196754 33.6834993833 33.9345298647 33.3139879764 33.3052613441 33.0403485189 33.7275263863 33.4591527921 34.1175668821 34.1749170904 33.0593376121 33.9766525624 34.2280520116 34.3364835856 33.5577978528 33.3779594527 33.5517443538 33.2933408567 33.4322752773 34.3196904513 33.3411615837 33.9023540617 34.2929925402 34.2497887841 34.0904618497 34.2832506901 33.3229303573 34.1149940156 33.4552095383 33.9358487085 33.3240113752 33.4658572801 33.3331460204 34.0739193366 33.3856357264 33.8784684314 34.1344009253 33.6407572896 33.0349662327 33.9828581515 33.3732325299
33.7118557668 34.2158686354 33.9803384334 33.4023188612 34.3739016757 34.0208888593 33.3248112109 33.5260596374 33.5664781259 33.2902403267 33.2206054066 33.826618119 34.3675329709 34.0406028677 34.3866981045 33.0170851203 33.9184663336 34.2528360638 33.6450576849 33.95687351 33.4355350378 33.8878643325 34.232199309 33.0097920968 33.5430409664 34.0452889875 33.0587512629 34.227094654 33.6246489384 33.4857617098 33.2877254964 33.1075477876 33.4043302219 33.4301681697 34.327880551 33.9112252559 34.3939573872 34.2955631494 34.1052270708 33.2144737234 34.210757758 34.2072123312 34.3884511584 33.7954554962 33.3542131088 33.7390044192 33.1244427021 33.9985316833 33.7884326972 33.6690575236 33.348202655 34.4120812316 33.2888657131 33.1251319344 33.5520364056 34.0176618535 33.2255096444
33.3811164679 33.7439347297 34.1373406312 34.0554993261 34.3038975645 33.6553289269 33.8711526821 34.0232064776 33.9064672853 33.4119339524 34.2714603823 33.0139258653 33.8004668716 33.1124047805 33.9104020556 34.3825129648 34.1229685891 34.0023946707 33.6510000831 33.8013812139 33.2500210961 33.9425800606 33.0859245525 34.0431099749 33.0583357539 33.4520962931 34.085267443 33.3344882539 33.667506054 33.804602265 33.0474932122 33.3493851557 33.8771526633 33.165646273 33.6574356019 33.8901520392 33.0511422465 34.2124008918 33.1316289879 34.1718296857 34.09181542 33.7413538278 33.3019525422 33.776591876 34.1160303389 33.5258144172 33.7365704517 33.2521154025 33.5358929948 34.1597534775 33.8836836258 33.4810733144 34.3989585883 33.9577834116 33.136461678 33.5787895296 33.4833126977
33.0646025454 33.8756351992 33.9829371537 34.127985339 33.4882945597 33.9358463378 33.6546866851 33.3001386888 33.4609685791 33.2273571417 33.1511924921 33.8700044831 33.874269737 33.8387180609 33.4932005355 33.6533062046 33.9188555766 33.5032076558 33.1155795579 33.4935780128 34.0525908141 34.2001485723 34.3529358918 33.2444348609 34.1533145818 33.1034696303 34.320639498 33.8595841922 34.1232855792 34.2440900566 33.496425996 34.2092041643 33.4797503058 33.679718823 33.5073984472 33.0235829318 33.5369463915 33.2958457541 33.9728989757 33.4290729356 33.5417934779 33.0781051029 33.3046042571 34.0007404172 34.2156624017 34.1462019072 33.426882731 34.252157236 33.0605456824 34.2039086538 33.1593527174 33.2886835657 33.2914598681 33.059404841 34.2803347607 33.3151181851 34.4122531762
33.0554490266 34.1595304713 34.1598001355 33.2751118636 33.4710295534 34.168618876 33.7007994628 34.2947923443 33.3453345818 33.0663879727 34.3160839489 34.0858350332 33.1688215496 34.1931683005 33.1219057598 34.2620144218 33.6564817901 33.9544493819 33.8283757269 33.2004210214 33.0750382213 34.2110799854 33.5187562968 33.2886964812 33.2306035545 33.7837887458 33.0659116777 34.1687475603 33.6991903681 33.5759388753 34.1866658685 33.8075367553 34.2558355233 34.071746053 33.272304334 34.0808756461 34.2168857494 33.4591569551 34.2567628389 33.7150579186 33.6992153918 33.8512739811 33.9280780407 33.2325814424 33.7913477952 34.2060132602 33.4474128517 34.1110943174 33.987833258 34.0746886358 33.4061240582 34.1499161879 33.546343019 33.4722495463 33.8199188574 33.4962630611 33.3991294912
33.5324724948 33.5210566399 33.0900658171 33.9884950732 34.1243740238 34.3137225352 34.2922200773 33.0056136273 34.2911947095 33.8914048303 33.700132606 33.5515227367 33.2017188424 33.0894761277 33.1556313884 33.7867373586 33.2202130238 33.523928815 33.3300632592 33.8223082473 33.7813194742 33.9949920592 34.1596434796 33.7299431843 33.7530304206 34.0283338553 34.303566178 33.3616729022 33.3292677323 33.7400520906 33.1158255436 34.0363924728 34.1145706387 34.2455465895 34.1685290977 33.2529445065 33.6066546851 33.4886242085 33.3448763499 33.3480831833 33.4588313973 34.1909722165 33.8700489444 34.363950279 34.1258629157 33.2298007537 34.2523085155 33.0887785463 33.1118867757 33.93202294 33.930730655 33.8906906621 33.0818314091 33.1727371532 33.1873453937 33.9843085572 34.212878381
33.776520444 33.3857247036 33.0999393984 33.1334949499 34.2871195082 34.412279465 33.1573506268 33.5937519091 33.7400994764 34.0295217411 34.080890266 33.5327215882 34.3916880034 33.8269999073 33.8454630398 33.4547320882 34.2725850149 33.0630203436 33.9868111172 33.0160514272 34.0412698599 33.259938944 33.6346500591 34.3705456314 33.4910770944 34.0886652042 33.1271404214 34.0343545279 33.8312571011 33.4168587631 34.1868993297 34.3888807386 33.7178898921 33.8855038704 33.1769105085 34.1697069936 33.201185103 33.2703723981 34.0470293501 33.5912077684 33.0490221674 33.2553177765 34.4048165456 33.8180495775 33.6334099192 33.780421163 33.8151013186 33.7323673527 34.4053828788 33.7249653107 33.945826712 34.4068002259 34.0155010069 34.031223961 33.0163792829 33.39695233 33.1246318611
33.763805707 33.0816283537 33.3818483279 33.5498989658 33.2330433836 34.1091939286 33.447488076 34.0187853655 33.6987245655 33.68836987 33.1734188512 34.3461554291 34.0200609625 33.4704965288 33.3670657799 33.0331532692 33.259473185 33.5428958624 33.990991355 33.592539831 34.2387724356 34.2991079978 33.9250933602 34.0746360639 33.6991251976 33.4267289044 33.6998831103 33.8269283392 33.2300455389 34.0353056817 34.2963431531 33.6876140516 33.9924460817 33.6287423368 34.006571082 33.5089158371 33.4327304479 33.7486384234 34.0586716247 33.4480846286 34.063752053 33.2921594161 33.0824405882 33.9325389551 34.2463068618 34.1001377635 33.7843101493 33.3783841321 33.6047866711 33.4521311098 33.4329133329 33.4117453374 34.0207533578 33.7835038821 33.6757339599 34.30666241 34.1429863294
33.3645105834 34.1039906169 33.9113499877 33.9494573694 34.2485905489 33.2140257722 33.9561026369 33.0899805071 33.5157491664 33.3034137945 33.9667923209 33.8997365388 33.9521944706 34.3495919067 33.999636266 33.5000714899 34.1174537989 33.6040277533 34.3255443298 34.3259050467 33.6682763842 33.3482638672 33.5223486308 34.3630601207 33.9946081137 33.5651611449 34.2671438499 33.1470940297 33.4862260357 33.2808191239 33.2057697325 34.1555995544 33.5058944676 33.1236738612 34.2222751799 33.4224421473 33.7733876142 33.7908982921 33.7187236942 34.1561848043 33.5626586149 33.3273114552 34.1117099588 34.0082880807 34.2642616112 33.5113649088 33.0127823699 33.8276501061 33.1685497403 33.3587450042 33.2120158752 33.9282303031 34.1666634717 34.0735527788 33.6608794392 34.2150417945 33.7096281055
33.6898157331 33.3435029026 34.1124668183 33.9099535785 33.3627119917 34.2117305641 33.9254996285 33.4118418185 33.7467052352 33.0258115944 34.3341007675 33.1117563082 33.120867031 33.7713909621 33.2946227798 33.5641600816 33.6399408323 34.2341157831 34.1356742237 34.0919778235 33.4959005235 33.0153286472 34.3061479152 33.6166160829 33.0625385952 33.5408441245 33.0446830904 33.9004724383 34.074394535 33.5020721425 33.5887787227 33.4556895283 33.0517883685 34.2871974586 33.7107266762 33.9145892596 34.0159778023 33.7813255371 33.0542148453 33.8276831855 33.7354266831 34.352059435 33.8961188147 33.7632755269 33.6262619127 34.3059565926 33.0637150984 34.3828684912 33.3417587323 34.1523633876 33.5111914915 33.4634350403 34.0483684311 33.1809975781 33.4366548651 33.1552088791 33.4610933963
33.1090041808 33.7044061562 34.2262108934 33.8509910179 34.0821014211 33.8019986947 34.3392301734 33.2781783338 34.2730253803 34.1474442523 33.2020217007 34.3011839754 33.2765381239 33.1858825782 33.7451805832 34.0587511007 33.7776823352 33.7493345046 33.0059363255 33.0954522037 34.0473206227 33.5572558962 33.5461810799 33.2679134335 33.2465784149 33.969413258 34.3545377188 33.451643267 34.1319069222 33.5329222415 33.8987790242 33.35227212 33.8707085553 34.0724285052 34.3271378691 33.7127797269 33.32816454 33.7389911694 34.0114750905 33.4607988783 34.3469476909 33.6848169468 33.9247552539 34.0755386912 33.908828646 33.190593365 33.4348837094 33.4241423291 34.1724123339 33.685820324 33.0242316649 34.340808985 33.5965736908 33.7046892505 33.5269331896 33.0665430446 33.2635735009
33.3687063621 33.0046016077 33.4457991029 34.403349283 33.6402161691 33.775505328 33.0979708215 33.1664565984 33.7592805461 33.7170483955 33.654442049 33.097857018 33.826577784 33.2757173747 33.6999826523 34.0936798834 34.2778673626 34.270343093 33.5617102764 33.8926980712 33.5516643996 33.1778254557 33.6002890353 33.884753783 33.7857923294 33.1064445814 34.0863021698 34.0142304388 33.0543043383 33.4463756502 34.1690144293 34.3710233921 33.9747768192 33.4209552514 33.5162746436 33.224741249 33.3851981083 33.0114366934 33.2161659801 33.1310244684 33.0052848427 34.0915656162 34.329638485 33.6092997117 34.3343910252 33.6387537378 33.6955772348 33.5163677083 33.8173453465 34.0389522437 33.3184654956 33.281046708 34.0587807978 33.6821406174 33.415189462 34.1775664839 34.2339144118
34.1482180225 33.7111855999 33.8580261243 34.0166032118 33.8075881394 34.3713805763 34.239436151 34.1262085981 34.3991313448 33.3907421117 33.7535050909 33.7034382469 33.9514061284 34.3368254736 33.2804285014 34.0330846062 33.1719020716 33.1053448635 33.1092535059 33.1865769564 33.9872667368 33.7402961081 33.7272491872 33.5549553535 34.3847204295 33.0965186538 33.6857922956 34.1057271176 34.3471651877 34.339298158 33.5196397764 34.0294884842 33.7004074149 34.3587699283 34.02591392 33.203895358 33.5945824112 33.3635733295 33.8656929873 34.0354228632 33.6576466569 33.645729197 33.7577193636 33.5815708242 33.8442564896 33.1421547821 34.2646019951 33.9983727048 34.0432444561 33.4095067727 33.1634139117 33.5885009308 33.921140981 34.3252225379 34.1055363606 33.8191158751 33.1879820565
34.2040061029 34.0172963577 33.4159946103 34.1527578022 34.0272768934 33.7292751393 34.2093140372 34.1667195246 33.7045843296 33.8077395456 33.3469381382 33.6198134092 33.7315836 33.2712220476 34.0844539641 34.2754908473 33.3070018028 33.0125623722 33.4899269371 33.9515574385 34.2786520349 33.6720733004 33.4147886913 33.6365695379 33.6626055739 33.6600970636 33.1317250789 33.8623857123 34.2911869451 34.0247468498 33.0233127834 33.6279900665 33.6878922059 34.2871095377 34.1690561437 33.5554206445 33.0467536431 33.8057223693 34.1481545595 33.6004607998 33.5475662191 33.1330427385 33.1968969229 33.4376115717 33.4739751585 33.4234085769 33.3525595228 33.5948192033 33.3720186114 34.0029910438 33.7111908825 33.2313131903 34.1771262489 34.163838317 34.4087062847 33.3546569045 33.4915510476
33.5072207173 34.3788308296 33.7344463146 34.0330185246 34.3092630416 33.0609026206 34.1865950544 33.9142983532 34.2821511809 33.5820538788 34.2021762824 33.58739036 34.3961956232 33.0994907166 33.4911584977 33.8762029898 33.5362722724 33.9442728296 33.7702988767 33.6715952888 33.5224435857 33.7044764264 34.3509012474 33.1666701123 33.7807101908 33.9703739395 33.2302571085 33.3442261344 33.6709731032 34.3050306095 33.7004862505 33.495642011 33.986238343 34.3287372187 33.6492141958 33.5096719774 33.7955055206 34.0659546601 34.3728270874 33.432939831 34.3671750686 34.3504778838 34.1641070404 34.2901246162 34.0921560929 33.6794221013 33.3475155671 33.7410880155 33.6249476111 33.2640115855 33.0224738847 33.0112666088 33.719232803 33.6116998966 33.6606466401 33.3165840206 33.1239684322
33.1016626425 33.0985935097 33.9447107716 34.3991049017 33.4584509806 33.3351906094 34.2495214556 33.8950419334 33.6924763141 33.2080090478 33.174809498 34.0674570023 34.3464649844 33.2399452454 33.9670563039 33.3763056014 34.210602435 33.5449167276 33.3742552727 34.2261165883 33.6086582457 34.1118869797 34.3755673663 33.9978653504 34.1531849548 33.2380084009 33.4383832682 34.2911777744 33.2505649331 33.680293399 33.2104123896 33.8756425336 33.7206700026 33.2530519098 33.2195913226 33.4697625161 33.7617834925 33.2181991714 33.2988615961 33.2349656594 33.8021390015 33.2219877893 34.0020345696 33.9756944504 33.1186959237 34.2481390574 34.2885547365 33.2324056295 34.1993302554 33.4406166598 33.4961280685 33.1966292122 34.0126632049 33.5594728291 34.062024994 34.2558740238 33.0554634099
33.4517069622 33.4218927364 33.4785593042 34.2409206193 33.3162864706 33.5176225963 33.8549578801 33.1273734965 33.4298002942 33.3244201427 34.2330816762 33.2591153582 34.369136546 33.3385083688 33.8242495935 33.1469147441 33.5173437534 34.3267473761 34.3039256065 34.0390290833 33.5161884225 33.5931675542 34.053366707 33.124750317 34.2618711117 34.1518365607 34.1867978603 33.8536802981 33.4708074533 34.2392941269 33.0187422144 33.9378426041 33.2835652172 33.3977453755 33.1096830537 33.860752888 33.2386145444 34.3372891617 33.5113010333 34.0675314998 33.8406018277 33.1932583671 34.403204175 34.1755041648 34.0344286148 33.7112611764 33.0133587571 34.0036412176 34.2055680041 33.8402493232 33.8749882864 33.1416481611 33.2337942037 33.4166188208 34.2074400867 34.3638950012 33.5824086998
33.4368978113 34.3437792886 33.976553381 33.501806903 33.3000238701 33.5046305299 33.0043388946 33.5893274573 34.193533128 33.1816946602 33.729785771 33.1430138193 34.0776161887 33.4173672948 33.5460737611 33.4995007474 34.3815648207 33.0295349732 33.9241103239 33.5779122209 33.3172956662 33.288238239 34.2628950004 33.1115908733 34.0869150739 34.0439535106 34.1284003546 33.924773007 33.3809056225 33.969188611 33.4051895242 33.6267459045 33.3719007665 33.3919028812 34.0022414073 33.7225194663 33.9027848647 33.5522676395 33.5568489387 33.4695412528 33.8136702905 33.7341422133 33.5600386673 34.1252479267 33.0371714129 34.0463295987 33.9363495373 33.1868621668 33.8190759331 33.7028598094 34.1509353035 33.5773473906 33.4464185746 33.5820538891 33.1316029524 33.2329728446 33.5481262121
33.7637467876 34.0679981278 33.6616197743 33.314049782 33.0830234415 34.0391801098 34.4051116574 33.7064217549 33.2588427159 33.9596266368 33.0052406065 33.1061363179 34.2935918507 33.5174313797 33.0287814085 33.1695424126 33.2358896027 33.0462703415 33.929170284 33.076215433 33.315742949 33.3154540756 33.8252011289 33.1806686584 34.3360845067 33.8452281694 33.1080416036 33.0800246725 33.8395316178 33.9026779069 34.0984647105 34.0532540293 34.0100317992 34.4109706416 33.5826057117 33.1951043212 34.3020651653 33.6769778909 34.3872693881 34.0670966148 33.7381791031 34.3519637581 34.0474915311 34.2886723831 34.0184813158 34.2211492579 33.8127187927 34.1346529227 33.6661646397 33.5873562202 33.2576400479 34.273289302 33.9285366179 33.5113924687 33.2658083097 33.633850475 34.2887512356
