Spatial_Output/DEC/DEC_1142.asc
NCOLS 155
NROWS 192
XLLCORNER 196307.867259
YLLCORNER 449144.565805
CELLSIZE 33.573938
NODATA_VALUE NaN
[rows 52 to 77 of 192, columns 0 to 56 of 155]
28.0902387639 27.8487452776 27.747636699 27.6408505066 28.1414487819 27.9342117222 28.1006541519 27.5670906622 27.7164519107 28.1937060167 27.6510004862 27.8221263495 27.7040790834 27.9355186062 28.0146431186 28.0335830631 27.9243115479 28.008646956 28.0216772643 27.5516115946 27.6757439568 28.1423961489 28.1718801845 27.6347730962 28.0837325323 27.8460015027 28.0876258242 28.0721471702 27.777950651 27.7576293474 27.9743174724 27.6892303106 28.1777957963 27.670213045 27.5036238786 27.5838476577 27.6866934072 27.6246792654 27.7826278706 27.5626834975 27.6055723097 28.1491664403 28.010941418 27.6963444934 27.8666476631 27.7755741029 27.6132760996 27.8211475312 27.7163491893 27.8609188272 27.9880953061 27.8024843118 27.7560161496 28.1733641545 27.5081172393 27.8742234856 27.6832694747
27.5511231193 28.1979211197 27.8985078082 27.931884552 27.7983545105 27.6972553335 27.639373382 27.6347199288 27.6191702795 27.8743784511 27.9665770766 27.7278719993 27.7218957089 27.5499700754 27.7234739568 28.0142757417 27.6627130258 27.8542601113 27.5053849276 28.112294544 28.1138272039 27.651078833 28.1588973872 27.5309256544 27.6832621752 27.5529707727 27.6812241497 27.6440433303 27.9514234216 28.138451581 28.1989953669 27.9116815182 27.7542895602 27.5426432971 28.1420905507 27.5932212162 27.6908673987 27.7622656875 27.7783976863 28.1683802436 27.7412874493 28.0410257653 28.1189884386 27.8629997564 28.1222260924 28.1952538501 27.7042217806 27.56995746 27.507769606 28.1199435767 27.8860774436 28.1273688982 27.7947702109 27.9684626126 27.608521421 27.8919301677 27.6094554464
27.5791662052 27.6124434617 27.7419858827 28.1687131009 27.768568909 27.9043742232 27.9837582759 27.9219608835 27.5672571901 27.9982244581 28.0043380725 27.8002162239 28.0883312131 27.883675485 27.5005694398 27.555303842 27.6779609727 27.5065940701 27.8784057417 27.504874196 27.6616528303 27.6702978173 27.7530525164 27.521132565 27.9039949061 27.7872058746 27.741663121 28.1036758147 28.0421504484 27.500235956 28.027021578 27.8204838609 27.7383228981 28.0978839172 27.9899275559 27.6137258808 27.8435414368 28.0325073634 27.9272773854 28.0479951123 27.858062717 28.0011950911 27.9222601879 27.860385314 27.6907462912 27.7389973257 27.9222216273 27.7550824732 27.6284212938 27.736176998 27.7679643937 28.1087347933 27.6762692867 28.1232086503 27.5161075839 27.5441526726 27.7280293702
0 27.7104981457 27.809481004 28.1785400472 28.2029770679 28.1522666123 28.1333294563 27.9939109369 27.892677467 27.662902335 28.1002066227 28.0627415354 27.6929070998 27.8902357159 27.8279476772 27.8467878011 27.7063310845 27.9375051107 28.0261392949 27.6120712865 28.2043914723 28.0976434116 27.9997828424 27.9557164313 27.8508135096 27.5528124462 27.550135196 28.0038588144 27.9348505767 27.9106733816 28.0312211961 27.6067426931 27.5092363851 27.9335330203 27.5222774786 28.1127765962 27.6774578508 27.6129970529 27.6218393651 28.10102647 27.9307065082 28.039788185 27.9966580811 28.1203138584 27.5583497283 27.8955016284 28.1973246584 27.6036035104 28.0172801611 28.0946583086 27.9990530466 27.8235135528 27.8134632739 28.1262399237 27.730158816 28.009843674 27.7436234038
0 0 27.6759534545 28.1038502602 27.6304068911 28.0053476649 28.0675753925 27.7882861087 27.5376649813 27.8195718517 27.5876860026 27.79552154 27.9022050076 27.5365114058 27.9119601261 27.5670514287 27.9120438836 28.1661039455 27.7070482336 27.5862019858 27.9471623572 27.7472645675 27.5098670709 27.6026948203 27.5710979049 27.7037820496 28.0876684989 27.9717788782 27.9501694073 27.8829774485 27.9511003962 27.6184663451 27.651772189 27.785925737 27.6402884984 28.0370135139 27.9620785889 27.5973492716 28.0401789927 27.6930501573 27.8198534348 27.8331508288 27.8360316354 27.9385218972 28.1965535011 28.1865471972 27.6689209053 28.0388513036 28.0195787546 27.5452940905 28.0050219506 27.650143751 28.1469376493 27.9996922887 27.9416620487 27.7319228618 27.9728027721
0 0 0 28.1455484612 27.8723391762 28.1458738762 27.7036887374 27.6953801841 28.0493215745 27.7731985753 27.5240228633 27.8779960123 27.5565960003 28.0668565513 28.1143376424 27.9830654617 27.6678687108 27.5205203655 27.5284807659 27.6020641454 28.1464728964 27.7969624733 27.8534985671 27.5699419263 27.6486141035 27.8209058167 28.1564208945 27.9476715909 27.9963381768 27.5785811247 27.9022967457 27.9042417346 28.1352568815 28.0754368994 28.0944206815 27.9150090212 27.7810658349 27.97952763 27.5288592629 27.5087338472 27.800063252 27.7808516998 28.0625355289 27.9795728084 27.8003061772 27.8138848823 27.973070917 27.5365224599 27.8282243491 28.0984940688 27.7295059601 27.5055748909 27.5589122107 28.1739499056 28.0292528468 27.8998869056 28.0027947801
0 0 0 0 27.9452679604 27.5556201706 27.6769166156 27.6530592827 27.8873884292 27.6880092636 27.7610998227 27.9904187237 27.8843323398 28.1869362112 27.6238032306 27.7369135057 27.9468307049 27.9976277539 27.708441755 28.1900629138 27.6739672196 27.5713485206 27.5054964424 27.9604001206 28.1454775469 27.6460312396 27.9277349845 27.9954279464 28.1367538853 27.8117020491 28.1303512355 27.7995323241 27.6652637694 27.682930519 27.5843160791 27.7843314577 27.9801101061 28.1904695083 27.6515538096 28.0716554969 28.0443395295 28.0764316701 28.0748099039 27.8691986324 27.9689028905 27.501453903 28.0689252052 28.1031134883 28.0409617133 27.6978096864 27.744556428 28.1961746178 28.1021003567 27.593752764 28.1415849805 28.1356706181 27.7830326871
0 0 0 0 27.9575544902 27.7648177924 27.8636663046 27.8740600497 27.780756922 27.9731365222 28.063896568 27.7679046239 27.5106249703 27.8506833117 28.1800746371 28.066859358 27.9902115852 27.8918402958 27.5776670317 27.6108725237 27.562118136 28.0640789097 27.8409640336 28.0957975747 27.5661680548 27.6516219382 28.0182066696 27.7795209459 27.8814180172 28.1613409985 28.0582026409 27.8336241082 27.7886391794 27.9928647224 27.6927317856 28.201228872 27.6454542015 28.0838582311 28.1095964945 27.5218655281 27.8503795171 27.6656121558 27.7464829176 27.6408105434 27.7480936042 28.1843086783 27.8261830299 27.8885994622 27.5272747582 28.1371474913 28.0075796006 28.0080738094 28.0993148967 28.0591547432 28.0443450009 27.6311168334 27.6372807209
0 0 0 0 0 28.0919520868 27.832450718 27.9788537882 28.1017561019 27.5533332512 28.0089033838 27.7278490378 28.0107636231 27.7232905297 28.1440396662 28.0312087204 27.9411141912 27.7831979004 27.6103235155 27.500862906 28.0334373156 28.2056425887 27.5247716514 28.0084821728 27.8808172161 28.1173988204 27.5719604704 27.5397157136 27.8696837573 27.5901844219 27.910088186 27.6814352313 27.7894612413 27.9588509305 28.0705942178 27.5717311336 28.0843383527 27.9549354922 27.9800241597 27.7132170883 27.6586033679 28.0050919959 27.592192382 27.796820306 27.5471106574 27.7842305269 28.0331751689 28.1948715822 27.8100353836 27.538324827 27.7265194797 27.8998379533 27.5493542406 27.7928453427 28.1129532189 27.8062559569 27.9980686615
0 0 0 0 0 28.1073910028 27.7456989908 27.6889493044 28.1838911351 27.8867972295 28.078078729 27.7282027725 28.0409557839 27.7285576927 27.7112249107 27.8546201767 27.5958293361 28.0107022178 28.0659165739 27.69372536 27.7755725126 27.7608788924 27.7006332836 27.7837000244 27.5349430918 27.6500670329 28.0606966378 27.6507542758 27.9327910753 27.7657902468 27.7161455956 27.8770092387 27.6623409715 27.8665950238 27.9735721461 27.651863052 28.1779741103 28.0966243891 28.0616406264 28.0593607897 27.6436802624 28.1207668692 28.1353745805 27.5630301881 27.9626437323 28.0046311288 27.668210491 28.1206946492 27.6333268927 27.761392692 27.8041290863 27.5228240955 28.1480558947 27.8950630083 27.8204343483 27.5197075237 27.6231733586
0 0 0 0 0 28.0809280405 28.0427444336 27.541485883 28.164059166 28.0779220337 27.7405967138 27.6484775578 27.7613775467 27.7355805844 27.933582564 27.7901801608 28.0906476304 27.6724192812 28.1151180799 27.8767786844 27.7727466747 27.8243034833 27.566193932 27.9709015937 27.9310958825 28.0568412592 27.919158786 27.9488318238 28.1375449499 27.5376916194 27.8862280279 27.8410520489 27.878651713 27.9591073723 28.0444839372 28.1012029724 27.5715238843 27.9376161617 27.8301648725 27.8936923008 27.9806838472 28.059969099 27.5674490189 27.6961133604 27.6183111697 28.0201865247 27.8815979723 27.5744291502 27.9106666471 28.0939854566 27.801808962 27.8341393932 27.6027747986 28.1648276777 27.5871737823 27.62492536 27.8928473896
0 0 0 0 0 0 28.0709205924 27.7659719199 28.1137572654 27.550463245 27.5683308782 27.6842665126 27.7325712198 27.6667726034 27.9128809932 27.9911315108 28.0614107953 28.002959061 28.2044552069 28.1211846732 27.6294352311 27.5142798917 27.501154752 28.1674148345 27.6720225723 27.5373410759 27.974641102 27.8536049862 27.740258565 27.6941004722 27.5044615048 28.0354451046 27.5750389427 27.6009364 27.8909112661 28.2053893847 27.765713466 27.9258798409 28.0642875562 28.1571853562 28.2023278296 27.7895461065 28.2010201606 27.7244342349 27.563612063 27.7710805914 27.7456017601 28.0831869916 27.7947972471 28.1893904858 27.9624048034 28.0554537822 27.7121636681 27.9674083678 28.0631615107 28.1016185389 27.5046405557
0 0 0 0 0 0 0 27.8807899061 27.6354305016 27.8904253304 27.947246741 27.8904825702 27.7703002033 27.6582800775 27.6227914374 27.5497258836 28.0760208028 27.7218843775 27.9178884654 27.6862371834 27.8766269653 27.5063165231 27.9013023759 28.1716830623 27.776729625 27.8598142533 27.7070043673 27.5055229408 28.1817664109 27.9564211704 27.6536651048 27.8513379108 27.8277041448 27.9685052317 28.1778087366 27.5446634005 28.1746690904 27.6782432903 27.794406517 27.9998948662 27.7606469375 28.0246805646 27.8195978062 27.8296662813 27.7485176892 27.5817020112 27.8728764943 27.5637939866 27.9486324152 27.9697873907 27.6327232665 27.5176825605 27.7208665647 28.1736186768 27.7490079408 27.8152615763 27.8091278481
0 0 0 0 0 0 0 0 28.1683063585 28.1276888661 28.0386682128 27.6777989096 27.7440994206 27.7834917285 27.7967186609 27.5076063429 27.6969303965 27.5684058558 27.9245672184 27.7828331015 27.6189416706 27.6955130462 28.1156001718 27.8976333538 27.6632598482 28.1892415059 28.1968337132 27.7777550291 28.0886978506 27.6276651667 27.7249213113 27.677402018 27.6324563463 27.5051991564 27.8063730966 27.6117207125 27.8010895617 27.9835042176 28.0868080207 27.9638593823 27.8470385866 27.9620195095 27.9798248994 27.9439338032 27.5835422229 28.020873384 27.5063341488 27.9140466394 27.7236234295 27.9549033483 28.1697058372 28.1980885042 27.6699014633 27.6630250387 28.0243036606 28.0607017243 27.9026130647
0 0 0 0 0 0 0 0 0 0 27.7697448043 27.9318852697 27.9351247809 27.7680186016 27.6413228799 27.7415809622 28.0727122401 27.7930376468 27.6897416916 28.0221546841 27.9134695632 27.6301830631 28.0234432438 27.8792533152 28.1284574661 27.5103855264 27.8914118394 27.7724913013 27.9661520744 27.596022296 27.6011158494 27.8051661737 27.546343809 27.6660867316 27.6355537542 27.5149690566 27.5524915362 28.0943848241 27.9534815447 28.103489182 28.0880019618 27.6775494709 28.185843056 27.5398080709 27.7458325706 27.5846378851 27.7327248014 28.0503852526 27.7028486582 28.2055528933 28.0486688401 27.7957140105 27.5418332146 27.6090008224 27.8596936383 27.7212051608 27.6496354657
0 0 0 0 0 0 0 0 0 0 0 27.6620833342 27.6212291325 28.1246607994 28.1832110904 28.1847605972 27.5805438601 28.1655655786 27.991578603 27.8980608376 27.6638367278 27.8151164927 27.627633925 27.5824226727 27.5485408078 28.099650528 27.6311331077 27.776495097 27.7561295871 27.7486295187 27.9487430723 27.5262211877 27.5666527272 28.112119861 27.906571618 27.8485127248 27.9544946785 28.0735107837 27.5116919263 28.0268341201 27.8478088792 27.9222948293 27.8076040262 27.6702361456 28.189586391 27.8730336231 27.6881711078 27.938985058 27.75228131 28.0016103618 27.516109909 27.5520075563 28.1331559923 27.8793420576 27.6970124522 27.6038491472 27.992431885
0 0 0 0 0 0 0 0 0 27.6379985287 27.7713120323 27.876752404 28.056285426 27.9632577718 27.8393693719 27.9403681344 27.5193422137 28.0431235239 27.8160472113 27.5228296079 27.5331934482 27.6392526633 27.7923629214 27.9749192453 27.9346961883 28.0718199834 28.1371677149 27.7239848626 28.0101069856 27.8702783109 28.2014600791 28.0477401707 28.1349158542 27.997179119 27.7597236955 28.1637114615 28.18605654 28.1996213104 27.8809864235 28.1598606339 27.7779661969 27.5123912819 28.1351951347 27.6039522907 27.6721903079 27.726531989 28.0020062922 27.8138713509 27.9979290823 27.8991739956 27.5197377353 27.6378569263 27.5651142285 28.1929178702 27.926426857 28.1474342726 27.5232949914
0 0 0 0 0 0 0 0 0 28.1091726065 27.5838718272 27.9821737644 27.6869002299 27.6286846153 27.7282934366 27.9482008031 27.5466831682 27.9078603124 27.8365627832 27.7904369226 28.0661869082 28.0520477622 27.923733934 28.0580292174 28.1024972811 27.7045809656 28.0853588336 27.9058098199 27.6961592273 27.9854623847 27.8852501296 28.1728650185 28.2026345004 27.5735438267 27.6334917766 27.5493521444 27.709363889 27.7805247434 28.1578351189 27.9074301653 27.6567313963 28.0528995367 28.1669748834 27.8797796654 28.1391395709 27.6830632732 27.7369786998 27.7055694203 27.5777527849 27.9587473106 27.8339354217 27.7876007166 27.527505128 27.7658108928 28.0131981209 28.1193918862 27.8368378044
0 0 0 0 0 0 0 0 0 28.026457993 27.6763486034 27.7571727099 28.1321939177 27.5985451179 27.6621893905 28.1806678794 27.6945481899 27.6958498724 27.534462869 27.6154468362 27.5150714191 27.9119477482 27.8373772676 27.6264673934 27.9779790913 27.7848740741 27.762965494 27.5533643886 27.872348156 27.7946970909 28.06881376 27.5381887922 27.8987665102 27.9443817554 27.7452474828 27.7771697965 27.675905241 27.8859763716 27.5761283503 27.5594485649 27.8601834432 27.7374947976 27.6264801896 27.6179667426 27.8122778944 28.1965261011 27.768426154 27.7873561925 28.1798094672 27.5802294545 27.8683350305 27.5850859177 28.1451255109 28.1202447642 28.0794167266 28.0015332591 28.0043705467
0 0 0 0 0 0 0 0 0 27.9020884896 28.1926594577 28.1334576478 28.1952496733 27.8290554323 28.1732325359 27.8887105902 27.5736532581 28.0974721315 27.8065933882 28.1751735511 27.8615373426 28.0965744651 27.7616828438 28.0037504886 28.1792874914 27.7227407316 28.1033766658 27.5544161764 28.0291178687 27.9882405439 28.1599013324 27.700983582 27.6337398646 27.9666605453 27.9088681947 27.9891661072 27.9544927228 27.9811542738 27.5721527426 27.5850652802 28.0407391453 27.8432684226 27.7583634399 28.0479808248 27.7649694595 27.6154791747 27.6521831912 27.6323161122 27.5272838996 28.177908713 27.7281641483 27.9861162846 27.8388139071 27.6023689884 27.9766825464 27.7422726299 27.8336895613
0 0 0 0 0 0 0 0 0 28.0647585817 27.6282390904 27.9755847732 28.1421333463 27.8493109607 28.1930191755 27.7661294612 27.7547191569 27.9629888211 28.1585556572 27.7438657999 28.0260705414 28.1327233952 27.6764369677 27.6265529754 27.6577984873 28.1602187987 27.6256838744 28.1997993367 27.6497818113 28.0182833127 27.7525998127 27.9231368722 28.1891369019 27.5431769536 27.9937184273 28.09021505 27.5250158078 27.8779232065 27.6508607404 27.9490221641 27.5232874647 27.9514025741 27.8413101356 27.7978512392 27.9095427543 27.9492806038 27.6728946307 28.0544494477 28.0064075978 28.2045465086 27.9585816634 27.9073157157 27.8570418788 27.8199198745 28.1829213035 28.1367336683 27.8366328383
0 0 0 0 0 0 0 0 0 28.0940238169 27.6908404623 28.1320935441 27.6236085644 27.7011700645 27.5659666718 27.8686430326 27.7895122497 28.1454798437 27.6305102115 27.5003857318 28.1702598936 27.8759736124 27.7545789433 27.9552412155 27.7589564184 27.5554216027 27.9813721216 28.1089717071 27.87344508 27.6592868569 28.1836734192 27.5669002804 27.8545839184 28.1252770831 27.5324240645 28.1877945673 27.6659005461 28.0884500011 27.704062947 27.957440986 28.1366840634 27.8418036547 27.8211124783 27.6195477828 27.8852401951 27.9322894871 27.609219343 28.0394635695 28.067623532 27.9187824749 28.1262052852 28.1212808965 27.9236814421 27.5380306255 27.6648128789 27.553961787 28.1891283343
0 0 0 0 0 0 0 0 0 0 27.5145014714 28.1908421491 27.7125322004 28.0166445587 27.6075498016 28.2012745214 28.1308139142 27.9513512465 27.8587438122 28.0123500649 27.576259771 28.1664279084 27.7956922408 27.5096581701 27.5264840133 27.7800257431 28.1332614956 27.5904340727 27.9460205343 27.7643212457 27.6640814879 27.6275651339 27.9141716473 27.9298014213 28.1204228673 27.8833093236 27.8407896514 27.6776718019 27.6182812748 27.8770550676 28.0938046062 27.9713605502 27.8188635394 28.1364902464 27.701217815 28.0680101693 27.8038222482 27.5934239413 27.6637455477 27.8982774933 28.0168273402 27.7681259446 27.5656149464 27.640180542 27.7821960772 27.9734786729 28.1198147576
0 0 0 0 0 0 0 0 0 0 0 0 28.2000326308 27.9535232689 28.1465443248 27.7156105274 27.7850295016 27.9639626096 27.8189618949 27.7237805263 27.579790402 27.6327510227 28.1145991759 27.7469659349 27.9397905135 28.20377085 27.5543670269 27.9807811801 27.543353747 28.1747743006 28.124921568 28.1769836996 27.6423563663 27.6653019687 27.5556588681 28.1236660404 28.0404319859 27.515196497 27.7922361598 28.1869433051 27.7782171966 27.8631653504 27.5704712044 27.7676395619 28.1403973145 27.6637139735 27.8992296455 27.5312241595 27.7721750406 28.0490224611 27.6823167262 28.103141033 28.070756087 27.9509737782 27.8127168376 27.9460589434 28.1506461122
0 0 0 0 0 0 0 0 0 0 0 0 27.6811260867 28.0469700355 27.7093690293 27.6884601699 27.8689072618 27.6752781455 28.0584574629 27.6291226819 27.9487016793 28.0502350229 27.8449145028 28.0712621023 27.7753597218 27.7761874008 27.9357455263 27.9420044468 27.602831007 28.082904045 28.1619683031 27.8917398169 28.0805623981 28.1744187077 27.7196923396 27.7392212059 28.1798454762 27.9844269583 27.7884865978 27.5332321569 27.977099264 27.6973613335 27.9840121748 27.95394599 27.8649565354 28.1289538798 27.6919395112 28.1672357909 27.8891323197 27.5761708595 27.9219807384 28.1956813461 28.0282384473 27.6368134383 27.551036139 27.5442115198 27.7197173248
0 0 0 0 0 0 0 0 0 0 0 0 28.0616083683 27.5417141605 27.6523961309 27.5730270606 27.7956712122 27.9254541969 27.5588241773 27.6091584247 27.8817796512 28.1645856877 28.0024910435 28.0316896178 28.1287007571 27.5312863873 28.0395048434 27.8376808947 27.5539782836 27.7799651411 28.0406337519 28.1125954177 27.5260929913 27.6038179368 27.9222310369 27.592110644 27.5637444934 27.8898216875 27.7460332541 27.8648746931 27.6652502427 27.807610706 28.1138390797 27.5982818745 27.5038720006 28.0403290769 27.7820838924 28.0896373986 27.6680937388 27.9681147005 27.9401290683 27.7630669976 28.1975977443 27.5241135678 27.8777102001 27.8757657499 27.7081986061
