Spatial_Output/DEC/DEC_0190.asc
NCOLS 155
NROWS 192
XLLCORNER 196307.867259
YLLCORNER 449144.565805
CELLSIZE 33.573938
NODATA_VALUE NaN
[rows 78 to 103 of 192, columns 0 to 56 of 155]
0 0 0 0 0 0 0 0 0 0 0 0 0 46.7917426807 46.655235568 46.6981386453 46.1007860487 46.1569556153 46.3838824004 47.2354482093 46.4999277773 46.3764131976 46.2510958861 46.4162571683 47.1785736535 47.2396293121 47.2941834727 46.6099353398 47.0936727933 47.0454817797 46.3180068226 47.2059838504 46.0297032404 46.9097912174 47.0707359558 46.944394188 46.7346343479 46.517895134 46.4356170083 46.2393764909 46.2723669505 46.1417717876 46.9451447829 47.1161335153 46.2738146904 46.106608294 46.8037603196 46.0549797053 46.6465819937 47.1859160074 47.1032648304 46.9683093066 47.2217341364 47.287840952 46.0870838351 46.8293913215 46.1424173034
0 0 0 0 0 0 0 0 0 0 0 0 0 46.3654051113 47.1239152219 46.8348775838 46.0114042224 46.5707191914 46.8572856642 47.3698331168 46.2479347752 46.6029865744 47.1416563464 47.1909517049 47.3652109226 47.3148476512 47.1556652433 47.2744213883 46.0151266938 46.9920123328 46.1126845463 47.3172929709 46.8137127158 46.2412325123 46.3660388402 46.27910845 47.1627176351 46.0211038079 46.1271859183 46.862796833 46.3004391896 46.0372746312 46.1275000643 47.3001766197 47.3519254492 47.3752506016 47.0320835239 46.2088048717 47.1038476622 47.1847659058 46.3447615487 47.3796400161 46.6756110672 46.5269612283 46.6880052534 46.2901772415 46.4384094693
0 0 0 0 0 0 0 0 0 0 0 0 0 46.2505787616 46.4200838566 46.1972469984 46.9484680808 47.3915264601 47.2472572245 46.6926435186 47.2093096581 46.7337794484 46.8758130951 46.876198261 47.1310236853 47.4133508566 46.5822333965 46.7385543153 47.3426516148 47.1704491401 47.3890749662 46.4180541124 46.747990987 47.3984510248 46.0544384503 46.7169188882 46.4841599726 46.579875546 46.7693480528 46.8486852399 47.3064016459 47.099284198 46.0538465879 46.7351168108 46.9386129781 46.0678720787 46.793398569 47.3636958671 46.9797451993 47.0209403846 46.1917606392 46.6056718126 47.3870629951 46.5264686798 46.8847547348 46.6695578942 46.3678750516
0 0 0 0 0 0 0 0 0 0 0 0 0 0 47.1599084219 47.4136801241 47.021131225 47.025542988 46.422971797 47.2834951356 46.1958308457 46.572381852 46.9337455912 46.3920459178 47.3724687028 47.3077928144 46.5830202744 47.2576889382 46.5559602713 46.2231135603 46.8601318105 47.3074445482 46.3133330642 47.1769912579 46.7221507245 46.5227340372 47.2593862909 46.2240589345 47.11459091 46.0082981074 46.4107462434 46.7495985161 47.235005409 46.1856107261 47.2730906555 46.8882883733 47.1786363594 46.5418499877 46.0316445185 47.204516585 46.7794963452 46.9865575717 47.2674000775 46.2550884327 47.3959010329 46.7166510661 46.8210136293
0 0 0 0 0 0 0 0 0 0 0 0 0 0 46.5165477656 46.1038582764 46.751809291 46.1543984 46.7359827659 46.7387713303 46.8689267292 47.3598118529 46.071102648 46.7798348056 46.29523938 47.4041004331 46.9159292578 46.0712703755 46.8401353452 46.4207995279 46.1680854976 46.1661245 47.0133469535 46.8044928303 46.4054209895 47.1467634685 46.3610004759 46.2318007565 46.4202197639 47.1041815315 47.3312715404 46.4376316576 46.0594606838 46.1030735725 47.2070490495 46.0505053617 46.0225689223 46.8754024163 46.7167489331 46.741535966 47.3602875259 46.720998748 46.1133988899 47.2560163436 46.7915172566 46.3057674821 47.1781316959
0 0 0 0 0 0 0 0 0 0 0 0 0 0 47.2581679761 46.6783228783 46.5756181951 46.0488387331 46.8860663532 46.3681275897 47.2413225106 46.5519698012 46.574561737 46.9304252548 47.3088262703 47.0255371198 47.1465016455 47.2686635302 46.0253153544 46.0245266897 46.2971641676 46.8074850801 46.4627592295 47.3671119177 46.9160110156 47.3483466863 47.1294728082 46.0127136092 47.385320412 47.3290901259 46.0344433715 46.6428881872 46.2995662523 46.5111743128 46.751532223 47.0499297992 46.8148145916 46.5481279028 46.0900941138 47.1932532349 46.6668580935 46.5989739747 47.1703416294 46.3268431202 47.1218715653 47.2348298347 46.9317201607
0 0 0 0 0 0 0 0 0 0 0 0 0 0 47.239825805 46.2340069217 47.2165283136 46.7241689606 46.0075024847 46.1124338968 46.9867841885 46.5282750485 46.0584038789 46.9681647716 47.1416066466 46.8668151249 47.2787363107 46.6549982348 46.2194722705 46.5903929844 46.8205464645 46.4088253607 46.923615203 47.0575627591 46.2401164768 46.9137214299 47.207195191 46.3602348237 46.4196024144 47.2054624808 47.0399723013 46.0649816072 46.773392392 47.3336065023 46.2382725113 47.410847627 46.6641085418 46.0174912991 47.3824765274 46.842044794 47.195369771 47.0636023057 47.330167297 46.5184875118 46.1944461755 46.8567790705 46.6752055287
0 0 0 0 0 0 0 0 0 0 0 0 0 0 46.8771069141 46.6281581144 46.6878970566 46.7365265696 46.0341388327 46.0697027033 46.5829816474 46.0979327335 46.2943892576 46.795130053 46.9215827314 46.1555622255 46.1814375245 47.0983957048 46.0999902301 47.1382426548 47.0711381062 47.2506868622 46.1200400417 46.7860810776 46.8123432694 46.2873958743 46.706773656 46.00986591 46.3113323689 46.0969814102 46.5281670829 46.4324737565 47.0004748463 46.6335279417 46.3619357425 46.462649657 47.0990632814 47.3008235425 47.4111516057 47.142186656 47.0816955951 46.9704413361 47.2083918025 46.5290337521 47.2272187897 46.2658183459 47.2337316778
0 0 0 0 0 0 0 0 0 0 0 0 0 0 47.2825150539 46.2578611095 46.5811337837 46.5184010869 46.5293762869 46.2121351591 46.3599425947 46.2248610219 47.2754855425 46.5089952197 46.8548962932 47.2519575919 47.2550720607 46.3975159149 47.1276963585 46.2569708419 46.6523342343 47.0658741243 46.6998542082 47.2092340456 46.8409491358 46.6270847723 46.8751408067 46.1719002789 47.1160753077 46.0133345397 47.1171442009 46.2303929012 47.3117334107 46.0880425261 46.637876449 46.352360683 47.2116898308 47.1650235711 46.6684103405 47.2423449158 46.3109163473 46.0840643553 46.9774523845 46.3746308632 46.316547365 46.9565470983 46.4244047428
0 0 0 0 0 0 0 0 0 0 0 0 0 0 0 46.2112874371 46.1156953759 46.341929933 46.239901961 46.0608604738 47.0797398901 46.4757114639 47.1176165585 46.3484509067 46.1690229261 46.8382603675 47.0497965437 46.6698603536 46.7271413605 46.1506702917 46.3317124549 46.3730624839 46.9254440389 46.7476038499 46.1153260046 46.2131296097 47.1915165868 46.1694326252 46.7631275544 47.0557869366 46.5405778656 46.3147853977 46.6796004306 47.1817395391 46.1044738984 46.3132720691 47.2481301878 47.2416784581 46.8326454533 46.8516265102 47.2010432939 46.7723935961 46.4316629491 47.0703894468 46.4858734128 47.2125507471 46.2287312534
0 0 0 0 0 0 0 0 0 0 0 0 0 0 0 0 47.1302780139 46.3387062356 46.885239852 46.5752032382 46.5382116268 47.1772134314 47.185243722 46.8967919651 46.1885876449 46.2239838655 47.0989887801 46.5204637735 46.5605178558 46.2552144999 47.126425984 47.0114276324 46.5142246679 47.0648451834 46.5694569527 47.036557499 46.4848632097 46.6189324577 46.1917392419 47.4126847717 46.5402684209 47.1264161092 46.1722047675 47.0202136698 46.4088714822 47.2356538301 46.7968528345 46.9434363036 46.8266800762 46.7033327033 46.6390432549 46.6981724098 47.1942080694 46.9564191276 47.0274069084 46.5294129764 47.3298695313
0 0 0 0 0 0 0 0 0 0 0 0 0 0 0 69.7571762143 69.7571762143 46.1888994543 46.634284371 46.7509138736 47.3104899232 47.2042368668 47.0518407245 46.9468370648 46.4612291499 46.9977074542 46.853482949 47.3144636507 46.2764255586 47.1438046356 46.7972499161 46.0274020348 46.179572091 46.478452806 46.3817652711 46.6773700639 47.2971155878 46.3493291081 46.5122577836 46.6495446025 46.285182267 46.4516618692 47.2060488549 46.6400433842 46.6068942883 46.5890397693 47.3820761037 46.4577171318 46.8709715389 46.7903769572 46.4452071951 46.2809437271 46.9281758041 46.1254045277 46.8556504834 46.1717797326 46.9986216248
0 0 0 0 0 0 0 0 0 0 0 0 0 0 71.1128159093 71.1128159093 69.7571762143 0 46.140443595 47.1225738815 46.0282392961 46.9071427066 47.0069859384 46.9366985366 47.0192009903 46.8103954282 46.2721168791 47.3775777391 46.0840214614 46.9690378435 46.8110867082 46.2494166457 46.0563827103 46.6674089768 46.8239949667 46.3241479472 46.646455851 46.8921451097 46.4156488281 46.1811116288 46.3901638945 47.2050113808 46.1363842043 46.4280600608 47.1216637045 46.8173768775 47.3576492072 46.8027218061 46.7799107791 47.4018192922 46.0209639044 46.3734417491 47.3090083151 46.8618157974 46.4334821487 46.3335998923 47.0582052403
0 0 0 0 0 0 0 0 0 0 0 0 0 0 71.1128159093 71.1128159093 0 0 0 46.587348984 46.6870602888 46.9895998486 47.3497408781 47.2725233894 47.0169142988 46.3484809524 46.9690769168 46.1140321686 47.0386148815 46.1877684091 46.5574230089 46.96618838 47.1900907777 46.8378069655 46.4076715429 46.1714692301 47.397681122 46.1849145144 46.1342678546 46.8009258045 46.8981104637 46.5579056419 46.8397401322 46.5366949384 46.9286848315 47.078201998 47.385288072 47.3607360521 46.4830063736 47.1264705067 46.8584889638 46.9001738868 46.6727205705 46.8882701587 46.149371201 46.1936029609 46.200458015
0 0 0 0 0 0 0 0 0 0 0 0 0 0 0 0 0 0 0 46.798362678 46.4129349374 47.3501197809 46.3948513095 46.8621990785 47.2142368355 46.7555217825 47.043928369 46.266383549 47.332539297 46.8177207747 46.6339345768 46.622397478 47.2044377485 46.4897885973 46.3512259179 46.4358632507 46.9743092749 46.987814372 47.3041538415 47.1169343729 46.0923031207 46.8875882883 46.0202780478 47.2300476439 46.8341060032 46.7954003665 46.2790385644 46.4628498626 46.6729104378 46.6383994996 47.3824511337 46.3879119397 47.384655901 46.979632329 47.3131418451 46.2094441494 46.9584418942
0 0 0 0 0 0 0 0 0 0 0 0 0 0 0 0 0 0 0 0 46.7621643753 46.7267632302 46.3981863418 47.2979152264 46.5289738657 46.6029061951 46.8237424636 46.9186010575 47.3703038216 46.8666098368 46.6634376382 46.2564040857 47.0632800108 47.3244882209 46.7626663059 46.212059652 47.0371527639 46.0463927373 47.0481565446 47.1398903146 46.9922608219 46.6822883538 46.8862414025 47.1123378479 46.090162485 46.4027808802 46.5383136285 46.0731684682 47.4126581061 47.2570062778 47.063282415 46.5627835929 46.252316735 47.1438791479 47.1097373519 47.3909729289 46.0692175245
0 0 0 0 0 0 0 0 0 0 0 0 0 0 0 0 0 0 0 0 0 0 47.1624496392 46.5325253249 46.1424608415 47.3598203794 46.4756923632 46.0426987595 47.0392685912 46.4562469221 46.6943009119 47.142879799 46.695287684 46.3965074532 46.0751685653 46.251263495 46.1171741124 46.2858925638 46.9334733266 46.4746617868 46.3977399892 46.8464194867 47.2710308125 47.1205401432 46.4982348496 47.1559893367 47.3260727967 46.5335178128 46.3961529978 46.4150226173 46.0143276692 46.0769585625 46.133302931 47.0202778398 47.1389731207 47.1607318978 47.3651265539
0 0 0 0 0 0 0 0 0 0 0 0 0 0 0 0 0 0 0 0 0 0 47.043622286 46.6086074919 46.0300128082 47.2842905184 46.8155001875 46.9977745457 47.2151725564 46.2686692845 46.7475267136 46.5870591696 47.2317428163 46.4827850287 47.0057243929 46.8468810873 46.1566428904 46.1484091541 46.5978258929 46.8238757086 47.0777810737 46.1118296862 47.3344304096 46.794235781 46.9305354169 47.2610871385 46.2833994195 46.8208554329 46.6319078126 46.9514531392 47.2082113931 46.4287204761 46.8564047146 47.394090112 46.7531506285 46.4542901498 47.3926914391
0 0 0 0 0 0 0 0 0 0 0 0 0 0 0 0 0 0 0 0 0 46.156738493 46.9477132749 46.5639924865 46.5667527206 46.0611876971 46.8321326541 47.2221995329 46.6558319022 46.4383543292 47.3591698767 46.6822262048 46.7998774049 47.1941018363 47.0345525512 46.4996831453 46.4174669818 46.5786878421 46.2471410549 46.6483607528 46.2424945578 47.1386923998 46.8113102928 46.9642820183 46.3101416043 46.4996733103 46.3073726697 46.9946598414 47.2860695299 47.3612701695 46.4805820835 47.2869671847 47.4108845729 46.5533195061 46.2828733064 46.7600301792 46.9449179208
0 0 0 0 0 0 0 0 0 0 0 0 0 0 0 0 0 0 0 0 46.5942599623 46.7076577057 46.9631266344 46.0580271967 46.8573256476 46.9195285742 47.373122301 47.2924203279 47.3448746912 47.3413597873 46.467808497 46.1226613664 46.4170911942 47.0529257077 47.1209890185 46.6635645036 46.7771822085 47.1466170506 46.282860069 47.402710541 47.0058573303 47.0704031963 47.031979015 46.8274687048 46.0606430327 46.9434785512 47.127959163 46.4600653182 47.2338843438 46.5767484234 47.066419246 46.2100706053 47.2783368084 46.8064352607 46.4027215466 46.5327338357 46.7205022966
0 0 0 0 0 0 0 0 0 0 0 0 0 0 0 0 0 0 0 46.939289126 47.1904678129 46.1890834745 46.6002139282 46.521543515 47.017491452 47.2303566008 47.2542134898 46.860254799 46.3589483442 46.0379701111 47.072985687 46.8088663966 47.0806859024 46.0704591041 46.250679346 46.93315756 46.098112612 46.9026906703 46.787994868 47.1855584436 46.6767293266 46.4909469381 46.9193604984 46.8425487195 46.2979921791 46.8261063506 46.2142159776 46.8670665064 46.6567102663 47.2230891099 46.3277568568 47.0503265593 46.4498887727 47.0650155546 47.0927486963 47.3860386302 46.2910665936
0 0 0 0 0 0 0 0 0 0 0 0 0 0 0 0 0 0 0 0 46.0374554072 47.1585758845 46.5134525255 46.1795845685 46.3672081539 46.5013290037 47.2840249907 46.3118049921 46.2642970638 46.1501732729 47.178154302 46.4735968047 47.2748362265 46.6725199761 46.7752448648 46.0421484656 46.4025054218 47.145001779 46.2530496161 46.5814386315 47.3157415392 47.2619779885 46.5547648649 46.3202904864 46.6518940068 46.9743890591 47.0300408219 46.7109729886 46.1297804538 47.2056242884 47.2176472124 46.1612191416 47.1546744158 46.9787117083 46.2000239498 46.1663238335 47.2460236754
0 0 0 0 0 0 0 0 0 0 0 0 0 0 0 0 0 0 0 0 0 46.392773485 47.1643381409 46.9255355716 46.59056507 46.2831245888 46.1803107037 46.3550655636 47.177513886 46.7693523315 46.8250504871 46.3530920297 46.3315813756 46.9174016824 47.3801461173 46.0964656982 46.1157927077 46.1212842198 46.1986137444 47.2508071104 47.104744967 47.0325247945 46.4668932135 46.6423647677 47.2049880233 47.2637819914 46.7131772491 46.340825274 47.2388685766 46.7182864383 46.1486648753 47.4023113199 47.1114305842 46.1562194728 47.0420072664 46.5531023553 46.9334596917
0 0 0 0 0 0 0 0 0 0 0 0 0 0 0 0 0 0 0 0 0 0 0 46.5927199147 46.2811440883 46.3009373315 46.4914264546 46.9923410779 46.9229903579 47.037270096 46.1517690498 46.6407766193 46.1131531202 47.0544544805 46.9281963351 47.03819105 46.8113356216 46.3815846716 46.2909990212 46.6979419425 46.4410693172 46.1753915299 46.8292620707 46.3980196544 46.3407631482 47.3866598983 46.7934985992 46.3345666824 46.3575555735 46.6379821024 47.0703498898 47.161126698 46.9925233016 46.9855994603 46.9092694475 47.2370814153 46.5943865966
0 0 0 0 0 0 0 0 0 0 0 0 0 0 0 0 0 0 0 0 0 0 0 0 0 46.8680836462 46.1416404295 46.5693047405 46.2632821534 47.2284331998 47.2858717794 46.7677708415 47.1797496279 46.1536020895 46.5889135782 46.2923179783 46.0296958167 46.4647586295 46.5443872771 46.2952461146 46.6483162635 46.0183165393 47.1496754706 47.3041685751 46.7332097656 46.3130370532 46.9876512008 46.9301412216 46.5428266135 47.0893101456 46.5200181212 47.3581635051 46.153153576 46.6903418864 46.0581178297 47.3178157927 47.1932656494
0 0 0 0 0 0 0 0 0 0 0 0 0 0 0 0 0 0 0 0 0 0 0 0 0 0 46.3574983975 46.9503350189 46.7343507761 46.1333473537 46.7796289354 46.2137059674 47.0538472817 46.7104324043 47.1998056627 46.1639300314 46.9581299832 46.8887199697 46.1258608621 46.9321556981 46.7649705843 46.9807390559 46.1221618954 46.3826651456 46.6853666688 46.3031883193 46.6174909365 46.419586208 47.1259550133 46.0081577031 46.4582956047 46.6924647071 46.3878985969 46.9053149368 46.8462877992 46.8723700895 46.5708147511
