Spatial_Output/DEC/DEC_1061.asc
NCOLS 155
NROWS 192
XLLCORNER 196307.867259
YLLCORNER 449144.565805
CELLSIZE 33.573938
NODATA_VALUE NaN
[rows 26 to 51 of 192, columns 0 to 56 of 155]
0 0 0 0 0 0 0 0 0 0 0 0 0 0 0 0 0 0 0 0 0 22.9133412252 23.1399583914 22.6675435011 23.1466223296 22.7232653684 23.0556801116 23.0231649187 22.6344310228 22.5307446875 22.566021592 22.7969578759 23.1185759366 22.8455930125 22.8531332341 22.6569904189 23.1301194397 22.8341820506 22.5730622674 22.654744164 22.544828423 22.5517618388 22.9775862036 22.7122443639 22.7939419153 23.16027986 23.0597798329 23.0408078281 23.178003353 22.9471542899 22.9643920426 22.8034931857 22.9259973406 23.1702075238 23.0169011007 22.9144291471 22.9811294923
0 0 0 0 0 0 0 0 0 0 0 0 0 0 0 0 0 0 0 22.5559716616 22.5916146089 22.998044298 22.7052630199 22.6975055362 23.1759338479 22.6898853008 23.1350748131 22.5261007644 22.8680446649 23.1852843283 23.0602064551 23.1898110651 22.9177643536 22.6019964235 22.9374654534 22.9703112779 22.6841040452 23.1714107061 22.8308161391 22.609078283 22.5145278669 22.59868386 22.5227126399 22.8695871299 22.8123975468 22.7624004035 22.6741637103 23.0307377402 22.7315858512 23.011426356 22.5962367301 23.0517118596 23.0573883945 22.7853203242 22.5994700182 22.606489625 22.9557457574
0 0 0 0 0 0 0 0 0 0 0 0 0 0 0 0 0 0 22.7700440182 22.5152881154 22.9576158598 23.1761038371 22.8782754175 22.5120331645 23.1369353271 22.9591979742 22.9164010362 23.0068923787 22.6650088476 22.8738568954 23.0531099285 22.5957270781 23.1572555414 23.0998432557 23.0266770052 22.8001009026 22.6817346877 23.1132357518 23.1781059899 23.0761371049 22.5266475254 22.646062578 22.9546642323 22.5513675516 22.7650875873 23.1753402069 23.0031264063 22.5826265613 22.7005768824 22.7701276037 22.7399119503 22.5173229955 22.7461678425 22.8263119541 22.7722692064 22.517974161 23.0976276887
0 0 0 0 0 0 0 0 0 0 0 0 0 0 0 0 0 22.9677479287 22.5454497421 23.0683460494 19.4704384482 14.6259839328 22.6216805487 22.574012926 23.0914397386 23.1935384294 22.8409810077 22.6018993137 22.607031721 23.1765127704 22.6064447259 22.6961870781 22.6889395884 22.9630439912 22.9166557746 22.7881005074 23.0109943648 22.7415113461 22.5288169952 22.5615036121 22.779458055 22.6240246391 23.105840557 22.6929168664 22.5524129208 22.6875730729 22.7899984489 22.6196144708 22.8207216481 22.6186052579 23.0868063838 22.927040256 22.5220945038 23.1908898272 22.5622600904 22.9992021209 22.5501577131
0 0 0 0 0 0 0 0 0 0 0 0 0 0 0 0 22.8110948876 23.0321019603 23.1407763646 20.6339117113 27.98380973 28.2315694601 22.9878447472 22.6473245246 22.6533653544 23.155722993 23.0745697014 22.9195173799 22.916625284 22.6429668458 22.6859492702 22.9446501381 22.6566172153 22.5718384572 22.572938862 23.0046889479 22.5589208381 23.1472055724 22.6212178356 22.6626341977 22.8175313914 23.0760957352 23.2001083057 22.878626724 22.9157194078 22.6740714853 23.0808041523 23.0473825429 22.8401849594 23.1423321619 22.9917826231 22.5961948229 22.5355702039 23.1996951073 22.7560973635 23.1514916263 23.0195868379
0 0 0 0 0 0 0 0 0 0 0 0 0 0 0 22.9935615429 22.7657600299 23.1919700212 22.7111461249 21.0983091616 13.5311518574 18.6015455705 25.0932285884 22.7560141038 22.9049760736 23.2053245741 22.8576189067 22.716436758 23.0106186524 23.0212346122 22.6956730525 23.0599873123 22.7157985273 22.7614149058 22.9979600448 22.6098260736 23.1745667818 23.1150462353 22.7401802899 22.9858430533 22.6560800428 22.8563648988 23.055968453 22.7207479938 23.0098485645 22.7060856427 22.569373697 22.9940536438 22.81424642 22.8166394226 23.0128994983 22.9598370703 22.7174821211 23.1388765146 23.0220301603 22.9846318107 22.9170125357
0 0 0 0 0 0 0 0 0 0 0 0 0 0 0 22.7417655638 22.6192295985 22.6560743503 22.7451465774 20.6509193354 13.792271737 28.6866296766 19.282225023 23.0251650074 22.6742348884 22.8963779298 22.5813113791 22.5875812496 22.5060390468 22.877798539 23.1456717465 23.0734422225 23.126461129 23.0441171106 22.9679376492 23.1979328079 22.6853917159 22.884084071 22.5689724918 22.6967253965 23.1908568851 22.6616277716 22.727709383 23.17273732 22.9051896384 23.1641381219 22.5288770667 23.1242070228 22.8205212904 22.5241793881 22.9064074173 22.5634092596 22.7479023379 23.1236331479 22.8878215831 23.066638731 22.7458984299
0 0 0 0 0 0 0 0 0 0 0 0 0 0 0 23.0525719925 23.2059823927 22.7013205507 22.8182066814 22.6547194376 20.7313218807 26.0173278026 20.7123328016 23.0948920002 22.9654567776 22.6611922296 22.6224953746 22.8025175053 23.2049571063 22.5994566893 22.8791051368 22.7232452813 22.7414614812 22.6178690701 22.9846533844 22.5855047264 22.630962119 22.8905310182 23.1313343641 23.0189490802 23.1094335308 22.7672205464 22.5036889291 22.8683993152 22.9172837985 22.8751073734 22.8062649557 22.8839590886 23.1510307653 22.9938843004 23.1150104707 22.6543679798 22.9423945448 23.1301479684 23.0656271674 22.6425963541 22.8554934733
0 0 0 0 0 0 0 0 0 0 0 0 0 0 0 23.1692949516 22.509335475 22.6536865473 22.872986388 22.7066308656 22.5964418325 22.6903382565 22.6697908371 22.8689583813 23.1781911091 22.8744138617 22.7069094426 23.0048420834 22.6922575636 22.5039441242 23.0224588388 22.9157194978 22.6499082993 22.6555806171 22.8119621809 22.9178260752 22.5765569527 22.8930906458 22.8886208106 22.5494950087 23.1134668133 23.1929279058 23.0032189316 22.5407691206 22.6995988601 22.6801267121 22.6617754878 22.9197775937 22.857300145 23.019234085 23.1320457525 22.9949931386 22.8268745008 23.1672843437 23.1811587248 22.544354592 22.9425216917
0 0 0 0 0 0 0 0 0 0 0 0 0 0 0 22.7333954596 22.8945931588 22.5957277671 22.8278014279 22.6832607328 22.6034547309 22.9445708023 22.8423131998 22.6351011317 22.9953996684 22.8588069151 22.7475908137 22.7642272185 22.7616150346 22.7786945526 23.1745509701 23.0165210302 22.5334336789 22.9439287857 23.0233631223 22.8688472882 23.2009163046 23.086483415 22.540113925 22.8937186653 22.8048656579 22.7674058443 23.1805254705 23.065194297 22.8567198481 22.7927839613 22.827738446 23.1578295045 22.5182692322 23.1739019504 22.8405289214 22.7546298394 22.5636318694 22.5483040325 22.9033177744 22.7758151052 22.6332469939
0 0 0 0 0 0 0 0 0 0 0 0 0 0 22.7863411074 22.9583183526 23.0182858175 23.1936078024 23.1492835267 22.7535430327 22.7964688189 22.6966703086 23.1402442761 22.8089694991 23.0568764801 22.9084774112 22.7054389675 22.7840304006 22.8876148697 23.1920780718 22.5234745035 22.6092739574 22.7710843576 22.614028223 23.0733914139 23.1566566403 22.7964775784 22.5974263034 22.9749407709 23.0020742709 22.8506356264 22.6342165565 22.8749400038 22.9222962653 23.182807115 22.6595141018 22.9790811474 23.0506174272 23.1532683806 23.0666441919 22.6636549608 23.0130243199 22.6543906235 22.9005038039 22.5751199626 22.8492220633 22.5710454831
0 0 0 0 0 0 0 0 0 0 0 0 0 0 22.8640640857 23.0427997367 22.9163696301 22.7931756247 23.1956102756 22.8097528797 23.0528061586 22.7151377948 22.8478234293 22.8049414717 22.5816635792 22.5132633779 22.5182078251 22.7886007478 23.0422908196 23.1917896364 23.01659159 22.7431586766 23.0940656832 22.7148602532 22.7858009725 22.8295065681 23.0177885541 23.0788645287 22.7132432361 22.5991667745 22.8373669077 23.1337888972 22.9582541415 22.8874856215 23.1093699942 22.6917229411 22.9080600482 23.1599438812 22.9309761093 22.899709137 23.0392929038 22.6592527914 22.8511333256 22.6112091679 22.6017482665 23.0984322338 22.9081634733
0 0 0 0 0 0 0 0 0 0 0 0 0 22.9011205744 22.6651433551 22.7674800813 22.7469178941 22.8781072766 22.5790734896 22.8725495114 22.9116168882 22.7750559298 22.6569988582 22.9148005472 22.9577192824 22.5415802358 22.7023637565 23.1103066602 22.8208957323 22.7956339208 22.67864034 22.6871697715 22.684506124 23.1266763704 22.7723031177 22.9020058672 22.553940318 22.9350973593 22.9701939478 22.9910119738 23.0805822363 23.0430217649 22.5850368466 22.6449271395 23.10526851 22.5609587758 23.1564095294 22.5297269114 22.7381998951 22.5259074949 23.157204553 22.5222545339 22.6166145258 22.7675122267 22.8951793242 22.5366646218 22.7719788767
0 0 0 0 0 0 0 0 0 0 0 0 23.085002984 22.6417350461 22.8060502891 22.6651752822 22.8530071824 22.7051716017 22.5285181821 23.1913395694 23.1247465262 23.048082598 22.7619115575 22.9175329046 22.6336716515 22.65565468 22.8565826497 23.1929257979 31.5759068932 25.492812806 26.7819087377 23.1363148896 22.9633933139 22.5823179506 22.6567479884 23.0310162687 23.0694517776 22.5976721752 23.1090820798 22.5149850031 22.7347074036 22.939119301 22.7023387831 22.5182119321 22.7450939542 23.0451186003 23.1293398193 22.8251750533 22.9631604504 22.5461331594 22.7134747671 23.0517809574 23.0359888658 23.1121434642 23.1528024743 23.0502460846 22.8576762752
0 0 0 0 0 0 0 0 0 0 0 22.7544150478 22.5500144713 23.0442983618 22.6961427238 22.5297653499 22.639393011 22.5626611679 22.8645104313 22.8478528298 23.0584753994 22.8267346927 23.1474324429 23.1242797687 22.871918872 22.7598733808 22.8234263963 23.0742182357 23.3597209458 23.3952063886 14.4800025288 22.8310732873 23.1535622304 22.798699257 22.6436285279 23.1843305467 22.5043449168 22.9073670448 22.7755986056 23.1017130602 22.8863674881 22.5302594719 23.1870112265 22.5949099909 22.5382002761 22.5807093864 23.0138227933 22.9201072629 22.7025000844 23.1258050211 22.7287755278 22.8332199348 22.714286023 23.0431375755 23.1274790536 22.6995719142 22.6638873323
0 0 0 0 0 0 0 0 0 0 22.8933516621 22.6230008263 23.1142966229 23.200994226 23.0768691317 22.7237464472 22.6784332121 22.9893673224 22.589318683 23.1652108899 22.5917737671 23.1493112839 22.9409236038 23.1030332976 22.950311063 22.9188954535 23.0881124782 22.7524493752 13.0867502347 9.4047024501 19.0531786522 22.7619276832 22.8684589061 22.5708034662 22.5918578876 22.9377901686 23.0333429777 22.5628716435 22.8023514355 22.9197617083 22.624767275 22.6077494526 23.1819520727 22.5855927417 22.7273989353 22.6519624479 22.5010630202 23.1122997203 22.5051310185 22.5226135931 22.6998403316 22.8475573306 22.5066110517 22.5933043848 22.7748819691 22.9734688847 23.0507462876
0 0 0 0 0 0 0 0 0 0 23.0488403628 22.7549767304 22.8883717665 22.5887335589 22.6934265147 22.866394967 22.6270290651 22.9132898684 22.5304044382 22.9993757401 22.94816128 22.8191560583 22.5156509074 22.8713315636 22.8455254509 22.7229897063 22.8557871881 23.0012982391 12.0884170015 15.1412389833 20.5405432107 22.957243819 22.9011658225 22.6678661333 23.196620482 22.7136410974 22.5810763475 22.9503262631 22.8482054662 23.0994962523 23.0046673669 22.588479113 22.5548829266 22.5984352095 22.5641884371 22.5034017941 22.8198066144 22.6892555973 22.6653565623 22.8585599362 23.0689317397 22.9110354679 22.7716792088 22.6865243555 22.682942254 23.1415092743 22.6620196009
0 0 0 0 0 0 0 0 23.125000339 22.8224836929 23.1362986257 22.8886324273 22.8373215554 22.8199810708 22.6578183976 22.7560701035 23.0736483424 23.1698864574 23.1952011517 22.5479197486 22.5605653122 22.8838581537 22.6691487331 23.0480117069 22.8104285869 22.7349364483 22.8585978638 22.5972063118 22.7678070666 23.0832136522 22.5795207484 22.6167015672 22.5680078313 23.1462224937 22.8957933671 22.7801989678 23.1496604434 22.6774738569 22.7955395186 22.7232227921 23.1804596838 22.9714734638 22.8376215604 23.0239890986 23.0166675018 22.824154877 23.1384465949 22.500839997 22.8155525178 22.7088257848 22.839739491 22.6223430795 22.9269717068 23.1596294371 22.7997657473 22.6340018636 22.6018985648
0 0 0 0 0 22.9039109257 22.5187883727 23.1369634407 22.5830953116 23.123194152 22.741449638 22.6403733163 23.1788200453 22.7039405805 22.6777918969 22.5557626598 22.6499377096 23.088690034 22.9108387423 22.5263911313 22.8694724397 22.6871905065 23.022762458 22.5774518837 22.5506449422 23.0718705624 23.0206214882 23.1053563959 22.8943852196 23.0769683876 18.0710385688 25.6765498006 22.6020186998 23.1497210603 23.0855985981 22.9075028592 23.0692720027 23.1414435535 22.7147332464 22.7779139409 23.0312891819 23.1538920436 22.6233777022 22.5120914121 23.1886054049 23.1069473024 22.6580162718 22.9965037055 23.038481185 23.1469308166 23.1483075676 22.5472706954 22.8406547126 22.902620982 22.6356324925 22.9485904156 22.6041838566
0 0 22.5894354618 22.532256093 23.0843178745 22.7128454105 22.6017878738 22.525716968 22.5024488872 22.7529358147 23.1011317296 22.9277023292 22.9289883816 23.0455406982 23.0219798063 22.7019303722 22.7705336586 22.516940365 22.6250733702 22.856774944 23.0861640354 23.1861813229 22.6419119171 22.5548066634 22.5867646724 22.9360864515 22.9502835827 22.9476334406 22.7256307275 28.4809164427 10.6472372643 13.6239159401 22.8306144754 22.5449042585 23.2009412722 23.0010141576 22.6666606746 22.7153888728 23.0755964641 22.5525920017 22.9383866228 22.7208371705 22.9728901284 22.79109197 22.9911620199 22.8888333559 23.1693026574 23.0852480703 22.8571469985 22.5366930633 22.7793970185 22.7244476053 22.5485538857 22.7828659116 22.5157700829 22.8984130586 23.0679795045
0 22.9359201958 22.7628216782 23.1083099278 23.0724010078 22.9548287627 22.5221722318 22.7682534965 22.8052416223 22.9202879054 22.6248976672 23.1772859831 22.6582695436 22.5904593876 23.1035483412 23.0528041095 22.8564091568 23.1581424672 22.6919896501 22.5708350306 22.9702913095 22.969388788 23.1974001956 22.6801746169 22.9828127449 22.9620845479 22.7183297381 22.7531672438 23.100821012 13.1823838223 10.5775802051 21.9910252274 22.79893141 22.9229829168 22.6470756744 22.6182158588 23.0354134367 22.5424620452 22.6878093463 22.6184692944 22.7231748337 23.1236166315 22.8345020948 22.6251726852 22.5329406025 22.851213393 22.7806412115 22.5777941222 22.8832270627 22.567176475 23.118869978 23.0685943103 22.7060990213 23.0360008531 22.8521702449 22.5337828247 23.1445307436
23.0779714409 22.6326913502 22.8102734722 23.1361479508 22.5361650448 22.7519345929 22.6599803127 22.9196469901 23.1828634239 22.5477023049 22.9833439087 22.5909997297 22.9717635026 22.5772965317 22.8271719459 22.8937973535 22.6181836886 22.5761596086 22.6409295348 23.070457864 22.5850143981 22.8000145573 22.5577598256 22.5588541305 23.1174372134 23.0460704262 22.7152033073 22.5367704649 22.8783487133 23.0049942508 22.5795703551 22.9971217101 22.8375429244 22.7211006826 23.1133214408 22.8474587049 23.1437734379 22.8309472272 23.0349185877 23.1348175189 23.0255214256 22.7818429588 22.8160372509 22.6613153195 22.8330102061 23.0408453634 23.1647608722 22.7144069784 22.5340198874 22.5381686619 22.7324677335 22.9667194385 23.04766118 22.9523060629 23.0191592292 23.0784987317 22.8268258718
22.8631043614 22.7725387167 22.563995085 22.5714692512 22.7700161926 22.9867917793 23.1585017201 22.6146970198 23.0772120189 22.7821303495 22.578378269 22.5668135006 22.5227519737 22.5804669472 22.9063032307 22.5635047506 22.9090864594 22.8640540404 22.7376150545 22.9361657438 23.1785881083 22.7976750952 23.1396015284 22.7072809177 23.0177643989 23.0696628483 22.7893581676 22.7621015161 22.664069198 22.5966171523 22.7178725715 22.8108210102 22.6759884716 22.8388097363 22.6383851974 22.8906106227 22.5510755013 22.9294875111 23.1758487147 23.077224228 23.0666834798 22.8408749482 23.0637214046 22.5478646945 23.1062255833 23.1860710101 22.7299924031 22.7554010155 22.9232049592 22.8152761097 22.932152111 22.7607782226 22.9997843586 23.111666426 22.7495334475 22.585532266 22.8947132703
22.839876507 23.2000159604 22.6900362847 22.7235318621 23.1624361501 23.0441817997 22.7808360315 22.5396154509 23.1180478593 22.6493501801 23.1712966332 22.8708607936 22.5221431993 22.59411881 22.6672662894 22.8552494207 23.0471853665 23.0649771021 22.7929804435 22.59449227 22.8162713602 22.8322299509 22.7035914531 22.7465198658 23.2008115478 23.1900733441 22.9000602588 22.7840683971 22.5332042624 22.5245662231 22.7180911095 23.0143703356 22.5388564501 22.6499689765 22.6890215571 23.026989103 23.2068313777 23.0147142061 23.103107764 22.9075868778 23.0124211685 22.9119925212 23.050101404 23.017411717 22.7475237681 22.905090253 23.0139373763 22.9429693889 23.0920041099 23.1036425241 22.5605834244 22.892520446 22.7313069454 23.1326742568 22.6027182453 22.799893654 22.5592109524
22.6229031121 22.9736249787 22.6734724221 22.6375229273 22.8587991667 23.0254252801 22.6426948951 22.7752565539 22.5527206781 22.9907130883 23.0325912179 23.1551550369 23.119863459 22.8279389948 22.6777752089 22.5652083725 22.6325937313 22.774360284 23.011975368 23.1567878164 23.0155086697 22.9988107265 23.1963773866 22.8526653358 22.5361032043 22.5332392448 23.2067702443 22.5303595711 23.1965062729 22.8555306693 22.681306588 22.9623476034 23.0858582311 22.5390393931 22.6202666074 23.0212894459 22.7657765259 22.8344242732 23.0416767348 23.2064189013 22.8088942891 22.8796085498 23.0824407459 23.0224365961 22.7889112377 22.6915889363 22.6150843435 22.6001184496 22.7987614186 22.7920266319 22.782742393 22.5519510496 22.6109476611 22.8357618993 23.1880282115 23.0629611011 23.1460676335
22.8004174514 22.7195991266 22.6959147607 23.1667015468 22.5185714696 23.1302438838 22.5674893799 23.1241025698 23.1516785004 22.7791789637 22.9671492505 22.657215792 23.1248024013 22.9790326159 22.7178778964 22.5014775029 23.0629654389 22.9598872411 23.1999156633 22.5366970448 22.8532764205 22.6596104039 22.5661333347 22.5648779806 23.1348291618 22.7360375987 22.8889811847 22.7310098193 22.7857292271 23.1217977893 23.1936850063 22.5469669873 22.7768210603 22.5261772376 22.5600674004 23.0913047636 23.0763823358 23.0466055905 23.1551459195 23.1876404554 22.6645132655 23.0592372811 22.554748629 22.8645063337 22.6298061253 22.9557249668 22.8373318678 23.0697329944 22.6375628035 22.9970058098 22.9890875627 22.8085685744 22.6867643485 22.663320624 23.1540838416 22.5389836131 22.9498002722
