Spatial_Output/DEC/DEC_1378.asc
NCOLS 155
NROWS 192
XLLCORNER 196307.867259
YLLCORNER 449144.565805
CELLSIZE 33.573938
NODATA_VALUE NaN
[rows 78 to 103 of 192, columns 57 to 113 of 155]
34.1248489915 33.9729747694 34.3531078539 33.588142981 33.7424177884 33.9211079599 34.2219594593 33.0906810182 33.5390730008 34.3990050659 33.4555940686 34.2168408783 33.5788089686 33.4160367904 33.7707141569 33.2329183755 34.26195951 33.6170153558 33.7932687775 34.3877185953 34.2619972024 34.3863043377 33.4743967842 33.3411344393 33.6451271324 33.797734877 33.0203921125 33.2101642097 33.1787904418 33.7055400819 33.6959584725 33.8242704259 34.2679933947 34.2173042633 34.0929801633 33.3174581243 33.0617005159 34.3744125603 34.0429749176 33.180256483 33.4868416889 33.2714394929 33.3376270322 34.0166819735 34.385195468 33.7842149339 33.3856984887 33.6982941555 34.2973188364 33.4273753668 33.8132046688 34.1749860011 33.4931098329 33.5233929744 33.5868491984 33.5603603204 33.2446051658
33.478474959 33.9319078993 33.2248281485 33.750807814 33.5606537001 33.3812970643 33.2287466628 33.3892645474 34.3997359571 33.0124854778 34.2476577438 33.9844899654 33.5097727907 34.3820809465 33.2203366976 33.5205707064 33.9778103221 33.4617135107 34.3910878226 34.0807898224 33.7192398413 33.3605234903 34.4000464636 34.3390362206 33.9657011906 33.6712446086 34.4010888907 33.0575145744 33.5257391638 33.470535433 33.9931874139 34.154777048 33.3663629431 33.509832065 33.4207723019 33.5433442911 33.9486455615 33.4913071424 33.6200521343 34.2115473611 33.1208960444 33.0929961092 33.2716471301 33.5129341089 34.3101522426 33.6749469898 33.1161521942 33.6061049425 33.4715562751 33.3737898462 34.2380572679 34.2140989492 33.1492793158 33.0883727204 33.6670272263 33.7026167089 34.2289580661
34.3481892311 33.2794303977 33.9779585952 33.8045921367 34.0208209941 34.4016609376 33.6736610626 34.3464738382 33.2394192077 33.8546269334 33.8964015104 34.2038815182 33.6616686415 34.0119876062 34.3536233695 33.5640850926 33.7239743258 33.0763114551 34.3329287015 34.3334022273 33.1581472622 33.9621639371 34.0253266902 33.5514375037 33.9578468758 33.2469961618 33.8201671911 33.5822397138 34.1297424016 33.7600717604 33.253282944 34.2658628559 33.1650538099 34.1433338557 33.5430435189 33.2626926278 34.2075157462 33.9460831735 33.5278137605 34.3003155801 33.2932721874 33.1755734501 33.6875594546 34.0060879273 33.7201348978 33.2105213234 33.9053264277 34.0650605251 33.521800404 33.3486808234 34.3458676272 33.1069482527 33.2573542938 33.6066945955 33.1319193267 33.899085395 33.8670448285
33.6092068126 33.6705209581 34.1382480215 34.1202155195 33.8114793222 33.4460579362 34.0314818743 33.0786269686 34.1882330775 33.3043828625 34.1566926771 33.5241982715 34.1208066363 33.8222421973 33.4131919185 33.0627090164 33.3240573423 34.0867097506 33.1954387187 34.2019045775 33.7629129991 34.1240302274 33.7851831974 33.5005972527 34.2681948427 33.2070502978 34.2672265658 34.1631159843 33.207457893 33.0649195391 33.0981713394 33.2353295534 33.5519315101 34.1696639262 33.0126446283 34.1151948165 33.9997965519 33.1748036869 33.7816121597 34.0611108894 33.5255233508 34.1447787791 34.0053423392 33.779221076 34.0192608766 33.5350273517 33.8059756057 33.0354648522 34.3424675893 34.1355096347 33.6311763033 33.3478474735 33.8734514257 34.0389448619 34.2870727161 33.9683434308 34.2211953852
33.3153856065 33.8722436381 33.1744256825 34.3628352871 33.7039714687 33.0965818473 34.0856936658 34.3083073235 33.0468734811 34.3063886692 34.2804084827 34.0224669557 33.1398459792 33.9887503237 33.5637982478 33.776378609 34.1898450408 33.2318865235 33.8777401313 33.2353625411 34.2748140348 34.0915754703 33.3555694465 33.8622358091 33.3893568598 33.7234493703 33.7163788492 34.0395843504 34.2581739952 33.1246476771 33.0035113762 33.6558987169 34.1266760906 34.295637621 33.593135491 33.6748943586 33.7055589561 34.1582735624 33.101609968 34.0883661938 33.8146182144 33.6144309835 33.6004947875 33.1729182897 33.2580725707 33.0175906384 33.4027901942 33.467047593 33.5979481567 34.2092214419 33.6743383243 33.8668784213 33.3643945401 33.2736088355 34.1977717321 33.9416203324 34.2053362697
34.2470092363 33.2649484417 33.228606367 33.4311513101 33.7742719434 33.040278483 33.5634645337 34.2285522572 33.1943779984 33.9966862836 34.3157709879 33.0088622611 33.4560004279 33.3732187982 33.375709723 34.1307476447 33.8020780897 34.2044594847 34.133967429 33.8657822012 34.3195637318 34.3512476082 33.2086262903 33.1091203182 33.168149793 34.2337710963 34.0610188837 34.1857042903 34.2522324286 34.0697994775 33.4996338845 33.8147796988 33.3035113159 33.4152854307 33.0723518764 33.2741868595 33.6285221694 33.3038338245 34.2239810641 34.2187064951 34.3932253141 33.6759203257 33.9334417954 33.5593618273 33.0156195034 33.9912958675 34.0760191129 33.1081264287 33.253386325 33.4367827825 33.4634623362 33.3062135309 33.5581499643 33.9316326046 34.1647715466 33.218771072 33.7127611771
33.1670871088 33.3406616201 33.7151897836 34.3473521747 33.725410844 33.8056834239 34.0490379515 34.0219023487 34.0672924785 33.7270340428 33.7481983812 33.3858771545 33.5857325939 33.1768826019 33.776886479 34.2281922218 33.0593909844 33.3473636662 33.3680010302 33.8773798232 33.7450230342 33.2294266672 33.9212843629 34.3703434633 34.0790664641 33.9675466788 33.2628961911 34.062098831 34.0832205309 34.1112735874 33.7452346979 33.3810496492 34.2420844122 33.7569207492 33.2018335313 33.2375237473 33.8683041537 33.505386616 33.206522854 33.5291506376 33.5713930095 33.4870602048 34.0252275823 33.0726493868 33.1804238567 33.8619875238 34.1258200543 33.3220042345 33.110100337 33.2974818809 33.5554496377 34.2989080963 33.1770451173 34.0278333647 33.3283156609 33.0780526977 33.7567101104
33.9199419833 33.2325271482 34.0032051468 34.3235930893 33.6655393369 33.4652414043 33.0251354757 34.0983647624 34.102485061 33.2868052594 34.3347444056 33.8414692486 33.5778861514 33.2580222353 33.633541735 33.4618104847 33.8506469202 33.6070787378 34.3816345515 33.6986202358 33.7085553642 33.2991271696 34.3087437733 34.2624155853 33.3865168628 33.6249240877 34.1604543824 33.0382831101 33.7206716386 33.566701532 33.252693979 33.6326922671 34.3247352549 34.3469571873 33.3121031257 33.9731222458 33.0254878783 33.8269720786 33.8412029137 34.2297070248 33.6971828916 33.372166257 33.2558933011 33.9560735749 33.2827839513 34.0231035475 33.6874526937 33.3264097557 34.0514392674 33.5403045648 33.6423827615 33.4977577001 33.9454135865 33.325537889 33.5148610032 34.2594155629 33.5158830402
34.234780781 33.5281605737 33.7893466585 34.2271211006 34.0040562839 33.0993976553 33.3161130654 33.76163092 33.7122093013 33.659044917 33.7668969914 33.1666185399 33.58876687 33.1474077813 34.1097448977 33.9951526222 33.4890785338 33.8349561054 33.3779554337 34.2632978531 34.151071563 33.651979485 33.1314483628 34.0569864364 34.2008460525 34.4092993132 33.1771270298 34.2070323899 33.5822858027 33.0631597024 33.123291337 34.0663925435 33.763203319 34.1454190384 34.0203599802 33.2510962911 33.9504566681 33.3813582549 33.9821543573 34.0465438354 33.8257653005 33.2559437636 34.3685135525 33.348721817 33.575130484 33.3289708413 33.9234527028 34.3858484177 33.442450553 33.1262910518 33.8354223772 33.6647985179 34.3685549067 33.7582779217 33.2503913552 34.0459237836 33.7755711335
33.4721961078 33.4150487559 34.2692196279 34.0587379692 34.0770392873 33.4973309747 33.7899142725 34.2318556787 33.1487241674 33.2829744367 34.2066499081 33.1201029003 33.0359028792 34.2408286101 33.9929645564 33.1773172191 34.0350292953 33.7530383427 33.9285381916 33.8406396097 33.8349219019 33.9258094964 33.5282044591 33.2094731381 33.6005833075 33.5669652144 33.4931089106 34.2542827076 33.4581735889 33.9749535177 33.8981975643 34.1942631441 33.4133494504 33.9691855588 33.7770227039 33.5797203739 34.1418235122 34.0869262548 33.3249939516 33.9893235255 33.7895102239 33.7083259482 33.0863487674 34.4030217948 33.390579545 34.3049254737 33.1156247385 33.797158726 33.8529278035 34.215744141 34.145871537 33.8318789167 33.6892421637 33.0603727942 33.1048539199 34.3624340055 33.4391830333
33.6366254119 33.5350875536 33.6330653819 34.1547431346 33.5905181434 33.6690650482 33.182384916 33.6901884445 33.8093215738 34.2842076421 33.2857903974 33.5438197301 34.1711787091 33.812498652 33.9447290155 34.0041490882 33.0136343647 33.8817371562 33.981660526 33.1276359304 33.4983783336 33.635162967 33.6993914168 34.1393831227 33.3132026344 34.3378224676 33.7163994886 34.1985155975 33.3507448063 33.8797395728 33.0552379121 33.4923001971 33.146313837 34.1236502184 33.5661908111 34.0317786252 33.5484405507 33.9239775594 33.4099992197 33.0997846356 33.4812153542 34.0189044704 33.4965382547 34.3665680798 33.8833650495 33.6326078308 33.7462194567 33.895783235 33.7972322798 34.3631574382 33.0390876264 34.105598044 33.0978569183 33.5049633761 33.2764715533 33.7165668865 33.6404731177
33.0434007438 34.1682582101 33.6100664194 33.2630526372 34.2683424003 33.617954868 33.3697680514 33.1977195058 33.554406728 34.3038691964 33.3789478372 33.6579838954 34.0367401309 34.0812773455 33.6685864934 33.0698415194 33.4043085284 33.874868183 34.1171785366 33.8774666257 33.3215512087 33.5317791149 34.3747928604 34.0912242534 33.1186240829 33.376196639 34.2450411874 33.1567226362 33.0771422021 33.0629859043 33.7628894221 33.4715305589 33.4261385403 33.9368405052 33.0041831357 34.3853797611 33.4821178136 33.931850401 33.070783675 33.3097264444 33.9460309338 33.3933255272 33.700777956 33.379649617 33.2855666799 33.1940354266 34.2238114054 34.0003556528 33.6709054729 34.252705062 34.3177877891 34.4083322422 34.0353655218 33.8134548231 33.7464330307 34.2634528477 33.1439512688
33.2968382434 34.3963016201 33.1455204544 33.8509705817 33.1780919274 33.5284519809 34.1534882724 34.0333390745 33.4559941485 33.8582004491 33.6217183892 33.3538715633 34.0291080631 34.0367603663 33.8808988833 33.4491086979 34.0996288788 33.8995214987 33.2280107579 34.1976740569 33.0556449975 33.9393024133 34.3414910826 33.094743698 34.294655609 33.2914957008 33.9611143554 33.4238502775 33.5343940708 33.1092878997 33.1892428106 33.1915795622 34.2789797243 34.2547702687 34.2265627771 33.8651355683 33.5330686369 33.5932335174 33.5434606368 33.8914160325 33.9227922619 33.8069986372 34.1214238561 33.5085033925 33.8515766805 33.2340431628 33.6360158664 33.6940513847 34.1214439695 33.5665287879 33.7693301148 33.1318354676 33.4802309464 33.9237267035 33.0016094241 33.6307020694 34.3654725278
34.3953687961 34.3739199904 34.2163436875 33.5551551417 33.7672355806 33.5252715255 33.5262134417 34.0929278956 33.1475113819 33.0996110369 33.7287070422 33.9822497959 33.4272073233 33.0349435029 33.8146571368 33.0734750027 34.3043779159 33.0078670393 33.0563297228 34.3557179738 34.3036784658 33.8960379908 34.174150737 33.9320848691 33.6131072093 33.5133850747 34.3632474996 33.270719244 34.3328723436 34.0697010444 33.1783871422 33.9540173407 33.4845376857 34.1986793828 34.0970626692 33.1366971916 33.1696960466 33.1451173787 33.4406459747 33.110543778 33.4630487784 34.3668697115 33.2565218449 33.5822869142 33.3649908307 33.6650403873 33.1242749721 34.1993870698 33.9223514589 33.0688913643 33.3660149582 33.4909530306 33.7015393381 33.1606364995 33.9850411537 34.308733705 33.1622385622
34.2064002811 33.6165559824 33.5331335968 33.454405261 33.9298455257 33.7772933403 34.2733708647 33.0917237903 34.3391002637 34.3870940946 33.6114512437 33.2078353002 33.9841608848 34.1826879878 34.1455029956 33.0157802233 33.8590589882 34.2881224138 33.6161437607 33.7412117299 34.2204454772 33.8838760091 34.2676163807 33.8659509967 33.3596226891 33.2479268709 33.5495286362 33.0699304503 34.3420438279 33.4330604072 34.1272989117 34.1111850299 34.1971110374 34.2860744493 33.1212606492 34.2460255908 33.6749928428 33.6149027095 33.0971971789 33.34702884 34.224955227 33.267999035 33.7537368745 33.3195710726 33.1769774299 33.2391828477 33.70821528 33.9563786637 33.1490581349 33.2976742608 34.0576688652 33.6924737572 34.1927894481 33.4325241845 33.6479328657 34.3426773625 33.9375482039
33.5024619538 33.2300321958 33.4330478628 33.7665848992 34.3384611482 33.3185082918 33.565872073 33.9764777854 34.3754042056 33.2168240109 33.8190932671 33.8973554992 34.1663481261 33.1774638937 33.3152494518 33.994393659 33.4476630509 33.8489062187 33.8094448887 34.0155505992 33.1496116503 33.8146385831 33.6787007036 34.0264428196 34.2986070835 33.7671866193 34.367137566 34.0915654417 33.0414096538 33.7565129807 33.5525621233 34.0513473518 34.0036176049 34.2372097686 33.7079358855 33.2359741373 34.0290930986 33.1921098109 34.0389113455 33.3905641733 34.1519691615 33.4087947723 33.9033066105 33.3046971678 33.8046736283 33.0327571546 33.2855111351 33.32105762 33.1489628309 34.1975360378 33.1123246131 33.1992294181 34.3243167609 34.0241378551 33.095104388 34.2426450701 34.2783206897
33.9239126612 33.9778818099 33.1370760128 33.3824187079 34.2295208656 33.1121652771 33.6950126299 34.3808182993 33.1216746913 33.1390249633 33.8669566355 34.1135381555 33.7856082428 33.5442992298 34.1456403687 33.1869642103 33.8604252882 33.7410542971 33.7875662125 34.0855551037 33.7911787498 33.6698678745 33.217434307 34.1776731574 34.120126986 33.2472406816 34.1973300755 33.5574694723 33.5691032034 33.0458377005 33.1207977996 33.7735512944 33.0400601938 33.0168382668 34.3517599991 34.0173187771 33.7692197306 34.0714667483 34.2380206664 33.8979640604 33.4590415701 33.8126000113 33.9464245462 33.1658330036 33.1892567115 34.3066288014 34.4056791673 33.4011760212 34.2988916407 34.1999332279 33.1914890766 33.0525664417 33.5072806635 33.4089728131 33.4017565575 33.8799389056 33.1969728183
33.9365296192 34.1975649776 33.6647528346 33.60135039 34.0385691392 33.6579270663 33.7524301073 33.0796918275 33.2162231266 34.1257591216 33.001573575 34.3914433902 33.035379705 33.7270871944 34.1076254994 33.2951768061 33.1568080978 33.178755405 33.623666532 33.482409276 33.4227358229 33.658547344 33.2931833976 33.6645484264 33.9624091821 34.1982984588 33.3124733225 33.1344113568 34.3976763744 33.1808426152 33.5152843215 33.8240445565 34.3734448075 34.2350190419 33.9791848574 33.1454997118 33.0606019286 34.1809707778 34.0016745124 33.108082653 33.8362150776 33.4747717684 33.7164744931 33.8242269349 34.1464305716 33.1052109498 33.479319585 33.9986813398 34.3158578082 33.2699333732 33.0966402789 34.3661518161 33.3001213726 33.9940829454 33.3726732114 33.3466095555 33.02073495
34.3094334883 34.3074148899 33.3631646866 33.5022950663 33.437170433 33.297927106 33.3410155772 33.1790935774 33.9996270264 33.2456291017 34.1529030945 33.3745480697 33.3252285176 34.4136629637 34.0436309744 33.4677674629 33.2575081789 33.3126175873 34.0126817968 34.3315567959 34.3645173449 33.3924374453 33.5342183663 33.6836461466 34.3354577648 33.1224990221 33.2081352069 33.1701259409 33.7752778586 33.114111768 34.1139238307 34.281110462 33.1152978929 34.3050597635 33.1842410843 33.7896361064 33.1208229054 34.0640813616 33.8826853452 33.7841201417 34.0836406606 33.5145187663 33.0954791692 33.7070102533 34.0221407091 33.6071189406 33.2613757988 33.0677982127 33.7208262246 33.1878058047 33.3167586437 34.4029628064 34.0687835021 33.3834459841 34.2910195628 33.1606642133 34.357727358
34.1369308029 33.6525927895 34.2713407433 33.0240245454 33.9331472062 33.9365075863 33.1359807694 33.824240133 34.090484523 33.6965456704 33.0599328928 33.9543754244 34.1377584636 33.7464304354 33.1898625388 33.9921990105 33.6423416873 34.2823129495 34.0857690084 34.1475945122 33.6865632058 34.0524021766 33.9059964925 33.1909900188 34.3234108925 34.1429257205 33.1085857045 33.8314052758 33.2409130387 34.1557605314 34.2033215231 33.1668743662 34.2547442114 33.3061372084 33.9801697266 33.9159910886 33.6734692732 34.1676284393 33.5203506807 33.0118952479 33.2608580912 33.6354781729 33.2292162284 33.7364865765 33.0776797219 34.0352271662 33.4634057067 33.8343406663 34.3732417409 33.0732835899 34.1460328147 33.0830414393 33.8200354381 33.6589291361 33.5704142694 33.9384606532 33.0125804448
34.0469870914 33.2870439108 33.3905003495 33.5254702852 33.5429005711 34.3103732421 34.3481156313 33.0630037649 34.3371143383 33.532079177 33.1346435895 33.9777715442 33.7990167977 34.3423760355 33.0658952534 33.0118234189 33.0741034408 33.8197450247 34.161575657 34.1902564082 33.8334072207 34.1207226076 34.3717632173 33.246856576 34.2948937646 33.9990958578 33.02372523 33.6133174042 33.7974684855 33.3937465529 33.4026883089 33.3371526447 33.689618488 33.9950207792 33.9791026278 33.9033015418 34.2394272485 33.8318783621 33.3309978988 34.4072468523 33.9473097042 34.1796369569 33.2157655978 33.9250952305 34.2010456757 34.0406677868 34.0571414332 33.7568911344 34.0124162527 34.0742250394 33.2817870592 34.3695457723 33.8958537016 33.9456217391 33.2982216229 33.4370942861 34.4028019011
34.1664245138 33.8289076718 33.1325227933 33.8883950484 33.531220346 34.2689758683 33.2038321154 33.3578951526 33.5875259827 34.3047791034 33.8874823506 33.2344878235 33.7965767338 34.0494091235 33.9898394803 33.890706813 33.941257169 34.3338879461 33.3061884629 34.0183839505 33.411936291 33.4855215343 34.2985299907 34.2176958606 33.1562089209 33.799674039 34.0058533398 33.8880174493 33.0202637792 33.8242587835 33.8941539754 33.680148 33.0584583798 33.4991644517 34.1538060295 34.2908340459 33.9781849983 33.6925170028 34.2778324289 33.5595058243 33.9160842938 33.9408932586 33.9673710674 33.8213271153 33.0193568306 33.4677413359 33.7512815948 34.2449717345 33.6970426124 34.116606059 33.709144987 33.3394661707 33.275761517 33.6019419201 34.2927482163 34.2586474346 33.0242986495
33.9711204417 33.5450387734 33.5285257582 33.3083533796 34.2060522654 34.1166352324 34.0532605799 33.486407306 34.182856452 34.171428953 33.6752693055 33.7932148165 33.2608006318 34.2045768268 33.695272195 33.9511532957 33.7136466957 34.0651454264 33.5871215056 34.1504544401 33.0476998098 33.8954308848 33.1438140333 34.0476039241 34.393050098 33.6613560254 33.0894895144 33.7987217421 34.0546840172 33.0094217384 34.3709743645 33.4973013462 34.2256486138 33.8356437326 33.3736277787 34.0738145068 34.4097678819 33.0395787959 34.3291683655 33.5560026732 34.0430851812 33.2174000156 33.7260632555 33.9645053147 33.4201630063 33.710064624 34.0751694131 33.0565136753 34.2242234333 34.3931656687 33.3172740178 33.1853360983 34.2305848444 33.4801418814 33.7369880254 34.0095189188 33.8587544001
34.0605744126 33.124195642 33.4781202271 33.3098985985 33.8618873695 33.2775255449 34.0987667687 33.7668982803 33.1651292099 33.4196191098 33.6582494669 33.0965059853 34.1844228843 34.0475151553 34.1841217094 34.0082457735 33.3488870115 33.0264424585 33.0532389239 33.6836169127 33.3176150631 33.0746095193 33.2590807159 33.6187496039 33.3087259918 33.9723580157 33.8151157972 34.3292326673 33.0364799335 33.5810993637 33.3573953062 33.3015500797 33.5929273062 34.2096611201 33.4953590572 34.1727091469 33.0393249416 33.2802997376 33.4063904235 33.2542179843 33.4411342309 34.0678005234 33.8812390877 33.1023496815 34.1883013258 33.7370209944 33.4489073115 34.332813818 33.7186601836 33.2334061895 33.4583587518 33.4936721735 34.3770995268 33.6836223253 33.3847246592 33.5278927477 33.5859410808
33.0796990446 34.213489955 34.2263946298 33.7861075844 33.817997261 33.4376593011 33.8149373002 34.2182030613 33.0357038506 34.084089638 33.1218253931 34.060630234 33.1148744671 34.0894051416 33.6460040505 33.6845747033 33.4549969699 33.1397206623 33.05948217 34.2004148291 33.2113536823 33.9668692818 33.1557016074 33.8896291484 33.2231511512 33.8484787165 33.8233255075 33.4740568165 33.6320522328 33.1456329386 33.2529070367 33.0641187062 34.0474973614 33.1455931218 34.0461361383 33.0906690845 33.0439273445 33.5088254783 33.4139193219 34.2927348753 34.0067908446 33.1198400747 33.7199145556 33.586361903 33.9888232596 34.3233082211 34.3585122641 33.2971170339 34.0783220091 33.3567449007 34.0173190143 33.9535891357 33.1805329966 33.7219141179 34.1228460557 33.7052977504 34.2521917932
33.9391945972 33.5192347812 34.1271486638 34.1322588375 33.8641145249 33.280022391 33.8182805847 33.7191325474 33.2000453451 33.31254308 34.242445321 34.1108179122 34.1705869106 33.8422084903 34.3949407924 33.7658362498 33.3065879009 33.9967821386 34.0701138946 33.4713893042 33.2940770831 33.0092285357 33.41711046 33.9106475794 33.7796745209 33.8554471385 33.4686857222 33.4099517145 33.0821865456 33.2284740102 34.1235105994 34.3042226834 33.7912109106 33.9750222644 33.8502545287 34.2977078986 33.5036207051 34.0900808166 33.2980359974 33.3878366213 33.6111894818 33.6716632256 33.5793172645 33.1470343752 34.0722064249 34.0164763152 33.7764135321 33.0578329675 33.4281778275 33.3284076366 33.570632 33.8738123015 33.3907056017 34.202066789 34.3935578141 33.5778921618 33.8670827091
