Spatial_Output/DEC/DEC_0300.asc
NCOLS 155
NROWS 192
XLLCORNER 196307.867259
YLLCORNER 449144.565805
CELLSIZE 33.573938
NODATA_VALUE NaN
[rows 26 to 51 of 192, columns 57 to 113 of 155]
44.7424645954 44.6029077715 45.0150824369 44.7772147204 45.117026185 44.6522305687 45.0338996156 44.7316718259 44.8973658483 45.1380289312 44.9404381654 44.8456881987 44.548429894 44.7775146439 44.6898689135 44.6550992457 44.5489092986 45.1025877256 44.6900735268 45.0159704283 44.8804399479 45.1003125278 44.5094261524 44.808537361 45.0980068506 44.5733194749 0 0 0 0 0 44.7905854475 44.8272496127 44.782812631 44.9446365277 44.831566075 0 0 0 0 45.1302229165 44.67898822 44.9903882924 44.9853505502 44.7328755662 44.6047328328 44.8954155556 44.5854119962 44.9583960996 44.739822643 45.0640947116 44.6165042581 44.6819812504 45.1979548742 45.1487856515 44.6000688017 44.8030783954
44.9426779472 44.5368253402 44.5389524613 44.9251326761 45.0780948297 44.9226567119 44.5185463498 44.7313117549 44.9440888632 44.6208169996 44.6397794124 44.8549807913 44.569125859 45.0940218556 44.7472767742 45.1149137969 44.5163408562 45.1594474372 44.7353385859 44.5465384363 44.8085646816 44.6292046847 44.8845643684 44.6493647324 44.9830120335 44.6240648853 44.5713847496 45.0830825149 45.1385055189 45.0542150277 44.8980672685 44.6707677734 44.9128257939 45.0629714682 44.8769141107 45.1403705858 44.9892367094 45.1072683964 0 45.1629158913 44.889983312 44.5696169638 44.9665794582 44.6081870292 44.5527860623 44.5600089794 45.0088203311 44.9632945633 45.0428597294 44.6039471353 44.6081689476 44.9959229716 44.8619424394 44.5307235509 44.9887704353 44.7983411524 45.1049839778
45.0707307122 44.6547523664 44.8118362469 44.651710885 45.0953003769 44.5777676604 44.9575145879 44.8918525604 45.1497451882 45.1458963381 45.1846448878 45.0778210892 44.8437069391 45.1318041065 45.2049557635 45.0038829864 44.7326353982 44.8452798988 44.8232115098 44.9749308337 44.8363056821 44.5882026349 44.8539668282 44.5877437237 44.9838265299 44.9728446293 44.9703522726 44.6721439864 45.0330780693 45.0100065124 44.923311979 44.8865932469 45.050115727 44.6168271002 45.1254581598 45.0901028812 44.6794875938 44.5290875438 44.8578579267 44.9020586913 45.1396666462 45.0323854601 44.5867038253 44.6074616053 45.1168504881 45.1052992813 44.5320055226 44.5077095381 44.8774021833 44.605566549 44.5333871347 44.92011213 44.8212637533 44.5799435597 44.5294110221 44.6256449665 44.8647872912
44.96993377 44.6721028654 44.6271212443 44.8659154974 45.1059708859 44.7193919459 44.5639425115 44.8558278939 45.0691296428 45.0185503406 44.8887368918 44.9613114529 44.5930629605 44.7851937444 44.9606620759 45.1899762563 44.8513201334 44.7044176567 45.1637113916 45.1247960149 44.8760952907 44.7831148359 45.1751628064 44.8482889882 44.8301076209 45.0066014895 44.5320861243 44.5573068737 45.0083871047 44.5463826463 44.614475141 44.9949867169 44.6027556321 45.0043461798 44.6804755556 44.7478420502 44.8447180116 44.9753859928 44.5746130582 44.7432270584 44.8985931103 45.1715328512 44.5695279631 44.8110904821 44.5112379579 45.1832954864 44.7703749943 45.1224494115 44.9013225026 44.9970212792 44.7946545336 44.9581525482 44.9607563115 44.847824364 44.9817902731 44.8410082769 45.1558454643
44.8205920188 45.0692247637 45.0223172945 44.8993544427 44.8532340708 44.6584736555 44.5202744123 44.8534423731 44.624055747 44.7596330053 45.0041625312 44.9765407955 44.9054757988 45.0426855147 45.1303121575 45.0192639267 44.6309139662 44.9385230632 45.0191911434 44.5342448474 44.8959879813 44.568334407 45.0626865019 44.9457161006 44.5472174839 45.0348659249 45.1848249816 44.7120198222 44.5036765154 44.7885702338 44.7208508733 45.009859577 44.8692143852 45.1178047775 45.0887243977 44.5222523268 44.6222423761 44.5902982728 44.5802270715 44.7245442329 44.8227562221 44.7157955896 45.1522147678 44.8872883424 44.59550685 44.629823639 44.964010615 45.1545530202 45.1575507245 45.1755010957 44.7585777763 45.0037451051 44.9030235851 44.697663447 44.9889307987 44.627444381 44.8006756933
44.633971299 44.7358462632 44.976153463 45.0519950098 45.1964254863 44.5932854109 44.7091524883 45.1792216517 45.1076600045 44.8466973066 44.5731577334 44.9866014147 44.9776188717 44.8346682279 45.0635260013 44.6412767271 44.7070741424 44.9954448697 45.102407703 44.8267519087 44.9546692438 44.9131703415 44.8347141757 44.7706371966 44.9292078875 45.1785486532 44.5735381641 45.0836458357 44.9117347449 45.1980124821 45.0641740733 45.0406024777 44.9786034962 45.1722826103 45.0930545615 44.6038726386 44.6956593033 44.8777212662 44.6752720997 45.1582321725 44.5352500258 44.9398701164 44.7847729204 45.119224404 44.6981342942 44.5147427567 44.660042906 44.5221799359 45.0604446557 44.6349424664 44.5335059712 45.0918642968 45.1438293421 44.6216711196 44.5244632998 44.6999239491 44.696639301
44.5034598013 45.0186394082 44.6142266394 45.0923569322 44.8287498366 45.0010330035 44.9681063721 44.5537923019 45.1450963684 45.0845843435 44.9996768449 45.1455633685 45.0411606023 44.9108125927 44.6126537974 44.9848976908 44.6159939225 44.9347266025 44.8735077947 44.6029123011 44.6582474493 45.1057072165 44.8801884758 44.6286794737 44.7498821708 45.168558807 44.8737051103 44.6785322243 44.571997746 45.0990771123 45.0030522729 44.9233973377 45.1993037899 45.0068149438 45.0489746555 44.8746415742 44.913635645 44.8310612786 44.7337774569 45.04624568 45.0304022009 44.7141639523 44.7670866963 44.6408347771 45.1927107571 44.5148018227 44.6590050838 44.960611009 44.9840547969 45.0015571895 45.0825382018 45.094226067 44.5791461999 44.8019424277 44.5430383822 45.1680904163 44.7500339576
44.737177591 44.6758089579 44.6027742466 45.0197715258 45.1013979042 45.0175023509 44.8627096551 44.9663581569 44.5126386235 44.8453106174 44.7210269604 44.8065102932 44.748218695 44.5320750706 44.8809159152 44.7965322759 45.16318393 44.5459615492 44.6028842628 44.9046713726 45.1600561669 44.5533486955 44.8828526964 45.0892405878 44.5645593164 45.0764494815 44.6510929691 45.0895439047 44.911286031 44.5985560246 44.931533329 45.1625952257 44.9367148677 44.7107250831 44.6755372812 45.1618484283 44.8526895737 45.0075203901 44.7939085546 45.0787681584 44.7468941904 44.8157444342 44.5216382072 44.6378728694 44.5660786003 45.1813371382 44.9611113351 45.1836931258 44.5465031922 44.8433381538 45.0197411582 44.6539361901 44.7704219717 44.9223706931 44.7152313814 45.2018480878 45.0399484545
44.878545755 44.9509786745 44.6837484998 44.5731589933 45.1009032555 45.1856099548 45.0147892199 44.5114552556 45.1670036729 44.8493862753 44.735073102 44.5042374089 45.0717672273 44.8477337782 44.8900104033 44.7030394499 44.6574416104 44.8675464075 45.0923394457 44.7538749812 44.9891360392 44.782352347 45.1471340869 45.1906304914 44.9376773242 44.974180141 45.070464735 45.1129351603 44.8790710736 44.888062283 44.5828205355 44.7027712838 44.8376379328 44.5290981307 45.1184204051 45.1763762379 45.0640317992 44.9050115687 44.5044930517 44.8970113475 44.8398676972 44.5709307827 45.0513687463 45.1216290821 44.935054807 44.8860629854 45.1904534048 45.0413715623 44.8152030517 44.7493362654 45.0656374524 44.6853789176 44.7117841725 44.704799228 44.6671253717 45.1619489156 44.7305445993
44.7129295262 44.6548129056 44.6221712183 45.0375059984 44.8507657547 44.9231806088 45.1048306494 44.830907721 44.6005143688 45.064641553 45.0050448606 44.5858625501 44.7746527482 45.0424263694 44.9245000065 44.9326704715 44.8837933677 45.1137632467 44.7023934542 44.6329562576 44.6709443919 44.5616066532 45.037576605 44.9464199832 44.6229071042 44.7748097846 45.0619228827 44.8206181853 44.8599172623 44.9410168789 45.0717646712 45.0582697138 44.6454276535 44.720315989 44.9137288064 44.5712667704 44.5542768156 44.9521980908 44.5998358063 44.8657163392 45.0990322791 45.0391892603 45.1032931042 44.5486348835 44.9312513883 45.0916981859 44.8968997024 44.7070862893 44.7163853301 44.8944842414 45.111449385 44.9001996603 45.0725337812 45.1694967927 44.6770784582 44.5500847987 44.9442720815
45.0736726927 44.7853467031 44.9962842571 44.9682488521 44.6427189221 44.9625444096 44.7342315477 44.6053663942 44.733544761 45.1876826572 45.0314817127 44.9966294146 44.5785454033 45.0111339634 44.8047360865 45.1991947695 45.1071035197 44.9398600196 45.0712059022 44.9863460741 44.7825340317 44.9780694755 44.8098433308 44.5857879155 45.0006269639 44.5208842213 44.7149093128 44.9504575682 44.5967727463 44.5044701357 44.5357389535 44.9438446783 44.6758941246 44.9345683135 45.1235035848 44.9823260284 44.715519531 45.0331767185 44.6099603525 45.0642361749 44.8107587366 44.6217391963 45.0027260789 44.8446510469 44.5588015722 44.9918469137 44.9167938954 44.925681828 45.2040399214 44.5315728426 44.994990159 44.6769249142 44.5001698843 44.6910562982 44.7507009445 44.7403470968 44.6467829905
45.0214556426 45.1954974129 44.8210229025 44.8373709106 44.8349125762 45.0453575474 45.0204256131 44.8869664575 45.0983166325 44.7898180503 44.9038340434 44.6602984688 45.0720453611 44.7976676192 45.0230957986 45.1616347923 44.9968556763 44.8659055124 44.8860533576 45.0498823463 44.6624875607 44.8817306749 44.5279426829 44.9845474564 45.0527062085 44.7979985711 44.9373526026 45.0237246169 44.7480516113 44.5113863858 44.6875290188 44.5840836824 45.1017158792 44.9657507715 45.0697935324 45.0895977218 44.5933312635 45.0880409825 44.6143529728 44.6448963378 44.9249407522 44.7405949552 44.8061396071 44.5101934451 45.1844380121 44.8941692945 44.7889092197 44.9341547113 44.6058207056 44.6711917758 45.1794818218 44.9947827187 44.7112398798 44.5302560439 44.5471250947 45.1926321996 45.0295222677
44.8730191618 44.5318262152 44.8577779037 45.1902524609 44.5246951703 45.1600565203 45.0297049197 44.649664942 44.6371803255 45.0284032605 44.590286048 44.6947950105 44.6603677354 45.0328928926 44.6929487341 45.1884519837 44.9428116081 44.806470291 44.6331551635 44.8092288331 44.6217645037 44.7610039554 44.6707738756 45.1920157544 45.09692219 44.6752953159 44.5259514974 45.0427303022 44.5555646696 44.7341540219 44.8088813172 44.9682763379 45.008099789 45.1823556281 45.0624276836 44.914323858 44.6130091086 45.0548288279 44.8249613382 44.8168653946 44.9830463415 44.7203896998 44.8305556356 44.6349317012 44.6073187833 45.067102617 44.8183197708 45.1590298183 44.7376438734 45.2039863705 44.8138138816 44.9270965974 44.6309730682 44.9280261874 44.73379883 44.9064318895 44.6605581158
44.9433443874 45.0863935136 44.7145394436 45.1058923231 45.1012843652 44.8822576887 44.7848415308 44.6596603171 44.6990791377 44.9401597221 45.0598775752 44.9081941119 44.7399655504 44.6120847906 44.8467273228 44.7962060312 44.5239975698 44.9568326487 44.869272286 44.9562767896 44.508210074 44.9113846379 44.6604205679 44.8393817604 44.7838811098 44.5278040563 44.823435446 44.9892032074 45.0909350879 44.7449041994 44.9312114175 44.7808042348 44.8272803207 44.6614655589 45.123367539 45.1066068114 45.0843638415 44.8968355944 45.1083182282 44.6891363155 44.7507241866 44.8634330606 44.6770239433 44.8714146778 45.0820970559 44.8211498349 44.6440711874 45.0709441275 44.57835602 44.7854862336 44.5673394353 45.0130390467 44.9397670123 44.6692245699 44.5258597797 45.0778065513 45.19837455
44.9151085019 45.0343915189 44.8876205521 44.7334448342 44.7928235193 44.9758314484 44.559740174 45.168102432 44.5118555103 44.9659026499 44.601197342 44.5065251709 44.9074935993 44.6795005102 45.0336470696 44.8267009468 44.8417735834 44.5551736426 45.2050841401 45.0962469757 44.5653994926 44.6000327424 44.620287759 44.6793679812 44.8420246527 44.5478109805 44.9509599459 45.006961317 44.5179425382 44.9071191493 44.6737366536 45.161756884 44.5067396592 44.9540954894 45.2062818787 44.9031001627 45.0135244591 45.1400036208 44.5534146577 44.9833452154 44.7036889455 45.0871784782 45.1102196258 44.7052578854 44.9024019993 44.6383270029 45.0014233819 44.7332245767 44.8321639407 45.1343937906 44.6422788342 45.090035078 44.8659682243 45.0372631032 44.9949547614 45.0377195709 44.5845224047
44.7462970958 44.8613888842 44.7923224824 44.5974054592 44.7422990992 44.6604096713 44.6636061035 44.8364882984 44.8034228167 45.1069574732 44.6251588547 44.9908464744 44.9056343808 44.9956515719 44.8979771258 44.5890943887 44.5756848084 44.571124916 44.7028509812 44.7013583201 44.672797179 44.5268281649 44.6780589857 44.773508075 45.1711530544 44.7593934333 44.5252936963 45.1408575965 44.6047053288 44.8389373255 44.6208985078 45.129655863 44.7428695111 44.8479837583 44.7520776941 45.0590924077 44.5327879775 44.915144483 44.5558236869 44.5291189031 44.6427579596 44.8392651479 45.1829340458 44.7986589601 45.0932954423 45.0688130062 44.7904387227 45.101920034 45.1125559888 44.840528984 44.9859013687 45.2009222718 44.8086701093 45.2054088207 44.6899894985 44.5926684615 44.9682676906
44.8988090391 44.9389367991 45.0656774102 45.0406611461 45.153121756 45.0111871758 45.1178285299 44.6745723377 45.1296399622 44.7218631023 45.1704957373 45.2048933487 44.8439852335 44.6670895014 44.5668260819 44.5845627013 44.6566064345 44.6327574456 44.619317878 45.1718559288 45.05076896 44.5534233701 44.8666868316 44.8163715752 44.9485133594 44.9603253763 44.7888847062 44.7111218737 44.723637427 44.5701568048 44.9020311026 45.0230174341 44.9777880557 44.5736053634 44.7673340136 44.9418558828 45.0537897171 44.9542445331 44.5133848686 44.8965578145 44.5069845944 44.6239918069 45.1451552402 45.1843209093 44.8902220587 44.6343204827 44.8273371024 45.084612013 44.5802571443 44.7043913985 45.1515750375 44.569522007 45.1277013395 44.8432611534 44.7683351325 44.5167775073 44.5089917399
44.9342196511 44.7396546927 44.6031791606 44.8563187142 45.0785604811 44.5734463005 45.14133971 44.9971703045 44.9849688518 44.6037305374 44.6381427704 44.8398380868 44.9388330129 44.6264033962 45.0040437395 44.712937035 44.9869839831 44.8213110068 44.8338644207 44.9366767136 45.2046286306 44.847107737 45.1256356518 45.2027860682 45.0948720795 44.79673442 44.7815448821 45.1687375439 44.9863096849 44.6464428264 45.039442582 45.2018732075 45.0401050825 44.5903803759 44.9034654878 44.9594929889 45.007666662 45.0690060502 44.90514125 44.8808432447 45.1232505811 44.580580702 45.169114534 44.7351304778 44.7987013572 44.6102648831 45.0470467591 44.7970911613 45.0691930595 44.8160764721 44.7128263122 45.0820105389 44.6796138333 44.8711231903 44.5798275462 44.770657864 45.1459629614
44.6123945196 45.0310043639 44.792730335 45.1240346541 44.9381583758 44.5093830945 44.6514450826 45.0364664305 45.1877180475 44.7402125613 45.1759560337 44.7126029511 44.6050520912 44.7367915346 45.2039579717 44.9840747612 44.7862085332 44.5617341263 44.5570923605 45.009709865 44.9848561752 44.6631332072 44.6376927289 45.1757856338 44.590213578 44.9699505862 45.1622353308 44.7207902248 44.5116938859 44.6040361557 44.5807593358 45.1448788866 45.1526327837 44.7789659225 44.6092193436 45.1892870996 44.9990825265 44.9328471346 45.1395193603 45.0119612807 45.0443136453 44.6087504006 44.8815883856 44.9590834931 44.9799691778 45.1552938106 44.9303986749 44.6565317845 44.9699877446 44.676595935 44.6940726945 45.1229808717 44.7668335407 45.1921520789 44.5786646625 44.9446574523 45.1856715797
45.0133029875 44.6809468261 44.5082083618 44.728246547 44.5841083592 45.0294510172 44.877596814 45.130625651 44.7177324995 45.1520450214 44.773000233 44.9096578626 44.9666769618 44.9246537184 45.1334545517 45.0987058541 45.1170691554 44.7375668138 45.0482846755 45.1503104668 44.6482527968 44.9928157892 44.8155442841 45.0359809931 44.59224266 45.1428494138 44.6294975069 45.1245919475 45.0505715965 44.6471486817 44.5971190224 44.7914759472 45.1462171456 45.1125011993 44.672513587 44.7256329248 44.7322661129 45.2032297767 44.8150475985 44.6836378904 44.973893613 44.572940432 44.6192130219 45.0415208681 44.992589465 45.1801161778 44.607861661 44.5702399116 44.5897535283 45.0997472941 45.0697649139 45.0778407982 44.6947461626 44.8366754889 44.7983296011 44.6647985933 44.9337306418
44.9126470452 44.7535954151 44.9048787194 44.5629420863 44.5445374763 45.2041869703 45.1275976938 44.9760402688 44.9811464877 45.0169424295 44.5425935761 45.0236335072 44.5989013519 44.873345642 44.561088916 44.8661206442 45.0307943805 44.926368571 45.0240361079 44.852445018 44.7660622656 45.1187249555 44.8073029747 44.7634061945 44.5638166236 44.8651520812 44.7351791205 45.127983281 44.629505086 44.9734386787 44.9991819822 44.7801577632 44.6588479344 44.9994882611 44.6311005714 44.8175383735 45.1230654802 45.0592385735 44.7785226534 44.8921283939 44.9418749342 44.7110414176 44.7982382972 44.7996437727 45.0666606551 44.7677530859 45.0208921964 44.6431557818 44.9003364787 45.1655707221 44.8695388108 44.822113783 44.8291948191 45.057407455 44.7571213829 44.8630936172 44.5735523203
44.7185947245 44.6590766763 45.1438182604 44.7505595631 44.5966271958 44.9537313181 45.0512206828 44.6420464691 44.8137608394 45.1006669652 44.9676127281 44.6726644478 44.5834392019 45.0547671226 44.9061735544 44.7075931783 44.7442017688 45.1007049475 45.0866564019 44.5250572872 44.8213209915 44.7778744125 45.0074171754 44.5153306141 44.9223204148 44.696281308 44.9015860459 44.5328364011 44.9709238113 44.5406134198 45.0084724835 44.859363264 44.5608209633 44.8375979811 44.7633959176 44.9727104577 44.7997356499 44.8708726157 44.5070389618 44.7652986733 45.136242507 44.6755318744 44.8422015481 44.9861784292 44.8350795867 44.9504048734 45.1926228626 45.0578451088 44.6862930227 44.5500876652 45.0847804828 44.9979908608 45.0838075347 44.5608212043 45.1426658739 44.909793552 44.5826680643
44.5806227918 44.5157312062 44.9920058483 44.9259905755 44.7689293999 44.557833034 44.792002086 45.0181581761 44.9566620016 44.9908723284 44.9113817158 44.9328325903 44.9454701889 44.7165584256 44.531532663 44.9310701875 44.5711214718 44.986411126 44.6855467871 44.7624471467 45.0025238238 44.732859683 45.2053540002 44.9338223193 44.8531014734 45.1032677356 44.895824087 44.7926022242 44.7854630207 44.7459042101 44.5049484696 45.107233399 44.8628084602 44.7870328537 44.8971407797 44.5934476403 44.6032772873 45.0807706484 44.8149858266 45.0128166604 44.6900905717 44.5941560254 44.5569410837 44.6270372944 44.8151129034 44.6209689396 45.0004655711 44.6388063896 44.6083380763 45.1161113725 45.1047834134 44.8061929922 44.6488265777 44.6537183337 44.8165254646 86.3368278658 74.8927481251
44.7548876878 45.1862715259 44.5288647068 44.9822246482 44.6030631027 44.5943981158 44.5096143905 45.1690686543 44.8776726811 44.6552742891 44.513791647 45.0295233254 44.510330919 44.8256428501 45.0653460678 44.6100486137 44.8909800564 44.7351808012 45.1598485725 44.73348496 45.0797680653 44.6175206315 44.8517745715 44.6306574602 45.1023677122 44.6509883968 44.691693429 44.6467465674 44.6099397454 45.1824284018 44.5085721467 44.9124006786 44.9570572818 45.1892078896 45.1983094139 45.145151636 44.8632402772 44.660198736 45.0119144715 44.7227134361 44.9321042377 44.7218918993 45.1958854452 44.6501331744 45.1022333868 44.5723630877 44.5620863308 44.544975057 44.6175987285 44.5850098275 44.7884935763 45.0033597818 45.1521549413 44.9129816408 44.5156779351 73.3959599117 78.9394284283
45.0723442189 45.0305505633 44.7523490891 44.518172474 45.0147517143 45.1962193623 44.8972010455 44.9148684218 44.6546068708 44.5261722788 44.6827705967 45.0389310462 44.6485927392 45.0962842491 44.8448054679 45.0354855305 44.6147031633 44.7800340711 44.7992431942 44.7290002065 44.7954221333 44.8740498493 44.7045256421 45.0878161185 45.0821948403 44.5073119948 44.9768492802 44.8834945969 44.8488467352 45.0818021303 44.9236882529 44.9972413042 44.9882979691 44.5144806424 44.7360005499 44.5566604064 44.5566962633 44.7362227728 44.5055905078 45.1287892774 44.6329367237 44.6562464829 44.6664486475 44.7542702751 45.1891928596 45.0142770973 44.7840629858 44.812201279 44.8576308728 44.9872180624 44.9639729397 44.9275840608 45.0364591503 44.7370239489 44.5605521375 72.5721758959 78.3601315786
44.9037736423 44.9881260923 45.1362791503 44.875643364 44.7291294786 45.2058046105 44.5337887104 44.8088775797 44.710182186 44.6137223524 44.5941368908 45.1765065138 44.5580540583 44.6104548414 45.0404169085 44.7447237927 45.1355669902 44.9335238077 44.6917032227 44.7601063494 45.145457358 44.9535863769 45.0966141583 45.0065982147 44.6049927012 44.8709079649 44.7629181219 44.6655823301 44.9850055449 45.1748734585 44.7771717796 45.1162885398 44.8489487927 44.9746960453 44.9552332735 44.7405954737 44.579376509 44.64289755 44.5123408476 45.2068451772 44.823278548 44.9693194419 44.682722352 44.9130348405 44.7718007919 44.7575436793 44.8779523179 44.5801902407 44.8377055324 44.5701679733 44.7717754746 44.9885442986 45.1949179059 44.7645846447 44.8211666996 45.050391961 44.9220647562
