Spatial_Output/DEC/DEC_0359.asc
NCOLS 155
NROWS 192
XLLCORNER 196307.867259
YLLCORNER 449144.565805
CELLSIZE 33.573938
NODATA_VALUE NaN
[rows 26 to 51 of 192, columns 0 to 56 of 155]
0 0 0 0 0 0 0 0 0 0 0 0 0 0 0 0 0 0 0 0 0 36.8096693858 36.3739369777 36.7741946951 36.2391143645 36.7093795118 36.7065791295 36.476549638 37.2593078685 36.708590922 36.7919984217 36.597858137 37.2125676946 36.1940957473 37.2333913328 36.8678186475 36.8814352286 37.1438506587 37.2155158763 36.008397923 37.1422341728 36.388367162 36.1171457564 37.0151247175 36.3193811147 37.1944866462 36.505571867 36.0754251197 36.5554466088 36.5149733818 36.1757453428 37.2451607734 36.5915668279 36.7143022893 37.1737518381 36.8729915529 36.720046679
0 0 0 0 0 0 0 0 0 0 0 0 0 0 0 0 0 0 0 36.4866160808 36.125512492 36.8912149963 37.2599622179 36.6873277952 36.7385817459 36.2583443381 36.0675618253 36.4767779237 36.6760895449 37.3528700019 37.3313713669 36.6869707836 36.9310340708 36.3596881414 36.5344915056 37.2568174182 37.3246540494 36.2233549314 36.2647133611 36.6097332419 36.0428886982 37.0649088552 37.3680048228 36.5937036352 36.2036336286 37.373284291 36.7753371863 37.1906177122 37.1906227585 36.2994743204 37.3132286712 36.7934528901 36.4291201321 36.0584130616 36.4637814824 36.5447918826 36.1636761097
0 0 0 0 0 0 0 0 0 0 0 0 0 0 0 0 0 0 37.3114379212 37.3594343844 36.7171677756 36.6501629468 36.3771032468 36.2096936643 36.9284022665 37.1866306704 36.4676968878 36.8532188577 36.98360661 36.9852566431 36.9410039921 37.0509101482 37.2812228275 36.4542445979 36.1963091323 37.0966360828 36.0374526218 37.0004573352 37.1546734024 36.2477048177 36.6285618337 36.3213126013 36.0124192446 36.2362278568 36.8558637567 37.0003177686 36.4665514027 36.6795113846 36.1619141354 36.675818508 36.5044066586 36.0846819447 36.5910289037 36.7713418135 36.4312178256 36.1950100394 36.3517332979
0 0 0 0 0 0 0 0 0 0 0 0 0 0 0 0 0 37.0993980304 36.6128520281 79.5282974283 67.8221053143 73.7122809929 36.1429677638 37.1110351877 37.2240389776 37.0332611252 36.8046995585 37.184816603 36.7099806502 36.7955447414 37.3017973164 37.2638973941 37.2942799635 36.5557154629 37.1394005421 37.123737658 36.0620496632 36.0302975606 36.2797204029 37.0126082875 36.2866327551 36.8771659411 37.1599947595 36.4825366987 36.0330411593 37.3357476187 36.6009768666 37.1987449029 36.2094893339 36.5613930513 37.3513726784 36.4729607197 36.9915053941 36.0717482259 36.7034398173 36.0343559779 36.8930416784
0 0 0 0 0 0 0 0 0 0 0 0 0 0 0 0 36.5350379501 37.1116609409 36.1577064256 70.1603445907 78.6426292915 72.5969292977 36.2359595443 37.1557352398 36.0220629056 36.9464322879 36.8242653304 36.9360534637 36.7129523639 37.1692842382 36.9858349003 36.419359608 36.7269741414 37.3179916411 36.6582714778 36.8755444411 36.3650019698 37.0819699914 36.7213476652 36.0726519344 36.2099431059 37.3457667186 36.0851343153 36.7012436065 37.2378657055 37.0854085726 36.9378657826 36.6756673278 36.7156806552 37.3872153832 36.0748840577 36.9650625046 36.7025841438 37.3913134782 37.0291977478 37.3701182069 36.9434683148
0 0 0 0 0 0 0 0 0 0 0 0 0 0 0 36.4476707268 36.7762604241 36.5360215233 36.5025801488 75.9569490142 83.2580925101 79.4901546532 70.4548709858 37.2278630414 36.916792073 36.8979617646 36.443719956 36.562958054 36.8357309434 37.026780486 36.5328472713 37.2943396918 36.3934947022 36.6752006264 36.0073555642 36.368204838 37.4026077443 36.912555778 36.9885365472 36.9070598432 36.5202689788 36.3086873215 37.0622670683 36.6853141096 36.3708464247 36.0482333236 36.502150116 37.4026180015 36.912520633 36.486672904 36.6038875136 36.9823986608 36.6643681467 36.0136665557 36.7540516259 36.7504905094 36.8053794948
0 0 0 0 0 0 0 0 0 0 0 0 0 0 0 36.9111508554 36.6762617839 36.4174233314 37.4047337752 72.0482226311 80.9067064255 69.007862576 67.386500302 36.4128806552 37.3585889345 36.1698411512 36.6054465722 37.226824433 36.0599703213 36.9700271392 36.2770396138 37.1715997336 36.8692443029 36.1521903317 37.3191094669 36.9774451958 36.7026996429 37.0213164468 36.8271257681 37.1045285672 37.0271707564 36.8778322133 36.9573448364 36.9072580734 36.2495471114 37.1487409071 37.0890161865 37.2840404868 37.0603425301 36.0223635388 36.3499162773 36.1609028854 37.0462216278 37.1785276271 36.5383416693 36.4137943508 36.6375985181
0 0 0 0 0 0 0 0 0 0 0 0 0 0 0 36.8644090322 37.1335096544 37.2889673371 36.4720582756 36.6393091166 73.0876807051 82.486504421 67.0878715278 36.257014673 37.0018557583 37.0979670301 36.0472729936 37.1395083477 36.8668172117 37.4059779168 37.3699518651 36.4633143577 36.8394892323 36.6566596298 36.8760024052 37.3694089384 36.4172642923 36.5911444361 36.2120003469 37.3088883362 37.4018481834 36.8390187514 37.3878306705 36.2437834098 37.3430950253 37.3437056729 36.9411226969 37.3244446151 37.3110418673 36.9201808518 36.1394884645 36.1840367969 36.6376469271 36.7127324126 36.7675805095 36.8257003609 36.8506924264
0 0 0 0 0 0 0 0 0 0 0 0 0 0 0 36.5595677492 37.3112485266 36.7983460991 36.0799073821 36.5030213404 36.2529957926 36.5074090278 36.7507863149 37.3228088904 37.1487398839 37.1849019436 36.4469250958 37.0185013202 36.5635765655 36.9402514241 36.498833153 37.1581419224 36.2359472057 36.7311383051 36.6905498061 36.8153356035 36.007785457 36.7538336487 36.6348667625 36.339116214 36.1025152245 36.9536701864 37.0648198972 36.6574304111 37.2255915863 36.2491308698 36.768581213 37.1021269003 37.229197745 36.2664618096 36.1296197637 36.002855005 37.1422753079 36.1651729319 36.3177739257 36.6325535523 36.4982370091
0 0 0 0 0 0 0 0 0 0 0 0 0 0 0 36.4978728574 36.5952744135 37.1379020452 36.1777871044 36.0359740412 36.9158918748 37.2055562101 36.9847298096 37.1079089399 36.8448783276 37.3820725006 36.9961011147 36.8778005233 37.1323217764 37.2134511686 37.3268120553 37.1566752781 36.9439060038 36.2044553195 37.3215551064 36.268405019 37.2260919876 36.1739847601 36.6441754663 36.7085886703 36.2146438515 37.30034298 36.3615065158 37.2043960535 37.0822493649 36.1662376686 36.3487046896 36.3283082907 36.7648877521 36.1914609252 37.3260892464 36.9391573568 37.4071012733 37.3554556287 36.630435646 37.1970467916 36.5609314851
0 0 0 0 0 0 0 0 0 0 0 0 0 0 36.7154763045 36.7176358983 36.8103372646 36.2431215861 36.124467532 37.0801822289 36.7361232031 37.086860143 36.2041163502 36.9862105026 36.1940205415 36.678002342 36.2206365166 37.0237672883 37.2605263252 37.1383565108 36.6066108865 36.1172208351 36.6163944717 37.3627531525 36.0315575295 37.2780830366 37.0634162601 36.1222357599 36.1709327449 36.4193308686 36.0040490598 36.0173424258 37.328240311 36.0455361939 36.2603815699 36.6416717296 37.0063873805 36.2280176174 37.3904441644 36.2067171514 37.0583390523 36.8247700379 36.1693072331 36.8112308387 36.8381123684 36.6949256521 36.6330917352
0 0 0 0 0 0 0 0 0 0 0 0 0 0 36.5645350157 37.1156591151 36.6006400908 36.3223932958 37.3393107634 36.934981836 36.3347955659 36.9185461447 36.7128817101 37.3025299232 36.0801230314 36.0157917448 37.2990443251 36.4226019333 37.3493706255 37.2382943579 36.4308172933 36.5422766673 37.3031739299 36.9364577603 36.5739485063 37.3637111842 37.2855250257 36.8221089057 37.1774639843 36.0361572426 36.7294756255 36.5591760034 36.3994804173 36.3206436061 36.8943730118 36.1504414298 36.6835195625 36.4934311221 37.0005069979 36.4426844942 36.9127168665 36.3890920908 36.8105719882 36.3697519097 37.3303310378 36.8427747331 36.8056552595
0 0 0 0 0 0 0 0 0 0 0 0 0 36.6106055401 37.1290904827 37.0967928071 36.3049483424 37.254932899 37.3703380578 36.3486963963 37.2273789251 37.4092678841 37.0202129719 36.5608880028 36.4221768657 37.0605783777 36.6772296107 36.4188214648 36.92121181 37.3165237017 36.3723327507 36.5240521658 36.0484356432 36.0257394363 36.4117693928 37.1695894627 36.0810362125 36.6317264111 36.6720248934 36.3909371622 36.2630425848 37.0554628446 37.2124433119 37.1620586177 36.28358694 36.4148062681 36.5640489537 36.1988334061 36.8983008514 36.4976849883 36.4682598318 37.0961776801 36.1838392501 36.1390071311 37.1447859521 36.0222647134 36.6049982781
0 0 0 0 0 0 0 0 0 0 0 0 37.2911081605 37.3443043089 36.9147029991 37.3669708922 36.6882734713 36.273732503 36.5990471173 37.3324554917 36.431533059 36.3294745134 36.6680405845 36.3469564248 37.2114896555 37.2238912384 36.162104397 37.1664104498 81.538677622 78.2031016942 82.0166090635 36.2457041071 36.3663941999 36.2874884568 37.085745489 37.3670328253 36.8704377715 36.6504282013 37.061434086 37.1912423084 36.6454162709 37.3637490996 37.0152284854 36.3642375231 37.2926595479 36.3514415732 36.04052956 37.1380075447 36.9433007005 36.631027768 36.8952509683 37.2007881613 36.9140787697 36.7630127159 36.7782984909 36.5099840739 37.2132662232
0 0 0 0 0 0 0 0 0 0 0 36.8705632711 37.4000708848 36.7848898495 36.3924490747 36.0841992811 37.3826637519 37.2132756478 37.1479873655 37.2281229171 36.573655716 36.0563602906 36.7825319457 37.3106035914 36.9011339805 37.1177396376 37.1100683226 37.1543264537 74.8358890436 82.4113242428 84.4526530095 36.0788298856 37.1530203507 37.1351263073 36.5680942514 36.0613475225 37.1673522119 37.1256892547 37.1135073228 37.3358176158 36.8562625444 36.2850811753 36.6484794758 37.4092908456 37.1509069403 37.2745414152 37.2041178208 37.1610472651 36.1438206272 36.6608301869 37.2084623897 37.1696345503 36.8345787505 36.5077371572 36.9846236558 36.0557209528 37.3425682699
0 0 0 0 0 0 0 0 0 0 36.2768837052 37.1937500661 36.4565139147 36.8935982261 37.3935348695 36.7483201346 37.0406720144 36.0273014 36.3543578902 36.7657825492 36.8460527139 36.777942217 36.351244695 37.2508261389 36.2231127577 36.9269112062 36.0074294725 36.588079736 74.1285100944 80.8501857777 73.4886583546 36.6373754511 36.3740189902 37.0989789786 36.6749208955 37.1714548663 36.8551975873 36.4472590847 36.6779003223 37.40189784 37.3629744034 36.7890508326 36.5387971132 36.0187372004 36.42449745 36.6185356576 36.1306593197 36.2573859348 37.4064966289 36.5294888751 36.5888127336 37.1101937019 36.6114240026 37.0547967813 36.8054858682 37.0216279977 36.7923369929
0 0 0 0 0 0 0 0 0 0 36.2068428899 37.1331627311 36.8010984708 36.9479343169 36.0315516193 36.5339518064 37.3231281696 36.2408975615 36.6916545331 36.6993684347 36.2078071804 36.5180327874 36.0141943744 36.7905317525 36.9981788467 36.9931768585 36.4754514445 36.4529722735 76.9238779715 67.2189717397 68.2784928759 37.1462517353 36.0210659894 37.0797849347 36.9419889826 36.1183534275 36.6483143836 37.0270449808 37.3263784427 36.6112311645 36.919572616 37.2711575213 36.0614469611 37.0380487962 36.9630148659 36.2424263248 36.6511274053 36.2316889966 37.0639479884 37.0498976079 36.8522426348 36.415390187 36.6210912241 36.2909488834 36.6461459249 36.982732746 36.5605467423
0 0 0 0 0 0 0 0 37.2249680325 36.4846398664 37.0669595146 37.325806118 36.8380769476 37.0722552387 36.2602198817 36.332100714 36.7702488024 36.4750555814 36.7912999955 36.9215038607 36.7802452218 36.0079990095 37.3661644747 36.4718906713 36.0118343024 37.3017779006 36.096495973 37.3578869858 36.9998383 36.1114491554 36.073337834 36.1780406169 36.7092502591 36.9257668569 37.0202611009 37.3227073148 36.207624609 36.7630261222 37.4011713661 36.7452416449 36.6634951169 36.9985665978 36.7480722886 36.7782095294 36.3542150439 36.878000155 37.2329797231 36.2197579851 36.4706127447 36.4247546585 36.1340251078 36.2022584663 36.565060795 36.9906920156 36.8820159134 37.224076947 36.1799669236
0 0 0 0 0 36.3916477065 36.2086915135 37.1776609538 36.4966446839 36.8447968163 36.5506070473 36.9634395142 36.6146418362 37.0647929721 36.0594843885 36.795812822 36.2224505758 37.2656314475 37.399395412 36.7619547128 36.155420025 36.9337524893 37.0072695 36.4543223607 37.1541854059 36.8985308024 36.6453004697 36.4256031098 36.8123231034 78.6462648928 80.9426667967 78.4103000158 37.3818942377 36.8258039343 37.208165166 37.2808806563 36.2635289216 36.3234052388 36.7394349457 36.0990725912 37.2371377158 36.3112786611 37.1851243402 36.5720747304 36.4312669931 37.3033813774 36.8607087962 36.7210047219 37.0902620887 37.0335164211 36.4261188383 37.1686352177 37.0483515434 36.2435188783 36.229847276 36.2178155161 36.0961762675
0 0 36.6364898975 36.8096600694 36.0706530081 36.7164240274 37.2381405264 36.3940119011 37.0442019724 37.2516726714 36.6754757782 36.512174541 37.1781936228 36.3903321188 36.6271538664 37.2046483637 36.7738483697 36.1096114382 36.0890472941 36.8960192029 36.9088084725 37.029536269 37.1097803296 36.3271456519 36.0772776607 36.6620162365 37.0517050725 36.3176543793 36.782088369 65.7745720796 77.1355586194 65.3909374279 37.0838508428 37.3766142435 37.1377190667 36.0734752154 36.0624526673 37.0215990821 36.532815014 36.900970132 37.3448869648 36.4195034066 36.6549930703 36.5966660007 37.2141796614 36.7312133315 36.1684996459 36.3089508495 36.2922205791 36.4310960287 36.0723087645 36.4198551268 37.1869477232 36.9813689736 36.5362155732 37.3491282029 36.2442051088
0 36.9781502917 36.7344468723 36.357801545 36.4239854679 36.6051446212 37.0234651458 37.3263942971 37.2518938469 36.0940340891 36.7247961599 36.8724714535 36.0071752628 37.0813947883 36.3025873378 36.5397470445 37.1790564059 37.0423175319 36.458920539 36.6983161543 36.0381981552 37.1587364283 36.6070599503 36.9447832765 37.2244942488 37.0027019578 36.6289205017 37.3077969841 37.0699970298 69.0013032272 79.8134940626 73.0170283943 36.7546891387 36.8286056556 37.4039777308 37.1841195841 36.0463841029 36.4263282122 36.2325910078 36.6883379642 36.0052555898 37.2908292637 36.4169070302 37.1021239643 36.2546325549 36.4212843039 36.8542729845 36.4729783922 36.2753916333 36.8227422598 36.1973681589 36.5222658825 37.0136039562 36.4897767839 36.60382652 36.2688661732 36.6900657968
36.6128492937 36.6307220953 37.0860242729 36.3352615565 36.7647464323 36.6356444168 37.3494682208 37.4064613499 37.1913842654 36.6011303455 37.2092549849 36.2157454159 36.3180833782 36.9956194134 36.5367146454 36.9179871815 36.5250471461 37.0357623295 36.3853887967 36.0562125124 36.7866648931 36.5203967644 36.4914967093 36.2378760987 36.9015698677 36.6109986464 37.3742375125 37.1011312481 37.0875619925 36.2715909928 36.6105635404 36.4669043303 36.2185076233 37.2927419704 36.2612030762 36.5954861978 36.6270427313 36.9477852998 36.0492265443 36.3941878537 37.3326642206 37.0560708002 37.2146034575 36.047999978 36.9665041657 37.1700204123 36.0011903176 37.0311419756 36.5510668999 37.0974059032 36.8334165134 36.9742667245 36.583465914 36.0724886381 37.279950381 36.3735963818 36.562233808
36.05118288 36.1953031733 37.2167469827 37.4008758694 36.9913029006 36.4232941437 36.2197109367 37.2266123784 37.3055513497 36.3558721462 36.9432419789 37.2960807756 36.2576468425 36.3954170111 37.1657038288 36.3240307601 37.0821645851 36.7421948856 36.1330714702 37.1342969284 36.843439826 36.9343389182 36.7245339869 36.4746567725 36.4584480704 37.2211553667 36.7379453493 37.3867072781 36.8506581375 36.8300475061 36.9569138541 36.9151743675 36.925175548 36.11191537 36.7995076123 36.6740047906 37.3125304804 36.2879316627 36.00910945 36.6462081218 36.8754783203 36.8722891164 37.3834307494 36.3074981141 36.7815547453 37.2355681636 36.7961744453 36.9021835158 37.2076985321 36.3711585781 37.0007535351 36.8124004415 37.3009981934 36.5161100336 36.9406290485 36.7733318435 36.9562493412
36.6406308341 36.8651323174 36.5107369874 36.6443042777 36.1085840155 36.6917766115 37.3246436384 36.7133577222 37.2880403662 36.5709582395 36.0183861582 36.2201455138 36.0330909316 36.0204957513 36.1553926037 36.2627493579 36.9163422586 36.5380786848 36.4997103673 37.1528937109 37.0623017644 36.028955908 36.0562258735 36.3747217899 37.023726939 36.0842733836 36.2575408844 36.7254849334 37.1044933748 36.8535839432 37.0125276269 37.2773997126 37.1983915172 36.7060855617 36.0652870226 36.0503996376 36.6117430133 36.9033064469 36.8881978472 36.7477204531 36.7811323679 37.3597629527 36.1835188774 36.7127737865 36.1267841968 36.3840981181 36.5514261448 36.3499869847 36.0455455709 36.4552942585 36.2238885908 36.0155256312 37.0588451714 36.1794083365 36.0487730975 36.6400311307 36.1862463895
37.168275365 37.4082829022 36.7263204138 36.9236246843 36.0839853853 36.9489661367 37.1518387313 36.3720077842 36.8241479087 37.3469572768 36.2905253662 37.3826610149 36.3614194404 36.208408054 36.6325209597 36.6448514074 36.6769309672 37.3408462884 37.0317021789 36.3315961182 36.2227505298 36.8189499215 36.944592884 37.0659273312 36.4532796044 36.4104965236 36.5649522016 36.5474532111 36.6791073434 36.9914970267 36.2480881141 36.2425610546 36.4522741448 36.9909944145 36.5957364112 36.5108706584 36.2967280125 37.3668979633 37.3588483685 36.9181568582 36.7569387064 37.0433556792 36.1067105991 37.2006569347 37.3630994429 36.4487573069 36.3805591945 37.2655946642 36.3850945795 36.1423343344 36.5625330766 37.2939032597 37.3258638825 36.4770437294 36.6614764807 37.3771998744 36.0285598854
36.5601549585 37.0814437648 36.042363279 37.2613423804 37.2518205762 36.2198313039 37.0623986957 36.6766126635 37.3542274517 36.9188255431 36.6013378324 36.9394778481 36.6271151204 37.2701370137 36.5047538884 36.1249734988 36.5804088051 37.4079809116 36.4157977902 36.664376921 36.1459418094 36.2612865449 36.3102296825 36.9094989207 36.8449131724 37.2924721018 36.5611139998 37.3653387607 36.8333078544 36.464384909 36.4782046495 36.0315082074 36.6209361852 36.1660547439 36.9037679801 36.0282875546 37.0015544959 36.6632344284 36.5558356839 37.201443628 36.6127850242 36.8478480429 36.1579189387 36.3408265933 36.7596647043 36.4454738751 36.9835033953 36.0890524928 37.0611435863 36.4820558354 36.9132256862 36.4936289643 37.2791347621 36.8660334005 36.8917895196 37.3196899358 36.0784052374
