Spatial_Output/DEC/DEC_1360.asc
NCOLS 155
NROWS 192
XLLCORNER 196307.867259
YLLCORNER 449144.565805
CELLSIZE 33.573938
NODATA_VALUE NaN
[rows 104 to 129 of 192, columns 57 to 113 of 155]
33.8501246661 34.0948032573 33.2202240133 33.2228669836 33.1390601793 33.9436571673 33.9651574638 33.0785405086 33.4974664386 33.5946695877 33.5603181732 34.3325055544 33.7214378056 33.2353783354 34.3152899071 34.2037823459 34.3148217781 34.0207248526 33.8765355095 33.9726176711 33.1657551847 34.0425008281 33.1192529361 33.0881201713 34.2257251589 34.2522972803 33.2890277131 33.2086628078 33.44497926 33.40287973 33.6867196219 34.2964143283 33.3432677191 33.4596469814 34.0163109209 33.4578414796 33.1712416164 34.0627580751 33.588664771 33.9464962054 33.1555362091 33.0401606387 34.2951285648 33.8162018454 33.4444217489 33.1584997207 33.4368727703 34.0871834951 33.9418010405 33.9460004462 33.9081340059 34.2226539008 33.4752333977 33.3244889013 34.2125496375 34.3240962538 34.0423251208
34.2502734598 33.010671296 34.2422129955 34.1554243938 33.7444435036 33.0669968701 34.0927699216 33.2027963432 33.5257848413 33.9066285548 33.2886675719 33.2368463878 33.4437989157 34.2815500867 33.7606105929 33.9719330514 33.3403478522 34.178745525 33.6618051124 33.2823920788 34.3751589466 33.6767648763 33.0706757914 33.778183037 33.1375204273 33.3883047661 33.4810867619 33.559303247 34.0321695752 34.3669309427 33.1474328379 34.0406746355 33.8087796995 33.0222570006 33.9104709859 33.8855981249 33.2983379801 33.0939343778 34.3405579304 33.8372063216 33.7134034977 33.3765916886 34.0529982885 33.4100115422 33.8480031853 33.0455126603 33.6763847812 34.3057732682 33.2154110691 33.5237932565 33.9402972464 34.217844371 33.5947816234 33.2595456383 34.3690334588 33.1721912427 34.3866437662
34.2787741687 33.9254857439 33.8045772407 33.285569128 33.6012376414 33.0340588148 33.4753014593 33.9583708473 34.2568463293 33.1804071691 33.7952427064 34.1752468291 34.2339255685 33.1918223957 33.7827822177 34.2768545552 33.2440533919 33.5185140188 33.3549411628 33.6242926309 34.0072465474 33.6571000659 34.2348285418 33.5173767053 33.2868393008 33.4287885322 33.5692204524 33.1117186883 33.1865567823 33.5881981304 34.0498314815 33.4129564652 33.4801646083 33.4675737787 33.3399858022 33.7796963507 33.5819013225 33.4997375743 33.0457238113 33.7347226058 33.3152556073 33.9366827892 33.9255288236 33.5449550246 34.1956161358 33.8957390573 33.1930978298 34.2969194264 33.1160205012 33.3234098887 33.2365350962 33.921257964 33.6558030582 34.1127609943 33.1972885272 33.6960190738 33.1379827091
33.6539220733 34.0009885343 34.112573809 33.3809508878 34.3882744445 33.8968434061 34.1398880279 33.8587306006 33.6465094722 33.2842580262 33.4218547187 33.5582256549 33.6953842651 33.3083784342 33.7432962513 33.4069952352 34.3278875782 33.2664936043 33.4157273667 33.5315930114 33.3721771252 33.9216912673 33.765573537 33.3518614999 33.8967099829 34.2184932028 34.1686109188 34.1676901934 33.6389677086 34.2682142069 33.5383901751 34.375935674 33.6935672916 34.3594491283 33.4562165996 33.5513048696 33.0135339705 33.1869688554 34.3220872242 34.0265735007 33.1711240478 33.9097495346 33.9455636979 33.5616749148 33.5549047081 34.2296375232 34.3031852114 33.5551614268 34.3528268106 33.1340440137 33.1465525667 34.1455412298 33.3385460765 34.1789419594 33.9776861567 33.1119317812 33.2422862516
33.8436565403 33.5719150932 33.6868292553 34.2793841628 33.608632887 34.0080022666 33.1735035678 33.2376437934 33.5978036127 34.2581665943 33.9820108484 33.8705134109 33.3883726451 33.5253962185 33.8095122858 34.2121725816 33.9135400225 33.3508609494 33.3567869296 33.4855374158 34.0496271979 33.2541973842 34.1891947747 33.4665994681 33.446338454 33.7928803468 33.6349189603 33.9518374626 33.0164043527 34.2509832334 33.5598363823 33.9716313031 34.2524211251 34.1949230776 34.264508535 33.6932484166 34.3706789859 33.7901450428 33.8427073021 33.1930413711 33.4953175867 33.6107262558 34.3539738175 33.7065891267 33.6269653606 34.1405243511 33.9552210311 33.9930537175 33.7241106058 34.2751722349 33.648264508 33.2941992328 34.1126315773 33.7634809113 33.0480963125 33.1273692096 33.8812998716
33.056002298 33.7615308025 34.2630323144 33.441387502 34.0196021238 34.2704982601 34.1701951902 33.6128351317 33.2951035937 33.5421702852 33.0082220522 33.9536650123 33.8972852799 33.6664692639 33.3850857607 33.2585511106 33.1588161764 33.5303394731 34.1546915333 33.721214129 33.8238498662 33.5996611277 33.9010352868 33.6300686462 34.2636199493 34.313456531 33.0188489748 34.3077933528 33.939887836 33.1816480878 34.1469437633 33.3376581111 33.6405302146 33.2575320567 33.7290412766 34.0817130619 34.3044160664 33.5267731655 33.1658776713 33.111482665 34.0191732958 34.1764452305 34.1606227745 33.8373051224 33.3167760988 34.3287250382 33.4556094234 33.8301676242 33.6440324433 33.9266269918 33.4745150297 33.5750793952 33.8977168043 33.1538968211 33.8422749347 33.7319202605 33.6941479337
33.7310690874 33.8431727491 33.8560584374 33.3407416244 34.1749670988 33.6952950934 33.5418545085 34.1567816629 34.0972721887 33.0820406355 33.5830294234 33.5012682527 33.7583936019 34.2091995899 33.2080860038 33.1891765296 33.2630106422 34.1626832905 33.7330314224 33.6912056192 34.2817431572 33.3943577088 33.5410553024 33.7352448974 33.1044907188 34.2883465381 33.343463677 33.5790860355 33.1591991977 33.164372071 33.961962088 34.2607725493 34.2993277323 33.0070827464 33.5505146234 33.0863639043 34.2653602407 33.1372235035 33.9215128094 33.1460444681 34.3311035326 33.6488157037 34.2612914155 34.2931140033 33.7691611629 33.1377742073 33.1126920805 33.0362104038 33.9332524665 34.3472616711 34.1898175816 33.7181221157 33.0574086417 33.3079090031 34.1596378422 33.6702424351 33.5279723004
34.0155932503 33.9600665494 33.5210840471 33.8762784517 33.0774497845 33.8876488849 33.6486680591 33.5859616744 34.2530948935 33.4475170731 33.6371945287 34.354301234 34.3453574803 34.2985838448 33.5666394938 34.243285791 34.050553071 33.1934857416 34.2517741817 33.0079279556 33.696521517 33.2811109322 33.2010256003 33.0904677155 33.5519837777 34.1622953481 33.9064579947 33.7594651804 34.2117701822 34.2717645888 34.1454541815 33.8470293087 33.949708556 33.7842341613 33.2881935252 33.3221071344 34.0289946893 33.723264625 34.3167043909 33.8284339697 33.9698728892 34.3148481461 33.6028935039 33.4789230959 33.0339547907 33.9342268771 33.1189387551 33.3165641099 33.6547610039 34.3378036653 34.0131929767 33.8429501152 33.3220094441 33.6572050192 33.373027957 34.0158182476 33.9194312604
33.6844851722 34.4030284356 34.2378159418 33.5138230104 33.1273885497 33.6874274622 33.4915118043 33.0732654345 33.2142718589 33.858332875 33.2803265682 34.2541909851 33.8129280167 34.0632082343 33.2084644016 33.9574016959 33.2259176457 34.2728648132 33.1144518165 33.2275123966 34.2545692157 33.7872545751 33.7282367665 34.2567731498 34.0520303061 33.5680752249 33.940405403 33.4077123862 33.965063802 33.1912967478 34.1266846356 33.2518199531 34.1017202645 33.0443777222 33.0165578324 33.709244469 33.5072427101 33.612946301 34.2232203825 33.6380396662 33.7702760934 33.4343734779 33.0325365985 33.6408645927 34.0456624883 33.8191920299 33.615913264 33.2770805203 33.8478381423 34.0337242913 33.5939418524 34.3562397268 33.9780806957 33.6639784517 33.0920178627 33.3699691215 33.7277513111
33.2941212127 34.1204595426 33.0851902702 33.9014399171 34.1998691487 34.3197708307 33.1621930017 33.3842099722 34.0496818084 34.1718781594 33.1159789149 33.4046868907 33.2121442446 33.8689389136 34.2937596102 33.703534044 33.7767953432 34.4137150036 33.2793645756 33.012563024 33.1945716333 33.5011027855 33.3453415745 34.3479530071 33.7864890335 33.2485948495 33.7842569523 33.7220810308 33.4041256763 33.8862652438 33.0523163363 33.6260895595 34.3266583727 34.0768131445 33.1706108602 34.2975221452 33.6626518569 33.9442481295 33.8613786592 33.5424328119 34.085148703 33.5902619134 33.1572166629 33.2751265649 33.3937557958 34.3422884516 33.758546323 33.7196547596 34.3794516068 33.4223110658 33.7844093914 34.3773921544 33.6108430042 34.0259287018 33.0928144593 34.1930725505 33.1138281201
33.4056998547 33.7321699303 33.2982894667 33.9757347676 33.7764387698 33.4032770289 34.0246067037 33.4147930216 33.5541585191 33.5617564413 33.9271789391 33.9710449605 33.8069798109 33.5740794857 33.1607144421 33.1883700835 33.3345746281 33.5876487347 34.052215434 33.8708192189 33.2019625171 33.4920161628 33.6521721556 33.9812843272 34.3080305889 33.7404709928 33.0021215733 33.0715116895 33.942797082 34.3724035981 33.8105805338 34.1115663101 33.1562199735 34.0187708101 33.4183759371 33.8998984613 33.4100718009 34.3018130643 33.6240998281 33.5607584521 33.7618451592 33.3466776451 33.3173595378 33.4955055717 33.8325894568 34.2387194795 34.4042782507 33.7639751521 33.4616885894 33.5868663994 33.5367187648 33.9560844093 33.3633401518 33.6168555906 33.4519620156 34.0731379047 33.8464343296
33.7918050166 33.9207515374 33.3075395431 34.2757286848 33.0689217858 33.0795217975 34.4039155936 33.5185624952 34.0378056573 33.2997186854 33.7903929038 33.7388029277 33.0810095428 34.3588553741 33.2345415058 33.7225636673 34.3804310934 34.3030014064 34.2964813188 33.9331315237 34.2425511151 33.8748163278 33.7997483802 33.1908532847 34.0495360016 33.1584084949 33.3507184488 34.1299864533 33.6051003261 33.1465663271 34.1808575244 33.688842818 33.4794992012 33.4493812062 34.3077819972 33.3134539139 34.3284409464 33.5166394102 33.9120517922 33.0292785412 33.0377150486 33.2461783425 33.2129309001 33.8422681794 33.9021973561 34.1875250237 33.6543784544 33.9990589022 33.1093896909 33.8617510933 34.2947305144 33.2756809129 34.3794315471 33.6564598243 34.1723377265 33.570773536 33.9866930089
33.7874189904 33.581141495 33.9033519277 33.3645506773 33.734593557 33.0958740453 33.7274368977 34.1231691507 34.4124522415 33.3018031197 33.2883010647 33.5514756983 34.3418057807 34.1286648837 33.9602500214 33.1522424906 33.6704747318 33.971561477 33.2958909472 34.0776498163 33.7237914385 34.4101779425 33.6974602265 34.3442402098 34.3238991687 34.2669319387 33.7338157368 33.0796748393 33.3295024587 33.1363812973 34.2661819105 33.4693317806 34.3003405051 34.3030903033 34.0599665096 33.3827520713 33.2267066239 33.2386333661 34.3110397501 33.2681313274 33.8206162487 33.4643391544 33.0089026651 33.9228602156 34.3354381372 33.7857333276 33.419024494 33.5405912562 34.2699640258 33.7603304236 33.3251519611 33.6960671274 33.9691136467 34.0459107382 33.1674266719 34.1949648234 33.5149036687
34.1883738094 34.0708816605 33.3109275782 33.1535745654 34.0811967247 33.0007859383 33.4275148251 33.3855418688 33.773821275 34.2070364221 33.8669896231 33.1011170436 34.2026383524 33.7307403956 34.0722511806 33.4064183691 33.9776112611 34.3275650692 34.0102526627 33.5860619532 33.9441947586 34.3675026153 33.6080949794 34.3924801238 33.4588120318 33.8438736484 33.0830986329 33.7795465431 33.2011380565 33.606452061 33.9454856616 33.2614128241 34.399494945 33.4950113684 34.1338615428 33.9110398812 33.9202652048 33.2107811749 33.2627181663 33.6812869562 33.1217834726 33.2006807713 33.9362340541 33.9590420382 34.1659405768 33.1091761435 33.8384643206 33.1549442794 33.5409833925 34.02457966 33.5248946376 33.4028157236 33.7612338897 33.9383594788 33.0220500936 33.7205068462 34.0525209537
33.6454393678 34.1427721857 34.2193253119 34.0271474978 33.7424413078 33.0905032452 33.4693831376 33.8714769351 33.2223753647 33.0285105303 33.1245293438 34.1456722992 33.5358135541 33.4506545402 33.1929929523 33.3436112722 33.8787339689 33.4970318049 34.404146542 33.6247335955 33.1036708668 33.4898751909 34.0781805629 33.9446420252 33.7953317048 34.354661378 33.5835108786 33.7021126077 33.9574001914 33.6246120556 33.8654422893 34.0912593073 33.4561415156 33.1441538929 33.700152418 33.2641574643 33.8514787521 34.4137815129 33.1541627309 33.2998976765 34.2481712913 34.038688081 33.5623846336 33.5860744742 33.7660613084 33.8700148355 33.784318807 33.1875842163 33.6646490584 33.4955652198 33.3441931055 33.9319954435 33.4106201482 33.6534108373 34.2947528095 34.0767373499 33.9183271504
33.4502887314 33.4301265285 33.4713276441 33.9436860787 34.0275502587 33.9552694881 33.7426927832 34.0395790477 33.2117926288 34.2085300253 33.4547265633 33.5632550015 33.8356771644 33.24942647 33.0701914095 33.5424292783 33.0040662646 33.7743961094 33.0453417954 33.0240838328 33.4545648055 33.9566222654 33.9730999797 33.9228773218 33.7211910685 34.0312916216 33.7576976356 33.483268775 33.8050192959 33.5258887675 33.3562951204 33.6509659436 34.0645491335 34.2066182368 33.9348108548 33.5311829119 34.1643643328 33.2509325456 33.181037985 33.8462522646 34.0646247591 33.8086092556 33.2929293486 34.0592106883 34.1648498677 33.9608795063 33.7764908431 33.3003944609 34.077741182 33.8882090885 34.1696082442 34.2667681127 33.1817531448 33.0604697558 33.9179015795 33.1245255268 33.6999979329
33.1038542972 33.8134375272 33.4753774277 33.2222892988 34.0863969302 34.2076283426 33.9631937079 33.8424432356 34.0154181205 34.097305629 33.7552347235 33.7212866861 33.1031247569 33.8818119247 33.4125672758 33.2611492666 33.233497165 33.3407809811 33.6105922625 33.9768580061 34.0733912506 33.4534799025 33.1915947374 33.8923891101 33.454947166 34.0464073043 34.3266518268 33.4476036188 34.0896331826 33.97624637 33.2056680284 33.699922883 34.0773225695 33.1750563401 33.9595323608 33.0896968509 33.8291874355 33.382644579 33.2950674791 33.106855253 33.0515224327 33.0452841539 33.1785938958 34.0916865553 33.4477709248 33.2458567621 34.2354393726 33.8979096238 33.4076925961 33.3454030219 33.5009915763 33.067060658 34.4128841931 34.3000252265 33.2042253103 33.067188895 34.2525167058
33.3851130831 33.0481919186 33.1914845888 33.1049205224 33.6787908911 34.1792764709 34.0974179421 33.174487042 33.1208724556 33.22933189 34.3355024338 34.385356912 34.0966872832 33.2698414327 33.4108598754 33.4193975483 34.2964362085 33.8585544297 33.923958841 33.0187901167 33.9410036483 33.7909776364 34.0001651236 34.3910873083 33.4932193115 33.360437227 33.7796401675 34.048707522 34.0560158426 33.6417772236 33.9141642371 33.0756106526 33.7857704348 33.4766893726 33.6395527912 34.008975832 33.154767753 34.0800340146 34.1475184976 33.1900002699 33.7937805695 33.1020296421 33.6232364725 33.3834365917 33.6636760966 34.3051765417 33.6546262822 33.5705698921 33.6498716054 33.3558694778 34.2765127687 33.8236965328 33.9184738288 34.2885753131 34.381042754 33.4511766392 34.0994192984
33.8646114276 34.2015291847 34.3378769031 33.5586623364 34.3968047455 33.1952168503 33.360594722 33.2090406657 33.4001079488 33.0586453734 33.6394799331 33.0726824974 33.7485680052 33.7086152694 33.9114007393 34.0128398315 34.1983143213 33.0188751741 33.7719450925 33.9455446256 33.3811468265 33.6921254242 33.8920335091 34.1834153669 33.1645808928 33.0684707298 33.0827470391 33.824171723 33.2852196527 34.2926162237 33.7545440324 34.2495704482 33.3649492445 33.9862996156 33.9696396382 33.911353522 34.2585281729 33.4260880014 33.9090632919 34.3331373175 33.1090632104 33.6621515023 33.5375145506 34.375313537 34.1107493799 33.589708374 33.8957618686 33.4358490829 33.2654552147 33.8852845107 33.0659260625 33.4475434057 33.4404657924 33.0314295946 33.8285613612 33.9741004947 33.0838183323
33.6839175405 33.2312938494 34.0558860707 33.3412345606 33.4673545707 33.9153421558 33.7206469093 33.5729805927 33.9386899977 33.1849691819 33.6094323921 34.3536223482 33.7769203207 34.0149110421 33.1524815699 33.0121146811 34.2785950541 33.7293787407 33.8160045077 33.5031672631 33.6007365358 34.3299940475 34.0540638644 33.0891559167 33.1393718299 33.2330291481 33.3449983494 33.9500908349 33.3468237877 33.7074437373 33.7569702382 33.0251570888 34.1486219571 33.0744807205 33.5913359872 34.3158248179 34.0435093683 33.5584816513 34.0611624645 34.1903121468 33.8437305138 33.6304430346 33.2909092729 33.0911675545 34.3846147449 34.3403273465 33.028246495 33.9956955348 33.5677489694 34.1864896055 33.6009630975 33.1377678928 33.3024196788 33.3198534144 33.2978198854 33.2430374686 33.3077365688
33.5210379698 34.0223968629 33.8105626997 33.3351012577 34.2682886217 33.6812005841 33.3470114312 34.0209608406 34.2732235519 33.9892416016 33.2818127304 33.967545788 34.3422638024 33.6177146931 34.4014338965 33.0148358857 33.1314232875 33.3321389174 33.8912844454 34.2891978786 34.1561938294 33.2159216271 34.3107042898 33.5448198877 33.8756625447 33.8319092951 33.3607457643 33.579351826 33.1590892146 33.2252141536 34.0596681668 33.3561723915 33.2680537281 34.3658622403 33.5214899859 34.2963201354 33.2113094474 34.0488652295 33.5183846932 34.2101476703 33.2008422656 33.7842652561 33.5349263963 33.823080612 33.7056724275 34.2201558233 33.9753177657 33.429297675 34.1451909611 33.9093036253 34.2598241226 33.540476445 34.1140313162 33.4832183068 33.6338161237 34.0564271885 33.9952060645
33.9770307545 33.0948917784 33.332886045 33.7703233907 33.0861474839 33.6174280293 33.6515464402 33.5483880423 33.9467151087 33.531096169 33.0125302907 34.0628906962 33.2781321747 34.0620193205 33.6847478149 33.7454754369 33.3421519261 34.0570831143 33.0010444954 33.2119889601 34.0902140697 33.8685810369 33.2473965269 34.1408655042 33.0825793939 33.4493493648 34.2224197801 33.4251864605 33.7806480567 33.1378907137 33.3906292142 34.2455024986 33.7525254773 34.340785682 34.1233050627 33.9198314969 34.1441899264 33.1117046827 34.1666253015 34.0654314976 33.9070275839 34.2052963211 34.3840501738 34.1485674778 34.0609420033 33.63461178 34.3046824136 34.2501217826 34.123529202 33.2970673555 34.0940104573 33.6448484343 34.1415051901 33.7167540821 33.0804622862 33.8266356874 34.1618296717
33.17995264 33.7269390056 33.7931641964 33.231057071 34.1753989448 33.2135917666 33.8506369304 33.2131162152 33.9988799613 33.2409525217 33.3246423206 33.6319890054 33.6218028356 33.5299854976 34.3227248602 33.7518144981 33.7082389035 34.4110415632 33.4657148724 33.1509124138 34.3258441518 33.7346068131 33.11214726 34.3245767015 33.4221283254 33.6204749896 33.1326796247 33.3099538259 33.6190778911 33.4533662303 33.510986871 34.2543699353 33.1489663378 33.6045818712 34.4095376786 33.2125695337 33.9197734987 33.2223494583 33.6292866886 33.0255129344 33.7228310262 33.4249788519 34.0719968367 33.2025922957 34.3214726344 34.0444882287 33.4531768159 34.0942746761 34.2298998733 33.8292421231 33.9081773751 33.1940412277 34.1072148477 33.174790924 34.1788467798 33.9979357115 33.6138367982
34.4030517451 34.2524546174 33.4009452966 33.2566737265 33.3034663482 34.2718095145 33.9321460496 33.1132398967 33.887095403 33.1643725853 34.1581082187 33.5598368396 34.0830749124 33.4322912753 33.1026949418 33.446278975 33.8077551395 33.5097349229 34.1241238658 33.3186689049 34.285192021 34.2018915289 34.4034571436 33.3310890107 33.2441878381 34.2557399865 33.7754835604 34.3678373361 34.3346476389 33.0191565975 34.2319558988 33.4017824009 34.3173692469 33.6720441428 33.7787447965 33.1639088396 33.1086607464 33.6436825038 34.3614288197 33.3253017219 33.0139952273 33.8983194317 33.8920430952 34.1256464916 33.8340440808 33.1115844527 33.6783817011 33.7827192624 33.0891790788 34.2269721832 33.9755905473 33.5785221063 34.0617802488 33.8327275424 33.2640894371 33.6837602882 34.2955868508
33.1845093898 33.6363703641 33.4763096709 33.0366314316 33.9508361656 34.1512015129 33.4193887443 33.8776358016 34.331074747 34.1136989053 33.3374128553 33.4403480013 33.1282278114 34.1943532729 33.6185129149 33.3071613181 33.3667210528 33.0107319827 33.2225105289 33.2504099573 33.0077242049 34.1463987824 34.1647464524 34.1797138235 34.0663036614 33.9183674676 34.3943797634 33.9694101431 34.2102006071 33.6244895937 33.9230616547 33.8037719016 33.8624665104 33.4070413344 33.1613952367 33.2239304917 33.6646224575 34.1709200261 33.3194214336 33.7514452745 34.227563652 33.3406147817 33.102642372 33.8670322279 33.6951608558 33.5626174269 34.145597606 34.3429679687 33.5448161758 34.2916639723 34.2440347914 34.4003594639 33.1385470908 33.2631559608 34.0795442635 33.8417652896 33.0146078697
33.7400769399 34.0725287818 34.0482086978 33.5727295775 33.1859527345 34.1174323086 33.2282619403 33.2123729874 33.5895668116 34.1660513414 33.6305786274 34.2082553485 33.4853624317 33.6141488122 34.195444878 34.0231910564 34.252644313 33.0888167962 33.6973112142 33.8540400488 34.0885693723 34.3516723511 33.6667982507 34.3067932787 34.0537255103 34.0849864111 34.0759934003 33.2280650899 33.9905079356 33.4206411297 33.626875396 33.9317168767 33.8641778099 33.6347370954 34.1989922476 33.7767305111 33.1840980697 33.8255324747 33.3261948807 33.3758058756 33.339965381 33.9351789638 33.0215193234 34.2537021805 33.1916810467 33.2745266281 33.233474093 33.3093500114 33.0797191102 33.6716704761 34.3705282719 34.0993092383 34.3635939285 33.0745062837 34.3098290185 33.385856993 34.2870418546
