Spatial_Output/DEC/DEC_0104.asc
NCOLS 155
NROWS 192
XLLCORNER 196307.867259
YLLCORNER 449144.565805
CELLSIZE 33.573938
NODATA_VALUE NaN
[rows 26 to 51 of 192, columns 57 to 113 of 155]
45.6004686993 44.7796347315 43.9466726575 44.6372110204 43.5247923027 43.98483881 43.4454720641 43.8668528993 44.3377322315 43.9596764024 45.1291011106 45.2886315322 43.2728675346 43.6706041439 43.1111021777 44.2539499854 44.7342731434 44.961780853 43.3173412942 43.0144897019 44.3427414418 45.4765484517 43.2915312913 45.1075353901 43.6780959787 43.1846034108 0 0 0 0 0 45.4651871756 44.5126040187 45.5130060432 44.1900783203 43.8474611177 0 0 0 0 44.515943205 43.3171760939 44.4713358539 43.3080468324 43.1573335689 43.6758144606 44.8396681501 44.5900055824 43.7860427486 43.9324987514 44.169808049 43.5177289621 45.6290055877 43.7927527225 44.8144137384 43.8675623008 43.6807286451
43.2553038933 43.3777978086 44.2823430557 44.0950604911 45.1589829852 44.9170368859 44.7265418905 43.2588764524 44.3243471311 43.7761447777 43.6706600584 44.9326626393 44.8929753986 45.5688136961 45.6263859777 43.1132018729 44.0797850159 43.1645944351 43.9516161538 44.6451490553 44.3494920032 45.4216419224 44.7968915243 44.5820845692 43.2843579429 43.7401332658 44.1777348544 43.6119649295 44.4237492161 44.7507287835 45.5412878081 44.7060187904 43.9237617775 44.9578900251 45.6472295436 43.2817439282 44.2909006937 43.1464788035 0 45.1460966741 43.4542145038 44.083603739 43.6189192832 44.8077060821 44.0897194456 43.5484978608 44.3581717564 43.456192915 44.7246136596 45.6835585589 45.6675868249 44.7210401403 45.2289067656 43.245990499 43.0333169815 45.5998625594 44.1508525166
45.0459271052 44.9742760031 45.4739486471 43.8355101604 45.4851214114 45.534930513 45.7714513142 43.6454440268 44.4239974579 44.6852970615 43.2912617708 44.4418036396 45.113728489 44.4304972247 44.7214717219 44.9472537293 43.330145203 43.4808170457 45.2449861973 45.4878561814 45.723889247 44.8445545102 44.1517303173 43.1477830699 44.8472668119 43.0181680674 43.0926181639 43.4681178584 45.3162167285 43.8101031917 44.8906808432 44.8436466292 43.298878624 45.0871748949 45.6616610513 44.9189431057 45.1496870552 45.8057659113 43.8555441021 44.1564056799 43.61531857 45.2981541589 44.7909510579 44.4686221089 45.4992997351 43.474126615 45.6243144441 45.44259434 43.9116545187 44.3692320202 45.0646370796 43.6577128791 43.5748679825 43.4279219702 45.4950688613 45.4793476644 45.5767555269
43.3524381235 45.2775380015 43.8527964392 43.2204182196 44.8815244781 45.8095834173 43.9592425101 44.3773181093 45.4899022013 45.1404752737 45.4241217018 43.735308084 44.0332267262 45.3850276029 45.2293051406 44.3851050818 44.6902514426 44.4844949999 45.483094141 44.3971164159 45.1303776449 44.2401186809 45.0958744764 43.0147951629 45.6221078301 43.6461218283 44.8372057169 45.5514814061 44.2514974627 43.1305531675 45.5923396993 44.6389057012 43.7431629463 44.4139963479 43.8501805739 43.9610360013 44.5487487497 44.2207609268 44.5843311931 43.046341543 43.3012664597 44.3850054166 45.4089783633 43.6255575837 45.2813723814 43.6984859791 43.6934432116 44.1414215156 45.4084314575 44.3854924053 44.5656215408 43.288029526 43.5173221493 43.0979109084 45.3395119802 44.6398501727 45.6363647883
43.1261628465 43.8044620995 43.4834440939 44.955082901 43.3752187683 43.2185135385 44.0404141315 45.6174148963 44.6859833816 43.9504757659 43.9995689943 45.2466823945 44.1535808557 45.3980808364 45.117641445 44.5918294249 45.1526942268 43.7407006891 45.13025025 43.1935211562 43.3917104127 43.4758789284 45.4564638974 44.3500125231 45.6274834748 45.0376257757 43.0250584662 43.4873777218 45.3247982498 45.4783937244 45.2014480636 45.004068224 44.5101990263 43.6581689497 43.6297510325 43.1648428827 43.5804900311 43.2511729517 43.5677226296 45.5715238608 44.5964498807 45.7584697034 43.5781594301 43.1760658317 43.5623365115 44.8893576409 43.6514526426 44.3883582289 43.2706023142 43.8604437176 44.3286419501 44.6677899755 43.0511717878 43.2888730198 43.6351155267 45.7990390049 43.7947734514
43.8470786709 43.1470166889 44.3784913842 44.9856906464 44.5445163704 44.0352969691 44.567691906 43.0790796874 44.1383774345 43.4644322599 45.5966357507 45.6721958728 43.8318201305 45.1256808678 45.7094162956 43.2036221612 43.3560839655 43.8614183761 44.7223142482 44.4315324165 44.6452504378 43.293458717 45.0084797205 43.5713456377 43.0934160587 44.9113391279 43.8541076354 43.353827944 44.4915988502 43.448204663 43.5894403211 45.7481908104 45.6365582989 44.5260606418 45.3252341951 45.5531723246 43.971424633 44.4485459976 43.6993463007 43.643366839 45.6205386908 43.8894818899 44.8225253352 44.9536322196 45.4140987845 45.5592417024 43.4610282993 45.3763914847 44.99825495 44.9150954407 44.9726081262 44.746625037 45.6036356062 43.9718307641 43.2684440603 44.9674909091 45.6816502861
43.5779478541 45.1964299819 43.8092823038 45.6471898008 44.8440871638 45.323979621 45.8271093284 44.2632189379 43.5570103059 43.7076266995 45.2329976022 45.2109002162 43.7695084109 44.2689964292 45.2895624612 44.1493695285 45.0265238413 44.1407083053 44.6344764861 44.5203167312 44.2308646401 44.0955433726 44.017545749 45.2296187213 43.2607411613 44.9992956068 44.6777170245 45.7474238929 44.1799300966 45.2620638515 45.5094680662 44.4974309061 44.0855069793 43.6353289167 43.1576179062 43.6838654277 45.0978657304 43.0642818701 45.4360448636 44.8240475512 43.1088517734 45.5487380215 45.5718066739 44.7923218521 44.3387937909 45.0411924318 45.5005552157 43.2780005003 44.4039343375 43.7923899269 43.4984879473 44.9692151515 43.5754310277 45.2869170662 44.7870841059 44.0173450518 43.3513467315
44.282628675 44.4794931703 45.3614642633 44.5467622414 43.9982308335 45.3614453937 45.6098239307 44.2492039173 44.6334464291 44.5363487874 44.2238421489 45.2661045338 44.8408899584 44.7756765767 44.203699355 44.2932391229 45.0341267139 44.7298579684 45.0625610013 43.2634096261 43.1183091703 45.2221950025 44.3601755991 44.0157585046 43.3294022988 45.1813081184 44.5837169237 44.6798492639 43.1781008838 43.6164680133 43.8147856517 44.0385477762 45.4239895568 45.0873356639 44.2076983053 43.4583804309 45.5180420304 44.9791467164 43.06761812 45.6030165175 45.6211601624 44.6037500692 43.673326667 44.2395257839 43.9962815675 44.2806378686 44.3924029839 43.7383564404 43.4401046804 45.6735421523 43.2016633634 45.2222601034 45.3693778199 43.7201708635 45.6642916638 45.2485343697 43.3902073432
45.2814498038 45.6341287461 44.7061689276 45.0383402774 45.0532597499 43.8896637072 43.1437887722 44.3297834388 43.6624065331 44.2718608717 44.6448615474 44.6051683988 44.1425796683 43.0244506909 44.1357730224 45.1250547417 44.7315379879 44.1646470252 44.3967827926 43.7146074926 43.1551735514 43.9082515923 45.4659751307 45.2473032788 43.3706126354 44.0903049399 43.22874572 43.3398124345 43.6095065397 43.1253875787 43.1041556273 43.7281230672 43.6871310097 43.2358949442 43.9151926911 43.8204720872 43.23223523 44.4618415367 43.89080925 44.7401598552 45.5105930399 44.0053143694 44.067233239 43.607928479 44.3511877205 45.1563899309 43.2076202268 45.2687054053 43.0971973235 44.2705875062 43.1452272273 44.491820972 43.9789011621 45.2520079365 44.7735416829 43.2417792585 44.3593252488
44.568304186 43.7986518779 45.5139304396 43.1332766461 45.8058224285 44.4748772407 44.287011965 44.5611309381 44.511495053 43.523580543 45.4532393344 45.4901679402 45.1839891736 43.5788532326 43.2325987606 44.4138580024 45.704958219 44.5702593149 44.9042494404 44.2263062371 44.3020526841 45.3126668231 43.1906944532 45.67539091 44.9259621714 43.551257524 45.8231926569 44.9656560785 45.6830033897 43.8877857177 45.2166176847 44.0782479832 45.1170426885 45.2264762942 43.103189528 45.1209770367 44.3360720852 43.4056896786 44.3606490017 43.9565090159 43.9804422998 43.6454663677 44.7223838268 44.3921962976 44.4452693939 43.6179336943 45.7708872498 43.2072179451 45.0680507289 43.4501073 45.6041504665 43.3887198689 43.6721603598 44.739710147 44.5812710595 43.9556262492 45.1490497843
44.8392115456 44.9089981048 43.0360147115 43.9423444209 43.3913176139 44.8140139601 44.3070193663 44.9510077984 45.1589644399 44.67987598 45.0805912385 45.0697083163 44.738105348 44.7520183976 45.8254222683 44.2287794889 45.289198794 44.37790183 43.8362929984 43.227085102 44.7312947907 45.747553803 45.6054144714 44.8923056464 43.8680749491 43.2240367337 43.4425369082 45.3022570279 44.4574419113 45.1046481037 45.7207838019 43.6991173225 43.1161762465 43.7632571132 44.4085003675 44.3622235996 43.4020737587 43.6411959852 44.7682458811 44.8529676157 45.6833393837 44.7025116678 45.020159706 45.558044057 44.9847372882 45.6632715489 45.7537573528 43.8516040323 43.0825629648 43.4520007271 45.6928279985 43.3775206206 43.0048083172 44.5899964641 45.4885134307 45.0341703764 45.0564342466
45.1312451604 43.3949807417 44.5843476356 45.2934954342 45.1484441743 44.6636098204 44.147143689 43.1963901673 45.6836752651 45.375838488 45.494786286 43.3867809623 45.2753262368 43.929763074 44.6347443045 45.4799664347 45.0001651498 44.5156447236 44.4093468116 45.8142767045 44.9027365347 43.7271820441 44.9741621922 44.3772131279 44.3756021632 45.2161783311 44.3462579947 44.0591090248 44.6799482418 45.0920805706 44.9560680492 44.3971193429 45.018744785 45.0785894188 43.3149846844 44.1204464201 45.1602224192 45.6138803869 44.4210417202 43.3710727682 45.7388462727 44.3491989708 45.3237620951 44.7658624149 44.552941422 44.7659156735 44.5771796525 44.7192386817 43.2196818959 43.3184067814 45.6504496118 44.6574382178 44.3130233701 45.2103315043 44.2853318447 43.9785287112 44.4146734063
44.2950313243 43.1111542701 44.5244071498 44.4015177969 44.4281172858 43.8968737444 45.7866441136 44.4418618455 44.995176148 45.4264492267 43.2128751337 43.5567682598 44.0614245161 43.5406541161 43.582070344 45.7805539309 45.3829369607 43.3956223252 45.4528130717 44.1020415881 45.5238920818 43.1738569597 45.0183320675 44.4179210328 45.2776103033 45.4527559543 44.2673063131 44.0021286207 44.0675812359 43.3872166094 45.2110483821 44.1003361799 44.634037894 44.5906658921 43.1274069581 44.4001133062 44.9624797319 44.6868456558 43.819425714 45.2424955921 44.9621382186 45.7899788433 44.9452415941 45.1184352108 44.0745937803 44.3667000654 44.8843892457 44.7054087768 45.2905035529 45.6659974841 45.3892999752 43.9244935879 44.1894159726 43.1727125965 44.2910645553 43.4595024712 43.7634279679
43.940201403 45.01674854 43.935983329 44.3834567037 44.9991741813 43.4993024225 43.0313437187 43.3036306837 44.7710810261 44.1661098582 43.2791533522 43.3617625166 43.1272345234 44.0698924803 45.7887509244 44.3187011309 44.4687418313 44.0273976605 43.125973685 43.3959548062 44.7576759737 45.5857392162 43.7686285675 45.7357059856 44.5297000072 44.976574507 45.6843800215 45.1005366767 44.5430035768 45.5378015372 43.4473235555 45.5857586714 43.327956035 45.6513694376 44.3383070357 43.6902952553 43.3873359298 45.1420389274 44.3685139659 44.4152029602 44.6253219187 44.5828753736 44.2677062414 45.6566787623 43.0989312833 44.4495782581 43.8269148459 44.1067381106 43.9339154311 44.7176999354 45.6786170731 43.884212527 45.0630070254 43.2022035576 44.3884717137 43.2706956273 44.430355812
45.5210320962 43.8312404657 45.6024580982 44.3162514033 43.0002908019 43.6451458003 43.2208624043 44.6970570316 43.8640701675 45.6819972639 43.9203298566 43.0661415802 43.3193308426 43.1731198388 45.0027363865 43.8940326063 45.5526954169 43.1389602473 45.6620893297 44.5787966345 45.731671201 45.2259037431 43.9044811946 45.3210780897 43.7806242067 43.1904330669 43.3219738349 44.7692983231 43.4147014975 43.7675506368 44.4764427401 45.8026591091 43.5972850196 45.8075107499 44.782053076 45.3959546449 44.5654888601 43.6868750227 44.2486411127 43.6770117552 43.7512180716 44.8232740452 43.1987014336 45.2886501973 44.391435887 44.7721355279 45.0264883182 45.4792193091 45.6027608775 43.2149042424 44.9651902607 43.8196124705 43.3888248219 43.9044544746 44.1286694542 44.1445159553 44.0957823495
43.6768953753 44.737378971 43.1048783036 44.8072508117 44.5496455005 44.5249306992 44.6259983256 43.3218377826 43.6631717817 43.0893966439 45.6077046134 44.1097357658 45.3532484768 44.4658152477 43.201065247 45.0613491059 44.3029315072 43.3271782101 43.1193671158 43.9089407788 43.2627809383 43.3242736057 44.4158192498 45.7068740795 44.2137365593 45.0887383014 45.018518025 44.3276191542 43.5805163447 43.9936466092 43.4106741887 43.1271118682 45.1837086156 43.1229742151 45.1614348336 44.9423367354 44.6925306184 45.1982724468 45.2978873038 45.1839475846 45.0800996047 44.5003072347 45.4954269931 43.9677396126 45.142262521 45.6065338966 45.0284057394 45.2094633718 44.7079341224 44.9480796491 44.3527258054 43.0621148854 45.5760186117 45.6245133684 43.3541169774 43.5408429515 44.4774003717
43.367487139 43.9016038204 45.3104141057 44.4577944761 43.278631804 43.1158877082 44.2364439923 43.5490949699 45.7307321269 43.7132261529 43.7683334085 43.7881627828 43.5169719873 44.6910163208 45.4124899638 44.4055808326 45.0729660314 44.8341652692 44.4429574047 44.0978425428 45.3946249412 45.4786001386 45.1362962468 44.7648631876 45.5943210872 43.6209040285 45.3438960906 44.9945909453 44.0223631458 45.4895623728 44.1220945471 44.2903218893 45.8066685564 44.0451354369 45.2133318866 45.5954559061 43.2588013429 43.5396568563 44.9834962523 43.4651714659 43.2048029882 44.4820946445 43.9414119854 43.4702518002 44.0569938498 43.1167030411 43.6652766805 44.3398775328 43.1119169481 43.5096190161 44.9437079824 44.4676274969 43.0616358796 43.1649467323 44.0614132396 44.7248592045 44.9888485545
44.6992625073 45.4996680774 43.9634497629 45.1993526844 44.852623705 43.2565943523 45.0624922278 44.8366833625 45.7771007851 43.4760108811 45.3451120175 44.2655465594 44.6571699018 44.4197326681 43.1680838462 44.4957852529 45.443851119 45.5617195168 44.9348910492 45.8026533028 45.6581541655 43.1458570717 43.287825135 45.2142152325 45.2376909003 44.3843396521 45.5605649413 45.0197946118 44.5769687939 43.8171432065 43.8336447632 44.2726845213 44.19327184 43.2264948825 44.5237195288 45.1765244163 43.6236285359 44.6133613701 44.7529713524 44.4536990537 43.9080069184 43.8687285734 44.4726227314 44.268530718 44.6284267919 43.3696760444 44.3289626242 43.9348334715 43.6386912021 45.3427266993 43.6094030738 45.52910079 44.5378335434 45.4513781929 43.4494805233 45.3581591953 43.1007912039
45.7105838051 43.6290765229 43.3902829612 44.7530115857 44.8405957523 44.776509183 43.335056023 43.5061082382 44.3287554647 43.0814719268 44.2417596452 43.076478029 45.8284077712 45.1166646584 44.1306091591 45.4290065791 43.4770655628 44.5932230013 44.2900361414 43.8141432762 43.8403590511 45.1848057462 44.6660945831 45.3457817073 44.8979345005 43.3187705014 44.9663169525 44.4222276997 45.7980347386 43.2611260547 43.770696114 44.1381130894 44.7571154404 44.0303018035 45.4733436032 45.5109727069 45.1315501354 44.2016205135 44.4275623938 45.2339993832 45.4457144233 45.6993877232 44.1408748991 45.2108459367 45.7039608349 45.7482930493 43.7597425947 43.7282134264 44.1713533573 44.7300223595 44.8121324484 44.0138273708 45.0687719678 45.6599993414 45.3011542615 45.5264913653 44.2971488492
45.1939316939 45.0425084059 44.8896571244 44.3393777714 45.4341610397 43.3011760498 44.5603576307 45.3263661894 44.5781209995 45.5635171638 45.5950015554 44.514756399 45.0723824881 44.0517921338 45.3854316445 45.6412360366 45.4710466134 45.755133307 43.4749173905 44.0585056548 43.4017194418 44.5252570713 45.0099874492 45.2234682417 44.2995566924 44.8030858533 45.1237205442 44.393473977 44.2395577894 43.5711297641 43.4163953352 43.3101405899 45.0182000597 43.6181127678 45.805497409 43.8666711291 45.7067682887 43.2644987853 43.2228557905 44.6286522824 44.967476727 45.2889303608 44.5489804266 44.5377768212 43.3373185366 44.7796767593 43.9266798718 45.6560896096 44.5443442294 45.3744553419 43.7984319487 45.1218995689 45.2830915926 43.602412857 44.8055096734 44.5500444527 43.9241851683
43.0552281269 44.1536116096 44.6170923289 44.4206197812 43.5448523217 45.7568121313 44.820075894 45.0503810058 44.7276578064 45.4789686809 44.8003928416 44.2783378512 44.8711517173 43.9786777769 45.5152967925 44.1246964141 45.5769710981 43.3003017832 44.0580589848 44.6308149858 45.1337094733 44.6584797318 44.5192800327 45.7140775774 43.2252123791 45.0480358979 43.3928630862 43.5940164022 45.2362379424 44.1599177613 43.1810621353 45.4512530836 44.3629397294 45.6742692252 44.6422016757 44.3110470984 43.2334456715 44.3698392083 44.5377742252 44.2708938993 43.6559758353 43.3322873854 44.89307778 45.5833219867 44.7479860908 44.6673176216 43.5462986849 45.4685118669 44.1124123436 44.6636958498 45.6444573481 45.0566127514 44.0002350783 45.6993233416 45.1257748014 44.7280790907 44.9795829218
43.7463964828 43.4733999181 45.2829889412 44.5179452952 45.5841943065 43.8732866232 44.2500168632 45.0577897958 45.346755553 45.6047544275 44.9426679032 45.4162290915 44.3805580913 44.2718213482 43.4502738121 44.8026023338 44.1690595335 43.0377477616 45.6314164318 45.6470466031 44.7092375173 44.054387557 43.2898274614 43.6814264607 43.426221379 45.0578756196 45.6884292108 43.5040589885 43.3784721664 44.3539968626 43.2997798553 45.1942243359 44.0675636974 43.6769828115 45.6938541669 43.7936747341 43.9179036372 45.0964293155 44.5525591622 43.960656785 45.4634558555 45.1019835953 45.5372847459 43.3302845578 45.0042635389 45.6513757288 44.2538734343 44.5962400389 44.6665503927 44.6453022256 45.459657894 44.6395401316 43.022020583 43.5080892557 43.9612211847 43.0008531567 44.684065212
43.6333605594 43.0731406901 45.3186417957 43.6470216021 43.1866310274 43.5285176716 44.9006800674 45.7686386988 43.6626639217 45.1740539101 44.0785437252 44.1990335329 44.3340833172 44.4309507369 43.1736497452 43.1258960689 44.6820997501 43.7414025106 43.1190435524 43.9534271193 44.5362175089 43.0562061688 44.2521071345 44.3522976475 44.1965017968 45.7118843821 43.2836901526 44.5406583986 43.1379243115 45.2205614115 43.7438901018 43.0846187906 44.2159124831 45.2594853907 45.823186435 45.8009008184 44.1918996303 43.0461707703 43.5746778707 43.7448746045 44.6567797761 44.9648263341 44.5242304333 43.4032250285 43.2239245925 43.5489757555 45.2180056665 45.6822239944 45.767564984 44.1535887778 43.3847676807 44.1703542439 44.2094417706 44.406575692 44.3423949235 55.8182221451 60.149614496
45.6063015609 45.0657741824 45.0535815743 45.0951524929 44.5337777113 44.9900130724 43.0094851547 43.1544447653 44.9083965247 43.2307110163 44.4072769276 43.7148681544 45.5840013621 44.5332272359 45.7579471612 44.9794643563 44.9329973547 45.5041132439 45.3263540994 45.4110996521 45.1330856778 44.8539359273 43.7304939158 43.4773785438 44.7369580977 44.8799377159 44.9443014958 44.047335035 45.7363436997 44.5847919394 43.7522472191 45.1992977908 45.1103022276 44.7108506305 43.5165227132 44.1168621297 43.9066652354 43.2981178598 44.5393227447 45.632316071 44.8613627977 43.9075802376 43.2109925462 45.3844344198 44.4011381572 43.3313912462 44.0138851436 44.3331996622 45.1816527975 43.7994809628 44.2012006318 45.6831732301 45.3206268107 43.0964619492 44.5605545962 64.5166861868 64.4443116498
44.8345530902 45.715663611 44.3424096744 43.155814901 45.7390335587 44.8030237138 45.452720179 43.8371970766 45.4066765216 43.8570166567 43.939431158 43.0195089129 45.6971797533 43.9719396589 45.2260109279 45.1956540123 44.2259766194 45.4410527068 45.1922732134 43.2349409556 45.0078301886 43.0134491952 43.3709633424 45.066460956 44.1564403351 44.0534441873 44.3660436348 45.2520777176 44.6013279336 45.19330553 45.4011656975 43.720997154 44.4723392882 43.658124581 44.5635607268 43.2988791545 43.8395974126 45.7651560225 44.6131816856 43.1674591867 44.3870074098 44.1668028575 43.5952818107 45.8170368407 44.9855857154 43.3770676515 44.7581388915 43.1582940581 45.0135350656 45.3778512518 45.3926604904 44.0632081454 45.1793389153 44.5792484288 43.3331443241 53.5162273895 61.74357056
43.9496896942 44.0241835512 44.221743466 43.4391797563 45.1846799261 45.1182887805 45.4292598854 43.0815275954 43.0627671727 45.4970765768 45.5874567144 44.2405858935 44.139144298 44.6744764845 45.3403525798 45.4287676749 44.7194061277 43.1456924127 44.521334942 44.5102187761 43.1283759207 45.2615665467 43.5087907122 45.7146535747 44.1548749045 45.3993283619 43.3669981493 43.2670655237 44.7690399575 44.0975500825 45.1502314402 43.4863936423 45.4848746173 45.7451149689 43.485128283 43.1691907125 44.1383660765 44.5784066145 44.7665170983 45.4201999967 43.6169782196 45.0347271523 44.8363251853 43.413322804 44.7139870296 43.7685153815 45.1717842404 45.4404392111 44.095600675 43.3544069062 43.6571781142 45.0863166291 44.2349477511 45.1101118262 44.3151868529 45.0560249312 43.0468846856
