Spatial_Output/DEC/DEC_1383.asc
NCOLS 155
NROWS 192
XLLCORNER 196307.867259
YLLCORNER 449144.565805
CELLSIZE 33.573938
NODATA_VALUE NaN
[rows 52 to 77 of 192, columns 0 to 56 of 155]
33.1658655902 32.8311244522 32.9586610289 32.6495360434 32.7614273803 32.67374137 32.6657330897 32.6460579315 32.9823596045 33.0086898447 33.1988175431 33.0661247361 33.1042661569 32.9739960319 32.560751285 33.0657496034 32.6146346509 32.7057582609 33.100847787 32.7542649491 32.6568837468 32.7609895646 33.0823490084 32.6340538339 32.5578818195 32.8719784869 32.7365508421 33.0673826539 33.1373676311 33.1259346668 32.5937488965 32.5172575256 32.5116082393 32.9852034358 32.8952930249 33.0337200233 32.6536684131 32.8326343556 32.8608193902 32.6697137689 32.7375774565 32.6711252487 32.5055904884 32.7662876416 32.5431470086 32.9173945992 32.5615917506 32.8976172693 32.6045231653 32.8360908409 32.8152448519 32.8930608873 33.1317644797 32.7936861288 32.8756371926 32.9156963917 32.5540479607
33.1239908918 32.8930250318 33.0034173686 33.0399593079 32.7059610557 33.0408454803 33.1518496226 32.547949817 33.1247763519 32.8248934521 32.9140760323 32.5085442052 32.9755703317 32.6938740991 32.7784292806 32.976628332 32.6542881896 33.0821344835 32.6879683628 32.8828775683 32.9294080206 32.9081472812 33.122313931 32.8380810423 33.0455826028 32.8205429412 33.1492836789 32.5672035157 32.8432988153 33.0868628304 32.6248511261 32.5958087012 33.0656714079 32.5382542154 33.1870646446 32.752056711 33.2060302392 32.6182951801 33.1133237279 33.0354122517 32.7796133235 32.6488171185 32.6061063902 32.8442318581 32.7479680695 32.6589571118 32.9621396923 32.832559823 32.8960802839 32.9105544467 32.9315796838 32.7985477753 32.9364611857 32.7189033936 32.5849310607 32.8138393334 32.8262564618
32.5877756956 32.6388807799 33.136377145 33.1205283854 32.9652609102 33.1380858189 33.0780589009 32.6967947912 32.6092109335 33.0032374331 33.0983316158 33.1320370216 32.747469007 33.0825468202 33.1755194282 32.7904358612 33.0487647701 32.6467695224 32.8144098484 32.8525472497 32.7642573298 33.0816209494 32.7683464154 32.6233750774 32.5302350971 32.5065406157 33.1063855388 32.9445133096 32.5766669047 33.1610303705 32.8187363578 33.1521350891 33.005613937 32.9494728798 32.5209969765 33.0923660375 32.6881037435 32.5832690807 32.5724989675 32.5493220458 32.7063934241 32.6949616516 32.7904013446 33.1549127339 33.1650337443 32.5412799659 33.0157833066 32.865581013 33.1004856711 32.8744260435 33.1670119404 33.1733327888 32.6204028557 32.8873036472 32.8973576578 33.0745373302 32.576197141
0 32.6231174663 32.6350833933 33.1376865788 32.5835646699 32.8456924155 33.1371816087 32.5419635201 32.8340197823 32.884275052 32.9059994459 33.1330332748 32.6240710625 32.8366947243 32.7053895095 32.5340310371 33.1860218721 32.6454891807 33.0490433165 32.8178410916 32.6281756472 32.6942302871 32.6547612326 32.6509976566 33.070909323 32.5495337556 33.1933193667 32.561829801 32.9596484906 32.9986640028 32.7925392865 32.5382767905 32.5547014868 32.8520664875 33.189088477 32.568083455 32.5178441714 32.8744723422 32.7305094389 32.5316860644 32.6980446481 32.6678441757 32.7962671092 33.0882953134 32.9045171844 32.5074662005 32.8448805707 32.9515008088 32.5867243938 33.0297543469 32.5132877514 32.7646050783 32.584386721 32.7790817059 33.0600659451 33.0285772573 33.1463738348
0 0 32.5437940595 32.8448612919 32.6287958098 32.7319274104 33.0080531459 32.6071675423 32.9851370825 33.0735895718 32.800796439 32.6905044079 32.5010056352 32.6866871991 32.8884464051 32.8128109595 32.5689766355 33.1266435093 33.1625597795 33.1431713327 33.1959316823 33.1179210426 32.5550477984 32.8787531733 32.5415349433 32.5844854973 32.6060611481 32.6691376087 32.8930116497 33.1564769521 32.8035402603 32.7960579714 32.6855279749 33.0175416251 32.9776013979 32.5427007515 32.7125368307 32.6829124986 32.9118157116 33.1056344338 32.9751688015 32.6013689279 32.6668660775 32.6637533638 33.0214817745 33.0847214994 32.9976359756 32.9942292471 32.6754193486 32.645465191 32.7391895051 32.8609047395 33.1750518031 33.1054311326 32.9894014502 32.9149693995 32.7823997427
0 0 0 33.0025677152 33.0120684814 33.0183403296 32.7427177734 32.7463949565 33.0149162736 33.0680098972 32.6945609666 32.5496952483 32.8544817503 32.5663233419 33.0237985017 32.8530172443 32.6107035573 32.5260822402 33.0936965818 32.639234151 33.0288090544 32.8826999542 33.195410994 32.9509031592 32.5810191596 33.0539464367 32.781603871 33.1832763289 33.0343951288 32.5310784777 32.7453618624 33.1534825295 32.8960787809 33.1173846552 33.1272723948 32.9774619526 32.7744601916 33.2039058809 32.646829103 32.6815274315 32.9019665138 32.9015999578 32.6346394916 32.9671921783 33.0133243907 33.1244289576 32.6057733926 32.6066664081 32.6375588544 32.8227056508 32.7094280029 32.8388302911 32.9319139359 32.8935597598 32.9031854876 33.0893096217 32.9998448134
0 0 0 0 33.1797507186 32.9903459709 33.1618787707 32.7233249987 32.7637291269 32.607033831 32.6833995916 32.7867722925 32.5829181461 33.1846138947 32.5160878878 32.8186860827 33.1345407996 32.8740203063 32.6931091614 33.0380249893 32.7623230981 32.6833255687 33.0525937022 32.9318966611 32.8198370614 32.6025957149 33.0793107307 32.9981299551 32.5500410237 32.8362694599 32.8335287126 32.8279825054 32.853839356 32.5094234352 33.0050407932 32.8191201304 32.788749757 32.6701178757 33.0226227301 32.7901433275 33.1005114324 32.6522275619 32.9143178602 32.8956248635 33.002269975 33.0872761243 32.8613151664 32.5933134279 33.0559808744 33.1190602412 32.5325686259 32.707782478 32.9151651938 32.9686646482 32.5747894798 33.1050329225 32.5752789521
0 0 0 0 32.6687155624 32.9717369864 32.9099773769 32.5651769411 32.7881178713 33.1902878004 32.9457334876 32.531291096 32.7324323237 32.5755561375 32.8334898569 32.8778105917 33.1309499731 33.0732748871 32.5942525706 32.840416055 32.8487097572 32.8439730607 33.1853812302 33.1932431147 33.0692188886 32.546444563 32.850656026 32.7820305256 32.8341869406 32.7465858929 33.0134683152 33.1200862675 32.8065916785 32.9943808767 33.0413275173 33.1099723608 33.0124366482 32.9187784719 32.8271883909 33.0957405366 33.0992255405 32.9937118964 32.7973766021 32.9397516172 32.7519166006 33.0004572477 32.5025179979 32.5829372111 33.0343390112 33.012161901 32.6607410553 32.9984680749 33.1563974617 32.671169195 33.0150021552 32.6210435877 32.6367461617
0 0 0 0 0 32.5839325283 32.7639673325 32.7211614154 32.7214796013 32.7431271919 33.1571353846 32.5446321556 33.1988115008 33.1937629554 32.573112667 33.0545165533 32.5555840114 33.1343471722 32.9793055984 33.160896601 32.5463496732 33.1935267866 32.8692745551 33.0391451812 33.064658295 32.9142330382 32.9446555406 33.1675561293 32.6268375134 33.0108944287 32.9176775889 32.7134346905 32.7746139713 33.0061859384 33.0287810657 32.5801727318 32.7789615388 32.9816416612 33.1866817841 32.6316352235 32.5478359278 33.0701312531 32.5205707316 32.8794119229 32.9360792688 32.8260373303 32.9156830584 32.6001081392 33.1415949884 32.7489051807 32.7491807478 32.988387856 32.9256112652 32.9089263042 32.547496436 32.6847349339 33.1049922033
0 0 0 0 0 32.6170013856 32.644021693 33.1621891804 32.5272869484 32.9611750932 32.9772062205 32.6577588374 33.1510647929 33.1524122286 32.6877175273 33.0006562103 33.0448401362 32.9573862588 33.0720785485 32.9859953046 32.918606547 32.7554919666 32.5370033955 33.1599531485 33.0453959033 32.5311605262 33.1024791611 32.8608845492 33.0338407412 33.0730674288 33.1245185597 32.555728154 32.5731076345 32.658765948 33.1564079476 32.8861668674 33.1827272915 32.5677426837 32.7142439888 32.6806472787 32.8619442487 32.869079033 32.611628532 32.7516182354 32.9913961426 32.6479459005 32.8295994914 33.0583236809 32.9565199479 32.6328299209 32.9798504631 33.1534219197 32.5870469323 32.9148862313 32.6060213666 32.6052479253 33.1734012817
0 0 0 0 0 32.7431961446 32.5860883963 32.7937568052 32.7854773357 32.6899588715 33.021807357 32.5397802976 33.12897363 33.0561447902 32.5900647275 32.5005524614 32.578041948 32.7240762593 32.8804379208 32.5765131846 32.6825233504 32.6022306931 33.1910776961 32.7556362621 32.7430659373 32.5055343823 32.7213428173 32.6196956435 33.1166415078 32.7037804988 32.9675382813 32.7527328293 32.6763536733 33.0402071601 32.762005118 33.1400854269 33.1958120069 32.7314627536 32.8820722648 33.0696388314 32.9807386291 33.1086879529 32.9672114002 32.7149006355 32.633133745 32.56049091 33.0891512589 33.0700180692 32.8078973744 33.1154143277 33.0702801632 32.8665262746 32.7728733133 32.9434646172 32.95697747 33.0059706895 32.8958051493
0 0 0 0 0 0 32.9075772904 32.8343319706 33.1603473524 32.5469787957 32.5131193968 32.6686265101 32.999713884 32.7066286175 32.661056774 32.6460073408 32.8117756141 32.9338474013 32.8363435223 32.8992269937 32.9590005658 33.1235352052 33.1117748466 32.8537338805 32.5552183812 32.7684039047 32.9973640407 32.8911457239 33.1296364028 32.7628701995 32.8989495123 32.7840309874 33.0391013991 32.9448846518 33.0662516954 32.655507504 32.5944100818 32.5741760826 33.0780530668 32.9377958354 32.5591356756 33.0375944847 32.843987174 32.811479795 32.812142731 32.5779444362 32.6457645903 32.8118191624 32.7876740118 32.8923425847 33.1452944311 32.6404618444 32.6770230854 32.7964797119 32.9849390326 32.6128793345 33.0178411786
0 0 0 0 0 0 0 32.6152303791 32.8105478456 33.0976064298 32.7147976248 33.0943683565 33.1932474633 32.7743687504 32.8154125075 33.1929994652 33.1855432503 32.8783474116 33.1439105408 32.8629984552 32.8855541688 32.754364919 33.1972750745 33.1606376447 32.7027786427 33.0764068448 32.7182936387 32.6052698678 32.5091578456 32.8382584065 32.5942546197 32.5234404965 32.6026922455 32.6580810074 32.7418745329 33.0786242585 33.2046213543 32.8990754328 33.0669188041 32.6407258332 32.8200860224 32.9180969346 32.5315963859 32.9881572084 32.7258548273 32.6412701105 33.19902917 32.9110985103 32.6683724476 33.0715210771 32.9924493899 33.0066686501 32.6094903814 32.5223887592 32.5694884445 33.1942002757 32.9953620266
0 0 0 0 0 0 0 0 33.0831317375 33.048209008 33.1594523222 33.0866755706 33.1175166231 33.0604912482 32.7484549298 32.6194699585 32.5373264157 32.5010127266 32.6595941572 32.6314746249 32.5107370395 32.9174287926 32.623764844 32.9603129396 33.1869373756 33.1642259001 32.6621170711 32.848662249 32.732615751 32.9968876849 33.1327950861 32.9085987212 32.6797885103 32.7759974431 32.8819130444 33.108236676 33.0856379585 32.9824209446 32.8752354668 32.7305290188 32.5856588703 33.0520585413 32.5301971302 32.8578231316 32.829017736 33.031965061 32.5556039232 32.5648904712 33.1858622811 32.964177256 32.6536697743 33.0736379584 33.0300847625 33.0829484019 33.0002552748 33.0004832895 32.7791619628
0 0 0 0 0 0 0 0 0 0 32.6310347654 33.1798899531 32.8363681928 32.5284582629 32.8258476037 32.6749052401 32.6142760535 33.0089708552 32.5263969229 32.5852738998 32.7625140514 32.5785545814 32.959914654 33.0119723513 32.9340874567 32.983262947 32.9947137188 33.1895810152 32.816461177 32.7629854377 32.9485553347 33.181440951 33.060081811 33.0696054962 32.9410124623 32.5289208754 32.9672058595 32.7220817405 32.9130059367 33.1344841714 32.6789778084 32.7487968571 32.6980092465 33.0351312939 33.1266775796 32.6053063127 32.5756020627 32.8608638158 32.8066725497 33.0602811498 32.8108451872 32.7914757426 32.7570371331 33.1003834301 32.8085724729 33.0173566816 32.9612727036
0 0 0 0 0 0 0 0 0 0 0 32.506292029 32.6523796856 32.7054736769 32.8840797915 32.9566249689 32.6782662482 32.5542477554 32.7142872666 32.7940787662 32.6066550805 32.6128013692 32.9763543165 33.1933241031 32.8836832501 32.9503424399 32.9363919753 32.8352463248 33.0554147301 32.8528069079 33.1220074328 32.8787473929 32.5011676918 32.5028343815 32.5983476494 32.9640880048 32.8123735869 33.1803982575 32.7652892811 32.8250273561 33.0204834165 32.7754899505 33.1892484182 33.0399799548 32.82115815 32.786777325 33.0223064989 32.5968879735 32.8492732919 33.1759723031 32.5722998165 32.6306630573 33.104403545 33.1800106007 32.9934174572 32.9039503079 33.1314347732
0 0 0 0 0 0 0 0 0 32.6093627145 32.6275993776 32.9615610294 32.7213379397 32.9787220832 33.1716436571 32.8750977559 33.1150050835 33.1741693493 32.9525877934 33.0315930583 32.840477888 32.8167821074 32.7124583267 32.7179200814 32.7603525095 33.0570124763 32.8232477822 32.7381701456 32.8896865968 32.7376477294 32.6180799498 33.052195427 32.6465457534 32.6850192397 32.6824532345 33.0536848597 32.8877346769 33.0864633585 33.0950798568 32.9298095813 32.671921613 33.0089490701 32.6797725647 32.7067118656 33.0826960922 32.8504154323 33.0044781169 32.6868117807 32.7457073743 32.8905995625 32.9195432835 32.8727296556 33.0081328426 32.7529611379 32.518148382 33.1360786096 32.9536649031
0 0 0 0 0 0 0 0 0 33.0818171507 32.7998764801 32.7203130382 33.1676162307 33.144093622 32.710851186 32.8469654459 33.1187716154 32.6312406021 32.7083395371 32.5724491541 32.6867599263 33.1860754122 32.7139272547 32.7019867715 32.8145056155 33.1107862999 33.1293160342 32.5357471602 32.8380978512 32.5446611234 32.8715886981 32.9679798541 32.8822471222 32.8084856585 33.018774167 32.9586872647 32.7937019142 32.6736178029 32.8350060425 32.7775256697 33.0458798437 32.7316652094 33.0760813364 33.0266206916 33.1195366523 32.5530785939 32.9755987443 32.9019377546 32.585632791 32.745092011 32.7054619309 32.5668962565 33.0486801961 32.6578986145 32.9933261144 32.9691720245 32.8126140979
0 0 0 0 0 0 0 0 0 32.849037009 32.7217440798 32.5958966992 33.163950895 33.203730364 32.9932379197 32.8999482929 33.0691819777 32.6584787885 32.5026248394 33.0146775583 32.5004900193 32.7824158537 32.7547740584 32.6886244083 33.0807112538 32.5112608194 32.6328616031 32.6940971556 32.5631575963 33.0872625166 32.5130891368 32.6339768296 32.8596717793 33.0839658662 32.8687175812 33.1435246071 32.9172033823 33.0521041904 32.6963536312 32.5303800552 33.0657089899 32.7488894218 33.0764636308 33.0294201531 32.7328930887 32.677742862 32.9069257211 32.9712182558 32.8456841069 33.1900569091 32.847734404 32.9656048745 33.0503227987 33.1071808151 32.6697886163 32.6283254348 32.5987691157
0 0 0 0 0 0 0 0 0 32.7493946598 32.6029256177 32.770542586 32.7351063733 32.5565806449 32.9696568943 32.9299755983 32.6087748447 33.0046784464 33.1012052716 32.8179516098 32.6065856998 32.6935405228 32.9654116706 32.5164986243 33.1087466631 32.8099253736 32.827222821 32.8394761463 33.1373469247 32.8889058556 32.5207251979 33.1103291637 33.1265138655 33.076543979 33.0353002321 33.0920036597 32.7972780754 32.8316285878 32.9765705809 32.5173062737 32.882320361 32.8424823884 32.5573334606 32.5173690067 33.1022026226 32.5932831343 32.7561882128 32.5838674647 32.7140978185 33.0643129925 33.0383764915 32.5013503899 33.1162700193 32.9312018474 32.6533723445 32.8571141465 32.6509818508
0 0 0 0 0 0 0 0 0 33.0385328475 32.9513297928 32.803136863 32.9568278269 32.6575414288 32.5984306168 32.6279215329 32.6103464646 33.2037865426 32.919092371 33.105441686 32.7184628914 32.8408264647 32.6433915441 32.9373433875 32.9314105883 32.5134373121 32.8695655773 32.5588052592 33.1289642715 33.1517592187 33.0793358365 32.9665630673 33.1734272714 32.585008117 32.7098586519 33.203624874 33.132736982 33.1077008775 32.5229239014 33.1958979496 33.2036617291 33.1432974572 33.158062375 32.7148960345 33.1664696817 32.7077806373 32.7410638744 32.7163949055 32.7433340288 33.0948636816 32.5945735466 33.0738523466 32.8692216174 33.144975915 33.1172952329 33.1683258314 32.5278682511
0 0 0 0 0 0 0 0 0 33.1187548545 32.8350311551 32.63072049 32.6523896809 33.1448987738 32.8980849158 32.9018895124 32.7777573946 33.0247182853 32.5890086763 32.9965855379 32.8588687697 33.012466467 32.5179482986 32.5428212629 32.9858278462 33.1484900395 32.98134388 33.0766080884 32.8675706709 32.7786150061 33.0227524269 32.9128815797 33.1221922632 32.8194562973 32.6030323416 32.5932895797 32.6394840861 33.1534035195 32.7547278192 32.8553459789 33.1618456598 32.989515245 32.8414886086 32.6507771025 32.8295268055 32.9688624855 32.8746386575 32.8353392925 33.1527883365 32.6721876062 32.7860237734 32.8637514858 33.1188161984 32.9429420254 32.6841730404 32.5443581843 32.6106122881
0 0 0 0 0 0 0 0 0 0 32.8003960747 32.8332504805 32.7881445669 32.6142101718 32.6405813959 33.1307156441 32.5320201612 32.8224857639 32.6369608302 33.1926267965 33.1779642402 33.0093252081 32.9947511221 32.5738274366 32.8664132166 32.9189601433 32.8201208747 33.1396307962 32.6702462963 33.0747084784 33.0068730633 32.5909574342 33.0487968073 32.8443346269 32.8000926781 32.5505813119 33.1002462003 33.1971311032 33.1923241262 32.7693485328 33.0169747025 32.816407637 32.8435127544 32.8076274871 33.1975115971 33.1559668617 32.7896128184 32.5643668676 32.8825624834 32.9349734203 32.6568205255 33.0814072823 32.5834008016 32.55096279 32.6534722932 32.9952038875 32.7645110878
0 0 0 0 0 0 0 0 0 0 0 0 33.0203274589 33.2008112567 33.036490496 33.1677047401 33.1476257885 32.8037382339 33.1466470232 33.0282452201 32.5655390295 32.83597796 33.0048164686 33.1003971322 33.0393390137 33.0605176048 32.9143597666 32.8572594412 32.9124964261 32.925702364 32.9729512626 33.0042848932 33.1491786965 33.086984109 32.7362296338 33.0355658573 32.5419452402 32.655885407 32.9002633339 33.2000797055 33.1445420414 32.6656061627 32.7499161596 33.0307123774 33.0603989148 32.5424171592 32.8363635461 32.8469574687 32.7193362707 33.099128204 32.8660366587 32.5336235127 32.9398533206 32.9365191191 32.978184254 32.5906104745 33.158313229
0 0 0 0 0 0 0 0 0 0 0 0 33.1848882707 32.5594379898 33.1980849791 32.962683706 33.1953716699 32.5193097168 32.7987272106 33.052973199 32.7666589918 32.7129975309 33.0124670186 32.8708967471 32.9456142691 32.8670235974 32.6908925727 32.8935407216 32.8278002742 32.8737872184 32.9618279014 33.0291599443 33.0340004704 33.1008003923 33.0971668288 32.7934862118 32.6989372526 32.9164480612 33.1155641473 32.9185416259 32.7332480967 33.1742092985 32.5537571673 32.8394945894 33.0749245798 32.5171966767 32.5091714721 32.8161356691 33.0164214867 32.5388465379 33.0872869558 33.0943129747 33.2008424499 32.619611052 32.9287045889 32.6407220076 33.158656496
0 0 0 0 0 0 0 0 0 0 0 0 32.8456032118 32.6654967517 33.1946448986 33.0483403604 32.8913037391 33.1372966025 32.9797926953 32.5705444344 32.7673083408 33.1833552847 32.6381578834 32.5249018348 32.9120249576 32.5380634229 32.5817818897 32.70458051 32.9395889686 32.8190843739 33.109857048 33.1907495487 32.7438246594 32.6415488221 32.553207671 33.1545288663 33.1093048661 32.9477441674 33.0665827151 33.0257813699 32.5287180793 32.9273129617 32.6417243381 33.1325077826 33.0520418658 32.9749459861 32.6841807621 32.9618519189 32.7139344441 32.6618013946 33.0706337375 32.5094565031 33.1742243332 33.0830851846 33.1209882958 32.7602254676 32.9432012006
