Spatial_Output/DEC/DEC_0485.asc
NCOLS 155
NROWS 192
XLLCORNER 196307.867259
YLLCORNER 449144.565805
CELLSIZE 33.573938
NODATA_VALUE NaN
[rows 104 to 129 of 192, columns 57 to 113 of 155]
27.8705067879 27.824802459 27.3745302874 27.0501832888 27.8927251598 27.24480777 27.9928649229 27.5954099074 27.984908343 27.6751018412 27.2179830074 28.2721666882 28.0089468657 28.0113900006 27.9941721916 28.0966082056 28.1736332812 28.4127614625 27.9304244839 27.3039409852 27.3500321137 28.264499121 27.5901557282 28.1665625826 28.1991984973 28.3823524212 28.2194988027 27.2154346707 28.0325025159 27.8829625061 27.0351374713 28.2466744213 28.1621648868 28.13497388 28.261930574 27.1898370344 28.30700965 28.1844191218 28.3535077298 27.9255910473 27.7527316132 27.6423275681 27.0093467343 27.535863693 27.516206225 28.1795678093 28.2946652279 28.4080546054 28.072728523 27.0163290457 27.0409025979 27.430028427 27.7838008425 27.3554481307 27.0364655952 28.0906256173 27.721401647
27.6092212848 27.8512247025 28.048800116 27.1804714893 27.2015914512 27.3315080455 28.0789993026 28.2767723724 27.3220660432 28.1714011492 27.4986342 28.0283679026 28.2543776381 28.2575342658 28.2321031688 27.3125708678 27.2367933577 27.2050342298 27.2336947112 27.3959532242 27.7573646422 27.4342779814 27.6761946516 27.9487772998 28.0738381186 28.0883748001 27.3212826929 28.3084195491 27.8117636263 28.4069148001 27.3058493671 27.7484250825 27.7739733743 28.3120122443 27.7489692546 28.2478292473 27.5860875399 27.1542693636 28.2302458194 27.4641547145 28.1017879835 27.3028396118 27.7943919968 28.1570010244 27.0989014648 28.1686375455 27.8175607446 27.6695231365 27.4012003634 27.5085708833 27.5475630314 28.1447793803 28.2002867096 27.3338495484 28.2099153281 28.1636238691 28.1884529291
27.1632908298 27.832854424 27.3153293921 27.8768389576 27.3912295211 27.0406644331 27.3990832186 27.5065314002 28.3767476617 27.3609031553 27.6569345823 27.4131131637 28.3074799384 27.8271119833 28.3301341981 28.2593884282 27.4267475921 27.9925734594 28.3813219278 28.3240017881 27.1609059261 27.9162191446 27.558135779 27.8788465682 27.7957660521 27.5400852882 27.0913737718 27.472378445 28.2851164477 27.6543960425 28.3794767596 27.8619341823 27.4910365379 27.5804891264 27.5525340278 27.5776469238 27.0037529802 27.2224977615 28.023066796 27.6665305063 27.340312985 27.3487290681 27.7651732323 27.1010778587 27.6657766798 27.5043298117 28.2954035852 27.8028320875 27.8028010925 27.7621966671 27.1879855573 27.6633250983 28.0202759436 27.5095865578 27.6673480864 27.5288081985 27.6350720248
28.2279921703 28.1651882946 28.0125704599 27.4217361662 27.1299606898 27.4368806599 28.3796774106 27.8988566541 27.8372777796 27.5852960008 27.8544058518 28.1198613445 27.0192304649 28.049241945 27.9260731315 27.2852259487 28.1157989482 28.1869597438 27.3906338885 27.2661419701 27.1831832158 28.0558542982 28.1492856205 28.4128890127 28.2707261596 27.6532958298 27.7035966296 28.3553057237 28.2483352715 28.2321101163 28.1046842943 28.2288441788 28.3610881883 27.369929573 27.5706224418 27.3483564126 28.0967048357 28.3411511383 27.5177859485 27.2450530978 28.2465368663 27.4032020847 28.3246953135 27.458818733 27.9563781772 27.575468545 27.8496948251 27.7641659131 28.2373543582 28.0115680195 27.4958375356 28.1436024156 28.0686873963 27.7652772931 27.4453845301 28.3209185405 27.2578774969
28.1424665055 28.1475888064 28.0242923231 28.1508577781 28.1882065037 27.5446786512 28.3089838101 27.4915466349 27.2643647884 27.8638874018 27.0953536232 27.5242610002 27.0119635353 27.6572714834 28.2513255885 27.9064684182 28.3701418542 27.6028420265 27.6477236225 27.3751646135 27.373765759 27.7212336887 27.2993732697 27.264838829 27.7971014077 27.0287999453 27.0258269597 28.2173071337 27.5372878608 28.056638149 27.6798024209 27.0426955506 28.3856056261 27.9422443792 27.8810163279 27.3920426344 27.0772122873 28.3236274425 28.2562569882 27.6517338058 27.7444378429 27.0433684561 28.0142848421 28.3360015245 27.2800216906 28.1682156432 27.9253712555 28.2216079447 27.4543012693 28.0461194903 28.1614481636 28.0829187618 27.4122227007 28.0041156082 27.4678559089 28.0133849985 27.8567330868
27.1252567851 27.2208205516 27.4651419773 27.958699133 27.9410076244 28.3106717312 27.6833054841 27.7011122121 28.3799103911 27.2795996706 28.3525365121 27.3652080731 27.975279797 27.4171012826 28.0915216383 28.0100189753 27.1455990803 27.7435075973 28.2848441287 28.0525830254 27.411638228 27.8421105878 27.9195772326 27.2622836113 28.230983061 28.1814347349 27.9167487099 27.4490275066 27.3644627603 27.7404092516 28.2428455082 28.0147441034 27.280022941 28.3645654018 27.3846784545 27.8043093542 27.125757528 28.1281329207 27.9718486198 27.3420814474 27.9027528052 28.0604192808 27.2086284197 27.8876922656 27.4759566947 27.7569068892 28.0185555177 27.0631764053 27.7736020125 27.4322452237 27.4347314194 27.0155976569 27.4268323384 27.1661362869 28.2286429992 27.1925686487 27.4929243249
27.9911028325 28.1683544024 27.9765460818 28.006215591 28.3213054896 27.301813066 27.7060402224 28.2132707528 27.6737453958 27.9714886376 27.8750796419 27.8911894851 27.4936222361 27.4203406577 28.0065907432 27.4425218292 27.0569901885 27.1933694256 27.1790439828 28.2058918522 27.0166864855 27.5932451099 27.0395039202 28.1825453048 27.6323386176 27.5009050773 28.2918509303 27.8212217791 27.4516047959 27.2568365646 27.3731330002 28.070673146 27.7502318068 28.3261010669 27.6838902207 27.5961105861 27.9439573563 28.2759661214 27.8779194769 27.506587294 27.4958122953 27.5144020004 27.3098446751 27.7281802645 27.188367747 27.5872485017 28.407973388 27.5129873152 27.1260914264 27.1965886651 27.0717750063 27.1806460798 27.1385355609 27.5607316263 28.345276427 27.9869874109 27.8008050049
28.0759688435 28.144006864 27.6121816534 27.0411365621 27.5979871312 27.7349716912 28.0586548348 27.1209375579 28.3587491285 27.18646405 28.3038929644 27.0216809798 27.9857639885 27.8197360952 27.5907833611 27.2425908101 27.2236215798 28.2671968315 27.459471143 27.3419076998 27.5266280433 28.2611308043 27.5821462404 28.0767145767 28.0165981907 27.5168780001 27.165123277 27.882295061 27.2088092876 27.5133320996 28.0045347605 27.2560476964 28.2388932461 28.1345519293 27.3871418649 27.9727311108 28.2859563736 27.9012442385 28.2207351007 27.1923258778 27.7240306309 28.2767578704 27.2093449861 27.2375513007 27.3834890581 28.1057965741 28.2750877201 27.8446329295 27.2528159692 27.2395156927 27.9853225955 27.9543745865 27.1648324752 28.0341912187 28.2104481876 27.3270310301 27.8234827973
27.5400987421 27.0101865994 28.0165915272 28.2661833157 27.5271683699 27.3262346048 27.1066505628 28.350263785 27.7431541162 27.2455322642 27.4900682315 27.0338717956 27.3858550817 28.2379295115 27.1936445186 27.4253503591 27.0043039916 27.5875384561 27.2952582977 27.7495568151 27.1284005037 27.2255068632 27.4860493969 27.6175598991 27.599020635 28.2168586323 27.1970661588 27.0218805269 27.6434546948 28.1984524098 27.4290781269 27.3621296554 27.4595957527 27.2819174623 28.0879086138 27.231501742 28.1596648649 27.0065377258 27.6177440887 27.2766987066 27.2845676881 28.2698885922 27.0256739458 27.784068521 27.5129173376 28.3147359883 27.4504798576 27.7152110459 27.9379394753 27.3640736208 27.7666604797 27.4735768761 27.6013374772 27.7363857914 27.5929886131 28.0987619879 27.835259933
28.1240455951 27.3879132351 28.0949092481 28.0641612718 28.1243214026 27.9126532687 28.3873778971 27.6723805066 28.0541034517 27.8272053595 27.6884374845 27.3572916902 28.1833440347 28.0599113907 28.1794268671 27.4791387378 27.8642483693 27.6600825185 27.7928831463 28.211914279 27.8137224822 27.8138870374 27.9828833685 28.2541315563 27.0272004024 27.4537366354 27.6314098254 27.8672162102 27.9352255673 27.0325998677 28.3606188132 27.2662960704 27.6457174644 28.0722001123 28.3560774249 27.0787203942 27.9373416152 28.2866361971 27.6947226615 27.2837224043 28.0143345246 28.1302372253 27.6641226315 27.298533625 28.2467127243 28.158557791 27.3677065499 28.3671733498 27.3975782543 27.4622472586 27.1751144175 27.4081108371 28.1114354052 28.148176246 27.8809558863 28.058834082 28.3583475621
27.1296587424 27.8823992921 27.755659209 27.6065501544 27.6513743192 27.8306752678 27.5822464237 27.1325222301 28.3801868949 28.1718410125 28.2364442164 27.5033044973 28.3517784054 28.1142481963 27.5366560758 28.1548676148 27.0676109464 28.1646790347 27.6314178837 27.9582511099 27.7572323447 27.6718165547 27.3392945771 27.4894520302 27.614179782 27.3826547763 27.8008460303 28.2346909216 28.1984585675 27.0279078466 27.946630812 28.08368506 27.5020992074 28.0169951902 27.2977211594 27.2062580752 27.5419133523 27.6464208295 27.4580649918 27.9918452218 27.8064271564 27.893563243 27.6981282805 28.409719111 28.3132274235 28.2681523961 28.3226210787 27.0287394109 27.5865748544 27.0198099529 27.6894699363 27.6185133634 27.3311073403 28.2479701076 27.7990107508 27.9481188 27.1863985482
27.1462847146 27.7513669442 27.6808552913 27.6706142843 27.6839217397 27.2191291788 27.1259979854 27.2751014939 27.3702763812 28.1133068322 27.5717555195 27.4866424806 28.0224086203 27.2085874397 28.2698302038 27.5458786287 27.3821256616 27.0750172989 28.2974901014 27.7120618842 28.3850715608 27.0868290544 27.8503552937 27.8350464039 27.3054081105 28.139293761 27.8459177843 27.1835762773 27.6218062665 27.1696076327 27.4108188027 28.2433779983 28.2008626671 27.2718674565 27.0680779137 27.9397117869 28.1619003804 28.3560200362 27.1536630551 28.111600444 28.0984983451 27.0943771068 28.3087504709 27.9428145691 27.7582742172 28.2259003858 27.2034494613 27.7351074618 28.1996514029 27.5550221272 27.105309501 28.0180893507 27.3172482196 27.6638607405 27.8034459943 27.6841417188 27.6465280098
27.5203114453 27.2417627755 27.081403131 27.3945213891 27.8461511482 27.63762737 28.0466894733 28.149048907 27.2264799871 27.0157190259 27.7060347408 27.0565255169 27.8643674496 27.1621750751 27.702398103 27.303002249 28.1969387474 27.8387723321 27.150842498 27.6686585725 27.1878880559 27.1432330871 28.1190553637 27.4904483543 28.3903230804 27.4209859906 27.6069107501 27.7904888267 27.0107865986 27.6936695379 27.2996536748 27.6943799165 28.2777435095 27.774888381 28.2260770947 27.8833461994 27.3253347394 27.3295004494 27.2954699125 27.8058604616 27.775219144 27.6367927269 28.3958087935 28.3855669914 27.614622897 27.399284958 27.3509078392 27.6109007325 28.3409212516 28.1476483017 27.1868342812 28.2584121973 27.6088314426 27.549169928 28.2708426265 28.0140534911 28.1140886372
28.2674792938 27.6508350055 27.1592664146 28.2450682941 27.1040242229 27.7346357352 27.8905008042 28.0595110495 27.3417881619 27.2063079216 27.1507650644 27.5178861402 28.1977821709 27.0713001174 27.3827511381 28.1079588708 27.6547561181 27.3512481489 27.4323610318 27.1696359787 28.3462575587 27.3600753562 27.3491437561 28.1496933766 28.040278011 27.3293802532 28.0916019826 28.4046622482 27.4175036456 28.2168289092 27.4209529028 28.3212254689 27.6987406042 27.2716888112 27.3812524591 27.7133105349 28.3194286179 27.8428846007 27.6171006985 27.9089892317 27.4539363677 27.4126100571 27.9767435063 27.9018614027 27.744070051 28.2875380203 28.1565220367 27.6936918822 27.0771393311 27.7750411438 27.0646164039 27.6102055241 27.7400929831 27.4429414488 27.255618499 27.5084839683 27.1356108417
27.9979268333 27.1594708222 27.3492526487 27.9658035267 27.9679712995 27.1873817696 27.8087438432 27.2227213508 28.2619750921 27.56430353 27.9416582317 27.4149191921 28.3360302652 27.6045802059 28.1721834527 27.0374533279 28.0385462196 28.4054226444 27.7020339213 28.3427671326 27.0959183775 27.4678231517 27.1216644741 27.2069796049 27.493990676 27.4454600159 27.6249986772 28.1222808462 27.9455551373 28.2199070549 27.324343593 27.6338451083 27.2218262804 27.0820163571 27.1325856324 27.8931133009 27.5210337011 27.5301331401 27.8362837291 27.4090036014 27.7617471414 27.6107272009 28.1877884813 28.2124834637 27.9582235968 27.1045772454 27.1667783469 28.2283040012 27.019809058 28.0157030777 27.5751509705 28.022243296 27.4094328712 27.0937815802 27.6922399689 27.828869105 27.2188242733
28.0199486039 27.6524096555 27.4089346933 27.4064424315 27.6203360973 27.6741037383 27.8176545764 27.9874843784 28.024566557 27.4398327015 27.4953772295 27.3422458254 28.0813232789 28.4008166897 27.6018701861 28.0154388798 27.656954206 27.6721347037 27.8463796046 28.2663945608 27.8485401572 27.9638822266 27.2387826762 27.1044760718 27.2729389235 28.0325221378 28.1209531819 28.3437451467 28.3929783396 27.551353886 27.471960779 27.022702971 27.8627129899 27.0024153644 27.9773711605 28.2183554896 27.7348236212 27.0178536801 27.7684849877 27.0187074478 27.5826417276 27.75672067 27.5656352275 27.468299852 28.3819950885 27.415004085 27.917603134 28.410946854 28.2942727752 27.0022221216 28.390897949 28.1736058579 28.3710502923 28.081087825 27.9741452833 28.341545823 27.4335515768
27.0619030048 27.79355648 27.2704093076 27.7013843444 28.0717207297 27.4898846197 27.8901833717 27.4012833991 27.3313830161 27.7887646356 27.554157607 28.0740667226 27.8184206542 27.3995724047 27.2815859637 27.8573478021 28.3048310381 27.9711733808 28.1183329881 27.7987183551 27.1324259059 27.1821460568 28.3752399632 27.7822778702 28.4017637414 27.5012936123 28.0972374007 27.7681607385 27.1599074141 28.4092811416 27.6022346588 28.2512162629 28.182718246 28.0647779125 27.0969166223 27.6596914514 27.5401089409 27.4363346811 27.294213385 28.2780580783 27.8930579636 27.2327919453 27.6539801398 27.9068847558 27.9927110727 28.182013509 27.4044118818 27.795554404 27.9532487905 27.5299513517 28.3895204032 27.8792411285 27.5471286899 27.8459251095 27.1379904417 28.2075586832 27.145603546
27.0027722509 27.2705689816 27.3879461212 27.0189647225 27.1418868111 27.3367656598 27.0670309582 28.3751915565 28.0051609283 28.3725916376 28.2687311164 28.2294393849 27.8160758385 27.2480985089 27.9366479416 27.1788498344 28.1297912507 27.9960940834 27.3216400689 28.204336041 27.1878981628 27.7116201641 27.046347874 27.1603945574 28.3620802477 28.0728398499 27.4315261797 28.134889283 28.3114207523 27.6556726239 28.1904663917 27.727710453 27.6082735813 27.3137024311 28.3348279677 27.1550070597 27.0802597722 27.9244522067 28.3533041882 27.3491169277 27.2469488452 28.2955750758 27.4155037854 27.0498789706 28.3341372658 27.8855531011 27.592446527 27.1837991524 28.2576539166 28.1024962159 27.3116810633 27.9212280153 28.0306990242 27.3949703552 28.3163434484 27.6561789514 27.198946785
27.4615046614 27.2224002022 28.2711176362 27.2301922381 27.608750239 28.0112685859 27.0770018066 27.2995931609 27.1079639835 28.2580584261 27.5658531054 28.1267044163 27.660706562 27.4139754959 27.3173922428 27.522893678 27.3579080327 27.1685378028 28.093151458 28.1832107987 28.1365775341 27.622286316 27.617945087 27.5383212943 27.6515588448 28.0093109025 27.5131992906 27.0961268162 28.0383394003 28.3245652189 27.4642482183 27.5899574873 27.1898092017 27.037099144 27.651726295 27.9520660086 27.4584961931 27.2949297766 28.1395876931 27.4491227762 27.7007893687 27.4296484211 27.497800476 27.3560568358 27.1402635294 28.0315725511 27.6955686896 27.2424338942 27.6257700315 27.9829893516 28.0793791508 27.747302453 27.1564070967 27.5732928367 27.2239887027 27.7312850707 27.9952709128
28.0129435416 27.3697166279 27.6382445766 28.3961555712 27.6486037369 27.0600714779 27.4988914206 27.6231608362 27.613462773 27.5881994071 27.6221858909 27.2651778873 28.2690462937 27.4632406742 28.1445048163 27.0597455565 28.1664005401 28.1756582741 27.5247829938 27.364305338 27.6794441051 27.363329876 27.7032663311 27.8100583675 28.0986573737 27.6283231099 27.6252610436 27.9625674007 27.9721670758 28.4029660868 28.2309826172 27.3218976471 28.2342403974 28.1785175964 27.3603433947 27.2084821472 28.3249821613 27.814251401 27.937031398 27.0187983512 28.0026792513 28.0399610062 28.1064280682 27.1015758234 27.4012376683 27.1591619524 27.6764494332 27.672893311 28.3220671157 27.6633976969 28.3539383755 27.7238421234 27.3231116912 27.9113027636 27.8281837596 27.0381147791 27.3986118455
27.5585034143 27.0953553127 27.1622870017 28.2460645303 27.6909503357 27.1591286858 27.5534746032 27.2869307326 28.3229331486 28.0267707214 27.6714887226 27.5211898916 27.4806432394 27.8499489627 27.1279172293 27.1245755982 27.5747099952 28.3585448164 28.0864580498 27.4018997338 27.1423590355 27.7350563102 28.1589585824 28.192477734 27.8197209705 27.1986831533 28.0910717642 27.0930691313 28.1095510155 27.9873395028 27.7498057985 27.7387149808 27.7376808878 27.2145927815 27.3460338331 27.9634389276 28.147653099 27.0991936336 28.0547483881 27.0523456101 27.7750468622 27.6031087044 27.8706282736 27.8964023574 28.3366673997 28.3900252163 27.5193473704 27.4329314748 28.3059262331 27.6202810857 27.8268579321 27.119353762 28.3679251934 27.0911665124 27.5271934265 27.7378084933 27.5659080936
27.6138832707 27.2008132986 27.4898903897 27.8905416454 27.4769921424 27.4505492425 28.3827171861 27.5598553666 28.0858741943 27.1686225164 27.8040183189 27.8643863996 28.0094735723 28.2265602269 27.6729909543 28.1326684933 27.8495704608 27.6002878724 27.8606320138 27.2449827644 27.4986499167 28.2338793671 27.5060858854 28.1845459744 27.2539648432 27.6736680754 27.3155651305 27.6316814754 28.1085418648 28.0065850813 28.0535294169 28.1235794801 28.2118552475 28.2187045199 27.4483353257 27.0864674123 28.3268906631 27.1794741187 27.1439100837 27.5669549581 28.3431439874 27.1937991265 27.4065390173 27.2087076558 27.8081713863 28.3356839577 27.0094650243 27.1681635671 27.757273333 27.3460252206 27.4384834212 28.3378101748 27.3976945429 27.179090712 28.1427655112 28.2115582484 27.0333255747
28.2146621496 27.0304526295 27.7148777482 27.0860119864 28.044872032 28.1319467869 27.7936716837 27.9752959462 27.1114295438 27.5766151554 28.0676795526 27.2548024591 27.5464162229 27.2846802649 28.4014201969 27.7760955073 28.2335391532 27.5955888238 27.9493703908 28.0224871065 27.4324986806 27.6231935305 27.5053092569 27.3222170938 27.7755959486 27.9628323498 27.8092783035 27.5363969186 27.4548163613 27.9830531987 27.759296805 27.4223236891 27.8789338106 27.0846067644 27.736252257 28.2111697375 28.3485551034 27.7959118525 27.0389895974 27.8927944556 27.3995185507 27.677498552 27.26558837 28.2282792904 27.9598065753 27.2364529676 27.669122926 27.882010833 27.4233777675 27.3561148535 27.4530299441 27.7533813826 28.4027834224 27.9220825318 27.1552659063 27.6068648549 27.1540626527
27.6525266579 27.1558839374 27.6727793407 28.0893528388 27.6234971009 28.3270901688 27.1735596129 27.6095424063 27.385852239 27.9244884024 28.3211217744 27.966381154 27.5232806619 27.1373617914 28.0772214207 27.1699193746 28.3863177809 27.3122438469 27.6122391341 27.6819057932 27.1283707021 27.7092877164 28.0286123906 27.585950617 27.9821721466 28.3248886181 28.2199841456 27.7600290128 27.9650989703 27.3325909678 27.6991545174 28.1811523353 27.9782943193 28.2157748595 27.868543266 28.3348663921 27.0239250851 27.777039593 28.2173215294 27.3999733824 28.0169571825 27.884849221 27.1432001105 27.9314066639 27.7702150351 28.2953059484 27.7347324548 28.3708725597 27.8239669629 27.1268852624 27.0325925064 27.8295624865 27.0440757871 27.7082332578 27.5678002645 28.3215403247 27.4973154714
27.9270255149 27.0617949649 28.0199559422 27.5138716605 27.9815621984 27.7090123645 28.0304218601 27.8530569037 27.6633877189 27.2875492539 27.3676755902 27.1588753573 27.1200193052 28.0395114402 27.4751269999 28.1056730498 27.6210098447 27.3862553488 28.1373319856 28.2062061964 27.003917692 28.0631423426 28.2678926482 28.399098757 27.5060779888 28.0578121662 27.1739112016 28.2749373653 27.1070191331 27.5963717307 27.8698376693 27.2963276597 27.3741735685 27.303858711 27.6729724771 27.3656733425 28.0872267415 28.4092037252 27.0843823635 28.3361259675 27.8137089415 27.9440051673 28.2023044972 27.9939324263 27.7635353233 27.0186722083 28.0508119576 27.5845178674 27.8701276435 27.0496839759 28.1410929509 27.4791228517 27.867601343 27.4899735566 27.9772292512 27.6217644407 28.2563713736
28.3556204157 27.2293292997 27.16087048 27.6824886809 27.9451467293 27.1459133515 28.1639991574 27.7679049561 27.4369563265 28.2974282709 27.9443353565 27.309537754 27.0839845449 27.1237671017 27.5441001008 27.0294311291 27.2864008305 28.2054773655 27.633762195 27.1886102308 28.4122346262 27.5566932957 27.6980471598 28.2970364943 28.294816843 27.4871533542 27.7077268683 28.3866902773 27.5266652625 28.2215675865 27.6064952555 27.6850024498 28.0984570461 27.6076572911 27.4523353264 27.9437116467 28.0470418718 27.5443370661 27.2244084965 27.1906147182 27.1919642851 28.27746327 27.5916324396 27.0863857141 27.1860294074 27.8991073135 28.1572159617 27.6210236847 28.1919158879 27.6973084125 27.4927480901 27.9937004315 28.0977442952 28.0814869145 27.301037074 27.1790044751 27.3835599193
