Spatial_Output/DEC/DEC_0383.asc
NCOLS 155
NROWS 192
XLLCORNER 196307.867259
YLLCORNER 449144.565805
CELLSIZE 33.573938
NODATA_VALUE NaN
[rows 26 to 51 of 192, columns 57 to 113 of 155]
34.487137233 33.8756405886 33.3971496548 31.8401398703 32.3711687842 34.816289493 34.6737063892 33.9584523477 32.9178470698 33.03419537 33.9847764358 34.4921571536 33.2573095912 32.602819074 34.687134426 34.2652754815 31.6708986753 33.0320126184 31.8839086531 33.0494531864 32.03274878 33.1813639281 33.0536792521 32.7331740368 34.4940481252 31.5169098718 0 0 0 0 0 32.3400453669 32.9441703966 31.8272718366 33.5766641349 32.3625676313 0 0 0 0 34.3725252695 33.4586340481 32.2291975579 32.1640549518 33.98908531 32.0406803976 33.0561112902 33.8442720639 33.3419627795 34.6355605444 33.0103652966 34.9551124568 32.0289640288 33.9015533136 32.4806910271 33.1162822474 34.8121085781
33.8734122431 34.3085286609 34.6919207095 34.2232238936 31.5803976594 32.2166740316 34.4467191923 33.9499791191 34.075151432 32.2532479602 33.0540736362 34.9296430799 34.5531970142 32.00085412 32.5242980027 32.6170954891 34.9213239841 34.3197560892 32.447710396 34.3303732189 32.9755410127 32.6944073821 33.7554629784 33.2436281324 33.9452110171 32.8339001072 33.6356492606 32.3752917248 34.9056817529 34.1627363238 33.8149780442 31.6947197416 33.8204251381 32.1359310946 31.8774365123 34.6030758592 32.014121887 34.5225824942 0 34.0138968192 33.6292873706 34.3584860418 31.5181228144 33.0680392533 32.5538720632 31.7283839107 34.3655645096 32.1182277431 32.3442996005 31.7688791484 34.5524887409 31.5023139904 34.8567845809 31.8013358726 32.1772862996 33.3264459067 34.5927312626
31.7251059989 32.6002796005 33.6356699959 34.0634195818 32.517290859 32.5687581396 33.6105358763 34.2696592114 34.469818428 32.9435952088 34.4563482776 32.2370470446 34.4582713668 33.0742194721 33.7931187314 31.6910297537 34.7276265448 33.7430735999 34.8000599594 32.5192152862 31.7033981153 32.8666888301 32.8596881357 33.8749789525 34.6987378528 34.5873455516 33.4317704335 32.8974971297 32.0090904165 33.4047280371 31.621626038 34.4336062372 34.9227113889 32.8975012857 34.7189101243 32.2917237153 34.6975832177 33.8421213503 33.5774179294 32.3731708352 33.1579070937 32.0686689886 31.6345420215 31.6867480614 32.4722720139 33.9909626145 32.3094009208 33.9192541651 31.7758354108 33.5573318057 34.8400078195 31.5809101021 34.6644643552 32.8707512859 33.3547083229 32.6199484765 33.9283046383
33.3413765578 34.3634090194 34.2112441403 31.6654465453 32.5846100194 34.3189132737 33.0095597294 34.2582068403 34.0817918933 32.375405388 33.907815024 31.7883879726 31.8099508354 31.8473912558 33.4641439989 34.3536958819 33.2466544533 32.558129 34.2653698432 31.775144111 34.0214615306 32.8636903773 34.8776968465 31.6629276506 34.0565416359 32.2861284359 31.6724644956 33.1514503593 33.8528354446 34.7918025704 32.460377042 31.7479811154 32.2130283463 32.7185923945 31.6002941735 32.7660687384 31.8394106103 33.3028524684 33.8370861179 33.3861526338 32.5587948185 31.7058125012 33.6185621054 32.173060083 34.6172641312 31.9456944199 32.9325597641 33.8087042459 32.7672180797 33.4417176111 32.1719950817 32.117978356 33.9421021221 33.0197713305 34.6367199589 34.1178191247 31.883049358
33.921708923 33.8648331735 34.1753845364 33.4413859316 34.4525321662 32.741369465 31.8774287927 33.7018094937 34.8786738093 32.2501293317 32.1495356538 33.4705423158 32.1892836511 32.2489632902 31.9825571479 32.2316453633 33.4303120896 32.7447562204 31.7642314628 31.9266446046 34.1686447093 33.8165649994 33.1765662455 32.7787943906 33.5098678 32.1249615558 34.8208263796 34.9701505753 31.9749316179 32.0468536215 32.5860350778 32.3227720972 32.154466609 34.3369960275 33.6946681334 33.3559264197 32.5507504689 34.0707048742 34.2186569116 31.5147194335 34.7093521371 33.6903119025 34.4879114527 34.934593105 32.9231052843 32.5395587032 32.023817858 31.6874804269 33.9769348948 32.3882254344 33.9629692485 32.7070130815 31.6034876622 32.0247935044 32.5612965772 34.3688201303 31.8451047255
34.6064688001 33.23950329 33.1466703299 32.0074764967 31.9845856517 33.6647728921 33.4706989509 34.1404854439 33.1574978459 33.773282285 31.7143505711 32.808345925 33.3634492518 32.6371465343 32.9733651041 34.2764190882 31.9689946899 34.1431199794 32.4866482902 32.3937172937 33.2657474946 33.303768124 31.6216905066 32.1041846255 33.8048424278 34.2598245232 31.7716546786 34.9146672863 34.9800054812 32.5304281646 32.3729877415 33.0021403129 33.7050544887 34.0032643102 35.0153877093 33.9382874418 33.9946179498 34.9365148485 31.7298019104 32.0193579081 33.2552752799 33.221235003 31.5755444819 33.1922918431 33.6931176231 32.5730870729 31.9666401632 33.7922715288 32.368972954 33.1405846691 33.2310432221 31.7475840218 33.497167554 34.7551963371 31.7542166432 32.133954871 33.8073492923
33.2008191126 34.4328706088 33.2290391755 32.8383155523 33.509389859 34.5870459525 32.736448279 31.6935431972 33.8715779913 34.6163769902 35.0079844743 33.6916490426 32.676780889 33.2137253537 32.0611655905 32.3714214628 33.2941566016 32.8199453829 33.0944184172 32.7162316141 32.6358696386 31.7832574135 33.3058017095 34.649820037 32.9033388987 31.6427114132 31.6343640157 32.0865870729 33.5884829764 33.0243499519 31.5768717863 31.852400732 32.0414501702 32.7254936596 34.8175721217 34.9523018495 33.8118777813 33.675751739 31.9204022307 33.4924580185 32.7921378432 33.2823618652 33.7948963024 34.3490989335 33.1124086559 33.7047686108 34.4778491313 32.363745887 34.7754981021 33.0599552703 33.2864918139 32.6268728756 32.2924867634 33.8206389537 33.1365010377 33.5266293311 34.5961512904
33.2750534896 32.0454234505 34.877798387 33.9581274553 32.6905001185 33.2209320213 34.8975064089 31.9181782643 32.8013565821 31.8555314796 33.6564227639 32.9866702074 32.8455866412 34.5804106166 33.0767194209 33.5101428118 33.0461033945 33.9890804495 31.968991512 33.6242763578 34.9268263562 32.6363629393 33.3258287969 34.6206445545 34.5380472386 34.8242754624 34.8606010619 34.8904913125 33.8719861021 34.5679212174 34.8349885482 31.9861616754 32.9579683286 31.66770944 31.960483839 32.399411945 32.116539684 34.442081637 32.1371599087 34.8126666009 33.0891326115 31.6730122907 32.2846729204 33.8392635106 35.0344918446 33.7438681172 32.9226918979 34.5027136459 34.5330081977 32.4893886193 34.8108430943 33.6906074125 31.9028673413 32.3384311606 31.6986395403 34.6177998514 33.5094439625
32.3747488416 32.9602476203 34.8648651781 34.847952499 32.5742187191 31.5967166957 33.346486943 33.5662629955 34.4983822668 34.5202771047 32.3096385358 32.6007760503 34.8099215044 31.9811135924 31.8441887396 32.9367659632 31.6004783516 34.5219037682 33.0789245923 31.6428284591 34.2520746201 32.3029511471 33.8669118153 33.5774470027 34.3543406354 32.4680679923 31.9016147218 33.7784141228 33.2318198542 32.5557332615 32.1380267098 33.2002752778 31.9434093475 32.0939902934 34.1425658217 31.5306839694 32.8205432076 33.4627662937 32.6861504157 32.2975394675 32.5013569814 32.4675002513 33.6585657773 33.2843023207 32.0447234916 33.8767412744 34.6512570521 31.7656989674 34.7083689272 31.5907298226 32.8937623427 33.4622225059 33.6895576595 33.0861745886 33.0424377548 33.9759287856 31.6194715816
32.5065051556 31.5761253751 32.2466575404 33.769689385 31.5264163311 31.8898438171 31.8795299223 32.0365856366 32.7131806634 32.7095158213 33.4636119282 32.320089532 33.2907075113 31.7756965735 33.3920922702 33.5811246236 33.6980871568 33.5268469494 31.9735386133 32.8005340212 32.1677535422 32.4354014179 32.2942458048 33.3819891903 31.9183030103 33.0910637079 33.6167784155 34.1953454771 34.6940282586 33.6810790154 34.7612342016 31.6517307357 33.3343217946 34.8370105612 33.9589585195 34.1099666404 31.6294605719 32.9404577376 34.2412409825 34.4386288248 31.5559696622 31.6468103966 34.5841681301 34.5767159454 34.8990451854 33.7138538343 33.8965181881 34.5876974245 32.509171809 32.9234532507 33.5963662256 34.0484019896 34.6535620054 34.4083407697 32.9363200681 33.3178823715 34.0956748157
33.4877772742 34.1252000969 34.4770692197 34.8667400043 34.7682016913 34.8753074135 31.8852382822 35.030665144 32.2664816247 33.2092755762 34.2482337988 34.8591519166 34.5154548486 33.2502275552 33.6168560933 34.4669696496 34.1533989679 32.1295280516 34.1289595766 32.7145573444 32.7557447722 33.864879486 34.9794145007 32.1853022046 33.8084604687 33.9038831281 34.9457184695 34.1124867225 32.7821572161 33.0535087395 34.257744066 34.6940601196 33.4099492084 34.0860939907 32.9473934211 31.6058160701 34.259455476 34.1769932173 32.7181842999 34.0011193349 33.5966577457 34.4900353513 32.5270067803 32.5732753941 32.0427450487 34.9912117789 33.1579535672 33.8486722995 31.6841050226 31.6357447155 32.4913979562 34.6331573062 33.9533428691 34.0044376019 31.9960928862 34.6775470451 32.9645755439
31.7266135953 34.4390619239 32.7669490721 33.6646842111 33.1859779691 34.0457144096 32.8129021432 34.168317235 33.6440778386 32.2896525021 34.7891002783 31.7445141146 32.6305855494 33.8866146473 34.8250487415 34.0167527024 32.622940134 32.5982190429 32.3365158769 34.7060517009 33.3387235655 34.5604827132 33.1234114047 33.3491729237 32.3881215581 33.9672909459 33.2307886774 34.3804975617 31.5228969882 34.8821364808 33.0927289034 33.4691681563 33.735013 34.7479546411 33.7459586817 32.7547202818 31.6321679756 33.863479046 31.958456391 33.731307624 33.1615740992 34.2072520843 31.5811749174 32.9244257233 33.3177320128 33.8440290916 33.1104499215 31.5921036041 31.5565508788 32.1404566282 31.8912963751 31.6569530093 33.5897424502 34.4807998572 34.4314481931 32.5239846674 32.1745114029
34.0539537236 32.0047687099 33.8937172512 33.2095151464 31.9323546617 34.7369741506 33.9061710075 34.2974054115 34.2862914975 34.4175609158 33.8611538404 34.9619379955 34.3496220237 32.1451027921 33.7668705983 33.3789163285 33.6620306411 32.3294616637 34.8584550148 32.5069814073 34.2218029203 34.9817775424 33.627047705 33.0950416686 34.4076154954 34.5811081677 33.000069126 32.526967881 32.3976783733 34.5198078162 34.2631657561 33.6857054354 31.8390275629 33.7109079119 33.3815613532 34.5616044478 32.1659850578 31.6922252945 32.8046546128 32.2481873228 31.7967220016 31.6221833299 33.7975471451 32.7330784037 33.3777493414 34.9611621606 33.2189292629 34.1362625247 34.0150159763 31.9993895388 33.2947256439 34.5935248634 34.5771693176 32.0675881178 32.9745804889 32.7387196743 32.8673320296
32.8828221576 34.9291608576 34.0269469305 31.6002250682 33.7612028257 32.2199574516 34.0751221666 34.0179501459 34.2465836238 32.7250374541 33.3216388061 34.7634795538 32.5941265152 32.6081826947 31.7979205536 31.5489762825 31.9204358655 31.9080053807 33.0409787181 33.0136069293 34.5134794391 31.9084038738 31.9617197173 32.6494282204 34.2222559169 32.7057230531 33.8428486731 32.3097099657 32.4199908119 31.8603679563 32.0532553954 31.8938251206 35.0055676481 31.5819903424 33.6345067712 32.3048402624 34.2236996717 33.4712007305 33.508727434 33.7649477826 33.2958757326 32.8486198251 32.1056455164 31.5624385447 34.5539451437 32.8610610892 32.4577041226 35.0303449894 33.5823084991 32.1285363424 32.9667096413 34.7102566295 34.1612331499 31.8575169706 34.2134250103 33.1691354522 33.0341288435
34.1497117159 31.9483275346 31.7029728394 32.6563574571 32.8272858242 32.2616473301 33.3972704112 34.125180778 33.6917668031 34.0666812103 34.6368380433 32.2840350158 33.7198874239 33.5125470281 32.1478903769 32.9614863536 34.5263742421 32.2228063771 33.9088047417 32.626743975 34.5733216448 33.120752297 32.4713705776 31.830963805 33.0493209097 32.5562388935 34.7282409605 33.2788804746 31.7576888145 34.7079086021 32.5910200313 31.9586205082 34.6452115514 34.5635943883 33.2306024856 32.3192881254 34.181650112 33.6532605587 32.8479627739 33.0311569364 33.3557462218 33.3327143904 31.8658970429 34.9624994233 33.4784711613 32.9603078816 33.4954468111 33.249033789 34.610958013 33.4966002399 33.0668488039 34.9704560151 34.389672408 32.1850072164 34.516165283 31.8842335756 33.5538952511
32.9307236404 31.9957917948 32.3992856432 34.0006273654 34.5374845813 33.604593949 31.6042847863 31.7961427677 34.9920949433 31.5489934683 34.1651970208 33.117203168 34.6999987281 32.191991322 32.3712906851 33.1981001822 34.822582849 33.2810362603 34.7621947694 31.7550878372 34.8771776271 34.3718093807 33.9182895264 33.7543606832 34.7802709652 33.6063033405 32.3331310268 33.9345042212 34.6303910479 31.7877399261 34.2272902621 33.9447325994 33.1958288433 34.5355938014 32.2055795286 34.3430837946 34.7489265654 34.4652334975 34.0797335767 31.7692143947 34.3796998747 31.6331283074 31.6304244474 34.0610040678 33.8740063626 34.2615866793 33.0861435664 32.0496658647 32.9812711455 33.3690529406 32.3796481471 34.5015395325 34.8574483786 33.6424764901 34.2453406029 33.8604446239 33.0994910879
34.4889574495 33.1243088424 33.4663303507 33.0088316403 32.3211997247 33.7647335838 34.3138451769 32.1448207521 34.9747236661 31.9200629732 32.0377157796 34.6533595111 31.5362114996 33.3257950056 32.4119189382 33.374041343 32.8569683737 33.5925582435 34.305671346 34.837680362 34.4594473656 33.2237857112 32.3355025296 34.847973856 32.5882812312 35.0078454809 34.8338008353 32.7248991075 31.8177301201 32.6961937619 31.8871042476 32.9188408163 33.2085365298 34.9309316539 31.7188039347 33.5902644313 34.8860115804 33.7600229629 34.3040482755 32.8101325593 34.1700536356 34.7258793763 34.3451919549 31.9537238422 34.7957244191 32.2863073976 33.5048456154 32.8068744088 32.0558961326 34.0006032105 33.0835846501 34.9203799114 32.8165110548 32.6197481457 31.6726724252 34.7997370825 34.9406089124
34.0421706187 32.6075122943 32.4939515933 33.445305687 34.758265196 34.066663041 34.102701695 32.7320510962 33.9000291917 34.0797213601 32.1960930068 32.4345362967 34.3309309188 34.231342152 33.3606049917 34.8129796774 32.2711793272 34.0421101228 33.954858871 33.585639609 33.7061680273 33.5608386496 34.1655901474 31.6889176245 33.6944524147 34.2289860687 32.9548340733 34.9532379235 33.1180782392 34.5230103493 31.7051717683 35.0194583021 34.6226115078 34.4326291627 32.3409436683 31.7981783526 34.238328456 33.4932621775 34.8106403241 34.2031869943 33.3733669403 33.6623754201 31.9762012002 32.9143280571 31.9079455369 32.0154427707 34.4446385817 33.7555945249 33.8255665492 33.4195967782 33.2673631427 34.7421289941 32.6111367088 32.3384611625 33.4240468142 33.0843591448 34.9858457566
33.6668496382 34.8893316329 34.618622452 32.4271259487 34.6993969384 31.8133799818 34.6972398799 34.1596276298 32.2357732306 32.6070311788 32.6039794903 34.2698312731 33.302589014 34.6199032321 32.9948611479 31.987321711 33.5127687513 33.9343063277 33.3894551658 33.7333034311 33.6933073508 33.1040205126 32.9598787763 33.7152829907 31.7170483785 33.0607706441 35.0098573386 34.777431941 32.4679013344 32.7947880018 32.4523693001 31.5196932337 33.0431739613 33.3405755783 32.7093050075 33.5196155943 33.2900998988 31.7633740757 32.9451114688 32.4826051093 32.2383934693 33.2131978489 34.079059552 32.6187616028 31.9941970712 34.0201847379 34.9054510561 31.5525982014 32.6531059424 32.4486674394 33.3964164277 33.5825519339 34.3633250258 32.9830639751 31.6136388594 31.7503211032 33.372527554
34.3059155482 32.4460570212 31.752826137 34.3984672788 34.5089528587 32.1091182449 34.5864819724 32.9085561011 33.375197333 33.7102580347 32.9984961694 34.5269385081 34.847394734 32.502940457 34.3420583043 33.9895731145 31.82262894 34.1390856185 33.6018146226 34.4622041806 33.3954175121 34.2822294496 33.0458111115 34.4459974575 33.3847408345 33.1483142553 33.2563900233 32.3077769032 32.1595892588 34.0965634594 33.9937665623 34.0194824166 33.3292578141 33.6237444663 32.0843857083 32.9961466615 32.43094235 32.3287850136 33.2498802634 32.7329395769 33.1876299187 34.3394699218 32.8802309161 31.963494712 34.3295101503 33.3644075842 32.5364561993 34.0691527152 33.9891902214 32.1785897093 33.2151935582 33.962899999 33.6705223405 34.0165594984 34.6609802974 32.8252639516 33.8818205282
32.530221934 32.6998953579 34.6640303391 33.862098129 33.9879086249 35.01163428 32.8981870141 34.8472701744 33.6410586095 33.13859038 32.793671564 34.9090478421 31.558274126 33.0428427365 34.4666430357 34.6064163925 31.8997864568 32.912430451 32.2428218003 32.6057048762 34.813055705 34.0380002124 31.9765659986 33.997416913 33.759684662 33.3203497777 34.5775544224 34.526368622 35.0077675576 32.6878689227 31.7507942332 32.0198600311 31.9700803133 34.2443393146 33.1716239124 33.1519394294 33.4230617531 33.1166846381 33.0656931754 33.0272671862 32.3384084346 33.1945379781 34.3978728924 34.4405508711 34.5631650789 34.7484651594 32.0449059631 33.8847949977 33.7025726511 34.5447133792 34.9690164291 33.8896367467 34.1600986941 32.8391006714 33.3034377539 31.8917890628 33.3947154136
32.6819948776 34.9243269035 33.8225692533 34.8961010488 33.9439388527 34.5853725959 34.4351386846 32.237910236 31.9923001545 31.8967151968 34.4245535994 33.4886960623 31.9182460714 34.5440868711 32.6071979641 32.6630172684 34.6334911047 32.055771383 34.2909543834 31.6189030951 33.4742474498 33.5863524547 32.0513060892 32.2783907104 34.0665635444 31.5768024799 32.8576516029 32.1817121675 34.1850912294 31.7710572569 32.088571517 34.4221243476 31.5762385856 31.9892980304 32.3802679309 33.4679339991 32.466188246 31.6759112482 33.1350408851 34.7896669955 33.6118369627 33.9937108296 33.7238856036 32.675595912 33.9635586877 32.5236465898 32.7513342988 33.1293166916 34.0111894119 32.1347675091 33.1070308448 32.1849124198 32.9173221008 31.910316363 32.8318284126 34.2865187278 32.630451022
33.3598868497 31.6969964504 32.023290366 34.7419777437 33.8612030512 32.2702064956 33.5354129618 33.3552864134 33.9178906022 32.279941627 32.600601427 32.6164872334 33.5686212186 34.1848828991 31.6698323682 32.5189522908 33.2010622367 33.9950425128 32.8822218554 32.7046541024 32.3789239604 33.6130999657 33.1638544327 31.9517534694 34.3172300932 31.9828164138 34.8512084888 33.893431013 34.2106916266 32.6300260828 32.0697664165 34.8068374781 33.3792825992 32.1225786343 33.1433574793 34.8529651507 32.568980728 32.1692922538 33.2357100737 34.5376251726 32.6053350529 33.6333565045 34.772478514 31.9189392549 31.5474995293 32.8780354303 34.7571563829 33.3822102595 32.490875996 31.7685013769 32.5243325691 32.536363555 31.9767438392 34.0379473658 32.4171839981 53.4760801287 52.9982980201
35.0055681202 31.9557196778 34.4551459173 33.2617988312 33.0813353786 34.9795561241 33.8364885266 33.7650210516 34.6880000691 33.1883737056 34.724771294 34.9489623619 33.7046218029 32.5506888812 31.9797280511 31.8184536484 32.2111605346 32.229810721 33.2578472232 33.0323049319 33.4368726624 33.1714855859 34.8729809099 34.3387517466 33.8610704728 32.1842450286 34.1616263162 33.6774258383 32.1390357845 32.5686098518 34.7494750753 33.5142481507 32.7417042746 34.000308294 33.2646733674 34.6668661367 32.3739699329 32.4136992904 32.4207993708 31.8378154818 33.1015951576 32.1499519578 33.0683384534 33.9316324159 32.3426813949 33.3937194065 34.1765559364 34.2750144155 31.746091866 33.7874538209 33.2731364512 34.0732441917 32.8070888323 33.4099696082 33.9257835096 62.0422869486 51.9559244814
33.9813154001 33.4264434574 33.0105299867 32.2944242935 31.5784490357 33.760502403 34.7853306676 34.183595728 32.3869231793 32.0296659307 33.1713696732 33.5989790628 34.7298188158 31.594333846 32.7246438845 32.5154413928 34.1063004349 33.8419184996 33.2541938306 33.4885401444 33.7032284368 33.4050308625 31.5680622847 34.6914300589 35.0042865533 33.1978499856 34.6459638772 31.6266210259 31.5201124371 31.8916032775 34.0935257606 33.7683448463 33.7460423695 34.2857572922 32.7261993353 34.0589970837 32.1493652257 32.7086048792 34.2348095177 34.3478163138 31.9128767714 34.1583581247 33.3866363869 34.1902518251 33.7599201165 32.4675676735 33.9824282454 34.4363732068 33.6485318471 34.90883977 32.639268805 34.8004723044 34.7825093862 34.7217940667 32.1223640208 58.0037237363 63.9832785116
33.1292801468 32.8243784134 33.148451708 34.607856271 32.898688222 32.5258285274 35.0052948626 31.6306513813 31.7664054661 32.262309414 32.5322799359 32.399025017 33.9964324627 33.4636041729 34.0899474648 32.7378148368 31.6472918587 34.3695258637 33.8317774311 34.1149776996 34.1255280543 32.4338255848 34.9774083457 33.9773649512 32.514643289 33.3379929312 34.8020683714 32.0631643175 34.7528486339 34.6704706627 31.5351265346 34.8874051103 34.1633066442 31.703293098 32.0240446611 33.1790440656 34.1666188712 34.1855061397 32.0469627221 32.8660471602 34.8963398974 34.1994519679 34.4492912969 34.3094852266 31.5165919927 34.3600090134 32.6320758337 33.499225715 31.6978790072 33.3081050593 34.7666659863 34.3370590772 33.726537293 34.7495950049 33.6816659315 33.2425272231 31.7213764752
