Spatial_Output/DEC/DEC_0532.asc
NCOLS 155
NROWS 192
XLLCORNER 196307.867259
YLLCORNER 449144.565805
CELLSIZE 33.573938
NODATA_VALUE NaN
[rows 78 to 103 of 192, columns 0 to 56 of 155]
0 0 0 0 0 0 0 0 0 0 0 0 0 28.2793970571 28.3514289781 27.2755529043 27.3441249176 27.5407973577 27.2903619479 27.4472920648 27.2634150442 27.3228247711 28.3723194913 27.382950258 27.058339297 27.3459789204 27.4530055118 27.8208345933 27.2464004071 27.3255166153 27.5097752197 27.9622512961 27.5919557216 27.2422077185 28.1199660046 27.9073262749 27.247979013 28.380282612 27.6017921502 27.2092083646 28.2576661032 27.4731499013 27.1344165003 28.357522911 28.3534196393 27.4834792345 28.3133215847 27.8159957446 27.7686979208 27.8277679179 27.2707678222 28.2388442304 28.0847543583 27.9162424149 27.5209875129 27.6150708003 27.1211035577
0 0 0 0 0 0 0 0 0 0 0 0 0 27.9727714911 27.2516291633 27.2951182217 27.9671864371 27.4797342059 28.2676578278 27.4318948539 28.2062588473 28.1040074406 28.0432170132 28.334920918 27.8668369039 28.2576317545 27.6706783992 27.6073965072 27.7600093407 28.0596465311 27.9378982337 27.1511875302 27.234203856 28.1022384115 27.0830478832 27.3908039504 27.3923868119 28.2027612142 27.6509093827 27.5005894295 27.3473202497 28.3377140342 27.5004340614 28.3377134018 27.8470523776 27.4986004007 27.873756426 27.9523863444 28.2046989348 27.616653845 27.5758434147 27.5774557824 27.191935427 27.8924920239 27.5014881284 27.9704663377 28.0302385657
0 0 0 0 0 0 0 0 0 0 0 0 0 27.2204664324 27.6156137215 28.2509783655 27.0980797697 27.9987268576 27.667601128 28.0984170495 27.4429594207 27.1243313719 27.4587207062 27.6345792278 28.0498797619 28.3651922895 28.1830114824 27.8854067759 28.0405003966 27.032943298 27.1762099145 27.3272141412 27.1575357458 27.8552730186 28.2346312669 28.062520917 28.3807741217 27.7633007347 27.3890159238 27.5810034126 28.0267684998 27.9120532134 27.3023504061 27.4176270426 27.3259051856 27.9596108134 27.2243779484 27.9022341308 27.0926079216 27.9686041565 27.9547234559 27.5874345389 27.0419136411 27.2045707656 28.3416821166 27.943592836 27.9627809319
0 0 0 0 0 0 0 0 0 0 0 0 0 0 27.4952079994 27.6164140188 27.4878891377 28.3280674987 27.8236542184 27.1263562124 27.9008782508 27.66745736 27.7405337477 28.2141261027 27.8022920745 27.9698291646 27.6133848662 27.4211555364 27.2077892012 27.4672809047 27.3269461906 27.2859861169 27.032127816 27.1902098877 27.821610407 27.4447207285 28.2764712172 27.0387705169 28.2500130572 27.6341850963 28.3139579919 27.7285367455 28.0626706878 27.9197203037 27.5788038972 27.2821271355 28.1083828888 27.0761889302 27.8984041865 27.9033534906 27.2748650811 27.8057940708 28.1789322966 27.8784286983 27.385241418 28.2036207969 27.3844465157
0 0 0 0 0 0 0 0 0 0 0 0 0 0 28.0932240343 27.6437228991 28.2685180053 27.9900442377 27.1621454678 28.1636181685 27.727117413 27.9432593336 28.2185879831 28.0232079995 27.621526755 27.3855778024 27.4463765118 27.698448686 27.2480553255 27.1134415729 28.1469376523 27.8764601006 27.9770531934 27.6761596226 27.1539079805 27.2634176931 27.9856994878 27.4248128076 28.1523197769 28.3723032239 27.1760568836 27.1901223681 27.127531448 27.1976473787 28.3066801175 27.7956846811 27.6668475123 27.7967203859 27.4263936077 28.1564586911 27.1358160471 27.319419365 27.3849608635 27.5190495619 27.0123307555 27.1457930488 27.2635131249
0 0 0 0 0 0 0 0 0 0 0 0 0 0 27.4449477195 27.010027572 28.14199713 27.0942315686 27.6009172777 27.8890404065 27.2455738879 27.7185374636 27.5994120697 27.2043896272 27.4155310447 27.6751669173 27.9206667606 28.2166485375 27.7560619606 27.7500998976 28.2098430128 27.1355847021 27.8366254597 28.2653048847 27.5357340306 27.4920674904 27.0498561505 27.8811366924 27.4202155842 27.0997575295 27.7336333805 28.2860834952 27.7818793992 28.2183551238 28.0169475519 28.2518349852 27.5349859161 27.5573623848 27.4167713511 27.5340705378 27.1356648867 27.337211857 28.0369453743 27.2305633907 27.6892760658 27.0978817904 27.4418867961
0 0 0 0 0 0 0 0 0 0 0 0 0 0 27.1462678914 27.6251965423 27.0102357858 28.0647274558 27.8007096924 27.6565797471 27.7747792028 27.639464555 27.774554446 28.0457140823 28.0333832395 27.2333406231 28.2105043103 27.9097409819 27.5685696025 27.6802846972 27.6238129172 27.5136125278 27.2235978651 28.1548351594 27.8240387662 28.2890097939 27.185707769 27.8491968087 27.0444976068 27.2303690083 27.2452149867 27.0206868249 27.1378256882 27.5753268475 28.214842456 27.7681726477 27.4590874152 28.3703428749 27.5431740167 28.4042691896 27.0239712906 27.8644827352 27.1962886152 27.5528869769 27.9585161439 27.4020325145 27.3916347458
0 0 0 0 0 0 0 0 0 0 0 0 0 0 27.7580748742 28.3316012048 27.8667436048 27.4339605362 28.2448811642 27.546093503 28.1095108756 27.5230370483 27.1752553201 27.5753373744 27.1800838534 27.2904103615 27.7368792355 28.3973495358 27.5118651074 28.0038818895 27.1623201909 28.2694280505 27.6611050737 28.3642912369 28.0121417642 27.2951972343 27.7684159824 27.6380522709 28.3334679269 27.182869726 28.0396494743 27.2537733088 27.0751135222 28.3767395212 28.2955086826 28.3627949241 28.1937380376 27.2903665648 27.2504894531 28.2519574662 27.8564498104 27.0286479179 27.7155428515 27.0040605205 28.3088376228 27.1452137519 27.1826617092
0 0 0 0 0 0 0 0 0 0 0 0 0 0 27.1829717127 28.3480070052 27.542557976 27.9380402259 27.3845738406 27.8589319369 27.3020443384 28.2441526817 28.0655565668 28.2940982756 28.0578877883 28.1252124343 28.1545728503 27.0123134545 27.3597160821 27.2249952583 27.5184020418 27.0573855723 27.4608812705 27.9560147031 27.8793434385 28.1910280129 27.3482171232 27.4439011422 28.23060808 27.9280801848 28.2269491923 27.1172389202 27.1647701624 27.1219544159 27.5237776498 27.197806063 27.0454675868 27.073647125 28.1446503689 27.3898428196 27.5814432606 27.7768150846 27.8960739226 27.6338183088 27.2157695593 27.129871514 28.3820798288
0 0 0 0 0 0 0 0 0 0 0 0 0 0 0 27.3174384589 27.5598228402 27.9173860512 28.1530912261 27.7113594779 27.9020916631 27.1615077901 27.7382631841 27.330572007 27.4005963554 27.5513279955 27.5206992919 27.3353823329 27.7421559758 27.0580272143 28.1175955064 27.1975546665 27.7450669071 27.8107790364 27.7227760077 27.7296545561 27.9177980688 28.4056002288 27.2980051365 27.2551776009 27.5243842559 28.2126189249 28.3118019558 27.6159322156 28.3325975978 27.9769422226 28.136870483 28.2617687443 27.4552499053 27.0307963533 27.371987101 27.7138096267 27.6331745629 27.6481548069 27.1130832346 28.1716012571 27.4902881798
0 0 0 0 0 0 0 0 0 0 0 0 0 0 0 0 28.2725888708 27.3404269374 27.4335630933 27.7864502879 27.4267041229 28.0540641986 27.6886094608 27.3154266173 27.7122729441 27.0786009708 27.0954829393 27.2640261814 27.0264829616 27.6046874577 28.35129613 27.2028527205 27.2311062737 27.1544608687 27.3956894878 27.1464978484 27.7639195696 27.1297024371 27.188263443 27.1315580558 27.8903712777 28.3456357023 27.2712138071 27.251010649 28.3772312628 28.2993406908 27.9600519886 28.0236604044 28.2875482977 27.0686525781 27.3569404153 27.2903669926 27.187086717 27.9959893834 27.7454102961 27.875833316 27.8229617849
0 0 0 0 0 0 0 0 0 0 0 0 0 0 0 69.7571762143 69.7571762143 28.3370224832 28.042358227 27.0504596494 27.5080283516 27.5771268073 27.3239076219 27.9376430568 27.3200955031 27.8495738047 27.9463829094 27.4076316655 27.2224618412 27.2478969465 28.3657759431 27.895092678 27.6879251993 27.6760210073 28.3861692142 27.6592491635 28.2528877575 28.2397814312 27.442667712 28.2501691354 27.2236012359 27.5575891657 28.2320507385 28.1775272222 28.0383300518 27.5418267492 27.9983599009 27.3605662068 27.4772158794 27.1983800913 28.102946002 27.110760976 27.8931007097 27.1809567116 27.0787930291 27.4838212574 27.9856021733
0 0 0 0 0 0 0 0 0 0 0 0 0 0 71.1128159093 71.1128159093 69.7571762143 0 27.8723839784 27.8682528232 27.4229270619 27.4373894509 27.2733500856 28.0628512375 27.352500464 28.1752592533 28.1564965734 27.2774527875 27.7967196096 28.3972816022 27.2520039315 28.1476035592 28.0183376199 27.4408741165 27.9024456862 28.3067693816 28.1096179086 27.4357154653 27.2121672206 28.1961075397 27.9950373099 27.6671460468 28.0913670381 27.8420663634 27.9353045107 27.7691902212 28.3869348238 27.1824235683 27.2067975895 27.0460713298 28.0574033096 28.001061302 27.5909129581 27.0519519153 28.3334826963 27.2294434896 27.7599294445
0 0 0 0 0 0 0 0 0 0 0 0 0 0 71.1128159093 71.1128159093 0 0 0 27.6906859904 28.2234498957 27.6971043018 27.260092531 27.1973711508 27.3459682442 28.0189031197 28.344697109 27.8790495943 28.2621178552 28.0679269758 28.3131900042 28.4113134878 27.5849214309 27.4549808266 28.0973926453 28.2471216134 28.3188299634 28.0964424761 27.1609062056 27.3665462442 27.0571003046 27.6148098599 28.3421636862 27.2821860623 27.3591697074 27.9801006775 27.6406975173 27.5116197223 27.1356705162 28.0745121296 28.2955513968 27.8827552247 28.0308424789 27.4414431251 27.6868994572 27.7959278956 28.0498139452
0 0 0 0 0 0 0 0 0 0 0 0 0 0 0 0 0 0 0 27.7786066362 27.6938406767 27.4514063164 27.8256418909 27.7343925694 28.0885370484 28.0354968887 28.2323651666 28.3479673347 27.1045195639 28.0731559964 28.0351363845 28.3111495767 27.841477661 28.3641093253 27.441286082 27.3241306691 28.3741277884 27.3347479166 27.6537098987 27.0508665147 28.3169813728 27.4459357709 27.0132467242 27.8288261856 27.5744398424 27.3965904984 28.3526312525 28.3627434868 27.7780721534 27.0540473803 27.8074174787 28.0930293984 27.543594612 27.0735745737 27.0604170458 27.9547113587 28.3943345291
0 0 0 0 0 0 0 0 0 0 0 0 0 0 0 0 0 0 0 0 27.840838265 28.2591434557 28.0878344997 27.3140180527 27.1211145966 27.9527528914 27.4457333784 27.3565194269 28.2527654655 27.6659535671 27.0626824728 27.2184888585 27.2600857014 27.5636647469 27.5417493197 27.8227663079 27.0528712136 28.098214054 27.2675519479 27.3222230601 27.9894896499 27.4774560959 27.5528446571 27.8455925563 27.3589206841 27.1438938603 27.5533059538 28.3145016497 28.1653411492 27.4044032625 27.1655167296 27.5985141749 28.3190458444 27.5845804883 27.1204490657 28.2250596702 27.5160856924
0 0 0 0 0 0 0 0 0 0 0 0 0 0 0 0 0 0 0 0 0 0 27.2221688391 27.0992028237 27.3696956473 27.3500754641 27.7901354846 28.1418225389 27.280545751 27.3004258081 27.7136017602 27.7484725559 27.4474805501 28.3311722635 27.9962775143 28.2181186679 28.3226393946 27.9235587974 27.0339313985 27.4501561108 27.0037437239 27.941183214 27.4346423917 28.0788258613 28.2594533511 27.1355003211 27.0198095812 27.079946935 27.5101223858 27.2382902683 28.0215788468 27.9426778326 27.1253100062 27.1188458941 27.5807432599 27.2035080559 27.4835633439
0 0 0 0 0 0 0 0 0 0 0 0 0 0 0 0 0 0 0 0 0 0 27.6438543952 28.2917079191 28.0007461093 28.2709752903 28.1696523212 27.8839165546 27.0281826516 27.1928992506 27.3414949722 27.7373821374 27.069977252 27.9339954963 28.3069362531 27.8908134154 27.5917191712 27.2240034907 27.4046861788 28.2277460519 27.7226263518 27.9801826013 27.44315055 28.2284180755 28.2120024997 28.3236703892 27.8250510779 27.1730631324 28.046411596 27.6236731131 27.8019547046 27.3562239889 28.1776990169 27.7799317217 27.3839250601 27.6212504474 27.4350682769
0 0 0 0 0 0 0 0 0 0 0 0 0 0 0 0 0 0 0 0 0 27.589054734 27.498346876 27.5893211171 27.5710657023 27.1206246226 28.2212248369 27.3956714862 28.3678057336 27.8866073866 27.6906889921 27.4742406976 28.3655997401 28.2574484812 27.2274844311 27.9408555161 28.1133534286 27.1241821206 27.4935851774 28.0837365812 28.1879124821 27.4375588555 27.4787127808 27.7600740714 27.69657524 28.4101332971 28.1347103644 27.770757408 28.0704788816 27.9722864834 28.3971673122 28.4127630603 28.2478557445 27.4635725091 27.9766445564 27.6909851009 27.0164174921
0 0 0 0 0 0 0 0 0 0 0 0 0 0 0 0 0 0 0 0 27.8089339691 28.0869172981 28.0916169588 27.7242496929 28.1016436916 27.0937586939 28.1750164337 28.1648877002 27.8230241925 27.7140080033 27.7849809676 28.2742870287 27.7532216851 27.6932871685 28.1761569449 27.2194503029 27.511433116 27.6116660082 27.9815953066 27.5427427404 27.9378034215 27.8035543743 27.062053857 28.395272965 27.0218498424 27.6079585733 27.0274961032 27.7369762162 27.494484572 27.3037308593 27.170791623 28.3992633433 27.0651092257 27.7608790035 27.6938874271 27.7148455029 28.0102826126
0 0 0 0 0 0 0 0 0 0 0 0 0 0 0 0 0 0 0 28.4039556096 27.5910811257 28.1662604867 27.786455803 27.6784819717 27.6496340917 28.3647744471 28.3447072409 27.0557259186 28.1713056959 27.3691944545 27.6069662524 27.1992463792 27.6606626995 27.3541067282 28.3493666998 28.2830038563 27.2652975556 27.6472379341 27.5261009797 28.2362569847 27.7796051588 27.5652478809 28.2900873852 27.9496744254 27.4197874976 27.5253567549 27.4075363615 27.2956319891 27.5279480968 28.3591556949 27.5513469605 27.8578210307 27.2681049718 28.213744096 27.3173895898 27.9854502234 27.4679430762
0 0 0 0 0 0 0 0 0 0 0 0 0 0 0 0 0 0 0 0 28.3341995787 27.6678599853 27.6466294423 27.8004766653 28.3220327351 27.7880652327 27.5712224268 28.3664604602 27.1170834648 27.0264416442 27.7025293395 27.6173175848 28.0445422623 28.2760307759 27.1174886361 27.135796258 27.6319639018 28.3298576357 27.3823067535 28.1730910115 28.2920948746 27.2083283928 27.3788576685 27.2860558722 27.0050953913 27.7825093101 27.4676167587 28.2036547103 27.8705327044 28.2770887427 28.0787419633 27.1597933444 28.4068796475 27.2548216173 27.8971653621 27.8446871387 28.3603408375
0 0 0 0 0 0 0 0 0 0 0 0 0 0 0 0 0 0 0 0 0 27.2720647463 27.6364804421 27.0217616061 27.5212044668 28.3637564291 27.6095205729 28.2423426046 27.8397952314 27.7153793145 27.9509375257 28.0840980231 27.23602012 27.7436666985 27.1271461358 27.7472570445 27.7399190073 27.1379752585 27.5130741786 27.6055249236 27.7514728369 27.3587028217 28.3121278768 27.121062753 27.20675893 27.4408825666 27.6205878987 28.0723446301 27.9470406999 27.8333085443 27.6892833552 27.2518076646 27.0226529488 27.3719559274 27.67726265 27.9536398358 27.2038837685
0 0 0 0 0 0 0 0 0 0 0 0 0 0 0 0 0 0 0 0 0 0 0 27.0932886094 28.0911092868 27.1217433781 27.840808834 28.0465288142 27.6368043026 27.5753958703 27.3989549212 28.2042185634 27.3251264058 27.1468907748 27.0977126785 27.3905486028 27.83264345 27.9845418867 28.1986606951 27.3144671513 28.400803231 27.0096831683 28.1043458139 28.1802590043 28.217968973 27.4448541124 28.0744987914 28.325333526 28.1774144267 27.0164012522 27.7897752227 28.2678140902 28.2259406502 27.9460556949 28.1855122633 27.624495628 27.1156285972
0 0 0 0 0 0 0 0 0 0 0 0 0 0 0 0 0 0 0 0 0 0 0 0 0 27.9197884805 27.2432545894 27.9134331123 27.8620046558 27.2790751264 28.0624485963 27.9473980636 27.9694714501 27.957775458 27.567461017 27.0618710988 27.7684704831 27.1741987573 28.2590365183 27.6241833927 28.0878375616 27.3704811332 27.7202089299 27.0170626421 28.1607963257 28.286476642 27.3714932539 27.3763629142 27.8482874944 27.8053221966 28.232102977 27.5440638632 27.5331889856 27.9868105999 27.2356054167 27.9519930594 27.8180055176
0 0 0 0 0 0 0 0 0 0 0 0 0 0 0 0 0 0 0 0 0 0 0 0 0 0 27.6408586448 27.8450573644 27.9472266233 27.5061614218 27.6649030094 27.2627808827 27.7657688593 28.3513161611 28.0609334181 27.0704261608 27.9553773996 27.3115426879 27.0134148954 27.2278972196 27.2791658727 27.8536234966 28.1792146432 27.7034366209 27.937682652 27.2037758852 27.8319525806 27.0762261201 27.7109212578 27.6784809424 27.6104659678 27.7401598441 27.4960233743 27.9332914679 27.2469750083 28.3470763191 27.6158436549
