Spatial_Output/DEC/DEC_0519.asc
NCOLS 155
NROWS 192
XLLCORNER 196307.867259
YLLCORNER 449144.565805
CELLSIZE 33.573938
NODATA_VALUE NaN
[rows 52 to 77 of 192, columns 0 to 56 of 155]
28.1540985353 27.2628878453 28.1902320603 27.3179906463 28.1457634761 27.8019011552 28.3960886587 27.9883910539 27.9280387747 27.8227928327 27.5955708805 27.0400348233 27.5892256917 27.9870764718 27.0712107689 27.298718436 27.3710331597 27.468567357 27.7872371238 27.8294790272 27.3888948163 27.4220523051 27.9324565504 27.4348629294 27.2554887496 27.2326475081 27.5354290306 27.8091026943 27.5495243612 28.084034595 28.2896479168 27.353106489 27.7248618084 27.995078832 27.8797725834 27.3668208381 28.1868205138 27.4714152549 27.915876115 28.3486486676 27.1286480535 28.0360221117 27.1021776581 27.4014406691 28.3153512595 27.0520872225 28.1717431172 28.3391121148 28.1969472816 28.0049312396 27.0716478916 27.1636397218 28.3258741289 28.2702490576 27.3425543208 27.436922851 27.467932296
27.7955159019 27.151640973 27.1964573311 27.4697466382 27.8901899554 27.276942926 27.3148105401 27.4624609875 27.0276886869 28.1043233955 27.4524115252 27.2898813812 27.4962253799 28.1381784827 27.0326305772 27.195066351 27.3913294363 27.9931746534 28.0364790262 27.4439979198 27.7606424275 28.0376631962 27.3418648123 28.2030110286 27.4729327129 27.5482013683 27.749694171 27.9493626535 27.5383757147 27.7436691296 28.2075372137 27.0781746506 27.6584766205 28.3378326623 28.1967014246 27.2885404566 28.1079196624 27.3724605349 28.3929667419 27.5727301447 28.3091075022 27.0138072093 28.2099590257 27.6772726865 28.0969627996 27.380279275 28.1307574435 27.6077004075 27.0389382169 27.8502811902 27.551869621 28.1563321284 27.3916220391 27.6237256607 28.0153750395 27.9424681313 28.2173019633
27.5436843649 27.7799136709 27.1412073679 27.7275449218 27.579593917 28.1553760102 27.996537802 27.0522650529 27.7359651051 28.2004494128 28.3257363728 28.3846101057 27.8020679065 27.5493353457 27.1062829258 27.2364500429 27.4835240544 27.8173466871 27.7110914593 27.7796494546 28.1358638136 28.2387674996 28.3764794834 27.3188076394 27.8313059438 27.9257855456 27.3088732341 27.9504013673 27.4415213353 28.1619962434 27.3706020922 27.9407492499 27.0469505611 27.9416786815 27.8392937337 27.1150353508 27.840626215 27.6576601121 28.075442598 27.9548230727 27.8657328821 27.6219149951 27.4656057664 28.0059664713 28.0887086542 28.3221538435 28.2106989002 27.9866194285 27.9262397817 27.346886155 27.0302792823 27.1042624206 28.2989962474 27.9923979118 27.4495006716 27.0998489015 27.5391204294
0 27.3254497106 27.9447560971 28.1421157057 28.238952381 27.7286879725 27.9941338042 27.0440643854 28.2500497549 28.398347712 28.1718210526 27.829773891 28.169745302 27.6811543879 28.1831899849 28.329855372 28.0625403281 27.0617656032 27.2616559402 27.8932776517 27.9928223138 28.2436709146 27.4583765083 27.3893361726 27.5572798903 28.0084453166 27.1058406882 27.2558479337 27.4266479342 27.6769527402 27.1433711099 28.3018158446 27.6049626065 28.2400875601 27.4139695358 27.0915792753 28.2980137796 27.5143552411 27.5824076812 27.3978583356 27.8620660855 27.6692122774 28.3973635979 27.3968114302 27.8943535918 27.9813463944 27.5262155826 27.516961311 28.0296572022 27.8959782866 27.1192433599 28.0132454696 27.6319426225 28.1745533028 27.7446050071 27.2756903369 27.2722362178
0 0 27.3434917781 27.9538975435 27.9517871376 27.9633654655 27.682393958 27.3963258543 28.1395131466 27.7505175625 27.361334839 27.882503565 27.7101493325 28.1940766623 27.9897869127 27.4749082673 27.680934603 27.77568381 27.0469500522 27.6946472387 27.7561982882 27.1342404443 27.0124045789 28.3744692876 27.3480606135 27.8695416627 27.257020384 28.1999643354 28.0330635143 27.2329824669 27.1272876587 27.7070376327 27.4950656 28.159322523 27.1305132865 28.1075359258 27.2656360271 27.5634749297 27.1672178281 27.2628526001 27.4692978728 28.0898551988 28.3429879628 27.9111004898 28.2890696347 28.216080521 27.5160301346 27.8229320797 28.2240948538 28.3060483737 27.2090024514 28.3643094758 27.5879331556 27.4441201265 27.4650430511 27.9643776113 27.5222274182
0 0 0 27.270084081 27.9225057839 27.7803517407 28.2563874365 28.2579536545 27.1081969825 27.4980512652 27.9636161009 28.1143550366 28.2282606762 27.4794539106 27.7268693501 27.7711821065 27.5532598312 27.8263732442 28.3687962612 27.5645430949 28.3604894749 27.7424424881 27.8531709866 27.1764121677 27.7399445675 28.282723432 27.4524290603 27.6096203747 28.0231528605 27.3232418388 27.7279140375 27.6449225546 27.572939286 28.2984986778 27.9656404592 28.0290320613 27.9052043775 27.3334828042 27.6695072924 27.8922122354 27.034059781 27.2137656747 27.4129336102 28.1119937738 27.3692249704 28.0554831342 27.3777823817 28.1602528504 27.1171839307 27.2982382191 28.164043249 28.3195308166 27.6314974359 27.1763531592 27.0517241327 27.4706899439 27.2502336364
0 0 0 0 27.9693086594 27.7790606711 28.1882390807 27.3491621228 28.3347256278 27.2020478383 28.2796470707 27.1534165629 28.1477775142 27.2818825226 27.6633938307 27.8204380245 27.6263565631 28.1572308769 28.0291392768 27.8953072387 27.3783548355 27.3206868174 28.3859288146 27.1317102291 27.2551405823 27.869919061 28.0787782839 28.2923211675 27.0658009447 27.1662868234 28.1978228745 27.682494689 27.0895388494 28.4141172396 28.2501042993 27.7398257646 28.2137387417 27.5252740226 27.0305110657 27.5962189142 28.2011452229 27.5458362898 27.9438109937 27.7122692457 27.019344432 27.025731962 27.4927480766 27.1248364519 27.7559644163 27.556191849 28.0791774528 27.9076144978 27.3386046843 27.1699003464 27.1027600963 27.2065692795 28.0337441787
0 0 0 0 27.691225886 27.4729188706 27.2493235191 27.3487997548 27.2300232623 28.3926522313 28.0121395535 28.1991799662 28.2854390341 28.0081756935 27.2080177014 27.7100204541 27.2195226497 27.9091953543 27.1573001686 27.9006238894 27.1721290575 27.3015122865 27.5182575054 27.5236768496 27.9625458804 27.8028891901 27.1604941705 27.9150255614 27.5132875388 27.6357333271 27.4573463099 28.4134855744 28.2479180481 27.9719714585 27.8939784002 28.028858882 28.2804916697 28.3517063868 27.9348490601 27.2212920312 28.1668685202 27.3075694461 27.1531780419 27.2087370901 28.2258500306 27.5074233279 27.4536083164 27.045995321 28.1156174574 27.480949171 27.7321741473 27.1183739991 27.511597654 27.4993544727 27.8559884847 28.2358093639 27.562845874
0 0 0 0 0 27.2612360314 28.2491271634 27.0127934902 28.2022413812 28.3066842751 27.6238217085 28.4086461239 27.0852103117 27.3385853034 27.3345160661 28.0340870263 27.1898448495 27.0476925803 28.2756019118 27.8088691251 27.8590650477 28.1147576969 27.5152705549 27.9182055789 27.3078957664 28.3411314238 27.7145993496 28.1579883492 27.539607958 28.0140169998 27.6777195284 27.2145582442 27.3574695014 27.8672653008 28.3230448351 27.1358413098 27.3001118656 27.6129253246 27.5396964931 27.9938168147 28.1761573091 27.6087374398 27.584479655 27.3216450614 27.8130576882 27.0047662907 27.4300683866 27.9783693547 27.2933972039 27.8821788156 27.7135328902 27.1529454744 27.5419744156 27.0815622216 27.0806108371 27.8130103496 27.9898825941
0 0 0 0 0 28.0591449284 27.2521013683 27.3446683136 27.4311712474 27.9372824297 27.6693849902 28.0529704325 27.6327744288 28.2175717366 28.0982782397 27.4183512672 27.0328347952 27.9149449767 28.0806135164 27.280030173 28.3741701691 27.3500994968 27.993424812 27.2682842797 28.2504080617 27.9179252284 27.2343660066 27.405403627 28.3458977155 27.245217561 28.0871141702 28.1837171507 27.7161807693 28.2901374866 28.0282739322 27.8705571107 27.9511806906 27.9351604188 27.9265746161 27.3872741056 28.4057590079 28.3146567169 27.0253577119 28.0770470395 27.6179265781 27.9857701553 28.2305060747 27.2722327441 27.5578956168 27.1753896636 28.1764232567 27.7078697727 27.5866526215 27.7590115353 27.7040503231 27.3375396579 27.5052533303
0 0 0 0 0 27.5222951985 28.1593958735 28.2328361419 28.2059161686 28.388211412 28.2576303928 27.6840687721 27.1182113038 28.2401527702 28.2314740505 27.8715812664 27.5153127753 27.0122682586 27.0644927249 27.8114840085 27.5252640621 27.8043061524 27.5038709326 27.3789481288 27.6396041309 27.2738342252 27.9959305956 27.7752915195 27.0562170564 27.8816005604 27.6834583462 27.0952976239 28.2766667319 27.6222614335 27.4793593718 27.5318445513 28.0467979089 27.9587528959 27.4357067412 27.4285812237 28.0597446204 27.8592603743 27.9931773936 27.6610555621 27.7614166096 27.3367367026 27.6026210312 27.4760254134 27.871156655 27.9033341747 27.1208175568 27.0540500173 27.5923594653 28.2274801675 27.5777262686 27.0386495869 27.3124373979
0 0 0 0 0 0 27.4136523468 27.2270662717 27.1206070126 27.4795400683 27.9920311224 27.4126847896 27.3090303085 27.2612327205 27.6271288459 27.7064214704 28.1602806182 27.2484855705 27.5360472773 27.8021360062 28.2313252825 28.1378208101 28.0769326671 27.865527761 27.8819250105 27.6848825481 27.3439013657 28.1852716606 28.1029152237 27.478010998 28.1227396418 27.3642817767 28.1997569105 27.6469260783 27.2842095946 27.1032804075 27.2529977097 28.1812211769 27.3895427811 27.0799134298 27.9737018344 27.8634147285 28.2264730251 27.076714362 27.1420854732 27.6617272816 27.5104226185 27.7173016004 28.1840667808 27.2970221331 27.2285824709 28.286200698 27.6316373808 27.8352052211 27.8245296035 27.5501738971 27.7153684013
0 0 0 0 0 0 0 28.2174617462 27.8391283717 27.332826226 28.0823532409 27.1085558023 27.2148324703 28.0569210334 27.0963076399 27.3414554091 27.6718348985 27.8115634222 27.6080374504 28.2708798244 27.3707040919 28.0110240572 27.4753254594 27.3329025752 28.2492359912 27.4298396971 27.9304161274 27.8918460988 28.1179091705 27.7827068727 27.8913976014 27.7816670965 27.3966840314 27.4491329211 27.9067799629 27.0361228825 28.152346507 27.1463913947 27.252658212 27.5048844848 27.5845945452 27.414299045 27.6717953724 27.5587264152 27.0685677964 27.9067324821 27.8109814812 28.1624204417 27.4924975112 27.6547450098 27.9288238945 27.9733948486 28.0861066181 27.2013519796 27.8159715248 27.2016802989 28.1881807287
0 0 0 0 0 0 0 0 27.2169261863 28.3176122701 28.2401255019 27.1967755933 28.0998701736 27.5321809056 28.2238690087 27.4578134395 28.1842228307 27.438831484 27.7399641695 27.1472982726 27.6975647055 27.4103174415 28.2393585617 27.3514172253 27.0797322649 27.017719369 27.8401069908 27.1392189825 27.0597929632 28.1076565717 28.2245073989 27.3352853941 27.4560535807 28.4070875692 28.202700617 27.3235090322 27.5210181932 27.2051051733 28.1558230223 27.6224974753 27.0364015416 27.5759348375 27.6263749303 27.9177497952 28.2036832515 28.0783521636 27.8182782293 27.496318476 27.7218955567 27.6060816066 28.027117648 27.8687631239 27.404855359 27.1958279572 27.4343136587 27.303082667 27.8898230647
0 0 0 0 0 0 0 0 0 0 28.1867120984 28.3686555667 28.1047348992 27.9270481504 27.3599221505 28.2148244416 27.360901667 27.4884879691 27.1052749306 28.3296225184 27.4466335397 27.4476262608 27.6268249564 27.4883264701 27.9270322409 27.5396010074 27.9144943715 27.0834368433 27.0857191955 27.4497627672 28.0214176818 27.6376991985 27.201830985 28.1873597611 27.2439036247 27.7139514449 27.9587809813 27.6449339498 27.54184006 27.463208524 27.398673743 27.6971463734 27.4353493317 27.4246171948 27.3775416515 27.2121625664 28.0246161623 27.1586646349 27.5469237749 27.3778158198 27.1131017893 28.1456200692 27.6737552144 28.0124229769 27.8516870987 27.5584608075 27.2813136529
0 0 0 0 0 0 0 0 0 0 0 27.4252594616 27.2856696391 27.7116421906 27.4597802278 27.1597887272 27.4170044282 27.0670240664 27.9367144155 27.0240369708 27.8347090529 27.9557230704 27.1352590492 28.4131759212 27.30037775 28.2553845436 27.487615927 27.9216754274 27.7557240586 27.5320662227 27.4365353634 27.4259172304 28.2719879661 27.4302965333 27.7768739499 27.5169265588 28.0739572689 28.389194615 27.2560476893 27.8422596252 27.3915635712 27.2386780824 27.4917259953 27.6337267067 27.9972364627 27.1402481247 27.3911557684 27.7018920799 27.8388485777 28.0439762995 27.1758341826 27.1398078546 27.1503403283 27.9607434857 27.2887544702 27.5636023986 27.1986247772
0 0 0 0 0 0 0 0 0 27.5081376211 27.2536150304 28.1249250261 28.144734947 27.9632171693 27.194894989 27.9426534392 28.3539215476 27.1938273138 27.8497489048 28.0692027278 28.2876102957 27.3515348133 27.8049490443 27.952322138 27.6222044183 27.2341068188 28.0933387258 28.1717373928 28.1980168751 28.2923944345 27.2412115168 28.4019634601 27.7515901449 27.5902026268 28.2854770208 28.0140489515 27.426787873 27.2849054349 27.5323686979 28.207955764 27.9709413044 27.8108803425 27.8829754683 27.5185956085 27.1085449022 27.9227567134 27.5623192943 27.1592953088 28.0960714386 27.7280787667 28.2386845991 28.0511701286 27.7577173882 27.5445395726 27.268055485 27.8086395063 27.5512899166
0 0 0 0 0 0 0 0 0 27.1959547265 27.9953120984 27.1659783441 28.3042324067 27.261462165 27.2274262552 27.2953528727 27.3900488641 27.3677706219 27.0420426633 27.2722405193 27.455504376 28.1627605644 27.5923212424 28.0537464042 28.2021033609 27.0443040872 28.0965685439 27.611697082 27.1632187235 28.3880716337 27.9373408039 27.194801842 27.7485634265 27.2861050492 27.6165783719 27.1087758232 27.7838279272 27.5346198799 27.8550236174 27.145016224 28.0513757652 28.2874843904 28.0290897469 27.1220613497 27.2163915746 27.2830505852 27.8181843233 27.6946526236 27.533897254 27.5074795799 27.6267608411 27.4165077395 27.1865908766 27.3015379875 27.956730539 27.6902847937 27.6190918447
0 0 0 0 0 0 0 0 0 27.0096275906 27.9043471906 27.9932286168 27.4742430106 27.5944548803 27.5261165728 27.1910560188 27.1735818624 28.1264834012 28.2313303955 27.4148881116 28.1938941833 27.1440426672 27.8835247477 28.3112548364 28.1426548156 27.0274752346 27.3084270168 27.4397509784 28.3641228822 28.0601754358 27.5509806676 28.1311203589 28.2524747608 27.9047473358 27.322448095 27.1279962568 28.3923725262 27.2124791661 27.3505007537 27.6922577453 27.4304337965 27.6875326146 27.3099294514 27.2688134507 27.0709177857 27.6306834525 27.8916710319 27.1711670832 27.813124426 28.1616166811 27.3430966324 27.5764629901 27.1686479715 27.155354715 27.2591722056 28.1004099477 28.1203304609
0 0 0 0 0 0 0 0 0 28.0120432805 27.1826918968 27.6138204425 28.4024455188 28.3800926673 27.801415686 27.3041504784 28.2959880083 28.0394390792 28.1873480894 27.9423444131 28.0078627738 27.3715792938 28.1227066612 28.3884311068 27.9700624606 27.8683854285 27.8003839946 27.0234427779 27.0035965099 27.6929835715 27.5955687588 27.537751916 28.301093175 27.8801743741 27.8319602109 27.577117612 28.0138070891 27.8322258495 27.2401564243 27.8877375997 28.0047843209 27.353645193 27.9932467779 28.0909288975 27.6502536703 28.0167853732 27.1159941716 27.4202226179 28.1137973868 27.3615023176 27.6672851348 27.9719924707 28.3911281281 28.1191517571 27.9626076944 27.6826729202 28.0253563963
0 0 0 0 0 0 0 0 0 28.0012113258 28.1817699137 28.1922561488 28.4059057661 28.3383655851 27.0616303415 27.1932431441 27.3746576443 27.0106756657 27.2064627442 27.49659306 27.0252373286 27.5739601617 27.8654951531 27.9822142377 28.0019148219 27.235479145 27.0813344347 28.2922167306 28.1428068493 28.1495377525 27.7764103413 27.8068899791 27.229705263 27.4390829713 27.1910966527 27.8708378976 27.3406249889 27.345407798 28.0418701473 27.6071564823 27.5520562379 27.2872856373 27.8695216465 27.1572002716 27.2088850786 27.9559724206 28.2019687433 27.0049901529 27.8997782164 27.7392337791 27.8632554693 27.2608048921 28.2836578046 27.1395448431 27.115281793 28.1096612745 28.2160428814
0 0 0 0 0 0 0 0 0 27.1656918584 27.5792862055 28.2723087802 28.214924401 27.0739263251 27.7465030934 27.103819329 27.7801918766 27.4005180646 27.4063290617 27.5945093781 28.2387769536 27.9617878715 27.261207305 27.5140903017 27.4945892005 27.9945771102 27.6581266897 27.3625645254 27.5681749613 27.3331645813 28.0695934616 27.5814750852 27.5024326239 28.008105352 27.1344929828 27.4703634896 27.6274224913 27.6741370889 27.1715235634 27.1158035845 27.0428352249 28.1726400766 27.4550732081 27.6564272168 28.0161269505 27.525562782 28.3802940901 27.4942338915 27.5742242006 27.6533787891 27.8182589711 27.5839396408 27.5194999554 27.4873065173 28.211664319 27.9229685999 27.4133188727
0 0 0 0 0 0 0 0 0 0 27.6179979409 28.0707653187 27.2092356533 27.1848450741 28.4130819599 27.4452030223 27.2652527452 27.5742782364 27.5918887323 27.4459965794 28.1459795543 27.7127718636 27.6179663123 27.0446324311 27.9875808103 28.0413909672 27.1052913717 28.127784768 27.5498021753 27.4141942934 27.3119113073 28.0691303384 28.3151439919 27.194612492 27.8431959732 27.7604778451 27.4790545626 28.2856275819 28.2364809945 27.420803293 27.7754446712 27.050371311 27.3656810277 27.28841342 27.7298213893 28.3135679746 28.236167606 27.224177239 27.5903438872 27.3627166117 28.0356477285 27.5734655829 27.8001262138 27.9018622803 28.0792888419 27.8285532988 27.4301118281
0 0 0 0 0 0 0 0 0 0 0 0 28.404483606 27.609933767 27.7710318123 27.3851816999 27.2233592339 28.1044951549 27.5474145675 27.3752757541 27.3088549694 27.045541964 28.4028856064 27.4381099228 28.0117326957 27.8830052753 27.910251293 28.3967498898 27.185248671 27.0536998562 28.3861887978 27.4926425134 27.7017295826 27.6818837012 27.8101144656 28.0079608534 28.0333988481 27.6807982589 27.5125362093 28.1141717393 27.0129158356 28.2883598341 27.8462888602 27.3798083379 27.8223350298 27.5464116372 27.0606656892 27.3182432136 28.2370902932 27.6226353807 28.0821436516 28.1232070096 28.2778025954 27.6946419304 27.3030468178 27.0975312751 28.2379273858
0 0 0 0 0 0 0 0 0 0 0 0 27.4979210505 27.8378356787 27.4160568059 28.3596786562 27.0662388192 27.4568379703 28.0102159691 27.6144271969 27.3306475837 27.5783789945 28.2701974423 27.5273437194 27.9113723085 27.3965627342 27.1986949111 27.1501829463 27.3087168777 27.5676877348 27.5095644434 27.223527407 27.1848966157 28.0194856237 27.8394879109 27.1428920833 27.9354785409 27.3005623254 27.2221683073 27.3292018557 27.6050727108 28.0903878504 27.5597346492 28.0830510158 27.2456125034 27.2657701096 27.9610581665 27.6742343345 27.4925596006 27.0121496785 28.4140709781 28.0123205309 28.2335711615 28.1518421226 27.7953449102 28.1730340082 27.8532385459
0 0 0 0 0 0 0 0 0 0 0 0 27.946231473 27.4864975523 28.3328102312 27.6936104289 27.2254710214 28.3616488276 27.107831585 27.2095350458 27.2906134398 27.650203316 27.8461499822 28.3526676976 27.348174059 28.0628642563 27.4792970778 28.196805332 27.7712472163 27.2288552479 28.3791558179 28.2297273753 28.1124027924 27.3914085373 27.1534985213 28.1404452311 28.3022669994 27.7713712697 27.033359751 27.1355510312 27.5131552269 27.6208219257 28.0583060535 28.2527886811 28.0989357095 27.0112312614 28.2650000002 28.3011271942 27.3403275223 27.1849874907 28.1464207172 27.3007480154 27.889564001 28.098869884 27.7715512999 27.0090241605 27.7907575192
