Spatial_Output/DEC/DEC_0236.asc
NCOLS 155
NROWS 192
XLLCORNER 196307.867259
YLLCORNER 449144.565805
CELLSIZE 33.573938
NODATA_VALUE NaN
[rows 52 to 77 of 192, columns 0 to 56 of 155]
46.5057757818 46.4355662635 46.2586668446 46.8975729251 47.2508330091 46.0833471942 46.2634337576 46.4272336326 46.6152774334 47.0044383847 46.6467106987 46.7299361984 47.3092533719 47.0642486573 46.3102690881 46.4352909189 46.3227385566 46.1310552424 46.0331233123 46.1024703636 46.1461490873 46.43744266 46.3782924846 46.1818801218 47.1201017142 46.4017734886 46.3066991789 46.2969766793 46.0081413512 47.3651474295 46.6733857205 46.9610956074 46.1968459749 46.1401118779 46.3051743388 46.7814661848 46.0041844668 47.0352840895 47.1494129844 46.8068396304 46.6203486202 46.6390692453 47.0052144634 47.0931471491 46.4264964417 47.3621205006 46.7694808013 46.0705235673 46.3129906494 46.6660956127 46.2896079404 47.3665425623 46.9049438508 47.0366279152 46.3212271062 46.7560739265 46.4668905942
46.2816837926 46.0023430417 47.1784278399 47.1898614478 47.0860007015 46.4248545379 46.7412387513 46.9837628045 46.15122601 46.5318969919 47.350317092 46.6384288652 46.0148243816 47.0135305815 47.1237885899 46.8276498792 47.301210325 46.5137255546 46.9352316283 46.0853499346 47.4032738635 47.0113115246 46.5072933291 46.9911726162 47.1701525348 47.3544819641 46.5344195317 47.3323781075 47.2781157007 46.4849476785 47.2702995171 46.5236799387 46.5095231728 46.5692513507 46.4623401924 46.0052830208 46.65219975 46.5740289817 46.1581279955 46.8492094998 46.3114869359 47.2269550773 47.4070037065 46.4355523402 47.2591866851 46.4388448733 46.0115064854 47.0298867192 46.8607801398 46.8799827807 46.8025579291 47.1977086891 46.9288002843 46.4119370826 47.2769034515 46.2556392104 47.1582799704
46.2487905787 46.5090825447 46.8265426812 46.1325009459 46.9074976907 46.5161488646 47.0966822393 46.9177329269 46.98690795 46.7469576663 46.8821823575 47.2900559738 46.7074296628 47.0378947502 46.4597558727 46.4104294507 46.9693264268 46.8095174092 46.6634832733 46.9183995248 46.0940259616 46.3106222126 47.3430985431 46.8224343644 46.7683149151 46.3296932057 46.6968268893 46.0519353552 46.5419422859 46.7213565698 46.988908271 46.462351532 46.7266928656 46.1349144701 47.3436492025 46.8515504065 46.6761952579 46.5723941165 46.5097803029 46.2731259165 46.8934948403 46.9350521676 47.2077778666 47.3436717848 46.5469646533 46.2903737729 46.3425677981 47.3664216666 47.2177629601 46.8766133649 46.708982655 46.4492856652 46.6165225164 46.5128330081 46.6599043128 47.1344851255 46.1148396254
0 47.2659232067 46.5480336876 47.4108314601 47.2932206394 46.688085396 46.2425340414 46.5512536544 46.3157249505 46.300399791 47.0868200363 47.2734398479 46.7102497905 47.3950702269 47.0890487586 46.4446436516 46.9084854168 46.3815621406 47.2227943687 46.3529477168 47.0278703924 46.8426049998 47.0349716801 47.39205863 46.9596457744 47.1661979785 46.9446312017 46.5608945605 46.9089413363 47.1621068783 47.3744171975 47.1130877766 47.0365011763 46.3684157504 46.8826667525 47.2021212606 46.3920113716 46.2531023412 46.9548845575 46.9009253563 46.0092192874 46.8079071685 46.4653862363 46.8507557526 46.2147114222 46.8844597419 46.7797050999 47.0765161589 46.1218145071 47.1805425341 46.7476756379 47.1968565578 46.7408111417 46.7854362928 46.0819099144 47.0165003554 46.4994748316
0 0 46.3525076883 46.3562251745 47.0364254301 46.6301587928 46.995615603 46.2919312241 46.0766053245 47.2328310615 46.8243845286 46.3452551368 46.4598305151 46.1749188511 46.1813604637 46.3130630045 47.0913082949 46.186666399 47.3999765183 47.1335773806 46.6569601719 47.066777074 46.3311481132 46.5592016895 46.8490254128 47.2548577924 47.204667576 46.7688074698 46.4637831184 46.9488272403 46.3596208706 47.2766813572 47.1486966477 46.2398774877 46.9684387773 46.9963420406 46.2279453091 46.5294158546 46.3506748072 46.1692539203 46.9218451856 46.7804033708 46.991955109 46.2396430481 46.7144282494 46.1510042742 47.2546000935 47.2303323048 46.9003682267 47.1697627476 46.9137520964 46.6286388566 47.3471331274 46.1782295772 46.2496981503 46.6981162393 46.7290594283
0 0 0 47.1188861097 46.2744392127 47.2682104787 46.3091052775 47.2577869464 46.3068168203 47.2087982408 46.4738273315 47.0526924216 46.5783518921 46.2420330246 47.1087190029 47.4029009474 46.7959987914 47.1390628088 46.1553359463 46.3122639217 46.5332868943 46.3193074071 47.3094851505 46.55395908 46.8480954093 46.9633801184 47.2609620566 46.4230242972 46.46458049 46.0262995582 46.7260903224 47.3848890184 47.2971003409 46.0102596525 46.2456168776 47.2297912579 46.3473704622 46.0396153732 47.1010423178 46.0516432188 47.0245256224 46.9366069483 47.3585006404 46.3169492925 46.9484942421 46.2476592566 46.0343821486 46.3188928123 46.3478515432 47.2100214178 46.9806228011 46.1899984388 47.1681777466 47.0523893459 46.8723319334 46.754755465 46.770779282
0 0 0 0 47.114941141 47.2789194014 46.4502270014 46.9490775093 46.5517638458 46.369741763 47.1621061733 46.6370172266 47.298025186 46.7271287322 46.1502578695 46.8872563428 46.2722658354 46.2037289029 46.9069288812 46.0898357651 46.3977120725 46.5826265285 46.7276929478 46.6971495164 46.3308393746 46.9560402192 46.3245238389 47.3876193623 47.3042518289 47.2410068392 46.9449438486 46.4969815169 47.2381133584 46.0982221308 47.1339164129 47.3947870086 46.3753808684 47.3941360448 47.0961011182 46.0277620186 47.1185874297 47.0882303675 46.3279338121 47.0230015653 46.9288433675 47.2576917331 47.1479377595 46.1904343727 46.0765665873 46.863909451 46.6850402411 46.6535260395 47.3583199822 46.2552776976 46.3774810592 46.3112059294 46.0060234656
0 0 0 0 46.3984360986 47.3108014418 46.0533590085 47.0079599293 46.2599585331 47.1493781362 46.6586110535 46.5684742988 47.2163933747 47.1704634873 47.1567431198 46.6149638544 46.0393838458 47.1826319959 46.2177208443 46.7841051074 47.1962122501 46.2328302747 46.2745347741 47.3856397718 46.1267945057 46.9514423402 46.1531888281 46.34155564 46.3588833785 46.4080185626 47.2038823536 46.4894147876 47.2109756672 46.3416715787 46.3797346917 46.578481382 46.6523868854 46.2243945985 46.2487561003 46.8379328739 46.3065063647 46.843245105 46.8468859726 46.4682694391 46.5306860995 46.1758721222 47.0111290101 46.6344058514 46.0635277887 46.0749905734 46.2100351326 46.4496548293 47.0916778402 47.3683027983 47.4000132428 47.390365946 46.7213913739
0 0 0 0 0 47.3814774478 46.3623231799 46.2952136343 46.480753115 46.9263491692 46.7244113503 47.3418390891 46.6978398928 46.2459220154 46.4683411271 46.510742468 46.0244714422 46.8080913804 46.4314004563 46.2658371766 46.6893133316 46.3478855429 46.1857128595 46.908105519 46.6781809066 46.3429650451 46.6913944632 46.5875633698 46.8635784622 47.1109330611 46.9858114015 46.1329050261 46.7733408822 47.0107360397 46.9096858011 47.0732392681 46.9030200999 46.4404342055 46.9273582504 46.7584071039 46.5712169587 46.5546083716 46.535310358 47.1103679176 47.0857981541 46.4088146738 47.3918150329 46.7995472913 46.6241822476 46.8956136427 46.9945582055 47.2791147002 47.0753848887 46.6616627957 46.4187605046 46.9899556373 47.0285201576
0 0 0 0 0 46.6537730516 47.3262232166 46.7161988665 46.6778013989 47.0321608284 46.5882351474 46.2754361745 47.2375006383 46.7288431113 46.5400313357 46.6771068961 46.4943363929 47.2338823316 46.4844175011 46.4121465981 46.7157669236 46.584355516 46.7806802493 46.6624695434 47.2609934037 47.2669954091 46.783160483 46.3369255095 46.91948974 46.3145487992 47.0974948369 46.5919280767 46.2518275972 46.5253793134 47.0246966596 46.833152355 46.6058536919 46.5983602499 46.0154856315 46.6694482733 47.1537636985 47.2041456546 46.1350946411 47.3686197849 46.3245191711 46.1853560373 46.1171059363 47.0367436821 46.3365322081 47.3350773741 46.143461416 46.2636332112 46.253056745 47.0747562755 47.0498491548 46.7176458027 47.2425790112
0 0 0 0 0 47.2605680158 47.0644763976 46.4779580497 47.0111146094 46.7154996371 47.0444710345 46.950389906 46.3695080474 47.1686865897 47.3521641789 46.8740264308 47.065939545 46.8554918215 46.1504323635 46.4399121819 46.368538245 47.0623616882 46.239926998 47.1632436644 46.3034394084 47.3355363605 46.5869388384 46.9343557124 46.3765465373 47.3008195745 46.3517377885 46.489096182 46.376217052 47.0761999316 47.1584991731 46.7389862958 46.2813733627 46.646964657 46.0491587609 46.1347746308 46.0134049136 47.4031074352 46.6910987112 46.6713258085 46.2041995247 46.0893466646 46.7276930695 46.1518504364 46.1113894571 47.3503136038 46.7270912604 46.6214495937 46.5956872884 46.5074714556 47.3629634577 46.5006530102 46.8047302227
0 0 0 0 0 0 47.306519901 46.9174835469 47.3360768545 46.9145553058 46.6905105346 46.1157097489 46.3055218228 46.7989296031 46.3318936421 46.3071163659 46.2936305116 46.9504983705 47.2939637127 46.6205329074 46.546489524 46.6156903254 46.3214913134 47.1720341051 46.8980739546 47.1669703751 46.942415964 47.0927011263 46.0702190568 46.2191364536 46.1339514171 46.9390542141 47.3174944512 47.0592210326 46.4952722414 47.3903749536 46.3223532286 46.988713523 46.5564551907 46.8291550475 46.3576299961 46.9677283051 46.8287584518 47.0143708413 46.1414070178 47.0954596763 46.060970119 47.2721399123 46.186003298 47.0479125791 46.283385689 46.7989456431 46.4555944498 46.4849303592 46.6703331331 46.0853869146 46.1397724759
0 0 0 0 0 0 0 46.8747727659 46.1330884279 46.2836604753 46.8500471587 47.2770905453 46.142252988 47.1634178345 47.0379331241 46.038564863 46.0019291407 47.0912263566 46.2485292061 47.1699299005 47.0885647004 47.193840185 46.4615380762 46.1502827082 46.5453245226 46.7784261867 46.9472216762 46.8015464163 46.8940187386 46.9253601705 46.8867650711 46.7541244512 47.1056081588 46.2816192548 46.7167477004 46.0658625109 47.0818517665 46.73520124 46.6648462241 46.7357753382 46.3250149627 46.3499151743 46.4086007189 46.328050259 46.2131300453 47.0680348919 46.0973474661 46.1933631003 47.2593625396 46.9210100518 46.6832590755 46.300489219 46.5625490528 46.3441570416 47.2846555457 47.2326722381 46.3171795066
0 0 0 0 0 0 0 0 46.6182392031 46.1458161644 47.3611047146 46.8977063707 47.3125229226 47.1900525743 46.0249332036 46.8726362769 46.4177924573 46.7437148076 46.3743047344 46.6086949776 46.5246520356 47.1143567375 46.1775999499 47.1323796616 46.5260491872 46.3684348999 46.0595440142 46.985152577 46.3526666657 47.3222978333 46.2238815275 46.3617992076 47.1995727734 46.4330401219 46.3743687895 47.0792294628 46.8746579411 46.5268048703 47.3437650588 46.7448946947 47.0116427028 46.6992627214 46.617483683 46.1119494917 47.0232798219 46.368222073 46.8271907062 46.2390287665 46.0366532323 47.2232281343 46.591165351 47.0185712079 47.1223389014 47.1004570653 46.3480203886 47.2440756742 47.3565902883
0 0 0 0 0 0 0 0 0 0 47.2929213857 46.5249745382 47.3329926804 46.0026290697 46.0590368971 46.8731283932 46.5286616554 46.8378089971 47.1186777958 46.2151931846 47.1767726313 46.491619972 47.271662418 46.977763839 46.4589756638 47.3792464768 46.3087674023 46.3575478315 47.0583395723 46.1856583579 46.6586228363 46.7136267539 46.3230913841 47.1001846895 47.3160858344 46.335318179 47.2935663677 46.4757110948 47.2934165592 46.6337272432 46.4555586515 46.8861885392 47.0236276099 46.2224373588 47.1844090535 47.1887830812 46.3823807822 47.3751827223 46.2013487639 46.2709827276 46.4414278167 46.5688083396 47.1447852929 46.1027778001 46.2039878895 46.2149205684 46.1693386651
0 0 0 0 0 0 0 0 0 0 0 46.9842713896 46.9656915341 47.3758996935 46.1037189944 47.3531966101 46.6920808903 47.2086944827 46.1860862168 46.3443751173 46.1262119957 46.0860081162 46.7410667673 46.7298019657 46.8072174034 46.8713072063 46.1909892567 46.5281007784 46.223261024 46.6473779749 46.9554786989 46.3274614392 47.0321114238 47.0533819093 46.9724102574 47.2903457785 46.9212640735 46.1637062461 46.2660371148 47.0867800552 46.3534173947 46.2455665708 46.0372303261 46.324561884 46.9339300785 46.3325370159 47.3606736882 46.6071494976 46.6463831002 46.4595157167 46.1611480335 47.1505209487 46.3634849013 47.2960740092 47.119164944 46.4625166555 46.8103884233
0 0 0 0 0 0 0 0 0 46.2424509474 46.4474849913 46.1415243303 47.111146545 46.1653694468 46.8975431831 47.3499440665 46.4128345941 46.3301262143 46.6737800751 46.9411790078 46.516491394 46.8089952437 46.2984632227 46.9526612516 47.0927072197 47.1387909665 47.0379657905 47.2472814777 47.182177185 47.1557953405 46.6869679793 46.2969813516 46.6392694406 47.2890106914 46.3412305422 46.2337222843 47.4076148519 46.2950225033 46.0686042548 46.1395186895 46.893442224 46.4438305635 47.1874852885 46.9017649612 46.3124127939 46.2682857592 46.3466472753 46.2309022738 46.3095979503 46.6341781868 46.4428626492 47.0021273046 46.9771613411 47.1187336997 47.3487480285 46.2836920901 46.2813327391
0 0 0 0 0 0 0 0 0 46.2616985006 47.0537757841 46.1432606746 46.4401562303 46.9502135343 46.862615834 46.2870398175 46.5625990057 46.8332881863 47.2332975057 46.3849359315 46.1590031662 46.0125360621 46.0645101009 46.2766819938 47.037876163 46.3814199939 47.2753789365 47.1527057091 47.188814226 46.3662531401 46.1976784096 46.7491020877 46.3121397595 46.2585545306 46.3187711771 47.0298713982 46.7021408877 46.8171084833 46.5612348542 47.2776045772 46.9213612211 47.3892272677 46.7401507174 46.1195866011 46.6962764804 47.1055722079 46.3480800716 46.0166121595 46.4635899421 47.3726287278 46.8687519582 47.0916806817 47.2632672556 47.3084267381 46.8889027314 46.6339726077 46.9387803417
0 0 0 0 0 0 0 0 0 47.2113862065 47.2081046939 47.0196970496 46.3110944462 47.0247543371 46.1455827189 46.1125604068 47.3497102701 46.0418106521 46.7977837291 46.0680530617 46.650965464 47.1750169253 46.9552614788 46.7966300833 46.1894575862 46.0647575906 47.1726982596 47.26877682 46.5257955935 46.7254463296 46.5166215959 47.0056479905 46.1625339296 46.0595497477 47.0433988461 46.9126487197 46.7711387642 46.3450568871 47.3234054086 46.0197099311 46.7567905535 46.6698538795 47.0488202158 46.2791217229 46.8489624856 46.5860078825 47.2283254569 46.0882932517 46.6932171585 46.8173495841 47.2398178976 47.1484184926 46.5146459296 46.4277997049 46.6773964012 46.0119492203 46.7939510519
0 0 0 0 0 0 0 0 0 47.2860378272 46.5778311113 46.4604229435 47.1610081435 46.7029627011 46.9526010259 47.076597205 46.8757094563 46.9393410051 46.5676404349 46.0423357941 46.2562248287 47.3778846981 46.184169466 47.031934757 46.2922234675 46.785674655 46.5930592778 47.12869919 47.245713789 47.0837239304 47.0936078925 46.8653216137 47.1174255293 46.1476990497 47.0347781664 46.4903645112 46.6050951117 46.0646184964 46.1040464002 46.6000336773 46.8963254787 46.1336759916 46.257058359 46.8863583873 47.1467352055 46.8026107584 46.1464644535 46.3247688721 46.8497348312 47.0756136505 46.7820288066 46.6375421618 46.0143388536 47.0580801896 46.6830206497 46.9671132601 47.2004075284
0 0 0 0 0 0 0 0 0 47.3969717471 46.4374123733 46.4839133663 46.508514781 46.639208814 47.0224037495 47.0699844026 46.4618513377 47.0450825223 47.3195672403 46.1224955695 46.1935970982 46.2630799308 46.782822262 46.4856967206 46.3844300953 46.9950424386 47.0877419984 46.9281489959 46.2990417238 47.0564191076 46.0357478226 46.0745885193 47.1422367702 47.0109479718 46.4565752922 46.9331036391 46.1653272571 47.122091027 47.2521652285 46.5799021083 46.6135846009 46.4222425897 46.4361496326 47.3921298064 46.0059543286 47.1991086079 46.5987988566 46.8789479539 46.5175340225 46.5951662519 47.2457043211 46.3631875217 46.8598870469 47.1700474851 46.7254807927 46.4740193369 46.4489227126
0 0 0 0 0 0 0 0 0 46.4645553001 46.9833115302 46.951414633 46.158868998 46.3616346922 46.7463534149 47.1835918736 47.1162083949 46.4639089024 47.0979161047 46.439461147 46.0821827627 46.2029653648 46.0852143138 46.3184048901 46.1480759406 46.426679386 46.9479200854 46.3105764592 47.0874705596 46.4246810073 46.9970053875 46.2679599523 47.0285584612 46.1179312079 46.5329644689 46.5936755975 47.1337536554 47.1061600676 47.3498148035 46.8329458612 46.3654939814 46.0590457633 47.2102878531 47.209161235 46.968786447 47.2882608395 46.2049526321 46.3520642907 47.1033107006 46.7455802132 46.9101055544 46.2054487243 46.524372228 46.6817138187 46.4689218153 47.1113632211 46.2382730787
0 0 0 0 0 0 0 0 0 0 46.0606347672 47.0044054942 46.4297914049 46.628113755 47.304743764 47.3937916095 46.5346388665 46.0544163936 46.082595254 46.4231259417 47.104594529 47.0698817795 46.2139681257 46.7184642016 47.1781007376 46.6173080861 46.5760335871 46.0849102232 46.9963905155 46.1262532397 46.0793772319 47.0473678483 47.0881535397 46.4742427261 46.9390785971 47.3733628844 46.8819334488 46.03532772 46.0342993436 47.1569910942 46.6333773888 46.2885258081 46.123379441 46.59485137 47.1535616178 46.6153693538 47.0395384672 46.2812051407 46.6780469594 47.0081513596 47.3318535363 47.3700357406 46.1480271501 46.1249973593 47.3243552894 46.7120412358 46.7113799936
0 0 0 0 0 0 0 0 0 0 0 0 46.5162506014 46.8778434306 46.0456165662 46.8575648885 47.4106880248 47.4127127374 46.3411671562 46.8689143869 46.284489575 47.1162887299 46.767023217 46.4750322339 46.2327728792 46.7184463358 46.707040586 46.3360013988 46.6821898612 46.9549344413 46.600292576 46.6668016407 46.5443957518 47.267082356 47.2022801192 46.7516636851 47.330383458 47.2914630831 46.7523293733 46.2915544746 47.0306786772 47.4069929843 47.3800979594 47.164628648 47.1464494986 46.9660699496 46.5700559777 46.7535861077 47.0934512954 46.5875567299 46.9875718045 47.2245145138 46.1234488393 46.8408623462 47.2107238649 46.2635152315 46.335791031
0 0 0 0 0 0 0 0 0 0 0 0 46.6985246564 46.2384168009 46.1061090464 46.4568698967 47.1640241028 46.6476927044 46.9824338599 46.094710714 47.1259542317 46.0114750371 46.2597872523 46.1571685576 46.6661945416 46.7225852911 46.5399555844 47.0653867843 47.2864636739 46.4992791117 46.2758393402 47.3630077142 47.1194845586 46.9921769708 46.1557251081 46.7002520117 46.4604456307 46.0719855383 47.202384013 47.1795878002 46.7066533286 46.2425770271 47.399590684 47.1316885751 46.3006022272 46.2329051497 46.3891477595 46.7999240143 47.3226653414 46.7912504337 46.7547016955 46.7318116119 46.0489665455 46.8898254748 46.8667519746 46.7598657066 46.8732929593
0 0 0 0 0 0 0 0 0 0 0 0 46.7477263998 46.3414065238 47.259784657 46.6727531321 46.8036212704 46.56050471 46.9334247929 46.2269663007 47.3536168588 46.4481733744 47.203925702 47.0493895331 47.2991515338 47.2609948755 46.7408964454 46.2035250791 46.9415810483 47.1810070934 47.1231010916 46.1607994955 46.1602858417 47.0064941161 46.9716834467 46.7794097774 46.2120700329 46.128163884 47.1787834692 47.2026119104 47.3007054177 46.0236810278 47.4071544893 46.3501807341 46.3360807547 46.0646449775 46.7665148539 46.7817509095 46.2479747332 47.3433884916 46.0974800146 46.1873452522 47.3179204625 46.2721406987 46.2814608557 46.9294450793 46.4934155065
