Spatial_Output/DEC/DEC_0647.asc
NCOLS 155
NROWS 192
XLLCORNER 196307.867259
YLLCORNER 449144.565805
CELLSIZE 33.573938
NODATA_VALUE NaN
[rows 26 to 51 of 192, columns 0 to 56 of 155]
0 0 0 0 0 0 0 0 0 0 0 0 0 0 0 0 0 0 0 0 0 28.6851397548 28.8215184119 27.7492145901 25.3543155249 25.4991750748 28.6994076562 25.8639089651 28.1433975641 26.3626242809 26.6514304286 27.0014890069 27.293303406 26.197832192 25.8551112741 24.7505755786 26.2639605565 24.9918776732 28.1578612816 24.9912173107 27.4688292039 28.4279972168 28.4200757938 26.4523173267 26.5936956969 26.4404008939 28.414685776 25.9222443205 25.002932508 24.6363000594 26.7116117603 24.5957460721 24.8399248089 28.5913238899 28.9575377637 28.0692460195 27.6099446271
0 0 0 0 0 0 0 0 0 0 0 0 0 0 0 0 0 0 0 26.3669005699 25.5828407023 26.6355505394 29.3415648914 28.6085447232 28.0839572488 26.1369663446 28.5463494388 26.2618790894 27.7584760511 26.6156863819 26.959177309 26.1988639731 25.7523286043 24.6680664488 25.4554379559 25.2724072941 28.9744789011 27.0696300148 29.0303917178 26.6664766457 25.4994847648 28.9070337668 28.6688153733 29.3037904768 25.9764520488 24.5916529496 28.8915222601 27.0528547824 27.1105739679 24.5022683952 26.7465056749 28.1087647322 28.4516571912 25.6451743661 26.5595404935 26.6145991842 28.3555031592
0 0 0 0 0 0 0 0 0 0 0 0 0 0 0 0 0 0 28.8146419678 25.7706446503 25.8029696171 25.6647407672 25.8451532012 27.9799415089 25.5646689862 25.737328651 29.0218566282 26.0331050649 26.6495836138 28.0154902368 28.8710724921 27.9376317109 25.3100521014 26.9543723102 27.3819780185 25.8181450888 27.8248151572 29.0299465491 28.8487167186 26.1467768946 28.239384889 26.9542882925 25.2099222347 26.9430166559 26.3797471545 25.3706419952 26.2713010458 26.0058942854 26.7311238622 27.7730734374 26.2112102913 29.3131781121 25.1272271351 27.7437679585 27.3172819695 25.4638326767 29.2435476528
0 0 0 0 0 0 0 0 0 0 0 0 0 0 0 0 0 28.2953618147 28.0393779652 48.9605709753 39.1721866019 48.3715292568 28.4549340498 27.4018269101 27.2928543894 28.9948934671 28.5500267209 24.5946094726 28.4513617951 25.2667208351 26.6516433354 24.6596609139 27.8659535348 25.6098113017 25.4994941946 26.509031359 27.5239644191 27.6163264237 25.914037894 28.6864325972 28.8675989964 27.4265867769 29.2747872151 29.3717327696 28.9455641011 27.7772292703 27.6455173347 26.0063003159 27.5150069357 28.6833986736 26.558119083 24.948570563 27.0610639153 27.5580979101 26.4126791904 27.8908134297 28.8490152001
0 0 0 0 0 0 0 0 0 0 0 0 0 0 0 0 27.1015092534 28.787003078 25.2743174239 38.1932692753 37.5929555773 48.8489697408 28.1639431207 24.7175721452 28.7192373331 26.1946029031 25.6829140253 27.3518982492 27.9799558362 24.7062327543 24.9874418912 26.8123484647 25.7151052774 26.8704147083 27.5764937294 28.7725282476 24.5827026969 25.6025276528 29.0201465756 26.7766093844 25.0353934597 28.3039689122 27.4648892924 28.3303136607 24.7352819603 26.7256427242 26.6087111168 25.4018363785 29.1830920965 25.7862002064 27.4058272648 27.9767911089 28.9619013432 24.5862910588 29.2794441827 27.8789602403 25.5286925395
0 0 0 0 0 0 0 0 0 0 0 0 0 0 0 25.9192848673 25.2810282122 26.5456171408 29.1682844679 48.7863132702 37.1850862103 40.5984334326 38.9343214727 27.5284863076 27.8152900712 26.7356091333 24.9317527714 27.6347912467 26.8472636562 26.5610361422 24.8776731892 28.8892351357 25.0605694005 26.6109850767 27.450995037 27.4471826768 28.7915244817 26.9036908577 27.9382492493 28.3423118462 27.2355718667 27.2768572202 28.3008933669 28.3398547483 28.5750624033 24.5696481824 28.7625372981 28.778717147 28.9542258526 29.1905684698 27.171893852 24.6821383995 26.732284826 27.9434224555 29.4335555426 26.3687304062 26.6508379074
0 0 0 0 0 0 0 0 0 0 0 0 0 0 0 27.2189716836 25.5596335213 26.57438591 25.1922129142 47.3802726697 38.4104144775 43.5585565661 41.3679167317 28.4961425427 28.479217909 25.4662826555 26.8115184227 28.6843231203 25.298900239 28.2190069385 25.6651659363 27.9990082793 24.6156469957 26.597689855 27.8931985303 26.9436825508 28.1376165466 26.4917994718 25.3299778515 24.8630000538 26.8970863299 26.4938265074 28.9539997966 24.5631057841 27.0268209749 27.3800932142 27.75369438 24.9424616705 26.410968691 28.9487734996 26.9318294102 28.3565039732 25.7457455832 25.5605638754 26.8333087527 26.8796953242 28.2417503358
0 0 0 0 0 0 0 0 0 0 0 0 0 0 0 28.6134896619 29.2128686815 26.8949010341 27.792950391 25.8193567308 46.1858318226 45.5094330968 50.7238372514 28.4310999596 26.2556678444 28.0191395807 28.3100808981 28.7277787654 29.1534199913 28.565013787 26.1864150481 27.4928419526 27.8190524109 27.2908351673 24.9846276267 27.9128268163 27.4149014188 29.4238160907 28.4819333895 29.2178966268 27.8117133572 26.3603029066 26.6313470448 25.7229103802 25.6181656006 26.2058765756 25.4770475545 27.018400266 28.1381731157 25.6377128122 26.5448117074 28.039184315 28.805884895 25.7879019344 29.3844877252 26.5147446799 27.0040148128
0 0 0 0 0 0 0 0 0 0 0 0 0 0 0 28.4659973154 26.6915746955 25.5246063711 27.6851805526 25.5099765096 26.2354552448 27.2729651634 29.2287221556 25.3322755059 24.8578716665 26.6561024909 24.693651753 27.5208249836 25.3589872913 25.2159104815 25.3508209297 27.2875831061 26.7832273675 28.757788567 26.356079671 29.1731188814 25.8517050772 26.3754164703 27.5618025646 24.7991979392 26.8167827592 25.755174962 28.3765033099 29.3499961742 27.27285011 27.3410500982 27.311898733 27.3026956607 28.4195908366 27.021957825 28.6093578415 29.408407083 28.8711507657 25.3152827492 27.2423896656 24.9078251721 27.2306703515
0 0 0 0 0 0 0 0 0 0 0 0 0 0 0 26.5560780623 26.3854567131 27.6097069937 26.3000031347 25.9281766725 28.8176115264 24.5703063839 28.0350737691 27.3626029645 27.163397791 28.6519463428 26.5942700638 27.9448234848 26.1803343895 25.2906026016 26.4664877508 24.9264618943 25.475257494 27.6048248053 26.4046724246 27.944743552 28.7456342133 28.3587285116 27.9990106563 25.396542971 26.3606478294 24.7154790339 28.8272519123 24.9202000354 29.4109117299 26.7829753537 28.8956514622 28.7885506528 28.6962018682 25.7870887404 27.5759841564 26.1294633453 24.8845804855 27.0920912252 26.0095233232 29.2191226415 28.8772043458
0 0 0 0 0 0 0 0 0 0 0 0 0 0 28.8608506086 29.1367126649 25.9440141097 28.2224656203 26.5483289863 28.0544732123 27.11024837 26.7151682206 28.6892509075 26.5309151511 24.6007758807 27.5376833415 28.9069386808 27.6337864579 29.317996941 27.2340760331 25.6784852152 27.2455118633 26.8383240514 28.8620969591 25.4884971562 28.5836728707 28.62598581 28.1161086404 29.1919670566 27.3526252326 27.6443672851 29.2110084121 24.9422626509 26.4231063988 26.6656339859 27.0214555694 27.3185961789 28.0975256426 28.035794071 26.4442420756 28.998898625 27.7754913299 24.8655878611 24.9244638018 29.0015618004 28.1179777214 25.3454258522
0 0 0 0 0 0 0 0 0 0 0 0 0 0 26.6787226446 28.7461794384 24.5789633914 26.2859735715 26.0534187288 27.6528124188 25.3881853407 27.4336006487 25.6979140539 28.8254649042 27.5308754253 28.2669186553 25.160309062 24.6161371856 25.7467190258 26.8183922137 28.0562539615 28.7577158286 28.2465879894 27.2888295487 26.9091397473 25.1488152042 27.5201186539 25.7363958245 28.5644185153 26.8581518219 27.7550840908 24.6111233059 26.6407973323 26.0668959207 27.4776842594 25.4603606067 26.3573765426 26.7285250919 25.7129720119 27.4530294943 28.8929242578 25.7800609343 26.5288941534 27.4866096679 25.1304094599 27.3264328793 24.9086919991
0 0 0 0 0 0 0 0 0 0 0 0 0 26.3548327493 27.0825016496 28.6058014899 26.4687107005 27.9584187507 28.8898271671 28.6588521987 27.4839944842 28.6012313389 25.7342299814 26.0066675944 27.4673871802 26.3097993601 26.0358432449 29.0941405277 27.5422069756 24.8279383485 28.0736568406 25.0262469646 26.1785526793 27.0730707018 24.5493525931 25.1686051719 26.181331198 24.625459779 25.7648777518 24.7101199375 24.7443559814 26.8611551023 25.7729697034 27.8227004335 25.8499349912 27.6096515646 27.8546278908 27.931527264 26.2812612766 27.6478883136 24.6557397 27.4415678147 24.8576869027 24.6649974437 29.2844382684 26.4615691383 29.4035569644
0 0 0 0 0 0 0 0 0 0 0 0 28.0541527993 28.7372674885 28.8802302738 27.8615221054 25.7211559356 28.4386835644 28.8110170586 27.3349532566 29.0093021108 25.9416001582 26.2820083737 28.7253584997 28.7013118354 25.6925797928 29.0754686307 26.4098105328 39.0442617012 46.1768627663 41.5387575048 28.8637109645 28.1556686627 27.1532815691 26.1706210608 25.6585943236 24.8089460673 29.2746053638 28.3972333868 29.405075101 26.2923988887 27.3495470686 28.9447071085 29.1511028601 26.8907635143 28.7985978831 27.1363794323 25.2382981477 28.3913648762 29.1263171926 25.4674626697 26.3085977507 28.5892288183 27.8828353848 27.3994499037 25.8257279836 24.8933062053
0 0 0 0 0 0 0 0 0 0 0 26.2633558649 25.2624008974 26.3517280044 26.9997930855 27.8063261278 24.7827389194 28.0499102892 26.3041458356 24.9908046818 28.602598457 28.0789315214 26.9881032978 28.2917986129 27.4903862418 26.1316123456 28.2728509104 27.3426885962 41.4499412841 46.5179809941 46.6005140999 28.4607889934 24.940140905 25.6607734556 28.8406667913 28.7233812898 29.0993235203 27.0970521815 29.1255448663 29.0531271954 28.6020995207 26.5382249743 25.2635824976 25.9769936799 26.3105921807 29.3801888127 26.1809297285 25.1946219117 27.3581918237 26.5110906058 27.5307824299 26.8369795266 25.4211474743 24.5570524233 27.8308389528 26.6405708457 29.2435469209
0 0 0 0 0 0 0 0 0 0 28.8052765918 28.8605201594 28.006188159 28.8386993074 24.9107281828 26.2309882067 28.1086427646 25.598820375 27.7142797802 24.6170341471 25.4411987266 29.3409490878 28.3717236212 27.7231778589 28.4785390708 28.768565164 25.7494702035 28.3775628224 45.6253295786 38.5089269801 45.4758393976 28.4728354759 26.2967859391 27.4461148689 26.3476245782 28.2670291249 27.9302663092 26.2758976894 26.1809337424 27.4099867803 29.3117395984 25.4044657666 26.2688556462 29.3359602932 26.6806459556 24.8995096649 28.4519777031 28.4969505453 25.8544727147 27.0198219168 29.3537450974 27.4178250167 27.9274518636 24.8192021474 29.1819923601 28.1813510827 28.9978442188
0 0 0 0 0 0 0 0 0 0 29.2920913664 28.107750513 28.5931784818 25.6262626071 27.9452986886 26.3957549467 25.1999376912 26.1264441075 24.7833805681 27.6529800111 27.818570436 26.0139834951 28.6950261971 28.7429384861 25.3528525281 27.2358366625 27.0601416461 29.0994892102 46.0040990758 45.07120695 42.042788229 24.7310724233 28.1001088172 25.8177649272 25.1930272002 29.1870244105 27.4578124054 26.8866197413 26.8672745723 29.2616581971 26.2541249788 25.1277847555 27.413877358 25.2655866951 25.5937553249 28.8518260539 26.5432949999 27.8752487909 26.1301393351 25.6502745534 28.9572620256 25.3127865154 26.9315244144 26.2871060428 26.5097004282 24.5386543118 25.2855360409
0 0 0 0 0 0 0 0 25.9722403312 26.5673255664 26.5170669587 26.9609395896 25.4129947849 24.7292856195 28.6392353272 27.8948010393 27.8142061648 27.5258884226 26.6497976559 24.6671443716 27.8975428739 26.3836963027 27.1965643769 26.8990840417 26.1922679982 29.2814355473 24.7538189109 27.3680688417 28.4671796483 25.8958277605 27.9081273976 27.6841211267 28.594337513 28.3211875337 29.2519763567 27.9515476818 24.7677463921 26.0127833785 26.0000399396 26.0737934627 24.9263274264 28.8592095229 25.4339072804 27.4025879419 25.1366277168 26.8594486877 28.9286902753 27.604215793 29.1077562256 29.3629494364 24.5346070479 29.4392224902 27.6110804373 24.7909496454 28.1102673443 26.9364304637 24.5113537919
0 0 0 0 0 28.7865423533 25.645267634 28.3242732798 24.8585480512 26.7422507734 28.2701670136 27.1323548923 28.3993849541 27.7223520542 29.0754211214 28.3014984458 28.2192738401 27.5869811273 27.2556698132 28.0137711745 25.8350660121 28.5873761805 24.9222106173 26.335435159 28.3437931238 26.2151356813 26.0109448952 25.5383869176 26.2675943546 39.762007304 46.2537160582 46.8948711787 29.0422847351 28.5693029747 27.4429541593 28.9868406935 28.8293741095 24.8945513949 28.4978142228 24.5423818559 28.911372478 25.0952416682 25.4390689946 28.0119650482 27.9508980001 27.2148863235 28.3407842317 27.839866517 28.7363472747 29.3906013881 27.8244606998 27.6289492149 26.5563761771 25.6562875008 27.2482714168 26.2435089429 27.0991005902
0 0 26.2526505825 25.735572718 28.0914051291 29.1443709077 27.0235994895 26.7915231637 27.945767525 24.6825775112 25.2579450046 26.2773227721 26.395884596 24.7651528879 28.1587338201 27.226690649 25.5300331137 25.7183104011 28.1128450838 26.1735038483 25.2513486124 26.2553640064 24.7195327876 27.2553716629 25.7411304789 26.943509627 25.0067481461 27.2062454694 28.0533941826 40.6083256918 43.558374209 37.4758488116 25.6384806827 27.7405877387 26.3212548631 26.9570686758 25.0544409156 26.5505392356 29.1637394935 26.0414273679 27.2501204487 27.3231677339 26.7805106682 28.5778876402 26.2663089977 26.0467351245 27.6910279355 28.655860313 29.144430709 29.0743231528 27.8477562284 27.2709615476 24.5674801889 25.2039766318 27.0597640947 25.2459792871 28.9323105289
0 27.4839087057 28.4975546645 26.0543317203 27.7086830046 26.9369840462 28.647256319 25.2295278855 27.146394439 25.8431038034 25.4264500915 27.7241623492 29.3769543944 26.4799849043 24.9313547768 28.429421291 28.7649415388 28.3228281713 25.5279757124 26.0835043408 25.073880017 28.9144698039 27.9973067172 27.5213767962 25.0321695869 28.3065591655 26.9769936311 29.0662854764 27.5344306751 39.4855802005 48.4317064225 40.9112858301 28.5656316513 28.3674340626 27.8756043724 28.0114002389 28.9706645436 25.0591561186 24.9826463459 27.8204613478 25.1114854821 28.0489944045 28.6712114907 24.5470310098 29.3105604489 28.0029923053 26.2289665127 26.6861728623 29.405804984 26.4482701846 28.23534838 25.3047043166 27.4702480308 27.8341058796 26.4117129249 26.4899048344 25.0067705986
29.3373734581 28.6072023615 28.6406864393 25.2061193281 28.3846246821 27.8118854368 25.7019337478 26.8339332285 25.1507238184 26.2674507211 28.5475166496 27.4816262959 26.4157997223 25.3616726416 25.3357943194 26.2235651853 26.5447983939 29.0353410872 29.1393207001 25.2843247534 29.1890405391 28.2640262848 26.2449231929 29.373529374 29.2014949507 27.5590130946 26.9288376223 27.0515829041 27.2507366599 25.1414735358 29.3478151363 27.6222178461 27.7399798519 26.9026255692 24.7863963365 25.7064273287 24.5513427985 29.2313862616 27.628239568 25.4461370393 25.3818577208 28.1618771186 28.5307813608 29.2735927572 26.8243799746 29.3518645608 28.3311255088 26.0337525992 27.4322111477 24.6433991664 28.3715312704 28.8496532015 25.8368705259 26.5359969921 27.6299836187 28.7836858484 25.5898634094
25.9454723271 29.2189790763 27.8876150184 25.6593421852 26.8257999587 25.3723304014 25.2940968801 28.0795254764 27.7429266193 29.3186921812 26.5683447337 28.6876254921 25.2313614937 24.9065818928 24.6974865985 25.8931955938 27.5041401722 25.0421950795 28.3482745936 26.9191114876 24.7079511822 25.9090606825 28.2909001854 25.3230387343 26.4701793562 25.7110603858 28.4981970095 25.6078963945 27.1031007043 25.1564222205 28.9391537487 29.2943145736 28.4459872486 26.9979115112 28.3644404058 28.3580293126 28.4405103656 25.0103900592 25.7809123456 25.3513122708 24.9715202294 26.6867251672 26.5850697159 25.0935144483 25.8029223363 25.2321616107 28.0630592191 29.0330908339 26.2425761391 28.5025246137 29.4323219557 25.6284358612 28.4557672803 27.4720580602 28.4760194022 25.5713078277 25.5188047553
25.3252719062 26.9176000358 25.7661380433 28.7031426834 27.9135709413 28.7688124916 26.1474292826 29.2756071252 25.5467268683 25.0991063628 26.8408202162 27.5400122284 29.3257186947 25.2542696823 28.2180269196 26.1459711504 27.5124679235 27.4614278116 27.2650206149 26.5419669439 26.2721575691 26.3710964386 26.3638904553 28.3634973312 24.813021482 25.9450620964 28.4000482079 27.5551532159 27.4037514365 27.8766307865 26.0446730606 25.4406865721 27.5350247177 25.1179576278 26.1066952176 26.1305829633 29.1390108832 29.1327657846 27.0863527313 25.0465559285 25.6707146807 25.5204721129 27.619085172 26.6168831993 27.087203527 25.0590402662 28.2639363036 28.6067693035 25.3030811158 26.9805263822 24.5108006454 26.9350494249 25.9557950641 28.0373013786 27.662772737 26.4934687093 27.0107955749
25.043188944 24.7412368089 26.3246926922 28.5843242598 28.4498345161 25.6574513845 26.1062562309 26.5505676521 28.1221752853 28.9418834631 27.2060729617 25.3903565111 28.6060041184 28.8406630061 26.4477663414 25.3379584954 28.8529624488 27.0655616228 28.1866886302 27.1453455689 26.407214441 27.3023861824 26.5891878195 28.1280683192 27.921225592 29.2638182007 27.5457932785 27.5982459796 29.2703936697 26.2717118847 27.2520126675 27.2173960202 29.2913958265 27.2642018562 25.1502030713 25.9045047068 28.1248435801 26.8369305079 26.8568880312 24.7499152715 26.1010593302 28.4355172616 24.5567519697 25.060425928 24.6047974881 28.9596627192 24.7458046299 29.2856739646 25.9309600461 26.3884675516 27.8126780441 26.8378445394 26.5425262242 25.8681175169 24.5377308572 28.5676177879 24.8056938862
25.5021413398 25.9485521399 25.3124669572 27.6277519578 25.7591153318 26.4091761757 28.095576239 26.9938813578 24.8385748347 25.707390431 29.3390827335 24.7779277236 24.7753612858 28.9480196198 27.9048027055 25.8807166509 26.9097160417 24.801805141 27.9509157544 25.3690895165 25.8814793539 27.5365159815 25.6906596595 28.649417073 28.8324280891 28.070376898 26.8331994216 24.7148957277 25.0582825893 24.8501450391 29.1748035291 27.3266646446 25.3879186077 26.7958140457 25.5968133381 28.6011182993 27.599711589 27.1992089331 24.5953078972 28.8585812202 28.9249894411 28.152405038 28.4981516371 28.243132995 28.9953308293 26.9331486127 26.1302842257 29.3702511243 25.1698009213 29.3232681846 27.2853978355 25.8771643162 24.9323517356 29.3077388821 28.5349716312 25.2769613444 26.5996028458
