Spatial_Output/DEC/DEC_1067.asc
NCOLS 155
NROWS 192
XLLCORNER 196307.867259
YLLCORNER 449144.565805
CELLSIZE 33.573938
NODATA_VALUE NaN
[rows 26 to 51 of 192, columns 0 to 56 of 155]
0 0 0 0 0 0 0 0 0 0 0 0 0 0 0 0 0 0 0 0 0 22.9774802106 22.5826893853 22.6930426435 22.9609867028 22.6358327256 22.7601800824 23.2055891216 22.7390238402 22.982299179 23.1687502866 22.7508804999 22.6806586379 22.6279585758 22.922612861 22.729698239 23.1926401517 22.5222941839 22.6451508798 22.6631750618 23.1349678903 22.7529258893 22.9202854773 22.8824550281 22.9167372182 22.660017641 22.8275164003 22.8687455138 22.5397499614 22.7034025432 23.0387270501 22.9359852373 23.1553726355 22.9900405561 22.5237091619 22.8074067334 23.0561865011
0 0 0 0 0 0 0 0 0 0 0 0 0 0 0 0 0 0 0 22.6327942978 22.6070575579 22.9781198992 22.7499794703 23.0846707004 22.5089237623 22.94097444 22.6608956515 22.5353550958 22.6795415768 22.8856736556 23.0136199826 23.0192979491 22.7768394678 22.7158626619 22.9716756126 22.940399569 22.653564732 22.5633058683 22.5521736513 23.1043367438 23.1347460739 22.6608835977 22.5166411627 22.7752113318 23.1224908707 22.8094990421 22.952086766 22.6765691791 23.1304083519 23.1063583967 22.8159448242 22.6942216429 22.9167290375 22.826776869 22.6260106288 22.7211215365 22.7912658401
0 0 0 0 0 0 0 0 0 0 0 0 0 0 0 0 0 0 22.922334666 22.9146491098 23.1879932361 23.1911026422 22.8988175033 22.8166610759 22.8299068183 22.8619305746 22.8243458385 22.8738411623 22.7705723859 23.1125363154 22.5844126204 22.7473317948 23.1846865167 22.980683088 22.565201236 23.0416409977 22.5180725268 22.9152150768 22.6205812852 22.730991664 22.6229011899 22.9935303926 22.7665532848 23.2045772584 22.5220868123 22.9886268112 22.9678419692 22.9827903981 22.5337855227 22.9530703141 22.9890132204 22.617295012 22.8820740268 22.8443391177 22.5370779679 23.0271501559 22.9436231294
0 0 0 0 0 0 0 0 0 0 0 0 0 0 0 0 0 22.8460922644 22.6713830801 26.1846286476 24.1810647137 14.4401114123 23.1252605297 22.9624690229 22.6191746242 22.5171068627 22.5617897276 22.6622144466 22.9646263149 22.9020480259 22.6605161636 22.6857400585 22.8054903211 22.7848020902 22.7900863247 22.8597739764 23.1538747572 22.9131603202 22.5320172729 22.6009477867 23.1615108853 23.1330932125 22.6771745246 22.9817328804 22.7135817399 22.5426599693 23.1629449176 22.7884177053 22.8430112443 22.5455470367 22.9344975666 22.7878656295 22.6222670794 22.9271513107 23.0427937712 22.839846269 22.7372699081
0 0 0 0 0 0 0 0 0 0 0 0 0 0 0 0 23.101358662 22.7645120559 22.588288591 22.5057179672 23.3885860276 19.9631165686 22.7070214857 22.6585596378 22.9573079908 22.5743494421 22.6111098779 23.0397348402 22.9943177717 22.944759409 22.7274033687 22.7912815926 23.1996024225 23.1518406389 23.1642567197 22.963133672 22.6777284992 23.2058622458 22.9472930683 23.0093465443 22.8274786412 23.0996744299 22.6239536266 22.504094922 23.0402707847 22.5955576048 22.770229467 22.7324057554 22.9071204642 23.0952737078 22.9620669235 23.0729970252 23.016429122 22.6893803014 22.713024731 22.6311235114 22.5501807323
0 0 0 0 0 0 0 0 0 0 0 0 0 0 0 23.1145911498 22.8922945387 22.593783883 23.145552663 28.3557373777 11.5049979636 24.1796715764 16.2452538543 22.6046058267 22.5725425483 22.7251907516 22.9336999762 23.1309236611 22.8481813386 22.7982145841 22.675154165 22.7508031213 22.9010661424 23.0705755789 23.0250966794 22.9720745112 23.029697973 23.0066344446 22.50857662 22.7785042541 23.1400012014 22.9299945591 22.6769773289 22.5756003221 22.7394867031 23.1408703909 23.1212828662 22.5437004112 23.0557545 23.2063398313 23.0285705629 22.5400314713 22.6125310636 22.6630149765 22.7575497989 22.6743128887 23.0065187154
0 0 0 0 0 0 0 0 0 0 0 0 0 0 0 22.6125503817 22.6103471704 22.7615483247 23.138341642 21.0154039671 30.6476948848 23.5591454721 15.8621128281 23.0819693713 22.6233245325 22.6296802592 22.9240156224 22.644982723 23.1892693059 22.9445251183 23.1719797704 23.0216844585 22.5203047122 22.963727659 22.9202009212 22.5914329203 22.5904435013 22.8235903306 22.5169128505 22.7763684597 22.8946310661 23.1346937605 22.7260121655 23.1067012376 22.764706525 22.6624028341 22.6903329727 22.8886651815 22.5874743138 22.6981775337 22.5590194223 23.1464226957 22.9076720824 22.7398229544 23.1726531151 22.6887201592 22.7339517499
0 0 0 0 0 0 0 0 0 0 0 0 0 0 0 23.1587186037 23.0133119453 22.633390942 22.846531345 22.8592180083 15.7406584428 15.6199402871 18.6132263612 22.7419588256 22.946788525 22.8594096287 23.0106544065 22.5908066729 23.1412110025 22.5544387642 23.05813177 22.8344528514 23.0352218877 22.8345428144 23.0168444346 22.6387596204 22.8916160721 22.8413013733 22.8683637378 22.9967060813 22.7667811569 23.0285819984 23.0770080007 23.170481549 22.9538338696 23.140923047 22.5488337307 22.5674669851 22.8889263013 22.7616309182 22.9536291068 22.7947852327 22.5562453952 23.0401772781 22.6131859143 22.5043365505 22.5472590796
0 0 0 0 0 0 0 0 0 0 0 0 0 0 0 22.597391169 22.6171322025 22.7989882422 22.9277252459 23.1485956183 23.0186170012 22.5044760128 22.7752871837 22.7363520426 23.1973737416 23.0468464204 23.1593939263 23.0996553198 23.1503542091 22.5378087669 22.800072243 23.1684851102 22.658808569 23.1428743999 22.9121646777 22.5091589538 22.5895034482 22.5274794479 22.8385812868 23.0271540627 22.8399651649 22.8682338864 22.5082916641 23.1944073985 22.9338873964 22.5382144466 22.7690985343 23.1058286342 23.1728642288 23.1528423874 22.8767739207 23.1700330605 22.9685570048 22.8981606941 23.1632527649 22.6166089615 22.910509663
0 0 0 0 0 0 0 0 0 0 0 0 0 0 0 22.997995692 22.6175131742 23.095543028 23.1402427675 22.9066520141 22.51934914 22.9145795458 22.802853774 23.057676924 22.8721419747 22.6242983333 23.0907988711 23.138980665 22.8148188423 22.9380910192 23.0621974335 22.9756449186 22.5572470262 22.5849227297 22.5621262219 22.5429367731 22.7127546006 22.6024034449 22.851407422 23.0365711019 22.850559118 22.9222894244 23.0813734407 23.0758312332 22.9237502379 22.6883076282 23.1067782346 23.1359721189 22.6264363909 22.8674287654 23.0157045645 23.0489495212 23.0483404351 22.9864213888 22.9922442788 23.1190382032 23.1228017664
0 0 0 0 0 0 0 0 0 0 0 0 0 0 23.0784451487 22.8972562613 23.196286472 23.1910797338 22.7840027342 23.0891519819 22.913609361 22.73236687 22.5463178523 23.0975585708 22.5520196841 22.8975850291 22.690915068 22.6796746532 23.1767372645 23.0384488474 23.0245754225 22.5632389372 22.5044563369 23.0989335791 22.8639402992 22.7969539993 22.7327017615 23.1402630762 22.505862494 22.8071868981 22.8645380665 22.6503320525 22.7914824524 22.5524679373 22.5325751389 22.7549466528 23.1284107809 23.1264298317 22.889399242 23.1968054681 22.8800559921 23.0363433433 22.5425887182 23.1262466929 22.63624748 22.5402989056 22.7604511328
0 0 0 0 0 0 0 0 0 0 0 0 0 0 22.7515734237 22.6044373901 22.9825781734 22.7605383558 22.8385045679 22.756463308 22.6615370854 22.9462711374 22.844171067 22.8911773909 22.7850891292 22.5013343168 22.7070081879 23.0302952268 22.5910378684 23.1571851002 22.8245053807 23.0174034425 22.8883673205 22.8110791139 23.1601018963 22.5492911882 22.6390045199 22.7373991749 22.8373497621 22.6575050761 22.8470031769 23.1129333657 23.0026252934 22.6607070345 23.1813592682 22.5064325451 23.1745540123 23.1059436182 22.9343029594 23.188384973 22.6688019212 22.6716644351 22.534482007 22.6928963406 23.0307895424 22.5780457253 23.0594618671
0 0 0 0 0 0 0 0 0 0 0 0 0 22.8876511742 22.7614507722 22.7516307528 23.1483695004 22.9222451176 22.7088134388 22.5235617591 22.9282695655 22.7673321132 23.0219809131 22.6521413746 23.0771756832 22.7373964174 22.7496800561 22.8236972054 22.7151023306 22.5518347064 23.0143816079 22.6760952585 22.9994942209 23.0354684644 22.9562431954 22.5510086075 23.0429878773 23.1685748898 22.8689302349 22.8861617169 22.8102894094 22.7581521862 22.6571046841 22.8498636933 22.6010599022 23.1439826532 22.7236620264 23.155725334 23.1603003314 22.657435941 23.1730290823 23.1200528631 22.8936737003 23.0399473755 22.9129332928 22.9518972434 23.1665676917
0 0 0 0 0 0 0 0 0 0 0 0 22.6199927883 22.903765741 22.7910107522 23.2070164532 22.9942557536 22.644493812 22.6016297962 22.9865151332 22.5143264204 23.0295021702 22.8942109743 22.8882011142 22.5875403864 22.7104480924 22.5712483675 22.573454598 12.5447199748 30.7665205442 22.25724981 22.5040716901 22.7935108112 23.119169442 22.8999191167 22.8924193827 22.5825744014 22.5862782354 23.0824418145 22.6274291976 22.8902844573 22.6720661131 23.08266442 23.0546323769 23.1230930684 22.9370826505 22.6074375368 22.7811714023 23.1431418043 22.9757546518 22.757307714 22.8881815519 23.1457703486 23.1286984609 22.8011423803 22.5686860203 22.9758583958
0 0 0 0 0 0 0 0 0 0 0 23.2007038263 23.1324603527 23.0320663891 22.8058498046 22.8208952281 22.8696761432 22.5912877577 22.7650269184 23.156961175 23.1092715524 22.6141292815 22.5820467434 22.5468205196 22.6682760055 22.5114797666 23.0651440872 22.9977184372 13.641617224 17.6570306583 22.785497959 22.6178974449 23.0205648707 22.7335153583 23.0684815137 23.1488169444 23.0430153978 22.5517116006 23.2028272159 22.9186103953 22.776856584 22.886072906 22.8910276547 22.657699156 22.9057301489 22.5709295192 22.6041365098 22.581670542 23.016373641 22.941451197 23.1315327665 22.810296606 22.7459143662 23.0745888495 23.0419471602 23.075744262 22.612031788
0 0 0 0 0 0 0 0 0 0 22.8360672016 22.9769674945 23.1615571376 22.7225010621 22.6001838439 23.0156403417 23.2058044038 23.0453863742 22.5704814792 22.5136308986 23.1601311745 23.0379955257 22.5491951314 22.6781761299 23.1374560653 23.0691992221 22.9507231888 22.6554121304 21.5825275599 13.4419562426 19.3895133651 23.0259285025 23.1379571236 23.1759046294 22.6381641177 23.1050556756 23.0298485935 23.0108895645 22.9030919354 22.9276466027 22.9522372811 22.811666253 23.0396281656 23.034117772 22.947583772 22.5457228714 22.9215332159 22.5621925341 23.1120409044 22.5118123445 22.5859609504 22.9413835821 22.7066751502 22.8827710306 22.8168065858 22.7500245614 22.9489973558
0 0 0 0 0 0 0 0 0 0 23.0109107191 22.8500611721 23.1405917943 23.109187119 22.6670321259 22.9827575779 22.5774516083 22.5387271536 22.9687016647 22.6392521128 22.7047118747 22.7298838706 23.1086516857 22.9939328136 22.9719429698 22.6856546237 22.5388710548 23.0291339017 30.733212354 32.4357014281 20.8310226206 22.6151262003 23.0836684992 22.9039775204 22.7217278649 22.7310291145 23.0069726194 22.6757375009 22.527622507 23.1595519937 22.8253462916 23.1352126801 22.6704181578 22.7295227941 23.0548218525 22.8485314949 22.8709942188 23.0647553847 22.5310258699 23.1856331342 22.9293838222 23.1212702341 22.5459036655 22.7076294138 22.9998301443 22.5467036176 22.5445263806
0 0 0 0 0 0 0 0 22.8233493619 23.1806870724 22.5527271212 22.9425711594 22.8785367943 22.9546902206 22.851318878 22.9765097348 23.1174692863 22.7940139429 22.7474200787 22.5968180775 23.2004812856 22.5100504589 23.2023719683 22.822537924 22.7219614709 22.6873630459 22.5748259877 23.1768955891 22.7145924301 22.7289453037 23.1849222364 22.7303316354 22.7465001505 23.0393397429 22.8040030291 22.7430636066 22.8863692875 22.7376819039 22.6342578935 23.0210492117 22.7704364887 22.8522609404 22.8617734333 22.9428525545 22.8947949429 22.6243813114 22.625488514 22.6350150342 22.9366873213 23.1507920579 23.1503070275 22.8767156334 22.5141392088 22.5828529854 22.91819486 22.653369332 22.9419893939
0 0 0 0 0 22.6218642155 22.8975225978 22.6660491652 22.8077391332 22.5386607304 23.0128144194 22.6596802988 22.7878624481 22.5691872226 22.7840716247 23.0075983389 23.1476769971 22.5404494777 23.0918018866 22.5604665201 22.5243878572 23.1016468912 22.7878001351 22.6550916909 23.0703540239 22.7082154169 22.548965013 23.1634008894 22.8926975388 27.8585426659 14.0898759025 15.4769494727 22.5304493027 22.9226104632 22.8330873957 22.834001561 22.5306219549 22.81414429 22.7688491633 23.0560682951 22.6427542824 22.7092416246 22.8579671382 22.7800420632 22.7925651437 22.7908702902 22.5318524453 22.8738030613 22.7896484613 22.9411403877 22.5654948698 23.0288553378 23.0068679355 23.154134116 23.1578867936 22.6225885427 22.6216409098
0 0 22.7970613254 23.1529729276 22.7467434903 22.6564623277 22.7514563959 22.8904967114 22.8326506802 23.1229394341 23.1153756073 22.5518635009 23.1005617479 22.8299311853 22.7127899081 23.2061751267 22.8082629688 22.7688203484 22.5679255602 22.507999189 22.8103520378 23.1755903451 22.9310998616 22.7023347627 23.0322163935 22.6662302947 22.8313538331 22.5522969406 22.9325337995 27.9075194429 16.47295344 21.9219476867 22.6386002926 22.805236079 23.1941196887 22.9307657361 22.7763829031 22.6153693245 22.8949499206 22.6256768979 22.7098078928 22.924293087 22.8177162581 23.0198836042 22.7855846162 22.5454121025 22.782489277 22.9285718637 22.6668638142 22.8172499206 23.1048552297 22.7181770856 22.6002422196 22.9658567185 22.8342106055 23.2029015234 22.9625679898
0 23.1466876804 23.1534292872 22.7376844034 22.7417706298 23.1972361371 22.5911714025 22.5945769435 22.8636819428 22.58555982 23.0274055688 22.8704682884 23.1826920741 22.9835363225 23.1966783653 23.0980306102 23.1230853141 22.717345459 22.880321889 22.7277319437 22.5375086559 22.5738580081 23.0464600627 22.6818015915 22.8097404237 23.0787307813 22.5556839288 22.9938217235 22.5461358922 18.1192276585 13.1932989983 25.4897322101 22.9603875257 23.169796908 22.5185924691 22.5407629623 23.1188741208 23.1599552253 23.1789873041 22.5093576967 23.0861001439 22.6850926249 22.7569989014 23.1535217527 22.6672322958 22.9559629378 22.6373708381 22.5354421091 22.8619483106 22.6289125297 22.8568792579 23.149646466 22.8922361731 22.9031834192 23.1424799637 23.1982211326 23.1324919934
22.6435639439 22.84921364 22.6835517841 22.5234393277 23.1366901979 22.8327572225 22.8811591568 22.7535310046 22.5774166252 22.9527967697 22.5332273551 22.5068150893 22.9342965908 22.8060196537 23.0253950625 23.1004947809 23.1404652379 22.6654845111 22.6419707666 22.8797375202 22.9457144073 23.0669141566 22.844764297 22.8761552941 22.7777210433 22.783268682 22.8784092046 22.9425128897 22.6290468454 22.5294983601 22.9620682393 22.7860556264 22.6856356281 22.6405136116 22.612553094 22.6416755815 22.714686452 22.8483824464 23.1370215366 23.0367618962 22.5389061488 23.0402869916 23.0239751834 22.6510889126 22.807915077 23.0850329373 22.9291513091 22.6111076475 22.5745255006 23.1760909116 22.6478212766 22.6840196341 23.004923754 23.0790898051 22.5790856611 22.5077603566 22.8632172006
23.0165977798 22.993700256 22.7530404196 23.112013431 22.5512028417 23.1269240931 23.1082767041 22.8379343012 23.1229732758 22.6609340775 22.8295444834 23.0112436796 22.7382152634 22.8475384987 22.7675685103 23.0680037597 22.513129404 22.6329708859 22.7073798564 22.5559249152 22.7705706807 23.0190294891 22.5112342933 22.570532029 22.5736694537 22.643643222 23.1660387851 22.9940342621 22.9806881907 22.6767340824 22.7969305489 23.1593948122 22.6668206701 22.551047507 22.9783743833 22.8106615893 22.9354961067 23.1470810496 22.6553857202 22.8307905336 22.5541273345 22.8756395765 23.20238879 22.6924774153 23.0592493887 23.1747712354 22.8456360474 22.6586861966 23.1919926938 23.0978746846 22.9881441519 22.9609471445 22.6569278713 23.072194785 22.6862199135 22.5483818809 22.7541033089
22.8674908992 23.1711852659 22.5725111449 22.548114843 22.7860925405 22.7868338846 23.2055654377 22.8268263511 23.1761369304 23.0358654823 22.8466612693 22.6588505871 22.5023707993 22.6723848124 22.8052334334 22.5670523085 22.7092511105 22.7639401435 23.1553505266 22.5202428636 22.98839658 22.6739708719 22.5515255155 23.0430905947 22.5060367681 23.090315804 22.7102925848 22.6398598049 22.5719846358 22.8796599521 22.8818855638 22.9523172828 22.9115514313 22.7025941336 22.8784778214 22.5796475907 23.1464054984 23.1579920839 22.7592318126 23.1274043353 23.0515976097 22.8255359439 22.9306160904 22.5068910511 23.0339156914 23.1422633995 22.5816155039 22.6052319403 22.5860888082 23.046621305 23.1873345179 23.0702302445 22.6299401452 22.8833462121 22.6406076451 23.115583745 22.7114337525
22.893776675 23.1437349923 22.6350820595 22.680044558 22.7375405318 22.9613710211 22.8030735232 22.7964201307 23.1802977589 23.1940890271 23.0443048969 22.7390189995 22.9739493862 22.76672784 22.6240771346 22.5241310521 22.5399237906 23.05264943 22.6920046924 22.5856037977 22.9816937161 22.5942599711 23.000750252 23.0271530998 22.9847122372 23.0170687783 22.9425757052 22.7332123284 22.5134072158 23.1146982765 22.9336013368 22.8290012128 23.1583568595 22.5201384459 22.746793334 22.7927575034 23.1265067647 22.6261009727 22.8156183674 22.8599482243 22.7678265383 22.776470591 22.6275086572 23.2058297433 23.0551219691 23.1854297429 22.8143324503 22.9271977346 22.6429346618 22.8727150701 22.6380432739 22.9617946083 22.849232307 22.6001809557 22.8628444548 22.6557406599 22.527519936
22.6755785697 22.8209753121 22.5475133576 22.5307821725 22.5447992999 23.0722113862 22.8804510436 22.9840039965 23.1255283272 23.0745535197 22.7887191083 23.0773303861 23.1344655631 23.0142171469 22.9211101434 22.7355805142 22.9668588278 22.8153258761 23.0581757204 22.6065626864 23.0974235598 23.1790245708 23.1637969217 22.9247260958 22.8718447321 22.6042836161 22.9024744331 22.7557002972 23.0327808324 23.0058685594 23.0022142705 22.547213952 22.6237057057 22.6353439036 22.8846514705 22.5302985986 22.7039742195 22.8560782604 22.6490631636 22.8184489051 22.9827480954 22.9054362888 22.6961028601 22.948426249 23.0141666633 22.8534323838 22.6704168214 22.74939656 22.7578560549 22.8693609086 22.5386320198 22.7574106058 23.1308117455 22.7360684067 22.8778402483 22.9185952135 22.7120819341
