Spatial_Output/DEC/DEC_0338.asc
NCOLS 155
NROWS 192
XLLCORNER 196307.867259
YLLCORNER 449144.565805
CELLSIZE 33.573938
NODATA_VALUE NaN
[rows 52 to 77 of 192, columns 0 to 56 of 155]
36.4403872896 36.4216664691 36.768175223 36.763017896 36.2166407156 36.9586770052 36.5873446742 36.7931345439 36.9189752002 36.934529085 36.2685558114 36.4421202993 36.028440647 36.6203392734 36.9943062352 37.4102941506 36.3969739181 36.6082540485 36.4965073028 36.0294696967 37.2842404611 36.3549815772 36.1737831441 37.3637335752 37.283567799 36.0186517344 36.2840868914 37.2710214874 36.3183553378 36.035281605 36.3461905365 36.0912958009 36.1330913383 36.303504839 36.8276233861 37.135005904 37.3409052069 36.3923081928 37.0404343512 36.0921834069 36.6237891008 36.9512387798 37.4026996314 36.8920855165 36.4600662641 36.3073695363 36.4944021532 36.5032597472 36.1688740871 36.364163215 36.4508091523 36.8320286471 36.0016596489 37.0833851 36.2600134798 36.594494901 36.0307533296
36.5365045696 37.339653015 36.6962613779 36.8989676874 36.07809406 36.2843778058 37.1654839687 36.5078311113 36.1345600248 37.1626903025 36.1861717407 36.7227587529 36.713851504 36.5047768378 36.8906052431 36.3434701409 36.5988891129 36.0270272103 36.1972895832 36.6821679918 36.2578230966 36.4309955273 36.6731771679 36.6544511278 36.4355242797 36.4654774096 36.5161714398 36.7904789677 36.6406311643 36.1642332742 36.4272882794 37.3363804712 36.8767270228 36.9978620142 36.020588468 36.7744259742 36.618329616 36.3569705478 37.3344566694 36.0460054348 36.7617246444 36.7620444252 36.5986357895 37.1769503696 36.8465959999 36.165251497 37.1947112607 36.1205530802 36.2132263227 37.003724883 36.001156114 36.7323245487 36.5067440288 36.5248128818 36.6743810082 37.3208083621 36.7396485227
37.3538789746 36.6417763458 36.5650380948 37.3996858851 37.1608607642 36.0992864524 36.1641810261 37.1626203643 36.9504088863 36.929148489 36.6066766378 36.363606297 36.2731397946 36.5650643859 36.7985258666 36.5274768646 36.736380158 36.0856993802 36.6739308452 36.7379241727 36.131911085 36.3317114624 37.095791418 37.1579896256 36.3257704002 36.4165508103 36.9208521832 36.9963904481 37.2026639752 36.3776869084 36.5617523002 36.9589895228 36.2115807664 36.9826199717 36.5798693656 36.5717293047 36.076240881 36.9682476628 36.4234187886 36.8493761752 36.9407881188 36.2263958935 36.8464982175 37.3889420054 36.2236014805 36.9936410166 36.4241359035 36.1628599357 37.2959834375 36.1277286727 36.514108305 36.7907292917 37.0241572321 36.1625961896 36.2282352576 37.0226795174 36.6128389992
0 36.9984870479 36.085452976 37.0726767322 37.0166197811 36.5559554579 37.3935846159 36.7010485413 36.659762252 36.7567976822 37.3436122612 36.4247407384 36.2136532611 36.0096004374 37.1050668081 36.4508531427 36.2722266401 36.7322244649 36.056792346 36.1520643351 36.809045074 36.8548929211 36.165147801 36.7561615367 37.0268193789 36.066980264 36.8743195077 36.4412282964 36.3613662917 36.6466117376 36.1085786186 36.0562108927 36.1580098565 36.0651924064 36.2320045497 36.0987286106 37.1967255954 36.6332828471 37.0276591799 37.3790759293 36.0834785247 36.5031674635 36.2860502094 36.3772019454 36.9423259429 36.0231981735 36.3418953693 36.701232267 36.1304233237 36.944971555 37.0696353944 37.3957921644 36.6986691632 36.054686109 36.1171303837 36.0875870618 37.2023433506
0 0 36.6348322236 37.2120314606 36.0867322065 37.3694018635 36.5919286001 36.328290039 37.0332609565 37.2130342604 37.1579288427 37.0468849055 36.7353346041 36.6298357397 36.3280076942 36.0998583396 37.0489454627 36.3811366103 36.228112944 37.1283107001 36.7269584637 36.9771726936 37.3944212435 36.8436002819 36.650358578 37.0182593492 36.4596104792 36.5154211512 37.0419216647 37.3226054015 36.743304544 37.3652756475 37.0154453169 36.5906989911 36.6599130674 36.6768883531 37.3541296578 36.9960689668 36.6227547245 37.3030253326 37.3841179 36.4612018534 36.021706964 36.5649302536 36.961377815 36.4632518335 37.3059920594 36.0452273134 36.8054258867 36.73957535 37.4138592822 36.1851959218 36.0729282843 36.94502243 37.0675149615 36.4815500853 36.2171630825
0 0 0 36.9462695764 37.3813382736 36.151584453 37.2721273975 37.2131205361 36.4703299055 36.8400915342 36.9968771078 37.0021205741 36.6183821629 37.17587244 37.0841436485 37.2639835386 36.1081161924 37.319608569 36.7455293014 37.3206773205 37.0488889033 36.1170942804 36.7043715538 36.8709499302 36.4642999578 37.3754739051 37.1909836788 36.7383589393 37.177705316 36.2212915343 36.3736757342 37.2275816206 36.3904274398 36.9466864463 37.243013826 36.7012899388 36.2029371751 36.275928067 36.6311493859 37.1041894767 36.9052966621 36.0259227173 36.516029455 36.6233364973 36.5446420246 37.3807544465 37.273192816 36.2216573414 36.811743066 36.0234036703 36.5175614146 36.6834094119 36.4066537037 37.0185948022 36.8940709407 37.1312677013 36.8998034662
0 0 0 0 36.7464612299 36.3063277897 36.5118386229 36.0336084675 36.4337091244 37.187771341 36.5916582615 36.2677850979 36.1062661757 36.9318043826 36.8717361992 36.6492536735 36.3941958369 36.0097988818 37.0069765223 36.7782781035 36.2690232334 36.5550311638 37.0506584139 36.4223765088 36.7733933852 36.5657882035 36.3549128465 36.9348787219 36.5750101153 37.2560103103 36.6630820991 36.4483886502 36.7841695776 36.3331209441 36.4686983881 36.8024849016 36.7547353225 36.0254826058 37.2032777116 36.8187663735 36.0715548721 36.9465600842 36.3753444562 37.2004813486 36.704766107 36.1054430805 37.223224139 36.2699979198 36.203226115 36.5269975478 37.2933165182 37.1748715724 36.8195785465 36.7248296554 36.2146646559 37.2668372827 37.2271891902
0 0 0 0 36.7810635095 36.3863134327 36.8631904861 36.8168343222 36.3841511584 37.0514650179 36.7974369488 36.1856391448 37.1035815209 37.3407083514 36.7559477922 36.464266497 37.1777125682 36.1591738719 36.4551322951 36.2046729289 36.6914173093 37.2471714343 37.0863567843 36.1293027973 36.1338113595 36.2539244211 36.3273587017 36.2505795312 37.3084021552 36.5211817772 36.6970379768 36.1940809547 36.2658375017 37.3803171096 36.8359990793 36.7784149474 36.3280421486 37.2679893765 37.2393356413 36.8281342999 36.6614108187 36.8529479832 36.1128554174 37.14269032 37.2037198669 37.2744037468 36.7365418707 37.3569428042 36.5791792529 36.6615456423 36.0395119284 36.0021847075 36.0698750897 36.7724478089 37.3585657303 36.5392312591 36.6186627561
0 0 0 0 0 36.548892062 36.2447137533 37.0934926445 36.1398302776 37.0797716261 36.2425472624 37.0167820238 36.8832332303 36.0172846103 36.8512788559 36.465618819 36.0343893578 36.1603477175 36.7243365446 36.2989816113 37.0607024991 36.0825290078 37.2757495324 36.5866657325 36.9568088025 36.3390864309 36.8566692561 36.9702289981 37.3084326984 36.8052877666 37.2709997861 36.395453296 36.3722248349 37.2925001365 36.8325869699 37.0391915357 36.956890935 36.3161952611 36.5596767182 36.7869013465 36.1026970758 37.0159862008 37.1472965072 37.1866128781 36.8850419605 37.0006872992 36.2866550688 36.9576870875 36.0740034612 36.3106673284 36.3660375194 36.2347741922 37.0939132981 36.98926391 36.7222134803 37.3317360072 36.4416765015
0 0 0 0 0 37.1685497532 36.0564138512 37.244891987 36.3754393617 37.1631774489 36.7614250251 37.0954915332 37.1666190332 36.3306571459 37.1333443652 36.6620156388 36.3628257397 36.905731925 36.6285545681 36.8120703427 36.9243712211 37.1245789945 36.8064722918 36.2755421534 36.3478410975 36.2663001363 37.0954493185 36.831295302 37.0526512564 36.6707094019 37.1993219154 36.715812629 36.8779408797 36.9220044897 36.9389032929 36.9051097727 36.3619095007 36.5581479479 36.0353119116 36.2898561528 36.5678881552 37.0999086737 37.0620611143 36.9107481777 36.9534341299 37.397184423 36.725223883 36.8735710683 36.3540471926 36.518008689 37.3946003662 36.841399651 36.6521476252 36.1648621977 36.6420540826 36.3386587389 36.2992059653
0 0 0 0 0 36.1058189096 36.1708922865 36.9701553505 36.1161057251 36.3345432886 37.2919007313 36.1447051344 36.8380996665 36.4307887281 37.1555806269 36.0606996119 36.3341011916 36.0105013123 36.0148988 36.8481981212 36.2183264447 36.2817320716 36.1558526856 37.2069768456 36.7498335189 37.1661878271 36.7593905461 36.0333794674 37.2475821619 36.0049069885 37.0523879116 36.6600155629 37.38031292 37.2050682581 36.1283950025 36.0734685355 37.0640686144 36.8157003151 36.4823173534 36.270151778 36.3661798972 37.3115261179 36.7209134849 37.1172237581 37.123891625 36.1192023434 37.0068513626 36.3302407818 36.5631125677 36.0263279522 37.1704839489 36.6464008432 37.0417479681 36.1811131171 36.413822321 36.5002270156 36.8155287051
0 0 0 0 0 0 37.4081731826 37.3965060787 36.683393418 36.5455780064 36.924432714 36.3466633725 37.2176209863 36.8640870054 36.9345852952 36.8040941968 36.819568221 37.2883607083 36.8363975923 36.3085341311 36.8787803734 36.9545627382 36.430329603 36.8901957766 37.0052408334 37.1211528353 36.4767398948 36.1864936276 37.1342400857 36.2447498624 36.4212516469 36.5229830237 36.8991460417 36.2945566522 36.1227771304 36.336644551 37.2496584269 37.0084487231 36.2598150246 37.1996948444 36.4237502552 36.3577900246 36.9661881137 37.3127115871 36.3440852646 36.6959228574 36.1802827166 36.9633245532 36.9209565024 36.384993489 36.2753810717 37.0109558421 37.1235357084 36.2874193417 36.1632344479 36.2098958281 37.3796564421
0 0 0 0 0 0 0 37.3524122667 36.4047640404 37.382527325 37.0372452071 36.5268238597 36.3580429451 36.1191528232 36.8615097773 37.2958080109 36.9167769723 36.9178114723 37.2562131173 36.6944635695 36.411569368 36.6883846142 36.7911714684 36.4180332191 36.9313413574 37.101909702 37.0139628057 37.1939884286 37.3234902785 36.0807899685 36.828938516 36.3467019453 36.4440701287 36.2334385413 36.4316652502 36.4521873319 36.3922015767 36.4007158155 36.8978876669 36.0432696693 36.4262403712 37.0494551891 36.1062467356 36.0489788934 37.4048462928 36.230831546 37.0668595367 36.2784049039 37.2441727607 36.1488958423 37.2445007413 36.0987863589 37.1667936724 36.7613323973 37.3360435223 37.0339011214 36.9563131244
0 0 0 0 0 0 0 0 36.4164453643 36.4870781304 36.6237459995 36.1270111622 36.7519292474 36.7240881309 36.1620521005 37.3286341334 36.2409315587 36.9136590705 36.1553180274 37.006948791 37.0147786265 37.3582234007 36.9682472493 37.3489458357 36.0815319469 36.2407077557 36.2363096756 36.0289073776 37.0339312145 37.1001869433 36.2155503804 37.1588823261 36.1124356528 37.3496127341 37.0910372596 37.0514939653 36.6668550812 36.2357745714 36.8221963817 36.3553297982 36.7913976425 37.0183806409 36.7704729028 37.103529504 37.2249871858 36.2809034342 37.0325657679 36.3214619317 36.034415627 36.8893419336 36.4759755396 36.6433671567 36.4795303029 36.6723546824 36.8842165003 36.9353932864 36.6177301512
0 0 0 0 0 0 0 0 0 0 36.6079176376 37.0837799811 36.3897244911 36.8427329822 36.1211420827 36.2407910113 36.5452061351 37.0774504364 36.3036836762 36.0152558117 36.7270606918 36.6797782844 37.1895450908 36.7208499376 36.5038304089 37.1181581099 36.0039494715 37.0080323643 36.4014740077 37.3504599341 36.0212295416 36.3978351093 36.1850012579 36.3979263665 37.0047554875 36.5883327127 36.1675312786 36.0059547 36.6267040528 37.1947424099 37.3033329411 36.8505497958 36.9797982143 36.2297370928 36.7097951212 36.7774475242 36.0563746821 37.2692248067 36.0259008863 36.4467672619 36.6755812256 36.6638324808 36.7871238602 36.2713804696 36.8859958434 36.2848799287 36.4351427182
0 0 0 0 0 0 0 0 0 0 0 36.6200108142 37.1986749711 36.4421280892 36.112653847 36.4615869129 36.1441056217 36.1318278588 36.1878245629 36.8307978102 36.1410824325 36.3247727498 36.4636484614 36.7122437056 37.0181473395 36.6628663629 37.3168611434 36.5479321405 36.9999294744 37.2886472282 36.8522945265 37.2117018304 37.3604978543 36.5181104809 36.605705175 36.0628006502 36.2144137117 36.2643057174 36.614027542 37.3689636443 37.0195859532 36.9616875173 36.2296210739 36.4062592565 36.9882113319 37.3407581717 36.0950065651 37.4037084255 37.3646785139 37.0363744326 36.70049371 36.4754081576 36.4489819748 36.8347256994 36.4495417228 37.2107112965 36.6453993688
0 0 0 0 0 0 0 0 0 36.6324058062 36.6221922907 37.114463726 36.4931265967 36.8484686813 36.2861809731 36.3714138637 36.9773283417 37.3087595129 36.5666190883 36.7154258051 36.5693890905 36.5138675653 36.8476770423 36.0644197444 36.8552695088 36.2626590526 36.7409819049 37.2662285487 36.2863090373 37.2629831942 36.8676958879 37.2970755629 36.4661220144 36.7564904532 36.3581184907 36.9875306501 36.5907544124 37.4066663359 36.345547609 37.0508749245 37.3602660721 37.2197880278 36.1123769354 36.5181349685 36.9245304472 37.2816592302 36.0645747949 37.2890037451 37.0272580041 36.459484026 36.9840280925 36.2363680825 36.0079051534 36.670197603 36.7229846604 37.4081490328 36.4251343734
0 0 0 0 0 0 0 0 0 36.9371554158 36.0306888949 36.2027533319 36.945118576 36.7067938365 36.0630555119 36.4530887275 37.2797850326 37.2042496713 36.2289590083 37.1358842333 36.9480625271 36.0371732569 37.1466674592 36.0899638046 36.0492139054 37.225361073 37.3126228558 36.1039515008 37.107306059 36.1803130957 37.2852368887 36.1490416554 36.8362465311 37.0302539607 37.3035276164 36.6493097949 36.0757382445 36.4043538594 37.3160456504 37.2520586182 36.1980099042 36.0830873504 37.0359181997 36.7540614722 36.8922659185 36.381603622 37.2480835032 36.9441120354 36.9351396312 36.6058402848 36.8386540303 36.1869267823 36.9605299497 37.0168216276 37.1258166402 36.1532206928 37.1719463719
0 0 0 0 0 0 0 0 0 37.2082475709 37.019429896 36.0157855845 36.2579571169 36.8392125103 37.2001754125 37.3694394639 36.3554073558 36.0143937425 36.7640151431 36.1608119197 36.5141143376 36.2300984115 36.0600961494 36.4570830941 37.274972868 36.1622197354 36.6237574497 37.3028362639 36.2954608961 36.0638301061 36.9177649307 36.4660807439 36.1244739017 36.2206134828 36.1195580545 36.3987722613 36.9594864688 36.4155751814 36.3479222128 36.5174902363 36.5659209561 36.0472007825 36.070537744 36.6609675779 36.3572942866 36.3030219175 36.7153223378 36.1546986839 37.3062466436 36.2294962955 36.86358263 36.4626658812 36.55634144 36.7078392497 36.0305153578 36.3174256755 37.2851279019
0 0 0 0 0 0 0 0 0 36.6625453299 36.4587414721 36.4059978232 36.1849480925 36.8268991012 36.9850352362 36.1616197544 36.1498626416 36.6549791246 36.4959085581 36.6300096327 36.8693402516 36.8590439172 36.0231466579 36.4579732111 36.7503538857 37.0997739842 37.1321558248 36.0822330025 36.4885748048 36.2446328732 36.68082272 36.0565289563 36.581059085 36.3168343804 36.8484292928 37.1015069028 36.0923488523 36.0405199649 36.2980015809 36.0593698228 36.5698456376 37.0477601858 37.1544632159 37.2282614506 37.309986443 36.507968104 36.9591807365 36.1047853701 37.3341333388 36.0160805088 36.7787060102 36.6007835682 36.4243417661 37.2623416094 37.2161440432 37.223837827 37.1974508648
0 0 0 0 0 0 0 0 0 36.236038998 36.1871672449 36.7850120492 36.7786761633 36.3553089283 36.6984511409 37.1427455627 36.4695876704 36.5443556119 36.2856230682 36.6718428075 37.0742363227 37.2245089632 36.4464547778 36.260393026 36.738831889 36.6692480233 36.9937653963 36.1305763546 36.3274974328 37.3144093316 37.2532687131 36.7545054874 36.0297037536 36.5248053524 36.5818291613 37.3092950065 36.9614028305 36.2860066215 37.3671260888 37.3269237963 36.6285608733 36.6353639549 37.223088659 36.2620391457 36.6885472362 36.0364562824 36.3946193593 36.7597035125 37.030502228 36.8241387193 37.1346068713 37.273165017 36.8936680208 36.8213182174 36.4392075212 37.0459440353 36.3528034185
0 0 0 0 0 0 0 0 0 36.2430450941 36.4904983135 36.7217932015 36.4730309373 37.0806692269 36.8868340243 36.6227040511 36.849245078 36.4707907339 36.6906760776 36.4388350507 36.7082188953 36.3153896587 37.1307294786 37.1259600837 37.0573572425 37.008089637 37.0068695753 36.038150765 36.1028090044 36.99429117 36.4314960103 37.2177478837 37.0725220328 37.0863649871 36.5469631109 36.4060356027 36.5822891783 36.2891402658 36.8653823193 37.2522951304 36.6501722811 36.1960342639 36.3690376554 37.049089046 36.8220153026 36.5465030056 37.2691147052 36.0384341286 36.324834154 36.4548402934 37.0530249507 36.433205467 36.3655215402 37.38636126 36.9347797168 36.0606950232 36.067457286
0 0 0 0 0 0 0 0 0 0 37.2287451317 37.0999292208 36.4050953953 37.3673016758 36.4887998208 37.1677394349 37.1259939067 36.5657571603 37.3088869537 37.2366293302 36.2164938011 36.3870906093 36.4166052765 37.1907796608 36.8230526326 36.2198951401 36.3564247648 36.4475647492 36.7851148957 36.71321887 36.4861883856 36.2959781901 37.1322956957 36.4330491481 36.4614598082 36.8472193795 37.2275772357 37.0442945495 36.0293027624 36.0347577807 36.5143754391 37.0927029844 36.4514727955 37.3627573925 37.3322297567 37.3207689265 37.3536549399 36.9693220989 36.3864330377 36.7126954955 36.0051530682 36.6718227025 36.0714734835 36.0630347862 36.4189516349 36.2631753354 36.3204894992
0 0 0 0 0 0 0 0 0 0 0 0 36.7131768128 36.6408347408 36.6966043048 36.4762214476 36.735797237 36.5005690101 37.356235063 36.6802902461 36.2738719382 37.3665478038 37.2615847929 36.022992944 36.7622962997 36.7868459214 37.101008896 37.0337493042 36.2039380055 36.9012546325 36.0883429098 37.3913562952 36.0835228533 36.2248197771 36.8323822086 37.090597069 36.0506938904 36.6131727937 36.0140586238 36.336220964 36.9012264454 36.4286177326 36.6645106052 36.6303173002 36.9621609477 37.2485591735 36.1458450534 36.6546217468 36.6508426431 36.7578067399 37.0121192606 36.9452903708 36.9107823051 37.2564620712 36.9180659623 36.6603164471 37.1191058113
0 0 0 0 0 0 0 0 0 0 0 0 36.759583124 37.3202566695 37.2187246628 36.925866805 36.5699268033 37.0511783836 36.6417716505 36.2277938707 36.9581007106 36.8132176493 36.1894269584 36.8317323792 36.8918996934 36.5605668536 36.5550424387 36.5146791574 37.0382541205 36.588771375 37.1783100097 37.4113816632 37.167725491 36.3439094595 36.8358792014 36.9578042181 37.3995595339 36.3939501216 37.3910877552 36.9202486153 36.9406130725 37.0455852603 36.219476557 37.1387335604 37.1457598968 36.2458130425 37.2380221205 36.4393553053 36.3067563493 36.6107295604 37.163375631 36.1085019829 36.6262389661 36.2317795956 36.832400535 37.0976923471 36.9664788926
0 0 0 0 0 0 0 0 0 0 0 0 37.0121345414 36.4676969311 37.1901382276 36.4456592022 37.10646254 37.3863563635 37.1678676833 36.7232886603 36.3150610345 36.5840754756 36.3411757768 37.0941569467 37.2726954479 36.1199181788 36.9896392628 37.2835180554 36.2478516802 36.0928091071 37.4001543381 36.2766196837 36.1359319701 36.586717916 36.5312543666 36.893137469 36.7737633736 36.260369285 36.0449735051 36.5804221061 36.6043686 36.1747794795 36.0794550577 36.8155954376 36.3625823981 36.0992135138 36.0376935812 37.0929644652 36.5552652882 36.9383393623 36.6476782634 37.0959548622 36.1302601956 36.0944760856 36.3712571639 36.5437312406 36.8070133296
