Spatial_Output/DEC/DEC_0499.asc
NCOLS 155
NROWS 192
XLLCORNER 196307.867259
YLLCORNER 449144.565805
CELLSIZE 33.573938
NODATA_VALUE NaN
[rows 78 to 103 of 192, columns 0 to 56 of 155]
0 0 0 0 0 0 0 0 0 0 0 0 0 27.15160395 27.6116159189 27.0539103974 28.1827169139 28.2760929766 28.292014775 27.0103331517 27.2115035382 27.4038697077 27.0003036772 27.311325651 27.163192228 27.1294214095 28.0534757556 27.4850393143 27.481529201 28.0671382978 27.5437117007 27.1341151741 28.0900502826 28.1127593772 27.0198289269 27.2619824074 27.3854467557 27.8914314159 27.2571460186 27.7526573876 27.1831484913 28.3371320766 27.0474833105 28.3521345336 27.3883937347 28.3481451902 27.4838187181 27.605943574 27.0960453308 27.9395328643 27.5114455078 27.340096433 27.9077234068 27.2079645782 27.856265953 28.0660405568 28.3119954311
0 0 0 0 0 0 0 0 0 0 0 0 0 27.9599472177 27.0818797354 27.7515066332 27.8288956022 27.7269401765 27.5869890009 27.8716582758 27.054061991 27.2474329576 27.9931407823 27.3520536781 27.5301621352 27.3895457908 28.3186828232 27.1029784087 27.1357833259 27.43938713 27.272894495 27.042479531 27.5722437114 27.4442764775 28.3413988897 27.2251132359 27.0415959228 27.3823910561 27.0928545253 27.3753225836 27.6225482335 27.1238614973 27.7756411492 27.0586281326 27.439355226 27.5811345618 28.2779201111 27.5707349648 28.1404613343 27.2799978314 28.0049508494 27.5836328971 28.0065976755 27.4510606744 27.77524084 27.5784359282 27.7853050615
0 0 0 0 0 0 0 0 0 0 0 0 0 27.879651389 27.8500930999 27.9449663506 27.6124202102 27.4909501089 27.3176801059 27.2128079655 27.1645090846 27.2179409132 27.8175871305 27.6320364715 28.1146227913 27.5730742233 27.3773198114 28.3441480409 27.796235085 28.2914627257 28.3116726328 27.1302583061 28.3125083278 27.1586733242 27.0801263106 27.8754938916 28.3568995846 27.8322210044 27.1851526702 27.1132031535 27.4873142042 27.2822206215 28.1331858833 27.8034375741 28.0939991679 27.204280852 27.2083487869 28.0352283836 27.1009323389 28.1375278122 28.273598553 27.9669669704 27.2471709723 27.6854555408 28.2350373793 27.8837697659 27.7078264158
0 0 0 0 0 0 0 0 0 0 0 0 0 0 27.4120721338 27.1854150445 27.643996982 27.0770183357 28.3595390151 27.0317199186 27.8612753862 28.1796689458 28.0213644064 27.2090796726 27.3235957485 27.2115582466 28.1764723119 27.1854647681 27.8130576425 27.7994988001 27.6142230398 27.4817618067 27.2321887697 27.7285953443 27.6627454938 28.3043757822 27.4989296233 27.2584631855 27.6592762983 28.3683987193 27.0035089022 28.3742482152 27.6569430111 27.052720014 28.0764490989 27.4546109677 27.4366005599 27.4015773797 27.4944679412 28.2668021103 27.0437600065 27.1984649801 28.2653281938 28.4140981001 27.1596375794 27.1053566711 28.205850742
0 0 0 0 0 0 0 0 0 0 0 0 0 0 27.0982577137 27.163782821 27.2224141694 28.2948184603 27.2088744313 28.0197743501 28.0895619248 28.3616229336 27.5002418284 27.2985433954 28.2318282969 27.3572405347 27.0139132556 28.1190721036 27.8214031145 27.0848949068 27.0037325972 28.1124774909 28.1261321128 27.9148819511 27.4579076725 28.0332753867 27.1439372522 27.8182812752 27.1836052058 27.6385938347 27.8408742853 28.0297561288 28.1349503976 27.6510577554 27.9013691402 27.6705341894 27.1008484659 28.2631385375 27.207191976 27.1970633453 27.709074147 27.5450226394 27.8756354299 27.7776980381 27.0870503545 27.3228312389 27.7745044284
0 0 0 0 0 0 0 0 0 0 0 0 0 0 27.7627531717 27.954256228 27.6450066393 27.8863098807 27.335341964 27.6201669039 27.4073779681 27.8020225029 27.2050767334 27.0864865911 27.7075489562 28.0208540683 27.5267336545 27.6287635522 27.664605301 27.4254973488 27.0190824809 28.3346845091 27.9490579842 27.8522511591 27.9293263177 27.5530682996 27.8488110433 28.0286897141 27.6374129744 27.233611803 27.9989442798 28.0948324988 28.097449035 27.4326830735 28.10162171 28.164630515 27.263989807 27.6073026292 27.181990624 27.1503737066 27.5750876689 27.2135741268 27.0872130092 27.9104565246 28.3148764661 27.8328064351 27.8251981004
0 0 0 0 0 0 0 0 0 0 0 0 0 0 27.800574694 27.4342896007 27.3369679316 27.6267436599 27.444215248 28.1789947346 27.096997207 28.2156447059 27.7761262988 27.2026683336 27.3980738839 27.6333369517 27.4932242745 27.2193300265 27.5718552772 27.5477073802 28.2900292422 27.3215368172 27.0021572152 28.0452163737 27.8319694174 28.1293118495 27.098958697 27.7340515017 27.7866212102 27.3719200425 28.0143112342 28.2924751207 27.9476265701 27.8166809787 27.4760030925 27.4417187547 28.2608450582 28.3866138767 27.9925866273 27.2644331381 27.288719867 28.0943772344 28.3758658036 27.4306639762 27.8072955544 27.728587406 27.1622602007
0 0 0 0 0 0 0 0 0 0 0 0 0 0 28.2400765663 27.0558096715 27.646796062 27.5688457077 27.573343766 27.5820348667 27.4958168086 28.3024606098 27.4363573892 28.120471912 27.725677939 27.9635194913 27.5446172352 27.4435937768 28.2712432025 28.0822871077 27.1271467798 28.1525630273 27.5528448562 27.1708233809 27.5819937234 28.3750201626 28.2286691361 28.2471694385 27.7377482072 27.5905802318 27.5083381526 27.1419077476 27.4044507924 27.987103902 27.291708189 27.4096579259 28.0489392321 27.7609784703 28.332276171 27.4219558525 27.3414070525 28.1248875149 27.3502724115 27.7190648613 28.3423275604 28.2717864407 27.2177873437
0 0 0 0 0 0 0 0 0 0 0 0 0 0 28.1927543674 28.4026207847 27.9170879513 27.4533349753 28.2484552545 27.24074384 28.3410061246 27.1264882685 28.2643521827 28.0517808403 28.1938879971 28.3460224832 28.1404988624 28.2527612979 27.3293971666 28.0223569922 27.3293038931 28.3124313013 28.0621478116 27.3914114849 27.2224647619 27.9753241448 27.8396413608 28.1252653592 27.1346063767 27.8036737206 28.2111948995 28.0276109059 27.2332814546 27.8163858262 27.0351022971 28.3835327875 28.1156684949 28.4018802524 27.5190417558 27.3673173527 27.6557592694 27.9367126567 28.0659339877 28.1243916883 27.512681328 27.0539986373 27.0454966324
0 0 0 0 0 0 0 0 0 0 0 0 0 0 0 27.7961213163 28.0573203214 27.1860544467 27.4367881963 28.0018901784 27.8433527414 27.2760953743 28.2474225127 27.3941763992 28.1344970182 27.3424435185 28.0555805788 27.1667474906 27.8779016215 27.21849991 28.2673530093 28.0580796747 27.3617127772 28.1523461283 27.6294880755 27.6654924457 27.377420356 27.836566818 27.1292841251 27.7922877307 27.0905653347 27.7888701838 28.2713839434 27.7367371856 27.4492298712 27.5305690848 27.1831707674 27.6007070279 27.3479135817 27.2308062546 27.8129593058 27.6745683943 28.1845734543 28.1748014183 27.8143553355 28.3489456161 27.113677896
0 0 0 0 0 0 0 0 0 0 0 0 0 0 0 0 27.6709010944 27.4300577858 27.745299474 28.3873310839 28.1111215708 28.3311699426 27.1377621515 27.1936767144 27.4364878231 28.1527290873 27.6717741545 27.7404164905 27.0636296037 27.8951461879 27.0370802344 27.6460009596 27.18476533 27.8139287024 27.9841119143 27.7928748005 27.7660054589 28.172164832 27.0964785027 27.9906771462 28.2116940884 27.6716293184 27.740632472 27.7705091631 28.2346341518 27.0933601429 28.0579635022 27.7041136776 27.7762055128 27.2286017875 27.2573332663 28.3625380924 28.4093810797 28.273294187 27.4922870609 27.838367615 27.8047600008
0 0 0 0 0 0 0 0 0 0 0 0 0 0 0 69.7571762143 69.7571762143 27.4311524651 27.9438249083 28.1732669256 27.1580586743 27.7285394038 27.0750717885 28.086288208 27.2003797089 27.4880059296 28.0226500515 27.9975432559 27.4379789233 27.8084322483 28.1195576318 27.5193579393 28.1316029207 27.5415921935 27.9154856357 27.1036907365 27.0542134716 27.1420696332 27.4984706239 27.3110955132 27.0342462584 27.342902636 28.2357927501 28.1661521317 28.304598405 27.1958359454 28.3627347092 27.3166727283 27.1371037313 27.3936231451 28.391081878 27.1933374419 27.9000032031 27.6204755476 28.2069394096 27.392513778 27.8337220762
0 0 0 0 0 0 0 0 0 0 0 0 0 0 71.1128159093 71.1128159093 69.7571762143 0 27.6861336296 28.0985836992 27.9076543234 27.6659282908 27.6327440744 28.3831632445 27.704313503 27.3654961711 27.513034904 27.8372379204 27.4744444332 28.2643303118 27.0899170179 27.0969361609 27.4803291573 27.8538323439 27.2362811385 27.0227586391 28.1941014926 27.1437860012 27.8102613489 27.6295293367 27.6157964347 27.8977138339 28.0139378144 27.3478619701 28.2920820325 27.2677113297 27.0545167699 27.1343436942 27.6386255376 28.1172771904 27.6736696699 28.0263432583 27.8608291022 27.8079749362 27.3450712448 27.089091473 28.3587603366
0 0 0 0 0 0 0 0 0 0 0 0 0 0 71.1128159093 71.1128159093 0 0 0 27.7090733665 28.2190734155 27.905988696 28.166649054 27.8289447675 27.7964609405 27.973693858 27.0194738435 28.0098157369 27.1689329849 27.8712678624 28.387592194 27.1114934358 27.9775193375 27.0373170768 28.2237425884 28.2373538263 27.2452415921 28.0504074923 28.2915054602 27.734382421 28.0145951693 27.9593109013 27.1023292433 28.318765264 27.6852008581 27.1873022167 28.160400782 27.5441954678 27.9756215108 28.2714848246 27.3721657204 28.3224199619 28.3078366955 27.6194724417 27.0642367767 28.2350076804 27.3061639813
0 0 0 0 0 0 0 0 0 0 0 0 0 0 0 0 0 0 0 27.4423351276 28.1384418825 27.2426605271 27.441338789 27.6582455941 28.1703710324 28.1456536492 27.4775922375 27.0964000638 27.4964809893 27.7245845012 28.1217995342 27.7244786185 27.4902487907 28.3061516803 27.7004377169 27.7932665252 28.0591483104 27.2674835893 27.6083717102 27.6304022898 28.405818422 27.3479941542 27.020165279 27.4211774537 27.5271588579 27.346403734 28.158156522 28.0859039052 27.5563265099 28.0483622693 28.1515514703 27.5098186354 27.4924755433 28.0117409785 27.9605992587 28.2250220905 27.597510652
0 0 0 0 0 0 0 0 0 0 0 0 0 0 0 0 0 0 0 0 27.7379799395 28.3406478409 27.3669826623 28.160754538 28.3608748113 27.6664766231 27.4298042691 28.1873978514 27.0498502922 27.6551860107 28.101177284 27.1491488108 27.7914118107 28.411930333 27.8425904281 27.9034957292 28.1305513816 27.9812634506 27.1490114252 27.9907870456 27.0293371007 28.1206813171 27.6704290878 27.387175538 27.931942025 27.7266009281 27.0419392547 27.7255316052 27.7690722562 27.84584904 28.2574030728 27.6494031773 27.4229285809 28.3873390265 28.0021676381 27.1268993958 27.9625948542
0 0 0 0 0 0 0 0 0 0 0 0 0 0 0 0 0 0 0 0 0 0 27.7212804594 27.0267468502 27.5054011067 27.5644662837 27.1194682896 27.2881764302 28.065733588 27.9049271618 27.6460952223 28.1273554566 27.8280394444 27.0809687895 28.2148934903 27.9810080983 27.5206048402 27.0825219972 27.2105623245 28.2832852148 27.221406736 27.6817857933 27.5048668848 27.805812917 27.4548860887 27.1927990242 27.235131125 28.2058752288 27.477960615 27.7729873893 28.1802878846 27.8883411572 27.4146084256 27.4736539786 28.0137783918 27.4098910997 27.3877696891
0 0 0 0 0 0 0 0 0 0 0 0 0 0 0 0 0 0 0 0 0 0 27.0682688557 28.3780368286 28.3296325906 27.2532822578 27.8307320503 27.2604396905 28.2309468264 28.1013007353 27.6292350474 27.9855034504 28.166752522 28.0383427042 27.5279136428 27.592307474 27.6803134296 27.3991678373 28.2368558985 27.6186460173 27.4784975822 27.6496685864 28.1057691673 27.8706859163 27.2639005621 27.9291119142 28.3800897388 27.2203511898 27.0754066485 28.0280234797 27.1314136647 28.0371610352 28.1756167777 27.8661093088 27.7624794861 27.5420482395 27.8223551201
0 0 0 0 0 0 0 0 0 0 0 0 0 0 0 0 0 0 0 0 0 27.2678995317 28.3330720858 28.1363360691 27.4008052893 27.8275453518 27.342639762 27.6697635922 27.7874291479 27.7192813099 28.1448242687 28.2191415003 27.8554023497 27.3096454883 27.6772680276 28.3764539463 28.3246413881 27.8533620515 28.1521635568 28.3823934609 27.2098977433 28.0892399446 27.5000215196 27.2309582751 28.0164688356 27.5345861513 28.2387456077 27.2901816605 28.1478361423 28.0849080921 28.1328021947 27.8107948993 27.76995066 27.5779269868 27.8248628193 28.0760027668 28.1768002121
0 0 0 0 0 0 0 0 0 0 0 0 0 0 0 0 0 0 0 0 28.2135910688 27.621612399 28.4056531186 27.6844683164 28.2754817569 28.2555517509 28.159439992 27.9217421399 27.9191731381 28.0269721081 28.2983041487 28.1749193959 27.386571478 27.8613709311 27.4503979354 27.0764280758 27.2233882582 27.1707268054 27.1375568311 28.3958104867 28.2583208657 27.7551306521 27.1482603839 27.016975978 27.519035402 27.143036489 27.9178262101 27.5113184547 27.3795483793 27.4578619696 27.5300279245 27.099642027 27.2987003995 27.5881609216 27.0501837289 27.0035416278 28.1178332516
0 0 0 0 0 0 0 0 0 0 0 0 0 0 0 0 0 0 0 27.2306920231 27.7406279704 27.8967317367 28.0818725267 27.1561234916 27.2089159286 28.074255074 27.7932817265 27.6764469552 27.0213489125 27.3103161589 27.321731409 27.5838029394 27.8631516571 28.3338484645 28.063743786 28.3956226795 28.0217082142 28.2494331337 27.8943414723 27.2367133697 28.1052102815 28.4061523416 27.7097888401 27.2493886397 28.2267782186 28.0427156615 27.2733498659 27.3129754658 28.1668652712 27.4883128533 28.1316779926 27.7359100266 28.2494494706 27.8996595551 27.1818014188 27.1754382968 27.1349373218
0 0 0 0 0 0 0 0 0 0 0 0 0 0 0 0 0 0 0 0 27.7274501575 27.143898933 27.8695536905 27.0655323356 28.1122458867 27.1117304837 27.2736800248 27.9027500789 27.349990887 28.1185739955 27.5877331417 28.3874743727 27.5772591697 28.1863745253 27.3795472086 27.6667877434 27.0811347392 27.4065854434 27.281720883 28.2796629073 27.5609452874 27.8873650196 28.304536073 27.6645339388 27.7762600476 27.9036262472 27.8360076838 28.218127607 27.2554388695 27.0431967096 27.6629547881 28.4121945198 27.5751492022 27.920501114 27.2326225964 27.8905538659 28.0931913521
0 0 0 0 0 0 0 0 0 0 0 0 0 0 0 0 0 0 0 0 0 27.9103664775 27.8442970814 27.1106014097 28.0512015866 27.6361627336 27.6832797521 27.6494457067 27.0197343788 27.2435748118 27.8971327816 27.3336241043 27.2929285077 27.9525296218 28.1613271147 27.219276245 28.0767875506 27.5742474077 28.2436491426 27.7698442138 27.4384654652 28.4071217906 27.6759878039 28.0523191694 27.4900809943 27.3506696592 27.8339691986 27.1181123291 27.653479245 27.0467249501 27.528422059 27.9780704899 27.2309744368 27.4924978778 28.1151836084 27.0028498832 27.0712097813
0 0 0 0 0 0 0 0 0 0 0 0 0 0 0 0 0 0 0 0 0 0 0 27.9216308992 27.1254455637 27.034370628 27.7682429086 27.3006902482 27.8279096093 27.0683002095 27.4110919177 28.3497193813 28.1669349691 28.1330366585 27.5862278494 27.8395257989 28.0574364226 28.2529494173 28.1026156491 27.5565545849 28.1906994902 28.076793667 27.1011299297 27.0947663904 27.9542443414 27.8167844002 27.4192091068 27.6437113161 27.6670058475 27.9508841413 28.1328946328 27.4608735696 27.5032951256 27.4702590414 27.6461741513 28.3007332413 28.1384143369
0 0 0 0 0 0 0 0 0 0 0 0 0 0 0 0 0 0 0 0 0 0 0 0 0 27.4919601311 27.7197335927 27.3704799742 27.0166103449 28.082368055 28.3014418767 27.7487842008 27.9477105633 27.7027186271 28.0196043496 27.1875288086 27.7235109012 28.2420743521 27.4867998294 27.2314952939 28.2763618948 27.5215745951 27.6831357254 27.4528194168 27.0211342919 28.0751622896 28.1259282499 28.0907005347 28.0018072309 27.6483493403 28.3168519348 27.9035323683 28.1627740297 27.3635968457 27.1246770375 27.5929061909 28.021602786
0 0 0 0 0 0 0 0 0 0 0 0 0 0 0 0 0 0 0 0 0 0 0 0 0 0 27.6620729374 27.2341520689 27.0148659868 27.8914524512 28.0166237115 28.0183723487 27.7783769734 27.9665378182 27.0514866177 27.0718173657 27.7746375973 28.3982968369 27.1297681203 28.0981451174 27.9859874155 27.4306877458 28.0846226552 27.4850812449 27.1211977417 28.1549158335 27.2527419017 27.7653992263 27.7535111802 28.3986982459 28.3888104714 28.24575211 27.0440426215 27.7160934394 27.3908702255 28.4134845418 28.1348810122
