Spatial_Output/DEC/DEC_0762.asc
NCOLS 155
NROWS 192
XLLCORNER 196307.867259
YLLCORNER 449144.565805
CELLSIZE 33.573938
NODATA_VALUE NaN
[rows 26 to 51 of 192, columns 0 to 56 of 155]
0 0 0 0 0 0 0 0 0 0 0 0 0 0 0 0 0 0 0 0 0 25.0514403883 25.3855415656 26.7349381581 24.0495565658 23.9526307005 26.0869110708 23.7749641105 23.1977492764 25.0604622345 23.5487229942 26.8813920947 24.6684590908 23.0596368984 24.0511829605 24.9984848457 24.8563297768 26.7392884509 25.4715868328 25.6224671513 26.9012733076 25.5222026585 25.921920878 25.7143041535 24.7402196922 24.4760989207 24.0302221159 25.2016101885 26.293705687 24.8469950937 26.507758173 23.4865134519 23.6064185962 26.5208651515 24.6539737873 25.6922647876 23.9318156618
0 0 0 0 0 0 0 0 0 0 0 0 0 0 0 0 0 0 0 23.9026697188 23.7457772848 27.0821927605 23.5786968759 26.7981542165 23.6947275952 26.4499220852 27.0347632854 23.9623599138 26.5578707879 24.2114502929 24.7910172047 24.6282247678 24.0843921828 23.3932793985 26.3802907596 23.8036313247 25.2684373641 25.3763968257 25.7253751776 24.6623282596 23.648552822 25.1551520521 24.1920759716 25.2646266959 25.6085984031 24.6030505105 23.3723591677 26.7608322666 24.4366810465 26.8977989911 23.9313944928 26.365495826 25.3283133997 26.8893710318 24.9667715328 26.5445027788 26.2812115735
0 0 0 0 0 0 0 0 0 0 0 0 0 0 0 0 0 0 26.7183373883 23.7135249195 23.3360400366 26.8474371092 25.7216554097 24.5739214667 25.1863140799 24.9685044767 26.6185866546 23.5375102837 23.6749234953 25.3616019999 24.6076804129 24.1188714957 23.4931496633 25.5632154023 26.911943532 24.5300426266 24.3072389426 26.4710111764 23.4754711859 26.232933179 24.0965464119 25.91466672 25.032855652 26.7685484306 23.3766132842 24.8310808298 25.3556281911 26.283897652 24.5333721248 23.7053248133 23.3509773442 26.7994516562 25.644881995 24.648047236 24.8010737762 23.9210346743 24.5719377
0 0 0 0 0 0 0 0 0 0 0 0 0 0 0 0 0 24.6214757511 25.075545226 39.1122141547 47.0857229646 47.5393719562 25.2588242561 25.3784688696 26.8716789609 24.9327899732 24.595170056 23.8474162379 24.6509500681 24.6847059323 23.9422320872 23.9487855167 26.8082877829 25.75112525 24.367737812 23.3076773023 23.498326796 23.2877869448 24.7639521574 23.5502225662 24.375032118 24.4945819794 24.9758851525 24.5078517327 24.7755785356 25.8138854409 26.8869180162 24.3513958887 25.5532328589 26.7773129936 26.2768664922 23.0171253519 25.2071750378 23.5672249044 25.4654689161 23.429398678 23.6665458462
0 0 0 0 0 0 0 0 0 0 0 0 0 0 0 0 23.3707400749 23.0720363479 23.2246431957 48.1555624992 46.0601633238 42.1159120502 24.9444170386 26.902068866 26.283683371 26.2645224931 23.7192181114 24.7253662847 24.1506692261 25.2551500666 25.3438932627 27.157492688 25.8671951699 25.9417529969 23.2699712406 25.0509442536 26.0620916259 27.174769937 24.50606593 27.2149890846 23.150749932 27.0403010689 24.2492586988 23.6242012501 26.9280481888 24.6165919387 24.9465686165 26.3734838263 25.519553305 23.433630377 26.7111241479 26.0409689583 23.5981538755 24.7015871637 26.6227592259 26.477174456 24.2634989689
0 0 0 0 0 0 0 0 0 0 0 0 0 0 0 26.678945221 26.6278118664 25.9075905905 26.3078417958 43.8842620625 44.9884932892 40.9716255683 44.4913673627 26.0982267878 24.9194541785 24.0035588806 25.6560203076 23.944935622 27.2065220049 25.0296506043 24.6988111639 26.3693274886 24.8392194894 26.3309026646 25.790837757 23.8730896681 26.1365017657 25.2985933669 24.9325680489 23.3875524662 25.9171508242 25.5431436545 26.4385732377 23.7779815316 25.1322605489 23.0623591835 23.6344900084 26.5204721996 26.5293473869 26.2913117811 23.6911714863 24.8804566941 27.2288265279 26.7421350605 26.8777947722 24.9634322557 26.6044455643
0 0 0 0 0 0 0 0 0 0 0 0 0 0 0 25.4830948449 24.2647253204 25.5306766127 25.2519603766 44.1629895382 36.1651722121 46.8479605461 47.4517301184 26.9693658067 25.6815572194 23.264985758 23.2858534671 23.8495371026 25.9953464243 23.8983549212 23.2556842716 24.8774184309 25.0169549076 25.7154221532 26.2736278635 24.1612072553 26.9984240143 23.901948617 24.0534741798 26.5614620438 26.7494679562 25.2455035938 25.8407972069 27.0148175411 26.7440349934 25.227180751 23.8307865315 26.6350116456 24.1417301902 25.8078422216 26.5360419836 23.7883111528 25.4816322103 25.9246508076 24.4518189998 26.7645041847 23.5854702668
0 0 0 0 0 0 0 0 0 0 0 0 0 0 0 25.1835057048 24.031696792 23.5263452986 26.8154613123 26.5613122349 34.2837190374 38.6859593669 41.3538936067 26.1624839671 23.439202905 25.6540496545 23.3701097811 23.8358472903 25.2257950075 24.4893937721 27.1766213053 25.5019154444 26.7527316581 25.6996014075 23.8968443985 23.2406458062 24.9967714662 23.90450771 26.3196289642 24.0405421157 26.7678060454 26.2752978337 27.1151852745 25.8012465795 27.1231400955 23.3699788797 23.8304147895 25.4805415259 23.8375925738 26.1697208124 25.2296089709 24.4303768082 26.3997108247 23.5713053089 25.3541037765 26.1213692228 24.7861212553
0 0 0 0 0 0 0 0 0 0 0 0 0 0 0 25.4141081438 25.3198487998 24.309075891 23.5836009161 25.8801997191 25.4450991551 23.6165767084 23.6342373236 23.238677194 23.1879512899 26.5589283268 23.4413395681 23.1044512903 26.1797901833 26.5896146715 24.1995819955 23.5509692647 25.919648855 27.0646883662 24.6612650343 24.6772664875 24.3682234901 26.8183219165 24.4469602393 26.4250709932 23.0677774342 24.6908381417 23.1856800019 23.235194458 26.1295460644 24.276384454 25.6311280696 24.4533719419 24.1015549262 23.9427070853 23.9888942095 26.7696230089 26.1699294794 23.1885441939 23.4868935629 23.8783464783 26.8564545011
0 0 0 0 0 0 0 0 0 0 0 0 0 0 0 25.2594239571 24.2723248309 23.9748541914 24.7518214152 24.1958279688 24.1765711454 24.8110743022 23.3965552534 24.6994117109 23.769183297 23.3259222689 25.4340414232 26.54605368 25.5931336986 24.0135288363 27.0867891704 25.4558752232 24.7118510432 23.3422725453 25.4176806886 26.1289513321 24.3182191241 26.0177471524 24.6933936274 26.9995203447 24.4418390603 26.9433355975 24.2710824752 25.7601441839 24.896341421 23.7269046134 23.3370304825 23.6182944581 25.8148087008 27.0443955727 25.198515235 24.5261124507 25.8361970734 26.6530654346 24.5997721823 25.6771796677 24.9865759071
0 0 0 0 0 0 0 0 0 0 0 0 0 0 25.5270601939 23.6938328956 25.5674768813 26.9187709314 23.7069787215 26.499005342 24.965276839 23.597506355 24.8129387442 24.2189099169 23.5115676197 24.1467938204 26.3193339045 25.1720015664 26.4601151628 24.6101234988 25.1434241214 25.2014630036 25.937217744 25.2600617559 24.9857444782 23.1214857779 24.035938468 26.4320252402 23.8031721163 26.5795124602 24.5902291358 24.318035376 26.3008738253 25.6178151782 27.0686992248 24.2477918339 26.0998790466 23.3963021142 26.046280854 25.9550438664 23.2401333079 24.0758737171 24.9885133938 24.4514251274 26.2566746992 25.0587818986 26.3356607452
0 0 0 0 0 0 0 0 0 0 0 0 0 0 26.2803890465 24.1445544471 27.0516945293 26.7087622397 23.5244842367 26.3347325282 25.9691842569 26.7317663007 23.7190122192 26.9219960171 25.1214702892 24.2933608015 26.9659611221 25.5135088478 26.8280360292 26.4667848713 24.6979200271 26.803608227 25.0695153126 23.8556088581 24.8922157183 27.0635627875 26.5831987671 26.1118447434 26.4572740979 25.4435818493 25.7307633884 26.4102670076 24.0815027473 24.7148903798 26.2724973297 25.646910915 26.9204925668 25.452890016 25.5932275495 25.3329037715 27.1653735419 25.2346466369 26.6625660204 26.5144432708 25.7351815435 23.116321909 24.9046324197
0 0 0 0 0 0 0 0 0 0 0 0 0 26.1507361475 23.825918403 23.4399335396 25.9562880872 23.2068079215 25.8099432609 26.4758091591 26.4331327136 25.9992655568 26.9828188867 27.1616563551 25.984447643 23.4872696689 25.0718712145 26.1921025808 25.2072720024 24.1152440683 26.9601816765 23.5148714619 24.9721011981 25.481335792 27.1595827684 26.3634906793 26.9969067439 25.954648417 24.3588561246 23.1340056149 25.6673205326 24.8879619543 25.596026589 23.8557897973 26.7789851603 27.1575778564 26.4058749834 26.9849150524 26.7605458144 25.5554670371 25.6797244527 23.9895418296 26.4457650737 23.2843235337 25.2834950144 24.0591758728 25.3899069521
0 0 0 0 0 0 0 0 0 0 0 0 24.679268079 26.8374928373 27.0058041518 24.4347092593 25.1546946602 26.2081774576 26.0014127615 24.7413416853 24.3218670361 24.8054150761 27.0573392435 27.027132551 26.3943480786 25.8174156484 27.1049658985 27.1893164632 42.229650087 35.1920381335 38.5451372129 26.1884170369 24.4019498413 24.0661923338 24.3302985867 26.040490319 23.8147568361 26.7266609396 26.443560005 26.7704373675 25.1621944363 26.9906382199 25.7143979623 25.8789001974 23.145246178 23.0502951518 23.2619269364 25.4574631165 25.9398118988 24.5352748811 26.9721593976 26.5485073043 23.0214637151 24.8840571064 24.3025763927 24.7965177716 25.6829378717
0 0 0 0 0 0 0 0 0 0 0 24.8713760348 25.7449529616 24.3940767991 25.8035039195 26.4349648714 26.4714330859 25.9681398541 23.7846673645 23.2514510115 25.8631095827 24.3975043955 23.4459668921 23.4808232715 25.9706837487 24.4336448994 25.4552099084 27.1774591814 47.9778053868 45.5779112984 41.303387857 25.2773911954 27.1280388579 24.0947064875 24.9623730139 26.5406465513 26.5383801043 25.0067207124 23.4005051078 24.4185639358 24.8301086628 24.8296892259 24.0386827334 25.4166287975 27.2297995424 23.4168539021 23.6710394273 25.509419071 23.2088530728 26.5242021871 24.3646746298 25.6622315636 25.6938010307 23.4247271257 23.3174277646 24.4389090142 23.8106631446
0 0 0 0 0 0 0 0 0 0 23.5334581041 25.9208927751 24.2149991983 24.3388593952 25.8436044878 26.3672890002 23.3332705348 25.3173113159 25.9722333972 24.3096024022 26.5329255645 24.3624731331 23.1189631145 27.0559271882 27.0677543917 27.0147666525 25.5561144647 26.0240460066 35.3262168462 40.143230543 44.9941792481 24.3077696846 24.4922343591 25.6181004159 26.5257419529 25.791151761 26.9609458714 23.2431512918 23.6397916424 25.3733669246 24.6717714709 24.9399355936 24.201716567 26.782644535 25.93130455 23.8479822674 25.5930071008 23.8091084965 26.2584448223 25.6315854182 26.3948189582 24.2266777268 24.0705548898 26.9718226649 23.6347209813 25.5508321033 24.3832106563
0 0 0 0 0 0 0 0 0 0 26.0754621711 26.5295088555 26.4835613695 25.4419195359 24.4097329472 23.5198242643 23.7093568678 24.5255920206 25.1915023184 23.4813345641 25.6830283659 23.073268444 23.0226620328 23.5417674384 26.7385513637 23.9204411931 26.0747155577 26.6038043531 42.3207503038 34.8111007714 43.1282143305 24.4108696725 25.1645618024 24.8228734399 25.970006042 24.7598665194 25.2901033035 25.4945917376 23.6862701105 26.8693230688 26.050081146 23.5755257759 26.490036162 23.6497768572 23.8699470115 24.0510319736 24.1493774678 25.4812850703 26.591189327 25.0597059093 25.1776211319 26.5158338597 25.5771848244 24.4520166093 26.6930255156 24.5864515785 25.5352647218
0 0 0 0 0 0 0 0 24.8041916811 24.5334408864 25.8392414391 24.2058448788 27.1319493803 25.4389140171 24.0602603909 23.7221409227 25.7868170105 26.569408643 24.7796496906 26.7851477522 26.3561944868 23.8264913339 23.77047296 25.1472192445 24.6605749806 24.2662061071 25.2051301452 26.9013079244 24.5146874237 23.792918572 25.3288983514 24.3412990618 25.2286680468 23.1337512707 27.2132147432 27.1243167172 26.4669187491 24.6462255356 26.6013439743 26.4129853708 25.135047173 23.3633047378 25.4680996415 25.4146614514 23.3058334602 25.0225347727 24.9674212061 24.4550526213 26.7611937737 26.4414569947 24.3005807947 23.8542812381 26.8276367822 25.5544050056 26.3594143736 24.5207970326 24.5388752176
0 0 0 0 0 24.5402212981 26.6079484203 24.4784657516 23.7264676615 26.6465435554 23.8789006818 23.4862742285 24.1681671927 26.8356032683 24.2496673074 26.3989906179 24.9079276739 23.2180540962 24.66042413 23.179189525 25.0646724554 26.0288056458 27.0333679242 23.4253004723 27.1123244435 26.3662538722 24.5986382999 24.7288424594 24.5373349114 38.3338173912 46.6341060419 38.3912212333 24.4276410807 24.7098859615 25.914969676 24.0632664869 24.201435354 25.2699542272 26.5586202757 24.8335825548 26.0565789873 23.4794531256 24.6110397676 23.3647669019 24.5860088722 26.3779357089 26.6390320475 25.7571287599 23.9706891655 24.279582962 25.4041845574 23.9387875196 24.1407149312 24.8693019389 25.7633953127 23.8172641742 25.036426435
0 0 23.9643217785 26.53961473 24.9845454129 25.3100251259 25.3822355531 23.9889667627 26.6301766947 27.0743871081 23.6449695684 24.0379428033 24.271668126 24.518958751 24.1411690124 23.0561383829 25.071604957 26.8774817491 23.8778463296 25.7952014488 24.4654406376 24.8010698101 25.2337741518 24.0347525456 25.3515237442 23.7457769861 25.0518788256 26.0576726294 26.9256937135 47.8372535886 44.4988665999 47.4319726391 26.4891605717 26.5429438983 25.0100436812 24.7596250081 23.9569186992 25.4812377099 24.9793379356 24.5753433627 24.6954452093 25.8952683253 26.3395216912 23.5717348239 24.8419311718 26.2800635639 27.0079444393 25.0063124401 23.3226844161 24.4127399234 26.53283498 26.003759301 24.1282468432 25.4819259741 25.1150559475 25.2690043552 23.6660927977
0 23.9043666729 24.5994028793 26.8413090883 25.0565352095 23.9729296386 25.1045224478 24.2546373987 24.6757193663 26.6308302298 23.147019762 25.8407910757 23.3015408297 26.5425638799 24.7091677788 26.3903972828 25.2073193829 23.1507052577 23.7395477656 25.6243674289 25.1262662814 25.0476056803 27.0136684863 25.1377966581 24.4386828048 24.0180956008 26.760209821 27.2194503587 24.0201378473 37.3756770045 42.4289940425 39.0823112149 26.8571800487 26.0277067353 26.6083399348 24.5341826625 26.9295898342 26.5217408196 26.4736580207 23.8190721152 24.5128994245 26.5339358247 24.7571618182 24.7063261362 25.3500951818 24.9047053778 26.7881969552 24.1167520038 26.6491056503 25.4326345951 25.1651798456 25.3150899278 26.6935051819 23.5627127091 23.8569139141 26.5958849682 25.385610146
23.4621557747 25.6025078244 23.9960676558 23.9615461138 24.9677251713 27.0482066238 23.6721918538 25.0874654798 24.9458673136 24.959735245 23.9381667851 25.944350859 26.5543943357 26.9734018768 23.2096394053 24.0335310045 23.9244498525 24.5615896585 24.6807528876 23.2462708174 26.8467980907 23.3276389397 23.5918642248 23.849859432 26.3732935136 25.4594610383 26.4427891787 24.2905212113 26.4244433615 23.8696243786 23.4298672794 24.4626682689 27.109136669 24.9124960081 25.842807628 25.1691340963 25.4524698326 23.3108399333 26.3558579547 25.953141555 27.0958437193 26.1857369396 26.1539763962 23.4603339839 25.9266846384 25.373467469 26.0188931729 23.9235223394 23.4703130631 24.5541145683 23.7782328686 25.2098596198 25.0012416026 24.537044079 26.5059820706 26.3025820544 25.628363251
23.6918770349 25.1432093272 23.2966656874 23.8277439328 26.6423883158 26.3961554046 24.3718630123 24.5541317935 24.3404462912 23.8943214316 23.8615844468 26.4711546953 25.69435708 24.2292905982 24.924212137 23.4344449239 25.3178647525 24.8019816569 24.0236125711 24.7502026133 23.6839492639 23.2284523234 26.9993886446 24.8498005099 23.8381158316 24.2086822628 23.9076771785 25.7959114663 25.6674028499 23.6053429764 26.9184043961 24.1776030609 25.7721170919 25.0309756026 27.2107533147 25.6506720616 23.7904035286 23.5785400211 23.4582606217 26.7939459828 26.119382457 26.1843710243 24.7153755623 25.493892619 25.56032258 24.4631340961 23.2376105251 26.9509904062 23.4103284021 24.7204182145 25.9167640175 25.9068917925 25.1460729877 23.9380296986 25.3415608584 26.5166795481 23.8501885977
26.8808174314 26.3678344488 23.7961145502 25.9420170461 26.7729860588 23.7355825829 23.0865682082 26.4119113364 23.3368779048 27.2057118195 23.9998410856 27.0837132935 23.8403451348 27.1485896586 24.3258002312 24.4240260622 27.1767295272 26.920532915 24.6642072315 26.7830267757 25.785474411 24.7354540023 26.6813733356 26.3479053293 23.2432400311 26.2238152126 24.5621976043 23.1123092011 23.111399952 24.9545193407 25.3812069155 26.3507175335 23.0608210333 26.1230798343 26.5209520685 23.0503101477 25.4933885507 26.7479325267 26.5936466159 25.180234689 26.0364729227 25.2688169424 24.0423818559 24.7559152543 27.085639211 25.4856565852 23.9923506245 27.1089166354 23.7346340101 26.7234045767 26.1527067562 26.7711093277 26.9424283765 25.6519347007 26.3011256291 23.3130670543 23.5911927508
26.334417562 23.5321598669 27.0910728236 23.686262945 24.7832386552 24.2832929321 26.6262803829 25.6017487434 26.403652132 23.0044117594 25.7157292683 25.7731286976 26.9283360563 24.1718001572 25.7240602214 24.4681468012 23.3522102199 23.7806043882 24.2411737559 26.0729449097 23.7393973926 27.0466269354 25.6611362848 27.1006836393 25.1270124766 26.1060170543 26.0610125122 26.6420509537 23.4762068376 24.3855884645 23.6239005857 25.4918557773 23.149868965 26.0098493977 24.0163050711 23.3161772342 25.7188367101 25.7471055466 23.7408464914 25.7205735263 24.6846730343 26.8426960945 26.6743384707 27.1756504963 23.0756653771 26.4365246068 25.8941538464 24.2954702905 26.2489810938 24.5898227861 24.4510551755 23.1575453143 24.8157012678 25.3772166837 23.9212965334 23.5575753877 25.4923102277
26.3397066211 26.5720451695 23.8040960497 25.245699001 25.0830215913 23.7357305997 25.1404963799 25.2931092646 24.3867642508 23.5811965665 24.3185627671 24.4218098887 23.9980667613 26.3370837052 26.4533729352 25.8418792355 24.2201412039 26.1178610209 25.2534221955 27.1483350072 25.8047361265 25.2349411745 25.7203129631 24.0711428519 24.561016787 23.4470850415 24.7652183033 25.5840872615 24.9751771298 25.4100767726 26.7183394184 26.546380653 26.8144206321 24.7440681515 25.8398555553 27.2081299482 25.4121746536 26.704022155 26.565008032 23.6273071553 25.7008327438 25.7230670676 24.1258374609 23.5384351914 27.0675694519 24.6785928651 26.9168419255 23.2529910969 24.7152686971 24.4270579693 23.4213674835 23.0324100885 24.3755587994 26.5537208012 26.2422540004 24.6302855643 25.9019546879
