Spatial_Output/DEC/DEC_0374.asc
NCOLS 155
NROWS 192
XLLCORNER 196307.867259
YLLCORNER 449144.565805
CELLSIZE 33.573938
NODATA_VALUE NaN
[rows 52 to 77 of 192, columns 0 to 56 of 155]
33.0159954454 33.9708514973 32.3778777177 31.5224467824 32.8815922254 33.682810821 33.1159771752 33.8339861152 34.6092617272 34.257406927 34.0754009468 34.8438962988 34.6794902746 34.1219562878 32.5419930681 33.1026931084 32.1888416299 32.3999750934 33.2411300888 31.7785617535 34.3420107967 34.1921707089 34.2240000243 34.1624167463 32.4238581149 31.6424164193 34.0132982732 34.4936546783 33.6388732155 31.960921743 34.9813992433 32.2676144223 31.9020541439 32.125544509 34.4321052614 31.6804793313 34.3344109788 33.8312103516 34.2872628191 33.6101093346 33.2924285639 31.6684508681 34.63586622 33.3988660168 34.306586453 33.4390964346 34.3772806597 33.5790665344 33.2410588689 33.3513553156 31.7768236546 31.8631189316 33.4441996001 31.8130439977 34.9560441867 34.6425240818 33.7965613007
32.2188453203 34.8871982875 34.6836988364 34.5717619782 32.5440820862 33.4938985444 32.6128344049 33.0046551253 32.0842024173 32.0142112973 34.4566152797 32.2119311903 32.5387707068 32.2293294989 34.8917507639 34.779745174 32.3968901571 33.0347080392 31.9561583824 32.4292706313 33.048710125 32.6322977564 33.4918373112 33.9144476508 32.6610082556 33.0306462047 33.7806221778 33.3953799701 32.1973864418 32.1867396281 32.2527834809 32.3628538775 32.9257143308 32.8669855343 32.7951782764 34.1996020936 32.1732341355 32.5933731333 33.5678351792 32.3899558851 32.8416274269 31.6436972155 34.0074370618 34.9047806112 34.261505906 32.7432467037 32.7966634198 33.2543903019 32.314529974 32.7811536048 34.1624188974 31.9222961786 32.9945635411 31.6557025533 34.6871438552 31.6445186563 34.3248883927
34.3030587125 33.0558235304 32.9152213565 33.3588657011 32.5129429711 32.6352201762 32.8999205264 34.2306632315 31.5809378508 34.9099029864 33.2721661124 34.3518904109 32.1179133592 31.7814595342 32.796330677 33.2239929679 32.5200053048 34.0549914822 31.7932672974 31.6752599305 33.3972494503 33.926345041 34.4386242544 31.8216833854 33.8601020471 32.8970154458 31.6656517742 31.9107129545 31.6152725139 32.9474343746 34.7295804508 33.0126170516 34.1389766966 31.8800013756 33.3806543352 33.2338935199 31.7167854566 34.6083000316 34.5839471751 33.7404259388 32.5332849724 31.7595795611 32.5959514858 32.7502080947 33.0492901385 34.7172221632 32.9081305563 32.0795873076 32.6496582061 34.9377053974 31.6933321977 31.7700429622 32.8817937589 34.4775473654 33.7525579653 32.2985462302 32.0530525536
0 34.1090175883 31.5093936046 33.6235607836 34.8277152842 34.873018367 32.8356495421 33.5280260641 34.8596347036 33.0497537775 32.6482764097 32.3400826299 33.7589200818 33.0648386365 33.6972177731 31.6970448772 33.3381949743 34.7674913977 33.2939680746 32.535329549 32.2086310423 33.0861125103 33.2148409587 32.1027775643 34.8880507529 33.2835990012 35.0208118813 34.06507729 33.8350004619 33.9019975949 34.5857082838 31.6439585161 32.592287676 33.2940148889 33.9630274678 31.6557674508 33.1420907945 31.6566046442 34.8648094479 32.3246519685 33.8061138697 31.8368616178 33.733100242 32.9155607741 34.6080217425 32.4093310654 33.3653774688 32.4320452127 33.661632084 34.6912650436 31.7088943887 33.2100349225 32.8485185995 34.6240652057 32.9289675675 32.4140264844 34.720308505
0 0 32.8583412073 34.7378358933 33.1332357412 32.2915788037 34.4894043664 33.926319903 34.011595464 32.2324953175 32.2466583409 32.5888666253 33.9790182351 33.860893429 33.0137385518 34.339320343 34.47827742 32.8978627105 33.4197300182 31.8378298039 32.694348332 32.8652772132 33.4237250732 33.475386868 31.694956275 34.6638673465 31.7529016983 33.000178601 32.654722023 32.7915525923 32.4876047936 32.1476481189 33.248805537 34.3516098564 34.9746772933 32.7296558359 34.3655420887 32.7485437541 31.995420949 33.1074366712 34.5657730267 33.1460066767 34.6235231076 33.1881042586 31.5081612048 32.1556104577 34.7346931334 34.1995121884 33.9699230638 33.3298399457 34.6077354461 32.8777715019 34.139176842 34.2504265419 31.7293753748 33.8350111074 32.0981941775
0 0 0 33.3263103787 33.6742130039 31.7544075953 32.7348466953 31.5519036037 31.7939506325 33.3617017225 33.1305256093 32.9614052392 32.1833076425 33.6951823974 32.0314864836 31.9269625451 32.6066651669 32.6104339603 32.0629341394 33.4102564978 31.5108466573 32.6033792224 34.5669863232 34.4450232942 34.4222942332 32.1749827429 34.567876104 33.3072532943 32.6082194854 34.8461564667 34.3676032368 34.4846851168 31.6227945613 32.4800279109 34.6492238229 31.593179874 32.6792152087 34.5881718699 34.7683054556 34.5905026176 31.6328261878 32.7112800265 33.7637890883 33.1338055642 31.5179564723 34.2133926085 32.0389101142 31.8744048425 33.5126166389 33.2162055355 34.1155954051 33.2875559013 32.6395530387 32.7558685415 34.2393879711 31.9739981723 34.8459087888
0 0 0 0 33.0992319531 34.1549281941 34.4320140432 32.4767826258 33.5512124626 33.4610023621 32.9012058349 31.7692040745 34.2771395689 31.9896237603 32.9089239994 32.831640858 34.0109791254 33.4393284128 33.6438871767 31.9111508539 32.3198800118 32.7630426312 34.5652974106 32.5392377941 32.3685508859 32.1524681908 33.3794396523 34.7976998735 32.6319701415 32.9186641893 33.6446978278 33.1700866523 34.3183363001 31.5047790049 32.6557131381 32.7075558772 32.8215107082 34.9853278265 32.2791949617 35.0093649689 32.4479090472 32.1501011583 32.3213282714 31.5038119954 31.8184312414 33.437072299 32.6681092996 34.3345642395 32.0454012074 33.0945166456 32.9573583685 33.8100570026 33.1146097528 31.856071475 32.4603252909 33.8144213431 32.3949130443
0 0 0 0 31.5880632742 34.3322580644 33.3887192264 34.6130338307 33.4385466279 32.7818478636 34.6953966486 32.713770699 33.7507041404 33.4459882664 34.3940081186 32.5980809079 33.8303032737 32.165978358 34.4214363749 31.7922162682 31.8853843502 33.1275256409 34.7129669532 31.6857203663 33.449170476 34.5431842113 33.8697698303 32.6331544535 32.0519199232 31.6240771173 32.6893892578 33.1192769661 32.0387804593 33.3340309351 33.8020996696 35.010864059 34.0003941475 32.5558824685 34.7552486933 32.4618216011 33.6533582753 31.679398645 32.9613460523 33.9061162857 32.5855974305 33.7657955564 33.0795053482 34.4063338984 34.540523369 33.7690029694 33.3983951925 31.9294242602 32.9754091587 33.6155597349 32.2527406922 34.1304790875 31.9900281801
0 0 0 0 0 33.502787935 34.6194605593 32.2208145322 34.559985289 33.680902874 32.0917431726 33.6430449645 34.8938195617 31.9426105826 32.6631502851 34.1058115721 32.6731730398 34.7967541869 32.7714771452 34.3678215202 33.7508719615 32.2935508146 33.3144694154 32.1574634717 33.7379353613 32.1480284612 32.5318774398 33.1002872637 32.8340200062 33.6909493619 34.3729636639 34.7901561858 32.1307439894 33.8869762936 32.3929434847 32.6347256915 34.4173215551 34.4820541672 31.6220372539 32.358233844 34.8834957325 34.708587854 33.8824521397 34.9677221204 32.78613257 32.1096377678 34.3864800183 33.8943509671 33.7163288471 32.7058798269 32.8677892624 32.6718621765 32.7505611283 34.6580535234 33.2382438838 32.8229095589 33.0811429857
0 0 0 0 0 33.0777331404 32.2373430778 32.7418532464 34.554880932 34.637469104 31.5549884886 32.6310796196 33.3614529356 32.3631278872 31.6037965115 33.2530428274 32.9775561404 33.3122211162 32.3376988558 34.886342469 34.8842157495 32.2383118415 31.7323220927 33.2440525277 32.0289555575 31.955637912 32.8075321288 31.6947268246 33.8477830407 31.7968289883 34.1782417814 33.9397069241 32.4578385589 34.0397012542 31.5801414127 33.2630049457 33.0663594083 32.6384505479 34.5916199135 33.7038280192 32.1160247501 33.8858496294 33.6398081556 33.5281611581 34.5682835968 34.5139586631 32.762965897 32.9662805421 33.8524415455 34.8829203743 33.4690652188 33.9786658903 33.8641795664 32.2260152951 34.127624746 33.2259291696 33.6167613157
0 0 0 0 0 33.1209646486 31.8966971447 33.6657245271 32.8319933702 34.6491495778 34.7633675486 32.3836512322 33.5526373088 32.8141690626 34.7207011164 32.3485048388 34.4225917006 34.7078678111 34.8800865815 34.4203525133 34.2257837919 34.6422167161 32.5054761582 34.3848529601 33.6858630348 34.4899645789 34.7869029048 33.8962616929 32.6961280207 34.5738788345 32.4708278478 32.9368268945 34.8100195257 33.9815234349 31.8280501727 32.2457165764 35.0198192533 33.9839409979 34.9209478012 32.0254788635 34.4639854156 31.5950779927 32.9998871985 32.9353616236 34.5863871876 34.6182966315 32.8239021559 33.5474994948 34.6767033712 33.8155025833 34.541123033 34.7628728932 31.9052441642 33.0285766883 32.2813047814 32.2361746335 33.7210738579
0 0 0 0 0 0 33.2537529212 34.3948798353 33.2541394976 32.7492307424 34.574491729 34.6956273431 34.9369239822 33.5822214354 34.0234239071 34.3751446117 32.3417386432 34.167573186 32.803659988 32.9072859505 33.0281995542 34.9692629167 32.6398283057 33.6403332114 34.7096758534 33.4037537485 33.3634209296 33.9520158064 33.825791932 31.7013672325 34.3581471331 34.2629732458 32.932557272 32.2242986931 31.6013941725 33.5514546372 32.8852970733 34.6618335522 32.9038753565 34.8498010811 34.9721346097 33.72879287 33.0628660848 33.2613277493 32.0749660891 33.0597360393 34.4217001559 35.0211348974 33.5273756372 32.9001178023 34.3014109575 33.7208167771 34.2784080924 34.7619310562 32.7721441345 34.4313769207 34.7001106204
0 0 0 0 0 0 0 33.8264483333 32.3006247865 32.1976364591 32.2552224139 33.7862002564 33.885375857 34.9102278885 33.6236249442 34.6672316903 32.5983204624 33.4878328013 31.8595839273 32.8826263533 31.949347971 32.7272788779 31.5140291987 32.5175950864 31.7742548759 33.3620186204 31.7492531348 33.6010282819 33.1114133238 34.3848528891 34.3831920906 31.9815473737 31.5780270128 33.7360399923 32.439464926 34.6971599269 33.1083675192 31.6926457704 33.5504832248 32.4067241068 34.1021123525 32.4083813534 33.8877767412 31.5412965693 32.5212966429 31.8650461739 34.9928958728 33.9497892804 33.1340804143 33.0072615621 31.8997810908 34.4120056871 31.7197757449 34.3911388418 31.6794796842 33.5082665602 32.9486031086
0 0 0 0 0 0 0 0 32.7965466407 34.8120462705 32.7430232841 34.4321353515 33.5149730963 32.0263599379 32.4882681866 32.1422510469 33.613759908 32.8225046712 32.8862605196 33.5428299119 31.5181858 33.9149642152 32.2494823247 33.9518288379 33.5579592408 32.3210580911 34.6270410029 32.1542987267 34.6704689713 33.5742842877 31.6581349016 32.1002481807 33.7607455891 32.3502857538 34.0075599157 33.9421863244 33.9122916074 34.631387412 33.1276681758 32.6004000764 34.1520785992 34.2455352934 31.9463636829 32.0209638381 33.5908240989 33.6303382942 34.391315301 32.9037824247 34.8650242298 34.9274469028 32.4740209427 33.3778506231 32.7797579073 34.2716291821 34.3844307537 32.1345767504 33.5102950244
0 0 0 0 0 0 0 0 0 0 35.0064788063 34.5103220999 34.0513403481 31.9005493121 32.0880809425 33.7919030431 32.5108582025 33.1166165674 34.5073270741 34.985184693 32.2562571731 33.3722611125 33.019281195 32.2032635034 34.5932623295 31.7125781337 31.860805804 34.5963536123 31.502324456 32.3141190384 34.4327032256 34.0289421281 33.942359114 34.2971456126 34.3720537752 33.0597530868 31.9116911839 34.2342315899 31.6156272867 33.8821452625 34.6793080893 32.8158283948 32.20319977 33.4530915608 33.3700543639 33.6902565389 32.6142632655 35.002147604 34.2235647245 34.3496649818 32.8649706182 34.5809049671 34.029203146 33.3905152775 31.9777447101 32.7899532727 33.3535460769
0 0 0 0 0 0 0 0 0 0 0 32.6012137666 32.6472212545 33.298359739 34.9750170509 34.5983240831 34.4250305348 31.717007748 34.5726561267 33.5880072726 34.7887865213 34.2101870708 32.3426841301 32.6361576755 34.5264729428 32.5729209948 31.567001335 31.5711824574 34.6830634381 34.5059727964 33.4624100185 34.390210983 33.8095519304 32.4567748186 34.8790712654 33.7531839861 33.7348722571 32.6595989596 32.3571429271 32.136851598 34.2655151591 32.5608232162 33.7945146479 34.3220824939 34.3980175262 34.4029693098 32.3338183428 31.6637981638 32.94410415 33.1936124768 34.898746943 33.0017581802 34.8076671921 33.1337858361 34.1103286139 32.1209850316 32.7717479619
0 0 0 0 0 0 0 0 0 32.1180192696 32.5347131153 34.9112939931 33.9820785192 34.5947715081 32.0042351497 34.8427251379 31.7285222507 32.8179731457 33.8507295618 34.21410938 31.8570880183 32.1831005635 31.5933193879 33.0606682141 34.1002003137 33.9565528751 31.9990043202 32.6770798306 33.0676538094 31.9785616164 31.7112198635 33.5784749065 33.9461028042 34.108670033 33.8498973421 31.8704603682 33.9936506632 34.913448702 32.2149904442 32.807081129 33.5327722023 32.9517133832 34.2334494591 34.3893209285 35.03383791 33.7724540154 31.8483684589 34.6444571239 32.0442446211 34.9648593421 34.3547107985 33.6872201791 32.0627117126 33.9947893122 32.1552673529 32.971730553 31.6319228805
0 0 0 0 0 0 0 0 0 32.4020504644 33.6847489771 34.5210871066 33.8294533305 33.0160788114 34.2076726793 31.9170964467 32.5953334833 32.3841367577 33.2574991832 34.7015431794 31.6436872637 34.08342213 35.0047726237 33.4308832304 32.299317208 33.5490604837 34.2902950137 33.1679298268 32.746293776 32.5279580507 32.3351094712 34.7194736159 32.8008313753 31.5648467621 33.3268553698 31.7900200381 32.7467082319 34.9277380071 33.3351371062 34.3583622919 32.0921478081 33.3150559694 34.6488200196 34.7081132625 34.3001956099 32.2811912333 34.6035457043 31.894708447 33.685972178 32.3145945788 34.387423337 33.353385005 32.8598094235 31.5051699586 33.9529357286 32.1360403091 33.2313851025
0 0 0 0 0 0 0 0 0 34.0664632904 33.4762235381 31.5154319098 33.7232200468 31.86133447 33.3601066178 33.6821281825 32.0810101619 33.41275049 32.2853105802 34.2267645202 33.8897256786 32.5587571001 32.2700946597 31.9718217945 33.6771597769 32.5059490461 31.9152463655 31.9285582951 32.9945721115 34.6724543424 33.2458636506 34.8553615547 33.8402333699 31.6772751763 33.8666018247 31.873498297 32.5771433376 34.1407799089 33.365310913 34.9343075476 33.9371442514 34.3670327165 33.3502119869 33.0445818627 33.6656290819 34.082468248 33.8286679167 34.6985305648 33.4489079647 32.074803938 34.3467597071 33.6047405139 32.9163650717 33.6318970005 32.289342408 33.51165551 34.8022749907
0 0 0 0 0 0 0 0 0 34.8498039558 32.99719644 33.3862721583 32.0749988251 34.9687739355 33.1337582314 34.7573644926 33.6021010875 33.6584136171 34.7837684738 34.1595163118 33.9098353984 34.7756220412 31.8699543971 32.423101365 34.0581478824 32.6060475967 34.2276295692 31.6170344632 34.5557217229 33.8641270323 32.188183338 33.2711877351 34.271136506 33.8460919011 34.1424930881 34.3599376141 31.7909322205 32.282749961 34.9854876264 32.5234513214 31.5296427858 31.6038190304 34.4447118613 33.5432862525 34.598622666 34.2430171943 33.0013493206 34.3865328154 34.857144244 33.9578411949 34.2924207756 33.8445543405 32.1183494046 32.2229795089 34.1765023241 31.5402648592 32.6072213511
0 0 0 0 0 0 0 0 0 34.6165605726 33.5329456408 33.2087358852 34.0546522169 31.5695100593 31.7168780791 31.5870882326 32.4580697572 33.5221306929 35.0315062208 33.5005560123 33.5936573787 32.6589830152 31.5120978664 34.9380651476 31.8205403381 32.5570713188 34.9868921117 32.1403421987 31.9865032551 34.4799324535 34.4796684278 32.0495440976 33.8971643821 33.2544411758 33.8106426917 33.7665536739 33.9541281676 32.197652806 33.9370038538 32.9428001162 33.2227833408 32.7547793113 34.3330093881 32.5310810191 33.106694035 32.4329394743 32.9895936016 34.2849911815 34.0868240887 33.7974649469 32.1252829072 32.7119481373 33.061652976 31.5187275968 34.7082844342 32.3987772813 32.3365220668
0 0 0 0 0 0 0 0 0 33.8874332171 32.9473993634 31.8430549622 33.8751676736 33.7498676993 33.1675186878 31.9894015879 33.5825227939 34.3182641814 31.9740438169 35.0263614268 34.4246941035 34.4084043014 33.2446126231 34.3687777866 33.0828367432 33.9973951565 31.5584329244 34.3568805103 35.0277556976 32.5021140862 32.1217892432 32.0177344197 32.5389848572 33.0113919937 34.6444515749 33.7320409962 34.5669053477 33.050563283 33.1205308747 33.1241079206 31.5636461986 33.5593506625 31.699463784 32.2187109955 33.4681834605 33.0074396794 32.6863797133 31.8576448707 34.2046630784 32.6026085845 33.442179565 32.8264153865 34.5316864359 31.8781276181 33.305449886 31.6870852862 34.2330812815
0 0 0 0 0 0 0 0 0 0 32.0246133157 34.9004533104 31.9773546226 33.8368361198 32.0088264103 34.1841776898 33.8844843856 33.8024596073 33.2038580588 34.6189687934 32.9882669332 31.6367444116 31.8083333239 32.2982936917 34.0120090902 34.9832232422 32.6898544185 31.7040052941 33.567438707 32.299410222 31.6668549208 33.5170324994 32.3173987409 33.2792064744 34.3536195718 32.784143858 34.8806235992 33.8489902077 32.8752305468 31.5674969324 33.8840885806 34.9558547686 33.7847232544 33.259741873 33.3678908605 34.5885400319 34.2937617847 33.0389293884 33.0674770503 31.7311219386 34.7799047902 32.5807552148 31.5551526804 32.9650607836 32.3593842154 33.8937791619 33.0820707297
0 0 0 0 0 0 0 0 0 0 0 0 32.4522182849 32.848230229 34.8796368214 32.5259242448 32.9024259993 34.0549913813 34.7718036362 33.0948075123 33.7241754944 33.758469941 35.020930149 34.0202494264 33.6738755589 33.2791522973 33.8115123275 32.9066919042 34.8395346683 32.1233334769 31.6607221175 34.9138793244 33.5524728039 33.0229726543 32.5863441068 33.3074008088 34.2220641467 33.6513626274 34.5700963315 35.0062186949 33.3599166796 32.4060100974 32.3903014597 31.7129096251 34.9336099455 34.7157985535 31.8557136964 33.3492553608 31.8725123137 32.3162309435 32.259626509 33.913740602 31.9163468515 34.9350821101 34.6203113212 34.7493918113 34.007136986
0 0 0 0 0 0 0 0 0 0 0 0 32.1936543199 33.836058267 33.9703593067 31.6247127665 34.4816625103 32.2785800872 34.1570864068 34.3855176404 34.3529858781 32.7001526001 31.8853320654 33.7900003801 32.1388783489 32.2043372025 32.4510295377 33.2078182421 34.7583905149 33.5470249627 32.4915347477 34.0133341304 34.9709666901 31.6001549441 34.2404737212 32.9232720494 33.7220293456 32.7786484102 34.6881765547 34.4677960553 34.7195049473 31.743305631 31.6494862854 34.3015090877 34.8861083807 32.9334811522 31.6805331124 34.1703193754 33.6465461595 33.6159995201 31.8576485261 32.5270395043 33.0071018654 34.9945790754 34.3377180567 31.949614034 34.83782622
0 0 0 0 0 0 0 0 0 0 0 0 33.2264570282 33.3198485436 33.2223697528 34.5247614557 32.4176477608 32.2365330476 34.5652428101 34.1469734289 33.4906530085 33.0353118257 31.923581222 34.2845699525 31.5662599509 33.9723712898 31.9283472393 32.77588546 32.6740171143 33.0302626573 33.0514550417 33.0053995558 33.1884225024 34.4999201844 33.5834142591 31.6160311514 34.2940252055 32.4547419323 34.4588243016 31.5187887359 33.3905816213 34.094615116 31.8144497935 32.0355967595 31.9796035479 34.370027881 31.7661671386 33.7468791739 33.9037411147 34.521257176 33.9396793017 33.5138239282 34.1832519924 32.1493261109 33.4862429683 34.3030661077 34.9234885445
