Spatial_Output/DEC/DEC_0546.asc
NCOLS 155
NROWS 192
XLLCORNER 196307.867259
YLLCORNER 449144.565805
CELLSIZE 33.573938
NODATA_VALUE NaN
[rows 52 to 77 of 192, columns 57 to 113 of 155]
27.6018726444 27.5430353114 27.6108287871 26.8437606359 28.608783029 27.5294058635 26.5053818817 28.4458153178 27.5879620161 27.5329791299 28.3111868898 28.0792292831 26.9513859981 28.1581281629 28.4823428029 26.695756988 28.4616825616 27.99234749 26.5496990671 28.444669106 27.5671935072 27.5694132395 27.0447632814 27.3667722181 27.723086795 28.5828317958 26.6643110132 27.8036600425 27.929899625 26.8022896784 26.5936846383 27.1938543024 26.9443164626 26.5357301047 28.3898929129 27.0723137754 27.4983504657 27.4508685507 27.4812105217 27.9508804107 27.3915056615 27.7882713662 28.3936441262 26.6843888586 28.2259039752 26.7839418983 27.3066033261 27.3076884307 27.0460178901 27.2685158395 27.9664896654 26.723227254 28.0659462935 27.3044733308 27.8382193584 26.9570117425 28.2690749012
27.171165897 27.0679754727 26.8137514706 26.5906087145 28.3424288072 28.2637590655 28.1457651525 27.869825875 27.5690334155 27.2343003873 26.7896938006 28.4145442268 28.4174890841 26.8002407119 27.1320645186 27.9929928923 28.2249223382 26.6786392243 27.1119908642 26.583088466 27.1454878155 26.5864582683 27.7210647456 28.2245001743 27.3527528887 27.4139356785 27.8852339332 27.6765031273 27.576351541 26.8657953049 26.8664080821 27.0747116433 27.5471084042 27.0148889132 27.8507957811 26.7407946843 26.5819736959 27.2173388216 28.1534894977 27.8742375357 27.3014461691 27.9963762649 27.7655541109 27.8612487886 26.5727385648 26.6503471658 28.1464869095 28.2878195522 27.4653072957 27.2031384856 27.8766860303 27.4638009067 28.2552222816 27.2881578503 26.739040671 26.6409651567 26.9141770869
27.0439589018 27.1684821394 26.5026030281 27.4435281943 28.4931043909 27.7491591753 26.7397247112 27.8970373823 27.6178445118 26.7044190647 27.8695464442 28.3266596314 27.4674068758 27.5859899107 28.1955617429 26.7354078531 27.9987272265 26.6040689117 28.554509222 26.6044442446 27.953040374 26.8696676341 27.0167644407 26.9268461755 27.7459177766 27.4298454911 27.9744920211 27.4332706378 27.4853533702 27.5230924526 28.5118392547 28.226980628 27.0419507235 27.3083503163 26.9853686949 26.6099157751 28.3465063115 26.8896681636 28.1632138024 28.1391603961 26.511377399 27.8595460941 28.166134318 28.1290560034 27.59863291 27.1522230132 28.0848769428 27.8791379341 27.0595627922 26.5530770823 28.3266789919 27.9603294925 28.0516140725 28.0209864263 28.3717942568 26.953482454 28.285720167
28.6129060488 27.72214238 27.4259516717 27.3486424888 27.5327004851 27.9699753384 26.9969689139 28.2897038703 27.1452625616 27.4860402709 27.7071325904 28.1055901763 28.200587247 27.2570673064 28.602286392 27.1782288864 27.241472959 27.7448815924 27.9278361713 28.031117744 27.1727730828 27.0017284381 26.6162722448 27.261426175 27.7387311641 27.6242680996 27.9695236198 26.9157812172 27.2552639746 26.6724791302 26.8770438101 28.2979581244 27.7761996948 28.6031602725 26.8150341625 26.5381654836 28.1719620539 27.3786650128 27.2054761019 27.7951672853 27.1411147482 27.1345066078 26.7083527378 28.2018624184 27.7252612074 27.9224340894 27.4055664952 26.6878018674 27.504007823 26.5215331499 28.4141814351 28.4959787 28.0705217633 27.5791264149 27.4932792227 27.8882630212 28.4343437017
26.5936686095 26.5570814275 26.9979919661 27.5200652082 27.094219268 27.936692827 27.6029538059 27.37200529 26.8547433443 27.4027839225 28.1846871868 26.6422379765 27.9375195157 27.4878140019 28.2557971189 28.4799327395 26.6274282799 27.4101139866 26.5414613582 28.5826610091 27.6773526173 27.1658089555 27.0710779462 28.1278689631 27.3825720987 26.989876343 26.9167227209 27.2458190296 28.4687413662 26.783848705 27.0912391032 28.0659929062 27.9715527413 28.2637919286 26.5296137914 28.3526499754 28.5408833022 27.4250917665 26.7901520863 27.9180804477 28.5855649645 27.581840997 26.5714660679 27.8068985613 26.7787101626 26.7799016723 27.6724717161 27.7769980381 26.6764773325 27.6598371984 27.6218234098 28.1948608232 26.8789475445 28.4095160221 27.2310335285 26.9098893471 26.7869408161
27.3025316969 26.7453520667 27.1823581842 26.7774310612 28.5673376225 27.5222448544 27.0008610927 28.3927553975 26.8224924244 27.3074079803 28.2073640383 28.4675707448 27.2577074157 26.5313121826 28.402498367 27.8364728449 27.0938401102 28.1568605196 27.7687274936 28.6131249126 28.2502932016 27.5818984032 27.9756083692 27.7623979032 26.7653574203 26.73593059 26.9534292954 27.3370276707 28.6113238747 26.8574116854 27.3286381757 28.2291434762 28.1116306673 27.3920720212 26.5587880145 27.258772068 28.0758530186 26.8566712893 26.7359626401 27.4427033858 26.5655956523 27.742227006 27.2948530469 28.6109929298 28.356048249 27.4786829572 26.5654995235 28.4563417032 26.5094483868 26.6709849327 26.747605533 27.4490621808 28.5369317323 27.4810001359 26.8752045691 28.3837052811 27.3769239565
26.8875286509 28.213924653 26.6677587386 27.8298340127 28.5225297203 27.9109220737 26.6379337249 27.7160298861 27.2508705063 27.1765006869 27.2362241801 26.6149016348 26.6852030404 27.5795762448 28.337330185 27.2347181858 28.2012779115 28.508282489 28.3871949743 26.6275376333 27.154811114 28.0548491254 27.914263884 27.6210338762 27.9397897346 28.1331927599 28.22441903 27.2209437136 26.7535705522 26.7824122819 27.5092120566 27.0479485202 28.447406027 28.5918911595 28.3882639751 26.9571019264 27.3750281589 27.006399835 26.6713666341 27.3658338285 27.2860641622 27.0627689358 27.305884523 28.3297946698 28.1461405726 27.6596077224 28.3094074283 28.0289689027 26.9431797527 26.8123020795 27.1525780444 28.1024086804 28.3346130785 27.5666737834 28.4169378644 27.9920389541 26.9308494515
28.6064834087 28.349360313 27.5147250314 26.6167539635 26.9163715169 27.7106872941 27.7429612723 28.2232211669 28.5129786639 26.9141650261 26.8769216901 26.5574364342 28.6130561804 28.3601663801 27.5965294414 28.4888692568 28.2340175984 27.524325047 28.4216782733 27.8443470554 26.7096663254 28.3721816201 28.2289102421 26.6542018312 28.4164334427 27.2347165313 27.4912024014 26.6668055425 27.0127293002 27.7086127199 27.6259952239 27.7958307139 27.7918436678 27.2221354119 28.0224645793 27.4586785719 28.3855632359 28.1345743724 27.7162502112 26.8032615866 27.1075107611 27.0480655355 26.8995526071 27.0500422312 27.6685361074 28.4870422452 27.5100807028 28.5939227468 28.0677416 28.3854730444 27.2410252323 27.3534817157 28.6027727892 26.6883580595 26.6865318983 26.9500080256 27.1864902616
27.0152861749 27.5165953893 28.6012069876 27.153596638 28.0359947708 27.3953405799 26.5081968625 28.3858780027 28.5365249115 28.6116114712 27.4070503634 27.2669823572 27.2902556353 28.1783409129 28.3304957935 26.665516143 27.6826267174 27.279784717 28.4587113253 27.2159201278 27.6823959579 27.6763263825 28.3623731707 26.8195981542 26.8331478764 26.8831815168 27.2016206849 27.7728331991 27.1736843419 28.4694049894 27.4401353764 26.7858865399 26.9870860221 26.9576889861 28.2216777844 28.2315805035 28.6188456099 28.2973390393 27.7229345809 27.5402837048 27.7440426235 28.0959980263 28.2295294789 28.4887617141 27.3592252251 28.0825252586 28.249325736 28.3537854083 27.8240984759 27.050888033 27.9672353752 27.6606580729 26.5175820676 27.7528670262 26.5948125348 28.3661829176 27.2791362825
26.9692697751 27.5737319373 27.1503753846 27.2494128368 26.8813934048 28.359975632 27.2587752991 26.6613477785 26.6370080398 27.2236426405 28.4541245532 27.680752303 26.6909199718 27.0122490107 26.944549352 27.6341238327 28.4489594128 26.5631995817 27.1068947914 28.5444482562 26.8783350749 27.6424261549 28.6103451286 26.5638458365 28.4857338705 27.3775825314 26.5607138166 27.538985946 27.0970273996 28.3173923091 27.3742508132 28.4822587809 27.4038487461 27.8096977875 26.5340161159 27.4266932198 27.7717030782 26.6524449731 27.9500600747 28.0956484431 28.3383912319 27.1753843725 28.1146372417 26.8433915034 28.3142076732 26.7848141712 28.4419059297 26.9412143954 27.4674653641 28.1055331847 27.9148152686 28.2095755322 27.7873239944 26.5579503353 28.050062127 26.5309855029 27.5613831241
28.0696164707 27.0126863414 28.5311868047 26.8196947765 27.7230034491 28.4827654401 28.3407297995 28.4983234377 26.943865306 27.1518566522 27.2373330902 26.5858059949 26.7546567013 27.8185326644 26.9330280911 28.0886556661 27.0260949327 27.7055912443 28.1608297388 27.866056817 27.711539232 27.2310537898 27.3533778067 28.2557287524 27.3679136634 27.8912683491 27.4061090044 26.8321284513 28.0353420598 27.5956345097 27.2006090181 27.0571247896 27.2318367821 26.793842782 27.5128331045 26.9452093117 27.9246022296 26.8781029846 28.2265867987 27.8323045226 28.4532208626 26.6509232748 28.1243143799 26.9104962028 27.0726090668 28.4428434272 26.6210168856 27.0447018312 27.4240836488 26.7769828779 27.755484966 26.7801906116 27.690355404 28.3674515825 28.3275782679 27.0573919229 27.1703350593
27.9498022097 28.4849461006 27.6767231299 27.6197132033 26.5030762926 27.2248396338 27.6040721911 26.5209169046 26.9009904941 28.230281998 27.669832409 27.2493627152 27.4203029471 28.4478265891 27.7829819859 27.9479723674 26.7401644428 28.5177318188 26.5378934071 27.2163125206 27.6163967063 26.8944489568 28.5307772363 26.7655906502 26.8542161747 27.2228888197 28.574078551 27.101879033 28.0250426981 27.6490978508 27.8085407359 28.0852805334 26.8793731162 27.4910888455 27.4268542582 28.4093728834 26.8496652788 27.9986321741 27.6758776748 27.4410662011 26.7839217765 27.1247282108 28.3391008094 28.3671841512 28.0101595508 27.13854934 28.0913377424 28.2032907792 28.2150566015 28.2369884339 26.5116424733 27.7746308975 28.5098599247 28.3520291448 26.5605116563 27.8849827213 26.6135519183
28.5612000083 26.6485334173 26.7140775707 28.1197849422 26.8673942251 27.054162228 27.2209775411 27.0765744289 28.2482036067 26.9962954864 26.6365326856 27.5323372446 27.0595439906 28.0764800224 28.5664276773 26.5365491173 28.4300706162 28.0847022556 27.7352845973 28.2776661465 28.3414571725 27.059566151 27.9563662747 28.1733249894 27.7907879009 27.914596115 27.4911506296 28.0728309693 27.3808052818 26.8857114387 26.7710132735 28.5166281935 28.1768525971 26.8840420321 28.4507961986 27.670330128 28.2749316219 28.3572494997 27.9759168167 28.0954282121 26.7529282814 28.5774345076 28.2975257631 28.6175923061 27.9550503148 28.4810504633 27.1212118974 27.2979967196 27.7009649982 28.116816228 27.6584993589 26.6122391597 27.8340333243 27.3000737685 26.8822890565 27.1057169795 27.4740955084
26.8055757042 28.472466827 28.0209748043 27.4540407542 28.1106286111 27.3935359139 28.0748689768 26.5877180842 27.1619396289 28.378651501 27.4294407714 28.3189611669 28.269170635 27.7822405018 27.2315516394 27.7635495552 26.9485849858 28.2928702571 27.5221575192 27.8838980915 27.1841237563 27.0856538724 28.4185594226 27.0180886629 26.727998555 28.576411127 27.6616089856 26.9942745877 28.4108529151 26.70381207 26.9138198131 28.2176062771 28.1837669085 28.1075156942 28.6022510778 28.2284568908 28.0468146433 28.1316660963 26.887069373 27.1815266773 26.5983938853 27.0055222416 27.1202148467 26.9821211251 28.2364969509 28.6144108771 26.6206958502 26.7176380042 27.8006476152 28.3632111832 27.1816745633 27.2895369007 27.8923414327 26.8192754033 26.9301382557 28.1009707819 26.9970689359
28.5672513461 26.5520148398 28.3766399658 27.7244062944 28.2060066996 26.8620514329 27.6604427312 28.1978600638 27.5350836272 26.9356201422 26.792453588 28.2843933008 27.2407441013 26.8177071219 28.5000703626 28.1395237564 27.3186259009 26.6745623315 27.6646776779 26.6511339861 27.7134919661 26.5721193694 27.1102023296 27.9204745369 27.9787806384 26.7395723431 27.2324618842 26.7977831946 28.1885586333 26.5577114442 28.4500260547 26.9079031263 28.4920692008 26.5054287907 27.3810388243 27.8352144986 27.0097997426 27.6761760588 27.1037372524 26.7267241777 27.3405632209 27.0245258264 27.8573924007 26.8792074953 28.0627369017 28.1062766624 27.5195861075 28.1554661797 27.6654379268 27.1160118387 28.2937784235 27.9461074624 28.5556735058 28.2445699995 26.6875563381 27.3537124544 27.174956276
27.8596378302 28.3882221037 26.8011389187 28.2353461437 26.8466917081 27.5543107546 27.3784188523 27.7124500159 27.2832179409 28.0734036756 28.4213670374 27.2791229548 27.0964017986 27.5041397401 26.8950114634 26.8038304913 26.9030609218 28.0964494506 27.8304297449 26.7259815991 26.6226447278 28.0036587148 28.1577859563 28.5214881388 27.5048916949 27.5078221166 26.7735184472 27.3628502904 27.8620223711 26.7271613847 26.6755532326 26.5955310046 27.218166414 28.3502570623 27.8984407803 26.8381066916 27.4920186247 26.9838490979 27.2699414892 27.9083611505 27.8141283366 26.5473662139 28.503989475 26.5157486716 27.5447369346 27.8848239253 28.4835368366 26.8354353837 27.6294634871 28.1511069662 27.3613130108 28.0742703849 28.5434499033 28.5266695102 28.4805297425 27.4045158772 27.970158405
28.5369399093 26.7472014573 28.0677862489 26.7095722957 28.5428583245 26.717228988 27.4684758238 26.7759132252 26.9480075495 27.2457107484 27.8540235281 26.9608839264 28.191645124 26.8570191572 27.1154150074 26.914327366 28.5559386837 28.52824195 28.2254833789 27.2193058198 26.5156846409 28.4606598325 28.4411822682 27.5348525453 26.6029039206 28.0087285277 27.7854405767 27.9661494429 26.6451619955 27.5167933301 27.0986476643 28.3379268395 28.0265145877 27.5675323157 27.8971676979 26.7572583852 28.0083700175 27.483924022 27.0259012501 26.6280639464 26.5732030533 27.8178084858 28.4318995501 28.1672650833 28.3169399526 27.7806253356 28.5719718987 28.0802264799 27.1142839835 27.7077173961 27.0098612512 26.7043629619 26.6385332311 28.5783403518 28.1228681047 27.4249202289 28.5341632851
28.49172661 28.2897509728 26.5840663638 27.9551756069 27.8167664958 27.4599630587 27.0732732623 27.2897653671 27.1697455481 27.5472333846 26.9908831158 27.2939201862 26.9145898072 27.9141883657 27.738934919 27.349514476 28.2430368067 27.8951521594 26.9720576369 27.9658749145 28.5103464705 26.544858546 28.0329093117 28.4770254076 28.0368060639 28.5437706572 27.7416280731 27.3312506681 28.6156553673 26.9881371767 28.3766157058 26.744808484 27.4168857091 26.9846410758 26.5665578112 27.6680603674 26.7063729147 26.8726851217 27.9387059516 27.8657766641 27.2977934959 27.8237011762 26.7520704534 26.9086815828 27.5081794147 28.56792594 27.0538811276 28.5966997578 27.6632402166 27.7586694109 26.7213973234 27.3963241353 28.5427179635 26.5777725536 27.7188481681 27.004788463 28.4539128621
27.92425714 28.3627168109 27.2242840365 26.8151055866 27.3612084854 27.7047046999 27.0352876932 26.5753403366 28.5661801549 26.7010918995 27.832778914 28.606895784 27.9918767448 27.9976280483 28.5011814417 27.9210414017 28.0962451994 28.2586186285 27.4143242542 26.7722237409 27.6355288541 28.6031437213 26.7010889877 28.2094887857 26.9225078712 26.6031793445 27.3023487077 27.2041705344 28.2277850366 27.9380344582 28.1425236419 27.2583401683 27.8498418275 28.5159668739 26.7961088068 28.0340048214 28.0249044816 27.0103797231 28.2068799286 28.0949697807 28.5306084424 27.4655513988 26.9910406206 26.8634066884 27.2063531688 27.3377268806 27.5549556556 26.5196573396 28.3854786284 28.1518929666 26.6815539625 28.5562474937 28.2474156395 27.9726596421 27.1088043057 26.5299790589 26.5613232293
28.531341736 27.4542261597 26.6112767372 27.9480194643 26.9190025595 27.8192964926 28.5396034217 27.608776022 28.4880247523 27.8671358988 27.3341741567 26.758957157 26.7664393942 26.570073749 26.6265875516 26.5410854083 27.9055016512 26.8487353103 28.2589121485 27.3390574711 27.868236168 27.8317041467 27.7949513387 27.863862616 27.1157542715 27.6521347799 26.9532336629 27.3339216903 27.7154302935 28.0737522183 27.2701205244 26.7291762567 28.4751855935 27.7388926534 26.7950273497 26.6940566283 26.9398713785 27.3658127515 27.0570871847 27.3405222311 27.9820767055 27.56654108 28.2349966014 26.5641691466 27.2399961875 27.6759078286 28.1795713945 28.449484348 28.0927829639 28.4309007278 27.4398754733 28.5747835738 28.1759352955 26.5497321296 28.3226708892 28.3516568347 27.9061810381
28.0824889624 28.3360743893 26.709820915 26.9652443645 28.4707686056 27.1589105478 28.4199880637 27.4002081304 27.6495929144 27.4812390549 27.6077568559 27.0864947164 28.2652079936 27.8407872906 27.71114265 28.0244247129 28.165458839 28.5053903845 27.5271366078 27.779781878 27.025519289 27.8150264518 26.622388074 27.38298014 28.3132384412 26.5163345972 27.1706652711 28.3681698562 27.0391117028 28.4637990878 27.2343860372 27.8593426645 27.2555227302 28.5203675474 27.1105476452 28.3400006065 28.2108513481 28.1138984454 26.955448251 28.192628262 26.6867060055 28.620165642 27.3534771527 26.8390755254 28.3201364043 26.9309679047 28.4988504404 26.9337440589 27.092062897 27.7480879673 28.0625103465 27.0228328639 26.7752460807 26.9346461715 27.4051987314 28.2575549788 28.3082243249
26.8745958762 27.5167118613 27.1316386215 27.1801216027 27.9372378736 26.6852004178 26.7406355701 27.3886845609 28.2756176828 27.5452514907 28.0652814583 28.092667019 26.8779758901 27.7304811798 27.8266598472 27.0496258044 27.4793085413 28.0263960451 27.2930625255 27.7521000612 28.0999238472 26.9350773294 27.7756065284 26.7464075744 28.3955893644 27.0205452161 27.979861261 27.6229390959 27.606688698 27.2486338098 27.5346412893 27.9846120117 28.165614178 28.2871938552 28.4713267603 26.6296230576 26.8383977681 27.9516159059 27.3704348583 27.9382056888 26.5564609749 27.8398593618 27.2418431061 28.5299046744 27.288537187 27.5653813543 27.0280003636 27.6358089108 28.1284181288 28.3575351532 28.2590287186 27.6645589215 27.0153093173 27.77460645 27.4008877418 27.0435769906 28.4667931378
28.3639531411 26.5302099424 27.8708878304 27.4284075723 27.9328771618 27.0135271188 27.1016692218 27.332639938 26.932829542 28.1270405455 28.3410882489 27.7793597033 27.8277059551 26.7147634973 26.5438027898 26.8358029068 27.0077384088 27.6647084806 27.4966523526 28.4333647879 27.2750307289 27.8457689251 27.2404891185 28.4491170076 26.9298281139 27.5251207839 28.1494449501 27.3525592066 28.2682732258 27.8838551355 28.5357722833 27.4620866213 27.3281126998 28.6108173097 26.9490704044 27.9393417953 27.6822923833 26.5732721016 27.9287202664 26.5965661544 27.0305786383 28.3540469384 28.2739608238 26.9265078436 26.8549742953 27.3106825321 28.5791565249 27.2180145657 28.5945239599 28.2079205185 28.2116483926 28.3457677115 27.0395066899 27.379972928 28.3409812543 28.3871346334 28.0737359751
26.8996155844 27.3280798148 26.8652092937 27.4810028544 28.1117120868 26.8683086679 26.6723837381 28.6212364726 28.5518074274 27.2455567651 28.2803045374 28.4622288685 26.7545186249 27.5906395719 28.15043452 27.3109131544 27.6097028548 27.4261907792 28.4514727761 26.5729746172 28.2013842692 27.5976872665 27.2782433361 27.5404835215 27.3461216258 28.3241885754 27.808277168 28.0380200779 26.8079874893 27.7898771186 27.26482562 28.5468572797 28.1487462514 28.3115132751 26.8899764765 28.0987305283 26.8026704651 27.6859117859 27.7970786367 28.5944132366 27.2152477645 28.5121678892 27.9841297911 27.4839239314 27.5445440497 28.580888517 27.890872424 28.3956589401 26.7808422351 28.5734689183 28.2913519365 27.3294508577 28.2400393747 27.2615628925 27.2615316772 28.1093179686 26.6016085587
27.7026885267 27.7600247317 27.1223849742 28.4431684411 27.5456871552 26.5321503102 28.468438989 26.7872676534 26.593429023 28.2949474635 27.618999208 28.5909121241 26.8399692166 28.3579245019 28.2411723542 27.1627120803 26.9823483814 28.0443030568 26.771561045 27.0095863632 27.5659274766 26.5140742867 28.0662396606 27.2607121859 26.7652913234 27.4475228893 27.6682053307 26.8809368086 28.5154541181 27.0461192555 27.3514152115 26.8911973552 27.1183033207 28.444200596 27.9403476214 28.5783004088 26.7707034195 27.429139877 27.9126764947 26.9488696145 28.5611327229 28.2283356843 28.0817605952 28.5787748032 28.585408965 28.5175235681 27.8820156082 27.5263038126 28.3718699498 26.8666311867 28.2355239277 27.6844509307 28.2325537641 27.7251395152 27.5489987542 28.1886674837 27.2757089607
28.0897420945 27.7267223478 27.4446200326 26.9380400817 27.9403332425 27.499024033 28.6036372309 27.8680184427 26.7449000211 27.2538583757 28.2101322239 27.2418678466 28.0593316078 26.5351823197 27.1595476382 27.1197984536 26.5333234678 27.062307922 28.2987561518 28.09271373 28.0598666767 27.4079000016 27.9974114992 26.7453326398 26.7573014041 28.0011928638 28.5157673845 27.9998362964 28.5473318299 28.2266914077 28.4401768675 26.7126507501 27.4226185122 27.6842102209 27.5692312326 26.7768696786 28.1288717379 27.9266827111 27.1092087444 26.9493722965 27.4729774481 26.548983152 28.5247353033 26.8799955167 27.8163067907 28.2408274761 26.623012973 26.9179236664 26.707220611 26.9013808324 28.2672887653 27.7910043201 28.4789455349 28.371458971 28.5995274907 27.7953764367 28.29246918
