Spatial_Output/DEC/DEC_1188.asc
NCOLS 155
NROWS 192
XLLCORNER 196307.867259
YLLCORNER 449144.565805
CELLSIZE 33.573938
NODATA_VALUE NaN
[rows 104 to 129 of 192, columns 57 to 113 of 155]
28.0368920571 27.5290132456 28.1447310839 28.1249590295 28.0911266185 27.6662777728 27.5236675521 27.7982615423 27.9493977731 28.1559276877 27.5002941182 27.6909050024 27.7335486968 28.1493944424 27.6086505453 27.8573702613 28.1171636628 28.2008565205 27.5147218098 27.6043260407 27.6076898609 27.9258735314 27.7589608222 28.1963977321 27.5385749261 27.5580284244 27.6349300514 27.8158516961 27.6629340169 27.5415311455 27.630070646 27.9897223063 27.6008271509 27.8700950663 27.7349563312 28.1913592166 27.8466277305 28.0326366472 27.701896197 28.0244704407 27.9708079639 27.5364319663 28.0952341768 27.6741205181 28.1814066439 28.0601398137 27.6646586474 27.7832158692 27.9380818775 28.1602551485 27.8226476256 28.0447946297 28.0336368352 27.9603753573 27.8452715832 28.0783709128 27.8745352177
27.8497187534 27.7069865837 27.6965586963 27.9371207323 28.0675913141 27.9015747954 27.8906024013 28.0908630711 27.9823263777 27.8521832639 27.5803004964 27.7791259548 27.8237538557 27.7186036419 27.5454706946 27.8655179225 27.775802277 28.1468878467 27.804737221 27.9543228032 28.0473999703 27.5580326707 27.7285918824 27.587391977 27.5410889451 27.8265994149 28.194548513 28.1663193164 28.1419376547 27.7988392313 27.6235356117 27.8985534992 27.9090733268 27.639893127 27.6467685919 28.0240630487 27.7562940084 27.6074519422 28.0890724407 27.8042048901 27.7273234708 27.526075237 28.0052730381 28.1903033378 28.1542792829 27.8520861958 28.1644747916 27.9088000097 27.7041728662 27.9181539213 27.7465843694 27.7151754058 27.7860280363 28.1539729454 27.7428848964 27.5325533446 27.5116092551
27.5236640649 27.9036098595 28.1775805574 27.6874618633 27.6482584288 28.0951690775 27.6960945023 27.8963074259 27.6458799757 27.6764610696 27.9666215829 27.9580548067 27.6629084725 27.9175912482 27.5276489791 27.8035920526 27.6377496623 27.5976945924 27.6737028404 27.9518965396 27.5742062775 27.8388352429 27.8313712108 27.7902209489 27.6812251029 27.6418402531 28.0143651138 28.1379363812 27.5000489916 27.9901818804 27.8304883858 27.5152737427 27.6510591953 27.9218774289 27.7452298737 27.6367609213 27.9309277196 27.5648435478 28.1951338468 27.9519008334 27.8276487518 28.1263410149 28.1473360416 27.8439952048 28.0270867493 28.1941376679 27.5427742556 27.7363161805 27.6683052978 27.5851443489 27.7230884605 27.6338273534 27.5964770321 27.6813086585 27.7268802478 27.622511499 27.9422455055
28.1531505527 28.1059244878 27.5488345684 28.0698601191 27.786043623 27.672256036 28.0792720096 28.0936185059 28.2053946545 28.0960652684 27.882652764 28.013056255 28.0973239313 27.5422422884 28.0557958781 27.8066821583 27.7208578089 28.1390186115 27.8084941344 27.8883361495 27.5100457883 28.0281259007 27.728700626 28.0969920087 27.9915181348 27.7408325764 28.0979950122 27.986053586 27.9508009313 27.8189951431 27.8979095239 27.7917569202 28.0110465643 27.7691693958 27.5940744622 28.0773310505 27.8120398826 27.5997769055 27.5729221292 27.7054935362 27.6677286317 27.8481388944 27.70961115 28.2023982765 27.7773544562 27.6347912266 28.0709909346 27.605697032 28.2052630363 27.8431511559 27.9898395842 28.0178997292 27.5999445438 27.7423694113 28.1853088818 27.5174281524 27.8121640731
27.9058385594 27.8368025896 27.6743462061 27.8229004081 28.0917586335 27.7866057607 28.1322377336 27.8296608718 28.1387413633 27.8858739972 27.6732996459 27.8992346157 27.5476468448 28.1225558002 28.056632916 27.8457224621 27.719690169 28.1817004613 27.5836322741 27.8833601382 27.5755545661 28.1389460438 27.5269349773 27.8754773335 27.6305289146 27.6859682122 27.5994345461 27.8092705427 27.9841339995 27.6113651801 27.5465158663 27.7051639666 27.8950080669 27.5167179998 27.8466666147 27.5610036815 28.0987792169 28.1289600632 27.8117134729 27.9920337827 28.0284923346 28.1451787686 27.6991772643 28.1363121436 27.7994487439 27.9078529234 27.6773040399 27.7040364487 28.1345996401 28.1150389724 27.6927533292 27.9948872089 27.8085015491 27.9631075261 27.7377515999 28.1385700559 27.7123912017
27.7434677369 27.853362618 28.164696098 28.1728164809 27.6226826704 28.1855678264 28.1203443478 27.5019364942 27.8092194852 27.9416313523 27.5827759189 27.7446600652 27.7096504087 28.1770756157 27.8912612879 27.5135420462 27.5541138216 28.1291670833 28.0196876492 28.0451181647 27.5870154981 27.9577165173 27.541299646 27.7417109123 27.8102711552 27.9265011655 27.5805519085 27.9256096642 27.93222075 27.5154272154 28.0366844323 27.6981567444 28.1668879478 27.7591212595 27.5964077126 27.530204824 27.8902142904 27.7831488347 28.0115710938 27.9636520067 28.1668762469 27.5042479593 27.7098159533 28.1365564115 27.7608247451 27.8427924907 27.9955955935 27.827323697 27.6760802668 27.7687721481 27.5810686754 27.9966957463 27.773087277 28.0882691686 27.5531295625 28.0902948845 27.7356434154
27.8619873115 27.7144559625 27.5812865621 28.0878556461 27.8046017595 27.6553091575 28.0568709577 28.1586535752 27.6049155318 28.0143626758 27.7266028587 27.7705115342 27.741316339 28.1926135305 27.6978920425 27.7982421517 27.6842093114 28.0701781431 27.5211167337 27.7424374485 28.0244105815 27.8980972608 27.7683170984 28.0509818062 28.0732194581 27.515790883 27.7363659042 28.0270387143 27.5916900307 27.7422914266 27.6346219628 27.6830002895 28.08599565 27.6273168076 27.5642217348 27.6486668835 27.6981597073 28.0795881542 27.5304808391 28.0544823878 28.1922980639 28.0946293992 27.5265277462 27.918602028 27.6091398391 28.18604304 27.7292848322 28.0162587586 27.6943415005 27.9829794919 27.624213075 28.1397814665 28.0399755612 27.7683992709 27.8709615963 27.5864704418 27.5215765244
27.9087814494 27.958316177 27.8789289316 28.1191015109 28.189068551 27.9914807164 27.859936621 27.6287295043 28.1763762762 27.7296340547 27.6228902462 27.7841382489 28.0947764035 27.710336967 27.787961516 28.0232330346 28.1658442045 27.5759500355 27.6590632144 27.8790964042 27.9008230082 27.8597740615 28.0960820293 27.7593859386 27.6184397776 27.9242391753 27.5126509493 27.9931382044 28.0800144865 27.7178425611 27.6037301883 28.0989793439 27.5157003814 27.6419454065 28.0455656623 27.9987254496 27.9892015588 27.6720315166 28.17877703 27.5894112587 28.1255755865 27.7584286888 27.6383301878 27.9641711063 27.9771365009 28.1744475739 27.9644390009 28.0223526555 28.0765104684 27.5832624329 27.635500482 28.1234009682 27.9408318044 28.1489629379 27.8065174425 27.7895620954 27.9187911472
28.0405927083 27.9424810618 27.5072076408 27.6744310848 27.5021532605 27.7399633203 28.0161176413 28.1051261818 28.0978132278 27.6120120587 27.7857964475 27.7651107252 27.9178095328 27.756227918 27.5364812459 27.6199596833 27.9545975012 27.7384540247 27.5174966585 27.5827371205 27.5877234196 28.1279733518 28.0557064156 28.1584159797 28.0966605745 27.6279691524 28.1826885658 28.1902164277 28.0721356539 27.5980015061 27.8921888281 28.0178909791 27.5469944926 28.1893226177 27.6788582067 27.6437263667 27.9390807603 27.7660811245 28.0770372779 27.7552277597 28.1121291397 27.8266700752 27.9298468217 28.1710992292 27.5272713539 27.9700598328 27.7964912961 27.7342466421 27.7774296382 28.1696396885 27.8925858536 27.798554167 27.7013574393 28.1691352893 27.7417977183 28.1985932426 27.617412402
28.1765589732 27.5514499087 27.9554748447 27.5798270467 28.1413500332 27.7661052334 27.8681161721 28.0623023178 27.8230866377 28.0283237488 27.5607379695 27.8730788751 27.5214371529 27.7492339536 28.1932454427 27.9133685893 27.9620446409 27.7500196996 27.7335959457 28.1580272241 27.8096987136 27.8177786905 28.1781323909 28.1269812861 28.1855966526 27.7935435244 27.851833751 28.1138062643 27.8219284661 27.7517384628 28.1451954878 28.1783272434 27.623084692 27.5020794575 27.9535034905 28.0482789432 27.8064882865 27.5638904306 27.6910572469 28.1019002588 27.5775038662 28.0141844964 27.9607367992 27.9216939079 28.053072942 27.8269240703 28.0627753805 27.5513276224 27.6659733623 28.0208214942 27.7970047285 27.6349272703 27.6240814496 27.9309064618 28.0640361664 28.1413598706 27.6687785047
28.0273524629 27.8143089111 27.8850670459 27.7668081971 28.0501333909 28.1478156464 27.5859826012 27.5608309787 27.6051005033 27.6236664852 28.1011763296 27.8242669332 27.893712592 27.5211225793 27.8109422116 27.6233342397 27.9497916034 27.7471994676 27.6722684501 27.7056508967 27.546904538 27.931562439 27.5068483117 27.9389353455 27.8253751195 27.9141298121 27.6609627111 27.6435417368 27.5045555251 28.1800991956 27.632007235 27.9669356084 27.8517968615 27.5823910447 28.1256022005 27.9094217681 27.9485671117 28.1751374277 27.9648772805 28.0329156938 27.6883618701 28.0096784263 27.6413043279 27.7821135833 28.0270534369 28.1262564972 27.644133193 27.9385966959 27.9897627716 28.1405858354 27.604417463 27.8692097589 27.9234596732 28.1650419584 27.732755047 27.7807880426 27.6065903117
27.5293087498 27.8013991979 27.9436092827 27.6577362035 28.1862500546 27.6456663752 27.5982632898 27.8548242682 27.7771301526 27.6430453827 27.796769929 27.7225627349 27.8727170539 27.7240156579 27.5083029338 27.6069769045 27.7251719444 28.0794396396 27.5707734938 27.8153742259 27.7962199337 27.5879151128 28.1741912462 27.7249339056 27.9222883706 27.8855870591 27.6740605598 27.5906190719 27.5523430581 27.9377855116 28.0206371307 27.9683781573 27.780936936 27.7498903341 28.0291183228 27.9393613219 27.6595465189 27.5951586604 27.8816239313 27.8767339941 27.8600129202 27.5986778024 27.8542821978 28.1656446355 27.5306819531 27.849258211 28.1040236948 27.6258980079 28.0203025605 28.0973212794 28.0305441837 28.0804881901 27.5132743322 27.8637973076 27.7806609493 28.0046274551 27.5192653452
28.0700609192 28.1730155588 27.9838902259 28.0123545499 27.7546633081 27.9965114337 27.6315946171 27.8653537324 28.0396604693 27.8177711517 28.1935277894 27.907197184 27.7251126039 27.8197605411 27.6487345518 27.8715671505 27.8254013947 28.1864900446 28.1713087128 27.5131403402 27.5395728986 28.0309943715 27.5086977544 27.92929162 27.602497751 28.1397042022 27.8439556131 28.1979325992 27.6324553016 28.082492064 27.9694933847 27.7050137742 27.8974050253 28.134296091 27.9887545233 27.9617325591 27.6233706125 28.040901178 28.193321664 27.564921709 27.6126699968 27.8574739261 27.514990072 27.5281029263 28.1247835599 28.0445979635 27.5941891379 27.6860601867 27.5423354726 27.9751312305 27.5370194766 27.8921243435 28.1530102799 28.0710318041 27.7775607459 27.7515121533 27.8362000654
27.6576840916 27.5419724821 28.0972763697 28.0795140939 27.5846416033 28.201103909 27.98146526 28.1126506763 28.037687199 27.5667571511 27.7262208111 27.7300967176 28.0733761437 28.1082586994 28.0548859022 27.919347065 27.8543657975 27.5104842371 28.1323030114 27.7222926567 27.8844256993 27.8169553459 27.5654983011 28.0120606255 27.8856013348 27.6304147649 27.8396002526 27.9315726895 27.8221714528 27.9315674333 28.1227977537 28.0893363391 27.7065637344 28.1613693422 27.5762503079 28.045743391 28.1780010609 27.6678658854 28.0064639382 28.1506999202 27.6580179798 27.6883747422 28.0305843117 27.8919304546 28.0737988029 27.6672793975 27.5781669869 28.1344862098 27.9565277731 27.7819979089 27.8484249463 28.1715535497 27.7114057506 27.6957820767 27.5342981902 28.1042090784 28.1912545442
28.161215558 27.8159837583 27.7035923455 28.0338543468 27.8874463526 27.64252649 28.1750681154 28.0684395588 27.5242682282 27.9792234187 28.0111804724 28.0317163074 27.5521257902 27.8713718895 27.7850562196 28.0302431422 28.0065683097 27.9465190425 28.0482233377 28.1208527988 27.8556663498 28.0323256712 27.7440192453 27.9914561842 27.7538954713 28.0370846073 27.6618897515 27.6515377275 27.7177047302 28.0368840258 27.7973779906 27.5640740783 27.558093865 27.7829415081 27.7472046969 28.2031149473 27.5491477565 28.0789633244 27.6995141808 27.651022646 27.6687165069 27.9520188676 27.7825002485 27.6608472229 27.5477443495 27.5611878626 27.8149781346 28.1296623131 27.5453728754 28.1086644275 27.765289081 27.5085858976 27.6216056662 27.5914607615 27.6994800224 27.5263576115 27.9038693144
28.109750014 28.0348480784 28.0434278651 27.5914781909 28.1076899494 28.0704225109 27.8420113835 27.7388006288 27.9692935942 27.5848831525 27.5714421642 27.8401138041 27.8942500038 28.0931303369 27.7209824273 27.6525825395 27.7159452155 27.9584186359 28.0900213079 27.7349489605 27.5985001962 28.0809342953 27.9603338642 28.0306160738 27.9273395369 28.0264709821 27.5719477017 28.1535989363 27.9403331451 28.0293760781 28.0854502173 27.7248872645 27.6976359507 27.5561414456 27.5805926019 27.8770118823 27.5681863939 28.0000753867 28.0979859024 28.19202351 27.6029493747 27.7324028761 27.6393299778 27.7290851911 27.6602353939 27.8060380221 27.8484170322 27.9077642976 28.1831813008 27.6293174574 28.0929641484 28.1621465373 27.9599566369 27.8276449195 27.5744727757 27.5804310889 27.5776950031
27.5472150131 27.9950820365 27.7851951495 28.1314008701 27.6898723649 28.0394788353 28.0702846666 27.8088051458 28.0209282059 27.5691407057 27.5602697351 27.884736043 27.7545817602 28.0447220347 27.6385062492 27.6149386195 28.1592326414 27.954115761 28.1323471592 27.9043937287 28.1988236897 27.7907462043 27.7238235888 27.6818074163 28.1683127962 27.8497574157 27.7133877878 27.8319132967 27.6031240956 27.5053165536 27.5791352595 27.8050651055 27.8473496766 27.9081057333 27.778785406 27.6766955676 27.758647868 28.0206098995 27.9956535306 27.6846649733 27.5462420075 28.0474497266 27.9444731148 28.1948848929 28.1388939534 27.508214602 27.7854430483 27.8020193045 27.6978114175 28.1594751211 27.5886853686 27.7382119936 28.0096328397 28.0429020678 28.0183377199 27.8843427929 27.7066118195
27.8436375519 27.5756921829 27.6636636686 27.6625848886 27.5588577328 27.9183753971 28.1724363633 27.6956129935 27.6947751949 28.0723794043 27.6743125777 27.7116985806 27.5901460013 27.6069715284 28.1901763307 28.0035601786 27.9609171271 27.8913639352 28.1477388872 27.9441225947 27.9050432331 27.9866825002 27.644027857 28.0445586455 27.9912054141 28.1740935227 28.1332688821 27.971644156 27.9779302163 27.6414182834 28.155268014 27.6016946761 27.506421861 27.5359177527 27.7908910717 27.6207185263 27.8019397409 27.7569264641 27.9926484027 28.1045854456 27.8289775958 28.1313267881 27.9535545419 28.0109663572 27.5072980852 27.9355101465 28.100816537 28.1094458373 27.95069458 27.5246711113 28.0316472853 28.129086721 27.8674554467 28.0982341167 27.579023994 27.9436711263 28.1928689672
28.1741221375 27.7991846129 28.0589208293 28.1950946662 28.0266895702 27.754815658 27.5465035722 28.0789178816 27.9165211334 28.1963313664 27.692508792 27.6042664089 27.8492388529 27.9515622035 28.1339899375 28.1493422956 27.5144381176 27.5743231757 28.1531807492 27.560715758 28.2032830986 28.1815881927 27.7828979638 27.6984293644 27.7410846172 27.7631055978 28.1838172801 27.7686947152 27.8876050647 27.6038191208 27.9964707585 27.8937956691 27.7186011688 27.9311521939 27.7431881802 27.8143640356 28.1685197323 27.5519693973 28.1412603381 27.6456251321 27.5780374747 27.8503856 28.1414130049 28.0691867889 27.7123561051 27.8239839333 28.1435471903 27.5250725998 27.7385399963 27.9050029865 27.5158334467 28.0577201285 28.1921084332 27.848664387 28.0664051263 27.8742250402 27.709081766
27.7410407866 27.5874034927 27.773793204 28.0196377269 27.7304601884 27.7441187089 28.1272689369 27.7933839507 27.504247877 27.8680555171 28.046477312 27.5377581645 27.9295049989 27.9859673436 27.506004956 27.9346865509 27.5721572155 27.834895528 27.7772966375 27.6358681464 28.0464621555 27.9735507474 27.5590092418 27.9585027782 28.1235691951 27.7356398441 27.6823970752 27.9385582039 27.6799841391 27.8467551512 27.503301331 27.6833354637 27.9436823382 27.5270809008 28.0549977242 27.5020244705 27.6283682789 27.8808674612 27.6276901196 27.8108943809 27.5058341811 27.798124455 27.7367817709 28.0658102585 28.2062338293 27.9125352058 28.0375111732 27.9429665908 27.6822314153 28.1817001781 27.5326623179 27.6639100779 27.5098665482 27.9372204319 27.7321494676 27.5025267623 27.7844270314
27.9838664345 28.1864527667 28.1215288649 27.5678325439 28.0889696205 27.5786147315 27.596316145 27.8356841672 27.5834551281 27.7179973909 27.5342612137 27.8806019505 27.9537145198 27.7902742108 28.0009859741 27.6435299034 27.7700636948 28.1580313497 27.7757156186 27.5016422535 27.9365820912 27.5064641266 27.5581186556 27.9591706132 27.7230636953 27.7330051181 28.1019724306 28.1015163491 28.0541023677 28.0455965612 28.0216735748 27.6067961287 27.5290005984 27.6696364596 27.8138682391 27.8878162692 28.0781727638 27.624894821 27.5217714043 27.5318492226 28.1560974391 27.5002667971 27.7152263147 27.6560493104 28.0390975338 28.1300692713 27.5366517211 27.5539111407 27.8623402688 28.1965781852 27.7968427059 27.5674495506 27.9431232636 27.5518261923 28.0397890923 28.0693275914 27.9379517803
27.9559353088 27.5323052871 28.1232203926 28.1663440941 28.0320596443 28.0043871399 28.0760159031 27.6782824793 27.6896130932 28.2022580644 27.7982488564 28.1108983179 28.0620525042 27.5733800594 27.8550057759 28.0216685966 28.0193159682 27.5021355671 27.7680308823 27.8462422841 27.769154649 28.0206264481 27.5112166345 27.7502948944 27.648729486 27.5773379539 27.9001044932 28.119142976 27.8771335899 27.68717709 27.9323805475 28.0733123595 27.6328475808 27.9968864042 27.9854948649 27.6065376288 27.9847830965 28.0926777295 27.896089248 27.7061853179 27.8051426718 27.8738927172 28.1030524083 27.6892869509 27.5742592352 27.8893426016 27.8606019296 27.6177773338 27.949347364 27.6235872125 27.9143578353 27.7771397285 27.7654786046 28.1716057643 27.8857585296 28.0735747311 28.0160186708
27.8235220943 27.6715098436 27.542195216 27.900850459 28.119672764 27.7230082776 27.5891109281 27.8077075777 27.8153233579 27.6867786068 27.789716052 27.7480747917 27.5656315281 27.9141592853 27.9717563966 28.0875052211 27.5229567741 27.7487230556 27.988895746 27.7206326686 27.6855882417 27.7606679298 27.8169435038 27.6860789498 27.8752738051 28.1243862819 27.6606575014 28.2070683144 28.1122455766 27.5618216885 27.6537508282 27.6203896048 27.9794659703 27.869052026 27.7582002156 28.1410508906 27.7750446441 27.9098004229 28.0557953243 27.8323132363 28.1924704479 28.0046976656 28.0362785583 28.041686274 28.0851809546 27.5234152909 28.0103246973 27.656125945 27.7326410863 27.8583319521 28.1004764815 27.940295692 27.9164232619 28.0680440991 27.6371932411 27.5505300445 27.7603537478
28.117863575 27.8764874292 27.8298162378 28.1751861708 28.0352487667 27.7103389741 27.7100447113 28.0749037283 28.0254612006 27.6661774817 27.7538556245 28.0699686207 27.5139283745 27.6476307681 27.7964712859 27.799649063 27.9658839068 28.0767935362 27.9679209744 27.578949763 27.7756358123 27.6164247684 28.0131292644 27.8681649247 28.0598833656 28.1345291886 28.154587165 27.7857139659 27.9471227276 27.8856332906 28.1487596407 27.7114666174 27.6275315987 27.8927745185 27.5520358765 27.8122612428 27.9753249763 27.6511916596 28.1148840648 28.0225301862 28.1125944047 27.7656855821 27.7179147985 27.5015208582 28.1655390483 27.5675394121 27.5271246899 27.8585292411 28.0320699601 27.8665835058 27.6752781564 28.1761224992 28.0585128297 27.7101599449 27.6839080575 27.7700685902 27.9885662844
28.1544262532 27.9635367694 27.517736828 27.8664068009 28.1956822772 27.9533315074 27.5792978242 28.0147116012 28.126961763 27.5790641995 27.890076424 27.5065504796 27.8980028043 27.8312295458 27.5335380763 27.9083668373 28.19118239 27.8789291035 28.1420461001 27.6776135006 27.7482909073 27.5748225704 27.7828153957 27.5075405552 28.0331565157 27.8172692403 27.9927190478 28.1804667788 27.7261696693 28.0245766891 28.0170364191 28.0119397734 27.895913301 27.8595912108 28.0722838324 28.0898026853 27.8496688329 27.7417761785 27.7599054034 28.0206896487 28.038603519 27.5997653247 27.7549200506 27.9555854608 28.1681606114 27.8543322667 27.8564198999 27.6002867415 27.9975361302 27.8430433454 27.5380489025 27.760678541 28.0658469564 28.079531822 27.9170827534 28.108079328 28.0141967975
27.5110440013 28.0864931134 28.0914157707 27.8921642675 28.1168499511 28.0646711104 27.7040674481 28.1761241496 27.6708966974 28.0379910749 27.7425017226 27.5354223881 27.557559642 27.5763396683 28.1687355986 27.5473824014 28.1644602941 27.7374899827 27.9463671409 27.740073237 28.1558179922 28.0366187473 28.097200168 27.8024260496 28.1508553183 28.0734538038 27.9096947192 27.5040114839 27.5333821529 27.8712596973 27.9373905437 27.5560755666 27.7917347655 28.0136786163 28.009995882 27.8024515297 27.8418850826 27.7822751477 27.8069016094 27.8872870949 27.6473474016 27.952790638 27.758667284 27.8403581729 27.9842587947 27.887776797 27.9801292402 27.5063810133 28.0851827549 27.9694316018 28.2004143647 27.5735396633 27.67237472 28.0154550884 27.7853740077 27.9949609987 27.5097339523
