Spatial_Output/DEC/DEC_0087.asc
NCOLS 155
NROWS 192
XLLCORNER 196307.867259
YLLCORNER 449144.565805
CELLSIZE 33.573938
NODATA_VALUE NaN
[rows 78 to 103 of 192, columns 57 to 113 of 155]
43.7419370206 43.4573926816 45.7180490868 44.6710873185 43.2877139646 44.1495565138 45.1605819219 45.2198349864 45.7698094357 45.6738235728 45.4363047602 44.1505863424 45.0272113874 45.7440365848 45.5409650563 43.6473340998 45.3802089872 45.3372840881 43.3218355591 44.5763740937 45.3226564 44.2665449363 43.720269776 45.7113564607 45.1059419324 45.5649513631 44.9921087351 44.9726969382 44.2903348252 45.1001231261 45.1277196617 45.1796852556 44.8849054765 44.8518346167 44.0893630791 43.9945440344 44.8444606145 44.5673668425 44.5117474463 44.1565534269 45.0477462157 45.4621985082 44.1264978135 45.7388058549 43.9640610444 45.4865569371 44.647848673 44.2920982607 43.5917333067 45.8074591505 43.2843022305 45.5095765316 44.0401822308 43.5220071961 44.2991614207 44.0431751614 44.8134020727
45.5094186466 74.5707022154 45.6265253353 45.6752499964 44.9237409148 43.2918405799 43.0274568506 44.0971225669 43.0396050794 43.3466514941 44.3162065053 43.1910367336 43.6645466958 43.37747417 43.2326068444 44.9187507629 43.5241666479 45.0117231478 44.1237465233 45.3069824401 43.1494380753 44.9300931566 44.6622200831 45.3883111624 45.0524047958 44.3669818743 43.9060228589 44.0794019718 44.3030227385 45.1892407242 44.4452622834 43.1499243753 45.2483264053 45.1053796567 45.8176802401 44.5271647725 44.8085149702 44.2846686661 44.8259368821 44.9991713334 45.3270406322 44.1254682563 44.5692741306 44.8054737415 43.5701729557 44.4765823194 45.419720796 44.7179199377 44.8462314178 43.5385354836 43.5934998487 43.9497921468 43.0356858202 45.406836057 44.487255821 44.9145459878 44.9880050326
45.4014990004 45.0300809624 43.1557551589 44.999417915 44.9479852708 45.480940132 45.3079342425 45.6778096326 43.2011683493 44.3532119009 44.2780116023 45.2416994902 43.0296843343 43.1181798292 44.6229369269 44.9375482749 44.5967050178 43.3579719995 44.0134691116 43.973703319 43.5203588132 43.6504412433 43.5039512745 45.1478306014 44.7339944025 44.4831444421 43.2226902462 44.6898262523 44.6397467543 45.4814136668 44.668141924 43.172921746 44.0669055817 45.2797947072 45.5233080068 44.1903463873 44.9447119176 45.1706768853 43.3248565902 44.3301527797 43.378034187 44.5510433533 45.4067208286 44.1648970669 44.7793630016 44.8938773843 43.6263554251 44.1568912527 44.0272774246 44.3672188042 45.6545673011 44.9575852416 45.5058719793 44.5839617457 43.5274797866 44.8193271538 44.7097803145
45.7315460188 44.8616600774 43.4906647764 45.5691238283 43.4686016089 45.7797098339 44.7300998028 43.1708313158 44.9842441431 43.0276795956 45.7226489222 45.1344272479 45.448050162 45.1653232945 44.7825471827 45.1801812742 43.0889376815 45.0101106982 45.0285925166 44.9901147056 43.8762827378 43.9215196356 44.6301139498 43.8902633732 44.3442699686 45.1786235532 43.8646386813 44.6920957186 45.0735207404 43.3539191025 44.7773731953 44.43576839 43.8375579248 45.2367266402 45.60146589 45.5083748625 43.3761837123 45.180716532 43.8983673671 43.1943964698 43.1779222744 44.0140246039 43.2230468667 43.3072087737 45.5294214194 43.101179102 43.7373204764 45.3772238297 45.2667101064 43.851595522 43.7879565644 43.3537873768 44.2817604741 43.9789471422 45.7482899612 45.4387883048 45.4364399992
44.215348516 45.4804406069 45.1024510786 43.1699368263 43.522104516 44.7740880517 45.7578476677 43.7637704362 44.0822268759 43.9244864204 44.2803635473 44.0862792067 43.3047021159 44.2061811979 43.6650471795 45.6341557865 43.4583994863 43.0286067587 44.4879681604 43.9458012335 45.2979174185 43.064202987 44.8738200501 45.2768235792 45.2413011383 44.697271501 43.167033477 44.0353503367 44.0869149088 45.1481568936 43.0880339752 44.743408061 44.9278007367 43.9424320174 44.1284880354 43.5566763336 45.6099920223 45.2315216631 45.2154479757 43.8082421898 44.9348321941 45.2181233025 44.7666862079 45.1174366524 44.0948814082 45.7153493836 43.9180577303 45.362933929 44.1452209532 43.3637562249 43.038374571 43.0638649243 43.0978752979 43.15211297 44.7937270462 45.2453238329 45.6377187387
43.3513890396 44.1865825414 43.2717461039 44.8840310943 44.0825298377 43.434189386 45.2666528479 43.6940786841 45.5872069668 45.374090606 45.118954819 44.7523371233 44.4045044184 44.6211448451 45.0576990422 43.2712300941 44.1567076008 43.1335418003 45.6304049147 44.8623229173 43.8699009506 43.116292714 44.5335985904 45.4575091055 45.1673788665 44.4501223879 44.7642526956 45.7722584136 44.5857203237 45.2590212518 44.5009741709 44.0479465364 44.4380692253 43.7931561905 45.1304017234 45.2299498788 45.6725064387 44.7120436005 44.1953169444 44.9133878469 43.2749651171 44.6331379097 45.4400654404 44.3773167806 43.2985806793 44.503230554 44.8757353542 44.5132619299 45.2734005288 45.0381485014 43.0906165649 45.2182290771 43.2565036965 44.8754208386 45.5565938495 44.0979871074 44.2991970686
43.545621425 44.2564719153 43.7257180302 44.9691188825 44.9428701602 43.5275415796 45.3719171201 44.7443998117 43.479075023 43.9491582018 43.953474295 45.6420064715 43.2281952317 44.7440100448 45.7095856259 43.6994616494 45.53877645 43.2501811502 44.9912645259 43.4381337403 44.6838362178 44.4196100223 44.1603718387 43.0515935276 43.3869788937 43.7854209198 45.6043017833 44.2798106166 43.8873125636 43.3255096594 45.2646303307 43.1889023456 45.1287931479 43.8501035148 43.528458039 45.6396845034 43.1081640951 44.4599232839 43.7967882066 43.9371338224 44.0405787769 43.6206807666 44.5743700117 45.2872842125 43.7659057635 43.844687207 43.3621599874 44.3170201457 43.9087885769 45.5656876329 44.8602120494 43.8324205957 43.7803901759 44.1421059573 45.2466505293 44.9073852069 43.1773563549
43.8998715538 43.2632401156 44.4464727857 43.0469661371 43.9943192676 45.3899825596 45.147095904 43.5656250191 45.673881697 44.2074522449 44.9599327816 44.9724629861 45.1020362252 44.2907583376 43.633786107 43.9214566154 43.2056202469 44.6226366106 45.5719221494 45.745491669 45.6420871285 43.9535797165 43.4835920687 43.9485217509 43.052948065 44.7292794409 43.0836495866 45.7899606799 45.0593356898 44.1686172682 44.6954676379 43.7387545884 45.7506068389 44.4187238989 44.2232813367 45.0591656405 43.5746073527 43.9126780384 44.3419607804 44.0767194292 44.1911941835 43.7123195905 43.0227828505 43.511339809 45.7145577837 43.0749304813 44.95205709 44.3788437187 45.3555188952 43.3606524948 43.4078599171 43.034579271 43.8554770564 45.7316503378 44.9376156662 44.6029349919 43.2245141275
44.9698132108 43.5521635269 43.0969496932 43.3045396114 45.4899097636 44.1155916955 45.6998653918 45.3523955777 44.7769404996 43.5642021003 44.1729034435 44.0823119477 45.6353309623 45.773491138 44.0127086705 44.7154348801 45.4527920053 45.6920739456 45.0014663108 44.5672000931 45.1091279637 45.1943750959 44.5337433636 44.3488866056 43.4292526849 44.9498964406 45.6279252303 43.0801501837 43.5729359381 43.1319806715 44.4234554252 43.6817405142 45.3315311844 44.9395609156 44.6328831667 43.6071062794 44.8442702869 43.2971960293 45.4906582981 45.7282010639 45.5619273384 43.0467489885 45.0415862869 44.2477088569 43.5320984404 45.5799708023 43.7468758014 45.5036608696 45.1137136744 44.6112964627 44.0253796023 45.0572418811 45.810042472 44.6855396355 45.119545927 43.0315187032 43.4677788326
44.4960775985 44.1125979216 44.5064055321 43.9869656753 45.6785203607 44.3292352023 45.5183709954 45.4197336419 45.3141844405 45.4696526887 44.0659729119 44.9257120798 43.5695377042 43.6619320045 45.4099836576 44.5203561669 43.0884088088 44.225544019 44.6995507279 45.6830962394 43.8294759864 45.7769352265 43.0826197431 45.2584281883 44.8174136442 44.5210309591 43.3149364937 44.6698885304 44.0525864289 43.7171213783 45.3764300027 44.7275311502 44.9210840875 44.1000271155 43.3364520043 44.1729990928 45.2687604281 45.0192609173 45.7662997311 45.248620091 44.9941393247 44.6353032804 43.6807800991 43.6448593931 43.0946583532 43.0084230606 45.1837133703 44.3571478902 44.9561838312 44.0328280127 44.4811602456 45.5212968753 44.4361072032 45.2892008703 43.5502026591 44.6433743868 43.7085866045
44.0894465157 43.5752953446 45.0420587246 43.8022254896 43.9075571608 44.1832147825 43.718568471 43.7988789371 44.2394126415 43.454353131 45.4103280141 43.6323276838 43.957391472 45.6756105526 43.902116758 44.7539406641 45.4915057325 43.6076148592 45.7707712013 44.4478732846 45.460743774 44.7091249708 44.7197575618 45.6532022405 44.5528122717 43.0693514525 44.3606377155 43.9482321079 44.0339019283 45.2931946689 45.5891033782 43.4128421522 43.7961053364 43.8819470399 45.513962835 43.4748020159 44.2299366954 43.577236477 43.3180258608 45.1888023851 45.6597044034 45.3850006293 44.2284829426 44.3345785058 44.9390596966 44.0398722542 44.7808574984 44.1287846314 45.660050874 44.7229039705 44.7173265429 45.6286357418 43.5744559623 45.5655557157 43.7024216584 43.0947167847 45.7739026165
43.297497221 43.4515147746 45.4337786478 43.2550801325 43.4404500505 44.076884425 43.3021116723 45.223503096 44.0766554301 43.9682580996 44.0583482329 43.1729939445 44.0871129935 45.585024877 45.0623079361 45.5681212991 45.575833269 43.7878882313 45.0171363759 44.391591177 45.2142963914 44.9478031866 45.3107750329 43.5156475545 43.9914886284 44.2193426514 44.4480745672 44.0328348798 44.2761497174 44.3889327458 44.4687431404 45.2014228542 44.288627978 43.6392854393 43.3737659475 45.2414058633 43.2802502095 44.1191342639 43.4590387881 44.9735648137 43.5090655413 45.7552273333 43.2992794879 43.8910544989 45.1862977579 43.6257497071 44.0424525548 44.4025152495 44.851040403 43.4628207868 45.6146302079 43.0587360827 43.4193768772 43.4370807877 44.6604087058 44.9365230987 45.0339817229
43.7061425231 43.4352364373 43.4219095431 44.1021050208 43.1415136476 43.0649776447 43.8988287982 43.3585392566 44.5384475116 43.1737999383 45.3297464096 44.1113786487 43.9238981212 45.5582605605 44.8220908316 44.5238138862 45.5813473134 45.493577603 43.9279550122 44.7039292457 43.0250228393 44.0144763349 43.9582015701 43.4664971042 45.1893185601 43.574355112 44.3066214356 43.9362090451 44.5189530677 43.1875020713 44.2942832477 43.5035152162 45.2818833555 44.8267409106 45.424689388 43.4225991709 45.3876298246 43.5813862284 45.2890181957 44.8329465398 45.6636404018 44.0466405001 44.4244324351 43.9157565877 44.3544231884 44.6544340784 43.4498353377 44.5110731711 44.6895322334 44.58538523 44.5123304183 43.377262579 45.8116585999 45.3165032947 45.6474610579 45.3866822996 43.5094671694
43.2378124013 45.7212486779 44.3871182849 43.1511755992 44.9921984906 44.3369272841 43.0620282441 44.5926759414 44.8498625523 45.6424894209 45.4751427891 44.5588620609 44.7479077801 43.0943158458 44.2631702496 43.0887196779 43.7200652997 45.7807158849 43.4990698223 45.680429483 44.8334382098 43.1702802436 43.5191623598 43.4677906378 44.7865697018 44.2139126082 44.6779836092 43.7721737894 44.4682986277 43.4673957335 44.4687778217 45.8109488436 44.8183474137 45.3724618155 45.6366109739 43.8148389737 43.1804551486 45.4450848446 43.2748068115 43.6869631893 43.5476744471 43.5065506518 43.8314384173 43.316680887 43.662271259 44.4111542497 43.083407354 45.0237156011 44.7188501324 45.4911974532 44.4967598401 43.8074697627 43.4768766864 44.0901703578 45.1518973574 43.0110235762 44.7567104724
43.6828022248 44.1123256408 43.0184060564 43.2350607481 43.6965982343 43.2172134962 43.8547268893 45.0169109259 43.8988992035 45.1984458729 44.7646238953 44.57000746 44.719917004 43.9538689484 43.0202002569 44.9608985972 43.3973123603 44.0462692534 43.6432758799 43.6058683382 45.073787586 45.3014297546 43.3140114936 44.2557377459 44.3850661692 43.8219191765 45.7217471109 43.0449192053 43.7009356956 45.5489384176 43.2123004907 44.690386965 43.3862915723 43.5530980294 45.0525852261 45.2284722707 44.1903863293 43.9755808671 43.9359981052 44.6303646408 44.0875081733 45.6901597099 45.5423745002 43.4854170997 43.3419286141 45.4812073398 45.2686106027 45.6152794883 44.6898371014 43.2056058343 43.9536932097 45.1821858078 43.9037482435 44.9499041335 44.3432715388 43.2698817356 44.7569830064
43.2496742332 45.0796129371 43.401497199 45.1248517164 44.6283221698 43.7135019777 43.9200755788 44.5480914098 45.1048523622 43.4014379032 43.2883044371 44.7548465197 44.5954764219 44.8458124321 43.7102837379 45.5776660176 44.8362882615 43.5294627019 45.1189609133 44.2410745154 45.7334437591 44.7061862447 45.0947776746 44.9256259776 43.1549239556 43.3153193949 44.4542708576 45.2176796702 43.7309892231 44.4326247906 45.3548826234 43.9201683224 43.8563625927 43.1596515413 44.1857054335 45.3588447205 44.5035894323 44.5828562481 44.7325420476 44.4528931048 45.3377531676 45.0301200684 44.9207600399 45.0763097219 43.3284619427 43.996621128 43.710820131 45.1912067972 43.6649276618 44.6007817778 44.2254898605 43.0308663751 43.5510299382 43.08915131 45.7043286488 45.0272711427 45.3649735193
44.1982013548 43.3092261353 44.1733294553 44.5627249857 44.6141870912 43.5301575952 43.4483846162 45.1946769972 45.0647928034 44.566490236 43.1803764933 43.7119761527 45.661790826 44.664013309 45.2238325538 43.3158856419 43.1513782401 43.1999417033 45.2919389857 44.4314212726 45.6408445568 45.5648185361 45.4806092415 44.0230822634 44.3585095289 45.5575496803 45.0773166522 44.1065411032 44.8529086334 45.5472442616 45.7886608945 45.5187066416 45.4153679494 45.3311548524 44.7595991367 44.9795209009 45.6708719131 45.1002623084 44.8299178991 43.1936106399 45.8127521859 43.3701899474 43.8975934159 45.1869692603 43.8841332467 44.545007603 43.5549643424 44.7480901183 44.5111274709 45.8145149206 43.0411390585 45.0131551898 43.7792141557 45.2621553728 43.9852046964 45.3710922782 43.285541846
44.6567963551 44.7660499703 45.7417476763 45.5463280834 45.1962438002 43.0593936427 44.2927085929 45.2311231285 45.015583746 43.5569842186 45.5919301332 44.7482176193 44.7642649915 43.6343678191 45.2573997358 44.3229973547 44.559015718 45.1893191419 44.9334700672 44.646048652 44.1279770704 45.7927862609 45.0485930337 45.408769807 44.316937533 44.2086061753 43.8127644861 44.2168144573 44.5546622558 45.6341247376 43.6527997451 43.6471911254 44.8672634852 44.8100369784 45.5012726327 44.6031041094 45.2001739735 43.3352912034 43.4067139471 44.4907375482 43.3500320944 43.2300642957 44.7004470094 43.4859960278 45.0751823732 45.7480489323 43.3167312869 43.7704672154 45.6198515145 44.223892047 43.6340120079 44.2853978453 43.8556674465 44.1101059266 44.9374097196 43.814309686 45.1734513063
43.8210862859 43.7996560577 43.9532263371 45.0765690013 43.3146243872 45.2976490747 44.8638914772 44.5779029815 43.3459487584 45.8277989999 44.0070926996 43.9201459783 44.2269502808 43.8231053825 45.6084959523 45.4920761062 43.1875458705 43.8638000437 45.6783065873 43.9143463291 43.5996881709 44.4947115892 44.315446136 44.1476113758 44.2003512755 45.5015565671 45.7694338892 43.106396432 45.0696725699 44.8815296748 55.2725861382 53.873617746 43.4756029688 44.8852431814 44.7166422234 59.4237452317 59.0735286113 59.0735286113 43.577096177 43.6036009633 44.4421117422 45.7009513154 44.8587274098 43.5858342459 45.3778114078 43.200854128 45.7216962387 43.3214410872 44.0479335741 45.6939728756 45.7975311274 45.4220591938 44.6041823814 45.5147992247 44.8616503264 43.0771303893 43.0644804884
44.1226039576 44.6099937828 66.2947404607 66.2947404607 74.7481812917 74.7481812917 44.5224836966 44.4254268846 64.4475501236 44.9599616891 45.6208182918 45.1590837853 43.181852144 45.6572812963 44.1014790503 43.083569568 43.2714725046 43.2130072308 45.2374129515 44.2263755543 44.3326789453 45.3752824922 44.0235199081 45.6441145255 45.592944831 43.3454816585 43.8971765308 44.7352485575 55.2271866967 55.2725861382 53.873617746 53.873617746 43.6058049064 43.2172099015 59.4237452317 59.4237452317 59.0735286113 59.0735286113 44.6348218016 44.3019146192 43.196115112 43.9603419206 43.2029599269 45.662631246 43.1182824169 43.0850015534 44.2373250355 45.0258229658 45.2686058479 43.5384017626 44.250928335 43.5744567252 44.9434845984 45.2685611634 43.5947510176 45.0579981817 43.0879390405
66.2886241714 66.3856124483 66.2947404607 66.2947404607 74.7481812917 74.7481812917 45.6334050963 64.4475501236 64.4475501236 44.119528273 45.3694509211 45.6547223875 43.7634659956 43.6242459407 43.8549639457 43.6867393415 43.1450619892 44.3490954319 44.9329583825 44.6719115931 43.8141102501 43.1686922605 45.5318210905 45.7215167086 43.3488895104 45.6790481372 44.4839818175 45.7578309175 55.2271866967 43.7190250189 55.2725861382 53.873617746 43.9857730582 43.5383281903 44.3680795289 59.4237452317 43.3248170086 45.7091320902 44.0197104317 43.8786199518 44.2818487769 44.3060303441 44.2363251368 43.4736192925 43.7855843274 43.7686830786 45.4521167977 44.4929960471 45.6642335952 44.4820800841 45.6555619783 45.8067936813 45.5886244575 44.3133550716 44.3097007891 45.5620427257 44.5389836399
66.2886241714 43.6474690908 66.3856124483 66.2947404607 44.5243305319 74.7481812917 43.9210660029 44.4164595034 64.4475501236 45.2949617022 43.1504487142 45.3001957784 44.7182746572 43.6834736513 44.8621583439 43.8519733914 45.4625382772 45.5474809382 45.1468476913 43.7312955786 43.1148892462 44.6907049955 45.4086225901 44.4666406959 45.7582316345 45.6199770602 45.4944795597 45.4119840692 43.317820892 44.9206593942 44.0235228876 43.917586263 43.2877354992 44.399919037 43.7213607611 43.2752568455 45.0122928239 45.5389380251 44.0244791477 43.784641304 45.2151123597 45.3896882171 45.4996316278 44.0971906799 45.2423140547 43.2552921247 44.6988584316 43.6143771617 44.0794257522 44.1681928019 45.4704577813 43.1674400243 44.8048760778 44.2399245296 44.5973051321 44.6471321532 44.9265128928
45.662098387 45.0340109411 44.826357782 43.7832982486 43.7495149877 43.1689206187 44.0446602535 44.3837525588 43.0059214754 44.7881451145 43.9678802197 45.5470961629 43.4633076376 44.0583864603 44.9056489567 44.7819847111 44.1145897635 44.6204690897 43.7737841046 44.6357315664 45.8102446289 45.4118032913 44.9084527215 45.113770419 44.8201160972 43.328395057 44.3260369179 44.6900202279 44.9252990357 43.7526594175 43.8078401506 44.6080542711 43.4974407173 43.7860316399 45.5371496895 43.6986576773 43.5029627707 44.4400206028 44.0567970282 45.7333063496 44.8384936406 43.0752464323 44.009486861 43.2548444137 44.1188163614 43.9718950765 43.4625233254 44.8273756366 43.9344425418 43.6919048097 45.6248880613 43.032439461 45.1567306397 45.3081842507 45.3829702108 43.4178075927 44.1012848212
43.3136370214 44.4766959415 43.2310705452 43.4939383452 44.2181801502 45.3139471086 44.9787989686 43.8043782316 43.7808260958 43.4584666759 44.654277469 44.805283324 45.6570144514 45.1148854102 44.9709405768 45.1968756788 44.4576737799 44.032000696 44.5359220804 45.5699445387 44.0341331864 43.9818630907 44.4732880661 45.0975136199 45.5371509329 45.3547493384 44.464623352 45.7836237938 44.5597345565 43.0610544025 44.6733379324 43.5232179612 43.6632036237 44.6838639611 45.7989188855 44.277812258 45.2210351787 45.6695612416 43.1462376292 45.262704384 45.5109144441 43.0708437153 45.578911664 45.0228207708 45.3089638289 44.8597907859 44.0076693601 44.9416991293 43.3247426807 43.2471039555 45.3615491 43.9475566939 43.7419946191 43.2602524479 45.7750940181 43.1072336414 43.9785685733
44.6329167348 43.160205936 45.1698441476 45.4022269945 43.4687455806 43.1192973488 45.6760852117 44.3643929025 44.465427731 44.1518671895 43.1809410481 45.6045888403 45.1687648745 44.7523525085 44.9150375196 45.707161751 44.1739469391 43.3524484466 44.842728448 44.0328080663 43.5212608432 43.6380440148 43.2076847296 43.8237696315 45.2737303413 43.1395296275 45.6178396641 45.4440872319 45.2243616171 44.8923092676 45.7698885389 43.202043631 45.6893817062 45.2956039343 44.3879253308 45.2928755653 45.7750201886 45.409787111 44.6317099105 44.1177735317 45.7817902869 52.6089998985 44.7674680983 45.656057151 45.1225216646 43.9655718184 45.4150419437 43.0358595995 43.776822677 45.2880027936 44.9356026472 43.0260195604 44.0007372366 44.3654669617 44.5812068881 43.0433000337 43.9087060703
44.5317681297 43.3170635603 43.8497586862 44.0378017486 43.7103026327 44.7262136812 43.9579659375 43.6541886277 45.7602806033 43.654473497 44.0758344746 45.4739741396 43.8981921855 43.1301013524 44.9706645001 44.7160542625 43.75304109 43.2183767704 43.3176101531 43.0758934664 44.3482794422 45.6213167779 43.2419204276 44.4912482938 45.1842835854 43.0760161 44.6766690338 44.5862583119 43.7581078765 45.3958293529 45.8011017144 43.3460410064 43.5337650186 44.8163674385 60.6293608564 60.6293608564 43.4722757869 44.9654546932 71.3174631343 71.3174631343 43.6981231469 52.6089998985 52.6089998985 43.6610123051 45.2109989377 44.3305276566 43.1084259711 43.9508469378 45.1089826899 45.2273072119 45.6211088912 43.3957146595 44.9486125055 43.7032417921 43.2417815359 45.3079206243 44.5028581332
