Spatial_Output/DEC/DEC_0216.asc
NCOLS 155
NROWS 192
XLLCORNER 196307.867259
YLLCORNER 449144.565805
CELLSIZE 33.573938
NODATA_VALUE NaN
[rows 26 to 51 of 192, columns 0 to 56 of 155]
0 0 0 0 0 0 0 0 0 0 0 0 0 0 0 0 0 0 0 0 0 46.0733249772 46.0084356733 46.987523163 46.3708135475 46.6712905549 47.0495569882 46.2791414822 46.4207032506 46.8365256797 46.6109138735 46.6819773128 47.2219262572 47.1328648174 46.3673007927 47.2305454069 46.1004518883 46.3933707585 47.0542097829 46.7946081821 46.7003434653 47.3326812597 47.3071058463 46.4633404126 47.3028166786 47.2205698995 47.3328468878 46.1972354045 47.2350028827 46.7947390638 46.1848371975 47.302034344 47.2703309314 46.1550248108 46.9084048025 47.2302840845 46.5411246907
0 0 0 0 0 0 0 0 0 0 0 0 0 0 0 0 0 0 0 46.7006710625 46.7510609517 47.3463347067 46.8476196053 47.3608942957 47.1012691985 46.5493149471 47.3214054049 46.1694149867 46.598044813 46.0106283989 46.507787248 46.2774031968 46.6980438254 47.2339233829 46.1698425031 46.887578718 47.0153349592 46.1235139172 46.3434647731 46.2210476143 46.0411349342 46.6098404044 46.2075361807 46.9152981271 46.8463594196 46.7795080233 46.0175930602 46.9510110857 46.9114296552 46.5153516938 46.6462531557 46.9999457589 47.3051279998 46.1657721889 47.0749441379 46.9187416076 46.2938216407
0 0 0 0 0 0 0 0 0 0 0 0 0 0 0 0 0 0 46.3708566427 46.2352475703 46.6906054099 47.2749382834 47.398225808 46.4271012543 47.3327449394 46.4475438047 46.3607428706 46.928698838 46.7456251885 46.2281459313 47.2971365366 46.3150850165 47.3209615905 46.2293903341 46.7731335266 46.9654801783 46.7852659125 46.7446871278 46.6318493112 46.3753935499 46.2042693315 47.0311534674 46.1717731638 46.7437301347 46.1020431203 46.6909310187 47.3762116116 46.28429984 46.5421738129 46.3155072471 46.517076512 46.7522901389 46.8886452423 46.2552198207 47.4130480359 46.1431721411 46.530916155
0 0 0 0 0 0 0 0 0 0 0 0 0 0 0 0 0 47.3983732551 46.6243954589 70.5492432807 73.4027839148 71.1427271573 46.9208672954 47.2838222867 46.308478553 47.2801478826 46.3250246154 46.3058883775 46.9501231708 46.8840726582 46.1399068495 47.3399449099 46.4333177762 46.9968076901 46.0825062861 47.1483514485 47.0264317456 46.6844480984 46.4789990939 46.3045665329 46.0502996416 47.130532407 46.9125060007 46.124284377 46.144982252 46.9981982792 46.961443657 47.3442264766 46.1694787494 46.6622120925 46.1827810022 46.002174297 46.2439123356 46.6963207628 46.7110360358 46.5994832564 46.5223146909
0 0 0 0 0 0 0 0 0 0 0 0 0 0 0 0 46.782546297 47.2112449238 46.438756078 64.5057401253 64.99927893 70.895472974 46.0856614586 47.2116262311 46.0448092619 46.1555606847 46.9438853428 47.3327432697 47.3416849962 46.0892698521 46.2263076824 47.1573263079 47.1191210354 46.8871075159 47.3737218661 46.3825565718 46.611390555 46.4591770288 47.2253015436 47.3632922964 46.272560278 47.0707397348 47.2709018205 46.2842964385 47.0650443701 46.4802181221 47.1768943665 47.2965527794 46.5286075751 46.6496422376 46.7519441056 46.4134025095 46.1477925721 46.1130385557 46.0828977312 47.2338381832 46.6976992284
0 0 0 0 0 0 0 0 0 0 0 0 0 0 0 47.3494882113 47.0715227992 46.908431403 47.1085349486 76.4510304853 77.2152606003 63.4896337509 63.5690159478 46.5337338077 46.3537404419 46.0526987791 46.7256600762 47.059228041 47.3215027161 47.3441075113 46.4438516134 46.9964649359 47.0731595287 46.3147950463 46.2545606839 47.1327670845 46.8607200873 47.1370349818 46.7157246577 46.0812674233 46.2006475613 46.0158523683 46.4330413294 46.9842082782 46.7830339641 46.1406180268 47.3686531053 46.7480204264 46.8752710279 46.801128164 47.0534343034 47.2137150307 46.5212550664 46.2816582571 47.3858545749 46.7212542456 46.7587595904
0 0 0 0 0 0 0 0 0 0 0 0 0 0 0 46.4263799068 46.391600339 46.9528512946 46.8102172976 65.9240836632 75.6888841957 76.52111265 72.9263947056 47.1843815895 46.9815054518 46.1342179303 46.7548698159 46.5328729379 46.6408062919 47.2876693246 46.2860651749 46.9832736165 47.2149081146 46.3070148431 46.0638789027 46.7137257135 46.0678260231 46.7887934379 47.2634396599 46.9921775869 46.3963069941 46.4095843438 46.7290662347 47.3275787804 46.0066535341 46.283284036 47.2597091426 46.6941388152 46.8172228683 46.0561822198 47.2621232872 47.0206096781 46.1726643617 46.3201508655 47.3951688353 46.3451911798 46.9110811756
0 0 0 0 0 0 0 0 0 0 0 0 0 0 0 47.2887443706 46.2427356872 46.4070879802 46.4730010357 46.0430682728 63.8453374216 75.6692986531 68.1242094592 46.0581506932 46.1678822455 46.7105367474 46.8919694937 46.8788376086 46.4491031777 46.9287644559 46.8741151063 46.6433688862 46.7283151299 46.4054671016 47.0339924504 47.0454586891 46.6746191571 46.5953580051 46.9121264622 46.1919485247 47.2056356761 46.1862696216 46.2506742259 46.2956358929 47.2635654797 46.7366858649 46.4046601468 47.1176003695 47.1119646934 47.3231143598 46.0344147279 47.1130071507 47.2399919421 46.2313681792 47.3928125815 47.1173150504 46.4610177198
0 0 0 0 0 0 0 0 0 0 0 0 0 0 0 46.299042594 46.6250041668 46.881169917 46.4659798097 47.2593799899 47.051449141 46.4588421393 46.7434464892 46.2351014197 46.5969168817 46.6504142855 46.4227362976 47.1989155812 46.1032299872 46.1929389893 47.1471522271 47.2169257677 46.9725137597 47.1882226213 47.4060033032 46.3813456137 47.3786915577 47.2470130906 46.2439570073 46.9601681917 46.0513443167 46.9018112388 46.0895161161 47.1392742609 46.433116551 46.861475063 46.5257208172 46.6497783585 47.3369676031 46.8054420242 46.3457337999 47.3203925615 46.5629637319 47.1087861253 46.7252839802 46.3620710839 46.7819188247
0 0 0 0 0 0 0 0 0 0 0 0 0 0 0 46.4576364572 46.7015085545 47.2224075145 47.2916688713 47.0488996214 46.3233196126 47.0953849997 46.9401078773 46.6162474643 47.149863972 46.0634121422 46.1048863996 46.7159714785 47.303626914 47.0773560327 46.166657968 47.1442035403 46.5914582921 46.219507713 46.5274767215 46.5121102133 47.393444868 47.0027790076 46.6355995353 47.4050565126 46.65982142 46.4457785455 47.358647415 46.0721894819 47.3135683705 46.4745191002 46.5771322482 46.3209764031 46.069138681 46.4200038146 47.3808488693 47.3574238634 47.1760357726 47.3129166446 46.332742209 46.968068261 47.1417372754
0 0 0 0 0 0 0 0 0 0 0 0 0 0 47.3433886374 46.4266812919 47.0026189756 47.0114157656 46.7749655092 47.1595369277 47.1608416021 46.6664978994 46.02286034 47.3592464549 46.2310599564 47.0871485203 46.4243761256 47.2225349709 46.3434301715 46.5385236806 46.9594489822 46.7706850657 46.2680482978 46.2527129099 46.6858940835 46.3874652416 46.8128256181 47.1009423823 46.5849289109 46.543761982 46.8591089623 46.3925114468 47.1546291083 46.4564794868 47.3839905526 46.3699872772 47.3490153138 46.4631545294 46.755525922 46.5151591126 47.1697760655 46.0308684342 46.2906980639 46.6405094146 46.2151665262 46.7318976752 46.0241080501
0 0 0 0 0 0 0 0 0 0 0 0 0 0 46.1398682028 46.5939860367 46.3907226892 46.9893757966 46.4649995991 47.2708131621 46.5376725542 46.671417753 47.0517649929 46.1898270356 46.7958392268 47.1619993561 46.9558813043 47.097011901 47.0490074335 46.0971116933 46.7696273298 46.5301994897 47.3633878324 46.9667894189 47.1870772607 46.9441838004 46.5796474648 46.0366687211 46.1846234793 46.0253804456 46.891191217 47.0503741813 46.1217414353 47.0669512682 46.6792468163 47.0284899652 47.1222652376 46.9495297715 46.4956088239 46.8209347681 46.4783928733 46.1588232802 46.8275959483 47.2707385728 46.1907960564 47.0549415063 46.2314759586
0 0 0 0 0 0 0 0 0 0 0 0 0 46.3093614884 46.499105528 47.2275763475 47.3257011899 46.4201226926 46.4495954864 46.451758608 46.5139189963 46.0486302366 46.8478769759 47.3164348648 46.1261021032 46.2244708906 47.3648390634 46.8094903299 47.2441307418 46.9464496489 47.1274668673 46.562257987 46.3201719076 46.9004558643 46.4968850108 46.7469076949 47.3668170027 47.2299367348 47.1297221488 46.4501570691 46.6550133074 46.7312125358 46.6780923064 46.9178473437 47.3614654133 47.3427456667 47.0004574706 46.332980129 46.7172571739 46.0947583432 46.1878082428 46.8564588553 46.11417333 46.3701585372 46.7150801257 46.7752241904 47.0865573414
0 0 0 0 0 0 0 0 0 0 0 0 46.4511605213 46.2497438311 46.343807782 46.9300727806 47.1991229019 47.0173015972 46.0648996164 46.9459450959 46.1984691931 46.2872180954 46.6572741159 47.1614839618 46.6854245444 46.8517767767 47.1076874935 46.9013306992 67.1350048504 73.1537948089 72.7707583927 46.9657285504 47.1101946343 46.023026821 46.2743633371 46.733479434 46.6488632265 46.5353301279 46.0797165335 46.1280868414 47.2912079622 46.4217233766 46.2024901669 46.863477363 46.3184421712 47.0449449445 47.0649426307 46.8132705067 46.778102475 46.5873705247 46.6300776207 46.8909074942 46.5676270757 46.137044302 47.0284017527 46.705925303 47.1405540648
0 0 0 0 0 0 0 0 0 0 0 46.4196540723 47.2460375196 46.9834887625 46.4028243375 47.2491539974 46.6054813339 46.2824513717 47.406209481 47.0859352468 47.0384801471 46.1489424349 46.4509537262 46.8952895666 46.9478820901 46.8943228419 46.2296915585 46.342116202 63.3793913837 69.9843482039 76.6946613207 46.1916318762 46.245774206 46.3325855738 46.0141388448 46.6839559433 47.2155727914 46.7228264768 47.0943589244 46.992225771 46.5431193204 47.215442908 46.8526221407 46.1179198125 46.540051802 46.0897779689 46.5091395823 46.7453995094 47.0241048014 47.323832697 46.2182138387 46.4552623198 46.4494230029 46.9237625361 47.0195408423 47.2921864396 46.3198020709
0 0 0 0 0 0 0 0 0 0 47.177195993 47.2139743993 46.3236794293 46.4600621663 46.358908192 46.8604136673 46.202410609 46.203014496 46.4206323288 46.3570969407 46.2353764524 46.9523630898 46.5869339587 46.3600412492 46.5258296636 46.2392735029 46.4240053762 46.9749291429 78.6302160249 71.0729939435 63.25998595 47.2323078525 46.6575147356 46.3901154673 46.686240109 46.8000400191 47.403363487 46.8984460215 46.5677595662 46.143140739 47.1498447155 47.3097369991 46.1696754029 46.9785860866 46.5675379228 46.4266118602 46.7623485891 46.9893459956 47.3289648877 47.1531829491 46.9440273021 46.2194326504 47.1463093684 46.4893682553 46.2712135922 47.0927597512 46.909071298
0 0 0 0 0 0 0 0 0 0 46.2202790744 46.5869830454 46.0451238591 47.3556876094 46.2157187667 46.5472806653 47.2580199688 46.4765267695 46.92849013 46.4786888901 46.4253403042 46.6008122126 46.0845936654 46.1797365926 46.2454766248 46.0060522336 46.2391049479 46.0119158238 73.7382100731 70.2360140752 71.3457038863 46.4466827187 46.7886509493 46.7476828286 47.3339677515 46.7382158378 46.7640608707 47.0213281781 47.1434347733 47.0761635536 46.972250867 46.0331994917 46.7630012326 46.5480254242 46.851049581 46.3455376905 47.0036712198 46.7788901588 46.727010518 46.6544291684 46.6073826838 47.4041963993 46.2320372985 46.1329712022 46.8745319293 46.5039148474 47.2584957923
0 0 0 0 0 0 0 0 46.1813916503 46.1601024969 46.8703200308 46.0872207105 46.5284652727 46.3680932218 46.1056526468 46.5389808359 46.5251627553 46.3143032635 46.8580994886 46.1051074223 46.7630683195 46.0555959576 46.8379389035 46.9011309894 46.5627178861 47.0032443303 46.4101177901 47.1028195264 46.3703726091 46.9301315996 46.7961040749 46.303499434 46.3756614818 46.2262256552 46.7195811873 46.5799227714 46.0301243221 47.0881706507 46.6391830595 46.7862101099 46.4134019492 46.8286905602 46.0437376746 47.0684679069 46.6747591333 46.056826365 46.0607772682 46.5351442269 46.0046837243 46.4975294519 47.3921491296 46.7355427183 46.5167568607 46.6320380076 46.3597893931 46.1288465634 46.4411972568
0 0 0 0 0 46.1907088923 46.1957353482 46.2805103267 46.6695461148 46.2748133384 46.773349659 46.3389371852 47.0500645517 46.9412652395 47.368115713 46.661496036 47.2742507692 47.0396261443 46.7517474158 47.2903388668 46.4934004806 46.6086392685 46.9308021191 47.0706977376 47.3608567621 47.3535648505 46.1986959544 46.4698309236 46.3751181393 65.4963157601 65.6620053668 71.490755417 46.9520304429 46.4323993313 46.4796303411 46.5147324822 46.8691945803 47.2732154055 46.105261588 47.0829557817 46.1603656284 47.2796898268 46.7389314845 47.0075298771 46.7373357979 46.3606113748 46.150889048 46.1153980586 46.2576713975 46.9380579399 46.7097281888 47.1485134708 46.1761940073 46.3494231504 46.8488356274 46.1289554754 46.6229177379
0 0 46.3396408334 47.2567541324 46.6600055049 46.0714182154 47.0206256088 46.8601573476 46.1287903825 46.5515928858 46.957982977 46.6077953067 47.1265491987 46.7483471587 46.4048357554 47.3134497419 46.1951242953 47.106318281 47.0227494987 47.0292589044 46.0355105836 47.1870217106 46.4707623709 47.3996019569 47.1318472828 46.1415164506 46.2562249224 46.6761364961 46.4597630111 72.3729681058 78.4188373141 67.0213368655 46.2833064404 46.8929840818 47.3420028824 47.3998649168 47.3096081854 46.4548112296 46.987169109 46.9292795946 46.5733800168 46.1291055481 46.0084052422 46.5794655451 46.861522202 46.6046653451 47.2629374089 47.2675665424 46.8206721418 46.9611242129 47.1382251741 46.742978401 47.4073379613 46.321485875 46.0684790377 46.5144834112 46.5013384512
0 47.411098731 47.0733227065 46.3890006679 46.2760563785 47.1816998487 47.0936751642 47.4123499365 46.6910195344 47.2145837062 47.163968885 46.2610482767 47.2230117313 47.3456953266 46.9465055296 47.210093778 46.1815746549 46.683420103 46.8579641881 46.2027389718 46.2458125409 47.2532208301 47.3975584067 46.8993042044 46.4545859184 47.2671867406 47.3946527546 47.0903914971 47.0202140135 64.0145101942 66.3250740621 70.2513664604 46.0648298145 46.2253179194 46.5204922737 46.8977268995 47.2020745229 46.2093708571 46.627258253 46.5492182482 47.2199674726 46.2966928899 46.9224493098 46.7870494705 46.1263215883 46.7414837731 46.9941944216 47.3971322265 46.7175726537 46.5226428344 46.5735909609 46.2689120951 46.4256315481 46.2421822286 47.2928385271 46.1075948614 47.1395551272
46.4554658118 46.1882488914 46.2826996283 46.8130229405 46.7788785907 46.3424406723 46.9751052481 47.0012834649 47.1668109532 47.3954074964 47.1000151227 46.6383151331 47.1734602201 46.7018278181 46.9165688563 46.7222426085 46.0691972027 46.497924696 46.4837395733 46.6197257397 46.0237982475 47.1252819217 46.558610028 46.8020424569 46.9691007452 46.9581814642 46.7627366663 46.9867571062 46.0119709022 47.3150996206 46.9083064398 47.2094175417 47.2743737437 47.03486777 46.2927841417 47.236915874 46.8640006566 46.2860879277 47.0573958792 46.5137424069 46.3682369517 47.1523920331 46.8606679119 46.831422054 46.81535996 46.7470796964 47.3761987523 46.922742341 46.9980423768 47.3981750301 46.9637547127 46.3925506084 46.5563977614 46.8663437684 46.074881631 47.2665416151 46.6057324443
47.3959755782 46.6625949396 46.0972400582 46.2614223327 47.0090199824 46.160542439 46.3650805974 46.1854444591 46.4997525838 46.6408341571 46.8738975209 47.278120632 46.7794515686 46.3649772132 46.0773254544 47.3861482848 47.0331555642 47.0711159977 46.3227608294 47.3930651141 46.7929925121 47.2159797124 47.3432788798 46.7854846635 46.4168914637 46.7008203772 47.1947216713 46.1342968081 47.1472632531 46.9501497133 47.1471375331 46.9099423569 47.3588466305 47.0657166316 46.7158056156 46.8873726419 46.8772960151 46.0391969783 46.5195610875 46.475483289 46.6271990501 46.9905200108 46.6972710455 46.5993697524 46.5597205137 46.36079854 46.9281277929 46.939754689 47.0613017939 46.2024643929 46.537848801 47.0875898286 47.0685067502 47.2691805309 46.9991139764 46.2766634771 46.8329259483
47.1889707696 46.9059683103 46.9153566791 47.2678543311 47.2675705588 46.2774444336 47.0383197061 46.8076853247 47.0251433238 46.0239352491 46.7815368817 47.413115074 46.2400230484 46.1925494095 46.186108528 46.4154881715 46.5528648467 46.6184916117 46.0751850697 47.0990575542 47.3690931859 46.7592733733 46.6968032771 47.0604666791 46.9527706436 47.3109127597 46.8115218185 46.301446852 47.1161099214 47.4037219834 46.4387862557 47.1178669431 46.8421260897 46.3471550102 47.339358838 47.2685409138 46.3333510853 46.1552973242 46.8478458577 46.0377505108 46.8429159315 46.1556293063 47.400617229 46.2966034706 47.0688485354 47.1282910085 46.4143393116 47.2257261603 46.8005710541 46.6197559916 46.8835532672 46.7311662211 46.2980644138 46.5236381033 46.5894442358 46.4987899742 46.9400544263
46.0800531876 46.1026978074 46.8472406203 46.1051570457 46.3447728416 47.2355380859 47.3565946323 47.3581890965 46.9762690655 47.026139889 46.5699539908 46.8393353292 46.1641712706 46.1751852761 46.5044417292 47.1086556811 46.0328332992 47.1830791009 46.7520048736 46.1159087091 46.4994477679 47.1920613245 46.2819202256 47.1495383829 46.3127957493 47.1660047991 46.73444689 46.4169617376 46.6603834266 46.992811302 46.6549061501 46.7005076571 47.3087872929 47.075906844 47.2399093651 46.5989446599 46.1269114933 47.1593250083 46.6867123742 46.0846617157 46.0974667935 47.3947580132 46.7915065056 46.3771852623 46.3309122445 47.2187051893 46.8661388575 46.2387197178 46.915799799 46.8359402979 47.088478201 47.3581275407 46.9713223938 47.2957420911 46.9286299976 46.8527281286 46.8040496703
46.0481813363 46.6287453524 47.1982028252 46.6512815725 47.1499371889 46.8112336528 47.3551568225 46.6805945063 46.6918549928 46.4502435132 46.6586444996 46.9744282057 47.2594722194 47.1506095629 47.2915500297 46.1231690272 46.6609390393 46.1941646111 47.3571021323 46.4983021674 46.7054026197 46.7522196325 46.1252267822 47.3581274317 46.0848294193 46.5661864577 46.7384901253 47.1533746916 46.3951186901 47.2102919278 46.0378709711 47.0992828981 46.0047473917 46.4917980736 46.4795355092 47.2001700053 47.22614277 46.98954307 47.2252929584 46.8903148876 47.1422850806 47.0644364661 46.5790643277 46.3568488889 46.3291612401 46.412686765 47.063815014 47.3695100642 46.9706712756 46.1628325003 47.1545693594 47.2927957734 46.8743771379 46.7140967096 47.4045692945 47.1857842648 46.1639798276
