Spatial_Output/DEC/DEC_1336.asc
NCOLS 155
NROWS 192
XLLCORNER 196307.867259
YLLCORNER 449144.565805
CELLSIZE 33.573938
NODATA_VALUE NaN
[rows 130 to 155 of 192, columns 57 to 113 of 155]
33.584449148 33.0155171543 33.3622932741 33.6146260003 33.4962518027 33.383728431 34.2788321774 33.6941804978 34.3198512155 33.1522705024 34.037018073 34.0649113605 33.4638816703 33.5049778438 33.0905142251 34.2875974271 34.0797893674 34.0299607871 33.5636174207 33.8116884936 33.5353527952 33.6238576723 33.5005608864 34.0221540454 33.5431474056 33.6559665491 33.7033221071 33.0893010389 33.2497505458 34.1229893562 34.0026496699 34.3138151334 33.1184483109 34.153462713 33.0460041348 33.7938342519 34.1990105746 33.107229071 33.9995504308 34.274389304 33.7853485997 34.3670707976 33.8213115537 33.173532611 33.3772090029 33.0970436082 33.8146108199 33.0435857223 34.3716474684 33.3606241105 33.605213994 33.8915846748 33.6707375616 34.1078895537 34.3110030818 33.2494711866 33.0955599098
34.1865972547 33.1215843477 33.6407101593 33.1044388008 33.4521434409 33.087705833 33.3042679019 33.0555279978 33.0578976713 33.644610838 33.7336695446 33.1918850975 34.0675374245 33.6523051785 33.2077925265 33.5250329662 33.0518608658 34.2632374366 34.1613423831 33.9306437028 33.7444977671 33.4318800336 34.0414050195 34.2500907187 34.3919685551 33.5107691756 34.1891274188 34.3062307764 33.8777380166 33.423542081 33.3601255441 33.3919896565 34.1911787811 34.0585940433 34.1955862145 34.3060494318 33.2245562866 34.0114998445 33.7603717809 33.6026885707 34.0453158768 33.0492517396 33.4835348384 33.5890341667 33.7948754645 33.6012719198 33.0005881268 33.7447567124 33.3308307863 34.4110475379 33.2100958798 33.3986643221 33.6373897125 33.6525112085 34.2420043694 34.0260580039 33.588768361
33.7922202491 33.831435159 33.7586483289 34.2755187538 34.0902752609 33.3293071172 33.4119513133 33.1184268136 33.4942611414 33.0343075508 33.8005390949 33.8387583692 34.4005937178 33.7429232284 33.2911646834 33.9367261551 33.229160985 33.256199137 33.5951012172 34.1519834946 33.5256995678 33.9464192949 33.7169677595 34.1013108296 33.9694327258 33.6004133766 33.3911349357 33.3792437569 34.2832653896 33.4824048669 34.3579879869 34.2346091696 33.7256523818 33.9867566778 33.829656424 33.5625745428 34.4109164549 33.6302225477 33.3830013067 33.8976178915 33.1126306871 33.6356557558 33.3431796322 33.2255018792 33.1121543083 34.1017849319 33.9616595627 33.790044103 33.0132271782 33.7521065727 33.3514409141 33.8230379707 33.1129958336 33.4036826011 33.2828853558 33.5362518381 34.0985167337
33.4486952416 34.2215467065 33.7486332077 33.3781442037 34.3991977101 33.4004346415 33.1967025499 33.7546215576 33.4613542073 33.4431546384 33.8686906564 33.6287021861 33.1448214647 33.7564555618 34.2902205768 34.1010801079 34.1926823543 33.4588576045 34.0535013294 33.6801643738 33.8725618719 34.230919119 33.4199960381 33.6276443267 34.1870779048 33.9762593413 33.432662956 33.429469288 33.1878757567 34.1178330799 33.6231497131 33.117784184 34.1015849582 34.2660096751 33.2400288669 33.0809940974 34.0502629387 33.8359096218 33.7908239319 33.2563449093 34.1221594341 34.0166403624 33.4285979138 33.8739709458 34.3901193624 34.1395209571 33.6215297754 33.9353199654 33.0682966151 33.0624747167 33.1196131173 33.9442688289 33.7964123192 34.1361854452 34.310866634 34.2683587291 34.1643739868
33.5368548284 33.6288623579 33.4351190418 34.0423506088 34.376271767 33.2092162275 34.1279443391 33.4169652614 33.6450392748 33.0142271488 34.1114587586 33.7320475137 33.4592958339 33.6003358685 33.3624262733 33.1789454353 33.4231904691 34.3670492898 33.4285425803 33.3135289839 34.3113562674 34.0227571288 33.7125918547 34.1111222606 33.0534669897 33.1041443502 34.2474737271 33.6161373149 33.4986502445 33.316158949 33.0263884388 34.2302938529 33.0970973478 34.3193804926 33.2491059848 34.3824672121 34.0141551782 34.2854410572 33.6067702393 33.6060051204 33.0195997956 34.4004148651 34.319124205 33.6981445023 33.1333505889 33.5275868089 34.2864632467 33.4538538033 33.6113737257 33.3087954217 34.2501997244 33.2505248105 34.0020031169 34.1093959172 33.0594135953 33.3343346438 33.7604994811
33.4013796061 34.0586210778 33.3289363631 34.1726743859 33.5929091951 33.875672266 33.5677253556 34.350943817 33.056424855 33.406637352 33.9033208883 34.2555603518 33.9508448693 33.8987468549 34.3696113471 34.0622832863 33.6874004734 33.6958929605 33.3844685787 33.782473246 34.1708453093 34.0012262001 33.0679931725 33.7706141785 34.3217870862 33.2644078866 33.2885043674 33.5202039884 33.8033978422 33.0337368691 33.8701892567 34.3443427993 33.6656190915 34.2365996549 33.9723901985 33.9513706956 33.8985280256 33.4177323204 34.2339474861 33.3665622363 33.4122027614 34.1372492692 33.0188529168 33.6812906618 34.3417565711 34.1059470753 33.6642317458 33.7036522229 34.3249319513 34.2482975415 34.3359831349 33.6538610777 33.35678195 34.1645907516 33.9239820404 33.6695661676 34.3725174763
34.1926241002 34.1189626493 33.9321538178 34.1401067741 33.0037721367 33.6113194782 33.7505913073 33.5700440199 33.9606304233 34.243257303 33.481303002 33.3559073636 33.6988893039 33.9874032566 33.0109863696 34.2578232331 33.4615350412 34.2291167512 33.8082910105 33.3141148616 34.2560886289 33.195334038 33.3334363767 33.7447694306 33.712412373 33.2222108086 33.9932416544 33.5918441418 33.2332645319 33.0037731718 34.3403233297 33.7720197455 34.002228045 33.979988443 33.4709507665 33.1828093641 34.2538227752 33.171506202 33.6499346819 34.3989129479 34.3511244526 34.0964370875 33.6966224966 33.8232111466 34.3422648746 33.125935142 33.6490072089 33.4551249702 34.3365660451 33.3910591004 34.128391319 33.0593147157 33.2085908088 33.5975236738 33.2398488559 33.4597989461 33.6177495602
34.26164566 33.9814981428 34.0847328692 33.8245584112 33.6781143296 33.6111343028 33.7308013122 34.3797835074 33.9951451153 33.2390424021 33.3697078097 34.2200339682 34.0287322134 33.3250699364 33.1008478212 33.3696571287 34.212433897 33.0095159716 33.0638484553 33.8984577734 33.4881573232 34.2993327264 33.4479380006 33.2356384925 34.3234947597 33.9022034122 34.3022168302 33.1866220256 33.8945934296 34.2049984652 34.2290790538 34.1792544662 34.2100025795 33.6202217313 34.3903278046 34.3341739012 33.4246197142 34.2625426517 33.5878339161 33.5770504346 33.404392348 33.4147707267 33.4554639854 34.2571985263 33.2227041254 33.7960400051 33.8050827745 33.2374849658 33.2313274797 33.8128880892 33.3388616191 33.513122097 33.2854575898 33.2983687369 33.9455770742 33.7471036448 33.1254972067
34.2332898835 33.9628603585 34.1151494018 33.8306566918 33.1676304547 33.174222008 34.0753280158 34.2562473141 33.0189738626 33.6531264164 33.1799801764 34.3818300768 33.809614202 33.5015833704 33.3604302523 33.1773228962 34.074562394 33.744715037 33.5683418823 33.5547746701 34.0219976262 33.590113319 33.0962992377 33.6013644364 34.016405882 33.7506229949 33.2302961718 33.614053885 33.7568273084 33.505919587 33.6384217458 33.697323628 33.1444391234 33.2037374773 33.8322133505 33.4697703315 33.2502948495 33.7837706104 34.1709065815 33.4363324347 33.3513516894 33.1333737853 33.7601502343 33.9984816243 34.2359868951 33.3197295596 33.2214698088 33.908983373 33.4609467952 33.5805731651 33.5800680082 34.3462782484 33.8599932168 33.848054788 33.4322329771 33.6505792441 34.1998823177
34.1213784088 34.0792278471 33.333875175 33.6500550846 33.4995128376 33.8683671986 33.2089875673 33.9701591565 34.3664136545 33.6026544312 33.883867963 34.1461242132 34.2276680464 34.1916630453 33.7256300676 34.291475368 33.7647198736 34.2821134695 33.8429638858 33.8434555708 33.0874798645 33.8902874874 33.2155881612 34.2377096421 34.1299537267 33.1009090022 33.9228233075 33.43176665 33.085711776 33.3744981758 33.1970903303 33.691244095 33.164135676 33.9268197547 33.5357811751 33.9683795347 33.7062016785 34.0556000341 33.9654446386 34.3728751076 34.3819361885 33.0334138017 33.2123234821 34.2281797775 33.1815416968 33.792769476 33.8154220369 34.2959210867 34.3755502691 34.4029037396 33.7513482826 33.6136810736 33.0924148283 33.3347735963 33.3528617722 33.9683187958 33.7718181122
33.6782774167 33.9467481841 33.7845478925 33.1636203943 33.4351253441 33.7954127873 34.0374543968 33.2935659685 33.406290569 33.4100872431 33.9831783254 34.1256830444 33.5784639836 34.3289472712 34.1811340202 34.363049624 33.71500697 34.2132210334 33.060912236 33.2130859816 34.2345441295 33.9235815607 33.2413116724 33.8430602131 33.6427239211 34.3623493974 33.6797631965 33.0322187852 33.7202485158 33.1287114539 33.6532448145 33.7329031672 33.4653037083 34.2049065429 34.2624719285 33.8142488086 33.7652735842 33.8123459394 33.3302014126 33.194573302 34.1607227106 33.9262475816 34.0985084676 33.711710368 33.817033841 33.5618991762 34.142747959 34.0412488471 33.0049620072 33.9623321645 33.7151464236 33.0732966414 33.6360556479 33.3418390204 33.6426075235 33.9686578045 34.0815053328
33.2515706139 34.1050770404 33.4663763834 33.3568064359 34.2742425361 33.6670272743 33.5106026014 34.1261901149 34.135113959 33.386314156 34.3643870527 33.2892034798 33.5323511792 33.819321502 33.421633303 33.5560442369 33.8329207786 34.0756972706 33.9364292798 33.2686028366 33.9717690957 33.8932644093 33.8224798241 33.1660147002 33.3294364199 33.2344958324 33.0015957639 33.4843725288 33.5572289328 33.8887443981 33.8328293377 34.2163995062 33.0460000066 33.2215845675 34.1619602236 34.1465752154 33.4238481656 33.4433837033 33.9766742457 34.0838798671 33.6783977878 33.5486430528 34.0574457308 33.2773425049 33.4942058189 33.061634928 33.6791908537 34.2934181136 34.0894105136 34.2348544727 34.2713891938 33.9199760106 33.7366016971 33.5185037303 33.1937241676 34.1808414289 33.9903362382
34.3314062479 33.9372545558 33.5623676797 33.6376306441 33.9200575339 34.1159637571 33.3008418769 33.8650503916 33.7296781489 33.4453536126 33.8011630731 33.4691456432 34.3852276799 33.7929331258 33.3328588556 34.1844598617 34.340215775 34.3748634759 34.0483966094 34.0635764601 33.016520708 34.2350536504 33.1719805344 34.2950633501 34.3765925671 33.975803235 34.2507809279 33.3813223974 33.8796259168 34.1719875247 33.825378489 34.0167946045 33.3236190591 34.2107581452 34.1398044986 34.3547138149 33.4736168337 34.253506026 33.711232581 33.0168570438 33.5922036644 34.1252322573 33.2272036854 33.5770465107 33.7729875362 34.3502674724 33.5445089971 33.2237004051 34.2735393517 34.2847078367 34.4040269928 33.2955784479 33.358324625 33.7913303676 33.9251244102 33.0664556084 33.306397837
33.4361210569 34.2106239445 34.1007825837 33.2569395049 33.4908536679 33.4328685495 33.2387052412 33.8366583695 34.108367426 33.3190092448 33.4242208202 33.9373661178 33.8252715187 34.3660004262 33.6745244245 33.9270062015 34.2175333505 33.2775525021 33.0986663265 33.7098398392 33.9734267098 33.2413508098 33.341888932 34.2938610708 33.7589103643 33.1694333881 34.362730514 33.2617252897 33.4464621595 33.0172873894 33.6229171934 33.5861398298 33.4121603439 34.0412737044 34.1663837378 33.335262622 33.8819079276 33.6789618668 33.707312216 33.7313843689 33.6874174423 33.9518829977 33.7522972791 34.0040395838 34.1793168344 33.722459245 33.4075743733 34.2596720119 33.0990440124 33.7439234804 33.5108091281 33.2840461739 33.3003335141 33.8641785453 33.3393877702 33.5710050486 34.0948634552
34.0992958649 34.1357050215 33.6752123081 33.5535164784 33.5216619575 34.1742387142 34.1066000792 33.5538618631 33.575752546 33.6233159168 33.164657515 34.2993827075 33.2600418376 33.1314868835 33.4614566079 33.4310027373 34.1578538488 33.4957488381 34.2045173337 33.7848251682 33.8108182155 34.1353678166 34.0642571483 34.3264709391 33.9157623208 33.511785962 33.5464711673 33.3877136015 33.1806726094 34.354449807 34.2305851589 33.4359079889 33.8196343576 33.2153168151 33.497474825 33.8501243443 33.5222307315 34.2237896861 34.3748965425 33.8391066249 34.3058324545 33.3419125493 33.4656138613 33.2525180061 33.3339331555 33.2630369803 33.9372278661 33.7070248119 34.3098592086 33.9407733055 33.1374176254 34.3454890504 33.5112833863 33.2927140572 34.2091749618 33.151870962 33.8043326569
34.212100818 33.4522950105 33.3471798195 33.7189318729 34.184148485 33.665502484 33.3176269088 33.6698295318 34.0220954676 33.8274683325 34.0288928611 33.4108477367 33.2094408279 33.406588166 33.8778482397 33.5059436115 33.6466635362 33.9478685584 33.8687737453 33.9652791706 34.3617223906 34.1022721678 33.8513230506 34.3355040493 34.3083132118 33.9120227486 33.3018388472 33.3017858631 33.145629241 33.9695764404 33.2334983402 33.7498680863 34.3694730955 33.952196169 33.2206420904 33.6761910116 33.6063708856 34.3016441126 33.7328535416 33.7644885487 34.0946826681 34.0349439765 33.6004008057 34.002980987 33.0198441461 33.1861270786 33.3018967403 33.2503992656 34.3727187796 34.3418161742 33.9510286419 34.0999771779 33.2517650371 34.2637361967 33.9052961669 33.9228198345 34.1581886371
34.2661134066 33.8013409553 33.3664467552 33.052933088 33.3423397769 33.9183455085 33.8869959757 34.2770726593 33.367367876 34.0818702105 33.3150119762 33.4064029857 33.0596402568 33.3938785122 34.2274526529 34.3955715734 34.2796927099 33.8426237156 34.0639878419 33.3350639348 33.1361881283 33.6750739975 33.0947943412 33.5118881851 33.8212160521 33.5000695971 33.4007372591 34.3567449611 33.0975774462 34.1637809959 33.9286403784 34.3153606184 33.7770216879 34.2161271078 34.2127478597 34.1671999427 34.1802408974 33.4767505446 33.5287440344 34.2411232396 34.1618536507 33.7570613611 33.5234021797 33.0942975477 34.3798235602 33.1038233429 33.7769164905 33.2814973695 33.1041326209 33.4347259433 33.5936911168 33.0439853953 33.9148050647 34.2317567801 34.1834996918 34.0188403902 34.3366324804
33.8869695212 33.5912928059 34.3437427245 33.0854049229 34.2769278811 33.0471881577 33.8177682522 33.3512521824 33.3273201111 34.3416418273 33.7488198178 33.2757141491 33.1591816197 33.5158762645 33.7667057098 33.9631272578 34.236785432 33.0449113088 34.1237538753 33.287933138 33.8454711066 34.0529097427 33.8258893782 34.1918476544 33.1269957378 34.3919055183 33.159199258 33.3674252502 33.6568353839 34.0290619712 33.8080640604 33.1316250463 33.3216161316 33.9305485027 33.5275384673 34.0757338023 33.3147765127 33.2447871601 34.2937706513 33.3811000012 33.0575807372 33.8281798641 34.0109998942 33.8945787674 34.0854414803 34.3966302138 34.410950147 33.204630369 34.1785275649 33.9681580691 33.3911073691 33.1184182248 33.1519161278 34.402349165 33.0055419224 33.262038058 33.0172725175
33.422643207 33.200270142 33.1624043482 33.1041393757 34.0892246714 34.1643077341 34.1009149832 33.4064240513 34.1650531874 34.1779352546 33.8302814337 34.3041288092 34.3339555232 33.8300758277 33.2496249762 34.1453572643 33.9757850313 34.1509028949 34.1053883702 33.70939288 33.4794071176 34.193961682 34.3011282789 33.1493658148 33.9284398856 33.2929140175 34.1073295112 33.9430520604 33.6637786755 33.0462764476 33.4070567409 34.2295130387 33.7820442662 33.340022867 33.1145214288 33.1790702338 33.4975608246 33.4120498984 34.1548550021 34.0901215111 33.7649172347 33.5417564393 33.3520518454 33.0651629201 33.3910765303 33.5816841973 33.8478624043 33.222805017 33.3177061503 33.744045152 33.4514005283 33.8861289076 33.4763573797 33.0100940628 34.0640359964 33.6953960656 33.8459949993
33.1722239032 33.2297272612 33.3918583404 34.0611001599 34.4048534916 34.2313521026 33.7987521913 34.3107928495 34.1326913794 33.7557757791 34.1291356892 33.727624202 33.1979747042 33.9949565774 33.1569897399 33.6424365148 33.1212553322 33.0409879486 33.3491240373 33.7065925339 34.2169399828 34.3160579429 33.2273204707 33.2390213821 34.3206037395 34.1314608888 33.6759741353 34.4118349801 34.0537527112 33.4730002933 33.8469550651 33.0832389654 34.2705635552 34.4095487689 34.0552222159 33.7774607314 33.9259835693 34.3724484211 33.7917074153 33.5522357918 33.9138286933 33.8829144064 33.6967125401 33.8642147924 34.193471383 33.4374831829 34.4051524431 33.6217019697 34.3617494489 33.2322549694 33.3247504458 34.192189063 34.2317875344 33.2165895157 33.7862465578 34.2353710648 33.4041800953
34.1395736668 33.4295177367 33.2584545064 33.9687306284 34.1527328253 33.8019250438 33.6412190338 33.3245821145 20.5016051863 32.501409024 23.5906989112 33.9086460402 33.702439271 34.0103995467 33.2609796635 33.8148780686 33.1769453693 33.1805960538 33.9611573137 33.8052964941 34.1475155014 33.2893889565 33.9127527523 33.7787065827 33.6532385595 33.9402947075 33.8669128414 33.1401105082 33.6098525088 33.5540778895 33.5499309408 33.7496679625 33.7183707274 33.8706306898 33.5799339923 34.3010372599 34.3827280488 33.4724803125 34.125150988 33.2801430129 33.0304077849 33.4775523396 33.8650112769 34.0144200123 33.1224060412 34.0753689391 33.3534240387 33.6771909726 34.2033923704 33.0346660627 33.0194549631 34.0199849394 33.2789897009 34.2521114417 33.098548601 33.8549164297 33.2017386326
0 33.5431798201 33.9765925621 34.294323005 33.2349456194 34.2774059203 33.6356551178 33.9298392699 27.2321456231 10.9194209802 31.9071359743 33.6633272164 33.9598943102 34.2771423522 33.3823712269 34.3839004969 33.5105554502 34.2748354052 34.165332393 33.144747657 33.9751920539 34.0961784952 34.0680992277 33.6463230321 33.2141610664 33.9995923048 33.5038209586 33.6558610139 34.2007563717 33.8245884491 33.3993400495 33.5691593206 33.4464101424 34.0604697284 33.2442069702 34.0424421141 34.3051529634 34.392369447 33.8012779772 33.4208486295 33.0116851712 33.6798128971 33.9118706201 34.199869202 33.0142929623 33.0266831952 34.2482416785 34.1138929341 33.5342414928 34.1296926075 33.4237226785 33.9603361287 33.2676072477 34.0891729662 33.715205969 33.0714969287 33.0294428587
0 0 0 0 33.297314571 34.3749391112 34.1609177949 34.0529847276 19.6561069973 17.9754457294 21.7359020722 33.5456976961 33.6889720122 34.1946185139 33.9673454725 33.3922323234 34.2237802681 33.7125860109 33.0815024156 34.1026919776 33.9916680291 33.120876545 34.0375258535 33.0323605734 33.5961811841 34.2607795305 33.4868712518 33.6412831435 34.1789862381 33.2472792765 33.8836320261 33.0753938201 33.4967888019 33.1307939217 33.4030858012 34.1381054152 33.0369267097 33.4233027008 33.9122297548 34.2435361561 33.6803699372 33.6226424541 33.2140988726 33.2416434448 33.9029241533 33.8920518646 33.9691737317 33.514129446 33.4509823791 33.2537130559 33.381140449 33.9558804823 33.8362466901 33.3156710849 34.174873562 34.2985065134 33.8004985236
0 0 0 0 0 0 34.0846348656 33.8844619272 33.4172191905 34.3032026278 33.4913271068 33.8754502046 33.4959476062 34.105759901 33.6823997775 33.8446410031 34.0852231028 34.0270871424 34.0201754108 34.1639777298 33.9993669934 33.9350857499 33.3422552943 33.7883441598 33.3907406794 33.118401842 33.4507387253 33.7034328631 33.7592009911 34.1498969778 33.2028149253 34.3403208355 34.3147171313 33.9359304524 33.4853843253 33.06927221 33.9456443889 33.9512838105 33.639545529 33.6658744122 34.2318285738 34.1523685869 33.2544610529 33.7182434359 33.5651773593 33.1851256043 33.7775302694 33.2031967066 34.297456055 34.1561115124 33.3466792796 34.1696705716 33.0655423056 34.0415422087 34.1250539094 33.3597299693 33.0451070548
0 0 0 0 0 0 0 0 0 33.1356600325 34.1689405808 34.0637579204 33.5817776848 34.3696813025 0 0 33.7320040772 33.865549808 33.6199878708 33.9723000609 33.3691561426 33.4125832684 33.607072167 33.0315618839 33.6732323117 34.0469115217 33.4680289136 33.3742599964 34.3591712402 33.8519195421 33.138104343 33.3342454916 33.7838092875 34.1899377769 33.1000808065 33.3749727596 33.3098958256 33.5788575468 33.0482959194 33.7953204053 33.1229959754 34.3289851583 33.0359117248 33.3471251004 33.5302981516 33.226197156 34.3814497207 34.0047272483 33.7275899713 34.1841957837 33.4406595276 33.1934342446 33.7191711208 33.2698421972 33.577554932 33.611635103 33.930329189
0 0 0 0 0 0 0 0 0 0 0 0 0 0 0 0 33.2843726585 33.3722236949 34.0290797059 33.230046017 33.2399556977 33.2169684869 33.2625767141 33.163812212 33.747438569 33.1268546614 34.1864698615 33.1213496339 33.0522790811 33.7899599359 33.1676461462 34.2082166912 34.1531833699 33.5238955747 33.7738640815 33.9649961439 33.3923783851 33.801786328 34.1122890584 34.3765261537 33.5976495943 33.9402185822 33.9342145056 34.179976432 34.3529953082 33.4957735967 33.7627320182 33.5446943274 33.9226914514 33.5669928542 33.4990215362 33.347132869 33.9156340983 33.6460967055 33.5843264714 34.1188263558 33.1937741604
