Spatial_Output/DEC/DEC_0272.asc
NCOLS 155
NROWS 192
XLLCORNER 196307.867259
YLLCORNER 449144.565805
CELLSIZE 33.573938
NODATA_VALUE NaN
[rows 52 to 77 of 192, columns 0 to 56 of 155]
44.6321139152 45.1671964723 44.5747168784 45.0126671345 44.9125153535 44.9384750263 45.1195911464 45.0937075407 44.7416461339 45.1281991084 44.8299084023 45.1780245779 44.6784475439 44.8662327123 45.1629859862 44.8770409687 44.7104259005 45.0473647558 44.5699098649 44.828223167 44.9406190958 44.5760051568 45.1390709316 44.531987183 44.8728825677 44.6603287088 44.7334454193 44.6246748452 44.5354858394 44.9446694021 44.9287532568 44.6747526742 45.1593811207 44.67293849 45.01997181 44.7447880983 44.8724942446 44.6079781985 45.19716397 44.9462300289 44.5361109988 44.9206370237 44.6258873172 44.6357850354 44.775285691 44.8713959242 44.6572299577 45.1077490008 44.8737060449 44.7604407868 44.6925054041 44.6065862719 45.176373943 45.1333800192 45.0781963643 44.816662186 45.0682364772
44.6670401944 44.9745543631 44.9050294895 44.6030159455 44.6230232217 45.0072247003 44.5676091777 45.1996611468 44.9532491779 45.0151786977 45.0737370105 44.5767296736 44.8895792456 44.6119185436 44.6616238952 44.7792683789 44.8824828353 45.1046786246 45.140133585 45.0703914654 44.83423891 44.9567777749 44.6224390844 44.7936246644 44.7971720902 44.5023278493 44.9851329841 44.5813650762 45.0806661623 45.1254555637 44.9412185219 44.5825177777 44.6726106122 45.0057554469 44.7364302761 44.7936976759 44.9725258935 44.55058977 45.0964874639 44.9739046031 44.579463441 44.7046109545 44.5759243614 44.7501878186 44.6273331341 44.7586341277 44.7568897688 44.8630746952 45.1215728577 45.1923939142 45.0210854452 44.5873177944 45.0561357106 45.0503739252 44.8372393749 44.9048456087 44.6367933416
45.1609123846 44.5123465548 44.5813851404 45.0288092599 45.021161973 45.161562298 44.7909355084 44.7386156171 44.974884156 44.6849306458 45.0792695735 44.566496845 44.7738548933 44.8280710433 44.9180231408 44.7032573682 44.9149296368 45.0506005017 44.7887255963 45.0942486845 44.5848452567 44.9556149611 44.7679958852 44.9350613062 44.8708508946 44.5215293056 45.0079213045 45.1539200332 44.9727925555 44.8671906857 44.6716419856 45.1951092385 45.0935366232 45.0827173657 44.5974400357 44.8973819358 44.8850467727 44.6273618533 45.1735439926 44.6826105316 45.1380709178 45.0214680724 44.8901422588 45.2043693588 44.9915603774 45.1938911704 44.8756971462 45.0633140595 44.9984350395 44.9646016068 44.9181920091 44.8870748566 44.8884986841 44.8291042466 45.1325924464 45.1996593206 44.8167441156
0 44.695404074 44.566295649 44.796491455 44.9436765944 44.6951512253 44.9450947536 44.7982260874 44.5580908231 44.8337416711 44.9784241788 44.5442611906 45.1138339306 44.9059484637 44.6529235174 44.828228237 45.1559849916 44.8154683268 44.9564851108 45.1429584749 44.630785284 45.1943519934 45.1435328411 44.6241603652 44.8931951204 44.982412244 44.9602590889 45.0491164809 44.6357861067 44.686273452 44.600846765 44.9181536002 44.6791914415 44.6519523291 44.7859212098 44.7716041068 44.7213071278 44.9277222732 44.8956615052 44.8557510533 44.6948695979 44.8670833781 45.0941381195 44.8884154939 45.0664276664 44.730933696 44.976494443 44.8610285509 44.5935037879 45.1207956923 44.6031870932 45.0333062557 44.6072514317 45.0181530315 44.8413444048 45.076404196 44.7713240113
0 0 45.1173971378 44.9924639029 44.5798854743 45.1814074299 45.0486292919 44.7813297005 44.7608718934 44.5098845162 44.8784381698 44.8779228359 44.7437580677 44.5540436537 44.7230482697 45.1352679678 44.8634475555 45.1595137245 44.8818086812 45.0410263093 44.9385653299 44.8248460558 44.6845969107 44.6879509944 45.1428849997 44.8208616256 45.094088363 44.5454967425 44.5502574097 44.5344843765 44.9330831361 44.5898430094 44.8180913873 44.7901514574 44.8464560369 44.5182179956 44.8060905437 44.5076537844 44.6531425798 45.038709513 45.1817065355 45.1216466388 44.6622544812 44.5265308219 44.5185964862 44.8017328444 44.5625449211 44.9859145642 45.1270165181 44.9502665587 44.503106424 44.9208066127 44.7305328053 44.8536463588 44.945308506 44.9441479825 44.7829365198
0 0 0 44.5169898855 45.1884287803 45.1123238711 44.8356342637 45.1913999649 44.9112985527 45.2001991286 44.7544946288 44.5308425728 44.8769922146 45.0576346738 44.7884240973 45.0153940044 44.5229352141 44.6941759381 44.5884416395 45.0373684556 44.8231806037 44.9700832008 45.0623806463 44.7444946735 44.8692366477 44.6775913793 44.885107842 44.9036838529 45.1165503937 44.8217069058 44.7576590074 44.5873138627 44.6120546727 44.5183694943 45.1033526842 44.5188248588 44.6343774754 44.7454538836 44.8494802078 44.8691283097 45.0033120732 44.5079346596 44.6300645312 45.1774986032 45.1927785915 45.056788302 44.8834007519 44.7993654711 44.5783207676 44.9435361646 45.205963002 44.6804041285 45.0879808526 45.1200460796 44.9496330775 45.0741831523 44.5317271384
0 0 0 0 44.8492875721 44.7115957632 45.0848236658 44.8987080245 44.7319001117 44.7919887362 45.0453266622 45.0308367633 44.6790762579 44.8775046399 44.5518074098 44.9124155741 45.1976478456 44.7370687436 44.8661663522 44.5659768289 44.8046393688 44.6787314202 45.1943803831 44.7797998564 44.9262024072 44.8289112428 44.8953459364 45.0683882227 45.019447229 44.5025738786 45.0695006806 44.6062310846 44.841378327 45.1945225483 44.9135298841 45.0003424779 44.6176078763 45.155918376 44.5621486222 45.0477090328 45.0473571051 44.7854124896 45.201848217 45.0746543979 44.8639969307 45.1359811863 44.6256276587 44.6554232726 45.1011923238 45.0478520118 44.7475266653 44.7687020822 44.5645654153 44.6009391894 44.6739324605 45.0375479483 45.1428300656
0 0 0 0 44.9545784683 45.0153998799 44.8298407956 45.1585202728 44.7703683632 44.6623162073 44.5774150707 44.5961023291 45.0333190821 44.8609815788 45.0584339027 45.0197849781 44.5641281418 44.6095675936 44.7091383793 44.7898421808 45.0938926866 45.1735250708 44.8598416555 44.9885039261 45.0648253093 44.5630041005 44.8530957352 44.847449665 44.6169463001 44.5920213437 45.1695281568 44.6493994761 45.060164994 44.9004710904 45.0327127364 45.0889617783 45.1090610794 44.806934243 45.1874969061 45.1567730209 45.0542100139 45.1529061486 45.0426939987 44.7531650562 44.7101507787 44.7284403145 45.1111235805 44.894922592 44.5745899252 44.9699634489 45.0930292145 45.1382912369 44.5495385969 44.6003699445 44.8813940783 45.1860805854 45.0653566796
0 0 0 0 0 44.9058089298 44.8351280259 45.1301147635 44.5656061619 44.5596886687 44.5533865987 45.0558675476 44.6213435341 44.9372368497 44.6784345814 45.2046028599 44.7805826581 44.666642456 45.1055010753 44.9141639448 44.834774145 45.0526224632 44.614436729 44.7274880529 44.8305824532 44.9171222164 44.938110479 45.1186222109 44.9990334994 44.5433427975 44.6099515509 44.8696195531 44.6104513321 44.8047681601 44.7094681669 45.0899896893 44.7861453002 45.068500218 44.7364217727 44.8138879792 44.7374398603 45.1205587416 45.1019408241 45.046296308 45.0242385989 44.9444804184 45.2041533911 44.6429892426 44.9824038775 44.5858159076 44.9589796967 44.6704000743 44.9426481477 44.8900551089 45.0590545565 45.0645828345 44.9137210164
0 0 0 0 0 44.5449622588 44.743274113 44.8227275131 44.9711469319 44.7234686847 44.5115865835 44.6054336744 44.9452253704 44.8130323663 44.894688871 44.7817764555 44.8844913204 44.8246098829 44.9780322835 44.7765890403 44.8226893404 45.1810643906 44.8229990783 44.9635001341 44.8239685292 44.5822889936 44.986708071 44.662633898 44.8841906098 44.7441236848 44.8825999275 44.939306249 44.6926609699 45.0805631419 44.730411599 44.6698205371 44.9878675533 44.653658859 44.5232861071 45.005834606 45.1848027397 44.9851235887 44.5451601686 45.0580320592 45.020420064 44.9279932456 44.8431186317 45.0622135462 45.1643988749 45.1041855607 44.7548228024 44.7294873283 44.9893919658 44.6237198981 45.0217165129 45.0427378664 44.7107550727
0 0 0 0 0 44.5673455849 44.6575809023 44.8438456936 44.5105407877 44.5370409127 45.0500057755 45.1577531263 44.9636990138 44.8797197457 44.8046806784 44.66983059 44.9063466333 44.9778368522 44.7484980725 44.98629238 45.0896213204 44.9870331449 44.6030687707 44.8954775561 44.5642753176 45.1614905129 44.9875152886 44.55694275 44.6473295025 44.5959464797 44.9774756572 44.6153366246 44.775322938 44.9279907919 44.6027729857 44.8020088293 44.9516060423 44.8488864125 44.7137749146 44.9807383233 45.0345729273 45.0164745052 45.1270851315 44.7768391913 44.8196541325 44.5752349804 45.0023980175 44.9736063971 44.5406584427 45.1130948034 44.8260697739 44.8321369849 45.0821340847 44.9685778724 44.5376309532 45.054859702 44.9036117594
0 0 0 0 0 0 44.6493472341 44.8920857822 44.9558535875 44.7474436942 45.1974803636 44.9490638377 44.802584386 44.8681452946 44.7496422638 45.0299756831 45.1683570709 45.0795087653 44.7343909421 45.0061513612 44.9693149703 44.7128094949 44.9548299883 44.8057395472 44.7327789097 44.5003498242 44.5259782556 44.5594379102 45.0120750367 45.1158208579 44.7603970782 44.675215999 44.5183146023 44.9200571164 44.9867617695 44.7954128424 44.9306289182 44.7360174143 44.8926856768 45.0684104445 45.0860211032 44.8094800534 45.1576372111 44.5310281378 44.5153596798 45.0599118972 45.00786573 44.5683326781 44.8453395948 44.7959689657 44.7839365019 44.7914012252 44.8677275523 44.5809747703 44.8041684223 44.8888961818 44.8042879123
0 0 0 0 0 0 0 44.522107669 44.5668694958 44.8978070543 44.8094123864 44.9659633116 44.9885149604 45.1018976212 45.0295294754 44.8354368361 45.1276427353 45.0430166721 45.1360707974 45.0337845305 44.6387034406 44.5254388273 44.8174410524 44.7940651723 44.9537489983 44.9978106833 44.5967779945 44.6588784038 45.183774738 44.6654416975 44.7518225304 45.1092342173 45.0594503004 44.9847090816 45.0151655257 44.5078534686 45.1246404282 44.9641819302 44.5618145199 45.0275932542 44.7642379244 44.6587629582 44.6713946645 45.0030197027 44.8534125485 44.6651462322 44.9389026089 45.0050454954 44.8057872149 44.927264541 44.9487968531 45.0506114801 44.8757199571 44.7205589417 44.5689587562 44.689503219 44.9226991304
0 0 0 0 0 0 0 0 45.1710200906 45.1160930415 45.0838821091 44.5423945262 45.2040523181 44.8460099764 44.8865855723 44.615754305 44.9125605957 44.7541409632 44.782382589 45.2017520509 44.9555623355 45.0913437036 44.5424496936 44.852110763 44.6789688432 44.8741647248 44.6323171095 45.0611097475 45.0437782309 44.9958106732 44.996924584 45.0391494326 44.7677487984 45.0890856969 45.0613615315 44.8370907451 45.0431609631 44.8114972745 45.1211913363 45.1200395634 44.62583773 45.1941983306 45.1625514578 44.8806741704 44.5987878818 44.9424198074 44.7360317172 45.0217318172 45.1075634315 44.5130682657 45.1705882214 44.9744804659 44.8745307967 44.978256383 44.5692923168 45.0437698568 44.6831075203
0 0 0 0 0 0 0 0 0 0 44.9954723397 44.5625266815 44.6525545235 45.1497513136 44.7046714845 44.6008930175 44.5346084455 44.9893096574 44.7440760486 44.5614135373 45.0068303605 44.5960720967 44.6947213501 44.9500640713 44.5127626933 44.5707940726 45.1991631744 44.5521960894 44.9607865532 45.113407797 44.6540760826 44.9040331257 44.7667964181 45.0081807585 44.9018357468 44.7280624742 45.08130209 44.7484770166 45.0627531074 44.9033736295 44.8558477671 44.9394594733 44.5120285511 44.7868988942 45.0432793213 44.920128531 44.8438980385 44.929087969 44.7112287915 44.9995522157 44.7217973949 45.1635588765 45.0793861608 44.9619039346 44.877890702 44.603341693 44.7285061921
0 0 0 0 0 0 0 0 0 0 0 45.0255037285 44.8183868241 45.2005485437 44.6905736877 44.9438570473 44.7706019786 45.2012563658 44.6532004794 44.7297963887 44.7149127455 45.0446291329 44.7182402645 44.6569406194 44.7042883958 45.2025283618 44.6391550444 45.0966742901 44.7933907449 44.6910059912 44.7734313464 44.9010838619 44.647290808 44.9575379387 45.0464996622 44.5219633105 45.0299667882 45.0840110777 44.8927413783 44.9131677584 44.5486007776 44.5327736033 45.1406881532 44.750259572 44.8643308615 44.6786690462 45.0873924981 45.1036994838 44.9834898106 44.6462729688 45.1887519591 44.8395632884 44.9464282092 44.5606210535 44.750758055 44.7773131565 44.5641325347
0 0 0 0 0 0 0 0 0 45.0251337925 45.0250608155 44.9685402967 44.9334152761 44.830390675 44.5857198631 45.0118296305 44.6750346013 44.6302927554 45.1201515958 44.516796581 44.625946395 45.0143162916 44.7944586997 45.0629364998 44.9446397397 44.5855406291 44.6515747504 44.6410356108 45.0615397943 44.8180182693 44.9376185129 45.0717369621 45.15609993 44.6332621058 44.5541554509 44.5499229128 44.8593365227 45.0657107105 45.1271064154 44.7172609703 44.8071554462 44.7371922979 44.9292357135 44.5033720278 44.8896064374 45.0405176395 45.000263233 45.0489717925 44.9563698943 44.9295982311 44.7491994686 44.7298453346 45.0007830797 44.8123469419 44.9590243441 45.1377027761 45.1369311908
0 0 0 0 0 0 0 0 0 44.5129771775 44.5683523229 44.8757883569 44.5525132246 44.5670503655 44.7527394903 44.7220556066 44.6636410817 44.6552214234 44.9601938397 44.8069875586 44.7009137287 44.6359795628 45.0373752107 44.5903799103 44.8114615757 44.6592286437 44.9032445132 44.8300013665 44.5271194492 44.7152502984 44.9857507124 44.759142899 44.526634496 44.5377106305 45.1696016669 44.6264418536 44.7361867505 44.9721746836 44.5841488186 44.6913901013 44.8519406484 44.9580521184 44.9946037643 44.5698543156 44.9000034917 45.107944353 44.5790516901 44.7156008793 44.9578335821 44.7999206828 45.0196750204 45.1295521115 45.1755999327 45.1897553989 44.7421913028 45.0140375876 44.9124981164
0 0 0 0 0 0 0 0 0 45.0683111 44.722276177 44.5017819484 45.1744629474 44.8576460514 44.9016053497 44.9391656405 44.5091284094 44.578059125 44.6885269637 44.9150839018 44.8664174918 45.1025114709 44.5036742316 44.5582008135 44.8917803172 44.736791666 44.8397178085 44.5145713977 44.6186958339 45.1218300479 44.9413951087 45.1500395062 45.0788987575 44.5085542356 45.1903754553 44.6575139652 45.142562172 45.092617691 45.1161269791 45.0902374879 44.8124363595 45.0937683773 44.9043563258 44.6097191406 44.6271194614 44.7067386275 45.0782019707 44.8787676395 44.5474032915 45.0507215228 44.9234158452 45.1517069931 44.9079414871 45.0381356349 44.6789466443 45.0985767169 44.8937059592
0 0 0 0 0 0 0 0 0 44.7385844171 44.5412447541 44.9680089977 44.6704801221 44.6425294267 44.8002117546 45.0555494255 44.8068101887 44.6891550302 44.5750891176 44.5910593109 44.9577464658 45.0662211343 44.7680387016 44.8639119161 44.8669035065 45.079552469 44.9922012841 44.6246802061 44.7857026617 44.6826828265 45.0235253116 44.6666185984 44.887476202 44.7937248831 45.1528890382 44.9887018813 44.9565365763 44.6323548453 44.7092513721 45.1316853982 44.5390095081 44.7282163915 44.7238466823 44.9776793896 44.9585946251 45.0822081926 44.7933917103 45.0785645802 45.0347753517 44.5431749316 44.8617293199 44.6881614409 45.1321043019 44.9854827895 44.6519578159 44.8455722906 44.9162905445
0 0 0 0 0 0 0 0 0 44.5157264973 45.2037986448 45.0751427883 44.8633458744 44.6675129877 44.7457727622 44.6631214669 44.5039650342 44.6226337402 45.0802237834 44.74463498 44.6036867441 45.0760255973 44.8237260963 44.6418829285 45.121536626 44.8777528681 44.8401712356 44.7012777556 44.7311707103 44.7833968727 44.7842869546 45.1580599159 45.1981190601 44.8104093255 44.961924429 44.6037374175 44.8439904163 45.0172186462 44.5686064898 44.7098051323 45.1913162672 44.7057649495 44.6372806185 45.1830799895 44.9275881297 44.6345233294 45.0401299845 45.1856007605 44.5714466106 44.9780791474 45.135523099 45.1179056908 45.1095858049 44.9422666589 44.8243934546 45.1673816872 44.9978290563
0 0 0 0 0 0 0 0 0 44.6828221963 45.1417328085 44.6061037902 44.9554009211 44.7005887435 44.6289358611 45.201370205 44.5922764336 45.153619301 44.7902924267 44.7083579365 44.5141997638 44.6051216518 44.6816363296 44.9890107242 44.7946297295 44.50341812 44.5975665 44.940770456 45.1336238681 45.1382423789 44.5340402248 45.0147943968 44.6143182236 44.8689185506 44.7186910922 44.9745701972 44.5381176647 45.1780196884 44.5970256694 44.8622975325 44.9849108572 45.1687637409 44.8545668041 45.1094017326 44.6304179508 45.0328329512 45.1749662838 44.9540789774 44.6837629329 44.5560566506 44.8583092378 44.5181750723 44.9451981612 44.6107974026 44.9762807957 44.8849531643 44.5919901694
0 0 0 0 0 0 0 0 0 0 45.1114949398 45.0527691726 45.0567986009 44.9303028332 45.0406065724 44.8736060638 44.9594399061 44.9698554238 45.0984076249 44.8763724999 44.6229852315 44.5902862606 44.6149546031 44.7835772536 44.9376036381 44.8516832043 44.8301673044 44.7878924063 44.9450393637 44.7513108596 44.6371601041 45.1623547028 44.9710069071 44.8398782652 44.8734377656 44.8361694742 45.0051773522 44.6171202593 45.143993237 44.8119028048 44.9462796195 44.6152664655 44.6642626494 44.6027324427 44.6902438757 44.7170320639 44.8764290849 44.5335292466 44.7128448566 44.9224121919 45.1540431732 44.8243976346 45.1280479148 45.1555707099 44.6478598159 44.7385055067 44.7316564857
0 0 0 0 0 0 0 0 0 0 0 0 44.5959741956 44.902396901 44.9249868368 45.1348312318 44.6332453881 44.8309245655 44.6440517369 45.1503687941 45.0660544977 45.0057699851 44.7773706275 45.1367992521 44.6140411004 45.0066450216 45.1862138481 44.8430313944 44.6139815148 44.9681140529 45.1057506177 44.8298412381 45.0892834005 44.5116940889 44.6060877899 44.5642403109 45.1282733157 45.0101831951 44.7158239175 45.1159951681 44.8506403562 44.8694851586 45.0863197787 44.5966665875 44.7164905353 44.5029106982 44.9051064657 44.6007312353 45.2056130782 44.9806234192 45.0755719326 44.9396704914 44.6473087662 44.8064616482 45.1861829625 45.041690565 44.8842459248
0 0 0 0 0 0 0 0 0 0 0 0 45.0373554779 44.9984949447 45.0870276406 44.5195433622 44.8208767791 45.0978417603 44.5377254315 44.9592997138 44.9406580081 44.8106212795 45.0694790627 45.0265996639 44.9811311354 45.0090331395 44.5251041614 45.0437194603 45.1099944893 44.6174870594 45.0068277204 44.5287175809 45.1338479184 44.6819113134 44.8798225486 45.073073125 44.8477898662 44.5086806573 44.7277977917 44.9102065348 44.9221933954 45.0112466514 44.5810335224 44.6633286321 45.1054527829 44.7629555874 44.8304525199 44.6400170425 44.7582887784 44.9633347586 44.9625961009 45.0722047585 44.6867365034 44.7115531846 44.7884509453 44.9610622631 44.6334892024
0 0 0 0 0 0 0 0 0 0 0 0 44.5698471993 44.7406402856 45.0429781937 44.8006691833 44.5945655088 44.7922463885 44.6009158393 44.523620043 44.5767541425 44.6530353801 44.6851952754 45.1894822182 44.6117032821 45.1814393338 44.7004809452 44.9892520414 44.9970041828 44.805621893 45.140335768 44.9449044951 45.0169287294 44.7402860097 45.0909424065 45.0391566337 44.6411643533 44.9956772565 44.5542180204 44.9364970443 44.5766524245 44.6235437097 45.191184986 44.951411137 44.5115935239 44.964953303 44.7427988723 45.1896696024 45.062745063 45.0235910869 44.8206834691 44.5125932082 45.0013797428 44.6051531252 44.6067598009 44.8720782821 44.5726833197
