Spatial_Output/DEC/DEC_1064.asc
NCOLS 155
NROWS 192
XLLCORNER 196307.867259
YLLCORNER 449144.565805
CELLSIZE 33.573938
NODATA_VALUE NaN
[rows 78 to 103 of 192, columns 0 to 56 of 155]
0 0 0 0 0 0 0 0 0 0 0 0 0 22.6192217605 23.0552204293 23.0947110344 22.5116456312 23.2026175242 22.6868884012 22.9433291678 22.5765511932 23.1350099383 22.9528023863 23.0913713558 22.9490827931 23.0132108345 22.5460871512 23.1168219245 22.9858115074 22.5273409193 23.0642891961 22.6351731318 22.6691611651 22.9597233455 22.8921658315 22.6016778649 22.6462666585 22.5669957226 22.8951207558 22.9630974518 22.6273864663 22.8360490429 23.0214957848 22.8545317939 22.6779306094 22.9506418674 22.7557395543 22.5738055155 22.5229533731 22.7894137951 23.0870669612 22.9377751392 22.7325761452 22.9142582206 23.0754613959 22.9276969263 22.6645802655
0 0 0 0 0 0 0 0 0 0 0 0 0 22.9110026023 22.7365936084 22.7895704641 22.9485144102 22.9180876698 22.5109954422 22.8695935987 22.8531066751 22.8253130411 22.5661766194 22.9086409069 22.5539504946 22.5739772612 23.0393990162 22.9044143258 22.7891713229 23.1606823291 23.0687671551 22.7285969194 22.9948638056 23.1106547426 23.1123341992 23.1917461567 22.5053114733 22.9498437101 22.8355399255 22.7645492074 22.7506233849 22.8609764325 22.6966586705 22.5170962549 23.0162744599 22.9576763902 23.07236648 22.6823906849 22.7450621563 22.7463383711 22.7072992399 22.6404877079 22.6421831049 22.877474817 22.9853490948 22.5054483713 22.9955144089
0 0 0 0 0 0 0 0 0 0 0 0 0 22.8014218522 22.7092355964 23.096877606 22.526276592 22.8728093574 23.0589833283 22.9884440483 23.1764883354 22.620589184 22.8947237127 22.8444535427 22.7391511519 23.1049417376 22.7884078179 23.0628924793 22.6753952867 22.6474313616 23.1220795407 22.5519791026 23.072039145 22.6466291745 22.9052053959 22.7076807317 22.9433016463 22.7384280265 22.7049864925 22.7400241142 22.5152057777 23.0753721787 22.5488018134 23.1282529164 23.0502770298 23.081841426 23.0293355389 22.7734624611 22.7750605613 23.1843511861 23.1080993405 22.6046263599 22.6891908605 23.115746607 22.8783611217 22.922998376 22.9453016951
0 0 0 0 0 0 0 0 0 0 0 0 0 0 22.9685306962 22.9116482684 22.8713343297 23.1987374524 22.822684373 22.5587520239 22.5346595285 23.1773196308 22.7391228615 23.0301627883 23.1659251234 23.0686121354 23.1718602884 22.7382772335 23.0859253371 23.124866042 23.1961314464 22.9038238113 22.8986095662 23.0663338808 22.9498070171 22.7028569242 22.8543069578 22.8641448993 23.1463750538 23.1548694218 23.0448957025 23.1964810354 22.6803251271 23.0951243961 22.5826836881 22.98899876 22.8445890703 22.886578906 22.7900064093 23.1609478171 22.7356098232 23.0608390933 22.9150359276 22.7437836946 22.8711964578 23.1393358133 23.1247828928
0 0 0 0 0 0 0 0 0 0 0 0 0 0 23.185636297 23.2057104809 23.0301710034 22.5445085415 22.9025694336 22.5798097683 22.6629313611 23.195479269 22.713564566 22.6896645648 22.6791118032 22.9496115331 23.0523999538 22.942110656 23.1523518748 22.9950281152 22.5062878998 22.7255853059 22.8027901312 22.5613136315 22.7334832881 22.706857288 22.5021725822 23.0619636973 22.7905224594 22.5703160126 22.7693895591 22.6130681935 22.6899806551 23.2010412069 22.8275857386 23.0447319804 22.9819903199 22.9938486895 22.7075380547 22.7936312332 22.8397047744 22.7272678427 22.8684389003 22.6443968857 22.7365242989 22.8138112459 22.9374429292
0 0 0 0 0 0 0 0 0 0 0 0 0 0 22.8944749434 23.1989304203 22.6461275674 22.5765653236 23.1972072271 22.6406706744 23.2049258673 22.6872145325 22.8576266329 22.7970530305 22.9481723644 22.940085992 22.9853484789 22.9259705497 22.8585401745 22.5228417177 22.9452442113 22.6657721921 22.8733009887 22.7878108878 22.5363438284 23.0609947312 22.6760419274 22.9288690513 23.0036558817 22.8024685447 22.6564356536 22.7777761513 22.7861825766 23.1097557167 22.5457362848 22.5293861924 22.8604842261 22.8975160591 22.6413216618 22.5154432453 22.6616363032 22.6693784697 22.6298165455 22.6688142443 22.8305592555 22.7123784371 23.050676625
0 0 0 0 0 0 0 0 0 0 0 0 0 0 22.8267615186 23.0530650251 22.6753443692 22.9420280107 23.0897327453 22.5865216944 22.9543495332 22.5273314912 22.6277526082 22.6813671663 22.897419829 22.7746302579 22.7944046991 22.5607076704 22.6934144461 22.6067586589 22.5426228857 22.7755084789 23.0647027041 23.0275038954 23.0769233601 22.6461657765 22.7520587237 22.8729740452 23.1282898303 22.5912698052 22.7823673139 22.9470835993 23.054009953 22.5120829928 22.5224454397 22.6246238833 22.5995764019 22.6581212805 23.0876032823 22.7739713231 22.7224438892 22.5750341028 22.631082872 22.5669591915 23.1608839953 22.9368633556 23.085690437
0 0 0 0 0 0 0 0 0 0 0 0 0 0 23.0515469058 22.8283406102 22.8650567503 23.1730820675 23.0624500136 22.5741966955 22.5464150651 23.1604608629 22.6710933103 22.5373043035 22.5376645483 22.9327732071 22.9203272491 22.7719732832 23.1689838212 22.5019887081 22.8853682211 23.0714548815 23.0707918276 22.9174408639 22.8572508635 23.0630301227 22.6926559892 22.8835535575 22.5376309191 22.5430961719 22.6850814995 23.0956161117 22.7372177569 23.0635889392 23.0598052802 23.1051352695 23.0486503639 22.980342642 22.7737704177 22.7448662939 23.0589288977 23.1909394206 22.9722047522 22.963027636 23.1806557333 22.6067265427 22.8577686317
0 0 0 0 0 0 0 0 0 0 0 0 0 0 22.8100416252 22.9420441744 22.756961807 22.9849309574 22.6238678735 22.5206732672 22.8049680793 23.0217097129 22.5932213431 23.0463973772 23.1892757709 23.0046896424 22.5215519503 23.0037049935 23.1844248708 22.9726096246 22.7514250038 22.5418435368 23.1924745438 22.9695199533 22.7630322879 22.7751442428 22.8281287783 22.6866132729 23.0316972743 22.8070281822 22.544571542 22.9467315126 22.7544892967 22.8543481601 22.9827070427 22.8344563379 22.6960393137 22.9563359175 22.8508279665 23.1237934881 23.1600185038 22.6824220647 23.1426371436 22.5375346379 22.5410807068 23.1912781341 22.7458731296
0 0 0 0 0 0 0 0 0 0 0 0 0 0 0 22.8051150239 22.5961137861 22.8796402847 22.6433615066 22.6936886042 22.6376772359 22.9621219716 22.8299624232 22.6944371124 22.6342314665 22.6524246146 23.0927749169 22.9739008825 23.0074840753 22.895467656 22.573174232 22.8382646628 22.9025390461 22.885128969 22.5697570108 22.6094394367 23.0034965144 22.7931011406 22.8725293867 23.1822908085 22.9183075705 22.8680293379 22.6070073032 22.8666312961 22.9847775654 22.5594554064 22.8443388115 22.7040577522 22.6809719318 22.9746347555 22.5816665269 23.078164955 22.7129704711 23.1184533355 23.083232914 23.059188482 22.9273764245
0 0 0 0 0 0 0 0 0 0 0 0 0 0 0 0 23.0212563207 22.5652245805 23.1926785799 22.9642798652 22.7306426459 22.8055570324 22.7077866227 22.9548687773 22.858639598 22.8857783074 22.5514945884 22.8048351948 22.9482550184 22.6393537168 23.0115561051 22.9962906525 22.5881992643 22.7395474231 22.8475152144 22.9800279368 22.5690518819 23.0365169026 22.7090464667 23.1016377251 22.9601819418 23.1647575071 22.7030413284 23.0856441228 22.569608526 22.8647467706 22.7942039065 23.1047003471 23.0254650479 22.9399844023 23.1095756565 23.1601576133 22.5864974549 23.0669697836 22.9234879901 23.0686925536 22.8058291626
0 0 0 0 0 0 0 0 0 0 0 0 0 0 0 69.7571762143 20.3144227029 22.7313704647 22.6050318913 23.1787502327 23.0345270838 22.8808312393 22.9890615699 22.959055967 22.9247896541 23.1918966435 22.8450164904 22.9274327736 22.5881604849 23.1791287622 23.0819319148 23.1913027279 22.9506891439 22.5150347333 22.9525053497 23.152250033 22.7479771425 22.5476755306 23.1965528521 23.0194229506 23.0303652365 22.9922841578 22.8546841329 22.5703461988 22.826267965 23.1679568583 23.0023827264 22.8993557865 22.6880293952 23.0271643267 22.786650033 23.0590072126 22.9414068013 22.7898840837 22.5944011797 22.9673005933 22.9491380524
0 0 0 0 0 0 0 0 0 0 0 0 0 0 71.1128159093 71.1128159093 69.7571762143 0 22.574783837 23.1573361774 22.6487036741 22.6053812777 22.7138325326 23.1630785916 23.0209251802 22.7301499344 23.1955839156 22.7898437664 22.8485178307 22.9473933217 23.119760809 22.8098140381 22.7291242562 23.177509507 22.9296992998 22.7192123233 23.1040202507 22.5957920174 22.6541425723 23.0661379258 22.9499437333 23.0612661928 22.7324088856 22.7283841602 23.1605468369 22.5884958371 22.6726240149 22.5076700161 22.7727684985 22.8335473306 23.1302711131 22.979606604 22.8712647745 22.6006148264 23.0207399278 22.7261044775 22.911980514
0 0 0 0 0 0 0 0 0 0 0 0 0 0 71.1128159093 71.1128159093 0 0 0 22.6298103048 22.6796195425 22.6351703184 22.9782611006 22.7749649865 23.1104253697 23.124295832 23.0286428182 22.5509758905 22.9506614407 22.5633229627 22.7006113378 22.607093378 23.1185508144 23.071852646 23.0284505009 23.098718856 22.9169157941 23.1942015847 22.7830934534 22.9959795293 23.1725881789 22.8344059336 22.7708312014 22.5025161707 22.7756855842 23.2026779881 22.9721111132 22.7987639468 23.0225758841 23.0188952711 22.6884815026 22.6757269552 23.1501703949 22.8904149771 22.9697443864 22.6480177774 22.7706596425
0 0 0 0 0 0 0 0 0 0 0 0 0 0 0 0 0 0 0 22.56690686 22.8123174126 23.130605009 22.5759584023 22.9006295587 23.000249946 22.9650115278 22.5225581125 22.9609575579 23.0659046954 22.8687885896 23.076184856 22.9581089233 22.8498082434 22.8210588848 23.1411351928 23.0781989434 23.1554958284 22.9993297227 23.1702101693 22.5533271377 22.7925786365 22.6558642296 22.6103650937 23.0279471628 23.1511983363 23.1998316625 22.9634996327 22.7873697174 22.7952247199 22.6541925603 22.8821381876 22.838854395 22.6981939981 22.7761289136 23.1519914636 22.90302905 22.591391447
0 0 0 0 0 0 0 0 0 0 0 0 0 0 0 0 0 0 0 0 23.0051080453 22.5343561977 22.7661317219 22.8186687803 22.6414846863 23.0399055479 23.1437907202 22.9903559428 22.8945852891 23.1344272336 22.9442009842 22.6501587093 23.1628799158 23.0169850551 22.6303938725 22.5551546094 22.5812796235 23.186526237 22.5726549322 22.7954225407 22.5821287739 22.8898873323 22.9688581102 23.0084947992 22.9105447355 22.9545147657 22.7570020313 22.510181939 22.7230511756 23.1871638983 23.0406765592 22.6800576099 22.8987419068 22.8285797323 22.8480476529 22.6348314932 22.9518613483
0 0 0 0 0 0 0 0 0 0 0 0 0 0 0 0 0 0 0 0 0 0 22.7135044627 23.1122925347 23.1573641752 22.6641487412 22.9695571472 23.127591451 22.6946296973 23.0742465591 22.8420837079 22.6614431421 22.9838830383 22.5117992288 22.7932563009 23.1687006641 22.966589888 22.7350365133 22.5934229196 23.1898379393 22.8510258297 22.8310360698 22.8710039024 22.7381882549 22.8350576822 22.701195178 22.5161358905 22.9210098966 22.6746814493 22.6301121594 23.1895630697 22.9125171579 22.5290739329 22.9442216167 22.6560073144 22.572100003 22.6520483603
0 0 0 0 0 0 0 0 0 0 0 0 0 0 0 0 0 0 0 0 0 0 23.0276682911 22.5373124831 22.7397270442 23.0536663746 22.9532120248 22.6435282151 22.9495086764 22.7023658392 22.9281295551 22.764981949 22.6093565585 22.9935571937 22.5953609324 23.0760891131 22.5534160035 23.0530716102 23.168730271 23.0885895019 22.6083753025 22.6606666595 22.5838381112 22.9349092487 23.13124753 22.7232971767 22.8873301595 23.0101948934 22.5405080998 22.7624610072 23.0141766447 22.6515511956 22.5380049623 23.0078076854 22.9957564427 23.0794424979 23.0520615039
0 0 0 0 0 0 0 0 0 0 0 0 0 0 0 0 0 0 0 0 0 22.5180905705 23.1885906556 22.5490452837 23.0645884208 22.8442485761 22.7001004439 22.5087921674 23.1271746766 22.8367974335 23.1046672999 22.6970623588 23.1023371645 22.8166425301 22.5164170294 22.942854724 22.6457206932 22.5718406724 22.8061277539 22.5643254199 22.6614205371 22.9409700181 22.5765233492 23.0494234404 22.9217763055 23.0758349165 22.7021864983 22.9075995379 22.8399577833 22.7667446037 22.7424898413 22.5976027984 23.0593973413 23.1831296187 23.1754204015 22.645649527 23.0043605981
0 0 0 0 0 0 0 0 0 0 0 0 0 0 0 0 0 0 0 0 23.1972858708 22.6333331595 23.1052063857 22.6645950596 22.7630848575 22.7169465871 22.9204166457 23.1191841068 23.0580937072 23.0972109172 22.9253451043 22.7914388335 22.5460482331 23.0989432215 23.0781949565 23.0582489479 22.8044273335 22.6609687933 22.6540921248 23.0084109747 22.6383218912 23.1626199185 23.1527653396 22.7492093454 22.5259401879 23.1931574944 22.937217209 22.6307723411 22.8777258122 23.1224103287 22.8322801248 22.6456660565 22.9736034666 22.896319612 22.9762155716 23.0404283122 22.5544331868
0 0 0 0 0 0 0 0 0 0 0 0 0 0 0 0 0 0 0 23.0795287803 22.6441708205 23.1704261028 22.6054970981 23.1338689453 22.8347738194 22.8601865395 22.7347552433 23.094399914 22.8178640933 22.9546969547 22.6399677607 22.7486570995 22.9005567094 23.038715816 22.6181219039 22.8399864795 22.6317010099 22.9797010755 22.670392156 23.0626633663 23.0739361487 22.6850843372 23.0484398729 22.983415046 22.7368936067 22.8115957197 22.5382990342 23.1313064543 22.8529849587 22.7930292394 22.5229140689 23.0031674614 23.0720359171 22.8309304365 22.8690120588 23.1540654007 23.1577158632
0 0 0 0 0 0 0 0 0 0 0 0 0 0 0 0 0 0 0 0 23.1112078174 22.5800942333 22.505126582 22.8579579677 22.5526973216 22.9875179823 22.7759963056 22.9084728303 22.8390556607 23.0772892002 23.1364642155 22.7595462152 22.8671438138 22.5893753524 22.9815738213 22.8404855903 23.0078410895 22.914635023 22.8357013683 23.1785802663 22.5553809005 23.1000920483 22.5143312332 22.9205963479 23.0285015705 22.9449051382 22.7144198634 22.608463822 22.8837358724 23.1262298976 22.7567368801 22.5626762656 22.8285065122 22.9641050571 23.1985217736 23.1525924153 22.5763752778
0 0 0 0 0 0 0 0 0 0 0 0 0 0 0 0 0 0 0 0 0 22.5491572908 23.0079661312 23.0234320391 22.8806207735 22.7975292374 22.6871326363 22.8947879427 22.6318361357 22.8941066042 22.8071021366 22.9520421957 23.0770288128 22.9307657836 22.6319699893 23.0181158698 23.1296410054 22.9725639246 22.7080092895 22.6060405341 22.6434683771 23.0894551914 22.9027104621 23.1675093112 22.8852751682 22.6692738322 22.6253312409 22.6447567785 22.6404522598 22.7484469658 22.7138898167 22.8885410169 23.0955575244 23.1577377788 22.5371881488 22.5075236464 22.6599973558
0 0 0 0 0 0 0 0 0 0 0 0 0 0 0 0 0 0 0 0 0 0 0 23.0079318571 22.7190879218 22.7173775622 23.1197919805 22.7215858094 22.5467421119 22.89485702 22.9766877143 22.8074137281 22.7136321096 22.7614029323 22.5828046024 22.5494211419 23.1389624908 23.1573985054 23.1560663265 22.7150009832 22.7980605675 22.7260455604 22.9943042754 23.1996048867 22.6247549697 22.866616098 22.6432206904 22.6168432503 22.703796546 22.5277022208 22.5581924117 23.0344560457 22.7796048514 22.7538536003 22.9980666198 22.9987794747 22.9079742679
0 0 0 0 0 0 0 0 0 0 0 0 0 0 0 0 0 0 0 0 0 0 0 0 0 23.0392588325 23.129702715 23.1832078491 22.5825345249 22.9427477224 22.66459709 22.8386943305 22.902890658 23.1998979159 22.6136223281 22.8608837126 23.1802063968 22.6157921791 22.8448025983 22.6584150909 22.5888976375 22.5572728313 22.7626431284 22.901751735 22.5679520132 22.6660920117 22.9072553542 23.0515685668 22.6632106361 23.1594327923 22.9836424263 22.9270977687 22.7189883711 23.1103621952 22.744767775 22.6574404792 22.8168294435
0 0 0 0 0 0 0 0 0 0 0 0 0 0 0 0 0 0 0 0 0 0 0 0 0 0 22.8865356057 22.941593817 23.0637444674 22.7500565143 22.9168790184 22.7222630018 22.6779577191 22.6352604263 22.5692708479 22.6277957098 22.7137987101 23.0222242064 23.1549783862 22.637726161 23.0883187017 22.8661142336 22.9230713634 22.9938942695 22.891615995 23.0351919299 22.9975991768 22.8840323583 22.8826388827 22.8285275926 22.7010188206 22.9725700881 23.1236747196 22.7369047507 22.5039935555 23.0440036746 22.5849801134
