Spatial_Output/DEC/DEC_0360.asc
NCOLS 155
NROWS 192
XLLCORNER 196307.867259
YLLCORNER 449144.565805
CELLSIZE 33.573938
NODATA_VALUE NaN
[rows 26 to 51 of 192, columns 0 to 56 of 155]
0 0 0 0 0 0 0 0 0 0 0 0 0 0 0 0 0 0 0 0 0 37.3258203315 36.0161647263 36.3928557779 36.2216514039 36.3667710419 36.1694673014 37.0870444197 37.045815036 36.0223707157 36.825301015 36.0299669127 36.2284778519 36.0471638569 36.1155059316 36.5279551186 36.7630573363 36.5458178012 37.2099203002 37.0848119937 36.9734679061 36.1293648555 36.1538897816 36.514823875 36.2406504506 36.0486389243 36.9144430637 36.9106409203 36.570476415 36.5863322497 36.1275473575 36.0777857392 36.7171476294 37.0378205041 36.1849944255 36.5339453625 36.3732925185
0 0 0 0 0 0 0 0 0 0 0 0 0 0 0 0 0 0 0 37.107474444 36.1807278431 36.8869681054 36.6760041603 37.1220804288 36.7158127004 36.1478327829 36.5177685605 37.4128915718 36.0098559321 36.5829441299 36.4848447784 36.4182948486 36.8455997901 36.7085925328 36.5982338833 37.3274379333 36.9048232039 36.4388730403 36.2192539399 36.2956873813 36.0513150646 36.160044098 36.6716127621 36.4759798702 37.0842940204 36.4415519908 36.227829091 36.8575187881 36.7201586361 36.2958055702 36.6293959378 36.4365028529 36.0547524074 36.2271696971 37.3439819966 36.3938999203 36.1284257993
0 0 0 0 0 0 0 0 0 0 0 0 0 0 0 0 0 0 36.3026518984 36.6793486879 37.069904497 36.2780481895 36.621358802 36.1451318343 36.1987912407 37.0463432875 36.1938624322 36.6527631395 36.7234855838 36.8307438835 37.316878167 36.2206130338 36.5893502865 37.3814471725 36.8101257124 36.5232544772 36.8873330077 36.3667890836 36.295194718 37.0324432859 36.3883212052 37.1730092714 36.6941862551 36.9861903291 37.3763628252 36.3357343312 36.616049205 36.6380498678 36.3832243086 37.1002751672 36.1068161736 36.0483475001 37.3780208716 36.2157751797 36.0583701072 37.4091635918 37.0433781806
0 0 0 0 0 0 0 0 0 0 0 0 0 0 0 0 0 36.1046464511 36.0271034268 82.7067179676 75.1224273846 73.0340622219 36.1851370813 36.5125170735 37.2451834338 36.4945489642 37.2719603549 36.6704039588 37.3690758973 36.9869372872 36.4075416993 37.3409201728 36.8710662863 36.5462152035 36.1013594497 37.0881021493 37.212485482 37.0989072644 36.349065055 36.3568426355 36.9537344934 36.3263954141 36.3432400085 36.7351139537 36.0998498311 36.0907766048 37.2369108927 36.4841884028 36.0852665833 36.7341481892 36.1736184082 36.6780799277 37.1263198629 36.7685232349 36.3892286358 36.5818227629 36.1218134808
0 0 0 0 0 0 0 0 0 0 0 0 0 0 0 0 37.2767218229 37.2343982514 37.2720535915 73.6483037759 78.028295364 79.8189862011 36.5849443385 37.3374004168 36.2505665378 37.1468305087 37.3521169786 36.0451777254 36.41610091 37.272537202 36.3845121391 37.3523990554 36.5660736962 36.702799002 36.0273901928 37.3730130736 37.0444385965 36.7909748588 37.031926742 37.2577076101 37.2965954119 36.0876396782 37.1545078355 36.6288148453 36.1126272098 37.2989064909 36.7882315678 36.3710982671 36.9165619639 36.8224033337 36.3406985251 36.4118273614 36.2379561814 37.1992490087 36.8763520127 36.3996982716 37.32626577
0 0 0 0 0 0 0 0 0 0 0 0 0 0 0 36.0550546724 36.1524349399 37.1004411009 36.019430065 64.7725970754 81.0307926781 78.7038119741 82.4780023773 36.1255296885 37.3705885546 36.2613303684 36.9837278537 36.3734180246 37.1170778986 37.1607749787 37.0497872458 36.8906835498 36.1330071258 36.4866061503 37.1278683497 36.641007892 36.9319632154 37.2767449998 36.7166392858 37.1167039451 37.2855000067 36.2876990973 36.505155998 37.2582938202 36.7778682464 37.1163091261 36.3288135681 37.0975840918 37.3890289329 36.4933501622 37.1741999165 36.6787418817 37.2710388834 36.3198377299 37.3227737361 36.7184419146 37.1382272053
0 0 0 0 0 0 0 0 0 0 0 0 0 0 0 37.2953802604 36.431785793 36.0886136317 36.4384404258 83.3410364247 83.4367177698 64.5794195598 73.0778814528 37.1291346672 36.9593293187 36.6602717664 37.3299644755 36.1166546874 36.6731537938 36.8164616774 36.9499758998 37.0558731805 36.6152883996 37.0013719784 36.1520300832 36.0923497566 37.1473358778 36.7620156802 36.4927646958 36.7211518871 36.1593100676 36.7289931491 36.5785407168 36.0274233047 36.8803378813 36.960306865 37.2826732475 37.2725123553 36.6134106374 37.2025616041 36.7950285764 36.6058466309 36.4125525978 36.3913983701 37.2645083705 37.2104078961 37.0059517887
0 0 0 0 0 0 0 0 0 0 0 0 0 0 0 37.2139875024 36.2768817142 36.5571210491 37.2232981548 37.2897920268 80.6649662552 68.4405554291 67.8960430698 36.8731960237 37.3695629592 36.2136011717 36.0014465719 36.7995192227 36.2323130936 36.0805296746 36.0226605437 37.3494598641 37.1223822919 36.8355765491 37.2370024209 37.0705966795 36.0044680678 37.3656112679 36.2210461113 36.5988232997 36.7870642982 36.6534971583 36.3352031661 37.0190449187 36.2752047385 36.9505681492 36.6373991078 36.2852686501 36.771567007 36.9164739761 36.6861397739 36.4164351529 36.9388818309 36.6668652608 36.8945606851 36.4937563825 37.0628299971
0 0 0 0 0 0 0 0 0 0 0 0 0 0 0 36.6904173833 36.6807773155 36.8898287149 37.4063114308 36.2501065784 36.1875772442 37.4091397102 36.3276740197 37.2251046036 36.2487511253 37.1840462044 36.3217826731 36.2935264434 37.4024965789 36.306470353 36.934094183 37.0524228847 36.1610931578 36.7877163045 36.4455845671 37.4059102894 37.1091648304 37.0300298069 37.0711010137 36.3118545951 36.7348606032 37.282402219 37.033624808 37.0835325981 36.2216040024 36.587515213 36.6918356617 36.4411264095 36.2690128996 36.8016320568 37.0373621892 36.0753352275 37.0944429185 36.8983501167 36.1747686476 36.1650990169 36.6502483749
0 0 0 0 0 0 0 0 0 0 0 0 0 0 0 36.2089863548 37.0583232993 36.309765747 36.4379216245 37.3652830465 36.6897978854 37.1094235925 37.0250113519 36.1502103132 36.8054837456 36.2945222483 37.0165522524 36.9263334017 37.132302889 37.3880488225 37.3771927578 36.5662435212 37.213169184 36.6632631454 36.3443662749 37.2557420403 36.0888212195 36.3185454679 37.0969396072 36.4197851829 37.4012565675 37.2903271119 36.7462620583 36.8441612916 36.913470547 37.3234547846 36.724199696 36.4699752569 36.1694900817 36.5711653317 36.5959618543 36.1617741963 36.3572774257 36.8514812948 36.6892802737 37.1309433254 37.1771538225
0 0 0 0 0 0 0 0 0 0 0 0 0 0 36.6638305639 36.7014168294 37.370621641 36.0938650617 36.2828044927 37.053566744 36.7669677854 36.9996010037 36.5273707365 37.0120613058 36.0537953637 36.5861165432 36.4551674151 37.2193696681 36.3397217236 36.1963475291 37.1798756226 36.8852592938 37.0731544107 36.3474481277 37.0904318878 36.6856592444 37.2668951133 37.1381005772 36.0448854188 36.5607303438 37.3987247766 36.7133810949 36.5953430669 36.1778156504 36.0178373453 36.0126130723 36.5843601667 36.5511735817 36.8421162758 36.0579706971 37.1863961158 36.0239876286 36.0716248169 36.7458948056 36.8901275259 37.0206903289 37.1889790279
0 0 0 0 0 0 0 0 0 0 0 0 0 0 36.306803033 36.6264617958 36.6241938734 37.2953441459 37.352555417 36.8262552596 36.1370273795 36.2519496436 37.0253368387 36.8441765676 36.9302333989 36.6261663532 36.8829860367 37.3991144988 36.766212365 37.4046037377 36.5696901675 37.1813668509 36.0937076923 36.9514314789 36.2102116622 36.855201822 37.186208567 37.2877691897 36.9036697726 36.5290352912 36.3679805175 37.4083982075 36.1892104562 37.1420269587 36.3429332594 36.9580317761 37.2638138087 36.9396664187 37.2888203519 36.4293241787 36.9648561401 37.4042196978 36.2907326616 36.6691799884 36.9857403225 36.1819917927 37.2344150336
0 0 0 0 0 0 0 0 0 0 0 0 0 36.4435140489 37.3789915278 36.589562086 37.2739300048 36.2788757224 36.8835608075 36.5774433064 37.2953083333 36.1277340634 36.480476905 36.894198874 36.2353603413 36.8223350653 37.3039126156 37.3436597673 36.2522820607 36.9518038271 36.3551793074 36.7672915993 36.3986986466 36.2086862083 37.4107471675 36.2182252607 36.3709182478 37.0870732323 36.8894894212 37.1428618521 36.1569807086 37.3193249931 37.1284980302 36.0421493225 37.2287160976 36.8552353065 36.4963555042 36.0041711702 36.9727604303 36.5329376555 37.2782500127 36.4607741411 37.3330572417 36.545950318 37.3369974739 36.432938701 36.6909629852
0 0 0 0 0 0 0 0 0 0 0 0 36.1815558811 37.0605102363 37.0705434986 37.0240616298 36.0388873646 36.3317859463 36.798318208 37.1320070348 36.9700295178 37.1924134344 36.6217310346 37.1255473658 36.6107097703 36.7135168525 36.1480631579 36.1247672503 75.0684869391 74.5817595893 72.6412571074 36.0167276839 37.0394548057 37.1925383601 37.0723877667 37.3758766863 37.3910800393 36.89266358 36.7321532603 36.4939671202 36.4730755856 36.3416222404 36.9250722678 36.9785343131 36.9963706013 36.9791701952 36.9952377527 36.1113872472 37.3546194153 36.6489060226 36.6537008791 36.0864736868 37.3425814203 36.3120903632 36.0743534217 36.5062440046 37.1812605094
0 0 0 0 0 0 0 0 0 0 0 36.2064850946 36.5320342937 36.672394554 36.9017615408 37.4033107981 36.9494395925 36.0535321077 36.1178300863 37.3618150109 37.2601326483 36.5772575332 37.16414018 36.2342975312 36.5491544578 37.0445458954 36.5786373006 37.3194963889 76.0693568094 65.3083812196 77.0487806391 36.6437441542 37.0156693842 36.7043279395 37.3067369867 36.8434615917 37.1942841083 36.2610915855 36.2582026057 37.3119795955 36.9238207343 36.9632817955 36.2816020049 37.3063766467 37.2124253759 36.0182567944 36.6475550011 36.1533622859 36.5178861451 36.0090663973 36.1271590798 36.9481932289 36.1626323254 36.7774227049 37.338774422 37.3563474118 36.82586718
0 0 0 0 0 0 0 0 0 0 36.7854842829 37.1263517687 36.6725250365 36.3603535331 36.053272977 36.9133545935 37.4116997084 37.3508619312 36.0763830075 36.3782548661 36.8914256782 37.2554516115 37.3574800715 36.0775082082 36.3572951627 36.1885288518 36.699594745 36.2542478948 79.133228091 70.7386386261 65.3149069138 36.4384098532 36.326392363 36.0650672645 37.2020023422 36.3640270833 36.4951902217 36.0658849461 36.9481601933 37.0473543572 36.1991635649 36.6284964792 36.5769332929 36.2839080649 36.5934152294 36.5403479208 37.3521866874 36.0305267718 36.8413286497 36.6526520438 36.1949622353 36.2201525683 37.3606891898 36.3663534246 36.5826228864 36.5091585169 36.4441255403
0 0 0 0 0 0 0 0 0 0 37.157786702 36.8989280913 37.1593236717 36.8459041369 36.6864969121 36.9759043128 36.7328150661 36.7619486351 36.6987468684 37.128224095 36.9363951035 36.2610663655 36.3810010001 36.7521919292 36.7731295439 37.027680257 36.671162933 37.2346574249 68.1618829503 69.5894722033 67.0560021691 36.0586310699 36.4674891579 37.1719938606 36.8698350546 36.1291369717 37.3898939344 37.3456293969 37.0017093591 36.2646133363 36.313303816 37.0686818299 36.6204365205 36.2275121033 36.495979744 37.3711422191 36.8122377707 37.0077726859 36.9173245894 36.5313180123 37.3715724262 36.9099610958 36.4925583197 36.3239736244 36.0499717852 36.1647267108 36.1197044316
0 0 0 0 0 0 0 0 37.3140247216 36.35844622 37.4083223064 36.9947901821 36.7149711362 37.097901545 36.1073692405 37.0775221634 36.1006375954 36.4623157232 36.5858566757 36.4652096995 37.3312050271 36.4777614592 36.8170128461 37.0547771936 36.2077966807 36.0438446958 37.1420444843 36.7472843667 36.2906264271 36.5703717104 36.6802203609 36.4434605311 36.3646153824 36.3659727969 37.229323562 36.021302495 36.4679935985 37.234618372 36.2186866654 37.2141398174 37.1527684139 36.8235476909 36.3595087096 37.1474583954 36.2781243621 37.3635707517 37.1743745039 36.6139826582 36.8796247376 37.1587653901 36.4911216719 36.331731054 36.0114461357 36.5196567634 36.1191775088 37.2898358499 36.1454803321
0 0 0 0 0 36.0262915958 36.310127906 36.3712520929 36.595261255 36.4626518309 37.3897560158 37.2689858793 36.6314006696 36.9984904184 37.3001951557 36.7810128765 36.9875754497 36.2609081763 36.7969699431 36.2666153333 36.1671898261 36.1480895385 37.1647076407 36.4090344257 36.8386312841 36.6907642009 37.3963167605 37.3746240185 36.934885847 83.0880352347 80.4793959704 66.5292681429 36.0911393876 37.165937031 36.3127920165 36.5130918024 36.5814435866 36.2117313752 36.5469923041 36.3015145054 36.0802222306 37.0913066538 37.2174066584 36.3170961281 36.7774676627 36.184836599 37.2941340886 37.37210295 37.3623012489 36.6318964989 36.1768155214 37.0077396809 36.3079435118 36.9624933351 36.5098326225 36.2494821527 36.3000023004
0 0 36.5994438047 36.88911719 36.0677770863 36.6374559938 36.72613721 36.0297953132 36.7855478583 37.0110107253 36.8472390887 36.8918529947 36.0314621571 36.5221145513 36.1421637822 36.9249807833 37.1058738674 36.5659321704 37.1619298782 36.6764217843 36.2458849598 37.1815661645 36.7458078729 36.7195715492 36.5631347326 37.3597874871 36.0775094001 36.6928059543 36.0803261528 82.4750398686 69.3613694579 74.9191063757 37.3367400495 36.6881643063 36.2349368124 37.1118578071 36.4216822058 37.0795397863 36.143529842 36.5609524414 36.8914974342 36.5644253067 37.0855636146 36.0001883041 36.5239203901 37.1617394864 36.9052304883 36.6808922134 36.5876602037 36.9885121782 37.3935674727 36.338452764 36.8745065059 36.7923876884 36.2887997309 36.3123522045 36.1390338432
0 37.2579894817 36.4612454992 36.4954687294 36.9901793921 36.081832965 36.4251501102 37.1145011314 36.5242415748 36.380199771 37.3668772491 37.1798945739 36.8145399243 37.3563509652 37.1916788479 37.3770449199 37.2165368813 36.2819074072 36.5484613609 36.5509197485 36.6348747626 37.0526231592 36.7015315476 36.8991981938 37.0698541798 36.6667467759 36.919000065 36.1462689224 36.3984026219 74.2400591337 79.81875927 81.4854086041 37.2719192836 37.1924969196 36.783873226 36.3824809686 37.1836888239 36.3656164379 36.660566897 36.8942277118 37.0401483736 37.2559910816 36.5934675315 36.1279273099 36.8202368014 36.4782487015 36.1520981403 36.2906129035 37.0344929465 36.3712341157 37.4107892974 36.6911008581 37.124488973 37.0686183573 37.0983685559 37.3264855104 37.1310256287
36.9598763775 36.7943233069 36.3783441354 36.7538820966 36.8615714899 36.1326734109 36.2182552129 37.3331037724 36.9548761404 36.7279738446 36.4029870476 36.7262648254 36.352558693 36.5468306474 36.2681839546 36.3374479551 36.8744478694 36.9284153857 36.2287903979 36.3721702925 37.3615142395 37.1619381248 36.3625953926 37.3490567744 36.3061255453 36.9357048546 36.1061687914 36.8096411127 36.5960671272 36.9129472128 36.2584182879 37.3180287637 36.3452204504 36.5486299109 36.0605245082 37.0185011937 37.0916544518 37.2178831726 36.456834737 37.1069132025 36.2394805314 36.4406160349 37.0233723063 36.7913119802 36.8495033197 36.7156845931 36.4449686338 37.2109057524 36.56551866 37.1113317878 37.2014969109 37.3791450351 36.3923045039 37.32150089 36.6198433196 37.2883176574 36.7769831159
37.1771256526 36.9321781076 36.3844906898 36.049998565 37.0848313845 36.4558853637 36.7037801588 36.83509738 37.1176962021 36.061236137 37.2506980408 36.1088265445 36.5257872131 37.3573058494 36.2690608789 36.4321700651 36.3259332506 37.3297833893 36.0661981211 36.5572174042 36.1873007532 37.2960876551 36.5598131802 36.9676325471 36.0257562237 37.4132064867 36.3930240663 36.0646717065 36.0705707573 37.0318342552 36.9399512457 36.9162887188 37.1333516114 37.3146384233 36.3899457041 36.7100043049 36.5801206437 36.6993229217 36.4750621809 36.944250862 36.7127583974 36.510997757 37.3531463943 36.4320404801 36.1070461173 37.2190627882 36.0537074393 36.3118073861 36.3776132256 36.3920077521 37.3076870286 36.5985501216 36.5700139631 36.4763897604 37.2260438332 37.3578661146 36.3698741996
36.0757505712 36.4259818777 36.8227692899 36.4104158904 36.1928923222 36.7022036582 36.8515668236 37.2814707489 36.4745733609 36.605262763 36.3031222936 36.748942081 36.9615917796 37.2594506845 37.3798574675 37.2727720062 37.1286212774 36.5362367426 37.3190341415 36.4706400294 36.7334388955 36.8153704479 36.3226531503 36.1603375447 36.3326842816 36.8887902896 37.1552399175 36.0563821652 36.4064108123 36.5965797468 36.2109189142 36.923389599 36.091224648 37.398315691 36.9607513407 36.9547080165 36.1109136756 36.1456503458 37.3639991755 36.5352951816 36.2783001481 36.0912095512 36.8289880909 37.1961935702 36.3163020259 37.1191699331 36.8764393536 37.2300744844 37.0953852812 36.25936695 36.1208031758 36.2211068871 36.0616250495 36.3293108685 36.9467363337 36.5557365871 36.9838008258
36.2664138908 36.2124764719 36.5434061931 36.5011803233 36.127657098 37.1739106069 36.6231837057 36.5938258121 36.9840747252 37.3853842467 36.2818121729 36.9730037522 36.3789758806 36.5390782708 37.3940432322 36.5773391972 37.2754084126 36.7530884413 36.791185869 36.2796501938 36.2950984577 36.8854063008 36.0024485439 36.5922894406 37.0483223764 36.3489654427 36.0369363257 36.934588899 36.098524229 36.3238473487 36.7379250407 36.4719020827 36.3624938216 36.1612610929 37.3805779786 37.0448119907 36.7386515765 36.4339282482 37.1699966297 36.5200333068 36.5975638007 37.2555021856 37.2254728633 36.4212465376 36.9364667251 36.5750398314 36.9722507523 37.360332301 36.0921322722 36.3860279209 36.1724738456 36.0086502681 36.7370569212 36.3967924296 36.9171220842 36.7002422608 36.3212123506
37.1457461676 37.1122835955 36.8052483351 36.872865645 37.2130553364 36.0699309806 37.0309051575 37.1752040255 36.3788919809 36.647896741 37.3675158464 37.2358270525 36.286312426 36.2706206178 36.5447941113 36.0846744057 36.4469527402 36.4247929477 36.2026213401 36.070271261 37.2261768236 36.6085066377 36.9306234872 37.1454572057 36.1980770847 37.0461662217 36.59929699 36.4945417807 36.0272370819 36.6205892848 37.3803008272 36.5351467426 37.088555789 36.7395580525 36.8771996681 37.2632269021 37.3608596485 36.229673621 36.6937548019 36.0868077426 36.3280360566 37.2547904606 36.1084396976 37.0288385213 36.7435681616 37.3673748195 36.5431759679 36.6616746383 36.9253597441 37.0264588111 37.1932074506 37.0253511148 36.6755809766 36.5463221226 36.4897982681 36.8140964771 37.3436962633
