Spatial_Output/DEC/DEC_0018.asc
NCOLS 155
NROWS 192
XLLCORNER 196307.867259
YLLCORNER 449144.565805
CELLSIZE 33.573938
NODATA_VALUE NaN
[rows 78 to 103 of 192, columns 0 to 56 of 155]
0 0 0 0 0 0 0 0 0 0 0 0 0 45.629077036 45.7888443566 45.2569727243 46.3756454945 45.0867098418 45.471956998 46.249786814 45.4328821977 45.0160111902 45.5207133796 45.5298787244 45.9251539974 46.2936916348 45.4066045623 46.1293643787 59.0992813779 59.0992813779 45.6908009462 45.5676150492 71.6589268017 71.6589268017 77.2564875916 77.2564875916 45.1201035624 46.1810996232 55.2531426416 46.2854134625 46.2810708955 84.5050472753 45.0060391872 45.7887776368 46.317705121 46.2002394371 45.9788559216 45.5594988869 45.3102233877 45.1582856156 45.7531064214 45.2919020364 45.6364566026 45.4428561584 45.7985129969 45.450730588 46.2092026606
0 0 0 0 0 0 0 0 0 0 0 0 0 46.2005639112 45.9421655513 45.1669081046 45.4628042453 45.8400489197 45.0616527673 45.0918226656 45.9529330167 45.6779591528 45.0081837825 46.0354458086 45.2828436274 46.289384025 45.7702476116 46.311467785 46.4042736301 65.1122034611 46.0359534304 45.6543751262 71.6589268017 71.6589268017 77.2564875916 77.2564875916 46.0388017356 67.6328280615 45.8708801905 46.1408627156 84.5050472753 46.0247019723 46.1469880521 46.1392114363 45.2760429058 46.2251999202 45.1837407064 46.0299530359 45.0379500018 46.3708172841 45.0755527499 45.9311616837 45.920790485 45.8055561126 46.2784499577 46.0932783534 45.9292038828
0 0 0 0 0 0 0 0 0 0 0 0 0 45.3547197963 45.2448067403 45.0955986925 45.0890551845 45.0492465588 46.2216456508 46.0340987297 45.4091179859 45.0918471783 45.9445945813 45.1005696136 46.2484682055 46.1150479675 45.5845381874 45.6539027003 45.6138250173 45.1259037219 45.4778436527 46.3551883383 45.8161739119 45.104543975 45.9564951944 45.2433761082 45.4281827734 67.6328280615 46.1483051568 62.6804328108 63.3228036268 45.0871412222 45.9327122487 46.066818143 45.4360642878 45.5174044771 45.8480729967 45.4626630517 45.9196056606 45.2357664577 45.4540537032 45.6329240244 46.3737834458 45.3969120126 46.2313090475 45.154015028 45.1034144851
0 0 0 0 0 0 0 0 0 0 0 0 0 0 45.576579763 46.3931911264 46.3393834632 45.558686458 45.5785822525 46.0373126471 46.1685245798 45.493482535 45.5347371299 45.5701388933 46.0847988267 45.5612268753 45.9478477551 46.3156081854 46.2668812953 45.3541076262 45.6976105116 45.0564108653 45.9406717207 45.9575310263 45.1832572514 45.3482347581 45.923654759 45.2866675286 45.7589930065 45.1828250823 45.0841407641 45.4723212282 45.6472663854 45.8161179453 45.6945265633 45.5637773197 45.9105323277 45.0349749836 45.9075147756 46.3892198436 45.5162391368 45.8773051279 46.1545307928 45.2965392124 45.2564701384 45.1108606974 45.651986703
0 0 0 0 0 0 0 0 0 0 0 0 0 0 45.292259414 45.0466124664 45.9947213913 45.4965519572 45.5164494073 45.6504571365 45.9486454642 46.3893353514 45.4491386953 45.6294040004 45.6392158573 45.5261800599 46.2990980018 45.9320511792 45.2246432552 46.0373458766 45.9809262642 46.2533692757 45.3479716188 45.763825166 45.0498870559 45.9233877804 45.4322400987 45.284574018 45.1044215308 45.3755415295 45.0296253437 45.5526058335 45.0787065976 45.448166279 45.7110900183 45.8903725505 45.7187884406 46.266329787 46.3047712199 45.893766522 46.3622503144 45.9390934577 45.6692746042 45.7122193806 45.9652138764 46.0399145194 46.007065195
0 0 0 0 0 0 0 0 0 0 0 0 0 0 45.6780025367 46.2218591204 45.1025742463 46.3602028604 46.2713690195 45.5343971148 45.8018162696 45.3669489659 46.222984389 45.6898253672 46.3073691192 46.3077011799 46.2062410281 45.6839792996 45.2757695839 45.9421898108 45.0112638375 45.7715524014 45.1183800008 45.1018860908 45.86590128 46.0065410506 45.0274031429 45.511677519 45.986047009 45.1827447194 45.6872769449 45.9539650804 45.9819110975 45.746730179 46.1248867789 45.7752119619 46.0707867572 45.2194520593 45.7472348677 46.1633849548 45.589946104 45.2097593028 45.3405775564 45.0397319693 45.8701913386 45.6766739597 46.2717972622
0 0 0 0 0 0 0 0 0 0 0 0 0 0 46.2141054911 45.3033335467 45.5457770226 46.3592506012 46.0752928582 45.7021523282 45.1377256882 46.1375586262 45.0181614107 45.8838289785 46.2330317745 45.0013042642 45.4513347499 45.5204171044 46.1081606399 45.454420577 46.2452407257 45.7108734231 45.8449756627 45.3576471034 46.206606806 46.3128080489 45.7451894309 46.3583765509 45.0951141588 45.0547379182 45.8973064105 45.0344836526 46.2910922864 46.0458166956 45.1687985117 45.6752820235 46.0542842176 45.2777370183 45.7199882539 45.4856950534 46.1753134974 45.1963183558 45.0933167583 45.2896676523 45.4458095683 45.7025312991 45.0831459928
0 0 0 0 0 0 0 0 0 0 0 0 0 0 45.8906295371 45.7597825061 45.3217658368 46.3677787193 45.960461501 45.7992807108 45.0450624775 45.3384718785 45.5121844606 45.5504546157 45.6461115274 45.1810730906 46.2961092494 45.2931699153 45.4722505629 46.3939861938 45.5403100303 45.0099552347 45.0786542518 45.297677103 46.1677842776 45.9525430877 45.7561552734 45.2721336013 45.9429712972 45.9054921569 46.2547832123 45.7432982502 45.9161118117 45.9187663817 46.0355578997 45.3033752741 45.6084821139 45.4589930938 45.0870735989 45.2274343643 45.0116809604 45.4108840592 45.7110593466 45.5490864375 45.7096746095 45.7380693744 46.1505269138
0 0 0 0 0 0 0 0 0 0 0 0 0 0 46.0150559873 46.3660788481 46.3209517205 45.2004019852 45.1170916719 45.3517993772 45.0116244121 46.0729587652 46.3449346888 45.039953815 46.3375755452 45.5275138133 45.18617271 46.2251872429 45.0314957702 45.8218434469 45.9980790348 45.8904990042 45.255331695 45.411561681 45.7215348732 45.6244763082 45.8463778808 45.3434232243 45.2133814743 46.3953988737 45.4011816456 45.8753640871 45.6700466349 45.1592529001 46.403106289 45.3323169557 45.9680370295 98.2664030343 98.2664030343 98.2664030343 45.0970871437 46.3879123678 45.2200013959 45.4480091797 45.401616282 45.7595135264 46.2995083564
0 0 0 0 0 0 0 0 0 0 0 0 0 0 0 46.0713584804 45.5643492264 45.7618136531 45.922870204 45.9873365483 46.2627883427 46.1436576985 45.826100223 45.6976354148 46.1343065345 45.5951440536 45.3155379689 45.7821821079 46.2673598799 45.3483277746 45.3288037858 45.4472191159 45.5926402199 46.3055294852 46.0285173409 45.51986442 45.0638705855 45.6910866133 45.1338937965 45.6246777942 45.8136754057 46.2873640982 45.9478634661 46.1467512908 46.1101495545 45.0989928879 45.1582385842 46.171467264 98.2664030343 45.0568930781 46.2695102848 45.8343106429 45.0614197284 45.4216374028 45.012558899 45.5664996548 45.3457089513
0 0 0 0 0 0 0 0 0 0 0 0 0 0 0 0 46.0390840929 45.3159332655 45.9601140968 45.4461587881 45.3631064999 45.3122218769 46.394283638 45.3783754492 46.0879230074 45.2433239333 45.2623903037 45.9632848935 45.4870533542 45.361865429 46.0701549911 45.9602292686 46.111351681 45.5160494746 46.1395586204 45.1371698333 45.3057015637 45.3438595408 45.2329375343 45.4220198566 45.2002882907 46.3511314706 45.3319052349 45.5947875841 45.7499123081 45.9228576961 45.0154433063 46.3094653802 59.794820269 45.1462314466 45.1482572611 45.552674939 45.1518882819 46.0890544122 45.9182245767 45.3780979036 45.9995643499
0 0 0 0 0 0 0 0 0 0 0 0 0 0 0 0 0 45.2695338865 45.6367250588 45.1901431323 45.6300414067 45.274729148 45.1930501576 45.6234881861 45.9243518294 45.3602118497 45.7306842572 46.1117609326 46.400311846 45.1918870169 46.2324499715 45.0762308933 46.1798332879 45.2693590446 46.3432817776 45.6296619896 45.8154205046 46.074087643 46.2503697237 45.6842593394 46.3828001028 46.4098688112 45.095864481 46.044144382 46.0905558929 46.1604425811 45.7047969615 59.794820269 59.794820269 59.794820269 45.0267697093 45.8440442296 45.6515585807 45.3704460768 45.2580612008 45.5928130146 46.0290173854
0 0 0 0 0 0 0 0 0 0 0 0 0 0 0 0 0 0 45.7418632509 45.742650324 45.3751883545 46.282757811 45.2073634876 45.0196752886 45.3381693352 45.6940567493 45.6216686264 45.3725344814 45.4284321156 45.3488675025 45.8893053932 45.3636112336 46.321320158 45.506912279 45.9387059385 45.9982344606 45.3989786332 45.1838728485 45.5096556044 46.3677406995 45.947017921 45.4345605499 46.0759809291 46.1475752449 45.4746194042 45.8344526561 45.8046731842 71.232886981 59.794820269 71.232886981 71.819984597 45.214278118 45.5635825902 45.2792253716 45.8095343374 45.833327473 45.7498877926
0 0 0 0 0 0 0 0 0 0 0 0 0 0 0 0 0 0 0 45.1611313955 46.3316411822 46.0938424156 45.5827223596 45.9951886154 45.9633852919 46.043078646 45.4500004893 46.214170039 45.8824632935 45.3742329982 46.3517549008 45.850864087 46.1791268297 45.0670685891 45.6314819004 45.709327942 45.5990714235 45.7020657993 45.4736249648 45.5686163196 46.190116303 45.066777111 45.8850209345 45.9263637978 46.3720818252 45.289397257 45.0119522689 46.2352493837 71.232886981 71.819984597 71.819984597 45.0017512282 46.2839774424 45.8154862923 45.8848938714 45.4212609742 46.2214264942
0 0 0 0 0 0 0 0 0 0 0 0 0 0 0 0 0 0 0 45.5717151356 46.1904908161 45.9719970363 45.2474660108 45.6385112632 45.5112288651 46.3391891655 46.0777053498 45.2338275655 45.9372315183 45.3975722379 45.6902649349 45.7920942119 45.9229527495 45.8169501511 45.5821845848 45.2238804649 45.8602779613 45.6318203869 46.0978299879 46.2803472807 45.5246525884 45.9735356783 46.1241195971 45.9203578795 46.2729646658 45.7751641197 45.4727889951 60.9097309419 60.9097309419 60.9097309419 46.3846799183 45.2435209307 45.4232595853 45.8399325076 45.9088904687 45.1081000851 45.3659750987
0 0 0 0 0 0 0 0 0 0 0 0 0 0 0 0 0 0 0 0 45.123574236 45.5123419148 45.2492468635 45.2304933868 45.0797014117 45.3299858917 45.8716085709 45.2245928898 46.2710898065 46.1132575104 46.2784558235 45.7804141479 45.8661319505 45.9988715758 45.6890972122 45.9446753472 45.5634753718 45.7336019049 46.3143947754 45.1479120382 45.5707416177 46.3218934295 45.4629920333 45.8366169478 45.0823031587 45.2039858148 46.0557437425 74.4369848654 69.8051000619 69.8051000619 69.8051000619 69.8051000619 45.256326458 45.6390962455 45.8081059089 46.2779680315 45.4442167691
0 0 0 0 0 0 0 0 0 0 0 0 0 0 0 0 0 0 0 0 0 0 46.027636852 45.3419966109 45.7524572865 45.9787083648 45.136066474 46.3222746182 45.1488382464 46.3121050138 45.1743254839 45.0978896035 46.2903807769 46.0705350034 45.9884079033 45.3393623106 46.3548235958 45.7381136068 45.1519265713 45.12008787 45.5466192841 45.5598333049 45.0358208141 45.7278413396 46.0483431121 45.0962902535 45.069392895 61.2904667575 67.2764863283 69.8051000619 69.8051000619 56.1902563581 45.1617313583 45.59265446 46.1470231301 45.8396145659 46.2564382323
0 0 0 0 0 0 0 0 0 0 0 0 0 0 0 0 0 0 0 0 0 0 45.1478407845 45.6760740252 46.2554114991 45.5237667747 45.6363520162 46.2230292609 45.8348777137 45.2714027594 46.3090483117 45.4387442282 46.0633949767 45.4786712025 46.1383814254 46.0336431897 45.1289191486 45.0354039332 46.0943103707 46.0715977348 45.2138476804 45.7978034099 46.3743921002 45.1552827523 45.275515469 45.4478721416 46.4030213061 67.2764863283 67.2764863283 67.2764863283 56.1902563581 61.7065112675 45.7929569216 45.4553866551 45.0314519826 45.2966568863 45.9455782643
0 0 0 0 0 0 0 0 0 0 0 0 0 0 0 0 0 0 0 0 0 45.9041797422 45.8067388744 45.7406518409 45.7808729737 45.1554678455 45.3110921273 45.5044765493 45.0850745034 46.132536017 45.1749378787 45.0065828468 45.354974138 45.9969587048 45.6461551047 46.0564909397 46.2440843131 81.0475511528 45.0568410382 45.1955297685 45.0100985678 45.6814625986 45.052844512 45.1694810095 45.0413641135 45.0269509211 45.1669078538 46.202114718 68.2721623678 68.2721623678 61.7065112675 46.1928337026 45.4440799641 45.6193551061 78.2539262497 45.1321365216 45.3619157229
0 0 0 0 0 0 0 0 0 0 0 0 0 0 0 0 0 0 0 0 46.2312010381 45.3428693006 45.7886751554 46.0986450517 45.1088744232 46.0630517077 45.1544294822 45.1239016112 45.2063024745 46.3553001391 45.4453376898 46.3098999281 46.3496639436 45.5504237779 45.3877055484 46.1162498893 46.335309228 65.0484970336 65.0484970336 45.4035131016 65.4078459635 65.4078459635 75.7815706941 68.7834136215 68.7834136215 74.9779100535 54.9820268944 68.2721623678 68.2721623678 68.2721623678 45.702435328 45.7981805572 77.2929990788 78.2539262497 78.2539262497 45.7607235978 45.2548786816
0 0 0 0 0 0 0 0 0 0 0 0 0 0 0 0 0 0 0 45.1344235528 45.2473744158 45.0144871314 46.1732156414 45.3720025645 45.5116487589 46.1906322486 46.3373611526 46.2229273264 45.5333819763 45.7225668787 46.0419523982 46.3427960146 45.8367264809 45.0678821282 46.0066216761 45.1130000706 45.5968624826 65.0484970336 65.0484970336 45.3171376481 65.4078459635 45.2572631815 75.7815706941 68.7834136215 68.7834136215 74.9779100535 54.9820268944 54.9820268944 68.2721623678 46.4037583889 87.5297351009 45.6791623723 45.1139339043 78.2539262497 78.2539262497 45.8471736133 45.8175334572
0 0 0 0 0 0 0 0 0 0 0 0 0 0 0 0 0 0 0 0 45.9813966716 46.1464361214 45.6252675826 45.582318698 45.952973847 45.6977209736 46.357855184 45.2815702361 45.001748858 46.2237502207 45.2447960128 45.8189105986 45.8606251988 45.1300727668 45.2906801303 46.341118947 45.6029513117 81.0475511528 45.6006408047 45.8167617644 65.4078459635 75.3702167434 75.7815706941 68.7834136215 74.9779100535 74.9779100535 46.2245563063 54.9820268944 46.1164342192 68.6075189334 45.7118260719 45.5086423869 46.1723387415 46.0601731665 78.2539262497 45.1967862361 45.1791488553
0 0 0 0 0 0 0 0 0 0 0 0 0 0 0 0 0 0 0 0 0 46.1731348092 45.3914717043 46.02546651 45.5529392274 46.1009726763 45.6560040255 45.7505278157 45.5763424783 45.4461078892 45.8969941516 45.8129987302 46.4080701976 45.1457880518 45.4401128502 46.3471432962 45.5876140061 46.255102029 45.0074032848 45.7974144763 46.2703982854 45.1073050589 45.5373333899 45.1546647409 45.6787533847 45.0562186819 45.594741794 45.3436752729 46.1958181373 45.3610660233 46.2333937313 46.2186733726 45.675011881 45.4174561194 82.9901337243 82.9901337243 82.9901337243
0 0 0 0 0 0 0 0 0 0 0 0 0 0 0 0 0 0 0 0 0 0 0 45.4174895976 45.3037264306 46.2406094292 46.1109297162 45.4966638097 45.7893630794 45.5159195696 45.2405913988 46.0952173037 45.7316633844 45.951751633 45.850486464 46.2894499821 45.6662700968 45.340728825 45.569929494 46.0024589997 45.492876039 46.36158409 45.2840629621 46.2887589691 46.3856441574 45.5790934358 45.2201854249 45.1025162743 45.2783334241 46.3772928948 63.3338586412 46.0348206055 45.5407975904 46.2654006426 82.9901337243 82.9901337243 82.9901337243
0 0 0 0 0 0 0 0 0 0 0 0 0 0 0 0 0 0 0 0 0 0 0 0 0 45.1977452935 46.2516067852 45.2544388258 45.7168393836 45.5902767426 45.7824418263 46.137312053 45.8461041473 45.048672047 45.3781531759 45.0871289345 46.3208241269 46.3882299545 45.2898151711 45.0897873588 45.693593389 45.9504145411 45.2134647074 45.9070197974 45.9307813128 45.9750586468 46.2803974342 45.595531895 57.5219704542 46.2132344318 57.5219704542 45.9974136053 45.3191122561 45.0654693613 66.3383321825 82.9901337243 57.0640914712
0 0 0 0 0 0 0 0 0 0 0 0 0 0 0 0 0 0 0 0 0 0 0 0 0 0 45.7142600373 45.7583003234 46.1672336743 46.1185331256 45.9212249993 45.6156686945 45.3674821498 45.0563157086 45.7598389212 46.0038655132 45.872179863 45.6117525381 46.2746062774 46.1849004479 46.1769939817 46.0967243251 46.1937172942 46.049073023 45.2756138347 45.8943402821 45.9955255012 46.3699725848 46.2708172214 46.0091778292 46.1286420453 45.415973207 45.0124022768 45.654521852 54.7204820851 57.0640914712 45.2000667218
