Spatial_Output/DEC/DEC_0547.asc
NCOLS 155
NROWS 192
XLLCORNER 196307.867259
YLLCORNER 449144.565805
CELLSIZE 33.573938
NODATA_VALUE NaN
[rows 78 to 103 of 192, columns 57 to 113 of 155]
27.5184251778 28.1801721824 28.2018261286 26.8281875818 28.2130478207 26.7418585016 27.4267303298 26.5892161205 26.7988374138 27.5388249608 28.6103450443 27.9414852066 28.0427891534 26.6593592806 27.594444207 27.9341056839 47.6999278467 47.6999278467 47.6999278467 27.2535631038 27.2040600827 27.2047353285 27.323842554 26.8483317638 27.6183832472 27.9143111929 28.3545334573 26.5356686301 28.2138551537 27.1714808734 26.6181971073 27.996308077 27.899364005 28.053108007 26.979115022 27.812148615 27.0428535289 27.44514383 27.5480097871 28.3207540012 26.9570368397 27.871356737 27.2333840267 28.4329560602 27.4733145247 27.275936253 28.5358216962 26.8266253713 26.8538700971 27.1127174562 27.8303397065 28.3530947435 26.9672023721 26.6347343161 27.0571785746 27.0325513326 28.0155417553
26.9202597777 28.3611723354 28.4424062747 27.9093612936 28.1182546446 27.0440927691 28.3271436306 27.894168367 28.5779649838 26.7092216259 26.5979995312 27.9272204889 28.0243525898 27.612598939 26.8406187914 26.8425924527 47.6999278467 47.6999278467 19.8692090089 28.2868997546 26.8704462749 28.0770103384 28.3851156289 26.8936116522 26.6081732644 27.551812828 26.6446385659 26.7962628113 27.3970242558 28.3838367725 27.7184665079 28.6211993388 27.3495220092 26.7875591757 28.2965952166 27.085990133 27.8681976407 27.4620977609 27.0635437574 28.5620471654 27.3521582303 27.2760477637 27.2702112004 26.6568144558 27.5915117659 26.5987673482 27.4724908195 27.4362092705 26.6176209741 26.829908483 26.8167524377 27.4384537992 27.7057326842 26.5278189621 27.4006750034 28.1610362176 27.7328077272
27.1387408065 28.0834023384 26.6404428732 27.959754318 27.4703678447 28.1007841282 26.7701874415 27.6044713113 28.044929435 27.2304007059 26.9254937988 27.8800351513 27.1683557795 27.0632979867 28.4507589184 26.6412216375 19.8692090089 27.7744566188 19.8692090089 26.5129173752 27.7952941183 27.6816209467 27.7078773245 28.4716414748 27.9932809717 28.3887255743 28.097569959 27.0126563698 27.3178110492 26.6240480169 26.7631097015 28.0787235959 28.4044635471 27.405724103 28.5771413761 27.0171136838 26.9495074877 26.6958689514 26.6581472517 26.7144856002 27.3561036877 26.9530788603 27.0243618477 27.6163175768 27.7801607688 28.150863647 27.7163187027 27.6501483813 28.2840118144 27.7664450006 27.3402117932 28.4158006693 26.8350004033 27.7272308241 28.4547392661 27.8782183653 26.7916090925
27.1562992766 26.8020456141 27.7609044417 28.4295263317 27.1053932191 27.4869321622 27.6307336328 28.3480351089 26.8129514964 28.2753626331 27.5423438955 26.5816713183 27.3857669639 28.5058453828 26.9221244032 28.1458753509 27.7235872506 27.3261012356 26.6058254468 26.6123764051 27.2340748553 28.5764847162 28.4678485319 26.5953921377 26.5468800888 28.2568293091 26.5104225184 27.1719532597 26.8055972448 28.121808711 26.7231412482 27.980921494 27.1552664366 27.1970289461 28.2716677467 26.9836331927 28.4966384767 27.9173287174 26.8626835369 28.4360707459 27.7196595784 26.9621022362 27.9866127532 28.5781194316 27.2393232588 27.4457643863 26.6048523443 26.5055942204 28.3521761231 26.8353921616 26.5595304269 27.6190969869 26.5359364811 27.4057023741 28.5945825917 27.0925077571 27.3632825132
27.2468631838 28.2857435435 28.4431384413 27.9066483599 28.196691872 27.1057451449 28.0092170729 26.8241119555 27.1828709964 27.943232843 27.5683964838 26.9851382759 27.0533226267 27.9998090456 27.6606121958 27.9733261181 26.7670464434 27.6782831328 27.2001872101 28.5645244756 26.5546714744 28.255697813 27.4101409485 27.985338027 28.0273061674 27.9480371804 26.5280251533 27.9622084209 26.5369117386 26.7958933765 28.5095795913 27.5799833737 28.5273812142 27.1355938143 28.4841938282 27.0879648705 27.7441650657 26.7203811394 28.2990739166 27.1582204054 27.3743822574 27.653072808 27.5463120819 26.9366429245 27.578215434 28.1676060656 28.1720812816 26.6087269932 28.0127706171 27.5467295705 28.2049373444 28.2421075854 28.5630947761 27.7049360116 28.5945338144 27.6872240222 28.6079845092
28.1084984557 27.1160308745 26.9032159337 26.9919816076 27.9865948983 27.7106769359 27.8908740546 27.1739245994 28.3734306293 28.1766926857 28.1988674914 28.3754312039 26.8968818601 27.275185656 28.4766773019 26.8552595534 27.7353359495 28.119735664 28.480439883 26.8357916162 28.5347506374 27.4918512522 27.3086189924 26.9205244591 27.6292851058 27.1065028534 27.372461129 27.6912267945 26.6623121205 27.7484052114 27.6496009278 27.4196542974 26.6611626688 27.9806698164 26.760607588 27.1992401068 27.0772801262 26.5703689214 28.4508570796 27.9862992736 27.7593711393 27.0414895385 27.077850653 27.8172582497 27.4309443021 28.4000173941 27.0280565158 26.7068102511 28.0793831673 28.2791731924 27.1528185499 27.2375729461 28.5119714082 27.1507006159 27.4083734939 27.2429094744 28.2156431522
27.0895558812 27.8211338758 27.171307707 26.72626489 28.4635617881 28.5392247418 26.7203425294 28.1498181242 27.6023612612 27.9628995707 27.7313440261 26.7225564844 26.9166359715 26.8144865109 26.9871852307 26.528934864 27.0719933808 28.2079042731 28.0325472252 27.0175776995 27.9336694324 26.6491185696 28.4152809814 27.9707380277 26.601860143 28.3743167507 26.748954829 28.1226227006 27.8332477415 27.0584093889 27.0132019028 26.7984791756 26.6317022124 26.5632710402 27.1210614381 27.8719789666 28.4279707059 27.2294893607 27.3766426067 28.5878487294 28.06176696 28.4688752049 27.3273660048 28.0103982588 27.4528542056 26.7415319071 27.3008451015 27.8086574261 27.6111629326 26.6804072941 27.0961824411 27.042339273 28.376828832 28.3481052247 27.3521974783 28.3753457248 28.0997182127
28.4364404318 26.9010444752 28.4743889463 27.397575968 27.8857811918 27.3170741396 27.2393074047 28.5755835621 28.6211373142 27.4489112365 27.6974107899 28.1114805248 26.5392994615 28.2622160689 27.1467258288 28.2277657746 28.1504595743 27.23722066 28.3314466168 26.6844976622 26.8800450752 26.9241687667 26.8697931595 27.6795996091 28.582639142 27.2169662366 26.8481212583 27.2404303235 28.4084919194 28.4707407339 28.5021886573 28.0441620868 28.1764490855 27.3435969337 26.6641514487 27.0873466346 26.9173923337 27.8083136823 28.4576243139 26.9494036552 27.6186355657 27.1500903827 27.8815394786 28.362157691 27.3211891483 28.101654521 28.124771117 26.8780305016 28.2581422894 27.5908328929 27.7352776308 28.3205673351 27.5377357615 28.3633898169 26.8090790575 28.0233786672 26.9018430955
26.6019992613 26.8952096928 27.5950133017 28.3644986738 28.5325776192 27.4430193026 27.8381629545 27.920334798 27.5597537014 26.8033269252 27.2638872222 26.7548028195 27.3421011754 27.7725411896 26.7663203068 27.479384945 26.9747406625 28.5090878063 26.5361230439 28.4070733829 27.5912711633 27.3308262886 28.4837356196 26.9403251035 27.6279419728 26.7625111921 28.6051533255 28.1008384265 27.5025892882 28.5809290264 28.2993213401 28.1972796451 26.7046145765 28.5373286442 26.6965076242 28.0064588778 26.6529989702 27.9425154115 26.9385371457 28.2002715237 26.8682118886 27.631105258 26.7845598977 28.3220575651 28.094310981 28.0100977865 27.7905900189 28.5545139664 27.3349249549 27.9159853522 26.7472060061 26.6234954836 28.5997908274 27.4041775683 27.6104581267 28.0332982762 27.3928254651
27.8732676065 26.8353421771 27.9263391495 27.4917011821 27.6564306421 26.5636835244 26.5025442271 28.0623128276 27.4732813192 27.0681219274 28.2607456801 27.266719165 27.4989792098 27.4336111056 26.9204466704 26.6709849386 27.517377411 28.4272595991 27.8903465607 27.7755203544 27.2653418568 28.2693510889 27.7565787813 28.4740466945 28.583920897 28.4441330161 26.899292421 28.0328394706 27.6532489193 27.1473971552 27.010685325 27.3754615194 27.4847281831 26.8291632116 28.0031813743 27.3017458834 26.8465685929 27.4291105618 28.3279306988 27.383863458 26.7706225914 27.8348210997 27.1740672783 27.6471195448 28.3043997946 27.4314317549 27.2380239856 28.4330385895 27.021022915 27.8026240113 26.8947366806 27.7504647943 26.9202980454 26.8569934379 28.0572397958 27.0347276884 26.5304513743
26.5732887246 26.5060049074 26.6885812176 27.117164573 28.2421742035 27.5399946814 27.3065691345 28.0327145224 27.8989585697 27.0824037599 27.0580279602 26.5579669511 27.3742236767 27.0105769191 27.9125851531 27.9795245375 28.0559566797 28.249693816 27.9375478126 27.422038414 26.6160815321 27.2061498644 27.5479869896 28.3224336177 27.2855189788 27.1289962359 26.6651593317 27.7241176137 27.0329573788 26.93586541 28.4833920387 28.3420599549 28.5971193142 28.2258893924 26.8731991968 26.8088187902 28.5592768629 27.6091784414 28.5514107077 27.8088098757 27.9760392514 28.0938762972 28.5209338039 27.3821820323 27.7346919252 26.5061890799 28.4579144552 26.7677075753 27.8431367395 27.3105642505 28.5496313106 26.8981681548 27.4497897454 28.3891266231 27.0427070702 27.1139492487 27.1005043114
26.8778887049 26.5669910873 27.7355505858 28.569968128 26.9717205608 27.9169684416 27.3131383093 28.0160943764 28.1635871771 27.392542868 27.9085391445 27.3687508804 26.796791764 28.2394112279 27.1037053763 28.1073241335 28.2932201941 28.5351978281 26.8744270731 27.8759404873 28.4552972775 27.8093189901 26.7887918383 27.636010529 27.191225952 27.2778237311 27.0686623693 27.3227699081 28.3547359512 27.167203712 27.0928727707 27.7546876264 26.9132339395 28.420845856 27.8812767139 27.636027139 28.5850515496 27.4665430306 26.6884138446 26.7229006709 26.999749141 27.5297773267 27.8155284982 27.6987657823 27.3072169091 27.688261477 27.6802237781 28.2279552845 28.206589937 27.0356856436 27.1168874905 28.3869582347 28.1987874923 28.5740114321 27.5643024717 27.5991718829 28.3365165326
27.6545249971 28.3216141717 28.0392471535 27.3651934946 27.0241623784 28.2428816846 28.1855782036 26.7172811902 28.5813668946 26.6147159176 26.9959481431 27.1721030395 28.4257747194 26.5429366143 27.5205311138 27.8751310786 26.9557660969 28.317493807 27.4352388847 28.0094341295 28.1092209402 27.3201400862 27.1186314167 27.5315149949 27.7703498264 28.544860667 27.031534401 26.8076402051 28.2826147322 28.6071914543 27.0352550453 26.5726728518 27.604289605 28.3028232227 26.6721137784 26.9404136453 27.3255572356 27.247872734 26.6432364085 27.0453341698 28.3358117767 26.5615962836 26.976395973 28.3252031612 28.3134207561 28.1950104702 26.5032620252 27.7510197895 27.7079895814 28.5208323612 27.8505215833 26.779125141 27.6412483529 26.8392741771 27.042708781 28.1032295951 28.389884878
28.5473219803 26.5503272612 28.0200145111 26.5348766475 27.8645083116 26.6012331365 27.6147351661 26.8858357682 27.7622620401 26.7501285753 26.7665899562 28.04661059 27.264546156 26.9443702691 27.1875752241 28.0116748719 28.3293389665 27.835108836 27.2561656201 28.592593099 26.8242043672 28.3043628888 27.5292605594 28.6007186262 27.0520554691 27.5291593078 26.5974930253 26.8574171828 27.863396317 26.7808810443 27.4275793987 27.2738466498 27.5831151806 27.1466683676 28.5277365998 28.2913490047 27.879944327 26.7943245215 26.5954784075 26.6501498014 28.0292735448 28.1248192797 28.3785604751 27.6398067551 27.8192902471 27.6444031986 28.406285313 28.405627757 27.5300826186 28.4668726056 26.6718110843 28.0371924891 28.1803226733 27.8988566905 27.3871921928 27.2113976863 28.2442887665
27.4693202756 27.7436464707 27.8714633453 28.2639684828 28.2460508013 28.0427849153 27.8517774998 28.1747988706 28.1541890988 27.0227306974 28.1376917424 28.5391693244 26.6363753388 28.4046722278 27.8397832292 27.9419643618 26.8570606511 27.2282375566 26.6117737878 27.0305256242 27.5723399403 27.2614020033 28.39625248 27.2200087266 27.0697547849 27.1282812849 28.1628078486 27.887246808 26.6408104698 27.3118629649 26.6757701234 26.9890580991 27.9609406415 27.969982592 26.787031072 27.7088144553 28.1772502418 28.5466399476 27.5266986651 27.7114261102 26.958134589 28.1192781423 27.9015944567 27.960176312 27.8945624271 28.534018353 27.8949705657 27.7382687051 28.0284491625 26.9697207402 27.9764150795 27.6387371763 27.2740315873 28.3510451667 28.3306413312 27.7960797612 27.5264795305
28.0185152621 27.646833822 28.2567650641 27.7834733817 26.8948546841 26.8540433828 27.4619960198 27.6706045126 27.5075240772 28.2806203802 28.185040106 26.870042571 27.1943562369 27.8257586776 28.4121773495 28.2300087358 27.1029842902 27.6705988337 27.8637655042 28.4358815952 28.1552416138 26.5084865983 28.3946804126 26.8953078327 28.1118398557 28.0184071087 28.4876211106 26.8506940534 26.6858103746 26.6071349976 26.7866732661 26.798780564 27.7892584228 27.7390649487 28.0880943062 28.0627958198 27.6543632064 28.353042212 28.4164886924 28.1347219317 28.1314119133 27.3181407695 26.5853577118 26.586689064 27.9269786692 27.9935367146 26.7564579435 27.7753447125 27.283586918 26.7729555682 27.8681514039 26.5826291925 27.7867961958 27.8690137767 26.5818506463 27.6699494442 27.3996783206
26.5882180092 26.9538871144 28.0677684414 27.6467976221 27.8330602235 26.6926226677 27.453455737 28.0529554055 26.8961062302 27.0960773548 28.3857409849 26.8146640468 28.2240676743 28.2414538825 27.6259829292 27.0197887339 28.3000279395 26.6798529485 27.0078295942 26.8703664891 28.3505643096 28.5265170189 28.3253215161 27.8118467603 27.9132375553 27.9475539985 27.9146315591 26.6818088568 28.4785388789 26.5953950338 26.8158422861 27.3443036454 27.5300046596 28.3318462478 28.233514414 28.424735472 27.7393463128 27.5272312337 27.4882820054 27.415839987 27.7495088048 28.3288155169 27.1684590798 27.8741591741 27.4830368731 28.5950931593 26.6403688988 27.8620847434 27.3682191808 27.98666627 26.7596199499 26.6941854986 27.7309257146 27.6480830495 27.9550773659 26.7294364193 28.3878940559
27.1841076446 27.9343507591 26.8531545694 27.4410855103 26.595877919 27.237611288 27.6197034166 27.2063842705 28.2637242502 27.2646211716 28.5500639037 27.91835634 28.3356406714 27.2263247046 26.9542891637 28.6057742979 27.9379262277 27.6360370621 28.4838034232 27.0598219898 27.8955642237 27.36199441 28.0058658303 26.763397752 27.4699640983 27.3837369367 28.2802349532 27.2391317992 27.9593470241 27.6826461597 28.5766202641 27.8084444201 26.8120847592 27.3376664191 27.5392397782 27.3253341415 28.0894808833 26.6751945051 28.0712805984 27.0735603737 28.2155225489 27.1653037116 28.4081074966 28.578598911 26.9553212473 27.2561734898 27.1231684648 26.804821691 26.5237574988 26.9231814078 28.1842112302 26.6896518542 28.2729112488 28.2119333083 28.284505715 27.4132116748 28.2467690446
27.0931904884 26.7332286384 27.6264479193 28.233311826 27.0773048984 26.8128461846 28.252147742 26.7447850296 26.791445939 28.0528431208 27.1084546529 27.0608219512 28.4943147444 28.4522225313 27.2068461818 26.6994467458 26.8846620351 27.0283287581 28.0678279278 27.0103290211 28.5245503114 27.6771795847 27.9710450958 28.3702036814 28.1798770546 27.9772914454 27.1761734374 27.9213760863 26.8583965284 27.1322833343 26.7587657792 26.5106485399 26.6496372619 27.9415635161 28.3960650136 26.9483088317 28.3301863365 26.8958767095 28.2037734178 28.4071911108 27.7923711767 27.9436405705 27.544384521 27.0371470593 27.2675631327 26.8246507018 27.2921164743 26.8560983583 27.517819116 28.4461012655 27.4720335247 26.6359123922 27.6644079304 27.2043791696 26.8190930099 28.023502937 28.3045442195
27.0471814171 28.1568138623 26.5135808315 27.3443948605 26.663752185 27.3447954462 26.9626216077 28.2983131748 27.9373115235 26.6829388545 27.4797055578 27.8396818157 26.6244754549 27.8643334719 27.6166772754 26.5296640035 26.5023979755 27.3124549599 27.5119961316 27.3597634027 27.2395224443 27.3011440245 27.1605289422 27.5712145043 26.7419288817 26.6318660865 28.4546666502 27.0681826225 27.3502290554 28.3614913883 27.3785328531 26.8943685984 27.5764832333 26.8978648596 27.9892492887 26.5636639626 27.9546748096 27.5550998249 28.5948150429 27.0292779412 28.5904130093 27.6569823359 26.5904296531 27.7385292623 27.2730023818 26.765706375 26.6470636081 27.7655087406 27.2973991875 27.138451368 27.5947545184 27.6840009848 28.0302452008 28.534421284 28.4100802054 27.4091554161 27.7366896878
27.0052652942 27.164125927 28.2598359495 26.5741258165 28.1855374318 26.8063612455 27.3121074212 27.7437800197 27.5882407529 26.6794109282 26.7233352478 27.3418842493 27.3104736434 26.754859814 28.3238596875 28.2712958633 26.9100712897 26.8461916214 27.2246553488 28.4250287543 26.6957229291 27.6274190213 27.8922962845 26.9418092403 26.9998960679 27.0539570914 27.0238809211 28.119025664 28.4426156603 27.93923825 27.3500352628 27.7527122202 27.7606165648 26.7171588459 27.6695507721 26.9482386288 28.1572174356 28.4363489706 27.6091105738 28.1270485856 27.1361579959 28.0778876888 28.1212863316 28.2542995533 28.2553380263 28.4300673407 26.5329198339 27.6637479152 28.1909432877 26.703646521 27.0001903644 28.548219138 26.7950957102 26.5106057928 27.9557293535 28.5896563983 26.8122390453
27.0059168227 28.4216348815 27.8217027303 27.1058275074 26.6425093244 27.6087924751 27.202057772 28.36460995 28.2007560102 28.1737099009 28.5277181461 27.5077649275 27.6052168867 26.5438421004 27.8499672039 26.8269668837 27.2144145581 27.2800831411 26.9465160797 28.1028927818 27.3258189717 28.0513938045 28.0702476019 26.6383294228 27.6654875023 27.2729143122 27.9034085662 28.3680442109 27.4678951825 27.3657458857 26.7586103556 28.4620331528 26.7691462683 27.0846623693 27.7661335739 26.5497761236 28.0916367311 27.8960494124 26.5617214833 27.05544158 28.1004533226 26.9270735188 27.629013046 27.5601314906 28.3253207586 28.4616764893 27.6635100704 28.5010301997 28.1450017943 27.4373389084 26.9242741268 27.6654284993 27.4929757177 27.4196978615 27.3154231095 27.6813645074 27.0513284057
26.6555674981 27.1824950341 26.6166860518 28.5455956204 28.4311600381 27.3375456299 28.2647126112 27.2391555423 26.8146723394 28.2351354122 27.5264365664 26.5350375871 28.5984019856 26.8962531527 28.1716946674 27.1588063061 27.1326492612 26.7874288307 28.3398974199 27.0669644806 27.2577523687 28.520687039 26.7651363447 27.6603294608 27.9418683304 27.5864633662 26.9989180283 26.8153355923 27.4263364059 26.7266569517 26.9832822961 28.1114375283 27.5749400121 28.3935217215 27.5814505483 26.5843186756 27.4343935097 28.5555892943 27.0743512376 27.5835399938 28.5914135212 27.7273653659 28.4815468737 26.5984601764 26.7075389167 27.6748087446 27.2526476225 26.8522882378 27.1229466404 28.5513012843 28.3538881261 28.5752962247 28.176891985 27.0324576263 28.022598209 27.904636818 28.442245095
27.8312769822 28.5162714796 28.3374845823 27.4225857908 26.787635587 26.5237679081 28.0182745848 26.7312723581 26.696506433 28.0618217181 27.2090729617 28.1275508221 27.0345878753 28.5986563337 27.6900723052 26.6253241511 28.580456784 27.9969816414 28.0614519071 27.7992994524 28.5677690623 27.9474859532 26.5951268047 27.9163079264 27.4349400542 27.2081988737 28.4831148581 27.0059062423 28.0637749996 27.8779211609 26.8643935422 26.6208485098 28.3550159106 26.7714533991 27.1404287356 27.6179355454 26.761104582 27.7247905599 28.0322315374 27.5712416053 27.9126989563 26.5549619288 28.2939843546 27.6366804449 27.0011820373 26.6991388092 27.6954279083 27.7490278939 27.9224480585 28.4423341831 28.0061826103 27.0498080034 27.2559689801 27.9235060346 28.1493753926 27.5063791334 26.8156609767
28.6142366525 27.984459754 28.2240521457 27.3890232909 27.9448465112 26.8250323597 27.6939101921 27.6338419058 26.8380798088 27.8796863818 28.145738751 28.2553128545 27.6225114447 27.9002335558 27.1875286588 28.3420999549 26.9511899617 28.0913267735 27.4877938504 26.9553054048 27.2679377051 28.217698681 27.9464477946 27.2965016015 27.9328398836 28.2049988798 28.3604703931 26.9399053964 26.9533485112 26.9598754926 28.3230920797 28.4302708298 27.1994051314 28.3109711404 28.3986122808 27.524032719 26.6900833853 26.7668291332 27.0483721495 26.7804493099 27.8175846141 27.0345193073 27.8819398423 27.518838413 27.7740481969 27.0721477966 26.6560648072 28.5830524589 28.2302066446 28.3457339015 27.6675352241 28.0243310603 27.2040589754 26.8379381971 27.1844040937 27.8708764519 28.5741105631
28.1810192695 26.6502864985 27.5824932642 28.0280358574 26.7520375131 27.0492087971 26.5881262619 27.6256650028 28.1236000392 28.6019549895 27.7278241743 26.8622516618 27.6601846627 27.6948562209 27.1752173171 28.1005207072 26.9261965956 28.1692259106 27.9938276129 28.4143556584 26.944927742 28.1113952022 28.2027237949 27.0100372247 27.0229048937 26.8565535718 28.1785566867 28.3160305925 27.2933689515 27.729307571 27.2025549243 26.9779238602 27.519764952 27.3844258246 27.9103903762 27.8947388325 28.1096193075 26.7649595155 27.6957757723 28.1869586846 26.5327657619 27.7559124245 28.1375496954 26.9147529374 27.3823493528 27.3540542952 28.2957945586 28.3115533029 28.2846886278 27.3630147225 28.0023985569 27.2618727632 28.1902403703 28.0563755164 27.3927421071 26.6167999573 27.3290558326
