Spatial_Output/DEC/DEC_1088.asc
NCOLS 155
NROWS 192
XLLCORNER 196307.867259
YLLCORNER 449144.565805
CELLSIZE 33.573938
NODATA_VALUE NaN
[rows 104 to 129 of 192, columns 57 to 113 of 155]
31.1595997495 30.6134447562 28.7234723664 30.1591357352 28.9889014286 31.3637609174 28.6484041646 30.5505808279 28.7601552999 31.2647364548 30.7845030939 29.1296185518 30.9108255862 31.7696175929 31.5276423611 29.2664204545 29.7779063299 29.3550880377 31.3844380766 28.8542922533 31.3305124882 30.34995675 30.8558197068 30.7748141824 32.0181583886 29.1315039194 28.5618356727 29.2345361074 31.1844289282 30.9034946165 30.6456769608 31.7375886191 31.444135203 31.0902986448 31.5246875351 29.2580770229 30.5456874777 31.9691376285 28.7186491346 30.9457197807 29.5426760553 29.5682581038 29.7552178336 31.239205191 31.4127301738 29.2013708831 30.136435497 30.8660390456 30.3418573033 29.2538525054 31.3042947559 29.7696478699 29.7217271233 28.8277997266 29.1059324429 29.7684107666 30.8401107641
30.5188840808 31.7069372455 29.3747765394 29.2841880202 30.4257221477 30.1863968786 30.1714475783 31.3516013057 30.2093192469 29.0066633164 30.3322416368 30.2294539395 29.5840874988 31.6649926519 31.8054209435 31.7929917816 29.7543781256 32.0062203027 29.0513260847 28.5284416737 29.8454855184 30.590574134 30.3502408805 30.0242056841 29.078108334 31.8672945032 30.8383010349 30.4116673206 30.0223224464 31.321282187 31.8958543717 31.7747371465 29.0520343057 30.1551835138 29.3842446072 31.2300013694 28.87489396 28.9634033 30.9407600181 28.5164606335 30.1346137581 30.3610236253 29.690597265 31.6301676224 31.8858579105 29.7224330899 29.1925280185 31.0827600973 29.255331032 30.2802765525 28.6566442273 29.4904917249 28.8754878347 29.094524389 28.7549399103 31.5165591057 31.2700228762
28.7439344574 29.0806307589 30.2499072927 31.5169441331 31.4406559922 30.832170836 30.2176091963 28.6764774729 29.0050066853 31.1945246836 30.209609531 28.9046646678 31.0873906349 30.3365116253 30.0613524129 31.5285166456 30.6563616171 29.6165153065 31.367949756 28.7729198894 30.7874548981 30.6556070627 29.5219699676 30.1407972097 28.9337766254 31.6036149213 29.759475743 29.9213294511 29.3425162753 29.1966740689 30.1547808636 29.8233774786 29.0280496828 30.9604335326 31.4808506914 30.0920695393 30.3533040464 29.7640274307 29.9262184764 29.3205755616 30.559228465 31.9695738868 30.7648842796 29.0533974482 30.6114800576 29.5574744942 29.3718313407 31.2853122597 29.9375856509 28.7031913214 30.9592072097 31.8640070623 32.021517401 29.8900232532 30.9322809199 31.0448444208 31.8979597604
30.8557096223 29.3106058849 30.7061405597 30.5106673975 31.9673316786 30.3050303083 31.4471856486 28.8506320176 30.5367966564 30.1931353734 29.4046306256 31.1237829928 28.5996131484 29.6621142347 29.3496275344 31.4747976582 31.6431086727 31.2245306235 29.2497483939 30.7968100518 28.8240790415 29.0235220696 29.8551996412 29.1313947443 30.9044411078 29.983551456 29.9915877433 28.5706191617 28.6192396326 28.8278489188 31.8244903228 31.8103789683 29.3856657402 31.3999998429 31.6770994955 32.0022200396 29.8719086322 29.723299316 31.2151936572 31.8422280971 28.8628786995 28.7528923197 31.8943895065 31.9124851683 30.8858840316 28.9407183031 29.3637189197 29.2457353204 28.9159995284 30.7478149593 30.9413070421 31.8189599209 29.7472262457 30.927761027 31.8298113863 30.021168928 30.8844399587
29.2400752619 29.7776833745 31.7440881175 29.8186282904 31.7836544735 28.9411425023 30.2183158959 31.6052965785 29.7384735501 30.9914320333 31.7584022698 31.3437271229 31.7956254728 30.4942121768 30.7576951682 32.0178555994 30.8909785071 29.9837195906 29.3284920625 28.9624038772 31.4445989633 30.888846887 30.380705654 30.7689451704 29.9088500868 31.3144198694 28.5020505121 31.0998439392 28.6819515083 31.1699082977 29.7527799268 30.4297778418 28.8362926223 29.0726902764 29.1022549152 31.5716560965 30.3131183232 28.560359899 29.4027758954 31.6722280123 30.6800683132 30.554826687 30.5318179433 31.3932550404 30.0190540708 30.3168250481 29.0672305479 31.7120297386 28.8585461701 29.0172090851 29.1870999713 28.6026706857 28.6518761437 31.0137669577 31.2514382133 29.3314148404 28.6299576195
30.2395044082 30.1974765801 31.2820634617 30.0824303228 29.3565812481 30.356841258 28.9454431071 30.9042543598 28.6841471666 30.5671443586 30.3101331222 29.549387018 31.5137598245 30.5976262611 29.8580495163 30.7332649217 31.0317388367 30.7801764303 31.9316089921 28.5408149313 28.7123714964 31.4682474769 30.0916346828 31.05063177 30.9093996547 28.6843383452 31.9647698635 30.4824719196 31.9450563834 29.725630203 31.2200347342 30.2343349675 29.110087645 30.6470179894 30.5101611924 29.0293863676 29.7451948187 31.853023131 30.3688769743 29.4310083731 31.5910395487 31.1468942589 29.7451673194 28.9312405788 30.4736385659 29.1694530155 31.0442700923 30.8556167731 31.0528679736 30.4349827834 30.5703107868 31.2199306698 30.2397254134 28.7753556434 30.2849309747 31.0890787818 30.4426156185
30.1353611817 28.9668327142 29.9886976973 31.439323221 30.7899659047 30.6509645024 29.6157329594 30.056873419 30.940866556 31.2924023328 31.7043660568 31.7719198398 29.6142768029 31.1631661971 30.2814138768 28.6760325418 29.2807580966 31.3864502467 29.536678934 31.6372912232 31.6982521003 31.4758102111 31.4562360577 30.8202450508 29.7668403935 30.8395720308 31.049133608 30.5494804494 30.8176610186 28.9507426918 30.722361003 30.5236350748 31.3001973966 31.2565077155 29.2897712769 31.9631907972 30.9508871054 30.5244991687 29.8605809201 31.2971432628 30.0856906924 29.4191593754 30.9573796145 29.0230757161 29.6816018905 30.3953200973 29.0256811502 30.1304760661 30.3293987613 29.4036669967 30.8942597027 31.3094996188 29.1969371835 30.6130008226 29.3165696566 32.0177692439 29.400525644
28.8687358537 31.1319501486 31.7150693073 30.849455534 30.3003689958 28.6254797188 30.9972949139 31.3292587811 30.1515840606 28.5290948687 31.1264107846 28.6499792273 29.7584932234 31.017068101 30.6087793957 30.5717661639 30.2025657599 29.6274631109 28.5511252097 29.7269361196 31.7131239713 29.8918793076 28.8162575263 31.5866094857 29.0995508454 29.0497953986 31.7785700354 31.4029886086 30.9911523865 29.2880533152 30.5740950731 31.9440056712 29.6040194476 31.1309147665 30.3123432174 29.0634766134 29.2471669276 28.6816602777 29.8892966338 30.3289493666 30.8730474547 29.8958961026 28.6591504274 30.1834063161 31.3107811458 31.9692437169 30.7824353183 31.7133098188 31.5199030016 31.4481488328 29.2879015647 30.4931222324 29.0563587735 31.6170947876 30.1438285632 31.8162591718 29.8888597938
29.8255188006 30.0271607337 29.8211421997 28.9742197936 29.1833781729 30.6197539683 30.1881225914 30.3217818075 31.7605088995 29.1756968552 29.6173635465 29.5445323615 31.2341513339 30.1543728613 28.8389127619 30.4533771655 29.186265718 31.1583458861 31.9653751535 30.0256848186 29.6616932537 29.730693726 30.9436250085 31.1002833549 31.74029435 29.458679772 29.3460555709 30.5174349549 28.5685323694 29.9112229167 28.8657968348 31.2628606026 30.3041133995 31.1427048896 30.1483439248 30.3668126593 30.9655870157 29.2040746931 29.1404976347 29.1071674767 29.5932580908 30.5863674495 29.0198855267 30.7090973641 30.9418191362 31.5986322208 30.0348422385 28.9658386567 30.9868798506 31.498547397 28.7822553093 31.779498522 31.376877812 31.8883434369 30.3562410606 30.3271606975 30.0338006236
31.8480775186 29.5964058476 29.4368047703 30.5368183163 29.7336948542 28.5288540223 30.9288162142 30.7652143674 30.9911529247 29.1768670914 31.7275776513 30.4833901327 29.493093675 31.7004196289 30.5864849569 30.8305948153 30.0775426404 29.0188772876 31.4120138416 28.518168037 28.6225172713 29.8986654229 29.3010089873 30.5938663109 28.6511045329 29.1253002004 30.2258038033 30.0005446986 31.7576201897 31.6846162337 29.0984168499 31.0313991522 29.0173883623 30.3438388405 31.6836217074 31.1569807811 30.1628327541 28.9946489923 29.1162385889 28.8646242172 31.7251233854 28.5017585541 30.3695770718 31.5151688409 30.7336767872 30.1986242247 31.8433351277 29.2543843629 29.7687436966 31.3726495401 30.7721193445 31.7596488179 30.9830080568 30.7419788148 29.8726623543 30.3312581712 31.6100037394
31.1043100148 28.6913904596 28.6636169079 29.4831125676 32.0239600044 29.4116093544 31.0358333469 30.8640492763 31.2623129033 31.3844098437 28.5778129263 31.4437114295 29.9649035488 31.3162211736 28.535641791 29.7160672448 29.9099934521 30.9662869438 29.9188112785 31.7266719735 31.8486155154 28.9533716157 29.0929069928 30.9097079315 30.2439809031 29.3697732524 29.1389872604 31.3156957543 30.7749751413 30.4372187446 30.3640169324 31.3063839892 31.8186192347 31.5113492459 30.6024700385 31.2475094392 29.5821831814 29.6659375062 28.7113123532 29.8772419125 29.7708011254 31.7562209255 30.1757677416 28.7214044827 29.7171892238 31.1546846688 30.8486630427 31.3520588183 30.7385736326 30.4857306941 30.830680742 29.1419011027 29.5735170787 31.2282246597 31.4008843651 31.5758598424 28.8341989942
31.1927975374 30.9703751523 28.5751774233 31.2848932295 29.9718782385 31.6129697603 31.4561080654 31.2119566732 31.9160654058 30.9259489238 31.445828665 30.5015639536 30.5556394583 31.0744481286 29.9577142427 31.1055162901 31.0650690958 30.1256647755 30.8842318649 31.6767207173 29.6422290509 28.7085526756 29.9128236373 31.9419283238 31.1848688917 30.6735919636 30.3899519334 29.4310337835 28.9775189037 30.9775218868 30.5176332419 28.9374058045 28.7352810785 29.6635233345 30.928644496 30.9530991979 31.7545982626 31.0148139203 29.3595558966 30.1880376781 29.476361542 31.6239943756 31.8588497444 30.8022889535 30.2345145233 29.5293001232 31.9865073641 31.4962811994 31.2178012664 28.6140215289 30.0554882436 29.2980618055 28.8102900905 31.6397058754 30.3880219455 31.0709879785 31.6526355078
31.5643570512 30.3133084235 28.8710931653 32.0320197066 31.9360489737 31.9072400826 30.5717968119 31.5360556545 29.0151741452 29.5785607375 28.7574934641 29.3217777604 30.4035168639 31.7202876856 31.0363952662 31.4149428217 31.2828377267 30.8928413924 29.4403887993 30.2385610837 28.7035502576 29.3841939328 30.7529813512 28.6132587903 30.8625502416 31.542874232 31.7045686184 30.1512177748 28.6811256259 30.1652730319 31.5461726069 30.5841196575 29.4563113334 28.7940814864 29.8656896214 28.6613345296 31.1468226991 31.8844082448 29.2179301291 29.8386436892 28.722150677 31.1517509432 29.1309016619 29.3837682057 28.5084864868 31.7639063212 30.3431566224 29.0871397917 30.8073600297 29.6368814459 29.4601579954 29.4505914147 31.1962347063 31.5640082728 29.7232535129 30.988310613 28.6964204728
31.6202653338 29.9246003767 30.1541608173 30.4546017619 29.9347599178 31.8281544076 30.5165041694 31.2391855905 30.3264205977 28.6414238966 29.6887025357 31.0645036206 29.855534649 31.7471836479 30.7110619505 30.7017191593 30.0205407209 29.8050629962 30.7436901467 31.2616616568 31.1714576548 29.2281772927 28.5475783595 31.3510606698 31.3843237491 28.7388077736 31.2433673209 29.7205257566 30.2655502232 29.4149570558 29.3562265883 29.6432573836 29.0161391554 31.311222548 29.8558478984 29.5907192201 28.9150620181 31.4967649819 30.132752683 31.9910499316 30.2739121945 29.9710794367 31.1331740103 30.6812470988 29.5374101971 29.3025510041 31.7216102377 30.691914031 28.7364308929 30.0611984566 31.9273128045 31.7024127281 30.3849790529 31.862097194 29.9036657102 30.4705099347 30.8254788604
28.9343554242 29.4953209247 31.1989518505 29.936802495 29.4018856987 30.9987581679 30.277833206 31.1056692591 30.2147059678 29.0712413044 28.5910615044 29.5393057524 31.8795340496 32.0025457116 29.5068364923 29.8462207898 31.6246196212 30.906020272 30.6342532915 30.1705471518 30.5192293762 31.6917978174 31.1581419875 30.4777215384 31.4618917212 30.3051933056 30.7493948589 29.8546101683 31.8125616468 31.6353357189 30.4142727534 30.89410547 30.7870286719 31.395645137 30.2987314034 30.6676331227 29.108920898 30.4344686003 31.0395691673 30.7696313815 30.8085390751 30.2259078474 29.6992851828 31.9292813449 31.1816052225 31.4939159475 32.0119230443 29.5860770186 29.3718247233 31.4033360074 30.0816812287 30.4495510719 28.6754079892 30.3331476718 30.8498107735 31.0176593636 28.7712320268
28.8577685155 30.2505976586 29.0910655691 28.866305 29.7320774207 30.0525839158 30.1834936271 30.5558273252 32.0330988774 30.688777075 31.4442290907 31.865122232 31.1534407448 29.5118203089 31.124296901 29.2931975256 32.0083049442 29.184693006 31.148419755 29.7207513156 29.1544727048 31.4281422362 31.1285915604 29.8616129244 31.7716569886 28.5933592628 30.5278427562 31.2674731097 31.0797909152 29.4858223658 28.760355098 31.0214259891 30.3062219136 29.6825443301 28.8378103034 31.5008823401 31.3383470357 31.1929975231 30.6744241303 31.5994984549 31.6072460655 31.5988583001 30.2643487771 28.6832645828 30.8200955888 29.8087186964 31.4861556136 29.8421442443 30.5084163239 31.3865622424 30.9472615635 31.6406862159 31.9885484886 30.4477350964 29.1262480843 30.0824746257 30.5837327585
29.9783087892 31.2538992791 29.8301546585 30.0535765763 29.7016825835 31.0537866731 30.9834121502 31.4976667356 30.0195115841 29.3089653527 30.1808908504 30.0941020922 28.9177831463 29.0105476269 29.1509781127 30.1726814391 30.9526299232 29.3137830087 28.5101905301 29.9679753187 29.7312932937 29.5406894608 29.0224291225 29.763143941 28.7701085314 31.3933870368 30.1432155144 32.0235494502 29.836160398 31.3259484992 28.6406638743 29.1534082228 29.019558604 29.1101933538 29.7035497651 31.5449065562 31.7990200293 30.89113193 31.8643218146 30.726363786 31.6501079061 31.6806557038 31.1443028827 29.800163617 31.7177563439 28.5017186616 31.4133597666 30.549162252 29.3218745392 30.7185315545 31.4629214993 29.2425295302 30.5527024083 32.0200007183 28.7847594918 31.2087607805 30.5315557943
29.6245548807 29.3215367657 31.1529580625 29.9965354915 30.6323418044 29.6907751439 28.7047802576 29.9049095248 31.2029631803 28.8000097438 29.0678803425 30.5095361238 31.6550372036 30.4653943554 30.1145326963 30.9498222236 30.5292439016 30.5516759436 28.5756430816 30.343439927 29.5303817201 30.3943424751 28.6212595686 30.1095294069 28.9125041343 31.359138768 28.6421854927 31.3896146531 30.6916124589 30.7576397351 31.8607207823 31.0161192998 30.6360449967 30.3106922361 28.6018567971 29.6696348252 31.0762129735 30.6926578924 29.7862719632 31.5907790993 29.8801241768 30.1659282573 31.2423086093 31.2037951081 30.6060007147 28.6991657628 30.4268941958 30.4774625198 31.3415780995 30.7483272458 29.4160683433 30.824846374 29.8547651309 29.496770093 28.585107751 29.1948055709 29.4130569826
30.385769976 28.6675414365 30.2049745273 28.7183697091 31.5064823022 31.9027795586 30.3653838384 29.5062744198 29.8874979449 28.9077181263 29.5649131069 29.6804781067 28.8064857278 31.139656611 28.5660594991 28.7407446387 30.8004902373 31.933341402 29.9437251878 28.5709273933 31.6586201335 29.5980974544 29.6841985315 30.5999237235 28.7834744046 29.9063588939 28.6959355904 29.0590884752 30.9994069355 29.6696755126 31.4400662737 28.9486266005 31.8924132167 31.5163857949 29.4622248901 29.7021983352 29.2392098463 31.6746844795 28.998024957 30.9302026459 30.685547586 29.4840107188 29.4950348801 29.1858478868 30.173573292 29.4969817818 31.8930139467 30.7714199759 30.3011719648 30.4640613665 29.0512739032 31.6189640344 30.8651464571 29.9074967366 29.199200881 30.5464849246 31.8548506093
30.9375425972 30.3423749984 30.2252291549 29.7858164312 29.1253597545 30.8112820997 30.944823296 30.4937954144 30.3303927384 30.0339053323 30.5699505242 31.1470318616 28.7208044971 31.6533386487 30.5963921728 30.2948819243 31.244571183 29.1568214859 28.5717214145 28.5938500666 29.6214997293 31.6517628291 30.6504098668 31.3729839868 28.9577553854 29.3449239615 31.4596127352 29.6162136536 31.4975724462 28.5647813082 28.76343035 30.7051192974 31.1588292076 31.9891519304 30.1282502804 28.6304438973 30.2496282872 29.3337017558 28.7145558734 29.7013628361 28.7479964544 31.0770599755 30.8646516178 31.7885906851 29.2395315527 31.7583537804 30.58074452 31.0944762224 29.2875675391 29.9178830605 30.9228952179 30.9506475584 31.1907457992 30.8820340393 31.1644225478 31.9021721278 31.8995901456
31.3150324774 28.7593839254 31.9012726035 30.845703276 31.1674037406 31.7128606531 31.3206667102 28.9138978224 29.0663076038 31.4642037807 31.4690264837 29.8063247405 29.0482794578 29.3636871557 30.7813098265 31.5245728132 29.1305759009 31.8698803291 29.3134596278 28.9975542196 30.9909111023 31.754693004 29.3512724123 30.864993271 30.5140685733 30.3833982809 28.9211958208 29.694798494 30.7287307404 28.7867385537 31.6656448645 31.347672968 31.2681694792 28.5485513361 30.8181748928 29.3441266103 29.2823432509 29.9087431544 29.5928094965 31.4286056298 30.4136098899 29.9505892643 30.0198933807 28.736797391 29.8291319752 29.7066574779 30.3017685192 29.4917047071 31.1513295892 30.5470510839 29.6710164135 30.7765199418 31.6844980844 31.9119415236 30.5575487294 29.5203165621 28.7128871723
31.682015071 31.1329250324 28.7499864998 29.9188989508 28.9305652246 31.5931665438 30.7446794622 28.7802592944 31.4901372205 29.8859170599 29.7093627191 31.5832807474 31.7775493578 31.9337702514 29.1580555275 32.0009237935 30.1210685512 28.580301167 29.8022310692 28.5539312484 28.9524034225 31.2305737703 31.2560302495 29.391974414 30.9723642471 29.2908119693 31.1424287099 30.2808275874 29.1797056119 29.6138996023 29.5919959643 29.9052954523 30.3561755767 29.0731272217 28.8267016787 29.5608317633 29.2239372059 29.770808867 28.5624546167 30.229902782 29.5759215213 31.4322972777 29.8989283995 30.4473986473 28.8223108732 28.7818714633 30.0106523779 29.3315508154 29.9349776679 30.9281673675 29.9421774911 29.8245089611 29.8506317589 31.2586773202 31.5163016338 31.8328764365 31.4460347742
30.4519530122 31.5698196403 30.50444841 29.9551525073 28.9266699894 31.8322382445 30.7418354055 29.1957790715 31.4228226925 30.9464438034 31.8491357758 31.9188023214 28.7893469596 29.2277364947 31.339654544 31.4185891727 30.6098614898 29.1975479708 30.7585054074 28.7681910988 30.2573003132 30.4477404278 31.6256076891 30.1056180961 31.7340417085 28.6141342937 29.068059507 29.4757479149 28.5513813029 31.6839869337 30.0064788799 31.309343807 29.2696222157 28.7259861367 30.3873113672 30.3997991858 31.2311777049 30.614253354 29.6723979147 31.7420842068 30.5748204781 28.7498511417 30.1635513038 29.1435043369 29.0941425971 28.939047337 28.8175197612 28.6081711498 31.2076766078 30.8647743265 30.9767603849 30.6211710904 30.5647712073 31.4085186797 31.5564504491 30.8214791568 29.334029321
31.473663078 28.7228085492 30.6173895771 30.9364320659 29.9929500678 29.0782933506 28.5853436345 29.7073467117 31.8412570302 30.013213568 28.5874375002 30.2775073686 30.3629739392 29.572700962 29.5471624263 31.572965832 28.5298533701 29.6637954765 30.6973629109 28.5575058884 31.2914501016 29.2299502749 31.3675683091 31.8335241523 29.8695599369 29.9167623592 28.9863626209 29.4681417712 30.1587750861 31.4411601985 29.8016430519 31.3323061053 31.6118791842 32.0151171047 28.546052735 28.9362202987 29.5476942499 29.2228374181 29.3815031282 29.4672860351 30.4485782396 31.951432563 28.582458157 30.548420806 30.7939359649 28.6004264139 29.9429420947 29.3428900048 28.7811989647 31.1704674555 31.8613079911 28.6592798652 28.5264026794 29.6409983007 29.515834903 31.3820554959 30.1782046464
30.708556446 30.7201910035 31.2990652388 31.932872004 30.0172590277 30.2958978396 29.4431614899 31.5791069082 30.6957359296 30.4572792872 29.0654569051 31.4647515387 28.9825867841 29.2739885118 30.777023409 31.97638156 31.4930155971 29.2326233558 30.7524070063 29.5724561847 30.2366652336 29.4759470069 28.8185319833 29.5069506102 30.4921329936 32.0275154828 31.1744133992 29.7980923634 31.9297427605 30.8963568636 31.6710264366 31.4065455501 30.3182323564 28.804732217 31.2583495263 31.7103800738 30.3934795059 29.4309010721 30.8823840809 29.8711212226 30.230839074 29.6321429083 31.6370516299 31.2112402919 30.5310495092 31.5839359823 29.6047796885 28.8366562224 29.9882807551 31.9051953817 31.4180738066 31.7688883736 29.3058705713 31.6963085077 30.3029717436 30.5021618376 30.0812070705
30.5781511406 28.8420101254 28.5481478459 30.644387043 30.2452427804 30.5779032174 31.1972961118 28.824926992 28.7739979517 31.2459065171 31.2360879567 31.3582759754 28.6700483377 30.9745180891 30.7849711488 30.7046398849 29.277645283 29.3845677099 31.9885349353 28.6808619228 28.6012701535 29.5655888462 31.4119546646 29.05400203 30.060119716 30.4302466793 28.5315638976 28.7301449573 29.4294507343 31.8185019378 28.6022547155 31.150659266 28.6274179836 29.0490519586 30.585213175 31.4094994177 28.603163295 31.479993375 28.5367720759 29.0556364607 31.9538132318 29.1024184672 31.7755992497 31.3026102318 29.7683590284 31.3288986893 31.1275742993 31.6619336978 31.9827145817 31.4501801856 29.7618872228 29.4058795733 29.1439955487 30.1703219919 30.7815569932 29.8314412746 31.2475942967
