Spatial_Output/DEC/DEC_0682.asc
NCOLS 155
NROWS 192
XLLCORNER 196307.867259
YLLCORNER 449144.565805
CELLSIZE 33.573938
NODATA_VALUE NaN
[rows 52 to 77 of 192, columns 57 to 113 of 155]
27.0913395234 26.5135023819 28.8017934659 28.5023816421 26.6793856638 28.6659987447 25.0207384954 28.3444945645 26.8187767708 25.8356262128 25.8090038857 28.4524176183 54.3530257036 26.2583500888 27.4316389658 26.8258693378 25.8531905535 25.2681651043 25.1321728436 29.046767977 25.9088138176 26.9473378945 25.2680922852 28.8127265906 25.5869492496 27.4754047079 27.8390789832 27.6762237184 28.1551541423 27.8456229165 27.4413557017 25.532018524 26.6897860512 27.9922758737 28.8418314196 26.5427127109 27.2817745004 27.3106896797 27.6514527472 26.5375054603 26.0460633992 25.906788783 27.2924315329 25.183516397 27.6928903439 25.6931578723 27.4276689383 27.7653067857 26.3347523112 26.296341322 47.3411061725 47.3411061725 47.3411061725 41.4528337648 27.8794573544 25.198288708 26.31886081
26.8490598027 28.5772464624 25.1718615172 28.4977616739 27.5842601984 25.2604842716 25.0793661508 27.3648156484 28.8190873035 27.4600663327 26.8164099427 27.4497645256 27.5174977868 53.7404560939 53.7404560939 25.8078903192 28.1939507632 28.9977471991 26.3252986618 26.9925728214 27.4397663186 25.0057346379 27.0658862244 28.5089566797 26.9836211316 28.8723354321 28.5248732861 27.1130854008 28.9384553304 28.0011814784 27.7496883025 27.7327621945 27.8446645513 28.2918253682 29.1225729718 25.9767800191 27.7961559707 26.3441013735 28.1162797642 27.3404517733 28.4185950717 28.5894570202 25.9024572823 26.3430497898 28.5606027555 27.7762176964 28.9586322557 25.4766750713 28.9793110849 26.5111656756 27.700652432 47.3411061725 47.3411061725 26.1031988978 26.5429601922 27.159851155 25.5993228777
27.5149159894 27.8472426435 28.7132995758 26.4774225515 26.8900327471 28.1685035939 27.1137903877 26.1800361758 25.127300354 29.2411222901 28.5079189288 28.7676623107 26.2809053686 53.5161816959 25.8084703073 25.7654099461 26.4162591698 25.5291838104 25.7932256954 26.1305789261 25.1842748736 25.9009127434 28.2430531691 26.8731704246 25.6527484901 26.4570122284 28.5610814932 29.0941705954 25.3198114489 25.3451372078 28.4742408837 28.0941166264 25.9605507112 25.24652468 27.8055026695 25.8697266799 26.61685173 27.3212784682 26.9624240871 25.187101852 27.7625276189 26.4795492267 27.4789435663 25.0870211355 25.9215775045 26.7316626202 28.7701982816 25.1335297565 27.1700015487 28.4271094305 27.0370255911 26.2296811055 47.3411061725 25.4200720453 28.5114485992 25.2847183977 27.3095040339
25.0088001452 25.050272809 26.9389966463 28.9841898865 26.3530857657 28.7812474226 25.7559736237 25.0936623569 26.5025985458 28.2320806582 28.0911108503 29.0507923357 26.5859128318 53.5161816959 53.5161816959 27.0611063188 25.4218926203 25.9064829731 27.529976961 25.3216380994 27.4024272257 26.6606371627 29.0990251109 26.3460899422 28.8875479623 26.1659239551 29.0584002973 26.817967104 28.6846888229 27.8083087576 25.1568820018 29.0290026278 28.4271858246 25.3309795887 27.4907426359 25.0629754588 28.8314231463 27.4401097007 27.5992471514 28.2382570704 26.8934895911 28.0811622416 25.5275582854 27.8374786889 25.4347441076 28.7379809438 28.5583661615 25.0152080614 57.3762536664 57.3762536664 57.3762536664 26.0738008104 28.2621679747 29.2192531425 27.4426391009 26.046712253 28.3200060435
28.0369034509 29.2045925247 26.6845826969 28.4205943687 29.0214489457 25.9042125837 28.8775597302 27.4807029425 29.1232683592 28.4973775717 29.1570192852 28.1740988755 27.9308973098 53.5161816959 53.5161816959 28.1880127452 27.8702730863 27.997715647 27.7132545731 28.4254155273 26.5397919256 28.1856656401 26.2276083873 25.4296727928 26.3095143423 28.4992683044 25.0561288384 25.7386728799 26.2064807574 25.3472274009 25.5223445607 26.9178317129 27.1085023784 25.1973717909 27.5570064171 27.6978948773 26.8764008342 28.3891894532 28.8869453224 27.5684284347 27.378760018 28.6004449646 27.3086976839 25.4551620307 25.4039394538 28.2784881292 26.5465386807 28.8427712033 28.9752397014 57.3762536664 57.3762536664 27.8720764847 27.2496304472 26.8727672178 26.9579203063 26.886488283 25.3715278986
25.7296203261 27.3941826318 29.165056667 27.5821035439 26.2860387085 28.1772574637 28.105913144 28.3560901538 25.05348672 28.8022716691 26.6083338475 27.5418186315 25.1650072518 25.0794167176 26.9847141072 25.0532490054 28.8036004279 25.5799961438 28.600445464 25.8535357566 25.7606527103 27.4320644155 25.0367942583 26.2781870796 26.7518059277 28.3060371869 27.5655320362 26.864234846 28.6198097151 25.6581988818 25.2007207975 26.3739649971 25.2263434088 26.7390973237 28.4010617721 28.4956522511 26.5960735715 26.259833319 28.5487179172 27.778805469 27.8780704303 26.5434429689 28.4911218216 29.0730068062 26.8264409669 26.4342424114 26.1503365934 28.4435404575 27.1900933915 26.1883135949 28.2939786127 26.2158260068 28.0655646428 26.6002696905 25.72169362 26.6999365327 29.1743963183
27.8377008571 28.2140380715 26.0727242268 25.16687582 27.109701521 27.347214429 26.1158356939 26.8416277891 27.3075626218 25.5160150167 28.0315148139 28.6816446964 28.5642773751 27.9917010702 27.8807055547 27.6224404358 29.1424260698 29.2317974051 28.3704759907 25.7745625745 28.6455000949 27.3671977278 25.9985550201 28.9366702795 28.5766250962 27.4977614853 28.6118924861 28.7463150378 28.3983532494 26.6844383166 26.6364597401 26.2916732962 25.7607487361 28.6191495197 29.0604023122 27.0396603518 28.8211075257 27.4109886577 28.3418849417 26.1441321171 29.1090860092 29.1341766038 26.5073844859 25.0164412258 25.844920535 26.7393717242 29.1483487058 25.3394987274 25.914896458 29.1229268716 28.1607556245 27.5267829534 26.4956025331 26.991138531 26.0725193166 28.7712604261 26.7327171114
25.3429072304 27.7275001831 27.6895447238 25.9866823727 28.9567696675 27.7538648634 26.0381167111 27.3165012735 28.3710060178 28.31668893 28.6298280585 27.578486963 28.5306324149 25.6795250858 26.3928769313 26.5600274866 25.5008205489 27.85229773 26.547775438 26.598242045 26.6983773727 25.4803414842 25.1036622349 28.5579396721 27.3663990932 28.6902423804 26.8153315828 29.1528103004 28.9165340954 27.0120534765 26.6556597675 27.7620596379 27.410995274 25.5369702936 28.6251921346 28.8486399385 26.4807244647 27.0495240105 25.426481253 27.7585971021 27.5564398485 28.0767204377 27.9678795333 28.5031197258 27.5342093311 26.0132108948 26.7723113482 27.5058527695 27.5565979427 26.0288881451 25.8690494915 25.1235276441 28.8157446884 28.6801062915 26.310833187 27.2116148649 28.351814387
28.8174448391 26.1193761759 25.420658666 27.0313385234 28.371135827 26.5036891696 26.7509138703 26.777972247 25.3874341391 26.2007179869 25.4842867217 25.746313763 29.1728212876 26.9627220341 28.3680992231 27.076843787 28.4117608017 28.6430469351 27.7780961857 26.1380774283 28.3513480362 29.1532080906 25.0268131818 25.9462065357 29.0435295966 29.1607672553 25.7683145246 26.6969743938 29.0518459878 27.7122748324 25.0334626086 28.1831663165 28.677418697 25.0439438506 27.3759899731 26.3962083768 29.1262741864 28.6802121659 26.0848047427 27.3672628066 27.4289022722 26.0029445553 26.3177461539 29.0188652277 27.2049177555 27.7179265259 27.2586674425 25.0065295609 25.2026742083 26.349677712 26.8515126027 25.0744522657 26.4984868131 28.9139986935 25.887161279 25.7145044055 26.1978949853
25.7136375156 28.3217751911 25.5713583327 28.9483974129 26.1014650346 28.9205531728 28.2917644382 28.697064915 27.3867268841 27.0762448019 27.333427041 26.3084714904 27.7425827039 25.6352367289 28.5462942009 25.0742315081 27.8313592073 25.3957688897 27.557318998 26.8291489999 27.0825479669 25.5459495055 25.14354614 28.4956807856 25.8403729848 28.6781784352 28.2286298289 28.721780699 28.6384018429 26.1961936794 26.2829046772 26.2418745948 27.6502210371 26.9948799012 27.145494115 28.7354646818 26.5776914707 27.450883879 26.2125726825 25.810645574 25.0850942471 26.9095090279 26.7434409517 25.4799813034 26.216856021 28.7836781127 28.8729181055 26.1598513857 27.514882398 28.8613323955 28.1532463467 29.2323652793 25.4021667912 25.3936172572 26.1837710206 28.2902162296 26.1063614026
26.2163237032 28.8270634332 28.8495091306 26.8115633712 28.3847105704 26.6940535067 28.9953133713 28.6428011539 26.4738598968 28.5717435778 26.0292291604 29.0938071593 28.4796652605 25.2683928273 26.6411636034 26.960282714 26.9301971058 25.5858020185 26.3429022 27.7666596049 25.9009989389 26.1174946205 26.9507179684 28.1789141172 28.4444789704 27.6020103834 25.6567726163 26.5673969362 28.1459804373 28.8363199385 26.0307296122 25.0702092695 25.6628322342 25.0235792975 27.823865922 25.8153075157 27.4292167275 25.8610439244 26.2755758393 29.2279154942 26.9070634506 26.0097204707 27.1779568475 25.829258688 26.8542720438 29.0030554435 25.2864527393 27.1304610883 25.9935021892 28.9379311346 25.6850802217 26.3769166384 27.400330924 25.4639503052 28.3717150217 28.9420661998 26.2183699098
29.0480137321 25.5400498981 25.4962023112 27.1783526938 27.6072959458 29.0436885697 28.3245651369 27.4221011213 25.1331695187 28.8687873919 27.6679190252 26.2194157529 28.1354579612 26.5292707856 27.4225490834 26.851861157 26.4743235578 27.9629056745 25.310500358 25.6353397999 26.8453150095 26.8668259086 27.456584289 25.5411740379 25.2968181468 27.0435917723 27.5818902578 26.5920446473 27.5058663352 28.6869837957 25.8254936329 26.178606466 27.6815139767 25.6171176833 26.3591436361 28.1100666892 25.7718673014 25.1249326183 26.7785287032 26.0979285571 27.5546131185 25.3205635903 28.3150732408 26.2983255924 25.2439429096 27.2778447199 26.9658191058 26.1984543878 28.7320166681 26.0541008191 28.6863666218 26.5411424 27.5177242379 28.0481771168 26.386990888 25.2888815869 26.2448283799
25.2421660656 26.7790828612 26.6875939413 26.9326711502 26.1186925933 28.005002499 27.3605846698 26.5278776633 28.7777720778 27.3395034178 27.2194530921 25.1827340022 27.1491610694 27.830848007 27.513634318 25.5034466243 25.2673450323 26.225280689 27.3623054052 27.4410750933 26.4583282721 28.1530826188 25.4996174418 26.1670770325 28.7168233378 27.348821688 28.3965482497 28.9147341599 26.8493624198 26.8840154111 25.3551588871 28.745838116 28.1424977236 28.6284502692 26.3204962881 25.8381617349 26.0335296619 29.172518045 25.1355518188 28.127675459 25.0104585932 28.973998593 26.1014927666 25.5874093371 26.7590483268 26.9486510755 28.1318306806 28.4227597109 25.8367346039 25.9401471627 25.5489640347 26.2272365363 28.5671595837 26.1820331694 28.7298823406 25.8622899926 25.6255169146
27.8514308748 25.4069268771 26.8424516571 27.1570944179 26.5819169106 28.0140312248 28.6250206944 25.7648165854 27.1895513751 25.8951727051 28.2021022501 27.4811355301 27.9835281292 27.95380696 25.2609391386 25.7749489822 27.03363307 28.6596861515 27.8181961094 26.8170438487 29.1720830928 27.2273037255 27.8131209718 29.223188814 26.3935688653 28.9869858773 28.0176956175 26.5226877609 27.7742667586 25.3965462305 28.519798499 26.6487627747 26.5539389716 28.0882806354 27.1517213546 28.9850285851 28.2025166102 25.4270723338 28.0774506615 28.0316689556 26.375008832 26.6680659281 25.371582721 29.12392176 28.1384464356 26.0068608882 28.9709798329 28.0816930975 25.7270124889 27.0474284252 29.0593632908 26.8964041096 26.8531833436 25.9691132905 25.3269111322 28.8682533092 27.6182462251
25.0209226212 28.6032977881 26.682020789 26.423133273 26.2336873999 28.4169705743 25.4459916709 67.1309898629 28.9033928088 27.4067088685 52.0886366597 28.9068406335 26.6014734685 28.5619570546 26.346343333 27.8346413785 26.4956624515 26.9397933145 27.9120207114 25.0151197754 26.2755437322 25.8848581826 26.5796377769 28.5848457508 27.3957534871 25.7675863614 26.658824002 27.2294527625 25.3269071778 28.3479843544 28.6301752349 26.8847264272 27.4570968317 25.768111212 28.6486425756 26.2104670163 28.3353282101 25.2711235765 28.1898799056 28.1809764907 26.4669492476 28.2234390077 25.8869445526 27.8462119323 25.3373712304 25.4392105607 25.4313093388 27.5626067239 26.7758612075 25.3338218783 27.9204768409 27.786183475 26.0375338506 27.110204347 25.6906882233 29.0423311364 26.8571451419
25.2516048038 28.3984547333 27.7933642598 27.1915010951 28.0927781588 29.0687706373 67.1309898629 67.1309898629 67.1309898629 28.929174828 52.0886366597 25.2289868105 26.8714027531 28.3339140217 26.4741059877 25.3873622411 25.4267294549 26.1449479114 25.6402781467 25.0327227248 28.5862336302 25.1664708238 27.5741635138 25.006091275 26.1312943971 27.6925942555 29.1151354075 28.4175099658 28.1777776838 28.0609538969 28.0484646749 28.7772171957 26.6041768341 29.2035620236 26.5749369394 25.0255613189 26.7106745839 25.543745758 25.5927029263 25.393234904 26.5005464549 28.6903636101 25.2622560062 25.0825032311 29.1335858186 26.0590067561 27.7689638059 26.9576275644 26.6683749276 25.1769459661 27.2102357742 25.3013813784 25.3359502854 27.6742970879 29.1510548159 29.0074564725 25.7724982694
25.1099608824 26.469708401 26.8451138827 25.1078484885 27.3283663189 27.3047787429 25.6017818746 27.6661404479 25.065120635 26.0730482859 27.7380199346 25.8792125597 26.8670911858 27.041527961 26.5408404181 27.8009999955 28.1971885987 26.8127095149 25.3486052741 26.1470052479 27.680946366 27.7884695551 28.6928680597 27.2009050806 25.0154441442 28.3159673472 28.3851910486 25.9446822243 26.1635366166 28.2590824854 28.1699154813 27.8530327697 27.2000295436 26.3952111933 26.3772771163 26.8917944372 26.8148240661 25.0906051053 26.2559434897 27.4342229871 26.9290426457 28.2086161661 26.2124666378 28.8326813147 28.9737293432 25.5607314642 28.0559324416 25.9969915705 26.6630759694 27.5751239026 26.4211155082 26.3894832654 25.2639487322 27.0370136941 29.1677211306 26.8642676475 28.4354775295
26.2454385224 25.3011854528 26.2927737588 25.849363113 26.4092642412 28.9845110501 26.8100482314 27.1794530676 25.7926959296 26.3707135491 28.8727528792 27.6500636342 26.4178000877 27.7489373686 26.2820399954 28.2661269215 27.2243059323 25.8475293188 26.5229724801 25.4742120669 29.0327594481 28.45997026 27.9415013997 26.6173105741 29.0785002155 25.4482031564 26.0886811084 28.5947874942 28.0196804142 28.0279767028 27.9293176122 26.6193712565 26.8574067494 28.7544800395 29.1167656809 26.6725087534 25.4649064913 25.4605750169 25.2608231436 26.3262534217 26.777750703 27.9724322704 26.5937066117 27.9170824508 29.2386137115 25.990131582 26.3139386159 27.3296461899 28.341247135 26.7559630077 27.7514102836 26.7988752725 28.1959347754 28.1062998649 27.3771835008 26.0493610003 26.685882683
28.6881438748 26.267495461 25.2018981215 25.0325539967 26.9805509845 27.4134407088 26.8109854538 26.0201550238 26.4037718724 26.5489725556 25.1604344896 29.0161155915 26.6115109115 25.7439549485 52.0470238178 25.6026171926 27.8659509175 26.1597998604 27.5842667761 28.7703216447 28.7260695835 25.4040613823 25.0626459983 25.4140266349 25.4708783316 29.088183282 25.959026212 28.4955460355 28.6312082161 25.9480744254 26.5649479441 27.558016163 27.703110733 25.980367451 25.5919185384 27.4213129607 28.8639492072 25.416405754 25.8205474365 28.5899793344 25.9232000456 26.1608333978 27.0782251557 26.362454152 27.8442581134 25.4348848388 27.0903696678 29.0466335762 26.2988468433 27.1968802782 25.1286689369 27.194184471 26.8670172037 25.6479952218 26.9409158454 26.5100369067 26.0402742363
27.5257338496 28.7874285909 25.2060537952 28.5929765903 27.0426560989 25.5819915516 28.7205993125 25.6253134046 28.5158424346 28.1367069609 26.0474327013 28.9530128727 26.1374110488 28.2673851617 27.5021141115 26.737189858 27.7066886499 28.4180495973 29.2033969549 26.8218886028 29.0546035833 27.9163146404 28.7929786898 26.4226420991 28.5261029954 26.7638704273 27.5304709741 25.0487982492 25.7550790713 28.4764469762 28.1140160346 28.8117575306 25.7807565107 27.4662712224 28.9441258132 28.5439275145 28.869150288 25.9901722809 25.100207339 26.1505966099 28.5571776519 27.0997570522 28.5406097626 25.5970699325 27.0880187587 28.6382046296 25.5739331334 27.8960963959 28.0328646467 27.1003713402 28.3229726569 25.0556941711 26.183312854 27.0224412122 29.0395922788 27.1384878272 28.8245674807
27.2218841607 28.0199333206 28.9520512409 26.3186406 25.449871092 26.7504468295 27.3752751568 27.5528395957 27.9160383323 25.9317728477 28.7000552938 28.3331602707 25.0822889694 25.2464304875 27.1624945379 27.2394173135 26.5530020441 26.5800528798 26.0728265712 25.9933035663 27.3331955072 27.3419399945 28.2089660961 28.2630241273 25.9407941371 26.1812584224 26.1915445568 25.6897461239 26.3453471817 26.9904555536 27.3532880105 29.209329899 27.9036483258 27.5148801781 28.0607972531 26.6343415212 28.2142579762 28.3810684748 26.5046759413 27.8274419422 27.8427443221 25.8318582226 25.4529006488 26.2933684109 29.1716834416 52.6176606755 28.0448367594 28.4372217496 26.6640217605 27.7340196442 26.5830747187 28.6055034735 25.8321525272 25.4718230788 28.050516975 27.0111983351 28.2618641059
25.9122577582 27.5690089343 26.4772584887 26.7538154889 26.6609678795 27.5179765534 28.3373177332 28.4165492072 25.9285321811 25.546906649 29.1588401182 28.8817359867 28.3937479826 25.3583105173 27.9999806683 26.5923941338 28.7002704551 25.305135872 28.0743616505 27.3267186345 51.1788984974 26.0455080839 27.0420939882 25.2734568678 26.2783098931 51.2352958495 26.4528168354 25.695023522 28.6130990536 28.225245815 28.7678354867 25.7869974639 25.1986870628 26.4156457912 25.1011884897 26.9907286465 25.904070944 25.4221904668 26.1091828442 27.2231201857 27.6684961118 25.3648412246 26.2671198026 25.4417850689 27.8836336353 26.40561869 26.1347681171 28.607847728 28.2721506812 28.8654184185 26.9423517109 26.4115483978 25.4018744714 27.8495786177 25.2670345587 25.9271541829 25.3480610988
26.083996006 25.8648874274 27.8693092725 27.9342982822 28.9188650395 27.3602495225 28.9453568975 28.9596895884 28.8967610462 25.7998064309 27.240693782 26.5511532542 26.9476065938 27.9376361582 25.4597754642 60.9412268836 26.3812494709 60.9412268836 28.3940363648 28.195901214 51.1788984974 51.1788984974 48.6399634527 25.1793265152 26.5868862312 51.2352958495 51.2352958495 51.2352958495 26.5648311252 28.846873663 28.5701774544 27.329941074 28.3219296647 27.9695271608 28.991518797 27.7731033055 26.2337553087 29.1424400691 25.7080901115 25.886903099 26.0307206703 26.7772155549 25.5314563259 25.0185815887 25.9517788668 28.2431830358 27.3137082915 27.2063173562 29.0613535683 27.9737167997 28.3445574895 25.7758184453 26.9815080292 27.3243894162 25.8138077106 25.5128980112 25.446321007
25.7627848814 28.4155442326 27.7047733474 28.0102248872 26.9443716675 27.8890870389 27.1847326831 28.2318821891 28.8243954701 26.9172540213 28.7613130321 29.1135776102 25.1946260699 27.265920343 26.6073777878 26.0749027179 60.9412268836 26.1355979752 27.0790925291 25.6352421997 51.1788984974 48.6399634527 26.0953314709 27.1420187119 28.0797390227 29.0074920466 27.8016466268 26.1481567674 25.480992291 27.6296764431 25.3355862032 26.7420547414 25.3837732209 27.7778770926 26.0810341865 25.7454148258 26.0303195893 27.4987094064 26.3836137281 27.0061872409 27.1332813748 28.6984682144 26.6195651742 27.798374196 26.915356648 39.0257157223 28.822649725 28.9528027936 26.8201593696 25.4178195384 28.5002143841 29.1561092389 28.1016686859 28.5669878748 28.9089950424 28.5054509294 26.7414196025
25.1297873456 26.8489524326 27.8812755667 25.4872221063 27.4037757255 25.1610886782 25.0131047298 26.7314650336 28.4328015506 25.2044747973 28.9958857008 26.0890424243 25.6180545333 26.3933558176 27.4045147483 26.1096241879 27.8789435928 25.6380220718 26.2401232224 25.4016076215 26.3542173725 27.2039840307 25.1119736836 27.0953124609 25.6246652228 27.1826138643 25.7208186251 26.4746512982 27.399709162 29.166896373 25.4729032622 27.2944298721 28.7808046726 28.1894712291 26.6885492405 28.9185550185 26.2214641123 28.1819436736 27.1818678051 26.8925510894 28.7152407664 27.0094017747 25.076656843 26.0648608949 39.0257157223 39.0257157223 39.0257157223 25.764162214 27.0685902356 26.1418870141 28.8929128342 29.0786819562 27.2014289012 27.7313225524 26.4558536375 27.7662222306 28.106538674
25.0683156256 26.0909261575 27.9587654737 26.3747214022 26.5162160238 28.6169837178 27.8464696474 28.104597233 26.4314826135 25.2058705908 26.9340617973 25.8343260871 26.1880917824 25.5429187528 25.5038099173 25.9253809618 29.2189407204 28.5403584882 28.7228448377 27.4932905623 28.919804508 25.193567093 28.2191873594 28.2666039088 25.2791576734 25.629704069 27.6346677016 28.6751405354 27.85491144 28.5066436066 27.7893629391 26.3250552827 26.8384319465 27.5511611527 26.2040994131 26.9518883241 25.6872937896 26.5194646585 26.3631057763 27.4255942105 27.3617056543 27.641904743 27.6394577762 26.1794541687 28.6871059756 57.5948942161 57.5948942161 28.1174005648 25.7859805264 27.0273691898 25.6474126269 28.248406206 25.2380048842 26.7148139429 28.5564492091 28.7005018378 28.1207066435
