Spatial_Output/DEC/DEC_1055.asc
NCOLS 155
NROWS 192
XLLCORNER 196307.867259
YLLCORNER 449144.565805
CELLSIZE 33.573938
NODATA_VALUE NaN
[rows 26 to 51 of 192, columns 0 to 56 of 155]
0 0 0 0 0 0 0 0 0 0 0 0 0 0 0 0 0 0 0 0 0 23.0357418525 22.9113956012 22.5328960181 22.885894058 22.9766148685 22.5561729049 22.6611632163 22.7413564055 22.5103777809 22.9828056128 22.7367089311 22.9979900363 22.6327037737 22.6167570894 22.7235899948 22.5995846232 22.9683193239 23.1096631296 23.1653356764 22.5365972816 22.9443116649 22.5261983049 22.691010812 23.0353655523 23.054296116 22.8576499343 23.1135449279 23.0382533817 22.5049087209 22.8703688824 22.677797069 22.5715255583 22.6881434594 23.015934543 22.6510439948 22.8319508743
0 0 0 0 0 0 0 0 0 0 0 0 0 0 0 0 0 0 0 22.5301615118 22.9465725708 22.6554776405 22.7715284048 22.8334074502 22.6725931765 23.1388233294 22.7912677173 22.5605386193 22.9033218634 23.1507462885 22.5961585234 22.6870165444 23.1928138427 22.6483825356 22.6541877844 22.6017578145 22.6676154813 23.0974410472 22.7731244309 22.6312474807 23.1463269021 22.5964514047 23.0250400677 22.8729096766 22.9246994332 22.6129843312 22.5060463366 23.2008782604 22.8040379048 22.8914392983 22.5648282875 23.052144159 22.7636259848 22.9837444496 22.5229723697 22.9440299845 22.7761116041
0 0 0 0 0 0 0 0 0 0 0 0 0 0 0 0 0 0 23.0982039455 22.6355659497 23.0123788007 22.5380823589 22.8264309353 22.5480484037 23.0791485245 23.0055756583 22.7850790005 22.761835962 22.5583752028 22.9127145363 22.6798381928 22.7567176467 22.7030462819 23.15533691 22.8024660367 23.0535102831 23.1372807704 23.1531844881 23.0853881654 22.5117793045 22.8060693353 23.03630896 23.1918008678 23.0162143006 23.0285902123 23.0726373181 23.0978125162 22.6998359459 22.5316530342 23.152851048 22.8679870226 23.1990677572 22.6950592352 22.9156108302 22.7411281882 22.5552874208 22.9976902314
0 0 0 0 0 0 0 0 0 0 0 0 0 0 0 0 0 22.6943687609 23.1197930085 13.8339739253 19.1566551556 18.4751512687 22.8883633319 23.0071717873 23.0123385246 23.1549252783 22.5842877846 22.5061592976 22.6021100994 22.5838020473 22.5495436292 22.893899138 23.1703791967 22.9835977245 22.6318217693 22.7655088143 22.9723617247 22.6955960833 22.9203323347 22.7171818679 22.7012428234 22.775106244 22.6381079653 22.9956865341 22.5789346473 22.6714561107 23.1604002048 22.6503437829 22.5057806471 22.6626026814 22.5528051492 23.0981969063 23.1850427723 22.7965628943 23.0861529761 22.9494804731 22.7779046976
0 0 0 0 0 0 0 0 0 0 0 0 0 0 0 0 22.5344379327 23.163367115 23.1335776872 22.500865959 29.1415459589 18.2430747763 23.0762134828 22.5906077554 22.7360564812 22.8661464974 22.622034476 22.6566023684 23.1403305046 22.8104916418 22.9597453581 22.7205406185 23.1725853973 22.6011293876 23.1331940356 23.0912487625 22.6873803892 22.5915637574 23.1801161413 22.6041670287 23.0808435425 22.6623929733 23.1588189331 23.1617078199 22.9115289575 22.5287312108 22.8057322226 22.9244244818 23.195195279 22.6908825735 22.5655371877 22.7773244176 22.7712110481 22.9727658952 22.7531751498 22.9753163033 22.9905001971
0 0 0 0 0 0 0 0 0 0 0 0 0 0 0 23.1335575841 23.0117913549 23.0323838721 22.7875937954 21.752829579 18.578481104 10.2325026888 17.314457171 22.8581624239 22.630638967 22.7553534026 22.853894089 22.7980175681 22.6684782596 23.0228411145 22.7360181432 22.8257626508 22.6367106211 23.1196948077 22.8413136828 22.9517755403 22.6529544295 22.5946637218 22.9271864435 22.9439950015 23.1999123677 23.0634576173 22.6127742454 23.0848743338 22.678119274 22.7118644406 22.969244958 23.1787479588 22.5519148847 22.7496294672 23.112155973 22.7040029352 22.8278426211 23.1362151976 22.6580488969 22.9018463625 22.555625001
0 0 0 0 0 0 0 0 0 0 0 0 0 0 0 22.9477724276 22.7342551628 22.6145057573 22.5666586006 18.5039893522 16.2945753714 22.9962649894 12.7783183863 22.8438172192 22.5223499892 22.7208462675 23.0445841953 22.6981027106 23.0944312691 23.0849410911 22.8614135153 22.7506360407 22.5818388722 22.6480601714 22.7967177482 22.5630228973 22.7321203106 22.5231343487 22.6811125209 22.6303974439 23.1564183019 22.5740199498 23.0109515424 22.611323491 23.1163915025 23.110178034 23.1085452863 23.1867538363 22.9821151513 22.8858035513 22.9529270163 23.1453594755 23.0095209404 22.8237385776 22.721686979 22.6086121879 22.6296344287
0 0 0 0 0 0 0 0 0 0 0 0 0 0 0 22.8815864731 23.1304386736 22.5193140832 22.6799756998 22.8778599821 31.1228795909 25.7365546977 23.6958691777 22.9916100984 22.5704536697 22.8847780888 22.5729872 22.5272090111 22.9359319706 23.0080919451 22.8580078797 22.6978640405 22.5025956731 22.8944750826 23.1120875545 22.7894692182 22.6577665002 23.1571519512 23.0218783195 22.9114574776 23.168878457 22.8705426187 22.8249018565 23.0476468258 22.6919720513 23.1902798445 22.7288019869 23.1721032053 22.9064392809 23.0218179546 22.854895375 23.1902728913 23.0746114074 22.628044945 22.505678505 23.178946646 22.528372972
0 0 0 0 0 0 0 0 0 0 0 0 0 0 0 22.6561122493 22.6807369405 22.5469800423 22.9397027128 22.8138471314 23.084287214 23.1993687388 22.8799889193 22.8005953134 22.5940669198 22.6332072507 23.008004922 23.0138340481 22.692092536 22.6556525733 22.5396993275 23.0421458212 23.1182378609 23.1854889193 22.5376386953 22.5724764439 22.5007583638 23.074288101 22.6770958767 22.5594248241 22.9607298236 22.5745029801 22.7486679262 22.8440415573 22.793340844 22.664224688 22.7696436974 22.8919706381 22.5379574636 23.1611908418 22.9406306442 22.9213930393 22.6212714528 23.1794313518 22.5327394294 22.7564560952 22.6159436399
0 0 0 0 0 0 0 0 0 0 0 0 0 0 0 23.1592032155 23.0877815363 23.1244796088 22.5060727966 22.8794878035 23.1188218412 22.5900665467 22.6448059476 23.0779684072 23.0997504566 23.0796155436 22.6959243824 22.9436458418 22.7771991835 23.1445953205 22.5844569102 22.9233548569 22.9840078494 22.5051249536 23.0619675673 22.6587250644 22.665717629 22.9650863417 22.9512422435 23.1289957942 22.7865062476 22.7297678468 23.0735162153 22.5457743539 22.9318677102 22.5362684628 22.8586659232 22.846045463 23.0465466556 22.5793339268 22.6383337903 22.6046765369 22.7450680234 23.1633372869 22.9684920625 22.9596988687 23.0607511212
0 0 0 0 0 0 0 0 0 0 0 0 0 0 22.6023048019 22.7194646336 22.7032479037 23.0710989026 22.8643102631 22.9210171587 22.6506434636 22.7343862493 23.0630235374 22.7971811943 22.9951399698 22.8612949748 23.1899753901 23.1871782334 22.5980866557 22.8154801263 23.146824748 22.5567466356 22.8353632978 22.9579761139 22.7120577133 23.0791928111 23.098666464 22.5703613558 22.5987170328 22.5894019274 22.5227932434 22.9423699947 23.1939638389 23.0105733618 22.6494791601 23.1666868868 22.8026514597 23.1255864947 23.0824357299 23.2023480558 22.5901445308 23.0262799165 22.849536385 22.7773791699 23.1926259842 22.8493685022 22.9168870402
0 0 0 0 0 0 0 0 0 0 0 0 0 0 22.7241021684 23.1084710289 23.0504988264 22.6577175612 22.8936064987 22.9360614113 23.2018678478 22.6178731235 22.6003037205 22.8446775286 22.6067325214 22.9314896665 22.5138599557 22.5064845913 22.9148984814 22.5920164225 22.8950667033 22.9835546762 22.5427864057 22.8010718166 23.0857529971 22.6928445337 22.7694243226 23.2019522662 22.6683537679 22.5790465364 22.7013794045 22.8831299745 23.1754161163 22.8343167782 22.8527964115 23.0151657751 22.8797537043 22.9690917306 22.6848482066 22.6441963075 22.8731063581 22.8954776169 23.1008080072 23.143261642 23.0317264559 22.908762015 22.6918712778
0 0 0 0 0 0 0 0 0 0 0 0 0 23.093381102 22.8125505764 22.9618431278 22.6550172365 22.6294980926 22.9881304055 22.5278279633 22.9527810032 23.0234398397 22.6811580429 22.582399108 22.971462649 23.1601212451 22.6723887069 22.6021721703 23.1922027629 23.1404823967 22.5338095222 22.8070645724 22.9873872554 22.864288915 22.9169207901 22.6026254274 23.1185887585 22.6361795877 23.0853642618 23.1585434622 22.5887051448 22.5619422737 22.8682952716 22.8824314607 22.5208019848 23.0471426568 22.8573389268 23.1585731093 22.5314698315 22.9544534013 22.5635161219 22.8926223606 22.903795706 22.8175154252 23.0401924097 22.7335302256 23.1448644294
0 0 0 0 0 0 0 0 0 0 0 0 23.1414585723 23.1689218804 22.7378278205 22.9827253857 22.7557075578 23.1541858138 23.0466017912 22.6062888319 22.5282286395 22.5930085509 22.5862429014 22.6505132452 22.9140483024 22.5282697836 22.5227184388 22.7212549267 25.3255966294 18.3838773361 31.355134837 22.9666883797 23.0800866457 23.1877837021 23.121183581 23.1872426881 22.7690957428 22.9357704237 22.9309113219 23.0244943531 23.1919509644 22.5360250895 23.1062518633 22.6176213021 22.557804828 23.117230979 22.6130823831 23.1203092644 23.0553131594 22.6667442425 23.1741823997 23.2050611898 23.0777339881 22.7972606706 23.0359412599 22.8587041161 22.855972347
0 0 0 0 0 0 0 0 0 0 0 22.6539086707 22.9089692152 22.542950459 23.1857292627 22.9105759314 22.7367696301 23.0190260347 22.9276137989 23.168832032 22.9328829217 23.0914956298 23.0455301547 23.19873646 23.0499882199 22.7920562678 22.7819461455 23.1346899665 9.6785666224 21.3381151226 11.6391528852 23.1814599868 22.7166533452 22.8512889861 22.5015754293 22.6051958715 22.9951931583 22.6047164271 23.0856224071 23.0899086238 23.0727430794 22.6446971398 22.8824855534 22.7918079789 22.5811982992 22.8052679459 22.7644967387 22.5572944482 22.6541998046 22.8089796388 22.8552375411 23.1704867953 22.8235649006 23.0617827826 22.8333869994 23.1780833737 22.9998599722
0 0 0 0 0 0 0 0 0 0 22.8276678439 22.7226338266 22.8434576279 23.1172875513 22.6425302131 22.6919739405 23.0509742881 22.9630779838 23.1853760655 22.758421618 23.0050703391 23.1717570842 23.0137119986 22.9675271607 22.6149156175 22.9894154341 22.8410906908 23.1333896256 28.5131643513 19.9192898506 19.7923874892 22.5205098727 23.0786057083 22.6432199088 23.0926207805 23.1636307961 22.5124715501 22.9875840747 23.1905319217 22.9140533666 22.9494620921 22.889967012 22.9470217106 22.7425259065 23.0444915864 22.9672165037 22.6228499882 23.1736361544 22.755338444 22.7910752443 22.740708645 23.1729326519 22.9379558551 22.6658827382 22.678384893 22.6969488657 23.030302544
0 0 0 0 0 0 0 0 0 0 22.9019782187 23.0282526178 22.9807735041 23.1846407177 23.0642405302 23.1077003769 23.1270247775 22.6204451154 23.0878757234 23.094676386 23.0026561694 22.7737342006 22.6563519362 23.0031412305 23.0004527138 23.0682518224 23.1021925341 22.7480490386 20.1276803055 15.1008338878 29.8704532703 23.0981418352 23.1103804781 22.5228088156 22.5431063947 22.948346176 22.5938261043 23.1163792672 23.1586096638 22.9835724997 22.8860406389 22.6770674037 22.7586018825 22.7349168471 23.1184490597 23.1566796029 22.6592360853 22.8577273201 23.0441382722 22.9464067335 22.9277962996 23.0236674337 23.1023194532 22.6922348494 22.6621365851 22.7432370761 23.1638187303
0 0 0 0 0 0 0 0 23.1832856692 22.7400238941 22.5010327611 22.8580518228 22.6985206593 22.9224709933 22.7099542541 22.5483221746 22.7831924344 22.546620816 22.6648989681 22.6044711828 22.7010916213 22.6985129668 23.0950533031 22.7834788873 22.6944222247 22.9853465838 22.9185089546 23.039923944 22.5285660472 22.9759622057 23.0687338402 23.1838293716 23.0960296153 22.7443165816 22.8779894399 22.9401181007 22.6557326104 22.7141411856 22.9825758184 22.578844539 22.7448297023 22.7409756873 22.800953447 23.1868610827 22.7134251805 22.8904428184 22.8157336999 23.0241038659 23.1052903651 22.6705101523 23.0160524105 22.7650836226 23.0889329218 22.9109021776 22.5459525062 22.7654549847 23.116135739
0 0 0 0 0 22.6678590842 23.1073467945 22.5693628834 23.1410376734 23.1380140887 23.0526158405 22.5660194935 22.5375496717 22.8068747173 22.80214815 22.634246811 22.7112487308 22.6102110427 22.9878319633 23.1295840452 22.5973080711 23.0044552036 22.979311633 23.0371674098 22.5263537417 22.7618794404 22.7765763176 22.5711949622 22.7004799597 20.4937832701 27.6559722278 10.7760234927 22.5616772717 22.7510557339 22.6991121313 23.1965346019 23.1362611948 22.5510398909 22.8024667944 22.9517411174 22.6818135646 23.0642687091 22.9525053574 22.77101393 22.9914469518 22.5796676044 23.1280094164 22.9565569925 23.0636897673 23.0158651926 23.0643451066 22.9090503126 22.8393983886 23.0596227879 23.0386505848 22.9694967299 22.6677928298
0 0 23.0792962919 23.0121064353 22.6176072849 23.1172574723 22.6178014431 22.5815322544 22.5749663117 23.0814070962 22.9002972835 22.6467903587 22.6047052721 23.0330462067 23.1796886671 22.7542126329 23.0296952438 23.192224327 22.9531166665 22.7261522494 22.5469102763 22.9650592956 22.5315881851 23.1159565771 22.9423742551 22.8460533218 22.5146056689 23.058796918 22.6026390049 20.7052619518 14.9307338573 20.5514669576 23.1227221312 22.5738160334 22.9165452053 22.5446040803 23.1419967429 22.6766104943 22.8862616107 23.1092590267 23.0940425621 23.0396859594 22.797071362 22.8673143156 22.8303801074 23.0817315352 23.1190097933 22.7418459341 23.1667798811 22.6139714969 22.8957327796 22.6930703362 22.5222318012 22.7760254962 23.157364537 22.6190172496 22.6573225714
0 23.0778759518 22.5587228259 22.9971573086 23.1966620884 22.9565209556 22.6655483587 22.8572963204 22.7367750838 22.5391038764 22.8600590955 22.7695068019 22.7022578147 23.159615509 23.1776487381 22.82797733 22.5061795228 23.1614525417 23.0997676949 23.1675987258 22.6190920716 23.0176909692 22.8392465531 22.7163843034 23.2053489131 22.9958384481 23.1010142014 22.7405174819 22.7113603461 17.1501631852 27.36304635 15.4506948113 22.8655079026 23.1729932044 22.591637336 22.7814013767 23.1723353327 22.6696300158 22.7665120399 22.6700648147 22.8034278761 23.1332667235 22.9782663289 22.8666781456 22.7632372221 22.8547330712 22.8981764316 22.5543959248 22.6721628424 22.877742026 23.0791574592 23.1479082557 22.7919451388 22.9596393062 22.9824748749 23.0068255847 23.0967453946
22.6018748414 22.7531249748 22.5240633483 22.9965866529 22.9595223386 22.6810942501 22.6789934326 22.8557762745 22.713946553 23.0850974081 23.0427395779 23.0534183939 23.0156282027 22.511742189 22.5363670174 23.1589957624 22.5398786279 22.6661872072 22.8191178528 22.9498905494 22.7370104081 22.8558872591 22.9472222096 22.9350826026 22.8222467813 22.8129309284 22.8940728673 23.0514251812 22.8648337183 22.8946267928 22.7598793246 23.0470301897 23.0863587669 22.9534155576 23.1843479163 23.1288252532 22.5740825948 22.8427704917 22.8067086621 22.7060941568 22.8341586924 22.6815689576 22.8947933887 23.1945651198 22.7445047098 22.7023369835 23.0253975703 22.6377169014 23.0335151332 22.7043139701 22.9484829717 23.1631055581 22.7415713681 22.9808297663 22.8829900533 22.746654529 22.9009510279
22.8768515308 23.1741758953 23.0496884563 22.5169724793 22.8524735462 22.7617451726 22.7932604657 22.9316889171 22.9107170223 22.8400759576 22.8738900387 23.1564244271 22.9930693177 23.2050963205 22.6169497732 22.5968141014 22.9614709139 22.8125398939 22.9749736012 22.9001846079 22.7146316495 22.5576599221 22.6966140448 22.9241559601 22.7806310582 22.7743055488 22.9948201672 23.1457801587 22.8036142476 22.673779619 23.028315997 23.0911828917 22.6940614999 22.9061277769 22.5186948381 22.7326056573 23.0649097361 22.9445486163 22.5088273183 22.6071644024 22.8766988445 22.9512590965 22.9534575575 22.7029635749 22.9411513022 22.5349075181 22.7040072236 22.9792088086 22.925191911 23.1851667753 22.8623294762 23.1076219022 22.883676509 22.8308015366 22.7030789775 22.9282217933 22.6502014546
22.6251334502 22.7603320771 22.7297292872 22.5561183569 22.9143005353 23.1594684075 22.7526280993 22.9811588152 22.8084282563 22.5642694311 22.7460218795 23.129286653 23.1603059301 22.7377262972 22.7612147581 22.9194134464 22.5065424609 22.8563020729 22.5596088632 22.5787239689 23.1026601806 22.5650711819 22.8675984005 22.682919411 22.6090779471 22.8087439688 23.1803182869 23.074456291 22.740722848 22.5496110647 23.0731935696 23.0948995567 22.7069680675 23.2028537296 22.969472099 22.6574091453 22.8932282767 22.6582470858 22.8204147701 23.1246700966 22.6887425628 23.045648346 22.6121707312 23.068271571 22.6429381941 23.0514713867 23.1202879272 22.5092368776 22.7866718636 22.9606359963 22.7338573148 23.0809182123 23.0100270212 22.9953835489 22.5050808603 22.788031702 23.1542750021
23.1679796673 22.6379074293 22.872238565 22.6313573252 23.0693469626 22.5949728364 23.1770289766 22.5876812616 23.1106007564 23.1847233634 22.8576005238 23.0588486208 22.8831012418 23.0060517681 22.6076839779 22.7319593841 22.9942913487 22.6527256856 23.1930587611 23.0862684888 22.7231614691 22.6116847585 22.7333903835 22.8530485575 23.1623341249 22.6051623551 23.206112856 22.6885960146 22.9203333143 23.069569872 22.6149660013 22.6315864774 22.8515187326 23.1158373354 22.7144820019 22.9449862975 22.9641987176 23.1093178692 22.7689619967 22.7348593529 22.9735925487 22.9357168768 22.7822054335 22.6569994312 22.7413054225 23.1884962157 22.9181424176 22.5709270721 23.0390457422 22.5130000226 23.000035097 23.0617311879 22.6548252533 22.9495081833 22.8347315895 22.6532226087 22.8634631916
22.6523377715 22.6209739886 23.1994447889 22.7487744317 23.1279486639 22.5104150429 22.7624684042 23.0980864756 22.5275824557 23.0155522978 22.8519720869 23.0570200866 23.0932100624 22.6577599196 22.8685094519 22.6520239272 22.7514532509 22.9313829644 22.6739984021 23.0473814857 22.5984201214 23.1811904807 23.0638173387 23.1070165719 23.0535742032 22.5024383021 23.0644521613 23.0909444217 22.6073110309 22.7974022184 23.0613654613 22.9667974204 22.7958212217 22.8382597797 22.6933626796 22.7694216385 23.1739710955 22.5564434432 22.7438394141 22.635540919 22.8197888356 23.1534613053 23.0730900306 23.1630075263 22.72623425 22.8022805763 22.560844398 22.6851167377 23.0254979253 22.9309560502 22.5107762247 22.6203969502 22.5604943326 22.7691358092 22.7115915472 23.1545915874 22.521216501
