Spatial_Output/DEC/DEC_1059.asc
NCOLS 155
NROWS 192
XLLCORNER 196307.867259
YLLCORNER 449144.565805
CELLSIZE 33.573938
NODATA_VALUE NaN
[rows 104 to 129 of 192, columns 57 to 113 of 155]
22.6287364668 22.7811678429 22.7089997072 23.1189103408 23.1308065014 23.1597370415 22.9375670152 22.9947584603 22.7004729082 22.7674315989 23.0872332135 23.1932228008 23.1266670382 22.6824580314 22.8348898686 22.7452797631 22.5258587567 22.8944531018 22.7947954697 22.7406904575 22.6342596273 22.6059974244 23.2015349554 23.0941580062 22.7923969061 23.0393355192 22.6242410296 22.7009664468 22.8673989065 23.1618787628 22.5176512711 22.5656336916 22.6632805414 22.5837364164 22.510587516 22.5647251218 22.6898541235 22.8990233448 22.9015938403 23.0877519061 22.8724062733 22.7209568028 22.7488090174 23.0635959907 22.7428742125 22.662973698 22.6997893552 22.8052879583 22.9189670434 22.5792229184 22.7070550084 22.9852156997 23.1053982547 22.9614390475 22.9907340635 22.6854235668 22.7383425161
23.0368863991 22.5237786154 22.6948405581 22.6731847371 22.7841897942 23.0976804723 22.902845295 22.7662835798 22.6532728476 22.9197748009 22.7619665368 23.0933796393 23.1708877945 22.8470823329 22.701984593 23.0988525388 22.9321169735 22.7206439992 22.534968823 23.049789037 22.5223989523 22.5096670251 22.8026245374 22.9965189436 22.7884786765 22.9652453228 22.5863096661 23.1280557673 22.9799768018 23.1641502836 23.1295879732 22.739354594 22.9772054131 22.7870000239 22.7067903746 23.0187957517 22.8961897257 22.6519470981 22.8721575196 22.8144595476 23.1870558296 22.7613359931 22.8081172162 22.979580902 22.5917987239 22.5500449416 22.6654969645 22.78114643 22.8151116275 22.6064344934 22.7772608043 23.1480600486 22.8776695431 22.5322470207 23.0988989479 22.681730908 22.5186292322
22.5417946922 22.9518938063 23.1715862347 22.6795684479 22.7960891745 22.5066785677 22.8502360714 22.6565160646 22.6637128746 23.0923204556 22.7357420955 22.9208674242 23.018548054 22.6328531303 22.7166971696 22.654264048 22.7608702154 22.9377153667 22.98130411 22.8032193263 22.7981155899 22.9768779791 22.9505704371 23.0772403667 23.0352222259 22.690132411 23.1624338621 23.067791028 22.8560563112 22.818815402 22.7541549672 22.7607395312 22.7739065606 22.5615831165 22.678671277 22.5967316844 22.9035539452 23.1227197478 22.5368674282 22.7657256849 22.5116064562 22.5621877304 22.6400275763 22.7121616192 22.509949164 23.1244503794 22.7604918715 22.6143279678 22.6176567875 22.8040129753 22.8891889765 23.1234104151 22.7061499634 22.7504067157 23.1562286792 22.6783530994 22.5069599295
22.7057277836 22.5208188029 22.7428039279 23.0002152802 22.6732307719 22.7042867739 22.6758170689 22.6001892305 22.6566259862 22.5402404755 23.1057588057 23.0848212821 22.5768205185 22.5867598649 23.1566415222 23.0561904111 22.7055499612 23.0925791664 23.1859411868 22.9451569717 22.6676071449 22.7849222953 23.136007353 22.9663529637 22.6598883952 22.6344828766 22.7884999087 22.6507667008 22.9671559698 22.5014249202 23.1562897911 23.0594436136 22.5849297882 22.988259775 22.8471513793 22.5662238386 23.0507863082 23.0396836536 23.063712379 22.9494787064 23.1002244006 22.9633943101 22.5938089011 22.5609789399 23.1459425507 22.5620920498 22.6040628974 23.0971508768 22.7935924891 22.7159276233 22.9120897622 22.6692687588 22.9292851714 22.644748203 22.6152576809 22.7856314219 22.5918807537
22.7448035499 22.9644054379 23.0178649011 22.6763785448 22.8503475999 22.9708370345 22.9074562139 23.0942114612 23.0405340437 23.0969795511 23.1970716924 23.1543262208 22.5651538566 22.7970378159 22.5868478706 22.7082539104 22.7045184225 23.0828297582 22.9734867439 22.7596091101 23.1646929947 22.7124589522 23.0094279946 23.0645237814 22.6788488319 23.1004434502 22.6374702025 22.8726325665 22.8363437598 22.8365971684 22.5946847299 23.0346014358 22.7375918624 22.6055921562 22.5322358643 22.8483467062 23.1189767523 22.896407195 22.9823012124 22.5307462699 23.0953283002 23.018164066 22.6615696842 23.0391001257 22.5354835045 22.5248182288 23.068732506 22.9121286251 22.861986989 22.880016217 23.0594652367 22.7372927583 22.5344418757 22.6799126551 22.6992536121 23.0058181598 23.1018686261
22.7641571944 22.7548627086 22.818191928 22.8766608894 22.5588313983 23.0935400114 22.9129950387 22.661534257 22.5409550729 22.7850098609 23.0319629126 23.0558102199 22.751127674 22.9283606235 22.7044163969 23.1198797045 22.795470179 22.8696970087 23.0543052788 23.0036840109 22.8229305692 22.6165734592 22.5076824931 23.0721516118 22.7020577431 22.6038688871 23.1335864378 23.1501709103 22.8911857122 22.6658049493 23.0026929126 23.0657570611 22.5600820154 22.9016405546 22.9290139844 22.6306774897 22.7908098451 22.6224537806 23.1984832316 22.9420302211 22.7328139032 22.8891025497 23.0629475836 22.8815279744 23.1266430317 22.5209935142 22.6640060297 23.0530017277 22.8796783376 22.7151179017 22.8759436876 22.5053820888 23.1920717068 22.9337186977 23.1363006868 22.959896381 22.9742629017
23.1133894066 22.803250466 22.6488215339 22.6967588215 22.5380606 22.7641347753 22.7464679197 22.5334600493 23.1640558224 22.6925782509 23.1059105595 23.1048794289 23.0477381206 22.9231444648 22.531892203 23.0214751233 22.7031635429 22.9058097207 22.6977183493 22.7272318655 22.8781544408 23.1672943246 22.544150908 22.7382304256 22.5893173163 22.8611194075 23.1956307305 22.9432788442 23.1344555424 22.9609839903 23.1043080117 22.7495276823 23.0712271599 22.5537836664 22.9478422329 23.1269485796 22.7413040812 22.8009081818 23.1204186255 22.7964422365 23.0672927809 22.9554968846 23.0937766678 22.7747761056 23.0155395123 23.1822675746 23.0637486954 22.8575075225 22.5342878413 22.6767125955 22.7233127543 22.951581357 22.9152650901 23.0694547371 22.9384256804 22.7804953779 22.5737967144
22.809264975 22.7762195243 22.7797596934 23.0810977064 23.0041934397 23.1368296436 23.0409099855 22.9333077958 23.1166041651 22.6456507963 23.1613174521 23.1408673434 23.0575015996 22.8958773493 22.6851794235 22.6238325649 22.6130212312 22.883974728 22.6123485746 22.6186195118 22.7756657527 22.6969395153 23.118108382 23.1171311593 22.7885700198 22.7831996658 22.5002091035 22.7758436988 22.6933553279 22.8603788365 22.5013300335 23.1354601522 22.5780464371 22.8985236138 22.8654826027 22.5530437323 22.677715885 23.0609786432 22.5412480673 22.5149731278 22.5487486599 22.8513229931 22.573075183 22.7839628234 23.1794694662 23.2066996538 23.1270166057 23.0127305609 22.9237604819 22.7375898135 22.8172461156 22.5630531902 22.7152409677 22.8125139971 23.1856711016 22.8269214948 22.5192464253
22.5755240605 23.0655229755 22.9447546383 22.847474281 23.0566971923 22.8552374213 22.5839276372 22.633772896 23.0483169353 22.8242195659 22.7936105787 22.6950971175 22.7250779089 22.679879942 23.0035755815 22.5396694992 22.6917880565 22.9508143286 23.1967525084 22.9087210963 23.1800813214 22.6192894888 22.8295117888 22.5299237918 22.7448074349 22.5323996808 22.6917584563 22.9198655185 22.7986243486 22.8463345748 23.0642465391 22.5690677555 22.5536535279 22.8513898279 22.9408434724 22.5997157241 22.8928017219 22.8904409504 22.6535189076 22.5369274389 22.9316930272 22.8149067123 23.0236205006 22.8647511376 23.0922508466 22.9318794507 22.6604914465 23.059814894 22.5602674612 22.6584204456 22.5274520388 22.7903430132 22.9041741504 22.8778586912 23.185061213 22.5662082291 22.9729034621
22.7636308438 22.9937809531 23.115781476 22.75849397 22.9373693571 22.8937877142 22.6387806466 23.1373550331 23.143066639 22.53822117 22.8423540171 23.0986448318 22.8909425562 22.6984708038 23.1726423447 23.131062908 23.1232814707 23.1626912648 23.0482435465 23.1176956454 22.9266725508 22.8905182367 23.0858596955 23.1054765077 23.0568298081 23.1187719748 23.2052133018 22.5920425995 22.7046094113 22.7482228872 22.9957378451 22.6403152151 23.0478328086 23.0672092069 22.9250841809 22.8543962566 22.7334750863 22.7609671757 22.6202487492 22.6457161494 23.1736896954 22.825244327 22.6128141146 22.7044932403 23.1196154538 22.9023177827 22.7357773134 22.7159219527 22.6461295182 22.6020505826 22.8385479904 22.6609876972 22.5801088652 22.8256543334 23.1540651749 23.0361432628 23.1924854143
22.8064271847 22.8677528761 22.5314499642 22.5470232327 23.0907612086 22.7575323873 22.6576848984 22.5423422727 23.036637375 22.829371702 22.9111969514 23.0329158479 22.9960189543 22.6628122235 22.7097109684 22.5561376797 22.7127976418 23.1502229958 22.7082796032 23.1855284581 23.0446735893 23.1525330273 22.5258351841 23.1173285841 22.9154784848 22.7671904972 22.7819959315 22.5719305327 23.1766276941 23.0811746769 23.0541804258 23.1912674131 22.5848492342 23.1398625891 23.0705567543 22.5507518364 22.9180897982 23.0123639176 22.9941120532 22.5154069272 22.6770445411 22.9397404086 22.6894362903 22.7770958606 23.16520528 23.0352649132 22.8851474328 22.5962760569 22.5066743524 22.9671521211 22.6384698112 22.5046063382 22.881262778 22.6392127494 23.0324025229 23.1517347102 22.9191406623
23.0799546274 23.1263377923 22.8868238722 22.5877188849 22.648967107 22.5681618159 22.5666782459 22.7381912356 22.5235220569 22.8460412882 22.6867395724 22.9617040956 22.9649148397 22.9170556213 22.9063576095 22.8194804922 22.6484304064 23.0657597381 22.7582845909 22.582272182 23.0935891467 23.078437806 23.0956970147 23.1402990121 22.8426494343 22.8729666277 22.962997439 22.6191704039 23.1479951187 22.9480218998 22.7795981193 22.7820258731 22.9674109743 22.917122236 22.9714927185 22.7835332157 23.142499328 23.1761823791 23.0723080151 22.646283989 22.5112222084 23.0412004817 22.5739398359 22.9143486718 22.8390807606 22.6679706506 22.5764762763 22.8075553131 23.1550294603 22.6521005655 22.8742624143 22.6159118155 22.7435254601 23.0557184413 22.7636616311 22.6840120886 22.5035652254
22.9578664814 22.8566689266 22.8280065109 22.7739767417 22.9905813839 23.1574759285 22.5057972574 22.9346694534 22.6395650425 22.6167211989 22.7250406707 23.1159921866 22.8075833378 22.8382127742 22.8245576941 22.9630740332 23.1479936969 22.87829052 22.5933839187 23.199028356 22.851571575 22.6503304551 22.876339158 22.7406836508 23.1646761095 22.5371716568 22.9397253192 23.1333408587 22.6101240878 23.1716557761 22.9840969133 23.1150830629 23.1141928854 22.6995176016 23.0938980112 22.9724986641 23.1038538032 22.9611252302 22.6573910851 22.5586785881 22.5336816136 22.6246790049 22.5243090734 22.5548251088 22.9249922985 23.1242708848 23.0402245848 22.7627564638 22.8595818422 22.765363187 22.5417231305 22.6753385196 22.5478599195 23.1418959064 22.834093838 22.5303080566 22.9008292373
22.5318460999 23.1968480702 22.9619855483 22.5092000851 22.8322493349 23.2018622414 22.9286064742 22.6268394705 22.7941854723 23.0233385293 22.5707035837 22.8701404884 22.5455293072 23.1111864269 23.0922270182 22.701795948 22.6414601407 22.7911978493 22.6263930484 22.6649313432 23.0794437437 22.5826463738 22.7928740529 22.5555781293 23.1908957325 23.008714136 22.8450822495 22.7840688475 22.5875837858 22.9696898569 22.5369512143 22.6444888557 22.6752745836 22.687945259 22.8534921534 23.057847426 22.7268703391 22.7884078538 23.0246934967 22.6556109115 22.9755779282 22.8901083896 23.0992380158 23.2064546293 23.0917997445 23.09981648 22.624270558 22.5763999367 22.9090893238 22.9867759323 22.5446245164 22.5916018883 22.8498186863 22.6199473567 22.7901456663 22.6137417521 22.8568274928
23.1650430452 23.1357949232 22.7201427946 22.9137706561 22.7775071071 23.0568625398 22.6076797711 22.5198992118 23.0506398199 22.7100680461 23.0386824321 23.0950355765 22.7432549826 22.7204105782 22.5044372574 23.1445830948 22.5365142508 22.5252223812 22.9083373245 22.9926625411 22.518523818 23.0259872627 22.932998255 22.9725002362 22.5032902859 23.126514404 22.8475443553 23.14118335 22.8569648112 22.6712280074 22.8984874324 23.1459728897 22.6300431171 23.0881379596 22.9966455458 22.7644348805 22.659164897 22.7502153513 22.8400471861 22.6921058618 22.6527660454 22.835752361 22.7930915476 22.7595066784 23.1459733044 23.1643559462 22.702669887 22.6516395565 22.8676962937 23.0872452128 23.0313425582 23.1679547082 23.0012153425 23.0614544844 22.6179645105 22.816121805 22.6433817502
22.8631086548 22.6313291811 22.9007419777 23.1432336459 22.5865823735 22.9007076693 22.5035476039 22.7987855968 22.8709759027 22.668446999 22.9181390138 23.0432238197 22.6662039918 23.1475275378 22.7541859174 22.6254960386 23.0720494061 22.6659469891 22.725496136 23.0524710021 23.1951039757 23.0046254328 23.036778946 22.908085725 23.1903571827 22.8697901236 22.5654558288 23.0597303053 22.5599740544 22.5539570251 22.7640203952 22.8597705068 22.797812543 23.0866682052 23.1178885105 23.0916336733 23.161016665 22.8113923854 22.7787524256 23.0243817575 22.9872555896 23.0753508286 22.5074620833 23.1993747447 22.53050743 22.9096776927 23.1147925909 22.8614111356 22.8683612386 23.1039263634 22.7456271961 22.5498836553 22.7564518634 22.924499657 22.8584414475 22.8635276664 23.1596379
22.9475396587 23.0131736778 22.6149261609 22.6898798715 23.039413995 23.1999359768 22.5756566273 22.807921761 22.5855997478 22.6136127186 23.061341165 22.9041127759 22.5664184209 22.5653630247 22.5950153503 23.0576619776 22.8071595571 22.9281942557 22.7788956538 22.8662527593 22.6814771805 22.9634776618 22.5010218419 22.8462956449 22.862448291 22.8888650053 23.0497808576 22.833307856 22.985329824 22.5806841689 22.60289779 23.1994181334 22.6413711035 22.7086153652 22.7387435919 22.748233656 22.9144188814 22.8653191594 22.8100647486 22.6626525126 22.8480212214 22.8085362305 22.854582239 22.7850432211 22.8932908362 22.6198683829 22.5171625185 22.7074064448 22.6582123816 22.5901884815 23.0855568364 22.7832559333 23.1249125574 22.5943958746 23.0384228891 23.2016375056 22.9140510238
22.7579795329 22.8217680534 22.8581965527 23.1711154036 22.5271812622 23.0583297939 22.9411897319 22.9888964805 22.8960820765 22.6420716341 22.6844599107 22.9714567485 22.8756161385 22.8333238234 22.9733795281 22.8579788951 22.9453690823 22.6508104917 23.1365773474 22.9360107072 23.0894355467 22.6492987936 22.7165148886 22.6719393993 22.7336849072 23.1126623637 22.8263931585 23.0503011426 23.0295711074 22.5483259541 22.5704132851 22.9223088994 22.849627044 23.0125248835 22.5342596746 22.7858932533 22.7038832834 22.6405249745 22.7836095944 22.6871167806 22.6346853316 23.1890962291 22.5063496248 23.0878603257 23.199134164 22.9276893272 22.9981780356 22.661158129 22.820095916 23.0415395735 22.5183045751 22.6753807532 22.9152024769 22.9581766685 23.2006918392 22.9900196163 22.5936022397
22.6736289543 22.9794270629 23.08211416 22.8902847458 22.8401569858 22.7088595143 23.011339559 22.5731541963 22.5719656332 23.1319520034 22.8191013705 22.6882624154 23.1570521125 23.1473099938 22.670171961 22.7222111033 22.6777180185 22.814792695 22.6236975025 22.9029191114 22.6928576351 22.7405572676 22.9688819281 22.5329769601 22.7898998524 22.7886600911 22.8375981271 23.0972216931 22.9011650791 22.6652427367 22.9170101313 22.5444507165 23.0047128117 22.7425782968 22.590214433 22.8463776072 22.8709853304 22.7606181455 22.6092676102 22.9600725238 22.9667855549 22.5478809479 22.8843502554 22.560481987 22.598604706 22.7821981433 23.1691107579 23.0861500138 23.1114986052 23.0961257105 22.9851101462 23.0858448252 22.6313535516 22.8184674644 22.7623110735 23.1987671218 23.0986724542
22.7487947613 22.5556260764 23.114922005 22.9549971983 23.1314977859 22.6594666169 22.754841181 22.8614694528 22.8926781612 22.8502810233 22.9857085829 22.5489195053 22.9717231646 22.7216840613 22.5370791609 23.2020619917 22.5082143851 22.7877057342 23.1699963105 22.897714426 22.6605615943 22.8738084848 23.0037676682 23.0881476402 22.7405518533 22.5544964095 22.6548822528 22.9764028569 22.5921523221 22.5523047624 23.1684522732 22.6639230184 22.5523424108 23.158272846 22.8822553408 22.8402682373 22.5425969833 23.0132184816 22.5195050807 23.0188574841 22.7604252341 23.1337333332 22.5319489668 23.0841558531 22.764606971 22.9605651225 22.6749101338 22.663204699 23.01847815 23.0714114295 22.5300575414 22.6265290177 22.743384151 22.7341093768 22.9624622429 22.7170931114 22.5627687634
22.7081899522 22.8650562903 22.7517612479 22.6196352127 22.5005614527 23.0414657841 23.0429660764 23.0631207244 22.9044308458 22.6853878047 22.5462378831 23.1765517642 22.9975330664 22.8435146553 23.0035907939 22.935142262 22.7204361393 22.8325749724 22.5942735376 22.5817578043 22.5817502671 22.7569097921 23.0041667756 22.7813686706 22.9910597284 23.0930259045 22.9448186101 23.039747326 22.8139993947 22.5532002232 22.8064361055 22.7751719275 22.6992333457 23.1139685833 23.1357184009 23.1288628486 22.9415928282 22.6735854833 23.1109094252 22.5318714059 23.0732165962 23.062285982 22.5263816779 22.9440835574 22.5814976943 23.1477593986 22.8973978308 22.5756459269 22.8982400849 22.7353457402 22.8999325571 22.6905926547 22.678966461 23.0355464516 23.0673315107 22.581132371 22.9900121778
22.8473701743 23.0186365771 23.0588353859 22.6003204404 22.5960154803 22.9467236862 23.1418354894 22.8771342601 22.6978431697 23.0538074625 23.0957011842 22.5674462383 22.702717496 22.8510378877 22.6729179257 22.662004233 22.703831188 23.1387652146 22.5946818806 22.7968620189 22.946077845 22.609579373 22.6394939326 23.1561384823 22.6692532092 23.1165803025 22.8154050821 22.540209282 22.9201228649 22.5222990163 22.7477051253 22.9916179618 23.1049186379 22.8423251148 23.0054719718 23.1394029541 22.9310899972 23.0891799385 22.9973763426 22.6453355903 22.7362312465 22.564367994 22.5408301539 23.0581626456 22.7013748328 23.0829607074 23.0015507641 23.1665117194 23.0525217404 22.5149599911 23.0060939677 22.5620266538 22.6150945574 22.7335482838 22.8077395994 22.7611923731 23.0088902866
22.7406408606 23.0328785895 22.5676853464 22.6175907098 22.8171189063 22.8712619951 23.0049494126 22.5281628311 22.8460898624 23.06445101 23.0391828396 22.5493272059 23.0957479326 22.5326503189 22.7149633204 23.0402185417 23.1142567615 22.7887826139 22.6309114492 22.9018661456 22.5541587295 23.0956121239 22.5574840606 22.96601201 22.6422411606 22.9526129182 22.5135890206 22.8923472742 23.0463367388 22.5221416091 22.9802985094 22.9533679248 23.0529317914 22.647046198 22.8319131093 22.6461088846 22.9352435003 23.1010856021 22.9206365674 23.0101896032 22.7567286672 23.1594182277 22.6534086692 22.6940665986 23.0283763462 22.8221363577 22.992692486 22.5736639425 22.8832110226 22.676953384 22.8612957177 22.8905528538 22.7569237422 22.8115865239 22.5530988005 23.1144423744 22.7383538841
23.190755226 22.9262067365 22.943192558 22.8336387024 22.5403154955 22.9446103141 22.8926150542 22.6363274131 22.7023166167 22.8964630196 22.5835396236 23.0469755415 22.9475627698 22.6035143692 22.7575439332 23.001232117 23.1544894179 23.1661326088 22.9540197951 22.9831866235 22.5509659274 23.1693091303 22.7850004188 22.9839444499 23.0859618685 22.6297313271 23.0518284608 23.1469612557 23.0511241343 22.9717335039 23.1093948173 23.1734709668 23.1082001635 22.9535205016 22.6869452795 22.6814479886 22.5054060838 23.029390605 22.5720146253 23.053697653 22.9507990903 22.7826486609 23.180844555 23.0379847684 22.7073720251 22.7351451259 22.9897845099 22.6712438577 22.9872786162 22.5681917794 22.5346526987 22.5962061684 23.1688426995 22.6510812766 23.1372051665 22.8989785979 23.0906986153
22.7911488895 22.7232457577 22.9921091903 22.7340250099 22.9416347026 22.5243861536 22.8329703347 22.5017806781 23.1530808533 22.7542544569 23.1581859253 22.9084072582 23.1009009821 22.7336668925 23.1725636615 22.5722447293 23.1519761951 22.5062030691 23.1177263583 22.9399400846 22.5695114152 22.5909780566 23.1493684504 22.7763063911 22.9256859212 22.7235784717 23.0936713976 22.6257347525 22.8828625193 22.8393783864 22.9762638735 22.6599537538 22.8974127787 22.575204679 23.1045941814 23.0856543536 22.5277922534 22.5544581074 23.0250575496 22.7601372347 22.6644027115 23.1948752805 22.9823487522 22.529263119 22.9976662625 23.0293833936 22.5728130833 22.9738256183 23.1922240854 23.0436517494 23.1911730817 22.9871455678 22.8351633221 22.5814581836 22.7565624586 22.977249652 23.028819435
22.8255963335 23.1436782778 22.5955276914 22.9607867443 22.804756615 23.0009603133 22.5109146177 22.6980370739 22.9109222173 22.6440176097 22.6401629684 22.8669106908 23.096247122 23.1323373171 23.2017735776 22.5506050311 22.9743349601 22.865696931 22.9460410027 22.5134797582 23.1716046783 22.504357205 23.049182768 22.7657686194 22.7885713679 22.7235047544 22.7491757738 23.1514036359 22.5212906966 22.5200528807 22.8846388411 22.6755969672 23.0305340552 22.7088620934 23.0761263781 22.9245784469 22.9103752172 22.5035489941 22.8832559278 23.0310224773 23.0282288135 23.0532368224 22.8261552003 22.7098735664 22.7224824172 22.839970947 22.6540418371 23.173008974 22.7428317307 23.0981193807 23.1030958906 23.1892099193 22.6263630962 22.9943506285 22.782676815 22.7049190204 22.848075662
