Spatial_Output/DEC/DEC_1052.asc
NCOLS 155
NROWS 192
XLLCORNER 196307.867259
YLLCORNER 449144.565805
CELLSIZE 33.573938
NODATA_VALUE NaN
[rows 52 to 77 of 192, columns 0 to 56 of 155]
22.895289164 22.7560934578 22.8939296919 22.5837473032 23.0153774677 23.0800122944 22.7378299282 22.8926037048 22.7221383588 22.8023785174 22.8027831549 23.1139936256 22.6878265188 22.8820000604 22.8960894603 22.970117091 23.0818144077 22.7912566483 23.1187330699 22.5786631305 22.7822269516 22.5091328448 23.013966516 22.7586569943 22.6624524366 22.8263586381 23.0286934746 22.7498597882 22.7519527402 23.1541764962 22.8353304254 23.0716680534 22.8458871443 23.0330500894 22.7608633023 23.0760648544 22.6386871667 22.5975026527 22.5716343728 22.9431715883 22.5193215652 22.7627081077 23.077727797 22.8668565302 22.5251162481 23.1755869106 22.6237061059 22.8170886519 22.7788729957 22.9568615951 23.0191947657 22.7728269143 22.7180292157 22.6120610207 22.6342516534 22.633368339 22.9613199924
23.1208878618 22.5373986445 22.9746728653 23.0668325554 23.1108339205 22.7988178274 23.1344622444 22.745126534 22.5202603554 22.8079847208 22.5012027748 22.8433021074 23.2068180996 22.9147605688 22.6676189349 23.1213888304 23.0075252118 22.9463086888 22.8591910477 22.5967633368 22.6679591937 22.7377762975 22.5786590248 22.7655352055 22.7051531377 22.5103388455 23.1645877482 22.921667427 22.5110041482 22.8038232579 22.5924980701 22.9916527351 22.8127914209 22.7842287801 23.1270600049 22.9620312944 23.126089129 22.5498076162 22.7643007436 22.9409469572 22.9144650441 22.6516951663 22.8654274532 22.5351376591 23.0694973861 22.5621945219 22.6284778909 22.6503205533 22.7553358383 22.5705415559 23.0755237745 22.6556964573 22.9126058537 23.0472532131 22.5175511525 23.1700260192 22.588429057
23.029946975 23.2055573461 22.6764305893 22.5027477131 22.6966984692 22.6167698378 22.8245962487 22.7058009968 22.5537557297 22.6646924428 23.0308199774 22.6740759476 23.0015240763 22.7054862548 22.868880014 22.7219898377 22.5560159922 22.5812196996 22.8615564944 22.9964364322 22.5866151446 22.5301039639 23.0437844751 22.7364984348 23.0301618337 22.5142891179 22.8662423747 22.702113804 22.9354390584 23.1115469672 22.6702194054 22.8273684481 22.5328376239 22.7373302102 23.1044951649 23.1369031892 23.082114947 22.8069700451 23.1053904357 23.1879979323 22.7163241358 22.8404931473 23.0144222784 22.6361901631 22.6074803932 22.7149753406 22.9415799372 23.0932650344 23.0054788585 23.0558945128 23.1728388845 22.6178080429 22.9978874525 22.7296297516 23.1177686514 23.1811343542 23.1490136343
0 22.6797960597 22.533093622 23.0146339793 23.1496489072 22.6858339265 22.5972621882 22.7492381554 22.6506279505 23.2020210125 22.8231060347 22.8305756856 23.1956103746 22.9492698796 22.6466156884 22.735782395 23.0561325157 22.538477415 22.6811985812 22.6020105837 22.780933881 23.1583068297 22.7117813953 22.5851501855 23.1123417253 22.5119663566 22.8858847566 22.7300216489 22.8487872693 22.8720353084 22.6566761053 22.8085960568 22.7411138857 22.9386164274 22.8657603594 23.0583352204 22.8808226578 22.6423794261 22.8214986564 22.7825637297 22.7304048721 22.9330768988 23.0922436738 22.7535574121 22.986676316 22.708602188 23.1010154021 22.9366932531 22.8962276134 22.9421303315 22.715284438 22.9231178324 22.5482294302 23.063476154 22.5925443805 22.9944495466 23.183655349
0 0 22.6422459256 22.7987564999 22.8232024035 22.5711510291 22.5259440672 22.7088851838 22.6829475961 22.5568114269 22.9092174341 22.5341014466 22.5814707302 22.9183463595 22.8896821499 22.5026399004 23.1659253619 22.8863331811 22.635943532 22.6491848324 23.0690422952 22.5421717951 22.682625043 22.7442498542 22.501219004 22.5118046626 23.0795892804 22.8155737595 22.5017758431 23.0879075426 23.1541471438 23.1825047839 23.0302491956 22.9165348651 22.5357505597 23.1230651946 23.1108781876 22.688412138 22.7933322287 22.7199848534 23.0422225146 22.6255365911 22.9007270348 23.0552201211 22.9370496944 22.924997055 22.6880678108 22.8527171028 22.8560447696 22.9921171379 22.655435034 23.1306824197 22.6875376247 23.0975493026 23.1700554241 22.9430876787 23.0274664528
0 0 0 22.8258156822 22.5162749525 23.0851868545 22.5920582166 23.2064483164 23.1763008877 22.8239805471 22.9975533052 23.0658765122 23.0915032905 22.7757456585 22.9686941202 22.5108958551 23.168984412 22.9073878645 22.5889875124 23.083947602 22.8568156735 22.9112245075 22.6384676741 22.7774021377 23.002055558 22.9185551719 22.6805131699 23.1153859804 22.7023679092 22.6654843605 22.8883606129 22.8765832343 22.668319675 23.2069717733 22.9908576787 22.6044928975 22.6761621048 23.0614207946 22.7478458814 22.5502816074 22.7612359712 22.5616542565 22.9468393506 22.8262668815 22.6184714864 22.6675051456 23.0558006159 22.552254721 22.9962090342 22.8938805829 23.1333831333 22.813039133 23.1344824118 22.9930923625 22.9995055859 22.8633521723 23.1732832533
0 0 0 0 22.6926812615 22.5319281757 22.6639666801 22.8803754283 22.7242109018 23.163796475 22.7836332398 22.9700114846 22.7585044543 22.8621976303 22.7569544605 22.9368102265 22.6754570934 23.1722602017 22.8557864197 23.0841278223 22.5900207637 22.8865404254 22.5823991561 22.9543869492 22.6894091452 23.1238495437 22.8464998074 23.0464984908 22.6931694613 23.1909875286 23.0876293658 22.8154283553 22.9013017776 22.5736591664 23.2000999526 22.7564658602 23.2040394619 22.9810698672 22.6667778305 23.1500512342 22.770439577 22.892244448 22.9082579124 22.6000823038 22.935115801 22.840998182 23.1802429369 22.9342263516 22.6072499436 22.864377512 22.8317634851 22.8103049867 22.9656436714 22.517791244 22.6044170774 22.9203614749 23.066763001
0 0 0 0 22.7759281962 22.8799882787 22.6186891981 23.1040755698 23.1861780275 23.1482338819 22.5320349681 22.9256904051 22.9042313008 22.6219599442 22.6439345329 22.5492868127 23.101957276 23.0092377144 22.6256360873 23.0118420188 22.9456644774 23.0792419846 23.1387345402 22.9802083786 22.7840929193 23.164522882 23.150095836 22.5421127753 22.5561327368 22.6617141788 23.0828323121 22.7300060881 22.8268685656 22.6876072414 22.7586866464 22.9687115962 22.7802561435 22.6354863471 23.0878008052 22.9237368274 22.7477801959 22.8630589258 22.6647932548 22.6971524054 22.9913063862 22.5201007533 22.511495861 23.0101128167 23.0144840997 22.5644908195 22.8484250993 22.9963332697 22.6942619993 23.1648876525 22.7327063838 22.6016152088 22.7344491851
0 0 0 0 0 23.0010099044 22.8837560895 23.2057037963 22.979942487 23.032026851 22.7308071021 23.1984532297 22.9055045184 23.1796013093 22.9045307488 22.983692021 23.0921107314 22.5417010461 22.6530062095 22.7457324438 22.5476609723 23.0898975249 23.0485835307 23.0659864548 23.0794547451 22.604231311 22.8885443319 22.7326777344 22.8427339881 22.9006880596 22.7975899964 22.8561062511 23.147394512 22.603388373 22.5493368732 23.0485418481 23.123309363 22.8576931309 22.8408058717 23.1057299349 22.5678406087 22.6138413733 23.1261689962 22.8247651339 23.1255527991 22.6789746586 23.0267140563 23.0595477401 23.0103260285 22.5390356358 22.7646847942 23.0432583959 22.7344756063 22.9522941865 23.0011255302 22.6176546725 23.0653341297
0 0 0 0 0 22.5251638283 22.8000793687 22.7513638679 22.7135995445 22.7979289547 22.6341588538 22.780388719 23.0881486343 22.8918092852 22.7605860453 23.1499096621 23.1342779478 22.9691858963 22.6237754278 23.1095866529 23.2000557938 22.6440713893 22.9219009237 22.8555632534 22.6601734294 22.6621539532 22.9270698848 22.8236424431 23.1768087508 23.1541849254 22.7745076899 23.0844132963 22.8409015977 22.7541371386 22.5063294649 22.6531162354 22.8192960437 22.8242619201 22.9480220934 22.9529710647 23.0236320754 22.5386623819 22.6345186679 22.7678527647 23.0992055116 23.0389452614 22.5364384437 23.0241923764 23.0593390216 22.875952581 23.167064432 22.666132231 22.671814782 22.6197099339 22.8840875277 22.8651674005 23.0178313746
0 0 0 0 0 22.5111095988 22.6352469164 22.9249766865 22.5158724457 22.519329505 22.79681337 22.5048178731 22.5990507945 22.5775341613 23.0882181399 22.8101460174 22.9893254641 22.9669703052 22.7352379341 22.7951059353 22.6456138232 23.0909463176 23.1569631354 22.8794087592 23.1605772314 22.8250699217 23.028067666 22.7752513192 22.7878993113 22.9588531719 22.733488178 23.0039003026 23.1423283596 22.6974553938 22.6168379179 22.5406089627 22.7612363116 22.9891954807 22.7311026534 22.6746863354 22.5918096017 23.0316472498 22.7311859103 22.5592954227 23.0374773685 22.8320673024 22.5344548561 22.7269783426 22.7784619314 22.7813865755 22.9741377624 22.6063078271 22.9408534257 22.7777272207 22.5917804856 23.0786770739 23.0899215363
0 0 0 0 0 0 23.1683717009 22.5272568342 22.5262455531 23.1343270383 23.0040790692 22.7449530037 22.7223336437 22.8417301823 22.5578530861 22.6607423673 22.563548346 23.1642503856 22.9244031803 22.5521732544 22.9833085046 22.9190788153 22.6445963382 22.9973877097 23.0938108495 22.7504335518 22.8983753641 23.1785899431 22.5886280587 22.9946811942 22.6979250599 23.06630393 23.0256225292 22.9142601141 23.0193274739 22.9679422727 22.8894233832 22.9200859843 22.5847752596 22.6744490874 23.1768568143 22.9514719532 22.7597870792 22.8708536424 22.53278786 23.069488009 23.0788605313 22.9881216872 22.5668322438 22.9511665342 22.8520417942 22.9490551594 23.0583770635 22.7890757748 22.5399185043 23.0123969462 22.8879034857
0 0 0 0 0 0 0 22.9901079274 22.5367920881 22.6346121369 23.1067524694 22.9622268839 22.8672230064 22.5743505531 22.7452249195 23.1116460792 23.0866245304 23.1475095829 23.1835066746 22.6918329633 22.556531009 23.1404585645 22.8930502562 22.8320835467 22.6893782381 22.5947318655 23.0968615329 22.6480664716 22.7973284216 22.9664065128 23.048490484 23.1546361761 22.7053588728 22.576937811 22.6370912876 22.5368244878 22.6998593568 23.0513956531 22.8084094041 22.7505003711 22.5669615118 22.5187273849 23.1253507702 22.8008993549 22.5650322681 23.0109361597 23.1743350999 22.7400586707 22.9825739547 23.1003453136 22.8417291509 22.627013805 22.8324928809 22.6078048654 22.5687792147 22.5814102303 22.6765635063
0 0 0 0 0 0 0 0 22.9905666791 22.7458305509 23.0578519918 23.1038620281 22.6033402115 23.1499456801 23.0147544472 22.529007114 22.522294154 22.7033651975 22.6310169556 22.687621292 22.8106180099 22.9692060901 22.6137649448 22.6932997279 22.5485201988 22.7315386293 23.1187366084 23.0302181294 23.0766291689 23.1671983489 23.0781708331 23.1514435075 22.7171342728 23.107643453 22.6582902216 22.9712320647 22.8582166523 22.6734908199 22.67289451 22.7676850029 23.0461534362 22.9645291451 23.0682642736 22.6649285319 22.7540248427 22.5245504388 22.6125007419 23.1209233961 23.0924842309 22.8835612925 22.7693768527 22.9196506156 22.64053331 22.651606992 23.1349907738 23.0362800156 22.948865275
0 0 0 0 0 0 0 0 0 0 23.0276113872 22.5966450588 23.0378772625 22.7738588371 23.1919996765 22.5461514659 23.0726444083 22.7939542451 22.6362202317 22.616794329 22.6838022044 22.7632404129 22.8845340163 22.8474935672 23.0673835392 22.9153285722 22.5315311506 23.0031778096 22.9554886154 22.8553996982 22.5161145716 22.9252544284 22.5392091679 22.8049605425 22.975719136 23.0298291952 23.1686191393 22.8090010033 22.7901850279 23.1185018209 22.5898029836 23.1665480886 22.736907488 23.1178312535 22.9794360318 22.6832114505 22.6611513716 22.9761446816 22.5097315901 22.851944523 22.6931933636 22.8262678 22.854499764 22.8297575391 22.7620834806 22.5287323036 22.9168460595
0 0 0 0 0 0 0 0 0 0 0 23.1593590982 22.6947049867 22.8585022746 22.6858326123 23.0264618376 23.1240641281 22.9550963869 23.0259573664 22.847591233 22.6204054308 22.8830640673 23.170574185 23.1049435234 22.9594717391 22.6933011033 22.8971179075 22.9299749304 23.1573012011 22.5478581793 22.9598682802 22.5220240773 22.5938984545 23.1564057224 22.5529113723 23.178883273 22.7617266368 23.0034027733 23.0111454392 22.7052407927 22.7917406983 22.7338629914 23.1494520495 22.6102832356 23.086261259 22.6264703506 22.8264395096 23.0387795214 22.7495631421 22.8805510079 23.1084496136 23.0182063808 23.1376061118 22.5885981606 23.1922575988 22.7325344256 22.8812688018
0 0 0 0 0 0 0 0 0 22.9722552345 23.1991378107 22.6079812411 22.901599732 22.9591428996 22.786944842 22.728992859 22.8252296834 22.5330918788 23.1455227404 22.9734408001 23.023359929 23.1984090256 22.5951041857 23.1457208012 23.0314342306 22.56111413 22.9701000064 22.8961970216 22.9371435633 22.8370083956 23.1509909529 23.1784499209 23.1611404646 22.5630549897 22.7735259201 23.0082549353 22.5269677422 22.7203767496 22.7396390387 22.613003683 22.6423811966 22.5860830552 23.0950995164 22.6338705701 22.5353047705 22.9568799188 22.6823684423 22.5535628414 22.9286355261 22.6390804068 23.2000123361 23.0839027504 22.6384105387 23.033985455 23.131286801 22.9537957324 22.9368029875
0 0 0 0 0 0 0 0 0 22.7504516397 22.9434998896 22.900157081 22.9155742823 22.9977282235 23.0057472738 22.8292067321 22.7474388494 22.9906938824 23.1350961759 22.8919249716 22.8283744317 23.1907525466 23.0598155629 23.0326335956 22.6006498599 22.8792569253 22.9969731429 22.6523915336 23.183060562 22.9360784562 23.0646439185 22.7401812273 22.9924622619 23.1738421198 22.5555742346 22.9721405394 22.7019864383 23.0072516472 22.6666308557 23.0800935319 22.7699495866 23.1941046137 22.6768604749 22.5487567543 23.1360298522 23.0959062862 22.5267120141 22.6566470342 23.0108413666 22.7509342172 22.5103908131 23.1515659096 22.8022404338 23.0356945153 22.514107295 22.8269093201 23.0936624122
0 0 0 0 0 0 0 0 0 22.5110130476 22.5528777948 22.5690414218 22.6091770197 22.5665710189 23.1383585812 23.1042853091 22.8271306691 22.6362637358 22.9582909834 22.8790027298 22.6771310866 23.166458526 23.1748134919 22.5775881501 23.061014646 22.6989550887 22.8180857074 22.5822928133 22.5858361227 22.5478130593 22.9599435618 22.8792186047 22.6475464041 22.50097828 22.6672729084 23.1983099603 22.6142690172 22.8231399182 22.9112468687 22.5377882785 23.0752580311 23.0967019089 22.7990973108 23.0882211843 22.7329135647 23.1372741472 23.1486415222 22.6493256939 22.6975828242 22.5627992046 22.8935105272 22.5731732006 22.8386154716 23.1776513507 22.7689615786 23.1085712035 22.6841491219
0 0 0 0 0 0 0 0 0 23.0127031424 23.1069671042 22.7402564213 22.5856892764 22.5598045902 22.5227893731 23.0187095141 23.1297565876 22.5787243042 22.9889539426 23.0297190569 22.8372318569 22.6724559203 23.0157708032 22.7056476636 22.5062150263 22.8721045 23.1850327218 22.7791188745 22.9630385616 22.8236376723 22.7063017859 22.7152911418 22.8604245029 22.7849108699 23.1408583891 23.0011684517 23.0436594981 23.0462458887 22.6665796974 22.8032607574 22.6888624451 22.5322411352 22.9525007591 23.2013411623 23.1253024093 22.7588858497 22.787236724 22.8390212706 22.8246578222 22.8670382523 22.6734007765 23.0623164483 23.0135234795 22.9230770472 22.8993504376 23.1655967783 23.1816639706
0 0 0 0 0 0 0 0 0 23.0216995701 23.0006776559 22.9498947666 22.8632403234 22.919519076 22.945227933 22.6428831712 22.5858163184 23.1617789048 22.540832437 22.8988265595 22.9749622679 22.8122868422 22.5813684354 22.8293001606 22.7976620841 22.5156227864 22.8207194323 23.1908435767 22.7198661104 22.6362765169 23.1437878426 22.8366431931 22.7080172636 23.0520148475 22.924870047 23.1891445535 23.1192447345 23.1751115976 22.5106186648 22.7657543768 22.523002563 22.8065965099 22.6749652482 23.0669766065 23.0862902174 22.8888179912 22.9989672617 22.9001483142 22.5355589111 22.7439197678 23.0497375336 22.5379148411 22.5850873569 23.2030334289 22.5490412224 22.9852818344 23.0258184242
0 0 0 0 0 0 0 0 0 22.8734329575 22.5792679879 22.5652823427 22.6113591338 22.6463684065 23.0657401612 23.1129149354 22.6829469171 22.9660792726 23.1458650991 22.7958222027 22.8636622285 22.6307236034 23.0228520184 22.6873217032 22.663485619 23.1450276678 22.5689016382 22.8898266675 23.1201675901 22.9080963192 22.9750060742 22.7183696106 22.5766007645 22.5417209612 23.1807654609 23.0264465696 23.0644216401 23.1470763292 22.8530220344 23.0312037181 22.8830139745 22.9352563192 22.7381506507 23.0724703382 22.8459284581 22.8249887023 22.6912541085 23.151503024 22.7277857779 22.6052465058 23.1509793321 22.605854729 22.6144515246 22.786688737 22.5976251287 22.5748641819 23.0943727051
0 0 0 0 0 0 0 0 0 0 22.8501658694 23.2000067211 22.8040540359 22.7320372877 22.7865416642 22.6790279934 22.8776440417 22.6378211233 22.5613196928 22.7362036593 22.8812608189 22.7689872662 22.7893272585 22.8340117028 22.5619414549 22.6305093437 23.0700888536 22.5137144211 22.5981193406 22.6408530621 22.6182645848 22.5056575064 23.1373585972 23.1103211032 22.6925358077 22.9747162512 22.6180923275 22.6652672837 23.1543985162 22.9747452472 22.9420674268 22.7760722402 23.0174520354 22.8397437955 22.7599031132 22.91699545 22.8900390012 22.5109239423 22.9246589618 22.9286121816 22.9791735992 22.6076684457 22.6584581015 22.7223741153 22.6273032131 22.8108166292 22.6811033893
0 0 0 0 0 0 0 0 0 0 0 0 22.7527534446 23.1188587401 23.1223846491 23.1328011726 23.0257863009 23.2027501516 22.9097696541 22.5532765915 22.8597282947 22.9538506466 22.6581523349 23.1334450003 23.0339314335 22.5843462696 22.542353388 22.6097853671 22.7393950042 22.8712491867 23.1749779685 23.1067612094 22.9976221099 22.9046128004 23.0460006052 22.8152184117 22.870850434 23.0795087126 23.0804958987 22.6986689812 22.7314397739 22.6313987968 22.5708840567 22.9484700189 23.1344361237 22.8752400238 23.1155460624 22.6292189354 23.0013426859 22.6835694691 22.8630584264 22.7596249078 22.9983502435 23.0714539623 22.6917352763 23.179124009 22.6941994405
0 0 0 0 0 0 0 0 0 0 0 0 23.1606241915 23.0482686248 22.55574888 23.0821508317 22.8266679482 22.5087478826 23.0610137294 22.546302825 22.8242594725 22.5766176209 22.5465136026 22.8000599717 23.2030865328 22.8500258717 22.5268049962 22.6640308921 22.7194258764 22.613487144 22.6743289734 22.7505365038 22.5752738108 22.7916891591 22.9159809258 23.1893104896 22.6400332033 22.5507969724 22.6086342581 22.8191985616 22.8036970262 22.5021086958 22.6472385752 22.685702496 23.0881536779 22.9423189002 23.0174949417 22.7919650209 22.8077668211 22.984537531 22.648565704 22.782038202 22.8750531442 22.5517338954 22.9967620195 23.1550640247 22.7861659544
0 0 0 0 0 0 0 0 0 0 0 0 22.6608293282 23.1413664585 22.8071317059 22.6224693948 22.539471661 23.0723773803 22.5581223608 22.8010668713 23.0222092185 22.9865754495 22.5837051532 22.7549946193 22.5732303501 22.9237690105 22.6834650154 23.2008211484 22.9967571084 22.7443827735 22.5414965044 22.8638329376 22.6634097493 22.9072335936 22.8617168031 22.5739237572 23.0370892519 23.1021734667 22.8124018179 22.663090258 22.6223317516 22.7736958443 23.0304831597 23.0669348733 22.542424628 22.6361581431 22.7251421663 22.7462094954 22.9051573403 22.8674407286 22.7823690262 22.5472495085 23.1316737408 22.8537500342 22.6306316675 22.8006325605 22.8680183832
