Spatial_Output/DEC/DEC_0554.asc
NCOLS 155
NROWS 192
XLLCORNER 196307.867259
YLLCORNER 449144.565805
CELLSIZE 33.573938
NODATA_VALUE NaN
[rows 26 to 51 of 192, columns 0 to 56 of 155]
0 0 0 0 0 0 0 0 0 0 0 0 0 0 0 0 0 0 0 0 0 26.8107669537 27.8478377744 27.5938714076 26.8570616291 27.1452930707 26.9556912074 27.0154577651 27.8030353332 27.6982462648 26.5738196711 28.5998049452 27.1166995615 27.9377874747 26.6097659326 28.6125975902 28.4609930061 26.8540422059 27.6947097375 27.0748891241 27.0360645986 27.1820332287 27.0533934669 27.7566544315 28.188918215 27.8278227782 26.6463147737 27.3205873565 28.4882235997 27.5169295446 27.4576503192 27.8160210904 26.6818892923 27.7096184419 28.0208578959 27.949684103 27.5848626959
0 0 0 0 0 0 0 0 0 0 0 0 0 0 0 0 0 0 0 26.6572908797 27.098903477 27.9856920273 26.8223307491 28.5141270911 26.6657037206 26.784826902 28.5060108994 28.4046094728 28.362153362 27.3159456549 26.9374936958 26.5139972685 27.1880993789 28.1743333679 28.0712307602 28.2666376868 28.5480997773 27.2514220593 28.4962675574 26.5856778188 28.259930454 27.113427265 28.2790871704 26.886358318 28.365717774 28.168551786 27.212018129 26.6621198298 27.4642676169 27.8825325953 28.494482097 27.4247463556 28.4165125003 27.9430967552 26.581857207 28.3551759515 26.8818682653
0 0 0 0 0 0 0 0 0 0 0 0 0 0 0 0 0 0 27.45814526 28.2051399927 27.20164534 27.5650673348 26.5129932084 27.4647351898 26.918448447 26.6688304577 26.8865411417 28.2910666327 27.987059283 27.6882594946 27.4532368724 27.7573014267 27.7559052275 27.6720706409 27.6811217727 28.2013280856 28.4409769623 26.7239765167 27.291079823 27.8357124923 26.5150138103 26.5204849197 27.7397512002 27.272941564 28.328502837 26.9590944681 26.7151983381 27.3557361485 27.0119430798 27.9680260227 26.5282214833 28.2075558682 26.7588270788 27.1967404041 28.1063966412 27.7484830622 28.1059139688
0 0 0 0 0 0 0 0 0 0 0 0 0 0 0 0 0 27.2543917565 27.4410795308 55.2372341458 43.6061770556 51.3121101089 27.355749286 27.5050721595 27.1688393628 28.4083520723 26.8230579032 28.118979426 26.6976841345 27.8300740507 28.5241588411 28.6028421077 28.0533390339 26.6986384782 27.1040005254 27.8488785898 28.1976791514 27.4472541281 27.5018995718 27.8559606846 27.6834684025 26.9531837094 26.8352290975 27.2994095742 28.0118602564 28.4380929759 28.4930405201 28.5277060056 27.0240037223 28.0175041504 28.4928086434 27.9570822112 28.551070001 26.6859426088 27.4028420713 28.5348001827 28.6111420472
0 0 0 0 0 0 0 0 0 0 0 0 0 0 0 0 27.0667117736 28.2446363129 27.9961442549 53.0396821098 50.7215181303 50.8993310786 28.0361317937 27.0164670022 28.1517762575 27.4336211669 27.8381378313 28.3718043315 28.0460864005 26.8175906457 28.3900425304 27.2828308885 27.4792554382 27.2249569788 27.7177768539 27.2216936394 27.1638278524 28.082834681 28.2527908674 27.3776150091 27.1514557822 27.1228280915 27.7085483594 28.268346477 27.9189308716 27.262617214 27.9958021053 27.9289182881 27.3513338417 27.3605199546 27.3370711855 28.3120102031 26.7308296517 27.5621930865 27.9036725172 28.5794048989 26.6389028925
0 0 0 0 0 0 0 0 0 0 0 0 0 0 0 26.9404770178 27.6221680525 27.0259864782 28.5818852062 53.0544401854 40.7062178601 40.4088781568 45.0531181137 28.0278677188 27.8049457712 26.7856946551 28.0909681027 27.5421423032 26.5630199262 26.8578531403 26.7569878163 27.7076634718 28.0659199918 26.6574585823 28.1395125982 28.3736254372 26.7058047696 26.7228329711 27.5024805662 26.5486930405 27.1059548999 27.0493574178 28.5679798965 27.1835424878 27.4652624531 27.2413494624 28.3377097408 27.9486589414 28.3614105291 27.7960244779 27.0848567666 28.0219750069 26.9073295314 26.5510021576 27.3010806771 26.7787176588 26.5667564078
0 0 0 0 0 0 0 0 0 0 0 0 0 0 0 28.1715071114 28.5858406319 28.5572762599 27.8704672687 51.7924693002 48.1088495592 40.5605659122 43.4955570906 28.0201494675 27.7459094224 28.3326816939 27.8594793214 27.4799811404 27.1938227766 28.1326253888 27.7778074357 27.3075745798 28.2300630055 26.6174490746 27.2948804583 27.1934798722 28.4624438533 28.4057908423 27.5177871321 28.3966917076 26.560425392 27.0675966611 26.8006138305 27.3206340518 27.7935318432 26.6506858565 28.1677922642 27.1424661422 28.2389570276 26.8466889709 27.4279910949 28.5296882598 28.3873739685 27.8033168626 27.9055579458 26.9635719925 26.9099893348
0 0 0 0 0 0 0 0 0 0 0 0 0 0 0 26.7378474616 27.4571511494 27.9586706882 27.5484551248 27.6406271787 51.2914492248 39.3515003791 45.2387270639 27.3896953713 26.6628558527 28.4871410048 27.8250281834 27.6603755821 26.8483523593 28.1948377852 28.0870064312 28.0563680299 26.8638967903 26.6379308328 27.0172032617 27.4228288456 26.8896608425 28.3588775496 28.5756311899 27.7100606774 27.5674949797 26.7816108471 27.1316203814 27.4354614741 27.5651516917 27.7558501694 26.8152350722 27.7781204955 27.1924143311 28.4443577615 27.0298486093 26.8130098798 26.5044924211 28.0334169522 27.3858640147 27.6583523316 28.0451651482
0 0 0 0 0 0 0 0 0 0 0 0 0 0 0 26.9996244092 27.0851734736 27.2108812727 26.5808720513 27.787187018 28.4222479462 27.4646998278 27.3746909851 27.7391788279 28.57793037 28.1978224579 27.7834056799 27.5902105909 28.291343041 27.6684751262 27.9403239292 26.9438365009 27.4181953389 27.4232101312 27.0482359931 27.8398357776 26.7597623602 26.9296257906 27.6793932109 26.7159932575 28.0755543143 27.3541136462 26.5268509888 27.7649646002 27.8574641747 27.5647625723 27.3722382082 27.1778469651 26.7181662188 28.5447487458 26.6143530932 28.3581130976 27.6394878394 27.6828625095 28.5916744935 28.3767294931 28.1695786979
0 0 0 0 0 0 0 0 0 0 0 0 0 0 0 27.0001701131 28.4944919152 27.5450429001 26.7956867162 27.4599487916 27.2709776171 28.0540525842 26.8545225056 28.4974944248 27.560112423 26.6393763624 26.7087219093 27.7946425157 26.5074087831 27.576164065 27.7274204693 28.0219122532 26.9941578148 26.7879207495 27.2802366403 27.8769941704 26.6363891565 28.5222803552 26.7696605182 27.1058386844 28.5959458577 26.7062367246 27.7439902979 26.6204963857 27.3235970656 26.6878164344 26.5969190491 26.847564499 28.3988263882 27.5975795142 26.7114202514 26.5470043061 27.8925306393 28.2118505715 26.6969475452 27.7986669606 27.8698110424
0 0 0 0 0 0 0 0 0 0 0 0 0 0 28.2300852779 27.4520538573 27.3909363987 27.4175327945 28.2874295072 28.0920957725 26.555786617 26.7886085279 27.9870094806 27.71941374 28.4396822034 27.5530952633 28.3458836882 27.5479026405 28.136012116 26.5653410912 27.6202136097 28.1393735347 28.0975548312 28.1140866653 26.7471099868 26.9826647982 27.8701537736 27.4248873727 26.8483290341 28.4464322466 26.7818898078 28.470000492 26.6549649198 27.2815973369 27.8471834672 27.8865547804 27.9071566848 27.2344262571 27.1446873655 27.4205376523 27.2655651332 26.7573248448 27.6912239097 27.5431374615 26.9404143094 28.4202378117 27.3256581656
0 0 0 0 0 0 0 0 0 0 0 0 0 0 26.7433585841 27.7218674872 27.1165720042 26.8538397846 26.9167362966 27.9558943307 27.3416409431 26.9842124209 27.5789076496 27.3923994951 26.9528557203 26.8753462941 26.5825968585 27.7571251855 27.0895049974 26.7475860062 28.6008537435 26.8009091841 28.1239553786 26.7378252514 27.2719749618 27.1898643085 27.5327481872 27.0699898233 27.0632675083 28.4687951753 27.0285921433 27.9381457211 26.976018688 27.854191567 28.3680520742 28.1626021436 26.5643370037 28.5887862981 27.7457156818 26.5283365347 26.9052722828 26.8010056866 26.8440699881 28.4224274861 27.007709177 27.2670090469 26.8818750595
0 0 0 0 0 0 0 0 0 0 0 0 0 27.1456858211 27.4680303647 28.312442814 28.0990980048 28.2314043402 28.0194263735 28.3779397972 27.497093341 28.2379257979 27.0421759851 26.6684596087 28.1578888033 27.9684064546 26.811536034 27.7868420459 28.1629938747 27.5534635458 26.8232244688 26.9797951003 26.7483162104 28.0880518897 27.9914962989 28.3982464863 27.7554393508 28.2296588933 28.5611638348 27.5777002217 28.1474037665 28.148581912 27.2771463821 26.860277731 27.3399138392 27.1782151569 27.1451222799 27.138173456 28.6117543048 27.7459338894 27.1996887277 27.8286968868 28.5726240331 27.3865120734 27.7887472761 27.7453391527 27.000260308
0 0 0 0 0 0 0 0 0 0 0 0 28.3994467262 27.3417305455 27.5447983176 27.6144201825 27.601994425 26.9398302344 27.5953991867 28.5231958582 27.7698550903 26.7463979725 28.4913030945 26.930707436 26.7341995502 27.9807174686 26.5943283761 27.0218600426 51.0845195945 53.1954125937 48.0563859186 27.2523599929 27.2571926197 26.7032626301 28.148154241 26.6590619884 28.1906336843 28.1081162459 27.3078651547 27.9323904902 28.5876190787 27.0736432296 26.8614231083 27.5128684383 27.5495137915 27.0441191756 28.2662949179 27.1194428118 27.7002805071 27.8401704027 26.6579061154 26.8847202198 27.1605896629 26.8334305579 27.8463063622 27.2435733713 27.1287847111
0 0 0 0 0 0 0 0 0 0 0 27.7057879338 26.933579046 27.8489235573 28.0664962034 27.4325217187 27.5094710884 28.5424409868 27.7069607909 28.1033861512 27.2653703552 27.3144653279 26.8583899051 26.5644184835 28.2837507776 27.675588329 27.2062097501 28.2607754752 45.4840813911 39.4610902367 43.6669440182 28.4023118995 28.1774530404 26.9746611023 27.1860379453 28.1115377592 27.5079569931 28.6042480916 27.1267941476 27.6118529164 27.6001526956 28.0209015914 27.7894377768 28.14995396 27.1551540216 28.3574190576 27.5228636924 28.3935493112 27.6026241137 28.0178672701 26.8019242479 27.4868232577 28.3091045679 26.5673346972 28.2252470653 27.6270100313 26.5226889272
0 0 0 0 0 0 0 0 0 0 26.7039133851 28.2951994097 27.1465661524 27.6377945351 27.7496057233 28.1249668937 26.589160853 27.9990337541 27.1157472794 27.0120130696 27.0267283204 26.8756400386 28.5277335976 28.2340523719 27.0437027414 28.3475257137 27.0622381937 27.2095605346 50.0506816903 51.6333156611 42.5042587798 26.5956288422 28.3168504142 28.2836899075 27.3127569951 28.4839851141 26.9178408958 28.02163041 26.5863026601 27.0096306539 28.0628627836 28.2302741793 27.8538129856 26.7739734489 27.6936894558 28.4541440343 27.7643521256 27.1767448956 28.1865064028 27.3012920368 26.6300648159 27.8865909641 27.7127476697 28.0663838278 27.0817266701 28.1635197577 27.4996873862
0 0 0 0 0 0 0 0 0 0 27.9966409012 27.1637827754 26.8032797836 26.9075466949 27.1752545432 27.9518068502 28.1283468874 28.536036849 28.4190972633 28.3811466962 26.6697274684 27.1297730906 28.5266113325 28.4070515826 28.2098742927 27.2925158968 28.1125185919 28.3423826592 48.3887897662 54.9122616559 46.5165967245 26.8905845576 28.3144388033 27.9883102997 28.1893285377 26.5138283867 26.9762497721 27.7730725453 26.8387341209 26.8488250378 28.2179270471 28.5206334024 28.1891587973 27.402108317 27.8960631581 26.8588149272 27.2744933875 28.5973409727 26.8609803614 28.0768206223 27.9698637115 27.9809242474 26.934321415 26.9269313278 26.6288840237 28.5299004965 28.5119582551
0 0 0 0 0 0 0 0 28.0962555922 27.3929728785 27.9835819741 28.2541775473 26.7207895053 26.5523879827 28.3652388075 26.7724437871 28.3295343371 28.4938214293 27.166551834 27.4426327751 27.6419723383 27.3385328579 26.5160693368 27.7602956597 26.8826078704 28.4295446206 26.7056804322 27.1067414717 27.0448706222 27.8506497114 27.4883921273 26.5268328204 27.9955379571 28.3930291115 27.8036637064 27.133641002 28.2515498117 26.8570870259 26.896844612 28.4606513376 27.4075588677 26.98325713 28.4961024675 26.5533353353 28.4878273013 27.7107482267 27.6118402812 28.1601597326 27.0312816351 28.3012953529 28.4685947801 26.5591677062 28.1685912872 28.5584183127 26.7409476537 26.5643950814 27.8593537464
0 0 0 0 0 26.8214102927 27.1080072232 27.1585190592 28.4460268498 27.2495388429 26.9718351149 28.1737986605 26.6941907264 27.7306020909 27.5423480636 27.4938256982 26.5490072239 27.9728812592 28.2321550846 27.2331166221 28.4367867319 27.1464158118 27.0373921974 27.3619431017 27.8981778254 26.8395180628 27.619149875 27.0784350537 28.503393712 40.0156863038 54.417644461 49.4773265412 28.5724777434 27.6496223307 26.6321563525 27.4092118998 26.8719534543 27.3792586294 28.2293538137 26.9428876944 27.288905788 27.3766361824 26.9663265386 28.2118078446 26.5235977561 27.5251036938 27.1621480272 26.9752853344 27.4999509683 27.0671748182 27.1771930442 26.5982030631 27.0180337321 27.4913208459 27.4901932252 27.1229365083 26.6675215181
0 0 26.5632353685 27.2564799275 26.7580842844 26.8584995884 27.2985380964 27.9366252527 27.4875879116 28.194442622 28.3440648604 26.9462206972 26.8464746971 27.9106241038 27.9068765937 26.6294985577 27.4189819355 28.5347269682 28.3130512443 27.8616883862 27.0920370407 28.0127444465 28.2439386227 27.2061853778 28.2836043612 27.2261127444 27.1899486111 26.6184498518 26.6922003647 42.3383148225 54.2671040264 48.9860439771 28.5036498133 27.4232353635 26.9315733997 27.7524431059 28.4522317716 27.0105530337 27.9817012589 27.6893833192 27.9531476027 28.2925349705 26.9447208361 26.8880392221 26.5155661406 28.1434991086 26.5135344289 27.4161824183 26.6615195656 27.6829309354 27.2927953738 28.4987388341 27.1446135535 27.3931037545 27.2762270002 27.9527658676 27.3594600051
0 27.4380597551 26.7317858252 28.3312845856 28.1806099054 28.1137127854 28.1398600019 28.6147517725 28.0382264631 26.5331144933 27.2436526282 27.5918078606 27.9120381641 28.5461452253 27.4568856223 27.0965378281 28.1408836131 27.6366742079 26.8849996124 27.5995075852 27.2182363888 28.4240669446 27.9907991019 27.0172965322 28.3331724189 28.185762501 28.1085307866 28.5826366761 28.0601371183 39.6018363362 53.7334907799 45.4319252645 27.6222973496 27.5169289206 27.1661659691 26.907158209 27.0563945653 26.8325246877 27.9528272945 28.3921518929 26.6123619537 26.9235441859 28.1805152075 27.6060344062 27.1325439445 28.3715391734 27.9672364247 28.1216852856 26.639863073 27.2421324654 27.1301496892 27.8511560403 27.6378786371 27.8649380282 28.5164318838 26.8493536755 27.1435650781
27.2410924991 28.0864388912 27.454502853 27.3518782378 26.649609618 27.6078451801 27.3322725349 26.9000675393 28.19394598 28.5116384986 28.2230866395 28.5533035415 28.0709904708 27.6603831352 27.3174540453 26.612476952 28.6045140162 27.9065185147 28.3802953954 28.230288394 27.7772299364 27.8914707646 27.5894231282 27.7622400915 27.8188264826 27.9838330476 27.1488188514 28.349936814 28.5646511771 28.2870249438 27.6061432117 26.5558724797 27.5474261954 27.1240055904 27.1044072112 28.4737553697 28.3814114196 28.5190878871 28.2226286406 27.9294857988 28.1473639623 27.8368973925 27.0916790219 27.9599408886 27.6315314612 27.8767448879 27.3090981758 27.7481064355 27.0853533222 27.3071858702 28.1024201796 26.7981882921 28.1139754609 26.5732668486 27.6419451942 27.8797719045 27.6022588645
26.6469025261 26.5647672163 27.6847570343 26.6122366495 27.3054327105 28.3050175639 28.4529494518 26.8821246698 27.7091174331 26.7763725618 27.4579586945 28.4437176229 28.5228432992 27.0320583786 26.8744096861 28.2509665763 27.6279060533 26.5226972412 27.7431434512 26.7193435685 27.7255644826 26.971482623 28.0316457292 28.1559442352 27.9003376866 27.8267940093 27.4250003252 26.8086324277 28.0820687022 26.7463875203 27.1472165263 28.4231361531 28.4298479707 27.4890294513 27.2097793017 28.4989951237 28.43867952 27.4304646135 28.0352742629 27.793322445 28.0315624586 27.9066830899 27.6493221014 27.7519878441 28.4192801145 26.9820215918 27.5072418053 27.6209704953 27.5022671084 27.472129977 27.75276202 26.8791982826 27.7760627205 27.6758940927 28.1245454451 27.2611789722 27.8201356077
28.08961142 28.5265510995 27.9253178532 27.644380025 26.5131668202 28.226386675 28.4207533317 27.9311665728 27.6987776812 28.0280249026 27.7783008441 28.3336794597 27.8366115233 27.0265107649 28.101291458 27.8153973468 26.9206272591 28.3457172822 26.8008454501 27.3886724433 26.830019006 27.1653378501 27.5549982409 27.4210752907 27.0900108996 27.8527850267 27.785291677 27.5293983177 27.0448539093 26.7836196765 27.0319805345 27.5211772877 26.7542475914 27.7097219676 26.8603791783 27.3264240427 27.5676187878 28.2513033996 27.9627190627 27.8081191317 26.7492525147 26.6247718863 28.2272203808 27.3546998173 28.0715097981 28.4205249842 27.5194399397 28.4629701403 27.3573143541 28.0353471141 27.7439572809 28.1885697425 26.5891665566 28.4771855814 28.39747246 28.3154331627 28.3846323585
27.1410948733 27.1258552722 27.0122878629 27.2661194237 27.2247624499 27.2892518383 27.9143918415 27.8266648599 28.1525847318 28.2198622586 26.7279255439 28.352308317 26.9619948757 28.4790432526 27.8959914855 28.0281711236 28.2280878786 26.9586641371 27.8762717643 28.3426598949 28.4453988172 27.3825951462 27.5884228323 28.2738211717 28.5033667113 27.7047335356 27.4761184141 27.2846474918 28.1178816028 27.7449944516 26.9558734052 26.7005133739 26.9273123031 27.3134002989 28.5946299111 28.3155147383 26.7126218958 28.4694939309 27.0622649468 27.8320373598 26.8402988319 26.614721636 27.7911849066 27.9006042773 28.5326497043 27.0110732379 27.9974818202 27.6554299804 28.0137590373 27.4243637445 26.9382647651 27.3806203188 28.5570030876 28.3911658605 27.7619634423 27.220277679 27.3613710116
27.1649202466 26.5784140775 27.6376363793 27.8911332222 27.6098750786 28.4904337373 27.5140851911 27.9039182298 26.8035546599 27.2510923835 28.5043738827 28.5147819264 26.7284470128 26.8088649715 28.4646600587 27.6412605751 27.6492739044 26.7019784044 28.4281354944 26.7787844789 28.4303295263 28.4155427414 28.0055934963 28.6178733968 27.2658447176 26.5329159559 27.9200300858 28.3699059696 27.4524233567 27.7080531409 26.5570207485 28.1291634575 28.4245928985 28.543567027 27.7569835576 26.7496805133 28.0903813021 26.908444927 26.9517057363 27.9127963596 28.5440925432 27.8919134803 26.8035100269 27.2276679889 28.40096517 26.888410872 27.2707476413 27.9887019832 26.8344776504 28.0574054181 26.6218918897 27.0378298049 28.2906903246 26.628972547 27.0485099555 26.8753898766 27.3693818489
