Spatial_Output/DEC/DEC_0979.asc
NCOLS 155
NROWS 192
XLLCORNER 196307.867259
YLLCORNER 449144.565805
CELLSIZE 33.573938
NODATA_VALUE NaN
[rows 78 to 103 of 192, columns 57 to 113 of 155]
24.6147964416 25.4234856935 24.7740616159 24.8540543716 24.4294850579 25.0339021751 24.2025909767 25.0774851666 25.1434896041 24.1477018486 24.5669991138 24.5587578969 25.0299464632 24.0070517447 24.9790540071 23.7994985262 23.9017120671 25.3523723113 23.512326855 24.6563908204 24.6586656895 25.0059565073 24.2656647566 24.8392808721 23.6664722086 24.2841405942 24.757905121 23.6052560125 23.8918330479 24.4370362317 24.575999087 23.6577368383 24.0588923936 25.224530467 24.5049526286 25.3551599418 23.6448339441 25.038444261 24.8152998609 24.6524170614 23.7715493748 25.5026382589 25.2272658334 23.5597516139 23.9821431298 24.2563169766 23.8310097845 25.0527826638 24.8625877097 25.0284069034 24.8707266159 25.2190189906 24.6194849552 25.0709234965 23.8218467413 24.3857649085 24.2055061384
23.9466909883 25.4992350608 23.5895399582 25.113030548 24.8687260755 25.1021884424 24.5367287242 23.9321316356 25.5625670621 23.9223791314 23.9788866716 24.8729152974 25.2348450694 25.1146805715 24.5096122308 24.8147155604 23.823255914 25.2819221995 24.2888794319 24.7423925335 24.8914981452 25.0532622169 25.2540559196 25.4186836467 25.4078409213 24.6979536032 24.6984874673 24.4411268454 24.7505082401 23.6000028026 25.2015621284 24.8912823846 24.8473287739 25.1102272249 24.9454437751 25.3617493703 25.1407329725 24.145016571 25.5656949869 25.2502563739 24.4705041917 24.7377101449 23.6954706759 25.4694539839 24.5443317719 24.5263098106 25.3839856345 24.3626022884 25.2177926371 24.5721067248 24.3038248987 25.3667977318 24.3699865144 25.3009943475 25.3251517177 25.0580930546 24.7486855141
23.7532172521 23.5535573438 23.8366317697 25.2512698062 25.3221873506 24.0414604822 25.3673293953 25.5487478846 24.3090180025 24.8835364772 24.0656636858 23.9044069049 24.1691819913 24.6255596019 23.8832217614 24.8224852133 24.5800360258 25.3268087013 25.0754137426 25.5540102691 23.8239418592 23.7798467193 23.6816494942 23.8767244183 25.3794249298 23.9982504956 24.5450659857 24.9533531666 25.5167429162 25.5221011393 25.1266469176 23.5807978264 24.7126594672 23.8189490368 24.7391180561 23.8245376087 24.7880417552 24.8991298923 25.037687559 23.5689083239 25.1854558065 25.4582510571 24.5264622202 24.0778397109 23.5960429382 24.0819177349 25.4741960348 25.0100844952 25.5899021266 25.3046423962 24.9760410838 23.9805057467 25.1910880749 24.0183194717 23.623713133 24.5597683216 24.8336948949
24.220375111 23.7535744048 25.0111267013 24.7589988769 24.846173659 24.7289023501 24.6648194853 25.3012701345 24.605023661 25.0877046236 23.6812271396 24.1584020319 24.6932589185 25.1816783881 24.9688466931 25.1520938662 24.6843729905 24.3593102875 24.6360540178 25.2483743144 23.7824242466 24.7682783296 23.6857124501 24.5093109201 23.7511111591 24.3289806958 25.3959018786 23.8707273855 25.5858886757 25.4962463721 24.7359325156 25.3383915266 24.7975827233 23.9281131125 24.9174061737 24.0254130553 25.1083465711 24.8040367602 23.9466413052 23.7981007063 25.0865160671 24.9537034918 25.4350043804 23.8790643018 23.9791974426 23.7702343825 25.3023701868 24.1367962645 24.0693769296 24.5862569653 23.5262487547 24.6799727869 23.7669779972 24.1072803826 23.5147905076 25.4125765556 24.2961493118
23.6391233451 24.6292268498 24.2494887293 23.8278764501 23.8138760665 23.5769618534 24.8797038713 24.5893294394 23.5930284083 23.5090455304 23.6515790724 24.9231481886 23.7200332737 25.575363251 25.4065763509 24.03504452 24.4393539213 24.0486873209 24.2901306443 23.7129954343 25.5732829291 25.1649958793 24.8698398308 24.4925244344 24.0818062775 23.7082836618 24.7525294268 24.3654309569 24.2012597668 24.9118953492 23.5413203085 24.8508929396 23.9360167207 24.5250798856 24.8915341495 23.5749307665 24.0990852805 23.9403346576 25.007946678 24.7429826243 25.1951021531 24.1521895248 24.5596775449 25.2026455427 24.031534176 24.389340308 24.1050765959 23.6367020812 23.7342621894 25.4205900329 23.5530556922 25.2282455363 24.8193204623 25.3853809328 24.0145069627 24.1448219018 25.3184344505
25.1898568581 24.6399666106 25.1531874342 24.6547302679 23.9101831205 23.8364387153 24.1457160809 24.4759233464 25.2905710397 24.6332702823 24.834925429 25.5410659122 23.9875917461 24.5595335526 25.0503645407 24.8222364567 25.1348756762 23.7026216758 25.5054710584 24.4217770521 23.9734073465 24.2517559399 23.5674973813 25.3362872754 23.9339350171 24.1078977532 25.5327449647 23.712938899 23.8287552379 24.1951676943 24.4470135373 24.0749841399 24.2881535351 25.3133316144 25.561334236 25.4372594619 23.935936488 24.7131578672 25.2807648694 24.7012629738 24.9643594224 24.0204402546 24.3429587051 23.9666536749 24.3752427193 24.4231261731 24.6377478753 24.2172086505 25.5126290421 24.4472568411 24.470162441 23.5011106338 23.7896425243 25.2345309596 24.3264856588 24.1942806673 24.7411719086
25.4447043046 24.460744177 23.7762052115 23.5488322165 24.2516087661 25.4144940874 25.5134720396 25.4696504451 23.6342549084 24.683687245 24.7777732531 24.5938581417 25.2380979327 24.708734888 25.1841687111 23.6667265864 24.4497001079 24.3745139954 24.9741598956 25.5406350391 23.6735302944 24.6491209062 23.8112287915 24.0485306158 24.7405364779 24.4996203526 25.5894094114 24.0218431988 25.0828146523 23.9576482152 23.7194779106 24.4894324542 24.5740618672 24.5496528168 25.2583421008 25.4375149919 23.5818002039 24.1081991782 24.2735777788 25.0776836808 25.5249575144 25.1367244662 24.8507513173 25.3805164737 25.3623969939 24.4620909941 25.0655602282 24.8324288251 23.7528623439 23.6258685372 24.2474390417 25.3951039345 23.8370309133 23.9999307481 25.2132357353 23.5877781866 23.9848656477
25.45293139 24.6474236732 24.6660900237 24.9016583205 24.3742006186 24.3721480034 25.1326032261 24.5066310309 24.4104301574 25.4418309932 24.4932857269 24.7815017311 25.1911505726 24.5925558737 24.3713042791 24.6586758502 24.6009305537 24.1195656604 23.928126708 25.1409051164 24.47030882 23.744179974 24.4020985248 25.0983586987 25.2581694738 24.491503129 23.8998470277 24.7737785535 24.2832599839 24.4180353001 24.603055488 25.1267016919 24.1628225421 25.4346237149 24.1697394341 24.9534229432 24.3961450863 25.3632542412 23.9584554073 25.1020726878 24.3067877588 23.8434120835 23.6313340942 24.6405000972 23.7002989973 24.8348401903 24.0954064384 23.5621017715 25.005799622 25.2898164456 23.9606107718 25.6037136416 25.1862799897 24.4825246613 24.9123033738 24.4656187705 23.7561461441
24.4767637806 24.5747793854 24.7725266856 25.1134845955 25.0494007889 24.0555410497 24.5395885921 23.6094879835 24.6645150771 24.2630918755 23.9882104753 24.4077524175 23.5168919462 23.7770274583 25.2543108336 24.0418104566 24.4203802527 25.2082132559 24.2967457729 25.4026602929 23.9963455311 23.6317094104 23.5944367171 24.210294318 24.4616640956 24.8336689907 23.6660052776 25.559174347 25.4827564223 25.3302339169 24.0945058722 25.4659634943 24.8516300425 25.3015851124 24.4380033879 23.7034936157 24.2283661591 23.706794995 24.1441841656 25.0102039091 24.0717512908 24.5396622028 24.5322095852 24.8816420646 25.2377115734 25.1810155119 24.1621353914 23.6394553178 24.8840229791 23.5446394994 23.8531586354 24.4776693907 24.3780569275 25.3743410954 25.0773408067 24.8001321829 25.0960966525
25.1669652697 23.8547561606 25.2631998811 23.975697809 24.8881776356 24.588461923 24.7818108151 25.0997164064 24.0548876174 24.7458207226 23.8169968132 25.2293273383 24.7734557934 24.531579574 24.3700392493 24.674466411 25.2861831005 23.6052911646 24.9907512724 23.852607625 24.3102632576 25.2923829762 23.6695770735 23.6232589166 25.3329857785 25.4503790333 24.7135057511 25.4653998336 24.0912634844 24.4667973035 23.5082574531 24.7498834915 23.8706716864 24.6599308661 23.782606573 25.4848188184 23.886710542 23.8123462675 25.1532678525 24.2074279895 24.1479667647 24.3087713774 25.5523798749 24.655212432 24.1044880459 24.2722187125 24.3271480016 23.8607624045 25.5160201248 23.7744909071 24.2191625983 23.6543056119 25.0559878856 24.1989945316 25.2899644677 23.6829647552 24.001244592
24.2285170682 25.5370320262 24.8929294099 23.8145387785 25.2165703566 24.1313796566 25.3874442431 25.0326571176 25.428737696 24.1760033141 23.6864868823 24.7018473689 24.4563451639 23.808998338 23.6626260152 25.2148687982 24.8670862145 24.7712466922 23.5276207269 23.5207682883 24.2833846261 25.0243611925 23.8158167468 24.8207493488 24.4119993151 25.3833955094 23.7287563531 25.1943052386 24.2714184333 24.5016718123 25.2357480471 25.5318544067 25.3596929332 25.2114216569 24.6148368068 24.8645105552 24.0228124981 23.7216773876 24.621834328 23.7638978042 24.2793250048 24.2404127552 24.3811780538 23.8759877802 24.8658672581 24.9702284639 25.2362293128 24.8917608592 25.5814573596 23.9441514772 24.1625981385 23.8743686009 23.7410349285 23.732213025 25.2207455448 23.7277113168 23.9399200085
23.9756793305 24.2142898017 25.1316646187 24.5651840443 24.036279355 24.1698048663 24.6459567261 25.5863344329 24.1767709793 24.5489705437 23.7211897242 25.507000095 24.2996915411 25.0523073966 24.3931176382 24.7072085912 24.3166051183 24.1835588795 24.9876829968 24.6518964731 24.226798896 24.8047765706 23.529417253 25.4017887913 25.2898861727 24.770608758 24.921030506 23.7879765929 24.1272341023 25.4498328253 24.6362087438 24.6332786235 24.1029578614 25.20823797 24.263169591 24.1345537346 24.2827255376 25.3171233713 24.3911716614 23.677957404 24.7455471233 24.7566828274 23.6329455471 23.6423717901 25.1208552152 24.7950996842 24.8752135885 24.6166631585 23.641393763 24.4581214233 24.7036958658 23.612992204 23.8282384806 24.8015338424 25.5955027926 24.7720471738 24.2124680129
25.6148525183 24.8978735761 25.4466520641 23.8358878589 24.4883932297 24.2439771588 24.7412156395 25.3066564961 24.1341448079 25.3285901086 24.4087991435 24.9105894906 24.567827395 23.6847432999 24.3492547706 25.0162774977 24.4681722446 24.0392463102 24.8743067715 25.145187985 24.8275928221 25.1093893658 24.5042091448 24.2827246545 24.5079259301 23.8812152121 24.1746319299 25.0752783468 24.6573999921 24.2863825556 24.5705606692 25.6173973473 25.385166282 24.7719610061 24.5873910009 25.0486144493 23.7300311078 25.1812413297 24.1711714295 24.0442134147 25.1994947956 25.4398515013 25.2572320462 25.2820288636 25.5114945945 23.9167309839 24.9766302535 24.5488352332 24.7708218241 23.9906493713 25.5097889864 24.4610108028 25.2423846126 24.0178732596 24.9728295559 24.0136990281 24.5709056715
25.4778506212 24.6326889235 25.5902888524 24.3713063625 25.5178180915 24.591360787 25.2715620474 24.8593471091 25.1046218372 24.4338439101 24.43708218 24.3841685897 24.274895279 24.1933511788 25.2604438982 23.7373875479 25.4154684913 24.1451366742 25.3780614418 25.5302114502 24.4724497544 24.3502914811 24.6407801629 25.5721694803 24.1163967561 23.9795923554 25.0374804091 24.1803309667 25.2155866167 24.3945427734 24.8273554056 23.6205271798 24.2489018133 23.7405541949 24.9192729514 24.4082516519 25.2130556548 24.0896923428 24.501822167 25.3250036057 25.0219147678 23.543635397 23.675137599 24.5421038616 24.2567063434 24.6587750284 25.5005898327 24.6587084692 24.051761909 23.9419342483 23.9855172242 25.0105954969 23.9731923945 24.5163644013 25.1812669137 24.1734533197 24.5728833301
24.008490106 24.04348637 24.263538069 25.3002942898 24.7297202671 25.3696196105 24.8220367615 25.0401297089 25.3556629914 23.7317674727 24.7797490019 24.2489735791 24.7834019 23.9524722185 25.4037930477 23.7693838743 24.3271097263 24.2556148407 25.2412845323 24.6679394417 25.6145445391 24.8686280866 24.6637050636 25.4433987926 23.707218365 24.0290607881 25.1063136274 25.5852017182 23.6986149309 24.2247194982 25.0902070467 24.5409588042 24.6971767907 23.8835647687 25.4771771556 25.4460143081 23.7027334648 24.5832295602 23.7390088642 24.7209072753 23.9313831556 24.7496029159 23.514516256 25.0467419077 25.3726663604 25.4319001114 23.5891451356 25.557240146 24.7825556703 23.8237028914 24.3745949875 25.5137109638 24.992302897 23.9177143105 24.2421549768 25.5836381274 25.3935143072
24.4977350184 24.0917189757 24.426538842 24.3656626024 25.0645259885 23.8078057039 23.639939374 25.5913458333 25.1885628575 24.0745560262 23.9179485394 24.6918648032 24.8048720129 25.4035068887 25.3044255284 23.6933881791 24.5620904527 24.6936527629 24.5304337924 23.5084232375 24.4606218586 24.5819914202 23.7273887403 24.3394900187 24.4422827043 23.8403567754 25.58890302 23.9653012755 25.2203430831 24.516208382 25.555564438 24.1359947975 24.1713999471 24.3742339265 23.6353354427 24.1291719481 24.1156143668 24.5349712506 25.173349338 25.5142580744 25.5607721907 24.3816470219 25.3257779453 25.5181423534 24.3664959243 24.9123692446 25.349272404 23.983658863 25.3961756405 24.8444957654 24.4362734346 24.8553585849 24.8827247186 24.0731025856 23.8668079294 25.1445276227 23.6818467067
24.5901223244 25.1486625501 23.5015304328 24.0860593093 24.9195186394 23.877977883 24.0447176381 24.4840142961 23.764298611 23.97558468 23.6350562196 24.5522254678 23.5370036632 25.5725019675 24.3898348729 25.2912679095 23.6060862279 25.4869113377 23.7799624152 24.3671800728 23.5240261176 25.3545651861 23.6739168106 24.2958571206 23.8046818767 25.5780467831 25.2728025399 24.4943981852 23.6383569623 23.8477377768 24.8993937643 24.5777203438 24.7491036502 23.5628913255 25.4997767665 24.8502917794 24.6481922083 24.6083284381 24.2555443409 24.2825372738 23.8103482331 25.0916353703 24.9316012475 23.9554305955 24.3323381022 24.3969328364 23.8321774216 25.4323842788 24.7167758161 24.6120695409 23.5591677995 23.5240771736 24.4474030573 25.2367393898 25.1531540996 24.0831567796 25.1592572555
24.1383885053 24.884880266 23.5710819173 24.422992568 25.2492235876 24.2314354044 25.0638852378 24.1643827346 24.6735945033 23.7352369097 24.9546652722 23.7211790824 23.9871525037 23.6972744478 24.4516279958 24.4019145185 23.9877611429 23.8012225376 24.5601858105 24.9294042809 24.2843349808 23.6647643592 24.7404216944 25.2441395481 23.9271938047 23.8178320521 24.700465659 25.1554782538 24.8507237255 24.9101637796 25.5710475775 23.693952705 25.5266514905 23.7776391955 24.3552663319 23.8420546769 24.047450243 23.6084572542 25.1353956667 25.2321512703 24.8301056447 24.8129484681 24.2595991366 24.855494011 24.5918351344 24.3798856237 24.4301584238 25.1772461183 24.8634926459 24.4141126406 24.8843156997 23.9762234303 24.608267261 23.9626141813 24.657139483 24.8315659792 24.5056871716
24.9855120334 24.7195158156 25.4804808979 24.075287268 24.001619122 24.8345453699 23.8550044242 23.8841721787 24.6287132174 25.4764804919 23.6130253275 24.9386372409 25.2649154628 24.6145109879 25.5999683444 24.94069929 23.6695563214 25.2881348131 23.934312944 24.7096968507 24.849541053 24.60644207 24.9077725083 24.8967091066 24.1476856258 25.523753027 25.0140008862 25.5806855681 24.6917428705 24.5013570147 25.388386106 24.2240199914 23.5380578479 23.6635413093 24.6729436829 23.8718200534 23.5262672607 25.0024992788 24.663189775 24.4238032701 24.5112942031 24.2244665682 25.3749408795 23.8492024956 24.3736302377 24.4226802548 25.3244975721 24.1894880876 24.7421828764 24.6100506665 25.2478139649 25.245888434 23.5532725575 23.5872697645 24.8870265499 24.4530802203 24.823279519
23.8693257258 25.0123535536 25.3982962416 24.2202991723 23.5129035779 24.0661618725 25.1989712787 23.8955820448 24.6357982541 23.9931237421 25.4334903281 24.4673263139 24.9855206353 24.2338751336 23.9907161888 24.3088593062 24.1849963929 24.4568825465 24.2016127903 24.4440785903 25.0518938567 24.5556602153 23.5856091674 25.3379309345 23.7848884842 24.8873766514 24.7849752387 23.724419039 24.3448155115 24.3504002028 23.7325362156 23.612189864 24.3331958111 25.1996828737 25.1078556977 23.791513585 23.6000517074 23.9948935338 24.2387876808 24.0911064835 24.5600610818 23.9229707245 24.9370490645 24.2562634622 25.3074101608 24.717765838 24.1451032638 24.2876900784 23.8373465865 24.3164860846 24.2254699964 24.4393831634 24.8163790744 24.3828031203 25.4032905148 24.1576581847 24.9412278703
25.0339501405 23.6013012272 24.0479869512 24.5046918391 24.2112167705 24.9246981327 24.7837435354 24.6577843893 24.1646600767 25.4397515748 24.6239338926 24.3261451026 24.2875670964 24.7792148597 24.1926785113 25.4232304379 25.5222415086 25.153353278 24.4697328635 24.269299045 25.4640632645 25.5745986727 24.2858963145 24.1304071797 25.6169185597 23.6405838389 24.2783055395 24.0947961285 25.148609268 25.2853230665 23.8102859222 24.5662510678 24.5844536764 25.0071035854 24.6615972331 23.6401440597 25.026408348 24.0106365433 24.1569006484 23.8562242484 24.1435737167 24.9248227338 25.5786714501 24.3303542907 23.8587570146 23.8581284278 24.8357574674 24.7721519108 23.7568124669 25.1164065666 23.5301058785 24.174815269 25.3091861557 25.2816986327 24.051962926 25.305704739 25.4186723553
23.5934736355 23.7829844261 24.0913657953 24.4885758905 23.9944592245 25.5499383362 25.5357233976 24.2234244566 23.7806219019 24.609878019 24.6081349155 24.0951228691 23.5288925752 24.0601183195 24.4262258404 23.8819074674 24.2778402387 23.5904378135 24.1246256654 23.7104593173 23.5280934747 25.0816311124 25.1879511119 24.7643516686 24.6333984597 24.9969707476 24.3331441891 24.149019338 25.2177797182 23.5493197621 24.6409553 24.747791157 24.2344668144 24.502219862 24.6575288188 25.0878975184 24.8778076181 23.5353334194 25.4007278712 24.2566283781 24.1511573805 24.0840535129 25.0898744525 24.2335188377 25.2231342738 25.183510397 23.6576539632 24.2932297371 24.5803551009 25.1286802842 25.5871460957 24.8207783212 25.1703287306 24.0973729815 24.6628785649 24.4594769641 25.0785748461
23.8455305717 23.6574069051 24.8259722675 24.916668271 23.8887388549 24.0103841334 24.3878185704 23.6064282101 24.3295313197 24.2604818658 25.0484556241 24.8120091944 24.8797496231 24.9803548298 25.6061038295 24.3397370961 24.6325661672 24.6051320648 23.510889323 24.1120583974 23.5166310258 24.8104546852 24.4969638005 24.0406376389 25.5214080307 24.1933040784 25.0529314491 23.5049296632 25.5932659612 24.6482265703 25.2241375518 24.3211855587 23.5076399608 24.20385605 25.2296854729 23.5307471475 25.5550243939 23.8248814743 25.0792891908 24.4004256358 25.1520404203 23.6720661285 24.4247784898 24.4839603737 24.1419282204 23.5321890011 24.9806893603 23.6155361355 25.3848168769 24.9631889412 25.6143073754 25.5885599273 25.5607864857 23.7103147091 25.3758214719 23.8335060607 24.911773798
24.6175045497 24.6125646818 25.5173396567 24.8987050469 24.686609908 25.1346101889 23.9284494961 25.2268272077 23.9748280938 25.5202149265 24.2792657203 25.5287813281 24.2398041154 23.6362635626 24.2699828859 24.5281597283 23.6573394261 23.6998162168 24.7537579449 24.7672197006 24.6244421426 24.2296992898 25.3280833475 23.8133112612 23.6319066841 23.8242695509 23.5293012546 24.6782629526 25.4461896191 25.6129836397 25.0345021099 24.2955697279 24.1831641564 23.741387443 24.6604465258 25.0835605211 23.8195425401 25.6199678697 24.8781213698 25.0814576983 25.4361993768 23.9333433713 25.396230481 25.3357836364 23.6318503696 23.5467076021 24.3981993744 25.1457432168 24.1428289052 25.255452015 25.4360608544 25.3122644348 24.8735950811 24.9133956612 25.1877316698 23.5448877805 23.5445201237
23.7121998635 24.8791815475 24.4720595786 24.9016423008 24.1936217091 23.7450826063 24.9871103721 24.7625656809 24.5696970475 25.4433895162 24.0627752882 23.7832328319 24.0741010841 24.7907239781 24.2991666828 23.8037656024 23.7863623347 25.4168315427 25.4256535299 23.6896012007 24.2895009129 24.8772394716 23.660917579 24.8108214911 24.8434212709 24.2705993924 23.8283827079 25.3744894576 24.3724006673 24.5340177909 24.5137674674 24.4758075177 23.7142637188 24.1923128233 24.2870771821 25.291191389 25.2088635898 24.4072751085 25.0677883687 24.8136905006 25.3222366948 24.1042148293 24.2045481711 25.6113866496 25.34025995 23.5747182313 24.735854913 25.0742131863 23.8952702995 25.147055194 25.1103442891 24.8998477456 25.233901505 24.9865179093 25.2485882681 24.7702945411 24.094899086
25.3304085576 25.4832724822 25.1363895722 24.2696538272 24.5559914403 25.3758258093 25.5486216381 24.3087791198 23.875870425 23.6930369371 25.1324390782 23.510640359 25.4518018196 25.2613799858 25.3409336763 24.0020016534 24.1830144115 24.9253496908 24.4811895873 24.0591121091 25.3691938556 24.775147147 24.966253942 23.9538318787 24.1182670324 23.7408346635 24.8043982414 25.5269278038 24.7783328336 25.6081280074 24.3816362492 25.3125354474 25.0142332766 24.4045621386 24.7996571985 25.6163198142 24.7884729921 24.9308223826 25.1284192209 23.6386164343 23.6124172348 23.6817353089 24.1843322914 23.8524660277 24.4323551541 24.1241073072 24.3370502885 24.2425778275 24.740732384 24.8528873895 24.8827156835 24.2501395361 24.1455391798 24.2588443698 24.4181797902 24.5161073901 24.4240994708
