Spatial_Output/DEC/DEC_1407.asc
NCOLS 155
NROWS 192
XLLCORNER 196307.867259
YLLCORNER 449144.565805
CELLSIZE 33.573938
NODATA_VALUE NaN
[rows 26 to 51 of 192, columns 0 to 56 of 155]
0 0 0 0 0 0 0 0 0 0 0 0 0 0 0 0 0 0 0 0 0 33.0766651442 32.7968068826 32.854519318 32.6235701438 32.6552063583 33.1528803596 32.9805894137 33.0183011529 32.6503904525 32.5804893326 32.7864228857 33.0765881797 33.185294961 33.0644151078 32.862990367 32.9065773089 32.7521647502 32.5350863095 32.5199749311 32.9135591651 32.8579741992 33.1432998777 33.1379576808 32.716324147 33.0625683898 32.5235090026 32.854372011 33.0311326284 32.9331261824 32.5600558087 33.0024135197 32.7100990119 33.1312260824 33.0070399041 32.6894447877 33.2004603807
0 0 0 0 0 0 0 0 0 0 0 0 0 0 0 0 0 0 0 32.857044917 32.695641515 33.0226964464 33.0880056463 32.6578051153 32.6100965671 32.8879665047 32.5859636427 33.074490293 32.5074068418 32.5851726198 32.9973715667 32.7224606345 33.0461538807 33.1381876405 33.1174821684 33.1050194013 32.5005507975 32.7760059974 32.9490941509 32.9532324311 33.0149547454 32.7161289107 32.5161097558 33.1696330012 32.9735844292 32.7608173962 32.9567230123 32.8341926507 32.6638816132 32.6309813497 33.0043775771 32.8311575954 32.8650311535 33.0158310719 32.9322501321 32.5660886432 32.5493376803
0 0 0 0 0 0 0 0 0 0 0 0 0 0 0 0 0 0 32.5349280422 33.0348799954 33.0215913384 32.9130380756 32.5158033211 33.1162055575 32.7402949901 33.0634231794 32.90848477 32.6039276439 32.7069110145 32.7729437251 32.5780552862 32.774622598 32.8269715983 33.0807257649 32.9728110691 32.6744318613 32.9594414116 32.7225335665 32.5221810719 32.5597607154 32.831400534 32.9672616187 32.9289759133 32.6410871967 32.7620584755 32.646454035 32.6405580081 32.517726124 32.9103370282 32.7791426696 32.9601158237 32.9704164582 33.02082369 33.003004936 33.0644295087 32.9330660058 33.0954731465
0 0 0 0 0 0 0 0 0 0 0 0 0 0 0 0 0 33.1553649702 32.9089325591 46.3274748049 43.452090777 41.5397156707 33.1756135798 32.9211923815 33.1095052995 32.5197077141 32.758069866 32.6872454718 32.7723721704 32.9125774118 32.7648100075 32.5443652578 32.683883287 32.8273419584 32.665131677 33.1026002855 33.0548812262 33.1332261091 32.624418496 33.1540790558 32.6836795327 33.0582354944 33.0659938991 33.1156182386 32.8018407188 32.5383147534 33.0508590329 32.8614786895 33.1637054982 32.8562480153 32.6173179401 32.930301424 32.6078323516 32.5880055253 32.6093369283 32.5631932045 33.1692447196
0 0 0 0 0 0 0 0 0 0 0 0 0 0 0 0 32.9003885273 33.0173777206 32.6251570686 49.5871554262 42.8275034763 51.3569901854 32.9919347196 32.6269502616 32.8793852295 32.8998021917 32.9680367663 33.1445570529 32.9739190175 33.0699669658 32.8768014886 32.6028714235 33.1807134399 32.5997288158 33.0908398748 32.5105010874 32.795374705 32.9451869105 32.5610701332 33.1451497921 32.9435283163 32.9094041163 32.8342731092 33.0115927712 32.7900751616 32.9467074543 32.7839801106 32.5261473277 33.099179745 32.7360838708 33.1482374807 32.551191106 32.6234813937 32.7690671388 32.9698409947 32.5606014183 32.9802364057
0 0 0 0 0 0 0 0 0 0 0 0 0 0 0 32.6889503517 33.0636273862 33.1569434584 32.5704898024 47.9171771742 43.1303891091 46.9589239383 41.488995923 33.0300051847 32.6026165697 32.8404967144 33.1081952985 32.5840388518 32.6409331841 32.638952079 33.1711873852 32.8473820455 32.7144237299 32.6394049895 32.6708984105 32.886219493 33.1039005995 32.6160742036 32.6977250071 32.888316368 32.515841178 32.5277806135 32.8578489082 32.7637497649 33.0470408405 32.7366796278 32.538547816 33.1580434622 32.5955371196 33.1714921655 32.7185351088 32.9355218159 32.6277997977 32.8383946907 32.5184508687 32.8142056102 32.6621597563
0 0 0 0 0 0 0 0 0 0 0 0 0 0 0 33.0785090451 32.7234796931 33.0255276879 32.7956342022 43.4150577613 50.8295998927 50.7321535773 41.0866724834 32.5691461826 32.5701833508 32.6407536818 32.8635040163 32.6756378706 32.6884872857 33.1278418172 33.1507967759 32.5540806917 32.5186225041 33.1623403944 32.6535545555 32.7051325619 32.8292398023 33.0187897138 33.078301144 32.9052053567 32.5907589891 33.152539719 32.7609815015 33.1432349687 32.9311478821 32.9686171546 32.6021988716 32.5057148334 32.546238217 33.0577263889 32.9924588491 33.1439772098 32.907808139 32.653596523 32.8103764408 32.6323765298 33.1637413322
0 0 0 0 0 0 0 0 0 0 0 0 0 0 0 32.9266845696 32.9658549251 33.0727022722 32.8156231094 32.6691938749 49.3465556036 46.1052446472 44.3935786415 33.1692916804 32.9455298472 32.9898447446 32.6434111451 32.8110798524 32.9246930441 33.1659829528 32.5853194231 32.68982269 32.5411419914 33.0900258845 32.5093782087 32.6515257095 32.8395254675 32.955343859 32.5178096144 32.6199400377 32.9221479018 32.5263871726 33.1711532084 32.6516925948 32.7293620881 32.7671137022 32.7165569763 33.0266382883 33.1119160664 32.8737669621 32.5929571588 32.7516974117 32.6990251465 32.7670750848 32.6339689198 32.9106121868 32.7722101754
0 0 0 0 0 0 0 0 0 0 0 0 0 0 0 33.1507228655 32.732453979 33.101848094 33.1100143535 32.5760321615 32.8477529196 32.7328193138 32.8855383565 33.1843505307 32.910274708 32.7250428134 33.0903391256 32.5352353651 33.1535167068 32.7360671243 32.8037532333 32.6560375142 32.6801307859 33.0889320484 33.0836285824 32.6926848792 32.6216674771 33.1843799435 32.5928700502 33.2012422665 33.1044031223 32.6678524205 32.5514450612 32.5545511484 33.1762414951 33.0469693097 33.060973968 33.1711934221 32.5178879915 32.5311366749 33.0535468213 32.5753496442 32.9029237753 32.7615305417 32.9361009441 33.1645123519 32.6682598903
0 0 0 0 0 0 0 0 0 0 0 0 0 0 0 33.0782255558 33.1499537458 33.0030187385 32.6826016483 32.7814518745 32.903823378 32.6967138748 32.7089162347 32.5010597105 32.7473492492 32.9954696763 33.1809065146 32.8242829362 32.6992267253 33.0040853657 33.118418116 33.1177461377 33.1662386276 32.5057081734 32.6956890905 33.0449319521 32.6333900949 33.0873155481 32.921620939 32.8480668134 32.8814211349 33.146803253 32.5322900977 32.828594673 33.0248500044 33.1790647221 33.0397044943 33.0641976987 32.9289452655 32.8242431167 32.9852437347 32.6933458899 32.6843692134 33.0949079168 32.8080806373 32.7351218591 33.0912154026
0 0 0 0 0 0 0 0 0 0 0 0 0 0 33.1933039419 32.9717334191 33.0426464512 32.8740786747 32.9636698974 33.183388012 32.7459834304 33.062292845 33.124513298 32.9831153577 33.0427500458 32.6069784062 32.5016706306 32.7729556771 32.9860048486 33.0695848398 32.6458988246 32.6322169466 33.1706087225 32.5813069773 32.5112942605 32.7703931962 32.654137341 32.6201976405 33.0561224824 32.5872305928 32.9905251573 32.8932981266 32.6566474519 32.8651865153 32.8171313815 32.6130853991 32.9501864928 32.7840766185 32.6544781622 32.8406753042 33.1516143057 32.5045689995 32.8082067936 32.900777416 33.1854796407 33.0038354305 32.7241817431
0 0 0 0 0 0 0 0 0 0 0 0 0 0 32.5469312564 32.8646679584 32.871103283 33.0888162668 33.1241102241 33.1675271361 32.5885977186 32.7263527775 33.092357536 33.184776732 32.9418388957 32.8861123453 32.7898124228 33.1048309828 32.5164507417 32.5993719287 32.8458190647 33.0208285569 32.8926928409 32.816409379 32.9491138766 32.6885425462 32.7004382202 32.6614629661 33.1161644723 32.9710698323 32.6461662422 32.9715115273 32.8691949767 33.017860753 33.0265906697 32.7207110122 32.7553857331 33.1997509412 33.0910715092 33.0984620163 32.7030462619 32.8940453216 32.8205039585 32.9577688858 32.9280667406 32.6774429255 32.7596248447
0 0 0 0 0 0 0 0 0 0 0 0 0 33.15936931 32.6065287158 32.9533869817 32.937990076 32.9869617666 32.9062815503 32.9989995437 33.0354999746 33.0569974812 32.8463582114 32.9139113113 33.0380656795 33.033834735 32.5864373982 33.2066139078 32.7274597617 32.96620797 32.9184518803 32.5722893334 32.8527159239 33.0194092861 32.6663220271 32.7717424092 33.072580983 32.8808772113 32.8357060464 32.8624223301 32.6460296161 32.6380583401 32.8961248051 32.5383341039 32.5340877825 32.8605832516 32.8533775623 32.7978811483 32.6916613558 33.025766751 32.5507315676 32.7598358781 32.8855916986 32.6748802103 33.1875983535 32.8004543472 32.8728741567
0 0 0 0 0 0 0 0 0 0 0 0 32.7055474688 33.1000921903 32.9800913351 32.5372230527 32.7430931491 32.7000643516 32.8383371611 33.1423862737 32.8214131885 33.1550426404 32.6776687563 32.7607626987 32.7305443614 32.7180722396 33.0446307973 32.9580844312 50.5310089493 48.9270365927 41.3084106473 32.6409798398 32.8757168044 32.6820888546 32.7011787516 32.8496259472 32.5386398301 33.1900464604 32.7580714491 33.0711803031 32.6056656975 32.5658539965 32.9167883382 32.7220715107 32.8009062435 33.0866812229 32.5763942617 33.1349768265 32.7891096058 33.1786642999 32.8698687706 32.7838725035 32.6879728494 33.1673761377 32.6635777638 32.6491942496 33.1842182032
0 0 0 0 0 0 0 0 0 0 0 32.5984135956 32.9265093272 32.537397981 32.9169052421 32.6483677342 33.0886709582 33.1566014731 32.8720454188 32.5562650204 33.0037454109 32.5799460026 32.5785670248 32.704523475 33.1690902171 32.7780506134 32.6373925542 33.0215015943 47.8083325067 42.3878565025 47.1447221871 32.6338371644 32.5414905418 32.8223079567 32.5870911385 32.5968234099 32.8070260286 32.6885890987 32.6366635678 33.1233649207 32.5074877277 32.5119166352 32.5517757082 32.670526043 32.8150897224 32.6659676792 33.1071579276 32.9858821812 33.078741152 32.5337802016 32.5305512933 33.0241820377 32.9494147034 32.894014962 32.7777365556 33.0395092192 33.1229973647
0 0 0 0 0 0 0 0 0 0 33.0545670365 33.1004372424 33.1441308534 32.859948039 33.0293341642 33.1559161641 32.5616553786 32.8461158923 33.2056887395 32.5390354251 33.0505892734 33.1992749717 33.0489020596 32.8212171937 32.7577709536 32.9207144688 33.051309709 32.975642271 41.3290995548 48.8496340704 44.6833604037 33.0009998751 32.7468353064 32.7097608294 33.0345773538 32.6159650497 32.6854529409 32.8961771712 32.8114737457 33.0074022884 32.9414095401 32.7622710619 32.520671548 32.5062558985 32.5659216674 32.5049331694 33.0063683958 33.16881191 32.6681342782 32.504093943 33.1073576924 32.5780194473 32.6296841885 32.6284921794 32.7641916606 32.8635176651 32.6463558341
0 0 0 0 0 0 0 0 0 0 32.7079731583 32.9156682216 33.0373539707 32.7146206216 32.8892648112 32.9785950654 32.8328328396 32.6376253205 32.731202601 32.6970567803 32.7019213187 33.032592472 33.1717132722 32.9109257946 32.9828069536 32.5546123404 33.1315647805 32.5795690115 50.7112937265 43.3757231444 44.3194045793 32.8897785701 32.6139207245 32.5910115989 32.9005139359 32.5400495391 32.812511391 32.8222673126 32.6199533287 32.8890777702 32.9981388788 32.7814245672 32.9676843854 32.8659467982 32.942733867 33.0690818233 33.1249259333 32.9160201221 32.5229703051 33.1969641081 32.6420251211 32.5639594044 32.5170739813 33.0548794622 32.8956048193 33.1492588537 32.9148100775
0 0 0 0 0 0 0 0 33.0815787109 33.1749959146 32.9959910656 32.6990586913 33.1205940944 32.886487775 32.6340084965 32.9637874431 33.0058527352 32.9879949159 33.0322359556 32.7007960033 32.8714214389 32.5633952448 32.8057078215 32.6566114038 32.7123371853 32.7980053289 32.8394757919 32.7306848561 32.9015181212 32.8593706738 32.7591607189 32.5036833666 32.9078396798 32.7697924226 32.7124258045 32.642553262 33.185765236 33.0361944613 33.196573309 32.7802366 32.503092732 32.6898743783 33.1235094631 33.1194325762 33.0705318273 32.7634492157 33.1951354839 33.1768312724 32.8639541486 32.5906300125 32.7443521448 32.6118711805 32.5983441186 32.7687668841 32.9083959026 33.1430878254 33.1928111924
0 0 0 0 0 33.0613812761 32.6081744926 33.021804712 32.8351153404 33.0923965307 32.8218206507 32.7222324487 32.5812555815 32.9467029608 32.7322919138 32.594644886 32.9364636089 32.7578027044 32.5992348825 32.7495680834 33.0187460828 32.9351681663 32.6956964691 32.9910186456 32.6747574381 33.0850206492 32.5968892618 32.8572383883 32.5954757868 49.2811578229 48.2490529039 50.9384891103 32.6485522773 32.5664783204 32.6916519668 33.1056320092 32.62001903 32.6774535328 33.0651359987 32.7439308197 32.6572962277 32.9091707361 33.0917474549 32.7020316778 32.8728362853 33.1296112185 32.6505679281 33.0030588102 32.8755787421 32.6202324676 32.5801249704 32.5173361139 32.9719600708 33.187861144 33.0081926896 33.1121761684 32.7376406897
0 0 32.5787506096 33.1427262626 32.8755087827 33.1061531661 32.5973455586 32.6461997157 33.156672469 32.7553769112 32.8218094501 32.5790504793 33.0372035283 33.0578223039 33.0228979268 32.6965973852 32.7004372646 33.0821018617 32.7306716626 32.6206923871 32.7071742457 33.0041778111 32.8734597563 32.6527542069 32.8276809992 32.9518539201 32.6579687703 32.5647483875 32.9619367569 41.0297443921 42.4371870097 44.5664860128 32.9765651694 32.7638126529 32.614038889 33.1674654942 32.5766532826 32.6767144083 32.5441063575 32.815837944 32.9306054372 32.9238902129 32.5161887694 33.0724315298 32.8139467401 32.6898353742 32.8583076134 32.7788017177 33.0291053181 32.7983456101 32.5793732922 32.5536407778 32.9732113445 32.6243523637 32.5603891757 32.9964617327 33.0181011128
0 32.773063276 33.0273341074 32.840531479 33.181912127 32.9916790833 32.6498211724 32.6277052231 32.7769789149 32.9694209089 33.1303017968 32.8930225247 32.6540681229 32.7958944616 32.8538414569 32.508667228 32.8219623167 33.151905051 32.5619588391 32.7905939908 32.5998848771 32.9597368013 32.9323872584 33.00240795 32.7606680926 32.7136946482 32.5503393495 32.9980392684 32.6006400019 50.2701945824 45.0269195409 41.9766186442 32.8855889762 32.8442318145 32.9947965284 32.7019927029 32.5748660346 32.5898857843 33.1561767228 32.8249648104 32.7842033475 32.8341527346 33.1457820901 32.7853280722 32.5771707464 33.1147769547 32.71113394 33.1665171606 32.6975655574 32.5261075245 32.5531180651 33.0184050122 33.2065632837 32.6240490598 32.8277389211 32.8567434484 33.0976524728
32.8153804747 32.7703674831 32.6869595473 32.5611457537 32.8866196563 32.8059571607 32.592807442 32.7849341563 33.0197147582 33.0791311401 32.7457018256 32.8260123319 32.8193911509 33.0215456096 32.8004662772 32.5159504504 32.9753928977 32.5766020204 32.9200047947 32.8243060723 33.0795617634 33.1108234587 32.8634218255 32.9688966185 32.6631452963 32.6789099653 32.9669838114 33.1612312943 33.1048587852 33.0612836761 33.0975970739 32.6351759587 33.1155615386 32.5248319049 32.6569862016 32.5385546413 32.7497844223 32.6598323415 33.0367568202 32.7731939021 32.7501678259 32.8188937703 32.7102323726 33.1784650163 33.1991690018 32.7709834835 32.5079042176 33.037905093 32.7218077644 33.0664735423 32.7657412425 33.0168727167 32.9251830408 32.8440756242 33.113595749 32.6276101098 32.9244119462
32.73546893 33.1432115566 33.1941004233 33.1941082162 32.9507335854 33.1970257899 33.0390905148 32.5195984866 33.0968002107 32.6051802899 33.1032096511 32.5785253852 32.9263596385 32.9102631835 33.1350300618 33.0938087216 32.9534075744 33.157452164 32.8578463507 33.0866985696 33.0314651429 32.8048800977 32.7863234717 32.8907986757 32.7561553097 32.5830893986 33.1127083684 33.1632619144 32.9167126244 32.644994608 32.5539868211 32.7022722721 32.5510789124 33.1435011441 32.7256570319 32.5971990216 33.1303415132 33.0727020025 33.0471173194 33.0761670623 32.6561887584 32.5268551191 32.9986292738 32.9849975119 32.6712567841 32.5549562929 32.9299322909 32.5722523563 32.6579387459 32.6922692599 33.0053005762 32.7652504551 32.7219314336 32.9123137561 32.7142812808 32.6983968722 32.5769064319
33.152466425 32.6806660865 33.1129675721 33.1783698857 32.7328919363 32.7722178209 32.8186032012 32.6145120021 32.655005627 32.8439449112 32.828863976 32.9159400794 32.5554003064 33.189724003 32.5284877842 33.1173598011 32.9226060673 33.1366199849 33.174110954 33.1739427769 32.6153854661 33.0282564783 32.6907452935 32.8046224958 32.5025820086 33.082960813 32.9978275741 32.534905637 32.971467121 32.6553118653 33.1813853507 32.6355016109 32.5239570817 32.5678462054 32.8434028028 32.7537076324 33.0207843559 33.028998739 32.9373831242 32.6496121939 32.9644716541 32.6044070555 32.7689109902 32.7473829619 32.6432031086 33.1002775483 32.6633439607 32.5363507647 32.5689288976 32.834231274 32.9798521219 32.7428425399 32.5514909105 33.0874730982 32.6506603608 32.5264247463 32.6101598618
33.0163149523 32.9277241159 33.2025779558 32.5114813831 32.5090697312 32.8936599396 32.626115448 32.6746810605 32.5592577131 32.7546493304 33.2023988735 33.1319479037 32.9792050213 32.9244083007 32.702444238 32.5333393226 32.6471574558 32.9983398812 32.5365619968 33.1505239691 32.9859001961 32.5317271438 33.0033604705 32.5550265384 32.8814379683 33.0071539936 33.0604435935 32.6875089224 33.030376956 33.1049728796 32.8640247158 33.1105085502 32.6101610088 33.0481805203 32.6039419888 32.932418163 32.7781076263 32.6299931594 32.656805169 32.9533841112 33.1594678279 32.8370955324 33.0685335877 32.6974017488 32.6287194756 32.6956713743 32.9701140673 33.0281978791 33.0919530519 32.9136826671 32.6568712899 32.9097613307 32.9635138551 33.0437821955 32.8353572075 32.6581599496 32.7327209503
33.0830616405 33.1918335594 32.8027582544 32.8191680498 32.5877716404 33.1251672902 32.9961831419 32.8789969835 33.165806978 33.1810171931 32.9608553059 32.9679696754 32.978996208 33.0467096152 32.7080619603 32.501113688 32.5687502486 32.9297266804 32.5182482051 32.8988621281 32.5852885841 32.8533929365 32.5509561879 33.2049825861 33.0968490854 33.0352294709 32.9871764562 32.7741508273 33.2023030007 32.5699491322 32.6175808584 33.1217665625 33.0893100518 33.0915880525 32.8425047891 33.1787587507 32.8062163767 32.7173430794 32.8441042394 33.000671761 32.9101765626 33.1162225811 32.7201908925 33.1318857058 32.5443191193 32.6437809247 32.8621673068 32.609631262 32.7043868437 32.8551702438 33.1734426696 32.8981215964 32.6384449075 32.7849581485 32.7203029277 32.8579828967 32.5222572756
