Spatial_Output/DEC/DEC_0309.asc
NCOLS 155
NROWS 192
XLLCORNER 196307.867259
YLLCORNER 449144.565805
CELLSIZE 33.573938
NODATA_VALUE NaN
[rows 104 to 129 of 192, columns 57 to 113 of 155]
37.0306202783 36.5256997152 36.2543869145 36.0571264949 36.0256643175 36.7362820884 37.006743098 36.6533122941 36.0286788164 36.334222752 36.9531212012 36.5626946381 36.7784995405 37.1081240336 37.2487685608 36.2712732014 37.2394368996 36.7000001985 36.4244117951 37.0347626737 37.0325244447 36.9098202775 37.144985491 37.2150171356 36.7641237588 37.2758273095 36.9148804437 37.0736558688 36.9534896884 36.5275489043 36.1076170108 37.2069511662 36.1973391667 36.0445506493 36.8070825758 37.3002021783 36.3765544577 37.1429783456 36.5110750323 36.3268104492 36.3393405951 37.0463961106 37.265127568 36.526818753 36.0885279771 36.3845386214 36.0853800798 37.0135096514 36.694699473 36.5747206285 37.3589837981 37.1943883753 36.7173671173 37.0518245755 37.1411838958 36.1752946939 37.2587936612
36.0671494611 37.2961217835 36.2902074747 36.2204177636 36.1195312268 36.0330875703 36.0361976083 37.0868028833 37.2001537914 36.1324299133 37.1767438346 36.0514415662 36.037568118 36.619966302 36.0399581208 37.1410322045 36.6196114337 36.8986402522 36.8716121844 36.0064958418 36.1491882808 36.1522911094 36.9293748815 37.2586927636 36.081878886 36.8493692705 37.2246405121 36.1280448704 37.3843033063 36.7237553015 36.1630232086 37.3572123653 37.082516899 37.238287681 37.0293674452 36.7721304522 36.5302287556 36.9248971477 37.1168357505 37.22020805 37.0594785888 36.1248910419 36.043918872 36.568560327 36.9146453669 37.1493230836 37.3370444333 36.9623886109 37.2596936698 36.3623825291 37.3544641829 37.0521910065 36.1186097962 36.2290027527 37.2661599795 36.2623060862 37.0417415484
37.1939569803 36.6912772467 37.0909720827 36.726972247 36.533240706 36.0400168744 37.2540640314 37.2130095801 36.0698702567 37.1381190531 36.9311951592 37.2580615347 37.235184611 36.4799256722 36.5176062152 36.4582030254 36.4616477734 36.0569139118 36.3837448887 36.5563085515 37.1671636429 36.1951594681 36.2857744178 36.6924734173 36.3868500206 36.8073740824 37.0729299966 36.9170398748 36.5387542598 36.4806652499 36.0015546445 36.7937592722 36.2790655988 36.6699654601 36.715872781 36.1192047831 36.1106751017 37.1758351453 37.0053155804 37.3604954004 37.3029627502 36.2478586714 36.854729805 36.4231981524 36.4665230675 36.8479947599 37.3908454792 36.2432564556 36.3109224703 36.6016987732 36.5737014602 36.3275250487 37.3702888017 36.008149426 36.6869657974 36.7377754291 36.0798605135
36.9165688379 36.9523287462 37.3158947622 36.0946541204 37.1120137238 36.7601378605 36.9743965135 36.6918828696 36.7109863688 36.964308951 36.3204569949 36.326347846 36.1547162626 37.1424589556 36.5227836091 36.4708819629 37.0333040609 37.013390047 36.9533090408 36.2915541557 36.4185505552 37.1208042641 36.0585699649 36.4922641847 36.5345997676 36.8954706698 36.3401797682 36.6733472777 36.0405112791 36.4517962696 36.1351471456 36.3659297077 36.8313297336 36.4675758044 36.4018079355 36.7424738709 37.1386467396 36.0126424838 36.0754902609 37.1690314994 36.1212840941 36.508404317 36.5359977732 37.3372109224 36.6322497079 37.2385271831 36.3284956691 36.1421710592 36.6575827659 36.1292711381 37.315275819 36.5916276234 37.2688584301 37.403364957 36.4290092391 36.9789003425 36.8499955877
36.6747981332 37.3420010711 36.3566813303 36.9871696989 37.1994232393 37.2305863166 36.7029624479 36.7761337677 36.243972219 36.0214921335 37.2362273945 37.0387410831 37.2256196322 37.3234393133 36.6824807583 37.2573608597 36.3727222261 37.3418103475 36.4205949468 36.8416117059 36.476330199 36.8367109742 37.1043634077 36.7393627891 37.195776028 37.0510916422 37.0163058957 36.9315157914 37.1391785802 36.7897673762 36.4932862624 36.9195113181 37.3521728389 37.065180807 36.4328490672 36.4745267659 36.5756022819 36.0881853221 36.9982857774 36.8257171741 36.1344607841 36.49331141 36.6067305341 36.1733501844 37.0027325714 37.2637410752 37.3211778577 36.2727604726 36.0145479152 36.1942934052 37.0558146832 36.1269727979 36.1566133687 37.1783565568 36.7340214762 36.2719276671 36.6649141036
36.6262162987 36.2597378872 36.2916829431 37.3508893913 36.0794256991 36.580321576 37.1083071377 36.4850556514 37.0825046308 36.7210198019 36.589214194 36.0959354419 36.1956208237 37.2006724214 36.3351272157 36.4693581738 36.2832402689 36.3998536134 37.0043269423 36.2066257381 36.0582270995 36.600166625 36.5814219397 36.7144905429 37.0236365334 37.1062152356 36.6900800054 36.9035760045 37.2591335057 37.0094372526 36.0120327784 36.0879122758 36.130602078 36.2568368135 36.2813476011 37.1553802347 37.188879515 36.9740055383 36.2581260252 36.2670050763 36.0489723067 36.1935682754 37.164959177 37.3370148504 36.1571521371 36.9849831935 36.165724088 37.022796094 36.6021717227 37.2722938561 37.3809111842 36.9940901846 36.86714849 37.0572998103 36.3958700843 36.5962556468 36.6847677681
36.0912080497 37.2512081623 37.0731226308 37.3569242167 36.4642466304 37.2190447134 36.2579845857 36.0623321454 37.0786360363 36.0904775099 37.3242471242 36.7377828259 36.5958243382 36.2578425391 36.4917095477 37.0993885509 36.7051432333 36.442808773 36.241213232 36.977963291 36.5398242312 36.6760711367 36.3192691602 36.5986336681 37.1301469361 36.6278233809 37.1710249037 37.0326044695 37.302624335 36.3887044349 36.9517464576 36.5958536354 36.224094107 36.0586154128 36.4393013943 36.468579874 36.1342280962 36.3261067991 36.4083213929 36.8345859175 36.4839487421 36.7712307439 36.5217066878 37.0040800827 36.1681222847 36.1174934517 36.5529960583 36.8384530094 37.191952614 36.9165853476 37.1863322265 36.9270040292 36.114429608 36.0300926736 37.2015504507 36.6895003521 36.48137931
36.1109940242 36.0165295187 37.2882558262 36.9643845238 37.0027764448 36.938156481 36.9467902704 36.0644723497 36.8642648126 36.0062282096 37.3968604026 37.3739408207 37.0736212296 36.5222154121 36.3756323727 36.761972549 36.6059382931 37.3910625507 36.1722384062 36.6203120647 37.0860909021 36.9715901825 36.7678932647 36.7543117859 36.3153671776 37.24558878 36.6525952198 36.5023676381 36.010673211 36.3715797744 37.2027153335 37.2258419784 36.3226722759 36.6585716941 36.7881545524 36.2929116107 36.4808266056 36.2860404143 36.911781413 37.3333707671 37.0771822403 36.019427814 37.3159098254 37.2591452299 36.0731566963 36.9350610069 37.1703312573 37.2911076928 36.9962534307 36.7747213316 37.4101144173 37.370340528 37.2299550975 37.3212078044 36.9627285855 36.8230543229 37.409382183
36.622561615 36.2004026074 37.2046107562 36.0168272604 36.3814074383 36.4962677519 36.1970810881 36.2383201179 36.578590669 36.0849443515 37.0566259581 36.3349145999 36.5199222904 36.5148291594 36.8465588443 36.8604979587 36.1463548866 36.9161861464 36.1830342751 37.3105935962 36.5562973823 36.7070169681 37.3824415084 36.2010901882 36.6485974656 36.8506429392 36.533756595 36.0371606366 36.2616559971 36.1966364409 36.8169998766 36.184767936 36.4405519298 37.0977105466 36.3252560066 36.7637435084 36.5681745257 36.8850441127 36.2320753878 37.2196412623 37.0001477075 36.1319099527 36.7195592919 37.2553982158 36.8027024591 36.7094869982 36.1132185165 36.2816243776 36.4245757097 36.6522800877 36.1333550439 36.6987468654 36.2676753383 37.314129303 36.976129474 37.2511713275 36.6029618273
36.6171516976 36.5005074113 36.1906878661 36.0258475 36.9650819616 36.3236628498 36.1850400634 36.5862410932 36.3839923598 36.3239193902 36.8959429144 36.6392966723 37.0483073447 36.9055572093 36.5042065216 36.2883034413 36.4277533437 36.9576391386 36.7878388292 37.3194196932 36.0232534154 36.8925396903 36.5708837956 36.883071126 37.0171558661 36.7779764741 37.3516995447 36.131635389 37.2087689674 36.5608225654 36.2995966249 36.3396590466 37.0281238087 36.2823780979 37.387449713 36.5453894685 36.0669890789 36.1188768209 36.1559923449 36.3373298036 36.3178420656 37.218439114 36.8448339303 37.2271131723 37.115469496 36.6353850766 37.1178010861 36.1505900662 37.395003505 36.5037139808 37.3674405955 36.9327199885 37.4030400903 36.5359168743 36.306759985 36.2487081809 36.1069678799
36.4674571818 37.2228676784 36.3492640681 36.6712642742 36.2845531848 36.3334690168 36.1168978602 36.0831122148 36.6121569742 37.3870705534 37.2847572408 36.8729570278 36.9099718245 36.0108187301 36.4133400702 37.148059114 36.800472667 37.4063634241 36.3269666307 36.3574751486 36.2280950693 36.8661365185 37.3556348728 36.5284150297 36.5493002635 37.2511011382 37.0889767481 36.763159129 36.2658219401 37.0745129659 36.7741531977 37.2525817765 37.1787928 36.1110365371 37.3276241056 36.3853694214 37.2528146208 37.3188440576 36.1273362032 36.1660944645 37.1180166701 36.8877496625 36.2308062655 36.0725341179 36.2784646476 36.8004024279 37.0358228479 36.3076623117 37.2289863187 36.4367612941 37.157603053 36.8803394962 36.8234759268 37.1381162703 37.018111126 36.9103095124 36.6406939223
36.89325563 36.3040158765 36.5699992968 36.8901880462 37.1119901932 36.9385370653 37.042831162 37.0047507576 37.1862970749 36.2382592629 37.3444217013 36.7654273041 37.1938705306 36.2733535324 37.1429421018 36.3806944867 37.0560375842 36.4069490364 36.2487392501 36.3609470039 36.2174751685 36.7682229801 37.1029199599 36.1758974901 36.6754575002 37.0013059024 36.6409580355 37.3833166084 36.929812398 36.3146488016 36.1096588082 36.5898431324 36.1794202178 36.8611056915 36.0056389576 36.2881549257 36.0519091623 36.804548705 36.6032030347 36.6587248563 37.3002256215 36.2815589789 36.9133516139 37.2145936212 37.2261713091 36.4973812215 36.9135693809 37.2846292127 36.2070888303 37.3621192949 37.0565687468 36.6614446662 36.6258302114 37.0888592304 37.1924178613 36.1149143153 36.8768483791
36.8734227122 36.1803994756 36.1349511129 36.5599212322 36.5807779507 36.843163249 36.5003862489 37.2094457938 36.1181967086 36.1679932492 36.7720092614 36.5988065597 36.1730688424 36.3322645458 36.9626145284 36.2027602347 37.099103904 36.0533080143 36.4738249665 37.184599965 37.0812254162 36.4201089328 37.3242773868 36.0272355127 36.0363730659 36.695452776 36.876083147 36.7163012484 36.863639444 36.6677890238 36.9977418305 37.3968210269 36.9368810711 37.377879263 36.8396348655 37.1699452043 36.826417349 36.5759238827 36.3624835762 37.1325971487 36.768600566 36.6438488562 36.5823878284 36.7091925449 36.3067926663 36.6273696372 37.2135651478 37.2263047591 36.0661821165 37.2831208374 36.4048029669 37.2161903314 36.2148956758 36.6268356493 36.7873426377 36.7896539798 37.2481967409
36.3808016733 36.5335079246 36.6620240235 36.2464212668 36.4338378255 36.9253889585 36.4487332786 36.6458727938 36.5416474443 36.6835229061 36.5410961388 36.6805078297 36.1041366429 36.4778283722 36.3082297495 36.4509319689 37.0043825642 36.4984120743 36.2693482933 36.4441158523 36.6824735863 36.3062483929 36.1448729153 36.2446456906 36.7232394935 37.1290780076 36.4307132181 37.3510584846 36.3020033121 37.3298684449 36.3491160701 36.392573336 36.385482121 36.4475517121 36.1708973685 37.2927134381 37.3566260399 37.3752200093 37.3128470359 36.9094165785 36.7865145101 36.2333583764 36.9789507341 36.4517071332 36.7679595179 36.613464489 36.0618741188 36.4840001149 36.7393501568 37.2067303601 36.9939144745 36.7639842594 37.2068121504 36.9836946881 36.0344837839 37.0355064087 36.6261422926
36.9887528287 36.1849134998 36.5872109462 36.8290818899 36.0046391862 36.0405249447 37.0925364117 37.103369193 36.5677618649 36.2438022252 37.4098825088 36.3911929142 37.3163188171 36.7584014425 37.2541345539 37.3683472476 36.8306861183 36.3209051593 36.3966278731 36.5229632674 36.8903704788 37.0880970277 36.9311592777 36.5154524855 36.4957849214 36.4664719972 36.5507791291 37.1092247554 36.5369362329 36.8739701352 37.327632442 37.376410569 36.1790424515 36.1205935644 36.5034283339 36.6876596844 37.3866786445 36.8190412463 36.4477977968 36.2561525227 36.2040450862 37.2867059264 36.3846143568 36.6788321281 37.2787388325 37.3290263967 36.9444368536 36.2879110222 37.3101120524 36.6800181596 36.6464452859 36.1619759445 36.5124774365 36.1920708248 36.4955251799 36.6992724125 36.5084062309
37.0940408969 36.615487307 36.3323557546 37.3093518387 37.220418732 37.0206786992 36.3784943744 36.9837967364 37.1527274802 37.0262679073 36.8383741409 36.5467869404 36.4322993311 36.7778136291 36.1624160816 36.812933971 36.8054289332 36.1913431104 36.4869294207 36.8357550474 37.2209579357 36.3601858408 36.476690589 36.2192900426 36.8687210395 36.4122092122 36.4732400274 36.8573878934 36.6788888849 37.2545338527 37.0353143282 36.2172402412 36.1055240484 36.6407493021 36.6610437212 36.1707346679 36.9535686703 36.8062080887 36.3108817006 36.4344718721 37.2781724333 37.1277443268 37.3119375355 37.0276265039 36.4649948065 36.9307091825 36.8466151227 36.8268599545 36.7839965009 36.6331712835 36.6337602469 37.0035482611 36.4567086314 37.3871405488 36.3638895995 37.03858263 36.6130920353
36.2325494102 36.1873694401 36.014007182 36.2938981925 36.6294015208 37.231375133 37.1371163423 36.0524599784 37.3430957583 36.384921378 36.9849014232 36.7961833527 37.327095323 36.7768521221 37.0883492093 37.3824232097 36.563130799 36.2125683081 37.1189599816 36.9777048661 36.2670069689 37.0077907273 36.6388796434 36.4420084317 36.1675538376 36.1035425423 37.4014814512 36.0074664993 37.3231287119 36.3618128205 36.959727201 37.242252878 37.0053765953 36.6765798658 36.3808157293 37.1070382437 36.7564852186 36.1400811051 37.0746483311 36.7503039275 36.9577152425 36.0364745238 37.0993861819 36.2380035419 37.1303768485 36.7189830562 37.0460676612 36.9312783707 36.3275680733 36.1204853993 36.915043425 36.5244694546 37.3414307504 36.8671442795 36.7355999619 36.3782091036 36.4618406811
36.3913729493 36.5960828765 36.3942028082 37.2373222353 36.0391664724 36.085842148 36.8719821622 36.5911240354 37.3025042752 37.2817460736 36.6774376761 36.0865624457 36.2953627773 36.8876066169 36.708084296 36.4601610891 36.3465176663 37.380937758 36.5953264731 36.4845355647 36.3551379169 36.7702929254 36.3522481798 36.4829840639 37.3275584503 36.7557882858 37.0215854906 36.0218127759 36.8946344079 36.3320718877 36.227886022 36.5352207582 37.1301777559 36.4409517127 36.4009691215 37.1075040886 37.2247355175 36.1126574813 37.3606398065 37.3830461909 37.1955417266 36.8930464185 37.2414793349 36.857816276 37.0077112969 37.2318015465 36.3689080621 36.647006237 36.7472203246 36.4387337452 36.8399124411 36.4155946165 36.1444355831 36.2701468298 36.0401492052 36.0734640539 36.7083964109
36.0817073814 37.0692763724 36.4127467677 36.6763564709 36.223255495 36.443549065 37.4132814554 36.7187273798 36.0839332519 37.1934933747 37.1941893466 37.3419635053 36.3875284386 36.0850064589 36.0088709123 36.7235503073 36.8683735541 36.7202297187 36.1808936087 37.1642747588 36.0070099366 36.0280184193 37.2135753049 37.3499302552 36.0286841629 37.0907265903 37.3909459468 37.4008820692 36.2667120891 37.1263691156 37.0488596638 37.3729554127 37.1337849501 37.2517513187 36.8251950224 37.2711569571 36.5402244198 36.8984325504 36.0930983352 36.3710661268 36.3710832733 36.23735983 36.0421198377 36.7828248082 36.1219792009 36.6824308034 36.9460872944 36.1633584618 36.3933711634 36.2270990121 36.1798063319 37.3616970466 37.2537321937 37.3303576118 36.4200161321 36.2091804287 36.8380458414
36.2441019781 37.3539751568 36.4026490584 37.3396278833 37.1762180704 37.1353919766 37.2802991841 36.780471214 37.0971975209 36.6465579929 37.2697159475 36.3449179361 36.1687263574 36.7980181843 36.8691269519 36.7798776329 36.2183721869 37.2626926315 36.508920508 36.5499568131 37.2996036609 36.7142213415 36.9302284988 36.5750212755 36.9510656605 36.979975305 36.8422503073 36.5565314836 36.7766569175 37.2240122246 36.2976021542 36.2780983364 36.9833921814 36.6239422761 36.2778902757 37.1672856796 36.0667263752 36.548907633 37.2362199032 36.3521662756 36.1000792613 36.3235151661 36.8779282713 37.0877379009 37.2578601105 37.1793611645 37.3990175405 37.2918434009 37.1225745241 36.3555732477 37.2393072411 37.0033154834 37.4125984857 36.2901223168 37.4029527716 36.7776217644 37.253508001
36.3860194201 37.3039555883 36.0251929151 36.2645844494 36.5493744108 37.0371263955 37.3919735031 37.3028685272 36.4288736847 36.4808169551 36.3977277162 37.2938965748 36.3747165863 37.1166853096 37.3437907971 36.9779969426 36.8592780719 36.3486870696 36.796722776 36.9446195797 36.027774837 36.0041627564 36.6695762783 36.8891414581 37.0173391954 37.3114988047 36.1762513464 36.3267348551 36.1810206497 36.1610832058 36.9942136352 36.3706289402 37.0851874092 36.1789976551 37.2124735361 37.0031131309 36.5527654314 37.3260682318 36.0660665101 36.5712318737 36.6363509627 36.2102749784 36.5016115749 36.3615736062 36.8551064149 36.3794662303 36.1264527368 36.7009024168 36.971505744 36.0623522932 37.0791919203 36.952965602 36.7878648754 37.2996562159 36.5147734187 36.0559032688 36.4741669843
37.3957996288 36.2007027768 36.1378556464 36.5269345071 37.1359169369 36.2797585678 36.9817425729 36.9915071001 37.0966596626 36.4343742869 37.2694694429 36.5009201009 37.123600749 36.4585750789 36.5682049469 36.2466413892 37.2931997511 36.7528708836 36.8819230516 37.2326973941 36.3082798553 36.3341852674 36.1258578828 36.1859863668 37.3134911648 36.6053052242 36.66056969 37.3598617575 37.2970018611 37.1816876655 37.135799383 37.1847496503 36.6045159786 37.3668353344 37.2592131476 37.4016196919 36.5965986431 36.5036931521 36.6437931659 36.5423624321 36.0104349432 36.7070161186 36.3281270921 36.1657248979 37.399144494 36.34032396 37.2541329029 36.4788058559 36.5433206251 37.3111614039 37.3634411963 36.090620146 36.2168969822 36.1721753448 36.2728647077 37.1827474144 36.3874915759
37.0550735356 36.6382960228 36.3784325729 36.1821917852 36.0515759701 36.2641981487 36.5280170833 36.9302670658 36.4101342994 37.4001326156 37.0936550879 37.2761883711 36.9374620663 37.2129715028 36.6993241349 36.5268639003 36.1444271385 37.3662667839 37.0463293225 36.6808738431 36.5342732792 36.9894856288 36.857074657 36.2024881031 37.0179379504 37.2132535284 36.5191384875 36.6426269212 36.0154846365 37.0246234934 36.2365961702 36.4190336226 36.365617048 36.5372986614 37.2379101595 37.2688361426 36.7980068221 37.2318041913 36.3665093005 37.2923766369 36.4792190537 36.9232734105 36.414143193 36.8282518517 36.5546507147 36.2078060174 36.7329598805 37.0231176169 36.8169417177 36.8136212043 36.8792239691 36.0755010185 36.1120266839 36.3272481189 36.2571451901 36.1607401772 36.2514780435
36.2030864596 37.1100010978 36.005162471 36.2057439675 36.6176388532 36.8334622079 36.3515137581 36.5470822491 36.6198910725 36.9431007555 36.1638842338 36.8690170287 37.1889703808 36.4185439035 37.1130636287 36.9084955725 36.8173789806 36.3113243157 36.274097416 36.2851453511 37.0886498774 36.5105655481 36.525089915 36.3493683454 36.0239846484 36.2454259067 36.4923914392 36.889487556 36.7595929004 36.3742252291 36.3742876584 36.7100676674 36.8543460299 37.0783891601 36.0336484641 36.6688199853 36.6986588654 36.6189002833 37.0502492061 36.4956848423 37.0092252691 36.8560464635 36.7325592922 36.2841140467 37.3876141789 36.5754469631 36.3773350425 36.6386741793 36.3382781 36.1858095256 36.9734331297 36.5981475715 37.3345080092 36.3244290196 36.2830572497 36.4222753789 36.8242221763
36.7746212033 36.1574178383 36.4084974539 36.8835432076 37.2710312654 37.2697303709 36.118141774 36.4389332331 36.2725566274 36.1215713171 36.1095206618 36.2339833965 36.2267744971 36.2012382281 36.1271973389 36.2337430139 36.3030799752 37.3367263083 36.8513668421 36.4514227291 37.157371862 37.1441836127 36.9341491753 37.3032199988 36.6689418529 37.14642863 36.6391292746 36.0570571389 36.4729644897 36.0236989986 36.4018559616 36.9584272559 36.0874481611 36.2875167569 36.2528148361 36.6050986288 37.1860542102 36.4448147554 36.0028023857 36.8033878337 36.6607199994 36.58440598 36.0968725804 36.6964648999 36.2311856429 36.405728285 36.0138903633 36.8581621088 37.2785284516 36.3484583347 36.5501801153 37.021473626 36.8322701721 36.6807059778 37.2188056037 37.3956880969 37.1826198078
36.4060470346 36.6961818093 36.2522276324 36.4414601386 36.0848342743 36.4853815055 36.3432965243 37.3690873522 37.0115775931 36.3632478894 36.5763952604 36.9841317427 37.3239261545 36.1842185479 36.1733537867 36.7825784918 36.785541178 36.1394264917 37.0115683507 36.7624974567 36.8308244716 36.0504705659 36.3102931716 36.7358344862 36.8220959686 36.5598378447 37.2456074865 37.1604743469 36.9387548739 36.5205387793 36.8419054906 36.5494298913 36.0147282216 36.8145649949 36.2638316671 36.0268986727 36.6502556068 36.477804035 36.9000987291 37.2090549261 36.8983358458 36.4973250697 37.0096728579 36.6687887584 37.0238298928 36.7192646545 36.1284029129 36.3743079109 37.3500526283 37.1542936698 36.0028354976 36.5911157688 36.0607972033 36.6085642574 36.9509616103 36.6184256156 36.6470889984
