Spatial_Output/DEC/DEC_1380.asc
NCOLS 155
NROWS 192
XLLCORNER 196307.867259
YLLCORNER 449144.565805
CELLSIZE 33.573938
NODATA_VALUE NaN
[rows 78 to 103 of 192, columns 57 to 113 of 155]
33.0120636232 34.3295953524 34.240326147 33.587827401 33.6246578166 34.2616655696 33.7029299189 34.3302704948 33.5115911549 33.7441162389 33.1813011159 33.2934270681 34.4084973777 34.3690359141 33.0350659187 33.4963895336 33.1417080323 33.9145788559 33.5423045767 33.7281612107 33.9007476428 33.7977669132 34.0851261558 33.4660970974 33.1983997375 33.9497849071 33.0435654174 33.2381135738 33.5790609423 33.0840743913 34.3606426188 33.6972005566 34.0890885666 33.6932212765 33.5104953397 33.6877699574 34.3230155794 33.2029839098 33.8255583453 33.2073802267 34.0327452821 34.2491250845 33.8969211078 33.0332805739 33.0985865335 33.5220659096 33.2734303658 34.3623587894 34.1441112872 33.6046056613 34.1682827307 33.9611817093 33.5526900837 33.7660513592 34.0633907757 34.3054330129 34.1644335856
34.361559954 34.2158143411 33.095001959 33.1096931602 34.2607025487 33.7531816217 33.3646488195 33.1500671886 33.2833416965 33.1742771799 34.1445275114 33.4151701426 34.1899742102 33.9184803244 34.2144576991 34.2379708839 34.1196584396 33.8502697746 33.4649259094 34.3868339599 33.7273871233 34.302550325 33.0017270518 33.7319144237 34.2904544066 33.02705636 33.0262532323 34.2553856938 33.3855503711 33.405962034 34.0192059234 34.0752866249 33.6354346378 33.8713052579 33.3804036487 33.2781584136 34.3930543693 33.5171221962 33.0413431863 34.1154672344 33.9939100426 33.11351137 33.6192636696 33.3689023837 34.1312013317 34.2878991666 34.295096064 33.0750566071 33.3370714397 34.1358844318 33.411488453 34.1236138098 34.0769149205 33.5673821304 34.2577637288 33.192644007 33.7725203223
33.1643121917 34.0775347528 33.3463922751 33.2135612539 33.1891549449 33.8536286217 33.7214791439 33.9211071072 33.1387660597 33.342186935 34.0546602673 33.878055347 33.0817093964 33.6343087912 33.2289612899 33.5792187649 34.0337149189 34.2798119604 33.0908989331 34.0323665612 34.2663198166 34.0703963181 33.0828929532 33.0836529239 33.9326705445 33.4359297767 34.2992610514 33.6968123156 33.4645839722 34.3578741567 33.167338483 33.6093277638 33.3223044859 34.0391988689 33.5289788817 34.1923896879 34.2367609782 34.4088042375 34.3184961621 33.4311443887 33.295712211 34.2539697476 33.2830901752 33.9482235048 33.1857050478 33.8893753992 33.796749899 33.933043976 34.0330947542 33.1989435577 34.3654408654 33.8176001016 34.1197589782 33.5884248364 33.2596678515 33.5911328189 34.3791783138
34.3060645269 33.0277277912 34.1562754145 33.63776363 33.1887536191 34.1993811103 34.3461994919 34.1678370076 33.9713658 34.1549181918 34.0662928722 33.1746416404 33.7261161051 33.4184137683 34.1213813286 34.0308019624 33.9591140354 33.6773322704 33.7709717047 33.110546751 34.0478012398 34.1077691316 33.7747283833 34.2665859148 33.5630197813 33.0117061241 33.4003679453 33.0147179656 34.1999256554 33.2361649781 34.0596510081 33.0805029215 33.3820891704 33.9957871022 33.2651391989 34.0542497952 33.8224180291 34.1215378591 33.4385409823 33.3224354509 33.0655292309 33.6044024001 33.207245369 33.3778573734 33.1766165059 34.0254665949 34.2082231633 33.7272062091 33.2669885017 34.3550190356 34.410083613 33.6602645392 34.1861455274 34.2752990022 33.2976017884 33.2057671452 33.0202846333
33.7615927447 33.281408521 33.5174155823 34.2129524072 33.8163569503 33.5136149114 33.5088973571 33.7027283101 33.0389481141 34.0641825171 33.9577696431 34.1605419551 33.8797872072 33.3586259921 33.7575399588 34.2691168761 34.0143152073 33.9082898813 33.3251374368 33.0534321187 33.0966379838 33.2623447178 33.829806531 34.2680748685 33.3348786568 34.1879887691 34.0128108013 33.1012771791 33.4512518846 33.281372387 33.3288253132 33.7624975838 33.4828904661 33.844535821 33.9392460056 34.1238271039 33.306672044 33.269046011 34.2366172173 34.2695565816 33.3138287863 34.3795163964 34.1064926655 33.6147538307 33.9015474024 34.3170381398 33.709680467 33.6199669393 33.2700789163 33.1896575515 34.1691522027 33.4760924624 33.9582740257 33.909220611 33.0353502068 34.2239278885 34.2045131767
34.2363795486 33.3777178065 33.0437601122 34.3051180029 33.0592065476 33.3313581205 33.3441347208 33.5553195388 33.741708942 33.8350011417 33.8342918131 33.8547173132 33.4263832582 33.9906381084 34.1696157915 33.9058368788 33.479715214 34.0830578832 33.2248899189 33.6538121188 33.4416714617 34.3846613955 33.7417891333 33.6314671159 33.4813161714 33.3665543444 33.8717328088 33.719599291 34.2995578429 33.604636432 34.1176432431 33.9961399288 33.7668963723 33.604647912 33.3646678687 34.2804066021 33.5852842884 33.4327126344 33.309405663 33.107707353 33.9014650824 33.6850701543 33.9539072733 33.5355916209 33.1497867739 33.3072923652 33.7671138553 34.0145524392 34.0147846952 33.4666245373 33.088815971 33.3549701202 33.5705655992 34.1131172687 33.3464536915 33.7832573195 33.1739958389
33.7749865469 33.467372548 34.2422158435 33.6746517658 33.2828264028 33.0340793357 33.0651568468 34.3370851801 33.448708969 33.1736286508 33.5454099274 33.9120812752 33.6471069297 33.6162542837 33.6276617614 33.3928430881 33.173601962 33.0782436142 33.9546419513 34.1386267072 33.8242100727 34.3797256661 34.1442900757 33.5464565835 34.3098047162 33.1142666057 33.4759319059 33.6109824076 34.0941939492 34.2896073227 34.0579286109 34.0683562419 33.5676625092 33.5572282024 33.3736656373 34.3899245204 33.247311949 33.0369139626 33.1214069424 33.8634323311 33.3413931625 33.9920171839 33.6743499723 34.3855918246 33.1333696889 33.0859519767 33.8142748561 34.0969568249 33.6262482802 33.8769744298 34.3593157698 33.3507626106 33.7454868356 33.2207998882 34.2893596585 33.5634238935 33.6022204122
34.2736564968 33.4245379529 34.3938647708 33.7684323505 33.912136323 34.2458176685 34.0649911603 34.2680078666 34.2642867198 33.2576486698 33.8308448929 34.2815893567 33.7778524034 33.4455760521 33.2883397739 33.1961062204 34.2265531878 34.4028619263 33.5576437101 33.2879542136 33.810311039 33.9027794544 33.0194720164 33.5139618017 33.7239612965 34.1170162541 33.0448260477 33.6353707784 34.1953261012 33.375988506 34.1687923602 33.9804893346 33.8273109153 33.2993023993 33.6949368496 33.8093527653 33.4467813386 33.2255924076 33.4793413413 34.4014507838 34.0010998399 33.8962718174 34.187987028 34.110367497 34.1550969801 33.9700742443 33.916516236 33.5272585228 33.3144655891 34.3137803328 33.8831002187 33.4610567405 34.3754406158 34.0429859828 33.2779859116 33.5351105133 33.043995635
34.1211330906 33.3236108818 33.3426999975 33.28289503 34.0571320898 33.088220429 33.275057141 34.1660678749 34.0180312733 34.1569680177 33.6214512935 34.1896939273 34.3104586198 34.1152897539 33.5194510669 33.0059058529 33.8277224559 33.4676677006 33.1483656421 34.0430147474 34.0679514833 34.1437524437 34.1453896716 34.2443083622 34.3780196133 34.2346323766 33.6832917321 33.8441296632 33.0354154309 33.2643162144 33.1786867281 34.2458707024 33.2082162661 33.9173981912 33.7650623797 33.4108910364 34.2010046549 33.3219175469 33.0768629118 33.7300049926 33.3558113421 33.2887694261 34.1324955581 34.0758130238 34.3644383257 34.1662603508 34.0517983503 34.3888152686 33.2669773187 33.4503615248 33.863297043 33.634170273 33.3672474395 33.9993628647 34.2276495962 33.868979365 33.9558240994
33.3667079207 34.0719490875 33.1674005389 34.3601820826 33.6055830619 33.4737995965 34.2317494841 33.7809212669 33.5635265818 33.0901164141 33.1878283594 34.2171284576 34.0160413622 33.7131191666 33.884092078 33.8751419475 33.7110672929 33.6859141151 34.0356148037 33.0570209707 33.8122809844 33.3768357341 33.8240202366 34.0803394077 34.3085535519 33.1758012748 33.5845632573 33.4228878762 33.7268723987 34.3034376232 34.2468444268 33.9606062094 33.1617237825 33.9612529075 33.5128612257 33.9517393909 33.1515928367 33.7154259106 33.1714985808 33.0417648037 33.5227564199 33.0252035621 33.8182765826 34.0572983382 34.2819637547 33.6557016092 33.2893844477 33.4945348794 33.9005184764 34.34837278 33.0456214452 34.1808668756 33.4602841865 33.805681516 33.2976805404 33.9383144567 34.2158442775
33.4031994845 34.0033010329 34.252890508 33.2630467658 33.4524047881 33.1553264803 34.2610219627 33.3183934088 34.3284367922 33.6093427729 33.7715163299 33.4365611447 34.1949690663 34.0175008094 33.9733783585 33.7600573502 33.6614405378 33.2605202996 33.4697465707 34.4135311943 33.3768325895 34.3743418692 33.6842322783 34.3562589903 34.2420565538 34.3871587238 33.8937832259 33.6833835272 33.89272186 33.2387097291 34.0676526033 34.0536764986 34.159561257 34.3350565637 33.1897289816 33.7034697566 33.0201518589 34.2492841352 34.2842662106 33.3840127819 33.8232784942 33.075001461 34.4061048457 33.6674671388 33.6205482847 33.6770176931 33.8936583754 33.7822220476 33.4643387067 33.9295025385 33.9547348823 34.3737901125 33.6080325868 33.3676361243 34.114382121 33.6413085244 33.9362473134
34.2807867044 34.1061134625 33.9960509641 33.6531321952 34.3888615551 34.0686476694 33.3161565763 33.1325868328 34.087872749 33.3742148656 33.080123746 33.9334873663 33.5266939248 33.1568811083 33.6797009812 34.1983745051 34.2306397086 34.0197567249 33.4523592878 34.0544893366 33.2769506635 33.1159153616 33.2139917012 34.037550969 33.2992035927 33.6077218687 33.9536374388 34.0521320911 33.4752611483 34.0980167993 34.0145326958 33.3156543999 34.2712942764 33.2043820167 34.1374681035 33.8345471704 33.7219115742 33.968865381 33.6231658796 33.6423019396 33.8060229213 33.1693424392 34.2023422701 34.3878030612 33.035374984 33.7036849179 33.8824294005 33.7787916668 33.7495933252 33.4388818671 33.7671158332 33.3719424288 33.1685351512 33.3414327996 34.2505105413 33.8021250267 34.2012776776
33.9433230739 34.2970397404 34.1854822328 34.2908431322 33.5766032756 33.9099014503 33.9860404701 33.8613092639 34.1782218688 33.5746630751 33.9173575791 33.9387826575 33.3001664999 34.1829717243 33.2118871794 33.8500690896 33.8148410452 34.0108528519 33.125692531 33.5165410209 33.0711397632 33.767600479 33.8524373022 33.2844847345 34.1290140861 33.6944717426 34.0238043804 33.6544790016 33.0295833345 33.5894581426 33.9981323865 33.6986494786 33.9435098271 34.1792080667 33.6248661189 33.7203951767 33.5184066062 33.8008744205 34.006265216 33.6350229522 33.0785727767 33.3122908025 33.3077493685 34.2747998061 33.7903368543 33.7199901812 33.9572736518 34.0167391389 34.0072995843 33.9188013355 33.4283056762 34.2121453297 33.0054112609 33.9710013413 33.3300462773 33.5417206685 33.3373496638
33.8738011774 33.3251451716 33.9332777852 33.3630811861 33.7043520955 33.7960210725 33.6269453156 34.3691603818 34.0214497432 33.0208902981 33.7820785613 33.5173881466 33.4037182574 33.5862665452 34.1551462832 33.717363062 33.0906053918 33.0739452717 33.1228187758 33.3126706059 33.7448073506 33.8394314447 33.503170246 33.9199475999 34.2601230376 34.0422943192 34.2483724594 33.4053303708 34.0943868809 33.7162092714 34.2230415548 33.2547011341 33.0508115791 34.2019620329 33.4842853898 34.0209150672 34.1018152952 34.3130548834 34.1457601979 33.2059527687 34.2490825345 33.7987424335 33.2424254592 33.6306833669 34.4010678432 33.1318280414 33.583031084 33.4227900123 33.8590883268 33.7604034445 34.0351330354 33.5865749273 33.2780842699 34.3163759052 34.1571298315 33.5926960302 33.9609089614
33.5901921503 34.0683849349 33.5468122582 34.3565391081 33.9542066647 34.0078448562 34.3619904687 33.0963521933 33.9893486262 34.2070568529 34.2008518167 33.0901078717 33.3620611606 34.1711664508 33.9049856567 34.3942668255 34.1074485903 34.2982204166 33.5420725439 33.0881835035 33.5405854843 34.0625404967 33.2927483909 33.870651053 34.3750752599 33.0110422581 34.022031329 33.5470659297 33.8181084715 33.2085917555 33.7700818687 33.6535995812 34.4117247034 33.7602847376 33.7899018113 33.7528670397 33.6590132545 34.2183367224 33.7012385373 33.8468062371 33.2900097622 33.9146668287 34.0596731361 34.0401891492 33.8197673893 33.5909509423 33.1170148938 33.123958312 34.3866717295 34.3864823155 33.525654852 33.0835980376 33.3097751937 34.1878969564 34.0140496949 33.9683883154 33.8762758812
33.5911677349 33.1365531992 33.4104703564 34.1797072003 34.0502386924 33.4397622569 33.5564531508 33.9076802083 33.6643023138 34.3193128931 33.585489494 34.0583166899 34.3265171003 33.7415949277 34.3921458273 33.3618390368 33.2313946044 33.693325606 33.1156489096 33.7667049229 33.6340286361 33.4293550868 34.0104585205 33.3215444027 33.9277691266 33.1978390688 34.2497891196 33.3848927577 34.3418945808 33.4679551495 33.5672279529 33.9171913657 33.4983736428 34.3325951197 33.2867397021 34.2845660419 33.0999935786 34.2561775171 33.2869371882 34.3606859119 33.1284239324 33.5198303419 33.6904129512 34.1202821535 33.8103688332 33.4596174056 34.073478607 33.8854915004 33.452838592 34.2863771457 33.2569369422 33.1058284094 33.2871295755 33.0795465939 33.4494505168 33.047541893 34.2640357663
33.6922455805 34.3727731294 33.9586693253 33.7279711612 33.6955755974 34.3467421595 33.9343961965 33.6999073377 33.1863440386 34.1332667272 33.3295047584 33.5601718704 33.5809526932 33.6491401487 33.726993246 33.6649016598 34.1505836925 34.2327763948 34.4061636967 33.4340540106 33.0149936005 34.3618967455 33.9942627704 34.3322027108 34.3765515848 34.0182922136 33.2845572502 33.3168431372 33.3869886929 34.0837304536 34.0895867302 34.1890281527 33.3193385389 33.7656719376 34.2421406925 33.9252364284 34.1673722917 33.0527677831 33.1840870529 33.2066918603 33.1963233008 34.0123049083 34.2179461589 33.4908157512 34.2127008593 33.7125594269 33.254385547 33.4485312531 34.3774434013 33.7118779995 33.2568828813 33.8797381618 33.7875658369 34.2721551633 34.3515839391 33.1363818311 33.9035900846
33.3503404413 34.1157644895 33.2733535162 33.0693433632 33.2518895841 33.4800419797 33.7622040953 34.3375872793 33.4160836054 33.0300801808 34.3173208869 33.5608839751 33.2041360443 33.3683862915 34.2948091906 33.8639712661 33.2219508332 34.3481737106 34.1828532568 33.0807803865 33.7573456413 33.0835630985 33.6866515664 34.3464692102 34.2712917948 34.0712074322 33.0561516929 34.0988246764 33.1217894793 33.1887088287 33.5990398931 33.3837482605 33.9242186035 34.0848531164 33.156054298 33.0211634337 33.2544548938 33.2889017553 33.3895236268 33.6975164245 33.6264043427 33.5713339236 33.9762002542 34.4035542003 33.2137438861 34.0263541924 34.2445311049 33.319403288 33.5356339913 34.3823836917 33.6625496576 34.1216994023 33.4546819478 34.1418430502 34.4015145531 33.8291603412 33.563350433
33.7080980856 33.3043508802 33.4848276746 33.8480874364 34.3278835478 33.5414331232 33.5759954432 33.0563980748 33.214309149 34.0394888471 33.7485611096 33.3877624426 33.8133969589 33.5336003459 33.0305866294 34.2546316081 33.5419024628 33.2171288618 33.7989568667 33.8172368832 33.7760576296 33.5110251503 33.7714715804 33.4228162107 33.1226149447 33.5254112355 33.3178862255 34.0850054289 33.2974038673 34.087299292 34.2002379354 33.412541869 34.3372675287 33.3816395525 33.8637068484 34.1672144271 34.2280082762 34.1914810592 33.6590661499 33.8589395207 34.1130705446 33.6134461721 33.4532300931 33.2170409653 34.3996225289 34.0802879775 33.4562595516 33.2970042759 34.0001567523 34.2018592754 33.2801917756 33.599553113 33.8595394168 34.3106282854 33.9285775501 33.8615242381 33.1076100386
33.6883885427 33.9798415549 33.6966549779 33.0398167748 33.690306301 34.337524991 33.7010338784 33.0360867687 33.7116490291 33.9050009158 34.2389511871 34.2386563196 34.3046646098 33.6477171124 33.4115603469 33.7713293858 34.0480789997 34.0609240602 34.2691297952 33.981583763 33.0118211362 33.530570655 34.0703216173 34.2081062577 33.1511253578 33.9021556294 33.3807216539 34.1005826451 34.0707252312 33.14214787 33.9226810908 33.0198105017 33.2760032048 33.0905218726 33.6859951209 33.4058870929 33.5848217624 33.0748170266 33.9868965574 33.2735585432 33.3436156517 33.5036178603 33.4712755296 33.2498749362 33.2250832714 33.5333611598 34.3171752986 33.4046914236 33.8394983294 33.7566014898 34.2241056608 34.2457882459 33.8445491384 33.0963965137 33.6785556572 34.3106130576 34.137817192
33.7169446129 33.1155534096 33.0236722665 33.3961381302 33.0724257755 34.0478949045 33.9016520725 34.2520765206 33.5394252386 33.4324473686 33.5473859873 33.0598088806 33.4287561963 34.2925531565 33.3346592572 34.3660845292 33.9842854461 33.7154662672 34.3805600338 33.5165909989 33.6434423396 33.9516950253 34.3313917435 33.7899879254 34.3621899227 33.9162257552 33.5473141584 33.0204754463 33.5044567431 33.061726451 33.2206883263 33.5878602063 33.5968723437 33.7576586893 33.6359270167 34.1895968725 33.9830887833 33.6484017476 33.7150529159 33.2902447143 33.206872666 33.3550495314 33.7270812977 34.3560079824 33.3960405677 33.8919607361 33.5251470024 34.3053777681 33.7379678847 34.4106955664 33.1099993091 33.6366465447 33.6654953385 33.0701798283 34.4013265358 33.7810968202 33.5444495718
34.40258016 33.1784400327 34.2049937997 33.1504772066 33.0050401478 33.1824335969 33.6278578219 33.064968481 33.9928972751 33.5273932319 33.0461450662 33.3422707756 33.1318397235 33.8714373865 33.769457196 33.5480251442 34.0345577072 33.8754495961 34.1485604409 34.0890017234 34.3188238692 34.308769947 33.277989995 33.3427145205 33.0806228528 34.2426627704 33.6989014451 33.7516301889 33.2425058434 34.1461748926 33.4925063091 33.9724829562 33.0853225654 33.267737093 34.356530963 33.0892767417 34.0163614997 33.802090664 33.2725882654 33.1630395925 33.6401669087 33.1930051838 33.9013581564 33.4637955462 33.739560363 34.3294928384 33.07445679 33.4337623151 34.1173137599 33.6907789527 33.3336294591 33.2309385674 34.1759777464 33.8030838152 33.261330209 33.5961588007 33.2871058351
34.2324415873 33.8671640058 34.0266992219 33.4803457522 33.512786643 34.0317236431 33.4215732559 33.7348650991 33.9684454384 33.3171112979 33.7127512235 34.2325668003 33.8224708472 33.4468426812 33.8717051656 33.4787142869 34.2255613889 33.6396918843 33.4148792571 33.1756319483 33.4200267887 34.1354694011 33.2572119109 34.1569564128 33.2537816807 33.9520611971 33.260108285 34.2745860519 33.7257196346 33.5294013164 34.0878962447 33.8227488293 34.2236987031 33.0603565456 33.3400432174 33.6798305785 33.6981418619 33.2551147315 33.7059321568 33.055574521 34.0159225163 34.219612697 34.1363831133 33.2840153034 33.5195677456 33.6680456027 34.4089221447 33.3851572413 33.517558372 34.023621796 34.2938050189 34.3652184686 33.3796360108 33.5519833824 33.0160389152 33.3934175607 33.5953798395
33.1471267225 33.6433627041 33.6616577055 33.8887464001 33.8246279994 33.7147410854 34.0383090591 33.8081112111 33.3431884148 34.0116410643 34.3367557509 33.8935246294 33.3835882884 34.0299118921 33.5192639722 33.1755450594 33.8059164532 33.9735190292 33.193241178 33.122421935 33.8083900419 34.0627219598 34.0955461842 34.3175510465 33.6571429605 33.0343607232 33.3922935306 34.1990511014 33.6841210772 33.5164222212 34.1542125893 33.3350728503 33.9775241725 33.5037215075 34.3871153102 34.3736727225 33.4383398782 34.1678904294 34.2395777453 34.2711016882 33.7449962284 34.2290076826 34.1693341108 33.4831108442 33.6366646709 33.1862951372 33.5665264645 33.2639789691 34.3497182764 34.0510912229 33.5462292077 33.5340623606 34.1798319791 33.6766437235 33.9810190054 33.2415250797 34.3479116447
34.0527140543 33.3497388645 33.6563091664 33.8176190456 33.4937847133 33.5241198992 33.7959934157 34.0608276035 34.3082749154 34.0843236033 33.9935734333 33.0267605469 34.3671379397 34.3484845933 33.7303152957 33.2129391232 33.7434768908 33.3331733632 33.0197078405 34.3464294816 34.3620065623 33.0440430586 34.1087550571 34.196951294 33.7422088052 34.114902431 34.1810538187 34.2533479049 34.2530537203 33.6083052793 33.3950472632 33.6546141864 33.8885137314 33.4673906494 33.6403110887 33.4933237413 34.1847984223 33.6077870452 33.3419610766 33.9532529411 34.1791796417 33.9842640546 33.7034643963 33.5858923206 33.2239684277 33.399540089 33.4357382322 33.2755153505 33.6349658739 33.9709549429 34.1977767716 34.1307615791 33.9536903174 33.92270892 33.0882004968 33.3738491597 34.102318293
33.470135162 33.7373103594 33.2450958891 34.0746148853 33.667505786 33.4059308001 33.4545681077 33.1980335459 33.5885156269 33.2239302815 34.2788181302 33.7014060518 33.5408850201 34.0631634213 33.6190918398 33.4182701527 33.7322749223 33.0582214726 33.1604945325 33.0229569789 33.3755749225 33.5693108466 33.9198496672 33.3875622252 33.6366845429 33.880794455 33.5254189589 33.8413857895 34.1214094389 33.5044489071 33.829894703 33.2859188919 33.439504922 34.2786621803 34.2009626639 34.0844971218 33.483449573 33.3874062708 33.0923425925 33.1060472311 33.3602909964 33.3792839267 33.137172913 33.5841813843 34.1561104428 33.7946226891 34.3106764069 33.8296631628 33.6736007526 33.0899922085 33.3131987923 34.4112872366 33.1695230566 33.2273631276 34.4071217667 34.1605902232 33.4244024994
