Spatial_Output/DEC/DEC_0010.asc
NCOLS 155
NROWS 192
XLLCORNER 196307.867259
YLLCORNER 449144.565805
CELLSIZE 33.573938
NODATA_VALUE NaN
[rows 125 to 149 of 192, columns 58 to 115 of 155]
46.1777811678 67.1602828196 62.4807725329 62.4807725329 45.058102178 45.9374243037 46.3911960891 46.1750818124 45.9263015994 45.3094029995 46.0192567805 45.4051879054 46.2854708765 45.2373771482 45.7203115179 46.1713553396 46.1042098096 46.2294257462 45.0491056251 45.8625665977 45.759789141 45.2907703989 46.2532868215 45.7011835163 46.275172098 46.3574879485 45.4163455038 45.7133888935 45.4629923985 45.7083424271 45.1649179537 46.1830535268 45.2834870265 45.6946282537 45.2769886657 46.2189324543 45.0631559185 45.4111622862 45.0336840978 45.2834672793 46.2038574836 46.1146842971 45.1435789919 97.343976947 97.343976947 45.7384876641 46.1292010446 59.4956215702 45.0551954645 45.8812806451 45.6843076429 45.6388857902 45.668600635 45.5463460294 45.6070045457 45.6665344447 45.0109073559 46.2470756877
45.6233662726 62.4807725329 62.4807725329 62.4807725329 45.7747312535 45.8138020088 45.2623192076 46.3281344151 45.4387167372 45.3123572797 46.2265845929 45.2816717092 45.4958607247 45.3748251771 45.920230798 46.326178925 46.0107088346 45.5666314515 46.1450999434 45.3881268083 46.1698990359 46.3783754231 46.2575513373 45.7962187111 45.8136152872 45.5633966074 45.1152221454 45.2115640204 45.5795203366 45.616655823 46.3723703742 45.5733893567 45.2855458963 45.9488330636 46.164243278 45.1820898149 46.1270616731 46.2319178298 45.9945018116 45.0257389635 45.9666697007 45.3277421188 45.3638247443 97.343976947 97.343976947 46.166959648 45.265977281 45.7486003355 45.4427992433 45.3444562874 45.2111491158 46.280496571 45.5063824418 45.6243000977 46.1829865229 46.2532167173 45.1052303802 45.1708162778
46.3453888319 46.3526670341 67.1602828196 67.1602828196 57.8432617913 57.8432617913 45.912923759 46.2790413691 45.691830703 46.2519642557 45.0344166944 45.4579669502 46.38473715 46.1712513553 45.0721526891 46.1038728383 46.1913793648 45.1218254729 76.4715378505 77.3582096415 77.3582096415 45.17918506 45.6957508331 76.0591593535 46.113350926 46.3471375983 45.0644533997 68.6931557616 45.9268477383 45.038261661 46.0837998541 45.3826957224 45.5853283039 53.3843360274 53.3843360274 45.3103368526 45.6329894038 45.4464691892 45.5752724901 45.4498102039 46.2311696671 45.0385297588 45.494058079 46.2794013607 45.7568684387 45.1838136663 46.0688527313 46.0675889059 45.7634793141 45.7952478284 46.1633483927 45.6690002674 45.4981513943 45.8331534333 45.5696543656 45.544800849 46.0238186562 46.3548529272
46.3170332623 45.3452672408 57.8432617913 57.8432617913 57.8432617913 46.2610397449 33.7764760473 88.2661124279 66.0225964903 61.8121124144 77.5628960145 77.5628960145 57.0815596323 46.179936837 45.2908709222 45.0612673459 45.1344113942 46.0750773367 45.0619207457 77.3582096415 77.3582096415 45.1040836825 45.4759748619 76.0591593535 46.3962612333 45.7067266462 45.8365528644 68.6931557616 68.6931557616 45.6501676474 45.8517620291 45.3509068603 46.4037458649 46.0060267702 53.3843360274 45.8168261424 45.7361436816 45.4432539293 46.193631547 45.9923012632 45.8232586316 45.3617394093 46.0485672393 46.3620682997 45.5813176311 46.3133034271 45.1458593275 45.5150316518 45.377142632 45.8080598987 45.6989124938 46.2553698465 45.6781393351 45.5303569321 46.3234737061 46.1628658682 45.8616686933 46.3323496891
45.9560501491 46.4007624791 46.120808217 71.6863520009 57.8432617913 33.7764760473 33.7764760473 88.2661124279 88.2661124279 61.8121124144 77.5628960145 77.5628960145 57.0815596323 46.3168343678 45.5300543623 45.3468314238 45.3322265989 45.7057234635 82.5292090362 45.3878744615 77.3582096415 45.4722626205 54.0542482801 45.8622638647 46.1830431711 45.5203442064 45.3281822192 45.0143864047 46.400054275 45.623530814 45.8323261991 46.2958288202 45.6765344701 45.004087236 45.1148705779 46.2666969466 45.8105799333 45.0395067147 46.1880259614 45.754021975 46.04869414 46.3866251226 46.132620303 45.313186147 45.6034716883 46.249271141 45.3238285366 46.2369601838 45.1882884344 45.6908016342 45.1674508825 45.6457338315 45.9478526281 45.7347987361 45.5465709475 46.2310473354 45.7101986692 45.0509875902
45.5856971037 45.385946945 63.1595675207 63.1595675207 63.1595675207 33.7764760473 33.7764760473 88.2661124279 66.0225964903 61.8121124144 67.3516943406 77.5628960145 45.4124417462 45.494029021 46.2243125992 45.9796373222 45.8483966795 45.6767823757 45.7611747508 46.3769815836 46.1304241462 45.1315026969 54.0542482801 45.5548795889 45.6022484094 46.3420504202 45.8620939811 45.9031366845 45.6080282897 45.8047936265 45.2596546144 46.2480137678 45.6830246713 45.6744354889 45.3459709306 45.9644280768 45.6398566919 45.6732534409 45.696209162 46.3015269791 45.3180851153 45.2568934866 45.7178007711 45.7946444219 45.7164212644 45.0946167871 45.9899058826 45.8117106534 45.5131557599 45.005981798 45.9702487457 46.1604047639 45.573280262 45.7348606198 45.8026736678 46.0312421077 46.3044771323 45.5619569395
45.6812082801 46.0870962928 63.1595675207 63.1595675207 63.1595675207 79.4069199907 45.9534449279 45.7667425448 45.7615118103 45.842748678 45.9128995863 46.1389120122 45.2632177915 45.6318851209 45.3345643429 45.7012008771 45.4810346186 45.4838194551 45.3702814602 45.4640065297 45.2337865288 46.2224318132 46.3198417625 46.0713571814 45.3034609092 45.5066303126 45.0772854117 45.674167017 46.3823825772 46.3159832558 46.344550428 45.8593606473 46.1808804722 45.0843999048 45.5131915352 45.3135832008 45.8569550749 45.147065795 46.4116408831 45.129419346 45.3757412844 46.4113657298 45.680129246 45.9630849407 46.0931514699 45.6170266459 46.3676856283 45.5230739418 45.138638081 46.1202721706 46.4063436948 45.6621272952 46.1511348521 46.3430446922 46.2665062524 46.3469814934 45.2164145342 46.2092383058
45.6520870622 45.7640401388 45.1727703977 63.1595675207 79.4069199907 79.4069199907 79.4069199907 46.3039632422 45.4880810436 45.6346120199 45.3313267884 46.3454373565 46.2224839167 46.0347489855 45.113298161 45.2522442597 45.6365744661 45.3858481801 45.92233788 45.8261236064 45.0352046659 45.4678599363 46.3648008928 45.7956629785 46.3697148467 45.4876630762 45.5989467634 45.1494256784 46.2429556353 45.067943943 46.0222452554 45.0601338417 45.2008374545 45.0371597671 45.154076778 45.5091359604 45.259194937 45.135756616 46.186301741 45.8560884699 45.1096744946 46.2317115074 45.5842667978 45.4070123202 46.2008986239 45.3474652726 45.3053012651 46.3001530215 45.3637582973 45.3306701374 45.4880465515 45.3477975012 45.600569532 46.3592604803 45.4371421526 45.5299154257 45.9606846261 45.6584413297
45.1647887959 45.2296456702 45.5682133974 46.1303836256 46.2822729752 72.0273543559 72.0273543559 72.0273543559 46.0765641708 46.1050926122 46.3266072607 46.2300952309 45.9324017062 45.7621569528 45.5286495945 46.3327864597 45.5718953833 46.2537981477 45.2079764619 45.7592551 45.0279245484 46.1770088751 45.9011799631 45.1718752515 45.4043610424 45.4366391002 45.1427550031 45.0487015866 45.3957525289 45.1953977824 45.8761020448 45.9083926518 45.7981691008 45.8916765043 45.0055434808 46.1660072803 45.2276416404 45.51574356 45.9130173823 45.3568381912 46.1150525594 46.0413760134 45.1962645495 45.0223882217 45.2022685463 45.3346391408 45.089462859 45.0366554427 45.6984600146 45.1872956351 45.9689939532 45.8704055077 45.7685105133 45.5287254721 45.2884289397 45.5818621141 45.7232902106 45.6084118956
45.4837588585 46.1218055568 45.493729073 45.9582197609 72.0273543559 72.0273543559 64.2940884838 45.8193351401 45.8255693431 45.3829144866 45.0165887029 46.0485408093 45.1713115882 46.1188450725 45.018764634 46.402326835 46.1447916968 46.3051521914 45.2646652193 45.6969728603 45.8337951049 45.0778810274 46.1416273722 45.8965414373 46.0450577261 45.9051974983 45.0372812975 45.8409873193 45.5484043157 46.1201891024 45.5420431194 45.7904464329 46.2131596732 45.0822342867 45.152028325 45.3874790821 45.4634803125 45.7310321383 45.5073424274 46.1744776314 45.1096857865 45.8073147164 45.0782181852 45.6223096812 46.4139562674 45.3634915114 46.1942783741 46.3909405885 45.8423893816 45.3830488721 45.8004308003 45.579321233 45.9439266885 45.5576012878 45.7675839611 45.8238377297 46.1976712918 45.7962944459
46.3653855513 45.2718169143 45.5067611583 45.5277317775 45.5413716353 45.5873951601 64.2940884838 46.1970850421 45.3521981171 45.2386063386 46.1835373715 46.3687664042 45.02694332 45.6164816983 45.7815262085 45.2094285703 46.0911749166 45.8623156157 45.1005027138 45.7947073838 45.8686805405 46.2963653215 46.2037887914 45.9817956153 46.1329103477 45.4943728936 45.5217076078 45.6050413239 46.3333522709 45.8131397956 46.0756471016 45.5940077604 46.0902153091 46.3119412891 46.2613609674 45.0836974951 46.1446293738 46.0520139681 45.1890552733 46.3405391118 45.4108171382 45.0743240863 45.3317433508 45.6510319005 46.043427635 45.9469839813 45.8097082178 46.1258160483 45.8747839002 46.2457712452 45.1314738877 45.2426221332 46.1616914593 45.2613104263 46.2825335382 45.2747078978 46.1059945732 45.7262122435
45.2577026132 45.379032742 45.0042928437 46.1993030367 45.5589947158 46.2983064328 45.7061893021 45.8452673901 46.2390631069 45.6934106198 45.8277040524 45.3125298782 46.3534339305 46.1460143843 45.0271132423 45.7824211977 45.8990866951 45.2098212025 45.8312299761 45.1773579933 45.7096075 45.6104561897 45.2001311266 46.0391584267 45.0377957602 45.9458903492 45.6410507948 45.2952653401 45.8613555894 45.4755777079 45.5393064662 46.1717386977 45.4724557603 46.1950703028 45.7339893142 45.6652173486 45.2559939804 45.9266103251 46.3165760876 45.7431323196 45.3545687027 45.7073054521 45.4741165771 45.7767891267 45.0346017904 45.9271623899 45.7393483429 46.3661156361 46.0671081026 46.136289205 45.2122983284 45.7018776752 45.5415123463 46.0572235835 45.6720178577 46.2138950751 45.6407146861 45.5142045154
46.1182475698 45.535771076 45.9486851511 45.9211738305 45.6143873898 45.2066074589 46.394569943 45.3750611308 45.0686770807 45.8418820234 46.3863945078 46.3551005098 45.3491296562 45.1006780086 45.1033251647 46.0997110774 45.3810737682 45.4206778052 45.4399205945 46.2163251802 45.2575684634 45.9915860914 46.3332014478 45.9303883354 45.0099355581 45.9811023022 45.1409606086 45.6039844759 45.4614737673 46.0753430893 46.118678793 46.3916728799 45.711446576 45.1631861918 45.9302021711 46.2564100028 45.6519328144 45.5135638421 45.4236789078 45.1837127599 45.1919317566 46.1713844149 45.0854630589 46.2064626976 45.650476156 46.3793586857 45.8873770648 46.3906683617 45.2481275773 45.2913826935 46.2056353086 45.8429758812 45.191998182 45.484721208 45.157065425 45.4466384108 45.3566531244 45.7754866552
45.2851715399 46.2655440796 45.5819387204 45.6774154662 45.386766157 46.2317030987 46.0031427049 45.8612957245 45.2907191434 46.0271640943 46.3123440062 45.1308498224 45.2594785666 45.7575635908 46.040698975 46.4138956629 46.1026239695 46.3606298885 45.632078954 46.3705906829 46.329067464 46.3050197486 45.5336807348 45.4946579298 46.3657873377 45.024165395 46.1501451489 45.6852219505 45.7998545716 46.3999885162 46.3927110024 45.1946317837 45.3908690034 45.0305092819 45.0359544939 45.9118241844 45.5277825759 45.4985955961 46.1640160433 45.0496304435 46.3926278789 45.0914395567 46.3237332425 45.5554958183 45.2747975131 45.6143086568 46.0079777476 46.0868552389 45.8437549904 45.1675975482 45.2991682114 45.2774659122 45.0457688363 46.2388535988 45.0381568124 46.3197003186 45.9666961523 46.3497084798
45.5577590217 45.8231691173 45.2920376753 45.8448055803 45.7208785804 45.8863967506 46.2589815105 45.3955066384 45.0666829345 45.8720385228 45.8676317548 45.2021858271 45.4492060234 46.1883638345 45.3892311491 45.1459173326 45.523962848 45.8058682634 45.7584402452 45.4055839928 45.5459337548 46.1607273179 46.1916793183 45.5574714685 45.7087259959 45.4412407848 46.4090321976 45.9272891535 46.3454454396 45.7742507635 45.0263588615 45.5085596715 45.8952122747 45.1090545095 46.4014296669 45.9939294706 45.7495262517 46.1465456383 45.5986418568 45.8137360436 45.4149571523 46.2191150314 45.3126817865 46.1835320179 46.0954608605 45.7886463675 45.5980851083 46.2101886808 45.61783151 45.6807495101 46.4063809496 45.58697964 45.5185107585 45.8609198387 45.8067633547 46.1794281178 45.7580321985 45.8467923687
45.9080415453 45.4761039372 46.2144414103 46.1022013898 45.6791044346 46.0697151946 45.0456695423 46.0097031878 45.5323324316 45.8186805416 45.7045023425 46.3282855807 46.0293654094 45.2779684542 45.2110352852 45.9530361054 45.1095790658 46.1448672797 46.1317452153 46.2366170903 45.6200488407 45.6790655215 45.0048809916 45.5597586467 46.0377332197 45.0166542558 45.6946450631 45.7191261103 45.3359159731 45.7768619418 45.3282978806 45.5923695247 46.148022284 46.2488174639 45.7573572963 46.2128705992 45.1470546788 45.0320182675 45.0622475443 45.2677775414 45.6446362932 46.354391228 46.2369179372 45.5704092916 46.0608003941 46.2044536309 45.5417341058 45.3478304632 45.2267222223 45.9277407109 45.2109754052 45.5246127326 45.2007948067 46.1610097185 45.0305597236 45.1430376611 45.3735828497 46.1291974015
45.2769231841 45.4629527052 45.8211294098 45.7276833587 45.6566765275 45.7365056719 45.3325566995 46.1915733192 45.673032262 46.1468110885 45.9025055504 46.2071261865 45.9393205691 45.4254210225 45.3843931089 45.0895418594 46.0923471956 45.1242694796 45.8208764314 45.0725522928 45.3309703801 46.172929485 45.7065436302 45.571775595 45.1968996974 45.614791887 46.0812097855 45.2032313305 45.2559305981 45.8051474399 45.6677393206 45.7332355697 45.5738484346 45.0062167317 45.2025904902 45.6812204372 45.4381158203 45.7394146748 45.8082859632 45.8878515079 46.2714033185 45.8918996718 46.2799056888 45.065985245 45.418570633 46.0042893926 45.4214721491 45.8218943782 45.7333218819 46.0960430756 45.2287913363 45.0548964912 45.5489745543 45.7401886004 46.3183217221 45.8206062924 45.9029203724 45.842727179
45.3872209968 45.2343441542 45.7433285544 45.0622401248 45.9607019118 45.5243780499 45.5879055224 45.368103316 45.4083673034 45.4727283007 45.9002999278 45.9960769726 45.8295122102 45.6794631274 46.0119128547 45.3051862078 45.9644041928 45.8802690632 46.0512207862 45.7160656379 46.1308836007 45.5574416488 45.9805197893 45.7479119232 46.2258400112 45.780964356 46.3318371387 45.293181564 46.2341038465 45.165740686 45.8863054199 45.2364449151 45.8991476665 45.1098313886 45.7207972059 45.3544125337 45.4476040667 46.2005066339 45.7633647108 45.4358335312 46.3822960572 46.1587298605 46.3780305549 45.5124429395 45.5983169063 46.0505647756 46.321492336 45.0637904247 45.3783165321 46.1711745242 45.3109304419 45.8540859475 45.6348510337 45.8721059196 45.2879174537 45.6847308027 46.1651566044 45.7769476005
45.031342242 45.9975466789 46.0183294266 45.0969265317 45.5908118283 46.3981547374 46.159587843 45.4868032559 45.3688124075 46.2755399659 46.3391226853 46.1392437953 45.0705543665 45.2150108741 45.4443696863 45.1778901324 45.3522294063 46.2985736805 45.1419495426 46.1515120467 46.060831667 45.1996300793 46.0980775969 45.884923498 45.063081808 45.9502829815 45.7133292256 46.1599655489 46.1897041072 45.541253965 45.8492797551 45.4199857321 45.6571515312 45.3284801287 45.9200070124 46.1685722694 45.9286285426 45.3830049892 45.6537662724 45.1653804553 45.4897288701 46.2615552915 46.2905069091 46.3862059631 46.2722675433 46.0727387179 45.1005249578 46.2623095271 45.3746085975 46.247502248 45.4604986755 45.3381773328 45.1137670573 46.2266556856 45.8019258573 45.5686992709 45.0342219011 46.3123079599
46.2547029246 45.935363941 45.2662426539 46.167527522 45.7518286028 45.2635898541 45.5605795085 45.3882418272 46.2714579622 46.0071233476 45.3085519395 45.0972718803 45.1913147586 46.2098692501 45.0211113704 45.6617255983 45.651774209 45.976150669 45.1090033237 46.4057951263 45.4603493553 46.1900267351 45.8351143831 46.3608889025 46.3649054002 46.1954333486 46.2927657761 45.2361017453 45.2266079678 45.893982918 46.0032048355 45.2964536723 45.5344466391 46.0069196776 45.2378916644 46.0339093913 45.07574914 46.2807505356 45.011688177 45.2747155573 45.4873760078 45.1324211972 45.6986373863 46.1778892891 45.2544173226 45.0929596296 45.9321638565 45.3667915075 45.4479730827 45.594581738 46.1149837684 45.2869836859 45.0416850539 45.5028491798 45.5393300282 46.1997977302 45.0049261623 45.8430427912
45.9888309838 45.629213962 45.2793286341 45.5936933067 45.9912583004 46.2172480796 46.4017855779 46.3282620467 45.0098725349 45.5506769158 45.6335833287 45.9429459194 46.2956656147 46.3518905321 45.6698059352 46.1332526854 45.1348401791 45.6222389543 46.0401563242 45.9184955903 45.935278103 45.2190164943 45.325179414 45.5213849327 45.6571233099 46.0976841839 45.8120801826 45.2336385173 45.0831706703 46.3391131658 45.5394903044 46.3820252398 46.0878132488 46.4132046579 46.2416780033 45.2142440268 46.2158886364 45.7227527449 46.3337071616 45.9048209857 45.0328462941 45.7319560669 45.7847659279 45.3409983359 46.0863533971 45.9661544797 45.0109185431 46.1192216833 45.6064130175 45.6453016387 45.2118805713 45.4553241503 46.0371723416 45.5875617103 46.3878213444 45.7184182732 45.9922962331 45.7008780323
45.3212420075 45.693658218 45.0717128524 45.100791291 45.1633876405 46.3236748204 45.2748694002 46.342707874 46.3877053622 45.1829901372 46.272381746 45.0946225399 45.6704126181 45.8396672294 46.3393221718 46.1958845094 45.6071597678 45.600025122 45.8410294243 45.5417062353 46.1958648319 45.1620147868 45.5182565595 45.904420614 45.0638565446 45.7393537583 45.7142564347 45.7106985687 45.2537629378 46.1569523393 46.068882327 45.2395081191 45.4309945402 72.8102853736 72.8102853736 72.8102853736 45.6962924078 45.2651151503 45.434061752 45.4574129224 45.9257085456 45.104724791 46.2764541047 45.9142335293 45.3486111571 45.6290294503 46.3427007601 46.3478502932 45.9348066302 45.6168468243 45.1168431539 45.443475775 45.691424802 46.1541176317 45.2408973705 45.5185937517 45.5204708868 45.6762640998
45.6942787 45.9110377216 45.0381816276 45.4247028041 46.3424021843 45.5622180156 45.1179915978 45.4292737566 45.6989392645 46.112946953 45.3178075132 45.852544848 45.4805635139 45.7418634291 46.3845041658 46.3942058772 45.7460211777 46.0352794776 46.2087610499 45.8358762581 45.5367454497 46.2842817758 46.0053989082 46.3595117876 45.0742502422 46.0106741466 45.8844733372 46.1329396488 45.7845511865 45.8141102221 45.5014783506 45.9793684923 45.7798849354 72.8102853736 72.8102853736 45.7758101379 45.0590864417 45.4982603832 45.2385734147 45.4958821817 46.3049401173 45.9172287472 46.307966427 46.0513045747 45.3154322304 45.6848270042 46.0933505313 46.327892081 45.7682453203 45.2642492013 45.3347716707 45.0028529161 45.6528633715 45.5876556806 45.6445735719 46.2934060333 46.3714420187 45.7239421629
45.184536279 45.047903401 45.1872338688 45.074235755 45.8560697763 45.6833731936 46.3129021531 45.9532639563 46.0939036229 45.5409088563 45.126311092 45.5143975792 45.0499158368 45.8804086936 45.3306747646 45.2587010565 46.3922586799 45.7182771382 45.4154471565 45.579515864 45.9136247423 45.9562969769 46.0067023218 45.644020233 45.7349185641 46.3528843991 45.923711574 45.6450902808 46.0411160849 45.7145329519 45.2979084056 46.2085861568 46.2439295958 45.3745130324 45.8513456655 46.2096364832 45.0069144403 46.201166764 45.3337491012 45.47727685 45.2514795145 45.5910713502 45.5595419755 45.7134111845 46.0655828485 46.1230148827 45.8168684953 46.3158678633 45.5246105963 46.1325030726 45.0731347591 46.012785834 46.0869319403 45.2821093136 45.7186792628 46.0888853722 45.8602676123 46.4134394613
46.0317896177 45.0584275323 46.2746551949 45.8559088336 45.6979312922 45.5623876533 45.5037011923 46.3718201302 45.1869569027 45.969160653 45.0897677757 45.1223761667 45.8634680208 46.2421096302 46.3848352727 45.370411945 46.2323341959 45.2455279822 46.0327340879 46.0301848938 46.2896622418 45.4029236099 45.389603065 45.7026666932 45.1806487677 45.0991645746 46.1614348031 45.5038599425 46.0335024423 46.1210069993 45.4683748192 45.1019414224 45.4105589799 45.0878298705 45.3826071564 46.3621873705 46.0490758257 45.1203734279 45.8337821841 46.0228701464 46.0507506449 45.0155758283 45.7214025996 46.2222220921 46.0519282075 45.2153453732 45.7869267348 46.0528184111 45.2013197537 45.9418060717 45.7492595287 45.657867276 46.3359099418 46.3555729726 45.1144860931 45.364718599 45.4114082885 46.038161094
