Spatial_Output/DEC/DEC_1395.asc
NCOLS 155
NROWS 192
XLLCORNER 196307.867259
YLLCORNER 449144.565805
CELLSIZE 33.573938
NODATA_VALUE NaN
[rows 52 to 77 of 192, columns 0 to 56 of 155]
33.0361741921 33.0146106414 32.8217663087 32.7627109281 32.8891824964 32.756444903 32.5578286256 32.5108993632 32.6741948011 33.1132468236 32.9952845407 32.9146731891 32.7017099321 32.6320621627 32.5046887568 33.189152321 32.628515733 33.0027836827 32.6864443767 32.9760545985 32.8578093539 32.8194206618 32.5601279431 33.1056601751 32.6228328714 32.5237767559 32.8727786263 33.1226186127 32.6703904073 33.0615281652 32.7938774575 32.7714500638 32.8766851402 32.6556616515 32.7649240026 32.864938774 32.6900695222 33.1304083129 33.1898383525 32.7964975179 32.9805037254 33.1141203992 33.0161441069 33.1357506059 32.5401775014 33.0192143059 32.7746343471 33.1979350206 32.8681723899 32.6892464536 32.6651329235 32.91305395 32.8974175065 32.8594001843 32.8299643714 32.8342128607 32.7221086218
32.9637862316 32.5567659202 32.6230844346 33.0147835536 32.8732549432 32.7476704333 32.7178222886 32.779599536 33.0752175737 32.6999267992 32.5768693026 32.57628951 33.0023489782 32.9727451517 32.9817910862 32.8622522355 33.0094335369 33.1167149424 32.7396554447 32.729704207 33.0555852912 32.6561372251 32.9525396693 32.6692117157 33.1134777169 33.0543476726 33.2064793116 33.0846084339 33.0393642253 32.8077917094 32.7362793731 32.5129394021 32.6744612912 32.9950667825 32.871958791 32.5746323319 32.9319567804 33.0079495241 33.1118476064 32.7316388764 32.559508537 33.1314586729 33.060542675 32.9956735689 32.5960281537 32.5611961375 32.989337826 32.9508110752 33.1773805676 32.9501254785 33.0103323085 33.129303197 32.8842034036 33.0897926859 32.6819597064 32.8527679696 32.9180630417
32.8426730837 33.0295153652 32.6222991243 32.9060845198 32.9587647623 33.1643031095 32.8533650267 32.8854183837 32.5629355121 32.7901340214 32.7988858466 32.6079768976 33.1208355629 33.1671397553 33.1888584691 33.1955181496 32.9542198825 33.1017929352 32.7373019198 32.7254019196 32.5030117298 32.9429868661 33.0840448465 33.0387825236 32.7160417168 33.1917517897 33.0015708724 32.9487476521 32.6289973039 32.7429015292 32.9086931508 32.5979231094 32.714895332 33.1588978212 33.0452038325 33.1771495681 33.1360511155 32.7800384016 32.7474722347 32.7789597377 32.9238908876 33.194183689 32.7896632814 33.1202368798 32.8226205343 33.1472458353 32.9026105256 32.8625669022 32.5026279423 32.9544922088 32.6219326766 32.9737737237 33.1570189245 32.6955878885 32.6367546867 32.7046303037 32.6532382718
0 32.7332458252 33.0300152754 33.0000579086 32.5496548074 32.5162279788 32.7722070213 32.5659857188 32.7888865597 32.9839141199 32.8608839456 33.0131785548 33.0587857188 33.0288740872 32.5397547229 32.8247066143 32.5462523075 32.6209789356 32.7248941824 32.9502199261 32.9365841015 32.8300645534 32.8803494437 33.1235847783 32.6145340129 33.1336043471 33.1067240708 33.1000204584 33.0593309128 32.7924650433 32.6632644013 32.6445127545 32.7826230835 32.9910070766 32.529551075 32.8456838279 32.8566022018 32.840625185 33.0344948807 32.5734925601 32.6674027684 33.0408937064 32.7543382107 32.9149615416 32.5510748087 32.8598594326 32.6640259182 32.8236800871 32.6079964874 33.1001190343 33.2049994756 32.7463164442 32.770515613 32.7518968198 32.8870029372 33.1200690884 33.0130450667
0 0 33.0449073221 32.7758636142 33.0973183954 32.7433906238 32.946854084 32.6741224059 32.6827446959 32.5909194 32.7542000953 32.9585862564 33.1057592037 32.8577468857 33.2019261014 32.9774354363 32.9988459374 32.7417983326 33.1245945299 32.6907785381 32.6743618343 32.7547683839 32.7954700655 32.9170297782 32.8035228613 32.7276166598 32.7169738737 33.1692856481 32.9296816841 33.0988588493 33.0860183627 32.5063730289 33.0089307591 33.0322837853 33.1667470628 32.9279490323 33.1659759863 32.6530373965 32.7681496466 33.04583084 32.6859366929 33.0846597117 32.5214298501 32.9927753601 32.6808399472 32.8087067992 32.836079861 32.8484370047 32.9016063519 32.8747601927 33.1389577081 33.1290908982 32.838220439 33.0846876635 32.7150501105 32.7038569699 32.6442119297
0 0 0 32.9983933926 33.2064975911 32.8512315938 32.5321645957 32.8869314996 32.9190753772 32.6682374775 32.9864827457 32.9525265048 32.8275079259 32.6765228093 32.8113842073 32.8504288474 32.6257129848 32.9147464274 32.6492175104 32.6866251633 33.0294287169 32.7951512719 33.2008395029 32.9695056318 33.1686288699 33.1516069697 32.9015017956 33.0699100726 32.9252855195 32.5140103436 32.9678161115 33.1877672736 32.5518532101 32.8997269048 33.0586923639 32.9791737219 32.9573880902 33.0769141962 32.652417386 32.7043849693 32.9978125525 32.8001384053 32.617163187 32.7514335078 33.0436226861 32.5949418787 32.7981946512 32.7629404204 32.6608153281 32.5072502173 32.9094882893 32.9569887772 32.6925818394 33.1879369552 33.0742480154 33.0015806397 32.9041395487
0 0 0 0 32.7516317039 33.0247452365 33.0190646254 32.5377565937 32.9639500675 32.6076605526 32.8041851564 33.1165405609 32.8799005723 32.6993500935 33.0552386149 32.8747667037 32.8984191651 32.7747017618 33.1343404297 32.7924956093 32.5735890862 32.5748640764 32.8096506147 32.8366218548 33.0200670659 32.5193464065 32.7145751481 32.9636691001 33.0594866808 32.5910702609 32.5324981156 33.2013787171 33.1444585617 33.0466889746 33.0970414686 33.0895152876 32.7234587191 32.7613336633 32.9948267445 33.1052470323 32.86559671 32.9521478532 32.9340620441 32.6845434773 32.5520420635 32.5761029618 32.8241017307 32.526007167 33.1248972629 33.1512664939 33.0513297772 32.8954976746 33.1645656797 32.8562884282 32.9842210099 32.630026962 33.0398482402
0 0 0 0 32.6390771408 32.8965969317 32.5194740003 33.1261863837 32.594592711 32.7434704473 33.0838822259 33.1800430217 33.0317839383 32.7826160765 33.1565790549 32.7564708395 32.90043002 32.7828399985 32.6363740881 33.0365326729 33.0687327358 32.9758258644 32.9955348529 32.6833657977 33.1166763515 33.188976133 32.7415478375 32.8780505632 32.5535655824 33.1349639936 33.0247528275 32.5716542825 33.1399946006 33.1161190906 33.141238505 32.5390253536 32.9190335806 32.5847189892 33.0136698744 32.8886566863 33.1764569454 32.7772281704 32.8747752658 32.9280777076 32.6878733565 32.5886188594 32.7029649601 32.8725261857 32.9277858329 32.8243287612 32.5102200598 32.8892898184 32.5895166733 32.7552915709 32.6626137138 32.9804229587 33.0345845644
0 0 0 0 0 33.1572950931 32.7683109181 33.1676241876 33.0126355279 32.5206429986 32.9117826291 33.0952804711 32.6513365082 33.0942003429 32.8271915215 32.651402455 32.5415733605 33.0331172616 32.5066292073 32.5777292638 32.6380764961 32.5843703876 32.5500245945 32.6679162685 32.5277030029 32.9650586212 32.9751483657 32.7270230803 33.0044713084 32.6072534005 32.5337934491 33.0627502567 32.5532651354 32.5564554642 32.6187092131 32.7744240342 33.0102950688 33.1619045622 32.8708214478 32.7302822843 32.5886424518 33.1128252714 32.8827599734 32.5302857401 32.9258825911 32.6935114095 32.8281131962 32.6284936574 32.8860064903 33.0937025594 32.7025908509 33.0661392057 32.7690482917 33.0538043124 33.0692873005 32.9530202601 33.0752993126
0 0 0 0 0 32.711225058 33.0320871018 32.8258269588 32.9403557308 33.1749055931 32.778181131 32.8630448299 32.9438165741 32.5216382655 33.1722767301 32.8110697503 32.6180293409 32.8653552182 33.066270166 32.7999516678 32.9313887972 32.9641874935 33.154274389 33.1142731731 32.8944231588 32.9765539487 33.0181174166 32.8868046266 32.5875980857 32.8618418198 32.8127996766 32.9417276456 32.5889831564 32.7043712795 32.6480847819 32.6335092731 33.1222516215 32.9704342912 32.5206752685 32.7315056061 33.0080800293 32.5537315356 32.5638395188 32.8647273329 32.762409121 33.0559376956 32.9750016476 33.1874015218 32.7192827855 32.7433069436 32.7944485811 33.2013105261 32.9391885812 32.7367847255 32.5962236728 32.8929944283 33.1384929771
0 0 0 0 0 33.1132131035 32.9210202412 32.6129399208 32.5569616276 33.013142577 33.1572028122 33.0845761087 32.9153921927 32.7013520861 32.9369850725 32.7895916774 32.5274006024 32.8148250591 32.9257079815 32.6636916589 32.8853968668 32.5286340802 33.1117123564 33.1350515743 32.8522889354 32.7158308131 32.9188197989 32.6559017352 33.0013035223 32.8436804752 32.9852337954 32.6329427621 32.8460423227 32.8168278656 32.9622572571 33.0684494374 32.5668949115 32.8602780666 32.6681620759 32.6282993712 32.817330111 32.6183347816 32.6052181949 32.8470147625 32.5535113656 32.5196436212 32.8110357431 32.9727373838 33.1399175313 32.879442874 32.9118449841 33.0470411011 33.0851257818 32.6879885818 33.0584835615 32.7038082788 32.8068854598
0 0 0 0 0 0 33.0634783619 32.9984337319 33.2045756599 33.0238271196 33.0832701433 32.7958516797 32.7527764792 32.836187734 32.9499317178 32.6396174401 32.7409940612 32.763435374 32.9175796505 33.1546834648 32.7202519796 32.8288780972 32.6914028752 32.7862071925 32.8301010091 32.7053403199 32.8603020732 33.0760945328 32.7223080346 32.5821757974 32.5193096465 32.5380771077 32.5378680899 32.6587139062 32.9092836107 32.5882971545 33.1700124893 33.2024402159 32.5886629085 32.803557189 32.995293076 32.5426342728 32.7726285999 32.8605508267 33.0769263109 32.5298488904 32.5203260934 33.1338686126 32.8746219541 33.1222505081 32.7528602691 32.9146772932 33.1145842482 33.1979019111 33.0752248904 32.632887759 32.5042587572
0 0 0 0 0 0 0 32.9886452746 32.790396593 32.5533790446 32.5592200535 32.9869040718 32.7111959165 32.9827818143 32.6870492914 32.8599442274 32.7067812193 33.1976867798 32.6494262275 32.7438157015 32.7505516634 32.9997391582 32.8122650013 32.5338613836 32.849262938 32.9537205229 33.0667765718 32.7585991065 32.8975359605 32.9472261464 32.9342997723 32.9743867444 32.5577874453 33.0877591826 32.8353246771 32.6928966316 32.7037942116 32.8965333377 33.0335062131 32.9282528167 33.1032294489 32.6459770744 33.1309653208 33.1721647085 33.0610230511 32.6757056071 33.1586253514 32.7143288612 32.7651471197 32.9425917519 32.7944604626 33.1910202672 32.6609426465 32.5531958591 32.8693314035 32.74125574 32.9424912594
0 0 0 0 0 0 0 0 33.0144767021 32.7412979266 32.5242669074 32.560497546 32.7454332111 33.0708857429 33.1203606784 33.0304792508 32.5137872892 32.9953917975 32.6896057397 32.9221408555 32.8396798521 32.7177276399 33.1989663785 32.841038056 32.5115522655 32.6042464982 32.8494082373 32.9742004465 32.7177579652 32.6359297458 32.650530484 32.5615283362 32.9999009104 33.035138988 32.7388578258 32.7193835643 33.1833389337 32.8064906156 32.6408660839 33.109840167 33.0156770871 32.7484882706 32.5963444778 33.0731299363 32.8517801127 32.9294101679 32.6049964699 32.5519668338 33.0138905738 32.7721144194 32.6624093537 32.8591301898 32.8047183486 33.0502871956 32.7294667501 32.9445669202 32.858944203
0 0 0 0 0 0 0 0 0 0 33.1854451475 32.5898245955 33.1953783707 32.9311690091 33.13425154 33.04009083 32.5483738485 32.8941457081 32.7408030964 32.7663075255 32.6881570072 32.5645655427 32.8514730917 33.0778184424 32.6535657117 32.9147976235 33.0367381453 32.7191572038 32.8184779934 33.1149233536 32.770072726 32.985908828 32.749645173 32.7398258849 32.7508075936 33.1732411755 32.9876514788 33.0238129314 33.1125418533 32.6080278572 32.5709554714 32.6669156876 32.6814085373 32.7145038181 32.543940361 32.893928055 32.9686313914 32.9779763221 32.6325556684 32.8942382171 32.9516409254 32.9617708184 32.7092263349 32.822671337 32.7866137066 32.8138556556 32.8342085774
0 0 0 0 0 0 0 0 0 0 0 33.0585736761 33.0683040902 32.9974009412 32.5468800845 32.8121974536 32.6041293607 33.1025418777 32.7976788862 32.7478783221 32.6124961856 32.9960662308 33.1761047892 33.0396390502 32.9004390823 32.9675116537 32.9259234043 33.1171930079 33.0104030919 33.1611808704 33.1908311244 32.7717125715 32.8816251985 33.0672914635 33.1271167186 33.0125572223 33.1208822629 33.0541141635 33.01464129 33.1960523282 32.6848430274 33.0095895995 32.7300140909 33.1336550597 32.5315295811 32.8459258219 32.5736372743 33.0430188035 32.7190170828 32.6707208943 32.7171537143 32.7856478345 33.19724489 33.1992583828 32.7761972968 32.7924602338 32.8734716995
0 0 0 0 0 0 0 0 0 32.5328218748 32.9095720319 32.9220627839 32.8436895836 33.1700224815 32.5560883711 33.1947398135 32.5602574956 33.2021739742 33.098475699 33.0438161873 32.6231845025 32.7767231967 32.5207470291 33.0080864123 32.5732014593 32.5766493336 32.5898960537 33.0721640025 32.7205069541 32.9165337677 32.6165999193 32.6262452736 33.0845001891 32.6307537625 32.7702409362 32.5754226293 32.9317576703 32.8670305654 32.6374077394 33.1470863956 32.659974145 33.2060207627 32.600247496 32.6107392254 32.7598574382 33.0983659526 32.9546634136 32.6829839744 33.1686923845 32.5624148336 33.0994913927 32.5913515862 33.1190553442 33.0878876125 32.6276961975 32.8179716711 32.9816854775
0 0 0 0 0 0 0 0 0 32.5312817533 32.8626959307 32.9060502763 32.5448024406 32.9558342091 32.7963284126 33.1709308287 32.6309858056 32.9381218325 33.0587691606 32.8630271257 32.6891302314 32.8134182037 32.9586087273 32.9767736143 32.5537762221 32.9939869534 32.9556094242 33.0289169163 32.5708096299 32.7737740947 33.1231925698 33.1474438667 32.9127817161 33.077286739 32.7053470992 33.1073318477 33.0695131121 32.9564417127 32.7030344989 33.0619153165 32.8788728891 32.9150014674 32.5704211331 33.1715857713 32.5818416909 32.7991352741 32.5881729096 32.5470631767 32.8594652131 32.709310499 33.193103118 32.6425046926 32.8812201227 32.5878783014 32.6961813236 32.895039524 32.6920281575
0 0 0 0 0 0 0 0 0 32.8408296608 33.0587300866 32.7719633511 32.5044490916 32.5649086817 32.7249404328 32.9114416314 32.6411826603 32.9417982835 33.0287607273 32.6555579511 32.821490811 32.7655619936 33.0369974242 32.8250656211 32.7670554499 32.9215474255 32.8791915841 33.0835773359 33.0483006631 32.9533464543 33.189437186 32.9105737881 32.7648029724 32.9407910575 32.630279541 32.7220435864 32.9557498716 33.1880000229 32.5840758724 32.6804597264 33.0529410609 33.0397210276 32.9396282876 32.708050607 32.9621995084 33.0869794842 32.8274427001 32.7236922122 32.8481420876 33.1124719373 32.6029476195 33.102838604 32.8638233613 32.5494789076 33.039998027 32.7758805796 32.7312708986
0 0 0 0 0 0 0 0 0 33.181065657 32.5201515962 33.1901064348 32.5741546878 32.7774896269 33.0180617227 32.875409418 32.9268761682 32.8140136919 32.9457211446 33.2001200455 32.8529547762 33.206077227 33.083071387 32.5520254248 33.0745113271 32.6051398006 33.1062585423 33.1713818691 32.8532857149 32.8526549968 32.8277469497 33.1333034178 32.7097756822 32.9363333714 33.1490832285 32.7797336612 32.8779598637 32.600825158 32.5147381165 33.175684665 32.9098682525 32.5310633802 33.1447850294 32.5640748727 32.5086637063 33.0549505129 32.6993379493 33.126850245 32.5425268341 32.6360590076 33.0410075993 32.9347003479 32.9829891894 32.5190198989 33.1392068248 32.5531202324 32.545181847
0 0 0 0 0 0 0 0 0 32.5110079391 32.6219507293 32.9013809874 32.6476398274 32.5090966786 32.7235741681 33.1792421431 32.7317555012 32.7102863724 32.8009684372 32.8088524602 32.7567359462 33.0062805659 32.6797308564 33.1881302304 32.9044246569 33.141289646 33.1764106307 32.6236789827 32.8499372505 32.5545718153 32.8773735992 32.6669831858 32.8656226588 32.8804321284 33.141263139 32.7134336121 33.1973409023 33.0005463483 32.9680144629 32.751648712 33.1489856041 33.0303995372 33.0542301382 32.535307273 32.6576887506 32.9626435233 33.1733640299 33.1900369358 32.8910232595 32.7308967775 33.0781580175 32.6679552397 32.8891169004 32.8694127613 33.1961989204 33.1531594883 32.5411696522
0 0 0 0 0 0 0 0 0 32.9558745375 32.9006295013 33.0026603927 32.7827320178 32.6022698282 33.1592684016 32.809658632 32.9967298241 32.8607679566 33.0268909012 33.040126278 33.1444386046 32.526861962 32.8551600305 33.1956429291 33.0594896625 32.5328377302 32.9437016196 32.9968349658 33.068671851 33.1297779158 32.601326458 32.5826971927 33.0432689019 33.0530059082 33.205581162 32.8309793986 33.1204431681 32.7146354835 32.8092754414 33.0416839528 32.9226913445 32.598179818 32.5675219868 32.9065986372 32.7984469771 33.0545809607 32.8495722657 32.8732859723 32.5815445899 32.5182935228 32.5074642161 32.5460181182 32.6552514021 33.1437620764 32.5468448321 32.8025180939 32.9290670435
0 0 0 0 0 0 0 0 0 0 32.5592272603 32.7500457498 33.120677057 32.8022512537 32.9690609954 32.8254301823 32.6181724671 32.9449410137 32.6938678244 32.6012119682 32.6265794781 33.0196145836 33.1727686346 32.7714114491 32.9421492407 33.183698872 32.5313770554 32.7504540527 33.0562445357 32.9715087394 32.783788922 32.610913638 33.1848454555 32.8649031675 33.1286062739 33.1334627059 32.9390625143 32.7900336266 33.1526840977 32.7003232344 32.8530237539 32.9790258314 32.7765198853 32.7413688297 32.7276852042 32.9767309 32.8911435547 33.1363766405 32.999502331 33.0447768052 32.6574043224 33.053426708 33.0435105059 32.780746799 33.0505204048 33.0797505541 33.1551063509
0 0 0 0 0 0 0 0 0 0 0 0 33.0696425407 32.7934016007 32.8098104811 33.1215717292 33.1638767587 32.5485405142 32.6371144327 32.6688389161 33.1962930278 32.8740637443 32.6338444233 33.0722139089 32.9902209845 32.9735579824 32.9477600014 33.0640289175 32.6277313522 33.003709299 32.9584877215 33.0478331515 33.1851131847 32.5131386097 32.5231545733 32.7926998088 32.7167553263 32.5096959037 32.62183393 32.5044372184 32.9424849226 32.8880470483 32.5693979181 32.6012478769 32.8320776608 32.8389550126 32.9956242073 32.5307362278 32.9491900333 32.8360412428 32.9944922361 32.7012486631 32.8614993971 32.8388529312 32.7469851014 33.025824602 32.8151655661
0 0 0 0 0 0 0 0 0 0 0 0 32.9488358711 33.0426112051 32.5506577284 32.7402184827 32.9770440776 33.1987361648 33.1537228293 32.7209415188 33.120105388 32.6917425511 32.7274866406 32.6561387972 32.7916000883 33.0133007588 32.6777155244 32.625444986 32.7373453205 32.6523668728 32.6571314117 32.5468246167 32.5937928037 32.5981393894 32.5603513823 32.5149259815 33.04919279 32.7582952356 33.0372211248 33.0428981828 32.520177844 32.8156820439 33.0007487786 32.5158819157 32.8670883491 32.7414329194 32.9569397325 32.8933177154 32.9063306847 32.9703881893 32.920379797 32.6533939072 32.9046330926 32.6862847528 33.1803759794 32.891378335 32.8239172608
0 0 0 0 0 0 0 0 0 0 0 0 32.7505607832 32.6905398969 32.5309986983 32.9835212008 32.5279981078 33.0096973382 33.1241614127 32.5297716364 32.5192577743 32.9016993888 32.5813968167 32.5039083247 33.1985371668 32.939140855 32.5366848647 32.7212547734 32.9143445495 32.8114563886 32.855372664 32.5039204858 32.9248473271 33.1193500518 32.7380575363 33.0395533754 32.886856688 32.5393704314 32.8169369867 32.9595494431 33.0728969898 33.0516180204 32.9348345012 32.6868631841 33.0981102009 32.6657146138 32.5766805356 33.1716036836 32.6519460169 32.8000704934 32.7039024333 32.6798979209 33.0630723201 32.7545013327 33.0170110807 32.6684846144 32.7436054076
