Spatial_Output/DEC/DEC_1332.asc
NCOLS 155
NROWS 192
XLLCORNER 196307.867259
YLLCORNER 449144.565805
CELLSIZE 33.573938
NODATA_VALUE NaN
[rows 52 to 77 of 192, columns 57 to 113 of 155]
33.9557155734 33.9165562546 34.2086226524 33.2720894399 34.3456105891 33.9905385731 33.513820858 34.2721481687 34.2316046997 34.0106835441 33.941467611 34.346598142 33.4852019288 33.2276335173 33.7858375076 33.3824847668 33.4852305926 34.3144754777 33.1381602927 33.9322259133 33.1030192551 33.1925512017 33.7951530953 33.327156403 34.0292811229 33.147319217 34.2683565505 33.9406768967 33.2781452313 33.7810870797 33.4528483932 33.319172303 33.5927902378 33.2320698417 33.9716176838 33.1597976314 33.3268561156 33.4098401798 33.437655433 33.7774912147 33.4342765233 34.3883769249 33.0842524233 33.8404047818 33.8806656245 33.2682690357 33.599327738 33.694329965 33.8694694623 34.383686639 34.1893346537 33.0226923415 33.1739259518 33.5798185111 33.3919191013 33.1632992566 33.7164348896
33.4230010815 34.3720960405 33.3472301088 34.3251221501 33.7393437105 33.819314459 34.3949961234 34.361326644 33.5012543551 33.1413940765 33.2638177875 33.5962521503 33.8421168657 34.0505483525 33.1786983215 33.8367029753 33.6914057367 33.4448763687 33.6212588039 33.0531724 33.3323681889 34.2743667246 33.0027309703 34.3362222124 33.4709735781 34.1506695558 33.874756856 34.2978449591 34.2489978561 33.9475588269 33.3590499113 33.2123003869 34.0447257707 33.8702369992 34.2161475376 33.6758816535 33.1038502627 34.2550725291 33.3160814861 34.2429154159 33.5855695443 34.3579304702 33.1786563614 33.9409000788 33.7238225746 34.3683669531 33.4696292846 33.2727373247 33.8055213951 33.0131744346 33.6199960785 33.040478385 33.9978875327 33.0734037873 33.4442475601 33.1446710397 33.7644936745
34.261669804 34.0371493371 33.9009839171 33.4876471987 33.2095497336 33.666498884 33.2649056797 34.3938643552 33.3663206464 34.0969690339 33.4133577646 33.3106905464 33.7904726857 33.8693050438 34.0853734171 33.9686538233 33.6650674911 34.0575404952 33.516357713 33.0101432052 33.9835886213 33.6859711596 33.4802607988 33.3870149718 34.3904549447 33.3830866515 33.1212655216 33.318511309 33.3366528254 33.9604064858 34.3261166025 33.0117429339 33.6008875919 33.7289186813 33.391798237 33.8198497577 33.7088673875 34.3461058981 34.3905845716 33.0350129431 33.8450422568 34.2264845797 33.6312951321 34.1996407699 33.5670307827 33.4203999183 33.3645580097 33.8582548345 34.2962529319 33.8682831458 33.8641491828 33.9501668223 34.0898416099 34.1768130526 34.2489422918 33.5455579049 33.5143383681
33.7584391375 33.95666482 34.1240294474 33.0650930636 33.5623375079 33.1432584639 33.7795975403 34.3065208865 33.7702158727 34.0717388461 33.2413917819 34.0077289735 33.93273178 33.7839952197 34.2174096185 33.6977625422 33.3178421814 33.0989833325 33.7592241007 33.5294969135 33.1020521153 34.0948901614 34.3617963469 33.3786214802 33.7782817519 34.3747636284 33.155544445 33.3268337873 33.1641831007 33.3544762622 33.2490169351 33.3748073144 34.0929371855 34.3379456726 33.1882561323 33.3605715328 34.0423928357 33.1576894468 33.49082868 34.3635642035 33.4367418273 33.3605060729 33.8521042173 33.1401628752 33.920451945 34.1975698892 33.0393056967 33.7172512019 34.324554525 33.178180022 33.493847878 33.7428318978 33.8323443475 34.2977473961 34.1980080995 34.0494723335 34.071403251
33.9159313591 33.0425067281 33.9576256997 33.5689755316 33.787655859 34.1388792762 33.3038652426 33.0985464906 34.0630025072 33.0055118168 33.002284635 33.0559428535 33.2677880196 33.3328897387 33.8806869433 33.4227547159 34.243631891 33.257250194 33.2454081384 33.4874932919 33.9200666532 33.5512942427 33.5878232026 33.3195697107 34.2920752544 34.3071930654 34.0232347891 33.463571488 34.0798112098 34.2655690021 33.705109058 33.6685703309 34.2009587795 33.2062241926 33.5215436554 33.9902889739 33.3537055602 33.3609628904 33.2455844147 33.4607329904 34.1258620271 34.3789437865 33.0439039865 33.3503391394 33.6364491944 33.1076299851 33.8027762398 33.7922739361 34.2407912212 34.4004856289 33.4550213708 33.6503159993 33.1756724199 33.9483523385 33.6775018273 34.3713248992 33.8102852072
34.1916736799 33.301600694 33.7375287374 33.231458521 33.9255700666 33.5527872183 34.2104970075 33.0859409724 33.5103530585 33.591222702 33.1596419715 33.3539247656 33.2758654137 33.8849352663 33.1756513176 33.5510917043 33.88566875 33.183810855 33.2390837879 33.0292573268 33.3140241529 34.1774376719 33.9325777573 33.2367188422 33.9316979689 34.3153860543 33.3023789663 33.7407864218 34.0143288913 33.5054078387 33.1394460606 33.1385209984 34.2052848178 33.5906462319 33.368376403 34.176482387 33.9076056284 33.6575035877 33.6727102937 33.357832932 33.7835048341 34.0292597331 34.2227193126 33.6420246112 33.7679600386 33.4183431346 33.3335752473 34.182237408 33.0900892279 33.5038263042 34.4121014634 33.3720118852 33.8606347556 33.0081812936 33.1776908402 33.3046232206 33.3379220772
34.0236521601 33.3638669146 34.1469519557 33.1681393692 33.6351126889 33.1508495741 33.1549418429 33.6518513843 34.1499512615 33.5397073923 33.1194639561 33.9658798814 33.3994653092 33.836661468 34.0558049739 34.3961186806 34.1622964885 34.1091082221 33.085898645 33.8867755377 33.5444796095 34.3041959449 33.3966279476 34.0707564073 33.4642419042 34.1480631691 33.6534893988 33.9554076858 33.9820758966 33.9836246966 33.4445913104 34.3833391534 33.3052442347 33.6953859049 33.7309283539 33.1312001188 33.5615096183 33.7124180047 34.2683602963 33.1097030857 33.5447609235 33.3962347204 33.1697383302 33.4350346841 34.0741366177 33.0135515056 33.758371597 33.6693478287 34.1064375408 33.0011852716 33.1816471284 34.2002384853 33.1022746004 33.7730098048 34.3879899764 33.7068379161 33.5228729633
34.1379036831 34.1149845916 34.2631641418 33.977737289 33.7864721007 33.6361849399 33.954930324 33.3398193397 33.4918168424 34.0271728186 34.3038330209 34.3825414101 33.8858562172 33.0882286855 33.7489784427 33.7529668224 33.7832387529 33.1275791887 33.0520397693 33.1687799347 33.0851635516 34.073010655 33.2977139693 33.8248505407 33.3683975042 34.2382766912 33.1333584381 33.8469066499 34.0856628851 33.5066125355 33.4423423569 33.1400583047 33.4934625396 34.0604919844 33.3999415565 33.3716723301 34.1064840439 33.4078378277 34.149473463 33.9356916106 33.6720173835 33.55228206 33.5908799324 34.3325999498 34.1696792165 34.2308634059 33.5767851537 33.2229144128 33.352499033 33.4871735335 33.8293214409 33.2250502716 34.0850420649 34.0807114257 33.8287985401 33.729977396 33.5856438078
33.2999734663 34.0289109871 33.339263907 33.2334655376 33.3211286163 33.285522104 33.9634196456 33.3287069091 33.132718967 33.8154067947 33.468247218 33.9327538301 33.9945310275 33.8743509247 33.4059910655 33.2383558365 33.701311269 34.1208851642 34.0162255391 33.1938991088 34.0933015832 33.8007647217 33.1213148769 33.5289409601 33.0247745369 34.2275394683 34.3709823458 33.6529264938 33.8651355853 33.4425398753 33.1059648498 33.0397727488 33.677913826 33.1602816403 33.0491381661 33.2235530209 34.36941581 34.1712777687 33.6890588943 33.1463797352 33.6754221423 33.9926107645 34.239447327 33.5113751031 34.0450573476 33.1668318638 33.8573335968 33.7218757142 33.529077022 33.8798169606 34.0189948968 34.0567829676 34.1192442939 33.8515041816 33.7734588041 33.808562899 33.2743609795
33.7614403399 33.713822251 33.1954384876 33.1259610916 34.1147813629 34.0156404452 33.6943982893 33.8255261846 33.7994296544 33.143771262 33.3941096005 33.4038598057 33.4665911684 33.6858886367 33.17469011 33.8281607976 34.3452174625 33.6444413897 33.0193323123 33.7000824109 33.6215954362 33.4873326059 33.8328484906 33.2334086031 33.2892060854 33.4227885888 33.1408879134 34.1276404329 34.102958078 33.0991964302 33.7559534605 33.40390878 33.5731442635 34.0894329369 33.9080334949 33.0613742257 34.2272956202 33.1655687133 33.8422597307 33.0026239169 33.4180747106 33.8746767029 34.0692898085 33.2561774865 34.2439545911 33.6754949244 34.0680597315 34.3907902837 33.5030665486 33.5606493473 33.7335707851 33.2185435846 33.570010953 33.1444336502 34.1579728783 33.3359383276 33.0615810212
33.0117976458 33.550841064 34.2631128396 33.4825335778 34.2879546875 34.270060094 33.6586814697 33.6622945777 33.8293926491 34.2648357653 33.0054682689 33.1225217824 34.2719619422 33.3055708025 33.4436894227 33.8210663092 33.9259982691 34.4052841986 33.1836300492 33.0473714118 33.5591554941 33.0658450791 33.5542440743 33.0437770879 34.3503295387 33.6524786907 33.1590942582 33.4630759115 33.3021975806 33.2879075208 33.4878118944 33.8373702956 33.8599315221 33.0213495629 34.2878942739 33.91063251 33.9974181503 33.0748857758 34.2744432165 34.0803142621 33.6285842013 34.167389435 34.2019438035 34.2162752024 34.2092453782 33.0290783498 33.89600563 34.0324035942 33.7669087686 33.2344356144 33.6120765373 33.8217777912 34.3397296998 33.4182812162 34.1834382814 33.0183511097 33.5567492185
33.3020858666 34.0117153114 33.2809698421 33.7431299726 33.0588017668 33.0539444166 33.854305142 33.2932965581 33.8989318914 33.6825430745 33.0346589528 33.5475388367 33.9341039068 33.4930380616 33.9421029275 33.9051362982 33.3767378356 33.4158590223 33.6977220026 33.6512941669 33.3080684405 33.9588906832 33.2012459632 33.476957687 33.7618465729 33.7347504433 33.7479466549 33.2515373818 33.6526874523 33.6670721508 33.0955331409 33.4403619062 33.9896409808 33.7427893593 33.7894438094 33.7771730237 34.108366961 34.2792168222 33.6535665842 34.2236271503 34.347943028 33.7518054226 33.5590843966 33.3894157011 34.4122719264 34.1453433415 33.5643769508 33.0189923385 33.3477081358 33.6857517854 33.9479800345 33.1749897046 33.8779105504 33.6465438192 33.0887125558 33.3135958228 33.3953533332
34.1421756527 33.9617678009 33.1949031064 33.5303963509 33.8224256574 33.7066267053 33.9542608092 33.7252291046 34.0309044284 33.2207630171 33.2106680449 33.7201568622 34.1826564073 33.496188863 33.5747759333 34.2674927457 33.8971915253 34.3463302616 34.2743121549 33.3127879748 33.4362354619 33.9622935123 34.0324430279 33.8784983933 33.0331520984 33.104350667 33.271344993 33.196144853 33.9390861553 33.4331574315 33.5515809807 34.1095285309 33.4519766255 33.9696547684 33.3587042089 33.930281044 34.3618306116 33.6962461036 33.7447504612 33.9165993706 33.8947752757 34.089690631 33.5487901761 33.0709130516 33.3614498661 34.4097691889 33.9402602761 33.4553228301 34.0826764947 33.5661795972 33.9757949441 33.9415595539 33.5394968973 33.4643277198 33.9796876058 33.6655687775 33.2866091316
33.8513426873 34.4132507005 33.4331170598 33.4308992621 33.462706545 34.0925376655 34.1929504301 34.1595188323 33.5373944981 33.5667121627 34.4054917963 34.3425792139 33.9917992417 34.1477353715 34.3134771276 33.2225668103 33.5387763319 34.0830552933 33.5334775775 33.4978443483 34.3131810714 33.7772649462 33.4565892558 33.4357776092 33.6391717624 34.3011845313 33.4531993359 34.0790907316 33.9237617696 34.0950199027 33.4605424756 33.2317493638 33.0098657828 33.5663676757 34.1651438307 33.2146166838 34.1548535209 33.7548674193 34.1170498593 33.5438420951 34.314537624 33.0619938944 33.5709020061 33.0356381151 33.6526362528 33.3440405957 33.9400678747 34.1060227752 33.1546731175 33.216583008 34.0486728119 33.4883292219 34.2539540524 33.9388202722 34.0347091531 33.3720869587 33.3111783239
34.2754353587 34.3769071505 34.2436502009 33.5875286807 33.2320942094 33.8429539067 34.1785213217 34.0741176252 33.5526215132 34.0861667736 33.5784294135 33.927885759 33.6132951806 33.3972125595 33.1028871647 34.2191737528 33.5222094982 33.5528660366 33.0832308131 34.4005325917 33.5725609726 33.8848429114 33.2805336922 33.3391223603 34.3965057637 34.4112969028 33.9405791973 33.7108548163 34.0671298159 33.2954698494 34.2410334551 33.1590016607 34.2687620044 33.9113379072 34.3495717444 34.3978709535 33.9480005383 33.437911001 33.2805630137 33.6847828393 33.7272618269 34.2280406326 34.3024153973 33.2530206155 34.2837969799 34.2014467839 33.9448857347 33.4452207496 34.0988662774 34.3803499462 33.4081617396 33.1583426834 33.3562332608 33.6869525046 33.6634616286 33.0412514456 33.0671822352
34.2225236197 34.0624763152 33.4327891187 33.6670773402 33.764495353 33.8593013969 33.474730081 34.3200468805 33.2666505863 33.2992375026 33.3239080915 33.5582322385 33.920646633 33.7561455246 33.1925220342 33.123615896 33.6177643138 33.6401706635 33.4769180087 33.8109474122 34.1529359259 33.8812901177 33.7698924487 34.388130448 33.0535957519 33.7120431252 33.8861048409 33.2507729009 34.140786836 33.0335115965 33.4112891318 33.1827397069 34.0223913495 34.2417027309 33.9668216585 34.1475721707 33.1129373389 33.2640628299 33.369641355 33.7642485681 33.4621177523 33.8524338852 33.3092588882 33.1019052285 34.2075012651 33.7357824015 33.4430401766 33.7915254408 34.3317285148 34.0516166223 34.0730969796 33.9010977159 34.3422205668 33.9849847822 34.2967090026 34.097963571 33.4970055988
33.9300747465 33.7498012166 33.2030352919 33.0892199163 34.1266613624 33.3114183611 33.8952038436 33.5009127633 33.1530810036 34.0991235877 33.8273823887 33.7345492347 33.8909140126 33.3770192783 33.2306627959 33.9909588039 33.5752002488 33.7459538436 33.7164750376 33.6768621175 33.9414117723 33.3880216344 33.2068757372 34.2403041063 33.4793835394 33.6120521172 34.1943846334 33.2659174078 33.5434732063 33.5403671265 33.7130361501 33.1873634226 34.1206444498 33.8481659354 34.0755736875 34.1526310757 33.81733298 33.4092132181 34.0054863344 33.002391914 34.1611529262 33.6710150562 33.5592291479 33.9588632845 33.1600633507 33.933013912 33.1997044173 34.048034568 33.6942758053 33.3890624402 33.6891437933 33.6134016358 33.0003045721 34.2348255166 33.357651176 34.117249865 33.1324969855
33.9635340396 33.7951329831 34.2512691806 33.3078017416 33.4279190085 34.2926984631 34.2810940194 33.7209387505 33.8655793773 33.0244619065 34.1495794938 33.6716606179 33.6889876515 33.0603691682 33.3374610144 33.8950564748 33.1148001077 34.3423651871 33.2091256735 33.3301846287 34.1316701261 34.136297908 34.0791065634 33.5341065172 33.3273528259 33.7685966779 33.3353597242 33.7724543868 33.4726439445 33.5503819374 34.0719014854 34.0228917356 33.0503553676 33.4072722604 33.7515236345 33.635246579 34.2523944407 33.3537618506 34.1234533841 33.3946390947 33.7609465191 33.7109923645 33.0629790728 33.0260373891 33.8240362861 34.2022083001 33.3881522422 33.2374790173 33.7670779882 33.4515338217 33.7750608273 34.3755690982 34.3905193848 33.5652517033 33.7702872995 33.3240298465 33.7860541014
33.9543234751 33.0492615275 34.0463349992 34.3928585572 33.6532268858 33.7212551945 33.2769452187 34.1913884811 33.5179935643 33.005672566 33.0895217359 34.2822452542 33.3040049448 33.3346781593 34.2438225562 34.2379851369 33.5509329151 33.8775308848 33.2265078653 34.3652989693 33.1566188783 33.4514526961 34.4065866819 34.1396012141 33.9517380503 33.7263643818 33.7601190788 33.6602790785 33.2804060889 33.4120395925 34.360749661 33.3315689695 33.5230393292 34.2341171594 33.0733171305 33.2269273015 33.7576491533 33.2117946465 33.0948317028 33.695271828 34.1157678311 33.2960951881 33.7783967525 33.4941298975 34.1629765154 33.9666572297 33.4200259242 33.4779256306 33.0918436079 34.0645410313 33.6867904802 33.8750916067 34.0061295482 34.1274235143 34.1858205459 33.0309975274 34.3952259906
33.5431884851 33.8035889215 33.7774805949 33.2488156637 33.0269915971 34.285337617 33.2279434239 33.0824917981 33.2508631243 33.1341336966 33.2165951069 34.0173982294 33.2427078422 34.0160626872 33.740911367 33.5391915673 34.313570503 33.9463919754 33.5840175932 33.246372413 33.3379515199 33.6180543691 33.009836646 33.0848720166 33.6333801508 34.2005814811 33.8982231443 33.7666425889 33.3611493311 33.569588708 34.285896546 34.2258644226 34.2935278002 34.1391033164 33.8303841396 33.5594419501 33.0576841932 33.0191305039 33.7241733304 33.2518687967 33.1901558343 34.2109636745 33.1632059479 33.2078040451 33.1676880291 33.7115257635 33.2343756178 33.5924765881 33.5391738446 33.8925475143 33.4411193558 33.0736334572 33.6822804693 33.1565426026 33.1949618012 33.7449199807 33.940886194
34.1505947754 33.0485316004 33.893737454 33.4969685758 33.4617435994 33.4207975541 33.5730053786 33.1968623535 33.4945757192 33.4433576784 33.5100582963 33.8489332508 33.4279057136 34.3782784235 33.9153524087 33.0061224448 33.0192306996 33.1625864924 33.9097034798 33.7107430337 33.0317774694 33.210545561 33.5948023297 33.0730810721 33.0192268384 34.1119462301 34.3289622581 34.2574128825 33.5373289308 33.0470932104 33.3230661794 34.038074629 34.4052729802 33.635446748 33.4397952511 33.4468600111 33.5168439106 33.2891443502 33.2403703936 33.7107179837 33.890596367 33.2854810247 33.1037998995 33.9129257061 33.624595763 33.6397528565 34.30537488 33.8936626023 34.3492340255 33.7403683914 33.9644226351 33.7060681773 33.7998432022 33.2478478143 34.4087163801 34.2479381385 33.9060489612
33.7257568582 34.0592478721 33.920385031 34.0327990231 34.38898797 33.1852102838 34.2940994886 33.0540369659 34.0962147314 34.1217323136 34.3946239859 33.8592860687 33.8508091783 34.1864411827 33.2622588057 33.1244879724 33.0724898364 33.0933050149 33.5121697063 33.3070545316 33.1471945103 33.2427825968 34.213325919 33.2338756797 33.410390213 34.1731117744 33.0541371783 33.4840285368 33.9861444138 34.1146516834 33.7343415142 34.4061753624 33.9547507042 33.3771331235 34.2854247899 33.5921583098 33.3273873108 34.2507535965 34.1659458013 34.4094582267 33.7853903816 33.4985663995 33.4973660588 33.4135985479 33.0590380164 33.5030867384 34.174567326 33.2451777396 33.8321792688 33.0168387779 33.3030392166 34.10496009 33.0241101659 34.2741861256 33.1836097058 33.8589019773 33.3801289438
34.1952936974 33.338793993 33.7304831879 33.2865758473 33.5324168536 33.5469893282 33.9566487513 34.3142823436 33.6159546325 33.4505517219 33.55966816 33.773596554 33.2900293652 34.0726150617 33.4010914107 34.2717406749 33.8660830088 33.5834631095 33.4407931497 33.7422419032 34.4003345501 34.3432945991 34.1101734641 33.4467784158 33.8785179463 33.7537695283 34.2098648916 34.1021981497 33.8008222305 33.2639994452 33.0633631451 34.0186167763 34.255461988 34.2351580918 34.1020392727 34.1782297691 33.5323206876 33.2336745995 34.2311232987 33.4690127963 33.9700686608 33.3912236241 33.9826131899 33.542478482 34.3475060222 34.0005184177 34.4071483806 33.110707493 33.919961339 33.5038894222 33.7275619455 34.1177366362 34.1506427499 33.4108594911 34.014412774 33.1478145413 34.3230740239
34.1654302025 33.3137863276 33.5431001993 34.3861490049 33.6339465815 33.3864647784 33.978274735 33.3382401395 33.3777568657 34.1623313691 33.4356803074 33.710048083 34.0005932311 34.0339421773 33.9330543111 34.4031919516 33.9652870361 33.7086418125 33.6847227535 33.255801656 34.2100711209 33.032532445 34.290764237 33.428174224 34.1288091952 33.0157882969 33.488741075 34.1297206354 33.9293542125 34.2145468389 33.3265685989 33.9671225975 34.3406883256 33.5983783082 34.3006833873 34.3059677478 33.2799783778 33.6487656062 33.5033063552 33.1763884171 33.8730363433 34.3509898934 33.0185747758 33.2824877685 33.0595123955 33.7706180507 33.5601970402 33.4973514286 34.2028989086 34.3654656423 33.1308945541 33.2660105399 33.8651647714 34.3832173537 34.4019992779 33.375112006 34.2341035953
33.0818660442 34.0542565377 33.5415960284 33.3787756663 34.0978175873 33.1248918911 33.4724393206 33.2026716751 33.2652720436 34.2369938547 33.9437120488 33.2686146453 34.232874212 34.1591961333 34.178174022 33.6123736063 34.365462838 33.0855738449 34.3957606339 33.4933874708 33.4547911543 34.2348306747 34.3423914357 34.2780519756 34.410957064 33.5870485481 33.3531063643 33.3563845631 33.6436106079 33.756764356 33.2895814869 33.8422257456 33.7885667468 33.3732018412 34.07643756 33.0771623839 33.4082652962 34.3800156604 33.5343014371 33.4489026362 33.4675141076 33.8590442227 33.4127346446 33.3887976411 34.0408651542 33.982063641 34.400780944 33.268967259 33.6379344908 33.721826415 34.1435953219 33.1595443194 33.1826324809 34.0419946793 33.8988607274 33.777093229 33.3939035003
33.4123424522 34.1921204095 33.5880176808 33.9281509503 33.036275404 33.92429003 33.3375774989 33.5868852382 33.4672103612 34.3950467195 33.7479933683 34.1469517558 33.868550211 33.4589467891 33.9697164466 33.6639494987 34.2013482451 33.5087122983 33.9945891919 33.2925549912 33.0064389412 34.2508530758 34.0017178391 34.2152636969 33.2207321161 33.3655364567 33.2394516916 33.4821079003 33.7036334153 33.6724681516 33.5076803605 33.4982991316 33.8475566666 33.5170329849 33.5780726478 33.7788730133 33.1522783556 33.5988192326 33.0417933787 34.2872742928 33.7987793065 33.3737044858 34.0623757419 34.0247789625 33.1832214966 34.0915749894 33.2504016819 33.5950383516 33.3511685949 33.8828924134 33.2508688624 33.828713851 33.6514143235 33.8818417008 34.2416004451 34.2964742649 34.4031737587
