Spatial_Output/DEC/DEC_0086.asc
NCOLS 155
NROWS 192
XLLCORNER 196307.867259
YLLCORNER 449144.565805
CELLSIZE 33.573938
NODATA_VALUE NaN
[rows 26 to 51 of 192, columns 57 to 113 of 155]
43.6886043195 43.5721149114 44.5056357297 44.6026406719 44.8717208261 43.9110040043 43.0263530209 44.1603768288 43.3295763805 43.4606290285 44.2189127724 45.5412787747 45.0574755368 45.1411940932 45.1430535555 43.4047352458 43.7743215955 43.8389716465 43.6016138229 44.8342492943 45.341985976 44.0762626345 44.8455234183 43.2861541127 43.9695943495 43.6703992883 0 0 0 0 0 45.1770427743 44.1120868661 45.444829763 43.5132319192 45.7832532429 0 0 0 0 43.3638566365 44.1590853467 43.9626826027 43.5153901172 45.7177566763 45.1463017154 43.6331062389 45.0053353796 44.5649280451 43.581660242 43.4607385978 43.5061252555 44.270388172 45.6150254022 44.8465045295 44.5353860613 43.6741311888
43.7168134649 45.2243477255 45.6635325077 45.0363105027 44.1840681806 43.9035839522 43.9899748241 43.9377631007 44.138490175 45.1901922773 43.8156530994 43.6810601963 43.1273947375 44.5077250751 44.7940692112 43.1359567791 44.1040908353 44.7443992064 44.4321204949 44.5230173443 44.1027162526 43.5526235831 45.4135790851 44.3006032564 44.4234855053 43.2466404498 43.6862083962 45.1486890974 44.2275710739 44.4485728145 45.6670630449 44.3092048342 44.1369588211 45.073896163 44.0483211872 44.8737582333 43.1903839366 44.6246234562 0 44.7419037509 43.2921107712 44.9710376136 44.7944138785 43.3363814444 45.4207576238 45.1641292924 44.016861429 43.8254851133 44.7489860942 43.3901769335 45.0077747129 44.4471508072 44.9672525429 45.3579634255 43.0254717891 44.7476854735 44.8456312319
44.343015218 43.3734097635 45.297171963 45.5911852583 44.4942225353 45.4155756406 44.0790694576 43.2048274406 44.2462459234 45.3742820922 45.4398586491 45.3084785162 44.4740181028 43.2903208257 44.2040821974 44.1583542919 44.9949848278 44.6292604998 43.4984373651 43.2417430062 43.9717778892 44.6390096772 44.650733877 43.1690163377 44.0500697206 44.8860407212 45.1661651783 45.2343945645 45.5232180757 43.2090821046 45.1919619158 43.8603115869 44.231179089 43.8465825955 44.1593509423 45.7625807331 45.2121432778 45.3410492286 45.4124461323 45.3069153924 43.7828072808 45.4688891798 45.5024046749 43.4393723844 44.8773343646 43.2437814612 43.9193286304 43.9427487211 43.5594256023 45.6686209964 43.1582269204 43.1114245476 45.5304491091 43.2918758114 43.919936698 43.474713174 44.5650352771
43.8825627955 43.1354272392 45.7116604866 44.5652336721 45.1461452481 44.4664712647 44.0513090159 43.9764801948 44.6647866534 43.4770902034 44.9493078753 45.8217784941 44.1511278916 43.9646117264 44.2386407245 44.5759354122 44.0806729268 44.3142217298 43.1266795079 44.8946082027 43.8597687022 45.5717032732 44.3349119236 44.7308852918 45.6618802306 44.8491023162 44.294879627 44.6115102306 44.7372935326 44.4476141176 43.6441457486 43.4563206021 44.4154135579 45.7642308396 43.9471840908 44.1720014563 45.4474485993 45.4528305957 45.4562888539 43.5763408044 44.2361371095 45.5555836099 45.3963650888 43.5841760141 44.8823105081 43.9604975388 44.8017635758 43.4689673459 43.9080380349 43.0625722648 44.3891693367 43.9553068235 44.8447125907 45.6275038195 44.1227571638 44.3106272999 44.1454201309
44.0286329581 43.1121611639 44.0262345857 44.8378530021 45.2095597821 43.3614059489 43.5639914159 43.1705822342 43.3279270166 45.6504017254 44.0827087254 43.0774899042 43.98420601 45.5826462207 43.2052961104 45.2491988409 43.4058701385 43.6172518799 44.1747358747 43.4377594146 44.9834502582 43.4479413094 43.2666345661 45.4144684069 45.6800564686 45.7457621572 43.1601278687 43.1758463173 44.4994695981 44.5488190567 44.5877326427 43.5922488738 45.3733698787 44.6020346691 45.1968592205 45.1238922854 43.8102362779 43.2689460695 45.4720603411 43.4205817919 44.3501012452 45.4696685757 45.1695182341 45.0041232869 45.7361290886 43.8152846674 43.1189895828 43.1170535844 44.0545953941 45.742109142 43.5780513478 45.7294051759 44.650128388 45.6769396138 44.8719528464 43.0228872218 45.2676246141
44.1402716072 43.5712922542 45.5651387521 44.6594748044 44.5438001413 43.5112217412 43.6028918117 44.7225682589 43.5927841007 44.3522104354 45.1480820797 45.3657786057 44.7045965216 43.2670528926 45.587846749 44.9807767687 45.0367947166 45.5881166264 44.7346117471 44.713333835 43.7160937953 44.4828993515 44.9083075739 43.9452497603 44.374212493 45.5792665552 44.5794820874 43.4267179357 45.7593136125 43.4252967432 43.2405474871 43.3701277162 45.7147681369 44.5978354556 44.1494153433 45.4516608322 43.5502172248 43.0150880307 45.0679240133 44.2355145092 45.1783056905 43.0625539661 43.596756132 43.569781827 43.2604612464 43.068377869 43.9476973387 44.6812947123 44.9659903303 44.3165477983 45.5769880856 45.299018739 43.5341667134 44.1360679862 45.0439905005 43.2159562753 44.5448154736
44.5026241621 45.3805263143 44.3391959593 43.6683303513 43.08070539 45.5158308927 45.8045203407 45.3541120168 43.8847209742 44.5843641222 45.124100956 44.9415949806 44.5101141771 45.026369051 44.7881828078 44.8107036246 44.1232574469 43.5744337735 45.4546222948 44.3093366301 43.2691865132 45.6676117175 44.8018066495 43.605387711 43.8282759113 44.3320944466 45.8256345032 43.313133547 43.162644046 43.9004016221 44.2782137023 45.2698980475 44.858824081 45.3165663925 45.0475326408 44.6124055086 44.4715111652 43.2527690141 44.9547000024 44.6794045177 43.2378445492 44.8411247611 44.7738898085 43.0808266757 45.1427249465 45.6538613756 43.8283343714 44.8456724248 43.9854841548 44.4734968417 45.186820982 45.3420149515 43.1468293807 45.0223249196 45.6744129288 43.7263649347 44.8399897834
45.6880075566 43.1764999756 44.0152117146 44.2319524316 43.5436690877 45.1000337025 44.0179643966 44.2729684578 44.0526917152 45.8020759484 43.2296983235 43.1711297146 44.4782743199 45.5314625452 45.1341090839 43.2098643244 44.4498049343 44.8303941684 44.1378056185 43.7543382963 44.486514504 43.9047756533 45.4445181178 43.4642332081 43.5168780456 45.3908820089 44.3675371591 44.5264151389 45.3412324445 45.3248137258 43.9444199805 45.8210572654 43.4557731503 43.3029120369 45.4320498413 43.4875560752 44.8527488204 44.0077636214 44.3838724057 43.6166682743 44.1357857375 45.7430217791 45.1522142143 43.6847504964 43.6534104089 45.361702565 45.6940050216 45.6468445591 43.6535885364 44.8395542751 44.4900189854 44.9881391893 45.2271913489 43.2575817767 45.2326862948 44.9156418642 43.1759617509
43.4170138136 45.3882734841 45.2771568661 43.8901308267 44.2809592896 44.1165013136 45.2308427975 45.1635530616 44.5547483954 43.6784934536 45.3911568682 45.2520338998 44.7832841881 43.2152066769 43.7049771307 43.2920277401 43.3150845878 44.2151689902 44.9922534141 44.410530576 45.5525559053 44.7776889756 44.3731569259 45.6153581954 45.2074300564 43.6118652188 43.994978908 43.7687803832 45.4527515933 43.1489926538 45.2368098771 43.0873149461 45.3112776284 44.361112482 45.6971675757 45.6665720531 44.0165539297 44.320256022 43.9258184225 45.7531580163 43.5397156469 43.2709007956 45.711068479 45.7411117414 44.5588928112 43.6343978127 44.2389573376 43.4831982252 45.5856979842 44.3267415908 43.5032789064 44.5983312944 43.9947758431 45.5519277859 45.3701513672 43.5498502297 44.9715676075
43.7544496304 44.4375269208 44.7052861868 44.9644815414 43.214194968 44.4415841566 44.0191519329 43.2148841895 43.8693228777 43.4072347648 44.1866937846 43.3506374643 44.8050689434 44.8280488989 44.4297176817 44.7343616438 44.8839372736 43.1963352899 44.8124925515 45.2052893026 43.2865068618 43.1310440032 45.2872378945 43.3550033285 43.2111670639 43.4641373312 44.0045446764 44.3667556247 44.2148271203 44.5884550384 44.587189809 44.2541266796 43.3832604874 44.66122698 43.8815612782 43.9689856084 44.6961647568 43.7419351929 43.7621980862 45.420432275 45.0933977574 43.0656409579 43.7114006046 43.3991695322 43.018552338 45.0120202365 43.0035303295 44.9152666228 44.0264219724 43.8150277632 45.1786015283 44.9738857943 44.0161179242 43.1128289118 45.1346289716 44.6990172855 45.0043544545
43.1081651127 44.3091977051 44.0639542058 44.3874644103 44.5641395851 43.0712726783 45.4364278999 43.3608569889 43.4282958046 44.68483295 45.527927164 43.6271191611 43.2203317174 43.8786326248 45.2460181735 45.7455752433 43.4574167174 43.096209701 43.8168484207 44.3216337669 44.8233553552 43.8368405291 44.8141113092 44.6712761095 44.805822344 44.0577033654 44.7050083934 44.5705603337 43.2995163154 44.4312997029 44.8657641351 45.3637046611 45.2786889678 45.7926862251 45.1893843914 43.9608929513 43.8091312127 43.9826477489 44.9078847122 45.6031392618 44.5292578542 45.4897879169 43.563393633 43.411108638 45.419234136 43.658571012 45.4452533579 45.6407013168 43.1303634326 43.2949058945 43.9450352067 45.1880160625 45.0404976697 43.294643854 43.1836238069 44.2865677839 44.3466216521
43.4172040848 45.248118017 44.3977151749 43.3189826001 44.4339484081 44.8064347937 44.5979917931 45.340407363 43.8074700265 44.6102192565 44.6940994156 43.0109764625 45.2569839615 44.4534834465 43.9225156969 45.3592871979 43.6530803486 45.2032502688 45.6577431574 43.5534750275 44.5495889799 44.310876897 43.7258326326 44.0064976738 43.1724746161 45.0794523439 43.0931774274 44.7059387595 43.7487508476 43.7679242713 44.4925438429 43.7512053748 45.0894974418 45.2423375363 45.0210220323 43.7397783906 43.1285965295 43.7807341769 44.8827675294 45.1967058007 43.7087442951 44.4538871044 45.7183895747 44.3493721137 43.5085397277 44.0429551651 45.2624500771 44.6776084934 43.6956786718 45.5464827928 43.9757219513 43.4067521758 45.5304460229 43.4920355284 43.8622237856 43.375135658 45.7828592825
43.4670782416 43.0616871668 45.22661852 43.7092121151 45.4537521981 45.4070022154 44.0117451248 45.4200259821 44.2286898083 45.7210853498 43.0724329355 43.8802909886 45.399259692 43.5746570463 45.819259435 45.5542762181 45.4782540014 45.4976182347 44.4705904515 43.4227882124 45.2756182799 43.4677564096 45.2125000168 45.4650422296 44.6411941319 43.1790953239 44.0431002695 44.5322861865 43.4967414115 45.5237047494 44.5990168981 44.9395907872 43.2604575252 45.3234551112 45.6321274172 43.5426620363 43.8018266008 43.9009745668 45.7786645406 43.1555484591 45.2801625277 44.3618174291 44.3943303353 45.3011822976 44.1631489872 45.0636713495 44.7610340344 44.7494635649 45.3945786546 44.2305575174 45.0624439393 43.4681930906 44.4621550266 44.5263152329 43.3777259229 45.0812682286 44.9382247216
43.947114499 45.5095059272 45.0824222125 43.4572482056 43.2917488059 45.6330264017 45.6468784508 43.9197082015 45.1061621493 45.2265826167 43.882381434 44.7166988552 44.7520282253 44.0931782795 44.8700486027 43.8035774839 45.2768780439 44.5913873787 44.822508668 43.0185032654 44.0508762321 44.010734637 44.2490526505 43.4424900962 43.5926112875 43.4589551694 44.800728564 44.7689595959 45.452938875 44.2861244893 44.6029921434 45.237606104 43.4590482893 44.4599605858 43.6141932765 44.0819321696 45.4856169394 43.2660657095 43.7159841778 45.1233277995 43.3691304219 44.913067751 45.8253776465 43.0797943473 43.391794163 44.2349271093 44.4636976222 43.954155582 44.2913772103 43.3810110998 45.4038543824 44.5895518292 44.8715942669 45.2104955395 43.1801475314 44.7961829769 45.3089879564
44.2024635483 44.2256489576 43.9173627286 44.1497630505 45.2677447523 45.1467719307 43.7045345379 44.782566363 44.0638447511 43.5848451649 43.3206100145 44.479577647 45.6235974022 44.8813604383 45.707017962 44.4502006902 44.5038839839 43.6217007112 44.4913140022 43.9499168659 45.1411660781 45.2138553145 44.9501837347 45.085977854 43.5239504876 43.9884876844 45.6718011657 44.1431787451 45.6223985561 44.8704455095 44.5859986219 44.3083517479 43.9239471831 44.2186339866 43.4412125209 43.6564367425 43.555202758 43.0540228255 45.5539078377 44.9987326834 44.5370388359 45.6485288009 44.7202117119 45.6837503634 45.0702289514 45.1764666248 43.8747140335 44.8741258122 44.7780664014 43.6864603107 43.4310129799 45.417798165 44.371230846 44.7389971397 45.695634571 44.3826413865 44.4142020137
45.0926948906 44.6543174189 43.9150331626 43.1919913387 45.5184680687 43.9910868986 45.4423883528 44.5986706969 43.0581368503 44.6882190496 43.9199359418 45.2728401343 43.6134465 43.4537402395 43.5391406772 44.8185530998 45.6652027566 43.5412642118 45.1113276638 43.729955387 44.5541154158 43.4918938124 45.6181328646 45.6443701522 43.5137394458 44.4377087651 43.0702461626 43.9676644347 43.7584788283 45.4371614984 45.1157010444 43.242696588 45.150747397 44.4077809706 43.969958698 44.4364710508 45.4544927566 43.6209294937 44.8508343064 43.1203716596 44.8270261114 43.7588867699 43.9294461737 43.8159629026 45.6301375834 43.3939681555 43.6262934436 45.4087427686 44.3599776859 44.1989298252 44.1028496372 44.7361139725 43.8476652059 43.0544664948 45.3967510619 43.5163072456 43.3214657671
44.3893549602 43.9681754495 44.3006193328 43.1332354547 45.7108662047 43.8722614256 44.6678242626 43.1500034378 44.2635918594 45.2127617849 44.4246022508 43.312103595 43.8637093937 43.8910328629 44.1544119041 45.1843804172 45.7690538656 44.2444544042 45.1751734707 43.1799712478 44.3788619101 45.7758538539 44.3748847306 43.7113258245 43.8361469367 43.15152428 45.5807450123 44.2461009233 44.94599267 43.5607840443 44.2572768076 44.8615561965 45.0153080541 44.343782172 45.0391987378 44.8321773835 45.8253207366 43.0737758842 45.0144862666 44.4418270832 45.6481696332 45.4273309603 44.6563838699 43.7960630864 44.3459221832 44.2781800552 43.4009702221 44.931976059 44.4346406004 44.388459077 45.3752336499 43.0868505855 45.2666208538 43.0315141269 44.7286800153 44.1041168932 45.0891605381
43.422752183 44.5728820744 43.4942285062 45.4100773432 43.5121640645 43.5992027713 44.2721541602 44.3929808116 45.8227327609 44.2138544108 43.2926655052 45.1335090695 43.7378591746 45.0219543248 44.6302079813 43.3327524192 43.3593860045 44.7324918089 43.262987923 44.5898710435 43.0695107526 43.5694701214 45.1710435237 45.0022024487 44.6561453025 45.2006394976 44.9437286965 44.8483927102 45.0129376526 44.6678326697 45.0361806525 44.4878925396 43.6372555625 45.6147675887 45.6537002617 44.1872796106 44.0544114056 44.3310293117 44.5196708677 44.1849915849 44.2700442186 44.3025390259 45.1230220347 43.7717360463 45.1706595439 44.086655671 43.0723690776 43.8944881926 45.5081463039 45.5327943054 43.536189462 44.2309736277 45.6356534942 43.2702606271 43.2046978718 43.7529100498 43.2597209831
44.2439042338 44.626385669 45.3607639141 45.4376035636 43.9791228469 43.4890283785 45.2728636857 43.0223058502 45.3235519094 44.9410998223 45.0299704651 45.2626986599 45.6573450228 43.6293074479 45.4266650969 43.5010451603 44.5740551303 43.179265251 43.3507869798 45.6982860658 45.6589638317 44.5156224089 44.741607479 43.4906686537 45.3129781715 44.8414237779 43.5643449864 44.1841384188 43.0892375514 43.5550474978 45.6019427693 43.3273252925 45.0308403393 43.3389174286 43.9229612122 43.4385137206 43.3081506783 44.3582756979 45.6878704481 44.5295104207 44.5424752535 45.2616073475 43.4490674986 44.7337796325 45.7721927419 44.044386305 44.1868142939 45.1014892515 44.8189500655 43.9714603896 45.4248962104 44.9484812131 44.9761191284 45.5666119458 45.2092973979 43.2199356654 45.4365294148
45.0197469605 45.0988401325 43.7538168781 45.469970666 45.1970664571 43.674857839 44.3370428379 45.1753461047 43.5019428877 44.6463592516 45.0417834513 43.4596154375 44.4338131793 45.106680919 45.6804722522 44.8900484572 45.2137706058 45.5008916626 44.7139196086 45.551251541 43.8327581466 43.6112997905 43.637127895 43.1641721303 43.2611742076 43.4163720359 45.5405405381 44.0262926596 44.0000949052 45.3404764398 44.1908801413 45.1989280204 45.4981733542 44.92342645 44.4012239967 44.2469700056 43.2240213182 44.4516539562 45.3851457794 44.4095881045 45.6393945673 43.0567312902 45.2022354992 44.0393506459 43.7358891454 44.1146606695 45.2030952014 44.6101611874 45.023800746 43.1072153527 45.8190113597 45.1069726898 45.5430438658 43.8139016174 45.8188787227 45.5977086871 45.2649812554
45.8042862002 45.6186430069 44.3119940132 44.113950687 44.8211875232 44.3669648665 45.8215121859 44.2727599362 43.1003362737 43.9905455471 45.3182497416 43.1828712357 44.1752929996 45.3025893016 43.4592275338 45.6458012341 44.407197617 43.2571532481 45.6550883663 44.5074419352 45.0107633596 45.2647737639 45.0158433174 43.3552810717 44.4152961253 45.8021965232 43.5642339906 43.2703658835 44.5297639566 44.3294168082 43.816220502 44.6525311321 45.4515571449 43.4130570449 43.3741796382 43.9786495498 44.2648221684 45.7658668297 43.6970664929 44.3464498818 44.0278540247 44.4062672429 45.2153032111 43.92909733 44.5651338061 44.262580225 44.5915805706 45.455135414 45.3816214255 45.4606670795 43.1692502474 44.7405921877 43.087854347 45.4277745561 43.6835444929 52.9721364063 52.9721364063
44.091706645 45.4690414661 44.419635287 44.7544622623 45.1490288371 44.1926263017 44.356111615 45.3043463219 45.6127656079 45.4351703493 43.6666838352 45.2599777174 44.3545461213 44.2150494791 45.437486405 43.5310819732 43.0469699286 45.1420624292 43.6572588004 44.4961775193 45.6643556319 45.7926727558 44.8249649619 44.4667076803 44.687659299 43.8669184394 44.2409312256 44.6057220086 44.4353086825 43.6949964829 43.6265556054 44.8851329159 43.2840914409 43.5140825895 44.2887701616 44.2658044376 43.8677369168 43.6422097227 43.4581115541 43.2865621281 44.2165569224 45.5982324357 43.2328324519 45.0217090042 45.4290945077 43.1706471691 45.0343910146 44.6116995089 44.0797583938 45.2162747601 45.1754407242 45.8241824042 43.6566632963 43.9121519708 77.4790717136 77.4790717136 52.9721364063
44.1761871002 43.9325701877 44.9287175471 43.3109243237 44.2864213258 45.3903274289 43.0177505578 44.0615312294 45.1273080888 43.6794552388 43.0549616898 45.1070157355 43.0181537114 45.3348855369 43.4900510649 45.5939222489 45.5998570308 43.8263822343 45.5405516094 44.2773128338 44.8975645712 43.0080676886 45.0102567911 45.3588457093 43.8155851308 43.3535818054 43.9157528969 44.8971837498 45.6490998564 45.1170362432 44.277237878 44.4913037372 43.2020759491 45.580568592 44.1251086611 43.5800997177 43.4091885576 45.6049480655 45.358100817 44.5591323334 43.38006676 43.4611709067 44.2008497328 43.9804969912 45.0281642212 45.4956207597 45.3502905457 45.1379093974 43.4527290392 44.4701868823 45.6342991928 45.7415954382 45.3300979305 45.4556848048 43.6505106369 63.3341789207 56.8603685954
44.1469891237 45.3212869747 44.3063640603 43.1491230142 45.2606616163 44.8833539874 43.5046475543 43.5182103704 43.6762881847 45.7393218821 45.4804132576 45.7479257753 43.124317621 43.6647785769 43.8115463373 45.6111752966 43.5897404229 44.0436294091 43.6140085423 45.7247521115 45.7393136689 43.8144328608 45.4574656119 44.6122076403 43.6247948267 45.7630359355 45.1416526568 43.2227099729 43.9511787873 45.6740670814 43.2353861838 43.4749571106 43.4565495823 44.950000198 44.2469444615 43.0379149267 44.5405938625 45.0921457883 44.4585122526 45.5906198056 44.3943925524 44.6090931009 44.4526944386 45.71312163 44.4831846567 43.4067191426 43.705820897 45.7531786099 43.0340785654 45.4354038611 45.3049344215 43.3376176085 45.2086156346 45.4476738441 43.0092423296 58.9848416457 56.5757762188
44.3974918487 45.0186062008 44.0670445819 45.1808596331 43.5534913645 45.5000974371 45.2072840048 44.0243456926 45.0482723302 43.2919222068 43.1519225272 45.6443006863 45.2841418529 44.2069693873 44.9304704217 43.8961792538 44.153915343 45.8264615163 43.681537443 44.6384387506 45.6006555688 43.975151967 43.9857995199 44.0146506388 45.2744109672 44.5592399174 44.8430914489 44.0171167473 43.7552123729 44.383618698 43.5352851464 43.0998802913 44.0989185539 44.0573843192 44.1880117948 43.5361827613 43.5204435988 44.2715136216 44.406820153 45.1845216111 45.8059867489 44.7807913782 45.3859309768 43.8294362286 44.9577626191 45.3362492536 43.2886749934 44.66360055 43.4332676382 44.0445668823 43.2812618174 44.6304161219 45.3818391555 45.3943120253 43.6088893918 62.6171099805 64.1913615896
45.3732156647 43.6886203355 43.7014482352 43.0303401042 43.8578051965 43.5738066912 44.5794913376 43.1524892738 44.9088019779 43.220516466 43.6135347854 45.2520017757 44.2195785944 43.9020154486 44.9137011411 43.599990982 45.516102976 44.4802751516 44.6699991804 44.9571683914 43.2992570406 43.9590024709 44.9082303749 45.4224888539 44.2951606255 44.6689348742 43.5288972865 45.6597557588 45.6626624149 45.615927158 44.8228631165 44.1361600017 45.4199438835 45.7592424231 44.5094310724 43.9306007638 45.5889856903 43.9518605862 43.2003462654 44.0889488489 43.4258809765 44.3288579547 43.9656917762 43.3768511846 43.1771071588 45.6164543659 43.7673314718 44.3634560968 45.4813823958 43.8774627203 44.5716422075 43.049434148 45.7839389869 43.4763753184 45.521509472 44.4520696018 44.4101371315
