Spatial_Output/DEC/DEC_0569.asc
NCOLS 155
NROWS 192
XLLCORNER 196307.867259
YLLCORNER 449144.565805
CELLSIZE 33.573938
NODATA_VALUE NaN
[rows 52 to 77 of 192, columns 0 to 56 of 155]
27.098825809 28.03188348 26.7117860518 26.602836009 28.4810613034 26.6531588345 28.3546858247 28.1855603252 27.7220506162 26.6122693168 27.9610501724 26.7922427952 28.0184434682 28.0906243947 27.28702469 26.9813760949 27.0042856823 27.3772506977 27.7441085341 27.637947835 27.1750912803 26.8143131166 27.534819169 28.2903404959 27.46641298 26.5609145265 26.5968048921 28.1503176449 28.4676748318 28.4101775678 27.1792821431 27.4973002303 27.7068176906 28.0571097708 26.8658403527 26.9539258326 28.542800222 26.798927824 27.8327879797 28.5679774883 28.0313696686 27.6284285369 27.391492269 27.6944174181 26.954953056 27.6969507923 26.8696907484 27.6857402129 26.8812851855 27.4039671598 28.4226698379 28.5882601851 27.559077213 28.3779750551 27.9138686833 28.3355990522 28.3443610049
27.1977903254 28.4260401707 26.5395889316 27.0603743877 26.9047864915 27.2795183388 27.8915895059 27.6725512571 28.4926885391 27.4666276198 28.5746166448 27.2204840341 27.6099519566 27.304303844 26.9861899885 28.3935426274 28.4715494992 27.1174162106 27.4437217062 26.6779264243 27.6711022894 26.6434732642 28.1936121098 26.8008731508 26.7523250982 26.7403277219 28.2759346112 26.8711993393 28.3251920583 27.6683513004 27.0140184387 26.9635501471 26.925404431 28.2186001605 28.2115856522 27.3204877669 26.7540674162 27.6139993484 27.132258896 27.5937553426 28.2057403849 27.9152302723 27.6973918138 27.6831942195 28.2044849614 27.2097062578 26.6593443651 27.8785936892 26.5700616406 28.3447744342 26.5252589128 26.9436063358 26.7124874274 28.1077939271 27.1401918866 28.0777763503 27.7542213382
27.6084391069 28.1005579146 28.5879511949 27.0759090851 26.9447636487 27.5372162955 27.9105893017 28.4027120654 27.7378069229 28.0355258768 27.5446030367 26.5226512293 26.9616654509 28.4175280286 28.120207065 26.7918486852 27.1439199876 27.6496700829 26.5793146296 28.1358599639 26.9044563687 26.737971125 27.7887551847 27.7332015114 26.725464826 26.5792961619 27.9769270898 28.4028341744 26.6374120318 28.0205382481 27.6099518099 26.6021711071 27.1744861412 27.5320381286 26.7403755055 28.1060059479 28.0499609181 27.5156371054 28.3257967519 27.8046800668 27.2432853747 27.0811067264 28.2016708721 28.3479353123 28.3310506578 28.0755709771 26.6830618555 28.2510622434 28.5372123228 28.1712547468 26.9388526455 28.3480733007 26.9903140554 28.3048766285 27.854907243 28.1492796478 26.9307898067
0 28.4572140129 26.872293375 28.1734034279 27.041209807 28.3577823475 26.7643670165 28.097558586 27.052908833 27.4012325906 27.8872074642 27.2815146613 28.4032669231 26.7266508649 27.0277118625 27.0763300824 28.0261159269 27.8158815136 28.4965929275 27.7679271713 27.9444698477 28.1248850958 26.7159161812 26.8407219645 27.872208614 27.5474170278 26.5193286131 27.0372455457 27.8703857595 28.1935634154 27.1433605971 27.5538418164 28.343133739 27.1052410685 27.6417437979 27.2004238809 28.377321618 27.0404886353 27.4413677916 27.1927570163 28.1872530845 27.289579368 27.1623118779 27.2479858947 27.366950847 28.3260277358 28.4911934523 26.9707273191 27.8824873316 27.2416843342 27.5416282346 27.230407329 27.5923216216 27.4306304876 27.9224213401 26.7173853953 28.5253820985
0 0 27.0382787178 27.510227575 28.3709654999 27.652466106 28.3440982365 27.3525242022 27.4321899581 28.0530466311 28.290311497 27.8943564517 28.5559931687 26.8203456771 26.80066231 28.4742660437 28.3880187886 27.0408737112 28.1422200962 28.1911316746 27.8214351775 26.5085653898 26.6419360903 27.3261335969 27.0635550996 26.615046906 27.8199260414 28.3019715088 27.5956352324 26.6613376792 27.1017439275 27.736479723 26.5427314925 27.4117044669 27.5435063747 26.8605990145 27.4885753957 27.6535412011 26.728369466 28.5120551966 27.6701802029 27.195513439 27.6633366079 28.6170576914 27.1822810145 27.7389572141 26.845445494 27.7633949354 27.4066610853 27.6775778696 28.3428377194 27.2743949399 26.6620889953 28.3451227996 26.6022811493 27.1318028125 28.1140669178
0 0 0 28.4396873664 27.7238085882 27.2035382097 26.8203475917 26.6567762344 27.6960952416 26.9774813303 26.5459619055 27.8867464306 28.08926896 27.2736059572 27.9451035137 27.8240875791 26.9140900983 28.4178311191 28.5799464841 28.2923026851 27.4139287985 27.8643141268 28.1024569514 27.0695691752 28.2898863914 27.8522142903 28.1734135477 27.355165104 28.5333260304 27.8803548322 27.0235015385 28.1342694714 26.7196299896 27.2142641357 28.4328381327 27.7054980984 26.7305257757 26.9830459636 28.2031427387 27.7969144446 27.7631102672 26.8509646175 27.550706563 26.9418317996 28.0228805756 27.7092362441 26.9579260587 28.2810655876 26.916199056 28.2524037309 27.4578264008 26.6778120599 27.1974287724 27.9666988186 27.1372408941 28.1873904749 26.7171587355
0 0 0 0 27.3010365896 27.0488805136 27.3418162271 26.6217233244 27.2201316371 28.5639238736 27.1791913268 27.7718333615 26.6612823081 26.7713921259 27.0392548485 28.0799924867 26.6639451638 26.5266035776 27.3924859228 26.7076875913 27.5457824049 27.6722239342 26.5363309071 27.610640634 27.1900460064 28.1950534873 27.3150287081 26.726206495 27.282391626 26.7401867898 27.6021106293 27.6574096103 26.6933342757 28.3020824547 27.2370310834 27.7761322481 26.7057250471 27.6921382274 26.8759892676 27.167541365 27.1313140031 28.3407511989 27.3260648571 28.1004752115 28.499125375 26.6980113352 26.7229756433 27.7801505307 28.1437543027 28.4345234112 28.3575032477 27.4683567349 27.3211846299 26.7061895745 28.5792310662 26.7922365419 27.250341511
0 0 0 0 28.3056511106 27.798183729 28.5073809933 26.9594106552 26.7735226822 26.848371807 27.3570874615 28.0647100593 26.7433078734 27.2873590046 28.2624716563 28.549438878 27.8599876227 27.9778506528 27.8995770273 26.6154195882 26.6947668286 27.2729742956 27.8877239041 26.9411368537 26.8516392588 28.6023175381 26.9525164914 27.7991656535 28.3143611151 26.9866842234 27.6240136895 26.5589840857 27.5815096879 27.6358931373 27.0473590824 26.5572037737 28.4938137298 27.6198277265 26.5120974773 27.118163491 28.3487799621 27.2325627719 28.2712770067 26.7203591485 26.8986296413 27.731333888 27.5257207227 28.4585504578 28.2822742202 27.1148864464 26.5996176941 26.6915144976 27.6159460904 26.796444747 26.8603398255 27.2708602547 26.6425115273
0 0 0 0 0 27.2789869557 26.7947424361 28.6017846274 27.9205422374 27.1858983149 28.6118094218 27.1910182243 26.8467258613 27.3335045682 27.1488333129 27.1586286807 28.4159002953 27.6181675715 28.2174711799 28.47907115 28.5654282533 28.573516661 27.9688546133 26.6410783951 26.6512426761 27.9825515447 26.651363387 26.7175733423 27.8310770083 26.8595300121 27.9959853221 26.7783496887 28.5178994848 27.4498274746 28.2596761796 26.5523721382 27.8829576986 27.0018562622 27.3951400688 28.2598715164 27.7867321708 27.389946293 26.9746645923 28.4350983734 26.9083103484 28.3269067419 28.0259684578 26.7786216982 26.9927136358 26.6620612622 26.7087607823 28.4865232163 27.9813420155 28.5839347647 28.2222048661 28.0382865248 26.7152337742
0 0 0 0 0 27.6042156398 27.3927592483 27.3923281833 27.8711379416 28.1491385886 27.210699357 26.9805501028 26.5787192532 27.829793887 27.6081070399 27.8970868519 27.8828344154 26.5259731481 27.9576245858 27.7318745183 28.3727262101 28.3823051296 28.1029299428 27.3959904945 28.3002142699 28.3224718151 28.2150417434 28.2726572498 26.8778672251 28.2134694505 26.7927236554 27.8915266708 27.9967134448 26.9452728932 28.5592493116 28.4710917481 28.1290977049 28.1192111413 26.7585432643 27.3294834765 28.1906201054 26.5461397244 28.3078644384 26.976318521 26.9645903442 28.2230955782 27.7015912387 27.3600567281 26.5608626539 26.6303666127 28.3799897536 27.4741359483 27.7197335748 28.2553082725 27.0232025804 26.7155946252 27.6966553236
0 0 0 0 0 28.576489833 27.9138307559 28.0849515326 27.7320926316 27.4324109875 27.4547237064 28.3549773595 26.8874745162 28.2636266934 27.305873601 27.9277407177 27.2579825688 28.3783405508 26.689204877 28.0618957859 28.2899995339 28.2825441101 26.7013576891 26.5740872768 27.4874674492 27.4082925569 28.4290938361 26.9093043329 27.7708969313 28.0448675949 26.8750747073 27.1945032692 27.7259026928 28.5502595125 27.9546513907 27.3633197658 27.9479733245 27.4352692704 27.6875562181 26.7610991767 27.4709914121 27.1313168452 27.5179830227 26.9063084922 28.2861164867 28.3149433353 27.9241262611 28.2619030978 28.5310405814 27.3175923393 27.6522170613 27.1797562003 28.2188338523 28.3054249006 27.121164763 26.6147574123 27.693460994
0 0 0 0 0 0 27.0511576399 27.414771273 27.5696795651 27.6466961801 27.0560682685 27.8024015866 26.8149592825 26.5116486444 26.85892801 26.7546375956 28.00384228 26.6100190105 28.0422552849 28.3672872269 28.4804763224 27.135910194 28.0074350809 28.2982055459 28.3226463201 26.7116247059 28.4635975232 27.0930413406 26.5522140883 27.8859043992 28.5438464721 28.3875903894 28.134245302 27.7708106227 28.1712333482 27.9138142523 27.6757074717 27.4974517104 26.6890302966 28.1468203627 28.085403656 27.3765995739 27.0840502617 28.2900466796 26.9095804713 26.8599643459 28.4090602959 26.7379001645 27.6261679041 27.2031830349 26.9505496924 28.268161886 28.4710178986 27.9634062072 27.660124226 28.5389364218 27.5047612983
0 0 0 0 0 0 0 27.0500657507 27.7426864852 28.2833897151 27.8471394256 26.9109254996 27.2702630209 28.3441452606 27.3033383456 27.3846008348 28.3079806885 26.6024229217 26.7963769862 27.921189786 28.143333375 27.5776736274 28.5937390628 26.786870283 27.6709624034 28.3727485826 26.5161334025 27.0253945773 28.4579698459 27.8955629075 26.5950842713 27.3638721289 26.605673307 27.0863978599 26.6514947284 27.7988606521 27.5688284919 27.6411495672 26.5709172528 26.5146736773 27.8288566765 27.7114504492 27.5332648224 27.4545484508 28.585755412 27.1069825023 26.915672074 28.0898152098 28.1758255766 28.4246155226 26.7108123372 26.8334051993 28.1923264251 28.5435881721 28.5160617854 28.2680719428 27.2044821271
0 0 0 0 0 0 0 0 27.5116479945 27.4803337449 27.4467096906 27.1352346718 28.2195474485 28.5943382346 28.0234769631 27.6342620118 27.6923105367 27.7143471525 27.1414849151 27.3480556074 27.3499335558 27.1249255532 27.2299720611 27.9552559652 26.6641938217 28.399088638 26.8934680869 28.4156889786 27.8534528828 27.9292916209 27.7635128883 27.2194066029 27.4572273026 26.6013212608 28.3756684136 28.3641473319 27.2387033532 28.1166100609 28.235774184 26.7030676462 27.8227157582 26.6275198515 27.5061601332 27.5752897738 27.944046719 27.7336859797 27.550664535 28.4810888271 27.8329840229 28.5520435528 28.1062110425 27.9187268083 27.2994051026 26.9623529068 26.5312535083 28.1985523067 27.2538663898
0 0 0 0 0 0 0 0 0 0 26.7946791509 27.8294164322 26.6029665519 26.7613924744 26.6020741735 27.8451504772 28.4497905522 27.1542435841 27.7971326134 27.085357113 26.7732186625 28.2568709391 27.9147796317 27.7750694065 27.4271343942 27.5975439944 27.0098947324 27.2857999273 27.5770946404 28.0751987924 28.4522511506 28.5941399414 27.1368787525 28.5581069779 26.5628036319 27.1738802168 28.2324376512 27.8845315485 28.6193283165 27.4129996346 28.1360578487 27.1921434723 26.8452993142 27.0608015487 27.5766626226 26.5791025109 28.1189720721 26.8939071361 28.1664697219 27.1769278651 27.7405891709 26.5940799051 26.8670999668 27.6994870001 26.6694950097 27.8878928291 27.0861688487
0 0 0 0 0 0 0 0 0 0 0 26.6093489872 26.5731627455 26.8695806055 28.4204317839 26.9288463242 27.9079627232 26.6472177595 27.0753962419 28.206265864 27.4707386298 28.4506793911 27.6771845888 26.829500547 27.4414946934 28.2860604389 26.9674670345 28.4136593941 28.5439458776 27.3955261345 26.5494222464 27.7273109518 27.4414877741 27.2429777263 27.4230279115 27.3128966963 26.6112240946 26.710654724 26.6527763967 27.9413068638 26.9096064436 27.7117764827 27.1127535688 27.6683175254 27.0391282355 27.7622860809 28.3860575569 27.4989871258 26.7151530436 27.3274690559 27.5329658803 26.5263577707 27.1541965506 27.8821074925 27.8850214149 26.9843425908 28.2207906562
0 0 0 0 0 0 0 0 0 27.07570213 28.3086492733 26.8825919685 27.4297581906 27.2752600061 27.3619281036 26.5303630366 26.8736132652 26.8729658841 28.6123570408 27.0942538102 28.0646350851 27.3509835334 28.4679131752 26.9545967301 28.0039667518 26.759113071 28.1648126368 27.7837326953 27.1206650097 27.2785805542 26.8410688118 28.130578908 28.5569671347 28.1706500868 26.9327379533 27.592350959 27.3175256693 27.4272705862 28.3750619939 28.5894278581 26.9323705043 28.5881429027 28.3076237597 28.1776510975 26.9802043785 27.1331338004 26.6258928147 28.3975482785 26.6577641976 28.2284483486 26.9466580091 27.1297874399 27.5349742964 28.3759535416 27.6911742353 28.2168403482 27.1954709198
0 0 0 0 0 0 0 0 0 27.6778039002 26.7765675787 26.9326936043 26.7073066321 28.0993361996 26.606483364 26.6295412029 27.3624345284 26.5081692296 26.6474214169 26.74270072 26.7333009433 26.6849076065 27.3446423643 27.5036390424 28.0601361137 26.6165955047 28.0727906694 28.3109698984 28.0850760603 27.5393055275 27.7182750466 28.6023655624 28.3401095437 27.4890575548 28.3291670543 27.3812269979 28.059910592 27.9076021458 27.9540239013 27.43866453 27.7814626503 27.9697167348 27.8079907038 26.8276811572 26.7354792476 26.5155385686 28.3257178134 28.4611614131 28.5944989637 27.2151415838 26.6958508042 27.1548074224 27.1475101702 27.0563338923 27.5969557904 26.7388038198 27.1641151232
0 0 0 0 0 0 0 0 0 26.6906213592 28.3700031408 27.1085167098 28.5478895129 28.328996232 28.1512684994 27.9937869263 28.5044408315 27.3422327255 27.6734991871 27.6314474307 27.2273384338 27.8966505076 27.542745658 26.5791418117 27.3945629076 27.8472305963 27.6235015435 27.2181338514 27.7016688038 27.3038776788 27.2028461152 27.4179329814 27.4739176977 28.4721917562 27.8479024139 28.3474537305 26.9560666509 28.342412019 28.5026767582 27.3559357732 26.6014388583 28.6177044381 27.6795855412 28.5808742214 27.4494254122 26.7537857951 27.9071690969 26.9813299356 26.9817435891 28.590552057 26.5549006554 27.0574732397 28.3120085996 27.9252061415 27.8503222533 27.5575264727 26.986448932
0 0 0 0 0 0 0 0 0 26.8336609794 28.1387592377 28.2322365481 26.6485667631 27.8465940158 28.4007167317 28.0822098632 27.8352081116 27.3769393602 27.3760867534 28.1292840463 27.9856253583 27.6094862186 27.7319520826 26.9128605212 26.6401929391 28.5275653185 28.4541013463 27.6882711853 26.7879262332 26.9661209141 27.5642378265 27.5938398573 27.2868383921 28.3861178916 26.8887252621 27.1538558358 28.0935092126 27.7441202575 26.5939427356 27.1087978352 28.2679720189 28.5457268124 28.4062486376 28.4389236878 27.6491800263 27.2975471338 27.2495981868 28.0289650042 27.8034099454 28.441157328 27.2682959496 28.1331778277 27.8085322596 28.5770604744 28.0630705896 26.9978307458 28.204171219
0 0 0 0 0 0 0 0 0 27.6653593378 26.5186073725 27.7020373086 27.5153281283 27.2046487275 27.8162691779 27.4562777053 27.5408891845 27.7709449359 26.5129534404 26.8543320635 27.4584255042 28.4269108259 27.9960662219 28.539664623 28.0262716013 26.8209952688 28.4410950598 27.5986068509 28.085187484 27.5703813945 26.6382175149 26.6619819174 28.5575141935 27.8200191499 26.86201675 27.8508504131 28.471434316 26.8710684668 28.5000844222 28.3044014664 27.7582299406 28.4664081581 27.842180686 28.3241828182 28.1840766954 27.6136484539 26.9272576573 27.4092814429 28.5786552543 28.2733335016 26.779752594 28.5034697496 27.4448618073 27.9639874292 28.3013446076 26.7546226143 28.1360580881
0 0 0 0 0 0 0 0 0 27.896842605 26.8354812419 27.3635171162 28.4845622811 27.266610596 28.07323743 27.4756287803 28.3584655428 27.3933714894 28.2168622753 27.6854194117 26.6433851655 27.3218963579 27.1581778897 26.7850453346 28.050348742 27.2132798082 27.7459306932 26.8359263517 28.4981111645 26.5670759478 27.3592015791 27.6751332405 26.7945564646 26.5214029611 26.6806002528 28.113979256 28.1801224744 27.2198137187 27.817288107 28.5772068737 26.8664024208 28.6019591284 28.5645119778 26.5429501618 26.8398016769 28.0433199431 27.2201472455 28.425284213 27.7694083593 27.1811268353 27.1957667734 27.1995327737 28.279336082 27.0814008429 27.0615156424 26.6828010427 28.2176200458
0 0 0 0 0 0 0 0 0 0 27.9439222163 27.6681155072 27.6881722126 28.1265370076 27.4951505996 27.7681334478 26.8544173094 27.6635509807 27.6840789389 27.5880637327 28.4942068879 27.8603254949 28.4199979287 27.7272944795 28.4434143946 27.5110750232 27.3786162549 27.9601994025 26.7531013152 28.5044902141 28.4923702373 28.3331187634 27.6071490369 28.4623904404 28.1771196956 26.9761978735 26.5105277383 27.1120991196 27.3204772799 27.6270589682 27.0634678052 27.1965850497 28.1454921876 28.3853377742 26.9720759191 28.4478343305 28.0788418513 26.7779644363 27.463863763 26.6444560293 27.861143478 27.0524391505 27.2541528205 27.5915176903 26.8643386933 28.0680847238 27.8440540794
0 0 0 0 0 0 0 0 0 0 0 0 28.117169941 27.7972141017 27.1927625609 28.5881472557 27.6604246192 26.6473228987 26.8704960058 27.2888209183 28.5152655003 26.7564424365 27.1450097023 28.1518487688 27.2878175822 27.1964088795 27.5851553515 26.6705581492 27.4641950723 27.922605306 27.3714469338 27.7743713612 27.1371487083 27.2874756061 26.7846879195 28.389610404 27.2443320214 26.8794690764 26.8125419638 28.2572364684 27.1940267596 26.7303979992 26.8388965351 28.481072407 27.9035310551 27.1103720127 27.7390172511 26.8553454965 27.6616174754 28.567725154 26.7103272362 28.2118350735 28.0241776956 27.651363379 26.565515511 28.3457681975 28.0562202627
0 0 0 0 0 0 0 0 0 0 0 0 26.9314039443 28.4654992795 27.7391580443 28.3440316632 26.9054422935 26.5389462419 27.4380844338 27.844001337 27.4112330446 27.9366491214 27.8395094881 28.4094552791 26.5878517149 28.5864581145 28.0805497785 26.9443582622 27.5476271619 26.827906823 28.4170580452 28.3220660938 28.0647770891 28.3381603608 28.4697348418 27.3790251538 26.94700257 26.7172035945 27.4695866239 26.7622550759 28.1959244067 27.4493049584 28.3223552077 28.2526239418 27.5223575393 28.140610019 28.0923592959 27.5211171371 26.5711281386 27.5727098333 28.1251863628 27.8992068183 27.116490222 28.5581647538 27.1144254862 28.3665488206 27.9768100119
0 0 0 0 0 0 0 0 0 0 0 0 26.7642630467 27.2490897428 28.224863271 27.1183470986 27.6297220924 27.9212340177 27.0529029762 27.3234934487 27.5425994243 28.5866000432 26.6968305227 26.9498567157 26.7254271548 27.5605964014 28.0314299396 27.8359145447 28.3796332857 28.3176874944 26.5133428089 28.3295149123 28.5621544273 27.4840203585 28.6182135609 28.4895268958 27.9619600389 26.7857772865 28.4753767466 28.274918509 26.6729191353 27.8034994147 27.7834656417 26.5810852407 28.3617977965 26.6824451981 27.4343429085 27.5804447913 27.5104368668 28.1590657639 26.6387843641 28.232281102 27.5999789968 27.7901933974 27.9682068274 26.5118967965 26.6238680405
