Spatial_Output/DEC/DEC_0351.asc
NCOLS 155
NROWS 192
XLLCORNER 196307.867259
YLLCORNER 449144.565805
CELLSIZE 33.573938
NODATA_VALUE NaN
[rows 78 to 103 of 192, columns 57 to 113 of 155]
36.8097243271 36.7222002761 36.5085259029 37.0074415103 36.4480439514 36.3106747256 37.208994153 36.1728287251 37.2900559971 36.4852683746 36.7247353758 36.146097185 37.1048390063 37.1772651911 36.8434241799 36.7992432696 37.1712753354 36.8526519993 36.665506475 36.898501311 37.2027258719 36.1103879263 36.8447849742 36.1826161674 36.4867852952 36.5273991395 36.3459756314 36.1700686726 36.3385775645 37.1777320095 37.2766943088 36.4416093962 36.5959308458 36.824344568 36.4477096163 37.1001629172 36.2955807886 37.3157064885 36.7510024782 37.0301592265 36.4687788382 36.931712116 36.8803427845 36.7314192109 36.5512985937 36.7810671495 37.329929872 36.0221423567 36.1365595579 36.3423037963 36.0796375299 36.9810680278 37.1032340934 36.1846094408 36.3510284008 36.2836891743 36.9991445638
36.4674302685 36.4596089795 36.2286917136 37.3220206211 36.7327596793 36.8739987731 36.1155984159 36.2698322552 36.1865415807 36.1657228792 36.1499924393 36.2642983983 37.0679257788 36.4915229442 36.7225497142 36.1694176458 36.1880003627 36.9245569565 36.721438859 36.6643265686 36.646030509 36.9828300242 37.400599266 37.2595268488 36.7033326548 36.9420062113 36.5861858385 37.0812001353 36.9002935085 37.1383071022 37.1785123993 36.1116246329 36.0062374258 36.7526206993 36.4399628095 36.3200147999 36.4311697965 36.3248733541 36.5321244606 36.4212096631 37.412251738 37.1522294878 37.1821760178 36.1886084672 36.3015926818 36.6177006923 36.6279836405 37.2384873085 36.4602293469 36.260788062 36.8631388678 36.2257102094 36.0715731929 37.3994521325 36.9671626966 36.7012429992 37.0401198564
36.7915592282 37.1656316172 36.0094758986 36.701247315 36.0545527582 36.7732981794 36.1678485589 37.0851226094 36.4365134267 36.3724558035 36.4784715377 37.2946120209 37.1384433913 37.2589179337 37.064956458 36.4042207266 36.3122863222 36.7170380183 36.1529895449 36.6495517934 37.3045675078 36.206589924 37.0824153609 37.069532158 36.369154562 37.1785952223 36.7355045603 37.0961780383 36.9965557305 36.4811067048 37.227134088 36.1967951647 36.9498170743 36.9384881679 37.4096109509 36.5793719643 36.195491602 36.0326031485 36.3883633623 36.143947827 37.2620914959 36.400036685 36.9356510927 37.3818483173 36.7569592422 36.8633783754 37.3117083671 36.5106126614 36.4316464057 36.2734625871 36.1905210418 36.3278338457 36.0390216141 36.0940432263 36.6280699163 37.3327971373 36.9725103798
36.1479334444 37.1018010103 37.0887669519 37.0538593764 37.1345297384 36.0742911898 36.52631355 36.4134586747 36.9354420432 37.3756599278 37.2332006727 36.6586059468 37.159777697 36.1145804015 36.4633539206 36.7446922256 36.7460063727 36.6402685382 36.0291290171 37.1626289675 37.1963677177 36.6545046776 37.0643755459 36.0026930956 36.1940564273 36.0305858417 36.3454818168 37.3765408481 37.3713159104 37.3930065698 36.2632650198 36.4805858027 36.9351929542 36.1631604174 36.9991514169 37.2027612869 36.7684394745 37.0762472665 37.3163966901 37.2620651442 36.7467284408 36.7796626436 36.116161047 36.3249870076 36.1229031004 36.8353249916 36.3012676894 36.3173752968 37.314130509 36.8583100202 36.0958223044 36.2925585449 36.9376194581 36.1750313795 36.0092358429 36.9761523153 36.8305630524
36.6918700075 36.0216085062 37.3389889817 37.2282431497 37.2978535941 36.6874514865 37.2144051844 36.5305507184 36.8428702977 36.5102945259 36.4759720345 36.0562025176 37.3053390915 36.0470377511 36.4488061749 36.0763404552 36.0305094679 36.5871833482 36.8997400095 37.0248539866 36.380476037 36.8721666465 36.6229687467 37.3929694785 37.1419479602 36.1547874561 36.5282923917 36.437795997 36.3794306353 36.7405994633 36.6535947722 37.4073538353 37.2385248376 36.6871982599 36.5398265353 37.0382011005 37.1284894105 36.7373835153 36.1595488278 37.2038205547 37.2590450197 36.8206831809 36.4814964297 36.4231244285 37.2128655974 36.1972604193 36.0917513525 36.4744843903 36.764857469 36.7793778244 36.7385985836 36.6565434715 36.4667175527 36.3031151505 36.687958867 37.0875931018 36.3064778529
36.2649780921 36.8829462837 37.3975986902 36.6363214893 36.0104547899 36.9975344208 36.8186937313 36.0733752178 36.9906436482 36.0077712108 36.2080101889 37.0929280306 36.662029046 37.168741784 36.9143396982 37.2265234781 36.1290193753 36.0569369421 37.0392661329 36.3666189267 36.5623015308 37.2354733495 37.3023076314 36.4015559941 37.398052107 36.0067997838 36.4576482246 36.4020275942 36.2804363929 36.07237803 37.3494371529 36.1729995602 36.8849790406 36.9219832768 36.309979201 37.2626316364 36.1834672804 36.5454801577 36.4566859672 36.0764318276 36.5437096516 37.0725144424 36.4794721781 36.1591145681 36.524068174 37.1123480676 36.4044556032 36.0038495166 36.3121102587 36.5710107103 36.7730520712 36.6999201604 37.3166713706 36.9072473985 36.5512678606 36.530051693 37.0910949357
36.1039208929 36.7277693162 36.661354718 37.2655466706 37.0971286017 36.0697445905 36.1915334299 37.3077246598 37.3194233172 36.8858149709 37.0048361052 36.2231570218 36.4045927135 36.4534511074 36.8162629133 36.3271444799 36.6932346182 37.0793127426 36.5818132043 37.4002598292 37.3488066817 37.1485029782 36.7349515504 36.6861565577 37.0549180527 37.0869117467 36.1417904214 36.5985445795 36.5213245997 36.9804161704 37.2155753797 36.5930544053 36.2265214669 36.8906423369 36.7525582098 36.1007821859 37.2872305619 36.750307844 37.3284782775 36.4994656639 36.6793427127 36.7408320255 36.7421545189 36.1105317283 36.757203773 36.811093423 37.1815454912 37.3957649092 36.9887575611 36.1639267647 37.0940896236 36.5491633093 36.4830080158 37.0986706194 36.370113267 36.6230030915 37.3193911012
37.1189254691 37.2786616479 37.269541118 36.5693901872 36.1515186285 37.3668573108 36.4992168584 37.0466892823 36.4475599722 36.6392090064 36.5523046325 36.1531580849 36.5086060205 37.3476749761 37.0795252751 37.2169480334 36.6859273272 36.5106480161 36.3212261269 37.3871606478 36.6958871644 37.3280859781 36.1611073305 36.6427536004 36.1222527517 36.0615662003 37.2563789218 36.0740896676 37.0590730003 36.508918935 36.005241572 36.9966840441 37.3099054587 36.0299895717 37.2893883915 36.9757663705 37.0599459686 36.5122141847 37.1752815248 37.3684147697 36.870036465 37.3447045325 36.5878366396 36.6798525883 36.3863186541 36.6366602646 36.1093835427 36.7740425455 36.2916259576 37.0770797814 36.7175530763 36.0191454995 37.3915566481 36.7292701268 37.0043129355 36.9366348238 37.1213546501
37.0480040392 37.1778409795 37.1099456699 36.8328159021 36.5238991544 37.0393194651 36.7800311391 37.2998223729 36.7822491067 37.3325937673 37.3511315781 36.6888466308 36.0750456709 36.4781155786 36.555831907 36.4976054631 37.1583137272 37.2819231545 36.3310258946 37.0086132626 37.1285173991 36.8426339747 36.125367019 37.2389723852 37.0141363082 37.2273052354 36.1847867764 36.9692163255 36.1669674662 36.7670652475 36.883108003 36.4880053559 36.5436166466 36.908589899 36.3158830086 36.6019173465 37.3251344527 36.8696788522 36.8473948041 37.196767104 36.4452950388 36.5691975606 36.4575659281 36.7067796973 36.284415521 36.5530880283 36.3684093837 36.6364704015 36.5551145148 36.0929472082 36.1795251148 36.0281192577 36.7819873369 36.3437041151 36.9012335185 37.2394714315 37.0839861075
36.0799854243 36.6369238194 37.2846009829 36.2736882704 37.1985839732 36.3217073945 37.2640192422 36.5247071236 37.382364943 37.101168178 36.1262080513 36.8173184647 37.1936832129 36.9073713423 36.3929166601 37.2113097532 37.0007222145 36.4772477279 36.6347561916 36.2294809899 36.6315965172 37.3780861648 36.344653217 37.313410193 36.9346207134 36.0364194803 37.4080863152 36.6825739784 36.9239291816 37.1196485042 36.150724874 36.4399478672 36.2882936754 36.9745717923 37.1149348681 36.5223494454 36.8386085538 36.5726856349 37.086302769 36.737394151 36.2993140799 36.8435023859 36.6664215925 36.1250361126 37.2937469636 36.8861902294 36.1743953075 36.2346128383 36.1282604277 37.2221245735 36.9149312433 36.0767872792 36.1053046529 36.3302965479 37.3095596622 36.7807231956 36.7444788165
36.7977101958 37.2071501329 36.8158621294 36.1029905236 36.6763272121 36.5965670877 36.2340157404 36.7205019321 36.9947446381 37.3206014341 36.9865354405 36.6185322133 37.0726652443 36.0339640053 36.8410855726 36.9740063935 37.179179298 37.2365831968 36.2203135879 36.520734384 37.017264862 37.1953696878 37.0230109382 36.88224877 36.4670617787 36.6461551887 37.1882906527 36.9747636483 36.6627157768 36.6094770275 37.1946894475 36.6548779901 36.3429649038 36.9002836386 37.2104351904 37.0240347948 36.8086268495 37.0125260711 36.3409782888 36.086656212 36.47465798 37.0677432268 36.8057561287 36.3819165161 36.6845378686 37.3775636718 36.6700672754 36.3569011886 36.2757198066 36.5150690508 36.8960615758 37.2934612329 36.5741789223 36.1138110061 36.0132385689 36.8973264926 36.0808921516
37.0351359181 36.002564946 37.3958117255 36.5962728334 36.2503639819 36.2452026157 36.3951926325 37.0668663879 36.6176912792 36.1385200924 37.1197644819 36.2100855375 37.0570423754 37.0782110694 36.1525479187 36.0724119448 37.2976198975 36.2918436429 37.2131103969 36.1622417495 37.1421100901 36.9674644881 36.5333938808 36.2898440991 36.5138532611 37.0935908615 37.292198213 36.3120891951 36.613963161 36.5638398929 36.1368985679 36.5221799734 36.7268076645 37.110192108 37.1720872734 36.8279244118 36.9788248234 37.1702843809 37.1517778905 36.8770254805 36.0778979509 37.0500306421 37.2372225641 36.9391333195 36.0857261754 36.8721084481 37.1215406658 37.2158179314 36.4761647626 36.2249415839 37.0608550244 36.0120870785 36.6702502048 37.1900217895 37.2291269965 36.320095585 36.3707473526
36.9500639082 36.1007754566 37.0238307563 37.0231451495 36.6537178529 36.2751249479 36.2607318293 36.2592155402 36.581041618 36.8464878547 36.8061254577 36.0663213282 37.3010336212 36.1717135694 36.6921669975 36.1690115313 36.9110881747 36.6425585145 36.757775231 36.3256472802 36.3406612099 36.4344089479 36.6381239643 36.5722655471 36.0987487698 36.8087054603 36.4481155638 36.6004614446 36.7318954263 36.4708105673 36.5762163686 36.1579415911 36.9305784861 36.372742383 36.5708241851 36.6017519964 37.3143226238 36.9169791867 36.3817594841 36.1543393657 36.1322422992 36.9076550478 36.8940599258 37.4025074409 36.7057701882 37.3012419696 36.2703926781 36.4259923474 36.7382456819 36.9502554094 36.0863231056 36.7159767377 36.0836434639 37.1197198573 36.7759056469 36.8212528983 36.0936234325
36.622602287 37.1221070881 36.4518917028 36.8977733869 36.8776028333 36.6575294684 36.0411455695 36.9777589321 36.7096919987 37.0951797823 36.5977425597 36.7684338305 36.9420551048 36.5756708311 36.5511161821 36.9708309878 36.4572734416 37.1495762404 36.8159006506 36.9770376969 37.2968841707 37.3610327831 36.3953530421 36.7431861734 36.4373678779 36.2011296967 36.450760725 37.0562817985 37.0076372277 36.2418588228 37.0066248474 36.0587886141 37.0975911738 36.0021928111 36.1874867444 36.8398998503 36.0846456092 36.3724380293 37.1741815639 36.453871005 36.7041626694 36.2661292884 36.782994012 36.1295696389 36.5094524757 37.3144608014 37.1120628361 36.2740198094 36.9889831388 36.6655181616 36.3139642105 36.6086680526 36.9847820273 37.1926642577 37.0700790972 37.1719100483 36.2926998143
36.3493090917 36.7474686126 37.1833301895 36.5953474694 36.4615845836 37.2415909619 37.1369659618 36.5076567372 37.3861255772 36.5975525531 36.0733207517 36.3064768843 37.3420616901 36.6640699789 36.0951341439 37.3802735841 36.6632727844 36.4960838516 36.315563442 36.1857630346 36.2482958927 36.8051994485 37.3809500581 37.1358448899 36.7402886298 36.6550649994 36.2860749097 36.0969529165 37.329890526 37.105861049 36.6514273623 36.9608964884 36.7008898745 37.2993852818 37.3258462053 36.7933049872 36.7793715151 36.1529617306 36.3504856691 36.2981110123 37.0327000326 36.6207348865 36.3591895515 36.1595812822 37.1390744504 37.1972720879 36.8926816852 36.6227643499 37.0818471931 36.4450048823 37.1883137634 36.9031719225 37.3943355723 36.3099942848 37.068765589 36.1243598352 36.1681123244
36.6555605482 37.3307382282 36.8558572949 37.0416500154 36.4743626589 37.2765330128 36.9992412768 36.5578756999 36.3645430605 36.8657637407 36.3435853456 36.6008646516 36.2272224784 36.7669857919 36.1052340154 37.3970955085 37.3183143398 37.0489301637 36.1902245699 37.3585041121 37.1533353512 36.1237370759 36.3998041013 36.8321273171 37.0616043221 37.3015377878 36.1537842404 36.8523899343 36.1738869403 36.2762537416 36.0811906268 36.5194805054 36.3943104809 36.0823219013 36.0874052649 37.4055348119 36.9573402808 36.9423732919 36.4555517735 37.0997787604 36.6046611766 36.7650505985 37.2990012404 37.3397565986 36.151455922 36.1780383075 36.7608217239 36.817968502 36.0013265721 36.7295465511 36.3771629731 37.2362171937 36.4226467306 37.295684144 36.7276991886 36.5106662104 36.8723342753
37.2886279996 36.8525930991 36.1067689125 36.6794203101 36.0211896601 36.0100200036 36.1264390002 36.9459490633 36.95653316 36.5858568229 36.6983263415 37.2862096126 37.059960773 36.5254288781 37.0593334397 37.1991350799 36.6584732451 36.1517118726 36.9745894803 36.8566935992 36.683899371 36.6559653097 36.9101367755 37.0632457071 37.1680428535 36.7152684972 36.7436649107 36.6200959045 36.9163404652 36.5274878925 36.3435726944 37.2754566417 37.0681688076 36.6207884759 36.1836257427 36.0707558274 36.1025782253 36.1280950744 36.2153414227 36.2317829294 36.4915472615 36.9679175181 36.8424328345 37.2817957536 36.2295660262 36.0045512319 36.4945496811 36.4383901168 36.9477538192 37.1322247797 36.7026898311 36.2314538662 36.0810964678 37.3254024662 36.7326738637 36.1023981451 37.1282838265
36.7183149686 36.6263951316 36.4409281723 37.3445660856 36.5377526732 36.1809798509 37.3290233993 36.7378442931 36.8923986628 36.8431119713 36.4628317397 37.0303775695 36.4746660402 37.1484715696 37.3731371941 36.3628357615 36.7613661486 37.3397678624 36.1209180836 36.4724393353 37.2003513717 36.7725391894 36.683653931 36.3086724745 36.8234835438 36.9629406272 36.8450422053 37.1855963705 36.7364247216 36.9527686371 36.5558137138 36.9338532062 37.085762671 36.1059566268 36.3159864018 37.0951719413 36.1831312152 36.8148427126 37.2306746833 36.3292556751 36.507628868 36.1906190275 36.8550129852 37.1070374142 37.1917736457 36.4421578054 37.0851282498 36.785396482 36.1614112979 36.6577512861 36.8945398175 36.5170848545 36.5129131323 37.2187520512 36.6489899856 36.4766566369 37.3694349374
36.9599916479 37.1090534863 36.454500418 36.4578115507 36.2438055968 36.3087365554 37.0446228229 37.0076251156 36.0003827535 36.8563754289 36.5540675678 36.025975361 36.2277755039 36.8963476478 37.1060918305 36.4918719984 36.964239376 37.0995242272 36.024325694 36.8870470597 37.2452477095 36.3167537 37.1008389356 36.6819387252 36.285791722 36.7255151475 37.3582599184 37.2148149798 36.3065962984 36.0485742729 36.5519417412 37.235189972 36.7081996055 36.670940544 36.2902962298 37.3516215142 37.1943669677 36.2292264328 36.0221417578 37.014241387 36.8633118407 36.1155692827 36.9195191592 36.4606077115 36.1968573071 36.9749588428 36.7335448188 36.7736883357 37.0761793969 36.4485232818 36.6500750024 36.8614843429 36.2060878242 37.0127710469 36.227568191 37.3256816344 36.9785178822
36.6239668407 36.3602299804 36.5869252986 37.2618327516 36.7365949437 36.6486521997 36.1626867872 36.5109736245 36.1668067243 37.0135549876 36.4209393072 36.4282543519 37.3068592132 36.7407378306 36.6102239469 36.8474487456 36.9975499015 36.4512673534 36.2332323064 37.3418685185 36.9316530664 36.5039241632 37.3126253399 36.4601705383 37.3661866079 37.162095183 36.9955785464 36.3169114605 37.2113608372 36.0879750232 36.9655115813 36.3310024378 36.3669570747 36.3067090557 36.7202614189 36.4290735985 36.7153342475 36.147273931 36.7193578633 36.6489589785 37.3648309272 36.4278800926 36.009769448 36.1385888268 36.886284448 37.0447386762 36.697905914 36.7460756164 36.0080271154 36.1756706266 36.4540415019 36.7806232309 36.555038182 36.448266404 36.6283338683 36.088757023 36.6029586379
36.8754634923 36.6634883465 36.0936365822 36.3340026552 36.9921879421 37.0729125229 36.3642164812 36.3820956076 37.207771591 36.0718089695 37.09196499 37.0513819331 36.5300966499 36.4736275662 36.021621888 37.0905407453 36.2265901794 36.2240059578 36.6909208458 36.1964972464 37.2087127917 36.9698655445 37.056415119 37.1949490019 37.1587700283 36.6202277893 36.3833859667 36.0748108916 36.4033614138 36.2495151873 37.1272962706 36.485340408 36.5423637976 37.2614255873 36.6239723852 36.0789410558 36.8700340109 36.8073722844 36.8228993757 36.4888873107 36.4755196721 36.1421677179 37.0727559203 36.1752260371 36.6241841925 36.7099606021 36.5562603409 36.7800119476 37.3270497587 36.7079328066 37.0375409347 37.1727039317 37.2180178106 36.8786885088 36.5125237315 36.9575677186 36.6252050329
36.8261897299 36.5780320805 36.6965671935 36.2348760937 36.3154043251 36.668303035 36.7809955207 36.2396744008 37.0255068871 37.3289051969 36.4963111855 36.6022519099 36.6629414041 37.170648758 36.1758554379 36.81247168 36.8675380992 37.3301746037 36.2768044102 37.3446043886 36.3391108122 36.0370901119 36.8650604549 36.5453560221 36.1060733353 36.8710447792 36.2543378104 36.4792407625 36.543081079 36.6818717779 37.0808865539 36.9623166203 36.1288010851 36.5886189725 36.9372940496 36.2170884997 36.5804628932 36.0712162907 36.3720187259 36.6443710891 36.9026086718 37.2346644067 36.9280993285 36.433721465 36.6625957061 36.8596569041 37.0266041799 36.0868331578 37.0625168265 36.6075211834 37.2370807441 36.9680429098 36.5781683253 37.3220870394 36.4874090173 36.1228247379 36.6239631896
36.5414560117 36.6448577346 36.3199149019 36.013233905 36.496171672 36.6091311335 36.6757861945 37.3726269603 36.2267864334 37.2597722811 36.8678080728 36.3065893113 37.0205926838 36.2201175654 36.9044543501 36.5683436186 36.2352550201 36.441211881 36.3152732104 36.5487967192 36.4265134136 37.1024132036 36.8709956453 36.1456563685 37.2986609628 36.3930501938 36.1883092425 37.0884829865 36.8619066011 37.0064263022 36.6723924952 37.3613611378 36.2249632576 37.1798539516 36.4308250489 37.2940929621 37.3574271464 37.2075523872 36.667409938 36.905948206 36.3725507873 36.4348247742 36.5450566966 36.7112200181 36.8644106516 36.3852866766 36.1968078993 36.1113077685 37.4077574627 37.302822452 37.3167660863 36.3345876715 36.5006846792 37.3514317544 36.0049956293 37.2665531821 36.6197128915
37.2439241373 36.3313982424 37.0091536901 36.9720836314 36.0690090792 36.277713058 36.5780090671 37.2454163637 36.669308267 36.1325537961 36.834621303 37.1672479689 36.8023965003 36.1980260441 36.3815047308 36.0322264508 36.164775665 37.307028492 36.3309740577 36.2244326698 37.320650372 36.9962760651 36.3809655606 36.5521843748 37.3789962763 36.6764981607 36.9190548122 36.0746659509 37.3316201361 36.9943840941 36.4472629411 37.0942985792 37.0703962548 37.2221210386 36.3967382625 36.6962389569 36.9299883946 37.1225313685 36.0640677106 36.2678935797 36.9157882984 36.0889886785 37.4086517824 36.4352856889 36.7728192269 36.9853320136 36.4829820003 37.0082231745 36.1965903252 36.9990922869 36.5253857549 36.6944007105 36.5675639055 36.424820646 36.7043043532 36.9517570442 36.9919598531
36.9362789857 36.4044072696 37.0263533011 36.0043627933 37.1693934305 37.2437312955 36.249027548 36.1795169946 36.3598471726 37.3171467073 36.7806043439 36.5745557859 36.8597154289 37.2161069013 36.3943807674 36.5069265849 36.4850660172 37.1058722601 36.4900273199 36.7648195201 36.5853899116 36.0584265574 36.7297232852 37.2084085416 36.3330984716 37.3745101709 36.1938503219 37.3569403091 36.847464268 36.3331935576 37.0700920249 36.0643380266 36.8060551638 36.9898383932 36.0003327058 36.096179068 36.9625219981 36.6105674076 37.0620636111 37.4043740564 36.3610232184 36.0002619011 36.9187679987 36.1483148038 36.4996922824 36.679775554 37.3427958843 36.7070183196 36.922135414 37.1096983683 36.194880369 36.3552655778 37.3758820733 37.2151505589 36.9360721146 37.2027846499 36.3585029577
36.6852674644 36.9311452339 36.5385502165 37.096860658 37.0663168372 36.9560893329 36.3786599917 36.5394778574 36.0307850893 36.7992610265 36.1920293105 37.0142482698 37.1147574704 37.0432859816 36.790422619 37.4038420214 36.5256648823 36.9181347886 36.8451689058 36.1121659739 36.4641195272 36.458049594 36.1459389406 37.1609557189 36.4659218653 37.0855690726 36.0544106064 36.7209865706 37.0533499429 36.1855666258 37.1816546341 37.27846904 37.2023959478 36.2762216354 36.4053168742 37.0676274691 36.8918587188 36.6416196289 37.1319544758 36.3806450817 36.6359719877 36.018354995 36.9992468965 37.3112529132 36.7640582389 37.3105642744 36.0969996217 37.1680401203 37.3503288912 37.0293568776 36.0978636426 36.2802395492 36.229765182 36.0128833862 36.0937111782 36.7287549126 37.2551717662
