Spatial_Output/DEC/DEC_0060.asc
NCOLS 155
NROWS 192
XLLCORNER 196307.867259
YLLCORNER 449144.565805
CELLSIZE 33.573938
NODATA_VALUE NaN
[rows 78 to 103 of 192, columns 57 to 113 of 155]
76.6549148981 76.6549148981 86.6288214446 66.189546509 64.0167533427 62.6606130864 45.955471879 46.3349965769 45.693044105 45.5914618859 46.0244031589 46.2752407135 46.0587502283 45.2560013129 45.2432532989 45.6698818567 45.4072853189 45.9298702934 46.1527864052 45.4363013113 45.1156678533 46.01238946 46.0005806751 45.4538326343 46.2154739409 45.2401940797 46.0269855703 45.2894187435 45.9426977175 45.4003100674 45.4439167404 46.0811393016 46.2691196467 46.3025768592 45.8248964019 46.2510387634 45.257497651 46.2216194674 45.1944433799 46.0211072414 46.3026515803 45.0134044497 46.3432666905 45.1181195302 46.1622220841 45.8361009017 46.3579282297 46.355804121 45.7670736858 46.0850690752 46.2219379849 46.2495424243 46.1505261751 46.0547954308 45.4934672698 46.2560535997 45.0331071488
76.6549148981 45.3878957969 66.189546509 64.0167533427 62.6606130864 60.9889543582 60.9889543582 90.1829591922 46.286892469 45.9513028651 45.9532486248 45.8682256326 45.5951260814 45.5040002453 45.0981707969 45.5977849519 46.1429229484 45.7926953473 46.0543016765 46.0004029754 45.9406619803 45.120618214 46.3145440032 46.0870721438 45.4046986392 45.2199712825 45.3590536678 46.2952411251 45.8412409166 45.808827437 46.3268941117 45.0941013025 45.374837269 45.2761700013 45.5140955537 45.5694825637 45.4874386541 45.1513939371 45.2711130722 45.1182766842 45.9797591715 46.1061758844 45.3020865961 45.3386761593 46.0136893122 45.0407248857 45.3540602355 46.1582035147 45.3295049906 45.534944599 46.2711920925 45.8139697818 45.1423266592 45.7383289135 46.183449247 46.0432265538 45.9409081503
45.8496875314 76.6549148981 45.8348350645 66.189546509 64.0167533427 60.9889543582 90.1829591922 90.1829591922 45.1573766879 45.6826825982 46.1494027216 45.4211507273 45.2346645016 45.486564403 46.0797599239 45.7242061122 45.8420193355 45.9161814306 45.1184182301 45.943518991 45.2006392117 45.6799114009 45.7726009976 46.2605028856 45.3308471882 45.6893745926 45.9113760314 45.1717199948 45.3721675261 46.1176184279 45.2379540015 45.4038611963 46.21492687 45.5816422904 45.7155126637 45.6886146239 45.6900952522 45.5739796058 45.3806015657 46.0788006131 45.9096834363 45.6509509026 46.3968025734 45.0001492487 45.7377536638 45.905966826 45.3771321126 46.0887188045 45.2541577685 45.2390631007 45.1395849742 46.2399580898 45.5450450917 45.6616924209 45.1452417794 46.2961527199 46.0630522139
45.3566198487 45.7781594657 45.0874915738 45.2402155302 46.2800626676 45.3011709138 60.9889543582 90.1829591922 45.9671483748 45.0755730498 45.6714712894 45.3203650999 46.2043513345 45.480924226 46.2261925891 45.0307029743 45.8869179869 46.4110000385 45.1669256875 45.6843123441 46.1854403642 45.3624056864 45.3394374748 45.0954301041 45.7443327218 45.2189996742 45.8663219293 45.0018209961 45.1087536217 45.3105874724 45.7180122255 46.0583044761 45.9343976231 46.304085787 45.3732306627 45.5805701805 45.9405983438 46.0687548493 45.6627122219 45.4804092679 45.7822177014 45.5787706158 45.2476040031 45.3518570056 45.1035702239 46.0947101793 45.9100645132 45.8002153149 45.4533271647 45.995088994 46.098512293 46.0932537961 46.1131092084 45.6395036637 45.0841886103 46.0743112434 46.1266435894
46.1818655207 46.3578545256 45.0079415449 45.8658080621 46.4025674992 46.1399253697 45.254357132 46.0632751144 45.3474644963 45.7663458827 45.68858307 46.3507691831 46.3619741732 45.5972953596 46.2074979577 45.010734233 45.7640832757 46.3748847828 45.5187038995 45.4407578186 45.8865066685 45.766393274 45.5277833801 45.9048569982 45.4410950622 46.0503326483 45.8672534981 45.5851577752 46.251311389 45.3524249708 46.088089653 45.9215128884 45.4146538647 46.2979930174 46.1158216445 45.6954124984 45.5767118877 46.0056290268 45.0331037504 45.8839125037 45.1908013593 46.242854579 45.5653684844 46.0314059477 45.6899663374 74.6488160389 74.6488160389 74.6488160389 45.1723778264 45.8117666422 46.1111143358 45.925357153 45.914882151 45.8974881529 45.8339388798 45.9838032252 45.5999334772
45.6618284167 45.7086202582 45.873384578 45.3023453742 46.2854146493 46.1146452209 46.1352747279 45.6052968291 45.0349639799 45.9591259681 45.224964412 45.6115357723 45.9424152513 45.0270668292 46.2751505177 45.9499164879 45.1955770423 45.7103658075 45.9949120655 45.4917069488 45.8660453003 45.1847915873 46.1890229805 46.3461530777 46.1803067172 45.0392707947 45.9160263283 45.9687928337 45.7921668435 46.1628877893 46.1524173518 45.4122425029 46.1337063378 45.0733961394 45.2164119697 45.6769815249 45.4896687028 45.1375088713 46.1266301406 45.3502461034 46.2506668755 46.413638541 45.709269964 45.916745223 45.0368330788 74.6488160389 74.6488160389 46.2745017189 45.5689190235 45.8922297056 45.7785618377 45.4400457193 45.2279902674 45.1321048154 45.2388396168 45.8933287052 46.1960960016
45.2691478967 46.0934104819 46.1445809778 45.8419259238 45.6657426191 45.0306859899 45.1278686762 45.169547125 46.3408205354 45.1219535385 45.6928208314 45.2194201001 46.2311348921 45.2445546276 45.8220279783 45.3650664934 45.1981219303 45.0599845627 45.4342552201 46.3606244437 45.5229479883 45.7345425924 46.0356705009 46.1236527889 45.4022455132 45.8912562754 46.0655249502 46.3894241577 45.2729426025 46.3886654668 45.3678016877 45.9453495368 45.9008483939 46.1032507304 46.2636613815 46.2857563326 45.2318369503 45.0291905495 45.1949638961 45.2130067426 45.371672187 45.9246627749 45.0975872953 45.5829340117 46.1128543337 45.4791566436 74.6488160389 62.2646357334 45.6042899759 45.3610917888 45.6192740852 46.3888006605 46.0677274107 45.4127285993 45.0641823796 45.1690407795 45.9967058343
45.2324664429 45.6199404519 46.1512065824 46.0580687008 46.1618726466 45.7818125496 46.3905971679 46.1164348542 46.141669662 46.0232303943 45.2592086211 45.1143409953 46.13661311 45.4005682503 45.9401532295 46.0911052851 46.0956167763 45.5579743486 45.7932344319 45.6132701638 45.5159884929 46.144891735 45.3763821269 45.774216133 45.3584255021 46.074111704 45.2356768446 45.8311840775 45.9223278183 45.3784702296 45.7244903586 45.9715123501 45.7858466162 46.212793218 45.2046621344 45.4978216851 46.1269492914 45.4762422359 45.9680286747 46.1394632387 46.0018538921 45.8343191102 45.6227278275 45.7341349914 46.2362490584 62.2646357334 45.5473522175 45.4340849518 45.0754998192 45.6375190176 45.3225321072 46.1991541951 45.0247877468 45.9145147069 46.3924748562 45.367631278 45.6690271275
45.5014865095 45.8660325584 45.0136416808 46.3651612033 46.0604004874 45.9122794861 45.1498792269 46.1548005869 45.4863197822 46.1519132012 45.8497230289 45.7514322034 45.489073513 46.353982693 45.1071787619 45.7956604262 45.1136490927 45.6437868408 46.1849946945 45.4210574164 45.3211607837 45.8600005179 46.1534533138 45.952305843 46.1911313742 45.1097425176 46.2896918128 45.9247169427 45.0408524315 45.0484944622 45.9329246459 46.1624310751 45.1699633087 46.1811575264 46.0697687367 45.5400912448 45.6581634517 45.0056451548 46.3315891643 45.9421491489 45.8802212683 46.0112240548 45.4735884835 45.2365095798 45.2357329981 68.7462684049 45.0612257115 68.7462684049 46.1384854151 45.2656410296 46.1621404844 45.6181138454 45.2240336773 45.9525349295 45.9625126604 45.9727052431 45.6879207418
46.1710814117 45.9894508136 45.0010984054 46.3369663982 45.3456634951 45.5104859384 46.0737794278 45.610480378 45.4963888776 45.5223426055 45.044490108 45.8665483025 45.463140325 45.5879482142 46.3883901231 45.8122499663 46.3279024684 45.2864149186 45.2811410604 46.3382526878 45.3785882217 45.7707344153 46.235583304 45.2172781942 45.2114640063 45.5448209774 46.4021271626 45.2641686152 46.3404773712 45.5574937685 46.000443735 45.6775832279 45.78450683 46.2750378779 46.4103272523 45.7722945334 45.1013800488 46.288642744 46.2889105797 46.0174331143 45.2350596259 45.4557662591 46.0182036553 46.0647397036 45.9371412524 46.2452401483 68.7462684049 45.7510746683 45.0143815977 45.8266947195 45.2166573569 45.1634869886 45.6664725655 45.9701831532 45.0444987547 45.3846927998 45.4461025707
45.5022725842 45.4566726325 45.7972007297 45.7444322629 46.1648480962 45.8778154218 45.0426359324 45.1879296694 45.8645945453 45.463623344 45.3755291822 45.5369207057 45.5342285903 46.1584335957 45.3072807649 46.0217290709 45.4604935706 46.1677407544 45.7791492645 46.0787784992 45.9346064228 45.7743079099 45.4419342409 45.870628161 45.2453533683 45.2549958899 46.0687340583 46.0596128489 45.5538228256 45.7935194007 45.7185873754 45.2917209402 45.8105363709 45.0092287001 46.136258693 45.4416555435 45.0101963775 45.3834000689 46.2929983566 45.8855503321 46.1369953859 45.7230600204 45.0259226162 45.7211263891 46.0998146114 45.9071394244 46.1226360339 46.0337735226 45.9250834519 46.2518709198 45.3167520746 45.5368747094 46.2635407527 45.7507069761 46.2754230059 45.2709058726 45.7386613292
45.3540502632 45.5259215289 46.2486839754 45.7747516072 46.1552053698 45.734205809 45.3062301745 45.292833438 46.3955219692 46.3387644072 45.2980957753 45.603088433 45.5876606456 46.2580514072 45.6293774032 45.8984648848 45.6651157051 45.0640467229 45.7493193195 46.032033706 45.8810289094 45.3789381086 45.2925252255 45.9193647829 45.7157077401 45.4844825512 46.3597332666 45.9556067238 45.4509769407 45.7216182119 45.0909349352 45.3245575709 45.2105172947 45.2127319821 45.0141303784 46.0271312402 45.8767973466 46.4140705097 46.381256488 45.9599821133 46.0921739063 46.3093876072 45.6651640566 45.4795254428 45.4138077161 45.5255706786 46.2968773737 46.303517675 45.6743827739 46.0081396764 46.0189670822 45.5937268278 45.672832539 45.1453055855 46.2166208938 45.5903431443 45.7663916606
46.3078901181 45.3273234599 45.6178331682 45.9038599367 45.1830244394 46.3139635132 46.3464808531 46.3105928855 45.2319142785 46.2591319582 46.0014048829 45.9050051136 46.1472225229 45.1882710694 45.4360766491 46.1636074855 45.6833309613 45.4895576895 45.1179486321 46.385567416 45.3034761806 45.0535482726 45.8301234446 45.3632828165 46.0515822778 46.2576629195 45.2567579592 45.1345232376 45.349171526 45.8127166793 51.8561452328 51.8561452328 45.8994713093 45.4369922776 45.6700936877 45.3119826608 45.8456694 46.3992275356 45.807847913 45.2698625933 45.2067326751 46.2667219175 46.334373271 46.13094143 45.7841312535 45.0681857271 46.0431548691 46.1720077905 46.0212981864 45.5915197349 45.716851606 45.3500590057 45.1465039227 46.0679333609 45.4985392368 45.7792935503 46.2811950524
46.0261759942 45.6451283666 45.5192703838 45.9879537458 45.1343431893 45.346423194 45.365208346 45.762829748 46.3661556168 45.8344994125 46.1766576131 45.4215965411 45.9927781996 45.9506928802 45.6229636001 45.1641239423 45.4183146615 45.9339074229 45.8089982262 46.1194261088 45.8686902986 45.290846153 46.3769427343 45.3126753644 45.688872062 46.1126114646 45.5541567624 45.9858984556 45.2754702472 46.1018362114 45.9491452836 51.8561452328 46.301808477 45.800816761 45.4027642935 45.6490694283 45.2538953918 45.0084832372 45.5026482888 46.3611663291 46.366901679 45.0265316364 45.2670614298 45.5919945432 45.3840521767 45.4818898027 45.1095875188 45.0665613471 46.1461214733 45.8955635347 46.1569906271 45.5875484335 45.7757110057 45.6282722537 46.1845603708 45.4492937795 46.0490144845
46.1461575866 45.5396755108 45.0224146729 45.018203686 45.9059611055 45.4412163454 45.6954317579 46.341559739 45.7317986015 46.2688463234 45.5945653387 45.8758955644 45.710997772 45.916206326 46.1879379219 45.8337359962 45.526123271 45.4129693928 45.0075905477 45.5333205213 46.0939559554 46.1548144791 45.2593019082 46.0206728884 45.0933377417 45.9376895036 45.6207594557 46.2846847046 46.3486721916 45.1598303057 45.1132382647 45.2208831556 46.2831828029 46.2517021246 46.1830047469 45.3323135109 45.0518578415 45.2573901529 45.314970805 45.1758615363 45.1994868026 46.3389317186 46.2515899139 45.4723916521 46.2529064424 46.0642057001 45.6541359824 45.4111634865 45.7728911818 46.3191786125 45.0046361635 45.7725199599 45.9669538665 45.4184478835 45.8802347061 45.2476736776 45.9615045707
45.1950389646 45.18426254 45.5725870065 46.3020042097 46.1886429457 45.2148002921 46.1496703277 45.1459652533 45.2993695913 46.3028134961 45.8516865138 45.3882550879 45.6004893408 45.4307290388 45.8776174945 45.0874124883 45.8276287485 45.0884181058 45.697537022 45.2030213299 46.1247966723 45.754799268 45.378491288 45.6893440312 45.7005315466 45.8592798524 46.2903696515 46.2708930989 46.276878919 46.030406762 45.8301154631 45.3998686613 45.4096188201 46.0857347151 46.0719128427 45.7019288369 45.9202560507 45.1032832029 46.054521489 46.1170450565 45.5409429813 45.9359917988 46.2844176538 46.3271326877 46.2993372768 45.4955391645 45.813412415 46.3221694206 45.1794741076 46.3803011547 46.1483507826 45.2540264674 45.39230801 45.3907406748 45.0184609213 46.0226649833 46.0215552317
46.3297378949 45.7391918351 46.3272595121 45.6095963548 45.5746277087 45.0794780742 45.6569850976 45.3120853451 45.3956198257 45.9092523659 45.6402554524 46.2313658562 46.0449341169 45.7017947974 46.2806496796 45.3842383256 45.6056561248 46.1149116533 45.218510652 45.9250227265 45.6490193834 46.0291391699 46.0374399574 45.2837992398 45.269987297 45.7813935257 45.6458467423 45.0948058604 45.499685089 45.1829039309 45.6973668013 45.5011750322 45.7143086258 45.4667912735 46.1980577207 46.1056135964 46.3369480741 45.6754955859 46.2100840563 45.2214586202 45.2905583613 46.0631446011 46.3258336339 45.8935193476 45.8728585938 46.1365321609 45.3214886638 45.69089544 45.6045084122 45.3886048987 45.109285212 45.5477517614 46.2798950572 45.7536142109 45.7368583356 45.5900145008 45.662623658
46.0603212718 45.4035992138 46.0765271707 45.7324023426 45.2109821365 45.7951413078 45.1415998824 46.1851381884 45.2485374891 45.794162367 45.3009270386 46.2236403546 46.14683013 45.8706944655 45.1695892289 46.2685935955 46.2488437765 46.3156305819 45.0120710468 45.6504428427 45.413644945 45.9571405582 46.2302320339 46.1990014074 46.3652998729 46.0833455797 45.4071288167 45.7919970676 46.0335449557 45.4181752508 45.0149074789 45.7912245025 45.8549327608 45.9245019079 45.7006638501 46.0675441247 45.089176884 46.0251358191 45.836161378 45.902991951 46.213283662 45.3697361134 45.4017781579 45.7086826114 45.4839884788 45.3190183226 46.1532798918 46.1449200429 46.2257642918 45.9826701277 45.4669478575 45.6002690619 46.2339193527 46.2546353631 45.539629645 46.1992264131 45.1808346852
45.5654420524 46.1955607257 45.6990643744 46.0663545992 45.2675824348 45.01812759 45.0879182903 46.4043905119 45.3937840234 45.2145722308 46.0147056499 45.7476307326 46.1550119861 75.386568284 45.68031986 71.3422647062 45.1225408469 45.8419359101 45.0359226413 64.9379494128 45.9826673239 45.0360367679 45.0238033572 45.8438973463 46.4100429568 45.2787885998 45.9024298661 45.743607534 61.4230288574 45.0063174177 46.1024409811 45.2519179709 45.4589326365 71.3804417543 45.3695251995 46.0242415868 45.9352962949 46.3363858322 46.1792700589 45.2953190054 45.4116608228 46.1228260878 46.0030405809 45.7304967421 46.1335555123 45.299738994 46.2947399524 45.7828596981 45.4005017856 45.4758762701 45.6539900197 46.2951485444 45.491110025 46.233489011 46.2402031798 46.098401057 45.6325369457
45.1930025558 46.093727819 46.2017004427 45.2612187761 45.6167062517 46.3366959166 45.2305241759 45.2803406834 46.3369077949 45.0798286791 63.660387789 84.1099948058 84.2101728367 95.2274011154 95.2274011154 46.0068628842 76.9954812018 45.4199384629 63.6345165133 64.9379494128 64.9379494128 45.4268391159 45.826272303 45.0320818413 45.3075685407 45.5418148851 45.4737546356 61.4230288574 61.4230288574 61.4230288574 61.5885919143 45.7215891443 73.4390186586 45.421035146 71.3804417543 45.5673321215 45.5616604656 45.8927497124 45.1643832358 45.473232182 45.0003977645 46.2547071145 45.8389683774 45.8069462456 45.924291356 45.4791025744 45.6291124243 45.4179392252 45.4134860665 45.276383127 46.3655654485 45.0402625729 45.0678931758 46.2534293352 45.6100013178 45.2878486376 45.6767481219
45.9175130913 45.4797096101 46.241646636 46.057855731 46.0825034273 45.0775828411 46.1553717097 45.6012564728 45.2136531544 45.220976511 63.660387789 84.1099948058 84.1099948058 95.2274011154 95.2274011154 76.9954812018 45.6975844918 45.9039712556 46.2680929843 64.9379494128 64.9379494128 64.8216558125 46.2216068649 45.9262992352 45.531876922 46.3186008821 45.3108667051 45.7225045152 61.4230288574 61.5885919143 45.2900105994 73.4390186586 63.6365866549 73.4390186586 45.3243769162 45.4672458127 46.1368183839 45.6456897973 45.4767827944 45.5721016434 45.7322883569 45.6092134411 46.2435380838 45.1472249793 45.4633676117 45.5644212406 46.0719373911 46.0967629769 45.2872052303 45.7367870512 45.8907604634 46.1705337645 45.3939653704 46.046923481 45.8192529143 45.0797165289 45.522149057
45.1634522682 45.448235549 45.8821589662 45.0042258427 45.8576114313 45.100492968 45.5394223269 45.076558144 45.0014482043 45.6239275786 46.2873144385 84.1099948058 45.8855582617 75.386568284 45.6245717172 76.9954812018 93.2835986505 45.3014392956 45.8655154068 64.9379494128 46.2049126124 64.8216558125 45.1947596645 45.7174233052 45.4260043977 46.1871758421 45.0423369101 45.9815585573 45.6362104917 45.1927699964 45.2389738498 46.2237153473 63.6365866549 63.6365866549 45.5480860813 46.2642774764 46.1769020339 45.8684430069 46.0289975604 45.5308633365 45.0391362159 45.3334002571 46.1315284877 46.140950992 45.4277480198 45.39181717 46.2726398598 45.1461880187 45.9771768172 45.0293479487 45.3460001147 45.401394054 45.0377338211 46.1048645162 46.2546101098 46.3159371471 46.0734104998
45.9260103139 45.9846315227 46.2811117505 45.098965935 45.6860520179 46.1505199337 46.1964672175 45.1956104018 45.438806082 46.1384226783 45.602121795 45.0498225468 45.8021121543 45.6942973129 45.4823858478 45.398494983 46.1603900928 46.1459002999 45.3184360145 45.0621256456 45.8868879502 46.2273908933 45.7813519088 45.4114754688 45.1555184499 45.4214607946 45.8814734287 45.1535810574 46.0946377008 45.6284432679 45.9775467048 63.6365866549 63.6365866549 63.6365866549 46.3296633533 45.0897630557 45.2382182869 45.8890465055 45.3081133716 46.0991865936 46.1520256169 45.120408745 45.2931658288 45.3568559175 45.7937437391 45.6537519046 45.5201337227 45.6888849404 46.2017416081 45.4147526618 45.2885669606 45.3061161281 45.116064801 45.142457109 45.7671601396 45.6064413123 45.1315406862
46.2650059544 45.9490394138 45.2624510633 45.6290454813 45.3166478533 46.2418061718 45.8281086309 45.7787296679 45.5804182954 45.6681272055 46.3472885668 45.4721650182 46.325403166 45.8745838947 45.3343802084 46.3351877298 45.5155498434 45.3994794713 46.2756074962 46.2303291182 46.1626677934 45.8263174037 46.2928277804 46.0271827937 45.252352161 45.2651555661 45.2924720048 45.1846836376 45.9250022891 45.3130527523 45.3318179444 46.2036933917 45.0326071615 46.1766626425 46.2443523967 45.1674431211 45.7847999759 46.1468430972 45.8857902963 45.7304138379 46.1963112054 45.6099455547 46.3861239952 45.8693566997 46.1895612531 45.8495418623 45.7567805238 45.4665979333 45.1380731721 46.3808638742 45.1279814227 46.3059541466 45.4766229959 45.2857835995 45.0404911599 45.7914523601 45.3002081039
45.7455649861 45.7847223306 45.3835570905 45.1798164998 45.1834883535 45.2996898064 46.2857697286 46.1846397464 45.0638052616 46.3771737665 46.1638503174 46.3652265753 45.3109815319 46.148690949 45.1940600299 45.3467520388 46.2745675448 46.2079686535 46.144964094 46.2525703187 45.5766614171 74.8559472104 45.7950877701 46.3467863451 46.0432282701 46.0310029712 46.2679668911 46.3052690225 45.87285917 45.7471156761 45.1430106981 45.7176814404 45.1356604094 45.0509959699 45.5294171585 45.4664742772 46.0231985153 46.4007687601 45.9595890721 46.3541080507 45.3857357133 45.6469350893 45.153872246 45.796761161 46.3066921723 45.5115423042 46.3447720552 46.2134650982 45.6373396699 45.9511422461 46.3644341856 46.0371956447 46.1010635965 45.5158202903 46.2627559092 45.2632854855 45.5114050577
46.2163294528 46.3699445485 45.0807892544 45.9841854624 45.5100694866 45.408520487 45.962273185 46.3824708855 45.2661413209 45.3276340875 45.429907255 45.7396563943 46.1928348044 45.2507995163 45.868353657 46.1127208604 45.4812607907 45.233196758 45.0232595053 74.7898507346 49.9080185656 74.7898507346 46.0415798154 45.0857187926 45.7692689221 45.6250780769 45.3733294008 46.280058391 45.0302453165 46.3469179603 46.0289666103 46.1246830019 45.0274196912 45.1068858268 46.2818039113 45.2660896074 45.1880075739 45.7724679952 45.331746184 45.867548935 45.3580230931 46.2669762576 45.2213190556 45.7947931184 45.3679339617 45.6255923378 45.6253789086 46.1774769417 45.8927454109 46.405834986 46.1786185474 45.3110220585 46.3202641395 45.3983407015 46.2822185525 45.7113336481 46.1155475746
