Spatial_Output/DEC/DEC_0688.asc
NCOLS 155
NROWS 192
XLLCORNER 196307.867259
YLLCORNER 449144.565805
CELLSIZE 33.573938
NODATA_VALUE NaN
[rows 78 to 103 of 192, columns 57 to 113 of 155]
27.2171909365 27.7656449665 28.4440271727 25.584547018 27.2546075788 25.8414569657 25.0636023729 25.9919877107 28.8810283729 53.0703927927 60.0657932168 60.0657932168 26.4074619715 57.1728270109 25.1472893461 26.3949601077 27.816236889 26.5895417492 26.3896043577 28.0303593663 27.7119768074 26.9365745711 28.6479167675 25.7149079027 26.4634676902 25.5731876738 27.4379221195 25.4409194477 28.3812653721 29.0537418443 27.1336559345 26.3984786031 25.5810239896 25.1937266042 25.0694163068 25.2098066087 26.6671717237 28.8535325648 25.2339061582 25.6382379247 26.5778612818 28.1100467975 59.2105127133 46.8600357787 25.3683497913 25.6957984847 25.6244144935 27.4096290616 25.881685344 28.7508493995 25.823955956 26.367318693 25.923420249 28.5292315768 25.2381626804 59.3053348103 59.3053348103
45.2674854331 25.4771295708 26.8601141646 25.6101765039 28.3194750532 27.867754488 27.0922930432 57.7666771767 28.4013560374 53.0703927927 60.0657932168 60.0657932168 60.0657932168 27.4544760304 28.3353846048 27.7860904755 26.181005528 28.2162408387 25.5842564785 25.9291897677 28.5347910437 27.9209127729 25.8127890273 28.0387224325 26.2149798856 28.7185383298 26.3211881029 25.783802738 27.8887480504 27.7529489442 26.4416010578 27.9413209719 25.2339022689 26.471852187 25.4254964736 29.2424659039 29.0402096337 26.0800793482 26.7720685273 26.4770827387 26.7865519049 26.8195635855 27.0450719032 27.4625916374 28.2957117534 25.9487177442 27.5681803646 25.4470324489 28.2480188231 26.6510915342 28.6978245316 26.5903772954 29.193764578 25.7043959361 28.855304234 25.5118732578 59.3053348103
27.4226449359 28.8931575725 27.5663687124 28.3833828512 29.1874467269 28.9904727453 27.6115528965 57.7666771767 57.7666771767 27.5030486951 27.5120888596 26.1787773014 27.1314950135 26.8221085309 29.0782683422 28.2089430319 25.5053620306 25.6925245752 28.6455755018 28.0151649643 26.7408181545 28.9067349569 27.5331785963 28.4928535488 29.0247221691 28.2944438536 25.7417824459 28.3984527437 25.3390260957 29.0139084656 26.5857956729 25.3837224381 26.2586166473 25.0435549942 27.6094231358 27.2570187672 27.7654853186 28.1792452054 25.2429638013 28.5822309404 28.9515609628 25.3642188417 28.8276017826 28.7546965167 27.1997286234 29.2234330279 27.9922854024 27.3767230435 28.2726184086 25.2772301483 28.2067957356 27.8435974362 28.4660230048 27.7973216739 28.1091803089 26.4118962741 27.6304333064
28.2763189185 25.1504253444 27.2795435006 28.2388451771 25.8232278275 25.5745368795 26.1346452656 57.7666771767 73.628236854 28.4840854653 26.6215215588 28.491986325 26.6649901954 25.0411483335 25.2133385813 27.0129149087 27.1965218782 27.7174466114 27.4747074426 28.4525592726 26.8780203892 28.1844032789 27.8048769564 26.2268252779 26.7996326795 27.9753556154 25.9336385789 28.2558104802 25.7132479348 28.0979448856 26.6942613271 26.1614595033 26.8076430536 25.7476826602 25.2268310745 27.9823893689 28.7817442031 26.8585310355 25.088969145 26.4625647801 27.498594071 27.248238834 27.6296898093 28.4608761552 26.6181617577 26.9969122873 25.0124710211 26.0700592687 28.8762984014 27.889291124 26.7245457847 27.2945651979 28.3861515636 25.5738983942 27.9527995424 25.5315662546 28.0078353772
25.0309109928 27.3658545845 26.5056470817 27.8370808652 28.3129413677 28.1314845058 75.0930328862 26.6056552181 25.3252504428 29.0200811467 28.875849662 26.2072870945 26.9133225394 27.5298034549 25.2255041979 28.9546410341 25.5227955886 25.5724115715 27.2005900295 25.7470638369 28.4040234846 28.4586472139 26.9132754519 26.3619502157 28.395374953 25.4856064233 27.8278891463 29.0672498897 26.2815660839 26.1818812628 27.7204181974 25.5714026715 25.8274782858 27.7697287231 28.4920384577 28.7150242027 25.3971895486 27.0647026294 27.6691791474 28.1008611049 28.9436150551 26.2497426697 29.0298920816 27.0006759944 27.2806520416 57.5577194578 49.7321327684 28.1668312414 29.2376489027 27.5470140504 27.6055217152 26.262324681 28.5582368276 27.4684878659 26.2485508297 27.0614464476 26.6136843274
25.6995636559 27.1573536805 26.1665503277 26.2006643299 28.2634120591 29.1820792543 27.0822134367 29.1596770356 28.2308394465 29.2393436623 26.2791762611 28.6508553529 25.4626161646 28.2390706833 28.5990681431 26.3815389632 28.7283419805 26.3635275619 28.209980672 26.1016665843 28.2645732074 28.8347124276 25.5981157012 25.7557361657 25.0356849964 25.2738382517 25.5783686893 26.1192214781 26.270050881 26.1309826079 27.7085638207 28.2308661804 26.829270448 29.1571424975 27.3914542205 27.6999478084 28.8121369539 26.0623292756 27.5328301436 27.7864621153 28.057560579 28.7357183671 25.2977446222 25.187558708 28.9280715152 49.7321327684 49.7321327684 28.4423731086 28.8926392481 27.9296457149 28.9254250145 27.5996148123 25.1382894026 26.6851177422 25.6649520362 28.6670503527 27.4543685032
25.5193171119 27.2396424585 28.2417621198 25.2127904262 27.1221493464 29.1911379347 26.9931823664 25.1059244759 26.0850983529 26.0153534181 27.0744778901 26.0026437192 25.3139192574 26.6218666151 25.3453353044 25.9687785969 28.1317235106 27.9029649332 25.1822568621 26.9045964656 28.3755295401 26.6438892425 25.3862521716 28.5805398206 28.2438340473 26.0207723017 26.2655571223 26.5525322929 28.188174471 26.7025549327 27.4678787297 28.2607334744 27.6011196242 28.9505925161 25.4493166607 26.4499575003 27.9827111983 25.2482790994 27.7200771217 27.0194343843 28.6970528161 28.1072158577 29.1656088103 26.4819207088 28.614793255 49.7321327684 49.7321327684 25.8437000341 27.7024398105 25.9878290822 26.2529457244 26.2386243603 25.2619111725 26.7358013195 25.3928848372 25.3244954574 25.0947691362
26.869739716 28.7261396212 25.5675844105 26.1646164592 28.4050108255 29.1186227617 28.3956834008 26.5905534294 27.66472237 29.1571506869 25.3503246944 25.3294722802 27.5422530167 25.1432609716 27.7229021031 27.5953126995 26.481875874 26.1105850459 27.9941609215 25.0414576965 26.9677414233 27.7018450776 25.7286664802 26.9460447422 28.7091575065 25.8973245644 28.0298602303 27.1310896087 25.6986767169 25.6411005703 25.8818861567 29.1726919009 25.8105394977 25.4762605724 26.7233791895 28.040552634 25.9857243661 27.1964670294 28.1752621972 26.5155623036 25.555562965 28.5095842623 25.5298507809 28.5826903656 25.16838043 58.1051236649 45.3524086047 58.1051236649 26.3126545191 29.2018125991 28.7823970162 29.175057278 26.5367176247 27.4554096027 28.7640267297 27.2850131313 28.8174722521
28.9728153606 28.1100435572 26.6020873123 26.7512620823 25.6222158775 25.6418538529 25.4046692986 26.3148870006 26.5214856265 27.2419655238 26.6449848366 27.2379586027 28.1850216779 27.0799596409 26.5898775328 26.2876282776 26.0591013156 28.7238152813 27.4238976882 27.8614285423 28.8880715253 26.8911354763 26.7148570881 27.2064177882 28.2269317795 25.7843416161 27.2815448836 25.9897608204 26.2618104296 25.2834113773 28.4921706941 27.5952560804 25.166752022 27.3017719396 28.028505652 29.0669298635 26.491169199 26.9081859836 26.6083189096 27.4246535442 27.6487785481 28.8548953059 26.9771239669 28.2454731264 28.8279897667 45.3524086047 59.2373289912 59.2373289912 25.3722031464 48.6566499101 26.5220901908 57.214688133 28.7084319498 29.1399372984 28.886249389 26.0046183258 25.7899351268
27.2268080025 25.3174408763 28.5657534455 28.1746782151 27.5271040282 25.929850981 26.919833032 25.0812251038 27.6106739443 26.7205280675 27.4958636432 28.6316907889 26.5250962816 28.4627880204 26.572992467 27.4650341052 28.9770358239 28.1134738323 25.2162852357 28.6627236243 28.4096590443 25.5643284188 26.8061417242 26.5886830461 26.6499096538 28.7579776637 27.8691442482 28.3528158575 26.8538709415 26.9895350983 25.8330982377 26.965710308 28.6956175709 26.0008993509 25.3571421407 26.7023185061 25.5096717767 27.2846726704 25.2703015525 29.1206211171 28.7049944251 29.2215308912 27.4228168729 25.8149693425 27.9555436401 59.2373289912 59.2373289912 59.2373289912 48.6566499101 48.6566499101 53.9498135659 27.458630531 25.2024461832 28.2657273232 26.8402297079 25.2110658926 26.1293056571
26.7955224056 28.4230896885 27.2930430774 28.0598486302 28.8027297727 27.4402223469 27.6372794696 25.5309760546 29.2154892495 29.2029026746 28.3318199794 25.4037771504 26.8531354955 27.1617753046 25.7729815988 26.0370590209 27.9697223256 26.5445027982 27.2420630272 25.3883270826 26.5948434253 28.8489383062 27.0409703003 25.8261098881 25.0671494152 27.7940183935 28.4236746615 26.9681436254 28.4568877302 26.4686067264 26.2141603619 25.7305781498 28.1157730229 26.8207530542 26.0010819451 28.3481326749 25.9086637035 28.2737601177 25.015170233 25.0648703665 26.1250101784 26.120547045 28.8835721295 27.163390034 27.0755327813 63.4896252911 27.6064841434 63.4896252911 48.6566499101 48.6566499101 26.2903792378 57.214688133 25.7901330393 25.4241433756 25.2864100805 28.5683074492 27.1227360782
29.0829015541 27.8383935298 25.9241898595 26.4073859114 25.4252857014 27.8296781861 27.6297159115 27.3531410292 28.986855493 25.2768178494 28.9474552847 28.2672141742 26.3660035889 25.2637972658 27.7289271178 25.3483732871 27.6771434349 27.7168144855 25.6893066748 26.7657045044 25.2465328183 29.0778699376 27.2100636207 27.2706114842 25.6013885424 28.7533183079 28.7013156743 28.6176779234 26.4678702629 27.6253636979 28.8551153878 26.2294858376 27.3794797331 26.6146510583 26.1396352731 26.7803231957 28.6373623486 29.2129133356 25.4972349388 25.4138086498 25.1322368525 27.5932707621 27.0953343476 28.1733607847 26.8905543796 28.0827370127 63.4896252911 63.4896252911 28.826865146 25.7315195981 25.7797809748 26.8786799601 25.504527318 28.8241372437 26.5062333759 25.7671430928 26.2246340289
25.2603394986 27.6635248453 27.0346104346 25.7181363334 27.1852503377 27.9390457002 28.1310712715 26.5098092495 25.3848785944 28.7456894942 29.1509611443 26.9505047627 27.1689630092 27.8200844455 25.8988700877 25.4425221946 26.7708559592 26.4343313927 25.5225728522 26.909265667 25.9428060853 26.0549615488 28.9637813927 26.8739000535 27.9438656133 25.4494190089 25.2197133372 25.969341959 25.43602226 26.2250701796 28.0823849254 28.912628138 27.5810417609 28.5414012023 25.816033351 28.6570998295 26.2276485766 27.0864973008 28.3336493967 27.3292896764 26.6238332887 25.5043110421 26.1504445581 27.2984924848 25.7364340323 26.0007932377 25.9259144801 28.8685458259 26.4302635081 28.3856478322 26.986105109 28.1314788507 26.2748296584 27.0009798423 28.3501575681 29.2098702797 25.8037905061
25.2518544019 25.9482222459 28.90701579 28.2841322168 28.7420810416 26.2604510492 25.5321885882 25.2639211624 26.0936270054 28.7518743406 27.7753187576 27.762391183 25.7718872638 25.6717208766 26.5382956002 28.7973654653 28.9246036526 25.0824925287 27.4433481626 27.7639971246 26.1002371878 27.9151114206 25.8854647043 25.5804279821 26.7635606507 26.0063518087 26.914373281 25.105763185 28.4979115992 27.6482496406 27.6435950062 28.5086718708 28.7076021868 27.7176489995 29.0345226404 27.5378644915 28.0870875135 25.0421505322 28.8343993176 27.7343578728 27.1256409962 25.2707280095 27.1407164031 27.9438553089 27.079043417 26.9747600401 28.3784078103 25.8162038201 25.7029585253 28.5643521408 28.4595033412 25.9218955638 28.8468641691 25.6280079855 28.7093660062 28.2112740954 28.8405739603
27.9144534111 28.728747672 26.2899060188 26.9361952201 28.9988958038 25.169855537 25.0021109891 28.9301314518 26.4593285414 25.8122477071 26.9437610533 26.6321631631 25.5289916762 26.3386116407 26.9353295466 25.6714437136 26.1819428009 26.6137267724 26.7657910816 28.5777628135 27.1072708788 26.6569587826 25.6887629572 28.2726267834 27.8153597838 28.0471121818 27.2061006111 25.0157661452 26.3455367053 29.0460433622 28.0845719727 28.6401013137 26.703743254 28.5404293903 27.5825618355 26.0643331898 27.1326814277 28.3076538723 28.6571427066 26.4719079267 28.2608507135 28.0909791668 25.4993796118 29.0673261548 27.4966519671 27.683178305 26.4630131087 28.8033013908 27.4570281418 28.8293057535 27.8951271394 27.93162318 25.4716131384 26.599839727 27.3006943525 28.3307643952 25.4551026031
27.5565318819 26.351017879 25.3971216032 26.9285192754 25.4681064168 27.3156665625 26.3373244616 26.0937180207 26.1314224989 28.9193387635 28.809187667 25.5723627785 26.030201608 26.7495179172 28.5223909366 27.0168575699 28.2473259856 27.6495509168 28.5317936309 26.2366071692 25.7395622551 25.3057070438 25.3859434958 26.866191625 28.8191273144 28.1404483056 27.1867835222 25.9590447321 28.4543430582 28.5676859992 28.7133436515 27.0203191222 27.291633023 25.1079474866 27.1271871381 28.1125514031 25.5019879842 27.4018611616 25.7659966705 26.7085862835 27.8287278694 28.3163948895 25.4980508455 27.9046462298 25.7451272751 27.8759282584 25.7282676821 29.1160227264 25.559105648 26.055544026 26.961351532 28.0811049461 26.0589293057 27.385470129 25.2941333315 27.6219892847 25.8977396376
26.996298857 27.9595698733 28.3886002362 28.5193195997 28.6425764328 27.6187609897 26.1163104208 26.8796277823 26.7331893439 27.2087935277 27.7263679828 28.5592388038 25.3362927692 25.0486196825 29.1331906633 28.5819055425 25.2884590359 28.9191371684 25.3848355965 28.3683578973 27.9517010291 25.4175549885 28.0082621282 27.4117906548 25.8606303496 27.9801702668 25.5672133585 27.607465918 27.9233865674 27.6168509643 27.9340887283 28.6164617797 26.9056555804 26.5782310039 27.2781475857 27.6731355653 28.6473779294 25.9343047683 27.5206247678 28.7938119339 27.5989095401 27.6460720846 27.8610451107 28.242141994 26.9670044882 27.6487575251 28.7363021179 27.6219139447 25.9625799928 28.468522376 26.7804349266 28.9095710532 28.6716102357 25.5261784962 27.376928748 25.5191377389 29.1650750645
27.2262858226 27.2891621892 26.7509112498 26.5091826094 26.1260136351 25.9290175612 27.3002947224 26.1462493931 25.6893603344 27.2719462689 25.2175919547 28.412704373 27.443646502 28.7190206475 27.2160799919 27.9436933464 25.8352439293 28.5862153053 27.4635814426 27.2495429507 25.4184909909 28.1563899267 27.7768949238 28.9965145016 28.3849123472 29.1330498025 25.8014782251 25.1501270936 26.7308643477 26.6456904837 29.0000825228 25.7756184849 25.9925779129 25.9423402466 28.9295745189 28.8922511309 25.4026984052 26.9420355744 25.9750429977 28.1826485617 26.3089917062 28.9477574356 27.5127198386 25.2365365333 27.808184543 25.3334259526 26.8772014143 25.9799837733 27.7565860387 27.1338731221 25.54618132 27.2992348876 26.0129138918 26.340231559 28.5122820841 28.32707295 54.8124198798
28.9263678382 25.1826050138 28.5208138994 28.006744936 28.2103208812 28.8789367952 27.8585612565 28.5427493818 25.9740838925 28.1702623682 60.4271778997 27.6265235839 25.8344536041 26.8426269872 25.2779387485 27.1244979499 61.9206075153 41.448273836 27.8944939399 26.4403508889 28.665974837 43.8347697559 26.7306369598 25.9164153553 60.3594953143 26.7459324937 63.454051917 27.7602403398 28.3682150654 25.8684573638 26.7635022277 29.1958603458 25.6017527903 27.8596849507 28.0110977892 26.911110063 25.388104503 27.0838981848 28.9483325873 28.6477908671 27.6770221564 28.8830218536 27.9530698629 28.6840095355 25.333517052 28.2944415316 28.4438483547 27.0817844549 28.5104853107 29.0057451085 25.9150130743 27.9382734168 29.2340093672 25.302019593 25.486498746 25.3242983532 27.184569286
51.9869803626 51.9869803626 27.2944156397 57.8680220541 57.5605757475 68.6707842323 68.6707842323 29.141531535 28.3185000694 25.0052905017 25.0472148619 26.051263799 47.8442110027 49.9983703577 49.9983703577 61.9206075153 61.9206075153 41.448273836 41.448273836 51.5030053222 26.7574322716 28.0962191608 26.620367956 26.1226288291 60.3594953143 63.454051917 63.454051917 29.1800242516 29.1664903995 26.9835881414 25.0567858451 27.7359641494 26.7103912382 25.1916361562 27.8636541191 28.7936495599 27.2451072558 25.4869679242 26.6688811387 27.2831238649 28.561599335 28.555550641 25.7121106065 29.2158449795 28.7838327344 28.5747825403 25.4105507485 25.203944876 26.8714640462 25.3693374746 25.3576933352 25.418505321 28.1031208833 26.9771192458 29.228823148 28.976279806 26.407852798
51.9869803626 51.9869803626 57.8680220541 57.8680220541 57.8680220541 57.5605757475 68.6707842323 25.1929069092 26.676436299 28.2925849085 60.4271778997 57.5632748052 47.8442110027 49.9983703577 49.9983703577 61.9206075153 61.9206075153 41.448273836 28.5623544026 28.4457055807 27.0957888851 27.5880832043 28.0560138263 60.3594953143 26.8819730275 63.454051917 63.454051917 27.2221910877 27.38006686 27.2722996709 25.2254607056 27.5052290643 27.8863759822 25.667315414 27.6940598466 28.053040751 29.1460216183 26.2833302412 26.4636363364 27.9231395658 26.9332773338 26.5351310852 26.3744825444 27.6589326584 28.0083713774 27.4529263778 28.973834841 26.3351696585 26.5852737925 27.8269876233 26.2034568256 28.203461717 27.4301909354 26.0124849213 25.6313462291 27.7146944042 28.9512040467
25.6388982111 26.9984617453 26.2989205883 57.8680220541 28.0172722811 68.6707842323 27.8590464807 37.9046748381 37.9046748381 28.1199733188 25.4631808851 26.4346568879 63.400144735 25.5296844422 27.4803375796 48.6242282192 61.9206075153 25.8201998609 28.0223843858 26.6401382328 28.4377119744 29.148729568 26.9714793806 28.6828869576 26.4501721991 26.4380169436 26.2300981225 27.8658674452 25.1843801835 26.1694896614 27.1107777652 27.3600474941 26.8408154272 28.3126949729 27.593712577 27.2199038891 26.2190464078 27.2151227441 27.6828436201 25.8147373751 28.3902552389 25.9875866452 28.9342670104 25.1758165016 26.4189196604 27.8461587698 28.828246953 28.1963692762 26.2245695867 25.4523191459 27.9010577299 28.8162427025 25.2176891069 28.3887697792 25.2275526086 25.8991913446 26.6908677273
28.9103381533 26.1394539878 27.5779755184 26.448968765 29.0779458778 27.0675219938 26.2751534902 41.4831879369 28.4148095593 41.4831879369 25.3398256614 26.6559304223 27.9753113925 28.9260573513 28.0706091991 26.9466634886 28.8505862944 27.101694634 28.4589273889 26.9449495455 26.2794789259 28.2654118255 26.7721775512 26.0117635464 28.5952052321 27.9426268275 29.1289584135 25.2616053761 26.4150327314 28.2592426261 26.1914809636 26.7375362794 26.2479680077 26.2373758609 25.7290854358 26.110713433 28.21839993 25.1581960704 25.7379018876 26.9038820164 28.0744291175 28.4530156036 25.7752388556 28.9286129169 26.9721984799 27.8866796236 28.0577442455 28.1299313883 28.0755617261 28.3335375342 25.1031528031 29.0768122833 25.098390286 27.0234865446 25.3594690639 25.9717381901 25.1830291803
26.8305670381 27.4638226423 27.4931493372 27.6039993088 27.0486066171 26.1298423097 25.9499972919 25.2793110728 27.3629745287 27.0225693121 25.7604084276 25.6385726805 28.5743464644 27.77535446 28.4159066074 26.4673407211 26.7092499329 28.9901013926 28.4299932525 25.2353090592 25.1574243489 28.5315668874 25.8519129096 27.3993888004 25.1233498557 27.7378246873 25.7749292041 28.8888958314 26.8144655976 25.5176831024 25.7795828413 25.0169173269 27.479881694 28.8974577313 25.5871099048 26.2051186134 27.6180629078 25.688713433 26.7433301201 28.9911248758 26.7422250193 27.4799920162 25.7022409921 25.670331966 28.9847426637 25.5922818351 28.5894765068 28.4939654409 25.7633930739 27.4691186421 27.9760636818 26.4247044766 26.3480221821 28.717973098 28.6578631468 28.931789539 25.9932644311
28.7842246886 26.8032943954 28.2805512134 26.728520204 28.1436709796 25.1793982778 26.0584600611 27.5925200632 27.3871479655 28.3420592776 26.1742335493 27.6586926903 26.9437607453 28.1553293637 28.9901100221 26.0248260302 28.1546010423 28.1324802712 27.6831793157 57.218148183 57.218148183 57.218148183 27.0904225711 25.3861087477 27.3751153472 26.5142159329 25.89154696 29.2314229524 28.4451549567 28.8818032968 27.2607440563 27.1736721385 25.9784356977 26.6980632162 28.9991234185 25.7729309945 27.7844755796 28.8910883918 25.5214698797 26.2345283811 28.9820302657 25.8386463551 25.1397525284 28.1416186546 27.3602942493 28.442015671 28.4721091282 25.0183391169 28.546846427 27.2756164018 26.4906279086 26.2797020625 28.4183740376 26.6546137395 26.9405026277 26.1854808221 28.2341609644
27.7607178455 27.4210541363 29.0370059865 27.7000859253 27.3910563225 26.0570081495 61.5264056065 25.5069686147 26.8709530448 26.4289764066 25.8615291007 42.8382689759 43.5111021417 43.5111021417 27.675995792 29.1719083051 27.4915051549 25.1791007993 25.2001523805 57.218148183 57.218148183 25.1921175113 25.7119312259 25.6477782554 29.0717628108 28.2511241632 28.9383986253 28.8850280506 27.2291789801 27.7127273139 28.1090767975 27.5071668053 26.31881447 25.8990387786 28.2737476551 26.1409320165 28.7540537382 25.4182318169 26.9995910185 26.7756685539 26.6802830972 29.0438898557 29.1412808016 25.0014606921 28.4363142981 28.9815905804 57.5846950508 57.5846950508 57.5846950508 25.14759325 25.0690317215 26.1798311006 25.5492896253 28.9735003584 28.0565512149 28.6400592529 28.4624182256
