Spatial_Output/DEC/DEC_0506.asc
NCOLS 155
NROWS 192
XLLCORNER 196307.867259
YLLCORNER 449144.565805
CELLSIZE 33.573938
NODATA_VALUE NaN
[rows 52 to 77 of 192, columns 0 to 56 of 155]
28.1042537506 27.1161887474 27.8605680217 27.2661954814 27.4290143843 28.2977691396 27.4173478702 28.4073919347 27.5983710273 27.2195209221 27.3396580551 27.6689011376 28.3282072516 27.368862851 27.8795285604 28.3740642553 27.0950968104 28.1018682238 28.3504133254 27.8141099783 27.8625840447 27.1975813869 27.5220441271 27.530914124 27.0720157661 27.3583993332 27.1143043831 27.1535596082 28.4083512196 27.9582635127 27.0686752131 27.4489710584 27.5922012419 27.0063138015 28.14958521 28.1267998711 28.0586381803 27.5688084951 27.0493581013 28.2941117802 27.6974698991 27.6701932941 28.3594976215 28.1040854736 27.9294459081 27.9656862349 27.6544014978 27.8101337602 27.892692314 27.3048972029 27.8739294632 28.0096418026 27.3922407561 28.2465155768 28.2454023795 27.7800531715 27.4528876526
27.9706626392 27.1494495416 27.9037794512 28.2183359047 27.9232637357 27.3498274246 27.2326621385 28.271599564 27.7313488623 27.5535948066 28.2755552756 27.333259781 27.611913845 27.7503286955 27.2323056091 28.2348623898 28.1145014371 27.062878013 27.174939532 27.1306565305 27.4064948904 27.2797392221 28.3743414871 28.3573070908 28.2980176346 28.1284090384 27.9281593423 27.7271904961 27.6003934362 27.7770819549 28.2013941326 27.6325239052 28.3238094602 28.1567563508 27.0481009489 27.5590220611 28.0185376502 28.3096040752 27.579721743 27.5282125897 27.7126579387 27.4873869638 27.0000026586 28.1775576188 27.8377302957 27.6072602734 28.3458542173 28.2032490398 28.2612639942 28.2469046103 28.1239530098 27.6939898214 28.392649497 27.5309770855 27.5541087529 28.1118840469 28.2250756937
27.5929417557 28.1809612702 27.7370683602 27.8864319134 27.7540853607 28.3608400231 27.9317235599 27.2546813107 27.4172006521 28.0592997128 28.1121772742 27.3338512513 28.074871112 27.7083332007 28.0661796791 27.2510950688 27.5351731358 28.1775083192 28.3852188047 27.5095877171 27.8296243619 27.6604924881 27.783792439 27.9278486959 27.1415986713 27.946192842 27.477907921 27.8700601373 27.3737933114 27.9080025972 27.8769130371 27.6364573715 27.5491359398 27.6973669607 27.6539638701 27.7164070943 27.6070667956 27.2491955647 27.9930372842 27.1008248186 27.240992001 28.2606941501 28.3766890123 27.2602167639 28.0036839347 27.1953784167 27.9978687964 27.7825141879 28.028463467 27.918632953 27.3228876739 28.149258758 27.5689552091 27.2693785249 27.5290952557 28.3980703094 27.34300326
0 27.3845727858 27.0572820171 27.0073656317 28.0112588768 28.1268251248 27.2398201926 28.1065419096 27.0728432753 27.0037327216 27.5917915663 27.6794295252 27.6210518801 27.9729593149 27.9698586007 28.0028206943 28.245908851 27.5592362386 27.6171607083 27.9081526337 28.2650559424 27.777695345 28.162198882 27.1314808592 27.2631034017 27.8494565356 27.8882773829 28.0949174522 27.9135969675 27.0316281321 27.7764751605 27.3410425366 28.2621632042 27.4820171183 27.8464789956 28.2391047536 27.2480064924 27.2496221831 27.7184419399 27.150289322 27.2132147108 28.1523603461 28.3576812862 27.6879758135 28.1122983007 28.3116650807 27.3642626492 27.7363928873 28.0412127044 28.0981716053 28.3711319469 27.7156844435 28.1381249361 27.6926550274 27.1494489861 27.560222548 27.6510987561
0 0 27.0525921523 27.3226846801 28.1592888789 27.093785361 27.863288711 27.3632246783 27.8411460785 27.703065346 27.7210303091 27.1982339053 28.1987326442 28.2384401965 27.6366304525 27.8541061717 27.1956410324 27.6990780467 27.7211372818 27.2378539737 27.1274470792 27.3196758222 28.387611778 27.0329493689 27.3758440891 27.3015088713 28.2891329714 27.9289979314 28.0676268733 27.7255773987 28.247586014 27.5272052073 27.8671792057 27.1799057567 27.6211377462 27.9434651792 28.1529144931 28.1796931651 27.1166046057 27.2655578737 27.149387771 27.0870784001 28.243721063 28.139874855 27.6783483411 28.0200355812 27.2262832301 27.5721231835 28.1704436514 27.9896794033 27.0461453181 27.86033387 27.6938948394 27.7054156028 27.6693283577 27.004584794 27.6128018696
0 0 0 28.2666258045 27.6870536187 28.0186845075 27.8340776339 27.8845912269 27.6206065738 28.3595505725 27.0142864102 27.7416809213 27.5339284798 27.5171044158 27.5638678117 27.8776931748 27.8124043723 28.1099340063 27.1458050178 27.1493522652 27.3605610316 27.7153024109 27.6048752537 27.8987065357 28.3720791972 28.357310598 28.0719010339 27.9338296812 27.9001308076 27.2764566614 27.2792829012 27.1808054785 28.18814503 28.3139736675 27.4700354673 27.0574959623 27.1275514222 27.7142146826 28.3381834795 27.2778625511 27.7802145889 27.1487439733 28.1222142919 27.7269965519 28.2424326637 27.2569131518 27.5817296256 28.303139846 27.6575796633 27.996336289 27.7876669495 27.7321289517 27.555048463 27.0516690769 27.1786070753 27.9611747731 28.3788686058
0 0 0 0 27.6250831862 27.953146343 27.9464842061 27.3031784118 28.086601973 27.1307168788 27.501370059 27.0962432579 28.2618624251 27.2762928745 27.7325851651 28.2719174653 28.1067299906 27.3882881555 27.3895674983 27.2916975611 27.0192639129 27.3040754085 27.5119301038 27.9543364616 27.1407236136 27.4297529408 27.0097473765 28.3622671154 27.8655343704 28.3665974161 27.3812960065 27.4981120379 27.5616607396 27.7510568864 28.2255607204 27.8215715295 27.2027790218 27.8813701846 27.6024130544 28.0724954216 27.1140405324 28.0830644177 27.7449327098 27.1124167619 27.9113740184 28.1092042904 27.1556544042 27.4513392467 27.7565402122 27.7657480193 27.2927349967 27.2763170498 27.0238235977 27.2226318757 28.2879113122 27.9262294821 28.033853101
0 0 0 0 28.0557686248 27.9877457529 27.1757524994 27.3129465085 27.6303500443 27.9735592557 27.8298847118 27.8665044221 27.5912774391 28.2098357618 27.1346401545 28.402790093 28.1137358857 27.9855295994 28.3962509109 27.6038456511 27.8789391998 27.4189219722 27.6773680707 28.0053048811 27.0150934074 27.1345705573 28.1165397803 27.4786038464 28.1205249409 28.3676502975 27.9881368819 28.164128787 27.9028984515 28.340248013 27.3570160783 28.117721903 27.0959098096 27.5975994894 27.05364316 27.1755760456 28.2347369145 27.2860222891 28.2761752056 27.6313693873 28.2344388471 28.3688518778 28.01536607 27.6038461897 28.2392631761 27.5250773133 27.7932504034 27.7649538159 27.9125105386 27.2688671265 28.2867872206 28.1161148822 27.5976307031
0 0 0 0 0 28.0265938068 27.4638743534 28.1671452496 27.5078580258 27.7651284103 27.0097941401 27.0895550625 27.7810240586 28.1901165025 27.2115107231 27.1469238639 27.119764469 27.3019886357 27.4018420242 27.5221296604 28.2764789657 28.343731057 27.2918111489 27.3180767471 28.1362312645 27.5152859611 28.3205611142 27.2155300791 27.9521841614 27.0341737246 27.6794935908 28.1059335329 27.3607442486 27.5956196564 27.6795760474 27.7269590283 28.2978342394 27.0340131431 27.7771217723 27.7542282992 27.0036656839 27.0952482794 28.3901214256 27.4296613187 28.1095143405 27.4978532981 28.2997557454 28.2381466239 27.9440145356 28.0335847398 27.0902296736 27.7084105183 28.3785015137 27.8312599634 27.8720927648 27.4494183214 28.2912583466
0 0 0 0 0 28.238983234 27.5343374551 27.6168718075 27.3391051954 27.3487825663 27.8947657636 28.248436398 27.3707908301 27.6308860102 27.4159863049 28.1252029842 27.7483067814 27.9768020617 28.1621230663 27.998216824 27.0225273016 27.5447900106 27.2403996828 27.9916709282 28.1930041475 27.4060219133 28.2261748157 27.4200523585 27.2888894947 27.2854916573 27.3795426765 27.599898336 27.9498931481 27.8561296704 28.3309226119 28.1433126141 27.905921749 27.4619574089 27.5637638145 28.3732762192 28.257649393 28.2459596652 27.1262146486 28.3696333224 27.2418969262 27.2049381855 27.7396479633 27.408429121 27.530176151 27.7006956637 27.2771612092 27.7322530407 27.7852513593 27.3905328573 28.3776203234 27.822426144 27.837865737
0 0 0 0 0 27.724518839 27.8131938203 27.0498458939 28.4018237501 27.2585651767 28.3138947157 27.0442713628 28.1229226727 27.0198132907 27.7211656298 28.3441819733 27.0768681042 28.0651801791 27.3651222715 28.2726511862 27.400993345 27.9759337817 27.0813403889 27.1843091653 27.7920795381 28.2664136358 27.5929676416 27.1606248536 27.9796992617 28.1724824334 27.1774485339 27.186209624 27.5290068181 27.1617952589 28.4071091568 27.7883771434 27.6716741557 28.251974816 27.8377912135 27.9921332605 27.0338253413 27.2893151423 27.3959829295 27.3392672971 27.9168198653 28.4053127339 28.3886329388 28.3197283188 27.9250312495 27.7875203806 28.262159503 28.3940263164 27.9542802027 28.1135653431 28.2058538177 27.9390736001 27.5588934515
0 0 0 0 0 0 27.2889788954 27.6354343731 27.0067544606 28.0863536733 28.141383585 28.1277870905 27.1833118786 27.5693672788 27.2778962777 27.8631940983 27.1617464025 27.9103635074 27.2911793883 27.693084307 27.3784335293 27.1157454684 27.9794490055 27.6304404337 27.8158152939 28.0089763185 28.0113046359 28.3577335337 27.4094137902 28.0269688816 27.690820721 28.0306594333 28.1864829828 28.1576035702 27.7059173332 28.1215555772 27.9994824552 28.0498708723 27.3426822201 27.1006405641 28.0204317984 27.8598221339 27.2288847577 27.7026112611 27.1136046516 28.3277106444 27.2309859568 28.1805260613 27.952739863 27.920545121 27.0549873833 28.3077928505 27.2330332604 27.8524689922 27.0868895484 27.5129746652 28.1848494274
0 0 0 0 0 0 0 27.4514907664 27.0739628811 27.5892094478 27.4708318902 27.7423395303 27.442880115 27.9695891296 27.1867674741 27.9730987929 27.579764401 28.1313397755 27.2879006844 28.2736584759 27.1277263437 27.7485553655 27.3507461121 27.5229335293 27.8473006832 27.1011523465 27.7508230271 27.301108687 27.234026108 28.1264282017 27.459003147 28.3361982177 27.5113318537 27.09087457 28.3393660905 27.9432693076 28.1371347669 28.1936783231 27.7924767078 27.4797156293 28.1403270981 27.7709521753 27.3316153248 27.4216515672 27.9596647534 28.2346173317 28.0416550617 27.8859901782 28.164300388 27.1562561436 27.7677339663 28.4052627818 28.4058593221 27.5109715954 28.2403358816 27.9895337531 27.7928240109
0 0 0 0 0 0 0 0 27.2519506813 27.2912754128 28.3691044712 27.7415762456 28.1798516717 28.0195769228 27.4525956787 27.011034334 27.3698606845 28.1500921564 27.9896306789 27.6580206489 27.4709734434 27.1277681789 27.5998385094 27.4673442784 27.9649132955 28.1678180071 27.9903495878 27.8229152648 27.1613570916 27.6152040154 27.6513818481 28.168589144 27.4818760389 28.159865212 27.0985108317 27.1482315686 27.2546608676 27.1783582283 28.0732721433 28.3240771043 27.3972762515 27.1526438153 28.0811031122 27.3267793382 27.749666803 27.1708140181 27.1601868048 27.2679968911 27.7959063991 27.9410523978 28.2995892032 27.0355611702 28.1937324063 27.236253755 27.4298187031 27.7810764038 27.6586920463
0 0 0 0 0 0 0 0 0 0 27.9097106467 28.3371168938 27.2039306313 27.9733839906 27.1517029053 27.8370066698 28.122798185 27.3717030677 28.2523639083 27.6873585073 27.1080160162 28.3032652557 27.5590022559 27.0151167503 27.4994562749 27.7640594848 28.1734272167 27.803702019 27.3565753347 27.7774878681 27.915593653 28.0931799088 27.8837853651 27.8864359572 28.3214486695 28.0875616648 27.6567159508 27.9220017748 27.7254260886 27.3709478429 28.2152506644 28.3286055337 27.906080018 27.5971597152 27.0865218385 27.5671061605 28.1720586058 27.8250451727 28.1873608874 28.2732124632 27.5123540712 27.4909676162 28.1232154171 27.8577505375 28.147898533 27.2254066822 27.6280041482
0 0 0 0 0 0 0 0 0 0 0 27.406911647 27.1950245045 27.2075006766 27.9150162613 27.5733269024 28.2668806211 28.3197621154 28.2787904139 27.1212661657 28.2066628787 28.1477750538 27.9185309126 27.8486783196 27.8101284829 28.3975258408 27.6217249043 27.0589221006 27.4748454575 27.2143149146 27.307502682 27.6066983095 27.7404605939 27.3608634934 27.2626084984 27.6020692915 27.4352494786 27.6367564103 28.1604217321 28.1784765286 27.3206080135 27.8463477497 27.2674600712 27.0123537672 28.0110713853 28.3237197655 27.9050110004 27.7911874698 27.7359862245 27.2742097937 27.9178953351 27.9642229405 27.7828273668 27.9807098763 27.6960645916 27.1830500315 28.3805724709
0 0 0 0 0 0 0 0 0 28.2551327942 27.8558958525 28.2055198776 28.1722761539 27.9775671646 28.1014231056 27.6066315416 28.2724398033 28.3292001186 27.6666569081 27.1175129951 27.7820162794 27.6858984615 27.8831221462 28.0957782577 27.0088138617 28.0334975784 27.4230408119 28.2097195503 27.6370070358 27.6872831854 27.0203106098 27.2811294741 28.3102562955 27.9700336304 28.137747733 27.2909414933 28.28000979 28.1019797947 27.4965722262 28.3786101907 27.4667011217 27.1919794668 27.9467153644 27.0134084148 28.1242255376 27.8350133768 27.5914636367 27.1594822334 27.7355627257 27.3605338743 27.2684882967 27.7168574917 27.9532363569 28.2388157674 27.8175381947 28.3418111698 27.9965684793
0 0 0 0 0 0 0 0 0 28.0620966521 27.0718465164 28.3322556669 28.1861638617 27.819586939 27.7829870215 27.270959027 27.1192206888 28.1046039623 27.5608025944 27.5742260541 27.0690364577 27.8831666964 27.990078595 27.2038548008 27.1770207508 28.0273871596 27.7270058828 28.3675998289 28.1899030383 27.1271414269 27.5850439624 27.6686444796 28.3722507119 27.8083201094 28.0877687692 28.3015761765 27.1295299278 27.8531809608 27.2524417717 27.9210963656 27.0763582211 27.094655497 28.0523096295 27.6254171145 27.0459063361 27.8352311218 27.0142978612 27.7896824302 27.0412252355 28.0230944452 27.2413464079 27.8323605606 28.0855081338 27.4434137079 28.1612573567 27.6569894051 27.9739946846
0 0 0 0 0 0 0 0 0 28.3703844736 27.3850720559 28.3118848334 28.1547561219 27.7148191116 27.271505648 27.9712262843 27.2538945097 27.8471516373 27.062163789 28.1090534788 27.7712891405 27.0593809954 27.7643005248 28.1875433778 28.1138654507 27.2768479272 28.306626426 27.1378346708 27.1860838713 27.2034579622 28.1366204995 28.3232098977 27.784482776 28.1868048689 27.6631454325 28.105384665 27.413263023 28.3922650606 27.4092614685 28.1454237089 28.0852797092 27.4277298809 28.2286937832 27.9162568077 27.1800936003 28.3691337407 28.2645695185 27.124607719 27.3032448537 27.4911490396 27.7022221276 27.420258977 27.2867578794 27.7119553992 28.1588915603 28.0971370205 28.2232930887
0 0 0 0 0 0 0 0 0 27.2898860679 28.1115579835 28.3487766452 28.3964383929 28.3994527544 27.5586302965 27.7892317679 27.0557861867 28.2663766874 27.2472617309 27.7168271849 27.1919158304 28.2026400724 28.2992953206 27.2590882357 27.8533314292 27.2892560238 28.0965236494 28.1330398779 27.1048213714 27.5023746541 27.0033355396 28.3375889721 28.2362792897 27.5104539665 28.3874244011 28.1684198876 28.0646823444 28.3706974241 27.5120667071 27.5296116831 27.424726976 28.3809440789 27.9206925143 27.5056085423 27.3554092122 28.115156264 27.215441577 28.2105765088 27.6878781614 27.3228769745 27.1453996037 28.2686113669 27.4619052391 27.4411948042 28.0189601054 28.1442580953 27.8744585002
0 0 0 0 0 0 0 0 0 27.4195008158 27.9297182233 27.395607217 27.0369192656 28.0090536492 27.4274300036 27.3112154604 28.3612237502 27.6819663846 27.761776598 27.747316688 27.5947906398 27.3422779993 27.4210935054 27.9385243624 27.4238618433 27.1456778824 27.9416206611 28.1088010433 28.2455497917 27.3182770194 28.0140741503 28.2018810901 27.0090323797 28.2154897761 27.7035608301 28.2495011671 27.092546379 27.1437708763 27.8948571749 27.4358337996 27.7277445273 27.5282262943 27.2254748132 27.8678517504 27.1955880607 27.672765681 28.3313523226 27.5661638039 28.1684960247 27.444093831 28.0283709551 27.3265223345 27.6851125392 28.3932510115 28.4035288549 27.345656218 28.0379954409
0 0 0 0 0 0 0 0 0 27.9625705391 27.2378796488 28.2351147181 28.0178140785 27.8043134904 27.9325340119 27.3180756753 27.6513009626 27.2827131994 27.887188256 27.4472191047 27.8988892008 27.8877558827 27.7531730743 27.6824411916 28.235973393 27.1412424305 27.5024312797 28.0583461639 27.3573369034 28.1204444279 28.0215116351 27.5646904921 28.2121613639 28.2862271418 27.3340365005 28.0831014174 27.2633121118 28.0397348206 27.803002348 27.2017362284 27.2452792911 28.1994511173 27.9287860805 27.0230362045 27.625433301 27.8257721709 27.3931073297 27.9016259005 27.3478287544 27.3040427301 27.2023493167 27.8120543347 27.9210740118 27.2999974596 28.1810695284 28.2824639821 28.1725733357
0 0 0 0 0 0 0 0 0 0 28.0103274005 27.8856647889 28.412594305 28.1194182549 27.2774256305 27.0302509393 27.6522689447 27.7504328727 27.7991760313 27.9982653686 27.6285878973 28.1337097857 27.7920579405 27.683239277 27.6275909856 27.4681929754 27.950779067 27.4049785347 27.1104607713 27.4531223831 27.9996217586 28.4132506253 27.111409945 28.2707066596 27.2188062687 27.5081705432 27.6278260907 27.8610821645 28.0683356641 28.3646377324 27.434566042 27.9210776558 27.7239163167 27.7949634693 28.2967037108 27.2982148832 28.1038275136 28.0386302126 27.0106167086 28.2041469453 27.7504184486 27.0187922246 28.0144981135 27.3380027902 27.2134424321 27.1450216208 27.5757094779
0 0 0 0 0 0 0 0 0 0 0 0 27.1462288355 27.0567859228 28.3117322978 28.2442939999 27.0558683067 27.4754839886 27.01153169 27.4886311779 27.8967599456 28.2700250984 27.2544634126 27.3168411284 28.0468042853 27.5358054419 27.433666446 27.5087126905 28.2127995129 27.4275515133 28.2379781043 28.1977865468 27.5315607009 27.5380312843 28.3990511732 27.1580873577 27.2030398245 27.4570801594 27.6656077838 27.5161471599 28.1265635932 28.1528044001 27.3160065317 27.7666647796 27.0165561922 28.2590509656 27.8430456899 28.1309022106 27.6620547347 27.6569612353 27.6296339189 27.5029169902 27.7136280823 28.2058629098 28.1147294778 27.2623740682 27.1113938171
0 0 0 0 0 0 0 0 0 0 0 0 27.6517377808 28.013686798 28.2965487972 27.4382087906 27.3950012353 27.0086155145 27.3703220045 27.1034680208 27.1523946388 28.1518463637 27.9973474689 27.1925146041 27.3248013777 27.9437340104 27.3360265449 27.0471380579 28.2938087618 27.1953204859 27.5032951587 27.8674119086 27.2135807592 28.2610251556 28.3818935013 27.5817008826 27.1872059169 27.0014778838 27.9961689016 27.2449026432 27.9357988855 27.0152995484 27.0157387968 27.0931783665 28.2111254881 27.3616423074 28.3962198339 28.2565907467 27.9648759301 28.2454162957 27.7067419566 27.5500249818 27.6629271506 27.1174880893 28.2095383356 27.3668877403 27.5899294999
0 0 0 0 0 0 0 0 0 0 0 0 27.337337375 27.046673135 27.6638118442 27.9512485565 28.1328909848 27.8713135937 28.2367327177 27.1437506554 28.3106066852 28.1637702767 28.1698205559 27.8296220054 27.1976453652 27.7955988556 27.4117485096 28.3641907234 27.4154928373 27.2013486249 27.9780137356 27.466235983 27.5317695948 27.5096979724 27.9469032172 27.3515793859 27.9765274546 27.4584714277 27.1649113306 27.9004207763 27.5835632623 28.128199922 27.7676781522 27.7319560279 27.981048442 27.3065142103 28.2781118144 28.1104093335 28.3285690043 28.0313973506 27.8266788086 28.0512095377 27.6401712652 28.0545994517 28.1887432386 27.2960399996 27.1637601522
