Spatial_Output/DEC/DEC_0707.asc
NCOLS 155
NROWS 192
XLLCORNER 196307.867259
YLLCORNER 449144.565805
CELLSIZE 33.573938
NODATA_VALUE NaN
[rows 52 to 77 of 192, columns 57 to 113 of 155]
28.1594757419 25.3833332227 28.079330385 27.6053216252 25.2317873371 27.1266025618 26.9625109105 25.7911215774 26.9091051105 26.3191625504 28.8098952565 28.8195156264 25.0648916479 27.7571919779 27.7530084459 26.648998128 25.532532212 25.2142004391 26.9435560231 26.8767658649 25.8971276672 27.4115563183 27.621458322 28.7768381326 27.153143039 26.9534914057 27.2141431836 28.4705875984 27.6686149007 25.1032427099 29.0921287593 26.755837041 27.991303492 28.6394513382 25.6768432649 26.457770031 27.4259737972 27.7867231269 28.1048736604 29.1649804173 25.9588940185 27.7318940906 28.0421694288 28.1110338487 25.3047839507 26.2652335792 28.1733781366 28.8924015934 25.6543334169 28.5678028111 25.5489965585 25.4932954929 27.9910899113 27.2331386666 28.6869684745 26.751490976 26.6733328908
28.2003856869 27.2647111672 28.093752168 28.6720455661 29.2145852692 27.2214187171 25.2006071556 28.2373759892 25.0886453444 25.6814698578 29.0488970206 27.4310536019 27.562400564 25.0874235348 27.4717725242 27.9400281258 25.3923203327 26.3723700363 28.5265745476 27.533037998 28.9989480697 28.2956419053 28.0848071217 26.5761625763 25.0310083442 28.8785733114 26.2034405804 25.4337185647 26.5197104604 28.4963169318 26.484231723 26.8172138582 26.4976570228 28.8317277607 26.3383855957 26.7432839628 28.5267713022 28.5059845879 25.9101431489 25.5687354807 26.8607888389 28.0518528946 26.5479905063 27.5953475519 28.398486012 28.688584369 26.490203233 28.1805374491 27.16817551 25.857949354 27.0712890492 27.2883438194 44.8602074702 25.3689947951 27.1678160317 26.5482950818 26.3666673827
29.0983922803 28.2314206387 25.7280649215 25.2177337696 26.3889137137 28.916369168 25.3285997488 26.3379462908 28.1841537605 25.0605397854 26.1282742355 28.5818044924 28.3429301773 25.2481904183 26.9485467963 29.022078463 25.1615649927 27.4246719383 25.429383632 26.1697051513 27.7543004743 25.1167105868 25.4096296045 27.4893742558 26.1844178171 29.0405630266 26.3491348617 25.0139441746 29.1680860755 26.603865091 29.0054746888 25.1456775243 28.9428925232 28.8748233556 26.9654595665 25.2441355687 26.4405303376 27.5247649618 25.7388960356 26.1182196756 26.7686551635 25.5665528204 29.0543026081 27.8359250224 25.6257161598 26.468547187 26.9797807081 27.4225818234 28.1386062672 27.0903360542 26.2702834052 27.2212025657 29.1349108316 25.2888506234 26.88209647 25.8870791713 25.0628365222
25.7094439244 27.1824831846 25.7296847392 28.1274839199 26.5031999217 27.3282648437 27.8877795587 26.4504192729 27.7304633336 28.0050833762 26.818161207 28.860499209 26.9004197834 26.4526685254 28.3769741777 27.610085709 28.3028431273 25.1352001691 26.7475709812 28.0323494758 28.7446790611 28.9448165196 27.5560240913 25.5570787985 26.81302165 26.4784332007 28.4365024565 25.9075120939 27.7756663297 27.7134369567 28.861759259 27.7642048554 27.8856081879 27.2684852603 27.4369503255 26.1323421508 26.9709030148 27.7883118408 25.1085476249 28.3890592601 25.7565242787 27.4763851736 28.0181539668 25.3014279471 28.7717857964 26.5626512242 28.4922054726 26.2896622356 26.2220026621 47.1641166322 47.1641166322 26.8685482988 25.0085125087 26.8712874338 26.3655973389 26.2436000736 26.7203203452
26.9632446915 28.0673843786 27.9673225601 28.8406118787 27.1257213529 26.9599877691 29.1832694292 27.4041519605 28.1404481412 25.8392978879 27.731506891 28.5525302784 29.150127109 26.1850310243 28.7561615853 27.4900638474 28.0504204692 26.374577314 26.6412388042 27.0233711476 25.889420475 28.5442287703 29.1828080475 25.0465671756 28.4207710914 25.2976724704 28.9271764094 25.5386449583 28.1982953309 28.4542477275 26.7935639347 29.0733640558 25.5032733146 26.5532538818 28.3615133497 28.8703582296 27.5251370468 25.2334050326 29.2243201391 27.4708803506 28.7614488295 27.4178949289 27.547075456 27.7273995267 28.6299632214 27.3220544862 26.7397538295 26.9664790976 25.5216330988 47.1641166322 47.1641166322 26.1253759323 25.1004063958 25.8670909856 27.6411033161 25.9414105225 28.2114424895
28.4836831148 25.4250798155 26.1605773816 26.5277730853 27.277635638 26.7429280331 29.2079775039 27.1399021638 27.6402744711 28.5199142941 28.420459397 29.1410944444 28.2241255391 27.7185868659 28.4063810081 28.4538084289 25.2268109274 26.7267106243 26.7220813195 27.1409309755 27.4197105473 26.1700417269 28.8760637437 28.3175129385 26.0956701533 26.3447527654 25.0526717132 25.2869620328 28.5940297227 25.4380967298 25.5261879595 28.1724134511 26.0533321437 28.3607442821 25.6912226967 28.7643712113 25.9853890639 25.57885594 27.2272131749 27.7759164353 27.3746363562 27.1573522476 27.0758873565 27.6435402785 25.210090155 28.4455904004 27.0242133344 62.2389922374 26.0189159924 27.6932733713 25.1270461829 28.8095692142 28.5817671847 27.4159156191 26.4920304432 27.0468608795 28.4395963872
26.2661667843 25.9191080468 27.9732288276 28.7006535554 26.6480336401 25.1043094689 26.8745750816 25.6394630139 28.2569366768 28.4971798147 28.4392756983 28.4810960279 27.3776148734 25.2492256942 27.2931294965 27.8888870285 27.8121459897 25.3679104809 27.9309750148 27.9186014047 28.9247976882 28.5670377197 28.7654858283 27.4371345677 28.5200632999 28.0978473358 25.8455072223 26.889109516 28.7960136703 28.7195583638 28.8145362191 27.9048388202 26.8419033703 26.1636769933 28.3069887532 27.7242792011 27.3186913811 28.8173241675 28.242638463 25.5977181224 26.9402552632 26.879782911 26.246777927 25.972821338 26.9389425517 27.8425840112 64.0528724256 25.7864112517 62.2389922374 25.1631506852 28.6632687654 26.0222497184 27.4564367682 25.8499083623 28.1445284922 25.2208969373 25.8415073831
27.0821687616 28.1818705294 26.4133683634 25.5825269419 27.4910128702 27.8915790759 27.44128753 27.3186486158 28.9463332259 25.3527545581 28.2100522914 26.1643696247 25.0240211352 27.1943330362 29.1268175751 27.7577133605 28.5484886807 28.3450800814 25.7270320931 28.8862512461 26.5781990599 28.5445167449 28.7795192965 25.3786339533 26.5314493107 26.6088438086 28.5735444041 25.7126824919 26.3202553794 25.0096959872 28.1990305707 28.3226936812 25.3769620902 25.3300983077 25.1485618377 26.7891842078 28.1644638682 26.4700726363 28.745891381 25.3604741691 27.6888085616 27.3758138751 28.8770875037 27.3467127209 28.3946396501 28.5532371674 27.0504978304 29.0594576562 28.9493557088 27.2378922221 26.6042666466 27.1446206001 27.5727380961 27.3392438453 28.9974787133 27.8856293769 26.1120767771
27.1153563455 25.7520153338 26.2127287602 27.7875652168 26.6176391461 27.9108110504 27.1870487477 28.1263146182 26.3753248464 27.9570079735 25.4288868537 27.0291069764 27.7966050239 29.0936909651 25.2931815231 26.7956218012 25.7885827946 25.6150103218 25.5756044565 26.3365463352 26.5381398052 27.9869881682 27.82951802 28.5244694232 27.7915644585 26.163254551 27.1534541565 26.0544180613 25.0982383444 26.8700186528 25.4389384349 25.366686919 27.1058022454 27.5374388333 25.8534147162 28.3161225134 25.7899192717 26.1667412207 25.8876740336 27.4945015744 27.4939554361 28.5009099024 28.6877881375 26.0593810731 26.4791637589 27.4170357701 28.1868396188 25.6766045115 26.952707687 25.809456867 25.8518970595 28.6697652887 25.3019802869 26.9958059394 25.745917813 25.6184634583 28.4418389084
29.1452325242 25.1727836129 28.9096685744 28.4656775757 26.5984389622 26.0562114892 26.7141664306 25.0092191642 27.8160631309 27.3495348295 28.5441024627 25.4975094839 28.1141989431 27.9951788218 28.0657969048 25.132109574 27.833808935 29.0245107843 28.3545239041 25.1209286332 29.2252542138 26.3812457997 25.5269229472 25.1731551423 28.9411661255 28.8439286011 26.1233087527 26.3423692399 26.5985016208 25.7312379921 29.2327797593 28.8074947424 25.0154114915 28.4607711074 25.656015634 29.170469364 27.2860551321 27.541727772 28.7735159114 28.0260573895 26.7432270344 28.4587830985 25.7880589041 28.3413534721 27.6053757252 26.9552364754 29.0224444778 28.8404065411 28.081554459 25.5279471109 25.1894300493 28.7179455061 27.614092179 26.9020966678 25.6056956661 27.2722899503 26.5557194296
27.8490584534 28.2277519021 28.5460051276 26.249841551 25.656771248 28.394483608 27.0554986786 26.3942973289 27.7310558858 27.9994444912 25.3938489561 26.0585485828 26.9293636601 26.1655171077 27.9427736323 27.5728588408 27.6176569849 27.7889449837 25.7535292103 25.5859137577 25.2687907192 25.9451754991 27.2206739016 28.026025382 27.3940257814 26.8182373043 27.1283944245 25.5929972616 28.5450138842 27.6478375008 26.83129789 25.94625755 26.9636779399 27.4121885026 27.410814037 26.1244653202 28.3838747218 26.0007057953 27.1127262147 25.5563409246 25.6524361886 25.9667229221 26.3778220879 26.6794747221 29.0015008724 26.3780694296 27.3811854911 27.1571973009 28.2902573189 25.0060785082 26.1351727676 26.8516387941 27.9417806488 26.1810331689 28.25979195 27.5336159005 27.1283353961
26.9107522654 28.9307659945 25.7174638535 26.9250597737 25.0406270521 28.7145068061 25.9532222342 25.0680585813 25.2145665863 26.758257187 25.1294886554 27.2194098439 25.2780959958 25.32281371 26.2096437778 27.4880024297 28.2996893551 26.5782503215 26.0760882154 28.1358205507 27.0819519077 29.2241590759 26.0037777898 25.8289932301 28.9643304854 26.1580493286 28.1616325698 29.0116310684 27.208861601 28.5558816122 28.176601304 27.3737800615 28.5469694455 28.5459128807 27.7738233501 28.7149625043 28.639419327 28.1047095303 25.6426017669 26.8513963321 27.2583543004 27.9202126717 26.3152051909 26.6658179867 28.8816428343 25.6568529933 28.6682678083 28.0214315191 28.2698537423 25.8398155935 27.7664754472 28.7556855421 27.0999212751 26.8082766041 27.0935333957 26.2683010308 28.6026149088
26.5139113861 27.4227657573 26.3240371972 25.4317963843 25.6463889145 29.1231466726 25.23998312 28.513615743 26.8886365859 26.260519991 28.8761679027 28.7269515437 27.3147492872 26.7604351226 25.1369602417 28.3602885497 28.2433379863 25.1477175771 25.8213419035 28.692429926 27.6425343473 26.6293333043 26.7944842005 27.5500513143 28.045829397 29.2128920545 27.6341936588 27.8735114382 25.5893145629 25.681396677 28.6190560666 27.1688023924 25.6032353777 26.2367646869 25.2157081358 27.7300713917 29.1048030288 26.9586924945 28.2974792194 28.4215697351 25.9343580926 26.7184594631 27.5853105651 26.5041529055 28.2735148129 28.4282173114 27.5661569617 28.2384684169 27.9444217527 25.7914323594 25.4266035385 28.433112008 25.949909503 26.7309991392 26.3010303482 25.9541206392 28.326012891
28.6249295266 29.2068062086 26.7733432988 26.8663046651 26.8971046672 28.4991120396 28.9259622404 25.2131141212 25.0569644983 28.6681827855 28.9465667813 26.9880205416 28.8844986329 26.3545831934 28.317741325 25.4583640682 28.9990454902 25.5532117704 27.2484536132 26.1706542542 28.1265817437 29.212856282 28.9457753325 28.2246584308 25.6985567826 25.8516800577 26.4735311729 26.4902532649 25.2034436978 25.7488241306 28.2917365054 27.4200405934 27.6263998127 25.67926088 25.8916133611 25.8536931098 27.5254204362 27.7823569444 28.5153544762 28.4357204951 25.3179323466 27.6061408422 25.8977981579 25.9650041607 27.1665167695 29.0874254925 25.4700015636 26.3666685562 25.491316734 25.1854157899 26.7714027778 25.2729100498 25.3949567805 25.939241605 28.5102999334 28.6285787244 27.6197295397
25.4035598827 28.6820241158 28.9199471055 26.5069887644 26.0884146139 25.3672613535 25.220392999 28.8025651522 28.1376571452 27.5256900514 27.1506125162 26.5775061752 26.5042840736 25.2187653555 25.5087196212 27.6255087529 25.734881172 27.4045000735 26.4955333361 27.6701687853 26.6263002901 27.8186433775 28.5047067488 25.9909846801 25.5072004329 27.913032535 27.1057657458 26.9464719736 26.1600326873 26.4557843361 26.5214502578 28.6012287889 28.2547464318 26.4010575287 26.603275751 25.6929168528 27.3707016363 26.6078260376 27.7516772413 27.1807169071 25.8320450691 25.621665299 25.133532569 26.7857221507 25.2192441104 28.7676517401 26.5178000415 25.9037953563 25.8094070161 28.5390003376 27.2891034719 27.1209516471 26.3313531033 28.8266580627 26.6122506107 26.4727478087 28.0002039205
27.8647312885 25.8083075545 27.5324577746 26.326390744 25.165669701 25.2744745647 25.7602003059 25.3067154936 27.9828133967 27.7660585505 26.4884828731 25.7976278597 26.7095913477 26.8089313568 27.9344262133 26.7908288522 25.5135697591 27.2129322614 27.7239611165 26.327058474 28.5612340238 27.9488963405 25.2267071523 25.4082116715 25.0711449633 28.1579628181 27.448588349 28.5725310376 28.8615404529 28.1154859378 27.0855565434 27.6191135079 26.0664963114 28.0383236365 27.7199332613 28.9449718497 29.1325382051 26.9516701011 25.6415397342 25.5486891266 25.8947276782 25.506081111 28.4801153294 27.8102426432 28.3537971527 26.8523267188 27.4192199344 25.6169391638 26.8311900531 27.9384342454 28.2226842738 25.8641448841 28.2943799486 25.9782721717 27.4385536834 28.8310248928 26.8430067896
25.7425845071 28.262769031 28.5646423573 26.8887722152 27.9296742298 25.5102247679 28.6255962492 27.4607263091 26.3889553103 25.6155751922 26.7465466451 26.1685621793 26.4730373495 26.9440092287 26.1284879058 25.7685674445 26.0233044301 25.9393629496 29.0685743803 25.5404315513 26.7360351236 28.3142782565 27.3387868471 28.3904461576 26.5913796787 25.3015719341 25.3830348962 27.1839713329 26.5132740457 25.8894096838 29.0897328155 28.5505068642 28.0969782493 26.0941602995 28.394895102 27.5446539995 25.0930899382 25.89111859 25.4691387629 26.0679603893 25.703501267 25.1512820597 25.1401858306 25.3408690438 52.3971996399 25.2958685769 27.1842792004 25.7211016156 28.2269522449 28.0359730053 27.0507664267 28.8189478739 27.7278445666 27.2220061048 28.9684068141 29.0816780927 27.4985144022
27.8023206544 28.233901233 26.4279189981 26.5359762584 28.7505923226 27.8817890241 25.4383149595 25.9113435574 28.6857795149 27.7048249856 26.3346350336 26.7177265585 28.1755861103 25.7966853431 28.6641448124 25.9643773391 28.2667302589 26.5946127228 26.391033036 26.8037530114 28.2612068993 28.4856948093 28.5146301002 25.9230581376 29.1145079644 25.5578763068 25.7975008428 25.4236061856 25.4446834209 26.5667179731 27.8251255449 25.1322476336 28.6845667479 25.8375837811 28.5345336987 28.7382781845 29.1325763029 25.0665979991 25.0968757799 27.1248764308 25.4767721794 28.6053545796 52.3971996399 52.3971996399 52.3971996399 27.5020059205 25.0916456444 26.92684205 26.3243876035 27.8056361134 28.6172469528 27.9989225692 27.4480022776 28.689927868 26.0358331079 27.4109462731 28.9660360283
28.9015127672 25.9873385937 28.1226280616 27.4841096346 25.7929922541 27.467869659 29.1979800328 27.8084615488 27.0430172973 26.7768499505 29.1766188763 26.6135813125 25.3476736424 27.8629398469 27.2090642985 25.6507798526 29.0207316199 29.1619808525 27.4021971077 25.8292709888 25.2690078345 26.7213645026 25.6114892982 27.5647078496 27.5029511554 27.5527896604 28.7731624581 27.7722176187 28.5385492571 27.4043228553 28.6543519082 28.0012795554 26.2443430967 26.4341222295 26.694112754 26.7854449019 27.4918452602 28.2603561249 28.542216007 26.0497949585 25.7301098739 25.3963936765 25.905316181 27.4978963166 52.3971996399 27.0739713746 27.3094317363 26.4521570667 27.8373352796 27.0504595927 26.6163294186 27.4624235745 28.9763589885 25.0042411435 27.5486859643 28.9440539545 25.6019431215
27.5112350003 27.8568295211 27.251874024 25.604884461 27.2872362158 25.8483155635 26.4474083542 27.6555581421 26.3713842118 25.7453016554 25.0903767649 27.273981947 25.7739985414 25.2076291297 28.2719343931 27.6831441303 27.3421564888 28.3912944386 28.206015375 27.1143837918 27.3175120226 25.4253679366 27.9027512394 25.6968752773 26.4229355057 28.9721449049 25.6408983782 28.5254259858 28.1568026979 28.1753388231 26.9856941647 27.7171993667 26.2443382496 27.1793721112 26.0633774625 25.4003097605 25.5322213151 26.5479590374 28.5971103166 27.4452192354 28.403606461 25.1567186392 25.3949274762 25.1321306734 39.1598834266 26.8552612279 29.1845045854 25.4111988665 25.4332613189 25.9835509331 25.5140564936 27.3150633908 28.4235225516 28.8688566279 27.8726480867 28.9433049601 27.0401556786
27.884059534 28.3826556009 26.3851549832 28.4337893618 25.0633621312 26.8580133825 27.8267726856 28.0830826248 25.2493948384 27.3411520828 28.9927648197 25.6107703108 28.5268481477 25.2143457545 28.8553576172 28.121586555 27.3286095691 25.5359559434 27.6158858961 25.4850467855 29.1973916513 27.7276878622 25.7324909499 27.3831215327 25.7075340833 28.853495811 25.0361139671 25.9754273344 25.7472806206 25.172436252 28.6900506267 50.2201693872 29.1144365008 27.6095261487 43.7257161542 43.7257161542 26.7564925284 26.5646257662 28.7771851794 27.0139662407 26.4111789102 28.710329915 27.2947617014 29.0521829985 56.5124380223 56.5124380223 40.8346058496 27.6934175452 25.83408098 26.6066657595 27.0318338377 27.8008746662 27.7874305341 26.8355621214 25.7411445665 27.7759106157 25.4212203616
25.955265312 25.2521428527 26.8728077589 28.0291815057 25.6422600039 27.4646806693 25.9207869762 27.7274949433 27.9443095181 27.6935846493 29.104143064 27.5349512981 26.4734983729 28.5842591177 28.5799539895 52.2372486477 27.0946374299 28.0582573337 26.6065376223 26.3288587397 28.0837872277 27.2002347908 29.1464225226 60.9129333956 60.9129333956 27.5224646931 28.5683671222 28.8864714991 26.7440115135 27.465030849 27.11629175 27.7078289644 50.2201693872 27.3237063185 43.7257161542 43.7257161542 41.7248360611 25.2015627103 26.6318936325 28.8672997872 27.2637179413 27.2364301815 26.3495123971 56.5124380223 56.5124380223 56.5124380223 26.6802816697 28.8416025079 27.794235076 28.4527429461 27.3753142083 27.3437219491 29.0392816593 26.7641764706 26.9050166622 26.0583808031 25.3259396486
26.580331275 27.9220890482 25.4931389412 27.4745754981 25.4460422727 26.0905003382 27.6496889801 27.2913056436 29.0849931711 28.1888947268 26.8318360129 29.122266116 25.1121279033 28.0531373733 27.21360049 52.2372486477 65.831393978 65.831393978 27.332422071 26.6910628002 28.6234435001 26.7706319052 29.2318503703 60.9129333956 60.9129333956 26.1624663169 26.4239423333 27.233357398 28.2589733447 28.8829028467 26.9661434198 26.4906562248 26.9972129121 54.2064840303 42.4331665212 43.7257161542 41.7248360611 27.9865452806 28.3663172221 25.4945357974 26.6692782896 26.6238906841 25.4742182348 28.9506567709 25.6858914018 26.3658498625 27.5673120255 28.5717827399 25.7135664164 29.0310639158 28.0910183489 25.1257499513 26.0462007746 27.2920303269 28.8075130869 26.8342670466 28.2033060444
28.0840288961 27.457267167 27.0319183328 26.4293073933 25.3030024215 28.2910366236 25.8908841165 26.5537152634 27.084665077 27.0282908747 29.0609507276 29.0862090819 25.8372337973 26.1910995822 25.6160925819 52.2372486477 26.7797451077 65.831393978 65.831393978 26.1694615682 28.9325940666 26.9973682169 26.448052431 60.9129333956 60.9129333956 25.9655197354 25.582573789 25.2692774698 25.0265752866 26.7464995664 25.1858565775 26.9785213535 26.0982690425 27.7799681753 25.8456980776 41.7248360611 28.3124412504 27.7773435527 45.8214705443 25.8464145482 26.7014318536 29.0599247645 26.026591413 27.9109623986 26.1866315105 28.6652082801 26.7990328068 27.193699994 26.8949800997 28.3141835201 28.0635123839 28.6520065779 28.6767918565 26.3912037368 27.0744744819 25.7788351194 26.7816990553
27.5823218124 28.6245926334 28.1524674225 25.1053293886 25.9272138559 25.3483177074 25.7656169991 26.7371545315 28.262439529 27.2686097674 25.8060619509 26.4610260103 28.2296585208 58.0210125133 25.9085175467 26.3537251711 66.9489345115 28.1939794826 28.2397757943 26.3132385188 27.4426951768 29.1579157259 26.6779703936 29.1023625678 26.3127015937 26.9006484147 25.4334085562 27.5824999426 28.0487469971 28.2321872564 28.0763884769 26.4580133641 27.7202583038 26.7508917869 26.6029596575 26.4784465904 27.5751330377 26.1307682736 28.3224057041 25.7935248191 46.3693057238 28.1469895488 26.3943264872 45.8415557455 28.071583615 25.4785761914 25.3228700546 28.215294111 27.1374013846 28.5701631862 26.8598471079 26.4991478112 28.8654386673 28.6111058896 26.7386231003 28.5758509947 28.9390302361
27.6488058109 26.7899400924 28.254022245 26.5496379914 26.7922181882 26.033521625 25.5611493737 28.8966851829 26.3382258803 25.6126406477 27.0319483546 28.4136133103 59.060426044 59.060426044 26.3256045276 28.9745257817 29.1311811272 28.026277834 29.111932154 27.8582734101 25.0633440391 25.586474837 27.3092875556 28.1410527406 27.6868704024 28.5549662623 25.6020918531 25.1735340161 27.6312265954 26.0279154372 28.4846553874 25.9996214516 26.5012183267 27.40989635 26.091008728 26.1005549439 29.0823934196 27.2858681765 25.8804940899 25.305943689 28.206936995 45.8415557455 45.8415557455 45.8415557455 27.4325714148 25.866617721 29.1552640325 27.0631706105 25.1995747138 29.0121880877 25.5336627282 28.6493614103 27.9512802471 26.2886357197 26.9306601198 26.4241443062 25.0965787834
