Spatial_Output/DEC/DEC_1066.asc
NCOLS 155
NROWS 192
XLLCORNER 196307.867259
YLLCORNER 449144.565805
CELLSIZE 33.573938
NODATA_VALUE NaN
[rows 78 to 103 of 192, columns 0 to 56 of 155]
0 0 0 0 0 0 0 0 0 0 0 0 0 23.099055168 22.6691091177 23.0364869216 23.1003718833 22.6244092481 22.597402451 22.7141947035 23.108862214 23.0952275188 22.8159558203 22.9663613538 22.8491984994 22.7557012767 22.9568321685 22.7675124262 22.8959717861 22.7229894669 22.5563162521 22.6564617084 23.1589519776 23.0386304782 23.1383008338 22.6459714035 22.6109593374 23.0928714563 23.2029990359 23.0719015588 22.8584465626 22.9337527866 23.0902233106 22.8926876556 23.0360586514 23.1712252278 22.911982755 22.6071337647 22.7130814377 22.7605678737 23.1731811217 22.7537576458 22.858143861 22.643945398 22.6744106208 22.5956554846 22.6194113254
0 0 0 0 0 0 0 0 0 0 0 0 0 22.966114638 23.1108964479 22.6710066003 23.1984702424 23.1665358356 23.0560326569 23.0153322083 23.1236910667 22.7997348485 23.1219518809 23.1045942607 23.0848926278 22.9257224268 23.122899842 22.9053707191 22.5545805196 22.6712653191 22.6835950932 22.8405122738 22.7886340783 22.6443321546 23.1147543912 22.7059893574 22.5369220563 22.561078616 22.7280386621 22.539842401 23.1137939507 22.6699932473 23.0366683231 22.6994877496 22.65813798 23.0067183321 22.9733050998 22.5201750245 22.6057653705 22.988519276 22.9182841391 23.1646376378 23.0247254096 22.5690577725 22.568684324 22.7764652717 22.8312768934
0 0 0 0 0 0 0 0 0 0 0 0 0 22.5466413281 22.5149377095 22.5540156212 23.1353481204 22.8040263343 23.1999521254 22.9795727428 22.5109658389 22.7131959705 22.6843447555 22.5406046435 23.079479148 22.7770209108 23.012855638 22.7889209779 22.8068085928 22.8823492188 22.8495811844 22.5416219667 23.0568162134 23.0839517062 23.1441515157 22.5229304297 22.6491901035 22.9073142469 23.0433629207 23.117195695 22.5761316298 22.8785459972 23.1444881809 22.7666132972 22.8668895029 22.7785307174 23.1764396178 22.5820501941 23.0963688207 23.111533152 22.7684631012 22.6003874157 23.178784262 22.758384684 22.7044602052 22.5811560077 22.58054806
0 0 0 0 0 0 0 0 0 0 0 0 0 0 22.7309744088 22.6649559557 22.7789436477 22.7232909773 22.624368444 22.7824813532 22.6098255681 23.1268800564 22.5723708225 22.7246909719 22.9844189185 22.9750391867 22.5642984493 23.1660203303 23.0097164128 22.5195894128 22.6350320293 22.8827271915 22.5764211169 22.8696312557 22.7054815971 22.8698333531 22.6534708048 23.0561697835 22.6450370528 23.2054065528 22.7389741834 22.87294961 23.2021458669 22.7166436509 22.9717038853 22.7291345875 23.1371328583 22.8412431307 22.5053744863 22.6006216304 22.7319593964 22.5854175938 22.7192318134 22.9575551771 22.749667986 22.7108531182 23.1287585692
0 0 0 0 0 0 0 0 0 0 0 0 0 0 22.7773894783 22.6444989806 23.1768176303 23.0589347828 22.9298020272 22.7436033068 23.1863086551 22.527806317 22.7258967874 22.9661460336 23.1026394769 22.5439415028 22.8937478179 22.8255768318 22.9948781653 22.794538913 22.7641965895 23.1130766815 23.0371998724 22.7209311201 22.550152166 22.7983195959 22.8380337312 23.0426134635 22.7854148259 23.1272976171 23.1239642233 22.9136237998 23.1865463127 23.1906306148 23.0193393122 22.7367710339 23.1987045846 23.2051678323 22.7126132383 23.0311113651 22.5191854972 23.1070736171 22.5474876935 22.9483522352 22.8474998345 23.0930800461 22.7487171264
0 0 0 0 0 0 0 0 0 0 0 0 0 0 22.5207465732 22.6952563875 22.6047516988 22.5542793336 23.0038015638 22.6191382475 22.7249331609 23.1347111362 22.9183251354 22.7031208744 23.1553609362 22.8793157636 23.1645759919 22.7329086685 22.829825911 22.9000468054 22.987464586 23.0315457364 22.794066757 22.640076724 22.6786342701 22.51358383 22.8608557216 22.948609041 23.0745180477 22.5760507535 23.0628337946 22.8548484442 22.6096899529 22.782208011 22.5458061576 22.6570145683 22.6028956113 22.7064292233 22.5755092461 22.7637427795 22.7871604926 22.5508474786 23.0303043198 22.5869720553 22.5616662922 22.7849225039 22.7252578991
0 0 0 0 0 0 0 0 0 0 0 0 0 0 22.9088043178 22.7489538459 22.8133935228 22.9308882011 22.7015811841 22.9628691929 22.9883186779 23.101094753 22.6007800761 22.5374637386 23.1304965891 22.7679966458 22.6453394798 22.8833255412 22.5663565708 22.6312489827 23.0014038682 23.0439246426 23.050342439 22.6987070881 23.1445958612 23.0402812433 22.9182227279 23.1140635591 22.7471488042 23.0186646034 22.6618098425 22.6130940054 22.7405456829 22.867989853 22.8758064825 22.9254170495 22.7859339048 23.0403877871 22.7012637296 22.7362582481 22.5035607089 23.056138647 23.0445055128 23.0378782333 22.572560252 23.0470922406 22.587867751
0 0 0 0 0 0 0 0 0 0 0 0 0 0 22.7015836921 23.1113858044 22.9057314507 22.7580471 22.8279624384 22.7745879376 23.0343851339 22.8133879504 22.7358179601 22.9463598927 22.5122769116 22.9097016084 23.1527006777 22.8048981134 22.8070563105 23.0485996132 22.5319421383 22.7511799012 23.189221361 22.6884615809 22.5460221976 22.9392670019 23.1586280503 22.9981684807 22.748322646 23.0238610119 22.9682254348 23.0660276166 23.1271157565 22.9807375193 23.0468615682 22.7199122726 22.8908252836 22.8280513943 23.0971618238 22.5959718214 22.9488395938 22.7446625473 22.9014639584 22.8040560934 22.5105706847 22.7881704325 22.7351730707
0 0 0 0 0 0 0 0 0 0 0 0 0 0 22.5799331222 22.7370466976 22.8165177845 22.6423321595 22.9883974147 22.6321799134 22.9344212234 23.1330528581 22.8092252884 23.0797789279 23.0554679652 22.5237960878 22.9271517781 22.6165337151 22.9629062607 22.5204821412 22.5898839787 23.1846216565 22.5111516138 22.6630173884 22.551194472 22.9017795784 22.968137775 22.8857269584 22.5678077958 22.6005940725 22.7950551096 22.9428955485 22.8374801969 22.6797685896 22.6713690313 23.0051224528 22.6233570832 22.5594452888 22.918572899 22.8065144324 22.7246511361 22.664199273 22.5355507886 23.0205105638 22.5436349143 22.8216785669 22.5050829414
0 0 0 0 0 0 0 0 0 0 0 0 0 0 0 22.5991469431 22.9807828899 22.7272511351 22.5936835503 22.8587559293 22.777224637 22.8834399038 22.506218893 22.9646101807 22.8235053849 22.896098001 22.6198339745 22.5781423382 22.5607275032 22.9210213963 22.7327507076 22.5328408896 22.9024244927 22.831560549 22.980697788 22.6441119661 22.6274040007 22.6194062212 22.8890791238 22.7315027005 23.1299901655 22.5577051593 22.7407728114 23.1941494692 23.0425566981 23.183245524 23.1894509105 23.1395065042 22.7750615477 22.5629281365 22.9601279299 23.0412556062 22.728719531 23.0720310282 22.7823768384 22.7124999263 22.5346586131
0 0 0 0 0 0 0 0 0 0 0 0 0 0 0 0 23.133216134 22.8051442675 22.9169005045 22.9885044561 22.8686863775 22.8945087113 23.0159646134 23.1079984213 22.9742272638 23.075194641 23.0055167496 23.0877839764 23.0037712048 22.6093739582 22.5630327976 22.5608975231 23.1440277596 22.8086076015 22.9644469292 22.9525880482 23.1326188382 23.0143289777 22.8938444502 22.7106101677 22.9303363712 23.0153798185 23.0557166386 22.9192719696 23.0035781251 22.8947755167 22.6643751126 23.0525111903 23.140365401 22.6854148384 22.5308471035 23.1195125961 22.7529393294 23.1937220851 22.8917392272 22.5621281455 22.8936913449
0 0 0 0 0 0 0 0 0 0 0 0 0 0 0 69.7571762143 20.3144227029 22.8745705917 22.5308588106 23.2050309563 22.965869681 22.9624613698 22.7706061625 22.6645995713 23.1263822497 23.0573275312 23.0305431357 23.206408308 22.7856954739 22.5885219685 22.8294216789 23.0007738441 22.9820944315 22.8575155055 22.7091054732 22.8946192485 23.0998438185 22.6219104394 22.5438038641 23.1327777205 22.6945497232 23.0750336078 22.5844596307 23.1078265283 22.9551813984 22.8732886689 23.0586347654 22.6893422158 23.0430892492 23.0791497729 23.0319763883 22.6439251858 22.7755387697 23.0597704837 22.6688794967 22.6062133248 22.8833157364
0 0 0 0 0 0 0 0 0 0 0 0 0 0 71.1128159093 71.1128159093 69.7571762143 0 22.913664699 22.5602480168 23.0864938399 22.8140668437 22.804904715 23.021334391 23.182680718 22.9536700761 23.0898703506 23.1861885308 23.1513850074 22.827940586 22.6743160254 22.9014917539 23.1577108184 22.9613890952 22.5084806997 23.0396467711 22.6763696574 23.1904844927 22.7736630642 22.74530895 22.714949996 23.086766581 22.9625771714 22.8030595236 22.9781222824 22.7929334007 22.6059241499 22.587614885 22.7292882468 23.0249003825 22.6212924855 22.5191226055 23.0323098126 23.1066893051 22.9185555264 23.1388717791 22.9285116402
0 0 0 0 0 0 0 0 0 0 0 0 0 0 71.1128159093 71.1128159093 0 0 0 22.8643773879 22.6798185626 22.5304348861 23.0885121217 22.720092823 22.9663710045 22.9494280143 23.1778215126 23.1379217153 23.1639680122 22.5832296531 22.8676584451 22.9738783489 23.0746459862 22.9235880544 22.8017321256 23.0335569134 22.8265763014 23.1886707658 22.870231381 22.9102388012 22.9135370222 22.969814213 22.7312738816 22.6308408007 22.848633271 23.0925045195 23.0940489017 22.8532270771 23.049983102 22.5222186647 23.1575796056 22.7541647593 22.5643028268 22.7239976305 22.6257036917 23.0276270678 22.7262527431
0 0 0 0 0 0 0 0 0 0 0 0 0 0 0 0 0 0 0 22.6769858907 22.6002287233 22.8930887203 22.8125915103 22.8923474631 22.5156187116 22.5560196379 22.6729513887 23.1456574022 22.9337878333 22.7109733186 22.8591477379 23.127605458 22.6528797177 23.1728443577 22.6650648334 22.8813548187 22.7627824854 22.930865407 22.6248633814 23.0776417958 22.8074376385 22.6403608314 22.7519001397 23.0454798361 22.5489898816 23.0102674773 23.1399166954 22.8080358886 22.8087151664 22.8020197156 23.1592907419 22.6267721476 22.5860240776 22.7559497976 22.7369732238 23.0937300544 23.0903735342
0 0 0 0 0 0 0 0 0 0 0 0 0 0 0 0 0 0 0 0 22.7647688539 22.8945608858 22.6094458057 23.058512309 22.7799036663 22.6933630235 22.6168006537 22.509663654 22.6946660354 22.9708182652 22.5330814596 22.6984683115 22.8085591757 22.9902015266 23.0384557966 22.9743063754 22.7218307383 23.1177381058 22.6883254119 22.6258036154 23.1645964594 23.121952942 23.1740508155 22.7444413249 22.7315510971 22.9194899907 22.9188743332 22.597628654 23.2031502691 23.1151592026 22.6888429727 22.833056756 22.850762804 23.0265754913 22.8170106731 22.9307602498 22.530904668
0 0 0 0 0 0 0 0 0 0 0 0 0 0 0 0 0 0 0 0 0 0 22.7733230759 22.7236383624 23.1816410727 22.706696548 22.9479785313 22.569835293 23.1125365379 22.9978428052 22.7054984669 22.7996574461 22.849699594 22.8891247765 22.9036666054 23.1937367122 23.1489978669 22.675692511 22.7806129275 23.1338154182 22.7456334511 23.0389864558 22.6063151739 22.6670216961 22.8582597764 22.8148237671 22.7486134636 23.0103205205 22.5632333321 23.1364885036 23.1641532983 23.1399707502 22.8413442844 23.1317086752 22.8273251867 22.8042249706 23.204655083
0 0 0 0 0 0 0 0 0 0 0 0 0 0 0 0 0 0 0 0 0 0 23.1613843058 22.5202644433 22.5872760245 22.9595069869 22.7249117921 22.6111729653 22.5094712345 22.9938821208 23.1234877039 22.6645840338 22.9042468983 23.1470141066 22.7431466158 23.153249418 22.6689157123 23.1119904409 23.1036438467 22.5131809657 22.7302087877 22.9136314101 22.8230264789 23.0822305416 23.0750494959 23.1421735792 22.6388417672 22.6636013583 22.7851313997 22.9622742127 22.6416321131 22.5387346017 22.7432002874 22.9567154812 22.8417187755 23.1804559111 23.1297641002
0 0 0 0 0 0 0 0 0 0 0 0 0 0 0 0 0 0 0 0 0 23.0300902231 22.6702080636 22.7400062311 23.1315809243 22.5039414807 22.7444738015 22.9136048776 22.7696762915 22.962610222 22.7005183945 22.7689006662 23.1825527403 23.0490982198 22.6538257391 23.0098911101 22.9033523975 23.1572127592 22.9068199024 23.1551797943 22.7788526759 22.7476698173 23.0368539418 23.1006139046 22.8924232285 22.989692443 22.9515996201 23.1584870151 23.1219877118 23.2061122239 23.0407610263 22.9026770945 22.7869066715 22.7912697164 22.7570425844 22.95557165 22.6034823557
0 0 0 0 0 0 0 0 0 0 0 0 0 0 0 0 0 0 0 0 22.6142026547 22.6968432042 23.1312206054 22.55251113 23.0246107637 23.1118214694 22.8450716418 23.1655446462 23.0330785599 22.5705130935 22.8677994059 23.0628200356 22.7503831178 23.1626708627 23.0517043301 22.7503011816 22.7822281441 22.7365531157 22.5121217762 22.6895931358 23.0060719443 22.7727717388 22.981068634 22.6045286579 23.0544871899 22.8262230312 22.6828440167 22.5284754379 22.8783386061 23.1901670446 22.5667301077 23.0087521116 22.7060250866 23.1390910939 22.7286971272 22.9503600629 22.6279507874
0 0 0 0 0 0 0 0 0 0 0 0 0 0 0 0 0 0 0 22.9089972473 22.9901941728 22.5481482318 22.9120294728 22.6631151604 23.0534388061 22.9335379588 22.8089999867 22.7700585153 22.8951210839 22.5880653318 22.6602283771 22.6826519641 22.7228212471 22.82536671 23.1174904685 22.569299975 22.8422012177 22.5518939112 22.9564828712 22.7647993163 22.9772977804 22.6938449695 22.8490359753 22.7465319064 23.0238712309 22.8461689267 22.5278836322 23.1900415953 22.6031820124 22.7540600873 23.0920374767 23.079033655 22.5809704642 22.7650994833 22.8506108945 23.1975097079 22.8571485805
0 0 0 0 0 0 0 0 0 0 0 0 0 0 0 0 0 0 0 0 23.0725195451 22.9476365735 22.5696361407 22.9096516834 22.5090569012 22.6997010016 22.7234253353 23.190019301 22.6394645509 22.8258233001 22.8753755282 22.6539631436 22.6650257026 22.5310758064 22.8135750849 22.745152902 23.0753398241 22.7999677664 22.5505539662 22.8881620658 22.9419670261 23.0427169407 22.9123431966 22.9722584841 22.5902009478 22.8595916694 22.834150207 22.7715233838 23.1176482931 22.6427092579 22.9235801502 22.9308866737 22.7145301437 22.905194514 23.0262414566 22.5252762631 23.1121501249
0 0 0 0 0 0 0 0 0 0 0 0 0 0 0 0 0 0 0 0 0 22.7077872551 23.0169468804 22.6966872355 22.9968457653 22.5008352679 22.7734949613 23.0483421723 22.8557194038 23.0024872855 23.1083204959 22.9934222436 22.6303268821 23.093604997 22.6145222346 22.9355937757 22.5205425064 22.6716512905 22.9300808013 23.158223415 23.1634861793 22.8936114893 22.5965546065 22.9354600597 23.1235704936 23.1614546221 22.9896042305 23.191480635 22.7077134711 23.0562962348 22.9714290498 22.8116679531 23.1775816772 22.9391712828 22.5731776785 22.7839813091 22.952081687
0 0 0 0 0 0 0 0 0 0 0 0 0 0 0 0 0 0 0 0 0 0 0 22.9424369992 22.6046438635 23.0328460335 22.5790313146 22.6007758451 22.5012517376 22.7446369391 22.7690255515 23.0062112624 23.1758854172 23.204583681 22.8167366703 22.8439323763 22.8721787293 23.1325332792 22.623429037 22.9871807641 22.5390436418 22.7283236318 23.2042667077 22.7265755184 22.9583738113 23.167614431 22.6663903198 22.9552067853 22.7022975391 22.5676366851 22.7865586251 22.5921355684 22.5863505488 22.655055348 22.9689565965 22.565119334 22.9950758152
0 0 0 0 0 0 0 0 0 0 0 0 0 0 0 0 0 0 0 0 0 0 0 0 0 22.7903939944 22.7156381156 22.7181936654 23.1141372071 23.126830254 22.9613766225 22.826030989 22.6170949324 23.1547615255 23.0285939255 22.7904779959 23.1587499963 23.0513845034 23.179434102 22.7273157015 22.7318542872 22.5858858517 23.1497804378 23.1850387931 22.9818639292 22.6947914391 22.788645911 23.1692663675 23.1583123101 22.9066724307 22.7152507234 23.1534123075 23.0683991762 23.1302455317 22.8039609528 22.7241601264 23.1889928642
0 0 0 0 0 0 0 0 0 0 0 0 0 0 0 0 0 0 0 0 0 0 0 0 0 0 22.6934474802 22.5355503594 23.1470953249 22.518420213 23.0841143567 22.8612870468 22.6836186363 22.787258806 22.6185620126 22.9400731803 23.085276979 22.9634190314 23.1398130575 23.0167708999 23.0392358626 22.7839803087 23.1073471565 23.002900697 23.0500513499 22.957051534 22.7723028581 22.638858814 23.0532568236 22.6851035321 22.6618595486 22.9644139993 23.1704659811 22.640696489 23.1817622016 22.9796633754 23.0125099631
