Spatial_Output/DEC/DEC_0066.asc
NCOLS 155
NROWS 192
XLLCORNER 196307.867259
YLLCORNER 449144.565805
CELLSIZE 33.573938
NODATA_VALUE NaN
[rows 130 to 155 of 192, columns 57 to 113 of 155]
44.578591132 45.6937120381 43.9420012365 43.5145183585 45.8141883672 45.4548083365 48.8679369432 48.8679369432 68.4897966159 70.025284972 45.6713643249 44.3742941366 66.1519746329 45.8261236286 43.0733261545 45.7275097835 45.3965263307 45.1911179035 43.6974475836 45.7217579304 45.2067681471 44.2170699179 43.9775797673 44.3060592115 53.0954135228 53.0954135228 53.0954135228 43.1558986569 45.7606233448 45.7078524186 43.7594294384 43.2158512326 43.3272121155 43.1486402818 44.6553099775 43.6256580093 45.6516202869 44.0221258452 44.3985856925 45.7009963585 44.0175515522 43.1875208687 44.1307638406 45.5283832869 44.117336617 45.7493640317 44.2095234383 43.3500929879 43.4788960705 45.1417581268 44.3138223337 45.0964868631 45.2979724507 44.4014915061 44.4472337058 45.396438594 44.3246480603
44.9547210562 43.4145984171 45.5392154127 44.6822777269 43.9808348042 45.7203584695 45.8054711178 44.5600729409 44.6515086953 43.3443429997 44.964652982 44.0593414237 45.5565634598 43.9551774852 44.3306742119 43.1083304691 44.7699191402 43.9516847723 45.8103616416 44.4510202717 43.3710830032 43.0415480645 44.6729991879 45.0203472528 45.8282372796 53.0954135228 45.8278760878 44.267416922 45.0316396588 45.2426855021 43.7480723076 44.480201158 44.805676194 44.7588359658 44.5959841297 44.9324328137 43.7929457876 43.1873021755 43.5658101354 44.2246053135 44.7340985468 44.1978086531 43.2633543337 44.4504392141 43.4760370399 44.5673709434 45.7315231475 45.7477573738 45.4818615598 43.0058534924 45.5647773653 43.8727452711 45.4650050075 43.8329936938 43.6981247104 43.2469748263 44.2914661487
44.1993887645 43.3320118741 44.2136618704 45.5352635255 43.1299445765 43.5354451056 45.7010643717 44.8864862945 43.9350144218 45.2210147799 43.3254857528 44.5137792534 43.1373745773 45.6175017855 43.4353491833 43.1914111914 45.2664238799 44.7789777699 45.7030820855 45.1480681354 45.7057977506 43.7033153075 44.0239640634 44.2774828961 44.0712507903 43.0669591436 44.3618578332 43.5646176866 45.444111633 44.8245653337 43.9833195921 43.8343815931 44.284656898 44.4792293956 44.5293560148 43.9389957617 44.9681615791 45.6513684631 44.2992841369 45.2220858253 44.5011302959 45.8227543951 44.2525114208 44.4604399052 43.0277569726 44.0189899394 45.1247972004 45.7838574184 43.2734226839 43.5289918954 45.6973995267 45.5913543713 44.8502788743 44.4553488439 43.0894765389 45.2100929147 45.6961871563
44.6997160012 45.2197235559 44.1931434932 44.6989981183 45.3413791499 43.4706341305 45.184020678 45.4372187216 45.6433896033 45.7978854792 44.7773800527 45.5060276185 44.2193433889 45.3077481408 43.2095659911 44.0668067238 45.0713392154 45.4963345003 44.2280399242 45.1032696842 45.2794894922 44.4304050039 43.5325541545 43.9298545702 43.2507188886 43.6621265105 44.8235828557 44.9179045835 43.8191755428 43.8234898491 43.2961151734 43.7090515318 43.8139965989 43.517560196 43.6996698072 43.3079019787 44.7230922226 44.174096255 44.1533541369 45.1696870004 44.4032053491 43.3177838765 44.7997385223 44.9276015234 45.6539341665 44.5074296624 45.2023514442 44.3275311429 44.9750166619 45.1949908881 43.3682750577 43.9317964128 43.7671131709 45.4409444344 44.95195311 44.1567145788 45.2818973515
43.7074888059 44.9246150466 45.0961109159 44.9714393756 45.7963009305 45.8172167526 45.018709646 44.5082068728 44.3767310313 45.3366924823 45.0023014757 45.0012420952 44.1993141362 44.6439538284 45.8011078494 43.9181319746 45.3202089261 44.6582919051 43.1165228156 43.9837982646 43.8997237944 44.4093027729 44.7793613891 44.9916393356 43.9179319786 44.848078277 43.5104505955 45.2215923558 44.0316141641 44.521217862 44.95687651 45.3724462466 45.824632873 43.4999630253 43.8851761977 44.281410377 45.3979961526 45.2088498602 44.5864995912 43.1873992499 45.2766732401 43.6956935011 43.7688044635 43.8133665639 44.3120992638 43.1994111657 44.5003817902 45.125118475 45.3852530663 43.3528481908 44.2991142075 43.1885843402 44.6588412003 44.3762888118 43.2333210031 43.5698054491 43.3755184228
45.5868200786 44.6841070698 43.3587298542 44.4797378676 44.7689326044 44.9186854043 43.3009236628 44.0007143352 44.1827805944 45.3592216589 45.6430489896 45.7205642665 45.5809776685 43.1389811183 43.1018257987 44.2140989506 44.9635184275 45.3627371754 44.513629414 45.1576222348 45.6384778411 43.4748779342 44.8029545422 43.0285954587 43.8491991624 44.1152478298 44.2606999371 44.1341941337 44.3157388462 44.0412289476 44.439601431 44.039828186 56.4124343088 45.4720154801 45.5972012515 44.8462235154 43.7830660725 43.123347257 45.2175877161 44.4232646242 43.9031669377 45.2494778218 45.2630814575 45.1024306304 43.0879315077 45.0048349189 45.4775865376 45.4306329312 45.2307457295 43.2016160647 45.3587494351 43.6270115678 43.2730060168 43.9316617181 43.8358612111 43.0457650424 43.0154529157
43.3897726146 43.4507437265 44.4430227795 43.9587344318 45.6281080347 43.7011773536 45.8208322958 44.2562892638 63.6375885959 44.3062721361 43.4484879342 44.9658906268 43.527187501 44.2482404055 45.5971179508 45.3471867006 45.255139326 44.7252906913 44.0283057744 44.9847279975 44.658663825 43.7590066098 43.8561580205 43.1927967455 45.4800947025 43.7778337354 44.6318355423 45.5409147479 44.3646516043 44.2318744054 44.0718846992 45.7211692349 43.0644874824 56.4124343088 44.1850452772 43.8377281372 45.8188593321 45.4881500402 45.698234946 45.4660419314 43.795081631 44.9130624548 44.1658003319 43.0393915446 44.6767835214 45.5664190962 43.190145526 43.6291891555 45.6156892537 45.6100626095 44.8225307978 45.3874385288 44.1010411624 44.3302761482 45.0634069395 43.2352510397 44.6751489811
45.3208535755 44.2841561358 45.0805652623 43.4825240104 44.4502006615 44.05131588 44.5090572498 63.6375885959 63.6375885959 63.6375885959 44.2173586325 45.749732102 44.0567790547 44.0746582798 45.0090514059 43.9723995282 44.2055218073 44.2986667308 43.8856978565 43.5652684475 44.7183359263 45.8200728345 43.8643444505 45.1400395216 45.7926363608 45.5046066474 44.7663377917 45.428794837 45.7380177013 43.1852031105 43.8259950205 43.6096628707 44.0874161431 43.4995164558 43.2905244525 45.6500353722 44.2829225276 43.5167883462 43.2937352596 43.7453103362 43.7431331448 43.3488252427 45.2562121972 43.5228482081 45.0161721824 45.7497883995 45.011095304 43.4478489424 45.5025584644 44.9334727143 43.1904669917 45.285240865 45.2832577641 43.3207978628 44.3168773882 45.6463781191 44.7122084685
45.1390835376 44.4497966279 44.2123696571 45.2436219958 43.7432559783 43.649494456 45.6216612713 63.6375885959 63.6375885959 43.3197752308 44.9062364161 45.0498083935 43.4351666133 43.5185407564 45.0235223009 43.6315060375 44.6742378775 43.8014383491 45.389457147 43.3708954258 45.2333629078 45.4996754916 43.5601351291 44.7289897083 44.7581681586 45.2747616844 45.2500604946 45.0903084008 43.3473195536 44.6598927101 44.4887909159 44.6712944936 43.7186684213 43.4487576278 45.7887461989 44.4503222601 43.8888888923 44.3685871796 45.5903044156 45.5470217775 45.1385085673 45.4981206189 44.9219883959 43.9537032851 45.614780917 43.2818442596 43.7237049661 44.3595683135 44.3529288787 44.1692695438 44.3691906429 45.1984941295 43.7005991061 45.330006596 44.6899171277 44.35518295 43.0627247335
45.4410883854 44.3636167328 44.7593900603 45.238359975 43.5178226237 45.3869972993 44.5402010153 43.8259194434 43.3160307265 44.0207449982 45.1495637201 44.6677736133 43.528211368 44.9404254597 44.7296852043 45.1256694377 45.1097293847 44.1609515904 45.8282020269 43.5520433728 44.4902157246 43.2415383455 43.382915507 45.812558627 45.2124164327 45.494010546 44.8957194465 44.1296818003 43.0566566193 43.5774784806 44.2874404328 44.0417082469 76.0794631655 45.5069419649 45.6118977981 44.7801945689 44.3492418432 44.5269569032 45.2580607658 44.391583611 43.2996097717 44.4599568714 44.6022672131 44.3236931857 43.609642653 44.3604567239 43.8887385823 43.9001648365 43.3777712609 43.0112620782 43.4554131756 45.2737481979 43.3394551716 45.6550204025 45.3219400458 43.8394357572 44.0425112742
45.4930599435 43.1119001238 45.7615905413 43.9576435387 43.2580879225 43.8579256414 44.6776267513 45.3222513864 44.8223641743 45.18735294 43.3744995495 43.19734558 45.7570149974 44.0420092317 43.2075548475 43.2133632967 44.1122792216 43.3077314657 44.3759318882 44.2340584954 44.3661390308 44.0140906138 44.0038920175 43.8245334015 43.2538458855 43.309034387 45.5996973787 44.4211694747 45.6554011345 44.4715592705 45.5436443295 76.0794631655 43.8837045541 76.0794631655 44.8088488009 44.3826234596 43.1683903394 45.7290136249 44.6376913816 45.1596052439 45.0810775645 44.5717755095 45.5926670976 45.7165751328 45.8140277439 45.493341374 44.6034202282 45.7914455358 44.0027839058 45.7424381568 44.6988226676 43.1615858468 44.6453356815 43.4274221015 45.0372852048 45.4455381668 45.620953738
44.6977083756 43.2113613615 43.1751435315 44.1195851086 44.9652960087 44.8167519312 45.2852793426 44.0758826847 62.0309064174 62.0309064174 44.7451913497 43.4586070491 44.0976111242 45.339261576 45.5659298605 43.1021596469 45.2902455545 45.62579844 43.1872521279 43.4711272169 43.4563062232 43.1864233541 44.2315304228 45.5508200048 45.1673968451 45.1654591503 44.3422038553 44.3720151889 43.1327342485 44.4096409523 44.6538769665 43.7560333713 76.4297773127 76.4297773127 45.3577206542 43.1171005201 43.0963632081 45.1797353803 45.5426052044 43.6555627484 44.8572226793 43.6108723169 44.9170295806 43.3977399283 44.0255216291 44.255107984 44.2448295669 44.0634473866 43.6854915372 44.9779199794 44.1260784635 43.967616221 45.2081323905 45.31010403 44.0606965779 43.4908509664 43.168986341
45.3356753808 44.7357058662 43.0432399759 43.2094230716 44.6938617402 44.1968605614 45.6660751466 62.0309064174 62.0309064174 62.0309064174 62.0309064174 43.8320115286 45.1175829681 43.1237704533 43.0488696889 44.6679683627 45.7352343966 45.4464934888 45.0917345544 43.5437678988 44.0022299962 43.9962443373 45.2967457216 44.9186043374 44.6913959993 43.8556930577 45.5367846536 44.0983882773 43.9053776157 45.3858423189 44.2433623758 44.4225846072 76.4297773127 76.4297773127 76.4297773127 45.2901325101 44.7021051575 44.4523410771 45.8085089253 45.4083268155 45.5980204058 43.4744980871 44.1158570925 44.2283698982 44.315081219 45.3459077287 43.7030681989 45.63154328 45.6505446758 43.5065262852 43.8670915379 45.6239747582 43.9970839833 45.3904882548 44.2769188847 44.1547295282 45.505904207
44.0380145751 44.3112300396 44.9473245911 43.6784706543 43.8186771791 45.1684461155 44.760777955 44.6613070819 45.2962468986 45.1017202248 43.742814236 44.0716101754 43.3048608577 44.167092837 45.5768290598 45.2613067573 43.7585543559 44.8742900164 43.6930608074 44.8809999213 43.0009798677 43.9675592787 45.2627026034 44.5609647687 45.1690164289 43.1455217536 43.0621997299 45.8144607653 44.0069627394 43.1554322064 44.2286876135 44.53073627 44.6688558823 44.7790311432 44.3904381113 45.2876381982 45.3701773719 43.9860712634 43.2874597976 43.2170879442 45.4837276281 43.3357599046 44.9925262548 45.4953731304 45.5244534581 44.9534000739 45.5318841865 44.8008826913 44.8123470422 45.0612403214 44.8274425217 43.3184685628 43.8786780395 45.5763162203 44.0860278802 44.8204996551 44.275194776
44.1795312563 44.1376391799 44.7157172028 44.4399807946 43.8199065246 44.6822583516 44.0132779015 44.648701465 43.1507118896 45.7318703344 44.6914654567 45.0326805727 43.954420297 43.7906099839 43.6192759429 45.1849416255 43.2294602849 45.3723060781 44.0621157659 45.4623355502 44.6546697896 44.8189226103 43.8247728984 43.3984992837 43.9926253213 43.5105194718 44.4040913946 44.9837532476 45.4901544181 45.1891213282 44.4811378083 44.2315277609 44.8141132745 43.4920732913 45.5464206949 43.1707281198 45.6128454795 44.3388257564 43.3912883653 44.6811018196 43.8613140853 43.1597352783 44.8535236847 45.0772155142 43.4430318771 44.2402406308 44.9766051646 43.778781833 43.4075792939 44.9281949797 44.1757133491 45.605089915 44.6138569309 44.4462111134 43.6796533631 44.5208357097 44.276429162
44.6785915221 43.4449118971 43.6781698704 45.6266519309 44.1578136487 43.2102481772 44.7632263338 44.8219909295 43.2840829613 45.4705024446 43.2235511732 44.4529629087 45.6680660588 44.2338004982 43.8394876958 43.1748011286 44.1729284144 45.7659563612 43.7049069035 43.7273103127 45.7493509995 44.6425278823 44.1598214344 45.291098464 45.0391298036 45.1415004344 44.6438042059 43.2310257887 43.9272301408 43.1537507818 45.256242236 44.9431657073 43.2230031645 44.8725685351 45.0742674494 44.5490488853 44.0844125474 45.1147415631 44.9474741929 44.3996245368 43.2667269085 44.7157081446 44.4519838022 45.1550888296 44.0778804062 44.3574703518 43.3743037679 44.2299458477 43.3518726769 44.8437898444 44.0065996953 44.4512162663 44.892604262 44.8593061534 44.5247633521 43.1904140673 43.2047455219
45.7243692598 43.9601647143 43.5102271386 45.1294439432 43.6192192304 44.564562637 43.1566060954 43.3551578392 44.2757302958 45.4362103549 43.3483906853 44.5812848441 43.745457862 44.7402899004 45.7966938895 45.1092224649 44.1314818998 43.5540356063 43.3723941342 44.4250310814 44.1567914101 43.2578987392 45.0323206007 45.2832698169 43.8558042209 44.4641397832 44.1790784086 43.9100533397 43.8824715957 45.6681291721 44.5846334417 43.9157055451 45.1304283351 43.5514126432 43.7456431288 43.2682518669 44.2032900222 44.5132264081 44.9237171718 44.5357689088 45.3993734229 43.3305032603 44.0060026271 43.79194247 44.3237817563 44.9890214113 45.7128725469 45.4558552892 44.5229595325 45.4272312012 44.9012747598 45.0207726328 44.790310684 44.5130922389 45.4157772889 44.4761258258 44.1163091527
43.2223659156 44.2731645096 43.7336009744 45.5021925152 45.2469308462 43.2116738402 44.8747590525 43.9281532132 45.5811427756 45.4370765953 45.1139405615 43.2468994779 43.0261810382 45.6532290472 45.6983841451 43.3069410568 45.6826110392 45.6145568842 45.5643678108 45.7060556157 45.2274721454 45.4555811504 43.7663771123 43.5713807909 43.0185247642 43.7687640217 45.007399339 43.6187285302 45.7361829323 44.5242059009 43.3349079231 45.0277421727 45.4131426261 45.7104871867 44.8575615484 44.2742736647 44.8030130724 43.240228898 43.1316700563 45.3146167072 43.7879009179 45.2433614757 45.1302127698 44.485933339 43.9801155241 43.6971769846 43.3570395361 45.6372041583 45.0228169215 44.7555551778 43.0450136102 43.6311862486 45.4650289441 43.8717301525 45.0423543985 43.7046609544 43.6334994546
44.5776382307 44.4353905459 43.2753587876 45.1829845489 45.2625453943 45.1500839483 44.9147558878 43.9238920967 44.1225368756 45.1743964546 44.813993109 43.4576984207 45.4837255826 44.6563736625 43.6525966422 44.3945288149 45.2921552202 43.5978502925 44.3199494729 45.598778146 45.3772714321 43.4440007807 43.4546352557 44.6640534969 45.7597056304 43.8710291463 44.5987681118 45.2521774035 44.4346044633 45.4845812192 44.6062493464 44.1415679708 45.2840175927 44.6223447866 44.4125485449 45.0258773447 44.513479128 43.3002070973 44.6944599982 43.2569693171 44.477495845 45.6620917757 44.1785941507 45.4931625965 44.8700976534 44.7136346078 43.3508412874 43.0626272111 45.6314013138 44.0873372845 45.3609851809 44.2951810618 44.1971403199 44.7904591905 45.221858438 45.4025083719 43.9355264824
45.4907376295 44.7002103602 45.1267751528 43.7526503668 45.3795820304 44.4149908802 43.5862783274 45.6558223722 43.7121290072 44.8119988184 43.6987684883 45.7047084086 45.7369798446 45.2259595714 44.3590543907 45.297095324 43.0037421596 44.149213505 44.1008621264 44.1411826347 45.4526431955 44.1641968472 43.0732932683 43.9336873984 44.1385559501 43.1008012788 44.6860446776 44.1294553886 45.0447377408 44.5766579856 44.9625375332 45.2164864282 45.641289714 44.9427493326 44.8589105119 43.5303554214 44.1687830291 45.6689173006 45.665702358 45.4759728981 43.5882891455 44.8323290813 43.9777178062 45.7882244022 43.9976207981 43.7291316224 43.2572745484 44.2359781245 45.0356109614 43.8872700648 44.799002381 44.9535120188 44.5246718405 44.3207928601 44.6921302945 43.7695291127 45.6198184728
43.4292966237 43.577825584 44.6664445317 44.4085392339 44.5893529262 45.5908832801 43.7044483299 43.961049372 62.2228658288 58.6228551066 55.2482166583 43.4488028807 43.1432067013 43.7398226818 44.1662738266 44.9157169955 43.8226182132 43.0574179999 43.9866993873 43.7144872614 43.0837611402 44.872388057 45.2385644418 44.6588640065 45.4055012183 43.5363153583 45.037727045 44.7071902401 44.9974218996 44.1035360037 44.6206822925 45.4139362784 44.4950673554 45.3876612021 44.3017327777 44.094319027 44.994792186 45.4333711107 45.6784586544 44.0723018527 44.1821572858 43.4788510999 45.6806957693 44.552197616 45.5176772793 45.2982079281 43.9183881232 43.6550687472 45.1547331358 43.6483056417 43.7414564435 45.5185724655 45.1520546426 45.3483807287 45.778099854 45.6341732635 45.0336345919
0 43.1876161009 43.0034654737 43.0970522768 44.0110772969 45.497525298 43.5697226809 44.0327190377 53.1443233 57.6577170868 53.8660779395 43.2648875397 45.1653537906 43.5767264895 43.7088268287 43.3170152121 44.2196592083 43.2368439836 45.1089832766 45.7391765237 44.2896618075 43.78260103 44.0236275904 44.3599373101 44.5635913626 43.5725687622 43.2907208436 44.6110168619 44.9588002082 44.6668659226 44.6401519427 45.3809559254 43.66403448 44.8279628166 43.79150504 44.7438537251 44.3554993777 44.2512708182 44.9719143311 43.162325739 45.6859588348 43.5597594856 45.728194705 43.6426983959 45.0845265264 45.3932973639 44.2464846617 44.2395739434 44.4540567905 45.6938613329 43.447185079 44.2011633233 43.9506093518 43.0664441747 45.3137536764 45.0627774869 44.8832514973
0 0 0 0 43.784743127 45.6247399954 45.5525775708 44.5001313588 54.4028693789 59.7222211307 62.1551718578 45.2820630141 45.2820097079 45.38569519 43.1820734428 44.6510004897 44.0134005643 44.5360980626 44.268730673 43.585441997 44.0442509058 45.6253948511 43.2290189253 44.797201786 43.6606102537 44.6092259283 45.4858708743 44.857791727 45.6383890728 44.1627720886 45.7847042714 45.0202976489 45.4878694857 43.7321619355 43.6399322981 43.3948511988 45.4408142717 45.3966275731 44.510535058 45.575145746 43.0884178631 45.3129311767 44.961096887 44.8032613739 45.5750206378 44.7882331624 43.6350436965 44.3378031314 44.8379037513 43.1434502092 43.9879375378 44.1042990387 43.0846990123 44.6577560753 43.814687436 43.5478437272 45.6391191652
0 0 0 0 0 0 43.7544420021 44.8614979653 44.1367757259 43.2692859247 44.5822189186 45.6381604173 44.8470393173 43.8724903476 44.5199786654 44.6066160589 43.3711958277 44.0612831791 43.306565268 45.5936900579 45.6384990055 45.1905914423 44.3294938092 43.0242203804 45.2515468112 45.3044278092 44.5953227007 43.7446988672 45.2176984345 43.9093837481 44.2090102752 44.0139653171 43.3455520711 44.7221753064 43.356577462 45.5324470972 44.65282162 43.0699393192 44.0187162112 44.248462781 43.2731229451 44.1516573345 43.3177172841 43.8245081648 44.7908738788 45.0254165517 43.0233237984 44.4788937504 45.1928526827 43.1086815055 44.5890196412 45.3169698868 43.5637305405 43.8640012742 45.2607800047 45.7023475247 45.0091656341
0 0 0 0 0 0 0 0 0 43.6941582117 43.7977720087 45.5468195768 44.1643679817 45.451888677 0 0 43.8433503083 45.1215687465 43.4071016631 45.1556439814 44.172554617 45.4469495657 44.895438676 44.5742497712 43.5981840708 44.0093347677 45.4021166079 44.1144778469 44.7757686866 44.272955864 44.3806916693 45.3269208916 43.7351847727 44.8825822156 43.3933206623 45.5133862725 43.5095932384 43.5225228676 44.0369735082 44.5194596843 45.8270405461 44.0837915624 44.5651269136 45.6734350372 43.5472957796 44.0528326626 44.360530675 43.7214368915 45.2113943215 43.6797422134 43.3106141438 45.7059594441 45.7483145963 44.9571215708 45.6015212433 43.6897146204 43.1352155335
0 0 0 0 0 0 0 0 0 0 0 0 0 0 0 0 43.4239255271 44.8775713604 43.0151189171 43.3607481837 44.4515603728 44.9081832258 44.3266811478 44.4589936904 44.1709805884 43.344152388 45.0084274164 43.4638165214 44.9636433095 44.7498939475 45.1179475566 43.890669654 45.2467128242 43.2611621315 43.1677711397 45.2317896078 43.8396002612 43.4826413096 45.6151248557 44.8245951829 43.8091726579 44.6268866595 43.0171177259 43.1965511408 44.3194215688 44.9147035946 44.6125106773 43.5436273958 44.3859610332 45.2530366073 44.9696245348 45.0472692777 45.212188193 43.1295976297 43.9487952744 45.2378337428 43.7440865724
