Spatial_Output/DEC/DEC_0426.asc
NCOLS 155
NROWS 192
XLLCORNER 196307.867259
YLLCORNER 449144.565805
CELLSIZE 33.573938
NODATA_VALUE NaN
[rows 78 to 103 of 192, columns 57 to 113 of 155]
30.7271223968 30.9145197129 31.1728727469 30.9348973767 31.1570322688 30.7009252996 30.7138833415 30.9954067931 30.5238938577 30.6142217747 30.9181605815 30.7757143963 31.1945218784 30.9565645421 30.6115530273 30.8392339811 31.099151891 30.7492330348 30.6942104877 30.927296865 31.1618102099 31.1418652048 30.6542072286 30.6902765978 31.1533287479 31.0857140024 30.8202011733 30.8794670083 30.6239729919 31.1729836557 31.0890801637 30.7831307055 31.182612572 30.5013595174 30.6565377481 30.9771643953 31.0238148178 30.9422861835 30.6084243307 30.8603499886 30.5856399627 30.916869584 30.969786281 30.9657318583 30.6171642635 30.998643179 30.5259344265 30.9929084765 31.1794508993 31.1150530638 31.0309276638 31.1543078645 31.1224475343 30.8760557521 30.6771412947 30.5546116552 30.7505360883
30.9315330302 31.0188544101 30.8268756609 30.9860683975 31.0622866041 30.6194527064 30.620114688 30.7091825059 30.8548888659 31.1048683448 30.5742583721 30.7805282024 30.8591631234 31.1737176525 31.0637853745 30.7950526429 30.8523148056 31.1548809339 30.7913385905 31.1524776373 30.9473293368 31.0632401702 31.1817428686 30.847603243 30.8352656584 30.5238922825 30.5206213088 30.8930452682 30.8965243638 30.5885091566 30.9042697028 30.9090258486 30.9895633786 31.1674286322 31.0499804745 30.796823647 31.0191937418 30.5637487563 31.0089729636 31.113300873 30.5361977574 31.09293293 31.0500267718 30.9698363177 30.6681317122 31.1401600086 31.0173322356 30.9408231022 31.1919496929 30.6648867756 31.169821969 31.0590728824 31.0707721565 30.7382920173 30.7069562743 31.0837095495 30.685383662
31.0568373946 30.6617773038 31.1297738471 30.7833395127 30.9339772758 31.1014036218 30.9262982083 31.149523536 30.6789397581 30.6090321348 30.9706800067 31.0957935475 30.5651716349 30.5094408756 30.7138541199 30.9830908854 30.6988979977 30.8063555733 30.5542759106 30.7347342213 30.8244397179 31.0360900103 30.6490609735 30.6030779704 30.7454235445 30.9510021414 30.5266866146 31.0464582785 30.9888993291 30.8012797137 31.1446412247 30.7769032692 30.6102166015 30.9344320262 30.6109399673 30.600013879 30.8088193671 30.9290800316 30.6912068851 30.6418614465 31.1356828265 30.5413497455 30.5235507798 30.6519142219 30.8906781394 31.1648760828 30.8102402897 30.5851362944 30.8569701053 30.7415208256 30.5146828916 31.1382861636 31.0861559455 30.8753683274 30.6901046213 30.9125667443 30.9918284716
30.7925097886 31.1102176626 30.8250997105 30.991117213 30.5078781126 30.7662600157 30.8720907909 30.6476365618 30.5172945625 30.9030078125 31.1262369427 31.1813902948 30.7737061407 30.7577565297 30.8153610027 30.679561044 30.7725555187 31.0975739993 30.9918463541 31.1706053673 30.9218009145 30.9388119146 30.5875346666 30.545154352 30.8573999788 31.1502130009 30.6161971883 30.8177655133 30.6175243815 30.6052524071 30.870541896 30.8556706692 30.6406034885 30.6003738871 30.9016890202 30.723866879 30.9338318241 31.0282715756 30.7076670018 31.0534996898 30.5772607597 31.1771669747 31.0338346354 30.5434370148 31.100410476 30.8139504362 30.7012225263 30.6513816477 30.9809039656 30.8705112382 30.8065815121 30.615702266 30.564284674 31.205455046 31.1560860341 30.5354834393 30.844524406
30.9148214756 30.8210719585 30.5721470761 30.5887865197 30.6509958014 31.0133360423 31.168853545 30.8344574593 30.9338993926 30.506449664 31.188665202 30.9354457978 30.7287093596 30.793794175 30.967963791 31.0017149871 30.995674943 31.0746597862 30.9105446949 30.7195137388 31.0696277889 30.9513268815 31.1623013266 30.5188480495 30.7427727757 31.1417861371 30.5760025751 30.7847095102 30.6161483898 30.8261127474 30.6636399995 30.8133841582 30.8210578302 30.9140440462 30.5515577081 30.8331016317 31.1552536938 30.9985123044 30.9941393197 30.5007381154 30.6959641845 30.7899140796 31.1447756852 30.6645832396 31.1638086598 31.1822676319 30.6413521736 30.9820207111 30.6267283293 31.0580877764 30.8865730368 31.0498636965 30.8515482635 30.5075455567 30.5780657846 31.1710682918 31.0059880166
30.5686465264 30.7340332397 31.0129487394 30.5325717887 30.9882429335 30.7090327919 30.7739719998 30.6729227385 30.9869442472 30.5207460667 30.5532162644 30.8250001173 30.974444887 31.1270718846 30.6643989229 30.8150640068 30.6158724881 31.1977606325 31.0066857158 30.6351184192 30.7264164467 31.1105006397 30.8232488699 30.7508814471 31.0988715159 30.8417355952 30.6965014087 31.050061862 30.8595310146 30.8776830304 30.5149256329 31.056385595 31.0002043772 31.1454623421 31.1574652018 30.8969188935 30.997860173 30.8091192178 30.5950288969 30.9980031711 31.0582588431 30.9755791525 30.8776784121 30.5740886243 30.8180539254 30.9173302095 31.2017194794 31.0452946341 31.0308410997 30.5117738627 31.1721665703 30.7889365978 31.1619566085 30.7359371579 31.0675581015 31.0526867098 30.5061974569
30.5754581755 30.6429085761 31.0445880137 30.5504779418 30.8362790942 31.1130620143 30.8447439056 30.5007885523 30.5656028936 30.9651985169 30.9985454332 30.5613659414 30.5454695089 30.9131097184 30.7765459416 30.9498595473 31.1210201332 31.1557461162 30.9666099446 30.73356458 31.1065596187 30.5774843439 30.9282423999 30.5399063426 30.7804443642 30.6031543614 31.1615483781 30.6058748469 30.6603034676 30.6106634164 31.1651121466 30.7272337634 30.8945063611 31.0068387858 30.8149472073 30.9318541949 30.5672708733 30.8022510552 30.8642995036 30.9193945092 30.5465084653 31.0449195773 30.9956080651 30.5930423456 31.0314994827 30.6645300325 30.7254255337 30.7456937866 30.8015926184 30.6996282078 31.1304155846 31.0309870011 30.5169293611 30.5344002892 30.7551963708 31.1958013564 30.5004310067
30.7167602338 30.8812476142 30.8994478427 30.8336606344 31.2053382368 31.0091946566 30.5985808907 30.6568011426 30.6153075472 31.1545506078 30.8790946854 31.1317471667 30.6798216272 30.8925501212 30.8748571275 30.9161258005 30.6374647722 30.8623702566 30.8351831648 30.6369587089 30.5170845156 31.0437532879 30.6860674319 30.6211244658 31.1958746444 31.0387434505 30.8020104181 30.7100207092 30.6805341493 31.0922626801 31.0475818907 30.6659708063 31.0715259313 30.7295112812 30.6248405773 30.7737564358 31.0093836792 31.14873543 31.1715304472 30.6606576197 30.907968864 31.194320039 31.0688206756 30.679171563 30.7315032707 31.019664774 30.8342507179 30.9852360468 30.6921630586 31.1861979537 30.9285611359 31.0988669024 31.1330724708 30.5353434031 31.0972472398 30.6898232348 30.7921785636
30.8866538611 31.1698333719 31.0609900898 30.5462978659 30.8136569439 30.9109377467 31.1924919448 30.7298913927 31.095748641 30.755081482 30.9647931811 31.2054061553 31.1392375659 30.5807890455 30.8977440572 31.0881367127 31.0379407789 31.074077358 30.8938483358 31.1499045298 30.9342818371 30.7182487752 30.9067197329 30.7540842639 30.6374571228 30.7801139465 30.8714789173 31.0867784627 30.8054119375 31.1570011687 30.9746506306 30.8442545201 30.7669705398 30.6374733095 31.1045120011 30.5214796437 30.6913866893 30.5378007478 30.5642313227 30.8747311765 30.9961492707 30.9061298855 30.9399544676 31.0546541075 30.6002792231 31.0978374814 30.8656132178 30.7457274772 30.581274589 30.9540906673 31.0666299738 30.9673479284 31.0888952634 30.5288332066 31.1698384257 30.9703697594 30.5741148198
30.8170437038 30.7238110841 30.7802940632 31.0021796876 31.1684112259 30.8174634019 31.0469487714 31.2057113268 31.1145945625 31.0954670622 30.8399760878 30.8797386954 31.0380625808 30.6044331212 30.8276066388 30.6384083911 30.8279654866 30.7809357477 31.1733805612 30.7744542973 30.8090224214 30.9639230968 31.0088020316 30.6609447969 31.2064722605 31.0398847825 31.0417928796 30.903447685 31.1395108443 30.984564471 30.5835350555 30.8246853361 30.8492464867 30.8987548172 30.8676463172 31.1863555664 30.5711218192 30.8605892982 30.9290129802 30.6405268336 30.8397472048 30.536115008 30.8542986448 30.545487924 30.8259829117 30.9391996346 30.5241333102 30.8792323858 31.0647091504 31.1046228276 30.5829911554 30.7383916275 30.7783465002 31.0686185645 31.1390612653 30.6872025677 30.899151359
31.1808005477 31.181802195 31.1724463695 30.9334871749 30.8170734063 31.0447670578 30.5789004649 30.6277117068 30.7459328467 30.9132088386 30.9096025655 30.6042220782 30.5689864005 31.0538797371 30.5542743028 31.1217901534 31.1593181843 30.8319891166 31.0779882925 30.990580947 30.6223068385 30.7835264508 30.8390142245 30.9147240219 30.7330747377 31.1153482285 30.5487780785 30.5507136378 31.1666606579 30.5931962433 30.9752721289 30.7883188811 30.7252715433 31.0189943684 31.0982302197 30.8408585774 30.7402648382 30.8723676759 31.2044693261 30.6412752563 30.9059749681 30.5690964878 30.9427138284 31.0950664412 30.8289563458 31.0631674976 30.7922461248 31.1452721216 30.5086789861 31.1643304582 30.6019045533 31.1773908363 31.0879759644 30.5504256987 30.6487024513 30.593138971 31.1441658128
30.5827936666 31.1277991236 30.5887115021 30.6631819901 31.1336374155 30.7545268652 31.0755683123 30.7269522453 30.7048396681 30.6397772163 30.6837850128 31.1730791778 31.0073584694 31.0896125082 30.9883032722 30.5823023122 30.8713524955 31.0769989143 31.0603389717 30.6150934235 30.6049175897 30.8458889718 30.7272187273 30.7817199813 30.5834466044 31.1473464522 31.0566270596 30.6225278715 30.7821006698 31.0948720811 30.8659619966 30.8792528719 30.8857156116 30.8154849075 30.9755321691 30.7144957926 31.1539404195 31.0381719411 31.1524906306 30.9516352996 30.72502336 30.9826718621 30.890611156 30.8776022871 30.5461093393 30.9498351022 31.1547803825 30.7219461004 30.7102043956 31.0664969392 31.0011649115 30.773488046 31.177150536 30.7223282556 30.5553410083 30.6329266846 31.0746201508
31.1293609469 30.7734921475 30.6773691273 31.1530579445 31.0391705354 30.9340024551 30.698279997 30.9627288165 30.9835520817 31.0374806367 30.7220971951 30.9753625074 30.8740671203 30.5219511658 30.6702048435 30.9038269689 30.8755461071 31.0265066467 30.9648257492 31.1150501011 30.9206659682 30.6956639919 30.6551997109 30.6146925832 30.8772710408 31.1947679617 30.6644713037 30.7971492086 30.753670087 30.7100955672 30.634825353 31.1998767552 30.9819314231 31.0341734948 30.6412214681 30.9727314006 31.0198463561 30.5416154244 30.9227137576 30.9468339969 30.9765487899 31.2034100549 31.0853559659 30.8318265677 31.1894560561 30.9289247782 31.0560735477 30.7192239934 30.910558849 30.9016690138 30.7384788632 30.6522724381 31.1722781547 30.7002848087 30.8612833458 30.7815668631 31.1606143921
31.0038665083 30.9949365275 30.6868926965 30.6462989192 31.0310772057 30.7926483143 30.8150818955 30.7330291947 31.1349654664 31.0744878643 31.1415622365 30.8151437659 30.6728475595 30.9930344607 30.7721363037 30.8301795116 30.8954830497 30.8436636348 30.5009652384 30.536833658 30.5045921984 30.512537978 30.5765948172 30.9019260139 30.8299464547 31.1792622545 30.8755528766 30.5855639348 30.8038010719 30.5309680161 30.9075054706 30.6243134238 31.1811316171 30.6892547891 30.7899074108 30.6258203033 31.0249674145 31.0717290595 30.6280891746 30.6361960171 30.6584767635 31.1458003572 30.9778653911 30.7600583189 30.8130274033 30.8845959446 30.6333327884 30.6834521444 30.5101265629 31.1584557664 30.8419903441 30.9495434464 30.7846991405 30.6995177051 30.8643802752 31.0810591559 30.8850087175
30.7727218372 30.5272829192 30.9587568993 30.9872545735 31.1415759772 30.6562412602 30.9294334434 31.0536693904 31.0575891981 31.1797716927 31.08864733 30.6688620523 30.6807495914 30.7219858113 31.093148906 30.7054356331 31.0846994949 31.0329383764 30.7546277382 31.0155180918 31.0897334607 30.5116527272 30.7966144913 30.5936304843 30.7449020035 31.0701254069 31.0650279384 30.5008263149 31.1352839126 30.5424728571 30.9800212767 30.7687505281 31.0687386994 30.6778999727 30.7705041126 30.6228384616 30.6032577213 30.700554608 31.009346083 30.7477841413 31.1164200162 30.7879508097 30.8127857277 30.9881579901 30.5628157644 31.1434723954 31.1299763554 30.5935789691 31.1219696826 30.5513276549 30.8411988416 30.8139015805 30.8681167006 30.6651605291 31.0489789316 30.9362164379 31.119480925
31.0694641176 30.8211284155 31.1799520053 30.8194370758 31.1265265262 30.8690844035 30.8947697618 30.9826570541 30.9523148194 30.9275641786 30.9271259216 31.1816305349 31.1050468045 31.1112957254 30.9504129164 30.9861147433 30.9097624155 30.7711186768 30.5118247283 30.5063501749 30.9270263883 30.9805821825 30.6521951937 31.0049020749 30.8806918077 30.7927042523 30.6568401175 30.8691252311 30.579016298 30.7643216766 30.5837373142 30.7531650138 30.714808621 30.892069986 30.6207349984 30.7850530741 30.6751190127 30.5198904104 30.6850946822 30.8783510737 30.7879585654 30.7185831337 30.5115015436 30.6903770553 30.8051962065 30.6525454319 30.5369552511 30.9209370006 30.8613276164 31.1703213553 30.5999920206 30.8484162253 30.8399309977 30.5291952339 30.9828791335 31.1779466389 30.9575185911
30.8170852661 31.0244268767 30.8554190135 30.8852196214 30.6474032574 30.9471364816 30.6850224287 30.7851391198 30.9946488172 30.8798682106 30.5146827007 30.5671345871 31.0163455015 30.9473739033 30.6864330835 31.1764727996 30.884390482 31.1538291976 31.096608309 30.8992951751 30.7709937656 30.8785063922 30.9114656482 30.9627839104 30.6002130155 31.02934845 30.8858362095 31.1047860538 31.0837253322 31.0899229686 30.5784217487 31.1414666206 31.0130559771 30.9438151534 30.5282610957 30.5161964144 31.0342039224 30.5366759766 30.8462799729 30.6644856593 30.681308562 31.1456487689 30.686780623 30.5015138462 30.8957551959 30.596271202 31.065920362 31.0785457354 30.5623388644 30.7056586768 30.6753810111 30.9086127024 30.7281218922 30.6137134527 30.9633405982 31.085796817 30.8033298485
30.6792350674 30.9442593377 30.7811519945 30.6916494137 30.5059266202 30.6062397145 31.1276424457 30.6658242463 30.5002238643 30.6941112265 30.8207710732 31.123449494 30.6402205207 30.9577791186 30.8345645808 30.9953355004 30.8506227356 31.1365778034 30.6888540862 30.5610416113 30.791019897 30.52814839 30.6678153887 31.072254005 31.1139025085 31.1423364903 30.9306003148 30.9064203023 31.0501219857 30.5696924633 30.583846206 31.1354902127 30.5536594372 31.0950059365 31.067047068 30.771123716 31.0282505155 30.7856423676 30.5731774136 30.9792486687 30.9608504563 30.9522354865 30.6737162033 31.0224621841 31.0177251259 30.7985092164 31.1099204507 30.6079520174 31.1793562063 30.7023327865 30.8024194423 31.0483814898 30.7089740442 30.9265428646 31.1690875887 30.5475568404 30.9424639885
31.037566517 30.7298704532 30.630500768 30.5210503147 30.9209959117 30.5555527181 31.093779954 30.7663308138 31.106780529 31.1967484446 31.0859744243 30.8459477797 30.8812339522 30.6337480936 30.8120570933 30.6279636094 30.5964572216 30.7615616729 30.9806218563 30.6924134807 30.596731775 30.9319296271 30.8993189618 31.1476786046 30.8133058498 30.8990043191 31.1059047555 30.9923526673 30.8839533869 30.6994618545 30.5995136297 30.9809999376 31.1546650648 30.68576637 30.9367118783 30.811657349 30.7183891726 30.7168005912 30.9028297649 30.9484703511 30.7393162279 31.1396907933 30.8607239801 31.2029457365 30.6398252865 30.6476415795 31.1040521424 30.6664133337 31.0361336681 30.813345981 31.1935845569 30.8371203088 30.9982296076 31.1613213455 30.5880405966 30.7880328188 30.6360206774
31.0650150918 31.0324456344 30.6683255704 31.0833337924 31.0894021478 30.6470905948 30.7737888325 30.5461105393 30.5509291626 30.930668025 30.8998501642 30.5025959973 30.5147556893 31.1021373682 31.0077906359 31.1885946209 30.7774379992 30.9269164745 31.0471736888 30.5617572054 30.5878587056 31.0618269029 30.5515330322 31.1100715953 30.8174032957 31.1074878404 30.7182133986 30.7976302207 30.958988899 31.1143629588 30.9440369678 30.6081813436 30.8400671431 30.5677640871 30.5176279513 31.0035253459 31.1273489197 31.155686445 30.7042681163 30.6217017279 31.1899476216 30.6869760696 30.7494841774 30.8076908403 30.6927090651 30.9151382587 30.6138530142 31.1649658793 30.8094090997 30.7713232231 30.9240344077 31.1525870403 30.8024220364 30.8792354737 31.0025833285 30.7619207954 30.8725951227
31.071635079 30.8413189759 30.7944539512 30.5326749528 31.0664402806 30.9680365921 30.7631056917 30.7966173361 30.7397586199 30.5468924273 30.5707453063 31.165825954 31.2063111866 31.0120833696 31.017110948 30.8218457244 30.5445868393 31.1688596859 30.934537144 30.7965090152 30.6118204299 30.6087283692 31.1388323162 30.5158560056 30.5419868058 31.1125327172 30.6700874578 31.0743165204 30.754837872 30.7596930427 30.930452653 31.0840238221 30.5116311978 30.5365257369 30.759299125 30.7480116977 31.1692665223 30.5776132641 30.8701018201 31.160955673 30.6503856907 30.7600532691 30.7043189461 31.1925885128 31.1643448322 31.1445522997 30.6983520047 31.1219568804 30.606906857 30.9957204192 30.603536871 30.6393576649 30.7568340258 31.1527729253 31.1450510527 30.9799055925 30.6231430342
30.9714548718 30.9609507293 30.8922082368 30.988631984 30.7137419193 30.9942908767 31.1601606094 30.8879838703 31.0358824647 31.168723451 30.9570849571 30.7884927604 30.7448524097 31.105787573 31.1424340803 30.8507493597 31.1083558354 31.1621004836 30.9092406338 30.8422522711 31.1307881767 31.1529610808 30.5023556443 30.7547516264 30.8443588502 30.6087222647 30.7448354664 31.1157178474 30.6006680802 30.7408831086 31.0972137432 30.9379747858 30.5389929142 31.0652297218 31.1466269896 31.0877270821 31.168153288 30.6336237047 30.7893672381 30.7270075065 30.8135282422 30.5757880176 30.8592210719 30.7178997234 30.8753611042 30.9718924748 30.7000426931 30.7254204427 30.6640880681 30.8625133741 30.5636102454 30.8531533631 31.0404104585 30.8298873776 31.1131557394 30.7741353987 30.9548207036
31.1739255818 30.6760519943 30.7322733546 31.0590686937 30.5366758639 30.6681745547 30.5431639705 31.0555924628 31.0841245363 30.5818580927 31.10144419 30.6183485072 30.7873586233 31.1324707357 30.7504877832 30.6141706755 31.2031335248 31.0626728024 30.8392039989 30.7855272095 30.9364895619 30.7014801008 31.1579901465 30.7767586638 30.9214466702 30.9864468618 30.7154527982 30.8802388437 30.7658796696 30.9001127573 30.6405412825 30.7269160543 31.1693564056 30.845955601 30.5790289579 30.6603513958 31.1499081365 30.7886612089 30.898605018 30.8824548568 31.1724537522 30.5436578447 30.5886462269 30.7214862933 30.7563869861 30.5706393954 31.1582432941 30.9404813893 30.6564041494 30.968587514 31.14103488 30.7738954907 30.6040645765 30.5990351479 30.7662582765 31.2060810992 30.7901646472
30.5574716919 31.0959907034 30.6728862114 30.7764500819 31.083880933 30.8738385597 30.7984759002 30.8495314379 30.5644464773 30.5872119866 31.1238527792 30.623559962 30.5360774799 30.820531392 30.7915979854 31.1642002317 31.0137845909 30.7775513777 31.087778827 31.0999602316 31.096417986 31.1925696031 31.1326593276 31.0469601754 31.0419977894 30.5163871329 31.1494565485 30.7107637057 31.0040622126 30.9254120587 30.8979727059 31.1677099387 30.5740348698 30.5025031019 30.6265124562 31.1061273312 31.1789725317 30.5432020906 30.9639873066 31.0512146686 30.515302194 30.7719601823 31.1105995206 30.518547941 30.5754178309 30.9757056333 31.0164003169 30.8871980186 30.9751507177 31.1666182518 30.5339827171 30.8923377739 30.7535741334 30.8744201085 31.1629242876 30.8096448592 30.5262550034
30.9310346693 31.1753022681 30.6534004102 30.5121565418 30.8502167915 31.1617143202 30.8441610246 30.842389946 30.9137679637 30.932964678 30.7008176858 30.6141659828 31.0579443948 31.0115659087 30.9072943311 31.0123739413 30.6441380896 30.6633286507 31.1283394056 31.1981397087 31.1665255997 30.5974311734 31.0976447404 31.1920927482 30.9901141678 30.7752099715 30.7235683508 30.7429138858 31.1587146818 30.8047980615 31.1137034087 31.0324475487 30.8791638286 30.7149058681 31.1163602932 30.953357301 30.5544240848 31.0534251518 31.0473735635 30.9521767212 31.1396052344 31.1732075901 31.161433497 30.6336585184 30.6259743799 31.1382959508 30.6903883709 31.1576749516 31.0536166181 31.0932833319 31.0726007326 30.663441695 31.1999230828 31.0832457174 30.70806126 30.751784 30.7398040857
30.6612858849 30.9950404082 30.8977554344 31.0792304559 30.7399094753 30.7350220988 30.8204098407 30.9147758882 30.6967753501 31.0566869686 30.9131550453 30.718623263 30.5857182787 31.1244207865 31.2020156388 31.1699292797 30.8208032253 30.6286641565 30.5702777295 30.7318261113 30.7721477703 30.595242405 31.1587138897 31.0130963248 31.0869867328 30.6271824493 30.8358456963 31.0179742854 31.1503134649 30.6582081219 30.9187356259 31.204982527 30.7684971026 31.1130762918 30.6250373633 30.8878028625 30.9561707367 30.7309708148 30.8174414353 30.5868753396 30.542086579 31.0712375541 31.1172210832 30.7543113363 30.7631911121 30.6083101921 31.0587558246 30.887434475 30.8924937225 31.104635857 31.0056549977 30.6933585996 30.9604399991 31.1565070935 31.1467932084 30.5946565409 30.9406221392
