Spatial_Output/DEC/DEC_0407.asc
NCOLS 155
NROWS 192
XLLCORNER 196307.867259
YLLCORNER 449144.565805
CELLSIZE 33.573938
NODATA_VALUE NaN
[rows 26 to 51 of 192, columns 0 to 56 of 155]
0 0 0 0 0 0 0 0 0 0 0 0 0 0 0 0 0 0 0 0 0 33.1237548842 33.6706193439 32.0453167596 32.6114839207 34.1580230384 33.2723335649 32.4025091668 33.4723835492 34.6032324242 31.7101952481 32.7376324014 34.0810905615 32.2515800762 31.5265736122 31.8948222733 34.628944109 33.4225392197 31.577248538 31.6038350142 32.5455625892 34.8375959273 33.315361175 34.9642278211 32.4792712129 34.8794368719 34.5178939081 34.0477332007 32.2241953711 34.5048566599 32.1969015917 31.6492735875 34.1988413467 32.6764006356 33.6789006805 32.1930894025 32.7680010638
0 0 0 0 0 0 0 0 0 0 0 0 0 0 0 0 0 0 0 34.1073878064 31.6148288427 31.9742325809 34.062845878 33.9917290253 34.6696975409 33.7494334632 33.336052547 32.3451942214 33.1585074808 33.5347762525 31.5902565845 32.77181781 34.08720239 34.46871242 32.4877748637 34.9570668568 31.6550719746 33.5988758004 32.0562488755 33.3177341806 32.3824711205 34.1287162151 34.8662802488 33.226272172 33.2500017551 33.2802871412 32.2320398691 31.5258033327 32.892094924 33.4902344552 33.5322165009 34.2656926225 31.564842056 31.8967494647 33.3860901666 32.5185077015 35.0041219735
0 0 0 0 0 0 0 0 0 0 0 0 0 0 0 0 0 0 34.264563887 34.4945750142 32.6813547886 32.9207155365 34.7822362734 34.2638920373 31.9232730673 33.6379608349 33.8558343233 32.0118594082 32.2545976274 33.1359021789 32.8554959693 31.5702488359 34.0142743776 32.28806106 34.0539780697 31.670381875 34.2339592638 33.0756255052 33.6103629423 34.2614405924 32.1950344325 33.8859891175 34.4329495774 32.8766163052 31.7675825535 33.5844679191 33.1320553598 32.2533863371 33.5070029645 34.6067508745 33.7864618465 31.6103895712 31.7250382412 34.2060739941 32.1051831295 34.6275293428 33.2650366663
0 0 0 0 0 0 0 0 0 0 0 0 0 0 0 0 0 34.4843146104 34.2906052227 67.2903483416 61.0758840384 63.9933229304 33.7985402618 34.5718527351 34.765068246 31.903863865 32.7328118071 31.8608639679 32.8375809693 33.1141530913 32.4990892839 33.4704114132 31.8387992673 32.1165901381 33.8896358204 31.8484391654 33.8265006082 33.8295475599 34.5550013872 34.0327851293 33.0543169071 32.5307429017 32.6959667181 34.1761890567 32.2635431778 33.8788096141 33.5017025265 32.7749638519 32.387809795 34.0446408582 31.8106631823 32.1666747982 32.8771595111 34.221801745 33.3813487845 32.5176577291 32.1886142289
0 0 0 0 0 0 0 0 0 0 0 0 0 0 0 0 32.4804551776 34.9862745103 32.1371133138 53.724713823 61.7395301768 58.7265911031 33.262613296 33.8313898629 34.0100584931 34.9803865613 33.709274103 34.7333027149 32.557332778 33.7552119497 35.0289371455 33.9867374313 33.4839404924 32.2793603843 31.7744221075 31.941225033 34.8171079448 33.3007717774 34.9258015452 31.7966859191 33.878928782 32.7891705394 34.4424480222 31.7537694034 34.8292806196 33.7978493548 32.8780552484 34.7027105468 34.8678266703 32.8798161319 33.05196323 32.8987364481 33.890596414 33.5914296495 34.3842329791 33.1727611744 33.8153929011
0 0 0 0 0 0 0 0 0 0 0 0 0 0 0 34.3897540362 32.3487189839 33.3424463759 31.6289178284 61.1515166151 54.0849144972 57.1334148448 58.3737107408 34.4218349496 32.7381354266 32.9782770635 34.3209829658 32.1354784205 31.6349429682 31.8292911799 34.2510224447 32.4879646012 32.2633104231 34.5351146994 33.2802699045 33.3980586586 33.5855678156 34.8993459104 33.0683887383 33.1945574032 33.3717314617 33.1820270216 34.8453886134 34.4931716573 34.8441994505 33.8692973269 33.475843496 33.8272275788 33.9679901872 33.5753202651 33.9058117405 31.5252927503 33.8135362793 32.9321938921 33.6577574939 34.1525400451 31.8748250138
0 0 0 0 0 0 0 0 0 0 0 0 0 0 0 32.6700122994 32.1570548741 34.7674877701 32.8283652747 64.0151494671 67.5846264652 53.8467169514 61.4809848703 33.7311253419 31.5636481304 31.8796628096 34.2304183565 33.1735060487 34.8575200455 34.613507676 34.9328640658 32.6469807419 33.3458236054 33.6384155877 31.8511014349 32.6159891178 31.9311407618 32.4431295774 32.5328967411 33.4006877854 32.7567285094 32.0915080594 34.3732470328 31.9261278433 34.9084522535 32.5526596538 32.7248366945 34.3684019681 33.0127027866 32.2476087271 32.988432175 33.0506822482 34.0188263343 33.4188729889 33.8027902219 32.513597457 33.7799271946
0 0 0 0 0 0 0 0 0 0 0 0 0 0 0 33.2107813071 34.6738046746 33.9338851671 34.1980308916 32.1467302404 63.6734101878 68.3559638681 67.7367204518 32.8553833457 33.5902903166 32.2250027616 34.7793988337 33.9008027526 34.2681807769 33.1139247154 31.7134287094 34.7635326749 34.6982588147 34.8307125152 32.7591837971 34.0781525196 34.5689464244 34.8916407267 33.7784290195 32.7908329321 31.7538944112 34.8907857226 34.7733932343 32.375398137 33.6573646259 34.6586015197 33.5381563606 34.5645241238 33.9646524221 32.3539663827 33.6901444003 34.6743256013 32.4996687446 32.1195724525 33.5986387247 33.3158653867 34.9111679336
0 0 0 0 0 0 0 0 0 0 0 0 0 0 0 34.2979965887 31.9440866398 33.7283713192 32.8856127805 32.9296774504 31.7781895739 33.877415455 34.9237112019 34.3817482766 32.0432768553 32.0832177234 34.7795698323 31.5911624638 31.7201316539 33.894106391 32.7325977439 32.5199825647 32.280460909 34.72521423 32.7929689176 31.9487243466 32.0669671255 33.8703293359 32.0515687994 31.6696469171 31.6794180351 33.8481445698 35.0126279343 34.1440324883 33.4145801061 33.1057369778 34.7023083233 33.7821053508 31.5429531966 31.5969060768 33.9394511949 33.7599588231 31.5163932286 32.9914367017 32.5625095792 33.558788117 32.0883466299
0 0 0 0 0 0 0 0 0 0 0 0 0 0 0 32.5724589157 33.6572101398 34.7030629964 34.0466695658 33.3808186981 33.4960228987 31.8512919995 34.3696839958 33.256033438 33.886187986 34.0072284714 33.3095472703 31.9453252527 33.6355993321 32.7429504198 33.0272082481 34.2511878648 33.0948672149 33.8222464657 34.842023676 34.3521188353 32.5729612927 32.0581231235 33.0752322931 33.994524761 33.2032105891 33.3452716242 34.7492079182 32.9782878508 34.4490966111 34.5481391732 34.1701626503 34.7127358031 33.6128336963 32.1856915143 32.476574746 31.9518858651 34.9429389562 33.8826574052 32.7270366266 34.7197928403 34.2218094641
0 0 0 0 0 0 0 0 0 0 0 0 0 0 33.0430619632 33.7059273394 33.7993144811 34.6094549899 34.9973397952 34.4144608058 33.5553511575 34.1055133174 33.3040484701 35.0304002405 33.2344354282 34.8427032773 34.3760729749 32.1528238499 32.1807460219 32.3919415767 33.0578464635 31.8383745072 34.4911186535 34.6891770049 34.3105614972 34.3597190722 34.5088661905 32.5700740549 33.276054441 34.397236023 33.3497032666 31.8018344981 32.9398108992 34.2060333324 34.5616407203 31.6301586851 34.2755736954 33.704936207 31.9730054925 32.8750092523 34.0739636727 34.6500494763 34.7439683721 31.9499569015 33.3783880853 31.742958217 32.2375752737
0 0 0 0 0 0 0 0 0 0 0 0 0 0 33.4726225621 31.9194291956 33.4090726063 32.75355173 34.9335946182 31.7962355258 33.24632336 31.5141183727 33.7974821828 33.3598048204 32.8540024072 34.9256760299 33.0445504106 33.0991176193 31.9433922343 32.9907243172 31.9040168058 31.9822950699 32.8406954194 32.2366990966 32.8009493151 34.9598394096 33.2489094384 32.0405658885 33.2894042589 33.9700997333 34.4713492257 33.4654322432 32.0282256463 33.7999989559 33.3537322963 32.0409373116 32.0674717531 33.039383434 34.1337037925 34.4271201327 31.6840642436 33.7864126336 32.5076274069 34.0114747658 34.2640120136 31.5429037548 33.3037402904
0 0 0 0 0 0 0 0 0 0 0 0 0 33.4807847002 31.8807684416 33.9995724675 32.2919675625 33.0258311055 33.911170161 32.9474460294 32.9908316402 32.830991013 31.6162287191 34.9785788726 33.682064106 34.9002526504 32.4743005769 34.9253876361 33.7766493696 33.2971047849 35.0034397374 34.0595669637 31.6271442735 33.3326787648 33.2151404989 34.7028671904 32.5425810312 33.2007648551 33.8207100443 34.4990489071 31.9099537451 31.8598663605 32.108587169 33.5308346683 34.6920014379 32.4299535721 34.7335928793 31.9356970746 31.9003135041 33.2277068131 33.225860482 33.2340137048 33.2412458525 32.1896540293 31.5654962797 34.8218221238 32.4973943852
0 0 0 0 0 0 0 0 0 0 0 0 34.2355818433 32.2557323529 34.2190550493 34.1237265452 34.7160525534 34.7615201194 33.2568058102 33.8784731744 31.5960025787 32.0287447265 33.4911202361 31.7343430621 32.9711968416 33.6202110956 32.1421599224 32.1409041832 55.8043548654 59.0204402012 63.5535796952 32.3444165896 33.6487835499 34.20616067 34.2048018902 31.5281892258 33.9809424801 34.2966587255 32.7485471625 32.9551841378 34.1360718325 34.7561119972 31.9873771249 32.1148097666 32.4475476234 32.6868376017 32.5808030954 34.8761515282 34.3252290534 33.1652479199 32.6565444182 32.7136265375 31.868526933 33.5461883522 32.9844884337 34.8964438689 33.1683393522
0 0 0 0 0 0 0 0 0 0 0 32.3269171698 34.0905833852 33.8263868972 33.273530776 32.2404648409 33.2740002532 34.6606965168 32.8943251491 34.008020421 33.6633595491 32.7784468904 34.3203990997 34.9938666796 31.9828185574 34.2537217529 33.8291610874 33.5827416875 67.1718212608 61.7051547493 61.8766391176 32.5702940158 31.6038294177 34.2074847232 33.0189115259 33.3239483371 32.3767999017 32.7795183371 34.7584069833 33.2462525253 34.4036101833 34.0144773571 31.7013468776 34.1103626983 32.7074234993 32.4111535014 32.7382460246 32.2355641114 33.0592472049 31.6107344195 33.8137945053 33.8212576441 33.325701891 33.7483343302 33.7634804471 33.1705211144 32.029324918
0 0 0 0 0 0 0 0 0 0 32.8899694399 31.9121561359 33.5620214248 31.6735332979 31.7688943255 34.2954103065 34.8463241768 35.0220401849 31.6212451349 33.7979745922 34.0008306882 32.0061305831 34.1614044261 32.4874278813 33.6385699864 34.3632126938 33.0882033843 31.6297785176 65.0221259143 69.5186503465 62.6400373789 32.46968769 34.3422330765 34.418395913 31.608348136 33.6962471923 34.3706158321 34.4519075643 34.2825958048 32.4795430809 34.5497439003 34.111517017 33.3602441406 33.9066043015 35.0210814947 32.2059294224 31.6207614275 31.9159564302 32.2645982512 34.5948155101 32.1523206247 33.6000420073 32.1742471392 31.9916736775 32.9215016543 34.502941756 34.4452135444
0 0 0 0 0 0 0 0 0 0 33.4854168609 33.8914706126 34.8073132927 33.3764599012 31.9707392834 33.9570903942 32.7773198918 32.8930138638 31.5442747619 34.6521447438 31.7351792983 31.5233492443 34.6811636343 32.8925510156 34.7393275249 33.6962406109 34.1104022096 34.4161716579 64.0935425899 58.1683106341 60.9720665881 33.1761218984 32.5297292971 32.6058291967 34.7951911232 32.7479685506 31.6753887723 34.581757105 34.8760176618 33.3387236052 34.718301124 34.8576556359 33.7103691614 34.231931476 31.6470231995 35.0005808392 34.5370402285 33.125716068 33.2393720387 35.0123200762 32.9601662497 34.9257369513 33.0265605623 32.0947142053 32.2957470271 33.4635628945 34.4439942419
0 0 0 0 0 0 0 0 32.6985635448 32.2670632876 32.7433749237 33.1774973518 33.294510753 33.1762851467 32.3604929113 34.0240256062 33.330811075 34.112074654 32.0469890742 32.0131052077 32.1918045315 34.4305901388 34.8884194726 32.2603431365 33.9347942411 31.6249973331 34.2032865583 31.8336445452 34.6962063878 34.4445884489 34.5172213109 34.1967618098 33.0317437858 33.5821777836 32.8978609202 31.9273463712 34.109715469 32.1001149159 33.479008214 31.9426904818 34.5096736635 34.3056981623 32.6887792057 34.6368685794 34.275925112 32.5741721919 33.7880944005 34.4414160634 32.8965405797 33.9844689475 34.1418659327 34.4298787261 32.2852501123 34.7268686112 34.150439305 33.8545150484 33.3875339002
0 0 0 0 0 34.3030209039 33.7665669493 31.7623676835 33.229642271 32.9020834237 34.5298339275 33.4765203379 33.9857579537 32.8341141248 32.9962325401 33.0215333829 34.6767627102 32.2884399073 34.5396147468 32.6997730788 34.7480460059 34.9763053891 33.5257292246 32.6478501046 34.0635778455 31.9911995822 34.263075071 32.9351561732 34.5158870843 56.1838006778 63.0271293423 66.4968881739 33.4391863138 33.6229292004 33.5484079131 31.8009436817 32.0288140267 33.4272882376 34.0879380047 34.5223344206 34.7206896439 32.8549650488 33.4489808827 34.400739115 33.675204156 34.9093349911 32.3117098897 31.9794944285 33.2240701097 34.9273994802 32.7083309388 33.7146505315 33.6628735216 32.6490946373 31.5021283703 33.4594989954 33.7580260824
0 0 32.8850936551 32.9492744522 32.9315412029 34.7556588578 33.0564355923 33.7286872425 31.6740312856 34.4015848746 33.7097528154 32.7424906867 33.9040851421 33.9569094393 34.0032433093 31.8682340122 33.1213059458 34.0206302013 34.7952966143 34.0945607516 33.5066863041 31.5730232713 33.3500124423 34.7064218752 32.0981123185 34.8421475118 34.8732700184 34.381609065 33.3395198473 56.5700741182 60.9801313593 60.2562769371 34.7526844787 32.0191065652 34.0632118969 31.9618186681 33.8209084241 33.5794895005 34.6986061098 33.425564374 32.930814439 34.0733379981 33.751712025 34.3292187429 34.5158003599 32.3211836136 34.475846518 33.7323906117 32.3086959759 34.8274617319 31.7741066243 33.9024945564 34.4671694363 33.9526470776 34.6495432406 34.9946729494 34.0887864654
0 31.8864931806 33.9520733964 33.7634732245 33.8063955726 33.9759017956 32.8457566874 31.5619715827 33.0529843867 33.0771743942 33.1748818032 34.4002592697 31.6655573406 32.6110902642 32.8544530706 32.3559574029 33.0867403885 34.2109636356 31.6622415597 33.7053099739 32.8922322576 32.6177952561 31.5283913102 34.5176296789 33.3370695235 32.3701498092 33.7827293193 35.0254895554 31.9326449216 60.3651644315 55.8544034482 68.8794316087 34.0378851717 33.4449315718 32.7164479218 32.1644646657 34.1487009538 33.8064175714 34.7667139582 34.5472851776 33.3345134736 34.8888244994 33.5262821748 34.1936186154 32.1638346856 33.4320346157 33.0297928158 31.9792192629 33.7836443383 34.1743143877 31.8069376782 34.1917301485 33.9343858558 33.4577891968 34.1852515468 34.0789294468 34.7722995846
34.2694566514 34.5548448335 32.6895359198 32.6131412783 33.8692844751 34.9144998468 34.4387210097 31.6749478227 32.2358441257 31.8236960131 31.5069811201 32.0077161513 34.3784755415 33.3904665162 34.6087327653 33.4790566587 31.9916841488 32.0298186637 33.3031749497 32.8117689718 34.1543929508 34.6790578775 32.0749720482 33.8681569067 31.8383562437 33.6638027687 32.4205960648 32.8529849666 32.8557211513 34.2637789749 32.8125760764 33.0029458846 33.9841248534 34.6127636396 33.1327890528 32.6508364339 32.9031492361 34.3855523942 34.9129369015 33.6304643746 34.7989488903 33.8753731386 33.4282607518 33.7184066517 33.8854901439 34.7016832854 34.5501352734 31.5605898957 33.8056409504 34.9826616268 33.8016344828 31.5533714199 31.7014541073 31.9478509221 32.1210327813 34.5463553992 34.1947290239
34.9617787198 33.2799802695 31.9031537149 32.8160746404 33.3157075941 34.7815500536 33.6005076114 33.6841250833 34.6681085946 32.8771762997 31.9099987699 31.977002908 34.5493790904 34.076153349 32.7542631021 32.6620188963 34.6142237102 32.0634844418 34.269845772 32.2207177839 31.9995521933 33.852511645 32.2365027763 34.6607963732 31.9353554008 33.1305285431 35.0149477061 32.0969758212 31.6526095968 31.8332808054 33.8139109752 32.1994325488 34.6046703595 32.2195923517 32.7833168361 32.2596302555 32.8070973812 34.6457596697 34.332755498 32.4969175906 35.0067236993 33.41278874 31.5016379444 31.6589323631 34.4280238116 32.1416212221 32.0906874651 32.5087212062 33.5184311358 32.8019274206 34.0553132115 33.9994630006 33.58342624 34.639805011 34.9822355223 33.1504076928 34.2828190096
32.6860396479 33.8899152053 32.3945810807 33.5358637013 34.6908329646 32.8421973314 33.8892388965 34.0815772203 32.2803284786 32.2760752876 33.6074782423 34.6403727394 32.0383110883 33.4705284947 32.1713586352 33.1806353304 34.2204334237 32.5520814271 33.3324515151 31.7538236634 33.7917015919 31.9982339453 33.8918970024 33.161521402 34.8888494689 32.2828832673 32.7815221943 33.1892968065 32.0101826519 34.7665827877 31.6315199954 34.6730261046 33.9949511462 34.0749105878 32.9965742862 32.1529512996 31.9104289564 33.5325907999 32.5167074092 32.443780851 31.8126418168 34.4799393643 32.6981837994 33.3582289294 33.6880589557 34.3326127138 32.682747964 34.7605986582 33.92635571 33.3325016858 34.5713874551 33.9916804766 31.6771296747 34.1786096403 31.9571727185 33.5347805536 34.9059244192
34.4583311429 33.4874817686 33.0282837157 31.8140910345 33.9430371662 33.1601742405 34.2597491337 34.4085453296 32.6160258866 31.8271235603 33.1196549792 34.6362402632 31.9334583182 32.2025389851 32.1366556111 31.7842558375 32.0688570712 33.8899924707 33.6227741298 31.9025858544 33.3520942297 34.2859491096 33.0398035288 31.8253948412 33.5780942941 33.9165774004 33.8692820712 31.7431215319 34.3564277785 32.3297368253 31.9639378357 34.6228742593 32.0037101058 32.2736439692 32.1525224544 33.1331382062 34.6898842089 33.2671219166 32.5372799969 31.8542694209 33.1221968982 32.6863721455 33.5855029295 33.4883342268 34.3039730234 32.8795382215 33.9247857794 34.8272011554 33.0701783802 34.8564295434 34.6581154212 33.6499177223 32.0114742729 33.3517595091 32.7534999278 34.9712778031 32.032000305
32.7294703685 34.4080222402 31.9406895825 33.79002238 34.1694723339 31.9903094435 32.6363285796 35.0107850764 32.7937342539 34.515651293 32.9782328514 34.9828754473 31.5494789737 33.8917812389 34.8836842272 31.7701611261 34.6615740814 32.8097739129 31.7100583995 32.4885164378 35.0353107536 34.6222382087 34.7426828422 33.7129984763 33.6254970437 34.0241724584 34.5118679304 33.5640566256 33.5392154392 33.1524420594 33.3997839455 33.0596961228 34.5891174962 31.5967889263 35.0228831526 34.553031219 33.5785451802 34.242524153 33.0061615952 31.5348641044 34.8195765102 34.6338655908 32.843284994 31.7850330373 34.0559479248 34.7723813579 33.749816849 31.5570080918 33.9569492991 34.4423882036 32.9361847483 32.8749573077 34.0289690401 31.9525260424 32.8074051441 33.2732788512 31.8482562592
