Spatial_Output/DEC/DEC_0122.asc
NCOLS 155
NROWS 192
XLLCORNER 196307.867259
YLLCORNER 449144.565805
CELLSIZE 33.573938
NODATA_VALUE NaN
[rows 130 to 155 of 192, columns 57 to 113 of 155]
45.1776829498 44.8970425304 44.9321966401 44.8796888536 44.6911276734 44.9138002784 45.0228231345 44.9662868979 45.0960264329 44.7330291188 44.9563781341 44.9946842252 45.1834800853 45.1860189933 44.6441182619 44.6644783545 44.5852384872 44.9814445029 44.8913460115 44.9970796302 44.9219268831 45.1333965696 44.8752383138 44.9464242061 44.6570053666 44.5519082972 45.1816033364 44.5449429771 44.8174655404 44.6022281763 44.8780243827 44.6507798498 45.0736643349 44.7952084662 44.7796437937 44.9670218102 44.870903396 44.5275017631 45.1765880533 44.8413490968 45.1263274465 44.8074448513 44.5815134336 44.9093835132 45.1219974793 44.5646559021 45.0800403641 44.967147126 44.8847347976 44.507498513 45.1904345856 45.0898077906 45.0698148267 44.855509501 44.7903818766 44.7679246908 44.7456682819
44.5296104052 44.943902043 45.1551533431 44.7703253118 44.9001384469 44.5062015559 45.1066154664 45.0652235647 45.0917423917 44.6024571591 44.6173982127 45.101257985 44.794344011 45.0294294933 44.8835834696 45.1270622093 44.9962490025 44.5037714044 45.2022171248 44.7146592514 44.5413446878 44.8383824025 44.927623858 44.7077338206 44.8915183556 45.1496081752 44.7781148359 45.040966529 44.5229276796 45.0156284553 45.1877490584 45.0733535477 45.1187157212 44.6798265439 44.506328978 45.1400669473 44.5506668895 44.7018052988 44.5137372187 44.8198303318 44.641416272 44.7139027459 45.1200185022 44.8411283846 44.9358746921 44.8494861132 45.1933290682 45.0840709162 44.9466136716 44.8375856383 44.6596780984 45.1629651628 44.7617089583 44.96624062 45.1039671633 44.5344842262 44.9548229509
45.1970410319 44.7821463411 45.1904618951 44.8381225799 44.7892770553 44.636266472 87.9709085277 45.1660930053 44.7577240278 44.6367733393 44.553259609 45.1816095775 44.8814301336 45.1839868242 44.8476533893 45.1549710299 45.0865822597 45.1258164025 44.9353809955 44.5725879175 45.0413584443 44.9532557979 44.7650754586 45.0221798366 44.685878833 44.5629790347 44.8179024916 44.5684278287 44.7014436737 45.1054398596 44.6241219123 44.8298110525 44.827417045 45.1225966809 45.1493859089 44.9422188171 44.6089058989 44.8826663648 44.7641386041 44.6578712204 44.9208617496 44.9553462566 44.8319466186 45.1881828529 45.0905008351 44.7065448634 44.6537951663 44.8553048065 44.7031186571 44.6940965197 44.9277055246 44.5994281639 44.6091896106 44.7813167081 44.5981293063 44.855737676 45.0003754839
44.5161125621 45.1694952729 44.760233612 45.1809582566 44.8050885299 45.1957603455 45.0574293713 87.9709085277 45.0096387151 45.133929968 45.1585820455 45.0766698411 44.704209786 45.0725381797 44.8752365804 44.5952971179 44.9944540919 44.6282781364 45.1843474673 45.0393129074 45.0635732752 44.8606229159 44.6582575704 44.6902950279 45.0596431362 44.6739361949 44.7825380376 44.6653516336 44.5763590921 44.5625125508 44.9061199064 44.9237772769 44.9272361956 45.1888364259 44.7418320504 44.7689183102 44.7029134546 45.0883139838 45.1243906665 44.5570001895 44.8409018986 45.0117690752 44.8489079379 44.7820849175 44.6337730592 44.7714197516 44.7939775313 44.6877378519 44.5435089107 45.1843604116 44.5926854418 44.9820302303 44.7184359996 44.5691306109 44.9921477101 45.2043729543 44.630483143
44.5848665051 44.7714197081 45.1715754202 45.1932578159 45.077610879 45.0063921952 87.9709085277 44.6334831196 44.6122686835 44.5348036994 44.5524141222 45.1841486945 45.1390667509 44.8498097432 44.7005426692 45.0813559838 45.1646507778 44.5302047125 44.8111139937 44.5743656318 44.8328707529 44.5327214264 45.021925217 44.8928812401 45.1343685629 44.8585018521 44.5486082822 44.6166611845 44.5522820576 45.1520541961 44.9484837015 45.1354377161 45.1798779992 45.1981677447 45.1851194923 45.1059518226 44.6634852306 44.8539356944 44.6212405726 44.6278699946 44.5576057847 44.5110360332 45.0554463482 44.8093078102 44.5996836843 45.1495514099 45.1611524451 44.747754605 45.0767154951 45.0004306161 44.5090373891 44.9078498039 45.1012239326 45.0288593066 44.6529816578 44.626901973 44.9235307036
44.9066678147 45.0957121433 44.8445664838 44.5073115998 45.0764686847 44.7099150827 44.6219073913 88.0656404311 45.0451900238 45.0686263331 44.7277909629 45.0967483928 44.6639439448 45.0597449312 44.9614454936 44.6857730794 45.1025109433 44.8742046133 44.6740533014 44.9220405359 44.5295969173 45.013220584 45.1871153663 44.6249224651 44.7847621738 44.9135900449 44.8558635672 45.2027089184 44.7147859384 44.7239332115 44.8251443594 45.0798082975 44.7167718035 45.03321468 45.0671705725 45.0168861429 44.772223812 45.0433540582 44.8100012369 44.559641275 45.0492434241 44.5168236105 45.1981307304 45.1559365729 44.748798101 44.5278373648 44.8773370309 44.8503976284 44.7829829159 44.6488651655 44.9134810798 45.1982220047 44.750036189 44.9775444112 44.8961187207 44.7313270902 44.7329498368
44.9953541342 45.0546309091 45.0834426724 44.8296791533 45.0690828917 44.8617677084 44.8828906915 88.0656404311 88.0656404311 88.0656404311 44.8031424351 44.6519624584 45.1881298823 44.5103420412 44.9861436346 45.0611838057 44.7598392696 44.7571793365 44.9587102047 45.1031643996 44.9081647981 44.9998598459 45.071458758 45.2001211816 44.7114887844 44.7733594865 44.8063081828 44.5078403466 44.5609607355 45.2059863653 44.7654233282 45.0399495588 44.6814639946 45.0653791249 45.1645252671 44.6383743418 45.0427611126 45.1831023032 44.9013662528 44.6719824983 45.0822246857 44.5886086378 44.9811606519 44.8742724095 44.5783028999 44.9332259961 44.5442912295 45.1655914146 44.6516565011 45.0503912491 44.7393005165 44.9563885826 44.6544990102 44.6410185588 44.6456815996 44.683790344 45.1440833575
44.7358937637 44.9682243138 44.9007389209 44.9084415602 44.8503608502 44.8711403407 44.5725738469 88.0656404311 44.6084946568 45.1685075752 44.666999376 44.7078756153 44.6058583345 44.5697187493 44.8252927737 44.8704789922 44.5508902816 45.1422946263 44.6880424998 44.9998140371 44.8276063866 45.0395725876 44.6204791184 44.7831574359 44.848851709 44.6723746004 44.6258015478 45.0276336497 45.1226625496 44.9498996713 45.0584417627 45.1700594097 44.9114060752 45.1402595154 45.1689160931 44.6833244011 44.7000937225 44.8835525071 45.0750957686 44.7106018063 44.6483836299 44.7918629568 45.0884704663 45.1746159482 44.5525907457 44.546265709 45.1979250329 44.5019518697 44.9307739861 44.8542516819 44.6318612462 45.051455529 45.0155670021 44.867346313 44.8180637332 45.0711719082 44.5584644811
44.517352555 44.6568608173 44.6255986434 44.6817890796 44.6865051188 44.6592972295 44.5810549772 44.7647030514 45.0827671235 44.5655303594 45.0328269503 45.1290284602 44.9968963366 44.9650205999 44.6374500785 45.1044510381 44.7380297946 44.9734395844 45.062425205 44.5388420059 45.1261906063 44.8431113596 44.6240506345 44.7932305862 44.7529002681 44.5467901452 45.0211637491 45.1080316769 44.7102393417 45.0142250801 45.0644204016 44.848178491 44.6421893756 44.9000330063 44.9716544244 45.1491332882 45.1840138657 44.9081979811 44.7601307707 44.7464267929 44.807264846 44.5062910775 44.7452318563 44.9106302673 44.8575747238 45.1033083082 44.6870176615 45.0574061938 44.6876988655 45.1655945068 44.8034751629 44.9040290193 44.6367587398 44.7629680401 45.0886592504 44.9805985608 45.1667163856
44.9386992473 45.0028549133 44.5942724 44.8853322299 44.7575484074 45.1788453506 44.8407573396 44.5790954944 44.8534738527 44.8427084658 44.6291192679 44.7066701374 45.119007378 45.1237466955 44.615023421 44.9175372593 45.1043106492 44.832365747 44.8241487306 44.5708931762 44.6760928049 44.7173570328 45.1362435893 44.9411167466 45.0195587455 45.1462744606 44.6741990127 44.6158278068 44.8678480649 45.0249438693 44.7377503329 44.6932910622 44.8866803617 45.1870678711 44.8342428492 45.1211658682 44.8579631468 44.6281354967 45.1569350149 45.0303935185 45.1475077472 45.0680757567 44.6818338035 44.774699943 44.7224193674 44.9560502289 44.6265753141 45.0887580009 45.1473697764 44.6573708558 45.0081145376 44.5740472937 44.9015299802 44.9187123061 45.1516939235 44.8037809581 45.1676586745
44.9910926661 44.583012968 44.8515069896 44.911502688 44.8851906576 45.1418262311 44.9957724354 45.0220018454 44.9976983392 44.7338741218 44.702806507 44.5740126077 44.7483936944 44.8394467599 44.684151752 44.5410419669 44.7745839061 44.5362454915 44.5680714782 44.9410924936 44.5948124378 44.5857238632 44.6663877386 44.8224257285 44.7885641801 44.9032864314 44.7873024818 44.668687833 44.7827852229 44.8023621401 44.6191556648 44.7538899853 44.5986070077 45.0052057637 44.9019637139 44.729673077 44.8166497536 45.1471086665 45.1004206283 44.6541606215 45.1765562506 45.0936453868 44.7327897556 44.9265490799 44.9788171796 44.8479117745 45.1378170119 44.8213642336 44.8063230235 44.6304608774 45.1492483341 44.868060633 44.5070982825 45.1770145046 44.697622717 44.9850858586 44.821313214
44.6724522975 44.8425330252 44.6080813836 44.8337858965 44.6646616014 44.958708159 44.8737018318 45.0474162691 44.9906009497 45.0221661044 44.7526562129 44.9242085655 44.7130140566 44.9135655626 44.5178006113 44.6809621223 45.1358897605 45.0896285486 45.1301803919 44.6848719184 44.6988629895 45.1105592878 45.1688686618 44.6912594137 44.6616254055 45.1515501407 44.6785276205 44.5713666248 44.7877065751 45.2063351129 45.1622947809 44.7198474867 44.9994464208 44.6464821059 44.9890919975 44.5654468276 44.9330048874 44.7496389358 44.938505863 45.0672636215 44.7670487154 44.6397336195 44.7914736544 44.6135642228 45.1363441502 45.1303303003 44.9869251271 44.5978339966 44.7758221868 44.930528123 44.8669745309 45.0242642221 44.8880607305 44.6754159105 44.5534132226 45.155900968 44.7052992855
45.1450534543 44.5391202976 45.1319376194 44.577753257 44.7913476349 44.7204342616 45.0503831682 45.0137097156 44.600207632 44.9134475337 44.7105930089 45.1090055797 45.0128615444 44.937017644 44.8138274617 45.0391109337 45.172129274 45.2003885977 44.9816991295 45.0522279022 44.7037561113 45.1564073534 44.7282479478 45.1056618903 44.8062222909 44.985480627 44.6450226087 45.1311896726 45.114785757 44.7064378878 44.8554226641 44.9148239576 45.1167599797 44.7831650221 44.8279556994 44.7485527351 44.8628195152 44.5616823534 44.6946335088 44.5894365305 44.5177102421 44.7666620886 44.8305624969 44.5578167964 44.8016928601 44.5581254303 44.9893258391 45.0055394074 44.8434390441 44.9498841527 44.7911267744 45.1934112086 44.8634904277 44.9625174338 44.8445129137 45.1358968247 44.9075005389
45.2030823545 45.0205777016 44.9700072044 44.5144442265 45.192642676 44.750822698 44.5832031487 44.9648065912 45.0124743126 45.1591797316 45.1794828153 45.053265258 45.0294831486 44.570181643 44.6423685398 44.6186177793 44.6434977189 44.991703326 44.6026495935 44.836945085 44.6985803432 44.5075397214 45.1142006205 44.9501116817 45.0468187073 45.1210349837 45.150295054 44.5168908381 44.6610281525 45.0469993752 44.9427241652 44.7228818222 44.7609066647 44.9674275161 44.9118883542 45.1636528985 44.9887703227 44.7690576967 44.938555907 44.6673256244 45.106926604 45.0671677542 44.7692439646 44.6776357153 44.8947774629 44.8504070006 45.1060334299 44.7090683599 44.5562378068 44.7483817873 44.5237878806 44.5145769174 44.7216892141 44.8090883938 45.1682833476 45.0222101093 44.5269013266
45.0088488043 45.1092006967 44.5262189151 45.1077760033 45.0916891464 44.8803109093 44.5619929023 44.7795833539 44.7841498178 44.7611477847 44.5406386956 45.0824740594 45.070703636 45.1973736115 45.201170734 45.0155353137 44.8398756624 44.5597925993 44.9216334109 45.0652157592 45.0302173255 44.621226883 45.1083343286 45.0301213393 44.5252382198 44.9792082681 45.0085172705 44.7727951454 45.07713371 45.1568304104 45.1073947413 44.7373785883 44.516855348 44.7903288372 44.8907750123 44.647934015 44.562554667 44.9660793517 45.0456071494 44.7860916128 45.1911561773 45.0094429056 45.0986027582 44.9228698662 44.5179020289 45.0553666322 44.5840036277 45.1204648933 44.9444471995 45.0356437414 44.7555279035 45.0029011753 45.2037950055 44.9886174322 44.8485121468 44.8225084399 44.9421948131
44.7301921917 44.9581914361 44.7708441258 45.1149376788 44.845956939 45.1355939195 44.9346079364 45.1272501473 44.9561780351 44.5863245938 44.865758072 44.5073250634 44.9462248667 44.8603015683 44.6187567185 45.1507853879 45.1594687053 44.5897349189 44.6772343903 45.0428225161 44.5697464195 44.6748557587 44.7474880563 45.1078650188 44.5599081928 44.8795843254 45.1994719473 44.8301835042 44.8695189266 44.7221080682 44.6619660972 44.8435999359 44.8363599958 44.7609315917 44.8014480927 44.5028917366 44.5920630656 45.1922708788 44.9434926276 45.1579643949 45.0548304915 44.7542203856 45.050740702 45.0066204121 44.6590987092 44.6644034912 44.831623056 44.6716721734 44.9370189602 44.9370115674 44.5501490052 44.7162827079 44.9252260362 45.1359433337 44.5621690785 44.7408472128 44.8119367711
44.7306404207 44.8684461115 44.731020531 45.1992540878 44.5377208272 44.627220943 44.8132996602 44.632879756 45.1269957082 44.9836512345 44.7120545886 45.1412390051 45.1265116048 44.5869345504 44.8513280112 44.56543891 45.0097319974 45.0547598504 44.9360664269 45.1163039752 44.7304931775 45.0217289606 45.0677976979 44.6409667367 44.5615794848 44.7018217502 44.5202491943 44.6693051496 44.9921452798 44.7620541177 44.6713475378 44.6667112166 44.6070322483 44.8232628485 44.5943218201 44.9409734076 44.9101244867 44.5720665276 44.8209103062 44.8212622795 45.1236105843 44.8755060962 45.0913039107 44.8235076806 44.931483909 44.6717891255 44.894707078 44.7215137642 44.706838441 45.0063180208 44.6537517039 44.7120063005 44.8881043966 44.8804456421 44.8931382097 45.0043946973 44.7213505615
44.8459066067 44.6335250411 44.5167504265 44.8123186574 44.5653678596 44.5574841013 45.0580753148 45.1634575816 44.9782268522 45.0121373752 44.5238016945 45.1819235752 44.6514415356 44.6175497441 45.1261485671 45.1304218088 44.6353499176 44.9769391256 45.1466825111 45.0752327531 44.6205906519 44.9104446287 44.8990133516 44.7289064051 44.6561907046 45.0758653982 44.7053914115 44.5768925695 45.1393387291 44.6924246649 45.1727462941 45.1494841912 45.2049113366 44.9335210207 44.697437895 44.6337596063 44.9093145042 44.7978197638 44.7516075672 45.0270038118 44.7888614446 44.5383417695 45.0757083246 44.8743838449 44.7720075802 44.8183804231 44.9941657279 44.6106744752 44.756330359 45.0476306924 44.7388075492 44.7703041541 44.511646435 44.8095507528 44.55579177 44.6275519626 44.5652417699
44.9153569409 44.9020075362 44.7658043425 44.5867208678 44.9103392377 44.941872751 44.6518294639 44.9261146128 45.1477925282 45.1188475155 44.5986775787 44.5724779588 44.8284388029 44.5712334566 44.7985915464 45.0839063915 45.1223126998 44.9575011947 44.8047003243 45.1281737026 44.6173020008 44.7036930309 45.0786251157 44.7137888257 44.5095039649 45.0998198253 45.1883689446 45.1213585805 45.0205954315 44.952517485 44.8775216325 45.1009325766 45.1676159223 44.8170184689 44.686604864 45.0784241439 44.5816658437 44.7680132358 44.6899107576 44.9475550421 45.1464293823 44.5491830475 44.5994148533 44.9875607658 44.8854144049 45.0147616934 44.8777373902 44.7816695182 44.9110937485 44.5344325433 44.6027802515 44.9797850196 44.9754188591 44.9915726807 44.6343745516 44.8234774736 45.1035546282
44.947949253 44.9384598127 44.6839632674 44.6934608507 45.0018273735 45.1987118138 44.6248031823 45.0792778976 44.6962967675 44.8239832093 45.0654239997 44.6366267748 44.5764922086 44.8320832073 45.0216430537 45.0942424229 45.1622252883 45.1487505223 45.0753134231 44.927557951 45.0878075321 44.573774086 45.0945241724 45.0870972669 44.5978809086 45.0814498438 44.6209753763 45.156086363 44.7416813224 44.5843062105 45.1217407856 44.7701147019 44.5500631237 44.5873870883 45.1134117721 44.7032691863 44.7221843899 44.6886297766 44.523756511 44.7778979747 45.0796034325 44.7221328169 45.0777580406 44.9277707225 45.1603917452 44.7436690015 44.6748545868 44.910391942 45.1918583281 44.6330326263 45.0882162418 44.978409801 45.0485505868 44.5005215282 45.1407317557 44.6535443841 44.991085718
44.7167689 44.6619071597 44.8404415751 45.1432740068 44.7291886322 44.8068772563 45.0101858115 45.0236011287 66.5647605399 58.9681940039 71.2927025691 45.1159819749 44.9590143898 44.7380898766 44.7903330375 44.8936534816 45.1684913893 44.9855150368 44.6957023175 44.7270081694 44.7225432821 44.5199013983 45.0563179252 44.5028534028 45.1969103288 44.7931273303 45.1242305095 44.893081649 44.876401828 45.076848588 44.8758175923 44.892617646 44.9250196031 44.8231258795 44.5146373839 44.9435541104 44.6542146381 45.100438163 44.7787058738 44.9085152101 44.6589917265 45.1233489166 44.533546537 44.5711679963 45.0360649743 44.7596440816 44.551617886 45.1918970942 45.0031712703 44.7483381617 44.6683381247 44.5335879619 44.8965343821 44.6229532282 45.0937647433 45.0771524702 44.9430741447
0 44.5104015692 45.0336501757 44.7946202938 44.9026323742 44.6120378446 44.742656533 45.0173573598 62.7181473202 64.5671555567 61.6888502331 44.8967833621 44.5779109258 44.541014631 44.5044843467 44.8060826195 45.0335862304 45.1895306449 44.8446763064 44.5775935435 44.5272426472 44.7942690565 45.1047921935 44.8441580594 44.9944895551 45.0983665515 44.552693086 44.6419061865 45.093272423 45.0532057475 44.8700566258 44.6159830757 44.5590052168 45.1403366724 45.1197297882 44.5331384088 44.8103569658 45.0607017689 44.8933230533 44.5776137131 44.694212111 44.5895344311 44.9119173927 44.5329191108 44.5376072223 44.6067821062 45.0380880556 44.9421655348 44.8319415625 44.9647676263 45.0450419995 44.856591595 44.6151635564 45.1278727377 45.2034424617 44.744378581 44.6564348114
0 0 0 0 44.88590014 44.7969867193 45.1322742125 44.700336581 62.4421682321 64.8763975714 67.6938080514 44.949345531 44.7766814544 44.7488197906 45.0176935377 44.8996745393 44.6575419883 44.974593861 45.1402849526 45.0683776528 44.8731018411 44.8465990185 44.6775742334 44.8976211908 44.6031863832 44.6788360426 44.8978109369 44.8572594714 45.0424147267 44.6291498445 45.0454548828 45.0732137459 44.5439663227 44.5628954525 45.1015370185 44.9932178476 45.0295010718 44.7523620205 45.0552006816 44.8192498366 44.6693513978 44.930649015 44.618664139 44.7956287082 44.529275492 44.8226155658 45.1429008912 44.8972568419 45.0541032694 45.1367072953 44.6748966862 44.6066222198 44.8936181595 45.055163651 44.5393807 44.6958043159 44.7789647945
0 0 0 0 0 0 44.5482408235 45.0434384575 44.9897290101 44.9706951136 44.6138805362 44.8579024771 44.8478901913 45.1576486351 44.8062936785 44.7135837021 44.8438365455 44.9558626091 45.0424732183 45.017543452 44.6216504344 44.5746569108 44.5168669718 44.5137090048 44.8037490278 44.7537182941 45.156248255 44.5397687899 44.9287934093 44.9846371876 44.8835620558 45.1304143527 45.1984682482 44.6042560044 44.7651704901 45.0388636087 45.064417951 44.7956907622 44.6184370546 44.8585744181 44.957354336 44.8166004389 44.6281735799 44.9250848239 45.0996794788 45.2047224746 44.6630337275 44.7212374867 44.6652630644 45.0113529317 44.6159407229 45.0611705581 44.8775309669 45.0855932195 44.5979890634 44.5152476126 45.1009608464
0 0 0 0 0 0 0 0 0 44.9946903952 45.0851984503 44.7354121203 45.0049716145 44.7070761469 0 0 44.9129643348 44.8918442839 45.01080569 45.0308751728 44.7829247323 45.1246700626 44.8331629453 44.7348002601 45.2015648216 45.0261765165 44.7077533732 44.7275197546 44.5893046836 45.0431943007 44.9359159209 45.1400338164 45.1036791459 44.8288798483 44.6219983327 45.115095345 45.1379734991 45.1301722245 44.8562856098 45.1105578466 45.0272406879 45.0508469601 45.0835001649 45.0627948894 45.004382001 44.8967011889 44.5984423607 44.9329308883 45.1654551711 44.7824186461 45.1311874453 44.790353151 44.5584112753 44.7111695877 44.6020452813 44.9104942241 44.5375951784
0 0 0 0 0 0 0 0 0 0 0 0 0 0 0 0 44.606527467 44.9704698468 45.0414221723 44.6728301437 44.9535249536 44.6189934433 44.5911089119 44.7551119067 44.6234548618 44.8151929725 44.8129299268 44.9669362254 45.0414797814 44.7894491014 44.9110747916 44.501101642 45.1812988318 44.7461362126 45.0318181997 44.6687992459 44.9562722555 44.9065355056 44.8368896292 44.8115565739 44.6402795836 44.5904301096 44.8449763862 44.918294677 44.9132065902 45.0548386095 44.7218093466 44.6819746421 44.7801675404 45.2015459895 44.8429237676 44.53640347 44.6726550886 45.1104719783 44.6959244584 44.7830959284 45.0175478122
