Spatial_Output/DEC/DEC_0482.asc
NCOLS 155
NROWS 192
XLLCORNER 196307.867259
YLLCORNER 449144.565805
CELLSIZE 33.573938
NODATA_VALUE NaN
[rows 26 to 51 of 192, columns 0 to 56 of 155]
0 0 0 0 0 0 0 0 0 0 0 0 0 0 0 0 0 0 0 0 0 27.0254782038 28.1260864357 27.6310059005 27.6620691059 27.5591839022 28.207853639 27.5912995993 27.4053104932 27.6704416766 27.5472947405 27.3914520396 27.0370227749 27.7349080552 27.579873357 27.2487339242 27.1807274203 27.9512411266 27.9743960093 27.4521699047 27.6384447551 28.0813072725 28.4086098467 27.1987523219 27.2030532986 27.4201763062 27.7712479884 28.3568460341 27.192903353 28.2824729855 27.9831732383 27.7185558729 27.0935476363 27.905066013 27.9059569979 28.3202999624 27.5978192486
0 0 0 0 0 0 0 0 0 0 0 0 0 0 0 0 0 0 0 27.8005746729 27.3687221747 28.1619964463 28.2013536138 27.5430694591 27.6058045884 27.3965007063 28.2872426074 27.1596929996 27.2526730623 27.7279238754 28.2292950496 28.1085322924 27.4371024464 27.630084222 28.081426491 27.1188501387 27.4851825352 27.5931829719 27.3117916747 27.8687175962 27.5510883839 27.4596260785 27.5018082371 27.1333245054 27.8076538476 27.5836928405 27.2493553231 27.6829850584 27.7449048415 28.178685782 27.0259217569 27.1478753006 27.9154903258 27.1285502683 27.6883570085 27.966420725 27.3257530262
0 0 0 0 0 0 0 0 0 0 0 0 0 0 0 0 0 0 28.0345628712 27.9938193918 28.0422782025 27.6811679039 27.3228126001 27.4642365443 28.1597005932 27.9710016556 27.6059212335 28.2044285375 27.6235214894 27.1022718447 28.3122243596 28.1456072907 28.2696868921 27.0671091405 27.6012344164 27.0455963169 28.2056246064 27.4327438754 27.2370565389 27.0731348685 27.2553856666 28.3982732821 27.6432010381 27.4533819777 28.0768315717 28.0390157454 28.3852088056 27.4967591922 27.053113008 27.6096284044 28.2758375255 27.6460211516 27.5869399827 27.5190972742 27.2425734471 28.2417315125 27.2874248936
0 0 0 0 0 0 0 0 0 0 0 0 0 0 0 0 0 28.3382677886 28.355945908 42.366407204 43.6711831866 45.2959035408 27.0488467781 28.032602699 27.5667562492 28.074289722 28.0457135974 27.9839358129 27.7778513657 28.1748085662 27.0433499555 28.0446638883 27.0314003779 27.8747046566 27.5222324172 27.0802169432 28.2737391885 27.7892156742 28.0231954459 27.9269570153 28.001547936 28.2154594362 28.4094936438 27.88773151 27.0500560391 27.8709160899 27.747486831 28.2913907628 27.6251034826 27.0094862163 27.0534646913 28.3411431692 27.7200048207 27.5599431885 27.4399476563 28.3696286551 27.1527537132
0 0 0 0 0 0 0 0 0 0 0 0 0 0 0 0 28.0814481173 27.6276418174 27.1517920695 40.9051688184 48.5390138033 40.9330377723 27.4795074535 27.1628212531 27.4659466168 28.4069263977 27.957488575 27.6134650485 28.3511305758 27.2207840447 27.5133732017 27.8837675107 27.7722811966 27.051784241 27.4244390979 28.230016265 27.1512019359 28.3348379095 28.2969530507 28.3348184347 27.6673777525 27.5675197808 28.2248762073 27.2346183089 28.2671844067 28.0264298545 27.5303159263 27.8585584018 27.000718349 27.7730065175 27.0754443108 27.6575730298 27.1222370318 27.8241075896 27.263742503 27.194570065 28.103995106
0 0 0 0 0 0 0 0 0 0 0 0 0 0 0 27.9353690385 28.1813635656 28.2362970422 27.6993206262 47.2230056888 52.1434047607 44.6885768698 48.4509052303 27.3962652172 27.9589499645 27.4008196773 28.4025845258 27.5186588766 28.1039089309 27.8338396717 27.6465209166 27.4178739822 27.0136847992 28.1579504585 27.7169915156 28.0961294765 27.1792333162 28.0618265093 27.2558171474 27.6928701375 28.0555541422 27.3995492204 27.9731455155 28.2737843161 27.6480657073 27.7466352412 27.8858209654 27.6159709185 27.1385779133 27.8021045485 28.3414153227 27.6877781731 27.8607817269 27.968449514 27.0851289698 27.4076429847 27.6750483863
0 0 0 0 0 0 0 0 0 0 0 0 0 0 0 27.9903861495 27.3718321687 27.3556310031 28.3771530756 41.2851899884 47.3115751696 41.3427731706 41.1094247471 28.1784424708 28.0634653855 27.0485318296 27.0704569818 27.78590366 28.2153096164 27.6561006827 27.7996140319 28.3874054925 27.2094988356 28.3357591233 28.3046785085 27.1093609396 27.7635186346 27.6535720798 27.5961344298 28.1338421979 28.0420618704 27.7565316776 28.1302621242 28.1247882171 27.660805563 28.1953539967 27.0052482047 27.5722696333 27.0760440449 28.1103384098 27.2500739021 27.7308602489 27.2470021339 28.143327289 27.676915633 28.083588104 27.1362829896
0 0 0 0 0 0 0 0 0 0 0 0 0 0 0 28.3284853327 28.1653842132 27.9155476914 28.1472495367 28.1704765699 41.7715528276 53.8400355877 51.3662496026 27.1644464643 28.0099108254 27.5759271544 27.1078674527 28.1954469605 27.7765494896 27.4075110371 27.2758562028 27.3046385567 27.5707204123 27.3279530038 27.4171520095 27.3216412947 27.738224278 27.2537013437 27.7988578383 28.2461531553 28.3508082802 28.2096193014 27.3341978245 28.4091209157 28.1906240726 27.0334090837 27.358036508 27.6171934429 28.3803860668 27.3102617653 28.1243167409 27.3823393727 28.0081104365 27.865867617 27.1243889346 28.1108918296 28.1794790998
0 0 0 0 0 0 0 0 0 0 0 0 0 0 0 28.0196299899 27.9725341364 27.1396228879 27.9315186676 27.9950967081 28.3820693846 28.3654853174 27.1506865475 28.2984562929 28.0589706638 27.8349859596 27.2347040992 27.9242660344 28.3695296794 27.7908753397 27.2329074284 27.1904242454 27.4695082773 27.6679116879 27.7924204443 28.207116731 27.9236155012 27.8890834724 27.5628979208 27.7792403251 28.0559804019 28.2124300789 28.0802343357 27.6649214383 28.3203810661 27.0454044289 27.2373057729 27.087461293 28.3353444049 27.2619366331 27.6636299415 27.8240673171 27.112501432 27.094139037 28.101918615 28.3529406449 27.3254350027
0 0 0 0 0 0 0 0 0 0 0 0 0 0 0 28.2855730729 27.968540237 27.1150889488 28.2666817685 27.5847582685 28.3106288028 27.4304439844 28.1548916126 27.5970146002 28.157490705 27.3649729339 28.0095186496 27.8998335257 27.8493499216 27.6162253864 27.7768218477 27.1251127041 28.3301292174 28.0533648651 27.7558948195 27.533188767 27.9372653328 27.5545317406 27.1819321408 28.0353235408 27.6365115578 27.2213110096 27.1551828877 28.1812964344 27.5712849425 27.7834928114 28.137193733 28.3009601198 27.5420820846 27.4627331954 28.3227350885 27.0625646093 27.6182111719 27.241233755 27.7542239899 27.9348287115 27.2597603527
0 0 0 0 0 0 0 0 0 0 0 0 0 0 27.831142482 27.3249123543 28.3339764811 27.4130700485 28.0584863877 28.3994158276 28.3738286225 28.007782984 27.4789641443 28.1618625723 27.1742288224 27.7746090844 27.2145718055 27.7211433885 28.3360392146 28.197373899 27.0957610281 27.6002056808 27.1560900155 27.0861655699 27.1452520388 27.1629596186 27.3615175317 27.1216438047 28.1517387397 27.9846053646 28.083409878 28.3272814874 27.4719467644 27.4943761254 28.0348979291 27.2949164469 27.528843449 27.9396751278 27.7642878369 27.9061661426 28.0270908205 27.2898652674 28.2955439851 27.4493791046 27.5759873789 27.1161246689 28.3689573754
0 0 0 0 0 0 0 0 0 0 0 0 0 0 28.3967745092 27.9263627998 27.0742637161 27.3108293979 27.94886308 27.4777023513 28.1923172506 27.2159748102 27.4699391836 28.2832803479 27.5035696557 27.080848173 27.1787528205 28.2486935281 27.6993415893 27.1351292253 27.108778056 27.658881457 27.6969963231 27.4030300444 27.2224911414 27.0424746393 27.5987079249 28.0693530234 27.3583362168 28.3705803209 27.2205410221 27.3790342011 28.2739768237 28.3001032133 27.5912458187 27.5201417599 27.3762437476 28.3217908021 27.9541599291 28.3609973955 28.3978731106 27.8163652151 28.3802850192 28.0202407762 28.1386057948 28.0288397012 27.0177857257
0 0 0 0 0 0 0 0 0 0 0 0 0 28.1277549485 27.5793064058 27.9695497172 27.8167055407 27.0193760989 27.9066357276 27.1748838074 27.7069893681 28.1751872084 27.7332951389 28.1203489611 28.2370177979 27.6039901764 27.4204749916 27.3532826363 27.7536385893 27.4076102385 27.734007316 28.2003253696 27.1343861121 27.8785938255 27.0566262611 28.0463879309 27.2909410496 28.2764160356 27.3521744684 27.0594802098 28.249749231 28.2942685852 27.7941510846 27.9005833558 27.091481928 27.0609464016 27.0482595282 27.8207722538 27.0279297007 27.9290540186 27.9548051337 27.2246268482 27.3630949005 27.6075142145 27.4738676877 28.2910031387 28.2987428977
0 0 0 0 0 0 0 0 0 0 0 0 27.3611858488 27.613738755 27.3043179955 27.7668919176 27.6419169537 27.7586453157 28.0448254794 27.7738371733 27.4784808584 27.8935712285 27.4193438091 27.113110083 27.5245195737 28.1252898377 27.4475782374 27.5923410065 46.7810776038 52.4682756889 43.9021780619 27.6281784786 27.7690682244 27.7848914311 27.4319766926 27.959605551 28.395468752 27.3618368867 27.6497859575 28.1033483426 27.8449209153 27.489294681 28.2881677025 27.0635822634 27.0267175773 27.808275238 27.9808683813 28.0799799893 28.3702457429 27.4325716785 27.3593532042 28.047181926 27.6533362061 27.4373630335 27.1500776053 27.5878651672 27.3739163658
0 0 0 0 0 0 0 0 0 0 0 27.4616996785 27.6321832926 27.5870135824 27.6018500603 27.8801944046 27.764631076 27.6335565551 27.7963059751 27.6913177606 28.0827731067 27.9699596691 27.7750893738 27.7577123366 28.0967043908 27.0066480527 27.5682014417 28.3985110182 47.812326128 42.9839152541 40.4568109756 28.2177866961 27.1161217288 27.201168038 28.2937439374 27.5824375847 27.2626611155 27.8799593245 27.1677977789 27.5476229778 27.7817726179 27.0388929013 28.3531651041 28.0472057006 27.3183604204 28.3844701229 27.0551441063 28.2766007876 27.5799921458 27.4457221099 28.1307386713 27.0997831095 27.8719372875 28.1837687992 27.6076657733 27.156126927 28.2703707595
0 0 0 0 0 0 0 0 0 0 27.7707972361 27.6085476528 27.5856874301 27.1569723097 27.8753453811 27.4152038857 27.5988261438 27.1629083789 28.0800968139 27.3804212569 28.3702722416 27.5839764562 28.3951357947 28.2551591473 27.8617579185 27.0902604759 27.7054216088 27.4318824037 39.6152894606 52.3084649023 50.2585299932 28.4070269936 27.8399788402 27.2724218571 27.9767289579 27.3672577283 27.1622445521 28.3190940072 27.3893641303 27.8418235872 28.1210349287 27.5567269145 27.2211517384 27.3586121378 27.8155404185 27.3078217512 27.5858763205 27.8702735137 27.4356805487 27.6488714855 27.0226410804 27.2197163089 28.1592510068 27.5997727067 28.2703881398 27.679889441 27.9069455281
0 0 0 0 0 0 0 0 0 0 27.7177810649 28.1252001329 27.8900586038 27.8048296802 28.2126050754 27.7179607475 28.1010225953 27.7099460719 28.1507034603 27.7905783529 28.0521288363 28.297574004 27.1428576816 27.773477082 27.3246546529 27.1041749201 28.2634158356 27.5892086748 47.5754046199 48.7011669557 45.5164504315 28.203096259 27.2579055222 27.7547912519 28.0813714287 27.3012189501 28.2862822665 28.2493184594 27.6871434763 28.0015592089 27.4849970586 28.2170363328 28.3342934344 27.6755588548 28.0742330985 27.4898155832 27.4091256983 27.2253856322 28.0229490333 27.5475941638 28.0229207817 27.3907572825 27.208387029 27.9502431333 28.0158213049 27.4794861276 27.5722766433
0 0 0 0 0 0 0 0 27.0518346403 27.8901167001 27.6194849264 27.2544003194 28.2539506781 28.3449387772 28.2186838769 27.9560694212 27.1770300191 27.9900770838 27.9255382675 27.4505668174 28.3167811874 28.0155464556 27.2460452732 27.1134661531 27.6070301832 27.7636462189 28.1990821856 28.1412595471 27.3107674424 27.5657969446 28.1718674772 27.8249872374 27.4692315433 27.1144799313 27.0408178376 28.2025953778 27.6700586252 27.2618793515 27.1785395875 27.4976572254 28.0749991272 27.0013958297 27.8506923094 28.3372107193 27.159891605 27.1550830125 27.8561674687 27.3476372304 27.2701943751 28.2964967905 27.9941466331 27.5477641267 27.9702291391 27.2829677121 27.450274564 27.3181735842 28.262249088
0 0 0 0 0 28.3940650013 27.1473800572 27.9291231172 27.5168774628 28.2433865252 27.3697705736 27.4908378648 27.9615567803 27.0538375904 28.1044435653 27.1119210098 28.3862742737 27.7392143032 28.4076278449 27.9455818233 27.534835927 28.3794071964 27.2489281483 28.0237770081 28.2585624393 27.6074484163 27.4140490002 28.2348432878 27.0795476718 48.9477020235 53.1866447194 45.3728558822 27.8592657267 27.2647027716 27.0364560032 27.759624027 27.3424666347 27.5341358193 28.1921688388 28.1066181403 28.3265845806 28.3168410967 28.2119297585 27.9410394202 28.400140539 27.9674460723 27.6884956053 27.2630902074 28.2941826284 27.5278119791 28.2801741778 27.1825098172 27.6703998528 27.9160816875 27.5903944632 28.3894025854 27.3735561735
0 0 27.4823157663 27.8388163399 28.1338060043 27.9019292193 27.2680016987 27.8508701561 27.2370610028 27.2445132267 27.1886859265 27.7014691566 27.5055272251 27.3107233888 27.2292404737 27.2424395779 27.9004041104 27.1147960599 27.1025792348 27.7664974592 27.2347382145 27.3445698664 27.0676356362 28.1103583511 27.8137662813 27.7079595412 28.128918809 27.1151087147 27.5616184786 41.5766381844 46.2030941214 43.7983183955 27.551175047 28.1637246948 28.3153528684 28.2546177232 27.247354756 28.0080781063 27.2937436516 27.717408172 28.1843708459 27.2709629621 27.3945949237 27.6540863577 28.0295009309 28.3826922472 27.0877302114 28.3284785422 27.8014082785 28.1610477259 27.49276261 27.8277471114 27.8134588553 27.1830774898 27.8163491566 27.7356854666 27.2322571942
0 28.1793134618 27.8147324235 27.8382264244 27.2945838646 27.728892315 27.8755917784 27.0751977465 27.4247472782 27.4939503769 28.2812523427 27.2638410335 27.3292527203 27.3893519348 27.9456370436 27.7264474356 27.418481565 28.1726722248 27.5201247915 27.2117583755 28.3082951058 27.6731244535 28.1991036509 27.1830398587 27.7805552773 27.7201505753 28.2969932325 27.910515123 27.3713959285 40.5328137185 49.5089556616 41.5798676298 27.7479746648 27.5486518874 27.3139495411 27.2490139127 28.0515609993 28.2931460214 27.5324323557 27.1433524561 28.2321492652 27.5541285227 28.1767713143 27.2808778116 27.8900480166 28.3263287543 27.8277038315 27.8244937968 28.278270442 27.2068840322 28.0288837118 28.406882554 28.2900459183 28.024386173 27.2810270265 27.5508131095 27.2356370711
27.922652659 27.7691267085 27.7958519762 27.4452170672 28.3948537261 27.6967434252 27.0869095602 28.3009772368 28.0058771254 28.3970259632 28.208896911 27.5211683886 27.6109709367 28.3462276085 27.34253831 27.6694560993 27.7876808707 27.6478883299 27.8331626836 27.3879461931 27.5967864576 27.2500770695 27.9924301173 27.5225062497 28.2499790019 27.9419866799 27.9215931553 28.3168475018 28.0952187519 27.9334064117 28.3868320739 27.9953811911 28.206061452 27.0406530881 28.2055295455 27.7419754593 27.8610320301 27.0581663688 27.8387511748 28.3239365218 27.2172058301 27.0167517516 27.8254716358 28.1844431133 27.4674129689 27.493251018 28.1158632155 27.7537408093 27.3461581958 27.6616281424 27.5736229386 28.1101226855 27.0721798218 27.6646682051 27.5947399683 27.7667915493 28.075170473
27.4668432499 28.0592576547 27.5847887482 27.1708873321 27.1081573558 27.2620147132 27.9377732304 27.1294448993 28.0490477616 27.6740665503 27.3286194494 27.4050971105 27.7910991062 27.4393588778 27.9973757043 27.4156484426 27.7564825899 27.6261233331 27.8606793882 28.3464507504 28.0754519448 27.735985029 27.8081743197 27.2915003839 27.4976798452 27.5797373938 28.4044335247 28.2846533239 28.0416829527 27.1162325951 27.3234591245 27.1223550462 27.9161552043 27.7825271075 27.2355586876 28.3506431828 27.2742355947 27.5532664853 27.0949834117 27.8300497653 27.4157893271 27.4911948018 27.5261401377 27.7336264404 28.3747429052 28.0323221658 27.9337376763 28.0951881324 27.6576139691 27.9868023563 27.3279418915 27.7043491995 27.332150944 27.2642739409 27.004013168 28.0278367638 28.3978793476
27.2967434525 27.5127438178 27.8000364202 27.6081197231 27.6066797878 27.5780720613 27.5112767356 27.0530213727 27.4681421071 28.0180641103 27.966730037 28.030016519 28.2572815656 27.6570810318 27.5231510073 27.0424865657 27.313875385 27.4945327582 27.2028524759 27.9121985609 28.3345073075 27.6024101356 28.0136646858 27.1003884469 27.6597102479 27.8772776587 28.2347147554 27.2612909548 27.4400710692 28.2619129488 27.7029359892 28.3720681475 28.2200146608 28.003082027 27.5962239209 27.7520470567 27.6195562055 27.6382942303 27.3200470688 27.4739688405 28.3410125463 27.7725937315 28.2215560203 27.548417114 28.2994442333 27.5397278032 27.8120577373 27.47655343 28.1539376113 27.3939293074 28.350247084 27.1612087958 28.3392016039 28.2076775375 27.1506386226 27.2190949192 28.0708338339
28.1706327038 27.5714136028 28.2646131665 27.6355763004 28.3477593665 28.071416129 27.7081637098 27.0758394948 27.9178663222 27.6725088636 28.371374355 28.3983834301 27.3092769842 28.1508020334 27.339569092 27.5152578557 27.2177002493 28.300078049 28.2061723532 28.2824916348 27.6400147225 27.4799167068 27.6369373494 27.4264538097 27.5281708146 27.3501517252 28.3651668153 28.2647027386 28.2423867163 27.4530915246 27.8698472751 28.2939304565 27.8150490436 27.9228327902 28.1879168029 27.1898316892 27.0536315327 27.824218808 28.0243749238 28.1336313037 27.9521988077 28.1586403332 28.0508836416 28.0716233486 28.2977563288 27.9935039497 28.3014246055 27.3645653335 28.2275049428 27.6432997163 27.6075119267 27.1642359565 27.2083591037 27.6552117729 28.2230473909 27.2034295193 28.240309787
27.4296271198 27.774341076 28.1966580349 27.6639856511 27.787609013 27.0770138804 27.5924152897 27.9973876136 27.0627977501 27.6092920187 27.6196163239 28.2843025163 27.4063256691 28.3205039268 27.8184724535 28.376551059 28.0659337243 27.7719072608 27.6772137111 28.0268238413 27.2378069364 27.4084719104 28.2301788461 27.8994616054 28.2573411162 27.2079003877 27.5907789499 27.4351155367 27.1637588462 27.8790941391 27.0433033758 27.3541987159 27.3312543758 28.3067067625 28.0507187283 27.627992857 27.6823263583 27.2990395206 27.7892236998 27.8349880295 27.4852359207 27.5836563066 27.7635881135 27.5419401534 27.3768916655 27.8186700517 27.3964024394 27.1539497568 28.1766878914 27.4276061413 27.9241758493 27.6605587361 27.8591424942 28.0717496666 28.071598716 27.1671428368 27.9934612391
