Spatial_Output/DEC/DEC_1192.asc
NCOLS 155
NROWS 192
XLLCORNER 196307.867259
YLLCORNER 449144.565805
CELLSIZE 33.573938
NODATA_VALUE NaN
[rows 52 to 77 of 192, columns 57 to 113 of 155]
27.7715575203 27.7085271315 27.8355053567 27.5696947177 28.1298043828 28.0214778788 28.0291825055 27.5371181405 27.9150533433 27.9403381825 28.019706409 27.6548462239 28.140124026 28.0511896212 27.5707910581 27.9896706196 28.0865036143 27.845221789 28.0010285735 27.769049578 28.0536824573 27.9614397649 27.7240379266 27.661375973 28.0849048423 27.9705276746 28.1003741082 27.6850787098 27.636266013 27.6655780344 27.8046221315 28.2047393115 28.0711224841 27.7611428448 28.1484685573 27.5720229143 27.836240255 28.0517716563 28.0622521112 28.1529506147 27.5670666541 27.5296184502 28.145699431 27.5967924529 27.8196996878 28.1850339653 27.9778840834 28.0748992053 27.9013779019 28.1745243296 27.7119314718 28.1083100753 28.1315840751 27.7015125846 28.0063089172 27.5338647885 27.9065875146
27.6361847218 28.1540936275 27.8494696649 27.5544119979 28.0909073569 27.7476921788 27.6763011043 27.8199107898 27.5840229853 28.1746414804 28.0537733009 27.744698025 27.5616792282 27.763515247 28.1886026892 28.1804819569 27.8210085602 27.651253023 27.6246192564 27.8224043082 28.0549183527 28.0355724603 28.143458442 27.9235265024 28.0320283693 27.5060962044 28.0116052772 27.910911923 27.7718378943 28.029007212 27.8455845861 28.2070796467 27.5349650036 27.7851804348 27.7580902927 27.5500420141 27.5049010553 27.8117857281 28.0682289173 27.6538426729 27.5366952883 27.821691981 28.0944661163 28.1349404375 28.1509628765 27.6485973636 28.1119453911 27.5409723801 27.8694467226 27.9161121993 28.1565742454 27.8685353501 28.1994720049 27.8547438357 28.0652642485 27.7606365506 27.7611629762
28.0990977494 28.0559468582 27.8980995191 27.8789337724 27.9079309844 27.5094274109 27.5682149589 27.6341421936 28.1620420738 27.7651433192 27.9247898531 27.632150685 27.9443500559 27.7891789802 27.5183967605 28.0512872509 27.9157571677 27.9424259895 27.7161534646 27.7201660023 27.6088170134 27.5198040959 27.605044025 27.7922367366 27.8940690239 27.9711429582 27.5636859414 27.5108635772 27.5591245306 27.6146682567 28.0498663325 27.9908022638 28.1764474506 27.9794651258 28.1221739841 27.9124122092 28.1496591708 27.7447075917 28.0996962851 27.699242563 28.1339101166 28.1537097448 27.5317650517 28.1136366521 27.8847726597 28.0190870539 27.8829594686 27.7773260829 28.1843543958 27.5496913576 28.1819426948 28.0762783308 28.0276964827 27.5408600055 27.7558865068 27.6543650608 27.750815028
27.9796789292 27.9580988526 27.9355595543 27.9076862829 27.8840523578 27.8251398941 27.925394951 27.7976536668 28.14238664 27.8758561689 27.6513322423 28.0137351803 27.67356301 27.8230040977 28.1044287188 28.024044107 27.8951495127 27.997804264 27.9162751376 27.578464089 28.1630284102 27.894747792 27.7436342455 27.7782156153 27.6024725632 27.7256786072 27.6359577389 28.1300609686 27.8197514565 27.8203067815 28.0139706038 27.8329869747 28.0419894752 27.5659646963 27.7690800723 27.8179277281 28.0662088767 27.6538697388 27.631831153 27.9342200081 27.9805973884 27.5676544505 28.1099774884 27.9154188226 28.1408287631 27.5664343384 27.6993742606 27.7822147514 28.0303300551 27.7655241114 28.0037728435 27.6800909951 27.6066372231 27.7673462758 28.0263722906 27.965192275 28.0624538788
27.8923020246 27.7189603668 28.0026929149 27.7238384407 27.7055250084 27.6163812823 27.6861196171 27.9998577478 28.0126598023 27.9476879737 27.5314662906 27.61059183 27.6822230893 28.150846473 27.6837754999 28.0877590721 27.5268997044 27.5125081427 27.5014788516 28.179617292 28.1132484258 27.6604613255 27.9473733848 27.8420294872 28.1377818262 27.7181843855 27.9275364138 27.5584547908 28.15553745 28.0602804107 27.810853588 27.7485618035 27.5818643106 27.8869143593 27.6134497365 27.7051893329 28.204069308 28.1755896376 27.8495796814 27.7853538931 27.5812188228 28.1427587415 27.6554924341 27.8917213172 27.8340825932 27.5015692679 27.66872192 27.9416097246 28.1252409264 28.0600572437 28.08400621 28.176098344 27.9090679773 28.1512452271 28.036089023 28.1445354957 27.7657092947
27.9573430086 28.1133566001 27.7419731713 27.9555052772 27.8912566076 27.8835436382 27.8917767456 28.1880840541 28.104607993 27.944543385 28.0868629708 27.6725595652 27.6096895125 28.1800289966 27.9389982242 27.8861056293 27.6498267414 28.0584499113 28.025269378 28.1498822698 27.6617904486 27.9900327083 27.633684705 27.6188654573 27.6914474302 27.8940445269 28.0977782524 27.7542962437 28.1322614623 27.626117219 27.9209168178 27.5089356673 27.9379001086 27.9329601831 27.5501136363 27.6277259423 27.6410181869 27.6328213602 27.5097107482 27.7990662202 27.8436674538 27.5241172405 28.1995228428 27.9271694749 27.9135440375 28.0727299243 27.9616446012 28.0977557017 27.7592431735 27.5983888609 27.8425837685 27.7767521947 27.8433379871 28.0417118605 27.8253454316 27.5410357606 27.8575437824
27.7803121483 28.1072111743 27.6095473873 27.6768636626 27.9106278015 27.9252821684 27.5638342241 27.9941454895 27.5576648303 28.0221748157 27.6041860245 27.6646780002 27.961299262 28.0562328813 27.9423993689 27.7909532454 27.6338269891 27.6587550725 28.0079097083 27.5171115384 27.6736909044 27.7153570322 28.1924883093 27.8890591869 28.0429933672 28.1334972503 27.5535933982 27.7250307743 27.5344617389 27.605782953 27.8072247541 27.6389992387 27.9179204995 27.8240603136 28.0830815413 27.8325143282 27.5937663284 27.9920943762 27.5089936841 28.1231462384 28.0124946228 28.0059282692 28.1664887518 28.1025805854 27.5880072056 28.0088545921 27.6747454525 27.6590355365 27.698886415 27.8456399259 27.6840929534 28.1181049873 27.9052669139 27.6519048762 27.8514719591 28.0017561187 28.0568823124
28.1800233011 27.7181968835 28.1151827787 28.0067953914 27.8051837084 28.1047074891 28.0785035628 27.9982956102 27.6339395525 27.5216225696 27.9376102404 28.0307991502 27.8100452973 27.696323618 27.5060334452 27.5753729403 27.7156559746 27.740593081 27.7331668297 27.6933136649 27.8838841246 28.0442635059 27.9094307538 27.755245997 27.6686984533 27.5011857382 28.012759792 27.76042686 28.1779949933 27.6682340856 27.7051049636 27.8603552898 28.0715705643 27.9861169889 27.6492036746 27.6421592273 27.9586186303 27.6657448216 27.926003892 27.9532501931 27.6051728403 27.7247197672 27.8757136438 27.5760796219 27.6243054063 27.5646331952 27.8585791965 27.7786508242 27.6816997481 27.6925395605 27.9813345587 27.8530981413 28.0116409054 27.6520246376 27.9139595817 27.9165841953 28.1427836674
28.1380195137 28.19445605 27.5863076853 27.6906104669 28.0448098757 27.6957597526 27.9574070325 27.8692306752 28.0739082443 27.6249256765 27.9556952544 27.5669817385 27.9051891534 28.1978050993 28.0902198771 27.7835990502 27.5344619981 27.8567290529 27.6441642804 27.5194434722 27.7566906953 27.6274438137 27.7649561533 27.5407677774 27.8519370647 28.1590820948 27.9913967927 27.7487242718 28.1340362232 28.0940914554 27.9970004627 27.517375664 28.0314114911 27.9263407502 27.7714960906 27.8953002901 27.9783599755 27.7262185504 27.8879116413 27.7139859704 28.0996137671 28.0076724501 28.0752088358 27.5844805216 27.971633073 27.544606525 27.954802009 27.5971632552 28.1746283292 28.0710394178 28.0332115086 27.6173719917 28.1388775403 27.7290733534 27.7807159957 27.865151293 28.0370563363
27.949780958 28.1709162124 27.9045968585 28.0552611568 27.7329559157 27.5845883751 27.588182996 27.5303012124 27.9315169561 27.9328381071 27.8630825962 27.9578232957 27.6231776282 27.8422372942 28.1073477801 27.8827449217 28.1722670878 27.5093428747 28.0746713773 28.0927749725 27.5910335092 27.577663043 27.9826829185 27.5852696509 27.5321889792 27.7996824882 27.7203866721 27.8967036772 27.8478793885 28.0335097233 28.1002301013 27.5928750391 28.14838745 27.9301879112 27.6454318187 27.9437272196 27.844349497 28.1934513488 27.9790733382 28.0828493566 27.6824066523 28.0100352673 27.6503472583 27.9029411117 27.7387474063 27.7186872626 27.5650774786 27.5331375338 27.6369486594 28.0532317638 27.8941222129 28.125702142 28.0838402326 27.8352055427 28.0278538967 27.7033016214 27.9227829088
27.8720345188 27.7232144807 27.904107186 27.6701801016 27.7176983724 27.8942326068 27.6050772874 28.0523695415 27.7111331563 27.5012596498 27.9233479747 27.6322243916 27.9008536033 27.8734478857 28.1740216997 27.5551739737 28.0055030561 27.8155799111 27.8510056276 27.521431953 27.6240713421 27.6064494043 27.5571315733 28.1669406678 27.5772065926 27.5313717238 27.677696024 28.1434061589 27.7349999487 27.8944482059 28.0019527927 27.9786050616 28.0454618861 28.0558207 27.7886145051 27.946115734 28.1250741836 27.9956442328 27.9142547541 28.1349210465 27.5555741852 27.8408453697 27.5096273215 28.0231490243 27.8224775281 27.7318061797 28.1767957479 27.7691052978 27.7569307314 28.108236116 28.1921981981 27.766992082 28.0754364688 27.6514857234 27.5495406268 27.8945079956 27.9448053982
27.7285098568 28.0652638461 27.9612861119 27.7560286961 27.9904082603 27.6499079198 27.7672732435 27.9478118157 28.1870756875 28.1051528402 27.6314729103 27.5836446798 27.8030107751 27.9655153179 27.5221771875 28.0062521586 27.9530782807 27.7651924239 27.6641035849 28.1172126751 28.0186964669 28.0035168625 28.1640669948 28.1220992667 27.6136197591 27.6159020208 27.7187955466 28.0115907171 27.9136117771 27.6392345114 28.0268770477 28.0680684339 27.7614040132 28.0693709943 27.6369728643 27.837341759 27.9817070415 27.9166312662 27.6732938407 28.1700282885 27.7028913481 28.0339605293 28.1757726078 27.6715473155 28.0777787807 27.726199188 27.6977697148 27.9404297246 27.517054488 27.8983440712 27.5854149589 27.8251462065 27.7778652678 28.0892525231 27.9578006316 27.8787829121 27.8769782154
28.0023452975 27.9339645853 27.659556576 27.6599986993 27.6376380351 28.1206834951 28.0515593687 27.6947764995 28.0135231729 28.135992995 28.14783484 27.5222920623 28.1204836691 28.0618421398 27.6572532364 27.6344833438 27.9575665218 27.5011496263 28.0492177954 28.048748773 27.8097278116 28.1304750743 28.1700731565 27.6317145779 27.5838349694 27.6186269222 27.7966488311 27.8812548655 28.1340689059 27.6498813226 28.0831073327 27.9737668188 27.784756648 27.8952964729 28.0272504814 28.0396808101 27.780466907 27.8571829405 27.5594485152 27.9364179825 28.2058637191 27.9964104513 27.7994383541 27.959466755 27.5207578442 27.7260716108 27.8789180046 27.7105499299 28.0783738775 27.5492208676 27.6120474361 27.9342505851 27.7969447438 27.5463963019 27.7891972801 27.8630994069 27.9909016104
28.1489968268 27.5117938595 27.9519277701 27.7287271764 27.8516856648 28.1321779879 27.6824446234 27.6583943056 27.8953584047 28.0223122572 27.7129818029 27.5750321882 27.6762748728 27.9791909801 27.7825648029 27.895698418 27.6262065156 28.0322656717 27.6369135856 27.9961112814 28.0463085872 28.0201080949 27.6013928537 27.9424519177 27.9073438614 28.0982854956 27.6904635521 27.7373798739 27.8175185257 27.6034079978 27.9504748643 27.8735159603 27.9908246738 28.05221237 28.173189751 28.1817592434 28.1630183064 27.5195404549 27.6051797267 27.5498883375 28.1074162252 27.5655769212 27.8067191999 28.0739144187 27.5438831842 27.6407315774 27.8429834426 28.1972944936 28.1859074055 27.6519153262 27.8770569888 27.963867162 27.7328739653 28.1545036697 28.0624383885 27.8239006974 27.680047422
27.6010370255 27.7195418667 27.6488972181 27.8023647473 27.876304642 28.1318294339 27.9621530095 27.713166745 27.8503657231 28.004950406 28.1241599312 27.8679345761 27.7411103535 28.0228555558 28.032907784 27.8902731439 27.7186396425 27.7597248071 27.6523440201 27.8222785689 28.0065821468 27.52199732 27.81310042 27.9602943047 27.8450240919 27.5785559084 28.1266695738 27.6237934579 28.1338858624 27.8019712047 27.7841146829 28.1910478858 28.0737213827 27.8021104024 27.5368351144 27.9566810605 27.5159898301 27.9391221827 27.8911062641 27.9719037974 27.6070412497 27.998609551 27.7807696076 28.0977191134 28.0181669595 28.162131637 27.9908954181 27.7921486433 27.6103685912 28.2009978801 27.5869215521 27.6584004669 28.1217656458 27.7343506049 28.1601520607 28.0812882561 28.1752407945
27.6665130286 27.5323779944 27.9342392937 28.1987330152 27.7541967788 27.7104322059 27.7039252529 27.7083575741 27.5653396971 28.1821241487 27.9578454227 27.8233210379 28.1748751701 27.7990787885 27.7293882792 28.1341621015 27.5367890468 27.9203265329 27.6738981913 27.8727199494 27.7822029097 28.1606896983 27.9657198045 28.1161465182 27.5208482784 27.7467494423 27.5390650988 27.8889298703 27.5296234867 27.7573281009 27.9033567837 28.0569633748 27.7047670643 27.9008103504 27.5071100558 27.913127222 27.5591646989 27.6269245652 27.9910044378 27.7038415329 27.6661917368 28.196538354 27.9832759698 27.8185030445 28.0489255543 27.7023461862 28.0787197501 27.9963022216 28.1905292703 28.1131904417 28.1345518792 28.0832977231 27.8038111642 27.5090053364 28.163834707 27.5500060824 27.7537267036
28.0373623716 27.7620898217 27.5018290886 27.7489451101 27.5446499206 27.5603476903 27.6274381163 28.2042832306 28.202639469 27.7491041247 27.7801347161 27.9623046291 27.9699578098 27.7694497822 28.0353947591 27.8624110343 28.0512077153 27.924810954 28.0316371807 27.6412491295 27.7152107237 27.5447393284 28.0930945401 27.7766539179 27.9573237424 27.6449032241 27.6117746514 27.5462504322 27.8582090345 27.543040212 27.8319719858 27.8645121084 27.5622964382 27.7434237252 27.536933261 27.8527328915 27.7641597946 27.8809881137 28.1921990535 27.8852153483 28.1381088711 28.1887482393 27.6029976018 28.0741562166 27.8478333521 27.5426414594 27.7295925275 27.6308990325 28.0183954931 28.1547994759 27.5956019236 28.1927317274 27.5401288798 27.5185745324 27.797910521 27.585544297 27.7811548961
27.5789860175 27.6968557767 27.8218015432 27.7985636012 27.5725183779 28.072610826 28.1060461688 27.6036498547 27.7778396104 27.5706240626 27.8412503068 27.8097212776 27.6550008831 28.1977415996 27.7744828325 27.6679117746 27.6430720069 27.9865520579 27.9342236528 27.8812852458 27.9736368289 28.0649452847 28.1753775509 27.9578579763 27.5663841759 27.509684886 27.8765449462 27.826309288 27.6087173463 27.9664243295 28.1126356152 28.0509348799 27.8658610714 27.7138731395 28.0576963868 27.6091814592 27.9897951698 27.6080028076 27.8520563087 27.8283954898 27.8402754474 27.6143857594 27.5412973348 27.8481210755 27.651804832 28.1878166848 27.9013210536 27.8308334436 27.915746868 27.7863637132 28.1975338329 28.0809252288 27.722752152 28.0067970988 27.9960783778 27.8999762497 28.0670202777
28.122887512 27.6185988043 27.8167790018 28.1540751611 27.9744342798 27.7186710938 27.8282244728 28.0781969964 27.687205411 27.709622194 27.8395960665 27.7755532658 27.7097822836 27.5731458941 27.8301766392 28.0722971101 27.9690562058 27.8559127198 27.5988886614 27.8634122051 27.8735468852 28.0053320465 28.1793338138 27.5976771263 27.5527151946 27.5886395301 27.8555158224 28.118781139 27.5325472308 28.174450982 27.7283134999 27.8480253898 28.0214674997 28.1895277876 27.9195666309 27.8713447809 27.5252362498 27.5211825688 27.9472575196 27.7376031512 27.9326016443 27.5303392646 27.5073824984 27.8589792771 27.501522943 27.5709126428 27.5330902323 27.9201305477 28.1089203309 28.1866922339 27.5861227062 27.6943344218 28.0615071544 27.5983414399 27.7207982854 27.6116037186 27.8854163314
27.7346334506 27.6626713724 28.0497074082 27.6265610023 27.8628977373 27.6951282881 28.1518440437 27.9267732381 27.6792333233 27.503643163 27.8917609951 27.5472549787 27.5141035251 27.883290892 28.1615495382 28.0372400012 28.2032048516 28.1963251471 28.0252968969 28.1290850318 27.9152695411 27.6837398216 28.0850819447 27.6130431288 28.0601854523 27.695744151 28.0318300803 27.7867908631 27.7158531393 27.5298929126 28.1591828395 27.8276545472 27.5133875218 28.0225322767 27.5515827464 27.5580949958 27.9114945077 28.1427235249 27.5875472353 27.7075280256 27.5362260653 28.00150596 28.1984166898 28.0111178886 27.619492505 27.617086013 27.8091518087 28.1601487233 27.6239558669 28.0128796927 28.1780056057 28.0152167049 28.0150938836 27.5705600296 27.5887193206 27.6894711084 28.1104014782
27.9706327077 28.1531334544 27.957049034 27.7064433041 27.5399208234 27.7463275397 27.5488317035 28.1487400025 28.0750830251 27.7893140548 27.6232870244 27.7835827275 27.5968104065 27.7288144107 28.102354727 27.6143917583 28.1890075894 27.8561468564 27.8366361462 27.9930299981 27.8867742735 27.6132418372 28.1755002842 27.8217987839 27.8462713181 27.6273526173 27.8621783436 27.6342984221 28.0384138844 27.786832551 27.7099534897 28.0718020961 27.5487600474 27.9707608211 27.5701160559 27.8859700951 27.7688954298 28.0446761616 28.0364214272 27.924399464 27.9508419867 27.5756691073 27.7895576738 27.8250149278 28.0681764646 27.89663038 28.0680397313 27.9426957638 27.949901579 27.5904008275 28.1522108078 27.8024891339 27.550615843 27.8781988168 27.6982936957 27.7060397201 28.0907043581
27.5322573366 27.6782170627 27.7112784047 27.8372739095 27.7492393967 27.9731597682 28.1949040917 27.5112983319 27.733320537 27.6362815804 28.0176958988 28.1449098324 27.5369103406 28.1498860259 28.0107579578 27.8142438774 28.2020679916 27.8760745822 27.9913177471 28.1478206338 27.9268627529 27.8184419148 27.5126998596 27.6523427205 27.9824568013 28.1347951971 27.9738920655 27.6179015778 27.6963266865 28.100623456 27.9849516499 27.7862247768 27.7731967861 27.7934813931 27.5354125732 27.858824155 27.8269267317 27.6501998236 27.9054782044 27.5462660374 27.5779022774 27.9745570097 28.0397879712 27.6893037317 28.1479248277 27.6909040549 27.857360701 27.9258971966 27.9351827171 28.1381308467 27.6114575782 27.5327656774 27.9278999112 27.6196957789 28.1421850639 28.0450302318 27.5682279384
27.7792370872 28.0675209646 28.2039262223 27.8197477018 27.9942126104 28.1377674041 27.6489878131 27.5513265902 27.738427323 27.6782286281 27.6071871873 27.632148088 28.1297498051 27.8719139677 27.5669310606 27.6254334118 27.7212447669 28.067039067 27.7606184441 27.5223666706 28.0987864191 28.1175666506 27.722642163 27.7868992409 27.9284388701 27.6940892046 27.7092572757 27.7826996288 28.176506769 28.0331813658 28.0347931989 28.0617810669 28.158181051 28.0500638973 27.5378188934 28.1378664561 27.9123139342 28.0989657701 27.8588405083 28.1289302934 28.1213198725 28.0705278591 27.5030107202 27.8170711054 28.0186672256 28.0073240854 27.8162578298 28.001111429 27.6311337166 27.9202091058 28.0579092517 27.9279135061 27.6252791997 28.0451054371 27.9525308491 27.5021211343 28.1351704615
28.1933915802 27.6618829515 27.5097579053 27.5791081843 28.0720911411 28.2055939829 27.7229038807 27.9988355268 28.161151694 27.6100740174 27.8055321797 27.6548222068 27.6207569785 28.033779868 28.1261139928 28.0855533349 28.1499258429 27.6984525438 28.0702927966 27.6548094069 28.1890899604 27.5808937201 27.8260879079 27.5058093367 28.094766503 28.2058441304 27.9142439853 27.9122649388 27.7826256824 27.6723329603 27.6520985034 28.1917714231 27.5209396191 28.0497461897 27.88248127 27.8304568098 27.645270681 27.9023576647 28.1623586457 27.8143175861 27.6822857804 27.5280489958 27.9832770269 28.1061823139 27.8256985243 27.9278883049 27.7466154021 27.7450132132 27.701347482 27.6424221029 27.8790329384 27.812946823 28.0040473562 28.0904173609 28.1370682768 27.9185957029 27.8851600333
28.0681842553 27.7092525442 27.7481751074 27.9334287807 27.551065045 27.5143196173 28.2025205883 27.9621217358 28.1516044392 27.6554789323 27.6708186491 27.5283928245 27.9173841382 27.8492871805 27.8156976245 27.9802780651 27.6502373041 27.655554527 28.1655220261 28.0011136134 27.5549009341 27.9878201673 28.0005104331 27.5288445566 28.1841816447 27.6680186712 28.0745259205 28.0162810959 27.9227654215 27.8497124979 27.9422567978 27.7421250375 27.7132617354 27.685271416 27.7732772139 27.9869123296 27.717270677 28.1842241396 27.9079289298 27.5107095223 27.8568874057 27.9344061278 27.585264113 27.5454925802 27.9061858886 27.5248980802 27.765843398 28.1268371774 27.5744237761 27.8810802661 27.9850485316 27.571694239 27.6657373014 28.0686825901 28.0270670274 27.6479566807 27.633763219
27.8087697492 27.7840440714 27.6054939388 27.5376020367 27.5378827049 27.9475288154 27.5431839059 28.0622836357 27.5965505547 27.8198004661 27.5792357058 28.0967668597 27.8615718364 27.9662531306 28.1747991793 27.6944613637 28.1825451271 28.1937295061 27.9935757424 28.192856236 27.527653457 28.0316988641 27.5672608311 27.521914841 27.7976461412 27.5372634487 28.116018505 28.1038997893 27.6639512458 27.766755724 28.0331826305 27.6631500237 27.7850689532 27.7358574062 27.9336326812 28.0877604586 27.7411794219 27.567909916 27.5792373568 27.990745235 27.752256547 27.911757789 27.7773469601 27.6695658612 27.5716864357 27.900409513 28.0580761138 27.5049707903 27.9420335365 28.2009353659 28.0887399399 27.6798926012 27.6159730075 28.0915177221 27.5802067754 27.889434052 27.8568083912
