Spatial_Output/DEC/DEC_0723.asc
NCOLS 155
NROWS 192
XLLCORNER 196307.867259
YLLCORNER 449144.565805
CELLSIZE 33.573938
NODATA_VALUE NaN
[rows 78 to 103 of 192, columns 57 to 113 of 155]
23.6533660103 27.038177604 27.2414650364 23.2169211692 25.5055247786 24.3122331506 51.1247553293 24.6110239348 25.5364200536 25.9182811837 24.8414398656 26.5707230811 26.8460418163 26.998786451 26.0552424283 26.8393401503 25.4645461996 27.0623504173 23.6209693847 25.4091622591 25.0307729838 26.2808573311 25.06617496 26.0713651355 26.027748493 23.3692558879 25.4691780124 23.8076101011 25.7002196019 25.2975392719 23.57761493 26.0023322934 24.6259742646 23.9451879937 25.4504400999 26.5342824387 25.9111159004 25.0962498608 23.8105549675 23.4789508186 24.3720120688 39.0190163058 39.0190163058 50.400777873 24.5428813118 25.0421994159 46.2305674122 25.3834972085 25.2668924396 24.218873616 25.7082795813 26.4580288649 25.1595355533 25.4051054323 25.5612071905 25.3193957514 25.7790131595
25.5567978011 23.8365493554 24.2413417645 23.5778713953 26.8843160422 23.2732498368 51.1247553293 23.6669121837 25.7818232388 23.4674995128 26.9730595901 25.6500618648 26.9334656077 24.7679900927 26.7900401206 23.732613599 24.0297567273 23.5764517956 26.0838998248 23.5339639978 24.2173195485 23.9988181221 24.5646420305 23.5834058107 24.5617584696 24.3706211327 25.2589121524 24.7037033441 27.2276262552 26.7765518817 23.9482940951 26.3454624083 24.5117976206 23.2789518785 23.6435382528 23.7920232957 23.8027799543 24.5987358229 23.3393297179 27.2244023776 23.7268042982 24.8260464794 24.2277489415 23.8524544202 27.1780905218 46.2305674122 46.2305674122 25.0728573493 24.6914952442 25.5289545564 25.0898160281 24.2264462358 25.2808289698 23.4747150409 24.5318889894 23.1517123762 24.4098832703
24.3812089755 23.5315883651 26.1309136059 26.9254710606 23.5379483222 26.97527483 24.6600203282 24.7999765125 23.8617479987 25.53519605 24.522064393 25.905369806 25.5835403405 25.2165518601 26.2165497243 25.3066224763 25.638979024 24.9650400754 25.0488777243 27.1758464998 23.6912749198 23.1258738641 23.6832610041 25.111217065 26.7553557726 26.5181412555 24.5594209762 26.5991580514 26.6055168964 26.1268272293 26.3834161176 23.3131171343 24.5755778692 25.2478144039 23.0364749784 23.4568172881 24.9928713763 24.733320477 23.4803539202 23.0847657687 24.8408424919 26.8201856607 23.3911632659 23.0133639836 26.7254900413 26.9287056472 25.1638514334 23.8977869053 26.3817548931 27.1227691439 23.1684803741 24.7748125504 25.1990649858 27.2403718064 25.9569710441 25.9496891726 24.2032159627
26.4901023433 23.851240042 24.0623044646 25.1529735446 26.641406453 25.0152069535 25.8522543399 24.2507270813 24.9925898682 25.650001248 26.4774892668 24.6136254374 26.3462679275 24.8093219481 26.6690164811 27.0252943796 23.2469872266 23.3866457698 26.3107083248 23.9778011551 25.1790493681 24.835059467 26.1628837585 23.2991989353 26.0052730996 24.9633579528 25.7976704953 25.1755419275 26.1182584157 23.4626477329 24.4294030456 26.6844607134 24.2196747622 24.2695117351 25.8515666847 25.0013224729 25.2872793172 24.3009714907 25.6134351326 24.2419786449 24.0490332334 27.0942312053 23.0229512419 24.2259205367 23.1498174605 26.3633288208 24.1198679198 24.1003979536 25.9775539417 26.3758389901 25.7634890575 24.6226959352 24.3707505177 25.2405779594 23.5528873181 24.1757176321 24.931364289
26.6773422064 25.9473155606 26.7523216212 23.554146769 26.0009509703 27.0586589686 25.882188442 23.1125218735 23.9045817513 26.3408681693 24.4379639352 24.887701074 24.4487085785 26.7234625466 25.6429176537 27.199865357 23.4096556027 24.9160107582 25.9230923439 24.5828715046 27.1991066501 25.6648796641 23.3154866014 24.1744438451 26.8426155751 27.2158684387 23.8568401932 26.9644216124 25.0387746306 26.3670457543 25.0883296005 24.9559549 24.0609505569 24.3308376003 26.9116810767 26.1342377841 26.6391579146 27.2215096282 24.2657111498 25.8527982946 25.0117476901 23.6915811948 26.0454553914 25.9769317369 26.0486785065 25.6639597983 26.8922974645 25.5880199865 24.601150559 24.2695064403 24.3807670649 26.075989929 26.7028744819 25.1317202671 24.2265711027 26.2010148522 23.7555755297
24.2519223863 25.6100311218 25.0824416548 26.0022512112 27.0710552803 23.7587781404 23.0015496315 26.139249068 24.9764682703 24.2880425113 25.598586194 24.7982215223 25.0866124309 23.5789496868 25.034306667 24.0822772089 23.4715679914 26.5992797587 25.2185049891 26.5036299565 23.0645478821 26.4067676895 27.0676828471 23.4225318717 25.0961985552 24.3960270283 26.7720558333 27.1230159035 23.3513703086 25.3212590372 24.8660385741 25.0466825858 25.037747704 24.7281442767 25.9018164358 24.834916819 25.5617070513 26.0879173728 24.2077851303 25.2117248965 24.4284450074 24.4197078762 27.0856962896 26.6384850974 24.6248512597 25.9041939099 25.6320472818 23.7784937999 26.8760375981 23.3451234465 26.0975791268 24.8681047048 27.1860190338 23.115111135 24.299439851 24.4887470575 24.3794826308
24.8570117354 27.0666630127 26.7092562152 27.0498817487 23.003193411 25.3165010527 26.3296213453 25.0334286487 23.3426929512 23.7338854629 26.9483453002 24.9523200095 24.2256885502 26.6265748774 25.7958436923 25.5829959815 25.5955484024 24.1636932501 24.0982176084 24.4951914102 25.9096662144 24.2437432281 23.0236634424 23.6919911329 24.7294625699 25.1472581475 23.9192116521 26.1152662772 24.9593522971 27.2174443828 24.9476762667 23.9543945875 25.4110724994 23.227795103 23.8615086725 25.0495060547 23.4915061535 26.873817968 26.8500102398 24.644207729 25.5790587147 26.6323625766 25.7382291381 26.0318085424 25.1705924484 24.2352839772 25.0930437788 25.715242115 26.9497345252 25.034258591 24.4325503331 26.2471755746 23.2310110708 23.8894213073 23.600166112 25.7299572903 25.9313562667
23.6827466648 25.4979682159 26.8734287235 23.9964508205 25.9835316623 26.4826521706 24.8380175578 23.0985497087 24.0292102332 26.2086133736 23.6814433629 24.1757611222 24.8663854686 24.979144536 26.2164926843 26.5591445899 26.1130367603 24.8027495746 25.4876069027 27.2303060199 25.1620914228 24.1226292331 23.7830040337 26.6784625328 26.9344130511 26.8191624443 26.2099079624 26.4971897487 26.5765229723 24.840118965 24.5660986298 25.2760734876 26.7460973235 26.135080442 25.6483817982 26.4665077092 25.6119184117 23.7861321139 25.1804220003 26.7606029525 23.5656806302 25.3476269749 23.0915013934 26.4657829501 24.0562504764 25.5401423102 23.5375300901 26.718581621 23.3713931284 25.7608628001 24.3602685795 23.7995107885 25.8545303977 23.0335437578 25.4112256672 23.4142687257 25.874302681
25.2231533702 26.6747909239 27.1990071522 24.8928757177 26.5964714729 25.2174268155 24.6997602124 23.3908401328 24.988873225 23.6313390578 23.0647774498 25.8514341121 24.0915435557 24.3294045248 25.0602457989 25.5846564278 24.7634764526 25.3196085343 26.9056788001 24.3054513397 23.1925295474 23.8231876685 26.1666660379 26.8351698385 23.5130075509 25.9771641019 25.7424110201 25.0753049742 23.6002641413 25.1968174831 25.919103518 24.7731788133 24.2566676332 24.4738340491 24.6682691115 24.3941252447 24.0700059574 25.0470247119 26.8545964738 26.2369048847 25.536773615 23.6384214239 26.9760079721 24.805649628 24.5281682254 25.140679999 25.4667934781 27.1559022257 24.2785348746 24.7408859873 24.9463073514 26.2154625507 24.0231277069 24.4613285616 25.2676588931 27.1186133174 27.1084201046
25.8065696401 26.4928646448 26.9104090591 23.0640604069 27.14657408 26.2461222374 23.3016680032 25.2179601655 23.8652117968 25.9527801551 23.0072018471 24.960297421 27.2231059002 23.3566672624 24.090556792 23.4495798945 26.1511899762 23.0399360154 26.0813713854 24.742186244 27.139852719 24.7339019621 23.8656172432 23.5881048482 25.4931577875 26.0060568399 24.3002931876 24.9886300473 26.7123173458 25.6375360166 24.8221167055 24.5278092769 23.2676181083 25.2988856681 24.9976659119 26.22259789 27.1017158088 24.3207291186 23.29841941 26.0007994783 27.2085127535 26.5594455813 26.2696014555 24.908423915 25.0588028121 24.47603292 24.8565079761 26.1147684848 23.264960942 24.9420494805 26.4987369511 23.8342415397 24.6675317333 26.1959790286 23.6145299648 27.0401167186 23.4687719179
25.9471005881 24.5441564857 26.2058159619 24.6425463072 27.1818042511 25.1124889639 25.1459192329 25.9650255226 23.9257183142 23.6978795509 26.4179607767 27.2004976187 23.0787390129 26.5225376677 24.4105349816 23.8185305651 23.4123158438 23.2150551329 24.9172023001 26.7908794599 23.178384817 25.5950446276 24.2407989021 23.6540163096 25.6997215229 26.2379310168 25.4045603118 26.7675515104 25.1616248335 24.0141443184 24.9915834544 26.645666704 23.6887514679 23.4335890037 23.7111932713 24.5653345082 25.9694995414 26.7863757431 24.5011669014 24.2201211652 24.3196806464 27.1496836854 26.2308380531 26.0937920288 26.5783418431 26.4945722943 25.3371815723 26.1269319584 25.7847997651 25.8648173051 25.9142134984 26.367622346 26.1145028867 24.4525147997 25.3579196709 26.3835366981 27.0409248993
26.8096534765 23.5537824519 23.4490216944 26.5811797278 25.962083449 24.3223442106 26.0112915814 24.2765260323 26.7706412707 26.6939260399 25.7127829045 23.9022004804 23.5827676581 25.0535767756 23.1937219502 25.6222984242 23.8694199966 24.5808919446 23.7005086472 26.4307505469 26.2684444436 27.1548451103 24.9661812634 23.6411846773 25.0993651696 25.0396492256 25.4319052553 25.5774398616 23.2686309573 25.0384873451 26.6385747882 26.8423794349 25.9004939908 24.1904572016 24.4079153898 27.0952834109 26.5940075274 24.6315986152 26.8987318381 26.1376569478 25.1006944204 25.9107171584 25.1646283831 23.583461968 24.1068690958 26.7704010122 24.7981110536 25.1514555155 25.0388895066 23.2586878684 24.0814884699 26.7032981637 24.7086383115 26.1030278716 25.576195829 23.3240668721 25.7745791794
24.4013248802 23.681514321 23.8017150739 26.4363450328 26.7485669439 24.8867362214 27.1936846595 25.3532052773 24.4776591276 25.770757062 23.1730653632 23.7567133846 24.9888868427 25.0761812791 25.2604364677 23.6095257613 25.8807876888 23.0350598367 26.8954846628 27.0674687995 23.0887229093 23.0069417005 26.6429639529 24.397303099 27.0329071595 24.3202479746 23.980791338 24.5378777817 24.7567146985 25.8664343495 25.8822400379 26.9302138658 25.5849216416 25.6233573306 23.0203178596 23.8128600121 26.0720954139 26.2077588988 26.9435478482 23.8619268289 25.2599221826 25.5892400845 25.748481637 26.3171527904 27.1025172443 26.7459388709 23.1427622311 27.1661224022 23.2515102993 26.4149486598 27.1045880241 26.8672530679 26.5440086627 25.706558332 23.309427748 23.1383942526 25.9902630959
24.0059752972 23.6959089818 24.2003026528 23.709393501 26.4364247351 23.6259967881 24.2999154195 23.5781541753 26.4157243198 25.1475722729 23.4245340183 25.619221184 26.1962549848 25.7673502507 24.3042366786 25.2343829234 24.7620855383 26.3963744233 23.9837275422 23.4070518867 25.0488427945 24.6736277254 23.852854181 25.2082289058 23.7489891646 23.771142444 26.3884256062 23.5973795239 25.9128173421 24.4836372975 26.4386714392 23.9794186902 27.0269549876 25.5635094544 23.6813797891 26.2552428517 25.2361971985 25.1906805231 26.8183402253 24.4777638695 24.4169064376 24.0223572125 23.5320195069 24.4138117178 25.0065892069 24.270364551 26.1309177458 23.5684813044 23.2173735119 23.9377296011 26.3857822276 26.6960124142 25.7070422453 26.2118256546 26.1731027409 25.8119121682 25.844421869
26.818499007 24.0022148962 23.2736567279 23.3292357744 25.5314633526 25.4331900638 24.6616495731 24.3452197868 24.6199582315 25.0536286915 23.3193251897 25.3141661299 26.2210435044 25.6188299931 24.6792202491 27.0582153474 26.6729625152 23.8366000225 23.7552804808 26.9288440968 24.9145898249 26.6110924265 24.6118350319 27.2425826242 23.0726232009 24.5634276329 23.8486682017 26.9159669874 26.3565705443 26.4321008498 26.5309638393 23.3533989339 25.4744365634 26.169294421 25.264883053 24.748829553 25.8869182656 25.5103428547 23.9196427891 25.1025272508 24.5837790553 26.6476769789 25.6690439842 25.7197825926 24.8754457998 26.6516363898 24.6868951068 26.4720138719 26.5931365946 24.7057905904 25.1326431851 24.2367661334 24.8591894264 26.4002292934 27.1596305843 24.7303763576 25.0698064982
23.6303767068 26.5870184796 24.4913458277 23.7798202329 26.6648965039 24.8940222263 24.8402769561 26.9404199772 25.2357879258 23.5123279473 26.0742618484 26.2251438721 23.988118678 26.8935789204 25.3828951412 26.857114467 24.4198975824 26.8533696582 24.937492824 25.3837329096 23.50356525 24.5060675439 23.8983757751 23.9187004467 24.2978702262 25.2175450554 23.7202907049 23.9191100015 26.9591267491 23.4231787152 27.0299945023 23.0751203174 25.6016909829 25.0232428631 25.8574449284 23.279097867 24.7752695126 23.8275486942 24.3593332468 27.2361224015 24.8978522683 26.731648309 25.6409113186 24.7008121472 26.3032755455 24.1101772091 24.3342385115 24.45236926 23.6281433172 26.0229047257 25.4938873172 27.1857435728 24.4390308803 25.9445063968 27.1201628572 25.8518825185 25.5962870863
23.8227388225 26.7480864698 26.3751451487 24.4746126509 23.8946221302 26.0889812769 26.0568823043 23.6677162773 23.2131397978 26.4275462102 24.8014932992 25.0160893445 26.3306157127 27.2061084416 26.6789315305 26.9858987425 25.3320707058 23.8739058185 25.4860263943 25.7940420347 23.2151808537 23.3509009185 26.0288619805 26.7326590968 24.7249238842 26.0602878034 23.0957787066 24.5312970618 26.8483516581 23.4417512701 24.0812411262 25.6917967337 23.3833185923 23.2369200091 25.8987031157 26.7282604961 25.1242543485 26.9736203296 26.03299962 25.0320334786 24.7362354759 26.8722695779 25.0483185404 27.2133210652 25.3436060244 25.6701698689 26.0560307573 25.4587287758 25.5075360217 25.3131980705 24.0235816826 26.5733391007 25.7164301541 24.4495724865 25.4083923239 25.3526951754 24.762373639
23.6720803282 25.3950644206 27.0080041064 23.4270710074 23.4482548898 24.1083086706 24.1148581577 24.7539254543 26.1989482213 23.5231025795 26.5451169403 24.1004017308 26.429700031 26.0861845632 23.1652215844 25.0576878384 25.2657251974 25.757298732 23.1447599967 27.1347894137 25.9718454959 25.5112277752 26.2424598673 24.9818828874 24.2094377299 24.1624429896 26.0077802329 26.7626931036 26.3944888097 23.6145749729 25.4712453201 26.6668345476 23.9428134593 25.8683023401 23.7510814092 24.4385608934 25.8120829366 26.6475286965 26.2761784786 23.6477656913 24.0933425677 24.0001580348 24.6870345388 26.5256527737 25.7392574856 25.5424175886 23.1180252213 25.6984319245 27.1765414491 25.2029061169 27.0109552352 25.075797998 25.7097198159 27.120895431 26.248035108 23.6361260099 24.3595349595
26.1527871529 25.4199228911 25.7568871394 25.0882584928 23.6101258316 23.2411129551 26.798230673 24.8476936621 25.7740104627 24.2589878507 24.8935697702 27.1907538487 24.5051593238 24.1840365057 25.1326414053 26.6577046959 49.7880463988 24.4688221418 26.2989271514 23.180058822 51.9253102114 23.8240477106 25.3376552237 24.4124621508 26.8399912545 56.0206709767 45.0230814405 52.9840410835 24.1340178162 51.4307652614 51.4307652614 51.6435369551 25.2813318894 25.7509103091 25.6620140405 26.3031637482 58.9129042275 58.9129042275 55.2428744565 55.2428744565 24.058422064 23.7873797198 25.949615316 26.3017615111 23.6372889885 25.7301444204 24.8124112458 26.3200714845 25.860555638 25.146606621 23.829029261 25.220475677 26.984690259 24.1969571501 23.5388946197 26.3611725554 23.789494115
23.8448362001 24.9975922568 25.4792646495 26.7669263018 23.6567548191 26.7300671746 26.5632462691 25.746149209 26.9475570603 26.3724464977 23.7957875745 23.3114744678 23.6953397413 26.2271795083 23.4541186597 49.7880463988 23.9946288082 23.5212425811 26.851424333 51.9253102114 39.9083642256 39.9083642256 67.136916335 67.136916335 24.6355020193 56.0206709767 56.0206709767 52.9840410835 26.5750662556 51.4307652614 51.4307652614 53.9313161103 24.30548554 26.3923573609 24.1084528242 24.5027450268 23.9695899727 58.9129042275 55.2428744565 55.2428744565 24.4011562935 26.6946614618 24.7396810389 26.1664205102 25.8979499177 23.904945262 23.3555741921 23.133694938 25.126725075 25.1801522571 26.6888633572 24.4598034612 23.1666897105 25.8188581877 23.9294412675 25.3441185965 23.7118507377
25.8567198433 23.2867787366 24.5177458877 24.8397724797 23.6411378244 24.5698454608 44.8182199538 44.8182199538 44.8182199538 27.1180908673 26.8708620851 25.4803455469 24.3598708354 24.3444478574 23.8351083957 49.7880463988 24.5923906168 26.5073799505 23.3300887071 51.9253102114 39.9083642256 39.9083642256 67.136916335 67.136916335 44.5782692138 56.0206709767 56.0206709767 26.4539494255 24.7816047789 53.9313161103 51.4307652614 25.407077342 26.9761049616 63.2448510975 26.1322012655 23.5373494689 25.7560622103 26.8088210086 23.2198292956 23.9999629841 27.170709413 24.9286554758 26.7764495987 24.5818588939 23.1642457184 23.3362002278 46.2047110918 46.2047110918 46.2047110918 25.9132912751 27.1645028634 23.8867647228 25.2054668427 26.9658782354 27.2171347528 26.5701505589 25.5347979755
24.0271951306 26.4092799462 25.9839894094 23.8503337381 24.7285261361 26.0028334063 24.6367534059 44.8182199538 44.8182199538 23.2353211349 24.4583394934 26.4522681677 23.1693990059 26.7186517676 24.2318579699 26.6844452984 25.2815425345 25.6426884772 24.8323581002 24.4265092526 51.9253102114 25.6523290673 24.5141247484 24.7242386529 25.7797285716 24.4802261735 26.2814311809 27.0842793136 23.7656075755 25.76028339 26.6761807814 26.6898370625 25.4771830813 25.1101208001 23.0507315001 23.8096508732 24.7493870769 25.1360166173 24.2088864608 25.1627044261 24.7404309325 24.0879185361 24.9991642805 23.6281997758 23.8516568999 23.1678440365 46.2047110918 46.2047110918 47.1575490241 23.0748335428 24.9782756172 26.9413562361 27.1464615966 26.5960216711 25.1482911288 26.5782124235 25.9268883327
25.324369896 23.456111492 23.013135815 23.1753079444 23.5898193008 24.1053163976 23.3949228252 23.7037085929 45.4361224874 26.1207561151 23.1094990619 24.5057506976 26.5539488625 23.7216602751 25.1995499543 24.1782308333 25.0875632963 25.3776782775 26.8775299145 26.3366854064 27.1861259982 23.94674202 25.371960684 24.2975134963 23.3698039536 25.5162905378 24.6551069632 25.5774397376 24.7426618277 25.2851786674 27.1057185156 26.9983480707 26.9164595938 26.5371821896 26.6638839289 26.4324352726 23.1418499499 23.5391422079 27.1067198789 24.0561359781 25.3300185089 23.4215133479 24.3737838265 24.9877281285 24.0804063212 25.7085866325 25.9658806868 47.1575490241 23.338639564 26.7274057242 25.1649606643 26.5217447315 24.7637651615 26.2661557784 25.4934902462 25.2886252042 23.8443226757
25.9406131309 23.2426298589 25.3804575226 25.0432718627 24.4578125572 26.4803971299 25.9269787579 26.9209116873 23.7428302725 26.1390169711 23.6173257426 23.1896630796 26.8321669458 27.0647723002 26.0280305961 25.7399313373 26.7824102726 24.1605977463 23.7540765939 23.838191192 26.4739864426 23.3094978489 25.8010405404 26.6848978124 24.7815184548 26.6804245314 23.8805243696 23.2575633874 25.3874286919 23.1850833584 25.0416757686 24.7296998666 26.7605373337 23.8308611187 24.2357881742 23.8026829083 24.6440618664 23.4212726114 24.9025902258 24.5651332032 25.7687278989 26.3762972158 26.2996800085 24.9034130489 26.7964280568 26.2342287458 26.040584338 69.341139863 24.4211669032 25.37136297 24.1667020105 26.4628921461 23.3166280091 23.8681894395 25.5917879958 26.0699361474 25.8818063004
26.3184366954 26.61293413 25.1181132767 24.5216348344 23.4259193045 26.7525609877 54.1614137109 24.9141418739 54.1614137109 24.9319640435 24.3370961248 23.9110633211 25.2716405576 24.99447358 25.5772874051 27.0824403101 25.5468653872 23.9866233409 24.1069397295 25.138340075 25.5881103132 27.1518314079 26.765365217 25.612560504 23.3340291429 26.9987981467 27.1831820976 24.7342444099 24.3817030565 26.8130878115 24.1884520544 25.6240668836 26.4805380794 23.3481263226 23.8429418276 24.5017365588 23.1205244278 25.3017446055 26.0612501279 23.5570040862 24.3384573606 25.6987265349 26.9244171474 23.8686486936 26.4096012464 25.9970002181 24.515644625 24.452629105 27.1877349228 26.4282361274 27.1232954039 23.5840662117 24.3547755043 26.604199255 23.7925791752 26.0002327508 23.218549417
26.8774367051 25.5775278487 24.808644302 26.7767214391 24.448084112 26.5991644089 47.0204169418 24.6762321766 47.0204169418 25.6019813037 23.0331461084 23.5363372595 23.7271037445 23.9723631059 23.2613977985 23.5684741672 25.0525383928 25.6843913036 26.0180183313 23.1651115928 24.656256398 23.8545036956 25.4963351092 24.2575747135 23.7738504077 26.62303097 23.8166924171 26.8732965373 23.563687985 25.7802943596 26.7599541546 26.1594615596 25.2688088357 27.0067398011 26.1942606504 25.7525771919 25.8112987974 23.8305524093 27.0729074138 24.7087828762 26.907823205 23.4099905232 24.0882086914 23.1546424337 25.7635857366 23.904392593 25.9539892901 26.5430075995 24.8981924471 25.6366970892 24.3691033547 26.987393953 26.6600824994 23.3320464826 27.0466114314 26.2474859774 24.5564176851
