Spatial_Output/DEC/DEC_1086.asc
NCOLS 155
NROWS 192
XLLCORNER 196307.867259
YLLCORNER 449144.565805
CELLSIZE 33.573938
NODATA_VALUE NaN
[rows 130 to 155 of 192, columns 57 to 113 of 155]
29.5558804441 31.9676622353 31.4902676666 30.5485728208 29.5573839939 28.567026587 28.7964341429 31.2674677095 31.0031695532 31.135866812 30.1644157406 30.8775539758 29.9085385342 31.0630613971 29.3553578253 31.9298542013 31.9553199365 30.1006332473 31.6218406766 31.5989263893 28.7458857139 30.3651209322 31.8812242688 28.8893025817 31.8054111451 31.394630769 29.8215633639 29.811935193 29.5658765452 31.6046077418 31.0050628795 31.8943564293 29.3352328661 30.5324374276 29.4713915159 30.9336774381 31.7792626091 29.1491106442 31.8130928758 31.320208333 29.3483353295 29.969362428 30.4061590606 30.2650492271 29.8294782092 29.8220890549 30.6025714826 29.5455137029 30.1514197934 31.0835516155 28.907592131 29.4538913847 31.2332141339 30.8664997796 30.6669431756 30.3802684277 31.5842716609
30.5873943626 29.8421782582 31.735334219 31.2429414154 31.0335311509 29.4621637641 31.080833851 29.1819420894 29.805732707 30.1161083811 30.9152247237 31.205434858 31.8375698287 30.6048209896 31.1823961374 30.2346231459 29.758809983 28.5966081283 28.6971938479 31.9710687869 29.5168335643 29.3032303224 30.211835347 31.5856494539 31.3262286444 29.8599976638 30.0386753136 29.8175011482 30.184432723 29.3625849807 30.8498133744 28.7101942826 30.1312185168 29.9901462082 29.2057715526 29.8023333504 31.1069910578 28.6730249796 31.5208165773 29.9343248122 28.7221159831 31.2669246334 30.9812814779 29.403678167 28.8582932325 29.4375874339 30.246668968 29.6250516832 29.2998971267 31.4629199802 29.0879262162 31.9625585013 29.630492212 30.7320396544 29.6087273586 29.6993100983 29.6388995616
31.3005721273 29.5786594874 30.7777588842 30.549940609 30.8413448284 31.9654245341 30.5437468814 30.551673072 28.77619152 29.8105263483 29.4445427513 29.5116720483 29.7087154298 30.1942440322 30.6344126913 29.9389968225 29.9696092177 29.6692885497 28.7733265399 31.5206484719 29.5441705892 29.8262895828 29.4267178366 29.5544749265 31.5932309926 31.5162407602 28.6773847577 30.5957665227 31.769244577 30.1069207464 31.1034964269 30.747805604 31.4058544749 31.1449011778 30.9213591585 30.9805676398 28.8759619365 30.0200725192 29.5955453205 30.7709190047 28.9360681066 31.2270482201 29.0418936954 31.2331264002 30.1763784204 31.5239047008 31.7592324306 31.1027994238 30.936446857 31.7492755486 30.5268433731 31.2649295274 31.3177904002 29.4176348797 31.277747248 29.2817264015 30.6512557294
28.6276713759 28.9618983686 28.8020269727 28.5164468919 30.0016005229 32.0000050233 31.431891541 31.9184296936 31.7769303691 31.5564653744 31.0982625887 31.2396642978 29.6740725172 29.6288586387 30.4504027974 28.7470514856 31.8090077184 29.8860415321 29.2843926725 29.5833229253 28.7214619757 30.5254327974 30.1408812206 30.0237427118 31.9392372682 31.6444076427 28.6031326935 30.5582167458 28.8094254104 29.0769121805 29.5158282 29.1065630373 31.9201915935 28.9655679137 29.8507908502 29.0402961888 28.6005110844 29.7109968404 30.0070373175 28.6733204687 31.0731932842 30.2429735214 28.751496275 31.8023787531 28.9863892578 30.2874924168 29.2282661263 30.1574449257 31.5796527675 30.3646059606 30.3946364076 30.0951753291 30.5268501314 30.0654897094 28.6330729946 28.8677436181 29.5155665905
31.0993313408 29.5223817864 30.9209509097 30.9314233423 30.0356212403 31.8658340442 29.3738114821 29.0565869517 28.5076972409 30.6759687997 31.1853119376 29.6810275956 30.517193615 30.4207588221 32.00472161 30.657656291 29.9726402189 31.2824914047 29.0532158428 29.2365890057 30.3115050279 30.4771544495 30.9021231908 30.2488900922 31.8361656388 29.3093423115 28.5251750006 30.647073501 28.8603383977 31.0974843722 30.2739714132 30.8541595686 31.0566324944 29.1783054964 31.1001613174 31.093474062 28.8241405781 29.174221317 31.9244449431 30.1210299964 30.9308637718 29.2155179372 30.5588013779 31.0217534128 30.1762642761 30.0956456076 31.8938930483 29.5552895518 29.0186754551 31.2792730241 29.2179005895 28.7731781424 28.5254149791 29.4816260723 30.0110086385 28.8629558036 30.8059977123
31.869611893 29.8931568914 31.2014572293 31.908632584 30.6565104795 29.4256220914 28.519143539 31.8605511496 30.6361981315 28.6672726789 30.4546686914 30.895995586 30.1249627422 29.7915892823 30.6061696201 28.6333230697 30.7041143016 31.4468713254 31.8127928069 30.7172935589 29.0966796459 29.6602808701 28.8157439641 31.5903714783 31.8092148966 28.664133003 31.452844032 31.4265029126 31.5669530006 30.5290622734 29.4106132508 30.2274661817 29.5328656964 28.966779461 29.8624425848 29.5698011964 31.5828422237 29.172909982 28.5496883708 30.0602011994 30.0385222634 30.1471341567 29.6875829085 31.613534134 31.4348668685 30.5968261453 29.262393381 28.8759549476 29.5979127733 29.1465305077 28.584251957 30.7646306594 30.1807723744 30.2075763057 31.1352950331 30.7518194193 28.8043743139
30.5668650365 30.7582260471 30.2889505594 29.8768900583 28.6476038316 28.8747746815 31.906927131 30.886509141 29.9000619793 30.4040219037 30.3819156289 31.859137479 32.0028059125 31.0806756005 28.9848891132 30.3942732017 30.2457343096 31.9855013875 31.9824112073 29.3933361034 28.6790322066 31.5761462242 28.631731366 29.5829966838 31.0997932609 31.1480277582 29.4872755311 29.6898774987 29.6643867128 31.9981517516 29.7868230135 28.6238262083 30.8921613678 30.6212479806 30.2179453489 30.2389411731 31.4167662572 28.7678744452 29.936621472 31.4335105256 29.7337814065 30.8856097607 31.8763902853 30.7577939886 28.6266096473 30.9643855377 29.5833747425 29.4890640739 29.7647785493 29.8583828037 30.8300051422 30.8479356229 30.0204505189 31.7317042363 31.6986761615 31.2397323093 28.591886885
28.9286211348 29.0118951882 31.178380031 30.9323936079 30.5654129262 29.4279218664 30.2729311689 28.555485023 30.9505159489 30.5644111251 31.2139136926 31.4909243671 29.2516966577 31.6229047757 30.5386713816 31.2191137604 28.7353401463 31.2367192633 30.0392690309 31.8123384101 31.1715855344 28.9260203715 31.7027427724 31.3898066403 30.9408205337 31.7734863859 29.9909400436 30.1278355172 31.3707562912 30.0720536732 30.6956217904 31.0503427033 29.7199088419 31.3344229608 31.9747194854 28.7802879988 29.8204589232 29.501213619 31.9962618214 30.302263512 29.4058925751 31.7158781872 30.5209062657 30.4251204252 30.8928973038 30.0802496606 29.1915161882 31.6536503997 29.2368576851 29.6232473106 31.6660898489 29.8216224764 31.5998457722 30.7304732115 30.5404849884 31.1681086797 30.4719759722
28.6153149635 29.1351119113 28.8710639691 29.3838661442 30.6940340631 31.3777938425 29.7251555532 31.5746832197 28.8281314504 31.6334129765 31.3750622313 29.0486247816 30.0063604535 31.2596568668 31.6900362477 31.4807843131 29.2809625809 31.5755469895 29.4292201724 31.1513616948 29.8270686885 31.9614473095 30.0429303058 30.0298327027 30.1737481821 29.5568834259 29.4664280563 30.7563965159 30.6429647829 30.3055394053 31.382008064 31.2400271202 30.4115359746 30.4073158006 31.4945842903 29.1081413715 28.5781610084 29.1028205299 31.5999392117 30.2038669581 31.621924162 31.623777811 29.5773192881 29.8950262238 30.4431449161 31.3095529783 30.9378894269 31.9913192296 28.9755158019 31.0928646042 29.2345837643 29.8698713869 31.6086052226 29.7590321314 30.2150175875 31.8154764537 31.5256058871
31.1140024914 29.4118386454 30.4960629355 29.6939482031 28.6361668425 31.7168318722 31.5364756771 31.6365470298 31.3621952929 31.2692256244 29.6161694747 28.7659716813 31.5592744512 31.2040022871 28.8605808765 31.2894741868 29.6454065952 30.1504490067 30.7170462108 29.9446941324 31.7167187132 30.9580694924 29.8659728864 29.1430709032 29.0526129052 29.6071462592 31.987866013 28.7526343776 29.4105993673 30.2895325165 29.9134904927 29.4096078678 30.4251182283 28.8767905609 31.662442646 29.4101606851 30.6506017508 29.4017681232 29.3743285369 31.4321748787 31.6446507237 30.3764542406 30.8847111369 30.1689789961 29.0192554698 29.8525882466 31.260612583 31.1525840844 28.8362756187 29.972497879 28.8109207389 30.1329247371 28.5492129463 30.070078596 31.1009662084 31.8299368974 28.7514837738
30.5128766948 30.4080144764 31.0272803125 31.8827810601 31.707324168 29.4054299829 29.9215693819 31.0626732687 28.7698020556 31.8625063154 28.5952303803 31.8325600787 31.6261240509 28.9432859539 31.4750926448 29.0532578708 29.5952955403 31.3348758556 29.0145291764 29.9006712367 30.911922416 30.68394065 31.1428548786 31.5134297718 29.5785135709 30.6092428835 31.3408135887 31.4034241687 29.2971540868 30.2412981555 31.6271838528 29.4972291553 29.0262735723 30.3263654941 31.0689606395 29.4724405558 28.7029252407 31.2711727647 29.3497408498 28.6102849829 29.254096338 31.4692662685 30.639923754 29.2929517956 31.4534727038 29.9440525738 28.9518109873 29.8825747977 28.6598982541 29.5876760988 30.9752174933 31.7865087163 30.1969638722 31.5079736134 30.9076074438 31.7064146639 29.6549851948
29.5821962598 28.788655827 29.4173345584 29.2373774354 30.2570224454 29.6468956773 30.3908817476 28.7034373502 31.5310417114 29.4494064158 29.3012337718 29.4517203454 28.515100987 29.096088431 31.9448941188 31.6301485268 31.5757175618 31.6356129088 31.1019962539 29.2965820477 29.4550338189 30.4929002134 31.3707403056 31.0565594425 31.4142972418 29.2192704698 30.6174645243 30.0520466172 28.6774267224 30.7216674653 31.9681703165 28.6629852203 31.6351983931 30.6244864239 30.6123798961 28.7451467827 31.9610922304 28.5815507933 30.5560204745 30.0387313626 29.8422800869 28.8718024256 31.6374605717 31.372325455 28.8268563087 30.8493325524 30.1412752921 29.8316719897 29.7311540021 28.6576253049 31.7728358022 29.1137298711 31.8258961481 31.0021376311 29.5178433721 29.3407109578 31.6629353555
29.7719622258 29.8499867925 28.7913531855 29.5205166591 31.917842664 30.7594631809 29.0322981162 31.174027868 29.9845293671 30.9438897443 31.7584162801 31.6438551824 31.0067056286 30.1020868492 29.6709367643 30.4828132545 30.3728786626 30.93248778 28.5664682452 31.8941754549 28.7523997609 31.047702188 28.5375022972 28.761459595 29.228833736 29.3755732729 30.8065273742 30.2039440519 29.8921306784 30.8690781853 30.3156612971 28.9417495543 30.0057728765 30.4349899381 31.5140683165 30.7313291312 31.2243440854 30.780816942 30.1670789633 31.6824674315 28.5356112309 29.4700949437 31.659240137 30.1990736188 31.397130454 29.0272613516 31.9872022327 29.6179798743 29.3495988225 30.1207505908 30.8496051866 29.0292303589 30.2335261198 29.9495483009 31.1355952278 29.9852327179 29.4416333704
31.6606502306 31.762283781 32.0097139914 29.5002606913 29.9490931913 29.8822997313 31.5455589726 30.8867711434 30.3371375433 28.574044105 29.7224525228 28.9590886675 30.6510782459 29.2252720859 30.4852885821 30.1062797389 30.842625745 31.328040801 30.5188512221 30.1722011462 31.7231161624 30.9947330997 31.6880316981 30.6421860316 29.3074048244 28.7117153512 31.8772702474 30.5503896468 31.2578808128 28.6116273965 30.0651211814 29.4909669798 30.0161409185 30.2829432664 31.118710142 31.9110572176 30.6307795302 29.6566459983 31.531817215 29.9078340974 31.7191768794 30.8534061689 31.8255342769 29.4520461486 31.4272204785 28.6407693795 29.2741521797 28.9023824681 30.4240083071 30.6071438217 29.5472443842 31.6046217107 31.8853177632 31.5147703261 29.8777518344 30.1921660508 28.9231591067
29.5793537308 30.0930438866 31.4532663289 29.791476053 30.2869297915 30.2206316685 31.2627684757 28.646216638 29.5087749365 30.8219845894 28.8306500577 29.9898003595 31.1014181006 29.0962139016 30.4277050653 31.2126033553 31.9135368627 31.5492621131 31.3409932218 29.424600402 31.6638717465 29.2628948488 29.0121782861 30.9619983333 30.6710776911 31.7417033607 31.1290252138 31.770973409 30.0033559128 29.7784373353 30.246756697 29.735577643 29.7570233617 29.1385643908 30.0347919503 29.4820716291 29.6787469672 28.8023949748 30.0610143168 29.5014373063 28.862770869 30.2778831559 29.773056009 31.9693854637 31.3291835537 30.4648183237 29.3594189988 30.5766406738 30.9852913981 30.3146755548 31.4344367416 30.1559549568 30.2456189179 28.7878931166 29.4952603338 29.8482788104 31.9532642067
31.9179595354 31.1285588849 29.4083042415 31.150432459 30.2197889641 28.988064023 28.8010332422 29.7700646622 30.1017424992 29.6413384687 30.7213160187 30.6645188017 30.3232518848 31.5440812954 31.2195761126 31.0575860145 30.6827483017 30.4136886464 28.8807300755 30.8680319379 31.2678255321 31.4965553409 30.0253448251 30.9593238807 28.8800014002 31.6925265782 30.8291779955 31.106118034 28.9422357051 31.8419958403 31.7132760706 31.2304442121 31.9838852902 30.7713468914 29.4162346065 31.0748180126 29.8977412023 29.6520553378 30.3659248706 31.9483349398 31.1296438433 30.1813860712 29.3042329313 31.4132006673 29.337899417 31.8359105923 31.6531825446 31.2237340095 29.0047567637 31.7688675621 29.2996542478 31.8677663373 28.7028363426 31.2810789959 30.0685918535 28.7304319725 31.9378715554
31.0556159088 31.2616127463 29.0486339221 29.6349233312 31.8500785253 31.8988419238 31.6099520758 30.9475951662 30.5629274038 30.0943248597 31.2852914736 31.5569285881 30.5507545676 29.8745974692 31.3411260229 30.1968333026 30.8515357014 30.1382873852 29.9420636101 28.9508395096 28.5610136172 30.7094116982 29.4332001379 29.5110851592 30.5378298449 30.4655095528 31.6045783516 31.3946947059 31.8262255083 29.4051671208 30.3252765968 31.4365415455 29.5316100369 30.306902351 30.8857184606 29.2577019406 29.3126706369 31.9092118112 30.1397768198 29.3325733781 28.8889134002 28.9037625973 30.5362434018 30.886610662 30.6919570131 29.2842787324 31.1284682661 31.4187065475 30.9783979865 31.8707252591 28.6169185426 30.8959057688 29.8984017983 30.4562603654 29.5776858088 31.0625753693 30.0620110181
31.3033681407 31.8189525284 30.5579612947 31.2830181174 31.5120989877 29.1116515735 31.008816978 29.9552586135 28.5003420393 28.7501945413 30.3033946977 28.8210152077 30.449158742 29.8960994781 30.5307319139 28.5487416456 29.4009758677 31.6827226476 28.856732185 29.7805701334 29.9951702263 29.5590855892 30.2299164326 30.5527673557 30.2601537292 30.3386362179 28.9341066511 28.9145003707 29.1879893757 31.0081295846 31.4352387956 31.6760965736 30.7682598478 29.0073006349 31.3559508392 31.6440490839 28.8610398303 29.5319821162 30.8595940751 31.1480795721 29.4553315357 31.1583153866 29.4063735874 30.600331834 29.8937402232 29.3529342251 31.8037523852 29.2332304194 31.9259212209 31.86289449 28.6877217329 31.023419416 29.7604124785 29.6327445336 30.1143577 30.4911218855 28.9668973835
30.6707561996 29.4591187797 30.704481133 30.9550067729 29.8909000763 28.5563088417 29.7212697237 29.106647596 29.9543676796 31.245841224 29.4743948126 31.9825960026 31.0800048664 30.0612119713 28.8738505856 29.4088616975 29.2982609623 30.519978322 29.4648307992 31.2521483805 29.7342880797 30.1930915902 28.5959474593 31.6572911666 31.8395214698 31.4071954302 30.3844813598 29.5732254046 31.7916833933 31.7641690407 30.0638955363 29.3780825318 28.9236969692 29.9281396373 29.8513716212 29.6482081844 28.7828596345 31.8674646817 30.786324696 31.4604236233 29.1549361181 30.985634565 28.5950056928 28.5609437286 30.6426750413 29.5206499179 29.6149434555 31.5521784786 31.5643673338 30.1713905063 28.656854792 31.3452227352 29.8428725882 29.5716393255 29.643896017 28.7718429813 31.9334094888
30.388165744 30.5021751228 30.6575926389 29.8177877503 31.0313829045 29.8533381825 30.9528134276 30.0869986213 30.1669647238 28.9809903194 30.5821524019 30.1823841221 31.1169983306 28.975856911 28.7050249399 31.1622888326 29.3917203568 31.7113238444 29.8618702659 31.5727673984 30.6615232396 29.0994408981 30.9101315886 30.861779845 28.9745851384 28.7783666375 30.4290496637 30.6710312456 28.5601309972 30.3663175098 29.0688433782 30.9941762832 29.3015061458 31.4566705651 30.8308120993 29.0505262517 28.8814660051 28.9211578589 29.2548153179 29.8882043482 29.8406925712 29.6813808997 31.3043421633 31.9243452198 29.9630920793 31.7884787244 31.8886474996 29.3630484311 31.6427591912 31.9496409669 31.6975171526 30.7915744189 30.0672070568 29.8650482799 31.1090810023 30.1969708047 30.872934032
31.5621602366 31.3274988218 31.7813588822 31.5269191039 29.3748030126 28.5873516607 29.1223139247 31.0021762455 24.2055038749 24.9818562499 28.3545541362 30.9691974198 30.0353483412 29.4747574158 28.5804039266 29.7968740014 30.3654756081 29.8461171286 28.7217498404 31.6577577504 31.064363063 31.7262573233 29.3420373548 29.7433729405 30.2295685053 29.5554882166 29.5551929967 30.6645841651 31.52775744 30.8492292005 30.3703250923 30.9648767765 29.711633547 29.3979704023 31.5365154024 28.6576377943 30.6445527705 29.26559466 30.4825411892 31.5799767866 30.3583841015 31.6856499141 29.664104666 29.7505685474 31.0631763538 30.4884960573 31.867124734 29.1419322141 28.5610983007 30.7019606434 30.1415778978 31.6646106305 31.0692677218 31.1165019407 28.7379987476 31.6481795646 30.7553819439
0 30.9226762543 28.9221324788 30.4083072543 30.4637840339 31.1055284746 30.6082265398 32.0261912364 26.193609199 19.2127214638 30.2245471361 28.5911629696 29.565807821 31.007242681 31.1472211518 30.0044220672 31.2596164263 30.9454927105 31.6671344405 29.1994113427 30.1532265283 29.9325360056 30.0397194935 30.7443396637 29.2651467754 31.0247371795 28.7827920499 28.5696979293 31.2959382753 30.7992241718 28.9447550133 29.0760539537 31.8274424897 29.5925764319 31.3412764897 30.0327631913 28.5526791927 30.1500021755 31.3609026606 28.6523693188 31.4804797753 31.2729293447 31.068819953 30.4626530344 31.4342559029 30.8463507676 30.5180051722 31.2554256931 31.2928437357 30.7170014146 30.0085861569 30.4136305675 29.0107536713 29.4591663526 29.4282230296 30.5574851495 30.0809626599
0 0 0 0 30.752544125 30.1871860426 31.0881801109 31.6958535767 27.2765174488 31.9998504305 17.8865641947 29.1208794784 29.7283139167 31.8736340529 28.7072171822 31.3698916367 28.9565065746 31.5240750834 28.9002790385 31.5249863594 31.8909573466 29.3153183673 29.4377120152 30.4671434121 29.3083890949 31.4858342905 28.9769594276 29.2377175593 30.939316364 31.6380664917 31.2902046579 31.6879363488 30.7041247561 31.2671659703 29.9343721511 30.8281074107 29.0449342765 30.2207888603 30.905401321 29.4511945255 31.0177126639 30.573885011 32.0019797378 31.6685592093 30.5733844863 29.0297972652 31.4039886594 29.4369675597 31.1771698488 30.3246707238 29.025842391 29.9672516816 28.8639950384 31.465023412 28.9553532646 30.8208161175 28.5463414213
0 0 0 0 0 0 29.2168123828 30.9602234102 28.5232649901 30.2398073359 30.2987777722 29.052885841 29.0784456677 31.5055171288 30.9222963865 29.7213886424 29.1490581006 29.4456495696 29.8588586422 29.5216393602 30.6213907285 30.5345388313 31.3956684851 29.6707244088 31.3784781117 31.16568002 29.1759185549 31.0956001123 30.2592609887 28.9038644709 29.2941177889 30.4144391967 29.6499184453 29.9529815426 31.7808275401 29.8658791396 31.5955967398 29.7521062087 31.0054401508 31.0585912709 30.1929528738 31.0597801218 30.6503474005 28.77915012 29.3576649614 32.0295212764 31.6289156613 29.7981622225 30.5030439308 28.9730058301 28.9897231144 31.8554855259 30.8651114458 28.8594290611 31.9267934281 29.6972246818 29.6433728474
0 0 0 0 0 0 0 0 0 31.8336203209 28.6040227019 31.6912976227 31.9151153044 29.8712097477 0 0 30.9572124596 30.9316188087 30.4844253462 31.3692373223 31.4930389114 28.8650817762 30.9193399758 29.6383337342 30.2926798213 29.7793721401 31.1913584387 29.4049699788 29.5663111609 28.8483056743 29.0056637387 29.4123174099 30.3114716683 28.7339691434 31.2007027667 28.665738984 28.5162405537 31.9141989363 29.9058188477 29.7132100322 31.8383380521 28.6683967272 31.9053049868 30.616925094 30.3259557636 28.9293471734 29.7360433503 28.678568857 29.4228350786 29.8088606912 28.6520345098 29.7612496461 29.8122412574 30.0289776558 30.3776917848 29.7796175083 31.228816238
0 0 0 0 0 0 0 0 0 0 0 0 0 0 0 0 30.0276178944 28.7255295214 31.2105777978 31.6426752046 31.6203879401 29.5277691701 30.5947105246 30.0575665409 29.5864303995 31.6984048157 30.0723606716 28.7636798917 30.1060470078 28.6978748701 30.560427602 28.6139782187 29.0955701055 29.7931852662 29.8381958098 31.11464604 31.4925956396 30.3688394919 29.7979230616 30.4516267009 31.0491723032 29.8164765911 31.7991252258 30.8330337939 30.1901576044 31.1350133012 30.1391047997 28.5723072158 31.0207796482 31.0851298254 31.4147061937 30.6774210665 31.4474649558 30.7980059513 31.616280148 30.9870287078 30.4374034151
