Spatial_Output/DEC/DEC_0248.asc
NCOLS 155
NROWS 192
XLLCORNER 196307.867259
YLLCORNER 449144.565805
CELLSIZE 33.573938
NODATA_VALUE NaN
[rows 52 to 77 of 192, columns 57 to 113 of 155]
44.6784454915 44.8470682279 44.8791491494 44.9694876355 44.6925455812 44.5704516592 44.7435526482 44.6185757977 44.942511654 44.9585112438 44.6804562784 44.5273788706 45.0234383437 44.595656488 44.9516728999 45.0988035645 45.0395936451 44.8770486671 44.6084097674 44.7559225469 45.0749831725 44.8211500785 44.5995194946 44.8275186031 44.7179511244 44.9929361976 44.8744298372 44.6854953581 44.7596580368 44.7714571911 44.556385462 44.6019331891 45.1392485922 44.7365173892 44.9665546814 44.9134407374 44.5040811731 45.1080216553 44.7838445683 44.7866895211 45.0424482226 44.9191020821 45.1652232018 44.6973365809 45.0511739715 45.0694642341 44.6083432297 44.521923812 44.8434457331 44.9543034614 44.627833541 44.9904465785 44.7642128129 44.7529863027 44.6648885085 44.8392375281 44.9713940414
44.6328541547 44.9649455632 45.1790247811 44.5410350745 45.0616257471 44.8114545395 45.0857191201 44.901597259 44.9265276431 44.8882553685 44.9661546401 44.7465305073 45.0902586813 45.0254189671 44.5333259327 44.5499900597 44.9519677257 44.9128727554 45.0213963158 44.6197944879 44.5209928393 44.5023000223 44.6971172445 44.672309064 45.1900023225 45.1549773888 44.661862876 45.1751038608 44.5545380084 44.6661323934 44.8553370281 44.6010634335 45.1408063515 45.0490967839 45.0609708053 44.8053289156 44.7839481928 44.7090001071 44.8892012808 45.0719543452 44.7086724798 45.2070754566 45.1524341729 44.7168700285 44.6037352546 44.95093811 44.7737362628 44.6866521831 45.0717112497 44.7059038759 44.5020888416 45.1117349888 44.9528674702 45.0516102669 45.0428141928 44.9503543822 44.6023242543
44.9896901264 44.8036570798 44.610022563 44.9830610105 44.8180674473 45.1185936194 44.7044419155 44.708660389 44.9569040134 44.717493144 44.5142675184 44.9068622248 44.7722919924 44.8103569866 44.9353695085 44.9108303256 44.8487654359 44.8373260566 44.8237868185 44.8436956443 45.053081396 44.726386286 44.8265358196 45.0611400526 44.8368378139 45.1673033217 44.8957646619 44.7275389257 44.7785438793 44.9362334479 45.1301228633 44.5892106238 45.1553205605 44.8383131415 44.7489470803 44.8324864835 44.7117907224 45.1125262266 44.788309192 44.8100436299 44.7444280048 44.8837720501 45.0553291062 44.797283043 44.9983718623 44.5528786351 44.7982689071 44.6929144884 44.8222126064 44.836433523 44.6749381117 44.6487821991 44.7277101477 44.8911397415 44.8016979383 44.9541715271 44.8179251438
44.7073611774 45.1505443394 44.6748385824 45.1667073512 44.9348896782 44.6712449019 44.6910799103 45.0830569436 44.7017371191 44.8239092033 44.6179151571 44.9245106748 44.8323848156 44.8153714345 44.680838844 45.1005428115 44.9665102311 44.7870916279 44.9390307429 44.613630507 44.7630592086 44.5355501491 44.5013001236 44.8643174365 44.9398581754 44.5097640449 44.7375322825 45.0182988 44.6859494858 44.7860554349 44.9625741143 44.6555242574 45.0859289311 44.7286630956 44.5350417408 44.6799295593 44.8069382501 44.8608071885 44.8380139372 44.7946225113 44.8907627136 45.1669479195 44.6585066301 44.7471384026 44.6203602334 44.8666643049 45.07115594 44.7877000075 45.0831726286 45.1567023539 44.9018688819 45.1819133808 44.9475970785 44.7069653206 44.6237181199 45.0106182212 44.8644693615
44.9482902276 45.2046352434 44.6012614329 44.7785473019 44.6868399163 44.7193490282 45.0034177734 44.8075431657 44.898977926 44.9366902488 44.5705052538 44.7038612009 44.8298378502 44.6497909107 45.1230095184 44.6721583747 44.6635311085 45.0293325772 44.5844188474 45.1347009194 45.0496015271 44.6387272083 44.5882155002 44.858310204 45.1697746243 45.0250073579 44.8605376537 44.8817694981 44.5575766572 44.9460490785 44.6149567064 45.0249928092 44.5618601331 44.819766055 44.9938908667 45.0520111059 45.1294758216 44.5659793697 44.5307797767 44.6444723578 44.8570207337 44.8105391651 45.1831605995 44.6753048893 44.8530068922 44.9061897211 44.7959358723 45.0212010498 44.7865053709 44.9584461798 45.1967342948 45.1450979214 44.6275010678 44.5966514281 44.7377525779 44.9063855326 44.5889335072
44.5817296583 44.8263582568 45.1475635244 44.5391874388 44.6172881118 44.7910808702 44.9890475533 45.0651891157 44.9284173386 44.5978290938 44.9697045073 45.152634686 44.7792318865 44.6612547118 45.0886582741 45.1315970706 44.6816920297 44.6792966519 45.1461151168 44.5499811092 44.8926442016 45.0541056199 45.0785612582 44.5416640439 44.9747047102 44.8579851776 45.090699037 44.5105113989 44.8801676877 44.6011523316 44.5135414858 45.171840756 44.8854048643 44.9630599366 44.7325719978 45.0920969127 44.8352309784 44.8836929197 44.6422335523 44.6773540917 44.8989846341 44.7685972138 45.0321687085 45.1911051952 44.7768344925 45.0238431295 44.8100471587 44.8207816607 44.7937952513 44.7276665452 44.7759182416 44.6247150092 45.0410916486 45.1995866991 44.9842719795 44.8393167968 44.7246074171
44.6598854413 44.9709976937 44.6474854341 45.1409544207 44.6999121067 44.9848082288 44.6259366574 44.8753520056 45.1866716283 44.9129862854 44.6355521975 44.7142398178 45.1524103291 45.0775482336 45.0257406808 44.9692393164 44.8927496454 45.1735071074 44.6651597477 44.7056580711 44.7432413632 44.9208227797 45.0696173498 44.6778405228 45.0233253767 44.7494064573 45.0327661564 44.8705854737 44.8582156086 44.5316909344 44.953076987 44.8347324421 45.0009456409 44.5167967256 44.545102834 44.7559314158 45.1310979542 44.6461290735 44.9929541997 44.7106358777 44.7444536063 44.8224077473 44.6614039984 44.6102483062 44.9372599602 45.1565763461 44.894959076 45.1613532078 44.5191320316 45.1161832505 45.1222154046 44.5376147087 45.0118672544 45.1097275378 45.1521699849 45.1190186052 44.8614037676
45.0337815094 44.6510562004 45.0430100601 44.5640890542 44.7967178674 45.1379437598 44.6427688129 45.1416208563 44.8285645576 44.9096733199 44.6471751158 45.0452930581 45.0210901303 44.9492962321 45.1589528153 45.1571515569 44.9756056468 45.1012701183 45.1287369014 44.7032379029 44.9117227669 44.5421208181 45.1379641317 44.7141643357 44.882108834 44.5689960171 45.0587898628 45.1879618686 44.8414607727 45.0328827202 45.0799611382 44.7410763445 44.9279552432 44.7815196924 44.7283498944 45.1030752883 44.8085529418 44.6701842613 44.664208808 45.1782303813 44.9191294097 45.1186809453 44.7921340874 44.698731513 44.8913270623 45.0832523544 44.5310235073 45.1173427802 44.6086659534 44.6055289908 44.8930620148 44.6510696121 44.7463981096 44.8644720332 44.6903485521 44.5703451038 45.1697545833
44.9451354962 44.7893816456 44.9550718141 44.9620378812 44.7648732764 44.5018736066 45.202710293 44.7381260925 45.0873894951 44.5339642592 44.8332006267 44.5019507557 44.532186555 44.6667724756 44.633014794 45.113531477 44.6270396971 45.1031403116 44.7012072511 45.1680453902 45.1222026536 44.7618767551 45.0647859355 45.1278653806 44.7919548662 44.5475902887 44.5303526478 44.9228719377 44.5385964987 44.7570235568 45.0644399582 45.0786907271 44.8290320285 45.0487617381 45.1434175941 44.5912492496 44.6725278455 44.5604687945 45.1431003218 44.9176622424 44.7355561125 44.5621472799 44.5063534892 44.814815813 45.0175441964 44.7815951629 45.1026515511 45.0343818627 44.754464368 44.8991476161 44.913274418 45.1432658092 44.9169618805 44.632903138 45.0831874114 44.7663881404 44.7116941992
44.7308597512 44.6510319024 44.5255842327 44.8519652311 44.9091417973 44.9252529071 44.6274663082 45.1065440041 45.1060584336 44.9153954262 44.5704272669 45.0333324036 44.7210099778 45.0798489701 44.774653973 44.654655591 44.8401964168 44.6766044602 44.6526361852 44.6707844206 45.0015524643 44.884164289 45.1786110344 45.1118088198 44.5740967822 45.1147486317 44.8358149707 44.5499581461 44.6507936671 44.9189027258 44.6498122354 45.0509064706 44.6173620867 44.8237330629 44.5141238926 44.7591356477 44.6476607096 45.1936684769 45.0479233726 44.7565730235 44.6348966021 44.577506501 44.9673080293 44.9590609623 44.8480950376 44.9973847649 44.7164187144 45.1635240042 45.1624862637 44.8990900248 44.818338432 44.5894070347 44.7283017801 45.0421258319 44.5006144517 45.122651522 44.6182458936
45.1227103749 44.7904939062 44.6590415439 44.8757092691 44.7741154783 44.8291232199 44.5297118354 44.737040916 44.9944491754 44.660856469 45.0882561671 45.0155524761 45.0919759074 44.8244629611 44.7060857834 45.1822626525 45.0933844296 44.94373279 45.1613195438 44.5096579808 44.8071470972 44.7456668165 45.1757765898 44.7846239748 45.0253520697 45.1356010251 45.0070371873 45.149446669 44.5509429238 44.9350710038 44.6897075788 44.7839018144 44.8664890173 45.1461378676 45.163890834 45.0075887491 44.8217442534 45.0968945831 44.6240588051 44.8367248902 44.6184726541 44.5918354861 44.7671470959 45.1090066874 45.0512738244 44.840592262 44.6397078464 45.1114873783 45.2009833215 44.6595343393 44.5834805327 44.7257003606 44.9034334197 44.9186441629 45.185739841 44.6071795029 45.1197063265
45.2013991302 44.8403444858 45.0232923583 44.5287649265 45.1751336201 44.8882290195 45.103436806 45.0511609854 44.6771090823 44.9562665079 44.8485858382 44.8307669187 44.7092063132 44.9763144634 44.9571262857 44.6552451074 44.7608618217 45.0103640238 44.9443239988 44.5752998881 44.9921455393 45.1140410618 44.6213315955 44.6666286688 44.5941443019 44.7077165648 45.1746175702 44.6983733072 45.2051373982 45.0960974821 44.5870982805 45.0719516241 44.6061221784 44.8231646 44.9611191633 45.0887941417 44.8290147287 45.1887503049 44.9154178301 45.1481893167 44.9187389128 44.7629445125 45.0378831458 44.8333505837 44.6931141142 44.9068463921 44.9967059087 45.1797942874 44.8410788611 44.5258124135 45.0234679763 44.5002697761 44.5084209027 44.6618946813 44.9175788453 44.8278659534 44.8404853164
44.6925430669 44.511423003 44.6488548952 44.7076185284 44.5680986494 44.5520858784 44.9800761832 45.184340307 45.0028012119 44.7879413178 45.1605116864 44.8616528808 44.7902602407 44.6680376188 44.5521410019 44.6044192292 44.5554511846 44.7812267348 44.8556928483 44.5939754619 45.1278663917 44.6604072732 45.0012763804 44.87516334 45.1542158802 44.8239697861 44.5419775596 44.9221341819 44.6683617326 45.0748792772 44.5231924569 45.2035478199 44.9982043437 45.2066107893 45.1943111589 44.8726354433 45.0631933866 44.6186811564 44.695791829 44.6528879469 44.6685620632 44.5559730105 45.1431584904 44.8538974152 44.5079074297 44.5540082259 44.7711115067 45.0955671949 45.0740059095 45.1763821582 44.5576150653 44.9250802786 44.7986158767 45.0299030821 44.9348991127 45.1926675248 44.8416349439
44.8759555704 44.9486584684 44.746205796 45.1616061756 44.7109348628 44.6483703817 44.7028627655 44.5184073592 44.9958009017 44.9062271722 44.7242434118 44.9086073015 44.853844028 45.0454649666 44.8254024522 45.0036591709 45.1596594129 44.7808552079 44.6549413581 44.5552769867 44.614445981 44.996352886 44.6893117806 44.7324056257 44.5134785018 44.7303854611 45.1329203903 44.5269791579 44.5296208322 45.1194881115 44.5564911226 44.5866223428 44.7437622113 45.1364712821 44.8143081871 45.0675962378 44.7161074222 44.9745366268 44.5042763201 44.5890338721 44.9110448061 44.8216327528 44.6511890607 44.7579115891 45.0192853892 45.1450836533 44.7097541581 44.6358331417 44.7997889314 44.5984922454 45.0549514739 45.0493085911 44.6570160368 44.8366344966 44.5724930612 44.630962994 44.5490917132
45.0959245421 44.5228872736 44.8181437505 45.1092809228 44.5993696133 44.5534465145 44.5411123369 44.7049445826 44.7114088351 44.7612945304 44.7081185742 44.5903829402 45.0851660278 45.1678094644 45.1872351658 45.0923460113 44.6548260724 44.9185579966 45.1670083802 44.8944513869 44.9596876324 44.678655074 44.851057701 45.1466311002 45.0969081087 45.0307779492 44.688092633 44.9229981599 44.9661310042 44.7956387083 44.8514222122 45.1089862141 44.5275653736 44.5742948443 44.8571849479 45.0152961511 44.8493319132 44.5960560036 45.2009709687 45.0792199492 45.0017701488 44.8910265406 44.575025873 44.9114355111 44.9406489987 44.9684403336 44.7224506998 44.6363676535 45.0003156951 45.1426015435 44.5395558816 44.6130947366 44.6475364673 45.0861101232 44.6733411419 45.154410454 44.9701810351
45.0761249025 45.0628418003 44.7125598163 44.5194647756 44.5353199455 44.5247391822 44.8532288619 44.5823763452 44.9640967343 44.6293267483 44.5363021129 44.8731266233 45.1631350082 45.0093587659 44.8640849147 44.847071164 45.1103764423 44.9337577673 44.8359402052 44.5402814834 44.9084736284 44.7364497324 44.6524161951 44.7587875397 44.9566263515 44.6727612575 44.5234658325 44.6340038863 44.6892809799 44.8701071662 45.1173121583 44.9709780294 44.506239202 44.9199984134 45.0043255517 44.798389144 44.9262919415 45.173395555 44.780887334 44.8338142485 45.1297380187 44.7637447933 44.7397320151 44.6717082577 44.9384693048 44.703554288 45.2025231124 45.0300128722 45.1247842663 45.1490151077 44.7298876088 45.0941377576 44.8129570723 44.7279631808 44.9599600433 44.5509002909 45.0912185247
44.9106519174 44.8274326148 45.1419077771 44.6787235765 44.9540407073 44.6914744953 44.5598933582 44.7568300385 44.5905268583 44.6287947538 45.0060737901 45.0652058473 44.5306464177 45.0906571098 44.6434276312 44.6466741308 44.7828328754 44.7074080829 45.0773787402 45.0265760259 44.9722984574 45.0157420741 44.6465034998 45.107228754 45.1855319613 45.155500462 45.1614320971 44.9213212638 44.7261440641 44.7651665662 45.0425601191 44.7152960313 44.8147894071 44.5270055416 44.9074291467 44.6479900033 44.6879079434 44.7605462623 44.9560060198 44.55348654 44.95257161 45.1454149413 44.9023829399 45.0847573225 44.6983800108 44.7020743985 45.0938101916 44.8708580526 44.8572770834 44.6921211434 45.0554297004 45.2027434118 44.9471757332 44.9129986792 45.1393321136 45.0703005263 44.757353081
45.1790983269 44.6653382037 44.7491341802 45.0714821703 44.5192143578 44.9795248079 44.8643014722 45.0918784457 45.0205618816 44.5892763133 45.0706011689 44.6233882302 44.5087419773 45.0067113748 45.0307609779 44.649559927 45.2030142088 44.6211805699 45.0015649797 44.8152660725 44.7220071457 44.7128959145 44.7701107696 44.7187040075 45.1557841279 44.8019744352 45.1011420665 44.5607925992 44.9453632869 44.5419186547 44.7104221726 44.7807711707 44.8532766252 44.7160977399 44.7692865526 45.058442652 44.8354128957 44.895963992 44.5908315303 44.5069623935 45.0952851866 45.0658706777 44.7877093797 45.1212362462 44.5279756622 44.6814437005 44.8199615648 45.0059128594 45.0011299365 45.0203505708 44.5471248889 45.2042562914 44.6170466925 45.1686866174 44.6892251187 44.6288952617 45.1094470403
44.7634150459 44.8646301542 44.9421454762 45.1235582737 44.7568980531 44.7585783644 44.6236292532 44.7170153029 44.9235324945 44.5102179835 44.7399705693 45.004417466 44.550088857 44.7618071612 44.5535539853 45.104360555 45.1593111865 44.9209504702 44.7080473165 45.0815194916 45.0520398651 44.9956113753 44.9397269622 44.9596448739 44.9392729589 44.9055267086 45.1902522083 45.0516322858 44.5480591084 45.1531072113 44.6196979076 44.7639206359 44.9887356206 44.7377922555 45.1081936867 44.796141606 45.0802141141 45.1126050496 45.1893265642 44.5577313212 44.5343406499 45.1925008472 45.1828691025 45.0239812404 44.8790486949 44.6373471422 45.0217504992 44.6088328761 44.7599634931 44.7929440263 44.5929081587 45.1302857103 45.0679506301 44.8689368316 45.1435379735 44.6024395427 44.511674902
44.5969940038 45.0092736816 44.965806771 44.9133834411 44.8381968586 44.8447344012 44.8949742567 44.9855894978 44.9872530607 44.9168265123 44.5548688791 44.8605651886 44.5526151153 44.6217047373 44.5999633315 44.826381924 44.6942636041 44.5932542477 44.7325118746 45.1034112354 44.7025887467 44.6784018465 44.8318875736 45.121459362 44.8027376204 44.7100324762 44.6693932959 44.5198039323 44.5570968825 44.6587281565 44.8782771257 45.0429758997 44.6154180779 44.6118083777 45.1107695099 44.8099506947 44.6087372431 44.6920915144 45.0731146651 45.089999333 44.8173816683 44.7612247035 44.7342796244 44.6325925251 45.1493148465 44.5968989323 44.7364449218 44.6887690719 44.5266349447 44.5595173394 44.5236737032 44.7650906559 45.0333775936 44.9589076371 44.6858172989 45.1564472893 44.8065486601
44.6732884772 44.9530309486 44.7373424306 45.0991357625 44.7982140809 44.5270022013 44.7388358647 44.6918180813 45.0246054779 44.8206182124 44.6231342114 44.7145328526 44.8623332021 44.8114119548 44.9962273825 44.9096561189 44.6635019481 45.1414928909 44.7296028244 44.5626115965 45.1788318804 44.704909936 44.7010636154 44.7981423063 44.6837586304 44.7117104743 44.7583845979 44.761562751 45.029636992 44.8932610696 44.7915442506 44.8614987204 44.8187828402 44.5556771763 44.7045928507 44.6792509599 44.5604495273 44.9254162175 45.1989583999 44.6806114068 44.5840369727 44.5079262141 44.5152288616 44.7551626824 44.7960106121 45.0116049158 44.9877539447 44.7302231697 44.6465405746 44.9774526782 45.1055601655 44.8421290952 44.9454031615 44.9056744218 44.5157728186 44.7872529005 44.5384671821
44.6977525156 45.0788064998 44.7378032455 45.1275121511 45.0010874808 45.0952013476 45.1459531737 45.1425771912 44.6339321664 44.5284806068 44.6838953772 44.8090754994 44.5202290509 44.6412092145 44.8486353941 45.0181741589 44.7423549493 45.0319696154 44.8453962604 45.1847266708 44.5100722485 44.7211242032 44.7580785975 44.6856985346 44.8273061478 44.8647958878 45.0574946681 44.7902283547 44.5863095773 45.1792561319 44.8971101371 44.5393876706 44.6746732225 45.0883706611 44.9774215089 44.7471347521 44.6956731813 44.7252165079 44.6092504801 45.0684863408 44.7873880512 45.1434290965 44.5339457492 45.0441878299 44.7288701493 44.6381542131 45.1103911261 44.8255681721 44.6350460845 44.6384748619 44.9426266362 44.6736585936 45.0820866591 45.080197361 44.5750842473 44.5625866635 44.9475725917
44.9452999463 44.8133715631 44.8368374065 45.1875798405 44.5776956671 44.9991884623 44.985525841 44.5308340698 44.8644848825 44.8039289006 45.1355483088 44.6665430764 44.7464601138 44.8303948792 45.0785993624 45.1689799112 44.5939298827 44.7717885763 44.8844327959 44.9066621007 44.8460474428 45.0965858652 44.6714652928 44.7425678756 44.6596726814 44.966726665 45.1545871055 44.6946800145 45.0085240341 44.7455204016 45.0290310546 44.9154055024 44.8914587275 44.8696863763 44.7375352805 44.7464328606 44.797638691 45.0598711842 44.8644124981 44.5555715517 44.7324500939 44.7392994037 45.0919138725 44.7881581606 45.1289013808 44.7727519012 44.5889266059 44.9641202993 44.9576202203 44.6265293566 44.5655283914 45.0684196158 45.0511466492 44.6939636947 44.6103031389 44.7000089436 44.9772312017
44.7593548121 44.9247680723 44.844786143 45.1016875106 44.9690906312 44.9182980977 45.0843100786 45.0325159063 44.8210853426 44.6827460947 44.613776522 44.8260465056 44.9038006055 44.7361942681 44.6382757766 45.0157194049 45.0715692407 45.1618522335 44.6700526817 44.9580423704 45.0391535118 45.1218671771 44.7525254341 44.69761716 44.5168087376 44.6603038174 44.7352645498 44.5264611049 44.6461829414 45.0142704381 45.0436791476 44.8247620036 45.0499440585 44.6764299408 44.7332306535 45.0789634552 44.7292225735 44.9460411858 44.6159524169 44.9176061071 44.8042844392 44.7665093487 45.0900372751 45.0199053538 44.6551432519 44.9011060773 44.69635115 44.6833684958 44.82614244 45.0889611226 44.9890277502 44.7106756233 45.0986128568 44.9193373315 44.6056590454 45.134754162 44.7913955144
45.0153415952 44.5436176378 45.1328479591 45.1197101361 45.125120675 45.1038756664 45.0769400305 44.8398862671 44.7369486583 44.6987478508 44.5415724384 45.1689926782 45.0245965229 45.0138797442 44.755954974 45.0957460475 44.6095064725 44.8629711287 44.5804991607 44.6010926675 44.8572548425 45.073902483 44.5507853276 45.020815204 44.5233613578 44.9606341744 45.0481070852 44.8764597411 44.6130036526 45.0193159664 44.7314267729 44.5379365765 44.7650163771 44.9078066599 44.6547888747 44.8350045639 44.8638438539 45.0144781479 45.1251916032 44.684011344 45.0000264888 44.5976991566 44.7206588715 44.5642025829 44.8807716218 44.8832372803 44.5786157115 44.512814685 44.8419912322 44.9302069147 45.043390466 44.7673032034 44.8775225045 45.0860026891 45.0540652574 44.834200341 44.866148079
45.0978157506 45.067910614 44.8764968963 45.1801858085 45.0122479713 45.2003068601 44.5902098768 44.5169135076 45.1403666723 44.9360883996 44.541651594 44.9268618933 44.9934578636 44.6417867987 45.0051280094 44.8951782086 44.8569620449 44.5950405371 44.5753359655 44.5923461283 45.1832604373 44.5904195725 44.7293553441 45.1443181836 44.578106865 44.5359580013 45.0521279846 44.9686295078 45.0585060534 44.9703336412 44.9422670648 44.8631930772 44.8270944063 45.0706214864 45.06138602 44.9639362317 45.1138409308 44.9305605028 45.0379800296 44.8299514175 44.6705576563 45.1783544516 45.1664751038 44.6761345898 45.1555135665 44.6222846033 44.6076183701 45.1947137437 44.6920407838 44.6163843437 45.180357707 45.1611253215 44.9808682963 44.9203549172 44.9110640591 45.0303186375 44.7919566019
