Spatial_Output/DEC/DEC_0703.asc
NCOLS 155
NROWS 192
XLLCORNER 196307.867259
YLLCORNER 449144.565805
CELLSIZE 33.573938
NODATA_VALUE NaN
[rows 130 to 155 of 192, columns 57 to 113 of 155]
27.9120197488 25.613697954 27.377459866 29.0374093974 26.2359614902 46.0740545901 25.3282095874 46.0740545901 51.9069457336 28.3804341286 28.9793870753 28.1895775889 28.8624881963 26.786008791 25.1851895238 27.1562314567 28.8279101081 27.0170909926 28.3422518915 28.3944401869 27.7910126518 27.1086311891 27.9736248538 26.4299797953 28.9417174605 29.0516075794 27.7117942719 25.7677210446 27.9601405694 25.0074702113 25.640864192 27.0794009802 25.8272789888 27.6376462699 28.8736048939 28.680205408 25.1928613223 26.6479066682 25.1726755755 26.0973413044 26.0918005134 25.5127393214 25.8394416767 27.8291318983 26.8133053579 25.6934091182 27.4270381337 26.6760171739 28.4646621665 28.2620761092 28.7267550884 27.789220064 27.6746539309 29.1122868022 28.9417005967 25.0711160899 25.1169045519
27.4571029324 26.8880608365 26.7813618266 26.7653431059 28.6333769651 27.8613939425 25.3777278957 26.3709354313 26.3317957791 27.6250431183 26.5594035175 26.5077635669 28.4072397405 26.7973906899 25.2769515038 27.7962478064 26.9151009021 26.0874171673 26.8235430593 27.5338425201 26.6677027735 29.2341392967 25.2262986058 26.0922114128 25.6880435303 27.6782736599 26.2902248761 28.0573487203 28.4940298171 25.4155135344 27.4900665218 26.3911237786 27.8688271204 28.0052164333 28.3118118559 26.1396311418 29.0725034207 29.2046160388 25.2806961035 28.6358685415 28.5913739022 27.3505912805 28.9640311029 25.9222814892 27.4919415722 25.6873372761 26.4890638621 26.160208871 26.5064105494 28.9865162167 28.0323120111 27.3753732002 28.4468832347 27.2368769979 27.6098697183 26.2698410955 27.382436436
28.3643489452 25.2452015325 25.2359170769 28.7510444959 25.7849021694 27.3575636303 27.8296526441 27.01476653 28.5869705323 26.2279955416 27.8547322819 27.4736705822 28.8745121566 28.0505168052 28.4851133402 28.8756816698 28.4063660691 25.12012235 25.3535310272 25.2215769046 28.3583339215 27.7663528032 25.5107148971 27.5589569183 27.9001388967 27.4467469176 27.1196256089 26.8274954699 29.0710866047 27.0459496865 27.9196935083 29.0019787934 27.6147324253 27.1525435853 27.7679751732 28.3985517512 28.2796258725 26.7333910735 26.0745103626 27.2932176309 26.5482813801 28.9570488919 28.4352921544 25.9305700754 25.0283822789 25.6451127587 26.6831986619 25.4697490491 25.6230700245 28.4930874956 29.2407149169 27.8084204715 26.6554379479 28.6971557512 26.7078860144 27.5003626766 28.6603363446
25.9071209512 25.3580832894 25.5683305655 28.5256680167 25.2760017544 26.7560103056 25.6285313082 26.1712347974 28.2990652716 26.4957811297 28.9659661543 26.0945143474 27.4682043038 28.2062445585 27.5922700717 28.628741728 27.1972160362 26.63296369 28.6932777732 27.9687644446 29.0530575726 27.2710659851 28.2230678211 25.3354786545 27.2163019382 25.6122788697 29.1109705996 25.9650573215 27.9000705788 28.2309375856 25.0283149512 28.4481796769 25.8689482012 26.347628904 27.0800519384 29.1893187205 26.1209069227 28.5666624592 25.8008581026 27.2517623643 25.3835111539 27.2217330865 25.0083455418 26.2966891011 26.2087544611 26.5217440046 26.7479686535 27.288974624 27.9964890371 25.6354457551 27.7477059534 27.0850422374 25.1280104833 25.5076924907 26.4400601752 27.8684288159 25.0316040489
26.6531146963 27.2506761192 25.7863315992 28.6971125312 28.5189697252 28.0144902899 28.4711646553 27.0915037629 26.0720094793 26.8639606942 25.0930267518 28.399707104 26.3472576969 27.6565269626 26.9248476654 29.0619396161 26.6444733571 28.3040879709 25.5770349755 25.5523339128 26.974412613 26.356419665 27.3278003564 26.5976222775 28.4260041164 28.4835367676 27.1555923769 25.6935671815 25.1662544098 26.9292891399 26.681183886 28.9257753829 25.7032291199 26.9147678251 27.0064489681 27.8981192381 27.0403957761 28.537090607 29.067736108 27.1212195589 28.3538815001 27.101431987 29.1527963499 27.1049778886 27.2574866467 28.927465684 27.3635791877 27.0626783929 26.393863346 25.005829041 27.0716920955 28.3879172369 25.5122062186 28.323945711 25.4033900634 27.279479384 26.5398714258
25.7402325635 25.8478010869 25.1606198594 28.0991117075 27.6766395135 26.4674114447 27.6439081988 27.2951892371 25.6490146434 26.7952919408 26.6342189399 28.6796428192 28.3237288618 26.8304890401 26.2900029972 26.8324791147 28.5121152732 27.2164980074 28.7342144653 27.1436312966 25.0573333011 29.1165774463 27.6890469119 25.4141473768 28.954866741 28.2015424711 26.5062435278 28.7257990261 25.3353920535 25.2357119671 26.487907622 26.9428454988 27.2673047352 26.9734674753 28.1737406507 26.2592280347 25.7376612292 26.0896108932 26.4563032142 28.7020083473 27.1076054672 25.6776439751 26.4379352499 29.2153226863 28.9156699783 27.6043130588 25.0558459474 28.7938627581 25.7468019075 25.6824802929 28.4110036923 26.554395798 27.4923238759 28.7018038287 25.2838593235 26.3450040566 27.7840114258
28.8690490517 29.0226988556 28.7944249648 29.0516488685 26.4386143098 28.4809602212 28.0741768774 27.6382616303 25.099667092 26.6461273122 26.4511381239 28.8352461855 26.4270132267 25.3910717084 27.9175791336 25.686072249 25.025429008 27.4174034889 26.882738869 25.2495814573 27.0153931114 28.8793834069 25.718067341 25.5558519726 25.7845266158 25.4593150299 29.094119141 27.095855521 25.7244440879 27.9108298586 27.4634547138 27.1380704492 26.5438290541 25.7086494779 26.7040736492 26.3902048435 28.8870058472 28.7892342174 27.5390627801 27.9386964722 28.712807348 28.1993618864 26.2101849061 26.6188442358 26.1774070454 25.3461822366 25.764698272 25.9338256841 27.3906865514 27.2005832739 25.5077279935 26.4854463502 26.6003375001 27.2094288115 28.7459636303 26.7643397473 25.6309868771
26.1820129865 28.3277607218 26.2425143679 26.9266774203 27.4873762076 25.338817423 25.167387412 28.1956681342 27.1722236521 26.9589531658 25.3891619417 27.7380324541 28.5155217746 27.9654658434 27.92553781 26.9930208135 27.2788273807 26.4519875824 27.3647726652 28.7158890772 27.938210322 27.5738843366 27.8082013513 27.6088012507 25.7313607168 25.9151793739 25.6638493224 26.4585030419 27.1333788128 25.6253583167 28.2015625042 29.0189718973 27.7959124389 27.44633241 27.1920362115 28.3426910632 25.4025302133 28.6458303896 28.2616829389 25.1121009096 25.4871842859 25.0168309213 28.2937915827 28.9116019673 27.2406405182 26.3790972306 25.1110101993 26.1468291283 27.6176734583 26.5592474422 26.8390015283 27.2143559797 25.2645917971 25.9624637639 27.4353508461 29.1187001587 25.5755617363
25.1403147859 26.4920741689 25.0173053251 28.6462634292 25.5635709556 28.9684150982 28.4190431598 28.9706393239 26.8942768711 27.5521420448 25.3734325114 28.917283952 29.1375569971 27.0086415225 25.5454137575 26.6246889735 29.0120946506 27.0305276966 26.298233708 26.8334453429 28.5030147256 26.6711459928 28.4805286027 28.3038190493 29.0687127655 28.3498157833 29.0116413751 27.7117886079 25.6302685096 27.1220869227 26.6590995404 28.3085185112 27.6782145785 25.5291596213 28.30893436 25.65392104 27.2055882252 28.3376063177 28.428191943 26.48662432 28.9538832376 28.8832623467 27.2900279521 27.8784747789 27.7745930848 25.4697794991 25.0065969433 26.5773544792 26.7145212358 26.0021642942 25.2221790801 28.9515424513 26.8979058662 26.290073693 28.7436967501 26.4633509007 28.3497212147
25.5502613039 26.4723258273 27.1315070836 26.1476256052 28.1065753904 28.6385297612 25.3514275367 27.5440952789 25.647751463 28.3887447995 28.5290708327 27.1360131464 27.8017502478 28.8361789007 25.7402269123 28.7552386847 25.4729017907 25.8730170681 28.7768045677 28.9903357059 27.0032924238 27.928702886 25.2632558243 25.9113935294 25.0679906593 28.201729226 27.8314900398 29.0731903276 28.8654350371 27.7481695578 28.6641514295 27.6528377817 29.2140404455 25.703831846 27.3847900524 27.4703835145 25.2586034035 28.1239389049 27.644514737 29.0631965109 26.8840975184 28.8072667879 28.9087742791 28.3505288129 26.0970014944 27.1998257331 25.7001476821 25.2201361474 27.5908264848 25.0262455378 26.1711683771 27.9092077409 26.8038699507 26.0157897102 27.9420212707 25.6557648366 26.1212748923
26.7753327939 28.0300163357 26.8283095775 27.3826860035 26.6264695728 26.8736345009 26.8879483118 25.6389151361 25.8206478209 26.2221108174 28.8700887955 27.9830174598 28.009268349 26.141332217 29.0995971871 27.5823107221 26.8174716854 28.1133128504 27.7126552978 27.7372387359 29.2129674939 27.9717052674 28.9525093093 28.0542346807 25.2128825812 26.0616088089 25.0915748163 25.2777866825 27.1149415118 27.9520732057 27.4131176085 28.9485474978 25.177789765 29.0887870729 27.7658590827 25.3539478609 28.951814455 27.2894302064 26.7260562164 25.4774283256 29.1723072024 26.009189383 25.6964397817 26.2168260763 25.1448488182 26.7716628787 25.3672016247 29.1937229984 27.1033678904 25.6220168311 27.3618682524 28.2350908349 28.5176067742 26.1981048383 28.4621710133 29.0167426452 28.0105304526
28.4855451632 25.5625074952 28.1947273986 25.1759996849 25.9070346151 28.2739139831 27.2505413551 26.5951413966 28.3383027719 26.184881052 27.1437888948 26.0567400034 27.6906873433 27.5179200171 27.6037458937 28.5143531512 28.8142908067 26.8357290901 26.3251157878 26.1818205077 26.0947426808 28.8978751313 27.993974581 28.9570256658 27.8038242747 26.3219745018 25.1110586753 26.656713262 26.6393890525 27.0342747379 25.6801651605 29.0871760315 27.4436530067 26.8582051431 27.4674353557 28.7365453597 28.1683810206 28.9688532948 25.7382284799 25.4044168071 26.1813181289 29.1694979919 26.0998331243 25.4996325925 25.4548398098 29.0656389516 28.6569392786 29.079311847 28.9680674694 28.4135160302 27.07942393 27.2044660473 27.1312535979 26.4915657284 27.6088047719 25.8769764472 25.3247421239
28.6713443611 25.1449473847 27.5848709018 27.8426547688 28.9447370443 28.4176455533 26.1620229085 29.0692388543 29.1357007507 29.1018286636 25.9379562852 27.6789043126 26.7608367671 25.627402577 28.4011212589 28.8292118812 25.1328899616 26.8679498093 28.5283088281 28.272723053 25.1286217518 25.7959467822 27.5202038836 27.5804071527 27.6470052412 25.2126492777 27.2244795306 28.8961067898 26.9109632156 25.474487445 27.6969102526 27.6829301778 28.6550180684 25.1407054882 27.1946519876 26.649792632 25.4583847334 27.1308448426 27.3458558193 26.8753185806 28.4136766898 28.728811685 26.0179062019 26.0885633897 26.5318084776 27.7924801108 26.0540847864 27.0914791842 25.6872097149 25.8184638666 29.0610519337 28.6680442097 28.2234408336 26.607254406 25.8744728819 28.943173733 26.7203515158
28.3263506191 28.0100682023 25.0714835355 25.2721270227 28.1979967325 28.6464013986 26.8467622301 27.8649011588 26.1685118751 26.7203195246 26.9927993817 25.9231325868 27.3077875878 26.2973305893 28.3263959745 27.4303186036 27.2240531679 27.9064081206 28.2926007851 25.9358959694 26.4682088039 25.3846293736 28.7585054433 29.1982967573 25.455506225 27.7753630834 25.3510965445 26.0400375043 28.406612549 27.0105726431 25.4082188262 28.4240323483 26.6816252217 28.180358912 25.089595793 29.0390985515 28.8118633404 28.7434322773 27.082737427 27.2790605407 28.3449208178 29.1782626472 28.8442623232 25.0285563838 27.3771879443 26.757302206 27.0991848494 28.2562589955 28.9323945676 29.1060938345 29.1776929044 29.1885592489 28.7291558417 28.6571345289 27.0818593145 28.7083355699 27.9603997965
25.9888199435 25.8673180919 26.3781642554 27.6640933311 26.9606521628 27.179953935 28.2489725259 27.6629622168 27.5527190797 26.3115515376 28.7857790477 25.2125719639 27.5200812218 29.1892034511 26.5611964389 25.8488545367 25.2780511393 28.3974245677 29.0935830228 27.9820661926 28.3014753877 26.2588555904 25.078852641 25.8950397931 27.3619866459 26.4355966227 27.2929715814 26.8087716661 26.9878681743 25.3133360256 25.1954247717 26.3692667667 27.4148241874 28.1477186202 25.9863259959 27.8374862344 26.8146123498 26.2934307233 27.3449660527 27.2176578371 27.8590656964 25.2179388048 27.7010691611 27.2900939826 25.1462202998 25.0892980035 28.046928572 25.4811294666 26.5294389874 27.1725307117 28.7315562037 28.221411636 25.7905863465 27.5638359866 27.0479788589 26.2464668527 25.545309035
28.4400507117 27.6010147898 26.0065238582 28.1212467712 29.0673583477 26.7428493126 25.6923067327 28.16081844 27.9964684944 26.9763636886 25.4043167523 27.9917167269 25.5789853368 25.0157439135 27.8054934585 25.7396510032 27.6911618056 28.1268440701 26.9592076308 26.3311286027 25.0917460231 29.1982918041 26.9810866551 28.6585095927 28.2590514177 25.9807445801 25.3192169737 29.0124054965 27.8740577923 26.1645134899 28.8246799676 26.986401548 26.0438351923 27.431602813 25.6193516988 29.0794294222 28.3924670041 27.948259873 26.2223887773 27.5106359804 26.4351192741 27.5065530625 27.707951069 26.8448573914 25.0541237605 26.7444506073 25.9142750056 26.1361124012 25.4137282942 27.5138227147 27.4111098016 25.4399855308 28.5700615187 27.4998241345 28.6281730489 27.3478624753 26.9269284998
25.4933582166 28.6122977628 28.0996073175 25.1542084176 25.746696472 27.2000512144 25.3008256398 26.0172374088 25.9633069533 28.4040500221 27.3051739981 28.9256153255 25.1497356044 28.5451251826 29.2396242355 27.1441286044 25.7754198659 28.8284521794 25.4582276645 26.6750572204 27.4974992843 26.2122370448 26.1569617646 26.8018323363 29.0427185411 26.9287173706 27.9087916017 27.2012209515 26.1811823201 29.1805000837 28.0483285634 26.9115920008 26.2715626161 25.3296534889 26.0462119367 28.8082507923 28.8809940303 26.236285768 27.6497477266 26.2169357051 28.066059838 27.9624033477 28.0485479778 28.0127882033 28.5963192624 28.7151904854 26.0266497308 25.2505786038 25.8442383618 26.0747292298 27.3241078254 26.2213031455 26.4381900932 28.9048587399 28.3882570721 27.8074876805 27.2659436279
29.2320045671 28.500030984 26.662325674 27.9352138954 25.3043934305 25.3634361552 26.837442798 28.6886854753 28.2431917284 27.8555735883 28.7695965949 27.0665615443 26.6297789312 27.9301903456 26.8273539271 25.7808857757 27.0566128674 25.0856954468 27.9095389253 26.665384154 25.4737554017 28.6119515545 27.3603589912 28.0189582319 26.2756037132 28.2808165049 25.3409244517 26.5274972739 25.8362587809 27.4040051172 29.1275899315 26.125695002 28.8643195416 25.7472407448 26.9094518539 28.3268448448 28.038877085 25.2879724484 25.214971248 27.6086837249 26.2079215248 26.8321161622 26.103124995 28.1684650199 29.2359401938 26.0200892002 27.4642003756 25.8498527787 27.4398770996 26.7074911147 28.4887379445 28.4873749788 27.7281436396 26.0613993348 28.1226983272 28.6457246916 28.6313477231
26.5473694906 28.3524966077 26.4722006017 28.4674389794 26.8078077279 27.5262004052 25.4875226493 25.7727236504 25.0550179084 25.7956238135 27.9107653599 26.1889003987 27.0971519127 26.0046433955 26.8195224482 26.3762588094 29.1441974658 25.5340518124 25.3684835222 26.9808648288 28.0033557738 25.568409411 29.1178382934 27.4796023633 26.0102999912 28.195422663 27.6424262964 26.7311529062 25.3387239363 25.4362835729 28.4937973395 26.2577588891 26.8273798827 28.3343014351 28.669788553 27.4271261378 27.8349272659 26.3179356786 27.2234214259 25.629387039 26.68999258 28.8763473914 27.5695730015 27.2234157427 27.3411504605 28.8179544632 26.7605743769 28.9347034279 25.4256613204 28.5423886028 28.6909498689 27.0549882929 28.8653764768 25.7874328357 28.7383007132 29.1129669841 26.9538017149
27.7625611257 26.5924460418 29.0097404577 26.2496791304 26.6820736856 27.6198909111 27.8336356154 26.233493582 26.8814573369 26.8196298578 26.7718196263 26.4303834225 27.96582189 25.8800105919 26.1874358096 27.9647651182 26.4866416365 26.5213426419 28.5317810002 25.0688620399 29.0901137748 27.720534908 25.5242301582 29.1873118339 28.8242541685 25.2383181609 27.8709585095 25.8515502465 26.5372260723 26.858815349 25.1015129887 26.7931233177 25.4676338013 27.4410322778 25.8809213818 25.7077091867 27.0309314319 28.1752857663 28.6285031127 25.309753313 28.4387125712 28.5959136412 28.0329808163 25.5375148545 26.5125831524 28.8279061308 26.6928604499 26.812400787 27.71466808 27.0366673076 26.8937472975 28.6112767279 25.2373117189 28.1671054817 25.3833714639 25.2405514742 28.9351721403
27.5748161738 28.1695590758 25.1075541335 28.6612299229 26.2359120395 25.1354160228 27.3162335513 29.1668713467 40.5869972154 42.2676776996 35.1717809216 26.2935523411 26.3102381649 27.9933457387 25.2736119979 28.0196734081 25.9041557383 27.655998859 25.1812063519 27.4228603403 26.7040056953 28.0035024567 27.8736496084 26.2611507077 26.8698914954 25.7429486209 28.7255345381 28.2245891948 26.1062652737 25.1565215801 27.8534901868 28.4831723106 26.532457382 26.2230927022 25.6891163303 27.585423099 27.4335140921 26.6593840743 26.6635599042 26.1913973485 26.2003421536 27.7475094898 29.0486938701 25.1420541552 26.6939042043 29.0488725754 28.6827453387 29.2080057219 27.2978536924 27.825693097 26.7832829374 28.3558776847 26.9905562008 28.4065100413 28.9775093782 26.0346893323 26.2390823966
0 27.9550666845 26.6974985384 26.5086144855 26.287289212 26.8420208879 27.9452668165 28.1199152155 41.9992675926 45.2043627344 46.8030101553 26.2007304736 26.7379564605 27.074375632 25.8542649295 27.5232515258 28.9284688558 28.2075029607 25.6814810583 25.4558653927 28.064582443 27.5271551509 25.6139371941 28.2182490062 28.6843860441 25.2730374787 27.321206428 26.037970054 27.4105449134 27.5649737192 26.2990650661 27.94212968 29.2323447879 28.8178277868 28.293211209 27.8687206663 25.2593414734 26.6074722391 27.130028559 27.7717707697 25.6078157036 28.5248291648 25.1893951294 29.2286414883 25.5523326141 28.1547313387 26.4035495486 25.4499778072 26.4221768622 26.6893298214 26.3747413896 27.5003497709 27.4744143059 27.9726698069 28.9233331593 26.772946714 27.0125406651
0 0 0 0 26.5750179922 25.3005666 26.7746019566 26.8614049208 35.5888050247 45.1222197188 38.6211691663 26.4064984088 28.8028162348 27.2975044362 26.7496092184 27.4037789557 25.0430618313 28.1925876301 27.8775916875 27.5393447962 28.7655748894 27.5162495901 27.2836998538 28.4387551256 25.4279313042 26.3226280915 26.3739243937 26.7693075505 28.8141219379 25.257872786 27.8176000249 27.7649509295 26.8652172833 25.4590722381 25.2579573852 26.7324499575 28.3040774589 25.2984791627 26.9958403353 27.8029860667 27.8941985889 27.7603162583 25.8917716896 26.0246907064 26.7002468576 28.4529626147 25.6011200659 28.4355874672 27.7882646725 27.4879965614 25.4685849895 28.3063813445 27.4441771616 28.3198768795 27.8552278256 28.4881257088 27.885931171
0 0 0 0 0 0 26.3170171579 28.6913844739 27.3932677406 28.3253650282 25.5045388842 26.3461426125 29.0112953263 26.2342766331 29.1386957963 28.0698870228 27.1293546439 27.1330646689 25.9775709029 27.0157452202 27.5252468252 27.7295262693 27.9652604623 25.7628919406 28.8936136313 28.7475402034 27.9426739 27.8846090194 25.9318728639 27.3902614858 27.9189335947 26.3193257391 26.8669516738 27.7646329588 25.4611902788 26.669178374 28.5631533348 26.7097028111 27.887387751 27.8757696936 25.4494817272 28.7548279802 27.3201515689 26.8373914176 28.2966328421 28.1173695087 26.5608134722 25.1231987763 26.6554407936 25.2331325581 28.6737055372 28.0838225711 28.9638217227 25.7172858265 28.8499534393 29.0885061816 25.3734347999
0 0 0 0 0 0 0 0 0 26.7375065126 28.9768871401 27.5220962024 26.4053475483 25.664498488 0 0 29.1143401758 25.3877356266 26.8031086759 25.2062182504 25.0257152424 26.2031058886 27.6382061207 28.4267129269 25.7221397055 27.0728949329 27.5748106719 26.5157438058 25.7084869549 27.403815972 28.9501752534 28.3807562015 26.2274861925 25.1223881865 25.0824447686 25.9544203136 25.7946251696 25.6069736625 28.2142294166 28.4885606468 25.6917616394 25.059109648 28.2314998457 26.7700682876 26.780227771 25.9506572918 28.4253865898 26.3589328614 27.0008041134 25.3179779779 25.7020673295 28.9243690217 28.5015190935 28.9766741706 27.8377390551 27.0821651963 28.6946949146
0 0 0 0 0 0 0 0 0 0 0 0 0 0 0 0 28.3915458449 25.4392992393 25.4495773547 26.9228791073 26.1122846293 29.1575240995 26.5739424817 28.0518718743 27.459210915 25.3976136386 27.4961884442 25.7510285942 28.8193383876 27.2288744684 26.0784956584 26.1964307706 27.024531528 28.7758447057 26.5718691718 25.9218784874 26.0968019856 27.8204565874 26.7368397509 29.0524195818 28.5627828228 29.1549923878 28.6295995536 25.9186912511 27.3025123368 28.3472690982 26.9724386249 25.6285794877 25.92149351 27.3952248465 25.2912498073 26.0549823172 28.4644952286 28.3784911834 26.9022933006 25.4527815136 26.1389782192
