Spatial_Output/DEC/DEC_0019.asc
NCOLS 155
NROWS 192
XLLCORNER 196307.867259
YLLCORNER 449144.565805
CELLSIZE 33.573938
NODATA_VALUE NaN
[rows 78 to 103 of 192, columns 57 to 113 of 155]
45.3660616595 46.076310025 46.3179487249 45.3765189197 45.344894185 45.0670168349 46.4001971484 45.570691264 45.5922986018 46.0804086633 46.1724144714 45.4688157061 46.1744720896 46.4114047481 45.3251224394 85.5929193076 64.2451444257 61.3804228145 45.4811560781 45.7016454964 45.396218927 46.0352130083 45.8249819674 45.5971838387 46.398996921 45.8991253648 45.6360922642 45.6866789174 46.2048278963 45.9321516113 45.4277784253 45.8037952898 45.8066841371 45.0395360676 45.463441828 45.3427975218 45.9641162703 45.0503700283 45.7843017825 45.0470258623 45.9537520462 45.8170969769 45.787810099 58.8376539735 58.8376539735 45.8738237007 68.0422987702 68.0422987702 68.4214658945 98.3434108337 98.3434108337 45.3865746905 64.9599029999 64.9599029999 64.6867922084 45.4885870879 46.3225076665
45.9793791384 45.7789046179 45.2536090952 46.2100004927 45.9984861229 45.4229403146 45.1915420502 45.6319579012 45.9864028387 45.9379066062 46.2610204538 46.0145010211 45.9124467048 45.0716034934 45.7450098953 45.0248212236 73.3680803995 61.3804228145 61.3804228145 46.0144457962 45.0641133046 45.1756919322 45.7005022913 46.1184276378 45.5478341152 45.5690321229 46.0225225745 45.2842291443 45.9483139851 45.1314915562 45.8844598298 45.6499846327 45.5707004067 45.1815961186 46.034629688 46.2519896949 46.2315425331 45.6654876224 46.3674105073 45.3658821183 45.9505350466 46.3272568527 45.2942900205 58.8376539735 58.8376539735 60.3181153569 68.0422987702 68.0422987702 68.0422987702 98.3434108337 98.3434108337 98.3434108337 64.9599029999 64.9599029999 45.4913391177 45.1105761655 45.1549543724
46.0141656794 46.38037688 45.7085232267 46.3190248007 69.8223291822 45.6498596823 46.0598002343 45.0949529306 45.6199192909 46.3233190293 45.38251669 45.7720161719 45.074917386 45.5965768702 45.4067093822 45.0949058142 61.3804228145 61.3804228145 70.9085005412 45.9801010218 46.22662846 45.6299485615 45.9091427585 45.7108803422 45.8306812175 45.5889013626 45.4758653691 45.8280290522 45.9497402703 46.3766781655 45.4490356289 45.7303601997 45.1145824815 45.1011020251 46.0051444075 45.5267152321 46.0199597846 45.5105468489 45.3769016707 46.131083152 45.6429909879 45.9255575845 45.6897811669 45.973939346 45.1986557769 45.4927639775 45.8625037097 68.0422987702 46.0783900259 45.591768525 98.3434108337 45.1130723813 45.4837370652 64.6867922084 45.0544893848 45.5150376211 46.0334766722
45.7278997163 45.8673530754 46.191391934 45.3405132337 46.1483563332 45.2460696499 45.4559102285 46.2029344795 45.4207277432 45.7808450307 45.4645454369 46.0757040987 45.59142231 45.6417880787 46.0548148225 45.4212174868 45.924583385 45.5629199073 45.5886364194 45.1488708837 45.6885516777 45.8766889514 45.8267070683 45.5489181718 46.2913314163 45.6361328712 45.5848847463 46.2508155248 46.4079310022 45.2871744221 46.2011595336 46.3112871969 46.4091925967 45.0829310145 45.3653304126 45.8781696664 45.3841615574 46.1900635998 45.9611793848 45.5266029423 45.0007946158 45.6765902781 45.3280832508 45.9019851486 46.3562242838 46.0017030459 45.5006576022 46.0556031855 46.1836786496 45.2978680162 46.1881089948 45.9673049811 45.4740599831 46.1785157305 45.7428345176 45.556363415 46.2995289276
46.1653721175 46.0834155394 46.0124402521 45.1120501732 45.6502649073 45.4588430048 45.2977584039 45.836524761 45.3079882279 45.1843562919 45.8361389323 45.8668845299 45.3701064547 46.1322103706 45.49409238 45.8676133175 45.9723760155 45.4096002166 45.1656975424 45.7217388189 46.2769522164 45.8238755103 46.1528985838 45.2637995446 46.2489923582 46.2770389196 45.7782226318 45.4478718594 45.3642618736 45.6274853798 46.1340167446 46.2799405989 45.8617398058 45.1789988517 46.3328319915 45.0484746521 46.0811129961 45.0478850917 45.0263269656 45.4808147889 45.1835720263 45.3565553287 46.2696157021 46.0713617496 45.3584872398 61.661139698 61.661139698 61.661139698 46.1105872723 46.3974865615 45.0163815238 46.2985083205 45.2612847153 45.0748081246 45.7345382877 45.1476083518 45.215335224
46.0515951101 46.360880011 45.4581557987 45.7599322863 45.9920277999 45.8842391443 45.2576405232 45.2183919102 45.9578708676 45.2857974969 45.9925336896 45.3884071818 45.6964467603 46.180590088 45.9811289391 45.5262684133 45.9409104722 45.6934285588 45.8577030129 46.3528133183 45.2270717655 45.3514115815 45.9868235346 45.814934687 46.0517285336 45.2698747914 46.3987942091 46.3508648909 45.2226593295 45.5108553599 45.6359800767 45.9828641259 45.6962055269 45.7644886176 45.5539456166 46.3945777733 45.4760134812 45.4366650318 45.3804824176 46.3772540485 45.0824525153 46.2264972418 46.0260263425 45.2616212847 45.9674093532 61.661139698 61.661139698 45.6447326915 45.4461075302 45.6709938753 45.3940302471 45.0047154365 45.383173965 46.326037744 45.3955987392 45.2861894729 45.6393789355
45.7833960594 45.1365085209 45.3744120123 46.1305776117 46.3044767047 46.386676623 45.8590146647 46.3124026069 45.0409631706 45.1218917265 45.4074566404 45.0551250237 45.7096028689 46.0378360866 45.9225612576 46.2070050692 46.1460671945 45.2088572131 45.2730101089 45.7417969368 46.2174671557 45.6782389631 46.065886924 45.9910725357 46.1115352877 45.9644834352 45.3070191754 46.0136261547 46.3260636972 45.8125851317 45.1963058143 45.3106339408 46.1349445521 45.309002932 46.0571768109 45.5898894269 46.0850144471 46.044935846 45.6258748831 45.5419581447 45.5553448465 46.1415990134 46.195498514 45.3206041294 45.3063199534 72.8662302694 45.1443554686 72.8662302694 45.4224160311 45.2862291092 45.0035696225 45.9507013789 45.3720508561 46.0848304661 45.66736994 46.2189461699 45.4201189807
45.3626051657 45.1580260055 46.1209105133 45.3740269392 45.4229012593 45.541578004 46.020806337 45.9651864343 45.9252262245 45.6197901144 45.5788031932 45.6074290436 45.4661824083 46.1578884583 45.1136106462 46.1119866239 45.8531515619 45.8599686626 46.1067115059 45.0012933838 45.4432668469 45.8096784711 45.2112047068 45.4431326315 45.6103425501 46.1856992286 45.1033082356 46.1981235858 46.2452506414 45.750784171 45.7966740468 45.4677247973 46.4132922513 46.0385517485 46.3315450033 45.8944077468 45.1988906575 46.0129552833 45.8141693334 45.9385825103 46.2502007942 45.3647262325 46.3926620186 45.2272524381 45.4263090398 45.1871023775 66.6649490408 45.3084068562 45.4610602489 46.1420734525 45.1073155521 45.8863075044 45.0275993013 45.1056270074 45.1970715733 45.7657593427 46.2328634828
45.1981595776 45.5382711032 45.4667455611 45.6504732137 45.7451546449 46.1814348437 45.2029194403 45.7783000967 45.036624895 45.7086665425 46.2158695387 45.0431737165 45.5486460171 45.0571296632 46.2081476676 46.281370489 46.2430581726 45.1113901477 46.4037157275 46.117839929 46.3428770802 46.2871042127 46.3427007236 45.1735643563 46.0320698303 45.6604976877 45.5982174226 45.9430939635 45.9649932949 46.0457992658 45.3091372062 45.5063089468 45.2909597679 45.9009374929 45.9676835567 45.4640872142 46.1815507078 45.6030312395 46.0895369713 46.1673095436 45.9646761757 45.8534604621 45.9317062714 46.4138109601 46.1937395852 45.8378933551 77.7959207929 66.6649490408 45.6468724243 45.6682735866 45.7636595263 45.0672178395 45.2150795256 45.0616806154 45.3456541916 45.3282544062 46.4021481948
45.4352393025 45.8162390618 45.7770101463 45.5259373005 45.8243580258 45.7154060973 45.2319534315 46.1385244148 45.6012061866 45.3106739951 46.0163920005 45.4065403412 45.4948857788 46.068660443 45.9892477828 46.3310289473 45.4196961809 46.2554156016 45.3551180597 45.6122672077 45.680281768 46.149791603 45.7497738006 45.4800863196 46.0563886989 45.9662693138 45.8638496249 46.1331934236 45.075732354 45.9353611195 45.374922681 45.4889412759 45.0241312234 45.9671762162 45.9970408437 46.1455798332 45.3981813308 45.7728237571 45.4309099665 45.021159701 45.0638004154 45.0965549732 45.1103332198 46.3615312947 46.2310498136 77.7959207929 77.7959207929 77.7959207929 45.0539464816 45.3010074092 46.0077068964 46.3293487086 45.1114393721 45.3253059997 45.4061016993 45.2565237758 45.299452991
45.4006763327 46.0498369415 45.8067270693 46.0875773142 45.7533169393 46.3692411912 45.9975377555 45.3776491931 45.353788269 45.0223146802 45.2611644254 46.1246634953 46.1370492383 45.7141600862 46.1360557648 45.0950279038 45.1188067593 46.1688096151 45.7366035535 45.8404538491 45.6285303924 45.7251314372 45.0165534295 45.7723853878 46.1294423626 45.0424877961 46.193373081 46.3991729652 45.6947760042 45.5309703278 46.379294837 45.4181208178 45.3977325538 45.4886796078 45.9133064629 45.2948972051 45.5409717161 46.198289583 45.7646762932 46.0071553113 45.2295519326 46.3214924364 45.3870251173 45.4174356537 45.9538427254 45.2581324735 62.914153606 46.1276243529 45.2436874876 45.1488383098 45.2835560009 45.9480620913 46.1854806282 45.7262492153 45.7571449449 46.1016128758 46.1946806289
45.0245543254 45.4554786667 45.8460573495 46.1339067455 45.2181118932 46.3124848479 46.3650860189 45.8159315053 45.0390764089 45.0438944739 45.3535950199 46.0619234482 45.0601927639 45.4445456833 45.4639830213 45.7933308687 45.8799699358 45.2592482023 45.1113428376 46.3631905127 46.328891928 54.992214505 59.2000243427 45.5346303483 45.4664665827 45.3321634374 45.2650749421 46.3847609551 46.0922961181 46.0516572096 45.9450061487 45.3889955413 46.0940894064 45.1664694552 45.2013826797 45.9583877512 46.0535360252 46.296120259 45.5151599096 45.2162666153 45.8706575522 45.5769788328 45.2516573751 45.6287252429 45.0136423214 62.914153606 62.914153606 62.914153606 45.3863277816 45.3179155716 45.8018854481 45.4321342219 45.8978384711 45.1762776476 45.5135415748 45.7057039208 46.2808744874
45.4899138878 45.8272814714 45.5730097947 45.8248556948 45.7738452984 45.4744592405 45.4748686617 46.3163448567 45.5712650707 46.3739792942 45.4216648004 46.0121442801 45.9361463212 46.2629904875 45.869527004 45.9984912328 46.362814248 45.5698695753 45.6757705706 45.6101724604 45.2088005817 54.992214505 54.992214505 59.2000243427 59.1892877725 46.1566108566 45.7037961492 46.0700320322 45.067278241 46.0902097961 45.8243457421 46.2386401228 45.3062934315 45.1209771594 45.9060174591 45.7159965849 46.3829077127 46.2912080006 45.0916441985 45.9926640542 45.0505746264 45.6271627396 45.3127625959 45.1291785563 45.5915399251 69.1791041018 69.1791041018 45.4004661849 45.4153766852 46.0531238909 45.9877281422 46.3560744114 45.7905256925 46.0617450909 46.082517966 45.4741476826 45.9657693478
45.5171604467 46.2214839243 46.3884737695 45.9911682775 45.8571890692 45.6442349296 46.3363911154 45.6334002619 46.0605541364 45.4640782698 46.1826493096 45.7134475531 46.372006564 45.2703183229 45.3612748791 45.9043770607 45.5289513112 45.2350099307 45.8320458104 46.3825694011 45.7686249868 54.992214505 45.5650559696 45.3839688842 45.4776000094 46.0267619448 46.4099332508 46.1844065151 45.1112279941 46.1573775204 46.2235210089 45.865267535 45.9370486986 45.4855581761 45.9964967794 45.9177686693 46.0774904382 46.2738307584 46.1163902728 46.1980611375 45.9494457703 45.5260431794 45.6926629179 45.5374400204 45.236077184 45.1763385753 63.511919336 63.511919336 46.0643395649 45.7455652372 46.1351322875 46.0185058032 45.8956187718 46.2262499204 45.5562639271 45.6691169127 45.2631755594
45.9523220739 46.1222944119 45.9437035432 45.6801758218 45.7356636903 45.3548471052 46.1230773072 45.7611907838 45.194035906 45.6652217135 46.0318456464 45.339495034 45.4427940049 45.6933636287 45.7790151727 45.4552981785 45.8002325984 46.3819287006 45.425054262 45.3555718191 45.6566796817 45.2153678022 45.6965175404 45.7288709321 45.9936666334 46.0497845051 45.1263252276 46.3088079712 45.8304184306 45.3582864389 45.2632024339 45.6823389586 45.5798247266 45.7665673012 45.8370575648 46.2680492997 45.3435023876 46.198344753 45.0503150437 45.2308265708 46.3087224505 46.1106172772 46.15047295 45.6817838487 45.2184217479 63.511919336 63.511919336 63.511919336 63.511919336 45.0662463889 45.8208344616 45.7533891784 45.5995065766 45.0238353918 46.3174008808 45.1368035159 46.0522860153
46.2916820253 46.2884875215 45.8626570936 46.2676975179 45.4259572774 45.2180567674 45.032418852 45.3752450562 45.6111033204 45.0385366955 46.2027494884 46.0950766505 46.4000839594 45.0910449949 45.1595910398 45.7133227193 45.2960982484 45.119580739 46.3033659216 45.8695216588 46.1130919739 46.0888207047 46.1605267566 45.1774818851 46.0388027279 45.9822196721 45.264126409 46.3693733768 45.4831275109 45.005889257 46.0493468247 45.4437952423 46.210938928 46.2590455 46.1099708099 45.4312050877 45.3252346118 45.5098687783 45.8047827037 45.9166984906 46.3178062008 45.4246981271 45.7514984138 45.1240945516 45.8627972316 46.1630964813 46.3443862423 45.9627461134 45.4845849786 45.3321184316 45.4963518443 45.2487603285 46.0227827374 45.805464304 45.3608916932 45.5642658811 46.0789220183
45.0130261278 46.0211231417 45.9838041989 45.8705383871 46.3250917849 45.304747003 45.5575124524 45.8586398059 46.3263061806 46.1724695109 45.9758416128 46.3059223099 46.1428317812 45.2658004851 45.9222026348 45.9493998407 45.7124075553 45.5652707655 45.015881792 46.1587236618 45.4331632669 46.1098301286 46.3129680621 46.1229698458 45.8915391363 46.0785474253 45.500757927 45.0316057565 46.3047804538 45.8358225455 45.3129285128 45.2916490769 45.7085080348 45.5402392829 45.6135658453 45.251750964 45.3884322408 45.0191969303 46.3759789422 45.4559392406 46.2151315544 45.187922702 45.6100971502 45.1562892389 46.2105805717 45.6671344671 56.8487515411 56.8487515411 46.08497244 45.7075108744 45.5029264498 45.5112713726 45.9547277902 45.758482544 46.3648694086 45.7795886416 45.7283372569
45.3537430228 45.4617674754 45.9947088815 46.3739898566 45.0663870704 45.3732461565 45.0770305665 45.7930964514 45.5620150726 46.1738145257 45.058848714 45.97643615 45.5257989281 45.6535079563 45.6338358663 45.239121581 45.3591266114 45.690423347 45.8696995595 45.0194048948 45.3524810435 45.3971724837 46.2670203385 46.258558365 45.6149552238 46.3883647353 45.7653739146 45.2075152577 46.0683049903 46.1157258218 67.1810358545 67.1810358545 67.1810358545 67.1810358545 45.1599917706 45.5221676409 45.4446491435 45.4214154338 53.3970487702 45.0006825203 54.7753081144 45.9141246077 45.972021687 45.8376855532 45.6132421398 76.0947872654 56.8487515411 56.8487515411 74.5648084164 45.6193942061 45.9723285708 46.018750846 45.7691404109 45.8706371197 45.2704459087 46.2125808059 46.3233301035
46.0045425452 45.6961892599 46.177290169 45.6957297221 46.2353942617 45.5876993814 45.2994760398 64.9996158974 64.9996158974 64.9996158974 45.733196248 45.4362913846 45.2060862563 46.1610277119 45.3101899752 45.779550857 45.1006666042 45.4639095475 45.636594036 45.3434323289 45.9865442771 45.0484324841 45.289201196 45.0038146025 45.862482983 45.685683649 46.3534864644 45.1740910851 45.8183081101 46.0967386614 45.7597243999 66.1634481561 66.1634481561 76.7795224995 76.7795224995 45.2199773073 60.7414936286 60.7414936286 53.3970487702 54.7753081144 54.7753081144 54.7753081144 45.211937239 45.9093339844 76.0947872654 46.2624927215 45.0844705351 45.7238036725 45.5784183564 45.4646111227 45.6407887865 45.2485859252 45.6215215593 45.7647404226 45.2795453272 45.7277929294 45.9982634053
78.7132589578 45.6714789349 62.1221197324 62.1221197324 85.4652655792 76.9860530602 45.0425903604 45.1693072521 64.9996158974 95.5685610842 62.8680352444 46.0993373337 46.325820606 98.0234811547 98.0234811547 45.8731582935 45.2963619461 46.2556944683 46.3677133592 45.7755382042 45.8845361383 45.6254093394 45.0461316866 46.0082117468 45.1757213118 46.0050215174 45.0020931812 46.3990663666 46.1774540666 46.2712093561 46.237163312 66.1634481561 66.1634481561 73.3122224372 76.7795224995 76.7795224995 60.7414936286 60.7414936286 53.3970487702 45.1996963838 54.7753081144 45.0531738639 45.5286022863 45.5304413076 45.8160753321 46.1132273157 45.7482004605 45.6007916805 46.0275974242 74.5648084164 45.7375775794 45.9409034609 45.6480301152 45.3888807603 45.3156340195 45.8563749064 45.2703053898
78.7132589578 46.1757475158 62.1221197324 62.1221197324 62.1221197324 76.9860530602 72.2327302605 45.8747395952 95.5685610842 95.5685610842 62.8680352444 45.9730293402 45.6993074072 98.0234811547 98.0234811547 45.1267442251 45.4390766234 45.2912788318 46.2330585642 46.107518061 46.3845026797 45.4668780734 45.7337815652 45.4569035677 45.6048635878 46.156642974 46.1215492236 45.7686363915 45.247583459 46.0886041807 46.1880923852 66.1634481561 79.2493165019 46.0992864144 76.7795224995 45.8388947991 45.2873706499 62.8142924868 45.8975033161 74.5372765992 45.0983753694 45.7796072669 45.4453761045 45.4624632955 45.1862304241 45.3785770398 46.2025151955 46.1012353128 45.0554335493 46.1153762006 45.7223023131 46.1608362209 45.6312832969 45.2664597848 45.4565812813 45.6142136637 46.2509683816
46.2867501236 45.4209906442 45.3370072376 62.1221197324 46.2928723679 76.9860530602 45.7343714574 45.3232865532 45.0102247865 95.5685610842 62.8680352444 46.2129328691 45.0761952847 45.9308163155 85.4945927335 46.3035992985 45.826518255 45.0579088201 45.5610596726 45.2930765841 46.2833014644 45.0518009878 45.9476863171 46.2375324969 46.3179024092 45.5543464967 45.7860045531 45.4584340083 46.3765529912 46.0287800189 46.2595169964 79.2493165019 79.2493165019 79.2493165019 46.1607042004 45.9397770714 46.0587120919 45.9210290857 46.0473818743 45.46815249 46.2498818806 45.6857665521 45.0453011758 45.4463114441 46.1406364786 45.2690269579 46.4004068498 46.4074872484 45.3034766634 45.1161505626 45.2021782103 45.7585786654 45.3843848474 45.2842964201 46.1570356453 46.283919588 45.3568097842
45.5297140097 46.2329290818 46.1276866998 45.6202130825 45.3937003505 46.3429602995 45.9587262609 45.4634599333 45.3682708998 45.8461164323 45.8497911139 45.7231642749 46.2421510465 45.6130556465 45.4422500537 46.291445343 45.9090757264 45.7938142618 45.0907155696 45.7500675735 45.0480563448 45.7370017915 46.0929965593 45.1317890904 46.4126981908 46.2814482914 45.5553972067 46.2263457162 45.4801501707 45.8860040068 45.2997936578 45.1463848859 45.4410636402 45.1186682936 45.8083262046 45.7031718168 45.0738324312 46.3002928704 46.3810237825 45.5379585515 45.1981877253 46.2972430503 46.1102647834 45.4400447248 45.7948989237 45.7228741097 45.269041105 45.9480082337 46.1695556791 45.9934925153 46.0334125889 70.0899210235 45.6393645998 45.1982041673 75.1889122348 75.1889122348 45.9775704343
45.4413875341 45.9072414739 45.7151257624 45.5963292542 45.7212711147 45.3870257557 45.0558065675 46.1268903886 45.4180588203 46.1364095866 46.1913986064 46.4054386902 46.1931227323 45.784934297 46.2574564204 45.9299227868 45.4528304543 46.2565920751 45.2930737442 46.2555133113 45.646028611 45.3028302591 45.5016163169 45.7737246976 45.190675241 45.6168297659 46.0922373155 45.2807031233 45.3686267358 46.2758043062 45.3644226518 45.2939594152 45.6630061648 46.0979684985 45.8234347135 46.1060511628 45.8074218008 46.2211368564 45.1878548974 45.965767788 46.2913697561 45.1558430985 46.2778685569 45.2777601059 45.2669845535 53.8307887505 46.3165896725 46.069393771 45.8109200127 45.2874909603 62.1535980544 62.1535980544 70.0899210235 70.0899210235 75.1889122348 75.1889122348 45.9494029652
46.3360174846 46.0886509649 46.3026528465 46.2005839932 45.7289482443 45.1577428269 46.1793952718 45.8427527669 81.1669965577 45.6279809261 45.7148609551 46.3392907174 45.1012687408 46.0128203043 45.0588210558 45.3086601835 45.938121508 45.1847346023 45.6543341025 45.6146968835 46.101637615 46.3860813005 45.9427919037 46.2325226054 46.0497929338 45.139673888 45.5667684381 45.5632195525 45.5369063786 45.5441616028 45.2459595166 46.3803587516 46.2055521344 45.2810297096 45.6477609867 45.9626242323 45.4641576415 45.4516031994 45.6808602697 45.862154905 46.0217315741 45.6153709526 45.3676345556 45.9257021412 45.4472263656 74.5096492671 74.5096492671 74.6935754762 45.4148688349 45.3571951352 62.1535980544 62.1535980544 70.0899210235 69.2114052228 75.1889122348 46.3556554858 45.1007740132
46.0583036042 46.0536615389 45.0156463654 45.8115350353 45.4440480761 46.0699444837 45.3818635599 46.1606429154 81.1669965577 46.2213264413 45.0616981898 46.3883857505 58.5848474485 45.0962393875 45.5488963159 57.9993324423 46.2869844957 45.3009416634 45.2747205863 45.9906124052 46.2417891282 45.3595125402 46.0131816873 45.6983104559 45.3939030339 45.2174257129 45.787091284 46.3643687614 45.8389895916 45.0129535818 45.7292289439 46.4037975519 45.0867010273 45.9805489735 45.7148298038 45.7284910731 46.1534834167 45.3954454926 46.1683973855 45.2815114046 45.2718766864 45.7781889709 45.8369784865 45.6819259679 53.8307887505 74.5096492671 74.5096492671 74.5096492671 45.1567044312 70.4292919346 77.7498637655 62.1535980544 70.0899210235 46.2848233325 45.6571639015 45.3199506796 46.0338745944
