Spatial_Output/DEC/DEC_0531.asc
NCOLS 155
NROWS 192
XLLCORNER 196307.867259
YLLCORNER 449144.565805
CELLSIZE 33.573938
NODATA_VALUE NaN
[rows 78 to 103 of 192, columns 57 to 113 of 155]
27.9419352518 27.3615698304 27.5001067445 27.8593588296 27.0515248631 27.85593705 28.2313705422 27.211259524 27.5924539767 27.3117625296 27.7775210295 28.0802273198 28.1074213581 28.141329105 28.1957513777 28.194688581 27.8026002041 28.2113280738 27.6405974596 27.7414415721 28.2716414399 28.4082595491 27.7504482192 28.4082638721 27.6878103268 27.2331272661 27.824297911 27.571555896 28.3554087861 28.1696433475 28.2111930537 27.4346629516 27.2591576464 27.5903680546 28.1814508 27.4636183704 28.2209068857 27.5850065495 27.5600366216 28.0520602575 28.0577363309 28.1041941848 27.2099049653 27.89521836 27.4743437427 27.2946845567 27.5450309655 27.7745926185 27.2660131207 27.4586714287 28.1415366635 28.0451517489 27.0423479776 27.0138365884 27.6243716833 27.0812947016 27.7049270511
27.5438070834 28.2830630338 27.4664767513 28.1851531409 27.4525809891 28.073496336 28.0999302921 28.3333244252 27.3602002859 27.634745143 27.6152689793 27.9181383513 27.4443434781 28.2933936147 27.8292422046 27.8245833232 27.5983994154 27.7610817164 27.8338620046 27.6565069746 27.0478921316 28.0325358723 27.0191861011 27.5627132847 27.5378985453 27.2424828238 27.552988843 27.2842656041 28.1423727807 27.9293644874 28.2401605232 27.4625217858 27.7299832262 27.1899439096 28.1120678346 27.2899467797 27.5302330981 27.2006794292 28.3909885682 27.0802496985 28.2515819522 27.9662383932 28.190285095 28.1414125616 28.0744994 27.5854621625 27.7653591147 28.156785432 27.2678295003 28.2641319645 27.0266641223 27.6603207435 28.3588556888 27.5028049517 27.6942799754 28.3835512366 27.8905254625
27.5419299567 27.4500101079 27.8783538064 27.479422428 27.892049019 27.6447778662 27.846410579 27.857599602 27.9740340483 27.020298726 28.0126533173 27.8415146342 28.0451899117 28.3907531179 27.0876096088 28.1916374141 27.1673553966 27.8564949595 27.0235630539 27.6508648917 27.6869686732 27.0510944146 28.2265783502 27.4406912013 27.2876762659 28.0843341847 28.1855529113 27.8112587712 27.1613408156 27.7568649367 27.1185410424 28.20144059 27.5002051157 27.9660372684 27.0273065032 28.3268146482 28.3203461772 27.3862097925 27.2776561685 27.6446613217 27.2449376106 28.1562517107 27.848893888 27.0334107117 27.7817000452 28.2799418685 27.5965990324 27.7668628953 28.0556194517 27.6056975042 27.0054960691 27.0598162961 27.6897853008 28.3516172452 28.3619984266 27.9507295399 27.4156190762
27.6268106323 27.8057704529 27.4893122048 27.7579367087 28.3529986056 28.101457073 27.5575315899 27.6065718969 27.1673458144 27.9821653752 28.3019113937 27.6551664055 27.4505702425 28.1114936193 28.2206521373 28.1630377117 28.1192658116 27.4126785756 28.2098151716 27.0552132 27.8014062247 28.1233019133 27.3475229989 27.4867021078 28.1268036081 27.0322074044 27.0141820635 27.0340216385 27.6657451622 27.3979944912 27.2689027439 27.7891436094 28.3495558935 28.2458738637 27.5740209081 27.7365044475 28.2381105822 27.4112634171 27.1910015841 27.3706938795 28.0355162337 27.6053192672 27.77450331 28.2628185003 28.2860923168 27.1662898629 28.0011149604 28.1458171307 27.4084119327 27.5562797401 27.8119345052 28.3162371985 27.6556193142 27.5696639094 27.1562847397 27.8706771429 27.1099890648
28.3789301382 27.3878510697 27.7450957793 27.0727448835 27.7178020184 27.0207210826 27.7223813262 28.272907252 27.3433560408 28.3843835021 27.7555105093 27.4133724171 28.1718670075 27.6503293481 27.2494818006 27.011863966 27.700965838 28.0999632981 27.9226265878 28.3651065435 27.7433137279 27.2051610024 27.4439187624 27.3133002447 27.0088019815 27.1084836865 27.9920916629 28.1219999869 27.2656505904 28.0263575956 27.2903611615 27.3389362123 27.6181021889 28.0418433802 27.477689275 27.8950483517 27.2386491858 27.8546343158 27.1310258516 28.2423250467 27.1223183666 28.3201625074 27.3454480509 27.5929481352 27.3295784805 27.7391374103 28.0628120697 28.2298440483 27.0863108851 28.3773670588 27.9877221565 27.3171514943 27.4337923844 27.4479905036 27.701995982 27.8928946998 28.2180791611
27.3611657977 27.910630457 27.4528030695 28.2067471612 28.3611808024 27.6344929364 27.8842537854 27.3015690378 28.0944632164 27.9327408807 27.7564087946 27.2286126852 27.0211056033 27.949954927 28.3694406874 27.4479767095 27.6549848636 28.2738909505 28.017199638 27.9574829569 27.6301961624 28.322334088 27.108291577 27.0059018858 27.7744888389 27.8958731732 28.0495258361 27.4412780186 28.2491131274 27.7580595554 27.1119947214 28.1856358327 27.3376729777 27.6167860084 28.2407464794 28.1387909791 27.1017917979 28.3081685971 28.1492571066 27.4495081934 27.1404509168 27.7020784357 28.0825843665 27.5366393103 28.0172193092 27.470922227 28.1871439951 28.0626634074 28.3832790171 27.4691870107 27.7050732601 27.2760891096 27.928877882 28.1970976968 27.3380099168 28.1708894722 27.0438039447
27.0789507078 27.4109265839 28.1982029269 27.3929471331 27.9109277121 27.5926847433 27.840288046 27.3462373647 27.5932302435 27.4586967797 27.9447144286 27.4248382862 27.8730329975 27.1816297586 27.8449791658 28.1725036201 27.8824672494 28.1157665238 27.8624675913 27.8574883862 27.3700878059 28.3231365417 28.0532348979 27.1674150596 27.6722617393 28.3372460479 27.7150307495 28.3726337854 28.3902712028 28.1537367734 28.1086362547 27.6645464685 27.3181700177 27.1850425358 27.4521114477 27.0721607251 27.5157445316 27.0435306737 28.3568150289 27.4394779478 27.6259169631 27.3661915318 27.6683502404 28.1472424359 27.5437571728 27.9451261355 27.3715789251 27.2895734526 28.0062265438 28.3779935381 28.2220041671 27.9590444363 28.3201391312 28.2651086697 27.7211644856 27.4901549507 28.3160368027
28.1116834259 27.5032948947 27.9951684075 27.4801541552 27.9756381238 28.2816916718 28.1240247234 27.9534320009 28.1776814988 28.2433947718 27.6568365712 27.1778521214 28.0478634722 27.1039687479 27.264490144 27.0017691586 27.4362386957 27.4063416251 27.4516256556 27.8272942323 28.3833268848 27.4202207588 27.7084144289 28.3803215431 27.2987654276 27.966009472 27.0462695341 27.3329037335 27.1437634947 27.1889939752 28.0237416467 27.3453135963 27.486387064 28.3870532919 27.40607373 28.0848965743 28.2343297361 27.4043447267 27.1839579606 27.6720156455 27.6884604763 27.1411635999 28.1266151546 28.0115014014 27.7477977608 27.6083770067 27.483372161 28.1353329593 28.1342502316 27.9169027706 28.0430427514 28.1185900999 27.8139819042 27.7895705938 27.1747667937 27.6048723649 27.2007863133
27.8987921623 27.9470472493 27.6098297554 27.2796220659 27.531715691 28.2834544775 28.3418858458 27.7271855356 27.0238801144 27.3751581558 27.1213427319 27.9719507675 27.6714544649 28.4101631592 27.0896945684 28.0654148672 27.1661433733 27.8590544677 28.3062072568 28.232385301 27.519094465 27.47531503 27.3180715647 27.0048282979 27.8636651513 27.7458654095 27.2895981218 27.4368607778 27.8395406193 28.323152497 27.5204667091 27.3358334823 27.6160597165 27.426072021 27.1371684148 27.5531212024 27.6773414126 27.7441826424 27.8750336827 28.1569683702 28.3086224785 27.2162564987 28.1770152673 27.3222018028 27.229649844 27.0048322682 27.3408514871 27.365636826 27.689099393 27.0815590517 28.186720416 27.4562248987 27.8712562016 27.4153604205 27.9745440533 28.3624911845 27.9991900507
27.0175007095 27.2406375903 28.0889167663 28.1232448223 27.7570915593 27.1645985245 28.111774558 27.3794647846 27.6796897935 28.202406945 28.0769629751 27.3295807714 27.333408107 27.8409010887 27.4952578324 27.8768509822 27.2643793848 27.9173980654 27.7777058128 27.5420281309 27.703690244 27.8911741757 27.2092804546 27.2746997192 27.4453802393 27.9490893394 27.7258939266 28.2056700655 27.1702628493 27.5796283178 27.1647858009 27.7949917416 27.5190673607 27.115781356 27.4575723382 27.7238027068 27.30435373 27.4541466184 27.6003362729 28.2154694929 28.2576260594 27.5978334284 28.3666761736 28.3471097326 28.1420034622 27.6229396322 28.1158521701 28.1594591464 27.6797622561 27.0175432329 28.2291720387 27.9610274224 27.3317692947 27.2272643092 27.6062368897 27.3253922288 27.2573322096
27.2264350618 28.2114009741 27.446776779 27.809897745 28.3083949768 27.5089370686 27.4565600833 27.4752734861 27.8961243622 28.0928157202 28.0576128138 28.3255427921 27.4075055764 27.2031549754 27.8937047639 28.3046528757 28.1807127441 28.02653792 28.391426299 27.3352854902 27.9785524056 27.5428693788 28.3893275274 28.2087722649 28.32903436 27.6956141183 27.8705125482 28.2354865823 27.0614474081 28.1148052867 27.8696237059 27.6397261225 28.001478144 27.6273397822 28.1405464273 27.312435634 27.1693711704 27.4686702907 28.2247380264 27.2590950556 27.771492885 27.0367929039 27.2019952696 27.926521199 28.2618398344 27.4119859822 27.806538795 27.6542021715 27.1098946155 27.9709214099 27.8604420078 28.0593081304 28.1099034207 27.0501017818 28.1836247707 28.1383834516 28.363875251
27.8900137565 28.1952893381 27.3709929919 28.2203103116 27.8850197023 28.379629825 27.5184390737 27.4839503223 27.4920547682 27.3763694765 27.5822222217 27.7356456653 27.7795811025 28.3987599222 27.0902729669 27.7131303928 27.2494581495 27.6246073774 27.1747615592 27.7268719392 27.9824029478 28.1035046962 27.6903158832 27.6707235597 27.3870866546 28.1609159329 28.3073347267 27.6082084363 27.3798993095 27.3045151822 27.795507255 27.0456383277 27.9778549904 27.6900706467 27.7043036947 28.3279094279 27.6808053244 27.2127371089 27.1398084625 27.8683619398 28.0044819084 27.5335859455 27.1508359337 27.2058866899 28.0320335705 27.3053418035 27.4352213345 27.6717014542 28.0083856225 27.2057827224 27.2959989671 27.5900469285 27.109083859 27.4125586052 27.9031474925 27.1702823889 28.1818988865
28.2936572352 28.2541816529 27.0132102857 28.0094467735 27.160182039 28.3159082019 27.4868395326 27.7085525577 28.0769017031 28.2768719936 28.2841687675 27.513221644 27.3300822513 27.1166043104 28.2431953897 27.2657240759 27.8817053878 27.1838203429 28.1496961337 27.3934578448 27.4918245066 27.3889869392 28.2671516849 27.0079074903 27.2475527072 27.6001924006 28.3187088784 27.3482081482 28.2760607215 27.6954026031 27.1084049425 27.8660324059 27.4507666857 27.9707705972 27.1380728944 27.7120139407 28.2842323223 27.0627143095 27.0958738949 28.1511736103 28.0473542927 27.7952929737 28.2529585358 27.788846977 27.2121126937 27.3288307205 27.5061701389 28.1802580915 27.8924341542 28.3067624552 28.2535707061 28.0023793241 27.3541296464 27.2050931342 27.1111926216 27.7070320309 28.264168713
27.621906057 28.2204516622 27.8859387215 27.4536016378 28.0546895502 27.4992833557 28.328058315 27.8022948219 27.0534905805 28.0042632984 27.127900583 27.8563204369 28.3838903496 27.7780719512 27.3934883706 27.4988896042 27.6223284176 28.0077563992 28.3931613646 27.7626609529 27.6563524327 27.5787627538 27.2709682515 27.5676855118 27.8594449355 27.7436877438 27.5039932386 27.56247603 28.0539614888 27.6659075136 28.3301937524 28.045942482 27.3117277884 27.237901278 27.7253070427 28.271261859 27.1176971537 28.1040126768 27.5545698522 27.3191536938 28.3873905029 27.4482051967 27.1179763276 28.0912698434 27.4956811458 27.3479885828 27.3690202108 27.5729503692 27.4099908221 27.9754077488 28.2414712406 27.2439379056 27.235445382 28.0505864843 27.0586319387 28.092498681 27.2249982637
27.6168703356 27.0251182654 27.9693598584 27.7512491544 27.3356657822 27.3775443403 27.6991839665 27.8015675144 27.8867120948 28.403662619 27.8390200259 28.2905184767 27.0390402529 27.5073664026 28.3067364808 27.5834094373 27.7350072401 27.0821569417 27.92895463 27.4579841695 28.2437029373 28.3569507851 27.0214215765 27.7715432059 27.525105624 28.00765187 27.5119683899 27.7390724309 27.8006265501 28.3817110326 27.9862800284 27.0400876678 28.0758074024 27.7695965286 27.1227181763 27.0915842508 28.0799574292 27.80289802 27.1535699926 27.5502560971 27.3923222705 28.3983066794 27.1570049507 27.3221786702 27.3598438724 28.1266009659 27.1884210827 27.4754283276 28.2102152171 27.9997902101 28.3450840953 27.6246836769 27.4864850848 27.4733078762 27.0863871804 27.4401018059 27.5417922617
28.224093182 27.5820943287 28.0298481819 27.3606402081 27.9569363224 28.2388777728 27.0527993939 28.1012921126 27.6980826265 27.146043724 28.297112858 27.6176673104 28.1316879685 27.2937127064 27.512450499 28.0332132262 27.4899799184 27.983178762 27.3723744918 28.1872663289 27.571085163 27.4767886334 28.2610287887 27.6984187778 28.1399491616 27.401039009 28.3007176716 27.7377135471 27.8235080243 28.1111134832 27.7801535148 27.505334207 27.171806543 28.0171468417 27.3128612328 27.2374239725 27.5243241828 28.3011121107 27.2586229561 27.763426262 27.6177730374 27.4428685852 27.9707389581 27.7566942198 27.5417585621 27.6389620418 27.1795991822 28.2760287425 28.1472058929 27.7233697571 27.2202133002 28.1359894411 27.9174873982 27.7773874541 27.6981923919 28.4072538762 27.353305113
27.4743577001 28.11439203 28.2646732388 28.3321196646 28.2353060067 27.0146833 27.8826389419 28.145483502 27.1594586758 27.3722281251 28.3329251014 27.18669106 27.4965051137 27.6852008646 27.7354983572 28.1617693717 28.0041432293 27.944839381 28.3905253772 27.6952252814 27.3373486819 27.5847959509 27.2819806629 27.9867342518 28.1726619136 28.2200744871 27.1961876003 28.3833265005 27.1992171279 27.0108585797 28.2089754011 28.393745555 27.7311484088 28.1607949024 27.6353547926 27.5225336308 27.705900221 27.2439255913 27.4947424919 27.8865264293 27.5763432848 28.1761092786 28.3159126797 28.1552505917 28.2222440841 27.1728572014 28.2211428666 27.3174459936 27.7608671368 27.7764986702 27.8575203185 27.7725497332 27.9661932553 27.7316426879 27.1210476619 27.9535741322 28.0331509966
28.1205705626 27.1725827999 27.4066015213 28.1362396956 27.2007866455 27.130461711 28.2924597584 27.0477429439 27.6703920026 27.4602721001 28.2151083094 28.2020468218 27.4225518743 27.8372124056 27.6240161665 28.0747079292 28.2088865476 27.050141771 27.5908916018 27.0888634032 27.078881834 27.1835158142 27.4524847095 27.6629869499 27.0793367224 27.0551763484 28.3515890206 28.0800199268 27.8728822764 27.3337333856 27.9224582159 27.6742449608 27.3118902192 28.3987269055 28.2546003754 27.1388919897 28.4131546574 27.6871719829 27.7712917534 27.278162524 28.0597178292 27.1357309226 28.3379439909 27.5377719849 27.8477758742 28.3439775748 27.1616811206 27.2582661356 27.7343013646 27.5085172061 27.6700645897 27.6414712979 28.0590078394 28.0196314014 27.2691848074 27.7779658018 27.6037163036
27.4966657693 27.231339797 27.1658136154 27.610821036 28.0935576704 27.5979130761 27.6644194022 27.4616573133 27.7197801123 27.0116395886 27.6699756325 27.5528459966 27.2145102451 27.0625697034 27.9882304238 27.5478221466 28.3582332619 28.2742976504 28.0675300795 27.3796525607 27.6001288401 27.587015566 27.0758033441 27.5185921414 27.8765350045 27.2801873381 27.8110839062 27.1580695831 28.2678483549 27.0270484407 27.0525569841 27.066984823 27.6872502602 28.1208519771 27.7464487171 28.3676759927 27.0671775815 27.5142543797 27.8966178244 27.1229637812 27.434812076 27.7133029312 27.0006766458 27.1580168887 27.4453186603 27.7026669096 27.7224561287 27.1223210121 27.6925494641 27.2410152818 27.1711971 27.5175087346 27.0893154231 27.849455979 28.2948571065 27.8698755307 28.1732894161
28.3405110989 28.0190015872 27.0447084584 28.4001557306 27.150480829 27.3424140117 27.2221860592 27.689676714 28.007380569 27.6218825184 28.0726771569 27.164405187 27.2886188284 27.3768806014 28.0752586242 28.1587641913 27.696314001 27.3239079531 27.8876523869 27.2456454901 27.3196503763 27.4893653582 28.2035766428 27.7517603303 28.3530759919 27.5419907773 27.4457126144 27.4815068162 27.4096655005 27.8542862896 28.2542928139 27.3145950425 27.2667143755 28.1061199591 27.2679016902 27.327456375 27.287467215 27.21443031 27.7567844063 27.421496649 27.2202620974 28.0475011004 27.5820677962 27.4848353855 27.1647807368 27.9349710675 28.0718380411 27.1110487521 27.1522285766 27.4772037491 27.1252876638 28.3626997704 27.2766358448 27.8532959412 28.3917691737 27.449549976 27.1376670749
27.1114288396 27.5332495952 27.5450813673 27.4758263942 27.9420744788 27.6217432965 27.9097263874 27.5307985902 27.4413174032 27.3282218886 27.446027395 27.2582715827 27.5405088546 27.5019456747 27.580975786 27.237840998 28.3004331704 27.7617643133 27.1149129179 28.3524595158 27.4944528717 27.7779742815 27.382324974 27.7050453419 28.3327750486 27.3703200044 27.7782299431 28.0536077613 27.473174126 27.7744786542 27.6368044791 28.0243922939 27.6386224252 27.0210828359 27.9678019071 27.3294340327 28.0366897924 27.1855533794 28.2636238774 27.0191777558 28.3612061517 28.3826801887 27.4091036891 27.4812163641 27.9583554004 27.5736822099 28.1869236551 27.4268493574 27.0797315513 28.0858415762 27.1732466346 27.1477216004 28.0884641242 27.1072787292 27.2538267018 27.4128963166 27.7971214456
28.0302464052 27.3441689585 28.2312598066 28.3709467568 28.2355547025 27.2714042375 28.2848540722 27.5483116174 27.6477189944 27.8368458953 27.2101416935 27.6630271486 27.3949010857 27.1317494339 27.9355479966 28.4017043247 28.2118660872 27.3788084688 28.3002440355 27.9327089052 27.6790239969 27.8359403609 28.1925285997 27.4134459532 27.4992551122 28.0354625349 28.349735324 28.3677108017 27.9926366129 28.2343248775 27.1693100992 28.1265195918 27.2271255459 27.8619100943 27.4511379059 27.5045295742 27.5911626725 27.2040730888 27.7457255858 28.0466399326 27.3734045535 28.3943998706 28.4060183886 27.1107922972 27.2666615566 27.4273202263 27.4344690301 27.1881436966 27.4280608469 27.299689761 27.6058536553 28.3159619998 28.3538347281 28.025665223 27.0192218277 27.5845628543 27.9483374614
28.310385496 27.438651221 28.2112884489 27.2998767929 27.7694086696 28.2504978305 28.0077393765 28.3332248199 27.3480083189 27.5099746782 28.2895197522 27.1669544495 27.6078904485 28.1441523509 27.8893224611 27.5455790517 27.9582578785 27.3303280009 27.0594584787 27.7277761554 27.2705884306 27.0456160694 27.8829164369 28.3330684022 27.5986423739 27.7524540707 28.3713828546 27.7380903338 27.2175941783 27.7794442676 27.535336124 28.2831849406 27.8417137726 27.8967941252 28.1284648492 27.2425267743 27.9871249448 28.1420431339 27.0286247064 27.9712522161 27.0089018527 27.9000995994 27.4210033445 27.2794909983 27.2694601708 27.2572397094 27.7694721767 27.5354603851 28.0510707389 27.736518205 27.7897362099 27.1512500526 28.3566964179 28.2346842267 27.3987968473 27.2942528774 27.0731367691
27.3183829132 27.1456709292 27.3681345101 27.5596214745 27.5063744376 27.3557563066 27.7771938485 27.2384281378 27.5636793312 27.2255007751 27.5787516397 27.6707259747 27.795835688 27.7574301902 27.414206122 28.0331696771 27.4328241683 28.2714905996 27.2028447786 27.4399194493 27.9024900344 27.0375832968 28.1794004334 27.1242141234 28.3367140168 28.1555348593 28.0816648564 28.2223392834 28.2326951486 27.116527827 27.4238194074 27.1932096628 27.4505804754 27.5156199338 27.7247666599 27.5643342162 27.0405822979 28.3959506017 28.3947467044 28.2978831615 28.3318640724 28.0096367804 27.5798410874 27.8583860524 27.872514136 27.1943432482 27.6245688022 28.1960827776 28.2660761317 27.7725082851 27.9903972168 27.456333534 28.3486240546 27.0548572886 27.0600670795 28.3825924377 28.300640247
28.0099583129 28.2433536152 27.6425250846 27.5387800105 27.5647243264 27.7309110271 27.3372481273 28.365302689 28.0146171524 28.2222295179 27.336182259 27.6917990528 27.1232514299 28.1319148696 27.9764389272 28.1887953122 27.1519722302 27.7316810853 27.5645828285 27.8416952887 27.9790668826 27.8739202937 28.3541188587 27.1521151748 27.5648386721 27.43233349 27.2201810593 28.3643599492 27.3043243822 27.9024586649 27.4388745673 27.6832530068 27.5904927843 27.6836698004 27.8240956541 28.2375803574 28.0262343008 27.8490620564 28.1812358117 27.0990972183 27.2346917004 27.0349828502 27.5880945442 28.3818919426 27.571796792 27.8581110567 27.9421976513 27.5012337191 28.0020252039 27.9611902623 27.9496802342 27.8142851956 27.6230451049 27.9591081202 27.1113073088 27.0060040967 27.3801342184
27.5798166412 28.0415924181 27.1273835911 27.0690479795 27.2056757536 27.0989938867 27.1656336443 28.0991006074 28.1213468399 27.9827120407 28.0440965837 28.4107320639 27.3271486668 28.2806238403 27.1111430655 27.2318647885 27.1459491814 27.4783911635 27.9558035648 27.1517954325 27.7343649729 28.2269565296 27.9049895056 27.9918508744 27.5929896211 27.2360861259 27.108300029 28.3819709118 27.2453395065 27.5489434525 28.2792706737 27.5485420329 27.3228398395 27.158619309 27.694893155 27.4116733551 27.4749583137 27.6057525835 28.0090329819 27.5867825132 27.1368417791 27.1565275382 28.3160495944 27.3600525207 28.079045612 28.2558041207 27.3986489439 27.7430474191 27.0549554979 27.8725720709 27.2329883892 27.6991847076 28.0452198169 28.3822072121 27.2099225663 27.2532933443 27.7049327232
