Spatial_Output/DEC/DEC_0591.asc
NCOLS 155
NROWS 192
XLLCORNER 196307.867259
YLLCORNER 449144.565805
CELLSIZE 33.573938
NODATA_VALUE NaN
[rows 78 to 103 of 192, columns 57 to 113 of 155]
27.6531875664 27.4658779806 27.4267405768 28.5246359119 27.367792905 28.0617561516 26.8982762207 58.7649578712 58.7649578712 28.5161745611 27.7020649872 28.4746723882 28.1466420136 26.7801262533 27.2272344846 27.0918473778 27.7635435293 26.8917944984 26.810534621 27.6629017075 27.3650257354 26.9365092977 27.1679188596 28.0920859928 27.1582013727 27.1907609183 27.1653408835 55.5704249054 55.5704249054 26.9298760428 27.9647993828 28.1159843146 27.5513145855 28.4387731951 26.5682408888 26.5066571635 27.8059562281 28.2799713463 26.8925404167 27.5956006984 26.7640393865 26.671278959 28.0109975046 27.1141022739 27.8885556789 28.5679734637 26.9791627046 26.6317594139 27.3641704243 27.9796935511 28.0702185919 26.5276899972 26.8466061621 27.5858544671 26.9513376509 27.9904460887 27.9465333108
26.7198023586 28.4648651161 27.4064501997 26.8090078987 28.3522602351 28.1883800625 27.5249877733 58.7649578712 58.7649578712 58.7649578712 28.6029204995 26.5696723535 28.0329866585 27.3743145444 27.8013991701 28.3292295207 28.2830952644 28.6061824743 28.4407990676 27.3426784618 26.7149725637 28.0243077311 27.1917619454 27.3563086376 28.056946241 26.7659484673 28.4793249169 55.5704249054 28.3009597788 27.4369699793 28.2703358136 28.4580135786 26.6801207709 27.3095827694 26.9450892746 28.1048359134 28.3111295694 28.0735524743 26.8526695651 28.4391847901 26.5016431043 28.1130016324 27.5095855064 28.5464697468 28.5368463652 27.767200332 28.0201634775 27.627892692 27.6534721808 28.4601866801 27.6915350134 26.9683285773 27.6554899905 27.2066977325 27.3888291453 28.3047150888 26.8866217348
26.9634873716 27.6549885693 27.3865924579 26.7007637878 26.8307027338 27.9603240188 28.1012446084 61.1876254247 61.1876254247 60.916573493 28.058670948 27.1572075304 26.8288289613 26.9496507714 28.0128880439 27.2669636766 26.9526287921 27.2018299138 27.845995498 28.4332952235 28.5966463159 28.4322277992 27.5714319631 28.0355585126 28.2475020409 26.9316606653 27.1403969729 27.9034307859 46.5426960722 46.5426960722 28.0144822861 26.8857735808 28.5256104513 27.3427400436 26.8049923448 27.2041430636 28.0823188181 26.7067159776 28.4523059752 27.4968633323 26.893526633 26.78263276 28.3175298184 26.8380667441 26.5532856405 27.0490218754 27.2963404339 26.8221182034 27.8333237645 27.7779025273 27.5649059724 27.4262364817 27.6962473313 28.5016329703 27.2824584527 26.71117797 28.008818161
27.796986835 28.2656266587 27.2567348775 28.2065607403 28.3102588144 28.5266865545 27.1704768553 60.916573493 28.292110553 26.8015458046 27.7358355229 26.7723158347 26.9096112874 26.5355594593 28.6028480358 26.6021348509 27.7655836293 28.1204194818 28.184116448 27.8621932857 26.5016280805 27.4273555031 28.0548034959 27.2442983467 28.4887830909 28.2996096322 27.2383078519 46.5426960722 46.5426960722 46.5426960722 26.6879434234 28.3032639446 27.098979129 27.831813669 27.474025937 26.7405700533 26.8803286963 28.5304960369 27.8576078356 26.7856559544 28.5528748705 26.9308982178 27.6540872213 26.688671164 27.3840699846 27.9151818594 27.3418690708 27.9061958322 27.5050618385 28.0586688816 26.9375276351 27.262233243 26.6082272166 28.4856330651 27.1813998732 27.7334838096 26.6479148681
27.1612549686 28.6032164737 27.6718720382 27.9259118366 26.7537717656 27.9226384677 27.156570281 27.3705882864 50.9172984112 26.6224647809 27.4959070551 27.8550192087 28.0952782931 26.7813028724 26.5623708846 27.5254913018 26.5432319697 27.6152549034 27.1815534314 27.6450350751 28.0617323776 28.0170170669 26.7235301493 27.8358825553 27.943216315 27.654355613 27.9044665531 26.8698540651 27.3768600384 27.7639364293 27.2156382863 26.9603078757 27.8191362295 27.9317294823 26.9070841038 28.6053703528 27.4966970534 26.5812180123 26.5641863034 27.6436383584 28.6000981377 27.8529625837 26.9661030304 26.5715986381 26.9831733283 27.0430776044 27.3432911098 26.8592544605 28.5924180795 26.558110544 27.5261087622 26.8205649025 26.5950284759 28.3238538123 26.9529637382 27.8010244539 27.6546637904
26.6213868667 26.902442411 28.6123096478 26.6532642806 27.7574290041 27.986718432 28.2240727893 27.848532393 27.6103307356 27.0533222497 27.1607165826 27.0814332022 27.2679669096 27.7266562892 26.9773763981 27.3565715304 27.4176505159 26.9167176178 27.764227567 27.4541603329 27.9625641049 28.4060097911 26.7521765287 27.5142717179 28.0768921833 26.5656397872 28.1171152568 27.9489268086 26.5363266025 27.6052850372 28.000759139 27.1485676717 26.8302073471 27.3286831293 27.2800240141 28.3133056467 26.5750840059 26.7748575196 26.9399023372 28.3174761296 26.9489482077 27.6794650787 27.6492003485 27.3867375731 26.8433105932 27.5827923031 26.9582219192 26.7366211825 28.071360347 27.8850395674 28.1909943066 27.6619113971 28.1694250896 28.3769632144 28.5066092925 26.875868554 28.3739743374
27.5982911812 27.9308746416 27.8997456668 27.9858327332 28.3120067758 26.7081161606 26.5111431962 27.885245691 26.8738845754 27.2427765205 27.998730584 27.4312332157 27.8467925972 28.2787047981 28.035759545 28.2021508543 27.5338559915 28.1152152649 27.7965381986 28.1819858383 27.2283988574 26.7232771325 26.9110197192 27.03423887 26.8005945111 28.2780315232 26.7412053638 28.256701479 27.5108785665 28.2195593448 28.5610501446 27.7621190619 26.9148293565 26.7839114597 28.1365669524 27.0896167566 28.0472217573 27.0817287874 26.653217178 27.319932362 26.7097735844 27.13351179 27.7438485995 27.9644515308 27.4854554152 27.6213085963 27.3912015758 28.3261255876 27.2817767545 28.3823995825 27.5567943978 26.7016060805 28.0580539994 27.5002947252 28.5349459938 27.8920910232 28.1010516173
27.0060632238 27.7174835072 26.914188421 27.8855004534 27.6335379787 27.8241907334 27.2633556655 27.2742559251 26.7271996963 27.2067850643 26.7434327166 27.045908156 27.6270246571 28.5803551883 28.3633517221 27.3157931781 27.8222959381 27.4087776351 28.4894580327 27.9950184733 26.688838588 27.2229976523 28.1166768224 26.6795866822 28.6120088611 27.9086598057 28.1784130466 27.3003444013 27.6292689721 28.0829408905 28.1101046686 28.1716928675 27.1211289535 27.3363745645 26.7124166993 27.6682029893 27.1516114827 28.4192247004 26.920540072 28.1083398547 28.5537704086 26.7878276755 27.6660698384 28.3218121883 26.6317125993 27.1410883926 26.6907487697 27.0938622031 27.1785402168 26.8752965402 27.7928271705 28.07706542 27.9256507262 28.38936372 27.4523751329 27.1527009699 28.4315897427
27.3855379682 27.2178459389 28.0187986969 27.9536231385 26.752137864 27.7656149493 26.7782128723 27.7438722626 28.4685145931 27.1280829841 28.4427517238 27.5657903908 27.7844011394 27.6145814894 26.9604275433 27.7067792531 28.172336893 28.3348682257 26.7796321529 27.782336425 27.2257266408 27.123901452 28.3823474117 27.0228580504 27.4733834923 27.0820912743 27.9149441455 26.8859652067 27.7413168995 27.6606042939 27.802178667 27.1726293552 26.5283034632 27.5366512799 28.3362112513 26.6836776302 26.8261112166 26.7640156923 28.0397849984 28.5487227414 26.5187368172 27.7693664741 28.3772016093 28.2687022665 28.2452926481 28.491811013 27.6996028769 27.4036956565 26.6603555836 26.9662165008 28.0875358516 27.3634018804 28.3357043623 28.6097946953 26.6381939244 26.8114854138 27.0360837836
26.9577001025 28.4289408803 27.1728163916 27.6661219449 28.4139749717 28.3191429903 27.3105308791 27.1586777547 28.3874891607 27.6126703415 28.0666087214 27.3223901738 26.8374050164 28.2200473825 27.3358662486 27.9102551713 27.9759145343 27.2860903197 27.9164387129 27.4344373316 27.3856226146 28.3856537253 27.8185170553 27.1987204488 27.5476419433 28.4005662846 27.738887466 28.0772402312 26.5099360926 27.2855437898 27.4456548573 26.7895411386 26.6075293856 27.9065248303 26.7325336305 27.1439280514 28.4090129678 26.9302655873 27.7956703652 27.484306734 26.918778209 26.7810101902 26.8574931893 26.9414854951 27.4711844502 26.8591246554 27.3697627975 28.4857904301 28.4356289724 27.5807097007 27.4779589652 28.4048425281 27.1419747355 28.213020717 26.9599996627 28.3357907398 28.3476385329
28.2101737231 28.3578718548 26.5023446623 26.8744564193 28.5728918111 27.2301088692 27.9187554019 27.1677847409 27.7866392566 27.1168178887 26.7716314334 27.2842809645 27.0314589176 28.3468613839 27.0501353596 27.8328477292 27.1887846794 28.4926307748 27.404050625 27.0701032989 28.236914064 27.996048146 27.4182507312 28.3033929605 28.5060379405 27.8928237228 27.3383201105 27.2670185194 26.6490681492 26.936736361 26.5708210134 26.9949819991 26.6466977886 28.0397301119 27.3104146903 27.6886547982 28.4913544364 27.0808546305 27.3200020012 26.6723034274 26.8153006667 27.7793340354 27.3194687303 27.6692686608 28.3310866195 27.2907723066 26.6463963647 28.3587749118 27.8269441844 27.172525038 27.5887053055 28.2120345881 27.4537812695 28.1234051766 28.3160822999 26.641592307 27.554527144
27.4629209166 28.3157178902 26.9056737284 26.6002028279 28.4814889388 27.5297904715 26.8517517083 28.3209120174 28.113778826 27.4449733783 28.0991026387 27.2998543911 27.7413470875 27.4722752266 26.8412027151 28.0514541654 27.3370001087 26.8601309381 28.0700088097 27.5378994578 27.0713804141 27.5221710032 28.2223089704 27.2681039036 27.33696269 26.717409758 27.1453505956 26.5170483561 27.930598 28.3459799695 26.5696761345 27.0858781426 27.5786910465 27.0526979283 28.1706963893 28.4969071082 28.0093948698 28.4361466905 28.2420404155 27.0036814099 27.9629744882 27.1511683063 28.2920895294 27.5649044876 27.3360955332 26.7841366306 26.5710073752 27.6496324979 26.7979406378 26.8092539896 28.4094154792 27.9714968706 27.1460600718 26.918095152 26.5606044314 27.7467746792 27.2644284569
27.5456952871 27.7310632736 27.1363532235 26.6716337562 28.1280958708 27.4243901789 26.8646030678 27.6438816388 27.2662245081 27.1333356846 27.7663963814 28.0177899233 27.8218879203 28.1608725675 26.7456484995 27.2014627703 27.9082325048 27.781865828 28.5352659795 26.946163255 27.8454398951 28.0360488092 27.135849226 27.8061765833 26.66122631 28.3182334712 26.8280511511 26.67371336 28.5209067477 28.3818929881 28.0792939509 26.6709208596 28.391386515 27.4078312513 28.1311001386 28.4848021583 27.6068466111 28.5890414293 27.1980426809 27.9372072205 27.4815926727 27.8659252154 26.6838125819 28.1563267962 27.804370267 27.8984611949 27.9052269039 27.9783630632 28.0626539128 27.8383067568 27.7448622949 27.2726964119 28.4149583178 26.9382406651 27.6904128534 28.5611414018 26.5925312224
27.6073985568 28.5202736117 26.9729979108 27.6547389504 27.5137855066 28.5508058579 27.689115609 28.2896547469 27.4930140599 28.2901160622 27.2186789992 26.6384222589 27.7396592486 27.8015933423 27.4101311736 28.1866491672 27.8226614085 27.4727675569 26.5258844871 28.6090369331 28.4090387319 27.3153384277 27.9250188423 28.1847762914 28.0811348111 27.2551759546 28.3504354012 28.1187071505 27.9781396134 27.0712414211 27.9112506033 28.1358812779 28.5517462883 27.8105826182 28.4577798721 27.3688094945 27.4268907307 27.9567235866 27.2572125784 27.9261938957 26.9997889725 28.1565550847 26.8192546981 27.027148738 26.6411232656 27.0485121824 26.5322521776 28.2967409936 27.2876114813 27.6231312205 28.0020668532 27.9158505956 27.4354957121 27.1902415706 27.9752801045 27.2320636375 28.3214321567
26.572524657 27.3271426476 28.0845746274 28.0674683432 28.4940943239 27.2437891655 27.8071969918 28.5137596786 28.2170107516 26.5753052273 26.6573853764 27.9245593169 27.4542159021 27.5367473098 27.6090920131 27.5878631663 27.485562667 27.4451746081 27.443282912 28.4757986473 27.1261863724 26.8561419358 28.1270016839 26.5048747799 28.1622574863 27.5227214834 27.4216617117 27.9425828603 26.8782522931 28.0771291828 26.7140876594 27.2498404936 26.6157205944 26.9474764148 28.1841736665 27.7996495735 28.0927599725 27.8900796215 26.5198548809 28.396940657 28.3439019683 28.2362788181 27.0059083843 26.7131394678 26.8384713089 26.6611673352 28.3854822341 27.664547717 26.7068858018 27.3706979147 27.5097394203 27.1177072387 27.956714481 26.6019656927 27.9155011652 28.2776456743 28.3984505209
26.5836827708 28.4700424421 27.1225526025 27.8696375589 28.5651681825 27.5261174843 27.9175347473 26.9545658595 27.0937491276 26.5449631064 28.3733387025 27.8437761355 26.8740682009 28.4058605368 26.7841967447 28.5581391945 27.5973168114 28.5131656479 27.4055169148 26.6500675575 26.6029742538 27.1012018086 27.8362284624 27.376372964 27.7070661989 28.5396777349 28.6067803308 28.1990031396 27.6726984367 26.5917637698 27.0516453741 27.3624588098 26.5662462634 28.4609229701 27.7691719618 27.0441384748 28.3648675501 27.690610621 27.0862736885 26.7109946656 28.6008916887 28.0253351974 28.1678655248 27.4059359214 27.0428803713 28.2070739057 28.0619359196 27.7414393605 27.4256067406 27.613107907 28.4102708137 27.0283835406 27.3306871884 26.9390005193 26.7925284389 26.6377718721 28.1369772466
28.073523389 26.5682186992 27.2545165656 27.5422968368 26.6402964466 27.2876355031 27.0489943024 28.2665791362 27.3144054852 27.4477688199 27.9330010401 26.5393470733 27.9773424448 27.6695241531 28.5249403367 28.0839105112 28.1662059356 27.1576242745 27.3949813567 28.4474527841 26.6945329465 26.9689479261 26.5592845874 28.3174714153 27.4383660109 27.7408010015 28.3957675357 28.2598627394 28.2099525812 28.4177342422 26.5681025176 28.6212033489 27.5572667182 27.0008435693 27.8644585723 27.392363658 28.620054412 26.6063617172 27.8661881183 26.9436929505 27.1937425156 26.6664365235 28.2106791015 28.1314582682 27.7540050314 27.1620353554 28.3829390645 27.8409644759 27.719966168 27.8494267022 27.0467953775 27.3194665561 28.0754730549 27.7685258928 27.9825521624 26.959005422 28.4737008438
27.9710358303 27.8398732515 28.2915644687 27.8530999035 28.4802882366 28.0928247186 27.8523680606 51.5831658827 28.2761390335 28.6013052476 27.6367756521 26.7983510252 26.6843636351 26.5535472826 28.1489815125 28.2126437311 27.7035607639 28.0869974006 28.433839046 28.5337495912 27.8554843621 28.1961781165 26.9485826228 27.8222050529 27.4342717048 26.691271721 26.5481440906 26.7764514064 26.7084141292 27.5188148706 28.3765566188 27.0780360987 28.3176937836 26.5270082893 28.4301447109 27.7450802503 27.9737644356 27.8126553099 27.15861011 28.5498611531 26.7926591948 27.928203171 28.0934160539 26.6383935156 26.7798980962 27.4175672347 26.5576759765 27.5966760686 28.3033894213 28.4524068693 26.8402834924 28.046048565 26.9844101993 26.767302331 27.1944618979 26.5014441406 28.1532588367
27.8991546489 27.9981602433 26.5024517596 27.1213845946 28.5392363408 28.469761001 26.6432497983 28.0550990116 27.3041548156 27.2968410409 27.4744004827 26.6046469483 28.4600802446 19.8709743245 27.2599413936 26.7101810973 26.7353676133 26.5966800816 27.1286111611 28.4438957705 28.2188507538 28.3823553382 26.7299060131 28.2721990477 27.8453565125 28.105803112 26.8399143482 26.5402430708 26.8576365268 27.9201082109 27.2931941163 28.0828052107 27.5341516031 27.2134349247 27.5139582208 27.7436167713 27.7712005997 28.2899987007 26.716100594 28.5425856503 26.8332158693 27.6008543613 26.9017654356 27.0846154766 27.2257803266 28.2193747202 28.5919352032 27.5067349563 28.0295183168 27.0459118611 28.551653275 27.9459130603 27.4019187526 28.012754385 27.3773181445 28.157577343 27.9413477688
28.4207769003 27.7429307995 39.9679403909 27.0142769462 28.261462456 26.6521740054 28.4183250966 28.0985920674 28.097857243 38.7407219097 38.7407219097 27.5292998 26.8492999969 19.8709743245 19.8709743245 26.569386194 28.5483089892 28.4860004759 26.755222991 28.1780119425 27.2395401923 27.2460070654 28.1499681075 27.4552950904 28.1823260981 27.9053358959 26.9955641103 28.3457309887 27.9089503216 26.8940366453 27.1824505315 28.0345988342 26.9975620723 27.3958375384 26.6567714492 28.2492616778 27.7964019428 27.6762928178 27.8554595535 27.0859067154 26.7035741098 26.7015066744 27.6157006885 26.6780122347 26.7199928329 26.5012004409 27.2710905721 26.6505964648 27.7009352509 27.4496494498 28.5849827387 26.939011003 27.9908156111 28.3965303253 28.0255358497 26.5912823729 27.8847115527
45.1512317693 39.9679403909 39.9679403909 27.921041219 28.2822338915 27.6717768607 27.8314520572 28.0819626029 28.0118699438 38.7407219097 38.7407219097 26.6673718831 28.4460233913 19.8709743245 19.8709743245 26.6443418659 26.9601198142 27.0493839941 27.0192684506 28.2881671466 27.7771533729 27.6209906904 27.2693335996 26.715635661 28.2238988942 27.7249198047 27.7722113668 27.7683290212 27.5191961581 26.7301535279 28.3110620362 28.0617927771 26.6723479935 27.4542245723 27.2700188523 27.9365913852 27.2726497251 27.3376536106 26.9844229781 28.0360656736 27.1404500425 27.4245737992 27.3887321702 28.2015751775 27.0172938391 27.1753207254 28.1162858211 27.0927723468 27.7820720888 26.5333020745 27.312296646 28.2530495015 28.6122112214 28.391008082 27.0889750245 27.748230975 27.1900147784
45.1512317693 27.2889451481 39.9679403909 27.4590141189 26.6294631314 26.8473856096 27.3273354385 26.8695789821 27.3926351061 27.4697464655 38.7407219097 26.5378772618 28.4327690151 19.8709743245 26.5182745999 28.5815813543 27.2757450736 27.0824522226 28.5665824536 26.6333824079 27.9463337832 27.9734500033 28.6037548847 27.8791830419 27.3786390161 28.3586440164 28.0245186116 27.2096076567 27.5533752036 27.3355566818 27.8391951574 27.6326344657 28.5556786784 27.1570195464 26.8226166576 27.5030615376 28.02512898 26.8535762565 26.9750590563 28.4859693748 28.1359164591 27.5085163865 27.1486599332 26.7977933969 28.5344407524 27.4147753908 28.1837252522 28.1292755715 27.5111270692 27.1501116024 27.1111210096 27.8618624922 28.6190317718 27.6646559909 28.6071443468 28.030437141 27.2600429876
27.2617616694 27.6594840716 27.5458135831 27.3674828737 28.4634290677 27.9768752328 26.9537364286 27.4708452836 28.0684727606 26.8685464773 26.5343827074 26.5140013432 28.0354511711 28.3010050133 27.1648823924 27.8910058958 27.458007522 27.3746817408 27.2893949215 27.0172754508 27.691550596 27.3961500512 27.5904681326 26.8956445861 27.5934691717 27.5660484137 28.5086850352 26.9464896794 27.9508715449 28.0400051847 26.8266899116 27.276519533 26.8883518327 26.5594004761 27.8747247638 27.6774108588 26.581519688 28.1844382436 27.4038134031 26.8406762521 28.4799945531 27.9819775269 27.3598185521 26.8783616803 28.2836422169 26.9251339144 28.0264501711 26.6632853719 26.9135077055 26.7879320659 26.6685270666 26.7304611583 28.2106564794 27.1446372921 27.0008962415 28.1290083714 56.2254164133
26.9565660738 27.61710831 27.046148936 28.2553885719 27.5538125131 27.8744026331 26.9556584979 28.2853284336 27.6950048264 27.0268269248 27.2785238456 26.9932728604 28.4963689625 27.2063766855 27.3548411555 28.3360679453 26.5105904219 28.0032300251 28.0667753345 27.6680288049 27.8541447977 27.98862063 27.4207389229 28.0786236547 28.3133534025 27.3538442297 28.5146204876 26.8173740759 27.4786920526 27.4403610493 27.9319203665 27.6441370545 26.9598994268 28.3477714628 27.6127297867 27.6458848767 27.3581128089 27.1866825378 28.2599552642 26.7619082455 27.3408817656 27.6703288275 28.2765759076 27.7184830807 28.3307705767 27.7618424415 26.6051898067 27.7706939395 27.6222022276 26.8933100448 27.3083455363 26.8782214413 26.5789400029 26.6134443621 28.2029078489 26.6116499205 26.5672470448
26.7195065543 28.2100383963 28.2036430746 26.5224370206 28.2604860343 27.7147772108 26.7286009477 28.595048865 27.4650522063 26.9512822141 27.4058894432 26.6500873229 27.192548481 28.4327271352 28.0849746283 26.9988035669 27.9003399765 27.4126629323 27.4505723849 27.7049722302 27.4223091404 27.3983193686 27.3132326295 27.3518801708 26.6837322411 28.2685270357 28.4501843186 26.9172450104 26.8211214946 27.4733090782 27.6038097589 28.292045931 27.3753820778 27.1947715697 27.9084898796 27.7894819819 26.8341100718 27.3975139885 26.8311550723 26.5191059718 28.09139013 27.8338044533 27.4962538259 28.1128431518 26.7552650822 28.1729607653 26.5197411255 27.5649118195 27.6184404922 27.6968015912 27.4254912079 27.7672964992 27.7043229719 27.0992851642 26.8846521419 27.8226675213 27.4446213841
27.1793357325 27.5074735216 26.5940304461 27.4137584904 28.0420583339 28.3737108167 27.5311804113 28.2036135795 27.5984713986 27.6873555615 27.3066775422 26.846202977 27.5478041715 26.9669981444 28.3453943355 27.5718294188 28.5397088994 27.1990135714 27.1891771834 27.8178462582 26.7469548696 26.6350699313 27.4185571183 27.4119694761 26.8667204419 27.6079278781 28.495062082 26.6809576296 28.0652868672 27.733204642 27.9432189554 27.6630348692 27.8913237361 28.0253507712 27.1795166868 26.8835914568 27.3452557273 28.6002068912 28.1239909983 27.8009437661 28.2972205011 28.0928967969 26.6018745986 28.0625748139 28.342468802 27.3008591749 26.9546706567 27.1671227931 27.3968999185 27.38898967 28.464872849 27.341805839 26.51834149 26.7454539317 27.5089042115 28.0778336863 26.593844477
