Spatial_Output/DEC/DEC_0170.asc
NCOLS 155
NROWS 192
XLLCORNER 196307.867259
YLLCORNER 449144.565805
CELLSIZE 33.573938
NODATA_VALUE NaN
[rows 130 to 155 of 192, columns 57 to 113 of 155]
45.0618997049 45.1885211058 44.6444446199 44.9414158096 45.0562946298 45.1668160033 44.9152181736 44.6029453389 45.2001583096 44.6592938627 44.8345839915 45.0414390262 44.8526251349 45.0200031254 44.8274888111 45.0828728239 44.6930356282 44.6151994137 44.6521786047 44.5410025095 44.6803559527 45.1870351351 44.8488944542 44.6816756697 45.1286414558 44.9032494343 44.6633110804 44.919205988 45.174214949 44.9554952939 44.6652158011 44.9699433426 44.5683864125 44.9781779129 44.7667537259 44.7730239758 45.1854830795 44.5803700513 44.7112014781 45.0943181739 45.0922184044 44.9114023621 44.5711056877 44.6220941933 44.6146575679 44.8809412651 45.1059213717 45.1875688937 45.0789585244 44.5075858742 44.855172892 44.9789064121 44.7672990672 44.6630591243 44.6383521375 44.9262599727 45.021891737
44.5826985968 44.7209354866 44.7749270501 45.0523991556 44.8771277687 44.7912926813 45.0058962009 44.6383718863 44.8597011339 45.1081674202 44.7930854355 45.1264494421 44.8980820366 45.1656767234 45.0516979515 44.697213272 44.5747857093 44.7362968583 45.1791558551 44.6890419965 44.5670057346 44.6919712224 44.8238738452 45.0851770838 45.1155165374 44.7866176853 44.5905258807 45.2029817736 45.1361453283 44.6567100431 44.9062619083 45.1314029361 44.6038597582 44.6290757033 45.1600742996 44.9464246391 45.0887858157 45.0901420489 45.0035675781 44.5835658902 44.7184243669 45.0228822099 44.5240528839 44.9280936813 44.8446672851 45.0651984416 44.8326907363 44.5459896748 44.8092782606 44.5392570163 44.5505159834 45.0056819901 44.893340852 44.7026792669 44.7786764177 45.0595834059 45.1171304709
45.1573990208 44.6081763339 44.8758467027 44.8198308178 44.9635105232 44.5989313121 44.6951678089 44.5002799137 45.1149406144 44.5743494157 44.8694377632 44.6381186726 45.098102402 44.8354936566 45.1247500422 45.148762167 44.8891004209 44.5176034207 44.9455428456 44.7055935183 44.7351244572 44.5233092569 44.98602034 44.590643909 45.0562123187 44.9516928074 44.6173097656 44.9731614825 44.6341597332 44.7520769853 44.7055359607 44.7640935899 45.0799601992 44.9974137043 44.5864050158 45.1343255999 44.8605936529 44.5458028568 45.0126469583 44.7737579619 44.8512823713 44.531005144 44.7399395534 45.0071261348 44.8458408812 44.7998013161 44.7494264022 45.0880118765 44.6724093343 45.0134647295 44.8866960853 44.830257731 44.6498793941 45.1510304579 45.0792303224 44.6930054074 44.7295412307
44.9629698742 45.0348298534 45.0356897835 45.1291219276 44.7522460733 44.8901666615 44.6182396321 44.6749460724 44.6772531584 44.8123836762 44.9520474775 45.1005051326 44.7266131566 44.5398680444 44.7478771465 44.7949765625 45.0165046352 45.0840717194 45.1927207645 44.8952302396 44.8396630806 45.1565636845 44.7393674962 45.076825644 44.9573801159 44.6527348522 44.575682008 44.6226216747 45.1305088285 45.1880399793 44.9644751116 44.9615323045 44.6082909932 44.7311731103 45.0719570676 44.5062014704 44.6897769709 44.9964544203 45.0198379442 44.9184419466 44.7007043407 45.0241601392 44.8998613001 45.1627402705 44.594974946 44.9266238797 44.5876932233 44.5799521795 45.1645141534 44.8322535962 45.0669277766 44.5064693023 44.8305119957 45.1266786924 44.7914706431 44.7104450331 44.7761104541
45.0952573185 44.5206980431 45.1908459075 44.8274974029 44.6174628733 45.0541295743 44.7405178244 44.7445067839 44.819051992 44.7064598071 44.7575643941 44.6318923875 45.1256664355 44.8427480913 44.8329378937 45.173851814 44.6107244478 44.7098608043 44.5371029993 44.741397888 45.0482056878 44.9398072373 44.9006747445 44.663226113 44.7561545022 45.0623347781 45.1582191712 44.7537575989 45.1102606682 44.7831828726 44.5929392148 45.023694543 45.1643620272 45.1581186737 44.7832227146 44.7499553084 45.0342841436 45.1691499268 44.6662941052 45.0547358166 45.0139842151 45.0877386513 45.1992355495 45.1122876819 44.6678879668 44.8936182984 44.7818002083 45.1016542185 45.0006452569 45.0286287025 45.1319713565 44.5034894109 45.0095843202 44.7674997319 44.6036817157 45.0772054449 44.6652552597
44.8306734019 44.6457374981 45.0197676629 45.0954111105 44.8093653392 44.9875231869 45.0463417959 44.6433034002 44.8509483641 44.5334950329 45.0931549296 44.8633065239 45.0074740229 44.7843750327 44.7830376759 44.8353199882 44.5267138273 45.0025795149 44.9444062832 44.7710439117 44.8379583449 44.7457078683 45.0229486767 44.8409396577 44.8455199141 44.9172588359 45.0401363974 44.6369602776 44.7614524085 44.7510483311 44.9407039768 44.8052272074 44.7028392987 44.7407562875 44.5233810114 44.7255252231 45.1212197027 44.6729255372 45.1570098917 44.6863729399 44.6682613619 45.1831598051 45.0764361208 44.5978951462 44.8862659583 44.7264578135 45.1947422295 44.8681426827 44.9576007056 44.976045428 44.7139820826 44.8939728684 44.8235985916 44.6459268941 44.5546584102 44.6653106429 45.1313978253
44.843856371 44.9430563566 44.8057923438 44.79577732 45.0564718646 44.578982144 44.8492814487 44.7192010364 45.0365396619 44.5414924679 45.040548988 44.5954879604 45.111104258 45.1443130822 45.135896759 44.6821477901 45.0149845079 45.0388044243 44.7299125315 44.8168842964 44.7274246234 44.5395100918 44.9447729277 44.5124083196 45.0756961797 44.9882993438 44.8849180029 44.8335422989 44.670688653 45.0520434866 44.8908657829 45.1250296024 45.1787310228 44.8070060834 45.1482767437 45.0245941526 44.9290781874 44.5708965833 44.5743353405 44.8509187083 44.735852581 44.9097600743 45.2019454808 45.1114795244 44.6711279893 44.9968498186 44.519036002 44.8458791195 44.5665616142 44.6192293975 44.7689498999 45.0506306566 44.8354810479 44.9951213935 44.52470172 44.9928181111 44.7877559318
44.988151364 44.8435782388 44.8855122713 45.1658398959 44.7363839746 45.09562385 45.1095109437 44.5899555378 44.582168956 45.023213722 45.1780250042 45.1194263415 44.8724979525 44.9291734682 44.5424750433 45.1476709201 44.7779294419 45.1937460707 44.8254241026 44.6933759733 45.191332588 44.7600487049 45.1496521947 45.1387091121 44.5489904735 44.9697164535 45.1587100169 45.1516712634 44.6140428311 44.7253200686 44.633995753 44.5136690242 44.682610402 44.5402069474 45.1363452101 45.0060701235 45.1912424131 44.6765977264 44.8921648992 44.9644680658 44.8193613857 44.8772531794 45.1706000837 45.0069880703 44.8586092412 45.0294347651 44.6633687726 44.9373981245 44.6602160729 45.2054484688 45.1549356116 44.6939122346 45.0980688715 45.1591048896 44.9607695975 44.6030062065 44.5201772804
45.1011044048 44.729139587 44.8891690236 44.7519074364 45.1000976611 44.7416053699 45.1773159389 44.6442454877 45.1782791091 44.5858558493 44.7427193661 44.9139420036 44.5013931972 44.537257483 44.8676398421 44.6440573837 44.6215785959 44.9597681711 44.7609930517 45.109384244 44.7185627437 44.547677888 45.1236261089 45.1870671185 44.9103980048 44.7183789609 45.1322741429 44.8084962347 44.8150098567 45.1467822441 44.803414722 45.0842210992 44.5428742704 44.7961813605 44.7530971828 44.789722216 44.5821050657 44.9736846986 44.8473148406 44.5874657585 44.8954087887 44.727302568 44.7050667237 44.7631149329 44.9563368494 45.1733847202 44.9526180899 44.8825922372 44.975493411 44.5119164095 44.5387645062 44.793174631 44.8343748085 44.6489482566 44.9924507796 44.9842910962 44.8348254159
45.1386503681 44.9731443173 44.6101869622 44.5570331555 44.8352158549 44.5017536077 44.6909201419 44.5757988721 44.5197722567 45.1272035498 44.8419115326 44.7363476274 44.508887306 44.5553984803 44.8656996559 45.0912509795 45.0403477866 44.7055352001 44.7359244524 44.7454756899 44.8752430465 44.9359102851 44.9905044923 44.7328216385 44.856592834 44.7607915236 45.0220585713 44.7257715866 44.5553669394 44.8118971797 44.535157641 45.1569516716 44.6604512121 44.8224796229 44.7206763926 44.7374507062 44.7469072667 45.1482608066 44.9942185691 44.9085546602 44.8046919039 44.6479732386 45.078858146 44.9798913559 44.8569645601 44.5400984972 44.8032057225 44.6470463425 44.6271613564 45.0227766286 44.5068480223 44.9222573608 44.9432011414 45.0299800162 44.8083949909 44.6463508462 45.116870886
44.9464133768 44.6758097023 44.6762584035 44.6433668997 45.0100336189 45.1134284471 45.0903157184 45.1342200479 45.1535053949 45.0051730631 44.5905051958 44.532189583 45.0224218042 44.6363085816 44.8904884916 44.9655743741 44.858489576 44.5474814707 44.7903449634 45.184835979 45.1934142993 44.6486680218 44.686721079 44.786200113 44.9835778798 44.5307778362 44.86748209 44.711346494 45.1387200054 44.5347947652 44.7158865134 44.6168736761 45.2069896136 44.9173295641 45.107064582 44.9978545577 45.1838091752 45.0120445798 44.7552550668 45.0348346628 45.1812600726 44.6435645081 44.8938641996 45.1791657844 44.9021944898 45.1937772726 44.5850991606 45.1279587449 44.50817524 45.0202681866 44.8452264941 44.7563745597 45.1891305617 45.0330356712 44.9418678321 44.5134832756 44.5472631294
44.7186974791 44.8741405409 45.0615291197 45.1248441906 44.8072962431 45.1314744143 44.8252768921 44.9868524598 45.1130691139 44.6821105658 45.1795907786 44.9134788417 45.0753604423 44.6032332457 44.5560897653 44.9768499438 45.0018641812 44.8855391803 44.6158649275 44.8467133854 44.8833939132 44.9601638491 44.7689138224 45.0293581939 44.64787558 44.7283232078 45.0585161437 44.621229936 44.9656274073 44.9463644657 44.9911583237 44.6600142869 45.0134620341 44.6757267276 45.1045910568 44.6860396039 44.5259717699 45.0671592513 44.8200649176 44.5036261008 44.9047019367 44.5433554069 44.8691966668 44.7645030039 45.1608285426 44.6791191943 45.1906632914 44.8737732253 44.7992169198 45.1687627615 44.5505193322 44.693334465 44.84514986 45.0187434704 45.072353486 44.6171936905 45.0729206368
45.1809785463 44.5299566567 45.0253738414 45.1118620853 44.9625759912 44.5323569261 45.1187320124 44.5167095644 44.7384351919 44.5271849137 44.5425051721 45.1475008786 44.8903759618 44.7657055402 44.7538244317 45.1229835093 44.752085293 44.6095635814 44.696091863 44.6622642317 45.0135726122 44.9562508344 44.5980655766 44.5193327872 45.1135146748 45.1791223574 45.0664998729 44.9125159551 45.069158501 44.7506812565 44.5829547767 45.1434577853 45.113385615 44.6358171822 44.5502091796 44.6202530563 44.8134091262 45.1695445161 44.7197509039 44.8748146741 44.5087211121 44.8669613911 44.9686985809 44.7355940965 44.5656313706 45.0415182486 45.1640311001 45.1896412015 44.9206958611 44.6283454492 44.9974752122 44.9172894595 44.762025145 44.8100879289 44.9456306399 44.5869989964 44.973434962
44.727474652 44.8851282131 45.127215975 44.7756452951 45.1979768434 44.8537680405 44.5042010719 44.6083408505 45.1085068298 45.0983762392 44.6575279995 44.793810145 44.8350416265 45.0856722995 45.0034834781 44.952202961 44.9565683467 44.9883420598 45.084260619 44.7995826003 44.6202518302 45.0356796853 44.5734499296 45.1863249615 44.7505599006 45.1026012419 45.0937412006 45.1855238584 45.1356065079 45.0950628662 44.9504915214 45.0748792405 45.0586128012 44.6041750635 45.1590286851 44.6742345719 44.525920377 44.7356704998 44.502761072 44.8139250025 44.9834850406 44.7049055619 45.1467777368 44.7615649225 44.5491821488 44.880906926 44.5837396431 44.7330889297 44.8265347904 44.5463743127 45.1690728782 44.7510209285 44.9085672377 45.050237167 44.9221399788 45.0127070839 44.9511898388
45.0998209061 44.5056910264 45.0809409954 45.1432067506 44.914146749 45.0730713102 45.0533952829 44.6818425566 44.9692303211 44.7317790219 45.2055399711 45.1285009038 45.1092673543 44.6339766309 45.0557530728 45.0202278405 44.7033994347 44.8571623817 44.5716605363 45.1635873645 44.6137474001 44.5936422786 44.5403147012 44.9109948307 44.8585151862 45.1614013692 45.016032629 45.0107380043 45.0074699075 44.6872646859 44.990652677 44.7378849096 44.5087287996 44.6685485406 44.7657275923 44.9517570589 45.1678745079 45.1992719723 44.6351424158 45.1901036054 45.0249405347 45.13879494 44.7917878385 44.7965462147 44.9364538807 45.05308878 44.7435081569 44.9164093433 44.5472208524 45.1408960454 44.8788149759 44.9999914538 44.6541168961 44.9448268069 44.7575649461 44.9571115305 44.980707891
45.0359041635 45.0379088152 44.6667077935 44.9733399368 44.5173569716 44.6179964007 44.6826351912 45.1061746884 44.7069652933 44.9900589832 44.5750837602 45.2056029276 45.0274974821 44.9728201835 44.8954100702 44.8056207555 44.7266459323 45.1195083115 44.6058366554 45.032594132 45.1334324775 44.7786240801 44.8200807402 44.6644557614 45.0212749404 44.906982408 44.9164386692 44.7782529396 45.151419791 45.0095147524 44.9016787919 44.7875067979 44.8883983178 44.7903217688 44.9802368082 44.8145163362 44.5661484283 45.168322883 44.5612194329 44.6642027702 44.6753619219 44.6564615638 45.0301818272 44.5656001367 44.746298131 45.0527246669 45.0294319317 44.649584429 45.1643855721 44.7302555048 45.1772994014 45.0220927025 45.1454833986 44.7090711975 45.0682592208 45.0826738721 44.5589374542
45.174980149 45.1529004878 44.6045194396 44.7935225129 45.1936349658 44.919301217 44.9269245186 44.9647313497 44.7351408664 44.9678734898 44.6342965694 45.0946484108 44.5661626991 44.6058243992 44.5754178181 45.102157684 44.9965378539 45.0556820613 45.1200101662 44.6121761353 44.9081498875 44.9571782753 44.9041605579 45.0436634387 44.9941335502 44.6867202927 44.8193448938 44.6352805884 45.0247352833 44.5518716314 45.1055840269 44.794082696 45.0142896024 45.0917893031 45.126118298 44.5153210963 44.9213114973 44.8886873605 44.8389189203 44.7223939818 45.0181761745 44.9408875888 44.9080611658 44.6316560325 44.9853246783 44.6062238586 45.0016212537 44.5275503469 44.9452322166 45.1208701361 45.1575571356 44.52244347 44.9468049684 45.068279612 44.9308905614 44.8449264416 44.7814007256
45.0278586018 44.5679009161 44.5410170096 44.5674985808 44.5640231324 44.9148992082 44.9123270026 44.5889039558 44.6896761493 44.8036834926 44.7777114063 44.5732304591 44.8569834261 45.1532106168 44.5535451283 44.6367582959 44.8221276134 44.8349937111 44.8376761788 45.0018219847 44.9693568362 44.8777021576 44.6091519921 44.9537716227 44.87116722 44.8281023756 44.5364130811 44.8858396136 44.9693414242 44.633203686 44.8694529205 44.7400142088 44.915356528 44.7850457306 44.9445126525 45.1594857056 45.1780244395 44.7658820361 44.5310565355 44.8299887632 44.5101835356 44.9563474098 44.5651578808 45.1441580718 45.0560569052 44.5172274695 44.5803868175 44.720502846 44.5029329334 44.5405178316 45.0435753171 44.5318438692 44.5309160792 44.6571501457 44.9051048531 44.792395584 44.515581859
44.6163196887 44.7336584561 45.0516896102 44.6558668843 44.644955498 44.885794556 45.0212619264 44.8091067595 44.8720809772 44.6076728379 44.765547719 44.680462024 45.0216843945 45.074684163 44.575692589 44.6274348486 44.626295507 45.1016337548 44.6655146869 45.1925476527 45.028281755 45.1328098383 44.7541470817 44.6937568001 44.606029862 44.5975002689 45.0817633383 44.948444979 44.8088759226 44.552197607 44.8167760734 44.5922615791 45.194772625 44.6033578928 44.7959516128 45.0614048358 44.7669603999 45.0140703566 44.5035609301 44.866782922 45.0472074249 44.6987435081 45.006034249 44.7840717898 45.0215163909 45.0826341766 44.8658766767 44.9300742778 44.884306056 44.8392357198 44.8631529348 44.8083265808 44.5337499866 44.9241899042 44.8837307846 44.6716603599 44.7956530805
44.5752475222 45.0005079097 45.1662609165 44.7967027879 44.8907815971 44.8257420066 44.5124290635 45.1455739201 44.7139150629 44.6890078312 45.1524290711 44.5873253193 44.6886189869 45.140170257 44.9898945827 45.1925645302 45.2047668787 44.8602011062 45.1422050491 45.0183243816 44.9788851244 44.9234302368 44.6495514469 44.676626556 44.9934776507 45.1001731296 45.1820266499 44.8856729467 44.8991965438 45.0936942073 45.0161910088 44.9157223587 44.9197711996 45.1939408911 45.0347405041 44.7815458003 44.5253867521 45.1494758312 45.1424458292 44.8366227765 44.8720301099 44.6117409615 44.9380002867 44.6083079059 45.1806689762 45.1177807839 44.8893556852 45.1156361038 44.6021506912 45.0708337132 45.1100924487 44.5846533571 44.6604417953 44.9739753385 44.9043922489 44.9896082302 44.9523420787
44.6478534584 45.1507675516 45.1135604671 44.5543106856 44.7839955014 44.681221876 44.6525632177 44.8644968798 71.8792362775 66.7931383849 59.396480801 45.1690301688 44.5609710216 45.0453923274 44.5953983082 45.0388365399 44.7830444659 44.6026823984 45.1381773306 45.2012145168 44.794188421 44.9073110131 44.8184854679 44.5899733766 44.5624757918 45.1767776864 44.5433684706 45.0287442293 44.8133928168 44.6820942582 44.8629113504 44.7067296373 44.8123694751 44.6404766808 44.9468125028 45.1850174955 44.8930870881 44.8292197339 45.114959328 44.8678939149 44.5738550633 44.806876147 44.7988947134 44.834526825 44.6428479895 45.1853297236 44.802296521 44.7417639591 45.1690185763 44.9449920274 44.6620945791 45.188413038 44.8484803376 45.0987016633 44.5553187576 45.1418596111 44.6959991448
0 45.0753278794 45.0058339142 45.0818766367 44.7676833357 45.0954659791 44.867559178 44.6168458327 62.8159590053 64.1812700632 71.1440367354 44.9061453245 44.836558243 44.6218407602 44.6405713597 44.5649638737 44.8347160076 45.1502705656 44.8663364185 44.8358030399 44.5230817164 45.0360780338 44.9153073919 44.7393021094 44.8091570169 44.9766785474 44.9074287088 44.6866443362 44.7036322072 44.7013236805 44.8408518171 44.5993276819 44.8256787423 45.1179259238 45.0355470943 44.8484265193 45.091820489 44.9672983585 44.7712630156 44.7546746474 44.50678228 44.8348379521 44.6966104663 44.9425750035 45.0423360397 44.8502036383 45.1985114365 44.6457153279 45.0370209643 44.768547615 44.7424934118 44.5460051625 44.5850050031 44.8897513332 44.996185378 45.1660815504 44.9249899794
0 0 0 0 45.0174532339 44.6620890865 44.6948917316 45.1098608863 63.8739435411 61.9373767442 63.2182073161 44.8790338749 44.5763704212 44.999474282 44.5030938244 45.0961475671 45.1013809766 45.1043207763 45.0447396024 44.7168262155 44.8615735344 45.0885252538 45.1607546042 44.6536049088 44.9179362475 45.1603201964 44.7038844814 44.5123839599 45.001472991 44.7918314753 45.1806291844 45.009531514 45.1242592268 44.6381428774 44.6540845857 45.193268475 44.9411334991 44.9465623337 44.9495573459 44.5654930638 44.6876359227 44.5034453157 44.6451275336 44.5122646826 45.0284478983 44.8198004371 45.0274257739 45.1115137256 44.6633619325 45.1977421014 44.7377066865 44.7518367893 44.5247571109 45.0821906113 44.5947357382 44.5125570868 45.087553097
0 0 0 0 0 0 44.7925755207 44.9804143016 44.6257846698 44.7871715035 44.6895591611 44.9676436561 44.7831277327 45.1738728387 45.0333188066 45.0474596433 44.5700336459 44.7965708606 44.8707566306 45.1234789442 44.6344842655 44.8938035694 44.8414543343 44.7649093192 44.9351770336 44.5269192735 44.8850302006 44.7493826745 45.0338971215 44.6005725269 44.7560279312 44.6036210836 44.5766698587 44.791809085 44.9395281729 45.1045626694 44.5418950984 44.9513370286 44.9691972893 45.1490551954 44.8162456346 45.0659610115 45.1604459891 44.8914272186 44.7772911736 44.9406210725 44.7469380089 45.0736225207 45.1918112199 44.768990955 44.7344955617 44.8367601646 44.9021849191 44.9086633173 45.0267525199 44.9180714153 45.0215123336
0 0 0 0 0 0 0 0 0 44.6438018407 44.7800185664 44.5654749733 44.9461292482 45.091759393 0 0 44.8182290824 45.1616536919 45.1055219761 45.0010404856 44.8133823376 45.0686152608 44.7123840495 44.8704257767 44.8530407541 45.0431480943 44.8317473542 44.9953935429 44.7411000669 44.9313906934 44.8566989686 45.1881214945 44.843628067 44.7884660974 45.1810270455 44.8427019552 44.9818462077 44.6767586122 44.937119652 44.8456315964 44.7490715439 45.0045063067 44.5007729195 45.0157849241 45.2013868954 45.1575412344 45.1365571541 44.7455679148 45.0106446811 45.1111626815 44.7255994011 45.1385935812 44.8807605121 44.5648954171 45.1307762305 44.8153903422 45.1905681031
0 0 0 0 0 0 0 0 0 0 0 0 0 0 0 0 44.9574788013 45.0400153643 45.0027443519 45.1083353633 45.0236322899 44.8095915506 44.8972991037 44.7841078572 44.9473986011 44.8028248823 44.6488909693 45.1053995705 44.6893196726 44.9909592617 44.7652452435 45.1194518876 44.8913607725 44.8772790497 45.1225908706 44.7101678667 44.6097374554 44.8116891164 44.9496927804 45.1718154952 45.0514214727 44.8588662597 45.1040370711 44.6244694128 44.8585158306 45.1901409829 44.8101794702 45.0434654322 44.5459270906 45.1462063834 44.637504257 45.07378417 44.7547545153 44.6024913901 44.8265481876 45.0344920066 44.7981623221
