Spatial_Output/DEC/DEC_0745.asc
NCOLS 155
NROWS 192
XLLCORNER 196307.867259
YLLCORNER 449144.565805
CELLSIZE 33.573938
NODATA_VALUE NaN
[rows 52 to 77 of 192, columns 57 to 113 of 155]
26.9412127208 25.5199187801 25.8632289352 27.0751351848 26.7607669743 23.3807226639 25.3980672203 26.2344860898 26.4700746672 26.5784861991 24.7456176794 26.494594402 23.1793508438 23.6585331302 24.2429769556 24.2148866232 25.4071339659 27.1017565706 24.5941418735 24.6030315144 25.2790979811 23.7621416843 23.4562601871 26.4082575618 23.3231235974 25.1111183051 24.3434022883 25.8867310559 24.1490695768 27.0859062833 26.6992005574 23.0849222077 26.9183177914 25.3415997329 23.2940122747 26.6814688423 24.757290925 26.8919388632 26.4164454107 25.5899701177 26.3722994481 25.51895053 24.4056315701 24.3709964641 26.4610354259 27.1827959397 23.0018751075 24.3314930842 25.3237469428 25.3850133223 26.2440565467 23.0664008809 25.5138563117 23.7232811816 24.2275370429 25.1731417057 25.5121619719
24.249312558 25.1430669657 24.7328597196 23.4638960169 25.0954867984 26.4210754881 26.0628183167 25.4693429298 26.8678242173 24.4154512416 27.066259631 23.9939330906 25.1615110872 24.6528438201 27.0809739239 23.3189971809 23.1049499826 25.0992119793 24.9428613631 24.199703191 25.0073697848 25.983741949 26.2605705209 23.2344985906 23.7051601689 26.1953476275 26.4734037018 23.9620861496 25.5013756548 25.5430486256 23.7284916219 25.5883771492 25.2343102471 25.8722104735 26.3128728416 23.191400138 25.8230271457 25.8134813167 24.9411172591 25.262311338 24.8107714693 23.0259785817 26.3503554168 24.381803072 23.486467591 27.0449761561 23.9375867634 26.2631748028 23.3444572705 26.9788535359 26.5816613539 26.0028133982 26.7388376145 26.349376854 25.2111218884 25.4050772181 25.1050064618
23.1119129603 26.6755224115 24.8892837159 24.4180664829 25.0293413743 25.6611693194 24.5405903129 26.404383661 27.159176535 26.4776666484 23.4674435258 24.5595259158 25.3703407774 25.9037406979 24.8472872975 24.8108955576 24.4495185203 24.2239036773 23.517664803 23.1056380272 27.0065967138 25.9342863956 25.7216845658 23.4928514047 26.7630237594 24.3537045026 26.6233893012 23.607892236 24.2617549987 23.9190276867 25.7396700211 24.1555810609 26.1778512353 25.7552840832 23.0649882229 25.1698198131 23.845809021 25.7202736799 25.8643996293 25.6181078226 27.0286357349 25.2539820506 25.1711392126 23.7311491041 26.0051659382 23.0901746529 25.6650924008 26.747697142 24.7355871598 26.2436664337 26.568494105 25.0462476284 26.1822410463 27.0105965045 27.1588664644 24.3975034956 67.1466583129
23.5325670686 24.7595195699 26.2472868944 24.8182949817 26.0403463803 25.0849902122 25.5663261366 24.9583664736 23.0244963273 26.1534484276 24.3903909062 24.6013256896 24.8066803311 25.9927579241 26.1198280881 24.783167162 26.6174278862 26.1842182159 26.6948470538 23.1880289998 23.0754286988 26.1774777099 25.9286905616 27.166500419 23.2999355705 25.9865075219 26.517264385 26.0354087549 23.018172354 25.8349308768 24.7101055924 24.046356175 23.0668232526 24.4835311206 25.9551545558 23.5455784899 25.0408534776 23.9091440796 24.127920546 25.3994304093 24.26078288 24.2857683261 25.5958934733 25.2125117684 26.0248867241 26.8840723186 23.7075959577 23.882189783 24.1599308197 23.167574947 23.5683644754 26.1059678695 24.4378399226 26.5783167423 23.2453398699 27.1247482476 26.7467612757
25.4460026923 25.0508228265 27.0114122257 25.2722594208 24.4687232023 24.7108195333 25.0184668822 26.1790687556 23.4168779888 23.935025325 25.4338009233 27.0217142626 23.1746770902 23.4597521952 24.3824282952 24.9214337261 23.2241192488 23.1920074244 24.0357491024 24.0203992489 25.0437670767 27.0592613767 23.6373060582 23.5630300416 25.1109612208 25.8960538305 25.1884532036 25.8961019253 25.1270088503 24.5732648491 25.5144671629 26.7126622038 24.2607811873 23.5700549425 26.077352788 26.5397696716 26.5435218765 25.0585930275 25.5470360402 26.6631534102 24.742105574 25.0438187124 23.3523061664 23.6268297645 25.976218335 26.2655352642 25.2913083979 24.0734179223 24.8759811044 23.1542440318 23.0130319482 24.1407420403 23.6898603844 23.0954435375 23.3631729187 23.0037289644 26.1110648603
25.8991886857 25.9690809643 24.9159991236 23.1755850879 25.1685342102 27.1318043111 24.5678441996 25.1626493252 26.2775314651 24.1315518809 24.6893824234 27.0813635798 25.5156448018 24.1360241271 24.2291839356 26.3698772807 25.7356884448 25.9840387039 24.4791576588 27.0655608843 23.0937690545 26.1177795376 24.8899729726 25.6053058523 25.848955484 27.094952745 23.7434238409 24.0260300262 23.7286471531 27.1242557539 24.0060832411 25.0624610938 24.3039745761 24.4017893458 23.9434352274 26.3800478855 26.6191676576 27.1831712023 26.9112804416 25.1439413787 23.1683480723 25.1442653273 26.0956470919 23.5876483697 23.7770821925 27.1386418371 25.0583804895 25.1717565994 25.6735295269 25.8261578532 27.0850655871 25.61750596 26.1774274831 26.0301269076 24.7485072143 25.9189530316 24.4429409281
26.4834857201 24.5201531381 26.9255032632 25.0089003892 24.7729428787 23.3288007858 23.4763146362 23.4358737696 23.1621105327 24.3517053671 26.0261321005 26.6442669625 23.2861311983 26.6661325159 25.0357737818 25.127531116 23.0890592248 23.3577796781 23.5897917197 25.5829503127 26.6092779722 25.4724081432 25.8427301588 23.4120925087 24.4013319694 26.6699567503 26.4474809098 23.2200891703 26.5515593326 25.3829253834 25.2983379606 26.9457396356 26.9023743842 23.3748260131 23.7232496031 24.7979961299 24.045465864 25.1142322352 26.2744490117 26.3988535693 26.55667486 26.3962973541 25.5716116636 23.6324165867 26.4573184968 23.436708163 23.9114342913 23.7786002211 26.1426189439 27.0014649038 25.8619542167 25.7431677569 24.3065717872 23.0675292294 24.7872945012 23.8918269459 23.1768243612
26.0503518119 23.5489938268 26.6563630676 24.8342312249 25.6384675813 23.1329414815 24.6079301971 25.455650861 27.18152875 24.5244399389 24.6881538563 25.1259031245 27.0934324587 27.2254621718 27.09695589 25.757600119 26.4184031834 25.0202571568 26.3684618981 23.4731205571 25.5541749161 27.1929628431 23.453436433 24.4348854135 24.1209856376 26.7221398458 24.401697509 27.1765653635 24.4843495635 25.2227176279 26.0103280392 23.1249103198 24.8259636307 26.5242278418 26.0136601204 23.2494981848 23.0149992983 24.397077705 24.318190115 24.610225379 26.2643087527 23.2313684209 25.5578471841 25.9466780096 23.5588767618 23.6574639105 25.3673625782 25.9716204019 23.7505108577 26.994420457 24.5298809316 24.6983663974 23.0296364754 26.4210793221 24.9488403265 27.0491840451 25.0902319926
25.5447425868 23.2919741822 26.9405269876 24.6659128319 26.9574119548 23.9930698264 23.0125662802 25.2470958448 25.3328152881 23.6865933591 27.1949071941 26.7183110255 26.7667773164 25.3119928088 26.3273660556 25.1215020178 27.1412928881 26.3764461972 23.6088022129 26.1314099062 26.389099845 26.352712881 23.015308638 25.0705242566 26.3212196317 26.0451054546 26.1724566926 24.3690358258 26.0381798161 25.2169889475 25.5018631907 24.6039356338 26.719876141 25.2124905444 26.6758465281 24.4553178435 23.8917857287 25.6948131627 23.3242231383 26.5747952351 27.0646641949 24.0377917314 23.6143599725 24.9233660251 25.2651595955 26.7929414067 25.7212728159 25.1386535287 26.6305903799 26.0989782612 24.1320485787 26.8083436375 25.5917465027 25.5463968352 23.555577299 24.3084822486 25.2731505255
23.3259602277 24.0119972747 26.2956534595 23.5743856527 24.1844302905 23.9765939809 25.5693684566 23.9635368878 27.0427282327 26.0175922798 26.9095475193 26.5272064431 25.2350032388 23.549610841 23.2391792133 26.9159833526 25.5315636241 23.7447354663 23.6665471926 26.2532715896 23.7169576744 25.2411094264 26.1529052806 26.8876540828 25.5934459881 26.6113433278 25.5682718607 25.8148777099 26.1664684192 23.2193752155 24.3485935896 24.4581151572 24.9289179447 23.6046771861 25.1285409505 24.9414244296 25.0675456124 23.475785006 25.1753676911 23.6022495426 23.7361840373 26.964997932 24.9656081047 25.1941231982 24.2249316399 23.0291923838 25.6601910643 24.8546459094 25.4411163242 24.1685389447 23.8076059352 25.8186759351 26.3053344619 23.3544803674 24.4970678843 27.019921423 24.9050578683
27.2105410386 25.3580964799 25.564498525 26.7608354335 26.6587923643 24.6593474211 27.1024201588 25.6178197759 23.7688979537 26.2225930066 26.2041560102 25.6024202023 23.7575644383 26.9036206379 25.7152979285 23.5805872938 23.6880880264 26.8112913468 24.7207709359 23.7508928719 26.2603937627 26.6177242063 23.567060021 25.1525253585 25.9217824411 26.1529009255 25.1105268526 23.9994743218 27.0188407928 23.532402847 25.1130183917 25.3995081547 25.8522639609 26.7293033263 25.9854554508 25.9847072802 23.3689989539 24.0985000299 26.2237998793 27.0602070627 26.3565447215 24.9003364967 26.4841569149 24.4259810963 26.0840383803 24.8769109586 24.6827404626 26.5178554352 24.9339855858 25.8425266678 24.9832222318 24.5635230948 25.4367853942 24.2560769436 24.1448805266 23.7454913694 24.7922397173
25.7144760767 23.6608465047 25.3602224683 24.5563725777 23.9919907658 23.860871695 25.9486751578 25.6791241042 25.69469022 23.6282283883 25.7080714541 23.7523233254 23.1301626879 24.9776994443 26.2492769367 24.7227815686 25.2046211852 24.4643440165 27.1433339531 26.5352877677 23.2318293509 26.5131975936 23.8985786854 23.2496962537 23.784447936 23.2921788367 27.1564887528 23.3523393126 26.8080122278 23.3474061356 26.7024678088 24.4658349649 23.2229883468 26.2812853667 26.8165075829 25.9953865588 25.3992362733 24.1696195232 25.5183768978 23.0013250833 25.8583675781 27.1592861384 26.4940181308 25.2824532974 25.570649091 24.737777619 25.2477371574 25.9476708089 26.2614538702 25.1339970424 26.1225922472 25.9442835752 26.9903052956 23.1414617068 25.3961504019 25.3227243874 24.7026523289
23.664041583 23.1437844437 25.4858028186 24.8074300698 26.1248299278 23.1247517031 24.9658574724 23.8946409101 23.2088426722 24.112934274 27.2387633053 26.4427132447 24.3982504388 27.0634287913 24.2243885586 26.903433939 24.6399113145 24.8082803179 23.7220321403 26.215248084 24.7308626347 24.0677601503 23.8804530292 25.2376662551 23.0888046419 24.2350140313 26.2946884858 23.0564614265 26.2188711156 23.6937794127 25.4769579267 26.6779424078 25.0332325015 23.4462494646 25.3725519605 27.0536599359 26.719889926 27.0785143628 24.9709043345 25.7965817171 26.6892470647 24.7856807933 26.2594934442 37.8070500755 37.8070500755 24.854893153 23.862991965 26.4446706261 23.7948490489 23.8357786082 25.2722604115 23.7483781456 24.7257298895 24.8092941084 24.4025868226 27.2318976051 26.1975256433
27.1433171016 26.3884919181 26.1323378378 24.1971141193 23.713445859 23.2298100624 24.6217085921 24.7464855508 25.7518359985 23.9772071434 25.9448733234 23.8105588833 27.041740229 27.1388962209 23.6140972157 23.5185661017 26.9395058229 24.8060774495 26.8066331076 23.8584951476 26.9011900509 27.0751204882 23.2005828396 23.0427900026 25.3520673329 23.0889208134 27.1729811986 25.029707642 26.2992538189 24.9814681765 24.0745144984 26.5745140919 25.7505382608 23.0636042993 23.0848764953 25.4256124794 26.3449801481 27.1687678427 25.8824881697 27.0660340318 26.4806988408 27.1260521131 37.8070500755 37.8070500755 37.8070500755 25.4277982438 23.2683037173 26.9787958295 25.1314305187 26.3049144042 26.7375286163 26.5619071214 26.6360185482 26.109491355 23.7552214198 24.3254815981 23.4635717592
23.4437541449 23.6872628133 23.4371852191 26.0754677075 26.7429851201 23.893277371 26.5382120753 23.838411594 24.2351965459 26.695553305 27.0881011387 24.6852142589 25.5095131386 23.516122868 24.4962776338 24.840311668 26.9532319252 24.8235964455 23.3809997043 24.9657927019 25.88253541 24.7071446629 25.553550171 24.387910853 23.411529307 26.0484043941 24.5692269875 26.2588424938 24.0429435468 23.4893708387 24.5326335361 23.7535062672 26.0789310956 23.6551930388 23.3167822844 23.7476749574 26.8421974664 25.6967209373 23.5339066837 25.1769597997 24.1901065384 23.0598381471 24.9076028097 23.3317777537 23.3664160999 25.0769068334 26.6830977306 24.5393406953 25.6271939604 23.6781777836 25.4643509486 23.7053576202 24.5776683794 25.8409282512 25.5561075531 24.8706941526 24.0790966706
25.7213952157 24.4768673261 26.791052833 26.8175841277 26.690213073 26.8969472592 23.029833368 26.1966921841 25.213771013 23.9752397108 23.9828507973 26.774649355 24.5739882133 50.2084980883 50.2084980883 25.5877327252 27.1716856508 26.0517231931 26.1819997079 23.1022874366 24.2475035658 23.8193161315 25.7445604713 24.4540537566 26.1846798049 26.9917727607 26.016716553 24.6223725455 24.0878589688 26.0882730419 26.722231428 25.4847466896 23.5796468359 23.8248461893 23.7037270322 24.4195813695 23.8432302139 26.2135116075 25.4197383057 25.0659102003 25.1792930193 25.097395689 24.9752548335 25.3538249083 25.5927567054 26.2636359516 24.4458086085 25.419388815 25.1992398704 23.3732573833 24.7855803769 23.5392182071 27.2363065618 23.1512711941 24.6434826875 26.5216093503 25.9484787756
25.8638954916 24.0007734838 26.8171261112 26.1275227874 25.0463910168 24.4173481018 25.3437711656 26.6819330065 24.1605847004 23.6219901927 25.1012297677 25.3076712932 26.60432732 50.2084980883 50.2084980883 26.7909931275 26.737036124 23.5987782136 24.3792424315 24.8507355629 24.9612407402 25.2542092644 25.5087050467 26.4509403631 23.4213705685 23.0740699029 26.9008529506 27.2040577035 26.2464816376 24.3702061106 26.2147008308 25.8815048838 25.6007849661 26.9169618408 24.591224438 24.0904526508 24.5751320101 23.6296412186 23.1189556237 24.9686719094 25.4114485008 26.7479020225 25.054559343 24.318156469 49.9023860955 25.305185262 24.4108617854 27.2086413176 26.4936980631 24.5458860769 26.9582155645 25.4970928407 24.5517647114 26.8448314761 23.9443672001 24.9091013284 26.8958452123
25.3852843826 26.1720479088 26.6586669397 26.641740256 24.5900116464 24.8660462846 24.1683563638 24.7720235225 23.3978231256 26.0229042694 23.2986540106 26.08858081 24.8681450495 26.7807658408 50.2084980883 25.6784748681 26.4094668265 25.8328048091 27.0647232864 24.519050006 25.5880457983 23.6468324005 26.9857401024 23.8326882479 23.5251122123 27.0092592372 23.6981548084 23.328598359 23.2007205234 23.5380510407 26.4255678625 26.7161871653 25.9061927267 27.1291376241 24.2191651579 23.5358411867 25.4866321324 26.0712152031 23.4147693529 26.9362625118 24.9954851238 25.3135315075 26.8095543868 49.9023860955 49.9023860955 23.7042202682 25.2199429234 24.2609589837 27.2078614167 24.520712166 26.2140391269 24.1829543221 26.472150227 25.049186626 24.7923965213 25.3247207147 26.0434286021
23.3680534684 25.1433904023 24.328890023 26.2152876536 24.3572832258 26.7201866315 23.4047477221 24.5273870461 25.0134877537 23.705585441 23.2549187597 23.1651891847 23.5839782045 25.7107096372 26.3250393218 26.3534075797 25.1712725373 24.8955157779 25.1482474424 26.8232075645 23.0793153894 27.1135484586 23.2231170438 23.0515508808 23.0978423915 23.4142240774 23.8895275037 27.1490416892 24.1523119372 24.9326701453 26.336576372 24.2611858467 25.4175539132 26.4945780612 24.9863286255 24.0354549853 23.6400680204 25.29742171 26.1882342632 23.810205701 23.9399623893 26.4622059745 25.7294128134 23.9964444404 49.9023860955 50.8094558658 23.2288409726 24.762580049 24.0395661579 24.5987659057 25.0547985823 23.3184821037 24.0810982613 26.549867332 25.7449649307 26.9315994499 23.0945545963
24.4898247216 24.5780601085 26.5096210665 25.6097650994 25.6791136392 26.9995309441 25.6703387231 25.1793997951 23.3681809518 24.4719640925 23.1289037773 23.7598886688 23.6261365941 26.9487915987 24.3297783368 25.686670335 25.9998687793 25.4074930396 23.4257740284 23.1069864044 25.6725812898 25.8376293075 23.234949481 24.0408081279 24.2166344665 25.45239355 26.2186186128 23.2433095354 23.7565486832 26.8911618535 24.8157470289 23.4895579061 24.1347276545 26.4210812375 26.910325004 24.0182928081 24.0369775361 26.1839614824 25.1273283593 26.7638159106 24.9306274732 23.1851715846 26.9071297302 50.8094558658 50.8094558658 25.1414822276 25.1726918618 23.6980054347 24.2463678291 25.0200274001 24.5050556305 25.1962495034 24.166439234 23.6103374462 25.674736826 24.838999218 25.363126762
26.7112419847 23.9091236477 24.811515309 23.0868631391 23.6951517852 23.3761553157 26.7413631475 24.7124577361 25.3526411234 23.7780876774 24.0355808508 25.7424911338 25.8300135223 27.062392645 23.6109223701 27.0825953787 25.692783674 24.2527430574 26.77373157 24.7354642139 26.5070534842 25.5197559275 25.0083759047 24.586148127 26.3301211237 23.8950868312 25.7732618591 26.0257192189 24.1292494652 24.8689679596 27.069181786 24.5856229339 24.6503580515 24.802201943 27.1576254922 26.0561283956 25.0626515896 26.2784910454 25.7354121137 24.2252869978 24.0251319843 25.3069754684 23.6080170571 25.9275858463 50.8094558658 25.9229855392 23.1615678629 26.5772947468 26.3207841093 23.9811742782 23.05178632 24.2180442762 26.2235477012 26.2003435539 24.5907855075 24.7282943615 26.8712504228
27.0801583685 23.5964638903 24.5210911363 25.8682155286 23.3984633645 26.4245737705 26.2496466078 24.579778913 25.3237814808 23.1468821036 24.5127853417 23.1644078663 23.3428721477 26.9315865821 23.8913494494 26.7744124015 26.6571255881 26.8517322508 26.863794487 23.9333195678 24.0573835649 26.5595328171 25.819794321 27.2318171026 25.2971919605 23.2313451723 23.4525945245 24.3699881264 26.303137771 26.0055845331 23.4143344866 26.2030345881 26.1157561135 24.0582257749 24.0474365565 23.895512978 25.132613854 25.7642311393 26.3971862311 23.7145203279 26.2165651506 23.6059201074 23.9625326622 23.1503080779 24.3715540886 23.1488751441 25.9298020321 25.1790828625 23.3181370627 25.4842371555 24.2717533003 25.6348590422 24.2194028126 23.2814198618 23.2108905646 25.9535125343 26.0699565281
26.4680179393 24.0219496691 25.9614219166 27.2037533592 26.6739705187 23.5954880911 26.5661983181 23.5502643659 23.3434735152 23.1656472299 25.6886204066 25.3766457321 25.5884406034 23.2690793924 25.4024299293 25.6170811085 25.3074188948 23.7708204212 25.6337704117 27.1199371198 23.3396210757 24.170565672 26.6006466707 27.1918144931 25.1427233822 24.1660759825 23.9280101515 25.456220675 24.1280293481 26.1670989239 23.6828837108 24.4075201465 23.6721701814 24.0789990295 23.9769887084 25.3055273916 24.4505444379 27.1391524061 25.815730538 24.4605764729 26.2641859889 26.7106536352 23.4593067132 25.2777521209 24.4220878398 26.5606351836 24.6077656169 26.7687329952 26.9436038196 26.2781735006 25.4539716471 23.0830013735 25.553258703 25.7278052221 23.5628429909 23.3666631394 24.0543101003
23.8900263766 25.0543083973 23.3090469847 24.1576861867 25.4871272347 23.2035714191 23.8192669188 24.8661780646 23.5819097788 23.3836998379 26.3155443645 26.83299748 24.5182310126 23.9097961215 24.5827657696 26.8073403138 24.9816526916 42.1667329562 25.4632800571 27.170972139 24.378586167 25.7806309157 24.9947134761 25.7471842757 26.1617797077 24.0589942969 26.8860355452 24.4275635024 27.2148621943 24.3403542733 24.7766617535 24.9824985343 25.0006229663 23.4856033069 26.8716549635 24.5878628131 23.2304417148 23.1277921346 23.8280266721 23.1002455039 26.1156302292 23.1776777976 27.1296291267 26.7090028263 25.4999483237 27.1769350949 23.1983175019 23.7626290426 25.5290940354 23.242274093 23.8321178469 24.4143432532 24.7115841144 27.018459025 26.4985171868 25.5850571833 26.2116916285
23.2322818857 23.1317412642 23.5645675976 26.4204593273 23.7366604634 24.0473204078 23.7420499606 26.110905208 24.7632872612 24.645874977 25.9896499481 24.075041489 23.5622676539 23.777964086 25.7960696769 24.0088117272 23.0337246204 42.1667329562 24.0310970812 23.7176275431 23.7864289375 23.329032079 23.2481250968 24.3268786084 26.9601471137 26.9796535338 23.0987828192 25.5384546179 25.2019031625 25.9981330488 23.7638645383 23.1820236919 26.7813200935 25.5853811282 23.3316410373 26.6036273132 24.4791874119 26.1921540365 27.0545903393 24.0662630813 27.0571009788 24.8918278431 24.9666588155 25.2191735912 27.1382932392 25.8523380713 24.6038623916 25.6345104485 23.8642059909 26.7639180429 25.7254209603 24.2962141107 26.8837135099 24.7206962636 25.5814234232 25.5286416529 25.7889487438
25.1394328109 25.2032591423 25.1027019606 23.4873872843 24.2291887367 24.9175177559 23.6030823716 27.147023422 23.1326069078 24.981294368 24.4318680302 24.6801239333 24.897204639 26.604200513 23.7995644575 24.7260815256 25.1248576496 25.8910591802 24.5277104879 25.8432930255 26.3992310375 24.4086982804 26.2689958995 26.732842611 25.5362046885 27.1625888875 26.8909073542 25.1109539211 26.9069369158 24.4976485895 23.9265874644 23.6675816575 26.4853500203 25.2295166513 24.8989480793 25.857620461 27.1025227144 25.7350908923 26.4123360862 24.5624088555 23.3920200857 27.210254044 26.1246733274 26.786878997 26.4181909921 25.7527189895 23.6977337956 25.3037097381 26.6363341093 26.7651437585 26.5936694708 25.0343318691 26.6700698436 23.3024845471 24.0107336203 23.5772567663 26.4966617913
