Spatial_Output/DEC/DEC_0129.asc
NCOLS 155
NROWS 192
XLLCORNER 196307.867259
YLLCORNER 449144.565805
CELLSIZE 33.573938
NODATA_VALUE NaN
[rows 26 to 51 of 192, columns 57 to 113 of 155]
45.0537581205 44.8952408867 45.1188094051 45.1072929961 44.6661407112 44.76724361 44.5966816713 44.7730255532 44.5076195883 44.831279754 44.7836587331 44.8431421061 44.8890498091 45.0116328957 45.1179863819 45.1563611492 45.1373821964 45.1610474395 45.1136451371 44.5788658765 44.7218854066 44.6099480688 44.8059114047 44.9825758952 44.6957463024 44.5654421285 0 0 0 0 0 44.9629585142 45.0524760034 44.6379225799 45.1402298427 44.8701871833 0 0 0 0 44.9183674813 44.7882872542 44.5831610648 44.5793104047 45.0277347039 44.6990932782 44.5422172805 44.9653279552 44.7237702462 44.5923385112 44.7009751263 44.8417366397 45.0767576033 44.9462587394 44.687080292 44.8975699047 45.1746781155
44.600234756 44.6410125188 44.9518579665 44.6001678295 45.0367120327 44.5543672745 44.9167699127 44.6479163297 44.9531052709 45.0230736444 44.9278270581 45.154113582 44.7082516703 44.8165584036 45.0009714734 44.885714928 45.0717373665 44.71583882 44.751932918 44.5663367905 45.1020157386 44.6694172631 44.8515235531 44.9178925303 44.8220934443 44.7668617294 44.658923631 44.8357798012 44.9236294271 44.8158331591 44.7718365278 45.1834408267 44.8730198272 44.6214228547 44.8880023352 44.6658453158 45.1302574904 44.8535592351 0 45.1090236197 44.5375469113 45.0407205627 44.569902412 45.0430315124 44.9466629603 44.756185603 45.1643636579 44.6764249996 45.120997537 45.0216464406 45.0877683576 44.9177693688 44.6209175141 44.5277847058 44.7203995601 44.8160317512 44.7641538042
44.924867151 44.8517943256 44.8330536398 44.7303056784 44.9882783527 45.160604913 44.9119193603 44.9396503637 44.6726630288 45.1117311792 44.5558026669 44.6161294135 44.6615534142 44.8960001474 44.874300955 44.8159547239 44.6851679416 45.1711690086 44.81758916 45.1202694952 45.0360971901 44.7005769011 44.7672339721 44.9532596797 44.8334418097 44.877580432 45.0877161803 44.5958106174 44.897092196 44.8961819699 44.5818726176 44.5900695338 44.6385793334 44.7648120228 44.831830665 45.0412576383 44.7758763608 45.2026755509 44.520739422 45.1070020441 44.8209885943 44.7522638247 44.5849147328 44.571466338 44.8731635268 45.1925704263 44.8082228717 44.9849997158 45.1994989896 44.736370208 44.7365727903 45.111205242 45.1573584663 44.6451368052 45.0948714438 44.6261039181 44.9157178105
45.1486054046 45.0936362302 45.1492108262 44.5282375517 44.6201682342 45.1767571291 44.7893380125 45.1972305814 44.5321593522 44.8976658125 44.8448134489 45.0756849678 44.8842753525 44.9813851705 44.779432969 45.0912226815 44.9543437248 44.9168521381 44.9230831521 45.1435003444 44.5737323016 44.6693307225 44.6839534332 44.8878277315 44.6896488556 45.0452068584 45.0832747748 44.9363989241 44.6654239389 44.883327223 44.5904773993 44.8190098737 44.7951116052 45.121288635 44.6045969503 44.532408846 44.8222110577 44.510369654 44.6522940058 45.1805335164 45.2007368815 44.7827188998 44.9534966105 44.6549867634 44.7182911294 44.9745861607 44.7429337964 44.6967243046 44.885455332 44.6286339586 45.0842909842 44.8702701446 44.9571531234 44.655695713 44.6867901102 44.6898637838 45.0691352844
44.579839581 45.0428772798 44.575004909 44.9200984893 44.8858179162 44.9401621212 44.6081680051 44.5551207091 44.6376535284 44.6947769651 45.0801548546 44.7610637893 44.7481086177 44.6141103423 44.6119335221 45.0791453632 44.7655310585 44.6309702675 44.5744303787 44.6580938704 45.0539596642 44.8656570799 44.7504998515 44.5420860543 44.8647296872 44.6453031018 44.6782097113 45.0890309245 45.1143528377 45.0286165037 44.6683394154 44.6794977595 44.8299378371 44.8759958907 44.5352274423 44.9273287281 45.1686996538 45.0829255098 45.0203500151 44.6552006954 45.0393061644 44.5481482157 45.1758739821 44.7490272529 45.0902947944 44.5612486386 45.1220793499 45.074133502 44.9339849872 45.1049594919 45.0820556302 44.6424168305 44.5876682334 44.6780098228 44.9383031889 44.6758356388 45.1956517266
44.5770308619 44.897786881 44.9601876605 44.7930728812 44.5959806636 44.8225615578 44.5853817456 44.9101845131 44.9562751515 44.7766034845 44.9623058217 45.0748539684 45.1936594989 44.879066813 45.1793299624 44.5951035481 44.8684581009 44.6772034582 44.7518041927 45.0795146124 44.6623892665 44.8758502558 44.6594523771 44.8223865521 45.1412920715 44.9623672712 45.0954486647 45.1835108527 44.5992189993 45.0114257573 44.786670294 44.7068952155 44.9925994431 44.6529979581 44.6731455333 45.1866278414 45.15530258 44.830253386 45.1401350287 44.9080332036 44.5160769675 45.0246389079 44.6716184624 44.7112317769 44.9298026826 44.5903025176 44.6241474341 44.7359671933 44.7594110835 44.9688998399 44.6926194953 45.175772816 44.62114355 44.6489383279 44.8475196963 45.0351675656 45.102947951
44.6832251662 44.6940363702 44.9619943264 45.0056676165 44.8848133937 44.9022238052 44.9787671134 45.1357272578 44.8487883737 44.7869392362 45.1569114992 44.7267980705 45.0709339049 44.5651488958 45.1895209601 45.1838053003 45.0818925226 45.2037644832 44.9381924906 44.9185922817 44.9485367125 44.665721819 44.8303688552 44.6965518802 44.7011273398 44.6180501762 44.9149194585 45.1451434739 44.5620091286 44.5615135967 44.785105152 44.9958799867 45.178678866 44.5033855904 45.1955894276 45.0832521065 45.110868096 44.7401176881 44.8650605803 45.0636837074 44.6237063038 45.20338882 44.7865038268 45.1386024862 44.8023991807 44.8996723874 44.9202669555 44.7903572147 45.0875667581 44.7191115433 44.7031813696 44.5204582013 44.715225713 44.8772846792 44.5009717688 44.8829308323 44.5114889228
45.0747566537 45.1355794028 44.5207715563 44.868428414 44.8819091247 44.8605056449 44.6288082167 45.1979744593 44.5522598239 44.7976059896 44.7590435028 44.8805493779 45.1040384773 44.9008514287 44.8158710199 44.6886275884 44.5433653523 44.7051230972 45.0288459592 45.18895797 44.7720771503 45.067137204 44.8825334057 44.697886646 44.9142120491 44.5993908979 44.6858059424 45.0334962313 45.0593529115 45.0904786543 44.9607948351 45.1747582499 44.8896527211 45.1449111576 44.9666395774 44.6958397182 45.0840236512 44.8805923092 44.6191697894 44.5900994571 44.7642203169 45.0120065551 44.919264365 45.0238959256 44.7408119735 44.8345370714 44.6973607773 45.0909728346 44.6266643482 45.054496429 45.1045474673 45.1677835235 44.7894890768 44.7859179827 45.1065955914 44.5083742942 44.5942761618
45.006991766 44.9402103223 44.9016546361 44.8847723819 44.9913929656 45.196288098 45.0807598747 44.7783673859 45.0922470052 44.8457270223 44.967144699 44.6136470513 44.8872610467 45.1469451353 44.8363258792 45.1745395649 44.5433977049 44.8217675896 44.5072199238 44.5446832734 44.9548323219 44.6588863642 44.6948084391 44.7943120067 44.7346614463 45.1322665893 44.8748727882 45.1073347996 45.1839533573 45.0080338366 45.0806418291 44.5830142681 45.0681359623 44.7834518807 45.1926905586 44.9632801189 45.1538173672 45.1043476847 44.6154605054 44.7345370816 45.2047029531 44.6315805564 44.5417803499 44.9784205835 44.8052719399 45.0157565433 45.05718602 45.0443013047 45.0404629714 44.7441603091 45.1786319899 44.5255752665 44.5470640066 44.8643659892 45.0666715091 44.818505007 44.8801485644
44.5913154587 44.6121618753 44.6757909379 45.0729146157 44.6503135658 44.8744493037 44.7494123176 45.0374292873 45.0695892816 44.9223436521 45.1635762951 44.9903861535 45.2038757554 45.179998482 44.6223609175 44.7270527478 44.5434260181 44.5644456766 44.672698285 44.5963454002 45.0026466197 45.1539749204 44.6952316058 44.8663251627 44.6877743949 44.7486447516 44.9624923926 44.7063136562 44.6550138082 45.0858819639 45.1126618904 44.7307391777 44.9550933596 44.9642724209 44.8381488367 44.7423740107 44.688919719 44.5646204627 45.1492766285 44.8185391353 45.0683497037 44.6903157058 44.8744691126 44.9970940765 44.935033175 45.0912376869 44.5699879742 44.8186171325 44.7280936314 44.8714076931 44.9408795077 44.9880827538 44.6392152367 44.5835288565 44.7811825092 44.9368772044 45.0773012757
44.7346705314 45.0722329902 44.8970266894 44.8126435458 45.1698775925 44.6280754424 45.118179627 44.9164380264 45.0906739649 45.1004207342 44.5547004785 44.637418053 44.5975013593 44.6721012678 44.9734039725 44.8567221999 44.5746719561 45.1428441885 44.5231657347 45.0588980662 44.9494320679 45.0002629369 44.9266979675 44.6459092247 44.943309466 44.9033492185 44.7134279157 44.9863386428 44.5864407204 45.1117355735 44.8716301701 44.5429086336 44.7705330925 44.6087247952 45.1556334672 45.138980981 44.6971321435 44.6043921183 44.6380392213 44.6172546503 44.9534561933 45.0075551244 44.9116513295 44.8769695725 45.2037920416 44.9155447927 44.925586008 44.991396245 45.1266991058 44.5247166098 44.8305045496 44.7242079124 44.9547017112 44.7414825198 44.9519688719 45.1069410174 44.5790287567
44.8836595248 45.2020180434 44.6335316073 44.5760913511 44.7779106677 44.5939386694 44.5990983871 44.8295671653 44.7313619479 45.0335763888 44.6618885842 44.9562256918 44.7776773073 44.6335435491 44.9099845314 44.5420636852 44.6920634537 44.9200359018 44.6808063975 44.9749905695 44.5281070179 45.1145327102 44.9606621277 45.0684801939 45.0077008245 44.921481398 44.5968329568 44.8119419814 44.6203556238 45.189472549 44.6712517173 44.9933837227 44.880490917 44.8371399085 44.5550846059 45.075588446 44.6139230189 44.8949636045 44.9957413386 45.0456429635 45.0440107213 44.773696943 44.8249757511 44.7547003621 45.1592216663 45.0393205392 44.9181825525 45.0888934273 44.5791189222 44.7883501398 44.7490434503 45.0935540129 45.0823023469 44.599967153 45.0254790459 45.1346176939 44.9240591296
44.8463960115 44.5121605097 45.0917053763 44.5847953904 44.7252129466 44.974859123 44.5103643487 44.5664668243 44.7117105383 45.1194944142 44.9541420185 44.8901927979 44.7963840845 44.5501097732 44.538326943 45.1447363797 44.553141526 44.7008341042 44.9669085945 44.7502790289 44.6422780927 44.6256959236 44.9590211249 45.133262952 44.7390842285 45.075789658 44.7301892206 45.1881343441 45.1057552003 45.0367440333 45.160651885 44.9716039478 44.9678339313 44.7402602977 44.5565823344 44.6385074923 44.969958803 45.1953801605 45.0307890385 45.1529741108 45.1987176291 44.8344990199 45.0014278758 45.1693074928 44.5055536578 44.5922768925 44.8071631199 44.6217793099 44.7686669627 45.1769199091 44.9962740884 45.1973616552 45.1994983024 44.8520511021 44.5848599606 44.9738582178 44.9679442401
44.9021149602 44.7017954228 44.535836494 44.674781203 45.1524679038 44.7049987663 44.7446530043 44.8766710992 45.0228015239 44.795043424 45.0313209245 44.5842421829 44.7198763662 44.8917000052 44.5647450755 44.7800773561 44.8348814971 44.7188417454 44.7390581811 45.0981290036 44.5205643802 45.058111229 44.5922382964 44.7651821332 44.9962652691 44.5246726184 45.0701157235 44.509563995 44.8937908818 45.021004779 44.5774739892 45.0807495781 44.9629884211 44.6040929446 44.7086240358 44.6748120524 45.1487368611 45.0509288563 44.6099698485 44.9805242776 44.5758933452 44.7951809933 44.7226851947 44.7051214375 44.9659908654 44.9337059927 45.0077381242 44.6767663049 45.1595837176 45.0696993925 44.5935121092 44.850872633 44.9219602405 45.1303445588 45.1701108579 44.7136775822 45.1114219207
44.5162308821 45.0022445919 45.1840915931 45.0911243825 44.9603430118 45.0401539481 44.8869811162 44.5299650618 45.0519971312 44.6000795315 45.0789539844 44.8561065549 44.8807100215 45.0742932027 44.8111132156 44.8611575866 44.9537873965 44.9214835867 44.9197816786 44.7686099562 44.6143456799 44.9488627434 44.9627435308 44.7613777266 44.9366675115 44.8575521861 44.6702957881 44.8650731337 44.875804365 44.7346881263 44.5912134879 44.8002639611 44.6596168227 44.6682275156 44.9666075023 44.629405912 44.9164753197 44.5510106056 44.6320908992 45.196798631 44.5913665734 44.5724678456 44.5092530616 45.1379358304 44.5222394251 44.7613798393 44.8279857549 44.6456632742 45.1450795511 45.1591293146 45.0581928595 44.6486492896 44.7062864899 44.7290919024 44.5252149399 44.8540997999 45.1225340471
45.0200981184 44.7259160642 44.7592551648 44.8501205145 45.1123497911 44.9441902357 44.6457250924 45.1975147404 44.8441469541 44.9304052955 44.6912171731 44.8536287034 44.9368142093 44.8133340136 44.9069304767 44.7129076576 45.0933740552 44.9839585965 45.0163070557 45.1759336675 44.7669247132 44.6154776955 44.8868008112 44.8028585543 44.6523196726 44.7974918494 45.1392985143 44.6440550146 45.1242297845 44.513899833 44.9544254314 44.6497355073 44.8461096555 44.8150150883 44.7997370895 44.6376797779 44.5887064067 45.0797732677 45.1916204217 44.9138667866 44.9310360041 45.0119775519 44.5234694941 44.6288855278 44.682836191 44.6449096078 44.8526519103 44.7162363738 44.798777642 44.6588729325 45.1693904537 44.81917618 44.6539807276 44.8411615014 45.0470645852 44.5914545247 44.5420181776
44.7536886012 44.7667213388 45.0394921921 44.6646842415 44.5842304451 45.0585999232 44.7743198069 44.9533660151 45.1125416032 44.696480948 44.9659813713 45.0572042822 45.0684809944 44.6900243346 44.7224766147 44.5872949693 44.7182321807 44.8798175358 44.6080707069 44.7392051444 45.0242248603 44.7562731811 45.1484314447 45.0358992053 44.6805344058 45.1262640012 44.8620096582 44.6470041047 44.7181492142 45.1657515652 45.1235591749 44.573630442 44.5915209857 44.9875233162 44.7204153703 44.6550448189 44.6335320293 44.8253915752 44.8360257923 44.9510681578 44.680483732 44.7981353689 44.6550992331 44.8319801594 44.8278611989 44.8521003923 44.7463034318 44.8156919566 45.0228170493 45.1586387254 44.9160038556 44.5606381044 44.6042960712 44.6988634691 44.70080518 44.8711381795 44.6330044065
44.5425236124 44.5438508699 45.0753465716 44.6568095772 44.870256738 45.0572056161 44.5689877466 44.525458456 44.7041514451 45.1227282551 44.5873464287 45.1731759778 44.8668989079 44.6409062351 45.2000161182 45.0613474555 44.9669267779 45.193690709 44.7955579631 45.0762828499 44.9812312969 44.8105236279 44.9893000111 44.5780818625 44.5896633266 45.1291853799 44.9892616136 44.7093000265 44.6907189671 44.7471296988 45.0646665845 44.8577410891 44.6108847565 44.5075761265 44.5170318507 44.5309450799 44.7628027709 44.7587027346 44.7818920359 45.0857234405 44.6111785325 44.5300455343 44.7369315544 44.7439074472 44.5336621067 44.6658240853 44.5996941857 45.1515489048 44.5258359404 44.5098508782 44.520754103 45.1270685876 44.7667933909 44.9199775614 44.7826029009 45.174583117 44.7346177476
45.1405249085 44.6284224347 44.9389828064 44.8546853723 45.0456302607 45.073531138 44.8373528805 44.74286169 44.8619562812 44.8077056378 44.5207887153 45.0237320441 44.708041861 45.0050809066 45.1761658087 45.2005985653 44.7167669459 44.7620542348 44.7559642289 44.6810125481 45.1724188606 45.0512174405 45.1436542551 45.0901850715 44.6012478723 45.193474081 44.712109787 44.8650261492 44.9419908719 45.0856917117 44.5798207452 45.1041770462 45.0533795964 44.5468652514 44.6937869026 44.8893847967 44.8841131915 45.1187202074 44.8052602381 44.7473689097 44.7894803278 44.9483843375 44.5307175124 45.0988150293 45.1560198508 45.1168339246 44.9611779372 45.022875588 44.7190358415 44.9028989195 44.942644616 44.950017587 45.0777751764 44.7665434088 44.9014571843 45.100096181 44.9831666896
44.6605160008 44.6821065761 44.5194630443 44.8931255947 44.8142712468 44.6706731803 44.8833398113 45.1291638601 45.0993955169 45.1734190695 44.908576565 45.0220064728 44.9953981688 44.816243675 44.7263707831 45.1666737301 44.7098279023 44.6654380535 45.0130743432 44.5750472852 45.0374853835 44.8924405173 44.9619973594 44.6153581732 44.5759542076 44.8331851753 44.8914532983 45.1734340147 45.0746830297 45.0386322313 44.9909392761 44.58935195 44.8705736256 44.6891406442 45.1571919252 44.6076454557 44.5542338601 44.6281635872 45.0016902206 44.8710340684 44.6379343766 44.9716792707 44.9285695024 45.0253445286 44.8624589385 45.1121790721 44.6051116148 44.9013396823 44.5074126542 44.6507234527 44.9670577392 44.5034041619 45.1156566872 44.72433723 44.6725884998 44.9935928608 44.9720472932
44.9830845003 44.6448979783 44.7364472761 44.9772982291 44.7528739761 44.5366937586 44.5026310758 44.9964591264 44.5997809143 44.5965865416 45.0995159858 44.6655466728 44.5214401201 44.9652490651 44.9788878506 44.8340290051 44.5241813271 44.8888328105 44.5304050295 44.8466338239 44.7422481615 45.0023719136 44.8206147416 44.7464782883 44.8106622073 45.0367275739 45.195599771 45.1952420754 44.7323457128 44.7997563447 44.5013566633 44.6337214533 44.975061415 45.0486673598 45.1974117649 44.7875747806 45.0185667853 44.8796086472 44.7085005356 44.7066272362 44.8750215946 44.7492345655 44.5418486326 44.7390489848 44.9886124487 44.7635520729 44.6767995388 44.712521701 44.7964930248 45.1986668172 45.0137773592 44.57380861 45.1360929291 45.0742585635 45.0870523469 44.7645547348 44.8002648713
45.1993310526 44.8943250763 44.6596781905 44.8033070149 44.9905784243 44.623196983 44.7623334154 44.5176375186 45.1695429162 45.075088356 45.1676151417 44.9396095375 45.0726942591 45.0920294515 44.859817282 44.9381547429 44.9925318926 44.6297117936 45.0355604153 45.179340761 45.0615265654 44.7596683691 45.0804608964 45.0710416514 44.9996456921 44.5729360952 45.1231245065 44.8145661543 45.1372529837 45.0360117546 44.5173069283 44.5579636671 44.5221197178 45.1904123715 44.6123652151 45.1071735922 44.6234255328 45.1681289303 44.5854344205 45.1884256785 44.5880911467 44.6857798594 44.9216831468 45.1405282894 45.0115330232 45.1522664497 44.5147304051 44.8850344101 44.8560439641 44.9989505115 44.9124870331 45.1030283129 45.0299170741 44.5790912842 45.0302242953 44.9703686707 44.6440670052
44.5595433746 44.9394667037 44.7842217344 44.7479767155 45.202972833 45.0622199128 44.6824398067 44.5512978238 44.7394998629 45.081067716 44.8883267487 44.7368671523 45.1984199133 44.7511870587 44.8737407635 45.1600844506 45.0880427348 44.6957675994 44.7171903526 45.0018260426 44.7405846406 44.8907340745 44.8359991165 45.1839176944 45.2065072074 44.894240861 44.9075887819 45.1896982059 44.8880496852 44.6419297451 45.0519295748 44.5412757006 44.7124222166 45.1692297885 44.5107428048 44.8597805547 44.8199939369 45.189127037 45.0343980145 44.7622071205 44.6579648348 44.9462185306 44.6302910706 44.6802651958 44.7510348961 44.8195046696 44.6572888572 45.0662636221 45.1869461984 44.5986744438 44.7766205381 44.6930190189 44.7327700144 45.1651899936 44.6622232888 69.2736767921 64.0407895187
44.9137725284 44.5485595547 44.5085378882 45.0273421276 45.1906593444 44.6539325591 45.0023288292 44.5242100022 45.0935767927 45.1774100726 44.8150723749 45.0153141872 45.0882201728 44.901412515 45.0071699695 45.0670740946 44.8927864587 44.9243319271 45.0320650944 44.6885865529 44.7309497097 45.1285327218 45.0468102823 44.5121745738 45.0310745758 44.9903970588 45.1290851361 44.701930367 45.1692787789 45.0596158379 45.0596384758 44.6998424508 45.0222865848 44.9081243356 44.9799846293 44.5392843468 45.0589465893 44.5142510194 44.9874228174 45.0649488814 45.0160999419 44.8802667128 44.7575539815 44.6196692297 44.5010583007 44.8444669037 44.8686518429 44.692194314 45.12660062 44.6205993734 44.7870677982 44.6907902156 44.9334969933 44.7054070775 44.6763463583 68.1310830911 63.8674478303
44.9598576286 44.9023407031 44.6313811719 44.7679026726 44.6084753812 45.0508900603 45.0605338439 44.9715550153 44.9654859914 44.5056430753 45.054103203 44.9080188195 44.5221881535 44.7784264497 44.9306607606 44.8599304421 44.6599990896 45.0344143192 44.9675899032 45.0143744883 44.5349145578 44.7451968234 45.0558506957 44.8173675446 44.5204446729 44.9294392537 45.020163424 44.5794993454 44.8438207235 45.0335897314 44.6433486175 45.0977462873 44.7622932449 44.5611278112 44.6964640035 45.0046451942 44.503091441 45.1525436563 44.8032762702 45.1876032277 44.7340047488 44.9202340335 44.7353739096 45.1572520967 45.1910118382 44.6195239144 45.1373656184 44.595335693 44.8750085091 45.0668729246 44.9419001625 44.7936796913 44.5210649799 45.1704684142 44.8446900192 69.248089868 63.1415628546
45.1886704196 44.7541528561 44.8954663697 45.1776830805 44.5772741197 44.5964504917 45.1868403999 45.0553889148 45.186800486 45.0273800907 44.7676792823 44.5989320881 44.5111072091 45.0358656973 45.2068958966 45.1009514386 44.796694545 44.6836798478 45.1000125638 45.1840775705 44.9466778109 44.7442889793 44.8206037396 44.8024874578 44.9739670429 44.7979753363 44.7173035641 44.5307618948 44.5812534324 44.5132816446 44.7437804695 44.7012250258 44.8700151007 44.5634110985 45.049413871 44.595095942 44.7848464998 44.9344376752 44.7944302342 45.1636226086 45.1634480491 44.9208067231 45.0199957794 44.9872937347 44.8603352029 44.8952691502 44.6233459768 44.8196651611 44.9093304482 44.5174519933 44.7425381275 44.6028086103 44.8730525427 44.7974460471 44.8695615879 44.5280941015 44.6073695587
