Spatial_Output/DEC/DEC_1375.asc
NCOLS 155
NROWS 192
XLLCORNER 196307.867259
YLLCORNER 449144.565805
CELLSIZE 33.573938
NODATA_VALUE NaN
[rows 130 to 155 of 192, columns 57 to 113 of 155]
33.2209729868 33.6878259553 34.2028313276 33.7310883579 33.2519226521 33.1238788508 33.4376919078 33.7087883291 33.3888512065 33.9931259858 33.5198310746 33.3787534796 34.3773413552 33.3099439248 33.2462917326 33.3596952873 33.3843970079 34.1218848816 34.0703315003 33.50083231 33.1437335448 33.9539850587 34.0781236247 33.6072740556 33.3772621239 34.0166199594 33.4033094567 33.1307764842 33.3983955548 34.1791947868 33.2650018753 34.0856264215 33.0418888107 33.8244160761 34.3100407217 34.0405518949 34.264085559 33.8612860006 34.3375403621 33.9148209978 34.0166735725 33.256864217 34.1239856798 33.5675537594 34.0912960997 33.9671772128 34.2735095941 33.6732271319 34.1171041699 33.7277489996 34.349183015 34.1441499705 33.7954473927 33.6920790389 34.0371168044 34.2756555207 33.2714796541
34.3492880137 33.2576117508 33.2686289555 33.0623337583 34.2564492151 33.3203401776 33.5926705611 34.192159831 33.1179239079 34.3675985861 33.3761978396 34.2768398121 33.9821152919 34.3385702537 34.0917803373 33.5302784558 33.0971162855 33.3156032909 33.676084548 34.3729904085 33.7921785312 33.1441438853 34.1930428248 33.7051162387 33.3333367447 33.0557874948 34.2401150252 33.6964060319 34.3057810449 33.1021382115 33.7534592729 33.3420263202 34.1806157458 34.3051965286 33.3187104259 33.14001713 34.0667163371 33.3816224972 33.9738043816 33.9983500719 34.0033121059 33.4462648956 33.6659235333 33.860195949 34.0468991408 33.1862746638 34.1754529875 33.5309306654 33.9265280555 33.9925923156 33.949634506 33.3430727937 34.2234377689 33.9299750072 34.0425958755 33.2321929834 33.4210580561
34.4116347837 33.865383146 33.789194452 33.1261302181 33.3479154008 33.5955695759 33.2497348819 34.3972988925 34.3378622012 33.5279103911 34.0018398381 34.2461533005 33.4381009404 33.445517389 33.9447098805 33.5326979151 34.381774443 33.751653675 34.3785727558 33.9034344802 34.1843392363 34.0550227185 33.9006139858 33.4241035439 33.961781369 33.1816582335 34.2332688721 33.4568694919 34.2818849122 33.8389846355 34.2511249885 34.0870600992 33.2789222219 33.7150494021 33.88570951 33.7198602358 33.2317937703 33.3093835661 33.069192405 33.970485827 34.3685271756 33.01675491 34.3535440455 33.8488375726 33.8847400802 33.2684339918 34.0013582361 33.8161701347 33.4792183803 33.8936246003 33.2602828842 34.2544803559 33.8584955806 34.1652120745 33.9734595961 33.8369418481 33.4664871837
33.5965441609 34.3929858696 33.5487768169 33.2604222682 34.141472535 33.0993398056 34.0235327729 33.7841869011 33.8533411846 33.1792365731 33.5942974742 33.0431704584 34.325969045 33.5306379041 34.0567030993 33.5890940024 33.0673799199 33.9935984583 33.8876132872 34.3830564048 34.0497865183 33.3178006766 33.3949529544 33.5425716361 34.1524214829 33.8216288478 34.3863893357 33.5767288499 33.1364692895 33.4535363115 33.4570782227 33.3147598494 33.4999417981 33.3498152178 34.2983893322 34.307871092 33.8804908668 34.0966732004 34.3139090176 33.5025186114 33.0876035082 33.9833986867 33.3679532815 33.5541758173 33.3812269247 33.8088345403 34.2248062568 33.7011276705 33.2763721994 33.6176716065 33.9410142932 33.3520459809 33.2538129475 33.5790387314 34.413733708 34.3981235331 33.0077298043
33.7279400746 33.1676311043 33.8411785419 34.2751399386 33.2759513712 34.2258235 33.9501412405 33.951486144 33.8802284981 33.8842124163 33.4501542901 34.1646607285 33.1906186325 34.3915253859 34.2648645067 33.134806134 33.9689647486 34.0948328781 34.0889258319 34.1272397868 33.1042649293 33.3758652102 33.732940374 33.1988804714 34.3741541957 34.3208984798 34.0447780918 34.2126473437 34.2845176309 33.1936896846 33.1351633866 33.7911336662 33.5565473442 33.5145998635 33.6789940468 33.8307828243 33.7819941503 33.4122986003 34.3795561139 33.9886620348 33.7454909085 33.1129349465 33.5614757944 34.0550900466 33.4144894902 33.9677608561 34.4104365648 33.0849671134 34.3426062192 33.7144160061 34.032579882 34.0183882941 34.2021784227 33.3479045943 33.8493509133 34.4049596732 33.3248557013
33.6612402954 33.50578152 33.7812609093 33.677377499 34.1515642844 33.2737848581 33.9988740743 33.6967973259 33.3004712231 33.4209020408 34.0095300729 33.231904662 33.1922758782 33.2075549691 33.9475384556 33.1373441449 33.6352350105 33.8563475742 33.0788448546 33.6237772696 34.3216343376 34.2390257576 33.1420028028 33.2659001202 33.5965390746 33.0168645861 33.3270604179 34.3114352367 33.9327685252 34.0918254026 33.0136241337 33.5982589153 33.3262397745 33.7305805941 34.1163835072 33.4375527347 33.1069101 33.6015225259 33.3476132407 33.4911984032 33.5894556292 33.6388482846 33.1605408939 33.5556847544 33.9075298332 33.7317377207 33.8357268935 33.9015793792 33.8214413243 33.1878453031 33.2861491033 33.7246644627 33.6181970679 34.155548134 33.2144592566 33.9491951804 33.5251894914
34.0047237048 33.6527764574 33.800255573 34.3037563621 33.888009159 34.2501368269 33.3411331993 33.370073322 33.3423356789 33.5545592416 33.1280443687 34.0856057093 33.4239018374 33.0751336172 33.5179216868 33.4948194091 34.3903799375 33.8232683678 33.0350521775 34.0857857179 34.068534576 33.1157776248 33.2355836353 34.1800903921 33.5412025782 33.3098869482 34.2370093674 33.8172899392 33.0683188103 34.1754512799 33.2403627161 33.9460856423 33.7233467333 33.5900241445 33.2216454218 33.3682420282 33.3402214985 34.2225525929 34.3590122373 34.0526307564 34.068344422 33.7234739941 33.9227783683 33.9703478057 34.115405378 33.3842093176 33.3099142519 34.1767350473 33.1327653708 34.1876543224 33.1410039025 33.4706100225 33.7024934635 33.1307685531 34.2544739903 33.4822265725 33.976809657
34.0835729788 33.6812427483 34.1137332873 33.7163273379 33.1890760664 34.3900468688 33.3048131844 33.8736784493 33.3381418892 34.2356844918 34.0234747732 34.3805534236 34.0941926054 34.1782529861 34.1850543867 34.1111540634 33.1123761565 33.3239698422 33.8987744298 33.210907909 33.2247958654 33.7142950003 34.3302187258 33.7266011753 34.0885463943 33.3160895566 34.2078260023 34.0573202834 33.3219339626 33.6669730272 33.5637280821 33.4157688711 33.8017785554 33.4110408778 33.2323627056 33.3294658108 33.4716512963 34.1561000416 33.7519435688 33.5902940929 34.3102428088 33.3304271915 34.2960672719 33.9624967045 34.2636811016 33.7815966666 33.07616632 33.931978197 33.4320901499 34.0557657503 34.3079413406 33.5790278654 33.7682391658 33.3017057671 33.2016691007 33.0174909042 33.5343156477
34.1305014464 33.6253471699 34.010406442 33.1901690054 33.3035480573 33.8397498335 33.5657417321 33.4297764031 33.4716271561 34.0483067227 34.0296766407 33.0493845951 33.2483649034 33.5696079538 33.4456373384 33.3559855869 33.1305980797 33.1599149098 33.4229576052 33.6001377576 33.3955057367 33.2183561626 33.0281925434 33.9788932924 33.7309400197 33.5167094678 33.1979229647 33.3167186908 33.9107852243 34.3718513348 33.8165715465 33.3852994046 33.8666407256 33.5580921837 33.1856148122 33.4546457487 33.5248990089 34.3198935893 33.0592691565 34.2757584944 33.7161496237 33.0647574832 34.1130378594 33.335448022 34.3758268138 34.203713785 33.8518781011 33.0571134107 33.2240353492 33.1101742295 33.0710613063 33.7370620738 34.3600350773 33.6023791512 33.3829571043 33.8307677063 33.2712942944
34.0036627174 33.4202409754 33.2178998063 33.7838335922 33.8689603941 33.5301104647 33.1945579047 33.5663031057 34.1390105394 33.390930684 34.0930913586 34.339030722 33.6576569211 34.122155754 34.1615202764 33.7619215312 33.9476270582 34.193231184 33.9241678934 33.6888193031 33.8162830889 33.5399260501 33.3743126288 33.1815035554 33.2127847925 33.8721067937 33.0286906275 33.1912721107 33.5720779289 34.1869018654 33.1473678503 33.3932704075 34.3546022907 34.3205724875 33.5106794006 33.8434544213 33.025985823 33.8876665142 34.4086159093 33.1962273023 33.5054114387 33.574227022 33.482981224 33.2985174362 34.1215018944 33.6592381111 33.5194398935 34.0752349778 33.2807704764 33.356873414 33.5361493081 33.9057079521 33.2691463919 34.1109989418 33.2696423056 33.8714328193 33.3216061339
33.3264019223 34.2001542056 34.1459032945 34.3196973225 33.7506095928 34.2771242757 33.988605414 34.3106749934 33.3303067744 34.3490950947 33.9665334512 33.8064116464 33.6969528581 34.3347541485 33.4156153731 33.6521602629 34.0738905511 33.29898556 33.6206699528 34.0109651799 34.1726275249 33.3692809911 33.6587612476 33.0555881662 33.0793078519 34.0405981775 34.0346164063 33.0665069372 33.5481415826 33.3177560905 33.957963016 33.8804358855 34.0975333259 33.7463500007 33.631029621 33.9269886566 33.045151015 34.0837126753 34.1943460572 33.8211475621 33.7948238284 33.303107648 33.0356937227 34.393976948 33.6591643758 34.0576279612 34.3385104239 34.258099552 33.8673940596 33.1758640173 33.0595873501 33.5906960261 33.6315358198 33.5885780652 33.393100083 34.2349201044 34.1276978419
34.2687545116 33.0779385648 34.050481322 34.2198758153 34.2730999741 33.18951635 33.671146459 33.157967638 33.3457588822 34.2868120394 33.2133183076 34.1098902827 34.0491789862 34.1534790908 33.3043553219 33.8718602138 33.6469063811 33.925875297 33.657347521 33.2557755757 33.2152140554 33.8594897689 34.0825411614 33.0849147268 34.1679818221 34.2096878513 33.3144490413 33.1936989257 33.4782445354 33.4178040226 33.6829600453 33.9628153217 33.5005209911 33.8271961927 33.4783538392 33.4034803134 33.5899802904 33.6402535237 33.4486796566 33.1084875271 34.0036732035 34.0216984258 33.1951153876 33.7576840172 33.1620282295 33.2135015096 33.0146794418 34.1906711662 33.4321382803 33.3689684282 34.264995921 33.8535705471 33.0721582982 33.1552547514 33.1332463368 33.2343521571 34.0873344431
33.8694843149 33.126029028 34.3318915925 34.0457739748 33.9131764848 33.3672023326 33.2983549861 33.1122293833 33.4819109064 34.3382241366 33.4566015326 33.8280090232 33.5637753356 33.3212986271 33.4741321112 33.6178018058 34.4037746193 34.2549120574 33.0569453614 33.9679476744 33.404283522 34.0073552601 34.0397050632 34.1474289808 33.9008233142 33.9652032832 33.5576509853 34.062805281 34.294294768 33.6446404009 33.8028301886 33.336637741 33.628858705 34.0345134601 33.7294219027 34.3152335702 33.9631913135 33.943236365 34.3569172272 33.8325177878 33.628079402 34.3217876329 33.3406685762 33.2719682186 33.1764619112 33.6183675991 33.4879537794 33.7894345519 33.0469968238 33.9565887087 34.1189266883 33.6960786564 34.3566859118 33.2518589987 33.1114078942 33.5161651289 33.9582953529
34.3535909525 34.2321742497 33.3280054243 34.0022038024 33.5693331881 33.7225001483 33.592703575 34.0851283507 34.3701104597 34.3078886562 33.0632712327 33.8604051381 34.3592028086 34.1715460295 33.7472883269 34.1710439249 33.6252461089 34.3336506098 33.3280545096 33.1080969399 33.424412644 33.6584164802 33.2013118931 33.8675105797 33.5269859736 33.4017773147 33.3561850249 33.64117041 33.513644651 34.2059896095 34.3973844412 33.6664498536 33.959488537 33.4936385177 33.3605779598 34.1860234934 33.6757176803 33.1179755178 34.1783259167 33.8177725899 33.6710381917 33.9113658076 33.8201819084 33.9664356972 33.2260827951 33.1275326574 34.2403633048 33.0551769184 33.1232902538 33.7635088007 34.2973020908 33.3228692312 33.0819662017 33.8908325204 33.7770870767 34.1219899868 33.3958037056
33.5669139029 33.960621603 33.2423806177 33.4581502596 33.1823936732 34.2936997173 33.5306689869 34.1919382016 33.4268027717 33.2455470408 33.8275254552 34.3667294192 33.4500048797 33.3661563136 34.2475271951 33.8963706462 33.3747362753 34.0997164666 33.0254158618 33.9563623468 33.6201076345 33.1275427821 33.0292874035 33.1467845593 33.4428452488 33.5270648293 33.0080630633 33.1959739932 33.2654300955 34.0620739236 33.5177481854 33.0613298403 34.4128716105 33.6574383248 33.1631233845 33.9150510932 33.8124317461 33.170105432 33.6123018525 33.4333457673 33.5727818415 33.6823087593 34.3872334627 33.9233747893 33.9863022464 33.3013578797 33.0257741446 34.0473525508 33.9838108266 33.2823295232 33.8265108312 33.2144975975 33.1284048493 34.1467143428 33.3969483814 33.4850780578 34.1658031713
33.1168106416 33.5711506063 33.3692982083 33.6579297219 33.1946840621 33.1889003128 33.3502949864 34.2582826756 33.6840574276 33.4320664068 33.5708885379 33.1374524391 33.6406508764 34.3797573033 34.229129616 33.5366427147 33.2123305536 33.0319942723 33.548763946 33.9547487449 33.4702410425 33.2539961604 33.4586154772 33.7142774719 33.2169692811 33.9899870992 34.4110397166 33.3007660778 33.6555886579 34.1914978115 34.0708761592 33.8744897694 34.0925146008 34.3397960263 33.3949613836 33.8774811086 34.1919538718 33.6219170338 33.5878597842 33.2671487322 34.2699711992 33.5532185999 33.7626932753 33.3581821424 33.1677566413 33.6472826793 33.163978117 33.3228476534 33.8525273134 34.120358731 33.4598274572 33.4401144363 33.5993632909 33.8516804655 33.1806610597 34.1665958321 33.5071043514
33.1516582676 33.714538996 33.9161233369 33.7250771401 33.8519388229 34.2744456197 33.0020234986 33.2134873452 34.3245469522 33.7479191687 33.8498613921 33.7838753797 34.1013667296 33.5641622609 33.9546684439 33.5724846642 34.2334714914 34.2320713738 34.3676318949 33.1077623241 33.8601803198 34.1506275318 33.5338383181 34.3650408152 33.5476719124 34.2295627373 33.7889346081 33.0122322426 33.3463085225 34.2668039021 33.5763640289 33.5826801753 34.2049392731 34.0082681109 33.8882980022 33.2522456773 33.2566401421 33.0458039673 34.2745888156 34.2350156365 33.1807127912 33.0770127295 34.0870723771 33.23196497 33.8331597987 34.2539607053 34.374923754 34.3052296865 33.4573753675 34.0774634199 33.860419898 33.326307979 33.3687348608 33.9480050614 34.0307077703 33.7973426802 33.6260488067
33.248698317 33.3089693379 33.8583830776 33.2911148972 34.2724392692 34.3327884114 33.5568325159 33.4986224919 33.8237412539 34.0930603572 34.3617810324 33.4674462248 34.0525400755 33.9417311651 33.7956879866 33.5628478433 34.3536109566 33.1136684818 34.3943724532 34.2784064045 34.0380825611 34.2777103077 34.0083533496 33.1203542301 33.9795990497 33.8982195539 33.0115361007 33.6274599177 33.9362974903 34.3465142655 34.0284349534 33.5816971027 33.7031420078 34.0221981541 33.4350839435 33.194499456 33.4642433856 33.4726107416 34.1266128933 33.7558153989 34.1650380091 34.3588329619 34.1071854781 33.0256450171 33.5046342276 34.2674319416 33.8547051416 34.0617533708 33.3438775722 33.6363402834 33.9141799499 33.2291042294 33.8494475605 34.0670263865 33.6389547283 34.1341374909 33.88014373
33.3098837514 33.5064729446 33.2886000864 33.799347003 33.8592637499 33.0821858897 33.2673599217 33.740869047 33.6051282668 33.4398141482 34.3086534133 33.9890306977 33.6837261394 33.5085216266 33.2575833699 33.4097145842 34.1766876153 34.3051094852 33.3080342948 34.3185001506 33.2559651425 33.2613499429 33.3155759583 33.2437745826 34.0335116512 33.2447512389 33.039132449 33.35719048 33.2914822427 33.9853552767 33.9642508462 33.2820130721 34.1249754042 33.3813469894 34.1509913815 33.5397255127 33.2863150867 33.1195748435 34.2553273866 33.8405916304 33.4178607752 33.0918209452 33.9396111681 34.0674529128 33.3325761112 34.0014320125 33.89673012 34.346949349 33.8184274383 33.639027786 33.9083111751 34.0486325629 33.1074354697 34.3703720809 34.0900933418 34.3159980312 33.5182182679
33.337918171 33.779725306 33.4742754174 33.7749054036 33.8186682069 33.0308054923 34.2264009148 33.8516168472 33.1666258429 33.9255449612 33.0999020894 33.4413472613 33.9928107792 33.1666278456 33.7302960981 33.9994420053 33.6537498041 34.0423550163 33.2083911923 34.2258440003 33.6177207946 33.5417362957 34.0754560792 33.6385996132 33.4227256027 34.2758582589 33.892460404 33.5930777386 33.4462034888 34.4117154928 34.2370484234 33.7316962075 33.9324227762 33.7042809151 33.7508308731 33.587229114 34.3004043298 34.2360826229 33.334898068 33.8890312683 33.905216379 33.8735795382 33.4575530512 33.1173863942 33.8354910431 33.831200261 34.0240799126 33.6038454722 34.0832059042 33.5691106361 33.2764283366 33.0446036176 34.0802862759 33.9023946365 33.1938952166 34.17220413 33.757908801
33.0010508572 33.4825028569 34.3343030277 34.0122889197 33.589479257 34.2900117698 33.0370617403 34.1159585154 19.602572659 16.1609188617 17.8369037702 33.1526097472 34.3579597357 33.2786193811 34.3751355069 34.3768240732 33.1268455683 34.0657489927 33.1202384124 33.1162489081 33.7270104618 33.6468856829 33.3703209622 33.2546214916 33.8710452284 34.2311652702 34.1218431748 33.1831688705 33.0491473468 33.2568168996 33.9976539807 33.1392397459 33.0082126627 34.1970100612 34.3273509603 33.6154910758 33.8728381957 33.9990692786 33.2509594407 33.4643480166 33.287943878 34.230827171 34.3191514522 33.7698458981 33.1514729453 33.8864904056 33.9072345366 33.3147770677 33.7369014254 34.2773931643 34.1362256365 33.055114352 34.0738983974 33.0015398104 34.2747380967 33.1030608592 34.0122406907
0 34.006752353 33.8271520048 33.2987244241 34.1241312404 33.5390281926 34.3138613744 33.399232096 10.9314971492 14.8899664644 14.4153413136 33.1769823955 33.2762068483 34.2001651949 34.1187336339 34.0158502326 34.1265139944 33.6675998119 33.2137657089 34.0046606174 34.3395825976 33.058584235 33.8979977325 34.2449689248 33.6638379275 33.9715568612 33.8982211157 33.6943350095 33.9068907141 33.5069037198 33.468609617 34.1555171512 34.015659751 33.6730696493 33.9996118089 33.6318219044 33.8740617053 33.5700466553 33.788744442 34.2049357934 34.3306581037 34.0795572988 34.1296374241 33.5958062108 33.4497810032 34.3729313243 33.5644140432 33.9232227769 33.980753957 33.7483137898 33.0980542553 33.2551175049 33.9325804708 33.2264384638 33.5148231459 33.6203775717 33.3499207493
0 0 0 0 33.8578740024 33.7198996446 33.872425386 33.7731265691 24.5349238412 19.7938509976 26.8743541676 33.4327389721 34.2452260287 33.6478554686 34.3447896632 33.6087018994 33.2985800234 33.0311661913 33.7110869584 33.7509225468 34.2536438067 33.1111455163 33.8668688355 33.9575650017 33.0748665497 33.9983596785 33.6754364222 33.0370336173 33.1564047259 33.3378047551 33.9827295548 33.2660277047 33.610779504 33.3553114527 34.1670397673 34.0724086423 33.1190570207 34.3554425287 33.7495772303 34.1798505152 34.1566061433 34.2119805378 33.414139034 33.9923381297 33.547871493 34.2987460974 33.8158743178 33.7049548414 33.9469374276 33.118610873 33.0981673355 33.3106180888 33.5918573564 33.5034421805 33.0560359169 33.887920105 33.2953345831
0 0 0 0 0 0 34.2635022122 34.1791961558 33.626695523 33.2593998161 33.2810288 33.5196162919 34.1577324894 33.6837466159 33.5074414909 33.4553245062 33.9410033619 34.0159722479 34.127735384 33.2298226217 34.4074057882 34.2780983695 33.5039989195 33.5767133548 33.338038791 33.4862366305 33.1477389069 33.2604929571 34.3405127857 33.4533789719 33.1251977808 33.4292643575 33.2186561384 33.4758027242 33.5389614653 33.5506136835 33.0875816066 34.1784452001 33.898819235 34.0634129594 34.1208573117 33.9708466963 34.3592250854 33.7417790092 33.9675004792 34.3833404231 34.1416561541 34.3513346725 33.5193962544 33.4155949331 33.1745046537 33.5857065674 34.1526651663 33.246888933 33.781515997 34.3257184882 33.8331637767
0 0 0 0 0 0 0 0 0 33.9372729256 33.5429421482 33.0391871957 33.1513141802 34.2318789083 0 0 33.1517693274 33.8702381385 33.5761853592 33.1333173529 33.2149927616 33.5109058083 33.8857418162 33.5466479064 33.0710517911 34.1658655713 34.1983399552 33.8442519841 34.2083681808 33.5111715044 33.9392601629 33.2066066551 33.4212047968 33.8754617226 33.8725028718 33.1104406289 33.9483913318 34.4075598035 33.0519865618 33.7277594537 33.0870142783 33.83952092 34.2573113336 33.5462227396 33.6128385711 33.9260773417 33.8791673015 34.2288869082 33.0328945684 33.9758175209 33.1530493838 33.5397948301 34.3769458636 33.0145244663 33.8645443421 33.9987508007 34.1116030089
0 0 0 0 0 0 0 0 0 0 0 0 0 0 0 0 33.9746407424 33.5375291327 33.7693226136 34.0469209445 33.0174715963 33.9091730609 33.6214202344 33.5744968216 34.2230165616 33.8581690882 33.0464859013 34.287550795 33.0474800281 33.2116055745 33.5430588991 33.2289485822 33.4325355473 33.8467357311 33.2844964217 34.3162107565 34.3865947589 33.4156229377 34.13165794 33.3676181518 34.2396708293 34.272292072 33.3957903793 34.1571930954 33.5629068097 34.0297844714 33.0109305316 33.6457914584 34.0849013187 33.3154436743 33.0719000807 33.553473661 33.7153411292 34.4038910925 33.7695669912 33.5206033682 34.3180626541
