Spatial_Output/DEC/DEC_0271.asc
NCOLS 155
NROWS 192
XLLCORNER 196307.867259
YLLCORNER 449144.565805
CELLSIZE 33.573938
NODATA_VALUE NaN
[rows 130 to 155 of 192, columns 57 to 113 of 155]
45.0750459321 44.8226262343 45.103568646 44.7755339604 44.779049408 44.8692308268 44.8573924608 44.6849087793 44.7246950411 45.1119248021 44.6079799909 44.8563647224 44.8977928449 44.8063246893 45.0578436848 44.8228885852 45.115758301 44.5924360044 44.8344260345 44.5864411801 44.6009481172 44.6476530778 44.7087662954 45.0517045186 44.9288340022 45.2021263918 45.1902689654 45.1365023316 45.0486164457 45.2067845448 44.7015801148 44.629447497 45.0090987407 44.5796607315 44.9406999728 44.9430041707 45.0615053802 44.6781667618 44.7894293507 44.8392932973 44.8955473931 44.6793964881 45.1038769006 44.6802986336 44.6857361179 44.8710930485 44.5801316276 44.5364633592 44.5229743955 45.0459163788 45.0175539039 44.8674415888 44.8622384468 44.8519303831 44.516049662 44.6750430985 44.8210179685
45.0784881248 45.1512717018 44.9242045371 44.7190295662 44.8998496484 44.5337579169 44.9161090691 44.5324120907 45.1371739722 44.702886143 44.517769591 44.7466158122 44.8624885472 44.5378037189 45.1727773212 44.9547386265 45.1811212712 44.985883511 44.7528988677 44.7516652255 44.7413247012 44.6741470649 44.9030022277 45.1414171259 44.9913187358 44.6942653403 45.173297152 44.8517759694 44.9484007594 44.9372481 44.5110195359 44.7962068587 44.5261043569 45.0578635319 44.7318374047 44.6571217484 44.5720073121 44.6858283977 44.8064639728 44.623716542 44.5556702566 45.0090884381 44.9815300192 44.8237133402 45.0695267939 44.9922673538 44.7586956328 44.882663118 44.950613121 44.6202541781 45.0947060095 45.1327234504 44.6676854904 44.9270194158 45.1186301384 44.5816854966 44.8459316843
44.9043654266 44.9431138423 44.5970997128 44.9472516057 44.9958871441 45.0932057854 44.5821256884 44.983793394 44.7919673624 44.8330854592 45.1711960511 44.8046156882 44.7519437679 44.7722212238 44.5692491284 44.8539332151 45.0097275342 45.0356255336 44.6537762109 45.0252915966 44.7164559123 44.8251906718 45.0627362483 45.0022216484 45.1008084748 45.1915270455 44.5844517357 44.6470475267 45.1094794594 44.736554305 44.7441437269 44.9339594677 44.5154417776 45.0697589809 44.974799537 44.6269673367 45.021168845 45.1554321064 44.9832186224 44.7430173101 44.5704192192 44.868395037 44.8011595654 45.1349127924 44.6374131526 45.0701411846 45.187640665 44.8431254778 44.5396212916 44.7120848259 44.7639522337 44.8917911065 44.6906822761 44.8981675687 45.1401226491 45.1213160379 44.673253105
44.677871306 45.1270251531 44.5632127744 44.6084781837 44.9609046461 44.9675216396 44.5656365124 45.0717467885 44.7139283659 44.5652867789 44.827203294 44.7425128975 44.8580040254 44.7910883902 45.0091369109 45.0108172628 44.9401581476 45.1788115064 45.1042359884 44.7923451352 44.7505751032 44.707004946 44.9875432135 44.7989867054 44.5525544036 44.8084620816 44.7174125925 45.0422392901 44.889179928 44.9325852339 44.8961756483 44.6177010614 44.5498050018 44.5612653882 44.8378575651 45.0237694201 44.9478800803 44.5360897913 45.0324645741 45.0602543085 44.663160124 44.9346705569 44.8717460276 44.7472524861 44.5913198375 45.0656249305 44.7314211645 44.951476206 45.1587792312 45.0184772508 44.6217180843 45.1261994138 45.0551120039 44.9182557757 44.789276883 44.8188189104 44.5151881306
44.5750027479 44.9411798566 44.7360293098 45.0612847824 44.8301708699 45.1821992403 45.0442886329 44.834473697 45.122480022 44.6011090535 45.1954554899 44.96853037 44.6343124698 44.5312724028 44.895922879 44.5900901191 44.8989241183 44.6228962228 44.7527899216 44.8715606898 44.6268759863 44.8069480017 44.7355253602 44.8929095012 44.8190777272 44.9537447822 44.581009022 44.9372925255 45.0113991488 44.6660115705 44.6033262908 44.5443529851 44.6087506605 45.0255708579 44.5301124351 44.7654363207 44.8939104918 45.0441847684 44.83015835 44.5793918818 44.6140280723 45.0583646627 44.9376957615 44.8299173658 44.5217438511 44.9912387181 44.6470672479 44.7035501746 44.9071302497 44.8102173498 45.0931353335 45.0184838007 44.6140666154 45.0010531539 44.9309942037 44.6935955869 44.7664001375
44.7851476021 44.5304694972 44.8744656507 45.0141393422 44.9093603743 44.7779380588 45.0556645468 45.1100066053 44.8687973523 44.6072763755 44.7614658493 44.6370733679 44.5939102062 44.8497201028 44.7541644904 44.9374283281 44.7920993126 44.9969740453 45.0922535731 44.9113576138 45.17886931 45.141888835 44.7408026652 45.0737092259 45.1262950946 44.8489754937 44.5629945228 44.8866690355 45.0756717697 44.7705475906 44.8755335619 44.9295892724 44.7155901663 44.9907345968 44.6353612325 45.0103538677 45.1042016472 44.774636742 45.1335540255 45.0514227857 44.5285772031 44.5466790491 45.1751003065 45.0180340372 44.7940989249 44.6890388687 44.7996017274 44.5191261904 44.6965733937 45.0681244 44.5960944935 45.19958785 44.9698030528 45.1430711889 44.8104700624 44.7659404533 44.6545183588
45.095191462 44.6844785801 44.7643266034 45.1952781694 45.1443746857 44.9751239598 44.6933816333 44.8822484145 44.9043190666 44.7865083831 44.7287173884 45.17963974 44.7973704254 44.8319750306 45.1993665772 44.9848335622 44.7307900387 44.7275402291 44.703198128 44.9651613018 44.9844323576 45.0949249692 44.6911297352 44.5638570837 44.9841221066 44.5972594573 44.5324865978 45.1681207644 44.9710135896 44.8393583527 44.9379490044 44.6191604919 44.9489096233 44.7145611763 45.0066473644 45.0025235323 44.8635334375 44.5637370845 44.7319345062 45.0871928556 45.0002789133 44.7353231638 44.9520287625 44.9360477529 44.7042862482 44.9347282265 44.9879112632 44.778659674 44.9655785229 44.570031709 44.9022220747 44.7536202734 44.9354216777 44.8045892986 44.5278648618 44.521120155 44.717846266
44.9158991947 44.9259539505 44.5830293159 44.9803293625 44.844818487 44.6169315469 44.577262271 44.7868114187 44.9984362399 44.988383166 44.7432981045 45.059262261 45.0276989216 44.6778414042 45.1084108046 44.7011378121 44.7426882445 44.5549770667 45.1212466536 45.1385573527 44.6564538479 44.5390915385 44.9032451584 45.0304785643 45.0623123712 45.0754542815 44.8418166136 44.9062512627 45.0867066725 44.9654537391 45.0040481735 44.8218325538 45.1254870783 44.5616659318 44.9227745386 44.9912579525 44.8878806786 44.5749738379 44.822993531 44.7531743115 45.0193448276 44.5709086801 44.9531802471 44.6756775909 44.9784782776 44.7545785307 45.1448335516 45.1256493787 44.5298128105 44.6810792398 44.7970354924 44.578806677 45.0731957493 44.5905433751 45.010627001 44.6709520623 44.8672893145
44.6990105894 44.5806098365 44.7191635442 45.1868279063 44.7039596598 44.662832652 44.7394254187 44.9002422981 45.1456996621 44.9391087691 44.5448416126 44.6447978567 45.0371343701 45.118750851 44.7302738106 44.9608119262 44.5933586942 45.1951401728 44.6481730858 44.6282756716 44.9168729595 44.6052508089 44.7870335696 45.0691751464 45.013312049 44.862642779 44.7143590488 44.9118531118 44.9017749785 45.0920015852 45.0867215365 44.8022935648 45.0355817103 44.7770661114 45.1146779756 45.1998214914 44.9218805562 45.1591187654 44.7193806252 45.1247403692 44.8314842736 44.5436231517 44.9280448383 44.7224199258 44.50904821 44.7850475037 44.6438243841 44.550830101 44.7232174872 44.8730687048 44.7778578107 44.6311695615 45.1715192418 44.8871934338 44.7972031833 44.7651691432 44.7365803699
44.9745684376 44.5009115795 44.8538949904 44.6359149785 44.6138441812 44.5693722801 44.7489902029 44.5562835334 45.08760053 45.1499874582 44.5958857812 44.9655609382 45.1986375625 44.7551779993 44.6044214542 44.9693500807 44.9346801725 45.1898043962 44.9782412409 45.1601971511 44.7288723914 44.7877549672 44.8061243999 44.8698470202 44.7081684389 45.1158390599 45.1155552499 44.8091735728 44.9184432362 44.5053938234 44.8262042195 44.8098303885 44.8639505988 44.8547595736 44.524407088 44.9227146837 45.1495350858 44.5085093933 44.5947023202 44.7159370891 44.5100532657 44.6373693905 44.5339494387 44.7542235107 44.6414449397 44.6605886182 44.7047896952 44.6068549906 44.848597835 45.0040616965 44.7462847855 44.6344854629 44.6750593602 44.6241234321 44.8533115955 44.6509788288 45.1512544794
44.7344242017 44.8307809818 45.0698108509 45.1217184536 45.0526852166 44.7512693182 44.9511805616 45.1245056277 44.8629213999 44.6083715715 44.5397634133 45.0138096592 45.1540707317 44.5798304031 45.1586999374 44.9337298118 44.6180438698 44.8488967399 44.9677687511 44.5202888627 44.8715105182 44.8385307542 44.5104775449 45.1818324303 44.5250890812 45.0128100582 44.7878983163 45.1748446392 44.817074008 44.5876974227 44.8112375074 45.0029732668 44.6019698594 44.6094123154 45.025175407 44.5493525018 44.9131384161 44.8040370101 44.9506094547 44.984564546 45.0382880397 44.7994471793 44.707095296 45.0079652672 45.0590851915 45.1276769116 45.1320012001 45.1477833424 44.8508239802 44.5508231955 45.0336511888 44.6256859937 45.0740186738 44.5286147723 45.0594116751 44.6750783896 44.8479049045
44.8044114594 44.8473788808 44.9833823959 44.5585349442 44.8894992308 44.5443079673 44.7455896116 44.85528657 44.5336601293 44.96895619 44.5634496699 44.6151031755 44.9278622514 44.5497332671 44.66253067 45.0883706314 44.7367867195 44.7576467903 44.8459862029 45.1862050214 45.0335616752 45.0527049326 44.8897930967 44.977201909 44.6027122774 44.6229736326 45.1344607468 44.9353498795 44.8566364292 44.6094559245 44.7751925268 44.6924974102 44.8913426328 44.6023454192 45.0514836338 45.1356333326 45.0592505512 45.0008007003 45.1633652788 44.5395329843 44.595779795 44.6076613017 44.8265320027 44.6013600661 44.513587397 44.6816673675 44.9185886009 45.0197524813 44.5990375075 44.6568047211 45.147190356 44.6489422075 45.1098834379 44.8652643538 44.6414710989 45.1365293826 44.8780498641
45.0867525468 44.8852425385 45.0288114995 44.5425586811 44.5520500271 45.1560464571 45.1532624877 45.0434906561 44.6964136109 45.1332586561 45.1657998917 44.8842161592 45.1953219617 44.6094974044 44.9467303584 44.6893048326 45.0365646727 44.6809554453 44.9304632032 45.1947381773 45.0182134996 44.6856722596 44.5887472501 45.1332907769 45.0007919573 44.9866342338 45.125966653 44.5493674366 44.9083688052 44.9681638208 44.9878019324 44.7911341328 44.8781887014 44.8979476189 44.707883821 44.5407056326 44.6773285882 44.9366214632 44.7017653105 45.005692538 45.1951752904 44.6743421224 44.8197658122 44.5871571562 44.5858368422 45.0278277811 44.8326408218 44.7224689569 44.660180096 45.1795620764 44.5673024805 44.883937828 45.1426569591 44.8629308411 44.9771446692 44.9983795416 44.6874799941
45.068833611 44.7146573296 44.523762496 44.8804679063 44.8200550116 44.7781022851 45.0233437097 44.9440346639 44.8750308337 44.5148022282 44.6749522263 44.514367875 45.168365432 45.1660846956 44.7111780955 44.8919557102 44.9357976076 44.958738963 45.0100856723 44.9919793582 44.7655342725 45.1116201737 44.6420557457 44.7870429742 45.1165827761 44.6235390479 44.7581711318 44.7414711337 44.7436973871 44.8333828619 45.1180223036 44.6563463564 44.9770637896 44.8034709851 44.8533251761 45.028428493 45.0270936274 44.742268085 44.8429362469 44.6045969108 44.808346752 44.6267089071 44.5282841034 45.0141633259 44.5217131788 44.559065983 45.1104829714 44.5053212673 44.5457613013 44.7272772028 44.5224906021 45.1163590032 44.5505517264 44.9948634791 44.7045907678 44.975118962 44.6408291322
44.6617659236 44.6209552968 44.8684919259 44.5450340274 45.0375489824 44.5602367095 45.008175404 44.5574193472 44.7497122447 44.6418325413 44.5897697124 45.1467288214 44.7423853288 44.5954463657 44.9633602382 44.7560632343 44.9005512238 44.7820214924 44.5299443283 44.7466837008 44.6761549927 44.7413324846 44.8518730831 45.1670589558 44.8136349267 44.6123802791 44.9947021354 44.7163937594 45.0156605512 44.5281624177 44.5045348336 44.7456134371 44.682041857 44.555832376 44.7499905649 45.0312450968 44.6793498758 45.0586307138 44.8940405328 44.9653375511 44.8357407559 45.1510695879 44.7138509046 44.8979227569 44.6120198718 44.758795425 45.1819747674 44.9034905671 44.9412039924 44.7063587632 44.6091154736 44.5452282796 44.8786753306 45.1729242095 45.1599158208 44.9420325791 45.1787195414
45.0423993215 44.8908309557 45.0607342954 44.5629534727 44.984171205 45.0444892404 44.7038978126 44.5059972209 44.7836357797 45.018725986 44.9399562822 45.1693536071 44.5707635882 45.199193815 44.8014571173 44.6906271683 45.0242370949 45.0523168363 44.9382323279 44.8090617275 44.7438727245 44.7500589878 44.9291405448 44.9264591778 44.8538533049 44.6905387026 44.7003541286 44.7282278718 45.0561107585 44.8219424093 44.7371883987 44.7712692456 45.1492434502 45.1565752443 44.5966798378 45.0941496822 44.8240521151 45.0469552145 45.1356088901 44.9058523411 45.1753419904 45.1907683932 45.0580881219 44.8693818195 44.7036654785 45.1104353428 45.0629764524 44.7170296396 45.1055415161 44.5269190954 44.9179845996 44.5885146609 44.7288785271 44.6449875776 45.1192967609 45.1148915223 44.9011308969
44.965182783 44.9429362106 44.6997505916 44.5532087282 44.8057501372 44.8560559701 44.938405317 44.7673631299 44.8298335042 44.8534270043 44.9000671456 45.1416794113 44.8774920053 44.5487097019 45.0319353333 45.0246457947 44.7614126806 44.6837701884 44.559263415 44.525960454 44.6055113243 45.0822276369 44.7533053027 44.6485108006 44.9094558406 45.1934051832 45.0879440211 44.5760006499 44.6880162691 44.6214858809 44.5218641277 44.940917643 44.9959784257 44.7079945661 45.1140492633 44.7135211769 44.5667500847 44.7774128081 45.0432677947 44.7186420014 44.8768887744 44.5983546238 44.7970300833 44.6910851782 44.939654618 44.5166854932 44.881394518 45.0916745233 45.0318908062 44.5568218755 44.9227748019 44.7234991629 45.1072051058 44.5568158075 44.8210624078 44.9378350194 44.6002673375
45.113598145 44.9821311735 44.6081068063 44.5952799646 44.6840524353 45.0921329991 44.9500664003 44.7994335552 44.5468957761 44.8982626825 45.1897059057 44.5904795397 44.502539807 44.6604306782 44.7178221581 44.5013558444 44.6741560651 45.1420858646 45.0007620596 45.1780656388 44.803568161 44.5932854682 45.1996666056 44.7099297886 44.8158830905 44.8393276964 45.0359503809 45.1078278423 44.9825740953 44.8592375817 45.1648145185 44.5261317033 44.9462193399 44.7914025123 45.1909314687 44.7779910221 44.8074714846 44.6323350342 45.1909955111 44.7308780667 45.0103727261 45.1767673585 44.8201667961 44.8870637373 44.6740194159 44.8524236024 44.9752571278 45.1469406745 44.7591789981 44.9454349656 44.7988276305 45.0761067193 44.5200901524 45.1753853629 45.0664496063 45.0718696931 44.9008184396
45.0852170654 44.8922536532 44.5624056436 44.5325926013 45.1116349857 45.1962116438 45.0141415087 44.942306613 44.6370986158 44.6299290553 44.795133721 44.8715419309 45.1171424236 44.5273939838 44.7227939692 44.9898045385 44.9843840839 44.6317467222 44.9051201593 45.0246224872 45.0451592958 44.9189848897 44.9459757228 44.615479769 45.1208668806 44.9108831457 44.707552057 45.0807368051 44.7692214779 44.9099143083 44.5372125384 45.0900262033 44.6536659974 44.5118063104 45.2056806914 44.903169688 44.8271675931 44.6722573285 45.0800115476 44.6869250009 44.8464709688 44.6969572485 44.5969550805 45.1899738589 44.5636448067 44.9402532288 44.566574424 44.9500421043 44.8755442181 44.9111601599 44.7363766273 45.1331633796 44.8148294833 44.7577160674 45.1834971676 44.8790012507 44.7983679961
44.8641209181 44.6454018892 45.1918806851 44.9272773519 44.8093780305 44.7819737725 44.9657678112 44.5888805594 44.7341265086 44.5768191241 44.9550822693 44.9782185341 44.6413623826 44.8090537146 44.8615004667 45.1394495448 44.5508741494 44.8860553063 44.7969139333 44.7350121028 44.8845014686 44.6767704067 45.1067182624 45.1396202104 44.5876021483 44.6543307591 44.7579568386 44.6934714832 45.1690370667 44.5806130121 44.9247486993 44.6428047637 44.7223282139 45.1766339661 45.1087726527 44.8417920533 45.202150136 44.9208963123 45.1997881175 44.7218293119 45.0104418793 45.0789902755 45.1109130863 45.114004371 45.0822663132 45.1796606548 44.9620145027 44.9828610868 44.6716076421 44.5034187497 44.6796223351 44.5202440272 45.1904132464 44.6278358159 44.7198895769 44.6368602315 44.6204886914
45.0925664784 45.1255783403 44.8179524244 44.5745613962 45.1605229038 44.5550182592 45.0801369448 44.7366751243 76.1410718939 69.8832911525 76.1086288353 44.6479696041 44.5663086389 44.7436738287 44.6771581609 45.1198360949 44.5719008167 45.0392071133 45.1492433893 45.1143322817 44.6501005469 44.6252221622 44.853015489 44.9400822247 45.0603325069 44.6838466754 44.7684885301 44.628339337 44.9964732496 44.98142769 45.0345233695 44.7469670762 44.7091281582 44.8251859425 44.8413621618 44.6016033937 45.1879300605 44.9186412706 44.5678003744 44.5278286554 44.9862208063 44.7745236297 45.0763355847 44.6281398136 44.9878383788 44.9735926983 44.6484752614 44.624176212 44.9596900724 44.876702019 44.8894496294 44.6125377757 45.0746453417 44.8191676272 44.9843779368 44.968782224 45.1275776986
0 44.568257663 45.1597400677 44.7692868008 44.7239669077 45.1451056553 44.8862548187 44.799515437 79.0404841798 80.9929308213 73.1000421011 45.0463169039 45.1068823178 45.1981893121 44.9325838832 44.8982591031 44.8022907578 44.704831039 45.1016679504 45.0046326384 45.1035898574 44.841331215 45.0572128641 44.8077998879 44.7820240502 44.8258571458 44.5254579697 45.07740758 44.5167547805 44.7625179623 45.0625763189 44.7374871064 44.5320623443 45.1288716342 44.5604903853 44.5640895882 44.7322085876 44.5502758964 45.1778512995 45.0575921109 44.9135089177 44.9037060166 44.8473404029 44.5347765998 45.1695905884 45.0101612185 45.0782951547 44.7511667708 44.9265695159 44.8297577963 44.524137144 44.5752148583 44.9082947538 44.8835928543 44.9444604511 45.1553684498 45.1316194331
0 0 0 0 45.0110618086 45.1801847887 44.5078328168 44.5986135491 78.6981258262 77.0460726552 68.7941139088 45.1597275104 44.5190439472 44.99787955 45.1931227646 44.5111085619 44.6365743697 45.0112187035 45.1609811793 44.7051206653 44.7300824943 44.7745189382 45.1037605775 44.6467719264 45.1210277836 44.5837932425 44.5265794928 44.7918786467 44.5012500404 45.0805639165 45.0666171091 44.5664192264 44.5766502375 44.8039609635 45.0615280717 44.6223944217 44.5849393512 45.1738158001 44.8110405904 44.9837585456 44.7309997646 44.7264332641 44.6897917673 44.7893000401 45.1342203043 44.9483163869 44.9139129623 44.872308211 44.8092520264 44.7182092358 44.7348896891 44.9636001917 44.9767440089 44.5398485395 45.1044798674 44.5498872552 45.1099221975
0 0 0 0 0 0 44.6144164059 45.1894162075 45.0416081639 44.7956220276 44.8991672489 44.9013448115 44.6573862905 44.723057455 44.6828622787 44.5568874256 44.678043079 44.9445992539 44.7518286133 44.8169624731 45.0564359303 44.8674083788 45.1943862796 45.0468300758 45.1923727603 45.1940926601 44.6282633488 45.0936470901 45.2057874192 44.8998108701 44.7977073481 45.1579477721 44.9213040097 44.8592924269 44.5551827985 45.1449131546 44.6630350346 44.549974202 45.0931708278 45.0829659809 44.6374844811 44.6848964922 45.1280016717 44.6847126872 44.7992286813 44.7379137392 44.9371681579 44.759011997 44.704741601 44.7743694263 44.5233080975 44.827322962 44.5904544892 45.0493342293 44.5195923268 44.6300873236 44.5302981664
0 0 0 0 0 0 0 0 0 44.7112067374 44.6767109261 44.6375175154 44.6526592769 45.1349482903 0 0 44.5177945176 44.9714081316 44.5383692754 44.687254088 45.0678514414 44.6405083077 44.9877119614 44.7292704652 44.6366772248 45.0434297896 44.655737078 44.6576457613 45.0942685038 44.7105498754 45.2003932858 44.7483213262 44.5677022341 44.9347705776 45.0469152226 45.1878426254 44.5362518865 45.1708292938 44.899680121 44.6248585987 44.8568812065 44.6106693321 44.7021955425 44.8528799224 45.1782844822 44.9364652627 44.674134335 45.1359194784 44.7450775302 45.0408742294 44.5905762498 45.1107706453 44.7784124708 45.112897643 44.9258876574 45.0414479122 44.8775779478
0 0 0 0 0 0 0 0 0 0 0 0 0 0 0 0 44.8251974218 44.9134328866 45.203567128 45.1322576489 44.6247040184 44.7775370396 45.1568851454 45.0430781799 45.1857178972 45.004571978 44.8192398206 44.5424215196 44.8084508246 44.9168281382 44.8173104626 44.5052236103 45.1504032613 44.9029891558 44.587001481 44.7373891808 44.6511968323 45.0381380915 45.0945550088 44.6691384025 44.7407255931 44.6329009772 44.6282543202 45.0307011284 44.8873530744 44.9160865968 44.5012702003 44.9892094435 44.6970415563 45.109101298 44.8968840442 44.5089825634 44.8765761963 44.8745606756 44.9156825867 44.7310450705 44.7744924604
