Spatial_Output/DEC/DEC_1115.asc
NCOLS 155
NROWS 192
XLLCORNER 196307.867259
YLLCORNER 449144.565805
CELLSIZE 33.573938
NODATA_VALUE NaN
[rows 26 to 51 of 192, columns 0 to 56 of 155]
0 0 0 0 0 0 0 0 0 0 0 0 0 0 0 0 0 0 0 0 0 31.307588507 28.9101033133 28.6814408901 29.7543831456 29.3694211514 30.153676909 31.2234092083 28.9744311427 31.337240931 29.8969747058 31.645113971 30.4084593459 31.8699014293 31.75418006 30.0145954172 30.9307923173 30.3602840292 29.2258951963 30.1410176305 31.1122396742 30.7798072882 30.7569902631 30.6918017537 29.4095237176 29.0503313529 30.6330403649 30.7616262557 30.3070426033 31.9117896348 30.6777815999 29.1030314965 30.7190967928 31.7573967965 30.0214082269 31.9261499024 30.6544508841
0 0 0 0 0 0 0 0 0 0 0 0 0 0 0 0 0 0 0 31.0742285461 28.6543191923 31.5598898942 30.9099114749 30.1825017211 29.8840068299 28.9634553722 29.5094991473 29.4509919392 30.922462618 29.3427454805 30.85254772 29.3704683258 30.7181212939 29.4885097342 30.8588246819 29.2022276466 30.691665982 30.93652038 31.2326711695 28.7609641839 29.557286175 31.0608707458 29.3546876647 29.7631350988 30.4350628235 31.5471657004 30.849159212 30.4115180437 28.7145863219 29.3317336738 31.300419665 28.6660752924 31.4915530839 30.7063243492 29.0600955796 30.9395244356 30.6763963899
0 0 0 0 0 0 0 0 0 0 0 0 0 0 0 0 0 0 30.0218059735 29.6502175646 31.1196888029 31.1657550459 28.6269674892 28.9792390229 28.8586984682 28.7897203443 30.3505972058 29.5612411191 31.2773812399 30.8725493302 31.7752765265 28.8040674442 31.4059886276 28.8376886277 28.8209835537 29.2706620228 29.7778249252 31.0531335124 30.4389095782 29.3611866105 30.8910806762 28.5962825544 31.0260320714 28.5673399402 31.9894652653 31.4953947155 30.7831776847 31.0775631324 29.2769278662 29.9428039304 29.7578639524 30.9630746712 30.7656880708 30.2779756594 30.683954355 30.4713484776 29.4738702312
0 0 0 0 0 0 0 0 0 0 0 0 0 0 0 0 0 30.730265345 30.0632851654 17.1275990872 15.8102771588 32.400255286 31.109930966 29.7892957044 31.4501987128 29.0806321125 30.089250936 29.5664530871 29.5579611606 30.8440073012 30.3207367986 29.9947765038 31.6310824221 28.6618187848 29.6134946438 29.0959332808 31.1912366959 29.6600801137 29.0810575925 30.9446655899 28.750977162 31.9791382673 29.0796266119 29.211893867 31.5919505939 31.7874625933 31.4101899641 29.7363091893 29.6043827104 30.9432438093 31.267079634 29.0705016713 30.6239293169 29.8272388938 29.159490043 28.6648436875 29.143488078
0 0 0 0 0 0 0 0 0 0 0 0 0 0 0 0 29.4847199222 30.0708658629 29.5787897029 32.6275786734 10.8454041166 14.4215568587 31.37037518 30.6358295907 31.701774359 29.998843578 31.7599028016 28.9960807246 29.5358617082 30.8225404365 29.4057151676 28.8555853618 30.729429216 31.8703928302 30.6701596007 31.4040208786 30.8819345027 29.4441912106 31.77878818 29.8928416898 31.4057432161 29.470810061 30.1224725521 31.5506537707 31.8684720706 29.5168438891 30.4049111999 30.0932783042 30.3399621747 31.8166559924 30.5567903755 31.3298310176 29.2067307543 31.3800996977 30.6993945941 30.1105368198 28.8682474435
0 0 0 0 0 0 0 0 0 0 0 0 0 0 0 31.8211725085 29.5690264776 29.8060053828 29.2596351409 21.4630427864 11.2001135903 17.6298185685 19.4419158513 31.9974202264 31.1161226893 30.7770326057 30.7072291302 31.1426941041 30.1756957354 29.4693307144 30.1266822883 28.8154361386 28.7452411043 30.9321060697 29.4162886404 30.2920187873 31.6892812218 28.5082262248 30.5790925105 31.4094072235 30.5887392314 29.9516850319 30.3978837702 30.4956914822 28.9341393214 30.9729929173 30.0916340021 31.4375135265 29.4858377059 30.3084145269 29.4645501227 30.6734124067 28.8467994393 31.8766881014 30.3229110403 30.5372768833 30.8776676801
0 0 0 0 0 0 0 0 0 0 0 0 0 0 0 30.7641539071 30.2630145719 30.8588320681 31.7230835835 14.3316055874 24.3502338745 17.6913771647 11.8241843098 29.7614426498 29.2558255326 31.3936857966 30.8596026043 28.6976084689 30.7090518055 29.9744316717 31.6417264337 30.1971610525 31.7992268826 30.7017823713 30.8526466107 29.2967831884 30.3290578808 29.8894375818 29.0023666727 30.926550777 30.4108054219 31.3899903018 31.1744159473 29.4989904393 29.2637891147 31.7925326135 28.6605670293 29.3744006743 29.0228883477 29.3926685225 29.1643678017 31.825833888 31.7345745953 29.5722219939 31.3986011806 29.0355853986 31.2698008822
0 0 0 0 0 0 0 0 0 0 0 0 0 0 0 31.6218440611 29.5221239736 31.6511509433 30.6878830178 30.2833238875 19.5462280706 16.2285792121 23.3032807032 29.1289552341 31.3341274693 30.4017477259 29.6321781933 30.2869757975 30.8895385002 29.7330935324 31.6847658182 31.7864260051 29.1404020209 30.2602314395 31.1899351809 29.1603125281 31.8039694087 31.9875165004 31.2187569123 30.398319408 30.935578611 29.9346505659 29.5680233613 32.0307426287 29.2046902014 28.7774004607 29.9404283598 28.7659890854 30.0374632505 31.6225995311 30.1630549896 31.0740227903 30.6945996143 31.220213312 29.2661722026 29.87351597 30.4049950982
0 0 0 0 0 0 0 0 0 0 0 0 0 0 0 31.4166057994 29.5841452193 28.8569763089 28.6356271656 30.4672741392 28.8937604727 30.1825132806 30.9678778104 29.4985709586 30.6259121374 28.7844183403 31.6199824216 29.2924134346 30.9642436543 31.2910899378 29.5313486504 29.6624558112 30.5409890038 29.2832809007 30.5652624036 30.9936426374 29.5205033869 31.9130514964 31.231725286 31.7103971145 30.7048616359 31.7725367231 30.2513568247 29.5668959121 29.5171345468 31.3493192435 29.827544815 30.8019818892 30.941358071 29.0113483099 29.592409908 28.9713556078 30.2112249237 29.2525808246 30.1809065541 29.6776016952 28.6843506747
0 0 0 0 0 0 0 0 0 0 0 0 0 0 0 30.6236449211 30.225516471 31.703110164 30.5262906409 30.3619167534 31.2023492064 31.3778001894 29.4295810024 30.0973206742 29.1067380988 30.0763904431 30.7499376098 31.4159938448 29.5871896123 30.5791346999 30.7227098826 28.7043385894 29.2796706452 30.6138316831 31.5711725484 30.854989539 31.8121605272 29.7441992449 29.3725307759 31.8543715392 30.1255587452 31.4705827834 31.3867606412 30.6886677728 29.9657874334 29.9761802965 30.0713684266 28.5011618769 30.1100285705 30.9168864767 31.5836591119 28.7858121914 28.6543143649 29.7025775228 29.7536067282 30.0214540711 31.152843198
0 0 0 0 0 0 0 0 0 0 0 0 0 0 29.2439955463 30.6144528035 29.8788924189 31.8960537197 31.8654701615 31.5737725371 30.3379300561 31.7103593993 28.7112236522 29.0263392819 30.6426657498 28.902389298 29.0850693278 29.3030492599 28.8671692949 31.7231481188 30.0294640174 29.9009282756 29.0773509779 31.8287124496 30.7520502357 30.0212378624 30.5039144141 31.0846379616 29.0174922934 30.40785819 29.2774868041 31.2150474544 28.9635163201 29.0345501334 30.9786132635 29.6891424672 31.5433945966 29.1235313955 28.8296083965 29.5406505842 31.3052755222 30.1571390597 31.4575535135 29.1247328744 28.5526194536 29.2166078019 31.2869116583
0 0 0 0 0 0 0 0 0 0 0 0 0 0 28.7802000593 30.5893908479 30.9956122549 31.4155986146 29.0564213847 30.0005373851 31.7713972016 30.659391201 30.2214609391 30.5967695176 30.8838158014 30.9391352283 32.0354309762 30.3039639843 31.8773664503 28.8222161739 31.7742862505 31.6644895156 28.9695670827 30.0761143889 29.4999249852 28.950702061 30.6622263181 28.5933046505 28.6672223974 29.6300047982 30.4833890091 29.6768389284 29.234286265 30.5923033659 31.8040100446 29.8570565292 30.818685774 29.8533558518 31.9357786508 31.2048279569 29.4727760985 30.2466541395 31.2624543372 30.6227810788 29.7579967133 29.5650447915 31.155579489
0 0 0 0 0 0 0 0 0 0 0 0 0 28.9604351535 30.9829595062 31.64997351 30.6402920215 31.4274322408 28.553248917 31.5661312026 31.8570118755 28.7852476807 30.071133609 28.9008921741 31.534847193 30.0251570606 29.9265357979 29.3113324008 30.0977766377 31.2181933679 28.687335748 30.1257435366 29.2719557547 30.0178699975 31.1221189462 29.7146959323 29.9572248505 29.684650565 30.6598086708 29.5563847878 29.1676625869 30.536762953 31.3159424498 29.0219946339 29.4712492345 29.7083706481 29.5377025475 31.7612030466 29.0744858725 29.5779361602 30.7331649356 31.8182006488 30.7024315397 29.0678398094 29.6866384408 31.6483926816 28.7536110789
0 0 0 0 0 0 0 0 0 0 0 0 30.7917876578 30.417683893 30.8025022138 29.9038056789 29.6342296137 30.7119646765 30.9460091187 29.7948408926 30.3673061974 29.6105187889 29.1162784499 29.3857848922 31.6086271201 31.7240479688 30.0714840589 31.4016435125 20.7788375227 14.7755144375 14.2020714496 31.1649585889 31.4233834676 30.4082132064 30.7514768191 31.235883182 30.1632305512 30.8802156211 29.1592210637 30.8488533767 31.6225389115 30.5082630762 30.9185485547 30.9498917551 30.1682744172 30.2021276666 31.9398436151 29.8089608332 28.9554063094 30.9756441328 30.075491454 30.0653732666 30.0991354842 29.5319591052 30.6176603057 28.686652169 29.252332601
0 0 0 0 0 0 0 0 0 0 0 30.9320297121 30.4025674801 29.7523569175 29.1770689015 31.7969659773 30.8783549983 29.1245312511 29.9640965065 31.8902050657 28.7027620166 29.1084416342 30.1572614628 31.4388083821 31.9663265042 31.8749739353 28.9863408695 31.0525621494 28.2454747639 13.9001662137 15.4133166465 28.770419988 29.9194943655 29.9663719445 28.617070183 29.0752018683 31.1682893927 29.872267517 31.9234167805 30.6064028888 28.5911878071 29.7856924926 31.7424919437 30.7407360045 29.4649546775 29.8390236555 31.7339943775 30.5040598693 29.3306400665 31.7987783489 31.9806045118 29.6508266521 29.9354129218 29.8773970643 30.2886810137 30.9228244559 31.5905152958
0 0 0 0 0 0 0 0 0 0 30.7474362813 31.0434346032 31.2530402517 29.1861363387 30.395164632 30.8816094684 31.7932944814 29.3377220609 28.7769403052 31.1453527673 30.8758758232 29.5545560508 28.8390593393 29.8181157448 31.6419144838 28.5024008799 31.4343996904 31.8442245906 31.1600436758 10.492333878 19.1854512317 28.7381489883 29.4060633487 29.9539055574 28.57036391 30.81337326 31.6933932907 31.7695571724 28.8425109655 31.2876351872 29.1561327032 30.5830365345 29.4210954472 29.0540366501 29.4313168492 29.7610433283 30.3147174131 30.5830609854 31.9742002274 28.9987287776 28.911738427 30.5708895253 30.6473383834 28.6255318162 31.1492476738 30.2231405847 29.8382934262
0 0 0 0 0 0 0 0 0 0 29.1766897662 30.7869817185 29.6400922847 29.958814806 28.6439458019 29.1376270888 29.2726350188 29.037815924 31.7133158883 29.4127588193 31.2105411424 28.5937704173 29.4652353968 28.83169306 30.3034525709 29.757633722 29.4924243697 28.7194104527 9.0495158825 15.7116232688 13.5934471679 29.9701797928 28.5510866417 30.4876417543 28.7415853645 28.9067944587 29.1799647964 31.5019752591 31.6022095577 30.0780014029 29.6832292816 31.3380544296 28.5874617089 28.7632786061 30.4318210489 29.5684474517 30.7648336316 29.2404865057 31.6926450632 31.2306073341 30.6341881009 28.5040518824 30.2644557188 31.9045330864 30.7200900663 29.7240300358 30.5376531691
0 0 0 0 0 0 0 0 30.2629675556 29.4720586565 29.6034829827 28.5070247203 30.1346411845 31.5779543727 30.8496864019 29.8393858802 29.500158016 29.9898046501 30.1546581994 30.7821091568 29.7078013232 30.4544548382 31.6774233035 30.3518757474 30.9599302259 28.9005004125 31.1564280796 28.5354240168 30.7881722168 32.0110860871 31.6166661242 31.7094942297 31.4681687474 30.7007721385 28.5250201339 30.8037986154 29.6993348809 30.2096059212 30.1382423682 29.2304647249 30.0430288532 31.5753621111 30.1281010719 30.0386502816 31.0364701271 31.659159512 30.2583318491 29.5932542605 30.5807505336 31.1684465131 30.0241107067 30.8562852185 30.9746099394 31.7090639319 29.685443212 28.8981210785 31.7872329792
0 0 0 0 0 30.238025872 30.3951033267 28.6691160877 31.5391856296 31.6187675469 29.6678711895 31.4367132914 28.959893771 28.9941366471 28.6912358675 28.9733003175 29.3290552442 31.1810302137 29.1687472138 31.2778861339 30.8142772858 31.1900912303 29.4192873945 31.1624606706 29.3446630894 31.7402382991 29.6865780626 29.6358974003 29.0302610696 25.6981520995 25.0630011736 18.9472153839 29.6711623459 30.5905908415 31.2365976954 30.4770680017 28.9370487076 30.8189304385 29.3757166666 31.802046467 28.9369400024 29.6715263634 29.5463659232 29.0248452474 29.4381931285 29.0461850905 30.4404977644 30.9641784881 29.4361047379 29.1504036773 32.003187764 31.9796658061 29.4724893483 28.7972597168 30.4632785081 32.019239047 30.3120477088
0 0 30.8182174728 31.4663285 30.1385261154 29.7685497974 31.1686224525 31.6970883622 29.7476364932 31.2357165789 28.8135454854 30.7160218703 31.8865745208 29.1953704165 31.3736386481 28.5172530074 30.9258695864 30.4473046713 31.4233423771 30.0655056858 29.9865991385 29.433482829 31.9800220825 29.8789582621 29.3714389028 30.7486537939 30.7994137965 29.4919425575 31.5449232263 21.5219812825 11.2496634849 31.1985585744 29.3538600504 30.8766024757 29.7053323881 30.4261343767 29.7440684359 30.1938625127 30.8655342697 31.0556484038 29.8130967991 28.740116486 28.6225072567 30.7959006912 30.1278929694 28.5481243998 31.5396523534 30.0671516003 30.3672040139 28.9191392361 32.0155555051 31.1259176828 30.1956554776 30.4492242053 31.1548013465 31.302842105 30.0383032615
0 28.9276076952 29.5424087515 30.3570408478 30.4015020233 30.3438695915 30.0154512514 31.9840918486 29.3183504392 28.5687824076 29.9851660076 29.1724952312 29.0246739403 29.2543919432 31.4116887944 28.6072859008 29.8933979915 31.944426136 29.8239179043 31.7490233925 30.8128924584 29.2734248259 28.928827887 29.9411345358 29.812827174 28.5149629052 31.7480992462 29.3528698971 30.1300035806 18.6283869627 26.8966319392 33.8251652582 31.0027805538 30.3497000875 30.835683862 29.3746805458 30.0780541923 29.9939274019 29.472313066 28.7250717964 28.7028199354 31.4056910985 29.5110819592 31.7980153488 29.3188707663 29.5362351392 30.7573119958 29.1894821424 28.9701252959 30.1956304246 30.3624266602 31.377068829 30.5478067983 30.4470852017 29.9351737714 29.9681085658 30.5445539858
29.3770041596 30.7217571064 29.8491013353 28.6740640292 30.0077709806 28.9812994388 30.0751258146 31.6383492544 30.4791057375 29.5018276857 28.5462751113 31.0190803263 31.4503704978 28.8034716677 29.2219468736 29.9547605339 29.2299459889 30.3732074701 30.0839472089 30.9805045737 29.240124154 29.2212512768 29.575299806 28.7697779759 30.9356944594 30.8463502305 29.3538888439 28.7156204706 30.9755653076 31.8233874568 31.3914553493 29.9267056809 28.9478675179 28.5943525446 29.3096191263 28.565881346 28.8419149299 28.6347779662 29.7185849976 30.216963762 29.0833346978 29.7444792859 31.6332067828 29.5483416778 31.7017848219 32.0237532566 31.1692311327 29.55787684 29.3995190709 30.5650788616 30.1555715837 28.9581292674 29.2745837908 30.359481626 31.9559652672 31.1956422947 30.939151991
30.2908533704 30.560963355 30.4985086085 29.6458202529 31.4965294973 28.7888847729 29.9369630549 28.6090122008 31.7343922081 31.4483783183 31.6438733526 31.2254207635 30.4731755769 30.0740486205 30.8201629386 29.1693438354 30.3315971376 30.9393388851 31.5216072394 31.8733965044 29.2260710822 31.2516006073 29.6675344233 31.792640644 29.9516813424 28.9903788137 30.8922104013 28.6062025509 30.8902420204 28.6342765494 30.9530993954 31.4211050711 28.8322470602 31.4765248912 31.0105641816 31.8711742873 29.3772055631 29.7622471795 30.0641696305 30.49216827 30.8928364013 29.2757600627 30.1445097739 29.9851939215 30.8506186764 29.5980157276 28.7513914398 31.8628712598 28.9728456928 30.3502278363 31.7945326958 28.7375413197 28.7066407842 31.094692885 30.0759142011 30.1640924417 29.7420981519
29.2027707845 29.7830300977 28.8313668143 29.1617026262 29.5445908442 31.719603721 29.0174551952 29.9263800163 31.5449375457 30.205442208 28.8975085731 30.7050460648 30.8563329758 31.3720541448 31.4122850724 31.3524496923 29.8726826531 28.7684550798 29.506769391 30.0856392965 29.7385025256 28.5698152423 29.6555719182 29.1763930126 29.9377289529 28.5970605206 30.730755501 29.9042808796 29.8804358726 28.781310078 28.6353669908 28.5038205922 30.7968206425 29.8687424665 31.7728605388 29.075877966 29.5238999819 31.2704308525 31.6282552539 30.7793463638 30.1911155136 29.1814944258 30.9098972033 31.7894657167 30.4930924815 31.3570513976 29.123745947 29.0719143413 28.9164460521 30.1559165728 31.6806166217 30.8583778498 28.5373983448 30.6325420218 28.6165340085 30.0210952929 29.4934408034
31.6788939616 30.3135179122 30.4661311658 30.8673419819 31.5553822348 31.2848317361 28.6734418664 29.2733284708 29.0267696014 29.009134352 30.8102189269 28.5285048214 30.663943124 31.5454553774 30.2334286432 30.4261468331 30.9018674502 29.788801401 28.6735256907 30.3523493602 31.809558939 28.764545607 28.6133008255 30.4687921133 30.1737466174 29.8477713636 30.8201946535 28.7337025535 30.5244298199 28.5729868258 29.3929438242 30.9986793948 30.8931059492 31.7385582642 29.3566527725 30.0447176813 31.8619855004 29.9883004281 30.1758035984 29.4082900076 29.9415020363 29.8150887891 31.2087290865 30.4396683498 30.1180686908 28.5187366021 31.2486372304 30.7198781743 30.5701584382 31.7491384084 28.8136263919 29.7369042426 31.3857087688 30.2986751018 31.6137834592 31.5147661827 31.6842265528
29.8676111412 29.0679261727 30.6595284135 31.4646024011 30.8232829648 30.9084342712 28.8040271333 28.8763275403 28.7485605588 30.4510649358 28.9072364771 30.1629948605 29.4858156105 29.5877416076 29.0479408131 29.4647213859 30.1970138372 30.2923588304 31.0080797862 28.6588422659 30.1693049652 28.6202313642 28.5869746352 29.2568322535 29.932473216 30.1660694521 29.3061669315 29.1697780581 31.766224062 30.1548684777 30.661820376 29.0948783548 31.3348109837 31.3282553325 31.8083350515 29.859441523 29.4047494352 30.2475470601 31.9365575357 30.0910748351 31.5229584699 28.764833482 29.2266268558 30.0170963274 30.5937393653 30.5968320448 30.2395417015 31.3335434729 28.6374691178 29.9195355847 29.742386715 29.9788522229 30.2270547474 28.7083455529 30.7843652628 28.750702135 29.3841041465
