Spatial_Output/DEC/DEC_0115.asc
NCOLS 155
NROWS 192
XLLCORNER 196307.867259
YLLCORNER 449144.565805
CELLSIZE 33.573938
NODATA_VALUE NaN
[rows 78 to 103 of 192, columns 0 to 56 of 155]
0 0 0 0 0 0 0 0 0 0 0 0 0 45.7163659442 44.1345353224 44.4721585512 43.1070284032 43.1788770641 45.3604136069 44.8098478687 44.8650532401 43.9544502122 44.1366160236 43.7405137287 45.0783823661 45.1638984225 43.4886300494 43.0821669489 43.4190485134 44.9117836755 44.5804715643 44.5436864764 45.7469887144 44.5812789015 43.325819497 44.5816546214 43.0686366172 43.2518666116 43.5104498093 44.6699387932 45.7101740221 45.4674245404 45.7532823348 43.5285319085 44.8533414915 45.4861498278 44.156491004 45.1420646811 45.4548148128 44.5953671963 45.1774025439 43.2757147895 44.5021888478 43.0530869482 43.2936627789 43.935838373 45.7528490495
0 0 0 0 0 0 0 0 0 0 0 0 0 44.9051465853 45.7852676286 44.3619287025 45.187947648 44.4247886162 43.1135495662 45.1774383767 44.9294758576 45.6380450735 43.4678853002 45.2070711343 44.7278151728 43.2379785408 43.6384491914 43.0533753533 43.1288911203 45.1269276994 44.0891349393 43.9027077555 45.1937493425 44.031399047 43.2026912733 43.0459645795 45.2358485318 43.4243886145 43.0956954878 43.8014017034 44.0387167268 45.5124429215 44.8082362947 44.7814116647 44.3328686618 43.2947507124 43.0261704535 45.1710945709 43.8858114757 45.4977095983 44.3876442297 44.043014801 44.8068503644 43.167028088 45.1957368257 45.6007648198 44.877815845
0 0 0 0 0 0 0 0 0 0 0 0 0 44.5611781062 45.2400031276 44.9526821099 45.4075340136 44.576579856 44.9307096806 43.1197543141 44.5277124068 44.4566919505 44.868380307 43.4349641239 45.4871531111 43.7637141052 45.4833177701 43.2179257372 44.4654105456 45.4114320576 43.6752604076 43.7748666794 44.3085201636 45.7747880897 45.6068908526 44.4342554583 45.5629396632 44.1632260372 45.604789986 44.9935135502 44.6707563316 45.2752866029 43.4677815806 45.0801110262 44.7972980241 45.2264187991 43.9511017041 44.2563543304 45.6285635044 45.8171712143 43.734100749 44.5470021456 44.7589850944 44.4924183254 44.8437479342 44.2654304193 43.6918736349
0 0 0 0 0 0 0 0 0 0 0 0 0 0 44.7713743105 45.4512603676 43.9017322576 43.2728289067 44.1734339792 45.0358047146 45.5416664307 45.3609443679 44.1849630886 44.5146649569 43.970146544 45.0993405873 43.1566053939 45.113629391 44.821665275 44.4365236768 43.386686854 43.9416910492 44.18594202 44.5184432853 43.6487586252 43.7522178191 43.117289777 45.4282022984 43.8021376671 43.0929082253 43.2824915203 43.4335543376 45.4338535964 44.0180143901 44.3165533793 45.0300475606 43.1686655524 43.108935666 45.4759759925 45.761724635 44.2922681015 43.9925636055 43.6689397734 45.3872422645 43.500277672 45.5479415659 44.3568718441
0 0 0 0 0 0 0 0 0 0 0 0 0 0 43.170711858 43.4379744668 43.1818193117 45.3791395114 43.2559938183 44.1210486122 45.4177099906 43.6296649635 45.0992817032 44.0722175478 43.475745207 44.3184902015 44.080831375 43.710058462 45.6901525125 44.3843717633 45.5990718647 44.3100890922 44.9847880082 44.5367093617 44.7866066222 44.5975050831 43.9789032375 43.0689330463 43.8798554535 43.0264157606 43.2366727564 43.775594813 43.0814311461 45.1474754987 45.1644695911 43.4878284197 44.9909588167 44.2819291861 43.381514682 43.5559557415 44.5485800673 43.874055414 44.2904302665 45.5728694572 44.3791293577 45.0999608523 44.0720658513
0 0 0 0 0 0 0 0 0 0 0 0 0 0 44.5399951383 43.0960429572 43.6341848825 45.3820559608 44.1307557245 43.2881750926 45.7337304825 43.4276280509 45.5312723825 45.6920711057 43.1374646812 44.6080136273 44.629985411 45.2561574442 43.1546635873 44.4084337831 45.0692322091 44.8818729203 44.2024067461 44.507399325 44.6514430873 43.5047348629 45.0765172771 44.9877114906 44.6499309616 43.047425208 45.376490859 43.443004019 44.5799665709 45.4286352457 45.5424710122 45.8240310868 43.301935219 45.8139950551 44.6451791768 45.1976530584 43.3703374207 45.0833202968 45.7734556698 44.2793370082 44.5776760436 44.9170963435 43.7008014946
0 0 0 0 0 0 0 0 0 0 0 0 0 0 44.6859497369 44.5897082294 45.412276626 44.881963095 43.7509307945 44.0946449171 44.8423600257 44.9174509701 44.6032046133 45.760665477 44.9995964512 43.0400794974 45.3904573471 43.4466754603 45.489695396 44.1668753865 45.5226372956 44.6967681229 45.4641680429 43.746226248 44.5004707842 45.4439597995 43.7062618799 44.030304028 43.7586801004 44.3086592652 44.9229313784 44.9989069859 45.6504564049 45.1869778851 43.6627504397 45.0501760868 43.7199986986 44.1372753389 44.534285073 45.1675793988 44.782545949 44.4737882262 43.2562174749 45.0063723823 44.6074733397 44.9517588884 45.1773955266
0 0 0 0 0 0 0 0 0 0 0 0 0 0 44.5771204382 43.1586654842 44.8807911283 45.3488889901 44.9371176909 44.8257973847 45.0622093675 44.5812867261 45.4094650448 44.3815500099 44.0433393602 44.9823703825 44.4660805623 43.6107423462 43.3190573998 44.8497666884 45.2652757213 44.6996529974 44.3842243551 44.1894015986 43.8337484062 43.5083253052 44.9837301097 45.3555495362 44.3995053266 43.2634024755 43.1652288147 43.5871077218 43.4948891664 45.579671963 44.7542365961 43.2721860996 43.0294168586 44.2891797859 43.3350573003 45.5303027508 44.8933958633 43.1617615722 43.3217749629 45.3198682755 45.6894090755 45.2131758969 45.4879429773
0 0 0 0 0 0 0 0 0 0 0 0 0 0 44.0442944868 45.5847851986 45.4471842848 44.2439367911 44.9469812663 45.7425740724 44.1096832521 43.2189865431 44.3003618788 45.3787261745 44.4232163701 44.6345521863 43.2273905014 45.6437059299 43.3806564134 45.5464060904 45.4299124871 43.9733710256 45.1304735225 43.2676249276 44.5646032537 44.8920918114 44.5159779321 45.405046264 43.9196700416 43.7701053568 43.5940162605 44.4988063554 43.1408545812 43.89903487 45.5156929382 44.3128016071 43.9851431351 43.2070203695 43.1357692249 45.5430019207 44.8018448956 45.5672846797 44.1405802285 45.1671694836 45.2059912524 43.7232128391 43.7146757592
0 0 0 0 0 0 0 0 0 0 0 0 0 0 0 44.7005816652 43.6323735987 43.4453800871 43.8275214112 44.0093653074 44.1621302609 44.5785445055 45.8099741027 43.4557854785 44.2622854635 44.1696238284 43.3213151321 44.8289990286 45.4666445659 43.2995110052 45.4909561383 45.4060808779 44.5074091263 45.4079947788 44.9079302161 45.3970851914 43.7999892231 45.4019084002 45.533060326 44.4900073813 45.0216237601 43.32910039 45.1704576655 44.8882577937 45.1845888452 45.3204004132 43.6104710036 43.3415567679 43.2614613099 44.0984975103 43.7463121041 44.5208104125 43.541992073 44.6459339049 44.8860943398 44.5433713838 43.6625320043
0 0 0 0 0 0 0 0 0 0 0 0 0 0 0 0 45.5123129482 43.507724707 43.1516533125 45.4014872861 44.8815672986 43.0942324586 43.4906650296 45.7738906371 43.0287168036 44.7917460329 45.3109716265 44.5305796609 44.2902116339 43.8428616043 45.0933793186 44.8652872056 45.7433528755 45.1524559575 45.1955754273 45.7532889671 44.2829982918 44.7692692215 45.4776947285 44.8031355228 43.7673662289 45.7252802957 44.3162054898 44.3969060426 44.5319072307 43.9171475576 44.1201921666 44.0703292666 43.4931265006 44.9469147893 43.4899149231 43.2754219649 44.911204554 44.6822619018 44.516008602 43.8902955491 43.9607219841
0 0 0 0 0 0 0 0 0 0 0 0 0 0 0 69.7571762143 69.7571762143 44.107850261 43.0073654737 44.6359108877 44.3611099945 44.9697136419 43.8696943084 44.1141500502 44.2673577158 45.3200227579 45.2558967385 44.1974456211 44.4578535175 45.4709777815 45.4490506684 45.605344564 44.807502006 43.1840027843 43.207978271 44.2296778404 44.3233689753 44.3926344729 44.5984822258 44.8941481093 43.7489404507 45.7795854347 44.6976091096 44.5332933964 43.5041425261 45.059223545 45.7937640581 43.6115224187 44.9374652411 43.0833521026 44.6440325656 44.8267571219 44.9479054926 44.0908282864 45.4800578946 43.7703628437 45.6344010484
0 0 0 0 0 0 0 0 0 0 0 0 0 0 71.1128159093 71.1128159093 69.7571762143 0 43.2624607625 45.2351079286 44.6336731526 45.001752498 44.1020884637 44.5584393357 44.6638354136 43.7424606365 43.4204840847 43.3422771451 45.4804748544 45.4781661622 45.0022493013 43.3043547144 43.6484832418 44.0058385155 44.5890871012 44.591028062 44.6581863216 45.3056919652 44.8139912628 44.4873471681 43.9973678443 44.0272707787 43.2148072193 44.8937503194 45.5995266851 44.8414903315 43.0191395653 43.3904152027 45.1882858379 44.7423191971 43.6176538347 43.7222160506 43.7150561889 43.6777866787 45.0492037465 45.2055179703 44.7011054176
0 0 0 0 0 0 0 0 0 0 0 0 0 0 71.1128159093 71.1128159093 0 0 0 45.6943220542 43.655073449 45.1540808721 45.3921772993 45.4673359782 43.7173345958 45.7613021239 43.4595253435 43.3069092669 44.6098812169 44.2600549926 43.9142806974 44.7025392918 44.6371681338 43.3626732445 45.8051773771 45.1706577503 43.2199784971 44.3757516926 45.4394845565 45.1851973469 45.60033389 44.475492457 43.3621162143 44.8198134291 43.6778010985 43.3624623743 44.7306098761 43.0112658628 44.2232650941 43.434699983 43.6984819814 45.3426870682 44.123303988 44.8940977345 43.9596504128 44.6838113625 44.9764794147
0 0 0 0 0 0 0 0 0 0 0 0 0 0 0 0 0 0 0 44.2103317127 43.0978686823 45.7890349261 45.6893746157 43.3527678753 45.5891765673 44.2358070621 45.1079683822 44.0218577105 45.1208410027 44.8900560039 43.627753814 45.8100711899 45.5266466665 44.6670259693 43.4464326308 45.3489303041 43.6773487091 45.0743195253 43.4925572879 44.082731057 45.7534317901 43.563241981 45.043041695 44.3828075209 44.2149622417 44.8567577055 44.6062709171 43.2085689757 45.2244991656 45.1541622924 43.2870756301 44.480189837 45.0856502472 44.6942884811 44.7720239163 45.1925858258 45.5210258933
0 0 0 0 0 0 0 0 0 0 0 0 0 0 0 0 0 0 0 0 43.9938106383 44.868593188 45.743462146 43.0249244786 44.868136899 43.4478376818 44.3467906446 43.9702709763 43.8084232061 43.5828237729 43.8952410432 43.3583268869 44.2493807963 44.0292475575 44.2517029389 45.084046163 44.1147814236 43.7540673356 43.1486448479 43.4799769377 43.5971651407 43.6675248548 43.4352090006 44.9193136573 45.6793838524 43.9873134572 45.6865189728 44.9835935803 44.0665118215 43.0023337956 43.3524149121 44.9908971236 43.1977716469 45.5999450655 45.0657518713 44.5968641833 44.629424278
0 0 0 0 0 0 0 0 0 0 0 0 0 0 0 0 0 0 0 0 0 0 44.4538145174 43.2975124749 43.1188094917 45.762715384 44.393258516 44.0758361171 44.3026570072 43.3549663588 43.3085788393 43.2239326246 45.6862867516 45.0004679884 44.3466302852 45.7885337258 44.057698417 43.8043786922 43.1570534341 43.0186525739 45.4043824692 44.7004438303 43.066574157 43.2320666483 45.1326163634 45.673179415 44.1601468631 44.5795256628 45.5354285051 45.3727520475 43.0599547334 43.1243294003 43.7561558977 45.7469721984 43.8996673449 43.3551266325 44.7118066773
0 0 0 0 0 0 0 0 0 0 0 0 0 0 0 0 0 0 0 0 0 0 44.8175257297 45.2201549463 45.0304648665 44.4960491945 45.1558271242 45.3624429669 43.0218009082 44.6190397101 43.0126657457 43.4194773849 44.9994852454 44.1805756947 45.8064541187 45.4251453801 43.2956410388 43.7534542947 43.1731359898 43.4808917373 45.3288007422 45.4815009509 44.2660933683 43.959202241 44.0633586799 43.497249064 43.7415714766 43.6531710232 45.0703782049 45.1505106079 45.3968569809 44.7184243901 43.8210355283 44.6294227278 43.0872312176 43.403170289 45.2077655279
0 0 0 0 0 0 0 0 0 0 0 0 0 0 0 0 0 0 0 0 0 44.3732071024 44.1163608342 44.3041319292 44.1804207292 43.7023485855 44.4847297047 45.0833029332 43.1354192465 44.7639755332 44.8485305972 43.6223576325 45.2503327471 45.7835279789 44.9910622503 45.2846220986 44.8201021523 44.4920868891 43.7168484957 45.1687999695 43.0568113164 45.1308002855 45.7215010952 45.327504194 45.164778853 44.7247394165 43.7772405616 43.8470014983 43.7066213517 45.4658232032 44.3979059755 44.447313627 44.8853758523 45.264242914 44.2252427048 44.7071818451 45.1302058363
0 0 0 0 0 0 0 0 0 0 0 0 0 0 0 0 0 0 0 0 43.8605753794 43.8583013105 43.2712386621 44.8338476333 45.6391598438 43.0372941904 43.9296026589 43.6486673106 45.3493732029 45.7340144921 43.8074650085 44.7938048357 45.1087028452 43.5103687054 44.5481927474 43.5837410952 44.3253549949 43.9510290113 43.0107388888 45.0675623137 44.7294501629 44.7903956291 44.5154020601 44.3082822211 43.4597199316 43.5435293596 43.5375281786 43.1572551585 45.7157727066 44.1856648964 43.2052316994 44.9529206903 44.3088752636 43.008665694 44.154002241 44.9755352352 44.8798450579
0 0 0 0 0 0 0 0 0 0 0 0 0 0 0 0 0 0 0 45.5412729756 44.0735466696 44.444619734 45.5195571744 45.1372632555 44.9631247371 44.3143605459 43.7711862866 44.6881097133 43.1331200453 45.3378423706 45.3009185846 44.8708949973 44.6782491544 43.1935424898 43.8531586654 43.8865889771 44.2541077917 43.6523209299 43.6473744882 43.324577032 43.130599902 45.110464679 43.7929771782 45.7643801349 45.822912935 43.8895860805 43.8948670882 44.4491203542 44.7073305762 44.5779273913 45.3712169283 45.2683752132 45.3042024876 43.4272181885 45.657180117 45.3893429541 45.180972957
0 0 0 0 0 0 0 0 0 0 0 0 0 0 0 0 0 0 0 0 43.7796607157 43.7702523661 45.3492889924 43.6531016532 43.0879198795 44.828652039 44.4730381377 43.788393848 45.2650149444 43.840312731 44.4913361798 44.9894834716 43.838857342 44.7294693623 43.6545401884 45.0860106587 44.1613879664 44.2198922408 45.6417869622 43.5978926793 43.1915379103 44.7717818849 45.5003900753 44.7851760462 45.1553739464 45.1687759575 43.098171643 44.6461189822 44.5300727068 43.6770334535 45.2052012852 45.4792357587 43.6589853106 45.4383785879 44.9123329009 43.9199020691 43.0752410812
0 0 0 0 0 0 0 0 0 0 0 0 0 0 0 0 0 0 0 0 0 44.9180324415 45.1767023402 44.2844684892 44.7994606906 43.8353870345 45.3116195152 44.1794167964 45.4841824254 45.5655321586 45.5174655387 45.5675965778 44.0002623694 43.5604662997 45.0011793799 44.3196010602 45.5013135606 44.9827811177 43.5432024015 45.5435058229 45.2213008481 43.9088825937 44.7424083355 45.1545681597 44.2475512969 44.7787448146 43.1351907587 44.6041807936 44.634786532 44.4077145933 44.6669377281 45.3394396269 43.6064421568 44.9862007483 43.1031748933 43.2473643711 45.5846201324
0 0 0 0 0 0 0 0 0 0 0 0 0 0 0 0 0 0 0 0 0 0 0 45.5968884625 43.8448592244 44.3238543212 45.5812015367 44.5712553535 44.3888407345 45.4909689902 44.777677136 43.3439301904 44.5040998244 43.4558518835 43.1479393521 44.508662805 44.8447209357 43.2666250969 43.0832545179 43.4213179081 45.4962216715 45.0083554203 44.7081168994 44.6164907277 43.4089667132 44.0021035969 43.5173418646 45.0827272977 43.1484926628 43.0071080114 43.9345145568 43.2082882599 43.7415512898 45.0174497329 44.3441266552 45.5812107843 44.8238919368
0 0 0 0 0 0 0 0 0 0 0 0 0 0 0 0 0 0 0 0 0 0 0 0 0 45.7808043575 45.6750084053 45.0031764153 43.2714762273 44.4458225414 44.7822307566 44.8174686594 45.6495056423 43.9824444418 45.3709411964 45.5763834562 45.1643534217 44.3808045972 44.800775379 45.5544095205 44.539270181 43.6485888339 43.1970370165 45.466915133 44.1589143453 45.2283240525 43.7321956314 45.6147548828 44.7765758571 45.2315573353 45.1240397541 45.0809656728 45.7920316904 43.6013672137 45.2074786062 44.7337460193 43.4139403806
0 0 0 0 0 0 0 0 0 0 0 0 0 0 0 0 0 0 0 0 0 0 0 0 0 0 43.9024683855 45.1297740869 44.279658155 43.7981203399 44.7996191278 44.1865205205 45.3293488771 43.7387947007 45.1606815218 43.2279866817 43.3944512185 43.1713000406 45.5106665657 44.5781380463 43.5125530623 45.5442008604 44.9343665617 44.1071074229 44.555277536 45.3230246072 45.0575576439 43.7966716393 44.5211984581 43.8082305004 45.3678633063 43.3787377121 43.1179856379 45.4530233401 44.1881173324 44.6893260802 45.7739889271
