Spatial_Output/DEC/DEC_1354.asc
NCOLS 155
NROWS 192
XLLCORNER 196307.867259
YLLCORNER 449144.565805
CELLSIZE 33.573938
NODATA_VALUE NaN
[rows 52 to 77 of 192, columns 0 to 56 of 155]
34.2930922593 33.1454437649 34.3172264724 33.782605123 34.3015851742 34.1747748829 34.1673477342 33.0181010693 34.1626025812 33.6058842855 33.5608025245 33.5744343443 33.9070344097 33.113071653 34.1226786456 33.3144701382 33.4737541675 34.0709017708 33.7615539856 33.3447798703 33.8920680642 33.1571622436 34.1875604696 33.98406467 34.0263798606 34.1442496718 33.2782351754 33.6643788377 33.9170645608 33.533325358 33.8687735041 33.3186116407 33.3229963957 33.94869673 33.2712954508 33.8343741244 33.5444177016 34.4038536511 33.2353036493 34.1404238079 33.6294336334 33.7495806568 33.8918790598 34.0279433803 33.4170095841 34.1904708683 34.3193210544 33.3259345359 33.6570340808 33.0836164842 34.0252774815 33.4322449125 34.265715896 33.0716392808 34.0877190847 34.2810389017 33.6749746972
33.5285177204 34.1387456402 34.2173974649 33.7730503119 33.6268615403 33.2856336498 33.6399862281 33.8778225744 34.1339915996 34.3366432509 33.1228924076 33.3446306427 33.3479294419 33.3469041618 34.1990796601 34.3925286675 33.5358921922 33.2496511462 33.5081762166 33.0766233897 33.6152179064 34.0327487427 33.4740874897 33.3948133648 33.5521980419 34.3514240638 33.3894412527 33.8102811503 34.2518139187 33.0549808601 34.3386361745 33.9505020281 33.2258848752 33.4223870972 34.4106900568 33.3086361932 34.4120540434 33.8907656653 33.5953567594 34.340593896 33.9855773314 34.2258088012 34.273358524 33.1147303978 34.3554523997 33.3020908806 33.2575815898 34.1942766776 33.6820687403 33.7876001811 34.1859943282 34.1855296635 33.3929168752 33.0280417301 33.8325169836 34.0704875405 33.4912811487
33.2587882043 34.1264971114 33.7709134721 33.5219830554 34.4000818717 34.2580460176 34.3243613075 33.2712990027 34.0920985128 33.022323189 33.6426314729 34.2359748377 34.3283816131 33.3972836212 33.1098676238 34.1652203312 33.7521570902 33.3015893208 33.9008902543 33.8991023817 33.3180296922 33.7151032867 33.4654418397 33.5058618015 34.1660808712 33.0698296008 33.1528059027 33.5358683086 33.3633014114 33.3586684502 33.2654641663 34.3570633165 33.8675998285 33.0874548169 34.304160302 34.1764698468 34.0580126217 33.771446719 33.4434129228 33.5885743544 33.6509601979 34.2961670198 33.9642847245 33.7723358581 33.6138725184 33.9518096687 33.2083153248 33.2433986971 34.2149167972 33.4987245289 33.5114646231 33.5546872607 33.0359809589 33.4807647741 33.6447169054 33.5110061077 34.1297346113
0 33.2965997204 33.6503031916 34.3255569768 33.0038924928 33.0197827339 33.1676211642 33.9287932945 33.5460853757 33.8337078812 34.239360673 34.1371133118 33.1848295771 33.6032605731 33.3209345614 34.2273130618 33.8800868801 33.7897486701 33.1946122826 33.5398354169 33.2868781561 33.5483885693 33.4698229785 33.1785533072 33.7731732151 34.2173650166 33.2428638293 34.1143411528 33.2042427539 33.4470213938 33.3610037155 34.3879464976 33.8888478569 33.8303036093 33.7935319371 33.8377956074 34.2253943707 34.2543044469 33.4062165548 33.3659658457 33.3020549331 34.2948302112 34.2284441213 33.1369063392 33.1756651152 33.6486428396 34.2485395604 33.0679916722 33.5071655401 33.2740370061 33.3774267201 33.3046420517 33.5453176692 34.333755157 34.0268693027 34.2378408823 33.8878645545
0 0 33.7127997048 33.9618398016 33.8898225604 33.1588115015 33.5046570483 33.5492964054 33.8960311353 33.4304986561 34.2407127766 33.019677651 33.5828125843 34.168674409 34.2389960667 33.836105279 33.8111368357 34.2058781573 33.440327795 33.5099104938 33.8629052618 33.5576909011 33.5462179292 33.3704209293 34.3158999015 33.6447102456 34.3489719303 33.8184487544 33.4128553921 33.3858857371 34.0825443868 33.7581056212 33.182808019 33.8298406324 34.0550959566 33.0886558942 34.2722635488 33.1809750964 33.585470622 34.2382581612 33.2622246365 33.7040859991 33.5793790494 33.7943568355 34.3935125238 33.4077727727 34.3147452252 33.5557777402 33.4846840621 34.1291057099 34.3542900564 33.7501979591 33.3701715153 34.0772890284 33.2714693613 34.1217210604 34.3287591577
0 0 0 33.9486274982 33.3756804746 33.7248033774 33.2097890248 34.1307931849 33.097889279 33.7824536379 34.3767218002 34.1096254891 33.9343874499 34.0790295106 34.3444396375 34.3191638248 33.4500950919 33.2619568763 33.7018651529 34.0107290197 34.0278070565 33.6327300454 33.7676173157 33.2429688599 34.3885722049 33.5336056396 33.8060460767 33.4623138135 34.1502481157 33.9245692253 33.7475577524 33.4291785277 34.1486129781 34.3985429319 33.9385971363 33.3922631956 33.8589449839 33.0184953073 34.0328111405 33.7930355019 33.3520905044 33.8320199309 33.0844403323 33.2396538176 33.389399417 33.332669823 33.9418455936 33.2977249393 33.9433508837 33.0942480254 34.4066524614 33.1820881437 33.9228201315 34.0577184135 33.5269017989 33.8915456017 34.3892161337
0 0 0 0 34.0751368994 33.6444927551 34.2379111152 33.1121215346 34.3521741803 34.327012168 34.2959330512 33.1290971651 33.6068213235 33.5052797618 33.9604670791 34.134408575 33.576473574 33.9722132522 33.1590337357 33.4399476279 33.6729139177 33.8219356611 33.4831926062 33.4705592209 33.9232060058 33.7322691988 33.4519788454 34.3404580893 34.3885818129 34.1844848319 34.1303743505 34.2978776024 34.0444892949 33.4832651332 33.5941471459 33.0182854122 33.1795620266 33.7459075153 34.1911182338 33.304638872 33.4859752087 33.5775402354 33.1489206519 34.2309332338 34.1855642422 33.5262075776 34.0681930337 33.5009518859 33.9920849881 33.5981296338 33.2640922904 33.6519651762 33.2781476267 34.1429934073 34.4079762139 33.5338182149 33.1441229829
0 0 0 0 33.9704683521 33.9780003697 33.4629575226 33.8081379278 33.0433125016 34.2379382247 33.2473228075 34.0619463199 33.7200540487 33.1292882302 33.3398603545 33.5736566584 33.1536881884 33.2496526692 33.2800628603 33.6557976856 33.0055270785 34.1876696081 33.1647616254 33.366149894 33.6811848463 33.4807570122 33.2283614694 33.4936279665 33.8206550384 33.2284585506 33.8754144631 33.6356100595 34.3195074943 33.9293617494 33.262322299 33.7154619554 34.0097300343 33.5395781138 34.2889513782 34.083154009 34.0868534807 33.0882244557 34.393580795 34.2901880166 33.0814248099 34.2193636292 33.942414993 33.3281899193 33.8053748281 33.9786115655 33.1950237 34.0736603231 34.0364996267 34.136077242 33.0665064548 33.8274208087 34.0125672417
0 0 0 0 0 33.2795825459 33.4754989769 34.1535915169 34.1573679489 33.8208900168 33.3270242927 34.0177453652 33.9397448107 34.2608404705 33.5004651832 33.5730464488 33.794074132 33.4002727761 33.2231521974 34.336959559 33.9172568118 33.8193502437 33.5109494281 33.5619625736 33.7564932183 34.1116612354 33.0184882186 33.1532397313 34.2195795025 34.3550127397 34.0863765081 33.9550034296 33.149786845 33.9245911681 33.0081934801 34.2331288661 33.1220518549 34.0571810065 33.8061934714 33.867869033 34.3572949141 33.4728342325 33.7802940448 34.2175442099 34.3720722897 33.5762247752 34.2421324331 33.7167709694 34.1967344129 33.1877728343 33.0013195102 33.9043144201 33.3168480779 34.0056958272 34.3517876365 33.7915408382 33.8014635855
0 0 0 0 0 33.1511996419 33.4615506315 34.024403158 33.9799024475 33.8349257278 34.2234951084 33.2858852494 34.3359143562 33.7220959415 33.9722745973 33.6826822702 33.038452596 33.463448229 33.9262728282 33.3382907998 33.2099148629 34.3710818198 33.5012939712 33.6004298484 34.0204839517 33.8205248064 33.0929773692 33.5270047575 34.2009305993 34.2374814647 33.5416672636 33.2326598521 33.4013981494 33.3230682268 33.0990249779 33.029369632 33.5356204591 33.3332519906 34.0188325597 33.8731960146 33.9065687728 33.2830424302 33.7557391516 34.3340202654 34.069020377 33.5689941694 33.3138009302 33.3014005449 34.1186175654 33.7123632612 34.3966818003 33.6504574696 33.4639449506 33.4826078037 33.8619451186 34.3014761815 33.4019231318
0 0 0 0 0 34.0895916967 33.7760328756 34.2978829599 34.3268470954 33.8523184536 33.2127150499 33.7094030305 34.1533112031 33.6309098444 33.6932082399 33.5345358672 33.9816354906 34.1732079939 33.1437065175 33.1046316935 33.9131063501 33.2320125625 33.8257984062 33.7969358585 33.9744840935 33.7719920039 34.408043478 34.1082245369 33.4453456243 34.2931548665 33.2884481181 34.1270565981 34.0020184199 34.2315491998 33.5689729631 33.8303158126 33.2890059411 34.133129354 33.6774032132 33.7163575297 33.1406852448 34.2773774362 34.301177958 33.9386234938 33.716522219 33.670075941 33.1860971011 34.1830190925 33.5751626677 33.070575324 33.3922401665 34.3934630543 34.2882185493 34.3451653958 34.272588302 33.4021677936 33.6572095724
0 0 0 0 0 0 33.5585219936 33.3738345821 34.2243788742 33.7116238289 33.3050830745 34.1217112804 34.0651408556 34.4065934214 33.4072824468 34.3400212006 34.2114419863 34.3239900461 33.2291987389 33.2550324903 33.4190682444 33.5534389813 34.2276927403 34.1977866929 33.9223311303 33.6352278251 33.5452582723 33.6335399306 33.891030021 33.7231678149 33.5308767885 33.1683581936 33.296566689 34.0048504262 33.0735245744 33.9926544532 33.0537739043 33.1940732805 33.0870667836 33.1053436825 33.4153551179 34.0849884976 33.7548237517 33.7756854308 33.4708783451 33.9270016956 34.3161501374 33.6193254216 34.1364456229 33.8605802108 34.3928880226 34.0525046254 33.6176353883 33.1762708678 34.2790845455 34.2012564499 33.7575849361
0 0 0 0 0 0 0 33.9016117797 33.0211096582 33.4597628535 33.2987890876 34.3737671491 33.690539207 33.6909723384 33.4765272001 33.9899580325 33.2964327587 34.0291982459 34.1985294069 33.7657959763 33.1501903908 33.5366520718 33.3263095082 34.2339152316 33.9729409821 33.4365463028 33.1694498512 33.4898361533 33.5322184976 33.2024668698 33.6377472129 34.0971824594 34.1028438018 34.2450230386 34.1294079688 33.045933129 34.0951882437 34.1950747223 34.3633605538 33.4499478557 33.0613998338 34.4097754743 33.7348594856 34.2714523158 33.7471458397 33.1510126732 33.5416539958 33.876266123 34.2843686338 33.4769372835 34.0015021392 33.6580786804 33.249339774 34.128367085 33.8943963077 34.4029973566 33.8470109339
0 0 0 0 0 0 0 0 33.5358301343 33.8109134957 34.1979679992 34.1721083916 33.1153718621 33.9561622146 33.1299816759 33.2371606877 33.2756623779 34.2228237615 34.2660609045 33.6333388363 33.5680095571 34.3049159077 33.6297179864 33.3072784448 33.3511108627 33.4524013146 33.8226751938 33.049760522 33.233376272 33.5436979883 34.3709916047 33.5231220618 33.3867251164 33.5247566181 33.0099142971 33.7155038245 34.0565594925 33.2650738344 34.4040870342 34.0949379362 33.9052243023 33.3732271446 33.261242207 33.6100094805 34.2224036423 33.2376066023 33.8476499647 33.7891408169 33.9218800464 33.0738946105 33.6600820809 34.3729655623 33.4874067172 33.3761588746 33.9655416195 33.4695108155 34.0991586302
0 0 0 0 0 0 0 0 0 0 33.1710858021 33.3231934583 33.8137488139 33.2225667717 33.2672175177 33.6922800907 33.7173666157 33.9991094821 33.4696348035 33.6916215685 33.949486302 33.7428794177 33.8418426814 33.7813805558 34.3650403232 33.257359894 33.4259172167 34.0436497728 33.8539125547 34.3972500653 33.1067794844 33.678580619 33.1042639499 33.2941972902 33.690301717 34.0977542239 34.2629609473 33.9180410739 33.5717876343 33.4585483703 34.2973413555 33.6591842884 33.38667931 33.5796896016 33.1485823043 33.8920603473 33.0741370676 33.9855216043 33.7102434099 33.2471809063 34.3446794033 34.3447489009 33.2868601408 33.1854168527 33.6185223312 34.2681566899 34.1788349662
0 0 0 0 0 0 0 0 0 0 0 33.7285179086 34.2991413993 33.2908396268 34.2783399681 33.3711525124 34.321065338 33.8804433728 33.4801670261 33.1256385251 34.3882508572 33.7581687344 33.9175106575 34.139715763 34.1463280521 33.847995544 34.1107536901 33.2583848581 33.6607748412 33.3344187694 33.3747745297 33.7993009796 34.2237018373 33.7990788944 34.3318335493 33.1580350536 33.9784499054 33.9686068112 33.5305742491 34.0351800385 34.2136263493 33.456299764 33.719550554 33.5810779872 33.7518950251 33.4634466336 33.2018542944 34.0030274792 33.7547069901 33.9174296355 33.1129070049 33.9805496439 33.3445125437 33.0729332095 33.4543683646 33.5433120108 34.0356864631
0 0 0 0 0 0 0 0 0 33.5648685699 33.8330587755 33.2663146384 33.2489362003 34.3807114709 33.6402610805 33.0784239782 33.3880512055 34.066578906 33.0724246529 33.0108633105 33.0137173534 33.6598031175 33.0761461353 34.2282377275 33.3717593109 33.2422097761 34.2778695139 33.1269930276 33.7097349352 33.1246222098 33.369767085 34.3852601325 33.7903427929 33.5883883427 34.1430446905 33.9753712416 33.0646403918 33.933577936 33.7836292006 33.9178081086 33.5533729415 33.4369679516 33.745842363 33.0244186269 34.0213949764 34.2511926183 34.2267053576 33.3397198053 33.3677192447 33.955571482 33.961329638 34.3254762332 33.4352521251 33.2839614942 33.1434073246 33.7939046833 34.1279157219
0 0 0 0 0 0 0 0 0 33.1296842629 33.2970903288 33.3692733249 33.2364188401 33.0008327325 33.4961570069 33.7154954204 34.1092946246 33.4899308587 33.2470373915 33.4674921874 33.8703196613 33.7183524745 33.6398086292 33.4521384507 33.8863734118 34.1829448511 34.2454224286 33.275498628 33.8407064839 33.2008333099 33.0923485046 33.9561361625 34.0522768764 33.1026101052 34.0338565034 34.0261777074 33.9749113565 33.6379778586 33.2282034934 34.0430297653 33.5693536048 33.2316322654 33.2783911407 34.0584590987 33.4764247278 33.2157321785 34.3313625641 34.1830555436 34.2280569156 33.9640051046 34.2058360429 33.7376775368 33.4618142539 33.4231298754 34.1316920395 34.0171633041 33.0317743221
0 0 0 0 0 0 0 0 0 34.335121229 33.533455073 33.5962298164 34.3300917887 34.1088131164 33.9491147161 34.3809081595 33.305197221 33.6754480213 33.2253869758 33.9690663743 33.48356734 34.0706253577 34.0982147614 33.2525278133 33.505819354 33.5153697817 33.0824380968 33.2395970622 33.8594057949 33.6697849277 34.1813396161 33.501758919 34.3525070737 34.1278602543 33.0861044073 33.1703274838 33.9177941172 33.02053432 33.8434018695 33.8432320941 33.7705614854 34.3595025268 33.9711924842 33.4152722032 33.4136904633 33.2769783545 33.3664032987 34.2957663696 33.2501562705 34.1614931136 33.2765227339 34.0651571179 34.1132480812 33.4183185531 33.3290589584 34.1385296393 33.8455568508
0 0 0 0 0 0 0 0 0 33.5029271306 33.7957349455 33.2624447457 33.144222355 34.3791610418 34.2821989782 33.9950082971 33.4454737399 33.2735207838 33.2483229844 33.908562056 33.3572643884 34.2328580766 33.650880896 33.810106877 33.2162861049 33.8630553534 33.7940585012 33.2303501762 33.8623241405 33.4247796452 33.9101805945 34.1009951915 33.3873062784 33.1625974915 33.6576114924 33.4035568086 33.218576174 33.9707653123 34.0986025906 33.2950329289 34.3349508936 33.362445812 33.6375153354 33.3431411766 33.5265364949 34.1731094355 33.4961241347 33.62256854 33.7041046484 34.3491358724 34.0786295954 33.0607510934 33.1458458642 34.3069193344 33.6515564174 33.8385703514 33.1381540108
0 0 0 0 0 0 0 0 0 33.8490067182 33.9856569174 33.20139752 33.859934167 33.2090055868 33.9652713236 33.0318613015 33.5197023463 33.9997048308 33.942946756 33.070619463 33.8867072745 33.2612279048 33.0624813963 34.3332012447 34.2526256431 33.0516126032 33.592196376 34.1758883363 33.2937469492 33.6326223184 33.2903472082 34.2673993134 33.9045274208 33.0238026138 33.9541229217 33.1809847305 33.9794964798 34.3899850881 34.1634764462 34.0999030347 33.2553930167 33.1903909996 33.4897852765 33.5637427324 34.1773001947 33.9422967032 33.1873643526 34.0573512239 34.0977607009 34.2750131671 33.5998567322 33.7947721979 33.9040541172 33.3149690062 34.3821726812 33.80412901 33.2884919652
0 0 0 0 0 0 0 0 0 33.049052764 33.9704599837 33.5978829709 34.1047016951 34.3031605485 34.1947499124 33.3689259441 33.6321896054 33.8272917293 33.7332176469 33.3620049829 33.280167979 34.3584492778 33.95059692 33.9696284165 34.2476957144 34.4022027017 33.0801143453 33.3821868826 33.1372379563 33.8718449478 34.2080092513 34.3010473677 33.4662759494 33.4364669123 33.1038773881 34.3619137902 33.7298724097 33.2017068642 33.4442958816 33.1867390159 33.4730174299 33.3618573603 34.3515039671 34.0865631937 33.7811284092 33.2780604524 33.1438101916 33.243219675 33.9917085018 33.1516889041 34.289680629 33.3791841928 33.7443042974 34.3942896384 34.0110004123 34.0441779564 33.3065588442
0 0 0 0 0 0 0 0 0 0 33.7148939176 34.0138569578 33.7583263591 33.4855325065 33.4327908268 33.0206822681 33.0375235201 34.2552613724 34.0316124112 33.6971534286 33.8694440495 33.596494234 34.194129056 33.9344818023 33.9536663524 34.0401271681 34.0500200623 33.961300267 33.0713293781 33.2088890289 33.1606381657 33.2187100734 34.2937998998 33.8220292531 34.3994643204 34.2161990369 33.4667122255 33.6451485148 33.2147281954 34.0664348025 33.9526721867 33.8534820373 33.9608986708 33.0731980907 33.9407439795 34.4027523186 33.415061836 33.9776601349 34.3224881554 33.5297728457 34.3976589711 34.4109965357 33.8774181523 33.5496920127 33.1603805296 33.6367411409 33.326828133
0 0 0 0 0 0 0 0 0 0 0 0 33.6523082617 34.3322339122 33.653797227 33.7323793485 33.3370467574 34.0158506521 33.9886888557 33.9817158031 34.0089240721 33.4815126359 33.5159761282 33.1393772962 34.4060335481 33.0467870343 33.0780307454 33.9481018286 33.622495883 33.6829258186 33.2730784959 33.4793964413 33.9225006198 33.5530546968 34.1629397932 34.063646686 34.1167171839 33.7617184557 33.8692193236 34.0047499386 33.5165790224 33.1988094607 33.9523487273 34.3958430088 33.6969479197 33.6854713458 33.1403568178 33.8150977427 34.411459893 33.9138346043 34.1664325273 33.4013631426 33.2325439158 33.2362201432 33.8909792144 33.637729056 33.0221115491
0 0 0 0 0 0 0 0 0 0 0 0 33.4590813025 33.7072706763 33.7122963039 34.3312099417 33.5822506265 33.6885294856 33.6333735732 33.0918431703 34.3722388286 33.8014943068 33.5026641295 33.7721659425 33.7561661792 33.3817362221 33.7249433254 34.2607611323 34.359496139 33.0802803751 33.8737549495 34.23935041 34.2736588616 34.2588156012 33.1681570313 33.7443706701 33.2013028829 33.6049255209 33.7841065325 34.1280720976 33.2260447739 33.3191227753 33.2475142516 33.3766609997 33.5779731066 33.258287843 34.0969100572 33.921183258 33.9231522288 33.3612749609 33.6472068665 33.016349733 33.7972825433 33.3847547859 34.3595325991 34.2462715989 33.9287580763
0 0 0 0 0 0 0 0 0 0 0 0 33.6703164985 34.0042602676 33.2440708399 33.7792398016 33.5207779322 33.5112982794 33.7852447622 33.442076047 33.359837327 33.1306217156 34.0676323443 34.2240877789 33.5382182723 33.4487833075 33.9812274268 33.9628140959 33.699470986 33.6621262854 33.4205350092 33.0329618596 33.4910443732 33.2566943102 34.147924628 33.9308663738 33.2752721139 33.0182956183 34.0259187064 33.5440680448 33.9319170868 34.2627478763 33.4614683859 34.1394308807 33.2701913825 34.0834948327 33.5483826515 33.7042404715 33.8249231939 33.0268857083 33.7282037829 33.1938080876 33.8665555213 33.4753670455 33.4699668642 34.164461265 33.5053284794
