Spatial_Output/DEC/DEC_0715.asc
NCOLS 155
NROWS 192
XLLCORNER 196307.867259
YLLCORNER 449144.565805
CELLSIZE 33.573938
NODATA_VALUE NaN
[rows 26 to 51 of 192, columns 57 to 113 of 155]
25.2634238112 25.6182633839 25.1635938878 28.7572690141 28.3574986514 25.7589193145 29.1987453393 28.8835995435 28.2188378251 26.7241667576 27.7703856684 26.19595545 27.0899439714 29.1671760329 27.5537835509 25.2817995998 26.1753430997 29.0276619532 27.0024805854 25.8029487928 27.9910580056 26.0342517768 27.7308241671 26.7744554556 25.2455186283 27.4383330292 0 0 0 0 0 28.3919666688 26.1309120694 27.5615463362 25.3696998695 27.3411642642 0 0 0 0 27.7645376262 28.6134394754 25.8688600959 26.8606411422 27.7499772352 26.6778715873 25.6355560841 25.1822244042 26.6843100537 27.3096344401 27.0223773991 29.1529946207 25.0472260493 26.4780254321 28.1580941903 26.0904005321 27.9816746426
27.6839607327 27.0574044672 26.0519836337 25.1816915075 27.3528424774 25.0850530508 26.1977223534 28.8239540233 25.7805653117 25.4162476811 28.7220205836 28.0304053283 25.6686158981 26.6945149316 27.7707396867 27.9145347363 27.6786741969 26.0829370525 28.2830386921 26.5624564596 27.3838054039 26.4414520977 26.8566400628 27.3573484873 27.9368677638 25.2024016738 28.6953554459 26.1258043776 29.0708211688 27.7947750956 28.4104582261 28.449969136 26.4084283572 27.667935633 28.8426987697 26.5248615785 29.0409795685 25.994005305 0 28.158189483 28.5501065486 28.1987501273 29.17880414 27.3593451131 25.0091912146 26.2818981627 28.9658240306 28.7212513563 25.6603756864 26.8190110922 28.89574391 25.8188911143 25.308996304 27.0734616725 25.4902643804 28.2567144093 26.9659225013
27.8378718629 26.1581618424 28.3512329637 28.6233897255 28.774148201 25.9875376053 26.3380201391 27.6821172597 28.9174751175 28.8306365709 28.2195576878 25.7511186716 25.971861115 28.2641998743 28.1414658297 25.1546623513 27.6337125743 25.0629721485 29.0372255847 25.2477636912 27.3518091289 25.1939931542 27.7579580272 27.2262323844 27.0613362653 26.9821884363 25.1790112651 29.0363470341 25.5717643458 25.7327471885 28.5907241195 28.3847953774 29.0742809536 28.8614275881 26.0754045352 26.3590060257 26.5064816226 25.3590986385 28.3549307709 26.8962765949 28.6446134604 25.4266559037 29.0488471072 25.8065578127 25.522893901 27.1748070327 28.4051923819 27.0349675354 26.6821584597 28.8304544362 26.4474152382 28.4912404575 25.580470933 25.8775301519 25.0877050709 28.6120615842 29.1858073187
27.1311509399 25.7493445871 26.7389441287 28.4539920778 28.6108098106 25.5747010406 26.2222664027 25.3040628834 27.8548655745 25.0253720178 28.6325622594 25.235048415 25.5254063771 26.0015833361 26.0813803645 28.7674184277 28.822330322 28.9025825309 27.463244639 25.0027062863 27.3466102418 25.1599667578 25.8735671017 27.4179851856 26.4322560934 27.6599742223 28.2580019339 26.8117224129 28.1180738147 26.1553422353 25.4832060421 26.0104719639 26.1763175494 27.4749764323 28.4116702391 26.8710668322 29.0635515106 27.112770425 27.2159938576 28.2045823181 27.2699695084 25.2697596114 25.9761897869 26.2997748789 28.4940837518 27.06439191 26.4403342528 26.0983959309 28.123313319 25.8630519673 25.161621772 26.9897981049 26.2269491114 28.1167872948 28.6238196346 27.9709895798 26.3418217151
25.286815746 26.6621248808 25.0879731297 28.8497938706 26.0900342116 28.8286052389 26.0152904487 26.5178917126 29.1340994503 28.9974053688 28.5914891341 27.9082444703 26.2834637152 28.308152756 26.0044763969 28.7259150234 26.3586268224 28.8428268745 29.1320040184 27.5974205618 27.8551283356 28.1134211919 25.2385359204 27.2668910658 26.9973344508 25.7700406 28.2937073559 25.3653501715 27.1599267712 27.4560295386 27.9597019581 28.1732616389 26.600889343 26.8919068842 27.5437890332 28.0921093453 26.4130998121 28.4919650906 26.455597107 28.0214066178 25.9135507995 28.9509428223 27.0998790315 27.5640927241 29.126248453 26.1918514722 27.7680508987 27.7372566877 26.0530561349 28.6959678729 28.288858874 27.7175235042 27.357587945 25.5651540107 28.6268238319 28.1033031769 26.9575068352
27.6748069954 26.8522526624 27.32967048 28.0726033926 27.2096632089 27.2185994637 28.1180139422 28.7045391705 27.1284234079 28.2718739416 27.0521156005 28.6854200254 25.0020720147 27.6957871169 25.9732692127 25.0102581714 28.313913247 25.1412621236 28.9077248899 28.4219268715 29.0616378903 28.8459616319 25.2154638373 26.4064652444 25.6181326196 26.9345228153 26.0910807438 28.4151859556 28.3298870492 25.0059712528 25.9170920256 29.0630529329 28.9883030488 27.6167267491 28.6401368977 25.0029366633 25.5477868715 27.7542634105 26.9218981857 26.8102818851 25.6002149787 27.3162234054 25.9984046192 27.7808484696 26.9969259462 26.4545387596 27.6171802581 27.979585813 27.7395394197 28.6618574337 28.9377262034 28.9706797382 25.5814996823 26.6678978962 27.619032558 26.7195171888 25.9079072262
27.4840528088 26.3062917811 27.4663845059 27.783926449 28.4111118368 26.6575850345 26.3625136795 29.1513143808 27.3184546037 25.7840540042 26.5213365466 27.201582397 27.4472188004 28.1423146611 28.1269457361 27.5994098807 27.9391379495 28.8478566074 28.0642701994 28.0329312432 27.8678058626 27.221104484 26.7478207746 29.0288098495 29.2344068571 26.1515755515 26.9098363539 29.140893709 26.4312961861 25.1707013722 27.5862849859 27.0747418353 27.067021315 26.7725083302 28.5744241144 26.9248817188 26.8749240811 29.1817425356 28.5333832057 26.9245453338 26.0445540911 26.125188027 26.698343233 27.2129428722 28.117606584 26.761814542 29.1141083798 25.6339129482 28.209114106 26.7090121391 27.1847560275 25.2276343276 28.9853346097 27.1390118985 26.6003482249 25.7566770763 28.3319853504
28.6252268172 27.3507050858 29.0167547821 27.8635196788 29.1090691283 27.0584030014 27.2348655272 28.1369110503 28.4106999244 25.8733578543 29.0877422797 27.1757541864 25.3986363342 27.8833975554 26.2726010018 27.879411347 25.6243642983 28.4938649012 26.9805297221 27.1405583771 28.0839775183 27.1983798817 28.6244574469 27.000623569 29.0765389829 28.6627484774 25.9151577804 25.838110125 25.1490401886 28.3665794141 29.1165364424 28.0974948513 28.9045496389 28.5020409151 28.1355028582 25.7980259418 26.6952373336 26.5896051695 27.8581579942 29.040561815 29.2420773149 29.1782969776 26.107893697 27.605857765 26.9524142846 27.893909856 28.9876242665 27.3049869034 29.1853921331 28.7257847178 29.2089968564 25.7954077572 28.7596456665 26.1608922815 26.7797229714 26.9165626558 26.7026092654
25.2554197045 26.536005894 28.8339078495 27.7447926416 27.8341460985 26.4205145131 26.8697438147 27.7520044682 28.7764328202 25.1237766059 25.3925758235 29.0614553095 28.3737936428 28.1310934743 25.5590579836 26.1270311646 25.393029489 28.2157691489 25.9839474148 26.4461996674 26.308832299 25.0294816096 25.7001221581 25.8880846139 25.335081699 26.1129864295 25.3682918049 25.7943918101 29.203295937 27.5349010089 27.8079746596 25.3095296321 25.2811344663 26.2194490706 28.303659015 28.5325454233 25.4253779635 25.7474833427 26.6958447403 26.0178150011 28.5777605049 28.4623338613 27.2485662952 27.3600190067 28.6259505403 28.6239059067 29.1907278543 27.9872250092 27.5178623686 25.7868752489 28.8467735667 27.7042105055 26.8934091325 27.5257129785 27.8982913189 26.2143279763 25.3809283441
26.6367846724 25.0416052763 26.6323565214 26.6873688194 27.9720446583 27.3126490635 28.2196735826 29.1148812107 25.3026453177 26.5143275433 26.8664964334 28.3427419014 27.5141981852 28.3917519508 27.1341129932 29.2177254986 25.6168765494 27.4636712577 27.0671110977 26.0190635203 27.3922854816 25.1275911546 26.6247821066 25.6022991354 27.7903059613 26.4494982469 29.2233442392 29.1933854977 27.9844512861 25.408168014 28.507086873 28.4856560554 27.2053902371 25.4598009238 25.8878282892 25.0811286811 27.8041885197 27.3845562399 28.0196561108 25.7402890966 28.9700350053 29.0366927465 25.0766180462 27.9754895124 28.0197398126 28.7949075648 28.9192462824 26.9326794877 26.2052859943 28.8915728878 29.0101588578 25.6751787256 28.9789297923 25.5475946471 29.0629457711 28.3107243976 27.5877256963
27.2310081544 25.5110826933 28.8702078501 28.0563063378 27.796012128 28.3363984471 25.7927703296 28.9575775064 26.0616891908 26.3774847721 28.9166117806 25.4753965195 25.1407347209 27.816183562 25.6898319897 26.9248701044 25.589266734 26.5628158604 27.0170272758 27.4887332577 25.6051468673 27.5263703865 25.1067476384 26.3933734974 27.8146422602 28.3879043296 25.5304051318 28.3937250178 27.5046734628 25.6090484238 29.0506840472 28.0482482083 28.274576033 27.4371518479 28.8499242614 28.696683893 26.7344172011 25.7916152457 25.0963250582 26.5585756151 27.2553416246 28.8044702489 26.998884442 27.3787538539 26.0018580851 26.850992056 29.0655946063 26.5463908085 27.948288859 26.1104055506 26.233614688 26.2238470624 25.7796339745 25.7753563433 28.3811509341 29.0205950705 25.2377197288
25.6536496696 25.7328174679 27.4216307014 26.8624685508 28.5009988751 28.352024216 26.7124254839 28.5051365733 27.6146202458 28.5646740785 27.0900781943 27.4541565335 26.4834404185 28.240894078 28.4149394532 26.0099229638 28.6872627319 27.4866927246 25.481646512 28.7708290095 27.1780064736 26.2309049033 27.6786718855 25.729847709 27.5598510956 27.0898023966 29.1223416788 28.8370864536 28.3973695449 28.5123613267 26.3025592788 26.3817231795 25.6154025868 26.4415659423 26.2631347664 27.5240967538 26.1092654754 28.0111885796 26.8009791631 27.5985695768 29.1395413697 27.4203841843 25.0198305027 27.3443848934 25.9655196102 25.7678673911 27.3500881432 27.4785569381 29.2144077609 26.7245285455 26.5560701644 25.0586465371 27.6707273992 27.4868032297 26.6694138182 25.9369639192 28.0713156012
26.527265156 27.1933043166 26.4125380997 25.8700794825 26.9799437552 28.2710075873 27.6294131379 25.2284111685 26.2564935931 25.6849714392 25.5837756322 26.5891233165 26.9852310865 28.6098922425 27.7111598515 27.2920559112 28.288691293 28.6342592709 25.6518941431 25.1033431771 28.8244518751 27.7345654536 28.1489301837 26.4808560257 27.2915608984 25.0076809426 26.313038676 26.737211303 28.294203576 27.2001531756 26.8400748616 26.6417002689 28.4007033705 27.4446819559 25.6233341312 25.9176120515 26.8950830149 26.0930049404 27.2381841178 27.4159360453 25.6788700218 26.1858349114 25.8487015345 27.527193827 27.9922075708 28.1401697454 27.9788433252 25.0194644279 25.5754845539 25.120304917 28.6968632484 27.4910497137 27.5030246142 28.6996702619 28.2184408155 29.1656326058 26.9329168579
25.0135989306 25.9069661014 25.7793017113 25.2292470624 25.0696302711 25.8333587266 26.6075387748 27.7156962579 26.6634968476 25.6986636212 27.3895139003 27.8920512425 26.7529927823 26.6820365509 28.5676567101 28.0703560144 25.2484828875 29.2034464448 29.1019153795 27.8253029745 28.1240259869 27.479544011 26.2645459003 25.0282776398 26.9273349812 26.9188745646 25.8952646282 27.2119901041 26.9905240967 27.0117108043 26.1299286255 26.405908995 29.1193111832 25.1560461595 26.661818622 28.3660709195 25.5296295108 27.3219108008 25.1857157417 28.5191923266 29.1464798887 25.4598630701 25.7770962354 25.2073657097 25.6013917409 28.3678766449 28.481450687 28.2385545171 27.9920750091 28.7318029625 28.380722694 27.7440800823 29.1638684597 27.46071827 28.7211376713 28.3277520918 28.1211412429
25.7122895371 25.867458246 27.5110541331 28.3204664244 25.2448830292 26.9037600665 26.5027848156 29.2254295489 27.0917642057 28.3090177324 28.1358411303 26.6003174892 28.397175759 28.5300081698 27.9411938577 29.2423585276 26.933873418 28.5145147476 27.3054001329 26.1669633341 28.2415035837 26.9889581463 27.8780978251 25.437303923 27.8732454192 26.3939608224 26.7095412072 29.0746215508 27.5479089964 26.0059715179 27.7006761463 28.3643530671 28.0159785907 27.0197876005 27.5863373351 28.9153010596 27.5563426282 25.4455305352 26.8365256067 27.2634254699 26.1527377713 27.335360225 27.9146460452 25.5819924642 26.1390981776 26.9262212117 25.7137135802 28.4724971769 26.6508988458 28.3560697079 28.0188943884 26.0059446903 26.5644140313 25.9338543604 26.5926863422 27.4913453581 27.0710927867
26.8226144408 26.1214038045 26.633225199 26.9389621894 26.9372060707 26.4840997336 28.6050590464 29.1162738321 27.6723991321 25.9206701807 27.8426031944 29.1783740645 25.1859744551 28.68389513 26.9315271101 25.1596421255 28.2769105486 25.3061699506 26.7679808075 26.6504999861 25.2963697983 28.5629775503 27.661130807 25.5368216833 28.0110616868 28.5752529969 26.3564324292 25.6084153186 26.1136917872 25.123352192 28.7997875143 27.1539489167 27.3797534026 25.9882356164 26.6564646383 25.487194136 25.7053999213 28.287406982 27.0652542912 27.1129149891 27.8223264253 26.8167490747 26.7881836628 27.3338473249 26.375629272 27.6169946543 26.1717485225 26.2210712597 25.9255723232 27.1905667933 26.4571471215 28.1018311487 27.1541496332 29.1464122257 25.6432860149 28.6731509612 25.9247989067
25.1176310447 25.6714347899 28.1841334438 25.9009652995 26.6974840508 28.3058552862 25.1620757076 25.1515883287 26.1435655243 26.1613210918 26.3411902475 28.5107605871 28.592206769 25.7719087608 27.5096485013 27.7960596503 25.925561512 26.9231678935 25.4980822796 27.5108543657 27.8150961716 25.2482648093 25.2407998906 28.1188575658 27.8140196869 25.1151261965 26.9179856939 26.1742593045 27.220707654 27.4017799157 26.4510939495 26.8615148153 27.1349740807 25.7037706524 26.0032362128 28.5463276842 28.6152720651 26.1517772922 25.7137548654 27.5309045513 27.1127907005 26.1720743608 26.7612629549 29.0937482964 26.8239718939 27.4178927632 27.1279469486 26.4939146523 28.3231205634 28.0815755104 27.5400410594 27.0729048293 25.4835171614 25.8935673239 25.543062359 26.2414283968 26.0156170898
26.3991427546 27.1320368482 25.9602621026 27.9407703428 27.2667144528 26.7127878478 28.8764850491 25.1510849184 26.8938829839 25.9221102736 28.0405063733 28.355761227 25.1715570557 25.3459916687 29.0080271983 27.7249911219 27.6823479604 27.3152080342 29.2212638386 27.7176152778 27.3873094267 26.3799717021 26.2525051921 25.7180630202 25.2494555883 28.1318556471 25.306587857 28.6703790478 28.7764063326 25.9468562306 25.7725209643 29.0072978506 25.2676617406 25.8638036648 27.7106022332 25.6252654172 25.4946607808 27.2150299207 27.035847699 28.0833597399 26.4895797601 28.4239018556 26.104201019 25.6853780685 28.6857057201 28.5088660497 26.7207935717 28.6796464953 27.1202283143 28.0304775367 25.1360074074 27.6240812651 28.9161957561 28.6418514708 27.4522466975 26.0871426528 25.5465270391
28.6644320207 28.2978296306 25.6120307888 28.2733535527 26.8131112988 25.9067251739 29.1357990594 26.7451880259 27.0646286026 25.482551477 26.435601333 26.3421804367 27.8594885003 27.7400862126 25.495249828 28.999537912 26.1550342521 27.2955428652 28.2876107842 28.570559916 27.6334648902 27.2947765156 29.0322234468 27.2368175144 27.75386981 25.8545259371 27.2719836567 27.7480645779 28.0973023415 26.1070015327 26.1118431635 28.2589850474 27.8663160162 28.4951386758 28.2953667523 25.9915842641 28.4381220097 27.780460309 28.2461480684 26.8329466961 28.9475758436 29.1652846004 25.1083369374 26.5740313334 25.2466024722 27.5688980323 29.0753216629 27.2776794841 26.8638105067 25.9999136348 25.1372267923 27.5157387075 26.6955919688 26.2195536751 25.5651870029 25.6577947153 28.3221107239
26.3589121892 28.8817991038 26.9235147177 28.8468531661 25.3677658415 27.0339285903 27.2205537637 25.3654096695 25.8012897928 27.6280655592 26.2046060438 27.1315578578 28.2299883763 27.4285564414 27.0889228516 26.5756993535 25.6589415862 25.0135582886 27.5979238332 27.5178616654 26.8713168926 26.0353013216 26.3283664706 27.610512316 27.8691148657 27.710993386 28.057318968 28.008745302 28.9164251204 27.5188494087 26.326944368 25.7704713488 26.0716474472 28.2538244605 28.2610200383 27.2354394067 27.2331295561 26.8208924559 28.7908774892 27.5023831614 27.9101952602 27.1444981223 29.1284093651 26.0331423238 27.5245118074 27.5707905659 25.5302349942 27.3020686966 26.9846309889 29.0092877303 25.5273179017 27.0619112068 27.8013093946 28.5697873259 28.8422493419 27.0103767151 25.531486237
25.7784669338 28.9500872123 25.2585973633 26.0449239707 26.1381887934 25.0030978353 25.4653515065 28.2894330584 27.0050966683 28.1528756653 28.9023329783 26.2608606705 26.6200401138 25.5075171319 29.0127937094 28.2290217315 27.4065818983 27.3637300481 28.3554335011 28.1119624432 25.8709077274 29.1703616036 28.8518657543 26.6909405013 25.1259169816 27.1098428826 26.3192930336 25.4993777769 25.0462243904 28.25459066 27.0112274042 27.7414257559 25.0230218189 29.1768216207 28.8126285229 25.8486790651 25.4977500996 28.0422535491 26.96886577 25.7315562509 26.5726666392 25.3980643363 27.8493706903 26.1796358953 25.2500065687 26.7459956541 28.2461837555 27.3668040639 26.15231019 28.8080879674 25.595479446 28.2813657689 27.4827660026 28.5033281596 27.4338488408 26.5836715746 26.5766486329
27.6411252489 27.4985991108 28.8155382649 28.8693212522 28.9675249874 25.2008999439 28.8964486809 27.7883439374 28.172688278 28.9081232646 26.0952505832 26.809043153 26.9539303595 26.7411919921 26.6318394985 26.6194914985 25.0315112729 27.588223555 27.6505884286 25.6574372313 26.1555962737 26.3817258996 25.8020612794 25.6687902142 27.4347142959 26.3775513048 26.0479491094 26.9289251347 27.3367137641 25.6583997005 27.9705603635 29.1732795494 25.4058883041 26.9726256044 27.3611977109 28.3602450184 29.1383214736 28.2988583788 28.7876919008 26.4957100605 27.1418974055 27.7796775533 28.6110974346 26.4160134419 28.3219835442 27.5116477688 28.4551654868 27.3641248419 29.115158852 26.2500079077 26.2975051944 28.7189149537 27.8145287347 25.6085139604 29.0600044759 27.1532313997 28.8105379343
27.7748309121 26.5083063386 28.8264922725 27.154096072 28.5155263224 28.4635082551 25.1654607668 26.6593056267 27.305984499 27.9433004639 25.3049499354 26.5299645998 27.7576580282 26.8805000991 26.2309158172 27.0800737492 28.396600616 27.6593541327 28.6464744853 25.8158914243 26.5787410127 25.5199316819 25.5254455551 26.9305581497 25.7030956367 26.6927831846 27.8816835776 25.7221212522 27.164361456 26.9568690178 25.6918116319 28.0375520428 29.1900384236 25.0684011716 26.3133210351 28.7768745232 25.2869365587 28.0650893618 27.3405623309 25.6384328232 25.1712176673 26.1075899732 26.8021241109 28.92482857 25.535641745 26.3817258254 26.005547338 26.4873736321 25.4424126845 25.9936828538 28.284631494 25.9447246661 27.0767855991 27.2779145775 25.3169449824 45.2917661178 45.5045897788
27.2738876959 27.0440341119 29.2364639222 28.4291003158 26.3450878093 28.7569065448 25.2568732576 26.8991621113 25.7145786007 25.5304967287 25.4024299104 27.0623376997 25.5558711091 25.9998400399 28.522289434 29.0008251961 25.3678547666 26.1763962681 26.3439619077 26.3644628582 28.2896116171 29.0742278722 25.0754075218 28.9116464401 25.4690851483 29.1447615275 25.1785285802 29.0976178833 27.7172181337 28.920537905 25.8146652096 26.3787602834 25.3930520109 28.8064695598 25.9315051242 26.4725728036 27.1192961462 26.2386375381 25.1922389651 25.2641657858 28.7183584394 29.1464971304 25.5770253387 27.0282890525 26.5164772243 27.4790438567 27.9153132658 26.488674223 27.7708148137 25.956227314 28.3941079318 28.402040888 28.2857110036 25.713595504 29.1410510728 43.5489587162 38.0875244636
26.3226402577 26.2744896018 27.2346151709 25.3481197825 26.2414267515 25.001580298 28.4517341519 26.7839964273 25.1240645688 26.1595361706 28.7486084679 29.160728684 26.4639465244 27.4826376954 28.4742702862 27.6824278746 26.5497361523 26.2131685226 26.1734297511 26.4418297052 29.0290226751 27.9898584889 26.8159999778 28.866918896 25.812752872 25.4726525518 28.488008459 27.0471764009 28.999228745 26.0035195032 27.4735234211 26.2157755927 27.5864877334 25.398192111 28.5735968377 27.2008401196 28.2636926504 26.4318371696 28.7016915362 27.3042025099 28.752170404 26.4879854893 29.000306653 25.7810581204 27.587150513 27.71195663 25.2314352242 28.7860838284 28.1589382134 28.7763888412 26.5342199045 26.3377203295 28.8727671276 29.1472553727 26.2360210412 35.6484155998 39.150690964
27.937583222 25.1786412092 26.5617768848 28.9145833083 28.0421243145 25.6913335077 28.3177402586 28.6353937302 27.3494355206 26.9081950289 27.4436419725 27.7165383469 25.4431640988 25.65445636 26.4907863583 28.2083228231 26.3837401954 27.3011974628 27.6889832784 27.4718161337 25.391893901 27.4668180779 25.570745805 27.8752201336 25.4499119923 28.3673140212 25.3374127635 28.8526722301 29.189695969 27.8131151371 26.5778033724 25.868780119 28.7242190982 27.8469935478 28.9036976036 26.2521464391 27.4016458237 25.1359424508 28.8568873771 25.4544993698 27.5949316709 28.4804006847 28.8797221882 28.9258583185 26.9798191093 25.87303479 27.9293298961 28.4628177697 26.3404556985 25.6397544183 25.4829259491 27.1229884773 28.2266036817 28.3160923194 27.2410272633 28.7165748927 29.2131776202
