Spatial_Output/DEC/DEC_0442.asc
NCOLS 155
NROWS 192
XLLCORNER 196307.867259
YLLCORNER 449144.565805
CELLSIZE 33.573938
NODATA_VALUE NaN
[rows 78 to 103 of 192, columns 57 to 113 of 155]
30.9154466017 30.9372503513 30.7966544993 30.766491778 30.751829053 30.515668282 30.9842411525 30.8863088714 30.9214672002 30.8793556501 31.0075886382 30.9523369311 30.5654739626 30.9308208406 31.1131221229 30.9675383637 31.056662619 30.8936243982 30.7780346653 31.1650648993 30.6901197673 31.1041017451 30.9038628304 31.1817120586 31.0990253842 31.150947441 30.5028115361 31.0807636682 30.9230942895 30.531318522 30.5963019889 31.1041030308 30.6945574397 30.8679446628 30.8054297176 30.8247466163 30.638195005 30.5107619764 30.9659513539 30.9881551117 31.1707332665 31.0706974233 30.5226006231 31.0735838062 31.0882445584 31.1044530382 30.9087398346 30.762580001 30.5258485128 31.0720659758 30.6900617653 30.6840306738 31.0821058247 31.01184912 30.9344960295 30.7565418105 30.852638006
31.1883308803 30.5104303615 30.6039421278 31.0810219972 30.8648652858 30.5889582979 31.0925588649 31.1056375782 30.5355071925 30.9131610887 30.7058933311 30.9978393087 30.6757429386 30.8115212189 30.9752549822 30.5399537045 30.6090914932 30.5205027914 30.7491839464 31.1838123042 30.8322510227 31.0907806931 30.6612351076 30.685240441 30.6990187224 30.918179751 31.1252499331 30.7194264984 30.8770276391 30.7515307634 30.9679243016 31.1421163045 30.8214745257 30.5008168474 30.6281981445 31.0185333346 30.8195610312 31.1028746909 30.7038521686 31.1978029611 30.8956448825 31.1200395372 31.185837759 30.5064856347 31.1931468407 30.6243657161 31.128095288 31.1808779568 30.8049876446 31.0854260282 31.0448167297 30.8146698156 30.9951880791 30.5501077693 31.0474637379 30.7123167968 30.5638732526
30.5395827565 30.5528285552 30.9545197647 30.8819635414 30.5564407573 30.7619966957 30.9490599418 31.0154082431 30.8512609516 30.9138046081 30.945023994 30.6332418358 31.165254336 30.502160716 31.1618636871 31.1304579274 30.5291498036 30.9256363706 31.0435386163 30.6186718062 30.6255401652 30.9977019132 30.8583521941 30.7200935754 31.0131345907 30.7005936946 30.8434453941 30.8727502618 30.5674342619 30.7816377612 30.7404698321 30.9726986049 30.6208475276 30.5476486311 31.148350062 30.5873186986 31.16134048 31.0464187598 30.6370629174 30.7430881116 30.6873607797 30.7592791082 30.6987703244 31.1312886289 31.0378200661 30.5303916481 30.695681344 30.5907874806 30.5509669422 30.58987752 30.8378990036 30.6752639004 31.0459770255 31.0366250678 30.925732212 30.7723448715 30.8010823773
30.5175053799 30.68454419 31.0738828309 30.9603213067 30.7991733266 30.7447928254 31.1182217194 30.5825131524 30.9816290629 30.9197376322 30.7986420466 30.9708962758 31.1188431017 30.5742397388 31.1194186458 30.5248304694 30.5736072838 31.141429605 30.7680262161 31.095288196 31.1769101429 30.8746169233 30.7708333277 30.6762780733 31.1913067262 30.863870702 30.5886369352 31.0651581976 30.975517881 30.6496065814 30.5521325727 30.8036271554 30.6214199686 30.7013968827 30.9519821384 30.813244526 31.1699339303 30.7092480792 30.5679219418 30.6847405859 30.5385538863 31.0505313602 30.711340555 30.6943306823 30.55806573 30.9491589454 30.6190695726 30.9887683632 30.5403434958 30.5022006454 30.9367263025 30.8320367844 30.9548984535 30.534080375 31.1468650636 31.1881814362 30.6431606247
30.5492358441 30.8351297323 30.7779077999 30.5732661768 30.6842031234 31.0281809339 30.7092975159 30.7610232558 31.1101675835 31.1264179063 30.6855607548 31.0215580964 30.9558550919 30.5293315279 30.7137196371 30.8672803483 30.946986671 30.8393238826 30.7770878016 31.0815370848 30.6090507008 30.5094869537 31.0100510093 30.8610983503 30.6314890982 31.0934552898 31.0269926895 31.1971170148 30.5164743865 30.9303866153 30.7610649332 30.6228490358 30.9074545787 30.6301770832 30.8735016819 30.6053337795 30.9721456971 30.849000097 30.6369345456 30.8771843586 30.5970756756 30.7260664679 30.9034376609 31.0003453756 30.9155246678 31.1280278288 30.6630693718 31.1662432486 31.0714128332 30.6884542663 30.8833270286 31.1586342362 30.6660017173 31.1518103553 31.0190958512 30.7496851995 30.8592941196
31.1115707344 30.6886118757 30.5466676099 30.5278108357 30.5704009582 30.6543161044 30.5213504469 30.8718956033 30.7415209627 30.5097947557 30.7324330356 30.7270094614 31.0931592111 30.5723970153 31.0162053135 31.1140777382 30.8953748719 30.8681125213 30.7113540383 30.7786449053 30.6443605932 31.0012370385 30.6707926476 30.5389534452 31.1480223845 30.7585274226 30.7883387594 30.735432754 30.5810602287 30.8496289534 30.8169868714 30.9270976936 30.9825602372 30.8961224336 30.5516055876 30.7432637146 30.5494409444 30.7991955159 30.9193781196 30.874759897 30.6157307143 30.8831091775 30.9678156886 31.0151956067 30.8159677013 30.8985579762 30.6864463703 30.7638219479 30.8119719992 30.9830974349 30.8657166873 30.5878390728 30.7296063311 30.6249809086 30.7564894807 31.0537596098 30.5435999234
30.9398398578 30.5903918549 31.020155378 30.9056824351 30.9176480072 30.8372982365 30.7998655847 30.8777866062 30.5707819406 30.618342344 30.7063905198 30.8036388958 31.0790421099 30.9404685338 30.8958694363 30.8646960645 30.9471177561 31.0646066298 31.1011014588 30.7923465879 30.8623594234 30.5793480341 30.6744257561 30.5340102637 30.6343497295 31.172253193 30.8201411874 31.1699561003 30.5455867452 31.0325266854 30.6400087571 31.0819558241 30.6913289552 30.69823799 30.5747913022 31.184865109 30.8718577889 30.6976457853 31.1542638856 31.1969263134 30.538336755 30.6652726657 30.7092612429 31.1512770796 30.5524731747 30.7580099189 31.0092120392 30.8286568722 30.6318408743 31.0056685066 31.1008497501 30.9939806557 31.1266230152 30.8048336764 30.7246383292 30.8997954692 30.9734526442
30.6400983892 30.6039142353 31.0297604639 30.6387358754 30.7588634347 30.8051123908 30.8174513854 30.8724496966 30.5479540667 30.9960423022 30.9537055413 31.1980564247 30.9425554718 30.6457771687 30.7339360989 30.7947276336 30.8143658066 30.5097972274 30.5412695381 30.8920742887 31.1121323432 30.5860609759 30.9599152427 31.1149098095 30.6082363325 30.7611140118 30.9323796337 30.7636131594 31.0644137903 31.0073166209 31.0239863773 31.2001126179 31.0040053286 30.9670184351 31.0432632764 30.8160726074 30.6324668224 31.0415593126 30.5040187612 31.0995564694 30.9736154097 31.1660662163 30.7102736985 30.7929149378 30.5868735811 30.8271631578 30.6770888872 30.6064695459 30.5803053548 31.0042562998 30.7270186925 30.8278481245 31.1090422189 30.9971844462 30.8064801936 30.6990271141 30.535637983
30.9223654377 30.5010007842 30.8514727671 30.8867274373 30.758255164 30.6140520456 30.7014310413 31.1833280513 31.0592497014 30.9903537278 30.5901339235 30.8353156161 31.0463175718 30.5668650434 30.9793838161 30.7076137624 30.6184982202 31.141249791 30.8539437278 31.1586719913 30.944604082 30.7758123905 30.7475576294 30.918580786 30.9693487746 30.8817268759 30.960718204 30.6666185005 30.8047032139 30.7836569049 30.6150134966 30.9347536648 30.5815866447 31.1878305422 30.7745383796 30.6069594459 30.7038402499 31.1910675235 30.9519473977 30.9500741635 31.0389813966 30.5193648507 30.5850624707 30.8692137251 30.9861676727 30.5305542661 31.0356946593 30.9199197632 31.0324426109 30.6953992215 31.0679730253 30.7642091815 30.6973896253 31.2066062197 31.189600436 30.828006471 31.2048194471
30.6429545143 30.7497030752 31.0347047484 31.0857372868 31.0616999338 30.8756099465 31.1605873697 30.5323593987 30.6073120978 31.0508402833 30.6375769343 30.7913797218 31.1290151871 30.7350542291 30.8932455115 30.7279440609 30.9182350528 30.5766637599 30.7136517691 30.5158614081 30.9266194425 30.9886594874 30.7670306175 30.5685665931 31.0394164043 30.9137735292 31.1703897002 30.6531669976 30.8629365471 30.6401265173 30.5179035345 30.6062074777 30.6052828438 30.7703922038 30.9763939236 30.6600442633 31.0428568911 31.0276705499 30.5891726392 30.6905824183 30.6730881872 30.9411630248 31.0129770161 30.5080480362 31.0443288448 30.5098756916 31.1101593771 31.1389538403 31.0858831283 30.6491892484 31.1288857801 30.5222906431 30.9480927216 30.8109779753 30.7873299248 30.5875768524 30.7410240689
30.5491072981 30.8366512357 30.8501854095 30.7702783771 30.9302594117 30.856162034 30.8525355006 31.0968457152 30.5988178309 31.0618403313 30.5015766303 31.0228071828 30.7034221105 31.1779847895 30.751051883 30.5780112179 31.1527145747 31.0061166846 30.8803556387 30.7661676048 30.997476249 31.1399875219 30.9051655779 30.9108191092 31.0264711473 30.7738492432 30.7216988177 30.5813916089 31.1312249013 30.9152444823 30.7116912773 30.5923414474 30.964940778 30.7267557076 31.1749388337 30.8083489756 31.1999189897 31.0754009757 30.7477980997 30.9113013907 31.0226299801 30.910566309 30.936471631 31.1428456745 31.0774007225 31.1224333128 31.0006231938 30.6219341451 31.1573508365 31.1465089054 30.5834635299 30.9644242338 30.51852114 31.0639032564 30.6495209266 30.6275666292 30.6423280187
31.1415140381 30.8668093108 31.1085872222 30.9016400177 31.0373173362 31.1234160095 30.7116032389 30.7017855705 31.0957893941 30.5376129521 30.8263673596 31.0085077248 30.837716837 30.7189690827 30.7426734873 31.0509763054 30.7439737697 30.8717235563 30.6473812718 30.7308227528 31.1612730565 30.671127465 31.0998907099 30.65494227 31.0744112255 31.0768727236 31.1885489144 31.1749503161 31.0438637704 31.0439044459 30.7291082092 31.0541080051 30.8903037818 30.8752019745 30.6776928082 30.8198732282 31.0903515587 30.963335754 30.807589268 30.6767659018 30.7339410322 30.5749522212 30.8115062617 30.7944680314 30.7431055587 31.1959899624 31.0040620809 30.8040886559 31.1823046764 30.699156299 31.0384796592 30.7308815416 31.1933854604 30.8075003198 31.1742066686 30.7548882537 30.8433075591
30.6468348025 31.0369404508 31.1228418719 30.8151690254 31.0567534117 31.01335379 30.6229053048 30.6277173937 30.5605780423 30.8061224784 30.6370223579 31.1392981768 30.7757690499 30.5975869018 30.8569976644 30.6469564144 30.6096135286 30.9847089386 31.1808058096 30.6713037134 30.9453246967 30.7986969933 31.1015990546 30.6708160325 30.6746520925 30.7665554879 30.5882329631 30.7590476142 30.9111347386 30.5425684934 30.9738225568 30.7514288826 30.7789368301 31.1046363954 30.8049753234 30.6288803604 30.5560924965 31.0749552675 30.9723768867 30.9723986578 30.7465694014 30.8550550415 30.6168247531 30.9589627779 31.0204141551 31.0852830927 30.8025751967 30.7886663271 31.0826069382 30.8559779472 30.5718009469 31.1434761397 31.1157697007 31.202189743 31.1394491866 31.0177944475 30.7949540327
30.5487777157 30.7936581025 30.5530760282 31.1264785848 30.7833175359 30.6049590307 30.9320166702 30.68476758 30.6549539717 30.7662105947 30.837791874 30.9514251096 30.8976341986 31.1898445789 30.8594831277 30.6634903995 30.5653217973 31.0118873691 30.9574157658 31.014299362 30.9503592656 31.1079910929 31.0346499393 30.7166532905 30.8730158378 30.7683228371 31.1879055023 30.9920001523 30.5437806539 30.8077086258 31.156439111 30.9165473593 30.92104981 31.0544125049 30.982960873 30.7737892938 31.0152273206 30.7255054401 31.1935860082 30.7969147129 31.1561644373 30.6072554305 31.1868573918 30.8605987042 31.0427529452 31.058809076 30.7512402627 30.9100470285 30.8905051065 31.0489759625 30.5485614194 30.9199671939 30.5405396609 30.6084654127 30.8090349286 30.6745022332 31.0828965792
30.8111843952 30.6073887845 31.1221836375 31.0243588315 31.1569313319 31.1272587681 30.611849147 30.6111139505 31.0528841685 30.5256121673 31.0910052517 30.9078231552 31.1661234209 31.1481831683 31.1212010344 30.645173881 30.7744920097 30.8357633498 30.8198801719 31.120762238 30.5512859925 30.6433549388 30.9950825781 30.5723532401 30.7811800843 30.7720352346 30.5614076514 30.65807954 31.0821519389 30.6758414118 30.7386934604 31.0699946805 30.8277387191 30.6025012478 30.5142880874 30.6553778734 31.0250213912 30.6235162505 31.1884711293 30.6388467063 31.1588872677 31.183387395 30.6371076576 30.906714508 31.1181025807 30.5287276923 30.7379974028 31.108879819 31.1871333456 30.6665919977 31.1724394991 30.7790683697 30.6892062113 30.9053582329 30.516527072 30.5871711972 30.9738179384
31.0651774766 30.8764102463 30.851304627 31.177984182 31.0675799248 31.0170122625 30.5013214879 30.9130440907 30.7624403039 30.8411144715 31.1444929457 30.6168546218 30.9651315958 30.8418918953 30.7783760042 31.0147624052 30.8625839716 30.9151506556 30.8506733718 31.0157717168 30.6193876605 30.6813139995 30.518909271 30.7260795689 30.6323564275 30.7191186609 31.0852280446 30.9143855218 30.971241876 31.1593871159 30.6990769572 30.6034673602 30.9393277874 30.7565546151 30.5599719348 30.9396666744 31.0908734404 31.0572999994 30.9095544127 30.7354431772 30.5914842236 31.0376806215 30.7255738976 30.6415426012 30.6478937364 31.0251023136 31.1377613404 30.5059826078 30.6561668913 31.1182877174 31.097094491 30.5903713833 31.1643746312 30.8513401447 30.9675376303 31.0165046558 31.0525614611
30.625356799 31.050207703 30.7243788074 30.8468422753 30.6403899381 31.157043098 30.6729401822 31.1485318879 30.778173693 30.5797186383 30.8076145847 30.5877048621 31.0782920143 30.6708872486 31.1547571502 31.0806593824 30.992307001 30.5646836075 30.9072672256 30.5364129666 31.1780814392 30.9033479081 30.6554308105 30.8991946216 30.9838443235 30.9514787299 30.7263748577 30.7737695548 30.6960427518 30.6573243172 31.1280021651 30.8861668608 30.5386537808 30.8955993545 30.6725396199 30.6041911868 30.7726787082 31.1274282649 30.7343858306 30.5420748106 30.6494507827 30.5664387722 30.5818461934 31.0938630888 31.0550944496 31.0705050981 30.8149721478 30.8469286494 30.6563729313 30.9363345498 30.7262432804 31.2025863358 30.8927647904 31.1360589328 30.6663227343 30.9770163835 31.0043957708
30.7599317656 31.0621768805 30.9488426714 30.5941012514 31.1919890677 30.8721555595 30.7265301286 30.5408041662 31.0243633792 31.0584545199 31.1366368555 30.9654388869 30.8044856845 30.6228529409 31.0561884848 31.0664621473 30.6332726784 30.8496755685 30.7633918224 30.6629194327 30.9759254734 30.988850786 30.5054051878 31.0392982301 30.9623016372 31.1603331345 31.1846821553 30.7379230336 30.5362593466 30.5861018757 31.0527816836 30.7754570234 31.196322434 30.5699957471 30.9145757384 31.0502800638 31.0585445874 30.8042147622 30.9527259901 30.5492532967 30.6499457785 30.6914124698 30.8563400887 30.6654114184 30.654751324 30.9914557758 30.7487118045 30.5985763654 30.7154378316 30.7297145458 30.6122824853 30.8664781755 30.5555249035 30.7035976632 30.7388723811 30.6547095377 30.5019246102
31.0643697794 30.9681024887 30.7296346078 31.1727460084 30.5572219156 30.8885448808 30.9944551425 30.5292007936 31.1361015227 30.8465251031 30.8102476308 30.9099946018 30.8404659389 30.7278436995 31.1081010055 30.5660430025 30.5656665213 30.7426608684 30.5995242854 30.978112956 30.9595740641 31.2020390609 31.0769147663 30.8619066285 31.1185496381 30.8237149296 30.7457822119 31.1328849987 30.7843822103 31.0262372551 30.5619462679 30.9082034986 30.6865747337 31.0234806187 31.0775214593 30.8864732659 30.8951971682 30.9211822277 31.1428618165 30.9556972487 30.7883838895 30.6937859873 30.6966254398 31.1341655453 31.0066977898 30.5465427428 30.6477317672 30.7815490149 31.1512495988 30.5098500789 30.9308167484 30.7853092511 30.7151494216 30.563438462 30.8437080998 30.9029208126 30.7579927864
30.956642231 30.8912840676 30.6247728979 31.0213721382 30.9702363135 30.7037875598 31.1830574431 30.9229506194 30.5172151593 31.0733823979 30.7270165097 30.7572224345 30.8063792768 30.5689752697 31.1199469206 31.2027024416 31.0500667902 31.1627146294 30.5295382184 30.9575409126 30.618848622 30.8398931306 31.1622134051 30.5304492935 30.7358697715 30.7878147188 30.9928311139 31.0312365361 31.1101409924 30.690939509 30.7242529309 30.5640637083 30.9124888164 31.0851580554 30.9758007017 31.0583304958 30.8245220967 31.1785411564 31.2070702359 30.8457163916 31.1278657027 30.9663005521 30.8745724966 30.9207243288 30.8060480015 30.661982357 30.8742218239 30.9865743107 30.8567053296 31.004063018 30.7156127032 30.7527947307 31.1404312244 30.8253185313 30.6556768256 30.9000563513 30.8120803531
30.7440123466 31.0197602312 30.56472903 31.1275257833 30.5207394412 30.7561788779 30.8269534907 30.5570038772 30.8380554665 30.6726386019 30.7584071955 30.5210386966 31.0473405627 31.0420378317 31.2035814319 30.6725242617 30.9013148478 30.6028093762 30.995802104 31.0226357661 30.628283243 30.7590961447 31.1068747774 31.0304094212 30.5257960819 31.0145580126 30.8357807445 30.7129765866 30.9700971091 31.1060161603 31.1107635029 30.8581016063 31.1397173982 31.0059985762 30.8889862788 30.7097416027 30.7277704632 30.8926577499 30.8430056359 31.1759651894 31.2061421222 30.7348902899 30.7929373599 30.8640820109 31.0402249981 31.0431782084 31.0083139982 30.6985414347 30.5002194666 30.6658397383 30.6491297797 30.6877496894 30.7195339532 31.1552809972 30.6452119579 30.7834481192 31.0357028023
30.5686101453 30.943076248 30.7473430191 30.8104887481 30.6534819049 30.8626533969 31.0013921966 30.8728873101 30.8101401195 30.7584308334 31.1710939905 31.0825093997 31.1262352477 31.0162650971 30.9772862914 30.8605421614 30.5388515962 30.7812481449 30.8071396092 30.8745893387 31.0177277513 31.0312034993 30.8664206836 30.8498833452 31.1705359863 30.5606661775 30.6951880925 30.7944425487 31.130308537 30.5648574796 30.5686333446 31.1660490102 30.9380107913 31.0710368955 31.0597386123 30.7607802241 31.1161659338 30.8347257581 31.1399582124 30.5139986337 30.6409407911 30.9135055989 30.5609463479 31.0531783485 30.7198084333 30.7810375584 30.8512999276 30.7894339051 30.7576324882 30.8007679269 30.780027693 30.5192789374 30.5314071276 31.1897024038 30.680613505 30.9104534505 30.7408597644
30.6538332747 31.1460982764 31.0389688479 30.5745458372 30.5387052657 30.7813841166 30.7082198116 30.854837153 30.8284578489 30.9893089112 30.8877831322 30.852026102 31.1954067765 31.0815655389 30.7049980876 31.0751327881 30.8501388467 30.9786154847 30.8923622782 31.0763355636 30.8281651452 30.757867071 31.0070777441 30.771534161 30.8811156205 30.7563299306 31.0543909609 30.5447487234 31.1592886551 31.1060849219 30.5589056509 31.0333869389 30.8103991447 31.1850267948 31.0729119918 30.5230434031 30.5516545716 30.8080031768 30.9036417184 30.5400781689 31.0990132677 31.185227898 30.6416509752 30.6741771469 30.6642033773 30.6318677436 31.0122960163 31.1694625223 31.0389579698 30.9879152067 31.1997717275 30.9422918851 30.9538172353 30.5328879352 30.722250476 30.9636815694 30.765938174
31.1642115696 30.6812836568 30.7035394028 30.8755128662 30.7865940259 31.1844758235 30.6969193955 30.9012900657 30.6251463476 31.0794008674 30.7837170502 30.5731749952 30.5647196883 30.741271082 30.5516643823 30.6043975799 31.1847381644 31.0817793811 30.8675152049 31.1184998204 30.7229934492 31.1277502354 31.1549387056 31.1965542312 30.7237121129 30.9220680055 30.7266427176 31.1103129848 30.9039857856 30.7793543988 31.1402895995 31.1493294838 31.0440354554 31.0604301502 30.8566647827 31.1827276433 30.7041981163 30.9608752113 30.7291360766 31.0990089287 30.8601865308 30.8922688797 30.6317567539 30.976319179 31.1789469462 31.1168108765 30.9985024771 30.5957735467 30.6909518637 30.8164501694 31.1247357173 30.7250752108 30.9986108988 31.0439424935 31.093167947 30.5013459428 30.5674712522
30.6189180617 31.0937593541 30.6891518271 30.667287869 30.9274233094 30.5902127538 31.1593787293 30.9265155631 30.5821045648 30.9479551599 30.9138018488 30.9000992509 31.0120415883 31.1475218143 30.8147332443 31.1206969067 30.8901077416 30.6579437511 31.1393363546 30.9138370089 30.6087611713 30.8564289503 30.6607147533 30.5564579949 30.6918781622 31.1215797512 30.6096006307 30.6302133403 30.6504006355 30.6260449104 30.6564749542 30.7368597907 30.6541297814 31.1777272147 31.1326556801 30.6937641495 31.024950048 30.716761017 30.7748313788 31.1480453774 31.2016040084 31.021821041 30.6033912471 30.7716329314 31.0374662125 31.1789874087 30.5999879105 30.5969173986 30.6597685866 31.1429154822 30.6622163242 30.9716591048 30.613868207 30.9199602593 30.5613926359 30.6888728291 31.030630461
30.5240465373 31.0843801422 30.5474686714 31.0513454758 31.0689488858 30.6173915819 30.5571674931 31.1439932077 30.8539241328 30.5667566613 31.0674006226 30.9239596388 30.880329777 30.5727359673 30.6712431018 30.8524476025 30.7628124147 31.0159907942 30.7254782923 31.1484300862 30.5459202401 30.866250895 30.6773304715 30.5782434981 30.7616711008 30.9593974032 31.0183142153 30.5964674412 30.5317706485 31.0839646546 31.1338338442 31.1439531839 30.5272464125 31.1880919687 30.6768636068 30.5849171247 31.0475889263 30.7328744732 30.6157691179 31.0946077255 30.6593669623 30.725767677 30.895870423 30.7939474071 31.048199651 30.9771086613 31.1739098499 30.6417470476 30.9125477581 30.6235273466 30.9350273146 31.0586221431 31.1973458287 31.1244122315 30.6689185062 30.6088373311 30.5356165528
