Spatial_Output/DEC/DEC_0136.asc
NCOLS 155
NROWS 192
XLLCORNER 196307.867259
YLLCORNER 449144.565805
CELLSIZE 33.573938
NODATA_VALUE NaN
[rows 104 to 129 of 192, columns 57 to 113 of 155]
44.8030645807 44.9476240734 45.1494819589 44.8862220372 44.8711206352 45.1542841864 45.0877350672 45.0159133425 45.058272929 44.9667802707 45.0778250656 45.1777795977 45.031353819 44.5568861146 44.8273841144 44.7161453354 45.0764666784 45.1890385628 44.9895568797 44.9392853288 44.6758065235 45.0453595503 45.1377999126 45.1643719899 45.0550264907 44.622917165 44.6932197692 44.8877161605 44.7840681852 45.1357289291 44.8688451048 45.1948355499 45.1978503951 44.5779571882 44.9171987234 44.5453466401 44.7897380487 44.7828204993 44.7703110409 44.9419757289 44.9290263477 44.8419907192 45.0333268278 44.5112455376 45.1989981742 45.1258710379 44.7575270277 45.1192607153 44.5354164578 45.0822198917 44.5957295809 45.0503838242 45.1000365877 44.5699141786 45.0019151268 44.5458877101 44.8892952315
45.0873522118 45.0259368799 44.7724871607 44.5656589935 44.5946306967 45.0641388692 44.7430857203 44.5527233061 45.0059937463 44.8389766481 45.1366602076 45.0253351316 44.6994093303 45.1559258874 44.8634368466 44.959569699 44.8136802087 44.9610285295 44.9562384286 44.7784826457 45.1028223925 44.6752927963 44.8696096273 45.1559097897 44.5808483358 44.6146926575 44.8132326092 44.755996833 45.1870981548 44.8375646793 44.7609032298 44.9415442296 44.778774803 44.6609998858 44.5305776206 45.0191723251 44.9013697772 44.5953977473 45.1918689869 44.7501928076 45.1467832299 44.7859937128 44.9373208645 44.9524455118 44.5377608172 44.7358651218 44.9205352353 44.9040533518 45.1700478274 44.8092511006 44.8086142746 44.7877540542 45.1297506357 44.9003275445 44.5232956523 44.9381151816 45.1250114316
44.9914539971 45.1989716876 44.8162645218 45.0800051835 44.7889158159 44.8327350292 45.168235647 44.7052633942 45.123757531 45.1879106326 44.9398390197 44.9892943942 45.1291235621 44.6414567845 44.9293525839 44.5381756325 44.720379269 45.0279980643 44.8251660304 44.5510262841 44.533231082 44.632423885 45.1022687692 44.7890888606 44.5837040735 44.9885367704 45.0443260036 45.1279814718 44.7822477927 44.7892867621 45.1741656474 44.8750213128 44.5270497934 44.9087470297 44.9833540097 44.7300632925 44.9745037534 44.585753927 45.1245163245 44.7980564718 44.6945937934 44.9777158201 44.9666448468 44.5504559544 44.6993576668 45.0943993839 45.1876282821 44.6231092451 44.7938734117 44.8272408437 44.6710862913 45.1015452701 44.8536953074 44.965419711 45.1054323872 45.1347549082 44.768149174
44.9044713239 44.791432502 45.1281860626 45.1614642743 45.1147511469 44.603516376 45.0045017408 44.5977883464 44.6033877442 44.948992976 44.8801546244 44.8539835717 44.7218147969 44.6452604665 44.5615974509 45.1704451642 44.7122782968 44.7911281278 44.6784863906 44.7901717979 44.8749185513 44.7966466104 44.5144478143 44.5557590342 44.6021023166 44.6329956644 45.1736590292 45.1286355659 45.1163989723 45.0371801131 44.5645188226 44.8886675385 45.1641781159 44.5467907813 45.0773472696 44.5346581257 44.5178295199 44.5830524349 44.7041790053 44.6312303562 44.8968391937 44.6390857156 44.5210492852 45.1240258138 45.0433719594 44.8099029209 45.1917965344 45.1296295644 44.6289871548 45.0939352122 44.789651828 44.8230944183 44.5546981133 44.9080532609 45.063794044 45.0095147393 44.9627785002
44.5048391613 44.9425619704 45.0373537132 45.0717031216 44.5411220668 44.713711095 44.9313825452 44.6556508023 44.7741567013 44.6673632989 45.1111880518 44.5172629576 44.8401147961 44.5841739442 44.8936788159 45.1018789659 44.9507522559 44.8398395645 44.7104587936 45.0862680646 44.8214713023 44.6079362445 45.0421400898 44.9485596442 44.6989552882 44.8685737236 44.7933821706 44.9914802783 44.5547759293 44.7279856742 44.6564445144 44.7279664737 44.8578139029 44.7544555352 45.1666558995 45.0490073465 45.0628399052 45.0266059524 45.0552723211 44.6958083258 44.5368594959 44.8741276938 44.6714497835 44.737233914 45.1823274281 45.1710929897 44.8100108459 44.790051546 44.7881198083 45.1341944708 44.9200593564 44.5470177201 44.5236493649 44.814469846 44.7402145988 45.0784038738 44.559024507
44.7288902916 44.5235141284 44.7838163594 44.8925482456 44.8195904747 44.7118751118 45.0739331071 45.0313483504 45.1503795999 44.9670271967 45.1881870363 44.8677406201 45.1826789237 44.9529903538 44.7418563113 45.0890170676 44.6282317217 45.0299848199 45.1076975439 45.1888999227 45.095859495 44.8520206177 45.1596053531 44.5833246537 44.7725637879 44.755616474 44.6109986364 45.0983300032 45.0258498556 44.8429843094 45.1867452595 44.6465127155 44.5878562146 44.9530535794 45.0168443096 44.9539806765 45.1423966878 44.8596943665 44.7736757217 44.7284341538 45.1273158933 45.1433665707 44.8661338787 44.8996617875 44.6113584939 44.6277191315 44.7594866246 45.1503800067 45.1442563817 45.0085904362 45.1643590712 44.8359182678 44.6593875268 44.8101512347 45.088925744 45.0373736677 45.0171186357
44.7711546857 44.8186237989 44.9187604358 44.7458062955 44.9827472021 45.1354601726 45.0735855952 45.0793021407 44.7972078186 44.5298750025 44.6661489021 44.8653275121 45.1719013912 44.8484588869 44.677617275 44.9304141407 45.168594892 44.8901664072 45.0005665403 45.1547122135 44.7326004532 44.7436828004 45.0726751516 44.6676702985 44.5638799657 45.0753398918 44.8185451209 45.1363794974 44.8607248548 44.7059751465 44.9989326094 44.9086547606 45.0812791716 45.0068209646 44.9159346807 45.1109499668 44.7986232579 44.8754812185 44.5888441339 44.6348538223 44.5726794298 44.9243796616 44.5178880438 44.9648448042 44.9200576846 45.1714030529 44.8202711593 45.0214524824 44.5646530079 44.9460501677 45.1109508729 44.8317215478 44.6104367319 44.6460651381 45.0907368676 45.1745073215 98.9807137981
45.1293213532 44.9444344249 44.9313482226 44.7705028651 44.9013293143 45.1311276301 45.2051335833 44.5235483839 45.1615569966 44.6453266654 45.0038454357 44.6957369931 44.6296841025 44.6616906269 44.7003667923 44.7390360223 44.8325180106 44.8040058503 44.8763069437 45.079064505 45.0749580803 45.145940136 44.6634374297 44.6301199428 44.5434012552 44.7296653837 44.8298060015 44.8377021632 44.6769338191 44.9914344158 45.0951242944 44.9274678948 44.5913181062 44.5835405966 44.8105911434 44.9945235591 44.8203732926 44.9122694334 44.926669174 44.6456763291 44.7823794761 44.786401086 45.1867088019 45.1314022298 44.5633943524 44.8890349914 45.1191097767 45.0845035645 44.7993030212 45.0410714111 45.201128552 44.902921119 44.5122150607 44.6268262345 44.6871861418 44.5260820135 44.7496874765
44.9060420767 44.7033656576 44.5433620681 45.1381965149 44.8279252337 44.5459961832 44.693297489 44.6279198771 44.9165732648 44.9854718047 44.5399626236 44.5758273569 44.5222660675 44.7401528873 44.9880574867 44.6171914398 44.6576468136 45.1717555035 45.1202555656 44.9066907554 44.5606150188 44.7244878918 44.6718909741 44.557967036 44.6309701162 44.760309284 44.5978441717 44.7080800374 44.9105744339 44.5576498253 45.05494671 44.759406205 45.00160779 45.0995152496 45.1305919962 45.0427372831 44.6555384798 44.5362710965 45.0366918779 44.5302737012 44.6746864074 44.8761831841 44.8891702923 44.9487748717 44.9476941726 44.7602277182 44.9550792823 44.7270560592 45.1501706992 44.961437697 45.149343159 44.9772631779 44.9319020654 44.742868769 45.102414684 44.9213603116 44.9713733741
44.9252163051 45.0704273234 45.1117287559 44.6737616215 44.9391472586 45.1314245375 44.6329983159 44.7033219805 44.7128993278 44.606844769 44.6646077048 45.0895317182 44.8042633398 44.5124898202 45.0381964776 44.8857759163 44.9380114465 44.7884960933 45.0531336847 44.7265356863 44.7270270265 45.0183374494 44.8990718446 44.780229949 44.6946105339 44.784501607 44.5090545191 44.5957618652 45.1473517625 44.9623681767 45.0400178047 44.5142467535 44.5099459224 44.5619676829 45.0991913865 44.9189174966 44.8259944654 45.1466851106 44.9643118054 44.5832770539 44.9712052087 44.8064380789 44.6302205402 44.9634473204 44.9311269842 44.8139902231 44.5891125372 44.5113519666 45.1124033196 45.184655975 44.8223302634 45.0060067045 45.0443238826 44.9119944025 44.5673556201 44.8595569868 45.1688535169
45.0450458225 44.5499258094 44.6663376883 45.2001281373 44.5779619156 44.7537012266 45.1410950593 44.529630111 44.9949582534 44.8008448727 44.8493306311 45.0069735462 44.835632287 44.8013820351 44.698487873 45.1996786102 45.0962631608 44.5195606236 44.738480295 44.6961771933 44.5883626436 44.7777485735 44.917100272 44.9408477059 44.7521756722 44.5521498582 44.9994909309 45.0375186707 44.7889816509 44.9416088121 44.7590472474 44.5793883038 44.5025067125 44.6058275113 44.8497690051 44.9725631549 44.5501734978 44.5067210195 44.8343558592 44.63636918 44.6040397373 44.6862669415 45.1626698275 44.7626737489 44.7343786492 44.7709431655 45.1677492013 44.9918933624 44.938418421 44.7872052638 44.5922502895 44.7509964039 44.7024067109 44.6004932083 45.0821970885 44.6509997546 44.7102830946
44.6603475697 44.5496804492 44.7683767485 44.6005304523 44.8725373759 44.8319516466 44.7441414998 44.7108941624 44.7674410506 45.1632038667 44.9094774283 44.8441572949 45.173094511 45.1239526136 44.5973295711 45.1870929254 44.8276881183 44.7782477295 44.6114150213 45.1351108851 45.1524487215 44.9280061719 44.5926077624 44.6253526726 44.887542081 44.8830788564 44.6916929492 44.9600891999 44.6443419944 44.6314790959 45.0084307213 44.7197683443 44.5370901574 44.8793039234 45.1922640659 44.7515107436 44.6539070375 45.0395330541 45.067576247 44.6596005483 45.0987228372 44.6426114145 44.6157969912 44.935024138 44.8885615301 44.8880173942 44.6789412219 44.6887884998 45.1981358417 44.7274503328 44.8396568877 44.9806132195 44.8047893899 44.695947569 44.5667004497 44.8449971035 44.6431085053
44.57477312 44.8520959153 44.9595345294 44.7567172669 44.7084071666 44.6751847897 44.7183712234 44.5859736672 44.7468647158 45.0604844579 44.5500062306 44.7186406481 44.5167211448 44.9899730899 44.5573895367 44.9864513753 45.0645718733 44.6325965857 45.1947546457 44.9937223791 45.0877920794 44.5631269461 44.507670371 45.1626343252 45.1041637724 44.7942261715 44.9875416254 45.1917265138 45.1664851255 44.888968231 44.557995407 44.8512321676 44.7262207844 44.7090904011 44.7820131095 44.7438362139 44.8976661403 44.7734820703 44.8765740725 44.9796631296 45.1960524492 44.9576925771 45.1439288604 44.7514141627 44.5596946156 44.6265797998 44.7127221885 44.8850345999 44.9333311291 44.7601020519 45.0583430341 44.9455146229 45.0006938667 44.8717133066 45.0870469888 45.1228985996 44.82292436
45.1949587706 44.8487112423 44.6694427026 44.5740027559 44.9614846647 44.7252353262 44.6306749521 44.8079921342 44.7672424633 45.0758449908 44.5598910183 45.08933302 44.9138385888 44.744764885 45.1470443113 44.5216238077 44.8178282019 45.1330641451 45.0396190527 44.5586134131 44.5687823925 45.1331188404 44.6512079655 44.8911046165 45.0247123031 44.9726233555 45.1237285392 44.5497981284 44.9121802283 45.0112873536 45.0653005517 45.1736204849 44.8280401273 44.8989683021 44.530911991 45.1425624649 44.9122872363 45.025188994 44.906964246 44.543158006 44.7303510024 44.7818988694 44.8717027879 44.6764561115 44.5591641429 44.9336902796 45.1880989368 44.5330631731 45.20052729 45.1649703327 45.2021262946 44.7594418987 45.0797252743 44.9897382635 45.1136290094 44.9646661767 44.8163815417
44.8183429539 44.8751505868 44.6806706929 44.8910106508 44.5890225419 44.9476977367 45.162627124 45.1947732726 44.7484307985 45.1043356907 44.8368294259 44.6449244044 44.6331525406 44.7576038676 44.6504425459 44.8551654283 45.1513620233 44.5442336737 44.945389722 45.1002670182 45.1836772887 44.5419433878 44.9096798099 44.7419792795 45.0138394294 44.9885794008 44.8883323044 45.1746229707 44.7085999651 44.5686769993 44.7026072128 45.1397892299 44.6973534243 45.1356195754 44.9752441639 44.9977799239 44.9492276839 44.5085995661 45.197177414 44.902209656 44.5447468704 44.6360868801 44.5435735777 44.7783820686 44.6629429986 44.9844787181 45.1569600553 44.8491561288 44.939929243 44.654771854 44.7472899892 45.0366777192 44.6478054119 44.8300918562 45.1548083683 45.1733282019 45.1243649773
44.5433978213 44.5320703729 44.5441008858 44.9492705711 44.6148852936 44.5573591068 44.9286186369 44.632929817 44.5942206702 44.5138510115 44.6279127154 44.775744818 45.0314520893 44.8189536517 45.1463713893 44.6887220783 44.7200458646 45.1634540037 44.5284709845 45.1577968136 44.8208676303 44.9908218749 44.6364925409 44.5490698129 44.5805564449 44.9331333247 44.7740064944 45.0174669917 45.1975757642 44.7743884176 44.8579647952 44.6840637961 44.6289030295 44.5930404056 44.7029455548 44.5616933081 45.0028406869 44.6683404178 44.6575686708 45.121677409 44.9107041866 44.5959706239 44.6581042968 44.9727920967 44.8030125466 45.0899774311 44.7379608225 44.5483420285 44.7835261668 44.7938143031 44.9802651688 44.8312737088 44.709327549 44.6239574643 44.551926633 45.0046319824 44.6931998464
44.7637076064 45.074853669 44.914349809 44.7290235354 44.6460819108 44.6602510219 45.134704925 45.1105445912 45.1630867173 44.9643306793 45.1774768912 45.0939244176 44.7245875542 45.0020964171 45.1881511824 44.9318624492 45.160227973 44.5235279788 44.5525628738 45.0408893765 44.9307385436 44.6106873788 44.5842658996 44.7546220727 44.5236098402 44.5447320625 44.9944839806 44.683500228 45.0717538234 44.9042984383 44.521488414 45.0364887894 44.6608145738 44.8921061635 45.1850922457 44.8057124136 44.5926346825 44.6877410792 45.1689932178 44.5668780291 44.7546063053 44.6823788515 44.8172469206 44.7250998183 45.1271632843 44.7120523511 44.898753499 44.767840929 44.8411644262 45.018072838 44.6031512166 45.2032011538 44.6828003241 45.0564906582 44.8781452694 44.9652459833 45.1982431157
45.1706367525 44.6623849254 44.9952029669 44.5037738641 44.9527177226 44.7126851236 44.5104444235 45.0136666718 44.6043999506 44.7546191698 44.6005730338 44.8806496305 44.6542150909 44.7097596555 44.589281224 45.0194795934 45.1251249663 44.9475211929 44.9368166797 44.6289618634 45.098484117 44.8796171509 44.6127303094 44.5515862235 44.9149161303 44.8734604402 44.9840083884 44.5005277598 44.8527077404 44.6962676148 45.0274385634 44.9390362121 44.8745646516 45.107644516 44.6842602768 44.5886284926 44.585960823 45.0811619409 44.9273196947 44.7265014625 44.7177693771 44.510551818 45.0685491942 45.0445658846 44.9929940875 45.1729697085 44.8363110514 44.8121532553 44.9420185633 44.5586246803 44.5329618685 44.9890150263 44.8555372954 44.9903411775 44.7774164474 44.5208881879 45.0583251271
44.78387097 44.8891404214 44.6455269237 45.0060637758 44.7225280586 44.7262982073 44.6885861729 44.6738559412 44.597456629 44.9266673172 45.0035512124 44.7817220988 44.606075926 45.0280972482 44.6536660559 45.0399691243 44.9969256941 44.6780825348 44.6715693298 44.6822118961 45.1151317287 44.9845477721 45.1455457976 44.850969905 44.8783107185 44.8640780358 44.7212466957 45.0051476433 44.8875632131 45.20154208 44.6377220758 44.9185513044 44.7832184782 44.9814141889 44.7137234414 44.8046721944 45.1804124422 44.8298743109 45.0142352615 44.8738980805 44.9083598498 44.7486812597 44.7653831051 45.0859400325 45.1761335707 45.1114045266 44.6404266585 45.0917905574 44.5612286706 45.1918683682 44.514825408 44.6769710474 44.9996506225 44.9388309047 44.6373579446 44.8598090623 44.9428108853
45.0897853577 44.6063758243 44.7226184458 44.7621841409 44.7053946654 44.747412421 44.8928697214 44.7125211331 44.7474290608 45.0395536944 44.7959369261 44.5456189577 45.2025748675 44.9768076629 45.1145066019 45.1228174343 44.5183681749 44.9394269456 45.1682766172 44.7172082663 44.7473087747 45.1054781174 44.7275178421 44.5690085781 44.8248405188 45.0107667406 44.5502392738 45.112879227 44.7823983743 44.8482999874 45.204086995 44.8092338044 45.1169781172 44.9956257652 44.9205557331 45.0599306151 44.924404099 45.1689765711 44.8072637324 44.7121954407 45.0009065142 44.8806428366 45.0785769471 44.5591399741 44.901944361 44.8155830347 44.7057588792 45.1936135603 44.7491619254 45.0376708621 44.8166544106 44.9242753348 44.9413791356 44.5390757888 45.1154475949 44.5470839016 44.5386148597
45.0053190343 44.7199481236 44.9871711671 44.5478086246 44.7419562632 44.6388045606 45.1892573958 45.1480813365 44.5360800637 44.6463018374 44.6137096084 44.6249924739 44.9150758438 44.7538230572 45.0729914731 44.9501662471 44.6329187824 45.1302084549 45.1450639795 44.86838007 44.9880378764 44.9775728634 44.9768765787 44.5585877989 44.9669971239 45.1981049277 44.6206086729 44.8187113402 44.5222842384 44.7027462143 44.9269474644 44.900295665 44.9352751739 44.7185240885 45.0589650071 44.5125302479 45.0437611126 44.6950559852 44.5250946756 45.1813536969 45.0344511733 44.6504126861 45.0849462972 44.5221057921 44.6587817872 44.5400253925 44.7672919456 44.8758480839 44.702705675 44.9192113493 45.1111529349 45.0356449281 45.1241397712 44.742265517 44.7373201286 45.1945921999 44.5195212974
45.1353486103 44.580092108 45.0097813994 44.9068983602 45.058623181 44.5991664501 44.6241152266 44.8189685924 45.162957815 44.6757924427 44.7154966377 45.1620647488 45.0951826893 44.8393130186 45.1464137725 44.8817099243 44.7217803152 44.5503634093 45.1418192788 45.0208026728 44.8610747808 45.1208379873 45.1867241104 44.9181239087 44.6014011442 45.0291429094 44.6593491979 45.0007179962 44.9133755556 45.1656477454 44.9438559406 44.7775851806 44.7455642015 44.9905434312 44.6136793233 44.9816914119 44.818226006 45.0704640532 44.7226500323 44.8114890816 44.5585101075 44.7130189398 45.1613630521 44.9933870391 44.7278926122 44.5572045663 45.1238599477 44.5012321355 44.5559820891 44.6154152219 44.9415174175 45.0643619483 44.6352944269 45.0012574755 44.5853999912 45.0549212528 45.0710341253
44.8803690382 45.0940531055 44.9196836524 45.0777907002 44.5456675626 45.1421645479 44.5609464617 44.6805652927 44.7130681237 44.6362230264 44.869836066 44.651589013 45.1370709598 44.606396075 45.1745888885 44.9585760569 44.9998731767 44.8415860149 44.8108504986 45.1752613441 44.8837591689 45.1833128713 44.7554141408 44.5829784019 45.0297403874 44.5499744837 44.6320449179 44.8451626819 44.8196806425 44.6338552827 45.0415418703 44.8890796801 44.9373210565 44.5271778019 44.8029517742 45.0150236442 44.8986098038 44.8052247191 45.1531389098 44.5455572373 44.742622055 45.1017903254 45.1820523172 44.6984507979 44.7979322886 45.0938126988 44.6361121414 45.0995623651 44.9937418324 44.7360909397 45.022330437 44.6599909854 45.0936814088 45.112435271 44.6911966332 44.8367052762 44.7184773048
45.1477145896 45.1809432577 44.6954146202 45.0814506894 44.757668786 45.1717839661 44.7881783047 44.6016443781 44.8941805426 45.0598476802 44.6144226962 44.9317176719 44.7972362943 44.8143009421 44.781323171 44.6223283168 45.1662272339 44.5894274692 44.7119675888 44.7136109457 44.5870312639 44.6303839737 44.5922963643 45.0076643088 44.696444083 44.7461367691 44.5537702099 44.7013020996 45.0746477945 45.0301803942 44.9337500528 44.7243860912 44.86902653 44.8236319791 44.6597951648 44.5502122098 45.1447382415 44.9524839616 45.1748224423 44.5649086457 44.9691770641 44.7635306327 44.6765987334 45.0796152323 44.9918813854 45.0404625303 45.0886941763 44.6159119529 44.9220255203 45.1526869088 45.0235728104 44.5062832396 44.9986716946 45.0557607922 44.7206515272 44.928703876 44.7601132562
44.9365951764 44.5883504576 44.854984683 44.9133704504 44.5393479087 44.57259362 45.1616491423 44.8055810881 44.9079129706 87.0351630611 86.9818684953 87.0635623107 45.1052992536 44.6693493277 44.8708109025 44.908153969 45.094602715 44.8326388837 45.0396100344 44.9287623673 44.8494363079 44.8073502686 44.8534818022 44.8727673096 44.7645834124 44.7140287999 44.8930016028 45.1075675094 44.924643015 44.7784199129 44.8453987868 45.1143321535 44.5867603477 44.6197491717 45.0336020194 45.1013651654 44.6307486813 44.6179349973 45.1902186561 44.7126722365 44.837300254 44.5893686266 44.7688042318 45.0218906626 44.6130506475 45.1238539282 44.6710053395 44.8910347118 45.0657891064 44.6422155952 44.5869370036 45.0158961969 44.605769633 44.8357608226 44.6079582086 45.129239169 44.9172139819
45.1051926681 45.1364988529 44.6391246929 44.9823401442 44.6331247547 44.8078334265 44.6375796908 44.5335995138 44.7884835401 87.0351630611 87.0351630611 87.0635623107 45.199189183 45.0547339355 45.0421031247 44.634546156 44.9892947102 44.8813022901 45.0386073113 44.8059380734 44.884012109 44.7684296537 45.2039896745 44.9637836437 44.645505093 44.8174158625 44.8191701765 44.730346946 44.686466993 45.0257445564 44.687574746 45.0191605765 45.0215888077 44.8808406946 45.0741452011 44.8031713159 44.8857366754 44.5350460764 44.5472234526 45.068782928 44.8600161288 44.6584058546 44.8834429474 44.7050950551 44.7740982896 44.9089107577 44.7067899687 44.924235712 44.9877408393 44.995203558 45.1347699238 44.8608009276 44.6075546656 44.999125564 45.0631038657 44.527090943 45.0053150108
