Spatial_Output/DEC/DEC_0962.asc
NCOLS 155
NROWS 192
XLLCORNER 196307.867259
YLLCORNER 449144.565805
CELLSIZE 33.573938
NODATA_VALUE NaN
[rows 78 to 103 of 192, columns 57 to 113 of 155]
24.0534250909 25.4808650613 24.122415873 24.2543465073 24.9263861393 24.4302711643 25.5154686997 25.089195349 23.9957918361 24.8048836012 25.4048480315 24.6713513595 24.1200309961 23.7963433985 25.0157124896 24.6660861431 24.7215381819 24.3817956541 24.8985576873 24.2118136498 24.0459723805 24.641141898 25.2517754686 23.9570513876 24.8650216287 24.229449786 25.0765587846 23.8373697211 23.9493437692 24.6990293856 23.6003098025 24.9033392309 23.7958052899 24.8722762928 25.4496487787 24.8983834659 25.2975059949 24.5350860233 24.0926011829 25.5404960697 25.585373235 23.5761184296 23.805621297 24.3340659581 24.9632164611 24.6408050379 25.5519782824 24.4486002452 24.5440210324 24.6497803923 24.8677288388 23.6071558318 25.583198967 24.4783760378 25.3604999253 23.6366334537 25.4375017851
24.9557558852 24.9421479267 24.5867414113 25.4736399352 25.1023578186 24.855257817 23.8050039601 24.5524860018 24.7009605448 23.7747789496 23.609681586 24.4964553814 25.4885109991 23.9278513598 24.7077554576 25.6182076396 25.5790863664 23.9124322777 24.6833410212 25.4531531203 25.5030378762 25.1219911857 24.4946097627 24.7648318046 24.4177881199 25.228717707 24.5828855899 25.0271342771 25.2126994838 24.9366243991 25.3154019446 24.6005073768 25.0795180647 24.7765395211 24.8313077742 24.3348132596 24.0597610565 24.5767105377 25.5691803423 23.6594020965 24.7679972623 24.579650632 24.1691820545 24.5413977849 25.6205969689 25.2945415161 24.1010163351 23.8538954819 24.7450538608 24.3802669024 24.5871677869 24.9687222061 24.468630636 25.4581000571 24.7563802891 24.6875201522 24.4795724131
25.1411399442 23.9248520723 24.1577508582 25.3241950591 25.6098667766 24.0908515157 25.3504825428 24.8462832944 25.5296790023 24.3939807338 23.5281903162 25.3292429199 24.6698957243 24.6909867384 25.3855141386 25.5555579063 23.5619852602 23.9893208039 24.917797858 24.5157092445 25.5758393992 25.5406138206 24.5870620118 25.1194101059 24.0789771892 23.659440845 25.100312571 24.6407222049 24.2172758899 24.2797114072 23.8397651353 23.9146246502 23.6260032915 24.4547857255 24.7852534116 24.8751921252 24.163056691 25.1064450416 25.2203592142 24.2075368364 24.576595185 24.2470289448 24.6116166886 24.5055681702 25.5005801448 24.5658578174 25.1569000484 24.4976803276 24.649970788 24.8835431429 24.2890409898 24.8296120245 24.1107583642 23.6539164898 25.6110849019 25.2093223387 23.5064689409
25.4170225008 25.4080932947 25.5369788164 23.7720974874 24.3847858697 23.7959866083 25.3820776243 24.2700823168 23.8508371241 24.2298655012 23.5496623447 24.1251237939 25.0722214646 24.16903018 25.4530931398 25.2640142986 24.4698807872 23.7415462485 25.3139157299 23.5915789951 24.1061662708 24.2948354713 23.9897593139 25.0047558478 25.5631629376 23.9489489224 24.3098657315 25.6184048508 24.0856134098 24.7419751999 24.1852751361 24.3380639757 23.8127298594 25.0386926689 24.1604371348 23.941417433 23.8235029377 24.0574624685 23.759038584 25.4030921579 25.192964016 24.3790639539 24.1324751711 23.6877388527 24.1022486551 25.3789837097 24.0282340018 24.8738255667 23.6339858993 25.1171011801 24.1001540834 23.5085806854 25.558853949 24.0431990825 23.708932512 24.4710221934 24.4831196437
25.4692135095 24.8004806886 24.6213719915 23.9791922441 25.3285664624 23.7680381469 25.2967230997 24.4223948408 24.5361535941 23.9246074838 25.0338523821 25.4491532998 23.5172123127 23.5480037276 25.2040990026 25.3240079576 24.0933642584 25.4944247631 24.7106770187 23.8442877604 23.8022857408 24.8918852746 24.3228500936 24.0184494411 24.8498314555 25.3831527285 24.7258499861 25.2359340147 23.7253565899 25.1860465681 24.7187613661 24.9199530891 23.8456724915 25.1158212539 25.286158166 23.8624410382 23.5804649685 25.0588521423 24.4208924829 24.9486149335 23.9858128127 24.7247361044 24.7618657425 25.1119419503 25.0421004534 23.6500966039 25.605182422 24.4316954143 24.8580730565 25.303212411 25.0252463587 24.1354376682 25.5446148328 23.6007185227 23.5741409045 25.2911400261 23.779725323
24.2422541458 25.5857785726 23.7720119141 25.1936420874 23.5664688435 25.1364100302 24.5613045476 25.4615234132 24.1911037062 24.8040381793 24.6704207892 24.312720043 23.8484665654 25.2501314301 25.2660586228 25.493402079 24.0921627394 24.347894495 25.0553503596 24.616477382 24.1191578256 25.5944044639 24.7630810586 23.6325801002 24.3337401937 24.5408655893 25.206761228 24.0633060786 23.8332085936 23.8139016423 25.5206263781 24.0370825697 23.9020020012 24.6385985739 25.3781073611 23.8250437882 24.2745814618 24.1600819451 25.1559008176 25.3946593088 23.6963562748 25.2399606376 23.9309189246 23.7729918344 24.6022995343 23.7021398824 24.833001482 23.6608112755 24.8184213164 23.762909405 24.6940997784 25.0669459261 25.350509915 24.9708905678 24.8042823557 25.1053866524 23.7601643142
25.2828211469 25.5966176762 24.1334207681 24.9234081477 24.1171571304 24.4010138951 24.0476634499 24.4831811297 23.808870195 24.0753823204 24.3161293331 24.5365339869 25.5341275593 24.0971032025 24.0115149764 24.0835235528 24.2174047297 24.5579727643 24.5468164731 25.5143088871 25.1957088901 25.3524237889 24.0561510528 25.2248044512 24.209929079 24.1553327061 23.8712040632 25.5448691189 24.6826744059 24.0368800372 24.8524753764 24.9135329458 24.9896891153 24.3506713366 24.8003606666 23.6428153886 24.0096828056 23.5377600099 24.7198826693 23.7333881025 24.5487388723 24.9318541587 24.3090894916 24.8330838079 24.2552618771 24.0919255028 23.7043007613 25.525252378 25.5884180909 24.6666397436 24.6175992858 23.7206018193 25.1943381686 24.7858152563 24.7261836369 24.5253834802 25.3742148575
24.1887466569 25.4753534772 24.9931320361 23.748158047 24.9734713723 25.3285813609 23.968275838 24.8792953288 25.0808302243 24.4916924571 24.1597687218 24.9626660859 23.715348875 25.096140013 25.3506446224 25.1886701538 24.6966716411 25.5405871046 23.9136622362 24.6669458635 25.1137980449 24.942047078 23.7447708116 24.2409247256 24.6245947723 24.0996267475 24.5469384952 24.5391628885 24.6843996226 25.1809773963 25.1050138812 24.2553831581 25.0758467401 23.7523901753 25.5273137715 25.1667986237 25.4454206119 23.6366408853 24.8806521326 25.5002089318 24.7142061639 23.7548600065 24.4159838844 23.5714427248 23.7692787391 24.470007928 24.1686348891 24.3873599814 23.5314379161 24.1419974807 24.5539302722 25.0560752037 25.5042696022 24.5159507545 25.5135467689 24.8072795136 23.8116137255
24.7832044911 24.0903671724 23.9568285817 24.4977093178 24.3569168309 23.7920427363 23.6610778121 25.4406965481 25.3105237147 24.0742030476 24.1558252093 23.8812515575 24.1794917516 24.1058798747 24.7508310318 25.5680620908 23.7172049887 24.3483425529 25.2582365722 24.9274627973 23.8462785327 25.5058564608 23.6967964603 24.4291275893 24.9555704296 24.0722941553 23.7127453335 24.9753691695 25.1040184477 23.5201970545 23.6450995563 24.9424924951 25.4280673682 25.3166552958 24.6830132232 24.11832366 25.4015756338 24.1700501313 24.4549194365 25.5326675489 24.5120760825 23.7536407033 25.4544122905 24.210632305 25.0134791085 24.8838009339 24.9105732593 23.6008877786 24.8075075513 25.4995494724 24.872202758 24.8638627866 23.5196700932 24.2346060907 24.5413048889 23.8273174539 23.5848826549
24.4010532704 24.4801270074 25.4224998334 23.7182384441 24.3717775503 24.3210080645 24.118870103 24.7449211819 25.4364467742 23.6346466772 24.1324574815 24.5502162023 23.7192260119 24.7628580963 24.9418695548 23.891875719 23.731433077 24.5806823312 24.5076789803 24.1521153888 25.0436778062 25.5856977269 25.3759029426 24.9993136531 25.107778416 25.3740942965 24.8023619267 24.0098381818 24.6228279736 24.9346056259 25.1641300147 23.6687711268 25.5707596225 24.7353447631 23.6736125348 25.050702441 24.1081300019 25.1394076716 25.437559301 24.6735057959 24.2658449299 25.4809555859 24.1855686983 24.7949069523 25.2183556974 24.2766371959 24.0394667934 23.8116431917 24.25174015 25.1165636044 23.7684297975 24.0320941498 24.7378415755 23.5216252442 24.4886160331 24.7427296446 25.178697754
23.6682545568 25.0202003527 24.7295241534 24.5830300506 25.2756678045 25.3041744212 23.5118622515 24.3488448428 24.3592311879 24.803358273 23.5346763675 24.5516059259 24.300584334 25.5409001609 24.5646458981 24.0842088864 23.5750476276 24.336931569 23.7731859248 24.0113104345 25.3992825213 24.547362754 23.9010788212 25.5848664597 24.3658540997 25.0253197445 25.0367487501 24.639787011 24.4987981344 24.2454754121 25.0565918173 24.2441091997 25.0857925236 24.3812970329 25.5906233115 24.2610152892 24.8606719058 25.1400826017 24.1471695229 23.8983824187 24.8316660753 24.7527271289 25.079029696 24.6908023583 24.1224091607 25.600267502 24.7137868614 24.1147044565 24.0815571228 24.0517506164 24.9903587964 23.7631764782 24.0246536972 24.5203867309 25.2349584774 23.9605183607 25.1023889955
25.0648336812 24.5835883471 24.8935022792 25.618585786 25.5103016701 24.3544284959 24.7721075231 24.7058169945 24.3108946599 25.4617909077 24.9416316412 24.8862614895 25.2544972833 24.7535321249 23.6426598692 24.8846497093 24.1993944919 24.3172149546 24.0195987518 24.1617791971 24.0000438951 25.2167615462 24.7537576499 24.4940795296 24.3595122045 24.4773879349 25.5108163743 25.281083083 24.6466000955 25.0209914973 25.1503872498 23.7501650334 24.3854533327 24.4807835813 23.6790427148 25.1194257791 24.4812691342 25.1241533295 25.515302137 25.3080948067 24.2194716404 24.8290718612 25.1470648104 23.616480164 24.0485582296 25.286953013 23.7491819247 25.1162660766 25.4916571684 24.7727134969 24.3306981389 24.0118418109 24.0832681145 25.4130303788 24.1944574005 25.1395680101 25.2558576589
23.6890924557 24.0939801077 23.6832704633 23.998184944 25.5412167487 23.5066267222 24.8604953269 24.2846054945 24.6513486712 23.6036090991 23.5485062285 25.0980977292 24.6222252362 25.4525090942 23.9635894519 25.1982067224 24.1593936369 25.1796948754 24.7210296969 25.0540732286 25.1994913803 24.0455145362 24.9662253686 25.208568811 24.4341212377 24.7522696036 23.8353263304 24.1028348258 24.82632842 24.6382930743 23.8491330427 24.8664752644 23.5620287954 24.625395552 24.7203053423 25.470694807 23.9281246604 25.1419159812 25.566772289 24.0656691648 25.158214506 24.5793235657 23.8927515895 24.594527144 24.5932832251 24.7561824148 25.1587158124 25.5880317413 24.2414703305 24.2598280182 23.9128828104 24.190776566 24.3930206884 24.0635350849 25.0331187166 25.0875672503 25.0396652538
25.1789327224 25.3977085178 25.4266685385 24.1982897395 25.1667746259 23.6721922531 25.4648800665 23.860365057 24.5712562416 23.6869783778 25.3386561655 25.133722294 25.3072710819 23.5633208784 23.7906822691 23.7588520199 24.1711698262 24.5251291291 25.0128009586 23.6626012101 25.020259943 23.8969312621 24.8752732846 25.4879423178 25.4298512355 24.6356198943 24.4291925265 23.7588118922 23.9393964112 25.559756242 25.3908044518 25.3175757686 23.8831844212 24.111104323 25.3697911682 25.4622627523 23.7406201815 23.7960060316 24.6508521296 25.2653952076 24.4628568719 23.6742684119 23.8812753158 24.5576582195 23.8702733648 23.5316124839 24.0457553298 24.561797677 25.1868806045 25.2047180039 24.8596905609 23.5112074967 23.5367456433 25.2573345779 25.2427636624 23.9359699841 24.0141451389
24.1209006355 25.3489118471 24.5028585814 23.7877341663 24.0102781813 24.0382276268 23.6732248094 24.3422657561 23.7911146447 23.860256852 25.4833321378 24.3191319114 25.146707206 24.0215183923 25.1919074289 23.5849516964 24.7446229683 24.8594232324 24.0141909548 24.4218170198 24.93801075 23.9295960267 23.8818378052 24.4273490511 25.0815072828 25.0679351229 23.9482947686 23.5543928111 24.8840377888 24.4817587778 25.0873772556 24.2714998127 23.5081379757 25.6158398844 24.4307457614 24.6372227461 23.6702490598 24.6474158997 23.9532960836 25.0361334348 25.4291447522 25.230003893 25.0360674036 25.1564092522 24.8401096138 24.635673233 25.6066403544 24.6950306998 25.1574687006 23.7773673384 24.0135743176 25.266799684 25.4704528359 25.5980271613 24.6764518713 24.4156513018 24.3085297331
25.3560098297 24.7481221758 24.5921104347 24.4205507948 25.4044600788 25.5928432529 23.9263121331 23.803709223 23.5217443945 24.7256388141 25.495119924 24.8919551107 24.787480309 24.4575805784 24.2492464161 24.3251771617 25.237652982 25.3398815715 23.6278071355 24.5208681335 25.2273656686 25.1034220742 24.0267924601 25.2314477959 23.5171944153 24.3920428665 25.0579962785 24.5914026771 24.5373736183 24.1733038723 24.4058219412 24.8162420952 23.5708721298 25.3919040314 23.7738861784 24.4616540921 24.8922262403 24.7133258633 23.6135112459 24.7018540916 24.3833093998 24.9578167255 25.0088780248 25.0642390403 24.5311349599 25.1516531036 23.6798282021 24.9980216139 25.0683496922 24.2689347225 23.5686654885 25.5438931007 23.8087308705 25.1899821701 25.4648089369 24.9354491731 24.9899211737
24.9223328177 25.4583840936 23.5666136187 25.068315564 24.1348187176 25.3994037412 25.349888795 23.8995221473 23.6384325526 24.881330551 24.9935655466 25.0952955101 23.8608136979 23.5394524553 24.3085422445 25.5941802651 25.0283130467 24.3627549971 24.0650705635 25.0369663033 24.7237512845 24.7069291507 25.4666315587 24.5702177167 23.869497109 23.7865937902 24.9481520863 24.2375841121 25.1521864405 24.9363413288 24.2269225467 23.9617719029 24.0703767895 24.6312742332 24.4490862591 25.2876769182 24.9115078581 23.9465102971 24.7943907337 24.5737803479 24.1955525179 24.3718352447 24.2930854693 24.4891448019 23.7940511558 24.0912369659 23.8353161884 24.9807622646 24.1985057943 24.0734335678 24.1800801132 25.5706388713 23.7960649846 24.387899124 25.1457670765 25.2492637289 24.4180998667
23.5151295156 24.4094053422 23.7294677152 24.4928481391 23.6835123908 24.0085844384 23.629036064 25.5538006099 23.759773498 23.6344596093 24.4223505342 24.1903243531 25.1180864943 24.8557445379 23.5420208802 24.8373522138 24.1178969931 25.5838836427 23.7819801798 24.2283476531 24.217899454 23.5513388937 24.2325348915 24.551847045 23.8664148776 25.1555178696 24.4233875865 24.1751601391 23.9303835023 24.829298821 25.3464252522 23.6589615088 24.3378922706 24.6921804421 24.7347247106 25.038671263 24.3890372918 24.6925616315 23.6206303178 24.7216500185 24.2042364848 23.6810864421 25.6140586349 24.8010925664 25.0799904954 23.6229879156 25.2341488782 25.4469849586 23.5630968811 23.8061904596 24.1303763834 25.3282485876 25.3374596138 24.699398504 24.2888063076 25.0003027251 24.5777273321
23.8840156288 23.6717566172 25.2059972828 23.964132034 25.2989265442 25.5693603279 23.6699549405 25.5871271432 23.7564308727 24.3280803481 24.5843523427 25.0154223982 24.4878706595 25.2430024704 24.6118837537 24.5715692244 24.5423135681 23.7106938696 23.5211677558 24.7278230963 24.8968492722 24.2638938573 25.2395701533 24.1253163131 25.5772815184 24.3740746893 24.2189989387 24.533499 23.5070424122 23.803954477 25.3236180633 25.2540588562 23.71843626 25.2484413076 23.8454513286 25.4610345628 23.5100364076 24.0244076541 23.9202613618 25.2633130911 25.2468451873 24.7463502931 25.0856293121 24.250808267 24.2658712495 25.2196104422 24.2130282572 25.3833761305 24.3521742127 24.3228165794 24.8222666225 24.8331144232 24.7696825739 24.3291384472 24.0757585486 24.0920572049 24.5741696555
24.295852006 24.7427208893 23.6431378844 24.5435290677 25.3083942604 24.8520241993 25.1592348292 25.2731964671 24.5380892372 23.9622129202 24.8641578325 23.8296068738 23.5111948391 23.8493526644 25.065776956 24.7554972632 23.6238936733 24.3130842564 25.2716256962 25.5942172038 24.8991361023 23.9990429632 23.5015510987 25.0859592955 23.9538395781 24.0966958833 23.8393247825 25.1185416249 23.7347416593 23.8563906312 23.8309081284 23.7878864498 24.9204139366 24.5454283568 24.9412522054 25.2269590957 23.6079475938 25.5499164576 24.5388730191 25.1797091349 24.0285380042 25.3505427266 25.18081118 24.2356367253 23.9917727209 24.1947891672 24.7266458989 24.0740323325 24.836561601 25.0158240039 23.6583733812 24.8158789051 23.7148610143 24.3672118071 24.1681764665 24.3740157151 25.2036984725
23.6979865361 24.1290061458 25.2081831455 23.628000928 24.0620250504 24.3020615361 23.8382144349 25.3835183772 25.3556779939 24.5448011849 25.4646114467 24.4760597046 23.992535847 24.4061707024 23.5118805096 25.4518397098 24.6224902298 23.7837417234 23.6651766877 23.6682691602 24.103588124 24.457224105 24.8406235356 24.7469538128 25.0355743108 24.5939480889 25.5816093584 24.6380178549 24.6934705202 23.8031742553 24.5017698947 24.5757349808 24.1050015855 25.3670781921 25.1954771187 25.3966753376 24.9663531366 25.0792770164 25.0645573758 24.8774208575 25.1802891478 25.4450712784 25.5869432979 24.1606350216 23.5345690675 23.6200924411 24.4469662154 25.3834800041 25.1017002509 24.2356799132 24.8027163365 23.619587554 25.3353793929 24.1436006579 25.2621051268 24.9766039842 24.5826503237
24.1838523086 23.9582601567 24.2583545549 24.4451846948 24.0822729708 24.0840797865 24.8522551611 24.6129609365 23.9492155392 24.8396524504 23.6909535153 24.2469798967 23.6308577181 24.654393548 24.1911496809 24.6425395203 24.5630705419 24.0807639823 25.1966432758 23.7524222164 24.5469592517 24.1517001183 25.1169444371 23.7088313396 24.7630186989 24.1769426021 23.9633064642 24.8245711845 25.3042957971 25.2945036826 23.8821287084 24.7038015959 24.7962261669 25.0258508098 25.1767971222 24.8931085761 24.434115342 24.2581730817 24.5995124411 23.9389298827 24.0662909966 25.6101086199 23.7791055415 24.0415309184 23.6685914791 24.3561519448 25.1432311594 24.7735732163 25.1609064089 23.5770112342 24.711610164 23.8407663581 23.6314669348 25.4710468654 25.1091144056 24.2858635366 25.0543889105
24.6659926625 23.8244006419 25.2781851978 24.6259281291 24.82920879 24.7413563631 24.4129433621 24.7237711653 23.9759423224 23.596734733 25.0999671447 24.6718835464 24.2746212024 25.1505077827 24.6674308455 24.4613169537 23.9599034406 25.5616676378 24.6721829447 25.2083354873 24.1554630664 25.6097958856 25.5361864305 24.1066831851 24.3704555513 24.1085925298 24.7406427156 23.7237944879 24.6641213306 24.0600203729 25.0466804086 23.9069831387 24.6273727624 24.4845360186 24.1605054398 24.5241960996 24.2484855008 25.1847946309 25.3338520609 24.219125919 24.4865140843 24.7255976976 25.4459287314 25.3906658613 25.1755668228 24.0964627496 24.2824191964 23.5844275506 24.1555356336 24.5390270574 25.3058455051 23.7849767217 23.6445710295 24.1334404087 24.2931820379 23.9879758208 23.6737670757
23.5575793326 24.0873220279 25.325633794 24.3433455828 24.3274048672 24.4865984053 24.3240003138 23.7319781536 24.4070197366 24.622490678 24.3408167978 24.6100151056 25.3171440666 25.0616499027 23.5345011988 25.493698692 24.3452395248 24.5164923872 24.2316240152 23.8808637164 23.8775605544 25.6177520314 24.7061718909 24.8460987538 24.6771382842 24.8200199926 24.3390611252 24.1808682797 23.8307455505 24.0320071362 25.3706277617 23.5161643674 25.3938519772 24.7366495516 24.8999778097 25.514932991 24.7441179174 24.5810304036 25.1240326963 24.5392125404 23.8824070569 25.3284979661 24.1813536878 24.9498851419 25.5898472902 24.6124974626 24.4920524407 25.113074341 25.3724458509 24.9597152418 24.4900555348 24.6140742927 24.1865138858 24.9390371066 24.0478387253 24.4734273118 23.5642641219
24.4228008705 23.6579580539 25.1894391687 25.4563800687 23.8456904557 24.6346678954 23.9623124737 24.3387028055 24.220269815 24.5597963869 24.9862097067 24.0746600601 23.8862258589 24.66494679 24.9052450374 25.2358036474 23.8866068208 23.9685105048 24.6258808835 24.178058052 24.1283386768 23.7693402208 24.7067370794 23.9515170372 24.7847418728 25.0092568445 23.5211557581 23.960705225 24.7324165369 24.5059160175 25.4909651134 23.7719958899 24.6506405175 24.4521564885 25.1487668478 25.2730593571 23.9442379922 23.970832676 24.255140114 25.2535979212 23.596939457 24.9872437004 24.4953174315 24.8716360381 25.0553974551 24.5240656356 24.801055724 25.0798333316 24.1877280823 25.0009205941 24.579035203 23.8616425154 25.4674484963 24.7284474762 25.3682166074 25.362854428 24.8893018429
24.0445766758 24.6176644512 25.1345928673 24.2084659878 23.7129154769 24.5806073163 24.7269794244 25.1812619922 25.0517130678 23.8518851332 24.1319333636 23.9765750613 24.966906632 25.2645060281 25.4530311051 24.8253481093 23.5092091078 25.4810789747 23.8211301057 25.3621864833 24.6348424613 25.1791381875 24.523352667 24.5734042044 24.9221033106 24.3434027134 25.4689420373 24.6106125669 23.6864081877 23.870147228 23.8313394322 24.2340038493 25.3763417604 24.0159435819 23.6426238409 25.4457716948 24.0500311643 24.57110795 23.7976001996 24.1457769515 25.599833877 25.3201135052 24.1256771494 25.5647527757 23.6935350217 23.8105185915 25.3990993713 24.5217687608 23.6799066429 23.934274139 24.6991956858 24.9796973623 25.1053035341 24.6362892452 23.5353765309 25.1169573272 24.4438814138
