Spatial_Output/DEC/DEC_0444.asc
NCOLS 155
NROWS 192
XLLCORNER 196307.867259
YLLCORNER 449144.565805
CELLSIZE 33.573938
NODATA_VALUE NaN
[rows 78 to 103 of 192, columns 0 to 56 of 155]
0 0 0 0 0 0 0 0 0 0 0 0 0 30.5862351466 30.6925837753 30.7434660632 30.9648058827 30.6735827516 31.1430131146 31.0495688339 30.6233793118 30.8632696655 30.9988167343 30.86599444 31.1363606732 30.9740924442 31.0415523873 30.6530565154 30.6228816562 30.7116796994 31.1375910528 31.0246676086 31.1315943191 30.5806921203 31.0219072083 30.7950622406 30.5770459122 31.0176207312 30.7709416579 30.8620372977 30.8813301651 30.7648406179 30.8184532012 30.6742552559 30.5038383794 30.8093781536 31.041845582 31.0904702393 30.8749550217 31.0330842395 30.8684416207 30.8945607313 30.9020176114 31.1745269577 31.0922466927 31.044949686 31.0584064609
0 0 0 0 0 0 0 0 0 0 0 0 0 30.8646677197 30.9451477903 30.7402385114 30.7442774225 30.5439923802 31.1462034269 30.6047452565 31.1320289109 30.9437537868 31.1039574196 31.1592170187 30.9005890134 30.9060052531 30.5271981071 30.7143593452 30.6152951461 30.591154643 30.8799041117 30.6447364971 30.6712141087 31.0441797533 30.6915048327 31.1418272563 30.8546873939 30.6597761227 31.0111271284 30.8327413579 30.9167009429 31.1874805741 31.1863827556 31.0844889136 30.9699069165 30.828112442 30.9587938467 30.6894041242 30.5389201528 30.5116194549 30.8067227521 30.7458950776 30.7849734146 30.792651371 30.7999371982 30.8028489887 30.5703302825
0 0 0 0 0 0 0 0 0 0 0 0 0 30.5209299793 30.7686364114 30.8384134631 30.7821726991 31.1647538097 31.1193210702 31.1582170635 30.841262203 31.1654216604 30.8036513149 31.0855265798 30.7316430738 30.9708166698 30.511624826 30.6493980141 30.909941119 31.0426524572 30.8409429916 30.9834914919 31.0467903773 31.1973037989 31.0893227131 30.5110558614 31.1100101985 30.9922171669 30.8103427446 30.8539030692 30.7526347767 31.0869593307 30.737440937 30.9660469137 30.8236957417 30.5099836046 30.7797685769 31.1072616612 30.5947502744 31.1697156346 31.1820252821 30.7853082227 30.9817947054 30.6564600373 30.8631957115 30.8272699351 30.585060134
0 0 0 0 0 0 0 0 0 0 0 0 0 0 30.7629581552 30.6826438035 30.5382019539 30.7405319642 31.1983717685 30.833212724 30.9979258754 30.861613183 31.1311451569 31.1175072665 30.6745999485 31.059580018 30.550316077 30.6876558513 30.8474007284 30.9175694055 30.6178534033 30.7591117599 30.9789562398 30.7287403459 30.6797052727 30.6844966665 31.0503495756 31.0285202526 30.8481038153 30.6509818798 30.5986342357 30.819229056 30.9837507497 31.0523484216 30.6625337895 30.5800773554 30.7304460339 31.1670967998 30.7566427268 30.5708215164 30.792974952 30.7831754612 30.6857667657 30.8863270452 31.1799678859 30.6757626727 30.6520852843
0 0 0 0 0 0 0 0 0 0 0 0 0 0 30.9671243625 30.9735984153 30.9891060886 30.7487723724 30.8687256368 31.0897867401 31.0387820541 30.9390744674 30.8257203782 30.7771230246 30.865328054 31.1007351433 30.8630449902 30.9477237795 31.2049492936 31.1273665336 30.604515357 30.5262740666 30.793499025 30.7028604137 30.5373118944 31.0594352836 30.8540450488 30.7892792128 30.6044131691 31.0910634076 31.1914469941 30.8063284876 30.7821001818 30.7728923017 30.674254917 30.5299443757 30.8189244251 31.123539654 30.5965887809 30.6833071547 30.9585105394 30.8792104943 31.0941026376 30.7591843121 30.6879867937 30.6844897753 30.8748762442
0 0 0 0 0 0 0 0 0 0 0 0 0 0 31.0702467053 30.764083417 30.7854422473 30.9241732975 30.7617126615 30.9164653444 30.8008643751 30.7010776824 30.8029789677 30.6101567057 31.0568006796 30.7201238031 30.8616859498 31.1594279455 30.722990478 31.1961405071 30.5500669126 31.0367184396 30.509576841 30.7373398602 31.0828185331 30.8758292118 30.6990033431 30.7172670758 31.0099565845 30.921983972 30.6744227085 30.802548005 30.9523367066 30.9676895097 31.1098247469 30.7091687931 30.9541183468 30.7799033914 30.7469116235 30.8447610393 31.1173686161 30.5067886685 30.99456801 30.5597363958 31.1193107654 30.9826441934 31.1008862685
0 0 0 0 0 0 0 0 0 0 0 0 0 0 31.1590130515 31.0993328778 31.1626880519 30.7215027708 30.865218501 31.0535439863 31.0198615458 30.6410591486 31.1699879996 31.0474286145 31.0348166126 30.5481330979 31.0132499447 31.0042710674 30.8987132206 31.2064565639 30.8372463618 30.8694344156 30.8745514942 31.1400912277 30.920107362 30.6858280915 30.8415354892 30.9412736573 30.5863456359 31.0987615749 31.0510479106 31.1268233579 30.9811938472 30.5564872469 30.6429183177 30.734678991 31.1862464488 30.754333769 30.8669019161 30.773734905 31.0869187266 31.0582762685 30.8814910728 31.0787622968 31.1949310212 30.7285216135 30.6981721294
0 0 0 0 0 0 0 0 0 0 0 0 0 0 30.70558804 30.8462492697 31.0085639505 31.0194664864 30.8866758158 30.769089834 30.5408137431 30.9637358659 30.7839239148 30.884578314 31.0690803891 30.8634911277 30.5332818297 30.5401965701 31.0160588076 30.7163550245 31.0266387659 30.9726598223 31.1638343322 31.1650400322 30.6619051159 31.1369652812 30.8428692346 31.169296445 30.9213772807 30.785527221 30.6647043711 30.8620406267 30.9931300399 30.5848524574 30.5089908244 30.6534110988 31.0834122364 31.0551635748 30.8377078002 31.1820466311 30.6824384825 30.5266658144 30.5615827827 30.6476544639 31.1849745906 30.6296141963 30.6427294157
0 0 0 0 0 0 0 0 0 0 0 0 0 0 30.8107190579 30.6708927227 30.7997957237 30.5817396515 30.8019481448 30.9195954032 30.5709020632 31.1491910425 30.9165109434 30.5751063519 30.8189046326 30.9522414788 30.507562699 30.7317842429 31.182318782 31.0394666314 30.8421997371 31.0970255488 30.6724578829 30.8245817913 30.7549023388 30.6713784817 30.7772458767 30.616255755 30.9032669727 31.1688042446 30.8338853143 30.7830461035 30.6970392857 30.8891091762 30.678760932 30.6864454935 30.7018102066 30.8634204897 30.9578654463 31.1326421026 31.1789135158 30.779543995 31.0049426496 31.1943085942 31.1872050633 30.7732166391 31.1497197534
0 0 0 0 0 0 0 0 0 0 0 0 0 0 0 31.0831559467 31.0405987137 30.8951243377 30.8345174865 30.5388877545 30.9477228379 30.859216694 31.1384786828 30.9381187838 30.5628231214 30.5743762113 30.6813130939 30.915835573 30.7065201358 31.170558287 30.5026259005 30.9976980873 30.8277637383 30.6323136995 30.9776670563 31.0373945336 31.0587211859 30.6441426788 30.9344559302 30.5902907756 31.1861577944 30.5276406516 30.6252148979 30.9366067719 30.5707157516 31.0516065674 31.1521728049 30.8274135991 30.7962326138 30.6312034768 30.8682242779 31.0416508279 30.7968049496 31.0120752169 30.9779408502 31.1350756164 30.6968198164
0 0 0 0 0 0 0 0 0 0 0 0 0 0 0 0 31.1379062281 31.1447731895 30.6825144266 30.5794955798 30.5783212019 30.5764438038 30.6254148606 30.781940317 30.9777846925 31.1610043505 30.8144860694 30.9552134221 31.0840795858 31.1956651615 30.6651276036 31.0271475217 30.7903653977 30.6118076201 30.9236225445 30.5212225633 30.655808985 31.0509482861 30.7162790335 30.5045611363 31.2068270116 30.9309999454 30.5490735875 30.9364845204 30.60060842 30.6496331057 30.8670683939 30.8984223653 30.7858014983 30.9363318226 30.9038829256 30.7592277291 30.7192148103 30.5956157942 30.5373640742 31.0779746638 31.0487544542
0 0 0 0 0 0 0 0 0 0 0 0 0 0 0 69.7571762143 69.7571762143 30.7126318606 30.7831838036 30.8452703251 30.680573455 30.8133533101 30.8276084391 30.5276117047 30.7965997543 30.9468613074 30.8282446074 30.8207360995 30.9106209723 30.5419604344 30.5232163126 30.7631793057 30.9194837399 30.7664668439 30.8134562494 30.8360532762 30.8402354976 30.9982061401 30.5337865951 30.7157848745 30.7405284884 30.7780838566 30.787384527 31.1674788462 30.5080734245 30.9315211445 31.1092049203 31.1580676979 31.1481199032 31.0519027652 30.6820372244 30.5456388148 31.0119631988 31.1101566564 30.70585544 30.7960804228 31.2027558906
0 0 0 0 0 0 0 0 0 0 0 0 0 0 71.1128159093 71.1128159093 69.7571762143 0 30.6381943814 30.9519762934 30.8667419774 30.7216726365 30.6114640503 30.6847367088 30.5994258169 30.7800694787 30.8327709879 31.1679711303 30.8908760782 30.5323568549 30.5960361073 30.533908533 30.773328829 30.5020410693 31.1561964586 30.6131301642 31.0673812965 31.1745329003 30.7378284716 31.1619397493 31.2055872812 30.8213535258 30.8529175858 30.5429890709 31.1603077252 31.0420250533 31.1965802688 31.2050418789 30.6440104917 31.135213037 30.7387945486 30.5299151663 31.137086314 30.7632227419 30.8261658446 30.5004484321 31.1916389693
0 0 0 0 0 0 0 0 0 0 0 0 0 0 71.1128159093 71.1128159093 0 0 0 30.8012841504 30.6855486775 30.9294931396 30.644613805 31.1664202466 30.6591257304 30.8592228687 31.0640823573 31.2070720827 30.9839439869 31.1850191389 30.7636338612 31.0607747023 30.885087244 30.9500920134 30.528804287 30.8032668484 30.6184172143 31.0701616779 30.7228717054 30.5469414674 31.0118804884 31.0723518082 30.8876318594 30.8546503324 30.7879375718 30.9692208073 30.7805629136 30.9209797527 30.6703858641 31.1835625497 30.5829303428 31.049212902 30.6809866193 30.886508219 31.0314629555 30.7540252423 30.9036337806
0 0 0 0 0 0 0 0 0 0 0 0 0 0 0 0 0 0 0 30.8020307 31.0277611777 30.9653395246 30.7380599278 30.5098107836 30.711097269 30.9604849661 30.761508202 30.5313867713 30.6229615442 30.5491509554 31.1035328039 30.7582329857 30.6727505969 30.9613155108 30.8710997812 31.0132489171 31.1492339762 31.0481138658 30.9663903758 30.5261348765 31.005519124 31.0443711138 30.7221594851 30.5673911857 31.1835451489 30.8112572689 31.0733828905 30.7224527081 30.9806645078 30.5037702655 30.7817490058 30.824746576 30.9193772282 31.0298179488 30.6242832538 31.0510290816 30.6532456653
0 0 0 0 0 0 0 0 0 0 0 0 0 0 0 0 0 0 0 0 30.6442204254 30.5789409155 30.7025345631 30.8106540629 30.9463841205 31.155609457 30.9921570551 31.1973229098 30.6461434244 30.8320614576 30.9909133479 30.8826436307 30.5323100542 30.8441533856 31.041554995 30.8590713521 31.0528913198 30.9672290747 31.0652578835 31.1516480036 30.6874828644 31.0184408097 31.1457762305 30.8896087634 30.857930793 30.7664868534 30.9007758486 30.835348809 31.054717111 30.9087211233 30.5541863352 31.1162839256 30.90600747 30.9460561501 30.7304962202 30.6992895935 31.1720358555
0 0 0 0 0 0 0 0 0 0 0 0 0 0 0 0 0 0 0 0 0 0 30.8659210039 31.1831036317 30.7448740719 30.9830749635 30.8016657547 31.1612350656 31.1066327572 31.0140902985 31.1966604516 30.9373355545 30.8624631376 30.8448681174 31.1999249771 31.1802207328 31.0348733637 30.8713521274 30.9775857673 31.1007787157 31.043548695 31.1346739544 31.0005494834 30.9484892958 30.6050917639 31.0486266995 31.085552719 30.8044255838 30.5737714464 30.8395429321 30.9985997774 30.5876727489 31.1309316306 30.6379706681 30.9484845121 30.5231604466 30.7286525279
0 0 0 0 0 0 0 0 0 0 0 0 0 0 0 0 0 0 0 0 0 0 30.5463669145 30.9180755444 30.6403334827 30.9538839809 31.0461808021 30.5942954467 30.6761421538 30.8194330445 30.5909920606 30.862880981 30.9714004297 31.1818026458 31.1792013441 31.1823179078 30.5044091691 30.6285056908 31.1742866079 30.9514350094 30.8654209709 31.1142885693 31.0396839277 30.813350103 30.5214716443 31.0066319258 30.7458826602 30.8645877006 30.7511967967 30.8474541949 30.8782370605 30.6468150617 30.8946450302 30.8372082054 30.5110994787 30.667954474 30.9387493845
0 0 0 0 0 0 0 0 0 0 0 0 0 0 0 0 0 0 0 0 0 30.779263721 30.9276745062 30.7195718358 31.0525854699 31.138962767 30.8952870553 31.0559672435 31.1713710801 30.8608028937 30.6205492452 30.5920161188 30.9985881168 30.9340102005 30.6224262734 31.180291474 31.083772401 31.1609483795 30.9825743887 30.5946423812 31.0397742992 30.7035718646 30.9148592934 31.1002040741 30.7412972891 30.7650941252 30.9400919976 30.6337848723 30.9670578985 30.6153319695 30.5452878855 31.1922508743 30.9134595795 30.9661348645 31.0337621713 30.6355575811 31.1639808441
0 0 0 0 0 0 0 0 0 0 0 0 0 0 0 0 0 0 0 0 30.8643831215 31.0032319663 30.6001779937 30.8458120712 31.1681532517 30.8537427614 30.9090757611 31.0562507765 30.8058425137 31.0327557406 31.1303402794 30.7861978782 31.0451158968 30.9425569331 30.7999003514 31.1063369228 30.9057092865 30.8914479861 31.0954444159 31.0484156622 30.9452042519 30.5845530343 31.0690109184 30.8342899358 31.0338049089 31.1697092243 30.6699313978 30.5988249747 30.6115149296 31.1397296357 30.6019380729 30.9499312074 30.7762324682 31.0934250324 30.7530321942 30.7288389373 30.7362752726
0 0 0 0 0 0 0 0 0 0 0 0 0 0 0 0 0 0 0 30.6967872583 31.1905152663 30.8897733949 30.8242884596 30.8595936458 31.1880562991 31.1139843243 30.9139183362 30.5565582608 30.734133848 31.1336099454 30.5446483534 31.1043456044 31.164147453 30.8974209134 31.0085376937 31.1940325309 30.8302151768 30.6052272614 30.5906742888 31.0081644583 30.5381286392 31.1565514434 31.0953197753 31.1056706256 31.0501357813 30.9378220553 30.7055318864 30.9025776174 30.9099599974 30.8552050201 31.0465292324 30.5001063332 30.5900259521 30.5903647201 30.6520699827 30.7655850495 30.7910491364
0 0 0 0 0 0 0 0 0 0 0 0 0 0 0 0 0 0 0 0 30.7843012507 30.529384712 31.1720811289 30.8244159209 31.0902061502 30.9170439806 30.5260815416 31.0617123511 30.9342459368 30.8841626616 30.7082929773 30.6964110052 31.142832486 30.6400437747 31.0535799125 30.5510091451 31.1708202923 30.6879997489 31.0505636273 30.9354263297 31.1172718542 31.0542271642 31.1748504524 31.090706157 30.8958418567 31.1397644183 31.143310304 30.9102625043 31.043261723 30.6248198839 30.5179317892 30.7254175406 30.9318638194 30.5642743991 31.0985629581 30.8229862818 31.1989717724
0 0 0 0 0 0 0 0 0 0 0 0 0 0 0 0 0 0 0 0 0 30.8703688927 31.1420560518 30.5836588094 30.9091463338 30.5329459819 31.1098434396 30.9971118072 31.0983500218 30.9542058618 30.7151893632 30.8770218224 30.8304752506 30.6876832753 30.679490931 30.6419524666 31.200356932 30.9100314914 30.5329925244 30.8170373515 30.9801871409 30.9934652055 30.6965466298 30.5876218749 31.1289021333 30.6130662788 30.7074581301 30.643067948 30.7173044521 30.8998885843 31.0588402259 30.9977943493 31.0951976937 30.5790114756 30.9366171712 30.7652781025 30.9618547489
0 0 0 0 0 0 0 0 0 0 0 0 0 0 0 0 0 0 0 0 0 0 0 30.8908949987 31.0023682135 31.1999820021 30.5279230542 31.0076720978 31.1576861572 31.1467957432 30.5602810867 31.1668314814 31.02670599 30.8624865467 30.8352211651 30.7199259865 31.0899722724 30.5812933443 30.8777770994 30.6530156847 31.1110257745 31.1999697137 30.7863329315 30.8124694168 30.9224551752 30.8912996045 31.0679150998 31.1543069554 30.6851784088 31.0757923729 30.6264869873 30.5738303172 30.7492645625 31.0382128404 31.0243903728 30.8026072692 31.0227413176
0 0 0 0 0 0 0 0 0 0 0 0 0 0 0 0 0 0 0 0 0 0 0 0 0 30.8793323024 31.0012108106 30.691114133 30.5526037687 30.5679842232 30.9102540261 31.0068576296 30.6421402053 31.1163107066 30.8002715755 30.8678629249 31.0597733824 30.6681262976 31.1726846579 30.5926726366 30.7652481901 30.5098086845 30.7012244414 31.0344242342 30.6745846412 31.1951101382 30.9229872711 30.6641874216 30.9924187831 30.6399651619 30.7244564553 30.5110712837 31.0120738544 30.6513384076 31.1485315469 30.908409768 30.8717772635
0 0 0 0 0 0 0 0 0 0 0 0 0 0 0 0 0 0 0 0 0 0 0 0 0 0 31.1643072464 30.6768532718 30.5095668363 30.5355212266 30.8823893782 30.7305386098 30.9326062319 31.0722199402 31.0086404395 31.2025389375 31.1663055046 30.5784430518 30.6062244573 30.5042607389 30.5936950558 30.901066699 31.1261587517 30.91966111 30.9941834159 30.5026847646 30.7546928286 30.6540517457 30.8347799676 31.1332064415 30.7762227503 31.090324051 30.639612518 30.8624267644 31.0388576236 30.6165092349 30.8383641237
