Spatial_Output/DEC/DEC_0448.asc
NCOLS 155
NROWS 192
XLLCORNER 196307.867259
YLLCORNER 449144.565805
CELLSIZE 33.573938
NODATA_VALUE NaN
[rows 26 to 51 of 192, columns 0 to 56 of 155]
0 0 0 0 0 0 0 0 0 0 0 0 0 0 0 0 0 0 0 0 0 30.5175838579 31.0982212901 31.0127060909 31.0481874421 31.0623442165 30.735613005 30.8492477467 31.047848086 30.8711516756 30.5817585936 30.7507273819 30.7755567532 30.6656709689 31.0217632086 30.9962713776 30.6024822922 30.7333203057 30.949260905 30.7356367251 30.9772868113 30.5828859969 30.7384402978 30.7540833815 30.5928394526 30.8658413795 31.170764916 30.783373009 30.6003894739 30.9123668822 30.7828570086 30.7179318657 31.0111418532 31.1699431499 31.1859738054 30.5970871304 30.7555106931
0 0 0 0 0 0 0 0 0 0 0 0 0 0 0 0 0 0 0 30.5369114996 30.6764932703 30.5818057395 31.0223228752 31.1537047162 30.6538601652 30.5728951304 30.9738230495 31.1239597162 30.7736100476 31.0505282648 30.5921027856 30.8332488684 30.8114879984 31.0075667347 30.6688023287 31.2060624051 31.206011727 30.5566491814 30.8796923491 30.5512454337 30.8161549258 31.0230845676 31.0332605032 30.7733896008 30.5073508599 30.5747048186 30.5394308581 30.7625594309 30.598577975 30.6278309938 30.8106574936 30.9922341116 30.5479743134 30.9791045879 30.953814399 30.8080256438 30.9917818888
0 0 0 0 0 0 0 0 0 0 0 0 0 0 0 0 0 0 30.5881977314 30.9823637953 30.7425073504 30.5075971631 30.7667849536 30.6089562887 30.9807704653 31.0805634068 31.2058544134 30.9655547276 31.0135710703 31.1299480668 31.1452075017 30.8226135913 30.5108013971 30.905010333 31.2041861801 30.6819379173 31.1034315397 30.6810975513 30.7066881322 30.5289960615 31.1978441554 30.6110954771 31.1319571619 30.9314247345 31.1276182209 30.6414370955 30.9445950867 31.0331914449 31.0304169223 30.5964546721 30.5382341506 30.6986811737 31.0982066609 30.7508696772 30.9751279086 30.8625713446 30.889775106
0 0 0 0 0 0 0 0 0 0 0 0 0 0 0 0 0 30.7710624261 31.0343319981 53.8476341179 48.187343964 51.8889124371 30.7733690974 30.749069316 30.9859545563 30.8285205144 30.9685132496 30.7261112049 31.0670124836 30.92835489 31.127604647 31.1402555757 31.1738324423 30.6301262491 31.0903737101 30.9972665491 30.6344709947 30.6862658298 31.1820371478 30.6191719324 30.5094968487 31.1621758083 31.0750030842 30.6050996252 31.120717155 30.9469119378 30.6515269801 30.5115206101 30.7017985883 30.9779126001 30.5607022787 30.8013548106 30.722531907 30.6245103747 30.8972899141 30.6345958098 30.8795185574
0 0 0 0 0 0 0 0 0 0 0 0 0 0 0 0 31.1538754245 31.0719274382 30.6246896913 48.9147440336 52.5749879466 56.8546118875 30.7251493983 30.9045385729 30.7441685456 30.9128124809 30.8419292234 30.7967854303 30.8820143501 30.8972081203 30.5446540718 30.7832931397 30.5896799444 30.764665684 30.9265045118 31.0695018355 31.0749065859 30.5611694285 31.0558051042 31.0178909426 30.5818638985 30.9124843235 30.7683045833 31.0857174687 30.7480890845 30.9104135707 30.7417485094 31.1730824765 30.5699254344 30.9873468996 30.9138194498 31.1639390028 31.0832005952 30.5312081546 30.6058668484 30.7838125512 30.9060480103
0 0 0 0 0 0 0 0 0 0 0 0 0 0 0 31.0475881312 30.557874254 31.1923602496 31.0318016281 46.1058502573 48.104397575 48.8773501854 53.6238414688 30.7301173533 31.1060177741 30.8866772906 31.0860465127 30.8157633855 30.7470003343 30.8828034693 31.0172273915 30.8566021262 30.7792729011 30.9696785749 30.9966225892 31.0153970993 30.9560074542 30.8675211271 30.9752618757 30.8857332881 30.9325631946 31.0388434049 30.7947601169 30.5940771705 30.9734159414 30.5235399715 31.1008484498 30.9356708971 30.8148698956 30.665312679 30.513887471 30.8548911073 31.129535693 30.8983074213 31.068625108 31.2047871792 31.1537759041
0 0 0 0 0 0 0 0 0 0 0 0 0 0 0 31.196884312 30.7199464208 30.6209604767 31.1023964377 49.4368778477 55.9237536333 53.6042160563 49.2957707718 30.8067553363 30.6968600602 30.9775822747 30.9663506296 31.0747466339 30.7769310577 31.1359936827 30.8476801768 30.9772755929 30.9818912661 30.7281029416 30.6338966766 30.908165797 30.6834812171 30.7237060295 30.7814238148 30.6599190244 31.058776714 30.8313624732 31.1943628957 31.065153014 31.1625205076 31.1634377527 30.6063847912 30.6919914121 31.034132551 30.5869091514 31.0899299089 30.8201111562 30.5800696826 31.1846007163 31.183319989 30.5046091615 30.6210948024
0 0 0 0 0 0 0 0 0 0 0 0 0 0 0 31.0983617525 31.1708648021 30.8178028017 30.7744015391 31.162248556 61.0763336785 46.7179893118 47.6863396648 30.7778743201 31.0046389526 30.6168684046 30.7700139535 30.8040031495 30.5772465462 30.5387530642 30.9993505697 30.9721295728 30.8361348047 31.1734685273 30.6280823688 30.9854508917 30.7543208494 31.1711054763 30.7925908298 31.0255104539 31.0463562843 31.0687614079 30.7600132189 30.8902071457 31.134725975 30.8945104021 31.1682010423 30.708618161 30.750339167 30.5432233548 30.8200561748 30.7460809466 30.7626014868 31.0042201906 30.6195498905 30.6768675868 30.8029866683
0 0 0 0 0 0 0 0 0 0 0 0 0 0 0 30.9368725236 30.7559854324 30.6734194883 30.8054729214 30.602654871 30.7889707445 30.692151212 31.0663979517 31.033166896 30.7383446032 30.9941010535 30.656277948 30.6150217624 30.8858853673 31.183565507 31.1918757461 31.0759860485 31.1613960259 31.0982610891 31.2029931598 30.9171619278 30.5636296077 30.582983218 30.6087136051 31.0269980611 30.7149630631 31.0319286747 30.8523735709 30.984769635 31.0163901206 30.739431359 30.8401114378 30.8203858312 30.8538695803 30.7969318331 30.8991553024 31.0793810402 30.8020105376 30.6436601508 30.6794148531 30.5836871084 30.5978293311
0 0 0 0 0 0 0 0 0 0 0 0 0 0 0 30.8701232427 31.1127157259 30.618364973 31.0106544951 30.9490403639 30.7719227813 30.6006469068 30.8927874127 30.5922219044 30.9920802143 30.6343215444 30.6447410307 31.135506646 30.7305246034 30.7170098329 30.5994273866 30.8042845853 30.7272846263 30.9460176241 30.8203033035 30.6585766426 31.0260566474 30.5325978796 30.5538211192 31.0957678966 30.6830665043 31.1422577245 30.8073168136 30.5058013078 30.919154468 30.9102218545 30.6036400907 30.9304025066 30.9120449918 30.5730266882 30.9293878994 30.5908942799 30.7887211641 30.5738123622 30.9324894289 30.7161319094 31.026916586
0 0 0 0 0 0 0 0 0 0 0 0 0 0 30.8480455774 30.8926446217 31.1816896822 30.5316543612 30.568237791 31.0942812175 30.5905897878 30.8973527605 30.5193461986 31.0599985091 30.5886465476 31.0996925529 31.1205247426 30.9961559374 30.9445941001 31.0436657179 31.2029649863 31.1260968571 30.7117540152 30.6712147624 30.7791356639 30.5368412081 30.5343195561 30.7778859297 30.9949564881 30.9303900846 30.9004195816 30.506104711 30.7467622061 30.6369962115 30.9596604663 30.9048552423 30.5359566203 30.8422591938 31.0122735711 30.6675817544 30.5962570122 30.9748706092 30.7091981414 31.1228907048 30.8000052604 31.1925235488 30.9972010676
0 0 0 0 0 0 0 0 0 0 0 0 0 0 31.043595374 31.1618911478 30.9282668184 31.1600256103 30.8824294465 30.600731258 30.6769533019 31.1007299048 30.5804872893 31.0315724881 30.555173561 30.6595028094 30.972267997 31.1611017584 30.9064343146 30.5008435717 30.8020977792 30.648953192 31.0535773359 31.1198481583 30.7474684064 31.1022359735 30.84377414 30.8427295404 30.5878427644 31.1159785957 30.50602509 30.618360516 30.642374274 31.0178695324 30.5610410463 31.1847219828 30.8709771713 30.5736291576 31.0931821647 30.5214106655 30.6601738424 31.040763423 30.5346718241 30.6992049512 31.0413595226 30.8228646641 30.6541675407
0 0 0 0 0 0 0 0 0 0 0 0 0 30.8662263811 30.9149590022 30.5008881277 30.5244207789 30.7774700173 31.1630179158 30.6072901229 30.8471991718 30.5980648031 31.023462596 30.9083815553 30.6874752194 30.6478749276 30.5468940938 30.7435523808 30.8762775883 30.8776729326 30.6316317293 30.9173686788 30.621005624 30.8225934964 30.8856146649 30.862340706 30.9664047008 30.8667348559 30.6508975177 30.6909103202 30.776128165 31.0484552404 30.7633032446 30.9259179453 31.0804668886 30.563294016 30.5497464658 31.1057895321 31.1495696089 30.9190270453 30.8428024553 30.7219466898 30.662243844 30.8371228437 30.573315107 31.1840828978 31.1786565435
0 0 0 0 0 0 0 0 0 0 0 0 31.1911017101 30.9378784357 30.5103461993 30.5207840094 31.0701292686 30.8670474252 31.1484207284 30.7085618778 30.6939041174 30.8037633528 30.7017990029 30.8605221087 30.8186045567 30.5004082953 30.5894900277 30.5607128065 44.7479241933 53.3004162016 47.9467821305 31.2025271318 30.885945971 30.742164919 31.1237846909 30.8663570227 30.6439214544 31.0252621231 30.9154793703 30.9344421293 30.7870997766 30.7322361358 30.8301805711 31.0074306737 31.0505530266 31.1616129953 31.1565618983 30.5722641778 30.6016406677 30.6394609536 31.1769421249 31.0505106772 30.8803417757 31.1968294544 30.5361314725 30.8551366029 30.7731072361
0 0 0 0 0 0 0 0 0 0 0 30.5245070384 30.517217603 31.0878462685 30.9448436868 30.6605535192 31.0150511337 31.1015837648 31.0251209153 30.9015992444 30.5706697416 30.6367893929 30.9388925049 30.8698512707 30.8078020147 31.0066985446 30.6689001558 30.8820773072 54.0685253332 52.3829814995 46.2627490271 30.58629408 30.8217720789 30.5890463081 30.5350608221 30.5399366615 31.0336804835 30.6329049976 31.1466715096 30.7327249787 31.17335444 30.7789192434 30.6374146129 31.1244920971 30.5431860876 31.1894882344 30.5658289867 30.868844928 30.6862298256 30.9225579562 30.6481076377 31.0707058395 30.6723079346 31.0104802258 30.6640737295 30.6607814651 31.0948578102
0 0 0 0 0 0 0 0 0 0 30.827846801 31.0315792193 30.877530238 30.8968110038 31.0708184615 30.6908820889 30.8993743831 30.7998973441 30.8757159391 31.0477008172 30.9260011775 31.1718832475 30.8313878604 30.8649903366 30.6632201763 31.0931446013 30.9328443876 30.5964139827 57.6361450486 48.0571276771 46.5527890705 30.6357457325 30.9940344556 30.8393436269 31.1086651519 30.5735984074 30.8363518488 30.8106777856 30.999751959 30.5487006122 31.0025588158 30.7632954449 30.6789818763 31.131205829 31.1833516909 30.8505184722 30.8083566535 31.0633833889 30.8953502956 31.0242649714 30.8485630992 30.6814503596 30.8546910073 30.8881163211 31.1688681472 30.6216602682 31.1589541206
0 0 0 0 0 0 0 0 0 0 30.5949628711 30.5892326647 30.6831911754 30.8047735143 30.7796071538 31.0159201002 31.0481183765 30.940700108 30.5975488246 31.0473562568 30.5438863827 30.7272206431 30.9133518503 30.8526349459 30.8239319231 30.6595756759 30.7133016409 31.1444649938 57.5319727699 53.9989997589 57.4925656103 31.1075347622 30.6221011272 31.027506974 30.6842714498 30.6484510732 30.9112536737 30.6878385212 30.6220153277 30.8518220272 30.7693828825 31.0900655583 31.1807169022 30.7844152328 30.836938373 31.2019158323 30.6693694038 31.0689178112 31.1062780841 30.7947657044 31.0088655109 30.9341066708 30.7432833297 30.5161343043 30.7309402652 30.8575596817 30.5238202488
0 0 0 0 0 0 0 0 30.5198974452 30.9972912898 30.9635901391 31.1143824585 30.6255821097 31.1934672829 30.6286391276 30.7817031689 30.5221712728 30.6270207826 31.0937492789 30.7962167411 30.5834524853 30.6282224475 30.7894989378 30.698287189 30.8767916519 30.6377357485 31.1243933404 30.7297929553 31.037854922 30.8077503749 30.5301514685 31.1226639341 30.9224663358 31.0316398209 30.5870725156 30.9391331743 31.2060096175 31.1955643038 31.2022013232 30.6246350489 30.5044999276 30.7586787752 30.5587336778 30.9778147849 30.5208472067 30.8327364394 30.9181652732 30.9461635216 30.9311026056 30.910569467 30.9898409854 30.6572751806 31.0072583153 30.968722461 31.1241974386 30.8411257413 30.7409400553
0 0 0 0 0 30.8472121544 30.5684452143 30.9198937867 30.6925535076 30.5758152398 30.8212857933 30.8549688511 30.6807575892 30.6494666136 31.1519622889 30.7132920053 31.1386263323 31.08170449 30.6097814283 31.1647152126 30.6900394631 30.6241507238 31.1847334844 30.5377589925 31.0650601811 31.0424939184 30.5273403957 30.9313544801 30.7248658667 48.8715806745 48.3618053791 56.1155459164 30.9712252878 30.7791205186 30.6920245685 30.8301802342 30.8315100243 30.628393513 30.6066509572 31.0081930948 30.7576933408 30.8975836699 30.7663790082 31.1041807973 30.6667269568 31.0646043183 30.7335342741 31.1262678393 30.9728468348 30.5080620378 31.0525812497 30.8719995717 31.0116359809 30.8686786236 31.1777255012 30.5645968764 30.5596792666
0 0 31.1939772215 31.1179497751 31.1436057997 31.0267382035 30.6153261766 30.5793544039 30.5401652456 30.9614079339 31.2069236011 30.8521541249 30.53587274 30.9388700577 31.0014466338 30.7097618525 31.0604720271 30.6765863064 30.6286889444 30.5219068148 30.6825644051 31.0901322859 31.1066301067 30.6142551075 31.1381226294 30.6478566742 30.5279388989 31.1389460395 31.0890561653 56.6507212535 50.9544291925 57.1726805089 30.8858071295 31.186470073 31.1333291097 31.1456613494 30.5348633402 30.8353993364 30.8755297919 30.7162289624 30.97081834 31.0430622327 30.9347126751 30.6390769926 31.0887619904 30.7086513233 30.8406198985 30.6197230688 30.5809719004 31.1225937626 30.8270307895 30.7379675938 31.16291668 30.8155054899 31.1144102158 30.9312966195 30.9590812148
0 31.0791705631 30.5817028074 30.8425441049 31.0828490272 30.6967212074 30.742988365 31.1951019586 30.6276730846 30.7785841304 30.5954470868 30.6961651789 30.7145063481 30.6795423496 30.6616061058 31.1309671528 30.5272869569 30.7589383366 31.0485959714 31.1198158615 31.044946031 31.1281634437 31.1099283221 31.1070842995 30.7340608452 30.6484115425 30.7277338656 30.7344015065 30.5172499388 55.9696915146 49.799060829 54.2550083192 31.1309808121 30.852474394 31.1123378245 31.0155503935 30.6481401447 30.6230478244 30.8603455129 30.9549321428 30.7665961106 31.0724315986 30.7073189572 31.1736203962 31.104412306 31.0919772671 31.0481892299 31.0132731669 30.9958051656 31.0828508785 31.2016311554 30.7966541113 30.5529453566 30.5109440875 30.8687687784 31.1343945552 30.6600684451
31.0014692756 31.1144383264 30.7393434249 30.6599779543 30.6814074412 31.1587764133 30.5283211897 30.9150834151 30.677095425 30.8946579625 31.029228884 30.5223200255 31.1747294268 30.8474505306 30.893775531 31.0169300997 30.8427059558 31.1811081736 30.5740878074 31.1336322706 30.5847270392 31.0097957841 30.6457256284 31.1118684644 31.1079959351 31.0707681115 30.6204708777 31.0269102227 30.8669483761 30.574197219 30.9938715548 30.8461165807 30.7945979491 30.7344597326 30.9532138284 30.6744940802 31.029520362 31.0550664453 30.9664275758 31.0576960834 30.9665740319 30.8747412266 31.1514125962 30.5021840252 31.0772331008 30.7394541162 31.1526656379 31.1137562544 30.6582702063 31.0071710636 30.9890609134 30.8765574069 30.7322395339 30.9608331799 30.8111106098 30.6749869538 30.8577951554
30.6913985102 30.7283617743 30.8289827868 31.0266709541 30.6000398939 31.009813895 30.8424286564 31.0272689316 30.8481410231 30.8003903191 31.2042740732 31.0520224668 30.9201732561 31.1350577564 31.1577936386 30.6246889894 30.8013651349 30.6809774338 30.9842237301 30.721038881 30.5207792988 31.1044104865 31.0669849148 31.0130230393 30.7256291988 30.7392187966 30.5899346696 31.0030046194 31.1731672401 30.6730872489 30.9007836611 30.6039876124 30.5095306456 30.8827229873 30.6330308894 30.9727200865 30.711224599 30.6926861237 30.9869818903 30.7967559148 30.9406060246 30.8309888498 30.5257842059 30.7673684109 30.8543366384 30.5174047527 31.1764892458 30.5050538911 31.0691254385 31.1269806307 30.8104272042 31.0120982607 30.7082698208 30.8432078172 31.1725953413 30.5599692354 30.6219641975
30.8909341727 30.7948339602 31.2046179624 30.5615419141 31.0243218147 31.0790161559 30.9547092318 30.9581533307 30.7076598776 30.6532994272 30.7171011328 31.1488152538 31.1414508799 30.6457123996 30.867271942 30.6597701176 31.0073934466 30.7658401138 31.0765997227 31.1736188575 30.8016165102 31.0194713664 30.5901739377 30.7582277935 30.7968230371 30.8277867379 30.5273010754 31.0027657704 31.0545042341 30.8237857969 30.7439776351 30.5000486891 31.1843676958 30.9416423485 30.5270371857 30.7153855626 30.6376000551 31.1492070454 31.0828895593 30.518374297 31.0424505431 30.6466067464 30.5654859622 30.8948710745 30.759724038 30.9478562294 31.0624550625 30.744089256 31.1853886258 30.7778247659 30.5474732772 30.5663991631 31.1869458356 30.5907150312 30.5494844821 30.5124597597 30.9402675956
30.7004447089 30.9952008753 30.5557440127 31.0708298429 30.9285406382 30.6904919617 30.5463382063 30.8384241428 31.1216690475 31.1162865992 30.9398167736 31.119296195 30.9056087819 30.5129029883 31.115446268 31.1199184074 30.6140267094 30.7945032147 30.6853227027 31.1964748546 30.7350263984 31.014386082 30.6848544389 30.779462303 30.618577116 31.0019217893 30.9321901008 30.6893737988 31.1911912833 30.6182742044 31.1222718948 30.8615792197 31.1833944953 30.8247708414 30.9690080235 30.6760564915 30.5809510564 30.9113262845 30.650472315 31.0103384486 30.8680432682 30.5594221893 30.5766545106 30.6596029206 31.044250242 30.9229817893 30.8985148037 30.7562557523 31.0051516832 30.5468895982 30.7343335498 30.7691306143 30.5671339024 30.9959796634 30.9962137367 30.9948091689 31.1171771563
30.796530836 31.1235281302 30.5834065906 31.0433649358 30.9049955699 31.2006025662 30.9427481784 30.6870331812 30.9066796365 30.6591481944 31.1112205926 30.7502446073 30.9017872747 31.0854899499 30.6070609802 30.5958692635 30.69031969 31.0345822184 31.0374945619 30.6640639164 30.867160202 30.7883455495 30.9525025415 30.786240513 31.1297259388 31.1115193014 30.6780934065 30.7084032444 30.6502733606 30.9918259087 30.5101970885 31.0824139109 30.7040930152 30.5713864104 30.9109708939 30.7634153597 30.7484040701 30.5859311237 30.6539760869 30.5757354954 31.0535657717 30.8778184851 30.8850454095 30.6745839043 31.0727498095 30.6125916832 30.7291133568 30.5299749491 30.9030545324 30.7996790862 30.5604395014 30.63078431 30.5551376261 31.0866378805 31.1852081492 31.1938735865 30.5855897176
