Spatial_Output/DEC/DEC_0511.asc
NCOLS 155
NROWS 192
XLLCORNER 196307.867259
YLLCORNER 449144.565805
CELLSIZE 33.573938
NODATA_VALUE NaN
[rows 26 to 51 of 192, columns 57 to 113 of 155]
27.8501449294 28.2519225012 28.0294573557 28.3699063063 27.5513617025 27.7592488544 27.1822047493 27.5839592315 28.1637997044 28.2871981308 27.2863767627 28.2138747515 27.7854404317 27.1650089656 27.2003113986 27.8489504593 27.5700190901 27.9518114748 27.0440856316 28.2446964654 27.2966754755 28.2935504618 28.203134162 27.9646546182 28.059054272 28.1307280839 0 0 0 0 0 28.0262213601 27.2821435053 27.4025554478 27.2637106853 27.6287651952 0 0 0 0 27.9855651493 27.0688591539 27.6771573872 27.3950142323 27.7440233511 27.7994520298 27.8120112567 27.4915225037 27.6888890377 27.4176619429 27.9452648524 27.191991234 27.2829935236 27.6164218209 27.1392582435 28.3183065774 27.2326768955
27.006419378 27.8879990118 28.2141024307 27.682692782 27.849263782 27.9697170166 27.2625608892 27.6555259752 28.092799397 27.912454275 27.2470598628 27.5806676975 27.903409819 27.5455675027 27.4037271413 27.5678127186 28.2029135295 28.0117484489 27.6596023312 27.3967956066 27.0187939349 28.119103595 28.3315297132 28.2036928626 27.4699384455 28.0088121969 27.8095830175 27.7489200083 27.440436764 27.9290281525 27.5933914827 27.514740889 27.1625223355 27.5382301729 27.8831210456 27.9560797099 28.3272540676 27.8315720521 0 27.2396456469 27.8871067885 27.9848782019 27.5138278329 27.4606760998 27.2146916249 27.6345940403 28.3618471903 27.6366834197 27.3589306033 28.4012018736 27.8689720697 27.9894314932 27.9256710835 27.0375948267 27.3859645202 28.2980742574 28.306924872
27.8684026248 28.1773110742 28.3766906902 28.1443015502 27.6138041157 28.2225547645 27.4366630224 27.2252032168 27.0589407826 27.3390186798 28.1640834136 27.092125535 28.3543706949 27.526410024 28.0114652241 27.3090369985 27.510609017 27.9362424365 28.3146217228 27.4339245784 27.3854749507 27.2191073206 27.367044362 27.6344842042 27.4261692577 27.793470035 27.3944754246 27.3072532674 28.1750397199 27.8809974114 27.4434810093 27.3724491566 27.5651626595 27.7203466783 28.1619384329 28.227849778 27.5374046316 28.3514452265 27.8830090053 27.6214980263 27.3689419715 28.2921029421 28.1031054591 28.0729320343 27.9288410145 27.9273944329 27.6624189882 27.3322411146 28.3195152309 27.057806552 27.5571567089 27.3564642511 27.8681708943 28.229284401 27.3950144444 27.8753601476 28.1085552166
27.3360422122 27.7603155479 27.4746864576 27.515416061 27.8655221533 27.6981736327 27.3424898994 27.0205040422 27.0903019833 28.273861797 28.1194308362 27.4953554677 27.3567073045 27.5237251915 27.583304872 27.9395622216 28.0469537045 27.4941312229 27.0454223748 27.9579717348 27.5136423682 27.6872332914 27.0263606264 27.6190986707 28.0347043912 27.0245805263 28.3638140603 28.2727840617 28.132121227 27.1985969997 28.1041714961 27.3950174286 27.171982729 27.9306560468 27.6212607436 28.0520099112 28.2282795925 27.0468977968 27.2575537033 27.0809185311 28.2216892239 27.727200459 28.4111417028 27.7593480853 28.1873523447 27.9733069127 27.9231817721 27.7389193871 27.2411476811 28.340296287 27.4152225726 28.1580656701 27.0919054805 27.7764240358 27.8134994827 27.5871164539 27.4489908991
27.7447358205 27.5999971831 27.6678016708 27.4856499558 27.0323403959 27.5211073421 27.969912103 27.2649519925 28.0545554452 27.9158810715 27.5238066575 27.4327787626 27.2443844192 27.424585035 27.4992212531 27.530889295 27.9280649383 27.9346837706 27.5612862864 27.050693831 27.8826320025 27.5540421438 28.2964850149 27.3348517546 28.3190694607 28.3088302969 27.2074269826 27.3858744469 27.0690106262 27.5720312523 27.94323903 27.2944698199 27.7528353597 27.3084122734 27.8371675534 27.7134074727 27.7193556576 28.1353012294 27.0127860538 27.1389788274 27.1357617861 27.6127201747 27.7691581239 27.7363751912 28.284711227 27.7889691454 28.384212803 28.0344890898 27.7087514501 27.1477161057 28.3521706245 28.1786278822 27.1219504853 27.3671145908 28.2451604376 28.0048297287 28.3687569608
27.918033126 28.224130079 27.4921482353 28.0627105929 28.311891583 27.8453947026 27.7263865174 27.9813463278 27.7081713492 27.5032207011 27.237828253 27.2861606562 28.1036890869 28.208160941 28.2990273027 27.4434097332 27.4355352656 28.2819160602 28.0144700771 27.4409894429 27.4968314475 27.3900444627 27.5524933897 28.0373997976 27.7161980375 27.8518781498 27.0995754437 27.9100743006 27.1496536025 27.8484852232 28.3091076611 27.4894070288 27.2390117242 27.0757515654 28.2997500824 27.4456881375 27.2239592414 27.6410605045 27.4948523091 28.2790345635 28.3862986994 27.1704161651 28.4017959834 27.9281655488 27.9736667475 27.8761307767 28.2922279563 28.0991973449 28.2404056722 28.3913223236 27.9175683762 27.8631102876 27.6995425133 27.1118865229 27.3687523623 27.7552062249 27.6092595745
27.267188257 27.7756101609 27.7558702314 27.8084896912 27.4111667673 27.6134256354 27.5930045106 27.5282875136 28.0048776374 28.0160443121 28.2271571028 28.1065514195 27.0398469391 28.2420494774 27.3748827364 27.1730844814 27.8410821788 27.2970789588 27.38131972 27.4091328495 27.3793838437 28.101163505 27.3362639671 27.4799444941 28.3148804169 28.2462986056 27.9687015897 27.3037494426 28.1923448031 28.112939035 27.9681801464 27.7013001477 27.6654034985 27.4303628776 27.1526754972 27.210953436 27.0749261918 27.1250697816 28.030250555 27.0192970237 27.7607976985 27.5972151019 28.1887661248 28.2373210433 27.6331581393 27.5638501067 28.2336937979 27.0896617914 27.3180277269 28.1828412194 27.3604720776 27.3218519346 27.2266385409 27.1333733299 27.0544595768 27.6968080197 27.1255227373
28.0268675382 27.6542882477 27.8547421307 28.2168768313 27.7165775659 27.7931369981 27.7892460013 27.505100595 27.1881942684 27.161485327 28.2492407928 28.3487053369 27.2722294585 28.4059195585 27.9013336568 27.7028679939 28.3524321449 27.5044486987 27.2945898543 27.6897548373 28.2664647221 27.7799954059 28.1414033583 28.2206413731 27.5061333687 27.4296242288 27.0771160012 27.3422503339 28.391470519 28.1499474856 27.2625537391 27.4108995185 28.0594442111 27.3674779419 27.3933788374 27.6536385022 27.4046451411 27.5717209495 28.0571379867 27.8794529889 27.0131940464 27.7951199915 27.8413685787 28.2359803509 28.0949420403 28.1902977562 27.6593580466 27.7303996387 27.352035435 27.4853714774 27.0558091454 27.9779874019 28.0846407016 27.8527688653 28.199486296 28.1909108412 27.9319153282
28.3650806318 27.2142807606 28.0264262929 27.0748480185 27.5762083734 27.8437374454 27.9096536581 28.0123555091 28.0587364251 27.1577760119 28.3773898983 28.2645003332 28.0226509702 27.962055538 28.3137331621 28.3553908344 27.4601930012 27.321659143 28.0063546735 28.1023899713 28.3896247626 28.1929153678 27.9454378948 27.6589279289 27.0303169197 28.1197973067 27.1229928967 28.1510627196 27.632919049 27.5318459618 27.1857531562 27.3417287634 27.4195283774 28.0968582 28.0869733541 28.1652667368 27.0755271858 27.5977230557 28.3135312428 27.9760631337 28.2262882586 27.9560817615 27.8433817211 28.0359495312 27.1265537672 28.3239285806 27.2344572663 28.2235582378 27.9683589694 27.5333389517 27.223680917 27.1882084327 27.502720428 27.1563852947 27.619623518 27.1420344981 27.5444305605
28.3383387494 28.0462174327 27.6322862728 27.5953089556 28.1329739434 27.700363746 27.0103157166 27.568281638 28.1459933003 27.2697620238 27.4364561924 28.3245215139 27.0980253656 28.2746110972 28.017500694 28.3811275235 27.5596777711 27.7095692684 27.2053206368 27.3616191097 28.3691450503 27.1136884948 27.0478758242 28.3878371793 28.2874952286 27.4304441243 27.626045261 28.0929030058 27.6000752308 27.6640583107 28.0895981565 28.0933421834 27.279378282 27.67128133 27.7540788216 28.0132668244 27.5658067889 27.6355366134 27.7833135815 27.4610084195 27.8970834611 27.3145515987 28.3360676251 27.0756139673 27.693379432 28.0151846137 27.0349685559 27.0130955969 28.2393137198 28.4019534128 27.74057322 28.0763954556 27.404338863 28.3121200529 28.3485910228 28.4012670601 27.1390759199
27.2558020352 27.0912579974 27.9451285674 27.4133056183 27.5611209746 28.2865606259 27.0583457251 27.2536394389 27.7196973718 27.940457085 27.0847699741 27.9789866469 27.5828275521 28.0543574638 27.265801692 28.0798434735 28.1302841277 28.1000099011 27.228124375 27.6085540144 27.9364638917 28.3115294978 27.9095328889 27.0079149776 28.1235787611 27.7540538014 27.1144243216 27.5991489651 27.5620302893 27.4018705492 27.9449021351 27.5018949085 27.0673108508 28.3062961489 28.273102646 27.5416947369 27.8142567978 28.0621249895 28.1990599387 28.3727405715 27.2009687938 28.1328389431 27.152603726 27.7550738769 28.2335057913 28.3591021938 27.7341488138 27.3857003997 27.4032228821 28.1333722495 27.895630982 27.4617410012 27.1140372804 27.9865352207 27.6316834151 27.5089002699 28.2670519737
28.2084057629 27.2389895685 27.3249545481 28.0452116114 27.9143951163 28.1577819397 27.5371897967 28.2526153695 28.3801419365 27.1270468058 27.1351816417 28.3243365737 27.6721002201 28.1157496619 27.8136362412 27.7093482852 27.49531112 27.8209384034 27.0013223885 27.6957191447 27.1127799581 28.3042874149 27.7035630898 28.2163700996 27.0849041335 27.6795099791 27.7617928644 28.4013910644 27.5372557846 27.7754492228 27.5116059558 27.9759760026 27.0375706583 27.3775896185 27.1753030189 27.6045512957 27.7099038929 27.8839477891 27.6176732017 28.2150555981 28.2416191307 28.0676506679 28.3293392614 27.876996682 27.4268374049 28.019562466 27.1921139488 27.8243621521 27.6225013038 27.8760214523 28.1782812727 27.3316610235 28.1448085875 27.5697442288 27.9314301768 27.90175044 28.3603179539
27.6067543524 27.7832811663 28.2877214246 27.2054991572 27.3276462333 27.7383210393 27.8030328212 27.59935154 27.942809883 27.5386934521 27.4317279129 28.2714136934 27.3648161568 28.0850680969 27.0526784028 28.053247076 28.309935189 28.0509685964 28.3682690323 27.0088176947 27.5370916866 27.4876075211 28.0420600227 27.6537761463 28.3360195749 28.0858892992 27.9443323877 27.9975554304 28.0751230091 27.9958655466 28.3868135617 28.3297256178 28.2852646017 28.2960479418 27.5653939029 27.8580648942 27.8016369092 27.3880590104 28.302425079 27.3720701393 27.3644613297 27.51714519 28.2394517905 27.5469806873 27.7810014938 27.1954557168 27.2005125582 27.7495454051 28.1871018597 27.8362658291 27.4122308097 27.5987456662 27.3041003786 27.6012648477 27.5606763494 27.1468653119 27.6212152832
27.9437283888 27.1323176624 27.2781844026 27.5847590567 27.4991192896 27.1365207274 28.4099423607 27.55250445 27.3793200746 27.9776631603 27.6934558777 27.0946247394 27.1933717752 27.2397644535 27.1626291324 27.1218543749 27.6946518055 27.1826602822 27.6992545141 28.3631630153 27.8371482133 27.2751325604 27.8678547511 27.9431015089 28.3205292566 27.3378621627 28.2599322326 27.1333702662 27.3264383706 28.1950606861 27.4790286782 28.3780673229 27.3446432749 27.2638333844 27.4766235187 27.7986535589 28.0149129043 28.2468565385 28.1264746724 27.9126708347 28.1735686269 27.9613935975 27.3392559953 27.1563819418 27.5144260649 27.8815874714 27.070584247 27.5464638946 28.0330204214 28.0240890728 27.5929387648 27.0734411793 28.28251572 28.0023470674 27.7106532876 27.8735673958 28.2313634898
28.0220361087 27.794728625 28.3076819595 27.489958499 27.1800849877 27.6074712013 28.3005977269 28.1988881739 27.2907786567 27.484787963 27.0891257525 27.7118533399 27.888296519 27.1041854546 27.3269078049 27.43929847 27.8339686514 27.9938686449 28.1614471634 27.3163402251 27.1221953119 27.2187270022 28.0254559977 27.6959227422 27.1766119883 28.0213034871 27.255954784 28.4108390805 27.5216812486 28.0707584075 27.4057760219 27.8390120776 28.0595941109 27.1601893438 27.0587067202 27.2849675639 28.2693456376 27.1784091017 27.7058148396 27.4764993483 27.3709214126 27.0046291627 27.7212663883 28.1568520077 27.4764560328 27.062379667 28.3658117507 28.0582799823 27.1179633675 28.1011811987 27.0186126003 27.373050783 28.0376529274 28.2507493695 28.2395379122 27.8554804892 27.6848826876
27.5160945972 28.2980529292 27.9465987156 28.0650858843 27.9420455007 27.5815421551 28.3929883506 27.3989278562 27.6044263755 28.1795093366 28.2948150279 28.2803083593 27.7973515966 27.8190748835 27.8766051786 28.1382548004 28.3591145782 28.1881167352 28.1423204352 28.3327098363 28.1520868658 27.103503283 27.9375435395 28.0116627118 27.9134438796 28.377772566 27.8735345861 28.0386806955 27.3276566374 27.7919563139 28.2125614297 27.8582058015 27.8064966064 27.5229806924 27.2157826571 27.9427645135 27.4226742661 28.3222428756 27.6198001174 28.2051742259 28.2549780544 27.2314387375 28.0246755513 27.8031540931 27.4140666828 28.4008501101 27.2968324796 27.9477030041 27.3822572638 28.0637264064 27.9338715985 27.8367132796 28.1396755727 27.6917602116 27.4222305922 28.1253588878 28.2513834523
28.1736053953 28.3412880131 27.7103234217 28.2549923058 28.3045268675 27.5949631642 27.3297842516 28.0531222412 27.1590039466 28.0974364969 27.8448920765 28.3256097619 27.8256068664 27.9855013509 28.358825587 27.8446319247 27.9309176337 28.0322784389 27.1015756289 27.5606941174 27.4251660048 27.8607002567 28.0101606188 27.0682902966 27.9456022039 28.3553699411 27.5433752795 27.9528022217 28.3926396613 27.8278798544 27.3718433942 28.2984124131 27.5829252395 27.5274977773 27.3233664823 27.4410024398 27.6667282099 27.8783030221 28.0579945924 27.1073135154 27.9585974091 28.2401481824 27.5048849001 27.0949797456 27.0722463315 27.2385668864 27.8318741155 27.3603703695 27.2201366953 28.1216814694 27.9781625587 27.3229135089 27.3509646417 27.0234110935 27.4139710542 27.7981497484 27.0722873689
27.3010490629 27.3630647254 27.6192952032 27.2037309339 27.535834571 27.3749519836 27.4287796302 27.8773752644 28.2417363481 28.3295623886 27.0471576288 28.1606973911 27.1848806712 27.807734431 28.1328340863 27.2510924684 27.2665605892 27.7784275478 27.5786954326 28.2325570473 27.4158612804 27.1524771733 28.1124439982 27.3078525522 27.348422274 28.333032151 27.6607750135 28.2950093651 28.2199458183 27.7364536262 27.405811642 28.0261474101 27.427436772 27.6849669239 27.6899017937 28.0087162439 28.3702488996 27.1464844226 27.8999822677 27.5194441675 27.3906718721 27.392632854 27.6753222717 27.2420413158 28.2157634064 27.6589373797 27.3716764976 27.2183967807 28.1827042415 27.1205333857 27.7615983206 27.0078185159 27.0774348979 27.0600715481 27.2151533966 28.3212763532 28.091537505
27.8234809579 27.2023654931 27.6934261357 28.2733884852 27.5841315463 28.3443948964 27.7135035082 27.9881392177 28.0184843545 27.7377618418 27.4487104544 27.8936134251 27.5113527374 28.2237453947 27.9661126905 27.9620155748 27.5393883536 27.6916095197 27.4635034934 27.431797857 27.0804983256 27.4133497969 28.3660640046 27.4014479721 28.3565682929 27.0619587507 27.1860006942 27.3546315566 27.3705087653 27.0602791618 27.3418817722 27.1515803052 27.1482970297 28.3628722935 27.4383071997 28.1565276836 28.2377761016 27.574920387 27.7621961749 27.0462150367 27.5629791662 27.8501647984 27.8415015059 27.4997399117 28.0144552858 28.3433356727 27.6021545921 27.5352087481 27.7335037279 27.3757863293 27.6309303453 27.7409011602 27.9423736387 28.3566475528 27.3613250213 27.7172353063 28.2961694064
28.1858951644 27.4263762956 27.1819482073 27.2355283498 28.4006106335 27.7826588365 27.1471324172 27.7508209545 27.4871184681 27.970007467 27.9695709773 28.2278776108 28.1969582914 27.379307005 28.2854508231 27.9307439102 27.7978249838 27.4147234967 27.5661093456 27.0350077365 28.2478959401 27.1105089664 27.8757388331 28.1111773864 27.8254038322 27.6254421215 28.2342855135 27.5786935999 28.2561647512 27.8186266773 27.8028961257 27.7978751409 27.6995178559 27.4678808781 27.2365762861 27.4463892227 27.8082321549 27.2335221591 27.5153864251 28.3157796509 28.0567495031 27.1147892032 27.6475129755 28.0609971631 28.0048043471 27.5940724012 27.3321650322 27.5966043294 27.1427987807 28.1647267188 27.9716669849 27.3568951699 28.3201631469 27.3812078968 27.8786020647 27.0510259776 27.101918269
28.2423754543 28.2583416207 27.7948307839 28.3680132791 27.1482234911 28.3766280519 27.5692293406 27.805100627 27.9565004388 27.8573322406 27.4159473911 27.0878160854 27.300110889 27.4589757193 27.1819947775 28.207050125 27.8248205011 27.9833989536 27.3651124623 27.2804954887 28.1029890686 28.2377175501 28.3938529587 28.0641749674 27.0614837472 27.0845609226 27.2567647015 27.769944369 27.2404784183 27.3774354042 28.3407823994 27.4860865338 27.208106412 27.0488329219 27.917290523 27.9237137372 27.7419485197 27.2330245828 28.3974937654 28.3046318892 27.1134097348 27.7488020747 27.5779396779 27.848901727 27.3294511094 28.3998250922 27.1024228261 27.0656243157 28.3109795528 28.2857465922 27.0577434689 28.0292575958 27.7883199167 28.0914820243 28.2328224309 27.2489581731 28.210038207
27.8915550308 27.7724984406 27.5931701479 27.7836744611 27.4395805764 28.1487599036 27.9936311474 28.1208389974 27.4381167233 27.6845740718 28.217240968 27.0246254112 28.2794297793 27.2750127917 27.7177716363 28.0170650488 28.3802270302 27.9918783217 28.313483697 27.7591756711 28.2252014916 27.2307114987 27.3932498315 27.4966959692 27.2933723978 27.4787606502 27.376707632 28.0650203937 27.9294131388 28.1607202578 28.1940686801 27.3796022783 27.344424164 27.1494067063 27.3243535177 28.3343578275 28.2534735139 28.1191523822 27.7640537123 28.2572904461 28.2465517776 27.6100467503 27.0215132599 28.1871709562 27.2979773365 27.463341736 27.2485770531 27.7845070439 28.4079124837 27.119367495 27.3027803732 27.2073367541 28.2976133659 27.0330681071 27.1931707197 27.8386953124 28.090147045
27.1531375933 28.3527070526 27.6009338666 28.1280160388 27.1021210357 27.6332983803 27.3078232211 28.4004660467 28.1513594099 28.2966642058 27.0832528126 28.2601079121 27.0651000201 27.4594908759 27.7205369554 27.8850243088 28.1061870252 28.118336883 27.8345194642 27.744127651 27.4788289285 27.2474913732 28.3939277593 28.262165511 28.166661455 27.1878495626 28.360445201 27.2562939298 28.3527215786 28.205262373 28.3188687512 27.0110972993 28.0442905511 28.0134046201 27.6968282183 28.1664825469 27.4989648348 27.0398860621 28.0837831753 28.1385727326 28.2250660663 27.6858418435 28.4036952257 27.2331792328 27.0770601459 27.0308309459 27.4850001925 27.2950303779 27.5286681217 28.349706338 27.0279419583 27.8039900852 27.358774218 27.4434062017 28.2507942 47.9887528587 51.5361376661
27.2124903106 28.2058076902 27.6851266572 28.0311908575 27.6795633995 27.586610058 27.7770745499 27.9812596749 28.0447634383 27.4016085894 27.7754598575 27.9988711008 28.0682979296 27.8401599966 28.3594618122 28.3193470889 28.3414550166 28.1107000652 27.4288144354 27.7946918877 27.9694096853 27.5932584501 28.1622906041 28.3751521988 27.8311003032 27.2144092184 27.5842415507 27.8394841982 27.2730876928 27.7104107886 28.1565965907 27.4470133081 27.8437827393 27.6992847179 28.2288640396 27.5100805033 27.4699276523 28.3348272311 27.90079391 28.146422743 27.0148827731 28.2525101032 27.2923123089 27.3132130738 28.0097195209 28.1729190621 28.3773885067 27.8379302086 27.7225865985 28.3014324135 27.9842356706 27.5055107727 27.4069831142 27.85044994 27.1944793468 40.3731074602 47.588789596
27.4916014086 28.2017389776 28.1043148425 27.5050124898 27.641745104 28.2316443167 27.1787776977 27.7783849824 28.4088857819 27.6477857316 27.8322223403 27.6289614643 27.1234420372 27.7412175183 27.8565718507 27.4073296015 28.0264770814 28.3569281262 27.5790364853 27.5194959997 27.7763131804 27.7552080637 27.8990329006 27.0262533881 28.0346475457 27.3162737046 28.3710887332 27.3219570652 27.0121809076 27.8349576873 27.6690018084 27.5306360602 27.7856993149 27.0409485007 28.366500301 28.1032752141 27.223484051 28.237622864 27.743907044 28.1000049064 27.3757267023 27.1967790548 28.038216222 27.0544508891 27.1613652893 27.0137332605 27.3416171996 28.0476930758 27.0921189358 28.3050254681 27.5179598792 28.3565417892 28.3296391251 27.5916245125 27.8058094095 43.0093836212 43.5278535246
27.1889365805 27.6720275987 27.2202583415 27.0377485638 27.09844965 28.0355455362 28.0404728399 27.2610105386 27.9263259378 27.4439778402 28.3494813505 27.4823729752 27.3933963857 27.9549980012 27.419505702 28.0792778809 27.2963664608 27.9732354137 28.2229461708 27.2629140344 27.0168661827 27.0729353586 27.793526869 28.1744542242 27.7564056959 27.7011693381 27.8672013019 28.2958991903 27.6208375396 28.1176475853 27.4515296602 27.5971708306 27.0764106883 27.7904515682 27.8196595185 28.397011976 27.0379931182 27.3251456589 27.0179825017 27.8202047127 27.8480084288 28.3809293566 27.9599778086 27.0694891021 27.6286501894 27.0556275632 27.6511543496 28.0858559325 27.7699565247 27.939316265 27.554693668 28.3671187649 27.9878564746 27.9660305946 27.4171213999 27.8233399627 27.0769123049
