Spatial_Output/DEC/DEC_0997.asc
NCOLS 155
NROWS 192
XLLCORNER 196307.867259
YLLCORNER 449144.565805
CELLSIZE 33.573938
NODATA_VALUE NaN
[rows 130 to 155 of 192, columns 57 to 113 of 155]
24.8507607319 24.8822928219 24.5357398248 24.301170692 23.9010715823 24.6618719294 25.4721807127 24.9988825936 23.6158573322 25.5584074503 25.3634756647 25.2737318206 24.1312030853 24.0696062578 24.7929200472 24.9257885509 24.2148452034 23.9920776853 23.7422969148 25.3407301607 25.5086770671 23.9389394633 24.3522186912 25.0646938858 24.8193447752 23.7640922031 23.836476318 23.9404972532 23.6717121124 23.8292238745 23.5198878863 24.1991615049 25.1257525864 25.366332745 25.0674179191 24.2689188491 25.5999228944 23.5679128949 25.0765098446 24.2564265125 25.0343873489 23.8660733948 25.2553043759 24.3249094503 24.5701453109 24.5910209845 23.5706810213 25.124683511 24.7379737533 24.188645892 24.0046324872 23.7366643853 25.2314049969 24.5147440286 23.7163191773 25.1745989522 23.6827490299
23.7325634844 23.7994974863 25.2854764423 25.3499953136 24.6353287684 25.0781897896 24.5743921136 25.0736149323 25.5410460084 23.7212550624 24.4834874145 23.6938761823 24.9051959775 23.8607449684 24.5538984463 23.6766920652 23.556952837 23.827470116 23.6321138663 24.0882188443 24.9137761892 23.7108573147 23.8565895634 24.3233140124 24.2450261738 25.5008683483 24.745088444 23.5212678621 23.8652070838 24.6290948181 23.6550272041 24.915270701 23.8892144132 23.8514189888 25.289418667 23.598617717 23.8601853855 23.593440708 23.5878857113 24.3574628914 25.2184632441 23.8108756977 25.1907563088 24.6935819342 25.3326491357 25.1218978081 25.426713488 24.5581932408 24.4936433238 25.1401754829 25.3245464276 24.8732256903 24.192679501 23.9224854103 25.5039479546 25.4045400214 24.5441309441
24.9513191305 24.353330777 23.5013778102 25.4172134634 25.3850470477 24.4802078106 25.5635801714 24.9869445079 25.148264113 24.4618855697 25.217157004 23.9622420868 23.7977983562 25.0520765695 25.1022893547 25.2582355099 24.4436172752 24.9534911445 24.7243558743 24.5064222229 25.1184050458 23.5487025425 25.1146024035 23.8532444888 23.9020819619 24.1280571928 24.9813600316 25.2181821623 24.0656149632 23.8407397653 24.9553604999 23.8078143238 25.6181289799 25.1509223438 25.2050290754 24.7575368139 24.2261615891 25.0705085608 23.8040255726 23.8271232724 24.6483161704 24.3073394801 25.4512692106 25.1387700161 25.348311157 24.405039419 24.9039881235 24.8512855406 23.76972405 25.2166610393 23.6623812238 24.3930498734 23.7472767979 24.6565069194 25.2344506868 24.4392805692 25.2240247212
25.5395599766 24.2718208983 25.4239176718 23.6180599884 23.9559040979 24.8500295457 25.1654164364 23.8319920556 25.111954513 25.2503021949 23.5976694925 23.9598550778 25.1433678803 25.3148636617 24.687051341 24.3328847945 24.5242878263 25.4223517066 25.3849488496 24.5386759135 23.9324737945 25.5084075051 25.5804123177 24.295106752 24.0822963345 25.1231454344 24.6731697434 25.049933855 25.5676371106 24.5959779941 24.870294152 25.0353012363 24.2616219619 24.2953341252 25.2389278803 25.5387870649 23.5398182367 24.597833218 23.7658101255 24.2825340171 23.9425802393 25.3811459088 25.2200718665 23.9617816528 23.7920039036 25.2256420698 23.8398656886 25.3437479807 23.6123051569 25.4219809557 24.1241492947 23.9078517589 25.5587846352 23.632731156 23.8733960346 24.2736707273 24.8970694873
25.4021584011 23.9867958004 23.5053808643 24.5639705748 25.2621387326 24.7830731163 24.4900198956 25.1324725922 25.148789885 25.6054989482 23.5616783196 24.7735740603 25.5604025788 25.0923606975 24.4560588671 24.6470413278 23.7805577075 25.2436212853 24.7557084294 24.8267273262 24.2509400925 23.7783492456 24.9514061863 25.3691928705 23.5529561297 24.2345468435 23.8604301134 23.8033524224 24.5799282742 24.1419381419 23.527226365 24.1737152231 24.0004849942 24.242717562 23.7428016408 23.7578527225 24.5483116765 25.4532818218 23.6775230859 25.0198252506 23.8835421495 23.6727648442 24.7948702029 23.7722239282 24.9205604007 24.452905651 23.6424944572 24.7270039642 24.9116456248 24.0382647834 25.3138132129 24.5620001658 25.1869497972 23.5690605715 25.595776514 25.5720716754 24.7319982994
24.6981129038 25.0549418659 23.656147137 23.565075103 23.8811915656 24.3442535728 25.1964788304 24.8141891323 24.7964408476 25.2169330756 24.484706211 24.7193465844 25.5491508788 24.5103865367 24.637576857 24.2060948562 24.1970238553 24.0879857261 24.2495332551 24.4469741698 25.6131377431 23.9205987079 23.6878387846 24.6472676652 25.4172070231 25.5673531068 23.9612541609 23.5515389611 25.2833411086 23.9539289714 24.1739714594 24.9482869577 23.617359767 24.5406535244 24.0921027661 24.8612076688 24.7939410981 23.9830675585 24.837343965 24.5275778219 24.1375233739 24.0825104761 23.7353963242 24.1798343992 24.5687378346 25.0147661767 25.0413389081 24.0101051537 23.6124676714 24.7580306319 25.2200359552 24.4709313306 23.9244338704 24.6493337415 23.7596643412 23.9778830339 24.1475227835
24.7639539664 24.9188232059 25.2216349038 24.9274556916 25.1852339212 23.6748463985 24.9427379109 25.1037285249 25.232352788 24.2200255015 23.8605148398 25.1852897308 25.3091252689 24.0152356272 25.2544390784 24.3678602797 24.9488057649 24.0225830404 25.5125577692 24.9960419752 25.2699132985 24.1554778784 24.289660435 24.593073739 24.9483751526 25.1530396599 24.6726189723 24.8023496131 24.9235273608 24.4057012266 24.6458539127 24.9336818764 24.9016958613 24.65368606 23.8742265644 24.0744068671 24.5933558504 25.0641093911 24.9946652332 23.6206047275 23.6375257142 25.5560633042 25.0329309502 25.5588610092 24.2597164117 24.6907868916 24.6716408129 23.5499656419 23.7487722979 23.6246541637 24.7402031753 23.7301890615 24.1982203023 23.541302204 23.6524999503 25.0977709145 24.5694886476
25.4326637975 24.5010021043 23.8159230946 24.244109916 25.1415636195 24.6468582232 23.7335329153 23.6210404623 24.8894445518 24.5704419743 24.0427322103 25.3778828336 25.2474575122 24.5235107513 24.4013197744 23.8071406041 25.3137994898 24.4733573372 24.8283692241 23.5022017417 24.9593285898 25.5202376236 25.0636094638 23.5671540316 24.5666435108 24.4707985208 25.2403065589 24.5303463758 25.14172573 24.0376343659 24.232920622 24.3146332589 25.1030019529 23.8534449833 24.3680309821 24.6389352708 23.6684869674 25.1496742149 24.2345791971 25.5702047656 24.2254152871 24.763472594 25.1659746381 23.9934509867 23.6760732301 24.5902584449 24.7108787561 23.6045314042 23.6329452868 24.6426977282 23.8164844795 23.8591594624 24.2518409194 25.4263809737 25.0974594933 24.9756417977 25.3530333418
24.9714870067 23.8130545571 24.9964961269 25.5721415528 25.2990470972 24.124014036 24.4893137454 23.78060191 24.2136640924 25.443718691 23.6337240141 24.6555880508 24.9412894567 25.1982883723 24.5861796852 25.4325964514 25.1009099666 23.992021036 24.1999024659 23.623362554 24.4699736059 24.5528297915 24.1495292506 24.8486777638 24.329496258 24.002326941 24.6062390332 23.7411853564 24.0208227029 23.6046183875 25.0804056436 23.9704963097 25.4445220556 23.7588747788 23.8995310647 25.0579237406 23.5258006143 24.6136443952 24.7829726143 25.515724517 24.4604116991 25.0146839849 24.7568819024 23.7995539416 24.7175249017 23.5901409706 23.515965132 25.009256703 24.9506942876 24.7835815875 25.4482453961 24.5195840435 25.0925844985 23.9638099864 25.4645527964 24.8435835217 23.5606968484
24.5756127523 23.5478024721 25.4205726461 23.8942163283 25.2449924497 23.9683399435 24.3227683409 24.3829047007 25.4012357965 23.702486634 23.8551051742 23.8864915863 25.4956743247 23.7485788806 24.787240679 24.8014844845 24.4072234069 24.6565137594 24.5384869486 23.596689849 24.0979028099 23.8076657944 25.5959432906 24.2825952902 24.8167767063 24.5411262461 23.7885058175 25.4644970269 23.8308432213 24.9905524751 24.7305441683 24.7166079731 23.8204492611 24.054189508 24.0368542499 25.3782646386 25.5523110597 24.1258281422 25.363944292 24.2197565293 23.8193483394 24.4608874871 25.0859022735 25.5289488929 24.1081452624 23.5738015662 23.721067154 23.7370929965 23.6019881966 24.6092043368 25.3009924765 24.7181530255 23.7645243404 23.5109094842 24.3909249631 25.5766568928 24.7074787137
25.5556294722 25.5130133339 24.8182325563 23.549822639 23.6599904831 25.0422000696 23.51640027 24.3119038717 24.3982742019 23.7497126439 23.6725857949 24.7295046559 23.5931110021 25.4474482855 23.5633799807 23.6613480489 24.468804065 25.3113531688 24.771342759 24.7390782404 24.8539784276 23.5267056482 23.8005081374 23.9139547922 24.9465604371 24.0807814795 24.4709982205 24.0131339095 24.0982167384 25.4711245006 23.8727047204 23.8442918721 25.2843628681 25.1211858343 24.6076436152 23.5396804889 24.9765992587 24.4572563602 24.7825511568 24.6228310384 25.401351595 25.0129360468 25.2203667832 25.2722728521 24.6513017681 23.798560283 23.9867968404 25.0749532445 23.7304485115 24.0560681109 24.7482648622 23.7610028679 24.3715132869 24.3790780289 23.7022185175 24.0545101963 25.4892374068
24.2154451148 25.1135479995 24.0710997583 25.4155322971 25.4300380836 23.6546088871 25.1092684946 25.2089597779 25.3727123819 25.1784258825 24.0826184915 24.3573907681 25.5120124674 24.8792925126 24.3441177812 24.5641173654 23.5567780699 24.6973951949 24.9483372559 24.0485408138 23.7138471935 24.9254772322 24.9127391927 25.0447616346 23.8076128769 25.1199960639 25.4853013915 24.9862724684 24.4253739643 23.9188061558 24.8472750457 24.7634715882 24.1680359799 24.4041435524 24.6892753297 23.5009865285 25.1054327492 25.6198141642 25.1242131969 25.2573796795 23.6403261655 24.3617380335 24.4073089448 23.5628774253 25.2624006893 25.32549157 24.2384292248 24.4327837205 24.1209461881 24.3691506775 25.1667240936 24.4508476036 24.1138685307 24.6198209261 24.1864800261 23.530378526 25.3003386597
25.5909226891 24.9782492648 23.7905567414 24.7373765307 24.8793780711 23.9761172908 25.1790221219 24.8465240369 23.6486671313 24.3355454557 24.6096287398 23.684201904 24.6957321052 25.4515154865 24.0650160137 25.3695625578 25.3600246842 25.515438188 25.546125749 25.2106978394 24.0427205015 25.1973400188 24.7754090539 23.5389857216 23.7209447257 23.7013099454 24.0206639419 24.9982753179 25.4952691201 24.5027468961 25.1700849805 24.3674210887 24.0521506521 23.6244574658 24.7068170534 24.2091423499 25.4692708013 25.5509128815 25.5219132334 23.8880570954 25.0396557626 24.0500109575 24.9616343868 23.8262886047 24.5321763007 25.3358919302 23.6733412538 25.0235861639 23.5838991583 24.7990316407 24.816544655 24.6978401661 25.0762534715 24.4842239858 24.516484543 24.7274498798 24.2294615478
25.1644897873 24.8992298965 24.8454637549 24.3107712125 25.0242377511 23.8133773729 25.1098428974 25.3854959149 24.0760667098 25.1631933282 25.3706369348 25.2217441102 25.2106059993 24.2502192412 23.8347198948 25.1635797565 24.1133493468 25.1027396591 23.896298143 24.4188329889 24.2894380696 25.3635123856 23.7832382617 24.5122451059 23.987295639 25.5677019014 25.575433706 25.2319851815 24.6021824728 23.7083935275 24.6390913919 24.6307593994 24.634792507 23.572387364 24.0174923131 25.266419734 25.2841652005 24.9101090422 25.1641701408 25.5713176298 25.0860850347 23.6185682008 23.7973833794 23.79128869 23.6608599024 23.6208646133 23.8165904446 25.4977272165 23.6530595771 25.4439804078 24.38081538 23.860100288 24.7336869005 24.9166206784 25.6070702817 24.6753287132 25.3320078558
24.2658213332 23.9532134546 24.4818631609 24.2745757029 25.5556352124 23.8142146141 23.8410535978 25.0170950391 24.0406180803 25.0563033311 24.4882414387 24.3446593686 25.2558519235 24.0972184596 24.603358003 24.7296397409 25.4443190199 24.4593746703 23.5677461562 24.3490162673 23.8293449432 24.6384644921 23.9854185395 24.0205578972 24.1496019954 24.24552179 25.1650450547 25.6072361606 24.9080103003 24.3049808229 23.6984271755 24.3449436629 23.9022195156 25.2396703417 25.5889281311 25.0669788989 23.8159157064 24.5379786595 24.6129461748 24.6382561435 24.7133560193 25.5339809567 24.1923008773 24.7436257263 24.0421288241 23.5768141561 23.8957354044 24.935613891 24.8775061742 23.5968137446 24.8768911525 25.5297352374 24.5832056158 25.1900671951 24.6874817184 25.3423024198 23.8146603398
23.958178131 24.3792751697 24.1708722408 24.0852118344 23.536379168 25.3433051997 25.3499093582 25.060291172 24.6950248647 23.8095324886 24.6529370091 24.4088226823 23.821394466 24.7172731955 24.5236233202 25.3995271816 24.5737801497 24.4184811758 23.9228526245 24.4623157877 23.8328592446 24.3094602314 24.7672448672 25.3855460842 23.6506077483 24.5978875389 23.7125108861 24.8829514378 25.1266536915 24.3915955401 24.0598893446 24.7825673499 23.764504909 24.0912812068 23.5379873224 24.4681798333 24.2790351091 24.8095879889 25.564529091 23.5612859287 25.0061866551 24.8908925023 23.8550397312 24.2564081487 24.8266933793 23.8433189033 24.8664907687 25.5615737783 23.8554003376 23.5957584539 25.0728821922 23.6645971332 24.9996248936 24.4732095466 24.0856754006 25.2160173291 24.267665271
25.4816304574 24.1376818839 24.1957787864 24.464850492 24.6998063814 24.9551018438 24.81873815 23.8736339087 23.7379866062 24.4395913754 23.7888134799 24.6687947112 23.5652815174 23.5176285928 23.6897359556 24.9089626277 24.2443299665 24.8954143683 25.5746405462 25.5179062569 25.5836752096 24.3940390866 24.4435155409 25.0921550693 24.7174912045 23.8194150297 24.240647193 24.712082372 25.1604346484 25.0209706878 24.3222924302 25.0508462411 23.6714863366 24.4977606328 23.974289482 24.6375062764 24.7640113042 24.9007337315 24.0763479627 24.6933466373 25.3060540894 25.5630747046 24.8415232022 24.4908635831 24.7834924806 24.1590879147 24.7833336657 24.8454584298 25.4221591606 25.2701375541 25.5261801062 24.9746139998 25.1463031901 25.3481957134 23.9213189771 24.0354887143 24.8481675811
23.8097050611 25.3094741108 25.5395452749 24.2600602385 25.6152224813 24.6909122467 24.7551026669 23.6780131214 25.3603398059 24.9070765995 24.4872785363 23.5381586811 24.0184294806 25.4468755423 25.2227667336 24.2651241146 24.1420413907 25.5213094331 23.6146053485 25.5318808118 25.0232338935 24.6047354286 25.4412411449 24.0416784656 25.5354070123 25.3772247914 24.0403312476 24.2003182006 25.542980894 25.3212691459 23.5883268882 24.4702385656 24.9212075299 23.6875445933 23.6368659558 24.4531348224 25.4513933714 23.7619810873 25.4419030321 23.9222762248 25.3582806853 24.3378191357 24.706610493 23.9001449661 25.2337671007 25.5717553226 24.632476947 25.4163165662 25.3187010118 23.7320483928 24.7025250765 23.8207773794 23.5997999807 24.4892413962 24.884901585 23.8999829099 24.8963983755
23.9254667647 24.7869555426 24.5737634777 23.6952253465 24.678763178 23.5371574798 23.7597962462 24.2636490769 25.1183689277 25.2107332577 24.0851059284 25.5557382007 24.3953311172 25.6143528463 24.928848636 23.7981165459 24.462506644 24.8322591438 24.3209792784 24.9242251357 25.3551842564 24.4347641847 24.8174504922 25.4177273475 25.1578231803 24.6938285546 24.4627159626 25.0763459554 24.8305787293 24.5462199631 25.2695246447 24.4890935828 24.8217892738 24.9355526155 23.9156052476 25.0518455487 25.6161851728 24.0711230629 24.0490432109 25.4161130188 24.3211227865 24.0328226465 24.486786199 25.3590018905 25.147292029 24.7909579416 25.1032811847 24.4773112219 24.9864688842 24.9105741855 24.0234168886 25.6046983878 24.874508033 25.5789310517 25.0478149514 24.0617341409 23.5069241924
23.7932645901 24.463046075 24.5547232494 25.407256786 24.8681234101 23.740836887 24.6255810526 25.2740982411 25.3822155618 24.8164995654 25.193942786 24.1340452919 24.3910172732 23.6989456675 25.4990563558 24.0802193134 25.0590452166 24.2736398658 25.338493022 24.3749463062 24.6673620581 24.9567870734 24.2552713702 23.7858145598 24.0509116144 24.0331056535 23.9981833207 25.4614048537 25.5222266122 25.0822540301 23.965871171 24.7104181806 24.9433555862 24.1132768626 24.1347474269 25.0917587418 25.1344382787 24.7446098771 23.6986080148 24.1700574655 24.6594287443 23.8936263045 24.2548361703 24.3653905342 25.3895361428 25.008384241 25.3433953768 25.4394506321 25.0137649404 24.5094298508 23.9613884968 24.2959678941 23.8168128266 25.07222879 24.3097663046 24.4289883205 24.9971977698
25.3693051098 24.395685224 25.2236925313 23.8433435165 25.5800382895 24.2303729403 24.3588444257 25.2829993549 33.1164859475 38.8776107865 38.6880863143 24.2350346172 24.7243452252 24.8944643002 25.3171095388 25.0726916564 24.0817113652 23.7328227451 24.9723460362 23.6361406252 24.2111773818 25.1187906162 25.1283495793 24.6736432441 24.6063837294 25.0553959656 25.5447931468 25.5517248255 25.0979937557 23.5358153128 25.1527219461 25.5253351399 24.2006787048 24.176489685 25.1410923272 24.0512098794 23.6042343108 23.5421388757 24.4572897989 24.2009516389 24.7262707528 24.6424797327 24.0560012109 24.0659131679 25.036704992 24.053811273 24.5910641479 24.5039854572 25.305924131 24.9876793499 25.4768540634 25.3292753176 23.9810806177 23.6389627869 24.7139796003 25.6165237921 25.0314768817
0 25.3735348514 24.6159810377 24.9866664981 25.2766295805 24.6757168385 24.4708958328 24.7527640604 38.8019775174 39.0871799085 30.1082959009 24.7638350923 24.5267514309 25.098448933 24.6145080544 23.5136485539 24.8105459646 24.5398738871 23.8298894 24.0302727983 24.9384925795 24.0458872554 23.5323483337 25.4282625968 25.600358844 23.7484342607 24.2709211811 24.4477257168 24.0909139383 25.3249005738 23.904419071 23.7554257864 24.801423451 24.5688485237 24.7524641491 24.5418308674 24.58656124 25.2911281663 24.6121913572 23.795672817 24.1979543172 23.5817247023 23.5724522242 24.449451287 23.721215349 24.1553791706 23.6340699237 25.5710240028 24.0503644744 24.5269339904 24.8487478056 23.6208233905 25.3079165979 23.8913631923 25.2829398082 23.8353868819 24.9650947879
0 0 0 0 24.2104538411 25.013000044 24.4794762013 23.6405864533 31.59697903 33.2812172368 36.9755675358 23.6919443857 24.1645290013 25.5602705762 24.8629235302 23.5286685693 24.4111711226 24.3037920102 25.385889953 24.323996224 24.5962395744 23.8150314252 24.0877736043 24.7427001399 24.5792878104 24.6130022641 23.8226262464 25.166896215 24.9169473386 24.2860564043 23.9820765928 25.1224885237 24.6804132441 23.7487606436 25.2364502417 24.5973313685 24.2819358872 23.9068356622 25.3046867012 25.0804408072 25.6056291404 24.5855417636 24.8626590327 24.96883936 25.5117311568 25.2024288337 25.3570443314 24.7275970969 24.3460834817 23.6970593271 23.6028334589 25.5208076771 24.9974879767 25.2016284026 23.5192795111 25.1960737593 25.5615866564
0 0 0 0 0 0 24.3193612598 24.6455159656 25.0701126374 24.92442313 25.3331643908 25.0771629227 25.567149057 24.7376964754 23.7287845123 23.8452372258 25.5585672081 24.8685429268 24.7330214989 24.3618580213 25.5603136863 25.0706158275 25.0705616941 24.1199651257 24.2153506424 23.6202783968 24.5870032533 24.4128286737 25.531567039 25.0664386461 24.2968954996 25.5792710784 24.0931038929 24.3749856249 24.7893287962 24.1980649175 25.3086386024 24.9962145665 23.876902074 25.6112328623 23.7913156543 24.4857992243 23.5363554356 24.7034272423 23.6991856124 23.5674387878 25.0418633845 24.6729715909 24.0282410999 23.905116146 23.8199182356 24.0315607188 25.0134158652 24.0928487661 23.6075256902 23.918285041 24.1501682612
0 0 0 0 0 0 0 0 0 24.1070482856 24.821573211 24.681565177 24.6872561426 23.8451328366 0 0 24.1036724925 24.3713996064 24.6321362369 23.8703871809 25.3207832377 25.5866319449 23.8806062312 24.3622484155 25.3415004871 23.6064823033 24.3754472336 23.7234940194 25.5877006106 24.8882419977 24.8549326534 24.9947476205 25.1588119831 24.0812872987 24.2316899032 24.59780305 23.8261368459 24.5397954313 23.7546849093 25.0428907842 24.4381950827 25.0530341577 24.917160203 23.6449553478 24.2478215837 24.9166831816 25.4538613881 25.6138141763 24.3669190355 24.8284769645 24.2207424367 23.8285032934 23.841643317 25.1468736909 24.7183813461 23.7472135167 24.8554947188
0 0 0 0 0 0 0 0 0 0 0 0 0 0 0 0 24.2895552212 23.801254828 24.4787438188 25.5723807317 25.1875506027 25.2109264383 25.0865429462 25.0392087197 24.7245737945 24.6924974483 23.8025589829 24.206091594 25.3484184295 23.8657811521 25.5940468435 24.169300891 23.8150946687 25.1749261843 23.8856846655 24.4383706533 24.3918943095 25.5111138262 24.0016818232 25.0627871727 25.0457976843 25.2689189129 24.0361850725 25.4198288408 25.3337354668 25.5699753803 24.8825418444 24.2894532612 24.6593954089 23.8010227828 25.2854795075 25.466656134 23.8797985983 25.2424918524 25.0034151555 24.5572231459 23.6090681666
