Spatial_Output/DEC/DEC_0422.asc
NCOLS 155
NROWS 192
XLLCORNER 196307.867259
YLLCORNER 449144.565805
CELLSIZE 33.573938
NODATA_VALUE NaN
[rows 78 to 103 of 192, columns 0 to 56 of 155]
0 0 0 0 0 0 0 0 0 0 0 0 0 30.7804802298 30.6155320646 31.1945715901 30.9585390068 30.8337836428 31.072877835 30.645241873 30.5859074395 30.7914818982 30.6537685651 31.0041723083 31.1477170028 30.9602006061 30.9278041839 30.5679738011 31.0420260441 30.5542562562 30.5906290759 31.0509248372 30.8099822952 30.5100273026 30.8861618065 30.5196011401 31.1643689425 31.0117806904 31.1163649814 30.5530289113 30.5094121656 30.5849067293 30.5828697571 30.82034229 31.0863006608 30.7636461107 31.1258397651 30.9222274897 30.9050437316 30.6665443705 30.6229086008 30.9240931095 30.8046985771 31.1054566805 31.1092618231 30.9043252833 31.1168842919
0 0 0 0 0 0 0 0 0 0 0 0 0 30.7461812858 31.101063655 30.9781022722 31.0431213084 30.9282828755 30.5244380501 30.8975445782 30.7273558847 30.8787054562 31.1479449467 30.9074640478 30.838961598 30.9019457187 30.6523126396 31.0906242072 30.7617912402 30.5811890807 30.8205814111 30.894410489 31.0602521999 30.5063056348 30.8701421586 30.7098876461 30.7784794044 30.6373048857 31.0454434881 31.1863366411 31.1495671153 30.6718887915 30.501910988 30.9069568203 30.7042209998 31.0968490003 30.5026572493 30.6236976603 30.831456194 30.8735102897 30.9437772823 30.5603671407 30.6491470613 30.9936596784 30.7616223795 31.0676173031 31.1727835903
0 0 0 0 0 0 0 0 0 0 0 0 0 30.9460126211 30.7911708166 30.7328933555 30.7187191149 30.5550959519 30.9385906595 30.7190798255 31.091389198 30.7692718469 31.139250745 30.793714927 31.0905346933 30.6975104606 31.0157260507 31.1066070306 31.1916869628 30.5484115403 30.6447566151 30.5980139718 31.1327941233 31.1819194806 31.1951121072 30.5850454876 31.2036425979 30.9194942865 31.1270578644 31.1014866855 30.9477793757 30.7177424844 30.6776242573 31.0491319471 30.7473844814 30.9094976656 30.6058170356 30.9054131251 30.8142753406 30.516108356 30.8507324921 30.6429859134 31.0977685004 31.0795233802 31.0954864391 30.9094820137 31.1658393638
0 0 0 0 0 0 0 0 0 0 0 0 0 0 30.8777120376 30.789438693 30.5080210938 31.0019767131 30.5027078729 31.2053228627 31.0085177525 31.0255524942 31.0629987578 30.8463512637 30.6880117874 31.0115799522 31.0903715431 30.8042426256 31.1517119699 30.7750711256 30.9648631797 30.99950992 30.6232186388 31.0515278052 30.6465360247 30.5049291019 30.5923194627 30.5206031685 30.7273352247 30.8975290013 30.9230071755 30.8716966101 30.8349135599 30.806418609 30.6794165506 30.830231964 30.813043028 30.6457080331 31.1186399336 30.609865474 30.5795707803 30.9324163791 30.5203020779 30.5304041064 31.114078053 30.822087803 30.5957069838
0 0 0 0 0 0 0 0 0 0 0 0 0 0 30.9547827666 30.8993768186 31.1621778249 30.5652015939 30.5385529208 30.9334499072 30.7303914845 30.7376687806 31.1031668689 30.9539170816 30.8082782482 30.7279886933 30.7902103876 31.0226168686 30.9825968592 30.7131836038 31.015313625 30.8091979234 30.6782778122 31.0329607356 31.1802806479 30.6067047595 30.9464275102 30.8344207913 31.0547757768 30.7487884722 30.6577663522 30.7128976398 31.1483754801 31.1240398968 30.7022954791 30.5411965371 30.83857554 30.9314588166 30.6290090755 31.0438318528 30.8869314418 30.6031771773 30.9304732399 31.1846370026 30.8887793152 30.7312823555 30.7816003196
0 0 0 0 0 0 0 0 0 0 0 0 0 0 30.8834590087 30.9593279744 30.5674248372 30.7496244153 31.0310052798 30.9762762222 31.1158095756 30.8420149335 30.68279266 30.8835297462 31.1524853796 31.0068528434 31.0379692667 30.8528467357 31.0716508594 31.1918618093 31.0084660777 31.0910195833 31.0120426079 30.7478738653 30.8536461059 30.500869481 31.0716824668 31.0522598982 30.7032599784 30.9057009612 30.6653618715 31.0464404753 31.1708931731 31.1478772762 30.9036124365 31.1062574146 31.147556249 30.806149513 30.5912939353 30.7454505101 30.7871641417 30.8112343487 30.7517567533 31.1372315284 30.9870812685 30.8211589073 31.1314909284
0 0 0 0 0 0 0 0 0 0 0 0 0 0 30.8112788587 30.7399280767 30.8905049837 31.1433585876 30.5407281792 30.5953968513 30.8969122906 30.9048742729 31.1708348551 31.0905696927 30.5694295709 31.0831422683 30.8049261232 30.9092749688 30.9551986227 30.741330962 31.0166017967 30.7208801734 30.8376151763 30.8559766753 30.7804115327 30.6363717261 31.1017844726 30.8140752571 30.5559890238 30.7489215379 30.6244063148 31.2000549443 30.7898668581 31.0820657338 30.8433848077 30.5230642917 30.706983693 30.9072490471 30.7315815668 31.1622000961 31.0533800421 30.5069376397 30.9042975079 30.5539324201 31.1562165098 31.1767134516 31.0766586236
0 0 0 0 0 0 0 0 0 0 0 0 0 0 31.0317356522 30.5116155174 30.501895486 30.8669780183 30.7757652213 30.8070149329 31.0596950784 30.5324705093 30.5317753897 30.7105836802 30.7519465522 31.0383537781 30.6539873646 30.5946063029 31.1024596152 31.0406995778 30.7063939783 30.9552990001 30.9951484138 30.7232484664 30.8872221644 30.7624283747 30.8270202833 30.7786892181 31.0510546302 30.7166677467 31.1796095324 30.9173973922 30.6789423561 31.1850515798 30.8656640154 31.1843413039 30.8913517706 31.0364344114 31.1218759598 31.0759032767 31.0717291307 30.6704073123 30.6702878959 30.8946978777 30.6423133686 30.5476207526 31.1468385941
0 0 0 0 0 0 0 0 0 0 0 0 0 0 31.0982572777 31.1229085711 30.6105661165 30.7178425462 30.6441671989 30.8475711394 30.6639810301 30.7058331921 30.6402422204 30.9460134478 30.9707700582 31.0747295398 30.7536105288 31.0101697964 30.7887493751 30.8964912312 30.597801689 30.511051087 30.7828129682 31.0970944026 30.6223090946 31.0434586566 31.0439532836 30.559583051 30.5476315889 30.7475078041 30.8348439498 30.5157684142 31.0465944338 31.1403529218 30.8715343264 30.6923257182 30.6189333414 31.1482737645 30.506918722 30.852563344 30.5005115538 31.1998964235 30.5405313926 30.731620787 30.7990946346 30.6970850261 30.9789357088
0 0 0 0 0 0 0 0 0 0 0 0 0 0 0 30.626244953 30.7517829997 30.9696457475 31.097979114 30.9442713598 31.1612182869 30.6140892682 31.0819457817 30.7362374621 30.7187840704 31.1264801689 31.124905895 30.7061771128 30.5135644488 30.5982959144 30.5368756958 30.8840048053 30.7484517964 30.7645711902 30.8534292323 30.5507507028 30.5858548678 30.965500618 30.736125698 30.7134408284 31.1556103311 31.0409132921 30.5760717279 30.7617182713 31.1388988069 30.6040570114 31.0673768895 30.7548879834 31.1167705912 31.098445959 30.9655516793 30.5177226265 30.5374586816 30.5581931906 31.0339860979 30.6057344543 31.0296919122
0 0 0 0 0 0 0 0 0 0 0 0 0 0 0 0 30.6510933267 30.7889041553 30.8182816986 31.0658450455 30.6047755313 30.8826277931 30.5562055273 30.7406023286 30.5375858241 31.0626602731 30.5355284164 30.6419229228 30.9275004116 30.9354970872 30.571303288 30.8689883842 31.2009544652 30.9267788146 30.9723612427 30.5996150682 30.756044354 31.0149339244 30.5372299359 30.6018867271 30.8946199703 31.1019776358 30.519147387 30.7352099207 30.6371952293 30.8068766257 30.6344081342 30.6140608373 30.8021883134 30.8437700871 30.9314900876 30.7591152796 31.1294976531 30.8021490322 30.9755994233 30.7350776933 30.6429734781
0 0 0 0 0 0 0 0 0 0 0 0 0 0 0 69.7571762143 69.7571762143 30.6418901254 30.6526067149 30.816740013 30.6252389927 30.7227940273 30.5064758884 30.7963884952 30.89048124 30.6854960594 30.6637143058 30.6578218767 30.5689475703 31.0095294695 30.7824141326 30.7956457943 30.9743572501 30.7643555233 31.1609394942 30.7395358593 31.0123991542 30.8072041917 31.0220478732 30.7291837321 30.5491056531 30.9743337945 30.5818250835 30.8936381964 30.9739655208 30.947878911 30.800383053 30.9920802946 30.978159509 30.7473896627 30.7568613819 30.8068544309 31.0478953546 30.5137042038 30.6802368361 31.1683764051 30.9375724635
0 0 0 0 0 0 0 0 0 0 0 0 0 0 71.1128159093 71.1128159093 69.7571762143 0 30.6585694911 30.510293312 31.0470836523 30.896049586 30.542192978 31.0924390046 30.8659878599 30.5507601216 30.736074209 30.7950582827 30.6158364851 31.1965428544 30.8356296658 30.8465312435 31.043969754 31.1214804601 30.8828819283 30.571783156 30.8269526538 31.1723183922 31.0830472253 30.5012148229 30.7087577799 30.7504682921 30.5808385139 30.9177924405 31.181720103 30.7059701009 31.0117849276 30.9767449116 30.9450156392 30.8407065209 30.8114426792 30.6854635207 31.1905360452 30.9761341907 31.0547689517 30.5030662429 30.8782836882
0 0 0 0 0 0 0 0 0 0 0 0 0 0 71.1128159093 71.1128159093 0 0 0 30.6700794445 30.7257447467 30.9389433509 30.5671816338 30.7299577899 31.1270131301 30.5089031257 30.7631228943 30.5852801181 30.9583110844 30.6402809096 31.0517756896 30.5334200642 30.8034282136 30.9194005925 30.9120902686 31.189831557 30.5605548111 30.7364739313 30.8803709228 30.6148073161 30.986324571 31.0137425208 30.928980801 31.191963863 30.9281689886 30.6121843502 31.0761499972 30.5540942697 31.1484312717 31.1706958514 30.8456311745 30.7663898914 31.0189314633 31.138118116 30.5074840121 30.9193709926 30.8542019042
0 0 0 0 0 0 0 0 0 0 0 0 0 0 0 0 0 0 0 31.1653031267 30.7161671865 30.5389408942 30.9693480318 30.7241985653 31.0559831075 31.1683082849 30.9938087197 30.9955667366 31.0537904758 31.1178562194 30.8865040134 31.0241628668 30.9816742979 30.5142429444 30.9665006264 30.9643291834 30.9501240773 30.9970208115 30.7244738073 30.5533032133 30.8988540812 30.518886039 30.6182953494 30.7875603045 30.6232403252 30.7703008052 30.5858171837 30.7665639744 31.2043494539 31.0793454925 30.7638531288 31.155476883 30.8728777996 30.7238924328 31.0644174117 31.0569806615 30.6376828021
0 0 0 0 0 0 0 0 0 0 0 0 0 0 0 0 0 0 0 0 30.6838087772 30.8446974218 30.8796551304 30.8743802008 30.9109550282 30.7370216918 30.5508002465 31.1936603954 30.6705084065 30.7872340991 30.5859280875 30.7927187487 30.5894922335 30.5709010286 30.7595260689 30.9092100083 31.1814865152 30.9889805541 30.8173325805 30.635638204 31.057698797 30.7040570909 30.5810895313 31.1762862131 30.6149205863 30.83652116 30.6776884256 30.6167296192 30.7008246641 30.783286059 30.6001887037 30.7432325614 31.0493143039 31.1537981701 30.5471951023 31.0223130804 31.0926514625
0 0 0 0 0 0 0 0 0 0 0 0 0 0 0 0 0 0 0 0 0 0 30.62193119 30.7241082929 31.117307142 31.0081148949 30.9211491865 30.8978574922 30.6094679809 30.6517610399 30.5542668635 31.1812792817 30.5958531801 31.1952542605 30.8947464413 30.7112476345 31.0914563826 30.5354914674 30.6717608254 31.2053891428 30.5353169635 31.1337960671 30.5952767258 30.7542601881 30.6715372394 30.7543462604 30.8742129314 30.9063552146 30.8323301168 30.9578772402 30.7832760557 30.9084637223 30.6585883128 31.1925621627 31.1620720478 31.1774549472 30.6604133114
0 0 0 0 0 0 0 0 0 0 0 0 0 0 0 0 0 0 0 0 0 0 30.8700559389 31.1894103513 30.8460333597 30.5897142787 30.9413167581 30.7777279582 31.0925867843 30.887139859 30.7826161429 31.1549291125 30.5577031926 30.8919475069 30.9432220878 30.6614043513 30.9714723934 31.0637595284 30.5639111363 30.7078954511 30.8940553917 30.9210678925 30.6375356488 30.998693115 30.6760414625 30.5380450582 31.1138575882 30.8389171529 30.8781794788 30.5123642799 31.0638292917 30.7464659427 30.5139201475 30.8072711877 31.0641481182 30.8015669021 30.9717021687
0 0 0 0 0 0 0 0 0 0 0 0 0 0 0 0 0 0 0 0 0 30.9335473652 30.8192209002 30.6820077699 31.0360934756 31.0063839125 30.7253660585 30.7102789493 30.7685737173 31.0436628267 30.9714071995 30.609156138 31.0059527215 31.0919596948 30.7537496604 30.7981653667 30.8825432424 30.5529224697 30.9541832208 30.5638846166 30.5696528671 30.9135287745 31.0706475786 30.8717211497 30.8462905015 30.6839752807 31.1496980082 30.7248717709 31.1406371413 31.031382054 30.6594978715 30.8178259227 30.6578820056 30.6993714701 30.9397712482 31.1393076172 31.1407450262
0 0 0 0 0 0 0 0 0 0 0 0 0 0 0 0 0 0 0 0 30.679058732 31.0523690434 30.9171758071 31.1526301718 31.1546010976 31.065283894 30.7761382328 30.7279131786 30.7313022954 31.027074281 31.1432644296 30.691714928 30.6220554766 31.0569893716 31.0370484178 30.5176854817 30.5183893537 31.0419765747 30.9225431303 31.1126161418 30.843007711 31.2070580294 30.9513966956 30.844259709 30.9230933686 30.8238440394 31.0189794871 31.2049594927 31.1589032381 30.516316728 30.9165249589 30.8647694333 30.7694074271 30.9375986569 31.0224178588 30.5077547815 31.0891279659
0 0 0 0 0 0 0 0 0 0 0 0 0 0 0 0 0 0 0 31.1471572631 31.1125847311 31.037149364 30.9271908596 30.9724835231 30.8846805023 31.0934261106 31.1733669271 30.6574761966 30.5343321708 31.2038828385 30.6072995596 30.7094348247 30.5856792539 30.7069118855 31.1277688289 30.6739994876 31.0919024249 31.0578560037 30.9847297324 31.17253807 30.6185671161 31.1773926146 31.0358065934 30.7624977275 31.0125168247 30.5272218102 31.2028138001 30.8902423602 31.0586545397 31.0191695999 30.7766156124 30.92906682 30.6546115785 31.0341354717 30.7007473709 30.7655503889 31.1407994715
0 0 0 0 0 0 0 0 0 0 0 0 0 0 0 0 0 0 0 0 30.5013287852 31.118441758 30.7070785243 30.6831240981 30.9417872155 31.1590401933 30.6247064816 30.7698189461 31.1879175092 30.6784584973 30.9638769275 31.2003171583 30.6173785872 31.1236501376 30.765503553 30.6709882876 30.8897934459 30.8640896486 31.0123758046 31.1384575478 30.5597952901 31.1063040214 30.5653410257 31.0380616663 30.7453088277 30.9145524241 30.523073278 30.5167614497 30.7944027676 31.071944264 30.7708166179 30.7807475958 30.584516505 30.9068031411 31.0647287593 30.8288029202 30.8840936377
0 0 0 0 0 0 0 0 0 0 0 0 0 0 0 0 0 0 0 0 0 30.9387751627 30.9935453478 30.6661766416 30.6103090061 30.7813018928 30.9155383558 30.7720480909 30.6289296655 31.0153673264 30.5550101234 31.1375840281 30.7249893598 31.1740826488 31.1758556745 31.1529921481 30.9651181303 30.8769315829 30.7811867773 30.665695575 30.5957951647 30.7617588421 30.8242340789 30.7660066381 31.151104084 30.8212167735 30.8236540492 31.1970418831 30.7740112528 30.6497348119 30.5754492957 30.8712787395 30.66677071 30.8015957645 31.187186988 30.5239990439 31.1546858278
0 0 0 0 0 0 0 0 0 0 0 0 0 0 0 0 0 0 0 0 0 0 0 30.5014968963 30.6411830158 30.5695145188 30.9953213988 30.6164267139 31.0467095346 30.7027948783 30.6839383121 30.9655815144 30.7320158108 31.0377428615 31.1458045447 31.2036658877 30.6256192984 31.1905922287 30.6680002227 30.8317657298 30.5633061088 30.7827103724 30.8002888026 31.0000191591 30.5504390422 30.6867850736 30.9121213914 31.086953142 30.9761580494 30.9089193919 30.5361845388 30.9037019818 30.9619505953 30.5298440617 30.7961011488 31.1653086956 31.0964180913
0 0 0 0 0 0 0 0 0 0 0 0 0 0 0 0 0 0 0 0 0 0 0 0 0 30.6039817364 30.5202259277 30.596068873 30.6846634839 30.8024003845 30.6370285962 31.18866433 30.9822667912 30.7109015208 30.519787123 30.9239646531 30.863528347 31.1609047413 30.7645214119 31.1159702313 30.52901623 31.0020970627 30.8077620391 30.5955327262 31.036864427 30.7948077725 31.0140027612 31.1969372212 30.5922928176 30.8872097748 30.5774101836 30.8343314254 31.1738921547 30.5361476946 30.88337412 30.648997565 30.7353141585
0 0 0 0 0 0 0 0 0 0 0 0 0 0 0 0 0 0 0 0 0 0 0 0 0 0 30.5050657383 31.1068904237 30.6409845896 30.6349849479 30.6333936316 30.5589921649 30.6932273843 30.5853667536 30.7196169436 31.0645272914 30.6004424837 31.0600697281 30.59393469 30.5608177816 31.1945225292 30.9460611669 30.5972732879 30.6691602281 31.0432231704 30.7453620378 30.9587658448 31.0556446243 31.0853106149 30.9209313358 30.6737922245 30.6047433906 30.5785466818 30.9161718126 30.5004811553 30.897611216 30.7314697513
