Spatial_Output/DEC/DEC_1166.asc
NCOLS 155
NROWS 192
XLLCORNER 196307.867259
YLLCORNER 449144.565805
CELLSIZE 33.573938
NODATA_VALUE NaN
[rows 78 to 103 of 192, columns 57 to 113 of 155]
27.9713121269 27.6286081622 27.6566161768 27.833931518 27.6279658812 27.5702088058 27.8865646043 27.5713518447 28.1957764953 27.7250308817 27.9770549333 27.8217942769 28.0667530875 27.7294380537 27.8375024729 27.9445846233 27.8565479904 27.675434767 27.7917460683 27.7964020363 27.8031326748 27.7893225949 27.8086128346 28.1183232478 28.1604972433 27.9666738211 28.0844346915 27.6568474482 28.0091780657 27.6572633075 28.131308639 28.0421984448 28.0829048181 27.783912629 27.5476138312 27.9006594176 27.769655539 27.5636827985 27.5928904837 27.7651508756 28.0535750531 27.5903226284 28.1728156736 27.5519715933 28.1463147213 27.9072468903 27.6747685894 27.897030374 28.0931184444 27.9575501773 27.6165707543 27.7728512236 27.9137379332 27.630115504 27.8004839184 27.6583149381 27.5965966612
27.8791383467 27.5079917997 27.5126397246 28.1031276494 28.1678581772 27.8368403437 27.6580985269 28.1519218792 27.8176550358 27.6068871562 28.0139484415 27.961927515 27.9569366326 27.974430971 27.84594109 28.2065405247 27.8785373566 27.5961105353 28.1462147994 27.972767852 28.1246500822 27.7513022479 28.0496275075 28.1457131004 27.7722596578 27.8840637085 27.788339757 28.0513249819 27.659198555 27.9683469065 28.1899545916 27.5511024657 28.170378629 28.1658806742 28.1293121658 28.0297269354 27.6046241617 28.0849506363 27.6001318196 27.7808840992 27.5306125846 28.1118297389 27.6714303726 27.5335199635 28.109354849 27.6547358983 27.9521576452 27.6641879719 27.8575061226 27.7337335517 27.8155873024 27.9974762943 27.9269671409 28.1561294813 27.5207253137 28.0193328982 27.9157339041
28.0867658989 28.2005928751 27.6967978532 28.1680206434 27.6773296498 27.8653776193 28.1129134694 27.8492538985 27.7256491159 27.8956031451 28.1480904308 28.196609395 27.992845854 27.7317750283 27.7168336888 28.066112559 27.7128030231 27.9376560774 27.6852518924 27.6211067424 28.1705815903 27.6836710011 27.8904425299 28.0173255367 28.1192640243 27.9010993502 27.891971437 27.8882796361 28.049305614 28.0567531107 28.1018811147 28.0807283974 27.8453001293 28.1740408879 28.0433365472 27.819612317 27.547813985 27.7943211537 28.027568382 28.161810033 27.5041956636 28.160739681 28.0753199251 27.6745111729 27.6239470452 27.9120262708 27.8086957694 28.0093041928 28.1101712814 27.9921545323 27.9202359711 27.5777163911 28.1302050099 27.6430169015 27.8817258467 27.6431315538 28.0349435418
27.6526113972 27.5199883476 27.7316058928 27.7690740854 27.6896488343 27.5006799598 27.9099953439 27.8252885256 28.1611349359 27.9175997058 28.0312421872 27.9972714751 27.6159323153 28.1528485217 28.1183163144 28.1276444315 27.7840680944 28.1796881012 27.9002544 27.5267681922 27.6089731054 27.7771268161 28.1965393414 27.6165768186 27.650728929 27.8083236875 28.0790270607 28.1609848831 27.9938055425 28.1868150241 27.6868110622 28.1431946476 28.0979224252 27.8381605529 28.053517095 28.0989289601 28.0337850163 27.5869368301 28.0120684292 27.8936063936 27.6709065758 28.149345628 28.107048422 28.0533694363 28.043069208 28.088428699 27.9583104633 27.5514633051 28.1814039743 27.5380864365 28.1514986874 28.0028478875 27.572523502 27.9358293571 27.8577365461 27.974899907 27.620408962
27.5451531508 28.0376811522 27.5131184697 27.5581991798 27.5158486571 27.966629225 27.8272544042 27.9881767927 27.94012782 27.982890851 27.8160294292 27.6268657362 27.9972859262 28.1824827236 27.5370470701 28.0507971774 27.6758067064 27.9456249168 27.8685469306 27.6272506338 27.9421321182 27.963247289 28.091264738 27.9269282332 28.1696588267 27.7002158132 27.5498955322 27.7821075687 27.9630414381 28.0895285848 27.5665203298 27.7382162389 27.6234511894 28.0158083822 27.815718499 27.6958911087 27.5829070034 27.8840044519 28.0089848711 27.5477391634 27.8818770385 28.0539761403 28.1931706028 27.9499007535 27.60499128 27.5782309933 28.1083143974 27.5083066875 28.1324192861 28.1610513417 27.788379515 27.5354803884 27.5650258232 28.0368189438 28.0195589073 27.6517705135 27.5443409372
27.6694594541 27.9032824805 27.6724151872 28.2039587166 27.7636460563 27.9385139974 27.6064990524 27.6725079756 27.6061322484 27.8977356358 28.0426069252 27.8278996614 27.9231071997 27.8917005331 27.6779633682 28.1032760881 27.8935799628 27.6232352268 27.7141889991 27.9523846773 27.5568560699 28.0047408718 27.5617455107 27.6520313478 27.9699181773 28.1686284552 27.8632409945 28.0631209322 27.5865862165 27.9772001234 27.9578809981 28.045819369 27.6354723212 28.0324504731 28.081852531 28.1585457931 28.0563524265 27.5876984194 27.8125621115 27.8079832363 27.6117981064 27.914993986 27.8211246424 27.8864917742 27.6249895481 27.7447252319 27.5611335741 27.6091896498 27.971076299 28.1537000374 27.7408715368 27.8955304278 28.1779348004 27.6146903257 28.0771965819 27.5179133781 28.0155675105
27.6168731056 28.0951684476 27.7258317308 27.7930690439 27.7867349268 27.5179449997 28.0153625303 28.1927120247 28.0393470316 27.9551620763 28.0271212109 27.6823530855 27.6848670515 27.7657633808 27.9620848132 27.8156691354 27.5703500422 27.982336307 27.9867273737 27.5053543754 27.7491071284 28.0498705919 28.1203664968 27.7419620935 28.0995612647 27.9986510065 27.6599294252 27.72584465 27.5556739225 28.0896578843 27.603399725 28.1309549845 27.8720100591 27.5767469372 27.6052236863 28.1441270441 27.7976706376 27.9456230858 27.5382251406 27.6245504148 28.1709225018 27.5443302584 27.7239969782 27.6483400882 27.9388829237 28.1935172565 28.122751436 28.1828257148 27.7893815464 27.9791855024 27.6438675627 27.745412075 27.9378734222 28.1769256455 27.765560314 27.521096654 27.847692588
27.904471563 27.8458773999 27.5236140081 27.5410963746 28.0328259006 27.6823266045 27.8881996658 27.7688473435 27.8416494976 27.6196978533 28.1692949836 27.8567857053 27.8793696823 28.1765247644 27.6871523116 28.0242954903 27.82247566 28.1575050336 27.822327752 27.778916658 27.7310452406 27.9215839016 28.1727055272 27.6810309857 28.1562007405 28.0176066162 27.7667108057 28.0862879295 28.0048179912 27.5120637851 27.6462861207 28.0629260384 28.1740486365 28.1664466889 28.1023505413 27.9320935098 27.7508002638 27.8649541217 28.0013339088 28.1143875654 28.0056196779 27.7560900109 27.9689283195 27.764151879 28.0653036393 27.61630813 28.1461318052 27.6424597885 27.535725307 27.6776009891 27.6938863781 27.73002968 28.1334828925 27.964403546 27.5299676072 27.8337316742 28.0722600375
28.1084178855 28.0342674822 27.686991777 27.9243624508 28.1539076298 27.8598516428 27.5473581355 27.6240835246 27.9230824487 27.6001798388 27.6675054511 27.7688028036 27.6837565933 27.5154109979 27.8780755935 28.1842614758 27.9994466524 28.0831468888 28.093929347 27.9782895965 28.0302421101 27.9370164011 27.8839164009 27.8146682446 28.1476618465 27.7106441799 27.6393432406 27.5183346315 27.9176379087 27.5680118859 27.9750294063 28.0059302115 27.7978207189 28.1806632226 27.7159397529 27.9748484965 28.1833624939 27.5187006592 27.783786116 27.5041136028 27.7269948683 27.5074582542 27.7032752868 27.7001635471 27.8561726291 27.6646081038 27.6050338631 28.0235640341 27.6645813003 27.7114991848 27.7058357206 27.5949133738 27.778083116 27.5332450947 28.0599244606 27.9158669726 27.6296689816
28.0768878619 28.0156221719 28.1909727134 28.1943771078 27.964320029 27.6733715234 27.5766841968 28.0238898341 27.7546920412 27.9325824267 28.0543583296 27.7604070195 27.949284312 27.8750300272 28.0725109333 27.8226596813 27.7283468268 27.7849004654 27.7089624708 27.9626146141 28.0912105934 27.8495923118 27.9972078046 27.6394042772 27.6758337552 27.7338794705 27.7539782788 27.6451925788 27.5594834762 27.8886885328 27.7750045429 27.8073980413 27.5083131356 28.0183551044 28.0836155356 28.0536422247 28.1117118373 27.5095784779 27.624004071 27.6490856918 27.5373884741 27.7633837599 27.5149751772 27.7954640393 28.0055787092 27.6503577741 27.7011150569 28.0198816569 27.946861704 27.8809332522 27.9257697819 27.6619252856 27.6280496441 28.1723679155 27.9172191634 27.8823612282 27.7953074529
28.1440878191 27.7969306258 28.078024242 28.1772920983 27.5568022612 27.7780697614 27.687734423 27.8355557508 27.5338190705 27.8423725675 28.1542514729 28.1486449835 27.7097678808 27.774794849 28.1244863316 27.6237288984 27.8253124418 27.9246892239 27.8303991715 28.1592314649 27.8557946538 27.6331758168 27.9242475039 28.0895802354 28.1450278917 27.9637272461 27.6755017315 27.7083871923 27.7343593243 28.1453185546 27.7494614492 28.0205103862 27.7772392487 27.5327847023 27.5933772217 28.2010677056 27.589077415 27.9951710085 27.8751750044 27.8109253198 27.983259236 27.830219043 28.0629350621 27.6605277639 27.6222017379 27.6366160879 27.6095206947 27.6588278163 27.7048901176 28.078813315 28.0800901702 27.6297918476 27.7902955255 27.8518500291 27.6307871764 27.757970975 27.8067192192
27.6795310677 27.8425050972 27.622557797 27.7112845582 28.0077565543 27.5413209771 28.0409374178 27.6621754071 27.9071242122 27.7715010122 27.8590404025 27.8365085897 28.048916384 27.9643799348 28.0549343833 28.1604526041 27.7043230075 27.6276957939 28.1727494439 27.9877802938 27.7606875273 27.5593959639 28.121476714 28.1145007319 27.8147060865 27.9336772634 27.9318387209 28.0179655531 28.0221467815 28.1884930529 27.8830398742 27.7165622326 28.1013712956 28.1370248358 28.1964246187 27.8106336016 28.1817149837 28.1046583192 27.5371628165 27.634754833 28.1765473565 27.5673835591 27.8208211744 28.1013499349 27.9741275863 27.7248137756 27.5863770547 27.5692670253 27.9147060868 27.8353870685 27.7800322402 27.676559612 27.7814333891 27.6335769821 27.6601731217 27.6081196808 27.6207367933
28.0550212107 27.6001881245 27.6929743401 27.8850182425 27.5221396688 27.664044831 27.7514427968 27.8168001528 27.9180117051 28.0602960194 27.9350765251 27.9469703216 27.5607329242 28.0491123385 27.5735760268 27.6155725264 28.0765968 27.7247779041 28.0751632484 27.9401043991 27.6054987861 27.7193619686 27.5878632792 27.8132991656 28.0211046268 27.6801719329 27.6974697564 27.9904459458 27.5452808987 27.8855804603 28.1830741832 27.9649185982 27.5116422149 27.7955257237 28.0674646818 27.8862762526 27.540092287 27.7492624351 27.5249497332 28.0096251789 28.1841908489 28.0082418822 28.0301583786 27.9700352889 28.1947695867 28.0170103456 28.1019778031 27.9064096606 27.6661204172 27.6047717106 27.5580400785 27.6219060968 27.531022363 28.1090026907 28.0145013296 27.6200996179 27.8654238011
28.1751015585 28.153786847 28.0218355653 28.1638692463 27.9800129502 28.0648518985 27.7341180043 27.5725433681 28.1061604688 27.8643007231 27.6082161151 27.9123789746 28.1623238501 27.511228357 27.5961133602 27.7063571143 27.8618075053 27.9268462357 27.5647718776 27.894129533 27.6305194399 27.8609623212 27.5286329474 27.9703189306 27.9648843123 27.9794412423 27.9206020366 27.8931113438 27.8573464926 27.9725827156 27.8920634718 27.60876525 28.0054694621 27.5199407305 27.8615566504 27.8008619181 27.9355575063 28.0476572142 27.9929615099 28.1365349228 27.759311635 27.9099825305 28.2010101557 27.6327568181 28.1739329085 28.0514545865 27.5739047899 27.8869066281 28.0257265965 28.1908619095 28.0986602993 28.2000576127 27.9515726472 27.6549256101 28.15465645 27.501779632 27.5902063928
28.003449991 27.7608908747 28.0945698641 27.6168468203 27.5926569548 28.0770165911 28.1227327437 27.7485109739 28.1976966555 28.1247540215 27.601219223 28.0749584323 27.6443217192 27.7548495955 28.1694359583 27.617592009 27.9832956242 27.790312096 28.0417745227 27.7476340039 27.9311658421 27.755986457 27.6909488987 27.9814765209 27.7129273249 27.6144974517 28.1906067658 27.7819007122 27.6270281526 27.6040484172 27.8468406185 27.7064393075 27.5311673797 27.7001573103 27.8457395809 27.7547844493 27.8583327248 27.6196638483 27.6340387597 27.529318398 27.8337341481 28.0829924794 27.8437520072 27.7414341801 28.0381872675 28.1889384606 28.0428471914 27.5807993596 27.7808417506 27.6312409532 28.197648094 27.5803435995 27.5152071553 28.0979010833 28.1216488115 28.1749571312 27.5540950466
27.6155798426 27.5077982526 27.6908500008 28.2039813725 28.0766100192 28.0018145637 28.0181421912 28.1078146614 28.171655809 27.6624161451 28.1572914623 27.8214504961 28.0839358684 27.7039855464 28.0193559473 27.8094239538 27.5793624238 27.8270579547 28.1071506315 27.6381079145 27.7479840534 27.7858973669 27.8154663023 27.5082480287 27.8679086292 27.9405328054 28.0987545156 28.1718410016 27.6525063816 28.2063161393 28.1793613866 27.7907942526 27.9195904412 27.6805354204 28.0230137162 27.9011420858 27.5448328223 27.5232304515 28.0473125699 28.1404592949 28.081979286 28.0895144979 27.8142482308 27.8126530972 27.9985689831 27.9604857604 27.9239568243 27.7671185106 27.5791468338 28.1486332442 28.1099198374 27.7707144921 27.7754327551 28.0776104661 27.879607941 28.070216744 27.655593754
28.0409345234 28.0593237979 27.9847375506 27.8721946735 27.5863029133 27.6474228116 28.037605533 27.6715157886 27.920779951 27.8205371753 27.5574414344 27.6599734384 28.0182047811 27.6136255412 27.5316204048 27.6857477067 28.1403590953 27.8285721234 27.7097181279 27.5614762808 27.7034864218 27.5628018413 28.0654117075 28.1764825214 27.7568806882 28.1146100423 28.155410693 27.7305953725 28.1570043406 27.549066632 28.0990605695 27.8386884008 27.6137658024 27.8069486301 27.6406413849 28.1906229473 27.952159232 27.5630742921 27.6583036864 27.9843702336 27.9387126557 28.1531973103 27.6189620887 28.0961654682 28.0276852626 27.6962148215 27.6011624649 28.0727601792 27.7555256718 28.0559436404 27.8246025229 27.6765076889 27.6427074576 27.5000710911 27.5005525278 28.0891908837 27.8995691468
27.5208188724 27.9126864083 28.0500851346 27.5645575167 28.0004773403 28.1894495542 28.1108931248 27.8267219063 27.7951451812 27.9287979451 27.8578886123 27.6323043911 27.7376103117 27.955418303 28.0494308069 28.0271657498 27.7357645831 27.7615684574 27.6918042286 27.710412285 27.6406081812 27.909808818 27.5189729865 27.7842313064 28.0220542261 27.9773345931 28.0099131004 27.8779923091 28.1602048256 28.2044114914 28.0128655044 27.6964916863 27.5089667056 27.9425583547 27.8673786616 27.9717070283 27.8735044612 27.719052275 28.1018183315 28.1155979363 28.0374982729 27.7963071525 27.9969284563 28.0956938863 28.060128223 27.7692197006 27.7194002262 27.7357008682 27.9228088774 27.8029699718 28.0868218093 27.8204307216 27.5725701459 27.8036557138 27.8484001583 27.9830773039 27.9636441054
27.6832579333 28.1010886847 28.0877622683 27.8514153433 27.9876801163 27.8917238737 27.8702219482 27.9153939837 27.7954002733 27.7496929745 27.862192142 28.150517132 28.2028239545 27.9581361553 28.0194349894 27.5618741442 27.6142459488 27.8167283365 27.9934430893 28.0304944799 27.8224987377 27.9793136589 27.5723046195 27.9906554935 27.9163043538 27.5774542018 27.9066047375 27.5383067099 28.0577743172 27.8072121 27.6978427283 27.8501381491 27.5913975058 27.7281976738 27.8175458074 27.6303962811 28.1633721161 28.0751368054 27.7521775069 28.0402552384 27.7996629487 28.0634457956 28.1468169545 27.5730461636 27.6562246081 27.593178519 28.0335343254 27.5111429355 28.0465492636 28.1914941774 27.9820630098 27.9944931953 28.1857085932 28.1348269206 28.0172092074 27.6611653556 28.1518001271
28.0441600629 27.5077508518 27.7674457783 27.9125294908 28.0179020582 27.5552659908 27.9811980584 28.0488847191 28.137407522 27.6524728279 28.19273307 27.9569372262 28.0748157986 27.8550754771 27.965839176 27.6455509031 27.9685460048 27.801893418 27.8962338682 27.9032375367 27.8761384199 27.6291967151 27.6366583258 28.1240802821 27.9969164392 28.0625979009 27.5030683323 27.956807302 28.1626838762 27.5071472406 28.1802125385 27.7991427649 28.0148710708 27.9382718782 28.0576407719 28.1438981809 27.679007009 27.9849944471 27.8169492395 28.0334126267 27.9741064971 28.127051343 27.6507987185 27.9780519728 27.9860618904 27.8472073455 27.854941925 27.6780495245 28.095971838 27.8370317898 28.1868401704 27.6906420262 27.6017423372 27.5666077638 27.8204270292 27.8744226139 27.6122729567
27.8533795303 28.1891429877 27.8648325726 27.8310316597 27.7311446906 27.915892441 28.0726411391 27.7074790344 27.9300405809 27.9088683329 27.7926288441 27.6046501038 28.1697888885 27.8408321385 27.5293433835 27.9908403392 27.7035630166 27.5145876911 28.0688814011 27.5917888698 27.5465291405 27.8517122321 28.1675183576 28.1231851763 28.0738357263 28.1483629881 27.5058021046 27.8276677488 28.0858023003 27.6115840149 27.7671725699 28.0698123402 27.913182696 27.8315539782 27.797205525 28.0825342028 28.1776571427 27.746317385 27.6708361979 27.9695167029 28.1085772941 27.5013622981 27.7720610804 28.129820307 28.0548392057 27.5752745039 28.0639996604 27.5719256062 27.5047293044 27.7043043257 27.9118818319 27.7502298957 27.8120967551 27.653201349 27.8209928152 27.644217162 27.6610979313
27.8571070995 27.6551888384 27.5731580476 28.0425909204 27.658293823 27.7087922922 28.1840889858 27.5324759832 28.1916656981 27.9410032888 27.568236847 27.6373886454 28.1916039297 28.0884697886 28.1241876698 27.8365295725 27.5052421247 28.052932649 27.998705577 27.7730299735 27.9113782153 28.0134947316 27.8869290742 27.9912715017 27.8044136633 27.5816792661 27.7670126135 27.5273976641 27.7134656941 28.1679712604 27.6645743389 27.8397295655 27.8676781867 28.1643755297 27.7016388651 27.9346403154 27.5274749417 27.8075331877 27.8176715438 28.1127842458 28.124027291 27.6380858296 27.8692303092 28.0764155856 28.0078503464 28.1779547364 27.9067958656 27.6988306455 27.9242770873 27.5258414436 28.0244668056 27.9680201979 28.0544329779 27.893938109 27.5026638449 28.0677841789 27.7916000481
28.0855342141 27.7944807497 27.7677454771 27.8994353883 27.5079902208 27.6173947636 27.9567569238 27.9673290453 27.7615068411 27.8420644147 27.7424510582 27.7087184488 27.9401893273 28.0756452812 28.1951086125 27.9011660163 27.6375729198 27.7063247288 27.5833989709 28.199519832 27.7930601136 28.0247807351 28.1410697125 27.7154085848 27.5130725512 28.151443353 27.656023141 28.1259850215 27.7464404052 28.0611005668 27.6597317679 27.5826676951 27.7238441025 27.6247380941 28.1493933686 27.7280947951 28.0183026339 27.6165751691 27.5483356738 27.7779642209 27.6485811347 27.6087195502 27.9533986042 27.8072640466 28.1401644301 28.1644857766 28.0400504856 27.8411891587 27.621511524 27.8343823523 27.5689449302 27.7308939629 27.6873544766 27.614680986 27.9668664348 27.8305988984 27.8718158969
27.9510312357 27.9785626045 27.8260514254 27.6987104525 28.121374702 27.5751655113 27.9693503463 28.1511836572 27.7689761452 28.0108221935 28.0171974121 27.9361302473 28.127703335 28.0787606248 28.0973464946 27.5303798824 27.5862340447 28.002061086 28.2041997749 27.9269092681 27.7588344153 28.1277700471 28.0901926263 28.0263054064 28.1719614101 27.9315230873 27.6755499669 27.5274869548 28.0790665102 27.526432679 28.1986697431 27.7814175331 27.5442903565 27.6185925698 27.80172725 27.5974645789 28.0406395003 27.5331468397 27.84908881 28.1811802558 28.0107312832 27.5451637384 28.0528053505 27.6878611279 28.050989233 27.5532127049 27.9509252838 27.8111944199 27.6415081587 27.9996917665 28.0302404873 28.0085084697 27.9114190768 27.5041271168 27.580784584 27.689664239 27.6711959276
27.6169871619 28.0680658408 27.6924126917 27.8431311557 27.6533813166 28.1387459896 28.080800766 27.5657641761 27.6875903862 27.6244800749 27.6782040193 27.6458293635 27.7774148513 27.9457994342 28.1566814835 27.9681164992 27.5122369513 28.166463584 27.7305823725 28.1946380951 27.5893482129 28.0640072987 27.6021689559 27.7812385305 28.0888422 27.8953439956 27.7877868718 27.8693455661 27.7697048983 27.8296626 27.7186531249 27.8452105616 27.7612258918 27.5117180217 28.0418742114 28.1758445283 27.7857400429 27.9740522431 28.1200261572 28.1806392146 28.1067706453 27.8278682945 28.0815044569 27.6110969547 27.8402328184 28.076503514 27.9243612085 27.6602247695 27.5779342709 27.6621122499 27.8756272699 27.8962793584 27.7721530278 27.6771419177 27.5753779952 28.1079638671 27.7000780506
27.9230776703 27.8651437718 27.6084104033 27.831677112 27.8102025783 28.1151714362 27.7975364377 27.5748873389 28.1198395724 27.5644010138 28.1630231105 27.7565132501 27.7873799422 28.0260318361 27.9915959508 28.2068562678 27.9033690688 28.1213496022 27.5774309189 27.7333936246 27.5685287339 28.0410928809 28.0450483883 27.576598381 27.6697538076 27.9244265123 27.9841187004 28.1750002629 27.7566560625 28.0316981409 27.6812483743 28.1227166373 27.8176044323 28.0233888055 27.5796630767 27.6543365514 28.0025498173 27.7775408648 27.9173600743 27.9673083537 27.7365222066 28.0098261522 27.6650385721 27.8448669871 27.7758329619 27.7815736614 28.0177991155 28.1242601534 28.1530735671 27.8289430525 27.8354528656 28.1938229661 27.834912471 28.037461158 28.1586982189 27.6236633724 27.6514060678
