Spatial_Output/DEC/DEC_0174.asc
NCOLS 155
NROWS 192
XLLCORNER 196307.867259
YLLCORNER 449144.565805
CELLSIZE 33.573938
NODATA_VALUE NaN
[rows 26 to 51 of 192, columns 57 to 113 of 155]
44.5386692548 44.7954684931 45.1246485578 44.7613191881 45.0534462107 45.0554890497 44.6030837351 44.726919052 44.6392769174 44.9715216362 44.6861953528 44.8800531409 44.7677968034 45.1606293075 44.7660268509 44.6976431957 44.6750573734 44.7850132493 44.8245578821 45.0456201765 44.7302708146 44.6323479535 44.9971447078 44.8801363673 45.1722481134 45.1444716668 0 0 0 0 0 44.9639116809 44.5027758947 44.881418109 44.5836586839 44.5195473379 0 0 0 0 44.5240078434 44.6986570565 45.1170202786 44.9423404714 45.1255617321 44.7500999606 44.6684032609 44.6791024752 44.6905064847 44.6142714225 44.8314443119 44.6856656463 44.6853190502 44.9548926923 44.7673798808 44.7178865194 45.0230450202
44.594437559 44.7549899899 44.5749070081 44.6395837246 44.5414398484 45.1728000783 44.6754993261 44.6587089842 44.5833835734 44.784971163 44.9921928248 44.7869906016 45.0244493692 44.6157820827 44.9770144053 44.8332428818 44.7910882417 44.7212740624 44.5149902948 44.5997145355 44.6925458634 44.8084837035 44.5030722024 44.6117660669 45.0786650714 45.0776965213 44.954709516 45.0709430765 44.6145515167 44.9958014276 44.8145926222 45.0170494813 45.1493570801 45.0750223017 44.5016008267 45.1122317385 44.9766183867 44.7122039164 0 44.5562718747 45.0410063851 44.7030507885 45.0172460143 44.6892535959 45.0515301726 45.0579921561 45.1509283992 44.8912802752 44.8872075459 45.0051426888 44.9476743959 44.9787296438 44.6495520543 44.5258430636 44.5278107654 44.6337958237 44.6084131251
44.5179384108 44.9516426466 44.528683152 44.7993701109 44.9917112809 45.0183170958 44.7595075745 44.9162429075 44.7658969526 44.97574172 44.978487885 44.5224636346 45.095344254 44.7123567829 44.7559688274 44.9726787306 45.1254595207 45.0339694937 44.5308909724 44.691887409 44.7557404605 44.7384718491 44.6613331182 44.8995342547 44.9831009802 44.8649368562 45.1183996144 45.0072685702 44.9457239748 44.9104188289 45.0676507757 44.5899527231 45.1882566956 44.5434593507 44.7236094457 45.0347748979 44.8192753251 45.1669714003 44.8104395597 44.8803559541 44.6325282042 44.6743050713 44.7928613519 45.1941377979 44.618972333 44.583458098 44.9895703426 44.5621927727 44.8390686097 44.8147348459 44.8592307082 44.8637769429 45.1396162021 44.7705148261 45.1758763268 44.5372559187 44.8149040387
44.7538533276 44.8605479446 45.1258675771 45.1770038095 45.0419790049 44.8179378565 44.812053666 44.9321901264 44.8309400571 44.7853076187 44.5233955719 45.0760818696 44.729641062 44.6284583019 44.8495127401 44.6831942874 45.0993599685 44.8747016258 44.9043525603 44.888408665 45.0584073792 45.0086471765 44.7155139491 45.0285524255 44.8142712216 44.8068435501 45.1258520693 45.0136555567 45.1942263929 44.8829212228 44.5181537012 44.6086957289 45.0893312339 44.7449242902 44.7299939221 44.6943144745 44.9244663662 44.7855557399 44.8856349395 45.0184091233 44.6675901497 44.6671005247 44.6402769118 44.9224334748 44.5784335972 44.9699574258 44.5056202865 44.8080218737 45.1611001277 44.750692368 44.8875902899 45.1061990344 44.9680549278 45.1582229456 44.8779521557 44.6357308927 44.595195954
45.014676363 44.9186564667 45.0110034374 44.7624677711 44.6238269678 45.019001234 45.0288878979 44.8302880925 44.5883609759 45.0792093692 44.8318932873 45.0456020106 45.2003928619 45.0976680401 44.6938895692 44.5131065977 44.8433760285 44.8397746955 44.9310953775 45.069308155 44.9789124653 45.204648311 44.5866726472 44.5495491685 44.5966202568 44.8796924272 45.0510325947 45.1460088808 45.0855728389 44.7348091691 45.0089217366 44.7087043423 45.1155024959 45.0591336703 44.6065691624 45.1020319793 44.9346839089 45.0864610964 45.1508766859 45.0703490646 44.6806715859 45.1233680938 44.9038247259 44.522376503 45.1564101431 44.8556565904 45.1795622959 44.8517589542 44.8717920786 45.0982852407 44.5842572404 45.0920407588 45.0440387758 44.6576526294 45.1306951489 44.5525498879 45.0733623133
44.6799587307 44.6918217324 45.040870032 45.0982306884 44.8919329674 44.8997261656 45.0816981018 44.8658258684 44.8607724283 45.1546108054 44.791213514 44.9752547711 45.0007453457 45.1499506803 44.7603934919 44.8182633661 44.8206464038 44.7804278005 44.5891866837 44.670866872 44.9621958591 44.8100707181 45.0970170096 44.7047849585 44.8968010569 45.0030835109 44.722129569 45.1487644356 45.0414118764 44.6678686346 44.7885217964 44.9552619692 44.7831260323 44.8267431392 44.9497763496 44.7224569486 44.7214036221 44.5761883232 45.147180005 44.8016253639 44.6403028655 44.611204199 44.9732684116 44.8984662604 44.6728608757 44.5254742638 44.9460771617 44.6773429718 45.0976804838 44.6964937947 45.0349811749 44.5073364899 44.5231070857 44.5183149467 44.8661220002 44.9733130142 45.1470567902
44.5983116916 44.8965852556 44.7096352332 44.9182152046 44.7560913512 44.6013693102 45.0989410918 44.5684604882 44.7022103324 45.1786586791 44.6706149895 44.7941276649 45.0736795298 44.9183047688 45.0192189129 44.7623718824 44.5954813712 44.9938502905 45.1809480571 45.0751963406 45.1006240623 44.9021589719 44.6988033285 44.7767541979 44.7681409936 44.6712077393 44.9761574135 44.6531478494 44.9086182737 44.862710514 44.5556034321 45.1866597071 44.5047984954 44.9568921362 45.1715944189 44.9277933707 44.938895427 44.5326430312 44.5005300018 44.7097262939 44.7323538987 44.6993423466 45.1125016479 44.5123504653 44.9220507895 45.1067080419 44.5596593276 45.1512470953 44.931921534 44.9580679958 44.8891772835 44.7125594193 45.2036147721 44.9229922722 45.0365420681 44.9790425803 44.9231236339
44.8743608784 44.9845196726 45.0315261375 44.6370314622 44.5102102259 44.8546037105 44.5430582014 44.5944821294 45.0607146259 44.9387181767 44.5530606946 45.121973734 44.8375894509 45.1674847005 44.5016485818 44.7205029759 44.5243851083 44.6541453715 44.7466694116 44.6409945221 44.8756021832 44.6822784337 45.0296113318 44.9370215734 44.9055316892 44.730977863 44.8481618707 44.9488136453 44.5230838715 44.5311361729 45.1240854207 44.5188385808 44.8920368962 44.7433355989 44.5180153841 44.7728853375 44.6331462729 44.9445141709 44.9276204214 45.1573344648 45.1381696199 45.1365529411 45.0536447713 44.5035085547 44.8423641799 44.576962842 44.9743223252 44.8520116907 44.6438526331 45.1449742698 45.048653111 44.8345527467 45.0284505533 44.8715108605 44.5386998436 44.9655417139 44.7783410012
44.7880697221 45.0404870123 44.6846278662 44.6866627191 44.5176736625 44.564006285 44.9203596198 44.5098015226 45.0062224378 45.0009609262 44.9833677523 45.0178991078 44.9248590305 44.8997595582 44.7138132802 44.9542451009 44.8067153406 44.7467228614 44.9923710193 44.5682545214 45.2026086917 44.8355300617 44.7207317121 44.788787984 44.8147059061 45.1200098916 44.9134941341 44.8158236581 45.0448814814 44.6523140153 45.0774336219 44.7732306916 44.770553876 44.8854292021 44.7968098943 44.5530904745 44.7423116292 44.6766977149 44.6423631155 44.7995154448 44.7321003007 44.8598160963 44.7349496987 44.8383814149 45.0910542229 44.606735354 44.5561198823 44.7137397266 45.063535577 45.1882601766 44.6867753352 44.5141948305 44.7393492098 45.0814138156 45.194250248 44.940453515 44.5288746387
45.1133367601 44.6985845163 44.5034941743 44.8734861429 45.0986675144 44.5870850158 45.1161792981 44.8981715754 44.9946963332 45.0857707237 44.8591880581 44.9117906242 44.9088068563 44.9121689481 44.5946688601 45.0255412204 45.1994492314 45.1877923052 44.9253469151 44.8099281063 44.6051646677 44.8935999926 44.7658338108 45.1517176217 44.9307458023 44.8406072004 44.5411359282 44.7357560745 44.6605352544 44.6522398875 45.0011130677 44.7865940236 44.6552814847 44.8711575621 44.6941779854 44.9761139874 44.8213177736 44.9701498124 45.1821914402 45.0661082396 44.5945401399 45.0531577668 45.0253266656 45.2030148046 45.2064437476 44.8787548301 44.5457023132 44.8948064932 44.9237811145 45.015322636 44.7388776116 44.9154400742 44.5171574084 44.8734342254 44.708568305 44.8694417953 44.6289712582
44.8031393698 44.845358044 44.9537285892 44.601272214 44.6154632408 45.0205513117 44.561407206 45.13238341 44.9140135652 44.5339241016 45.0690356006 44.9257840865 45.1072747496 45.1055167211 44.6471873163 45.0234114453 45.0517164261 44.5254843089 44.9460712923 44.8927080645 45.068778009 44.6661363485 45.104426735 44.6023571325 44.920158104 45.1511600682 45.1905800824 44.736976041 45.1291217701 44.9460406019 45.1951263721 44.5296872589 44.7868099779 44.5972243554 45.2070547333 44.8848181133 44.9594825229 44.7944621568 44.8310715973 44.9182691481 45.0616441749 44.8759939074 44.5642375493 45.1467071881 44.8814039977 45.1526846951 44.7213362738 44.6225754157 44.7143479207 45.0868475128 45.1387140628 44.5770285713 44.7853335939 44.8506077996 44.6943029924 45.087993731 44.954558417
44.6255637598 45.0700653395 44.8748101389 45.0893977158 44.71798082 44.9382797496 44.6823576885 44.5935880577 44.9327232946 44.6216808999 44.9341158943 44.9524605807 45.0679242055 45.0719463688 44.8850862478 45.1571351354 45.1389218098 44.8729026795 44.5448055382 44.7877240095 45.1794791912 44.8493091737 44.6670617289 44.9060731742 44.5677200977 44.9331585205 44.8204269499 44.9252902012 44.752461424 45.1804857839 44.6628529982 44.5054212044 45.2016993848 45.0790766037 45.1616398177 44.6859154956 44.7901344846 45.0300219397 44.5769883689 45.2024566524 44.9557429747 45.1328102517 44.6261885482 44.5251045509 44.5514679825 44.8883192154 45.1559163194 44.9129425025 45.0117318825 45.169684142 45.0010116174 45.1036817305 44.5755859977 44.8608038525 44.6718349725 44.9237407727 44.6456700494
45.0372525522 44.5439193978 44.7253038959 45.080547568 44.6090948562 44.553250658 44.7358089464 44.5610288715 44.5961133597 45.1938677453 44.6685901765 44.7165913965 44.63098403 45.1733508551 44.9090599869 44.8528397007 44.6004753407 44.9689655449 44.7581882195 45.1236294459 45.0094172532 44.608821869 44.5672989505 45.1718761403 44.9077442059 44.7397795867 44.7720349131 44.8369511122 44.9182320104 44.5200990886 44.6478372844 45.1901156727 44.8274682269 44.9641384669 45.1071519638 45.1313955199 45.0362330103 45.0906716241 44.6215704194 44.5624575336 44.7631072077 44.8145478481 45.0794973399 44.5211395341 44.8600673546 44.8240632055 44.5564943793 44.9655774211 45.0661949864 44.6031173045 44.5858287057 45.1442943425 44.7237635209 44.9482931995 45.0391082081 44.7212314825 44.8817277855
44.5104257013 45.0984032405 44.9358183704 44.798727615 44.5114937029 44.5348338336 44.9964946147 45.0920277585 45.0015052755 44.5771984208 44.6144556136 44.5969468034 44.6165644676 44.6790914437 44.6473051567 44.722926198 44.9453186469 44.9849178515 44.7580094157 44.9599788613 44.610458692 44.7105990219 44.5997093349 44.6047467089 45.1116867063 44.8575021813 44.9545695408 45.0592665342 44.9067342899 45.0574956434 45.0022108942 44.5249355858 44.7296435799 44.5542262952 44.872766818 44.6116478373 44.5584242228 44.6784765469 44.5537218996 44.6497143167 44.5003853949 44.5729189006 44.5596216561 44.7554773937 44.8810904196 44.5833599748 44.7202341602 44.5558469035 44.9004282577 45.0073299375 44.6204286296 44.6352195891 44.7999108375 44.6741995152 45.0052875325 44.9824874825 44.94090247
45.0640908707 44.62952506 44.5362932558 44.6902768708 44.8836770559 44.5062234578 44.8378707616 44.6948670392 44.8866838474 45.0476574564 44.8685003109 44.603079791 45.172256517 45.1668350727 44.9678147637 44.8274619146 44.6260657882 44.7235008613 45.0876476093 44.815434252 44.9594080879 44.9764535458 45.1060062876 45.1105097333 45.1189333294 44.8927086697 45.0064039201 44.9979307317 44.5848938178 44.5648436466 44.6035197095 44.7143524895 44.9528744325 44.5022082676 44.5027691842 44.6446170125 44.641555239 44.6591396492 44.6678732506 44.5989384579 44.7641317876 45.1260681775 44.5412265483 44.5392447474 44.7471101999 44.6646527822 44.5629228746 44.769630072 44.7532063436 44.9968198614 44.9247682497 44.5781788972 45.1078445294 44.5439301251 45.1837317892 45.0399966129 45.1472153899
44.7800163272 45.1802398591 44.676705572 45.0103091589 44.7001996099 44.6663572194 45.0373313709 44.7534382822 44.5384655171 44.6743542075 44.8861907931 44.7340219339 45.0338864308 44.733414328 44.6973618559 45.1874829492 44.710945434 44.5658250925 45.1914875895 44.8389269504 45.1914964668 44.6918075464 45.1034405727 44.5858147926 44.5586929898 44.7362764601 45.0459735 44.7874863998 44.6465494462 45.2044073308 44.5822054533 44.546012542 44.8875396925 44.8366915529 44.515108094 44.7749431781 44.7124287979 44.7618377541 44.6490773069 45.1750851457 45.1974594807 44.8640720714 44.7723206349 45.0698737922 45.0154475507 44.8253308176 44.542180289 44.9360141914 44.8485108322 45.173181004 44.8329253171 45.0859402005 44.9902282478 44.640730438 45.1772368966 44.654444627 44.5608425861
44.9858843209 44.6660576767 44.6493499557 44.9742445748 44.9011726754 44.7649333407 44.6936592794 44.6909918006 44.6530062637 44.8512367377 44.8499084561 44.945055378 44.8446845076 44.9504312764 44.8699050915 44.9833719458 45.1057126281 44.8323264409 45.1155907281 44.7654424792 44.6627794002 44.8018037915 45.0403445564 44.9179337154 44.940748924 44.9061134782 44.9646401799 45.1743634499 45.0880042342 44.9464677522 44.9750963447 44.7765331137 45.0442019373 44.598041012 44.8892499517 44.7436110863 44.8736220549 44.782755216 44.7627299813 45.0310659254 44.5317380848 44.5722431546 45.1210003006 44.5027991274 44.5935280252 45.1264275125 44.7312131064 44.5656372716 44.5164671265 44.9929970085 45.1602847972 44.9631716838 44.9515760244 44.7347219575 44.9348124516 44.8473011587 44.9836857135
45.1307134582 45.149293654 44.8789664496 45.0319496739 44.6020659781 44.8600018791 45.1887778761 44.5967313059 44.7047638743 44.5207820094 44.9106775421 44.6022848112 45.0839602444 44.8069415454 44.7681624238 44.7374712964 44.6578657344 44.9416885358 44.7212390226 44.5547107912 44.5147790665 45.073834541 44.676857627 44.7070651541 44.8048802514 45.1323712825 44.9596250724 44.9136272499 45.1096170367 44.7877360206 45.0431076116 44.7090854876 44.6330709165 45.0837620635 45.0096947028 44.7617898728 44.5907462016 45.1594352758 45.0614417773 44.7816565089 44.6130425935 45.0946066438 44.5064513652 44.6336376676 44.7826693782 45.1889940769 45.0048702959 44.6078281184 44.6847961706 44.6583346851 44.947431931 44.6365086524 44.9034505224 44.5080941597 45.1114877723 44.896927572 44.9994501541
44.7067938706 44.7170357627 44.8912939249 44.6125934812 44.8815985204 44.7186667377 44.6273595673 44.5380098551 45.0880334514 44.7190929607 44.6456368719 44.8393333022 44.9894644682 44.9847693614 44.7876990872 44.6234432867 45.0475954284 44.6655299219 44.8247607443 45.1687077929 44.6131750672 44.6157955346 45.1289797606 44.9876041412 44.8688402442 44.7691243563 45.0894401635 45.0946258186 44.8947308836 44.9404721788 44.768558983 45.1680486072 45.0986847451 44.5874893635 45.1003212281 44.5319406114 45.0563747138 44.9969448073 44.8458443278 45.0947529949 44.5795335526 44.5298419174 45.0660659381 44.9377244847 44.8165932319 45.1658193873 44.5117776037 44.6101386058 45.1235834258 44.8024117892 45.0250710108 44.6828557852 45.0403352643 45.175499135 45.1713265592 44.694939071 45.0614743195
44.6427074489 44.5227834005 45.0437708618 45.1261336904 45.1928537892 45.1889403059 45.1647309285 45.1341045607 44.5985181996 44.5967001932 44.9501012062 45.1506428532 44.7000670142 44.9593034447 44.826572042 45.0537259433 44.7581069029 45.2051872369 45.0730633968 44.8003740152 45.0366830609 45.0238704183 44.533389623 44.6903298669 44.544113625 44.6865954136 45.151093761 44.9396069685 44.9445907426 44.8202545943 44.5786812332 45.1344699951 44.6031584192 45.0836603856 44.5853903544 44.8058696663 45.0665749819 44.7941510524 45.1908082879 44.599242185 44.9663336836 44.5969907978 44.797679579 44.8601390153 44.9422256519 44.6424943034 44.6627770662 44.9791651201 44.5639424353 44.7603173059 45.172417863 44.9523576433 44.6135752975 45.0324363238 44.5972239687 44.6218922508 44.9204345533
44.6871477255 44.7153058562 44.9707123523 44.7394474167 44.713305772 44.8251729578 44.9865628087 45.0580176099 44.795812108 44.8595126748 44.6426223972 45.1804111486 45.043325194 45.0838782984 45.1962655165 44.6288306944 44.6045064622 44.5843887266 44.8788420274 44.8154733595 44.9603271286 45.0113145357 45.0166197141 45.037965327 45.1544654539 44.8490016601 44.8755378879 45.1422167976 44.9364149293 44.6230183253 44.6164618849 44.9872783162 44.8464216921 44.8368405177 44.9815841403 44.7250937765 45.0310325278 44.5783376336 44.7443006725 44.8844638195 45.0404736585 44.6958745236 44.6086331433 44.7719577434 44.6463936755 45.102122726 45.1449508286 44.8406417494 44.7295072474 44.7433675461 44.9106607459 45.0374266382 45.0945863835 44.9991152805 44.6241879296 45.135262864 44.7427400895
44.6750528586 44.6287907164 44.5541323203 44.620902556 45.1639629096 44.9358014588 44.7393544693 45.0116700219 44.6056430969 44.7597424001 44.8564884827 44.5700068341 44.9085122098 45.0149082659 44.8658552951 44.6631400045 44.7872932667 44.7679665771 44.5013971223 44.9371918014 45.0362848842 44.6823618362 44.8727648958 44.6977830599 44.9465338948 45.1786659012 45.1175133254 44.6894675094 44.6904993671 44.7650280378 44.899293086 44.5084175328 44.5259245135 44.5494741464 44.7478028375 44.9569268316 44.7098284709 45.1253460824 44.7223580873 44.7680564925 44.9634395406 45.1520700752 44.8548612062 45.002850052 44.7668765211 45.0953142633 45.0495965831 45.0106824079 45.1941163669 45.1259030397 45.0660649958 44.6311779611 44.5279945153 45.0199984272 45.039503504 44.7502170852 44.7821466582
44.7089418814 44.5805220518 44.9031469222 44.5582374978 44.5312509825 45.131018364 44.8484214017 44.7572636314 45.0993930104 44.8744176954 44.560396135 44.910375818 44.9953978251 44.5169042183 45.0807255652 44.6047327292 44.7509470387 45.0254331714 44.7746821805 44.6747357222 44.9659103749 45.0515751063 45.1537061796 44.9386274672 44.6625501173 45.1595016816 45.1605507435 45.1176602138 44.645190399 45.0366003254 44.5719371448 44.7043345494 44.6929445709 45.0718549017 44.7059164209 44.6374101784 45.0645463616 44.6166160881 44.7917025525 44.7575233035 44.5083321601 44.9211927685 45.206481157 44.7079117037 45.156528369 44.9024275927 44.7605164731 45.0730005348 45.1060352174 45.095641419 44.9946202314 45.0794749586 45.186284777 44.9226048268 44.5061407914 70.2096879572 70.247791528
44.8508392903 44.9113161837 44.7492299068 44.9257726793 44.6054783016 44.8439221783 44.7299717345 44.7292410274 44.9962290786 45.1915186839 45.1451294299 45.1674978438 44.8186810743 44.9970034569 45.0000535255 44.7304843818 45.1252673584 45.0843666394 44.5008424388 45.1624396109 44.5161758137 45.0376254247 44.8846259114 45.064283837 44.9489107571 44.66141277 44.8065662542 44.7422051646 44.9381159602 45.1693507672 44.8344700573 45.1159990968 45.1781426915 44.7129064328 45.1332832514 44.7544075807 44.8228985646 44.9347773292 44.5674317302 44.7069831217 45.0354249369 45.0270916027 44.713386 44.6774612739 45.1328324577 44.8037564766 44.5398494089 44.6859633174 44.7272108578 44.9251699189 45.2018795037 44.8930161272 44.9897783333 44.5322337915 45.1365384088 70.9912795811 59.7980476983
44.8144155879 44.6611123668 45.1298316018 45.1101257456 44.9318990325 44.7727443589 44.7965150662 45.0185345447 44.7703594177 44.8192818168 44.8596567003 44.7338333415 44.9685252704 44.5327341721 44.9059821773 44.5697603863 45.1504998959 44.5199399708 44.587106098 45.0614952478 45.0781076347 44.7422641544 45.0238668112 44.8048460532 44.6786780643 44.9653231335 44.5773111149 44.9862348312 44.903787144 45.1014750531 44.7450871443 44.75243354 44.5149291925 44.7264064429 44.521291672 44.6764460489 45.1390345425 45.0680615892 45.1250274939 45.0718482088 44.6342611443 45.071470631 44.8928554302 44.5494537758 45.0217393956 45.1073951686 44.5234276733 44.7711379856 44.5219996782 44.609154033 45.0786660799 44.7277617604 44.6376729575 44.6945300143 44.9778041657 60.8727957887 60.1961218615
45.0347898952 45.1877176155 44.658167451 45.1186973746 44.6455079911 44.9742060356 44.5770277797 44.7678715421 44.5444976681 44.6762361703 45.0943920529 44.7677089784 44.8033160685 44.9195021829 44.9387266284 44.8346985377 44.6968129165 44.8587264196 45.150929423 44.9115113179 44.518047802 44.6621382051 44.5980259139 44.7699303859 45.1629467345 44.7354166974 45.044699253 44.913715577 44.5512269859 44.7047427178 45.1159014011 44.8976267837 45.0478340835 44.9317025757 44.7166791586 44.5109497613 45.1175144359 45.0062105094 44.8563697378 45.0084058909 45.0865707272 44.7003918244 44.5790593986 44.5662431775 44.5811657645 44.7859029241 45.1674467994 45.0506221998 44.8055332681 44.7393405227 44.8900001908 44.8984426246 45.1059889155 44.8464925458 44.7044062509 44.9682250318 44.9057270891
