Spatial_Output/DEC/DEC_0166.asc
NCOLS 155
NROWS 192
XLLCORNER 196307.867259
YLLCORNER 449144.565805
CELLSIZE 33.573938
NODATA_VALUE NaN
[rows 26 to 51 of 192, columns 0 to 56 of 155]
0 0 0 0 0 0 0 0 0 0 0 0 0 0 0 0 0 0 0 0 0 45.0701229551 44.5982500664 44.5915122202 45.0719382554 44.5783073943 44.8040601225 44.7871191778 44.9743904866 44.5725496856 44.5967402531 44.9900168722 44.8831452528 44.8142865812 45.1239837122 44.564515477 44.7843134297 44.9316546101 45.1569096781 44.6834212612 44.6997956671 44.8151377092 44.6577045447 44.8661324114 45.1885430603 44.607413515 44.9038240194 44.8519550816 45.0451051673 45.0258417237 44.7738694174 45.0691300942 44.996355925 44.6821124017 44.9033468496 44.9418131559 45.1697389647
0 0 0 0 0 0 0 0 0 0 0 0 0 0 0 0 0 0 0 45.1936711752 45.0681940017 44.7489014797 44.5556473019 44.5871154156 44.7286305984 44.9784606804 45.1312261232 45.104461171 45.0898972116 44.9440937277 45.1830566301 44.6040468571 44.9988522437 44.7729697341 45.1795636833 44.8018252204 44.820167539 45.0618606007 44.5848364742 44.9710461433 45.0223548255 44.9350700118 45.1153286993 44.8094304112 45.1985286309 44.8655435967 45.1749654521 45.0031682099 44.8389119822 44.575759786 44.9155067925 45.1661134316 44.8084899316 45.1265533715 44.6878216358 44.6128966449 44.8533053118
0 0 0 0 0 0 0 0 0 0 0 0 0 0 0 0 0 0 44.5035900891 44.8475497756 44.8700394389 45.0763910969 44.5214347446 44.7926776029 44.7498091527 44.6389635848 44.7318629708 45.0668537168 44.7490643127 44.7653287442 44.5967425813 44.6010444484 44.5304062305 44.8919774517 44.8494731919 44.9470315114 44.8745384429 45.1723374119 44.5489638317 45.1104547551 44.8906105571 45.0621127412 44.8298527807 45.1384309837 44.8225059061 44.6739218938 44.7923969485 45.0399240438 44.6399925885 44.8173617215 44.5378756717 44.7546724435 45.1124370345 45.0084984704 44.7145292518 44.945420791 44.7128109232
0 0 0 0 0 0 0 0 0 0 0 0 0 0 0 0 0 45.0245914312 44.5128021667 59.1075406593 60.9364578152 69.9050440748 44.9879525447 44.955048928 44.885265861 44.5486420319 44.7643037273 45.0836243919 44.9875294574 44.779221443 45.0862564909 44.7000188412 44.888766208 44.6055442262 44.7884503217 44.6343730465 45.1468207348 44.9342612767 45.0420177674 44.8261679497 44.5321516613 44.9563227753 44.624555654 44.8418819866 45.0950457538 45.0557753044 44.9017330178 44.9210590362 44.9645013012 45.0007628909 44.9809069476 44.9121915917 44.8133801428 45.1901481532 44.5653520926 44.9962476718 45.1510312829
0 0 0 0 0 0 0 0 0 0 0 0 0 0 0 0 44.6464039648 44.9270894521 44.7088830023 71.9033640722 67.596902151 67.3667324147 44.8018589991 44.662537708 45.0159604677 45.1994495225 45.093794235 44.9120105941 44.5444557916 44.8865471054 44.5304398467 45.1936029073 44.6230971132 45.1846842047 44.8761167051 44.6761062486 44.8281931205 44.7583694889 44.6779713704 44.7214371848 45.1006715937 44.9520767315 44.831973611 45.1701521677 44.6400746264 44.7754813617 44.6555924118 44.5147866528 44.7560654022 45.0363303019 45.1961403247 44.7157721871 44.9121954728 44.5184486413 44.5526494589 44.711496317 44.6104070374
0 0 0 0 0 0 0 0 0 0 0 0 0 0 0 44.594693419 44.7535594471 44.733949277 44.8042798483 67.7341510848 61.2666873656 62.8031408915 65.5550167473 44.6584866356 44.5544867413 44.9389097905 44.7620625316 45.0840500394 45.1122851823 44.6753573131 45.1993046919 44.6560761653 44.5715227148 44.837375252 44.5495767372 45.1862514466 44.9351742063 45.1188376139 44.915192977 44.7754401975 44.5697004124 44.5945151096 45.1118480491 44.5155126138 44.668452998 44.9246081962 44.6631263559 44.8855889877 45.1357386787 44.6622191108 44.9945789615 45.0772550084 45.0046792927 45.1384068744 44.9895944193 45.0818771884 45.1735582894
0 0 0 0 0 0 0 0 0 0 0 0 0 0 0 44.650452292 45.0124307347 45.1694190103 44.5476447209 67.6242458129 59.9393859675 63.2223923781 70.2434885443 44.8811022024 45.1064573282 45.1511544936 45.1109514059 44.8820856687 44.7099011157 44.7116938039 44.9905191384 44.5701329907 44.71967502 44.5338892187 45.1410698791 44.8066145835 45.0705262365 44.857218912 44.9929153721 44.711585712 45.174847749 44.5127289868 44.8829927118 44.8439862951 44.6420114049 44.8594218886 44.8311447977 44.5320300039 44.7094598253 44.5811095324 44.7764675393 44.8325871279 44.5223873142 44.6222228321 44.8980846124 44.9858378765 44.6157273825
0 0 0 0 0 0 0 0 0 0 0 0 0 0 0 44.7137552327 44.8557066436 44.5115818313 44.78299216 44.8995743466 63.3588872023 62.0786853879 64.3690988139 44.9615823529 45.0404644218 44.7813403851 44.5620672291 44.9912336322 44.8612370698 44.6248765575 45.0013471477 45.0256242757 44.6318898207 44.969694124 44.5604355363 44.7188218494 44.6738186754 45.008454816 45.1695395654 45.1099629231 44.8124311155 44.6302880151 45.0550521066 44.7774236417 44.6370603065 44.9547723777 44.6176257519 44.8524506336 44.9469426453 45.0757724936 44.8451895964 44.8173237092 45.1655189261 44.8634383882 45.0911527677 44.9010963505 45.2052940284
0 0 0 0 0 0 0 0 0 0 0 0 0 0 0 44.9144112544 44.5051267545 44.6521211562 45.0358162544 44.868098639 45.0260044102 45.1063733965 44.9852831091 44.8593201804 45.1609301417 44.9166892234 45.037664255 44.8487613785 44.9826933285 45.150168861 44.6108435208 44.5172941863 44.6448507567 44.6607078272 44.7551201904 44.8849432561 45.1797591698 44.8708783782 45.0221235981 44.9668215651 45.0461467326 44.9138445823 44.6305121556 44.7187575599 44.9646552642 44.8500127952 44.5750639943 45.0814792021 45.0679669792 45.0471258415 44.5878380385 44.9533603182 44.6582903914 45.1495342266 44.6245119973 44.6635472757 44.668182269
0 0 0 0 0 0 0 0 0 0 0 0 0 0 0 44.558174603 45.1972842557 44.8470076382 45.0508892371 44.8279798769 45.1202168588 44.9992886579 44.6662420815 44.8589373284 44.6745134636 45.0637710914 45.0121925204 44.5917499546 45.079176697 45.0912231532 44.6918485213 44.989540385 44.5039821252 45.1420026206 45.1203456119 44.8841463472 44.5762598869 45.1756906804 45.018492854 44.9913699881 45.0834056194 45.0846950536 45.0570802092 44.8467132402 45.0219784042 45.1627131701 44.794263465 44.5027802479 45.0160064066 44.9167854085 45.0578058407 44.6575534796 44.9223216868 44.5138271747 44.6105720124 45.0901984512 45.102923348
0 0 0 0 0 0 0 0 0 0 0 0 0 0 44.9611372623 44.7435968427 44.9111449215 44.8340707831 44.951306232 44.9647450701 44.810436899 44.9716816006 44.5858992936 44.9216304034 44.5684435913 44.5566601701 45.1972167701 44.9470075609 44.5463152938 44.623390374 44.6746276804 45.0806486207 44.7492420023 45.1360483188 44.8695541663 44.6673100402 45.0415227112 44.668640649 44.6578615407 44.7594263698 45.0504357671 45.034559943 44.6464326602 45.0850217411 44.8355768642 44.595030174 44.6703297969 44.9393317178 44.8860472117 44.5479463655 44.8874648294 44.7701570884 45.1222172969 44.7133530538 44.5522776414 44.7563770735 44.8581370804
0 0 0 0 0 0 0 0 0 0 0 0 0 0 44.7607185553 44.84069831 44.8473761972 44.9522016315 44.618646585 45.1137106323 45.1917383368 44.5207694663 45.1451002719 44.8515785776 45.10045185 44.8198764507 45.1167678116 45.1996238049 45.2002627398 44.9741959744 45.0259000713 44.7363830881 45.1554712078 45.0210155154 44.9112502032 45.1084465485 44.9967943347 44.8264950279 45.0227365397 44.6113213901 44.6582261465 45.2014452857 44.8058500392 44.8792694043 44.656355281 44.5248620168 44.6886290705 44.9905397122 44.5904007325 45.1700124022 45.1752095634 44.8116731426 44.6289158239 44.5045211622 44.8273568374 44.9813304975 44.7572536683
0 0 0 0 0 0 0 0 0 0 0 0 0 44.8582639048 45.1696908023 44.8002090722 44.5219668971 44.7163668293 45.1135839049 44.6975027684 44.7713163098 44.6698391445 44.9622547172 45.0476189341 44.7212000344 44.5944199677 44.786010184 45.1839591389 45.1838364657 44.8251729172 44.9466014756 44.7509997872 44.9943788914 44.5052997853 44.5297664989 44.6486135159 45.0926329709 45.1063319471 44.616836285 44.8538316921 44.5124471189 44.5043870064 45.0945693043 45.0992425272 44.7416416844 44.6031219639 44.5186332144 44.6546296193 45.2054420101 44.9529586387 44.7748942325 44.9355024842 44.833891989 44.7315347105 44.5059936055 44.8708730492 44.9856667717
0 0 0 0 0 0 0 0 0 0 0 0 44.7074846062 45.0714961631 45.2066029831 45.1551740007 44.634430264 45.1432654232 44.5103520889 44.9811459261 44.9072706706 45.0913892871 45.1499461904 44.8780344153 44.9408445121 44.7769390878 44.5789113893 44.6187205025 59.5747100827 58.9400875045 65.5310296525 44.7978215064 44.679387827 44.9541337087 44.586485981 44.7721711177 45.0773681388 44.5274908489 44.8654842734 45.033594759 45.1409351843 45.1809060044 44.5765397672 44.8531960049 44.711791363 44.5192383066 45.134930019 44.5063498853 45.1650687501 45.0248632706 44.7198256642 45.0221390441 44.7099594379 44.9464630131 44.7989954292 45.1105353615 44.6417449408
0 0 0 0 0 0 0 0 0 0 0 45.2020861596 44.7500465039 45.1870973654 44.7386745349 44.5641687018 44.5374835873 44.8406436502 44.5861337502 45.047332035 45.058237121 44.6422166767 44.6364058492 45.1199327492 44.9845797275 44.6155996345 45.0087615919 45.1257438979 62.2781547981 63.817183308 68.4837827848 44.7824074744 45.0543455571 44.5243814005 44.9359750501 44.7512956147 44.5450332184 44.545604165 44.7704466022 44.8253633099 45.160075378 44.540598158 45.1302181496 44.8622966676 45.0266332641 45.0984786962 44.942018769 44.9063386757 44.7927009339 44.6472545416 44.9184580713 45.0341457645 45.104291416 45.0107149669 45.0019017968 44.5060802964 44.9294637474
0 0 0 0 0 0 0 0 0 0 45.0137652784 44.7533654648 45.200451465 44.5307607008 44.7239662762 44.5924786736 44.6673119392 44.5053989882 45.0882556066 44.6090390715 45.0638779446 44.7491844023 45.101145928 44.7098005611 44.5250640341 45.1056480325 45.0440913186 44.5482298785 67.8464359074 65.5849460315 72.1437738892 44.7514649444 44.834939219 44.7247664821 44.5620237488 44.6229298805 44.9171382649 44.8471338347 44.9625327809 44.6278165617 44.8590917184 44.5148012774 45.1426984009 44.9934868596 45.0257250641 44.8191702662 44.8203339002 44.7190838697 44.5326951448 45.1578731682 44.6182147005 45.1151181977 45.1802148551 44.9339098067 44.7666915591 44.8504547095 44.7114804183
0 0 0 0 0 0 0 0 0 0 44.6206016418 44.9344346041 45.1286645012 44.924600042 44.69483381 44.7802065514 44.5799210039 44.9012832953 44.9858965495 44.7837288407 45.1033364322 44.6868353883 44.5827486222 44.9696701697 44.5931258264 45.1349416794 44.9023340957 44.5787426947 67.9644821122 67.7897187988 63.4500502596 44.8968320182 44.6901205229 45.042597091 44.6312581337 44.7359598143 44.7348705841 44.6033545592 45.1742428697 45.0297220136 44.5078663564 45.1660777849 45.1924635246 44.6190110777 44.7562672735 44.5257342469 44.8478084511 44.5990580089 44.7911729777 44.9421121365 45.1650495936 45.1840917219 44.7559031957 45.1359641052 44.5736587273 44.8277674327 44.5781806759
0 0 0 0 0 0 0 0 44.9839102186 44.9962129193 44.9061094263 44.7677330436 44.7710216969 44.8349506507 44.7404216258 44.6968041963 45.0454284303 44.8394955229 44.6595445028 44.9731471632 44.8230713065 44.8406252125 44.9624733904 44.7041238592 44.5052538793 44.9272567962 44.6732592601 44.8557775735 45.0597842194 44.6351008027 44.6695712488 44.8273150829 45.0407345314 44.9682153991 44.5911334843 45.0878800636 44.8131114177 44.7612132454 45.114381054 44.6225353613 44.5197958542 44.9263735964 44.5136727261 44.7434489312 44.9088543833 44.9741577525 45.2016320519 45.1126151624 44.7970820646 44.9794379354 45.0615181664 44.5690959172 44.7007419679 44.9059789878 44.7949749137 44.7623905099 44.8015502515
0 0 0 0 0 44.8267083005 44.7251658279 45.0486445228 44.9641031916 44.7114273253 44.7182831646 44.7501341295 44.5920736693 45.0267173828 44.8044194117 44.7199896412 44.7350651086 45.1790676959 44.5314467914 45.1685126413 45.0520811098 44.6827078871 45.1220452901 44.743712064 44.6670382602 44.7791019345 45.1386858282 44.5110961459 44.5922229558 62.6890877198 66.2902002639 67.7673491573 45.0531158502 44.9861303104 44.9963238935 44.5869904166 45.0843449585 44.5989390723 45.0306260652 44.6369703716 44.7116870056 45.0102589166 44.648834658 44.8907822486 45.1619755088 44.9063188191 44.8515199792 44.791517264 44.7225415815 44.6713091795 44.5822510421 45.1995518232 44.5427249486 45.0151281678 44.626142629 45.0540775183 45.1043994785
0 0 44.6491106696 44.7525447746 44.6198098672 44.5215347272 44.845666614 44.5506043509 44.5187302487 44.9232947045 44.8103448146 45.0493180248 44.74333839 44.8068689609 44.5582404955 44.6187489454 45.1764461468 44.6939382361 45.1419884897 44.8604369832 44.661873151 45.0261863896 44.8611245082 45.1190323347 44.9944376393 44.5258363995 44.7317109449 45.0189050752 45.2038791082 63.0924441881 69.1360449055 58.779370796 44.6281066273 44.8405329576 44.5942782312 45.0347438778 45.1794942906 44.5463623745 44.8882457251 44.6817164845 44.5071060054 44.9220009145 45.1714616046 44.8056965863 44.7127294745 45.0942220326 44.7851361208 45.0478861886 44.7512967196 44.6211378132 44.6870953057 44.9631038942 44.9234916743 44.637772365 44.8205085804 45.0007297795 44.6737496147
0 44.9048612812 45.1274572522 45.0931271392 45.2038754937 45.0420968111 45.0420755156 45.133289243 45.0586579715 44.8852311966 45.0895701996 44.9955401492 44.7723938764 44.7137036189 44.6709330276 44.8689028237 44.6525503853 44.5457333447 45.1377474188 44.9687796834 44.9669107362 45.1294716444 44.5692774261 44.9541008445 44.6706717985 44.5674976632 44.9532552143 44.5624737864 44.6421126595 71.5214616621 69.9625510755 70.7521385663 45.120611189 44.9737208208 44.6175984751 45.0697752022 44.5507884431 45.146064841 45.1900552123 44.7912948051 44.5385800408 44.5713820845 44.9328124717 44.7816061364 44.6927456734 44.783996901 44.726975712 45.1149026748 44.7625918768 44.856425138 44.9654316195 44.5974961453 44.9941410002 44.5694399555 44.8864662426 44.8368014911 44.7171291199
45.0820050652 45.1960212387 44.9010887177 44.8599650245 44.8854904276 44.6838931657 44.9200156148 44.8837182884 44.6093758426 44.9357371374 44.5243319206 44.6456054082 45.0066107793 44.8898581681 44.6848531713 45.142189622 45.1427481059 44.6494034613 44.7897422367 44.7120480855 44.7308111147 45.0370817217 45.0601296781 44.9517479129 45.0412807196 45.0327477867 44.833292611 45.0300184066 45.0012476513 45.2035852022 44.7606547554 44.9453078113 45.1003648184 45.1506417187 45.1581206158 44.7740255197 45.0591519664 44.5588578368 44.5775314924 45.1054153044 44.5630913641 45.0553507412 44.7025458547 45.0937996675 45.0989964627 45.1083992109 44.5380381747 45.0828514945 44.6762190743 45.1287255393 44.9211580763 44.8149825304 44.5801936788 44.8345145903 44.7485662696 45.1385142668 44.7006485921
44.6232309627 44.9133561488 44.8468251147 44.5577467988 44.7800207837 44.8845166466 45.0638217704 45.1000810189 44.5239680246 45.1809772387 45.1947176105 45.1188578958 44.9666735553 44.7571317816 44.729658658 44.720278253 44.5533329574 45.1505209185 44.6705906441 44.7909663745 44.9820579735 44.8769440228 45.1346849169 44.9763680966 45.1096849774 45.1877043875 45.0199715225 45.1666516545 44.9385470687 45.1826584385 44.7690288735 44.7095430452 45.1633250766 45.1617244005 44.9938912891 44.6422622438 45.0611930443 44.8844151722 44.9145319986 44.5502585854 45.1185349418 44.551400737 44.8127901894 44.8220027388 44.5878751793 45.1631373779 44.5896735059 44.6128907492 44.8882312902 44.6026571931 44.8518398128 44.9265746386 45.0778848266 44.5414188519 45.1658668226 44.681371779 44.8147297896
45.0747169122 44.5110344037 45.0074529747 45.1708320602 45.0267805105 44.9491368648 44.504609291 44.9146860845 44.9723679881 44.6553525074 45.058905544 45.1732688633 44.5579422801 44.7366087776 44.9437431833 45.156279875 44.7555909168 44.8496980259 45.0425295381 44.7513923821 44.978409278 44.9993069591 44.7308038592 44.6108027271 44.7681893393 44.5493799573 45.08223303 44.7199156095 45.0785737846 44.8134969127 45.0615869845 44.5012669595 44.7127991654 44.6299879192 44.6078100268 44.5657960953 44.8209690891 44.5914437783 44.7202093753 44.7751904477 44.8011126553 44.5415930039 45.1104222315 45.1207444821 44.9447566909 44.6245215075 45.0920875508 45.0925264466 44.9682398899 44.8471971154 44.8178397154 44.9829512772 44.7824309613 45.1463626099 45.1378238239 44.5296971307 44.8235758434
44.9914734146 45.1068877619 45.1434768745 45.1318875837 44.5372615996 44.5622064036 45.0375203747 44.5412218163 45.0131784956 44.8197230674 44.6272691864 44.9495504482 44.5661780784 44.792068401 45.0914428741 45.1056388064 45.0889819301 45.1886923512 44.5766997712 45.1957870828 45.0912153559 45.0780175054 44.5534857459 44.7853069736 45.1872218335 44.8454989349 44.5362752883 44.5245974068 45.1863137437 45.1875950017 45.1157908646 45.071131909 44.5935886946 45.0849947896 44.7811053125 44.6189500884 45.1813585966 45.1116122757 44.8219841204 44.9379614763 44.7502163681 44.7202765192 45.1362756524 44.9672653839 44.9066014503 44.8880919307 44.917287006 44.7550086398 44.9456301363 44.7730924713 44.5253257198 45.0026006627 44.6620090003 44.9601217235 44.6768551678 45.1463506679 45.1850181189
45.1487440913 44.5044387076 44.7281250186 44.5943242803 44.8043822943 45.0468913448 44.9304056765 44.6181949392 45.0967646048 44.9816877052 45.1038053008 44.8423604196 45.1918338089 44.8494527575 44.805645557 44.9167588937 44.7713022667 44.5555104984 44.9177567395 44.548969734 44.8930278355 44.9664026784 45.0259227385 45.1600715975 44.6674190382 44.5290339288 45.1448954641 44.6196759623 44.6190953149 44.952013967 45.1710080946 44.7725300725 44.75659362 45.0457076531 44.6969352165 44.8542446566 45.1939237987 44.8699377284 44.7207675042 44.5660502752 44.7901273555 45.0066722729 44.8350628915 44.52434703 44.769275237 44.7187194716 45.1035535358 44.6194004978 44.6371755176 44.731871384 44.9436426244 44.9611225312 45.0115061978 44.6169521588 44.5034032734 45.0552264102 44.8384154788
