Spatial_Output/DEC/DEC_1038.asc
NCOLS 155
NROWS 192
XLLCORNER 196307.867259
YLLCORNER 449144.565805
CELLSIZE 33.573938
NODATA_VALUE NaN
[rows 26 to 51 of 192, columns 57 to 113 of 155]
22.9550508684 22.9510932603 22.9190537052 22.6133009542 22.8980082396 22.6277386457 22.6764160358 23.020125447 22.982396087 23.130722732 23.1551403339 22.9801818039 23.1106133202 22.8558707559 22.7047836454 22.6926119906 22.5558822645 22.5562759131 22.6962445226 22.7564102337 22.7754756716 22.9958204628 22.7845736693 23.1676491851 22.5890194426 23.1678966981 0 0 0 0 0 22.7387335133 22.7118915297 22.7102072536 22.7841657309 22.903329542 0 0 0 0 23.0896127467 23.0155889745 22.5801162295 22.9662642574 22.6530481893 23.0068932596 23.0096559066 23.1074509182 23.2032261915 23.0885143876 22.6109598749 22.90668576 22.8275866101 22.5104607803 22.8989822266 23.0433104937 22.9965771719
22.6157221691 23.0519886549 22.8664986085 22.836402601 22.6060375313 22.5942682661 22.5891032018 23.1722915532 23.1353055158 22.6271740777 22.8966922624 23.1457792878 22.9258897252 22.9265121394 22.8251939796 22.7998469996 22.5562523079 23.0724718504 22.5863876284 22.6185681706 23.1927927553 23.1643078418 22.8716396084 22.7866232333 22.9978018706 22.7346659503 22.6935883963 22.5213543791 23.0847207193 22.6266181525 23.1566555439 23.1091742859 22.8504803176 23.0423634735 23.0484694597 22.5545723763 22.6828608531 22.6517650597 0 23.0898793686 23.1998690855 22.9297061767 22.6616091105 22.690939213 22.7320493021 22.8622485458 22.969708659 22.6411842546 22.9503676084 23.0917041151 22.8315388267 22.844309773 23.0426193249 23.1340443378 22.6139606819 23.0681581334 22.539380591
23.0749316701 22.8623555999 22.8325451828 22.5085140455 22.8165091407 23.0771060663 23.2010133674 22.8950198488 23.180004238 22.6823260893 22.8359746201 22.9610414573 22.9461283483 22.9323936734 22.6686243817 23.0470348927 22.8909917761 22.5081896044 22.5663081925 22.9828648775 22.9809833794 22.761318984 22.8202305169 23.1291139229 23.0054514742 22.523829376 22.5105044755 22.886622166 22.5840411525 22.6924395704 22.7285404082 23.1326796039 23.1605806967 22.9423905316 22.7409692618 22.804397338 22.5427872428 22.845693766 23.1216406525 23.1136737141 22.9413294293 22.8077869792 23.1247184589 22.8762316938 23.06619726 23.1530966512 22.9836670261 22.6500409983 22.8607044849 22.6282526848 23.1667244077 23.0000202372 22.7079322948 22.9952391118 23.1145883827 22.7929114364 22.9482234785
22.9590158365 23.1171058844 22.7302730515 23.0104567908 22.6608773863 22.5929372946 22.5837254383 22.5060765068 23.0724189771 23.1715134808 23.2034670354 22.7246953104 22.6633143579 22.9230020888 22.6886237618 22.7081181073 22.9684690193 23.0892410264 22.8343902637 22.9513164921 22.7283225794 22.78133658 22.8205869714 22.8063937073 22.9148848705 23.0972613926 22.6100880722 22.8211102151 22.6987261516 22.8182099708 22.6333196371 22.6850510305 23.010902292 22.5229514956 22.6629567917 22.5922197685 23.1461166078 23.0762812342 22.8776049971 22.5982522487 22.595097355 22.5986623845 22.6728033227 22.6528903757 23.044868042 22.7240093395 23.2062141977 22.5121184806 22.8627498344 22.8942587713 22.9439183505 22.5293946629 22.7227414168 22.7798541527 22.7196111617 22.7915235381 22.9443971047
22.5956774071 22.7312448615 22.820742432 22.9502274525 22.7807429454 23.0594594349 22.9618289791 23.0639319376 22.8330543082 22.7693986135 23.1497939644 22.9246175805 22.7145668475 22.8364104677 22.6321580911 22.7978708319 22.5158791523 22.6134725989 22.7653479888 22.6955213647 22.7661356243 23.0744744141 22.7040907791 23.0431672892 22.8392017052 23.0479215678 22.7086350053 22.593225214 22.6158812582 22.7266730253 23.0467353809 22.9139049003 22.5308189252 22.5904166336 22.7940512121 22.7849136159 22.8012958813 22.8342610113 23.1546480405 22.8844165004 22.8429421853 23.1447650811 23.0482942739 22.7291943955 22.7735206929 22.6915994674 22.7640293901 22.7699285401 22.5312334469 22.8722090019 22.8169461346 22.8728864046 23.1996331505 23.1025599571 23.0102738535 23.1213582283 22.7275792148
22.5408191566 23.1074970888 23.0502369236 22.7630274686 23.1886062366 23.0391032719 22.5617607047 22.8018191905 23.1037568602 23.0978698224 22.8266854459 22.5427664737 23.139924588 23.0531771852 23.1740176454 23.1893466633 23.1102010603 23.1193290665 22.8122464572 22.8479443052 23.1133811515 23.2003644493 22.7431094414 22.5998384006 22.6616269194 22.757012466 22.9784246852 22.9787412199 22.5320009916 22.7468989984 22.5130865178 23.0134189858 22.8874639798 23.1598789109 23.04934706 22.66642841 22.5458988847 22.7241659711 22.9721161789 22.9648108271 23.1473530915 22.8632862653 22.9714784361 23.1427056517 23.1358862203 22.9704751628 22.9082990582 22.9520330175 22.6414845637 22.6671033745 22.5788229645 23.07010923 22.8192431457 22.927450559 22.6390019327 23.0490283815 22.6691908762
23.181007768 22.8743801729 23.1013683187 22.9703483406 22.7733351307 23.1547817423 23.0391203038 22.9600322442 22.5169921084 22.7219369804 22.7677588445 23.0315436322 22.6742295842 23.1157319758 22.9400949496 22.7809754938 22.7074747165 22.6173545757 22.6997107638 22.9846840026 22.8209710797 23.1958039736 22.6077994339 22.6817231287 23.1040443741 23.070215937 22.5309497366 22.5852882101 22.7892206776 22.7141221209 22.8046120127 23.0872461865 22.6279403565 23.0743773606 23.0009477409 23.0069099945 22.6903439649 22.5099205412 22.7533141149 22.7130257334 22.8549071683 22.9017264785 23.015716284 22.8159376567 23.009033934 23.0422696535 22.7391100542 22.6403673325 22.6249282807 22.837013743 22.7538539943 22.5191769948 23.1448608737 22.7111190627 22.7528593067 22.6885504657 22.5617568095
22.7763752668 22.636616449 22.8110146174 23.0362268078 22.7923553072 22.7912784182 23.1989249943 23.1941651527 22.7567509606 22.6977027091 22.6542728854 22.7421784269 23.0431566978 22.780224691 22.8974643243 22.6337609934 22.6042668589 22.9289562448 22.8215562482 22.9596428158 22.7373821677 22.9035617954 23.0338202945 22.79895774 23.1867052573 23.0868027869 23.1967428327 22.6913756906 22.5204834813 23.0500994158 22.9585717978 22.5125008491 22.6755477365 23.2062477813 22.9149217896 22.7231370513 23.0783925233 22.9458136789 22.6091948328 22.8814272117 23.0770932052 23.092966124 23.0643193718 23.0202464612 22.9682559775 22.6632974423 22.7486576446 23.0435771652 23.1451755605 22.7796313687 22.8854727521 22.5411599976 22.5744727595 22.5855055194 23.0856341693 22.7563021451 22.7896263608
22.5732564542 22.6609096144 23.1002767669 22.9803767045 22.8870532227 22.9925163191 23.064107902 22.5476140154 22.8761630304 23.0533775214 23.1607983304 22.8345171899 23.1125820104 22.975007632 22.5164131939 22.869602926 22.7231100953 22.8743166206 22.7824746114 22.7529908875 23.1427080238 22.6205730973 22.7178728284 22.8760144084 22.8427780373 22.9190124788 22.5388105801 22.7058576201 22.8889568634 22.5613565777 22.5504910161 23.1710796955 22.6636254922 22.6224482585 23.064053345 22.6100688477 22.862580311 23.1329195995 22.8178437844 23.2024553654 22.660933497 23.0908318934 23.1431584048 22.6254806979 22.7403540643 22.5261739918 22.6703579288 22.5871213445 23.1676254426 22.7342410725 22.5884971181 22.9764812962 22.7118902847 22.8234779064 22.8624407446 22.8128333463 22.5976441335
22.5781442681 22.8747208993 22.8810215582 23.1652837796 23.0962979914 22.8121074009 22.8690136173 23.1251370877 22.9888808158 23.1471354376 22.5060213602 22.9250446668 22.9200052341 22.5515236327 23.1486275982 22.7328352196 22.796515478 23.0592100797 23.1505153196 23.1463694825 22.8745460291 23.0615384706 22.8691941212 22.9821636593 22.6506379044 22.9941325951 22.760371267 23.0146989631 23.0756874282 22.6503166424 23.0888900306 22.8302625779 23.110379793 22.5778586403 22.925752324 22.5817799305 22.8201388888 22.7087477931 22.5826482422 22.8147620588 23.1486258976 22.8736270676 23.0023834822 22.7450459438 22.614658558 22.5206507451 22.675955023 22.5836133836 22.6521048111 22.6020509962 23.0181988399 23.1324823805 22.7668531296 22.9808278983 22.8716441489 23.0743902586 22.7086123258
22.944615338 22.6631868951 23.1582529269 22.8767502179 22.8239968096 23.1183974752 22.8050989909 22.7350927898 22.8913245734 22.8589227327 22.687056013 22.7683253483 22.6978563479 22.863844125 22.6568998972 22.9250123902 23.0995606615 23.1592209669 22.5568389365 23.0888951987 22.8030567117 22.7892837022 22.8211675974 23.0873548012 22.8511395398 22.9668714733 22.8935600229 22.6433102533 22.8727911831 22.7660482474 22.5143779656 22.5919730965 22.8773246508 22.7431050928 22.7769964164 22.9512579691 22.9561223793 23.1318329115 22.8831548121 23.1586216093 23.0098326819 22.7189269746 22.9160383975 22.9727842279 22.9334395811 23.0475256195 23.0610709751 22.5396370552 22.7960114427 23.0240663005 23.0607439006 23.1679653288 22.5391620424 22.686538264 22.9263543977 22.7948991771 23.0061419645
22.7528168474 23.154757725 22.8538989294 23.1810251377 22.5331393263 23.0336998925 22.9025514271 22.9491426028 22.7174082759 23.1343749121 22.7622764521 23.086906087 22.8095615732 22.7290526564 23.0126366959 22.7219694536 22.866546687 22.9534640718 23.0527322513 22.7476662862 23.1457400463 22.7685167895 23.0981525486 23.1068920637 22.6948310809 23.1989738158 22.6586065564 22.8744142717 22.7825998091 22.8465948211 23.1103503031 23.038620658 23.0926662318 22.5018208744 22.9496174604 23.0102503696 22.531878697 22.9819046956 23.084081847 22.7338965294 22.7488586897 23.1337881363 23.0425574039 22.7893773048 22.6050769546 23.081058247 22.9411715735 23.1484865534 22.9677928933 23.060747163 22.8694066018 22.9732564461 22.566784515 23.1181716079 23.102044765 22.832404178 22.6462468913
22.9433675311 22.8173669527 23.0259391677 22.817452358 23.1063892741 23.1327197463 22.917772008 22.9212561081 23.0118170347 23.1106160674 23.0396542604 23.1850753675 22.7726879658 22.9934006912 22.6651197151 22.9421611981 22.9075428776 22.6287979701 22.6149243541 23.0185137985 22.5048453089 23.1273552547 22.748961108 23.1471106703 22.8135447396 23.1653748861 22.5703805809 22.6885127099 22.8007228073 22.6651324332 22.6530860847 22.811140581 22.9467621601 22.938684396 23.0939474535 23.202519572 22.8979964857 23.0752792811 22.7523845168 23.0121611615 22.6299242566 22.9967403815 22.5948768532 23.1608765588 22.5686103987 22.6599445688 22.5379864931 22.5371430437 22.5089732445 22.7068734904 22.609727462 22.7570596954 23.1670775666 22.8867720919 22.7824605655 22.9416574224 22.5617202702
22.5419421987 23.1795993238 23.1941108075 22.7913851204 22.700721751 22.7085086357 22.5751513031 23.1380123813 22.6085205076 22.8967672068 23.1232837394 22.5371005831 22.8468295644 22.5998929563 22.6851470433 22.812527058 22.7325718187 22.7391004719 23.1530997159 22.9873837006 22.5308813237 22.5056115137 23.107408709 23.0143955195 22.8206775527 22.6468623119 22.5366283443 23.00020139 23.1017838527 22.724699561 22.8259849483 22.8876133181 22.8803122618 22.8667742354 23.0519652466 23.1211488938 22.6409235587 22.6657851706 22.9036888836 23.0549555693 22.7300817104 22.6526735508 23.1996226768 22.5431888592 22.6253258097 22.7061744106 22.5867828264 22.9763687923 22.9628531012 22.8479217245 22.7866921404 23.1206909465 22.9056233032 22.6320303906 22.5334516975 22.8192551447 23.0973328639
23.120495873 23.1847759278 23.0493821841 22.7229204289 23.0593736003 23.1079937549 23.0458433467 22.6402521911 23.1524985374 22.7154913712 22.6305941483 23.0021512848 22.5836040835 22.9204413084 23.0455191479 23.0737075768 23.0390649775 22.8538920331 22.7878490963 22.7416518281 23.1527485319 22.9243855417 22.8577491905 22.9219965551 22.595231426 22.6461134478 22.9053743018 23.1536753727 23.0657798234 22.5951650809 22.7499782204 22.8684066561 22.958058965 22.8817211228 22.963004647 22.9100490287 22.7160559074 23.0809080697 22.9677370628 22.640943543 22.6899253115 23.1523038461 22.8433046803 22.5012803529 23.1445882595 22.5795048409 22.8065766484 22.7533762088 23.1289933592 22.9428547591 22.7192533369 22.9698535592 23.0384434302 23.0821636819 22.8166257686 22.5978859269 22.9942784285
22.5004505684 22.6437181209 22.504032195 23.1336119572 22.7831570963 22.6317501112 22.6810251795 23.1186986676 22.7456670917 22.6026909932 23.1140536096 22.6035657882 22.6358804583 22.8564136363 22.8702418475 22.740515504 23.0547754665 23.1308927224 22.5455771796 22.5898843011 23.1146365804 22.5218002052 22.9898213757 22.8728512359 23.0471015021 23.1088053453 23.1649259277 22.570957901 23.1127053278 22.6554826356 22.6478415509 22.6084601355 23.1970141396 22.9107120789 22.5639658412 22.6303589618 22.6880514472 22.56438781 22.5700399408 22.930585876 22.5465248744 22.7864438446 23.058962135 22.7246988783 22.533697526 23.1155885946 23.149490955 22.7733083034 22.6186010723 23.1917395773 23.0221462466 22.7752586742 23.0267525112 23.1725632041 23.1243601047 23.1249896944 22.7386252577
22.7227461062 22.8648588942 23.0243885665 22.5721177762 22.6763738809 23.0493805816 22.5212258343 23.1812570473 23.0843184423 22.528782207 22.967357295 22.6373789267 22.9906492953 23.0891317563 22.5830878093 22.597418264 22.6956566076 22.8108326637 23.109745557 23.1164113808 22.8054020946 22.585361478 22.9520084004 22.6936844089 22.7322573162 22.7399765775 22.6390030561 22.8397460696 23.1560105976 22.9168558261 22.8192859257 23.0548858562 23.0822827414 22.5036845113 22.9048007882 23.1261505123 22.8522114875 22.6528528803 22.7038972287 22.5423224304 22.7171533435 22.8510818664 22.5114899696 22.934138093 22.7390554365 22.5552404379 22.5221338887 22.5266323605 22.937735235 23.1254442834 22.580481515 22.7420641339 22.9075686098 23.1495922252 22.6470146806 22.8834117466 23.150597055
22.8490219511 22.80773083 22.8474218812 22.5440359635 22.8144972345 22.8783127703 22.7941243737 22.7511751712 22.9021212155 22.8038456308 22.8232553677 22.6769448312 22.7299446827 22.6754190773 22.5894313189 23.0264530229 22.6710301456 22.5543136716 22.9626089589 23.0825427144 22.7290494297 22.7509747124 22.629401988 22.658456407 23.0485828589 23.2024044708 23.0382845686 22.6312493056 23.1681566111 23.1808401656 22.7682865168 22.8417659703 22.6821677976 22.663172645 23.1257723281 22.6084686013 22.9492509248 22.5672624476 23.0216109133 22.5408864328 23.0892772011 22.85883396 23.1770475463 23.1139809679 23.0380111826 23.1875701432 22.683138908 22.6112528441 22.5558608443 22.7795543609 23.0088328304 23.0528929125 22.588555588 22.6444150956 23.1605763045 23.1517455444 22.9085167403
22.6747578405 23.036451801 22.7536023897 22.8717890868 22.5644864612 22.5461789993 22.8534239568 22.863627088 22.9637166177 22.7118985793 22.8527340172 23.0043759076 22.8538492407 22.9838050664 23.0652651564 23.0160004191 23.1784199752 22.8679907572 22.9600038714 23.0586958713 22.9276389291 23.1375786473 23.1684904544 22.7797617583 22.7756081587 22.6349242735 22.9621096894 22.5031437067 23.1944783216 22.8816963315 23.0486666922 22.8057595625 22.8933582861 23.0787046151 22.7946877623 23.1569930209 22.7452305541 22.9338229151 22.8921373318 22.7633698828 22.6484212262 22.9304307108 22.9452641355 23.1260943939 22.7201026418 23.102111977 22.6448778236 22.8683233622 22.8260725965 23.0557118931 23.0766675644 23.0436186475 22.7016671519 22.561315688 22.7434857675 22.5099348161 23.0634610926
22.5357367611 23.0702899754 23.1380789307 22.8586181506 22.5680143804 23.0196164982 22.603543489 23.178283446 22.9020652211 23.048420863 23.1505642518 23.0939067736 23.0050892623 22.6245791493 23.11254041 22.9659534395 23.0395485124 22.8563525062 23.0650774714 22.8570673254 23.1215002683 22.7838268355 22.8103592642 22.9031132966 23.0315861758 22.6336938005 22.9540648215 23.0284754292 22.7371849508 22.6557269507 22.9306443754 22.710347956 22.7319973007 23.0507198381 22.6378703241 22.9769459995 22.7972491498 23.0486524403 22.523263197 22.7887306527 22.8324317383 23.0973222667 22.7655776104 22.618329639 22.7078445474 22.5813008677 22.9729542725 22.8459582365 23.0437676636 22.5501242858 22.6814150018 23.1649361379 23.0818124416 23.0459206198 22.9846521329 22.6351218547 22.788299513
22.9463755713 23.2022834644 22.5922842807 22.9448908227 22.8866243382 23.1075611766 22.7950227201 22.6836605398 22.6832937839 22.5191570529 23.1017497354 22.6398090483 22.6514837299 22.5440866136 23.1107222163 22.5360010819 23.0420720057 22.5601164713 22.5443123388 22.9446577399 23.054395139 22.8069649169 22.6411018615 22.5137427666 22.6250143891 23.1642121661 22.623248917 22.9435759754 23.0343711633 22.7353340458 22.9361105145 22.8163735745 22.9489347549 23.0046271083 22.8150371081 23.117162024 23.1316118889 23.0764149012 22.8041748595 22.7784903582 22.5915629012 23.0890649783 23.1274971756 22.6721038668 22.9674064243 22.8884620338 23.1031705168 22.5843573169 23.020532468 22.8966680455 22.5943439827 22.5238793539 22.7685666068 23.090408104 22.526868746 22.7774231307 22.7402276806
22.6229234128 23.0474366583 23.027136647 23.1563880098 23.1009930029 22.950177192 23.1734843007 22.638794346 22.603129984 23.0892910472 22.8877652073 22.9823872502 22.6856345757 23.1345555868 23.1651355517 22.7165266553 22.9553873823 22.9303504881 22.7406500134 23.1427689343 22.6712325368 22.8323032938 22.8152108708 23.1450547435 22.5480928137 22.9831126862 23.088902509 22.8298383259 22.9289298307 23.0430711576 23.0265308445 23.0391740249 22.669178667 22.7494459875 22.6690450191 22.7433547544 23.1214507548 22.9911636204 23.0516093438 22.6594230391 22.8671654428 22.5567523081 23.0212589161 23.0369880871 23.1429273891 22.9121557117 22.7491309511 23.1651167325 22.9814480681 22.8821648639 23.0076284298 23.1883418521 22.8080816217 22.6026076069 22.917171017 23.200034077 22.9344738007
22.8230479397 22.7619951667 22.5774951337 22.7112950236 22.8997045707 22.6008904112 22.6876510933 22.9907794621 23.1057378356 22.5200781291 22.5127315735 22.8471931335 22.7222542045 22.9564728686 22.6999823968 22.9473736871 23.081387032 22.5920438774 23.1071876703 23.0127896476 23.1344224146 22.8528393227 22.8328081502 22.8068504379 22.5262814876 23.0874984247 22.674015084 22.6747756779 23.1016506085 23.0298671357 22.6057873958 22.7215376527 23.150283863 22.7536588638 23.1149381446 23.1052288189 22.9868707884 22.7714313186 22.6901892821 22.7088659199 23.0810109436 23.022590528 23.1555787641 22.6679989881 22.9934597605 22.9564236875 23.1134789503 22.6957314309 23.0098389569 22.5983396259 23.0028078536 23.1348917589 22.786195726 22.6841441638 22.7028312383 14.9339576987 17.9760965359
22.8943686553 22.5284293172 22.5723053315 22.8069356403 23.0332233488 22.7543920989 22.8475044515 22.5964752275 22.5306673219 23.1141499247 22.7549277298 23.141904568 22.7552891198 22.7917004071 22.7386984553 22.977318353 22.843730814 22.5551679535 22.8481570552 22.7140920197 22.9565471626 22.7900143969 23.0937816727 22.7165487122 23.1401576781 22.8395426809 23.1539602033 22.9687237295 22.8977905761 23.0096195864 23.071134806 22.6757099585 23.0785685339 23.1561389152 22.7059689382 22.9954060917 22.8627861012 23.1045347406 22.9917981982 23.1192384949 22.5188131131 22.8536049404 23.0270674712 23.1072532426 22.8249099642 22.8366559506 23.1209771318 22.8683009646 22.8583190989 22.772152436 22.9997360045 23.19796623 23.1557379261 22.6050861958 22.6359477634 21.3941797199 27.8406456814
22.9849794757 22.5877032161 22.9888200155 22.8075779624 22.8166112144 22.5346698238 22.992627157 22.7519174811 23.1641012746 22.637669428 22.6155699367 22.9963942833 23.1065706583 22.5123405715 22.7343769382 23.0857539412 22.5002695433 22.5565067185 22.6100582656 22.9906175798 22.5198721076 22.8968290762 22.864426599 23.065046642 23.0221233758 22.758171011 22.5611575861 22.5041173283 22.9699032854 22.5474405751 22.6227643885 22.7524692089 23.0903507412 23.0961926207 23.0468042882 22.8663199261 23.0580258619 23.1359320154 22.5796642965 22.5734842219 22.7289140169 22.6502130745 22.969586779 22.5124465036 22.7262865075 22.6038849291 23.1016477223 22.6712953371 22.5802853712 22.9731678588 22.7375930954 23.1891995135 23.0756890746 22.8294678032 22.8725761597 26.7711972538 17.4631165209
22.7195093685 22.5047520486 22.8549477909 22.8153281701 23.0839215608 22.9963827256 23.1093936473 22.7958372881 22.6583931839 22.7497152002 22.9913347326 23.1062953509 22.7774138307 22.6512804332 23.1459043734 23.0689245893 22.9287877895 22.6427457942 22.8657962182 23.1700363746 22.9387422708 23.1615862973 23.0843705402 22.9119232179 22.9120874421 23.0664511983 22.6956874341 22.5988085694 22.5046634041 23.1366375295 23.1315794123 22.9861359392 22.632037194 23.0037628301 22.7814191462 22.5221782517 22.9928331216 23.0767169011 22.7437597913 22.7533096486 23.200026677 22.7200953842 22.8779666466 22.7509085174 22.5230879684 23.0011424221 22.9746461461 22.8204529388 23.1147269572 22.8861554074 22.8342370946 22.7232619836 22.7074059577 22.6983310111 22.7571896025 23.1651909709 22.9184322139
