Spatial_Output/DEC/DEC_1200.asc
NCOLS 155
NROWS 192
XLLCORNER 196307.867259
YLLCORNER 449144.565805
CELLSIZE 33.573938
NODATA_VALUE NaN
[rows 104 to 129 of 192, columns 57 to 113 of 155]
28.1251223477 28.1508142872 28.124673282 28.1560682442 28.1114082021 27.8121435535 27.5281054816 27.9110691428 27.7754424199 27.8062331818 27.597794354 27.5223323126 27.8038916671 28.09151901 28.1657531347 27.7092201413 27.7346526464 27.5363928772 27.7885480356 27.5261964513 27.6559054068 27.6386030235 27.6461168982 28.0892922023 27.7906069452 28.0922074623 27.7543245109 27.9233568368 28.0630678401 28.015621428 28.1008350937 27.9682425622 27.8112736613 27.9651677176 28.010331208 27.5262447649 28.1191301931 28.0625789496 27.6351194152 27.9628698285 27.5725575426 27.6523455284 27.5674944675 27.9547380095 28.1926060941 28.1941843696 27.8372029271 27.5100792053 28.1869805359 27.9458264908 27.8515886432 27.858166658 27.6842397368 27.5751698364 28.173896571 27.5580561771 27.8918121971
27.8684835496 27.5828163643 27.6167957803 27.8858788424 28.1513726362 27.6515129251 27.6919040132 27.6616384192 27.6150492814 27.833761138 27.8603197368 27.9169295412 27.7741517048 27.7280470429 27.6598916517 28.0204197358 28.110366544 27.8271008748 27.555354572 27.7933337299 27.7164919118 27.9953477471 28.0658570424 27.681793712 27.9565371907 27.6872409415 27.6095761696 27.8657518912 28.0736558023 27.8812899005 27.6238132703 27.656871747 27.9750093517 27.6969474326 27.6897549458 27.9541067756 28.1192456577 27.6381607488 27.9745949647 27.7874053095 27.952575203 27.9610649453 27.6776128276 27.7162340804 27.6318082789 27.6028034202 28.0262394033 28.1917231265 27.7568436419 27.562364098 27.8987619705 28.1585270476 27.6620645831 27.8485837523 28.042913931 27.572771679 27.7427354375
27.6234199043 27.8862904616 28.1315675174 27.977032177 28.162370627 27.8570880527 27.6855814001 27.586838189 27.8146444813 28.2071049056 27.7183628878 27.6671133246 27.7695585944 27.962197974 27.6272486071 28.1584699741 28.0665333896 28.1999636987 27.5514814995 28.0921682281 27.5422384995 27.9641736702 27.598947188 27.9216274525 27.6610987399 27.9109214352 27.6273037662 27.5319324524 28.0483742527 28.0341701218 27.503335918 28.0954925943 27.7450832008 27.6493977322 27.6039466432 27.6088146968 27.8906969561 27.6002876353 28.1283731787 27.6579902616 27.8992318315 27.8341174303 28.1102299859 28.0662050466 27.5305276627 27.7909060014 27.8929695169 28.0445364667 27.5001651213 27.627731858 28.1472312354 27.6375061593 27.6439471971 27.8934730611 27.971723147 27.7207686036 27.6573973277
27.7753044994 27.8236125993 28.0872057244 27.5762927256 27.7663843083 28.035225869 27.8715062567 28.140382282 27.8382110629 27.5929495824 28.1605012266 27.7741315106 27.8304804689 28.1553846497 27.7499905449 28.169844975 28.1591906403 27.8690362856 27.9727899252 27.9939328442 27.8203430966 27.6914430944 27.8690904523 27.732013236 27.6861791132 27.5715625801 27.5781879833 28.0753603658 28.1550218264 27.709563916 27.8172545132 27.6499670603 27.9757891142 27.9911186356 27.7436133322 27.7996634256 27.9195181037 27.9076201176 27.7511832671 27.5386151709 28.1744457137 28.1853375066 28.2047258219 28.071228941 28.0463000659 27.7085928099 27.7725021675 27.7261114127 27.5743626931 27.5122080603 27.881468098 28.1248306185 27.6848663441 28.0989599625 27.7780151886 27.8383989473 27.8812614864
27.5387306832 27.661198159 27.5835924861 27.9657342827 27.6089568388 28.1443745443 28.0803092618 27.6128743928 27.5769011276 28.0617744198 27.6091948206 28.1823604239 27.5957831526 27.9496919591 27.7000925523 27.894788636 27.5810401077 27.6184835595 28.1572085376 28.0990033034 27.8345106545 27.9836086028 27.6799950044 28.2067382281 27.8059274203 27.8307386422 27.5482496854 27.7195759853 27.67581551 27.5916983529 27.748537884 27.895561617 28.0767467502 28.094182338 28.0515932511 27.6822543059 27.7774703629 28.1437804171 27.7021992511 28.0804524172 28.1678426179 27.7550647993 28.1089934778 27.8485575379 27.6566333691 27.9381785816 27.7519159265 27.5704107695 28.0566088421 28.1786419175 27.6104868835 27.7996471358 28.0825590855 28.0925129487 28.0929543471 27.7414392876 27.7147118093
28.003225102 27.9721013742 27.6770098538 27.768383896 27.5002166447 28.0376370709 27.6622612666 27.6421430064 27.6540371061 28.0295794474 27.5757019203 28.1809848881 28.1519250753 28.1363171818 28.0462455629 27.8644106149 28.2002684355 27.6412792418 27.6303272067 27.9946465894 28.0885141925 27.7069184427 27.982759416 28.1203074876 28.1951086365 27.9058305412 27.7083347106 27.7607651377 27.787044704 27.7293773794 27.5900629395 28.0429970207 27.5911598885 27.5736795365 27.7748321931 27.6252548966 28.0988114068 27.9795928407 27.717671052 27.5909824298 27.6495674041 28.0315647863 27.6429331351 28.0930206596 27.5613716092 28.0151862402 28.1539361796 27.6509441593 27.774122785 27.8683298991 27.5494256882 28.0427730234 27.745579806 27.7742437012 27.5240525819 27.8693021868 28.0787919534
27.8931770665 27.5088478733 27.7276131941 27.686165173 27.5919458727 27.7515416907 28.0916701479 27.5580886409 28.1087226213 27.5244876771 28.1709975049 28.169231413 28.0861668339 27.9340282592 28.0169077527 28.1187272956 27.7106861591 28.0839700433 27.5959091823 28.033776844 27.7521763871 28.1420751325 27.8399939875 28.2065528089 27.509774191 28.1740394096 28.060392809 27.5753432317 28.1399778409 28.2042216121 27.8434448103 27.753865186 27.5574842864 27.9073590551 27.9578714325 27.8421983964 27.5035814999 27.8133792053 27.6239710654 27.6010693746 27.8033152945 27.5219464661 28.0955418085 28.0335312785 28.1281520377 27.7905057619 27.8031141882 28.1829394831 28.1491565887 27.83800939 27.8325737722 27.6619805686 27.5136511501 27.8940859394 27.9815158329 27.909482095 27.5839010401
28.0298310996 27.9340219677 27.9132587926 27.9209442945 27.8856295449 28.1867768403 27.9677473668 27.7445526692 27.6191189249 27.5779418645 28.1846391902 27.8061766992 27.5241826946 27.8691928517 27.7321576333 27.5008740841 27.6490526738 28.1696420449 28.0273434368 27.7283131412 27.8536848311 28.1146091643 27.5637808766 27.7638301238 27.9657926351 27.9029470677 27.6975712605 28.0928696925 27.9214198262 28.1848835578 27.5121688511 28.0276619939 27.660540596 27.6049343699 28.1199650746 27.9115408903 27.8514595497 27.7514149878 28.0763127888 28.1128634295 27.7564333736 28.0825048302 28.1693393621 28.122262311 27.560846181 27.7665988925 28.0188662626 27.5462482446 27.7747978365 27.710823794 27.7431638152 28.0392923707 27.795079767 27.5351504091 27.6312154547 27.6510894292 28.1965546418
27.604809463 27.7443595023 28.1296454008 27.6708101483 28.1594289729 27.9207567812 27.9411545582 27.8697223583 27.6342428795 27.8337285248 28.0009911737 28.1545209194 27.8994791687 27.5048737401 28.0682215953 28.0527295651 27.9803748525 27.5949304732 27.89117671 27.7062798336 27.7626810707 27.913016325 27.7858257883 28.0668766005 27.7087083872 27.9183541783 27.619798023 28.0493997764 27.844795081 27.6091190511 27.7828161811 28.049842705 27.8146167358 27.9416001583 27.9472950995 28.1276086499 28.128850912 27.9991945818 27.7882246531 28.037827384 27.7693230881 28.1831031498 27.6187656636 27.9061549291 27.8579478753 27.6470538517 27.5905929033 27.6489090702 28.045467781 27.6565051505 28.1317439047 27.5252142455 27.9678252227 28.1077462155 28.1589405697 28.1913956652 27.8530807324
27.5393989134 27.9966822645 27.9188782607 28.0195154246 27.994163228 27.6055076741 28.0127847672 28.021415569 28.0917440576 27.5089767826 27.5834445749 27.9642924725 27.6787009366 28.0448007419 27.5443560716 27.6765192807 27.8262826592 27.5975337222 28.1928396986 28.0728579429 27.7592622993 27.7978690391 27.6647205288 27.5214680104 28.0751302864 27.888246733 28.1523268946 27.6520749008 27.5591735163 27.6950063437 28.1113864678 27.7718718625 28.1049677542 27.6565762289 28.1049776338 27.8775007861 27.6628620332 27.6267494986 27.9897034776 28.0176090176 27.6578152644 27.6844931816 27.5077616816 28.1871169751 27.8039412241 28.0929204166 28.1150238645 27.5704027417 27.9659091662 28.0872482586 28.0349072733 27.6945802242 27.8474994474 27.6000282018 27.6332005312 27.9193834481 27.8079436722
28.0998961142 27.9499475403 28.0020362625 27.9358393284 28.0084776065 27.562981517 27.8037450456 27.8690354798 27.9833808673 27.5612964659 27.7253366121 27.6256607671 27.9148705918 27.5945344582 27.7315206321 27.9289438139 27.814393312 27.58102297 27.6132865369 27.9295894424 27.810122633 27.6222998516 27.9237966686 27.5468643697 27.8857898686 27.7377154823 27.6430426046 27.7029897898 28.0854215223 27.5556454391 27.9045568652 27.7670122762 28.0639404686 27.9240725924 27.980042041 27.7914659602 27.9020197719 27.6787561083 27.555736294 27.608031737 27.6131597915 27.7594199906 27.6834505935 27.8156948438 27.6686903759 27.9352200531 28.1826684393 27.6289967468 27.5787980761 28.1574075773 27.9509934783 27.5772415925 27.7825687934 27.9852077782 27.6067108606 28.0597271292 28.1069709614
28.0987485888 27.8975255649 27.551504387 27.9039139395 27.7496560568 27.7107959658 28.1689747948 27.7814987821 28.0419807756 27.8388757592 27.7711005198 27.653170142 27.9338332715 27.9236211649 27.9732648879 27.903440765 27.8150182197 27.9125087655 27.6914895083 27.6908419703 28.0432096322 27.7609831582 27.7292645351 27.7817742267 27.8881386439 27.9847395653 27.9462536266 27.5390307594 27.8580770203 28.0164046962 27.7531233719 27.5732344038 27.780808777 27.8290814192 27.9461904274 28.1332301105 28.0433000429 28.0559716302 27.6901360194 27.7063547801 28.147998761 27.5260655712 27.6839739372 28.0542533702 28.1648781005 27.9196228521 27.6720130444 28.0912092319 27.7454771252 28.1035686353 27.9422558798 28.0626531483 27.7440785031 27.6208342836 28.0510954439 27.8455406922 27.628932196
27.8428932914 28.1287592143 27.7492421519 27.5958292324 27.5668310037 27.8880651344 27.9197829106 27.5179531426 27.8703951459 27.8743678705 27.9800833369 27.6034746166 27.791944648 27.8262853572 27.8630114674 27.8474041218 27.9747102193 27.6859690704 28.1729487041 27.8966721141 27.6830836457 27.9696790617 27.8728529527 27.7143742037 28.0816607897 27.5970405867 27.917735413 28.1625452688 27.9408605693 27.7144064278 27.7473723315 27.7978931535 27.8649964564 27.7366810084 28.1147569099 27.5446075224 27.8383336101 27.6911825836 28.0827921381 27.5806125113 27.6300989448 27.6836830249 28.1651189379 27.9231331193 28.0002802686 28.033766067 27.9750011346 27.7295484365 27.9613592496 28.1597409075 28.0265395604 28.1006718466 27.5331070956 28.0699688658 27.5662743857 28.0995519254 27.8485194528
27.7276928032 27.9333434541 28.0462195647 27.6077877491 27.7937140434 27.5133846855 27.5632616897 27.8689408614 27.6532874532 27.7339299148 28.191936363 27.9491694193 27.874674509 28.0839539769 27.7287614453 27.5938526773 27.8564171455 28.0557970706 28.08738206 27.5499884828 27.8864893509 27.7788841606 27.9940153931 27.8443135208 28.0960429783 27.5385248692 28.0342688776 28.0248233154 27.8101295145 27.8843670543 27.6931076717 27.8940126212 28.0416679621 27.8441641642 28.1250741774 28.1094015061 27.7216265258 27.6739490135 28.1069405122 27.7643274334 28.1584527893 27.7283195276 27.5462908368 27.8514410638 27.9820829576 28.0152310084 27.6340429057 27.8959436272 27.7344794056 27.5700215286 28.0660101947 28.0949590261 27.5301517776 27.6105684408 27.9771786264 28.1666071081 27.9484825494
27.8327272827 27.5949875886 28.0162343241 27.6568563895 27.9019584248 27.6908489599 28.1852837607 27.8732040878 27.9654401545 28.0854366247 28.0021474158 28.0521014143 28.057907618 27.919899647 28.0489281104 28.0781691243 28.1595124066 27.9071135342 28.0146877626 27.8973639257 27.9613228813 28.0152735771 27.7280528343 27.5387778826 27.8794169458 28.100839743 27.9482901001 27.7614250967 28.1739150566 27.6960316185 27.7928704404 27.715465559 27.7163135998 27.7719514913 27.9911703306 27.9124837657 27.8929870072 27.5261602061 28.0771220812 27.5129921766 27.5091495667 27.7068914543 28.1708473893 27.5068408406 28.0041241641 28.0654742119 27.8369139932 27.8498345963 27.9317530754 27.9517822327 27.7637368569 28.0854835503 27.646274145 27.6785233494 27.8330057735 27.8673210831 27.939521717
27.8019784206 28.1997500939 28.1277743332 27.5504697331 27.7048105211 27.594897441 27.942684608 27.6625346285 27.9749664252 27.646002672 27.7059744958 27.9932184988 28.0394649935 27.5260975636 27.9519797575 27.542262861 28.1532950604 27.5312263201 28.0473669277 27.9610920495 27.8536310139 28.1926214942 28.122986778 27.7232744756 28.1853422584 27.8509859282 27.6018954592 28.0222527086 27.5816422773 28.2002616218 28.1435880326 27.7652568571 27.9923670648 28.1557877976 27.866046668 27.6441634362 28.1616949551 27.779205103 28.1909984404 28.1958979352 27.6171795842 27.6358220771 27.8722974629 27.6091057343 28.0478026207 28.1830743524 28.167417369 27.7471953461 27.6401480044 27.5313910014 27.7301737169 27.8827101622 27.9520183447 28.125949224 27.8927238553 27.7086864852 27.5268725898
27.8137311794 28.005450146 27.5663447139 27.8370146015 27.6265057263 27.7547583608 28.0328000952 27.7417161358 28.0494685867 28.1024779462 27.8792911051 28.1373257221 27.6091097441 27.5083263855 27.6757688887 28.0015358468 27.6514767878 27.7280380558 27.6101478934 27.9132423654 28.181245528 27.7360857257 27.5808183282 27.5584448176 27.5738328302 28.167278506 27.8850315695 27.5965246738 28.1897390616 28.0972337806 28.0434493768 27.7888367289 27.6636277618 27.7580968412 27.6077739867 27.7493773218 27.8750135129 27.8696554036 27.9198496456 27.7502402721 27.8759788022 27.5969870421 27.6655055226 27.9685388354 27.7933181809 27.6095741784 27.9252289764 27.8491410085 27.5226804936 27.5997041955 28.0660028788 28.0482432614 28.0014706056 28.1856473461 27.7975874959 28.1735773135 28.1513831876
27.9446174528 28.0053423511 28.0921558852 27.62276197 28.1090867062 27.5777321634 28.1302637261 27.7130701423 27.705856658 27.8630890369 28.1310176115 27.829448134 27.9972391669 27.7928319548 27.8151815766 27.743444972 27.9654790861 28.1345138023 27.585757646 28.1424305889 28.1950161084 27.5537721711 27.8057851306 27.6923157175 27.5897217784 27.9695599179 27.5865637261 27.7696423507 27.6184928256 27.794705637 28.0944056736 27.6401506151 27.6154951366 27.9158947834 27.5963239194 27.8777952565 27.5820523746 28.1484314632 27.5518584412 28.171249792 28.1653604316 27.6716647608 27.6543991561 27.9783624926 27.7572120194 27.5774931786 28.0591507781 27.8826845401 28.0648267296 27.563954518 27.9463729454 27.5829548813 27.637668202 28.1994777373 27.823448445 27.802478335 27.7870810563
27.7334269313 27.5707880051 28.0168832787 27.8225118944 27.7516270415 27.6788689296 28.1521459756 28.0336038899 27.5803288998 27.9618436689 27.8597220007 27.5262418213 28.2060054698 27.8615188927 27.9826552997 27.9291500038 27.9465344708 27.878482019 27.7040759399 28.1838435468 27.5350450217 27.8472250263 27.615205471 27.5356055735 28.0301220886 27.565827116 28.1042788006 27.819922151 28.1619120076 28.1887249033 27.5203846048 27.6602649502 27.6380720138 27.642861715 28.1596585453 27.5119578892 27.5356878058 28.1116292722 27.5053005779 28.0680632524 28.0157353341 27.5794747808 27.6503296472 27.5083290057 27.7734186586 28.1318846801 28.1468135591 27.7553154076 28.1935585165 27.8706619129 28.0107376257 28.1262269401 27.9852534456 28.0883558183 27.6632305857 27.9072190531 28.1128456672
27.5514858573 28.1459868521 28.180152606 27.6203576699 28.1568511454 27.6843636233 27.7558158583 28.1903028878 28.1625041677 28.1947221809 27.5795056995 28.1206174719 27.8788999353 27.7107750373 28.135900959 27.5087007986 27.6698272774 27.8890215026 27.5074149703 28.2064337936 27.6063863667 28.1820759397 28.0869190847 27.9985925954 27.8250112668 28.0584612787 27.7204603243 28.2028307199 28.1696785331 27.5426585979 27.7490810189 28.0317862543 27.9711301709 27.769528296 27.9466073674 28.018026815 28.0569691876 28.1287674326 27.5715638785 27.547222663 27.6759787013 28.0419471106 27.8748634015 28.1729450522 28.1891002332 27.7898447415 27.8308058574 27.9686234933 27.5004648308 27.6595914665 27.7201146812 27.858244715 27.8728568208 28.1000738157 28.0918991091 27.9170231009 27.9454418471
27.9252504416 28.0163450435 27.8347553168 27.7997959823 27.8766538567 28.0885521868 27.9956307572 27.708074532 28.1781093795 28.0523365119 27.7152082671 28.0729635504 27.5990856451 28.0429928187 27.5244760886 28.0601763838 27.9385158285 27.9766244721 27.9527450449 27.9548415416 28.2004592463 27.5032796416 28.1713984933 27.9684555675 27.8788643057 28.0050998638 27.9181144277 28.1293182534 27.7645115135 28.0607704285 27.7538728797 27.6234911513 27.5214729151 27.7633685005 28.1302454927 27.8260471137 27.908498365 27.5519033112 27.7388420999 27.6915023719 28.1749923196 27.7717877658 27.9128666352 27.939316611 27.7389938166 27.6221454063 28.1773867674 27.9044697339 27.6565672114 28.1018916546 27.8341000362 27.9741833791 28.0107007054 28.1350185239 27.6372668459 27.5660217519 27.7006366798
27.6742639807 27.9295991229 28.2036515593 27.7852285143 27.6199703627 28.1921395463 27.5084578008 27.7121630543 27.5425770205 27.6670780727 27.7609532454 27.8390462047 28.0605134482 27.5951025067 27.7889166018 27.574166942 28.1028797151 27.7565157068 27.6646872821 27.8562036473 27.840782622 27.6702529543 27.5625823416 28.047506978 27.8492858619 28.0584625146 28.1659395864 28.1835713161 27.8214501826 28.0931586447 27.7790468472 27.6359774753 27.705035197 27.9862807628 27.9476423691 27.7523826783 28.1328345079 27.6373779367 28.0371249046 27.5501051899 27.9056956519 28.1237977308 27.6042622754 27.7889458295 27.6224315005 27.957280545 28.1452862063 27.7837275817 27.9463900695 27.7832175964 28.1158045095 27.9034246075 28.2033532194 27.7785607218 27.9325831158 28.0722075074 27.8381033543
28.1460965673 28.1346659673 28.1336020954 27.7272891093 27.9660472547 28.1522146769 27.756324732 27.7962282113 27.7173738895 27.9491613065 28.0212299556 28.1028883033 27.6428024499 27.8255204254 27.5746128077 27.8483501292 27.9853693132 28.021058911 27.791106564 28.100617757 27.963812065 27.8966748373 27.5744608816 28.0403201536 27.9422784063 28.1785281849 28.0736182507 27.9387674955 27.7508477616 27.8417563477 27.978294167 27.7838711483 27.6300204378 27.9600588952 27.7711972124 27.6803498165 28.146984695 27.9937759047 27.7400000932 27.922617915 27.6798098548 27.9044210683 28.0623170083 27.8745851737 28.1096886282 28.186848743 27.5909344897 28.0451710772 27.5505775231 27.7007448009 27.6064623081 28.0893512228 27.8748077575 27.5444454135 28.1391397923 27.9161265818 27.6267729431
27.7005615785 28.1800807167 27.853250515 27.5719793453 27.6148392011 28.0694604031 27.6883138293 27.9046009041 27.616414099 27.6273852821 27.9051710668 27.8739408695 27.7332141183 27.5581336802 27.6540444042 28.1037982267 27.7731318925 27.6673519345 27.5827255182 27.5546210946 27.9559661177 28.0743996687 27.9497888648 27.8582418403 27.7228292602 27.6784149895 28.1581059198 27.8112377522 27.9963084063 28.0977286067 28.1552895972 27.7377692995 27.5094601408 27.7820110163 27.5869814589 28.0285565671 27.8914926652 28.1668961364 28.135784344 28.0059596102 28.0418584812 27.8450319356 27.8958353094 27.5841732783 27.6808428515 27.763196829 27.9254210262 27.7433094715 27.6758356555 28.101829233 27.8270668399 27.5396799621 27.8126003828 28.1277086818 28.1248465838 27.7122702987 27.8064960826
27.5847523596 27.6544171232 27.5763577137 28.0944111779 27.5817871257 27.5754982252 27.9977213513 28.1944976589 27.5052445143 27.6987771132 28.0152187903 27.9877947469 28.1094280077 27.6922191104 28.0230662875 27.5843195177 27.9464137924 28.128580949 28.0829128082 27.9259822524 27.5680438353 27.9581143696 27.5089726996 27.8094587392 28.1256162261 28.0549772901 27.5687018101 28.1636642915 27.993614285 27.8837035521 28.1728440873 27.5991722464 28.0309880585 28.1874960555 28.0578821341 27.8095792559 27.6286932222 27.5996385106 27.9431441354 28.1999207676 27.8158322465 27.7598427728 27.8155276262 28.1729435633 27.8212009282 27.6713616139 27.9094932923 27.7265034893 27.5135209187 27.9693240067 27.5857411581 27.603150866 27.7593477777 27.8698591195 27.9335830333 27.9161064597 27.6437678583
28.0431272085 27.9590240068 27.5383694868 27.8085434201 27.9680084536 27.5931122575 27.8624509929 27.7258185861 27.6568741171 28.1979969646 27.6753706764 27.5206909961 28.0178325931 28.1785196128 27.6765286543 27.9315444047 27.9400315108 28.0639550411 27.7417160847 28.0727565757 28.1507811784 27.885764722 27.8263818832 27.5607594951 27.6436388697 28.1169762532 27.8937420158 28.0170786535 27.8718702922 27.6596077544 28.148641747 28.0601731277 28.1045147423 27.5775882935 27.7145695704 27.5872633892 27.7064550177 27.7846647479 27.9005521525 27.5834916544 28.0902448025 27.6999559523 28.1998807714 28.0055219556 28.098867824 28.1489632663 27.9710069478 27.957999089 27.5311739469 27.6952349106 27.5770282047 27.7204139117 28.0368550857 27.6742366237 27.5995735715 27.5312190231 28.0947559372
