Spatial_Output/DEC/DEC_0298.asc
NCOLS 155
NROWS 192
XLLCORNER 196307.867259
YLLCORNER 449144.565805
CELLSIZE 33.573938
NODATA_VALUE NaN
[rows 52 to 77 of 192, columns 57 to 113 of 155]
44.5020631033 45.05510554 44.5615438776 44.8999357251 45.1680240799 45.1289772599 45.1281963949 44.7291234865 44.7573773056 44.790204734 45.1691387099 44.7141727855 44.8010635234 44.8294492553 44.9105152959 44.7026576269 44.6232252831 45.1510489733 45.142402641 44.7016572052 44.804929113 44.5150856244 44.8128467121 44.9013930318 44.5946766938 44.5345429637 44.5982369347 45.0605231133 44.7398184915 45.20611234 44.6805980141 45.1039663077 45.1975151259 44.8130081693 44.7816444936 44.7070025061 44.8492591866 45.1917216912 45.1019900889 44.7660443545 44.5524472135 44.9456738967 45.0630220214 44.9065673405 44.7230710384 44.6063821388 44.6196095995 44.9886268956 45.0037988309 45.0277002722 44.9157212433 44.8392017293 44.919756262 44.9469293357 45.1087180805 45.031911578 44.5309159452
44.5132334421 44.7215307381 44.7237050762 44.9502866105 44.5501784646 44.7427850691 44.8771871574 44.770353024 44.7445639742 44.9554862997 45.0706659887 44.8599404643 44.9352915471 44.7119932912 44.5383635477 44.8469748423 44.6589660675 45.1300143678 45.0224262814 44.8507416316 44.609753343 45.127676434 45.1847473653 45.1554109576 44.7087411586 45.0377530635 44.9455143163 45.1155456888 44.900532299 45.0369075764 44.9420240682 44.7456780359 45.0436755488 44.8307657705 45.085048764 44.5411111874 44.979392964 44.5614633531 44.8764892672 45.1404206507 44.6906785697 44.9749431088 45.1779144384 44.5453709463 45.1827848037 44.7961672249 44.6349352366 45.0480228229 44.5573974744 44.5309946506 44.5086764594 45.0008728018 44.8848216753 44.9669372194 44.9069160874 44.7106908911 44.8568703468
45.1688914589 45.0041135247 44.8686600481 44.9882263031 44.8506121867 44.8425467529 44.8919882446 45.1350540887 44.7397030396 44.6723229205 44.7869605936 44.6050217883 44.9128553116 45.0388085336 44.6101896224 45.1190270349 44.7159967229 44.8686008041 44.5143165389 45.0156067482 45.0633035314 44.8079669812 44.6271936535 45.0546353323 45.0076154554 44.8643169414 44.6167138963 44.7267229576 44.9354913331 44.7698959801 44.6249387145 44.6945292924 45.1188737954 44.5660882309 44.9760130131 44.565138693 44.8905560918 44.9699685224 45.064141456 45.083390064 45.0121584845 45.01825134 44.5687656738 44.8983522214 44.7581418164 44.7757750134 44.5350831459 44.6889207248 45.1259679491 44.7419362277 44.8695843942 44.6108648403 44.9025141287 44.9314519117 45.2013824777 44.8112079413 45.1836968144
45.16854113 44.7322768762 44.589505898 44.7238951571 44.5334098568 44.7771949664 44.5303354784 45.0080653179 44.5828543917 44.6704331121 45.0793156542 44.8120195952 45.1254819808 45.1472557287 45.1894708072 44.6306642437 44.7062780133 45.1491969657 44.8599255774 45.1804117668 44.548639955 44.9847295899 44.7447366754 45.0957016711 45.1089382608 45.1808297945 45.1706554641 45.1080562929 45.1648870866 45.1545806368 44.9307732791 44.6014363636 44.5451081965 44.538429547 45.0356885552 44.8926541323 45.0871206894 44.8436066281 44.9873268571 44.8380233014 44.7091282419 44.5516790593 44.6605709499 44.9762513042 44.7573587905 44.6022099135 44.5515149058 44.7739337703 44.9393364631 44.5647770207 44.6748004898 44.9615745527 44.8581124396 44.6302255778 45.0361792054 44.6838197603 45.1576487964
44.8131943748 44.6553464729 45.1848532053 44.7602677037 44.8353517214 45.1784638245 44.992060815 44.5817168584 45.0707910123 44.6237699696 44.7110856831 45.051382158 44.6497435004 45.106363576 44.7638627821 44.8141146158 44.9019107055 44.5961513846 44.844621689 44.7133157942 44.6761952844 44.9043338811 44.5610384741 44.8248474349 45.1426184412 44.9298241198 44.995966081 45.090926307 44.7573004656 44.9191366615 44.5461123122 44.6947925966 44.8309711798 44.8448425889 44.7214946574 44.8694181579 44.6028784935 45.1458356516 44.7838595936 44.6267984271 44.7341824493 44.9105650084 45.0266261045 44.984341422 45.0076546515 44.9331491235 45.1167367794 44.9478236193 45.0794606478 44.9867795179 44.8131710435 44.9557469691 44.887653173 44.5301430241 44.5864871847 45.1757681416 44.7308447271
45.2048503199 45.0694335594 44.6060931743 45.2046666201 44.874366397 44.8796242563 44.7693148925 44.9345162456 44.7684918551 44.610204673 44.7826813259 44.9298630606 44.8658064366 44.6118508943 44.5835725942 45.0134655081 44.8762924089 45.1848649069 45.0281176261 44.8591393098 44.7561804527 44.5844386123 45.1384736631 45.0885060978 44.866687928 45.1347241444 45.1436822057 45.0377682642 44.9690839037 45.1562826323 44.6358922682 44.8946070481 45.1917284368 45.0475780949 44.6406587722 44.8494520246 44.9882760412 45.2007091809 44.5857697305 44.7570332219 45.0368163787 44.9908678569 44.9274225096 44.5967447588 44.6589018843 44.8841158694 44.5563368523 44.5505206873 44.742660998 44.8194293223 44.7725291121 44.7023039674 44.7916052145 45.1720095211 44.7477528313 44.9250991493 44.6975896331
44.7281560922 44.9720277188 44.8248151165 45.1102831417 45.135783683 45.1325151697 44.501892953 44.5771497786 45.0147570085 44.7572758679 44.5870812114 44.8090905945 44.8703305163 44.9132714172 44.8997833436 45.2058857988 45.137941024 44.9661435476 44.5528686047 45.175227429 44.9095281934 44.5492387898 45.1709228381 44.8911223269 45.0794090179 45.1443890136 44.9999201989 44.7134332295 45.0510785231 44.7454928042 45.0027971263 44.5604992502 44.5335450496 44.574236893 44.9200119332 44.6404782994 44.7271640004 44.6632321099 44.6014455054 44.9833700451 44.5239261153 44.5524727332 45.0470727468 44.958126147 44.666562422 44.5471314258 45.0114885636 45.1504109387 44.6654681701 45.1388759238 44.7341280944 44.5364274872 44.8577257791 44.88853471 44.6030141063 45.0060098877 44.9431146265
44.5104393475 44.6914442367 44.9026750799 44.7155732371 44.9878612612 44.9607183548 44.8336180896 44.833750575 45.1793970159 44.6929164198 44.5901257191 44.6030741126 44.6448581141 44.6248990812 44.5457021068 44.8229962956 44.6879568166 44.8885320941 44.8324923222 44.8572600904 44.6870891157 44.6931577555 44.7023896971 44.8602641662 44.7762964731 44.9242110129 44.7446815063 44.5410969597 44.991201181 44.5584340564 44.5390088367 44.5209746649 44.931191586 45.0225302275 44.941509106 44.9570827348 45.1830930456 44.6399618114 44.5961528296 44.6421881152 44.5361949324 45.0786148117 45.1738491998 45.0293371101 44.8915681465 44.5470059753 44.8384065797 44.8093505967 44.5252760829 45.0053901778 44.8228385519 44.7408654237 45.1946931448 44.9728770776 44.9230682512 44.6690078741 44.5169861507
44.9711840665 44.6827204137 45.0232151461 45.1744776411 44.8599450036 44.9194842263 44.8528360551 44.7024844343 44.7555451893 44.6015165804 44.8601388491 44.6411720458 45.0585588549 44.6179536016 44.5498001293 44.8021428318 45.0747314422 45.0255230649 44.5952708158 44.598303089 45.0913919139 44.8818424466 44.685831861 45.1345462503 45.1105894544 45.1266014304 44.6601642848 44.9793027215 45.1834132891 45.0057373093 45.1264205122 44.5932317808 45.0410275419 44.6301296038 44.9131157007 45.1936503852 44.9050112802 45.2069056087 44.576080726 44.5275133674 45.0055616247 44.5526597322 44.9662753579 44.7181076926 44.915424218 44.5466443747 44.8792429867 44.9532980608 44.8127441203 44.9978777955 45.0512336083 44.9101172884 44.6677999489 44.6168224835 44.768992626 45.1306005161 44.9470337495
44.9809685902 44.5709681509 44.7680233384 44.8378614521 45.1578044887 45.0365480292 44.9734952946 44.9339001411 45.0514699588 45.1837205466 45.0089329108 44.8725709023 45.0458347479 44.5479560871 44.9243010089 44.5107814042 45.1687383347 44.5796764932 44.8556931198 45.0376569051 45.0966299281 45.1024191373 44.7434777429 44.7885320559 44.8874118063 44.9779439129 44.6088852583 45.0524553577 44.5548830471 45.0839242441 44.5773045308 44.5041100729 44.8411439963 44.7399764738 44.7879033876 44.832832784 44.5737785437 45.0079454559 45.0014377514 45.0638432504 44.6629298935 44.9764778041 44.9711599599 44.800927001 44.9122752082 44.8382964752 44.6498944821 44.8054948925 44.9988316781 45.0979095726 44.5929303178 44.893550264 44.5759459728 44.9227432157 44.7010314669 44.9131077173 44.5353246737
44.5866132871 44.7998682023 44.5145434314 44.6064690501 45.089396459 45.067880944 44.9461259583 44.5549622269 45.1281802377 45.1711419865 44.6136833208 44.7024150648 44.5677553151 44.6726674724 44.7109382874 44.8609812632 44.5153054712 44.5049254896 45.0918874442 44.5891360996 45.147068605 45.1472719443 45.1285117943 45.0425190482 44.5596323287 44.6670437103 44.8924236143 45.1320601283 45.0759487299 44.7894693828 45.0759991681 44.5838719021 44.7596240792 44.9981965789 45.1386959204 44.8834346177 44.5137463389 44.7253277753 44.5651963979 44.6952066404 44.5922441657 44.6222751732 44.711570055 45.2068039008 44.5058568292 45.0411112012 44.9000435919 44.6733235373 44.6129512391 44.5290992666 44.8033473087 44.5214280149 45.0258335379 44.6945578922 45.1128042949 45.0150792299 45.206528199
44.6124016392 44.9795600637 44.5512950152 45.0305473657 44.7610171221 44.7425968417 44.6842484599 44.5770048007 45.1987661282 44.9188253304 44.930485944 44.9418564713 44.7632536232 44.7619417134 44.5992366123 44.8951672811 44.5146089769 44.5549342284 44.7144065336 45.084760611 44.9978044369 45.0919684837 44.6324169592 44.8064470255 44.7149412573 44.684191605 44.7372526092 45.149537326 44.8019784013 44.6537012358 44.7314438803 44.5293313159 45.0752789819 44.5275096677 44.8476684629 44.6455656562 45.0399668921 44.9560192726 44.8598485503 44.549324255 45.0961003353 44.8382340709 44.7773796317 44.9941984321 44.5486024774 44.8076536793 44.9437228425 44.9421265466 44.6004271551 45.1996494665 45.0877233653 45.1617034448 44.6350131253 44.8168137635 44.5150969197 44.6358319102 44.6642277517
44.7765949968 44.6055040991 45.1109360296 45.1366320777 45.0919625482 44.8129814408 45.0383119248 44.5893100568 45.0625454148 44.6428547599 44.5683761733 44.9580076085 44.9810900825 44.6002403439 45.0339726346 44.7589571764 45.0877421399 44.5257306447 44.5821764611 44.8969833167 44.7383474597 45.1069712383 44.9421126868 45.0221156288 44.7565544641 45.13613858 45.117623965 44.7087853166 44.6949588018 44.7768646973 44.9456284814 45.0747329159 45.1639249595 44.5604785543 44.7439120674 44.6650596695 44.9893119596 44.7056234352 44.8117255601 44.7425540932 45.0570426827 45.0998817128 44.9365162313 44.8714810145 45.1863707427 45.0740029999 45.0476830471 44.837040041 44.959964668 44.9969009546 44.5925477422 44.5237452383 44.6877225945 45.1781540506 45.1051086572 45.1629494612 45.0312435103
44.5137985384 44.9353351784 44.7994173762 44.8963886798 45.050341227 45.0928315986 45.1432842629 44.7476436047 44.9721415279 45.019041282 44.5162447967 45.0377557815 44.8926974729 44.9868432521 44.5121149477 45.1796850268 44.5587963349 45.1347957766 44.6396147556 44.808099127 44.9148085973 44.9378876855 45.1119528736 45.1435971319 45.1455212563 44.7883575353 44.9637279435 45.1947218255 44.8654920073 44.5178177004 44.6264323935 44.5272632423 44.8016753902 44.7815277503 44.7862566681 45.0823748557 45.0150911258 44.7209967682 45.0102337992 45.0118568965 45.1133732916 45.1622246099 44.7436513595 44.9750504975 44.8324284044 45.1195196191 44.6300710899 44.7944743074 44.5387764428 44.5870110918 44.6706408509 44.6105463357 44.6180780911 44.5545011201 44.9593901402 44.7059470827 44.7877513833
44.9800630866 44.9621015312 45.0223226196 44.5180156332 45.0656511898 45.1491274491 44.9203857992 44.7759673681 44.8830846931 44.72758852 44.7444167232 45.0408184062 45.1730404993 44.5559081878 45.0064889981 44.999470886 44.9018193191 44.6826396178 44.7484542993 44.8334786765 45.1124298754 45.0748178149 44.7192385568 44.9823902389 44.5136110047 44.642523783 45.1121805115 44.6302800159 44.933070563 44.8263221636 44.9324283 45.1514332717 44.5450127977 45.1296766524 44.9217320361 44.7064712788 45.103398399 45.0118778022 44.8958610453 44.5697057543 44.6343559031 44.7590149882 44.6557077181 45.1328457924 44.9881461469 44.8033768957 44.5808917038 45.0580656408 44.6519803078 44.704428317 44.7958942115 45.0870324569 44.7703443673 44.6130367102 45.0786661202 44.7675988411 45.2055851537
44.6282232645 44.9072859094 44.5910987523 44.7457847028 44.9530219136 44.5672254479 44.6228877919 44.6130389146 44.8354290764 44.9886996407 44.8446963911 44.7367184635 44.8752610679 44.8122593057 44.7726623942 44.6955211377 45.1858700923 45.1393836069 44.7888074354 44.7714839321 44.7848046906 45.0183911299 45.1260479174 45.1047371291 45.1866533041 45.1955195992 44.5173139044 45.1276045422 44.5924910351 44.7359094299 45.0937429592 44.8733012675 45.0573214858 44.7605310946 44.9129057375 45.0766292862 44.6780226957 44.9468652351 44.8624712365 45.1953820095 45.0734138918 45.2050926971 44.7603616744 44.8339146706 44.6565078704 44.5574509464 45.1402132122 44.5388785553 44.9683286068 44.7069451555 45.0702510833 44.5114894231 44.9003385897 45.0657642349 44.6331405906 44.589587988 44.7414115554
45.0814180812 44.7624324979 44.716026566 44.5774453838 45.1452160013 44.5493293024 44.855767581 45.1839276466 44.5433821483 44.5153235725 44.9267625636 44.6789076151 44.6990244745 44.8978710987 44.7208450501 44.7527652209 44.9560970405 45.1812611038 44.8604597615 44.7949675165 44.5919069929 45.1439031337 45.0075814874 44.9263107959 44.7440698036 44.6528141658 44.699780254 44.7123279761 44.6351892476 44.7838194451 44.9337939191 44.9544705938 44.8554801699 44.9817716594 44.830133877 44.7603461354 45.0525081904 45.1899765612 44.5706839456 45.1880178333 44.6639917509 44.8129306012 44.9675798947 44.5335889442 44.7953996038 44.5002834934 45.0711411164 44.6876230021 44.8995603278 44.5636054494 44.5863259135 44.5901655749 44.78150148 44.5763733508 45.1036980609 44.5335631359 44.573592101
44.554812732 45.0186889679 44.6174122255 45.1095866486 44.5569297545 44.6956225863 45.0518329024 44.6824417664 45.1380530135 44.6502966475 44.6994329699 44.6997296123 45.1674524568 44.6087498943 44.918440307 44.6908489971 44.6729337291 44.5175668273 44.5429706741 44.5714918207 44.8506734699 44.8431835769 44.9534642791 44.7152858644 45.0889971629 45.0991254813 45.0500597581 44.7535150861 44.7534172721 44.6684054808 44.9371976787 45.1806184881 44.6236760108 45.0457892661 44.9001202383 44.7027827072 44.8753940102 44.7741756305 45.1283503149 45.0681568067 44.5240688766 44.8741651972 44.9382701853 44.9252821973 44.6543750628 44.8863426601 44.5406116099 44.9714949705 44.8179797943 45.0434257021 45.1369486259 44.5125640092 44.7214442107 44.8857365956 44.6561746163 44.7647282192 44.6819279075
44.960519036 44.5765246193 44.5049134208 44.5311625132 44.7990288023 45.0793645609 44.7128113596 44.5556782867 44.9300573553 45.1316613944 44.6239143125 44.5411679566 44.7199094728 45.1761936792 44.7884997557 45.0278363096 44.5870768871 44.9339115824 44.7211126311 44.9464528325 44.7834376241 44.694378866 44.9370121524 45.057377501 44.7089475042 44.7509343077 45.0979751861 44.9327125663 44.8487032428 44.7595400822 44.8902030039 44.7130235647 44.5174927646 45.0246264069 44.7505827078 44.7617952746 45.0307723972 44.8081788034 44.9406932791 44.6784060576 44.6200953115 44.5293616389 44.7017028427 45.0634064848 44.6332043309 45.1548885267 45.1032067853 44.7410990959 44.6428374852 44.5125420695 44.924380298 44.7323621024 45.0533446273 44.7124485527 44.6048935207 44.6514235341 44.5917944617
44.9057579202 44.5587881727 44.6237010895 44.5774222999 45.0959445912 45.0917698935 44.907264512 44.8805328202 45.0264190435 45.1303723872 44.7606494105 44.9630970294 44.5211906908 45.1751137857 44.7527653172 44.8136781078 44.7560235479 44.8291556341 44.6133841461 44.8451230025 44.8382796005 44.6097446994 44.8997923417 44.5439050589 45.1301420722 45.1843308759 44.8166149855 44.5476169888 44.8802430171 44.7683900564 44.8642987253 44.6685173087 45.04597192 45.1485343846 45.1765773085 44.6584821863 45.0999616663 44.6543881277 45.1961205814 44.9759181495 45.0174585812 45.1741841073 44.7429010433 44.9801140463 44.9930852514 45.0621900298 44.5952066831 44.6999189335 45.0945876007 44.8428704047 44.5867265706 44.6172638847 44.6754786836 44.5675129443 44.5772219521 45.033749435 44.9065681815
45.0819504912 44.9647280871 44.5648967305 45.0152384926 44.910964561 44.7093524525 45.0611439509 44.9075870208 44.7009559946 45.1051464962 44.7939457895 45.1379717812 44.5776596348 45.1112007264 44.5503458884 44.9357508059 44.8569977817 45.1499095172 45.0555497934 45.0179353774 44.5471360722 45.0512474587 44.8969890368 44.6364357422 45.0471676079 45.1273044877 45.046804725 44.5499148416 44.8489465648 44.8951340146 45.0511400698 44.6132756928 44.7995228154 45.0128313614 44.9317906447 44.9042279175 45.011769071 45.0448535333 44.957498918 44.5129891309 45.0707944886 45.0008967224 44.7490222301 45.1183278589 44.5576510668 44.9851824517 44.6583244099 44.9600558593 44.9374539184 44.8448008297 44.7330591769 45.1502292858 44.9797741351 45.0235043502 45.008469227 44.530337762 44.5156537376
44.6859764522 44.7256245357 44.8503006052 44.7412545614 44.9734180046 44.9981851045 44.634857325 44.5546770288 44.8446682403 44.5772054466 44.662711174 45.0468433534 45.1867472429 44.9594108107 44.6631379309 44.8168381457 45.1075028107 45.099797553 45.170889285 45.1029034578 45.0949606206 44.5140675386 45.0180083522 44.7319010437 44.9009303438 44.5844342637 45.0517613927 44.9479989636 44.7569971771 44.6801239156 44.9334526152 44.6360442152 44.5588918344 44.849037761 45.1493476474 45.2062916491 44.6437810841 45.1908162993 44.5098969398 44.5572358811 44.9248506959 45.0444892781 45.0460729945 44.6557572173 44.9746972189 45.0307480811 44.8655076229 44.6675650191 45.1976161039 44.7448106938 45.0210484202 44.5037291779 44.9406006152 44.5374174156 44.7070532968 44.6570052823 44.5148254641
44.6787050219 45.0724988479 44.6002305401 44.9754017513 44.7721677635 44.5486066828 45.1777974123 45.1317257519 44.8939854587 44.6772103006 44.6237564782 44.7896766556 44.5724464544 44.9496471313 44.628158169 45.1846800703 44.5884089825 45.103571285 44.5795176625 44.9440959367 44.8922880271 44.959770089 45.072860835 44.8879567225 44.6337115412 44.5072864127 44.5329193151 45.1250383034 45.0045833053 45.0332201698 44.7001780379 44.7250113941 44.5234083562 44.9374826444 44.7913574924 44.8413657348 44.6733072613 44.8592898162 44.9215567605 45.1462952804 44.9720258276 44.6899231738 44.5256372879 45.1969938883 44.708387631 44.5381378332 44.5889000904 44.9150791607 44.5130640616 45.1627240828 44.5264593568 45.0601448978 44.8863901074 44.9891806449 45.2004185939 44.5971355077 44.6758068903
44.7072546961 45.0874515313 44.886664067 44.5802328462 44.9195566037 45.1319286479 44.5598001588 44.6171028639 44.8586159162 45.0148454911 44.5504487268 44.9613068422 44.6715521964 44.5086355896 44.9800112384 44.7622872984 44.7071135766 44.847150506 44.6870717209 44.7479938911 44.7773876598 45.0231762294 45.2008846869 44.7304854903 45.1035792842 44.529841735 44.7282693456 44.7289506198 45.0267438816 44.6955769532 44.6274093244 44.5933771876 44.8160939162 44.5980078935 45.1061376928 44.5457228564 44.5561473126 44.6366100738 44.6901276476 44.8553936316 44.9092050515 45.0570912262 44.5903770928 44.768748971 45.1666565921 44.8617649731 45.0419023647 45.0538396389 44.8301762281 44.6022930191 45.0564472195 44.7306948349 44.6621253536 44.9729678107 44.8002747885 45.0833229166 44.796445938
44.9897267653 45.0244673056 45.0293834119 44.9451535925 44.9547040036 45.0455966363 45.0172805823 44.7708340455 45.1002061866 44.6004793774 45.1106629146 44.8644337683 44.8623750061 44.8271192346 44.597746831 45.1360556681 44.7880495393 45.0142715712 44.6237850012 44.8805276094 45.0730245179 44.9945022653 45.089034356 44.5603261177 44.5595264363 44.8412108126 44.9925691049 45.1775619207 45.1163344527 45.1468690809 44.6234577002 45.0164940372 44.5221720465 44.5122190447 45.0094090744 44.6661220162 44.85621822 44.9987794391 44.7805964256 44.9776919377 44.8007111188 45.1577887978 45.1873295945 44.6699483119 44.5787058382 44.6371671978 44.7668051917 44.6489645953 45.0519407496 45.0752944396 44.8451101375 45.1810914304 44.5056956943 45.0005880897 44.7289030217 44.5813483318 45.0821004285
44.7844019828 45.1893749402 44.858708088 44.5640725783 44.9316681921 44.7928315267 45.0725666923 44.7275186308 45.0857094869 44.6959677643 44.9950756632 44.9520115046 44.7818958716 44.9521455179 44.8445700714 44.7510212537 44.971092569 44.6579909169 44.7323655762 44.7302179522 45.1542876229 44.8989380079 44.6476428698 45.1884434647 45.2022783493 45.1019834207 44.5747210099 45.1720488952 45.0823525546 44.5544342159 44.6687189506 44.5031268705 44.794856427 44.784035332 45.1685445513 45.0214607757 45.0545102533 45.1568255338 45.1763820983 45.1768264944 44.7764847761 44.5845286272 44.9316174034 44.6732940404 44.6881258539 44.9153973163 44.901891704 45.1372214921 44.7860859769 44.5881426984 44.5607988492 44.9116917691 44.6635802252 45.1426339488 44.5068728824 44.6820137451 44.9398933235
