Spatial_Output/DEC/DEC_0280.asc
NCOLS 155
NROWS 192
XLLCORNER 196307.867259
YLLCORNER 449144.565805
CELLSIZE 33.573938
NODATA_VALUE NaN
[rows 78 to 103 of 192, columns 0 to 56 of 155]
0 0 0 0 0 0 0 0 0 0 0 0 0 44.6443732475 44.5542409567 44.9549579062 45.0597911586 44.8020679133 44.953031844 44.5833031134 45.016326966 44.5409040601 45.0499999958 45.0344878528 45.1959221228 45.1633074985 45.021974233 45.0678204411 44.8978107518 44.9020607689 44.6080463279 44.6571838674 44.7946907263 44.9955658239 44.5478770218 44.6356603645 45.1167579214 44.8684594129 44.878458303 44.7517529263 45.1074655427 45.0246136562 45.0638930325 44.7073194076 44.9616252528 44.5714331579 44.5445474087 45.051542777 45.0002932903 45.0767329992 44.9839986395 44.9842726608 44.8344656515 44.5423464389 44.9926609409 44.799235881 45.0973004206
0 0 0 0 0 0 0 0 0 0 0 0 0 44.8667140681 44.8859179522 44.5207374021 44.8051006518 44.6567072443 44.9886963647 44.8057001834 45.0673381703 44.9461703666 44.9279921667 44.6849324355 45.2047262131 45.0829455178 44.5713452894 44.8596078388 44.8621297964 44.7597696178 44.9112014695 45.2001217407 44.6275164106 45.1816128678 44.7458207963 44.8202224404 44.9499738365 44.8155127003 45.1463080692 44.7422264018 44.7266701884 44.789208755 44.5037705919 45.0951312552 44.6588465035 44.6593754714 44.9685619622 45.0445712061 45.1683343746 44.8197053335 44.8963900521 44.525913692 44.6297472402 44.9291546941 45.0547458007 44.8635652573 44.792760914
0 0 0 0 0 0 0 0 0 0 0 0 0 44.7935516469 44.7948564578 44.8427684799 45.0808700966 44.693586295 44.8423594215 45.1577825825 44.9946227309 44.8317494392 45.0621494585 45.1814909762 44.5039322621 44.5431422879 44.9002278691 44.6924893991 45.1715004408 44.7521804083 45.0426647503 44.6641302834 44.7869741011 44.5808519931 45.1087135895 45.1784948645 44.8647791596 45.060959957 44.6797171363 45.0635117119 44.7130396207 44.7686801372 45.0096845456 45.0462712249 44.6922624983 44.6583275659 44.7492590221 44.7454148289 44.8404711421 44.9427433385 45.1367976389 45.1008291919 44.862361576 44.8365515674 45.185352339 44.6856619607 44.944167663
0 0 0 0 0 0 0 0 0 0 0 0 0 0 44.9316249329 44.9894141095 44.8351814114 44.9249582832 44.8780563757 44.5248789126 44.6917163417 44.7921885216 44.7520510898 45.110161829 44.527935887 44.8928040339 44.7271846293 44.9805188387 44.8138896401 44.7012196158 45.1057993225 44.6523336114 45.1137610397 45.0966981788 44.8443035818 44.7645709848 44.9084305392 45.1871681659 45.0591510578 44.5239363576 44.6027546614 44.5726650827 44.8827813189 45.0069212996 45.0204168819 44.6086645376 45.0129775945 45.1161877697 44.5876039377 45.0714307009 44.9847521544 44.7819250642 44.9397785608 44.5840003406 44.552949419 45.1886422695 44.9663055929
0 0 0 0 0 0 0 0 0 0 0 0 0 0 45.1819563426 45.0716090812 45.0609678461 45.0671827372 44.7043738133 44.8081219989 44.6296507721 45.0768781308 44.6122174406 45.0940709287 44.7184648952 45.2034682945 44.6413447429 45.0763838247 44.9037095833 44.7563650439 44.7609995615 45.0077379099 45.1563558048 44.8964126479 44.6540405859 44.5334098471 44.7824043279 44.9427677812 45.0669671526 44.8636255265 44.5160674077 45.1666984041 45.1645149515 44.7754225462 45.1720588648 45.1473648252 44.8956110082 45.0514008915 44.9089339757 44.8776189769 44.5931555297 44.6371458232 44.9437549613 45.1163954381 44.7067981261 45.0619393537 44.6054529077
0 0 0 0 0 0 0 0 0 0 0 0 0 0 44.929595029 44.6641391987 45.0105429837 44.782087741 45.0347286517 44.9276319038 45.1300854224 44.6945396751 44.6250950512 45.1523049072 44.706769881 44.6282768529 44.6791181753 44.815287781 44.6275010245 44.6115293254 44.8602630618 45.1164407637 44.9062652759 44.9725431301 45.1635002631 45.0905872902 45.0769502138 44.5186303797 44.7198216967 45.0451691998 44.6807361039 44.6219659027 45.1266281456 45.1364754815 44.8975154446 44.9774454963 44.6365530252 44.5413427468 44.9190777192 44.7615999812 44.8070754243 44.965887535 44.8325069444 44.9788068361 44.7633327224 44.9403517836 44.7989271718
0 0 0 0 0 0 0 0 0 0 0 0 0 0 44.9335324199 44.5337263622 44.8499883788 44.7203541768 44.9502215291 44.8429847275 44.8107367031 44.562851072 44.7493393369 44.9305028876 44.6720254939 44.7435429934 44.5207893034 44.5956787199 44.5902873177 44.9394118658 44.6591188932 44.7495413156 44.7524442084 44.5601061754 44.8492864568 45.1602615635 44.734491303 44.941360141 44.5704659619 44.7250249181 44.6809166144 44.7842074231 44.9024798215 44.6143560743 44.8193866871 44.6896952386 44.8475933046 45.1699099235 44.6709986001 44.5016173294 44.6366205893 44.9683539371 45.1779476717 45.1646515244 45.1236778044 44.611766834 45.0581533614
0 0 0 0 0 0 0 0 0 0 0 0 0 0 45.0363477921 44.8679208434 45.1440126203 44.8211240786 44.880235304 44.7106845574 45.1185790031 44.630682346 44.5170713612 45.1423613235 44.6671145591 45.0743234715 45.0729374263 44.8985100637 44.8235213 45.0906757493 45.0681972594 45.1911336272 44.5945043601 44.9241849486 44.9568006572 44.6326616265 45.1486929425 45.0806014234 44.88368631 44.9287876537 44.8266903738 44.5194022142 45.0505463055 44.9837633692 45.1595039658 45.1418544895 44.7598701656 44.5885570099 45.0022588193 44.940249625 45.0851301069 44.6237228148 45.1326295598 45.1386525939 44.5071508425 44.7461434287 44.8785173566
0 0 0 0 0 0 0 0 0 0 0 0 0 0 44.522186187 45.1121684523 44.8344185795 44.5673633773 44.9279502291 44.6627443213 45.1600285212 45.1672034788 44.6496622455 44.6954817827 45.0134188674 44.7510730251 45.0152165816 44.9247246198 44.8485546579 45.1893778438 45.1385532573 44.7642587037 44.6829820845 45.1551459348 45.1609550032 45.0415425556 44.6143646329 44.8133066358 44.69016837 44.6916858744 45.1819419571 45.032264213 45.1929255723 44.9312276026 45.058062255 44.6935961387 45.1819463707 44.557022745 44.7237672082 44.7065134079 44.7548848047 44.8861752478 44.6389144906 45.0436594663 45.0155208393 44.5901693327 44.7947648619
0 0 0 0 0 0 0 0 0 0 0 0 0 0 0 45.1906718385 45.0681378249 44.9249622703 44.5471495829 44.8902163977 44.9915800036 44.9883416794 44.7643772268 44.6801501922 45.1267857333 44.9940459597 44.8232312779 45.1628643828 44.5619929694 44.7036339083 44.7923865036 45.2013619025 44.7255423501 44.7247062331 44.7206997361 45.0657360553 44.9865180478 44.7542217948 44.7991877278 45.1226628051 44.5958993199 44.7480546977 45.0334139759 45.1575123621 45.110167892 45.1101829583 44.6762303947 44.5109644762 45.0555480638 44.8091241918 44.5232233517 44.5109751216 44.9229413751 45.1492801542 44.9484706481 44.7716487542 45.0518433384
0 0 0 0 0 0 0 0 0 0 0 0 0 0 0 0 44.5448057876 45.0785645356 44.7726943432 44.8998457025 44.5011946092 44.5559183895 44.6981272229 44.5436497401 44.9041726321 44.7823619319 44.9327254061 45.1844520621 44.6024649855 44.9247367294 44.5705981652 44.5073200297 45.1299027722 45.040779776 45.0592131811 44.9137809232 44.7009111912 44.5491288525 45.1784362584 44.6633514919 44.749960106 44.877197006 44.9692899124 44.5484434488 45.1714875446 44.5656456321 44.9415482216 45.0920468281 44.5047357411 44.9673083449 44.8042155657 45.1328112585 44.9602402822 44.9941300193 44.9515216893 44.6144691097 44.85969799
0 0 0 0 0 0 0 0 0 0 0 0 0 0 0 69.7571762143 69.7571762143 44.9983403212 45.0301428086 45.1519686755 44.7611113132 45.1120087418 44.5075344912 45.156412178 44.8628861985 45.1842957689 44.932523075 44.5548416969 44.6309561807 44.7257439751 44.669910742 44.8796332343 45.1519158606 44.9404542207 45.1386325837 44.5609069353 44.5773121859 45.0001651421 44.7431406085 44.5616557582 44.7510472993 44.7883140245 44.5277951935 44.9985165684 45.1723506228 44.7509139223 44.7602659824 44.9895871129 45.088709962 44.9951222493 44.6056958599 45.0827960971 44.8339675612 44.6836757175 45.1498750333 45.0688394891 44.6924741921
0 0 0 0 0 0 0 0 0 0 0 0 0 0 71.1128159093 71.1128159093 69.7571762143 0 44.7016527525 44.8542197921 44.7937010672 44.8759557682 44.66229183 44.898295465 44.7293287081 45.0036221763 45.1747528864 44.7584402808 44.7268347001 44.6189090065 45.0126775236 44.8601307577 44.8324664167 45.0958741796 45.0621955283 44.6890984266 45.0953627192 45.1977507259 44.9283419498 44.8526289651 44.7465918948 44.8506010657 44.82291314 44.7570389473 44.9654823392 44.9871522855 44.7135369215 45.0734164658 44.5731638276 44.722159091 44.9679477831 44.7156789064 45.0345278508 45.1444575976 44.566389296 44.6995663665 44.9100941921
0 0 0 0 0 0 0 0 0 0 0 0 0 0 71.1128159093 71.1128159093 0 0 0 44.8385975842 44.9054522675 45.0318613525 45.1174979981 45.144223302 45.166008043 44.6901921294 44.9845378619 44.5784250682 44.7634083785 45.0263090047 44.8123452612 44.6509470465 44.5158398009 44.9398470957 44.5871615607 44.5704925941 44.7646866768 44.9021857228 44.8844937776 45.0734863348 44.9826222918 45.0592558401 45.1144907972 45.0774678329 45.0364402605 45.0355100015 44.5472289351 44.8792514775 44.5121784972 44.7982819209 45.1394072522 44.8069581141 44.7354840512 44.5315966256 45.142516975 44.7483773541 44.6323399594
0 0 0 0 0 0 0 0 0 0 0 0 0 0 0 0 0 0 0 45.0873036118 44.8489107274 44.8090430835 44.8179544518 44.6371909245 44.6658944105 44.9725832271 45.1591456977 44.6679906808 45.0388133871 44.9047063948 45.0023226106 45.0672689398 45.0300493028 45.1734130286 44.5517184134 45.123360758 45.1032232536 44.9374273826 45.095501889 44.7356118979 45.1393175168 44.8563394869 44.9988805574 45.0363755382 44.6765782011 44.990394147 44.6788147678 44.6024911386 44.9947598741 45.0858681023 44.6708884674 44.9551834068 45.0757338392 44.6615424927 45.102955719 44.8468628246 45.1367689211
0 0 0 0 0 0 0 0 0 0 0 0 0 0 0 0 0 0 0 0 45.0905948447 44.580674751 45.1439146093 44.8982421402 45.1542594538 44.567700387 44.7547025608 44.9855015383 45.1282997832 44.5916475856 44.9259276193 44.7316599367 44.9486706673 44.9672061821 44.8200899636 44.7228801261 44.5746348347 44.7055653222 44.8848148212 45.0504471952 44.5611998607 45.0993400453 44.9439015503 44.7521174784 44.8775984286 44.706281808 44.6808854452 44.8605428125 44.883963487 45.0716000039 44.5227633626 45.0512639427 44.9025218701 44.5143143904 44.7847420671 44.5450606017 44.9695015729
0 0 0 0 0 0 0 0 0 0 0 0 0 0 0 0 0 0 0 0 0 0 44.6642251967 44.7300629558 45.1214353755 45.0848038181 45.0279262228 44.7678344438 45.0869836783 45.0346737171 44.615213673 44.7526067899 44.9602267215 44.6407149331 44.7245224506 45.1878262598 45.2023553048 44.8026428542 44.6661079332 44.8502402346 44.604545442 44.6442122162 44.5846348874 45.0625758089 45.1841080727 44.6041560378 45.0879346886 44.6613909187 44.9342635353 44.5005970087 44.708843931 44.5933262411 44.8127939183 45.04850397 44.6526163678 44.9145224848 44.5004080296
0 0 0 0 0 0 0 0 0 0 0 0 0 0 0 0 0 0 0 0 0 0 45.0848211212 44.8800546857 45.115653765 44.7760319529 45.1164938959 44.5924306187 44.5218295001 45.070130812 44.8603541146 44.9138488339 45.1243174367 44.6933968744 44.5127256316 45.0712795614 44.8175206778 44.7717339582 44.9571017562 44.6465602366 44.6812898273 44.7787252471 45.178899877 44.5398071838 45.137680405 44.798115316 45.0635705883 44.7164730946 44.887846439 44.7892386898 45.032524353 44.7026459479 44.5323026372 44.7272246981 44.8243477493 44.5949380373 44.9603282641
0 0 0 0 0 0 0 0 0 0 0 0 0 0 0 0 0 0 0 0 0 44.6782698466 44.5548235704 45.0316646303 44.658526857 44.9464844441 45.1573186548 44.5156407129 44.5813072744 45.0359531004 44.792167865 44.7308193127 44.7936324433 44.8398638849 45.1506875909 44.6354083995 44.913155578 45.056716472 45.055464327 44.6359052056 44.6585653292 45.074189458 45.1289459966 44.757688766 45.1530402373 45.0280554866 44.6193284138 44.5950013684 44.8485346991 44.8814308541 44.7477754612 44.5500277605 44.9822290407 44.5931556164 44.6186928452 45.035244517 44.9696652775
0 0 0 0 0 0 0 0 0 0 0 0 0 0 0 0 0 0 0 0 44.6616203415 44.6101245953 45.1908704831 44.8743766617 44.806475723 44.7135007815 44.9801727826 44.9894636429 44.5303172624 44.749034959 44.6398857869 45.0526428487 44.9484680017 44.757884356 44.6619932435 45.0343840112 44.9397248026 45.1566650168 44.6214673314 45.1140258976 44.6796016592 44.8852552264 44.8412044779 44.8571767708 44.7778560404 45.100353428 44.7728912034 45.045956182 45.0224810425 44.5818039726 44.8899707962 44.8654444226 44.5772739735 45.1597070345 45.0738012044 45.0412799159 45.0697930633
0 0 0 0 0 0 0 0 0 0 0 0 0 0 0 0 0 0 0 44.6106761376 44.6290025576 45.0437010574 45.0460984407 45.1582818271 44.9591177257 44.795282433 44.5639798503 44.8107701445 44.8093315229 44.7306710594 44.7085571082 44.7166481236 45.1348623329 45.1186726266 44.9414625758 45.1086440574 44.5784669571 45.0761574803 44.6711196398 44.7480692464 44.878986282 44.7363489826 45.0607802038 44.8716897795 44.7415725045 44.8648678276 45.070388485 44.9016002539 44.5276252714 44.9755448495 44.7326954498 44.9564796776 44.9426858363 44.7764466657 44.5826611049 44.8507807171 45.0918634756
0 0 0 0 0 0 0 0 0 0 0 0 0 0 0 0 0 0 0 0 45.0890842798 44.5156124146 44.6594485193 44.8137630238 45.0113692088 44.7214563649 45.0618766678 45.0391646253 44.8218378567 44.9032271843 45.1862772256 45.0850521883 44.5656545152 44.6058748482 44.5174680735 45.1473134413 44.7937898765 44.9148901916 44.6587080939 44.971057061 45.0404741633 45.1892530288 44.7286913173 44.6790668512 44.5525593223 45.0032447405 45.2023065546 45.1028393751 44.8679974435 44.7373960188 45.1688576975 44.6717330894 44.5763153771 45.0753730132 44.982035767 45.1373154823 45.1974920516
0 0 0 0 0 0 0 0 0 0 0 0 0 0 0 0 0 0 0 0 0 45.0064743164 44.690001996 45.0107821949 44.8471919809 44.9966194039 45.1872359174 44.5879908501 45.1974846483 45.1285672678 44.7139021234 44.85591126 45.177091967 45.096627693 44.8374417915 45.0518046784 45.1575094557 44.7387037991 45.1535277132 44.9806199152 44.6125858663 44.5961322015 44.5636669383 45.176820298 44.9208955818 44.8302599568 44.8323856599 44.6707913846 44.9636067737 44.7066325606 44.8220242596 44.7638709005 45.0237129899 44.6384161521 45.0732214616 44.9631320063 45.1353235
0 0 0 0 0 0 0 0 0 0 0 0 0 0 0 0 0 0 0 0 0 0 0 45.0060815135 44.8123930341 45.0936060707 45.0984204919 44.9543503293 44.7010517283 45.1184292653 44.899530147 44.9119651556 44.9339983169 44.5797498869 44.595430833 45.0966887029 45.0030669068 44.6312910866 45.1024505612 44.7916678851 45.0960635279 45.1875709383 44.7591568884 45.1459650028 45.1817731866 44.7863406281 45.1716457914 45.0965041474 44.6819971504 44.5094910084 45.1285352188 44.9053874237 45.1428981264 44.5451536121 44.9323768575 44.8562916324 44.8634778337
0 0 0 0 0 0 0 0 0 0 0 0 0 0 0 0 0 0 0 0 0 0 0 0 0 44.5753013794 45.0543734609 44.8631385936 45.1922318482 45.1339313774 44.9366634771 44.909506685 44.9467815281 44.6499267415 44.8785957337 45.1103977695 44.6828803435 44.6474547918 44.8805459876 44.5651934209 44.5716150149 45.038434747 44.7326527025 44.7633765769 45.0602193857 45.0175662078 45.1941482015 44.6605468081 44.525664068 44.5645651771 44.55171553 44.7334838751 44.6424962929 44.6702750959 45.1492794738 45.1337552425 44.7699212356
0 0 0 0 0 0 0 0 0 0 0 0 0 0 0 0 0 0 0 0 0 0 0 0 0 0 44.9880402333 45.1160810251 44.6822132279 45.1772040536 44.5929809169 44.5894837012 44.9304350787 44.5492585384 45.1407905569 44.7243812856 45.1599568583 44.8408781169 44.7440376742 44.5678347632 44.8532508582 44.915802453 45.1732501351 44.6934565393 44.7598343392 44.6127445066 44.8500594252 45.0892483109 45.1514983571 44.6243487164 44.6509910301 44.9018643793 44.7077957113 44.7710248873 44.8133306832 44.7993720898 44.8213097171
