Spatial_Output/DEC/DEC_0751.asc
NCOLS 155
NROWS 192
XLLCORNER 196307.867259
YLLCORNER 449144.565805
CELLSIZE 33.573938
NODATA_VALUE NaN
[rows 104 to 129 of 192, columns 57 to 113 of 155]
23.2387073489 27.0802340139 23.0083316207 23.0149113853 23.882595881 24.697584139 23.8599486105 25.1695563987 23.2200222344 26.4773545727 24.0009227678 24.606975638 23.1196382201 26.2724109839 25.4849254434 25.8096427985 26.044656757 27.1687023132 23.5688899058 24.7434613518 44.2473525239 23.3703527491 23.2368120492 24.0291617792 75.0415065167 25.9821957913 26.3501661932 52.1063019363 25.0228498735 27.0738720311 23.9668460275 27.2213742475 26.6792629051 23.8327442096 26.3151414896 26.1097201812 23.6659075702 23.899210122 24.4597605287 24.419365346 24.8218038046 25.4749107571 26.5725476005 23.3532449142 25.3066421067 23.1768554483 24.9265815172 26.7948164695 24.2910984242 25.3401146435 26.2447978219 24.830230707 25.1024965458 24.2292421331 24.2185029893 26.3358650333 26.4426752485
26.5541888333 25.140308874 25.6962113879 24.3007190552 25.8020464074 24.2344277125 26.3151116354 23.5363320453 60.234563063 24.8917046497 23.7953281458 24.0145080242 24.3724514849 27.1233157517 25.8446915698 23.5138705831 27.2233916447 25.2572602016 26.957076084 26.209126676 44.2473525239 44.2473525239 75.0415065167 75.0415065167 75.0415065167 25.4992264129 52.1063019363 52.1063019363 52.1063019363 26.7404693516 25.7402579649 27.0344551719 23.7356058667 26.5749478002 24.9854451992 24.8649975941 25.2781732267 24.9035833035 27.1553133653 25.1481084743 23.3693298861 23.4323933132 25.498764595 24.1669430221 25.9569786856 26.5716059984 26.1888209645 24.813612632 23.3483976491 23.7314012358 24.2752506153 26.5259979329 26.2948029144 24.3641529803 23.5107083798 23.6821114803 24.0839434121
23.9672916828 24.4352877108 23.1572979119 24.1800487813 26.1036842216 26.9018504443 24.1360683814 25.317426326 27.1252181949 25.5448643201 26.9011375405 25.5440352603 26.1549492773 23.7279629075 23.8321523479 24.7833990733 27.0096352864 26.1447089047 26.0919380743 25.2338668457 23.2082521906 24.3057647965 24.4548523928 75.0415065167 75.0415065167 26.551878588 24.4218346888 23.780784951 24.2053988839 26.5558270506 23.9411310738 25.2590374492 25.1923903617 27.0040891449 25.4396031351 24.8572686625 25.4680076301 26.1615630538 26.6990715306 27.0263424619 23.0521802808 25.3213081772 27.078333609 26.8823262692 24.4059705877 26.2360478145 25.0989060374 26.5910340937 23.6513873546 26.8836802383 27.2220578833 25.819267537 26.7244590639 26.3687816482 23.9800468235 26.3020389987 23.5099750559
24.9157225325 26.4143926458 24.0103696183 24.2541292088 26.5911155181 25.8389575687 26.5453655935 25.4549934566 26.8898762832 26.280534412 23.5569736306 26.1323004781 26.8305996427 27.1869013481 25.4353804699 26.2003533227 23.6844096133 24.0279692029 25.0335949225 25.7297087061 27.0946520647 25.438193554 23.4973050026 25.0697138652 24.204736099 25.2117615839 24.4442725694 26.2318410848 25.8493123651 23.0289859902 26.6879684506 26.0201592293 23.7351349441 23.9541938492 24.3685416759 24.5677837765 23.1034515896 24.6008329903 25.8970223154 23.4121806316 27.0138105792 24.3265222003 26.7653567019 24.6775018829 25.1321345732 24.3544311035 25.4947396138 24.2743509119 23.941147453 26.4839005122 26.8382291466 26.2189902413 25.9506718187 26.5824600044 26.704544404 23.8320415228 27.06099269
25.4028032263 23.0112337678 24.4520830398 24.5437473336 24.7211554599 26.9093936229 25.1861405931 27.0199432684 24.6857155436 25.9516323767 26.621467401 23.5282019307 24.226221901 26.8324705962 23.9429490892 25.0500776746 24.5652711351 24.6780440153 26.773766246 24.1306418796 23.7472627785 26.1820234277 26.998946006 23.1247144492 23.1381015585 26.414457429 25.1941330898 24.7011718598 23.3840460988 26.1476091199 27.1834661785 26.0978386088 24.645034851 25.442303333 25.6470016884 26.8768366218 23.0610003774 23.4821912542 24.2170800465 27.119868649 26.9051485778 25.6861342787 24.3603285111 26.656794954 24.8371146872 26.6698519336 26.2088173458 24.7366120092 24.1877909632 25.5796497729 25.9437334871 26.3070432691 23.0504304353 26.6620508531 25.3536053192 25.6718567483 25.2062964664
23.337895521 25.7538535688 26.6348698726 24.0899576257 23.4369004337 26.2783743264 25.9941885641 24.6056907347 23.1004392681 26.1173040038 25.9199862525 25.1355333077 25.3179158245 24.7149793399 23.6542920639 26.5209016748 23.404858629 24.6402874404 24.0737167324 26.6340779199 25.6386342384 23.9757806759 25.2650179819 24.9362354473 25.9824941435 23.5966172115 25.699808062 25.5846282046 25.7493981849 25.8868172924 25.0001067196 25.3658872204 26.2063110207 25.2174903366 24.3021619557 26.3920643324 26.8757948005 23.0223739908 24.2243935583 25.8149873045 27.0831272056 23.467995732 25.560829152 24.9312801367 25.7407679887 27.1499509444 24.4015315797 24.2169393928 23.9697406809 26.1990726546 25.9290445136 27.1368588921 26.5904378012 23.0014685881 25.5611954362 26.8856766649 23.1016268925
23.7194390228 25.5262220998 24.4807951686 24.0725545407 26.2690780147 24.9036501876 23.7682851874 23.4633950504 23.7559609873 25.3983981514 26.2760758096 24.9435520852 25.1980651636 27.0930300892 23.0233516843 23.1241707868 25.7791862569 24.1160914639 23.3904050732 23.3709730795 26.7819323729 26.1907320167 23.2807735744 25.0049795219 26.1895974 27.1958499355 24.7722972611 25.4602764886 23.5970536762 24.4731787241 24.1381453624 27.0683531535 25.780595903 24.6288660789 25.0138407182 25.2249985922 26.7946873295 24.1047583688 25.5772141215 26.2465938103 25.3385860021 26.533970219 26.6987068196 24.382091202 23.9634973912 26.7050091142 25.1916126627 25.2322518233 23.9788278544 25.0172380431 24.3513130616 23.1809072305 24.3580036744 27.0116761215 25.5559641616 25.0509846121 23.8317398736
25.5226441053 26.0701610768 23.7655993497 26.6446119437 25.1857804456 23.8243555238 24.3361079224 27.0367276521 25.7949802723 27.1425657924 24.1767859217 23.0740003663 23.4394848934 24.7484783047 24.7040468175 26.5926555429 61.3890745433 26.6412186377 25.9396241289 25.5523521967 27.1993664389 24.1991591507 25.7399531814 24.3246600592 23.4496248931 26.5562234136 26.5190641067 23.859332743 24.3892917399 24.4236240172 26.3052656021 25.1632079438 24.4515486086 26.7355169919 24.865713766 26.3686223446 24.4289415818 24.654574091 25.4106072458 24.6841222124 26.9013464484 26.6997443741 24.4571652102 24.3048621415 25.2684535348 27.0097932981 25.0462150515 25.9933959007 25.7407061624 25.0291217918 24.6944328164 24.0878179104 23.6258297959 25.7971185974 25.8768113683 24.066217239 23.3909904672
26.405017903 24.0530871142 23.7557735096 26.0570477815 25.7961730551 26.2086171153 24.0539413387 25.4283336584 26.674399023 25.7965060127 25.671332059 26.1158165656 24.1744429505 24.8691331945 23.2175664645 23.3017815996 27.1840200719 61.3890745433 24.5832207614 23.0736936527 26.4476172624 24.3897497908 25.7419200281 26.2568051536 25.2873302218 26.7208084789 23.4444977669 26.671188531 25.6299270028 23.9858993804 25.6721755009 25.8922327137 23.455199851 25.7939931468 25.4492203726 26.0109276563 25.8678275785 24.6175688949 23.0048250557 24.2636075339 23.3131470685 24.8438686041 23.7788596598 24.5931021945 26.6157534726 26.6511050902 23.1087280549 25.9853330403 23.2292011335 23.7421446057 24.6690134688 24.7758411303 24.235865049 23.471095314 25.9489963929 25.8220579213 24.5646923535
23.8844117601 26.2617155038 25.3357049259 24.0668917266 23.8749630075 24.8629633079 25.0553419275 25.1676565576 25.7931197748 25.1183936833 23.2304374235 25.4985017677 25.2458329146 23.0706144305 24.4079312444 23.7500552538 25.8925534481 23.0209756599 24.793536085 24.3298246896 25.8756670876 26.9663128024 23.7913434708 26.3780131348 26.4367707613 25.6724421852 25.7279491231 25.9953627373 26.4882094856 24.6360649459 25.7250337647 24.0343696242 24.1606817676 24.2750034968 26.4506986689 24.2534193988 25.9318850159 25.4843517603 25.7091377223 26.5515174224 24.4674632505 27.1006018236 24.833977661 26.8389393989 26.9812774872 25.8619833751 23.0693454192 25.2537697916 24.9841639183 23.8052199887 24.0842735209 23.5756716382 25.7202936414 24.37716306 23.6426124371 23.1718277773 25.0576382551
25.0579777881 26.3053825467 25.585372379 27.1443366658 26.1725382286 24.0724321797 23.7180475763 25.1340785299 25.990646363 25.1546066211 26.115677937 24.4627846612 24.0882486838 24.1906159722 24.5017439414 24.3163812297 24.7002966227 24.7486237547 23.179160149 24.4654793029 23.2797051894 23.8900573239 25.0607448566 25.1262590586 23.6924280325 23.9757110309 23.166291952 25.1967180023 23.2020540906 24.9686620347 24.3735715796 24.6789488345 26.101280064 25.2242242058 25.3899422886 25.685704158 26.0929223657 23.2542179013 26.2709569197 24.8123966782 24.1157814102 27.2404111498 24.5108437564 23.49893825 23.6680901379 26.1994619649 24.1098170671 25.69488059 24.1081954185 24.9680796098 26.8319446271 25.8083725288 24.1205356255 26.539602676 23.259864688 25.8720901318 26.5366189147
24.8070925812 26.7982685218 23.9393564403 24.0118899879 23.5839754429 26.9124668031 24.4124706014 23.9653962629 24.5116112361 24.0715493442 23.3105098204 26.98385607 25.8732487131 23.0430408825 24.8032913022 27.1018177894 26.6046505586 23.8783851402 24.5774648361 25.3340926683 26.6119618597 25.8691099329 25.7251380396 27.0250377788 23.960245448 24.5609102088 25.7417484563 25.4497384313 26.7187265797 26.820513763 24.2681598385 25.4661199013 24.4706485742 23.5223359576 26.8940409704 23.2796130179 25.8328139442 26.9482265951 26.1907956617 24.2474160944 25.0343726514 26.9442540551 23.8112537763 26.4308348769 25.7389087132 26.8893382752 24.5643561301 26.0481478914 23.4682479008 25.4106596122 24.6735024986 24.6468334841 26.9547458284 25.9439377584 26.4601466068 24.0466428809 23.5803293232
25.7637452842 25.65080492 24.654920653 24.3029445705 24.2296386551 26.7154060376 24.971269975 23.497827626 25.8954225166 25.6958138104 23.6843450166 25.4956160396 23.375608536 26.7314321346 23.4250176725 24.8921297524 26.464718694 25.21974544 23.074700828 23.4550075587 24.1056447023 24.9260459161 25.7835662298 24.0147994175 23.1960186029 25.5194457999 26.492027531 24.9256598976 24.8307088157 26.9322351063 24.1818764815 26.0032296068 24.2971417367 24.8973414445 25.1622986963 24.5807164393 27.160395902 23.3437540168 24.9301873981 26.7845766364 25.7474156469 26.7555058263 26.4122833551 23.2628388798 26.9451444702 27.1270424994 23.8907532025 24.5694483657 27.0478437347 24.6514325773 23.5141218324 23.323388458 23.8198682705 23.2322014058 23.0749312026 26.6357439998 23.2062987118
26.8049190214 27.2340009381 23.0190080336 26.0936440342 23.1798114694 25.7618706487 25.1431642006 25.8092361513 24.0476007746 24.6678650967 26.9848543611 24.2337151551 23.1223099902 24.160014656 24.0794361107 23.068864136 25.6066335248 23.0125869141 25.4785972632 25.562986368 23.0178590426 25.5858197447 25.5938882461 26.7421311673 23.0362612632 25.2400253636 25.4690435761 25.8409751025 23.7473558653 27.1569106918 26.2815704489 26.1073039797 23.2145826491 24.1703524511 24.6218856985 25.2525580582 27.0141304405 24.488849899 24.2514801344 25.0691050663 25.8614551647 26.8003959155 26.2259328472 26.918034599 25.2113100119 26.4858186626 25.1069154636 25.0778950082 26.886979783 26.2410673679 23.2506809029 23.9377234939 23.4699486817 27.1233103737 23.0648043583 25.4790845403 26.7209931874
26.8189524718 25.3928550002 27.0364574521 25.159730064 26.8705398793 23.5815338208 23.6475347839 25.4720077054 25.4290669078 24.6934861795 26.3388295151 25.1247091732 24.0532566569 23.2973096001 24.1280018501 25.6286739483 26.4044100172 26.2366958877 25.6220594605 24.2430587222 26.6838422373 23.3718693593 26.6838532384 24.1827138907 26.9545635133 27.0011036974 23.4823137221 26.3405332748 26.8037979526 24.129609318 25.8643007117 26.8725048944 26.0344175542 24.0680906928 25.1356809819 23.6803805727 24.0591033231 23.2355093705 25.5975181247 25.1739694755 25.0779364903 23.1948915161 26.9450279458 24.7117215635 26.2444161613 26.3631701631 23.3418942155 26.4812198637 24.493533089 24.6816206801 25.4505980209 26.0819928761 24.7413560558 25.6497390112 26.8656125209 24.709662335 23.5837995165
26.5788986592 25.0882502981 23.6288384137 23.8662386611 24.6315335365 24.5980257972 24.6626401545 23.2722479005 24.8135846764 25.3864461853 24.213480417 25.1316873631 23.8446787338 26.2287542164 25.9980968132 25.7267547541 23.0168801309 24.9258535083 26.391237373 26.3609940442 25.5047165567 26.9330205297 26.9756306471 26.6975534366 25.2899372947 26.4242559654 24.3442914545 23.2150645567 25.5646407333 23.2835378469 24.7656691936 26.8063267093 25.6404791589 26.238390875 26.4005987243 24.8700352616 23.5854846006 24.3704122331 25.6898306151 26.7633151669 25.0003874855 23.6759581717 24.0102651576 24.2072801614 25.1437402967 26.6738886059 23.1853284899 23.2405318712 23.5643954471 26.677872244 25.0651039758 26.3130228478 23.9419711028 23.0907500671 23.9526929376 24.3110722574 24.1135955977
24.353329052 25.5297818631 25.8694288608 23.9189089843 24.7244524373 27.1778690037 26.6568789005 23.524600805 23.1571631445 24.0848667071 26.6543055124 24.4355202056 24.9952390168 25.4097942281 25.3247566068 25.3914592613 26.3307889173 26.3799714598 24.0455011736 26.6686620023 24.7540466149 25.4668731245 25.093740344 26.4221649097 25.2503544988 26.8408743816 26.9615240228 25.8528845564 26.940356025 27.0201529115 26.0377151619 24.5932675779 25.1949787501 24.320760883 27.0813625395 24.3044346345 27.0599183326 23.1921964317 25.4892326398 25.0314259901 24.1521980118 25.6511881183 25.8313649096 24.921403786 25.3166225364 24.9145137805 23.1513804163 26.8848882104 23.0115936005 26.7874468838 24.039083976 27.1509435466 25.7621803835 23.0018107659 25.7054451624 25.1359822381 27.0647392202
25.96479923 23.2791769512 23.2857121624 23.3364391374 26.3942650821 25.0506967332 23.4522525034 25.5695069154 23.5699600204 23.2285801596 25.8805983327 26.1471358365 26.2286437244 25.0147181362 26.1743452541 25.9477489371 25.1579177596 24.908453022 23.5881019606 26.68093135 26.953509832 27.1080833111 25.1761176668 25.1205868823 25.023655392 25.3805267456 27.0642808611 24.8077988979 23.4667494787 24.7589873403 25.0620433122 24.2883080985 24.1617890696 25.4842117223 25.92661306 24.0017706608 23.0198058042 27.0045246203 26.3944731064 25.1597009632 26.0337199344 23.0176311585 25.9994793881 24.4710756774 27.2012171563 25.4409271245 23.4769191822 24.6608346719 23.4700298845 26.8387091287 25.1280975401 25.5711618658 25.7197249818 23.4701866013 23.6159001744 26.1580855922 26.5711107853
23.8900143814 23.5160424213 23.0521136083 23.7186251064 24.65899863 24.8157848057 23.3428939162 24.0406821688 26.0413166264 25.3218828451 26.5271309705 23.7921907643 26.2055756673 23.9924062658 27.066241467 26.6043926541 26.6455215261 24.2320725798 25.129513633 26.1735206115 23.7059606577 25.6034954567 24.5258584291 23.2926835475 23.9785004693 26.0799953888 26.7865018618 25.2596413684 26.2385520498 26.5354294773 26.6206001778 24.3956089 26.436494712 26.589528059 24.7845594862 23.2789179277 27.2210924521 26.2988232011 23.7347289786 27.0229951248 23.0272715993 26.4806573854 23.5702012652 23.0708009758 23.9938741192 24.6641049241 24.1559374384 24.0437166271 26.2684880084 24.5529497744 25.6454855389 23.4165684924 25.7832419287 25.8173674708 25.1054077363 23.8596372929 24.4960370785
25.5744676283 23.3109622162 25.1548538867 23.1194334008 27.1726861533 23.8358401385 23.5379567276 26.1470263483 24.8703479435 23.606426496 25.6683437742 25.1169334591 23.5137303457 25.3817451535 27.1929966249 23.3018281893 25.8180630581 25.2854364609 25.3895207318 23.069619046 24.1366860949 25.7906523772 25.039599146 25.1731465449 26.830257124 24.9605407039 23.270458533 23.2137806404 23.6144498983 26.0255320635 25.8359352365 26.0433782268 25.8348489159 25.6259410656 24.5472934514 24.4825622076 26.4796232063 23.5536042475 24.5068749436 24.058994034 24.5832841049 24.7549548059 23.0226887423 26.5394105218 23.0457789313 23.7846442783 24.9670540796 24.1857123349 25.9884730459 38.9070398286 25.9798655604 25.0711524372 23.5498794129 24.9261944659 27.1052960132 25.0540567078 24.7206072368
25.9411866754 23.1291082768 24.3376003253 24.3696366743 24.1632634426 26.3980764829 25.2317016959 24.6170388073 25.4480960623 25.9822107422 25.818551426 26.7972721426 23.2853566901 26.8636041694 25.9840840961 23.5331313509 26.3011871539 26.7626811626 24.7085922282 23.6081233107 27.2031061341 26.7179650371 25.6050741037 24.8858570053 23.2998279849 26.5128654698 23.4002028589 25.9271541976 23.3717774812 25.1250713915 25.8292097206 24.5167865132 25.511525301 27.0257436155 26.6592396687 24.2759101867 25.5519600936 23.126555046 25.5829793967 23.9365470392 27.2274586015 23.0273940644 26.8813422238 25.6966826247 23.3070964453 24.4135967389 24.3491183557 26.1001772974 38.9070398286 38.9070398286 27.023327694 24.0481143046 24.7805040441 23.3182655472 26.2018452663 23.0161385135 23.1685906482
25.2733447951 26.0247436442 23.8742686845 26.6535281285 26.5137004847 27.2046075708 24.7004482285 26.7234375671 27.0070478605 25.4251782644 26.9555751731 23.1145941181 26.818014532 25.7936356379 24.0839269281 24.9846111209 25.5217599174 26.2626733625 23.9642732078 26.2525331081 27.166849134 26.7795076136 24.1842588493 23.3549036605 27.1908732749 25.4689491625 26.4319311736 24.3307200367 26.0145739753 23.0049720985 24.4058236699 23.4955845388 24.221648624 26.9427348353 23.1460397714 24.9705271348 23.9335006226 26.2984179023 26.6100973884 25.5381039161 27.1302472796 27.2379988113 26.1226641423 26.5245492987 26.1255441731 23.0141770358 27.07865626 25.8597397444 26.7434382336 38.9070398286 25.7865819553 25.4884247754 25.6002585617 24.4704219784 25.9867046235 26.6354962982 23.8412416425
26.0226569074 23.3052865983 24.8421690315 25.248459388 26.0090486716 23.1146124083 26.4300968143 25.8568628707 26.3806438452 25.9916608248 23.0785418639 23.4751519211 25.272216034 26.2764180841 26.1515370504 26.6858962566 26.7056244675 25.2886441248 23.64598618 26.622993318 26.590249009 24.4783513373 25.2076736031 24.6609710339 26.3481582773 23.2903989519 26.7310716687 26.7270975841 23.0607118352 24.2400943204 25.2716110648 24.4896532005 24.3782520816 25.418847279 25.6165383214 25.3258724621 25.6097918787 25.8822700698 24.8749740615 24.4398466766 23.5823054163 27.0613280468 27.0891606132 24.4717901117 23.1991641104 27.1234804874 25.1107473653 26.371176394 23.8450166013 25.8078390717 24.6986740298 23.3827018833 26.738036884 24.3263909825 23.098806162 26.4412358666 26.9387930509
26.0698935765 23.6484353269 23.2734497547 23.850367527 23.8850214221 24.8510842717 24.8031684196 26.1830828568 26.4983874221 25.9388439433 25.3809739971 25.8411832091 23.286922509 23.0208092497 25.8520143496 24.2038892298 62.9162678146 23.4790344223 23.0243926295 23.3909799324 24.4638218064 25.8649209673 25.4678758092 23.9832288368 26.6612354535 26.9895339975 25.2729671439 27.0519470195 26.0310452555 24.7435555139 25.3002822692 24.1297411236 26.2961810118 23.0766770733 25.3011336993 26.1224039543 23.2321240629 25.8523870125 24.8082660482 23.8888672481 26.0738317516 26.4312490556 25.1093572818 23.188615555 26.00970968 23.6183161293 25.799811027 23.8173308615 25.5351216286 26.7705726236 25.3272977042 26.6111315183 23.3538218161 25.9652151118 25.3335828556 24.0863357321 26.42834121
23.3499433937 24.7257512174 25.0804133479 26.8317613835 26.2007856659 25.6145185596 24.502588137 24.1011923446 24.5624683763 24.2348564136 24.9027168907 52.2026557167 23.7368555179 24.0847559254 24.8497346889 62.9162678146 62.9162678146 26.0798366614 25.1185678173 23.8752268734 25.7017853324 24.5333014072 25.6564381806 24.7947528901 26.0854316177 23.9540905597 27.2239626754 25.1016551657 23.0639076714 26.3394615933 26.2977502716 24.1691955049 24.7579577103 23.8431863281 23.0799263587 23.6768232829 25.7817016111 26.6402128317 27.1525517664 26.1691500939 26.4135196816 25.5179389358 23.5775290042 24.6376990489 26.1314414928 23.7173050313 25.3074083536 26.8082738826 23.229088335 23.9648222924 25.6289541236 26.9944093865 23.3541644282 23.1617123658 27.202904322 25.7933722327 24.6456760424
24.9897531874 24.4675041646 24.88913508 26.8996143554 24.8473029554 26.6888865573 26.1735240117 26.125533076 26.8322441468 26.6752825565 24.7185641414 25.2507043992 52.2026557167 26.304964435 53.1871733991 23.2340580995 62.9162678146 26.6060907085 25.9284039124 26.8755271299 27.0518167532 25.2456517788 23.0592357569 27.0400319539 24.8588752918 24.0745840666 23.4220655215 25.5440111057 26.8675456379 26.7254604866 26.0058050018 26.6920634587 26.7388177541 24.5189589964 24.0240837647 24.5525508925 23.9214984157 24.107225716 23.7485409944 26.1173785977 25.7214408756 27.2208289372 25.7654494579 24.7318368159 25.3499369802 27.1860052991 23.0477188592 24.6891631933 26.1389758856 23.9578838244 26.2975649671 27.2082605802 25.1154064457 24.9981197299 24.4396884818 24.8865995661 24.4047379966
