Spatial_Output/DEC/DEC_0565.asc
NCOLS 155
NROWS 192
XLLCORNER 196307.867259
YLLCORNER 449144.565805
CELLSIZE 33.573938
NODATA_VALUE NaN
[rows 52 to 77 of 192, columns 0 to 56 of 155]
27.7667415677 27.1367356871 27.2721279001 27.9897222077 27.3326697214 27.8165278544 27.9079089237 26.9223381268 27.7701055178 27.6154771557 27.3149608433 28.1250892761 27.0115899088 27.7479424707 28.2177613997 26.9510463404 28.446968157 27.9758576486 26.6105456141 27.5572422689 27.2174960352 27.6624425637 26.8720722957 28.2210976549 28.2008704587 28.470997212 28.3157908044 26.6465173411 27.4987508987 27.2111617665 27.0083018273 26.6582992221 28.3236149171 27.1846654706 28.2186970377 27.7328005488 27.7276746067 27.9716016001 28.5719596794 27.8090873267 27.7659740709 27.0575306214 28.5963909134 27.0879363107 26.8763306484 26.8151985662 26.7212312295 26.7027605431 27.7294600261 27.1212020813 28.3160786134 28.068220361 28.0029449522 27.9482669174 27.8777093737 27.3188729151 28.472964333
27.1294065029 28.2888893098 28.143242296 27.0160655938 26.6860030992 27.331337496 28.5538538918 27.1325958993 27.5167819521 26.9758906641 26.5965655869 27.4610233736 27.7704300382 27.2678072919 28.4153296117 27.9974326528 26.5217253465 28.0215502774 26.5749096003 27.7312504449 27.87679794 27.2324952553 27.9440673816 28.3514069654 27.9203874504 28.5560889311 26.8610753828 28.334991762 27.1186631527 26.5832288869 27.0269386751 28.2137948763 27.9500265873 28.3878625007 27.0739254408 27.7619482642 28.4048375412 27.7345836172 27.9244601705 28.4896061431 27.2709982679 28.1592422699 27.2238623968 28.0274939979 27.3281168388 27.1823574736 26.6053529296 26.7208494994 27.9464976102 27.4525420872 27.3078482661 28.2555942525 27.600196539 27.1536415927 26.7865523622 26.7970545672 27.3059055696
27.1268381282 28.3158823302 26.8235584435 26.5819668718 26.6756034406 27.7995680033 27.9827061421 26.7530820045 28.3031084596 28.429404142 27.5760832842 27.0593206419 27.5440157605 27.2018834543 28.2464914929 27.6514788474 27.2783412374 27.1286147028 27.7169112994 27.5230339963 27.1338552803 27.9737787495 27.090813229 26.5715322597 26.6737755004 28.5820023216 26.7002432733 28.0933249339 27.3777945994 26.6067989228 27.5701656077 27.4016812677 28.4867170759 27.9313148175 27.042677028 27.49436788 27.9917194068 27.7789074845 27.6821371752 28.4328958629 28.2607270126 27.7827407872 27.02655638 28.1809845148 27.4164203442 27.9352568488 27.9526771823 26.9079587692 27.3685710969 26.8015791715 27.1434296563 28.0703683996 26.512623861 27.1772264684 26.6202059852 26.9480309553 28.6101316171
0 26.6465607038 27.1553208165 27.9652324393 27.3324854186 27.9900204032 28.4629302028 27.1991469251 26.9519192523 27.6861768587 28.339881789 26.5677919087 27.8286390231 28.3740241156 28.4771181098 28.2850217419 26.6314153741 27.7313071267 28.5016137395 27.7138499587 26.9490877492 28.2292509343 27.2894761623 28.2876813203 28.1607172506 28.4738268991 27.7724247534 27.7160094117 27.142767672 26.7730743602 28.4098621387 28.5922300607 26.7966731777 27.2938033602 26.7407233121 28.1060493925 26.7604355019 27.0118791801 28.3296373327 27.6061779666 28.2503070509 28.2435092748 26.9423117036 27.4977618041 27.3051483113 27.4904338681 28.3065055063 26.6073730496 27.8378238635 27.1700674571 27.9015330241 26.6033870331 27.9671297796 27.3231883499 28.3573219924 26.8027853629 27.5474778645
0 0 28.3552406117 28.1371193206 26.6000881485 26.9745941731 27.2793356297 27.1448975422 28.4994623732 26.6097100611 26.8286733288 28.6084540148 27.3180815646 27.3244223544 27.644770688 28.4699683289 27.7105126691 26.8936757423 26.65877963 27.9486374257 27.7675646155 28.3666060717 28.4106682272 27.5725840181 26.6515944231 27.7017777318 28.2187154688 26.9631130933 27.2809473822 27.5428506155 27.2293581941 27.2913107748 27.7391536415 26.9578587208 26.7158323062 26.6743518045 28.3670351082 28.4289292239 28.4921346373 27.0593887715 27.6540953819 27.2251922894 27.1867856453 26.8956506356 26.6811023031 27.3195508176 27.7107414616 27.224372972 28.599532036 27.3150856952 26.564872426 27.9853888765 27.2759863134 27.8254513397 26.9287514746 26.7211551143 28.13844575
0 0 0 27.9342610452 28.2599311671 27.3660749199 28.1934888481 28.2451618411 28.1445566562 26.7425588337 26.9454771552 28.0480664834 26.6591764285 27.3886280526 27.8535820769 28.5534649356 26.8402378875 27.8605552015 27.8892380352 28.3549020453 27.1721765098 27.4101282762 26.7396252598 27.0860584151 26.8532666062 27.3351124695 27.7102328089 27.7856849118 28.3653425815 27.9524881738 27.185831852 28.2200870048 27.7502922889 27.7763720621 27.8612577517 28.1501987222 27.9265618471 28.4009178467 28.5804941919 26.5530033397 28.172903649 27.0405481493 27.3184741052 27.3210277575 26.6954682261 28.1403215019 26.661704877 26.9938149134 28.4346491328 27.7602361262 28.5871753004 27.6554280311 27.6370403463 26.8855216989 27.461792403 27.5211706939 27.6750055277
0 0 0 0 27.8433040768 27.8834412178 28.5617589634 26.7848055463 28.05877279 28.3987339928 26.6433441743 28.3566606872 26.6886963603 27.6127182034 27.7914846186 27.3521590787 28.1392570953 27.065956697 27.7274426895 26.9860563959 28.2061834987 26.6144285826 27.1919808594 27.4595453883 28.5091817177 28.5193013898 26.9020470829 28.3380069221 27.102917916 26.9021213454 26.6860787292 27.8071264106 27.4335102513 27.8300832384 26.7438083108 26.6052861074 28.2493312862 27.4880922087 28.0356879611 28.2213913938 28.3201259561 28.0856931618 26.9058679536 28.101960896 27.0333824265 28.2193785376 28.532415584 26.6014826551 28.6107894907 27.821210378 28.5738670228 28.5483483921 27.4545541778 27.2558271159 26.8346593143 27.5762147828 26.5297220832
0 0 0 0 27.7393839776 27.7111639272 26.888619833 28.229681663 27.7035876968 28.0244019787 27.4613615698 28.3272881203 26.7215115127 27.7878863614 28.4513570771 28.2991016747 26.7090206533 28.3263872175 28.2778060101 28.4386219443 27.5288518311 28.4980506845 27.6186114278 28.3278696514 28.4396294637 26.9957299496 28.1176557149 26.8516197769 28.0674759887 27.370608147 27.1848722607 27.9809875814 26.8142576354 27.0199478427 27.1143509316 27.5729924655 26.9775079032 27.9163429364 27.5559787563 28.2939902731 28.0318429486 28.4644094877 27.5529978077 28.2537446353 28.4625909507 27.2276371337 27.7448187551 26.6161478186 28.3218097477 26.733344065 26.5248894228 27.8139384645 26.5389304311 27.2058672715 28.2156809759 28.0705354435 28.3774362256
0 0 0 0 0 27.6132723114 27.3531555242 27.0941099621 26.9195233275 27.8450996805 27.3697932893 26.6033645444 27.971584075 28.3173557684 28.5741343361 28.3190760113 28.1758447668 28.3320635493 26.5854146096 27.1309688755 28.3712726283 27.3342828951 26.8392636088 26.8901166195 26.5036082691 27.870712307 27.473583713 26.8952530577 27.1427327017 43.3599382191 27.3133203158 27.2973803559 27.2168047238 27.114196076 28.1262765125 28.3218500637 28.3953321022 26.6888866598 26.6351469527 26.7201699478 26.7722310756 27.1853540783 27.7488068468 27.2864621944 27.6322476622 28.3737380102 26.5913198485 28.2948826101 27.9062834876 28.2344777033 28.5064368469 27.3252081616 27.0954393144 27.4891220732 27.3465653332 28.0852180615 26.8255173255
0 0 0 0 0 28.308923783 28.3761588801 28.0323275146 27.9673516042 26.869199044 28.2189989811 27.9982217773 26.7842161062 27.828682076 27.4575523167 28.6040501602 27.685834024 27.6465916676 28.2608540547 27.6494098207 28.5431169003 27.2720622789 28.2566937327 27.6202563456 27.2853390704 27.6256356509 27.2679333168 27.1092205139 43.3599382191 43.3599382191 26.9353021036 28.2967499401 27.0024288001 27.9651636447 28.3798227517 27.3436424482 26.5135499454 28.3798314715 28.3774618989 27.8559554309 27.3920148132 28.5580303604 27.3518887296 27.9316179692 27.5159542531 27.2778401166 28.4945589402 27.5008623823 26.9990261547 27.8544417603 28.4877257436 27.2772252874 28.5186543843 27.1066733994 26.5480566546 27.2354849885 26.7014061488
0 0 0 0 0 28.5315450936 26.8232046907 27.8178392304 28.4927817889 26.5851085743 26.6438992225 27.9637976277 27.0208809124 27.1638565101 27.0482090989 27.1158767216 28.2292753382 28.1505138599 26.8943689545 28.3750823291 27.7919709126 28.5159227789 26.8973811891 27.5751479495 27.5529322544 27.5680875731 27.8392343915 27.9615179193 27.1141070623 43.3599382191 28.262904411 28.0402956755 26.9673363936 27.7129508562 27.5692333621 27.7096758645 27.0015801226 28.4685492909 27.0735718951 28.5374051779 26.8207608915 26.55477354 27.9793537432 28.5266261851 27.2085479168 27.3336474627 27.18982286 27.9301775147 27.0312007939 28.0455896414 28.336269625 27.1495506418 27.443711989 27.7197738434 26.9928963968 26.7637383805 27.3594955799
0 0 0 0 0 0 28.5120720359 27.0980449682 26.5661264865 27.8256531299 28.5851391572 26.9147922774 27.7450629229 27.7382563518 28.5477959264 27.6894319879 27.7918576758 26.906473094 26.9789417891 26.880342818 27.5341838398 27.5224729931 28.1498729568 26.6305773634 26.6032612927 26.6740640106 27.0554900626 27.6557565945 27.9561834584 27.3179628768 26.7535202884 28.1386895166 28.0190788662 27.4937834379 28.2177784521 28.1751178092 26.6747330453 27.5474786497 27.55217652 28.1476277846 27.6857412835 28.0585578318 27.1335313347 26.7738520252 28.4986220182 27.8622665827 27.523572832 27.8876698877 27.1690263311 28.0699589286 28.2624487718 27.5728745718 28.2631062575 27.1052980872 28.2317103447 27.9326897466 26.5814109656
0 0 0 0 0 0 0 27.0681211575 28.5190987613 28.0812331462 27.8182331605 28.4639774596 28.2202020628 28.3440214138 27.5786576056 26.7599322158 26.9074223324 27.0681709447 26.7602060688 28.4428801646 27.0510764672 28.2616060104 27.194330855 27.3767111437 28.2178010375 26.7696814338 28.1509265233 27.1496159035 28.1310050196 27.6588286975 26.5990883592 27.1831497783 28.1558409855 26.5602699208 28.2850847695 28.0591933868 26.8558364616 28.5686843109 28.1011462294 27.2016808228 26.7569607167 26.5355623227 27.9881579978 27.194678101 26.9591795974 28.2126317811 28.2734257714 27.8474099214 28.5974277778 27.5384086004 26.8503360731 27.7137750059 26.5619840252 27.2217234461 27.4563784877 28.1390908634 28.1175754732
0 0 0 0 0 0 0 0 26.5629018141 27.6717540881 26.9037600702 26.5278302011 27.1256046832 26.7435825275 28.5598623019 27.0240742157 28.0340720202 27.0208530317 26.9941258296 26.5188394093 27.1980400645 26.8762105524 26.7702729459 27.047716031 26.9394506187 27.4020698888 28.3783218676 26.9697054192 27.0643843832 26.9163521731 27.9071184877 27.9388763571 28.2885727322 27.8117554043 26.8203213181 27.3719714201 27.4900734269 27.7167001239 27.3594617697 26.8886451265 27.9608552167 27.5098414395 27.8928451639 28.4545438106 27.8525163652 27.9566044647 27.5584615894 27.7295328921 28.4732139216 28.1166209267 27.480498091 26.7743179723 28.5150328653 26.6535844229 28.1859208666 27.3348709168 26.6905082931
0 0 0 0 0 0 0 0 0 0 27.3542535972 26.7468328455 27.2134802972 27.4878382286 27.3125342678 28.3814529196 28.5990145252 26.5548155768 27.5120955455 27.3818810733 26.5151531612 27.0180036892 28.3098463875 27.3551712745 28.4256227981 26.7013231296 27.5247519844 26.5427797387 27.9658191381 27.0141387043 27.4333549746 27.6389478092 28.6181057802 27.0653498923 27.9889958965 27.7879725395 27.7321979326 27.0702387748 26.8532706163 27.6042546162 27.0344363197 27.2043654727 28.4692982471 28.1011763913 28.1831531895 27.4933206058 28.5134556704 28.4356183707 26.9938296508 27.8244742423 28.6009869767 26.8910197646 28.034289942 26.5505126583 27.2124141056 27.2365247153 27.4092391203
0 0 0 0 0 0 0 0 0 0 0 26.8100199364 27.8521859973 27.4376484612 26.7115931219 27.6503882704 28.427743856 27.4477262668 26.5620907693 27.3723682186 27.3898043773 26.6664721647 27.5444515015 28.0872938882 27.1881066871 27.3861511059 27.6114015777 27.5915211701 27.5568353838 28.4250151705 27.2535123971 26.7570258739 28.0834298256 28.3516979683 27.7932491729 27.2822757727 27.1547524608 26.8628995539 28.6049183995 28.3144639272 27.095861263 28.0653111508 27.565308275 27.687820958 28.0353281996 27.2685542604 27.4149343074 27.3441844086 28.3476612709 28.0834920607 27.0624398979 28.0966016627 28.0492323674 28.2845563161 28.0710670024 28.2754350932 27.3751956509
0 0 0 0 0 0 0 0 0 27.9450379557 27.5227659149 27.0848668072 27.7801708841 27.1964196965 27.1808261106 28.1102207062 26.9722326991 28.3471982935 27.3177491179 27.4915225519 28.1439226731 26.6060955522 26.8281304601 27.3579482225 28.5915590525 28.3264483166 27.4466502374 27.2559651229 28.572275212 28.3107404081 27.1370193165 26.5543925979 27.8002008804 27.0142598611 27.2685816032 27.1281834863 26.6868461181 28.3201412975 27.732803653 26.6890473642 27.0837921041 28.5482923914 28.2840351866 27.9189375999 28.0400578403 28.3810542974 27.1486426932 26.6712872973 28.4303871224 27.6515199068 28.5895205612 27.5946405862 28.2606039805 27.2631996921 28.1164894638 27.1464667953 28.256064558
0 0 0 0 0 0 0 0 0 27.6056982993 27.4915281911 26.7701204003 28.3387492984 27.5874110956 26.7084403706 26.5522049578 26.5801009646 27.2008528042 28.2321791873 27.3699956367 26.816802698 27.1959067715 28.003852552 28.2791223036 27.2676114153 27.2932927564 26.9845917517 27.5685271778 27.3627882189 28.2519071397 27.2698398831 27.6100527186 26.7843271482 28.1454841379 27.5102324667 27.2110659237 26.9943528344 28.1321988756 26.945055671 27.8811964509 26.7248201857 26.5973503168 28.1509968706 26.9283210954 28.2307609013 28.2946876223 27.8930641961 27.4890740231 27.5059197813 28.0229531822 27.2061464798 27.5416249276 28.3098216618 27.1757202825 27.055252428 27.3282545184 27.5248227678
0 0 0 0 0 0 0 0 0 27.0279173207 27.2375087628 27.7265266535 27.7978234681 27.6649691913 27.0666715611 26.8630797303 27.7814450219 28.1380047678 27.1045279784 27.4502966111 26.8137855687 28.1230567811 27.1699949548 26.5709729916 27.8885975068 27.251191475 27.704340431 28.287394701 28.4249216275 28.3358540219 27.3607754193 27.1579677821 27.2864350701 27.883466256 28.242176205 27.098814293 28.0589626637 27.0034271401 27.3731861049 26.8596680585 26.6255974834 27.6181880178 27.656277704 27.4205441069 27.7467614203 27.4652735948 27.3193810656 28.2147047723 27.6723116688 27.9006799531 27.4155250234 28.5652732561 28.353944266 27.4874346126 27.2746881629 28.3521640184 27.3315960973
0 0 0 0 0 0 0 0 0 27.7940203202 26.827343925 27.8583219351 26.8356938541 27.9115083252 28.33836992 27.6447686235 27.8565475801 26.7451479182 26.9323467309 27.1797667748 27.0594416729 26.5359226393 27.0149268363 27.4030339517 28.3360055374 27.5882791588 27.6301372953 26.5799563831 28.4269412942 27.2608305123 26.6381324758 27.3845100278 28.2142449408 26.9086145641 27.3345171151 28.5505970297 26.8801097783 27.384520405 26.5923838985 27.7482083128 27.5076582959 27.1874271768 27.1273850938 28.0171745261 27.9100607985 27.5734607457 27.3377690617 26.7108073438 27.3803230833 27.8961623945 28.5748687556 27.2468670746 27.3355237525 27.2108353503 28.1010399832 27.862925159 27.9746488567
0 0 0 0 0 0 0 0 0 27.6071582068 26.6171979842 26.7302819559 27.6734647109 28.3569791733 27.7027465134 28.171938793 27.8546513622 27.1076254676 28.0725108589 27.9822041825 27.2496576345 26.9905608183 27.9961083838 27.811629824 28.4958866586 26.9662431661 27.2353169269 27.5844763994 27.5516982381 26.5622367418 27.2779678583 26.5630680878 26.8149034675 27.4682594202 28.4858749609 27.393557435 27.7131854066 27.8569512734 28.6069431239 26.7901645809 28.2268790378 28.3565492304 27.1544234873 28.1667596225 27.0107578857 27.5278056169 27.4286745164 27.2649382652 26.7008749809 26.5086617242 26.7346631473 27.3293801414 28.5179517062 26.5549028712 27.8701947689 28.0168116786 27.1106382545
0 0 0 0 0 0 0 0 0 26.6961829332 26.5328292151 26.7648720661 27.7562141286 27.8622220948 28.2189611223 28.2076277544 27.1437124291 27.1414457443 26.8704598742 28.0581030415 26.6785592809 26.7386348627 26.7619079981 27.7900640357 28.2389442472 27.8392886846 27.607804936 28.3669590161 28.3823822401 28.5414902882 28.6011622106 27.6994356024 28.3237121545 28.2702894742 28.571192625 28.473563927 28.0781436778 27.8210936054 27.8681477046 27.259719513 26.5852975348 26.5745923047 26.960292717 28.1002145056 27.618098197 27.3271566959 26.6115317049 27.5836237353 27.9820418189 27.6785322036 28.0555440359 27.0243245317 26.5696728188 27.0563657225 28.4523599666 26.631968479 26.7922396675
0 0 0 0 0 0 0 0 0 0 27.6542146941 26.9578370959 28.2379874474 26.8024324247 27.8765933675 28.4009621845 27.9540305452 27.0196403608 27.1355480203 26.9237233037 27.6841531849 28.6009214864 26.7816182803 27.7178887852 27.9123204692 26.8932340022 26.777715472 28.2821843679 28.0198269206 27.8944589712 28.3557970878 26.9429093798 26.5101372689 28.2316705952 27.2605736299 26.911399967 28.3784793952 26.8479392307 28.3963547799 28.0924472216 27.6999487338 27.7318326052 27.5314224267 27.2822710918 28.2208275094 27.9431549144 27.9324246572 27.417721434 27.3408442085 27.365049897 27.2537122095 27.6511593196 26.5818073586 26.7096562681 27.1605343247 27.6095539323 27.7448306295
0 0 0 0 0 0 0 0 0 0 0 0 27.7617538294 27.9141573775 27.9645015231 27.0513417368 26.9047220958 28.076923415 28.415898991 28.141508243 27.2171247168 27.8083996288 27.1674889064 27.8798093392 28.5587287812 28.020532515 27.917077346 27.7173707191 28.4675402158 27.4787348244 27.7603552979 28.4866309213 28.114094275 28.3741807753 27.8223163267 27.8772251016 26.7861537028 28.2693811509 26.6917499867 27.8476210074 27.4350665472 28.6049917676 27.2421451143 28.0338509431 28.5298193514 28.2822413334 27.1806997129 28.1845084538 26.512579118 26.7354146916 28.0392919497 27.1454129979 28.0705710693 28.2658110688 28.5830916333 28.4919638125 26.6631135748
0 0 0 0 0 0 0 0 0 0 0 0 27.0476757953 27.60609087 26.6762538641 27.5086262634 27.8571984257 26.5935079203 28.4266127472 28.4776872867 28.4885442971 28.6070984132 26.6796475628 28.4090230541 27.0645262561 27.3434976106 28.3432759663 27.8657460687 26.912064505 27.373785599 26.7423322265 28.4138988974 27.5133299459 28.5992013452 26.6573613221 27.6269707103 26.8573363043 26.8267814648 26.685298325 28.142385115 27.1550614603 26.8021928906 28.4087711486 27.6182405053 27.5386294733 26.8113737903 26.6268242471 27.3270692521 27.8362421803 26.8968674118 28.2194061724 27.74657778 27.663864508 27.690506944 28.2734656406 26.7389660118 28.1196853988
0 0 0 0 0 0 0 0 0 0 0 0 28.5133978565 27.4243916035 28.1929685079 28.2961002853 26.9559914854 27.1442188617 26.6358693724 27.4037752457 26.8707556737 26.6920369125 28.0511303423 27.8264279942 28.5742791842 28.1541306761 28.5149464602 27.6534413101 27.5708628702 26.5898017825 27.1383017433 27.0582176574 26.9739623777 26.9483383385 26.8205188889 27.6258654777 27.7798028244 28.2608455418 27.3097159723 26.7257164085 28.3948756088 27.421575641 27.3370713988 27.9891885305 28.1649923081 27.92567914 28.1474909667 26.6062873586 26.9186295276 28.4738435508 26.7225766985 28.0594977313 28.4426707842 27.7835602535 26.8742047833 27.5307949841 27.2301228699
