Spatial_Output/DEC/DEC_0106.asc
NCOLS 155
NROWS 192
XLLCORNER 196307.867259
YLLCORNER 449144.565805
CELLSIZE 33.573938
NODATA_VALUE NaN
[rows 26 to 51 of 192, columns 57 to 113 of 155]
43.9530237462 45.3610346637 43.7515417124 44.43309738 43.8728153477 45.3045140326 44.7432769571 44.6094187053 43.7950259789 43.6642726828 44.7517962603 43.1382428513 45.0135885304 44.5213600746 43.5026177074 45.72986951 43.8208646029 43.1401224104 44.6655772716 45.4712120498 43.8406426279 45.5089979693 43.973019451 44.9246227994 44.6235260493 45.601097831 0 0 0 0 0 44.494254864 45.0437024572 44.6054963759 45.2226586721 45.2706536612 0 0 0 0 43.9233978172 45.1762908696 44.6256199161 44.8619865136 43.7524728794 44.5239489912 45.6319210549 45.6632770102 43.8248519784 44.5454882797 44.7481483878 45.3240565579 44.748030579 44.4691023074 45.115553792 45.7716666403 43.2458987431
44.5768380986 45.0476224939 44.527694122 43.9116242743 45.1256471656 44.0320064837 45.2228225695 45.1474843134 44.247913726 43.0632438345 43.047902227 43.9764007239 45.681055593 44.4960527798 43.9116441364 45.0180851581 43.6251200388 45.1550215489 43.9657949085 43.3699212238 44.0640060279 44.8416966262 44.1657977429 43.3586802937 43.0562226448 43.7107060596 44.1478152045 44.7816884021 43.1750122108 43.0735403474 44.5288468504 44.237363642 44.29045231 44.6591234864 43.6734409074 43.7714559095 43.2557973769 45.2812251027 0 43.6928348182 44.2866053012 44.7037452468 44.6796297223 43.620048429 43.5415013999 43.1395717203 43.1646943929 43.2021670294 43.0198242876 43.5912551885 45.1276174162 44.7686703078 44.0035058368 45.5801232282 43.1152354641 45.1016110681 45.0744285511
45.1075862725 43.669214794 44.9819821394 44.3676655112 43.5132735811 45.2637924535 45.2852238572 44.8407188178 43.587343406 45.7645850344 43.9818916288 43.1570089747 43.9632695897 45.3240090181 45.4165653525 43.3695028885 45.1201367053 45.7874492024 44.8982874837 44.1275467672 44.6770787799 43.2756093163 44.6082571637 44.897207469 43.1990646749 45.4589979296 43.7315908744 45.8240415731 43.4325432313 43.1650260333 45.70692419 43.649092301 45.1994903776 44.0308121122 45.6020122629 43.7733727157 44.7131562658 43.9842090274 43.2328613031 44.760115089 45.2262918724 43.9553957304 44.25393381 43.1833692131 43.6112744783 44.504701715 45.0221074348 45.1648589132 45.6577271099 43.7900446283 43.4734043384 45.0666658451 44.2444349895 43.9239161122 43.8029031283 44.6139397796 43.1348386176
44.7792790199 43.7158243124 45.0841003297 44.5073930946 44.7279416832 44.4329495529 43.54330911 45.2517560188 44.9189645857 44.9285967209 45.1245463149 43.4486876847 45.1121574989 45.0024452465 45.0547416554 43.9527595965 43.306553693 45.486273726 43.3537304103 43.3149443523 45.4185837829 45.0599411511 44.0016827296 44.3105627088 45.5399936748 44.1878274562 43.969619222 44.2633082794 43.986819333 43.1815175738 45.7762431186 45.0228807138 44.9481852497 44.7256056842 43.188000792 43.6940028756 43.2819010696 44.9957839501 44.8548085823 45.5015300823 43.0911319388 44.9654369141 43.0731717073 44.1631402979 43.2984351091 44.074881274 43.4421944494 45.433129569 43.047618011 43.5795970256 44.5075569972 44.1271049042 45.0378966439 43.013240768 45.8032347963 44.6540539605 44.1387681096
43.9554523098 43.5011844156 45.7672522229 43.6536886481 43.4501395507 45.7685416328 43.5838320111 43.9489064112 43.6453256637 44.5434787174 45.3884438546 43.0697449823 43.6438257798 43.7338508637 44.9623256537 44.2476782945 44.6298371427 44.9313453962 43.0639298467 43.9452071366 43.7580756124 44.1572102434 44.4364104425 44.1590236882 44.8030830283 44.7773111844 45.3907787476 43.406634427 43.8080721414 45.2079513161 45.7425693021 45.2381159571 45.1338476528 43.9902151979 45.6118846019 44.5947880217 43.9929079809 44.6704994536 45.5485264824 43.2336247991 43.774205299 44.3048667562 43.225552825 44.5822984391 43.9497716331 45.2797052346 45.5506377311 43.4044312095 43.6379173299 44.0306834476 43.2996962842 44.610672876 43.0856358669 44.1504811047 43.6690496947 45.4680302865 43.5733511631
44.5355980527 45.268678596 45.2623506078 45.7830916382 44.5740088922 43.9225824107 44.1287199024 43.7459166317 43.616409706 45.1633055715 45.6139795508 44.0916705349 45.3418638157 43.927878747 45.1207148051 43.9962670415 45.121257485 43.9396416697 44.8386405795 43.0549451952 43.0140548515 45.7670894987 43.4654209173 43.3028248497 44.2241641235 45.7587819165 45.5720441348 43.0389229179 44.4562883709 45.4027034023 45.2874023979 44.8435689889 43.9318690031 44.5958793613 43.7703918753 45.0482321181 45.7958832322 43.5283837543 43.7317052522 45.2290908112 45.5602225364 44.5442927263 43.0441795615 45.1439566178 43.2174403448 44.2887211807 45.1081741334 45.1407069729 43.9136980348 43.2260311695 45.3455468388 45.7474137561 45.402594652 45.528127505 45.6176575349 43.2637382924 43.3474574199
45.2061317445 44.0688605752 45.7642583399 43.9216122759 43.2208983359 44.604960363 44.3442204503 43.3888068466 44.3225173417 44.7068506897 45.1339149353 43.6056847689 44.3980267453 44.5617117611 45.3370404159 44.9033437302 44.6384705392 43.7440589661 44.969112635 45.3421811318 45.1031006919 44.8670196317 43.3853616302 43.6872354821 45.6577338857 44.5163027752 43.8628735094 44.0139061612 45.6502079437 43.6718196065 43.2221127199 44.389556247 43.9325549525 45.1585194337 43.1137809221 43.1511615004 43.0241735796 43.2983877025 44.1078298012 43.0237561511 44.7268384261 44.35071597 45.5164395189 44.9324842684 43.9590712263 45.2323933488 45.4311001087 45.7074183459 44.2672929354 43.3378910397 44.4625734619 43.4314854817 43.6168344698 44.6885500656 43.2345987613 43.685573262 44.2479207245
43.388487482 45.0630423021 43.4646226078 45.0703954447 43.443577477 44.8538215422 45.0207391005 45.0384389591 45.6690792176 45.1584150835 44.9108208365 44.154641198 43.8238708708 43.4852536359 45.772807983 43.182291747 44.2100519203 44.526954 45.5470793166 45.5971254805 43.3961865234 43.2376839683 43.4680554666 45.146550653 44.0080925749 43.7034881855 44.0179408559 43.0455557753 43.7630629748 45.4708308376 45.2614479609 45.0990722514 43.2570672232 43.4359343629 44.3457088472 45.122816779 43.1860716982 45.2954810488 44.7452970197 43.9340199589 45.1583915765 44.8813048488 45.6772897384 43.5847368477 43.8343304084 43.1190108549 44.0941714317 45.2384137615 44.1309446736 44.6935406112 43.890510831 43.3320361586 43.0738518257 43.3890045007 43.2014193375 43.3045812532 45.76125539
44.6735263067 44.6996065501 43.273205082 45.7415862424 43.4458239895 43.4501408148 43.623606957 43.9352924066 45.0211143784 43.6912251378 43.9221078873 44.4923468949 44.1824930075 45.0669799769 43.7689501159 44.3453479681 43.8909766409 43.7466384085 43.1166227498 45.2014762244 45.4681047065 44.7373240015 44.4463953528 44.328148252 45.0921501439 45.7257294671 44.6651173904 44.2435705389 44.9809427767 44.1394119712 45.0793698565 44.589072835 45.3315683167 45.6504929066 43.1166276441 43.3605280195 45.2131533749 43.7679362017 44.8739751267 45.7854550173 44.7509415841 44.4402086287 44.6237048908 43.2878136036 44.6345768646 44.0957780019 43.7822491489 44.5325582184 45.7728779268 45.635323542 43.1272868265 44.9341557523 43.3932910614 45.4427535224 43.0837222984 43.5463169433 43.1829153135
44.579423739 44.8360506655 45.5741074878 44.6885319913 45.5102731109 45.5108709881 45.7737108455 44.1095710798 43.1559695842 43.7537250503 44.9187999203 45.44183827 43.2926250366 43.321479125 44.2286128961 43.4629578596 44.4769915537 44.0520697328 43.2407241847 43.714129891 44.346286473 43.8908349895 44.9610985676 45.1937892678 45.6420051644 45.5009640064 43.5772461476 44.8013042862 44.8035601352 43.0793713683 45.090626158 45.4711716132 45.4527828479 44.250553878 45.5206230764 45.4145726817 45.0260555142 44.9768818357 44.7696523773 43.3147421961 43.342442935 43.6997676439 45.2707054984 44.1656375233 44.8799789239 45.7753741941 43.3034537633 44.3708987493 44.351924717 43.5287774053 43.7502885138 44.3106205861 43.0633632894 44.8057213696 43.8997213723 43.6505464134 44.4209061574
45.8197991198 44.3345756916 44.9563166814 45.3789849989 43.5032678393 44.9874420051 44.9824683512 43.6600683751 45.5126488678 45.3618085633 43.6677573449 44.7726639023 44.4144504714 45.7391242927 45.2594869325 43.4760735276 44.2357290716 44.9542968408 44.7852833273 45.5431042625 45.6509862275 43.6822236469 43.0334212324 45.5541489579 44.9248483887 45.7243493287 44.6676766713 45.7937938766 43.2887329765 43.5742554451 44.3615153351 43.0260050833 44.8152537513 44.1356713874 45.1604720086 43.1682108135 45.77188722 44.9607153751 45.1668970794 44.5157680115 43.816203888 44.8280321269 45.1492514575 43.0714171625 45.7656577846 43.2892111661 43.404499301 43.6353909001 44.1504281849 44.0560710311 44.7948443739 43.9971219428 45.4090799003 43.6089238443 43.3576117551 45.601862305 43.3708880858
44.913912555 45.567179913 43.3154021388 43.0480195906 43.3798966595 44.1818788398 43.0862268023 44.0768764899 44.2247413917 44.9252894956 44.7743650255 44.1308781182 45.4876562802 43.6625427741 43.574111246 44.2981900799 43.0964697184 43.0165548139 44.0680862193 43.8063894452 43.7493674936 45.397230887 44.9302915309 45.2280240714 45.5914528314 44.6852896225 44.5192950568 43.4014731279 43.6231140367 45.0347058947 44.8205029217 43.5112825708 44.7117479933 45.7639574647 44.2869158925 45.0570297693 43.955258095 44.4540537475 43.2456562155 45.1701791914 43.9883595034 43.7927218081 43.8143517718 45.6804005866 44.8621214571 45.4705673 43.9490546124 45.4993869602 45.5120493741 44.0269643363 44.6306283833 43.4916359546 45.2200153407 45.3843679288 43.1713859179 45.1028110444 45.6253424893
44.4995676264 43.92556482 43.0776765153 45.2666873391 44.8118229981 45.0983790269 44.8544693487 45.4028054764 45.1867082582 43.7618807991 44.8361548927 43.3953442807 43.4987749883 43.5312456223 43.2083645338 45.6103695681 43.4878710922 43.2197456703 44.7980025252 43.5950208172 43.4514594995 43.7130692044 43.9835664604 45.7708198763 43.9025098024 44.4158054104 45.2585702238 45.2035105823 43.5749688452 43.423845137 45.361166361 43.4867798383 43.2898882013 43.7951687349 43.2807615396 43.6701364999 43.227851688 43.3733732047 44.9339350629 44.9077226258 45.5887248133 43.7071646557 44.7777738672 43.337673302 45.6066286629 43.6082944039 44.6617011338 44.1397362582 44.5903145265 45.2570333999 44.6526957988 43.6359741489 44.0530421749 45.7501169195 44.5163143918 45.2811755824 45.6054050025
44.8954894608 44.3263279786 44.6009274903 43.4408997833 43.0092635853 43.8124180557 43.966875316 43.0537115312 43.6284739681 44.3724561154 45.3470067253 43.5835684278 45.525486725 44.9344606981 45.6886435031 44.6776748868 44.6431750198 44.0373352326 43.6491055911 44.8520377091 43.5950709611 43.7120490147 45.0690056495 45.1586688349 45.2993027692 43.3742248363 43.106638164 45.445538295 43.9061868769 44.8642180688 43.6832948641 44.4352306578 44.5846902506 44.6104188644 44.439356179 44.4978706137 43.5419594443 43.9823437271 44.1736476271 44.9016970104 45.332277676 44.850399023 43.6905630676 43.9642867233 45.7853157988 43.7983965439 43.6348065323 44.3852176648 43.4470132567 45.4378943839 44.8588374108 45.7050028334 43.1531129288 43.9816425606 43.0651009224 44.7379711147 44.6313673532
43.9304449699 45.4479364055 45.6812137062 45.3710574124 43.4199634208 44.7204877373 45.7305732019 44.2480997865 44.4487460698 44.5045213938 43.0123401448 45.2185611428 45.3021633014 43.6859752203 44.5916479683 44.9775842479 44.8643720088 44.6073284511 43.4517679323 45.6096518673 43.8876069287 43.7669804878 44.2368706508 43.1582741483 43.9837283299 44.2020103114 45.3132316183 44.6528355566 45.2187094996 44.5395181547 44.6623410917 44.2841452664 43.7939784406 44.2186207882 43.4659139875 43.3189776062 45.2268427724 45.3802881157 45.3547584191 45.8027363189 44.3703474943 44.1375829293 45.664730859 45.1633719305 44.885048651 44.2144514551 44.4175590149 44.9877982565 45.3589190607 43.9916121298 44.8849461145 43.7440800041 45.7971698549 43.7097698603 45.6522777331 45.5511775245 43.8126342948
44.0547721718 45.600479168 44.9689961279 43.0677718659 44.2137194278 44.2988316303 43.5485330264 43.5202484947 43.8553008544 45.0390628942 44.3354870529 44.8048930651 44.3273882937 45.0984684028 44.5237499974 43.3351115301 44.0024081667 43.4470268034 43.776886918 45.3864893835 43.5519582653 44.6831422977 43.1556942519 43.4415993158 43.228147086 45.5076328677 43.1108383016 43.0163715614 44.1966302082 44.743020258 44.6529220175 44.9846839824 43.408838419 45.2367737697 43.7472944542 44.6658857989 44.3589485165 44.8109982015 45.643843275 43.2596067756 43.5910865875 43.1090002064 43.7140153403 45.4385434396 44.8951696048 44.801968781 43.1774854201 44.8891990395 43.1366175834 43.0875529002 45.7892265674 45.0262199538 43.0612824087 43.1891584466 44.7782094907 45.1042420869 44.6304722692
44.7172710053 45.700770921 43.2124855022 44.0787034857 44.4812924339 45.4047345444 45.5078539172 44.8319545004 43.2310314698 45.7966525486 44.1581350231 45.8180068781 45.1800315684 45.6097880614 45.3483437503 43.9715779956 43.3371337375 44.2271466395 45.3489249871 45.6703436652 44.8726299255 43.9616149396 43.8118761249 43.3704784521 44.5175710564 45.1195214693 43.6770161889 45.3731833131 43.1659166372 45.7185124033 44.7976104096 43.161734544 44.4171536539 44.2619495381 43.5349002273 45.3937205443 45.3572157187 45.4555819718 43.4358299169 45.2686318783 43.8229499102 45.6244013504 45.0018276373 44.5661822452 44.3550235674 44.0816206849 45.7792772469 45.4845514978 45.0275023396 44.7425534036 44.2113862932 45.349270343 43.2328424379 44.6398587707 43.6761459369 44.4943997288 44.2185821747
44.1814929367 43.1447249633 44.1748397945 44.7537477064 45.0926082424 43.9279042794 43.4746254691 45.5147884855 45.1478919854 43.2540577398 45.1376678418 44.5729094213 43.8448239861 44.2483546851 44.0983589164 44.4193040612 43.7623863652 44.2223537533 45.1556563081 44.470767065 44.3212855958 44.801184691 43.6626982492 45.5763529968 43.5476307183 43.9077085292 45.4579542006 44.1639159982 44.690138602 44.0893545361 45.0500025216 45.1195897458 44.7851202875 45.262247852 43.8968011017 43.4659303021 45.1562138081 45.0501345766 44.7957753268 43.0033977793 43.7740513637 44.9096668996 45.29009344 43.4665211629 43.3940205235 44.033346047 44.6697753599 44.5783781926 45.5680490252 44.4525711805 43.6144978307 43.5008513533 44.5850198498 44.0464282061 43.5115236344 44.3378994912 45.4042523082
45.3995173892 43.9455145376 45.6745191112 43.9332410929 45.0242412336 44.1184935563 43.8192711761 43.4562816727 45.2326665324 44.2810362152 45.0244991802 45.1837790633 43.4067863766 43.8416638509 43.3798547296 43.2383508105 44.9301485837 43.9709421981 43.5929296693 43.2067194157 45.6168395089 44.190714919 43.7009715401 44.6155894048 44.0643538125 45.4092436153 43.4007752535 43.0248186303 43.231434653 43.5645263442 43.1089652539 44.2552992262 43.4940021179 43.2595840177 44.185686125 43.2936813674 44.1287938352 43.5445044765 43.7940227264 45.2032673758 45.182658021 45.4562719071 45.2411073749 43.520829429 43.9876780846 43.6863269164 44.6145920676 43.8688132083 45.3066048595 43.6549100393 44.536764292 43.7596528058 44.8296266634 44.9214332044 44.3234387885 43.2398841006 43.4234337003
45.8076942058 43.6870898515 45.3914267507 45.3703854476 44.4914190006 44.5016994273 44.1078887794 45.7241423952 43.5302516803 44.9047856902 44.6927033076 44.7804995169 43.2612178914 43.6712280387 44.2952837449 44.8492922802 45.2614942576 45.6522150674 44.4349710728 44.1127311965 45.3089422864 44.371526714 44.0424604604 43.587462433 43.802494504 43.889097401 43.23307802 43.5090569673 44.5883221094 44.6013078739 45.3635987184 44.4319740493 45.2220432931 44.6367024097 44.5893703704 44.6030138337 45.7862903723 43.9434725189 43.1469778901 45.1602522797 43.151453297 44.1232187051 44.760296407 44.8098435213 44.3970690966 44.6588889467 44.8357217493 44.9645878118 45.2957827601 45.2805364602 43.9709539429 44.9466784579 43.1556884438 44.0959595817 45.4708114323 44.1906153777 44.486694322
43.9101573382 43.1584335598 44.9484863559 44.6629605973 43.0926607983 45.1375961443 45.0280869462 44.6126060977 43.2669924979 45.7399419155 44.7371222377 45.6035743052 43.5435116214 45.1518284725 45.3723346413 44.9515538727 44.8310385038 44.7618653287 44.7340931258 45.52694541 45.2605510817 44.1081185566 44.4108976187 44.1978976914 43.0029804238 43.1106078161 43.8132952114 43.0910952873 45.5488398623 44.2106453286 44.9871055336 44.2107310873 44.3485547755 45.612367088 45.6176324242 45.4020404663 43.5819679071 43.6904531741 44.6742103924 43.2992847883 44.1437066225 43.2973048183 44.364758334 45.102277979 43.4992731923 43.427034858 44.5169959971 44.0140095453 43.332696604 44.7889189986 43.8193215027 44.828995405 43.6075587371 43.6958947247 43.2465884704 43.2412617882 44.6296409786
45.6196739849 43.7820113569 45.7723699969 43.7669919589 43.8743732861 44.7472404973 44.8169146854 45.2944496699 45.0864384407 44.0922985499 43.1440621157 44.5940706155 45.6678268046 44.5640988471 43.1207377279 43.0999152468 44.1373706825 44.0478726232 44.4796496708 43.5249123714 45.396231143 43.7647461216 43.9944965783 43.9889026552 43.9167792359 44.369940486 44.8824253465 44.9588249854 44.5614732195 43.4031057151 43.5572238988 44.5852096984 45.3222788208 44.4010828283 45.6764521211 44.663771089 44.9897448587 43.4329411329 44.7675427623 44.3079302181 44.3085934399 43.7664300194 43.2459544114 43.4772966791 44.1453968096 45.095381221 43.1416463696 43.5339419836 43.9336412982 44.9841208895 44.7503517332 43.2655003834 43.6521462534 43.8508857153 44.6570981743 44.0916444496 44.5505358435
43.8550576649 43.1326870746 43.391418611 43.1238717243 44.2147593525 45.3814262528 45.0017016705 43.4946658585 43.3491485241 45.4650988548 43.4339847004 43.8945387153 43.0694055508 43.0368171391 44.4985923637 43.1152813748 44.2584760464 44.0944892051 43.7283126666 45.2301418072 44.8765769272 44.1432296729 43.2693988951 44.3457260207 45.3989082707 45.1769027511 45.3036799799 44.7861253244 43.9967812247 43.2491164839 43.3185325693 45.3815172607 43.1049118994 44.32917775 44.0282705889 45.7988289596 44.5600370237 44.7902827527 45.4370108096 45.3826518263 44.6947524448 44.0399817415 44.1927930281 44.4073342729 44.8685652343 44.357805858 44.3448405586 43.7036130507 45.0293166962 44.4054154891 43.0185764934 44.6074872818 45.8141737027 44.857013575 43.095049923 64.6337647811 59.4063558881
43.6680933796 43.9649099084 43.8626798376 44.2849232551 44.5895548511 45.0993181608 44.9596973231 45.7601478498 43.744851077 43.2868779631 45.4961144918 45.0631193919 45.3941434285 43.3648119244 45.4915076157 44.3636164029 44.4951816893 43.8767930655 43.4243309373 44.6642169141 44.810454171 43.5660862254 45.7928849797 44.041544912 43.1801215818 43.8069610762 44.6212475584 43.8883965529 45.6506766889 44.2783512422 43.0982286874 45.7399500323 44.7412137962 45.0929396859 44.9958562542 45.7619749871 45.4662547983 43.6584156877 45.0159695391 45.3364465201 44.952367212 43.5146835223 45.3412787413 44.5607229552 45.3581781674 45.7190043857 45.4791434297 44.9569988295 45.6428795746 43.0604530337 44.0463931378 44.3088119633 44.1216541213 43.2156502051 43.3998328991 58.2599277551 53.2544815056
44.5586597657 44.7964942652 43.9158178068 43.7403766174 44.7955499425 45.229799204 44.0592137799 44.6178340605 45.3842383522 43.3581347457 44.9662351926 45.5349069279 45.8205010426 45.3808860686 45.6699796321 44.6746825744 44.0206944246 44.9105187428 44.5063894827 43.0616420268 45.237179405 44.0479330612 43.9279745272 43.144288892 44.5558313944 43.3183232137 43.7672908585 44.450112216 45.3042824718 43.1309798645 43.5224008328 43.9902792112 45.6542032854 44.5074773533 44.1271807712 44.3603989336 44.1793983056 43.3407273244 45.3169961927 43.4262229438 44.7550948481 44.7715466037 44.7766506666 43.9320885098 43.8810041905 43.831214008 45.6331695151 45.6445277274 44.2976259218 45.0983228199 43.1644314164 43.9983110101 45.7968185427 44.7118302932 45.4247519134 60.715637213 54.0665636399
45.5862123641 44.3801402735 43.768072294 44.6488537078 44.5989150935 45.5809992764 44.8528142356 44.4107803121 43.5335739983 44.4778345 44.2174774941 44.5725183604 45.4976706616 45.2272552438 43.2090499245 44.7236519456 45.7229152355 43.7407394041 45.0201579406 45.5026325111 45.3168166311 45.5864106472 45.4921892996 44.7677133392 45.6916165502 43.1355130002 43.1886022778 44.8103667596 44.4387748414 44.7693321435 44.7838463721 44.4424817491 45.8168822088 43.3343977904 43.8085528354 45.0730307784 43.3319728658 44.0209502863 44.1061333056 43.9345721065 44.8058933717 44.2074045431 43.5185704754 45.2288858356 43.8464194165 44.1553301118 45.5828314372 44.0740643455 43.7292921325 45.1513375468 44.4406525336 45.5681596905 44.8205269867 43.331546379 44.1703023033 43.6147498663 43.8508989214
