Spatial_Output/DEC/DEC_1152.asc
NCOLS 155
NROWS 192
XLLCORNER 196307.867259
YLLCORNER 449144.565805
CELLSIZE 33.573938
NODATA_VALUE NaN
[rows 104 to 129 of 192, columns 57 to 113 of 155]
27.8056006567 27.6123835789 28.1758786209 28.1787352211 28.0829895432 27.5337105092 27.7297243252 27.8148894018 27.623001473 27.6137003763 28.1895645363 28.118911471 27.5890740437 27.7442667945 27.7635690951 27.6676198142 27.8713104186 27.6310376317 28.090207798 28.0688365812 28.1609583621 27.5933921745 27.7988118497 27.6016287619 27.7903286211 28.0161034221 28.0018799718 27.8644233532 27.7969890821 28.0657485215 27.884226776 27.8494561312 28.1944212909 27.6952929527 27.8544110316 27.6876258415 28.0041305395 27.9629635883 27.8443888608 27.9866412845 27.907492486 28.1534529671 28.0990756246 27.6814645311 28.0685348691 28.0473323215 27.8440776709 28.1230594426 27.9813661106 27.8060182303 27.9821591607 28.0373122619 28.0233230206 27.9514734451 27.8269401135 27.9190442476 28.1997089684
27.6298728658 27.9345066663 27.842497463 28.0148015186 28.1221064487 28.0519482335 27.5076654108 27.5393685256 28.0837725371 27.7562997361 27.9130897463 27.7644479183 27.613516988 27.5504345504 27.6203146912 27.627557759 28.0779973368 27.7943304724 27.6015531276 27.7454959062 27.6297589087 27.8558133005 27.5758737787 27.5453691267 27.940810465 28.1267582501 27.8160206632 28.1983063869 28.0221260585 27.6633899988 27.5226363657 27.929539198 28.1254409809 27.5828142148 27.9080446029 28.0690018496 28.0074220325 27.6169308553 28.0478158993 27.5390139056 28.0459785932 28.092101316 27.7156304188 27.8994680622 27.8571440915 27.8276090958 27.6917379319 28.1337235751 28.2000768273 27.5677823667 27.84953432 28.1346509151 27.5668237276 27.6033633765 28.0507454306 27.6204910139 27.7485430348
27.7766381913 27.6785917693 27.8761005424 27.5105652284 28.1067235698 27.6133408703 28.1505294217 28.0070685842 28.0176938879 28.1884190634 27.9562581847 27.5013990118 27.9522815223 27.9635802622 28.0590099413 27.7919739558 27.9408305084 27.7407566472 27.6257354436 27.6025653188 28.1061734779 28.1452300518 27.836283364 28.1497712582 28.017544132 27.947464621 27.9453263605 28.1116235119 28.0447312806 27.7227738199 27.5615177248 28.1920733554 27.7687944236 27.7757932659 27.9862825471 27.5657311873 27.822480252 27.8577127623 27.5182184201 27.839299895 28.0608548297 27.9400514467 27.9145451534 27.7174035462 28.0676300599 28.0405782955 28.1713600642 27.7862441419 27.5281892203 28.1519139271 28.017601424 28.1434638815 27.761727988 27.8873731919 27.997317814 27.8864439867 27.933451733
28.0926200057 28.1962196109 27.7134579026 27.7109855591 27.5532554937 28.154426379 28.0829001104 28.2020397465 27.6752859261 27.6986634502 28.0507031644 27.649996972 27.6989531564 27.9978204909 28.1094409431 27.7178546714 27.5563608164 28.066782691 27.5809864925 27.6577904287 27.6117442972 27.8721462078 27.7145979585 27.58817061 28.0116842887 27.5008584822 27.8229273533 27.7975689102 27.5515185252 27.9828301667 27.5069518518 27.9258209338 27.6150195075 28.087016264 27.8442154274 27.9817241698 28.1011004078 27.8263100434 27.5619461501 27.794304965 27.8762738034 28.1444013309 27.6400873236 28.1814125396 28.2012937254 28.1170410343 27.5408931886 28.0036168521 27.6945432453 27.6474802212 27.8392112456 27.6014233169 27.7859971766 27.9702972621 27.6141048896 28.1687051444 27.5655187764
28.2057367798 27.563435504 27.8533834206 27.8022802689 27.8741148068 27.5216334822 27.8747142848 28.1498944046 27.7582600386 28.1587613466 27.9006264202 27.7821315426 28.0448057704 27.9250300314 28.0089690618 28.1475939366 28.0148108894 27.9616612799 27.5799995792 27.6909837588 27.659140714 27.5238982245 27.5821529073 27.7431564361 28.1511186404 27.9163810811 27.7282444827 28.0674149337 28.0898498267 28.1379724776 27.5438462915 27.8256821894 27.8381984169 27.7571149376 28.0820770252 27.9300648851 27.7404052425 27.5410290341 27.6832622517 27.5485233737 27.6133910458 27.9068569399 27.7037492107 27.8465772525 28.1376304931 28.1735524146 28.0548440616 27.7664788919 27.6216124401 28.1300270206 27.6939888274 28.0220770354 27.7673677132 27.9955644842 27.66867399 27.9165301393 28.0681167861
27.6895968739 27.5087891021 27.6396614854 27.7944316029 27.8566306753 27.6607364226 27.6329338549 27.6948824351 27.6948782166 28.0767988579 28.1369807614 27.9748883565 27.8607964078 27.615903379 28.0448846906 27.6880882663 27.7183346293 27.962917871 27.5848448453 28.0890649811 28.2004726666 27.5387975432 27.8767529952 28.1436489935 28.1211523768 28.0368308112 27.8974685259 27.6286910396 27.9345060505 27.6959297264 27.5427234026 27.7930767444 27.6396940124 27.5417683011 27.7744584758 27.5179907301 28.0982805689 28.0144668567 28.2033120807 27.8012570716 28.0409207197 28.1939091536 28.0003805183 27.8651173699 27.5289850491 27.5320609922 28.0290216095 27.566332782 27.5291509816 28.1438657781 27.980116268 28.0168861878 27.9368580623 27.7720935161 27.7709409116 27.8394867456 27.6656077727
27.9855984766 27.9634986234 27.5944770422 28.012909589 27.5116017376 27.6799687893 27.6631762618 28.0736616 27.9146680408 27.6845369413 27.6060197724 27.9593876092 28.1006768775 27.6366543177 27.6219855148 27.6299042281 28.2062788968 28.1996766704 27.7438926078 27.6715168153 27.5989146928 27.720523293 27.6844899129 27.969610667 27.973891732 28.0586938126 28.1230270057 27.8648574307 27.8303914425 27.5453103809 27.7658272367 27.8949015871 28.1636350093 27.5874557306 28.0973670239 27.9236316398 27.6703288239 27.605938097 27.8523674399 27.5668365014 28.1019523323 27.5935100605 27.8127758587 28.1862932543 27.9072546073 28.1984174763 28.1420330365 27.9775017269 27.7981990341 28.2034244592 28.0225095152 27.6953548176 27.8267687341 27.5302194502 27.6202203342 27.969274825 28.203100583
28.1193851414 27.8953329772 28.0346942282 27.7138266965 28.1763988769 27.8809485685 27.8814177686 27.5477466621 27.6207507572 27.7608369003 28.156146458 27.6393950353 28.093485494 27.5105663223 27.8551693683 27.7974365874 28.0350347029 28.0186054197 27.7850151037 27.8376229892 27.688648365 27.7237364434 27.8510151482 28.1871921172 27.676613013 27.7873769459 27.8155690531 27.532754542 27.6656649416 27.6512065593 28.1823705908 27.9601887063 27.7198405217 27.8200105689 27.6799428683 28.1086481414 27.6882274775 27.9847187335 27.7376365938 27.6961700691 28.1204689309 27.8000003897 28.1320277351 28.153577428 27.9363598874 28.1880833432 27.7036890264 28.1154789823 27.6774529556 27.6106758969 27.5012540413 27.7491842158 28.0110851134 28.0151875956 28.0432789465 27.9835979692 27.589045356
27.9162691794 28.0390863458 28.1794735876 27.6015087667 28.0720769855 28.1347363722 28.1833274672 27.6982007612 27.7524992819 27.8224252123 27.9644336996 28.179944832 27.5758490274 27.6523968486 27.6441316923 28.0427820072 27.8914349326 27.5244725906 28.0735895351 27.8464824039 27.5222299326 28.1983900029 27.7501214743 27.5531659045 27.7792261359 28.1426427913 27.7875773885 28.027256015 27.7456157091 27.7802153916 27.9928474025 28.0925729686 27.811342082 27.6355634868 28.0479188351 27.6509740569 27.6726240726 27.8503952105 27.8320221237 27.8236947079 27.7047640287 27.7261878429 27.8800360666 27.5610510404 27.6022766063 27.5541222333 27.552711013 27.9878871467 27.5706216008 28.1744801601 27.6567031059 27.6987025578 27.5792829721 27.8011993517 27.7953326905 28.184851779 27.5530155799
27.8517883977 27.6060453281 28.090992468 27.9714186749 27.8158298407 27.5489697698 27.6364534522 28.1038534133 27.8202723908 28.0574162556 27.7879641446 28.1658745104 27.8315802594 27.9716698267 27.6753616064 28.0285806768 27.8447412227 27.5172797886 27.8141369787 27.8250125295 27.8670910664 28.0095500373 27.525911316 28.1909677475 27.6191273814 27.5269095824 27.515322707 27.6274358182 28.1080030509 28.1799569346 28.0292164522 27.980614361 28.1380201498 27.858460268 27.8618363101 28.1895871832 27.5138366086 27.5020863679 28.2053461768 27.6196755735 27.5018046288 27.9110780723 27.8485971686 27.7172372028 27.8236072615 27.5860532717 27.8246442285 28.1642495653 28.1267293786 27.6597726397 27.6409580468 27.9347003223 28.1697784776 27.8715436863 28.2013769842 28.1992873291 28.1104022819
27.6579440565 27.8184002225 27.6191252362 27.5243950201 28.0854528265 27.6217115426 28.1506032621 28.1782643637 27.991180998 27.8347723259 27.8121200794 27.9367482386 27.8083090715 27.5367360652 27.5677777892 28.159847536 27.9107212449 27.8030459314 28.1376625608 28.0419812816 27.9357670259 27.5835199709 27.9246111396 27.9474003392 27.7336859333 27.6372001879 27.8375113664 28.2061581843 27.6553086655 28.1576753536 28.0123500972 27.531511711 28.1868736469 28.1170267012 27.8483589407 28.12945015 27.8677806313 27.8661185849 27.675744311 27.705752924 28.1300958199 27.5040133933 28.0358199685 27.9462512339 27.8344423876 27.7064766919 27.5634056999 27.8067548368 27.9580333503 27.5757404115 27.5914874253 27.8996744406 27.8090345893 27.9039764723 28.0979042305 28.104603217 28.016213712
28.0914494871 28.1951441853 27.9847402985 28.0183258395 27.9365914842 28.2052398448 28.0962304981 27.5151998908 27.8366852512 27.7461233491 27.7780923843 28.1598680073 27.7115786501 27.7918053874 27.7230967103 27.8646788053 27.8398155699 27.8141478107 27.6842317936 28.1559878541 27.8390952075 27.9370305166 27.6728795414 27.7338931505 28.0891660569 28.1875814289 28.0141205578 27.7223245857 27.6793869429 27.7623554513 27.5005181752 27.6185745946 27.9721389006 27.9748715419 27.9995541501 28.1787519698 28.076242592 27.9502389589 27.7075656443 27.705947931 27.7389662823 27.8163502423 27.5606173045 27.5064852665 27.6186780473 27.9931645969 27.8594926567 27.6593346461 28.1602204572 27.6042555481 27.88069027 28.1346924185 27.9271791656 27.8896529642 28.154155717 27.9895840689 27.6091205812
27.537976495 27.9633975859 27.7110537781 28.0515518342 27.6431757595 27.8748157393 27.5333149193 27.8994611458 28.028311042 27.8338139166 28.1068127495 28.1741568359 27.910081354 27.5441039289 27.903960143 27.8003113539 27.9422111197 27.9743793161 27.8929499699 27.8485517963 28.1896658104 28.0553422745 27.9478654832 27.5618589846 28.1842534961 27.9105310558 27.8804651541 27.7250927712 27.8383510531 27.5542766168 27.8058029932 27.5762561121 27.9255847026 27.9721675413 27.6349274383 27.6090269968 27.7155962441 27.798895796 28.0680936982 27.5140465553 27.5418647294 27.8851678686 27.6405495314 28.0068380377 27.7852295746 27.8478889132 27.8372562221 28.1193321788 27.5413993663 28.007695046 28.063960737 27.5468649688 27.575280381 27.5715469895 27.5718647824 28.1023331259 27.6171233625
28.2064606275 27.9245383607 27.9098686506 27.539031218 27.6607844413 27.5072160675 28.1530515527 28.1560181697 27.6887009026 28.0566494774 27.828846762 27.6603833938 27.9238391646 27.8358736646 27.5556558669 27.7811984045 27.7250162394 27.8593367522 28.1572813393 27.6285219595 28.0549983928 27.7010685391 27.7061905412 27.7139058659 27.7183599953 27.6902227498 28.023640494 27.8913878833 27.7341722157 27.7548030715 27.9254745651 28.2045293341 27.9246229092 27.5626207643 27.5767360702 27.7088898749 27.9727948969 27.6883448745 27.8762792988 27.6645659626 28.1096356125 27.5874468012 27.9637658645 28.0278742122 28.0382773809 27.6450290919 27.6806333221 27.9931790671 27.8001908912 27.6371661952 28.0710348305 27.8791504662 28.0449789368 27.7962475868 28.0529987494 28.1752972301 27.6262117221
27.8994167801 27.6115026259 27.8498664537 27.6418880358 27.7660094254 27.6354256901 27.5488034998 27.9056174166 27.9611747537 28.0169090484 27.6108321329 28.1970673777 27.6350114337 27.9563125135 28.0190501776 27.8460993578 28.0438698132 27.5249076468 28.1253077149 27.9235282478 27.817055503 28.0341845295 27.666675972 27.9191469015 27.5737076824 28.1652862682 27.9529059887 27.8736693808 28.1810376421 28.0725818544 27.8519594361 27.9264935538 27.9207753711 27.9848246244 27.8331268807 27.5293617753 28.0254042342 27.8843762232 28.0365024239 27.6250350022 27.5008227587 27.798270146 27.7875101634 28.0837291802 27.5692857627 27.5719655481 28.0495260328 27.6157295809 28.0612174272 27.9589429539 27.5665810471 27.5946741626 27.9837334317 27.7513684167 27.6366881653 27.9717120489 27.8554937421
27.5320723633 27.6454141014 28.202520469 27.5198319655 27.7695871509 27.7871142382 28.0237273633 27.6588356544 27.9059178642 28.0792255495 27.5917107439 27.751908267 27.8435019132 28.1948307447 27.7095347006 27.9984384848 27.9220637999 27.511217288 27.5924953266 27.8351549458 27.5628460554 28.0631731514 27.6804924991 27.6578785197 28.0101533954 27.9581960851 27.5262414576 28.0132871013 27.9032595572 27.8186612975 27.5828233101 27.9588484122 27.5011223599 27.8051854086 27.8929528258 27.7581358417 27.8392942789 27.8551092584 27.7167866661 27.5112008271 27.886932286 28.1712308949 28.0487310306 27.5051535851 27.6512511248 27.663685766 28.0093917192 27.9810864828 27.9383656003 27.5995378816 27.8650416541 27.5821424068 27.5588411048 27.6223832392 27.6782171881 27.7229686145 27.9843554962
27.9040300161 27.7742190461 27.8730193281 27.646871889 27.65338639 28.1601060453 28.1012521963 27.9267124745 27.622423763 28.1438851746 28.0756759271 27.5940692226 28.1528455327 27.8848760271 28.1915053732 27.7812333146 27.7467993493 27.7634952158 28.2055406097 27.6684249445 28.1034936665 27.6825579152 27.7093929706 27.9504657061 27.6215223933 27.8087084014 28.0486801294 27.561864908 27.9454540149 28.0860405797 27.9908694249 27.5906131559 27.575560242 27.5019577476 27.8880400096 27.7740437234 27.7601124799 27.6609193947 27.6856382859 27.5146960773 27.8792856493 27.6908765195 28.0616992525 27.6104049654 27.8604746803 27.9740058514 27.9242512627 27.9767983431 27.9793147711 28.1297673486 28.1597854477 27.6101125812 27.6503408081 27.9634899693 27.5939882683 28.106008144 28.1570954248
27.6018669774 27.6699162582 27.8341857866 27.7902892944 28.1619918819 27.7772671901 28.0477522979 27.9876202953 27.5554779965 27.968666441 28.1918139991 27.9647593204 27.8926959306 27.6509491949 27.7828312454 27.7452859711 27.5597352623 27.5715747457 27.6082818208 28.1166684418 27.7188614698 28.1984626461 28.116299898 27.8138914218 27.5366945986 28.0354450426 27.8610439729 28.1718181885 28.1907155664 27.5987860748 28.0765981103 27.9079259859 27.6958825582 27.7429165149 27.8868585096 28.1690731078 27.5238120823 27.9382939275 27.6206720677 27.617035824 27.8218030977 28.1956451241 27.6634700062 27.5543755131 27.6818090682 28.0200691543 27.5264333283 27.9110092212 27.6737133917 27.8238470911 27.8406826609 28.130323872 28.2009044902 27.9952379127 27.5978352527 27.5591171527 27.6283082478
27.984647583 27.883099486 27.5420774758 27.5827582481 28.0799792849 27.5647629384 27.9842314772 27.5974791652 27.8500545425 27.8297041619 28.1091569308 27.9680320348 28.0317757675 28.1382365283 27.7536499924 28.0292759041 27.9511682758 27.7374892555 27.7486694407 28.1482580725 27.742553824 28.0143999038 28.0186092757 27.7228896567 27.9668824436 27.5675129886 27.9097808799 27.7155985622 27.9182266196 27.9713844671 28.0976756167 27.5934201077 27.5020895502 27.8196575621 27.9919350196 27.7434506935 27.6567261069 27.5460206323 27.7896149182 28.130081759 27.8665438257 27.9267779798 27.5148735222 28.0039805828 27.7754932698 28.0490453504 27.8715009174 27.6254140133 28.1039313394 28.0451530557 27.8101525374 27.9989704631 27.5170170756 27.8411399709 28.1923206802 27.7008894849 28.1918791921
28.00372305 27.6334020565 28.1849036032 27.9384121993 28.0575420597 28.0486623726 27.699320524 28.026457042 27.5240294339 27.6492992022 27.8336822625 27.898308461 28.0280709347 27.8343693655 27.7761671326 27.7748906381 27.9567974287 27.7217362616 27.9632792722 27.574841725 27.7865412531 27.7864113304 27.730014731 28.1041454597 27.5668474874 28.068486085 27.5053460395 28.1444974143 27.6127925914 28.0713783148 27.6258981845 27.955193083 27.9610924777 27.8820974564 28.0333091849 28.0400770253 27.5158795482 28.118179332 27.8547295644 27.7044654074 27.7717456936 27.6003061398 27.6579215972 27.5213281001 27.5359463935 28.0152569358 27.6023158389 28.1032813656 27.8346489266 27.6989535695 27.8045105604 27.6658302708 28.1650357468 28.1010159521 27.5652527208 27.9827731564 27.523902544
27.9942677214 27.6617987224 27.7785990247 27.8596084657 28.1902588102 28.085470425 27.6349056819 27.5531331952 27.6993407909 27.6990957996 27.9148819042 27.9204937499 27.6234001592 27.5596078708 28.0957582651 27.7954394504 27.8943336706 27.83831453 27.520879913 28.1747498458 27.9341143412 27.795899254 28.0385217759 28.0366424659 27.7775711133 27.6704407398 28.1004152686 27.9274268484 27.8749273992 28.1338657127 27.9343665191 27.6783789088 28.1959216436 28.1334932993 28.1820664144 28.0853744983 27.5426665464 27.7450152521 27.6666715596 28.0779526361 27.9303093686 27.5766938577 27.9274842795 27.8382993596 27.5110103995 28.0683044036 27.6096369621 27.7136289388 27.5038646999 28.2038020594 28.1760494238 28.1555355834 27.7278234932 28.0137961917 27.9265599205 27.8770375647 27.7434008272
28.1371010389 28.0927713415 28.1911695181 27.5129806133 28.0960161863 27.8432461179 27.771620025 27.9010225969 28.0725621574 28.1394761721 28.0201571087 27.8415947529 27.9537582759 28.1333646704 27.8072601301 28.1383241858 27.947999856 28.1887787918 27.5720771019 27.5008201499 28.1878280822 27.6365672112 28.133501692 27.6490694046 27.5191375706 27.9961588673 27.7474492951 27.915416295 28.1459885065 27.5131470913 27.5744669901 27.5628395498 28.1001702417 27.7373473267 28.1059064722 27.7899657904 27.951662984 27.5306247725 27.9214479312 27.782853526 28.1403634628 27.6561566353 27.6824880527 28.1683426294 28.1014864105 28.1427766531 28.0196302681 28.0574393115 27.9748199532 27.944619927 27.7962969997 27.5029168571 27.7019381877 27.9541754654 28.0268674429 27.6997831957 27.8227773641
28.167917302 27.5906573337 27.9145625868 28.0387055224 28.1076279649 27.772479218 27.5992579332 27.5950862797 27.6840130428 27.8430421527 27.6493351121 28.1331387554 27.5888857453 28.0127101923 27.6578310455 27.6810800622 27.7299889112 28.2054849991 27.925787895 27.8900924402 27.567107939 27.9743121587 27.7813600512 28.1731669495 28.1370007637 27.7248568593 28.0360397601 28.0085258759 27.8510993192 27.8271381331 28.0479423662 27.7301317346 27.7921949376 28.0485699142 28.0325114633 27.5872064204 28.1217633998 27.7887167526 27.9670306604 27.7280846702 27.5660356235 27.8045388304 27.6067484442 27.523895338 27.8910916127 27.7292433844 28.1238784926 28.1477478296 28.0190723114 28.0578821325 27.6498351176 27.6691815132 27.9032421135 27.7104350549 28.1977248469 27.7865602783 27.9592009229
28.0130814207 28.0562789368 28.0831348674 27.6524790572 28.097750805 27.8541906829 27.7428152008 27.7880843079 27.7176862457 27.9193949319 28.0882054053 27.8850615413 28.0445061851 27.8343472334 27.7820235747 28.1194731519 27.6572936021 27.8370871065 27.6890922591 27.6056189775 28.1188231856 27.8722177583 28.0168843722 28.0779773951 27.719823157 27.6928337387 28.1338130434 27.5412309124 28.1634980575 27.8734541307 27.7239811191 27.6871937582 27.700771083 27.5379696877 27.7365157511 27.5045551262 28.1672062262 27.9595812725 28.0962260468 27.9099380833 27.9420461221 27.8173488942 27.7873078541 27.7611672311 27.6999460657 27.7840953016 27.6321545499 28.1825356606 27.9902485848 28.1708505936 28.1637649144 28.0170359878 27.9894272108 27.5493069447 27.9235105462 27.757590516 28.0534551701
28.187680078 27.6513670769 27.890636388 27.5945587074 27.964257836 27.6262520014 27.795567485 28.0126085594 27.6169381835 27.6233862786 28.1335726542 27.8160085117 28.1174950291 28.1454074234 27.508894594 27.6325787661 27.7008568009 27.8116083909 27.6311551673 27.6230939302 28.0168872803 27.6799561385 28.1672922922 27.8909131487 27.9501633976 27.5460823839 27.5028828653 28.047856248 27.5151974337 27.6328419905 28.0411476504 27.753217651 27.8726438959 27.7440477806 27.7460967364 28.0301867359 27.8923712233 28.0645814713 28.0238755596 27.6155729178 28.0524789179 28.0650675127 27.6791408219 27.8741654586 28.0785509994 27.8611555438 27.7081662752 27.8180076082 28.1785735475 27.7399050115 27.9128924328 27.5557980762 27.7281769256 27.8619900841 27.8523189555 28.08835006 27.780553379
28.0914470088 27.7115537802 27.9947882861 27.5819006565 27.5721882684 27.7608502228 27.5533208458 27.9393192754 27.7797425079 27.9133819239 28.1577570556 27.7749014877 27.9290861955 28.033750822 28.0193916189 28.1880887106 28.0285774954 27.6168565504 27.534550176 27.8300982581 28.1877429468 27.8218638615 27.944604637 28.1663329379 28.1516514184 27.7924040512 27.9298058911 27.509519503 28.2059383283 28.0425248484 28.0517235128 28.0916872378 28.045426241 27.6460259726 27.9481084325 28.1515171206 27.8616952764 27.7049808876 27.6863269882 28.1864121673 28.168078829 28.16010813 27.9488026478 28.0186137721 27.8448225163 27.8410319902 27.8266900746 27.8609121825 27.8959364768 27.5602193403 27.9301212419 28.1937705092 27.9425108569 27.6561150155 28.1600145318 28.1035027188 28.006593337
