Spatial_Output/DEC/DEC_1049.asc
NCOLS 155
NROWS 192
XLLCORNER 196307.867259
YLLCORNER 449144.565805
CELLSIZE 33.573938
NODATA_VALUE NaN
[rows 26 to 51 of 192, columns 0 to 56 of 155]
0 0 0 0 0 0 0 0 0 0 0 0 0 0 0 0 0 0 0 0 0 22.6023807146 22.6634962567 22.5142510213 22.9994401062 22.674743815 22.7492403475 23.1689988397 22.5895893751 22.6370553504 22.6193996478 22.9726607783 22.6158341466 22.6989570529 22.5198654589 23.1645344109 22.6702000027 22.7436564209 23.0170110826 22.7844249332 22.5819304694 22.5775600273 22.5854494137 23.1500580948 23.0265107472 22.5702491162 22.7892075967 22.9995911657 23.0203026557 23.0777288332 23.0058281529 22.8399319443 23.1274732091 22.8516331213 22.5969820862 23.1137020449 22.5360838885
0 0 0 0 0 0 0 0 0 0 0 0 0 0 0 0 0 0 0 22.8942062412 22.5713791679 22.7854484436 23.0989365885 22.7064919046 22.7438686044 22.7857945692 22.6898453558 23.0783594537 22.5897356232 22.6870005254 22.876911765 22.7334324759 22.7787156732 22.9221269121 22.5690981131 22.5143390094 22.7749802102 22.5576246993 22.601609494 22.6864992816 22.7740661584 22.7227222663 23.1957461775 22.8262017288 22.9541785175 23.1865409637 23.0305075468 22.9154453118 23.0361000453 22.9818255813 22.8538053387 22.7859585321 22.7894326565 23.1109617508 22.5442660208 22.5203097566 22.6933248486
0 0 0 0 0 0 0 0 0 0 0 0 0 0 0 0 0 0 22.5170151786 22.516839758 22.9441347567 23.1100574218 22.5068392693 22.8586562437 23.0527530089 22.6081156579 22.5472039015 22.673625857 23.0646666384 22.707851319 22.7586245547 23.0134243546 22.6006246312 23.0762861271 22.6532657981 23.0820574246 23.0704161465 22.720840951 23.0770906796 22.7483679895 22.9944093004 23.1877595535 22.8165758588 22.5487247145 22.6472336969 23.1071861929 22.6204190096 23.0913510758 22.653861323 23.0966252979 22.7380318992 23.0961969865 22.6441022437 22.8587348468 22.8680886313 22.8521860146 22.8852013295
0 0 0 0 0 0 0 0 0 0 0 0 0 0 0 0 0 23.0993985147 23.1054765194 8.9172108158 9.3161709646 21.0701621116 22.8023954087 22.7475010548 23.1189164941 22.5477393102 22.8561439699 22.8522439516 23.1425163721 23.0532029675 22.7240800888 23.0115737904 22.8099634019 23.0160723904 23.0111278975 23.0723882141 22.5209148072 22.8920110434 22.686126701 22.6118481681 22.969642143 23.1253937642 23.1648513718 22.803713486 23.1735486265 23.1232397834 22.9815785615 22.6770103669 22.8043775853 22.7491923678 22.5059850699 22.9779970309 22.6179710502 22.8582559857 23.1906091351 23.099394683 22.556658185
0 0 0 0 0 0 0 0 0 0 0 0 0 0 0 0 23.0400285381 23.0409667512 22.6012978508 17.5803777976 23.5947985304 27.2431073029 22.7241948572 22.7451394229 23.0181801338 23.053534273 22.6924898723 22.9315991527 22.5936385409 23.1798230716 22.779483426 22.5399109842 22.9644607406 23.0753529039 23.0089567288 22.6528350304 22.8744165418 23.0641712499 22.5698161692 23.0245380837 23.1578132105 22.7290906398 22.6965358078 23.1996931919 23.1261478701 22.5910583 22.7243221998 22.8603127878 23.0558349427 22.6756619185 22.9989332648 22.5166715252 22.5754112531 23.0342085562 23.0702248505 22.5817003316 22.837581197
0 0 0 0 0 0 0 0 0 0 0 0 0 0 0 22.6959869373 22.8859517855 22.7828914113 23.1659208801 18.179648249 12.1585316791 22.388242439 18.6864204113 22.9928744474 22.8449146041 22.5134058522 22.8660266694 22.5778275274 23.2010236305 22.6074266115 23.1561458776 22.5892666218 22.7828993044 22.8676328751 22.5849794029 23.0098462459 23.0710809281 22.6116658269 22.697158083 23.0458772508 22.5780556322 22.8696778214 22.9751481286 22.5553278974 22.560155263 22.6746467097 22.8569044823 23.0426834772 22.8634633411 23.000638582 22.962527212 22.8287397744 22.5742751729 22.7108102464 23.0623273529 22.7090963299 22.6055617292
0 0 0 0 0 0 0 0 0 0 0 0 0 0 0 22.9488042271 23.1799872061 23.1898831724 22.8482126332 14.0176228219 23.6729086783 32.2772558048 16.8193614335 22.5965141165 22.8058937516 22.7013548634 22.6338994644 22.7020566413 22.8564879378 22.5813587595 22.5111173216 22.7569375172 23.1350748951 22.8681979617 22.6749764829 23.1070695035 22.6017707386 23.0419957182 22.9164639689 22.8171331829 22.8436362251 22.730022558 22.6918299718 22.7817672672 23.1537854806 23.0740854501 22.5121972305 22.5726978898 22.7957941147 22.8535502151 22.6469717703 23.11575169 22.5523591578 22.7188561652 22.8543645219 23.0793828302 22.8227523816
0 0 0 0 0 0 0 0 0 0 0 0 0 0 0 23.113693753 22.7754698235 22.7440007485 22.9004400014 22.6700372691 14.6409280627 15.2567595955 22.3318273063 22.6827137596 22.7946362599 22.7841431504 22.731142536 22.6356533479 22.5881414953 22.5569572926 22.6976733475 22.9942990433 22.9270983965 22.5775218833 22.744237246 22.9456738483 23.0923611519 23.0196148494 22.5451978967 22.5344739389 22.5358709603 22.8828454365 22.639980892 22.7550010552 22.9029339877 23.1574743529 22.7304178804 23.1974786902 22.6461692001 22.9584854674 22.8760048135 22.9838268539 23.1437492131 22.8029981432 22.9338909832 23.1861978636 23.1534521229
0 0 0 0 0 0 0 0 0 0 0 0 0 0 0 22.6249780405 23.0100401632 23.189674674 22.8844014851 22.7878396501 22.625060206 22.9615057966 22.7348203758 22.6164244902 23.003360371 23.1946262513 22.6376687257 22.8701645859 22.5280238399 22.7213668949 22.7252441933 22.9887606029 22.8683036622 23.1872166064 23.1824785201 22.8394463522 22.7704943847 22.9854552473 22.9070963404 22.9840767886 22.9432911451 23.2006458208 22.7227588453 22.6745990204 23.1313289426 22.8375140777 23.0846395894 22.5916127471 23.1090055542 22.5517497463 22.5717029691 23.1119119474 23.0033913758 22.975202584 22.5544131313 22.9629292151 22.576975597
0 0 0 0 0 0 0 0 0 0 0 0 0 0 0 22.9098004759 23.190310661 22.8362653891 23.0172203094 22.8752676267 22.5060590016 22.8521183266 22.8009070893 22.5880119719 22.8264429961 23.071518521 23.0892960926 23.1967731699 22.9251885503 22.5855943911 22.5080018523 22.9866625207 22.8162585279 22.7588221713 22.9244969784 22.6643778347 23.1773171026 22.5758507742 22.7035598006 22.9223002032 22.9520210537 22.6850993136 22.8075180866 22.7023939253 22.6322600143 22.6663132161 22.7036554742 22.5847706163 22.810502508 22.6835523667 23.083181308 23.1624571446 23.1075470459 22.5043454288 22.6667010879 22.9573321756 22.6294950535
0 0 0 0 0 0 0 0 0 0 0 0 0 0 23.1694383406 22.5555272147 22.9542120767 22.6196149789 22.5558751313 22.5936316891 22.8897432531 22.8833569148 23.1787328172 22.7045144976 22.5267898601 22.9781181613 23.0723316842 22.8254933046 22.7649664621 22.6426332083 22.730989444 22.9893582022 22.7990660012 22.8318302864 22.6383555343 22.6568760341 22.6157213445 22.8862857777 22.5317874458 22.91683456 22.5368248658 22.9901318269 22.623374181 22.9110216125 23.0861773923 23.1241785153 22.798990723 22.8294571189 22.9137709059 22.7573655763 23.202286949 22.9029340094 22.5037786611 22.8806451938 22.7278392314 23.1626193941 22.5426041439
0 0 0 0 0 0 0 0 0 0 0 0 0 0 23.0736612093 22.7722896773 23.0413175021 22.6932352227 22.587863896 23.1993173615 22.8780132986 23.1596333277 22.9017266378 23.1599229804 22.8226449776 23.0082397887 23.0732967494 23.0271591479 22.9103136315 22.9720641203 23.1474743029 22.5835403168 22.921684051 22.9328763583 23.1231756485 22.5425078466 22.6124229672 22.6037545984 22.7051840215 23.1208871892 22.5230678224 22.9726422634 22.6826215798 22.8247870276 23.1803539244 22.9391477567 23.0941430065 22.5119268686 23.035726954 22.8238275388 22.8625524299 22.9313670862 22.6210977471 22.5415328228 23.1638785398 22.7259262878 22.9725670175
0 0 0 0 0 0 0 0 0 0 0 0 0 22.930982085 23.2007823603 23.1508058256 22.7720587092 23.0101930581 22.6121089532 23.120523279 22.9628780797 22.5673935474 22.6013224853 22.9262861205 23.1198223935 23.1622807496 23.1845610856 22.7426261915 22.6553790911 22.7853635429 23.1202132943 22.7764878324 22.7017562593 23.0197992066 22.5746680516 22.8256853076 22.8017432281 22.5613623619 22.584861362 22.7293515372 22.8305351067 22.898955372 22.8069261137 22.6679472284 22.8743204662 23.1391407697 22.8982226041 22.8156254498 22.8809890403 22.995208416 23.1275382182 22.9695652975 22.7968424529 22.8018236606 23.0382139878 22.6621768174 22.9448510965
0 0 0 0 0 0 0 0 0 0 0 0 23.0577853232 22.6250950048 22.5430929553 22.9537985094 22.9047516096 23.0178591449 22.9791716992 22.6340350543 22.8969046018 22.9823524828 23.1129530857 22.758432044 22.5231186942 22.6502552789 22.518437996 22.8196141645 18.718831485 11.8519721228 26.9289095527 22.7497402082 22.8847213653 22.8404267985 23.1781352815 22.599835195 22.7771216825 22.5852887537 22.8511122594 22.5701656538 22.6989692467 22.8824942285 23.1408053908 23.0995448307 22.7009637944 22.7337098317 23.1376725702 22.738608167 22.7169109483 22.5686972054 22.9524076361 22.6012333494 22.884125618 23.0269667138 22.6878760619 22.8736350689 22.5178437915
0 0 0 0 0 0 0 0 0 0 0 22.8267228927 22.8822436705 22.9109552388 22.6991746321 23.181275251 23.0695206407 22.5843330917 23.1969747578 22.8092400533 22.9017102229 22.6626193243 23.123770149 22.8118820196 23.1441177742 22.6327706857 22.823701517 22.5167812469 14.1626665696 15.5379968087 31.5866591419 22.9147639881 23.1951227757 22.6478829166 22.7458983598 22.9957309666 22.9152018893 22.9967207062 22.984793445 23.1634726528 23.0431059593 22.6991434416 22.5637825217 22.9895407256 22.9304444476 23.0832657659 22.6401425827 22.6850289446 23.1248189213 23.1461752521 22.8177061642 22.5320927836 22.6921932961 22.6166414906 22.6900698224 23.1380496496 22.9713094686
0 0 0 0 0 0 0 0 0 0 23.1473341629 23.1807101924 22.9854239817 22.9999390632 23.1901695285 23.0109273258 23.1451717903 23.0738320388 22.7324097067 22.6302239015 22.8979444206 22.730501222 23.1000473035 23.0050924934 22.9832638449 23.0428033983 23.0412439352 22.9449693487 15.6920559715 26.3706427391 20.9762526112 22.8402081264 23.051930762 22.5832362704 23.0588824337 22.8296690394 22.506663602 22.9408365727 22.9601378048 22.5985660386 22.8532780512 22.7913715036 22.6087861151 22.8344623545 23.0864988374 23.0997250911 22.8477077034 22.9080674746 22.821941476 23.1711489885 22.5681365483 22.8244918388 22.9671274725 22.9602782763 22.5573682969 22.920318837 22.5760829144
0 0 0 0 0 0 0 0 0 0 23.0213793754 22.9282577155 22.8266896145 22.5315038232 22.6282728237 22.7101166363 22.9872689768 22.9540604424 22.7306694868 22.7065162381 22.6702948358 22.8163262472 23.1033215772 22.8473087064 22.9115748253 22.5674224006 22.8695424617 22.5084083616 31.4119547018 21.3988554755 11.5709985588 22.8169171828 22.6118065417 23.1579491332 22.8495413199 22.5485421484 22.8337103817 23.0932906804 22.5321078437 23.1719278506 22.7304447769 23.1464630364 22.7214710393 22.8105381962 22.9392395649 23.0955584583 22.6742895389 22.6584895123 22.8241293845 23.0140650688 23.1301174841 23.1726357101 22.9191865638 22.9808739197 22.9496235973 22.8733236132 23.0595437422
0 0 0 0 0 0 0 0 22.6103698669 22.7376194537 22.9121437648 23.1190722384 23.1884970712 23.2012898205 22.8496288935 23.1846313399 23.2006091946 22.5560288989 22.6957068902 23.0588081585 22.7067781167 22.6527965574 22.6243970323 23.066644047 22.8894254121 22.5317304166 23.1907433518 23.1528199865 23.0168663942 22.8412212581 22.6010551039 23.1076092559 23.138610013 22.6995749096 22.5175933275 22.5440057882 22.6229859795 22.7557169782 22.5738206498 22.64556823 22.7374237572 22.8859777795 22.8619648929 22.7442940598 22.7618789366 22.6937829117 22.6410545358 22.6748106263 22.8386855067 22.6925470612 22.6083596312 22.9386500424 22.6336962772 22.9813447046 23.0643111133 22.9669964123 22.5964275542
0 0 0 0 0 23.1788630459 23.1870371659 23.037523319 23.1029881141 23.0722540659 22.9847905172 23.0047120346 22.8713953523 22.6719064005 22.7948674896 22.5607191921 22.6487466689 22.9903444061 22.7393790322 22.8138663063 22.7701785768 22.9560197296 23.1846583442 22.5389436255 22.781223371 22.638957084 22.816765247 22.9885441435 23.0574267226 10.0973507726 18.3569096638 21.9220497383 22.8302254748 22.853910461 22.8847999562 22.5623022879 22.7919693294 22.6179177012 22.9355627673 23.177839799 22.7883390327 22.7111668256 23.0020290772 22.5260067854 22.8873589022 23.1536518828 22.7473045379 22.8416088567 22.8544403347 22.5898955066 22.7349162258 22.5410211474 22.6639742076 22.8616195076 22.8777227151 22.7325256834 22.750087295
0 0 23.1215446683 23.1266028861 22.9983907996 22.9612320885 22.8099086424 22.9096421347 22.834346717 23.1029166181 22.6522512707 23.1256476138 22.8283976388 22.7045266121 22.8179763563 22.7398900545 22.7553493496 22.5537533516 22.9554135135 23.0635724149 22.7870376814 23.0918892115 22.8940269794 22.7296541886 22.607196326 23.1205726087 22.9089240137 23.0522370592 22.9054487563 13.7030572533 20.8140696321 13.8900450764 22.8824294577 23.186082777 22.7659618196 22.5360304558 23.1401888555 22.6180341694 22.8127237045 22.8459034002 22.9886586626 22.8691955285 22.7235814368 22.5450530558 23.1838244751 22.5082675185 22.9072577827 22.5708893513 23.0874853576 22.9031895039 22.5989922166 23.1775525227 22.7597540171 22.8623848373 22.7612496496 22.6387935144 22.5623871813
0 22.9516318976 22.736416352 22.9498732776 22.7322405338 22.7021102488 23.0549985748 22.8040493359 23.0639047237 22.5207025803 22.802597344 22.5392172926 22.7581602797 23.157159334 22.6002437315 22.7782243791 22.9591898656 22.5684320681 22.6920072934 22.7572232547 22.6134996702 22.8274107608 22.5506289174 22.8610554622 22.7400365665 22.9635892272 22.6686427798 22.6389532751 22.5004835394 14.4196162727 18.338948104 13.7008093574 23.0582093226 22.7681530248 22.5791855258 23.1429912493 22.8903093354 22.7274107853 22.859670444 22.9022971191 22.828800165 23.1340622219 23.0212463601 23.0578571692 23.031167606 23.2056672079 22.5365608339 22.5181445751 23.1116029699 22.5629416672 22.7926064015 23.0739078385 22.7957993949 22.8168069986 22.8198912717 22.8015433028 22.6669945696
22.53382621 22.8091966782 22.5114937523 22.8950863719 22.7532710929 23.0734813784 22.799378083 22.9563759915 22.7032703815 22.5862869219 22.7110894085 23.0930310001 22.8338872089 22.737235597 22.9716332087 23.1971194631 23.112640403 22.9948978989 22.6439587569 22.7333099045 22.6089067477 22.7229644883 22.8958099583 22.5855545864 23.1253901604 22.8766313339 22.5579008946 22.7269834167 22.535421464 22.6136807717 22.5334608324 22.9707294285 23.0233620434 23.0111697467 22.6522418581 22.7036943351 23.1803451173 22.9128533393 23.2023078196 22.9915558816 23.0054059511 22.8072225539 22.6915810521 22.636581446 23.0279802956 22.7139334582 22.7097578365 22.8917186783 22.5510180689 22.708849454 23.173207248 22.6461385351 22.9194025328 23.0993300462 23.1452106498 22.5832069952 23.1483812222
23.1581472626 22.7493521217 22.6129110924 22.5377323424 23.1350963841 22.6472750314 23.1916616177 22.7555674822 22.995690306 23.1197687329 23.1432746348 22.778369238 22.8819158954 23.1453162363 22.583122439 22.5220425255 22.5234897654 22.5665269671 22.7754569681 22.8711169629 22.6333200661 22.5723792756 23.0582897827 23.1255068833 23.0506135727 23.2041173916 23.0951485899 22.8180392113 22.6531609639 22.880857853 23.0674642393 22.5978228473 22.7930526336 22.7590718607 23.0242857744 22.7506862595 22.826181916 22.7012457413 22.8348451611 22.7471540818 22.9516646845 23.1122774167 22.6611576712 22.6003272505 22.9402238234 22.9337633645 23.1391834726 22.5185756967 22.832001155 23.0912137974 22.5238257839 22.7724702599 22.7122799395 22.9829380032 22.8612633486 22.8552212089 22.6761574499
23.1900802263 22.8467139061 22.6520128909 22.6937672368 22.6846034754 23.123866537 22.8697205541 22.6861770828 22.5035684927 22.970618843 22.5358617894 23.0816526075 23.0113147935 22.892288752 22.7474454547 23.0436007932 22.7767446418 23.1582332137 23.0555824805 22.5619225306 22.74084831 22.6265410199 22.6015423797 22.718493442 22.6240483904 23.070854362 22.9162724002 22.7669558229 23.1382440029 22.7117570009 23.1968770226 22.8048705573 22.8371407453 22.9979054888 23.2011191076 22.8303391548 22.5729777144 22.5288517061 23.0172768225 22.8774932638 22.5037467808 23.1847321213 23.1738657287 22.8811280506 23.0591090516 22.5726214097 23.006315356 23.1633142384 22.5085532634 22.8695661767 22.7824637325 22.6684947545 22.8757832761 22.7492993556 22.5395272607 22.9450289465 23.0924149104
22.8193241943 22.5928711409 22.9740805912 23.0286344279 22.7850248892 23.052728904 22.5924499638 22.9074136002 22.96665161 22.902047633 22.9819054357 22.5023645669 23.0463903307 23.0106522311 22.9667480754 23.0953355308 22.6392210527 23.1828666044 23.0718006847 23.1117572148 22.5343299867 22.5257379424 22.7771859644 22.6446345315 23.0021492366 23.0204794603 22.5808208324 23.1542017304 22.776626808 22.754656557 22.6406501436 23.126342541 22.885866064 22.5992898223 22.6273025693 22.9267438394 22.8400341771 23.1462391859 22.9802180141 22.9537102422 23.1235827591 23.1913724184 22.7827261811 23.080849356 22.9284172875 23.1739908401 22.6518990063 23.1003345954 23.0970234605 22.9326079038 23.1463199611 22.6577660657 23.1276171704 22.8905988325 22.5449270606 22.6640104893 23.0511420073
22.9048384497 23.1434763577 22.5404439878 22.7023596263 22.5902557779 22.849922051 22.597404347 22.8115324423 22.8776912453 22.9689044622 23.0269780551 22.8469042487 22.7120256301 22.8824144261 22.7186042411 22.8004552742 22.6686515119 22.7884116364 22.8900634359 22.7957051165 22.54139191 22.6549136367 22.9010337997 22.8998618775 23.1663817899 22.7288547234 22.848292465 23.0541297173 22.6801210234 22.7923462034 23.1221847252 23.0272873556 22.5109406422 22.580644129 22.6317465375 22.787627132 22.5948729962 22.5505718657 22.8461182141 23.0262356646 22.5621772512 22.6537300093 22.6396106611 22.9137972522 22.9332877678 22.6689100532 22.8820039857 22.7254383418 22.590403577 23.1546722123 22.5277305022 22.5685136303 22.6836624202 22.8143499817 22.8369344376 22.6371098552 22.9095256152
