Spatial_Output/DEC/DEC_0967.asc
NCOLS 155
NROWS 192
XLLCORNER 196307.867259
YLLCORNER 449144.565805
CELLSIZE 33.573938
NODATA_VALUE NaN
[rows 78 to 103 of 192, columns 57 to 113 of 155]
23.9876656508 24.3873707103 24.4909491533 24.0273648588 25.3369362154 24.6895764402 24.6603756721 25.1223820784 24.4217812987 24.1065695481 25.4834415874 24.1225305816 24.7812073918 25.4856027578 23.829891038 23.990473404 24.7855044434 23.6933066484 25.2435754405 24.0002534033 23.5302156415 24.2040588657 24.0582617718 23.7610980454 24.4904347935 23.9270365006 23.8254352535 24.1683836048 24.9013077303 25.2351021151 24.6553859193 25.4649661812 24.0625675283 24.9610726821 25.004534701 25.3565338231 24.2020229358 25.0486218466 25.5071629493 24.2986762825 23.7768440326 23.6345522888 23.7913479067 24.9705084851 24.1224652251 24.9668970929 24.9482987622 24.7647878931 24.6229040437 24.6513020516 24.6430407756 23.6326747257 23.6927608377 24.0886077253 24.8766869296 25.0405531381 25.3957743342
23.8066018438 23.5581767372 23.9449062745 24.1734722168 23.9135708611 25.4260761258 25.5893218155 25.2245806498 24.1476173036 25.5200196998 23.8895085738 25.5546383291 25.2474467152 24.9379461122 24.4306308831 23.7398198862 24.2876893562 23.6586118862 25.3984022919 25.5970861765 23.6604091955 24.0324047426 24.8911201576 23.5628966999 24.769425288 23.9063039144 25.4207542896 25.2642235043 24.1884892052 24.4611162445 24.1078495366 24.1296953868 25.4630149193 25.2495606893 25.1251415676 25.3014590757 25.0675505815 25.0147315575 25.5000547392 24.7410399511 25.3196653539 24.3131359286 23.7391833053 25.1567234874 24.7653130725 23.913712851 24.6339332043 24.8867910682 25.1516604073 24.0269124771 25.3076356448 25.0249228348 25.467661681 24.5143274275 25.0682706507 23.9118982223 25.2796996075
24.1495381227 25.5317798676 23.6902492235 23.5090584879 24.6679925782 25.4911436969 25.4661002076 23.9172551516 23.7270456949 24.2578641502 25.0971711904 24.3575991434 24.1620994639 23.8955318533 24.4499531727 25.5275761081 24.6202742971 24.7961109342 24.7734765804 23.5673801014 23.8282167677 23.9565683624 24.2723862083 24.5501772024 23.5363513892 24.8988290074 25.4839085382 23.940720606 25.5869490859 24.9499632883 25.0604191527 24.2332317148 24.2427727046 24.6049293272 24.0222470384 23.5321683727 24.9031722572 24.1276304935 25.0200352194 24.4291379941 24.7655973776 24.2999176775 25.4984663838 24.351904693 24.2551928291 23.8722974056 25.3871646843 25.5258069387 23.5621849311 23.633490609 25.5967399818 24.9287985022 24.7295196491 24.5106743843 24.7961451378 25.3290384601 25.0164797925
23.5951959453 25.3379343911 24.6362811765 25.1888437409 24.6299087328 24.5345042854 25.5803938016 23.7888850765 25.4777912592 24.2890398538 23.6728047259 23.6157367193 24.6786263577 23.5213450557 24.4136564351 25.1475793549 24.5455709419 23.924662071 25.0865696265 25.4710378622 24.3596490074 24.4583689008 24.3321338187 25.5351546795 24.388452994 24.1337627661 23.8880964685 23.6886222303 24.5360344285 25.1840478117 25.0166728493 24.5348681348 25.4064340346 24.7033317116 23.7774744513 25.0237029301 23.9364745074 24.1126806331 24.8473980987 23.9027671119 24.2212542216 25.2725595527 24.0056216897 24.209065868 23.6828389259 24.6258867362 25.5563494331 24.6976928488 25.5158085028 24.9765825268 25.1488268979 23.7269816269 25.517414 23.8985513991 23.5123841389 23.945801409 24.0630260736
23.5228951235 25.3402195375 24.0620851609 23.7485053574 24.4614894212 25.5972842109 23.9487689873 25.1198481379 25.2838764135 24.7377713165 25.6118596227 23.8260603179 25.5989003445 24.8765863119 23.6241359508 24.0016851422 25.254167515 25.1993810107 24.9165927409 25.1269730446 24.0580273872 23.9151152485 23.6587567979 25.4364699335 24.7517895972 24.573185207 25.2571967777 25.1481440317 23.7048313624 25.0675402502 25.1098543144 24.130619011 24.4057541838 24.948795727 25.2225586682 25.12992982 23.7330023133 24.0381327822 25.4310422899 24.7532746002 23.9478891102 23.54548666 24.6122849408 25.0755357404 24.7119461067 25.2125056576 25.4776154001 25.4741955111 25.3626736517 25.0011051535 23.722095739 25.3475242519 24.8940203118 25.4407758125 25.0025008123 24.4028067807 23.6910757919
25.0881879978 24.5831618707 25.1045635607 25.5544103511 24.5602210774 25.5910538487 25.1818425767 24.6502743784 24.0647218677 24.7947244919 23.5155158685 24.1025913708 23.9998227917 23.7816600344 25.3499562975 23.5760263238 24.2443349893 24.7334591416 25.3217194924 25.5598428669 23.5495381205 23.6089865766 23.8180869552 23.9262397671 23.9572596394 25.4364732315 24.5460199085 23.5273610983 24.9539746193 24.6889902007 24.2304277226 23.8397898451 23.6400619928 25.2468362517 24.8863750193 25.1791220757 24.3512732305 23.9577246422 23.5146093909 24.4234402095 24.8118137545 23.7763042475 24.5177143734 25.1413761168 23.8347045097 24.696369649 23.516473355 23.5483075193 25.3558521904 25.0757780719 25.510186331 25.4685965311 24.7934369544 24.4545712181 23.8994299334 25.3827213868 23.7757332545
24.1716152269 25.4904650653 24.8501228291 24.5168777618 23.7291399097 25.4241521059 23.5968185985 24.1774415765 23.6047907945 23.8519239114 23.9564717491 25.0811304321 25.5765493962 24.9990116114 25.4443816839 24.8157252617 25.4344842416 23.8084669657 25.5392786787 24.8419134672 24.4249025282 24.3466417556 24.9390323036 23.5563517857 23.6563020199 25.009506863 23.5373311669 23.9280357808 24.2795386166 24.5871039474 25.4805312281 25.6208623569 24.8088558749 23.5704910268 24.3477496581 24.9270665318 24.8462318485 25.4239720529 25.4576779572 24.3682293441 25.0405893608 25.0247352088 24.2540601308 25.279305472 24.4076468087 23.805108559 25.3906411233 24.1919507222 25.1469597296 24.4862678075 25.1249881583 23.6115325652 24.308392813 23.8913711123 25.4678399358 24.44780257 23.9333836671
25.2535556601 23.5796277303 23.6943095854 24.7783203992 24.9914426156 25.4070199655 24.3460312434 24.7638410361 25.2915330492 24.4821937027 25.3645725949 23.7360623592 25.0463119529 25.1956662485 23.5406148456 23.8166453044 24.5423380089 25.1387462355 24.9823152044 23.5557268503 24.4262079414 24.7991643759 25.2883327934 23.7824371003 23.9791685247 23.8898530756 25.0053805864 24.4060777971 25.2216460542 24.4013407004 24.912176048 24.0935891917 23.5216802866 25.5050967828 23.8956227287 24.9182201451 24.8505398464 24.6545904545 23.8174709819 25.3963049523 24.112679905 23.8774026772 24.7357064404 23.5059364199 24.7728947124 25.5032471508 23.8256874131 23.8281289431 24.4687882285 23.6840170754 23.9573304395 24.3358090924 24.7648388991 23.6377797097 24.8250865979 23.5375916736 25.1112724335
24.8706915562 23.7015342676 25.0116115449 23.7888699315 24.8478734916 24.1332772429 24.579049378 24.8557516077 24.5593610236 24.7474547753 24.5787897584 25.5034307004 25.3449180272 23.6619732322 25.5425462082 23.8069835571 23.6959925676 24.2551434849 25.26653405 24.0064242097 23.7720554683 24.9534902364 25.2323267106 23.9133006791 24.6936375837 24.2944606856 23.6374602399 23.6955522686 25.1094012943 23.8365086764 24.4701180805 24.7694755326 25.479208378 25.1313357522 24.1727559659 24.9393433743 24.5802033558 24.3032957169 23.9101771833 25.2874300736 24.4880910351 24.5652252662 24.1425829109 24.0070574603 24.3226187457 23.919195714 23.9654808378 25.1164405028 24.408823316 23.8339927227 25.2600248122 23.6176675011 23.6573657994 24.3336685559 24.4316268226 23.7314727862 24.8256358526
24.7484522335 24.0650779892 23.6226640563 23.8946522552 24.3786980672 23.6281080865 23.7024375866 24.8506493831 25.613745387 24.3126226025 25.2608339471 24.1058422948 23.931165771 24.2654667445 25.5734199163 23.8652251933 25.5308168795 24.0286456119 24.1446777888 24.8103680914 24.9032513056 25.4641578164 24.595179209 24.7256280964 24.4643662922 24.2102934444 24.4704719815 25.1460108349 25.0580467172 23.8602885758 24.1829569767 25.2915537272 24.1748383865 23.8332250972 24.2926640757 25.4125317965 25.0547048569 24.7359777602 24.3877238826 25.2367180678 24.6119766318 24.8729699944 24.8880684987 24.6263458233 24.9379077751 25.0899258458 24.839954345 23.7642904635 24.9117469442 25.4384740919 25.387184807 24.0719893001 25.3195109757 24.5162620903 23.507906472 23.6263427359 23.726998187
23.6238652818 24.6331980914 24.5967568429 24.4484114699 24.3946775948 25.1239556126 25.5454523483 24.4900076339 25.3148853672 24.5798517125 25.0203458303 25.0252457453 24.1116822615 23.9398933009 25.1012798721 24.3664161254 24.6118488708 25.5703935656 23.6995978562 23.5152659489 24.9177077986 25.5565241321 24.8970711512 25.4290836159 25.3198754649 24.9315125809 24.6871092925 24.0338136525 25.175925516 23.9549697695 23.9481660266 24.4989731242 25.0453572971 23.5954602961 23.9359356372 23.8395500784 24.9431062014 23.9886236375 25.4666936609 24.1911807195 23.8616353664 24.284916752 25.3785569288 24.3796116463 25.0922951031 24.7053980523 24.2432741298 24.4943099055 24.2672161462 23.68429092 23.7643369194 23.6650281218 23.9531522477 24.567967475 23.7113844369 24.8605763013 24.6847882194
25.5361922599 25.4170242588 24.2489024166 24.7717944811 24.6144729301 25.4787584679 24.264045104 24.2019528516 24.6256816807 24.3654471189 24.4718081966 24.6201201932 24.2562976241 24.4789524162 23.5538385608 23.8564865316 24.3115724517 24.9863398732 25.1634274802 23.7513637117 25.0608786787 24.021788297 24.7904629278 25.3105272009 24.0961175154 25.2971749148 25.5590596018 25.1370015617 25.4723270446 23.5113256835 24.7576045576 24.4142984 24.1185694671 24.1316150526 24.2029056428 24.3423347711 24.9191819836 23.5670670992 24.3937844363 25.1678162896 24.4409352613 24.9290759849 25.511662409 23.7367655284 24.2116674038 23.6677796607 23.8996109729 23.5507541086 25.521025662 23.8801983257 25.3356615803 24.7108061208 24.2657937989 23.5972744978 23.6623829528 24.9613189032 24.622818387
25.0877648812 23.8825658734 25.0479911752 24.4159324669 25.0986057785 24.4901450938 25.5129846782 25.2875190567 24.113983309 23.6649835833 23.5665650036 24.5118262996 24.9383458539 25.4055086112 23.5708055093 25.6188510348 23.5440368079 24.0520638469 24.8081250948 25.1502878919 25.236232061 25.3994306038 24.6232549336 24.4021050542 24.7035391947 23.509011395 24.1602862115 24.265596215 25.5941525454 23.5277491974 24.8035192287 24.234892248 25.1385570622 23.5182750595 25.1141130187 23.8789276205 24.2481642728 25.5096993114 24.6255014124 24.3935609468 25.5451783795 25.3307283909 25.5493587553 25.3059714562 24.1292322702 23.918974484 24.9241306495 25.0872384914 24.0693875124 24.5548618305 25.3874644745 25.0633525889 23.5276495184 24.2503356279 24.9243310127 24.7316241768 24.3546100423
25.3990376532 24.0926063052 24.3572826541 24.8970654659 23.5802209772 24.6214951981 25.4396897672 24.8754052434 23.5019815016 24.9594471133 23.6659745077 25.5573517811 24.1043206056 24.204149719 24.1343482645 24.2141895086 25.2523973522 24.4023788955 24.9951347962 24.5653776554 25.361702349 25.1386198665 25.2897379775 25.3891606362 25.2233742697 25.4824395317 24.1007566824 24.8184540228 24.478962675 25.5024563792 25.4135500866 25.1336367798 23.9029951851 25.2505349076 24.1896321405 25.2237967991 23.9723620811 25.1694672969 24.7780227889 23.5542340943 24.1747069585 24.0670450128 25.0757621802 24.3963710507 25.3562517104 23.740155967 24.0755835053 24.3194124322 24.7383508803 25.5122832148 24.8599929682 25.5928315681 25.4299026149 23.8522448809 23.7693922715 24.9298122274 24.5740318064
24.7143688593 24.2650512215 24.4639508416 24.633322494 23.8613060789 23.943493371 25.4782673295 24.4260406408 24.0057508618 24.8372578289 25.4074349402 24.1600822266 25.0080983525 23.6852825968 24.8989407682 23.5521599759 24.104193266 24.812166752 24.569408263 25.2748679755 24.995878495 25.0062172972 24.5628702651 24.6724256114 24.4815390231 23.817436678 24.2145576245 24.3487788266 24.3975761482 24.895889026 25.1145255932 24.5046490976 24.7912794328 24.3503807945 24.7111301348 23.6593453454 23.7974171648 24.0232294354 24.1805537756 23.7718257728 24.1114439488 25.0927742596 23.9743863384 24.2361359087 24.5725156887 25.3811960725 25.1292281319 23.9260838924 23.8084961504 23.7830786947 23.8647390224 25.3905307064 24.2768825101 23.8851530839 24.0337735612 23.6525293059 23.6093407186
23.7985719655 23.6739391336 23.5934165658 23.9212835204 25.0781681415 23.68043581 25.0759413082 25.40522629 25.2236343558 25.012267099 24.7355422927 24.8472805102 25.4065953485 25.1936959541 24.2958881387 25.3025468398 24.3183621015 25.1656756869 24.7585652948 24.1562309181 24.4939941043 24.2720719783 23.7656369782 25.2943055971 25.248434062 25.4677313925 24.5185763628 25.3818263642 24.8767822854 24.6770647293 24.6216544816 23.8532146918 23.962970903 23.933618466 24.6202549961 24.3497816406 24.5582454489 23.692867572 24.5647011845 23.9071321945 23.7295497127 25.155785939 25.5489052698 23.5176672752 24.9974605983 23.8560693475 23.5215324877 23.6443740379 23.9919670659 24.834461278 25.0365101869 24.9041984746 25.5234393629 23.6165028086 23.8796496144 24.0915160349 25.5022977471
25.2965661323 23.8933094669 23.6785870862 24.1574084477 23.9341314804 25.1645198436 25.2751033217 24.1098928947 25.3261738139 23.7443466868 23.8788059144 24.0723497951 24.733600957 24.4070472088 24.597014638 23.9202933468 24.0631868687 23.5753566764 24.730166261 24.9389586386 24.9465199203 24.766771598 24.8014640132 25.1891016029 23.6086314301 25.535439861 23.7002378343 24.893026365 24.0367119061 24.2451307479 24.2415814312 24.7652626621 25.4787788399 23.8130840087 25.4871262348 24.2320586003 24.0447025786 23.710383372 23.691370829 23.5322472538 24.4902996844 25.2635230886 25.4300102639 25.3503133163 23.8785158469 24.196291319 25.2367290512 25.0943953441 23.9796411294 25.3172299574 25.5332806935 25.5626473126 23.8624084481 24.0025791641 24.2349728634 25.2086038268 25.4812826956
24.1987051571 23.5004349292 24.3848335045 24.9772143317 25.2111816947 24.7717244352 24.3607860759 24.8696671066 25.5592448749 23.6559961906 24.0000239357 24.6074377429 25.4361189801 24.799037803 25.1849066963 25.095888734 24.9855768507 23.7033813208 24.8928772823 24.943010236 24.5739616294 25.2469905333 24.002356994 24.4256697055 24.4558746627 25.4492079001 23.6367130952 25.2544763121 25.4988961298 23.5346431177 25.1192432682 24.1038193805 25.1708882157 24.15984757 23.9941528537 24.410912129 24.6877611005 24.0541530509 23.8597543321 23.5962709435 25.483100759 23.7292887816 25.1519296943 24.4279743525 24.2489817072 24.814329751 24.3227279676 24.5466072387 23.6148819151 24.3408417708 25.3534271659 24.1568213655 23.5814500137 23.8347285434 25.4379786576 24.3366928095 24.4069332214
25.4858103899 24.267628702 23.8030778138 24.936684175 23.8576968611 24.8045257182 25.3837377056 25.1105474369 25.4516327013 24.744668128 23.8652627868 24.9795056141 24.8037905445 24.98130037 25.3832124639 23.7816840774 24.8005359811 24.6630056162 23.8310632127 24.2973389575 24.0585565772 24.0188585082 24.4789238824 23.9242427751 24.6984256174 25.345514445 24.2174187921 24.193284015 25.2366725715 25.338162732 23.5010058209 24.2428658507 25.1248886399 24.3392240958 25.4386238058 24.6461721581 25.0533253835 24.4745691816 24.0024508082 24.961494329 23.903470952 25.4014098567 25.310885787 25.066425323 25.0355669671 24.1479239182 24.9906968474 25.4357026024 23.8388459995 24.9332675502 25.27110178 25.4970111048 23.8136124962 24.0504392315 23.764144425 24.8591713719 23.5907069787
23.7736035847 23.505415824 23.7729747391 25.0447361837 25.1528249491 25.5643936995 25.2263694885 25.3176090672 23.7623618247 23.7118539088 25.1121529939 23.6440003143 24.5378148689 24.2537602218 24.1355506019 23.6187643712 25.0873217527 24.6345728169 25.2377238535 23.9813877041 24.5778777331 24.7530920362 24.2318186918 24.7590408966 24.7497592117 25.5632885548 23.8270204509 23.7605354441 25.5333272385 24.8457230881 25.0946305713 25.3472947499 24.8447798976 24.1450678825 25.4684467274 24.6683674138 24.0356607486 24.1316985462 24.0947717458 23.9528600236 23.8663922511 23.9501083571 23.7644433948 25.2664159328 24.1357707788 24.7309939729 24.4940032212 23.9835877727 24.0364626297 24.2886707003 23.8816163441 23.6425619229 24.6120144904 24.2034596519 24.1688006308 24.4512381058 23.8716266406
24.4675301837 23.6714525603 24.03081812 25.496817557 25.3485649393 23.8840485723 24.5303009021 25.1756244292 24.5524179113 25.0320561541 25.2230874675 25.2586526614 24.9621038886 24.6148472846 24.9732554641 25.3255034838 24.7387015944 25.4463925802 24.0617753303 23.6358139337 25.4485304302 25.2204261154 23.6966411707 24.1980501042 25.4957831545 23.6426226284 24.3408132303 24.8112473763 25.2175570787 25.1091273931 24.903392661 24.9242845511 24.9783076037 24.187724437 23.8760141789 24.5492139275 24.1198615423 24.082211329 24.9859253011 24.9506987532 24.3110381452 25.386220047 24.4390147014 25.0840820565 23.9621928475 24.1544127908 24.1288975347 24.8127593697 24.8609872234 23.7596104548 23.8032209681 23.9231836444 25.4349570631 24.7800544943 24.9060586024 25.2600259059 23.8430992396
23.5241772951 25.437284684 24.2570833194 25.061561264 23.9403075013 23.8959581821 24.0904089173 24.7034523092 25.2885532577 24.9676096533 23.5685102468 25.528608867 25.0345929655 23.6294085193 24.4635191552 23.6562498421 24.5386119923 24.7648637924 24.2831760697 25.0788051817 23.5788178322 23.922336774 23.9093943755 23.7915511343 24.3320811194 24.2491791115 24.6836187215 24.5307982808 25.5448802878 25.3978815329 24.0200378442 24.9396255836 24.8046510722 25.4681429063 24.9238932144 24.4066351613 24.9144273709 23.9270001921 24.96470893 23.527026043 25.0084324392 23.6914709071 24.0576508535 25.5854659415 24.5820548649 25.1838075189 24.0728700041 23.6904148904 24.3175831233 25.1505879794 24.4782417979 23.5882514985 23.5471569199 24.5638133499 23.5174640672 24.9931110024 24.4731815139
24.5053289129 25.5019439721 25.3840710551 24.872256317 25.4889040769 23.9850781627 24.3177841278 25.5742387852 25.4127636488 25.2669960712 25.4118253805 24.6411511178 25.5564383764 23.8843415509 24.9058001558 24.1052167638 23.9017637524 24.1789951316 24.8777583771 23.8885695108 25.3151120344 24.1302874348 25.059019159 24.3901759438 23.95082341 23.5762273652 24.7403317227 24.0008426519 23.6592551556 24.1176908555 24.2184879809 23.5426622195 24.4113859261 24.5054740398 24.1749794754 24.0259280404 23.6574517959 24.2655817291 24.2072112372 23.5646744306 23.9952583587 24.1349113761 25.4296527409 25.2356401264 25.3192397206 24.4346033634 24.8221248875 25.2391347609 23.9526588563 24.8347152741 25.1379195364 24.1703626364 25.1813164301 23.9961096032 24.4604850788 24.2587683867 25.6180469157
24.1402962228 24.1234164548 24.8271057398 24.986568752 25.4271647757 24.1651662723 25.4679641316 23.7473006821 24.91527322 25.4522190044 25.1157163431 25.0952731423 24.6801496873 23.7586823341 25.2139607142 24.3279705339 24.4261800921 23.8010786863 25.1809193285 24.8989376188 24.7641911293 24.9845441907 23.713963751 24.6983021907 24.1581395458 24.8332027001 24.1188128319 25.3226825051 23.7955669541 24.9449287264 25.5206123698 23.9304640777 24.1522225765 24.8690747776 23.9512979202 23.5462404253 24.3838256132 24.0930412744 24.1625919062 23.7515062239 24.5475625199 25.325425832 23.8166381524 25.1091282238 25.2265759827 25.0177895376 24.7180192201 23.8770171778 24.0712011608 24.1361347892 23.7743329417 24.6573094339 23.9323094965 24.7878225709 24.7606419085 23.9917321166 24.2494224235
24.1098244794 24.1120104023 24.1372121418 24.928369169 24.1424659751 24.1947168856 23.7140017181 25.529713342 25.4447535808 25.2248074712 23.8104762231 24.3026935424 24.648231107 25.0405340102 25.1417657538 24.4897433283 24.5726794996 23.7812798908 24.0158218889 24.6900541395 24.0252617878 23.9467372646 24.164587797 24.6557439125 25.0445124431 24.4401403448 25.4374491382 25.3060464819 24.5635453154 23.9268305648 24.0004708 24.8581367347 24.5298214315 25.3479661905 23.7785813157 25.6080345508 23.9699744732 25.0135409751 24.6245164966 25.0012074911 24.9560563685 24.6675759258 24.6353574957 25.5733924124 24.225592066 23.8563615633 24.7034501557 25.3283609716 24.7191000593 24.7889080752 25.211054245 24.4482321505 24.9338003333 24.9664364236 25.373603754 25.2153349063 25.1965860856
25.4551437673 25.4289553925 25.4276002407 23.7350536515 24.5612087349 24.8859741299 23.6534154124 24.5565506175 24.1400217117 25.0915189268 23.6312924838 23.8356376666 25.4217513496 25.5040389209 23.7666367109 23.5412056675 23.7560079717 25.3248010371 23.8905373513 25.5433588762 25.2059547225 24.5706656911 24.8622493571 25.1367265098 25.346383627 23.8093365235 24.0699335104 23.9715438549 25.1205917102 24.2943472077 25.0771233885 24.1365625029 25.4370256877 23.6980432808 24.4223442965 24.6750447491 23.9600350251 24.5645041044 24.7042638151 24.4899104067 23.6771304087 23.6521166193 24.0098336447 24.6659929455 23.8904151431 25.5877908397 24.2501192519 23.6300622926 25.586222743 25.5395305916 23.7793835739 25.1195300634 24.963354002 24.0169480899 25.0643254918 25.2784702249 25.3303980811
