Spatial_Output/DEC/DEC_0555.asc
NCOLS 155
NROWS 192
XLLCORNER 196307.867259
YLLCORNER 449144.565805
CELLSIZE 33.573938
NODATA_VALUE NaN
[rows 26 to 51 of 192, columns 57 to 113 of 155]
28.1474217762 26.8814482454 27.2858673638 26.7813475609 26.5950727458 26.8861422256 27.587504746 28.4684508151 28.0392564482 28.2958350741 26.5670076107 27.4201239554 28.5968768456 27.2303550162 27.260446836 28.2826456482 28.0725205594 27.9034036576 26.8709297997 26.8410391029 26.9525330164 28.5376119899 28.5018968001 26.7923295416 27.738339847 27.6677070054 0 0 0 0 0 26.6069172753 27.9826963359 28.4326344973 28.1856774047 27.4266721185 0 0 0 0 26.567479132 26.9657969331 28.163799147 27.3898253412 28.2627017269 28.4179951192 26.5313770136 26.8023925829 26.5863394156 28.0108838441 26.9061205172 27.8601491718 27.2523921882 26.5868319304 26.612057222 26.8454841768 27.5997074184
27.6722121417 27.2690100399 28.501781022 28.0598103036 26.5769464183 28.1045732624 28.4552093316 26.6958007271 27.1750637554 27.5533821559 27.5983713183 27.4862912813 27.8584090065 27.9688478405 27.4472791922 28.0151084628 28.0183938044 27.8123763351 28.2903670643 26.7438035158 27.2638573021 27.8348958472 26.632776981 27.4459258171 26.7010126024 27.7862478906 27.3220859405 28.284035163 26.8961573761 27.7231631057 27.6989248106 26.7703424685 28.1476660023 27.7437536047 27.3321158843 26.515954015 28.149324407 28.5237188244 0 26.8095827357 28.1975516555 27.9893637295 28.5662913629 26.7666023034 27.3534163646 27.4210524653 27.6297729886 27.6593587131 27.5245509486 27.0274483307 28.2081130434 27.1418228683 27.254334385 27.9816050102 27.0444346746 28.6172711504 27.8307976529
28.3308799822 27.0304513309 26.5085129287 26.951223273 28.270978174 28.1272433432 26.5430444832 28.608012475 26.5802439601 27.1217581614 28.4441180568 27.4785182826 27.7235468406 26.937646553 28.5278569257 28.5548828712 27.1908560751 27.1276017854 28.1980293161 28.3201331987 28.6192720392 26.9428097737 27.1122705277 26.6456360514 27.440201778 27.4450404267 27.9643329888 28.590618278 27.67128951 26.7327385452 27.6555607219 26.8305416117 28.1020944756 26.7458474606 28.2093492198 27.1289997588 28.4682025544 27.4357868656 27.4145913298 27.4705665973 28.3353338172 28.5048907986 27.316420256 26.5205780504 27.647903077 26.6649413998 27.9013044714 27.851214904 27.4689736485 27.3222281072 28.5961898126 27.3415012286 28.5958828409 27.6608504935 27.7323345969 27.5760568489 27.9293179106
26.542738897 26.6293017672 28.4059874365 27.893317649 27.7737952454 28.3253519311 26.8787529356 27.922856379 26.7018793225 28.4470226497 27.7464426129 26.5168944546 27.7823012685 26.9149556629 27.9602572062 27.5889298237 26.6640407857 27.1240706412 28.2728498441 28.0988584942 27.080011277 28.301571194 28.189185081 27.3497044989 26.6007992413 27.558729513 28.4052371599 28.3310260901 27.2682717635 27.5950938427 27.9653148404 27.4147557846 27.2095421025 27.0107794663 26.9870584354 28.1185805636 27.018986992 27.5803103999 27.4126708746 27.1243581631 27.2586858682 27.5143198836 27.5636103709 27.1230132972 27.2997016985 26.7964751852 26.6799737069 26.7426091512 28.4008291087 27.990535736 28.2065932539 27.3556602962 27.7632091741 28.0422283914 27.9398816923 27.970340151 26.8301642622
28.5845548809 28.4347169864 28.4472238758 28.3976529693 27.1314307113 27.1436624122 26.7022803489 26.7135369079 27.3259471556 28.5601542685 28.5174923992 27.4938546195 26.9000484586 27.6720004947 28.0506650404 27.902556155 26.8123808268 27.9237743289 28.2126766601 28.1297034097 28.3248963154 27.3270504998 26.7142518271 28.4794246603 27.1670209541 27.7834880014 27.4850884735 27.9025905906 28.3465069132 27.2336640478 28.4684609787 28.0319921545 27.580522385 26.7136424788 26.9462320642 28.5662509499 28.4863543965 27.3014099199 28.0445309529 28.5840586679 28.0795795299 28.3653300066 26.5908914064 27.4807020508 26.7634796505 28.5363827259 27.3917427774 28.4609711316 26.5404877553 26.8206151082 27.8116527619 27.0347192651 27.7321050064 28.5852446631 27.7531058848 26.5725563765 28.5062373245
27.854452942 27.2456756879 26.9603410094 28.4982508054 27.1960032604 26.681369399 27.508419191 27.1163020149 27.0648105258 26.5158420951 27.6104752626 27.5037841853 28.1461386493 26.8169887382 26.5226540003 28.1678979512 27.3222866031 28.616667748 27.0146416081 26.9021102672 27.5603663854 27.7665310228 27.2340298819 26.5646041492 28.3779913656 27.5756043708 28.3427727758 27.9555080644 27.7031455849 26.8594036495 27.0739167726 27.2852073706 27.5401989719 27.9882895439 26.6922307133 27.7843617604 28.0835292789 28.1188796722 27.435083004 27.6907689562 27.96810937 27.5090704789 26.8304437326 27.991829153 26.7883882222 27.9593797224 27.0099949371 26.8174468279 26.9984068118 28.1373851781 27.4559885754 27.2684069507 27.1793452355 28.2726423673 26.5277338724 27.9516102201 27.0407379763
27.9278255892 26.6386311033 26.6458541958 28.4769740051 27.0592907179 27.2448972114 28.3773045717 26.5464536189 28.0556013774 26.8152840177 27.4795144933 27.2511438516 26.7165033991 27.0005907486 27.0157974981 27.1068608722 26.9143651944 28.0944699068 27.451321064 27.3598081976 27.7709940203 27.7492835829 27.2917493701 26.8089653699 27.1077406449 27.7948494459 27.9682463105 28.3431508613 26.856400406 27.1370692062 28.3869866131 27.5154269208 27.1460498594 26.6619257189 27.3417203775 27.783357692 26.6319595316 27.4929782491 27.7271590295 28.1905416408 27.3457333027 26.9971305809 28.0082327274 26.5010173414 27.9785773882 27.8801516406 27.0561523258 28.1596568076 27.488825424 27.623788094 27.5352967874 27.3303039421 28.5592012749 26.9081913273 26.6685077909 27.5291542719 28.6048835462
27.4024604492 27.1419922353 26.6061155821 28.1828008581 26.5500110038 27.7079421244 28.5986427536 27.5276207997 28.232221883 28.6068505976 27.0550310805 27.5600468445 27.0411489899 26.5144337537 28.0455746657 26.712438254 27.3031508707 27.7797177208 26.97119934 27.4192572556 28.2600419431 27.1682601916 28.4276165812 27.4711014796 27.3766779571 27.6996887771 28.3867961306 27.1403616345 26.5305189531 28.4063803033 27.5032073473 27.882751046 27.6246697642 26.6353346566 26.8105616111 27.6240810629 26.5197231706 27.8611813339 27.4173117562 27.3475890596 26.8435801995 27.64506468 27.9147063803 28.4219051092 27.8183895507 28.5348030349 27.4653121033 27.33788847 27.380694345 28.6105244486 27.1739747745 28.0472069856 27.2518928575 27.1830356394 27.3164135001 27.4179000678 28.2698919244
28.0101402888 26.6223360608 27.6679955656 26.5848235851 27.4900049303 27.7463694515 27.877891457 26.6112070386 27.9155625392 28.4451146255 27.2197002209 27.3212488816 28.3774056132 28.0375670445 27.6339469442 27.118749411 27.9309573932 28.3045425401 28.0754237305 26.7759794492 28.1480806426 27.3429984837 27.7923130036 27.0566514708 27.8140845831 28.0543645529 27.5754881818 28.106114983 27.7076608487 27.3991040806 26.7678133473 26.6494838639 28.1595108786 27.2951723656 28.6203191494 26.6032988938 27.4264727755 28.3075459346 27.6694833144 27.1885670667 27.4415281299 27.1394647061 27.166501193 27.5973019498 27.9610530261 26.660443295 26.5432118699 27.9392981011 27.351220258 26.6974652507 28.4913481699 27.1504607555 28.0788168255 28.293417606 26.6724282729 27.4785909042 27.9600345585
27.2916345514 27.8027051265 28.3461806268 27.7273034744 27.7076972012 27.0640869059 27.9786461377 27.1375703969 27.7372594693 26.6693290475 28.4050356685 28.5217665486 27.9565237037 27.5399177166 28.429944681 28.4915961774 27.7732291349 27.9525066563 27.9303241069 27.8962329391 26.778141712 27.8910423703 26.9392117925 26.516125637 27.1567154962 27.6312716899 26.8750430984 27.22975476 26.6701398079 28.5402150699 26.6932420874 27.3811967679 27.5396718707 28.4229321664 28.4107826859 26.6342169739 27.0074648182 27.9264792641 27.7650322062 27.160020639 27.0026238206 28.569099876 26.8830498258 26.9993671564 28.1987948272 26.6398403642 26.8185946509 26.5518629495 27.4740957044 27.6481642954 28.0772296677 26.804514729 28.1335322792 28.3345588185 27.3476300262 28.3165986499 26.7598308867
28.3202065103 27.8405255854 26.5301985899 27.2255897633 27.3271200249 28.0767937247 26.5371541072 27.2094100025 26.9333942056 26.8919943923 28.434943095 27.5803598417 28.3795682397 27.5508607506 26.921881648 28.2383897603 27.5635120857 26.8485443892 26.9593021615 26.9398383859 27.7858529169 27.9260280819 26.8962343397 27.1043337498 26.5808009404 26.9474175253 26.737244279 27.5980067054 27.1914098918 27.7065436843 26.7553468558 28.2549658738 26.5382877546 26.6369457667 28.3075659445 28.3121726021 27.3628370846 26.6263784916 28.4850222353 26.9023915082 27.9711394634 27.8663953897 27.3631659137 27.5259650353 26.9233947207 28.3365332342 26.7319998699 28.1290004819 27.4124793231 26.5488463273 27.2522014299 27.3800784546 26.7589422065 27.8824517117 26.9967171085 27.8525522694 28.2151817383
27.0610335037 27.4791681113 26.8478841956 27.2997294698 26.9722062779 26.7801380778 28.3784501257 27.4402580201 26.8775724771 26.8533735814 27.0132857816 27.5644412883 28.1346328884 26.6111849855 28.1992511425 26.9433637098 27.7537864731 28.0576993763 27.0687740844 27.7214050347 27.5995683183 28.453454334 27.6144801137 27.3110148782 28.4994792814 26.6764346832 26.9317401395 27.3109678396 28.57770211 26.7623643145 28.1586909223 27.1994806714 27.7543163751 28.3703339735 27.637996966 27.6645648034 28.3931622967 27.5765867889 27.0133864723 27.9275777792 26.9200868563 27.4934619138 27.5211941871 27.42998992 27.1177679216 27.909027072 28.4135905092 28.4121039566 28.2461916472 26.9998877075 26.6339807134 27.7491071202 26.8945514221 27.3701716099 28.0669661351 28.3526016051 27.296742017
28.5687611479 27.0678017026 26.9405212484 28.2765884263 27.5507598308 26.5836644351 26.5052619406 28.3191554887 28.3982901564 26.893140053 27.39280525 27.8841447466 27.3203981275 27.9302240201 28.1567114724 28.0241804892 28.3805333254 27.7562141214 26.8072566455 27.0254570918 27.2484132977 26.8516611906 28.4300167744 27.5303367203 27.1025700742 27.4478552869 27.291449169 27.3370800961 27.7661157126 27.5959631027 27.2192758183 27.6128107414 28.1250930225 27.9103781684 27.2647867775 26.5339700276 26.7845000913 27.0292728771 28.1104800841 27.6183890406 26.875732603 26.9688971423 27.6269087069 27.0111516313 27.6882226713 28.0786093906 27.5775741834 28.1525296903 27.5106707195 26.8171669094 28.3382998095 26.7348432936 28.4655645655 27.819279597 28.5634090892 27.2787491767 26.6682119765
26.7438737809 27.5628710225 27.043150046 26.868555675 27.5043766731 27.2512661321 26.6259681218 27.8470525156 26.667535227 28.2170157871 26.5135348436 27.1869356689 27.5566466968 26.6679479735 27.1201183942 26.9793890205 27.6718275765 27.2383087406 27.5682237339 28.1553286347 27.356945243 27.7495862986 28.3141898118 28.0551849007 27.2575327486 27.4017375177 27.6089042067 27.6912612179 27.6155971288 26.8600577508 26.5160295239 28.0457594647 26.8398847494 27.5075988072 27.0692090271 27.2708558195 27.7472154167 26.7116978116 27.110311525 28.3959082908 27.4823704231 27.7930446455 28.5661383369 28.3001134453 26.8120454083 27.1943797714 28.2720361206 27.5860505989 28.5691661363 26.5255183519 27.4229306761 27.165488771 27.0664573979 27.6804031758 26.5692324362 28.380622077 27.7706692459
26.6543854999 28.1929517282 26.5902647222 27.850273832 27.5826948204 27.6734096842 27.6759355874 27.6105322697 27.1027574287 26.5308480565 26.6818057275 28.0722817395 27.1258553281 28.4991212653 27.6917734828 28.1453268176 28.1357589451 26.992676946 27.917459252 26.890032425 28.4578449126 28.5927476773 28.1372667614 27.490502243 27.3289638298 27.6727455228 28.002189929 27.6681449773 27.0726782947 26.6846803893 27.2794972289 28.4997708845 26.8239268557 26.7132993175 26.6027915697 28.1683013478 26.6773086455 26.6551488093 26.7969268827 27.3583980609 27.7052859355 26.5631296826 28.5774544191 28.1558944462 27.5001771125 26.932710521 27.4337541819 28.3140402216 27.4825946445 26.5674210066 28.0969272292 26.5989513741 27.8608632638 27.1871984223 26.5006915472 27.6840055611 28.0046200776
27.883172836 28.5305295887 28.0329094161 28.5563331781 27.994299884 28.1175702131 26.7716347863 28.2339287197 27.2201885456 28.4797025296 26.5765190028 26.5381043387 27.8307536708 27.048075535 27.304937073 27.5800740233 28.2601543605 28.5232828008 26.5553208732 26.7867894619 27.6761518916 27.0599470725 28.4155588212 27.8790174431 26.8610087667 27.6424588147 26.6756902029 27.6738226147 28.1156859197 27.7365524303 28.3757679118 27.8149873691 27.6489868632 28.1940085815 27.3867016571 27.0402857206 26.8930317119 27.780027333 27.2423845598 27.6184668644 28.1231970049 26.7035201211 26.8430552363 27.5740539228 26.8729699619 28.3847316053 26.9834289938 27.3797797047 26.7913873455 27.9450126655 28.4908705954 26.5127099951 27.3014595639 28.0747323106 27.5834656002 27.5689354477 26.9282432744
27.9549303075 26.6715562253 27.5700554075 27.5308372124 26.8191506205 26.9839344193 27.2390993927 27.5460539677 27.5846340282 27.6150333922 28.1961503292 26.5641847261 28.6111201299 26.8740954233 26.7410185778 28.5155049367 27.4868081233 28.5443138083 27.3625377877 26.5084958819 26.7015807143 26.8740636265 27.9159581819 27.9219058563 27.4039660584 27.5831832436 26.9162831299 27.252591186 26.955354402 26.5751634897 27.1220140945 28.5587108315 26.8747862861 26.871348291 26.6593999391 27.966704786 27.3259839178 27.6262693249 27.0742347334 27.6157804149 28.2002757805 27.2635988117 27.5605370905 27.3745599297 28.2842004558 27.9225842115 28.3950321731 27.5702641757 28.0519872103 28.5771549838 28.2500147135 28.3106298962 28.3699107804 27.5763209508 28.540906499 27.882620313 28.066652473
27.7629678218 27.9660010211 27.1615069319 28.5183560487 27.5283892863 27.7861477063 27.030401755 27.950662565 28.5511057176 27.4939416105 26.6847416889 28.2551610776 27.3043279452 28.1902723668 27.3968824947 28.1168747091 28.2321306063 27.4158463378 27.8226237854 27.3498146986 27.6355431875 27.9680774865 27.9652136715 27.0510183534 27.6777134718 26.8815786684 26.8100060695 28.5207742388 27.4338995964 28.2665603562 28.2302615911 28.4889881407 28.4772165715 28.0664590287 28.4249681595 28.2026092525 27.7066559784 28.2152936821 26.7838207316 27.8165740192 26.652725923 27.1804593843 26.5317272294 26.741008873 27.0462309468 27.5601601937 26.5743467334 27.7933977659 26.8246505516 28.4464344569 28.4722410313 27.2184114927 28.4496357048 27.6970097967 28.6077949268 26.8985986776 27.122189257
26.5970550431 28.6212071533 28.3311453195 28.0705120936 28.2391180901 27.1237454831 26.6840218833 27.9258263155 28.311611282 27.1646857378 28.1218211876 26.5574931126 26.6097798252 27.8070579815 27.6328061832 26.8517648669 27.1648607956 27.833166568 26.8137597556 28.3439467296 27.0415189965 26.7635456309 26.9074407614 27.8988285204 26.7470493766 26.9402647199 28.0885478032 26.6773631572 28.5218349915 27.3054079844 27.3491268151 27.3456154239 26.7168432404 26.903829795 28.3966935835 27.8207927026 27.2712833769 28.563843637 28.6044072179 28.1919917039 27.8874056276 27.1925119819 28.551667432 27.3295723242 27.0046045697 28.4376867598 27.8521165114 26.7473292988 27.6264743009 28.3051824943 26.521615332 27.8060473726 26.5927070379 26.623855858 28.4149640165 27.4593556503 27.439174371
27.7247120714 27.3447690314 28.0454285166 28.1730416994 28.4551152973 27.2516068494 27.7029276665 27.3430122424 28.0029973625 28.1070042596 27.6234090776 26.8513638403 28.4018554103 27.3156293747 27.1390336683 26.6483209461 28.5050416556 28.0551718502 26.8363922034 28.474727055 28.04673028 27.8990962251 27.3962053191 27.3592193377 26.5136583069 27.685406983 27.960009222 27.2831020751 27.8975253041 27.504135849 28.0086104267 27.9007735255 27.9475170208 26.608579172 27.0672494679 27.9885806553 26.7079744417 27.1115343896 27.355553191 26.9794503272 27.5443355605 26.9403930574 28.3284833031 27.8034973505 28.1779277069 27.1724654675 26.8477341091 28.5348186819 28.172264209 27.7356822974 27.8880541051 27.9636805745 27.6202045204 27.8718054832 27.4573349844 26.9367454667 27.2351244624
26.5228730656 28.1909752054 27.7174763781 27.9797534134 26.82218126 27.464162409 27.2602018865 28.2882315236 27.419596291 27.4869900971 27.0271895858 28.2866376846 27.9008242749 28.5727523272 28.5918392812 27.3411507962 28.4719501866 27.0863501242 28.0328055949 27.1517412189 27.1990098496 26.7566532275 28.2712640231 27.7956805657 27.9524415454 27.1569689867 26.9202180057 27.7446616996 27.1480588586 28.0021140063 26.6551454605 27.4031096402 26.9106103226 26.7698670418 26.8276127534 27.1603708758 26.6757536405 28.5597975035 27.0613784192 27.829513289 28.5672162824 27.9340612648 28.2174417825 27.6596498748 28.4796486888 26.6699921495 27.6126438838 26.8602510393 27.1854916627 27.5888840883 28.2103394966 27.8807377552 28.1446463635 26.8235470858 27.2252118579 27.2290048971 28.0175619115
28.1617828187 27.4234183215 28.1163981094 27.9534793918 27.1768601503 28.0684561448 27.686705674 26.9612748964 26.7670373465 26.9227725433 27.993970828 26.5913382545 26.579267625 27.8541578076 26.872657433 26.7991692817 27.205489857 27.1995900507 28.0960942279 27.281458918 27.4082221954 27.0853963474 27.6419588023 27.5237980421 27.6469681388 28.0220637499 27.9843078377 27.7579149096 28.2236777231 28.3857220569 27.2536076557 28.1231848085 27.5225829622 27.8688408349 28.2999328969 26.6677039301 26.9113609994 27.4827930709 27.03393436 27.0945830206 27.4951484769 26.6995093158 28.4215466952 26.6611413973 28.5346773113 28.1739407641 27.433290209 26.5777182705 27.421200788 28.6180656035 27.7614628722 26.96996022 27.1299826657 28.0771402166 26.5439224797 27.2003131716 27.6402555682
27.8642243051 26.9764909309 26.6288175763 27.359013843 28.255055018 28.2771771236 26.8600255918 28.5027408865 26.7505027958 26.6203071369 27.2649065152 27.2591564381 28.0115365756 28.3740005683 27.4297919832 26.7565956753 27.4605031168 28.4424555192 27.5127776793 26.7152430085 27.9457546406 28.4124057903 28.4986369079 27.3046062933 28.0873959856 28.3508739343 26.554104896 27.0999343222 26.7564126359 26.5650252205 27.9046721748 26.8165770044 26.7509962054 28.3539616346 27.6208663323 28.3289490948 28.3456367967 28.615009158 28.5021408489 28.1299153547 28.3329329173 28.0013112858 26.5191469451 27.1075823878 28.2665754377 26.9145607439 28.1385333355 28.4527667188 27.7614341804 27.8035251881 26.9578992576 27.5299775601 26.6977063078 26.6218007489 27.2752255725 48.6334336093 47.408823281
27.9558303258 27.0393683596 27.803643062 28.524813163 27.6321164784 27.2797291315 28.49269929 26.5114250047 27.9703018862 27.5604254729 28.1714401968 27.5007026099 27.6502662365 28.2014362466 27.9334823887 27.0237541794 28.450363953 28.3688313369 26.5871982226 26.8785361758 27.1728580603 27.1397960169 27.0637549359 27.9446124507 28.1720873751 27.1499657037 28.268066606 27.8101819679 28.0068880153 27.8411999723 28.6114299677 26.6266776786 27.1881607327 28.2652437762 27.7349739783 27.3688997769 26.8715292317 26.8043831092 28.5866389934 28.2912912752 27.6262686193 27.2249828684 26.8923422622 26.592621406 28.5078688591 26.9337259924 27.3143214458 26.9367137417 27.2509493926 27.2073997388 28.4823062892 26.8813145683 26.687403371 28.0655255554 28.3558384931 55.3800769575 46.4575647301
27.9090607208 27.7052041198 26.7669237547 27.871210022 26.9727798424 27.4134784754 28.0317136561 27.3820577194 26.5557951321 27.1978232212 27.7516774281 27.7511088268 28.0397807756 26.7346381406 26.9535453489 28.2231356975 28.5059792393 26.6995595139 27.5954403239 27.1481925164 28.4165465533 26.8920041696 28.5827744241 28.4233710224 28.3978560161 28.3372981832 28.0339742155 27.2859255793 27.5328686634 26.5986456002 28.4107021855 27.8971036551 27.9573106046 28.0033109768 27.4692360286 26.7002560119 28.4252326998 27.8892337774 28.1982550182 27.8613793533 28.0379571261 27.684761654 27.5831882064 28.3154300814 26.9653749868 27.7901401425 28.2853595765 27.2294377376 28.194644905 27.9360958572 28.1528179644 27.275771055 26.5237631326 27.3425522996 27.4060595712 51.1057063122 47.0205877791
27.5290455029 28.3584715832 26.972748362 27.2238915621 27.8524898363 27.2215382455 28.1599247116 28.577707715 26.7956711762 27.8028498954 27.4462350483 27.0698268101 28.1238481375 28.1159987285 27.399343041 27.4510596533 27.8852218375 26.7383525507 27.3992859922 27.8834754084 28.0982509488 27.5213590823 26.9801527124 28.337211057 28.1722945436 26.9967310948 26.8063915165 27.3594292112 27.4171843737 26.5803351464 27.970419867 27.7739925273 26.5583548334 26.9048392687 28.2153958074 27.1602387595 27.1281761699 28.1569135845 28.3956249324 28.5217823546 28.222526245 27.3131774658 28.2840519814 28.263098946 27.4926181041 26.6753556574 27.9271288202 27.8516057202 27.9807391078 28.5090644861 27.684096528 28.301038542 60.4037165511 27.6863076603 28.4449820247 28.2831270711 26.8637621668
