Spatial_Output/DEC/DEC_0278.asc
NCOLS 155
NROWS 192
XLLCORNER 196307.867259
YLLCORNER 449144.565805
CELLSIZE 33.573938
NODATA_VALUE NaN
[rows 78 to 103 of 192, columns 0 to 56 of 155]
0 0 0 0 0 0 0 0 0 0 0 0 0 44.5190686087 45.0893687792 44.6320485809 45.0965407568 45.0709872202 44.8847577496 44.7374153428 45.0060937931 45.1110350936 44.7414669347 45.1000763227 45.1044980573 45.0876763266 44.7158458872 45.1154561917 44.6011852399 44.880975509 44.6918183177 44.5358310037 45.0755441137 44.569166496 45.1902929566 45.0262205282 44.5718596833 44.9744883441 44.6817489614 44.8085173846 45.1183083314 45.0371779689 44.9620141875 45.0210806312 44.8492144877 45.1377238167 44.7933968401 45.0722566202 44.7780320529 44.6013787603 44.6930226607 44.768205167 44.5689687024 45.1776480948 45.037534448 44.9342926482 45.1926376133
0 0 0 0 0 0 0 0 0 0 0 0 0 44.5005280639 44.784558462 44.7870561239 44.5863414215 45.127478041 44.8779856371 44.8764427915 44.8404903175 44.6165824449 44.8337029893 44.7560017416 45.0766905124 45.1325688635 44.5376040072 45.0372178761 44.735380738 44.9107204026 44.9390589352 44.7182257199 44.9944412211 44.7628680008 44.851860043 44.5926408501 45.0887869961 44.7642441424 44.8938220364 44.5474720746 44.6236973722 45.1048183833 44.7370079764 45.1079845527 45.1866663209 45.0008145657 44.987239074 44.5568294824 45.1712060104 44.9021367219 45.0571626553 45.090345442 45.1590187359 44.7397355554 45.0084249033 44.9777331136 44.6483133764
0 0 0 0 0 0 0 0 0 0 0 0 0 44.9253159317 44.5873664826 45.0808467722 44.552408801 44.6255742048 45.1917067893 45.1463886006 44.698761299 44.9908164871 45.1695674535 45.1707748085 44.587112675 44.5177813697 44.9209827593 44.8151537884 45.1525976709 45.0356065643 44.8546211026 44.7876190849 44.5160477763 45.1516127683 44.9256469216 44.6736174111 44.9899443482 44.6821679207 45.0338252202 45.0259327202 44.8597969935 45.1807901725 45.1775069812 44.5796088948 44.9816834817 45.0911785908 44.9379381126 44.7449600143 44.6963212096 45.1660983471 45.1301879976 44.7587893235 45.1673073774 45.0960536205 44.5498024038 44.6991446944 45.1455940527
0 0 0 0 0 0 0 0 0 0 0 0 0 0 44.803120775 44.5221890143 45.0816972616 44.7690901404 45.0959404329 45.1065267394 44.913453755 44.6296668699 45.0916617358 44.5875180555 44.5565082807 44.6668429006 44.5734700648 45.0530966535 44.8687301387 44.8672849084 44.8632713699 45.1141994582 44.8029165774 44.8009259384 45.1598016011 44.5177890943 44.9309557407 45.1713583571 45.022392995 44.7347885078 44.6998947896 44.9409095955 44.6736637507 44.7328251712 44.9791259916 44.9794511641 44.7760616176 44.6712562209 45.0966607976 45.0146594159 44.8082749085 45.118342357 45.1277955481 45.0759129061 44.7548103826 44.795092294 44.5694540772
0 0 0 0 0 0 0 0 0 0 0 0 0 0 44.682921073 44.7449562845 44.9194406929 44.6656868471 45.1974089716 44.7026218557 44.9184302036 44.8658014814 45.0944549623 44.8920687452 44.9046742657 44.9765441177 45.1258507545 44.900477916 44.5595890708 44.8773582075 44.8858769101 44.6934370052 44.6286913161 45.1958077607 44.9251728296 45.0851128124 45.1949246204 44.5484024176 44.9631565014 45.1986354778 45.1247482934 44.8844638162 44.789346776 44.6644337608 44.9304816485 45.200184229 44.531799094 44.7846931227 44.7479665781 45.0077262998 44.535743873 44.8893952701 44.7259222229 45.0995059199 44.6538612186 45.0027612742 44.7118130974
0 0 0 0 0 0 0 0 0 0 0 0 0 0 44.585721358 44.950606195 45.0562483869 45.0377524464 44.7142330883 45.1598855749 44.6871470663 45.0844981517 44.9938603259 44.9618870347 44.5827435586 45.0407783613 45.118511747 45.1744419046 44.5701159829 44.5123618531 45.0604381469 45.1666136781 45.0825461989 45.057729173 44.5647589416 44.9789587844 44.5063248594 45.0905091283 44.9834094756 44.8022180208 44.5881073965 44.5391437604 44.8732518228 44.6537830236 44.5656623662 45.1923071716 44.6095424878 44.621648599 45.0779666522 44.9155588442 44.9307825947 44.66345297 45.1104581749 44.6684171509 44.8572309638 44.8153495917 45.1802836353
0 0 0 0 0 0 0 0 0 0 0 0 0 0 44.7557872339 45.0059833137 44.8713110375 44.958461795 44.5202421219 44.8656256755 44.6603804546 45.0541718 44.6667494951 45.0041911787 44.5727994014 45.1010282457 44.6955719696 44.5747052356 45.0532686376 44.8816365161 44.9134670619 44.903151006 45.0213452037 44.5640958569 44.7859612603 45.0464485664 44.8512716424 45.0806477265 45.0404897865 44.9566899594 45.1913896126 44.7216880063 44.7250967845 45.1855932091 44.5222521564 45.1452102687 44.9199110485 45.0460489129 45.1243380463 45.1540776814 44.6724683168 45.192170523 45.0555201085 44.8026882328 45.0379068606 44.6570223962 44.8638865518
0 0 0 0 0 0 0 0 0 0 0 0 0 0 44.7997842192 45.0337076595 44.6647285561 45.0706506465 45.1473930523 44.5098469249 44.6790181191 44.6765751798 44.5409260554 45.0677178541 44.6582377774 45.0758612209 45.1078947747 45.0298084751 44.7160919034 44.9425708438 45.0738387626 45.1754582233 45.1450391203 44.6547600609 44.6975846959 45.015132925 44.5888755957 44.5187934061 44.8676935073 44.6188234871 44.8257647305 44.5232890763 44.6862851544 45.1109509214 44.6954657003 44.8615571506 44.503491444 44.7658730608 45.0457720318 44.8786905326 44.5672031106 44.5301375148 44.7493433502 45.1942217734 44.6605744784 44.7562882868 45.138971831
0 0 0 0 0 0 0 0 0 0 0 0 0 0 44.6707135529 45.1567579902 44.5072030627 45.1076228433 44.5131549189 44.5303413749 44.8916030436 44.5126229361 44.7588226743 44.690381281 44.5752438056 44.5341898762 44.5831617212 44.973303893 45.0839085783 45.0465457968 45.0774071164 44.7663325894 44.8041890801 45.1458845475 44.8485286374 44.7021734661 45.1400310311 44.7548355788 44.5435094512 44.9406484425 44.847265176 44.5220082607 44.6251865784 44.6872298587 45.0260821273 44.984210376 44.9518782158 44.9168418398 44.6687914086 44.6107868531 45.0414237557 45.1587770467 44.7870503467 44.642681901 44.6271123912 45.053792669 44.8969951425
0 0 0 0 0 0 0 0 0 0 0 0 0 0 0 45.1076671842 44.5957465439 44.6816121987 45.0489189573 44.6547636082 44.6344779544 44.8700421985 44.887401518 44.9653374195 44.6121856168 44.8847762917 44.6962595792 44.5857071327 44.5997545456 44.5803955163 44.7341051171 44.6974454054 44.6422251827 44.9278415519 44.8093518074 44.6568676735 45.0794589972 45.1324468165 44.8940802864 44.8371233758 45.075769107 45.0296003703 44.5776554141 45.0789736078 45.1349829621 45.1463458078 44.8910437839 45.0802808212 44.6147461019 44.5250198576 45.0467896563 44.644821534 44.940056988 45.0797997451 45.1230007989 45.0716636285 44.9173109986
0 0 0 0 0 0 0 0 0 0 0 0 0 0 0 0 44.7672697285 45.1205231241 44.66569841 44.9365707795 44.8769930135 45.0421814608 44.8748103856 44.6254152658 45.0924076999 45.0580768885 45.0853201347 44.5677872428 45.1318924486 44.8534084033 44.8106057114 44.8631244483 44.5540430107 44.5785636059 44.6559113406 45.1375619735 44.5070383521 45.191991067 44.5595662435 44.8801883168 44.7385970762 45.0748040958 44.6024012572 45.1803614436 44.8904328157 45.1790653766 44.8426746686 45.0341241539 44.5303666561 44.8934173956 44.6064732123 44.6986259741 45.1545709489 44.652233634 45.1287608972 44.7331023495 44.7525746395
0 0 0 0 0 0 0 0 0 0 0 0 0 0 0 69.7571762143 69.7571762143 44.8393367672 44.5217593566 44.5715750229 45.1318237022 45.1215434513 44.7725018576 45.1876841565 44.6584895182 44.9084746338 44.8318992858 44.8520058284 44.7445287614 44.8862714321 45.077249268 45.0493681025 44.8329773759 44.6112058893 44.8147518127 45.184546588 44.8824031588 44.5517956608 44.9038248705 45.1600048951 45.060944482 45.0463181946 45.0297181844 44.5347998458 45.1869658027 44.8536933907 44.6528892053 44.8008047474 45.0246138956 44.7773141651 44.8500949748 44.7833386602 44.7749062729 45.159912193 45.0377822345 44.5787824968 45.0191148651
0 0 0 0 0 0 0 0 0 0 0 0 0 0 71.1128159093 71.1128159093 69.7571762143 0 45.1645967218 44.7293969943 44.7226247263 44.6238821822 44.8322253869 45.146803623 44.877073943 45.195837745 44.7237382616 44.7616969181 45.1002181959 45.0857284302 44.7061893848 45.0423162684 44.8311859411 45.1407415626 45.1668996409 44.746438579 44.829980499 44.681392081 44.5190235839 44.9800994985 44.5848213992 44.8244354188 45.0866935612 44.9999740022 44.6977118592 44.9583500017 44.9989426356 44.9906250097 44.812985614 44.6677520471 44.8418481301 45.19576011 44.6859974366 45.1058302004 45.1600238139 44.7928436792 44.8253738847
0 0 0 0 0 0 0 0 0 0 0 0 0 0 71.1128159093 71.1128159093 0 0 0 45.0899382898 44.7614483936 44.5408902691 44.7364733171 45.0695482219 44.8714104129 45.1965267573 45.1325182855 44.9639141351 44.7000634395 44.9972310059 44.5387162085 44.9000298174 44.8394919575 44.5907194839 44.9789535283 45.0302108973 44.6940428259 44.9258509447 45.0222650055 45.202273331 45.1904202935 45.0632312913 45.0612655385 44.5385846584 44.9617444707 45.0051746851 45.0821960871 44.5994605163 45.0254376761 44.6702789981 45.2060747008 44.5719832422 44.6254823185 45.0858621238 45.133040308 44.8933206004 44.5598255874
0 0 0 0 0 0 0 0 0 0 0 0 0 0 0 0 0 0 0 44.7308553572 44.5366315534 45.0344548431 44.525792265 44.5510529987 44.5785787351 45.0778678724 45.1275989158 45.1627919284 45.0985990339 44.6141829073 44.9775353352 44.9058282538 44.7479428687 44.5708175125 44.5799981282 44.5382790545 44.9967050756 44.8219669731 45.1420701254 45.0682650302 44.8006151651 45.0193784767 44.8790321795 44.5971572898 44.8227417024 45.1149279728 44.6786961665 44.6278736301 44.8402477432 44.7083366277 44.5751796968 44.9494907409 44.5877718859 44.5144393817 44.9231142301 44.9697483072 44.5160324249
0 0 0 0 0 0 0 0 0 0 0 0 0 0 0 0 0 0 0 0 45.1318217106 45.0125139197 45.1052536587 45.1444229989 44.6275329119 44.7551536384 45.0871131562 44.7705250064 44.7798619368 44.943049999 44.8948565993 44.5527565838 44.9442763423 44.8479817795 44.5664105037 44.7391992323 44.5604897944 44.6677973656 44.966278794 44.859854763 44.654767465 44.6708829224 44.9712788627 44.9152364443 44.8970188957 44.8862150719 44.901658648 45.0922941846 44.7488045507 45.1404938661 44.7209463732 44.8320700169 45.1716936218 44.938302336 45.1413642255 44.975600444 45.1213960307
0 0 0 0 0 0 0 0 0 0 0 0 0 0 0 0 0 0 0 0 0 0 44.9352501542 45.1153415726 44.7448178384 44.964023533 44.7603102096 44.6833677589 45.182635032 45.0992371572 44.8748615611 44.8475010418 44.98736073 44.5978371856 45.1649025763 44.8251756629 44.5247445931 44.5072738458 44.7292608475 44.5969061786 44.9354825504 44.9957919154 44.7356103807 44.8311745619 45.079102102 45.0257837425 44.6675966387 44.8590765446 45.13013066 45.0430097986 44.9474425441 44.6144853103 44.5247808664 45.1170759637 44.6753963202 44.7562292786 45.0258689875
0 0 0 0 0 0 0 0 0 0 0 0 0 0 0 0 0 0 0 0 0 0 45.0049242648 44.7356188411 44.5726116645 44.6330940239 45.0247739522 45.1726454989 44.8851212602 44.5403254283 45.0041546339 44.9293855742 44.5565878533 45.006466886 44.7637725082 44.6220328929 45.090119215 44.9577677254 44.8040325914 44.9473603143 44.8873636295 44.5605977573 44.5465851077 45.1645448683 44.8954924021 44.9319871627 45.196878833 45.0292102061 44.6552562102 44.888144027 44.5650256761 45.058773183 44.786486315 44.9463718136 44.9196933116 44.6641954663 44.8978475966
0 0 0 0 0 0 0 0 0 0 0 0 0 0 0 0 0 0 0 0 0 44.9775776222 44.8093008858 45.0007432446 44.8006960279 44.762150913 44.8325563684 44.9993087388 44.9541511655 44.9956945519 44.5920381527 44.6741445582 45.1441920959 45.0012926332 44.5955669156 44.8556948977 45.1350422458 44.832249413 44.593385766 44.966778238 45.1024668457 44.9636944992 45.0682997007 44.8573049247 44.5959456763 44.7793047625 45.0185527897 44.6189631754 44.7724894634 44.6494790051 44.7661874038 44.9077212457 44.8518292433 44.7178803419 45.1850820717 44.5978021135 44.9877897254
0 0 0 0 0 0 0 0 0 0 0 0 0 0 0 0 0 0 0 0 44.9076561654 44.8690458925 45.0656470511 45.113237908 45.1220860699 44.5611198876 44.8383579384 44.7009128228 44.8381009478 45.1299652546 44.6499273294 44.7562068628 44.8016054666 44.9772641532 45.1728949976 45.153405938 44.6359015837 44.5878782528 44.5373895904 45.1427430423 44.8267293356 44.8124392073 44.8763698388 44.5270585064 44.8191454537 44.9664285587 45.0192128222 45.1309194694 44.5371051717 45.1096630035 44.5780426661 44.7200628477 44.64208763 44.5888183547 44.8340230485 44.6784243545 44.6873289383
0 0 0 0 0 0 0 0 0 0 0 0 0 0 0 0 0 0 0 44.9692870721 45.0406222307 44.7317932043 44.9641042274 45.0025041335 44.894359697 45.0607526211 44.5585947349 44.8973063702 44.8916136142 45.0883740996 44.5677312933 44.7028308048 44.7383542357 45.0304895923 44.6403799919 44.8852317936 44.5516682308 44.7879890808 44.6934382304 44.948940779 45.0265897911 44.5869996671 44.5094587493 44.8474969475 44.5698804142 45.0893518105 44.9910112572 44.7713246264 44.8291260052 44.9086421482 45.1242292198 45.1397844263 45.1043541415 44.9962840636 44.8541724143 44.9437665817 45.041460032
0 0 0 0 0 0 0 0 0 0 0 0 0 0 0 0 0 0 0 0 44.8922488697 45.11117995 45.1484019984 44.9887849198 44.7572541608 44.7646303718 44.5897815394 45.1648363196 44.815689452 44.9778212913 44.8069182241 44.7854078743 44.9621404135 44.8577937872 45.0168059591 44.9345524045 45.0603488521 44.9183667085 44.5711813693 44.7359394362 44.7006416984 45.1106449321 45.0935351962 44.5347054799 44.6721538023 45.0765257666 45.1378452624 44.8066309318 44.9872838499 45.063878387 44.8340969211 45.2039336114 44.6362417404 45.1847309297 44.9113086533 44.5397182289 44.5746545523
0 0 0 0 0 0 0 0 0 0 0 0 0 0 0 0 0 0 0 0 0 45.1472095636 45.0353357586 44.8236989627 44.7928271381 44.8088339554 44.8670339235 44.6068276721 45.1039934233 44.8724838663 45.0103335496 44.6841362557 44.7772689521 44.7722584028 44.5937328766 44.9306618835 45.0081036451 44.9936076389 44.7149154927 45.1461396628 44.9359401652 44.6952944155 45.0241301895 44.7018364607 44.9469667548 44.7236377841 44.9882548751 45.1483510382 44.8737408253 45.127966953 44.9116572566 44.7597651169 45.1562688306 44.856000439 45.1185549469 44.7307149693 44.6333399327
0 0 0 0 0 0 0 0 0 0 0 0 0 0 0 0 0 0 0 0 0 0 0 44.9215078175 44.5449204846 45.1723554735 45.1237930889 45.1983896451 44.8892312703 45.0921220683 44.8039482972 44.8386452885 44.9806204606 44.6280978247 45.0791219976 44.7789289807 44.5630535542 44.6857136786 44.5401382996 44.697110478 44.9614569459 45.0765440619 44.9763693316 45.1663637023 45.1774446018 44.9568213705 44.6518515206 44.7360560916 44.5706133224 44.7644714067 44.9263965744 44.5132466506 44.5684264661 44.8821925057 45.046326997 45.1066229365 44.5518375086
0 0 0 0 0 0 0 0 0 0 0 0 0 0 0 0 0 0 0 0 0 0 0 0 0 45.1275018854 44.6976232628 45.0277599978 44.7739875788 45.1347439261 44.7204011802 44.6659037055 44.8132635902 44.8820045785 44.6800068182 45.011855737 45.1449922212 45.1201451341 44.5223176599 44.8387639513 44.5700908765 45.0092775439 45.0413135849 44.9349567757 45.1739252269 45.1397255348 44.9889636545 44.8987746485 44.5298797308 44.7680645367 44.5440373808 44.7538739366 44.6527336679 44.9561764086 44.606421534 45.0875878524 44.6285632137
0 0 0 0 0 0 0 0 0 0 0 0 0 0 0 0 0 0 0 0 0 0 0 0 0 0 44.6638746791 44.7470843686 44.9166030699 44.8244616453 44.5620999154 44.8120164393 45.1115300652 44.688861734 44.9448916773 44.7850965354 44.881575832 44.9083083561 44.8511426574 44.6145063777 44.6539484292 45.0568584486 44.7488699101 44.5785951079 44.5742852519 44.6858656481 44.7982808801 45.1353225608 44.5089836992 44.5306953704 45.1416401181 44.8701893088 45.1890119358 44.8957056846 44.9300317181 45.0939416342 44.7063564681
