Spatial_Output/DEC/DEC_0457.asc
NCOLS 155
NROWS 192
XLLCORNER 196307.867259
YLLCORNER 449144.565805
CELLSIZE 33.573938
NODATA_VALUE NaN
[rows 104 to 129 of 192, columns 57 to 113 of 155]
31.0673275871 30.8185779868 31.1451904894 30.9736630933 31.1307872866 31.1066859842 30.6462411746 30.8911112355 30.9374449549 30.5852510551 30.7874918284 30.5057270054 31.0038672777 30.6353495812 30.8314946458 30.7899098184 30.5004556965 30.7459013159 30.7396843258 30.7229226388 30.8334116591 30.928778281 30.760968283 30.9701369532 30.973112849 30.7287927136 30.8233016719 30.9959110169 30.9943884748 30.5488124161 30.6566785195 30.9914786636 31.1921065095 30.7174823679 30.6389197971 31.081941748 30.8030385029 30.6483659668 31.0996849366 31.03374109 30.828044872 30.7111007366 30.8962736208 31.1268887893 31.0897677421 30.9618395442 30.5204365931 31.1389246246 30.7967652339 31.0157557239 30.9491487642 30.9170899979 30.6035019843 30.889432434 30.8724262374 30.5978878998 30.6642510035
30.8555382273 31.1893058925 30.8769333694 30.8557908932 30.8745497759 31.1764662949 30.6091501968 30.9460025268 30.8671706433 31.0135762373 30.9158741978 30.9348542036 30.6887437516 31.0868765578 30.8454131911 30.768526197 30.6453157836 31.0218587969 31.1916167999 30.5819315684 30.7269417423 30.8378103344 31.1557931201 30.7318204196 30.6169763076 30.7828090384 30.5325387227 30.6973916409 30.8965449244 31.0703796022 30.5549671451 31.168153626 30.6410911245 30.9654139926 31.169790448 31.1897588834 30.9345368802 30.5122653714 30.9705375516 31.1283624246 30.6591184783 30.7625215104 30.5804668761 30.8632112704 30.7557964028 30.6338965776 31.1659731695 30.9890987646 30.9908033433 30.8770309298 30.9819285226 30.5114354835 30.6786768601 31.1971295054 30.5336445626 31.1434441476 31.1022561268
30.9581455932 30.819992995 31.0056911293 30.8404291127 31.1522108766 31.0276514092 30.7200792713 30.9242315991 30.5651085624 30.5179600426 30.8375790046 30.5555011408 30.916756616 30.9376254104 30.8837176666 31.1656328326 31.0501504013 31.0798588522 30.531178606 30.6551386183 30.9641518 30.7480718918 30.5657671561 31.1500158347 30.9241201294 30.6607090557 30.750007806 30.5669822797 30.5580275399 30.6884533137 30.5953070712 30.9342496181 31.0285048248 31.161226913 30.957046621 30.9225425218 30.5881958803 30.7121338451 30.6289996761 30.8381226431 31.0990608205 30.509845661 30.9919012676 30.5813115587 30.6428764002 30.5849534884 31.0232499512 31.1812560661 31.026473989 30.7884946579 30.6486682205 30.6813005875 30.9602898312 30.5350260209 30.7208135453 30.9350284136 30.9217331307
31.1827922445 31.0309014636 31.0534085343 30.5389883061 30.975853409 30.9069374778 31.0287961442 31.1315411084 30.650400845 31.0877726558 31.0330336355 30.9467684154 30.7911738544 30.9549198014 30.5605406335 30.8569209971 30.5320062331 30.8101427387 30.5636984318 30.8563918461 31.1799129211 31.0312687667 30.7164286344 30.9830250416 31.1617085487 31.060118154 31.1593785784 31.0959425205 30.9669283932 30.6105950187 30.5094781362 31.1579340113 30.8558060324 30.8781198684 31.0948239744 30.6251586882 31.174654403 30.831920711 30.7870653705 30.8223036078 30.9914484452 30.6914676985 30.9074803079 30.5450922165 30.5163770059 30.9567253277 30.7279067745 30.6632413131 30.7383766329 30.6771429849 30.9759599627 30.5338439854 30.8097909712 31.1785268505 31.0966170007 30.7890351926 30.6747667057
30.7119599375 30.7467226008 30.5644586426 30.8097372107 30.5958029639 31.0076334103 30.6350107269 30.5472102007 30.8838364609 30.8894788291 30.7300280027 31.0941490915 30.9617724334 31.0238356464 30.5748331905 31.1509159634 30.5683717489 31.1633457822 30.9797819626 31.0602165231 30.5405067958 31.1515526902 30.6588800465 30.9455719177 30.8000300506 30.8388311214 31.0100614688 31.1701316263 30.9803215235 30.5166661062 31.0280308496 30.9802330902 30.6421687634 30.919239116 31.1395794993 30.6003529821 30.8968607009 31.046360434 30.8021529793 30.8527738696 30.6559126524 30.8479041118 30.9663216253 30.5182440157 30.701580127 30.7062277838 30.7358742472 31.0696186647 30.9082308003 30.6352023599 30.8931836602 30.7121697826 30.8461155166 31.1155149669 30.8869819154 30.5939797123 30.9478076913
30.5903175516 31.1455322269 30.5709553419 31.2051914413 30.9871757936 30.8724008481 31.0506746886 30.6049410786 30.6061544322 30.9435811251 31.0394602979 30.6013637222 30.9174773722 30.8735898266 31.1868823935 30.8911013934 31.0989946615 30.8095521323 31.0584385356 30.5721467729 30.5786937637 31.0112674839 30.8325601296 30.5528677416 30.8533612432 31.1299404877 31.1228783908 30.6501070896 30.7332133187 30.5759788561 30.6366105775 30.8832425107 31.0761876688 30.5709505758 30.919579646 31.0705541505 30.8135186508 30.7692250551 30.9216247398 30.8754796927 30.5103033015 30.7910201564 30.79089333 30.7835388211 30.8577874171 30.8316307348 30.8637815199 30.5466613461 30.660786013 30.7269777275 30.6524434102 31.2003849083 30.8057012908 30.8567737171 30.8382874433 31.0212877839 30.8709959445
31.1411703447 30.798359825 30.9138860218 31.1577818243 30.7255188902 30.584840911 30.5329229432 30.7751997523 30.6288529672 31.1738377429 30.5788047602 31.1540553108 30.5931266099 30.655128637 30.8398313535 30.6234874687 31.1499795889 30.9913294465 31.0936056375 31.1283661264 30.8779696704 30.662772881 30.7557785619 31.1548808652 30.7174831799 31.1234614781 31.0155399504 30.8001929162 30.7943765628 30.8449350756 30.6438410061 30.8126474469 30.7644480631 30.6651523844 30.5645829158 30.9634053898 30.9214772617 30.7732347445 30.6833627914 31.0264558689 30.695749042 30.8875059681 30.5620631221 30.9504821875 30.56406092 31.115764804 31.112046401 30.970234378 30.6012681589 30.8527242819 31.142346445 31.1029093838 30.9159444585 30.9146553708 30.6314466672 30.6606185972 31.0110984766
30.7858970756 31.180450921 31.0260054383 30.9868928283 30.8221514273 30.7463181586 30.5642386338 31.125955396 30.6815932438 31.0508583491 30.9956625643 31.100905681 30.8542475774 30.9722916175 31.1638568458 30.9596290418 30.8615094499 30.825946064 30.6665165867 30.6961985797 31.1960698986 30.9755953828 30.7806580223 30.6642217316 31.1553079136 30.9012529337 31.1850481014 31.0714162572 31.0809166036 31.1920007653 30.7127257708 30.579865864 30.6490926497 30.8163970951 31.1971597687 30.647077827 31.1256831476 30.9411921939 30.511456612 31.0712132797 30.681852469 30.5837506912 31.174801819 31.0153323014 31.1776307785 30.7594996432 30.5274872274 30.6089274617 30.8829676667 30.6566016678 30.6019555952 31.0094897534 30.5101737764 30.9868409472 30.8274724262 31.0015692811 30.6476727476
30.7297061576 30.5694702454 30.8481867239 30.6331579132 30.7626612395 31.2067742894 30.5828127022 30.9424014766 30.5908469115 30.901833235 30.9061460744 30.6305445396 30.9687729197 30.6871105711 31.1336966035 31.1224924607 30.8588696693 30.7859862569 30.8400744985 30.9938474158 30.8143806109 30.983456498 30.6943338552 30.9096079582 30.5568684753 30.69704897 30.8522016443 30.7543102464 30.8190558736 31.1520701711 30.8976941552 30.6450067142 30.5811444059 30.9506221162 31.1854111676 30.9222172881 30.7605687853 30.5899537087 30.8835109656 31.0140581455 30.7486897203 30.5892515766 31.1789438881 31.05572927 30.5397252798 31.1853075229 30.7216330393 30.5854773585 30.5942802572 31.1407256693 30.7291084584 30.5264499338 30.5379224228 30.8987235271 30.8255831491 30.8377671372 30.5513282841
31.0126267525 31.0401788122 31.0700836677 30.5149641931 30.5141386508 30.8814913052 30.6709808976 30.8310373144 30.9565658228 31.1779307296 31.154390452 31.113258402 30.9881653721 30.7344002553 31.0880105292 30.7778689591 30.7697319093 30.8203506279 30.5200631872 30.8637467182 31.1185001748 31.0072371973 30.9874210324 31.112590918 30.989274847 30.8248248767 30.932851005 31.0457241924 30.5029419899 31.0212828136 30.7751843149 31.0565251489 30.575610665 30.741053889 30.8139756541 30.503793015 31.132041794 30.5126468951 30.7007763908 30.637694373 31.0145572648 31.0405730227 30.6428165256 30.8780510002 31.1190376027 30.6706378669 31.1276679217 30.7994515454 30.5367562983 30.7111596779 30.5005260822 30.9975187796 31.1271000685 30.8633025923 30.9932369043 30.683908405 30.935380353
31.0993317527 30.7711977798 31.0624823181 31.0754459792 31.0510184537 30.5266119402 30.5671730062 30.6750737889 30.7803758343 30.5818309009 30.8168247416 30.7211471267 30.9825296699 31.0682764553 31.0322478849 31.1158296357 30.5041128344 30.7249162999 31.1244358717 30.5620057583 30.5492457736 30.7526853112 30.5084702583 31.1246402744 30.5621105316 30.7233759008 30.8074630928 30.6206139372 30.7306761356 30.6144437072 30.5867977451 30.7777146309 30.679641645 30.9080643087 31.082369286 30.6996720285 30.7065962495 31.0978601262 30.8110999301 31.1937391908 30.5276020882 31.1707633172 31.1018354178 30.9558872045 30.7098841008 31.0189077313 31.1231633325 30.5387178492 30.637949769 31.1998788021 30.5410236434 30.6774604249 31.164069045 30.7825723585 30.7429282723 30.839662203 31.167998936
30.8718058608 31.0447672633 30.7097932186 31.0397208159 30.5277763362 31.1329042926 30.6999490536 30.6543338267 30.9338056153 30.9021047536 30.9650369507 31.0049965868 30.6028568905 30.667062867 31.0387898304 30.6660859382 30.791952977 30.8991006646 31.1463358797 31.0223846222 31.0651515878 31.1284737109 30.8920163042 30.7630634329 30.7571989672 31.0153143982 31.0925586977 30.5666138715 30.9011571985 30.6768852538 30.9055653143 30.6805120482 30.9253084441 30.5041488016 30.9588610497 31.0170799748 30.9640744315 31.0630676186 30.5551740684 30.5482175114 30.947128172 30.5292269556 30.6470835526 31.142782422 30.9446880886 30.9592093414 30.6942997925 31.0120246839 30.6182710676 30.5560232975 31.0893227695 31.1772718196 31.1955134235 31.1845974292 30.9181942065 31.014171753 30.6309391449
30.810200104 30.5188330227 31.085153597 30.8705973826 31.061692765 30.5434185291 30.6636966967 31.0480723964 30.9815760281 30.906611912 30.5599668624 30.7811426253 30.7083149196 30.9959275136 30.8540233193 30.8276801656 30.6555887952 30.9943463737 30.7867276332 31.1595345444 30.8010157968 30.8028240571 30.6442529499 30.7624994914 30.7912802444 31.0165474789 30.950089127 31.1420420608 31.1920504324 31.1434745529 30.7691007585 30.658163128 31.0151873049 30.967953245 30.8996224582 30.6101859505 31.0797582661 30.8382657446 31.1125803639 30.9102368313 30.9880160833 30.7712696508 30.5599327446 31.1833038417 30.752377382 30.9129396008 30.7020940631 30.7705944505 30.7731747406 31.0849974317 30.6510382942 31.1340322251 30.6442376602 30.5825780024 31.2049015975 30.7229949509 30.5882186931
31.0614299237 30.9080420814 31.1967792171 31.0006903723 31.0032630941 30.5763237869 30.7921840937 30.9758990631 31.0414262634 31.0547420452 30.7164145504 30.5341857994 31.0026404876 30.9003836536 30.8483576181 30.8926947321 31.0632255463 30.7391700372 30.6322925475 31.0795619448 30.743355098 30.9475637038 30.768098519 31.1811343217 30.9088675936 30.8201128016 30.6612433429 30.8910420706 30.6575152393 30.5393547492 30.5596615494 30.8450764756 31.0181316832 30.7999926821 30.6844259695 31.1976956555 30.8404818465 30.8392712596 30.7855449191 30.748809718 30.8697280897 31.054384682 30.6348646007 30.5995841197 31.1713674261 30.6455192518 30.9145574976 30.7896773962 30.6933152068 31.0460486394 30.9894710129 30.9251489939 30.5213134975 31.1080187512 31.1659111021 30.9106042835 31.1397819209
31.1748819089 30.8319013721 30.8809591472 30.5971333596 30.9304656396 31.023153345 30.7681541146 31.0519009982 31.1267946659 30.7942480059 30.9936202803 30.7385719018 30.5720073238 31.1675194984 31.1213007495 31.1194555829 31.038292438 30.8151999083 31.1230518917 30.9668072029 30.6776192052 31.0750790294 31.046355473 31.1853340727 30.7030368925 31.1666482033 31.0177826421 30.7378467961 31.1501824468 30.6324320878 31.1738919369 30.9358389704 30.5575304034 30.5829262783 30.6090942876 30.9187688262 31.0933981452 30.6539716531 30.9955164366 30.8145943297 30.7823015217 30.9181217016 30.9674192509 31.1472576287 30.8025995628 31.0859012516 31.0485754888 30.7992604088 31.1659954829 30.8980223958 30.6121914194 31.134456487 30.8353944452 30.6881782819 30.5244993745 31.128822168 30.7034657522
30.8419428107 31.2042321311 30.9048930443 31.0446013939 30.6763147863 30.9220876053 30.5292070743 30.6296854005 30.84029842 30.5972286341 30.6126712892 31.1108861671 30.9442915248 30.5754708843 30.8039678186 30.7108565075 31.1658706194 30.5047147223 30.863664173 30.8632186164 30.8533705986 30.7564830814 31.1650133268 30.9281119527 30.747902626 30.9876937807 30.7616045564 30.9412567866 30.5384631143 30.668450195 30.841449036 30.8657082275 30.6703337596 30.9942042545 30.9749312764 30.7405322888 31.2011305585 30.8270971409 31.1788610991 31.0752132494 30.6873755281 31.0745363993 31.0579805778 30.9859660033 30.9344530123 30.5170281913 30.5035084012 30.9095059747 30.8013254995 31.1813704789 30.6425322734 30.5599043726 31.0202074516 30.7735029957 30.8432639314 30.5915682688 30.5062781183
30.6262470359 30.6207155809 31.1085603007 31.1843766661 30.8219270171 30.5209396319 31.0136965068 30.9970911671 30.8122071906 30.7829233283 30.7314093104 31.0073448711 31.1105750002 30.6021451899 31.0879205348 30.6432096273 30.7685694331 30.8682162191 30.6455068604 31.1659897416 31.1189455055 31.105025837 31.0419292504 30.7371460746 30.817219726 30.807334143 30.9554654957 30.7827834397 30.7357606901 30.9078863015 30.9978179362 31.066033235 30.5457702282 31.113372444 31.0968018236 30.953027722 30.8323799927 30.5393823715 30.5170221153 30.6009820135 30.6211052061 30.8706636814 31.1018391689 31.0823507306 31.1488692868 30.9273505273 30.7933139739 30.9126272983 30.5503454809 30.9514399659 31.1768068202 31.0809076119 31.0934911972 31.0538411851 30.892796531 30.9776335215 30.7254269718
30.8800926339 31.1914487416 30.5494981869 30.573878218 30.8766065133 30.9620436157 30.6611344799 31.0700211287 30.6024939374 30.5997649778 30.722046384 30.8627513547 30.6528280961 30.7888140089 30.5343510642 31.1849226677 30.6344906397 30.8768711602 31.0218697756 31.1555879181 30.7382563521 30.9144840783 30.6200269319 30.8126491053 30.5255816095 30.6861352151 30.5682033942 30.6440648053 30.6438104334 30.7587303718 30.9079103149 31.1864491644 30.5118277222 30.6463329084 30.8005278922 30.7887612137 30.5048049606 30.8906032144 30.5670503346 30.8739244687 30.9837586855 31.0010488856 30.8452527898 31.1985733122 31.1212544158 30.763051256 31.1442275291 30.5345287601 30.5406848643 30.7382064043 31.0153807188 30.9592098935 30.5208535602 30.7371926044 30.5746100943 30.8421848513 30.5768109408
30.8785292921 31.0369862193 30.7749804249 30.5565692426 31.0058272218 30.602103383 30.6540722002 31.1603804712 30.5829806866 30.6969063418 31.0660945237 30.6993394709 31.0065301155 30.5543560288 30.7279855741 30.8546194342 30.9322972864 30.5850661431 30.8523420629 30.5477695898 30.671697599 30.6872374214 31.1162353872 31.0015720649 30.6378939184 31.0796432482 30.8155596917 30.6430030018 31.073220713 30.938054229 31.1794735142 30.9079192948 31.1348710233 31.1066527005 31.1177011484 30.6682576046 31.0081089533 30.7658064836 30.9092918314 31.1225787142 30.85752865 31.0219133346 30.7828625785 30.5157732731 30.6816415893 30.5211499519 30.8136726483 30.597046894 30.5635788952 30.7108607553 30.5230806575 31.0261518173 30.5915163922 30.9858598825 30.5505507439 31.1143673955 30.5964147533
31.1737120267 30.6394762405 30.7453931752 31.1277889801 30.5474112398 30.7238518828 30.8914192466 30.9277493427 30.5746835655 31.0860371754 31.0531628216 30.815175986 30.5844789347 30.6286192772 30.5860784108 30.9631892014 31.0428696513 30.6103213137 30.6629547868 30.6638350662 30.5674723311 30.9564045456 31.0802211662 30.9888072841 30.9827923669 30.5889798539 30.6867305688 31.0458774601 31.1456684309 31.1538795105 30.9138505144 30.6632976656 30.92953665 31.0330519233 31.0976902548 31.1812408984 30.5078629577 30.8384973107 31.0787240863 31.0805680196 30.6109025249 31.1328450378 31.0156471577 31.0109795243 30.830761332 30.9729577423 30.6331200262 30.9772799984 31.078490991 30.7175139057 31.1441019559 30.6533338365 30.6325965375 30.9247464008 30.9029564077 30.8841018451 31.1961235287
30.9504411186 30.6076032196 30.7920402269 31.0316351394 30.8209897455 31.1238111508 30.6604718037 31.1282368296 31.104541962 31.1619252353 31.0241815073 30.7678844786 31.1508494789 30.6357547327 30.9461316091 31.0439516269 30.6857823803 30.7968783186 31.013274346 31.1106533145 31.2052261943 31.019736468 31.1761935285 30.5062179504 31.1316199575 30.8398492147 30.7990049142 31.1536415737 30.8807577856 30.9983824525 30.6094501282 30.8992488168 30.6190329495 30.9269685926 30.9544097078 30.9899676953 31.134829766 31.0789368141 31.0343822396 30.8562702559 30.9357715872 30.8843345362 31.1907995956 30.6267175832 30.5473581109 30.6170834686 30.529464688 30.584303553 30.579049958 30.8458659198 30.5381990757 30.9970378241 31.1597941113 30.7019797261 30.9764997534 30.880089256 30.8827485138
31.1941460316 30.6347965351 30.6332930581 30.6933040774 30.8720754603 30.7614753624 30.6026231351 30.8417915947 30.8283910371 30.5387188569 30.9825619008 30.5118757204 30.6117725121 30.5067720073 30.6456993556 30.6943129083 31.1734623281 30.8937333639 31.1819372331 30.7522781966 31.0964938247 30.7228425966 30.618013174 30.9452898551 30.5272259812 31.0211384408 30.5425028039 30.874434866 30.7083784463 30.798245739 30.6935606451 31.0655590341 30.732825022 30.8318147491 31.1671744007 30.8108347533 30.8152673165 31.1383960651 30.923024784 30.9882870277 30.5231744209 30.6736564326 30.7330379895 30.8236790392 31.0655248671 30.7795176948 30.8424956342 30.9832826331 31.0355065478 31.1402580539 31.177816705 30.7103700651 30.7895473057 30.5954217028 30.6879066165 31.0254725042 31.1837545062
30.8015837511 30.5612685629 30.6924994218 31.1230719767 31.1660687583 31.129946107 30.9760113075 30.6513975207 31.159139537 30.7222391502 30.9322410353 30.9335687266 30.863474863 30.91963461 31.160005828 30.6373941693 31.0636917425 31.0641869908 31.091761037 30.8741453629 30.6126382095 30.8147499323 30.5083214627 30.9044664668 30.6068816789 31.0088045764 31.1807408883 30.7688351897 31.0230544889 31.0604080524 30.7986212746 30.8255833614 31.032529964 30.9726258002 31.1745326645 30.9380701219 31.0334817778 30.5834204404 30.8731106914 31.1582327332 30.6403489444 30.8746159098 30.9263287332 30.5279062471 30.8654038112 30.8318605479 30.6831230892 30.6705645532 30.7158025166 31.2026312313 30.7466379166 31.0366411813 31.0591237833 30.5148477448 30.5354152821 30.8937217744 31.0519316604
31.049873905 31.1236636534 30.7105319351 30.6071072116 30.5717717851 30.5218046133 30.7448631666 30.7660307886 30.8821490601 31.0225704174 30.8537682124 30.7880009054 30.9457496625 30.8930309749 30.5835023149 30.9420735403 30.5765867016 31.0850381385 30.6557725687 30.5092959137 30.9155238123 30.509153498 31.0191511115 30.56504006 30.9665063459 30.9966797454 30.5206589479 30.8215960423 30.7396340612 30.603763502 30.5333109135 30.8361644625 30.6591086588 30.8563886443 30.6608100672 31.0538009008 30.6196565283 30.7805967157 31.1120472899 30.9326134691 30.6103968137 31.1154922143 31.0477043748 30.6103083404 31.0924115068 30.5389052168 30.7944570403 30.7754066875 30.740032179 31.0299567418 30.9925227907 31.038980733 30.5198506539 30.7821319127 31.0262297166 30.9938305696 31.0776272785
31.1518130831 30.5522755823 30.5688944561 30.8757288947 31.0763318017 30.9423752014 30.9727395844 30.7297708104 30.6779328281 31.023424327 30.6753641138 31.1963860298 30.9761919018 31.0514704426 30.5410372012 30.5067812033 30.8595574435 30.5676180033 31.0359532331 30.5243101415 30.9654937009 31.1103127331 30.9768871868 31.0442334262 31.1345804324 30.6083462908 31.0498539506 30.8567225342 30.9292446862 30.9747293818 31.0385708724 30.5040284731 30.6709467922 30.885264491 30.9867946671 30.9784371851 30.8487234314 30.652018501 30.6409422772 30.702390199 30.7472880049 30.5096232353 30.7382019915 30.7833271251 30.9090007013 30.7351277627 31.1335280298 30.6643419024 30.8086668424 31.1752992863 30.8679911363 30.7992218131 30.9603075117 30.5208832519 30.8929468654 30.8610337092 31.0687499684
30.5540505129 30.760727694 30.7345988533 30.7259210798 30.8802457707 30.5321484359 31.0652467672 31.0340108852 31.1153275218 30.6952442151 30.8596387135 31.2023412022 31.0290611144 30.5502097092 31.1231581978 31.0854061107 30.6900220352 31.147092013 31.0568866484 30.9052346813 31.0919231896 30.5606429786 30.6127474365 30.8431336138 30.5399869183 30.8910158408 31.1661720564 31.0437132664 30.7977890326 30.9703560725 31.1478317444 30.8106917288 31.0445911791 30.8704368781 30.5603679169 30.5889053209 31.0005271756 31.0820168043 30.5030411693 30.5798663247 31.1064661772 30.707945612 31.0796593513 30.9737931471 30.6620568423 30.7271767119 30.8435776091 30.6251258995 30.7573428636 30.8553689499 31.1782711342 30.9101004641 31.1497050892 30.6704602462 30.5448360894 31.1285228273 30.6090266622
