Spatial_Output/DEC/DEC_0200.asc
NCOLS 155
NROWS 192
XLLCORNER 196307.867259
YLLCORNER 449144.565805
CELLSIZE 33.573938
NODATA_VALUE NaN
[rows 26 to 51 of 192, columns 57 to 113 of 155]
46.8019115963 47.1683767156 46.5450354632 47.200184523 47.2756742036 46.7832038178 47.1748699833 47.0328655812 46.0870887941 46.7009358636 47.2129213461 47.015433585 46.1394678771 46.4033029354 46.0741837486 47.3917111679 46.2160212115 46.1741832703 46.7696712278 46.0163919 46.9421889216 46.4226137456 46.0151223733 47.0813649499 46.2554286683 46.0722652486 0 0 0 0 0 47.2696122564 46.9914640389 46.6159093614 46.9863883601 46.1308767653 0 0 0 0 46.0705191434 47.3288080367 46.2439052258 46.042025145 47.0260208583 46.3913280507 47.0079730583 47.2734221484 46.4200666185 46.7597042502 46.198316675 47.3898750084 46.5196451038 46.525305534 46.8373436281 47.1206065311 46.445829279
47.1271368363 46.9397692532 46.3672543957 47.1136314571 47.1488003054 47.0794762025 46.6615026696 46.0519644971 46.9200915184 46.0313943693 46.6089735406 46.3614442826 47.0956240768 47.1298035598 47.2947729265 47.2719873568 46.9463509892 47.3944629444 47.3910106725 47.1857824524 46.1151263924 47.4079478735 47.1635491365 46.0447823758 46.3382522851 46.8530627864 46.6074653411 47.1972067436 46.8297989691 47.1338972673 46.3450653756 47.170934359 46.2235832529 47.3948105086 47.2956113821 47.3357045165 46.5520065647 46.3404540335 0 46.00073184 47.245234164 46.7615728769 47.4002531825 46.139153041 47.2368595948 46.4497144479 47.3318341875 46.3690007414 46.508568093 46.5222696621 46.7216539834 47.1304895288 47.2915145235 46.6853328062 46.5754287652 46.1915875704 47.2331117607
46.8757688551 46.0629213353 46.3285490564 46.1956677166 47.2572143356 47.1690196016 46.2430720598 46.2243130674 46.8767954288 47.0204297778 46.4339399961 46.3265595926 47.1221019305 46.3321970331 47.0758939626 46.8714411998 47.3131023581 46.5752202426 46.2092320865 47.3900179209 46.4308531538 46.7225974399 46.7011725809 46.9945230814 46.0913712768 46.3637783207 46.0210727634 46.8474601398 46.9019124666 47.2832485812 46.2804220389 47.1371857794 46.0482532923 47.3596821488 47.2951746121 47.1883899778 46.7261599407 46.9827766559 46.9727196825 46.8895396253 46.7835702768 47.0947922527 46.983807049 46.1517128201 46.7629598137 47.1294288504 47.2179628648 46.0274985473 47.3044053667 46.9748439517 46.827607846 46.664778166 46.1143910749 46.0287275717 46.9510951017 46.7514965012 47.1447012146
46.2039707805 47.2399330333 46.4261601046 46.4410483126 46.6500772213 46.5477353327 46.5661190782 46.1444998299 46.6606029172 46.4588969578 46.350301914 47.221478208 47.2659682778 46.9611377107 47.1551663707 46.0723343457 47.1200688878 46.9143711038 46.4991671954 47.2770446928 46.4317205944 47.1818143973 47.1540969275 46.8468958289 47.0638609369 46.2071990697 46.253938023 46.827742876 47.1921292543 46.2208910857 46.1688061222 46.9253874501 46.8846791973 47.338314336 46.5792478759 46.9480632991 47.3447293006 47.3815371504 47.3145285001 46.1194385271 46.398159508 46.2600779913 46.192349483 46.9616932056 46.5171703071 46.703110401 46.1281733216 46.9206813493 46.2722888641 47.3379821304 46.8496032141 46.4747137154 46.9953687573 46.231368699 46.5763541267 47.3704082588 47.1523870719
47.2321440339 46.5372462715 46.1779973675 46.5785176093 46.1961125758 47.2255158048 47.1949405138 46.7152779522 46.7121455186 46.9973138722 46.4658650709 47.128893618 46.6532229152 46.6980242657 46.7059328707 46.7118623812 46.629261675 46.8308023528 46.5347368219 46.6742106717 47.1041791247 46.1684369136 46.4383827508 46.7214675734 46.0187868113 47.1726201069 46.9579113886 46.9402328663 47.2778010692 46.7237421814 47.3508841751 46.5626870963 47.2169561336 47.2360412962 46.1258662183 46.8043346725 47.2325500302 46.1997616418 46.4193527341 46.4011155141 46.7817534545 46.8133709909 47.1549632542 47.1975016486 46.9326131415 47.0912493441 47.3342715425 46.1243460209 46.4235978357 46.1974694141 46.8305322716 47.0958590395 46.7807545497 46.4927548018 47.382716331 47.1679463954 47.3415231383
46.7821324779 46.7047139324 46.6262339448 46.0016804258 46.0643565191 46.6407045589 46.2934981669 47.3062230019 46.22449561 46.9680071161 46.4614769136 47.338504655 47.0891377687 46.194116023 46.9892993454 46.3447399136 47.3227843624 47.3369675018 46.9435806319 46.0984771619 46.6980412441 46.304769206 46.4628296418 46.5720537502 46.7375714826 47.1150536283 46.5165614231 47.3136642279 46.7187999105 46.6304707866 47.2805154866 46.9979768274 46.5396864441 46.872315049 47.1896532322 46.6815951749 46.5798310496 46.0831286978 47.1489130031 47.156858892 47.1049750564 46.6932291531 46.4623773028 46.6722293598 46.6895981026 47.0463206735 47.0040969152 47.3725341178 46.6719244395 46.8029017716 47.1444615726 46.8820482906 46.0405047403 47.2314530165 46.5508388465 47.3533976351 46.0184949541
47.3212159256 46.243354231 46.0279299378 46.0109678363 47.1326116241 47.0713708667 46.3731262189 46.2300577542 47.1347414701 47.2424988416 46.2386368534 47.3096325233 47.0420570143 46.6178517761 46.3783552506 47.0241546641 46.4139024978 46.5310626332 46.3866798264 47.0334522686 47.3767245918 46.6437415309 47.1405856587 46.6221892475 47.1274086504 47.0431699697 46.4979343505 47.0298249049 46.4645734915 47.2866796914 46.7051317462 46.8932955933 46.8405771116 46.4296344671 47.0100263696 46.2700916529 47.033051641 46.8251286908 47.2341742383 46.7943814543 46.065055641 47.1157619384 46.2019195047 47.1926927707 46.0136742176 46.7810127675 46.5529762636 46.7744425047 46.7681468311 46.5991646419 46.1762035913 47.3944568809 46.7453639335 46.1184139035 46.6832322542 47.3432575392 46.5665317972
46.3970587301 46.6018742825 46.0318671867 46.3742217172 46.5560325794 46.5171609616 46.0475688258 46.4444048299 46.654173585 47.2910098501 46.5548657353 46.3981018703 46.9075002967 46.1619693228 47.3546912142 47.2766254739 46.445184251 46.8380628813 46.6234381744 47.2167761989 46.9024056752 47.1048473908 46.7832537353 47.0111000378 47.2530679089 47.0784469042 46.6755050504 46.9139640386 47.203064533 47.330834751 46.4430056618 46.3725273041 46.929745308 46.0510092081 47.2012148388 46.7800282886 47.3480933073 46.4119758377 46.2488235385 47.1534941109 46.5219952313 47.3113182444 46.9316145104 47.2198577047 47.3592061953 47.0829401688 46.6929495356 46.500582778 46.4037977642 46.7180863761 46.8011271277 46.6423886744 47.3758850804 46.8401699194 46.7086833322 46.9663756055 46.0954373579
46.8992270938 46.695379561 47.2454883654 46.8602303991 47.3582714135 46.3747980931 47.329092266 47.4141295252 46.6674735975 46.0657016473 47.1440948716 47.4050754372 46.0666883291 46.8548197965 46.1240829316 47.1032246837 46.7435972809 47.2712763598 46.1620462103 46.6663461887 46.7268169331 46.5342123111 46.6543443175 47.3343607766 46.7217634853 47.1181786313 46.055005036 47.2482006063 47.0525534439 47.3713935983 47.1646730546 46.7612690182 46.7342982521 46.2645907271 47.2894340455 46.1730391832 46.3494068924 46.5381165801 46.8184636885 46.7128549175 46.8581365077 46.4215138903 47.1516774463 46.7869643999 47.2796199837 46.3980304158 46.2297533245 46.2378351608 46.726281861 46.3922584871 47.1530801764 47.0902742119 47.0690967665 46.3258602313 46.5924985941 46.3308997337 46.7595736097
46.2927003577 46.459572956 46.5089922305 46.0199534393 46.3439486529 46.4523515196 46.7710263777 46.5361244274 46.672986163 46.5173610913 46.7261980845 47.1258363619 46.1022845798 46.4034190712 47.1753821834 47.3793601643 47.2940066419 46.8369727351 47.1024574427 46.0413242466 46.5623300897 47.2314162113 47.3223335101 46.7253099294 46.0353010452 46.1305144619 46.2245301273 46.4869623832 46.7449180976 46.5919947244 46.2274544881 46.276940157 46.6407935136 46.3873678571 46.7209669514 46.6477015144 46.0763506513 47.2380500395 46.9554020184 46.8474352459 47.0716801336 46.8155965093 46.0337473269 46.2872569306 47.0909486836 46.0659193591 46.9834686375 46.8698792961 47.101207267 46.786409887 46.5835273193 46.9230429437 46.0619794966 47.0034472245 46.9090425877 46.034686263 47.320937985
46.9295991468 47.0655585787 46.7642440407 46.0328077329 46.9447165787 46.4901841797 46.665686669 46.7081902297 46.8868284861 46.8164117552 47.2759435246 46.589016915 46.46095957 46.1924626342 46.7421663014 46.4240998351 47.2048330994 46.1778783139 46.810087984 47.1297494206 47.3758531104 47.3295786374 46.1418696011 46.4919385772 47.0356005956 46.9135273197 46.6201108745 46.2458146325 47.2842951403 46.4030101822 47.102718886 46.5093327141 47.047917095 47.2785861592 46.698688293 46.229413424 47.0374955965 47.1467203581 46.2343871337 47.0183191581 47.0979214141 47.4105343397 46.1547332784 46.6532997946 46.6624823163 46.3685316173 47.0527779875 47.1566665868 46.8961653084 46.6703577893 47.1117694885 46.3526220146 47.0410154244 46.017126261 46.3301303306 46.0278604812 46.6915300638
46.4330833486 46.6469295684 46.4564359497 46.4837202194 46.966238005 47.1927765604 46.513744393 47.2257175988 46.1372618834 47.1816279983 46.5201941199 47.3241397797 46.0967652368 46.6632653523 46.1379697014 46.3194130122 47.3564455286 47.1051038976 46.881309381 47.4133689954 47.0011873681 46.6838049142 46.5192791938 47.100053059 46.5136583952 46.3708766834 47.3612576818 47.2618406611 46.8178350322 46.9849132306 46.4074851254 46.5183647391 46.6021342341 46.2937042665 46.6437968013 46.5737196348 47.1617303617 46.883487348 47.2829071003 46.1400814126 46.8104158314 46.9595195702 46.7066403895 46.5122458716 46.5031955861 46.6806023715 47.1021241782 46.1031639255 46.3311935446 46.3050873162 46.7638986365 46.5091207255 47.0647357307 46.286402471 47.0016342003 46.7496049517 46.059136412
46.5991509172 47.1609239408 46.1294996459 47.0622388701 46.8780254834 46.9917179938 46.4365909849 46.1463411086 47.2548143344 47.2435295145 47.2691296471 46.0100884129 46.6917176249 46.8285004883 46.310849073 46.5383244968 46.1782874223 47.3293155962 46.9205475265 46.0437919183 46.7485869235 46.5083377154 46.6858654954 46.2649273302 46.2404021276 46.0307289081 46.5695904341 46.4122305107 46.5072400837 47.0926501894 46.7569073976 46.6376163179 46.2249987328 46.0800910598 46.7492601095 46.0185377326 46.8405759785 46.9314432221 46.3796949676 46.8856655693 46.9548105204 46.9220498494 46.2681499472 46.7169617994 46.0700429204 46.1002897844 46.4463150734 46.3145931667 46.1734540297 46.3209768805 46.7733872236 47.1837055238 47.1831310937 47.1396319065 46.7738188821 46.03728814 46.535434597
46.9675641776 47.3656053011 46.9510335661 47.2726185421 46.0426931762 46.5321126299 46.6648914779 46.8549050079 46.4415062216 46.6675678664 47.3255623205 47.1733664889 46.5290988282 47.2885872953 46.9678098407 46.9243168708 46.570362354 46.760657461 47.3504216684 47.3624811925 46.5385092429 46.8855054813 46.7337655645 46.9118628185 47.2123008242 47.3567849246 47.2954830122 46.336036045 46.3275459383 47.0870504027 46.598478583 46.1367335533 46.5258708931 46.6827271321 46.3073661714 47.0929929457 47.0938022662 47.1795939446 46.8916689477 46.9578732496 46.554007433 47.0450620901 46.590994403 46.0264090859 46.8400803989 47.1627017108 47.2082299576 47.3441634367 46.3793427419 47.1262052917 47.1444163579 47.1673788242 46.8718158215 47.158034978 46.8666506523 47.0026638892 46.8058084241
46.5288483557 47.3812483373 46.3516824581 46.2757696467 47.247034029 46.1210079888 47.1126664952 46.3758180515 46.7413324688 47.0828122169 46.6248456524 46.6433673889 47.2593257535 47.2542874361 47.3829171064 46.2832788091 47.1346070803 47.1148990215 47.3703743771 47.290069068 47.1973238013 46.5009547708 46.4315573121 46.9668571803 46.5727878976 46.2847019512 46.8018618738 46.1548538306 47.0414056897 46.5978017689 47.1247176487 46.7149275199 47.4080375077 46.7035310249 46.3243161557 47.1518720964 46.7188002254 47.260388137 46.1532985954 46.8948444016 46.0885083148 47.0162398035 46.2020677763 47.2060201428 46.8646434669 46.8512123118 47.3299015475 46.7913123501 47.1071533433 46.4285254776 47.3292612135 46.7171853811 46.4563242442 46.0331845207 47.0103732606 46.4253816024 46.6621520196
46.5460766816 47.0990587478 46.8752951789 46.496043834 47.1921136274 46.6386125097 46.3515514648 46.4998478609 47.1424355026 46.2946996631 47.2586737179 47.162052425 46.2748779655 47.1752406713 46.2505449433 47.3366847427 46.2605103057 47.302402584 46.5287800273 46.1118259003 46.0179179807 47.371403794 46.7682797333 47.0769287146 47.3843781878 47.2456915651 46.9273884668 46.0675986148 46.3221367962 46.2601462563 46.3074493195 46.4139429513 46.8726840771 46.215876814 46.4482415411 46.2468755572 46.5517814297 46.5644454961 46.038485667 46.6158658214 47.3500091544 46.0932575166 46.6529367083 46.5313313292 47.1067206112 46.7263792192 46.3872711969 46.7480041356 46.8787995485 46.2551760183 46.192087147 46.6197200677 46.0934039267 46.4918460711 47.3694873293 46.401931322 46.2233254264
46.3922759198 46.2936022013 46.9203963022 46.3420296444 46.6393300242 47.2586501499 46.8386337349 46.0748557039 47.1919314413 46.1546911519 46.1231066861 46.7083089334 46.7164473413 46.6747901477 47.1515850071 47.229143198 46.8426410226 46.495505233 46.503629343 47.3336247165 47.3810781982 46.3325362447 46.7259457072 46.8114912994 46.7550623179 46.7395404316 46.2331976197 47.30871661 47.2268407608 47.275054276 47.225621498 46.01825735 47.0618159475 46.9962166565 47.3784832371 46.0729163259 46.5901298678 46.6158527714 47.1995735398 47.2365063005 46.1244358419 47.1879963611 47.0547983785 47.2388580638 46.7452609839 46.4929552319 47.1860673514 47.3633481395 47.0506858545 46.761752573 46.7953568422 47.0872838981 46.2859590723 46.8615210666 46.5741279088 46.8176650115 47.0342615441
46.2318633534 46.3179617289 46.6219785856 46.5690458805 47.1489240695 46.3013536728 47.1091707689 46.0204720298 47.0341639773 46.5163079753 47.0854539707 46.2279168666 46.5072243638 46.3682408567 46.0548418701 46.2800757436 46.7971875415 46.5471407599 47.1156348898 46.9937271062 46.4081832515 46.1003231722 47.3894410549 46.4545556671 46.6146044289 46.1495160645 46.6660873005 46.811315829 46.5702857655 47.1339777781 46.2995364192 46.7736170841 46.2218807963 47.2302432869 46.9439614375 46.3947286956 46.8409454452 47.1303839192 46.644010371 47.204417792 46.6344265485 46.6110697942 47.2168563993 47.3977110508 46.0972731056 46.1835678873 47.1391402007 46.0535909903 47.4105459256 46.4059194699 46.8880299849 46.8893172132 46.6809046199 47.1463453304 46.5575930538 46.4925504527 47.0208772186
46.4672964915 46.4650294609 47.2906785287 46.1234430289 46.7606700637 47.2665739283 46.9518493345 47.2726349883 47.3703579011 46.942408959 46.8051040438 47.3624159292 46.3625830945 46.9565602278 46.7753421556 46.0833457023 46.5630346803 46.8571937204 46.3034975751 46.927219475 46.8933464062 47.2820062272 46.4290031429 46.7218809477 46.2871897553 47.1912728648 46.1665265537 47.191163581 47.0625328035 46.397510415 47.0915142614 47.3523554636 47.0539806297 46.1307705399 46.0562479722 46.9775538447 47.0781694908 46.893766148 46.8260662946 46.6067609861 47.3371500574 46.1552594186 46.0952006966 46.336663856 46.9544663143 46.8801463121 46.8279242872 46.7320882572 46.4416626173 46.656252657 47.2267944754 46.9998592511 47.1421717517 47.0563531778 46.6079461043 46.747500837 47.1220430419
46.6210436192 46.0609540549 46.4444426522 46.65940251 46.2281014197 46.6105008319 46.7645354459 46.5046191234 47.1534064391 46.0699861732 46.1384223529 46.2270003361 46.7938994029 46.12621006 46.4454079678 46.1553726501 46.0174596967 46.967667734 46.0081321203 47.3208599324 47.3059828925 47.0342815895 46.825113296 46.0992743982 46.1690415694 46.1052497846 46.6815218865 46.478411434 46.0378632085 46.4534073277 47.3878591433 47.1176224842 47.1863917127 46.5245736548 46.4823513534 46.9251407685 47.1541520911 46.2049414362 46.8224220953 47.1350872722 46.2646456669 46.6961103354 46.6819512559 46.5463400701 47.3954288391 47.08458437 46.3333475353 46.3113044533 46.8714964987 46.1686428101 46.8597628505 46.9695710516 47.3177418966 47.2217704177 46.2853649526 47.1408503321 46.5750362297
47.0040368908 46.0910143949 46.1016540344 46.1191552022 47.3078606205 47.0500983052 46.4222730528 47.080522934 47.3198376851 46.162089903 46.0291527878 46.9170924729 46.5329919452 46.7164693973 46.916097496 46.4706047627 46.2123857665 46.7493534652 46.6286063431 46.5843511906 46.4926742478 46.025847623 47.3287073631 47.3296461425 46.7479707275 46.9531623593 46.1597936301 46.1092008484 46.5341241613 47.1608789965 46.2964346142 46.6620356805 47.0040073375 46.3727702067 46.542032559 46.9437263299 46.6910097364 46.1090904309 46.8579763002 46.5416551949 46.9151177703 46.5153805559 46.1435001324 46.9333477377 46.8428452909 46.1828110169 46.7277780658 46.5535333067 46.3007303028 47.0101290816 47.3800188054 46.8198638153 46.6267734395 46.5917923859 46.0522101228 46.3560357594 46.9033663345
46.8508753394 46.4451181672 47.1289374924 46.2021972757 47.3047815724 46.9000704717 46.7945345082 47.2579625048 47.2512221017 46.6670614652 46.45527665 46.3033787909 46.9165492454 46.0692501436 47.1702315384 46.9130825965 47.1004994568 46.9485183424 47.0615074462 47.1107680278 46.5181080312 46.7704065967 46.5213236558 46.1097165786 46.8552199405 46.9371416507 46.9432354357 46.1806133283 46.6707841663 47.3040110987 46.9048217932 46.5274086584 47.2774647537 46.2127499385 47.2664900542 46.8077913474 46.6751114613 46.629020248 47.3262710227 46.3247253712 46.7263018515 46.5999947993 47.2489522915 46.6874371852 46.444958484 47.0751992437 46.812000928 46.498478069 46.6790380108 47.3771856709 47.0113080447 47.2800033061 46.2578821498 46.315755204 46.1172262208 46.7168408139 46.3113668652
46.6930962556 46.1648612089 47.2714006006 47.146441624 46.3772848034 46.675572774 46.5789556233 46.3742111033 46.7596934597 46.7114952056 46.3431855571 46.4976242708 46.8168621769 46.68056454 46.0819900906 46.0240349335 46.6145503387 47.3505408889 46.0497079598 46.0186170666 46.0150434664 46.1212371856 47.3950632643 47.094048342 47.2191171129 46.3278512922 47.0702257534 46.5650253707 46.1863240787 46.8997426741 46.1375041392 46.1949535533 46.789172844 46.3367918657 46.2938235946 47.3180845563 46.8289129614 46.3119504326 46.714967791 47.0118076657 46.5095239263 46.3314779147 46.7715422585 46.421451446 46.6301585895 47.0880906081 47.0058654273 46.8708869638 46.4364346688 47.1338594954 46.8082071082 46.1351764105 47.4101142035 46.8555366922 46.5403818164 75.6656675818 65.7498731583
47.041057609 46.3264160287 46.4220456425 47.0588461143 46.2291956399 46.4833026494 47.2786596105 46.5316745335 47.3474200342 46.3904184602 46.5030711495 46.9764882438 46.502569046 46.1396410405 47.2233301381 47.248821636 46.3597545483 47.2048557174 46.7681960414 46.4766136886 47.399228106 46.512030412 46.3564975137 46.0655841399 46.9062646729 46.5796147016 47.1567464664 46.5486862183 47.3054397784 47.1355124331 47.360634105 46.6777639969 46.2512905252 46.0141181221 47.3949325623 46.711759608 47.3624859351 46.4260676102 46.1134979396 46.2750914571 47.0216082516 47.3505659413 46.165885712 47.3324842081 46.1837639444 47.3393620249 46.5820867034 46.7108396997 47.1130996355 46.5944341575 46.1117142527 47.0883095628 46.464345213 46.4103801048 46.7273068239 68.0629080974 74.2984260377
46.1280935487 47.0956925789 46.3058285371 46.8240889247 46.0640193255 46.0425353508 47.1852149249 46.7163660124 46.2498953376 46.3535527962 46.5847965733 47.281032263 46.4054898632 47.0802724733 46.1615202391 46.5088933778 46.934347517 46.5638525346 46.0204764653 46.6219585212 47.1862878761 46.4394639572 47.022682719 46.0427395219 46.860643892 47.1709543943 47.3961126093 46.9862756645 46.5824935145 46.5586277302 46.4967369454 46.2935063614 46.9323475572 46.7797097448 46.7690149547 46.162340529 46.8804996938 46.4009937278 46.6631712656 46.8844181881 46.8799544142 46.8212313498 46.6171170765 47.0258542689 47.3733478783 46.9871760982 46.2573430966 47.0434986305 47.1433322357 46.6409504855 47.3670964231 46.4504046361 46.796285951 46.489431205 47.1850165571 63.8038358647 65.6917945608
46.4256356375 46.3870258702 47.2756115619 46.8334173837 47.0808065809 46.0437823827 46.7111020295 47.2017926935 47.2473622789 46.7638113304 46.9818196642 47.3860021944 47.3556532058 47.0494900891 46.9814828598 46.5452703272 47.259826826 47.2923491252 46.2637022969 46.2048758635 46.0784364366 46.7061684165 46.5366035948 46.0811281853 46.2005119017 47.290895735 46.1337704682 46.6178552179 47.2542572384 46.5897749093 46.7300952504 46.2665265842 46.5331961564 46.5758485024 46.0020044522 46.3092535886 46.9067758952 46.1389546424 46.5322266011 46.7676828623 46.8386193996 47.1386827137 46.0912262097 47.1514317038 46.5818185564 47.2886255725 46.0832333811 47.3816328216 47.0551978726 46.1881818774 46.387247009 46.7270974372 46.1475404951 47.3471004755 46.9648209277 47.1329225616 47.2779777829
