Spatial_Output/DEC/DEC_0011.asc
NCOLS 155
NROWS 192
XLLCORNER 196307.867259
YLLCORNER 449144.565805
CELLSIZE 33.573938
NODATA_VALUE NaN
[rows 26 to 51 of 192, columns 0 to 56 of 155]
0 0 0 0 0 0 0 0 0 0 0 0 0 0 0 0 0 0 0 0 0 45.7556876239 45.8866289618 45.5507392968 46.2362638766 45.9149495805 45.1688683762 46.0313491361 45.3953147454 45.9183731202 45.2448745145 45.3729528326 45.6312582568 45.9974795806 45.8169632823 46.2930261752 46.22127627 45.520510371 45.5451022316 45.923999211 45.8420306087 45.3352057741 45.1858584467 46.2751822375 45.539574252 45.9390167139 45.561977757 46.3506931608 46.0249589947 45.8004746843 45.4844090776 46.0464142966 45.5564326906 45.5592740164 45.0346285707 45.7387464643 46.3194703412
0 0 0 0 0 0 0 0 0 0 0 0 0 0 0 0 0 0 0 46.387294098 45.1431657746 45.4281157 45.7628498812 45.1591621197 45.1562718026 45.678707002 46.2449714587 45.3074921149 45.6125710176 45.8690020138 46.3181581148 46.1525621966 46.1806338201 45.1182695196 45.3135268388 46.3017198113 45.0876726871 45.6710886441 45.3733323845 45.7593731287 46.3979610484 46.3206265953 45.8263091413 45.0920375112 46.358341208 46.3616106853 45.012836769 45.3243379522 45.9916524027 45.8903827901 46.2308729652 46.1130149041 45.0401116139 45.2051404422 45.4587201136 45.2434771023 45.0742941508
0 0 0 0 0 0 0 0 0 0 0 0 0 0 0 0 0 0 45.6233964688 46.3368364524 45.0252915819 46.0364411946 46.1469013036 46.1293076363 46.0945121951 46.2049667931 45.1547332369 46.0573137767 45.0786401636 45.3488726807 45.5442396426 45.4144662444 45.6652792866 45.5083875939 46.1614440969 45.6083739927 46.2750672864 46.3364701398 45.0281611001 45.1337040973 46.0625877269 45.3681580379 45.0847745649 46.0259638001 45.3505464571 46.2240751332 46.2038248739 45.938626486 45.272977201 45.1481159288 45.0495092877 45.6192176302 45.8094875462 45.8096132563 46.1551831993 45.0072978649 46.1700226307
0 0 0 0 0 0 0 0 0 0 0 0 0 0 0 0 0 45.3077456672 46.0843820361 60.7438763738 55.8136638402 61.246630884 45.8707223064 45.6111564176 46.0454097761 45.0466236905 46.2532162861 45.645494609 45.9923751901 46.2723005713 46.2373023571 45.5308885827 45.1693381678 46.3719341999 45.7721899917 45.138164832 45.9712894369 46.0339429755 45.0494649019 45.0997511673 45.5061398031 46.1913509189 46.3675634594 45.9594299253 45.6797048125 45.6667592108 45.4532145912 45.8269201733 45.3893292164 45.6139722157 45.2825190471 45.5211170855 45.1088955194 45.275228238 45.0414877135 45.4077936287 45.8496292363
0 0 0 0 0 0 0 0 0 0 0 0 0 0 0 0 46.1811244981 45.4720440935 45.9787357232 63.1380561742 65.6846229873 58.4317770469 45.9532321902 45.7965700652 45.041153739 45.4697457175 45.9400854029 45.8883435203 45.3068331156 45.671624523 46.2848508712 45.7149671173 45.0038671854 45.8537584233 46.1269590607 45.6467897516 46.1349804967 45.6305638491 45.4352741734 45.913073212 46.2495082255 45.0151090688 45.8004490702 45.3620477449 45.0649931716 45.2822683761 45.9790885841 45.709648312 45.9161710341 46.2078363341 45.1826682029 45.4660512805 45.2276418327 45.3982542041 45.6321455122 45.6712047984 45.1984059979
0 0 0 0 0 0 0 0 0 0 0 0 0 0 0 46.0834828281 45.4555792794 46.3805306 45.0611273265 59.4890342637 56.9185431134 64.6351905413 61.2069824656 46.2908099034 45.7837153436 46.3218830521 45.0449085652 46.2846664274 46.3836696512 45.0193868925 45.6176171511 45.8247232847 45.8723195474 45.4381276457 45.1724219716 45.5446220712 45.2977898392 45.7725678314 45.551114182 46.3086773552 45.0446597513 46.2378273094 45.6938693661 46.121279249 45.7595224141 45.3485904934 45.9901192177 45.1831677281 45.8617020594 46.3696899808 45.9955988877 45.6201909381 46.2771584419 45.6455760541 45.9848591984 45.9533321998 45.9785517304
0 0 0 0 0 0 0 0 0 0 0 0 0 0 0 45.9966560613 46.3562273713 45.4107576832 45.4773426803 55.2223393492 55.1236747595 55.078608599 63.3381892337 45.0304666126 46.3881928313 45.5439386191 46.0985553064 45.1611298368 45.0864783138 46.3063041194 45.7206230712 45.778420199 45.8295638054 45.233156453 45.0934484054 45.4269772919 45.8616611981 45.8136406687 45.4876659866 46.0268158613 45.987737051 45.6430042364 45.1609307328 45.3612728149 45.1025826899 45.0971007239 45.9351672609 45.9888467769 46.3043004315 45.8529768967 45.9170995236 45.8991195881 45.6337754169 45.3496164419 45.5893534521 46.0090444221 45.809836274
0 0 0 0 0 0 0 0 0 0 0 0 0 0 0 46.2424715446 45.3525411386 45.1661116677 45.265690243 46.1561182435 65.2107685653 59.4519233856 62.6478552063 45.1671860612 45.913092763 45.8247112052 45.8824983163 46.1479296926 46.0900298052 46.3498559238 46.3003173545 45.0446886724 46.2056060925 45.7001056164 46.0624996309 45.7377679486 45.1879309978 45.9495807831 45.8710178929 46.1994067635 46.0240445063 45.4932384192 46.0199778534 45.1133179981 46.3476773494 45.1272542502 45.8875006822 45.2470489597 46.3991110669 46.166309356 45.0576845136 46.1948053478 45.8683877441 45.3548398616 45.2569765749 45.5835029996 46.1868442237
0 0 0 0 0 0 0 0 0 0 0 0 0 0 0 45.2122995881 45.3419473786 45.6362171618 45.8550060745 45.0487499427 46.0250444103 45.0609367404 45.2242774454 45.07034224 45.4996962003 45.7853743123 46.1986271102 46.4037638605 45.6270621048 45.3359571508 45.6715777805 46.3633803922 46.2001157164 46.3231367772 45.4666893357 45.5360613263 46.2549763875 45.4785319496 45.1211299349 45.2436359987 46.1979117052 46.112199669 45.4643690506 45.3811000831 45.8078080769 45.0764160057 45.9063585979 46.3259768966 46.0662706204 45.3897102014 45.8691113348 45.8766163885 45.5721341718 45.957346017 45.7835070969 46.2638912479 45.3251439429
0 0 0 0 0 0 0 0 0 0 0 0 0 0 0 45.393521102 46.1788295675 45.0291449216 46.3268479638 45.0309802651 46.3868514195 45.086689443 45.0037677773 45.6158767803 45.8876480817 46.2126976329 45.6572546333 45.3495590036 45.908369185 45.126939524 45.0020781943 45.7343260143 45.4224149976 45.0493450394 45.9019234344 45.8138559959 46.337016849 45.6018100692 46.1081804404 46.1903756319 45.5075496966 46.2277002123 45.9311438418 45.757799232 45.1942508893 45.5371269027 46.3860242666 46.2551784513 46.2502070192 45.1833458877 45.6570014599 45.0448414063 46.2524616621 45.6195649217 45.1546719166 45.6133282445 46.2683778153
0 0 0 0 0 0 0 0 0 0 0 0 0 0 45.7553676801 46.3768394648 46.3071029091 45.5598630168 45.4216606244 45.4019391896 45.6436257217 46.0975213828 45.8707734529 45.6602049253 45.2445473457 45.4494935917 45.637775116 45.5300023222 46.3818364514 45.3374483219 45.6718769285 45.3383685113 46.0100113225 46.3520317808 45.7615184757 45.0359153689 45.9359373539 46.2392468901 45.0383651151 45.8581464588 46.0379124957 46.2728916744 45.6326438585 46.3249172497 45.5748603057 46.1140486447 45.0603814874 45.977672016 45.8089362225 45.7741132613 45.0938523177 45.3508972863 45.6626808147 45.8851151126 45.7178499042 46.3165097164 45.4603683457
0 0 0 0 0 0 0 0 0 0 0 0 0 0 45.4180603206 45.6114001362 45.9263637792 45.5493070112 45.5351774371 45.6810031021 45.2726631728 45.1760797511 46.2670183604 45.124208744 46.3469242713 46.2521297044 45.739922863 46.2367366889 45.6090498045 46.2688568435 45.887113266 46.1158538419 46.184933341 46.0953840973 45.3372569954 45.0162938638 46.3519929107 46.0964166855 46.122869171 45.578633313 45.4436104374 45.6283862654 46.1981147045 45.7467341221 46.3384743934 45.0933458142 45.5506720744 45.0098529088 46.357756029 46.0047943172 46.1987897238 45.2645734212 45.1866298837 45.1268232401 46.2460205138 45.2479391372 45.6404730072
0 0 0 0 0 0 0 0 0 0 0 0 0 45.0832432092 45.0853832938 45.4648837434 45.5910177889 45.7510233319 46.2316465396 45.5856889429 45.9881386522 45.0393446984 45.4433955264 45.7818648898 45.8101506064 45.9483410004 45.0043502541 46.0736213471 46.1400234252 45.1881909186 45.2563608233 46.0967866441 45.7863586153 45.3441410078 46.2458416841 46.1335239649 46.2384299643 45.8735785319 45.9955431816 46.2484630175 45.1053956759 46.1854058964 45.0139509121 45.830543298 45.9677163004 45.3014927142 46.2496012168 46.1450498854 45.2795526032 46.157948099 45.2242621036 45.6916520704 46.0427805106 45.3235359746 45.0743028534 46.4075668912 45.8647090615
0 0 0 0 0 0 0 0 0 0 0 0 46.2782861675 45.3432729453 45.0789211583 46.3512641057 45.6669237186 46.205237079 46.1302387327 45.0866242321 46.3350759259 46.01736925 45.7047182864 45.8727161428 46.3034154854 46.2110575305 45.3836186725 45.9900368588 56.0309575233 64.9989894547 56.8089619442 45.5566514113 45.633609493 45.049670659 45.1418010724 45.2366606659 46.3854254096 45.7986773185 46.1592794206 46.2194269452 46.1762995396 45.7960580204 46.0719522507 45.3574297806 46.1339960699 46.2657686233 45.201196247 45.452991769 45.3818228733 45.8618196102 46.2890848107 45.3194510595 45.0629904636 45.5358737925 45.1231024342 45.7869821234 45.201649768
0 0 0 0 0 0 0 0 0 0 0 46.3182175745 45.1424461285 45.0725474208 45.7060634835 45.0377550251 45.4157132343 45.2095568541 46.2188475984 45.4737459166 45.6131502441 45.3461892428 45.2234883985 45.8684698723 46.0603870403 45.8188079492 45.677099911 45.6573159927 65.9269975338 57.3297743589 59.8354580376 46.0886240246 45.1532396153 46.2220590711 46.3011301449 45.0566903767 45.6979269371 45.6353488724 46.0271541925 46.0345396423 45.6340283655 45.6863094466 45.0088043957 46.2737581488 45.853850521 45.9022598142 45.2443777479 45.261888039 46.0122485857 45.3985231871 45.3604086786 45.9901352702 45.9207301703 45.7403557099 45.6394239673 45.5546566389 46.0280930695
0 0 0 0 0 0 0 0 0 0 46.2145114702 45.5093167937 45.2215821704 45.2818154065 45.360506713 45.5679407685 46.0224766966 45.5223262388 45.713942213 45.5173591578 46.1891355662 45.6715284275 45.2320828227 45.8046350573 45.6680749536 45.0902107725 45.3246344705 45.0808442816 54.807412947 60.8196803183 59.8183647456 45.2867739608 46.0625349851 45.9714732713 45.7839867051 45.1431329269 46.1395742245 46.1031393232 45.8002564976 46.3411490334 46.3700876282 45.6381475128 46.3803895886 45.1594817171 45.4253926716 45.1010897299 45.3367636773 46.2901444697 46.0892291717 45.7779307092 46.339969968 45.9048134754 46.3915721771 46.2623499011 45.7560409714 46.3912177798 46.063418365
0 0 0 0 0 0 0 0 0 0 45.9836159158 46.2469077154 46.174876188 46.0167312473 46.1920479643 45.8481527517 45.4647369749 46.2431237639 46.1857759115 45.7646676721 45.6669812785 46.134664836 45.2990795899 45.8608640059 45.0189562041 45.778670771 45.5363852543 45.3246220647 62.9491373439 65.8404976918 66.8442957393 45.5800857241 45.1919256992 45.9892710568 46.2697358846 46.1175339182 45.9488818101 45.8763816501 46.0560803055 45.6343495269 45.6753653781 45.2992972066 46.3644475577 45.4926295538 46.1069931471 45.4820997717 45.9578291922 46.2712268594 45.8104755384 45.5996643726 45.020751662 45.7065487172 46.2682446602 45.5057221538 46.1115563851 45.687322002 45.1307507878
0 0 0 0 0 0 0 0 45.82807077 45.3883391052 45.9128856942 46.2952405501 46.4106573414 45.4221396715 45.7052221278 46.0827416534 45.6430575571 46.3892509412 45.2341015952 45.1640949391 46.0437726329 46.3648456841 45.2611342859 45.8837441062 45.8784132423 46.2812136951 45.5584518407 46.2652382904 46.1617005634 45.5710655955 46.0247993828 46.2035093246 46.3861419436 45.3174366929 45.4604411548 45.7085590512 45.0483172631 45.4908013041 45.6962552825 45.7174251522 45.7694388426 45.3305013113 45.2798201444 45.924770994 45.1912997673 45.9906385312 45.9461159858 45.1300705306 45.6058766578 45.0150525735 45.1722373206 46.2334875162 45.1024836283 45.0320758471 45.7524164729 45.4527480753 45.5799202965
0 0 0 0 0 45.3550258514 45.0615544082 46.0751104854 46.2380277645 45.9953691766 46.0619296066 45.0981901869 45.0561314216 46.0872888266 46.1943567232 45.3514615898 45.3024897136 46.1863288444 45.4928377263 45.4697181927 45.5233733428 45.7314376126 45.7684643024 46.3246005238 46.3880577784 45.2469122667 46.2157944761 45.8893669891 45.0049885089 65.0278961532 60.2294833994 60.8107816323 45.0618250415 46.3578195986 45.4888894734 46.2873063114 46.2791235911 46.2548928572 45.0759417746 45.5002945454 46.404200557 45.1714072027 46.2621863936 45.0327691431 45.7554311418 46.3870858204 46.2857338826 45.6043022037 45.0076086453 46.3185812053 45.4371982401 45.0876811708 46.176040844 46.278315592 46.3267930249 45.228948671 46.1902534278
0 0 45.7318642539 45.8230632705 46.0952200972 46.057395236 45.5436172234 45.116472915 45.809832764 45.3700070244 45.045469283 45.7425199491 45.749720288 45.6872938904 45.1944880353 45.8416780971 46.2805127776 45.0600426075 45.5298952477 45.8069187103 46.2932499154 46.3382770474 45.7869700265 46.2706636739 45.36373065 45.9651155759 45.1669492366 45.7560147331 45.9714113657 64.1817810239 54.3813388003 64.0571796371 46.1950301529 45.5769821565 46.3406250259 45.713317427 45.0530230342 45.8838387586 45.1471958716 45.9155694713 46.2901016988 45.3561166385 45.4875724276 45.2600100618 45.7143800134 45.643774729 45.2638235967 45.3920981633 45.9993130948 46.1979407378 45.8732737947 46.2995701201 45.0523064234 45.7157672024 45.7450146592 46.1033893975 46.3920537923
0 46.0478576357 45.5160547631 45.5407371101 45.990996767 45.4760630872 45.7818242132 45.442640194 46.2047179828 45.4233152989 45.6677479958 45.8782887778 46.3427221825 45.9443803397 46.2182045798 45.201947054 46.2684971732 45.0108387256 45.5515288831 45.2126003253 46.2368797864 46.202556169 45.0601066032 45.3673978637 46.136172518 45.4527040681 46.322460156 45.9607754832 46.2922628656 65.2137193704 61.9642998362 55.2378335821 45.0018770164 45.5311028761 45.3298777828 45.725530018 45.9995852687 45.4772439796 45.7827727334 45.5871593262 45.3257900026 46.1170190743 45.8531493824 45.2349733498 45.3706788277 45.0970885784 46.3817490201 45.7239799353 45.2605208168 45.7498675963 45.4084652632 45.1338977054 45.3203867847 46.3513632328 46.1145929118 45.2157735409 46.1641002663
45.3624477059 46.1423444349 46.0345410122 45.3837349693 45.8027184939 45.0514615798 46.0136023064 45.5857326949 45.3388574568 46.0454154487 46.2415677897 46.199122605 45.376580572 45.2219348338 45.8097988811 45.0298710763 45.8205525657 45.4066296382 46.1491581321 46.1349883366 45.3554471859 45.8373439497 45.1316334559 45.5039693892 46.0028658105 46.0614382271 45.3432643908 45.9394273604 46.39213184 45.9204937094 45.4001797156 45.9146271528 45.3892341167 46.2274194675 46.0344555224 46.1311688469 45.1152147542 46.2979971592 45.1790429923 45.061268793 45.7732819691 45.682481399 46.3406911789 46.0806340491 45.1129300458 46.1898614977 45.3974582888 45.2708215542 46.2189063661 46.0042860708 45.0599917211 45.9296111187 46.0225018808 45.4069341141 45.1644954039 45.5861853126 46.3958352381
45.6354187736 46.0913978985 45.5056074712 46.1804600365 45.975258615 46.2175674545 45.8456302267 45.3081928224 46.3583816925 45.0805624786 45.7668173415 46.0008250273 45.9562012306 45.3404048006 45.5267582947 45.9558711578 45.2951781979 45.8340543804 45.1354360035 45.0429037599 45.2886225932 45.3735672719 45.4936166312 45.0844634573 46.1585336165 45.5228029578 45.1700639394 45.6215617939 46.1691828913 46.3887866862 45.9673837838 45.1427477885 46.1123114054 46.1178711931 45.3787730196 45.5285027692 46.0383972368 46.1554126903 45.2418330227 46.0336935497 45.3730740068 45.7841191469 45.8789990209 45.5250881634 46.3034828099 45.3158396777 45.0426634299 45.4898283435 45.1939130435 46.1993228715 46.1591313382 45.3184429604 46.0871199438 46.2897224897 45.1555625236 45.9886485705 45.7089442126
45.8730811195 46.0079506738 45.9064330819 45.5144707165 46.3982345148 45.6812539773 46.2124592063 45.7903636992 45.7451484951 46.3336730676 45.9485893981 45.0006731288 45.8050437551 45.4258034551 45.0157800686 45.7822281146 45.7300910216 46.2300820682 45.9740939195 45.9269625466 46.3247454155 45.0681007043 45.392600973 45.0127506799 45.2232262402 46.0717205578 45.8622569743 45.6092095907 45.0671004309 46.3716162475 46.3438444784 46.4062835737 45.3751551218 45.6471899335 45.2613841453 45.6288161325 45.0513092931 45.7814306411 46.2562235994 46.2549695263 45.6541236794 45.4892538978 45.9713308645 45.0038594525 45.3027002727 45.5145282628 45.3063010948 45.5105670552 46.0734630756 45.9855436379 45.403679053 45.5576415018 45.9535326616 45.0602884428 45.4245504798 45.2339218946 45.728679524
45.3981308226 46.2455263892 45.5915625117 46.0242524932 45.9870862046 45.9661180564 46.1062426747 45.8557273777 45.5666496587 45.989950328 45.1482770941 45.2322263099 45.827266135 45.254695651 45.3184914974 45.9295064895 45.2136087953 46.2531583416 45.382882153 45.320666564 45.37777011 45.6476961073 46.2562809548 46.2173363413 45.8649575994 45.0456073948 45.641462035 45.6347521034 45.3450971618 45.6054676758 45.3011858163 45.5516023493 45.0669693463 46.257257957 45.4288879382 46.3497060697 45.4151469885 45.0451297285 45.1650866407 45.669391919 45.6004403582 45.2333360821 45.196406498 46.3539450174 46.2104419201 45.8218949757 45.9864389787 45.3172718799 46.0364079188 45.8929033235 45.1891357076 46.1950939134 45.6056998818 45.4469870114 45.7934332473 46.2912404553 45.0446643987
45.870458999 45.5092786621 46.2653868756 46.1578149543 45.6604747175 45.1165603895 45.3986913713 46.3703353888 46.1311789117 45.0177047893 45.8551956149 46.0269682519 45.6057345746 46.0327839565 45.8032343108 45.9403679347 45.1193739298 46.0822115109 45.5733829259 45.3830199572 45.9215435441 46.1339437212 45.5145960655 45.559235443 45.1361442093 45.5597201359 45.633062956 46.3869688042 45.7865661191 45.5309481361 45.7783221819 45.2877951547 45.9104288282 46.3917079709 46.17968106 45.9724474182 46.2732567165 45.0605851662 45.9618749989 45.0048434204 45.1796288418 45.3865091899 45.4941861144 46.1942304114 45.0387230236 45.2728995089 45.8216330769 46.1104970482 46.275792779 45.238726171 63.7466914199 45.0048743149 45.3318377379 46.2204212759 45.8364156342 45.0471505982 45.7870794794
