Spatial_Output/DEC/DEC_0994.asc
NCOLS 155
NROWS 192
XLLCORNER 196307.867259
YLLCORNER 449144.565805
CELLSIZE 33.573938
NODATA_VALUE NaN
[rows 52 to 77 of 192, columns 0 to 56 of 155]
23.9793417701 25.3744397884 24.3281105312 23.9958804891 23.8823844407 23.7491530496 24.0359194308 24.6521467807 24.6946324867 25.4119875292 23.9896554633 23.658320008 24.8262375577 23.5149575153 23.7150080559 24.382545245 24.3589544339 24.4565151467 23.8254301773 23.9235500752 25.6064952784 25.5840525128 23.9674694411 25.3805175356 23.751191874 24.6644535133 24.4267615511 25.0480403605 24.8686740057 24.0454347594 25.6038812695 24.3831874872 24.3823070009 23.8577895446 23.589040496 25.0358862246 24.0953675909 25.0468611686 23.920460815 23.6286118264 25.312759867 23.7575092495 25.0388211435 23.6064367301 25.0082775882 23.5765782069 24.2821350294 23.7396992917 23.9138310826 24.6562087099 25.0272842299 25.5309658569 24.0574545829 24.0823992831 24.8878214227 24.402362821 23.7764082414
25.5163174792 23.5886908066 25.1875963142 23.7919836247 23.7344442095 23.7748957909 23.9962971984 23.8878699485 24.0573689327 24.5986951297 23.9796488373 24.1701644385 25.2823178932 24.7804133934 25.0163887471 25.132089779 23.7541611969 25.6137923041 24.0618192757 24.920747247 24.3680529819 24.0160264264 25.301041352 24.63190281 25.3587094536 24.548619146 25.0513139473 25.5076154655 24.8236845759 23.8077414906 24.68069926 25.6182944227 25.2556564554 24.3924452355 24.1405532758 25.1805053239 24.3590175244 25.3313885573 25.2845729016 24.2145875439 23.847954016 25.6202686086 24.0191737451 25.0569746065 24.6286480144 23.8862533506 25.2218252943 23.8236422707 24.2587338882 25.0740955505 24.3060725797 25.5747265419 23.5038334742 23.5469734341 24.1760915577 24.7058711615 23.6840216942
24.325319921 23.8878379985 23.8974323072 24.9266881939 24.3801097627 23.7967798556 24.1816023678 24.369117269 23.9561857641 24.9069927812 25.1190833228 25.490424111 23.7464385132 25.2355167793 23.7998110389 24.8785222471 25.0809835048 24.423107619 23.6672723873 25.2222085588 24.3372802493 24.0057171922 23.9158204961 24.3807266347 24.1555352154 24.305469483 23.729610362 23.5162889531 23.9590030097 23.8462912122 24.5080312588 24.2611263392 25.2051555164 25.3571350665 23.8449732683 24.5209879328 25.0207711573 24.6634621907 24.3122474745 24.3641655546 25.0784876176 25.008273608 23.9235809592 23.6884718056 23.5950962335 24.3887014677 24.5575687413 24.9100440025 24.3743814285 25.4065957153 23.8425669935 24.0598034734 23.6188970069 24.238847813 24.3756328441 25.5857683347 24.766275578
0 25.1199698426 25.4592596857 23.9072602969 24.9314899831 25.3818305224 24.671309032 24.390387182 24.2911507541 24.5872835318 24.4927961283 25.3296986838 23.7901364717 25.4866344352 25.5758986093 23.9737728482 23.8889803412 23.7875061618 25.1656859046 24.349398232 24.1869584796 24.9051661443 24.6724064324 25.4227866733 25.0812225127 24.5985997369 25.0509209507 23.6047179219 23.8633666692 23.7499620512 23.5377134715 23.7099364768 25.034344357 25.2543903971 24.9883836788 25.3648533495 24.5215264987 25.5038840331 23.6176359947 25.479060074 25.5236251366 24.2466984552 23.6017322558 24.145205157 23.7579620421 25.2814769253 23.6620267639 25.3986388003 25.5443583564 23.8650715077 24.0333420526 24.7208265158 24.3123558409 25.2061291613 23.5792036757 25.4498290387 25.507425171
0 0 23.5013971488 25.16427794 25.6068010572 25.3273244116 24.4537547032 23.8731300232 24.0310184997 25.4630812099 23.5074721023 23.5885993463 25.0368681848 24.0776337145 23.6475436936 23.5859447564 24.4052654332 24.3339143141 25.2468321306 24.2503242625 23.6993964612 24.3149392738 25.5588322465 24.9948337528 25.4086671014 24.3996634592 24.0048215027 23.7378072434 23.8605434469 25.4834895577 23.6482832101 25.0832287964 23.5236518147 24.6914480646 24.6546555147 24.3090329535 25.5330037009 25.1791736237 24.3055323265 23.6848837153 23.6982052128 24.4999364697 23.8748100554 24.0087244678 24.7311733903 24.3374108381 24.2009762641 24.4254092777 24.2808017906 24.536764604 24.6678785794 25.4540664448 24.670083136 23.9639317113 24.5811163001 25.2159253463 24.3672816405
0 0 0 25.4933115331 25.1492054185 24.7053958983 24.8733313451 25.2103809714 23.5733309792 23.6033292315 25.0634351354 23.8771349214 24.6796670779 25.0328336504 24.7734951205 24.097574216 24.9838701367 24.7638925883 25.1630631552 24.9015341389 23.8670472757 25.0340664118 25.256656474 24.1720646334 25.3209680737 24.4904435531 24.6724863008 23.6436823236 25.3668552769 24.9625897363 24.3613838986 24.3532479451 24.8487552376 24.7303695592 24.879992846 24.6883118053 23.9122354253 25.0125813719 23.6182691184 24.0805456404 24.9934759734 24.6832540453 25.4145841656 24.2255360352 25.4900797977 25.5060803938 24.3887706 25.3244226269 24.1967715936 23.7797653149 23.5781756221 24.9191711671 24.4593367279 24.028636815 23.7216242189 24.6417480362 23.7705135652
0 0 0 0 23.9444842038 23.9912600727 24.4165145816 24.4929284024 24.819511385 24.3973805997 24.2255180468 23.7429027768 24.0390507978 23.9259308593 23.7416844711 23.505119685 24.1717527806 23.8860155717 23.7377150071 24.6287748658 25.5264536731 24.3516326429 24.8563690088 24.0601994598 23.6098742271 24.8353532269 25.0716390521 25.6013022279 24.829285065 23.5331904097 25.3112637479 23.7329032751 23.8525952479 24.095585588 24.8925281631 23.8652290537 23.8792281914 24.6309732521 24.3313657815 24.8149409447 23.8745799027 23.5474370344 23.5149034605 24.0144042786 23.7113634772 25.161676231 25.139717174 23.840116469 24.9170375831 25.1146485017 24.4344437296 25.0000105235 25.198885335 25.4098717452 24.6425132435 24.0289190294 25.1947194711
0 0 0 0 25.4755439712 24.2721814711 23.7776544236 24.2199592754 25.2262018154 25.1318169777 25.1469811396 25.2551610147 24.8081297628 25.3509567345 24.8564912191 24.7653415888 23.6306899301 23.8781279406 25.5196955722 25.3018295942 24.5854522612 25.3881261069 24.7996445499 25.3480924001 25.4725049986 23.6011299672 23.8473457642 24.1551002805 24.0389155786 24.2111029491 25.587709829 24.5497690329 23.5891165082 25.1112202824 24.249219165 23.6745857738 23.8436039679 24.6934815761 24.0456628809 24.3871176431 25.1207190713 25.2297102375 24.5446673199 24.9956944631 24.6066988439 24.2507126605 24.7293435087 25.089578404 25.0596263189 24.6860404227 24.6121378354 24.688827823 24.4102010787 24.0378693584 23.5285569899 24.4602879788 24.1512893018
0 0 0 0 0 25.3681615825 24.0913640441 23.752415564 25.5517365725 23.779601018 24.9239904295 25.2258509162 23.6676788142 24.7679223929 24.7372927746 25.6082797253 24.1081364581 25.4631683744 23.7028302166 23.8799153341 23.5384766484 24.0551526034 25.1882136505 24.1850343353 25.1305197569 25.2345047964 23.7751235144 23.9808091045 23.8407789629 23.6923471798 23.9224538332 24.1622230637 24.3596468391 24.2597946266 24.6911020879 25.381862901 24.4384406885 25.4065528949 25.505226382 25.3554157013 25.0633845394 24.2477296919 23.7455955591 24.618744915 25.1776360467 24.3805823761 24.9511798972 24.6294850134 24.2010942588 23.9429618857 24.130978652 25.3380787646 23.6985141913 24.3292735999 24.5846443067 23.7163299778 23.7635517187
0 0 0 0 0 23.5422097274 24.5732314776 25.1470053652 24.0052200522 24.7397130922 25.0614688975 23.6628589692 24.9944936234 23.8989974484 23.7797807311 23.5964218993 24.5249152011 23.8226151255 23.704560565 25.3473273164 24.172334561 24.1469157399 25.148593269 24.8933357531 23.5534117786 24.13775692 25.4829700957 23.6470139459 23.6489561076 24.0066941476 25.4996068326 25.3224060364 23.9262680804 23.9440200391 25.5560345762 24.2169844774 25.3242799402 24.9246448225 25.304339615 25.3902483314 24.0859700941 24.6738874604 24.7305707483 23.8861178041 24.4244323144 24.2875371072 24.6262904539 25.0223556507 25.1657127379 24.5648739243 24.6665752781 23.5135432085 24.994069149 24.2877894935 24.5747830302 25.0561920246 24.6043897816
0 0 0 0 0 24.9503141652 24.8649485735 23.8731346471 24.218773495 23.5933259826 24.0458619079 24.2782275686 25.4288214983 24.0831202187 24.4746596991 24.1336719878 23.8703417268 24.0577472511 25.6039084892 23.6647329604 24.0846866738 24.9278282521 23.9539580429 25.3366616537 24.7556967047 23.8417185889 24.6716722612 23.8710924755 24.7013168066 24.6301020551 25.5916843782 23.6942327182 24.6725254632 23.5755989935 25.0159698866 23.5188376888 24.6321008444 25.3068384579 25.3519451949 23.7443532323 25.6073604514 25.2830820618 24.2008682337 24.7142624528 24.8371395521 25.4738879845 23.8651176261 24.3310377908 23.8041574945 24.0789702747 24.5787719822 23.7699882736 24.678163546 24.431098812 25.0407908572 24.4824320843 25.4869823996
0 0 0 0 0 0 25.23033632 24.1878350526 25.0725840295 23.8085592053 23.7745706428 24.0824684535 25.2031992096 25.6138116724 24.7810600762 25.5837838945 24.817613022 24.2874367796 23.6969367401 25.4925004028 25.1448884091 24.3647772128 25.2793299147 24.2395494557 23.9229220591 24.4722359957 24.8025574901 24.1011925175 23.5196279963 25.411712809 24.5781330721 24.9316188078 24.879007819 24.0204471615 25.5350188807 24.5306379479 23.8778104084 23.7327981475 24.0421305137 25.600401308 25.2538760014 24.7734149125 24.0303383041 24.1774151254 24.1572718207 24.0329236582 25.1900625131 24.0653435968 23.5476644451 23.9699446718 25.0968582307 24.5276359111 24.3155803114 24.7429033593 24.2324108067 24.0095980192 24.6811327752
0 0 0 0 0 0 0 24.5740668583 25.4005407901 24.5552720985 25.3084604383 24.0048537939 24.2689578474 24.657451709 25.1906584768 23.6097216077 25.4783164661 25.4018398444 24.3503897395 24.8318259964 24.3565686907 24.1427565248 25.5503219975 24.6485471969 25.4776201402 24.6294571327 23.5390424418 25.2815916848 25.4296942818 23.6771673427 25.0473601727 25.4160852605 25.3146714505 23.6516323775 23.6050039731 23.5245845872 25.1457923591 23.7196078038 25.4223466582 24.8993609061 24.0305493685 23.6746269899 24.8729163953 23.6186953226 24.5961060137 24.8846669013 25.0816424576 23.8708752795 23.8781221049 25.3995965379 25.1505196583 25.0958831211 25.099310375 23.6668465931 24.3531486294 24.7781291982 24.4245485338
0 0 0 0 0 0 0 0 23.7285217847 25.3498980268 24.0224269363 25.2828935099 25.2392462825 24.0840269066 24.6115813702 23.955032257 24.5897866527 24.9517038731 25.4221475749 23.590670625 23.7847591948 24.693548094 25.3225909261 24.1187204261 25.1858845146 23.521070526 25.5830727948 25.1352474791 24.1414228543 24.3669230382 23.9356075676 24.3438989675 24.7376774025 24.0918199544 25.2713820119 25.3956130745 23.7363132594 24.7148582339 23.7241361799 24.5444697511 24.044944748 24.9544830058 25.5270124447 24.3448435279 24.8273246361 24.5621632017 24.211990651 23.5959298909 24.4026902221 24.4287442508 24.6498961704 24.1804172145 25.2350908303 25.5809472943 24.6581021076 24.9996423084 23.7765749066
0 0 0 0 0 0 0 0 0 0 24.5599433874 24.9544707164 24.074055444 23.5285251569 25.1417762628 23.9807272173 23.5424192474 25.482821699 25.3804840744 24.2706050284 25.5800560099 24.0530171139 24.665340008 25.2649316094 25.3320011212 24.1132691653 24.3668983959 24.6661626569 24.6831339759 23.9830915175 23.640390987 25.3447331281 24.5764049522 23.7328456873 25.1393486355 24.2064880194 25.5822438964 23.5085557225 24.2733615814 23.6314599751 24.8894087978 23.9261373709 24.6453521065 23.9606752567 25.1814804663 24.1722389523 24.7031122464 23.8618412839 23.8980060562 23.5083539732 24.4796870972 24.4618957704 23.7306219219 23.8052581106 25.5680691321 24.8806713256 23.8109271099
0 0 0 0 0 0 0 0 0 0 0 25.4718252456 23.6398870957 25.3153994906 24.1244345551 24.3629928071 23.6646603191 25.590166011 24.1111849795 24.5571496194 24.4413594169 25.3015316256 24.6514783517 24.2478058005 25.1318477169 24.6559679612 23.5935946316 24.2026865114 25.2409568176 24.6375134873 23.7325251435 23.9261210099 24.2797281842 25.176234433 25.4780411155 24.8449232797 24.0065502316 23.9445131152 24.6547498957 23.7211197925 23.8025785682 23.5030355234 25.0742987423 23.9343497592 25.237614179 25.6096458765 24.0607394546 24.9285548264 24.7832011884 24.1141879364 23.6557501553 24.807267655 25.172141268 24.539750123 24.1011609759 24.0967632947 24.3951150659
0 0 0 0 0 0 0 0 0 24.4215357298 24.5862259834 24.2041252513 23.99173062 24.6352855722 23.6213206881 24.5299429116 25.5178561989 25.5914362965 25.4050006451 24.2794535939 24.0056001075 24.6612640123 24.1164171383 24.5103453602 24.7448643161 24.1416589212 25.3600811436 25.2181376802 24.9598320133 24.9810837797 25.586635158 24.74050433 23.5638427615 24.843593668 23.7003092021 24.5443433755 23.7915445379 24.3386269169 25.1504675189 24.9294524523 25.1815770112 24.0398847544 24.3896690914 24.2220114657 23.8784904235 23.6295391441 23.7441996488 24.5309480214 23.6242730639 25.3821028742 24.347521334 24.2041360081 24.1884381374 23.5698111151 24.280526151 25.0160618913 25.2659425763
0 0 0 0 0 0 0 0 0 25.3271902269 25.0249473019 25.5112134607 24.6750504357 24.269326647 25.610756841 24.7917384864 23.8752543726 24.1072129396 25.5651884246 25.0386581347 24.4000777999 24.1335396218 24.051191892 24.993183015 23.6464690921 24.904954672 24.1117141246 23.7731119442 24.3129776864 24.2077766747 24.384973695 23.5371533133 24.4533764941 25.2544328557 24.5725687288 24.3437483248 23.5503772075 24.942658324 23.6946097486 25.5544641206 23.5281642836 24.8254780581 24.6520204085 23.8831294448 23.8201288874 25.0770349157 24.0166337074 23.7117238822 23.8195387207 25.0132231541 25.1963918607 23.7626924545 25.4310823979 23.62308324 24.5439154363 24.6547437507 24.695046647
0 0 0 0 0 0 0 0 0 25.5217050999 23.96722624 24.1801549952 24.3766778042 24.658553681 23.9948070642 24.9116164596 24.5575584713 24.4589056644 24.3333390808 23.6305987419 25.2878355768 24.5030962333 25.5127503038 24.897322282 24.2685459125 25.4631063478 23.8028450881 25.0621291563 24.2544798061 24.1728112898 25.474235202 24.7658396504 25.5460559231 23.9130056582 25.5743744003 23.931847025 24.3415857586 25.0067874472 23.5157021563 25.3024752016 24.3453997806 23.7371030635 25.5516350673 23.7221772669 24.3169650762 24.434839179 24.7723156071 25.1066670645 24.8830763319 24.5120646947 23.5042329598 25.2990104208 25.0318448214 23.9780991791 24.3654524401 24.7176312484 25.2543064198
0 0 0 0 0 0 0 0 0 23.6263837531 23.8657384052 23.9058402506 24.2115856059 24.0262691598 24.6610076122 23.7160861833 23.6558424067 24.2064345801 25.3190685592 24.7961917236 25.4071848602 24.2966993743 23.9210929715 23.9108251863 23.5127658452 24.5752351372 24.051606159 25.2417122286 24.1928225734 24.4499080838 25.4825881886 25.2991971608 24.8103608287 25.0153856754 25.1795271553 24.5659214436 24.8018255259 25.3990740961 25.5125962594 23.8774226182 25.0960774772 25.3955937054 25.4919264632 23.6962323999 24.3873605401 25.5442877164 24.0115404792 25.2967407013 25.1129615183 23.5790310323 25.5178504252 24.2845815355 24.4057772901 23.827338451 24.4772996145 23.9843473785 24.1210053225
0 0 0 0 0 0 0 0 0 25.5128034031 24.4364911494 24.1577021977 24.193324265 23.8198444641 24.7781778302 24.081765264 23.9676602892 23.8794789383 24.5537774206 23.8820787468 24.1076283186 24.2798478258 24.8888525783 25.0690862037 24.9127999645 23.962186519 24.2202848402 24.5731738304 24.7353782759 24.486009471 25.1081304351 23.6666565842 24.8818427609 23.6087011195 24.8902967189 24.7145139438 25.3658257875 25.2634367711 23.7728705834 24.7981663147 23.5064530494 24.3996248103 23.9146018844 24.2816998461 23.7619527468 23.5574926793 24.3156597949 23.9903695987 23.999521038 24.6696959353 25.2608916544 24.309821008 23.7165653286 23.9707179484 24.8164329309 24.8660211509 23.6759328585
0 0 0 0 0 0 0 0 0 25.2743458016 24.0130182276 25.0378902935 25.2276015234 24.0634363777 23.8465909904 25.394090852 24.4187789635 24.4958334875 24.3772398116 23.5972016911 23.8114549891 24.051561004 24.2499151073 24.0373065288 24.8554884 24.9755222108 25.0327806723 25.2306234102 24.2295734009 24.5947514932 23.5026766451 24.4570578077 25.33083503 25.104118505 25.1973088141 24.540064381 25.0248107393 23.6031128196 24.8203856982 24.5083451869 25.1018801898 25.5251012798 24.7397990187 23.7436211999 24.2740439831 24.4354228008 25.3339983947 24.1165887316 24.7873743476 25.4902428383 24.5365292475 25.5205229147 23.6358199657 24.3740123107 24.3615275183 24.7277282099 24.3762248723
0 0 0 0 0 0 0 0 0 0 24.5288874986 24.661408903 24.1416298837 23.7680693597 25.3481672672 24.4966921053 23.5305163534 24.8790741778 23.7171601116 25.0669622101 24.4564445022 24.6276440667 25.51069618 23.9066245303 25.5720103876 24.0669033751 25.2160830075 23.7520252853 24.3094012797 23.627088055 24.4920567182 25.5118717429 23.5318172848 24.174611491 24.5341567277 24.8405654068 24.1523563559 24.8097711468 24.8571687742 24.7854889526 24.7203967637 24.1835533567 25.18431569 24.1749577072 25.4145317774 23.7181034381 23.5541578658 24.0858907792 24.3282878877 25.5664670318 25.3559407959 24.5266974946 24.0186798438 24.9725852782 24.1162821797 24.909283843 23.5516053776
0 0 0 0 0 0 0 0 0 0 0 0 24.6699483411 24.7778062129 23.7485489119 25.2680521264 25.0824244807 24.9228794587 24.145257281 25.2672642315 23.5854702085 25.1359541746 24.3248163331 25.3525301477 23.5782409128 24.8581949413 24.748309989 24.1619076435 24.6521268784 24.032161241 25.1120241491 23.6936607927 23.7065770073 24.6852394411 23.7341312348 25.358246938 25.2485220532 25.1023423936 24.4792233567 23.7064674018 25.0770269951 25.2789931184 23.6589080812 24.0305324654 24.1958288813 25.4643648522 24.0950214859 24.8549395429 24.5604494886 24.7237767485 25.4590175418 24.8745220511 23.8922130086 24.1472788185 24.0263784675 25.5762599566 24.110815477
0 0 0 0 0 0 0 0 0 0 0 0 25.5304455388 23.5006690632 23.6599552452 24.4274496828 24.1391975643 24.9421691318 25.0979653454 23.6133333941 25.510264724 24.2887673738 24.7178722211 23.9029278709 24.5964475772 24.6216346827 24.3941659433 24.9614019513 23.7444832464 24.6286821339 23.927956186 24.4461530525 24.2646949729 23.703791484 23.6290068979 24.5541832374 23.9351490239 24.7923471024 25.0106664968 24.7223363677 23.9880674201 23.8098692313 24.6513186887 25.2013390001 25.119088398 23.980817404 25.2457891477 23.6240441849 25.4320305929 23.8320366702 23.8733393716 24.6610019018 23.6975790266 24.0894289477 24.4834884393 24.1949067204 25.444589043
0 0 0 0 0 0 0 0 0 0 0 0 24.8275864702 24.4271913904 23.7164114922 25.3019124428 23.9165314308 25.23552437 25.0121714879 24.7908795393 25.2541062264 24.062278149 24.4229688157 25.2096323227 24.348157478 24.8369294424 24.723858416 23.8339004263 24.9683540458 25.4518368253 23.9386820468 24.9419358558 25.0588500328 24.7376149905 25.6057347813 24.7239335237 24.6757099477 24.0630762029 24.3350195354 24.1420733459 25.3328545792 25.0951065876 24.9306356933 23.6965257132 24.854402214 23.5786799044 25.4896606954 25.2287747248 25.5495746707 25.5544754759 23.6421961196 25.2938574886 23.5764107066 25.1976182394 25.3738463135 24.978054644 25.3768567712
