Spatial_Output/DEC/DEC_0167.asc
NCOLS 155
NROWS 192
XLLCORNER 196307.867259
YLLCORNER 449144.565805
CELLSIZE 33.573938
NODATA_VALUE NaN
[rows 26 to 51 of 192, columns 57 to 113 of 155]
44.7047794056 45.0117173441 44.6661789886 44.9722806102 45.1354363392 45.1759731388 44.8351473485 44.5608432607 44.5605287312 45.0384812857 44.5801196531 45.2026996492 44.8992301908 44.5572452392 44.7664378057 44.9963085189 44.5791564656 44.707257847 45.025965109 45.0637123049 44.5862195854 44.5323862161 45.00455431 44.9904645784 44.9867659281 44.9889943851 0 0 0 0 0 44.557996619 44.7026958399 45.0104496672 44.6540841373 44.6642672179 0 0 0 0 44.8312691272 44.8795670336 45.135145229 44.9034302356 44.5636221826 45.1552179651 44.5801219064 44.8277508992 45.0676990187 44.640604735 44.7105833038 45.0195537262 44.9292279965 44.9263263537 44.9097304953 44.8607830642 44.8786389241
44.5360301473 44.6782688482 45.100212997 45.1256706465 44.9906949181 44.915007459 44.9444502707 45.1894211559 45.0592032911 44.7193725769 44.7217118844 45.0179944764 44.9572751167 45.1241377401 45.0233605853 44.7190314899 45.0230620768 44.9867205071 45.1629911399 44.5101155576 44.6565270419 45.1991624008 45.0705112505 44.5369844704 44.7637958266 44.9839821829 44.9349085152 44.8351919276 45.1158946906 44.8059166584 44.559997021 44.9867648726 44.9233954732 44.5971703205 44.6963645544 44.7973318274 44.6762506541 45.1140684168 0 44.6918895501 45.0382930112 45.0945728716 44.9896899296 45.0091310733 45.1704330908 44.5934452678 44.7518077719 44.6748911632 44.5467198665 44.9338456178 44.5166504539 44.9425531984 44.7789310166 44.8178052682 44.8088318757 44.5953670447 45.1090135264
44.5317928013 45.0664146571 45.0766824959 44.7210817645 45.1254371968 44.9094549455 44.5363971653 44.5984424323 44.7798365746 45.1485647801 45.1683269896 44.6745142223 44.9578416026 45.0685804283 45.1222374563 44.5471704889 45.1677989445 45.1383211826 45.0377735869 44.6876502298 44.6114859418 44.5813836844 44.9727632293 44.6043936585 44.5517190423 45.0957766295 44.997125313 44.6544329194 44.8897817491 44.8965367681 45.0101785284 44.8215954293 45.1144173129 44.8287448991 44.7488969543 44.6232980259 44.5582346091 44.9097695643 44.9529720892 44.7152736951 44.7244060718 44.9103111217 45.0117223428 44.714829241 44.6012934893 44.7195551278 44.7830862848 44.5891819053 44.8693994133 44.8019199959 44.7026776479 44.6915352337 44.5628947829 44.7134353059 45.1410755943 44.592712229 45.0497847005
44.6627263726 45.0064925148 44.9662228787 45.1676410018 44.9499117242 44.6103354473 44.5214289234 44.8082842097 45.1933200527 44.8842630039 45.1251368596 44.799340509 44.8805709926 45.0398802186 44.5606171809 44.787379898 45.0219527106 44.9866243266 45.0650044391 44.5502013012 45.091229102 44.9355835114 44.9715437492 44.7518709086 44.6132514161 45.2039421963 45.026750234 44.5822529036 45.1476469763 44.6475163145 45.0056489857 44.5616560335 44.6376898482 44.9321246134 44.7808933993 45.0212737029 44.8312231081 44.7697926223 44.6976792664 44.6763595523 44.7556935141 44.5828157931 44.879669039 44.5487790109 45.0311939801 44.8698044767 44.6089498834 44.9984090586 45.1277877325 45.0042373354 44.6704140231 44.8577428841 45.1915249762 44.9630897522 45.0170076282 44.5126139852 44.9661253309
44.9858595514 44.8337035322 45.1579752054 44.5565897012 45.1591443229 44.9136977816 44.8476952159 45.0260270778 44.8629787414 45.1755165217 44.925011305 44.9245171129 45.1391463346 44.5982987116 45.0080459198 44.8782890205 45.1074449919 44.9215131479 44.7376460367 45.2003932674 45.0341543436 44.9236147667 44.7932854868 45.0948872339 44.6837043913 45.1481363566 45.108252639 45.0874880882 44.9358984873 44.7828174332 44.7239634639 44.9395823581 45.1429628564 44.5178096174 44.6847999046 45.1644642909 44.8040467306 44.5040999649 44.8656338364 44.8204852526 44.8037178118 45.1208718271 44.5790558631 44.6800694435 44.6769830467 44.7280215165 45.0149249415 45.0143441408 44.5392404555 44.5721669841 45.1290249658 44.652178866 45.0988295485 44.7378206208 44.8068569311 44.8749660397 45.0945609717
45.1798866147 44.9543821739 44.600722846 45.1229769511 45.1649922541 44.9564711705 45.1802585139 44.6451905485 44.782768076 44.8105583179 45.0744393374 44.9043167747 44.9244894456 44.8112932803 44.5102896011 45.1070389756 45.056960454 45.0295964748 44.6965820405 44.7498928858 44.9536237591 45.1991714588 44.9425116695 44.859977801 45.0367098577 44.6353726962 44.5089205207 44.5679342886 44.9499352181 45.0838188743 44.8631218355 44.7397082189 44.8214605333 45.0699345906 45.0214809824 44.589668901 45.0582104634 44.9287696089 45.1255353944 45.1920409156 44.5255129337 44.5966238375 44.9004385653 44.7653637129 44.5629425503 44.5889081048 44.7511328672 45.0011214217 44.6275974252 44.8905771505 44.8140482456 44.613277509 45.0076970617 44.8466550611 44.6446239463 44.9071316504 44.7328641628
45.1949008513 45.1504433106 44.5866269604 44.5438442738 44.5027951771 44.5312933571 44.6475243124 44.5024221802 44.8981342405 44.5783297841 44.9317342565 44.9660299994 44.904530236 44.7231769141 45.1896116535 45.1235443512 44.6214181729 45.1218420282 44.6195195449 44.8910502736 44.5765289176 44.5133460505 44.5842763459 44.7656454587 44.6730791132 45.0762866636 44.9608835514 44.6476445811 44.587208518 45.1697584915 45.0021026809 45.0345127589 44.6518233742 44.569512031 44.5158009944 44.9474982691 44.8801401385 44.6632334537 45.0448900738 44.506380744 45.2064818754 45.1750005888 44.6123817103 45.0318391794 45.142915316 44.5893259593 44.5900894953 44.5359049689 44.698930663 44.7074499665 44.5585868276 45.1982988144 45.1327184788 45.0085663489 44.864198199 45.0052475553 44.6002006883
45.065804089 44.7092863338 44.7325743819 45.1470456697 44.5967147325 44.7665494409 44.5937711622 44.8117391231 45.0113790473 45.1386883166 44.5409065073 44.8017681219 44.514915388 44.9328063616 45.110132608 45.1086360268 45.1104280857 44.6674433481 44.7303663954 44.5865634545 44.921101988 44.7451975016 44.9006234102 44.6855488808 44.8937057608 45.0042237431 44.7450322888 44.8294101235 44.987913983 44.9756503352 44.8767958169 45.0249351103 44.9180017441 44.723981518 44.5514853634 45.1090069169 45.117968646 44.65067032 45.0463198928 44.860259465 44.7694556905 45.008317465 45.1405287178 44.6772676619 44.9234922869 45.1915901085 44.8335525754 44.8378704979 45.0849086428 44.9460886652 44.8958228383 44.5387071396 44.7786731514 44.6534741587 44.8180064587 45.192409883 44.6381797981
44.7297417252 44.7029144208 44.7331792852 45.1546713102 44.5759888853 44.7119245335 44.6276473048 45.169057384 45.1989044968 44.7519071644 45.035542945 44.6639829337 44.7141385934 44.82113833 44.5382045357 45.1390709634 44.9542631326 44.7129200189 44.7463252353 44.8524240635 45.0523795723 44.8280597959 45.0565444345 44.8032483239 44.9510384201 44.5662511288 45.1875122579 44.5693681402 44.5052306785 45.193291731 45.0479027888 44.6311918768 44.7292862075 45.2022428091 45.0747226595 45.1110311547 45.0656149955 44.7040947052 44.9806070168 44.8351160706 44.6919776661 44.7144122074 45.0580571254 44.8978459245 44.6429420531 44.8752214863 45.1406404058 44.6260263357 45.0480976342 44.5220076422 44.5321380842 44.5974773109 44.7718463051 44.7201322107 44.7252828074 44.5526609905 44.874548456
44.5425573463 45.0853445569 44.8972068141 44.6136403114 44.7731725819 44.84178368 44.5026236759 44.8061732958 45.0618123909 45.0307929017 45.1229278705 45.1953404822 45.0163087474 44.963936043 45.0383328543 45.1359548835 44.784359671 45.0198227706 44.6917409288 45.1505865605 44.7575013605 45.0209976373 44.7694098752 44.6694348445 45.1604944493 44.7803934773 44.8041735594 44.7948708649 44.8323734883 44.8036504202 44.9979735708 44.7030948123 44.9292409737 45.1631597567 45.1237185234 44.7334222328 44.8019899626 44.6110240852 45.2025230931 45.0867717987 45.0847859391 45.0406927883 44.9370008669 44.5424590948 44.7694013114 44.9289865848 45.1614654973 44.764733292 44.7777912904 45.1070945158 44.8128406783 44.8300631992 44.9238451522 44.5767694631 44.7922846394 44.6744025589 44.8361065648
44.8040418106 44.8328890975 45.1731483572 45.1451253034 44.8920627226 44.5481385269 44.6312311208 44.6497096333 44.686430976 44.6197593083 44.5840675003 45.142940011 45.131044438 44.8236429658 45.0615581107 44.8572982573 44.758575753 44.9343294758 44.9398848958 45.1420011386 45.0096362934 45.0021314984 44.7632876789 45.1173999262 44.6127392138 44.915111014 44.6630777691 45.1196272881 44.5772534401 44.7574160918 44.8889669236 44.6556923217 44.9714929241 44.5397934281 44.8548532227 44.8939928289 44.6165400473 45.1155492828 44.977529715 45.0930662552 44.9810015584 44.5989317789 44.5118993433 45.0604740872 44.7097190486 45.1379987068 44.6569451346 45.2030971601 44.8490505717 45.101049424 44.9844495332 45.1996064965 45.084794151 45.1715012237 44.9020099653 45.0780350645 45.0891843552
44.8954705412 44.9899024852 44.9367920259 45.0445908406 45.1789250056 45.0281935894 44.8833539074 44.5545738179 44.9815033829 45.0291931059 44.5885205372 44.6754805679 44.7065675412 45.0440029204 44.6556249679 45.1093084646 45.0766677512 45.1147246944 44.9942795624 44.7867057435 44.6935975099 44.7361513968 44.8534458833 44.7077179701 45.200395046 45.1975876236 44.750525211 45.063520273 44.5640092022 44.6639928134 45.0264060931 44.6704491469 44.8483942586 44.5303121068 44.673163576 44.8059107956 44.7189738734 44.8444483431 44.9771790044 44.7348290327 45.1728321953 44.8296932354 44.6132530043 45.0130786353 44.8943039852 44.6189720668 44.9316490329 44.7810042874 45.128672834 45.0586519526 44.6421744884 45.1286638081 44.8567244563 44.9468082095 45.0228862827 44.5984774254 44.8992796479
44.5961053228 44.903978584 44.5784494239 45.1205724649 44.8569453564 45.1671995155 44.606285216 44.8692010981 45.1087458212 44.6542791785 44.8687889895 44.6509795391 44.7486281379 44.7647675865 45.1184247533 44.8428265993 44.6230741625 45.2036556942 44.8510753308 45.0147594752 44.6994798153 44.9450779574 44.7017903174 44.8578972889 44.6896589976 44.5779417847 44.5615012727 44.5147415291 44.6060981038 45.0518428339 44.7520235139 45.0134462682 44.5369329822 44.8283650511 44.5056584007 44.8957640278 44.8608340645 44.653682924 44.7834937106 45.1522078699 45.1016429074 45.1236302733 44.5187512336 45.1054237533 44.8782247459 44.6290777797 45.1345572612 45.112263268 44.7380384009 44.6875055191 44.5401941015 44.8825014559 44.5198937601 44.9567004722 44.8116115847 44.6062198374 44.9260581727
44.6209205204 45.0477186728 45.1996122014 45.1743645245 45.1195594292 44.5537934055 44.9133347671 44.5271941443 45.1574696007 45.0542878712 44.8820910849 44.6002941816 45.079250109 44.7099596143 44.832289265 45.032364524 44.6595312919 44.9385848564 44.8199089598 44.7805273877 44.8647584344 44.6191232412 44.854018839 44.5033971911 44.7140713406 45.1630778442 44.9228889479 44.5023570668 44.6453521316 44.8007801894 44.9861052843 44.9256326451 45.1829719074 44.6599988007 44.9801345132 45.1802972682 44.7042719489 45.0038094707 44.8624819588 44.5902923953 45.1049563485 45.0218035314 44.5797329049 45.162632389 44.5419417862 44.8312308136 44.8032191918 45.1387405504 44.64962004 44.6634753992 44.8105173317 44.6750895792 45.2059160153 44.7290926519 44.9184351123 44.7506247712 44.6510915429
45.0057620671 44.71243782 44.7779271063 44.9034867311 45.1136823337 44.6590825786 44.9631569039 44.5028435617 45.1285479882 44.7991357097 44.7338000998 44.6824737552 44.6618817334 44.5381209747 44.7746537591 44.8584215538 44.9567613854 44.635914939 44.5945679158 45.1746272453 44.6782307721 44.9083831006 45.0359522849 45.0739077677 45.1958391551 44.5465373565 44.6897613059 44.6386618319 44.8455861948 44.9912071545 44.5443871191 44.5115720708 44.6772066803 44.654064293 44.5431394444 44.8205704368 44.9830836912 44.8250809785 45.0713149503 44.700909663 45.202509863 45.1630151987 44.6241392633 44.8395686196 44.9083057853 44.7854115135 44.9586952001 44.7230959216 44.799604911 44.7048817066 44.6965650604 44.8817287109 44.6517867541 44.9765078174 44.7624542058 45.1384723883 44.8967826902
44.6463360485 44.7252256035 44.8418212815 45.1693143837 44.720198414 44.9911946322 45.1932618809 45.1557685186 44.7457697329 44.5218772357 45.0201572429 45.0409341301 44.7986331693 45.1414374295 44.7028703189 44.5020029428 44.6877709766 44.9383421535 44.8551115196 44.8355435528 44.657478347 44.585266287 44.923339917 45.036591734 44.6921623434 44.6984337655 44.5567642875 44.6096464149 44.6716920446 45.0855278996 44.8412588187 44.8630848242 44.7090825316 44.5303844403 44.7270001896 44.7377040562 45.0029056575 45.0095048261 44.8019232591 44.8197869392 44.5528386096 44.5588706605 44.9807648791 44.891141436 44.8855438024 44.8935478125 45.1626257022 45.1627567223 44.7366615485 44.8106836745 44.7279897919 45.0603934779 44.9839036198 44.9530874232 45.038102104 44.9469901226 44.6354830891
45.1075956868 44.859347003 44.9834474868 45.1895624279 44.9055195756 44.8722375257 44.9021740655 44.5731576517 44.563610104 44.5543663541 45.0710854019 44.9777013815 44.8817387642 44.766872653 45.0020957893 44.5283340198 45.2042487807 44.7383953683 44.9812105206 45.1980811341 44.7743521667 44.6569312772 44.5922906195 44.6264201794 44.5092663395 44.9597405265 44.9301377922 44.7786137599 44.9286787295 44.6683153267 44.6131332546 44.6135052776 44.5715326926 44.9707111736 44.9158811131 44.837966975 44.8781399057 45.0955384993 44.5435100915 44.6016394376 45.0166618918 44.9875271697 44.6420171447 45.158846931 45.046715146 45.1958670226 45.0120426955 44.772192496 44.8338620508 44.798363706 44.7170154915 45.178922716 45.0330919483 45.0236710015 45.1643107231 44.6291354055 44.9788999158
44.8828124658 44.6090867576 45.0744610111 45.0590161864 44.7197069807 45.139625479 44.7445288392 45.0837539821 44.5031733172 44.6466760748 44.9641980013 45.1357420061 44.8370707321 44.8554819315 44.6262938168 44.8408369406 44.7918725997 45.1705819095 45.1803969605 44.7626890534 44.6108012858 44.8060558207 44.7418463587 44.744639583 45.1335269273 45.094227403 44.6286998581 45.0784316255 44.7542369324 45.1314003895 44.6016524011 44.7906177177 45.1710817547 45.1179080168 44.8673120523 45.1822384707 44.59390724 45.076188472 44.5330341485 44.5249772838 45.0032892162 44.670124027 44.7646830159 45.090705887 44.9785140526 44.5417943083 44.8758012644 44.9925070002 44.9863103706 45.1756242735 45.029536485 44.6823953647 44.7232313287 45.165664414 44.5544659512 45.1056121543 45.1832829812
45.1097450837 44.9560387543 45.1319792035 44.9692629742 44.7144999087 44.613356692 44.7807842601 44.7762771363 44.6314614816 44.9484591717 45.152762375 45.112353036 44.9821379298 44.7987420885 45.0680125113 44.7355119408 44.9594732487 44.6630906988 45.1716526572 44.5402895039 45.0748930205 44.8427916149 44.8217397831 44.6900102108 45.1687062704 44.5086651624 45.0803159962 45.0181925004 44.8809535511 44.6575853829 44.6344841402 44.8288016613 45.0683295085 44.6120806668 44.7436146918 44.9140685525 45.1310974313 45.0421259566 44.6584282955 44.5465205482 44.9948485242 44.9953742926 44.7189299024 44.7211559464 44.616191216 44.5482483048 44.6353530924 44.976921762 44.8876916688 44.7080810337 45.0711846521 44.8820148773 44.9037346831 45.1053321036 44.5194234946 44.8148934839 44.9146008809
44.7144492172 45.0147428119 44.8513116897 44.5932960852 44.6624387736 44.6287326855 44.9261678891 44.5822931902 44.7679684132 44.5181402069 44.9494616671 44.8867884119 44.9097628227 44.6145679501 44.5883427155 44.9727861278 44.6962615459 44.7447008514 44.952331712 44.7483930446 45.1170384236 44.530632806 44.9224307243 45.0839260631 44.9072462485 44.9397418194 44.5328486233 45.1073743348 45.0162863372 44.9613663306 45.1042289269 45.1974261396 44.5617223493 44.6822305724 44.8979773972 44.6738282405 44.9763529266 45.0069997662 44.6697532174 44.6893419748 44.7107044841 44.6246047182 44.5614626968 44.7446705265 44.8202292733 44.7671717736 44.7087798317 44.6563574835 44.7414242141 45.1411286899 45.2014645708 44.6781623122 45.0222271312 44.8655706786 44.7528013605 44.6984811622 44.5695556398
45.0975019433 44.8341056736 44.9756693897 44.7189353715 44.8036104272 45.158109213 44.7862731778 44.6652205488 44.9119961627 45.0188724054 44.8088963994 44.6697267103 44.9106072361 44.907079578 45.1832702373 44.7354295035 44.8970000964 45.1222941634 44.5704125115 45.0216520212 44.8171933517 44.9554422825 44.7618789931 44.8268794877 44.9642516033 44.6688686114 44.7182118015 44.6417558413 45.0636777985 44.6925949569 44.9499250447 44.7078366382 44.795368581 44.7836326162 44.8352810295 44.6782764399 45.2061945427 44.9113950859 44.7701529639 45.0051729346 44.643714386 44.5229641508 44.6024153719 44.6771585683 44.6246550955 44.6519507564 44.6917845245 44.6197016144 44.814465007 44.7490795355 45.1517240944 45.1634909046 45.0772338367 44.9459406161 44.603180931 44.7810490809 45.0899389186
44.5942362316 44.5690373062 44.8606785044 44.7564445824 45.1046974974 44.5461076397 44.5695180676 44.6184171119 45.0557323379 45.0519206759 44.8210783393 44.7006399526 45.1276178186 44.6687922796 44.533103397 45.0241453199 44.7375716339 45.157661289 44.9789702163 45.1294189824 44.5393494679 44.5635882001 45.0184579178 44.8377974799 44.5788692465 44.8284328658 44.5704112828 45.1998729133 44.8762244825 44.6089714541 45.1907004334 45.2058347442 44.9656000316 44.6245331277 44.7906746634 44.9025260505 44.6448517678 44.596422722 44.6861216643 44.6097444271 44.8631768615 44.9736850059 44.9195923867 44.6450466382 45.1626726588 44.781602693 45.0187992089 44.6247981478 44.7772041425 44.7700125425 45.0009480992 44.5951247062 44.5786628798 44.8854964915 44.8928962246 44.5658033372 45.0500247601
44.6440702856 44.7951488191 45.0284019767 45.0691096185 44.6413739913 44.9440403153 44.6226687716 44.6422267357 45.139359937 44.6613076112 44.9767564728 44.9957299197 44.8108498829 45.1299724482 45.1252010992 44.542490085 44.8719507704 45.1332387145 44.8869641509 45.0724227695 44.9375361378 44.9971774289 44.9049738225 44.8476963057 44.7131237914 44.6980663751 44.8682580101 44.9335555148 44.8363553875 44.993292799 44.562930385 45.1910589526 44.5113881994 44.9852474114 45.1211529144 45.0700851102 45.0119447838 45.0455111299 44.9514973416 45.170661978 45.1805163037 45.0138272324 44.8383923995 44.8742761531 45.0091009935 45.0711279448 44.5800891912 44.8533429153 44.8336750932 44.8133924669 45.150325 44.5992977514 45.198741704 45.1939771997 45.0834961522 71.9540996427 67.1804826698
44.9403864364 44.7053013689 44.5846340303 45.1820962755 44.7055187045 44.9112434937 44.8710705001 45.1718492738 44.8355422892 44.6002810741 44.6134213114 45.1353738687 44.6574635608 44.5969904101 44.98020484 44.6941869513 44.5675805568 44.9437255334 44.6162970358 45.1637859819 44.8777255676 44.9715478748 44.9826163458 44.7185251679 44.6081669266 45.1216295118 45.1444620683 44.9244132841 44.9858570727 45.1994186973 44.8413116271 44.8772204276 45.1196433898 44.7677141666 44.6395169622 45.0363329914 45.1986646986 44.7027519863 44.7859920887 44.9329174949 45.1579757654 44.575640764 44.8119244434 44.6754011355 44.9811558674 44.7263682588 44.7705879067 44.9095623577 44.587790225 45.1523613645 44.7834996793 44.9499074223 44.5809806675 44.6531435371 45.0217504161 64.5395380908 67.9319020398
45.0765984473 45.0893783305 44.7076000244 44.9103755536 45.0247979198 45.1791890448 44.9775378092 44.5430840019 45.0295808417 44.8677515459 45.1333233033 44.9124956765 44.9872454698 44.6205798371 44.7741123176 44.9106392795 44.8063278647 44.5932624297 45.1421465992 44.8238320913 44.7427504349 44.9273220984 44.6738682499 45.0290474118 44.5754772741 44.7945485653 44.9702477458 45.0351890925 44.7282065089 44.917354415 44.8269460316 45.0780417759 44.5131025252 44.8472081187 44.5956433891 44.7773024669 45.183316403 44.5811199243 44.5343315491 45.0143032352 44.9912153371 44.7183861925 45.0665647242 44.6292588508 45.1726486927 44.7857175281 45.1954186245 44.6138249501 45.1842240947 45.0849745178 44.5425326282 45.1128175495 44.6137235402 44.982538863 44.6450851584 58.9959052909 62.3423963405
44.5756556129 45.1626732318 44.7431729769 44.5088706533 44.7202121296 44.786002764 44.9723470039 45.1652534251 44.7341756833 44.7354863008 44.6556742147 45.1569831683 44.9948375602 44.608369295 45.1829876933 44.5057304576 44.8129686315 44.6174278568 44.5430088429 45.145140098 45.1102614041 45.1688253088 44.5703790806 44.7687332287 45.0724368265 44.5141652645 44.571793754 45.1426432094 44.9615414331 44.8411963848 44.7067080551 44.7929169296 44.6292364576 44.6092488873 44.6273990596 44.9333925647 44.5838506026 44.8336029417 44.7597326595 44.6834158735 45.0000666718 44.7042106369 44.6137263528 45.1245490272 44.6695987796 44.5477458775 44.8106065823 44.9065268695 44.82298126 44.5459873369 44.9073562271 44.8524764187 44.7126677278 45.1841100047 45.0734778026 44.576517754 44.9951296656
