Spatial_Output/DEC/DEC_0258.asc
NCOLS 155
NROWS 192
XLLCORNER 196307.867259
YLLCORNER 449144.565805
CELLSIZE 33.573938
NODATA_VALUE NaN
[rows 78 to 103 of 192, columns 0 to 56 of 155]
0 0 0 0 0 0 0 0 0 0 0 0 0 44.6284413773 44.8177884133 44.6448878144 44.6181664076 45.0677274163 45.1370499876 44.6283998658 45.1426296519 44.6004735536 45.1396619405 44.9932116583 44.5906899535 44.5880989946 44.7273028801 44.5986364069 45.1714679715 44.660850275 44.9441564374 44.7349663979 45.0693213525 44.9840776095 44.972323096 44.6706501596 44.6980756422 45.1269151379 44.7900645128 44.6340025624 45.0412397115 44.8815485496 44.786344735 45.1155442708 44.9806690313 44.8756461776 45.0903147665 45.1749301902 44.831748757 44.9156686614 44.6068049784 44.6908544767 44.9178017495 44.7029179811 45.0993287933 44.6348097932 45.0178783835
0 0 0 0 0 0 0 0 0 0 0 0 0 44.5085001258 45.0396787543 44.6228793426 44.8159032368 44.6500337904 44.7424174608 44.6261029643 44.7996896475 45.0563965058 44.6536862437 45.0237328459 44.8150475741 45.050075315 45.1243159819 44.8265683612 45.0124121326 44.7073417071 44.9325642549 45.1925827549 45.0249226782 44.7650302226 44.8307124231 44.9651841864 45.1356559837 45.1443226528 45.1207843674 45.157373829 44.5864134123 44.7677671019 44.5312744033 44.9905453054 44.8744443885 44.6797217928 45.1466388589 45.0784702438 44.5005813835 44.8849742432 45.1225756962 44.577798407 44.9683383741 44.7706927723 44.7818350001 44.9170844184 45.0136729211
0 0 0 0 0 0 0 0 0 0 0 0 0 44.7081644205 44.511843619 44.5742331582 45.1922800623 44.9037582115 45.0232884338 45.1171180755 44.6655760986 44.7912013457 44.9354681285 44.9189182491 45.0118247029 44.6781139103 45.0617079677 44.9320363406 44.6512611622 45.0445910767 44.6775934741 44.9953982341 45.0044013304 45.1471255529 45.0664308298 44.7988711491 44.836298809 44.8987268844 44.7987331363 45.0011154325 44.6057326964 45.0240310623 44.7690894224 44.5896403282 45.0816089794 44.970096581 44.6912683642 44.9843516878 44.6872024796 45.097916698 45.0557389304 44.778352544 45.0200504548 44.7228913912 45.0092515454 45.1578942496 44.9345691829
0 0 0 0 0 0 0 0 0 0 0 0 0 0 45.0222389797 44.6280728789 44.5611251843 44.8938269842 44.7838908444 44.7007892869 45.1630727351 44.806401072 45.0175094671 45.1012146216 45.0781825922 44.8857449289 44.7517600694 44.8312162507 44.6592507663 45.0836014532 44.8662635273 45.1295000035 45.0795447986 44.5290768564 44.6827668129 44.6055731273 44.9483210922 44.6744033614 45.1498897923 44.8723613821 44.6327578065 45.0918463504 44.7367174612 44.9157564377 44.7572035088 44.8712470758 45.1353497631 45.1451336427 44.9000496319 44.6076036647 44.8652695917 44.9601422245 45.1221427521 44.7484405201 44.6166825422 44.8893432848 44.6771345022
0 0 0 0 0 0 0 0 0 0 0 0 0 0 45.1643673744 45.0800707314 44.7790986729 44.7859887609 45.0605748019 45.124650154 44.610587534 45.1315387515 44.6162639438 44.8579935637 44.5518830429 44.7735186827 44.8356041402 44.8585917409 44.9077254882 44.8645072825 44.9131051494 45.0092959866 44.8042554411 45.0116702713 44.7928777072 44.743840859 44.5231560032 44.6618205538 44.9174629311 45.0104977886 44.6174735153 44.7115049036 44.6409420991 44.8218765484 45.0661357359 44.9703140316 45.1585072192 45.0788744308 45.2033522085 45.024877739 44.6257984688 45.0890843382 44.8557180393 45.0631644987 44.9793308031 45.1896276422 45.0619214208
0 0 0 0 0 0 0 0 0 0 0 0 0 0 45.0026111508 44.8074844499 45.0461902716 44.9382334642 44.6292537888 45.1828424903 44.5264608131 45.2039804795 44.6659078757 45.076120663 44.783722701 44.6196985854 44.5868190347 44.8384887499 44.9150822458 45.0057844585 44.7683135274 44.6972481151 44.5618493146 44.6738355633 44.6419163786 44.7525044202 45.0594646623 45.1722731809 44.7900370645 45.1230774256 45.0585029967 44.9337089845 45.161167177 44.5937404076 44.7080213289 44.7041406499 45.1579247769 45.1844815489 44.6753037436 44.6050391939 44.8224158141 44.7076609884 44.7691122877 44.8408210587 44.7316412887 44.6736403492 45.1673890845
0 0 0 0 0 0 0 0 0 0 0 0 0 0 44.8644542586 44.6421917332 44.8935444263 45.1010744366 44.8751243582 44.9794098147 45.0313450126 44.9540360418 44.7284279135 44.5274857388 44.9639747226 44.9397985062 44.6702526381 44.7098271083 44.5691540022 45.1460175907 44.5218750692 44.6066426554 44.8987707662 44.6716172668 44.9673842658 44.5707756944 45.1622800672 45.0453947045 45.1282283962 45.1959956388 44.5153738701 44.9637180807 44.6448145644 44.5617210991 44.7058171693 44.6091622658 45.1612480876 44.845565365 44.6558342576 45.1297135161 44.9573391807 44.9659335339 45.033419619 44.9399680948 45.1403996458 44.6844839647 45.1507795644
0 0 0 0 0 0 0 0 0 0 0 0 0 0 45.1735217128 45.116684341 45.1905403663 45.0176383951 44.7319796631 45.1229991277 44.6918304676 44.7833734642 44.8253789453 45.1357670318 44.544094263 44.7929606329 44.9053546485 44.5605898707 44.5677101708 44.5385547204 45.0664656467 45.0372198453 44.828305971 44.6527681603 45.0208536546 44.5427777698 44.7333896494 44.9825723169 45.1975692156 45.043454466 44.7064008289 44.7873363691 44.5012312263 44.6024974766 44.9302727729 44.5144528073 45.2005597624 45.1021189832 44.8362243928 44.6142478944 45.143269369 45.1434058708 45.0820355828 44.5911573113 44.5712078951 44.5705930314 45.1267281022
0 0 0 0 0 0 0 0 0 0 0 0 0 0 44.7749218921 44.5840296703 45.0564268944 44.5320202555 45.0951987907 45.1943724281 44.5149710064 44.5945748442 44.5613471106 45.0713367866 45.0398148922 44.6187637616 44.5474218772 44.8195177613 45.0468950638 45.0672666661 44.696416291 44.8955719845 44.774873827 44.9498840968 44.677908412 45.0390180784 45.0872772532 45.1304478636 44.5515368458 44.6201833594 45.0079971916 44.9041740644 44.8063969902 44.5114103934 44.8794541282 44.9408160792 44.7646723522 45.1129238479 44.5768451809 45.1316415563 44.9626824497 44.7087124838 45.0289005091 45.0613137072 44.9328486971 44.840571132 44.8024234199
0 0 0 0 0 0 0 0 0 0 0 0 0 0 0 44.8208344336 44.6732613486 45.0207335085 44.7122740492 45.1213779808 45.1473242802 44.7785041 45.0646199002 44.7109645281 44.9812281152 44.7097900105 44.6542444317 44.5630010595 44.5229862458 44.7908870451 44.7857869713 45.1957373443 44.9157456234 45.0599335427 45.0258699191 44.7171256333 45.1889946178 45.0147086684 45.0245880088 44.676771679 45.1003654237 44.5554540404 44.5058575906 45.1884911762 45.1297557141 44.5121119303 44.5879204646 45.1330528836 44.7582889501 45.0433573789 45.0392383979 44.8107643525 44.6086836932 44.9979539976 45.1012738961 45.1543926848 44.6402043305
0 0 0 0 0 0 0 0 0 0 0 0 0 0 0 0 44.5984428658 44.6657708834 44.5282770402 44.6081713277 45.019387785 44.9303105484 45.0950671035 45.1744876516 45.1449360874 44.5470430508 45.0359941614 44.5245486988 44.99057081 44.6271162233 44.5900255357 44.9687830011 44.5183475827 44.9886212558 45.1785475728 44.93102504 44.9002979663 44.7281546461 44.9617211784 45.0222564565 44.8737744939 44.9429098368 44.8467479598 44.8112896429 44.6131757535 44.5131687877 44.8392261903 44.5961419324 44.8334391028 44.6811931677 45.1303927096 44.8097317217 44.9214861065 44.6836701848 44.7083477564 44.9936825263 45.1825008353
0 0 0 0 0 0 0 0 0 0 0 0 0 0 0 69.7571762143 69.7571762143 44.8896728055 45.1622940315 45.0772692162 44.987126271 44.6944453704 45.0694426295 45.0331949952 45.1451785884 44.5372612094 44.8150755546 45.1807627404 45.0733239026 45.0187967996 45.0060883761 44.91426546 44.700445095 44.5884004407 44.7694499103 44.8670106272 45.0985434107 44.5731163579 44.7959256963 44.8905118619 45.1095656015 44.8142621373 44.554262798 44.8879039223 44.7594053272 45.0812018623 44.8308513664 44.8427068742 45.0330196187 45.1675016997 44.6546952204 44.6549164014 44.7853398751 44.8658793884 44.7343998669 44.6557055095 45.044311352
0 0 0 0 0 0 0 0 0 0 0 0 0 0 71.1128159093 71.1128159093 69.7571762143 0 44.7130415822 44.5260172564 45.1807491733 44.6589564776 44.916653502 44.7361585081 44.6457479049 44.9907075878 44.644115652 45.0631400413 45.0329194419 44.9399600293 44.7538336325 45.1363463431 45.07135447 44.8012735094 44.6826932892 45.0646600877 44.9462438533 44.7718039388 45.1672177202 45.129953196 44.6630204395 44.7839589184 45.0494135068 45.2060464233 45.1489466894 44.9045026405 44.9684313324 44.8169634647 44.836293369 44.6403037474 44.8338609468 44.8834514423 44.9618962458 45.0671169672 45.115217471 44.5831649001 44.880769361
0 0 0 0 0 0 0 0 0 0 0 0 0 0 71.1128159093 71.1128159093 0 0 0 44.9639136415 44.9493923861 44.8862599317 45.0110188797 44.8453720893 44.8157120892 44.919671254 44.8134206608 44.672533719 44.8583146769 45.1432251937 44.6193711233 44.598522697 44.6344786327 44.597246087 44.7794249835 45.0382606443 45.1450322445 45.1624120704 44.7225889971 44.6442299682 44.9115813366 45.1068974365 44.9280636771 45.1383656396 44.9968679795 44.7254296109 44.8876594999 45.1852951021 44.6963985297 44.8888830458 45.1576551321 44.7682998253 45.0899818603 44.9842976785 44.7813209737 45.0109941909 44.9648048632
0 0 0 0 0 0 0 0 0 0 0 0 0 0 0 0 0 0 0 44.731332693 44.9499203598 45.1645451389 44.9192567979 45.1473606941 45.0185573121 45.029331259 44.9267875146 44.9267084023 44.8409778578 44.5905234689 44.8444041445 44.5116806491 44.5946228722 44.8654941194 45.0539225386 44.8388534628 45.1147338657 44.7706142142 44.7961170878 44.8733873468 44.5273459215 45.1101914174 44.6115273511 44.5360859756 44.8739721258 45.0255423655 44.8056402879 44.6190563064 44.6864965149 45.0864837285 45.1820674353 44.8531796567 44.8526009012 44.5615427833 44.7116897694 45.1684431851 44.5942640409
0 0 0 0 0 0 0 0 0 0 0 0 0 0 0 0 0 0 0 0 44.7292080696 44.9476010287 44.7609824079 45.1318324997 45.0091054296 44.8548616727 44.778121082 44.9044400022 44.5806574985 45.1010134235 44.7820558435 44.7962379404 44.6230396951 44.5415658344 45.1384692608 44.5504739773 44.9174934224 45.1373992756 44.9878172283 45.0409433807 44.9163112664 44.6208028212 45.1926799687 45.0282235981 45.0454003202 45.1079253297 44.6621671391 44.9151039598 44.9120584105 44.8834394797 44.8631389417 44.9164948181 45.0872178675 44.6811871649 44.9855274605 45.000804458 44.898670858
0 0 0 0 0 0 0 0 0 0 0 0 0 0 0 0 0 0 0 0 0 0 44.9353654289 44.7855042577 44.7698396961 44.6694250635 44.690071158 44.6563254037 44.6173380554 44.7912021295 44.7498563779 44.5374409397 45.1934627601 44.8297936187 44.5663314488 44.7339018562 45.0385860328 44.780389389 45.1439118948 44.9425961496 45.0777918153 44.7131419412 44.6816652987 45.1591857745 44.6268669329 44.9479235427 44.988713251 44.566990656 45.124761281 44.8528199963 44.6581620956 44.7153803765 44.759627476 45.021550393 44.9706369967 44.5831448076 44.5609191123
0 0 0 0 0 0 0 0 0 0 0 0 0 0 0 0 0 0 0 0 0 0 44.7774482069 44.5094694328 45.0702944814 44.7712750655 45.0737808622 44.7559061842 44.5426453753 44.6247093608 45.1752404687 44.5168889726 44.9056512984 45.1505771917 44.8005962436 44.5859058252 44.8308871346 44.8537334042 44.8108119838 45.0453738224 44.9274386717 45.2050370125 44.9884931992 44.6486359116 44.8819935097 44.5938994104 44.6393658323 44.5717295159 45.033223256 44.76995529 45.1498759048 44.678407303 44.7070739335 44.7716147658 44.8260234964 44.8705998366 44.5755904902
0 0 0 0 0 0 0 0 0 0 0 0 0 0 0 0 0 0 0 0 0 44.7559230523 44.9141139866 45.0310257453 45.052246123 44.835344711 44.7163329386 45.0983243168 44.5286458147 45.1553126237 44.8095314441 44.6690491914 45.1937021891 44.7518084188 45.0878549441 45.0751427952 44.670813068 44.650179752 44.6063537639 44.6249610811 45.1016185366 44.9748563844 44.7892427603 44.8658110651 44.9600036289 44.8771731705 44.903312477 44.8906173943 45.0568647328 44.6389422631 44.5664245975 44.9225941272 44.5548865067 44.6119822859 44.5832014338 45.0094574299 44.5421247735
0 0 0 0 0 0 0 0 0 0 0 0 0 0 0 0 0 0 0 0 44.5693071303 45.1994440909 45.021594602 44.5006674441 45.0984672834 44.6402726717 44.9062781745 44.928819235 44.8800269282 44.848255356 44.6727050357 44.5835013967 45.0702604684 44.8769643141 45.1738660958 44.9051049196 44.7551531592 44.7956085673 44.9718373118 44.5021039234 45.1547562616 44.6111623281 44.8419054156 44.6392719517 44.6087288586 45.0916406057 45.2013301479 45.0839229415 44.8134270091 44.7064824263 44.8108003284 44.8247172442 44.5807408246 44.5335122464 44.5084803025 44.5839078835 45.0808453321
0 0 0 0 0 0 0 0 0 0 0 0 0 0 0 0 0 0 0 44.8231258323 44.5624169328 44.9036549098 44.6736990818 45.1123355295 45.0852726244 44.897678222 44.5230604667 44.9808119451 44.9349148727 44.9311861065 45.1454854684 44.5476295724 44.8643530467 44.5905255439 45.03653629 44.656879906 45.1809203035 45.132465735 44.698795499 44.6303012075 44.6028937225 45.0274322214 45.1296494931 44.9513705453 44.7483672639 44.8447553249 44.9270145805 45.0166099314 45.1123393417 44.6488210892 45.1021654079 45.1063743001 44.803403521 44.9742239121 44.5242144377 44.9425568351 44.9614918835
0 0 0 0 0 0 0 0 0 0 0 0 0 0 0 0 0 0 0 0 44.7610436049 44.8183901108 44.6573108504 45.0443264972 44.6690732856 44.7450269507 44.7034973395 45.1855893477 44.7309150151 44.5460239801 44.5490497315 44.9144561899 44.7885479865 44.5477306858 44.8072848816 44.7542899319 44.5050780529 44.9746977879 44.8207288425 44.8306245728 44.7463848603 45.1949004915 45.1515690888 44.9207148591 45.023698638 44.5641272764 44.6167073898 45.0177397328 44.6773561797 44.6308659842 44.6718282792 45.1616181322 44.5624800315 45.0609838835 45.1575640337 44.5842361516 44.9990791306
0 0 0 0 0 0 0 0 0 0 0 0 0 0 0 0 0 0 0 0 0 44.9381959646 44.8130845451 44.9286207411 44.9014827036 44.6242899562 44.5978929537 44.925223871 45.1503197745 45.1394534887 44.582560013 44.6423325263 44.9963231272 45.2003669549 44.8652814251 44.5639173616 44.5018515021 45.0938593616 45.0257525028 44.5878607122 44.5154894754 44.9330068895 45.0870364067 44.5547228095 44.8452250534 44.5960686886 44.9651385683 45.0065224172 45.1182999198 45.0890885727 44.798801707 44.8318284812 44.9136689334 45.0496478733 44.8255899781 44.6919175504 44.9472044078
0 0 0 0 0 0 0 0 0 0 0 0 0 0 0 0 0 0 0 0 0 0 0 45.1085617889 44.5397492829 44.660506987 44.70237895 45.0315822288 44.8757922164 44.6438563708 45.0082736184 44.5823185347 45.0057300443 45.0014373696 45.1319784196 45.1415689686 44.6492528765 44.688195628 44.7525832554 44.7623678661 44.7104781047 44.5981231533 45.1696915709 45.1560999299 44.7100225137 44.7710886677 45.1206081764 44.6322544434 44.7394297226 44.6367651217 44.5791086438 44.8682755988 44.7330388451 44.9924348443 44.7064949035 44.9981470059 45.1809735238
0 0 0 0 0 0 0 0 0 0 0 0 0 0 0 0 0 0 0 0 0 0 0 0 0 45.0878450526 45.1552105451 44.8987708681 44.5530041671 44.5712668609 44.8367831556 44.9014007188 45.1343454667 44.9850959814 44.968923511 44.7702060277 45.0193288207 44.6081307803 44.6320697439 44.6873582828 44.8213796777 45.0369275292 44.5173886615 44.8906954591 44.6440712017 44.7904361401 44.6338322147 44.6797814779 44.8590239922 44.9980401419 44.7379069093 44.8861058617 44.7730140847 44.9497259727 44.5643870726 45.0521103984 45.1828299346
0 0 0 0 0 0 0 0 0 0 0 0 0 0 0 0 0 0 0 0 0 0 0 0 0 0 44.5024303315 44.6786627343 44.6026434792 44.8980897042 45.1829142263 44.74222544 45.0117497004 44.8665242139 44.8511832368 44.8692178823 44.7535555867 45.0459439049 44.5537154819 44.6110137887 44.8966752824 44.5843341407 44.7393596871 45.0272820947 45.0402244065 44.5223982379 45.2042624859 45.0614298467 45.1530818154 45.0092309739 44.9932371861 44.5514336942 44.8871424363 45.1518758744 44.5712899226 44.648780001 44.7980212298
