Spatial_Output/DEC/DEC_0593.asc
NCOLS 155
NROWS 192
XLLCORNER 196307.867259
YLLCORNER 449144.565805
CELLSIZE 33.573938
NODATA_VALUE NaN
[rows 130 to 155 of 192, columns 57 to 113 of 155]
26.7206534717 27.3276684356 28.4226194042 28.0022443652 28.1458438642 28.2312546464 26.912747468 28.127935968 46.8622796692 27.0645304487 27.536910547 27.6253966042 26.679491545 27.3726568291 26.9991574587 27.862387767 27.66019326 28.6114002933 27.4677302273 27.1687958078 27.0665727113 26.5772880703 27.246185925 27.391756961 28.3445870777 26.5682361206 26.5060096226 26.9381588278 26.6507388685 26.7246058852 27.9546412132 27.9125280764 27.8556462112 27.371473365 26.7391080745 26.8327939505 27.7475597137 28.0164675358 27.7746214077 28.268305464 26.8196004973 27.2027146528 28.5751020036 28.2985975744 26.9017534079 27.1071261344 26.5571767287 28.056341204 27.0478376507 28.1640699939 27.5507541454 28.2134700755 26.8110480379 27.6761556096 27.5585349975 27.7213593105 28.2933130444
27.5025692776 28.4402994898 26.5105375247 26.963572295 27.7308304753 27.1476071656 28.0560111209 28.4462600175 28.0667914801 28.1653462118 27.4455547911 27.7992906483 28.323373988 27.7184811132 27.7149960448 28.0801140143 27.6235528379 27.8277561618 27.8647114942 27.5606922673 28.3801991031 26.6726667554 28.1675934643 28.3884970497 28.173127127 26.8992778119 27.4559469835 26.7619704869 26.831669452 26.6354283925 27.0992664838 26.8562572121 28.0200405889 26.9645535343 26.9668199101 28.3663139606 27.2357776705 26.8467732713 27.2088415452 26.9847329836 27.7322725658 27.8186636012 28.287882397 27.0711990933 28.1581586724 27.1270881293 27.1308092194 28.383152257 28.5885563545 27.6069905709 26.7113743187 27.3202684705 26.7799941083 27.7651334858 27.8327023649 27.3393697265 27.1051868512
28.5872790373 28.031660369 27.1423988394 27.6272933022 27.22980079 27.4679776227 27.5091332962 28.5048361584 27.6651820309 28.169611409 27.7377307663 27.5506018063 28.5614244814 28.2225785814 26.9025074527 26.9531096599 27.0948724651 26.8308529355 28.3709361408 28.0557359404 28.2432275639 27.5292752712 27.2088511671 26.5410052559 26.8357474103 27.9212736824 26.724136818 27.9320416183 27.1723165792 27.0560874144 27.9781334495 26.9644867807 28.5212448356 27.2296459124 27.2494975629 27.0021644375 26.6622209671 26.8116931232 27.4352837465 26.8270204501 27.6458945664 27.6129073101 27.9261204762 27.9732148596 26.7971094368 28.2051067102 27.9800108925 26.9998696641 27.12561983 27.5375096827 27.292309175 27.3407566794 28.4910623961 28.3977936936 27.7163406035 28.224009488 28.3055374306
28.6041226801 26.8634604564 26.7315086756 26.7210752242 27.2054928859 26.9878500785 27.3703444413 26.8420485829 27.910805263 27.947497161 27.2150769066 26.5217071361 26.6290157773 27.5474562452 27.4001958979 28.1045483739 27.4146916901 28.5873675353 28.2511669222 27.4503867536 28.1606891265 28.5947236963 27.7547127674 27.2051005282 26.5001006046 26.628373916 28.5044552772 27.1018729476 27.7631838013 28.1595616089 28.1470711606 26.7289764299 28.2295945029 26.8299371438 28.1619965468 27.8280842655 28.2774739215 27.6908022911 26.6261444153 27.4487646837 28.0214068422 27.908401693 27.3120450176 28.1168416228 27.8223315776 27.212174861 27.8635075932 27.9119308786 28.1851193818 27.3472220816 27.5662619235 27.4577948233 28.1609272363 27.2990591109 26.8361663076 26.9637173739 27.4288040722
27.4471502765 28.2190372816 27.0010448348 28.4291063616 26.5434897423 27.349431059 27.9978920478 27.3710535651 27.3175203277 27.8784714389 27.5769189587 26.7848943938 28.6110120321 27.5799681874 28.1486783737 27.1757314593 27.1974403817 26.7918058136 27.4976484697 26.7803546865 28.5935122425 28.1773042418 27.4056611628 27.1553007234 28.0219238991 28.2682477607 26.5602476858 27.3206913917 27.914646333 27.0113170741 27.2083400237 27.3742557323 28.4785097676 27.2021093158 28.5543156413 27.2562492521 26.6872813632 26.8313491452 26.7218147936 27.9828835327 28.6126633275 27.3706289 27.5864659689 27.0915977251 27.5868393829 27.8033217385 28.2277264095 28.2977721127 28.2776971431 27.2747973692 27.9359077721 27.3209401944 28.5787734175 27.1287197518 27.3580865348 26.5369601742 27.5070003672
27.141678131 27.3674642093 26.8958777487 27.4187167804 28.3295687955 27.586142444 26.7602018636 50.189429327 50.189429327 27.5912697259 27.3020041514 27.8328096586 28.1040703197 27.7910180761 27.9040852561 28.5296139843 27.4156957642 27.1064205081 28.375676635 28.326834644 27.6308019478 26.7266674047 27.6329420221 28.6115410968 27.6653443455 26.5160546503 27.3530163408 28.550126654 28.1284392256 28.0465513434 27.6438189896 27.3374586728 28.4932734169 26.7218618107 27.7770487912 27.1538493999 28.165006796 27.5153272921 26.7557471236 26.671952635 27.9718480191 27.2166542616 27.4277433942 28.2025847079 26.9038699152 28.1345011276 26.7207080454 28.4370599656 26.7893345307 27.7153191497 27.0230964711 27.5101668958 26.5934862565 28.2024094762 28.4761400035 26.5248385903 28.4827036515
28.5889472286 26.827647191 26.6742533079 26.9425811371 27.7686830759 26.8289886936 50.189429327 50.189429327 50.189429327 28.3909204932 27.8244182114 27.3518934212 26.7533059829 27.7453884671 27.526631733 26.6625620874 27.2848021254 27.7582428924 28.5649025258 27.2327111766 28.0713668093 27.7610549381 28.6164842955 28.6212766718 26.8030950835 28.5078935561 27.7358824326 28.5309235647 26.6478491572 27.4103559596 27.2370548639 28.4676893375 27.7814321457 27.2201660828 27.5200649795 27.2969442276 27.0689798283 26.662949463 28.0223730885 28.1059280139 26.6401678453 27.7693387611 27.1377140563 27.2502928661 27.1344012962 28.2853241436 26.5180572586 27.4723258977 28.5298143724 27.5720445199 27.1600271151 28.084333569 28.1278012988 27.5424716403 27.65624091 28.4225137377 28.0192227909
27.42923013 28.2732438774 26.5312882134 26.9509494803 28.4119294851 26.6546209485 26.9187972489 49.2226983858 49.2226983858 27.0708245998 26.5240775614 27.2727733185 27.9365003322 28.4602757551 27.0446504803 28.0869059255 26.5049975964 28.1708352326 27.7427534069 27.7018458095 27.2085515851 27.7124405747 27.4043895336 27.8705514477 27.4092351598 28.3966320464 27.477485125 26.8120808472 26.5847143767 27.3398367816 28.378362427 27.385119875 26.81959947 26.8504180014 27.3723709663 27.9616285557 27.7460643995 28.1164270973 28.2470247143 27.3233889327 28.4798571548 26.5632545493 28.0289938832 27.0684804676 27.9269334789 27.1500950573 27.0023331366 28.3305782639 27.5822522479 27.6510254864 27.9539642692 26.784845697 27.068679362 28.5883616773 28.5322591078 27.0407249447 26.5126834206
27.5786822586 28.1537633856 26.7347836574 28.1473302274 28.0360140161 27.7345607983 27.0789506436 26.6305931077 26.8317766615 26.6526330292 27.0041040577 28.2456601241 26.9246261018 27.9710552915 26.5550066619 26.9045576071 28.0656303781 27.8632008189 27.1272939682 27.5773602195 28.0200480884 27.6649351613 28.2593442846 28.4099197497 26.7531920062 27.8628840348 28.2205664333 27.5047122891 28.1696722825 28.2899105896 27.4653243571 28.0515858721 26.5911781619 27.7556647962 26.5825118011 27.1936204191 26.8643488936 27.395781534 28.3640056591 28.6033694272 27.1370597387 28.1866226064 27.3421079715 27.3842067444 27.1625071187 27.5280547008 28.5829970399 28.5009463766 26.9108744391 27.7476103545 28.1159554069 27.5883379828 28.2370948677 28.4158723072 27.8503297945 27.6820192441 26.9399447201
28.6106224971 26.8561472343 26.9652324339 27.6944559841 28.4150162115 27.124021095 26.8093623116 28.3930212909 26.5867275874 27.7475685126 27.7840552271 28.4021043218 28.2109497823 27.0065461165 26.9871854786 28.3110681297 28.4444560645 28.3949406961 27.4806954291 28.0907977683 27.6791443079 28.2059487151 26.7258935338 27.9642591162 26.9274410973 27.900974175 28.1295079418 27.7857339783 28.4746710729 28.250845881 27.6031449109 28.0804542728 27.2765298761 26.9401212113 26.9620831352 27.8555076758 28.0468505038 27.6280217806 26.8886703886 28.1645335265 26.9403684563 27.8108208697 27.6154337158 26.7540274478 26.5035913897 26.9686412578 27.3937640792 27.8020578369 28.2674580053 27.6903994493 27.0635559583 27.9363976564 27.7951572368 27.041686255 27.8219368704 27.9736537051 27.5551493535
28.2466683336 27.336946428 28.5721304438 27.8227918742 28.3715115256 27.7837488774 28.5047373938 28.2917038264 19.4481332466 19.4481332466 28.0217728252 26.693451429 27.0156701652 26.9008536782 27.7239924256 27.6833601606 27.3503182961 26.6220984288 27.4304611036 26.6267259613 27.0699919015 27.1417303827 26.6630385181 27.2965172308 28.3375810548 27.6118535059 27.4861575658 26.5323445055 28.0380369079 27.4749476018 26.6445104598 26.7065097728 28.2256379618 27.4321171244 27.5256707437 28.5858705233 27.9695512313 27.0433244161 28.6054555767 27.9520905822 26.5144490161 27.0319114502 27.1634262389 27.2190817457 27.9099872805 28.4611836106 27.7019825512 26.9080246899 26.9515505228 27.1450098824 28.2242021914 26.7931479573 27.073041836 27.5696141367 27.8445822685 26.9380545955 27.1140495363
27.1068654459 27.7444710723 27.1300033993 28.6162133349 27.5190624983 28.5551251251 26.869009856 28.190389004 26.6673242167 26.9312538742 27.25319403 26.9110004927 27.9520539738 27.5029857243 26.7692072596 27.4471400679 28.3589941149 27.3357532308 27.7516730449 26.5348400809 27.7840225486 27.6236406234 27.3897793216 27.2524300975 28.178991641 28.3097309751 27.3034425434 26.6501160671 27.8771342388 28.211587769 27.4014292757 28.1576274629 26.8609326761 27.8152671599 27.6965821632 28.2609383039 26.6379413274 27.2672317142 27.8018432139 26.9917346445 27.9961069794 27.1299341852 26.9873978687 28.2923099405 26.9224298517 27.2770791217 26.9963092979 26.5060997182 28.3878807215 27.5686300158 28.438502456 27.4935409554 27.1287295465 27.4786427625 26.8713112225 27.7036489647 27.1638067619
28.139032834 28.0018564196 27.8896102894 28.1538396119 28.0343557309 28.3929214054 27.7875258125 27.3963317135 26.9439802347 27.959706439 27.8321227878 26.9009100261 26.9575496751 27.2074762739 28.5734276779 27.2822338571 28.395022157 27.4159661714 27.9474353009 27.837143343 27.0573733845 28.1316118445 27.9498489152 26.9997431428 28.349641357 27.1204181599 28.0394558051 28.1452213478 27.4519195137 28.1660752021 27.0049809405 27.432720509 26.7106389459 27.4000904752 28.470188384 28.5441504863 26.8680448222 27.1383844988 27.3447777639 27.6642791909 27.2458241743 27.1512852848 28.5191115003 28.6103093249 27.6229696266 26.505496525 26.6012714343 26.7884300197 26.6421150186 28.1724276964 26.7047760851 27.0078929326 26.6607586516 27.3074683664 26.7881110645 27.0802465385 27.4912195228
28.1046987713 28.2986260265 27.9678530535 27.7845704059 26.7565389107 27.0152425687 27.1286448498 20.7424844071 20.7424844071 20.7424844071 27.4026839121 27.6998001509 28.4884300677 26.931951223 27.8002910819 27.1943049417 26.6228964902 27.9714221075 28.1852077093 28.3430257884 28.3478198792 28.3601116803 28.0859759306 27.0144640198 27.0457755514 26.7107936996 27.6261961226 26.8207892816 26.8763972593 28.2406395202 27.3138302144 27.7113593138 28.336068283 27.5359788831 27.9646225574 28.208704102 27.7760957 27.7097847362 28.3666495188 26.748440904 27.8799722609 27.4281147162 27.4393264651 26.7504512625 27.0339505009 27.0866109027 28.615956933 26.7796579346 27.6940256866 27.1104378648 28.1267370167 27.0783019072 27.4267532102 26.557534026 27.3535629322 27.0046770362 27.3201716254
27.5534151392 28.6014318937 28.4454470345 28.2600897426 26.725386114 28.2870898527 27.7624111542 26.9558273248 20.7424844071 27.8215655441 27.6757070967 28.2151378664 27.1971985367 27.7566926864 27.8267585872 26.7921183625 27.8113059147 28.5504124645 27.5742767556 27.230469376 27.8628332834 26.6713511686 28.1486840355 28.3564278874 26.7688727086 28.1012984897 26.5743388743 28.4756857331 27.5618885031 26.5063995185 28.2719705255 27.5228738689 27.483475372 28.198680279 26.5985112934 28.2878983649 27.0571068196 28.4603340004 26.5173687516 26.5957149945 27.6797057636 28.3612816523 26.7354574345 27.7196418685 28.1030093882 26.9498446123 28.3701582046 27.318614655 26.6694017728 27.5077789469 28.592572029 27.9978447728 27.9109306565 26.5345509872 27.305129675 27.6617950217 28.5010742167
28.5274601489 26.5461247168 26.9467452129 26.758866656 27.0261918937 26.8207255703 27.3171686556 28.6096532026 27.8148683156 28.5229227439 27.7652702486 28.2081689748 27.9735287609 26.878073019 27.8448291919 27.6031021197 28.462733944 27.4442536678 26.8577079846 28.0528132247 27.3193322217 26.6249183949 28.2848353106 27.1924349981 28.3700829456 27.0505855056 27.7899969889 27.7015444424 27.8465973894 27.2737374598 28.1548960251 26.6759196096 27.5199582468 28.3248750677 28.0238879644 26.8564159046 28.5978200433 27.806879195 27.8950815261 27.7358919405 27.3221348811 27.9239314329 26.9032987853 27.5171736362 27.8894369483 27.9908735629 27.2310715766 27.3809921038 27.9599240448 27.7739989295 28.1144016885 28.6097633737 28.4874419869 26.5733098555 27.8920239516 28.3183494673 27.9856176063
28.1712278005 26.9019540074 27.4201957798 27.3227464438 27.426234115 28.1898673422 27.6560325789 28.5975344341 27.4911679044 27.6209747664 27.1247833877 27.0995023188 28.0644784654 28.1048669552 26.9864465646 27.4417992132 27.8567324935 27.5048804077 28.2131560186 28.5692916211 27.3520953563 26.6659563394 27.8397504322 27.8679787464 27.8452737847 27.7324460292 27.5004458386 27.3045243454 27.3667397497 27.1535811687 26.8379618219 26.6455661363 27.8524374423 28.5400253553 28.3419664075 26.9620993699 28.5155168095 26.9396215197 27.9224920626 26.7703901494 28.3267339779 27.1899674139 26.7071529633 26.8497410277 26.5481110225 27.2522469788 26.8643989582 27.7975167755 26.8815741847 28.2903396406 28.5023884594 27.4152414142 27.4010036636 27.556927995 26.5896419206 28.2641083951 27.5739433729
27.5678004523 27.2760690038 27.7825190868 27.2980190123 28.4719602485 28.3667312586 27.6359795515 54.9604388642 54.9604388642 54.9604388642 28.147193203 27.6706085981 28.5020811402 26.7608422178 27.4696921654 27.0843769637 27.6910759748 27.3795512425 27.2471554092 27.3162587678 28.2122044562 27.2897182182 27.8758764203 28.4151093804 27.5098513224 27.2038124183 28.3330223267 27.9615302343 27.0925301771 27.1905507458 27.3579507227 27.5814036988 27.1281935499 28.0495834255 27.4007031674 26.9332505377 27.8497939447 27.4552259303 28.273251218 27.275103308 27.3555875521 27.8971430342 27.4821085124 27.8156537663 27.633950222 27.7700487559 26.905385544 28.28841632 26.9529143199 27.9967663572 28.417391843 26.5312814104 28.2236556084 28.2069927146 27.7683038629 27.5023795132 27.9792995853
28.3834839728 28.3738965091 27.3997410111 28.0822111467 27.8151437133 27.1533402859 26.9281748319 28.384249194 54.9604388642 54.9604388642 26.8115332127 26.9348771747 28.4823162141 27.9117943341 27.1089033515 27.7695060892 27.1596729337 26.9188705694 27.2793014794 27.5950595203 28.0511659767 28.57877969 27.4119423145 28.11049832 26.970190801 27.1998690717 26.5568647934 28.6107265921 27.5897407167 26.6104505412 27.2754256212 28.2111716046 27.8204423259 26.7768882791 27.9894285585 28.0463896118 27.7003613015 27.6592920172 27.7880556665 26.7061510407 27.9712399457 26.8912924922 27.3912971317 26.6037720779 27.6570832816 27.2201690736 27.6910376419 27.6928199364 27.2115640345 26.7100232661 27.5248358487 28.0077934026 28.3470109798 27.723726142 26.7157952938 27.0192466789 27.9244656553
26.6188394682 27.1403084397 26.9290665282 28.1981652989 27.2284457604 27.3917626845 27.5298040819 27.941272062 28.0481200673 27.1042300944 28.4651036432 27.4119375585 28.5176098967 27.6995272341 27.104410412 27.7648612504 26.8993565536 26.7289719279 27.0526234045 27.4139783905 27.9951681355 27.6446282429 27.5451697907 27.0209621236 27.7076963993 28.1053855196 28.5060350641 27.8139270809 28.0780572776 26.6845026245 27.2769951078 28.1809233372 27.5679082906 28.4804574383 27.8698153336 27.5567242204 28.5174460314 28.4040919362 26.7231047626 28.4126307925 26.5868438634 27.2010602099 26.8852992005 26.6513045062 28.1785353816 26.7065426691 26.6087514089 28.0247541869 27.3414328311 26.7591099599 27.71382738 26.7786474099 26.6848317443 28.4216959749 26.7304818693 27.7079046523 27.1007671566
26.7186961674 26.8567018826 27.7511314871 27.335983844 28.1719854461 27.6710843457 28.5340364466 27.0956886191 44.8376850088 53.1034716028 49.4359776473 28.2389890156 27.7740683291 27.4544873436 27.5504949178 27.6389810143 27.5968550978 28.2680723833 26.8155659289 28.0716530475 28.0887097921 26.7132754989 27.0360945067 27.3026295764 27.4296232948 27.799259786 26.5945111945 27.273295223 27.4238934706 26.8414545711 27.2460518787 27.2981977937 27.5960839354 27.1093871694 27.9523175302 28.4910695913 27.731542463 27.6035390272 26.8633650428 27.6336324437 28.3024336009 26.7320995492 27.0048851764 28.2167705711 26.6910363516 27.4236121461 27.8984764381 27.5278269111 27.5792186123 27.7481335361 27.9949381404 28.2030042418 28.1214407315 28.617463818 27.4993791537 27.8200972996 28.3633742058
0 28.6134096596 27.3475216364 26.806918852 27.4752622539 28.2747216268 26.5518155891 27.4195477503 48.8513686761 48.2493902372 53.9701422796 26.8476961546 27.9678953905 27.8635979094 26.8178294747 27.7297603259 27.4612008788 26.9894517721 26.8621529061 27.8989422853 27.3740991194 27.378883005 27.4847357024 28.0357019238 28.2232198092 28.130465099 27.8023918934 27.9449093194 26.9177038108 26.8984130564 26.7407287406 26.860588636 27.4177587553 28.5210139759 27.3029095082 27.2932053851 27.4186293901 26.6760131859 27.4836002523 27.8154773648 26.7110786602 28.262705143 28.2648073862 27.4748463484 27.8130490111 27.4466181098 27.7694323754 27.4350023006 27.5974846414 27.8096584121 27.00987774 26.8949050449 28.2164806093 27.3712436601 27.9466470604 27.8374621577 28.4272179394
0 0 0 0 27.602251286 27.3716206983 27.0662505996 28.5869485429 39.3781234835 48.923569315 50.5979379273 27.4287391987 27.6800298408 26.9581941632 27.2989978323 27.5382452977 27.0349797416 26.9820457718 26.6352169467 26.9335569585 27.6494440301 27.6018021899 27.7442423819 27.1892515375 27.3674873085 27.3793169908 27.5948236783 28.0032058861 27.2583383393 27.8497982873 26.9935125624 27.0677931396 27.6775567361 28.6166075625 27.4991882963 27.7244577935 26.6088211331 26.7117815634 27.2485258179 28.231882601 28.0260737375 28.3832396068 27.6029728287 27.2223652116 27.2217905875 27.6185519206 28.3323864462 28.4518011382 27.4579280082 27.3625075919 26.731866926 27.8808206778 26.580770903 28.4507869079 26.7220883381 27.5744474601 28.5759763655
0 0 0 0 0 0 26.9746614367 27.5535133131 27.2828547705 27.8278621765 28.0006027338 27.3545643783 28.6187133113 27.288727091 28.1706143719 28.305079765 27.6630353581 28.5982000002 28.4785562285 28.3683154189 28.5480390624 27.4840112211 26.7699119731 28.2021605175 28.3914766931 28.0638789802 28.367094036 27.029091288 27.0313550648 27.3960570165 27.1262931084 27.3320824012 26.5395595697 28.3451009462 26.5796974037 27.0125117684 26.6554403961 26.8533741603 28.3621287907 28.0828273775 27.7821479603 28.2126249247 27.3196788758 26.8245430855 26.5034043434 27.979113064 27.5375730437 28.4949541052 28.0914181873 28.1165282272 28.027450821 27.7621161942 27.6815633433 27.6832367476 27.2104677781 26.5027708495 27.5917328025
0 0 0 0 0 0 0 0 0 27.6759882328 28.1889071545 28.3925171845 28.5976837758 26.6983348782 0 0 27.3049674482 28.2016529128 27.0451763961 26.51031714 27.3924090402 28.0090284593 26.9031810182 26.6159341109 27.4002570946 27.1380735882 27.2763087603 27.0621561029 27.5470875086 27.3525966726 27.6723378 27.7345985372 28.5980318014 28.2719476299 26.9600174745 28.0519573707 26.7436387059 27.2107862245 28.4591446835 28.4717867983 27.2425469808 27.1792315748 28.2296297963 27.4402890286 27.2030413633 27.845646428 26.6636924713 28.3438240336 26.5311882563 27.2485282481 28.5726618028 26.8775847207 26.6783072914 27.1109862491 27.02453539 27.5788887359 27.6390136738
0 0 0 0 0 0 0 0 0 0 0 0 0 0 0 0 26.6049307125 27.9184836922 27.5562502961 26.991699894 26.6382670296 27.8408040094 27.3220423194 27.2440710812 27.8166894099 26.5698643196 28.0900299437 27.7501284578 28.1315130635 28.2313041084 28.4643028903 28.1856925526 27.2437379112 28.3475050593 27.3855017572 27.6799793678 28.6089720429 26.7063057501 27.1440860013 28.3707729123 26.7050619047 27.247299208 28.1555838843 26.5942946686 27.4903873447 27.5606285034 27.6421314561 27.2544570059 28.0372937248 27.3087575198 28.2921911244 28.1670694059 27.2623134698 28.6167485729 28.2204629886 27.0173532413 27.3635494698
