Spatial_Output/DEC/DEC_0567.asc
NCOLS 155
NROWS 192
XLLCORNER 196307.867259
YLLCORNER 449144.565805
CELLSIZE 33.573938
NODATA_VALUE NaN
[rows 78 to 103 of 192, columns 0 to 56 of 155]
0 0 0 0 0 0 0 0 0 0 0 0 0 26.8509446324 27.7354690356 27.4056475786 27.0645101307 27.867245865 27.6758464694 28.4614576643 27.1513375628 28.2679545303 26.5908675809 27.0783700072 27.3859406794 26.6410303564 28.521292833 28.2859372995 28.1238288984 28.0735296394 26.9964740749 27.7636351735 26.974885244 26.819764448 26.6688888858 27.6695314228 27.449728626 28.5954372837 27.9519774616 27.7392970824 27.8425968416 28.0330581756 28.4477022872 28.0540042588 26.6769678605 27.7935472657 27.5793576802 27.1209004023 26.7100884882 28.1356337836 27.859005035 26.588290341 27.5459375011 28.27212356 27.4289826976 28.1748585363 27.1660069558
0 0 0 0 0 0 0 0 0 0 0 0 0 26.6258916776 28.1772633558 27.3091584564 27.1257898302 26.9237512694 28.0541131033 27.871271134 26.8900563924 27.5983509184 26.9566463102 26.6977678443 26.8984616833 28.0967719967 28.1332689112 27.4312935248 27.6607219781 26.8515150378 26.7324547228 27.959664858 28.1122326346 27.361168631 27.4077437478 27.3378441971 27.5216691844 27.5043188222 28.4100867051 28.615855295 26.6856272157 27.4626509887 28.3396211845 27.2561701433 27.8675585297 28.6077761237 27.9340819958 27.5688469665 28.2649437169 27.0206589322 27.7886954864 28.2628546534 26.5502662071 28.4478876282 27.8245496675 27.7680913652 27.5639226316
0 0 0 0 0 0 0 0 0 0 0 0 0 26.8115756508 27.4840146189 27.6391777185 27.2249871641 27.3821031181 27.7932639929 28.3591480791 27.3866896766 28.2847398386 27.9657100935 28.5252364516 27.537906985 26.9448651998 26.7602377464 28.4997006521 26.9758434896 27.7847394626 28.2516285 28.4360351502 27.2904219628 28.4724718889 26.8263520252 26.7309171672 27.3740062708 26.6021269216 27.6810487135 28.167623294 27.0580459375 27.2854687026 26.5884791371 27.2848810112 28.4084705473 27.5603923162 28.5901702093 28.1143935973 28.1488032707 28.5151619791 27.2344710915 27.2916491314 28.1399899293 26.8148660307 26.8329998039 27.9720676304 26.7404090172
0 0 0 0 0 0 0 0 0 0 0 0 0 0 28.158512149 27.4616315246 27.8609525857 26.7128090316 28.3219210179 27.1004584106 27.4497966724 26.9500066999 26.8943331763 27.3041848625 28.1740431885 27.2721342793 27.2033129564 27.075028332 27.420945891 27.4157284419 28.1481795369 26.6373172349 27.8882335075 27.4285191125 26.916512622 26.9878117569 27.9340461665 27.6709556785 28.3951554891 28.2689008519 28.4664140075 26.5720958719 26.8815334936 27.4512363241 27.9392691922 27.9526420996 27.4528299615 26.8219065398 28.0452098179 26.8686501012 27.2167569027 27.1967723281 26.7156310594 27.0619129514 27.1380452204 27.1064433217 27.1407538265
0 0 0 0 0 0 0 0 0 0 0 0 0 0 26.9511169948 27.6987292541 28.6105277614 27.9052734946 26.8746125457 28.084640882 26.9531254997 26.9137495744 28.5940531372 28.5508951485 27.6202843115 27.813186821 28.5788133639 28.1851946885 28.5589789934 27.3056997128 27.6882897237 27.1548126839 28.5790838387 28.0256636606 27.9344533898 27.2877814893 27.6878975736 28.2207663126 28.2859220675 28.3260571783 27.1429101718 27.4249342411 28.0984008081 26.9451810253 27.4879571893 26.5647063278 26.7776523757 28.2720058373 27.7779590203 28.4880902844 26.9314487878 27.0671372588 27.5163928015 28.32295303 28.2328053612 28.5049747021 27.9055459222
0 0 0 0 0 0 0 0 0 0 0 0 0 0 28.3477708931 26.6073507871 27.0077894201 27.9507274114 27.1192663739 27.3953286641 28.2119039372 27.6700048856 26.7517161991 26.9095744802 28.0314773408 27.0593846969 27.0585556722 28.4654629814 27.7272185479 26.8051028838 27.9510452446 28.0391889183 27.6393454869 26.7111270278 27.1645370083 28.5420557214 27.273162251 27.4003154116 27.1655712779 27.6251727699 28.0810930126 27.4133708492 28.0576564409 28.2955506078 28.1649815309 26.8691903181 27.4346387824 28.5892481849 28.6041148446 27.1280664229 28.3364854339 27.3354881879 27.7145075646 28.3215576134 26.741673713 27.1630102045 27.806717808
0 0 0 0 0 0 0 0 0 0 0 0 0 0 28.0847043028 27.0976070416 28.2268673199 27.0389881202 28.2713343031 27.620539881 27.0814582021 27.1741785172 27.5369658431 27.1609711194 27.3519586048 26.9341119753 26.913718179 26.6112507966 26.5589384963 27.7434247947 27.0823078753 28.4790959327 26.5731240312 28.5172030385 27.8713149308 26.6842590887 27.7333709213 26.9787490115 27.5065770972 28.316713534 27.4626130905 27.5637590516 28.0719767826 28.1220267218 27.7487455842 27.0935643946 26.7824155952 28.3823470951 28.2835271294 27.91601835 27.8203424163 27.7680632951 28.5532125697 27.4974608868 27.98823925 27.1564786441 28.056168534
0 0 0 0 0 0 0 0 0 0 0 0 0 0 28.1137192041 27.2598688331 28.5152296567 27.7516035576 27.1061075536 28.3205194181 27.7211075625 27.191229885 28.3648140076 27.4937312237 26.5667828673 28.3217945764 27.5124098078 27.234774213 28.3749678648 27.3541600769 27.159186202 27.2020160239 27.4909979675 27.5741382023 27.7268260013 27.3575259737 27.7853265732 27.9753052677 26.5226047704 26.7202138163 27.0790944753 27.2329378131 28.4665831101 28.4132784889 27.4358002212 27.2469652504 27.1711576751 28.1942043329 27.458549728 27.4521867459 27.893520027 27.5771362266 26.9906799326 28.6184960155 27.3845765033 27.6914556794 27.5541447679
0 0 0 0 0 0 0 0 0 0 0 0 0 0 27.9157990509 28.4023192443 26.5226289949 27.07269678 27.8709236249 28.0507754382 27.3844073208 26.7989428267 28.4425593592 27.3865659864 27.6055347905 27.9883604648 27.7872492152 27.4293659519 27.7548548618 26.5885426643 27.6697716004 27.9026566511 26.6522011625 28.2473811078 26.5735882142 27.6054640352 27.8007097444 27.2297128673 27.7387241177 27.0100435381 27.8321661559 26.7225695747 28.1143299296 28.3226159677 28.0195811996 26.7886596234 28.3973104836 28.0999950898 27.5488338095 27.3366588529 27.067073164 27.2714319986 28.0127556894 28.2427213965 28.4921941672 27.0095879449 27.4140437643
0 0 0 0 0 0 0 0 0 0 0 0 0 0 0 27.4687905463 28.2809951598 28.4757182792 26.5830103453 27.4824522081 27.3739022444 27.9972645946 26.9589984154 27.2080406096 26.5499038927 26.8624846341 27.5838204104 28.1998701434 27.0235296963 28.4163450801 26.6820420608 27.5988543017 27.7498941928 27.0714383823 26.9132212083 26.8598812633 26.9162207727 26.8932732532 26.7606379366 27.2957327276 27.1650878787 28.5094397667 28.0248868076 27.2325339432 26.8142284894 27.6996412195 26.5015063395 27.2877794298 27.49233181 27.7935351418 26.9061701762 28.0615915244 27.9046485128 27.5368295485 28.2353919642 27.641112673 27.0414918126
0 0 0 0 0 0 0 0 0 0 0 0 0 0 0 0 26.6274550521 28.0660205714 28.2763326292 26.8434099056 28.3352261698 26.6598989128 28.3930461165 28.0692712388 26.6035674651 28.2768776562 27.1071232434 27.5522980394 26.5813417729 27.7071092071 26.8116910994 27.0246034837 28.248905649 26.8871572334 27.569511315 26.5399384371 27.2650739767 26.9731985138 28.5008041904 26.99525437 28.3594065857 27.5599100938 27.6290257746 26.8077209835 28.1466170522 28.3642531988 27.8931371324 27.1167135398 27.2895190335 28.1096434179 26.5682098445 27.5912034514 27.0439974669 26.8657816267 26.8976779714 26.5489892942 28.3757798226
0 0 0 0 0 0 0 0 0 0 0 0 0 0 0 69.7571762143 69.7571762143 27.2427446668 27.0846166012 27.8569435811 28.5431158977 27.8423457899 27.9059023233 27.0529363481 27.315049352 27.081930151 27.1622608151 26.8296113165 28.2743897526 28.283237854 27.9820151133 27.8702469985 27.274183076 26.8471737474 28.4260570196 27.8164834167 27.4864464301 27.0278859092 27.9698147483 28.5789511906 28.593510385 27.9578985167 26.7756784204 27.2759875943 27.994332543 26.7441182796 28.5558933326 27.9562474816 27.4082388513 26.9069946408 26.6728169718 27.429061837 26.5581488703 26.7642816545 27.9898774099 28.3584144149 27.434184336
0 0 0 0 0 0 0 0 0 0 0 0 0 0 71.1128159093 71.1128159093 69.7571762143 0 27.9768272891 28.1984893674 28.2065349444 28.3701759887 28.3944179772 28.5280839102 27.1018827005 27.1017280668 28.244210599 26.7351043644 28.5395867386 26.5135111797 27.3413490609 27.2554447583 27.3487088531 27.4705665028 26.7654583912 27.2418814332 26.5316522874 28.4418821352 26.631226052 26.6466016848 27.6147306609 27.6470235114 26.6993029374 26.6034522161 27.5851798232 27.2057603448 27.7204228599 28.5464313974 28.5598712558 27.8571808795 27.9195033831 27.4755628562 27.2706959923 28.3706700207 28.319786525 28.3902485078 27.2535415838
0 0 0 0 0 0 0 0 0 0 0 0 0 0 71.1128159093 71.1128159093 0 0 0 27.784230202 28.023387997 28.0462312041 26.622890571 27.6219831146 27.0393231918 28.2969394373 27.436200665 26.9632367412 26.7293080524 28.5060781724 27.8236452926 28.4586297281 28.310079137 26.6509908615 28.4429619431 26.8023908673 27.8298466491 27.5861098383 26.9664786239 27.3538164655 27.2191146522 27.2883284554 26.9822414553 27.3764411662 26.6047080578 27.1176945536 27.5784989244 27.4572205169 27.3022598307 26.719050864 27.2554602099 27.954666776 27.6561738641 28.2228720618 28.2209887704 27.1928806558 28.0278491848
0 0 0 0 0 0 0 0 0 0 0 0 0 0 0 0 0 0 0 26.7025958116 27.6573033611 28.2931196676 27.8963968514 27.9395147678 26.6258169361 26.54447392 27.8463996041 28.1589175338 28.6106335321 28.023636309 27.6391052919 27.969691606 27.7870443306 26.7438159494 26.6714215619 28.0131876101 27.1386432502 26.9215412502 26.9444212496 28.5641738599 28.0343179153 27.973383034 27.7962630566 28.0063597931 27.0482487931 27.4994237864 28.369345823 27.732111618 26.704549294 28.4704460255 27.0075251187 26.7318782376 27.1653582586 26.8402551259 27.3709010668 28.1280001422 26.7207335353
0 0 0 0 0 0 0 0 0 0 0 0 0 0 0 0 0 0 0 0 28.4705897684 27.9900352753 28.1502237824 26.5559507209 27.236501002 28.0594133827 27.1678854125 28.1427296871 28.3060975533 28.09157238 28.304627207 28.0095061636 26.5207283494 26.8888578116 28.283019071 28.0237486286 28.1309732856 28.1275332638 27.9687506247 28.335926357 27.7792750389 26.697347771 27.1837227038 27.366196175 27.5889348344 28.263880316 28.4769749737 28.3742389262 27.7647677442 27.5314084199 26.8569672036 27.5082009547 27.151542991 28.4087590086 26.5216893546 28.4889738336 27.0689391669
0 0 0 0 0 0 0 0 0 0 0 0 0 0 0 0 0 0 0 0 0 0 27.1638800915 26.7159997908 27.5220689102 28.1922425648 27.6959348413 27.8168173942 27.7331961283 26.6800586002 26.8535222597 26.885793073 26.7227265552 26.8983742588 27.8701771742 27.6025516741 28.3231628363 28.4929640125 28.158767501 27.3173012495 26.9191520064 26.5175992573 27.2394805031 26.817061842 27.9066431324 26.8667840083 27.3817750037 27.008100133 27.1563432701 27.4534507929 28.1640836996 28.2990648627 27.9667331861 27.8782126452 26.6629083266 28.0769103212 26.6750753364
0 0 0 0 0 0 0 0 0 0 0 0 0 0 0 0 0 0 0 0 0 0 28.0639369715 27.1182888887 28.4435565974 27.1190633724 28.2527105086 27.2030177965 27.7021748291 27.3056020173 27.6376137229 28.2264408585 28.3543119261 27.3978893817 27.4964959104 28.3453064551 27.4379137285 27.2873394375 27.190611981 28.1676370671 28.1343704276 27.0896696436 26.7523238151 28.0638488563 28.3883292806 27.5845095473 26.728284969 27.3807476522 27.9821496901 28.4675891041 27.6454543886 28.587969812 26.7820365751 27.1956911472 27.660941384 27.7974800616 26.9970814936
0 0 0 0 0 0 0 0 0 0 0 0 0 0 0 0 0 0 0 0 0 28.4976090367 27.5114297723 28.1964114961 27.2638170466 26.8879187287 27.0567406808 27.3009221931 28.4243909369 28.5389837596 28.6079542547 26.6322344023 27.0722916802 28.0178136403 26.9263690806 27.9790469991 28.5691586097 28.5158915429 28.4647160307 27.277468065 27.7247607004 28.1312502154 28.4948066334 26.6912611228 27.4866898868 27.3540933109 27.8235949369 28.2094067674 27.9390646053 28.1985724375 28.2016432009 27.5702949217 26.7181595621 27.6820782656 28.2592626047 28.1787377407 27.0270616216
0 0 0 0 0 0 0 0 0 0 0 0 0 0 0 0 0 0 0 0 28.1147998345 27.3429501281 27.6312853799 27.8613946204 26.7801823559 26.7517528661 26.6010418958 28.2335067173 27.4851986988 28.0596775381 26.7264862977 28.2409166077 27.0376249106 28.342159143 26.7904107724 27.3368558225 27.9695955485 27.1391567764 26.8207284126 27.7734954914 28.1885234284 27.5545433123 28.4081837136 26.8064466374 27.4646812007 27.8426207722 27.0618480428 28.5262632375 27.2466326509 26.5910597177 28.3674043711 27.0293239933 26.551182777 27.4199577689 28.4134398085 28.1540895887 27.0593165688
0 0 0 0 0 0 0 0 0 0 0 0 0 0 0 0 0 0 0 28.009932392 27.6174835504 26.8909329871 26.7501675312 26.5698577629 27.4942462206 27.0788259566 28.2468439374 27.0101407475 27.3307082663 27.7940966901 27.3742263648 26.7326689844 27.0757981839 26.7033952243 26.9398608869 27.9001186416 26.9809212197 28.3309817092 27.8975612129 27.777218469 28.5926409156 27.9927172675 27.2506186356 27.201117282 27.5840090536 28.0915021983 28.2746930511 26.9597390666 26.9706507334 26.8381449647 27.1352701494 28.5980080973 28.3350877654 28.120341718 27.2377745231 27.6531685686 28.022520633
0 0 0 0 0 0 0 0 0 0 0 0 0 0 0 0 0 0 0 0 26.8585146747 27.2111687048 26.733713176 26.7946233473 26.6344278984 28.4801666102 27.149284872 26.9968709353 28.3123028486 27.5210800397 26.7930681544 27.8654350347 26.8364369443 26.5316384176 28.5571993116 28.1671610244 26.9370371253 26.6688840437 28.2580703198 26.9396965948 27.1922122729 26.5357184716 27.2532695888 26.8295793928 27.0825473885 26.5950520704 28.1384621539 26.991254226 26.6260881333 28.5432973154 28.5271442735 28.2116084602 26.826590742 27.752495302 26.8316628262 28.3276644206 27.8317790304
0 0 0 0 0 0 0 0 0 0 0 0 0 0 0 0 0 0 0 0 0 27.6339025259 27.7396870745 27.5812936216 26.5657822096 28.4458814817 26.5976950669 26.7668747483 28.0811397436 27.5424459863 26.8539561172 28.5065641072 28.3405986775 26.5440502078 26.7650695539 27.3035344517 27.7621240379 28.0566491994 28.005318911 28.4748668968 26.7027659399 27.2857560204 27.8262158262 27.7540806004 27.1033471527 27.2811181523 27.4651461071 28.1215990444 28.4469585621 28.3637239929 27.6943822629 28.0661908361 27.4327073999 27.9078381146 26.7435880698 27.2846398069 28.4091446861
0 0 0 0 0 0 0 0 0 0 0 0 0 0 0 0 0 0 0 0 0 0 0 27.1786734869 27.0681381329 27.0533624852 28.5577008024 27.5990215142 27.0387602078 28.3673590133 28.0871862567 27.5094697532 26.9446907141 27.6321940703 28.4590335466 26.6643510906 27.5404451982 28.0400666874 28.2005601439 28.42883628 27.096403627 28.159035828 28.3203349817 26.9026057404 27.1568153678 27.0818050198 28.5193449233 27.3239525991 28.1007603607 27.0329460815 27.6108757087 28.0815628756 27.1449663439 28.1504307082 26.8248034246 28.4654433301 28.0225320352
0 0 0 0 0 0 0 0 0 0 0 0 0 0 0 0 0 0 0 0 0 0 0 0 0 26.942925486 26.8611227136 28.2371119363 27.6975326773 27.5116595625 28.5489701721 27.7512566307 26.6711890133 27.509488253 27.6134898761 26.9209550607 27.7340462003 27.6518565368 28.2355824264 27.325433827 27.7190383774 27.6279739363 26.5446084344 26.7037110447 27.8810834908 27.897437993 27.4862896495 27.5817550505 27.7166336338 28.4075871455 27.5040447985 27.4526608091 26.7072410925 27.5543591788 28.4632166948 26.5758801251 27.8590606623
0 0 0 0 0 0 0 0 0 0 0 0 0 0 0 0 0 0 0 0 0 0 0 0 0 0 27.6435172643 28.5954670187 27.6615790866 28.4365035893 27.3330155585 26.9555833583 27.5135990591 27.6784901103 27.4227924309 28.5946455305 28.1759003176 27.6558508354 26.9227185269 27.7495437819 27.3081045661 27.9193582541 27.2749585553 28.2949153583 28.381748762 26.8873829162 27.4283046564 28.04569035 27.3550705181 26.8741549167 26.8698864226 27.4874064442 27.7346474103 27.3965828352 28.5224711158 27.2721082094 27.5199046193
