Spatial_Output/DEC/DEC_0116.asc
NCOLS 155
NROWS 192
XLLCORNER 196307.867259
YLLCORNER 449144.565805
CELLSIZE 33.573938
NODATA_VALUE NaN
[rows 130 to 155 of 192, columns 57 to 113 of 155]
43.6722373188 44.0208250329 43.936248383 44.6042611424 45.4284873945 62.7600070088 44.2796096614 44.7380253401 44.7390580456 44.2084830632 43.6307040788 43.2838667502 44.9168154068 43.1200659016 43.0555282736 45.0407930854 45.2381992779 44.7136692001 44.527868629 44.4060304145 44.2706517324 43.9444853186 43.8514292781 43.1698564605 45.1763977406 44.6522619281 43.6613243369 43.3093712754 43.5031575247 45.7997962354 44.409189176 45.1533905368 43.7375166831 43.2986768095 44.6476877828 45.4915849258 45.6844197598 44.5091095791 43.4722553257 45.5990249535 45.7411047364 43.0765254031 43.7581033586 44.289102462 45.7023760084 43.7263329721 43.7641568156 45.7662990789 44.6221132658 45.5389036972 44.5697344053 44.0992906608 44.1966439155 44.4711628312 43.9219724521 45.6315923756 44.0541635433
43.33056068 44.0829078739 45.6740487184 44.3932833782 62.7600070088 62.7600070088 45.7502193729 43.6117416624 43.9912546669 44.0719810629 45.0677770028 43.9582928888 45.7697747155 44.4612214043 43.5697909046 43.1195265111 44.9605556107 45.3915036209 45.5653040869 44.1946620603 44.3778399348 44.7765909943 44.8686980008 43.2678656154 43.8594066845 45.283616074 44.8253885842 44.8231125663 43.9924781283 43.1246816331 43.4831038154 43.5810321121 43.6944963925 43.6482587458 43.7939308932 44.2607092036 44.5915676991 44.4214745108 45.148919746 43.769452988 45.0013730382 44.7261553563 43.5640896189 44.3392305645 45.5075664795 44.921012184 45.2524219156 44.2590058548 43.7329369301 43.3986279797 43.5890644617 45.7361669823 44.82627369 43.8118558143 45.2273925215 43.4495766713 43.1604846052
43.3592481239 44.8758244959 45.3378117176 45.5402111539 43.884519295 43.1928863669 44.959676162 65.0480665137 44.738179058 43.1282375034 43.8971564133 43.265456011 44.1496503208 45.4367354773 43.1755040712 43.7188542195 44.4579618876 43.7664148961 43.2890275185 43.4275599703 44.9751144984 43.1547201543 43.5539031942 43.3763296801 43.0744900888 45.0465005392 43.8185741753 45.5712707859 44.0540143393 44.5726832703 43.8356218134 44.137397871 43.397168324 43.9408889345 44.1282512037 43.3191892303 45.1833008192 43.7074035582 43.7608741334 45.5731666615 44.4354408661 44.2872851795 44.5949119884 43.9834159621 43.3776278425 44.04547924 43.7207643407 44.2646871872 44.9256912515 43.7795916133 44.067477233 45.1879325316 43.7730828363 44.4998102522 45.6035211701 44.5050613117 44.5100356318
45.5965286916 43.4325622735 45.603734836 43.3017967035 45.6657924155 65.0480665137 44.6349882484 44.3032476299 43.4589532059 44.6042787219 44.5768200183 44.3552858847 45.557000702 45.5985420695 45.4580584143 43.6617894995 44.6067697106 43.6718393014 43.2442576522 44.5506974308 43.7934514756 44.810795397 43.8053728615 45.0130425407 44.7700523634 44.6777958148 45.7859111052 43.56951363 45.5353350278 43.6337363643 45.7374274269 44.2784446665 44.1824638187 43.0948366275 44.5594792045 45.0319197579 44.7694428067 43.030243657 43.3295073714 43.8380822884 45.495093734 43.5387717603 44.0563318124 44.8220334123 45.3768310373 44.4055695668 45.57643315 43.067258796 45.0825631035 45.5279876428 44.0974303554 43.2348432777 45.0741907696 44.7486920631 44.8545713524 45.4805690269 44.9325443233
45.8120392063 45.4967025472 45.1049147276 45.0806393531 45.0075738843 43.8852055475 43.1876985799 43.5857788268 43.5754368143 45.6584759072 45.3700155788 45.0977477588 44.5807796233 43.9964473514 45.1298996656 44.2010442809 44.8163790698 44.1996404037 45.5536830322 45.6977381711 44.3681254599 44.1684405746 43.9916757729 45.0203160517 44.6851888247 44.7699945522 44.3635876449 43.0212450228 44.9231200234 44.9137078166 43.4266974207 44.2057707349 45.4829306996 43.8510032068 44.5107948832 44.3467254866 45.0549009259 44.5469802847 44.8014859181 43.9189844784 43.3188261149 44.5029353261 45.1664767792 43.6258874392 44.2697241569 43.4312699871 43.4230373077 44.6419487701 44.6798550003 44.5298446435 43.4758585687 45.0404568121 45.3468187963 44.8079278762 43.9461318268 43.0926017407 43.0477460164
43.138422035 43.1213225856 45.2894484336 43.8873269467 45.2339388934 43.2882158778 44.6792218279 59.4909334479 59.4909334479 45.6639073222 44.088073001 44.8900905802 43.3284067755 43.0975101416 44.5945789936 44.1345072912 43.3572963182 44.1794679093 44.9946625229 45.8027161955 45.6022890218 45.7126245832 43.9110063244 45.792255555 44.6899679604 44.1882210875 44.7299464143 45.4932184361 43.1547573752 45.0481703377 45.4659470332 43.6405286291 44.1408909261 43.8864129525 45.8217987823 43.2414253341 44.9960245552 44.7947228988 44.6858774362 44.1783852313 45.6985923909 43.5961062986 44.7594890812 43.7116101864 45.375706721 44.6245248445 44.2452118188 45.7765790501 45.7031873597 43.2093877663 44.6960976228 45.4284684335 44.8441456376 44.499759719 45.5084710979 44.3295166736 44.398613746
44.2177876676 44.3181473264 45.2406018656 43.4824764242 45.2909897561 43.0811097106 45.4607027311 59.4909334479 59.4909334479 45.5006221051 44.1734437387 45.6035788819 43.3354428629 45.2897726042 43.3551080255 44.2984466368 45.4813803402 45.0192621841 45.2699366047 45.241887829 44.0385617359 45.4221128779 43.8368311873 44.741937256 45.6146725951 43.2523220384 44.5832927905 43.2605064347 44.759033287 44.7830817365 43.5841743269 43.3619853615 43.6411512251 43.0221705818 45.127476757 44.1808278568 43.952876854 45.3146295462 43.5182598917 44.1591346557 43.382875805 45.7985726581 43.4031322282 43.3307868865 43.8726780621 45.0234663319 44.7148541222 43.5720608984 45.4943008844 45.429507068 44.9619549054 45.5486201598 44.6633244207 45.3378613565 44.701522139 45.1399755531 45.1111330898
43.3174537166 43.9844492409 44.0910378394 43.5515221498 43.4973137459 43.4893222764 43.6906904993 44.0843004163 44.0741425243 44.8833248269 44.7280498737 44.5032475845 45.5571982885 44.6192467438 45.5764333433 44.4782987915 43.8573289348 43.8943078101 44.4853328507 44.8545711527 45.3523430728 43.9757042603 43.0643367905 45.4346541703 44.5025499838 45.1251512581 43.95565028 44.7977767521 45.7465583593 44.1949065374 45.1756185442 44.4300012288 45.4605832891 43.0386867057 44.4711708587 45.3341747486 45.6664548778 43.4907762913 44.9648329969 44.2086705843 45.7869980961 44.6113057409 44.9765833814 45.1950731925 44.3394565079 45.5275302878 44.2189283228 45.4186226632 43.3518812122 45.434972366 45.5555509637 44.6578940961 45.1997411987 45.6940608232 44.9285882752 44.3323298848 45.2413717252
43.6826689412 44.1961032 45.4771145989 44.9833357738 43.0606049461 43.8411003867 45.5661055036 43.5240761661 44.600912915 44.2136893715 44.3729724538 43.7445939696 45.0775792712 45.2067067204 44.1535463634 45.2965694859 44.0208682067 44.702163424 43.583926988 44.5157403217 43.7476743239 43.9920450907 45.5653564051 43.8553408059 44.3081759789 44.2918643854 44.1940913427 43.9613974373 44.1799455604 44.5569284674 44.9872093592 44.7322927732 44.9208961817 43.8290041882 44.1339217232 44.095113308 44.6720005437 44.7828566901 44.9722402248 44.5568761917 44.7842071031 43.8248495603 44.1564168901 43.6732604729 43.8465945081 43.895581589 43.9624291273 44.4147403877 44.8477398504 43.2065433427 45.14447357 43.8522435232 43.2355911659 45.7516513791 43.2327396411 43.2406221733 44.9215694269
44.311680629 44.6287657192 44.4011329503 44.7014355742 44.5458055156 45.2599023392 44.6833264958 43.9938208575 44.6759541213 43.9959229813 44.2041131171 45.00012859 43.6166745929 43.1655670632 44.4138744713 43.368184232 45.5239792107 44.6917847034 45.302896968 44.6069937519 45.4787638785 43.2183790688 44.1421067722 44.8771322183 44.1361983456 43.9792032775 44.6173936977 44.6479905107 43.0669516105 43.4033684939 45.6660844606 43.8255732639 45.5573324201 43.9337325187 43.0271991879 43.5508663987 45.7232209412 45.7891608901 45.5364814314 45.3534748371 43.5668362209 43.7533637711 43.5266303095 44.0574063771 43.8844412852 45.3521350992 44.5677225662 44.5537337272 44.9027630436 43.5153486124 44.6713752328 44.4091506118 45.1121688088 44.313877282 45.4511672496 44.785214223 44.0062270088
43.007647218 43.0166277585 44.2496853885 44.9279290981 45.4868186373 44.0193665511 44.8411780857 43.3625456954 44.0818965857 44.7205658904 43.0098724254 44.1363242303 43.5968014261 43.0371390669 45.678704952 44.0571876796 44.3520061566 44.3311503428 44.8302380095 44.8943601983 44.6753645925 43.243604991 43.4909917737 43.3146807797 45.610819185 44.2490412959 45.7638469325 43.4165958439 45.1937830531 43.8506733052 44.0875845448 44.5876506261 43.4428689721 43.2562713033 44.5551100251 44.8813587587 43.4508807307 45.6076626463 45.5079176391 45.6797056223 44.1457200419 43.4811073056 44.5845298216 44.7610310856 45.0540182736 43.1662852681 43.4772576945 44.5991213437 45.5529376986 43.6413196679 43.1632985509 44.326832808 45.4457842873 44.7673223049 45.6950453477 45.0835550473 45.6213693408
45.2214895412 43.4151096238 43.9205340422 45.2286660302 43.8909601849 45.3709425069 43.2576281076 44.9156010984 44.4271266809 44.3750599224 43.7535426521 43.0437664573 43.5989958479 45.519628391 44.4772011349 44.1760271638 43.9012684864 45.6927152377 44.0838882916 44.49201262 44.1371023735 45.076458091 45.7093622521 44.263468155 43.9150539939 44.9710908278 45.3919335166 44.0398838496 45.6366684724 43.1755107669 45.4937267792 44.1066251059 44.8834017771 43.8802838764 43.5555308529 43.6319743343 44.1873158708 44.9196954253 44.0249213594 45.1600845641 45.4899718434 44.2992114461 44.1850754305 44.329648583 43.2805157977 45.6879304734 43.5501409971 43.1812332714 44.2098242265 43.7295416078 44.4164994582 43.8608029026 43.6033336128 43.6099389806 43.8737618364 44.3151995099 43.7680998899
44.5041315531 44.4339101499 45.2161315248 43.93502056 43.4232707841 45.787130756 43.6516056009 43.5090228047 44.5270064281 43.6203362837 43.7532725636 43.8433857647 44.6147769203 43.4494376247 45.2381490119 43.6469093539 45.0495079533 43.5085891277 44.2274212962 45.7335286648 44.8366375122 43.925964406 44.6710336743 43.7895626651 44.8226981585 45.6976651749 44.5890935541 43.5351387909 45.3372840285 43.1764052339 45.7603737879 44.4172823546 44.1951040841 45.7923469775 44.3551544314 44.000220818 43.1789995891 43.6672967607 45.1410951639 43.4188467422 44.7973450066 44.6845020037 44.7065593411 44.0490515776 43.9581443589 45.3015556328 44.2302967038 45.647465064 45.3510311808 45.0836216334 44.3222570577 45.4434918278 43.244459 44.8553847673 44.5874367112 44.7189800233 44.478246502
43.5895936373 43.8467975792 44.0067590885 45.5813237846 44.2078330529 44.4037954178 44.5475735865 45.6353928581 45.0782574558 44.5894879392 43.505475784 43.2792944719 45.5792576442 43.6508030186 44.2552844834 44.3101783912 44.8347048112 44.7814453628 43.5480707551 45.5244747295 45.4681281185 43.9263250047 43.3730007138 44.4985712517 43.8845752762 45.44295924 44.2887572975 45.103702253 44.617785205 44.3566461961 44.002350243 44.890204281 45.7055182192 45.6539626491 44.8228559961 44.1856785821 43.779648369 44.3080964666 44.6372181706 43.5899198154 44.1121565955 43.9348734505 43.4772038468 44.8528158517 44.5029110913 45.5397990892 43.5491526475 44.3834810331 43.640270632 43.1361180691 44.6616377485 45.6474714366 43.0668948928 44.8757714234 44.8285953217 44.2371354464 43.0647574907
43.2606330623 43.8094483878 45.3142432161 44.6937052821 44.2695799022 45.7839265302 44.0777559138 45.3699617056 44.5664870389 43.8886021883 43.0830005685 44.7257383903 43.9197913757 44.0946016023 44.6939456747 43.7195748447 44.920504825 43.5859001078 45.668523365 45.0512115419 44.2571862419 43.8477967511 44.1450993395 44.4153055508 44.3283354735 45.2026901751 43.2082478471 44.3919810735 43.4331965986 45.3247660761 44.5711873726 43.5769619677 43.6747291898 45.1218975951 45.6255009727 44.508229563 44.4080565994 43.0529739684 44.094313742 44.7454631678 45.5437177421 44.301513025 45.2678434717 43.0991927183 43.9955931849 43.7656261255 43.2830330694 45.1254769482 43.8370829412 44.3426880542 43.0758830472 44.0878590348 43.2586606574 43.7962303771 44.257907101 45.0629763883 43.9339436541
43.0200469528 44.2510019426 45.1000057596 44.1612060097 45.2777689147 45.3869568944 44.8826151445 45.665993722 44.4941259355 45.4906566848 43.5403293469 44.1710021689 44.13884781 43.7630434128 44.7998322484 44.6634485062 43.9031242954 43.9804465222 45.4760806234 45.5511773384 44.8547471328 43.0069215847 45.6403190277 44.7471528697 44.955231468 43.5573580027 44.8708635733 44.0333488342 45.0942920086 45.1401607809 43.9081431263 45.6740675221 45.6795898852 45.0353857911 44.8889035118 45.2967563051 44.439034569 45.2898968686 45.3575138606 45.7481782819 44.7464188726 43.8814915325 43.1807790779 44.2402034789 44.7962166108 44.5373193346 45.719126265 45.1674586736 43.3829007897 43.7715671181 44.3968338906 45.6363222418 45.6630389538 44.8111233269 43.289693221 44.1548063063 45.6860292085
43.2541633679 43.979999939 45.2268899144 45.0085935219 43.0848997583 45.771761745 44.3972104842 43.0736552534 44.4238170883 44.2356133005 43.5566667048 43.8010781838 44.2664092359 43.564374578 44.763897823 43.8289213828 43.6347866055 45.115522259 43.669321535 44.4564405133 44.7546851507 45.606033708 43.5228759621 45.0956051877 45.1306231206 45.3517393657 43.6734141925 44.2092869985 45.8173959433 43.7050760487 43.1703195639 44.7653164317 44.2883180132 45.6581455565 44.0410598379 43.4322060453 43.0780210511 45.781347394 45.58050531 43.1585190107 43.5703988163 43.7880619147 43.378490786 43.178025581 44.0950565552 43.0002130759 43.5749088089 45.4879034397 45.6745342012 44.6530786713 43.9887030247 43.1406443976 43.6987044316 44.4515082216 43.0875120345 43.055566029 45.3682931252
44.1018084498 43.0461813998 44.8460353427 44.421046536 44.7907592449 43.272295383 43.9478067349 43.0415599916 43.138770017 43.6253281566 43.2878950595 45.5262113272 43.6240450354 44.407497046 44.5118170936 45.256590214 45.5410578541 44.6697634393 44.6795176867 45.2974786929 44.33570427 45.3342401429 45.6785750531 45.0084129163 43.233194027 45.47773728 43.5932451079 44.5286490215 43.5062533506 43.4111141696 43.1264363212 44.7162473932 44.5361792804 44.2118226434 43.0342990952 43.4124011366 44.4758788942 44.913782879 44.5312878213 45.6868528111 43.6667548664 43.0960151265 43.2156777573 45.5854725211 43.7848872357 44.0978092724 45.8211461607 43.4371666389 44.0783510374 45.2199857739 44.3671449046 44.8970723954 43.8626160703 45.6320434023 44.7193562348 45.5274642942 44.7391332944
44.0236220902 43.1503347062 44.1021961571 44.3772383308 45.4250228408 45.6234388696 45.6545672035 44.2857945257 45.1892273597 44.8020122285 43.6886166554 45.0270316595 44.1041251413 43.7985122367 43.1018839238 45.1882825558 43.4716289299 45.5452803544 44.5930327284 44.183545498 44.8228953788 43.952163762 43.5724154747 43.5461709378 44.0055096892 44.1341042104 45.1793098804 44.5492467519 44.1373536858 44.5382560828 44.856189294 44.3276379842 45.7118060685 44.5421107281 43.3206755234 43.8168766931 43.6319046531 43.1939407974 43.2769374432 43.3886306434 45.5860479577 43.5707750696 43.9199391847 44.0596916251 43.0259709704 43.137019047 43.3740829002 43.0231888083 43.9373500574 45.0199695077 45.3553950678 43.9534228634 45.5580859942 44.6833729728 43.9014569873 43.9379539084 44.4704780384
44.7162386266 45.6557628671 43.2519197847 45.6372413398 45.7730664241 45.5154266902 43.0286225525 43.7643979813 43.3090074599 43.9853655314 43.790688485 43.4637952768 43.8088498536 43.9422537375 43.0077435342 43.0153333173 45.4158462789 45.5629013037 45.55537512 44.2762109747 44.868818241 44.3678625949 43.8080338754 45.7266598014 45.285512475 43.1882731909 43.3512165893 43.4204604691 45.3315537482 43.1020541328 45.025157962 43.3090462232 43.4609138663 44.4230644625 45.0521249541 43.796693227 43.0567259195 45.2039256808 45.2966945397 43.1266267771 45.0594750771 43.7526293014 43.0457374218 44.6599747686 44.5003131043 45.6178230793 43.5320514553 44.9463988761 45.2574335657 45.3209166904 45.184243981 44.0944505093 45.1815065556 45.2042271659 45.7105513121 44.4257409758 44.0738678945
44.9242119021 43.5300674563 43.2528580792 44.6071728338 43.8893011074 43.3141015052 44.5610174488 44.8015565794 64.8387365022 53.20530378 61.8064374848 44.0325439908 43.1784767458 43.3461671847 43.7062420137 44.0849144672 44.8656987993 44.2443289444 45.0274896099 44.3843978582 44.0963123166 44.3496069244 43.7377728684 45.8265341974 45.6002639125 43.6882458621 45.4447424968 43.4486459887 45.2300698389 44.7325901652 45.8180855673 44.3073108191 45.3218823464 45.4836416581 45.7567534958 44.3793633936 44.1673238511 44.9544589568 45.4503872795 44.4868176758 44.0286420932 43.7423106275 43.4685482318 43.0390209138 45.2692511111 45.143970922 44.1159670033 45.6332630992 43.8853012567 43.0662935535 43.695326828 43.911724033 45.1902931964 43.061613396 44.1013943518 44.8865180981 44.3323188508
0 43.7346253201 43.8210149792 44.6407339784 45.5607392083 43.3057767029 45.8137764758 44.7961863248 55.1245031525 52.7712908507 63.7768835231 45.0799095696 44.7745823254 45.8085231388 43.8782896384 44.6498143939 44.932091165 44.981235105 44.8857413362 45.5902043432 43.6153429686 45.501269579 44.9878469598 43.624830964 44.4397179117 45.7562538841 44.6067690827 45.1931878057 44.5728673862 43.7227027449 45.3299478718 44.8743966619 45.1197171118 44.7638149621 43.4261060283 43.5499993802 45.717070306 44.387574705 44.4224007743 44.4563814544 45.4035061477 44.0366920447 43.5552403002 45.727070413 45.393463403 44.8482648179 45.5483395002 43.5184500985 43.153024164 45.0477277424 43.1084345097 44.7183980755 43.3787053124 44.0760284372 45.5379019845 43.9837519694 43.6064659754
0 0 0 0 43.358283919 44.1784646634 44.4204551499 44.4812743551 60.1074069677 59.1212077999 53.2991230279 43.9111879995 44.0296405276 45.2883240142 44.6505635645 44.261711709 44.9214097457 45.4503436183 45.1799058775 44.1145110856 43.7225731828 43.8666267038 43.9276593721 44.0763424913 44.5622770555 44.942573392 44.4879387887 44.9223237823 43.5792934279 44.4140786917 44.6053202308 44.1038647888 43.2139357979 44.2880989542 44.7099814136 45.0394681263 44.8824722586 44.4427082502 45.7346625731 44.8805481963 44.9909752227 43.699498998 44.2112050297 43.0763802527 45.4844945807 44.1447933845 45.5703334731 43.8070878 43.8700418853 43.4203536526 43.0565424627 44.0899892105 43.5345093025 43.0826439257 44.8515405967 44.7619435243 45.3052124448
0 0 0 0 0 0 43.0539661236 44.2938575871 45.2518903243 44.4758342063 43.1933219666 43.8117609474 44.1307155805 45.386782712 44.5249485109 45.4785034367 45.7822241242 43.6732876599 44.4667088034 45.5032863965 45.388822222 44.3261746649 45.4745061522 44.3546873787 45.456764691 43.0539621821 45.6300043757 45.3148232193 45.691732558 44.8904245857 44.5733919496 44.4170195333 43.7359079721 45.4558612641 44.5952782031 43.352420086 45.206571344 43.7682358474 44.2072624847 43.6239867843 44.9768139069 45.6777963164 43.7556771424 45.5810162981 43.8002959417 44.6298721848 44.7086370134 43.1794106817 43.5663328259 44.5831666505 44.5932513694 45.2701577262 45.6612577892 44.4998906253 45.2456885265 45.4064982493 44.704423553
0 0 0 0 0 0 0 0 0 44.6132459104 45.3620639217 43.6498925449 44.2211986167 44.9837162738 0 0 45.7008782157 45.7022635313 43.1156759208 44.5000491277 44.3773588171 44.5617606864 43.441007962 43.4570043533 44.6293442497 44.1206705901 45.0648331252 44.8895441258 44.5697324912 43.8679875205 45.4732740162 45.1100344844 44.7008319324 45.1805898783 43.5147883594 45.4333364191 43.8737579399 43.2604574204 44.6807118826 44.805816894 44.1897017747 44.1838242553 43.6791970254 43.69691123 43.4314508424 45.8063709816 45.3244782832 44.1350506776 45.2989027422 43.4136441054 45.5747638406 44.9201850059 45.4844472199 45.1989661364 44.95877674 44.8723233254 43.3090482714
0 0 0 0 0 0 0 0 0 0 0 0 0 0 0 0 43.2922206883 43.5018296715 43.7312507317 43.2479874533 43.5256193025 43.7976845713 43.4492067379 45.3175582306 45.0923571574 44.9701525485 43.2051151958 45.4719779991 45.3611476604 43.0345227573 44.651155682 44.0306951147 45.6909060606 45.1795708071 45.4227721003 45.1490404205 43.4076541143 43.7718333069 43.0985520086 43.7268425797 45.6407875443 43.4599425168 43.4276639849 43.1988151545 45.6752582775 43.4254528448 44.2174609267 43.0763897372 43.0002150608 43.9743281164 44.5330974442 43.2596516292 44.1959809934 44.9188288548 43.2576060109 43.3816554026 44.3536570287
