Spatial_Output/DEC/DEC_0986.asc
NCOLS 155
NROWS 192
XLLCORNER 196307.867259
YLLCORNER 449144.565805
CELLSIZE 33.573938
NODATA_VALUE NaN
[rows 26 to 51 of 192, columns 57 to 113 of 155]
24.4794407001 23.8618488252 24.7430001471 24.1550549449 24.9607053398 24.6142955778 23.6046382202 25.1457793286 24.9946899059 25.485436791 25.4714905496 24.6936727968 24.2450791399 23.689763103 23.7084337567 23.5140308526 24.6531338208 24.1104004605 25.5558847715 24.3225710337 24.5746265054 24.2634474415 24.1709581557 23.9685282913 24.2997055284 24.1410023249 0 0 0 0 0 24.2491086344 24.2216211338 25.5035718275 24.32901287 24.93893017 0 0 0 0 24.672176282 23.5379645793 24.6895383243 25.0439248489 23.9969039226 25.3260116146 25.026769635 23.7234279628 25.4298167904 24.2726300005 25.1140359547 25.2510201603 24.2478581555 25.1290122187 25.2766076634 23.9356896211 25.5825847056
23.6667121932 24.5917748955 24.1835312315 23.7867626749 25.0078498509 24.2542316019 24.942998896 24.1210790084 23.7492829178 24.4080186401 25.2107928281 24.1004945999 23.9499537329 25.502294588 24.5414821226 25.4021779653 24.0935813146 24.1399165515 24.257667234 25.1438898069 24.6956699122 25.0978008639 25.3258841525 25.0235285791 23.9645708697 25.4478653383 25.2584916542 25.2920894296 23.655040102 25.5659721741 25.5830559427 23.8868174063 24.88961466 24.5431600505 24.2754187531 24.9140109296 24.0367355496 24.6513241263 0 24.6327218088 25.1130735696 24.7165579331 24.9799906183 24.0489587554 24.7410195287 24.2386579609 24.3846861745 25.4483108424 24.6156685036 24.6306072282 23.8224325302 25.4740094579 23.9245405937 24.7825986486 25.1714102804 23.6066519255 25.1632726015
25.3389179039 24.4234834629 24.4666198201 24.7859113422 24.1679322348 24.1005255699 23.6304916254 24.7609388287 24.1590214307 23.992000674 23.7908405157 25.0034152778 25.3803412233 24.2903506252 24.2989574559 25.5111898495 25.2786767048 23.5960600629 25.4708423951 24.2524766163 25.6074556532 24.5806758972 24.2373286204 24.5162458586 25.2947845214 25.417660611 25.4769908769 25.3251970775 23.6919148939 25.2861100902 25.5670841736 24.7628119014 25.1345770706 23.8136628984 24.7394310263 24.705784747 25.6168375097 23.6151798101 24.5303607433 25.0870565029 25.6139068536 24.7972574119 24.7195953887 25.3361689124 24.0838336812 24.3132518263 24.6793113885 23.9374029539 24.2971361723 23.7302392646 24.7533444978 23.701021364 24.4873519352 25.3394536186 25.1277663732 25.55851202 24.8864841877
25.522413917 23.6069001743 24.4157230316 23.8716680781 24.3171010069 24.2558137294 24.5244704602 25.3198218021 24.6594195235 23.7905299434 24.4714071822 24.8587736973 25.4675974099 24.1245334448 24.1223110746 24.2584851291 23.8773436897 24.6571517258 25.3033190098 24.1484118028 23.7210908123 23.5979979771 23.5917350373 25.1761007504 24.8215507585 24.4063835853 24.1402641284 23.6588005391 24.2838548 23.7490303425 23.6217382728 24.7331277077 25.4804149678 25.3378954342 25.2104415739 24.2874365325 24.0656037862 25.463839796 24.0453753689 24.6811947501 25.0701417366 24.863320371 25.5398804036 25.1162710914 24.808158427 24.6576847579 25.2032933257 25.149946003 25.4750837189 25.1685199748 25.1447775853 25.575568352 25.5613075686 24.4916902456 24.5756734948 24.5823902831 23.8303020421
24.3258994319 24.3895698844 24.3119079357 23.6485114738 25.0439019336 24.5952092785 23.9147280556 24.9238759859 25.0252869018 24.9668327664 24.3884400339 25.1327573524 23.7702431422 24.7915814786 23.7819515094 23.5673963599 24.703179206 23.6652297923 25.1798380118 24.4062292902 24.9629585159 25.1097998882 25.2109207802 24.4547287125 24.4411760666 24.6438454524 23.5693322348 24.2785080774 24.5156778972 23.8296054511 23.7897923284 25.016297194 24.0937195448 24.4300211557 25.1211375804 24.8288405449 23.7474890931 24.3288124009 24.7446755123 24.8495865516 24.8543467314 24.7311705423 24.4498045268 24.9781461142 24.8377022503 25.3833912916 25.1654479792 23.7072477773 25.5168732314 24.4553384711 24.1587971297 23.5401566592 25.3808044445 24.9003561965 25.3425401149 25.0844886242 23.5794327511
24.7166059273 25.510423781 23.8623775789 23.9171284049 24.5951692143 25.4244597517 23.9119533342 24.8907364407 25.0373757225 23.9063516509 25.4820706017 24.5585415771 24.1758113351 24.4168495505 23.7924426092 23.7710324648 24.1141986319 25.1008190429 25.4615223157 25.0523787707 23.5762145857 24.2836191709 24.3652436275 24.8834985448 24.136811519 24.6373498311 25.1189272304 23.6676442152 25.4636032135 25.1592226614 23.8046780518 24.6947969247 24.0169991385 23.5228940053 25.5733668642 24.2983088722 24.0949370139 24.3782572767 24.8856965546 25.361456615 23.7003391142 23.9692113315 25.0965984338 24.9131982235 25.2542078444 25.3903127901 24.5395036325 25.4749744292 24.5091306456 24.7573989523 25.5382114536 24.8939114403 24.2568958438 24.2430446259 24.4635963754 25.4656342655 23.9540347694
25.0420154174 24.1491016991 25.0168243128 25.2122079979 23.5400937082 24.7100973366 25.4113557742 24.4410946298 23.7987223503 23.5345730557 24.7880760419 24.0173414993 24.0383857738 25.3786926027 23.7676261974 25.3586541476 24.7140492387 25.3824630474 25.0545002986 23.801515049 24.2997811473 25.4424149302 25.4636931187 24.4575267161 24.7372105009 24.6832486971 24.5530761352 23.519793097 24.5375401058 23.8723373928 25.3439904713 25.4723580725 25.5358477041 25.6013363764 25.068332667 25.6065055867 24.4998595836 24.5050889408 23.618795775 23.501289343 24.760035405 25.5589353945 24.1200088207 25.5418738026 25.6054338099 24.309867907 24.1746342458 23.8443453072 23.8832680187 23.6438929441 24.0265433356 25.5102702077 23.9103172631 24.8199489844 24.757385183 23.5887206655 23.547991292
24.1102842933 25.0882949117 24.4029314106 24.0977069733 23.6017966103 24.4764012688 24.2299524243 24.8250476037 24.3127088312 24.9000211702 24.755922015 24.4225539741 23.8955020264 23.5414077158 24.5379826194 24.5344169324 24.9588506808 23.5808405413 25.1549247144 24.2384810716 24.7511245528 23.6894935839 24.5010635587 23.9741804677 24.1881618288 25.5030109964 25.1909710397 23.5194042289 24.7119993157 24.3884155401 23.5505356093 24.6672778429 24.0842140219 25.2196257882 25.1736633649 25.3204685871 24.3217805745 23.5671535511 24.1652590354 24.7435362495 25.4546593766 24.1991338813 24.5863547 23.9446842141 24.6081676617 23.9089423683 25.3262555957 25.4095156887 24.5496167783 24.1450723806 23.8339308247 23.6318246038 24.7011478912 24.024375906 25.5641596208 25.5794266803 25.2682615091
23.8932768026 23.6005436111 24.6776856813 25.0621991275 24.1779694979 25.2806024205 23.7387063132 24.954738279 24.8018984354 24.6123520875 25.3219049003 25.5705115536 24.1294485418 23.8618245229 23.8055434888 23.6238153999 25.048231229 23.7778612655 23.5357155752 24.3896623742 23.6067531206 24.8596117665 24.4117250032 25.3567385193 24.5114347001 25.292576402 23.7563986412 23.8955339773 24.1873748108 23.5167849715 24.1804632806 23.7298635008 24.2262671784 23.8987327282 24.9069256835 24.2345061712 25.2299009598 24.3075084755 23.7067901157 23.6235742716 24.4185073424 23.5647801545 25.2428484067 23.7205946697 25.2567998173 25.3282545842 24.6565857455 25.5504975982 24.2235154489 24.3849997 24.428619796 24.056312824 24.0770231991 24.3895269635 25.5789566272 25.1953169715 24.5625719118
23.954013164 24.5953613408 24.443809932 24.8744620183 24.5381105771 24.0214764376 23.9787031047 24.5585432875 24.2117065941 23.7700301847 25.5352887373 24.9987264585 23.7288368822 25.1775997482 24.0419981557 23.5860410186 23.5630437714 24.7897440745 24.4412285454 24.5144601676 24.9067916715 24.930893714 25.4086059484 24.4508669038 23.8416256452 24.464591392 24.1178703483 25.4212771237 24.9004529808 25.0611003511 24.9985221147 23.5287013015 24.5542555534 24.7106248101 24.7035618332 25.0900349902 24.6913856344 25.3693946041 25.2759678512 23.7260664067 25.3062219088 24.5768255727 24.9872800822 25.0664248326 24.4965969887 23.5713035878 24.2377809386 24.0071036265 23.7052867863 24.4208947539 24.3269799236 23.7078509597 24.2365260602 24.5539269368 25.4347284522 23.8080867801 24.362454467
24.6268926978 25.2536249677 25.2405221894 23.9310945606 24.6621301127 24.8294639157 25.0892514872 23.5305448652 24.2206539636 24.3539735034 25.1997564853 24.3655385977 24.9947800409 23.7475806518 24.2459785689 23.7667844518 25.0722751339 24.7107170084 23.963608755 24.7526355197 23.8849394314 24.0450719689 24.6853498744 23.6750176144 25.1518484834 24.4740559249 24.8399125199 24.6449750229 24.6927170108 25.3884216235 23.5145135023 23.9895663875 24.8330770117 24.7073740642 23.8114332068 23.9848141192 25.1334809952 23.7210745936 24.8354362354 23.5494067575 24.0383490092 24.6906135611 25.0869261395 23.6640180754 25.5697695043 23.7880457914 24.502961582 23.9774864595 23.5323814645 25.1092178158 25.552218077 24.3744099685 24.6497162491 23.538795539 25.4505900553 25.0146764781 23.9355965946
24.2999566871 23.6608841857 23.8559545161 24.7471212018 25.6184201887 24.5354468241 24.76583666 24.9701880914 24.4057686393 24.5216459551 25.4426903603 23.7423462507 24.9440833261 25.3214594008 25.5722931855 24.7143717366 24.0688007224 24.4141408788 25.2061520562 25.6209089068 23.6631634724 24.0596211689 24.4778853288 23.5782903704 24.8799448006 23.6377350296 25.1346282969 24.5294522757 23.7063139613 24.9035501054 24.6069635505 23.6962558618 23.9724520006 24.6185249064 23.6497645445 25.2573702091 25.4931199134 23.9455567261 25.5966943768 23.7975937536 25.07605317 25.4419325396 25.0603312814 24.2186594573 25.2721208741 24.3286658579 24.3904330307 25.3187919708 23.99877219 23.7870764109 24.3935520741 23.8630201275 24.9589420409 25.261535238 25.4526320861 25.2545760884 24.3936523671
24.9230347955 24.8135594193 25.334146343 23.7029124871 23.7589648711 24.7913509512 24.2270099748 23.9270616637 24.7118069261 23.9812467851 25.38706638 25.4477402945 25.6171393679 25.2521794597 23.858550587 25.0037624857 24.3740096348 23.8009074425 25.2718390687 23.502924571 25.1776881636 24.4036225574 24.6406000577 23.5819233172 25.1982125657 24.5250641856 25.0708674005 24.4237577686 24.5850604836 24.8453277251 25.1746842587 24.9241021205 25.5596289751 24.8245209008 23.6877279794 24.8159480535 23.823720171 25.6150300854 23.7570054287 24.7122646159 25.5789154894 24.7731018643 25.2594814651 24.5679941124 24.7127466792 25.1750460613 23.6444576219 24.7731571126 24.0290554305 23.9021834174 24.2140979421 24.9921407354 25.2554624611 23.6611487713 24.1428058793 25.3457510644 24.452676878
24.6124370708 25.2849761409 25.3124865342 24.5839281997 25.012514347 25.1477255858 25.4445530781 24.4913723361 24.8714722659 24.3508591269 25.4410379126 24.9489736192 24.2652368373 24.1836532196 25.4215209244 24.8153746907 23.5333079898 24.3672709854 24.0408040174 25.2954915697 24.5460139379 24.7066778408 24.4858003537 24.8383111054 25.2258773013 24.4991989939 25.1045500474 25.5733456621 24.4318574896 24.2625619668 24.3609666229 23.8902070471 24.9221967245 24.2067074404 23.8331759354 24.6459630321 25.618723793 23.8942807888 25.0192011294 23.8098359585 24.6047204456 25.0897523413 24.1445336336 23.5181789016 24.9518716017 24.2531934719 25.3777904119 25.1080775496 24.6769599004 25.5361910667 25.2759980988 25.1077400045 23.6168564084 24.9173090406 25.340606177 25.473041011 23.9142296268
23.7656995219 25.0560812066 24.3529473547 25.2896000964 23.6049880448 24.2118926409 24.4849569666 23.6237791751 24.4972075703 24.7747708711 24.7808346472 23.5461373355 24.3466317789 23.6521214631 23.5224383718 23.8722688832 24.7773949127 24.9692270198 24.2864164474 23.742922751 24.538450873 25.3375851036 25.4749986437 24.2542639949 24.383409888 25.0227287953 24.4052532803 23.7334169733 24.6862162553 24.1963716487 24.3014103047 24.6120118728 24.1653365421 24.41130237 23.9868236145 25.0446569548 25.3404821288 24.1037410691 23.7124947249 24.9205965103 24.9100369047 25.3769892581 25.6163817895 25.3201805312 24.6873588993 25.0650552802 23.7610459598 24.6305338731 24.2372722536 23.6711371496 23.6381332244 24.3356911959 25.0324865467 24.9437047396 23.7889303675 25.2931621553 24.8254563931
25.3828405655 23.6376997874 23.5388970249 24.9468551171 25.0710796228 24.6772745825 24.3872919205 23.5943752871 24.6960874098 25.5420371195 25.1707650526 23.688313268 23.9833165433 25.3276637486 24.5833092085 24.5013031518 24.9023216524 25.4219479881 25.0039016783 24.8133452541 24.8266332177 25.3674782868 23.6479711822 23.5490186971 23.5584728282 24.3087482861 23.8378378498 24.8318435623 25.0975596031 24.4371639498 25.2304695208 24.5475827808 24.7533244983 24.3543841746 24.022917448 23.9604171618 24.2383839498 25.5400738428 25.1847177084 23.9896509147 25.0684129758 24.0848052937 23.9979950653 24.6652442647 23.541554685 24.186712218 24.975354153 24.8467275915 23.6174941647 25.1245379998 24.2280023722 24.3141723609 23.8651650186 23.6377656405 23.8157274924 24.6373512129 24.3065732099
24.5448112108 24.0316656302 24.003638642 24.5680239704 25.5207628984 25.353475722 25.2791970579 24.1688015957 23.553930796 25.3335379046 25.3490089354 24.4535949915 25.5628536568 24.1374666957 24.3273979108 23.5235407797 24.839087592 25.0413888268 24.500906535 24.3886857467 23.6949708736 24.8604487194 23.8128185503 23.6297741488 23.8349373455 23.6540833866 24.1189771925 24.3317421499 25.3455568166 23.8765614208 24.6640260628 23.5761180196 25.2460264933 25.1692215015 23.5109399171 25.2493414815 23.5853858706 25.3573773672 23.8178474235 25.5301730505 24.7616092305 24.214323744 25.3170777986 25.1658674716 24.7121120859 23.8011531221 24.8322616258 24.3112544945 25.4350844062 24.0968508511 25.1321490146 24.2190039814 24.0555219234 25.2091606733 24.3495790754 25.1265598744 24.9538866903
23.6693517181 23.9917574413 24.8160876668 24.4082119312 23.7625747756 23.510248725 25.5383945 24.6359478281 24.8834930735 24.0020138761 23.5373159775 24.8721437122 24.760554397 24.7820862145 25.3478076993 25.4483559956 24.5144101742 24.2411560038 23.5581806579 24.077648247 25.5592828841 25.2360619824 23.8023321369 25.0692512777 25.477320835 24.3833288053 25.1100084425 24.7248225751 23.7359970384 24.1494662663 23.8931302803 25.4318949092 23.8376346074 25.2259410161 24.282785416 24.7546601811 24.7002369707 24.6583265902 24.3770986112 24.7948708545 23.7907455261 24.8597277407 25.0937313821 23.5380987735 24.3372094748 23.7689432578 25.1243207546 25.2424498085 25.2697039792 24.6515153025 25.0410809496 24.9187145976 23.6456872759 24.5522511873 25.4626966099 23.7048036804 23.9791420095
25.0795486118 25.2650053367 24.9627073741 25.5338487449 25.0925998697 23.5865249292 25.2102133255 25.4430814371 24.5155528554 24.0809693408 23.6305890144 24.7456145385 24.845781692 24.1448741763 24.0014320122 24.6803499759 23.8366963046 25.5434783626 23.5967279577 23.7947002814 24.052687199 24.5115701716 24.3900740395 25.0260912082 24.3388009095 24.3262662521 24.273592091 24.1185744179 24.1353392698 25.3820111487 23.8898222081 25.4980102776 24.9165310892 24.0822454137 23.675824699 25.045406397 24.6583465255 24.9856346215 25.0130046499 23.7905077183 23.563513456 23.9470288625 24.2730550119 24.1371598113 25.4494425481 23.9496970695 23.5159987992 24.2396580836 24.0095492933 25.4015661692 25.0877210188 24.3190976789 24.658544378 25.5101081067 25.5303019735 24.063313816 24.811836234
24.3304592139 24.5668913484 24.1589267381 25.1563915037 23.8441699532 24.2770309955 23.9503888812 23.6505390781 24.388613131 23.7978961876 25.2860822138 25.0618443029 23.9245574973 24.2439052122 25.6060467111 24.664863066 24.2283601012 23.7308928559 23.704235433 24.639861315 25.5367280881 23.6897507901 25.3538960567 25.4929514704 25.5635583804 24.3171208922 24.0586550164 25.0416217731 24.1954804785 25.5300466358 23.9161942856 24.0628342721 24.3470889143 23.5299238594 24.5872237477 23.6668884967 24.312643946 25.3481146823 24.553339124 25.0976077158 24.0090637329 24.0396819804 24.6580453346 24.2382117835 25.1385229249 23.5175601834 24.0180005353 25.3002096423 25.1499939655 23.9589647663 25.514485385 24.7372045076 24.938657276 25.0202870911 24.0014573074 24.2873687096 25.1544782624
24.18639205 24.8018566627 25.0618762716 25.4207764002 25.0319591881 24.0796536863 23.798287124 24.2748874374 24.1646039548 23.5000534397 25.5965199088 24.8839656323 23.7579672934 24.1646091526 24.777340174 24.8143079729 23.6227582363 23.8336547761 24.2790559919 24.3237906065 24.3192406622 25.1420833447 24.8904202649 24.4314643541 24.388727967 25.3455786768 23.9224495244 23.663263433 24.4872933221 24.1538604679 24.1114186674 24.4395124409 25.0970473749 24.1643790546 23.8425497654 23.8443847391 24.8221073552 24.6066939396 25.1296718385 23.6574727423 24.1238307594 23.5521985945 24.3043804521 24.1996258429 23.7670254247 25.4789214344 24.5354597986 24.6497478183 25.1874647234 24.4726867365 24.4364900108 24.6844785086 24.5766999111 25.6185609566 24.9560272632 25.5567669338 23.9173553772
24.2423918908 24.9794588279 24.6263448205 25.5767194401 24.3332712071 24.8670379201 24.211716999 25.4226691849 24.3969348962 24.8139294105 24.8611688931 24.7312612247 24.2270091811 25.4645945447 24.9011107727 24.6740684911 23.8210211892 24.5022578873 23.502918594 25.4930045603 24.1349060624 24.4242982351 24.5791013471 24.0258928548 24.5262232004 25.2328876208 23.5345731677 24.5735068256 24.1711104967 23.6829700044 24.434000057 25.3497367161 24.0849609273 24.7852308259 24.1731578971 25.2506104651 25.5731273117 23.5049633811 24.4741597022 25.51212347 23.729356776 24.0566378901 24.8992119788 23.8254609456 23.669503756 25.3793713421 25.2889342595 24.1475932099 25.1690195716 24.1334732137 24.548204444 23.8603569977 25.1220107497 25.242784804 23.5113114706 23.8197836897 23.7921634601
24.2274293857 25.0762468001 24.6320427354 24.611106028 23.8105908059 23.5902679437 23.9883761032 24.2331543434 25.0298599042 23.8058148239 24.3375216843 24.0809126097 23.569654918 24.7879016925 23.8697289082 24.9426526043 23.9155367582 24.8450465466 24.7640235611 25.09883487 24.6184465361 23.6906280976 23.5906812206 23.7488915382 25.517155499 25.0539296344 24.1033229039 24.1342678491 25.0278988965 24.4785283538 24.987966461 24.9016424857 24.5417774878 25.0317066009 24.3711284648 24.7872085807 25.2939139498 23.5941761689 23.9565765504 25.1184904059 23.8707982941 25.2565047287 24.9612397627 25.0088309365 24.7531764661 24.3121938702 25.3814006337 24.8499953803 25.2893820409 24.9932936708 23.5273482991 23.6001303267 24.5251448726 24.2123840561 24.6653285429 40.0570696413 34.895680109
25.2886304549 24.9306248285 23.7142915549 24.3484886806 23.7347913499 23.9883908346 25.4322013727 23.6640827583 23.8145606054 24.5005877652 25.3618556627 24.8477869886 25.4697123087 24.1291483976 25.3897663444 24.1793009737 24.8876042641 24.0699647821 24.3321696484 23.6373792709 24.5288618689 24.216491254 23.7070176636 24.3681134996 24.1766256434 24.9092288587 23.725237799 24.1172278583 23.9046156465 25.0193598621 24.3380777391 24.1393668229 24.6229348237 25.5616791738 25.3378407259 23.8900940063 23.9164736749 24.6022102896 24.8160473308 23.9199317162 24.1589310529 23.9806451413 24.3195906887 25.3952462449 24.424961318 25.0810894874 25.2444947067 24.9417710057 25.3534731817 24.3917879158 24.5320651196 23.9059525207 24.9710555493 24.509351914 24.8055126861 40.4345275043 34.3246394002
23.7611795819 25.5277120611 23.898470354 24.6560351563 24.0480413724 24.1506195721 24.1616211028 25.4033742745 23.8889865822 23.8467999887 23.8195872671 24.8240393741 24.3433436467 25.4253644091 23.7221484804 23.5227530606 24.6427013271 23.9760861239 25.3762071804 25.1286750646 23.8281454044 24.1738292699 24.4586793836 24.706378556 25.0176449937 23.9958798016 25.3337670848 24.6368505348 25.582760233 23.9856714644 23.8406983293 24.6265816681 25.5756523372 25.2098618813 24.5062578696 25.2677146938 25.0325282166 24.5149270896 24.1938904842 24.4170758226 23.5636192064 23.9348093503 25.3430158094 25.3007737922 25.329315558 24.7139799791 24.5152075512 24.1898430424 24.0556380181 24.3925515683 24.970178434 25.0994698732 25.037596184 24.6551021659 25.3880445907 39.0465422612 36.9726298422
25.5266678235 23.9392622227 24.3386320781 23.9047962615 23.6426914147 25.0332575861 23.933103353 25.2075348566 23.8916215204 25.5870891474 23.7710287043 24.1276733013 25.1698429795 24.4298359465 25.4181222161 24.453740276 24.249884962 24.2748114964 23.8250493337 25.5585178677 24.270531809 24.6897619337 24.4003254659 24.2582613319 24.573164721 23.8966728735 25.379445356 24.2399760748 24.245281141 24.6841143204 23.8656389717 23.6786028841 25.0573190798 24.2222931886 23.7107117673 24.5493691625 25.3464537408 25.2623454257 24.4119861314 23.8174159652 23.5650589127 23.9620137402 25.6101005044 25.1117971698 23.94381965 25.1456792388 23.8973942447 25.5901690564 24.4163751717 24.3105330948 24.6594766607 24.7146052626 23.5839627906 24.273171592 24.7217665582 23.6421413983 25.2636126945
