Spatial_Output/DEC/DEC_0608.asc
NCOLS 155
NROWS 192
XLLCORNER 196307.867259
YLLCORNER 449144.565805
CELLSIZE 33.573938
NODATA_VALUE NaN
[rows 78 to 103 of 192, columns 0 to 56 of 155]
0 0 0 0 0 0 0 0 0 0 0 0 0 29.191088544 27.8928534207 24.5433076126 29.2260979973 28.6056174536 27.942853867 28.0257241729 27.4603780253 27.2067016658 27.7430523572 27.0083907466 27.733539513 25.793293124 28.2180771592 24.700291551 24.7525605315 24.9110658754 24.8996450576 27.4730894549 24.7771354742 29.0254986168 29.0092190578 25.9363154628 25.0718907731 27.2635228134 25.8641617465 28.5903547199 26.2980511743 58.8935822901 28.7762430514 28.9697131293 27.7686898656 26.7070708132 27.8303870987 28.2863343391 27.3020076555 25.509830578 25.5766585564 27.0207515159 25.6865906526 28.082863771 24.7947063045 28.2769510025 27.2716642823
0 0 0 0 0 0 0 0 0 0 0 0 0 28.1731760462 28.6074937301 24.7932585883 28.5762974292 25.9716051616 24.8078182939 28.8099554454 29.2203585763 28.2295131753 26.2695788395 28.9071680329 27.4034393027 25.6047776123 28.2310664848 28.6217905495 24.8720741072 28.778232739 28.1712834341 26.3926486503 26.8219376526 26.9047054113 27.0847324699 24.9612994097 27.6114662444 28.9505271272 27.8243600035 28.4187272351 26.0297110257 29.2992056228 58.8935822901 67.9693548326 67.9693548326 26.5336965442 26.5415153296 26.5413061794 25.2651061552 26.6451249114 24.7688750302 28.5551026833 25.6934102348 29.0653690849 27.2915465769 28.481354637 24.8038527816
0 0 0 0 0 0 0 0 0 0 0 0 0 24.5571446366 27.3410593812 28.9694017701 25.0023001039 26.167383236 27.2089930219 25.8270740402 25.620783336 25.7822905615 25.3746276392 28.9865084449 28.5507226055 28.3061723727 29.0486035012 24.8582690129 28.1661181693 27.4884660111 28.552056987 27.1096875568 26.9545003499 27.4432951238 26.9329256379 25.7056695119 27.0999698289 28.5905398867 26.876776143 25.0911404716 58.8935822901 58.8935822901 25.6225399843 25.9360762625 25.2354396216 25.9980715721 26.1911015482 26.1369953075 25.2805019932 29.1774266651 28.7347072016 28.3877389856 28.7231837384 26.4413322067 25.5219914499 27.8103586705 28.0479314696
0 0 0 0 0 0 0 0 0 0 0 0 0 0 28.9458544759 27.9424245974 24.971226701 25.7494410754 25.591197055 24.6005503512 26.1393938008 25.5017653833 25.3756549967 26.4249033152 27.9578745531 26.5370887621 26.4407312433 29.0771609426 29.0604064476 27.6447648153 28.8365461406 29.2021059348 28.2510804862 29.3565928721 28.8400393157 24.576839216 29.2276001309 26.0107295837 25.3382977848 29.1980859789 26.5397013175 25.2971244626 26.138846465 26.7736972233 25.6038226709 24.7363656216 27.2398393077 26.727966397 26.9799640134 26.7175977901 29.1969966259 28.1391703573 25.8835339344 27.8165358895 25.8074882115 28.0505408442 28.116364558
0 0 0 0 0 0 0 0 0 0 0 0 0 0 27.622645869 28.1391425889 26.1178560821 25.7655233429 24.6835261976 28.1391711216 24.6797800569 24.8675570838 28.8451344722 25.7691726536 27.0913630041 25.5838329693 26.2636143553 24.6781214232 26.1409971533 26.9125566234 26.6579367807 26.9275903398 27.9860108858 25.5239663517 25.4914659022 24.9428651312 26.0313832001 27.8192798938 28.588861488 27.3405278673 27.5135468879 27.2585476595 28.8371094776 27.2943341883 26.1794514821 26.2320974928 25.7756520376 24.7307650965 25.5452397616 26.3545986207 24.7814046764 26.8296576264 29.410909509 26.977561303 26.563829285 26.8370592859 26.9199991859
0 0 0 0 0 0 0 0 0 0 0 0 0 0 25.6978998908 24.572992337 26.2567349763 26.7936546313 25.1229813914 24.9939968981 25.2168647235 25.94941756 26.7633214825 26.1374069198 24.8400876087 28.4840254869 27.3611935643 27.6867626342 29.2672588717 25.8827145371 28.9317733734 25.9112591326 26.757441867 24.5540803187 25.7320988108 27.5252059434 29.0726308686 27.111014157 24.8920145148 28.3067861516 29.3031354392 29.0801952829 27.1183059967 27.1773054588 26.3366352708 24.7851061523 28.0257516423 28.3038445653 24.5776621126 25.7812236444 29.0471441202 27.1815198712 27.1163369171 27.0482183389 25.6349983939 25.2525380078 25.1256733867
0 0 0 0 0 0 0 0 0 0 0 0 0 0 27.9296879013 27.0012266477 25.1500008689 28.8512825055 25.1988743293 27.6982609703 27.4593227399 25.165502837 25.2518246685 29.167069923 26.4595807338 25.2012458079 24.58867705 29.0710696125 26.1347028011 26.9034746575 26.9934284212 24.8667867828 25.4712824695 27.0828294779 28.2911900767 25.9857261797 26.7166947014 27.1195770371 27.3096239893 24.6033990558 25.8216013123 26.0722895968 26.8006189009 28.088787507 25.5548335079 29.0521438812 25.0112586748 26.4502001861 24.5234743639 25.3496149584 27.0253625299 28.7302393465 26.4439381267 28.5670950747 27.8554182917 26.0097527746 28.8741889523
0 0 0 0 0 0 0 0 0 0 0 0 0 0 28.7972204127 29.3848390677 26.3754907836 29.237875324 25.1702569494 25.4791253891 27.6264356132 25.6797365153 24.8234008213 27.5339556563 27.9922131166 26.9278798482 28.6663092925 24.7474276077 24.5035743007 27.3862193941 27.1768538159 26.2463134473 27.238188955 28.4883203922 28.1075728928 26.5777618639 28.1767735141 26.6842437699 27.7644417641 24.5551290186 26.8377935597 26.5256335229 25.630796451 29.1818835341 26.8472076963 29.3412453295 25.4956022395 27.8341947562 24.68014309 24.6281890813 26.0216336282 26.6726690636 28.4078786475 25.8197102155 25.2360038297 26.313109707 27.443662955
0 0 0 0 0 0 0 0 0 0 0 0 0 0 24.5491977105 26.2020345041 26.062967631 28.9159387996 27.1156988959 24.741161255 26.9707606723 26.2800190636 27.7206689889 28.768349885 28.5764819787 27.3345245689 27.6894933556 26.8045891617 28.5772256359 28.5225278464 25.2747849256 28.9433738397 26.8383811934 25.9159468579 26.3094969659 29.1385508 25.6237205423 28.8536273051 25.4335207655 28.5580193734 28.6292013854 26.7972746798 24.8042682236 27.4047256003 27.9268846687 24.5494106462 27.5224677286 24.802799907 25.7019472883 26.8068074849 24.6588463702 27.0537480274 25.7566670382 26.6069809964 28.4811292449 26.2961802863 27.1276812484
0 0 0 0 0 0 0 0 0 0 0 0 0 0 0 25.6634405736 28.3719041642 27.3114800643 25.0389028534 26.2533224868 27.7454901758 28.552306797 28.3196533954 27.2066355037 26.6277887311 28.5005398526 29.2358395434 26.3667268376 29.445067933 26.5866510296 27.0470294716 24.7560543106 25.5586250543 27.3986135953 25.3997002377 27.6669153723 27.0863138646 25.5645239118 27.1602223469 26.6807185286 27.2679295867 25.7141182449 28.5511383547 26.0257159785 28.4245763948 29.2514843938 28.9824614641 26.4949138265 24.8293806786 28.0500725821 26.907282248 28.8508205312 26.4649953831 27.2722804799 27.4406427928 27.7165215812 24.5466718158
0 0 0 0 0 0 0 0 0 0 0 0 0 0 0 0 29.3678171556 28.1743460493 28.8504587007 28.1209375816 25.4181729394 28.849305379 28.6640274733 25.0460925088 29.069530019 26.8052900265 26.5645117618 25.9026393698 25.8026024513 29.3456015237 27.8730778151 25.9092739512 27.5678076894 26.612558372 29.2197944538 27.6147676738 29.0476349419 28.9828988972 25.0123591104 25.9251476027 25.9787239102 28.2929582778 26.2802907655 25.391523521 24.6982564741 24.5446011715 28.2514185658 27.0545237368 28.0916440717 25.9585285223 25.5461153483 27.3060065478 25.1686502817 25.8895116064 24.9241174777 28.5896141157 24.7185412679
0 0 0 0 0 0 0 0 0 0 0 0 0 0 0 69.7571762143 69.7571762143 25.3474871244 29.1144667936 27.1613423976 25.4797007875 29.4196018714 24.7763381627 25.2315629779 25.1459120982 29.3732470929 24.9437703796 27.3321868824 27.933393445 26.6972998091 28.5746298664 26.0364937519 29.44796364 24.6476275902 25.3079396623 26.4680093609 26.1167226642 28.9371051581 28.9574320878 27.9769621874 27.4811966658 26.1632561667 26.9477282654 25.76211321 28.6726256981 28.5758234967 26.2253182695 27.2243125321 26.6006517166 26.162307412 27.9137690061 26.3688472062 27.9641642108 27.390062189 25.181661247 24.587568997 25.9736142607
0 0 0 0 0 0 0 0 0 0 0 0 0 0 71.1128159093 71.1128159093 69.7571762143 0 28.6472954726 24.757564343 29.003638343 27.3127144925 27.6224472163 25.0488318631 25.5332712224 27.4992352808 26.8871620804 28.3746623608 27.0527054836 27.4735432903 29.285290442 25.6304579581 24.5622886844 28.706754626 28.0411238596 26.6226247116 27.1740816278 29.3157393377 24.818936612 25.8123102334 25.5269608324 24.8282311191 29.2027776015 25.3677962502 27.4455948566 26.9489431101 29.3263329092 26.3215747954 29.4093810198 26.3271346122 27.8951768887 26.5120510326 28.9642152786 26.5508043433 24.531530216 24.850098935 28.3270606421
0 0 0 0 0 0 0 0 0 0 0 0 0 0 71.1128159093 71.1128159093 0 0 0 27.3619990001 25.2880957287 26.0589643366 27.3801603922 26.0518899957 29.3004514279 27.6506725163 28.1082032433 26.0202559803 26.8095348517 24.8545552318 28.0856065831 29.4267387419 25.664901672 27.2463783553 29.0064719806 29.1664181803 27.1916912452 27.5260072028 26.1382163156 29.3724216845 25.1347813085 26.0198627285 26.4623434316 25.6518936991 28.1198788941 25.5308089177 27.2293973029 24.6017156361 26.4784527387 26.7279705164 24.7038741396 24.6789169683 26.3752076324 26.4218349759 26.0139975935 26.6040915577 25.2402732128
0 0 0 0 0 0 0 0 0 0 0 0 0 0 0 0 0 0 0 27.9241067418 28.0900525162 25.5876590599 26.7782311991 28.1232238584 25.9132430962 26.0540054527 25.4807672182 28.0367147331 25.6901059685 24.986279571 25.2128290365 26.8790230141 25.8406945322 28.7592152376 28.2652577467 28.7450385204 25.1961712236 29.3912701249 25.5567358575 28.2857623662 26.8768148423 24.7428610903 26.6982662484 26.0248997389 28.2620098688 27.6867035615 27.8534025632 28.8340670491 28.002365613 27.0149192639 26.4717288843 24.936477374 25.6020193139 27.2179555801 28.461327744 28.3686023681 25.6027719232
0 0 0 0 0 0 0 0 0 0 0 0 0 0 0 0 0 0 0 0 29.4375676411 26.6011501233 29.0550932447 29.38876317 26.7221450114 27.2252791423 26.6023723554 28.8937255743 27.5349713831 29.3302425981 29.1064504269 28.0209811417 24.5228850708 26.9471365333 27.4560740492 25.7743190359 26.549535747 29.402089575 28.7332545077 28.1762601878 27.4603482596 26.6167529685 25.2387212951 27.6575509053 27.7145377858 25.4476758457 28.7586373348 24.8278925724 26.0527834205 26.7506808322 27.2842542503 28.3554502381 29.2845019176 27.26626613 26.6311949328 28.4756868839 24.6786819456
0 0 0 0 0 0 0 0 0 0 0 0 0 0 0 0 0 0 0 0 0 0 25.063211054 26.9058413522 25.5837715929 26.0879195881 26.1624782313 28.8437252956 26.7424891769 26.0894087617 25.8877231584 25.0927320408 26.3984924808 25.0672374919 27.4986757501 25.7162270813 26.5332084424 27.6050862585 26.7122471279 25.6242194789 25.4059693265 26.5521949641 27.3444857938 24.7949608515 28.6940275162 28.2782199398 24.5427734175 26.906561536 26.1421598952 27.7807509764 28.9375439669 28.4889060146 26.1783530181 25.3144303652 24.8042410039 26.0299570191 25.5395050874
0 0 0 0 0 0 0 0 0 0 0 0 0 0 0 0 0 0 0 0 0 0 28.2609545821 26.3880163728 24.6834322484 25.7266933225 28.0813851228 27.9044161823 24.9817264785 27.5249101271 25.788214788 24.7378295995 24.8396751874 26.8621992515 29.2275837104 25.2043047241 25.7455440315 26.9961477697 24.573481408 25.2015330236 29.0820156176 28.1028339779 27.8633366795 26.208006159 25.665129395 25.6394363558 27.4178240966 26.5786239686 28.2401712149 26.1122843351 24.8877726834 25.9533745764 27.1407258381 25.5828200268 27.2836900852 27.7646008925 27.9627072529
0 0 0 0 0 0 0 0 0 0 0 0 0 0 0 0 0 0 0 0 0 28.6985253643 24.6100106127 28.9915852831 28.0719689464 29.360176605 27.8005712073 27.5960870635 29.0676596317 29.1101033042 25.3343178588 24.9495273152 24.9494074596 25.3780557944 28.5353880292 25.6193463782 29.0736912259 24.5731643466 25.8738560342 27.6230256815 27.360451648 48.9348202715 25.515095398 48.8834233409 26.8628609563 28.8057312716 24.6553559859 26.4462101238 27.4169705284 26.5213912153 24.7023070559 61.9496548108 28.7311704345 28.8524354271 26.7690609101 27.6426621314 29.1040799232
0 0 0 0 0 0 0 0 0 0 0 0 0 0 0 0 0 0 0 0 25.5910845161 25.1743510824 26.2445115944 25.1356815205 29.3103472653 28.8056941536 26.7404955581 26.6725887292 29.3013227761 27.4244526409 26.1526473738 29.4221526659 25.727637775 25.8614388124 28.4411573391 27.1635787695 28.6254559929 28.8104836226 25.3079487572 29.216198224 48.9348202715 28.7904312013 48.8834233409 48.8834233409 29.0990313333 24.5669791555 28.4100153174 38.1713447358 25.3389881223 27.7195120713 69.2511137585 69.2511137585 29.0515341693 28.0735549213 26.4233036389 25.5339111864 26.5684884825
0 0 0 0 0 0 0 0 0 0 0 0 0 0 0 0 0 0 0 27.6731768834 25.8451041361 25.5846807408 24.6280108924 27.7327982958 27.6239572476 26.5415657434 26.988094386 27.246933977 28.3851255644 27.0514184918 25.8742079776 26.5807743509 24.6312972604 26.9325697884 25.8563420984 26.1768442446 19.0210069951 26.7535892384 28.6939935038 28.5833681289 48.9348202715 26.346604442 48.8834233409 48.8834233409 28.6958490747 26.7876495121 27.3680881029 28.2991577038 38.1713447358 47.646924137 69.2511137585 69.2511137585 26.0863790334 28.3139099899 62.6278415197 62.6278415197 26.7230926379
0 0 0 0 0 0 0 0 0 0 0 0 0 0 0 0 0 0 0 0 26.5952683953 25.65906456 26.9213845409 29.4442445125 28.8568558668 28.9090742599 24.8800558817 25.4990263711 27.7323712926 25.6315472702 25.578297859 28.2351178269 27.2524418354 27.0724099791 24.7160399292 25.1491316861 28.1669414349 24.615921206 25.8203050767 27.0856322501 27.2490498546 48.9348202715 26.7465584502 48.8834233409 25.6181711061 26.8176604207 24.8562945105 28.3160559649 38.1713447358 47.646924137 26.3929290011 69.2511137585 27.5742883624 28.3828352126 27.2063551149 26.5030987173 27.8953283227
0 0 0 0 0 0 0 0 0 0 0 0 0 0 0 0 0 0 0 0 0 26.2340325962 27.5941371938 26.6917584929 27.8618261501 27.180087026 28.8809247046 25.2035851041 25.2928779736 28.4464285216 27.280926657 29.2215990383 24.6611872649 27.2312199195 25.9709151287 28.083488132 27.1904676645 26.0924432872 25.5818971011 24.9307685695 26.1545335691 26.1409240645 28.4227247942 26.5924459295 29.093801478 27.1199218907 26.4852178274 28.8261360285 37.9210258384 37.9210258384 37.9210258384 24.6990413847 28.4495267427 25.3191549073 28.1351765307 24.7203083485 26.7247855094
0 0 0 0 0 0 0 0 0 0 0 0 0 0 0 0 0 0 0 0 0 0 0 29.3156614222 26.2760399311 25.2469568775 25.6468577413 26.7123999807 27.367780293 27.9521264532 26.555528791 25.7963251759 29.1843336628 25.1821342075 27.0239120535 26.9615812705 27.9533836677 25.4638977494 28.7894179291 27.3531529573 26.3487658183 28.6475505013 26.3723121736 24.7326875168 25.5730100706 26.6543756511 26.7903952013 27.5290281143 37.9210258384 37.9210258384 37.9210258384 27.0459302694 29.3995501431 27.6463657113 27.1141596544 25.9438476363 26.4885341781
0 0 0 0 0 0 0 0 0 0 0 0 0 0 0 0 0 0 0 0 0 0 0 0 0 28.081950121 25.7918754654 24.6545236913 25.175010151 27.5763308436 24.9953355327 24.9621863064 25.8473414042 25.4264543611 25.6729955589 25.5697460731 24.5640556799 28.8973462913 25.2065721423 27.2687836186 27.8975380659 27.4328745974 26.9510285847 26.7164078309 25.1245915471 24.9956973057 27.9174944938 25.9539689911 40.5684995286 40.5684995286 40.5684995286 29.0795399976 27.7054955627 25.4889248809 25.1539474535 29.1721579049 27.309240661
0 0 0 0 0 0 0 0 0 0 0 0 0 0 0 0 0 0 0 0 0 0 0 0 0 0 25.8905870718 26.6065542669 27.0193436845 24.7932844006 28.6814029648 24.8310307033 26.0861630351 25.3523766154 28.1939832088 25.5317105317 29.3790888245 27.4542735218 27.9635921377 26.3362427761 24.6183326222 25.0957306726 27.8226905701 26.9716465092 25.1834020122 28.7540958778 24.9772627445 24.7830313134 25.4230411766 25.4500728376 27.4065137276 27.4197891191 27.3509273856 26.1046657376 28.8002360916 26.9548681681 28.6551042324
