Spatial_Output/DEC/DEC_0195.asc
NCOLS 155
NROWS 192
XLLCORNER 196307.867259
YLLCORNER 449144.565805
CELLSIZE 33.573938
NODATA_VALUE NaN
[rows 78 to 103 of 192, columns 57 to 113 of 155]
46.9118000988 46.635293231 46.6175702744 46.7261257912 46.650855338 46.0025872588 47.0987838255 46.0434865097 46.6090207717 46.2524875677 47.294809263 46.8226975339 46.5182877777 47.2140450728 47.0715072755 47.4107253668 46.6265235497 46.4932283069 47.2273808743 47.3750675757 46.071923467 47.2897744196 46.1001477454 46.2322747488 47.2860135357 46.7095813118 46.6485548403 47.0456920312 46.7538814251 47.1875679718 46.0248320068 46.8144041493 46.9327125492 46.46373572 46.2381834162 47.2486410278 46.3248761969 46.6996887329 46.3660944656 46.0344602498 47.3568618338 47.1684719506 47.0600631671 46.8312613783 47.3865238259 46.8044182527 46.4045513759 46.4063745941 46.8517385221 46.9490398437 46.2723433135 46.2074453186 46.9121971786 46.3808961771 47.2884756433 46.0473743804 46.6865685409
47.0921858821 46.4226639973 46.1298705287 46.0048272227 46.531776219 46.3195723922 46.2139662034 47.3427717551 46.7458369769 47.3171624294 46.4619429572 46.8286152158 46.252784033 46.4579000653 47.2618959596 46.1449681308 46.2666674695 46.8072644619 46.6652573596 47.034286419 46.5258811973 47.1913252437 46.9890475066 46.1925518126 46.2968975329 47.1572033029 46.1010108755 46.4563364691 47.1542635786 46.3156206575 46.6298700682 46.9679214955 46.6305279486 46.8403664767 46.3342727854 47.3542704244 47.31331074 46.1941393909 46.1971205197 47.3183346841 47.3010358478 46.2207719228 47.0680047632 46.1394052282 47.1181586248 46.8698095423 46.1878582833 46.0836473426 46.1499999712 46.7685021109 46.0985961043 46.2048680489 46.3025853582 47.1276935832 46.1721553949 47.0334448077 47.0530850177
47.2528310963 46.9440416827 46.8610450214 47.3886925092 46.080570433 47.296504643 46.7907638115 46.9371224325 46.1215024096 46.2899364701 46.1739057207 47.2443348714 46.5655077476 47.4060607096 46.8282531484 46.7469923479 46.5475667124 46.0804643706 46.8374533365 46.0892084648 47.3370406948 46.7054100284 46.1591919602 46.758005725 46.420717476 47.351074772 47.3664645556 46.1098110112 47.2162986861 46.1707135282 46.9774456298 46.7006520625 46.0268983761 47.1578729324 46.2833865862 46.2345732498 46.2796778054 46.3290296096 46.6370041185 46.3353279723 46.32872931 47.1626209418 46.5683575138 47.2433198328 46.3823861903 47.1473465401 47.2603621066 46.2329510567 46.2856476852 46.5253606933 46.001265753 46.2967752286 46.9258461435 46.5357267508 47.1641710975 46.9433942014 47.0587933566
46.4374136422 46.3558807051 46.1723351129 46.6547063536 47.3302521759 46.9905185291 47.0297940824 46.2942341732 46.2875577423 46.7049239814 47.368607801 46.3741229066 46.5286187896 46.161670464 46.0279563269 47.2192594876 47.3140225397 46.0689049832 46.7300723015 47.3088309981 46.4263170259 46.9311414565 47.1701644102 46.1291117547 46.710712524 46.5679130958 46.573305904 46.6173571428 46.0891891794 46.395987766 46.8037733834 47.1215054772 46.8576204719 46.2125160154 46.8551738504 46.6677565899 47.0934902731 46.7476076964 47.1291121849 46.9140238271 46.1536314394 46.7632831297 46.6447512189 47.2646702363 47.3796554114 46.097119197 46.7750008893 46.6167174795 46.4509859315 46.8352854777 46.8177591207 46.488822839 46.7826896093 46.6954633943 46.85442889 47.1116731034 46.1564294148
46.7085229441 46.7837238105 46.6897300719 46.2555967411 46.0143682122 46.0669725264 46.4367739563 46.5693242374 46.6838642941 46.6828964355 46.6930203131 47.0420267489 46.8011402521 46.2707151945 47.3043954404 46.4093653778 46.7957838275 47.3607479711 46.7282592652 46.0345718165 46.0482883483 46.949909049 46.366196582 47.0894985073 46.141171449 47.3232326412 46.2088224613 47.1129870119 46.1391317199 47.2291122368 46.3262394562 46.6585922802 46.562921488 47.0321670241 46.7169311408 46.8979499078 46.3875710338 46.1827746638 46.2374749474 46.2017136057 46.0083234249 47.0982858338 47.0465108284 46.3423686966 46.2202215268 46.1475302742 47.4092805648 47.0926703733 47.0661083112 46.246692202 46.1619890243 46.097878566 46.0685359964 46.2483962887 46.4025900616 46.3727539676 46.1502277597
46.0960846876 47.0208810518 46.5763372218 47.3484204299 46.1766532575 46.144455557 46.2803698188 47.0052080647 47.12288934 46.7644880323 46.7624020116 46.5686792189 46.8629570205 46.2023169364 46.1115802496 47.1305300107 46.0294367445 46.8679470862 46.6181186492 46.5020477221 47.1354829944 46.6925364355 47.3539376906 47.0866659767 46.4258782773 46.2581000547 47.3948101054 46.5978606414 46.7628529552 47.2491988885 46.1996503791 46.3611967096 46.0229806963 47.3038719482 47.409234412 46.3207973856 46.9808949205 47.3693266798 46.2395670665 47.3173923367 46.186406844 46.1723507231 47.2172456556 46.0881165692 46.1533218395 47.3283961801 46.7629357381 46.04858296 46.8285308652 46.294341594 46.0173143065 46.7654678968 46.3879719189 47.0344999829 46.2194682719 47.0940814914 46.01341296
46.7251032003 46.0477117948 46.036639051 47.3250000354 47.0804727143 46.1723613808 47.1738476585 46.0226380119 47.0715691382 47.3566669817 46.3783833596 47.3077688061 46.3139879407 47.1161809389 46.2623704906 47.3358088646 46.2927428704 47.3107908971 46.6644426544 46.6320682405 47.2790226009 46.7668838288 46.8562247316 46.8343502516 47.1861952324 46.9965049768 47.3214099398 46.3117436572 46.2920798255 47.3080969532 46.4246743478 47.0213958261 46.8268842211 46.6808210636 46.2635750373 46.6868513896 47.1307079776 46.6161256632 47.0176123713 46.5293006473 46.7073753808 46.2728896587 46.0610896766 46.2141559449 47.1679124521 47.0569166746 46.7585679804 47.0606054914 46.5206373402 47.0140363582 47.1589670313 47.0658342816 46.2885367337 46.931000243 46.693789211 47.3478568798 46.0215280204
46.9991183971 46.2974943129 47.1356529102 46.4694272546 46.8926338713 46.2700734312 46.9720615673 46.0540359656 47.132625106 46.0860746023 47.1473996831 46.0941833025 46.203443563 46.4527718238 46.0003203809 46.9587655379 46.8402456937 46.6015359861 46.2630434373 46.3691639275 46.222850692 46.8210262634 47.3178168472 46.7252354488 47.2663943163 46.745017735 46.9531511912 46.4342814048 47.1513513726 47.3442136624 46.7162746581 47.1663208635 46.1528438307 46.531147028 47.290435751 46.9625557774 47.2500107598 46.2702904816 46.1958596319 46.8835182707 46.4441113484 46.3929303417 47.0153945114 46.2040401704 46.2468549581 46.0567305765 46.6685303974 47.1827072742 47.281511994 47.4010393806 47.3953795223 46.1632640434 47.0361183882 46.9332421968 46.3521566364 47.2865993687 46.0034711883
46.2969111497 46.0773577939 47.22266965 46.4283758878 46.8237512159 47.3283620329 46.5366516825 46.7051862684 47.1807661556 46.3857231825 46.4192825811 46.4324404332 47.1366156959 47.2608764694 46.1371788016 47.0899992443 46.386707406 46.1310726797 46.7036157087 46.6835807677 47.245938555 46.7794798534 46.0832581576 46.2775463767 46.6476648548 47.1012025446 46.307685206 46.62187746 46.9938691631 46.5258365114 46.3359133503 46.9811782916 46.9270439699 46.3530650497 46.237178756 46.6725511294 46.1335413701 47.3239568362 46.8999847672 46.3714627792 46.3093356816 46.0040738678 47.379405424 46.7607370108 46.8368323943 46.2739242039 47.0290185341 47.360695255 46.1251459838 46.1555267667 46.530486023 46.1951341919 46.4857392172 47.3860414551 47.2516331804 46.2082475689 47.3840813945
47.1526165196 46.7615204823 46.1904177808 46.3318138953 46.7936254592 46.3671480185 46.4481801199 46.2320223203 46.8039478656 46.819009375 46.2152223982 46.249439984 46.4685802833 46.3136385278 46.6830801168 47.0095581982 46.9720409897 46.8764114733 46.9438515434 46.2360006847 46.6210094118 46.6511688204 46.4088514093 46.9239595618 47.1132248561 46.1097558514 47.3796117417 46.9416792665 46.7771951458 46.3221976352 46.2005355156 46.7704910114 47.3353314619 46.3835678204 46.7493353561 46.4410471351 46.1617108718 46.9438749071 46.702607444 46.1797708208 47.2422787753 46.649651029 46.0385104782 46.3578484548 46.1210908519 46.2979814819 46.9122753408 46.9617350103 47.2744033311 46.4409529669 46.3124431416 46.2849403132 46.2615940574 47.3399855031 47.4084867641 46.3039985718 46.4004903551
46.3503472722 46.2287612508 47.3411187826 46.5043779964 47.1915771186 47.1550970508 46.2868427423 46.4352317203 47.1592358324 47.1432838798 46.101467178 46.6260909602 46.7507780057 46.9339084729 46.1171166477 46.5221986495 46.8906218026 46.9069470097 46.0144710182 46.6474221115 47.1853255072 46.1354263248 46.5396625998 46.0955793222 47.3407055273 47.0120719489 46.6522583413 46.3868163734 46.8642222989 47.4121569735 46.266350979 46.886128889 46.6375543981 47.0964928995 46.6872623944 46.884105088 47.0204483463 46.5701126095 46.6817188784 46.0635815353 46.8370497629 46.4512773943 46.9997719548 46.3715406307 46.22681178 47.1135440314 47.1472301724 46.4724954943 47.293914935 47.0217845408 46.6423200396 46.6858523615 46.1240594534 46.6244777393 47.0384641708 47.0447467129 46.3661043592
46.1203987268 46.5098110102 46.9916962156 47.0930018331 46.7951398187 47.2762494955 47.3957302939 46.3589713521 46.7467713911 47.1566740964 47.3656594313 46.2655037764 46.1309174175 47.3552384762 47.2256238387 47.2204239896 46.2536719367 46.6954852296 47.1250329169 47.0297657906 46.2565492428 46.0688847777 46.1587508559 46.5414039041 46.4719038667 46.4173628684 46.5278684583 46.7253735805 46.5130143089 46.5421558048 46.5701918481 46.759691608 46.0246926022 46.9537707788 46.2294169993 46.7410926424 46.2185068539 46.5835605909 46.6867667849 46.4458407931 46.63956553 47.08383875 46.6280082555 46.4057006558 46.971138648 46.9879451734 46.9763857981 47.2373715808 46.0913382729 46.677584404 46.1189357385 46.6415161233 46.0060028106 46.8498406549 46.4463737318 46.5368819366 46.5366626293
47.3237801772 46.5864850498 47.111742392 46.9981392913 46.5890629069 46.6660265208 46.8593225951 46.3514316957 46.7669970413 46.8049252304 47.2490006134 46.6440465617 46.8584825367 47.0554158916 46.9103978262 46.4681055639 46.2460815985 46.1524693642 46.9533782348 46.1829508666 46.2512954896 46.8838049577 46.8637978593 46.6590430209 46.9615618623 47.2226231588 47.2322814396 46.7761545017 46.5864168784 46.8771627416 46.3239654091 46.6526893865 46.8794661187 46.4469853952 47.0310806411 47.2531394497 46.3207542602 47.3423529211 46.1831871178 46.8723250084 46.9856476545 46.9292203922 46.5433804721 47.1867660196 46.023692647 47.0114190347 47.3833327681 46.0944242075 46.3823611617 46.2744842667 47.0417313237 46.2576175714 46.7296059934 46.7547234884 46.3183636492 46.5203618877 47.1698317603
47.005892494 46.0260099825 46.5392652126 46.8894206235 46.1226779376 46.1652564231 47.1384216697 47.2610716659 46.8243985425 46.5036629263 47.3647623065 47.1135721452 46.1751896747 46.8196668921 46.6983116377 47.1084223053 47.1707874843 46.1192164531 47.0028254761 46.7994937099 46.8267444412 46.9350041255 46.9699634348 46.6044580617 46.0489696127 47.2285596423 46.6735957002 47.3419981648 46.4403587849 46.1268056702 46.8261617806 46.7134660643 47.4132085689 46.0842737104 46.1253447345 46.0111568652 46.782717709 46.2732182335 47.2758377941 46.0925030473 46.2880384841 47.4066964896 46.5947928818 46.9398596894 47.244235221 47.3840766963 46.7507910913 46.8659608811 46.9865713968 46.3863144367 46.1699688608 46.1311154674 47.1983330278 47.3827131828 46.0696667297 46.4786386918 47.1143194114
46.6055848292 47.3999054623 46.740922914 46.1451988723 46.5351554227 46.4527077147 47.0922758869 46.1053518965 47.0640303747 47.3503090415 46.7178396112 46.7076008744 46.4400281185 46.0905176906 46.6899166632 46.3390446826 46.4175248977 47.3966847289 46.6844006729 46.7186067858 46.2550518593 46.7044660242 47.2881539282 46.7629031886 46.945834625 46.7639983568 46.2309839415 46.5993997421 46.8997121757 47.353973138 46.9963187992 46.1084180958 46.1564642203 46.9133838943 46.7278160914 47.1234708402 46.2689668736 46.5270527413 46.8395996214 46.2129034062 46.8413204243 46.761630222 46.8423037802 46.6555374325 46.2087669261 46.8171108988 47.0440628314 46.967780682 46.0717191146 46.5907615547 47.2333399956 46.7905000334 47.0327997253 46.8010446274 46.6337915804 46.3208895218 46.012513283
46.8294081721 46.17213611 46.8417240755 46.9796471265 46.9618697107 46.339421389 46.9352382484 47.383050022 46.6267630411 47.2889763457 47.1300410644 46.7175818831 46.5486364059 46.6182055433 46.1522113232 47.3276086683 46.8973995673 46.4102172319 47.1088469105 46.7466620462 47.121234066 46.2450997629 47.2834095578 46.1349376176 46.5421019235 47.3137286069 46.159378227 46.0275280685 46.5024059721 46.7086914148 46.9122346565 47.3563186201 46.9015875553 47.4124231761 47.3999056943 46.7859663173 46.8991891932 46.0351867852 46.6259518308 46.827436344 47.2970935217 46.5432272523 46.3432429456 47.2540197362 46.1035291775 46.1619804347 47.009902769 46.9926855717 46.4443071335 47.1737278893 46.398411652 46.1994137147 47.1721993077 46.6749153264 47.0734952813 46.8560104238 46.9142653233
46.4309435639 46.7923462274 46.6529431308 46.6442410869 46.6624621455 46.6607185529 46.6134789553 46.9672660134 46.8865140811 47.2175434229 47.1575527519 46.8075602279 47.179799116 46.5869645218 47.1167824613 46.9973303583 46.1664335463 46.0245845426 46.908998385 46.5810926454 47.3317587107 47.0932253237 46.0382882785 47.1362474611 46.3249999034 47.4059565596 47.3745574304 46.8886521559 46.68653175 46.9037285721 46.2277970931 47.3558670442 46.5677802748 46.1104842001 46.21654892 46.9415007432 47.1290925516 47.2682252485 46.8721140471 46.7716063803 46.5015304333 46.3609902196 46.962956105 46.6960614885 46.2038761684 47.2229711963 46.4705538825 46.3408018854 46.3792413585 46.4603066064 46.8390206915 46.996897275 46.0143861213 47.23690437 46.6703830885 46.1637371526 47.3889317111
46.82628317 46.4612037322 46.4310907691 46.5074549436 46.9193096488 46.2574622052 46.3518685997 46.2124161915 46.4967397281 46.8626864393 47.307777996 47.0080507247 47.0183801158 47.304665306 47.411350444 46.1790263219 46.4668315698 46.447718309 46.2243182437 46.339410967 46.506682071 46.1363248108 46.6596980754 46.4549018 46.6709874816 46.9428523578 47.3713155796 47.1637469869 47.3029595173 46.4906734715 46.4701952697 46.6090564074 46.6251374962 46.2696907711 47.3658298197 47.2709803642 46.1585950888 46.7748840011 46.4213544359 46.1925297786 46.9708773439 46.0269822508 46.775096048 46.1557975603 46.5258396835 46.4812520947 46.5753213307 46.8531135019 46.2743725422 46.0129271501 47.3874928675 47.3016908156 46.378894121 46.564051978 46.7949472594 46.0225858113 46.7179308113
46.9342445737 46.9082751711 46.6826341606 46.9579066278 46.4436479799 46.1658909709 46.606624746 46.7847444588 46.6488162724 47.1952595403 46.3282822061 46.8027521341 46.9755138674 46.2914357092 46.6472377319 46.5350871451 46.2041136525 46.7956911826 46.8673101048 47.2078168124 47.2446337635 46.1998899263 46.8508333628 46.1854412403 47.3244907278 46.4927483697 47.0081266709 46.4429253351 47.0098146491 46.8768330731 46.427395183 47.2036658478 46.0527228857 47.1895572355 47.3006013836 46.8392077162 47.2039538652 47.3374970243 46.3537302629 46.2446543252 47.0082410239 46.3718077769 46.2730787885 47.1779726067 46.4905682732 46.3820447553 46.9813974825 46.919907953 46.9093224951 46.0975203544 46.899671115 46.4084373728 46.309381327 46.3957138377 47.21797398 47.3034211858 47.1874369173
46.5027627782 46.869476958 46.0612055384 46.5238271907 46.653895931 47.1525274054 46.1143464058 46.8274265679 47.31566462 46.4990336619 47.3634742858 46.1218401268 47.1498177962 46.8077123055 47.3981487208 47.059885082 46.6646025132 46.1690856701 47.1667847369 46.1857275169 47.4056086949 46.6529247311 46.0556069684 47.4046888423 47.2844523893 46.664183969 46.5646406758 46.1327573976 47.0679543003 46.1741116745 46.32384054 46.3302076691 46.1462559406 46.3282235576 47.0527381215 46.8168781744 47.3363223014 46.6048808402 47.0749167915 46.2509647418 46.4011373589 46.3380102793 46.1306275283 46.1663688885 46.0314855572 47.250907012 47.2866807798 46.6816027108 46.5650674581 46.7825462394 47.0138503426 47.0377355095 46.3809093901 47.3904921337 46.3146216723 46.8121047954 46.4653912492
46.854799136 46.156436171 46.2017598904 46.8144319846 46.3367754087 47.4088893767 46.6839314964 46.9028408376 46.4251233863 47.2089424726 46.0766690221 47.1060221316 46.6766036542 46.5370638442 46.3340664578 47.3394956234 47.2551800208 46.3603923968 46.9029472953 46.1110239618 46.9298295088 46.9356658746 47.3683477307 46.6891030597 47.3947998466 46.9594197681 46.3956358635 47.3081563174 46.6992862114 47.2575293304 46.7850790505 46.6969873024 47.0111576106 46.2281956497 46.1560623113 46.7729713912 46.5277884056 47.1223177643 46.2099553785 47.0878079932 46.5207781287 46.4054181294 46.996650918 46.0164184197 47.2932174654 46.3643231818 46.4038749699 46.5344776079 46.8488554517 46.0252478252 47.1553978898 46.2088201136 47.0550951265 46.9770488599 47.4095899996 46.7546259257 47.2030122854
46.7695678506 47.0913851691 46.3049778048 46.8225421457 46.619755374 47.1782754907 47.0509134031 46.010495115 47.1059297539 46.7474136826 46.7221834134 46.0174059853 46.955294532 47.110045108 46.1576339832 46.7944541982 47.2426225726 46.3328209634 47.3429385392 47.0565814832 46.6308400171 47.3291971563 47.1815722655 46.7842990743 46.2527403956 47.2802790217 46.7577882598 46.3098287001 46.5840181727 46.760980705 46.1908687573 47.2777733393 46.1918535434 47.251024444 46.6906329733 46.5771934409 46.6373944054 46.329823315 46.4579966361 46.3593084315 46.885616226 47.2243681099 47.1620425225 46.7021517674 47.2721440439 46.6365547261 46.183337269 46.4500537073 47.2354177786 46.2122030208 46.9532753257 47.2135940911 46.2411985653 46.3735727537 47.3964399442 46.4918532169 46.9985848515
46.9487702805 47.2279075276 46.0046073049 46.7710982591 46.3439690646 47.1213989548 47.1314723183 46.0595351019 46.8384097355 46.4743839486 46.75365901 46.872760785 46.2113190921 46.6629987768 47.0383852178 47.2706194931 46.7544222473 46.8878647994 47.3933011433 47.2237881946 47.2970171166 46.3241928739 46.264590359 46.4964811241 46.1079763704 46.864698549 47.4010702801 46.3743367661 47.0699100884 47.1069390991 46.1892565291 46.1011477703 46.7585537998 47.2804201077 46.5688774809 46.5003048225 46.2174694617 46.9595810596 46.4648295751 47.0402187286 47.1528255557 47.3766507313 46.9921714418 47.1439537822 46.2699899368 46.2502072796 46.9278438009 46.9084208785 46.6784400294 46.3445639364 47.095525934 46.5208786748 46.5842371749 46.3559148524 46.5949320918 46.0540359491 47.2284196216
46.8554812655 47.1702069943 46.1810511484 46.4346208256 46.4257757652 46.3352620719 47.2713625108 47.1472684267 46.7372640602 46.2044490925 46.4714084664 46.2371582927 46.3117647415 47.1391067758 46.367528934 46.2379836974 46.2169759744 47.2060289299 46.5668931084 46.2054162961 47.1324423231 46.0769311667 47.2877949396 46.6098223388 46.5253639923 46.6330196162 46.3178080081 47.1990255477 47.090977164 46.3535480732 47.3393324695 47.3549328638 46.6868146998 46.2965697288 46.4531336952 46.1735649288 47.3035203623 46.2317002775 47.3160578173 46.868259886 46.4040118257 47.1218645248 47.1575267752 46.6637882444 46.5739101627 46.3368244812 47.3743668296 46.010497719 46.6297902328 46.4474447591 46.5486688826 47.187916279 47.0183765912 46.9965131246 46.6384972922 46.9171484385 47.2976445004
46.0976675591 47.1036237111 47.0441472695 46.0439178121 47.0374260558 46.6873623254 47.1223096323 46.8884985581 47.3669699402 46.1853647036 46.9505763065 46.5101373819 46.5519104124 46.7945127704 46.2789759085 46.5961970663 46.1959332688 46.17532615 46.1283521291 46.1043074382 46.4036553426 47.2270279212 47.3089515388 46.0714932883 46.373794385 46.2712247081 46.21918041 46.0444627539 47.0013669286 46.4485570854 46.1748023791 47.2332716673 47.0122701458 47.0665299465 46.1470310183 47.0713465491 46.8109964292 47.3799228834 46.1933288262 46.3341953689 46.2674217523 47.0513075951 47.2025344709 47.3560187044 46.2188117244 46.7442831554 46.6388065197 46.5982098254 47.0662538531 46.9746103044 46.5554535638 46.3517990676 47.1897829636 46.9812832895 47.0167908847 46.6931817073 46.9914453714
46.2717686059 47.0425311781 46.4545053033 46.1603030041 46.2092300826 46.1992510148 46.9921235487 46.5084967341 47.2375674344 46.5534267173 47.296370697 46.5427499128 46.8955993998 46.4710508722 46.4320337263 46.003283057 46.3311265054 46.5039935856 46.4099242194 46.4637151427 46.0183351153 46.810612497 46.3305127755 47.0336121615 46.7469049366 46.2165841396 47.1731945457 46.6170504948 46.3832498225 46.5627520266 47.1567000289 47.4008516238 46.0431416368 47.072460026 46.968018977 46.5113482635 47.052846667 46.2583808717 47.1520907615 47.1237086489 46.9437001739 47.0770432526 46.7130099207 46.5137129427 46.7757472749 46.0093966291 46.754421627 46.7803430198 46.8424117617 46.7940874785 46.7476424257 46.9149552074 46.9488662688 46.6283946379 47.3847204914 46.3215375294 46.2770241605
