Spatial_Output/DEC/DEC_0127.asc
NCOLS 155
NROWS 192
XLLCORNER 196307.867259
YLLCORNER 449144.565805
CELLSIZE 33.573938
NODATA_VALUE NaN
[rows 52 to 77 of 192, columns 0 to 56 of 155]
44.5900259919 44.7010683682 44.5639735613 45.1393907871 44.579423637 45.0563248539 45.1126019618 44.641737413 45.0097345734 45.0689622573 45.0483351838 45.0191306488 45.0113344876 44.7551726779 44.7688865707 45.1388685363 44.523718405 44.8679657051 45.172925437 45.1812381739 44.5960175675 45.0777859217 44.5493711935 44.6756404789 44.568236179 44.5790825261 44.6725449223 44.6914388571 45.0897042556 44.7079836644 44.799947228 44.8458365548 44.6814429126 44.8670635058 45.037014304 44.555186976 44.8769497036 44.578475648 44.6907618174 44.5893232683 44.7708423395 45.0708969072 44.7256272716 45.0377282496 44.6570883666 45.0579528528 44.9409819613 44.7347650366 44.9763057291 45.0704054175 45.1227641751 45.0610323256 44.7661627944 44.7690062937 44.7589028496 45.0508009171 44.6358344933
44.5518810026 44.6228810195 44.8855658174 44.8865790031 45.1649092104 45.0258125032 44.6449784398 44.6556492485 45.0957611325 44.5422990354 45.1314675346 45.1110149097 45.1903214399 44.9488269376 44.7167601053 44.9645211645 45.1050791469 45.0924213973 44.9996087704 45.1632286165 44.8667009826 44.9875436344 45.1824800888 44.5793547273 44.8643722013 44.6282473922 44.618546712 44.66264605 44.8935258506 45.1048835018 44.7695192523 44.5964421748 44.73688556 44.7389909195 44.7139970633 44.9912240665 44.9220989728 44.9638803187 44.8407823534 44.5694305594 44.5844234412 44.6623362181 44.5227276159 44.7181404186 44.8047346602 44.6521685348 45.0418723953 44.7303051785 45.0120643414 44.8469500339 44.9137643419 44.5236015566 45.2012267645 44.9837611396 44.5705083628 44.8603958349 44.6356364842
44.6674951445 44.9795032363 44.6165950089 44.7134170818 44.9584689015 45.0343492311 44.6102324997 44.6043557625 44.5556352324 44.5408431531 44.8502447026 44.9050906507 45.1216021836 44.8792863966 45.05715577 44.6073226129 44.819294452 44.5905086072 44.5486696971 45.0600984841 44.8380344892 44.5441443144 44.6993123366 45.1860034123 45.0782269832 45.1486326156 44.6043149307 44.9793548148 44.7526479203 45.1996188314 45.1392260661 44.7473509748 44.69208902 44.5430751498 44.9264072453 44.6500217765 44.8545937706 44.6675355645 45.0175196148 45.119642691 44.7328775639 44.7583223766 45.0338562461 44.9171239823 45.0500940148 44.6453529582 44.7484270231 44.6774398907 44.7999599555 45.0723002559 45.088034233 44.7969300449 44.6818865726 44.6122589917 44.8739818216 44.9621001891 44.9512997018
0 45.0465748262 45.2053419222 44.6530833434 45.0519972562 44.8337572495 44.6368311748 45.0071138545 44.7803476302 44.9644686125 44.5289672329 44.5493423711 44.661948987 44.5575365524 45.0375257425 44.8542574617 44.785084971 45.0551047914 44.6846941321 44.5266327199 45.0382373626 44.6537902988 44.9725888867 44.9050916378 45.0511907288 44.6106726702 44.6773401081 44.7859398028 44.7049883735 44.9621413657 44.5040961368 44.5788475583 45.0234384638 44.973163436 44.8440607587 44.8950199809 44.8908011826 44.5690384751 44.8199363733 45.1475539714 44.9995824347 45.0710974839 44.8980922056 45.0396607319 44.9175598563 45.0316015364 44.6946508211 44.7004151567 45.0910038244 44.8526090348 45.0227567913 45.0228121487 45.1370137319 45.0157278436 45.0177598291 44.8661338011 44.8910208109
0 0 44.8583362118 44.852346999 44.5107659179 45.0863254576 44.6308653505 44.9641961263 44.7301020533 44.9501353675 44.9998021975 44.8011151913 44.5286949222 44.9557272768 44.8970281394 44.7648696443 44.9113535014 44.6383456542 45.0264027227 45.149269771 45.0224881277 44.5313825672 44.7629182919 44.6047321543 44.9875016584 44.5835078074 44.8019112648 45.0818995462 44.942828499 44.7980553307 45.0840300337 44.6215874044 44.6519841046 44.7827484681 45.0050573349 45.1176409868 44.9413588196 44.8290150835 45.0146036255 44.6622167682 45.1861660207 44.6722835024 44.6251317917 45.0038686865 44.7092908028 45.2006518365 44.8147035995 44.5420724572 44.9517975617 44.5659529163 44.7249732165 44.6732654203 44.7055097372 45.1962873135 44.71527787 45.0494795409 44.5489776208
0 0 0 44.8923897162 44.7555359238 45.2060789297 44.9308529283 44.5416455463 44.5247755372 44.9469140182 44.9418315827 45.0551144324 44.836892742 44.8462314379 45.185481574 44.7156667346 45.0366543863 44.6051003623 44.6148098683 44.601957999 45.1215173027 44.7372327047 45.0819443711 44.5298840521 45.1437411313 44.8468872094 45.1301756272 44.7304556751 44.7079920674 44.6585998077 44.7970833747 44.7236166805 44.7463108254 44.6994661928 44.6917934418 45.1740722305 44.8439737569 44.5362362038 44.9587963102 44.5274421457 44.8706226794 44.9084158649 45.1707898043 44.7166098133 44.7172636453 45.1153822036 45.0467753154 45.0163128642 44.9134811136 44.6827569846 44.5172112294 45.1630278477 44.5433394099 44.6261787234 44.6628137995 44.7277884971 44.5077975016
0 0 0 0 44.700887294 44.5404888731 44.788497935 45.1423993107 44.5228191308 44.9684454194 44.8515617666 44.6689179603 44.5539991369 44.7562939751 44.8466228012 44.7266125584 44.793541202 44.6679518095 45.1411817088 45.0881701691 44.5129054131 44.9586341532 44.7907128947 44.8417212048 44.6286746057 45.0781067178 44.9809524195 44.676029759 44.9010567719 44.8221888723 45.1107286792 45.0846362067 44.6458716723 44.5516234286 45.0605007857 44.625547492 44.8208031987 44.5088122407 44.639175953 45.1014932147 45.1230100426 45.1066328083 45.1368639257 44.8298738234 45.1608417154 44.5462274511 44.5940240739 44.7136197599 44.8978960228 44.7780893633 44.7770849429 45.0682878691 44.5104404863 45.0859941788 44.710499577 44.8899738749 45.07656615
0 0 0 0 44.6562504084 44.7935925282 45.1542733079 45.1249383974 44.5009465064 44.5537683124 44.5665833407 44.6728135426 44.6853757619 44.763695307 45.1694507852 44.595318947 44.7249422507 44.5617943305 44.5039164907 44.7918819351 44.6464935081 44.5196428372 45.0417546023 45.154387122 44.6738976349 45.0180935313 44.7048741254 44.8895803631 44.5192167007 44.668812137 45.0817713216 44.5258141209 45.1420187559 44.885571545 44.7619312973 44.768455254 44.6079843594 45.1774889573 45.1673647516 45.0461533141 45.0043715358 44.9453366045 45.1618519938 44.8799533561 44.7668523306 45.0167366592 44.6546239882 44.6756021514 45.0421235431 44.535711896 44.7201312817 45.0840048596 44.8366914124 45.0474230916 44.5610273703 44.9375415208 45.0759640041
0 0 0 0 0 45.1964589586 44.7548061009 44.9727950262 44.642996051 45.1140921546 44.8097896393 44.7621951667 45.0885903357 44.5688797513 44.6799268443 44.6358526846 44.9071730738 44.9604876156 44.7988448685 45.0034103635 45.1426418589 45.0021643289 44.5162245339 44.5003616879 45.032864965 44.9962090175 44.9296675669 44.9217360029 44.73518357 44.668544964 44.8618383362 44.7152978561 44.9632722231 44.762723668 44.9667211646 44.9870827706 44.9783152318 44.677254459 45.0381363842 44.9428235612 44.6045949249 44.9828580045 44.6241237226 44.7103898943 44.7773423951 44.7599473197 44.9943131953 44.668569677 44.88516056 45.0686690562 44.8319697342 45.0310037555 44.5999064273 44.8543950705 44.9586267474 44.9369573821 44.9404669129
0 0 0 0 0 45.1402788962 44.7261334064 44.9651881225 44.7171050934 45.1839080459 45.0373817939 44.8214873452 44.5309657466 45.1724268551 44.7564520173 44.8049811792 44.8412915098 44.9902653063 44.8237883813 44.8752964723 44.8071083501 44.9812805519 45.0735955497 44.8634679763 44.6578815152 44.7611906316 45.0264165687 45.2049854923 44.5388190772 44.9029586295 44.5504191403 44.8118884365 44.85171186 44.5582074341 44.8147306374 44.5767797655 44.6638231959 44.6686980598 45.1907741616 45.1681242474 44.9936223427 44.6946092571 45.1272310437 44.6055858928 44.8641391283 44.8586799495 45.1575915148 44.534695367 44.5174175801 44.6139097291 44.9777595452 45.0580573276 44.7126908958 45.1385786041 45.193703473 44.8590485592 44.9929892174
0 0 0 0 0 44.7626076924 45.2025961068 44.6956667263 45.1845496313 44.7397463476 44.9405772219 44.9519949398 44.5650520861 44.5800654216 44.6623659425 44.9819029859 44.5570640859 44.8063735453 44.9399256527 44.7370407188 44.6928747927 45.0272154066 44.7172663266 45.0208433274 44.9466269934 45.0428330986 44.9106394468 44.5261904218 44.9816779422 44.8973528315 44.515981214 44.8378396962 44.6729679235 44.9706830019 44.6608682902 44.5116246034 44.9588502908 44.6522672539 44.9179405898 44.6413878501 45.1934842215 45.0205601828 44.9228281211 45.1163680632 44.5461611354 45.0607880898 45.1981981805 44.6547643465 44.7383294187 44.6269999364 45.0310990017 44.9583397992 45.1894566448 44.7208072615 44.5281431964 45.0512650047 45.0292000114
0 0 0 0 0 0 44.9686380502 45.1816805526 45.0548419397 45.0161913292 45.0064416694 44.714065676 45.205967076 44.8251819761 44.8819039009 45.1986553979 44.7710811447 44.9830822593 44.7067064273 44.8414990047 44.7250014393 44.9915032439 45.0210508852 44.6786735562 44.5515923242 45.1475052066 44.8374354616 44.8970145931 44.953516273 45.1517055539 45.049018011 45.0655005864 44.7467735285 44.8588115753 45.1453403407 44.8701803419 44.805774733 44.5514026743 44.9815204413 44.8311580752 44.5459836215 44.6563265739 44.564017099 45.0515886377 44.5612082438 45.2036605529 45.1501584851 44.670948662 44.5588031388 44.6779891053 44.8803803511 44.9518707656 45.0339221942 44.9890430991 45.0632461596 44.9207598696 44.5854452207
0 0 0 0 0 0 0 44.5419347627 44.8673094104 45.0420798763 45.0766008765 44.5505070362 45.090950211 45.1962211834 44.92863434 44.553422528 45.0777248101 44.7361740191 44.5601669136 44.5955689686 45.0840132688 44.8826743253 44.6206366256 44.7339352873 45.03177898 45.1023833276 44.7980082007 44.8787978866 44.8674153828 44.7180087069 45.1626462615 45.1172006053 44.8754563575 44.796905953 45.1127264612 44.8649230276 44.9003450865 44.7898990584 44.6038534452 44.6815317494 44.6444051343 44.5535810728 44.8850685525 44.5092947062 44.9901365962 45.1695530731 44.7582995403 44.7675756214 44.9722086734 45.1216235147 44.7736521914 44.721549654 45.0672261669 44.899686702 44.7469619931 44.5444917575 44.5481145948
0 0 0 0 0 0 0 0 44.7796903729 44.5025147584 44.7317646536 44.9588001296 44.5562186934 45.1428238337 45.1437257229 45.0124356835 44.7441290835 45.1019147071 44.5284384403 44.6265070858 44.5554699117 44.9832475425 44.765213793 45.1464098877 44.8028263339 45.0966383138 44.9835601733 44.8485900199 44.832483817 44.7064010682 44.9698152095 44.8663727439 45.0013120305 44.5430014098 44.9158362776 45.1273909556 45.1744320524 44.6996283179 44.9503528839 45.1979858857 44.6124814252 44.7583673726 44.7509919427 44.5676079907 44.6153840896 45.1862126096 44.8663915268 45.1189471711 44.6834552809 44.508209758 44.6409939572 45.0230915956 44.5720840551 44.747912214 44.9638009211 45.0547657047 44.6154523039
0 0 0 0 0 0 0 0 0 0 44.6900637218 44.8197623999 44.5494286497 44.7455311475 44.8304779122 44.8648784439 44.6761675254 45.0267816546 44.8608081535 44.859054597 45.1566428234 44.6976460099 44.9228260277 45.1560123101 44.7446474188 45.0264182659 44.8961012144 44.6674569612 44.9784074539 45.1229418914 44.5751231848 45.0556590433 45.1018649293 44.5494128055 44.8215888654 45.1413490044 44.5631657218 44.6744320875 44.5780786521 45.1769879037 44.9101853464 44.9134895831 44.7395943279 45.1120771585 44.6089141242 44.9462854684 44.5300305106 45.145848658 44.5026960321 44.8478556681 45.0159858481 44.8326918379 44.7785297478 44.8906535659 44.982767316 44.8557161189 44.9514287158
0 0 0 0 0 0 0 0 0 0 0 44.8316670985 44.8786760729 44.8586525028 44.8952125449 45.1122112631 44.808454652 45.0499054885 44.7047468263 44.8118052204 44.8004171121 44.7594486126 44.9392436107 45.2001543288 44.622478034 44.6830604147 44.6156011516 44.5259637714 44.5950161528 44.6459302001 44.9100922946 44.6318321848 44.9895023557 45.1443182762 45.0566602775 44.9009129624 45.0061963614 44.5077529649 45.0434682771 44.6060506194 45.1918768195 44.9567831841 44.5151747359 44.7207399679 44.6546763999 45.0621725772 44.5801606532 44.6082140845 44.649161391 45.1306797245 45.0888082487 45.1684899429 44.5811290084 44.9041790029 44.7817829019 44.7948651366 44.9618301613
0 0 0 0 0 0 0 0 0 44.7916943822 44.6141145585 45.0616998431 44.7784205808 45.1343273498 44.5084989524 45.027761826 44.6406202298 44.6153809464 45.0091680279 44.8781971176 44.8901847527 44.6491514899 44.7922730428 44.8528856838 44.8598951467 45.1797100781 45.0616666071 44.6337697895 44.7276654294 45.0207085864 44.8823533274 45.1834677011 44.6974657183 44.9303067956 44.6098305842 44.7564924047 44.5167859765 44.8693348914 44.9839267474 45.0710457093 44.9960658502 45.014069358 44.5664723024 44.850954467 44.8850520418 44.5969089365 44.532396014 45.0515206681 44.6714748289 44.7871628547 44.5073499796 45.0023876247 44.7467261309 44.8461412855 45.1142335558 44.934103372 45.0179583678
0 0 0 0 0 0 0 0 0 44.7942198555 44.8960069632 44.5182119948 45.1091348917 44.8563196228 44.7218050395 44.5353284703 44.8868203621 44.9922960515 44.732994617 44.9404700683 44.94326631 44.7315072144 45.0807503042 44.6350340761 44.5586670668 45.0208474518 44.845179891 44.7090117585 44.5476627371 44.9962037249 44.6646569012 45.0009133388 45.0117000139 44.9904398982 45.0532390565 44.9994403568 44.9658655184 44.8871402047 44.7028515127 44.9103479221 44.8880853374 44.688992164 44.7511500537 44.7476702445 44.995153062 44.7172735751 44.6085955665 44.5716586851 45.2068778751 45.169220296 45.0548890397 44.7883617427 45.0478904596 44.5335981768 44.9724576506 45.1191239419 44.9302917179
0 0 0 0 0 0 0 0 0 45.0937687936 44.5711388563 44.9380387614 44.6342291226 44.6785008668 44.9779182343 44.5100455696 44.6037257065 44.6656102404 44.6271649358 44.9070159845 44.7805159376 45.0180348252 44.9063293342 45.0645305974 44.6585955037 45.1719911625 44.8860508253 45.1318367249 44.6737689626 44.6403625382 45.1095573609 44.9279914039 44.8213894559 45.1054862614 45.1592303624 44.5396592376 44.6417170905 44.796347824 44.6325037483 44.6527424446 44.997245147 44.5839916836 44.581406904 45.0740670466 44.8750117875 45.2004750855 44.7988446155 44.8864729205 45.1836617876 45.1637288123 44.8591713595 45.0884253247 45.0406634645 44.705664916 44.892296447 44.5491264675 45.2047703872
0 0 0 0 0 0 0 0 0 44.8851742325 44.552531498 44.6983827642 44.7477744381 44.6946841516 45.0605877206 44.5819563262 44.782839942 44.5477438731 44.7806445846 44.6071088672 45.1207275904 45.0064742064 44.5113589859 44.9015422703 45.0845793693 44.5177216687 45.1961456043 44.7723769135 44.5865355299 44.7201633053 44.9419353575 44.7973066664 44.7641039243 45.1192526413 44.9425539943 44.5876129405 44.7668333446 45.2040445407 45.0987810737 44.9134114143 44.7440420087 44.6667682712 44.7254481394 44.5324448296 44.6740436156 44.6267544524 45.1727039787 44.6691070715 44.7666852434 44.6300673939 45.1143937433 44.5478973676 44.9881645979 44.6545331085 44.5672875037 44.6527839569 44.7506916358
0 0 0 0 0 0 0 0 0 44.5538005188 44.7863303061 44.8916044122 45.0753560401 45.1190678147 44.9881765172 44.5469187483 44.9199664777 44.7401407064 44.9374120402 45.1217406154 44.6747813186 44.9547769136 44.8995454076 45.1507215548 45.1611371502 44.6291541653 44.9734532741 44.7407907357 45.0548615489 44.9991386908 44.6544815444 44.51888506 45.0965839376 44.7956799822 45.0441944054 44.9538294466 45.1522579613 44.5047832933 44.7224605111 44.7054711786 44.7757723286 44.9312859496 44.7073775252 45.1072130665 44.7856586249 45.11652647 44.755607558 44.9650500237 44.8738217207 45.1776549306 44.8519342092 45.0317116934 44.8163847521 45.1514023269 44.6810907738 44.7383285633 44.7548556922
0 0 0 0 0 0 0 0 0 44.7486856228 45.0420791362 44.5207666713 44.6806939651 45.0539545377 44.9343300635 44.6628007323 44.862532605 44.766335221 44.9585742896 44.5551152566 44.706249008 45.0120959091 44.7905859587 44.8659201939 45.05973257 44.7823921304 44.701822633 44.6471089478 44.5306585384 44.9930353512 45.1493714542 45.0287047984 45.0506731687 44.8468287453 44.9362645139 45.0479902037 44.6819106905 45.081386433 45.0880603277 44.6777857875 44.6893396936 44.6269396571 44.7298314068 45.2032883087 44.9595703159 44.956876723 44.6167214526 45.0811052033 44.9614943794 44.9832008009 45.0718889529 44.6824094488 44.5164314967 44.8743089001 44.635081105 45.1409702226 45.008795274
0 0 0 0 0 0 0 0 0 0 44.6214411789 44.5992904483 44.5140754573 44.9084150816 45.1891825033 44.517375288 44.9501098636 44.5675741959 44.9342967665 44.8783016248 44.5010669439 45.104279665 44.8890100841 44.694892703 44.8921801462 44.7673984812 44.8046404673 45.1767085438 45.0996750253 44.535058916 44.6457807873 45.1118649744 44.9320981638 44.9505061213 45.1498526959 45.1836710415 44.9747198987 45.087416878 45.0794989357 45.1384754705 44.8596304905 45.157968994 44.6290117168 44.8873168602 44.9799027943 44.9737091696 45.0622091798 44.7703340708 45.1596050602 44.7200568343 44.6613038762 44.7141884525 44.8646304983 44.9459027122 44.5641825057 44.8805714873 44.6861875226
0 0 0 0 0 0 0 0 0 0 0 0 44.7542068959 44.7328964623 44.9944451963 44.8071952073 44.8710641218 44.6406423232 44.7213596468 45.013826808 44.5812409833 45.0998441555 45.0681576637 45.2010029713 44.561719841 44.823052572 44.6583668513 44.9971859449 44.7485906787 44.7051472321 45.0596840392 44.5930419712 44.7161549318 44.9177228802 45.1311620356 45.1923484449 44.5817598997 45.0330528852 45.1683627512 44.9925700299 44.7973064114 44.7216327064 45.0143221721 44.566067831 44.6270000727 45.0234747708 44.9035303009 44.6330856415 44.836006906 44.7770846545 45.0529255423 44.8109494631 44.8081371326 44.6813185604 44.5830290488 44.9874815109 45.0746250002
0 0 0 0 0 0 0 0 0 0 0 0 44.5360187504 44.919744385 44.5808429751 45.0507957942 45.1778601835 45.0430782725 45.0530064813 45.0294812499 44.5698042573 44.9429308779 44.6595110793 44.6376874778 45.099585415 45.0672452291 44.7072516031 45.013790748 44.8260486396 45.0217593483 44.5258252758 44.5732911801 44.8845521136 45.024924571 44.5843900537 44.7760089631 45.090134126 44.8772423458 44.9708627639 44.8300583796 45.0003144117 44.5419566038 44.8452173034 44.5908274944 44.7515967037 45.098317704 45.1311300964 45.0226851499 45.1784120717 44.8024512028 44.9252113265 44.547340733 44.9137852999 44.7351699583 45.180281559 44.6641601576 45.1945791448
0 0 0 0 0 0 0 0 0 0 0 0 44.8976556651 44.7113934752 44.9570413443 45.1844542422 45.0406579594 44.5102058226 44.7717960943 44.9732210212 44.7514878556 45.1182398744 44.5100459944 44.9596857263 45.1605089194 44.8995659863 45.0015008606 44.6977565194 44.6391797794 45.0163824428 44.5240147784 44.6583965967 45.2056268757 44.7540593521 45.0635810563 44.5641285994 44.5918732399 44.9120215829 44.8454307964 44.6215835612 44.5909163149 44.7229083371 44.5385408701 44.5854374029 44.8453957244 44.7975009248 44.6978104275 45.1344429389 44.7908883708 44.6978956282 45.18152449 44.7156622399 45.0972137007 44.8795591631 44.803708393 45.097699473 44.5372224331
