Spatial_Output/DEC/DEC_0399.asc
NCOLS 155
NROWS 192
XLLCORNER 196307.867259
YLLCORNER 449144.565805
CELLSIZE 33.573938
NODATA_VALUE NaN
[rows 104 to 129 of 192, columns 57 to 113 of 155]
32.8279234655 31.8791405772 32.4907137577 34.7580025083 34.9490817455 33.682426566 31.6341673465 31.6759824378 34.0284185021 31.8917971156 34.4557696587 33.8049029806 34.0360473197 32.8233198487 32.2356671431 33.0533862895 32.3665328071 33.3061847329 31.7256549764 32.5828573415 33.4971905092 33.9520485556 33.7412504366 32.3788166057 32.2468495917 34.1979956433 35.0176855878 32.2844648344 35.0049031236 33.5190416592 31.9401134659 33.6086252812 32.3439832136 33.0784546638 31.9197520141 34.7358433749 31.6465016728 31.6664116458 34.2090548831 34.6590955724 31.9446496867 32.67754806 32.5680489871 33.2879357014 31.8674650787 32.914709231 34.1579839181 33.7551336052 33.7706304316 34.324357046 31.5252519892 32.6805653565 32.1944121663 35.0007762148 32.4008726851 32.0438534451 32.1498847231
31.622602674 32.3094563594 32.555976066 34.603888978 31.8240860682 34.2131478703 34.6358867364 33.8347800908 34.8814535631 33.6273411707 33.4428906955 33.9493317811 32.5792582908 34.6424136787 33.580446823 32.4734335488 32.8359313346 32.0960438599 32.9184307117 33.1995091647 33.5256617517 31.7542322529 34.8481801673 31.8744535883 33.7865092304 32.8599774846 34.6261802972 33.7257079299 34.8598444036 34.6551453244 33.6266170059 32.2094012071 34.2531845606 33.809042491 34.5587161011 33.1041030039 31.6984724785 34.8490281854 34.3006405911 32.2983064666 33.1463179975 32.2143618761 33.5372117415 31.5073434087 32.0047748876 31.704516707 32.1380354507 32.646297731 32.0439970457 32.6203905199 34.6234030961 34.6325840004 31.9720111954 34.1644800139 34.5820397315 32.3274465383 33.9493052288
34.3597048868 34.9351509938 34.435576606 32.8392437255 33.4241968833 32.1579358017 33.8187294924 34.1870882267 33.9766416762 34.4066643282 32.372244608 34.501120305 32.477077381 32.6959649696 31.5985570543 34.2199772257 34.4021041154 33.4013076278 33.1079372342 32.3214578971 34.2507115549 32.2061028029 34.5254910176 31.6540548596 32.5436417007 31.5095152147 32.6284503695 33.3339809437 32.0541774312 34.6693269344 33.8664784528 33.3738814198 34.6081425471 34.8591456175 32.9087336527 31.7576493622 33.8257703455 33.5351236943 32.0645004075 32.6932686441 32.4924364855 34.0607680218 32.5988038511 31.6618529347 33.6368354913 33.3274507189 34.9012274176 33.4188092149 34.1193664941 32.1149176317 32.894325279 32.6130272511 34.9316249367 34.7837734323 31.9429828317 34.3958699725 32.6753655799
33.3324193941 33.215920618 34.3557778526 31.9062357857 31.7599615381 32.1294954461 32.3164128707 33.2152881359 33.2409137238 32.2385726236 31.6721945341 33.7735612678 32.0871679979 34.7939882013 33.8197615299 32.1854321495 32.5466677448 32.1822433607 31.7312668947 34.9018119412 32.7868386924 32.9648246602 32.2264435784 32.5876851734 34.1594939468 31.5040467223 34.2274371812 31.6737838897 32.5360829843 34.2723441759 31.8911267491 34.7998781378 34.1017262328 32.4253825112 33.4559709647 32.8979605165 32.267485313 32.5699963073 34.265804309 32.4865090642 32.3812841914 33.0776220651 33.8220377333 32.3504544532 33.3635753807 34.1314133867 32.4911176662 33.9813055391 33.6655951861 31.6209540165 32.337273416 34.201405822 32.3218318428 33.5289290016 34.6012645517 34.2739797891 33.7251348362
32.6866435529 32.8556160046 33.7414904964 31.9191054286 32.8582218972 33.9943941884 33.8807125556 31.6428734596 32.5316946397 33.5783540883 33.3293992625 32.3103430128 34.0670968083 34.0562023729 33.4635759242 32.5615355399 33.4559893038 34.2534252689 33.7077719902 32.6422427287 32.0255571067 31.8149971818 34.2699764802 32.6761958656 34.5582852453 31.6704522428 34.2114094922 34.9792530052 34.3759197534 33.8461773136 34.0233516523 34.0115601771 33.6682764928 32.8942945409 31.7436365774 34.3235085763 31.8573563474 32.267548073 34.1371268281 34.8169815862 33.8358781414 34.7218928902 34.2634659627 31.707699775 34.0179762608 33.404220416 33.4393446504 33.3469108981 32.7009435346 34.0985198778 32.6809589468 32.3077363646 32.0873064731 32.2531673162 31.6597791841 33.3979917676 31.6994577532
32.8182931537 34.0710678167 34.069800251 32.594145475 34.4466850156 31.6385326197 33.4338455818 34.5548514842 32.9651034765 34.1271086605 33.0869603026 33.3932931368 33.3336529367 33.2502927706 33.0980864913 33.5156349005 32.4509709063 32.5006513289 33.5594659718 35.0239196378 33.4501065753 32.4294570225 32.424585134 34.6921524969 33.7720508262 32.6485891351 34.7769834853 32.0455052856 33.1720882041 33.3589335386 31.6109069046 34.1388688056 31.645498813 31.7240008347 34.512090897 31.7625471566 31.641234601 34.2040140384 31.5067471128 31.92157007 32.0438561245 32.3495117273 33.6988747818 32.9179306814 31.9602793007 32.6457373286 34.5129977198 33.6000738261 33.9116838604 34.7292595383 32.0579285975 34.1407327038 33.2140596581 32.0006499803 32.8168648508 34.3310092556 32.0946414941
34.7260535507 33.0984311578 34.4998401505 31.9830587655 31.5345808966 32.3320015903 34.450148654 31.6809350252 34.750225223 34.4229509409 31.5197581679 34.8509730767 31.9144337004 33.0400542142 34.591730548 31.9560891487 32.764389085 33.5421249612 32.1123657759 34.2995681124 34.7403806354 32.2835191546 33.0066722888 34.5996084513 34.3676638547 33.7557673756 33.2299026813 31.5924929647 33.5479234888 33.8901917041 31.6632349336 32.7372324953 32.2038848134 32.7998068157 34.7071821382 34.1981039266 34.0716456547 33.5373668242 33.1937539331 31.9687793488 34.9303401518 34.5164959931 32.0031191273 31.804026706 34.0148532763 32.5767341032 31.9773833851 34.1853572815 34.2818644801 32.3656450564 34.7157327801 33.8149932195 32.7197188972 34.22834527 33.1825130989 32.3667666075 31.6155779843
33.2245283533 33.6052144554 31.6895747955 33.3993282917 34.6218376601 32.9213993174 34.8550952577 34.6380701694 33.980278884 31.9553420905 34.977344206 33.478736278 33.0550287147 32.6834598587 34.6535407203 32.8058050152 33.1281864831 32.5843749187 34.4928485629 33.9904420184 32.2665054293 33.5907033677 32.4534670949 33.7169636573 33.5391249249 34.9205478941 34.6865749236 34.3425669215 31.8395601109 33.2167644773 33.4440338694 32.7938642238 32.8593464149 31.9630123719 34.0243173239 34.4130144777 32.7243669868 33.0578028209 32.3702223498 32.5306294114 31.5349218369 34.7813030501 31.7548422387 34.9819472319 32.04300953 34.4698422982 32.9657927381 33.2199907115 32.9949657831 32.3444925976 34.0671133961 32.9839826259 32.2394905782 34.267028645 34.1791939799 33.8591340951 32.566553438
31.7611731305 32.2994723038 31.7046442456 33.4677565207 33.186610371 32.3784496708 33.8648534169 34.1948739356 33.9227130811 31.9807496151 32.5421470349 34.7765182963 33.4598811739 31.6245487669 33.5431997965 32.6161684508 33.5303955733 33.7509653499 32.3947193603 32.0082930661 32.0812098188 34.7906073603 32.7133832907 34.6546717557 33.6573442788 32.0671358437 32.238939578 33.4189375465 34.6757323355 33.9666337607 31.611495283 32.0084423228 33.3903764413 34.1204461981 32.0973762061 33.0006007539 33.4989349132 31.9516665515 33.6291900929 32.5419185571 33.5494777609 34.8322599005 32.9698885083 34.2732554531 32.3267707392 31.5871968104 32.2809589724 32.2267893602 34.5406920126 34.6784166803 35.0346367992 31.5506030946 33.1343840515 31.8776541983 31.9747886833 33.1372947299 33.8683669901
34.029054651 33.1057036898 32.062475266 32.3982342656 31.9878978704 34.5414569889 32.4190246338 34.6771184661 32.5424513524 33.0954670282 33.2467804222 32.6674515502 33.8137134858 34.4614466382 34.3755729027 32.3423800852 31.8639690221 34.9630332317 32.5486805671 34.2558094449 34.5006015945 32.6657305736 31.7018093859 32.8882534016 34.5986430442 34.8337488385 31.9027710306 31.9955341322 33.2286564234 32.4950980473 32.6558943834 32.7047906607 32.0738045188 34.5078485528 31.9685750209 33.8877043449 32.3281610023 33.875487215 32.452762962 34.875369517 32.9218017332 33.1805532336 32.840340829 33.3711481201 32.1657895196 31.9075555248 33.068174329 33.9542093099 34.5209984045 32.8633749552 32.0041018327 33.3892620129 32.2202252634 32.5484008798 31.9499531555 34.0545655255 34.1974233548
34.6693219626 34.3640764498 34.0636413214 32.7461869611 33.734041763 34.1002393357 33.4802431191 33.1805282294 33.6420050816 32.4213030831 33.3939900355 31.5043035772 33.202578018 33.8777132897 34.9354169578 34.0185025257 33.3190465479 32.365097403 31.9061941337 34.3021981449 31.9218571356 33.1290828802 32.6118698603 34.4983288543 34.7518088503 34.2960567602 32.0731151423 33.9204531997 33.1975969702 32.1229884897 32.0669689816 32.1687230418 34.9765336369 33.1176165489 34.0468656622 32.9652432747 33.522361746 34.6199764269 34.705078821 31.7303567703 33.6916131641 33.4108937883 32.7555657067 34.4366127411 34.6636944812 33.9695567617 33.3498304906 34.8934485674 34.0546308297 34.2945309584 34.4874772397 32.3023894162 33.699270546 33.1698427432 31.6516769602 32.2327200611 32.4330461294
32.3737911962 32.6954281017 34.7468968465 33.2138463285 35.028111824 33.2409637817 33.6001329095 32.0745660337 34.6459184291 32.5283993768 32.8244352511 33.3904674498 32.7281093851 34.521415322 31.9190675629 33.1711365301 34.6343771552 33.651705782 31.9392121787 31.5608375605 34.295520925 34.5900133166 33.263264229 32.6075341998 32.8503310889 33.8522789503 33.7162633103 34.3188123556 34.843698002 32.3475104943 32.9183917705 32.7915212296 33.4505985824 31.8656773281 34.265456721 34.0348887056 32.0539493788 34.9008513213 34.5641521871 33.6911294524 34.5758708509 31.6372269076 33.691028734 31.8983147113 34.6886981137 33.0615980352 34.2302328805 32.0290007725 32.6207014798 31.7645027804 32.0727538317 34.9572604556 34.1444396467 32.4175320354 32.4780912878 31.8776450288 32.8047305583
34.8739547738 33.6245059115 34.2878249609 33.9364731282 32.5026035059 31.9384605503 34.9799443328 34.8773733347 34.8872918379 34.7047273543 34.6112980907 34.2110603438 34.8452398396 33.8901685693 34.5160035038 33.2941255792 32.9848989127 33.6423643372 34.359409215 33.9643735987 32.0952150241 31.7231215306 32.3386693752 32.5622008461 32.0042045145 34.3384054294 32.706916174 33.4614206221 34.3690571874 34.1219968948 32.3579069464 33.1187232987 34.084934769 32.4385401838 33.9608554935 31.8072900024 33.4964587465 31.8589086394 31.8799332793 32.896963579 33.029803695 31.7436873533 32.6085158087 32.3775256462 33.954783763 32.4162717673 32.0813979137 33.970359954 33.1106259215 32.5109512245 31.9455563398 34.187012204 32.9399365228 32.8239767662 33.0427033365 33.4682504401 32.1342465699
32.0878850447 31.8209759972 31.91141045 34.3072493236 32.746633393 31.9422385498 31.673215051 34.9258147432 33.0715098201 33.4493844479 32.0168853147 33.6689591107 33.0852534395 32.6409215759 34.9283556529 31.94862893 34.6272442304 32.0499906539 34.4448699466 33.6633241175 34.0324398005 31.592485067 31.731218056 34.7932953106 32.1810640259 34.5871594855 32.3370445113 34.2757041076 34.0258420863 31.780701222 33.7276538685 32.469091932 34.9268413775 32.9643913785 34.0715969365 31.6166160087 34.521490051 33.6329130843 33.9838475851 31.7935900494 32.2076505883 33.4527793687 31.6305931981 34.4492253672 32.1200810409 32.3186673537 32.3142900756 31.5266671321 34.055028713 32.0817512408 32.8188753249 33.7216095972 32.1625035316 31.8227280786 33.184980602 32.1984533309 34.863564187
32.646868685 32.2231547505 33.321743909 31.936298965 34.7200952982 31.6926220159 34.0662327678 31.5145885933 32.2782686982 33.2402169626 32.5824287019 32.0882321679 33.9925186899 33.7646297173 34.301965443 34.7427434544 33.5500123808 33.8699890141 33.91253833 31.5052163225 32.5515314473 33.0023947728 33.2836380012 33.5701814341 33.6021392623 34.2526198231 31.7993324456 32.7282691078 32.8220664749 34.7715290761 33.3189405633 33.0056719792 33.1466829435 32.6824348023 33.4893203472 32.7688989549 33.8205527808 32.9375429865 34.7305238622 34.4161556468 33.4727201942 34.3956481215 34.0250919971 31.722755272 33.7437996099 34.8076632777 32.6681886389 33.9249508232 31.7150213119 32.4367954648 33.780138774 32.913879537 31.9241273807 32.7329447462 32.9002519607 33.1945895482 33.3902687137
34.8748117667 31.9571427943 33.9750488626 33.4169424753 31.9293228583 31.8855925652 33.4139769677 34.5845706641 34.5265799932 34.1962731219 33.7885430606 33.8762727699 33.7979794827 31.8189800565 31.9988390919 32.4202327089 34.3107981833 34.8758610858 34.5298593182 33.7550056395 32.0751204036 31.9640503176 33.6625458608 32.7557557637 32.349048088 33.9736135444 32.5699783072 34.9454601077 33.0279876235 34.4912704176 31.5290932288 31.7439817533 33.9286504046 34.6118541164 32.3182633631 34.0233654836 32.0742427254 33.4936685015 34.689637604 34.2825926565 34.6886766904 34.1733525428 34.3229385629 34.5811624314 33.3105039095 31.805911943 32.0109132226 31.552807266 33.6943238165 32.7364548585 33.3285863668 32.033087622 33.9114840425 34.4828843523 33.49421948 32.3042789783 33.3877893201
33.5636663072 33.6496496504 33.4993350157 33.9460055702 31.622255121 33.4321097988 31.5320137705 34.7910113155 33.7845366258 33.0322555049 32.7085758782 32.4394532289 32.3241696716 32.1709817554 32.8051037002 33.675260814 34.3407608482 32.9251094635 32.0363433198 33.4017393031 34.0025952875 31.9315665471 31.7568771479 33.2090461014 31.5530016073 34.9492170146 32.8672320124 31.6856795213 31.5373784343 33.3287669651 33.4322876761 33.1114616527 31.7453338706 33.0466838329 34.0240126557 32.9719106331 32.0508670505 34.8835240331 32.6204730672 35.0027243087 32.3752811439 33.510922893 33.4547799774 33.0035781877 32.4906043201 33.6778708029 31.7699054988 31.8759367009 33.6437310163 33.5705660071 33.2995016432 32.5928971098 33.0120956726 34.0114227305 32.5963431046 31.9522214115 33.7142509006
32.6207271472 32.4979678158 32.3181246512 33.2743440733 34.1265717677 32.087418402 34.7694118828 31.5747675996 34.4351891292 31.8902165634 33.930927305 33.44180505 31.6860459443 33.2196087979 32.5732969051 34.2289533872 34.7579630802 33.5433681073 34.4887670221 32.5978752897 34.2649684961 33.9727929154 32.8335932356 34.0953890129 31.7639090853 31.6279972129 32.9366913021 33.6700656206 32.8966634372 32.6956219181 34.9529612788 34.9539331356 32.2210367361 34.1622258887 34.9634330132 32.4686573338 32.8765811288 34.9820851408 32.7035684924 32.6206967588 33.3613887436 34.7444288169 33.6120622378 33.7185745679 34.2404647971 33.9769724908 34.9752426463 34.6881822076 33.7315140606 34.7137423944 32.8531783513 33.2280816681 34.641238731 34.0076390177 33.4014925069 33.3296622421 34.4245193131
33.3877967832 31.8706141529 34.8177090138 32.2207498191 33.5978592664 32.6004561613 32.0262258132 33.4420062443 31.9304464703 32.1945253166 34.0962111227 32.6451632634 32.4083472847 35.0346549663 32.5400736335 34.9412316091 34.1434839407 32.4889017703 32.5990549601 34.7616752952 34.4173993251 33.8059569867 33.5629452867 33.7653326902 31.793594319 31.5053639383 33.4059878368 33.3085269588 32.8163273354 34.4658004971 31.7302684899 33.302480932 33.5377641306 32.231069461 33.9424170858 33.2821126766 34.7194925875 32.9289543699 33.0117929609 33.1117154654 34.8575245271 32.9893667675 32.1869520128 31.8127875396 32.1996513794 34.5177698046 33.3386639209 31.617970244 33.8739773485 31.6018240815 33.3869182277 31.9158292512 32.4984701969 33.9508420248 31.5212069689 32.7574348741 32.9569928113
34.2479971972 33.5841987088 33.9479429905 34.4658145645 31.8153664732 33.8769123925 32.3823181143 31.5293198507 32.4321695527 32.7384644522 34.2045769431 34.5884159931 33.7829456751 34.8870999183 32.3089730068 34.7805966393 34.4846794501 32.2673039583 32.9788277796 32.6201538122 33.9784752097 34.2242899786 34.2586179095 33.1404673214 31.7640956601 33.2710002463 33.6756753377 33.488992311 32.4094264661 31.9349728024 32.3105149515 33.1395843273 33.6594502988 33.4515497237 33.0913197763 33.514345708 34.2293145105 32.4076740338 32.8533857353 33.3644927579 32.2455707148 34.9076053303 32.5268266615 33.6437738231 34.6754198397 31.9177635101 32.146715721 32.9378090741 32.7375638031 32.8356119784 33.490085412 33.8677239954 34.3392510034 31.749403906 32.3822638593 31.7573204887 31.5696539874
33.3793310252 32.3101668142 32.6474753225 31.8435475094 33.3908225371 31.5667309001 32.5005792825 33.6457500003 33.2495651387 31.8485398694 34.0730644576 32.0027368783 34.4499589004 32.6273387407 32.3862462431 34.4592021827 32.0645502325 34.1200109057 32.1391529727 31.8021682158 34.8527304457 33.6135152779 32.4051651572 31.9033149917 33.5386854323 32.2445799478 31.5212328795 33.952841248 33.9616279333 32.5407190782 32.7695962502 34.9061357534 32.6971787367 34.1962835091 34.3178006217 31.8698958251 34.5272566032 33.0044302791 33.9581645784 34.7863683771 33.876355157 32.8569559215 33.0254146728 34.0922117265 34.7517564627 32.8430737813 34.8929473922 32.8957654834 34.7848018209 34.6619804727 33.1961019697 31.5002850758 33.8195479593 34.2927087202 34.6134379641 32.5058967516 34.5861706238
32.1313359526 32.9351819352 33.5506948982 34.7666331232 33.6049628177 32.1586261626 34.7685321823 32.7288207316 34.9198587208 34.8766115643 33.1375634158 33.9675697076 33.8285247121 34.6009625721 33.9300460695 33.0271745878 34.3601992475 32.7738230646 34.0202814964 32.7756054088 33.2828072454 31.5364121614 34.5426168209 33.6726507861 34.2445829732 31.6175617096 31.5210823387 34.6338071246 33.4768697059 31.8473864859 33.4994811613 32.1328969372 32.1006006211 34.542037758 33.0336273091 32.8957503727 32.0570919661 32.8076481856 31.5808484981 32.6420204863 33.2522780161 32.0019991337 31.5405974807 32.8530164883 32.5718732007 31.7894008925 31.5092197554 34.9482024118 33.2765005731 32.6265072782 31.5477041439 32.8962719775 33.9218588621 32.7851078071 33.0099367683 31.5582104607 34.3545255403
33.6205964193 33.2363358739 33.5438503034 32.7462192119 34.5670939244 33.2481010894 33.2532841275 34.2365340369 34.5074328035 34.3465442395 33.8101424771 32.6036651247 33.3434356118 32.3742505087 32.5109132412 33.6516566656 32.8043368757 32.4146215129 33.7136337535 31.987460669 32.6025977184 32.3750376401 32.7690054514 33.3986795986 31.7107892613 32.0043480607 32.8470423153 33.6974460945 34.0315986158 34.1074547279 33.5595260428 32.8591695089 32.0709346803 31.5559740037 32.1722429401 32.5722389788 33.566074347 33.291327275 34.985669445 33.6225464554 34.7921816965 34.1306603917 32.7170648517 32.8586511561 31.7120360466 33.5549318497 34.6362859483 31.8306984828 32.2880174275 33.3261657739 33.7577646848 34.599545189 33.2182102668 33.873634679 32.0983377845 34.4162682906 34.6047280004
32.6402303101 34.5515982454 32.5370574574 32.488096888 33.2481271013 34.1956030578 32.0616334471 33.1585627028 33.120499848 33.3159996212 32.7369200392 34.4846390921 33.3681652536 32.8593049334 31.954482621 31.9610931238 31.665154896 34.117743486 34.1803813193 33.1231981832 31.7176765889 32.6198359699 34.313528593 34.8730357633 34.5947481806 31.863331197 32.3175759342 33.044858024 32.4582814322 32.8311380715 34.2672522687 32.2742983663 32.518859807 31.7488121379 33.6523728922 31.5322260472 34.5127533457 34.6827825906 34.3269430552 33.4863937744 32.4951974165 34.8801296444 32.0755464882 32.8583114687 31.9902616189 34.6062148135 33.0818082145 33.5556968336 33.5080363087 32.1562340477 33.4386744722 32.6863534944 34.134194874 34.3369343697 34.4496460086 31.5167971387 34.9018994397
32.355530517 33.4958255437 34.5637450048 31.7036657525 32.4520002204 32.7360501446 31.687184307 32.4455938222 31.8324694673 33.7103270342 33.3704160594 32.4376600784 34.6349321169 32.5427902762 32.0285982134 31.8487943677 33.8934251601 33.3157200044 33.9316165694 34.9688584604 31.6556733286 33.5042936095 33.0523269556 31.8703600127 33.261463524 34.0529110001 34.2200758204 34.0238241576 34.9399382223 31.7176357066 34.3259230516 31.8016349075 31.5884802634 35.001792751 33.7035705243 31.5974435038 33.9879192508 33.8418974227 35.0331323077 32.7606914268 31.5755797436 32.7308359171 34.6688227721 33.1243262572 34.8658643034 33.525358066 33.8300727063 33.9804158288 33.1652270966 32.3519945355 33.0065413878 31.9223384475 33.8886047896 34.9986739862 34.9685221119 34.0763348762 34.9874026881
32.6608711206 32.0310049647 31.8860343382 32.3678009864 34.3479923821 34.7416931347 33.9999943999 33.1104709452 31.8056789081 31.7110451089 32.2300240265 33.3381076052 34.8181732288 31.8315542571 33.0315834873 33.5007093168 32.3694188932 32.7756154969 31.7693515407 31.5825854155 31.544497213 31.5912893913 34.407530352 33.8471305977 32.8996654618 32.8345863664 34.6587024828 32.0143579397 33.3135385003 31.645325823 33.8838226611 32.3150077943 31.7106498639 34.078181161 34.357805928 33.4511933826 32.6777200983 33.7221851918 33.1774595688 33.9813025847 33.2928768234 32.0480227011 33.4026954481 33.7503576742 34.3928133001 31.7791626261 32.9159579113 33.7433815555 33.5879632973 32.1186726366 33.2965374793 32.8462372986 32.7752446829 32.807010044 33.8185677507 32.1866449498 31.6877738792
