Spatial_Output/DEC/DEC_0370.asc
NCOLS 155
NROWS 192
XLLCORNER 196307.867259
YLLCORNER 449144.565805
CELLSIZE 33.573938
NODATA_VALUE NaN
[rows 130 to 155 of 192, columns 57 to 113 of 155]
31.6581259065 34.0149333178 31.8099528391 32.1947033662 34.6370373138 33.1438517675 31.9202997302 33.2204809319 32.6570494291 34.1522297511 33.0892910339 32.8477256717 33.236176562 31.9878624858 31.7681987165 31.8969649855 33.824662024 33.8920583985 33.2667222742 32.1133948176 34.2052666679 31.8469650198 32.2428733671 33.1567335233 32.4269518444 33.9569802886 32.5922280818 32.7383343446 33.9778646948 34.3708432107 31.6909009674 34.6260588057 34.4835173636 33.368552555 32.2407096507 33.5538512831 32.1431395971 31.8789271128 34.7459116744 34.6440419661 34.486367716 33.1381569451 33.8725934734 32.465709305 33.683458314 31.9073061275 32.8163608114 32.2054264644 31.5824721216 34.54218065 33.1385901913 32.3632751174 32.9664642793 34.5206460277 33.0272168986 31.7777685913 32.7769638984
33.3890609452 34.7872699529 32.1073849554 34.3452318915 32.7654953017 32.5773626695 33.8743309151 31.7052809996 32.8870921977 33.3106227779 35.0323570194 33.1684157632 33.057029133 32.094937087 34.2179819829 32.1507970062 35.0046881055 32.440286015 33.7950874 33.9994120594 34.082792278 34.3726604273 34.2380775138 32.2514548221 33.9133329372 31.7722735804 33.200055638 32.910523627 34.0190448997 31.5985282107 32.4496080995 32.8574360229 31.6347435378 32.6689896775 32.8403765656 31.6546461387 33.9484364728 32.2154024172 32.9477599476 34.0483504648 31.5848813089 32.8848751897 33.5843703347 32.3743592774 32.7050844437 33.2478790936 33.3126148227 33.1549980037 34.3735564368 34.2743078243 34.4710767336 32.1259434245 34.5579769587 32.2772944873 33.6243547998 33.5247163766 32.7955250431
31.612938406 32.5128127871 32.1720784899 32.8072793263 34.14249421 34.9130790401 32.6756735531 34.221239654 34.3364589318 34.9198981819 31.5079279009 34.5382588461 31.6905252947 32.4925909622 31.5800541345 31.9695422256 32.6670899088 34.1344525373 32.0711731916 31.5976459888 34.4552353284 32.8279722971 32.6008677752 34.489021557 33.5913780082 33.7190344919 34.3212119705 33.3723356577 34.6792684685 34.3996130627 32.4612213057 34.1691794876 33.8056181507 33.4047115318 32.6489604847 33.568239573 33.4105123576 34.0514738764 34.57561817 34.6330353745 33.2386847801 32.116167203 31.6607940918 33.2925044254 34.792949599 33.8274056495 31.6295183664 34.9678552045 32.9776657785 31.5833443517 32.037438185 33.7076609206 33.8414614897 32.9692958959 34.5967178745 34.2486443612 32.0901732489
32.1065998707 34.3262031105 31.9726774209 32.6204878634 34.3621900658 34.3330825143 34.5235400522 34.605357906 34.0992516792 32.9064049797 32.5580925707 34.8595197666 34.9328783843 33.2481683512 34.420497903 33.6593141854 33.7953685193 33.0824765736 33.6504123306 33.1510821517 31.7989645534 32.9569167277 33.8457393736 33.5592332477 33.22979299 33.3585624813 34.6891510446 33.4652300806 34.0762753333 32.42965447 33.6534081467 32.2801735804 33.148835292 32.4628781932 34.2828450297 31.5606352651 33.4666634529 34.2841483106 34.6268882826 32.9944848283 33.243416905 33.4021397155 31.8850198957 34.6728421358 32.4275487867 34.1991369088 33.2879843 33.5803080853 31.9994551321 34.8336018138 32.0870753539 32.7924610599 31.735150007 32.1312900271 33.0920881478 33.7626985123 32.8589254602
34.8749633747 32.4727745483 33.8941167182 33.7804688292 33.0159314671 32.9237386358 33.9880431707 33.0274129996 31.70569236 34.8507129731 32.2216883724 31.9703910445 33.5371145917 32.6836556523 34.0337051218 31.9362840425 33.2122140298 34.9286719136 34.3433818792 33.8233797254 32.507563871 33.6692007177 34.615872159 33.756742045 33.4940560285 32.2306013619 33.6506360765 32.712667067 31.9830387529 32.8015307212 32.6344079313 32.6652228518 33.1765699676 33.8503517818 34.4006682483 32.0644231917 31.6313171913 34.4362668936 32.4188399889 34.3365052979 32.4651935967 34.1854626636 32.9511799249 34.2854882063 33.7122356769 35.0250532976 33.9826953358 32.9735679027 33.7325305819 31.6745669408 33.8620012041 32.1170230141 32.1900972378 33.8362711277 34.0076413334 33.0337180602 32.0831704844
34.0188163489 32.873686546 32.8068464317 34.5773552744 32.474195232 33.8347353577 31.944190245 31.8528694205 33.1608840965 34.5619108357 32.7461891549 34.7144127496 33.0439894208 33.8076844607 32.8521605596 34.4590886366 32.9372613828 32.6213378151 34.2979985073 34.3523958822 33.217531403 34.1902465173 33.6583773223 33.9602187415 32.29107012 33.4225656704 33.9860810145 34.9882349944 32.1194976904 31.7956737554 33.9209729945 33.5698281798 31.6877664037 32.8294791676 31.544216219 31.9702482109 34.1651386212 31.7290772941 34.2634453889 33.6986962673 32.0986407069 33.1553163993 34.4337364981 34.8561873282 33.4142827937 34.3716185768 33.3562423753 32.6405034415 33.106748587 32.6682780789 34.3436918024 32.1484536368 34.4370507192 34.8753693067 34.2233283309 31.6494588518 32.2661933789
32.4782964974 32.3709352551 32.2746209149 33.2430292962 31.6695991305 32.1857783044 33.5879167756 33.8141351618 33.8535290949 33.5055939816 31.9761069739 32.8704518384 31.7578098239 33.4443119767 33.8921527711 33.0477353137 32.3039440921 34.5782758289 33.1592882136 33.6390476634 34.3757236283 32.7563241644 32.086416167 32.2505582139 32.7232814723 31.5637552837 32.4614218568 31.807587271 34.1041751488 32.3262498968 34.3729530813 32.2609768923 33.892340798 34.9866775779 31.8783966594 32.2628768919 32.6270183973 32.5202085687 34.38479239 31.7595757978 32.9510320486 34.7053778767 31.6068753355 32.6931473357 34.0662956055 34.5186423149 33.6854759802 33.4441821176 33.6035622739 31.7616022696 32.8202814208 32.2092933451 34.4204243983 34.1740793055 33.1726627543 34.530666136 33.6267719317
33.873834972 34.4880488575 34.3736676777 31.8549764632 34.5647938344 33.5485666303 32.2878225117 34.2959968672 33.7199843198 31.8733242359 32.1537925772 32.5514855134 34.5938173375 32.06387083 31.783550611 34.4298578299 33.715825958 31.8617164829 33.1891157119 32.9323998925 33.1750402065 34.4658582787 34.6390774804 31.5621275189 32.4084310486 34.6452441381 31.6592639905 34.5121851238 34.9320639376 34.1100713737 31.9343966891 34.032608193 34.8724629609 34.2848235905 34.0189204265 32.5933797314 31.9414516299 33.600124591 34.7108047524 31.5745049273 31.5787062121 33.0096114544 33.7868535611 34.525617529 31.7254646686 31.9414916244 33.2781765216 32.4196593662 34.3365694643 33.2653333609 31.8971062038 31.8688153758 33.4908060097 32.5798300896 34.9783731029 31.7936412105 31.6862731959
33.6968229068 34.9508248328 33.7488646979 33.9258028351 35.0253934426 33.5052696856 31.9085222773 32.5469169786 34.2444736713 34.8157790706 31.6855803473 34.0240049091 32.7259357389 34.0087947237 34.3883625849 33.5553632859 32.4734539291 31.6751784616 34.5108934609 34.6157290378 33.3889610713 34.0406956719 32.3165723364 34.4919596863 32.3555729683 33.5551003854 33.9754454419 32.9696481316 34.1757685701 32.9655921747 31.6578725311 31.5542023799 34.2215353509 32.0118769251 32.1208008646 34.1208447044 32.8347210496 32.7073234994 33.1571373368 33.1952100069 32.2225600762 32.4460182424 33.074272211 34.3525277118 33.5593484774 32.0056861642 33.9580182281 32.7931916586 33.9796347642 32.4700751656 34.7800289697 33.0437233869 31.7760373145 33.8989614438 31.7420331913 33.9423751741 34.9581860058
34.508984344 32.7257604553 34.1572144774 31.946601627 32.3093879341 34.0397650905 32.0102950738 33.3128775948 32.8122338957 33.7922526376 33.3552089028 32.5912973311 33.9984054978 33.7267473246 34.9522935524 34.4386086709 33.7490694073 32.3879005255 32.5788733726 34.4136589782 32.928925246 33.0400038032 33.8886056376 31.5261526851 33.1891735633 34.8523183928 34.8956774861 33.9694064178 31.812356386 34.1800770127 34.2475694785 32.3513434468 31.7468246342 33.3118343114 32.5112767276 33.6877094491 32.626557463 33.1418376581 34.2741059957 34.9661115133 32.7991323681 31.6057020604 32.8476635646 32.9787842736 32.8405296867 34.6845392308 33.8488950722 33.5670097655 32.1503654508 33.0665914268 33.0301358419 31.5581465676 33.2130453119 32.928749262 34.6478086837 34.6829643522 32.3856049464
32.6428279948 31.8966094453 31.8326245639 33.9989345494 34.6114330078 34.3263739254 32.394773016 34.9891233869 33.8271970972 31.5790402132 33.7267913738 31.7049297891 32.2899178206 32.3315299589 32.7464899786 33.5988898535 34.746634584 31.8882096904 34.3432536941 31.9746676391 33.8305559399 34.4673132517 33.6412034464 33.8533784856 32.2055347143 32.2024665587 33.5223057718 33.5425723077 32.0325150144 34.7256196333 32.5725957795 32.1924661452 32.2627391902 32.5202932693 31.5692618419 34.033946756 32.8282896721 34.8020431611 33.3705221008 34.2228893064 34.3338171963 34.8926211148 34.4336446513 32.8614672778 31.5329364446 31.6219397162 33.2823261493 34.6907023647 32.7215911212 34.9155363445 32.8412456215 34.8327272835 31.7537581707 34.3230369066 33.7376986787 31.7331018057 32.5776416055
31.5839900061 32.2435246122 33.9159734241 33.5387929487 32.7512070042 31.8541702469 33.819983639 32.1950404213 32.661736614 32.7811860872 33.8300268217 32.1012729736 32.1182489732 33.6791874296 31.9606424716 31.6115827168 32.1188964019 32.9958804479 34.2435078086 33.0597359733 33.4812193758 34.7823570055 34.6438143743 31.5295504095 32.5262919877 32.7725676918 31.9374093235 32.4606792347 32.4326311526 33.4083103609 33.8806681266 34.0845618277 31.6305453819 33.9448540256 34.3758148343 34.8788866233 31.7619533297 31.8093755409 33.3057074253 32.4335586657 33.7430067527 33.9949611977 31.5073651372 31.6997249721 32.8278801903 33.0349795975 34.2251743514 32.1398232493 33.8416857099 34.3139806612 33.2724905732 32.2142987498 31.6989614283 31.5345870344 31.6402793996 32.1315266165 32.9690503767
33.4092305364 32.3205248447 33.8640868656 34.020223904 31.9038762424 32.3318539581 32.3392499438 31.5918386427 31.8828764709 32.8399774641 32.8427498876 32.6917050949 32.6688304247 34.5555981412 32.7214620939 32.3780786172 32.3809196232 34.974600225 32.1297821222 32.5674023706 31.6651538909 33.8853812939 32.7615259651 32.1909296029 31.7318432982 33.5127268022 33.2704878492 33.4455799736 34.6722677891 34.9999220207 31.6823405491 33.1479619151 33.1163646471 32.9000357391 33.8204262261 31.5357206263 34.8633642139 32.9949235324 34.4633860728 31.5838864954 31.520370641 32.1920931985 34.0035597906 34.52065315 33.1994734122 34.674439118 32.987901033 34.7065162643 33.1554130784 33.7943170813 31.7094432139 34.0783498878 34.6944404672 34.8482791665 33.0625709732 31.7697601661 32.1136574028
31.8256508486 31.9953535388 33.4323293449 33.3027381579 33.5886672857 32.7405264138 32.7458683887 33.4302741292 33.7881744804 33.5917783315 31.9752768877 34.4250644734 33.1817222552 34.6103614401 32.1131829413 32.1471677031 32.0516119831 32.4472828004 33.3196366349 33.6395301216 34.0351429032 32.3258113927 33.4029105409 32.009656296 34.4317726602 34.4157805046 34.0178459308 34.0465822302 34.9158486991 32.2679414822 33.6794728019 31.557930688 33.5451627974 34.1774416365 31.769229265 34.1022548687 34.9756378931 33.2525670822 32.7277555465 32.2829206472 33.9029205933 32.3618906862 34.4617279607 32.8217392564 31.5605119451 33.3562636805 32.9847795884 34.3929968216 34.5380638053 34.6405261977 34.6268294981 34.0415970805 34.5256034048 33.5376778321 34.3003635435 34.797821949 31.9925409642
33.3859126314 32.8912494713 34.1739339923 34.7292249873 35.0231163646 34.2314670954 33.6473498332 33.5724286091 34.1256214659 32.5780592028 31.7028300366 34.5813173235 34.052955236 34.9150844236 32.3848688262 31.5809629156 31.588852618 32.136085085 34.5716312278 33.5909048474 32.0504353204 31.9213347631 34.0052550392 32.8006356401 33.5632176933 33.6798269903 34.4516806716 33.6910996569 32.0906055914 32.5744442264 34.4142262426 35.0345861883 34.6407071172 34.0641726474 32.3048447994 32.6872713597 33.8936159312 32.256236922 35.0211879305 34.263058404 33.3756580086 32.1280571407 33.8224197901 32.2231078594 34.1586121052 34.3153667571 32.3486206183 33.9292449875 31.8894714606 34.6765349456 33.1545375414 34.0871185478 33.0236615213 32.6468163391 32.4942692619 32.8883207899 32.0352149381
33.3554692651 34.4258207211 34.2348253419 34.3103091469 33.1043167971 32.3908021847 34.3568419878 32.8848894217 32.8808651768 32.291331508 34.8402357812 32.0182915197 33.4974912322 34.4482262608 33.0331057597 34.8187106407 31.9759627545 32.2287789395 34.4539447207 33.4101121047 32.9257128768 34.6952389427 34.0882273471 32.998223876 34.8360756898 34.9106864179 32.1622600539 33.2605442587 32.7673363806 32.4409118397 34.1977809011 33.6221997739 32.0598756256 34.5859996432 31.65916735 33.3061404664 33.739605882 34.9286284458 33.618755293 32.1813841287 34.6106507539 32.5550915209 33.9117955408 33.2831823034 33.6630656973 34.2624748191 34.6369410797 32.8507473566 32.2940509652 34.4048110438 33.2410474841 32.1703182243 33.5000247917 34.122883992 33.466671728 34.9257638934 33.7585558229
31.8595100817 33.3634699433 32.3234434256 34.1363230056 32.7104364607 32.7843989636 33.8307311622 34.8793502966 33.9856282125 34.0596917945 32.489501129 33.3646957917 34.7923008269 31.927809263 32.5775938706 33.4968392789 32.2760534689 31.5027106813 32.4240332017 32.2016168053 34.5806757533 32.4578550344 34.0854110689 34.8004350408 34.8046317566 34.2345124272 32.2596951704 32.7736190973 34.9236842253 34.9676578348 33.9266938715 34.8709735915 34.037839533 32.2881041435 34.8562926299 33.9367166415 32.7816323551 32.1328692442 34.0810766026 34.0470828366 33.7864345098 33.6322933337 31.6680506419 32.711485997 33.1462991997 34.7227761746 31.6707577186 32.1735210934 32.4845069238 32.0924217994 32.5776850625 34.1598794655 31.6720927216 32.5816028951 33.3342114647 33.5661653358 32.4790768018
34.4524608116 34.6217559096 32.3760739476 32.5159819448 32.6817684142 34.5906940228 33.3096386209 31.6452786469 33.8569499409 32.4582936599 33.7222459929 32.6574122004 34.2185498343 32.3067315504 33.7152942642 33.5978945712 34.8089085124 32.0555763878 32.0135990621 32.1435794303 32.2569225934 32.8926022551 33.1278555559 34.8519455413 34.0379702116 32.5866165294 34.7625737036 34.8300122423 33.2164229083 34.7988436716 33.285104755 32.6831629706 33.6948304422 33.6768480089 32.4338734462 34.6454911682 31.5279409945 33.6641718266 33.7406661906 32.2963752655 31.8010591621 34.1136791883 33.5148402851 34.0170912082 33.0390188703 32.9055971749 33.0227960157 34.9082177885 33.5010581499 32.0575958354 32.1225805743 33.3324901305 34.8618509247 34.9851836575 32.2228103001 33.5620855905 32.8506956244
33.3887622127 32.2241344963 33.971215705 32.4750325854 33.241797691 34.0059259308 32.8901147588 34.9452679768 33.821303441 33.8476180076 31.5764884708 32.9481434627 33.80140029 32.1563242987 33.6936866566 34.7493432321 33.4571913286 32.1530282456 32.0199910367 33.5435053284 33.2903764927 34.3608705933 31.5071705359 32.4583519924 32.0019913052 33.2923587333 31.5794291363 33.7161172262 32.1554410929 32.7807709394 31.8560279403 34.6973277162 35.0259055607 33.9590464635 32.6509141799 31.674618857 34.9572426923 32.5741699037 32.7563180141 33.8452890587 33.4430371633 34.9648927704 31.5315890368 32.7270604809 33.6142209626 33.046589537 32.843644602 34.5463617713 33.5194759783 34.8092402864 33.7347823896 33.7814919137 33.0483702857 34.6261764677 34.0809626467 33.8757363199 33.8970903327
32.9167400267 31.9586033345 33.4355449432 32.7609985121 33.3656617644 33.0644177863 33.5323877229 32.897497626 32.6884646317 33.0604998638 32.2496517927 31.6452906606 34.8056562496 34.4545153763 33.217970677 33.0790024028 32.0014257546 32.3344986447 32.5161114835 34.0168953848 34.651012526 33.9335604 34.9955595498 34.421142001 33.8000698279 33.4812225829 33.4474788183 32.5949056036 33.7715591117 33.3272471794 34.8446510394 31.5920912965 32.7647347191 32.4144873709 34.22661518 31.7442614249 33.3621496361 34.0911736389 32.2214171883 31.818907632 34.7475365473 33.3760978038 33.0145014278 32.2912148429 33.7050941663 33.7270978335 32.6929657191 33.2831309181 34.5409184107 32.0167274512 32.2130635477 32.6760912369 32.4104596846 34.2648420626 32.081041822 31.6266651081 32.5270262537
34.8151956368 33.2840386623 31.6156845528 33.6101454613 34.9280914018 31.9896117327 34.592183735 31.9316406536 53.6695679358 57.9706748767 68.3394516925 35.0151529744 31.544564798 32.0019296867 32.6881048793 32.139866228 31.7981027896 34.6080046683 33.9869113145 32.0431622636 33.0104766023 34.5656469084 31.8327640789 33.1478152768 31.5008436393 33.1819595028 31.6729887178 34.3235905874 31.9159066834 33.0889384986 33.7649943925 32.9905006744 34.202750454 33.3679927498 34.0680671584 33.7432732091 32.8338900562 31.7339811349 34.9481462348 32.1242176398 34.2461245902 33.0048067501 33.2867639751 33.0281226625 32.8940391698 31.8296017094 32.7810565989 32.5742304381 34.2539255249 33.1480039883 32.0319149993 34.1389954095 32.5124081998 34.0415952761 33.1329209789 32.1853709079 31.9566983657
0 34.4221185268 32.7914640221 32.8809770021 34.5025602721 31.9100927926 33.1481065944 33.6347047023 56.0789116903 58.4241174211 57.6467746857 34.2399077017 33.8815687255 33.8849103838 33.4963695187 32.4069359723 33.3962850328 33.3418641986 31.6430859224 32.6659257963 33.875684039 34.4077764814 31.6135139252 33.3963547422 34.5825803552 35.0343752835 32.9670713558 33.3791019773 31.9490686132 33.7724184118 33.987301912 34.5974171873 32.0117348697 31.5354379402 34.5915610635 31.9384832361 34.1096319181 32.3928529029 33.6418499357 34.7601759299 32.0687540353 33.9608405609 31.7770984067 31.9233912327 33.3256440341 34.9489773844 33.9816312575 33.7139325016 32.3412459099 33.3427497214 32.4105740155 34.9878131506 34.3793240897 34.069413096 31.8354581493 32.7082001522 31.8865218339
0 0 0 0 34.5513994698 34.7625020983 33.0039099291 33.8642696247 66.9712011499 63.7836504786 64.6357237141 33.0909893633 34.7257386469 34.5933784185 33.7991640222 33.671589158 33.5343314416 32.8993974794 34.5877309516 33.3015131026 32.1693417923 32.9089940058 33.7968589431 31.5360875373 31.964969825 32.9013330204 34.7654750558 31.6178913394 33.6045156538 33.8464230639 32.4310180702 32.5623452859 33.4151563726 34.0513930531 33.1463510839 35.008024992 33.2531404372 34.0182017659 34.6837057017 33.2432640637 32.4209062004 31.737717827 34.9882141643 34.0355691529 34.3093214636 33.7522686471 33.9521942731 31.6031893635 32.2214907543 34.7130332227 34.7359482096 34.0857618496 33.3771319244 32.9938521908 33.0827970763 33.0420929417 32.2212187515
0 0 0 0 0 0 33.411556904 33.7869276757 32.1497552782 34.8412404212 32.5011298975 34.8196152972 33.56129522 32.113786548 32.0136399106 33.8303705232 31.8894186523 32.7007237759 32.6022428336 32.7420410643 31.7766826182 32.5028243969 32.5407283385 34.4007059028 33.4423162612 31.8366134387 34.1624583117 31.7910081749 33.6897667538 34.095112135 34.7695811936 34.6267583568 31.6216499728 32.592705853 32.1940734469 32.0534847435 33.405494614 34.5255164844 34.5134766289 34.8091334027 33.8573954802 34.1942141514 32.7988740723 31.8244369843 32.9632469951 34.0080047962 34.950017997 31.5819292487 35.0115823063 34.9073889464 34.8224247287 33.2941676434 34.0654791737 32.5784514065 33.702213262 33.1304349058 33.7290387467
0 0 0 0 0 0 0 0 0 32.5270755536 34.883376025 32.7769270627 33.8195553873 33.157086266 0 0 34.0822816451 33.6101070631 31.6963278682 31.6684671692 32.8310414544 32.6816584256 33.5008533319 33.6559575875 33.2462015245 32.5795550934 34.2061620857 32.6097874146 31.8845532725 32.9366197665 32.1381327733 32.0704702569 34.1241743311 31.6520742721 33.3201175384 32.4625739012 32.3774678623 32.4433657914 33.2169407184 32.3675273908 31.5755179721 31.8691602528 34.6249995063 33.0646119267 34.2229241925 34.4317747065 33.1264418431 32.9867142951 31.9197971119 33.8703747614 33.3707474 31.8435739148 33.8561040756 33.100990634 31.6426002077 33.5976469104 34.5410078874
0 0 0 0 0 0 0 0 0 0 0 0 0 0 0 0 32.1684711699 34.9390097207 31.5032515378 33.7213101296 32.7858570401 33.4301235106 32.0580383047 33.6390958791 34.7429569314 34.7900579303 31.6208337131 34.5018415574 33.0954304101 32.7297506809 33.077352227 31.8221498848 33.6484007972 32.665374136 31.8892098978 33.4779146225 32.1693200448 34.2994490089 33.1623346762 33.2268906338 32.0403722454 32.8606484141 34.512720008 32.1969431238 32.1843921204 34.1396556968 31.7708391923 33.2591028974 31.8163893894 32.4397056812 32.1501546039 32.1249499966 33.1616498516 33.0660085222 34.1935032105 32.9080339345 32.0849063032
