Spatial_Output/DEC/DEC_0395.asc
NCOLS 155
NROWS 192
XLLCORNER 196307.867259
YLLCORNER 449144.565805
CELLSIZE 33.573938
NODATA_VALUE NaN
[rows 78 to 103 of 192, columns 0 to 56 of 155]
0 0 0 0 0 0 0 0 0 0 0 0 0 32.861565302 31.9949971338 35.0119455376 32.8672433732 33.1281513326 34.4170082778 31.7607431104 34.4579374157 33.0762804018 34.5220282964 32.2273890129 31.5867314703 34.1663568222 31.9610092948 35.0337876568 33.233745842 34.1480641035 32.3159139646 33.158048363 33.0251173539 34.2158026545 32.125767305 34.6486154149 31.7702402437 34.7587488859 34.1913503386 31.7370334729 32.1442006288 32.7019545271 32.2526505191 32.5179872345 33.7652215821 32.6305297533 33.220469126 32.220801204 34.5002883384 32.5947464991 33.5771883732 33.0479352396 32.0695865018 34.8811965056 33.1024099896 32.9175336973 34.0124847937
0 0 0 0 0 0 0 0 0 0 0 0 0 34.1554185877 33.4311765921 34.1656078779 34.2358878154 32.4249825665 34.4123244077 34.962409445 34.0912904675 31.926186936 33.6884197503 33.4704505771 31.5720145857 34.4604619296 33.5217497997 34.2016293863 32.8563640342 32.93528091 32.1300890466 33.2203532301 34.3534000266 34.5130036459 32.9739866075 32.8449513806 33.3447149543 32.5864243435 33.4262704657 33.9625253249 33.4776697831 32.9433274588 34.8234441806 32.6483621625 32.9372712041 34.645375841 32.2916851478 33.0554111648 33.751517938 34.1599446268 32.8810098047 34.7629931091 31.5187296255 34.0647688134 31.7859180161 34.676319379 32.5452700339
0 0 0 0 0 0 0 0 0 0 0 0 0 32.652775531 34.3059784957 33.3004239758 31.5636477857 34.3030522382 34.4411089391 32.2939790947 32.1947978392 33.2113277705 32.5250317763 34.3689196781 31.7312956553 33.1627770928 31.5784921311 34.8110570431 31.7329562818 32.3388655988 34.0640088248 34.4984766075 34.5044786647 33.4702597846 33.314286727 34.9827952887 31.6816321305 33.053172875 31.9495490761 33.2760409185 32.6692911808 32.175755 33.2671508756 31.9000236781 34.7549482841 34.172302842 33.3835061601 34.7875132324 32.5909808252 33.4627205047 31.659767329 34.0496461069 34.7026602162 32.3414576642 34.934681301 34.7118861887 32.0814300894
0 0 0 0 0 0 0 0 0 0 0 0 0 0 34.1486027079 32.3680166576 34.9247520744 31.9186736314 34.2769652465 33.0159316431 32.5440642333 33.9141156426 32.1109945967 34.2835921047 32.3177030275 34.1675859406 34.5530598812 31.9660273659 31.8670774657 33.0713704336 32.2076271351 31.749873757 33.2981599306 33.5833634299 33.0894904478 33.1777194049 32.7770468504 33.7803828229 31.8741112124 33.8698920367 32.5976516449 34.818579723 31.7553901683 31.8608733312 33.5921268453 31.6509561063 32.8075369178 33.3602587766 34.8282211025 32.1691496545 33.6947052504 33.0936074272 33.9445319996 32.2576749165 31.7861441249 34.9976294951 34.543997503
0 0 0 0 0 0 0 0 0 0 0 0 0 0 32.6665729028 33.3072383548 33.0976485443 33.1808929266 33.038615357 34.4941125326 31.5699427903 34.4807354077 32.1785663918 32.3541386847 34.1514421012 33.4503580561 34.7167499563 34.9174477189 33.1228640947 34.9243240984 32.7611018252 33.6845784713 35.0073338895 34.8470530139 32.5551604101 31.8352016044 31.6046584824 34.1748376434 33.6030600214 33.5007296316 31.7396602284 34.2745738164 33.4383528167 32.8294707608 33.0288017093 33.7480685013 34.443915215 33.5578230374 33.0462379436 34.1968740529 33.6396969637 31.5617275299 34.744068373 31.9203262456 33.3896459857 33.9394130726 33.9195908115
0 0 0 0 0 0 0 0 0 0 0 0 0 0 32.8005023264 34.3580327731 33.0905484038 31.545675887 31.8192405186 32.372243072 32.2068667178 33.3072663849 31.635546988 33.6833172637 32.40056816 32.2547429107 33.799934981 32.5164259876 33.1955098431 31.9755615427 33.1926214274 33.2963963235 32.33484881 33.2548744897 34.0653143848 34.3207103671 32.5484022406 31.8376146777 32.2045686874 34.0181397341 32.6900920505 33.5450081905 33.9129825153 32.4028872282 34.6326285024 33.0101900999 33.647689143 34.7711934914 31.7341354135 32.2756091382 32.9851082522 31.990430403 31.5627013394 32.8361915388 33.570165901 33.8820060957 31.9950069654
0 0 0 0 0 0 0 0 0 0 0 0 0 0 33.7602743257 34.4641701822 33.1222775138 31.6439710828 33.9977241563 34.5946309029 31.8552367064 33.0462827066 31.9410908813 33.9397917083 34.3452272382 32.7781809485 32.9945280176 32.0318305606 32.5921183334 31.9632660209 32.4586266648 31.6911645864 34.5887980389 33.4648181213 32.1772036442 34.3187888804 33.0346009399 33.9533311433 32.5512096143 31.9697811632 33.3996624373 34.9017801701 34.7692418177 34.2803823663 33.3332453197 32.9993338183 32.3452083016 33.5303540848 34.5602051366 31.8723596467 34.1203296286 32.6291181232 31.8993981793 33.8987335911 31.8591160655 33.8604073797 34.5021112147
0 0 0 0 0 0 0 0 0 0 0 0 0 0 32.3736778643 32.9465030628 34.2015676667 32.8018143035 31.8246526703 31.7206161756 34.878359829 32.0010097593 32.8582520145 32.6649557931 31.6298062836 34.8215156877 33.856657507 32.4230613047 32.5868281621 32.5540523359 32.6019207552 31.9793943591 32.4004796453 33.6205724491 34.9382229357 32.5242158378 31.5230664535 33.5338142206 33.847772674 33.0767013503 34.3434660754 32.8576628768 31.782424493 31.7921864591 34.8192606292 33.3534691703 32.6205572846 34.6297216547 32.0053317473 34.8732398319 33.8445900699 34.1943125003 31.7981727801 33.992517228 34.9719491159 33.4646312176 31.5818648203
0 0 0 0 0 0 0 0 0 0 0 0 0 0 34.9509005938 33.8576037686 34.9125195118 33.5395761946 34.400365865 34.7405230618 32.1152733867 31.5005486252 33.0845045218 34.3224321007 33.4244882973 32.9584825689 33.3488722657 34.3238332099 32.4580238825 32.1404191284 31.7360902211 31.9655746312 34.0484509506 31.7035011177 33.3826564678 33.0919942485 32.1132345391 34.453165221 34.1130872845 34.3560550362 33.4670375205 32.8429568189 32.3507404399 33.7794133414 32.6444336661 34.2463118061 33.1792538764 32.1819361351 32.0459900017 33.1015894714 33.0311480545 34.3071388437 33.5424203702 33.4153476421 31.9206563444 34.2220845651 34.9073283406
0 0 0 0 0 0 0 0 0 0 0 0 0 0 0 33.3875309869 33.7378817143 34.3738704645 31.5558694722 33.5828727495 31.9385063405 34.2929692402 32.2926916872 32.6247833436 33.4114909905 32.9741619108 32.1878059696 33.4929475213 31.6492698497 32.8105393016 33.6204924907 33.9893349936 33.2865791328 32.8193175705 34.6948981401 33.9511642774 32.8025637155 31.5724926127 34.7126992729 34.0674859242 34.2872541351 34.6359917661 32.240931202 34.6448789224 33.1787515187 31.8117385403 32.0565398384 31.7347404671 31.9740412098 33.1616501175 34.0345244469 31.6774498279 32.2898594882 32.0104553815 32.5790466724 34.9276316923 31.5651885103
0 0 0 0 0 0 0 0 0 0 0 0 0 0 0 0 32.0617725393 34.2666794834 34.5956340584 34.3854892807 33.9643079326 34.3222169912 34.5352679032 31.7801925714 34.103045771 32.3458746562 34.0306383782 32.5133195512 34.010559771 33.3898538039 32.4047415757 34.9463194959 32.0429931645 34.2694327457 34.9536243959 34.0187670093 33.1932427937 32.6999618893 31.5920008594 34.6637752134 33.746660252 31.9993343505 33.7908416472 33.2912606905 34.4073597 33.4900597823 32.4519549379 33.3936796992 34.479383199 33.1057350205 33.6382976427 33.5158353982 34.9372475847 33.5258471474 31.8586606774 33.7457523801 32.5291271662
0 0 0 0 0 0 0 0 0 0 0 0 0 0 0 69.7571762143 69.7571762143 34.1847713174 33.2828278072 33.3905691957 31.7664987248 34.7757055744 33.5880184577 33.480267086 32.0392602024 33.9034506591 32.500928966 31.9346210153 32.5579733191 32.3834938103 34.2827263373 33.6814156206 33.8165066579 32.955337751 33.7237256434 34.7728258399 34.8828975007 32.4902393394 33.3282588117 32.0483057169 33.9761277087 33.2080723356 31.565641721 33.6250931943 32.3085770842 34.9190260413 33.5844499011 34.8875200138 35.0155141967 34.9097080735 33.7633353908 32.2906898285 33.4774433306 33.7472635365 34.7436945081 32.0697082645 34.9160768904
0 0 0 0 0 0 0 0 0 0 0 0 0 0 71.1128159093 71.1128159093 69.7571762143 0 34.4635204799 32.260867321 34.4057635593 33.3990940789 34.849278399 33.1985607125 31.6348037959 31.7767058603 33.24866849 34.9815907997 34.1175185121 34.6406964585 32.6565560938 33.4745146434 32.7212925159 34.9071920641 34.2023160602 31.6727551527 33.7155263046 34.8592932547 34.810813818 34.0005994436 32.3984525401 34.4083425826 32.0717593289 33.4051450355 35.0351674953 34.4135013661 33.8708801503 34.0189469782 34.044067612 31.7027936332 31.7925329116 34.4468966572 34.5110404898 33.8467855703 32.5232181626 34.006334475 31.7560028772
0 0 0 0 0 0 0 0 0 0 0 0 0 0 71.1128159093 71.1128159093 0 0 0 32.8231431115 32.1217400693 33.6840312085 31.5031251353 34.7132696316 31.5597771484 33.2409837603 33.0180441431 34.7881092432 31.5488074173 34.2457394849 32.0478396838 34.6048931571 32.2528650615 34.8686803619 34.6481701127 32.7222737959 34.3419566064 32.286100138 33.1720673606 32.6064526935 34.4814341193 33.0962487212 32.8136540846 32.7478488365 31.8081910888 33.9953548878 33.2658313094 32.3123213947 32.610492894 33.4341693422 31.5768730021 33.0971214322 33.9056214331 33.0559492051 31.5504257584 33.9136048017 33.4066622023
0 0 0 0 0 0 0 0 0 0 0 0 0 0 0 0 0 0 0 32.7836165858 34.2870634367 33.6056738988 34.7753986827 31.7017197072 32.4832931019 32.1364004292 34.3095862594 32.8754158149 32.4901500845 32.7538402806 34.4408667996 32.9994339463 32.1740953834 33.9422427719 31.6450207516 32.8194994332 33.4068377093 31.588745351 31.9569137978 33.8783425961 33.1795434485 33.5210428465 32.5673356763 33.8732284799 32.7141371588 34.0646949177 35.0239300769 33.1103129542 32.8195716111 34.9172215361 32.6203550868 33.8125264247 31.9543385529 33.4330792194 32.5864051206 33.2801397251 33.0290936562
0 0 0 0 0 0 0 0 0 0 0 0 0 0 0 0 0 0 0 0 34.1338676163 34.3341872897 34.612028532 33.6155946993 31.8433608983 32.296912065 32.6731579137 34.5069674856 32.4396875307 33.5801252939 33.9006201855 32.5272543593 33.4968838377 33.7117165613 34.3052146712 32.7261610717 32.9671280053 33.5404616685 31.6724264107 33.3457655911 33.9178249309 33.1417215207 33.1552407818 34.8805794527 33.083766642 35.0225626499 33.8403184638 32.5116186257 34.4314286128 33.5268571549 33.3193731018 34.1308423424 31.5684318496 32.3630221757 31.7675944067 33.145499131 34.8877047318
0 0 0 0 0 0 0 0 0 0 0 0 0 0 0 0 0 0 0 0 0 0 33.3929122479 33.8832042252 34.8931196813 34.502989768 34.4974870945 33.1861075555 34.3074104012 34.30112731 34.5854828515 34.7913240396 32.36398522 33.3833761218 32.3233091479 31.6926886649 31.7399845957 31.5822738409 33.6853729642 33.033441763 34.5190389783 33.6525735495 32.5924781834 31.9242357434 33.1955583656 33.3196702943 34.1230977336 34.5966365673 32.0533045686 34.8111795177 34.6766761994 34.245846726 33.9846211513 33.2759590134 33.8993227212 34.4386640917 31.8730982521
0 0 0 0 0 0 0 0 0 0 0 0 0 0 0 0 0 0 0 0 0 0 34.1994649729 34.3651722963 31.9396868013 33.9488979569 34.3128703254 33.5852729314 32.2302586888 32.4414867381 33.8587182161 33.0997833087 34.2053057962 34.3843894909 34.6737091046 34.928144914 32.4761163243 33.2950772106 33.5353084425 32.3779142306 32.1604593714 31.7277641276 31.8693540824 33.1365996427 34.6765831981 33.1052626606 33.6304650587 32.5189304671 33.5627847611 33.4628693263 34.8144073451 33.0388408848 34.7196091012 32.2448197942 32.2868847518 33.1144179319 34.007957127
0 0 0 0 0 0 0 0 0 0 0 0 0 0 0 0 0 0 0 0 0 32.9855468169 33.8328755737 31.631303507 34.4102158644 32.6947043709 33.6432739172 32.8792374763 33.7511767129 32.2219561523 33.4203985702 31.5839699727 32.2535880911 34.2568545165 34.3745313802 34.824443702 32.843476322 32.1771547672 33.7632928802 34.1667954372 34.4787005151 34.0180303391 34.0481843022 34.4508885446 32.2356325856 33.2893099368 34.2060533485 32.2771456262 33.6962303165 33.9016701217 34.2831427753 34.065481353 32.7838045675 34.8987799952 33.3505079986 31.8168524217 33.3335935926
0 0 0 0 0 0 0 0 0 0 0 0 0 0 0 0 0 0 0 0 34.2875536429 32.472377991 32.7703499569 32.937402622 32.609330916 32.068881399 34.9604461679 34.577815085 32.5432261065 33.3147574449 33.6003203469 34.1391351151 34.8751566103 33.562191825 34.2792350846 34.6462093721 32.5300415473 31.5888252452 33.1894844994 34.4177505565 33.2899455005 34.276247577 32.7743467851 34.5518764587 34.8557779108 35.0095431043 33.7808992891 31.5005871213 32.5958248176 31.8157707236 34.6643429348 33.5166845767 32.2412247859 34.1291698884 34.4500794535 35.0182157643 31.5975124362
0 0 0 0 0 0 0 0 0 0 0 0 0 0 0 0 0 0 0 33.0410682423 34.7771908916 34.4302639222 33.1644112686 32.6494545341 34.0132346633 34.2751463664 33.777120588 32.9151335486 34.9840359211 32.1446212444 33.3821489532 34.1591465912 34.9613165502 33.2036236847 31.8177375429 34.5990882632 32.318367951 32.0394282333 32.8256853757 32.472061967 31.7680554993 33.2861534006 34.4672247534 31.8528419534 31.5906690123 34.7586915631 32.1077617917 32.9743699093 32.0537638156 34.1563485086 33.8286378314 32.1257290647 34.2761625765 31.5022964975 34.6915460979 33.9745193905 33.8836303769
0 0 0 0 0 0 0 0 0 0 0 0 0 0 0 0 0 0 0 0 32.3027793855 34.5937105265 33.7030864033 34.7041237459 34.0422732221 33.9233115408 33.0116024943 33.4746185409 33.5888801213 31.6416417996 33.434052389 34.0524973688 32.020783945 31.8787756665 32.8907415029 31.5196616956 34.4029652893 31.5514105736 34.0917956601 33.2329252174 34.2930396911 34.6817634919 31.9492127965 33.4519475477 34.2075666849 34.9210538398 34.0967283223 34.1465064716 31.7617550538 34.9944056146 31.8667043242 33.2661935407 34.5520415716 33.0756811058 32.1690234053 32.4252263551 32.2074386147
0 0 0 0 0 0 0 0 0 0 0 0 0 0 0 0 0 0 0 0 0 31.5795700295 32.9833419305 32.1200895468 33.9366085671 31.6581997966 31.9624066673 34.2747448216 32.2868513411 34.5514107481 34.633623745 31.9836909469 33.7595475788 33.928994053 33.5230592425 32.7490555344 34.0333242132 32.8519748806 32.8838204401 33.8593280006 32.359707514 32.2565680534 33.3169495708 32.192485667 32.1906721757 34.7964449025 34.286939043 32.8999399976 31.6414778872 34.8864097438 34.3736015411 32.1745823152 31.9569217242 32.2752727334 31.6728554745 33.5891257651 34.466647198
0 0 0 0 0 0 0 0 0 0 0 0 0 0 0 0 0 0 0 0 0 0 0 34.1103635663 33.709139407 33.7846272795 33.8487451089 32.7124787861 34.1080064882 32.1801862463 32.3586891902 33.62530197 34.9020109845 33.3716630186 33.9251574101 33.0603576116 34.0405473612 33.1939472807 32.6578816218 32.263378448 33.2284069535 32.644073527 32.746017206 33.2751008821 33.0801297193 34.1044826303 33.4168566362 32.9927353805 34.0873391774 33.1544299587 33.8099365978 34.4885919236 33.0284014975 31.5420377614 33.7825192113 32.0035087678 33.4749361659
0 0 0 0 0 0 0 0 0 0 0 0 0 0 0 0 0 0 0 0 0 0 0 0 0 32.4344499563 33.742643452 34.395483895 34.3436775573 32.6257255199 32.1800922285 34.6396220242 32.5940035356 33.671691543 32.0645687038 33.5228317544 33.2505644237 32.8489246385 32.1459887108 31.8956152462 33.1256507307 31.9653103701 35.0202301626 32.0885148125 33.6714419022 33.7672492861 34.7372412108 33.1289046515 35.0227195298 32.7939627695 32.2007711026 33.5561763219 33.2554989419 32.7518914876 31.9831736631 32.4519748373 33.3963758215
0 0 0 0 0 0 0 0 0 0 0 0 0 0 0 0 0 0 0 0 0 0 0 0 0 0 34.9058310177 32.6676378788 31.56873864 31.6373300519 31.7921896237 33.7052382024 33.9602732335 33.7821010853 33.2307275435 33.7249698755 32.4859596687 32.2048445961 34.3567738454 34.9636977362 31.8175177647 33.6542464906 34.9042898536 34.592055528 34.8597155263 32.8019336266 33.1845369119 34.1520779851 34.6396252336 33.5688182185 34.5874085325 32.5446569745 35.0133597565 31.842789414 32.3847497515 32.2390691988 32.5732676385
