Spatial_Output/DEC/DEC_1123.asc
NCOLS 155
NROWS 192
XLLCORNER 196307.867259
YLLCORNER 449144.565805
CELLSIZE 33.573938
NODATA_VALUE NaN
[rows 130 to 155 of 192, columns 57 to 113 of 155]
29.6169721586 29.4656655387 31.5016099927 30.0512813505 31.3085763057 28.7429227229 31.3360823134 29.7458389131 30.2767844223 30.6822602761 30.0696341288 30.9760655635 31.271982806 29.5382668631 29.4527511173 28.5071417421 29.180828313 29.8131667075 29.0616577897 31.0345555621 30.6154716566 30.6682670417 30.1175140973 29.1775871792 29.1549138461 31.426942235 28.6678260824 31.8294848249 31.0121633055 29.597385307 30.9588783702 29.5808746931 29.4162715329 31.3492914638 29.5180389618 29.3141779313 28.7156835558 28.5774472493 29.9240227973 29.2908167196 30.3638726053 31.5795008648 32.019131482 30.2351825573 28.7396573289 31.0323637088 28.6520796221 30.8440984924 30.0154999674 28.8960367599 31.3277552063 31.5085351401 31.176392278 30.4637643474 31.2329837325 31.4577057231 31.0677648607
28.8032665795 29.102022161 30.0938877712 30.5603901386 31.4525347415 30.4135203911 31.1485653549 29.3642599845 29.7059551369 29.0140353079 29.9315486609 28.7990553234 30.7458941342 31.4210788235 29.2592897018 31.0904320211 28.625124293 30.165052164 31.6862350736 30.6316926106 31.3734365951 29.0046926364 31.6256998405 30.9167695856 30.2173541575 29.706283364 28.8133872876 30.1770169392 31.7203310345 29.7057570343 28.5886286824 29.7333684786 30.9227542115 29.6738290753 29.0910284986 29.2412642826 29.8308515834 29.7127256166 31.6371850117 28.567046967 32.0240764976 31.173238589 29.7385346553 31.5115566703 31.9478980453 31.6275407956 29.3602578079 30.5565412896 29.3100932717 28.5949189085 28.7134137634 31.2069615256 30.3832083699 29.7736651107 30.2277055539 30.2574382096 30.964055604
29.570010435 29.6237673952 29.7829149915 31.8480557242 32.0306566933 29.0835904483 31.5219171424 28.5824589205 31.4880282564 29.2037110567 30.9847716533 30.5266157788 31.9993726022 29.0220711101 29.2042810524 30.8563937366 30.0480810513 30.3459658441 31.8741285101 29.0559883871 29.5088036332 29.7152226107 29.1689572167 31.4760423647 31.3753637902 31.753057308 29.3986260937 30.4689338238 29.0119834411 31.3713621065 28.6265997064 30.4549249142 28.9504779741 31.7196895959 29.7247041414 30.7164616618 31.9581328462 30.750464857 30.0290247425 29.0450770048 30.6347407049 30.0706597063 31.3926092752 30.480764601 30.2484014024 30.9255658708 29.9233523139 29.0763813701 29.8669604413 29.6803393461 31.1926621342 30.6412439173 28.6729823674 31.8211704938 30.5532792614 29.3977400521 31.2470763967
30.9117388434 30.877989716 29.7217135185 30.959501769 29.0519866314 29.3627888089 28.8373425777 29.8004205002 31.8395608827 29.1268234768 29.3252987893 28.9366230508 28.5383558937 31.8459734596 30.5577767434 29.6316888925 30.4722562165 29.3536723761 32.0034346038 30.0500853836 29.8451529305 28.6034231364 28.526086322 29.1097949021 30.0706471152 29.2445002785 31.9334251443 30.9280420741 30.9105100104 31.5948052167 31.8785033928 31.2387418421 29.8908846506 31.3066685712 29.5239952366 31.6059969847 30.1961804051 29.3725189085 31.9409673662 28.5058649752 30.4898505139 29.6918624827 29.8763073928 29.711612698 31.7578074113 29.9797384123 28.9351023956 28.6828403854 31.3876101334 30.8416477439 28.7054271172 31.8806647094 31.0849219615 30.7140310903 30.5089844671 31.6243853358 29.5104860771
32.0000958941 29.3128649444 31.446343454 29.7581149871 31.2371846313 30.3540450663 30.7039489319 31.7331522647 31.2079127467 29.8323404196 31.9984243354 29.0819162856 28.5577465987 29.3317376202 31.0624873504 30.7413177862 31.5986381847 31.8783129145 29.8868431888 28.8027224193 31.902964011 30.1259370502 29.454451799 29.6838026338 31.7181967123 31.4152029064 31.0973154332 31.5891049139 29.3791046555 29.3154566991 29.2756069186 28.9956666272 28.7568076262 29.9275428623 29.8954613386 31.2198578796 30.2780279552 30.0099973399 30.9980038169 29.4784491904 31.2039785034 31.6121076185 31.9165796226 30.1867125534 31.4131214048 31.1106272221 31.4840325174 30.6195463913 28.9110080708 29.3153756496 29.751875331 30.2399975136 30.6154605556 30.8605338394 31.7829221442 31.0192832008 31.9138712316
28.7969222347 30.2680401742 29.1882255932 30.8409020102 28.9156726567 30.9339614437 29.269201434 29.4773911299 28.6558481416 31.206674809 29.5368039649 31.4108150262 29.0990765001 29.2368199428 29.7824565393 30.759657588 28.699836891 29.3654866803 29.2129975162 30.0233165424 30.8426725867 31.8539368158 31.551025719 31.596329557 28.9139050672 29.7296160928 30.0173214681 29.620315763 30.6868170988 28.9762030611 29.8052906912 30.1181313652 29.6429585892 30.6390103213 29.2950065505 29.5786348527 30.6473835237 28.7115668316 30.9444830598 31.3379475673 29.3642271652 30.6266123828 28.5535230873 31.0984025138 30.286422433 29.4056760143 29.8100453948 29.0677081496 29.5952279664 30.6716681136 29.4589717752 29.7287253964 31.8940593501 31.6076522933 31.8541367098 29.8279971472 29.161156967
29.5886467336 30.8558687327 28.5334649277 30.9536796021 29.5908379411 30.8798722901 30.2899106842 31.0462211055 30.283798431 31.4552458336 29.7285352047 30.2783439355 30.0004968605 28.6388996342 28.8878503388 31.2608814931 31.4964383656 31.3867333501 31.2175730915 31.7798996361 30.4290790696 29.3856661149 29.4130254849 30.9497331169 29.8771706101 29.1649253118 31.7695783071 30.434038896 31.9973947638 30.6756656298 28.7251007126 29.8978898598 30.5446330009 31.0026453995 32.021760555 30.2407569648 28.7514216111 29.3198394238 28.7607275664 30.9711225209 28.6285147444 29.7075286607 30.4021357757 29.9016512295 31.3615806684 30.0481961724 29.987790783 28.9346275469 29.0165337191 28.7599237112 31.0105511851 31.5760217056 30.0536509658 29.4546176236 28.5248015301 29.1609608056 29.9286210342
30.8388865661 31.2154408436 31.9814217496 31.0688770062 30.6338763164 29.4802971354 31.5595323461 30.2474049797 29.6493399922 30.1258406241 31.5042828974 29.5802032361 30.4674428874 28.7684450626 28.6699024299 30.8682014172 31.7130564356 29.5913902877 31.3663417173 28.5368094834 30.9301883045 31.6051821836 29.3703944423 29.8358031702 29.3069569003 29.4967630613 28.5282335401 28.8997003169 29.0159803952 30.1866188266 29.8199980044 30.7494804179 29.6968032062 29.5450212279 31.2687619571 29.6049193267 31.2882595674 28.7301584708 31.8548985544 30.9247948228 30.3578400756 28.5820432088 31.3824762056 29.2877505398 31.0887838744 28.5699712185 30.3054436395 29.4087357504 31.6343552 31.5076499213 28.9838579297 31.4173017314 31.3066015304 29.4305401248 30.1595578325 30.9046617639 31.1600738892
31.9856799385 31.9917640146 31.4422415362 31.7097535236 30.0097878465 30.8300434267 28.9156692977 31.4507680979 29.8892345858 31.2748037032 31.59454684 28.5104732965 30.6114258773 31.2670607316 28.733039287 29.8030690867 28.9872524683 31.0389583794 28.8311257393 29.6680841182 30.8688580503 29.5089772613 28.7169997792 31.8360650064 30.7881842097 30.8563522813 28.563986927 29.4685198107 30.8353092708 31.4543496265 30.6148127472 30.7674590288 29.7955641798 29.6951544936 28.7721253832 29.874833025 31.1356326676 29.253240552 32.0111411864 28.6619512309 28.650674803 30.2403195461 28.5832674194 30.2225204505 30.5588537248 30.4626126933 31.0932662805 30.1079579725 30.0690844735 29.0848445692 31.7274411319 29.5926257862 29.4442931546 28.8010875071 28.7113949602 30.3421036416 28.789425606
31.2030067676 29.5281590577 30.1896319888 29.1576022793 31.4787203743 30.4215160127 31.3355537872 31.9183861931 30.4331044305 31.3975280338 29.7712866963 31.7293967775 29.1866110372 29.6557164844 30.1611422487 30.8535963994 31.9284866706 28.9732875003 30.5902846766 30.7078082658 29.9161288385 31.4194556085 28.9165787017 29.8914950523 30.071123075 29.0670799929 28.5705318448 28.5585849376 29.6033239285 30.4202025542 30.5299853326 28.7801202378 31.7388108402 28.6391346463 30.4983501957 31.3332109235 31.4570494782 30.3183431548 28.6085267876 28.8379583845 29.7136424989 28.9709202326 28.7110766285 31.9338037329 28.9320891131 31.4643943075 31.7979218308 30.5122788035 30.5427059631 30.6376951596 30.0337834519 31.177299153 30.2112793948 29.4313909918 31.8766747665 29.4934629954 30.0914958108
30.7842065007 31.8751669223 31.6693849947 30.5394903226 28.7295041685 29.066780548 29.504327756 29.6567548239 30.5607510941 28.7638264555 31.8645694341 29.8301473796 31.4287974536 29.6931924236 29.0638894338 31.9028738876 32.0035959865 30.0910122759 30.5760425362 29.3344049186 30.9430425363 29.8245289281 31.555843586 30.9519298362 29.3225575047 31.3868162868 31.3247249081 30.4183113265 31.8686803949 31.3318082131 31.6459294074 31.6427713508 31.8962155408 28.5538845086 31.0694190043 29.3156452036 31.5120580694 31.2587283046 29.2554699681 29.5710323368 29.6850757641 28.9915275863 30.4947169551 31.582393091 29.9868622695 31.4595943674 30.9952191945 30.9903806928 30.6556779945 31.3967359665 30.4906172449 30.1040411316 28.6904825731 30.5439135247 31.06165607 30.8692933501 30.9417381129
29.6806312579 29.3490914966 30.6696386102 30.4251033876 29.5064518516 29.7115094994 31.2702379443 29.5810264626 31.2077704174 29.0930492927 31.8188417958 29.6690660409 31.4645670267 29.9974063408 31.5862912201 30.1518525571 31.4669963872 29.7269633052 29.3296016045 30.5931438551 29.2132975859 29.3988053169 29.428821943 30.8144749392 30.4215147106 30.5328414644 31.7295135436 31.2180605803 28.8146594924 31.21411536 29.8516591176 29.0022048923 31.2373317601 31.4803895009 28.9845501623 29.9414461897 29.9780337419 29.566113331 29.6342848644 31.6789954111 30.529322974 30.2115650808 29.10189761 29.5487312642 30.9146516039 29.6363601984 31.5595822534 28.6698765401 30.0673288421 30.1198865192 28.6167351915 31.6331932929 29.8129673338 29.8153912756 31.4872503309 29.9939568034 30.3419871322
31.1843540742 30.2260520694 29.0599732456 31.7303006738 30.1804920697 31.5867947247 29.8874371972 29.8571679249 28.6919425282 29.7905859397 28.9135547707 30.2001572951 31.473665701 30.367360719 29.1597209304 29.794804835 31.9976803279 31.8443302723 28.6459212481 29.492522561 29.2217794694 31.5745641177 30.2192672499 29.1281460655 31.1604054854 28.6383248824 29.9416994673 28.9640148365 31.6441196182 30.886712138 31.8667751334 31.2496809338 30.0650504406 28.5560365623 30.0787945197 29.1669653618 31.6065910065 31.1486940132 28.6802709275 28.8321159422 30.5478097297 31.3251716718 31.6179292951 31.49375291 30.2962814281 28.8950731836 29.1259216157 30.1373305134 29.7935671339 28.9657681647 30.1444742049 31.878985574 29.9717641298 30.9506585042 29.4580534993 28.5996733204 31.306203912
30.8542426397 31.9046368014 30.0023195021 31.0632360233 31.5756055833 30.739174701 30.0000408776 29.9274112166 28.5361731203 29.5973789534 30.7122742287 28.8190328465 31.491579944 29.9885407112 31.6104673172 31.0520446892 28.6111847291 31.4390487242 30.2033059351 28.8197075346 31.6126962499 31.516764716 30.4590506446 31.5173617866 31.7645452733 30.3963643804 30.2659822127 31.2646000136 31.167520932 30.2804757459 31.1712519807 31.7743613008 29.478562557 30.4606122212 30.5671702594 28.913805949 31.8494758287 31.5842200592 31.0450264874 31.158423247 28.7264936303 31.1280301721 30.568976053 28.5455277122 29.931111579 30.8179562017 30.2124916442 28.9190827369 28.5213465483 30.9779828654 28.9233604427 30.9839752873 31.1750975301 29.5583008877 31.5676249387 28.9562189149 28.5315977943
31.9675543937 29.6836720755 29.5289989359 29.1980320143 31.0152677548 28.7546758618 31.5381283707 31.3103711568 30.9855469945 31.8666279223 31.0665323238 30.9026831181 29.0736500061 28.6735588971 29.2536999845 30.7076392537 31.1202070809 29.6389026922 31.1270497963 28.9935481489 29.6894355495 28.5199351409 28.5007307924 29.5691193146 29.3262904983 29.6484633826 30.0022992882 31.7042823394 31.1246985227 28.6812481622 31.7835683417 30.9308439647 31.8835669116 28.5622102825 29.6391791904 29.9759436953 29.4826107438 29.5376911189 30.8947863119 28.7806629774 31.4601360823 29.7539483797 29.2030459174 28.8222834348 30.3924746317 31.3970751188 29.4444941855 30.0366146042 29.4190951012 31.0856994237 30.1981190893 31.0975590254 31.2802547761 28.5306722472 30.8781446102 31.0679544901 31.2096387812
30.6444151492 30.7062904264 29.2357714534 28.7178471742 31.1130155751 31.9583412191 31.4725889268 29.5640345275 29.3788844959 31.2708045902 30.7574985486 31.9060750471 30.5010017167 29.4337219297 29.3392502236 31.4997628655 28.6616754733 31.9662073004 29.4281794574 29.1161565235 31.4107812636 28.8941104204 31.6813292194 30.2534575429 30.6501574695 31.5524469049 28.8206213493 28.6368336954 30.9894267459 29.3695511327 30.8605965366 29.9466949801 30.7713359194 28.8811916839 29.1957313082 31.4821378164 30.6135750895 29.0936718672 30.3970244475 31.4726229711 28.6247328202 29.4089466163 29.7023579402 31.875298328 28.9471360192 31.5229366164 31.9829120948 30.4272654989 31.649984775 30.7724127447 28.5991248119 30.7421299787 31.1346020306 31.8294436456 28.8272778844 28.5217373858 31.3945287832
30.0156142853 29.8588397836 30.9825489132 31.5161370682 31.2452409787 30.7507043037 30.8376587982 29.522839454 28.7586227759 30.1168175145 30.8810974281 29.6610276117 29.8507125574 31.9534891198 31.9104823864 31.1577949816 28.5923225242 29.2533837916 31.9316557593 30.7375516708 29.2695746198 30.9899548116 28.7640502482 31.51354542 31.0798836715 31.2026642063 28.5014558362 30.5750023963 31.8109000196 28.9772120834 29.2394307883 30.2019101002 29.9498911636 31.2329826777 31.5439057909 31.2728996253 31.9361446428 31.1040033396 31.7097005794 28.5834184072 29.0931751236 31.6104723841 31.5982277759 29.1218009265 29.0409216752 31.9424569534 29.0217047144 30.4025285381 28.5402928156 31.7659344099 28.8135350712 31.0071249417 30.1560203253 29.2344443436 29.4740920112 31.4434635343 28.5285393044
31.7501711068 29.7963470699 30.554252155 28.7845460688 30.0102575837 31.0456411416 28.8505770008 28.5500403761 30.8283200258 30.5046110572 29.4887343984 28.6310200308 29.79489773 31.9231437993 28.588292866 30.0707454004 30.3580708386 29.1859009972 31.9793223682 28.624396749 30.4643766373 31.1079548725 29.8260765284 30.2802946578 31.1896333568 30.6422026613 31.6890553196 31.5400362411 30.52285606 29.6071943096 29.7371757785 31.542260304 30.1419968243 29.0228159625 30.0519864247 31.2632581454 29.2078663013 31.5044658621 29.7878595384 29.7818156797 30.6184937704 28.7115121732 29.7126959609 31.2978901141 30.058112397 28.9050268292 29.2566567189 29.3088174749 29.3922731353 28.7698508794 30.1593081652 30.573720366 31.9683131789 28.5228445153 29.3914189858 31.649675122 30.1417971042
30.7728209076 31.8804651083 30.2207739165 30.2091965564 30.348859946 29.7531000118 30.3561544053 30.7305606436 31.1366761486 31.9236671063 29.6419600862 30.2306106492 31.1163878549 31.0396342132 31.9798463609 30.1050478956 31.1592228686 29.9004751392 28.7907088228 30.301245652 30.4846935863 31.1890027335 28.9451025847 29.9297356062 29.1058191414 30.1589397541 31.8728508129 30.8892101681 29.9707083724 28.8646275961 29.8455977023 29.1296787749 29.2483047477 30.1550161264 30.532268662 29.2929391654 29.199306739 31.970762663 30.1760683496 30.0551393933 31.3380558389 29.3368768912 30.5834228322 30.4643240929 29.9817904529 29.8061439768 30.7004312402 28.886301251 30.8672927655 29.2792172128 30.9416868391 31.152452614 31.308093963 29.0463926523 31.1082468536 28.56861468 30.5657001759
31.1948725422 31.3237086949 32.0173732571 29.4813552314 30.4031034274 31.3632896264 28.559749198 31.9306589969 29.9791448112 29.4594400267 28.6244085054 31.6471531599 29.3249573634 31.3184407263 30.4800061171 28.5611519989 31.9680701127 28.5544602826 31.9254780479 29.6048563806 29.7735669911 31.3539188335 31.874506291 29.8879097856 31.2846379013 30.8694312799 32.0320575744 29.9390055063 32.022455075 31.9408241246 29.7997623712 31.2306862405 30.6945814586 28.6568640995 31.6580676467 30.1905489257 30.1084964463 29.7998443945 29.8491368342 31.1542705793 30.6112044106 31.5391136693 31.0594891488 30.8839720894 30.9987379056 32.0202358324 31.0759111133 31.6683826249 29.7548550629 28.7581679988 31.3231789183 31.1469311778 31.9220721001 31.2347596416 29.8772249925 28.8143214038 30.2388378777
28.8413394852 30.8390051818 28.8450415029 30.7767474549 30.584216356 28.9131711726 29.3361090818 29.2829513358 23.9736158743 31.1981004991 9.7250546395 28.7842667536 31.6344315697 29.9614092414 29.7967927749 29.5378028305 29.2064843626 29.4731128018 29.349950604 31.2096813476 31.5457318259 29.8063135812 30.2020817072 31.8429499233 28.7173928738 31.6747891046 30.7924115071 31.4716094292 28.9811267204 29.2379300894 31.5940145247 30.8166343108 30.1590521911 31.6376758982 31.3922112408 28.9024049929 30.213181673 30.891161497 30.1409320879 31.152108222 31.0673900627 30.2845394059 30.3551161544 29.2250460985 29.7025818626 31.6195528491 31.2569924157 31.1533489105 31.1686563858 29.5601083573 31.1607582378 31.9242008761 30.5249271093 31.1729260804 28.8352665182 29.5231746222 28.8193210443
0 29.5404361778 29.0444405732 29.1786726825 30.7396900058 28.975449626 31.0138677624 31.0706272237 12.9774638643 12.47349056 19.0618642855 28.8075243297 31.5693014127 29.9415437684 31.9259720612 28.5645819721 28.9952260286 31.854048052 29.889602559 30.3019367722 31.9923578308 31.5434458851 31.5037199061 29.857163022 30.6381974811 29.8701863067 28.8620871891 31.4596526922 29.7053740596 30.4234656751 28.68216224 29.5097517362 31.568583397 30.8738847926 29.3191579315 29.4297766666 31.7642629784 31.6674534451 28.7713207193 31.5995309335 28.8894809302 31.2184896239 30.2023694747 29.6626421492 29.0421499769 28.6561104634 30.7023969445 30.252766271 30.1888153235 29.6589424132 29.8329476623 30.6173661506 29.8084571719 29.1113553389 31.7800026027 30.6831749789 30.8193289115
0 0 0 0 29.1467483588 30.2880515968 29.8579826059 30.8058757277 15.893078936 31.0209797036 15.6287811167 29.7364299917 28.810278171 29.6658502627 30.1674324056 31.8453717444 30.655810085 28.6865849347 29.8380876757 28.5600948349 28.8954801127 31.1389136824 29.0567119298 31.1328228282 28.6322589054 30.5279721789 31.6818945648 31.5080311375 29.7319066715 31.8714819949 30.1292574811 28.9839972714 28.9442146912 30.4729212592 30.2292889118 30.7185917993 28.9295653706 31.8143934145 29.5665539451 30.5144409025 31.0008561964 29.7128524453 29.6079621699 29.0798390622 29.2445701785 29.117287381 28.6912699415 30.1057023215 30.6612099355 28.8155476442 30.713058341 31.8493573857 31.2587826021 31.4356092367 31.3550426532 30.6816826964 28.8432930579
0 0 0 0 0 0 31.2843620344 29.051572752 31.0031209883 30.6651448506 31.0675565309 30.7253813267 31.088604399 31.4145441015 29.183120661 31.2602129568 30.6383872978 29.7418494485 29.4847183577 31.732271609 29.2274274368 28.5382334837 30.3487634881 31.618434129 31.1154723233 31.2639844853 31.3090329154 30.1338602732 31.1214001046 29.7230227085 31.4790826187 30.5609659352 29.669258199 28.9423751748 28.9194351452 29.261621938 31.5448514689 31.4516413168 31.7987112512 31.8453108941 30.3175086765 28.9398111459 28.6442435849 29.1883258231 31.9407655553 30.059441228 30.0748325757 30.5364280587 29.6586694712 29.4883126393 31.6312704015 31.0908376103 29.371479773 31.3688129003 31.0886854761 29.362413964 28.9886996188
0 0 0 0 0 0 0 0 0 30.7637768023 28.6073377219 28.8971083883 30.7162508013 30.8477631682 0 0 32.0210869416 28.8929391167 32.004924646 28.8456698199 30.7031639588 31.9850297841 30.449302726 30.1412138319 29.1474480001 29.4670860399 30.8267514378 29.2251618653 31.2783928231 28.8771711796 31.4751604815 29.7543595151 29.6301467283 30.3105264956 30.0642000623 29.7588723247 30.1090784119 31.1211674632 31.8189432051 31.0307699622 30.5702491219 29.639367392 30.04413947 29.5653985259 29.9234220953 29.788150134 31.1242519143 30.3346467012 31.7118986309 29.0780184028 31.138373106 31.5393668821 29.0749562331 29.6265092008 31.0453864275 31.5315110247 30.0749872256
0 0 0 0 0 0 0 0 0 0 0 0 0 0 0 0 31.7984265407 29.4630859915 30.1461871606 29.4753306477 31.7554853584 31.5009666341 30.007676802 30.5004238783 30.1339870938 30.3602710625 31.4856524752 30.2302770459 29.6142707147 29.8530445238 30.4710041651 31.3478271463 28.8129439624 30.3532585748 30.5728372271 29.4699113297 31.7785961218 30.3930656894 29.7850460422 31.8189173287 29.4456688822 29.8325563031 31.0328527613 30.5051577365 29.7367574984 31.5662597514 30.4454698532 29.6132024146 29.0111378002 29.4968190782 31.8230784546 29.5856580174 29.9729228212 30.0425510186 31.9428523534 31.2890272964 31.978553214
