Spatial_Output/DEC/DEC_1356.asc
NCOLS 155
NROWS 192
XLLCORNER 196307.867259
YLLCORNER 449144.565805
CELLSIZE 33.573938
NODATA_VALUE NaN
[rows 130 to 155 of 192, columns 57 to 113 of 155]
33.5949567939 33.3652304372 33.1957731023 33.368195892 34.2156504741 33.874894064 33.7833718198 33.2164458627 33.0560702793 34.2367270658 34.0549071962 33.9186686935 33.2829663382 33.0768162953 34.1801275692 34.3178988529 33.7976020637 33.7766947182 33.7638645221 33.1336523169 33.7574666054 33.6046190588 33.8987478514 33.2388251323 33.5448924832 33.7917437221 33.8833036152 33.4338990198 34.3296937387 33.0228887212 34.2863017323 33.4886687808 33.7552106093 33.5009729068 33.8144081292 34.2042627225 34.2710654784 33.044341595 33.4862869602 34.3940563995 33.5764933091 34.2202115798 34.3524054857 33.6435436662 34.1850986437 34.311737412 33.0764291968 34.3558633984 33.6081192787 33.7983008224 34.0848592983 34.2484217259 33.3748407205 33.4953742725 33.7248950751 33.8625043259 33.8862534202
33.0761538912 33.2200392348 33.8294776507 33.8412738559 33.6554799458 33.2802721713 33.7311798413 33.1616880994 34.0797449587 34.0069401075 33.2941256167 33.2306912098 34.3058542692 33.2803146582 33.6762156548 33.6607105492 33.71394973 33.8280680424 33.6524799887 34.2244661284 34.3873959415 33.5374266592 33.7996013656 34.0126744302 34.3614038682 34.3609071207 34.3082894776 33.9531663522 33.2209900196 34.038017148 33.6380639329 33.1653903621 34.2412840082 34.0151084016 33.5891619546 33.340224126 33.9618422192 34.1755833389 34.1600111962 33.2228002919 33.9738432404 33.2535306615 33.358752783 33.283726469 33.0527877967 34.3581589712 33.4744481112 33.8523791526 33.9653652414 33.0156375335 33.581408547 33.4956030455 33.2001694634 33.6638267063 33.4246952405 33.2474216401 33.1337495412
33.9299786086 33.9677129955 33.9099165466 33.6350670113 33.290140202 33.7438522614 33.4880236354 33.9199430067 34.2843490353 33.2205557603 33.0346904032 33.842921586 33.8695106623 33.3271128898 34.4117668453 34.3920760344 34.2199707181 33.8633958469 34.0971134345 33.6201795488 33.4135060806 33.1573708924 33.097190121 33.744652369 33.9678707022 33.1184152687 33.7516734362 34.3371075678 33.7018660031 34.3871029458 34.2374124139 33.6033953746 34.3426977878 33.0003492117 33.8070593747 34.1804414858 33.4141724002 34.1631600712 34.1365140372 33.8040977973 33.3673561457 33.1606828836 34.367212904 33.2709232767 33.3299797078 33.2830752998 34.3546018888 33.0961608637 34.1482834684 33.4548889157 34.0212906766 33.125110042 33.1893766323 33.55229621 34.1907236169 33.1893858264 33.8684994985
34.0322820123 33.2469540303 34.383778689 34.1303570421 33.4863119334 33.36952893 34.2692729538 33.9009871782 33.4004814294 34.094114631 33.0210399696 34.0341882201 33.0134285581 33.6220291421 33.2777451126 34.4019676883 33.3704812679 33.9511177054 33.3238593351 33.3935100966 33.8608235367 33.6539399399 33.0495592827 34.3967032788 33.2125552957 33.0242821687 33.4220943357 33.232001833 34.1453355702 34.3175340013 33.352752974 33.6174089587 34.0863237909 33.6768151968 33.8833140357 33.5363196378 33.12337741 33.6718081044 33.2373012955 34.2319227649 33.1461326792 33.9961968526 33.3506719063 33.2494678715 33.6448413469 33.9354887349 33.6447915389 33.6286256634 33.2140750679 33.09932451 33.9269759894 33.0813139511 33.5467647425 34.2195537774 33.4254168959 33.0721493738 33.3337112781
33.6594855613 33.2106513069 34.2723040606 33.4299877023 33.6168533053 33.9041316412 33.5543893419 34.2799080603 33.9254149981 34.0303256999 34.0161891992 33.1824926419 34.2701363069 33.7900499229 33.2709399554 33.0384849836 33.6374534459 33.2265444738 33.1424152801 33.1255411063 33.503762911 33.2929575251 33.6664884224 33.5445138389 33.6706405175 33.0219694219 33.9601213282 34.021246903 33.0836007171 34.1646497589 33.1341755155 33.4277706835 33.7736546559 34.1059061819 33.2042056126 33.2535921509 33.6752864903 33.4436443914 34.0650668087 33.1440656678 33.5646403753 34.0977692079 33.2144893179 33.4876569613 33.2950132721 33.5191950365 33.3942113035 33.7655844842 34.3640999306 34.025277412 33.2007566537 34.3208279163 34.2380299333 34.0507597948 33.2472989343 33.5412464347 34.2956870053
33.3634276291 34.0121167916 33.2067217574 33.4652497882 33.721391354 33.1904120703 33.9580414308 33.4338131993 33.9928248483 34.0329848742 34.2543849274 33.8368908341 33.5778195314 34.4124774469 33.3480402678 33.8630096884 33.0241148582 34.1625443968 33.8236003803 33.6829051581 34.326901211 34.2366262245 33.6188308849 34.1255238566 33.7086272632 33.0745809648 33.6300356307 33.1144799169 34.4073765407 34.0718915688 33.6850682178 33.3136880926 33.0360305466 34.3814342124 33.7924108824 34.4038417604 34.3752923733 34.3363928263 33.9022941002 33.9323721368 34.3316153574 34.1745103292 34.3504644114 33.7667100038 34.3892436961 34.3640060056 34.3860539551 34.325458598 33.9594332858 33.8949431234 33.3868130484 33.7761128319 34.3924109166 33.2849608095 33.8651299506 33.2459221305 33.4151021852
33.4747572305 34.0779338614 34.2455448642 33.0746632733 34.1323140529 33.0569299348 33.7985165938 34.2614581061 34.2141885734 33.770092528 33.231789195 33.7262290046 33.1551935274 33.2521626204 33.4882837327 33.3813976744 34.345846066 33.8798322571 33.7216075269 33.6890471477 33.8838188189 34.1197120359 33.950322363 33.8690711049 33.0929168874 34.259197731 33.1891219393 33.7687797101 34.1350804025 33.2377751663 33.6406259114 33.4884143941 33.4010220389 34.127674905 34.1478214214 33.0383186268 33.0073811384 33.8852609934 33.8212628348 34.3343041687 33.5664041931 33.496263152 34.020826995 33.8016961836 33.3721421758 33.6707643249 33.0220065469 33.1821273727 33.8210571352 33.850303505 34.0623157267 33.2279399073 33.5475371329 33.5907262904 34.1630791696 33.0382808162 34.4057533228
33.7470448259 33.8054143947 33.7611171147 34.2577902582 34.1231432072 34.3491833913 34.2570342342 33.7388697227 34.2092645009 33.6116283716 34.2376400126 33.5132910366 34.2227289208 33.586007437 33.1337853701 33.8443821925 33.7808093446 33.5481182939 33.1106173653 33.2012332714 33.7875692827 33.6602836698 33.9989726034 33.0646975081 33.2328535169 33.8446304974 33.0539860071 34.1143618891 33.815980396 33.1659772424 33.9204246772 34.2968154849 34.2584341799 33.4276477809 33.6848658061 33.0222684307 33.9161382915 33.5857694503 34.2124246253 33.1793656915 33.9081692897 33.7354124379 33.7609435296 33.071101592 33.631241839 34.216007761 33.12872673 33.3746809486 34.3546472466 33.2285270047 33.9994081649 33.4873526954 34.297178719 33.1555824319 33.1356231694 33.0043366075 33.3070576388
33.4856150088 34.3544095216 33.5474333747 33.3927734174 34.2140163527 33.8320238058 33.1356996293 33.1815288383 33.670204965 33.1219035374 33.6738832794 34.0912164185 33.6271970287 33.3033961342 34.1073035132 33.3734458698 33.6398007838 33.8787374789 33.8576070968 33.9809383536 33.8357816209 33.7399474753 33.0555837414 33.2277531026 33.6079729776 33.4793440093 33.4218631265 33.9625071529 34.2323196734 34.1267287339 33.7803652243 33.4079665149 34.3990776377 33.3631322862 33.2684561917 34.1988422988 33.1043897339 33.264570873 33.4130920823 33.7571875948 34.404220978 34.1227639314 33.8840209722 33.4246016374 33.7660663926 34.2196875207 33.6374963754 34.1446141595 33.8499148783 34.2718502049 33.5653098331 33.8335460545 33.482306141 33.776856034 33.7073576454 34.3329971917 33.8537859749
33.8568380168 34.0657737259 33.5387447152 33.4148845209 33.2826676937 33.2766671107 33.0435078172 33.6185673901 33.0262075296 33.9362638283 33.8587397724 33.2420920395 33.3802214108 33.6065851705 33.1949114489 34.22876727 34.2793768631 33.1026472204 33.0181647756 33.7487775394 33.65784897 33.1599880686 33.4380585729 33.0633994081 33.7389395436 34.1008119303 33.347916536 33.8037343237 33.8103188791 34.0927297927 33.7042828133 34.1733880182 34.1038422001 33.9609021763 33.4667145934 33.2735620912 33.7935789186 33.0107506701 34.0753695894 34.3168977332 34.1677881118 34.1197692009 33.1077680871 34.3469712183 33.9037631234 33.2789958466 33.8223042907 33.2942479914 33.3362061901 33.5782318508 33.5711556937 33.4783621029 33.8495227859 33.4861382068 33.1262150431 33.1128990225 33.8826524357
33.5890834025 33.6118116501 33.9023884353 34.1897383539 33.3176759032 33.6615352107 33.3531190129 33.3257436884 33.8154953924 33.8777657913 33.3403555454 34.0950424824 34.1859518919 34.1138433257 33.3400934411 33.5112396896 33.3183971393 33.7681099284 33.5657711563 33.6659009498 33.5815648878 34.0833949884 33.0227576793 34.3317800688 34.1228740213 33.4725005949 33.794514542 33.3771923559 33.251100228 33.9522062912 34.0742060696 33.899679467 33.2051349134 33.5929447218 34.0696313715 34.3723223164 33.1568676114 33.9524669133 33.0686606226 33.0480489103 33.2655636755 33.9448641183 33.3027842213 33.0580498869 33.3282093335 34.0492246816 34.3914418894 33.6444250877 33.3922266913 33.8419392845 34.1714562676 33.2378698778 34.3662754889 33.1851930551 33.014261659 33.4182594122 33.4983572933
33.3192387781 33.5378621189 33.731358238 34.2846858581 33.6126593963 33.8917493401 34.3531624803 33.4420719924 33.8617743206 33.4336285627 33.1546620142 33.309836003 34.0280519986 33.1745901812 34.1295804649 33.6926650838 33.6504623487 34.0900119798 33.6881196199 33.6061081398 33.7236540504 34.2368511137 33.8588356248 33.7284046132 34.1827209727 33.3654132464 33.5093391884 33.1706257585 33.2202860388 34.2415604802 33.5143948554 33.9224673436 33.2612665177 33.833289804 33.1721911637 33.1564822678 33.4881621065 33.0854797865 33.8867923335 33.7330086788 33.5048115667 33.609087635 33.7634269267 34.3846782195 34.3548584661 33.2793561821 33.9919839757 34.1666579394 33.2339438017 34.1042915144 34.4127020599 34.1945322053 33.7278506233 33.9689142475 33.3136233212 34.2137749479 34.0926004679
34.391521547 33.5033749328 34.0304372348 34.0150392766 34.1094970013 33.4973508282 33.5617003836 33.4004237925 34.4100690619 34.1866640819 33.5322328519 33.1821227061 33.7355601054 34.1809794108 34.0558433128 33.4555390052 33.1674810074 33.5184211582 34.3993298982 33.9902275236 34.0005290074 33.9425687803 33.85164812 33.3433136943 33.4325158385 34.2572008625 34.3535419804 34.2814012325 34.0359323226 34.2481500243 33.3286443824 33.4337118771 33.7823151576 33.4985331169 34.1750951468 34.3312368004 33.0968149291 33.7378772084 34.2505870422 34.2855569871 33.1512927589 34.0191475839 34.3319867048 33.7407355297 33.2239853027 34.0891149617 33.9880043821 33.0558687309 33.3402436024 33.0112636683 34.3970483474 34.20835399 33.756116464 33.175385322 34.1001800938 33.7479720535 33.5903243918
33.1693853161 33.1103819478 34.1189917846 33.913321507 33.5093554662 33.0741149828 33.2318661492 34.3000346687 33.4161607672 34.1470200903 33.1342606658 33.3578693548 33.5103453582 34.1650811739 33.189565027 33.0560054082 34.0856728794 33.2301592858 33.2149458387 33.6536645411 34.1999349301 34.2514735448 33.8105961619 33.2386621465 33.9493595062 33.2019975631 33.4849949065 33.5764360996 33.5526152017 34.3867967618 33.5154007879 33.7410892581 33.8190012207 33.0834418243 33.5735126015 34.2037607319 33.5847855345 33.6274691613 33.5652813159 33.5511108665 33.9688130859 33.8731383547 33.4075453823 34.1924708146 34.2417393244 33.7315058362 34.0423973682 33.4872447084 34.3270456966 34.0762548529 33.256978819 33.0312864698 33.0903283043 33.7922530349 34.2211056116 33.8604377775 34.3211691144
34.2396354439 33.9321644699 33.6504868012 34.1859489421 33.4585047058 34.0127580276 34.0346135337 33.6460712436 34.2221500525 33.4309473412 34.3731263926 33.920037244 33.6694254545 33.3993606355 34.3706697168 33.7968580618 33.1165008219 34.2343977328 33.5327456759 33.6579967664 33.322810806 33.1875698732 33.5659670851 33.1897122036 33.550032836 33.0283713317 33.2781619145 33.2290477846 34.2135950335 34.2129887902 33.3052209504 33.8814743063 33.3482591848 33.8981988966 33.8157160087 34.1109011741 33.3169930281 34.2129222493 33.2122272005 33.5155623603 33.2609884427 34.1619132729 34.3080151799 33.7560912242 34.0913316366 33.0852288954 33.3703598542 33.1721376166 33.8601660149 34.2905115879 33.5274720552 34.0199685808 34.2196263497 33.2277144108 33.0716865249 34.203823378 33.4623216981
34.3711852189 33.534285673 33.8914361243 33.3518747302 33.8776141374 33.2417444592 33.304220769 33.4051675069 33.5094877611 33.856080419 33.7774839063 34.2238518233 34.1721810923 33.2090806866 34.3693700046 34.1300314326 33.4969262798 33.6630774263 33.3448939579 34.2400872052 33.4857349546 34.1489573804 33.2537211876 33.1940444139 33.6376868536 34.1214281158 34.0123659828 34.2917477712 33.4052567155 33.6304749548 34.212015 34.0095236622 34.3892741632 33.1097249031 34.385050552 33.2373495532 34.2056393764 34.2042990393 33.4689792121 33.9617829455 33.9448796132 33.0759264675 34.2402141451 33.5054884226 33.3256919397 33.8086662783 33.8999008353 33.4769756462 33.5183690193 33.6035195397 33.0769537548 33.4552498397 33.9044725637 33.5357190372 33.2325108018 34.2098080989 33.4630559483
33.6834873347 33.6010377859 34.3199314772 33.8783538764 33.0894253904 33.9764858842 33.4771093101 33.3207812018 33.3909223247 33.2296514319 33.5916015779 34.1938666395 34.3310491431 33.5083296792 34.1842634387 33.8114013123 34.0140043831 34.362047631 34.0030073995 33.9672888763 33.7714397363 33.5278328815 33.0675322818 33.2630348841 33.3338942275 34.3928604391 33.4010907431 33.9512770661 34.0638946104 33.4540955122 34.1348052423 33.257585394 34.3410174036 33.5999851367 34.1417114482 34.2854880889 33.388093155 34.2044112016 33.3767794696 33.8210304894 33.8332193502 33.058731205 33.1962701846 33.2759879059 33.7772931995 34.166852755 34.2622321669 33.4052688214 34.3140694233 33.021309802 33.5473196865 33.1821121693 33.7929190156 34.3785505833 33.0959794469 34.0585792543 33.7872106214
33.1435425483 33.4473877301 33.8559028917 33.4576810896 34.2988308526 33.550893962 33.7898726375 33.8314827252 34.3080913869 33.61786064 33.2419983592 34.2401431401 33.8368459252 33.5694501308 33.7655648899 33.7871771584 33.2528920729 34.1620861853 33.3410515909 33.1041154798 34.3154259406 34.2603696712 33.6903493981 33.8050598632 33.7870674699 33.5039372716 33.086745789 34.3609126701 33.0067263527 33.9490384058 34.2937779151 34.2393932565 33.0281325142 33.14764446 33.2153463646 33.541383813 33.0750045774 33.4242800468 34.2893593939 33.3031297257 33.6598639201 33.9932849618 33.9222441275 33.9087092567 33.5993294097 33.5595661425 33.1687375209 33.1462123998 34.3649964329 33.9593959008 33.8840825584 34.1876465042 33.4873199419 33.2394137821 33.4793750343 34.3644936786 33.0336447395
34.3123241311 33.1171212804 34.0850108459 33.6784482047 33.6038357565 34.1761526055 33.423055107 33.6731623525 33.0727977977 34.340446836 33.8985310405 34.338022992 33.5743927004 33.8360490051 34.0055965172 33.6231306321 34.313851464 34.3107149101 34.1104826882 33.0585221019 33.3577398915 33.0488029085 33.8798436041 33.0376760977 33.9212295609 33.1589213203 34.0518167868 33.0878647048 33.0547232521 33.8598821441 33.1858748033 33.2090103383 33.0345334317 33.0686906281 33.6305596055 33.8449836291 34.2781653643 34.3888779961 33.5293761981 33.1795722111 34.3784375221 33.3819790277 33.5089726717 33.1411497709 33.4635158195 33.6087779303 33.2275619147 33.0770580951 33.6862273109 33.9732743803 33.5584805799 33.0492671867 33.9126536887 34.0335277269 33.7431610197 34.0282531765 33.5639254612
33.0777513718 33.1253618483 33.8997551094 34.0106579861 33.1128535068 34.1505286101 33.6921169271 34.2059764267 33.0059315558 34.2529532912 34.3623895028 33.8276963854 33.7631123243 33.8709817158 34.322524003 34.1856591275 33.0882963552 34.3521820145 33.7445020312 34.2250624945 33.1319801614 33.178845039 34.1217653616 33.7428807772 33.6220706104 33.1709396833 33.5373020756 33.473668755 34.4083433361 34.3849684452 33.8443667617 33.5189092087 34.2338978956 34.1422731315 34.164134239 33.8972318911 34.0412084083 34.1128036622 33.8701115861 33.5150389223 33.8495931415 33.4618772502 33.1277898414 33.1760304441 34.3134605271 33.7175931208 34.3428839865 34.3039699058 33.6968017291 33.4798483094 34.0323505255 33.9843200859 33.7396511635 33.6018311597 33.4984805262 34.1945826268 33.5377625971
34.0469589375 33.788527148 33.5810828331 34.076045158 34.3158778366 33.3497733376 33.5755635801 34.0900088872 12.3578780076 28.827012912 23.8225727201 33.3177708652 33.0209085449 33.8483534699 33.8377957617 33.0760870981 33.7766931888 33.986794951 33.6299955141 33.9068980804 34.0238784709 34.003236501 33.0563051424 33.2059038021 34.0836733113 33.0625392597 34.3744466765 34.3445416587 33.2672419136 33.9181336579 34.0696288261 34.3486517765 34.1273506687 33.766201919 33.5985072616 33.0524244181 33.2052693257 33.0672732463 34.4003261893 34.0834840981 33.320569983 33.7411231217 33.1693174061 33.2343776425 33.5138562368 33.5076536782 33.1905318798 34.1753917884 33.0030195125 33.2557310399 34.2799687717 33.4882756807 33.5644244031 34.2477536294 33.4540752589 34.0634102234 33.7458957636
0 33.8935416422 33.5294257124 33.6272884247 33.027166029 33.1088090459 33.016002082 33.6106650848 32.3493555481 20.3716638519 27.7749365019 33.2093194977 34.0687558478 34.0823878265 33.1159063954 33.9221283594 33.4974543899 33.3294151193 33.8270886293 34.3831336438 34.2863798681 34.2579750787 34.1301425356 33.4219471003 33.2477557669 34.2496559979 33.7848828971 33.7797952273 33.2809271503 34.2664811166 34.4020683278 33.9133829662 33.4196240568 33.6664237645 33.5513980213 33.3876803067 33.5861760613 34.2683316466 33.7450729403 33.1206985582 33.9655323626 34.0589722899 33.8732425696 33.3986105842 34.26730578 33.958054697 33.2406881987 34.0848977308 33.5476260542 33.326146746 34.0321108048 34.3326136918 34.3858824699 33.1081131272 33.9270305427 34.3185616815 33.1889614786
0 0 0 0 33.1119622617 34.1656244329 33.8863659103 34.2381799512 23.7282755437 17.5832374336 19.5453001469 33.1400741009 33.2893772861 33.5444788098 33.070716344 33.2705248788 33.5452793921 33.9590830295 34.2789702052 33.1522528746 34.3697370747 33.1105924143 33.9029374393 34.2534493819 33.5902945952 34.3940298938 33.5898929462 33.6850049622 33.3875105395 33.6293326591 34.3974360278 33.3003978319 34.2356129963 33.0587596949 33.9613269084 33.6939935347 33.0603045667 33.6376921721 33.4462245458 33.1844078965 33.6363427672 34.1302992539 34.2966043191 34.0607001986 33.8649326548 33.6734461898 33.4898285874 33.1868889375 34.1515248186 34.335641835 33.8537207382 34.2546175374 33.1600324674 34.0951931345 33.363059086 34.3842036122 34.3531622889
0 0 0 0 0 0 33.5397025253 34.3928696514 33.5250198119 34.0534753547 33.9668829953 34.3766052109 33.8206253465 34.0429360366 34.121686308 34.3878258093 34.3779367203 34.3898198807 33.1645398832 33.4588929973 33.9443853654 33.5792192216 33.410678565 33.8966663262 33.0955707078 33.5791703419 33.7038503914 33.7639465153 34.2454567455 34.2882053378 33.017911103 33.6623343688 33.6045401803 34.0498438093 33.7938292569 33.025104802 33.2985665197 33.4237664097 34.1433982545 33.7062444957 33.3805209923 33.8419887629 34.2802526612 34.2177748949 34.1154169865 33.0379190637 33.9127552573 34.1112258126 33.9445973733 33.6342250775 34.1222571888 33.5690220299 34.2932912254 33.7540884153 34.2786236099 33.9108158236 33.9649793756
0 0 0 0 0 0 0 0 0 34.3237568271 33.0478510633 33.7885641516 34.3954617426 33.4679568252 0 0 33.9590105331 34.1637096807 34.0524454765 34.4070328531 33.8856264065 34.2299156667 33.0392639772 34.0620270216 33.0954142963 33.8931117473 34.4083290374 34.2292110903 33.7278491666 33.4221841922 33.3891370033 33.1253768641 34.1585071676 33.9406480463 34.0781695128 33.0711446442 34.2907518502 33.87183632 33.5203296411 33.4670610559 33.5697627634 33.7173533278 33.114425146 33.862754886 33.8235852193 34.3381889917 33.0645850572 33.8517246095 33.1716200466 33.5482418426 34.1861396478 33.3791099012 33.5255862597 33.5787987885 33.1185630201 33.0258060633 34.3077554685
0 0 0 0 0 0 0 0 0 0 0 0 0 0 0 0 34.2113780354 34.2466150622 33.3386131676 33.5364539927 33.8195358343 33.2817665177 33.3756046214 33.4226003851 33.5101395565 33.5130768771 33.5037968811 33.5238907943 34.2061824514 33.6855751366 33.0371594395 34.3122311857 34.3661894983 33.8097502648 33.8952615207 33.171081277 34.401107644 33.1073455943 33.6508521673 34.0979383379 34.4049744794 33.7936114062 33.5720041918 33.2139820471 33.3841289675 33.7262367153 34.0370787941 33.2727869127 34.2125269022 33.8868282336 33.3641799607 34.0786506098 33.1109077449 33.1904252782 34.1266426683 33.3591776545 34.2147294076
