Spatial_Output/DEC/DEC_1047.asc
NCOLS 155
NROWS 192
XLLCORNER 196307.867259
YLLCORNER 449144.565805
CELLSIZE 33.573938
NODATA_VALUE NaN
[rows 130 to 155 of 192, columns 57 to 113 of 155]
22.8729825772 22.9656124339 22.8824632967 22.9953005142 22.72837937 22.9694825936 22.6760294509 23.0874784612 22.5624931991 23.1757493113 22.6376041999 23.1463126581 22.7181770481 22.7710044454 22.5751492881 22.8380306131 22.8410814929 22.9822011802 23.1657486227 22.9201948381 22.9663416749 23.0966374117 22.5361047671 23.1792897669 22.6812704241 22.5019202823 23.1872797923 22.9267253131 22.77772142 23.0176217604 23.1248244956 23.1136038253 22.5380735781 22.7200006906 22.9313019768 23.0378150741 23.0476519089 22.8248401952 22.9751123075 22.6048662632 22.5297674352 22.7129167802 22.6259861191 23.0414701109 23.1872406857 23.0173112477 22.5591043731 23.2001996492 22.9460959479 22.775764279 23.1462971261 22.9314373897 23.0635599597 22.5617609855 22.6849424695 22.676966215 23.0805763473
22.5840207141 22.8260466216 22.8102114136 22.7159340618 23.0598295318 22.9442467608 22.737299445 23.150600655 22.6965809155 22.5170330204 23.1559275694 22.9187999626 22.7236359254 23.0174131643 22.5700776529 23.0840224102 22.978153496 22.9644957152 22.9500029383 22.9845507399 22.6608575144 23.1194116006 22.5366512489 23.107182962 22.913850016 22.8536359071 23.0327511922 22.5503949093 22.9501301069 23.1182480726 23.0790755653 23.0928760884 23.1848478873 22.9897353977 22.8012363188 22.5088280531 23.0070556491 22.8076767382 22.8205649033 23.0150512435 22.9972255873 23.0116464259 23.2005904556 22.5614693706 23.048922932 23.1561966142 22.9910099684 22.5213360981 22.5340938413 22.845045149 23.0140226497 23.153444805 23.1145954523 23.0036543922 22.708377832 23.1181297462 22.8754283917
23.1040674453 22.956280992 22.7794406435 22.5330897764 22.80931456 23.1223159811 22.8970459488 23.1005322903 22.6436801623 22.5757764388 23.1037342157 22.7228736548 22.8317714806 22.5114931405 23.1248661843 22.8012823861 23.0890661031 22.8762747531 23.1031778753 22.6433736907 23.0478369011 22.8383551029 22.5418667882 22.5672693468 22.6301036546 23.1249785145 22.5288870465 23.1153061758 22.950356503 23.1706437266 22.7757615754 22.8557774601 23.1338606107 23.1014430632 22.6090251064 22.8288393412 23.0743583801 23.0319031779 23.0190084258 22.7017887465 22.8303290472 23.1644582961 22.9288462122 22.9024159174 22.6463481377 22.9057557792 23.0481545496 23.1082932421 22.620578095 22.8911558856 22.8564140533 23.1323193644 23.1700557865 23.1876255138 22.7726336769 23.1683305199 22.9514455459
22.5527405176 22.606702135 23.0052285971 22.7024095472 22.6123949292 22.7996359374 22.9896389348 22.9716191621 23.0810666883 23.0755961996 22.725097485 23.1578085335 22.890772196 22.7903844588 23.0373208671 22.9299319527 22.7824680096 23.0579231395 22.8857904755 22.9921071693 22.6450511687 23.1706583847 22.8937526904 22.8575633552 23.1125639187 23.0249613875 22.7125223712 22.7669343 23.0621964112 22.5740703843 22.7702357921 23.1611010256 22.86822926 22.8760932749 22.6200205149 23.1578665163 22.5450150615 23.0529090185 22.7893575837 22.8361828549 23.002958037 22.9261371203 23.0791759775 22.529144029 22.7061308467 22.6667516495 23.0129472305 23.0921999497 23.0788858491 22.8752775436 22.7234804647 22.6087562322 22.6831717537 23.193529079 22.71698489 23.1082053999 22.6293255626
23.1440815383 22.9143211736 23.0335473128 22.8754641194 22.5833766729 22.9703433451 23.1200105754 22.8333494232 22.6893071281 22.5716202505 22.689848454 22.7879667392 23.0783595497 23.0760594485 22.9110440838 23.0140375571 22.9199693509 22.6557601817 22.590837262 22.8439499837 22.5671353394 23.1181335251 22.6990073038 22.8813622412 22.5835027752 23.0594600786 22.9880796164 23.1398438362 22.7032478312 22.590597442 22.5275935946 23.1937971144 22.7390116156 22.5816702292 23.1946728635 23.1781068912 22.5723423693 23.1890238304 22.6869810245 22.5887516779 22.8581973531 22.7392258079 22.8655829615 22.7877300226 22.8372437499 22.9795787162 22.5369465759 22.8161566327 22.6554255723 22.763426645 23.0371791343 22.9246625608 22.6163361352 22.8668652 22.9948090704 23.1634518653 23.0170605476
22.6343857232 22.7817673615 22.7595006416 22.9984805419 23.1808172274 23.037837091 22.6474779156 22.6040593331 22.7776088964 22.8616341764 23.0078050732 23.0733158175 22.5050872417 23.1679468848 23.1573080514 22.5047221711 23.1219360881 23.1784733735 22.5062614798 22.7902504682 23.04384132 22.5405903044 22.9771989896 22.6493439855 22.7058118583 22.5842421195 22.5764529869 22.9292931776 22.8259264501 23.1755928097 22.6704593742 23.048811213 22.8094378299 22.9642112072 23.1530108137 22.613967885 22.5702305382 22.5256452246 22.739973023 23.0055369569 22.6323058805 23.1495239272 22.5236956997 22.5610151622 23.1245718145 23.0648279123 22.6383293099 22.9993533258 22.6365962685 22.9017563488 22.9469540431 22.5819186954 23.101267499 22.669795055 22.7999935818 22.8821703912 23.0652192166
23.0198075736 23.1826803577 22.516182008 22.7409636424 23.2027438705 23.1960947819 22.5859819393 22.8243437294 22.8318975995 23.1883499189 22.7998059556 23.0170938905 22.867287608 22.9838477426 23.0745956271 22.8685565359 22.6682698306 22.8986059092 22.9754118846 23.0832809845 22.9860224757 22.7648868634 22.9972828286 23.1495148833 23.1857929248 22.8035448624 22.5169690265 22.9617018193 22.9488803404 23.1401258937 23.0041832008 23.200112748 22.6504712924 22.9496971897 22.8584303734 22.754128371 22.9659962186 22.8562460948 23.1651950961 22.7744694178 23.140437642 22.8341499355 23.0422765278 22.6650145901 22.9415476285 23.175556514 22.5519830139 23.1151678661 22.9644074772 22.9697169753 23.0513387301 22.5317326887 22.5229000711 22.9391844684 22.7085052213 22.9819932897 22.9405452446
22.6175998051 23.1505384652 23.0078430168 22.698301466 23.0248610607 23.0863324916 22.6353911755 22.8833913782 23.1876898447 22.7657710597 22.550807337 23.0107309158 23.0527945499 23.1811783179 22.6820549629 22.7036079914 22.6905097502 23.1196615346 23.1045431292 23.0782910865 23.070613569 23.1524869964 22.9000185038 22.5250718612 23.1757312143 22.7332287557 22.9801361776 23.036594998 22.560685737 22.5878409942 22.5753068723 22.6635482625 22.6167046274 22.84888062 22.610380388 23.1343460138 22.7848753393 22.8617659135 22.9949376561 22.5131639463 23.2024475846 22.6551861906 22.7571507969 22.9582817522 23.0520960479 22.858225885 22.5973430677 23.1385226101 23.1817656797 22.8750641495 22.9701129875 22.7238824288 22.735772329 22.5642389608 22.6394272652 22.5961493498 23.1080947637
22.8371769342 22.6872460864 22.5757479895 23.2017429547 23.0466819354 22.9376240215 22.7823250862 23.1285926573 23.1633223246 22.5218530111 23.1370294914 22.9043422605 22.8435247374 22.7328192597 22.6303773933 22.5719577105 22.7940288503 22.7859422486 22.6277692447 22.5606936642 22.6380855231 23.1175649182 22.8337241269 22.7191479027 22.7018759181 23.0422982233 22.8219193747 22.7291255397 22.866476975 22.9124947418 22.5492276231 22.7963170841 23.1353146072 23.0072404471 22.5182557092 22.8830674862 22.6745933088 22.8922642448 22.9198881829 23.0691578785 22.7025726012 22.5269832822 23.0013902591 22.5420624852 23.1851800547 22.5216634675 23.2009910473 22.6208736311 22.8248813488 22.547606157 22.8061883266 22.9147565061 22.7713515655 23.1508601718 22.8943151144 23.1424270024 22.9743345529
22.9298729377 22.6773752066 22.640923205 23.180247837 22.7435028095 22.9348043757 22.904286349 22.7705418051 22.925610204 22.631285183 23.0429716667 22.623758834 23.0426457085 22.8195822474 23.0090708605 23.0042109088 22.6254945724 23.1133647376 23.0040672409 23.1340908823 22.936486284 23.1734008861 22.9788982999 23.080198578 22.8711017178 22.6159172116 23.1299304744 23.0597058848 22.835117032 23.1443546072 22.7586434793 22.5082382756 22.878896341 23.1955720139 23.1096234073 22.8332252929 22.8702402781 22.6992742754 22.9100027231 23.08622704 23.1207597906 23.0771330345 22.9559753691 22.7205452383 23.1528623759 23.1021848739 22.9275523604 22.5456697174 22.9486828495 23.1980140679 22.9103176295 22.7005532898 22.7343393633 22.6991792148 23.1221887348 22.8513222442 22.6617598163
22.6424021358 22.9461378441 22.83064323 22.5472019785 22.8925058148 22.7600662846 22.7273028784 22.9356956705 22.7050120542 22.5994440382 22.7102500058 23.1516334465 22.8482593586 22.6963123053 23.0343918992 22.5133847467 22.8099520468 22.7464132917 22.6868070953 23.136893025 23.1424094445 22.8433380605 23.1887357824 22.6731313593 23.0099790022 22.6614443364 22.6085071856 22.8660381419 23.0386575493 22.7958185759 22.5063481518 22.7562071115 22.5198538329 22.7075172935 23.113737935 22.6101816152 22.9983458595 22.6666634951 23.0816233561 23.0350750185 22.5727340995 22.5254280603 22.9363779259 22.7888958246 23.1780894041 22.8519227758 22.6302031518 22.5157890385 22.910934338 22.5630337748 22.7195967511 22.7748721294 22.799490336 23.0169711019 22.6469275254 23.051293597 22.6888407218
22.9802037164 22.688682642 22.6585300645 22.5975474109 22.9769467953 22.7289279636 22.7219486893 22.8027910459 22.6416542891 22.6105538987 22.8276811167 23.0975667388 23.0500536103 22.6978904149 23.1835486787 22.6070655457 22.9427356234 22.888803221 23.0498909473 22.8205081784 22.8192361569 22.663329311 22.8799757406 22.5395973228 22.8281879037 22.9603643219 22.9123232529 22.5559184731 22.7874493404 23.1996329394 22.9484681072 22.7443792232 23.057914512 22.7988775544 22.6459483429 22.6798959901 22.9857606274 22.6042778803 22.729718764 22.5109991891 22.7237049701 23.0006416515 22.5021493291 22.8153014327 22.7661459914 22.6423903341 22.7835061656 23.0770731551 23.0111951875 22.8082021787 22.6011700009 22.5652987577 22.6358471622 22.7193136656 22.9057877902 22.987132946 23.1656520935
22.8598638154 22.8339995837 22.7680216347 22.6854811414 22.7741377602 22.6780107247 22.6766207881 22.8064826456 22.6283435905 22.7060226567 23.0016707083 22.8281353971 22.8619562026 22.8842648608 23.1636194096 23.0427693928 23.1574521747 23.198338734 23.1729203038 23.0889721311 23.1262635999 22.7607981803 23.020916665 22.8529948288 22.7301434139 22.7656464254 22.9341776077 22.883542047 22.7247785784 22.7444164605 22.5266418108 22.5466077987 22.8283320518 22.8428407855 22.7071306502 23.1326281719 22.984060431 22.5393162514 23.1653325074 22.5324626271 23.0041488288 23.123230447 23.045417395 23.1373090952 22.7970024515 23.0003003969 22.5040528902 22.6846055262 23.1122448843 22.8532035499 23.0595792937 23.1574234094 22.7246731053 22.6193740961 22.9188709724 22.5104286873 22.9193225271
23.005458955 22.8814728702 23.0221850554 23.1627551666 22.5611108331 23.1923728017 22.8190779207 22.8559625649 22.8081899361 23.067083498 22.908984506 23.1885756473 23.0329923026 23.095681665 23.1349453104 22.8945195856 22.6319067745 22.6691610151 23.1269715804 22.8661308546 23.0303746592 22.8670095753 22.5570988093 22.8905715802 23.121145885 23.0392076784 23.07303277 22.9292817865 22.571455795 22.8276292599 22.7837762361 22.5944268492 22.8793012574 22.8742322881 22.7451060927 22.6951937397 22.9715296521 23.0291976008 22.9949657325 22.7348842544 22.614959941 23.1715166033 23.0876326956 22.8566970704 23.0412460625 22.9776654922 22.9051376516 22.8031459954 22.9746756625 23.0112987063 22.8056579406 22.8031715199 23.147409313 22.8011690536 22.8074313696 22.5734404893 22.8896264253
23.0183317457 22.8931135704 23.0124406044 22.6149660146 22.5440406227 22.8447268777 22.8619255035 22.7325310207 22.8100378423 22.9065207141 22.9747374053 22.5417236415 23.0172372822 22.7352764128 22.764151621 22.9623245437 22.6283536488 22.5355872292 22.8684319486 22.9786552396 23.1918566035 23.0244391717 23.1116818585 23.1583961408 23.0151740982 22.9167590385 22.6044283337 23.1353218899 22.6767333607 22.5301412667 22.9363368036 22.6297975373 23.1438749153 23.0802008818 22.6004205301 23.1858399666 23.0177115659 22.8157577881 22.5964166151 22.7888848819 23.1155130629 23.1632955835 22.6583259119 23.1405303485 22.7226402406 22.5238148545 22.6272850824 23.143355006 22.8043818085 22.8166668217 22.6594603125 22.9439503609 22.5046346188 22.9545600579 22.589377819 22.6915230618 23.0700608586
22.9498103854 22.9429877346 22.6150451563 22.6725629411 22.9428224819 22.8504116011 22.5926248671 22.6227237303 22.7779902895 23.186912917 22.8985008969 22.9069752386 22.5708329278 22.8770716096 23.033338561 22.5803443126 22.6862803119 22.7983348533 23.0801888627 22.7602093396 22.9792549303 22.8099643872 22.8713963291 22.5794489239 22.8677963878 23.1087220834 23.1887765944 22.8553804887 23.0739811872 22.9802672167 22.7640443897 23.1039368963 22.6586481361 22.8181882364 22.7933251227 22.9375471158 22.5287005195 22.5959222465 22.6153286167 22.534425773 22.580013095 22.693638824 22.5980538727 22.907828618 22.7980607262 23.1263500715 22.7460173573 22.7882456948 22.5355138977 22.807371376 22.9409413343 22.8790712129 22.8753728385 22.5983963248 22.5678034912 22.8589746237 22.9817534715
22.557318257 22.6653736735 22.5516192539 22.975783626 23.1093005132 22.6797730811 22.9139913703 22.8115204617 22.5216073883 22.5061525386 23.0283527045 23.0783885163 23.0226193469 22.7015257817 22.8730801854 22.8572255266 22.6946241838 22.5414785552 22.8874510393 22.5037824354 22.857215196 22.6622566195 22.8668042833 23.1095903439 22.5532657749 23.1254825325 22.6778372132 22.5277119737 23.1860732561 22.9817007115 22.6235125007 22.9303092572 22.8564680745 23.175606728 23.1518240975 23.1540955099 22.6266396522 22.6732228321 22.7667231787 23.1644747552 23.1563006086 22.7584344489 22.749026912 22.5035836862 22.9659605478 22.6179359948 23.0092131931 22.9440365937 22.671988255 22.5872210515 22.8632976443 22.920871873 23.1512278926 22.5770765499 23.1085854964 22.9690197477 22.5740185626
23.1906966833 23.0134042969 22.9856115572 23.1787035615 22.7977033871 23.1587719499 22.5476675226 22.5920539156 22.5786973472 23.1233754843 22.9858978102 22.9547588748 22.7963747083 22.6865079377 22.8796555433 23.0283959134 22.9546158611 22.6575040801 22.7107728422 23.0978886576 22.8651805559 22.9887308178 23.1459089177 22.8656524599 22.7971380501 22.9340920149 23.1997218306 22.8562263165 22.8089647099 22.5698805174 22.8151808731 22.6290333316 22.7294773508 23.0765622069 22.5471504571 22.9012382002 22.7924717715 22.599868379 22.7474523825 22.676601251 22.6195956741 22.5331065213 22.9479007551 22.6778379655 23.0477898438 22.5306307926 22.7993681935 22.9855691663 22.8115784972 22.8686437932 22.8326570906 23.1108300957 22.7068282557 22.7989289624 23.1701907162 22.5878738317 23.0559232553
23.1081197789 22.6871712207 22.9086531269 22.874007171 23.0242324408 22.678219158 22.5326904916 23.0401261503 22.9090902256 22.5208373164 23.0443174809 22.6644051538 23.1788991122 23.1429911771 23.0889765491 22.6575675094 23.1133541606 22.7002472113 22.9676273755 22.9093704119 23.044968319 23.1613269543 22.5145945423 22.9103509522 23.0885944441 22.7169985859 23.0633803449 22.9906302379 22.8846368578 23.1538945853 22.7618994844 22.6283114768 23.0976594267 23.188609659 22.5020464341 22.5724595783 22.9789008718 22.8475790395 22.8363439295 22.8710587402 22.8287976628 22.7567987284 22.5206532345 22.8533529552 22.8827983739 23.2069880101 22.8495187569 22.8891312844 22.7926205785 22.8012508741 23.0460312833 22.6422174736 22.6053885308 22.8155070142 22.749928296 23.1302438557 23.0950710019
23.1580398686 22.6858937106 22.5858174024 22.651227004 22.8617963746 23.0029806866 22.5461665231 22.8777914006 22.7667338461 23.079526278 22.8657019608 22.9184901565 23.1839331358 22.6776031055 22.6182450044 22.7739462219 22.8403992361 22.7475372533 22.9049597683 22.6907246356 23.0622806365 23.0368840529 23.1325001644 23.020115163 22.6155389162 22.969362074 22.9121362487 22.6110840382 22.7311698694 22.7960829604 22.8872628912 22.9033711068 23.172985061 22.9944931425 22.6270744075 23.121726771 23.0213894073 22.7937069998 22.6983855887 22.7316327779 22.5460930852 22.923246376 22.7262494855 22.9971590839 22.537302903 22.8220825609 22.811175115 22.8936746002 23.1450086724 22.5610705738 22.620217062 22.7578205297 22.930518197 22.7919095456 22.9713285633 22.5315495192 22.5242367629
22.7224295527 22.548289275 22.5776805383 22.6097671239 23.0025030691 23.1094432747 23.0680303609 22.6772081883 19.9917535652 19.4787803217 18.71224122 22.9257164739 22.6810300973 23.1356170051 23.1838176062 22.9950114457 22.914444587 22.5137072816 23.0912788763 22.8757157059 23.1148081985 23.1522530983 22.8992375076 22.5127157856 22.7380404168 22.7413525443 23.1937282509 22.7949058688 22.8814726097 23.1473070592 23.0965553277 23.0838251157 23.0234164657 22.7388814915 22.688972297 22.7773962973 23.1944057224 22.7647189814 22.8917961837 22.7349672504 22.513107551 23.1938940918 23.0524681274 22.8572240475 22.9864385616 22.6519246803 22.9676463062 22.6000498897 22.7766355522 22.8055565725 22.5625910612 22.7509450023 23.0930400354 22.6209768492 22.6778073997 22.7723979583 22.9825707133
0 22.9363780896 22.5575939932 23.1276805173 22.6343516334 22.7351795542 22.8116849574 22.5603877168 18.5545781386 23.347763707 12.9232383645 22.641450384 22.5824877351 22.5345597127 22.6517108896 23.1362728098 22.6288607812 23.0314038815 22.6787572676 23.154295507 22.8668678243 22.7522367841 22.6344713494 22.8576014766 23.0162869923 23.1565348673 23.0620004112 22.688834376 22.7592127216 23.033015351 22.7764394751 23.0350143365 22.5936825859 23.0125737365 22.8079235615 23.0388226756 23.0598405767 23.1888463512 22.7076239136 22.9702003318 22.9776021617 23.0252158402 22.759715129 22.6849176024 22.5514998088 22.6809578478 22.6731013686 22.6617212133 22.9564817785 23.0730757434 22.5653096823 22.5843634635 22.5901500993 22.6345662271 22.7474701643 22.6723286386 22.8701519979
0 0 0 0 22.7647784293 22.8091230073 22.9586481848 22.5889144733 13.8683389981 26.2757496205 25.5040711157 22.7927991074 23.172717629 22.5004332234 22.8663495061 22.5414617206 22.6392930097 22.8292477495 22.7520066775 22.7727985785 22.9095477837 23.1149341024 22.6175062741 22.6423728808 23.0239232496 22.9751916446 22.5860226666 23.1924171272 23.1702392875 22.8294823028 22.5978538809 22.7916935828 22.6256149891 23.1025277042 22.6672226405 22.8858935009 22.7356791718 23.1246511075 23.2045934723 22.9035009528 22.6593872 22.9009820583 22.9518496338 23.1171138357 22.8080848146 23.0740250093 22.9968694207 22.786241528 22.889610199 22.5936464724 22.9543185384 22.6110585993 22.8014048807 22.6619641817 22.6253328897 22.9398200647 23.0349710091
0 0 0 0 0 0 22.9274810828 22.7043446237 22.6992260468 23.1173381585 22.982713853 23.0114797084 22.5700129482 22.5829258799 22.521505242 22.7352730492 23.1810385923 23.0627012097 22.7169865939 22.8651028276 23.0414665028 23.0585760771 22.5274719026 22.8512123199 22.6746409473 22.5292519663 22.6051194045 23.1640342731 23.067605593 22.7679286013 22.9601759965 22.6576893157 23.1701608732 22.7662738787 22.6540782652 22.774650772 22.9591011292 22.7146188049 22.7947984491 23.1839264355 22.9087605124 22.5901711267 22.5328246476 22.8409323605 22.6593879194 22.9565407148 22.5996155302 23.1985814784 22.7686119787 22.7683963957 22.8618520184 22.9502904908 23.1471494344 22.6452802448 22.7694530731 22.8927967033 22.9473252995
0 0 0 0 0 0 0 0 0 22.6856386268 23.0044508045 22.9837807877 22.8794411048 22.8191532484 0 0 23.0309014607 22.7379182065 22.7791256809 22.8957461572 22.5141852222 22.7743042467 23.0092657308 22.9958740439 23.0954900183 22.5586610443 22.8387773408 23.1977744601 23.0644428641 22.6641421498 22.9896785801 23.1313256018 22.8160594741 23.149559709 22.9951672347 23.0121821334 22.9177588993 22.6329577515 22.7695063866 23.0344723607 22.8408424951 22.5071157466 22.6368193886 22.6769270721 22.9656284502 23.0006386454 22.9095571545 22.8513190552 22.6975741362 22.5125173415 23.0365678308 23.1062044682 22.8394880875 23.0362067608 22.7963293399 22.9808534186 22.7567105825
0 0 0 0 0 0 0 0 0 0 0 0 0 0 0 0 22.6887122017 23.0553560363 22.9466062567 23.0547959618 22.7445924146 22.5487167622 22.63922806 23.0593144951 22.9905785609 23.1683603103 22.9898810693 22.7439190409 23.0127269692 22.8077118256 23.2021211984 22.5088434553 22.9708743625 22.9045981552 22.8365493914 22.559643649 23.1376364891 22.5526075194 22.5321680757 22.8991937955 23.1491224903 22.8225428994 22.9534797466 22.8484253355 22.8101734249 22.8571281097 22.8266183074 23.1487098627 22.9818074237 22.5753561507 22.6488103692 22.8497141201 22.8938595558 22.6907947111 22.6258150007 23.1427405801 22.9509318074
