Spatial_Output/DEC/DEC_0437.asc
NCOLS 155
NROWS 192
XLLCORNER 196307.867259
YLLCORNER 449144.565805
CELLSIZE 33.573938
NODATA_VALUE NaN
[rows 130 to 155 of 192, columns 57 to 113 of 155]
30.8530036918 30.9893795081 30.6876606247 31.0926065615 30.9104638142 31.0903099039 30.7218714424 30.9633084661 30.6624471048 31.0819725861 30.6517975185 30.6181328723 30.5493827059 30.6033968358 31.0412343222 30.6405359404 30.8915597501 30.9202841384 31.1262024099 30.7781317818 30.8412788485 31.2011168895 30.7028892239 30.6061882649 31.1062804486 30.7655056031 31.1628792943 30.8655900494 30.8072484877 31.0756456316 30.7100461332 30.9464194871 31.1699034301 30.894869098 30.8833181825 30.8428765964 30.7480009309 31.1545359258 31.0896777942 30.8897861031 30.8003041284 30.9927170302 30.8924486286 30.7582321421 30.6725640824 30.9624123078 30.7594701039 30.9396494056 31.1931459377 31.0740293166 30.9531430736 30.63315374 30.865951722 31.1636332746 31.0431575344 30.6081860091 31.1874473589
31.0110732406 30.5965878715 31.0333328078 30.9720035171 30.647844608 31.0349817956 31.1910195055 31.011421294 31.0283710603 30.7547782699 30.8192830944 30.7528967608 30.5972659936 30.6640810381 30.7040219789 30.710538228 30.5930205883 30.9802386662 31.1428670052 31.1173515231 30.869302491 30.981231339 30.9678043068 30.8158851808 30.6590401525 30.9207435328 30.8194118581 30.5113422768 30.9016842066 30.7819472486 30.6051360969 30.7626166369 30.9774935353 31.1643837365 31.0615762083 30.8846694657 30.8820705848 30.5046236053 31.1686968364 30.5245948877 30.8091511788 30.7161689329 30.6881346462 30.5914092834 31.1662470409 30.9703142131 30.7635193435 30.9048941431 30.7755461273 30.5299232719 31.0568094654 30.7019929761 30.7976113284 30.8798172781 30.8490016568 31.0266193445 30.6182440354
31.0562461714 30.9392329559 31.1359517114 30.6330176589 30.9802966286 30.9172106263 30.9077974929 30.8887466578 30.9772183282 30.7222109299 30.873521486 31.0521131177 30.7452966322 30.6826503355 30.9164063235 30.8926480841 31.0248680877 30.7226083233 30.5000176596 31.1372650428 31.0474923073 30.7634461527 31.1124403372 30.8685122739 30.5064005893 31.1114708979 31.0743245567 30.9718527836 31.0282376483 30.7969827104 30.8951069557 31.0431919689 30.8224106836 30.9710716065 30.7159251027 30.5682861128 30.8128010348 30.6003613217 30.6555087134 31.0307846994 30.7295750897 30.6693870502 30.5757133702 30.6470975184 31.0080060127 31.0289105022 30.6076389578 30.6139490848 30.6091768586 31.1687605411 30.6386778693 30.5379720493 31.2042534397 30.6754201304 30.90404518 30.9234282304 30.5614763637
31.1315588132 30.612668521 30.9369575235 30.8199349726 30.8097093374 31.1935791913 31.0887868124 30.79969862 30.6490853925 30.7651294459 30.8073582784 30.8123552306 31.0006132584 30.5709872711 30.928850869 30.9921258718 31.0436330859 30.8257297818 30.6544568323 30.746183598 30.9034611278 30.5929928012 30.6638208187 30.6830061368 31.0404471124 30.964524724 30.5018038618 30.6497013494 31.0901941571 30.7910410788 31.1758648715 30.5735290768 30.6944023945 30.6502727429 30.768277724 30.7021774819 31.1554847228 30.5779951581 31.1436219414 30.7395245761 30.5037046111 31.0023034833 31.0781818896 31.1472227086 31.1506301143 30.5285435206 30.5226172999 31.1823315999 30.9774097399 31.018537907 30.7947317056 30.596950117 31.1764489938 30.6727303001 30.7603787933 30.5608003508 30.8338661341
30.6874102261 30.5398392905 30.7020560123 31.0064082326 30.6220108052 30.6995141601 30.6446908727 30.6457054485 31.0515258912 30.8732054906 30.9902987013 30.7652400362 30.9595781645 31.0595135189 30.8515470799 30.7370436576 31.0047088693 30.5907269821 31.1122054491 30.7153769409 30.7149746046 31.0423314223 30.6993754907 30.8095218708 30.8430431067 30.9995647606 31.0428820928 30.9939221737 30.7786216646 31.0112409728 30.7049157197 30.8539957368 31.0011292331 30.950547641 30.8670862964 30.5163485161 31.0388975827 31.1959234575 30.7233703547 30.9784770387 30.7473062276 31.0711248167 30.5064178458 30.7077303526 30.8072206853 30.9435302291 31.1135137597 30.9040372487 31.0293017021 31.0837424692 30.6597101932 31.0217059228 30.5614116449 30.6841191245 30.5245255629 30.6106541066 30.5319607546
31.0478602065 31.0456459699 31.0142667538 30.9167336944 30.5715936422 30.9551604145 30.5997456048 30.8497935271 30.8167842298 30.8858187975 30.8209277625 30.7685042046 30.7757554682 30.7848010673 30.888593032 30.5717767165 30.5812464935 31.1715408123 30.9758137841 30.927997039 30.8145257923 30.5140501005 30.7405004359 31.0485466111 30.759150784 31.1754263927 31.1480905647 31.0391385593 30.7287621342 30.7065043602 30.6641405495 30.5481095253 31.1663036534 30.7091023357 31.13304169 30.5017225214 30.8363781781 30.6504490714 30.6040358685 30.832974195 30.6548408706 30.6967864466 30.6122313512 31.1020809989 30.780591907 31.0080915016 30.904593649 31.0826065454 31.2055518559 30.861678827 31.090807163 31.1821506498 30.7303318592 30.5874067965 31.2032623572 30.5125616981 30.9210330063
30.7276535176 30.6797743704 30.9131530058 31.090983553 30.5398576181 30.5201580022 30.7882285641 30.7020116005 30.5216967842 30.9582712783 30.654695059 30.6762734369 30.8674909409 31.1825768116 30.6347479268 30.8153026291 31.0657526025 31.1137976009 30.6929188849 30.5973574991 30.9149310225 30.7938887266 31.1103290171 30.5041287688 30.7124733786 30.5234777919 30.9089597551 31.1156402962 30.6333969811 30.8323257976 30.8793687741 30.5312252435 30.5361101909 30.6635293975 31.1042753628 30.8673575272 30.7656323474 30.6736815258 30.9779078303 30.9034759297 30.9793243721 30.5786508556 30.5442176885 31.1544202541 30.8238651254 30.9689117879 31.1721085386 31.0664455461 30.9885331897 31.1377570247 30.7510640871 30.7483924998 30.6851805316 30.6671612282 31.0598013634 30.5732383216 30.6219604528
30.6789915127 30.5842111843 30.8126501606 30.806100995 31.1867803765 30.7197502134 30.9935467187 30.6403000921 30.5113008358 30.6507901845 30.5783391361 31.1993064813 31.1159792186 30.7602187807 31.0064387541 30.9307592262 30.8774761113 31.1708347008 30.6482996733 31.1717595389 31.002500598 30.9692766799 30.6446926776 31.0919332928 30.5585781856 30.7496832547 31.0745628067 30.6269874804 30.5708236466 31.0412501981 30.9110659883 31.0729448578 30.6073632323 31.0205609489 31.1253808419 30.5116232107 30.5475002579 30.5809302124 30.7606995308 30.7665655168 30.9190875428 30.7444694897 30.868316148 30.7190670245 30.6824643883 30.5071304739 31.1351787914 30.6891139808 30.610535632 30.7173203896 30.7186923215 30.7350117446 30.7213662691 31.1039917988 30.827102198 30.8648794763 30.5988531324
30.541554452 30.8549752011 30.9956970272 31.1625084318 30.6764385176 31.068387636 30.7486524049 30.6700363962 30.9576190508 30.6706894429 30.5052179854 31.0333056602 30.6764137029 30.8985421185 30.5574447841 30.6230420359 30.8602802124 30.77633062 30.5120016028 30.7261365114 31.1116886239 30.9147715942 30.8213919135 30.6049028279 30.5861277134 30.9910139282 30.5832919304 30.5084481603 30.9379447664 30.7769380839 30.6891262567 30.6492620163 30.9755568589 31.1070858319 31.1210678746 31.1825201874 30.7612080693 31.1383547136 30.7517839961 30.58302131 30.9840165865 30.7260395213 30.5552680466 30.5466714026 30.8604971294 31.1996239914 30.7252186637 31.1125262887 30.8412578952 30.7039802759 30.6022468211 31.0000431415 30.6675345903 30.9728781521 30.5888675944 31.0968097843 30.9404811535
30.996715517 31.1497247123 30.8904454979 30.812517567 30.6543076022 30.6589588981 30.7719817229 30.9993028744 30.9360695363 30.6388893927 30.6937608401 31.1895981272 31.1038253359 30.7138316234 30.9581757217 30.6642615161 30.8522279164 30.9520279339 30.8751438251 30.5670540799 30.8661150462 30.7390520648 30.6672880814 30.6030743008 30.768892087 30.9758590034 30.6847856654 31.204637189 30.6997750742 30.9096518346 30.813055952 31.1376009901 30.6755261353 30.675644006 30.9052144593 30.877349264 30.7459338635 30.8837567529 30.6750823957 30.6007751041 31.1519319655 30.6982681067 30.9854130476 30.8266229395 30.6813018206 30.7300348945 31.0834944402 30.929269769 30.7246192284 30.870918167 31.1105698629 31.0636386298 30.7673428417 31.0970790441 31.0202130022 30.5030337438 30.7891140929
30.8256449117 30.88278599 30.6712706813 30.9753459514 30.7719522097 30.7816321404 30.9664419685 31.1587863973 30.9227483761 30.6686062236 30.7095831185 30.6748873891 30.7725472087 31.0204639091 30.8705882715 31.1288799597 30.6599974454 30.857289091 31.1540328919 30.8443734475 30.6764403485 30.9964960852 31.117818177 30.7885484864 30.6902042658 31.1075248857 30.9585627376 31.118567302 30.7221511327 30.6078578981 30.967270074 30.7490075212 30.6041351608 30.7080780765 31.0731559785 30.56508684 30.524935082 30.6256749353 31.0419863969 30.6406988279 30.6190984973 31.1618810015 30.9652184836 31.0663729773 30.6801086557 30.6966227005 30.847051507 31.1573574788 31.1444261474 30.7437357658 31.1542413148 30.6895466884 30.6668743161 30.8545759436 31.1350958877 30.957208656 30.8576459317
30.6715423667 30.6860354709 30.9502110437 30.7327095526 30.6450452556 30.5198261385 30.7086532138 31.0835737269 30.888436765 30.9902541226 30.6014943623 31.2000855994 30.8751585484 31.1855753727 31.1082392158 31.1326208316 30.5219449188 30.7744629142 30.9921895373 30.8833940865 31.0157584494 30.5854995131 30.5260383546 30.6905420085 30.7012635309 30.7627916387 31.0036240673 31.1940748379 30.8345450197 30.982177654 30.5560680798 31.0525933461 31.1563078609 30.5937514602 30.9149530789 30.9962378549 30.7577226537 31.0075466539 30.7079112522 30.5745858099 30.5542709137 31.01356326 30.8940465902 30.8823256597 30.7810599362 30.8834958003 30.7335887189 30.9816526758 31.0582223106 30.9372605282 31.0137447825 30.586902376 30.5271612906 30.5026794906 30.7833307448 30.5854513677 30.5034176536
30.5194052635 30.9056342371 30.7450704345 31.0407871237 30.5164574121 30.6334319662 31.1883450207 30.8605776499 31.1749889973 30.7247724399 31.1216945142 30.850651248 30.5446071049 30.8770828789 31.1820007752 31.2054099442 31.0660116933 30.9960958145 31.0895922802 30.7825325808 30.6730683139 31.1213335804 30.7757933039 30.8379563499 31.0560585764 31.0029753005 30.9498031268 31.0456533042 31.1988935126 31.0130026813 30.6255936568 30.954962849 30.7117862862 31.1105262431 30.9916785387 31.0475459292 30.775141072 31.1038273782 31.0168263731 30.7835927125 30.5610881227 31.0162387247 31.014015873 30.8640310111 30.9345219343 30.5746828504 30.5008276934 31.1944787724 31.2033603639 31.018643704 30.8263453989 30.8812068283 30.6095664285 30.5206415418 30.5191563539 30.8511890855 30.9870043309
31.0253962773 30.694811265 30.5675401261 30.6086303547 30.9941367281 31.0157219808 30.6806483669 30.6452443257 31.0635910963 30.6849692211 30.5403576572 30.9876418588 30.8413395191 30.9097035965 30.9181687096 31.2048361012 30.8342042783 31.0286651031 30.8370169921 30.5168522538 30.8710532868 30.7029335574 31.0969447615 30.5974315243 31.1882925889 30.5984791323 30.6755696164 31.1542520591 31.0042227655 31.0445176397 30.9607145446 31.1932091213 30.87818568 31.1873668911 30.8159724972 31.1868828508 30.5030415456 30.9257331027 31.1807263671 31.0410979943 31.0042142484 30.898448063 30.9262920715 30.556024463 31.1734651154 30.6531797993 30.5480984925 31.0622823973 30.7544896463 30.5169331761 30.7729624798 30.7747004487 31.1177865302 30.5253636462 31.0720833092 30.6612574072 30.5275565271
30.9456032831 30.7842804897 30.7867365607 30.9807907496 31.0896645136 30.5173714402 30.9346994338 30.5220721797 30.6019961025 30.8262154387 30.7260145564 31.0072732232 31.1246590278 30.6370622952 31.1271587558 31.0135975744 30.9495439435 30.8928404415 31.1215093845 30.5632930527 30.6279467808 30.6153304092 30.811179339 30.7902100635 31.0991362016 31.013534254 30.8706930569 30.9422516169 31.0777172437 30.5358287431 31.082063984 30.9152411014 30.854452577 30.8902887169 30.8320191036 30.5472612915 31.1184250058 30.7040305937 30.5302510838 30.6975601662 30.6235317036 31.0477288975 31.0154913112 31.0614858725 31.0982865019 30.5610174234 30.8524324037 30.7419505364 30.9145318333 30.50651639 30.7941277432 30.5760805806 31.1193679665 30.6199517329 30.6444863001 30.7347748015 30.568864862
30.7603399154 31.0162346642 30.882218617 30.9360143249 31.1785323686 31.050549006 30.5394972095 31.0122710222 30.922009194 31.0896384966 30.6389484486 30.9825239584 30.7814490436 30.5862534854 30.9589268548 30.8247780833 31.0654660612 30.7390471084 31.0734058191 30.9851523716 31.1925098268 30.9071322936 30.903858053 30.6033160088 30.9054783662 30.6186637033 30.8753604979 31.0884433858 30.8147694896 31.0348937498 30.9858820976 30.721239515 30.7835014818 30.9828459002 30.5666106651 30.7296108337 30.5440721045 30.5993926572 30.6400132498 31.0700692001 30.7386926216 31.1220503646 31.0902672656 30.6173676575 31.0936364501 30.7396208306 30.9022923034 30.723807392 31.168738596 30.7450453101 30.9636436283 30.6952998402 31.1113140868 30.6564922957 30.6862696533 30.9828727442 30.9917348372
30.7574305111 31.0928320292 31.1549529504 31.1155998803 31.0813700585 30.8066145172 31.1657219972 30.7647831182 31.0021220329 30.8400743584 30.6912045259 31.0725537196 30.6324211045 31.0866966189 30.9493907766 30.8934642996 31.1787198381 30.5484822882 30.7912057978 31.0922036323 30.649858604 31.1412196382 30.5280438322 30.8980891744 31.1923198895 31.0394393768 30.748112025 31.0755249239 30.5794143683 31.0950104322 31.1656206358 30.6338902107 31.0323199202 30.5560564338 30.9103975006 30.9532936317 31.121604887 30.7379579318 31.089114659 31.1350977907 30.5351689762 31.0057769768 30.8539601738 30.7128015056 30.6967310649 31.0556168039 31.0057861794 30.576940963 31.0607088977 30.9598041098 30.5919089291 31.0763440477 30.6049438298 30.8959038987 30.9834854893 30.6844352391 30.5544535998
31.0134006725 30.7450870261 30.5495215261 31.1729476923 31.0263558269 30.9054696053 30.7986049708 30.725854799 30.5124531244 30.6184575342 30.9094508359 30.587180654 31.1186031653 30.7514255762 30.7835377973 30.9075215906 31.0155047202 30.6340751886 30.531912096 30.690707252 30.7782456545 30.5460948044 30.6100270125 30.6661365654 30.8918320286 30.5267113918 30.9400751266 30.5063029066 30.7888479591 30.921511356 30.6631073739 31.2050201956 30.9812235346 30.6211768443 30.6497298583 31.1638882639 30.5274930967 30.8814889636 30.9992136726 30.6174475673 30.6178962594 30.6554940737 31.1757019356 30.5675929455 30.9267037272 30.5004977311 31.1168751834 30.7135899559 30.9964294694 30.6698054526 30.7195724678 31.0708876654 31.0612126364 30.8122961684 30.9524457319 30.6248121329 30.778360556
30.9413169092 30.9326880782 30.9690958519 30.9830466898 30.8060624193 30.5119368263 30.5648724543 30.5225827902 30.57942355 30.9986680016 30.7090735327 31.0664452005 30.5973440467 31.1683672318 30.895547161 31.1239722208 30.6251821186 30.7431264554 30.9731592378 30.8206581695 30.9670961246 30.9468290285 30.8722954137 31.120013238 31.1183627033 31.039709358 30.9681172955 30.5986178755 31.1809365192 30.9771793727 30.6142928595 30.9666788876 31.1288995327 31.1405179881 30.6876304894 30.7251592322 30.5023047665 30.9569088605 31.1725141406 30.826241187 30.5896939198 30.8393992629 31.0269214808 30.9302075023 30.9718020006 30.5004030204 30.8321700314 31.1461130534 30.9350172164 31.0015199383 31.0768559656 30.7437059318 31.034001659 30.6751706841 30.5210036448 30.7708476797 30.5121429963
31.0293317313 30.8368940792 30.5502920759 30.5483492263 30.7992608584 31.1142392922 30.8261046472 31.1212518917 30.7755450913 31.0189652283 31.1901905688 31.0766583185 30.8119033677 31.0854593525 30.6453444948 31.1131205052 31.1696773882 30.6184890796 30.6145762373 31.1505840243 30.8336421553 30.9575051107 30.9269377958 30.9688325032 30.9251293496 31.1153214632 30.8162098712 31.0592082548 30.609756947 30.8611926318 30.5975550284 30.8270383915 31.1587302626 30.9211616934 30.6409009958 30.975196885 31.0651208187 31.021312086 31.2030711915 30.5595624388 30.6801609712 31.0182632956 30.5556282734 30.665776796 30.6577956551 30.612795446 30.8573020815 31.0233899233 30.727148256 30.8130868033 30.7353598121 30.5424984247 30.9682055264 30.7204437125 30.5764023381 30.6625224357 31.0131766015
31.1877466398 30.6171199944 31.0545316027 30.5808851773 30.6394373929 30.7833973363 31.1492665442 30.8748847952 54.5614951362 56.3121005266 57.9681980387 30.5142923777 30.6411280861 30.8432770264 30.5580549676 30.9164263086 30.9174395712 30.6904913771 30.6810546063 30.8741057445 30.5143395074 30.5488169604 30.7948952602 30.7729004237 30.8538551203 30.8374323868 30.9736903716 30.5492227846 30.653971728 30.5350310982 30.6373532624 30.5107230872 30.8235528707 31.0982531848 30.6267797833 30.5652187927 30.9025095157 31.1674991129 30.9027188031 30.8450164063 30.7396803943 30.5029353129 31.1645635368 30.5677404953 30.5864482425 30.8236810403 30.902387764 30.8590614954 30.6457515989 30.8072437505 30.6442162049 30.9902842412 30.522426826 31.1416400688 30.591723475 31.1891201178 31.1613710005
0 30.9971387855 30.5661053375 30.5626800398 30.799549901 30.945866274 30.9660593418 31.1858106983 47.6676143071 61.0836832314 55.3249700755 31.0810164851 31.1816801176 31.1742029767 30.6418032811 30.552175095 30.7556083133 30.8912597814 30.5193800314 31.0893742592 30.6244628284 31.0198068059 30.6653528614 30.6483467305 30.8565227889 30.7492866177 30.943332408 30.7595755611 30.9170063876 31.079433322 30.6239471452 31.1786954258 30.5061328553 30.8770433866 30.7280005588 30.5735453387 31.0093873797 30.7466143168 30.8687423026 30.9170637664 30.5183631833 30.6612362956 31.1746251213 30.7194867824 31.075223037 30.5700672832 31.0726260359 30.6138843866 30.9788633945 30.6940025938 30.5024821543 31.157956983 31.0673075347 30.7867784638 30.9901794023 30.7556532074 30.6901534919
0 0 0 0 30.8217697111 30.7239286163 31.1457719546 31.1745058909 44.3237536716 54.0356401842 46.6168590844 31.1973921886 30.6033095582 30.5070536283 31.1936854621 30.6542512361 30.9271659733 31.0747611107 31.2063980783 30.7259598421 30.8782677405 31.0158185879 30.7708741647 30.915472756 30.8540722158 30.8563275294 30.8975222848 30.9228361596 30.9269376145 30.8870709247 30.5380667351 30.8850028486 30.8250073206 31.136430935 30.70740212 30.6403518636 30.7757571452 30.9582017954 30.898970527 31.0314939255 30.8480208815 30.6713545305 30.7770541615 30.924953891 30.5973907496 31.1718267009 30.867315734 30.9058481097 30.6502064016 30.99810243 30.7223709497 30.8200998875 30.8949841769 31.029948217 30.5060677553 30.5351353531 31.1251957036
0 0 0 0 0 0 30.9004103428 30.7891258013 31.1628243643 31.0481036101 31.0591989104 30.9846034251 30.8859508761 30.5558207294 30.6753046168 30.9420425933 30.6043062411 30.9282010472 31.1021520065 31.0769698781 31.1734287604 30.8535160185 30.5429908991 30.5967195091 30.8493153983 30.7975744597 30.9061282732 31.0168340432 30.6785499898 31.008303578 30.5683670359 30.5635235768 30.8116692896 31.0418206415 30.5904780935 30.8358857883 30.5403949035 31.1727327936 30.7731398156 30.9522915519 30.5714950711 30.5846500976 30.8340317273 30.7277997781 31.17754694 30.6564803244 30.7040571994 30.7708251559 31.1041735955 30.8168642522 30.6854039947 30.7710998545 30.7413197015 30.7243597806 31.1678702646 30.875497077 30.9902037018
0 0 0 0 0 0 0 0 0 30.8780483345 30.7122248298 30.9709259165 31.0840548594 30.930957873 0 0 30.5954107533 30.5974772152 30.9034121149 30.7657015705 30.7599550364 30.6833373873 30.9857214758 31.0236625359 30.8542803662 30.6829584262 30.7614451053 31.0159320355 31.0738356759 30.7934716971 30.7408825467 31.1688971847 30.8416401249 30.9721456531 30.948976259 30.7751680355 30.7078666269 31.1292124975 30.7141042953 30.7607389295 30.9144423535 30.8624589889 31.1713338855 31.0272361556 31.1789599117 30.8576288897 30.8629472652 30.6561176536 31.1225681568 30.5523367309 30.7275133559 30.7931581473 30.8405327045 30.6280111433 31.1247989102 31.1041296958 30.7137063167
0 0 0 0 0 0 0 0 0 0 0 0 0 0 0 0 30.964574372 30.6781025065 30.87796274 30.997443192 30.8231163835 30.8407802529 31.1579559366 30.6626606411 31.130073501 30.5585577102 30.7921702793 31.1487321179 31.1403476562 30.7878491006 31.0138369956 31.1077463679 31.0111353677 30.9871012741 31.0216399815 30.6697860064 30.6336773126 30.9876064253 30.6924389703 31.1837050312 30.5787192046 30.7927960922 30.5472367826 31.0339648236 30.9524564301 31.0033705669 30.9316223224 30.729477286 31.157667957 30.9786495219 30.7224587232 31.1301382638 30.9139589638 30.9914804032 31.1924385597 31.0474941954 31.0850146919
