Spatial_Output/DEC/DEC_0339.asc
NCOLS 155
NROWS 192
XLLCORNER 196307.867259
YLLCORNER 449144.565805
CELLSIZE 33.573938
NODATA_VALUE NaN
[rows 130 to 155 of 192, columns 57 to 113 of 155]
36.7718457458 37.1422000448 36.6158477316 36.3495004222 36.9113324447 37.0479005567 36.7912468004 36.4038410542 37.1209586898 37.0592396844 36.7738328887 36.2332204375 36.2237009468 36.9304885697 36.2112966108 37.0292717903 36.8238737983 36.7301130051 37.3429933056 37.0239688354 36.3928965534 36.2224021255 36.1058632823 36.3062402932 36.6787853917 37.0389810673 37.3303481006 36.7172617319 36.60685483 37.0792167862 36.0639641594 36.2362661743 36.5641297776 36.8709097557 37.32270855 36.6463663909 36.6471121535 37.3296844518 36.3049383096 36.8742747303 36.8445716679 36.2055018842 37.1741249957 36.7112032447 36.5876061076 36.9768390979 36.1892215334 36.4178117709 36.7754782514 36.734502959 36.5008589949 36.7481891367 36.2120804512 36.6525494522 37.1407083103 36.758047636 36.5973929509
37.0720129975 36.3592123075 36.0128321888 36.2303223038 36.1499120745 37.0570478187 36.0416990731 36.0884712377 37.2804535029 36.9431656217 37.2854289869 36.0002703008 37.2684772236 36.888078565 37.3993159388 36.3694901451 36.4015174376 36.4396867443 36.9234893202 36.2203733218 36.3326094173 36.5585674861 37.3173847632 36.4801398307 36.808433062 36.3802364475 36.0942856098 36.3776700923 36.9380977555 37.1602473709 36.4539131066 37.2046167183 36.1484985843 36.435636047 36.3989937642 36.4850847004 36.6647503267 36.6458155997 36.4439630618 37.2651342037 36.9750172781 36.0000078837 36.7612469928 37.4081655135 36.8332844551 36.3334399706 37.1396046557 37.0165298313 37.4034561291 36.0290171395 36.4349127498 36.6057122765 37.2597817321 36.1678085699 36.9129702336 36.4502071678 36.3807307861
36.0989540289 36.6262525353 36.4289750097 36.8642894316 37.356526582 37.395133085 36.0813941705 36.8692365841 36.4634527222 37.3231061725 37.1062792734 36.4825159144 36.7574971573 36.2606968957 36.8157831675 36.8361033682 36.6786229198 37.0600960482 36.2474437502 36.5660239947 36.4710740657 36.6765232151 36.6225543442 37.0005462912 36.8662135305 36.8079786542 36.8553911282 36.8385920352 36.9560466866 36.9067993777 37.3807841962 37.0988481576 37.0740637101 36.2861648966 37.1617275054 36.1634319931 37.1180946245 37.1623864734 36.8059377696 37.1120352008 36.8887366724 36.7953130779 36.9655161674 37.2285536615 36.2306109393 37.2253031499 37.0175280898 36.2060964327 36.1105620817 36.2658949548 36.0054478224 36.8577060117 36.8593704801 36.5631575189 36.8501523161 36.1916984771 37.4077100871
36.0759199678 36.2258606745 36.4375445334 36.423862585 37.2757998401 36.7999725867 36.5136387037 36.0687676111 36.1913764618 37.1994869363 36.0915004334 36.0141164635 37.2035014492 36.3396053032 36.6278740484 36.027915243 36.2761305786 36.6870406881 36.6617925295 36.5333789966 37.0313503524 36.1404677117 36.1014546429 36.969744884 36.2345108395 36.6497062032 36.611675428 36.7956097697 36.8662112233 37.3260226687 36.9060438447 36.1461453741 36.9797874609 36.1511463379 36.4372988789 37.1394270828 36.8224488205 36.8765259745 36.9310085767 36.5583701905 36.995586841 36.5028870212 37.2394140483 37.2096586667 36.693498573 36.9607942167 36.2500199807 36.5685632505 37.2331349526 36.3734442855 36.4114441351 36.1180151225 36.1635882879 36.1410028179 36.3937357125 36.8768393445 37.190779076
36.4399402519 36.3628466255 36.3272709323 36.4844357991 36.783695988 37.098557797 36.851435867 37.2878057878 36.6289445596 37.0998127032 36.5724579946 37.2317682017 36.4065709818 36.0082754185 37.0179490797 36.502084732 37.0926923051 37.0452878417 37.1878390023 36.1870786355 36.1876850504 36.600087421 37.3278103445 36.8380571723 37.0401606538 36.3315622718 36.3723117692 36.3647292463 36.6970917927 36.2573703062 36.1994768013 36.7852696054 36.1465245326 36.5241842395 36.9542691025 37.3469538514 36.4475676495 36.6970809631 36.9321059922 36.557899816 36.6966561435 36.1782598877 36.3972481469 36.0887220675 36.5475256627 36.5325533263 36.3395557231 37.0967013666 36.1397538768 36.5131982975 36.9493087905 36.3461957453 37.025141084 37.0414736529 36.2889011221 37.2554815388 37.2077581284
36.8781467911 36.7757373212 36.4003940971 37.1662870144 36.5477827239 36.2749349504 36.1597857998 37.3858283123 37.1678664774 37.235183476 37.0327996179 37.2012684735 37.184490917 37.2681849207 36.5697288492 36.6589967939 37.3084212254 36.6417466696 36.4366540683 36.7292282324 36.8833369853 36.710335447 37.2535871308 36.260927196 36.7405554645 36.2390262699 37.0479861706 37.3402800293 36.0951626573 36.5260008693 36.8863595912 36.2806036365 36.252976896 37.046047545 36.5452374743 37.3661679166 37.1232487373 37.0261015675 36.4955135497 36.3094731076 36.8184935029 36.9333588854 36.8112111472 36.4218395809 37.2431843042 37.135394627 37.0522730686 37.3182092073 37.2709293915 36.7245034903 37.254406137 36.1832971619 36.7299731828 36.2670321895 37.353923103 37.0708903427 37.0422732196
36.5723490438 36.257277628 36.5603865385 36.918359172 36.8064153453 36.291846276 37.3388622781 36.8629038548 36.5010799428 36.7915110668 36.8407925067 36.6122138247 36.8663017285 36.2061553711 36.3237417396 36.9522505532 37.2384116392 37.1292203326 37.1422515465 36.3955645199 37.3033764013 36.5942370428 36.1462317832 36.1171064635 36.8666865073 36.2045937318 36.8242261863 37.2726536175 36.0342604762 36.1566344053 36.8178263482 37.2883001672 37.213560781 37.3514553859 37.0088399541 37.0311756741 36.747410823 37.3176376125 36.9754690177 36.7153690869 37.369675846 37.4117192328 36.5210214154 36.1134047758 37.0148270141 36.6254647474 36.304792323 36.3141202237 37.1667425273 37.0630886621 36.0294339028 37.1695271503 36.3440484827 36.8729288266 36.2753836288 36.5279520371 37.1440826105
36.3177012171 36.5979537321 37.2900633736 37.0975771156 36.4303760658 37.391597162 36.2479319387 37.2305355593 36.677644206 36.7685714276 36.8956781834 36.1830830339 37.2768774457 37.0578426191 37.4033339056 36.2660072679 36.6982362352 36.0225528008 36.5624927016 36.2156089317 37.1438112439 36.4812536677 37.0211056182 36.26286869 36.2016473003 37.2388250889 37.1758248926 37.1561389916 36.7402020892 37.4116010751 36.2323099062 36.7794204724 36.5630423933 36.0148754511 36.0486116662 36.7457502234 36.1650838668 36.6871610098 37.4009073643 36.6630766441 37.0167290134 36.2829275469 37.196335831 36.7043319172 36.7586710654 36.567445431 36.7334304473 36.4095645447 36.9447745719 36.2645914893 36.454649844 36.2545358724 37.3406594859 37.183019542 36.0361511847 36.7037502208 37.1590626922
36.458059184 36.8696662972 37.2255729239 36.9939379943 36.0498022926 36.3312306225 36.4142176508 37.0582505034 36.6342749342 36.4031596039 36.1072919084 36.2965964681 36.6241720239 36.5498958626 36.5982593319 37.132900202 37.4057949933 36.7797974496 36.2794486791 37.0981119242 36.0718351077 36.2751451662 36.2012119493 36.9603588053 36.2930910909 36.6593078845 36.4893559712 36.9460947746 36.3090099424 36.0500236466 36.4552680993 36.6788473037 36.3372661891 36.9362310459 36.2132245385 37.0712885568 36.6917215979 37.144565903 37.257836127 36.329517329 37.0765361047 37.2078094371 36.8385145645 37.4116252386 36.2431797597 37.2810144724 36.2085714704 36.654177895 36.4302288002 36.1794471741 37.3359049213 36.6283479453 36.6635852851 36.7181185393 37.1675921915 37.1927553012 36.2129809635
37.0528820688 37.3192990324 36.8900172287 37.2455653456 37.397528028 36.158390649 37.2902632902 36.4481658359 36.3354531069 37.1247179808 37.403823179 37.3086246026 36.381869854 36.2104284006 37.3651469077 36.1222132328 37.3027960216 37.0141855556 36.2518311243 37.1223449014 36.7568222383 37.1140983728 37.0808816802 36.3729041435 36.002455849 37.1451948697 36.1479638485 36.9408743138 36.5034005006 36.9511957687 37.1473709863 36.5043713792 36.0316851425 36.8826189052 36.9315170529 37.3351705591 37.0144072724 36.8235824686 36.0047750151 36.0536955164 36.920647359 36.5359225673 37.2722349434 37.1195670668 36.245122927 36.4925123824 36.8503762185 36.0746271632 36.5868540588 36.5408335025 36.1267612915 36.690188068 37.2014417229 36.8926872851 36.5218278647 36.4257857789 36.0252577468
37.1382730309 36.9731906601 37.2926638165 36.0337713717 36.4578358121 36.7761751597 36.6823762268 37.3164241962 37.0258159462 36.3022958093 36.1001727045 36.6041587909 36.4184249501 37.2703218586 36.3158664031 36.2766498889 36.6136372303 36.0236570952 37.3412712675 36.2572162308 36.4218631529 36.0357331277 36.6432463549 37.0605654511 37.1777772587 36.4474277642 36.1953418788 36.8744202559 37.1306790057 36.1526079512 36.5183903374 36.6396537913 36.4172117078 37.3518741386 37.2064074914 36.3282170152 36.6801608416 37.191527528 36.8886113872 37.1029935659 36.5569399129 36.8420901598 36.8247579686 36.1685954316 36.5241600347 36.4563334327 37.3126488062 37.026314151 36.4784990357 36.9779822213 37.1510604373 37.383008581 37.0925007602 37.0225005841 36.213530112 36.4773971675 36.4113397146
36.6127238775 37.3554409608 36.860715565 36.1290572115 36.6730610624 37.3396118883 36.2980299038 36.8519937245 36.9628337333 36.7408761658 37.3417005924 36.5808905006 36.5620135011 36.5380374336 37.3070799409 36.6383422206 36.9275390303 36.3890790311 37.0672149471 36.1637516438 36.6861244454 36.4708087151 36.7039381385 36.3904535857 36.2020266491 36.3198711068 36.1050551482 36.148456919 36.5523127757 36.5434165831 36.1293721362 37.0584767129 36.4838985157 37.3232328358 36.8595179698 36.1670125539 37.2017184791 37.2611792743 37.2985568871 37.2975742384 37.0395438421 36.9296133265 37.0353652209 36.1032542039 36.5757019866 37.2815450294 36.671143047 37.0590132487 36.6920485069 36.0316694472 36.4132419629 36.9264349641 37.0919192941 36.9110804973 36.177370545 36.2505633045 36.5022911322
36.5906385218 36.0448261767 36.934809215 37.1635719953 36.5901162676 37.3491137713 36.9086130079 36.7208733909 36.928244518 36.8420429859 36.2335884353 36.7985315055 36.3372312035 36.2657065871 36.2376487746 36.357423295 37.4001493624 36.9574818494 36.0295747584 36.5807095225 36.7744575754 36.0449130399 36.6684760477 36.8563322325 36.0022433775 37.072736496 37.2591817551 36.1589671819 36.9325111513 36.4715579853 36.215650551 36.4556376372 37.2034864378 37.1218148006 37.2471206898 36.3171794536 36.0011270013 36.5802582128 36.382962155 36.309718037 37.2675867142 36.3828890882 36.8459492475 36.3824270248 36.5701855846 37.2527361731 37.2190069266 36.9459611308 37.3204703726 36.6879951889 37.2905988506 37.1956475055 36.6515466549 36.1960948937 36.5959802692 36.6396026586 36.1708655346
36.472466092 36.0151064034 37.1717334997 36.7310132086 37.1380005639 37.2056442373 37.1867043233 37.3784239516 37.2339281911 36.2606437056 37.2611716117 36.3349430629 37.3723535295 36.4741906918 37.0160108195 36.2733399582 36.4426997268 36.0935762429 36.7944089987 36.7721777049 36.4303012981 36.5751446736 36.4118377287 36.2263261056 37.2766079518 36.5974960101 36.282553345 36.3756585562 36.6106990985 36.3906462685 36.4727594083 36.9544895116 36.2204385259 36.3186681854 36.3448651105 36.5923907211 36.5958879565 36.0631996706 36.6134744757 36.1541484268 36.288898031 36.5843865849 36.5967817564 36.325525672 36.2419826242 36.7013340201 36.0303190097 36.6026403748 36.5915184975 36.9449163569 36.2893637068 36.1330783298 36.556619416 37.2059840556 37.0360256475 36.567395624 36.8286456266
36.3016798892 36.2256980118 36.5698626647 37.0865119939 37.1718684246 36.0982782418 36.2343516424 36.9971267578 36.5617041458 37.1207551714 36.0018335961 37.3131947106 37.200074182 37.3869962971 36.3774964402 37.087118325 36.3587804619 37.3238984372 36.6291144367 36.3439453505 36.152622887 36.6111927054 36.13579388 36.1801591321 36.3718720321 36.6824590567 36.320354095 36.6213126961 37.3003491061 37.3856526432 36.2443425162 36.4578784748 36.8493049236 36.562445807 36.1248133163 36.1646254264 36.4426590406 36.4003540183 37.3772068037 36.365234496 37.3088923879 37.3961329892 36.0973134413 36.357556062 36.2443215656 36.5167215453 36.7983012632 36.4431729841 36.4623659787 36.2390430121 36.1693458625 36.6564348098 36.7715102132 36.784317833 36.6081419596 37.0237111111 37.3458691487
36.8480678265 36.7593460638 37.0519642039 36.4539159216 36.176790689 36.9434883955 36.4492611631 36.0206982138 36.2591387634 36.5459184004 36.9759739432 37.3608862528 36.7590163372 37.2906597135 36.303136122 36.9814037774 36.7878585306 36.5660617314 36.185474991 37.2675212358 36.6975723799 36.8644078355 37.0391056392 36.8346844938 36.6427038154 37.1239229846 36.2136328452 37.1071983538 36.0845817563 36.5056540113 36.794534536 37.3979224681 37.2092282348 36.7640166404 36.8607011552 36.512860149 36.60641526 36.2273934575 36.5198690249 37.0777680675 36.9200032796 36.3346758169 36.7353881968 36.9856553922 36.3536676032 36.6449007068 37.0206417395 36.1510646475 36.4964666732 36.7790424686 36.784806665 36.2446277462 36.7619801015 36.2486171645 37.2472355266 37.36696208 37.3986942628
37.1850971244 36.0135092695 37.3924616729 36.0139493903 37.3659033585 36.3984886255 36.1750083547 36.6074856287 36.8460213887 36.1892795551 36.487423133 37.0324268396 37.2578998593 36.489369864 36.9158864977 36.2678775927 37.2156891416 36.7475964008 36.4089980699 37.1156289168 36.5786028906 36.4535589623 36.0504782269 37.2677897693 36.5112198463 36.1911418919 37.3371065114 36.0666691355 36.4457935518 36.1686161381 37.2399739782 36.3834862487 36.9346285742 36.2357901795 36.1637459573 36.8487448517 36.6241878292 37.3336649097 36.2472659974 36.3777945454 36.7151339997 36.1535097141 36.9391468483 36.6803230669 36.3481363962 36.8308297794 36.9175721299 37.1028115057 36.64296342 37.3560413104 36.4323664916 37.4093996837 36.392038143 37.1142307268 37.3196435045 36.6021641312 36.817673211
36.5539008181 36.9818627798 36.9332229899 36.4783886536 37.3067396268 36.6883851314 36.3545102339 37.2779340902 37.2449068416 36.175302788 37.0303394707 36.185487499 36.5361072834 36.9229934729 37.2162606374 36.625163243 36.6799647005 37.0876930883 36.3965466803 36.2386465717 36.7015704078 36.5368480078 36.2248137803 36.818425747 36.8139906048 36.7943721383 36.7496199866 36.6495760127 37.288844874 36.2266084907 36.9568208644 37.2551320628 36.1952314162 37.3951735176 36.9731934451 36.7026269231 36.9825184975 36.3424680266 36.2693221559 36.1847003034 37.0558229814 36.9335426516 37.0526332778 36.6467113083 36.9539787839 36.3725768186 36.9390823454 36.42840311 36.05937086 37.2322336337 36.4285029052 36.9486018998 36.089661507 36.1954977683 37.0286938477 36.0850328108 36.696484698
37.2806355784 36.634698968 36.9056256561 37.2309851016 37.06395061 37.217837841 36.8909566434 36.9298281353 36.0942084643 36.3194075505 36.6887966242 36.7297100662 37.2657493336 36.9833271903 36.8689678373 37.3231202768 36.5268849918 36.5049425132 37.1660616176 36.30091999 36.7814276251 36.6399469628 36.6691896739 36.3534708029 36.1252635454 36.0970318506 36.6829463658 36.4101299159 36.7068971497 36.7105445759 37.2796933981 37.1986001835 36.490965882 36.3556264136 36.1220234061 36.2955298577 36.6995486371 36.7835131661 36.3130288748 36.8421340237 36.7758585113 37.2531051849 36.1869124149 36.5718677759 36.8901088207 36.3178630647 36.6890721111 36.627004501 37.2657609105 36.7019662491 37.3871456659 36.5482985777 37.1116771182 36.3905655961 36.3350593172 36.0590894442 37.2478195886
36.4051504041 36.7220956438 36.0738193484 37.3586760419 36.5828488962 37.3065239465 36.3986287906 36.2617200814 36.0937391373 37.1281009325 36.5294460948 36.5376597861 36.1611041308 36.6302053897 36.5405460555 36.7456104703 36.1826169253 37.2665965483 36.869406224 36.3243597691 36.0095887346 37.0751670036 36.8816091283 36.6013904233 36.921355735 36.2667304265 36.5303037881 36.3876368517 36.2913941772 36.981015851 36.6537049636 37.3781461864 37.0100271134 37.3105913976 36.8330456382 37.0372985352 36.7757694594 36.1475589196 36.1904039944 37.2743489671 36.0279161559 36.0775051441 37.0554792477 37.1272402212 36.0054669959 37.0988167022 36.5046465512 37.2516433678 36.8165261434 37.1227209249 36.9946775304 36.7435797593 36.4434030707 36.4705750822 36.9707712698 36.6148123715 36.5344836289
36.7200533782 36.624861557 36.600243 36.5545748894 36.4729838502 36.4029928937 36.3996899489 36.7429940201 70.9441787551 67.7015998234 81.3263786872 36.7186761437 37.2198106205 36.1786408829 37.1850294296 36.3522161071 36.4142822894 36.3885913757 36.7616894152 36.707431998 36.8912096198 36.8214506996 36.5332705974 37.1724514316 36.2784710025 37.3771896418 36.9377270902 36.1101246596 36.2194334701 36.0233182061 36.0393663101 36.6355191296 36.984923785 36.455827657 36.4142044412 37.1307315598 36.7172125437 36.4540487789 37.0968661567 36.7142945252 36.3804325522 36.2605348029 37.2892149827 36.7138412644 36.4235688201 36.9034523588 37.3338003523 37.0643178904 36.6030828344 37.3275440113 37.2415977913 36.3215703432 36.53745559 36.7844021213 36.3316381179 36.0262103271 36.0223518385
0 37.237251378 37.1858838495 36.5853254277 36.845915194 36.925212045 36.9063676566 37.0898083586 71.9637436948 81.0257507619 65.1247659001 36.9170809594 36.5258934757 36.1150364465 36.7475421427 37.1319585823 36.8160812088 37.0447347285 36.0584375401 37.2955699127 37.3240422562 36.7424714762 36.663785298 36.6590052926 36.9782142731 36.9542038467 36.8167091801 36.0454208149 36.0494816398 36.8945199587 36.3833229078 36.1340680276 36.6085775825 36.0224470731 36.098669083 36.9453093327 37.2413498214 36.5457242779 36.9042523136 37.2471099117 37.3758157973 36.9624091663 36.7483108946 36.4671997397 37.1391909133 36.3069681658 37.3434820726 37.1454766276 36.193970884 37.0023470473 36.9651915136 36.8120136751 36.1593491761 37.1882132669 37.283654426 37.3020701571 36.5159789797
0 0 0 0 37.0760515979 37.3104391237 36.2585782196 37.0154857523 64.5904765409 78.3983922958 73.2001521053 36.1194175941 37.2451070944 36.1805753652 36.3788399338 36.3108626666 36.9204784948 36.2126594141 36.4539972049 36.5596167889 36.6511184762 36.3112676729 36.765891747 36.4149869387 36.5421966862 37.0882287914 36.5257949639 37.1113952087 36.5216805673 36.458182062 36.046997886 36.8714171181 36.0158669004 36.5932824969 36.5583509814 36.5548477382 36.3603577592 37.1769444283 37.0783755588 36.6294253019 36.604955459 36.5971429189 37.0915515264 36.0154348152 37.0331550962 36.884280129 36.2012515036 36.8017959886 36.1072685662 36.7918452082 37.2789750962 36.5308276339 36.7035538025 37.3655274527 36.4164751065 36.707720033 37.139039984
0 0 0 0 0 0 36.3448675998 37.2649580729 36.1707626417 37.1282552279 36.5935998179 36.522987096 36.7874163357 36.0174655355 36.2114380115 37.0352317766 36.1665240678 36.5144854031 36.3753343524 37.2511587227 36.6106057013 36.2012794252 37.1336460815 37.397197759 36.9581108671 37.1168445355 36.8599540402 37.4035725191 36.9853373401 36.4453942846 36.0079650214 36.4009735878 37.3472223436 37.2497719572 36.817569069 36.1674688582 36.907598494 36.3074580165 36.8253603559 36.4174090108 36.5264850706 36.6285416082 37.3257575461 36.6280764946 37.0104234169 37.3892631257 36.7474373596 37.2357883504 36.1268030328 36.9128548209 36.663882328 37.0205818794 37.2292974783 36.5535324115 37.1632461849 36.5088895938 36.0902576441
0 0 0 0 0 0 0 0 0 37.3178348117 37.1504608165 37.1054713997 36.0130790862 36.9950368998 0 0 36.8049958654 36.1843358133 36.1594722376 37.3222011826 37.3280316258 36.401774693 36.2886485774 36.1630415466 36.412906035 36.5737634295 36.4296693468 37.2795785369 37.0892170452 36.4544344768 36.4526455015 37.3071729613 36.2002128829 37.0891122575 36.2747241587 36.336627411 36.076337808 36.4791019696 36.8677990972 37.1793830275 36.6074692971 36.1927993404 36.8374567884 37.3209680157 36.6084329438 36.1023073942 36.2006703641 36.0164451623 37.1117884339 37.2261357835 36.5664186056 37.0099042228 36.4716352455 36.8598204533 36.9905940575 36.9698980357 36.8599784816
0 0 0 0 0 0 0 0 0 0 0 0 0 0 0 0 36.5204155025 36.2806166836 36.9097476489 37.0985280491 36.5657954868 37.3989671423 36.9190370369 37.0424805207 36.539457837 37.1210922082 36.8288961421 36.1309952296 36.6282647736 36.877199467 36.8091172918 37.3280532308 36.2487329228 37.3480725056 36.7633647111 36.6254952162 36.8157845679 36.3987269953 36.4396058655 36.3232960277 36.0796817866 37.1530435811 37.2383835908 36.4816732845 36.2154516891 37.0144827378 36.8679878547 37.1678392954 36.0271080184 36.237429857 36.0983852234 36.4230940871 36.1724812446 36.9734568808 36.3729362207 36.0574970678 37.1152672951
