Spatial_Output/DEC/DEC_0340.asc
NCOLS 155
NROWS 192
XLLCORNER 196307.867259
YLLCORNER 449144.565805
CELLSIZE 33.573938
NODATA_VALUE NaN
[rows 78 to 103 of 192, columns 0 to 56 of 155]
0 0 0 0 0 0 0 0 0 0 0 0 0 36.6387632384 37.2972564195 37.3509725344 36.4408743888 37.090251785 36.5059643166 36.6228359425 37.306187998 36.4131801182 36.4216314137 37.2129230987 36.4151141479 37.4027599921 36.0925842743 36.5827265425 36.1998696319 37.3494177109 36.7357464274 36.7001215164 36.3844170307 36.1691287872 36.5422358454 36.6261024711 36.0015780729 36.5177004611 37.1094576082 37.204160838 36.930238042 37.144049506 36.9556545615 36.3040600939 36.609385329 36.9944983072 36.4106228924 37.0896676999 36.0232806666 36.672924907 37.3052439397 37.1425624641 36.8899587822 36.7620936273 37.2546658189 37.1406610319 36.5184926258
0 0 0 0 0 0 0 0 0 0 0 0 0 36.173521196 36.0887007554 37.3938561995 36.8897388689 37.2671029668 37.1177975253 36.7007585731 36.5129609597 37.1064435098 36.7927195574 37.3432478061 37.2088241231 36.8758995819 36.165309042 37.1358926134 37.1563729531 36.6421760101 37.0927748388 36.6457855098 36.172209924 36.408982012 36.6369562377 37.1998648296 36.1501864367 36.1015287505 36.5809493458 36.7703955093 36.8364139556 36.3034065157 37.1325160018 36.0387061481 36.3973084491 37.3707312713 36.9737783412 36.6906276781 36.5916956225 36.7340493516 36.3324247603 36.8973079514 36.2973364252 36.901949952 36.0038242812 36.8992944116 36.1961472434
0 0 0 0 0 0 0 0 0 0 0 0 0 36.0860955405 36.1020814869 36.699022002 36.6533771524 36.094825718 36.0542457615 36.3008744129 37.1257568158 36.6007958398 36.3224613276 37.052945525 37.2139533314 37.0617186098 36.4682623337 36.3486055126 36.884258174 37.0144479009 36.8431848206 36.3168994965 36.3156620478 37.0899089814 37.0634162126 36.0124578339 37.1946173298 37.4086790272 37.2028214839 36.5253033314 36.6249186088 36.4516159974 36.6506139739 36.923475318 36.5816573555 36.3455877784 37.121290514 36.2766591357 36.9411434368 37.132678698 37.3116704215 36.0559226977 36.6375071971 36.469961762 36.5625175602 36.5738332098 36.455854823
0 0 0 0 0 0 0 0 0 0 0 0 0 0 36.1592535679 36.6743446075 36.2109566583 36.9467823223 36.2027722771 36.6449400162 36.9982224116 36.8458220158 36.9483216401 36.8131974374 36.2490228956 36.1132283743 36.2838307183 37.1811294677 37.0195212332 37.3152240647 36.4121005246 36.8143453821 36.0585622758 36.6487949978 36.0312764514 36.0491912537 37.1220975595 37.1785130389 36.1918355252 36.784559806 37.2087548932 36.2791642671 37.13488744 36.7708428004 36.6257748966 36.5990848946 37.390888225 37.06598896 36.0603756504 36.5598656095 36.985044359 36.3484956104 36.0540641794 37.406488179 36.2117665382 37.4019085826 36.954122981
0 0 0 0 0 0 0 0 0 0 0 0 0 0 37.330042839 36.36396851 36.9357106917 36.8033812194 36.7306779079 37.078841282 37.2453872117 36.6175302809 36.918409235 36.6759477742 37.1343317222 36.2601278056 37.0138526447 36.4573324705 37.1339396202 36.7175648504 36.3358194772 36.9037065085 36.0171719283 36.3950195026 37.0017136344 36.3985555705 36.7938119624 37.0011630341 37.1486637111 36.9887304438 36.0503563758 36.9399904416 36.0381220267 36.9936193095 36.9520710624 36.0571942022 36.4871754774 37.1992790565 36.1990297036 36.3399668852 36.4630406293 36.0323758016 36.3734472754 36.0623798155 36.3328504003 36.3498967572 36.9072655469
0 0 0 0 0 0 0 0 0 0 0 0 0 0 36.4116191446 37.1860979491 37.1062506655 36.8887510585 36.1760094906 36.3435468201 36.3865309097 37.2274189483 36.9132091807 37.4012322276 36.5905441816 36.1129392698 36.4598183538 37.3038069535 36.8796760819 37.1532529749 37.3011094075 36.1558896677 36.3486658464 37.3860431825 37.0495433659 37.2897520945 36.7059280776 37.237483016 37.0651507057 36.9382155672 36.5646582437 36.1589507352 37.2277059997 36.3976251678 37.1100068806 37.1075751369 36.657012806 36.248710984 36.3354567302 36.4047644212 36.377496835 36.5723809481 37.2776132368 36.6316993036 36.8109184633 36.5774539961 36.5807477788
0 0 0 0 0 0 0 0 0 0 0 0 0 0 37.2003320456 36.306373727 36.5065656261 37.1355825312 37.3165188418 36.0036257468 36.2219588106 36.4869972268 37.2417150945 36.2629568834 36.6741310635 36.1118308085 36.0578046233 36.6823168214 36.5829787158 36.7735493171 36.9672622423 36.5728203595 37.2236033001 36.1993142663 36.6622887555 36.2373857291 37.4034720125 36.374237794 36.2932739292 36.3680067811 36.3281459633 37.0422647531 36.1100860908 36.7014297185 36.4507218636 37.1251652429 37.2552017087 37.3064600791 36.6250229696 36.9323678025 37.2653849139 36.371290757 36.8446505117 36.5620047612 36.7328831878 37.0880245375 36.98066145
0 0 0 0 0 0 0 0 0 0 0 0 0 0 37.0500873272 37.0576802306 37.0006381646 37.2542946797 36.3848211203 37.0391804903 36.147923871 37.4033905816 36.5859011727 36.4459492224 37.3055222025 36.3506393205 36.3756154064 36.5334318957 36.9870269578 36.3071936644 37.0961604883 37.2062100626 37.061162543 36.3006661277 36.2091446512 36.7466695491 36.1209214604 36.3298567653 36.5090049413 37.0703872171 36.0468453992 36.4190461192 37.408151123 37.2626733821 36.4594611681 36.509037929 36.7435747814 37.017199455 36.9741429597 36.4965117453 36.2199983821 36.5134627598 36.7174680267 36.95790586 36.8922551049 36.8797515972 37.1427918866
0 0 0 0 0 0 0 0 0 0 0 0 0 0 36.5583589338 36.8121619641 36.3220962379 37.1731227539 36.6994824 36.6967301995 36.2634229952 36.049812965 37.2302119665 36.0150026056 36.165646787 36.4628737105 36.14455615 36.1751947239 37.1237951803 37.0892940577 37.2136240024 37.412343012 37.0158708017 37.0080816373 36.4659681791 37.2827896954 37.360461479 36.8920951244 36.7908718032 36.2796483754 37.2747122696 36.0079502119 37.1727299263 36.1964708623 36.1862304325 36.4510616696 37.2316479329 37.3604294329 36.0059737431 36.531272899 37.0102250237 36.4798217844 36.2895243252 37.1721190693 36.3459079563 37.2267515869 36.5541296588
0 0 0 0 0 0 0 0 0 0 0 0 0 0 0 37.3796616388 36.9452458458 37.3324780833 36.558321384 36.3618919231 36.0625104374 36.8585143783 36.8436595389 36.4323373913 36.0983339183 37.2252269108 37.2285892875 36.1699772406 36.0137891947 36.7054336752 36.5523765135 36.8083734981 37.2231248233 36.0765068142 37.218797836 36.4337968638 36.1697410919 37.0887455317 36.6131009577 36.6334825713 36.8459062106 36.771752087 36.298650773 36.0171744214 36.5351064992 37.3150266365 36.5799636859 37.4114113699 36.6415875512 37.2781968399 36.8911702648 36.8480606322 36.6327546157 36.4651688371 36.7035604235 37.3366935372 37.0560475337
0 0 0 0 0 0 0 0 0 0 0 0 0 0 0 0 36.7078548031 36.0319256347 36.8112807037 37.2261674835 37.17581722 36.7210158365 37.1050169152 36.175850424 37.1402839943 36.7724595969 37.1543625781 36.6497622412 36.9328501969 36.43892977 36.4204703944 36.3339264449 37.2033468253 36.3312344315 36.1593310633 36.1739272611 37.3095202304 37.2113135267 37.3526963129 36.6216213767 37.1783376299 36.6810212163 36.3269356937 37.1758077488 37.2479291916 36.0428332199 36.8302648604 36.615631036 36.3426000795 36.2572558226 36.5627060138 36.4321129327 36.7454211879 37.1241091606 36.1664412619 36.4091457664 37.3810073925
0 0 0 0 0 0 0 0 0 0 0 0 0 0 0 69.7571762143 69.7571762143 36.4298573471 36.7188225684 36.0941303903 37.2153859865 36.5465703283 37.1508771354 36.4381519287 37.3864505003 36.4196145019 37.2072020347 36.0706348113 36.2303440557 37.3892175333 36.8929153378 37.329719809 37.352186973 36.8890339451 36.9724280704 36.4489864467 37.3638793999 36.0780917223 37.1243523802 36.7121637914 37.1789577851 36.7214406136 37.2238390598 36.0334529212 36.835324458 36.9965151239 36.8219336145 36.0368958615 36.4818157273 37.016119415 37.1151166665 36.219305415 37.1551764088 37.3354121437 37.0259249593 37.3617049423 37.3989588439
0 0 0 0 0 0 0 0 0 0 0 0 0 0 71.1128159093 71.1128159093 69.7571762143 0 37.0301931066 36.7402637192 36.6551326355 37.2091967764 36.8949966385 36.5021270624 37.3831657644 36.0825536161 36.8286173944 37.1820653581 36.0878127077 36.1747149281 36.5759953557 36.9394541763 36.7833099381 36.2325316246 36.1312646492 36.3803561664 36.4706174279 36.5951313121 36.7697335274 36.7927098631 37.2414645485 36.801549082 36.3000063506 36.3521824553 37.1662407654 36.4941223066 37.1935534667 36.6742793714 36.8150054402 36.9859361426 36.0232346031 36.345131878 36.2251886356 36.4760763408 36.0695597401 36.8812604741 36.8744221749
0 0 0 0 0 0 0 0 0 0 0 0 0 0 71.1128159093 71.1128159093 0 0 0 37.1010992303 36.3931235904 36.719282338 36.5143434721 37.052454345 37.3389541566 37.2946965316 36.5956632088 37.1123079718 36.9790072727 36.4842218377 36.7813758017 37.2696641861 37.1028799784 36.6320964102 36.5798368717 36.2166521337 36.0853626966 36.3972746315 36.8288286813 36.5192671495 37.1402463099 37.4088881292 36.1318814396 37.1858969887 36.5167100938 36.2251921488 36.0730618441 36.2609022966 37.3460146877 36.0934453281 36.2137547278 36.4485482431 36.1632647464 36.8815246743 37.084578018 37.1615896691 37.3331021377
0 0 0 0 0 0 0 0 0 0 0 0 0 0 0 0 0 0 0 36.644427725 36.7312823108 36.3370744703 36.700029437 36.8102252457 36.6916823472 36.1384635127 36.0310905271 36.7335593575 37.4050801573 37.2582083033 36.4611338021 36.3027536653 36.8292716651 36.4911759594 36.7683418917 36.222651407 36.6559009113 37.0046453 36.033539118 36.6336072672 36.4280984536 36.921017604 36.2614277273 36.0543852267 36.3264751353 36.2256133427 36.2177474412 37.3227941294 36.8997362251 37.1989144719 37.1905657642 36.5803740966 36.9388308496 37.321818659 37.2935091684 36.3117916097 36.0922574071
0 0 0 0 0 0 0 0 0 0 0 0 0 0 0 0 0 0 0 0 37.3091364697 36.4868677611 36.4703044284 37.1560306409 36.0389237772 36.8873743563 36.0970597599 36.5619730573 37.3888625767 36.9953264433 36.8221526476 36.1801945675 36.7935671073 37.2943329865 36.0797597247 36.9801303458 36.4656526247 37.2373937408 37.1869506828 36.7575695961 37.0545004926 36.0168755434 36.8779074262 36.7135111866 36.7168540368 36.0156774141 36.1342286749 36.2185122639 36.1646354286 36.5337459645 37.1239048116 37.3194946204 36.5969257988 36.5392680148 36.7490991038 36.9430501733 37.0495440048
0 0 0 0 0 0 0 0 0 0 0 0 0 0 0 0 0 0 0 0 0 0 36.0611149765 36.7837485404 36.7773197238 37.3426911699 36.5275150798 36.3674171929 37.0883891245 36.5354560175 36.2974868495 36.0057470212 36.9265413034 37.3375492101 37.3404245365 36.8472776061 36.8727674356 37.279717326 37.0720314529 36.5590611647 37.341515646 36.2717688511 36.132012052 37.1050870977 36.7529104902 36.2929715366 36.6874295259 37.2033555093 37.0881469201 36.1124151146 37.1873217098 36.3121201605 37.0605550391 36.9483667241 36.2244369788 36.2433033832 37.1488855548
0 0 0 0 0 0 0 0 0 0 0 0 0 0 0 0 0 0 0 0 0 0 36.9625091551 37.0714167233 36.3398749722 36.2687139974 36.8899704147 36.6013936776 36.2397426705 37.061641417 36.8110473619 36.9858383311 36.6631481147 36.3047091082 36.5689054939 36.7224291598 37.38869122 36.0885415838 37.095016773 37.3377859068 36.162409843 37.225464028 36.5676997301 36.2242946048 37.2656250517 36.3997606569 36.595945246 36.9955904605 36.3197195861 36.1959495036 36.3726737561 37.153414335 36.6202301473 36.0274732633 36.5325359751 37.0574395036 37.1820916063
0 0 0 0 0 0 0 0 0 0 0 0 0 0 0 0 0 0 0 0 0 36.4272152135 36.1211116226 36.9981421123 36.6675765937 36.6787211472 36.4849418232 36.5808759253 36.9885723299 36.4148056639 36.7054631375 37.2064740303 36.2344221612 36.8722767783 36.5482759075 36.2965976251 37.3791334954 36.5052736541 37.3003105197 36.9402313381 36.7104215268 36.172659801 36.7968775928 36.7650034106 36.9485515595 36.5240123353 36.2050782737 36.5559746592 36.4826245039 36.2637549731 36.5578630451 36.2039577733 36.5422450495 37.0782316499 36.728616239 37.2659368843 36.7999890874
0 0 0 0 0 0 0 0 0 0 0 0 0 0 0 0 0 0 0 0 36.2425798137 36.616922769 37.301070542 36.9944437047 37.0743957882 36.1821972863 36.7705380905 36.3054596567 36.4946033972 37.2280536698 36.9966563173 37.15803925 36.1392532869 36.4916033909 37.3125498548 37.2200101162 36.6286958335 37.139509278 36.6663998055 36.3672147982 37.4131813444 37.2222810441 36.1466322864 36.6019324909 37.1684851586 36.2790430896 36.624225948 36.4029918249 37.0440809563 36.819296437 36.57181115 36.3297763455 37.1059351518 36.5240907908 36.4335917319 36.5583438571 37.0331559966
0 0 0 0 0 0 0 0 0 0 0 0 0 0 0 0 0 0 0 37.1235828244 36.3018856513 36.0914766832 36.0061606139 36.8790545563 36.5859104193 36.7750806547 37.1786472615 36.7238458415 36.7939533396 36.8157455777 36.8783430283 36.5312595903 37.2437743364 36.6916894355 36.3305980012 36.0831363533 36.0234070469 36.0574626043 36.2716338353 36.0846686683 37.3293073802 36.5165022929 37.0235366308 36.3097533908 37.0385615839 36.4567742642 36.090956691 36.788593872 36.1744101166 37.3561468334 36.1738940815 36.2833994723 37.1793281492 37.3917572241 37.0712877194 36.6582272783 36.6951063693
0 0 0 0 0 0 0 0 0 0 0 0 0 0 0 0 0 0 0 0 36.3752776325 36.8276706705 36.0345680105 36.8347557091 36.4177981468 37.0282380276 36.4092762647 36.4113218402 36.2341099088 36.0121832867 36.6653029676 37.2570187099 37.2955328145 36.2475785864 37.3849035382 36.4579638292 36.6882995104 36.7556113889 36.6604401848 36.7787461372 37.1022827268 36.5560170772 36.6655113714 36.3719643231 36.2596612271 37.081572931 36.6200508924 36.7842308284 37.2889431999 36.3653689669 37.3958505536 37.2949542645 37.0945852074 37.1395655784 36.489303026 37.0581333287 36.2466245448
0 0 0 0 0 0 0 0 0 0 0 0 0 0 0 0 0 0 0 0 0 36.324406039 37.3830233452 36.113595092 36.8715567881 36.3895364181 37.1352884768 37.2004674638 36.5978336722 36.9279602825 37.0850075475 36.2294558313 37.4060778433 36.8329542685 37.4053503257 36.7315694738 37.1638865053 37.3070125452 36.9175174414 36.5789705244 36.291763658 36.1336661476 36.402186625 36.2597507983 36.2547119735 37.1774664307 36.0153852679 36.9882008877 36.8138227906 36.359692961 36.7262166159 37.367332364 37.2856749874 37.2147754711 36.4778067839 36.1041519183 36.8599701633
0 0 0 0 0 0 0 0 0 0 0 0 0 0 0 0 0 0 0 0 0 0 0 36.313148817 37.3115767322 36.8402177035 36.2063066052 36.3794181617 37.1446761012 36.0034702675 36.8129513839 36.8464229369 36.2628193288 36.4115335953 36.2264548408 36.2193286869 36.4692233813 36.4121861456 36.7724303116 36.7412748737 37.2608730282 36.4014142083 36.7029278178 37.1942366636 37.0694744247 36.7838909076 36.3064359837 36.3059007624 36.450468685 36.3480958547 37.0856599406 36.1188815805 37.4006694114 36.101992043 36.7308920791 37.2614145118 37.1708384748
0 0 0 0 0 0 0 0 0 0 0 0 0 0 0 0 0 0 0 0 0 0 0 0 0 36.517748503 36.4030317942 36.8532214617 36.7888791641 36.4319241806 37.3991395068 36.5864088702 37.0065811954 36.5978216559 36.6763869936 36.1900088845 36.0119376802 36.6971122877 36.1827056466 36.8435913034 36.4266271033 36.6711624736 36.9569121175 36.0746000019 37.1771374175 36.7745484127 37.0447079624 36.3934631008 37.0402147406 36.4653995902 37.3947480401 36.285440917 36.0864345663 36.8313463401 37.3023554577 36.4603896884 36.7682162399
0 0 0 0 0 0 0 0 0 0 0 0 0 0 0 0 0 0 0 0 0 0 0 0 0 0 36.8011079052 36.9620424062 36.5437526489 36.9728943256 37.3618024698 36.7827889308 36.4147452956 37.0549357742 36.575791008 36.6807887653 36.2313791992 37.1752209193 36.2251189526 36.8290941281 36.9680353097 36.8576731693 36.1165533926 37.2898916672 37.2462886747 36.6434063669 36.0242100633 36.5109780935 36.0658997029 36.9517460676 36.8755967541 36.0547089506 36.2604363337 36.8586918765 36.9955754219 36.8055752616 37.1155896279
