Spatial_Output/DEC/DEC_0470.asc
NCOLS 155
NROWS 192
XLLCORNER 196307.867259
YLLCORNER 449144.565805
CELLSIZE 33.573938
NODATA_VALUE NaN
[rows 52 to 77 of 192, columns 57 to 113 of 155]
31.0388063916 30.7344190492 30.6021086822 30.5370785297 31.0227054298 30.6733517046 30.8528993009 30.7457574819 31.0991119637 30.518124541 30.8869158776 30.9628540656 30.8924416863 30.8889505585 31.1803329416 30.7814694097 30.6892833777 30.7390611628 30.7591859656 31.1642457393 30.9468151699 30.5039027665 30.9573407639 30.7013492299 30.8035029744 30.9079652076 30.5735247064 31.1925140227 30.5224305237 31.0068926708 30.6940623578 30.90552558 30.6681905552 30.5750727528 30.8477832643 30.5100909865 30.7771283581 30.724737268 30.9760555682 30.5412149585 30.5616869951 30.9919117096 31.093353436 30.9700060743 31.1663562841 30.6915234892 30.6865118267 30.757600438 31.1247621963 30.7104407444 30.546890563 31.1798197613 30.5323358957 30.556774139 31.2004381675 30.8831570154 30.9173900625
30.5660258222 30.7072374795 30.5570179057 31.1044783488 30.7978415798 30.6808442734 30.7819279886 31.1903120092 30.5919910249 31.1082914068 30.5489537797 31.1644274838 30.7442866725 30.7560360827 30.7608865991 30.812954064 30.5458438859 30.5226325814 31.152399072 31.1506448949 30.7817497664 30.9180974241 30.56833038 30.5490548332 30.6214913668 31.1948393066 31.0130211248 30.5979115816 31.0607660304 30.5377727836 30.9935489898 30.5945375965 31.0115230322 30.7585012901 30.9997059528 30.6317345136 31.1626011673 30.702452359 30.6606363943 31.1520393093 30.808878264 30.5221271461 30.8331840935 30.9170100999 30.6481957941 30.8357876951 31.1283205106 30.8855119509 31.1562965671 30.8955950102 30.7146774766 30.812238979 30.7345914571 30.8964406902 30.5001870014 30.783391039 30.6212592864
30.5044822894 31.1621023476 30.6729789061 30.8385001539 30.7867894697 30.9695713319 31.0902034432 30.9336349085 30.5998621819 30.9216983761 31.1516894654 30.7095864874 30.8576223017 31.0864123004 30.7731934012 30.9441960986 30.9447695203 31.100023084 30.8919285092 30.7266395925 30.5498423888 31.1520699132 31.0744857919 30.9092075148 31.1606983289 30.9737538708 30.9954046088 30.6753364019 31.0541130071 31.0058761127 30.5419113861 30.7946014585 30.8704080573 30.8268025612 30.6887010411 30.9617840119 30.6563479673 30.8719566163 30.7379346864 31.0305753419 30.8150702152 30.9910680286 30.5278510705 31.0822790168 31.1817497695 30.622250411 31.1975989769 30.6272698006 30.8024308704 30.8448086865 31.1206219906 30.7788930709 30.8132645314 31.0651754947 30.5480879444 30.756800194 31.1777562602
31.1423013919 30.5930530461 31.182908051 30.7213880964 30.7364649235 30.6120396575 30.7659241197 30.8879306793 31.2054656982 30.5175790267 30.7327744994 30.9676837114 31.1875482218 31.0313729806 30.7224146918 30.5802237181 31.0388988298 30.5560538527 31.0134698512 31.1545522378 30.9716656562 30.8392705945 30.6643703185 30.625857628 30.5762420208 30.7412897428 30.5249837703 30.8891882901 30.8566260899 30.9563857783 30.6193412911 30.6270044822 30.8057024496 31.0534536114 30.589700293 31.1074969854 30.7444278687 30.58482092 30.7100015625 30.9263893766 30.98679391 30.5366186599 30.9266381623 30.5467191285 30.9945528211 31.1777505985 30.8071661124 30.6788889672 31.0071537661 30.613920606 30.6587148847 30.9878561664 30.5574782292 30.6362273574 30.8584958813 30.6028471273 30.9028667905
30.556015837 31.066896376 30.5470738017 30.5653264487 30.7543586069 30.75380365 31.1797139886 30.661657905 31.1963328643 30.5326386599 31.0226958441 30.5201095426 30.7946101218 30.5752446308 30.5904115844 30.5038182468 31.0436785088 30.8994497397 31.0635179981 30.8152191072 30.5247949453 30.8570583947 30.540922727 30.9232939272 31.0207471192 30.7490618805 30.6929668885 31.0726185963 31.1646825631 31.053571667 30.5119355715 30.8530943388 30.685988199 30.5547638739 31.0099261088 31.0634693655 30.8160231566 31.0555129189 30.8345209594 30.6567245273 30.7566383688 30.9325394626 30.5510854556 31.2056241392 31.1452409026 30.6104965338 30.7103512017 30.8426925944 31.0914810092 30.5097623124 31.165998202 31.1693138915 30.9348742335 30.5091593019 31.2063564478 31.0213185243 30.9314218306
30.6152558529 30.9669379005 31.0903927987 30.6604854665 30.7628322149 30.7942376899 31.1714025786 31.1598690927 30.7130324854 30.9972532087 30.7952833117 30.7693930666 30.7765198516 30.5703087893 30.9291454144 30.9968159223 31.142416058 30.9446549933 30.8846204821 30.9019081054 30.8379501821 30.823440276 30.7862906511 30.6175796661 30.8426997463 31.1288714509 30.7868540588 30.600613685 30.8556871273 30.9599501721 30.5065733265 30.8832790129 30.6663902643 31.1285078158 30.8834939498 31.0642298935 30.6869865003 31.0190498849 30.5666096894 30.6784442279 31.014569639 30.7954145096 30.885802093 30.9370796516 31.0005403718 30.7037941726 31.1819788292 30.5029498054 30.7725473008 31.1360719182 30.6171702915 31.1571175295 30.5216825663 31.1871981322 30.5468665104 30.851625454 30.8684698424
31.1396706056 31.0617274986 30.8996838803 30.9986989598 31.0445638288 31.2046509063 30.7511819622 30.6891254947 30.5188174681 30.7429721655 30.6966721349 30.5441516524 31.2041981243 30.9607668138 30.7930520314 31.1509774928 31.1961463625 30.8193619578 30.8665459076 30.936750041 30.6420353237 30.7970337675 30.6530457713 30.9150234057 30.5723118896 30.8285010509 30.5209643643 31.1728459967 30.5817897724 30.6068254093 31.1044055134 30.5121686432 30.9786701537 30.6883474797 30.9224819658 30.9277722476 31.0068327938 30.897620646 30.9053472876 30.5503690352 30.6998309972 30.8721052396 30.7805422527 30.8335378789 30.9320658493 30.6531838842 30.9070519512 30.5833669149 30.8168335882 30.7762662117 31.193475144 30.8164377995 31.1881711215 31.0812809833 30.6470606176 31.0117702908 30.8624403043
30.9590452043 30.5763773408 30.7405194032 31.0553098959 30.578505226 31.084464656 30.638309559 30.7941149341 31.0826696216 30.5580526602 30.9382610362 30.6262644351 30.8430962875 30.9951645151 31.0034597376 30.6229758153 31.1169535701 31.0485408904 30.9290192604 31.0247722468 30.8522418914 31.0301986476 30.9731999059 30.7583216343 31.0988363185 30.6738188167 31.0270921652 30.6865786651 30.7307009794 30.5039044687 30.8059131465 30.6255015694 30.8176833796 30.8292361975 30.6920501008 30.80590065 30.6454100715 30.9107630094 31.1696625864 30.9651355528 30.9001391183 31.0821751893 31.0939759941 31.1986667605 31.1101917339 31.0067019008 31.076690253 30.9587560186 31.0203522734 30.799360413 30.7155865321 30.7084231847 30.9616740116 30.8198461315 31.1513398836 30.9769725809 31.1895229908
31.0188777391 30.7732764107 31.1824877304 30.7991737589 30.9788696844 30.7011696281 30.9289714548 31.008404995 30.7973609513 30.5184275777 30.8595017376 30.8137691918 31.1898233663 30.8592027264 31.1885621567 31.1684376046 30.5543532607 30.9354431831 30.928479257 30.9337826634 30.8905938094 30.6364398273 30.5467129765 30.6429832616 30.6712821589 30.9054281046 30.7638618949 30.9071531993 30.9615750869 30.9385013504 31.0208842563 30.5759214729 31.2043380494 31.0938256184 30.9692303962 31.0882817411 30.6957466445 30.9079323935 30.7963528415 30.6825330658 30.7331497451 30.9043142608 30.9036928167 30.7296225628 31.1554388938 30.8216770727 30.5232374334 30.6941833117 31.0671743291 31.0088699829 31.0949346936 30.9212756177 30.5635090339 31.0065632634 30.7432745482 30.6776234503 30.9289795505
30.9089591157 30.6813539109 30.7779660227 30.8652732309 30.9287242888 30.9661335561 30.5914233773 30.6506669771 31.0197667487 30.8677668909 31.0175175746 30.7099165717 30.621911932 30.8424559761 30.8429212775 31.0869409355 31.2006251631 30.5655933876 31.1665194085 31.0943075261 30.6424995632 30.7913169128 30.7437004667 30.5151224113 30.9417483806 31.1968650725 30.8804656737 31.1024719603 31.1973386355 31.0350817232 30.9721527753 31.0516079444 30.5555589197 31.1817745148 30.7183716238 31.0239653438 30.5991367538 31.0642568232 30.8743221852 30.78269685 30.7144712257 31.0401240832 30.5362419591 30.5045421269 30.6274555001 31.1441766052 30.7443746048 31.0938691826 31.1378471938 30.8792340882 31.101669474 31.1946194574 30.6602107446 31.0411517127 30.831726968 30.9998108159 30.6258397098
30.7486745626 31.0090607691 30.5663912598 31.0489039802 31.0381126124 30.8357743382 30.9094451357 31.0941524853 31.125801796 30.857300788 30.5227348833 30.8632962776 30.9596323906 31.0937509415 31.008122732 31.0411663502 30.724658817 31.0882038641 31.1625114323 31.156626451 30.5550695946 30.7057500202 30.9132309942 31.1622817272 30.9379136048 30.7504795937 30.7055328502 30.9304322652 30.709252896 30.7759193599 30.8877092312 30.8822863645 30.764768108 30.8768441848 30.5182082549 30.9400758178 30.6682013783 30.9381337832 30.5423578283 30.9578545675 31.1844958996 30.6488431452 30.9276839806 30.5875522718 30.6548848904 30.7994264653 30.6378047764 30.7230950907 31.1131471929 30.5734577241 30.9370568919 30.6125279538 31.1214464131 31.0083259178 30.6113236923 31.122764148 30.5856481
30.7601713556 30.734177538 31.0408105916 31.2055623226 30.9442195612 31.1751056148 31.1995413495 30.7150316915 30.8188587537 30.5205431858 30.6736755799 30.508662188 30.7315849148 31.0209123798 30.7842547776 30.919815007 31.1346584665 30.8883991086 31.0717137615 30.837420383 31.0778447725 30.6124806861 30.7022568952 31.0172531531 30.7173716645 30.7492424555 30.5845927068 30.8681493203 30.6664435537 30.695176579 31.0826060989 30.6884050097 31.0931392587 30.8530674369 30.9305303317 30.7387168156 30.81803005 30.8296239854 31.0451839489 30.7245514859 30.9940245719 30.7515663642 30.8728666544 30.8460498654 30.5991874302 30.6218321975 30.7540370508 30.9489442587 30.8086087625 30.5690326847 30.9669640447 30.5454893699 30.8860685433 30.7296830767 30.7543907169 30.7719584718 30.5799890668
30.7812818223 30.7297260352 30.767598019 30.6781924528 30.5403246816 30.7680059814 30.6875608855 30.8109292223 30.5128726604 30.5385263942 30.8672838114 30.5020066562 31.13744678 30.9919894981 31.1126876721 30.8836194676 31.0721783464 30.5686137667 31.0225762886 31.1654182385 31.1476092797 30.8303978694 30.5587187521 30.6246653166 30.5757259527 30.9178419695 30.8960530973 30.8646843839 30.7444877357 30.5372385781 30.7909434879 30.9492978754 30.8767552933 30.8064772306 30.6574758871 31.0912250851 30.6445447419 31.0974033781 30.8022981831 31.024074075 30.8850800139 30.8179134355 30.8097707407 30.7850403033 30.9844882641 31.1211976345 30.6497849559 30.8465336034 30.9854105097 31.165592208 31.0388439794 31.1664345872 30.6281403158 30.5340636184 31.1683019483 30.9459707943 30.9244368299
31.1416623641 30.9973800184 30.8231528781 30.6679370803 31.0478514366 31.0029513708 30.7690036526 30.7835658498 31.0228399629 31.1517690531 30.9462301843 30.6836244986 30.7649898559 30.9275560929 30.7112290132 30.6535190245 30.5640114013 30.6824445755 30.7977866882 30.8790274463 30.6345797128 30.978843368 30.6076342546 31.179360457 30.6859469941 31.0502958513 30.6827846654 30.5790284558 30.8996321804 30.5132495795 30.8967882612 31.080800284 31.2022814545 31.0750742074 30.5740964775 30.7763285899 30.7156130061 30.888375279 30.5003325943 31.0196343814 31.0905698369 30.5207636534 31.0887060646 30.5666480737 30.9502293654 31.1508636607 30.6437716128 31.0450999253 30.818459843 31.183408858 30.8872610309 30.6450682171 30.9015637014 31.1960071063 30.877433943 30.6591608823 30.8196123061
30.6120159467 31.0827337754 30.9245537694 30.9726313746 30.9596175586 30.6641922207 31.0628730843 31.1760028528 30.636380271 30.580607021 30.9565197899 30.832392514 30.6247588486 30.8624663655 30.9602878682 30.5693390117 30.5037949874 30.9977999083 31.1059333753 30.8479676394 30.8490684699 30.74278595 30.7289238744 30.5735009966 30.5643846884 31.0471653294 30.6568464825 30.6578335282 31.1141949666 31.0991115101 30.9861743122 30.8337090181 31.1099292265 30.7529388916 30.997028304 31.0537471356 31.1822876773 30.7059803077 30.6598948266 30.5789019292 30.9810376935 30.966061062 30.8718726968 30.5910974384 30.7150461123 30.6854143789 30.7447240248 30.5326064546 30.5838366922 30.6412602149 31.0392759839 30.853760009 30.5229362419 30.549414673 31.1895642781 30.8559358742 30.52848013
30.5340559256 30.5238087151 31.0247265969 30.5710878107 31.0188777782 31.1790820635 30.5753367399 31.0756464313 30.7840122277 31.1363853409 30.9957645733 30.7632571328 30.5941941966 30.8850528319 30.5696086894 30.6386404231 30.8390386831 30.7774033785 31.1217970496 31.1631026927 30.9186858613 31.0827576007 30.7627129189 31.0819238994 31.0512452895 30.8544710298 30.8316388483 30.9101546078 30.8534248202 30.7267484073 30.7443497249 30.823086008 30.972792032 31.0913748355 31.1647110373 31.1895172776 30.8367390322 31.1984180573 30.7168615623 30.6711078298 30.9870400501 31.1278985359 30.7961423861 30.6895909855 30.8335399041 31.1086953264 30.5605347667 30.6832937599 30.8968485002 31.1454488055 30.8109266713 31.1835989305 30.9330938289 30.6417661166 30.9963323607 30.9513387198 30.8341285706
31.1436649267 30.6957187876 30.6679147085 30.7256431699 31.112861902 30.8779562788 30.8553808284 30.9075432509 31.0282485491 30.7684675757 31.0807526782 30.7008462837 30.94436794 30.534067728 30.6519015256 31.1330206132 30.8933128112 31.1435955333 30.7927135847 30.7807665456 31.0295220106 30.9208432408 30.6649119665 31.1699809557 30.9922334973 31.0301597201 30.5843801322 30.7892697513 30.5166776946 30.9675003806 30.9127990555 30.7792750715 30.953813973 30.8846453333 31.1122992454 31.080822352 30.7145301624 31.0515345552 30.9377979499 30.7074442385 30.7814605948 30.6270395723 30.9490791736 31.1164138501 30.7757816887 30.9324859101 30.9104694288 30.825394612 30.6842301267 30.7049669648 30.8735405217 30.8226875089 31.092221398 30.7086702385 31.140756453 31.0531023961 30.6359399704
31.0397940274 30.9654860821 31.0402564149 30.9617277414 30.7624718986 31.144120776 30.663058926 31.0890149231 31.001234513 30.6262454494 30.7543363472 31.1047857134 30.9090711517 31.1210067254 31.1364016637 31.0598208827 30.5821411848 30.7561356796 30.7905309828 30.6776285925 30.67149234 30.8052691762 31.133185427 30.827224701 30.7985602662 31.0750850071 31.143925956 30.9393503324 30.6181235262 30.844226434 31.1855823856 30.9803574069 30.8030674613 30.7007708672 30.5341359088 31.1092494818 30.500980056 30.6077415322 30.6972254023 30.6732326207 31.1091193587 31.0544637352 30.6973513004 30.7748340212 30.5229434032 30.7164229388 30.8526898783 30.6486163752 30.9194011406 31.1387453265 30.6041225468 31.0254505404 30.9863751715 30.9048156647 30.8355624037 30.7529208452 30.7534524041
31.1307806701 31.1151920821 30.673600903 30.7404910581 30.8849661397 31.1227555961 31.1207052882 30.8970023315 30.8557857841 30.853365675 30.7092646281 30.5158470482 31.0516374192 30.5624791228 30.5863661762 31.072343854 30.8692844103 30.8082770348 30.8794985967 30.7900834528 31.0944153205 30.6740009196 30.7044381517 30.860854519 30.8151993556 30.8691928314 31.1351383812 31.1773841611 30.5716000231 30.9674832135 30.6350411019 30.9838162044 30.5073149 30.8842327546 30.7353206345 30.6988166183 30.8398157798 30.9809652054 30.5041434953 30.8873560857 30.5543559114 30.825126083 30.6695986801 31.1433208038 30.9945585828 30.5302969357 31.0899850351 30.611143432 31.1667266323 30.935788367 30.6646488357 30.6627477494 30.6061067311 31.2024611688 30.9033353168 30.5550284055 30.7313519427
30.7083994128 30.8759332915 30.5362472489 30.9441716465 30.66344517 31.1015488093 30.8115160415 31.0198755092 31.070999662 30.5769570008 30.9563701293 30.8350280933 30.5852407549 30.8117665312 30.7995913813 30.5204011069 30.8419792642 30.9419487974 30.5684618707 30.9823343606 30.6848369816 30.9610154012 30.8364468062 31.1949534265 30.9181487994 30.8528383665 30.8931167077 30.971347131 31.190871472 30.7574630719 30.9362259963 30.9502232331 30.8052006993 30.6668823219 31.0211032436 30.7736700482 30.8562774278 30.8506877081 30.5617081229 30.9250085807 31.128135182 30.5139715593 31.0558293464 31.1901788336 30.8536585038 31.1884357992 31.0601564555 31.0388610845 31.1161957776 30.5484018165 31.0887453158 30.759041741 30.5435460371 31.154933859 30.8214916549 30.9094330304 30.6747987991
30.8702051268 31.185243666 30.5112158101 30.8152406659 30.5953609098 31.1921399454 30.9564191033 30.5640822322 31.1190111231 31.1691999724 31.0441069714 30.7258101919 30.8945682101 30.9606554476 30.9443114133 30.9602899538 30.9378589836 30.8093305673 30.5492173654 30.8961317916 31.103895137 31.1355593405 31.055808718 30.6602081182 30.5365626827 31.0270089964 30.8724771812 31.15282486 30.6307054364 30.6714222944 30.7232724506 30.5323144745 30.8985705916 30.6099587789 30.8912086958 31.1384711321 31.2054590196 30.5980142522 30.5737365289 30.9262055996 30.899193232 30.5111708619 30.5606048405 30.8162972405 30.9521032893 30.9983482128 30.8721881441 30.5509626531 30.896075648 31.0404779689 30.7500579144 30.560908378 30.6256004692 30.6016049203 30.8502438288 31.1605316384 30.9664234122
30.6816528412 30.978703715 30.6442942637 30.6314280276 31.1472609352 31.0506816172 30.7300644795 31.0253584128 30.8208863838 31.0955428359 31.1994109536 30.867765393 30.8151233506 31.1957735324 30.874103955 30.6751078532 31.1297884924 30.6235964377 30.879510341 30.9199378711 31.1972455025 30.6121718838 30.8361673758 30.83772819 30.6369266369 30.5186329471 30.6434827355 30.8248529836 31.0632087403 31.1175156164 31.0057623607 30.8711824947 31.1045182591 31.0087470402 30.776511868 30.7549681817 30.8301226743 31.0714571806 30.5234961041 30.8389629046 30.8309369004 30.9943938852 30.8039866033 30.7134641585 30.7512051451 30.8745241527 30.7072320112 30.8402889051 31.0944793361 31.0762579755 30.6552590821 30.6236904921 30.8581983064 30.596411886 30.8924213602 30.9828489837 30.6114599788
30.60139589 30.864220852 30.6457034046 30.7687726552 30.6677791687 31.0472468762 30.9868641739 30.9581189265 30.6728361465 31.0362976364 30.5283690987 30.6636974946 30.7753165401 30.6538173772 30.8612789977 31.1485995806 31.0719459846 30.8195496705 30.5230145636 31.1418962143 31.0094287813 31.0339313545 30.7714814393 30.873003329 30.8118180235 30.89890197 30.7139307843 30.5497073078 30.8673876032 31.0063171375 30.53862371 31.0333483831 30.7669086946 31.0919098202 30.5333148343 30.730276558 30.8512812572 30.7626856867 30.7946064754 30.8907341277 30.5161541733 31.1551717324 30.9338596623 31.1899572176 30.7824728272 30.9035925149 30.624505055 31.0314461972 30.8749321373 30.5432893073 30.7639141812 31.0962457785 30.8817255802 30.8606293162 30.8815638736 30.8247928622 30.8127197867
30.6207039398 30.7085147154 31.1760464476 30.5132429499 31.033825359 31.0951040597 31.1351712337 30.8157140704 31.1963170825 31.0623661821 31.1553013586 30.7235142711 31.1637323285 30.9063502113 30.6661596976 30.5276180216 30.7411424849 30.5094242834 30.6023319758 30.5477139022 30.8623456337 30.607390798 30.5189655385 30.5764085807 30.7513989292 30.943916564 30.891766707 30.8178497054 30.6603855803 30.6536268003 30.7625430649 30.6051278988 30.8337699093 30.9118261296 31.1416656269 30.5608497149 30.5111013747 31.0085079929 30.9038810966 30.6324620519 30.6333831311 30.8148519365 30.7078182543 30.9046972672 31.0019650841 30.6433353224 31.0104769071 30.7237836719 31.0938250668 30.8191514333 30.969188209 30.5291609442 30.9091879163 30.7795477781 31.1348394535 30.8024415629 30.9101614884
30.826455958 31.0036062788 30.853372643 31.0005574699 30.8431124249 31.0854339168 31.0728978072 30.5774042358 31.035666038 30.6068272174 31.166730645 30.914108048 30.7324040291 30.8595075263 30.8638678316 30.6307743657 30.6026343424 30.9878069777 30.6251771099 30.5920122399 30.7721763241 30.8636607315 31.1607236189 30.9355327332 30.9203452105 31.1040554159 30.5580485797 30.8808978568 31.0658077418 30.6554639059 30.702535854 30.8282927154 30.8477570926 30.5723480489 30.7644158222 31.17681247 30.50611618 30.7960010554 30.8593000085 30.8846419957 30.6668262928 30.5419836537 30.967552825 30.9128565269 30.7122060526 30.599439009 30.5351574821 30.730491378 31.129972573 30.8529628132 30.8135122892 30.9018398615 31.0938118301 31.0362423733 30.7928463214 30.6508541007 30.9872743228
30.6177890483 30.764659581 31.0062673742 30.6577574484 31.0849661475 30.648043999 30.5742549089 30.8756827606 31.1475112438 31.204441614 30.9853733393 30.7104690218 30.8316681308 30.6965907111 31.1922318776 30.6531180188 31.0841685949 31.0144702164 30.6133649359 30.5527191731 30.8993243643 30.7838906926 30.9232508419 30.9043317942 30.5065061623 31.1320302282 30.6118083186 30.9454616873 30.7739860779 30.5330691874 30.8764454183 31.1006815007 30.6960727525 30.5200565972 30.8449824051 30.6516032651 31.0729979314 30.735890571 30.6250858008 31.1447150681 30.8156529558 31.1602156006 31.1342613182 30.5313367461 30.7027340912 30.7497613685 30.5271696809 30.6752097106 31.2018605358 30.6302808178 30.8250891114 30.8100277804 30.9258712609 30.5869489837 30.6041886772 30.5245629173 30.858665696
