Spatial_Output/DEC/DEC_0163.asc
NCOLS 155
NROWS 192
XLLCORNER 196307.867259
YLLCORNER 449144.565805
CELLSIZE 33.573938
NODATA_VALUE NaN
[rows 26 to 51 of 192, columns 57 to 113 of 155]
44.8454744321 44.7997636589 44.7087658531 45.060548125 45.0030079341 44.8930906207 44.8177718703 44.5053495363 44.8786929209 44.7707172137 45.0331513189 44.5985393273 44.8983035099 45.0342841834 45.0704574865 45.0076611892 44.7977747144 45.1915104556 44.8792906485 45.1718404189 44.9192402456 45.0392952008 45.2047107918 45.0827033332 44.879692663 44.9950465957 0 0 0 0 0 44.5159103016 45.0332834415 45.1335322406 44.8065493834 44.5328934553 0 0 0 0 44.5857701312 44.6996876063 44.8481116039 44.6455608188 44.7682745692 44.789778214 44.7104263603 45.0501915474 44.8283438212 44.8377688004 45.0662497053 44.8930024397 44.8313058787 44.5616605198 44.5948777566 44.9799052157 44.539005786
44.6736684894 45.0779946978 44.9647943882 44.7954290962 44.6658826296 45.1015679119 45.127771227 44.5289439201 44.6539646133 44.6609122383 44.9202000469 44.6371575371 44.6441754763 45.0157437894 45.1970392291 44.9970241494 45.0368962458 45.0520446153 44.9147696536 44.9571597977 44.5835391525 44.5361573447 44.5665745793 44.6200776195 45.097438574 44.9250042868 44.6911785821 44.7667966879 45.1276878975 45.0977640365 44.5762101676 44.6717121459 45.0866160567 44.946816809 44.7626747183 44.5217978736 45.1443664811 44.7463272726 0 44.522708837 44.9379061687 44.5608659337 44.6186110633 44.9890019643 45.1092076209 44.6648501367 44.6683490682 44.8619058901 44.6406874722 45.0569048554 45.0434364396 44.8933352924 44.7252085222 44.6633754747 45.0234007378 45.0816443091 45.1124452836
45.0817305653 44.7295353833 45.0665455364 44.6501737167 44.5998766581 44.726473732 45.0889037652 44.5663615385 45.1717699315 45.036929406 44.526748283 44.5553065685 44.6741199905 45.1040057794 44.6026806921 45.034032428 44.5306536479 45.0396445898 45.1265559205 45.1018205012 45.1455126495 44.8730827968 44.92153773 44.8332364636 44.9379655066 44.6629463693 44.637646929 44.7885395719 44.9567383262 45.1302549216 44.9598575265 45.1726763469 45.0261746603 44.6957320233 44.6327142902 44.9847091985 44.8040593448 45.0553621351 44.7943941614 44.557044175 44.69609245 45.0735683087 44.6165542489 45.1648944843 45.1574419876 45.0310043829 44.6621912002 44.8839982932 44.8821397654 44.521263621 44.6925451414 44.950390339 45.0626500637 45.1489616076 44.7612889458 45.025175956 44.7441434671
44.8986889527 44.5889412089 44.6071795085 44.5170012698 44.9794694471 44.681141699 44.5559098647 44.8713125624 44.7154385001 44.5992668013 44.5962214404 44.5806295928 44.6953864432 45.1523126203 44.9818946665 45.1784841041 45.0145187582 44.5589818674 45.1159164627 44.5620769263 45.0608389394 44.6468893061 44.946575898 45.0324432676 44.6487103082 44.5566615204 44.9654807075 44.9897461279 44.7337417245 45.1461281322 44.7462323794 44.6083569129 45.1026592148 45.1353105145 44.9297757141 44.6727259761 44.6043395646 44.7463610805 45.067053974 44.9781092733 44.7814319595 45.0238650525 45.0949573755 44.7400591793 44.5376462495 44.797176195 44.999715526 44.9545557143 44.8229424959 45.0845856939 44.8278213035 44.9659934904 44.7581040072 44.9408859874 44.8758234872 44.9548029601 45.0558380503
44.8963564971 44.9977319813 44.6269271758 44.7754434744 45.1179896334 45.0210252141 44.6126188385 45.2007484355 44.7867128322 44.7054794518 45.0704946267 45.0465015928 45.1450737133 44.892051269 45.0324641388 44.9173948663 44.9172089393 44.5435296282 44.7915539562 44.8417236907 44.753054091 44.5242577127 44.9134999466 44.9890589514 45.0967775323 44.8571565253 44.8134019599 44.8328853299 44.7001683426 45.0209812289 45.087591026 44.957908056 44.9867493117 45.1152537775 45.0756268703 44.831380969 44.631270662 44.797870114 44.9475471962 44.8376645543 44.91909853 45.0480874825 44.5174880001 44.5161928831 45.1096787117 44.816272678 45.1180445344 44.7615716832 44.9001386976 44.5584048219 44.6519181397 44.7906883748 44.8509529591 44.9230016806 44.5715982555 44.9017235477 44.9793530884
45.1061056068 44.7794093645 44.5211210336 45.0260881447 44.9808359951 45.0469980824 45.1013880387 44.5026133726 44.6470123813 44.69676835 45.0792518425 45.0575507315 44.9665571401 44.5120415634 45.0416755368 44.5839101861 44.795608256 45.0453169461 45.102801123 44.8435160938 44.7344955702 44.8552961907 44.5564087645 45.0376027167 44.9648845004 44.6622775765 44.7565944269 44.9920851363 44.9412680661 44.7403549878 44.5300216647 45.0233214596 44.8597503824 44.7936639561 44.9831900842 45.1243193093 44.6417962399 44.8535761194 45.0777697313 44.7438602934 45.1760415387 45.163203948 44.7359282117 44.7347885907 45.0236826233 45.1711649855 44.8693596614 44.540785838 44.5523010854 44.7440675255 45.1261133398 44.860903691 44.7593518932 45.1614885587 45.1087191704 44.8976631466 44.8033124474
44.6983035139 45.0224406567 44.7824900169 45.0038628107 45.1285436719 45.2037082934 44.7349236652 44.9847471784 45.1245887951 44.6578706433 44.9544451369 44.8294178194 44.9758356423 44.8932345684 45.030495261 45.0452268448 44.5790742733 44.8322668891 44.5289448282 44.9390899569 44.6100366904 44.8965710536 44.6610596574 44.7523807151 44.6327408811 44.5305635009 44.8033607407 44.5892266158 44.7231580644 44.5972854652 45.1612944254 45.109799788 44.5277853518 44.530168809 45.1132504484 45.0742441393 44.7464779313 44.5799364848 44.6823576157 44.8394002153 44.6163106901 44.664229066 44.8116411992 44.5054875892 44.9182094207 44.5986067413 45.1545095845 44.7273941231 44.5530479329 44.7290327908 45.1076022883 45.151208211 44.8925711692 45.1201814318 45.1665453545 44.5111550396 44.9290269691
45.0951477979 44.9999547119 44.9942046717 45.0331200866 45.1111795093 45.1830472574 44.8092077225 44.8663317774 44.7914192158 44.7770740678 44.5833521045 44.6549006661 44.8415727369 44.5109991183 44.5532363842 44.8096316045 45.1167088576 45.1475545027 44.7682859185 45.1997412215 45.1005468711 45.1499886748 45.016078131 44.8383678004 44.7672935023 44.730442854 44.6979270879 44.774394588 45.1212348727 44.8097073933 44.5262821555 44.9650109642 44.9981618128 44.8025248048 44.6472119887 45.0391101223 44.7571818548 44.866579481 44.5689453636 44.9041132585 44.8307253424 44.5220677763 45.0991505058 44.5130397796 45.1525466098 44.9601416747 44.8014666657 45.0815960988 44.9999363404 44.5045145995 45.006455649 45.1534320367 45.0962703729 44.8988673249 44.7335386478 44.9935773257 44.6539488066
44.8849955935 44.7867482922 44.5964751755 44.8328492012 44.7811301973 45.1952742645 44.583738111 44.5575780073 45.1254390123 45.1722336833 44.5017682621 45.2033714015 45.1287160948 45.2033921498 44.6232846224 44.6425473035 44.9989451823 45.0533201188 45.1842230015 44.830478098 45.179097972 44.6270064599 44.7148368259 45.1768229295 45.1776197946 44.8217119117 44.5287730982 44.5249434112 44.8774131667 45.0152266409 44.9392533644 45.0599558368 44.6900193764 44.8008170249 45.0111667736 44.8317173371 44.9471558549 44.5739661595 44.9169224092 45.123364373 45.108354838 44.8639331884 44.7037347571 44.7601737926 44.6349733476 44.8620905557 44.8163275782 44.8805649211 44.5451170929 44.5272261653 44.6699740734 45.0602360545 44.9740067054 44.838308032 44.751280557 44.9301277563 44.7468709236
44.8144693216 44.556851747 44.9885273483 44.535422953 44.9627710467 44.9171108646 45.0471497226 44.6817306963 44.6019159355 44.7926013224 44.5777249449 44.9318837583 44.6613330636 44.6765707572 44.6982838932 45.0518423168 45.1265374727 44.7948100126 45.0284107695 44.8986413584 45.0089489131 44.8629366037 44.5807278385 44.8789784332 45.0574391699 44.8373776817 44.8769285413 45.0753828799 45.1714351147 44.5395228882 45.0173183773 45.0814817079 45.1361507119 44.5905932453 44.7981841739 45.0469768266 44.5508021247 45.1310164626 45.2040301406 44.9768782227 45.2054941248 44.6202727879 45.0115301494 44.8874064936 45.1971074906 44.5544756293 44.9889004995 44.8241759274 44.8641465066 44.7257911044 44.737080417 44.7481797049 44.964241058 44.7786631719 45.1136842502 45.1803680504 44.5526509072
44.9260295539 45.1332073476 45.1277808035 45.0873448714 44.6003143004 44.708208294 45.0166115925 44.7972987075 44.654579936 45.0021107062 44.7776467999 45.1935720654 44.8653650721 44.9175400115 44.5240670478 44.6594943162 44.5600650628 44.5970193272 44.668024653 44.5989949855 44.9179101478 44.7410171191 44.8036953629 44.876721106 44.7046474313 44.6955797141 45.1537780906 45.0723363925 44.9980843481 44.7992456393 44.9455720388 44.7362774347 44.9483252721 44.5131526001 44.9612622942 44.7198237915 44.5796872974 44.9985801198 45.0127939553 45.1968618396 44.6465897659 45.1642025926 45.0331801638 44.5209499278 44.528439762 44.6592211194 44.5183835267 44.6449856017 45.1969863319 44.654610039 44.8436672164 44.6239565134 44.584797663 44.6408809545 45.1461334399 45.146877126 44.5191844753
44.9688493569 44.8751624957 44.8593619451 45.0179363877 44.5290169402 44.9692258556 44.5461867269 44.8763382917 45.193756185 45.174592817 45.1286870874 44.7683480564 44.9043191296 45.0071013981 45.2020469808 45.1256240864 44.5763259909 44.742636501 44.5012061432 44.6299151219 44.949288898 45.0136427634 44.5675125311 45.1901788207 45.1561319262 45.0877017514 45.1939611873 44.8471073558 44.5792421503 45.0158410933 44.9720756291 44.967829399 44.5284520523 44.5477897884 44.6227641513 45.0143606929 45.0926552857 44.7764423532 44.7248557669 45.0713267596 45.157578108 44.6641619829 44.5552269631 44.73074001 45.1684088048 45.1598636628 45.0894428437 44.8724752742 44.9175253395 45.1684938287 45.119306368 45.1804551516 44.6926165822 44.9943392085 45.2031894482 44.9764778468 44.7516975808
45.0975728743 44.7683144017 44.5321373118 45.1814749169 45.0571013883 44.7726514641 44.7066570916 44.5919967623 44.745181454 44.6281019948 44.8796825308 44.7525292499 44.5398173511 45.0685093155 44.8250478346 44.6239088697 44.542435735 45.1612754015 45.0854738994 45.019653996 44.5393917062 45.0639303358 44.8053872482 45.1953084541 44.8094352842 44.6244578453 44.5303970225 45.0568431766 44.6924744078 44.9719368841 45.0372581223 44.7933503024 45.0151908077 45.1217072925 44.6385259807 44.963721066 44.8367172626 44.884581497 44.9937007308 44.9499297612 44.7229785422 45.0298786891 44.8576017414 44.5572172494 45.0171810891 44.6940272118 44.5942041514 44.7870151035 45.127977556 45.0079396152 44.6512551287 44.6459563876 44.8347883109 45.1971300419 45.0003827001 44.9999768375 44.7532209356
44.7517836533 45.2038791309 44.876927312 44.717229562 44.5301741188 44.6971807389 44.960952218 44.6903133471 44.9294216703 44.8796988816 44.5284004141 45.065671828 45.006511681 45.0592589219 45.201492568 45.0442667104 45.0682009193 44.7937059654 44.9209808409 44.5685491342 44.6361790731 45.1601887126 45.2050484813 44.9383863414 45.1160398497 44.5888016941 45.1260596302 45.0758354007 45.0892410681 44.8732526122 45.0897894755 45.113896453 44.9740283642 45.1076316006 44.601770519 44.7404672565 44.5844235027 45.0641310884 44.5793951816 45.057205644 44.6165214771 44.6575380718 44.6298928474 44.7699658794 45.1519034938 44.5208075129 45.0842047498 44.8031133023 44.6781417735 44.9437149202 44.5158923178 44.7066124559 44.5767774134 44.585903468 44.9229188239 45.0978448315 44.7888933026
44.6965417613 44.6391062133 45.2006809945 44.6852568937 44.7719645432 45.197727518 44.7025955035 44.5741902532 45.0365396827 44.9445435991 44.9156205323 45.1205312424 45.0929164649 44.5509716525 44.7917062142 44.728305187 45.1853437015 44.9523187115 45.1487697138 44.6936544748 44.9419938239 44.8454684022 45.119031663 45.1281035571 45.0427417699 45.0337719216 44.5259673328 45.1698064275 45.0246665233 45.2002824295 44.8484517838 45.1851649234 44.8056256009 44.6765524145 45.1521069084 45.0221268432 45.1734040899 45.1200449036 44.5636966419 44.9205420948 44.8229333149 45.0270191521 44.831594541 45.161418697 45.07092504 44.7198089567 44.8138560708 44.923593544 44.5261663863 44.828925157 44.5886819439 44.8802849324 45.1259794978 44.8259097664 45.1508595187 44.7116361084 44.5770417589
44.5091121159 44.7536978928 44.5847697416 45.1319385985 45.0806395903 44.6245214933 45.1779154261 44.5627499727 44.9303446524 44.9407273987 44.9443230731 44.9358733206 44.5608913572 45.0026969495 44.5753556989 45.044890644 44.85769522 44.6099879469 44.6584467021 44.8938082811 44.8971337353 44.7954760873 45.0511359473 45.1313184119 45.0211483303 44.8743841966 44.5755204541 45.0538730469 44.5182606155 45.1197342975 45.0258051224 45.1116650167 44.6105736006 44.6460223159 45.1767853999 44.9888751192 45.0199087089 44.7025882589 44.5094256155 45.1485612655 44.7073183483 44.6474377159 44.9782778479 44.9101245431 44.8294014584 45.1469115038 45.147770706 44.757611794 44.8234250784 44.6363250865 45.0293798307 44.5166116069 44.6165439706 44.5512268605 45.137889365 44.8252308409 45.1245717379
44.6192004134 44.9414693288 45.0061185303 44.5719797873 45.1666521571 45.1383262782 44.9150938974 44.6329988618 44.8138035834 44.6431264937 44.8653865887 45.0269300557 44.6950545432 45.1526399733 44.731048032 44.8731937519 45.1519411304 44.9965062209 45.1579890257 44.826395283 45.1926119321 44.8561981854 45.0464079562 44.5623708002 44.7427189923 44.7046318049 45.1860705239 44.882398297 45.0825620952 44.7123679918 44.6889756586 44.6531490613 44.9560138748 44.6483091411 44.8777246836 44.596674817 45.1054303514 44.9847824773 44.9644628455 45.1640949881 45.1396906833 44.6523521558 44.8856270057 44.7061140412 45.124637249 45.1819970626 44.7544248718 45.0424836916 44.5240754719 44.5005863885 44.7090198276 44.7483041333 44.5908540062 44.8108704833 44.540205288 45.0506022369 44.5482675456
44.9297663836 44.6481682233 44.8754034988 45.2019643687 44.9557992646 44.721809189 44.6173513913 45.1300218976 45.0760009815 44.871301717 44.7979315523 45.0580302804 44.971588465 44.9909852697 45.1607244873 44.9623983525 44.6977712924 44.7250591792 45.1344449521 44.7347393109 44.9543611521 44.9430703299 44.9570871499 45.0559535975 44.8811282998 44.7602091058 44.6523379933 44.5980419612 44.8511731744 44.8518887623 44.6705841974 44.6886212933 45.0440507713 45.1004312872 44.7251364961 44.9555511788 44.6298617351 45.1276274123 44.8795456892 45.0357823041 44.9743877444 45.1009273234 44.5011812148 44.5353374133 45.1117735405 44.5887315391 44.9554528002 44.8340581992 45.0344708703 45.2031247712 44.5677824272 44.5257036 45.1397084375 44.7065678572 45.1441497251 44.6156258991 45.1961596223
44.6104096204 45.0836034592 45.2057204622 44.8598291774 44.5149181997 44.8260182392 44.7647620165 45.1810057967 44.5077198511 44.845938629 44.5928520653 45.0732009892 44.9075665046 44.5766349241 44.9183575126 45.1903564029 44.8346323559 44.5862432561 44.590015498 44.9139370412 45.1899380429 44.8547853095 45.0117538314 44.5908317691 44.6615586014 44.9109048585 45.0458732152 45.1073182563 45.1381825132 44.8735399232 44.5735137954 45.0549198612 44.6650497032 44.7657161292 44.579797809 45.1587443942 44.5699581039 44.52310687 44.8783282902 44.9445816242 44.865024449 45.0219542377 45.2017626383 45.0946730971 44.8958988305 45.1653987954 44.8367300565 45.0399391399 44.9118184764 44.7707642128 44.9894331372 44.7821111593 44.9081743248 44.6553067473 44.791970886 44.8468931649 45.1911783858
44.8821094881 44.6620750029 44.5656496103 44.6188768884 44.9957036283 44.5760159313 44.9699346255 44.630228215 44.9021858339 45.0188113827 44.539833317 44.6725236669 44.7525396603 45.1158480506 44.9695945481 44.5096744755 44.7112399304 44.8004998977 44.5450703825 44.6422048862 44.6070865914 44.5706731415 44.5550531029 44.72101942 44.7426198397 45.1227303672 44.8799427968 44.6553710832 44.5864786224 44.7133967105 44.9920242302 44.6929049575 45.1354128249 45.1360860249 44.5727345116 44.6869940874 44.8054872103 45.0053696954 45.0773253356 44.97914842 45.0897453346 44.9395207444 44.8416445082 44.7518526739 44.8966076655 44.514546077 44.9853855469 44.848426066 44.6291924481 44.6639724949 45.0997007187 45.0787195151 44.9771684611 44.6893977039 44.9625625732 44.7070432121 45.1927250346
44.5832214273 45.1668624265 45.188041331 45.0277701989 44.742883776 44.8690818307 44.9848718446 45.1715392648 44.6952225841 45.1728565534 45.11924692 44.7302026044 45.0039933223 45.19370032 44.5892379293 45.0888278839 44.9220284152 44.5068860747 44.8408216851 44.9558431689 44.590809122 45.0800269917 44.8421232473 44.9219929615 45.1123095891 44.9710367277 44.7409896225 45.1077189688 44.8201211322 44.996645922 44.8948610782 45.1594543302 45.1756401775 44.620760213 45.204611374 45.0692624358 44.5395970745 44.6280679681 44.5704430193 44.7438828714 44.8722984425 45.1089319915 44.9124179154 44.5782539497 44.6096414623 44.9393077696 44.5581840568 44.8484160046 44.5385440586 44.8771336694 45.1660311286 44.6557626591 45.0368251068 44.539718786 44.5502598386 44.5153228317 45.1388389652
44.902721727 44.6821571101 44.8045072683 44.7163838678 44.7182178851 44.9579133299 45.1806091731 44.8174735778 44.6413775311 45.0689435652 44.6885247287 44.7175866188 44.5280224547 44.5843558975 45.0789221572 45.1755992644 45.1630283744 44.5531950439 45.0058191072 44.9660606543 44.6917891064 44.5046536028 44.569715012 44.5181275471 44.6197056203 45.0444984075 44.8178610776 44.6246522512 44.5477117803 45.1892000509 44.9525343516 44.5011939383 44.6569202772 44.7225283495 44.9567524044 44.5480744912 44.8272000336 44.588832201 44.9152689375 44.9987604185 44.5383165409 44.6434867276 44.831467283 44.654138753 44.5480866547 45.0149409222 45.1750147648 44.8084199034 44.8616038591 44.9115738117 44.5980414421 44.9710498148 44.6398021202 44.9841083015 44.7208544302 44.9479018927 45.1960779522
44.7683462959 45.1299760385 44.9576642813 45.0390269237 44.7339828014 44.6374025976 44.6772315987 45.0622975976 45.0178603003 44.5831762558 45.106199272 44.6882251727 44.9117685322 45.0046039628 44.6711728026 45.0585544497 44.5457825199 45.0148058006 45.1129115375 44.9441689887 45.0167900222 44.6745470466 44.6692818311 45.0704676017 44.5796693609 45.1539846002 44.8577243916 44.6725027109 44.7666138595 44.6354845096 45.0329321036 44.5273899796 44.8778122527 44.9546569894 44.5559779939 45.1918033799 44.6561641873 44.5841255259 44.7932657684 44.6229901561 44.5410242171 44.6397033356 45.1881050791 44.8792049352 44.5678114423 44.5740127472 44.6714288586 44.629393012 44.9233966076 45.0525556288 44.6551135413 44.5207048499 44.6302276128 44.6048773169 44.8688830013 60.907658663 62.3057068611
45.0012955126 44.5708454643 44.8983177781 44.5367201189 44.9364139733 44.8238461853 44.6132031315 44.9889535044 44.8205508033 44.5382385712 44.8162901508 44.562366589 45.0781201354 44.7932319035 44.8845567999 44.5922072343 45.0290335522 44.6981030701 45.0084548381 44.7735664357 44.7417909566 44.741125999 44.6619972089 44.7674730957 44.9790164153 44.9629662833 44.8120412894 44.9275304306 45.1900610556 44.8203195842 44.6970331428 45.107450926 44.6403766264 44.8731872455 45.1652906717 45.1055961421 44.9438774828 44.6814616091 45.1407134233 44.9650103021 44.7078790207 45.1252939756 44.9048410889 44.9833305068 45.0116222956 45.1201513855 44.8871566444 44.9538284915 45.0424582927 44.7098876778 44.5957559485 44.9719075499 44.8134661716 44.9410660844 44.6475797172 70.3751861912 70.317803895
44.9559065934 44.8837743066 44.6133079835 44.9544377657 44.6206521392 44.733616107 44.5610948696 44.5874789373 44.7635710352 44.5237372712 44.9396759944 44.5437760482 44.7028448553 44.9617940264 44.8516592374 44.6727657922 44.9603269286 44.7708526019 44.6322168821 44.969491936 45.1760731432 44.7073972485 44.6538967151 44.9797998251 45.1034120648 44.9662037366 45.0906276394 45.0744440111 45.0189390762 44.7414803657 45.0218463481 45.0253136075 44.5237570436 45.1952394739 44.7019335381 45.1896601604 44.9492471933 44.8014845181 44.8654299498 45.177325262 44.6908258852 45.1924272585 44.662834007 44.7694773048 44.6473797664 45.1683901031 44.5699169473 45.0340924491 45.1663142581 45.0122440614 45.1447917201 44.7766635088 44.8673622936 44.7438181383 45.0446593101 61.5987324136 70.7484192747
45.1191965832 44.851927246 45.19867288 44.6181420255 44.9933975652 44.8413366246 44.911354531 44.770736547 45.0336175576 44.6234568916 44.7247529322 45.1422949202 44.811052043 44.5538515773 45.1218221834 44.7284601645 45.1037073652 44.6165410646 44.8307898427 44.6486428861 45.0976334292 44.6984327123 45.0534700548 45.1869697033 45.0916299263 44.788983702 44.7941355833 45.1829976292 45.1354787784 44.8371725214 44.6119900871 44.8869565372 45.0348583357 45.1604315061 44.7490280864 44.5098155473 45.0622821198 44.539023341 45.0221948059 44.6286950751 45.1264150902 44.8987956947 44.6592214676 45.1254914163 44.7712474376 45.0100017757 44.8595907761 45.1859238361 44.6766252039 44.6261154979 45.1297490846 44.6512513118 44.6166487382 45.0259069799 44.5289266703 44.6966130817 44.5709585437
