Spatial_Output/DEC/DEC_0510.asc
NCOLS 155
NROWS 192
XLLCORNER 196307.867259
YLLCORNER 449144.565805
CELLSIZE 33.573938
NODATA_VALUE NaN
[rows 104 to 129 of 192, columns 57 to 113 of 155]
28.0585860585 27.1217570534 28.2174158569 28.3759824933 28.0293414149 27.8064148606 27.2655526523 27.9899964813 27.2536345521 27.653152645 28.2806040934 28.1228441204 28.3866606674 27.0539715225 27.2219740474 28.4066557269 28.2604370279 27.5727566389 27.483167653 28.3618878085 27.1154913921 27.5857141131 27.4137054665 27.0706537693 27.2692048713 28.4133089725 27.9706593672 27.7682470309 27.683898677 27.971686078 28.0306448233 27.0538078873 27.4584311374 28.2121630516 27.5763207078 28.0633590178 27.0618691918 27.5392680928 28.3777052538 27.2793392463 28.1556149248 28.0598682271 27.969383897 27.0231809062 28.3078584279 27.5160973501 27.8293945827 27.814790275 27.3785992041 27.7645399984 27.8314687943 28.1662615817 28.4041316105 27.0304378574 28.340179302 27.8974348539 27.5915490221
28.3477657215 27.6662419062 27.3605438113 27.0839479293 28.3038965402 27.7720109296 28.3414910796 27.5534115895 28.0087489899 27.5932713557 27.6008292278 27.1271338841 27.4445584686 27.3138531294 27.957138179 28.3864747592 27.0834203918 27.5186885706 28.1780032921 28.1947254064 27.4815478155 27.6155341041 28.2825947654 28.3416824711 27.1658703332 27.6208901536 27.0521465958 27.346588915 27.5533944518 27.9841728398 27.4604969027 27.718115404 27.6628763449 28.0072120174 27.2692631173 28.0752071643 27.7153442566 27.9428743813 27.8754499369 27.7874743441 27.5280358533 27.0448962926 27.7972744664 27.2534524649 27.8095219485 27.6184316701 28.1075617944 27.0045866127 27.010050013 27.4151065232 28.3370598922 27.9774568465 27.1661742844 28.0461209918 27.8466964723 27.7483881821 28.0200958827
27.6132051432 27.479925527 27.659444321 27.1600906436 28.1504669244 27.8344581171 27.7593360724 28.0766272267 28.0651281697 27.85733467 27.0627524909 27.2204229758 27.0511267202 27.8074039957 27.6022960561 27.3297932207 27.6753534184 27.2869415096 28.4127207249 28.3071631042 27.870128028 28.3220258832 27.8050475196 27.6516151507 27.9716967385 28.4068674187 27.241827998 28.143763529 27.7518637294 27.1437211126 27.2931090959 28.3173533301 27.2143344383 27.9172194478 27.2536529709 27.2017952269 28.117950309 28.0244817666 27.0235302223 28.2077124347 27.0756027028 28.0727378125 27.8841769236 28.230192395 27.4011405669 27.1974455368 27.4078654904 28.2564317647 27.8872169563 27.0785444694 27.058701509 27.9831027843 27.068022312 28.3955368105 27.6638120424 27.880927048 27.2645392883
28.2416198099 28.1148132105 27.0507996451 27.1191479163 27.6302768629 27.31079551 27.9841214786 27.9626281622 27.0128087566 27.9260267595 28.1428949898 27.4987149059 27.7259122628 27.9256738981 27.521875946 27.685184484 27.2112733605 27.588595268 27.4330219527 28.0761796584 27.6459032794 27.532236991 27.2113331719 28.2958774877 27.7046622274 28.0115539156 28.0863362198 27.5904644786 27.2482150108 27.710828796 27.8154246118 27.9620216923 27.6349220033 27.4925777353 27.6826560049 27.1612988285 28.2281789701 27.5282342731 27.147166208 28.0014316174 27.6429328282 27.2070575593 27.192441576 27.7400886148 27.9368230422 28.3567694901 28.0164144907 28.2186486675 27.8863643154 27.2309083304 27.159284111 28.1183674596 28.3760515417 28.3683455156 27.7180956119 27.822222464 27.9738142578
28.2055859372 27.4710244338 27.5354931348 27.7615486204 28.1642069355 27.6380685233 28.0989530126 28.2210391465 28.1214829913 27.536196399 27.1232608236 27.3920421978 27.8657738 27.085740738 27.6171496516 27.4841796966 28.3718803097 27.0240824442 28.3669395256 27.5293885366 27.7498364899 27.5387557208 27.4640764228 27.9428520573 27.6317224225 27.5091164068 27.1992877277 27.8106680008 28.1381973873 27.0927574829 27.5221778679 28.0728107002 27.2144403688 27.1088588249 28.2285240472 27.1682138412 28.1741952222 27.4640105907 27.8412697841 28.2808751137 27.4819765779 27.821966174 27.4566071725 27.88104015 27.0759393147 28.1498551625 27.7896132387 27.1852674485 27.9647464984 27.3044049055 28.0808222462 28.0915650486 27.2200818103 27.2240746425 27.8615108049 27.222051778 27.9643948095
27.3022112749 27.2072920358 28.0521590162 27.8412269367 28.2983718395 27.5346736948 27.1864045976 28.1806889719 27.5608002029 27.8798235517 28.2023574667 27.7674707409 27.7602256308 28.1722850826 28.0224867491 27.7237913405 28.0001256374 27.8157229265 27.9047526352 28.2605164412 27.3993592232 27.839772133 28.0020983896 27.9120141879 28.1868705757 28.1186528499 27.3913051424 27.2193038209 27.9214241127 28.183154465 27.111294092 27.8139370158 28.0478976468 28.0305915176 27.9671607212 27.2360612381 28.0160232536 27.770016197 27.8068882094 27.6555852193 27.3903260794 27.0219852276 28.0561053309 28.4051387282 27.2379096777 27.7968977487 27.4874087191 27.8491636686 28.1903393109 27.4932312671 27.8838225046 27.0851004723 28.2008580035 27.6983495284 27.3834404464 27.3392529438 28.0785191639
28.204663974 27.3009856409 27.5261900331 27.9828839586 28.0287788934 28.2823613006 27.8502666496 27.7380791388 27.1493052392 28.3011861678 27.3857999306 27.4660410011 28.3470902006 28.2563879215 27.3921627846 27.8688648766 28.1290187783 27.8773323979 28.2951133095 27.8749852279 28.3718914983 27.3991356518 27.0061181607 27.3182386598 28.018032779 27.727102937 27.9806072928 28.0334981662 27.8693039092 28.2792388998 27.0564509907 27.8278344691 27.012717212 27.9470440337 27.8067786625 27.3129711138 28.3035998151 27.5212075394 27.3710106187 28.3690223409 27.8285522645 27.6441217871 28.3619557356 27.9820133128 28.1440729074 28.1233823994 27.0334503313 27.5439684176 27.6050347073 28.231371089 27.5334160555 27.6371623196 27.9933727882 27.0621608842 27.9384129347 27.0908402813 28.0653994405
27.4440114162 27.6133221412 27.4509688092 27.3042708517 27.3964954362 27.3194461483 27.3891824111 27.6530041506 27.6046253002 28.2079865238 28.1894182706 28.1918409009 27.8616013265 28.184463456 27.942721653 28.3391151573 27.1922099457 27.5690752975 27.9326123968 27.3623604403 27.1419229336 27.3957277139 27.3268518764 27.1499205641 27.0533152922 27.2172461789 27.5005392035 27.2001084159 28.3743660115 27.7366502216 27.6755973016 28.1701467565 27.8916586796 27.2464038511 27.2097045021 27.6766212908 27.5993375497 27.751643167 28.0822644837 27.2189351876 27.3731826496 28.2723008104 28.3676848235 27.7453057183 28.3542287439 27.7333189535 27.307755962 27.9369516527 28.1907118088 28.0961355077 28.3526393818 27.1272178409 27.7859440474 28.0673428059 27.1947235476 27.4722514765 27.8532240741
27.6768605341 27.3443060613 28.2264432353 27.6913440226 27.1203204926 27.4163153434 27.7677080509 27.4171093917 27.197126846 27.4871012074 27.2454467315 27.6287020979 27.8196879936 27.9249072402 27.2496563769 27.9068455245 27.2839487742 27.6579972321 27.4198080195 28.153459402 27.8189679243 28.054176876 27.3696054894 27.9558750042 27.9622326622 27.1970546091 27.6188750108 27.2066518606 28.3839293948 28.0732028428 27.8348305497 27.9355270682 27.6976089379 28.17263149 27.9839333216 27.0916363758 28.0446578462 27.199677626 27.9138819222 27.7011675582 27.0641392804 27.5584413637 27.4749739373 28.0241914511 27.5776317368 27.766488395 27.1705778353 27.0974307099 27.0049651849 28.3688731665 27.5613496666 27.9444932096 27.2283870678 28.2796951677 28.2658432146 27.2322656232 27.3622455632
27.7116213483 28.28684968 27.5823797028 27.7573613871 27.6248718391 27.7170730696 27.164155367 27.5191504768 28.1482315887 28.0905395532 27.7022914639 28.268927701 28.0329056478 28.181574315 27.0916457512 28.1950362765 27.2163110773 28.0053926232 28.3119831601 27.2260474309 27.8318803084 27.9569992967 27.9739060297 28.1975875416 27.6939943833 28.2307282152 28.4029710127 27.0200507089 28.3202776697 27.9983981697 27.3086433369 27.3204154972 27.1139318282 27.2755365874 27.338210233 27.5911207746 27.0341465342 27.7584484152 28.2821664586 27.118175734 27.9098158671 28.1348233928 27.2230028228 27.4694949939 27.257551014 28.2095882076 27.9728977675 27.5149636348 27.0880873431 27.8223357193 28.1507158692 28.3496043556 28.3286036524 28.3395183837 27.0185081989 28.3207030818 27.8195991608
27.6996580031 27.1913964413 27.9606085562 27.342074164 27.0456099603 27.2326866864 27.5443092157 27.7837045827 27.689936262 28.2172841582 27.0658228062 27.246348191 27.5336011284 28.1158431168 27.3183354535 27.0937091582 28.1545736911 28.2613844269 27.5633155294 27.3391229779 28.0566426961 27.6928271084 27.8693045381 28.1695730037 28.3914531544 27.1239427411 27.3851237106 27.5176793665 27.0240284596 28.1334313605 27.7205340762 27.7595048745 27.3746336341 27.8141888759 27.135323244 27.5240743398 27.3735105031 27.6364251666 27.6669832567 27.5258732484 27.744186441 27.6119284975 27.3902927907 28.3934243197 27.9245508472 27.999326052 28.224641244 27.2175112329 27.7273388074 27.9414994912 27.1044907179 27.9782729411 27.9810948669 27.6102117343 27.9339616299 28.3529898412 27.9981036585
28.05904892 28.1727423774 27.6573022344 27.787574705 27.3132353954 27.3531079401 27.4475267841 27.4423329344 28.1957610423 28.0637279682 27.1497634048 28.123888453 27.561380382 28.0899090153 27.0672185835 28.1551506909 27.2431777813 28.1517949185 27.3654296794 27.8427710941 28.0753662776 27.5632240188 28.1203508123 27.4635235538 28.3995509012 28.2138707478 27.4598142888 27.5423747006 28.3355125721 27.5989542729 27.7034404357 27.1901385284 28.4001558712 27.8981999425 27.09599741 28.1746924602 27.0179826641 27.1998804485 27.5466784674 27.4335509359 27.4266416314 28.3729914074 27.8306227406 28.0312122813 27.3423832543 27.2719134361 27.0388833609 27.5835707581 27.5309078081 27.6337526903 27.4707465653 27.8029719108 28.299433941 28.028202455 27.8291888189 28.3785801882 28.0879337414
28.081543507 27.065146391 28.0561359557 27.7399039533 28.0996151761 28.3442834814 27.9463982371 27.3538972664 28.1678186061 28.050825592 28.0411977732 28.0300544922 27.1810286574 28.2823410724 27.1043094446 27.3076152684 27.4133324475 27.0588567458 27.767798776 27.4408833607 28.3292118762 27.6823217119 28.2703207811 27.4226368024 27.4756804559 27.4923871406 28.2024753297 27.8451402378 27.5703163034 28.2182449967 27.7284526445 27.7687189219 27.9733230631 28.3276637105 27.5294619691 28.1907507678 27.9384800723 27.5818506789 28.0002600152 28.009157237 27.6671018707 27.0423404869 27.8073048873 27.8769043855 27.3214208176 27.1010149381 28.2701998187 27.6334034997 27.5431043148 27.0867149284 27.9822340579 28.3777521819 27.5048350779 27.6067127219 27.758553778 27.960817928 27.1454538267
27.0319947547 27.6349261398 28.2572880803 28.0304687118 27.4889180953 27.4648879214 27.3008617602 27.3202604361 27.9223948202 28.4106564115 27.6647134095 28.0069298958 27.6928316512 27.5794030844 27.1508884508 27.6880967797 27.0002827712 27.915109892 27.5735856806 28.3173168657 27.797454969 27.5776879203 28.020399342 28.4029161173 28.2313947258 27.1758725489 28.0736110308 27.941296535 28.2585983236 28.1230384082 28.0814605419 27.7527761073 27.48853918 27.4137804417 27.062097264 27.66576437 27.1725855185 27.1507006221 28.189945427 27.5698416024 27.0830642095 27.4999326321 27.7055751303 27.4599694968 27.4403470015 27.2718138871 27.5192513261 28.1333568068 27.493075927 27.2856385864 27.0493338577 27.3900565948 27.2771013735 28.0739701306 28.2542996499 27.8490863242 27.4931954416
28.1916096601 28.3218329439 28.092712692 27.718282669 27.9646221395 27.6853957291 27.5335615317 27.1128144863 28.0286348003 28.2871625646 28.1277457419 27.9273657993 27.5773651794 27.6890776911 28.0799064609 27.3747525427 27.6762660799 27.3698996651 28.3432960913 27.2469028631 27.5480823907 27.5483645828 28.0492564371 27.7728969052 27.5647605283 27.7392064166 27.6814465091 27.7812196336 27.1302339463 28.1502797133 27.2946681261 27.3500384504 27.2906500702 27.3845434663 27.2101415845 27.4579056322 27.9155106996 27.2509452695 28.1180157982 27.5609378911 27.3505205148 28.3939796625 27.4616132015 28.2884007109 28.0768190233 27.5265336689 28.0877118443 27.2479090265 27.3123367718 27.5146277889 28.1694206043 28.3938320452 27.3555845134 27.9357036336 27.2136536744 27.4068613845 27.8914161695
27.9329846185 27.8773206758 27.077021488 28.2596382507 27.6531087334 27.5983488288 27.1784558296 27.8808756845 27.5121953485 28.2351558368 28.1325261181 27.3209016161 27.6185530648 27.3851202163 28.0189383604 27.6851003751 27.3190699405 28.1556390167 27.5535715337 27.8532378747 28.2813804679 27.5800496824 27.0099866164 27.7794338272 27.2371075655 27.9222631203 27.5832947654 27.8012381994 27.5259420459 28.2101291711 27.0131270875 28.0380455116 27.1608298033 28.3460229403 27.3845474198 27.57918883 27.0559973584 27.15260098 27.7013244397 27.8792908314 27.5011641678 27.4017539764 27.4192869225 28.3881992902 28.179775447 27.0185082775 27.4030007887 28.294850438 27.4491271569 28.3523144897 27.1194070333 27.6094988588 27.8124205206 27.9041589673 28.3871948172 28.3874817019 27.1846083095
27.8499947947 27.9581505574 27.4692615351 28.1156902665 27.2977296514 27.9786692258 28.1028699562 27.5236726857 28.4020110888 27.7111944435 27.4019684645 27.1677838174 27.2740816038 28.0354667643 28.2964345349 28.314119303 27.7405325605 28.1975643393 27.0184369652 27.7325561751 27.3482411934 27.8594919783 27.4259480426 28.3369349184 27.9681118285 27.3641213839 28.2127686969 28.0172636424 27.9871934497 27.505490151 27.1588992684 28.3560560758 28.1748261903 27.2043355666 27.461517342 28.2278502782 27.7345108151 28.0090397603 27.6217329232 28.1665776731 27.7913869295 28.1749759719 27.8247826714 28.0538371835 27.347705462 27.3600568213 27.9598408949 27.4744887841 27.8678014536 27.760635623 27.1430375144 28.0070593911 27.6408758962 27.5654537449 27.5510556221 28.3304407747 28.2166613073
28.3139461142 27.3116846255 28.1469192298 27.8001164289 28.3874570778 27.0022850062 27.7210231734 27.5442473657 27.4918667438 27.9485726877 27.8466398738 28.2456135155 27.4688695974 27.6858835379 27.9883236516 28.0859009406 27.8267405784 28.1790779711 27.0287823431 28.1096124404 27.6406680861 28.3956236111 28.0477276427 27.7612009443 27.6599235702 28.0991798547 27.7076015454 27.0346039031 28.3022596907 27.167133104 27.6527745137 27.798779511 27.0771149592 27.2145837164 27.4872031976 28.0396654096 27.6532233439 28.2168311971 27.1784630418 27.5621670927 27.1702682418 27.9572804092 27.749387177 27.1671415895 27.7167524079 27.8697441573 27.3194721818 27.5171938848 28.2581482996 27.2295001832 28.1352991641 27.2883958729 28.0108300239 27.7088100844 27.2495272588 27.2028043545 27.3805332773
27.7670672371 27.7067254432 28.0286785917 28.1946607232 27.9877358177 28.4096797694 27.2858733407 27.6603547038 28.3693153176 27.9694373388 28.0367079429 27.4346926171 27.1734192752 27.4098325569 27.110538655 28.0559269813 27.6072496033 27.9210549789 28.193017819 27.907960167 27.3100103783 28.2307473914 28.0601142457 27.7822348985 28.0337358081 27.4426171934 28.3843641935 27.0153195305 27.4595021032 28.3547591341 28.1353958489 27.9752889417 28.3704502876 27.6607309655 27.4889561344 28.3966134399 27.3444720384 27.6491989703 27.8560228282 27.5788700982 27.5073901697 27.6025205126 28.261619863 27.1152703765 27.713934609 27.1203976627 27.2005108763 28.2913737913 27.8274917651 27.6455892847 27.6801359852 28.2361305195 27.4096665714 27.5000442085 27.8191383276 27.3207658233 27.3723249997
28.0604756619 28.3154046207 28.3492540578 27.0789479535 27.6934614089 28.3754160413 27.3644960986 27.330916392 27.7381487123 27.2690564642 27.7493696234 27.8072521177 27.2225246799 27.0604894147 27.7578663732 28.0204758097 27.047422277 27.8235933734 28.1607035961 28.2149282672 27.8942850497 27.3609034195 27.6511874503 27.9626540158 27.4964012363 28.0889605652 28.2694603887 27.2646768802 27.420494254 28.2771815109 28.111576135 27.4646499911 27.3067556286 27.6904714329 28.0624158073 27.1764581744 27.4348880533 27.7106107411 27.3726415682 27.9177779073 27.3316636471 27.6642385851 27.8280667879 27.0772075425 27.0087559596 27.0111612118 28.2284870514 27.9469237817 27.8330319687 27.8199140051 27.6626702189 27.1803931233 27.3221898769 27.8794586026 28.0063700959 28.1406450142 27.8449385669
28.0941026022 27.9719970877 27.2792313122 28.0516371044 27.4913343917 27.4841328179 27.4434757299 27.4589858585 27.2487308203 27.3617388623 28.3246782629 27.2970330239 27.5828179141 27.2333315718 27.2554669109 28.3672371602 27.5824612857 27.4205830607 27.5004829445 28.3048683082 27.3925917879 27.546028357 27.621009094 28.2084699625 27.9197177498 27.5471430288 27.8524657148 27.1874969828 28.1914340356 27.7688892784 27.3299336971 27.6295672807 27.9229069961 27.0006358697 28.0924450789 28.2218235356 27.6372883201 27.4479249977 27.4197497318 28.2568718 27.4430263916 27.1910832602 27.4715267369 27.595714113 28.2733419364 28.0504090682 27.7172348685 27.8100759342 27.5708656485 27.224919214 27.631053838 27.6294184794 27.6942024926 27.5779541893 28.0943164612 27.0383472834 27.9221066868
27.5027240347 28.2222245766 27.0057223773 27.9746335895 28.330326189 27.9601194961 28.344510374 27.4850794935 27.4120180372 28.1661451211 28.1334189532 27.1051296228 28.1305427248 28.3525370741 27.3365063094 27.301304439 28.0831878966 27.1627040911 27.3665421313 27.6778576471 27.3585395266 28.0162772203 27.6174905644 28.3305786469 27.7377760531 28.3994218965 27.5429599769 27.1823824499 27.9544547782 27.4193321129 27.4743366416 28.193036647 27.4328467897 28.1952854139 27.1867630131 28.1852609408 27.8555743629 27.1977427046 27.6860604934 27.0623187626 28.28458563 27.709335959 27.1642349734 27.0018064629 27.6486232995 28.2668224575 27.8526302336 28.1993419529 27.7666783035 27.4240290221 27.6780125126 27.8596150533 27.0778452973 28.1435912869 27.7043986499 27.8948906326 28.040463778
27.9189807468 27.2517680856 28.2976402886 27.020233844 27.0592645967 27.3786477055 27.6274171167 27.395518253 27.0010079886 27.7340224642 28.0595014366 28.1543561786 27.6893232054 27.9161420948 27.083998887 28.2061979957 28.1660691482 27.9389230019 27.5301237734 27.9747456987 27.3812085484 27.1427635997 27.8247188506 27.9133653123 28.3212464344 27.0983639911 28.1985713363 27.1146377473 27.6267170588 28.1062473745 27.0042983062 28.1215662017 28.149381307 28.069774675 27.2804237034 27.7026758628 28.0171446302 28.2079610437 27.0531915445 27.696778993 27.0163525578 27.0561799736 27.9857362742 27.4774211191 27.758210642 27.5990608947 28.0466933545 27.5413774719 27.8838801702 27.7579762807 27.1252708315 28.1593883714 27.0668343709 28.3427148986 28.2632878675 27.7357107016 28.0722774374
27.0251587598 27.2202234017 27.9112480776 28.0259241271 27.5073554052 27.9631704549 28.412505687 27.718763583 27.4772421023 27.2920401754 28.3746194548 27.1898330269 27.6299821046 28.3737291146 27.1020344674 27.4675040559 27.2387244599 27.2602537331 27.6372413548 27.0706907141 27.2634089567 27.0737249013 27.8520629417 27.7747335756 27.2841050167 27.8398410474 28.2188145136 27.4571235079 28.3281964633 27.0051570163 27.8342469583 27.2403259681 27.3032724629 27.3361844299 27.8338393118 28.2876485515 28.0175801918 28.2344378036 27.1997625593 27.6068844415 28.3404611549 28.352721261 27.233392069 28.1432562782 28.0562118661 27.053950476 27.4907031489 27.8202956266 27.803694111 27.3203243889 27.7982500722 28.1404049404 27.7400018374 28.2501353647 27.3518768182 27.2468193123 28.0498913828
27.9887351347 28.2406163836 28.3032620114 27.8719711661 28.3886283287 28.3991572842 27.9497617246 27.2867270379 28.0840800297 28.1254089909 28.246792446 27.346010432 28.1560299079 27.714459615 27.6539577783 28.1293777547 27.4999248131 27.4839088381 28.1024724765 28.1739117592 27.382124539 27.9323307636 28.0147259219 27.9945636759 27.960833528 27.9727018276 27.4791891761 27.6376637423 27.7787285699 28.0646624894 27.8911616546 27.0339571982 28.1033457007 27.0117456889 28.2758177236 27.0258455117 27.9320177415 27.3698775374 27.8846015924 27.9179183391 27.0449405608 28.3494140196 28.2979635043 28.3044059906 27.8105034262 28.4115962864 27.057233732 27.0567450137 27.7888024273 27.9226927675 27.4860650416 28.3418084426 28.3085007475 27.2225836935 27.2823961883 27.1138506059 27.4903066887
28.1350844417 27.0798462294 27.0777322529 27.0905708782 27.7578081244 28.0271528564 27.0443856471 27.6195523967 27.0577589892 27.0810684491 27.9468836399 27.4218888886 27.463146068 27.5668977809 28.3895105715 28.3731215214 27.7627871644 27.339434508 27.5508370324 27.7181682439 28.0428702259 27.3642497898 28.1310498692 28.3810774282 28.1694118069 27.4529269151 27.4390291302 28.1612118875 28.1391455208 27.1832559283 27.5683725744 28.2826442132 27.9405314062 28.0064837043 27.4816073933 27.9876630174 27.5089525289 28.1267383851 27.1369070265 27.0157960534 28.1813274781 28.2424604446 27.0817709016 28.2637669459 27.8901950723 28.2981485569 27.733890668 28.0719627962 27.9046005558 27.0056652586 27.6828708565 27.1781792999 27.3406301842 27.6787918278 28.2404877392 28.0257644806 28.1531115758
