Spatial_Output/DEC/DEC_0435.asc
NCOLS 155
NROWS 192
XLLCORNER 196307.867259
YLLCORNER 449144.565805
CELLSIZE 33.573938
NODATA_VALUE NaN
[rows 130 to 155 of 192, columns 57 to 113 of 155]
30.5529700493 31.0543315417 31.0312058279 30.9855024223 30.701972842 31.0967848484 30.6051325557 31.1832333065 31.0307512131 30.7653843938 30.6047479114 31.1586432799 30.5573910937 31.0693802417 31.0755696423 30.5847513673 31.1058595797 31.1437888 30.6568638918 30.8157402215 30.7339584179 30.6877244779 30.7609330709 30.8939893643 30.7330414841 30.9673359435 31.009787944 31.0891934945 30.5711676755 30.8626230352 30.6160989177 30.957803187 30.505967284 30.6682746091 30.9225385076 30.7209016708 31.1163735048 31.0188137607 30.8244108573 31.1358606787 31.0737099757 30.7486107947 30.5396290087 30.5929101694 30.9580036125 31.0253951787 30.5697754434 31.1148391576 31.0508364978 30.7101946361 30.6776945439 30.8521582823 30.8757316472 30.6292355794 30.9186145949 30.8976749685 30.9331789147
30.9651909663 31.1368446663 31.1980703507 31.1285155943 30.718954002 30.7155132409 30.7346582986 31.0936481729 30.5240195083 30.7581787058 30.6974473594 30.7507080269 31.1907886018 30.6763780811 31.0217958553 30.5746137031 30.7468063683 30.5167120597 31.1173438412 30.8702158658 30.5418962997 30.599885855 31.157219316 31.0252536358 30.5484376767 30.7704001809 30.8939026764 30.8011709317 30.8433439461 30.756031872 30.5313847761 30.6370104352 31.1460608053 30.7608442245 30.7209537993 30.9778318494 30.6640399438 30.6470195891 30.7249206869 30.9451325407 30.6622237606 30.8371795939 31.0558267362 31.0827987185 30.8861402327 31.1378838127 30.6087546877 31.1574323034 30.8442454903 30.5185622761 31.199180809 30.5251017833 30.9217408378 30.768524801 30.8703853778 31.1551641311 31.0380449734
30.9014509636 31.0307489581 30.9866049554 30.902644575 31.167156143 31.0603819818 30.8816136696 30.9865693099 30.5524657332 31.1391380694 30.8890712717 30.5755489276 30.619966449 30.6382956385 30.6973209355 30.5486049813 31.089736261 30.9284085728 31.1570218737 30.6485644511 30.527976011 31.0619278767 30.5002423678 30.587865482 31.1513940423 30.8705533769 30.8274086388 31.0754297132 30.6295557058 30.8495069669 30.8732286534 30.839362781 30.6899838104 31.1588345446 30.6424562441 30.9073985534 30.888049405 31.1923673854 30.9122166156 30.6317180169 30.8390294235 31.1610127646 30.5946151283 31.186627021 30.9304497927 30.6554777641 31.1647201496 31.0150228603 30.534708908 30.7299257751 30.9452100273 30.8429188426 30.9482849125 30.6956131908 30.6029612893 31.0023417308 30.6220598793
31.1713949338 30.562034803 30.9411121215 30.5344002621 30.8899094511 30.648845748 30.7068000292 31.1771344213 30.9866302066 30.9891300081 30.5919043807 30.8608829447 30.7697013518 31.060008586 31.1827779126 30.5027904612 30.9674423233 30.6617794551 30.7400057384 30.8322044393 30.6689606967 31.0259798525 31.1994186627 31.1445150362 30.7958461494 30.6278625323 30.6168936089 31.1621052196 31.0815786411 30.6478860989 31.0461231262 30.6165470773 30.5781247715 30.9310082977 31.1048611287 30.500251475 31.006840743 30.6607809365 31.1796758859 31.0613530636 30.8944059345 30.5349129026 30.5743876018 30.9986611891 30.7224644461 30.8869164653 31.0705047164 31.0152213332 30.9113737607 30.8546929717 31.1210255058 30.8203175243 30.8178507894 30.7745996997 30.6812933076 31.1533721735 30.9166508342
31.011875805 30.7883654295 30.8388134798 31.0522623886 31.1530104629 31.1563683044 31.0030009654 30.5138220865 30.6499650572 30.6207525443 31.1620728369 31.0217420842 30.8634833956 30.8046292909 30.5135257145 30.6180565075 31.0841462471 30.7017224481 31.1385367806 30.75210496 30.9353264579 30.7143403225 30.742861565 30.8853273915 30.537335601 30.6936601205 30.7026202949 30.8226999698 30.6394965915 30.6392959492 30.6140184831 30.868999657 30.8436813162 30.8594576643 30.9989047581 31.1084355777 30.6637634195 30.6427437541 30.5011121207 31.1607870637 30.8796471189 30.886345348 31.0320927181 30.7901252753 31.1889963296 31.1789745379 30.8353908482 30.9419378265 30.9106953399 30.8546249033 30.5038793837 30.5374434938 31.1449455311 31.2048816803 30.5100195615 30.9970102893 30.7066027387
30.9360117964 30.7156360743 31.1445606762 30.9616969899 30.79153133 31.1220368654 31.1069626913 30.9069620228 30.9607325961 30.6256828443 31.1279407697 31.1024406075 30.8787541137 30.5863251796 31.0450764265 30.9226262847 31.0687274304 30.8683367686 30.5260582677 30.7877183463 31.1563370128 31.1420619542 30.7762658838 30.6941011929 30.5122416053 30.7700566488 31.036726163 30.7806981279 31.0319941816 30.7685813932 30.7209733534 30.5524706913 30.6683141878 31.0300110103 30.9823447797 30.8963586314 31.0466787932 30.5331846133 30.7240943472 30.5807581322 31.0347013645 30.866276495 30.9220874576 31.1822669608 30.7661817113 30.8126342889 30.9247623095 30.5559024663 30.5986785524 30.700053107 30.7832721307 30.9398000391 30.6384422007 31.0523598247 31.0631991748 30.7544315459 30.6453252949
30.794856791 31.1776870821 30.6938121006 30.7933452699 31.1107876844 30.6794274446 30.8522234136 30.718189245 31.0391781606 30.6282433216 30.617954955 31.0878893509 31.1746372019 31.0761293258 31.1472271134 30.6495318603 30.6476049268 30.8995015172 30.9833326573 30.6610738949 30.8722379189 31.0189673285 30.6282978681 30.9441233609 30.5417898726 30.8239226842 31.1184433566 31.1089702027 30.6262013219 30.5360341845 30.7775978786 31.0125278859 31.0811057678 30.7760165117 30.6246506444 30.9544921311 30.8262238289 30.8905460676 30.9087775189 31.12221626 31.1536334771 31.0514977966 30.8079920078 31.0389075447 30.8936503405 30.6154258541 31.1595347253 30.9832770416 30.7842448073 30.824163408 31.0165230479 30.9749597065 30.6389764981 30.8532475819 30.902991316 31.1701207418 31.0154034866
30.6703235814 31.2056420389 30.6508428114 30.8539928355 31.0585958563 31.0121714668 30.8870969211 30.5001612421 30.6545102949 30.9814515073 30.8682837851 30.5347001666 30.8136932774 30.8585938811 30.6535832372 30.9394632891 30.6354983137 31.1033805032 31.0605083654 30.8330290935 30.7765419167 30.5579020279 30.8370153246 31.1719866668 30.6953788139 31.0693185872 30.8526120599 30.8794701038 30.9974915741 31.0662249397 31.18628666 30.765349549 30.9866367112 30.7632998495 30.7671498143 31.0404320224 30.9151092953 30.6211407437 30.7595606077 31.1863176221 30.7310109657 31.1773053903 30.9866604404 30.6736678836 31.0260109476 30.6352144888 30.6717129728 31.1066720599 30.5548908047 30.6207014253 30.8318387706 30.9913133219 30.9537180051 31.0116662966 30.8228654932 30.5594271731 30.5452152579
30.7227138331 30.7643924121 30.547520327 30.6022983459 31.0252703196 30.6061694122 30.8354766282 30.8402322743 30.8571953106 30.5155340041 31.1680875425 30.8175560179 30.9241531918 30.6824250388 31.1308113674 30.975722725 30.6609512153 31.1856180039 30.5114901885 30.595422803 30.7421515892 30.7417695999 30.5676201124 30.5560175983 30.7906260852 30.7235477987 30.9633143106 30.8307582837 30.6270756342 30.7344911253 31.1544982493 30.9881538263 31.0954280256 30.626980532 31.0136146418 30.830768617 30.6485572711 30.8596058903 30.5604334947 30.9924705057 31.0118355598 31.0189680121 30.8600351429 30.652067549 31.1301026357 30.8400272903 30.8874481518 30.6473661309 30.8139892202 31.1605497744 30.8601339794 30.6829203239 30.8793118023 30.5516397534 30.7256379815 31.1357928312 31.0183767606
30.815837441 31.0123008882 30.9458666298 30.8424975361 30.775731022 31.0681876521 30.6554885975 30.9390810531 30.9126651846 31.1079715949 31.0862143925 31.1565974912 31.0701043078 30.9616506794 30.6300556115 30.9343028935 31.0519512293 30.5289779923 30.5335834178 30.572007902 31.0820978879 31.1297453044 31.1296024069 30.8870208688 30.564764857 31.1146817443 30.96777057 30.5819537771 31.1371326679 30.7303193615 30.7393775288 31.0099225545 30.6755250163 30.5194224663 30.8366262741 30.9309476835 30.9179864773 30.8085030787 30.540092652 31.0712518844 30.5896268628 30.6316564769 30.9823885419 30.8609963046 31.1038018749 30.7418531943 30.9254826092 31.1230105806 30.8281817956 30.9578055698 31.2058104249 30.5620835009 30.9418903774 30.8451508208 30.5555450303 30.5045136014 30.8606167511
30.7675997585 30.6909218726 30.5994678941 30.5583442235 30.6252492702 30.8696256912 30.8283720459 31.0677346586 30.7357650708 30.8597299603 31.1741299694 30.5677692788 31.1014040566 31.0262371982 30.85499286 31.0025338326 31.014373933 30.5465373449 30.6177027726 30.5225335369 30.9403401973 30.7264048686 31.0620552328 31.1025076231 31.1974256039 31.0100565174 30.5007870643 31.1768103189 30.8028794263 30.7841457913 30.5364501486 31.1043297075 30.8709280637 30.8120881902 30.6949672303 31.0490217952 30.9359556219 30.9037589861 30.9117689724 30.6920118489 31.1074987345 30.8902388513 30.7624913696 30.9314462904 30.508652624 30.9535333959 31.0429378829 30.9646839 31.0068377509 30.6252233486 30.6875592378 30.8423226688 30.9001082597 30.9662144624 30.6299846704 31.0750636385 30.7275269542
30.821518423 30.5946411849 31.105472215 30.880689262 30.7196070365 30.7905177159 30.8711984568 30.8627126293 30.9526168309 30.970038636 30.5198243976 30.5995085788 30.9930689094 30.7877367514 30.6613127918 30.8397687414 30.8706422217 30.5709071047 30.8304707822 30.5708771297 31.1026751442 30.9022375089 30.6595218602 30.755685015 30.5678273236 30.8545061534 30.992112683 30.8465529708 30.6535813725 30.6787583856 30.8614117253 31.1372625039 30.767151992 30.8911597845 30.5433044469 31.1468622157 31.1324284968 30.5424857506 30.5451971943 31.0235701687 30.5854420391 30.7801893984 30.5205270799 31.0437600495 30.9436835847 30.7006892644 30.5401388298 30.7678236763 31.0468729723 30.8507185038 30.6469596174 30.9622955473 31.024886034 30.5830969998 30.7036534611 30.9434191705 30.5173327679
30.7010510173 30.9672448547 30.5617926143 30.5441692923 30.8000789033 30.5615146132 31.0136579222 30.6608540497 30.7312377209 31.1868360831 30.6433743138 31.0029255251 30.5193442556 30.5450410662 31.1824794282 30.9941030315 31.0878300784 30.7896071459 30.6159641986 31.1489123532 31.1787411504 30.8297180772 30.8330338745 30.791462179 30.7125885853 30.874770702 30.6321661664 30.5052005552 31.132153234 30.8935504142 31.0069728185 30.9432637074 31.0283542281 31.2052846321 31.0413107714 30.5680246184 31.045974314 31.1972197091 30.6383621348 30.8137337144 30.5194789687 31.1355638925 31.031156046 30.8760821427 30.7744900316 30.5296623994 30.8820593656 30.6737619531 30.7893288588 30.9244845866 30.583464294 30.8542514776 31.118724733 30.8289611248 30.850744087 30.7447352179 30.7929209361
30.7827821489 30.748024617 30.8024149588 31.0883523113 30.585067426 30.5969026762 30.7607421679 30.5168729308 30.8778191947 30.7862950627 31.1899359763 30.9345205978 31.0666572657 31.060012693 30.9462848616 30.8242401437 31.1283365629 30.5197060256 30.6050953045 30.660411012 30.5503179781 30.811747106 30.8496683882 30.7118743037 30.7590300478 30.9114806426 30.7426730337 30.561907627 31.1845283121 31.0174104506 30.7395437599 30.9014129236 31.1828902685 30.6444653696 30.5055024796 31.0071878508 30.5673252832 31.1734218411 31.1192508729 31.1622793391 30.6627906461 31.0615302502 31.056974085 31.0833922851 31.1554100571 30.5172242297 30.9392532831 30.733597225 30.8071191827 30.9709748752 30.5255070591 30.7992805114 30.6215716542 30.9212970966 30.9545459522 30.7089785202 30.7978102653
31.0916985123 30.7194885257 30.8969100868 30.6420793025 30.5948633609 30.6150337805 30.9793856652 30.6987004288 30.6222270041 31.0770821372 31.1006145104 31.0638917506 30.7340686259 30.895835241 30.6330935863 30.6809222023 30.9591920422 30.9242041365 30.5195342265 30.5697362706 30.6137000224 31.1473576429 30.6984403926 30.72015791 30.7976089369 30.9731968196 31.1660290535 31.092581227 30.8296103384 30.8800109964 30.8386037487 30.9990189504 31.1332671341 31.0832700453 30.958116718 30.6805269635 30.9561221565 30.5414178494 30.8113211473 30.6626651205 30.8868958271 31.1365380376 30.8250309358 30.997550245 30.7584804688 31.1457942484 31.0889611588 31.0517351734 30.7473230215 30.9933191456 30.7292255984 31.0063964206 30.9743745324 31.1028085604 30.7880463598 30.6866750235 30.6944197064
30.9977189996 31.1738665344 31.1060934235 30.9041742036 31.0133217653 30.7639865343 30.7795691624 31.1010767283 31.1643079711 30.6175145969 31.1511968106 30.9864026934 30.6116634143 30.8576812464 31.0498342262 30.672845455 30.8186263672 30.6865026645 30.5651271857 31.0382127411 30.5268952259 31.1219710495 30.7537511109 30.9102266043 30.6152585878 30.5868421926 30.8871081842 30.647709856 30.7304131473 30.7116680415 30.7314242719 31.1332528342 31.1976085624 31.0493563051 31.142277493 31.094810845 30.6479877805 30.8914458722 30.5662282858 30.9814557809 30.9339821468 30.8061498084 30.6339418856 30.5455935515 30.9843481159 30.9570236455 31.1904877263 30.753833833 30.6567671803 30.7170626779 31.0213456088 31.1168146649 30.5160839396 30.6442581875 30.8942042737 30.6589388954 30.9341040274
30.5734045003 30.9959475625 30.5561698744 30.7475901604 31.146582616 30.9576576605 30.8244927496 31.0960260524 30.7446483983 31.1844900218 30.5842849491 31.0444375241 31.1668413634 31.1762162429 30.7410304906 31.0280952175 31.1419397034 30.5295319087 30.5976196717 30.7262849649 31.1894151311 30.8166229722 31.142002983 31.1664416738 30.736401801 30.9373234296 30.8941233411 30.533230233 30.673261748 30.6843818295 31.1638269366 30.7716075884 30.8729057453 30.6547248292 30.9908181877 31.1284031963 31.1317927222 31.051094636 31.0111725957 31.1466751552 30.5500564955 30.7634060982 31.1242834064 30.5290375168 30.914526475 30.681907666 30.7689508027 30.9690129516 30.8815310891 31.1742808655 31.0653882384 30.6633616396 30.7665958096 31.0485084327 30.9297426589 31.1402058259 31.0497442917
30.7170087739 30.9171985409 30.8864931991 31.0798982144 30.8355915956 31.1882260153 31.1021150255 30.649211334 30.5784533232 30.5970936308 31.147581621 30.5457017935 30.8892439337 30.8530432121 30.6082731658 30.7502492559 30.5398128806 30.943334269 30.6090249582 30.9538684911 30.5894959721 30.7139373597 31.2063451267 30.7250079456 30.982062042 30.8501772398 30.5180740266 30.5781340086 31.180398994 30.9982790437 31.0135008998 31.0951196679 31.1277944682 30.7245561313 31.073691322 30.5580558305 31.169232361 30.6479947818 30.6208442084 31.0442239647 31.0232074613 30.8655521049 30.9985217686 30.8624861049 31.0507326563 30.7508583557 30.9068134308 30.5159852956 30.881112537 31.0564644685 31.0186850969 31.0557889857 30.5640906409 31.1859540216 30.5388202285 31.1839210507 30.6683872363
30.8194381509 30.8325857815 30.7307682605 30.6446722386 31.0557007628 30.7649202319 30.6630614106 31.0073534366 31.0420495427 30.7185678742 31.1048373157 30.7250607145 30.7950254068 30.8388934152 30.5825043459 31.1962039812 30.5387681487 30.5117352594 30.9189626645 30.5000715015 30.5797501528 30.6986684202 30.8269255999 30.5521879375 31.0879032154 30.8114173454 31.099855416 30.5231677732 30.7367938636 30.7087620421 30.5247716252 30.9869172007 30.7767102722 30.7249867887 30.5315604608 31.1546506314 30.6850329447 30.7690277921 30.9957838524 31.0916476004 31.089790667 30.7771842946 30.5096525912 30.5699873604 30.7084258681 30.8220404063 30.8939866472 30.7940598613 31.0440381618 30.8629285124 30.6051271842 30.8160556287 30.9187973321 31.1828300999 30.9784614079 31.1861130668 31.1799239707
30.8887471411 30.8823389717 30.8464332033 30.78627313 30.5414991205 30.6901910011 31.1791904968 30.6523378451 30.7915626814 30.6727901465 30.5567391774 31.1741508226 30.7510071688 30.8383867826 30.8268993278 30.9354142276 31.0051984713 30.9873392843 31.1090387013 30.6499228059 31.1350262016 30.6645816076 30.7889323978 31.193770558 30.5548031335 30.6274038326 30.9343111675 30.8792080099 30.5469744335 30.9722425532 30.6334562004 30.8758515817 30.7076491216 30.7491905493 30.7886332371 30.6507872434 30.7909777972 30.667484356 30.8909304194 30.9648717823 30.9855065943 30.7906913175 30.5498868098 30.9320528662 30.7340311832 31.1553129508 30.8617007847 30.7341343015 30.501658062 30.6208372352 30.7736940737 30.9259056463 30.7946158061 31.1903201207 31.1820210038 30.5533307413 30.6414397377
30.5255536367 30.8916516813 31.033906734 30.5903247105 30.9649291638 30.9639512757 30.9458035169 31.1214178929 48.2742043354 49.5196947119 56.6223661097 30.813011408 30.5789538934 31.2012776992 30.9708393207 30.8032284639 30.5017906761 31.0123272488 30.9482014967 31.2030875508 30.8780655097 30.6594528133 31.1019085527 30.6218808944 31.1457927375 30.506447277 30.8901281057 31.0944245376 31.0871849209 31.1980113822 30.6429380973 30.8622383838 30.8372589882 30.5501024486 30.6430636773 31.0094824002 31.0276502123 30.9242696794 30.8826905299 31.1283404353 31.1942802862 30.6412758029 30.9353949125 30.519114861 30.9915366574 30.6111676884 30.856335392 30.7391215076 30.9653029776 30.5306525614 30.9836508715 30.6193473609 30.6900488648 31.1600531946 30.9739818496 30.7874349951 30.6753568626
0 30.9684867782 31.1546146332 30.6584202648 30.5289524742 30.9941414921 30.6954405321 30.7026787518 50.2790490578 48.0085223963 51.5305544051 31.2061396375 31.0677456535 30.6783198683 30.7311129512 30.7959447645 30.5198640318 30.8545524059 30.6360824304 31.1790399954 30.9158328197 30.7505090233 30.8986700471 30.9853017971 30.549600928 30.5005079097 31.1717264627 30.5302125063 30.8551581873 31.1885851683 30.626470992 30.5795122415 30.6281023885 31.150030261 30.7899584713 30.8161882725 30.7070843632 30.5465892089 31.154836581 30.9990486943 31.0455637956 31.0200096665 31.1686571102 31.1956286563 30.7008337116 30.9136932992 31.1430838213 30.7068103263 30.9370799543 31.1202751689 30.7050746174 30.910577775 30.7723274313 30.9220762376 31.1696579124 31.1918410387 30.579111419
0 0 0 0 30.6840418885 30.9290587858 31.1241612695 30.5032544256 55.0704221448 44.3670712259 53.1912000976 31.1439674755 31.2047992432 30.7137059191 30.7220480325 30.9903998515 30.5744866096 31.1229862675 30.8695078502 31.1748289027 30.6776662675 30.7357384362 30.8112071508 30.726652314 30.6258875663 30.8007267621 31.1166258591 30.8681220194 30.6182944236 31.0700747114 30.6017427274 30.7506551314 30.8125925854 30.6701514145 31.0418086258 30.7783294719 30.5858950322 30.6719300052 31.0877549708 30.7067802643 30.5897244963 30.779424513 30.8548795824 30.5251735406 30.5663390763 30.9190345688 31.0893472499 30.8175529548 30.5999357515 30.5419081288 30.6394306012 31.0252730242 31.0906626797 30.787981664 30.9279320937 30.8615932103 30.7750725234
0 0 0 0 0 0 31.0748886279 30.9452583417 30.7999354432 30.9232480475 31.1555038044 30.8508413988 30.7433462712 30.5548608988 31.0847354897 30.9889535633 30.5178953501 31.1898742684 30.7390405148 30.5798389692 30.8393636355 30.6329510486 31.0038372336 30.6440354366 31.1973714817 30.6512412245 30.7007089981 30.8950176188 30.942960422 31.0380802054 30.8994770028 30.8764405111 31.1126033149 30.9458696702 30.7608794839 30.6162722333 30.5749124537 30.5853354026 30.6962103671 30.9417797154 30.966393253 31.1189422802 30.6840468383 30.6790874349 30.852326123 30.9962480104 30.6716931548 30.6145070652 30.817000049 30.7802241003 30.6518678369 30.7968263682 30.6114838634 31.1877664709 30.9861652044 31.1732810595 31.0641647919
0 0 0 0 0 0 0 0 0 31.0206694559 30.5659854688 30.6887886539 30.9309478929 30.7091674835 0 0 30.904427356 31.0800043498 30.9350467405 31.0567832508 31.1503385795 31.0049925509 30.572997449 31.1524878282 30.9463181543 30.5696608526 30.7496598142 30.6078471831 31.0070413673 31.0849559814 30.6599414534 31.1345460275 30.5439088 30.8209187728 30.7876970417 31.0823256711 30.8833070052 30.7330516937 30.8699019788 30.9594503345 30.5594124393 30.6236419672 31.1309473718 30.6197630326 30.5478795352 31.164274704 31.0032940436 30.9964398868 30.7475821892 30.6541943164 31.166751304 30.920179252 30.6877635882 31.0349928766 30.863090226 30.7983147353 31.1965772505
0 0 0 0 0 0 0 0 0 0 0 0 0 0 0 0 30.776437894 30.7197969163 30.5040487754 30.8622689724 30.6746337216 30.621181264 30.8841234127 31.0602641543 30.7316433813 31.0119793318 31.2063677605 31.1467749801 31.1390354267 31.2062537032 31.0117158143 30.80376078 30.8953605211 30.9836240633 30.9521941682 30.5811213466 30.8826509938 31.0059967127 30.632664574 30.5020781227 30.9110725031 31.0477067533 30.902416805 30.5720980761 30.9803617687 30.5332070577 31.0997897308 30.8412984615 31.1626642225 31.0423306267 30.6246194148 30.8687553613 30.6924547847 30.7285210843 30.7269538429 30.7543048405 31.0719572212
