Spatial_Output/DEC/DEC_0578.asc
NCOLS 155
NROWS 192
XLLCORNER 196307.867259
YLLCORNER 449144.565805
CELLSIZE 33.573938
NODATA_VALUE NaN
[rows 130 to 155 of 192, columns 57 to 113 of 155]
26.7460057594 27.8864423883 26.7964227825 26.5357435153 27.1225755417 26.6369674378 60.9820467701 27.4676511489 27.4208226292 28.0475325465 28.2065972328 27.8571907127 28.0862395036 26.9677200498 26.6933874309 26.8629866255 27.0253281016 27.9911797542 28.0760081986 26.7903958791 27.0216971352 28.3412458448 28.028409574 27.320770213 28.3364429559 26.5791280564 26.8585705372 27.484759213 28.0117762264 27.6081624156 28.0073546509 28.4547725158 27.6334422192 28.5750009883 27.2756702311 27.9032540449 27.6662548138 27.469019932 28.5675631858 27.5878957888 26.5292976453 27.6684957316 28.4927362708 28.2907195953 27.6902673584 28.5232880237 28.0641127451 27.4724865543 27.6749888145 28.2064134439 28.2026434407 26.8559663031 27.6596590053 28.2934818752 27.3763499514 27.7638094359 26.7061648954
28.334587024 28.513750136 27.4220737926 28.5321519559 28.4172129736 28.3433821864 27.3252372171 26.6605060327 26.639136231 28.4592860357 26.6954920183 27.9567839748 28.5728740006 28.0828953068 27.0387125753 27.5233949789 28.0500629164 26.6364719767 27.8911670158 26.6913336109 27.7009058672 27.684966231 28.5999193362 27.0430271952 27.8230807456 26.7178146603 28.3249235911 28.1162454276 28.0868582949 28.4645207699 26.5537570447 27.6931583039 27.3610346867 27.0335152405 27.8887313025 27.4752573825 27.7044385854 27.6805576305 27.0012107134 27.4567313831 26.5610262845 27.5767137324 28.549495063 26.5048998719 27.4646672309 27.4875135309 26.903942689 26.8673288882 28.4239761568 27.4882379086 27.1654375922 28.1174060534 28.0716075182 27.8732376595 28.6161229672 28.287200297 27.8847270881
27.1827560306 28.5530398277 27.9870278486 28.2183583746 28.4584409889 26.5840466354 28.5315095611 27.4884882959 27.2324068391 27.076496397 28.2895582705 27.7866396471 26.7828910794 28.1632925186 27.9342079292 28.1708653364 27.4177213394 26.8407699352 27.1233798525 28.0989477579 27.56578267 27.1301838366 27.3837698114 26.5391371913 27.4785925248 27.997270358 28.5567392471 27.2943655141 27.1006112408 27.7295639868 27.8695187068 28.4685431125 27.4954820625 27.7677450528 26.9432563966 26.6804798031 27.8525483155 28.3224155039 26.8665178562 26.6916356408 27.2195549302 27.6647796681 28.1851388532 28.5186586684 27.9707084393 27.2372849377 27.2823467786 27.0739072877 26.6685169655 27.6086428263 27.1156012347 27.5102566132 26.9759071338 27.7240001639 26.9086618604 26.725889225 27.3529797782
26.8237226755 26.6328587756 27.7915141549 27.3861649662 28.0627795203 27.3758306355 28.1817099077 28.4933351611 27.1544819586 27.6180415983 27.0563305522 27.4146971406 27.4985437575 27.9672807162 28.0668518969 26.5195785825 28.3188589014 28.390988185 28.2242202678 26.5019275166 27.7876338171 28.0098340017 26.6213800251 26.7014871153 28.465472908 27.4824235434 28.5965026706 27.9568619162 28.4992138775 28.3665018141 27.9029942448 28.317062675 28.4220982099 27.008455519 27.6173014526 26.946947045 27.8479475772 28.2898455885 28.5137595306 26.5489784177 27.5862262447 28.4410820251 26.8217299962 28.2278765362 27.317424526 28.2731534382 27.3410227944 28.1460865739 28.1868349674 28.4484945227 26.8149613642 27.4007604917 26.8314947043 26.6489024835 27.0950174396 28.4454952623 27.2712560159
27.0176810491 26.9255835683 28.4368139147 28.1288196894 28.3152346134 27.1509094483 26.5429198797 27.4846986724 27.0170501197 27.8998581651 28.2538826609 27.7496528359 27.7752837212 28.3145322544 26.9959318681 26.5297044636 27.8560753467 28.259620673 27.3965027582 26.7240045276 27.2975349423 28.1062169621 27.2206438996 27.0314371005 27.4739943367 27.5491030888 27.0660047767 27.6463416874 26.6392226822 26.5122864853 28.5540713248 27.3329898468 26.789499653 27.6962160711 27.4929819391 28.4744732216 26.7885618624 28.5204542089 27.1742213076 28.2820987118 27.8204573548 27.7939629529 27.0965259466 27.0978273889 27.1390112922 28.5520163518 26.7544368321 28.4256619697 28.5143645228 28.6162960237 26.8914807662 28.2497478428 27.6557984485 27.7497832966 27.5055716199 26.7636865428 26.5433238976
28.4364871499 27.5790644226 26.636830742 28.3187951898 28.1521750771 27.0268592063 26.5819553578 28.2985092741 26.8074267407 28.0578363696 28.548388134 26.8538225439 28.2005800995 28.0563678893 28.2917383837 27.8435196928 27.4660756732 26.7197673103 28.4056232185 27.1273703341 26.7066925217 26.9585871235 26.6570694171 28.2213734007 27.652143858 27.2150901323 27.7679747618 27.372545553 26.667065896 28.0220694711 28.3169263916 26.7369300123 26.8364452383 27.7051150899 27.8141079278 27.3710402562 26.9509628265 27.8854754692 27.6276175402 28.1063180606 27.5490713216 26.6861288031 27.9025206622 27.6100438053 26.7008850795 27.7546152108 27.7186623937 26.8845318603 26.5114570091 28.4289080702 28.2204799471 26.5686270186 26.5990779441 27.0364793574 27.3672110896 26.581847902 28.125297608
27.9111816597 27.6177336903 26.6577960709 26.8081111901 26.5869409338 26.8494590053 27.2646312013 26.6999438467 27.1722660226 27.3913894642 27.2711120555 26.5766101281 26.9365932319 26.537495641 26.7336525185 27.3551663022 27.8636563092 28.1444162459 27.5839612049 27.7774924238 26.6176959073 27.8305578898 26.5881024161 28.1548554405 28.4075388856 27.491766721 28.2967448875 27.9243677113 28.1624315497 27.3481784603 27.3048473971 28.3433336164 28.5397204802 26.7812088995 26.6307979017 27.6284329606 26.9025425545 26.9293374868 26.8512632598 27.2534170918 27.7873238743 27.5661826517 28.4965535544 26.606597148 27.7158161417 28.5488708005 27.9781295016 27.1115860451 26.7367128305 28.5006420109 27.7264845308 26.6172536417 27.8158222104 26.6660094811 28.2579915561 26.8288056601 28.3157029738
27.9730948862 28.1602379271 27.2636508047 27.1006329668 28.1055473042 28.020102032 27.7625374774 27.8395957096 28.4815848685 27.959212028 28.5119921809 27.0892693222 26.6106639137 27.6752428906 27.8411731184 27.5203369807 28.0759239858 26.9692885201 27.5157622651 28.1154389905 27.8516351081 27.550430902 26.5990794867 27.9611004713 27.7893224068 28.3869634045 27.8846997517 28.4606182385 26.7799216648 26.6615610324 27.0200152949 27.1249194651 27.9041396631 27.9562443414 27.3644564282 27.5024507386 27.5366617746 28.0389886491 28.2308900619 28.2393790468 26.7282679341 27.8329169883 27.491814094 27.2180495096 28.5963399724 28.1527577336 26.9727240012 27.4216808036 27.5871153946 27.0336486626 26.8330201656 27.546088293 28.3766100754 26.611603551 28.3342126664 27.4508508842 28.5630841587
26.8190959288 26.5870223988 26.8577680045 27.3384260286 27.778533639 28.0087250542 27.9048682816 28.3614017584 27.3331574847 27.6632954425 28.3879922295 28.0705663035 27.5082383029 28.5080493948 27.623883106 28.5681005352 27.5401637908 27.1896269808 28.4258872095 28.3788907608 26.5830736199 26.9826527244 27.5935094848 27.5764103745 28.0028670549 28.2144828123 27.3388922574 27.0205037086 28.4310574211 27.7067294441 27.09232407 27.2242146587 26.9889754473 28.2161447566 28.0887095198 27.0865125132 27.0867570224 27.3493796835 28.3971070656 26.8125549521 27.8306903612 28.4373271097 28.1758437321 26.9338574936 26.8038852659 27.2114270993 27.9733501765 28.5189733371 27.3909877333 28.0928087669 27.1383956286 27.9741123454 28.0076624359 27.4051895872 27.0643806812 26.8793536445 27.3208661375
28.592724309 26.9318576801 28.1961744739 28.4435160179 26.5251900606 26.7854900659 26.7795293827 28.1280000263 28.4598820388 26.7966271904 27.4807287198 27.1447311591 27.2295023425 27.7669504165 26.5516793216 26.5339755666 27.3810910927 26.9711749553 28.5194756618 26.7827065842 27.4854264743 28.315725114 27.4647532155 26.6861583257 28.3064311177 27.929213225 27.1594043246 27.6398773656 26.9602728864 28.2241168977 27.7819165889 27.4760049882 28.2905200759 26.8090024612 27.5955606875 27.4896639609 28.2896271307 28.6133376163 28.4264184526 28.0691361302 28.1959934361 27.6369587374 27.0581924994 28.5881602053 27.6629511484 27.2798147372 27.2495215797 27.3008285706 27.253300859 27.8154527402 27.8422694418 26.622333336 27.316439252 26.6217589978 27.2067032103 26.9495463547 26.6983613261
28.3983237969 27.2780551076 27.9599359932 27.7539392501 28.2530915953 27.9954705815 27.6835457078 27.2447834053 28.4619310476 26.7862525831 26.8896984659 27.3480851785 28.0298207969 27.3078884707 27.230566772 27.467105476 27.8248976375 28.1569811661 28.1526364502 27.219187666 27.863726132 27.5264240435 28.151031547 28.1661659246 28.3134739239 27.9590287979 27.2264922973 26.7433782136 27.547374688 27.0612906081 28.1829651841 26.9555569787 28.3696643492 28.4683353589 28.2650276004 28.277461688 27.5321216103 27.3599234629 27.709754908 27.6187839966 27.6137699406 28.0823922537 28.5084162798 27.1557947502 28.4780349748 26.5986997894 27.5987891159 27.3831342707 27.6872715025 26.9917499477 27.4513925701 27.0511786557 27.3971702546 26.9040277895 26.5857026097 27.3285885812 27.2211382111
28.098403298 27.1008954222 27.0591473043 28.1188443533 27.34932928 28.4524020328 26.8127353473 27.445540329 27.5279878925 27.8885599512 26.585266848 27.1590045056 28.5185800372 26.9661197066 26.7220259668 28.5343398162 27.3731996708 27.8995721515 28.4066967628 27.5545485011 26.8444385415 28.0343184636 27.8624846161 27.0450879411 27.0846032861 27.1853778952 28.0395875278 28.2006143189 27.9991785788 28.5240436771 26.812994706 27.5486599838 28.5109855076 28.5747623037 27.9530214435 26.6592815757 26.7357339813 27.4081522289 27.4344331763 27.8420502375 26.9350141225 26.6869133025 28.4306604289 26.7827531466 27.5714506033 28.3519139015 28.3271335446 26.6879686506 26.6097417756 27.1407924099 28.0563962289 26.7989092074 27.1820571893 27.565318979 27.0699511611 27.2401691987 26.7798723191
28.3692101243 27.7029005132 26.6662020369 26.5413936937 26.7234452047 28.5915758067 27.9705114093 28.6100246643 27.4160908668 28.2036935753 28.0941347608 26.9363129556 26.8054811696 27.1591325819 26.5289194528 27.1182945318 27.4651482466 27.9484585468 28.3211703958 27.3136012267 28.6139695166 27.5358044519 27.0208501668 26.6731248486 27.6995903853 28.5242090492 27.8785895681 28.0299451456 28.2639398353 27.2100117535 28.0909291301 27.2040289428 28.0935778755 28.3859026446 26.5028611349 28.4732960092 26.6353434029 27.7574762512 26.5975053183 28.4678522267 26.5307687851 27.5537655382 27.0378780449 27.7825378754 27.8255728984 28.3963596755 26.7997981262 28.2759341929 27.889919383 27.96596448 27.7157953905 26.78944967 26.9315119381 27.6870471232 27.6999495592 27.5556890253 27.8424200154
28.2745808562 27.6395567162 27.9993517052 28.0791058833 27.1280884098 28.215422843 27.4214772012 26.8895671794 27.0041524306 26.5860287398 28.2137752214 28.1433266875 27.6475726052 27.5718728151 28.516619941 28.1217506942 26.5350577738 28.1216926606 28.3545398672 26.9060128467 26.5668936423 27.8866205119 28.4322770317 26.5470028583 27.638766321 26.505321676 28.1831375698 27.3284788439 27.1912405719 26.9436570155 27.1290447178 28.3905292033 28.141555702 28.4174001491 27.5406592279 28.4910218898 28.4429166585 27.4718649002 28.3144288164 28.3814047907 27.0366733798 27.993865208 27.9003460716 27.0099691751 28.1584459909 26.5341192234 27.6244093606 26.7039861496 27.1202112612 27.747754913 27.4306560162 28.0712262122 26.8268345838 27.2946233857 26.9661006378 27.3017511912 27.761473751
26.5888747202 27.7976688743 26.952654373 28.0128263952 27.8718638012 28.4070969749 28.4495538872 27.6270236734 28.4643271537 28.3357939113 27.1021761251 28.2886026698 28.1718549421 28.141443098 27.2953649294 27.5855579982 28.612778711 26.9883841716 27.2099435077 28.3936821404 27.6838138298 26.510750499 28.1376872441 26.8551732761 26.625942959 27.8081551636 28.0073951384 27.4868120063 27.3913562108 27.1426088227 27.8255967098 28.4090757494 27.6399775601 28.5407865629 26.8810086969 26.5699594803 27.4983556276 26.9789918126 27.8911588782 26.7999937748 28.0313166165 28.3933432223 28.1968966859 26.9322903199 28.448364376 26.5236152651 28.5429816108 27.3649892254 28.3560103831 28.0984047759 27.2041663551 27.9515437125 27.2239905342 27.0681976343 28.166203023 27.1706366442 27.9519610456
27.5330130549 28.331906487 26.7148437896 28.4118118462 26.754042252 28.061813762 28.5531974151 28.4006918734 27.5801626145 26.9411550956 27.1730758296 28.1803602163 28.5459206394 27.521074047 27.5639138414 27.4266108221 26.9767496559 26.9205839071 27.6620544718 28.5645696095 28.0305519507 27.6733258214 27.0037716705 28.2175272948 26.600412709 27.2552296007 26.6440686689 27.6711736891 27.7634209063 26.5175635602 28.0520145897 26.7944568466 27.597476008 28.4756886508 28.5257847153 26.8603416046 26.6667042149 27.6697578427 26.9412796286 27.6064603524 26.7702943927 27.8002206331 27.8364508824 26.9011003925 26.532422403 26.9859058562 27.16117358 27.6386586793 26.5532705386 27.3332318885 28.5449240409 27.7744395687 27.3679328166 28.3625225594 26.8240178604 27.7676356657 28.5663291219
27.3978231233 27.9582475926 28.3722202646 27.1164863942 28.4178879385 26.9010894988 27.955698944 28.2811059843 27.1347412281 27.6879796269 28.1371054577 28.2779556283 27.4931047653 27.7104153257 28.0967104006 28.0144338435 27.1537874846 26.9822416384 28.4681079631 26.9913345905 27.6383433033 28.4558601187 27.5729315297 26.573950413 26.6231811921 26.966164564 27.3832419396 28.1560830972 27.1290095638 27.6067984197 26.620021995 27.7385347893 27.6704828888 28.6042572435 27.3295546385 27.2358667113 26.6616047753 28.4320407611 27.9723990499 28.3557890625 27.3174308037 28.4918577602 28.3428709663 26.7214312745 27.2246137665 27.3256526467 28.1846457514 27.1858331612 26.7696168954 27.4201563085 28.2665593751 27.0109286299 28.592205966 28.1204714723 28.568207266 27.5171543258 27.5924755145
28.4633290472 27.0142022683 26.9658583347 28.5006655321 27.4607479818 28.523340258 27.0675729171 27.0187198501 27.5991938595 28.4036109854 28.2180193823 26.7465392898 28.383560075 28.1032310675 27.1724399513 26.7718467654 28.3845166402 27.5606037283 27.4567175322 28.0096162767 28.5455510751 27.7075543745 27.8391972441 28.0990516988 26.9283168225 26.9130998051 27.1149305949 28.5471579566 26.5790080719 26.532141272 26.582996344 27.3802782389 28.330857443 27.4378106569 28.5472586075 27.6751373784 27.5790229599 26.716496351 28.5268568372 27.6950084878 28.1677840993 28.0720319028 26.8832419653 28.5278927451 27.5729826876 28.5903438333 26.6821872186 28.2291746173 27.270764381 28.090255835 26.5996854394 28.5206331745 28.3435352987 28.3508705827 26.9195911995 26.6004472326 26.9736607766
27.6924148927 26.5273617803 27.8519587773 27.2488257522 28.5468937143 26.5682238542 26.8076945193 27.828770725 28.2928974149 28.5319245692 27.6757450889 27.5843664781 26.9733042023 27.7202060979 28.3118134936 26.7861591996 26.6159103791 27.8843971772 28.2999954546 28.5168379935 27.9304011425 26.7623036675 27.1349025343 26.981536582 27.3261171248 26.9370089623 28.3892771849 28.61078145 27.8638170314 28.0993331392 27.8647398768 26.8687720219 26.6406285647 27.0342961999 28.085492984 27.3980941261 26.9771862524 27.3110892038 27.2564082855 28.5564064123 27.4584816514 28.5952960314 27.607369908 28.262180018 28.3146523208 27.5862271089 26.9120015525 26.645013317 27.4582307329 27.722058299 27.1344955739 28.5336586885 27.7086431124 28.2269399801 28.1590585781 28.0963891098 28.2191495408
27.5734576549 27.5146854699 27.1487690228 26.8946736576 28.2225489505 26.5058895674 26.5454721792 26.6070980475 27.9147754831 28.2570713751 27.5292915393 27.0807014173 28.3194658674 27.5421490193 27.8988275068 26.5536508504 27.4365559966 26.709815867 26.7108378171 27.197868003 26.5719321833 27.4400801054 26.8459480782 27.5039667389 27.6626341656 28.546801795 27.7692355221 27.4476745133 27.343452086 27.8543906263 27.6030841942 28.2195882806 27.4436183767 28.5254364837 26.729365931 27.0972033515 28.1672511852 27.7185954006 27.6621009403 26.5193776307 28.0303475468 27.9525197793 26.7617589894 28.4201473863 27.5884277566 27.3702828939 28.557199968 27.5789391494 28.1734854031 26.9362181345 27.6235654901 28.4110249396 28.4817027907 28.5256682444 27.8148979848 27.4312821316 28.1705421043
26.9983952844 26.7513797913 26.6357788347 28.147688078 27.5918645834 26.6874624435 27.4211873884 26.7051660764 54.7022111201 44.6890015735 40.25236845 28.3527151003 26.735299077 27.6398112675 28.0567021757 28.253301071 26.9332647559 28.1538911003 27.8072643019 27.9765690211 27.1247538137 26.8360229943 26.5118113457 26.5591331849 27.5676339886 27.2426358144 27.5904343102 27.713361777 28.4546747939 27.3847294411 28.1573170864 28.5413870541 27.849780671 27.9116257319 27.4126762981 28.0408985186 28.3199575675 28.4590762019 27.5750366189 26.5162618964 27.4083171452 27.1542641433 27.1855677128 28.5621638698 27.3476080313 26.9474916868 27.61190426 26.9982830204 27.6280453899 27.3106147348 27.9802954901 26.990290953 27.8732474529 27.4615314767 26.9482926558 26.610102808 28.492632667
0 27.2773910356 28.1620045731 26.6339751256 26.9255804957 27.0271481424 26.5959145046 27.5914594601 46.2105426618 47.7095496048 45.2172283795 27.0804521172 27.3010281919 28.1741354343 26.7306495206 27.0892504554 27.4814009308 26.7955945483 28.4508895633 27.4154076201 26.6082668046 27.2341748189 26.5348249276 28.4039585676 26.7674479995 28.4675075851 26.7023862167 28.3169767464 28.2596765338 28.1997625385 26.5970743822 28.1954386773 28.405421656 28.0586737218 27.230287172 27.9519196159 27.4219919266 27.7774749993 27.7372468528 26.8253068531 27.5087137184 27.3455551136 28.4481292423 26.9274647479 26.6885628938 27.3009152753 26.919605946 28.4276166575 28.2822071458 26.937449028 26.7645475759 27.4612222917 26.592532562 26.6801738073 28.40185821 26.5021496463 28.5487817328
0 0 0 0 26.9013638034 27.4152703834 27.2863671026 26.5411402607 45.3075950553 44.7066486603 55.0850822289 27.9762682555 28.0144619867 28.3472741315 28.5808485956 26.9057810917 26.6140509254 27.0184196941 27.8311625319 27.2223028504 28.5922450929 26.7958914623 27.1564705028 26.7339841367 28.5040538551 28.4546093892 27.041992858 27.0065091418 28.516549258 27.7489048346 26.5055437068 27.9886863968 28.3403938446 26.9519273116 28.3065923448 27.1466291058 28.2703908197 28.4343223093 27.6114458533 27.7201707485 27.9226765206 27.637742813 27.7427349173 27.2273620112 27.9487645144 27.1716438902 26.6416114596 27.2578191264 28.5867317951 27.4923882479 26.728567943 28.4271495049 27.4623525839 28.0743108756 28.1078685208 28.419787752 26.7585003153
0 0 0 0 0 0 26.7236353398 27.4246335855 26.7917024747 27.8068719185 26.7458477982 28.1692799206 27.1462971478 27.6608766861 28.4561427901 27.6860303074 27.7930710394 27.5700065057 27.7105797506 27.5402087726 26.746989861 27.0698589891 27.1722829314 28.0935725675 26.6809338139 27.1606414445 27.2885626576 27.4185982858 27.1849144996 27.056429847 27.9524744604 27.4290996692 28.4702331511 27.6630380162 26.645379099 26.5206870258 27.5213474913 27.0976434984 28.5569068426 27.0015335768 27.8737470058 27.8204561207 27.433434001 28.1734084815 27.6981042688 27.168624671 27.9030372468 26.6380675656 26.6662236166 28.4377278171 26.6556879873 28.0562694444 27.3610720209 28.5256878179 26.8596808973 26.7091371205 27.614014196
0 0 0 0 0 0 0 0 0 27.7172694171 27.7960153478 26.5299323844 27.183808548 27.1945893528 0 0 27.3154045293 27.4778486621 27.2248400216 27.4732059019 26.8206392787 28.1526347327 27.0374527638 27.955628039 28.2142364138 27.8375152223 28.0277599279 27.8452300339 27.6732219277 26.6134062128 26.6557443563 28.0107374619 27.6423810258 27.861664783 28.4152288622 27.5482563079 26.7513751359 27.5276594107 27.1526585875 26.6890432182 27.7956645882 28.4340961728 27.0880629738 28.1216513198 28.1210112562 28.5996585804 28.0764958422 26.7445277103 28.1382048979 27.707234896 27.5508406861 27.153433446 26.7169747604 26.7893168182 27.805882143 28.6135137309 28.2104936215
0 0 0 0 0 0 0 0 0 0 0 0 0 0 0 0 27.4609808206 27.3852810533 27.6531719372 26.6151818562 28.3629771487 27.0480723521 26.6707304489 27.128183771 27.1503956158 27.250752903 27.0458264869 26.5119036445 26.7509571844 27.2940580559 28.5133954021 28.4397328463 28.1820600718 28.3514477235 27.5671547752 27.4652690094 28.0427737092 28.3582775914 28.5415746237 26.5756276046 27.8883826256 27.972990619 27.1864397573 27.8152278196 27.671199899 27.9956624133 27.6805206811 26.9397312184 26.8794565367 28.2281278553 27.8600699051 27.3579308447 27.794187912 28.1127902981 26.822389797 28.1955106815 28.382944376
