Spatial_Output/DEC/DEC_0991.asc
NCOLS 155
NROWS 192
XLLCORNER 196307.867259
YLLCORNER 449144.565805
CELLSIZE 33.573938
NODATA_VALUE NaN
[rows 26 to 51 of 192, columns 0 to 56 of 155]
0 0 0 0 0 0 0 0 0 0 0 0 0 0 0 0 0 0 0 0 0 24.2415490572 24.8628822191 24.40064697 25.4762909285 24.485807901 25.5792141976 24.2194769958 25.2439227884 25.5810441742 23.9159783642 24.6384075869 24.7879298678 23.7701146673 24.5222799841 25.548340266 24.3296805484 24.0983340677 24.4603760694 24.542186277 25.3551718502 24.2819119791 23.7929350583 24.3965679456 24.2225899378 24.6633699018 23.9293762113 23.7672095244 23.5293843253 23.5929730509 25.2489000618 24.2975724666 23.5550567158 24.4711650342 24.3589713325 24.3442814242 25.536604514
0 0 0 0 0 0 0 0 0 0 0 0 0 0 0 0 0 0 0 24.806515592 24.806653327 23.7359284885 24.7557695986 24.8911513169 25.2260538463 23.8553732436 24.2507545472 23.7670812791 24.8549855759 23.6447234321 23.8175473689 23.6792199439 24.2839194797 25.1374406056 25.3486709214 24.4879817771 24.7372405093 23.8652884249 24.4919024648 24.7805704819 24.054551121 25.3872833831 24.5172894914 24.9101911357 25.4856642751 25.5133061293 24.2559299513 25.4354376369 24.9713460455 23.5394448834 25.1490870136 25.3026516297 24.4239945295 23.925482138 24.3419283916 25.2551762132 23.7419381843
0 0 0 0 0 0 0 0 0 0 0 0 0 0 0 0 0 0 23.7905682365 25.0722164578 24.5115399444 24.527912035 25.4371097965 23.5591057408 23.901641621 24.1112558118 24.9256225722 23.5649896547 23.6151773807 24.0863080302 25.3828372598 24.8320919161 25.5255385993 25.4925406666 24.5206529236 25.0881562441 24.0271162754 25.5856356156 24.8966499374 24.5982854921 24.7870535734 23.7439245181 25.216533388 24.0875455487 25.4871169052 25.0580556636 24.2755568599 23.8753951305 25.1331287971 24.0280233316 23.9229202063 25.6024084646 23.9166303731 25.4237288637 25.544534049 24.4448268114 24.3989267285
0 0 0 0 0 0 0 0 0 0 0 0 0 0 0 0 0 24.8125470192 25.0015412176 30.6262575598 34.6702288325 38.0414674043 25.2993515098 24.3069393588 24.4486153042 24.9288724157 23.8906933353 24.2080869505 23.7230389929 24.2267084514 23.8155785351 25.1793389456 24.9124941453 24.8107166418 25.3235767504 23.8519011964 23.5658755698 25.193552033 25.5289375315 24.3271938543 24.0424166293 25.474067937 24.486646381 23.9752968455 24.6122576525 24.1618637404 25.6019787817 23.6436405177 24.1259713471 23.5274356662 25.126352157 23.8891540102 24.0845878691 25.2619001995 25.5866560504 25.151305724 25.2339140432
0 0 0 0 0 0 0 0 0 0 0 0 0 0 0 0 24.231080272 24.2323490726 24.7349562287 31.321616704 40.5219888459 41.9944090887 25.3747633004 23.9289270211 24.9525549713 25.0749033422 24.057130335 24.6366572271 24.4365803789 25.3261319856 24.4552300535 24.9488812987 24.0289715858 24.1192948441 23.542903859 23.5136453271 24.3802176518 23.5108082312 25.06710986 25.1924415687 23.6332803689 25.4887576559 23.8163770234 24.3928053996 25.4972875487 24.6781025304 25.3938582645 24.4841503755 23.8679430099 24.2980692641 23.6536641045 24.3736056703 25.1864167139 23.5536710829 25.0959062386 23.8023451532 24.7626916513
0 0 0 0 0 0 0 0 0 0 0 0 0 0 0 23.7972122258 25.4998670536 24.6882742247 24.3786441994 40.5521356983 34.4951458327 41.9144466129 32.8127717617 24.9006145716 25.0070312572 23.7532206021 24.2769501296 24.3459883284 24.804128177 24.6725195687 25.3541045622 25.5133448694 24.7792437973 25.1934056541 25.1810269536 25.1193994062 23.7638946476 25.1783892541 25.1372739112 25.0775552575 25.4500339651 24.5681811138 24.5126492795 24.0726995633 24.1457865289 25.152041285 24.9560601444 23.7501122313 23.8193808583 24.3533284705 25.2078216176 24.6350112214 25.3470804988 23.9867912305 24.2425883665 24.1357849883 23.7787212812
0 0 0 0 0 0 0 0 0 0 0 0 0 0 0 24.2920465112 24.5480901583 24.4109895021 23.6587345892 37.4843823168 35.3533526796 42.0448571733 41.7315489932 24.3275158225 24.5586823572 24.4647736635 25.2255067163 25.3663564478 25.3179377084 25.2228551208 25.4848752931 24.8568475696 24.0682782661 25.5425395907 24.2581506348 24.9532240357 24.5824170975 25.0833165364 25.2024251058 23.6206679572 24.3732676447 24.3852942872 23.5744013245 25.5327959161 25.5880539171 25.2156036757 24.0564738201 24.4928893567 25.1494091759 25.1542396327 25.6129684931 25.0890273307 24.2953583152 23.5617776572 23.8045567681 25.1958946393 23.8396731245
0 0 0 0 0 0 0 0 0 0 0 0 0 0 0 25.5513062191 24.354273638 25.4311244243 25.4466077532 23.5494977013 34.2799837152 36.0469087453 37.7551695102 24.2805147802 25.4874616457 24.4836986406 23.5349108023 25.2621802182 23.676431149 23.8742453369 25.0438735092 25.0499482791 25.3839382619 25.0030991589 25.1637470869 24.0261752751 24.7886877493 23.9597750219 24.5923379887 25.3071080518 24.4474671771 25.1018356612 24.8416889354 25.50369826 25.2968822813 25.4797190819 23.8119265048 24.5842571697 24.8510857105 23.6709040862 23.518343418 24.8592979729 23.7310020019 24.2836262782 24.7064576616 23.9318452973 25.2433100719
0 0 0 0 0 0 0 0 0 0 0 0 0 0 0 23.7720785692 25.2324785741 23.5164877164 24.3623163029 24.9833913242 23.9518862057 25.6041708478 25.4524333247 25.1701357196 23.5339189444 24.0400699579 24.4410885178 25.2540344314 25.5714098272 24.8422021157 24.8864566645 24.2300781403 24.1334788623 24.7837290604 25.160874203 23.7778187047 25.5525432321 23.7089581362 25.4671731754 23.5880343503 24.1973668319 24.3799910771 23.5589900033 23.923492933 24.6075342999 24.975047645 24.4777161573 25.5954709598 25.1262886025 25.0153426618 23.7543692646 24.0172890378 23.6476119634 23.555459423 25.25491279 23.9430302831 24.2763072178
0 0 0 0 0 0 0 0 0 0 0 0 0 0 0 23.717155672 23.9560012847 23.5371219775 25.3259787081 24.1158853905 24.1645561205 23.7131461942 25.5436209678 24.689897341 25.6176669805 24.3503273662 23.5551083722 25.3594953854 24.5368546073 23.5562527635 25.5335307387 24.4382337888 23.9033125522 23.6758920744 23.6493507247 24.3055080752 24.8627081964 23.5805628263 24.6080031565 24.7907634791 24.9809103559 23.7667935005 24.6981593961 24.9843586679 24.6970473062 24.1972531717 24.5079069352 24.9155850824 24.7367941827 25.5409238348 25.1401590078 23.6556395491 24.609964211 24.0665563154 23.8923683916 23.6418429465 23.783542673
0 0 0 0 0 0 0 0 0 0 0 0 0 0 24.2948723118 25.0843810271 23.6890559584 24.1905920524 23.5432313082 25.3689653653 24.9242626979 23.5964909318 24.0859237971 24.4304801981 23.7255126226 24.7878422553 24.4488672816 23.6572793315 24.5221504508 25.1247374476 23.759631752 25.1327639202 24.1630107323 23.7562849233 24.0736493321 24.449568699 25.0671065172 23.9973956677 23.8159400101 23.76312493 25.3691315335 25.3693044602 25.1158151106 24.0629201397 24.1646099849 24.7450742296 23.9123367597 24.8583025817 24.0332366584 25.4321520028 23.8537761927 23.5776239064 24.2526988332 25.2785633914 24.0687281691 24.8456868104 24.6719940944
0 0 0 0 0 0 0 0 0 0 0 0 0 0 24.6641850139 24.0938267982 24.9065974025 23.5275403125 24.1655372287 25.1857717767 23.7541617962 24.4631292292 24.4136677663 24.2349846135 25.5272586128 23.9225511934 25.0658932585 24.0782674839 24.0853886833 24.1994796292 23.6063651478 23.9918540273 23.6533497863 24.1549676157 23.9984671914 23.9678832043 25.4193413034 24.2425933246 24.4690136862 25.0805504226 24.8826659421 24.0911636868 25.2223363972 23.8613938296 23.5211754117 25.4862320702 24.9222076564 24.3939251454 23.7204385711 23.9659221347 25.0007849016 24.0849444633 24.7229419965 24.4381088909 25.3448949909 23.5881563278 25.0135341374
0 0 0 0 0 0 0 0 0 0 0 0 0 25.4740201351 23.6807668907 24.1061864645 24.4423779714 23.7152585923 25.0379437956 23.8268419841 24.8984628126 23.8974757629 25.4793085164 23.5681264977 23.9458586786 23.5027946803 23.9960829905 23.6899462833 25.1061241381 24.9019120873 25.0719911209 24.4687497687 25.293559537 25.4804260935 23.6546019622 24.0242286424 25.5680697746 23.994454501 23.7904527696 24.3798382251 23.6321502902 25.3758848336 24.2776501239 24.7204707284 25.3132920265 23.9763221825 23.8573719897 24.9533500124 25.4505854237 25.5333936489 24.9111535706 25.4972788074 23.8777803269 24.5267753028 24.2491031779 24.5406048019 23.5754686261
0 0 0 0 0 0 0 0 0 0 0 0 23.7740691977 24.7781533869 24.1406011836 25.2787662933 24.3009645312 23.9447136733 25.2276022463 23.7874079032 23.5074576185 25.3787204069 23.6891023097 24.928247652 24.2231859493 23.8568235255 24.7017499184 25.5501830341 39.1265348314 42.2961965068 30.7921900618 23.6963959258 24.9473172776 25.3504995041 24.0943209412 25.5442236227 23.7965110087 23.6392194078 24.3715183267 24.386566331 23.5507036698 25.2211495008 23.756806865 24.9684270766 25.2664830706 25.2563133837 23.6064686237 24.9480582716 24.3003847277 25.1150140835 25.4037610425 24.0331990905 23.9724905805 24.8159726365 24.9116242732 23.7158888693 24.9096642549
0 0 0 0 0 0 0 0 0 0 0 23.6660064772 24.5716556323 23.7235305375 23.5851304851 25.3554570313 23.8903122126 24.9645086772 23.8441979476 24.2653413696 23.8452772645 25.1682936889 24.4092778425 24.0335603109 24.4461968425 23.6924375478 24.6378302758 24.4029067169 31.5238625318 31.0634653314 30.6616545879 24.8893436744 25.2722586063 25.1699066849 24.3005047063 23.993331543 25.4064822198 25.5965737281 24.3167901455 24.0646556407 23.9696277684 25.3599674554 24.5147889435 24.0107323605 25.2349084252 24.7356992659 24.6126677645 25.5300516013 25.2687681975 25.0592610217 24.0950632614 25.5824734436 23.6443196028 25.5157349833 24.2875147568 24.687817393 24.1361504436
0 0 0 0 0 0 0 0 0 0 25.1677976333 23.5364073835 24.2183932621 24.0699313056 25.1431629054 24.7507624526 24.9115901064 25.0339975525 24.6679832507 24.3580392281 24.9162526367 25.4972708381 23.5680619864 24.9135899711 24.5804203377 24.3256818449 24.9217567088 25.1747415249 38.8910648295 33.1497532788 33.1526818802 24.6482281721 25.5393100931 25.4734164484 24.4762621386 24.9989206845 23.76427077 24.85004371 23.8490416582 23.7884946238 25.5047879701 23.6150485439 24.248714704 25.4450405591 24.1549595504 24.3481888308 25.5134359078 23.5779311715 25.530382401 25.1551580137 23.8802411944 24.1343767147 24.8694822849 25.4651510445 24.0014492139 23.7294712217 25.5346552984
0 0 0 0 0 0 0 0 0 0 24.9351530134 23.7108863762 25.4395515943 24.2465717452 24.8840312866 25.411780041 24.9536616857 24.5798451428 23.88527828 23.8522862454 24.3469159399 25.5250509385 24.3916319531 25.1765960532 24.7977929501 24.2971131051 23.8310868419 24.3817336739 34.9237693737 32.1393422562 32.340932655 23.7745852972 24.5140893042 24.9305181873 24.9047114745 23.5441042885 25.3569068305 25.3264498566 24.5993233557 24.7582690056 24.8719471564 23.8686362257 24.458931153 24.6736702799 23.5198034629 25.171765156 25.5302981787 23.9303835808 25.2165368963 25.4724336111 25.3469286965 24.3533836507 23.7166766237 23.6202737833 23.6944097999 25.3240216827 24.034544609
0 0 0 0 0 0 0 0 24.3712898119 24.1138745844 24.173500402 23.5463237787 25.575815709 24.5631839687 24.2055010794 25.1791319436 25.1069379014 24.56234792 23.9068639797 23.8635885235 24.4485234155 25.3686313028 25.5866164122 24.3740840479 24.6968298028 25.258787415 25.2584427681 23.977493444 24.7197578681 24.328314396 23.7678779192 25.0520897248 23.5935264368 25.3080231688 25.0021620504 24.57225094 25.2506609056 24.0387908154 23.6558597084 23.5523875316 24.3428561295 23.9120085946 25.1379880584 23.6139953605 25.1988883276 23.8741291043 24.2524855969 23.6348010742 25.2788789795 23.990298851 23.6104009143 25.3184492901 25.2923646425 24.4294708141 24.5034351391 25.4008251119 24.36930738
0 0 0 0 0 25.6161749633 23.827451398 24.3968599524 24.1750719129 24.8715210064 24.476921351 23.9459577352 25.3423231693 24.8483014878 24.9427570076 23.989431525 24.5120023683 23.8614041184 23.7974928779 25.2385303075 23.965877784 25.3338010938 24.2584018161 24.7007772601 24.8673343318 23.5394148858 24.9124057351 24.5124818937 23.6397779148 39.5597298188 36.0583513415 36.7727716997 23.6319402616 24.557740359 23.6992913043 25.4055204212 24.3427574998 23.6939044434 23.9838287654 23.9855523958 24.1329191908 24.3493883765 25.2673127987 24.6257831461 23.8643961918 23.8651847892 25.1533023328 24.4426204863 24.039544429 24.7520002428 24.4746671314 24.2099335091 23.5256772813 24.0913252702 23.9280049941 24.418766967 25.4491986644
0 0 24.2409531364 24.8779234422 25.0249427567 23.6179110642 23.8105875605 25.0198000852 24.1200281767 23.8646233368 25.2502175586 23.8231553922 23.6690091339 25.2910136691 24.3350199185 24.8201879327 24.6210504737 24.7405633026 24.2321912666 23.6685131983 24.4596278234 24.34611951 25.1334928931 23.5279962553 24.464522933 24.7682107533 24.8650579382 24.1731323369 24.0581317423 39.7433779707 35.4233423909 39.0664339386 23.6090704485 23.8160318802 25.3564233116 23.7672917952 23.6739848332 25.1106489602 24.1275931502 25.3015199055 25.0617506582 24.1688089255 24.7953311744 23.6479541027 23.9093733575 24.5685528928 23.7974623158 25.3256852055 25.1883277909 24.5592653408 24.0025542263 23.9393824218 23.9873422463 25.1708516944 25.0658906355 25.0406548593 25.4078012967
0 24.6360479439 24.8195189113 24.5865450018 23.6657694863 25.0649944367 24.7881976772 24.3080548223 24.9327671079 24.8393315562 25.5090200626 24.293948066 23.626010795 24.2532818079 23.890238611 24.4182641516 24.6675687329 24.0960484942 24.557078264 23.8372386091 23.5024191907 24.3076919451 24.1292858661 23.5314317478 25.212846209 23.7711712809 25.2973823976 25.5381408647 24.7377556192 37.6331846212 33.574011672 33.6703468696 25.3874269208 25.0889985963 25.2835115132 25.3435267868 24.5401382597 24.224504868 24.6055249517 24.9442957404 24.6479211176 24.8887327863 25.046884686 25.4578641911 25.6033541642 24.3197646487 25.6132704509 24.6672783725 25.1679398452 25.272490929 24.2628109012 23.9160681449 23.7698370977 24.978573318 24.142974702 23.5076827179 24.3164252285
25.0376533573 23.7299299154 23.614290421 24.6096778309 23.9048079646 23.699742993 24.3512678812 25.0830506829 23.9248933021 23.7661544333 23.650091054 24.3709844437 24.7435479469 24.1703100342 24.2392934299 24.3983678003 23.8234955283 24.8463571495 24.185496202 25.0551985321 24.5919830889 25.0907172849 24.9964098393 25.5038754103 25.5623301855 25.4079571196 24.1561106798 24.7649646858 24.0846226238 23.5106854396 25.1130960712 25.5270761299 25.5470186496 24.3441194147 25.1160263782 23.6135549826 24.0464836378 23.6963612483 25.1584286626 24.2206313353 23.6927354954 23.8639033203 24.7485055078 24.7085775821 24.6018641316 24.5067890949 24.3798752481 25.3226253021 24.0641256311 25.0697105978 25.6109071009 24.2361020593 24.1996186887 25.1317636275 25.3538431647 25.1991224844 23.7688754337
25.23805003 24.533442168 24.844363096 24.377130186 25.1700072058 24.8977959902 25.4454984942 24.7927821084 24.0183538171 25.376011639 24.7994353282 25.5237761594 25.074040714 24.3686006471 24.2071060628 24.447382422 24.6066913821 23.5840407115 25.5852438364 25.6147820352 24.1708823788 25.1268749465 25.4609639358 25.2932509094 24.8730828994 25.1599429139 24.3936400659 23.7902002135 25.1276038562 24.5260354106 25.412968801 23.9123508374 24.7732412211 25.1885080364 25.1622419423 24.0513430281 25.4274579381 24.2705807862 24.7979208628 24.3421741212 25.3556178425 24.4234652957 25.288790507 25.0016268029 24.8164192759 25.328731038 24.8607652186 24.5563993067 24.343919446 23.9078115671 24.3041018676 23.7456238484 23.9285329694 24.8384585451 24.5611798233 25.3421422237 23.9927171415
24.6720484945 25.4197147133 24.107631269 24.1151868466 25.1982661389 23.5373373001 24.7318397931 25.0104589555 25.1148749587 24.3523359372 23.6089438999 25.5375223467 24.4779790749 24.9169095852 24.1397313048 23.721444727 25.3244990708 23.6593932333 24.9119449436 23.9578303271 24.3824567434 24.0429748279 23.9789428164 24.8455512073 24.5994552495 23.8516939658 23.6820063461 23.8508989581 25.1275885717 23.915754499 24.6182845456 23.9133701309 23.6650128444 23.9046805521 25.0014745726 23.8693015448 25.1592435452 24.6146287177 25.5041383317 25.4852909273 24.0382835471 25.3653602886 24.1761654757 25.3490201709 24.0032694642 24.6217478199 23.9126707681 25.4656438026 24.8436861478 25.582163067 24.4172887341 24.9086699288 25.2871198139 24.9936814637 25.1939724091 24.2403711482 23.5437213044
23.5337032514 24.4834732754 24.8905630188 23.5179888667 23.8266987109 24.448872245 25.410360986 23.882620886 24.2321109115 25.2568558403 24.7597580795 24.6757310768 25.1806288289 25.1989050787 23.7492540259 24.8074462137 25.1516110882 24.8646609572 25.5869779101 25.187907333 24.5436762976 24.9143006565 25.0104898738 23.9152068405 24.9134877821 25.3089030419 24.4510198536 24.8180078925 23.8548827892 24.3087660018 24.2857303132 24.3479597656 24.7676434423 25.0897721057 24.227799252 23.5829429805 24.7633604484 24.7750401121 24.9955666727 25.1009090402 23.5552290376 24.1328437339 24.7879159786 24.2993967279 23.6426957751 23.9099130562 25.2219996776 24.3782341214 23.6497617249 24.7126624196 24.9550333946 24.7741074161 24.4811726328 24.1869997539 25.2860497691 24.7252740427 25.0935325754
24.2455817994 24.6147695474 24.8670239228 25.5462123512 25.0790657927 24.5386642157 24.3344014273 24.0030282536 23.5422516204 25.0671845825 24.525094638 25.1397770277 24.620620363 23.708228062 25.1563848915 23.7350289088 25.3207692728 23.7802094688 24.3372947185 24.6879163674 23.7570070769 24.2555047249 23.6686815545 24.8548109616 24.956406322 24.6062590479 24.09569083 24.002939047 23.7598920639 23.5433538223 24.0973349068 23.8059128659 25.4934938424 25.2535413673 23.5969495963 23.5991668659 24.2692554739 25.0516987641 23.9424803093 25.1063112644 24.8671438902 23.7707343736 25.3332339522 25.299610886 24.8783329488 23.7749582302 25.1048015593 24.420933557 25.4807894164 24.6874716244 24.8780312199 25.4765921037 24.6332571604 25.2772584438 24.4081588772 24.9522957869 25.1709307701
