Spatial_Output/DEC/DEC_0068.asc
NCOLS 155
NROWS 192
XLLCORNER 196307.867259
YLLCORNER 449144.565805
CELLSIZE 33.573938
NODATA_VALUE NaN
[rows 78 to 103 of 192, columns 57 to 113 of 155]
75.2808663804 44.0893155503 50.2999667259 50.2999667259 43.00744093 44.710929391 44.8341848755 43.6225159149 43.0593550464 43.9838371829 43.1189786832 43.1844963333 45.0710589212 44.3371942845 43.5463077732 43.1661471091 59.0403257012 59.0403257012 44.659136288 43.0893181975 43.9655649199 45.5402474562 45.4777562089 45.7238068988 44.181654022 44.2491183885 44.1248951601 43.137650825 43.0542110115 44.3263525479 43.6120693336 43.1391610494 44.1952559942 43.3014864356 44.6750515393 44.2703675065 45.344350467 43.4396526447 44.8418491491 44.9962040377 45.010129616 44.6240835417 43.4891054559 43.8324610642 44.6376700598 43.089454328 43.6932547557 44.6516401979 43.1013610857 44.0722712226 45.6895108223 43.6200212476 44.5475560475 44.7666641526 45.6010483653 45.0897838922 44.0904445538
75.2808663804 50.2999667259 50.2999667259 50.2999667259 45.0686345247 45.2527723968 43.1216285689 45.688206962 45.7473210616 43.3023773666 45.5339888061 45.1358793278 43.6908589303 43.6396185523 45.3140558741 44.0051522031 43.500799536 43.8369970974 44.5957212167 45.1617792502 44.7313989097 45.4832377489 43.7220071491 45.4825859919 43.2803642145 45.0733738943 44.7811370385 43.1645217957 44.5664106119 43.8936482424 43.8910137914 44.0319492853 45.5413121627 45.2429771456 45.0085096223 44.7735116899 44.7490180591 45.0970885045 45.0052969647 44.9465954481 45.7544812429 43.8296888794 43.8056533007 44.8810624511 45.5036547515 45.526671845 45.3631914749 44.5524933763 45.728654538 43.5885534827 43.6030642963 43.1390388967 45.7400040033 44.4821585877 45.8070851014 45.5696040783 43.3134279885
44.3518657679 44.828180544 50.2999667259 43.6333747719 44.954241959 45.4361143987 45.47569811 44.6736030856 44.0369596363 45.1522187032 43.54646663 44.6575416756 43.688804969 45.7327318987 44.0083821096 43.6340572836 44.5647235705 43.9516591219 44.5225452526 45.6715350701 45.2006844835 44.2408875108 44.1248260719 44.5313574954 43.6750233204 43.8250348232 44.3877462748 44.9636849197 45.0970574621 43.5305431787 45.8206720427 45.694283487 43.5807654676 43.6586000787 44.3205214175 45.7095062733 44.0909447817 45.6968625702 44.3299101742 45.7250766237 43.5218419488 44.6048549663 43.4429173392 43.9320432435 44.5593793013 44.7315694605 44.85268165 45.7863709673 44.0772057846 44.2994516896 43.6670226711 43.2271556462 43.076567993 43.2464913361 45.1790681497 44.603877206 43.1253640224
45.1567301305 43.7653577206 44.5169772304 45.1264751966 45.3566080192 43.6660314022 43.6152954948 43.122686862 45.5233083636 45.23136974 45.4543667157 44.2901509051 43.5740067443 44.2348693885 44.9195616368 45.3596564132 45.6443507508 44.1470557038 45.7119323184 44.9925528606 45.1402955985 43.325269684 45.3955831198 43.5478986962 43.4015364315 45.7705810258 45.1259353149 44.2121370855 43.3404738364 44.7489992817 45.2517262458 45.6210777302 44.8384967239 43.6507570318 44.9938891621 44.2151346122 45.7698008386 43.166384641 45.5720336566 45.3941985146 45.6563419962 44.7210950563 45.5146120909 43.359486767 44.3268387306 44.9084596176 43.2452071792 45.7691449363 44.9450366608 43.0439091123 43.3902606206 45.5664691168 45.3470161787 44.1470551781 44.1044102621 43.9688589497 45.1580886425
44.5166889736 44.1419321574 45.7954671705 44.453162602 43.4306495164 45.2346536544 43.648061111 45.0717181809 43.4495974772 45.1705407883 43.083506739 43.7561389169 45.6170557643 43.2883466455 45.6856204856 43.4107941628 43.0942330844 45.5523428245 43.0137630867 44.8818241226 43.201654884 45.5497995005 43.9777194011 44.9823825348 43.1789282967 45.4947328286 43.1142794756 43.2819889376 44.8314996758 45.6457744002 43.1967375001 44.808159899 44.984360408 45.5993626603 44.7082899224 43.0799695668 43.6058703958 45.1496645951 45.0144888178 45.0032668874 43.8892188005 44.4037509407 44.6956993124 43.3219219595 43.2402621974 55.010577659 45.0844020709 45.1166141206 44.8120425466 45.5432966812 45.8268567512 45.0599259295 43.3662063919 45.3370716166 43.6535960476 44.8904141034 45.7565524161
43.8997257246 43.6340518367 45.752285369 45.0077792377 43.9213525407 45.3318748986 43.6962990924 43.9914120721 45.4172359479 44.275950444 45.0971014152 44.8127492926 45.779077876 44.2101791348 44.4206286408 45.2041271307 45.2244892638 44.7231739467 44.4126476191 43.8459304824 45.4519919603 45.5749776273 43.1220302041 43.4859387203 45.1642166348 44.7005830941 44.4592695172 45.2896017761 44.8371381374 43.2563597138 45.6316570211 44.1157612742 44.9927123808 43.8959391083 45.2992706763 43.7382377242 43.8757482603 44.570434596 43.6056440842 45.3716222934 43.0540729548 43.835434346 43.7412853659 43.804477437 44.2255386506 45.2785429217 43.6355328971 44.3276143616 44.1536259642 43.1338039272 43.4074009447 45.3364882622 44.613984365 45.151518344 45.2817050527 44.0448391229 43.59300738
43.3472921222 44.6103755756 43.2018911892 44.7288183983 44.6463688622 43.5853082958 45.2982284501 44.6927208651 44.7363125509 45.4553324296 45.5281165037 43.683514175 45.0845786977 44.2942771423 43.9352650741 45.0542113834 45.2711130843 43.8119239916 44.5499193818 44.6654533249 44.5363705599 44.1573403884 44.876157118 45.3965726496 44.5692800462 45.5598041359 44.4911776781 44.3671800798 43.993610855 44.023308488 45.1093675558 44.7632551543 44.8076690265 44.6637935799 44.2303980213 44.1012724172 44.533453555 43.8012798138 44.2955764935 43.3475343458 43.9342281654 45.7310999963 44.6184696699 43.4750798538 45.793443228 44.5609857188 43.5836431093 43.8847496 44.2975996477 43.7781194863 45.1212357601 43.9663387027 44.4878540757 43.6046102737 43.4877975381 43.8814505038 44.5725145067
44.2542361339 44.0803758547 44.6122371444 45.5429010023 45.2097281706 43.0849476049 43.0559976762 43.764664507 44.2900315831 43.433635556 44.3409806328 43.5678105649 44.9945149818 45.0406582208 44.3435874468 45.2685642742 43.5688441637 44.9261097196 43.4479016843 43.2632635954 45.1258290276 43.355495686 43.1194740656 43.8113127923 45.1860368893 45.5867471514 43.6180217888 43.5608426269 43.7390417804 44.2776988394 43.8581571068 43.8003451115 45.553295688 43.5367818071 43.5906754073 44.1703421806 43.046773915 43.5386924714 43.4091186136 45.7738501986 43.1794857512 45.4469606428 44.0977339997 43.8531186494 44.1998232237 45.7476681853 44.9351004956 44.4462813525 45.4307776536 45.6034734083 45.5834674622 44.4300321273 43.5531338376 45.2267672309 45.0670107162 43.770412074 44.4165430467
44.0627294274 43.6739899061 44.8843244332 43.3036172816 45.8091524059 44.5113291134 44.8083876494 43.482131841 45.6502854516 45.320027897 45.5166050934 43.3026750001 43.8231490406 43.246686737 44.0522017924 43.9968703132 44.974579247 45.098310244 43.5426515604 44.6055832365 44.0054753218 45.6539115277 43.1658813095 45.5147669203 44.1955248767 43.5493470367 45.7744449323 45.1487279723 44.5383412546 43.9646420205 45.0613612489 45.734453882 43.4927806949 43.2067103166 43.8222189779 45.3973794561 44.096198418 43.6783276642 44.3412962219 45.2484562123 44.0697773537 45.0529364574 44.8331484916 45.4605146619 44.5211084231 45.7370474363 45.7401129923 43.1641050647 45.7348649912 43.1734162827 43.1022428796 44.5797162557 43.6270580617 45.1810404197 44.5222042909 43.8889989213 45.2137128245
45.3206756437 44.9483904411 44.3414002123 43.6218621832 44.7670913532 45.7134451136 43.8504070969 44.8189480871 43.6278967352 44.1444493448 43.3099570205 43.468728017 44.7402532168 43.1607424039 44.9218055778 43.9575487855 45.7794512917 44.4686124147 45.0332990396 43.3325345889 43.4725138535 45.0688554239 44.4357678352 43.4147323076 44.764388831 44.6909841665 43.6154106228 44.9889201815 44.4645712724 45.5911692544 44.6291228922 43.6384703663 45.5811816845 43.2265979238 43.4396035656 44.3238063623 44.9288409095 45.1526251743 45.4619505529 44.3005609752 44.3107335151 43.5455642162 43.9180425995 45.5070181776 43.2468405743 45.5400180512 44.4022052017 45.2045570918 43.8302567108 43.6805669265 44.7297222198 44.2635124327 43.6332602474 43.8086365871 45.6626768558 44.1814004392 43.0872190272
43.5855745827 44.8142820015 44.0380888208 43.3630053662 43.2248971075 43.512214843 45.2028254854 45.6053682227 43.6623339203 44.6859371402 45.3808669334 43.9511453406 44.8965760116 44.3653766173 43.4272711591 45.7401632949 43.426290733 45.6021425259 43.3420300161 43.1453416155 43.0642914735 45.5916079249 43.3215162371 44.1882436214 44.7787339938 44.1977280106 44.061600401 44.8966779429 45.1930294232 43.957059359 43.6231630542 43.0891925068 44.2853003632 44.319723635 45.7361890524 43.8606044747 44.5969587583 45.7801090234 43.0306106372 43.9475246527 44.8645184675 43.1360220164 43.3892300065 45.7375701179 43.1685074968 45.7629228836 45.6916331416 43.7680984406 44.3764802352 45.7300476029 44.4091904005 43.0175411147 43.5668880201 44.3556528285 45.2617914507 45.6578316963 43.6561830039
44.500288156 43.0127146846 45.1029263382 45.2794170829 43.1236075851 43.2946301696 44.8388298268 44.3185591259 45.1880226284 43.7719358366 43.0792483619 43.0459440736 43.6368042655 44.4311895428 45.2086633443 44.8012613932 43.3025864927 45.3015243735 43.3697400539 43.1949208288 44.5874218805 43.687848266 44.9654711934 43.7969444296 43.9060390785 45.322963008 44.5069279449 45.3425212413 45.5403878614 44.7215517721 43.7663750108 43.5472147591 44.4353246972 45.6581428831 44.3307245356 44.8583138149 44.6210136159 44.1491908859 43.5268902337 44.3766903001 44.2802794115 44.8252234946 44.5243097818 45.7802668176 45.5132602405 45.6537143183 43.3558060517 44.9478403869 44.8981348913 45.4530328239 45.1918469094 43.3483882426 44.2488948325 43.0802987691 43.6508133805 44.1346391067 45.2338362523
43.7126524129 44.6622065858 45.2192368644 44.887780434 44.1445848495 44.9263689076 45.6929950799 43.9843603021 43.3629151369 44.6729584442 44.8169998106 44.5149076019 45.6399236735 45.0887812348 43.2081527422 44.5825088575 45.1776578923 44.4496492925 45.1622113907 43.1029119038 44.5053021527 45.4705748424 43.1030873749 45.1173437192 44.1845048524 43.9005844703 44.0524446596 44.7418310907 45.3085669419 44.1060401364 43.457895658 43.1959025128 43.1388679255 44.7877085628 44.9236216466 45.2773202894 45.53945534 45.2014182173 43.8950073322 45.2571758914 44.7722399754 43.8861304631 43.8405753362 45.0515280661 45.4475999383 44.8928129587 45.2421530983 45.5572548956 43.781844114 44.831020883 43.1566768914 43.6963679755 43.3188976587 43.8599310882 45.0621591867 45.0164773088 44.0603396415
44.1102583477 44.3273009732 43.5331431953 43.5838911372 44.8607839295 45.4294161884 45.456791478 71.1959781062 71.1959781062 71.1959781062 43.2338902286 44.1424973142 43.9202912267 45.6847104142 43.9413803267 43.114715408 43.3534194487 45.5470452478 45.8081084257 43.6362746086 45.1022297989 45.0245925729 45.7634149257 44.8240099448 44.2412570229 43.9944992549 44.856073225 44.0579884658 43.6343542111 43.1887961349 43.8500739502 45.3868526598 43.0502345256 45.1049208162 45.537253491 44.562039431 44.5267225134 43.7638719227 44.3075546515 45.4522676622 43.2445004108 43.6526856923 43.3208004685 44.032439549 43.6559353115 45.3728696004 43.7346007166 43.4816705575 44.1724896562 45.0993380231 44.2279855343 43.873972208 43.5649425758 44.8865738681 44.6028727542 45.8133688957 44.4819737779
43.9797162382 43.7796760846 43.4826147981 44.0562819099 43.4874647305 45.1278493787 44.745200981 71.1959781062 71.1959781062 71.1959781062 45.4240641279 44.5333606423 43.9781203827 43.9291045312 44.9532092583 43.069648806 44.4484717005 45.5588141798 43.1206582032 45.2746933622 44.2568495955 43.4310129296 43.5976146903 44.5419490952 44.9489047273 45.05439598 44.2338739613 43.0104910962 45.5267201392 45.7096311742 45.5706860334 45.6542759294 44.2381307279 43.9800524432 45.002983495 44.4074004711 45.6773342513 44.5929050281 45.0634457147 45.6905601165 45.0025150928 43.5693556943 43.1782742503 44.9289759357 44.1732648693 45.485828254 44.4358016825 43.8732583676 45.7674198597 45.6122451038 44.2013041859 44.8673098586 44.5223971706 44.4654293343 44.0927884372 43.5968181279 44.4850467557
44.2891145362 43.7885595451 44.8181377518 45.5088091346 45.7270737848 45.5698314412 45.3416758984 44.6208612016 71.1959781062 44.8541104105 44.6061726635 43.2430252606 45.6209432893 43.026811667 43.1751834862 43.1176564533 44.3530053787 44.2584033048 43.9717259287 43.990267023 43.4037828133 43.0295649419 43.5685041693 44.1040345047 44.6580871603 44.634753832 44.1526763771 43.7994103746 44.5862585214 44.1180699592 45.7056523845 45.3852224359 43.2711537745 43.7036826922 45.1524005375 43.6733055103 45.3943710076 45.2665985314 44.7339531376 43.4895222593 45.0537828787 43.8452624112 43.9081533401 45.5001570483 45.4046770348 45.236534409 45.0529758253 44.9649784052 44.7953059243 43.2158788768 44.1598757128 44.1006898112 44.8793733674 43.736016317 44.0943168899 43.2139381731 45.576222328
43.7717293637 45.392995092 45.3104439129 45.114009415 44.9421577846 43.5897264282 44.8252259437 43.7137321784 45.2718591383 43.6480609048 45.7862941179 45.5578319403 43.353709722 43.9626738324 44.1459269157 45.4509293308 44.0297737933 45.0052582646 45.2382751169 43.4169267989 44.0264619157 44.4192637605 44.7242981388 44.9157321847 45.625380729 45.3066249696 44.0763959422 43.8375700169 45.0947844173 43.5015810701 43.7847722539 79.9445520638 79.9445520638 43.4728086619 43.1726435777 45.5748559648 43.878684249 43.3926557579 43.764332017 44.5168781424 43.7415926754 43.7945780819 44.7259066051 44.4459782785 43.0083647886 45.3020199802 45.6253623702 44.9482643651 43.8866237518 44.689405405 44.4004559294 44.1053051191 44.2113054083 45.0003755199 43.3123510579 43.6580535505 43.4022366221
44.6134291251 45.5208445963 44.9168575528 44.9527377464 45.577194578 44.5030110558 45.4308780433 44.1193785517 45.2708584294 45.3512090188 44.5555064038 43.4823124062 45.6516340877 44.4252446326 44.6519039731 45.5987845389 44.8949742975 44.7226751302 44.7062441311 43.4945219461 44.6769268757 45.0643783578 43.0441635541 43.6574842651 43.6841043373 44.6015926154 44.4330130963 44.4801933421 45.8220019852 44.7080051644 44.2624967497 43.4765689524 43.367949583 44.4640780168 45.1377521236 43.201040557 44.5794569305 44.3214251221 44.2827717152 44.3228377706 44.8793635327 44.0497760515 43.7480624358 45.5181185592 44.4040150032 43.7306419046 43.3131473066 45.5877239553 45.2430079823 44.4471330507 45.6202947012 44.8526027423 43.4826467281 43.1772087215 44.6869151238 43.766965313 60.9532391869
44.8308700807 45.4572907167 45.0898174205 45.3670986448 45.4484994111 44.1790784155 43.4470418615 69.83933106 69.83933106 43.6373864441 45.3630966567 45.5749024564 43.8976290041 45.6418326381 44.1081584668 44.0839475206 43.8650048745 43.6679119853 43.0951992559 56.8319764005 56.4323038518 44.208119653 45.3800814532 43.6658162878 45.4188840834 45.4866977024 43.9839177237 43.3181891509 45.0383256448 44.7696614589 45.7432504149 45.546551746 75.5557586597 45.4621990333 43.110360416 43.7164230257 43.975791051 45.3860918056 44.8515795618 45.3584551464 43.1550122882 44.6893092961 45.5813057987 45.4671269288 44.6544636275 43.7786769976 43.6943857617 44.5739559143 43.6354319387 45.7415838432 43.2483204015 43.6105120995 43.4255360146 44.214355827 43.1768564146 43.7505380931 44.7872443105
45.5795994354 44.0989028876 99.737439095 100.149980349 100.149980349 75.7197139147 67.9404856609 67.9404856609 69.83933106 48.4443730539 48.4443730539 44.2117411971 65.5263534018 44.9967903428 43.7489401191 45.4068032516 44.972629802 44.6434953274 43.1926050157 56.8319764005 56.8319764005 43.3846036152 45.1280085278 44.2102532137 43.0927086998 43.0760014643 45.1366731519 45.4853158685 44.2647911365 45.581712248 45.5093809213 75.5557586597 75.5557586597 75.5557586597 45.6804198772 44.4563308196 43.8468612494 43.2742338326 45.7854571877 43.3702542418 43.3930625265 44.6644806995 45.6849362507 44.7981794274 44.9368791524 44.7486434622 43.7840942559 44.7852180645 43.8167805461 43.4887991979 44.6632746616 43.9608591247 45.629494078 44.0337808509 45.1568275529 43.600622956 45.1406753627
45.6536052394 44.0019837015 43.1515819493 100.149980349 100.149980349 74.0253020234 67.9404856609 67.9404856609 67.9404856609 48.4443730539 48.4443730539 65.5263534018 65.5263534018 43.6617642154 44.7980485717 43.7630741886 43.3894108084 44.3745822374 43.3174122639 56.8319764005 56.8319764005 45.6518070125 44.439542111 45.0731401145 43.1070417628 45.5955291748 45.5610746694 45.1877927681 43.2351469419 43.7566405007 43.8234808649 45.0985801122 45.023719581 44.941376389 44.3496279155 43.6922358586 43.345433875 43.108959772 44.3229834271 45.5942433091 43.3950899461 45.3959449846 43.3089397651 43.2969958761 44.8652234124 43.8192706009 44.0585076086 44.2565244906 44.5213553455 43.7897357 43.5929536406 45.2831770169 43.9920084188 43.3067785581 43.7367897972 43.3269816997 44.3445861952
44.5426509533 45.681441945 45.7400569069 99.942013517 100.149980349 44.1252499209 78.0802079712 67.9404856609 78.0802079712 43.0727314722 48.4443730539 43.9221505193 65.5263534018 43.7319842194 44.9222637197 45.4041563218 43.4358637172 45.7351398845 44.6847826633 56.8319764005 43.2664296139 43.8866858364 43.4943405035 44.413739412 45.2472458577 45.6511980708 44.1269545649 44.299428987 43.9606703382 44.6708353842 43.4967180346 45.5336644528 44.3896340981 43.9895927451 45.2714738077 43.1905422876 44.5250557719 45.6958828234 45.1678008185 44.0959590329 45.0620286312 43.362582301 45.5052326994 43.7684618454 43.930358437 45.2274312017 43.2155619195 45.2757562674 43.0793993567 44.6127862779 44.1321043975 44.7114329526 43.0387008827 43.9395977495 44.3590771785 45.5064954656 45.5400538161
45.7925949485 43.6344045107 45.2461982487 43.6535675311 44.9659832504 43.6584294412 45.1313185404 78.0802079712 78.0802079712 43.8759041726 44.4591704902 44.6316859018 43.5072422676 44.9783841245 45.7239576501 45.3779534355 45.1357654199 44.283310691 43.787210775 44.6722483801 43.8664709168 44.5991777769 44.6357764499 43.8122036009 44.3036497445 45.1013860243 44.7925434777 45.0663938102 45.6367668267 44.2717561654 45.0519480773 45.7497610317 44.7192975695 44.6271055044 43.8069949454 45.3011885722 43.306537613 44.2445585155 45.5647142956 43.8827748151 44.5461235594 45.1637927805 43.2502391319 45.8026167078 43.7759073561 45.6723523834 44.9063119099 49.4894857265 43.5949320731 43.1178338598 44.3256181777 44.5188792836 44.8584600891 44.7397751055 44.4180997667 44.8034445773 45.1117503564
45.8212909519 45.0882145753 43.6419363598 43.8522915 43.0387277488 44.3650219851 45.8139834105 51.5408669537 63.6986510544 44.6445384886 45.4661330595 43.130874183 43.0952357695 43.026056067 44.6807371266 45.0118948507 43.8947659354 43.9997474028 44.4719864131 43.4071502601 45.11276344 45.5314413634 44.4439423208 44.1906300068 43.8873348948 43.0472222888 43.0457631307 44.6269433637 43.6195192787 45.4718547714 43.8206525657 45.586979808 43.1229740526 44.5783210734 43.330890567 45.3296065503 44.5720800354 44.4410785173 44.9927406991 44.7604387566 44.535667841 44.0750521951 44.4814048518 43.6527586277 44.6895793791 43.982563061 44.5547890089 49.4894857265 49.4894857265 49.4894857265 44.2804448391 43.7335368509 43.9483273498 43.6229085124 44.5704506093 45.726128461 43.5647662128
44.2342576529 45.7791537639 43.659646337 43.1085672365 45.2338439644 43.0163102729 51.5408669537 51.5408669537 51.5408669537 45.5016057122 45.4584371696 44.9014823984 45.1470910458 43.10100655 44.1255320825 43.8748052717 43.3312229296 45.7719094297 45.1595537115 43.1435562898 43.0789518654 45.1350221802 44.598254223 44.8913795522 43.910460478 43.1943138318 45.816397804 44.6330464138 43.960705801 43.4919233128 43.4816559351 45.576807052 45.2607171381 44.4172516849 43.063774916 44.8241778485 44.791872717 44.1520658785 45.3030423788 44.4810108526 44.6945830492 45.3818751246 44.3594209456 43.9489134539 43.1513912225 45.5917410895 44.9106174028 49.4894857265 43.7772732557 44.834722971 45.6952863793 44.0210786707 44.2169125586 45.8254718434 44.3956674231 43.9700963759 44.8081989538
43.2515662399 45.8154517108 44.5200470806 43.6772156007 45.661253995 43.0530579527 57.8385939442 57.8385939442 57.8385939442 43.1723332474 43.4808364057 44.0583203898 43.5026450322 44.8543623928 45.6430696306 44.0160968912 43.7959689762 44.3896563568 43.9431485578 43.4119325521 45.1001533049 44.8513756373 43.9220442607 43.5160666849 45.4722139003 44.2099703052 44.8447520203 45.3074127454 44.4776059498 44.5545557027 44.1661906733 44.2616431772 45.7781860078 43.5442433073 45.2500769629 43.1784195253 43.7403383421 44.4097166239 43.3848765587 45.6133799474 43.8599922822 44.5999978943 43.5047247219 45.7962296672 45.6510829489 44.1474663454 45.0102979916 44.1947535604 44.978365837 44.1314444019 44.8621772152 43.2197149953 43.1838642139 45.4431121498 43.7929566183 45.2780389831 43.2984819605
