Spatial_Output/DEC/DEC_1439.asc
NCOLS 155
NROWS 192
XLLCORNER 196307.867259
YLLCORNER 449144.565805
CELLSIZE 33.573938
NODATA_VALUE NaN
[rows 52 to 77 of 192, columns 57 to 113 of 155]
32.8668688092 33.1212755058 32.5997438927 32.8578921414 32.7769134512 33.0715314094 32.6827983155 32.7660215558 33.098181575 32.7373991545 32.8800843159 32.7764165665 32.6696644066 33.1507492264 32.5562851937 32.5844534077 32.9001951038 32.7992116056 32.7392656774 32.7906075308 33.0667039457 32.9536673942 32.6548700386 32.7537632387 32.5309168974 33.1598908355 32.5494888375 33.1932139495 32.5010440348 33.0762860425 32.8824896718 32.7131681822 32.9479317631 33.0130089389 33.0303971168 32.7128390277 32.7832698488 33.0398180049 32.7385842996 33.0178170054 32.8329375599 33.0828705093 32.5272825591 32.9289593549 32.9519009845 32.7936760361 32.6063764626 32.7675363023 32.5292544841 33.1909632002 32.6001093305 33.1722252343 32.531047444 32.8890204411 32.881971726 33.0798817796 32.5268487909
32.640610844 32.9727494105 32.5212236608 32.6529343026 32.6671622041 33.0551498421 33.1925527767 32.9529711337 33.1246005362 33.0910497733 32.7612687972 32.5419504204 32.7269994102 33.1265076152 32.9207726517 32.7761844892 32.8090283241 32.8561748767 32.6504125865 32.6758479885 32.5310521491 32.8710048751 33.0291532404 33.1172276378 32.9492531955 33.0754733435 32.983837922 32.8984445943 33.11316814 32.5415200287 33.0011878608 32.8989395876 32.614747034 32.5829536812 32.7551105969 33.0642370534 32.7911207658 32.5867440672 33.1579384116 32.5896243321 32.9192456096 32.7910142836 33.1771232346 32.6856602947 32.8352012808 32.794701768 32.9284947662 33.1460126035 32.7123517155 32.9875843998 32.998955595 32.5156184455 32.6916656083 32.7070297205 32.7812700821 32.6096660797 32.8638411723
33.0458279053 32.6610078714 32.8719739186 33.201657133 32.6990489889 32.700128751 33.0985636034 32.7425188806 32.5127352828 32.9996080793 33.136327429 32.7750714177 32.5579142055 33.0889287467 32.5447091227 32.538001701 33.0238394285 33.0075227462 32.9585100015 32.9596454013 33.0495596578 33.1497302956 33.0900550967 32.6261970005 32.5030962233 33.0041939172 32.9617843751 33.1725470156 33.1372644209 32.6182148002 33.0385143907 32.970884266 32.6300210971 32.7933026971 32.5330952512 32.6223512593 32.9482021041 32.6921245745 32.5807831972 32.5437665245 32.8667737624 32.7677629 33.0843887614 33.1843732478 33.1026083022 32.6436822119 32.5512809186 32.7041202501 33.0933613601 33.0147887674 32.6310417977 32.8234472451 32.7352701681 32.6028390318 33.0550805161 33.0241648452 32.592862422
32.991648128 32.8072959124 32.787219744 32.7282512391 33.0178988207 32.9752950422 32.7238304119 32.6155273781 32.9558280804 32.7239393589 32.9060301425 33.2000386254 32.9679181937 32.7614879203 32.995725436 33.0879255753 32.5673887605 32.8359582395 32.9742350352 32.8329734976 33.0854073761 32.6341445495 33.1180417972 32.6076611331 33.0209649158 32.7284504272 32.5806927739 33.078703385 33.0264937788 32.8673106172 32.8547837572 33.0854731698 32.6991255525 32.9903906532 33.1576790808 32.8950571059 33.1267463599 33.2041853727 32.8591286096 32.5329104901 33.1168761233 32.5930798123 33.1320080798 32.6025749058 32.7713934001 32.6605354745 33.1020462213 32.993170001 32.751659037 32.8549212052 33.0031178097 33.1183294836 32.8711869716 32.9580955697 33.0505906074 32.6598732766 32.9798735102
33.1092852778 32.5253675658 32.6330677211 32.5602673782 33.1726923133 32.6454890682 32.7692177618 33.1512102069 33.1418713096 32.5406976756 32.8516655105 32.9663796064 32.5414721243 33.0447133876 33.0573189824 33.0261052538 32.7757314878 32.9935819083 32.5469380148 32.9093291793 33.1405290259 32.9349659789 32.6631010545 32.7472745398 33.1739344849 32.8750598777 32.701597794 33.1279845302 32.5372464009 32.9931369461 32.6174468429 32.7956110135 33.1557158059 32.6069550362 32.7214480753 32.9356634343 32.7858772484 32.5163637807 33.1252862119 32.9322460484 32.5827316363 32.8673805587 32.8498049008 33.1741057808 32.829717035 33.0225081331 32.7411688106 32.7560905318 32.5407410594 33.1369996885 32.6295217081 32.7309998302 33.0556723917 33.1206209781 32.7450942135 32.8105784453 32.7535971301
33.2004013174 33.1029557115 32.9324152069 33.1264421871 32.9552563794 32.8544091626 33.1894777724 33.1222742358 32.7174163825 32.6606288039 32.9730840469 33.0392057047 32.5716251162 32.6882986576 32.9716336246 33.0685336334 32.8780601261 32.8959223251 33.1271836546 33.1904902332 33.1697933228 33.0240951183 32.5061797039 32.5056969273 33.058180351 33.1972292558 32.6049117318 32.5828854969 32.5407926128 32.8803064916 32.8842602499 33.0813327415 33.1592379665 32.9197584189 33.1757696939 33.0909879154 32.5934258393 32.7482121493 32.9935289065 32.6279011734 32.9370500064 32.8658119653 32.7888179569 33.0588765655 33.0018665543 33.0444477833 32.7181052011 32.8636197752 32.6473941524 32.5911351042 33.1423255085 33.0631411281 32.9782919111 32.6597569293 33.0857901703 32.7058593878 32.6567040076
32.6292027171 33.1316047982 33.0955158488 32.917317332 32.7457699899 33.2004827204 32.5211730863 33.0892275648 33.087885756 32.9370793261 32.9189311985 33.0659698908 32.7957858097 32.5581234301 32.9291605387 33.0849828254 32.5124874791 33.0728588822 32.6605532398 33.2070892967 32.7691370017 33.1816591416 33.0371298098 32.7671031792 32.7139025939 32.9596427304 32.5922288069 32.6537457596 32.7296101733 32.6874193344 32.5058451739 32.5727919612 33.0813607562 32.8765282884 32.7205103897 32.9467705688 32.9597582419 32.6162639719 32.8780978295 33.0180684507 32.9243482636 33.0713214183 32.5779064369 33.0503640311 32.5464944687 32.6986930932 32.919240421 32.6480578722 32.8986676569 32.5623595893 32.6105584397 32.674659476 32.7916848001 32.7595035605 32.7732387889 33.1434650916 32.7889688941
32.8871033991 32.7237728843 32.6531043727 32.7070718481 33.1483179962 32.8183171602 33.1355002018 32.8253510786 32.7803149878 33.018875179 32.7525122464 32.6896537689 32.5283792883 32.6834753733 32.9335494591 33.0438602028 33.0413374421 33.0201372475 32.8306593253 32.6284618271 32.6302737602 33.1961468653 32.9887273135 33.055523932 33.0995054372 32.7234382173 33.0567811418 33.1550518839 32.9372331589 32.5317658585 32.8133096788 32.8666570067 32.6248733193 33.0150731478 33.1437638948 32.6006523062 33.0583883202 32.7378679911 33.1784518651 32.5876876906 32.6237516293 32.8875489159 32.95102563 32.5059924952 33.0441427601 32.7805202631 32.8688207075 32.5208972433 32.777847719 32.6845113158 32.7365747536 32.8974260785 32.9269539539 32.6388999302 32.5111284883 32.8562261865 32.8839352013
32.5815868163 33.0988359091 32.7275307267 33.1046986699 32.8548191363 33.0106295428 32.6405384637 32.640338623 32.8923156007 32.701800572 32.7801563884 32.8364362474 32.9678073358 33.0218687237 33.1369844945 32.5576856844 32.808366912 32.5908059111 33.0191308211 32.9451664567 32.6466763239 32.5502087788 32.8686723101 32.8758659137 32.7899683621 33.169545248 32.7483831566 32.6953330161 32.7884292078 32.7468899495 32.8619548783 33.0681934545 33.0600095805 33.1711695705 32.6681505158 32.9655844745 32.6349537906 32.9052727175 33.0029569323 32.6486609285 33.1492464047 33.1427625131 32.6026566348 33.091177764 32.7302210039 32.7970368463 32.6874598133 32.8382073836 32.5097486555 33.10113701 32.5984336768 32.5272519756 32.8696558018 32.623769536 33.047256693 33.1551931255 33.1001460162
32.650509306 32.6061098001 32.7048868511 32.600809616 32.6402188368 32.9938615158 32.7101345213 32.6421144454 33.1383055314 32.6916683547 32.8830392773 33.0689008894 32.6260227998 33.1740639303 32.6280400325 33.1564838265 32.8520718453 32.6850723741 33.1063569672 32.8369538063 33.1908656981 33.0645819864 33.185968942 32.7282054817 33.1607211009 32.528756691 32.5299961412 32.5389475868 33.1201271332 32.5680630069 33.0530670512 32.8155353646 32.8459326574 32.7248928084 32.6972453352 32.7649471759 32.8817851796 32.8048035856 32.7655368321 33.108699928 33.0393115084 33.0046359228 32.5656059155 33.1739783387 33.0187259622 32.8790917929 32.8944187366 33.0252205041 32.5406342149 32.7878233865 32.7074264372 33.1643604562 32.5468599863 33.0697506466 32.8004088471 32.7526676449 33.0785068583
33.1704815969 32.8917216386 32.9988157313 32.5362218203 33.0707460979 32.8375238678 32.933090002 33.0264858527 32.7088701922 32.5919251 32.692895616 32.5415796498 32.7564526775 32.8033167926 32.7228437124 32.8260328519 33.0958351099 32.5454365585 32.9516150744 32.5930950561 32.5752154494 32.6161902178 33.1570887758 32.6238713214 32.5685088966 32.6085064824 32.7705475137 32.9216109695 32.949061075 32.8482117829 32.981644366 32.7606236497 32.6940678679 32.5184853642 32.6051968825 32.6233780674 33.1351562114 32.7461262641 32.5006613393 32.9476402359 32.6619768531 32.7235044379 32.87605121 32.77825515 33.0044838827 32.7402812192 32.9038970371 33.113161492 33.0201514402 32.7005679688 32.5375832352 33.0173645041 32.878060597 33.1732423985 32.901619671 32.8560312908 32.6089727147
32.5493617199 33.1780631142 33.0645624584 32.6591549928 32.8892233258 32.9333962572 32.8002081387 33.0339534367 33.081907345 32.7275514683 33.2000550751 32.8564751364 33.1749040315 32.6229050957 32.6927350469 32.5586872054 32.6976002583 32.5154000646 32.8014502549 33.1523345898 32.9673805117 32.5491884715 33.1390036791 32.7601450732 32.6293811118 33.0435369911 32.8406603961 32.699221024 33.0703964847 32.8781550031 33.041442045 32.9116507852 33.0290130706 33.087023582 32.9198856225 32.7413038219 32.76370943 33.1976911234 32.5190511751 32.9470523881 32.84500232 33.1120263357 33.0377194838 32.5054563889 32.8852128662 32.8675075604 32.8506648029 33.1024588303 32.8515352532 32.7851249209 32.5385981716 32.7262488864 32.7690737718 33.0178101097 33.1044817517 32.6965449193 32.6025418603
32.5136196797 32.7523221208 33.0124738108 32.782346134 32.899202532 33.1781034219 32.567013268 32.9853898957 33.1700245445 32.7199176075 33.0767966921 32.8052705907 32.9789626108 32.9291914322 32.9176856438 32.5467915472 32.9334900139 32.7655470975 32.6200642161 32.9949705493 32.7373295487 32.5007180136 32.9257176856 32.8758451087 32.7813676974 32.6280246831 32.8134804741 33.1206731458 33.0717353559 32.8655380334 32.7735933213 32.5168352054 32.5575885221 33.1409265145 32.8545537839 33.0407004917 33.1675218522 32.6823228084 32.9013143633 33.0184881721 32.9550069937 32.8134725828 33.0927303645 32.9872864132 32.5790274407 33.1969136931 32.8994069896 33.1021817822 33.159408515 33.1752309295 33.1149424246 32.9928398651 33.2005438024 33.1149891758 32.5034638241 32.8693342145 32.901444881
32.5996879825 33.1198828096 32.5657448021 33.182152379 32.8186015382 33.1668222508 32.8995796806 32.6652980135 32.6573278927 33.0667668471 32.9575085805 32.8869396889 33.16726481 32.7308466068 33.120013575 32.8382945986 32.800959312 33.0952152022 33.1298366039 32.9774275154 32.909419894 33.096831844 32.8446880406 32.765605374 33.0975823249 32.8498954512 32.8395893808 32.9806805515 33.1455538085 32.5538705738 33.0055146758 32.5511160914 32.7784602277 32.8396811487 33.0844877441 32.7576394854 32.5268600305 32.7240809199 32.5960684684 32.7831722969 32.6567649798 32.5303001544 32.6460628497 33.168735457 32.5583339037 32.745360313 33.1849532668 33.0312345282 33.0429582029 33.1980622441 32.7250172184 32.9269809435 32.9664328753 32.9698727206 32.9720351918 32.5998734714 32.9827584627
32.6531367855 33.1799280634 33.097448397 32.8403743072 32.9058913129 33.1199234578 32.7178049264 32.8267872571 33.0278175502 33.0163726193 33.1502246691 33.1437924642 33.1131244781 33.1801034836 32.9458657684 33.0954268509 32.724299607 33.0006366395 32.9964105316 33.1747742091 33.1100217777 33.1943143983 32.896487542 32.9520219698 33.0059070137 32.5432130527 33.1543749829 33.0927492182 32.5075659381 32.7730152739 32.6033036307 32.9211690391 32.8368678773 32.9144887273 33.0543224896 32.6364894212 33.0150830434 32.7342240285 32.5191770041 33.0123701334 32.9929266867 32.5610207249 32.7672113886 32.6418110354 33.0167422384 32.7149822253 33.1860319916 32.6884866285 32.8984585393 32.8127757711 32.6602462102 32.5765618755 32.7866320281 33.0784106223 32.923845635 32.66392793 32.6182746077
33.0159951871 33.0622404404 32.867557767 32.7168329674 32.6778341522 32.6358919274 33.1821133185 33.0612632642 32.7849641806 32.8446716697 32.76954829 32.5971288536 32.7624842415 32.7457020064 32.5792463142 32.8487260213 32.6791068797 33.1926035073 32.6002511754 32.6111140212 32.884120055 32.82311055 33.0904462865 32.8883741251 32.8180470928 32.621092506 33.1569430738 33.1482456293 32.533073884 33.1748121641 32.669493337 32.9118047489 32.6761500066 32.9111179693 32.6980588878 32.5800272211 32.9493888346 32.5042115357 32.670681945 32.8547889015 33.1862930844 33.0670004597 32.9497770794 33.1970551364 32.721315288 32.7617467745 33.1766995759 32.6379641943 33.0476751255 32.5122157199 33.0819260618 33.189607465 33.0693377436 32.8574526983 32.9096249376 32.8049620273 32.6003626484
32.5075116105 32.6203091578 33.1172147042 32.6344507009 33.0996275324 33.0745629699 33.1866369285 33.0789836111 32.7682848767 32.6486640904 33.064651388 33.0081614175 33.2059775518 32.5148456163 33.1319026073 32.6925479097 32.8737981743 32.7566234686 33.1747151784 33.0800284405 32.8209160211 32.9327788451 32.5550828183 33.2056970689 32.7647566067 32.7330417417 32.6227080214 32.9077755328 32.7108289507 33.0526095931 33.0294549383 32.6424639537 33.174701309 32.517650516 33.1278653098 32.9495546361 32.6335316482 32.7476983637 32.7528248033 32.7157155534 32.534535636 33.032907268 33.2018881795 32.9324936819 32.9566220596 33.0651898226 32.8442089794 32.669078889 32.5695967844 32.6163912828 33.072589892 32.8860228213 32.8883562734 33.1047535615 32.6486692454 32.8874361497 32.9652304933
32.621021676 32.9098943649 32.6667500538 32.7903575896 33.1467647907 33.1778932731 32.5738185538 32.6274081913 32.880339139 33.1016658761 32.9421929214 32.8574485312 32.6191712906 32.7160041754 32.5179667778 32.8651439475 32.6781952182 32.9809353134 33.0013975395 32.6732748125 32.9936430907 32.6724634216 32.5641543566 32.9665633591 32.6281361844 32.8426749972 32.9325963156 33.0100534086 32.7806707836 33.0932366117 33.1263685309 33.1186193581 33.037036866 32.7037087471 32.5722362396 33.0188016657 32.8742385989 32.7233317804 32.7129321007 33.0142472271 32.966008124 32.8178856505 33.1984256126 32.7706974763 32.6562311577 32.7951635204 32.9995429784 32.5975964468 32.5693364939 32.7430208273 33.0901055414 33.0244807638 33.1664917043 32.8493278655 33.1504912589 33.0307991215 33.0363685799
32.9143670807 32.9919596266 32.786782627 33.1327799454 33.0648635713 33.1483446664 32.6003600353 32.6211394463 32.7154889514 32.8713812365 32.6626858488 32.7820909059 33.1427653658 32.7800711193 32.7011156149 32.867112237 32.6227613055 32.7930589657 32.6489377566 32.5350853011 32.6033899251 32.5108274846 32.6901937713 32.7183443341 32.688346299 33.0526747389 32.9346655645 32.9048626179 33.1538546716 32.9380617244 32.8858014119 32.8560562577 32.6781471021 33.1533322963 33.1920772963 32.6386467732 32.8596332093 32.7320742589 32.6589312025 32.5667426938 32.7371546089 33.0566907817 32.7307039576 33.1943283372 32.6740179764 32.8019662216 32.7158738036 32.5061795561 32.5308441076 32.9711057754 32.5266761942 32.611845453 32.7686899342 33.0050862214 32.6532168485 32.7274773383 32.9049842194
33.0246493115 32.6668279762 32.8046063867 32.5389505868 32.6572095416 33.1710045691 32.6282805357 32.5282176009 32.9526614788 32.8169415066 33.1213563893 32.7568796524 33.0911943437 32.7524057513 32.8595833055 32.764543549 32.6256170755 32.9878724686 32.7960356563 33.0824225791 32.5990762579 32.6468597073 33.0561540631 32.7262788933 32.5032346043 33.1335774607 32.5400082217 32.8208571691 33.012776901 32.666386504 33.0853229736 32.9441801851 32.856372816 33.0425610621 33.0506647063 32.7102696308 32.8635749204 32.6152754247 33.0352037223 32.6208352972 32.6062067227 32.9025016001 32.5138008484 32.8953090532 32.7990068453 32.81669238 33.0564394197 32.8545189528 32.6006565493 32.5767894439 33.1305722202 33.078750298 32.89788391 32.9182058128 32.9051555665 33.2034589623 33.1642789432
32.5493389773 32.9550159199 32.9652525055 32.8038517309 32.5151612719 32.9850821739 32.6321568258 32.7425094107 33.1883215876 33.0538996188 32.5705079744 32.7226643336 32.8754649299 32.9206268178 32.6238327042 33.1953020163 33.119140224 32.6774620449 32.8396217679 33.0509418613 33.1825822956 33.017960608 32.9207445914 32.6967572699 32.6365391904 32.9901777981 32.6665811329 32.6511223845 32.8444248387 32.6980537911 33.0038340519 33.1012980899 32.8382810715 32.5973428325 32.8108918234 33.0400005651 32.6743573479 32.9106977664 32.8745072918 32.8885676126 32.6484009309 32.9972623266 33.1099590466 32.7861264642 32.8200471906 33.1454376673 33.0460182907 32.6361476411 32.643180694 32.5137189738 33.1832186828 32.8379708164 32.8657309419 32.6405018565 32.9743073803 33.0904569556 33.1400300145
32.7382038596 33.1981733126 33.0630284039 32.5810177524 32.7031782629 32.8678082266 32.6615298352 33.1618475192 32.7080165142 32.6807779805 32.6675862521 33.0019087132 32.6292095547 32.7004709128 32.9786150286 32.7479118613 32.9969499604 32.5398228858 33.1940012261 32.564594454 32.9594326859 32.9319751114 33.0634131227 32.8055540488 33.1037535046 32.6361763404 33.0738141799 32.7432275187 33.0255878909 32.9675893113 32.7406765552 32.88091642 32.8351873827 32.9677601349 32.514643617 32.6236305602 32.8575427602 33.1414857587 32.5449177046 32.7342888885 33.1578909679 32.7055726374 33.1701862733 32.6624451266 33.064691673 32.5634557432 32.9439974515 32.5434162472 32.8276683796 32.9733171857 32.9243152072 32.9707194531 33.1350707774 33.1635839541 32.7683980387 33.1995086043 32.7934070849
32.9345905577 33.0347451901 33.1678428797 32.6038953366 32.5366883657 33.0169894289 32.5018167549 33.0453238147 33.0878866206 33.1938794882 32.9465138495 32.5362992811 33.1342863018 32.9260336272 32.6103547402 32.7199477393 32.9950316191 32.9560364524 32.7862152327 32.6964831714 32.524520879 33.1250643165 33.0492618567 32.7364970203 33.0297794737 33.1994465543 33.0698789703 32.7606851946 33.090512518 32.5445797518 33.0462764538 32.505677674 33.165405037 32.6775323901 32.7564529548 32.6126563468 32.7968641263 32.9360246175 33.0441442164 32.6021319674 32.995227653 32.9009179068 32.6399111534 32.6891063198 33.1061352649 32.9115140407 32.8775070628 33.1285805762 32.9113085456 32.6808231856 32.9429128614 32.5630767592 33.0086267572 33.0802249873 32.5770596791 32.9190288654 33.2055700369
33.014707991 32.6822977315 33.0558915218 33.0097810688 32.6530152232 32.5107666224 32.9684804959 32.5413020192 32.6590440382 32.5544265698 32.9405401944 32.8615217402 32.5277716679 32.5214448874 32.6550476923 32.9284977633 32.5893783826 32.883154126 32.9401969685 32.7983101147 33.0240399453 32.8493018588 33.0880167386 32.9486292523 32.9601554983 32.5667899573 32.541853874 32.8029903128 32.5434126075 33.1787115946 32.98826244 32.9420173682 32.767960544 32.6905570066 32.8176612783 32.7360985356 32.8982669773 33.0997008228 32.8900404925 33.1186526733 32.6673492122 32.870803804 32.5337862849 33.0697060652 32.7715124198 33.144742917 33.1902101401 32.6532210269 32.93619456 32.6969218963 32.7736884546 32.8982741422 33.1028892651 32.6917513554 32.7136522141 32.5144964377 32.9883545468
32.7506994729 32.8174035646 32.8699526911 33.196249966 32.6541000624 32.7636229324 32.7690204526 33.1253993401 32.874788302 32.7097103685 32.553905711 32.7669398629 32.5626003199 33.1746450672 33.176517691 32.7228664088 33.1818402964 32.6579942604 33.1727918404 33.193294296 33.1904396751 32.8093704635 33.0312083685 32.5783790937 32.6384904821 32.8438668785 33.0953336892 32.5645601279 32.9117729494 32.9418144142 32.9862829256 32.5124472162 32.614615314 32.7537455105 33.1302119931 32.6610738426 32.5534948054 32.6308590287 33.0081241873 33.0515462392 33.1243819492 32.6833762758 32.5681590808 32.8598696565 32.7670017924 33.1834838124 32.5861051396 32.5222957399 33.1840940634 32.9235917042 33.0191699857 32.8856946146 32.6566658554 32.825872226 32.8126168787 33.0053188989 32.8186798625
33.1796784624 33.0542937751 33.0067144419 33.1769617778 32.6788321728 32.6780097995 33.1998104073 32.7960018504 33.1600090266 32.5000806144 33.0356442512 32.6102781062 33.1526721315 32.5403681853 33.1094480132 33.1416475439 32.8554515681 32.8354825438 32.943982664 32.9325307111 32.6366094055 32.5213419686 33.1493321385 33.0737909732 33.0269270738 32.572591438 33.1641808809 32.9805882939 33.0198577281 33.0371443643 32.7022198906 32.8631787915 32.7539712525 32.6319071014 33.0656754227 32.8399834987 32.5146866912 32.6952348524 32.5825245081 33.0014747141 32.892687994 32.7951910665 33.1095964061 32.9206293436 32.6208638645 32.6280340449 33.0498776532 33.1146660865 33.0057868688 33.2058957442 32.6960681196 32.5844550023 32.7589632564 32.9367348956 32.5784440588 32.504426463 32.9191733123
