Spatial_Output/DEC/DEC_1138.asc
NCOLS 155
NROWS 192
XLLCORNER 196307.867259
YLLCORNER 449144.565805
CELLSIZE 33.573938
NODATA_VALUE NaN
[rows 78 to 103 of 192, columns 57 to 113 of 155]
30.723497391 31.9388969067 29.1919564254 28.9918253935 28.8783585552 31.6629115553 30.923147735 31.3413609009 30.0672469732 30.2181925803 29.6962134116 29.4082583601 29.9087536479 29.75654828 29.7445548168 30.1170769494 29.3146032237 30.406973648 29.3535437786 31.3167263403 31.8516065674 31.940329266 31.2820256579 31.5118386825 29.3737895584 31.4772479226 32.0270419237 31.7387776073 29.6033877693 31.3852167436 29.8684380036 29.6287834526 31.4824057728 29.3714836521 28.5856306784 28.937977604 29.4096238699 30.0664212175 29.4311024086 30.3211602175 31.0971596031 29.2000569352 31.2631353226 30.4055975687 29.3995121658 31.4821234089 30.7902352843 31.2294816415 28.9016175985 30.0405808672 28.6396291661 31.3970597548 29.7143140651 30.5257589031 29.659510016 28.5077485913 29.302446237
29.115484367 31.617263391 30.9598714508 30.6877251261 29.2166586696 29.7222796732 30.2346478392 29.1069065963 32.0008258329 31.5106804346 31.3339663203 28.8151303515 30.5644951627 30.3296102282 29.5185235256 29.1145792724 29.131778255 29.1024352971 30.4263180172 29.3970328567 31.9370125449 29.5824142018 28.8354986987 29.9408043005 31.0856445552 31.9403891477 31.3806002211 31.8325026184 31.7966278163 30.9317970655 30.9090307974 31.5358818309 29.4000026939 28.7806096203 28.9333820535 30.7967189381 31.8251412903 29.2747663272 28.7321799585 31.6539744781 29.5363594495 28.5282326154 29.5546715781 29.7723625927 30.5454090965 29.954545104 31.5900648036 31.161066897 30.5443386727 30.4967491031 30.4553640345 29.5318322491 28.9768697515 29.7443699082 29.3700805158 29.783453576 30.9810154041
29.4390299604 29.6738863228 31.2705313865 29.5597201664 30.5390957335 28.7051178055 30.0049707952 31.3470720727 30.5313064311 31.5070487085 29.0904019986 29.0593132602 29.3918226422 29.5591136611 30.882805608 31.3211460255 29.6497844464 29.8496472354 31.2364601108 31.6953720361 31.9429983147 28.628481936 28.9579269752 28.7376861785 30.5491948528 30.0931239447 30.1998959115 30.7003813472 29.3047105548 28.5232453427 30.2730980787 30.4877197762 30.2698377032 30.6689917155 30.4448749971 28.6175658256 30.2361040638 31.940919006 31.8156778319 28.7696500937 31.5667839391 28.8751384387 28.5370309917 28.9474489178 30.3059911832 28.761879353 31.1961704685 29.9146824582 28.6585523288 29.7700874353 31.4726495121 29.2239467091 31.4531927986 29.7539236735 30.3451821126 29.4501442596 30.7404145651
30.5175311952 31.8083203794 28.8737645317 29.2871441843 28.9105670336 30.1006548917 29.6047104285 29.7714812175 29.0055129602 31.7885750244 31.1484189935 29.2273280032 31.0407527808 29.3465462588 31.0990665448 29.3011598833 31.6896284501 30.8873615033 30.024735962 30.781740089 31.3884245009 31.9540384928 31.7779958555 29.9878957361 31.2452708022 31.1835462847 29.0961440924 28.8244342257 30.0216010399 30.9897387746 29.297135875 31.8905593778 29.8949188469 28.5697731114 30.6916750202 30.5311914108 28.7236137265 28.6842937754 32.0098699281 30.9156210899 29.2860208267 31.4149914015 28.7433624655 30.3770129323 28.8604499038 29.6175970317 29.1455766353 29.0424318768 31.3221572959 29.2860576293 28.9553116091 30.8565511194 29.3671726249 28.7816535633 31.8641264014 29.6767914195 30.4604796409
31.5076334838 31.0382634136 31.8838627364 29.0990598462 29.4644850712 28.760887236 31.3150117846 28.606061354 28.9256197021 29.3531421984 30.3020330317 29.2201735317 31.4956268077 31.8311084764 29.8842533051 31.4382921363 30.0606902162 31.3079297574 28.5574575162 31.599111318 28.6668671851 29.4843838578 30.4000392594 30.9240558622 30.559408071 29.9247040531 29.3167095672 29.6253138484 31.3471325478 31.2356641904 28.769069388 30.8186489534 30.7255376066 30.5825581979 29.3776602342 29.4495248656 31.2534435177 30.2108212692 31.3569294607 31.8690021273 28.9184988744 30.1225216629 31.2998537889 31.2502683941 31.9057290861 30.5666736127 30.5481863559 29.4612015299 28.7852241447 30.3800787086 30.1939883312 30.4217166553 31.3635861105 29.2675234013 30.8159442521 28.7769555646 28.7021286368
30.5161462464 29.046945094 29.4767393004 30.2939415477 29.2518335168 28.5119799992 32.0305427883 31.7689580346 30.2014403003 29.2175041324 31.8204011939 28.5882020705 31.8410585212 30.60142055 29.1872233723 29.7746472046 29.0036511094 29.4657961748 30.1333267758 30.9943788946 30.8282945144 30.8913124322 30.5493207747 29.3902065209 30.6786689148 30.1447950134 30.6064419749 29.4721275946 29.3894069897 29.344996755 28.9700313865 29.247890146 30.2065291284 31.3836822597 30.5256532198 31.654324217 28.7228782754 31.5400516 28.6157443529 31.7385111598 31.9715403009 30.8793880613 30.164450734 31.6418826558 30.0203484032 30.5522385651 29.4802488057 31.8396623579 28.8315287826 29.9994315469 31.4482837682 31.721649409 31.1830704746 29.5800024487 30.2106109739 28.5756921597 29.2377649875
30.1194903196 28.8320173186 29.4594889481 29.1028772414 29.5785650238 31.7686606258 30.7657324493 31.5364990683 29.3364420923 30.0087508799 30.221111033 31.2254242563 31.5050793245 31.9520588667 30.4403455292 28.5559079826 31.8598451624 30.5774417542 31.5855861086 31.1272596316 29.019268112 30.9248446054 29.0212629202 28.6493812571 30.3532247589 30.6905510776 29.0520666572 31.7800397649 30.5392656819 30.6729857446 30.3326731111 31.1900073967 29.3990272514 29.7432168417 30.3589883453 30.0110419287 29.9650408001 31.58401647 31.3748693539 30.1988073423 30.6532593492 29.2261826728 30.736092257 30.0887747337 30.685842899 29.3197609477 31.5935403851 31.4304832334 31.3002703001 29.621949106 31.6944771558 29.4105415535 30.075422949 29.6363608956 29.2045598575 30.9802997364 28.710212131
29.7099782347 31.2931790849 31.9273655761 29.6638143474 30.3159767372 29.0664926683 31.3117352214 28.8672473323 30.7674378379 30.1408704678 29.7579239758 31.188584829 28.5315533982 31.378626031 31.8725904052 31.6078746248 29.6528351955 30.9710183549 31.8840057818 29.2051329749 30.3171665339 29.3241344915 28.7225883774 31.8335513642 28.6585495175 31.8054787314 31.4604595171 30.0281028954 31.4949717228 28.9597175648 28.8888430756 30.3551531662 30.066496275 29.9736339412 29.0550479072 31.9935727722 31.9192382055 29.2454004389 28.8112825125 30.3693611023 31.0534399507 30.4385033059 30.7870510386 29.5372302732 30.5798540537 28.7424924361 31.3214228992 30.6914203652 30.5909721747 30.6649233071 29.1796739804 31.6489864068 29.7535383555 29.5202980973 28.9616109793 30.0957781832 32.0206543885
30.6819332326 30.7184438636 30.1427997801 29.6043333179 29.696186567 31.9085639385 30.1117610799 29.638088913 31.1752088741 29.6256587992 31.7330486628 29.1475675052 30.6453411247 30.8807822959 30.0309819975 31.1278368574 30.9189973631 29.3216518201 29.8964066638 29.2780104372 31.3936680906 31.2676306489 31.0057529299 30.1058617763 28.9936982746 31.2313559653 28.6380276067 31.7272936302 31.2859320264 28.6929000908 29.2638925134 29.3814462818 31.2577438646 29.4442104115 29.8427946824 30.8228286406 31.6925014902 31.0659786377 31.1555267006 30.5562939 30.2519980288 29.7391792974 31.8588440372 29.7365834371 28.6385832986 30.1010248596 31.9581837902 31.1008723157 29.4157964764 31.0628993378 31.3015006061 31.3406232753 31.002779645 31.8869619459 29.66765019 32.0030857267 31.0950323595
28.5287963978 31.9456521422 31.9311288302 30.3527580951 29.6401302586 30.1212503442 29.6063097047 28.6935815121 31.6237868201 30.6160253895 31.0172932599 28.5243880535 31.2600020548 29.1404248225 31.2659670854 28.8174944788 30.7585375945 31.5283703115 31.5929845791 29.128732729 31.2984139328 30.1463889308 30.5634931118 30.3664737233 31.8713943434 29.6751287052 29.4732635357 30.3831622578 28.511374696 29.8978411893 31.211645924 30.3159078342 31.4457223155 29.8966520286 31.5146760304 31.4547995794 28.7391812584 29.9220608575 29.7393887248 29.5736884732 28.6465605034 30.1377830969 28.8029461735 30.446814969 31.4270985028 30.2370722812 29.5701918611 31.5519477798 31.2969540572 30.9897392807 29.6409584746 28.9134936496 30.0738811613 29.339365297 31.4125366131 31.584186914 29.1617081029
30.6649930969 30.471376611 30.1522436634 31.121646181 30.8964960332 28.5798231314 29.5019022204 31.9497121098 30.4431552084 29.2676328556 29.607656244 31.619345569 29.6965217609 30.0611404821 31.2074939489 31.6819177787 30.6267871584 29.6796669064 31.7120365418 31.8378295764 31.0598630473 30.9944678271 31.9369890087 30.3890058737 28.9351928923 29.2546393621 30.3246787078 31.42647699 29.0823495468 28.7768012586 31.9180664223 29.6696191979 30.1141944304 31.7351920821 28.9512717014 30.3453541567 29.0000565328 31.8430286632 29.611246962 31.3472672392 31.6260671705 30.2688545627 28.8430675397 28.9215985064 30.1400001004 28.7559221024 30.9627690436 28.5238287942 30.3939070985 28.6747358714 30.8135966552 29.9254643337 31.3763557072 28.6192739264 31.9776827087 31.1916806684 31.1620153271
31.9080750681 29.7324036192 30.9506839985 31.5288168977 30.6032091165 31.946476458 28.9874215986 29.6810019364 30.5448549788 31.0061875788 29.8967768393 29.0924476938 29.7140059135 29.149027742 29.9590265951 30.4562796167 29.4608807381 30.8007925171 30.2917213356 31.0428011272 31.375268704 30.4623248646 29.4922115592 30.1838338119 30.9049448405 28.9301355691 28.8071024503 29.6976957787 30.9120855416 31.5539734333 29.4763879371 29.9770487631 29.6807029795 29.9215591836 31.357432149 29.8150735742 28.9018760594 29.8932559917 28.6909108868 29.433821835 31.6541190007 31.5754957293 31.6341795523 28.5295249425 31.2708967675 31.1532673059 29.5620401244 29.5551338059 31.3486174162 31.5630885792 29.9675813772 31.8786525883 29.7897093696 30.5422225543 29.4015702457 31.9273558713 30.3098118888
29.444577905 30.1354744025 30.0529197668 29.8553709638 28.6367660343 30.8131518268 28.9997906217 29.0272322171 29.561547029 30.3353852372 31.2805184012 29.588511857 29.3734016417 29.304675698 28.9100881573 30.9713543173 31.9439547652 30.9828978824 30.297664034 30.2767853351 31.2839110281 30.4175431534 29.0868690993 29.7493622119 31.770239738 30.2529697573 31.1445059165 32.0185956979 31.4013937539 30.8751114593 31.4622621622 30.7034681041 31.4450523679 30.3384322081 29.1585256982 31.6294391946 29.3156713332 30.975700679 31.196009007 31.2925955231 29.040136061 31.138115601 29.3039857752 29.7626541204 31.9626482046 29.4386314303 30.7864109857 30.8935381945 30.6710268397 30.7727497184 30.9773062339 29.5517377948 29.0168849844 30.899314525 31.7284848891 30.6153471338 31.5755596733
31.9049463971 28.9482296464 29.5649505613 28.583134041 31.9754876553 30.6658646814 28.7780857292 28.9438329016 29.6696656304 29.1350240975 31.8220085888 31.0224857821 30.8412851007 29.0573960621 30.3406832513 28.9235832256 28.8103856513 30.3829405057 28.8850315136 30.2079165469 31.2702361656 29.4078781479 29.599934492 28.6780025914 29.1661739185 28.687154671 31.6316339047 29.4504853778 28.9995639838 32.0088157295 29.8456413032 29.0347395441 31.3657535631 29.7632859401 31.210055591 31.2773772766 29.2480557154 29.6576531762 31.886421006 29.7787998111 29.1606019645 30.2347037056 29.8338041425 30.5779745091 30.0414648635 31.3818978582 29.6068047389 31.9225940299 29.7696757195 30.9708851072 32.0317136438 30.4397698405 28.9021729698 30.7052124231 31.7311555896 28.9700916379 29.5939195838
30.2533304036 31.3819788214 30.7976970181 29.5458155895 31.7143271345 30.1817501154 30.3301937062 29.6378133402 31.9446000388 31.2198739332 31.5346778361 29.644522754 28.6777514581 30.5789355649 30.1957516062 31.5182009349 29.8900962487 31.7512460789 31.025282716 29.841798319 28.5253518122 28.6992957273 29.6928360769 30.9612502102 31.3453829308 29.2241245016 30.9626121308 31.8092286551 30.0072625939 31.5180999495 30.8652514751 29.7796875774 29.9138258307 28.5134147327 29.2438702319 28.8862126486 28.7585413875 30.7161798153 30.8158728123 30.0143696223 31.5027421518 29.2394812147 30.8263266187 31.0940887315 30.8294406121 28.7174825589 31.3020123796 29.5432477847 30.4947564502 29.5359834556 31.8892006861 29.2298891219 28.6962323399 28.944636623 32.0075324312 31.3637093684 29.2905403857
30.1855428094 30.0923931574 30.8672384687 29.8050307386 30.6034707997 28.6360308048 31.9920919882 28.5850926695 29.4250582404 31.3261266163 29.5772592039 30.1436125979 30.1029521337 31.7320025064 30.7830083628 29.8980187914 29.0176411195 31.5473563896 29.5970161376 31.881230935 31.805765511 30.1926749547 31.217701061 31.7669871831 29.1711570172 31.9896746627 28.7832369109 28.7517747794 29.4577182189 30.1084934537 31.4689985039 30.8555712103 28.5987285132 30.8535199918 28.5168963696 31.7917669277 29.4838141344 30.8719623664 31.2093357045 29.828810837 31.1834629096 29.6763184747 29.4499986612 29.6703089809 29.7184283337 30.3017049872 30.9289556945 31.8171473359 28.5230795414 31.6325122676 29.3641353051 31.8316080379 31.8340401218 31.2569009923 30.632129706 30.4623046362 29.1005068164
31.3198004553 30.2276823666 28.6069367802 30.3733604657 32.0276288727 31.1178104395 30.3576395459 30.8222203019 31.7537858045 32.0288328921 29.597719287 29.4020338938 31.2798913715 29.1462262166 30.4610586419 30.1989945592 28.9476095653 30.7452380416 31.716255759 28.9029236229 29.9668165291 28.9776373835 29.1324669687 31.2047528219 29.3923774175 30.111081406 29.2374703915 31.2564294629 31.2693566498 30.5166265435 31.5519773962 31.493292637 31.784781893 31.7103695725 28.9524642965 31.5339100414 28.5423661882 29.311379792 31.8062517768 28.891999865 31.7524630744 30.3792944661 29.6368768756 31.1834041726 31.4916333817 31.0435685041 30.3855283485 29.8841328971 30.0135954831 29.2948854531 31.4650256638 28.5064580558 31.1837602923 30.0257134156 29.9549514862 31.6848518311 31.2523584645
31.7682053482 30.5750059762 29.2582604968 29.2232156323 29.7437447819 29.731222634 30.0914835429 30.3994227202 28.9246244038 28.6141271147 31.8819159974 31.6919995899 29.3446548247 29.1545561321 31.3561261339 30.7789966641 31.0520819841 28.5740498357 29.8601692953 28.8664170821 31.4187124539 30.2701300197 28.7622779481 29.9310248026 30.9749272307 28.6041081326 31.5432699312 28.856661065 31.4411458626 31.2176383903 31.2681002741 31.2421222606 31.7667295232 28.8329849892 30.1431756539 29.335310727 30.2153816952 29.6461734498 30.8907286788 30.1623022275 30.9788128423 31.2125868913 29.6883613611 31.3511938534 29.1270329356 28.6811964248 31.0074770693 29.3019299278 31.2455205152 29.778647637 31.9456073758 30.1118373102 31.1749255148 30.5184555697 31.0646430127 29.0789756201 30.6591147931
30.1039484946 30.3422887709 28.68324704 30.6808325257 31.8337392218 30.7193441707 28.5968561106 30.7181438261 28.9984487584 29.9298127498 30.2627626706 29.791169376 28.8028445173 30.0203986281 30.0552772249 29.8352950206 30.364971364 30.9315828221 29.1493118879 30.3058731008 28.5885654798 28.8015919311 29.4113531711 28.9323124169 30.220045485 30.5116680063 30.3278575513 29.188443073 31.6740157923 31.5544481947 30.6378165747 30.4875936017 30.7424069045 31.0072198974 30.3484258376 28.71201333 29.8325972571 30.0129241639 29.8840256836 28.5855669805 30.0966872543 31.9998590974 30.5244970377 31.3914796466 29.6353040419 30.6234775238 30.4025333252 31.0511267127 31.1816257361 29.8286421485 31.5354140785 29.7211489861 31.412455608 29.7343194701 29.2217961428 28.9563419212 28.7045793135
30.4838363116 29.0055641593 31.7144081126 30.1608274599 29.7303926638 29.4358653614 28.5070623315 30.7999470597 28.6045820044 31.0461144304 29.9747279889 31.4369042704 29.1450911917 30.8321369192 28.8910591513 30.0708248894 30.6911774338 28.5996535238 31.9229684211 29.8180944688 31.5895514385 31.8820173461 31.8056926184 31.2912090857 31.8286423299 30.6543472461 29.7265766831 29.06872317 29.1782085655 31.9213058853 29.2365944736 30.9546956865 30.1024809998 28.9284158344 28.6769327438 28.7954027904 31.7710966815 28.715277608 30.3629784989 28.795742152 29.2520208135 31.8899795893 30.1956621065 30.850139904 29.9153885216 30.9064858933 31.7540557969 30.0009260298 30.1470638372 29.4082346947 31.5701401354 29.5648103321 29.8374099264 30.2023865436 29.8126748057 30.7466668962 30.0233310712
31.3595586004 31.7750884427 30.4224004041 29.7220522466 31.5652602451 28.9721228547 30.4239349195 29.2645992378 29.5542601627 31.2962164705 30.717132784 30.2120167148 29.5481853212 28.7271502401 30.2280444122 30.8484702121 29.5791952409 31.7102724498 30.1492692428 30.5294267348 28.6713791201 31.7246856771 31.5933524957 30.391252677 31.359908755 31.8594933711 29.6308062872 29.2075158594 31.7248672521 29.5033980402 30.0896623501 31.5725846073 31.5626739917 30.6584917686 29.913903672 31.0577121737 30.9712456671 31.2962640729 30.6741043538 30.2254381527 30.2050547172 31.2247873798 29.0205954007 28.7619366517 29.4242181667 30.1514863992 31.8713894226 29.9057721859 29.8644425055 30.3508900558 30.7831060194 29.0557964503 29.5285802501 29.4120125408 29.0081265493 29.4359611937 30.1024200035
29.0113207327 31.8657996044 31.9783534289 29.9379511827 30.2336780387 30.8481742274 29.9686662129 30.3171569145 30.7079491785 30.3316473161 29.7408886063 30.9134308051 31.5025588298 31.1363838291 28.6615710603 29.7788597779 31.8062757658 28.578786806 28.8503512975 31.0302459302 29.9078041134 29.4543388647 29.013401032 30.2544257577 31.3185963259 29.1726184102 28.8507554494 28.6662419929 30.7081375181 31.0433734703 30.3181783953 29.6267944225 30.2484845149 31.9683551818 30.1820559128 29.9037342948 30.8171805771 29.6026965715 29.8690973539 30.7257856146 30.8475164864 31.6125957613 31.6399798987 28.9746064547 31.1532666058 29.7668447984 31.3594220483 31.9320987016 29.4932013621 29.0644213549 31.8423420704 30.269078903 30.5207511324 30.4545796564 29.8801301531 30.2634229026 31.6573688029
31.199738595 31.3406714198 29.9593113816 29.3075409166 29.2578432823 29.5144036031 30.1089281236 29.7084576971 30.8236634448 29.9076494379 31.818090267 29.1496217145 29.2769291127 31.0574762344 30.6333632836 29.338368415 31.643965632 32.0219446841 29.5573281118 28.6110239288 31.7748447161 30.9476455017 29.3224057079 29.4304888841 31.5299312054 29.0914793383 30.8419066737 30.713678627 30.6173578076 29.7608706629 28.6841434357 30.4010066648 31.6759057205 29.3357189683 29.5147582508 32.0022028564 30.7223350198 31.2691224473 29.0240587243 30.6874182115 31.3724897127 30.4136701136 29.1352756402 31.4410447081 30.981732613 30.0881532181 29.8858932928 31.9337307542 30.4036262627 29.153312172 29.0238237277 30.9369387509 31.6386063654 29.9292933288 31.5087192797 28.9511466923 30.2454374098
31.0055678731 30.0189163212 28.7021465848 31.5277240772 31.6408457797 29.0103316377 28.8715523399 30.5539131119 31.9164103311 28.8833928384 29.1220601477 31.096153422 31.1209517296 31.9302546318 30.1539552882 30.8846956711 30.184657864 28.6418742422 29.0289246692 30.5786125254 30.0605942548 29.0816063708 28.9975129903 31.74331194 28.5202304696 28.6087248135 31.9557533456 30.2365555806 29.631812852 31.8166440396 28.8541437225 29.8235440092 28.6389302951 29.5826741522 30.4468466573 30.6411897049 31.949643707 31.6958326481 30.0609295317 28.8315925456 29.4882982902 31.1687899099 31.0565439976 28.9269066962 29.5875871071 29.8201266214 30.216577642 29.7185441438 29.2810341977 28.8620165589 29.9110698006 30.5770915013 29.045570014 31.6591064738 30.365059901 30.5581727339 30.0362059489
31.6208625516 30.6884895907 31.0279226853 29.0091899401 31.613698881 29.3826669697 30.0387107941 29.6508013424 29.7597620457 31.3572281181 29.5100494374 31.9841026832 31.6969432986 29.8613394855 29.9248666128 31.0910724365 29.2813405344 31.6441500461 29.1749382162 30.440315712 29.8796968424 30.2879066893 29.3352035305 29.6775656189 28.7200074884 31.9052223961 29.1824672913 28.7218092972 31.2211372044 28.5199667762 31.5058163668 29.5947675315 28.6637392772 30.3509650676 30.6156332404 31.7212718521 29.6054888583 30.6551994723 31.5721987619 29.5720909548 31.0563780145 28.6496481588 31.729844853 31.510919416 30.5746118136 30.6281380383 28.5000313853 31.027374312 28.6292222355 31.4604679634 31.5982170827 29.7401904483 31.0086753042 31.970052677 28.5830740105 31.9173586515 30.5491791577
31.8255567362 31.3405308996 29.0210828758 30.2562195057 31.1910609598 30.6381861167 28.9425583517 31.1841524778 31.6324890421 28.6870312575 30.3849929202 28.6799250021 31.5282217305 30.9294369349 31.8117381702 31.4353902001 28.7554897547 30.4337567416 31.8304867219 31.7425823072 31.7225232705 31.7899262488 29.3298352953 31.1884547448 31.7071094824 31.0485229038 29.8831099464 30.3628699437 31.4318238101 30.7777451598 31.6141615538 28.7074729819 31.025582241 30.344608914 30.8797452008 31.5062300318 28.5841449064 28.5124386601 31.6505927441 31.5028179969 31.2400833401 29.6532828316 29.3033729162 28.6302720467 30.1909053329 31.4057887032 28.5058708128 30.2334311728 30.4322631079 30.7424213166 28.8462793376 28.5012417236 28.8747405755 30.4235416207 31.2524203213 29.2468292515 29.8132442893
