Spatial_Output/DEC/DEC_0733.asc
NCOLS 155
NROWS 192
XLLCORNER 196307.867259
YLLCORNER 449144.565805
CELLSIZE 33.573938
NODATA_VALUE NaN
[rows 26 to 51 of 192, columns 57 to 113 of 155]
25.830907881 23.7638525649 24.9227122132 24.8754230321 23.4732141842 25.3875227644 25.7204468416 26.1866683596 23.2442821749 24.8732407514 26.8134199723 26.6699873232 24.6550705963 25.0387145042 27.2288578644 23.80898955 25.7791393162 25.5245675084 26.8229618026 26.2909053868 25.7988097246 23.8999438582 23.8986672131 23.3692964953 26.2423496256 27.2060430923 0 0 0 0 0 25.2567703316 25.8429927243 24.9526036663 25.3467928352 24.2163965879 0 0 0 0 23.0009235639 23.4640748678 23.2796266946 25.9743283491 24.2081196068 24.4267992379 23.440377333 26.3039843132 24.6363124147 24.8837691575 26.9406240333 24.4898556592 24.4652541352 26.8814716242 25.8755173326 24.762953083 26.0417194172
23.4960987421 23.9764533669 24.0046764847 26.8571642513 23.033786407 24.8770155275 23.6435886299 25.0405761994 26.0864358964 24.2534008182 26.0003786999 27.2327814293 25.2275794406 23.0408718639 23.4560381929 26.1236736398 23.121036326 25.881888638 23.8475428492 27.2043598153 23.6347086488 23.8832534352 24.6581119542 24.8527615492 25.1641956669 24.9434660717 26.2346732904 24.2725834404 25.2160198803 25.335569462 23.1402183409 27.0740586862 26.3699935072 26.6492871515 23.7721015678 26.3748090364 25.6476717815 24.3435038556 0 26.9908598466 24.6469464986 23.5627248367 24.4947462599 24.8888844607 23.5367686926 24.9649711872 25.0199406072 24.1989653228 25.7800072262 25.9388631046 24.1694136929 23.9783255868 26.0781697075 23.5613802082 23.986855814 24.3289678229 24.4306583882
25.9751877716 24.8659979002 23.5248235027 23.3980794261 23.4297187624 25.419993553 24.4282952767 23.8018836615 23.2942612555 24.5432751373 24.6885458252 26.2457033543 25.8835403907 25.1746077807 26.8805734977 24.3199768108 25.9882692675 25.0591255123 23.4445914829 26.3056745408 25.5739298545 24.8746415477 23.4797193532 25.17379131 23.803300311 26.6713259735 23.2379576263 26.5645873837 24.5207753341 25.9885824895 27.0893445356 25.7130199855 25.6720225915 24.2183692513 25.2732482494 23.8836398339 25.6728396371 23.6217983756 25.0519361078 23.643223682 24.7247281368 25.0062397357 25.2861471218 24.7665797512 26.0442994653 23.7859896208 24.2978324198 23.8537715007 24.3934434918 26.9503567222 26.3499916322 25.5783044286 23.7866828873 25.9214769273 24.9070482698 24.7305276255 26.532409333
23.9563959587 26.0248254268 24.3831421607 25.2279690208 26.9441775024 25.7845660596 23.2482117703 24.817622045 27.1511648855 24.2481196286 26.804038106 27.2325408365 24.0343154302 25.6737746378 25.295610316 24.8950996586 26.580203577 24.7098174474 25.9356742045 26.0397789733 26.4860617774 23.6583882758 23.1164073875 23.4449722623 25.9139981152 23.4190091172 23.8982461127 24.79308895 27.0456331517 24.974766442 26.9202289349 24.5567398588 24.7220900385 26.8964651019 23.1642355293 23.824751947 23.5046041388 23.263680856 24.7578090778 23.7766991566 27.0554998832 26.3725142945 25.7554927952 25.6631267911 26.2472616529 25.7083503822 25.8420605474 27.1929029992 24.7822510441 26.9215906985 23.8656525019 23.9361494043 24.6930209494 25.0404673199 25.1609763423 26.9546706875 23.4177815659
25.6513339669 26.1029935412 24.2548062273 25.0407375522 25.2241483019 23.838949792 26.6133449065 26.8228923666 25.381018985 24.411828736 25.341270795 25.8504432024 25.1479458985 26.2607382318 24.5347916169 27.0775181645 25.4831385116 26.9092491117 26.6762032453 24.5873445769 23.7116938781 24.8594689543 24.694732118 24.1754212874 26.3250832671 27.1307408849 24.2671559569 23.8398581581 25.3774645515 27.08020197 25.8628657119 26.58571416 27.027337795 25.7595222864 26.265453477 26.4833628356 23.9271587617 26.2558262898 26.4950326784 25.3539863848 27.2215947549 24.1919856841 24.9047549302 26.1287329533 27.1899331831 26.4777617512 24.7605834226 26.3810438269 25.0900032703 27.1009603668 26.3395083675 26.0720683776 26.8027627919 25.2542933581 26.2825380378 23.5414051367 26.5219336084
25.4971829653 24.7555439539 26.3709082829 23.4641880181 23.5305666995 23.6651638935 23.5735258125 23.13198995 24.2050070078 23.8582216645 25.7101783906 25.2957291016 23.6368546632 25.2533544928 24.6117463719 26.6579840185 24.9084817152 25.39498608 23.9220725026 24.0296449856 25.0251032076 26.5345969093 26.8336677027 24.2099316142 23.6072300762 25.8547220859 24.609002009 24.8247698919 23.6113973909 25.4632451539 25.8557400932 24.2672359047 23.456908792 24.8901812846 24.558979725 23.5284154372 26.6713806527 23.219689071 26.5468936598 25.4998601805 23.8649047376 23.0025605348 26.1036782427 24.0704104513 25.5823403983 24.0858086558 26.6754512611 26.5884798598 25.8982571364 24.9490875689 24.3976424478 24.257203157 26.7781816527 25.9314520004 26.8170948717 25.2603768497 25.7524047393
23.914915429 26.2085242795 24.340655527 25.4528456744 24.0598934763 24.0964628333 24.5221650425 26.8756133943 23.9013652057 23.1804599996 26.3135928787 23.9007142575 24.9129767559 24.8857588914 24.0090234042 27.0244400849 23.143023204 26.9418040123 27.0274203373 25.4536459382 24.7588271822 25.9020230497 25.7071816998 23.1817700461 24.4352684504 25.7100760572 23.8979493396 23.5965738723 23.0140346703 27.2373677353 24.3233814853 26.5527341406 24.7034836154 23.6365215735 26.9089260107 26.412088589 25.07735134 26.880107354 25.971817855 23.096947598 25.0951258884 24.3795403959 26.8551275895 26.2834081935 26.6901276608 24.3016886947 23.6194386103 23.0280318618 23.7902426558 27.004540708 25.6299311038 23.8798119861 25.0904072882 23.5593865657 23.1774442981 24.2891957424 25.7298347416
25.6752474161 27.1403348748 25.7241427252 25.8978663363 24.4103281275 25.2779001636 23.5549840276 25.1387918488 23.502731818 24.2345926243 25.903951826 26.6931501813 25.0168598629 24.7769208953 24.3216109393 23.6746611082 23.7910375345 23.4703583697 23.5376254344 23.8237379303 25.3667129737 23.9739077384 24.2678037206 23.8684232486 24.4825082023 24.166803026 23.6842725348 24.863632143 25.7492830213 25.2089067721 26.9564248061 23.5767645081 25.8093569142 24.9847469628 25.8773901878 27.1105870624 25.3362571521 24.8379738659 23.9461969517 25.4286707978 25.2523216306 25.4252780446 23.0111683701 27.0274170397 25.5238076926 23.9285719318 25.6959563645 26.8815103285 23.3982547037 25.5402034479 26.3906857868 25.3358391122 23.2951551663 26.2911123554 26.2533404477 26.4373832165 25.9099642648
24.5810391378 23.1602043828 24.3212729474 24.951052288 23.2026152945 25.9668776494 24.8538248055 23.0609126078 26.0548941166 25.7334066231 23.3099187461 24.6137447376 23.1631433486 25.7987490245 26.3368078632 23.0581046479 25.7111898388 24.1210049882 24.4649292329 24.6442531891 26.7046469437 23.5344568741 23.6637772217 26.5819863504 26.1940357205 26.3602334907 25.5477517255 23.0166819616 26.7844850569 23.8100291423 25.7086108268 23.4591502648 26.7512396861 25.6396380104 23.1009535771 24.3259933954 26.2186383155 23.943593641 25.8524698998 25.5159746217 24.2222042199 26.8727104758 23.9926097252 25.5560657505 23.9258355367 25.2270930154 27.1993832058 26.04847897 23.0375075213 24.9847709457 25.7184959576 23.7226564939 26.3240608995 24.0363056567 25.2823025816 25.4994673429 26.6682566246
26.6843179966 23.6022201609 25.6644710555 24.3536607204 24.4562341361 25.1486955165 23.2566629985 26.1334671957 23.6903332699 25.5081949473 25.9406184522 26.9366188408 26.7521767284 26.8442939125 26.790141393 26.8302211118 27.1108060474 25.6449692795 24.9334399407 26.5797446673 24.5834599128 24.0369714726 26.4809152041 23.3092387641 23.5863708874 25.9407027007 25.76924996 26.5461398449 26.877871568 26.4482057498 26.6818610514 23.8347552646 24.8633294093 26.3028911007 26.2750002118 24.5676508098 25.6868950973 25.91588125 26.4732225576 25.7956445258 23.7168589565 23.8919035159 26.7150447779 25.1108405224 23.7238266331 27.0812683738 26.8055537127 23.4076421113 25.546780175 26.8198355666 26.4055398604 26.694382489 24.6630851729 26.9670791078 26.9368562443 26.9289599651 24.3267143773
26.7219607875 23.6608705453 24.573894199 26.4893570558 26.3720857743 24.0057725135 26.2320692746 26.8625798319 23.0180661726 23.044215965 23.529162575 25.5793939021 23.1509639164 25.3935205544 26.9373920597 26.3515098828 26.7448719441 24.738932355 24.4504821312 23.1703804037 25.803859331 24.2193020116 25.0914889802 26.6711088082 26.4842702541 24.7578884786 23.817028636 25.120369118 25.6243665163 23.2272157189 26.9329435154 23.1413694878 25.5526053321 24.6239706852 26.0754166636 25.3276210064 25.1607198314 23.3802715367 26.4545481703 24.5867789116 23.5076442001 26.8760999741 24.9350887775 23.212313368 25.3182809897 27.0957707158 24.9736756083 24.4016497075 27.0040641933 23.2993557691 24.0618017547 26.7790475675 26.7731349461 23.7704812535 26.1799641313 27.0107393162 25.3496207203
25.4357317576 25.3056278929 25.9022519546 23.6639565039 26.0647254543 25.3225386659 26.4467752502 25.2972572919 25.7585751772 23.426710021 23.9776307707 23.0618381837 23.3832664989 23.0788961757 24.4281203566 25.4316308116 26.4615510415 25.6932289932 25.8878686781 25.2093701918 23.8824377849 26.4836901037 27.1264797357 24.1496535789 26.9028554052 26.5433737728 25.1651878785 24.8480964538 25.0378172946 25.3410376157 24.7854792227 23.1453913226 25.3039721418 26.1872141677 26.7937158979 23.0951563192 27.1101197493 23.7484403791 25.006616746 26.8241176952 24.8675150954 25.167364762 24.332620872 23.9945846418 24.2323055227 26.5413084566 23.9731212585 26.0664019678 26.13837738 25.3395062051 26.6980448046 26.5595602614 26.3731049577 24.3161049213 23.5556515199 25.7859679788 27.1967583699
24.6916950207 25.6361301131 25.8424685102 25.2525342935 26.9379172188 24.5618719482 24.2574370918 24.6397038182 27.1470845746 27.208472827 23.3217323072 25.6742097075 23.3830451445 26.1098204207 25.5952553877 25.2722201973 24.3952208539 26.3019173212 27.0515728427 24.1264453573 23.2880526579 24.302425912 23.0070515881 26.4384308076 25.7833754322 23.1108019089 26.4867917181 23.8310365129 26.4111236187 23.8801610105 26.7395795305 26.8966051238 25.0325633283 24.5697288806 24.6782321046 24.6237459306 23.6449304161 26.0428744459 26.8649994846 25.4869043935 24.2503574087 26.6836939875 23.6436756771 26.8143271699 25.3552929263 24.1984940859 24.0051927512 25.7866651702 23.5836769809 24.3602643426 27.0156001447 24.9936249688 24.8732127928 24.4860216042 25.9817811815 26.0882705741 23.6441579199
26.4267359216 26.3622463741 26.4355362506 25.4800696057 25.2695596363 25.3383169979 23.7827260144 26.4360871965 24.2698425597 24.3379507232 25.4033387388 25.3584989978 26.4439006383 25.7103995402 26.3572106915 26.176640058 26.5511321024 27.0362541919 25.3090896463 26.3360062934 25.8536103161 24.9190179941 26.243379536 23.3436694781 24.6185160845 23.7943550599 24.9528830252 24.3037432816 23.1017506143 26.8234994834 26.0962159025 27.0505078198 26.3614203258 26.0459863782 25.3988437085 26.3788417775 25.1871349064 26.6339648007 26.3865616571 25.2178738584 24.8904529233 24.5133534533 26.3243048447 26.8486265981 26.7118383509 26.6377702652 23.3209913018 27.2281343456 24.4672908948 23.9059175975 25.5856178052 26.5990943144 26.1433557278 24.0723428582 24.4326025149 24.2246117131 27.0345250032
23.6999116215 26.7384730265 27.0127115128 25.6294832451 25.25144937 26.1198637783 23.6204657931 23.026605717 25.584782091 24.9337345403 25.3143662512 25.9115741967 23.1372318365 23.4368099444 23.0415233314 26.4287159754 26.6856509285 26.8303747855 25.2397326345 26.3584322637 23.1372066738 27.0122756038 23.9764906855 26.5606982682 26.729254476 26.3124871642 25.6446702671 25.0541618104 25.2606063818 23.6288215131 24.428117475 27.2344114773 26.4271025334 25.0435161266 26.6198869795 23.7842270883 23.2360114933 23.9385756045 25.5399066234 25.0531909781 27.1001452038 25.4958303686 24.0434809901 25.9890593711 25.7202710835 26.4214467277 23.0457791219 23.5764158289 24.9438517368 26.1657558836 25.5481191555 25.0776660873 24.2574025531 25.9691726729 24.3303053718 23.0655811982 23.0526969375
27.0075929981 25.4040516712 23.9356666772 24.3615860891 23.0194145574 24.6871005212 26.4416744829 23.2635255606 25.2832416702 23.3546513691 24.129533097 26.1533975286 26.9258639251 24.7992323107 24.8613983843 25.6551679861 26.5812339106 26.6724731992 24.5813774625 23.1296662574 26.351797275 23.6128106259 25.2661259882 25.4242150958 25.4760665377 26.6727076253 24.2827833296 26.1298040028 23.8466037333 24.0148147862 26.2684339619 25.0035571748 23.3590452251 26.2804961204 25.4783191983 25.2108907686 25.508489178 27.1389870897 24.4519475065 23.5817020259 23.7156231676 24.1801163251 25.3756565761 25.6909525685 25.5193166952 26.2556873899 24.1895003083 25.1838162774 26.7260567209 26.9551343889 24.2924541343 26.5724722776 24.8626236309 26.6237539963 26.0704674939 26.8769094337 23.2533796108
23.2633936941 25.0154820051 23.5168116918 25.4006164983 25.8218428367 23.9733907463 26.2501269978 26.3792054385 23.5555909505 26.7056290903 26.555740063 24.3549872531 23.6182334558 25.6363896017 24.8857999502 25.8771504644 24.5068015768 25.7651916391 26.034515703 26.6681035623 25.8562781693 23.0724144931 26.9260723026 23.4850690739 24.4264595345 23.1398672704 26.4337559241 26.1236968256 25.6190400004 24.2536654205 23.7627617443 23.397775293 25.2098239548 25.9448454593 25.4011279739 24.6597031311 24.618161002 25.5269812662 24.5165060469 25.2918807727 23.902539815 26.063786754 25.2720585651 26.1611064159 24.2480406179 25.7313622537 24.9583488966 26.8326424588 24.8186014705 24.7465564826 23.3151945585 25.9865449304 24.6025321654 24.7825361711 25.0486516949 23.6552045796 25.8455178267
23.8867496166 25.0272003452 23.6468892666 27.173506245 24.2517067452 26.6275969926 23.2073674881 23.8108776898 24.0785864964 25.4317649403 24.1749284712 26.8390244537 23.3859970577 23.7782585417 23.8616286049 26.7950293787 24.0872112408 23.7673398033 27.1824988998 26.0614835916 27.0482403072 26.0790234863 23.0812325504 26.967614358 23.2868582071 23.6368569027 26.4210874654 24.1030057002 23.2940681276 24.5752290657 25.1095609811 23.2180837619 26.9690268672 25.8598253765 25.0276237121 24.4741420896 24.3724163924 26.4148767786 24.3189519567 25.3750476182 24.9364974072 25.0795017633 25.5813362216 26.3402820058 27.1719421761 24.8732963487 26.3092256081 23.7811929142 25.1881064649 23.7181100807 23.4524857953 23.9341747152 23.4553436975 26.3410689895 23.3141943393 25.5934569031 24.2928363978
26.1317233828 26.5405029538 25.9259992315 27.0013776999 23.5443118687 24.2613528138 23.6886901722 25.6033394356 26.8048562074 25.2808748663 23.4065620883 27.1417827757 25.20937161 23.9865099944 26.2340258119 23.8214423045 24.1063515936 25.0584694903 23.3434363373 26.508678717 26.5706528941 24.747552487 23.6252594313 23.6364371996 25.0553245134 25.3504072434 27.0129610262 24.4142054114 26.828107146 25.1445054235 23.6152956473 23.8688857875 23.8892095265 26.1584334582 27.2091402251 26.2866725312 25.685604923 23.8768421377 24.1399365227 24.9149600131 26.4657213631 25.0318330455 24.4122170784 26.1298277949 25.0380394448 23.8665172554 24.5019049598 24.3929199646 24.3872971064 26.2392048853 23.8562680623 23.6854520641 26.4821603086 24.7067638258 23.7225935921 26.4219188732 23.1965810262
26.9999384352 23.7253144501 27.0999497342 24.6444391786 23.8569227506 23.3695871546 25.9850948772 25.3818900319 23.240255941 26.758309319 24.2560439067 24.4579245814 25.4302806727 25.7815849221 26.8738514198 27.0230571043 25.3063229319 25.5910989563 25.1500220761 23.6725293613 27.226222053 25.3456483951 24.9299072227 26.5752742354 23.6912684208 24.3282171659 25.7511841069 23.5709157624 25.2677631705 26.8802482895 24.5183465569 25.2200952133 26.4015790687 24.7845887727 24.3010136717 26.6088217094 26.0286455451 26.9327969809 25.2439702034 25.5935255053 26.7965390555 27.2284469544 24.1036032355 23.144139268 26.3917953596 24.8117470617 26.7649715955 24.801517419 26.8785921353 24.6760713985 26.7990126311 27.1589918446 24.7987245666 24.0940098697 23.4977995247 24.3558603665 23.5666130402
26.5466502669 26.3042362635 26.3505838503 24.0990918868 24.4092162038 26.5501486463 26.1236599797 24.476519499 23.4932234861 24.3254392863 25.1233795544 25.1162186205 26.9707186878 23.3194091572 24.3196976434 26.8856063809 24.2664845637 23.6575900366 25.8055802481 24.5932908852 25.6841568256 25.2588081788 26.462381221 26.3116475096 25.7845598674 25.5663935894 23.6522030319 24.4821834557 24.0451850021 24.5040064654 24.0733644271 25.0479226005 24.8539741623 24.049979225 27.2274825783 25.1152882696 25.5493668301 24.3646912329 25.1697064471 26.101577183 24.7955460302 24.5078822698 23.3928615908 24.1254543777 26.3043626068 24.4379571406 26.9217530944 27.007847786 25.6327703649 25.0003817898 26.6375526128 26.2737590466 26.174109498 26.0347552048 26.8236495091 25.0879751444 26.3856038337
24.6259230987 24.6454903526 26.0284614554 24.9221706612 23.2937485487 24.9616261538 24.4481344934 25.5605356457 23.1611680891 23.7453047885 25.6065278489 25.5519366602 27.0852217098 23.8979344337 24.7323404099 26.7171734381 26.2062282026 23.2506934783 26.1149883262 26.8213179001 23.2190704972 24.3080054287 23.1004104906 24.9355586276 25.3726420235 24.2583688602 27.2064659402 23.5210894741 23.4929411886 25.3203549253 27.1503636362 23.508192074 25.7249727773 25.1221157968 24.5733565341 23.8207970111 26.9992371373 23.2647598905 26.7033386663 27.0049501304 24.9775844502 26.1633614002 26.5046572884 23.6764074443 25.4281736097 25.5068334829 27.1953651938 25.6968669425 26.9547410955 23.9327576025 25.6980405769 25.9021694407 26.0760800842 23.5095539634 24.7719888679 26.1824125412 25.9010312416
24.3839294172 26.0046950194 24.5404328405 25.4190165426 26.3868189957 26.4401897771 26.9838031189 26.2723177525 26.6412242592 25.4163518649 26.7484754536 24.7758805049 25.6257525401 25.5330467937 23.4231091199 23.7851305876 24.1475517572 25.7401382462 25.786712754 26.5094647017 26.3021875609 26.975188014 24.9149917763 26.6537069449 23.7174494415 26.9256230774 23.2986253375 23.4686743964 26.2314336097 26.7969002834 24.3891791493 25.9181735148 26.2012478081 23.5203377688 24.5458995402 25.5380157354 25.2769712694 24.5552022814 25.3353732834 25.0555766761 24.7790462918 26.5807357263 23.4278826346 26.9902689977 23.9792139196 23.9949675754 24.8597923024 26.8819439825 25.1087216454 26.5429881502 23.3821859422 23.0248704573 26.8338125398 56.0235074272 56.0235074272 34.2239434445 39.7362220063
25.8194511522 25.8473284979 25.3144647994 25.8662744169 23.5186183958 25.0690663679 26.6255287447 24.4745951118 26.71786365 25.1058306587 26.9378256485 24.0081300036 23.7284534049 24.7414868469 26.1493703593 24.7615140192 24.733989023 24.0479111256 24.328930119 24.8936650604 23.0151336294 24.084066919 23.2795119582 25.1826845036 23.6779356458 25.5086301549 24.8676525047 26.4299215983 23.0163398958 26.9015833339 26.6057028713 24.3673279183 26.6873274422 23.9923933558 23.1034005001 24.4653103769 24.2299091676 23.5146886074 23.1502113824 24.7311540204 23.7593569541 27.2391758062 26.8051085463 26.4582332291 24.6291526278 25.1319953654 24.7999735826 24.9378064978 26.2260431846 24.7318092236 25.235850098 23.0241009395 26.2041215248 24.2547282712 56.0235074272 41.0275760556 45.9398909304
26.4302851357 27.1611209145 23.4853388935 23.9001219242 23.6626781829 27.0248997652 23.5616267673 25.5900796885 25.2643448288 26.3701515024 26.6877482703 25.7708853168 25.2300298295 27.18823451 25.0105087788 24.7068922234 26.3440596025 23.2718173801 26.033409345 25.1421711895 26.5520893933 27.1513348003 26.9533969311 23.6711282255 24.2508026617 24.5371115003 23.5842651425 25.3437188691 26.3632849051 25.1992440282 24.7811074843 25.5167535796 25.6750322403 24.8381926724 24.9454085363 26.9669972034 23.1438180347 23.8388531894 24.7543141408 25.533400654 23.7253882458 25.9015467149 23.4430005855 25.6732265901 25.7738780683 24.6810937955 25.7200696949 23.0505837215 24.7880269562 23.8778398889 26.0204430909 27.1814744958 45.8606348693 24.2190266411 56.0235074272 45.0252800174 44.7866735292
23.7833712879 26.1271425977 27.0532817012 23.1595208999 25.1249122385 25.1827816709 18.0028954121 24.9331661175 26.1849074582 25.0908329663 25.5875594184 26.9600203936 23.3144119691 25.9258972795 23.989193455 23.0094253385 27.1712515835 24.8555006263 23.0561866685 25.5297114766 24.5717463475 26.7246671029 24.3893162453 25.3927388199 23.3495607578 23.437297439 25.1662422457 26.5156407133 23.5547562723 23.1534428894 24.0458567584 23.3757870954 24.9889406913 25.3599293551 26.4507652396 23.6073793224 23.321094822 26.5442990428 25.9154176249 25.1216377741 24.7693014829 25.4770830625 23.3491190777 26.8982292563 24.611439923 25.8498907081 26.0487969453 25.0826630934 25.6624631791 24.63919353 23.2581688966 23.9203341475 45.8606348693 23.6917544212 23.0562381922 26.7339145367 24.9026816477
