Spatial_Output/DEC/DEC_0548.asc
NCOLS 155
NROWS 192
XLLCORNER 196307.867259
YLLCORNER 449144.565805
CELLSIZE 33.573938
NODATA_VALUE NaN
[rows 26 to 51 of 192, columns 0 to 56 of 155]
0 0 0 0 0 0 0 0 0 0 0 0 0 0 0 0 0 0 0 0 0 28.0536701605 28.5653045782 28.0203791135 28.1042446452 26.5341745846 27.1906637179 28.4530957931 27.3707518573 26.5761771716 27.6825667076 27.0374092411 27.640321128 26.7236663899 26.6607605284 26.647333004 26.5693187194 27.1406702883 27.4066834743 27.73454242 26.8804339633 27.3787927708 27.7299274738 27.8827527426 26.9454399743 27.8452977713 27.5202026308 27.3242721752 27.9284622834 26.6490013049 28.0797555891 26.7863616337 28.3703541949 27.2683941458 27.8778157733 28.2874330984 28.2114681796
0 0 0 0 0 0 0 0 0 0 0 0 0 0 0 0 0 0 0 26.7286513602 27.4091092277 27.4018926952 28.3730147787 26.5062596126 27.3020207414 28.2306084784 28.5234364585 27.9574749211 26.5431819155 27.2667986013 28.5039359411 28.5764352767 27.9279897343 27.2178372509 27.3776016798 26.6784026964 27.9674186705 26.5120217787 28.0413344859 27.1402951939 26.5639763279 28.3773278319 27.5753942067 27.744493777 27.2828432979 27.5002568503 26.963446719 27.5388906584 28.4075429305 27.8043250997 27.2934745221 27.9856187753 26.7540871315 27.2120474361 27.8752343566 27.7294406838 28.0413370484
0 0 0 0 0 0 0 0 0 0 0 0 0 0 0 0 0 0 27.1985151029 27.1626780557 26.6708862006 28.0623598549 28.2861015182 28.5087889947 27.5513747699 27.3975439888 27.6323073485 28.5045723472 28.6189539045 26.9193801445 27.6135610564 26.7850695822 28.3887047352 28.3858709161 26.9876196958 26.7479672289 28.5781235693 26.9573307675 26.6700964425 26.9521651671 27.9619449308 27.4505324606 28.6121936667 27.4938661461 27.1478006145 27.5122945 26.7278565201 27.8869372092 27.0671147823 28.4984541943 26.7350920133 27.7798686025 26.7939433955 26.6078296268 27.4760176883 26.9460680871 26.9751054687
0 0 0 0 0 0 0 0 0 0 0 0 0 0 0 0 0 27.8054031031 27.6303102686 44.0322299878 51.8698324161 52.0506244572 26.6575449552 27.4444993322 27.5668769626 27.0094980257 26.5685813808 28.5605139187 27.6095124661 27.2397307882 28.0489261454 27.9100505086 28.6064124435 27.3771178095 26.6565287519 26.9231393107 27.3456823635 28.5339272779 26.92830751 27.0526961021 27.4602268976 26.6348521305 28.2162297788 28.0298127765 27.3631893913 27.6849918402 28.2245847192 28.3679437174 28.2061143934 28.0126139728 27.8508797274 27.3197018275 27.4735178024 28.4694585788 27.6554062617 28.068964215 26.9920640494
0 0 0 0 0 0 0 0 0 0 0 0 0 0 0 0 28.0995627022 28.4539598537 27.1560594602 48.5832647367 40.9171637836 41.9372113677 27.0581931038 28.2695315761 28.4410089328 26.8692359711 26.5761880601 27.3819190787 26.7424834279 27.35034081 27.288305872 28.3763327055 27.6166142414 26.9138537417 27.4684866242 27.6059421588 26.6945364328 26.7760594521 27.1434507099 27.123527765 26.5541403482 27.5901435749 26.8997839736 28.1902453686 27.2515492931 26.5950915472 28.3693634812 27.7770967773 28.5958048183 28.5976006885 27.9834104525 27.6095980182 27.2244134683 27.2113999233 26.8999600313 26.867028287 27.9577965265
0 0 0 0 0 0 0 0 0 0 0 0 0 0 0 27.5216276307 26.6140968673 28.0416235793 26.5588078887 45.7924294922 44.6892975497 40.8289975706 45.2157824266 28.4330272277 28.3036804113 26.8220446411 27.2243255116 28.2292864122 27.6489232877 27.160808468 27.7251274695 26.8268450835 26.7460268549 27.2870212399 26.827764809 27.804606184 28.0718842269 28.234126644 28.5606221449 26.8724580706 27.7177806819 28.4860810462 26.5884975996 26.9375899289 27.6913852381 28.4808189624 26.943780182 27.8072015021 27.1018021358 27.9501843653 26.764847331 28.1246707967 26.9877244856 28.3242487821 26.977770699 28.5857968794 28.1975138377
0 0 0 0 0 0 0 0 0 0 0 0 0 0 0 26.6204392038 27.3858024434 28.1221670735 27.4107989758 50.9340637362 54.7793875466 53.8433086284 39.5588284655 26.6050792322 28.0701026376 27.4835737992 26.5220694522 27.8698842873 26.6685617945 28.4034013109 26.8307939132 26.9658201248 27.1367217477 26.8560784839 26.509556605 27.2622025993 28.4943830677 27.4809756856 28.3955922705 26.6910224122 26.5403361031 28.2237321442 27.3469394177 28.5174818762 26.8237041872 26.8121101735 27.6641662809 28.1105245843 26.5971885513 27.3913139413 28.420885307 27.2533812092 27.8253586828 28.3234712608 27.6286579381 28.1678090711 26.517762042
0 0 0 0 0 0 0 0 0 0 0 0 0 0 0 28.4302754457 27.1158938016 26.7541574253 28.5659378081 27.0278028677 41.6347858514 44.37775851 55.2323994074 26.9260454858 26.5980411748 27.0831140874 27.5864932781 27.1063292839 27.6785752954 27.2391882317 27.1559546182 27.5402369779 28.5240510847 27.4370205026 27.9617730642 27.4828650682 26.5937968828 27.6346417736 27.4762104904 26.7216784296 27.7611130445 27.0348489576 27.1614433255 27.8977405372 27.8107763656 27.8684890757 27.6742097787 28.5797008249 27.0236128297 27.6487622873 28.1916675583 27.7064612119 26.5083967341 27.8374105147 26.70706536 27.3572605395 27.7795491447
0 0 0 0 0 0 0 0 0 0 0 0 0 0 0 27.7020645037 26.6902064397 27.8341285776 27.0671089029 27.2624983664 28.1455128849 28.2426939988 28.4814215898 27.1345746139 27.0650773972 26.9336943309 27.4235246578 28.347795147 26.5113349626 27.3204960298 27.5124244704 26.5768905241 27.0833545911 27.2143015123 28.211164693 26.7910213391 26.9498893562 28.2280173591 28.2188236756 27.5577947689 28.4270538043 27.04854896 28.3248507637 28.5824377791 28.0544784059 28.3323480311 28.2119008763 26.911716765 28.3001021673 27.4544612864 28.341913968 27.5206726021 27.1785315741 27.8217553562 28.4374668233 27.5639794566 26.9052163551
0 0 0 0 0 0 0 0 0 0 0 0 0 0 0 27.021104529 27.0193305679 28.1804440805 28.0978955298 27.4819980935 26.5042871089 27.7354059096 27.8109579164 27.7062767148 28.0415829926 27.8659463984 28.1926333792 28.4986311325 27.8037304609 27.242906767 28.4901385327 28.2346645075 26.5635864608 27.9799680109 28.4532336503 27.5480646973 28.529740439 28.5313793686 27.5774594966 28.4741209683 27.5148061118 27.1275366263 28.2989035549 28.2359076396 26.9154540881 27.2598400874 28.2529604303 26.7523117964 27.8095201222 28.5817415334 26.9323008519 28.5696683874 27.9324556603 28.3342467954 27.4795667756 27.0394574799 27.4145300865
0 0 0 0 0 0 0 0 0 0 0 0 0 0 27.4093265328 26.5827916513 27.4805587031 27.0737260145 28.0403608553 27.0435399133 28.5017979088 27.9046431817 26.6528999264 27.9638854818 26.5569319954 26.6191744307 26.6535163667 28.1125541517 27.0469945708 27.6016933583 26.8878338137 26.8331879999 27.1105446714 26.700269053 27.8090432264 28.290112345 26.5250205781 27.9563214655 28.5625959763 27.3126670439 26.8024533751 26.8690126749 27.2088531105 28.5916958619 27.9234095189 27.9166611458 26.7777885996 27.6207552822 28.1536200112 28.573465216 27.6038718534 27.4149218244 28.026857028 28.5840614203 27.8955053415 27.3242003623 27.0361006483
0 0 0 0 0 0 0 0 0 0 0 0 0 0 27.3294865359 26.5756547213 26.6168481192 28.4869802381 27.9506186875 28.2972494863 27.5129724153 28.5353199126 28.606358885 27.7510321814 27.299198059 27.7093781705 28.2222127676 27.6184289479 27.7961599372 28.2174820971 26.8008445257 28.565236925 27.3429014291 28.593095598 27.411506387 26.7116383695 26.7591703289 27.2582856752 28.5756953591 27.5482819981 28.0873999157 27.3787691049 27.8829162329 27.7926158936 26.8360940351 28.095050603 28.2788175981 27.5082885592 27.9779364955 26.6473739482 28.0207226044 27.6436913378 28.2731418699 28.3235157823 28.4844710351 28.372809426 26.7050882655
0 0 0 0 0 0 0 0 0 0 0 0 0 28.1919655733 27.1215748722 26.6694843767 27.1827887566 27.4842082418 27.3934471635 27.6757818891 27.488956696 28.5250033672 27.9687664409 28.1585025156 28.4202627962 26.661623941 28.1940544194 28.5844778607 27.8029182812 26.8994077706 28.0125916808 28.2401676727 27.5914807941 27.1248954183 26.9753636134 28.6111390678 27.0989462195 27.8863995357 27.9941136963 27.5817587566 27.9164524446 27.9722014369 27.1693434868 28.1666269018 27.7221909606 27.8253415326 27.4883889214 27.392339632 27.6858209861 27.468548974 27.148997513 28.0782638507 27.8128213568 28.2653787039 26.5435713058 27.0940018503 26.7259106577
0 0 0 0 0 0 0 0 0 0 0 0 26.8508144568 27.1917416395 28.0971859212 28.3006588227 26.6718276195 27.2182336885 27.2974648303 27.6729386672 28.1497619005 27.5230803599 26.5258751234 28.3951466839 27.5481347672 26.9178492441 26.9998153814 26.6329420446 46.5538604587 46.2203121532 39.6960100092 28.616717771 28.0084690123 27.4639556197 27.4777627708 26.9714449049 28.2458791074 28.1174614044 28.5671811179 27.8047418677 27.3713347471 28.1821597476 26.7833360545 27.2623284599 26.5619657166 28.1596888068 28.5042893823 26.6751875584 27.8608172281 27.7046082726 27.3110200598 28.5010963623 27.02093241 27.7018909262 26.9931557408 28.518812553 27.7400095208
0 0 0 0 0 0 0 0 0 0 0 28.111642063 26.931642673 28.4444731411 26.5542919648 27.0435527041 27.1770097862 27.6156271139 28.032235899 27.5448011289 26.7260263205 26.725934252 27.1990907398 28.2412668845 27.191852564 27.0122794989 27.7454079017 27.838774873 45.2487320176 51.3654593666 47.3595205306 27.2929135617 26.9526907224 26.6388462777 26.6562491357 28.4563184918 27.0560469505 28.0694854553 28.3372780804 26.5619444047 27.5134079224 26.508764205 26.7252534007 26.7325509588 27.1793422624 26.5947540626 27.9232812887 28.3993336993 28.4509302136 28.4037632957 27.9647879885 28.0588160169 27.295393849 27.5197811494 26.546289123 28.2092609278 26.6783214457
0 0 0 0 0 0 0 0 0 0 26.6896293538 27.6419230053 28.4837418319 27.5951694608 27.5774764771 28.375404717 27.2634005787 26.7427096461 27.3248509754 27.6436176244 27.4851357299 27.8060431886 27.255093417 26.5767422885 28.1569185313 27.9849222647 26.818277046 27.3193470178 53.1551437742 53.0476596568 53.6975725079 27.8861634258 27.9352732297 26.810663775 27.2934085684 28.4812189467 27.4496335919 28.3203057415 26.8281507479 27.6495835823 27.1696457079 27.2858465299 27.4394604163 27.773913222 28.2324793602 27.9415793925 26.8422045918 28.2317245015 26.8862142505 26.6632134042 27.6825710154 28.4684361454 26.9381894285 27.8469712671 26.7268942133 28.070956722 27.9079583647
0 0 0 0 0 0 0 0 0 0 27.6545041115 26.8502350246 26.9020592091 28.2722311175 28.1505494756 27.7752412574 27.4783473915 26.8310924013 27.1971334191 28.0385126363 27.5737121297 26.7718499407 27.7026905284 26.9158151782 27.1017739149 27.8725137991 27.7280212674 27.9744933546 52.8047787267 45.7552030243 44.2699757676 28.5683802347 26.5354371708 27.1596965937 27.7636396857 26.7463906787 26.9922575884 26.8144607548 28.5614970964 27.4044932175 26.9402812921 27.2344648671 27.6467822643 27.1551423284 27.185738737 28.6023018282 27.5782148131 27.6379267786 27.917588629 28.5587094514 26.912745891 28.5700255915 26.5683235467 26.5337071541 27.6788394402 27.1555374795 27.5630886403
0 0 0 0 0 0 0 0 26.7134465769 28.0926319733 27.7356228017 28.3964908162 26.808089769 28.0582007995 27.4369035196 26.7975817279 27.3312668878 28.3059967602 27.1176085218 28.5252943122 27.4862771348 28.2029066372 26.8535113022 27.5583474744 27.9974096399 27.2434357245 28.0415825332 26.9250661746 27.0475299997 26.7581915221 27.5914309166 28.070766634 28.031162634 26.6064556685 28.4251491802 27.7334304034 27.1117056994 28.342494528 27.316725144 28.2810059599 27.0304769197 28.5540723495 27.8230445976 27.545615236 28.3573129187 26.6732349602 27.4073464596 27.8425204272 28.3751149577 26.5223836106 28.1719014595 27.1810183671 26.6657278702 27.8497302629 27.0121084748 27.2161916122 27.7256511399
0 0 0 0 0 27.9245017968 28.363244289 27.743690117 27.7874848443 28.4310902547 27.4741437694 28.4217127519 27.3354058302 28.6148016356 28.5407932276 27.0600456266 27.395011659 27.4608597214 28.6087496503 28.4408155434 26.6362582487 27.0456166674 26.7590839114 27.8900556182 28.4548068547 27.3274044789 28.4554022744 26.6863338965 28.1281508788 48.5272677189 38.9959971896 50.2634096462 27.2931547491 28.3232535875 28.0106329338 28.2592886804 27.7610531757 27.9305377852 27.1632902824 26.7163356567 27.1647740933 28.2710949567 27.7826696274 28.400082737 27.0106156342 27.7147708617 27.4705206185 28.501503318 27.499165887 28.5218998873 26.5928908445 27.6979638556 28.2524205624 27.2899475098 28.1225901814 28.4853276266 26.594018319
0 0 26.5542147594 27.6651582777 28.1863143507 26.9473751258 27.3251478682 26.7326260161 28.2318851604 27.1698666384 27.4450203642 27.6019728169 28.0149573615 28.5676619816 27.3095269347 28.376890108 27.8925571586 27.7125768973 26.647020874 28.3764777685 28.1932282348 28.0378870094 26.6809724898 27.0016719649 27.2896746049 27.9921307601 26.5680267935 28.2056277128 28.4022412808 42.0125801193 51.040847799 52.5370407134 27.5130663664 27.457903361 27.614112534 27.8052359151 28.263427838 27.6013816011 26.6786606329 28.4453624936 28.5359222041 28.2667796762 26.9845377382 27.7866073841 28.2573934749 27.8172974619 28.4520786277 27.0444537078 26.9629681735 28.5538800392 27.8343564844 28.0676758753 27.2276635098 28.4436917046 28.2357072479 27.3077693686 27.1921064062
0 26.7040117487 28.1054186117 27.3415223502 27.2772139048 26.6623947265 28.0710308364 27.3692603524 27.6368902725 27.4170623868 27.8062351222 27.9489764475 27.7269590214 28.3806782875 26.5791897014 26.8557949693 27.486035046 26.5589087376 27.11172792 27.226152572 28.326941479 28.3700004862 28.2211906219 27.3629446439 27.5564240945 27.5543926997 28.3441228132 26.5087955605 27.8874704451 39.476413553 47.2323203548 55.3850288582 27.4016138798 26.5832723348 28.3756352836 27.6376494704 27.3905909538 27.9690371796 27.2837041423 27.8607889118 27.3298553845 26.6831929577 27.8128373072 27.1671319869 28.4187052529 26.739849007 27.8325541013 26.7344784379 27.3126111518 27.5901946281 27.029570938 26.9995741035 27.5765660454 26.9539797715 26.8875029636 27.9022266964 27.4233727538
27.7399478335 26.5603759126 26.7589193536 27.9516832605 26.5258690571 27.7817214223 26.66738052 26.7329962565 28.2757503099 27.8708877704 28.1726049272 28.4275922694 26.6488870197 28.2942168711 27.9508473481 26.7253190576 28.297543647 28.6121477121 28.5564752991 27.4874222942 28.2025164367 27.228507029 27.2640118684 27.039109834 28.1775466095 27.3988930914 28.4104463547 26.9513059668 27.0832638044 27.4740985878 27.4414022683 26.8041898174 27.0489700477 26.5481304706 28.0801266502 27.7999053003 27.0979327362 26.6218658816 26.5514737251 28.1300480301 27.4959518015 27.3590826959 27.6653170263 28.2817345985 28.1301926735 28.4820131011 28.4150978058 27.1483979609 26.9678401715 28.3013864225 28.4053383958 28.1941763479 27.3016630198 26.619795157 26.6432810137 28.2738451438 27.9341505426
28.5814599774 27.4902070924 28.605883921 28.1947043118 28.2086925836 28.2048803519 27.3363815695 27.6172617596 26.7824286455 28.114126779 26.980706587 28.433982937 28.4243558786 26.8608672101 27.3310170671 27.0156261231 27.235289142 27.9470579041 28.2871095493 28.2306533246 26.6156770233 28.343864686 26.8499275096 28.2586304601 27.1269252626 28.3305096199 26.956505427 26.6181613056 27.1677527649 28.0633302792 27.8194594977 28.3776498379 27.8916119729 27.1851190063 27.7763767135 26.5660407045 27.5922717991 26.723191784 27.1604222462 27.0505606957 26.9198746929 28.1355990612 26.6655470432 26.6202126594 27.8456120839 27.9088173701 26.6392830412 27.3423371459 27.2245976329 27.6154123126 28.0955636803 28.1875071709 28.3980451395 26.5827758361 27.4583062508 28.0147360879 28.0480755885
28.3630435558 27.8540555142 27.2501187119 28.4664440866 28.190067704 28.0039152539 28.2791751282 27.3950561401 27.5555937944 27.7665701508 26.8998287452 27.3575658058 26.693607591 26.5827502333 27.0331876772 27.2178997083 27.8109634119 28.5620986085 28.1287197348 26.6301929972 27.5520370345 26.6679414573 27.2438989859 27.5980994118 28.0758856755 28.1576057141 28.1727771237 26.8079594251 27.8928069518 28.173555884 26.6495275317 27.6062638682 27.2132392559 28.4287926191 27.4470282866 28.6053615249 27.3058168935 27.0733592717 26.7032842108 26.7449505258 27.2853541264 28.5478142824 28.2686138089 27.7965100829 27.9720238782 27.5662498128 28.3427534897 26.9480222996 28.0956851858 27.7787592115 26.8391871682 27.4598828476 27.1202734795 27.5041429257 28.5291791124 27.8476314404 27.0052079793
27.4201709058 28.1348739618 28.3076454992 27.4253144157 26.6494866828 27.6849714711 28.361233078 28.5312009892 27.7473822599 27.0601436186 27.2367270355 27.992364392 26.616615772 28.3959078038 27.3139835398 26.7982361308 26.8779849958 27.4174084725 28.0438575348 28.1426212773 26.9777039881 27.0378404362 27.7925516457 28.3691455909 26.6561365713 27.5533707693 26.6292149122 27.9948059884 26.5788370674 27.3035346899 27.6497228494 28.415240708 28.2596991122 28.2429332062 28.2690802574 26.5494928523 28.4735025576 26.574323738 28.4062378396 26.6079704202 27.6181697761 27.4324879148 26.9064127398 28.2948297004 27.8179669462 27.9881652366 28.3046700724 28.3598806079 28.1916512692 27.7645679494 27.2735779455 27.3456967605 27.3807733975 28.3699026632 26.7350323454 27.1230658932 26.9105770764
27.0288227958 28.0324909443 28.3488753732 28.3383064164 26.9843523304 28.047850638 27.9771751184 26.9260027145 27.5269351202 28.1308984815 27.619509795 28.2552520199 26.9082714834 27.4186864033 27.8060740761 28.2032789259 27.8978531096 28.3679880636 26.8180510679 27.3194448481 27.5958696108 28.2830219206 27.9652200607 27.2676794547 28.162596256 26.6942351432 28.2823026252 27.441622234 26.6348912382 28.5453884521 27.1971453204 27.9116204955 27.8784128611 26.8533939818 27.8580696745 26.9956419716 27.0881926963 26.971242513 27.4795489193 28.3484003999 26.6141491877 27.2279250847 28.2638506029 26.9673701168 26.7746744397 26.5056501138 27.8721895195 28.3902900189 27.8063174901 27.7466375171 26.9941790815 27.1442969717 28.5815458152 27.8057052752 26.9627255759 26.9561208569 27.4837491786
