Spatial_Output/DEC/DEC_0107.asc
NCOLS 155
NROWS 192
XLLCORNER 196307.867259
YLLCORNER 449144.565805
CELLSIZE 33.573938
NODATA_VALUE NaN
[rows 130 to 155 of 192, columns 57 to 113 of 155]
43.9498323799 45.3336376469 44.9266880369 44.9702893683 44.079150291 44.8815717563 45.6322063199 44.009999981 45.4119473137 43.5312024522 45.63721252 45.6547388783 45.7858955984 44.6965874583 43.295264044 45.0349348646 44.2388922469 43.7520828004 44.862158298 45.0335720734 43.730604983 43.5364503675 43.1361021642 43.1677914813 45.2632615426 44.6860056519 43.0537777086 44.7454779356 43.3955064306 45.0530781654 44.3287736371 45.0858614705 44.7745446871 44.9070602623 43.940798324 45.4654786154 45.075837341 45.6829191456 45.2555881946 45.2571180887 45.8189795568 44.2019019671 44.904846395 44.6868932041 43.5707175724 43.2372183069 45.5729734769 44.210978109 43.660210717 43.3039171446 43.3192754089 44.5380646891 43.6511997831 45.6889882167 44.3684276057 43.2471793269 45.1413978569
45.6989055948 45.0735432457 43.9390499032 43.5998846382 44.1473766459 43.2316119198 43.3533862826 43.097094699 43.7349778808 44.5550539742 44.4609603321 43.0696440379 45.1154370523 45.4242101507 45.810813657 45.5630718374 44.7821706984 43.6355742036 43.7932952851 43.1300249935 44.3280301482 43.7062089834 43.729024852 45.5578595379 43.2083487587 44.3333095311 43.8065916515 45.2281126439 44.5379636862 43.419603243 44.1859532697 43.8651027841 43.1021549772 45.7818867471 44.2797493618 45.4588551447 45.416126817 45.5971437338 43.449957958 45.8180285373 45.6818738799 43.5353751373 43.1818986692 44.2114535867 45.6600480625 43.8346434675 44.5280804057 43.42626649 44.9089466951 45.7159935233 43.5427062379 45.5436042997 45.4280530534 44.3004117632 43.2246459213 43.1195456348 45.575326819
43.3833809506 43.0435970638 44.8193705167 45.3587956936 43.4444770792 44.5910092568 43.3888067561 44.7491183563 44.1405222496 44.4441051053 43.9070680584 43.0109120532 45.2877687943 43.6398358077 44.2736658814 43.0250615601 45.4118258121 44.3434190292 43.4448889781 45.7895755936 44.9203598643 44.8576759776 45.1617116042 43.7312028142 45.5824848542 44.4658430061 43.0052285194 44.1241883053 43.0607357749 45.3257192003 45.6658380485 43.0312975949 43.6091217913 45.37568138 43.9922305948 44.4725543845 44.2270676441 45.7191165314 43.0275636025 44.4369816057 44.7549448428 43.3841895345 43.7737019041 45.3686586292 44.1057615148 45.6082186359 43.4100744179 45.7819739348 43.2593490386 45.4236356047 44.8889981329 43.116668992 43.3419267408 44.3065486035 44.3907222356 43.9865475808 43.2604599875
43.2753527142 43.55648178 44.9131473611 45.6737405922 43.8786342946 44.0889976221 44.9409468574 45.757291737 44.8910882472 45.2578780806 43.540916918 43.9720855868 45.411218581 43.1637424323 44.1665523549 44.4560495249 43.1637074208 44.3867260036 45.3054480981 44.0962124121 44.6374146767 43.8975621187 44.2430115404 44.3044147704 44.6247237024 45.0306771867 44.8823897519 45.5492602889 43.8541845361 43.0633926346 45.3453527204 43.5002186069 44.5346032582 44.2355345961 44.0358585236 43.2947024475 44.3721617771 44.8218739922 44.5446219583 43.7035365427 44.9862757528 45.1424186712 43.8162610729 44.9767538251 43.6916641505 44.141546549 44.0097530396 43.210170412 45.0030020986 45.3954719761 44.482296608 43.0253178382 44.8200345582 45.6226581911 44.5165194624 44.8477609586 43.5616176287
43.1195351229 43.192739215 44.6589163052 44.2221885021 45.5752873938 44.9161087712 43.8389714289 45.753673799 45.7199158563 44.1146405433 43.0829115251 45.4199113667 44.1132677412 43.1827335989 44.7460853683 45.042470596 44.4405262777 43.5478895628 45.2092353059 45.0817466782 43.78472698 44.7059425481 44.3732145298 45.1297125622 44.3112771502 44.5505149911 44.356238702 45.2244895495 45.2997476874 43.0194651852 43.1661779902 43.1032233202 43.3855149415 43.9951464094 43.253470568 43.7298276389 45.546432799 43.5012041986 45.3822320879 43.3647136528 45.3051328689 45.1949221571 45.5155233194 44.8745081528 44.2804386991 44.5036800278 44.9450368863 45.1516054093 44.1978223667 43.4516765578 43.2482662396 45.6298337592 44.3942481433 44.2195586058 43.6332254266 44.3237647035 45.2777915936
44.750077791 44.5443109619 43.6765284943 45.7722579304 45.2068624437 45.5423239552 43.1142823072 44.5645200752 44.2215686127 45.4963571394 45.1163234679 44.6365180946 43.6084766281 44.2035357044 44.8456085445 45.7787255977 43.0593912501 44.6224637955 43.2523183287 43.4368234781 43.0494441288 44.3869575536 43.3699137988 43.3537359985 43.7157035863 44.2091213682 45.447234584 44.6186857882 45.4417892099 45.2686834816 43.6101151789 43.1558482743 43.3892130054 44.6370966708 44.4192624135 43.8280297708 43.2656206004 45.0693154973 45.626634052 45.3403380254 43.7682598059 43.9078629613 44.6229517171 44.2354313103 43.2714826798 43.905867316 43.8617585852 44.9388923813 43.3788500114 43.1788324168 45.5968212052 43.9589550209 45.2973527521 44.493844408 43.424837356 43.8391536149 44.171327701
45.6578638274 43.0772718663 43.7085354977 45.7035649918 44.0349815724 43.2619064539 43.7371896126 43.3576659019 43.9207832231 65.4393467621 44.6334463848 43.6978673251 43.4106253641 43.5977014711 43.045932853 43.8580929397 43.658587631 44.9199323329 43.8108192303 44.9553302757 43.7060034179 43.5795895224 43.2515612684 44.0656659813 43.2901129499 44.4594771633 43.7808163392 45.4672570085 43.7750673561 43.1379289366 45.3574530742 44.5160963913 44.4203460107 44.0178549559 43.4956658994 44.7902430274 45.8206019022 43.9073009856 45.3606236958 43.1453377912 44.0932603497 45.5414724624 45.8244771256 44.8149046117 45.0137071495 45.3193127663 45.7263961945 43.3323294144 44.7955491674 44.6888162058 43.6699828301 44.0711529323 44.2353520947 44.9707846781 44.6189460213 43.0111330577 44.3001587828
44.841196101 45.2272178063 43.0384114023 45.5843658743 43.8306207601 44.3685280318 45.3773185687 45.5493521109 44.0454828166 44.9764750317 45.1476145173 44.9021883078 44.8743563166 45.2392750742 45.2905667443 44.3081577586 44.3790057112 44.2240888346 44.6352810012 44.3781571002 43.7783717295 44.9850807726 44.5360345662 43.9903704652 43.7396519581 44.7236189785 43.9695267727 45.2390791268 45.2400643443 44.824689194 43.6029598407 45.4035038463 43.2111853042 44.7078900437 43.1839307189 45.5399531395 44.682276465 44.2743097822 45.2338039569 45.3685571166 43.3455134902 44.1121959643 44.3543514705 43.0554624324 45.4196836431 44.0693297048 44.1410908293 45.570104849 44.1592658672 43.5237738915 45.2404176526 43.5978250906 43.1114224465 43.2638599247 44.7115884186 43.1454042487 43.2038363202
45.2456429667 43.5037282589 43.0141002831 43.457751347 43.7303652155 45.01094259 45.0080730666 43.7286651249 45.0166075105 44.5789128268 44.0684278739 43.5393377321 44.7061941565 44.6879346185 44.569560023 43.2771676882 44.7419343937 44.9688061841 44.9966277861 45.5673773934 44.799154376 45.7071383945 43.8761851362 43.8396184245 43.5328779955 43.9955823493 44.351345855 45.2191006608 43.9419264914 45.8231671818 44.2625393827 44.6944734431 43.2135548973 43.6042308953 43.3283377299 45.2482323464 44.7640049404 44.3491944633 44.4954916611 45.3398805208 44.260540536 43.6327018395 43.8262633858 44.8613529399 44.9855604187 43.8649043806 43.8039815399 43.7968561797 44.3666662794 43.4314975688 45.3815296162 44.2738713438 45.7353054887 44.4585390842 44.6012328337 45.0706250095 43.7304161151
44.8513449066 45.172096337 44.6007121657 43.5360093151 43.5487283801 43.918610164 45.4358338581 45.3904174175 45.2996841465 43.202946465 45.766428573 44.4272034097 45.4781833601 44.9198403884 44.7703979329 43.3144305384 44.727949495 45.275454637 43.8466290831 43.1521357574 45.6795796722 44.030526525 43.1978994424 43.3651960066 43.7604105371 44.9795656962 44.4424393451 43.4511139934 45.0254106713 45.0478628864 45.5862159652 44.5247958842 45.3812713129 44.5905514083 44.9064635811 45.4596424839 43.7978769012 45.575079258 43.1896214066 44.2128985928 44.0770172512 43.4417106251 44.0666560687 43.6986045834 44.4883734459 44.6534647796 45.2752386996 45.1968024226 43.0768692665 45.0169566515 44.3600135714 43.1076843313 43.1117279244 44.3207486311 45.3439051442 43.5959325059 43.9570028814
43.6100986259 44.5702823393 45.0139753166 45.1441672302 44.1185992151 43.3926489718 45.6342344938 44.8831748601 43.9438272267 43.4471318561 45.4817879052 44.9137947337 44.985867354 43.0175730265 44.0294608984 44.0256352321 45.0208583202 43.3021749001 43.0558737979 43.8987442535 43.1172650498 44.64516697 43.1090193453 45.7686479372 43.7433840226 43.2307945938 45.762802567 43.9430766145 44.5089564445 44.4507202173 44.2243507394 43.6787286616 43.3671783366 45.7345482755 43.1667309136 43.8434093176 45.2228473624 45.6662117712 45.7475993547 45.281521501 43.2590542438 45.3211513322 45.0808729528 43.4681099037 44.4662582474 44.8867222103 43.8969697977 44.6746617155 45.0344326884 44.3069257655 45.6001304158 45.6871999398 43.3324682338 45.7984329678 43.5946639354 45.3221818511 44.1811840494
45.1205866777 45.0841685873 45.3291893449 45.254113558 44.6379652656 43.1988260934 43.9745904312 43.1171083837 43.2650195926 45.7013103016 45.1983440779 43.3643142122 45.2515334609 43.8565799365 45.6065490132 45.1928288877 43.5426259473 43.8427415538 45.593539045 45.595818835 45.6928604918 44.1397579263 44.5914153347 45.1898149845 43.5363029503 43.2331541575 43.3212089831 45.1657839375 44.9808302641 45.5008805979 43.2987399224 44.3352125622 45.1833660837 43.2357671846 45.5714597905 43.0653594618 45.7102261804 45.3982470214 43.2673418308 44.6809603104 43.6510048139 45.4156623344 43.4704684316 43.7307157165 45.6363773768 43.0884688422 45.6964791432 43.6781256827 45.0829958626 43.8777366434 43.8696284278 43.2874649702 45.0742941854 44.9647817271 43.0678594548 43.1091886137 44.9112759876
45.1096150363 45.0034305992 43.4952617665 44.2755710024 45.7797831147 45.4751888409 43.1478424352 44.0616661273 43.5547700853 45.2777287225 44.0494447483 44.1495690064 44.2930439605 45.2371185092 45.4267101871 44.4391791871 44.2497120972 44.6127369627 44.7384765512 45.3424964515 45.6750851074 44.2019696463 43.2109720633 45.733859793 44.1754941045 45.7345111751 44.0008511776 43.6596608791 44.1303274132 43.3933046864 44.7650757978 43.8623285918 43.5188817292 43.4941278347 44.0021956602 43.6229505401 43.896284495 44.4489243615 45.0537340715 43.9062440867 43.3692779073 43.8083276226 43.5989670538 43.6029346811 44.2121673571 43.721412238 43.4037567099 45.1248323155 43.718853322 43.2311627618 43.4842983419 43.3953874846 45.7477177106 43.3789188873 44.4479748174 43.2525230507 44.596994656
45.7069606055 45.8176489786 44.9192844984 44.6686281586 44.7078092407 45.5465925407 44.2449912855 43.8930210047 45.246030994 43.6110889033 44.45592711 43.7328181817 44.3970342989 44.9281685756 43.280128857 44.1104541673 43.7378078305 45.3728818367 43.1527155547 45.5302855828 44.7504521466 44.4319083789 44.0168558046 44.6666587827 45.0646642279 45.4506563844 45.137840392 43.8289042777 43.9755887254 43.8195168496 45.2909023435 44.0429599854 45.1188125519 43.2034735004 43.6170865462 44.579059078 45.823153935 44.987146525 43.8179379736 45.3737051884 45.4392422124 43.4759345183 45.7333981114 43.0037369893 45.7438917113 43.9444966449 43.8648039736 43.5022637108 44.501103794 44.7623321892 45.211689919 43.461496235 44.9622593594 44.1164620917 44.5910471882 43.5244498512 44.4691243948
44.2593281712 43.5141851076 44.0244594364 43.2260818413 44.3927531596 44.6606308772 45.1073630541 45.6090200044 43.1639896009 45.2543876089 43.0221460028 43.0244081702 45.7096098924 45.3240709449 45.3533495071 43.478277874 44.8221994234 45.3933664525 44.0595565208 45.1730779327 44.6035291616 45.2907986887 45.5640758048 43.4665915889 44.3126652798 45.2767186058 44.3018209933 44.9623749248 44.4846770997 45.631775416 44.7406820199 43.1095245049 43.1388466606 44.6372427326 44.3052788557 45.2350466786 45.7178254881 44.5796184401 43.2284944912 45.2378752345 44.0985361333 44.492140514 45.5751156514 43.7238889041 43.1395080964 44.099410356 43.0640887266 43.0080952388 43.1512592608 43.4435205026 44.7069890673 44.4437917709 43.2710837695 43.1025275735 44.014547612 43.1868773249 43.4669323561
44.3097843529 45.0725858918 45.3873432688 43.3202058345 43.8065835185 45.6197114656 43.3344379312 45.5343302315 45.582795618 45.6632451348 45.6526426578 44.7223415144 44.9169118003 45.1805058042 43.2084332451 44.5989847837 44.2729634377 45.4278211252 45.6359245747 45.2038745844 45.3496517655 45.2710022418 45.1717099986 43.2945868937 44.4517250419 44.9389561932 43.1143362593 45.5722487772 44.9962175175 44.5861139538 45.4847909482 45.7526024532 45.7184190302 45.4286862176 43.7341493497 44.4457236914 44.4182620942 43.7228539764 43.1706144632 44.0373045499 44.5807255891 43.2678499767 43.4861286393 43.7838508912 45.1380701947 45.3140856179 43.3463934689 45.8254732388 45.6478173931 44.0286698835 44.3907959964 43.1601831715 44.5427299543 45.7214989851 43.3878854516 44.7330363777 43.5197535656
43.8608476155 45.0923056232 43.2570800366 44.8162193217 45.5676534058 43.7948852934 45.8081356009 45.570737222 43.0778598373 45.1551652631 43.3678897174 44.6531884407 43.0580957913 43.3256571493 43.3911628775 45.7142510617 45.0557065568 44.8617748767 44.8148857977 44.7384148993 44.938701661 44.7804896302 43.3905397625 43.5667671634 44.0440527349 44.5199341985 43.1281149001 44.0820037766 44.9130844926 43.4137013751 45.2556782118 43.7547799739 44.158710223 44.6902723219 45.7289157017 44.5091455916 44.9239676199 45.024392354 43.6881997936 43.9185246307 45.6594385107 44.4602775976 44.9357431691 44.2614502734 45.1134714364 44.9437659251 43.3336436847 44.4438230726 44.6105647087 45.4245616019 45.3568089046 45.5355527794 43.1971891325 45.1301905036 43.0942596372 45.4051355144 44.0683662881
45.3956319425 43.9882872163 44.2686728397 44.8708162894 43.6475688404 44.2378442993 45.4856602933 43.5373685819 44.3664109636 43.2968669961 43.1780277573 45.032971671 43.7143572631 45.5880120593 44.8612534541 43.2378251617 44.0615681427 44.474337131 45.2117884489 44.3986181685 43.5886220847 43.3741638576 43.0951677234 45.5325769716 44.8779911745 44.9131570342 43.9211779578 45.3684134566 45.7924787126 45.5242974355 44.7980940575 44.3442607958 43.7594476649 44.8968353763 44.4297697149 45.5738627049 43.7909858371 43.5301675721 45.0303309992 44.206060344 45.4734307466 43.4770798005 43.111940092 44.1586697494 45.408751139 44.6136345678 43.2082310196 43.0371288566 45.0975902813 45.1650392886 43.7357487855 44.7048257088 43.4515197583 45.3565943154 43.6562639304 45.750273662 44.8256418569
44.5392809832 43.6124433807 43.1239436323 45.8112911033 43.7980267978 43.2482177663 44.317531264 43.4267630514 45.5307038755 45.6339062874 45.6946794328 43.5878290171 43.3064886812 44.9541414743 43.9868657042 45.093327677 44.8490342333 44.7629201236 45.2834292141 43.5999853477 45.403428907 43.8946143379 43.951521865 43.2858648858 43.4949937298 44.8027037605 43.2337163573 43.1012257486 45.2079959023 43.2473125291 44.8638487123 44.7221629819 43.0575696535 45.7617785323 45.4023159592 45.5337110999 44.1113508223 43.580300772 45.0293882902 45.1309241191 44.6307411927 44.9807441058 43.3760099374 45.5871565714 45.6624776542 43.1485718593 44.3286520425 43.3302340308 44.1248146252 45.55342455 43.9419766942 45.4902873417 43.7019074813 43.0064702614 44.0936680408 45.3287622441 44.6658394352
44.4534419302 43.2550886537 45.3968067933 44.3866487405 44.1706802874 45.4562443211 43.2693906379 44.65519119 45.1829743349 43.6406308239 44.273135885 44.5708278398 44.7832516745 44.0859478675 45.6595684173 45.2224227409 43.4284240341 45.1043961335 43.6382549142 45.7247743729 44.2630990005 45.176798429 43.1308687783 43.7610322965 44.1619477387 45.2049513157 45.8146336829 44.7497815322 45.392379011 44.7339979589 45.807497294 43.8216636421 44.0257498168 43.3028338227 44.1666856048 43.289301607 44.9167829585 44.3753558757 43.0687405153 43.6638487851 43.5827359955 45.6281201959 45.1892832086 43.0547118042 43.1598986263 45.5476258035 43.458295343 43.1744279494 43.0368144495 44.5224366171 45.7093937164 44.3907561234 44.2270683311 45.6315359991 43.8077187334 43.3093362409 45.8063924909
43.7784582568 44.6388058648 43.902617149 44.4604490654 44.3866153124 45.7922865725 45.4617112749 44.9251860644 61.1130314714 63.0652534343 63.3011222184 43.3200112891 43.3216822293 43.2580015194 44.2792489186 44.6986305631 43.7688819209 45.3189167527 43.8580099262 44.7093206823 45.2401570359 45.2722401629 44.7708014402 44.5936818428 44.0904052326 44.3433502363 44.661882993 45.0998627419 43.3388022854 44.7796786135 44.2044538662 45.5850827273 43.905104267 45.5715097595 45.1275434557 44.6461022939 43.1818911349 44.5863605978 43.1875598533 44.8102661071 43.6901455893 44.0694812612 43.0712754259 43.5009297203 45.3882082918 43.1418908557 43.3627585178 45.8099314624 45.6062228863 43.6463562726 44.2958698968 45.5699116793 45.64525757 43.2812212034 43.1574922532 45.1088469183 45.0942786388
0 43.9900784805 45.7961011255 45.5632461191 45.5834596946 45.3461378799 45.4689106406 43.9330053094 60.1873338299 60.2080810323 63.7910609919 44.3136048368 43.219948528 43.0811907879 45.7750772238 44.4487370102 44.308588723 43.416451171 43.6751254795 44.1516230379 44.9212451797 43.5134431015 44.0958906596 44.7881398192 45.6817418147 45.2598684396 45.086393019 45.2606850504 44.5740064349 45.5528096848 44.4092784077 44.4279782713 45.4368338297 44.1270890156 45.1845606651 45.2823711416 45.5169278364 43.2522520153 44.3159265925 44.3866671492 44.7941058171 43.7774644806 45.3935512836 43.3805719196 44.2124377788 43.4807697725 44.1371412675 43.0534774026 44.5302587004 45.0627434343 45.0312313309 44.4198850112 43.3520578246 43.9450661448 45.4159811051 43.4610930955 45.5590485848
0 0 0 0 45.0729180346 43.6044426735 43.7614639911 43.5341153312 58.7058861891 55.3556027923 57.6284745127 44.5463276084 45.7705585233 43.5668758309 44.748027235 45.6408883222 44.7109739706 44.1489933161 43.1710617766 43.8229000053 44.3364959163 43.1334674403 45.5918026614 45.7120667247 44.4857337028 45.4053122951 45.5477603188 45.554927263 43.2612940381 45.718181355 45.3501955614 43.5725608051 45.3952731214 44.0674734572 44.950342572 45.1807912927 43.2689357012 45.3370815103 45.0856862669 43.5854442795 45.6636363273 43.2021505117 44.0132898922 44.8937720006 43.4888148599 44.4350267433 44.3332054703 44.2257282437 45.6460989653 43.0723455946 44.7389846906 45.0238770785 44.3072920322 43.1930195967 44.9076942544 43.3623066715 44.1573268521
0 0 0 0 0 0 45.3782090147 43.7762250846 44.8946777566 44.8333832778 43.6200736847 43.8180155842 44.1272449605 44.2164769007 45.1598634329 43.1927501238 44.2437468093 44.6082844968 45.3785767459 45.3909916022 44.87109605 43.5152295269 43.393610251 45.5330121826 43.894658716 44.515919716 45.3198013403 44.0920499932 43.1559016374 44.0884581136 43.3135078556 43.288267609 44.0224944635 43.3131132244 45.0370094732 43.3583535498 44.7353670574 45.560149128 43.1842927032 43.7236108786 44.2414813084 45.7005249665 45.1468991099 43.3638846647 43.0859479238 45.3853385393 45.0388489303 44.9201179539 43.1705126987 44.2403670002 43.3890707787 43.7317570163 43.188574436 45.2183008634 44.9988498136 45.3043139836 44.3589229521
0 0 0 0 0 0 0 0 0 44.2006238588 44.3589921083 44.8493559742 45.2183318645 44.7944280503 0 0 44.1440796177 44.4900746768 44.5684444277 43.7492045387 45.2136233812 45.0440239687 43.4606472532 43.0939842997 44.3392226868 43.4249452162 45.1217902503 43.2980335922 44.7651036317 44.3748811909 45.7613534923 45.1718917228 43.9430666333 44.1106497653 45.7294076324 44.9499629326 43.4272045024 44.5467120153 43.5840049629 45.7102167552 44.0785657161 43.5392211622 44.5320732432 45.5180945864 43.5379918078 43.5017047471 43.117909252 45.4860081135 45.4935690526 43.5502977653 45.8018842709 45.4235134252 44.6572982552 43.5258394872 44.133501223 43.4994057154 44.4932852115
0 0 0 0 0 0 0 0 0 0 0 0 0 0 0 0 45.7958037993 43.0369886475 45.2791034678 44.2487843586 45.7846624663 43.1135185757 45.7191180864 45.3644244362 44.948390594 45.748145856 45.5394280067 45.2577416534 44.3870421094 44.3990036609 44.8039811847 45.4488631847 44.2945707776 45.1028738322 45.6703021758 45.6057513776 44.4243878055 43.4800381595 45.0502963711 45.3333496541 45.2213962737 44.6452780594 43.6877130491 44.8500145686 43.6321017627 43.4854375828 45.0393926388 43.5619912042 44.7682445094 43.517863016 43.391244879 43.7841647216 43.0662926987 43.2426778343 43.2027806714 45.7483546536 43.9412346298
