Spatial_Output/DEC/DEC_0120.asc
NCOLS 155
NROWS 192
XLLCORNER 196307.867259
YLLCORNER 449144.565805
CELLSIZE 33.573938
NODATA_VALUE NaN
[rows 130 to 155 of 192, columns 57 to 113 of 155]
43.1324740516 44.1091607061 43.194279359 44.1826962422 44.097499282 45.6912866428 44.5632567523 44.4431292534 45.6189881483 44.1097065591 45.6425495142 43.4300038025 45.7376403911 43.1852393916 43.4786831939 43.2775541331 44.1132227108 44.7940354853 45.1123505443 44.6125478371 45.4710940262 45.4435332027 45.360019175 44.1298040372 45.5752077107 43.3221384104 43.9482798894 44.2686061663 45.3047553946 44.6137245467 44.2974809139 44.7627718052 44.7670056965 43.9399294023 45.2957205238 45.741243702 43.4186555571 43.3497694747 44.6276590124 43.3687693285 44.4852975268 43.0253064715 44.3056904249 44.9503760109 44.9513501923 43.5883319834 43.4219366905 45.5082829387 44.8774926609 45.5627111668 43.1716717766 43.4321326889 45.7039539492 43.6753646106 43.3255321648 45.7219288802 43.8574043411
45.474516786 43.524697108 43.3699103869 44.6182740729 45.1922625095 44.5410274866 43.3029949109 43.6638481082 45.7452357251 43.4947258172 44.0722672391 44.4660017766 45.0864945167 43.3217199978 45.196287401 45.7469752157 44.7133946553 44.4550765878 44.0154971771 44.821718722 44.6375728902 44.836799779 44.1668674316 44.5675306589 44.4339817341 45.5569426589 43.3850282876 43.086584429 43.5993191436 45.8001475214 45.642444462 44.545521058 43.3686980373 44.8724780972 45.0262905169 45.827612059 44.828839177 43.5800590676 45.6091405613 45.7495744274 43.1420974917 45.8083485347 45.0377989418 44.3337594287 45.155530848 44.4189102889 45.6915786151 44.4946417008 44.3838285862 43.6321560994 45.2628597114 44.7502549425 44.0677313039 45.0195126425 43.0113574911 43.5690172595 43.4796050121
45.6088476756 45.7287303527 45.6332896332 43.3993465287 45.0841620501 43.3800961775 44.4912761942 44.8382776186 44.0247616068 45.7864960172 43.1674351032 44.0561726215 44.3298322528 43.6233037264 45.1175183435 45.4928546055 43.690334632 43.481328848 43.3998910486 43.1809288852 43.2806505896 43.2600850292 43.737252123 43.4129544739 44.5765588595 45.2156036712 45.072582267 43.9481127339 43.802763158 43.2900180012 43.433947741 43.3985318792 44.5143104042 43.3462725013 43.074632558 45.0901327323 44.4174270513 43.4264290463 43.6739889173 44.4979682299 45.7657112678 44.9668394303 45.504939476 45.5993557289 45.8236067454 44.3675566552 45.0896780299 45.0221199053 45.7617314397 43.5473338787 45.1565539681 45.2258504408 45.7680380503 44.5970680023 43.0150421686 43.5978154813 44.6720989569
43.1182518806 44.1667768502 45.1382390288 44.3533391415 45.5271734156 45.7560901546 44.5545241622 45.3512703959 43.0558191254 43.3811934623 44.2569644796 45.3025091245 44.2863426171 44.7210869666 43.0850593611 44.6851959122 44.3036323923 43.1515315191 44.7804901126 44.6869481131 44.0706867586 45.714338274 44.4683383256 43.8122099003 43.9876872032 45.5335891083 43.53095612 44.1626182382 43.5994176618 43.9705230125 44.6278973104 44.8443121739 44.8137364329 45.4933117839 45.6437008144 44.7795757535 45.7383107156 45.4516028063 44.4000042408 43.1095700296 43.4656233486 45.5859731171 45.3135092722 43.0149514219 43.92862974 43.0377889465 43.0673060596 43.9041044806 45.0678586259 43.3996610151 43.2104362245 43.9283785793 44.1796680347 43.5665901105 44.1060570526 44.0716589239 45.7723207137
43.7746446545 44.93448745 45.0215130066 44.3001119988 45.3691139825 43.7262700321 45.5016627751 43.0215371948 43.0149493289 44.2081873894 44.5264016195 44.9129904126 44.0335209805 43.9145314244 43.3949935488 44.8095575102 44.0787551529 44.6367563974 43.5835013722 44.8039363244 43.9816434742 44.9546029474 45.4730308004 44.4979761309 44.9845618227 44.6132558437 45.0532409923 43.884166341 45.2244363044 44.8678305711 44.2305509261 43.1464151061 45.2585427667 45.3486362572 44.0867064575 44.6227118748 45.5342589726 44.5528352329 44.3764713871 44.617448533 44.1007149959 44.6125844157 45.4271570932 45.0957807696 43.4255115769 44.0930970124 43.6197283069 43.974416902 45.6203375261 45.2727220711 44.2793127066 43.9306243073 45.4467177236 45.1940807848 43.0721635698 45.3096299037 44.3531172787
44.2001333885 45.3688572594 45.5884869442 43.8649435384 43.8739467506 45.3677082183 43.6935789512 44.5674343522 43.1362201839 45.2094734234 45.5200602388 45.3819826638 45.4811993361 43.7869189705 43.8010899349 44.2663000007 43.7905889885 43.0819073378 45.3786906509 44.4004438199 45.568454662 44.07988912 44.1304497993 44.9144773066 45.2550819619 43.4868641294 44.9318858379 44.615927539 45.3259921393 45.4278990442 44.5088327295 43.7101175569 44.9746195091 43.0862571438 43.6886608469 43.324694422 45.3423324774 44.6601724009 44.7919136164 44.3223483912 44.1610680037 43.0687551009 45.4595285162 44.8459921729 43.2541430823 43.8666176553 45.6138945885 44.6163831691 43.3154644642 44.9695312536 45.2737734963 44.475727061 45.7847846533 44.3846079907 45.3373503499 43.397575733 45.424012441
43.8209596715 43.4227526702 43.8221941242 43.7705101372 44.6995398729 43.9785864886 43.5923152189 43.5516923561 43.1958227019 44.1761113661 43.4535517183 43.7723511407 43.1945445158 45.6286491566 43.9926354468 44.9030463534 43.3635822525 44.7303268698 44.5280057476 45.0640594493 45.6384010375 43.1351607318 43.9482623925 45.4827703434 43.0647627782 45.2274905081 43.5933963489 44.66670744 43.4224826071 43.6775150905 43.846909412 43.9525435061 43.6131755178 43.9940933819 45.6891695048 43.8062237152 45.4325859838 45.3205239685 44.1420630561 45.7365871688 43.2723888579 44.1066436835 43.5429776339 44.6144470303 44.9514560145 43.8650377048 44.2443952241 44.8364670102 45.0679989644 43.5546003165 45.5137406356 44.0855062784 43.2520561083 45.5728959688 43.818341875 44.022231944 43.9817237224
44.2087004073 44.7969831519 44.3809744791 43.9663235087 45.5755427689 43.854696193 44.0936719348 45.4192427441 44.4181182661 43.9413894512 43.7895026221 44.5215507662 44.2978865819 43.9815558612 44.9007992053 44.395054664 43.5614962732 45.1851346974 43.6153111021 43.7938068121 45.7278434155 44.9452186898 44.0259420032 44.5432278497 45.4439374957 45.3829868622 45.5170880805 45.1143949356 44.759723817 45.2654322479 45.29362411 44.9335506112 43.4073966788 44.3486964499 43.018204618 43.1894315149 44.9725228028 45.1135899661 45.3785065339 45.0512022465 45.7101581819 44.6089617699 43.611582461 45.0343804684 44.5532416929 44.30885016 43.2738375555 45.5310230804 44.6951291017 43.9213909887 43.6701099779 44.758106311 44.9723383491 43.1603666165 44.7037043412 43.7807351979 45.0540027202
44.2248368146 43.9223211241 43.1957858002 44.9971392522 43.012817179 43.5428489395 45.1251243609 44.3442599982 44.8401287002 44.2744856405 43.4084008346 45.3902749848 45.6894007621 44.4196879908 44.7697850674 43.7533793148 43.133953474 43.9180181489 45.6653867229 45.5726542751 44.1078287024 43.2251598565 44.610508812 44.3708338701 44.4618974409 44.9005601213 44.9872650499 43.9758974247 45.6724494206 45.0159190275 45.6210931348 43.3211659211 44.2016005834 45.5893208554 45.4342162105 44.3044099545 44.9093955145 45.3416705106 45.8144803241 44.0081317144 43.59262567 44.6144604071 43.9477977315 44.3671167696 45.411589083 45.7211503988 43.6637410885 45.5966250638 45.0945392528 43.1016741607 43.1326325387 44.4981375505 43.7653333833 43.3078152911 44.0792064135 44.6990405719 44.8781154981
43.0279714776 44.3704961774 44.4936577284 45.0401387905 45.3418844023 43.9681821802 43.6837095101 45.0000414969 44.5737382016 45.3320177665 43.6149991225 43.5674829816 43.0620792251 45.2109148515 44.7106505422 45.00653384 44.0953525906 44.666056644 44.0609627097 45.1090833521 45.0130999986 45.8062909847 43.6617397948 44.9820807432 43.0233960838 45.2930891723 45.0888394885 45.2046696543 43.4886104885 43.1772672939 45.1172685188 44.2321119407 43.4010437677 43.4417109692 45.239824177 44.2615795542 45.1079160445 45.2831621681 45.6079230166 43.493328806 43.0229126743 44.8473041019 45.3863441784 45.7303958151 44.8360642881 45.4090073292 43.7495920403 45.5533794099 45.160532665 43.8785018728 43.7850038379 44.0304234338 44.4542981953 43.1600391592 43.7617550254 43.2963155649 45.3548240659
44.4804635243 44.9747582581 45.127229054 44.8242621739 43.9369467389 43.3361498681 45.7084702852 43.6267125867 45.509467978 44.9651924926 43.8192274745 43.7588685735 45.3417309882 44.3813899096 44.2669207664 44.4747842607 45.6927489465 45.4423183982 44.6651920557 43.8321591198 43.283680154 44.7466566152 43.3492230109 43.2825409097 44.0371929449 44.0546200539 45.611057076 44.6521868973 45.4314522397 45.8075671358 43.6147777416 45.1446159402 44.824048639 43.7101886296 43.6293102178 43.1680897021 44.0380383644 43.22814275 45.5905683721 43.7250923117 44.4129010205 45.5784502471 43.7759816707 44.7552206842 45.5706199135 43.9457336301 43.5982431801 45.2232769002 44.0212919622 43.6882490631 44.8802566316 44.0695287186 44.1793373755 44.9565721603 45.0403384565 44.9424971615 44.8143150707
43.903882067 45.0540446127 44.4691129183 45.3494150597 44.6791693825 44.5874697944 44.2283453683 45.0748343081 44.862460839 43.4401970913 43.4907721559 44.5795017064 45.5530442716 44.6496890159 45.2574432576 44.5019697154 45.7478716283 44.1649332106 43.8125525588 43.4108877123 43.2074035242 43.1166314597 44.1711484463 45.2908443881 43.7856336125 45.4930248971 43.9463247673 45.7718401529 43.7098100007 44.8532051586 43.199486437 44.1491243989 45.1942769811 43.5457645106 43.3330994338 43.056651468 43.577814305 45.5964697938 44.7982254981 45.154668329 45.4232140132 43.292605272 45.6490758544 43.6197938374 45.3160849963 43.0578213311 45.4124882064 43.7883324137 44.5587439327 44.896963999 43.1395712372 43.1242242066 44.2754544005 44.5276202927 45.0489785113 45.5153994628 43.8735232344
43.4510706631 44.2132726885 45.5617138538 44.6720711821 45.2746863103 44.1147865752 44.2753179703 43.3897042909 43.7871255443 45.1713059027 44.0611403254 45.600974674 43.8065025114 43.6070377178 43.9848562278 45.1067376848 44.2855593498 44.4511677088 43.3335915333 45.3208834611 45.7257578232 45.7684300529 44.226591818 44.6319994204 43.3462868259 44.4923298345 45.4493402691 44.1076079252 43.8101031494 43.4372097315 45.0830990714 45.0147482406 45.5130373339 44.790483375 44.8538838591 44.2477452899 44.4458709728 44.3531854373 44.7551476268 45.5593641298 43.4833390671 44.7008111064 45.4061862132 43.6591206632 44.4603368179 43.9979390592 45.3403955232 44.9108667656 44.7360569574 43.9650846939 44.990320886 43.1869515294 43.2162791049 45.5831795993 44.9436262236 44.5808317958 43.5047447133
43.2270554482 44.5213667282 44.0675475324 45.5097138363 44.5487719076 45.518806013 45.3095711005 45.5938052911 44.765708592 44.0171667616 44.305450443 45.3032903211 43.1885918517 45.7905143598 45.1674547266 43.5225171144 44.9700500911 44.9692760302 44.4732183064 43.4586497724 45.2212723147 44.7299221784 43.3514703472 45.6506969882 44.5288060738 44.4986821091 43.6782646344 45.6114715906 44.8693297894 44.5492948073 43.3660180381 45.325303029 44.0326964991 44.5174596723 44.0513948733 43.9876631148 45.528263042 43.6857125223 45.1647486637 44.3372214481 43.675280563 45.710811436 44.1424235802 45.6843998995 45.1924646785 45.3598363179 43.3371022198 45.1977548519 44.4919313623 44.5453456491 43.5640279694 44.4318035898 44.8308104678 44.9412450337 45.4280866474 45.2089364853 45.0209670843
44.9676360374 44.2181058717 43.8667660943 45.1258085939 43.6552987255 44.9474602992 45.3139837574 45.213639859 43.386081596 43.6994988753 43.6905638068 44.9194481151 45.3096759383 44.706103738 43.0198735174 44.417613865 44.4322797611 45.5656200843 44.771131233 43.6045410253 45.2199424571 43.3705984188 43.0971997093 45.5226299583 45.1687976036 45.7020538697 44.6387468269 45.7171349731 43.2120363308 44.2513857094 43.8056392457 43.6907260036 45.3695673571 45.2330819691 43.5644571327 44.4482943375 44.5203178904 44.7939243605 43.7841723219 43.5500568609 43.9964298309 44.9393114384 43.3670276902 44.5821898467 44.9329124743 45.5328014285 44.3497464271 43.1461827621 43.7346384338 45.5560127379 45.2933306142 45.6756534893 45.7698286284 44.7427361589 44.6100943802 45.3540676581 43.8674960376
45.2184718227 44.1279860652 44.7582986726 44.8845885191 44.7948163032 45.5072414754 45.7724958871 44.8415646894 44.7268066532 45.7054346545 44.3075573497 43.0928168543 44.0234046781 43.2598492644 45.1412848724 43.872153723 44.8446709488 43.1560727633 44.8956459253 45.5654642885 44.2938204964 45.7748743234 43.5288012267 43.557730975 45.5169796305 43.6470495899 43.2515877949 45.3102884365 43.5596344003 45.7973007983 45.0007570695 43.4044575011 45.6748452211 45.7423140689 44.3651972725 44.8130251359 45.3502054547 43.6569363003 43.9747582141 45.6308019507 44.8661274788 45.7932864189 44.4605903952 43.6871719686 45.0783995546 45.1590733094 44.9554334951 44.9767312943 44.5826335275 43.5314991214 43.2985359628 43.4103405929 45.2141882487 44.6094585519 44.5517476889 44.4145112073 45.452484397
45.7781641683 45.4121851442 44.072867158 45.4181352873 45.4096235535 44.0769736386 43.4518483593 43.9160736418 43.4912914787 44.8585458593 44.1203464191 45.5083817205 44.9705787729 44.7315145845 45.1655065471 44.2885033806 44.7699375286 44.9015608755 43.9779800172 43.4619734678 44.7740312444 44.5534118371 44.4953973514 45.8253910272 45.2370037988 43.274829894 43.9020809311 44.5323563165 44.3486113811 45.5345762766 43.2256497415 44.2187577842 45.615341094 43.7607852131 43.6852657326 44.2733783775 43.214408131 44.6658753335 44.740795023 45.7340075898 44.8177065103 43.7606574439 44.3760704886 45.5211470589 43.097369978 43.081235151 45.0484761547 45.4043484956 44.4358231125 43.871450462 45.7514749557 44.2299222382 45.1147648759 45.5687155563 43.5167890319 44.2290640414 43.339349993
43.2352050962 43.2455378066 44.1179648932 43.0748925163 45.2988818402 44.1259259997 45.6596541249 44.9966659656 43.1866883317 44.2558306804 44.156616889 44.906857474 43.4671943997 44.1411240545 43.7980398751 45.2406514229 43.3562323976 43.7777036234 45.0081003862 44.0241563252 44.4069526224 43.1703015558 45.3576601283 43.6026104773 43.2875019294 43.6898984095 44.0219234057 44.8171956182 45.3659362957 44.6243528344 44.3240050877 44.3145478149 43.1980531334 44.9021568443 43.9614495128 45.1184078228 43.2623462071 43.5741857056 44.4904215787 44.4408685466 43.9827911412 44.1882271006 43.0297999452 44.1477373773 45.8193178066 43.3543525376 45.3434546614 45.149882571 43.4338989312 45.4033501029 45.6145672561 45.7649667287 44.4784068984 43.0118764863 44.6897416569 45.6938198913 43.9332453444
43.6629473115 43.0800297421 45.0658111407 44.4749476866 43.6201317589 45.1792597283 45.4756130903 45.096122634 44.3015825149 45.8134159316 45.7240095879 45.5718822656 44.114341277 45.5606952294 44.4261110681 45.4744374773 45.3559605724 45.1929473148 43.8659429237 43.6139153756 44.0314093516 45.8095130423 45.4024860984 45.2058958238 43.0938070225 44.2256702928 43.3708173037 43.0413958571 44.7064518924 45.6726936674 43.5582335841 45.6252180294 44.1966028061 43.7012201887 43.5421720537 44.3198984587 45.1670269647 44.307166284 43.3630024558 45.5721475875 45.6587473982 43.7886777374 44.1797639286 45.2668494598 45.7706279994 44.9480961125 43.8752113553 45.5471813181 45.0045488858 45.6912497393 44.1559457724 44.4958500939 44.2034856652 43.1939948129 44.1918664117 44.2597038628 43.6262365458
45.6363275653 44.5715642935 43.4400482665 44.3493031317 45.5750175155 43.0289396033 44.3078626272 43.3658710165 44.9235922732 43.7485436977 45.3015044349 43.6848124933 45.4580137535 44.1348037248 44.4727236053 44.5253716602 44.7806135164 45.6731296998 44.2103743347 45.0021629744 45.6619645682 45.4734327236 45.1797402792 43.1392175291 45.2478632072 45.7537490329 44.4480939013 43.8418204747 45.519712235 44.9011673143 44.3070176702 45.1032098423 43.5699321498 45.3559255625 45.7071376981 43.5590131831 45.8198388841 44.5348199989 44.1694067323 45.4880449672 43.3412974719 45.7774308614 44.6764782642 45.3247458119 43.2626157415 43.7491227273 45.3178112993 43.518022003 45.033412801 43.008382913 43.0988564363 45.6331997244 45.3050109684 45.1420060413 44.6597548789 45.158270672 43.9836140575
43.1249907383 45.6688669185 44.5064610354 45.4871751933 43.7670377118 45.390595965 45.4147031547 43.3943787727 63.0734268238 60.6712240315 63.4904435826 45.024456262 43.0248982223 45.4515365177 44.1390616595 45.2763769272 44.276263288 45.5546691772 45.0688035577 45.2031420458 45.0434392431 44.5426230391 43.8395346314 44.5486414965 44.6979830519 45.7611078374 45.7402476811 45.6775497872 44.4354463247 44.0416377856 43.1700798005 43.0135102741 43.3323774053 43.8318458609 43.8041692892 43.175421576 44.6168523556 43.7895255853 43.9733770379 44.2794646019 45.379526606 44.8220018414 44.5008322843 45.2763675234 45.160560093 43.1642352675 43.388260097 45.2118666145 45.7779992542 45.6970350003 44.0736540142 44.7092533742 45.7711653786 43.6621126543 45.4322915529 44.7929276997 44.4198595732
0 44.0160132214 44.7856173561 43.0201559089 43.603335366 43.3697579123 44.321290173 43.7249361014 53.4565856347 62.9260864534 56.5525849406 45.5253072813 44.1708867911 45.3206868439 44.3466555832 44.7709824604 43.7904399345 43.6359709983 45.6915373398 43.6425140417 43.5470632576 44.5862171468 44.1436041519 44.985702736 43.1097476555 43.9801797552 43.2143709014 44.8846384544 44.3269892864 44.1049248632 45.2805995084 45.4593005723 44.2587644524 44.1959674804 44.415421142 44.0135207997 43.0400682846 44.499245304 44.829780226 43.8827755015 45.0481445822 43.2562344365 45.5090239962 44.8910938991 43.2177831996 44.0330529054 43.1291194226 45.6126680758 45.4787356459 43.0976066749 44.3970901708 44.0097911842 43.169651332 44.1227766345 44.2171069346 43.3243473971 43.5173510284
0 0 0 0 44.9488166217 45.5705773337 44.72081047 43.2933006037 64.8713204126 61.7635644047 60.3774255929 44.4637356331 44.3679948595 45.7661147392 43.8220820232 43.6281999002 45.45290973 45.3769248319 43.4091803086 43.1518339332 43.910902968 43.8376629347 44.5218600338 45.0082540275 43.9099156974 45.6470145116 44.4932679438 44.4596417938 44.1166645243 44.8299216494 45.5394753355 43.4438607785 45.5077805438 43.7911421925 45.5502998451 43.0791346232 43.6291952616 43.7015747927 45.431223625 43.9424856652 44.9453507187 45.7521781129 43.8316743382 44.0874990522 44.0553825025 44.0165751262 44.5285424125 45.2821057108 43.7596259215 45.408567138 44.6051034064 43.0411000913 44.3128838054 45.0583928157 44.8343842416 44.262281117 44.6310396106
0 0 0 0 0 0 44.9844409358 43.4011216037 43.2501758382 43.3602189858 45.0516781465 45.473294612 45.4262570986 43.072639961 43.3823422892 45.7863879042 43.7285263732 43.8466869604 44.3088153534 43.4469222166 44.2290257343 44.3081045077 43.7034248344 43.6080718811 44.3116911813 44.9665675126 43.3314938841 44.2831875185 44.1338577758 43.8260108207 43.0859940009 44.5606632047 43.5172691542 44.0405618986 44.6598664807 44.4253164131 44.8572165332 43.4608697971 45.5524690086 43.2637659092 45.3414095878 45.0716942272 44.2818789839 43.5593962917 44.6016204607 45.6776426259 44.2685896274 43.5649336208 43.06534403 45.7329832241 44.5063432926 43.3244756159 44.0104139082 43.0355384992 45.1357982456 43.9118011607 45.6258995985
0 0 0 0 0 0 0 0 0 43.8632859756 45.2591731867 43.1316523252 44.9395611025 44.406768337 0 0 43.7477903441 43.7047870118 44.4383039539 44.208524391 43.1201971703 43.8845498375 45.6928065634 45.541381331 44.5441870284 43.7933777574 45.2825482113 44.5424370296 44.8035549874 44.0463115834 44.9326905182 44.6571965637 45.7521260817 44.4228364121 44.5902270042 43.4751391131 43.8922976968 43.3188258618 43.149855688 45.7570128376 43.9496472962 43.3469854131 44.998724716 44.0567570022 44.3805538686 45.3641241458 43.3918501458 44.6256805638 44.170024883 43.0757396807 43.5461755262 44.8145267887 43.3476446252 43.6678724003 45.2892493288 44.0399450493 45.4986055959
0 0 0 0 0 0 0 0 0 0 0 0 0 0 0 0 44.3599084929 44.6872919424 45.7063974701 43.1821802518 43.7734201534 45.7293697779 43.4820316573 44.5805610653 45.699011515 44.929690776 43.9661341443 45.4493887321 44.2762583976 45.4048526928 45.290687808 44.8638948151 44.5409774657 44.0558001874 43.2507524202 44.353940236 44.3567751452 44.7277629295 43.598317449 43.9136857181 45.6969134558 44.2409190571 45.3911527612 44.3139855996 43.0050912749 43.7242924849 43.2231985872 45.7607319267 43.1415026201 43.249799139 43.1858660639 45.2859014211 45.3870958862 44.5692688607 43.2910436602 45.3392652224 44.9370310363
