Spatial_Output/DEC/DEC_0076.asc
NCOLS 155
NROWS 192
XLLCORNER 196307.867259
YLLCORNER 449144.565805
CELLSIZE 33.573938
NODATA_VALUE NaN
[rows 130 to 155 of 192, columns 57 to 113 of 155]
45.7085726883 43.7008765652 43.1652943739 44.7312595778 45.5666018147 45.4807889144 45.7593392731 43.7380394223 80.9051435973 80.9051435973 45.6343314796 44.5443018937 43.7440123922 45.6543495455 44.3918163077 45.1159412625 43.8489322416 43.0298742282 43.0274073428 44.0581471484 43.724332405 43.7342497023 43.3478777555 43.6749823852 44.5647801641 44.1307122743 43.9200068388 44.3894747268 45.12905398 43.3096961054 44.6094950207 44.5942134323 45.3017050829 44.5866044777 43.1175967401 45.7364231497 44.8828678911 43.7645219221 43.4286324822 45.1114446665 44.5926097258 43.7334694015 44.6854623177 44.4554841915 44.7363520656 45.6130107105 44.0586057201 44.1467417471 43.7716418964 45.2469426 43.758967971 44.1896365554 44.0178888781 44.5523968306 45.0145111488 45.3726412049 44.0300899179
43.2946773267 45.6291088944 44.7080508471 43.2370323443 43.2918736287 43.7151054358 44.9604758377 45.1472845485 45.1025495384 45.6817467388 43.3269330432 45.4456533174 43.4511584565 43.4250638738 44.9570279941 44.1348774819 44.5307792392 43.5133294295 43.2167437656 44.1588166639 45.6890172793 43.5924104373 45.3143432549 45.4810322492 43.4433572272 44.8974595862 45.0859341049 44.6174722283 44.5673044187 43.2164268601 45.2978903195 44.8142939973 45.3323780909 45.7462506566 44.316689894 44.9780702943 44.6778265909 43.7510153242 45.2687957966 44.338396679 43.376369227 44.0623857205 44.9812560905 44.0684211502 43.9705009268 44.5212589674 43.549762603 43.6747262819 45.454180728 44.1220344769 43.9946449791 45.0805876684 44.2206078004 44.0209545349 44.9010208471 43.4977755797 44.7750187535
44.4431933658 45.0622520013 43.773355505 44.9202643106 45.3448423465 43.7515616578 43.8045052696 43.0594756756 43.7963282877 44.2641998775 43.2432671425 45.3357095727 45.2521322968 45.7479598604 44.0017784262 44.9311984411 43.9968880089 45.7210239517 45.3969839018 44.4196498712 43.1444508085 43.7898082778 43.7403682278 44.844988811 44.4788758397 45.2318496686 44.8207749585 43.3353411479 45.2634409317 45.5007326691 45.517448895 43.6074579787 43.485090927 45.5433997452 45.432560539 43.3861459576 43.6010625982 44.5175448089 43.2283487574 44.1529830187 43.1988139295 43.1024763078 44.4225930795 43.7420546931 44.2459012313 44.7942553316 43.2013690348 43.7412181328 43.3736529431 43.3966407421 43.0161026799 45.3917934483 45.3389685052 43.0932663118 43.5114995821 43.5697203573 43.8884681851
45.0449777031 43.4523441521 43.4061077172 43.4679340798 45.1546292793 45.4875332289 45.4438827843 43.304151189 43.4342771123 45.8129101284 45.3885342805 43.3976468382 45.6793613535 43.7900893912 45.600602833 43.215620957 45.7560060597 44.7905491945 43.5571711854 43.2550269514 45.5612327283 43.8589773976 45.385225784 43.5941982986 45.6175955207 45.5176475312 45.306521439 44.7535231901 45.1823173241 44.1367002616 77.6257609733 70.0192222311 70.0192222311 44.2687612222 43.2399281161 43.7564242277 43.1604933865 44.0969653644 45.0063740541 43.2691828057 43.5973060733 44.5869930381 43.2124501928 44.2382924224 45.0202182344 44.9612910064 45.744970687 44.760031963 44.1156198309 45.8203600142 44.9936927933 43.2979859087 44.4318267183 44.3575116535 43.3141087738 45.7191578154 44.4585530614
45.6164481152 45.0774081984 43.3592944831 45.1966039044 45.4129978462 43.5515508493 44.5184647499 45.5089891669 43.3090022379 43.997997402 44.2586184513 43.3444783388 44.8091544207 43.5779287839 45.548149895 44.5879541193 45.3867818419 43.7815762882 44.5427437905 44.4442950987 43.6330813952 44.4682348403 43.9334773345 43.1349417195 45.1986728855 44.977536269 44.3121743694 45.570668761 45.22949634 77.6257609733 70.0192222311 70.0192222311 44.6131445308 43.0514873337 45.2441254046 43.1288098613 43.5993734245 44.0310666755 45.6243618211 44.2126896339 43.8710798989 45.0402139664 44.9272063595 43.5641853293 43.7048105059 44.1485511607 44.5118571709 43.0405440678 43.4558798313 45.3255096514 45.3779638794 43.2718779866 44.4160191309 44.7387943224 44.6886050088 45.2764906438 45.5068520155
43.1778597754 44.4153838915 45.7418839906 43.0837762959 45.3875499678 43.9872328362 45.3091183009 44.8744654115 45.2617710631 44.7111646288 44.4021907902 43.7898341453 44.869179891 43.001682944 44.962550045 45.533759041 44.9522604779 44.6971628344 43.7392177591 45.7850797582 44.825721435 44.3532915795 44.7346983918 44.6024886381 43.2706276356 43.539163682 43.5384623264 45.6006987899 43.4639950258 44.247195048 45.0510343097 82.4493995315 82.4493995315 82.4493995315 45.3597189604 43.2291619429 43.0071963503 45.6382407854 45.6510208554 44.5242539329 45.0754482697 44.6687198125 43.190316536 45.8160183946 44.8960680167 43.6170869119 43.8776520909 43.8824882753 43.8048445703 43.3046470854 44.8032036736 45.3579089997 45.7352075983 45.5990405217 45.1536485196 44.3786607747 44.859731966
43.1452488542 45.4524647944 45.7258310253 45.8126829938 45.0223130502 43.8676297099 45.2324997208 44.6006381007 43.9899479971 44.0688619472 44.7175743565 45.1722968135 44.9304080737 43.7699805638 45.1785861824 44.6875392707 44.7629312725 45.0675061251 43.4495887587 45.5094522125 44.303135152 44.5817689412 43.2145778201 43.0809052789 45.2700942453 45.2901980728 44.5868300959 43.2364775512 45.7066815924 45.3497598452 43.0031335274 82.4493995315 82.4493995315 82.4493995315 44.2820003719 45.2614937535 45.2403692229 45.283822282 43.5803775981 43.2159259112 45.3576848018 45.251515797 43.3227304286 43.4841821182 44.5631984813 44.1208599981 43.4605537515 43.6071066067 44.615069832 44.3610376909 44.4701269763 45.535288727 44.4532036523 45.7584937688 45.6906865997 45.2220792335 44.8727833321
44.2188749837 43.4498641165 43.8462636919 43.0635776519 43.1235900723 43.6022864807 43.9310707151 44.0302217597 73.7145742938 44.4471673992 43.7848111474 45.3108329211 43.246147943 43.7252596918 43.4104092345 44.5896787363 43.9810402918 45.6385544359 43.638132451 43.2224628403 44.1502149278 45.8218025768 43.2842774867 45.7063657941 45.6350668779 43.5699985229 45.3060050659 44.5673043121 44.2305717741 45.1432533588 45.5142249891 82.4493995315 45.3731332035 45.4548569793 45.391812863 45.5341416391 44.3944437914 45.0720640544 45.7519378243 43.0342621852 45.0893120197 43.9044319576 43.711073389 44.2609282665 45.7429558663 44.1574242545 45.3589996502 43.2461220292 43.3093346412 45.4183008373 44.1121875586 45.0974060769 44.080383325 45.2811454229 43.9631446467 45.5276829384 45.4591549197
45.6783300825 44.0805994827 43.743742937 43.3078790041 45.1867508625 43.5763180279 43.665730469 44.5782709078 43.8273465402 73.7145742938 43.3890992592 43.2301051821 44.1471659012 43.7358879163 45.0335272877 44.5260597349 43.5520266363 43.1749654413 45.541617616 44.2928230817 44.02414432 45.7177874295 45.142658929 44.3193725682 43.0511954156 44.6667362868 43.9057359321 43.7917774593 43.3509638394 44.4821584839 45.7652606264 44.9994225028 45.1072844196 44.2527766693 43.5625490097 44.1856417356 45.7339005063 45.5659840803 45.7778577911 44.2535591827 43.0345600863 45.3001053676 45.3986559551 43.7579137403 45.6136292047 44.6790729837 45.0000728327 45.3065966375 43.2927992372 44.0867388494 44.658616286 44.5423700897 43.6700045466 43.3124080879 43.6688089258 43.1071209463 43.0601011751
43.4581270315 44.2574250423 43.8984633411 44.5561469508 43.8930292366 43.2732057413 45.1204543765 73.7145742938 73.7145742938 43.4464106443 44.8210573365 45.2338755949 45.3507693834 44.53333421 44.5277856752 45.033313248 45.036948862 44.6950370186 45.506036483 44.1508655481 43.0687338272 45.4022926624 45.5433627853 44.8300841698 45.6194808472 44.8954709634 43.8017472188 44.0290276184 43.7170350736 43.1183325112 43.8973559501 45.5205598703 43.7019368783 44.2319257742 43.5422707271 43.7918674361 44.5413851525 45.1943542788 45.3343615356 43.9773356692 44.6401721719 44.6093903201 44.5603272872 45.4046790153 43.7989872131 43.3594307479 43.3514908452 44.2597679222 44.0837341331 44.8612653707 43.7302236286 44.8977534003 44.7474163392 43.3889212355 44.1826280319 44.9304780521 43.4594675937
43.4667867181 45.3292483209 45.5558092201 44.1106217509 45.6414675188 45.309988834 45.006337576 45.0323721333 45.5321881558 45.5362357323 44.3842854951 43.4028958005 45.7549339974 44.5168018476 44.0065481327 45.1820402439 45.3751075549 43.0929419458 45.1862934807 45.6746678574 44.1315157955 43.7563230598 44.4939936223 45.2408231145 44.0583863298 43.2304680364 44.8431376442 43.2984855873 45.5297432679 43.9351646557 45.7678266247 44.957179894 43.8863624951 45.5305627717 43.0987446173 43.3212864608 44.2711295632 45.5499804006 44.481724192 43.7141816485 43.5497964789 44.137599956 44.8131014029 43.7663402109 45.3606629605 45.5011860745 43.779503404 44.8998413879 43.8920658202 43.6426094033 44.7797018534 43.4928613811 45.1984625129 43.9431430621 45.0216085587 44.6587266496 45.5115736507
44.7352201383 45.5831426167 43.4463052826 43.1700373298 45.2155070383 45.1555523916 45.7576280732 43.1360427048 81.5028319294 81.5028319294 45.5003885766 43.0169329009 45.1832736384 45.6699038803 44.9321433971 43.5888666176 44.3089455212 44.3504880194 43.6953333199 44.570747903 44.3615865575 43.6908331216 43.4599064155 43.8818760661 43.7074380978 44.9104771689 44.8992742102 45.3371175715 44.783195822 43.5992220729 44.0902457832 43.1207958982 43.8047247006 45.2646394511 43.6523289917 43.384231014 45.2435373205 44.3186148035 44.0251170979 43.7085061631 43.5908280182 44.2623914645 43.5246952387 43.8612143773 45.6407659537 43.4457886608 43.2554579867 45.0667186319 43.0547645283 44.1810795635 43.5788563907 44.8376006968 43.7468014482 43.2773970363 44.0167499435 44.7250935532 44.3920408917
44.9441894394 43.2681588569 44.1199464397 44.4582304779 44.2035386835 43.6771953407 44.8653995317 43.3803850349 49.8606836235 81.5028319294 44.9403933613 43.3940141023 45.6073567867 44.1763261534 44.3600228689 44.7528284917 44.3534577631 44.3511120657 44.9606901003 44.0392723393 44.263212611 44.4925691587 43.4238094911 45.6196148134 43.0225650889 43.6169307769 43.6609041845 45.7927095031 43.0448603664 43.4720354264 43.252286044 43.1725172166 45.749996428 43.1916214447 43.1043589134 43.0271793656 45.7949789635 44.8148942178 45.3388390118 43.2947760514 45.7787104564 45.7365963403 45.1328744842 43.5150583664 45.3109991764 43.5976430653 44.9009851004 44.7876370565 43.0901260626 44.7207153972 43.1835891496 43.2834426737 44.6682121834 43.5858242941 45.1829638869 45.013933906 45.3648856073
45.4280776474 43.4863931205 45.4311172695 44.7285418155 43.5121309711 45.3105897126 43.6682412973 49.8606836235 49.8606836235 49.8606836235 43.4414967765 44.3251161209 43.1573214884 43.4664422234 45.6922358883 44.1664943356 44.7512346943 43.4455687317 44.2446210399 43.8910843902 44.6450143142 43.3535745762 45.2942547771 43.6020762175 44.8021275826 44.8686947121 45.6924068177 44.5134103232 44.0137164244 44.4237862193 45.4611001957 44.8072188556 44.6081584916 43.0825729821 45.5134419143 43.479676103 43.3144955617 45.244526062 44.4924635535 44.9571568206 43.8556354257 45.3793092616 44.6357225541 43.2652478574 44.5382014402 43.7713300372 44.8710983867 45.0935130175 45.6663546755 44.6548253109 45.0567917934 43.0153795708 44.0021050393 43.3859413377 43.7642111804 43.0963152076 45.0857584923
44.2731572396 43.0723985702 44.7608443001 45.7181706137 45.0085623162 45.0629977037 43.1811488029 44.236095239 45.2624722922 44.8603406959 45.52527042 45.4535960447 43.5066545629 45.6004732367 43.939054835 45.6833501848 43.8147910462 43.1755716019 43.7547205531 44.987567072 45.0358493161 45.71677948 43.1980269757 45.7534423608 45.33018467 43.2354908436 44.7593961269 43.4477982471 43.2156414098 43.7507145286 43.1172887555 43.2824924936 45.572816416 45.157462463 45.7846322166 44.0916430506 45.7213239061 43.4684529202 45.0539138711 45.7431097988 45.191121467 45.2011824738 44.3482232043 44.6577652427 44.0407900529 43.0797825086 44.4033160689 44.6467087812 43.6453352194 44.6475845484 43.3038307661 44.2667402194 44.777778879 45.6492935679 43.1991774621 45.7928808216 44.6836830248
45.1709212293 45.4889588547 44.5861850963 45.1047544291 43.7230444896 44.5477380181 43.9551057299 45.5558081484 43.9565668353 44.9155009466 45.6106611432 44.5150814355 45.1094965816 43.3962190968 43.638724569 43.7098400592 44.9454791261 44.6292341055 44.3444523714 44.8028751294 43.9217888109 43.2164036748 44.4061349875 45.3255484679 45.2207311835 43.7209240596 44.9484496588 44.599757667 45.0426545131 44.3773894679 44.4242167114 44.4169744902 44.6089490969 45.740237987 43.2484607621 43.2453218924 44.4801443449 45.5941369436 44.6919275848 43.9712057702 43.0749357614 44.629395821 43.8930877629 45.5897427249 45.0359041255 44.7989805029 43.3316031336 43.5305143255 44.8268578991 45.6558536203 45.2905697418 45.3478910566 43.2715350144 43.2339849291 43.4551771665 45.0527882345 43.0223422985
43.3237891201 44.7614134474 43.8519946522 45.1108992908 45.5666387342 45.2247296395 45.6492992534 43.8574288379 43.8247624807 45.3598635662 43.9983360549 45.0483419901 43.4262939322 43.0594939736 44.0215769149 43.8414812981 44.408878544 44.5878004421 44.249643723 43.3084062102 44.7977853635 45.0178373885 43.3481458099 44.2306428071 45.6787591729 45.7628721298 45.0431962738 44.5199632666 43.8265390743 44.2343629228 44.2702199415 44.736720556 44.3914711516 43.4265559341 43.6401253754 44.8763450912 43.0244646008 43.5990870696 43.5624389441 43.9020329826 45.7923252166 44.0626785317 45.0800228403 45.5908871431 45.7871014419 44.8460136504 45.4413850275 43.0979025867 44.1134008161 44.9370355695 45.6545959636 44.6171159492 43.6769883187 45.2346511537 45.4860381467 45.5487707391 43.5208141471
44.0137550829 45.3058697823 44.8811772763 44.1979636169 44.4773574067 44.6499905751 45.745404834 45.1254784931 45.7575070588 43.6668805048 43.349386038 43.8901153255 44.6226454231 44.5028679314 45.6302310127 44.4061688511 44.1582003048 45.1960473324 45.1063222648 43.9502634213 45.4215518615 43.1458947648 45.054925196 43.2270054939 44.1431529596 44.1547591081 45.778543879 45.463587088 43.1692936716 44.5603576796 43.9566178876 44.2705452796 43.5642665716 43.9073238482 45.043619718 44.8038587967 44.9873778856 43.647364638 44.7842287516 45.1017962538 44.7037294971 45.4628901056 43.8312035535 43.0418271239 43.2452059198 44.9560473272 45.124467821 43.2778185085 45.2438072095 44.6875520844 43.9120991949 45.4817118865 43.9685293042 44.8642001902 43.1283317633 43.3826516977 44.4902043354
44.2431564914 44.2402311304 45.6442128339 45.0798469201 43.7859124217 44.9848904444 44.355417133 44.9739557153 44.7579034351 44.0888783463 44.6309285426 45.3060644163 44.5475151862 43.9967394609 45.7210562473 45.0698966155 44.7641441691 45.7586269301 44.7329511409 45.265358311 45.5394890269 44.2413347005 44.5270646331 45.3313541264 45.3443596958 44.5682839931 43.9884234823 44.3517522386 43.3208833214 43.4601319926 45.7102526074 45.7793725997 45.6640288237 43.5407717527 44.1601190866 45.5843669665 44.9231975362 44.4099676605 44.0963537912 43.8519642006 43.8467122271 44.011876326 43.1705427871 43.6239725353 45.685494664 45.6845956211 44.5953381188 43.9499685322 43.3913058172 45.1647044549 43.7795950445 44.8414087833 44.600532505 44.817797835 45.2444805568 44.6932569786 43.4443585187
45.0565999315 44.0630092926 45.1676277135 43.0411941898 44.6106436933 43.0481886772 44.4569073495 43.7196050473 45.5993429251 43.0621046589 43.0285139417 43.6360157895 44.8002908731 44.340983493 44.5460670883 43.6148948893 44.6437036408 45.7482799184 43.9334576947 45.537798936 45.4065801589 45.1629000978 45.7073667933 44.6077190362 43.9074565277 45.0403520094 43.2244458365 45.2705056616 43.6869327898 43.0729569339 43.9713445227 45.1194249062 43.6559826797 45.4919502382 43.7628600996 43.4090645157 45.7302635991 44.4760211255 44.0142877268 45.6148753683 44.3052389878 45.661226765 44.0425544985 45.5894242544 43.1313926872 43.9872535828 43.1730051755 43.6284246895 44.8616216432 44.2642075251 44.1415787537 44.6380343809 45.3915386188 43.9519353105 44.9740297333 45.2355137088 43.9521735404
43.6351776409 45.6276262823 44.7728897435 44.1960200417 45.8051746465 43.6706988425 43.0309113801 44.9552874679 56.7436914446 55.0414501382 63.1531201752 43.5393275772 44.7229568942 44.4104126888 43.7169960426 45.0979194982 43.6898901421 43.8145069185 44.3938784915 44.2875186622 44.0341212748 43.7147249174 44.6389112124 43.8035205849 44.5815819969 45.3413743986 43.3513768434 43.6182864332 44.8603444786 43.2297949497 43.6525446019 43.386992896 44.8332607427 43.7518967928 44.2099674414 44.3571243241 43.7666622891 44.6102792436 44.239989093 44.1161536045 45.1356625648 44.6120463308 44.6433218554 44.6353878772 45.5535903007 43.3716591871 44.1607051366 44.3208306625 43.6495499054 45.4909015507 43.4840995993 44.6107131357 45.7379342107 44.4438560808 44.8194723691 44.945873979 43.2297419015
0 44.9402018488 43.7435553293 45.4652792013 43.2945989793 45.3523505748 44.2440541871 45.36566619 59.8983515624 61.3752928542 60.0047611553 43.7409472976 44.5708637753 44.784498561 44.6264516252 44.2340695709 45.1858594806 45.5883627156 44.2079670765 44.2429738533 43.2962557473 44.2631010258 45.2822557293 44.8109548527 45.1792713851 43.9859887036 44.3689440007 43.4004673271 43.9855292571 44.1922066751 44.8782538679 45.2370529709 43.1269862433 44.7099387128 43.9201864424 43.7528038807 43.0613468997 45.2993235453 43.378885335 44.9456142355 43.241118004 44.9044882075 43.9436399024 43.0139677478 43.5380817714 45.1623164594 44.1794659119 45.0735161981 44.3618336211 43.3396625328 45.4295672402 44.9038904989 45.143675122 44.9620038786 43.7322662508 43.8279146055 43.2127606092
0 0 0 0 43.3813863957 43.57142174 43.096877173 44.2303823045 61.1026954236 64.971801209 61.64692555 45.2185928534 43.9640698458 43.2231855799 43.0153825009 45.6620422199 44.7974835221 43.4988125203 43.2498773555 44.0580684244 43.5085960106 43.5976172152 45.3716330893 44.9108607447 43.508155058 45.1100404475 44.3983358356 43.0856362499 44.2224574043 45.4451142929 44.9437746545 43.4446160986 44.4409220748 45.8238319833 45.7797220942 43.8949199112 44.9701440006 45.8121488157 44.0944703933 44.131408598 43.0874378627 45.5690768581 44.1078387433 45.3050388539 45.699526946 43.1823214393 43.8018049605 44.9134035156 45.2055069133 45.8202596582 45.825257349 44.4784453253 43.5577977273 45.2844001026 44.7259814221 45.5171183274 44.5831916
0 0 0 0 0 0 44.7572148943 44.2159279915 44.3098761891 45.0915434675 44.743746417 45.6299701367 45.3192160028 44.491720721 43.8806359518 43.4320926803 44.6393164745 44.0820482117 43.5501374183 43.0302455288 43.1372272559 45.1898207264 45.5904726697 44.3287812789 44.9339003245 45.5758370362 44.2230640125 44.8981598903 45.1729609273 45.1922193786 43.4782085957 43.3733559702 44.5662098585 45.2624717688 43.6181342497 44.1613997893 44.4984050601 44.4897645838 44.0870149274 43.9992799775 43.6049793701 44.3385956054 43.3635748535 44.4388772595 45.2117074598 43.2282934237 43.0053740348 43.5399656686 44.4333076522 43.6986486869 45.22223873 45.6875854106 43.0563121171 43.945289934 44.6351289424 45.7688919534 44.7882941511
0 0 0 0 0 0 0 0 0 45.2155816427 45.8006947473 45.694702429 44.9077785299 45.0813926146 0 0 45.3210617041 45.1400966783 44.9777829401 45.4373490345 44.8419042541 44.3544396673 43.9007281313 44.2544111477 44.9848690643 44.4765132243 44.6333244307 44.5581238063 44.980955687 44.2925701801 43.927221659 43.0559488513 45.6898813826 44.6768072708 43.5263444988 45.7291358838 43.0187737247 45.1581568463 44.1434780458 70.0318460671 44.3540093356 44.0693518711 43.2641151026 44.9141367386 44.2085311316 44.5849461055 43.3635751562 44.954722045 43.000369922 43.1701401544 45.1045828285 43.7531267638 44.4075727501 45.336045634 44.6974919008 44.6916656163 44.5651930718
0 0 0 0 0 0 0 0 0 0 0 0 0 0 0 0 45.5426202777 44.0218399553 44.3002168015 43.8591885801 43.3671732829 44.1478453957 45.248316477 44.124780654 43.9541248082 44.0439105066 43.7751546976 45.0109892236 43.180745682 44.2869086948 44.2711383302 43.1284188028 45.0094097713 43.3968519965 43.9409962295 45.2858642513 44.8772635497 43.1043823808 70.0318460671 44.652230199 43.7170835878 44.8622804826 43.2584966248 44.0792624493 44.5324068798 43.6151108471 43.2659446498 45.7005521265 45.372674561 43.9025575174 43.5288256891 43.9421805609 43.9530186007 45.3003191667 44.5741371208 44.8918458545 44.8599350297
