Spatial_Output/DEC/DEC_1343.asc
NCOLS 155
NROWS 192
XLLCORNER 196307.867259
YLLCORNER 449144.565805
CELLSIZE 33.573938
NODATA_VALUE NaN
[rows 104 to 129 of 192, columns 57 to 113 of 155]
33.4498875742 33.6239534115 33.6883363406 33.2599067055 34.2263023803 34.0806504115 33.0094619234 34.0981913869 33.4672128021 33.8851002223 34.2851524533 34.2420448135 33.2539170912 33.149240691 34.1723078876 34.2531553267 33.1850731118 33.1811113974 34.2271934294 34.2616329112 33.4609890916 33.4280560546 33.4519772017 34.2812868809 33.4753164756 33.0917267931 33.721000744 33.8608714946 34.391776727 34.0181752144 34.3232966925 34.2293445393 34.394583436 34.3782748696 34.3042048876 34.009759105 34.0600489925 34.1209241238 34.2151487197 33.2267743986 33.8573513433 34.1907687601 34.3687709691 34.3396667353 34.3506620538 33.42210614 33.1640484056 33.6897236443 33.549312023 33.022436183 34.265077643 34.3089895008 34.3995388236 33.3583926753 34.267853357 33.8486279717 34.1255418738
33.9951353173 34.0045821771 34.1177144472 33.227058102 34.2202789262 33.3478189679 33.9463470211 33.9614406974 33.8486591465 33.3705677127 33.8409640641 33.9551874143 33.1054294838 34.1574478735 34.2602627962 34.1336981781 33.7372989623 33.89660001 33.1481493361 33.9510831101 34.3498089105 34.2616407537 33.405433645 33.2153937538 33.9624196507 33.536221851 33.652228614 34.1922308799 33.4750384295 34.3569032917 33.7728529183 33.1880315248 33.2374990408 34.1010361508 33.1691476505 33.4676241799 33.1024820831 34.2896391978 33.9972508267 33.501129686 34.0329194189 33.7397366718 34.2685688604 33.6576691784 34.2371176276 34.171848053 33.5430121765 33.7746061168 33.950996338 33.8938067362 33.0695720543 33.4612473992 33.8936597154 34.4141991772 34.3537156816 33.7102489218 34.0195991735
33.3330195515 33.1103801048 33.1797317158 33.457880963 33.3338434317 33.5635327874 33.2122589659 34.0738037083 33.7673137358 33.3544782413 33.1911324025 33.9510223577 33.8607474842 33.5701889245 33.4234674852 33.7682545248 33.8410203887 34.4000392102 34.389150893 33.4253231162 33.9891511018 34.043838101 33.173446897 34.177759367 33.0960395319 33.3712297655 33.2052599646 33.5880288443 34.0426659405 33.057667811 33.190749218 33.1063768201 34.0098074043 34.0384999687 33.9318748791 33.8364386088 34.1984284316 33.0772147977 34.1206295757 33.0154625126 33.1064876151 33.6560896602 33.3476279478 33.468858665 33.2327248367 34.2308393886 33.081311578 33.6900567308 34.0179797502 33.1203109675 33.0081583855 33.2116442152 34.3367627974 34.287363655 33.864376042 33.9992024013 34.1105450138
33.9163036966 33.0347039744 33.3142785062 33.3271038641 33.5223295485 33.5039507986 33.4457775817 33.3358791124 34.3321376937 34.0343571053 33.3144472275 34.0806935278 33.2096390765 33.6683274634 33.1221825201 33.9932682806 33.8827765807 33.0293700351 33.0612372599 33.6128341154 34.1765860391 34.1876363313 34.1468842537 34.3493351395 34.0056097227 34.2162818977 33.5885057485 33.9215513915 33.8495577674 33.4031512771 33.2087876845 33.4774057744 33.5232816819 33.4560158225 34.0217628053 34.1334426503 33.4398017177 33.9142160552 33.050346922 33.8921724283 33.7768673314 33.4859450474 33.9143450821 33.3657878599 33.6169612344 33.2855491551 34.0080138294 33.6115032548 33.5368845271 33.1312037816 34.285100599 33.7166396096 33.3628426389 33.0835128117 33.8547966666 33.450250164 34.0482843363
33.9435259735 33.6034258924 33.029338367 33.053104256 33.0833979529 33.1894524309 33.687428396 33.4237994845 34.0606628074 33.1059911228 33.0708791136 33.581100953 33.8886592603 33.0679525592 33.2375202387 33.4295118885 33.4874394616 33.3313487048 33.9146247601 34.4060665279 34.3338473996 33.2878473679 34.0348777087 34.3447906629 33.561667028 33.8433942268 33.6835144775 34.344707532 33.9020734354 33.903428729 34.3503274972 34.3089963972 34.3144147515 33.0303587533 33.1219657563 33.2184054648 33.4454711945 33.9596293782 33.2665861237 33.5689550438 33.3634412551 33.2558448759 33.4217364218 33.3292454188 33.4405782291 34.0752973289 34.3385270926 33.4286048058 34.0477279758 34.0098335069 33.8771696621 33.1854712264 33.9375044523 34.0105965252 33.5815956646 33.3172913971 33.6940328956
34.1032532111 33.3457785978 33.7663231572 33.6915073287 34.4047472524 33.8014107339 34.0371619203 34.084787049 34.2790918456 33.8295964315 33.048898692 33.6338854354 33.6922896997 34.0008826372 33.8589276006 34.1011752883 33.2508959207 33.4368839454 33.2680001041 33.2067246109 33.3747289705 33.6158265309 33.7365477006 34.2188792646 33.5164418804 33.2101392858 33.40771671 34.1739919038 34.0321490267 34.009824017 33.0587522532 33.9728071117 33.7337676752 33.834217 33.3816781421 33.0469757211 34.3689430194 33.3085274013 33.3717640545 34.3386941738 34.3082336288 33.4504116152 33.7040610914 33.8094312019 33.3894221068 34.1801917562 33.9738776074 34.4106566024 34.2901637542 33.0772202913 34.2844876396 33.4524880144 33.4123805402 33.8793502774 33.100336151 34.3240056494 33.0933906344
33.2189416115 33.5572490655 33.9926336566 34.2959611269 34.1505333054 33.8516682132 34.0100526842 33.3071235001 34.2370582046 33.3426544484 33.124855328 33.9420439921 33.4791546991 33.4717282278 33.1911896603 33.1615799337 33.2759253959 33.3568825897 34.044684622 33.458640854 33.4283658573 33.0330452304 34.0036197568 34.2335127834 33.2034529284 33.065818532 33.9288448632 34.1443733606 33.8762616613 33.143388826 33.9185809373 33.6361963036 34.0062149965 33.791398211 33.5722932819 34.3244647761 34.3456784611 33.073096627 33.8880332981 34.1596916563 34.0554923093 33.2018977167 33.5776744875 33.9331217933 34.1535450611 33.2148793151 33.5973305498 33.4719519166 34.1137864138 33.8171156245 34.3542591935 33.72483204 34.3944377238 33.3174510642 33.0485248584 33.690009217 33.38877471
33.415184475 34.0333076075 33.2607936514 33.8114862762 33.0221644018 34.0511766706 33.5369724498 33.7687277523 34.3519884924 33.8713750289 34.0841638283 33.0494741793 33.782825076 34.2083092261 34.4025826982 33.1070168415 33.7616459969 34.1847417901 33.5072630633 33.8349024989 33.0897090385 34.106329865 33.913031242 33.9217342315 33.4589927606 33.9604929161 34.0138987846 33.9987211055 34.0896020134 33.3754993089 33.6330044002 33.7098801601 33.7494086282 33.7621567028 33.5214293153 34.2243915124 34.2722599522 33.2691994307 33.5971610726 33.4040037575 33.8714227054 33.8850967928 33.8816403175 34.1154689742 33.9348401248 33.5139437905 33.7097648937 34.3228949335 33.9281349561 33.1865491738 33.8925007909 33.0413757606 33.9436849102 34.3140208275 33.305104213 34.0674954907 33.8253890944
34.2722825224 34.2617053472 33.0693610068 34.3005116401 34.2771575005 33.2889441644 33.447864009 33.3224351625 34.0450539417 33.7720751082 33.2795824711 34.3267985862 33.1514920825 33.9302778656 33.8188770887 33.0427855903 34.1891091736 33.1946201994 33.512700867 33.5160929052 33.6437683568 33.6152420506 34.3926977682 33.5519216635 33.7144613331 34.0820237754 33.2400625521 33.8147848176 33.0899966953 33.4035047132 33.436746456 33.520148596 33.6359018216 33.0049758228 33.3811036416 33.3431164472 33.08579763 33.1572985863 33.1482085083 34.1248016661 34.386048587 33.6046211533 34.2847904661 33.2955635637 34.0692124912 33.6855755925 34.1810886064 34.1211066163 33.9886011672 33.9724979855 33.8075077314 33.4151447144 33.3800730092 33.4327946067 33.0722464344 33.8121774551 34.0745211162
34.1277954006 33.7858255114 33.9721580785 34.359374254 34.2794094375 34.2287762273 33.0639539893 34.3456184313 33.9675132511 33.7417302672 33.4950990749 33.9976836636 33.1806797022 33.4612387864 33.644902743 34.0708329671 34.3496715685 33.899084928 34.204426493 33.655607673 33.426901995 34.2042688487 33.4395675368 33.8147204766 33.5638629587 33.8000318216 33.147720893 33.1964502873 33.5579930331 33.9929086808 33.417117557 34.3827744693 33.555823322 34.0885248041 33.3729668047 33.8575730332 33.2001152315 33.6563440338 33.1274843377 33.7577886193 34.4096719726 33.4937822786 33.5971399807 33.1514881465 33.4992488959 34.4131019235 33.0040580291 33.1925951416 34.3897165909 33.4351310234 33.7896136952 33.655686565 33.0319463227 34.2370938226 33.5718928495 33.0721271369 34.2699429784
33.9821215451 33.0882898877 34.2679663064 34.1046572823 33.9432531697 34.3677996968 33.7521616799 34.0890504527 33.1400570687 33.5867013021 34.23740962 33.1931944929 33.7108183713 34.191339174 33.4119573214 33.3496803536 33.2177568106 33.4486899073 34.0619424429 33.6526198761 33.2888215234 33.9306267333 34.1371455649 34.2277135124 33.4374398533 33.9627253346 34.0209614808 33.6190276505 33.8017816105 33.7069879901 34.3986434895 33.4180499658 33.4968146624 33.8372310837 34.0062537048 33.8065741378 33.04699178 33.5865572936 33.5508074045 33.5654238064 33.4918411116 33.4709679206 33.3848110472 33.4369400274 34.3777617154 33.7816461901 33.1182420489 33.6473366701 34.3880286852 34.386379872 33.4549446694 34.0866930598 33.0750552258 34.3669632332 33.0485930465 34.0715064135 33.2427656656
34.3566799378 34.1442460175 34.1400321317 33.7699967288 34.4002377923 33.7955772157 34.3745139995 34.0251046571 33.4461321473 34.3279326824 33.215911836 33.257233087 33.4149162684 34.3247306604 33.055055527 33.2973342947 34.0228702238 34.0680838798 34.015495501 34.1858479106 33.6316944076 34.3960692706 33.6255602932 33.4180848017 33.4022170068 34.3482152439 33.19593783 34.1497219163 33.6276049494 34.0549603841 33.2740383684 33.1778929823 33.0046960859 33.2837758192 33.4682300526 33.4286959012 33.7004504531 33.6263806093 33.4185893267 33.1152522726 33.9017630331 33.2242852281 33.0831306508 34.0503463231 33.3750475274 33.039671777 33.7971607223 33.8279829388 33.4424684618 34.3327819713 33.5608563234 33.2136814817 33.0307768639 33.0474386823 33.0458000883 33.6785825155 33.7848081207
33.890795155 33.1691681191 34.062194783 34.3504752753 34.0923599895 33.7331866685 33.360912653 33.2402448584 33.425144637 34.405214033 34.074692513 33.6987701543 33.3660525366 33.7359217344 33.3502566372 33.3920268644 34.043666644 33.5870474467 34.1790957895 33.9188036917 33.6503747798 33.9542246727 33.5008740236 33.7171404125 33.1834292627 33.1967721667 33.4614536596 34.1074430255 33.4010873141 34.3855422731 34.0346314079 34.3126546581 34.0219459024 34.1130192237 34.039054938 33.3613329735 33.9593979819 33.1493746568 33.7888177727 34.1110615945 33.8359649628 33.5286777089 33.4856351953 33.2733522532 34.0605340108 33.8067333161 33.2680815267 33.0102785606 34.2066701683 33.3980421899 34.1795769845 33.1088053524 34.3505322556 34.0660980994 33.860376032 33.508155961 33.067433142
34.2396878839 33.3910324429 33.0373699488 34.3137134364 34.1456602061 33.8972113319 33.043263833 34.1341494165 33.3967838301 33.7920318354 33.418522325 33.0333698812 34.4062488549 33.8647313508 33.2226756112 33.6481511624 34.408747243 34.0236555341 34.2798800186 33.310598887 34.0399114696 33.3949986258 33.1769785362 34.2846426877 33.9240073142 33.2584190415 33.3613414159 33.0105970116 34.2020159983 33.8506183512 33.2117746634 33.3912652548 34.2233879298 33.7673957534 33.7500534803 34.245857995 33.3324166227 33.8326435545 33.6704935691 33.1271164688 33.5534727733 33.0541127628 33.5481164752 33.5782472032 34.2308041321 33.0910383604 33.6959438111 34.2459235841 33.9937442333 33.0935567732 34.3228395413 33.7511064002 33.9447092356 33.0129270118 33.6394367048 33.6215061268 33.8868061941
33.6274239956 34.1198790291 33.4440486574 33.2310725314 33.3571234212 33.3139020454 33.9996965928 34.3869758051 33.2876787671 33.4187208011 33.1768832887 33.7151851247 33.7490561639 33.7649963155 33.5444564149 34.0195409112 33.4102118299 33.2537159001 33.5920599565 34.3530784325 34.3689445508 34.3746799684 33.2210910746 33.6092250193 33.9717329667 34.0666918566 33.5235239607 33.1378639119 34.2185428478 33.9849095762 33.183801465 34.1318730817 34.1627355711 33.2392714646 33.3233059034 33.3139632188 34.3896443586 33.5540041614 33.3634405698 33.1757566655 34.2824160403 33.8952957545 33.3835490111 33.8181528894 33.2685628439 33.20304273 34.4098856093 33.3851095628 34.3646637407 33.9461488912 33.8303907694 34.0229555438 33.4827171807 33.9067068773 33.3179966154 33.6155405935 33.3626688967
33.9637675123 33.4530822001 34.1652425713 34.2720753498 34.197584059 33.8790126354 34.1288123722 34.1964197625 33.8965533388 33.4112891013 33.9251105673 33.1817801666 33.9089050675 34.2292886916 33.7514252865 33.4598064028 34.0151128246 33.7792910568 33.4189339573 33.8182133022 33.9330481922 33.9128185888 33.4362194849 33.85019598 33.3184293116 33.9843900957 34.2215106214 34.2581814552 34.3734981698 33.9652637504 34.3255658388 34.3728890803 33.6085043298 33.9392279018 33.5509227717 33.9827854507 33.5143280309 33.3950923919 33.8593627897 33.5333854177 34.0733252598 34.2303993945 34.3733439687 33.7937953752 33.2996198151 33.3227510291 33.3301259949 34.3688857793 34.2272546563 33.4396162646 33.0564477715 33.1631932556 34.2664114618 34.1861331203 34.1164545237 34.4050675338 33.695823453
34.2887704875 34.3554531204 33.2108581084 34.0532035588 33.2745303762 33.6740801991 33.4187468559 33.9885875038 34.1550025068 33.4949542132 33.2296509375 33.1711477024 33.220895196 34.2611870519 33.1571445451 34.0624323033 33.0151630194 33.2112317524 34.242435085 33.8949609499 34.088387912 33.4906356611 33.6396485204 34.137443027 34.2501555561 34.1580699014 34.2897274239 34.2572963898 33.9662234441 33.9839173214 33.1088590906 33.6851697124 33.8985033552 33.9801948741 34.2766419607 33.7346883433 33.4200956176 33.1726620543 33.3549248068 33.2148666327 33.546652251 33.0621691664 33.3541003182 34.0351812296 33.4455372262 33.0915307661 33.6718130224 33.0413034884 33.8047553286 33.87349666 34.2857822296 33.50297448 34.3029741195 34.2519359138 33.9895157477 33.6545079479 33.3654552027
34.0306291982 33.2805757736 33.3382557734 34.2729247441 34.0419774677 34.0939260842 33.7214865053 34.3995404194 33.3858731797 33.4700930285 34.1991397479 33.2124330001 33.8349553065 33.8325264763 33.6636635389 33.2040746259 33.4297234349 33.5807799573 33.9004681824 33.48081841 34.1382957651 33.2418077894 33.7179090101 33.1439699235 33.4103400085 33.3410588083 33.4123766612 33.9711280032 33.418605821 33.3898490595 33.6467839846 33.9588650629 33.6310048348 33.3759491673 34.3704744732 33.9394463062 34.3917292405 33.6522927439 33.5023070697 34.3113632497 34.1616735678 34.1843545709 33.530042677 33.9120808233 33.1581111395 34.0822976631 33.0404152792 33.628736946 33.1013499895 33.9883646213 33.6543901883 33.5301888598 34.0059518822 33.8745830113 33.0543577872 33.3975577145 33.4102344325
33.1663547954 33.3407575892 33.6132863479 34.4097419582 33.4174820177 34.0474881409 33.9531340647 33.4124099416 34.1855423216 33.7060714528 33.3024692963 33.4676977039 33.8701052971 33.185788943 34.1183265104 33.0414510124 33.4772217718 33.6978805134 34.0813278952 33.4454956982 34.3243272407 33.6888296278 33.9772701821 33.0372175737 33.1056838113 33.879459487 33.4009095027 33.3960522691 34.2860487636 34.0602407608 33.5008716551 34.2191314444 34.336351802 33.4192155967 33.595908349 33.9659072048 33.3581365758 34.0269320051 34.2573849486 33.2928998662 33.2472749831 34.2561513283 34.1547921699 33.9371354471 33.4991452099 33.5509805346 33.7867259753 34.3404750308 33.520340285 34.2691899902 34.3449254648 33.945637383 33.4647116176 34.3083439068 34.0941859605 33.2614500734 33.2217733099
33.2809746217 33.0037806772 33.5640552809 34.0188649087 33.7270083474 33.8154943496 33.9876910809 33.871077009 33.9524917883 33.0037384917 33.7136756356 33.7608914809 33.4151831688 33.635407998 34.1559450114 34.2070806619 33.3221856696 34.1053337203 33.4222502479 34.0943269704 33.150043528 33.5003009529 33.5013822397 33.3601569991 34.0352632732 34.2723878504 34.190688725 33.5705524105 34.0629790301 33.629633718 33.0715157844 33.6160064684 34.0680052573 33.6574216016 33.3146676942 33.6729719165 33.0020389216 33.1111370337 33.2427172162 34.2898154284 34.2421864012 33.6417638878 34.0237366925 33.2933461193 33.7847985176 33.1613362785 33.9450183618 34.2474373483 33.6346525453 33.7735739624 33.6395994965 33.3347207938 33.7374168348 34.3098858208 33.2022715006 34.0037640919 33.2128655257
33.8075896145 33.4937040656 33.2153539891 33.5447675056 34.2107152046 33.1021660913 33.1502109451 33.5934086011 33.6706425257 34.2468594186 34.4077197278 33.1981568788 34.3936861504 34.2254061267 33.5997667014 34.3809670198 33.6545419963 33.6924598507 33.6669261494 33.7042853986 34.0152363377 33.324407772 34.0310355092 33.6470838185 33.0552658549 33.0539307729 34.1123666473 33.6106925507 33.0190837501 33.4305179804 33.7920146828 33.702686805 33.8427463775 33.1782725835 34.1620872746 33.9183199329 33.2000522532 33.7210539915 33.0868155798 33.6141786151 33.2976897649 33.2138884964 34.2712785095 33.9013334229 33.3464667757 33.8719691378 34.344474202 34.0936215239 33.9401590995 34.0016994438 33.2674463451 34.2126817679 34.1720497187 33.0331823073 33.4659612426 33.1193626437 33.3370024155
33.3471942732 33.1117388235 34.173807824 34.4068679627 33.9127346891 34.0749370476 34.3245333581 34.1825208927 33.0620480619 33.9955595607 34.1736617231 33.0430646807 34.3739517641 34.2886089664 33.6244448662 34.298799796 33.0514748681 33.9934199335 34.3667680602 33.2503083168 33.4816255015 33.5747089651 33.2847935319 33.427468628 34.3716999546 33.0267546501 33.1053366591 34.4009923486 34.3744249002 33.4040598644 33.2931074555 33.847189198 33.7736646706 33.1695418332 33.7866120466 33.314571192 33.1075212082 33.33431868 33.7547378376 34.2199961185 33.2722645128 33.986768714 34.1359549224 33.3409479415 34.0738399938 34.3796527314 33.5910176949 33.5680313573 34.0152655392 33.6002168783 33.5524062736 33.6741840871 33.9482360267 33.6946851552 34.1673689402 33.4417237264 33.2026203708
33.1414275075 33.1022005067 34.1436736659 33.7190010214 33.9345890676 33.4830954229 33.6960380101 33.7311767851 33.1511015528 33.3104715572 33.1268270087 33.4443489782 33.1004917188 33.0319900581 34.0650192495 34.0381830638 33.210329443 33.6311074135 33.517129888 33.2777547881 33.4755435234 34.3393120012 33.8185083095 33.3496484712 33.3109395109 33.4577976312 33.1108350144 34.3971340231 33.8638008777 33.5318166535 33.5553229874 34.0761792543 34.4021377566 34.2796204434 33.7591720281 33.3333071569 34.1611127694 33.206204648 33.9899636005 33.9513686369 34.396784281 34.3092190873 33.012838232 33.4353899747 34.1512325622 33.8350423407 34.3576016708 33.8065296701 33.819280116 33.1904941 34.0009994707 34.3207089699 33.838248021 33.9396337286 33.7410235026 33.3768034106 34.1138627974
33.1658296369 34.2216820104 34.0859061455 33.0282254165 33.9781783134 34.3787088907 33.5150023102 33.0313286833 33.0313521912 33.1579204426 33.0375981356 33.4460031092 34.4010794534 33.065210018 33.1221921708 34.0848237406 33.0972948466 34.1397712085 33.2384864796 33.5557729637 33.8886232065 33.5721458857 33.3642326466 34.3299201558 34.0509273117 34.3867033725 33.6300090629 33.1061890384 34.2460924151 33.1122224783 33.4510117627 34.2501620132 33.466293119 34.0427123945 34.1906586517 33.2008098234 33.125199497 33.0619509981 33.5575979619 33.5242903821 33.0619957488 33.5670281977 33.3021574718 33.5684705261 34.2867690962 33.2250845264 34.0276892729 34.0737805454 33.8198554444 34.4063988712 34.1638151391 34.1624636836 33.410078116 33.0369018019 34.282833694 33.2660748585 34.0351908175
33.3555419758 33.0711708905 34.1311159035 33.2939947726 34.2976982072 33.2971287179 33.902934726 33.2549017706 34.2566485299 34.1198705642 33.2772011272 34.0314116391 34.4127545373 33.2482382373 33.4802663364 33.3496105606 33.9028417624 33.3776416705 33.1521706755 33.9946652956 33.2918416653 33.2869449037 34.2327754898 33.9065516818 33.4427949242 33.1969730934 33.6774445044 33.9124523398 33.1925117788 33.9273530746 33.9884325543 34.3390228591 33.3761696903 34.3820712797 33.7518319749 33.3097094604 33.8917162532 34.3587426824 33.9746853479 33.3178603001 33.5345389828 34.3635881614 34.173508062 33.7991720552 33.237020852 33.8776320216 34.0035865785 33.9149392285 34.1270511681 33.1214925486 34.1466608312 33.6610104275 33.2136726752 33.2416298951 34.3283818768 33.0976847463 33.8414920351
33.7164161911 33.1252646492 33.3114319201 33.6219707305 34.0863647539 33.5417132431 33.0262467082 33.874620474 33.1307941884 33.1708252782 33.2647072913 34.2361380342 33.412118123 34.3940422789 33.7426580902 33.2606324955 33.0611181215 33.8973505514 33.480299777 33.5852769405 33.8008674736 33.9012136043 34.0025729504 33.9371790012 33.1171134539 34.1059891701 33.3850228805 33.5965324904 33.0140184061 33.5733423494 34.0311915429 33.1992299491 33.4582654179 34.2780391897 33.5344348652 33.8750340514 34.3511620804 33.9556626897 33.8661616713 33.4633833065 33.0375188783 33.7980408677 34.2796010404 34.3102055668 33.1717226162 33.2609646454 34.219919552 33.7514275835 33.8679657859 33.9976912472 33.1005821704 33.7747266099 33.9728617348 34.3761461326 33.3106179759 33.8196667551 33.1550704482
