Spatial_Output/DEC/DEC_0205.asc
NCOLS 155
NROWS 192
XLLCORNER 196307.867259
YLLCORNER 449144.565805
CELLSIZE 33.573938
NODATA_VALUE NaN
[rows 52 to 77 of 192, columns 57 to 113 of 155]
46.5723793132 47.3367496272 46.1750233016 46.9034921671 46.4257992022 46.7686531336 46.2602047414 46.6003398081 47.2558082094 47.0740799799 47.1345027799 46.7402812521 47.2015017914 46.2195415259 46.7525346007 47.3481799261 46.7288839922 46.5596312523 47.2009377461 47.3599307939 46.1039254064 47.1357022293 46.6658084778 46.6032062406 47.2992946153 47.4045152917 46.079213698 46.3629939958 46.705034285 46.5215393136 46.439216968 46.2707107226 46.344971484 46.1563495462 46.7654237768 46.3282096525 47.1471119688 46.409100578 46.5889757846 47.1498194032 46.2473443087 47.2897678371 47.2204550897 46.8853008769 46.252043694 46.8885991296 46.6973861213 46.6490648022 46.3747547049 46.0627477337 46.9172646668 46.6362094622 46.9041277827 46.3432956635 46.7775104428 46.6582686594 47.2726619356
47.1174691394 47.1894853819 46.7888635371 46.605074502 46.4819395489 46.5714272684 46.1801786743 47.0749854338 46.0141757339 46.6900910777 46.1966456076 47.2157986331 47.1701781509 46.1958344954 46.8536622729 47.3847509153 46.0172003681 46.8489933246 46.6355398594 47.1927001455 46.243248529 47.3856990847 46.4192371052 46.2833847058 46.9411388897 46.9011335667 46.5453270469 47.2661547714 47.3990521301 46.9255710169 46.7677706649 47.3847503961 47.313434753 47.1806257255 47.0766883667 46.6679133097 46.0824452426 46.8687162949 47.1466807926 46.5849069728 47.2502356691 46.1311703725 46.6946885336 47.2429554003 47.1950663794 46.3711922284 46.9837050594 47.1707180187 47.0273953524 47.3213396692 46.2181572206 46.1236020429 47.1647923758 46.2754418324 46.9723442033 46.3010029879 47.1053587185
46.9322031283 47.0065892619 46.928224488 46.4307061148 46.894563627 46.9984108825 46.3897641968 47.1494705539 46.085719598 46.3949789207 46.0517187855 46.6127114133 46.4767558795 46.7580640553 46.3328852977 46.1277828478 46.0769258874 46.0624064509 46.2778508887 47.2029954031 46.2889146539 46.086982125 46.862485105 47.3011705867 46.8084375874 46.4143928003 46.6336447573 46.9743268638 46.0104631275 46.5840241117 46.240054519 46.005060728 46.1487944596 47.10811515 47.3213683578 47.3789317458 47.0104829191 46.8312470053 46.4185607602 46.3880328745 46.5021154674 46.5168752254 46.876690799 46.5641482505 46.6346706161 47.2532863179 46.2154525303 47.0486016277 46.9431823529 47.3571462122 47.1910748155 46.8734564108 46.0669226633 46.6671156237 46.725833191 46.2307287668 46.2527507716
47.0395641138 46.341076223 46.1394901869 47.061734375 46.5792832113 47.055796782 46.8488058268 46.1344958045 46.2415828728 46.3260205346 46.8790157166 46.8616847476 47.3739746388 47.1031744748 46.3594537401 47.2683145765 46.02982683 47.2508192446 47.173154187 46.1326864331 47.299734491 46.7237436249 46.5206275385 46.2757748089 46.2388131044 46.6076271149 47.0788350917 47.3886375254 46.0718365731 46.6666074924 46.2333626996 46.8347184718 46.0607525216 46.7747534946 47.2779368262 47.0857537101 47.0149817211 46.4696847015 47.2738098182 47.4049469867 47.3377462456 46.122626652 46.7670025056 46.7242158798 46.6095682776 46.7493798388 47.1880568531 46.1284776035 46.8920963004 46.1734786789 46.202399752 46.5520400163 47.0899242151 47.1257539854 46.5126968547 46.3184636656 46.9570511061
46.7608490031 46.6862291385 47.1969380462 46.8540288499 46.3806860103 47.3340103076 46.86387842 46.0673337457 46.9996935079 46.0807196407 47.0110133308 47.2063643988 46.0717174645 46.4023208127 46.7226176543 46.7620716077 47.2469457763 46.3835664064 46.0786742985 46.2294172515 47.3913993228 46.5899442885 46.1054899957 46.7359117803 47.0153934639 46.4073457865 46.1755848347 47.1294862003 46.126348173 46.467178213 46.6953853626 46.0013870233 47.1834237932 46.9967258326 47.2788377348 47.283000441 46.1290368802 46.8987631451 47.0274184922 46.5364458679 47.2284090178 46.6947886734 47.0793958747 46.5028577771 47.2481436926 46.4029660169 46.7015307699 46.9606616987 46.0804272214 47.0695464624 47.0025284244 47.1415286632 46.7804850153 46.5642860133 47.0552939515 46.3868951222 47.0755355096
46.715517226 46.6900879801 46.7222537802 47.2767483674 46.2150975503 47.0930248911 46.2456013706 46.8299097665 46.3627405286 46.8509648384 47.2489829042 46.2729279734 47.3871579365 46.7336938788 46.0250367735 46.5932445248 46.5332907009 46.7629400894 47.0427548941 46.8833670172 47.1881962295 46.8382739053 46.9170807843 46.5773417393 46.3626647016 46.6739224363 46.9464368825 46.08667488 46.0749813512 46.4992110804 47.2604414143 46.801623317 46.5490015362 47.0407527322 46.0907746419 46.2550888729 47.175963262 47.3718572934 46.7840184016 46.3098149739 46.9812036751 47.0006748226 46.5444315699 46.9541750634 46.3107209956 46.1131694654 46.7010043077 46.7251203501 46.0243368754 46.9850003842 46.9047963699 46.0802381261 47.2467663233 46.0220331272 47.15783322 46.6564874898 46.6538962958
46.5484898096 46.9888828321 46.7601591714 46.9333440639 47.0315088336 46.5517584923 46.9990760586 46.9316739248 46.896994005 46.7254779941 47.0883506729 47.2183342388 47.0450008013 47.1532358135 46.5388441247 46.893223254 46.3258674164 46.2292302969 46.0241834616 47.084631767 46.4392019892 46.3023177869 47.1907239119 46.396124097 46.3403279455 46.003034188 46.0496986373 47.054551476 46.5825979665 46.6174422015 46.2603552336 46.8021768351 46.7860760895 46.8947589537 46.6085211324 47.1385809829 47.2476974199 47.0181121843 47.3220965271 46.46577084 47.3229666594 47.0681870784 47.297745294 47.3938426595 46.7398346414 47.2800826394 46.6543827232 47.1078755738 46.3918663114 46.689969653 46.0568970811 46.5351378133 46.6941091577 46.97553817 46.4330249419 47.2929269224 46.9311738877
46.7994709166 46.0113872567 46.3892185907 46.7396736327 46.7065487993 47.1671156373 46.5876076565 47.3152363998 46.2043682087 46.7854605093 47.0632562645 47.1024149239 46.4461146048 46.932480555 46.4118643831 46.614741037 46.100949963 46.2108718824 46.2550790242 46.9305807957 47.3777927958 46.2361396187 46.137345745 46.5533712822 46.6891003017 46.938620921 46.7182207513 47.0261396037 46.7743256657 46.4451856313 46.5466721095 46.0728789278 46.0747156715 46.6576812516 47.2465670257 46.5361838169 46.4781050855 46.9435978682 46.9852903279 46.4476512311 46.359285154 46.7196938952 46.5489713688 46.3638476417 47.1608578369 46.2296457237 47.3925176452 46.6153386078 47.259963151 46.63427921 46.5022215447 47.0130098337 46.6353385261 46.5049681536 47.1619717644 46.1046309519 47.2955377215
46.731631337 46.1309432311 47.3505021961 46.9803255318 46.6443404336 46.4803758208 47.2833912488 46.4324664661 46.0207868563 47.3661798271 47.1452533031 46.4887430143 47.1895201489 46.2897221825 46.3579514482 46.211753894 47.2176707764 46.4402824171 46.5574249756 46.2298096684 46.669240505 46.5963764924 46.0287983363 47.4033179498 47.2332108088 46.9950390194 47.2509622367 47.1794114295 47.0845137172 47.0906093765 46.6828350406 46.9755983531 46.6197175467 46.5895736264 46.367138672 47.2796000667 46.0930586046 46.7674957773 46.5003184739 46.1036287047 47.0988198307 46.5654050675 46.5619808545 46.9725609083 46.5980982111 46.0756165127 46.8155287463 47.1775942796 47.008436806 47.2572933938 46.1232986075 47.1537557428 46.2977632518 46.9720848544 47.2451698202 47.1957683937 46.1895570957
47.0562613809 46.7066084431 46.3195800219 47.4006422739 47.3457172466 46.0912890273 47.1226757636 46.8647452594 46.2706562389 46.9708558347 46.6673853507 46.1135769821 46.3082677544 46.3624336721 46.5534165042 46.6400748217 46.8888112174 46.4244033343 46.8181923342 46.3528463203 46.7085397932 46.7159018292 47.0332279055 46.1607304047 47.3292175125 46.5132122546 47.3766068138 47.3675475808 46.879608173 46.3988599888 46.9560306755 46.6546695938 46.0026220732 46.8678021864 46.9733278951 46.7616864618 46.9723724902 46.6486532523 47.286125361 46.6105413168 46.1394219398 46.9002811528 47.003760457 46.5317764513 46.4877919864 46.7994540463 46.1553362655 46.4095553335 46.0029792299 46.6978377626 46.3038239405 46.7908661559 46.0963892584 46.234588904 47.1619421079 46.4331524426 46.7498195883
46.8837082423 47.3661269756 47.0052096037 47.350220478 46.6500547598 47.3329251126 46.1281452376 46.512238902 46.5791574684 46.2038623909 46.9542605807 47.2108323481 46.8291235495 46.6265722127 46.9212075889 47.1955221601 46.8641149799 46.9494814012 46.1752942019 46.7889174651 46.733519658 46.9361467756 47.340371619 46.4188978434 46.1979977495 46.668328607 46.2126327327 46.5736257616 46.3389630475 47.1804858324 46.8683030533 47.3977617955 47.1368525941 46.7706419624 46.9109376269 47.2015194906 46.3839814122 46.9050547203 46.3737379902 47.3943382174 46.9272669102 46.5198104145 47.1335102591 46.4779978088 47.2800726037 46.8342789025 46.6591571254 47.3074701983 47.3050341088 46.558695095 46.3674747706 46.1075587687 46.8822578349 46.8503194031 46.6057614362 47.3801009502 46.135958912
47.1311697718 46.4663657755 46.5396853053 47.3515356941 47.165979253 46.3697841194 46.9385163542 46.844137993 46.7184684115 46.0607006862 46.6834685258 47.0439937401 46.8690852434 46.5075189528 46.0032111082 46.5865361545 46.4627585671 46.7987963941 46.6371479677 46.4079316247 46.2495206693 47.1582326157 47.0981794537 47.036214695 47.3735940963 47.1814855533 47.0826044942 47.0823870826 46.0974422621 46.6783053381 46.8985289406 47.0921467412 47.3813720763 46.5709399327 46.5103292114 46.1895840548 47.293968639 46.1080307571 46.3432138557 47.1399802154 46.6704198947 47.3130597945 46.2102335441 47.2859902236 46.6367731372 46.6746639888 46.6624925975 46.3394733513 46.1840176365 47.0588349973 46.3158263498 46.8821436845 46.1655719534 47.1427607086 46.8980311715 47.1466871325 46.0106285199
46.2038473497 46.240143474 46.6823515736 46.7376478057 46.0467772329 47.2357789172 46.0135680189 46.8173982441 46.0214375263 46.2595464583 46.5440989655 47.2653817115 46.165659998 46.9477568019 46.5006376486 46.3205706536 46.2646242356 47.2056125593 46.3304868619 46.1477305192 46.5475504736 46.2924084343 46.9855422736 46.3949116349 46.3497921779 46.9676158699 47.0859689524 47.2521327607 46.485268829 46.3713458226 46.6844822631 46.8379575232 46.6914136606 46.5555845436 47.0875168561 46.9262468018 46.1882248327 46.2657726952 46.1530870411 47.1133181686 46.7540521523 46.622757437 46.5370656777 46.4180522902 46.2472054019 46.8521450414 47.1551592264 46.1549180166 47.4076477486 46.9518508347 47.189121834 46.9457641398 46.8243851962 46.0902787352 46.4030318766 47.3295729981 46.0879050606
47.2936246478 47.387490476 46.3586132587 46.5153919985 47.144109782 46.3341691857 46.474425433 46.8916629956 46.8382690035 46.8231948867 47.3521997434 47.2283400872 46.2252897105 47.2472780219 46.5262139251 47.2817336986 46.4939189557 46.3193358789 47.3631868913 47.3008925851 46.1219840102 46.0601507701 46.8886976714 46.7437262991 46.5855022534 46.8933731098 46.4114234274 47.1124410667 46.2448362191 46.7672289511 47.282574792 46.8804816805 46.9078698802 46.1353717282 46.4605218231 46.3724754508 46.1158936311 46.5389673773 46.3338335199 46.8263617729 46.8759168979 46.9376647107 46.8910600933 47.0878606103 46.3483848609 47.2481437471 46.3718809227 46.4741893434 46.5588424578 46.822172022 47.3261415214 46.2581320956 46.6201677138 46.8277178151 46.0640131755 46.9688306849 47.3027234397
46.1297202726 46.2878018357 46.9408749845 46.427198867 46.0485278432 46.0815795875 47.2256005373 47.2122084574 46.0730145504 46.1682969963 46.9099416155 46.1638712794 47.3630346077 47.1306696899 46.2985476378 47.2246113904 46.5136324704 46.2904675197 47.3279581774 46.4253922163 46.790661397 47.2362102145 46.4667252058 46.1813785384 46.5856875838 46.4578899369 47.2715722618 46.4676327275 47.2343469621 46.7426330473 46.2712317036 47.0055969163 47.1443191362 46.186496161 47.2382799105 47.3485768906 46.6419630147 47.1663248648 47.3863479954 46.4144174103 46.0542820917 46.4529421698 46.1800514275 46.2513183662 46.4856919881 46.8025028267 46.1807586136 46.9848639095 46.905448896 47.3948677616 46.7850073851 46.6553051242 46.1271069417 47.3555687723 47.3195489384 47.0669027605 46.5671679527
46.2031737005 46.0365500908 46.6182447283 47.0572507429 46.259616944 46.1844419588 46.3066478158 46.058893166 46.1956932866 47.038723878 47.2218808161 46.9111937309 46.3791122471 46.0702381495 46.2380333981 46.9922893407 46.5794682855 46.2459344121 46.1508460232 46.7044545131 47.0553172321 47.1179169433 46.3910711298 46.267287008 46.2696243588 46.2146239633 46.7505864983 46.9096987396 46.0501450676 46.3383999137 46.2612500362 46.294026761 46.262828129 47.0180623456 46.8800593592 46.7125548981 47.0833862959 46.9536349829 46.4526608375 46.2599327325 47.1051035501 46.4900792196 47.2531629227 46.2769152675 46.9918712462 46.3632358179 46.9763517123 46.5846946323 47.3331427832 46.7580344095 46.0615944453 46.3259992117 47.1045898586 46.505739139 46.7850796437 46.1773538738 46.3963821243
47.0695942637 47.0757324998 46.1931338896 46.1733468652 46.0897874717 46.8150625755 46.2458732165 47.0116563198 46.2951811688 46.7898742224 47.2523542234 46.343804499 46.2784396545 46.6580561682 47.4003388986 46.1383344416 47.1428074558 46.9502576755 46.3387565349 46.6602712969 46.2657631549 46.51060112 46.8171825371 47.3741555432 46.3037478681 46.2410720468 46.3548255277 47.2061590995 46.1073595586 46.0746336195 46.0302608754 46.2966203739 46.7126489178 46.3315582751 46.6702826289 46.8251652467 46.5784480055 46.3725749729 47.0929413395 47.3969138661 47.2094134786 47.2043501349 46.5771741997 46.9742764775 47.3232222932 46.2336493361 46.9546821866 47.0010138879 46.3782176717 46.4099018411 47.2945052606 46.4558141188 47.050562368 47.0775479294 47.3201592473 46.5755985099 46.7416828004
46.6272931491 47.1081986575 47.2769657164 46.9592802208 46.6805929707 46.7950852602 47.3218914671 46.1391639012 46.5945973441 47.3038799674 46.4362758194 46.6773114253 47.0857192506 46.9680447981 46.3862693701 46.9165511952 47.1131666027 46.7990054767 47.0911764072 46.4487218952 47.1646977915 47.3881583788 46.5465275861 46.3228035136 46.6318001692 46.7258463748 46.6672051136 46.5171273641 47.3338045288 46.7043827608 47.1282169592 47.3735534048 46.8228482377 47.0610902974 46.8867935894 46.5478888239 47.25298447 46.586443108 47.1210887622 46.0742207981 46.3102155246 47.3919075823 47.0744393234 46.1487239751 46.8704984212 46.8701974041 46.3231277521 47.4072272505 47.1620329696 46.5997362593 46.7347393499 46.8096341573 46.4293360336 46.4131788627 47.309330594 46.8013045366 46.4730403407
47.3506505862 47.2389486112 46.0019248882 46.3489673734 46.7351967508 46.1267314004 46.6613782602 46.4050789665 46.0962739693 47.2101072313 46.7462454893 46.7096718211 46.7070972268 46.9830281202 46.1572204093 47.2618350385 47.1213764117 47.0429329721 46.870418818 46.3243512774 46.6348504867 46.3213640054 47.3050945507 46.8987019729 47.0384750202 46.6057130157 46.8522234411 46.6316593083 46.8527701721 46.8840648008 47.2536078924 47.2511927698 47.3189310023 46.6813477342 47.0460646105 46.3972880393 46.6174779961 47.1650817426 46.9695004326 46.4749662755 47.1023346137 46.2747964788 47.3107714433 46.0804142356 46.6325704632 47.2658745687 47.0270169861 46.9667287892 46.4114076178 47.0857880296 47.0075708236 47.0519934174 47.373438288 46.8529757788 47.1893400269 47.1739477956 46.6468875055
47.0823072591 46.5753263496 47.2579195764 47.3777678633 47.0330197152 47.0891990896 47.086800386 47.2299934382 46.1319916096 46.7727266238 46.4371644811 46.3328219891 47.1051785254 47.3650152492 46.358905357 46.6855771299 46.1972307367 46.5993368178 46.6215883159 47.2613685555 47.3035728502 46.1001424988 46.918905516 47.3192263168 47.2621797662 46.0398174809 46.0906246842 47.0467261397 46.7059543619 46.7985269034 46.7628903615 46.0287576941 46.2045327322 46.1920975273 46.7285768575 46.6426725586 46.6481746667 46.7803881676 46.3222795492 46.4983252087 46.116524507 46.8438526746 47.0562708127 46.5312002096 47.0477904458 46.2856337121 46.5917321216 47.2916914878 46.2911367778 46.583286333 46.7249456676 46.0471353555 46.3634302186 46.2137660283 47.3494277296 46.2005587662 46.9415898822
47.1718976373 46.7587738912 46.5242629873 46.5291522673 46.0440558962 46.7695942619 46.9304914208 46.4770593486 46.9783019823 46.6650688595 46.5125020219 47.1886031148 46.472516166 47.1948291554 46.5956644795 47.3383597044 46.6085361926 47.3814785862 46.0974677007 46.1489507754 46.958883177 47.2124874728 46.2152121119 46.8979169044 47.3701413175 46.230410641 46.3871732247 46.1673226492 46.0010080493 47.1545431373 46.7531026753 46.3875051748 46.4627339382 46.8956051285 46.1334727036 47.2070829082 46.6857406383 46.3234488827 46.7952742555 46.2100745934 46.6634853394 46.3185561894 46.131647438 47.060697292 47.3843686605 46.6655635349 46.8626213393 46.6716082681 47.2137082682 46.7070279154 46.0947603795 46.7897619295 46.975749757 46.3335275517 46.040645775 47.0328293412 46.2589973575
46.1872345011 46.6381482196 46.0682072729 47.384226677 47.2617550489 47.2538506063 47.1602769824 47.1129839377 46.9136059628 46.3588685377 47.2754283152 46.831394669 46.8671594088 46.3961321908 46.6531877106 47.1713011064 46.8295201633 46.1394936855 47.1340656417 46.686866782 47.0253352353 46.1872823346 46.1733396362 47.1871560053 46.773919064 47.140942337 46.9340165913 46.6934430614 46.7968705527 46.2305865031 47.1774180381 47.1509118236 46.3122573428 46.7246342858 47.0111444326 46.8593656777 47.2854076252 47.0818036138 46.8196373483 46.6828717535 47.3152636508 47.179314555 46.332061229 46.85888795 46.2644675113 46.1494944609 47.1866103991 46.298692269 46.6482987331 46.6111363911 46.8095165025 46.0010258293 46.1813601881 47.3863405258 46.7390625343 46.2699976191 47.0314178474
46.6518395739 46.9206430589 46.1661629871 46.8731386926 47.2930565318 47.3766756041 46.6639286814 46.1258688818 46.1471085898 46.27923863 47.14497167 46.3140749195 46.6717313704 46.4420241504 46.0690281495 46.2867905848 46.8490729464 46.1974461433 46.8338002045 46.8344502294 46.6955991429 46.224768843 46.6887401411 46.3009765026 46.208939949 47.2598163505 46.0292396864 46.6552660908 46.7556980867 46.7240879845 46.431299587 47.2804913887 46.5829420058 47.3558040137 46.2757001868 46.0951011151 47.2287484281 46.0788939495 46.0372867012 46.7599709159 46.6992267692 46.6734071445 46.5027624323 46.5951292392 47.4041232442 46.2204335395 46.0269062566 47.3100329944 46.2019203971 47.2655598119 46.4977078752 46.4676602579 46.8539107825 46.4615986688 46.8244325611 47.4122049792 46.6312641411
46.3909378554 46.4692180387 47.3549577909 46.906049248 46.5528666049 46.9282481923 47.200979383 47.4141299754 46.3975782436 47.3971037677 46.0816343528 46.5514341721 46.30919381 46.8025202203 47.1482208748 46.2969249323 47.3798421898 46.228131464 46.127145992 47.3236117796 47.3186427426 46.3046759251 46.3735535252 46.924449179 47.2910901923 46.3984660162 46.5214994985 46.1355403006 46.7502578142 46.7943842869 46.5693534211 46.1736595509 46.4933990167 47.1108465724 46.7943020795 46.6553620159 46.5722634821 46.4244573762 46.5322687236 46.3190768032 46.2130108234 46.1826314359 46.9510256313 46.9606384073 46.0400613563 46.9557564137 46.9324555584 46.1866862596 46.2983499828 47.2914296586 46.7494783361 46.4940303609 47.1785056653 46.5921107032 46.8381388688 46.3885005124 47.3242535436
46.4286380078 47.0185909389 47.2134328558 46.4681268901 46.7207349138 46.391959171 46.5781584974 46.5249822472 46.9524725475 46.5110732659 47.3054666718 46.1023523333 46.6883746696 46.2644692585 47.4003091727 46.6182667465 46.6674271596 46.8598144377 47.2491137452 46.3009819253 46.9424418436 47.3140622857 47.3121454691 46.8131582774 47.2555482222 47.2918702676 46.8004630201 47.1394008247 46.6967753377 46.1470110002 47.0331035479 46.3579180869 47.3587174148 46.9658063983 47.3907484663 46.391560202 47.1515892793 46.1420341897 47.3544881994 47.0309982886 46.2809062822 46.9518994481 47.2106160555 46.6084909197 46.8665690305 47.2223077316 46.2694040811 47.3927161135 47.1577948144 46.6989585453 46.5089273359 46.1718195124 46.4690041896 46.5637079269 46.667731983 46.7759829221 47.3911023847
47.2192893621 46.0684646592 46.6748013319 46.3006788483 46.696787455 46.0250390617 46.3693809938 46.5029898489 46.5229665667 46.6067151099 47.1590265686 46.0495854015 47.4071397184 46.5254303974 47.1680475556 46.5404301478 47.2707893126 47.367996125 46.9763237312 47.1627697062 46.0819483651 46.7474928615 47.2140070755 47.035255616 46.1527011631 46.713655473 47.3995921182 46.7385427774 46.5196847576 46.5509832152 46.0548529214 46.8728174314 47.2308987539 46.6750849476 46.9273787365 47.2897899934 46.8558489008 46.2646640361 46.2170715469 47.1692340743 46.0257123489 46.8728999452 46.9470651164 46.8732295317 46.7640276867 47.0957522029 46.6548292499 46.2925802201 46.9280503727 47.000844718 47.2836870488 46.4895644569 46.5843820104 47.2893225046 47.0187089247 46.3264032266 46.9110524519
