Spatial_Output/DEC/DEC_1361.asc
NCOLS 155
NROWS 192
XLLCORNER 196307.867259
YLLCORNER 449144.565805
CELLSIZE 33.573938
NODATA_VALUE NaN
[rows 78 to 103 of 192, columns 0 to 56 of 155]
0 0 0 0 0 0 0 0 0 0 0 0 0 34.380836005 33.6340205734 34.3985142088 33.7126438369 33.6037926925 33.645808489 33.5175818319 33.402555786 34.0768721723 33.3507039651 33.1381126412 33.7461334228 33.7185034648 33.4908761276 33.8805910866 33.8649210672 33.0766079402 33.9170451222 34.1950652887 34.036953746 33.3181304296 33.8135342981 33.0010546581 33.1503423443 34.260420073 33.0629780791 33.5050259919 34.3940295189 33.6236742872 33.9288952632 33.8112345417 33.1908863753 34.0268044813 33.3507691923 33.2661301852 33.5660772754 34.0156574923 34.1074338709 33.0387081462 34.1609544511 34.3010174853 33.6349018202 33.317776995 33.7119075646
0 0 0 0 0 0 0 0 0 0 0 0 0 33.0232667882 34.05552718 34.0683549356 33.720411951 33.3740941993 33.8301091385 33.6003389635 33.2821548639 33.0580868882 33.7842423393 34.0110002946 33.7729929822 34.1286070989 33.5410897647 33.2471030235 33.8557792105 33.801424024 33.4367410424 33.2090895923 33.7534267389 33.3402412121 33.2433416854 33.0627008883 33.2732179902 33.7586042523 34.3591204917 33.0743137033 33.6870357559 33.9314562824 33.5014273818 33.6425315334 34.1103449439 33.146916339 33.8716712883 33.3649725829 33.2909541291 33.4427632995 33.8389195581 34.3181781456 33.5223178551 33.057200286 33.5927060615 33.401622761 33.0917513416
0 0 0 0 0 0 0 0 0 0 0 0 0 34.2457911569 33.4446577641 33.9085239335 33.8316416014 33.1315888851 33.0727545265 33.0746268203 33.1417947996 34.1074287447 33.9536013121 33.1267752829 33.9418292535 33.4713823926 34.0538357071 34.1486329394 34.2357143476 33.375080226 33.4001706598 33.0380707722 33.4434783597 33.5971750816 34.332440879 33.6276630113 34.0818905098 33.3696794143 33.8756407673 33.0091733204 33.1824186475 33.8927937189 34.1713014431 33.6975098763 34.0992674406 33.3500692481 33.670094932 33.8688889622 34.2037788631 34.2154588123 33.4816216113 33.7874771376 33.1649327733 33.06379556 33.1285675861 33.3111828865 33.6342096528
0 0 0 0 0 0 0 0 0 0 0 0 0 0 33.1681192633 33.3127394209 33.9766111647 34.2749407222 33.0717762692 33.0971383626 34.046987646 33.9521932709 33.9732236974 34.0806938562 33.630773279 34.1289151293 34.4027979154 33.060398013 33.8513543088 33.1171519852 34.1212426965 34.2387459587 33.787475161 33.0922699295 34.3489528901 34.2378194777 33.6869535786 33.1911493319 33.6674098348 34.1657611865 33.7075356529 33.3276892745 33.4283251905 33.3416585483 33.5266731768 34.2148649045 33.2377805066 33.0476522184 34.3672865981 33.0813080029 33.2235432726 33.2040107261 33.2256357327 33.1839663606 33.2696983714 33.8187137597 33.1469222267
0 0 0 0 0 0 0 0 0 0 0 0 0 0 33.0239397061 33.6444763958 33.2651811822 34.0120316999 33.8479295093 33.9228203317 33.594353902 33.6187786232 34.0678852615 33.3210438677 33.9180360183 33.6922448545 33.7770193932 33.548275462 33.2031025729 33.0444502932 33.2658302854 33.3147044484 34.3817310472 33.1767960276 33.1570852116 34.0723213214 34.2172709318 33.8008925357 33.0839629645 33.9972985121 33.8257761989 33.5356689507 33.8392327416 33.1089916191 33.3896278159 33.4521299609 34.3418915878 33.6715563199 33.3855102544 33.1181231245 33.7136341248 33.981045502 33.6979557404 33.021160354 34.3058392246 33.6417865163 33.7581023983
0 0 0 0 0 0 0 0 0 0 0 0 0 0 33.7928827782 34.1029418107 33.7842729864 33.9607649585 33.6217738755 33.3302389398 33.2097489774 34.1825812841 33.8310179794 34.0270801423 33.9299669535 34.3486102508 33.3681951363 33.0553973472 34.2714486168 33.4114202773 33.074448857 34.2297831767 34.28100934 34.1139880195 33.7165753724 33.1329832644 33.7952025021 33.2664793226 34.0624107028 33.0489542546 34.035564511 34.3836035144 33.0950829137 34.1532504649 33.5804070018 33.5587791408 34.1139763583 33.4364709583 33.3172860252 34.2590970209 33.5201562639 33.0529071581 33.8673474723 34.134346013 33.8100061925 33.287708359 33.3048238639
0 0 0 0 0 0 0 0 0 0 0 0 0 0 33.4274996812 33.7356507453 33.6470869464 33.1149850445 33.0237246722 33.2040922981 33.5128850465 34.410677413 33.0646876065 33.6292401112 33.6238839784 34.120224316 33.5196497611 33.5106827751 33.959974759 33.4790248019 33.3651150773 33.5314021956 33.0200535867 33.6250323395 33.6125504749 33.6946663556 33.7690859135 34.3806085582 33.4208502555 33.8464137781 33.7907614763 33.1656284694 33.870261378 33.3807860323 33.2195105503 34.0977517684 33.7742466234 33.3494750992 33.8718571691 33.0168808708 33.8586165878 33.890495313 33.5822365804 33.7043083755 34.090328851 33.8071733659 33.6704092997
0 0 0 0 0 0 0 0 0 0 0 0 0 0 34.0973856587 33.7470145028 34.1090913768 34.1414490373 33.178076428 33.6036518461 34.1548799687 33.1141564317 34.3228690062 34.3096431619 33.411743154 33.4859673602 33.4911433786 33.716880524 34.0187709156 34.3798742483 34.2063771299 33.8328749078 33.9304032239 33.6308180937 33.0461465378 34.2867739963 34.0698696472 34.3240599898 33.0479596715 33.7256605717 33.4447607286 33.3439596865 34.3061937393 33.5978494167 33.2211838475 33.9079519935 33.4660257777 33.4827943437 34.1473189607 33.5890278142 33.3282035143 34.2470522254 33.8460348525 34.2342969226 34.1947880686 33.9560839619 34.3601200069
0 0 0 0 0 0 0 0 0 0 0 0 0 0 33.0920855496 34.3563942178 34.3802238456 33.2037476992 34.0277712626 33.7964083559 34.1953690695 33.2831786023 34.1327769188 33.4708542243 33.2567845163 33.2597531118 33.6499486686 33.3414757729 33.0392576352 33.7225927381 34.2548792379 33.5677517587 33.1365830789 33.5245103842 34.3132555539 34.0135320722 33.9916513381 34.2560144249 33.6856309143 33.8534270299 33.5011696286 34.2866057604 34.0278540133 34.1755906177 33.0508478281 34.1290730584 33.8385387261 34.2442248126 34.2149645076 33.184526931 33.6329877943 34.2226845084 34.1504928904 33.323870184 33.8926075403 34.0560857474 34.3287684936
0 0 0 0 0 0 0 0 0 0 0 0 0 0 0 33.0077251383 34.1289310231 33.7833613835 33.998484348 33.8955493101 33.7641705484 34.4049900724 33.0052614106 33.1778682963 33.39765055 33.1191336631 33.1373277134 33.7663366617 33.282915019 34.3260337918 34.0014274557 33.9435350454 33.2660671951 34.3915185552 33.7679783968 33.4845782873 33.4933035622 33.64161145 33.6409164261 34.0742616092 33.5867049909 33.4595803831 34.0675943194 33.9153268173 34.179773762 33.1050762132 33.7228900579 34.2656643003 33.0106283734 33.9158208281 33.0918711552 33.7514238258 33.8505483191 33.0187775107 33.0927441242 34.3858928842 33.3163077677
0 0 0 0 0 0 0 0 0 0 0 0 0 0 0 0 33.1170841522 34.1935495753 33.7102187434 33.1378767197 33.6716903623 33.8137021813 33.7772607732 33.3192627676 33.7580122991 33.7420194939 33.0224324295 33.1867248127 33.3259534833 33.6077563488 34.052958691 34.2222017175 33.5866632646 33.1726147813 33.3285268831 33.4486191514 33.8816176486 34.0375899027 33.4976523541 33.9100510555 33.8668892798 33.0368911524 33.4780411315 33.6713641934 34.2483279067 33.2830130506 33.2453344438 33.7892716667 33.1449038108 33.5775088679 33.322305219 34.2453075126 33.8784456085 33.5948872219 33.1079990167 34.1520080226 33.8772220959
0 0 0 0 0 0 0 0 0 0 0 0 0 0 0 69.7571762143 20.3144227029 33.3803339226 33.0686846423 33.0193919718 34.3185982805 33.9016283528 33.2175047697 33.5770805807 33.6197614385 33.576668621 33.2547573696 33.9727542944 34.0031274055 33.1778738563 33.4259697328 34.0337535693 34.1194105329 33.9221590062 33.0950141967 33.0959827236 33.2305070781 33.9113520238 33.2441218053 34.3919723296 34.3785567112 34.3811471584 33.3275942024 34.3568897681 33.5774940318 33.6630066767 33.6344607026 33.8079289064 33.9031873858 33.0079325971 34.1015725566 33.6676780654 33.5082596143 33.7829148037 33.8484933998 33.0434710012 33.274096645
0 0 0 0 0 0 0 0 0 0 0 0 0 0 71.1128159093 71.1128159093 69.7571762143 0 33.5215100563 33.0655879712 33.1219879568 34.2052695901 33.0840059942 33.8004145183 34.4041157848 34.2395894661 33.3364924856 34.3486166647 33.3699853615 33.2902777426 33.4564745099 34.2287087714 33.428244376 33.0498187669 33.0355270814 33.7274182572 33.8185453991 34.0706453427 34.3738310708 33.7064797844 34.3505613096 33.059415677 34.3398038768 33.5742838301 33.2479894193 33.5155079509 33.8821761171 33.1175949716 33.1615472873 33.474328682 33.6111600755 33.0785248256 33.2178922676 33.7670017236 33.8894977066 33.1674340879 34.3643735926
0 0 0 0 0 0 0 0 0 0 0 0 0 0 71.1128159093 71.1128159093 0 0 0 33.3108405953 33.4070719909 33.5943306227 33.4025767833 34.2663797005 33.4712326538 34.2026704974 33.0535206412 34.2424299299 33.0520395126 33.2331096138 33.9353114183 33.1976747321 34.1463190962 33.9542518629 33.6020401883 33.1697229335 33.7562175625 34.3442566476 33.9099393482 33.0026160881 34.3264657816 33.237723958 34.3835009681 34.0268947427 33.217620838 33.7185974745 33.7564368455 33.04862573 34.3072641112 33.4570292908 33.2193144665 34.2680891042 33.2256777807 34.0265434203 33.5461423317 34.2275281008 34.2801546701
0 0 0 0 0 0 0 0 0 0 0 0 0 0 0 0 0 0 0 34.2808457745 33.6790167401 33.0905850269 33.3246348384 34.0453942075 33.2391580529 33.4285066448 33.1813910772 33.6745911826 33.3636530259 33.1106611006 33.8206747224 33.7975677074 33.2352355524 33.5322830727 33.0906468088 34.1595488959 33.3083816212 33.4023131564 33.4119412377 34.274633723 33.310125147 34.1496099777 34.1429610377 33.2164836144 34.1679053534 33.5996384173 33.593174515 34.3521394248 33.6100274382 34.273764394 33.6457200953 33.8882993797 33.475070273 33.6503686153 33.5229699551 34.3401694212 33.392117682
0 0 0 0 0 0 0 0 0 0 0 0 0 0 0 0 0 0 0 0 33.797471609 33.8787079562 33.6731156007 33.9673399218 33.6155983335 34.060793648 33.6486863611 33.037661054 33.0734263863 33.7644186106 33.1998035843 33.1288345004 33.8573789829 33.8995747285 34.2371111603 33.017969044 33.5473505739 34.133731258 34.0032055989 34.1619614745 33.2796173568 33.6574471819 34.0329796242 33.9339638463 34.0323614053 33.7826775191 33.9998955099 34.1522730264 34.2431563361 34.0925707384 33.371834028 33.3210733096 33.2947192033 34.294618989 33.5709936664 33.2730046157 33.86408438
0 0 0 0 0 0 0 0 0 0 0 0 0 0 0 0 0 0 0 0 0 0 33.7589184513 33.5467484722 33.8585354606 33.7034549121 33.476565245 34.0144300907 33.3019213672 33.819111883 33.2994888598 33.0127941063 33.8689543037 34.3205168297 33.3234237741 34.211256206 33.5153240042 33.1579563263 33.8339043602 33.5279679604 33.9026597556 33.3764898923 34.0133471312 34.0094318003 33.2053666882 33.6253483944 34.3922110661 33.8990432423 33.5539508551 33.5012807397 33.0791251647 34.1861478966 33.4383854518 33.2267383187 34.2209723288 33.8683464881 33.3386280436
0 0 0 0 0 0 0 0 0 0 0 0 0 0 0 0 0 0 0 0 0 0 33.2276397271 34.382821549 34.1786111874 33.7619967011 33.79056018 33.4155444073 33.7243499179 33.6705893436 34.3883472839 33.7156878065 33.6009601007 33.3242619331 33.9856180741 33.9053194699 33.3722356896 33.372447419 33.9456665947 33.191537417 33.0881039005 33.4471863775 33.7817106011 34.2931548909 33.558843326 33.3931640271 33.7092113661 33.9489972338 33.0771848352 34.224432915 33.4052433607 33.5189475276 33.7967984642 34.3523418696 34.1615610396 34.2385627526 34.11983692
0 0 0 0 0 0 0 0 0 0 0 0 0 0 0 0 0 0 0 0 0 33.9331883735 33.6118151373 34.1305315917 33.5725386753 34.4087732356 33.4611890661 33.7193635279 34.2360138029 33.7183165489 34.044533695 33.1408386273 33.8158281441 33.5109958897 33.4339055635 33.2280349332 33.4403424603 33.6373848556 33.6641805132 33.9927094959 34.0005531205 33.2267621525 34.1921878573 34.0014094968 34.0861726982 33.9766076718 33.7860009915 33.8179159528 33.5354023026 33.1193116893 33.8678489237 33.0589367041 33.5714713629 33.4740324411 33.9786997745 33.8005587484 33.6708792222
0 0 0 0 0 0 0 0 0 0 0 0 0 0 0 0 0 0 0 0 34.3582862543 34.3048598988 33.2488025604 34.1196185639 34.0386715571 33.1757428265 34.2384080098 33.3963736934 33.1443095198 33.5105828675 34.0289120082 33.3007334284 33.3714027236 34.1624249039 34.1372150513 34.0709625466 33.6892725946 34.3001992191 33.8721999624 33.3829854451 33.163158988 33.0845884162 33.2836375083 33.5833068271 34.346946588 33.5846359487 34.1706637857 34.1486170536 33.0788181252 34.3811737202 33.421288803 33.3620822176 34.2995553735 33.7898066437 33.1750027111 33.3303524295 33.5500247057
0 0 0 0 0 0 0 0 0 0 0 0 0 0 0 0 0 0 0 34.0456379668 33.0097759097 33.8122200374 33.1491031693 33.1914273106 33.6150905796 33.0355276786 33.6029399251 33.0993291035 33.7825435051 33.6935967015 34.0043007014 33.396451646 33.957966015 34.0704144221 33.1432253394 33.7808872229 33.2325952082 33.2964989429 33.7585940321 34.367931602 33.0809235948 34.4096378323 33.3581563631 33.1683590349 34.0674731326 34.0773027686 33.9876761484 33.3953038715 34.2798244012 34.0470644118 33.6831855585 33.2107242473 33.9483683444 33.2849606534 33.4199310166 33.5344551036 33.0423111536
0 0 0 0 0 0 0 0 0 0 0 0 0 0 0 0 0 0 0 0 33.8722359546 33.9261052876 33.4468344598 34.3937647844 33.1115096933 33.1111487065 33.7163256263 33.7289182514 34.2791986055 33.4984580888 33.6979478146 33.590431037 33.7537761552 33.9967579996 33.6456420371 33.0209216157 33.579316342 33.6459942781 33.2345019287 33.7598901344 33.8823479672 34.0944690125 33.581392609 33.4499410182 34.2446238214 34.2451380234 33.7429949724 33.0441256877 33.2831044325 33.0757007585 33.7344799772 33.7324309348 33.2421056872 33.3523793724 34.3024109358 33.981998507 33.1087365703
0 0 0 0 0 0 0 0 0 0 0 0 0 0 0 0 0 0 0 0 0 33.3300661935 33.9130797539 33.4921142485 34.4028976986 33.6714534587 33.7082186974 34.2001101381 33.9542900741 33.0045043807 33.5009010113 33.0182962998 34.0841529551 33.3745730137 33.412211085 33.4383778165 34.1168218713 33.9207439531 34.1205518991 33.6820199827 34.1719137797 33.4751361908 33.4239755232 33.150991186 34.209906644 34.1786000071 33.5906831021 33.2441204649 33.0245804595 33.1599918896 34.2044074746 33.3803989674 33.9031421618 33.8988149488 34.1354188422 33.2218362717 33.7098235663
0 0 0 0 0 0 0 0 0 0 0 0 0 0 0 0 0 0 0 0 0 0 0 33.061980996 33.5209250487 33.719297574 33.954801679 33.6197748377 33.4084377195 33.1123803243 33.165277464 34.4061870348 33.2079321708 33.8147080387 33.9360411173 33.8910615039 33.8837994916 33.4340205174 34.1582665315 34.2290549267 33.3112663435 34.2857824797 33.6556509102 33.8699273292 33.5105213129 34.2433633838 33.5199335347 34.4125530276 34.3966139384 34.0713689493 33.0291806607 33.7668322302 33.885024779 33.504699381 33.629000819 33.4971948739 33.1744663374
0 0 0 0 0 0 0 0 0 0 0 0 0 0 0 0 0 0 0 0 0 0 0 0 0 33.5127431416 33.1741946043 33.3805983894 33.9452787801 34.050701818 34.0659303668 33.8124163593 33.3448239111 34.160060435 33.8830045645 34.0458589699 33.5225568957 34.290256835 33.2000827665 33.1922743469 33.0263739363 33.4962643414 33.0258440552 34.1945552892 33.9324819696 33.7740084465 33.0014417898 33.5160646468 33.4440308488 33.2678050756 33.0125332179 33.5223760749 33.7623711329 33.7870099594 33.3237011932 33.1478526789 33.3751553787
0 0 0 0 0 0 0 0 0 0 0 0 0 0 0 0 0 0 0 0 0 0 0 0 0 0 33.7313488157 34.1449185152 34.2045024461 33.4425647088 34.4068996121 33.3355595844 34.2067505419 34.3695153488 33.3415322485 33.6661331869 33.373366108 33.7768650052 33.4994502472 34.1098401232 34.172742284 33.7649350614 33.3020565805 34.0476181926 34.0514167232 33.6903146704 33.0376154444 33.847162054 33.381302907 33.4170497972 34.2213061327 33.6568770317 33.1644558879 34.2896532243 33.4523816632 33.0734788026 33.9308518335
