Spatial_Output/DEC/DEC_0255.asc
NCOLS 155
NROWS 192
XLLCORNER 196307.867259
YLLCORNER 449144.565805
CELLSIZE 33.573938
NODATA_VALUE NaN
[rows 78 to 103 of 192, columns 57 to 113 of 155]
45.1216598822 44.9442900202 44.7896725876 44.6088412524 44.5501995264 44.9549535685 45.0360558006 45.0875349886 44.791980682 44.5374487616 44.7499146289 44.8813806316 44.9100126313 44.5659626843 44.5857925356 44.5904407112 44.8074331886 45.0182388484 44.93526581 44.5768066148 44.8849277138 44.6543850149 44.5622515631 44.9431591674 44.5790370933 44.6663522785 44.6749906311 45.1095646502 44.6624489184 44.810873972 44.9640255576 44.9650952761 45.1919831155 45.0901943465 45.1972469576 44.682727251 44.8444153432 44.7398892558 44.8021603078 45.1103674084 44.8678675303 44.5937968574 45.1681375105 44.7762105007 45.2020797953 45.085135069 44.8431255528 44.8544320428 44.9327455852 44.8230632036 44.7364749648 45.1102590145 44.6460015533 44.6923460556 44.5138499458 44.9228187491 44.7131129162
44.7718016182 45.1320719446 44.9998598943 44.7103261655 44.626532066 44.9274870199 44.8610074109 44.6002285434 45.0002385199 44.646249706 44.9767522856 44.8961589671 44.5052260175 44.7126828562 45.0408717116 44.7015018838 44.7663128188 44.6754306129 45.0263291682 45.039501324 44.7085155377 45.0847256541 44.6029079128 44.6409643854 45.0241201467 45.1215016541 45.1721919262 45.1093512668 44.693007319 45.0301731602 45.0362665299 44.5822942377 45.1664677473 44.5469796653 45.1864912438 44.7447844294 44.992654708 44.5305412765 44.8740894879 44.8786977289 44.9440222423 44.5623399717 45.0172634996 44.7764551444 45.04946222 45.0332202152 44.6807964816 44.7172666042 44.6482859365 44.6248706653 44.6981810627 44.7053248484 44.7679859415 44.7851994038 44.7844356032 44.6619691827 44.7893922847
45.0500796936 45.0115949628 44.7878788684 44.9412489248 44.8981934822 45.1902593282 44.7409446746 44.9568034104 45.1102383372 44.7636477354 45.0779899233 45.0372339986 45.1589619756 45.0579836876 44.5604903804 44.9875614684 44.9521378972 44.8694950267 45.0261427874 45.1632923798 44.8973941388 44.8719451331 44.7853782235 45.0669364101 44.6502772317 44.6594734966 45.1507556103 44.5456487668 45.0378648719 45.0915656121 44.9494727052 44.8820905982 44.9374857952 44.828382294 44.6136514177 44.6972655411 44.8158793078 45.1182153749 44.6410400361 44.7627380488 44.6846694898 44.6920384514 45.1417497837 44.6377232605 45.1561496471 44.796939927 45.144251759 45.1443279396 44.8267274791 44.969949839 44.5635537081 44.6077834972 44.8864954316 44.9431985169 44.7907642232 44.6293365497 45.0955595001
44.7030762717 45.1556722855 44.5969569666 44.7446322433 44.505461151 44.9217950825 44.7901602037 44.8268845598 44.8206552874 44.5416754172 44.9739920785 44.8711278498 45.0474442012 44.5171752341 45.1558991579 45.0154682545 45.1363873905 44.5435497682 45.0596419962 44.6861864191 44.6554652461 44.8145415726 44.7601964683 44.5516968487 45.1320614008 44.637065911 44.7948023719 44.8492996325 44.8764537342 44.5950113707 45.0269933618 44.9516307533 44.8125646571 45.1454324271 45.0508547466 44.9795579103 44.9080742414 44.6933525064 45.0151918117 44.83258288 44.7872145665 44.5582206267 44.5419338566 45.169774933 44.8719999332 44.7791040599 44.6107568025 44.7304997209 44.504228741 44.7454839157 45.1774445192 44.5662877522 45.086629998 44.6636474468 44.6447093901 44.7741621111 44.8239676486
45.0777568676 44.5398512417 44.6331394559 45.0972948646 45.0759598552 44.5081431364 45.0368307866 44.9398066217 45.0325260991 44.6856852901 44.8035133269 44.7695607044 45.1495349422 44.9156896554 44.8855411854 45.1692477888 44.513990054 44.9384812692 45.0919868967 44.8595634546 44.5583649552 45.1996473403 45.0427220585 44.6639473552 45.1279541088 44.77445698 44.7281217335 45.1672307349 45.0003775578 44.953979284 44.6113498915 44.628431894 44.9934446396 44.9335294465 45.140839026 44.5991947147 44.9350175693 44.6952845193 44.8255750842 45.0761340347 44.669620992 45.2049981073 44.8123744777 45.1899287373 45.0209495347 44.9470857182 45.1326224452 44.5880657239 45.0744864801 45.0140494436 44.8516846177 44.8613190621 44.5926988299 45.1815176005 44.5936548025 44.8100013309 45.0260535589
44.8764393908 44.6407585374 44.8165357856 44.8563678641 44.7723888495 44.6814500259 45.0600844744 45.1235840898 44.7538613303 44.880375786 44.856407442 44.5783400454 44.7441825008 45.0152692935 45.1595850182 44.8962223233 44.8354721717 44.8814244451 44.6536490629 45.2034882246 44.9671311302 44.6432494188 45.1054458729 44.9392818671 45.1903691784 44.7333263909 44.9800910893 45.0049695609 45.0027803767 44.6748230089 45.133779408 44.5699218968 44.7172808307 44.7360670613 44.92704562 45.0037121031 45.1483391642 45.0577263964 44.9210875721 44.5851830065 44.5545911122 44.9890111182 45.1020368852 44.6530110756 44.7909942985 44.8789881342 44.8112803061 44.8208406716 44.7970043551 45.2063128292 44.9928637673 44.6630865349 44.629604706 45.2045614776 44.5007827465 44.5444054553 45.1421956935
45.2005005274 44.5058633091 44.8024458296 44.9014454508 44.9634158866 44.8733394439 44.9817007258 44.6037537651 45.1870952192 45.131955709 44.9276110734 44.6611994539 44.6599045313 44.772082507 45.1763411201 45.0942225924 44.7999832692 45.0834906448 44.5188264777 45.1486359136 45.1046203198 44.7919021685 44.828188739 44.6806814419 44.6049530409 45.0342976981 44.949114846 44.7595474354 44.9093730368 45.1415261401 44.6488261398 44.5062751021 44.5990334793 44.5622112564 45.153282138 44.6321193795 45.1709060882 44.7461862016 44.9120583906 44.6496738711 45.0287672089 44.8268940555 44.9636985221 44.772863949 44.9733652735 44.9525598449 44.8237938689 45.1781953705 44.8577500882 45.1337752926 45.0887563391 44.5016908565 45.0749154835 45.1550487705 44.977519412 45.0708780711 44.7156968305
44.5476750511 44.8260601504 44.7647356283 44.5354887835 44.5654959392 44.5577518451 44.6148828723 44.8126784826 44.6728078797 45.0632757477 44.8134883283 44.8700956585 44.529710248 45.2035540106 44.6602789263 44.9596802297 44.5466911011 45.1346953058 44.5241009864 44.675510344 44.9759666748 44.6409965409 44.8039408732 44.8221342424 44.8166199675 44.5063732167 44.7831464024 44.5919631819 44.936558686 44.5397079491 44.9130213692 45.1314079363 44.7569034709 44.5866604059 44.7995912385 45.167557408 44.7108853097 44.7800270032 44.5043965945 44.6005774822 45.0425281764 45.1995722483 44.5175292013 44.7033737623 45.1441469774 44.7146754859 44.6025458909 44.8257990745 45.1466515035 44.5456510618 44.7898072812 44.6013258675 44.6494766786 45.0009195785 45.0801268699 44.7155338339 44.5387288294
44.83164421 44.6293348009 44.6426098747 44.6057232412 44.6024768652 44.8402881664 44.8382300721 44.8226898233 44.8555247871 44.6903828911 44.5356712028 45.1016488142 44.9312101325 44.6913878993 44.843503873 44.6528345213 45.18966527 44.5861068456 44.5289792727 44.6968584808 44.7580370545 44.7862720344 44.6641300791 44.6891873746 44.6525861209 44.9830786194 44.5319674226 44.737243339 45.1993023468 44.8138639531 44.8388193518 44.719264132 44.5789327316 44.5786369023 44.6499167313 44.5764754774 44.5683825553 44.6297147927 44.9895774366 44.9821196664 44.81079064 44.5538257149 44.8398296052 44.5810929956 44.7926098656 44.8518509875 44.715365378 44.7743596822 44.5305798779 44.6595179484 44.7225940782 44.8529824751 44.7622086396 44.9890605663 44.8252249535 44.5199913511 44.5094558237
44.666274186 44.8817736108 44.8368108862 44.7928233983 44.7445227582 44.6536417323 45.1170473646 44.667309469 44.7952612096 44.6198730881 45.0783323811 44.7435865955 45.1775869723 44.5430504492 44.8075756984 44.589700003 44.6745095451 44.8457557583 44.909684396 45.0312229571 45.0510139393 44.7856238158 44.7869411587 44.6144783592 45.2008663215 44.6576188872 44.5432562307 45.1730509462 44.5705311198 44.9953550596 44.8074560423 45.0175877664 44.7910066683 45.1644463889 44.8685491267 44.9898790206 44.5291833419 44.9692404209 44.8642011363 44.7431698297 44.8995558904 45.0734337764 45.1813727028 44.9758628729 45.0167606552 44.5821334869 44.6195951125 44.9103902036 44.7206255587 44.739911643 44.7121744611 44.5499495631 44.5743878977 44.7459997827 45.029290797 44.8333975139 44.6290817222
45.0153687074 45.1150327214 45.1445188024 44.9278574407 45.0374377139 44.8544820401 45.1281176685 44.8954336521 44.520256837 44.5399681596 44.9873896583 45.1564241786 45.1881270818 45.1487802421 45.1630788492 44.8949320985 44.7309515088 44.6683042438 45.0012924269 44.5583667407 44.5640003302 44.8863318662 44.7146385212 44.8929339013 44.8169206152 44.7583153613 44.8729516195 44.9894786836 44.8537170429 45.0885382773 44.7122197441 44.9224899803 44.9339806143 44.8903569688 44.5360644453 45.0633749383 44.9849439082 45.1292006678 44.7101526201 44.9566602459 44.778544206 45.0317809934 45.1655044172 45.0865112042 45.1550971181 44.9881722539 44.5318027731 45.1777721525 44.9081557183 45.1054026065 44.5603695105 45.0244779173 45.1833630554 44.6904921159 45.0823819884 44.8912877317 44.8853896787
45.2000119006 44.7140843179 44.9990111982 45.0727365304 44.6012473092 44.8825989915 44.7582211599 45.1129363929 45.0388417361 45.0464371367 45.0515565588 45.0265607249 44.7356489432 44.5208019509 44.543097028 44.6460544233 44.7606249747 44.592568096 44.5579075064 45.0248409842 44.6417262649 45.1463609941 44.5593634288 44.642096032 44.5309350045 44.7750623176 44.576646535 44.6592784249 44.5415298039 44.7217388087 44.6755964022 45.0400222722 44.7676277453 45.1069140468 44.6508351746 45.0446940091 44.6028660999 44.5550143855 44.6146158882 44.954525654 44.9723609201 44.6183968326 44.6748237621 44.6257412152 44.8189094435 44.7449334586 45.0161655582 44.7448788062 44.927491732 44.8317076038 44.702007861 44.991664982 44.8987511352 44.5943980125 45.1691735919 44.8816135949 44.6456077471
44.5479375646 45.1958439056 44.8202652927 45.0257328131 44.6727129608 44.6429893013 44.8214576991 45.0129210707 44.6881848646 44.6723601253 44.731202112 45.0867055073 44.6797443435 45.1603224809 44.724700868 44.6542142628 44.8890320613 44.6931086619 45.1806611363 45.107691077 44.8499586514 44.6148672444 44.9055460448 44.5205372024 44.5443261616 44.6170132922 44.946384014 44.5325731767 44.6998717804 45.0223880123 45.0840201315 44.8121396015 44.6985472443 44.6174753658 44.9384513405 44.5997782175 45.169754874 44.7109217805 44.7200724201 45.0203140052 45.1225475468 44.806089331 45.1161458942 44.8323585251 45.1094953293 44.6030529989 45.0785470065 44.5216062573 45.1173853107 44.8329075615 45.1115129619 44.5302153186 44.5095712419 44.8634816097 44.5715946147 44.9888142615 45.1969095902
44.7713421242 44.5188855821 44.6212852551 44.8392343955 45.1354499647 44.8602521706 44.9452542926 44.5183543244 45.1920313478 45.1779088337 45.1794999598 45.1821244522 44.5027361172 44.7429302443 44.7408278476 44.5085499031 44.9648205945 44.672086841 44.9178562631 44.9981915188 45.0042206936 45.2040271544 44.9725756849 44.7592762956 45.0819804317 44.9883956452 44.7495080668 44.5229032119 44.9390100876 44.7061792832 44.8172487884 44.8212135554 44.7507280609 44.8674543109 44.6667464413 44.532205515 44.506722309 45.0842981046 44.5399015527 45.1683823269 45.0684891032 45.1671937512 45.1080242809 44.8617642902 44.9785951595 44.9533820596 44.5971130011 45.1754685214 44.7060190124 45.1749322252 44.5887434665 45.0279463828 44.7916709582 44.6620933708 44.875519027 44.7786475654 45.0767442383
44.6480015469 44.7897562834 45.179584557 44.9636748888 44.7710954546 44.91488816 44.8119828128 44.697093161 45.095845201 44.6962559154 44.7303660445 44.6313993799 44.9040783573 44.7401636721 44.6535668524 44.6404940794 44.9940942129 44.7684266721 44.8212075601 45.0533274873 44.5161195361 45.0357916576 44.5624843197 44.6025793797 44.5284690644 45.1969548229 44.9422052412 44.7953462435 44.5519884996 44.6791010434 44.9443491575 45.1228400204 45.1180614983 44.5507376378 45.0650518944 45.1211092914 44.9998088235 45.0213822653 45.1610474579 44.6024534893 44.9071301118 45.2010180349 44.7918352608 44.5892324188 44.8427299315 44.849963768 44.6328165478 44.9397240867 44.6592228403 44.837858126 44.8094564901 44.5550688706 44.5271667532 45.0333133439 44.7754632224 44.6622324945 44.8567631864
45.0046786973 44.9301380307 45.0790091778 45.0302650758 45.2059141337 45.2018095361 45.1188537935 44.6001257626 45.1058444232 45.1229864056 44.987893635 44.8823057021 44.6744813509 44.7601750562 44.9749451621 45.0964044392 44.5041713453 44.8508687664 45.0680545644 44.7903619682 44.8037710087 45.1601075685 44.6599875455 44.5129314473 45.0832565064 44.5210623812 44.8702369799 44.5292118172 45.1320753464 44.9977285635 45.1521060932 44.8662931869 44.7525255133 44.5831701095 44.5836188393 44.9111830313 44.7082025145 45.1511337688 44.8589655657 44.9789067282 44.5086685466 44.5487276724 44.7095024918 45.0068521801 45.0223166599 44.9356240239 45.1085451894 44.5164686222 44.7575941632 44.817590474 44.6737106589 44.6440548654 44.5529495988 45.1746776274 45.0924969003 44.9288179603 45.0999487835
44.7658487649 44.5026726425 44.6867660335 45.0834668204 44.9126278616 44.8887930557 44.7068282923 45.0950360541 44.5845277313 44.8155912217 44.8703878317 44.780584603 44.5887865881 44.7148695461 45.1774964204 45.0858931217 45.1563691201 44.6580281657 44.7836267228 44.950057091 44.6328438066 44.5847678152 44.543510638 45.1274685145 44.5774119078 45.1106380883 45.1804068632 45.0295524229 44.8236118999 45.1991415373 45.0294662744 44.5481257854 44.9968979602 45.2028729201 45.0888015009 44.7012240239 44.7739920979 44.6387837128 44.560536239 44.9498473542 44.5799028364 44.9401723594 44.8160378455 44.7321650748 45.1092915498 44.8954607389 44.5839515574 44.6163792368 44.6722700349 44.6265052779 45.2003988473 44.8284549787 44.5016403205 44.5724344654 45.0826472986 44.694068748 44.8305654176
44.95342861 44.7178551157 44.8657650928 44.6321343042 44.8184743704 44.5666580021 44.7529678442 44.7136996994 44.9048087755 44.602922723 44.7646841438 44.6773495618 44.5067461187 44.7512979067 44.9988387486 44.9116269871 44.6663677447 44.6295915691 44.9296322093 44.8429204164 45.0606287648 44.581835363 44.8953041715 44.5257021289 44.671336892 44.8136844377 44.7721987421 45.0137526819 44.6166145069 44.7539621333 44.9385278501 44.6973130208 44.6624615267 44.7821269353 44.7563528899 44.9014312197 44.5168735783 44.5038277194 44.8033828739 44.8471433565 44.5881729833 44.6690465775 44.8913375325 44.8437256655 45.1523825028 44.8628869191 44.5664987204 44.8049987836 45.1169316619 44.7878104835 44.9461343509 44.9738344667 44.5206538785 44.6728558539 45.0274495797 44.770164216 44.9747563547
45.0001100685 45.1439096885 44.5118309687 45.0290301699 45.0375654254 44.864228709 44.6187558712 45.0727247066 44.5124315907 44.9240923416 45.1894805769 44.6715001438 44.9702104303 44.6315069378 44.5396590983 44.9928139118 44.5087521691 44.8589011701 45.189693829 44.804481039 44.92628592 44.6546668382 44.9349910218 44.9654458075 45.1835814106 45.0405109087 45.1334258026 44.6225135636 44.762403504 44.8859863807 44.9492649229 44.5189207221 45.147154023 44.7940027036 45.0424940966 44.8789667798 44.8357347198 44.5728780666 44.7232956723 45.1987098898 45.0396516701 44.9377216683 44.9497771199 44.5548658709 44.7684170651 44.5193116712 45.1933998668 44.8963307772 44.6115948133 44.8171681315 45.0419504893 44.8950076033 44.5628954545 44.774036357 45.0169960194 45.0229627133 44.7776625664
44.5609565868 44.8646383599 45.1397788201 44.5219989397 45.0058229427 44.5866521248 44.6182320806 44.709595084 44.778619043 44.6909633933 44.6605525594 45.1916828376 44.7730842365 44.8830056525 44.6300145735 44.9148154269 45.1383161238 44.7441198361 44.9314469618 44.8202746059 45.1601145868 45.0266527088 45.0287737647 45.0106534517 45.1743707742 45.074645944 44.5559805361 44.5252550404 44.5790427048 44.6236805159 44.9615024929 45.0556483317 44.8445929034 45.0296739661 45.0280674323 44.8976342853 45.1510156224 44.5325710513 44.7951741945 45.1661669322 44.7497195842 44.8375579341 45.1819511064 44.7363170868 44.7003786252 44.9233580765 45.113697931 44.6948369004 44.6431765883 44.5558309147 44.8288870568 44.7490499067 45.0638329774 44.9330457367 44.5771555794 44.9918068861 44.6679633647
45.1516608657 44.7427006314 44.9300518864 44.827664346 45.1488478872 44.7136998862 44.9702825792 44.8558594669 45.1094533009 44.8164599146 45.0990023469 44.8014216511 44.7441596702 44.7850791821 44.5451511407 44.9018760528 45.0110892022 44.669172548 45.1455477596 44.9896006702 45.0092498012 45.013448562 44.6269452934 45.1960418795 44.8198491983 44.639443462 44.8635461032 44.9133458293 45.1094220157 44.8387773589 44.9331763492 44.8749191112 45.2025095431 45.1012967317 44.8068932081 44.7322696979 45.0842733341 44.775384291 45.0300243471 44.7436755117 44.8049571089 44.6353355552 44.6392143231 44.8819804201 44.620593428 44.5981006124 45.1759812334 44.5432571782 45.0053220289 45.0981021347 45.1297799119 44.6054757297 44.7475640835 44.9169735885 44.8488936394 44.7355157379 45.1353995724
45.0858697096 44.5079509953 44.5338463604 44.8028490026 44.7621533974 44.528008455 44.6828535871 44.6419936881 44.6642679442 45.0788810734 44.9805516929 44.905944414 45.1079447985 44.8602685586 45.1291604645 44.8193530581 44.5409937482 44.9962307291 45.0443686126 44.6454800357 45.0622187562 44.5494580271 44.8686638241 44.8745774336 44.6838996092 44.5534232078 45.0914322787 44.7921163035 44.8629587888 44.6980025716 44.6620093066 44.5636362715 44.8617786622 45.2036322938 44.778118237 45.0182462082 44.969032861 44.8996965278 44.9704385894 45.0097318387 44.8725915981 44.9034045449 44.7679022377 45.1231882051 44.8788904875 44.955988075 44.6863172175 45.1324297962 45.1061974334 44.7847643861 45.113453104 45.1204142373 44.5524663597 44.7917356445 45.0300004781 44.8070800429 45.1716037659
44.5346710232 44.7365191722 45.1758451938 44.8579207136 44.8555307362 44.5676539894 44.61639897 44.8883705089 44.8847956518 44.8555722975 44.6010945845 44.7334099057 45.1109393515 45.0782790438 44.8313666059 45.1045692969 45.1224194324 44.8829660933 44.6037101781 44.5982571978 45.0838294022 45.0887610044 44.5258989577 44.6972283047 45.027291806 44.9425615094 44.5424582159 44.9185453269 45.063236009 45.179235349 44.5852723428 44.5474364993 45.0328008899 45.0764129129 45.2060140001 44.82449059 44.8485809996 45.1597417643 44.6216767693 44.9912664682 45.0332583696 44.6505950617 44.881476459 45.0184350702 45.2009369474 45.0154667154 44.6563326441 44.6620491882 44.5183857983 44.693161922 45.1986874389 44.770157894 45.1441582452 45.1108000892 45.0076262412 44.977580942 45.1725613924
44.7479135006 44.7082298046 44.9925256545 44.8571054972 45.0749953542 45.0011292755 44.9004842501 44.8190906434 44.5448920222 44.769331263 45.1240499365 44.696914285 45.0625302179 44.6533133627 44.6594088979 44.8892600714 44.6218719763 45.1293092619 44.6707101965 44.6993607032 44.7629065734 44.9149401388 44.9754291991 44.9099220117 44.9861975757 45.0338294217 44.8203385227 44.685247951 45.164909192 44.7272586938 44.9925068276 45.202941341 44.6152345107 44.6938191181 44.5605198058 44.5410935645 44.6199119653 44.9084992103 44.5520153026 45.0671906279 44.7731628568 44.6462480147 44.6781414616 44.5153131509 45.0689078645 44.9349898322 45.0242518793 44.5774493678 45.1840467354 44.8334702132 45.1449117029 44.9409500853 44.9519575704 44.5025819618 45.0704339402 44.6817961622 45.1701161138
45.08065836 44.5628163583 45.1483532416 44.5447452713 44.7863244172 44.6756158081 44.9978443713 44.6962527857 44.6154920755 44.6583909995 44.7093389867 45.084924387 44.9405107847 44.5912368079 44.7162969094 44.5981972403 44.7611106463 44.6584118531 45.2047250178 44.9899374548 44.5255584414 44.9036948804 44.545785745 44.6093841407 44.5668667956 44.9665793968 44.8561989944 44.7077583042 45.14336379 44.9198151006 44.9891222009 44.5483436856 45.1918663093 44.8363732876 44.5276999837 44.7893472204 45.1328758269 44.5676245878 44.7209645134 44.6663726317 44.6030370307 44.5839239595 44.5254829978 45.0558151429 45.1091966255 44.8185807101 44.8312290776 45.0115571129 44.6866478503 45.0079780126 44.533805052 44.8767685081 44.6658400046 45.1702203236 44.9124406064 44.8397348208 44.6293515272
45.1737991308 44.5780833112 44.8677202625 44.9286722936 45.175811797 45.011960675 45.1970678515 44.7843546642 44.6039022868 45.1231316705 44.5424597862 44.711624047 45.1888388719 44.8290154109 44.9484390603 45.1174130338 44.9544235938 44.66349741 45.0238531404 44.5070981176 44.6568600685 45.0328050932 44.6292087105 45.1230940116 45.0949423161 44.8706446834 44.8329525793 44.6113583398 44.7956753615 45.0130943907 44.8564699477 44.7376712908 45.1035008566 44.7853037018 44.7817026454 45.1821549991 44.6112794497 44.8820574229 44.5966867306 45.0111448076 44.5681035839 44.7375785934 45.0061468781 44.573668116 45.1642864527 45.1338845851 44.6608330635 44.7942010289 45.1519237581 44.826902083 44.8787831051 44.699741104 45.1338516551 45.0742014674 44.7721770541 45.0695423192 44.628727095
