Spatial_Output/DEC/DEC_0518.asc
NCOLS 155
NROWS 192
XLLCORNER 196307.867259
YLLCORNER 449144.565805
CELLSIZE 33.573938
NODATA_VALUE NaN
[rows 78 to 103 of 192, columns 0 to 56 of 155]
0 0 0 0 0 0 0 0 0 0 0 0 0 27.9741951514 27.3494968023 28.3564446538 27.7343835427 27.8198511842 28.0583263794 27.3939418634 27.9210907389 28.2944203643 27.2302643129 27.9299263741 27.771333368 28.3090936852 27.9973512716 27.1209242474 27.3180260407 28.4001393692 27.3785255591 28.1106434649 27.3361663744 27.1116047076 27.4218511181 28.3583352078 27.0039275655 27.3708512435 27.8082796367 27.1007341537 27.9164181145 27.2888162218 28.3214764138 27.8943863395 28.3333937744 27.568364324 27.0809308664 28.2401654875 28.2088467231 28.3493086871 28.0750583096 27.7614047837 27.9712300576 27.74445556 28.4056298254 27.2510676184 27.6445223173
0 0 0 0 0 0 0 0 0 0 0 0 0 27.3955895082 28.3580556121 27.2345582515 27.2664786414 27.4233495889 27.4986430076 28.1230163448 27.2627225427 27.7688045034 27.5216497022 28.3559549614 28.002162723 27.1879178232 27.3135248076 27.3275201829 28.1245620071 27.6134174688 27.8198993329 27.4499161693 28.0538948515 27.4045033309 27.3931344107 28.0606046353 27.6611220285 28.1200769208 28.3540156005 27.0661030524 27.7973671791 27.5271787762 27.7857364545 28.4113916953 27.5946011606 28.3991643342 28.2062394765 28.2750930572 27.4258100662 27.4179822218 27.7258197265 27.2018921688 27.5254489587 27.2171517239 27.2605056259 28.2978551412 27.2268661181
0 0 0 0 0 0 0 0 0 0 0 0 0 27.1108211375 27.7843388817 28.3685520518 27.2292702243 27.7460846651 27.0365860624 27.5403287461 27.0370901149 27.1116404297 27.9731393268 28.0369573065 27.5422175696 27.1584320783 27.8710801663 27.4120601567 28.0264020756 27.2535365919 28.3178631132 27.4997334479 27.3724961587 27.0868522356 27.6664159222 27.3092863833 28.2011437383 27.2148035697 27.0364833296 28.0936346127 27.2492345588 27.9099213119 27.1145799351 27.8569863957 27.2486058254 27.7664233142 27.9806510375 28.1575017424 27.0573795281 27.6971053302 27.9026451455 27.8147461632 27.2011931801 27.3600690367 27.0173478751 28.327800394 27.3313822394
0 0 0 0 0 0 0 0 0 0 0 0 0 0 27.7392297238 27.6627686999 27.3856973615 28.0102610414 28.3386021917 27.7010746136 27.3935528059 27.7023886806 27.0219230531 27.6193717716 27.6478360063 27.2649546429 28.2129234375 27.2985049138 27.7046831148 27.70135075 28.2172589837 27.7104639826 27.7037449442 28.3547772456 27.6420522269 27.1423830763 27.1610703083 28.2711922793 27.0388835989 27.0860333305 28.3589120648 27.0012883412 28.0634065423 27.9039633482 27.0595025816 27.1213496521 27.3011742748 28.1461948498 27.486808138 27.6948413253 27.3906372495 28.1011601298 27.5191606675 27.4586653563 27.6503944899 27.8009220317 28.2222291878
0 0 0 0 0 0 0 0 0 0 0 0 0 0 27.1503469377 27.7709256294 27.0247728491 27.6516618493 27.3341302564 27.0523717816 27.6208420916 27.3262998546 28.2111157405 28.0802511534 27.9371070278 27.168427887 27.865178213 28.4127497996 28.011943763 27.7641860243 27.7122988188 28.2713940206 27.3502196776 27.1837479697 27.8482588132 27.8073925095 27.1017229864 27.5134858035 27.7183131422 28.0972872644 28.1880360817 28.3152419105 27.9642461471 27.2341217671 27.3859206514 27.9391525063 27.2252641196 27.4241262869 27.8756981876 28.0153181917 28.4088324708 27.7784703127 27.8402344093 27.1174547533 27.9144616267 27.1261430592 27.2717752883
0 0 0 0 0 0 0 0 0 0 0 0 0 0 27.0414630683 28.2927919552 27.2770302284 27.3509654248 27.7309350085 27.6511053345 27.1090631096 27.4647023256 27.8387185015 27.0622596202 27.4084104515 27.4401721652 27.0797130141 28.3524725696 27.5251243941 27.6854385463 27.8611013854 27.2734742194 27.2871522708 27.5507086257 27.7281956056 28.043572481 28.3130201874 28.076203865 27.6841788801 27.6442909085 27.5298849456 27.033475091 27.5746228317 28.1688503924 27.1378048156 27.6245215137 27.9487658044 28.2101724407 27.0550611178 27.5863670108 27.3817193434 28.0892424281 27.6425882807 27.5286533826 27.4537206485 27.8635859167 27.79910347
0 0 0 0 0 0 0 0 0 0 0 0 0 0 27.9707222382 28.3581716803 27.98612514 27.1481283918 27.3744266552 28.257622172 27.872130227 28.0508672149 27.546062827 27.6014260836 27.9664375629 27.4684060134 27.5856497807 27.4453576457 27.5487663107 27.9126932318 27.2696776473 27.1458082407 27.3461553837 27.0240606509 27.7752349046 27.591636943 27.2568892167 27.1611141672 27.3471050876 27.8157868563 28.332474713 28.2802540155 27.409187836 28.2072762229 27.0375924582 27.8372697086 27.6711817962 27.4347898589 27.0054658309 27.2025380293 28.0617588462 27.7088979588 27.2448639315 27.0601527247 28.104368698 28.1669234152 28.2557695564
0 0 0 0 0 0 0 0 0 0 0 0 0 0 27.1363604401 27.9996941106 28.3413352497 27.0380296064 27.0584614911 27.9146438525 27.0239163506 27.4425044769 28.1920781806 27.5663018116 28.1730903823 27.6091799986 28.2361109544 27.8884771404 27.1017990666 27.7974236743 28.1764886938 28.4005621964 27.5078855551 27.3515561294 27.3190355444 27.1178179729 27.458000721 27.0309094944 28.1590520999 27.4423838708 27.5816522757 28.1056688631 27.2082728772 27.3535458081 27.2622229292 27.6508295494 28.1590819596 27.8179925922 28.2961626784 27.5301566145 27.1220664627 27.0878088666 27.0255108182 27.6305381328 27.183667325 28.4039095847 27.0124911096
0 0 0 0 0 0 0 0 0 0 0 0 0 0 27.8585146497 28.0261498639 27.1061141909 27.284114782 28.32514724 27.6772041768 27.4771404458 27.7856721357 28.0883278935 27.1979387457 27.7305085885 27.9148397634 27.4467567378 28.1924255067 28.2393016587 27.7527060109 27.9811080571 27.355455132 27.7650741006 28.0607514623 28.1807816766 27.7386002688 27.4106719752 27.9550204511 27.592501545 27.4561766927 27.8430864892 27.6303355139 27.9618098624 27.3183252433 27.4384224086 28.3767440296 27.6059413689 28.2877065828 28.3924874857 28.0796268492 27.1214623077 27.8484356329 27.4184726113 27.392358649 27.1806312822 28.0281881627 27.5552629342
0 0 0 0 0 0 0 0 0 0 0 0 0 0 0 27.4608952629 28.2819967521 27.9013411554 28.0475200415 27.6256067031 27.7166948509 28.3945794944 27.2477372083 28.0340784224 28.3830739596 28.175406243 27.3060898618 27.0700858375 27.4916621452 27.9280152166 27.9056046316 27.3471152423 28.0874048443 27.1424905354 28.2568166292 28.2708702751 27.4732103084 27.7638048638 28.1492695798 27.0771295605 27.2700796643 28.1888822822 27.4786807379 27.6224227001 27.5578486007 27.9899601792 28.3778364467 27.6724128911 27.1305830353 28.0820523916 27.4900880895 28.2792673867 28.0431531486 27.9333145074 27.3615912688 27.8214623445 28.0421273152
0 0 0 0 0 0 0 0 0 0 0 0 0 0 0 0 27.3167529948 27.143624879 27.0928769729 28.3604536995 28.2344625734 27.7665545032 27.9224292656 27.1617879983 27.9019057992 27.6536461081 28.189033621 28.026846481 27.5183947377 28.169169132 27.2954228278 27.6221289359 27.5548139872 28.0781581901 28.3245965755 27.4832026336 27.4156253083 27.6688659192 27.7358310605 27.4845767326 27.8186517503 28.2498041601 27.0787379105 27.2963611604 28.1452891088 28.0346171421 28.1428835159 27.8343544089 27.6367032665 27.37189183 28.4111113539 27.0855526767 27.1962247861 27.1932614274 27.0850065364 27.802897191 27.7793343312
0 0 0 0 0 0 0 0 0 0 0 0 0 0 0 69.7571762143 69.7571762143 28.4044953676 27.7259328548 27.701788647 27.4561384639 27.3325046826 27.4287829229 27.4507840751 28.0162577525 28.2981909932 27.9617848306 27.846577205 27.3824407649 28.0732262254 27.5666120726 27.3931705917 28.3942506224 28.3578400781 27.3876330066 27.5701557485 27.6220224211 28.3814597105 28.4042760779 27.2476429205 27.1159686317 28.3813913581 27.47651854 27.1075833201 27.7027451083 27.5695492289 28.2904074885 28.0450821437 28.0328027241 28.1187992971 27.7940648342 27.1196046879 27.4322615004 27.4987586066 27.467116011 27.8663259334 27.7972362598
0 0 0 0 0 0 0 0 0 0 0 0 0 0 71.1128159093 71.1128159093 69.7571762143 0 27.7568067705 28.1940014697 27.9395713871 27.3428742329 27.5637392875 28.0783836531 27.882230338 28.1079814765 27.0151413108 27.337244818 28.277465165 27.131542352 28.15570678 28.0623587406 27.6982887608 27.9906078287 27.5429855245 27.8940636921 27.3269626126 27.6223176683 27.3956554735 27.0776491404 27.2340047277 28.2639418543 27.2462679846 27.551514137 28.1802079075 27.9123966354 27.8511998529 28.1706119844 27.4396541445 27.8474831029 27.5741064426 28.0759840984 28.0958401265 27.0762663057 27.4227023776 27.589638606 27.9173040509
0 0 0 0 0 0 0 0 0 0 0 0 0 0 71.1128159093 71.1128159093 0 0 0 27.063949859 27.4359653715 27.3900460185 27.4477464456 27.1326928981 27.8935157075 27.4710734825 27.3517334318 28.1901107434 27.1587833087 27.0306380724 27.573497358 27.8700574933 28.0432017146 28.2817667565 28.394194078 28.3356797972 28.2315751865 28.3046846501 27.5643586023 27.3836890964 27.1639695659 27.8299252683 27.2676761205 27.8817346403 27.4426640545 27.3570820678 27.6466475842 27.1503960451 27.7576730478 27.9466642799 27.2362854573 28.1505600303 27.0275439796 27.9588075462 27.5342989213 27.3571987255 27.9516180763
0 0 0 0 0 0 0 0 0 0 0 0 0 0 0 0 0 0 0 28.2048470359 27.6084745785 27.1363829461 27.3509515668 27.0749559558 27.5272272759 28.3395730968 28.0767072223 27.3952518351 27.8339861065 27.0904225527 27.883767557 27.9205445187 27.699322275 27.7659423433 27.8935060081 27.9570758103 27.038759687 27.8869747962 27.8281617136 27.6063807471 27.5435896135 27.6806956662 28.3683391137 27.9189289197 27.1745296153 27.731314213 27.0601836124 27.3232497854 27.3039842751 27.9735010242 28.2396530802 28.2106694751 27.5462741246 27.3573814411 28.0431749843 27.8902308208 27.3765882505
0 0 0 0 0 0 0 0 0 0 0 0 0 0 0 0 0 0 0 0 27.5015003633 27.1517509797 27.409578678 27.8073261239 27.1451985976 27.4661299499 28.1896424664 27.1141329041 28.1509734353 27.6183047479 27.1757724866 27.3321797584 27.4860962554 28.1633841668 27.740081647 27.6686520725 28.2187573772 27.9169817631 27.3215406411 27.3989010067 27.8877843411 27.6856832199 27.2443463955 28.0923140402 27.4266092266 27.3761053877 28.028625542 27.9393782347 28.2032212724 28.3267138486 27.6886837385 28.2620306415 28.3895459436 27.8519788102 27.3512558051 28.0252481068 27.9437511067
0 0 0 0 0 0 0 0 0 0 0 0 0 0 0 0 0 0 0 0 0 0 27.5511956959 27.0032738333 27.4628249694 27.6450570593 27.4595797465 27.5065228987 27.3676609059 27.8069070117 27.0631998067 27.424816249 28.0962069666 27.6706433723 28.3001831501 27.4891092178 28.2374665707 27.2413227563 27.053880648 27.9704159037 27.7322204655 27.6992188943 27.3028078507 27.8933634406 27.5058383292 27.1164692862 27.1095840253 27.4870613074 28.1860526866 27.8809687896 28.2581887206 27.6235955978 27.8746519037 28.3516398934 27.3141754106 27.2720062782 27.7666968315
0 0 0 0 0 0 0 0 0 0 0 0 0 0 0 0 0 0 0 0 0 0 28.1278237233 28.0322345076 27.5749914522 27.5547557455 28.2811895213 28.2039038558 28.2639784531 27.7170962219 28.3030203377 28.2542307225 27.4987400847 28.3426185801 28.2567897429 28.3559301323 27.0732029526 27.3664169278 27.4952134272 27.1614901826 27.9582088331 27.7071272868 28.1211024148 27.6656173762 27.2878205034 28.181549689 27.7915635762 27.1400353176 27.8671164371 27.5072708316 28.0788261796 27.2977329477 28.4063863661 27.9291065652 27.1244074 27.0141621018 27.6397722002
0 0 0 0 0 0 0 0 0 0 0 0 0 0 0 0 0 0 0 0 0 27.5518720685 28.3713825706 28.1287992246 27.7696803869 27.3882019133 27.2220641944 28.1536435318 28.1555475127 27.2281675335 27.3470986445 27.6555354595 27.4457299202 27.2950705619 28.252094215 27.4903622323 27.5818704577 27.393618378 27.9279495851 27.9881295631 27.5924024198 28.4012221651 28.2270761866 27.6711670301 28.1022446839 27.9323085143 27.0289799162 27.7102636035 27.3236121022 27.6438310907 27.4278958258 28.3961188098 28.1817083895 27.4440979234 27.042803621 27.952521106 28.4058647662
0 0 0 0 0 0 0 0 0 0 0 0 0 0 0 0 0 0 0 0 27.6222414751 27.32685084 27.0075240326 27.7987117522 27.4096792664 27.3590740509 27.2600066658 28.2614655673 27.8683209508 27.1918720206 28.0170939664 27.453686156 28.0310659074 27.2005941557 27.2156190564 27.0931217702 27.7047990866 28.0336775493 28.1088583857 28.2468460735 28.080695537 28.007254828 28.3265805663 27.0771310814 27.6752441609 27.9005305992 27.5877683916 27.2585768364 27.4871322966 27.2724891966 27.3558839418 28.0613182337 27.5918051942 27.4190383339 27.3380424719 28.1019805503 27.0385209235
0 0 0 0 0 0 0 0 0 0 0 0 0 0 0 0 0 0 0 28.0046807621 28.1479824882 27.8312332139 27.4554957518 28.2323317588 27.6264613294 27.9322921689 27.2927240639 27.1441420813 27.026760155 28.1263718126 28.4039834911 27.4476917541 27.1656947248 27.2462957975 27.2299015313 27.8774364869 27.2651680671 28.3658089008 27.445845968 27.8698186127 28.3466164252 28.3229975152 27.4678151778 28.1940109727 28.1847156278 27.4265247887 27.6800465961 27.7901254563 27.1459570873 27.3720964422 27.6183905854 27.9802260801 27.0609479139 27.1235646966 28.2569448277 27.6565778338 28.2711980463
0 0 0 0 0 0 0 0 0 0 0 0 0 0 0 0 0 0 0 0 27.1033229057 27.2477665022 28.1278043681 27.3724277266 28.2065117798 27.1206150095 28.2467064723 27.7794370836 28.3368086333 27.0338237941 27.2785072232 27.9235402754 27.6912137929 28.1361989358 27.9363936417 27.8250080107 28.023111951 27.5567847062 27.6872054693 28.4042921914 28.0613729498 27.3716822575 27.1430037234 27.7966969628 28.0462184121 27.1039777433 27.3545697267 27.6010282469 27.4600629239 28.3010507192 27.6070812619 27.1172552313 27.533425532 27.5757538476 27.2314057741 27.8963912844 27.1748594603
0 0 0 0 0 0 0 0 0 0 0 0 0 0 0 0 0 0 0 0 0 27.0578508557 27.0373282899 27.8140465175 27.3582460181 28.2806400204 27.0870562356 27.6518089749 28.1905449274 27.7353649875 27.4148253391 27.6621412436 27.4680493304 28.1555889149 27.7276012001 27.7902870767 28.2710366118 27.5207752218 27.9918911218 27.7949351866 28.2078178225 28.2634680368 28.1734102253 27.5297049653 28.3379502832 28.2103755527 27.7483769576 28.1861348883 27.1323848901 28.192656229 27.1360776124 27.6970494071 27.7419383866 27.0485311991 27.2498230562 28.231154883 27.7269077124
0 0 0 0 0 0 0 0 0 0 0 0 0 0 0 0 0 0 0 0 0 0 0 27.6329379164 27.3406527142 27.8987606571 27.4555372677 27.2382458285 27.4924388607 28.1986629611 27.6443446677 27.3801065402 27.5793018844 28.3527485021 27.0978760109 28.064518165 27.5876440119 27.8153125204 27.8672775223 27.0557876169 27.4411151826 27.4434937313 27.1305979753 27.0957805983 27.3266486015 27.3655587796 28.0087438113 27.9838944179 27.6095892344 28.1810613535 27.5164787044 27.2861010762 27.9828598767 28.0366400163 27.0222154635 27.8804156931 27.398855689
0 0 0 0 0 0 0 0 0 0 0 0 0 0 0 0 0 0 0 0 0 0 0 0 0 27.8851356957 27.4422446611 27.3735222399 27.5025772395 27.5099115582 27.7694272621 27.7639125493 27.7048224545 27.3940783396 28.2319664608 27.4566888992 28.1773240756 27.4306889598 27.8607422256 28.2610033951 27.5224006528 27.079405499 27.8298406624 27.4612864301 28.0978048684 27.2708579636 27.4871552808 28.162755541 27.4900974348 27.2053989587 27.6380177948 27.051154118 27.2168792867 28.100212353 28.3391625216 27.7401414343 27.8754110792
0 0 0 0 0 0 0 0 0 0 0 0 0 0 0 0 0 0 0 0 0 0 0 0 0 0 27.9299604297 27.5794537729 27.9525382405 27.0624394967 28.277250083 27.4666858827 27.0121252815 27.5957630026 27.3176754899 27.9496526835 27.5708872089 28.0826275004 27.5502415846 28.235316461 27.9746507415 27.1043135066 27.3254969391 27.6310789002 27.5579770238 28.0282254259 28.1544103864 27.372539757 27.6095073569 28.0987734768 28.1179180797 27.8134902746 27.7048120056 28.2541163243 27.9362022909 27.1538731481 27.5564712312
