Spatial_Output/DEC/DEC_1344.asc
NCOLS 155
NROWS 192
XLLCORNER 196307.867259
YLLCORNER 449144.565805
CELLSIZE 33.573938
NODATA_VALUE NaN
[rows 26 to 51 of 192, columns 57 to 113 of 155]
33.8612677085 33.7810363981 34.2427001311 34.1380451532 33.0069254777 34.0832741499 33.6428123344 34.2110240049 34.2214694278 34.0143668101 33.5256933871 34.2042448776 34.1394998343 33.0508872659 33.2220266848 34.0381496042 33.8229970816 33.3569232629 33.9530429694 33.7115760038 33.4969175081 33.3491887517 34.0521332936 34.3011734721 33.9764608145 33.7179926916 0 0 0 0 0 33.2327292541 33.2044125096 33.1024868393 33.2604042688 33.7785534032 0 0 0 0 34.3502234488 34.3466171071 33.0690862576 33.720569847 33.6167024667 33.5739880889 33.0594387662 34.2387347324 33.6550608638 33.8631412393 33.141165594 33.2055892918 33.6734730404 33.7484483447 33.6343005584 33.9428567286 34.1425153276
33.826735157 34.2513530971 34.2005495525 33.7421857458 34.2198796666 33.3705096775 33.8540472073 33.3146627329 33.5476153383 33.6044405197 33.0688419549 33.8542395965 34.3897225975 33.4170398008 34.0576306342 33.9806680543 33.4678177933 34.3032149038 33.3967904839 34.1218529181 33.8198081492 33.8369786567 33.1210577337 33.1910972547 34.1695862055 33.4015655892 34.3179680075 33.2641549805 33.4782413839 33.76656427 33.9898051722 33.9314126056 34.0330027847 34.145174737 33.1189779563 34.1760089455 33.2913357336 33.9420040518 0 33.2397700332 33.2147829336 33.4223284017 33.2568616888 34.3442951951 33.5313841554 33.0249892457 33.3804550621 33.8070573364 33.2313048241 33.1144393346 33.1783008943 33.8185954632 33.3567746721 33.0727255923 33.9453729572 33.1458243579 33.3687981029
33.0336772128 34.2694658977 34.0177876405 33.5798942426 33.5499308696 33.0738321149 33.8100223441 33.2273408594 33.5303536208 33.0768785694 33.2675244085 34.2908025826 33.050972412 33.1729165074 34.4066978876 33.9314442265 33.8521324877 34.3179884415 33.0485154893 33.1352330396 33.1755951025 33.3857579513 34.0943925954 33.5233473824 33.6417624057 34.2422839436 33.9599110995 33.6480252925 34.2987464949 34.0219384571 34.3477812595 34.2462315684 33.7916702147 34.3166087709 33.1716508072 33.2153628051 33.6562603519 33.1858019088 33.1796536971 33.2051058236 33.5096813427 33.0293987761 34.0254087304 33.4934242317 33.1916817034 34.0806214436 34.2785944561 33.1551113528 34.1576676551 34.2430192921 34.0272216498 33.1024727032 33.998594875 33.7979234786 34.2215400852 34.1397242518 33.8095854478
34.1923515563 34.152680951 33.7609127323 33.987752342 33.5472795576 34.324350452 34.3712527769 34.1418732386 34.3897443176 33.0700539624 34.2563019014 33.7828706639 33.1689313539 34.0857747797 33.8371185755 33.8522533515 33.0501774817 33.3374219132 33.3668905238 34.1300911279 33.9599628462 33.5718336284 33.7703584051 33.0309215456 34.2972244388 34.1691565848 33.3446641185 33.7476508995 34.4039498143 33.6986068799 33.3243007597 34.0091880322 34.2696215443 33.4449537812 34.1344229345 33.6143801223 33.7010917432 34.0351674996 33.2951305928 33.7322952668 34.0733311046 33.7363950271 34.0240787088 33.5785375193 33.3611276685 33.1226708417 33.7399780615 33.3878028154 34.0997239697 33.4624865011 33.6179526869 33.7300287373 33.5493887146 33.4673611351 33.6620323061 33.0046808503 33.2809669389
33.9057079878 33.2554764576 34.0197208672 34.1009687712 33.474031445 34.3162555301 33.3210482745 33.3452789499 33.8257361443 33.6707624117 33.6364415421 34.3787291125 33.1363881007 33.1997557406 34.0514586552 33.4940749467 33.4917653787 34.0475748522 33.3444711911 34.0748031728 34.3735236171 33.261541584 33.0235991566 33.7942273159 33.5544465761 33.1804309077 33.7952058506 34.3986115304 33.4484440875 33.0023642829 33.0743514308 34.0825630028 33.1690211256 33.883122617 34.2302456233 33.2738619802 33.599006426 33.5254404295 34.0240370924 34.1666566882 33.4427985243 34.0481242547 34.3179438462 33.3260238823 34.1613613434 34.1322638855 33.9881499599 33.9365203593 33.7296771466 34.3692740138 34.0945070437 33.880997087 33.7534374274 33.6979705834 33.9263052259 33.113503146 33.9572672421
33.2840144919 33.3768838978 33.2925981315 34.1777045866 33.3200631789 33.9174801483 33.7242134028 33.9796945042 34.3904673773 33.1004751577 34.3855737518 33.3492123291 33.1538105478 33.8133861406 33.1162101212 33.7680617656 33.7701482953 33.5861154582 33.4352521487 33.2586183146 33.9520237604 33.9675996352 33.060058996 33.0487493068 33.5736106851 33.0418247708 34.2711299636 33.6809469041 33.1746694009 33.4539868076 33.5679330027 33.279464842 33.8343138423 33.0732527517 33.9223457335 34.148732473 34.4064607315 33.6715410424 34.4023164753 34.3449224784 33.769925997 33.5237674044 33.8843763173 33.1940222292 33.190872558 33.1409403538 33.7140480748 33.2995151824 33.9130642909 33.1707880783 34.2987352777 33.0748673251 33.9941205677 33.766461887 34.3047911793 33.4959230863 33.7828320803
33.5938277246 33.3510558703 33.535368482 33.8982234163 33.3873961076 33.449268537 34.2572675193 33.4398317849 33.2877094385 33.8871747585 33.7668548172 33.7365058096 34.051554602 33.3816412087 33.6181361014 33.9672940302 33.4463520241 33.9478433782 33.2626242598 33.2478336086 33.2792689487 33.3285006768 33.1408908806 34.0276268408 33.5725564987 33.2076429867 33.2078076537 33.8297622921 33.0424415464 33.6563656255 33.6288379481 33.0784538989 34.3230509975 33.7109072407 33.6855905502 33.0821992549 33.9878216112 33.7736033299 34.1569322486 33.018604917 33.3126587978 33.2620691702 34.3108087593 34.208719985 33.1731340997 33.8072632426 34.1896970516 34.3726119191 33.527334349 33.6828713326 33.116895545 33.9780362692 34.3823473447 34.3926379328 33.1943071019 33.5996983301 33.9087161665
34.1437724757 34.2806918722 33.8158679149 34.1844912368 33.0517529699 34.2385793514 33.3208500751 34.0755274365 33.5428347791 33.8241183886 34.3440482961 33.5110471632 33.9507239229 34.1449366574 33.9873301683 33.0222539779 34.2365581991 33.6423613653 33.6995360708 34.0789263977 33.9645110852 33.0015936013 33.3011983828 33.9383750388 33.2842451779 33.8423015798 34.3406387142 33.2329299626 33.6994475892 33.0145016103 33.2588979365 33.2756004721 34.020376025 34.1100167418 34.0847682348 33.3281494854 34.0095651141 33.1987423101 33.7905833448 34.1137374117 34.3269019224 34.0620064207 34.1221030657 33.2566329301 33.3387352986 33.2955774909 33.2637918534 33.2851963639 33.1755147792 33.3295629137 33.4215193554 33.7926292849 33.5348711867 33.4966540974 33.5623733968 33.0385411947 34.1227140889
33.8083066175 33.5698854457 33.4072883124 34.0667927438 33.5826932421 33.7987895591 33.5269438767 33.2725472828 33.1646264175 33.4132614756 33.824325477 33.6392676317 34.218872356 33.6527505374 34.0978946483 33.3143122165 33.1476722243 33.0852187017 33.6183012759 33.8428628794 33.0493132286 34.2790781056 33.470233592 33.1456615281 33.3403273448 33.3348940081 33.067845416 33.1709137935 33.8384355077 34.0517248527 33.1768740626 33.4831654628 33.2212055798 33.9184310914 33.8748307946 33.2941221292 33.331179818 33.4120691486 33.1392807682 34.0957806659 33.8807274797 33.6389560785 34.3147378982 33.4587749616 33.786411161 33.9947586391 34.0581894988 34.3885216018 33.0489753961 33.0181643306 33.0628848318 34.297577297 33.8095925668 33.4698317055 34.0598545097 34.2543166848 34.1681652406
33.6456665195 34.3851800527 33.2297161352 33.3921836507 34.0412537282 33.2661120673 34.3992338483 33.4103822599 33.0512930015 34.2732476626 33.4771170736 33.4978300845 33.5477776324 33.187375974 33.0089956997 33.1904395696 33.80235139 34.4055776745 34.2610461427 33.1339893637 34.0331287569 34.0653860278 33.2785018882 33.7912765097 33.5785052262 33.2996760077 34.304987138 33.9612071856 33.9763898464 34.3384474193 33.5082179162 33.0848584111 34.3240968968 33.6704641232 33.2894687473 33.7437628096 33.6082253267 33.3475301206 34.1863570912 34.3153310221 34.4042108905 33.0985502775 34.1831775726 34.3483285228 33.9549175093 33.4471838063 33.0560821764 33.2131904191 33.7454776555 33.7908215518 33.4701614276 33.4134968191 33.4418915653 33.6835237714 34.2823943874 34.0755896811 34.3778135094
33.8959385883 33.2402597511 34.4117866407 33.2221767136 33.0802199138 33.2747333791 34.1078719953 33.4032311029 34.1059803611 34.268474722 33.4942929095 33.0466838054 33.4344846689 34.2423591114 34.055209548 33.9284404218 33.3090901452 33.2432096818 34.376727654 33.1526404113 33.8064348934 33.3738160316 33.5994251801 34.1343727862 33.345562795 33.7287330705 33.547999491 33.0330690675 33.2985239794 33.2676721008 33.6473030921 33.4334068582 33.2356547241 33.6636365125 33.6866796955 33.3270718239 33.0384541354 34.1239524913 33.1238159491 33.7270709441 34.0359839805 33.1076834378 34.1071025181 33.4221712119 34.36907308 33.2943716352 33.7306881392 33.810693936 34.1232678532 33.2753426447 33.493956728 34.2877441458 34.2905426267 33.2014773228 33.8832145615 33.029140154 34.2885282448
33.9961816166 33.1745773006 33.140963605 33.1995257091 33.5902692271 33.9057723362 34.4114445323 34.2372616239 33.6496361175 33.534796728 33.7461825426 34.4005013716 33.7368401925 33.1023509219 34.3709586133 33.0498672415 33.4069869796 34.0827877225 33.7213518433 33.1466276723 34.3091409711 33.8052620306 34.2785211724 34.2978257817 33.0463275605 33.1389235719 33.2066127439 33.0352728446 33.2251371485 34.280467046 33.3002400102 33.1323277935 33.8471183152 34.1850641238 33.6005119438 34.3473211463 33.0755398517 33.2085521148 34.2485099979 33.0581941313 33.4154310417 34.1706320151 33.021144749 34.1121419401 34.187136846 33.9187818214 33.0918232889 34.3931517411 34.048147949 33.2984104128 34.3223589547 34.3556561133 33.1669689549 33.1135833445 33.6224763937 33.5175947507 33.6216636206
33.4136651777 33.7963859376 33.7231031967 33.2964396414 34.2337497707 33.4174449542 34.150762675 34.3587488407 34.4055693459 33.1006896433 33.2308942052 34.1248737399 33.788794191 34.120169645 33.927488833 33.6989396937 34.2175883525 33.0323544457 34.4031821232 33.993717177 33.0328690637 33.6009132001 33.5000813316 33.1519581273 34.2764754534 33.9966137178 33.0058830828 33.49499702 33.9489634986 34.0492007772 34.3007139363 33.7277387952 33.6802982705 34.0177941737 33.5492339207 34.0758216433 33.0755222261 34.4120811609 33.9073999524 34.3939712936 33.7547639954 33.3983780205 33.4495406636 33.1014708787 33.4193675491 33.7068119806 33.9592728968 33.1425705069 34.175958385 33.6089659723 33.062557752 33.9876772061 33.1522790107 34.0860438207 33.8355630097 34.1338509382 34.156604969
33.9786017096 34.1167544031 33.9848311807 34.403362045 34.2977831896 34.3187221533 34.0443943421 34.2575759038 33.3959123845 33.3858311927 33.8788429748 33.0174090123 34.0585625951 33.6840232133 33.494390004 33.4721538921 33.0897378703 34.1758986293 33.7544063483 33.3886712368 33.2706796592 33.4663436312 33.0837966048 33.420021802 33.2375683647 33.8511591296 33.0607687993 33.0512900002 33.5440796721 33.7789275167 33.0283257481 33.2375524507 33.1014896308 33.4561559628 34.0386471071 33.1805160785 33.9316196242 33.6429407752 33.9544514783 33.9168246181 33.6676377478 34.3225475232 34.2951453555 33.7755166007 33.7986108438 33.6031134588 33.3737176479 33.2496807266 34.1972716367 33.7598639512 33.4496983812 34.0210623207 33.1351054591 33.9573610805 33.1409357308 33.8904099409 33.9626825415
33.4962935262 33.4681102331 33.2876077115 34.1888808129 33.8780173245 33.0574265899 33.3229335593 33.3762435224 34.0065127844 33.0568133186 34.3751205998 34.1776669142 33.1327726368 33.6690301212 33.3564104233 33.0821528501 34.3503066474 33.7159078943 33.9962066112 33.8836803055 33.0269289507 33.584586356 33.0917953461 34.4084246431 33.7826578283 33.555998201 33.6605607761 33.8170774085 33.1179779516 34.0789644522 34.365148009 33.8297604996 34.3354383422 33.590616682 34.3152173054 34.0606582031 33.4147870903 34.1922209506 34.1124561254 34.2789825021 33.4331689716 33.9888648616 33.7890197059 33.5656448609 34.0718853356 34.107648264 33.1698450926 33.7263158041 33.7602415204 33.7470237752 33.7258702152 33.8323140729 33.9164942824 33.4783227249 33.1889799312 33.3596217786 33.8041558252
33.4464379206 33.9249029665 33.5722397159 33.1324991101 33.7807817234 33.6001888563 33.660198008 33.5205897467 34.2390783376 33.8371998813 34.2752202366 34.0086633201 34.0686949836 34.4096640458 34.1706340444 33.267336526 33.8722184816 33.8449616266 33.8878994432 33.040059142 33.8882832112 33.3959108682 33.2368163581 33.5512206134 33.7316992987 33.6729025754 33.1747879778 34.2060336409 33.6671414407 34.1139347174 33.4976619623 33.9054157376 34.0255124619 33.6352361549 33.6229085603 33.1473083843 33.8799060391 33.7031766545 33.4234674489 33.9034581626 33.628215717 34.3083913433 33.510471237 34.2689735139 33.5551314707 34.1439828351 33.1729784612 33.0096639903 33.8231002742 34.2304262979 34.3407728622 33.6607591273 34.2244224014 33.6357967165 34.3466502603 33.5316745096 33.5077415041
33.2928169225 33.2550093073 33.8445290458 33.2128577033 34.0554932521 33.5636948577 33.7940917062 33.412375905 33.8602628753 33.5578662705 34.0968077151 33.848419506 33.1948507373 34.0703151948 34.1550366865 34.0052955951 34.4082549404 33.5718344534 34.3263089093 33.234697435 33.8660858434 33.7413361756 33.6615339207 33.8269932207 33.5089838602 33.1363547506 34.00026323 33.6453547698 33.7255334188 33.2853405405 33.804398691 33.0693089086 33.1168444228 34.097744711 33.1152522827 34.3291813634 33.4457217779 34.2570472949 33.7232318075 33.6838148151 34.1236034798 34.298676136 34.012725856 33.657614209 33.5035822462 33.5603175528 33.9081824272 33.2534440256 33.0645502937 33.2155558321 34.2449260798 34.1908625567 33.0468803151 33.2723897668 33.5416884175 34.2107041407 33.0119877973
34.2837395565 33.8165321038 34.0862171894 33.672539899 33.6555797564 33.4923726362 33.9490118963 33.0907768095 34.1070504917 33.2684288485 33.1607710889 34.2358579087 33.4271583634 33.4077072856 33.2539443698 33.4170929737 34.0378822976 34.2146728782 33.5283771809 33.5070740414 34.0955447808 33.6485961298 33.2867843689 33.7639922495 33.1522807067 33.1845065328 33.7230295196 34.0634076412 33.3409755538 33.4053231002 33.3901820649 33.4846661328 33.5364032186 33.1417483978 33.1374305639 33.5515234026 34.2231696456 33.6725607836 34.1199389009 34.2000286415 33.6116389035 33.657761557 34.1962810011 33.857253235 33.9092554452 33.3164868834 33.0011040604 34.035130912 34.0355165292 33.1312630186 33.1176895958 33.2506686463 33.2397687813 33.8912782449 33.4013617164 33.4942491392 34.3400773198
33.3338664352 33.2017970867 34.3407819419 33.5063337441 34.0289437581 33.3528365882 34.2161719748 34.4077945129 34.0974620956 33.5290303162 33.6590217449 33.1335272425 34.0471449893 34.0772404711 33.0840857383 33.9753701242 33.4651774342 33.0504027419 34.2274206598 33.793711451 33.6152849879 33.7456237808 33.2554894007 34.3235403145 33.9972497901 33.9581427289 33.3830578694 34.1918938963 33.9660814959 34.3753132615 33.1631188287 34.1582617339 33.7249124722 33.950217033 34.326697375 33.437803086 34.2349496528 33.9145740177 33.5180254914 33.2796535626 33.292336199 33.736626898 33.268541664 33.2977205 33.1413380362 33.6940076267 33.7564532238 33.3020710088 33.5031336288 34.0868357947 33.568629591 34.0680368653 33.2116612057 33.7363904657 33.3059359882 33.8490513923 34.4063811959
33.7311048939 34.2779333163 34.1250857711 34.0614176711 33.6270306616 34.4083629457 34.2466960559 33.101702558 34.4112299892 33.7394820188 34.0408872588 33.3634424906 33.3717413121 33.4852895982 33.2982930044 33.9387634009 34.4038744038 34.0945355843 34.2544105697 33.6080103053 33.3332860344 34.2437837109 33.7756261781 33.5317565619 33.3772700032 34.2083791917 33.7038575048 34.1751717145 33.9562621669 33.5051163988 33.357762981 34.3872198918 33.0667777839 33.1273370688 33.9826299053 33.8093696955 33.5597501185 33.9127522142 33.6861168296 33.8208568859 33.1028263969 34.1850046275 34.4088638709 34.2045720113 33.2523951646 33.7554089356 33.0202823999 33.8689667799 33.7226245445 33.113404752 33.5668405074 33.2410365262 33.87290904 33.3194876461 33.0242289828 33.562498231 34.2364308663
33.8908228122 33.0225784581 33.1114884215 34.0387884157 33.046489533 33.0153859384 33.5219838563 34.1169584746 33.7935184888 33.8128466234 33.1745600365 33.0671540849 33.1042082602 33.9998882865 33.4347507815 34.2351936985 33.731809111 33.7991439636 33.8402626346 33.3507216842 33.9515374158 34.0746239695 34.1229874833 34.0086113717 33.1662422942 33.2883761973 33.1627292256 34.3288793666 33.0924293208 33.8960421172 33.0929854463 33.4715613264 34.196055477 33.7731162727 34.1778148817 33.0117575855 33.075373047 33.7596803622 34.3260695506 33.0386660735 33.5888734791 34.1912354532 34.3952116756 33.208062506 33.1065327661 33.1863382068 33.5909243495 33.6303779364 33.2013000022 34.2344849222 33.8442547762 33.317358843 33.4227752745 33.6381128258 33.4508184226 33.967764484 33.0383758065
33.5363362684 33.1772247094 34.2893009266 33.227168738 33.1378478579 33.3306026387 33.3745248926 34.029011398 33.2646214308 34.2298349265 33.4302701282 33.7910404795 33.2374235496 33.9751629762 33.7510720909 33.3321968719 33.3213887595 33.7059746665 33.762283809 34.1867717178 33.2789585618 33.5390270319 33.6591097046 33.4137493129 33.4712862523 33.0465780068 33.0178947528 33.5804765786 33.5291878833 33.5049781746 33.5876111072 33.3532934839 34.3797101987 34.0344865992 34.1862168464 34.407237066 34.079158762 34.1782299908 34.0456072874 33.9120958482 34.092191402 33.0939606634 33.3731168884 33.0405917522 33.3390061943 33.3744317465 33.6199453566 33.7760816261 33.6450821704 33.9891582817 34.1039300861 33.8030583725 33.2946939448 33.4840650524 34.1891296367 34.1805875461 34.1015323788
34.3258431809 33.4368907819 33.1898768342 33.6043482954 33.1042992523 34.2424194073 34.0826653414 33.4103663533 34.3658403517 33.0542118355 33.6243348418 33.0839751374 33.7110260919 33.9493445465 34.1057604122 33.7922032785 34.1598981945 34.3259565999 34.4083451222 34.1367846832 34.3635562411 33.4433860538 33.8948283773 34.2751759654 33.9553763056 34.1501721362 33.67544359 33.4945650159 33.9997220147 33.9471631955 34.4131827398 33.8383085065 33.5347987932 33.4861197729 33.2419414867 33.2811746349 33.7449072822 33.9604349616 34.2963171643 34.0202068517 33.8548737203 34.0276626891 33.3496283222 33.0435484367 33.6933301724 33.7156388695 34.1476875415 33.8874631707 33.3729612367 33.4732267231 33.5627602409 34.3977562845 33.1536003988 33.9771437064 33.2813120772 31.9305655205 15.3448704123
33.454387005 33.7627572719 33.9702718392 33.2712532013 33.224162516 34.2367487281 34.1292428451 33.1753449651 33.7051471749 33.5886274189 33.3619733245 33.3567816332 33.7130980881 33.7203388521 33.1843832491 33.835227896 34.0836157986 34.0635535818 33.551959747 33.3213402528 33.0349295237 33.1853700789 33.2034892784 33.3432284877 33.8294979017 33.964578234 33.2220216841 33.3410742797 34.3651200733 33.7297267961 33.1078908054 34.0167218747 33.1889827621 33.3730154196 33.6382158687 34.2791199464 33.754353019 33.220195941 34.1296479767 33.2478424696 34.2807244222 33.6713099239 33.4508037626 33.1975634864 34.3140691053 34.2481779362 33.3455767721 33.4224897719 33.7219424261 34.0697502585 33.5593757263 34.3021863124 34.0803569412 33.059247593 33.7546858746 22.5863468737 22.6971845593
34.2028342088 33.1289657957 34.3777870347 33.2417608302 33.8719911917 34.1750350483 33.9987121122 33.8647081084 34.112774294 33.3216152822 33.306122282 33.2580221511 33.7588463701 34.193950448 33.2535735419 34.2672260627 33.4405494613 33.8484771136 33.0846613059 33.9076677743 33.7089534118 34.1323696294 33.2490207704 33.4021389902 33.0187989272 33.1736417081 33.843589807 33.6396307101 33.7284001456 34.364203354 33.1371444669 33.2706570438 33.3136673611 33.3061991681 33.2419981677 33.9278513213 34.0032478406 34.0114985375 33.0712949533 33.9374457295 34.4023270467 33.5837024476 33.3268687751 34.0509480973 33.6769926511 34.3948401218 33.0239938651 34.0626233455 33.7399615775 33.5170261997 34.0241057148 33.047684134 33.7724290083 33.2827791644 34.0345080538 25.0764377219 26.7197772608
33.0926830506 33.8837383401 33.9197075367 33.3433082491 33.0019570721 33.049404907 33.7626573104 33.0438671269 34.3801389879 33.3981053558 33.5687513 34.0778390373 33.0744168067 34.3118074252 33.4431059044 33.7255123975 33.2299820826 34.3327320225 33.9245706918 33.8049202022 34.1936560777 34.1809504184 33.4655753504 33.9267656517 33.4268324181 33.1722057544 33.7242408541 33.1083268478 33.0601474634 34.0564241549 33.7375473483 34.0896540121 33.4163218163 33.5014227064 33.5419172667 33.2478345638 33.1325498507 33.7949865688 33.4564015072 33.5114961173 34.2177805406 33.6778048739 33.4318853163 33.7365861498 33.195750098 33.8285951945 33.9322211879 33.1716459263 33.1444810684 34.4048213129 33.2588457833 34.042703883 34.1309178372 34.409829263 34.0399484204 33.5471599759 33.0031922445
