Spatial_Output/DEC/DEC_0487.asc
NCOLS 155
NROWS 192
XLLCORNER 196307.867259
YLLCORNER 449144.565805
CELLSIZE 33.573938
NODATA_VALUE NaN
[rows 130 to 155 of 192, columns 57 to 113 of 155]
28.176830649 27.0592374603 27.7724913424 27.4680084631 27.5988496653 27.0192289986 27.2765854072 27.3825781065 28.207264934 27.0275398094 27.0230133056 27.8534233259 28.0696890936 28.3997159253 28.1389435447 27.683299447 27.1765924334 27.8455542128 27.5503850232 27.3351110596 27.8518943259 28.0180731587 27.4490969347 27.0877658234 28.3566831431 28.2123050969 27.0877304356 28.0250720173 28.0676377644 27.3942117242 27.9475428379 27.8181688123 28.0296256227 27.0663695703 27.3520025135 27.1111138501 28.0990166628 27.7408897608 27.8512880924 27.6064380259 27.4409548517 27.4138645859 28.225871264 27.2031556007 27.2661196226 27.6214546491 27.5757131701 27.5290835724 27.2478988492 28.3466232254 27.5102675173 27.0411834648 28.2722417044 27.7566693308 27.5377760001 28.3949592281 28.0726740481
27.6972376309 27.3440164221 28.3914096876 28.163096549 27.7237777366 27.9207014016 28.220334812 27.7240083099 27.7782312004 28.3818395598 27.6752604153 27.6118251126 28.4071127202 28.4077321574 27.0623019125 28.3761732382 28.1310516918 27.1217301257 27.7725078273 27.7916020274 27.1072745361 28.1683345738 28.4001550554 27.8060685096 27.8840833658 28.0437369568 28.0216950736 27.6388990831 28.1695464052 27.6509344954 27.7491293753 28.0246233137 28.372597893 28.1313361146 27.6374905272 27.0935638928 27.3422878008 27.3443203021 28.285392762 28.2918393694 28.3450811003 27.087432711 27.4680896884 27.2754906453 27.6792001074 27.3627902806 27.8905389961 28.0853471123 27.3937812614 28.0585058543 27.0656709665 28.3273758554 27.9339608625 27.4515762643 27.6132555763 27.7734497323 28.2840733942
27.3790269091 27.4611912411 27.7666204698 27.8069696434 28.3047963029 28.3286732647 27.2556279774 28.0757450933 28.2075382431 28.0476755053 27.2798770201 27.95910332 28.1527830416 27.3159263597 28.3489733314 27.1864232828 27.6879521159 27.1404567733 28.3766273772 27.3117028392 27.8155673457 28.2915663854 28.2030100395 27.7223235059 27.3841672744 27.7997958035 27.937322733 28.2664605089 28.2177397171 27.3478555222 28.3646443936 27.8667882438 27.1310357251 27.6993782052 27.2131130824 27.306407612 28.1033716247 27.1545522943 27.5861994806 28.2094664935 28.1741941276 27.0971707531 27.6516167622 28.3636734902 28.1354352514 27.4785728831 27.7841024846 27.008598426 27.924877247 28.1320505248 27.2324853839 27.6740488928 27.9710094854 27.7964063872 27.7766640377 27.8396743446 28.206847399
28.1207706385 28.1121685988 27.6240965129 28.178097407 27.7343113509 27.6123527219 27.2985593883 27.7995624496 28.324714955 27.6756486625 28.1562992968 28.2527067282 27.6518015048 28.1578759657 28.0681065224 27.4727717014 28.1242669891 27.3940496402 27.1032182726 27.7060439975 27.5517985362 28.3677723735 27.1793428099 27.2386445431 27.8152069289 28.383013044 28.050165763 27.6940198871 28.1013834882 27.1361788105 28.052003016 27.3603588823 27.7560587337 27.7417214096 28.3659236393 27.8746209222 27.1648428285 27.4843392988 27.5199358937 27.7287577767 27.1590142248 27.6708898923 27.1506910353 28.0529818318 27.8519043019 27.9816012578 28.2686693211 28.028662609 27.0147539197 27.8402158673 27.2242662794 27.3582284042 27.4106432029 27.2967614901 28.2435221842 27.5504016605 27.7184023354
27.4721415544 27.9048310508 28.1209727958 27.0012442653 27.4180633071 28.0489723693 27.08633283 27.828844334 27.3214870726 28.3613797113 27.8679599551 27.0927099631 27.1983926472 28.2710372144 27.440919013 27.1743206512 27.5646784275 27.8019570422 28.0555721138 27.6293134064 27.8192013364 27.7078592277 28.0234487893 28.0188158036 27.0040238825 28.3505203452 27.3841540396 28.1895811662 27.5223877235 27.2427704582 27.2562870973 27.5785426882 27.8327558297 27.5935737415 27.0310269362 27.3440907161 28.4090907069 27.8674016121 27.8755577115 27.1823714112 27.6365283529 28.3179886408 27.7344654503 27.1312976077 27.081408242 28.2567468868 27.3117894513 27.4833372858 28.2070637995 27.6514216405 27.037991286 27.4292742414 27.553943322 28.2984304148 28.2500966355 27.353236705 27.8631929266
27.6840921502 27.1090959504 27.1441493568 28.2660123766 27.1160108176 27.7680356554 27.515073902 27.1839229191 27.5411604972 27.3489282983 27.2879075234 28.0635720858 28.240527945 27.3333805656 28.0321091545 27.2965412202 28.1264095692 27.856177764 27.6218548565 28.1754863283 27.043638709 27.5780487844 27.785177308 27.6856252167 27.2834822736 27.6356393613 27.6757368209 28.2376382394 27.7109249022 27.1285469893 28.0176689582 27.9405776642 27.8803641509 28.3228630342 27.6165387433 27.2124341784 27.1279053112 27.3206089555 27.8752770155 28.2920469312 28.0738134994 28.25116211 27.9264469891 27.9633218943 27.0737971412 27.6739588624 27.106783155 27.5117917118 27.015503163 27.0009904374 27.3433398678 27.2025409159 27.4142904846 27.5684696797 27.6466612464 27.4695380032 28.3484079365
28.0471618326 28.002616095 27.0462683328 27.2286459992 27.9936994285 27.5784537509 28.1715880445 28.2734206771 27.5117476951 28.3049142376 27.6006511326 28.0539449513 27.3225355197 27.9639803508 27.4361294437 28.0836360598 27.0580578865 27.5752138306 28.1330346019 27.010795352 27.4148199061 28.2968656188 28.1536272542 28.2911432346 28.1037922716 27.2132694929 27.2114336992 27.7828575819 27.9295549872 27.308143555 28.123611566 27.8581502462 27.4808572523 27.6073364401 27.6962754449 28.0122163166 27.3535437523 28.2718872545 27.6631756241 27.5664362198 28.0349235091 27.7786278543 27.1055644952 27.1567421387 28.0009840869 28.4121238999 27.8532005369 27.9061165813 27.7239587112 27.6910965026 27.9012775008 28.2805275302 28.0356888209 27.9645512813 27.514792353 27.8160660316 27.9971602172
27.3308014233 27.806707599 28.1216794672 27.0687622667 27.3610630185 27.1649670966 27.006207946 27.5602031416 27.6739708007 28.1781785547 27.5428095934 27.2118016538 28.20902711 27.4470751775 27.4866212824 27.9157561165 27.8747637978 27.5203096057 28.3495235942 28.3553270672 28.281177469 27.5710379968 28.05226579 28.2844414888 27.8894628152 27.5614636856 27.8975735626 27.3532323038 27.5805621911 27.9024733202 27.4545298091 28.3317265062 27.3286698354 27.5993651815 27.5846925246 27.5461737192 27.2718911852 27.7643376611 28.3037848697 28.3774073047 27.0300444606 28.3830033313 28.1918813784 27.5503220155 27.7245004222 27.3200354035 27.9906890175 27.7377129207 27.3081577837 27.8569729304 27.036320681 27.3351600125 28.1984743864 27.8321112642 27.0212861619 27.0170431888 28.3176505593
27.6080072715 27.2768500923 27.6817991789 27.0142088561 27.6159096941 28.1374539798 28.247165095 27.2419944323 28.2173741495 27.9965570444 27.5793010515 27.8607863825 27.6192078877 28.1127205643 27.8591667265 27.3544561353 28.3761137017 27.6206710246 27.1870499734 27.0687774429 27.8346022098 27.8679390881 27.5809317455 28.3205856388 27.6185689347 27.2841256014 27.6145804575 28.0774205316 28.0196351886 27.0914112904 28.1263138184 27.6218258416 27.686532085 27.4314284 28.0229143263 27.8354401944 27.7908465137 27.559147483 27.2002397933 27.8134155492 28.3392047733 27.8919237503 28.1819049445 27.1046960997 27.1048039432 27.5645035216 27.5936228595 27.453201235 27.3582170262 27.8778891992 27.9194465482 27.6851838527 27.072138888 27.8791409092 27.5812164559 27.3488171397 28.3483001589
27.0495699563 27.5184196201 28.2839083835 27.942985436 27.4704725872 27.2471420899 27.5249558845 27.8445488008 27.372546682 27.2255308107 27.4910660739 27.7775237706 28.2431153498 28.2448768473 27.4769293295 27.0621948753 28.1033291863 27.14129673 28.0356526466 28.1627744373 27.5690930858 27.3154582609 27.2769041359 28.0703038742 27.1800612186 27.3296771704 27.1640668539 27.1603925121 27.2670093501 27.5015297612 27.0457770564 27.1180564421 28.0132845929 27.5581699467 27.8805310083 28.3175137409 27.0191591753 27.0678023754 27.9605280088 27.0969694526 27.7604419423 27.6448492534 27.5475702886 27.9513281751 28.3233134932 27.3096268817 27.7495862889 27.1595001401 27.22860689 27.7645116397 27.6116084962 28.4020014418 27.4881736759 27.5150072609 27.6070410422 28.1883182182 28.3193170321
28.1426263009 27.6014950798 28.337055941 27.8052429132 27.1509575367 27.2607339063 27.0382834801 28.0757229081 27.6424339432 27.3726604088 27.5505347594 27.1110676847 27.4043050425 27.022979529 27.0038294557 28.383895546 27.3971643961 27.7526644197 27.1471572601 27.3498812734 27.7058467675 28.3911644264 27.5849915648 27.533861325 28.2686758276 27.046879985 27.0058612768 28.0252611535 27.1448900367 28.1409594788 27.8085091221 27.6682014423 27.4894450366 27.2367680368 28.3019514358 27.1776495245 28.2165992669 27.5927904202 27.5212847972 27.5300285125 27.948730913 27.817911891 28.3826296493 27.680717105 28.013938118 27.1259409158 27.0405215159 27.0874625196 27.4921513715 27.1620049298 27.0286875947 28.057902425 27.4761025265 27.7715289511 27.6024239339 27.2202611726 27.2579902445
28.3608397048 27.5271301053 27.3811553208 28.1178998208 27.0808786463 27.3401415315 27.0035077739 28.1746079989 27.6806409072 27.0466784216 27.0740956643 27.4167082462 27.7847876186 27.9174112351 27.198957821 28.1530589572 28.1901459816 27.1440843148 27.25527813 27.3113659245 28.0387044453 28.3621255141 27.0232082243 27.9644759813 27.9273059175 27.2607434114 28.1789600956 27.2563605945 27.8780943124 27.6016950085 27.4807456721 27.5904607318 27.9768634002 27.3608713302 27.0148110708 27.030570117 28.0393311 28.1184855729 27.2752418811 27.0891760558 27.2165539014 27.5584720882 27.7501175788 28.2915207922 27.2740351593 27.987868407 27.4607764029 28.2261336225 27.5389478841 27.5240810377 27.5864321908 27.6271184094 28.3298871558 27.0572689398 27.9219045164 27.8401058566 28.194174422
28.262035195 28.330545253 27.6639199495 28.2835913063 27.647945544 27.0412787402 27.0105551284 28.0469348738 27.645795456 27.5682803586 27.0075090948 27.9026093853 28.2766776934 28.3596166301 27.481132616 28.1508384118 27.9749859428 28.3923820688 27.3672914881 27.6590130365 27.9694690781 27.5988528152 27.9720447255 28.2859562679 28.3966587676 28.2428032171 27.9402557586 27.4206128347 27.1864021182 28.0135060574 27.8250764959 28.1463980829 27.0942715452 28.3531402411 28.2084653354 28.0085040132 28.0392170292 28.3278118506 27.3809613124 27.5916757214 27.8352799516 28.4069997971 27.1431394941 28.4141497893 27.6065555097 27.6541696076 27.3828977912 27.5353916425 28.0887665129 27.4346586059 27.2581598325 28.1834676014 27.4298333375 27.5178348536 27.3902346175 27.6350741833 27.0671419903
28.0843498046 27.0549595315 28.1719602555 27.7402714909 28.3319782135 28.0186490027 27.0189548118 28.1655501932 27.2480420216 27.7845548536 27.9608643373 27.8121161756 27.7527733439 27.221782019 28.3101603201 27.9740789977 27.2039384437 27.2161688228 27.6631515815 28.2309277389 27.9011050182 27.760000816 27.11537636 27.2906418967 27.3176443734 28.2821485455 27.1206374451 27.9312524324 27.5141952167 27.871616083 28.1583994111 27.4330853504 27.4362713644 28.1893005296 27.7653273146 27.4224310294 27.6563958641 27.3659458942 27.5351296376 27.8286150065 27.5059715672 28.09802398 27.672242232 28.0856539216 27.1832619025 27.2877402956 27.7314700017 28.0428409656 28.141228787 28.20946311 27.3728569646 28.1140760626 27.8840771147 27.4029092645 28.3932285441 27.5017509433 27.9418955921
27.6068383589 27.7394265201 28.0536789218 28.2299932278 27.3604234026 27.3605744773 28.3596824351 27.7357321984 27.440183661 27.5631168612 28.1172987347 27.1332146303 27.250037491 28.3742997424 27.3998519563 27.9651890219 27.7224950482 27.8966459261 28.4118875079 27.3641777915 27.2685178603 28.1063581323 27.5713417081 27.2993406337 27.0428560097 28.2734084879 27.1331306735 27.367910537 28.3732857264 28.3561860563 27.3282962014 27.4718665346 27.5647782974 27.4856527806 28.2274923585 27.3667511271 28.2378879412 27.2014175094 28.3761431159 27.6406366073 27.6166668681 27.618498329 28.1903219113 27.4567216216 27.2608575642 27.7385714873 27.5499607266 28.3315978083 28.3236832756 27.6429781939 28.2879272736 28.3828519952 28.2160181512 27.0276452012 28.1177616942 28.0767958761 27.6898494033
27.5778632339 27.3049440462 28.2403622886 27.7956501733 27.6253126685 28.2343624231 27.7733057855 27.7293401903 28.1268965478 27.3737515679 27.0727016848 27.0106391911 28.2627692821 27.0624502409 28.2779547658 27.0885219143 28.0507972068 27.5572720402 27.2524509885 27.4789996958 27.4664208197 27.2121617069 28.2825307708 27.6849558431 27.5908753817 27.7810055187 27.3525979833 27.4172079187 27.2905207411 27.9931566012 27.1554170986 28.1940557467 27.8839073726 27.6417330153 28.2933092874 27.4759363806 27.2990751553 28.0750948125 28.2548777203 28.0082227704 27.1784523132 27.5491605546 28.0372216108 28.0671370974 27.0325866395 28.2353078877 27.7671285707 27.0595853204 27.8707785928 27.7976386967 27.9615434563 27.8857806342 27.097286201 27.0454767302 27.6934006009 28.0151006118 27.183313911
28.2633325977 27.501021508 27.0231441359 28.1258645223 28.2123404636 27.9613084615 28.3220566075 27.5040654046 28.0266363255 27.5264921411 27.0847382724 27.9200728134 27.0692344673 27.284964444 28.3832275459 27.0627199569 27.4837511263 27.6353521792 28.2587354437 28.0595936791 27.7634629541 28.1670944827 27.4918565139 27.2650411432 28.2105895273 28.1748067143 28.3307438734 27.5428230704 27.1611354247 27.0664235259 27.3274242325 28.1718218202 28.2094763734 27.0542319277 27.4270437964 27.513193964 28.2818721271 27.3042147015 27.5914332797 27.0791612064 27.2107355325 27.9666221174 27.1019296512 27.5417728611 27.26611712 27.6875078622 27.5853044163 27.2155812709 27.2838946528 27.9271132545 28.3038346005 27.3590989938 28.1776386283 28.238262768 27.170238303 27.7732921124 27.7239190774
27.2462436917 27.4315934746 28.016280905 28.1044524495 27.00878066 27.3225192773 28.1451337329 27.0618725187 27.1256679726 27.5002007299 28.2514805312 27.3970408848 28.3602056633 28.1182240049 28.3056356171 27.773094927 28.2604133873 28.1843758287 27.9168408321 27.0103059021 28.3042805642 27.2712596429 28.3775195888 27.3503385152 27.3674605165 27.0872433731 27.2320484368 27.828474264 27.2260654304 27.8824902772 27.2443223191 27.9023914811 27.5452713828 27.3652287987 27.3089975497 27.292207761 27.6289238736 28.3301076138 27.9482046317 27.9013187019 27.939919578 27.9691201743 27.3308096087 27.9829087856 27.7882547844 27.1859510803 27.4529716466 28.0709527805 27.2543812361 27.2418164499 27.190209709 28.0113956833 28.1687503298 28.1547160397 27.1026462658 28.0679527836 28.1621311421
27.6024384336 27.5701814331 27.8124421926 28.3783988478 28.3625417918 27.0471991774 27.2577797771 27.3444905933 27.0745937114 27.8212449392 27.5192067939 27.2575738185 28.1927267639 28.1922068381 27.4913875159 27.4634812244 28.2515532346 28.2571146269 27.4215568485 27.0553434285 27.0251172011 28.3319694059 27.9013752426 27.8567178305 27.3570134439 27.8140532553 27.6135763897 27.2806005792 27.4864680435 28.3300422425 27.0818519587 28.0630796828 27.6231439168 27.6113219904 28.3814616459 27.8964908918 27.2683535823 28.3904436549 27.7686856259 27.9164659233 27.3232535094 28.1927285911 27.3211662542 27.3108002145 27.2296157613 27.9659606053 27.6307285801 27.9549265019 27.1326044383 27.2431902607 27.3120785661 28.1841128979 28.2279302296 27.5361322937 27.1640140951 27.2959395425 28.0728131848
27.4413501148 28.1411632707 27.857133228 27.5533200135 27.0233660276 28.3522429683 27.260246698 27.6519060456 28.2563233467 27.696214289 28.2605024689 27.9279669909 27.7127582233 28.2121993823 27.0446178868 27.6221471517 27.9278806233 27.9886143178 28.0222545767 27.4610363372 27.7104812224 27.1731225922 28.0670037106 27.1078266493 28.3184112032 28.2605079246 27.2457200834 27.8207904949 27.3371621912 27.8120279872 27.8864032643 27.5676909735 27.4525076135 28.1186591238 28.2180683912 27.6789068252 28.0271859972 27.1775674302 27.6615602305 28.2362862165 28.0044474451 27.312927193 27.0257573522 27.6713747359 27.4598080133 27.1142369507 27.7395804261 27.4407144362 27.3502911462 27.5670803803 27.5940173021 27.2743273731 27.3724458345 28.2552032139 28.3981648021 27.5928638085 27.2280537643
28.1488231141 27.8963712845 27.9828696977 28.0023916454 27.1187513725 27.9535802233 27.3124842923 27.4434587045 42.064859078 44.3872225989 44.2147592976 27.9306768373 27.4731229358 27.417959569 28.0635627527 27.9119539448 27.8184802187 27.3681050903 27.5518085269 27.8981694421 28.3692456851 27.2756584407 28.1882664466 28.1014285671 27.3941594806 28.0551690723 27.74581102 27.155386723 27.0866540019 27.2929729597 27.1326528371 28.1811471991 27.9971415673 27.5592643766 27.4500848128 27.320499903 27.9283948598 28.4107673862 27.5343658811 28.1587315495 27.471675406 27.9307176222 27.5892856996 27.8217295242 28.123270205 28.006938497 28.0701591265 27.2498736083 27.6239459155 27.5448399918 27.0846166556 28.0608850129 27.8820851871 27.7147615245 27.9833916798 27.8330135776 28.3263949547
0 27.1998082127 28.0137584761 27.7350955415 27.7168965042 27.8296026521 27.1731974639 27.0324355892 40.7940383906 42.1089220666 41.4403126209 28.0240659029 27.442185855 28.0220935331 27.0583124022 28.2801591186 28.169908712 27.7983112396 27.5270736684 28.0813000483 27.9845389946 27.3163772117 27.6126463351 27.0681565201 27.6057470181 27.2225002997 27.3798020605 28.1222182704 27.4263830909 28.0944659383 27.0686443424 27.7586942629 27.4785633265 27.5117056118 28.1540254103 27.5139736016 27.6622020471 28.2841513387 28.4016242282 28.1257124407 28.1899251787 27.6854572525 28.0305975142 28.228697878 28.2883980129 28.2365271 27.0511404574 28.2646072696 28.1565771543 27.4190431777 27.2160469546 27.5782454327 27.176489084 27.4031843517 27.3319724706 28.2119020767 27.5226874544
0 0 0 0 28.017315748 27.9771245473 27.0670900217 28.2097595157 48.1653117945 50.4387336063 43.9201852914 28.3873879794 28.1706116222 28.3825949487 27.2637287698 27.3941227536 28.2668359936 27.6363743043 28.0179675135 27.2242329989 27.2346392743 27.9679705995 27.7120350716 28.2118925074 27.7818760765 27.2097922805 28.4023087887 27.1664144685 27.8776403393 28.1073241485 27.348923049 28.20306137 27.3589013343 27.9424320388 27.1244114306 28.1270760564 27.6260718372 27.8078269098 27.7798837125 27.8713210517 27.6198292638 28.4119103343 28.3765229292 27.5351361231 27.8820450116 28.3064133751 28.1216699641 28.0374310993 27.5821555585 27.7318908069 28.1382516275 27.2166404298 28.2948518112 28.387850647 28.4065917719 28.1274866083 27.3903336258
0 0 0 0 0 0 27.6574358486 27.9490676884 27.450791135 27.4226158129 27.0484902965 27.3559828041 27.5454726401 27.8100074901 27.1290022257 27.5781648172 28.1802575042 27.7218033055 27.1595353777 27.3745322388 27.1517025607 28.1546197996 27.3912924094 27.0578280558 28.367245015 27.574718031 27.2936200379 28.3043202904 28.325327158 27.3670631632 27.7737044834 28.1748723366 27.9271624509 27.4619594472 27.291007304 28.2875302157 28.1546961289 28.3703263439 27.0383277626 28.3881030723 27.0228665364 27.0496106129 27.6671113185 27.5423533034 27.7227355084 27.9357016086 27.6909652895 27.2469819568 27.0750209439 28.2094926289 28.3451092162 27.1706763993 27.8284731932 27.4794319355 27.0031809185 28.3776570504 27.2675583863
0 0 0 0 0 0 0 0 0 28.1040226856 28.344684234 27.8823830067 27.3160401884 28.3324545901 0 0 28.3200482043 28.2242685661 27.2585933412 27.3736871816 27.5431436444 27.2999925318 27.0702338002 27.3340607749 27.3719330977 27.953234279 28.0613983844 27.7671569497 27.0391746413 27.8453125321 27.0198904587 27.7732042858 27.608582954 27.9421237733 27.5307021671 28.3687506496 27.998049168 27.2597059189 27.5511870102 27.3122845339 27.2821027452 27.3399062967 27.7880063042 27.1121070863 28.2095856802 27.7327076356 28.1885277567 27.9453265369 27.9807435737 27.9444829125 28.1472697741 28.2561526277 28.144424249 28.3055432982 28.3746429 27.4366518352 27.6708348775
0 0 0 0 0 0 0 0 0 0 0 0 0 0 0 0 27.4208324449 27.3993642214 27.6372756962 27.9134449147 28.3242148952 27.2949596759 27.959941393 27.4454288509 27.900554258 27.1472051241 27.8717508678 28.0035009438 27.2879797932 27.7758245348 27.6089545519 28.3583095695 27.3617628454 27.3664317538 27.8806829179 27.5446284962 27.4208533934 27.7664112963 27.3240845605 27.41228364 27.7106721678 27.5695361607 28.3435953671 28.0991978562 27.7769631519 27.3355526083 27.7412538941 27.4341719444 27.9454311379 28.2565528275 28.2788301909 28.4103555531 27.1861904558 27.0646379027 27.9951518265 28.293305961 27.3099890123
