Spatial_Output/DEC/DEC_0700.asc
NCOLS 155
NROWS 192
XLLCORNER 196307.867259
YLLCORNER 449144.565805
CELLSIZE 33.573938
NODATA_VALUE NaN
[rows 26 to 51 of 192, columns 57 to 113 of 155]
25.1549563968 26.8290879173 28.3245283229 25.4585298871 28.9764785433 25.4054044253 25.9740779702 27.365561707 25.1468376112 26.8663069203 26.1824349009 25.2691821163 27.9578991403 28.4954038776 26.4211052591 26.6383215614 25.0573532845 26.713814868 29.1371658279 25.0810989416 27.075893921 25.6299053417 26.229198959 28.7464852082 28.612797609 27.6070541037 0 0 0 0 0 26.0971780041 25.6019433785 27.8026706691 25.9248857854 25.800941913 0 0 0 0 25.9292645442 27.8239339358 27.6074975533 26.6010321209 27.6640617017 28.4041287698 27.9927965425 28.5245765651 25.3835215213 26.7554620607 26.9667489627 28.682038218 28.6325846505 25.7549227642 26.1536848286 26.2381493021 26.7176180432
29.2415911355 28.3873391089 28.6953340919 27.0331740597 26.7845508809 26.6800365273 27.030773584 25.5366248918 26.2415854732 25.9310075603 26.8329440365 25.4821264481 28.437332019 28.3831836925 26.2430089503 25.2072184975 27.8747175896 28.4161943972 28.0695507355 26.7623652429 26.1289124531 28.4887207815 25.2886996721 28.8209879123 27.762729363 28.4309148349 25.0532651218 26.8864067498 29.0403830599 26.273801515 27.7619134841 27.2459697793 25.5069184897 25.0803401667 27.6708325651 28.3889668979 26.7465340512 26.5926197131 0 29.2299376208 25.1411868212 27.4700245702 25.9890217129 28.3141368099 25.8578503628 27.6852640798 28.4239960582 28.0317991445 28.7582916824 28.4065517256 29.1337503962 27.4637788217 25.7752900826 26.1091368514 27.3303110957 27.1812960617 27.7153887708
28.8875409757 25.3851248337 25.4497375383 27.0305265682 26.9329832791 25.6954614795 28.5328823675 25.6378920488 28.2671782231 27.6591738579 27.9434686962 28.1762299807 26.2789948115 25.3176340502 26.3841538013 28.2132418616 29.2173007068 26.273775526 25.9191713194 25.7373138392 28.8200426838 26.4058810131 25.3099944365 26.3127299089 28.4810009339 28.6083060138 29.181276048 27.5964571672 29.0876584788 25.0657358959 28.9151880743 25.2541478081 26.2974257904 26.9596776715 26.5407252044 26.3911885249 27.2426817585 25.2037362464 25.3781087282 27.9780006105 27.3956335104 26.5075354371 27.9157190109 27.7471531227 25.6253249612 29.0797667201 29.2209835473 28.4686403276 28.0020046779 26.7015020373 26.2920573792 27.894399148 26.0193817894 26.7512014017 26.6896719684 27.8529428587 27.4280095881
27.9841303727 26.6504965953 29.19009132 26.5756523282 27.9061007251 25.7917703805 25.0379960256 26.7084186484 25.5548743992 28.0567952227 29.105562669 27.9797327865 28.2955796554 28.7951682553 27.9824122316 28.9385027216 28.4475272527 28.1864518759 28.6377677437 25.6671556037 28.9374466412 26.6636586132 26.3978094166 25.5605195114 26.6538516178 28.5440919227 26.8541355053 28.6467156656 29.0161314161 25.1439187605 25.5016629546 25.014436854 26.7358887182 26.0926596095 27.6595591329 26.7292753492 26.568403891 26.0085770229 25.0778436552 27.9576724535 26.5914674915 28.0525797162 27.5713628399 29.2422529226 25.0341904201 25.1632055039 25.6326600548 28.6090404398 25.1024567659 28.7008340613 28.226516519 28.0446482998 25.8622105898 25.4196581113 25.8929845859 28.0112376362 26.4985111679
26.7880438417 26.9695089351 26.6766988067 26.2106616984 27.8544702171 27.7789637459 25.0052771092 27.2933067545 25.3073710346 27.6828268556 28.2804903867 25.5608982485 26.6855637487 28.6923239796 26.165675324 25.1413256858 28.4605665066 25.9944580348 25.4687091658 26.056467549 25.4066305068 25.8073654995 28.8074575908 29.136002405 25.8572952572 25.3328671057 26.2436305418 28.5847208459 27.2335000345 27.2367770767 27.6283616594 26.1629247761 28.948053962 26.8446969658 26.1561924077 27.5582818435 28.6455685431 26.6209329057 25.724224429 29.122662377 28.7536053643 28.1753262702 29.1990614782 25.1720601156 28.4682008354 25.7261784535 26.6618052567 28.6785716122 27.5843624202 28.0044662667 25.9880788866 28.7000707904 28.4564082596 26.926719594 26.4324520728 26.6057628357 27.4157582651
28.7893248094 27.74226645 28.0220960386 25.6025150559 25.2105719509 28.1753344443 28.6352603787 28.4614220018 27.9253773104 25.9719155424 26.392807173 25.7377625996 25.7815024536 26.8902273051 26.3142254186 25.6928451641 28.4571351227 25.2905182005 26.6565286737 25.5145370727 27.2781537873 26.572856245 26.9977677248 26.7587258803 25.1373087616 26.6727870923 28.7118680133 27.3966271528 28.9183400214 26.3713877044 27.9765924065 25.2208556875 26.2348245932 28.6609965714 28.28234279 28.9860214329 26.3956713291 27.8413279755 27.9696583923 25.658224876 26.0269562502 28.4132235828 26.2970454366 26.9106085481 25.274649835 28.7090643621 27.7291238633 27.0070259809 26.3616010417 26.2260695058 27.0231821935 27.962975063 27.1707104716 25.6106214336 26.6102933179 28.2644304783 26.7618033512
25.2323911167 27.6619441155 25.9164595691 28.1794398374 25.5080189273 27.5160513058 25.1184961962 28.0173838328 25.7828382223 28.6025175551 27.5030162083 28.4013417402 28.7013689772 26.4941930859 26.3160473186 27.6539118423 27.590800114 26.7224637825 27.4490058085 27.7495926662 26.8934083735 28.3218881838 27.4023792508 26.3074448028 27.7252746276 28.173014893 27.4152903675 25.6480023446 28.1312923648 28.433703194 28.2586002586 26.6819385746 28.2823966995 25.2082825878 25.5898110761 25.0447783527 27.20352366 26.5952158539 27.2167221879 27.0618933577 25.3953576422 28.0527809926 28.6703669574 27.9561005062 29.1063628201 28.6376251771 28.9348719438 25.9530673128 26.9103834663 26.2865881361 27.9799273108 25.8951252529 26.8582374693 27.1902520787 27.4853674826 25.6929292131 26.6698468629
29.0552209194 25.0677383927 26.0082884726 27.726497466 26.0950019701 26.7300013421 25.8814047693 26.5714513108 26.4127201673 25.1849600103 28.5157900649 28.1375005036 25.1673806513 29.2053178134 29.1541292413 25.07845164 25.6812107392 27.3004041626 25.0725275366 27.0619443468 28.3634909196 27.21966728 26.5828938917 27.5147301158 27.9347098433 29.21288517 25.688569502 27.2574489372 25.2725069009 26.3518679343 26.7307760333 25.5879801727 27.9539312965 25.6967761172 28.4883137879 28.0262450244 29.0956751923 26.247399988 27.7977115172 28.0144798136 25.6955316637 25.8789829509 25.2620723572 27.8348397823 27.0265365395 28.5066377182 26.2116475408 27.9446184773 28.4658203688 25.0126020541 28.2167420846 25.8427670772 25.0638009382 27.4482976992 28.0638794402 29.1431618138 25.3984963228
26.8744990907 27.2012851835 25.9018274898 25.4615256646 25.8972250183 26.0290219403 26.0005195418 25.1927064743 25.6953790928 26.8220665831 28.4629715116 27.5551637821 26.2508964084 27.7345219816 26.7661962342 25.116194343 26.0067401525 25.7309978281 27.2009562102 25.734437886 27.1571515103 28.7829646644 29.0905145584 27.3959029102 28.2089956643 28.4116241861 26.0229744776 27.2879704236 26.2881684342 28.3559241302 26.5410604781 28.1735842812 25.4693598482 28.3225544002 25.1224826916 27.3123759472 26.7438204091 25.3843619123 26.2172686216 27.7303866087 27.0642977795 28.7284642386 25.3866984677 28.8999240299 28.3678431921 26.4731532519 26.0430081327 26.4292569539 27.5160080268 25.0192852006 28.9791114806 26.1538638451 28.3560930392 26.0541575711 25.8973480448 25.2567070693 25.675355048
27.9871808836 26.1900351514 25.3960518998 28.3816684674 25.6911231506 26.7152025346 25.0084669949 25.5741951014 25.3228328839 26.0879082953 26.4541645131 25.2356109939 28.0372390003 28.3041769716 27.1953814386 28.8147625668 28.578231641 25.6053553158 27.7774018868 27.9856981769 25.9043665063 28.007602467 27.3736934056 26.6588142544 26.6979391088 25.215547399 28.6141422634 26.234134449 25.2154744907 28.7254500054 27.7682889566 26.4101613712 27.3846597034 28.4999267094 25.6421956124 26.211423307 25.2068598136 25.6288839686 28.9145990452 28.4443306762 25.5031837861 28.0801959842 29.1459342435 26.7265338298 25.5560603193 25.0717362036 28.1215090416 27.3654038266 27.5464354453 28.8573635972 26.8090256509 28.6482776656 25.4811074925 27.7031773337 25.2602813132 26.9511560766 26.8861824385
25.6589119066 26.4717076223 25.2656836315 28.3146712964 26.5957080305 25.5623945592 27.1518070283 25.1451238247 25.5351732777 27.3071457537 26.8415767184 25.9333691889 27.5234871402 27.3325732636 29.0469511783 28.4703066384 26.0298701928 26.5580058852 27.4138213746 28.6204394396 27.9983999886 28.88997647 27.2699840603 28.2547152746 27.5686072569 25.4627234134 25.2358765611 26.0758494768 25.6267131383 26.8777781272 28.8329427356 26.7052418195 28.8079776591 27.0345798851 25.5278078199 26.6359304673 25.4976897959 26.5611243519 26.7229544467 28.2480331905 29.0275362845 27.4250866757 25.8676985864 26.2905488919 26.8501044614 25.7723478785 27.2568846961 28.5981685892 25.4959083076 25.3636731552 28.9535599359 26.4073275914 27.8492465611 25.6906609485 25.0879312958 25.0231412803 29.0127384775
26.4731262136 26.5144241201 27.9950008406 28.3158106837 25.8915715108 25.4749818149 25.7777577325 28.6832333835 26.5624966259 27.0757351521 29.2139115858 25.685196285 27.8945709856 28.3277389192 25.3793987345 26.7641693113 25.0922204634 28.9078764396 26.7699190978 27.0052963481 26.720013665 29.2001861065 28.1811320144 27.2211920277 25.615626199 27.4795369986 25.7865554476 26.4934961244 28.3677874983 28.7290657051 28.482379236 29.1351359201 27.028664563 27.4063931754 25.7205027561 28.0784409196 26.6696172577 29.0513929137 28.6293825007 25.1578041559 25.967791234 27.5147602258 25.7130059693 27.9407669507 27.1375089421 25.3485434627 26.9953102901 29.1356641455 26.6817279003 26.4600780249 27.2266086763 27.0491742093 28.3763856592 26.6291385859 28.2082442707 26.0240628132 27.2778392538
25.4153813323 26.2892621781 28.3091603728 28.4226547623 26.3503154081 26.651781118 27.1498118171 25.0123996471 27.117452619 29.1467314258 25.6959862468 26.6594313361 28.1983640316 28.6726460868 28.0357510617 28.1005606085 28.4701643707 28.4631909115 27.91276061 25.2407567463 29.07165057 25.8547113287 28.4977399714 27.1740299534 28.9162958623 27.0438534106 28.3639435442 28.0473768228 28.0363727167 29.2077322336 28.2221898143 25.2678679123 28.1008940323 25.7692085807 27.48967881 25.5729301744 26.2569269142 27.8169788644 25.1256410641 29.1938079358 27.9306227667 28.1140352852 26.1894355612 26.1254418835 27.8746376418 26.0257824481 25.0673102584 29.0571166839 26.5318564941 25.439883074 26.0011213863 27.0971418561 28.013846261 26.0504222588 27.7463502062 25.900966506 25.779295748
28.1960395756 29.2334553645 28.2396676659 25.3814243711 25.0109136299 28.3279829298 25.6714604563 26.8722603838 26.8953742075 26.9887596574 27.1633270604 28.4094788529 27.4519139481 27.3689435137 25.6570473412 28.8069782089 26.25028895 26.0688497287 25.6720031471 29.1883239324 26.6202497801 25.0413195525 28.1283625694 26.52392534 26.8706370814 26.0148207501 26.2059327056 28.4669484367 28.2755939181 27.3698105313 25.7402300037 27.7049276427 26.7832433737 27.3026024772 28.5633963684 28.4675357187 27.4101501857 25.8148775913 26.8530116872 26.2402271432 25.1840791194 26.0022314406 28.7901309073 28.1974231607 26.0070097882 28.3556247406 27.2946698192 28.0302379719 26.7616567746 28.7296084551 28.1928254575 25.9817708206 26.9561739152 27.3865144311 27.5685687471 26.8343713463 25.1559035401
26.727877319 28.9734969592 26.0946254206 25.6895632581 28.4828666133 26.802136817 26.2688780114 27.0994280813 26.0957159419 28.1201151803 25.7561319287 28.8665903329 28.4842356396 28.8724704918 27.5002620837 27.1210326387 25.7537576174 28.1546163285 26.6021144909 29.1598449211 25.5849599465 25.324765484 28.059897084 29.1788645403 28.6877984947 25.4342228447 26.4103867233 28.8871102991 25.4341567983 26.6404622948 27.087518112 25.0473584019 26.5912177424 27.3381067161 26.3679471352 29.1359938425 26.3158657829 27.2476903089 26.2596671405 28.757970361 26.9473730795 28.6033197606 26.0572475497 25.1215508335 27.623247453 27.4202287063 29.0487879709 25.1145936705 29.0092657756 27.5690770798 28.6130654076 25.3680093693 25.7599241981 29.1672333192 25.5960977229 26.4885549516 29.0867962606
28.5294496556 29.21809315 26.8104688696 27.2970803534 28.8319303079 26.7826671531 29.1987185094 28.1683385892 28.1846841375 28.3692248936 25.2442796077 27.7834281909 29.2210951717 29.0181044007 27.2686906463 28.0196852299 26.7149416721 27.207978851 28.2064097912 28.9710360173 27.3959391071 27.9690195064 27.3982028194 28.2625143 25.2622366413 27.6971763674 25.9003629594 28.1626585954 28.6189356361 28.2644451717 25.8544014499 26.3461240092 27.0668333454 25.5484228041 26.725764358 26.5739734511 26.3948055508 28.5625763791 29.0536596801 25.9218704627 28.3967134028 26.6295873838 25.0150081642 26.4539210868 25.186017093 25.6683879249 25.4173219976 29.1797322547 25.3457224125 29.1716031199 28.3479263708 26.2336982008 27.8346327918 27.9050241888 26.4028257467 25.6031266105 28.9813742193
28.1128462157 25.0314583206 28.0203961279 27.3577117466 28.7922163908 28.4406930779 26.1135781929 25.454253701 26.9379761641 26.5038313387 26.7696305926 26.9013355014 25.0627257802 27.7181113247 25.3370294769 25.4401952278 25.78627096 28.749578619 28.5364321193 25.0533599564 27.1384539903 25.0434949091 29.0694672942 26.423545813 29.2263086488 26.9657948617 28.3926747824 28.820452136 28.9702608818 28.3419373006 28.1122393802 28.6192283689 26.935690118 27.3280000231 25.3904759614 28.8230451979 28.308353642 27.036582327 25.0610647976 29.0128904465 28.5954705151 27.4935411059 26.0724273365 25.689735103 26.311158246 27.5066414532 28.0771946408 25.9034512482 25.0081652826 26.4122044467 26.2236826392 27.0613286169 29.1439745586 25.1703524998 25.2703103965 26.2710630197 28.377534763
28.8248441281 25.1324660383 28.0060720754 27.2971670009 27.0353916482 25.1598714951 26.1447217639 27.0098822286 25.2766799851 29.0055061586 27.0228228181 26.6439014205 28.0794500001 25.3245752079 28.5689434929 28.5715135193 25.0964470045 27.5046388451 29.1880241594 25.1468418216 28.7320761376 28.5565931599 25.1098022785 27.0661872758 25.3712383069 27.392435201 26.7781863564 28.6733679369 26.7027258832 28.1326296622 26.118976606 29.0147093456 26.3665227677 25.7447218204 25.6169030656 25.7289254739 27.9994396721 28.4811021666 29.0708995481 25.3459736069 28.749562381 27.1706671631 25.1472771931 28.9980754759 25.5060610712 25.0027654743 26.5529365937 29.2150486933 27.4656224332 28.49613819 25.0977328768 29.1606972867 28.3147053904 28.1617294823 26.0469225573 27.5862532282 25.8903940287
25.5483535415 26.3621302453 28.1309372517 28.5160949877 26.4336009332 26.868532394 25.303388575 26.8012012752 28.6518727922 28.863324397 27.5962202637 28.6402368505 27.7289608225 27.5428250803 26.435045716 28.0581512526 27.8363842825 26.9291685909 27.6168743986 25.2033265448 25.2057948167 27.2004573757 25.9470294311 25.291590977 26.9143137727 28.3897769161 25.2465031922 29.1527221158 26.7836181754 29.1753216907 28.6286000036 27.5699655616 26.6525762707 28.7442852932 25.3054418116 28.7903739832 28.6156909324 25.6432863796 27.3331051538 27.5842773713 26.982127891 26.7893820058 27.7258984486 26.7717883828 28.3255685444 27.6673177294 25.8181754373 26.0587156172 27.0414648102 27.5594634712 26.2150773164 27.6640177559 28.7457888671 28.691258081 26.6434745212 27.3204427193 25.8186688362
26.448086282 27.8410048211 29.0949649209 25.625718522 27.4273544583 27.5305701492 26.1046274416 26.6123395167 26.512101635 26.6823456502 26.5761363917 27.069359969 25.6400039184 29.2298839147 25.1462932686 26.9366741101 25.8794689389 26.9849885841 26.4501676478 25.0159243127 27.1206595695 28.6419767146 26.3370473106 26.8824637445 27.9061687195 29.1821851411 28.2396007602 25.2677949923 26.0920590652 28.2547667461 28.7838358386 27.3013639109 25.2180163203 26.2108768865 27.1644271843 29.1987492207 26.6757406708 25.0763543455 26.4475056424 28.0278604825 29.1845686156 27.9207076947 28.3101080593 27.6885625574 28.2904770027 25.8127612659 25.9774489324 27.7181830719 25.5814834878 27.9035366974 28.4097858059 27.4330891286 27.4182310607 27.5563301418 27.6076597441 27.8793221876 26.1219397944
26.6647443782 28.2233448946 26.9457778118 26.0268922678 28.7685439232 27.8490009326 27.1180074524 27.5031586796 27.5631674411 26.6548644143 26.23877003 26.0867162298 26.0467667853 26.7398401415 25.7247694272 25.6166052981 25.9383950647 28.5428789228 27.5306141424 25.3803573839 25.8193501353 27.0804753046 25.2229230502 29.0615858928 27.0462755397 29.0207061973 28.989402866 28.6549419385 28.9557014436 28.5848250089 26.9034680944 25.5898874524 29.1463232606 25.4860535957 26.4512163003 28.6769057781 26.2015325256 26.8115677099 26.4725132233 26.2845472835 27.8328396357 27.7118910909 26.6532988712 25.0778116272 25.9421972746 28.3897228666 26.7536721738 25.0999396731 27.8782981874 28.3798811848 26.6762988674 27.2588807289 25.5274234616 25.4765032092 26.1512996583 28.2168961109 27.0127723933
26.3914228045 28.2241226937 25.5851225138 25.1351212524 25.5389779273 28.0356732839 27.7118161651 25.7519803652 28.69927551 25.9619783148 25.4950178587 28.4089546699 27.5098314159 28.2934840196 26.2396749121 26.5035802571 27.5472976615 26.2122213979 26.5550516483 28.6433870692 27.4935311074 29.0820559671 26.651274071 25.5707555281 26.8955631712 28.86096895 29.2244011629 26.1402824852 25.5486357818 25.9219474418 26.4978770386 25.0639022989 26.7706428786 26.9010938453 27.7222965134 25.5474520346 27.4445071314 27.3363874547 25.3335968887 27.840341096 26.6461225011 28.6609854241 27.7306550433 28.0277914264 27.7091947486 28.0492128519 28.8765615012 28.1352086014 28.4367319371 28.5923650868 29.232434234 28.0063959864 28.7525740263 26.5916222525 29.1630015388 25.9694053689 28.1521124865
28.7444634644 25.9563697762 26.8198824272 26.3349389676 27.876933515 28.437850682 28.6910539481 25.2013728906 27.7115615486 27.7884110227 26.0001218748 26.7524782228 26.8053391936 26.4574670776 25.3757602202 25.0812920239 28.9450487326 25.1586150518 27.4709405251 25.1266193799 26.8599718795 28.5864491983 26.1536019705 27.9499463184 27.2519763266 27.3860438318 25.9345258042 27.1735638068 25.8526922586 27.5356638129 27.1397209682 25.950784581 27.9197956722 28.0253578728 26.2776796468 27.7946177964 27.6866963054 26.0010141405 26.3978749132 26.3523205324 25.9087306453 26.6297192766 28.1284546658 27.7806967365 26.8845454918 26.052706234 26.0941209976 25.7176232898 26.8726171747 27.7098678714 29.1402499441 27.6755229182 25.7060633837 25.7045063039 27.6780395112 41.2552146043 39.4552576416
26.351082102 28.0985155621 27.2235046042 26.739561115 26.963199279 28.8945254784 73.8730248676 27.3836142346 28.0686244139 25.3208087981 26.3432934458 26.4724353612 25.4376446887 26.7530356187 25.8059116522 28.4598019622 25.977395687 28.9239352944 27.267639096 28.3282606794 27.9691589312 28.4594030229 26.4252493371 27.8369151737 27.4326317757 26.5803310382 27.9151688821 27.5966100128 25.5105909367 28.0464658774 26.5186062949 27.6465187596 29.0668176557 26.7397096075 27.5893205646 25.4689760421 25.0950339925 28.3077375445 25.3891557704 25.2766639089 29.0556371685 27.4665183661 25.3365655798 26.4409714221 28.8704146263 29.0679739727 27.1144096558 28.1101981967 28.0141509108 28.0867330021 28.2557444152 28.8249530546 28.9154767613 25.0040042978 27.0337082673 40.0196434653 35.2702712873
25.2857188208 26.4569907276 28.2327960707 26.7691196592 25.4283012132 25.9120204011 28.0786684348 27.2557211243 25.5310928526 27.8826730216 28.5989703499 29.1208534808 28.2018908368 26.1263937653 28.0982272282 29.1135191945 25.3562644171 26.1825089113 26.4271781493 25.6081885487 26.0744111199 27.0630578477 26.0601510795 27.492842114 27.627010424 26.4037249338 28.02059975 29.070510721 25.2193791389 25.5099528309 28.7996049878 26.9780439108 25.7855054971 28.101623059 27.1073925581 27.6239684293 28.9739626365 29.1309116991 29.1851128321 26.5362505861 25.5614629677 26.4848510978 25.6073145312 25.6190898042 28.8207413403 27.0493380782 28.2598523982 27.8904196285 25.1425970933 26.9850208564 25.1996345085 25.083264215 28.1344610602 25.9015270427 25.4680242156 38.4754095989 38.4087011717
26.3108451096 26.3841401428 26.6799974888 26.4772602228 27.6882942518 26.3481187141 27.7101506785 28.5519748042 28.6519567608 27.8276479924 27.1072514062 25.4289952931 27.544259688 26.3184964032 25.2036453832 26.609077358 26.6431068788 28.9431418381 27.717161662 28.4321079316 26.0792038351 25.1581099495 29.0360712639 27.0240797102 27.0678132753 28.9393776107 28.0345114455 25.3565572421 26.2454925418 28.2693427585 27.8283492457 26.9490326633 25.0889348241 27.4126187123 27.0892851012 25.6813957355 28.0203840855 26.7606629686 26.9374681421 26.1517488113 29.0833366886 28.5091031977 28.6535123741 26.9864230841 29.1126682425 28.2497235468 26.0892833915 28.1273865684 28.6478290101 25.9741966784 27.0669819142 26.9291360073 26.8584784392 28.2434043894 27.267074173 26.9707932687 26.360509472
