Spatial_Output/DEC/DEC_0228.asc
NCOLS 155
NROWS 192
XLLCORNER 196307.867259
YLLCORNER 449144.565805
CELLSIZE 33.573938
NODATA_VALUE NaN
[rows 130 to 155 of 192, columns 57 to 113 of 155]
46.2734109667 46.9824160202 46.3279476836 47.3084492424 47.1614632931 46.3644127996 46.3148268464 47.0580512471 47.0836102553 47.2265217226 47.1498760009 46.1725027595 46.6868620398 46.6524901631 47.310713375 47.2336448965 46.5257256096 46.0387097237 47.0001583573 46.7475236293 47.0702574227 46.4859488031 47.11344818 46.2478828906 46.7841276873 46.774281358 46.3834277395 46.0214296811 46.8256306652 46.4502177833 46.1050933248 46.8006457288 46.4224484247 46.1336965796 46.3236488192 47.3139718695 46.9360513987 46.5272035153 46.1094632942 46.3127600044 46.5213229114 46.4410317234 47.0377195027 46.0849865946 46.1678873257 46.8414708899 46.7300293727 46.2219119273 47.3170285298 46.4451683235 46.3689404735 47.2842633875 47.1128614354 46.3288078202 46.1595583127 46.3059815581 46.6667706857
46.9797943788 47.2262811579 47.0422146346 46.2072004768 46.6859783413 46.7648692785 46.185384891 46.6701991917 46.0440981564 47.358522349 46.7557430246 47.1999497501 46.4603413422 47.2910898546 46.3656859345 46.1160195924 46.8918659547 46.4934373435 47.1344118742 47.264364366 46.4874045571 47.3515899048 46.3126715131 47.1924523995 47.0622327097 47.0880035685 46.344574726 46.6225380319 47.0525992337 46.67297292 47.1102584008 46.9757057047 46.2855306022 47.1259241819 46.1881975515 46.9056208491 47.142326231 46.9511283513 46.8602907581 46.8103099272 47.0144416907 46.5881414953 46.0160555772 47.1026469239 46.5626185055 46.5304339208 47.2897956851 47.1199501992 46.9152219198 46.9998623179 47.1857867015 46.2401561107 47.0614011591 46.6961571175 47.102500576 47.057193007 46.1401112728
46.850463863 46.1793152808 46.4977903769 46.4089035344 46.3512877066 46.2010853562 47.2901324159 46.002115958 46.982164013 47.3493324987 47.3620132235 46.164904612 46.3495677934 47.2118923823 47.0408057952 46.3435181009 47.193111688 46.3628056808 46.0441002154 46.0913201016 46.5205794937 46.9768266621 46.4987455261 46.9494553561 46.2595077069 46.1950685012 46.9314623805 46.9646356486 46.1498726242 46.3334823265 47.2589159939 46.7230543912 46.2556859704 46.1026990218 46.0536758876 46.7530900901 47.143344651 46.3101155579 46.6707912122 46.0623552295 47.4095063495 46.4139896713 46.6149576283 46.1090707461 47.2080501007 47.4119622126 47.2736449373 46.9398405562 46.410927193 47.1407445947 46.1111334244 46.9318209408 46.1902864369 46.8134452585 46.7843513574 46.3488290447 46.4065625439
46.8186991709 46.6566309245 46.261410447 47.2085381523 46.997522733 46.9608569104 46.1740660027 47.362600642 47.259425138 47.3836059721 46.6357102582 46.0619637088 46.3668592596 46.9183816628 47.2003596293 46.0109275337 47.1076153022 46.7501065053 46.8566685044 46.4130580832 46.5272747426 46.1393605572 46.9150773441 46.641690479 46.1172522789 46.2905795973 46.8377194864 47.0909551237 46.1905578761 46.2414210808 47.1272682361 47.1941072464 47.163850166 46.680652003 47.1943496662 46.8185615343 46.6915063453 46.5699582294 46.115899138 46.9500574816 46.1685655656 46.1464959166 46.410266575 47.220802299 46.6355181914 46.1377439784 46.1249358045 47.0768088544 47.3771162902 46.7391481076 46.2497786459 46.0703731577 46.3708026168 46.8115126093 46.0593443578 46.8023494347 46.6345304194
46.2568322762 46.9397741022 46.8039361396 47.2673022902 46.6060809562 46.1234337595 46.8873175049 46.3400046637 46.51940467 46.3856433884 46.1845989875 46.0787729209 46.3173557416 46.1185556389 46.5467645835 46.074737081 47.0463870303 46.0284088001 46.970370997 47.3927288521 47.0767648855 47.2937674397 46.7259829546 46.4511580619 46.4421167575 47.0498161842 46.3888514837 46.0791385454 46.4789499891 47.1618601198 46.0115768586 46.4671116493 46.2656052658 46.6383239708 46.196614478 46.7898547072 46.9047669052 46.1640714788 46.4510915045 46.2649637382 47.0685608268 46.7572715313 46.3184594593 46.7784865383 46.5826939093 47.3225006199 46.0946092242 47.3724926423 46.4952962492 46.1200561083 46.3906506627 46.8696534725 46.4011691499 47.0474825209 46.5061851178 46.6855393965 46.3612655231
47.3731720587 47.3390474223 46.067439981 46.9382146337 46.4753622139 46.1570730618 46.62036061 46.1431297031 47.3276365609 46.0385357564 47.2300529948 46.9658577097 47.2525379639 47.2139870195 46.0227148283 47.1128190407 47.0132107357 47.297624247 47.2413650202 46.3911928853 46.6263763108 46.2881086925 46.4022632728 46.9899888424 46.6247368599 47.0775920641 46.4772053475 46.0209381467 47.3001764613 46.9686996201 46.1688947383 47.1877855632 47.3796548584 46.5069859869 46.3649291468 46.66471454 46.6080314691 47.1399102445 46.9835708442 46.6399428367 46.5722192262 46.2022266094 47.075653118 46.5285911813 47.0820548145 47.0765442275 46.2419884471 47.3917566395 46.1564616592 46.5001833382 46.6621196048 46.0965564113 46.8462821905 46.9857079609 46.8981687159 46.9969868237 46.7188356116
47.0148566142 46.5749736899 47.2969870106 46.927179611 46.6173221852 46.4154932534 47.2100156496 46.687077715 47.2979746183 47.2008086622 47.1836329826 47.3065675159 46.3269133702 46.4785175914 46.8918050858 47.1675208622 46.1456573139 46.2595969712 46.7513539426 47.0717968024 46.9573248149 46.3738571824 46.832993286 46.1120455032 46.939025133 46.3626926807 46.1681819435 46.5283604513 47.1588453621 47.1188906748 46.9902411015 47.3286142656 46.076034892 47.3992628764 47.0690445439 46.274739581 46.938170924 47.0925187879 46.1718884604 46.8780145696 46.4341605558 46.8180572045 46.2765067345 46.6709413706 46.1374515175 47.2876737848 46.387297526 46.9510884729 47.2747642393 46.819702014 46.4184896418 46.2657371819 46.0968015075 46.9835873124 46.2935706151 46.7499946067 46.9165148955
46.6667601427 46.2217472549 46.5728375179 47.2616588297 46.1193609889 46.0978729518 46.1253063662 46.6746556361 46.6312175235 47.4101607324 46.3229579493 46.0139082773 46.9587854692 46.4923228175 47.3083991343 47.0789841304 46.7805869469 46.9595559104 46.2737103729 47.2334268889 46.6704990017 46.7460310807 46.4340820096 46.1531205156 46.9785272483 46.9707174517 46.9241188728 47.0243553706 46.637239931 46.9612129622 47.3525482406 46.1035247082 46.4172118517 46.1380241616 46.853395886 46.0199037313 47.3348165958 47.1013623498 46.9395968051 46.5414191869 47.0072776646 47.150502862 46.3043668076 47.1829827769 47.4113291277 47.2737245357 46.8622124094 46.8216638957 47.0292842434 46.5682743908 46.8526982358 47.1354404895 47.2078139786 46.1703087032 46.8719212577 46.4056817053 46.3535084905
46.8864027979 47.0529666794 46.3897517804 46.4209445097 46.8999898511 47.3215769738 47.3290418494 47.2558459762 47.1809568852 46.0906938573 47.0433195247 47.1669289061 46.4457827134 46.3858904767 46.608649204 46.6790678014 46.2551804243 46.6844466089 47.1709840373 46.1680547991 46.7417442816 47.2380588967 47.2859386121 47.0245800129 47.0871252749 46.2201088625 46.1959654747 46.9581752065 46.88668562 47.1511102945 46.6908078017 47.1269365882 47.3204091479 46.3929318251 46.4872701978 46.3803511572 46.3043049843 47.1487571027 46.2503323998 47.1777844211 46.3176290606 46.1264520003 46.8778750051 46.0168106404 46.4668276803 46.6194717616 46.1161299533 46.6072105512 47.2515114356 46.5008606832 46.2727199144 46.2187193075 47.2384612762 46.298492528 46.0596027685 46.7837546339 46.5074688859
46.1125871493 46.8557738338 47.0956727252 47.2642529821 47.0059404563 46.3739620768 46.5821151688 46.6621544902 47.1600223146 46.5079090036 46.1037981018 46.4440170219 46.5652097233 46.5160697049 46.6657264055 46.794849621 46.4557194651 46.0910752588 47.328006789 46.1431416454 46.7862503639 47.2664770384 47.2801818118 47.0636570404 46.9614850666 46.9986479676 46.65552688 46.9802345011 47.3015783577 46.2965544879 46.0079140352 46.7005082282 46.7827908308 46.0258269126 46.5957426356 46.9770255089 46.4918123542 46.0069331008 46.0758863038 46.4353872484 47.2862208064 46.8862809243 46.4828102193 46.4493974926 46.9764252433 47.3295583366 46.7191844215 47.367077053 46.1218535291 46.8737952742 46.0671028448 47.3349864702 47.0255953214 46.1841158038 46.5798029736 46.8824511708 47.0743510192
46.0806050653 46.937325778 46.2783718304 46.3312196643 47.0178751737 46.5137139818 47.2245800591 47.110940508 47.16089168 47.3684124524 46.4010363599 47.2033363547 46.0465710437 46.6576150743 46.5182930082 46.6440130487 46.4942261618 46.3235523484 46.3894811691 46.8504563907 46.38805643 47.3701767015 46.2914076324 47.0696324968 47.3987426312 46.4303415599 47.0829458359 47.2321799784 46.5699523778 46.7898232496 46.1158116233 46.2376078583 46.2203247533 46.9290729768 46.9826737366 46.3854081955 46.0071236889 47.3913553502 46.5023623808 47.3770111948 46.4045675767 46.6484796873 47.2364757927 46.4327657057 46.3504650842 47.1525646156 46.5904368448 46.2647782938 47.2553973159 46.0412684679 47.2164152151 46.4146650409 46.9932306507 47.3096731725 46.9316940191 46.4648932708 46.2594399834
46.5169900102 46.4613340904 46.8739637233 46.3770252518 46.556849803 46.3722852204 46.8045281281 46.550812604 47.1297182701 46.65045349 46.3011580186 47.0251752124 46.5379841156 46.0373570938 46.9619376054 46.4732211397 47.2469131969 46.3730423488 46.0053660468 46.4121607153 46.9568656124 47.1653425381 46.9218461506 46.9824793761 46.7670014272 46.3824020632 46.6013770286 46.8789126424 46.3150533583 46.7580926052 46.0798718846 46.7151570617 47.0335454791 46.5507697016 47.109205686 47.4121725193 46.8455914412 46.0502632501 46.9401289288 47.3426004852 46.3082742953 46.7432970274 46.3727724633 46.5321649248 46.2475363495 46.2975958549 46.3717799459 46.6627786992 47.0055725123 46.7411941245 46.0596198923 46.8432825125 46.4605841474 46.8727798549 46.0627214385 46.9578399566 46.2620421974
47.213143743 46.0647586803 46.9674331106 46.4964428124 46.6670387873 47.3678977458 46.285251566 46.1158789766 46.9994073899 46.0583365195 46.3887740948 47.3790610171 46.1214671658 47.230518801 47.3469997544 46.9083994218 46.1397203308 47.0523212349 46.1953782424 46.921405016 46.8838627739 46.552202944 46.8106718574 46.6421952841 47.3512554429 46.3395398022 46.3415681124 46.4430920397 47.0002077762 46.8716279621 46.1918563491 46.4467960953 47.1403712387 46.3328516638 46.0880634413 46.8371990668 46.9214050707 46.9228142594 47.2011852274 46.6171064465 46.1026029581 47.2394766088 47.2107005976 46.7019625624 46.0012498727 46.9819053767 46.9341532579 46.6491760985 47.2989286783 46.2399533334 46.672156159 47.1699497745 46.6480499014 47.0885071082 46.639087403 47.1318003043 46.8767258606
46.9189267133 46.1837503793 46.4170169838 46.0246589984 46.2272101025 47.1315612261 46.5501034011 46.8936339565 46.7567896144 47.251107671 46.9254534827 46.0004763943 47.068150531 46.5129407197 46.5527704894 46.3191924808 47.0447469595 46.5528403238 46.334106596 46.4319902459 46.0153717275 46.7665454641 46.30320681 47.3164971948 46.5508587084 46.7730986448 46.7560839063 47.0184797182 47.3511625542 46.8854975573 46.5414170824 46.6055946473 46.4188734267 47.1110072481 47.2666884755 46.2389674326 46.8734796358 46.8998493348 46.0844506743 46.5326711332 47.2121727949 46.0726106005 46.0283993632 46.2209201648 47.1088936752 47.0144889748 46.9490483267 46.8434900217 47.2983190756 47.1164328788 47.2329818678 46.3407156752 47.0609061553 46.9068337013 46.0768003668 47.3016127851 46.2254318351
46.0224729063 46.518812053 47.0471459927 46.7121024057 46.7667002447 46.4016264528 47.133980455 46.0128559865 46.1913488795 46.039852261 47.2919536359 46.007924579 46.9969843416 47.1234010858 47.1801694417 46.4336367849 47.3306414429 47.1362586209 46.8110473642 46.7621976808 46.9993933702 47.4116940201 46.1061362554 46.0588398335 46.2731084627 46.0992145545 47.2006812587 46.9748551859 47.1803090836 46.8100949486 46.8430874628 46.0883924132 46.7441967939 46.063440962 46.5215113556 46.410930285 47.3421366212 47.1718010254 46.5278233591 46.4049231151 47.0073304208 46.959909813 46.6806485731 46.3406914943 46.8659606531 46.197297301 46.3019993397 47.3883797153 47.1595242509 47.2019469654 46.643852777 46.6017020485 46.3616001177 47.2463102477 46.1289338011 46.2575710022 46.1056205593
46.2975140747 46.4450154017 46.4545816781 47.3542831616 46.1588886905 47.1263521284 46.6761029048 47.3784215636 47.0623948234 46.99192112 46.1290018658 46.2551195867 47.2975806036 47.2648092476 47.2733368406 46.1692311775 46.4204255607 46.4395185258 46.2253095584 46.9863312691 46.4387002944 46.6669665878 46.1470206222 46.3725439921 46.3993646404 46.9669532198 47.3684905047 47.0311068167 46.2647811296 46.3491045739 46.882471355 46.0183073607 47.2612793635 46.1195380055 47.0190769882 46.8620539201 46.1590730439 47.2177329142 47.252415919 46.1407840748 47.0414294264 47.2451358683 46.2400175795 47.1885792779 46.9491899926 47.0719135899 46.2041184299 46.7752156039 46.5666069992 47.048212477 46.0547396623 46.9854197613 46.4559186329 47.1357102778 46.4377644041 46.4161856419 47.290407707
46.6470311763 47.2161281884 46.8408625204 46.5301441056 46.6134036688 47.2512509234 46.3653494097 46.9044120109 46.2361096933 47.2559332864 46.421249026 46.1058932993 46.874512647 46.3099578263 47.0595033361 46.1726273376 47.0996234755 46.677223332 47.1728044395 46.1875250808 46.1876524828 47.269274679 46.9520551031 46.0933878768 46.6639826714 46.4436902533 46.628828155 46.2976243161 46.2707696769 47.0121769043 47.1083325787 46.4654312461 47.2926684355 46.4413067396 46.3725070518 47.1921615418 46.6369946877 46.6783898163 46.539589493 46.2141955707 46.2535933396 46.273707448 46.1630496621 46.4698380965 47.2061890945 47.4097093282 47.0807910572 46.5945249108 47.0288577985 46.4582813814 46.222761865 46.3728325745 46.5805111136 47.1688423865 46.3231069785 47.0391268258 46.202477968
46.5541166719 46.1468186584 46.4228128553 46.0724098644 46.1488726333 46.6028142511 46.9581134821 47.2941338235 46.2659768671 46.8265476166 47.2567313546 46.0296678701 46.1719907568 47.0100834393 47.0325335907 47.2324868653 46.6700122382 47.1516280322 46.3771209925 46.4530233378 47.329010061 46.7308159202 46.1566919702 46.8944329254 47.0302519501 46.5981789566 46.396272597 47.0402441513 46.4468743315 46.6721671131 46.8062602269 46.733257695 46.7610539959 46.7636916343 47.1959673216 46.3013341 46.8632997023 46.2811566076 46.5260766156 46.6461692506 46.7234370183 46.764676626 46.9461047075 47.0169422485 46.5267059893 47.247737683 46.234872324 47.3720290905 46.8560677551 46.6007485491 46.2041776771 46.2198041419 46.0537331854 47.3159401418 46.4913544923 46.9917174288 46.0045684068
46.4103912126 47.4129133907 46.8080402513 46.2336769421 46.1632084374 46.7352336397 46.0565858131 46.9765851592 46.6381576239 46.0289066851 46.2760074081 47.2540375797 46.02615209 46.8839029611 46.4763440017 46.8353836215 46.4344572622 46.689615321 46.9917424542 46.2715569659 46.3319672859 46.2224552114 46.1823568484 46.5739135477 46.1249331043 46.6621810971 46.7515462497 46.1089481408 47.1632471674 46.9518730185 46.2476295615 46.9686100629 47.3261970365 46.9319180756 47.2096591173 46.2972789997 46.1156388408 46.5858356038 46.6624539887 47.0399887576 46.3203186547 47.0943663557 46.2410371586 46.0791307474 46.0998575743 46.654022759 47.0035161635 46.7730062243 46.2595027329 46.6037070775 46.1584109513 46.1257588184 46.8102924568 46.3304087743 46.3591542518 46.9599818494 46.1243778298
46.1074003372 47.3700190813 46.2417656586 46.2785045286 46.6580080952 46.0965683701 46.4401860466 46.6819805848 46.2741767892 46.0310023884 47.2088154064 46.4911015823 47.2389469543 46.3642365048 47.2343053482 46.5735515286 46.9743674592 47.1072955007 46.0623542461 47.3557517719 46.0190146311 46.6349516204 47.1206531765 47.344731029 47.2384589566 46.0462971931 46.7274097591 46.8270984247 46.4508546399 47.0432052125 46.1703864728 47.3389295015 46.2631002718 46.1559682299 46.5072477826 46.6360391397 46.6258119582 47.144432912 46.3539785772 46.2885806275 47.2771927045 46.5421576879 46.4147685098 47.2795238911 47.2389882648 47.3830245117 46.2282866435 46.4645340953 47.1014361981 46.3458136727 46.8786054152 46.6074189101 46.436228891 46.5947643551 47.1239036874 46.3971478903 46.6517007337
46.6891971884 46.6053283344 47.2872937872 47.365755892 47.0152470948 46.5290389251 46.9583778884 46.1070910926 78.9873176777 65.5394467599 71.346981312 47.3884065999 46.1272169527 46.0456837931 46.8535773751 46.0918072041 47.3174655907 46.3328936161 47.0893816776 47.0015151876 47.1371315061 47.1220842998 46.6692546402 46.5722597512 46.7218465358 46.6843163885 47.4007150242 46.8587790353 46.63305221 47.3345949243 47.183322239 46.1918655948 46.4953194593 46.3866237373 46.3876214042 46.9586645425 46.7561542623 46.7128199502 46.2261820628 46.524997788 47.3851401311 46.6384053807 46.3641261967 46.650761057 46.2991342134 46.6999032262 46.8997980231 46.4248163307 46.3276616897 47.138917596 46.8862199219 46.0114706085 46.8313003162 46.5721036268 47.0890804084 46.6603685563 46.0783674267
0 46.6258348648 47.283466962 46.0983753008 46.7099279904 46.4784379029 47.3778983053 46.8471143938 74.7134456074 66.0382837553 77.9690166871 47.2527581916 47.3678279027 47.0848826075 46.6884331761 46.4752181668 46.0263360332 46.0805703362 47.2597553466 46.119016073 46.3051178609 47.0673627041 47.1868272822 46.7739569922 47.0183339958 46.7758170539 46.6618921809 46.6292739576 46.8697025116 46.7677578327 46.7884164421 46.8676116457 46.4885613783 46.9781141497 46.5970107924 46.2713498255 47.2246026535 46.3798781041 46.7444666334 46.5245166018 46.174759023 46.1887190935 46.6469281134 47.3252643988 46.2312854754 46.9442199117 46.4868878369 46.9647558817 46.7569710764 46.7113990892 46.771387373 46.6213474519 46.7451533055 46.9621854214 47.332215713 47.1226074978 46.4769346216
0 0 0 0 46.5434334538 46.6827139782 46.081485933 46.8230423183 77.333433498 64.9028276296 66.2488881655 47.0153390709 46.4706199196 47.1959691854 46.8217348392 47.1843549506 47.0115059125 47.1634477692 46.0176984135 46.0550834287 47.0221792277 47.4092309951 46.4587453611 46.8673709917 46.7325795036 46.3189102984 46.5758859821 46.7765978468 46.1162096761 46.3685787773 46.233126041 47.1763340867 46.2871674015 47.2233021704 46.0629125396 46.2815897547 47.3858443336 46.4152381668 46.76713842 46.9845918263 47.0642654485 46.8798692316 47.1935988272 46.1560365562 46.7974645912 46.384482064 47.3767389116 46.0586791196 47.2506723819 46.020919964 46.843155244 46.2773716141 46.5506996706 47.3625839652 46.3993307591 47.3257379112 47.3544836962
0 0 0 0 0 0 46.8116173021 46.9063030613 47.0790650001 47.4035096336 46.3354817163 46.7325669543 47.3195134678 47.3716511437 46.1095826463 46.0392103982 47.0837620303 46.1959021652 46.9157607471 47.2731402552 46.0445787266 46.1162138751 46.3041555135 46.2462214766 46.5862190552 46.2848981372 47.1754696896 46.4517258045 46.322583149 46.2333554496 47.374549165 46.7852931617 46.3824742147 46.6542706723 46.4311544178 47.2893758665 47.0464376196 46.9711731849 46.2468191307 46.2800815726 47.0413797089 47.098470204 46.5342405323 46.0003030891 47.0403053227 47.2110271045 46.4728405457 46.4188321994 46.3731324364 47.0816979156 46.0267635139 46.2332137039 46.6653679444 46.063346463 47.1745159774 46.2621435876 46.0314850482
0 0 0 0 0 0 0 0 0 46.6092816694 46.5407230199 46.5635291933 47.1698763582 47.0689181418 0 0 46.6250854391 46.0389359253 47.2342027485 47.0701510168 47.1856180655 46.4759587784 47.2785177993 46.3750724499 47.3697283243 47.2700087403 47.0126399312 46.0791736086 47.0197895628 46.4793653819 47.1302206764 46.1259559728 47.066265579 46.9408558687 46.2455626577 46.8451863343 46.3048636921 47.261062101 46.4065583493 47.186395288 47.0345847042 47.257934651 47.2022331241 46.2594957198 47.3136365969 46.7406424096 47.35632238 46.9610025016 46.849838327 46.7451236728 46.8328983224 46.5921760137 46.1139427011 46.4824217792 47.0889467992 46.3770769573 47.2491564426
0 0 0 0 0 0 0 0 0 0 0 0 0 0 0 0 46.7520089449 46.1913450974 46.5791688841 46.2331262644 46.4567836231 46.1110942547 47.1650164013 47.3050868766 47.0245557023 47.3145391221 46.636378032 47.1230037012 46.9414835848 46.6897790424 46.9392191908 46.3522974728 47.2344071918 46.5419458512 47.1113453069 46.2406648775 46.6737334937 46.6614524609 46.9766116876 46.0609116455 46.4625655011 47.2193104079 46.3230913053 46.2085646722 47.207990374 47.2660507595 47.1080191457 46.9490724081 47.1179129262 47.0697670924 46.3459064156 47.1181348986 46.6945002357 46.7678211422 46.856823732 46.0960177951 46.0213588615
