Spatial_Output/DEC/DEC_0176.asc
NCOLS 155
NROWS 192
XLLCORNER 196307.867259
YLLCORNER 449144.565805
CELLSIZE 33.573938
NODATA_VALUE NaN
[rows 52 to 77 of 192, columns 57 to 113 of 155]
44.8879684853 45.1552343172 44.9257993651 45.0050746109 44.5752492896 45.1683817723 44.9862318484 44.9824385581 45.0723283221 44.6565734961 45.0695384397 44.6846758368 45.1408853948 44.750626172 45.0715236782 44.5766342396 44.7163604314 44.9006481034 45.0925236 44.9492123673 44.7340835712 44.6048534144 44.7974903771 44.7081259815 44.9263740107 44.6399392633 44.7733899436 44.7542501498 44.8995474428 44.7287753062 44.7284418388 44.8471593224 44.5999823688 45.1548924224 44.6184140789 45.1410495269 45.1036232765 45.0865424778 45.0858870657 45.1878878623 45.0073602478 44.5491740244 45.0619320126 44.6160008435 44.5169628813 44.6370901246 45.0913020136 44.6465674665 44.8933843126 44.5696231558 44.7754992237 45.1114840623 45.0522160306 44.6586711768 44.5979408514 44.6519176734 44.8165714022
44.6556620009 44.5292559205 44.5771680256 44.52202526 45.0309861116 45.188917073 44.843014134 44.8862452046 45.163638352 44.8016658197 44.6349512743 45.1692366317 44.8016226712 44.6084869186 44.9585686202 44.5481398831 44.9402369703 44.9162621713 44.609998722 44.9565375326 44.6819210051 45.1985765724 44.900873091 44.6556243967 44.7379937374 44.9850390368 44.7539077849 44.7047502887 45.0680788509 44.7165087296 44.7859444094 44.5200372659 44.7232039887 45.0974270392 44.7997766228 45.1012982064 44.5757934879 44.747352012 44.7567357707 45.0035802224 44.9164554155 45.0181263961 44.8469418654 44.8114855466 45.1157309116 44.5871970579 45.0204852503 44.6699915137 44.7728976523 44.939305509 44.510033544 44.9924857458 45.1830970998 44.8961069304 45.1397551399 44.6618815198 45.1461027276
44.5276936094 44.7546098136 44.5512682917 44.9896669419 44.8389606749 45.0594279137 44.788649444 44.8122285408 45.1082437128 44.9244596923 45.0118702917 45.1344391202 44.8628645749 44.9008288366 44.8527411113 44.7793029658 45.0203616457 45.1623164744 45.1160136478 44.6043162433 44.906368041 45.001925283 44.8122644779 45.0848998512 45.0948495735 45.1779986073 45.0096911987 45.2023855645 45.1077726413 44.5896631689 45.0512335153 44.9987486252 45.1547530883 45.1494330232 44.8808912639 45.1399060124 44.8074433377 45.1027704729 44.9694920537 44.9012041447 44.6641104229 45.0404055638 44.9541639131 44.6085221088 44.7274598213 44.8214115312 45.075973433 44.8936252684 44.943524648 45.0539761189 44.8475614137 45.0908664546 45.1140011857 44.9022526423 44.5382230641 44.8239446973 44.7556283447
44.8677558499 45.035770917 44.8843621017 44.9841888354 45.1282838597 44.6473981327 44.5609841909 44.5392773332 44.9809858225 45.1478546126 44.5545194927 44.7130490931 44.6757300482 44.7533071679 44.9265610109 44.8170648898 44.829255087 44.9127140032 44.9022612621 44.6148912066 45.1208270592 44.5443497336 45.0535926115 45.1020881512 45.1816916814 44.5283640547 44.8853367407 45.1900719034 45.0838296471 45.1739483507 44.7970577937 44.9447540163 45.0178189306 45.1585586052 44.6324654604 45.0592605507 44.5571401121 44.939729615 44.9077015949 44.5459721088 44.926933008 45.164173516 44.5818185039 44.6404988258 44.9391708746 45.0213338967 44.8970487996 44.7545600424 45.1902784713 44.7159770207 44.757223629 45.178788208 44.7318653747 44.7117208989 44.7364064142 44.5032471363 44.6026041558
45.1891705242 44.9447382507 45.0569763084 45.1495236849 45.0086519211 44.5190080603 44.8879613526 44.5485472598 44.6916101068 45.2062045588 44.523489946 45.0958718862 44.73092349 44.6499098581 44.7847842181 45.1392145621 45.1131975298 45.204902476 44.7960985033 44.7858045918 44.9807860163 44.8800554238 44.9427652904 44.9721689365 44.9396821151 44.6954616206 44.6666758722 44.8809890789 45.2013480782 44.7030801872 45.0570151228 44.8059939196 44.6484724515 45.0980697035 44.6718504891 45.1182922053 45.0030201838 44.8223616267 45.119332604 45.1382999917 44.9565782058 44.5359904263 44.8209390914 44.5220697634 44.5244070587 44.8122582952 44.6000424576 45.1788201639 45.0833013302 44.9428149624 45.1285168225 44.7145717756 44.5449309989 44.7144990921 44.6336109938 44.7376525789 44.6339841173
44.7395955439 45.1944239417 44.6832487146 44.6077344128 44.7577996787 44.5007624489 45.0974866381 44.6722051923 44.5277633372 45.0528087868 44.6294210107 44.8965695094 44.7543260047 44.9709784116 44.8189364609 45.0102463837 44.7533826068 44.5643485328 44.9640907773 44.7032924535 44.5138990563 45.1218296295 45.0970780856 44.5665428098 44.6602609194 45.0141640755 44.845371529 44.5072653689 44.807126509 45.1089258747 44.6198251481 44.7333449665 44.5630441003 45.2013079248 45.1582949301 45.0429869981 44.6704215547 45.0756464072 45.0823522985 44.9745269731 44.5285926031 44.7362561038 44.6237306495 44.992926563 44.6576467676 44.8700817916 44.9495159043 44.5796808327 44.8069867656 44.5445024312 45.020039588 45.1566953735 44.8478790945 44.7260426724 44.6547169819 44.7288881744 45.0495809151
44.8374826652 44.6698704513 45.0879326004 44.7230423277 44.6423058537 45.1159224967 44.7633476815 44.7287235583 44.7395909745 45.0561823705 44.5433436645 44.5847657676 44.6306982633 45.0751932978 45.154637746 44.8177735649 44.7655996354 45.002316362 44.6908346308 44.9693517313 45.0023878071 44.5194689341 44.8694316434 44.6436658366 44.660521417 44.8539783696 45.0291534665 45.0117528785 45.2049723725 44.9590003251 44.8464252465 44.6714820387 45.1338737049 44.647414975 44.771292202 44.8705558772 45.1794515369 44.6373288988 44.6983510941 44.6164738188 44.9487948385 44.5815885349 45.0881732686 44.899617673 44.7399453565 44.8795606638 44.9186918973 44.9715088043 44.5793462048 44.8347338265 44.7929740637 44.744147635 44.907039156 44.7660585153 45.1286572522 44.5594385746 44.7386939787
44.6346796572 44.7015364968 44.5523580495 45.1669749224 44.6911958284 45.175070791 45.1228601412 44.7706644788 44.7200676915 44.5349736929 44.6525229689 44.6729066763 45.0583153077 44.9429446537 44.8262048843 44.7204246199 45.1268440063 44.6275486222 44.7634310977 44.592104247 44.5489589671 44.8301772846 44.8244122267 44.5632380273 45.10675202 44.5340172465 44.6237750452 44.7371257754 45.2023186081 44.9362820586 44.518999875 45.0811309263 45.1716840599 45.1902470593 44.967049178 44.5052485844 44.9909246172 44.6948634967 45.1951852802 44.7926977237 44.5997126805 44.560751844 44.5225359209 44.7944351881 44.8685339553 44.7260179031 44.9446644554 45.1467909553 44.504948049 44.9179966335 44.9329721545 44.7706951888 44.6515422219 44.6227980138 44.6306220927 45.095492938 44.5576632068
44.7869754498 44.8310016191 45.1646669827 44.6273523662 44.9908844687 44.9604735216 45.003791732 45.0532386198 44.7233446949 44.8165295415 44.9296473595 44.9894933419 44.7027199862 45.1189046424 44.8668325371 44.5567875373 44.7655763112 45.0589175256 44.5028322907 44.9494989986 44.5596894648 44.5682042554 44.8346707709 44.5680227947 45.0449622141 44.617013763 45.1800797146 45.0602788593 44.7861136587 44.749973474 45.0940002333 44.8702053571 44.9877799121 44.726078423 44.8753878292 44.8112890661 45.1507816173 44.7226798362 44.6667387873 44.5922845228 44.584026783 44.9083548235 45.2030018446 44.8534808757 44.5048426784 45.088655492 45.0558279714 44.6817892822 44.502446874 44.894695635 44.7181594915 44.9976176631 45.1569288796 44.6695516367 44.9296991795 44.872881705 44.682145958
45.2069343996 45.1360349711 45.0129184263 45.0771841284 44.5024909158 44.8952261459 44.8797767843 44.9928602417 45.0184163194 44.6379362191 44.998583713 45.0246813819 44.5851122499 44.5482962874 44.5581497239 44.9932201929 45.021341365 45.115939781 45.2042517546 45.1121997866 45.0950631775 44.7843929086 44.5345763372 45.1839172109 44.9105782232 44.5963558223 44.5378502043 44.8093775687 45.1693871417 44.5185878275 44.5198995082 44.8274661101 44.5294349191 44.768573639 44.5194384859 45.1076926632 45.1614415345 44.7747519342 44.7082750376 44.7966263079 45.1512576035 44.6401296686 44.656245285 44.8991889325 44.9858877731 44.9361191835 44.6403445172 44.5055874198 44.5822875089 44.514161622 44.9323326164 45.1220963112 44.6212583423 45.0935760633 45.1489438709 44.5895710134 44.7391108458
45.0002993313 44.659935661 44.8816881396 44.9469249463 44.5156054887 44.6625156627 45.0902397937 44.7795076566 44.6349159354 45.119269995 44.5703980255 45.1351404636 45.041477683 44.6693948581 44.5162536818 45.0711912263 44.556263955 45.1383647128 45.1503815616 45.13261656 45.1683870942 44.9392074655 44.7595731206 44.6832423993 44.8468198495 44.9451237047 44.9760432578 44.7480642948 44.8995161815 44.8062272446 44.5385511327 45.0544698159 44.8036988162 44.9487935528 44.6171012084 45.1262377081 44.7148203128 44.9947310528 45.0595182839 44.9075777796 45.121706912 44.5332752395 44.8204040302 44.6407778909 44.9171066837 45.1307147408 44.6682531517 44.8357888739 44.6885586392 45.1475521778 44.9879253386 45.1685405228 45.1966253547 44.9749861113 44.8845047222 44.6913037635 45.0095490313
44.51404785 44.5018755101 44.9864873975 44.5415663729 44.7350596866 44.7505787792 45.0785897891 45.1333768572 44.7924929121 45.088602662 45.1635347139 45.1747136602 44.7178537287 44.6938009989 44.5371560923 44.9495432853 44.5293340615 44.7648660975 44.9924368656 44.7995475991 44.9435328183 44.8401031286 44.760867178 44.7005885352 44.5090995953 44.9719918705 44.5221148964 45.0427917521 45.0736770521 45.0780185783 44.9928278713 44.7664520008 44.5316191877 44.5464908408 44.8659232005 44.925272568 44.6235848634 44.971225324 44.5858073758 45.0009534136 45.155237436 44.7050424143 44.9323540716 44.7628503442 45.2001571684 45.1624189622 44.9141095799 44.8590663723 45.0848743114 45.2008057355 44.9189741913 44.5659316065 44.8671026983 45.0663632333 44.8059185964 44.6805638624 45.0554771395
45.1723747823 44.9320437563 44.8072750843 45.0703059115 44.9168269946 44.8835607116 44.6334860174 44.6950191016 45.0094129612 44.5910584915 44.9151060426 44.988719517 44.8106910722 44.7759168312 45.020373262 44.5066860871 44.7226994123 45.0611763829 44.8759273045 45.1579612147 44.974489936 44.539436729 44.8023288509 45.0245983846 45.2036195857 45.0295547301 44.8636681746 45.0009535392 44.6633885689 44.7174245315 44.5240655372 44.8918798954 45.1381587799 44.7011664697 44.9782337981 44.597521617 45.0879006655 44.5273370089 44.9266646839 44.8739733856 44.5284437672 44.953863065 44.8122097229 44.5576550107 44.6373022509 44.9901929065 44.6817233721 45.0845009106 45.053275997 44.8664266648 45.1791455136 44.6657664211 44.5134314209 45.1422798211 44.5023480366 44.5485017495 44.8164800572
44.772325519 45.0506259942 44.9211869566 44.5343759593 44.7392739652 45.099782364 44.7236788745 45.1558769758 44.5305097059 45.0982118522 45.1448837452 45.0011593837 45.0085734966 44.7208474479 44.6824633013 45.1442891498 44.7961525161 44.5552112917 44.6164834269 45.1834903681 44.9942755556 44.8023183468 44.9002845404 44.9883602756 44.7689394463 44.7853594 44.6600103465 44.7476398064 45.1516611557 44.6832366487 44.91100225 45.1484467658 45.0705440086 44.6349049436 45.0770082123 44.8743435351 45.1862970194 44.9761184389 44.6272087229 44.7916369868 45.1127944076 45.184285803 44.7257924242 45.1389867984 44.8128494806 44.5664338839 45.0677236461 44.6999835686 45.1472761476 44.929691266 44.6200987088 44.5087844549 44.8832479173 44.7987367052 45.102186391 45.1007973347 44.884105231
44.6112747303 44.9499637776 44.6212235835 44.7671471265 45.1330111087 45.0909094967 44.8001462785 44.600732195 45.1981922893 44.5760511351 45.0702569986 44.7625349019 44.681655578 45.0366187946 44.8732051727 44.5004289422 45.0661104328 44.6858661709 44.9248549588 44.5604737296 44.9121326499 44.6582358153 45.0159508115 44.9664164486 44.5307727845 44.8659673837 45.1844300555 44.9299130578 45.173602966 45.0741364162 44.7137455512 44.5931627861 44.860967217 44.8268701808 44.5265989105 45.1417133333 44.5746289855 45.1535321656 44.5216785039 44.6077725269 44.855894669 44.9995555963 44.8496195245 44.711836915 45.0838253571 45.0254661912 45.0919414237 44.9141660115 44.7641785068 44.8415809196 44.5394323807 45.0405944798 44.6117922933 44.9323801372 45.1305081441 44.7200902396 44.7912834495
44.60295685 45.0460607019 44.5646023714 44.5069409664 44.6604592396 45.0549539189 44.9880541594 45.1037794906 44.5702084818 45.1837680893 45.0159423043 44.5722224609 44.9205078754 45.0611594736 45.1776414861 44.9580836376 44.6785110412 45.1628193942 45.1692112092 45.017087839 45.1038165364 45.1615423865 45.1044562739 44.6983560945 44.8666025856 44.6610969728 44.9319193011 44.5705137331 44.5199942908 44.7453962928 44.6526299821 44.9388194647 44.6640199455 44.7378701358 45.0982202678 45.0449326746 44.5206898313 44.6397907248 44.9038391152 44.6447840187 45.1252406206 44.712439477 44.9018690521 44.9476337253 45.0937413705 44.7693471192 45.1479864299 45.0869653957 45.2034965776 44.5113152681 44.5065508931 45.1076423041 44.5164511708 45.0768256197 44.8586524419 45.1858271319 44.5755304707
44.7855593302 44.5913261999 45.0839514444 44.6154651679 44.764912806 45.0345716567 44.6981345069 44.6604505066 44.8466546279 44.9825997041 44.746396911 44.9905172339 44.6594913458 44.9252800581 44.6277542803 44.8570842897 44.7924963293 44.6096930487 44.734810835 44.9453892597 44.5427194147 44.8140435479 44.8707958628 44.6148106666 44.770773807 45.0780068648 45.1147638496 44.8286374582 44.7685188499 44.6252247696 44.8197453864 44.7263745331 44.6630234953 44.9685947458 45.0670471961 44.6554543976 44.8546927124 44.5596342944 44.5954823579 44.7039714646 45.1912200181 44.9923799888 44.8044807365 44.5360252402 44.6421925839 44.8389555639 44.6888678524 44.6810047893 44.8283841899 45.1619671017 45.1121070902 44.7435521484 44.8206942016 45.0089076541 44.6306282642 44.8191206284 44.7932652865
44.8113910056 45.1047328766 45.109803282 44.5794494365 44.6734229364 45.1354527582 44.8327159232 44.8387605991 44.8375306511 44.5596689382 44.7763736938 44.985804253 44.7810680177 44.8436974287 45.0652492657 44.6295316133 45.0967819389 45.0446979077 44.6367356664 44.6512597673 45.1821011124 45.0646646414 44.8714849193 44.9736440599 44.531761695 44.7105342158 45.0202550087 44.6761417084 44.8399300956 44.8856412531 44.6207171704 45.1288393842 44.9497801431 45.1328292008 44.705158279 44.78013803 44.5740280635 44.8372730845 44.9204113233 45.0836491067 44.8622586168 44.8900354219 45.0915003286 44.7958001289 44.5305861659 44.6591019313 45.1356108034 44.9352306951 44.5466603291 45.1813568507 45.1723869738 44.8673333316 44.7734608156 44.9275001312 44.6131383244 45.0506448619 44.6250899027
44.808439719 44.9378013257 44.6391815963 44.7482241759 45.1042015717 44.9008840945 44.9615435946 45.2007424821 45.0679421614 44.7472210044 44.6811532368 44.8447802881 44.7529464678 44.9812804383 44.9834478992 45.2055439839 44.7257227776 44.9273773232 45.0668646484 44.8354847194 44.5965804551 45.0249614439 44.6740202968 45.1333367443 44.9223232786 44.9450872445 45.0592441057 44.9967990603 44.7427348642 44.8012473516 44.8554881239 44.904129822 45.1280188445 45.1022635603 44.8057530793 45.1756981887 44.5726941948 44.740878864 44.765270947 44.9229832063 44.7860094741 44.5664536515 44.7169441437 44.5775329528 45.1014780277 44.6277182623 44.7215769853 45.0257926313 44.5579451166 44.7537139524 44.7334893802 45.1536375984 44.7378358517 44.8607275551 44.5328132106 44.7027311679 44.6334796517
45.1554862166 44.868084064 44.8165293349 45.1217828417 44.9857970956 45.0190979096 44.6880416223 45.0534090434 45.094616422 44.9603953503 44.5767798713 44.7833891735 45.1774410956 44.7766730611 44.64023996 45.037451918 45.0903812801 45.1802432322 44.7169187403 45.0379490536 44.8952477497 45.1314240998 44.8628675537 44.9065783883 44.8480383227 44.518609128 44.6887195264 44.8494940943 44.7202625773 44.601892143 44.8840946659 44.6188984142 45.1846351608 45.135083287 44.6701851461 44.9650941589 44.8065030553 44.707874075 44.6316690544 44.5468934105 45.0711955002 45.0682899031 45.190326002 44.7040620749 44.9930721132 45.1506426491 44.8422415247 44.9449420519 44.9247278724 45.0208861688 45.0833527561 45.1904664731 45.0202242643 44.7250431563 44.5977485103 45.0263638752 45.0837563252
44.6915306884 44.7957749932 44.6921374029 44.5943641924 44.5544624441 44.5340817602 44.9435225149 44.7670997725 45.0459059795 45.0550879594 44.6619480125 44.7830658331 44.5665656333 44.5646957741 45.0106134555 44.5025003375 44.8514921169 45.1677515409 44.9578613052 45.0387928352 44.9920212856 45.0635776641 44.8097366133 44.5639885175 44.5406565286 45.084442908 45.0393963496 44.6927420593 45.1767056011 45.1551647186 44.6337922543 45.113208006 45.0838118302 45.1028982451 45.1513450962 44.6419950857 45.1751022165 44.842787192 44.7206490032 44.9481621418 44.9568058679 44.8651200965 45.1691019887 44.7500563011 44.7725983108 44.7572673128 45.0504568279 44.5504241474 44.9712310162 45.0831871143 44.6994225805 45.1667933646 44.7125445483 44.5181272243 44.8611249897 44.931952901 45.0214140145
44.5907287398 45.01583318 44.9409032201 44.9788658587 44.6136010206 44.5691318777 44.9237047276 44.6831494147 44.8905430032 44.5020964801 44.7816044159 44.6467040932 44.5629996196 45.0878797812 44.6194292593 44.5930548344 44.8248300219 44.8314981455 44.8162251922 45.0369636289 45.1069471882 45.1265865255 45.1472123168 44.5090420401 45.0283153629 44.5310636819 44.9081801712 44.6149881234 45.1898961878 45.075023721 45.1202989532 44.7791738835 44.8775210748 44.8574405594 44.9238610501 45.0951545518 44.9730890552 45.1873345875 44.5358035531 45.1915120271 44.6563887363 44.8896491839 44.7270379317 45.054943833 45.0053702778 44.8445203067 44.949662664 44.5038965052 44.7693588107 44.8361112906 44.8669190441 45.0761283019 44.9839937395 44.9523548566 44.5400336926 45.0948209362 44.8605699364
45.151749985 45.0935910411 44.7757315235 45.1074426055 44.7732664054 44.81840654 44.6882030447 44.9357408501 44.737067656 44.9241138912 44.8866372462 45.2053205211 44.6129197119 45.1304445823 45.1417941932 44.5859816115 44.6840607076 45.065464968 44.7178493318 44.8136444337 44.614205462 44.9799532878 44.604419759 44.5476886363 44.6932755279 44.8047670874 45.2044905852 44.9247739768 44.9463371822 45.067849171 44.8187749403 44.8669492741 45.1389624511 44.8801076406 44.8504616001 44.9097643016 44.9137433439 44.8840647822 44.873300467 44.6408767057 45.0662399965 44.7415067423 44.5360432844 44.5764343397 44.9401004962 44.5600039266 44.7388015127 44.893160175 45.1642352558 45.0020877209 44.9468971187 45.1078942636 44.5825600992 44.7082969399 44.7831953261 45.1683501234 44.9391787903
44.9830670153 45.0138593334 44.9324879715 45.0407921141 44.5190892319 44.7731831382 44.7803617354 45.1585293781 45.1882895533 45.163964725 44.8061611866 44.8524770028 45.0523712957 44.9045903879 44.7527577045 44.7124855951 44.6612249298 44.8436551565 45.1153582155 44.8151761029 44.5195126937 44.8685128186 45.0025421121 44.5835457485 44.8034611771 45.1654008297 45.1169080597 44.5946280844 45.0442527569 44.7595682746 44.6823280904 45.1916211862 44.8610220304 45.0366940547 45.0879219614 44.6903510946 45.1227183249 44.9290294326 44.7630037049 44.5446566953 45.1573303217 45.1271140276 45.0405800364 44.9636695468 44.9462402169 44.5181068951 44.7648969427 44.7592530094 45.0956972996 44.9846312452 45.0865692009 44.9611400083 44.6377452982 45.1648510495 45.1082597224 44.9469471715 44.7391520565
44.9423680939 45.172855954 44.5318208262 44.5062701897 44.6587402124 44.8615627457 44.8569867797 45.1950661293 45.1740517497 44.8265751054 44.6909508442 45.1041962029 44.726705363 44.659230252 44.8409938979 45.1764151531 44.9936546678 44.9463535199 45.086574205 44.6891573296 44.8970126561 44.8813247467 44.9179850079 45.0911580853 44.6386797068 45.0636429055 45.1227321608 44.8152893977 44.7613324178 44.5133280766 45.0740763466 44.9771769269 44.9180839929 44.8779070647 44.6992673269 44.7950024588 44.8806213943 45.1651493676 44.6825769722 44.5218464381 44.835825282 44.8386316754 44.8771699705 44.5105925815 44.8654553628 44.6587442496 44.9855551898 44.5064076999 44.7335090403 45.0979908572 44.661672616 45.1149575939 45.1975484548 45.1421802812 44.9438111786 44.6440133152 44.9180620015
44.5984375092 44.7580584772 44.6909385968 44.8457141234 45.1388252146 45.0322320457 44.9888406869 44.8945605338 44.6762832937 45.1035407135 44.9418686034 44.9587086812 45.0748999159 45.1130800403 45.1555371677 44.739709499 44.6067654316 44.6137375598 44.9430753902 44.5371833515 44.6680104239 44.9160073179 44.5768891823 44.6361925673 44.7694961766 44.7917903652 45.098976535 45.023114246 44.5567158427 44.9666142848 44.8223903507 44.6567725816 44.5527666599 45.0694412818 45.0423596446 44.6623991015 44.8267462586 44.8663588551 45.0293706726 45.0111182108 45.1979699289 44.8134664666 44.9452749022 45.0771932604 44.9562750983 44.7510506903 45.092912453 44.5566436802 44.8601792493 44.9679320134 44.8356895579 45.026303997 44.5215581891 44.8560109195 44.5992207276 44.7948460886 44.8089224998
