Spatial_Output/DEC/DEC_0495.asc
NCOLS 155
NROWS 192
XLLCORNER 196307.867259
YLLCORNER 449144.565805
CELLSIZE 33.573938
NODATA_VALUE NaN
[rows 26 to 51 of 192, columns 57 to 113 of 155]
28.1397158278 27.6822043018 27.2402990912 27.4474398921 27.5390875451 27.7473250089 28.2739470998 27.1405497517 27.7811489224 28.3110301738 28.0579973914 27.9295895984 27.0282011362 27.3385945626 27.9289576663 27.0401633942 28.3309055122 27.6354294705 28.1521331818 27.746470816 27.2594267271 27.9263989601 27.6527925055 27.1119342369 27.7240428397 27.8958091732 0 0 0 0 0 27.6868621786 27.2483945836 27.876140959 27.4833801851 27.8130334255 0 0 0 0 27.1228382727 27.5081638076 27.6633939725 27.5945595075 27.1814543151 27.768519351 27.2188541827 27.2465827388 27.1389417582 27.7130308676 27.4316159607 28.1195962831 28.035355716 27.0490555349 27.0337096238 27.8540266332 27.5555676958
27.4259419894 27.5240755164 27.883759004 27.132921389 28.1140940491 28.0616275696 27.4119876532 28.0649319674 27.6323766036 27.8707664898 27.0013513456 27.445867991 28.0289119936 27.1122882513 27.4471628235 27.9173828795 27.7001751262 27.171181522 27.4029636476 27.6780675518 28.2222622584 27.5063628989 28.3779631609 27.905959808 27.3326793381 28.0693165408 27.0797344635 27.1808320735 27.1432816732 28.0432828897 27.2523947231 27.4149184683 27.4249796685 27.3849979791 28.3048735562 27.9414148452 27.6948037742 27.6997065374 0 27.2905032376 27.5378124612 28.2395951602 27.8642321159 28.3847948527 27.1326573083 27.085322992 28.216428022 27.7853632803 27.0843336992 28.3571285939 28.0412307142 27.6394170056 27.0399592667 27.1575062937 28.080166085 27.8521125714 27.0993023124
27.5111652822 27.0262205587 28.0641771575 27.7784767254 27.805547958 27.1222214905 28.368973234 27.2962696383 27.6799283283 28.2521501361 27.7926209249 27.1856260297 28.1182218064 27.6211056753 27.233163346 28.0671201952 27.8037535398 27.4224348172 27.9291931135 27.8801914479 27.7907458798 27.1997573851 27.3591384321 27.0498184795 27.6755860564 27.8855852017 28.0599252845 27.515424586 28.1784060558 27.9256468821 27.2076536091 27.0090399431 27.7003089043 28.057885132 27.6714956284 28.3273969994 27.2483305528 27.1837765488 28.0160431823 27.5432464963 28.3483244269 28.038937747 27.1721508262 28.3515744808 27.5528429198 27.6509679655 28.0499725696 27.2490830543 27.4409831685 27.3051099229 27.9658427532 27.4570176215 27.8542167418 28.1700309178 27.1647715963 27.2085929995 27.3748723298
27.8061125816 28.2490974459 27.825458642 28.1808786824 27.0366864128 27.0789671506 27.9565736354 27.7742201758 27.9467526265 28.0847245639 27.543431726 27.7837918181 27.4559710628 28.4098815274 28.3190541013 27.8304608712 27.3501905011 27.9144801484 27.7504758312 27.8045855085 27.340453397 28.4022867045 28.2710675594 27.4367502799 27.9475383075 27.6675854773 27.0068354291 27.1315845629 27.8442404328 28.1352313306 27.5281794539 28.3223405021 27.0057719695 27.5949241443 27.9994757126 27.2676620379 27.0528045201 28.0053190386 27.9216343497 27.2631152238 27.149710714 27.5857874414 27.3038692419 27.7030468048 28.0355811582 27.9811277809 28.124329981 27.7798246859 27.3931283048 27.4296896227 27.0369985337 27.1178141103 27.6478254824 27.5394989301 27.9191155984 27.8652753595 28.2148180593
27.7093027879 27.0425951509 28.126390152 27.0852678431 27.7048288652 27.1243480595 28.0983194452 27.5437445718 27.3194983901 27.9987343191 28.2288636562 27.5445739501 27.0270782132 27.3373273368 27.8264850535 27.61814104 27.2465598963 27.2827005097 27.4894707762 28.1855850417 27.6751696399 28.0528315379 27.2289678029 28.3734988934 27.6208112473 27.2362864879 28.3732258082 27.9989126297 28.2603611835 28.0826963344 27.8233778491 27.2704080779 28.1543241345 27.0241881086 27.033262081 27.6847807911 27.7583688345 27.2714215984 28.0636776729 28.2498900397 27.7735245298 27.723671658 27.6481366556 28.2581828686 27.6673320008 28.0002923514 27.7712391765 27.7234010467 27.1375314407 27.0673391079 27.4696856273 28.2242145539 27.9101166813 28.0221533729 28.166424154 27.5418521914 28.0495393684
27.0896633748 27.4249414632 28.1449943809 27.7354038303 28.2721703994 28.3057445712 27.2164499503 27.4024977622 27.629657623 27.3754328439 27.4648232319 27.8542311934 27.673277249 27.04193532 27.3999734273 27.692072014 28.3868904188 28.2849884777 28.2857443375 27.7731116331 27.6508946847 28.1570172251 27.6940487231 27.8760889321 28.2143682799 28.0868839708 27.5552995423 27.0994433806 28.1008712979 27.7707290783 27.0019380511 28.235120056 28.2379971412 27.7497932095 28.0178040791 27.965309916 27.5756873083 27.8681165635 27.447759985 27.7854037214 27.1660519916 27.9652442656 28.3828963667 27.9177518451 27.5488139658 27.3419782521 28.3588361056 28.3832568653 27.6295770916 27.5257885927 28.1204086243 28.3648611073 27.1377815195 27.8080503129 27.3790363848 27.6043150229 27.8296008017
27.5577788231 27.7599458703 28.3546672344 27.410086783 27.272500873 27.2482328095 28.3628803529 28.0401537926 27.8164255248 27.6957310378 27.0068971804 27.762412722 27.4067529828 28.0559762588 27.3133971753 28.06278671 27.35821615 27.3830474631 27.8695010977 27.3388332614 27.5439050239 27.3759911972 28.1467489714 27.6027973014 27.6310758274 27.0778173644 28.2905811373 27.6269249199 27.6652762521 27.0573220005 28.1373726135 28.3762547948 27.9732861005 27.9492947288 28.3014554076 27.9488647192 27.3185238497 27.190091624 27.5890146844 27.7262465841 28.3600203738 27.8486177683 28.1977013417 27.7325801015 27.2899939655 27.9503105366 28.0709988955 28.0844838416 28.0273481525 27.3151986032 27.6878789686 27.9948622187 28.1129706547 27.2951442477 27.5927420152 27.8397744211 27.0955464052
27.4425262778 27.2135612487 28.2867529835 28.0114839112 27.9956273402 27.3487402542 27.3018406079 27.3270181988 27.4595796729 28.0372575821 27.8285499075 27.3382019682 27.4954010352 27.5129580153 27.4566908145 27.402704156 27.6145705917 27.2803650885 28.0774188492 27.6918520146 27.1162558514 27.9977333561 27.4957793205 27.056112444 27.2333806735 27.6787813306 28.247469147 28.0293546124 27.4804189769 27.3858894604 27.2496704537 28.1582945525 27.4998904084 28.3195688084 28.0386950087 27.650287979 27.3004803472 27.6442151699 27.1886148317 27.2147812961 27.6011864204 28.0046103564 27.3551512634 27.3003108997 27.541310637 27.6144928854 27.2236002539 27.4190121125 27.1725151133 27.6570123981 27.611604676 28.0408183677 27.4751331449 27.3440070502 27.4935714831 27.1869551937 27.0353490335
27.7643726477 27.250127956 27.8340674352 27.9613862024 27.243896957 28.1043046592 28.0372829139 27.3303286695 28.0822402986 27.8237521912 27.8264408759 27.5458221643 27.8879482847 27.6938685871 27.4768006331 27.6697208611 27.6278571656 27.3973058446 27.9820680987 28.3227099764 27.5992479413 27.0582735468 28.0425869412 28.313576496 27.6117027213 27.6486020795 27.7390466269 27.2605128555 28.1377130978 28.1777331642 27.8968038064 27.7564095711 27.5301853186 27.9822548897 28.0863717934 27.6481748577 27.3815236908 27.1961555154 28.0401394223 27.9176710371 28.0630019507 28.1884314843 27.5740819754 27.5260445336 27.3943342625 27.0514330431 28.0613596627 27.3219319882 27.1956061001 28.1251266371 27.8472827201 27.2582959556 27.8823900204 28.3296148399 27.560963721 27.5319768647 27.679822415
28.3238057114 28.0129887842 28.1683617907 27.9012771254 28.3160923474 27.5260535141 27.3230407639 28.2164592809 27.2628399028 28.1313617199 28.3217334528 28.3714670729 28.184446505 27.570700769 27.7486582401 27.3031159922 27.7976942264 27.1251688042 27.1450923251 28.3835952491 27.8802291925 27.0573053087 27.6476225073 27.4305136695 28.056372233 28.221754984 28.2870931303 27.0428274032 27.666628657 27.2306618234 27.1915701699 27.8815540744 27.7202991285 28.2028523035 28.1460787701 27.663786883 27.1570406507 27.9104620876 28.063189254 27.0908864331 27.5135924544 27.7818048664 27.9806212488 28.1847423527 27.6175818203 27.7290809018 28.0397841711 28.0122309797 27.4938506968 27.6196251317 28.3178656285 28.0810365349 28.4137180749 27.2089978938 27.2424908594 27.6115188317 27.4798102826
27.5415651092 28.2035220731 27.8143602411 27.1646026608 28.0349338875 27.818718078 28.2711736618 28.3706966106 27.9197600979 27.6353897498 28.3246935187 28.3674771554 28.2193437118 27.0388845592 27.1488339208 27.0648733432 27.9159788391 28.3316527014 27.738053972 27.3746830602 27.581093678 27.6191791741 27.2292480974 28.2808070132 27.2087348283 28.0014805188 27.4610091349 27.9949931756 27.561060171 27.0613201354 28.2028282679 28.3159208477 28.1383686876 27.25555127 27.1695589458 27.2335436432 27.3354665677 28.0790750157 28.4054112887 27.583440814 27.7118150541 27.4123275926 28.0208838846 28.1535187321 28.1239975825 27.2720939074 27.5077453426 27.0414125389 27.5543159808 27.7183953897 27.9833674179 28.0730216415 27.3951365825 27.6339287584 27.4812072781 28.0697547114 28.1788751554
27.5109302011 27.3945999362 27.7120348318 27.3589856119 28.062968109 28.3276873633 28.2036782188 27.5439778248 28.105318507 27.1352869975 27.44527265 28.0682119982 28.3657440877 27.3267172917 27.0500718462 28.2724937435 27.2943425983 28.0104800396 27.9885834625 27.0330539707 27.1638951676 27.8503989442 27.8955230948 27.4203333473 27.4197993495 28.2450564422 28.1223411894 27.8756511338 27.1984529271 27.3414517715 28.3134531455 28.1184470809 27.6485245304 27.8882066246 28.010347321 27.6629851919 27.2013437379 27.2514751497 27.6901801647 27.5885237865 27.1030376807 27.0592744267 27.9203859561 27.8300114113 27.56276286 27.1927724308 27.4665773263 27.8114103159 27.8943327796 28.3397560268 27.1372426735 27.9350094534 27.3085926843 27.514147494 27.7541409386 27.0587836927 27.9739423421
27.9523049352 27.9687898242 28.0063787555 27.8420977789 27.9526066928 28.333210878 28.0866725304 27.5943037382 28.3501146528 27.8120108702 28.1005344899 28.1386750812 27.9790442175 28.260078502 27.9309424295 27.6838170164 28.1137659956 27.9970107657 27.5554368516 27.9496462571 27.9255546725 27.6232473424 28.0944809589 27.7905253862 28.1260101186 28.3462299335 27.2946062076 27.8465826584 27.7476564112 27.6823966808 28.2624596603 28.092741403 27.4346130327 27.3167557057 28.3124091178 27.1203205217 27.5880878826 27.661375622 27.013890973 27.6046369251 28.1353491723 28.0841307278 27.9757053318 28.2175706084 28.3239831486 27.5715750502 27.6218797634 27.4173047213 27.6568961397 28.1554627681 28.0962137207 27.9048817664 27.3909333863 28.0669762463 27.1149607838 27.8048288579 27.7380179747
27.3949961679 28.191681508 27.8837169646 27.6582931176 28.2947926698 27.0939933139 27.3582397972 28.3805477599 28.3050031991 27.1831122651 27.9761298793 28.3215977352 27.4268515912 28.2038121522 27.6818871116 27.8687774076 27.1549216974 28.3935384262 27.7497051801 27.135090403 27.1295982921 27.0248672104 28.1625414769 27.3074147487 27.3814303327 27.3992573477 27.8581977872 27.781955253 27.2181820725 27.3953771424 27.9227205093 27.4339224203 27.6723032954 27.2267891545 27.6735084931 28.2111324828 28.1628571954 28.206205993 27.7748172583 28.0123255667 27.7725514967 27.6511730394 27.9551697577 27.1936462721 27.3096841148 27.9191826621 27.3504077748 27.6585888398 27.1645737417 28.0052363095 27.0568043043 27.9218126101 28.3031380542 27.9757904948 28.2221210014 27.8439982066 28.1298541918
28.1622380624 28.1421613887 27.6975839279 27.1663625177 27.4923349638 27.1255233866 27.1602301402 27.8556314219 27.3542721908 27.6762158335 28.1390477065 28.0971828064 27.6971363054 28.0056465688 27.782169409 27.355915968 27.0849320324 27.5328395036 28.0193915589 27.2009161475 27.8540036347 27.6171470719 28.0974634079 27.0408688094 27.8347872425 28.1899137375 27.0999929346 27.1185261188 28.1841624612 27.1269844479 27.556493049 27.423445357 27.1572739883 27.0982833543 27.4859049287 27.4125237354 27.8066927275 27.6545474933 28.0279272508 27.0088485521 27.5576216698 27.2084184056 27.2268892796 28.2939659677 27.4842995809 27.4355359353 27.3525297583 27.6339208792 28.0677031525 27.6820158107 28.2084713486 28.1885153048 27.8449653616 27.956831479 28.345085671 28.0172074693 28.0898935331
27.9665115114 28.3458093234 28.2024595432 27.030132001 27.9663913873 28.1547842563 27.2963529525 28.0553639608 27.803072224 27.5303133869 27.4448816055 28.3816010824 27.1439065902 27.8405152335 27.8034148767 27.7909540875 27.0531962527 28.1059261889 28.2241555787 27.2796746589 27.6416009107 27.7911131947 28.2353334856 27.8069862676 27.8265146063 27.4074724512 27.8852282135 27.0894863889 27.703216463 28.1483275316 27.1880339502 27.8150678016 28.2333954429 28.0199627123 27.2929411045 27.9354107033 27.8255459817 27.9389590233 27.6930344953 27.1127588595 27.506024903 27.9750645746 28.0260819357 27.4546372757 27.6687773319 27.2971363394 27.8983893031 27.4761542541 27.4441299104 28.0568214128 27.0743971462 27.404197821 27.5738440628 27.4945638621 28.3224221818 27.3237062066 27.4516764178
28.226047585 27.6114095429 28.0997746612 27.4372205738 28.207593013 27.4484187204 27.8022559549 27.5062799453 27.6831532747 28.4014889575 27.2824015338 27.3426754816 27.2776661042 27.4214875063 27.9232343492 27.730231105 27.4649389752 27.1712394231 27.4083617558 28.3088414124 27.0520356229 27.196108881 27.4886088403 27.9844958903 28.030451234 28.1616846186 27.3374181876 27.4838073746 27.180813088 27.0203344611 28.0929353092 27.4039575271 27.2205145428 27.8564824274 27.5166013845 27.8510677412 27.0334411224 28.0436125693 27.0095540668 27.276183618 27.047826452 27.2572613254 27.5782175422 27.3826957128 27.3592480441 27.6712047726 28.0150489878 27.9693568993 27.3102671622 27.6503646286 28.2586796995 27.0885632837 27.6715755579 28.3894531127 28.3017076138 27.8176213957 27.5466007328
28.2734581205 27.2129392294 28.1230459825 28.3696344026 27.0947766812 27.2474791712 27.3384536225 27.7795761722 27.397729974 27.8009818091 28.2127450838 27.5629769347 27.6594246046 28.0141883213 27.4081112842 27.5891939801 28.3962763169 27.7264642899 27.834895228 27.0456378651 27.5442148841 27.4461811562 27.4798498195 27.9500440316 27.9826493976 27.2527750353 27.2614911209 28.1749856522 28.315089525 27.1262235233 27.1961142586 28.0946519716 27.2006896363 27.1541116551 28.0115990307 27.1690299841 27.4571917272 27.4044250178 27.9940909497 27.4763747224 28.4060957919 27.4430655343 27.1974816462 27.0367502974 27.590687834 27.9384815049 27.0838705114 27.797745194 27.200148222 27.8242203915 28.0487715261 27.9285408674 27.3198329899 28.0688730896 28.0890616197 27.6089594869 27.5198574404
27.7994459901 28.33299135 28.0086616158 27.481641539 27.0770460485 27.0806563974 27.0472442263 27.6102519932 27.7093604073 27.2060909762 28.1489062997 28.2770868048 27.1933024683 27.154230099 28.2923817244 28.1723534315 27.4622632704 27.8912328741 27.3392176313 27.3796246355 27.28548193 27.1526427752 27.424988525 28.2887166169 27.9158924631 27.1334539855 27.517000278 27.8786638543 28.097725869 27.6135230475 27.7151693258 28.1229587523 27.8039871874 27.9216149239 27.9237547557 28.2595975427 27.202657785 28.0009116782 27.9112448252 27.8008564206 28.1412872207 27.1330320506 27.9863125542 28.1330701541 27.4225247253 27.0194477907 27.0028008989 27.4532243552 27.9953009952 28.0616268947 27.8564768386 27.5884784387 27.8011091969 27.1397949134 27.2175218709 27.226288248 28.2226527167
27.9892807235 27.621254832 27.2058985699 27.2637556482 28.1650504275 27.7082078719 28.3036728594 27.5237810039 28.0907708201 27.3331543811 27.0836454533 27.2402061904 27.8190296851 28.1778597012 27.6000385058 27.4218494125 27.0057141171 28.1054343312 27.1583881133 28.2564039513 27.1823184482 27.122318829 27.9385371693 27.2516078562 28.1827316298 27.6315142895 28.3951851492 27.4575679827 28.1662318742 27.4038233489 27.9283505172 28.3938499377 27.6034986934 27.3763669469 27.5022154301 27.7612880534 28.1198473975 28.2606967253 27.4863982086 27.824881378 28.0919051284 27.6986505687 27.6296015431 27.9100256176 28.2491686618 27.183771019 27.9813832193 28.0886757307 28.2032229392 27.2304207281 28.3919376412 27.1175511875 27.267165352 27.2277512237 27.3238568505 28.201073971 28.0441929755
27.26448365 28.0625209716 27.1573933632 27.432443615 28.2466834881 28.2747599866 28.2003381368 27.7309317351 27.960896983 27.2863819972 27.2962692012 27.0260987738 27.2856342072 27.8445506086 27.6810489584 27.615613041 27.380138388 27.0120952409 27.4763197439 27.164895561 27.2413248225 27.0433070886 28.1953492749 27.8128988053 27.7800225293 27.5989749877 27.1910034188 28.3855599815 27.706477807 28.2656768323 27.7475341722 27.4076312479 27.1096884927 27.5972220879 27.0792461732 28.0795562435 27.4844972356 28.0104852913 27.1421322374 27.8471312047 27.3522470696 27.0642752836 27.2929414557 28.3135536221 27.9564199028 27.9636175819 28.1473926303 27.8719779896 27.927643398 28.2987259225 27.7536398624 27.6314727225 28.2435650149 28.0256585222 27.4498155101 27.3866483406 28.3668279317
28.204420248 27.9185460372 27.5397205186 27.056849638 27.6382224395 27.2364517578 28.1507158729 27.6293076484 27.0396131621 27.0965357479 28.2481989656 27.8771658842 27.7793287077 27.817927974 27.8951905047 27.1359327018 27.8014473035 28.3315788735 27.7191673225 27.6935003596 27.9608218063 27.1633412683 27.5210660167 28.3532944869 27.0294181766 27.2460494251 28.3465481285 28.3114951789 27.0552435704 27.3386425073 27.4550990501 28.1283684524 28.1793720804 27.1550771601 27.9856728734 27.6567097513 27.1314598586 27.1894030986 27.6038082936 28.40621015 27.1475257191 28.1736036789 27.7710281552 28.349765311 27.8546233458 27.4384387621 27.2853705599 27.9245182984 27.3441264433 27.4560325781 27.981767615 27.6691313082 28.2581162854 27.0600187647 28.1907038513 28.1868702735 27.8264927129
27.9933623674 27.1800934616 27.287568204 28.0816572906 27.4607804877 27.6149097994 28.0560986498 27.9880359155 27.1645447355 27.3066461596 28.2892591779 27.9142981015 27.8204997072 27.1496041706 28.3018260509 28.3358626887 28.253666283 28.404768569 27.0823792792 27.6593088918 27.29107991 28.107659681 27.5999543829 27.8921146159 28.3863007535 28.3310077162 27.0759692798 27.5020208942 28.2819778587 28.1148372209 27.5130179172 27.2900466106 27.2317214686 28.0926229394 27.0548024435 27.9632461594 28.4108405765 28.2093482383 27.6375242363 27.8595763839 28.3244967081 27.8432002826 27.0696532097 27.5093857316 27.1628671894 28.1790823576 28.1048503455 27.7725123653 28.1690115302 27.7373100895 28.1465462951 27.469778909 28.1061915119 27.0483717911 27.1645724203 43.7028972137 38.9158304716
28.325005822 28.2936844029 27.8446000489 27.9325840559 28.1772631528 28.2670308315 27.8695184253 27.3973530436 27.3755520778 27.1781185985 27.0779666063 27.380754673 27.2091445364 28.0298987911 27.1581846084 27.3371833278 27.923112137 27.187204033 27.3740726877 27.8227964948 28.1506532654 27.7013598784 27.010875826 27.8543633126 28.1666092772 28.1636821796 27.6474549569 27.2750355069 28.1940763058 27.6984117937 27.5355803159 27.6237945358 27.5685669918 27.2863026225 27.0731361576 27.1088521197 27.7132523168 27.5780438951 28.2764542606 28.2315475838 28.3501451165 28.2247195428 27.6278506074 28.0293403056 27.9583776521 27.8622331866 28.3684508593 27.1500784994 27.2086850486 27.9931863781 27.5921083808 27.8984521843 28.0544740361 28.1569467767 28.2158207113 48.4428534957 47.3229417839
28.041043652 27.0426716404 27.2345982445 27.2388584053 28.4035075625 27.0076257058 27.3693217248 27.2210488116 27.322109064 27.3433776488 27.1981267633 28.3893748304 27.8265187716 27.2335598978 28.2020411732 27.1568798291 27.1618149006 27.9720864664 28.1754860679 28.0388327817 27.3698406053 27.4069291292 27.2818667808 27.7690333635 27.1904962986 27.7885148826 27.1751130053 27.3430315752 28.2064390268 27.9766415173 27.6837078619 27.2071327828 28.327919055 27.9620986173 27.2950949956 27.2217447549 28.3976986224 27.4587257443 28.1613790446 28.3046873318 28.2065803998 28.1464441197 27.2499242062 28.3940631873 27.3047865057 27.2083953193 27.8613745165 28.2609980449 27.6845489469 27.6334843918 28.2169724816 28.228728356 27.8498075822 28.2375841738 27.3616913848 45.6001484566 48.2691144314
27.8181642711 27.6864357787 27.7293879689 27.8471088468 28.229603829 27.2805658983 28.0827973765 27.8408475067 27.0565839173 28.0242401281 27.2129444457 27.2970319273 28.0956367495 28.2755808569 27.7145541261 27.5245391041 27.3399699021 27.337003263 28.0185962622 27.149411986 28.3023007024 27.9074760005 27.590670832 27.6251567286 28.1914353297 27.128357853 27.406888472 27.2713641732 27.6562473599 27.591042309 28.0362781458 27.0020212599 27.130014275 27.7846312529 27.6265725145 27.3532747764 27.563412119 27.1303019046 27.0234194668 28.2720088551 27.9108323566 27.3153804559 28.0486667501 27.5278010944 27.8485199248 27.2733432686 27.9484249164 27.8876312908 27.5621073007 27.1932812375 27.5901812848 28.003349196 28.2504034978 27.2277345402 27.7332078628 27.089600577 28.3841485959
