Spatial_Output/DEC/DEC_0089.asc
NCOLS 155
NROWS 192
XLLCORNER 196307.867259
YLLCORNER 449144.565805
CELLSIZE 33.573938
NODATA_VALUE NaN
[rows 52 to 77 of 192, columns 0 to 56 of 155]
44.9271829213 43.7409620451 44.7614884911 44.3557923861 45.4022891825 44.0134857301 43.454527339 43.7641480884 44.2840781412 44.8092558338 43.4706502458 45.7956792518 45.2390816439 45.6978920983 44.0047858866 45.0139159268 45.3323265451 43.7696185548 44.1981535504 45.538519513 44.0358507245 43.3493052648 43.2802011039 45.066275627 43.8577069525 44.3842177256 44.4296971291 45.6946728297 45.2909408201 43.7136802606 44.4051215302 61.1414332179 61.1414332179 44.6076410179 43.4922490581 43.3510829479 44.4651005107 45.684059677 43.2980749291 56.0609282589 45.7339933897 43.9281275555 44.4214764323 45.5411603794 44.7822422682 44.6241764407 43.8310597569 43.6414755518 43.8337269386 45.1350901566 44.7872904873 44.211822159 45.4216516904 44.9195700647 45.4791460465 43.1297343245 43.3777758053
45.2525635725 45.4440634086 43.0875790345 43.7657674089 45.4232514721 44.1263307184 44.7377295049 43.7984505316 45.6296969869 44.0129909345 43.7171014154 45.0685439252 44.2877195131 44.1416198648 43.6666365139 45.3683248969 44.7063838215 43.4484771685 43.4012371656 44.3983257691 43.7939914227 43.2022802804 45.6084153252 43.6757559978 44.6425212796 44.8282533632 43.3220367911 43.9137818103 44.374917885 43.3739620587 45.1872684455 61.1414332179 61.1414332179 61.1414332179 44.5391816679 45.4516124336 44.5243306594 43.611647937 43.6237741643 56.0609282589 56.0609282589 43.4375159333 45.8080633674 43.8377663541 43.0832864669 45.0047695151 44.8374181322 44.739940132 43.6776641308 43.1761254271 43.2327006478 44.8177926778 44.2137589923 44.0000347746 44.367789813 43.3799819275 44.1760369212
45.1332959644 43.4235176011 44.2910130349 45.3770484342 44.5346178784 43.8782283264 43.2186711172 44.7756811984 44.0055963719 45.7251196089 44.9895670206 45.5412874166 43.7307724823 45.5668778203 44.4938714678 45.5972986917 44.1183099636 44.1660452912 43.6752364767 44.3768995987 43.5054933973 44.9950473329 43.4859420923 43.0621736682 43.2755757898 45.1600986614 43.7748544349 44.5396293239 43.1749417053 45.7872291835 45.5469308607 43.0397701819 43.2799357757 45.7522417252 44.312673428 45.0404638027 44.1823735441 45.2543047842 44.5510862819 56.0609282589 56.0609282589 43.7341281931 44.5878921979 45.5834627801 43.9922582013 43.7605025867 43.2976169447 43.2983547849 43.7877340003 43.4736583055 43.8908906165 44.8984429732 44.9233434031 43.0177587136 45.4243891953 44.6059637949 43.1350083564
0 44.1409360189 43.4243556108 44.2771247214 43.8206878353 43.2038626075 45.2228637713 45.7713628784 43.7748913091 43.9762794044 45.2834150288 44.3118442488 45.1514113145 44.5773737544 45.7149317826 43.5172283948 44.855770106 45.3356108921 45.5669658533 45.6073959775 43.5743537812 43.9031647303 43.2080571791 43.0817436309 44.2876956899 44.9484391644 44.211154422 45.3012297307 43.9735789621 44.8191396067 44.2060470461 45.2586569393 45.0594776281 43.1689072762 45.1061544402 43.9972579668 45.410794591 43.1236951088 44.9573352048 70.2553238249 70.2553238249 70.2553238249 44.0243937127 45.6583608829 43.7060704159 43.6485721982 44.8439708012 44.8950893434 45.7817747342 45.0829029563 43.3328431291 43.4802596063 44.815043672 44.9999280543 43.5613408708 44.1283116152 45.4898158779
0 0 45.2681316127 45.4759797208 45.1898391401 43.6332578803 44.4999168745 44.0508675582 43.0374146292 44.5810135291 43.6696493313 44.5392840599 45.1665138457 43.6474958225 43.5803232316 44.1277914291 43.3512584474 43.5319580131 44.3309403989 43.4021493418 45.149486276 44.1735622867 44.9306395322 44.9577882322 43.5254399704 45.1005924778 43.7815387853 43.1964008849 45.0073265781 43.4760199775 45.5489308946 44.2968378795 45.1712886205 44.0346084686 45.2342369961 45.8225856816 45.759182372 45.1896069029 45.15641306 70.126276962 70.2553238249 70.126276962 43.6758999822 43.520304869 43.7193133845 43.2517584978 44.1889378018 44.2744544862 44.7544324958 43.8483890647 43.9564681991 45.7301090293 45.8237010964 43.1311099217 44.5791618485 43.9418812261 43.6191137025
0 0 0 45.4261313857 43.4388162729 43.3808827802 44.1670764441 45.2760949295 44.9202379839 44.9310124097 45.3090007055 43.9372419158 44.5846369205 45.2467856052 43.4594789644 44.7976974705 44.3375619783 43.519541692 43.0175450445 44.0766065961 43.5314833801 43.1324298593 45.7214379671 44.862788206 45.5035768425 44.8719361622 43.2007732724 43.4824568636 44.661244088 44.5581286323 43.1985196149 44.4743084397 45.2070511005 44.0448238552 45.4124169241 44.7312615391 43.4960047737 45.127795445 43.5008459585 45.0141647658 70.126276962 70.126276962 43.3211811555 44.6012385663 45.7728590662 45.3316013949 45.6434901014 44.8691402012 45.7089226747 43.8879398412 45.3999673432 43.9106594374 43.6093372664 43.5047157441 43.9393969807 43.1046070882 45.1493997915
0 0 0 0 44.4042556782 44.4793785549 44.443616219 43.9235335459 43.3495052778 44.0528766253 45.1336317298 45.2405525725 44.0679611411 44.9020481922 44.959349714 44.553262492 45.0596420711 44.3925845887 44.1139582921 43.8007157741 44.1205777539 44.8417302091 45.2063618967 45.430151054 45.0170877906 43.3882964479 45.0162312097 44.1437445244 45.4850217336 44.7357054691 44.8245124708 44.726762148 45.4971673789 72.7158282591 45.0178869125 45.4204503282 45.1896545518 44.6356451813 43.5495184473 43.819430566 43.2906936219 44.2221893436 43.5780951283 44.7728489881 45.500809077 43.7859306841 45.4590999078 44.9175352264 45.4154419077 43.2604530018 44.0139940772 43.4005636095 45.6184288159 45.4064251357 44.0087393144 45.5203602086 44.7817124718
0 0 0 0 43.9371153627 45.1755066092 43.0702579451 43.2448106235 43.9254536545 43.7712518983 43.2726096257 45.2793202191 43.1067507654 43.9060086706 44.7318736683 45.1252514614 45.4554926352 43.9437435801 43.5985974492 44.2292982376 44.7620597563 44.9431253563 43.9533338892 43.5779159618 43.4802196118 44.0070192505 44.9453896984 44.5914966999 44.0950023581 45.7126094674 43.7903033758 43.2272631205 72.7158282591 44.4935818535 44.777816186 43.8672814732 43.7319937295 43.8971279066 43.7977995295 44.6134516776 44.2241545343 43.9686140873 45.3220619449 44.760660158 44.0538490867 43.1079253097 45.1420975305 44.9686441767 44.3909547154 45.3007551801 44.1140392589 45.356510154 44.4360897922 45.4755568243 44.3730816266 45.5490785792 43.2803043394
0 0 0 0 0 44.5626539814 43.9897688174 44.314591007 45.7751498998 44.4606933905 43.7311053042 45.492898714 43.0347931237 44.9688631057 44.6320880852 43.0872056861 44.1773129476 43.9711391298 44.7347510758 45.1281714029 43.264217141 45.4303213592 43.9709855842 43.6653480427 44.7732994469 44.6230134263 44.1727767176 43.1243029532 45.0363433171 44.1562730471 43.3209570649 44.1174063664 45.5878586026 44.0570891327 45.6246417406 43.1950934747 45.0144104489 45.7540361748 45.4059143974 45.3066987788 45.3629017265 45.6430709172 43.8434672756 43.5560672123 45.1981866447 45.7519561294 43.7474940065 43.3400075631 43.9303183516 43.2824495249 43.5156052201 44.6538889612 43.0934002111 44.88161899 45.2495003579 44.1315078263 43.729220783
0 0 0 0 0 45.6953651633 44.2376768817 43.3299969137 44.4787562991 45.0735055114 43.885927613 43.0575918294 44.7089879705 44.2471029712 44.309491173 43.8195438965 45.5704341758 45.1784051707 44.8035885792 43.4774302431 44.0467168039 44.2442796574 44.7230574502 45.6264163502 44.0746768863 44.3770786544 45.7249682272 44.1982078612 43.0440179995 45.5132275499 43.9389996937 43.9053019764 43.0385659824 44.8193513401 44.2073972265 44.2103448356 43.769224182 45.766782985 43.0792782827 45.7089774943 43.310985841 45.5788329044 45.1450326973 45.15701034 45.0895502591 44.6813382227 44.3397166375 44.1017347255 44.4757002622 45.8035104735 45.5914480832 44.463184782 44.2054719058 45.0025884362 43.2928098236 44.840667934 44.9426071169
0 0 0 0 0 45.6093147348 43.9350094471 45.0113490162 43.0172700299 43.447567921 44.7041633027 44.9547118219 43.5456327264 45.1202905632 44.2426231201 45.455292271 45.0905131131 43.2846689985 45.7126809151 45.5829623096 44.4748842063 43.753066076 43.1097069334 45.3374554045 43.5270305147 44.2762499271 44.1933123495 43.4112558091 45.6273578326 44.6465437791 43.3537020524 43.5550452512 43.0807818898 43.911611413 43.4100759542 43.6708001151 45.4915808437 44.9263885313 45.3047281054 45.2987947597 45.6851231748 44.6108077634 44.7138699797 43.4963771921 44.5014211299 44.5706782283 43.9235654159 45.0679444691 45.1254968409 43.8085561294 45.1541868002 43.0639705167 43.2924309973 44.9115942188 45.6726876335 44.8713958215 44.7503025375
0 0 0 0 0 0 44.920714145 43.4020828729 44.3447847927 44.0780413724 45.3650817075 44.6702316488 43.0073396677 44.6161663076 43.7918569975 44.7725993749 44.8694998954 44.4646490474 43.7905287433 45.6308751143 45.7924739644 45.2212856773 43.9338441325 45.0684486746 44.6093165884 44.8089535453 43.2261077197 43.1983545339 43.8138510067 43.0094519891 43.8834890603 45.0826109104 43.7665367232 44.2957223514 45.6678419349 44.0723803282 43.6170327018 43.6269661682 43.4593180609 45.2018590665 45.5292181248 44.4334256065 43.7827285605 43.2395524488 44.7838035022 43.292253761 43.998087381 44.8255852802 44.7321965562 45.6611460971 43.0087920472 45.5185886299 45.408576778 45.4814842099 44.8080286309 45.7065831002 45.6802871465
0 0 0 0 0 0 0 43.4131516677 45.2727463645 43.0698973426 43.4399086219 43.2354484219 43.5005695812 45.1041068472 44.225949903 43.4626860389 45.032198105 43.1504467536 45.7332939596 45.2691138013 43.3059184236 45.4068237636 45.7051631774 43.5350776592 43.152936899 45.6585921881 45.5490009317 44.4224959899 45.2578553735 45.6933360561 43.8619975194 44.2467099476 43.0131965684 44.6065001301 45.2851298611 44.166958721 44.9405001433 45.4061672491 45.8029754731 43.8477083634 44.6890781312 44.9659501731 44.1830880951 43.406498264 43.4918903543 43.6835300428 43.0597219159 44.2081357237 45.8247225378 44.8231861271 43.9885818431 43.6285248609 44.6420682822 43.3308030471 44.0518657534 43.8891374154 43.2777924592
0 0 0 0 0 0 0 0 43.9708032573 43.8332921679 44.2433479208 43.2511711786 43.8355155906 45.2342620352 45.8206364787 45.7414789109 45.7324203971 45.4217385685 44.9817852039 45.0815520313 44.407067402 44.9487292122 44.1255062841 45.434488564 44.8310320565 45.4551031329 43.4881988026 45.226036015 43.286771066 45.8262150068 44.9975057739 43.4193802504 43.6492593791 44.7017176928 43.2311122864 43.289509343 43.8357653011 44.9532920807 45.7068442148 44.4440502391 44.3618357053 45.5793305615 44.8585537378 43.728746891 45.5850189742 44.5757583471 43.298379203 45.1322222855 44.4099825867 43.6612015471 44.1391548276 43.9087667425 45.4255025381 43.273145861 43.4699531631 43.4447297751 44.810345224
0 0 0 0 0 0 0 0 0 0 43.2460052823 45.7432532338 44.6229950809 45.1978884809 45.3342635051 43.3111256898 43.2298349943 45.1889740037 45.4603997401 43.048973719 43.3257089277 45.6872619106 45.3250118676 45.735367949 43.4697043448 43.4102544244 45.0997992985 45.1751539172 44.6112598951 43.3041222827 44.703366738 44.7048130028 45.6677942414 45.6004387613 45.6408511224 45.0426703134 43.9424311657 43.5371193684 45.720245629 45.1347112578 45.1474151315 44.234021396 43.7536076267 43.0260209086 45.6570246779 44.1969998624 44.3222713657 44.9214823834 43.3987883226 43.4257704703 45.2320798274 43.8393596589 43.4873904085 43.7344422689 45.72209263 43.8859895641 45.1691025686
0 0 0 0 0 0 0 0 0 0 0 43.3351922793 44.0571668005 43.5223260111 44.4313857437 43.0435495577 44.2673816561 44.1482225908 43.3930105006 44.1289522606 45.7246225263 44.8912277795 43.8633141198 43.44831169 44.3804934403 44.1270055665 44.3019865148 44.8076900359 43.2382956721 45.4527792036 44.1772658512 43.367519726 44.6873095764 44.0497342959 45.4017593443 44.2175369967 45.02153188 45.0114044322 45.6226614881 44.8898091183 45.1435206895 45.2683627497 44.2156893299 44.3315280065 44.1304758725 44.371363774 45.5359029625 43.3302607493 44.1459016685 43.3703187941 45.3435875242 44.2877140149 45.2169455381 44.4403523534 45.2097972859 43.8291572084 43.4482696279
0 0 0 0 0 0 0 0 0 43.8877026507 45.5764765905 45.4968525344 45.5579714602 43.6350635487 45.1755421875 45.6036863641 44.453494142 45.4009719449 43.4960335731 45.398371989 44.0863284998 45.4569680524 43.4044643571 44.473577529 45.354246547 45.2541502223 44.8944860584 43.6406729595 44.9340238724 44.7148012292 43.9691585116 44.5226066386 44.9483587543 45.6045622786 43.6871816728 43.4016235336 43.0101885671 43.5199049708 44.990843767 45.3408996292 43.0453177911 44.4643165909 43.1897896738 44.9471029313 45.8115004445 45.615701846 43.5468953394 44.9032661877 44.1976444356 43.2422523617 43.9030230439 43.9508685613 44.8296172311 44.8450972557 43.6579689316 44.2449679459 43.4857418702
0 0 0 0 0 0 0 0 0 43.1974497907 43.7300902479 45.4995830472 43.6785737763 43.7836047949 44.0590484154 45.11579101 45.0280194013 43.1978283846 44.5947536996 43.8562071942 43.6603813736 43.6491204174 43.4073709185 43.491236699 43.1476167571 44.8211597219 43.9649876631 44.3601166702 45.4683668071 45.3325227361 45.0721719379 44.6305382736 44.6923695485 43.9240295748 45.0953867279 45.4998431597 45.8006251668 44.6755148911 45.1664849712 43.5804451326 45.5309125669 44.2185573282 44.715232439 45.5493600423 43.7414259665 43.0382759767 44.2955631116 44.9263372131 43.6277448943 44.3397460605 44.2976707319 44.3746726974 45.1154670915 43.2916150386 45.3700035024 43.1288097088 44.4316995634
0 0 0 0 0 0 0 0 0 44.7126429323 44.4948505437 43.2025990182 43.5090764137 44.4899213644 45.4298051868 43.7136255228 45.537299236 43.7530771915 45.1604913701 44.2864600505 44.4342994588 45.792050504 45.7216799757 45.8048483911 43.6404939048 45.4628902786 43.8745503811 44.6548968213 44.0111959573 43.8097366988 45.4672432226 44.8428231499 43.2387909627 45.6559379661 44.1902702465 45.5135376577 44.1738619437 44.7660095848 45.2933952348 44.4287276717 43.99888988 43.4505614335 44.977010992 43.8133637844 45.5527617841 44.4038914908 45.4455172439 43.5222818299 44.5460096814 45.477252076 44.8437035305 43.2152850019 43.972309007 44.5509645994 43.1605233042 45.6371293463 45.2122160769
0 0 0 0 0 0 0 0 0 44.9036380073 43.3673160198 44.6615879338 45.7336535062 45.6402491066 44.7368370129 45.47183609 45.5136706627 44.3479264176 44.3556343128 44.685370233 45.1610620234 43.4963956167 45.1245917372 45.4789788496 45.8043614563 44.8119486931 45.0363047291 44.0536005237 43.6888503455 44.3661716472 43.958110976 45.8176893067 43.3377495937 45.6201356014 44.8428941344 44.6487197913 45.4955624076 43.1496157035 45.1484336416 44.3440041955 44.8215484671 44.6971303101 43.6793156168 45.3081338765 43.1722364572 44.6253367714 43.0022560611 43.8449361987 45.4989080424 43.1970055681 43.5135816636 45.6560829669 43.1133021447 44.1641970092 43.2294069915 44.6099509189 44.2698655561
0 0 0 0 0 0 0 0 0 44.0697963921 44.8724156975 44.7612063325 43.5064915943 43.781033652 45.7641045634 43.032781159 43.2842266914 43.523713369 43.5637547845 43.6565361238 44.2644247318 45.0386456485 43.9131879706 45.4481686568 43.5519639384 44.5269538285 45.3604021595 43.6917533499 44.8339480866 44.9278637661 44.2984984888 43.4133732615 43.9937133264 43.234167816 43.1530322495 61.1125357828 61.1125357828 61.1125357828 45.3076899808 45.2738779184 44.4504561702 45.0721823598 43.1345084713 43.8241289301 45.0272849743 45.0367874871 44.7215387305 45.4363803104 44.2325711255 45.2651994573 44.0391556788 45.7788869522 43.0117651766 44.7517640077 45.8103956927 45.22447498 43.4594833879
0 0 0 0 0 0 0 0 0 43.2898250117 44.6781725556 45.0606314778 43.3049636521 44.0303256786 43.5876770884 44.9168343357 45.6497731113 44.7359812783 45.4781960617 44.4372578566 43.899462572 43.5869720211 44.7388009677 45.7888612386 44.4431750378 43.8418486565 43.7965296396 44.0369982718 43.6290096877 45.1839520506 43.1261660676 43.0652469571 44.4166435983 44.9439469394 43.2975963985 61.1125357828 61.1125357828 44.9476976875 43.6482050838 45.5801794519 44.1787019515 44.0116774041 45.283699191 43.7752431522 43.4192601633 44.2242268469 45.5561692348 44.0628393641 45.1457377103 45.192224432 43.7935666561 43.1831047691 44.2722219299 43.7769340189 43.7394117739 44.194956039 44.5172582281
0 0 0 0 0 0 0 0 0 0 45.3640359074 43.1514580678 45.211034673 43.4104107024 44.6560543465 45.4649146414 44.1565258512 43.1548302051 43.3343514854 43.1253694497 45.649167839 43.1848304737 45.0238844437 43.3233012818 43.1937749408 45.5835518989 43.3665289133 43.3591893335 45.4375939931 45.0491833225 44.6622150317 45.405003845 44.0181730303 44.55520499 43.0089578438 44.6945689303 61.0203842688 61.0203842688 61.0203842688 43.4992199155 45.4957768249 45.0051646554 43.9806753031 45.3510516342 45.6604210325 44.8796363943 44.7285274343 45.6581468916 44.3142639057 44.7363823818 45.7665360902 45.3264247269 43.7572219264 45.1526014829 44.5317568047 44.7007395078 43.2509302187
0 0 0 0 0 0 0 0 0 0 0 0 44.0936015261 45.7259346963 43.7533009603 43.5815405614 45.0158121333 45.46535608 44.3202595729 45.3566915038 44.5930834705 45.7833511659 45.1961108863 43.565617873 43.1812651314 44.5242440351 43.9229132569 45.0408290882 45.1071571442 43.3262912897 44.3105644952 43.2371868887 43.5097582776 45.411355377 44.0954348884 44.7501331317 61.0203842688 61.0203842688 44.7211905476 45.2568909542 43.2550617561 44.9997655226 43.3685208975 43.8381501374 45.768628558 44.4318036342 44.0926815711 43.1406316442 43.7112675109 44.9617512216 44.6625997785 43.8431022693 44.309760907 45.1620107468 44.348776641 45.0431946808 45.3020592314
0 0 0 0 0 0 0 0 0 0 0 0 44.4141478977 44.5044313029 43.5852172617 45.4352244629 43.7651258615 44.0789437977 45.2876055437 43.8078584707 44.0662934772 44.3877239245 44.8861181838 44.8817665442 43.9608954396 44.5518543454 44.0250684003 45.801082702 44.2405657447 44.0688761489 45.1401964396 43.8803071761 44.7103339229 44.6318940086 44.9004857681 45.5768715952 43.2124770224 44.9503384461 45.4995766777 44.9321763191 43.6087989218 45.4400204812 43.5763698309 44.5222574069 44.8255160872 44.9142450564 45.2404919823 43.2860408295 44.1231281154 43.3868552381 44.4784736608 45.3565828731 44.4337387874 43.276407663 45.8189347104 43.3904767108 44.2963311145
0 0 0 0 0 0 0 0 0 0 0 0 44.373392864 43.1299371306 43.1392686974 44.5272560229 43.4730405883 45.6579141114 43.8463827149 43.2347378927 44.6782893546 45.1064808858 44.2645177596 45.4494827611 45.8050218535 43.5756036638 45.3754419986 43.9925441558 44.1892295852 44.9512962453 43.7761377154 43.8745596578 44.8152404259 44.6068206337 92.699312224 44.7676063242 65.7624948102 65.7624948102 65.7624948102 44.0567585046 45.5224556474 45.1861587243 43.6389770436 43.3524482037 44.1020084024 45.4013934615 45.6387745799 43.9934716855 45.5888717619 44.4903704121 44.8983258318 44.5494164293 45.6298457241 45.3514694827 45.6513335098 44.0513321806 43.7456705872
