Spatial_Output/DEC/DEC_1416.asc
NCOLS 155
NROWS 192
XLLCORNER 196307.867259
YLLCORNER 449144.565805
CELLSIZE 33.573938
NODATA_VALUE NaN
[rows 130 to 155 of 192, columns 57 to 113 of 155]
33.141238671 32.9990825979 32.8947726828 33.0961757561 32.6914666117 33.1253188026 32.5706171421 32.5179974794 32.9377185937 32.969259253 32.6978027799 32.750416832 33.0318641218 32.5377402763 33.1026376668 32.6531873505 33.159804235 32.7725485703 32.852939201 32.9317115959 32.6100211591 32.5165938729 32.9192265361 32.922489961 33.1412757463 32.9385040655 32.8658434502 32.5822935057 32.5677755842 33.038427478 32.6331885566 32.5848421348 32.9792191693 32.8327668767 33.0879744409 33.0847231564 32.5642750912 32.7102945809 32.5866645407 32.8696110849 32.6913293362 32.5472199248 32.7329733974 33.1954673734 32.6941494201 32.9018405311 32.50851598 32.8615520604 32.5052806083 32.5631409124 32.5122367936 32.5764396009 32.6204463411 32.7045150196 32.6426186589 32.6793080552 33.0318350066
32.8968527421 33.1641668194 32.5787553869 32.7601752064 32.7650863627 32.958673183 32.9110291316 32.8424190565 32.9523832319 32.6801085941 32.6500483215 32.8456224414 32.5737167559 32.6839797064 32.5970442088 33.1995930723 32.9251440067 32.7443108087 32.587898242 33.002927668 33.1062684879 32.59595882 33.0393826242 32.9141239549 33.0156196217 32.734048861 32.9435893188 32.9136621815 32.6809257296 33.0655914365 32.9245029696 32.7370721801 32.6269389567 32.9577858236 32.7797230713 33.1418585118 32.8785794555 32.7079013573 32.5714423814 33.1169269834 32.9540428828 32.8686710209 32.6643931602 32.8237044584 32.9578687104 32.6152821842 32.8233737757 32.6086108933 32.9522870182 32.6888209101 33.1787631947 32.5250742962 33.1249139118 33.1169318988 33.2033151468 32.5242224234 32.5829880432
32.8987512463 32.904234876 32.5656104676 32.7579582906 32.8859400435 32.5354218847 33.0827875796 32.6823122336 32.931732176 33.0359356929 32.7119453573 32.5818056422 32.6538615637 32.8195234201 32.5845661563 32.7924812073 33.0984571722 32.5405098356 33.1107100996 33.1977065745 32.8840260639 32.6894537572 32.8278475279 32.6207996269 33.182664792 32.5614222559 33.1598846628 32.5812718141 33.0428335153 33.0425512896 32.8877920895 32.8235610051 33.0433917155 32.6353931567 33.0229604625 32.6361395832 32.639792405 33.0976916875 32.5693051734 32.5778082492 32.6136761379 32.9102173545 33.1909933572 33.0644202589 32.6934513738 32.8566486784 32.958356364 32.8859465437 32.7411049254 32.5523935518 32.8346216485 32.643337417 33.1190708467 33.0911005081 32.5383557687 32.542810317 33.1522530011
32.9115562901 32.9166027384 32.8013662583 32.5961964962 32.9373106869 33.1605755262 32.9706021424 32.8435222458 32.7050570191 32.5337388317 32.7112314316 32.8708669384 32.9185938278 32.5002886595 32.8513072437 32.8397246011 32.6447010302 33.0138974691 32.8039338925 33.1121403961 32.6785488831 32.5754135738 32.7731078442 32.8800112229 33.0271447791 32.5286551297 32.7308359855 32.5967012812 33.0059445399 32.9659935008 32.5941696774 32.789536812 32.5486996276 32.9428499179 32.6397272954 32.8207122992 32.5270940599 32.5454966885 32.6099077407 32.837337169 32.8666955718 32.5234871671 32.7671154422 32.7062240549 32.8321190537 32.6808202121 33.0524209215 32.5462666399 32.6213420264 32.8669328136 33.0542154645 33.2035188013 32.5764736537 32.8927736369 32.5160977842 33.0010214571 32.7461987249
32.897613359 32.9149318361 33.1019097187 33.0293852519 32.9235369207 32.8029603489 32.9569148461 32.7461898393 32.516014525 33.1169078946 33.1684333282 32.9508801898 32.7459876395 32.7623961624 33.1865051138 32.5020992336 32.7333344692 32.8134034145 32.6290996541 33.1717306898 33.1895387119 32.747515605 33.0234438161 32.8583424119 32.5177694285 32.6153919886 32.7033714811 33.1512513793 32.8082838172 32.6844509008 32.5335101876 32.6812967485 32.7021542293 32.7524894144 32.6881151069 32.9784996632 33.0660589779 32.8573120089 32.8687433685 32.8851603694 32.6546510074 32.7984277689 33.1982837467 32.529919217 32.9169218843 33.0556507347 33.1584973501 33.1986850878 33.0965615559 32.7680403383 32.9131187823 33.0438785024 32.8679041132 32.9495748267 33.1009551092 33.0592609467 32.8932777766
32.9941921888 33.1428200957 32.9669051567 33.1088544885 32.5966256553 33.1197626434 32.7088281376 33.0740206217 33.0778815943 32.5544900626 33.0697603647 32.9973894325 33.1449737683 33.1109494082 33.1800599391 32.5376886597 32.7417289893 33.1535449615 32.7248859216 32.9265684716 32.706420913 32.827257183 32.9984966235 33.1393718011 32.5383415191 33.1758488144 32.7773976828 32.7840942027 32.9644324524 32.6596366741 32.8517941031 33.1099479048 33.0390791221 33.1713546053 32.6561284287 32.8664414077 32.633836066 32.7775245616 33.1622127373 33.1466612821 32.5711413021 32.8880574389 33.0777039381 32.9831874018 33.1175088885 33.0110623245 32.5153825934 32.7707679177 32.8858302163 32.6822858506 33.0043805774 32.7058853563 32.6294842331 32.6017019951 32.5614542778 33.045082074 32.7954299071
33.1701898194 32.6524409446 32.9015204795 32.5735547589 33.0206746453 32.7825355703 33.1500826647 32.887809954 33.0479887827 32.7069485772 32.6516488674 32.8084702017 32.5972439651 32.7657547532 32.8907357611 32.952275964 33.1030758552 33.0370670479 33.0971884194 32.8759211608 32.8788199013 32.6137016768 32.7928865695 32.6624982775 32.8731136307 32.7366850332 32.8143709242 33.0163184417 32.7216253768 32.6444102717 32.9964790285 33.1795031118 32.59578465 32.8717534433 32.7407072027 32.8914382783 32.5921430708 32.8540458973 33.0188497795 32.860384624 32.8115816662 33.131612618 32.9995144543 32.9123757708 32.7188519381 32.6625075958 32.6516470852 32.9316054586 32.5875102692 32.6706245593 32.6847811455 33.1285845342 32.6034981233 32.5204560575 33.0346124191 32.8959343274 32.6937417531
32.9031558355 32.6559834838 32.543920826 32.8188206156 32.7844711529 32.5274620998 32.7884062527 32.5485540449 33.0351868821 32.8583255873 32.6694931484 32.730526761 33.1661328495 32.7166519219 32.5913734517 32.7568570602 32.9800604026 33.1139230343 32.828056719 32.5114138662 32.6068520738 32.5807093042 32.7774333194 33.1605197305 32.9806587085 32.5180365676 32.6040128971 32.7546948986 32.8964105283 32.8266618508 32.7214609272 33.1779319917 33.0860130836 32.9850461032 32.6966826965 32.9722218827 32.5761615769 32.6266695019 32.9079831554 33.086361761 33.162761722 33.1504522802 32.7022344322 32.5197554888 33.1755523343 33.1229898971 32.8346652667 32.6766572383 32.6840976825 32.6608255865 32.8698573995 32.7084449058 32.9966440452 32.807196716 33.1784024949 32.583922046 33.0059925742
33.0175450516 32.6620577977 32.6930470529 33.1142334327 33.1761595453 32.9913393124 33.143423188 32.7481788835 33.1704941843 32.6243472257 32.8815459976 32.5966126917 32.5933314378 32.8638663563 32.649513734 33.0228056442 32.7204431048 32.7386176942 33.042792858 32.7737385495 32.8600863938 32.69014987 32.8978693223 32.7207528384 32.7930596136 32.9109669425 32.6001388783 32.662351714 32.8875710471 32.8728068543 32.6346105492 32.7966829771 32.6795546318 32.635386224 33.1324075305 32.6456083854 33.1282555085 33.0605108682 32.6885098114 33.0491992532 32.8659463597 32.9052697026 32.5628668482 33.140507354 32.7122124304 32.5926300026 32.6991286806 32.7896494365 33.0921899017 33.027963099 33.1491939721 32.7414766558 32.8418806568 32.9634337886 33.0297468915 33.0356928032 32.9343881986
32.6461255131 33.1377079789 32.6734009135 32.9194349692 33.0753769709 32.7758785811 32.9309703873 33.0283740862 32.5675491174 32.6541460918 32.910998932 32.7839712782 33.1219613549 32.8192572968 32.5649362808 33.05640186 32.6479946465 32.8324904484 32.7969531031 32.9960728397 32.6021436877 32.5052701997 32.7561041175 33.03064207 32.6314089518 32.7363417656 32.8698550161 33.1812026214 33.0140596621 33.1150866169 33.0248775074 33.0599980223 32.5758363694 32.77332332 32.8078814012 32.6009851603 32.8441102978 33.0036854604 33.1573202077 33.2052559217 32.6017894718 33.0563473323 32.9888840362 32.9469870583 33.1236658229 33.1242828251 32.8300056591 32.6801073223 32.7696026247 32.6843046437 32.5765536193 32.7634833242 33.0582626947 32.6011076145 32.9406864681 32.5740156324 33.1598202879
33.0283219761 32.5691130143 33.0669045442 32.9996281257 32.6652547725 32.7488731265 33.0346844941 33.138062692 33.0018463355 33.1099767776 32.6723040529 32.5379622421 33.0758295086 32.5728926874 32.5838271076 32.8434519189 32.5388378973 32.5196268451 32.7663722429 32.6375019234 33.1355939406 32.8109281367 32.8735303448 33.0988557136 32.6025976177 32.5370336634 33.0558213134 32.6645635468 32.8240164581 32.6577575563 32.8435828913 33.0791644665 32.9347739451 33.0027814236 32.6513349183 33.1787928843 32.5115369513 32.6293602253 32.8636127782 32.5282185921 33.196949629 32.5466852494 32.9871483748 32.6591320988 33.1822222915 32.5683188623 32.8587837693 32.6115767604 32.892975546 32.5589689912 32.525247706 32.9200918272 33.0136892455 32.9130480685 32.9496648307 32.935816056 32.7497926898
32.551129627 32.6178119675 32.8259828318 32.7864943799 32.9402512927 33.1989568721 32.8453759769 32.7727908234 33.1791746077 32.7783465782 32.9527908531 32.9676283828 32.8901683146 32.8832141764 33.0696316249 32.6696309663 32.6220757014 32.8280179267 33.1439304477 33.0980385528 32.8103099113 33.0513735872 32.5600795924 33.0767676918 32.7941078752 33.0865711124 33.0376028975 33.0424200627 32.8602814814 33.1712020512 32.7151292992 32.5432446552 33.1556781186 33.0988420013 33.0228860489 33.1386718622 32.9348734928 32.97021031 32.8531691608 32.7708667545 32.5000100976 32.5300584958 32.6824686187 32.7216190512 33.1824032103 32.926284817 32.9583911909 33.1823451455 33.0040546013 32.9577600005 33.0735419983 32.991199691 32.5199641309 32.7999137401 32.7736399814 32.5195380744 32.9505517447
32.8033707402 32.9888461186 33.1622926082 32.6115411499 32.6663486129 33.1161751759 32.8866416214 32.8716963044 32.8441399162 32.5343518431 32.9151194372 32.9049725953 32.8420686471 33.0363593568 32.9050618939 32.6925996448 32.9631741798 32.9315114798 32.6469771843 32.805734409 32.9963617155 32.631038254 32.7815576626 32.8491248771 33.0720353432 32.9896128435 32.6222396551 32.7056563252 33.1650476757 32.8605787499 32.846471241 32.6624382803 33.1829432469 32.7871830074 32.8314706114 32.8198443602 33.0570231354 32.7290611274 32.6507248477 33.0459093838 32.9424813722 33.046332806 33.0186590522 32.757322876 32.8589877877 33.0308853237 32.7946445288 33.1224696653 33.0257634086 33.0106938653 32.736938928 32.8316981969 32.5191358705 32.9991192645 33.06102569 32.544958247 33.0200985552
32.6184074585 32.6961808805 32.5137016569 32.8311548325 32.8781487996 32.7970165724 32.6577493663 32.5752853829 33.0822317208 32.8442864769 32.6256251344 32.5198948561 32.7511935723 33.2027188248 33.1076231421 33.1472141394 32.7077007572 33.0577266694 32.870670859 33.0553032477 33.1157140623 32.9817420352 33.0369421389 32.8963007163 32.9520307739 32.8694307879 32.6521126133 33.0948729751 33.1149109747 32.6859428309 33.0122359954 32.7318841622 33.1350429165 32.5163866257 32.5640835689 32.8047761208 32.6508175304 32.563747028 32.5856974084 33.1154517285 32.8799849087 32.9202871951 32.8072381611 32.9734415266 32.6527591591 32.919888194 32.7654650724 32.5926038661 32.8024402472 33.0544342208 33.1442651655 32.747848811 32.5215481328 33.0527868139 32.6382692339 32.8553458392 32.6827947146
32.8577741025 32.8729470264 32.8381563584 32.6593782605 32.7850331359 33.0833564432 33.0985502273 32.962176253 32.9589198874 32.9186627208 32.5726582061 32.5156739715 32.6515912414 33.2029971906 33.0645872841 32.9466197655 32.5486744194 33.1839293939 33.0077553526 33.0841490918 32.9060923897 32.8344734075 32.9950076979 33.198341101 32.8169419862 32.552489611 33.1429012427 32.5203985354 33.1811691889 33.1395571118 32.907800794 32.674725329 33.0413344452 32.6199994994 32.9335789446 32.8470357564 32.9512498893 32.9974342165 33.1879262058 32.8208008944 32.6897002755 32.951220323 32.9598096086 32.9884939496 32.6481321161 33.1695657199 32.5665848859 33.1060200455 32.8063119587 32.7644925786 32.5748022444 33.06792436 32.5981758136 32.9583284142 32.6089257002 33.1967018018 32.6589945834
32.6552119011 32.5979084625 32.9091419003 33.1219715634 32.7325291647 32.8222838585 32.8213015762 32.7277992738 32.5397026248 32.9055800641 32.9015415823 32.7851508704 32.8187305469 32.702396267 33.12314298 33.0789389568 32.5728636851 32.9244894463 32.5202258427 32.7123137109 32.9643733597 33.1438991419 32.5377665822 33.0730503532 32.5256957843 32.5602565867 32.9570341026 32.8099551778 33.0018024343 32.8014274714 32.6501114227 33.1180914367 33.0849931013 32.9665560007 32.8672721406 32.6472606431 32.6305028833 32.5388724842 32.9433319139 32.9483693527 33.087935176 32.7718454693 32.5376558809 32.5039868573 33.1470452273 33.2067919061 32.8652620794 32.7962394816 33.2028083449 33.1984576607 32.8048171418 33.2053930549 32.9042279036 32.7911067445 32.5697399888 33.073152843 33.0017814233
32.5704861376 32.9490294012 32.855395316 32.5709887393 32.9198949823 33.1240968151 32.6516008102 32.5938494475 33.0705089276 32.6056578858 32.7699623157 32.9666388241 32.6935951619 32.9793881287 33.0100083267 32.5078896302 32.5813213664 33.0349197388 32.729298535 32.8054589572 32.5346048125 32.541849658 32.7206412711 32.7290620274 33.0043193666 32.9826690224 32.6673390892 32.7671398872 32.8039401153 32.5673875603 33.0383862381 33.1333179793 32.6647214451 32.9901984905 32.9016689657 32.8737939584 32.9855085544 33.0650953915 32.8620487474 33.1271957249 33.1292653347 32.6000968439 33.0019656673 32.5864020741 33.185166716 32.5643862273 32.6387832126 33.2045327708 33.0318471422 32.7349325736 32.6165661162 33.0688948202 32.7458554557 32.5070290562 32.8716060707 32.8970256057 33.0792002206
33.0318458461 32.6103472222 32.579892482 32.5104294579 33.1946427951 33.0976455996 32.6223883732 32.5103040936 32.8700470251 32.842553118 32.8071183343 32.8639374665 32.7750933766 33.0175941657 32.8165060987 32.8207798957 32.7798361141 32.9230387833 33.0687934188 32.6860835234 32.9941026474 33.1719468495 32.9322251405 32.8901795746 33.1630821502 32.7868109894 32.9136332787 32.6376020228 32.7631432534 33.1012390379 32.9674268506 32.7432249768 33.1211156653 32.5404735926 33.0586720572 32.8715713388 33.0461176407 32.5592151889 32.6952624003 32.6293343459 32.5946963879 32.8568603224 32.7110444629 32.5387277572 32.5191850162 32.5240173653 32.7924656684 33.15802617 32.9072584249 32.8650318559 32.8612050111 33.1480988933 32.6166075432 33.0326552806 33.0805590535 33.1306301621 33.0099576154
33.1843339526 32.8200474071 32.9285393737 32.666276263 33.2033679466 32.5401589352 32.7760960057 32.6226481285 32.6241947196 33.2000809021 32.654012316 32.7790572437 33.0035972315 32.9486843656 32.7126064817 32.5708176258 32.6333645643 33.1344976088 33.0524188417 32.6562526883 32.6093470248 32.6067453453 33.1503361892 32.7104295808 33.0412464387 32.8338462925 33.0238561242 32.506084377 32.5469411071 32.7240252701 33.1893021938 32.7408462815 33.1982161035 32.5181259508 32.5000862872 33.1976545299 32.5145370252 32.7748001828 32.8504092967 33.0617632679 32.7233998779 32.902843357 32.9674835505 33.0301793708 33.1035221485 32.9242703433 32.7422928128 33.0197798977 33.1763869695 32.9030934987 32.5503221111 32.9593988681 33.0565762425 32.8815883396 32.8422571411 32.6691089009 32.9412624021
32.8246598604 32.7815733502 33.1921386054 32.9162725804 33.0921011861 32.7581978118 32.8289013207 32.6913069023 33.0483153274 32.9123861576 32.8840777688 32.6574231245 32.867715494 32.7307600876 32.7766828868 32.7041068612 32.913228304 32.8552799244 32.8097632715 32.8938274382 32.7784932424 32.654863642 33.1462412425 32.7677168722 32.6870445998 33.1724075861 32.8852646575 32.5541695761 33.1587121639 32.874489268 33.1083730422 32.7758459102 33.0823375289 33.0076639108 33.1690211794 32.6520889546 32.7761734448 32.5806176162 32.8164748814 32.9261299161 32.9066651684 32.8473906397 33.0906856746 33.1066790981 32.7697414191 32.9145438645 33.1259562192 32.9958108433 33.0455961162 32.5706581869 33.1923711018 32.6373742998 32.807141309 32.5093664295 32.7211710176 32.911809464 33.0142604747
32.6328453041 33.1636239134 33.1193482091 32.5547543842 32.868395525 32.8864101406 32.8125579183 32.5890476673 41.7106398487 51.085326889 47.0731116718 32.5967080271 32.9721898346 32.8639115752 32.5760028526 33.0910454896 32.9577991583 33.0201952043 33.1810091589 32.6319537645 32.6249811193 32.641805369 33.1251809431 32.5411012404 33.0810784946 32.7828811114 32.8878616323 32.8341358619 32.8204790089 32.5330138128 32.5674732606 33.161258221 32.6996722307 32.8111435672 32.5724758701 32.9632346648 32.8431608271 32.9425998454 33.1900458883 33.1453900419 33.1526281615 33.1422539991 33.0843084685 32.8256957031 33.0776366885 33.0578554339 32.7391610252 33.092276234 32.9390064817 32.5661842331 32.9813551136 32.7556034225 32.8185350645 33.2033168667 32.838549834 32.5553724079 32.8573984715
0 32.9654724973 33.1588832264 32.9051354509 32.5271297868 32.9438531495 32.5028009906 32.7257403223 47.3489537811 48.8835608082 51.7768610226 33.1666179362 32.687185051 32.952895037 32.5668492776 32.7462951872 32.7775889543 32.5434770095 32.9757545392 33.0210638785 33.0690397384 32.8879314071 32.9935996321 33.0803372543 33.1264719936 32.6473658469 32.5016810826 33.0696100919 32.7730176778 32.8415479299 32.9722804468 32.9558776453 32.6544075008 32.9223512417 32.9190881867 32.5249443706 32.6858071051 33.1654886397 32.8854590884 32.7821836103 32.5751489463 32.9512643961 32.9519627437 33.1886590375 32.7719443047 32.9663619202 32.7956148434 32.8815020083 32.9393587633 33.0066426288 32.5541422448 32.9036368064 32.8721507372 33.0414720081 32.6526132219 32.5838810654 33.1973196526
0 0 0 0 32.5197430036 33.1436552742 32.9338924543 32.9563852473 41.4281801394 48.154351062 48.3900401273 33.0494943539 33.1374440368 32.6739354453 33.1127327092 32.844598784 32.8890592814 32.8664650775 32.7805540429 32.8572359899 33.0205476179 32.7920641159 32.9530278244 33.1798953429 33.1638451641 32.8062582413 32.9899367199 32.9304045652 32.9410299117 33.1408784229 32.9454625481 32.809649535 32.6129863357 32.9993823567 32.7938354433 32.5084236137 32.9041098434 32.981910232 32.7837663016 32.7282531918 32.8646994716 33.1915059336 33.0310852884 32.6148261055 32.7532805295 33.0972344928 33.0144830237 32.9558818277 33.1865813122 32.534784215 33.0989759243 33.0830540211 32.5442973563 32.747172266 32.9560563867 32.6787229437 32.559124241
0 0 0 0 0 0 32.5312579079 32.8652694921 33.0684088482 32.7645530553 33.1144229088 33.1351659395 32.8083281298 32.9302298911 33.1307207787 32.5130277002 33.0059253926 32.5725266437 32.649815081 32.8460489275 32.6401151639 33.1978425271 32.5098929035 32.7909942282 32.8204221003 32.5249776941 32.888197048 32.5533610424 32.8826242971 32.6227299473 32.6478063818 33.0005847207 32.7796394917 32.5596136731 32.7578556637 32.5948039004 32.6072955378 32.5386626449 32.5175554466 32.5298004479 32.8928956596 32.9448507462 33.0469556237 32.7890941875 32.6844460866 33.1512195664 33.1141083968 32.8745504554 33.1756565988 32.5381556236 32.6225351622 32.9392429953 32.9826441974 32.7276689634 32.622867053 32.5717249794 32.7625906242
0 0 0 0 0 0 0 0 0 32.9469079381 32.6537732742 32.553390724 32.7970088238 32.790617702 0 0 32.7154321648 32.6059914118 32.6652399744 33.1144889773 32.5190956859 33.0804134228 32.6765927993 33.1575038286 32.9030100506 32.5008204789 33.0258369831 32.9848531131 33.01440923 33.1290982932 32.7716909771 32.6411096722 32.9221933041 32.9964234201 32.9653140286 32.5396528872 33.1916206945 33.1341259836 32.8548074152 32.7198599003 32.7725305543 33.122105524 32.9443333722 32.7821465672 33.1420950177 32.6889319133 32.8195669927 33.1115300936 32.8147600252 33.1346585191 32.8091023292 32.639298354 32.9353177572 32.5207246038 32.9260757142 32.5155912797 33.1401649958
0 0 0 0 0 0 0 0 0 0 0 0 0 0 0 0 32.9934045061 32.897147541 32.6861415495 33.1279202678 32.5302209786 32.7112182731 32.7033390144 32.9512655019 32.7349708587 32.6812566548 32.9307467634 32.574392807 33.1346160236 33.1871178247 33.0390147941 32.8645800391 32.5431776006 32.6701086097 32.805243051 32.994294888 32.7352483857 33.0713451942 33.0848303897 32.9453782973 32.6776298414 32.5144572647 32.8792705053 32.7756307553 32.7968372713 32.9540959291 32.8196134742 32.8727337795 32.9853621244 33.0389437677 32.7977258127 33.0570479254 32.8953264851 32.9955745512 32.9676742028 32.8624187103 33.1835646548
