Spatial_Output/DEC/DEC_0780.asc
NCOLS 155
NROWS 192
XLLCORNER 196307.867259
YLLCORNER 449144.565805
CELLSIZE 33.573938
NODATA_VALUE NaN
[rows 104 to 129 of 192, columns 57 to 113 of 155]
24.2219584363 27.0858000801 26.0850613072 25.0122064135 27.0956706762 27.178791856 23.8201689914 25.9890993062 24.9356025692 27.0774769516 25.4928514326 23.4037704394 24.8627542074 24.0002570291 79.2280797659 79.2280797659 26.2747837747 24.1675159359 24.0571064898 24.570126458 26.878055227 24.7934003227 24.9288591462 25.071078783 26.7562177355 25.1221499059 25.9722321515 24.5155925315 25.5650637987 26.0419583286 23.6667157925 52.219323231 52.219323231 54.4494369737 54.4494369737 50.0367111838 50.0367111838 26.9102765986 23.7415606231 23.1704218367 23.0832386484 23.4797719297 23.7604329417 23.7577816531 25.9917758841 24.3045365453 25.275853695 25.081740035 25.3347744575 23.8933042436 24.9295400148 24.248767809 26.0641211012 23.590873997 24.5121263187 25.0978482097 23.9627948745
23.038238157 26.4187500246 25.3078767585 26.9837347727 26.1498483495 25.7597968632 26.7583653126 23.8776160026 26.329807381 26.5543521539 26.32566024 24.9790356162 27.0344921342 27.0163089744 79.2280797659 79.2280797659 27.0264974881 58.4614421941 25.1462884872 26.6373335366 23.3400793309 24.972939545 23.7848099082 24.3191819075 26.9243555655 27.0069237093 26.3378401841 23.2586768252 24.5557749681 26.1844313681 26.0648053804 52.219323231 23.2727766083 25.69496529 54.4494369737 24.9706574496 50.0367111838 26.2176134874 26.4599928097 25.8833683344 26.5037825156 25.528985804 26.2294505717 23.6236942821 23.7294467906 26.2616971338 25.6150421237 25.068227664 24.0974730822 25.0922781655 24.9127587759 26.4268178102 25.7410301103 24.9178151578 25.6672708032 27.174258031 25.5405993457
23.4973710457 23.6306633916 23.1498815095 26.207036328 23.7369662284 25.0820202036 23.6484135159 26.0438143868 26.8617225396 25.6442423849 23.4909313095 25.9967659053 23.409226358 24.8467422744 26.069048843 25.999402703 25.1954028082 58.4614421941 26.7360266672 23.2818148797 25.9570140519 24.76513761 26.5004741875 26.2705344535 25.8299726829 25.1698081471 25.2774703965 25.5682226453 26.7687883278 25.7669463842 26.4704739634 25.3575221788 23.8620721375 23.0390432745 26.3945189 25.9857975453 24.5366998919 24.0195162463 23.9377919467 26.7590795555 25.239091151 24.8395199744 23.0853257012 25.5178186554 23.8662836071 23.3721323614 25.5522903761 24.7134557428 26.835222166 23.6979838726 23.573036945 26.3785635648 26.3636283783 26.1014650837 25.8624871369 25.0769568042 23.2930826006
26.0759294852 25.7776785475 23.5423963622 24.2895429935 24.057747931 25.3853755017 26.2114464456 24.6379984219 25.8402085336 27.2291806299 25.0731267499 25.9984925496 25.738427143 24.8334179291 23.5016658872 25.1818241376 24.687783495 23.6443308261 25.8922359728 27.1065450587 26.498340022 26.9252840319 26.2754381341 24.9920411487 23.5990214757 23.7287319136 24.0603530501 24.8138827453 27.2288926412 24.5049445298 26.7077596708 26.8915477195 25.4709458164 25.2120974421 26.5498664177 25.2252558214 26.2771029562 23.7037881482 24.0992386426 25.7548556922 24.4815303463 23.5038598096 24.7067880121 25.9898381412 24.9597881734 25.0624750784 25.7857020651 24.1594265103 25.4801070602 26.3175903426 26.4589247401 25.7922031707 24.5041146985 26.4633212961 23.109601641 25.754894983 27.2066792997
26.6845684429 23.9387110436 24.9346052682 25.1048213878 26.7295720737 26.4986956777 24.0895432906 24.937961183 23.5342443517 24.2510554933 23.0400393769 26.8939162769 23.4676075369 26.9760842063 27.0032881341 26.7851964201 25.1522632286 25.892080323 26.9470862188 26.3078400393 25.0330987957 27.0509013314 26.8044910038 25.6815648069 25.3927700199 24.1564116569 24.2595209091 26.7964239608 26.9423510403 26.2093469304 23.2093390738 24.1448188389 24.3279434481 25.6389685833 23.2191323961 27.1756900357 26.3629498318 26.1072863936 25.9329360304 26.6043383308 25.7896477944 26.266352295 25.2734595018 23.0338114212 25.5356519601 25.8058168522 25.7067933406 25.0570623639 25.7833994505 26.1891348816 23.4223982209 24.970925629 26.0421811696 26.7087651817 24.9604379167 26.7737283544 23.1562944782
26.0895807271 27.0032253771 23.0170504959 26.7610624454 23.1564956385 26.4547160215 24.281847171 26.5877438675 25.6646667901 26.3459337103 23.2076197639 23.2184804047 23.7028439561 23.47946368 25.0183550527 23.5748567624 24.5172628596 25.5106770963 24.8335882558 25.2593440652 25.5586080133 26.6500383174 26.598939619 24.9358065347 27.1308433726 23.0539333444 25.8633493349 25.9776436405 23.9024336259 23.8885782134 27.2359778801 23.8774132438 26.0811346295 24.2151708417 25.9703464638 26.6963144933 23.4741726552 26.8256528654 26.0240213088 26.5296902415 25.3832254197 24.481984419 25.0305947033 23.4343332763 26.0278157171 26.4723114899 26.4520229905 27.0644630671 26.2787857867 26.2936687022 24.6464129227 24.5197273785 25.1532332248 26.663645623 26.0423243377 27.2177615021 24.5762913514
26.2974854516 27.018581314 27.0333784801 24.4950697699 26.4222547698 26.0345497461 26.1151011219 24.6368538783 25.1675860606 26.8112962304 23.6096555277 24.8690690129 23.1578965663 27.133796942 24.116725276 25.5596163754 26.1182307534 23.5853117306 25.7683727807 24.7076142134 26.6177934567 24.3697148505 25.5765795924 23.7739229893 26.0723221321 24.8544700609 26.6028457437 27.2070885595 24.0919756391 25.5835370862 24.1705674694 26.8918308754 27.0785605327 26.9493739469 26.2486717483 23.5311061112 24.7235439406 25.6095520598 24.6705052594 24.2040102225 26.7420604548 24.9378249497 24.4390972296 26.0859615129 23.8271616875 23.5986929932 25.0347976549 24.3641599293 23.7510136793 25.0185065228 23.4738539819 26.6413537886 25.1021587556 24.4711551316 25.719309311 24.8569762192 25.876279591
26.1095812663 24.3255018585 23.6380907801 23.7409574629 25.0329790375 23.3736605412 25.5300989152 26.2944560016 24.4091954862 24.9143199955 26.8499857832 27.1827292277 26.4710506933 24.9100828523 25.2729598638 24.5815703387 24.8086571992 25.707560551 26.6568074244 23.2277538739 27.0957459264 26.6039111443 24.5034803486 25.2024283227 23.0801318357 26.1750498728 24.0689660647 26.7880429938 26.870397981 23.9548815522 27.054543929 24.1588770047 25.0014441946 25.4489056887 25.6293926732 24.6722928271 24.6591124047 24.9885856411 23.8167235471 26.2733444603 25.5111917691 26.2502005472 25.0238820033 25.4434927832 23.4139160249 26.8266028046 24.5433024323 24.9821789451 24.5649940997 26.2577458867 26.2793712364 25.8066534648 23.5147866327 25.2915784792 27.2335697655 27.2175107203 24.4163334706
25.7636075588 26.5705317469 26.2974305816 24.052014354 26.0333644801 23.2826913574 24.8574154024 24.8961485027 23.0106448492 24.0217036945 25.6582057553 26.3847534865 27.2081707551 23.8960736226 25.8174479625 24.3749756768 26.5046956241 24.2874926646 23.8681681695 24.365427211 26.9219118023 25.521265082 27.0895866359 23.9904530148 26.284247157 26.7798282717 26.6127042248 23.0253710756 24.477503943 27.0853409676 24.7843597892 25.7289253041 26.1069187829 25.5341716479 24.9621213221 26.0785349862 23.4217652376 23.2350854479 26.752291173 25.5780711855 24.2797985067 25.8546937243 25.5141471328 26.6324824088 24.7151281533 26.6770471953 23.7249230275 23.6220274958 24.755390262 24.0214864638 25.543436248 25.5908069159 24.4281304942 23.1502450514 26.1115540019 25.5592074377 26.2684461713
25.8898642275 23.5501353036 26.4756683529 25.5151860514 24.6384391908 26.1991649871 24.2048166136 24.8664834026 25.3110542167 24.9661413548 26.7274792184 24.2480880119 25.4145115528 24.7607449146 26.5840602069 27.2211777188 24.8499922772 25.2169091871 23.3608478284 24.7428769356 23.3170235357 24.3334427655 24.5308249356 24.943976597 25.9279605101 24.9706148782 26.9427554899 24.57677596 23.6619048857 24.3198018077 25.4168264512 23.570822559 24.871294236 23.8979965923 25.3404797429 24.1359435421 27.2027024504 23.7782968589 26.7438520578 26.345214166 24.6382018878 23.7411548997 23.2000626633 24.2772608911 25.1363546426 24.2772668562 26.8732659808 26.8080699031 24.5498566742 23.085709718 24.65079451 24.1898492368 26.437423562 26.143776383 26.376245311 26.6505789901 26.6610236267
26.3124619085 24.5436172083 24.638291517 25.4092933284 27.1603712752 23.1086891181 25.9560338928 23.8404138698 26.4288394681 24.3710536726 26.2864361724 25.8280262948 24.145264394 26.8241754421 25.3156283813 26.7026654 26.2112731943 27.2087156762 26.8129753001 26.514831879 25.42659501 23.6168009084 23.3649306669 24.3249310206 26.0374504762 25.744277655 25.2756516719 26.3352321621 25.8140787506 24.7149056494 26.7118723775 25.9487496561 25.2496840302 23.1096489012 25.6531864513 25.623131432 24.3123570392 25.186953321 25.8891174609 23.2679959007 23.4489428586 24.730411482 26.9632707935 24.7700709856 25.6212009824 24.5470533801 27.029997141 25.4244384196 24.0135590579 26.2234226321 26.0007144643 26.5527563743 25.6149378747 24.6069906087 23.2776402646 26.668694976 25.6840689733
24.0541453895 23.4594162268 26.4213849953 25.6161969163 23.5783351748 26.52996385 25.6390446649 23.0520992858 23.8536317093 23.7465894323 26.2294981243 24.3283833161 23.1384330029 26.5625268874 23.7172883004 24.2134332215 26.2871146434 23.7703791163 24.1989072013 23.8091568689 23.6080962266 23.8094282085 27.0216331881 23.2753647725 25.5042652477 25.201196233 24.3418551027 24.8473136719 24.8842055397 26.1420595271 23.3031287218 26.1596228759 23.562491104 24.9407953513 26.8445818244 23.3825968751 26.8951998165 23.9444366793 25.8485414984 23.3872100154 24.4455285659 25.2060275317 24.633980727 26.9636469494 26.54848029 25.2367026226 24.5611191553 23.2117117297 25.1744325018 27.1279142022 23.6309216312 23.9661376519 26.191443196 26.1133547685 25.4350680611 24.9869331372 23.1179672498
26.569716928 26.3528773354 23.9232090209 25.8817263448 24.8209836169 25.4626407495 26.1165225542 25.072238208 25.6146692107 25.5234387723 24.1306582724 24.150502903 24.8614541689 26.8614433473 24.5974410678 25.23414851 23.6514268416 23.7051246083 24.2510364164 26.3428445222 24.3154585278 24.8050771092 25.8412103648 24.9951021936 23.1165179837 25.5093806978 24.9906133999 24.8381248126 27.1035132581 23.8991722773 26.1816921068 26.1637425544 25.5523863235 23.0995273841 24.4291202581 23.472806616 25.7803485864 24.1707741946 25.9405802299 27.2188649504 24.3487044299 26.6469883642 24.505889445 25.9114000379 26.2303665564 25.1772760253 25.529395194 26.0534359062 24.2906065087 25.4876083836 27.1158108346 26.4525223706 27.0603572339 26.9137849445 26.3987375759 26.5371584062 27.034800051
27.0064900687 24.5587901668 27.0910129212 23.2053381207 27.0927009445 25.2560896696 26.536698736 23.6055098405 26.968199312 27.1485721287 23.5805274251 24.4560270098 25.4180009561 25.631399819 23.3535322043 23.3673313906 25.2978118723 23.2823074799 26.1263025694 25.2910260737 24.5099150855 25.7396929289 24.5796381085 24.4638514617 26.9600241108 26.9208814428 24.1696026647 23.2416139111 23.5912201878 27.1286210891 26.4836255762 26.0383696511 25.2152854685 26.0877375539 25.1110020472 23.9085043266 25.759976167 24.1395591044 25.5103169206 26.5865085386 26.8510945283 24.5842791994 26.659726395 27.158217168 23.5342373518 26.4120953637 26.6784680254 23.5431895956 23.2759494876 23.1659016934 23.310027868 23.2265071089 26.2952864558 26.9598554269 25.0161634756 23.9406709407 25.6077205705
27.0789900742 26.6970631268 26.0939289358 24.6035838657 26.0154981262 26.599599676 23.9946737914 26.4602486789 25.7695197 25.0636114007 26.2784846143 25.0389670393 24.5010996515 26.4297253945 25.9744331052 23.2563183722 24.2112748722 23.0966388929 25.6117163578 26.2964381525 26.2979796296 24.5048889317 24.1725781283 25.7860885548 24.7005552329 24.4734540197 25.5674280395 24.3365194073 23.3126807979 23.9492354614 24.0433506256 25.92218205 26.0260401771 26.2564313071 25.694997641 23.3807303865 26.4478478926 25.9571779613 24.6810165034 24.3458801848 23.414833109 23.570920266 25.9077317076 23.0640034807 23.4879487882 25.2256454911 27.2401656216 24.4101102402 23.5750576603 24.371324324 23.3769730747 23.0227139592 24.9344056204 23.0063160705 24.9238108031 25.7522081079 23.9319160547
26.4090279385 24.2521311899 23.771409696 27.2037861759 23.0217129406 26.2881541409 24.6914615781 26.1596813402 24.4356501491 25.8441741701 23.0717958778 26.6347059974 24.1471740818 26.2067403613 27.2112470941 25.0726718124 26.2415850285 23.1119907548 26.3181397087 24.3946531697 24.6244076861 25.4668405317 24.3997824936 27.1842179025 25.1057979592 24.2225644603 25.4950610524 26.8149032914 23.3942926732 26.1488022196 23.6600863847 24.1345465735 25.8991511865 25.6066099481 26.7852182879 26.560508256 24.2127351404 26.2803017708 25.7065205596 24.4069836181 23.4833916494 23.803352471 25.7796785621 26.9465555055 24.1195868665 24.0055123274 24.4334656204 25.6716279947 25.0625766586 24.9746901862 26.0776862958 26.1962371869 24.7608508997 26.0646843882 26.9404029299 25.0992788261 24.9827640416
24.7275826359 25.661196392 26.8928616672 25.4708597964 26.6869354392 25.9564214514 26.9373944541 25.0564118687 26.3411529341 24.8361034363 24.1228181056 25.1061241138 26.6930052535 25.1534309193 26.9632171239 24.7534046438 24.0063610364 23.281639749 25.9939649496 25.4856303655 25.4892113213 25.4828814573 24.9454716965 24.6860909512 26.8563338718 23.0485020528 23.2741224856 23.1488998188 23.0600630256 24.2768128835 24.0544709548 24.9024557488 23.7941562853 25.169865675 26.2105818771 26.3202648485 24.3490273708 25.9941823734 25.6797068194 25.7744732757 24.6514465829 23.2351653433 26.7647507149 24.5056117628 25.9601567975 24.5780325443 25.5998053811 26.5801017805 24.6161066568 23.6124615935 25.6358562026 25.1167161775 26.3874259964 23.7706051758 23.5255040974 24.076544678 24.2766209311
26.9240521714 24.8105642716 26.5434535543 24.9412603183 25.7483942104 23.4271365299 24.9285103746 26.6188563273 26.0816190092 23.2055908333 24.4196342162 25.6568114709 26.219719757 26.643703233 24.9318647436 24.4855141744 23.6367752257 27.0703727009 23.4842244539 26.4866287735 26.8381446434 25.146071848 24.1460604929 23.1345370188 25.2381248305 26.020450752 25.6362463758 23.4258613921 23.740832929 26.9826891687 25.1153700422 24.5213876017 26.0043715477 27.1577188637 24.2940076632 23.4674098508 24.7002044145 26.3674063221 25.2593900078 25.2158097912 23.887370769 24.6443100131 25.1354972679 26.8591971922 23.3588108947 23.6597923961 24.8014567943 25.7411155665 27.1042509958 25.0616117056 23.3293173869 26.679165923 24.7664367047 25.854004592 23.3945814432 25.1910183472 23.6019603458
25.5193221762 25.8097774863 27.0603820021 26.3587747803 23.514617173 23.5622800864 27.0038744141 25.8211745581 26.93449048 23.7981228232 26.1375325721 23.4598404152 23.9610866196 23.0240588301 24.3200024209 26.485701033 24.9537817752 23.92652127 26.4418061821 23.4535672817 25.7015272146 23.3023272756 24.0352738434 25.0357182056 25.7271804273 25.2660622604 24.085254569 23.0857030414 24.525785613 23.4750742461 26.9944973978 25.4521966121 24.6579309731 25.5427310386 24.4553942037 24.716640077 26.209274601 25.7670378542 25.4231580984 23.6754923821 24.3274833282 25.2448006441 23.1460818255 27.0743271899 23.5848679898 26.3428281615 25.0237669669 27.2295396748 23.2129747307 24.335704799 24.5145531798 23.2478444508 24.8658950517 26.9158875782 25.9100314403 24.0691648204 23.040283726
26.5697052124 24.0908484423 24.0138517386 25.8278396792 27.1454909822 23.2238464518 26.4987847411 24.1740892095 25.3785435023 25.6120122618 23.6277436706 25.4910492369 23.1644027912 24.4177975655 26.0897467896 27.1872395257 26.5474022658 25.5719554836 23.7442633465 24.9459226994 26.9578763067 24.5869801477 25.0061042853 26.4609755809 24.466547699 23.6381250152 27.1874195141 25.3048608767 25.8380042341 23.0963016761 23.4189042872 23.879547011 25.3038025628 23.8300152038 24.4936908094 25.0525013598 23.2655635786 24.4556442112 25.0058012781 27.1945713459 24.6017464552 23.3415720767 23.0439632004 25.9345257614 24.6039619656 24.6616993355 24.0540951445 24.210133473 23.9989603126 23.5651259276 23.5649396978 26.7053660586 23.2929409091 23.165033279 24.2454389967 25.4995902709 26.3287313432
23.788472874 26.6631125369 25.8963312155 23.490030666 26.4055192067 25.5156151115 24.5228047869 27.226409554 23.9445149597 26.8212583489 26.4188689525 26.9555010996 24.9958753138 23.901146519 23.2608955189 25.1547402001 23.0663130904 26.0897369276 24.5036244257 27.1762225426 25.8830410204 27.205412197 24.6351410159 25.878197389 23.5314630753 24.7689123 27.2100930102 24.008723583 23.7649162057 23.6506728665 27.0492479108 25.3729161407 25.0948939625 23.5144576239 24.4118399625 23.5013760408 26.5719162279 25.4837837072 26.4244021997 26.995195081 27.094750208 25.3119540606 26.3851712529 26.2151050531 24.9975296612 27.1587434565 25.8011611854 23.4719348329 23.4401918277 24.3176002845 23.469401489 26.2030497133 25.4310573214 23.9189260802 24.4843733673 25.5796692981 24.2108047332
23.4929737771 24.5047063238 26.191377283 24.9849062676 26.7097847705 24.1669688238 26.8485897626 23.6007177576 24.4728724083 23.2338304934 23.8854346378 24.4798010505 24.7018860242 23.508918771 26.7028755548 24.8945255527 24.5661410831 23.652985734 26.6014601539 26.4442263688 25.3457655623 23.9323152741 23.3254637732 24.4084377495 25.8642804258 23.067702408 26.0071713441 24.3787958917 24.233166604 26.8373494441 24.6783997048 26.2319673537 26.3360589544 23.6517922302 23.9470704731 25.7053585412 24.8955036236 25.5830201621 23.5941525775 27.1978099454 24.5017525098 23.3640524126 24.517113968 26.3119178919 24.2592437957 25.4726666853 24.5061969312 25.3717861612 25.5018368273 25.5599830777 26.1592575511 26.2197432765 24.8533478509 26.5663397637 24.7819318819 26.2956414576 23.3957430804
24.9634403065 25.4995881263 26.6041649869 23.3881551672 24.2523661509 25.49753558 26.5071704874 26.259494429 26.5430527362 23.9777493544 23.2728081153 26.6775464543 23.0753888603 27.1541409041 23.5903690101 25.3220058236 23.6207776617 26.3575129592 26.9216084147 26.0864243059 23.8934513261 23.1365237608 24.3240354884 25.2381712403 23.4495710377 23.4201540132 27.2249167003 24.970161441 24.9480925004 26.9146653373 25.6726300702 24.5488059494 24.4887892082 23.442397209 23.7972494746 23.4871073007 23.7279214741 25.5914244096 25.4165460286 25.6165001325 25.9341337611 23.3677212637 24.0284167795 26.4244379808 25.5337066383 23.2762033312 26.9395743191 25.8094697619 23.8150813107 25.823959854 23.1565695977 23.7188039432 26.3877889768 26.2875036545 26.2649334358 23.0301719374 26.4458110811
24.7097266973 24.1594127933 24.7764193726 23.7878762376 25.7501322312 24.4061784031 26.4739715789 24.2655064319 25.1415013451 26.2590694911 25.4278930544 24.5849283826 26.5803633685 23.8848528304 27.2426379268 25.6016512767 26.5752402207 27.1235937859 26.1804125126 24.6878579334 24.6325921055 27.0950343456 23.0678106728 25.4461841431 24.4484815513 26.101558621 25.4895126925 26.0642753102 23.9579708726 25.0153200501 27.1297927278 26.2601619524 27.0262519425 23.0605360976 23.6982504447 25.5971736461 25.7396267622 23.9643629947 26.5330709781 24.3902156861 26.1844483213 23.0913487217 25.4201611044 26.9617352419 27.0035743647 23.5391554872 25.2221467244 26.6810390237 24.3341819279 23.916432152 23.8328237204 23.3515535439 25.9780401118 23.878909689 24.075082065 24.9483857407 23.2658085466
24.3038656315 27.173663734 23.2105819673 27.0796560196 27.2015930565 24.7554998004 26.3284433515 26.9299929114 25.2705959041 26.1949870111 23.7325185352 26.9716454451 23.0682067823 23.1543982103 24.6178105452 23.3249444828 25.4690959686 26.230039422 24.4371687947 27.1233662313 23.5640557356 27.1610016365 26.7717187671 27.2075136116 24.2961038365 25.486837524 27.0617707346 26.439227881 26.1946744361 24.3740275189 24.1154606792 25.0120054463 26.2226765915 26.0627903937 25.9144306627 23.2857251856 25.0869987159 25.6781448186 26.727468043 24.0529473935 24.395177554 26.2822438336 25.6783270678 23.3576144696 25.418291371 25.6109161434 26.8864349436 24.4629385393 24.1904718475 24.5621642522 25.735635779 25.4563778569 23.5709336548 25.0755319617 23.1966770571 26.0083144296 23.4916297381
26.8751954186 24.8672329393 24.6427467518 26.7851776698 24.4215017932 26.3461505403 26.8087910371 24.811320604 25.9347930594 26.1683107213 23.4728997404 24.784405141 27.2399241681 23.48662092 25.4942426885 24.700433508 23.6696762463 24.6031333529 26.7845958216 26.4467695021 26.2766586621 25.6877983896 23.9319331967 23.7896974519 25.8374950709 25.541230282 24.4486891018 24.9267817891 26.1020907688 24.5461251648 26.2812993371 23.7740555357 26.8917633638 26.522482802 26.9791312837 24.6663141799 24.8226996672 24.13766529 24.5617075432 27.071503925 25.5985223768 25.342283338 23.4839863675 26.9208456496 26.3240684195 26.9182275124 24.2553336267 25.1016360821 25.2585947873 25.944331165 26.7559308915 23.3278568558 25.5472026528 26.5724323216 23.0099329897 27.0402580917 24.9426627516
