Spatial_Output/DEC/DEC_0553.asc
NCOLS 155
NROWS 192
XLLCORNER 196307.867259
YLLCORNER 449144.565805
CELLSIZE 33.573938
NODATA_VALUE NaN
[rows 26 to 51 of 192, columns 57 to 113 of 155]
28.4234363853 28.0844315585 28.583530576 27.3685640228 26.7001384535 26.9791767573 26.7160378072 27.8056511501 28.4704346664 26.8083522225 26.807053316 27.0196993143 27.513438576 27.5974249433 27.9877677002 26.7699241394 28.2638213771 27.8143262932 27.9708585235 26.5818600036 28.0405792016 27.7256864375 27.9329960523 28.3786527816 26.6254333796 27.7950178957 0 0 0 0 0 26.9251018087 27.4259030716 28.283882788 28.2548549152 28.2644103992 0 0 0 0 28.3403696253 27.2969482496 26.8887347019 26.7382488985 28.4636279368 27.0809057159 26.6617857686 28.1227779629 27.5752096895 26.6066144614 28.5506136667 28.4149310708 26.7107527786 27.5883154014 28.5455901293 27.6937967052 28.1765351872
26.9554964634 27.6291095934 27.0446885958 27.0041672021 26.5452559038 27.9425762726 26.9236137758 26.7327376234 26.7438489106 27.3143632019 27.0086542399 27.9757571139 27.2458136286 26.5533331494 27.5891681325 28.5659883892 28.2924311646 28.0237781902 28.1591409491 26.7480680137 28.2283773778 27.6816383094 27.0989961706 27.9298464 27.6815272337 26.9475677317 26.9057880157 27.9885730947 27.8780616133 27.1772241939 26.9083009508 28.1096599124 27.5361130026 26.7421859081 28.5234943636 27.6258427319 26.9588517195 26.9509887926 0 26.5944373944 26.5970312909 28.0264397817 28.4012364283 27.5253309126 26.9100046705 28.1773249505 26.7534700879 28.3243619398 27.3154927058 28.1197894365 26.776214608 26.8462211538 28.4296547939 27.1942390214 26.9566698186 26.7398040828 28.4609277399
27.5047467134 28.4390106627 27.441823521 27.5990736702 26.7030743252 26.707135536 27.1797590614 26.9981633136 27.8694308428 27.5894287488 27.8057942403 27.4082562182 26.9612642829 28.4514127924 26.9483530041 27.1977035986 28.2383519017 28.5188557106 28.5443530902 28.3515667592 27.1750351735 28.3587866512 27.2220278399 26.7624079669 27.5691387721 26.6623430251 27.6635038063 28.2362229084 27.0362655521 26.6696490856 26.7844759475 28.5504893237 27.5898617998 28.5938869988 28.5759601973 26.6922960093 27.8561933722 26.9693217248 27.3843300828 27.0722859624 27.7894418884 27.7675911262 26.5312040149 28.4138959708 26.9209168778 27.2521422364 27.9502073121 27.5681926379 26.5991417474 26.5084263481 28.1139269414 28.4047431309 27.8060113994 27.9070580737 28.5266980398 26.7018097108 27.6907967386
27.241880215 27.5306524276 26.7204756408 26.8668635557 27.3156429854 27.7426048803 27.1120006 27.4035745719 28.1319757152 28.2102517989 26.5459309162 27.7413021304 26.7338450719 28.4458433242 28.4380144546 26.6226711157 27.1273425493 27.9026103606 26.5998020581 28.2357308153 27.9116241097 26.9978860975 28.1636639314 27.1952651053 26.568195134 28.1170088202 28.1597661868 27.271515183 26.9108467909 26.8933009108 26.9474662064 27.9658044099 28.1650981814 26.8784629722 27.6331413007 27.616082692 27.7148131983 26.6390978633 27.6728595966 27.1491847224 26.5631246134 27.879410673 26.7995617261 27.5701994591 27.7701280369 26.9916726286 27.1081719205 28.236238236 26.8017290696 27.2449790776 26.6520085584 28.3882396978 27.4530362635 27.7311844783 28.222496013 27.3973683364 27.8568661806
28.4371171118 27.846193635 28.0488416476 27.29233386 27.297508312 27.1465150786 27.6791292887 28.542300034 27.5032609928 27.075362963 26.5685536735 28.160055645 28.2712652703 26.8280092638 26.6394915035 28.0565397308 27.9067742886 27.1705418883 28.5014510013 28.2621741321 28.2504951048 27.4011472839 28.0068827704 27.2256619476 27.5898403229 27.6599256039 27.8491557242 27.209276215 27.5182268882 26.9485137637 27.918064592 27.659122848 28.3261247048 26.6663578722 28.3119485247 27.5286124149 27.4849571147 27.4325589437 28.226721321 28.4037779202 28.4008097974 27.349161182 27.0426950502 26.8264741462 28.0016772814 28.3184722154 27.7027656635 26.5218834415 27.1000873998 26.8075173645 27.2883244528 27.1298404874 26.5529929849 27.6128162874 28.5365752438 27.9506892506 26.507293017
27.7003972544 27.8632961018 27.0656027976 27.6048262786 27.0575403258 27.212867532 26.9984448042 27.6871835401 27.0112472078 28.5239902261 27.199240291 27.1666978261 27.576332858 27.9723564054 28.3473969172 26.6718573978 28.0124501483 28.2415413951 26.6364945172 28.2552409826 26.7624938889 28.2361665733 27.0056352407 26.7855490704 26.7818306553 28.4569547348 28.1053909391 27.2248542659 28.6116151774 26.9281734228 28.5863356571 26.9700620782 27.5842413119 27.4336483391 27.9574118156 26.8764102861 28.4835019994 26.7517191782 28.4080796604 26.615985406 28.1509893126 27.3593120999 28.364804982 28.3090452086 26.8388455999 26.9131211781 27.9460625712 27.1949023816 26.593030793 27.60095232 26.8379551722 27.3488402009 27.112189876 28.4572346147 26.7293269905 28.1740541356 27.4882399086
28.2030987596 27.2479237949 27.312754939 27.7391117265 27.5780433682 26.9094210462 27.8287912421 27.5320655926 28.0597298549 28.3153972258 26.7399714347 27.7658344582 26.9059868974 27.5027151101 28.242466803 27.7940101103 26.7825752018 27.9848195788 28.1811247567 28.3161248046 27.6289259992 26.7791290346 26.5597158267 27.6641437626 26.8923957535 28.2692755972 28.5885626279 27.8870630767 27.8457522251 28.2501912635 26.8339414648 28.3736254444 28.0686201942 26.6946483505 27.08063589 26.7476105423 27.4889970895 28.2395371456 27.9623009597 27.4825245464 27.831196461 27.1814966687 26.976179974 27.3889098696 27.812508544 28.1792892768 26.676529817 26.887010827 26.6123193285 27.5045972699 28.1905261947 28.1969115248 27.9255376794 27.891666513 26.6943010925 27.5624895112 27.4146624388
28.1812214869 27.0182785997 28.4191102609 26.9172529582 27.4864008891 27.0756731808 28.2727527019 27.0522252423 27.5258016114 28.6017447752 27.0355933379 27.4034776903 27.3584687022 26.8518784461 27.77349426 26.9403066522 27.6196430223 28.4081319655 26.7774589487 27.4785874291 27.6022585077 27.8720156667 28.1054738157 27.5702645255 28.5598298089 27.0888021883 27.6914272672 26.9095098166 27.4787524876 28.1853811422 27.0538256102 27.6453054972 28.363371631 27.351112945 27.5678323224 28.4059586219 27.762287011 26.6417408195 27.8659559476 26.7286078575 27.8291069508 28.4769935507 27.9990789875 28.1310824858 26.7282260118 27.8482637483 27.2968248844 27.2321268723 27.1873484185 27.7532057336 28.5418306416 27.6375428719 27.1911074782 26.9666751063 27.0823734753 27.4152830088 27.71468915
27.4225221023 27.0261132092 27.1896553733 28.0710540757 27.9104133173 28.1024327206 27.3090226525 26.500527217 27.6033455151 28.4536629182 27.7725354894 28.3805742454 27.611557156 28.1927036848 26.6113358706 27.8158625163 26.886257636 26.7453742778 26.7493700553 27.305809836 26.7403675947 26.8625570186 28.4255094878 27.069196774 26.5440942088 27.6903563025 28.1777416893 27.6579658468 27.3802663609 28.109942821 27.2313331866 26.5127172195 27.3846739823 27.8441472059 28.495551716 27.2544865378 28.6145593532 28.5831751848 26.876742597 28.50158176 26.9718040895 27.2727178045 27.8639496934 27.6191402217 28.1812635426 28.5134899615 27.465115706 28.0615114479 27.9655010538 26.9324594397 27.6827943733 27.275381761 26.7154135249 27.6553957913 27.8094815494 28.5815571245 27.5227808276
27.3809622649 28.0879397996 28.3874339772 27.47504659 26.6157015554 28.0447981147 27.5789414261 27.2954724856 27.8336214088 28.558944585 27.901808039 28.2116253678 27.7127995426 27.1508513593 28.4590002107 28.5091034558 27.5629311844 27.3422800093 27.5267199081 26.7569613112 26.7726175408 26.9709280553 26.722931319 27.3926579088 26.5837902733 27.4829924573 26.6520992439 27.908429567 26.5407587706 26.6295262277 28.2724119443 27.0396948393 26.6463479513 26.7911581572 27.7751244709 26.5730795231 26.6036968551 27.3584498733 27.5578136225 28.3509907565 28.5409427027 26.8228570628 27.7877128296 27.2259616978 28.3128662819 26.9194149299 28.495721649 27.624762068 27.5355217713 28.3522329129 27.2340576953 26.884404056 27.0978625409 27.9320799294 28.4315534393 27.3720387962 28.4227930246
26.5106038478 26.9492861383 27.223835362 26.546333703 27.5966059393 28.5841216383 27.9275692898 27.0806422697 28.519626119 28.0110333044 27.4751407671 28.3065379834 28.412021665 26.794733674 26.518639903 28.3624088715 28.5662939048 27.7036420638 28.1207910498 28.1904549531 27.0548348077 26.5587581509 28.2078850789 28.0241716667 27.2922883538 27.297378776 28.4830669899 28.0799976958 27.5000134847 27.5962702617 26.7635399128 27.738889469 28.4155630713 26.8999436967 28.181022666 27.0084241151 26.5845301848 27.7192204593 27.1742119517 27.6962724064 27.7249177165 27.4300458032 27.8037268039 28.5166023157 26.674735876 27.9352615899 27.8880657249 26.5064768502 26.8782008908 28.0435324556 26.9426483677 26.6261548792 26.6959042802 27.3776222111 26.7125237541 26.9737359949 28.4846714982
28.208845215 28.3337132087 27.730834966 27.2860267049 27.5418914546 28.5244389413 26.7127688172 28.5055649815 26.504979643 26.8793637217 27.3839076392 26.6826086291 27.408450394 27.3834765247 27.2400810758 28.0831946234 26.6084640341 26.634851978 27.7852376048 26.6249166075 26.9442900907 27.4334008182 28.0860178611 27.8854371467 28.0478393044 28.1802865921 26.8849749933 27.4078729395 27.5359121944 26.586575466 28.0654253118 26.9290090247 27.6123480389 27.9215721927 27.8568662808 27.3502102095 27.8217720515 26.6981023766 27.5972005467 28.547937771 26.975943042 28.363880282 28.6173315035 26.6819391431 28.2225409085 26.5467713274 28.570292441 27.3721331413 26.9643880368 27.8592871505 27.4993720213 26.5910135638 28.2171996467 27.8017220047 28.1876729047 26.5993131583 27.5497036996
28.4157304197 27.5180517439 27.1619405081 28.0569737408 26.558616727 27.978227308 26.59015437 27.2550698781 26.7815450815 28.3947015562 26.5691904307 27.1458165112 28.1983134477 27.0194444733 28.1357766598 26.5003248024 26.6349168313 27.9174781935 28.4625501054 27.542576727 28.19612151 26.7050657648 28.4853518782 28.3239121515 28.4535190096 27.4806800208 28.4310706683 26.5314717193 26.982231248 26.9556258449 27.4624078733 28.5003370332 26.8831504525 26.7879938826 28.3686140884 26.7709757871 27.2791316245 26.6723796921 28.3981668794 27.0606489982 26.6865875135 27.8765177013 26.5360573641 26.7954789416 27.993969109 27.9925361409 27.2578770241 26.6619691622 26.6931089623 28.4650954441 27.9411026185 28.3848298246 27.7338669519 27.2389083302 27.9190836882 27.1359026964 28.4585987561
27.2441714392 28.1775786387 28.0837942927 28.2683634544 27.7821123088 26.7958873956 26.5723353531 27.4717854384 26.8765790211 27.7747328801 26.8291410707 28.1641637343 28.2904623165 26.9233620575 27.204945639 28.1864435035 26.9478774067 27.6933973702 27.4314143466 28.1568242129 27.2026324669 28.2379199698 28.4448532318 28.5874155587 28.4962977652 26.872272794 28.5119904791 28.0366632801 26.8147734264 27.3717021729 27.6615172929 27.1471485095 28.3217256771 26.5733793708 28.5754472038 27.1686655771 27.1645114965 26.8868833264 26.8323610132 26.8161085967 28.0539390432 28.392918031 26.6184663079 28.3375709071 28.3736925322 28.6073470204 27.9988068033 27.9345385144 26.5582636233 27.0958281836 28.0326840704 27.2673040819 28.5958135672 28.1243337268 26.7276564523 27.7245059684 27.347631837
27.5206840457 27.9101129982 28.1648423608 28.3747228035 28.4928860319 26.5731926439 28.0754064711 27.7892942414 28.5403415816 27.8981812589 27.941732079 26.9451003907 26.7911779255 26.5673198762 27.9494113116 28.3924755372 28.061707195 28.4488153075 28.4021634307 27.7226845728 28.078830509 28.0636592494 28.5088092629 26.62805609 26.5439372342 28.50485164 27.8420009546 26.864829274 26.5119147748 28.0242903952 27.1669321784 28.2767859494 27.5677846868 27.5702348162 28.618446948 27.2584940294 28.5204076625 28.223434217 27.7521755726 27.4486089161 27.2787621648 27.57231909 28.5929186911 28.5240908287 27.7383733478 28.3434736023 28.2555276844 28.0406739862 28.0411926897 26.5511782541 27.6620084478 26.9975166718 26.8084792707 27.8937715866 27.5290427242 27.0302930943 27.0532374615
26.5798805435 28.5742701434 26.524509305 27.8213672425 28.1462011932 28.1345610875 26.8307124758 27.8962129875 27.7172689835 28.3367710124 26.9709637108 27.5382036529 28.0684530172 28.3898043776 27.0321065708 26.7393362902 27.9189919829 28.4704501653 27.8557463878 26.9034591937 27.9443083613 27.6696285724 27.8822326493 26.6163678166 27.6653331457 28.358766971 28.0904195144 27.1396259143 28.0875758901 28.5212176454 28.1404700223 28.2977868111 27.0087171559 28.2631583268 27.3418594427 27.3107088369 28.5274006524 28.192143436 26.5066599105 26.694260432 27.261342915 27.7144843025 28.1966180524 26.5124627572 27.2038183383 27.3548906608 28.3555327939 27.0496779254 28.2873320656 27.6288779243 27.3557767985 28.0816997193 27.8817560011 27.3160550822 26.5029137848 28.2990926394 26.7207446654
28.2404350147 27.4274254908 28.5299974343 27.9558860275 26.8944171648 28.5565694254 26.820630856 26.9538651152 28.4952084558 28.3360964919 26.7472016546 27.5808302327 26.644890626 26.9912784653 28.1854370993 27.9100869676 28.1797767118 26.9056295729 28.4183579054 26.8605941217 27.5978268812 27.6951647475 27.4145450851 27.5758834458 28.5401650586 26.6776520308 28.2890197648 27.9233382242 27.5466096741 26.5851496077 28.0400721749 27.458412439 27.6761891846 27.1697729135 26.5146279083 27.9123200895 28.0185651343 26.5497282028 27.2107520402 28.0535777728 27.787049346 26.6373731021 27.0571272266 28.6126484499 27.5885277286 26.5437891398 27.5708102125 27.865739438 27.1963631555 28.3096810935 27.5587255057 27.6694723177 27.7127745693 27.3377200805 26.8903007899 26.6788400277 26.8970851621
27.6399632754 27.2995515603 27.268840946 28.3419632271 26.5231258204 26.5073904111 28.0857345622 27.3526129895 28.1259969845 26.6066112907 27.4905801128 27.3975964877 26.683963283 27.9402942722 28.1360432406 26.5108731805 27.2842235505 26.7241030577 26.8047074753 26.9797524688 27.7173048911 27.7994568341 27.3253985398 27.8309266035 27.0013704268 28.4873636834 27.8639550671 28.4104907153 26.6339108347 27.3901239641 26.9059136871 26.7227601222 26.8481694838 27.8738457747 26.5507675635 28.5325836147 27.0781316604 27.0741152515 27.4461392831 26.7882470408 26.8424928793 28.2508259709 27.0896361665 27.8716467411 28.2011280209 27.0570719712 26.6918541394 27.3577329973 28.0063150332 26.8884968185 27.4577343471 26.644308274 27.2190976418 27.294867381 26.7929518184 27.9051241672 28.1704188918
28.5738543977 26.708900154 26.7845194708 28.3612078531 26.7407517111 27.9852388938 26.8364104461 27.0898310797 28.2777955747 27.5203751936 27.4802667444 27.4983478939 26.7990226144 26.9676476312 28.6051429724 28.5912245975 27.4177650401 27.5426869279 27.5095750669 28.5597054117 26.7918245624 28.0543904158 27.8122672338 27.9550660214 28.1487805348 27.5139562804 28.5504369717 28.3611374598 28.2250099397 27.7289919375 27.6963001761 28.1715870515 26.5135230637 27.5203426727 28.3177128858 26.5743826092 27.7237694289 28.1036652144 27.0358746873 27.9283527405 28.2693179543 28.3844127111 26.8962302488 26.99826194 27.1620094725 28.0051320351 28.3905290195 27.4725692625 26.6285713776 28.422087528 27.7230713273 27.9533742357 28.596098102 26.7321343254 27.6407977758 28.5032670168 28.1330583009
27.2742662151 28.3314570737 28.1926437449 26.5583760587 27.5546912308 27.7259044983 26.5105783628 26.9398026535 27.560037303 27.6790896756 28.2131207339 28.3999082641 28.3184633222 27.7126300876 28.1284592286 27.4500159647 26.7301645798 27.6452017914 27.2773077061 27.8622218097 27.6908597896 27.4982076761 28.4477428738 27.623644223 28.072234976 28.0461806043 28.4509679913 28.2585855174 28.0988796882 27.5356806142 26.7803776641 27.0433494546 26.6544722355 28.3906371899 26.999221359 27.0213287321 28.1923684181 27.608460061 27.3062771874 27.7545124889 27.3414284748 27.248848878 27.7958878876 26.7808070362 27.1238672697 27.3625130458 27.4445153488 26.8291189502 26.8956355336 27.7888334875 28.0734858775 27.0757466431 27.3310525189 27.4252009456 26.7918224677 28.3417785104 27.0536089969
26.8051560149 27.3007674406 27.6781884089 27.4898250363 28.2858621701 28.4116630384 27.3015175949 28.3722376188 26.6160492613 28.3709223132 27.643311617 26.8579008617 27.2583209583 26.5869364402 28.1514111871 27.8304793922 26.8449207707 27.4480558417 27.8922525005 28.5545708888 28.0895716806 28.0093074484 28.2603767563 27.7307374058 27.0135635262 26.5566538768 27.4910770549 28.2055895474 28.5663792894 26.7749598592 26.6677060637 27.171256774 27.1810877167 26.8158587765 27.1093584603 27.7048557257 26.7725472099 27.1534774823 27.094470605 27.6774954421 26.8190051007 28.0095304188 26.8347739141 27.3481168409 26.8179631607 26.6677090081 26.8371237374 27.630405484 27.6894885674 28.0716091273 27.2214102686 26.8089120332 26.5769428377 27.7793399875 28.4349943123 28.1426357693 27.3238553239
28.4025818304 26.8668388194 27.3688516935 27.3169065082 28.0462096569 27.4638586275 28.3721809563 26.6069731178 27.6448008983 28.4907498114 26.7513399145 28.301762977 26.9328816582 27.0475470696 27.4224038567 27.3545147412 27.1175956178 27.1679391276 28.2038444311 27.4704244206 27.7190439276 27.3015726586 28.0162815385 26.517411979 28.3835814575 26.7123836258 28.6063592741 28.3628661702 28.174824616 27.1061787709 26.7698885353 27.8229132929 26.5910271001 26.8336805503 27.2804677571 27.0778765176 27.7176148921 28.3876408686 27.5209821023 27.8553283907 26.7361387217 28.4865965286 27.6058261824 26.7854465524 28.2534064947 28.0821766504 28.5046472946 28.3479605293 27.3246085482 26.5201733334 26.5024360592 27.4035263884 27.9075700006 28.492938577 26.6973316191 26.7963851595 28.3956093513
28.0538595846 26.9262610505 28.1826063751 27.5909174902 26.5582088649 28.1510549937 28.2122449106 27.8305065217 27.3899374544 27.0725042442 27.0635971733 26.8929939561 28.1947078554 27.436556274 26.6818308072 28.2772056644 28.2447921568 28.4215235191 27.0552714172 27.656091375 28.2999669672 27.8221740598 26.6565270727 28.0159585246 27.0693439988 26.5095021159 27.1652738418 27.7567650482 26.9783509585 26.7616257572 27.3923507334 27.6703508908 27.8083075804 28.1701344129 28.0119629108 28.122737971 27.9509664753 28.2154108308 28.6195448581 26.7887731076 27.6868899065 27.7092802496 26.5864676069 27.8701889902 27.7480491957 27.7779212298 26.9852956657 28.5776795722 27.0981493591 27.8311600908 28.2256686518 26.7217405472 28.3736836962 26.6877216846 28.2167880328 45.1356693326 45.6999513817
26.5769701002 28.1381723757 27.2057695294 28.6144194457 26.73852207 26.6928442958 27.9634802302 27.871060804 27.0517346327 27.7890629488 27.505382 27.1975512849 26.909460399 28.5320971468 27.2053020531 26.9858027364 28.5955912019 27.6334211187 27.4583839688 27.7972226971 27.9666503756 28.4239379093 26.5710270683 27.0390463949 28.493617778 27.1220854944 28.2791604327 28.0595354173 26.8247116528 26.6173936693 26.9555342063 26.6461733125 27.3940039487 28.1729829839 26.7812816636 26.8287976837 28.4812421346 27.0502470558 27.4407374767 28.2627223012 27.6031926658 28.3035662542 28.3032166999 28.3363173908 27.3428014796 27.6972128806 27.4505396389 27.3441002776 27.2014711985 28.1822955676 26.6040812491 27.7530585345 26.6163978686 27.0940422281 27.621982667 49.202023752 54.7577916188
28.2815932959 28.1495471438 27.3104621952 26.7493045733 26.8931579958 27.7416766635 27.7875194478 26.7194932317 27.2618795112 27.3612013591 28.488371371 28.0121715644 26.6845193246 28.2771973453 28.3432742599 27.6128786742 27.5052933302 26.7130086069 26.9898553457 27.5205356684 27.7757980682 28.4562645413 28.2232642089 26.8540871347 28.1874632625 27.4120728236 28.4125654906 27.3776144035 27.1248613654 27.5944839571 27.8808767645 26.5418818153 27.9354567875 27.4990042905 28.2567472479 28.4320289585 28.0023253779 27.3225552161 28.4440524084 27.1630178809 27.0089898 27.6050623401 28.2296181489 26.6319235548 27.6570142793 27.9822317301 28.1831396403 27.4853280084 28.2612647055 27.0808787663 27.3542160558 27.9538800006 28.4713463232 26.6024464832 27.3532109043 45.8999915383 41.9940030155
28.4121760478 26.8631445379 27.172072186 28.3669652422 28.1771818754 27.4277239016 28.5175137245 28.4811942719 26.6187076895 27.3302853884 28.458893289 27.6494035008 26.780975131 26.8295320847 26.6585289529 28.311871224 27.9813507128 27.0404481304 27.5993254441 28.5809772423 28.3566221739 26.970182856 28.380757137 26.8381644435 27.2437629008 27.7081307831 27.7549262859 28.2834068815 27.6893275677 27.8074979044 28.329630509 26.5297936647 28.5597438606 27.5897410787 28.1754130252 26.5158585064 26.817613092 28.4756694093 26.7279308643 26.5215101454 27.1756253668 27.90630878 26.8664403181 27.9800465298 27.9987703543 26.7113007881 26.7666246204 27.5012777796 28.1658237172 28.1407037853 28.4381937698 20.3554769155 20.3554769155 28.3045134095 26.5491212849 26.8901655409 27.5580834659
