Spatial_Output/DEC/DEC_0257.asc
NCOLS 155
NROWS 192
XLLCORNER 196307.867259
YLLCORNER 449144.565805
CELLSIZE 33.573938
NODATA_VALUE NaN
[rows 26 to 51 of 192, columns 57 to 113 of 155]
44.7130594888 44.5876758819 44.9559255662 44.8642070353 45.1307319357 44.5137416732 44.8053281976 44.8122429153 45.1036687561 45.1559498717 44.8193439248 44.6956591604 44.8278653751 45.1587300424 44.5965624419 44.8153452523 45.0953394587 45.0980637099 44.8015853581 45.0908614366 44.9868401442 44.6434045073 45.1686591682 45.1961611328 44.9815836285 44.8041217246 0 0 0 0 0 45.0139452091 44.8355287559 44.5288025676 44.6595880622 44.7797330438 0 0 0 0 44.9208262904 44.7292630694 44.7607784753 45.1029433086 44.5751759879 44.6189411726 44.7122113411 44.8588657212 44.8213405402 44.6171204123 44.63187538 44.6866354367 44.6089057991 44.6242701924 44.7316907986 45.1949480974 44.8140347851
44.9952463281 45.0357051446 44.5257037539 44.8798975417 45.1495965794 44.9529066659 44.7106231612 44.9074276808 45.0743060313 44.9087518899 44.6811964029 44.8527564459 44.5083259451 45.0487093758 44.8403493569 44.9174021866 44.8234337302 44.5554424504 44.5191306835 44.7425812898 45.0158317803 45.1223744961 44.9101502156 45.0948809858 45.1274287028 44.5244891387 44.6001806665 45.1331829297 44.5821324672 45.1542751995 44.8768232901 44.8454893857 44.7251188855 44.7786582075 45.0587117958 44.5581286131 44.6746682027 45.0253818137 0 44.6484481274 45.0819773629 45.0829362924 44.9709425429 45.1282129928 44.8982535779 44.7487919411 45.0860791798 44.9842454471 45.0408082072 44.7755034367 44.8990542948 44.8580190452 44.9733379317 45.0096935088 44.6796589018 45.084205101 44.7313289452
45.1143897988 44.7341702449 45.1818357159 44.5951459324 45.0626873536 44.9387401695 44.8281752797 45.2050931855 45.1720800658 44.8921834716 44.6626230305 44.6228495389 44.9937460039 44.9299771675 45.1337434654 44.6987657989 44.6514279761 45.0831812411 44.8422685227 44.9628975605 45.2043660029 44.6816253686 45.1589300211 44.557649435 45.021139547 44.5084114357 44.7711836528 45.0573371644 44.9347290036 44.9888806377 45.1375291013 45.0915538745 44.6094583139 44.9902040601 44.6396800818 44.679629237 44.7258975151 44.6750552519 44.5901246935 45.1776841694 45.0767368199 44.8136962558 44.5451069203 44.7065101331 44.7842285769 45.1246623091 44.8470959153 44.7332336405 45.2008956813 44.9305200295 44.7058441249 44.9199721543 44.941223522 44.8611100092 44.8695101308 44.973137523 44.7823964848
44.7480795937 44.9987920213 44.7755862986 44.9453440364 44.7459850237 45.1766919835 44.5680793052 44.8048232005 44.9975547948 45.177071117 44.675218218 45.1385647485 44.7893284641 45.2020760373 44.6270214214 44.9231457132 44.7478224773 44.5297378917 44.5439224127 44.8091212597 44.6168958663 45.0438642637 45.0525790005 44.9846570537 44.6832125778 44.7715832773 44.8796754878 44.523680922 44.9630717498 44.5532065778 44.6163259725 44.9797618319 44.689811084 44.5992564822 45.0379086801 44.8381326206 45.0476515821 44.6375734355 44.5910182798 44.7868206559 44.9225077619 44.7161870054 45.0708005148 44.7312559749 44.9434949243 44.6328955868 45.1459030157 44.526284235 44.9947486789 45.1141430707 44.8190316871 44.8126684012 44.8964297956 44.7023857484 45.0702487384 44.541784142 44.7086235843
44.5206230057 44.9312524423 44.6620298243 44.7148834742 44.969971036 44.7262038888 44.634608054 45.0370818519 44.8148589696 45.1986344162 45.1598574213 45.030381692 44.6061845616 44.9784111551 44.8773646309 45.0751582849 44.795577552 45.1571582879 44.9147861039 45.1679281916 44.8726599927 44.8718910526 44.7698387103 44.9614345051 45.1162428695 44.7065810467 44.9075334911 44.8731440659 44.9762878209 44.6462915757 44.6272809406 45.0908175839 44.7963348747 44.5029106865 45.027177842 45.0847849743 45.0758780546 44.8166743096 44.76845301 45.0667713768 44.9016314915 45.0186014773 45.1783311947 44.724869712 44.668563729 44.8028358824 44.6787407446 44.9933708321 44.8935943099 45.0231930477 44.7363015425 44.905723728 44.6190106898 45.1345444278 44.7692956269 45.1833541004 44.5884839587
45.045711436 45.1122197753 44.8131218421 44.7258466189 44.805143474 45.1604933557 44.5798646907 45.1462604477 44.6328476204 44.5476498012 44.9731233285 44.7255102553 44.8729970839 44.6901443373 44.6408419043 44.5377194945 44.5564611534 45.0221894672 45.174051733 44.9556875163 44.6813965838 45.044119692 44.6089658414 44.613405827 45.037045952 45.0303671573 44.661035198 45.0734259748 44.5060602743 44.9943332288 45.0501676283 44.9191758537 44.5809619429 44.5597419857 44.9522024656 45.0493826799 44.7753971246 44.58620731 45.1468247098 45.0456288089 44.9341221019 44.6237278662 44.5328771707 44.9296764992 44.6059407999 45.1020403132 44.971231535 44.7074281833 44.5552188896 44.6529457968 45.0091002099 44.7357708315 45.0887002961 45.2004899063 44.6493839266 45.1398488422 44.6759940208
44.6771369577 45.1070012593 44.785109984 44.8629132228 44.8720024266 45.1800800105 44.6072504637 45.1190354117 44.5571273313 44.8767636925 44.9881914863 45.121481813 45.1742281868 44.8615495471 44.7734156433 45.1831676069 44.6401860514 45.0404271868 44.5891155408 45.0153385031 45.1128971652 44.8371314001 44.8403534868 44.609475942 44.5356873088 44.9573594186 44.7435041415 45.1680952028 45.1976193878 44.828764666 45.0637521008 44.6147961199 44.8828772476 44.9723079992 45.1908421402 44.7906446496 44.5330897048 44.9206314549 44.6038722814 45.0318031028 44.5405663569 44.5737246307 44.6168466583 44.677653769 44.8106033259 44.5223846535 45.0890429152 45.0000825087 44.6031832628 45.0747518097 44.5683799568 44.8916895087 44.5889415072 44.8504352879 44.8697705189 44.9938549754 44.8147284884
45.0026623387 44.9475099295 45.2034864573 44.5335007674 44.6708210198 44.5655657308 44.9185833328 44.9376682852 44.9306342748 44.8419935988 44.5196151456 44.7658442268 44.9117882795 44.5116206116 44.7377727049 44.9252211618 44.6978981161 44.7617845156 45.1007192756 45.1926543889 44.934654479 44.5604766777 44.8539555107 45.0113233493 44.521386225 44.8843044041 44.8599069815 44.7137793531 44.6135638748 44.9868902486 44.7789320789 44.5442131019 45.1250844222 44.5741431585 44.6874798783 44.7667252646 44.9261198473 44.7327992646 44.9544442799 44.8503350437 45.0102370568 45.1181018604 44.9365004956 44.7403277023 44.6187922354 44.9224342899 45.1132313551 44.6899346418 45.0091351019 45.0134805381 45.1773625847 44.8958767908 44.9589491757 44.7055185077 44.5848212339 45.0795216071 45.1269286123
44.8566708126 44.5739997811 44.6867286368 44.8078822806 44.7834518935 44.6449369345 45.1670805776 44.6906051752 44.8980315941 44.9074397125 44.7200820806 44.6300917408 44.8805619022 44.5847675799 44.5771640657 45.0008847755 44.629032392 44.5379759652 44.7525190331 45.2055520656 44.652189916 44.9293514441 45.1806684055 45.0437752986 44.7496454734 44.9703653294 45.1273833834 44.7517291774 44.5028149036 45.0826300414 44.7213734014 44.6394643678 44.7099332798 44.7634328574 44.8300205087 44.5428156706 44.66168556 44.8052802333 44.507678712 45.1966440888 44.7904668214 45.027829621 44.5591800052 44.6835290986 44.735813164 45.0754030444 44.5725167637 44.5201308514 45.0172862847 44.5657147034 45.0939446895 44.8567103497 44.6027366195 44.8922246729 44.6500969102 44.7529149808 45.168880157
45.1815150331 45.0571553238 44.5734808735 44.5515426057 45.0679668934 44.5860604789 44.5881446553 44.7988472204 45.0684027516 44.8089340955 44.500950936 45.1947251563 44.7026039108 44.5130244579 44.9080630777 44.5149487261 44.994837622 44.6171441093 44.6961966603 44.8857843434 45.1824203298 45.0196929941 45.0878070731 45.1319499054 44.6389716029 44.5663029649 45.0423053919 45.1779481067 45.1793689046 44.8346410968 44.539245038 44.8941628762 44.529606618 45.1688941658 45.1455985935 44.7920777468 45.1906948542 44.6146208443 44.5359902918 45.0198387157 45.1923296411 44.95641424 44.6021028285 45.1548026018 44.9728717564 44.7459452335 45.1433177574 44.7856902093 44.6966705112 44.7664190272 44.7473193452 44.6280847997 44.9927405094 44.8427970132 44.830685792 45.0308705587 44.5409194683
44.5167964486 44.5854825651 44.5858519104 44.7927315137 44.847908798 44.8162484888 45.1912901432 45.1286619672 44.8568159398 45.1501318352 44.5116742855 44.8646536103 44.8491736636 45.0384182132 44.8825501786 44.9663447612 44.6577223992 44.9647028672 44.7236326935 45.1402332892 45.1532738351 44.9460026517 45.1713333484 44.9600247088 44.9054803982 45.0924130574 44.9383128153 45.2044330325 44.6461394859 45.1637237438 44.8732863432 44.5061082587 44.9529922974 44.9981296511 44.746541571 44.691893379 45.049394485 44.9748811665 44.9923701723 45.1771752226 45.1322649603 44.7013245671 44.811275239 44.9859165184 45.1196893982 44.6496249208 45.0288550779 44.9690726077 44.5266526951 44.5485192918 44.8096063428 44.8262385482 45.0459730313 44.7797251454 45.049847272 44.5630048529 44.8624250749
45.15760045 44.5046700419 45.097126294 45.1771823092 45.0804919693 44.8084861276 44.7131796632 44.8736446397 45.0473293713 45.1254486532 45.0777939883 44.7477094696 44.5448447804 44.7835411955 45.0980864982 45.0623434035 44.9493787412 45.1500991328 45.1640737644 44.831463549 45.001551156 44.6811668268 44.919487059 45.0762715573 44.7930831877 45.0879613616 44.7605044005 44.7076171047 45.0290502152 44.7557570329 45.1106499325 44.6808779671 44.9777848356 45.1114097689 45.0369032666 45.1964486878 45.0802259469 44.9063959627 44.552301044 44.5316716775 44.9692450035 44.9349996454 44.5031828392 45.02277348 44.8137366416 44.6036786266 45.1893752964 44.6594180121 44.7735008358 44.5609662306 44.5661460417 45.0568794341 45.1485195668 44.5599099055 44.612037895 45.1859583563 44.6342778718
45.0714251248 44.9405726722 45.1719713928 44.6359945871 45.0359473636 44.7259622261 44.658986204 45.1514332247 44.8361931767 45.1940763973 45.040720918 44.7455712547 44.7444468664 44.6168011718 44.6727956384 44.5503520709 45.1731082618 44.6206819271 45.1118236327 45.1290478528 44.5950345664 44.7219315275 45.1588833268 44.7707602243 44.7762480714 44.661971001 44.5608870949 44.6168880977 44.7565134133 45.0030718197 45.0432789149 44.8965565448 44.7299649907 44.5289557157 44.7826777363 44.6234249873 44.685113057 45.0763965161 44.5916760833 45.2069949516 44.9837356691 44.9450128713 45.0324502024 44.9845607286 44.8404690425 45.0540065364 44.9010793047 45.0524191778 44.9595541688 45.0274820919 44.702203746 44.6271292141 44.6108328893 44.5734844247 45.1304726464 44.513660544 44.6246040008
44.7625933219 44.5841704246 45.1884372387 44.5552855753 45.0448628839 44.5099829238 44.6669420025 44.8598791417 44.8646551438 44.5553476054 44.570595372 44.8264905912 44.7540557804 45.1191151139 45.0987751438 44.9781053561 45.0731794559 45.0100584642 44.7776215257 44.9158818081 44.6517348052 44.7237308179 44.9773949467 44.5980848369 44.990583587 44.8642541453 44.7377410992 44.8632784921 44.5118420155 44.647499746 44.5713188068 45.1119696133 44.9423545204 44.6257893604 44.8258263014 45.0398673268 44.5647749578 44.93252147 44.8679292423 45.1662713194 44.6298585807 44.7483615194 45.1824852058 44.5341004998 44.9577558153 44.970100392 45.17752013 44.7962233429 44.8501985742 45.1703303024 45.0515991047 44.5010152447 44.5519553848 44.6867510886 44.6800922229 44.5234352149 44.9815347774
44.6380418244 44.8114703786 45.1722981831 44.9010509201 45.0674310161 44.5172027435 44.8973863198 44.9638372129 44.9556704708 45.027359739 44.6565923002 44.7440717721 44.5702661233 44.7112271721 44.5466875142 44.5501579232 44.7556310589 45.0978395711 44.6979944658 45.1345947599 44.906372999 44.6365838817 44.9591722583 44.811134772 44.9436617935 44.7955589408 45.0650923286 44.9799382364 45.1311168671 45.0494114211 45.1887132206 44.8534850144 45.0588689431 45.0672669084 45.0603107204 45.0636306624 45.1784305231 44.7353661552 45.1414657122 45.071503704 44.6305826428 44.6710328785 44.7860897271 45.1615356883 44.5261052339 44.6176493446 44.9244738767 44.7551420372 45.2032050548 45.0322806681 44.6285491715 44.53045793 44.9774492148 45.2064347302 44.8443509676 45.0349688145 44.6737645813
45.1225640471 44.8028918454 44.9978888347 44.5107237298 44.8191154011 45.0004997856 44.7427375805 44.8339289499 45.0870309687 44.7288457004 44.6221822279 44.9701622754 44.9179142657 44.7848153337 44.6278982069 44.808901568 44.7476402936 44.7432828353 44.9636288505 44.5128744243 45.0655268562 44.7839847909 44.8829697034 45.100030581 45.0239016255 44.5130136985 44.701298761 44.50277361 45.1168620382 44.802006129 44.9700495458 45.0480499203 44.7616623878 44.9919274909 44.999144015 44.8395499972 45.1185622677 44.9460292833 44.6867785049 44.6257576226 44.7783806584 44.6560569267 44.5993022865 44.6290846725 44.6644206988 45.0908271427 45.0677287899 44.6517488113 44.6293673998 44.7991354158 44.9219086726 44.7067552959 44.5282655114 44.5092820355 44.6973905613 44.7152937078 45.1156872195
45.0854958947 45.1955460771 44.8370042597 44.5565901169 44.5810279559 44.8776130137 44.9370114411 45.0250757635 44.887619198 44.8731991293 44.9077758052 44.513973662 44.5902896239 45.1331802849 44.7062370322 44.6735853752 44.8344685719 44.7667718984 44.5961715377 44.5796164657 45.0398585945 44.5569486845 45.0141338879 44.9406858935 44.8350262021 44.7908035262 44.7186442123 44.5314219664 44.6463213534 45.1404096556 44.7775777338 45.1999575591 44.7732129703 45.0234258806 44.5020444258 44.71569178 44.6264033516 44.5749933156 44.666434249 44.6447815102 45.0959805643 44.8988012219 45.1627781178 44.7567426992 44.576710604 45.0762188249 44.5490251225 44.6356170723 44.647447117 44.7201577268 45.0160265432 45.18240587 44.6026762334 44.9816404149 45.1507555149 44.7738777493 44.9508579976
44.5454018804 44.7066317864 45.049077937 44.9013593832 44.9969579859 45.0115715569 44.8400281787 44.8272797059 44.8622398364 45.1153508169 45.1052309288 45.0187714522 44.7605074473 45.0915833459 44.6352484568 44.8171556165 44.9588374438 45.0192462028 45.0190116686 44.9659383743 44.6942252565 44.656344816 44.6345082223 44.952598311 44.7303127569 44.5651044902 44.9667503938 44.9124081994 45.0323766826 44.6192119396 44.9234530917 44.752917754 45.1226279472 45.0014040664 45.0894267266 45.0944984891 44.8037190065 44.8578199112 44.940841641 44.5709433797 44.8706232182 44.950162327 44.7204635414 44.8467376146 44.8541791118 45.1462900147 45.160387374 44.9552228199 44.9520255069 44.6728045594 44.6213854256 44.6104680907 45.10141139 44.670146007 44.5859266323 44.81674577 44.5920907159
44.5648977032 44.6417306233 44.9205477629 45.0755718165 45.0567191973 45.0261703213 44.9818881713 44.8709393325 44.7909929542 44.9503216853 45.1292283229 45.1126132941 44.929923518 44.6799759386 44.5593148911 44.8901340901 44.6622014226 45.0145292409 44.8284886717 44.6353273913 44.6567137533 44.8400604979 44.9343393262 44.8541131892 44.5463042941 45.2046595452 45.0922821252 44.7769060119 45.114429195 44.830933014 45.1142931379 44.8001265717 45.1265705334 45.179138495 44.931013663 44.8589324882 44.5064075741 44.500175873 45.0749728704 45.1024748839 45.0546159217 45.0054941235 44.9900760304 44.7798815809 44.8159807337 44.7662485881 44.6496053492 44.5704851755 44.6776764134 45.1530637244 44.8525221927 44.8534630987 45.037494757 44.720520596 45.0527997603 44.9333253211 44.9179196422
45.1740739439 44.8857560044 44.8983231853 44.7298332576 44.7771713625 44.616989384 44.7893303375 45.0036487897 44.8637181174 44.5018226262 44.6733859012 45.1133184808 45.0328162566 44.6062325488 44.5356206057 44.9638451477 44.7212713306 44.8401819202 45.0180816164 45.1541898201 45.1853231661 44.8443914024 44.7991979631 44.7603997217 44.7718760739 44.6621794834 44.5280238257 44.9141944294 44.7753487492 44.5750835274 44.6865978826 44.8695451516 44.8119128053 44.7713067657 45.0894895581 45.0759305551 44.5164046313 44.6843239596 44.8292246829 44.9170101602 44.9058938329 44.9195324812 44.8286873175 45.0958912279 44.7111687108 44.8634515157 44.8702841268 44.8357286067 45.0145756252 44.7752565724 44.6635175485 44.6626233645 44.869396169 44.66013647 44.6866395302 44.5707700325 44.7260702767
44.9023285729 45.0057870937 44.5762293429 45.1198273161 44.8328611134 44.6475423496 44.5073206395 44.6000246291 44.6784898121 44.5627585809 44.9019810236 45.0937546085 44.6987431268 45.159604837 44.665222062 44.9052279876 44.5165301669 44.9662216902 44.7836651627 44.6411828654 44.8729177659 44.6765650856 44.9952843372 44.5781340832 44.92082588 45.0279453212 44.7657788452 44.9717255641 44.6897030256 45.1188848978 45.1853753731 45.0328945635 44.678182642 44.6153537102 44.6977190934 45.1160287678 44.7398645513 44.647641244 45.1077251017 44.6061987773 44.8811038221 44.9115136717 44.6576637776 44.8366427819 44.6262274913 44.8924131041 44.601394312 44.901426991 45.1822774217 44.5695292903 45.1933937772 44.6580100342 44.5528793985 44.8890878908 44.738864893 44.9482400046 44.9667473081
44.9288717601 44.8665792258 45.0148967453 45.1355070072 45.0210790884 44.7910308802 44.5520483178 44.5271859333 44.5248653512 44.612887394 44.682037213 44.916650325 44.7464405664 44.5957075054 44.7520628289 44.7579162254 44.688467853 45.166478838 45.1745905913 44.9457318457 44.7227747623 44.8783806043 44.8846557352 45.0653179672 44.8159782972 44.7309306018 44.967668445 44.651069567 44.5898612026 44.8135413282 45.1704245854 45.034317495 44.9494787123 44.911550752 44.7319300394 45.0148440581 44.8305988835 44.8151275455 44.7326826213 44.5095634678 44.8959687573 45.0623554407 44.9572460076 45.1627409733 44.8176012092 45.1477550891 44.8079488243 45.0529735933 44.5715780382 45.1227686955 45.0834010755 44.5204395477 45.1882825867 44.8760408925 44.7952360887 44.8965406586 44.8589688677
44.7104526185 44.9603067611 44.8909579651 44.8338011216 44.5528569551 45.1885650109 45.0918319471 44.6447675869 44.9490013001 44.8563112716 45.1568642725 45.1501823077 44.5909173253 44.6140206909 44.7364583388 44.9873441078 44.9406346945 45.0938767619 44.5743371646 44.7393298794 44.6505730277 44.9448754761 45.1682799953 45.0600139692 44.5755418208 44.9485987426 45.0359888983 45.1510682709 45.1860390012 45.0297359844 45.0813004581 44.712152903 44.629640754 44.6376937749 45.1597593835 45.2051893285 44.6327983615 44.7524000308 45.183053879 44.6029993043 44.792785759 44.6875479343 44.5464575691 44.5227744439 45.047953918 44.8586275024 44.6621573805 44.5812681515 44.6060454457 45.0423681738 45.1557802391 45.1674585116 44.91992048 44.7110368622 44.5829671089 78.7130607562 85.5665001275
44.6137385006 44.9164802564 44.7658459355 44.9835975219 44.7054772847 44.5470019506 44.6899601874 44.9034741233 44.918522718 44.7510587669 44.85154048 45.0684598079 44.7893268948 44.5019905152 44.9452606385 45.1295388481 45.15769056 44.6369795679 44.7183097341 44.677043429 44.9305928191 44.8298608998 44.9001898685 44.7831183392 45.0477174494 45.0041320004 44.8271212998 44.5265723279 44.5014883002 44.7867922925 45.0246918819 44.7006638036 45.0451127662 45.0151987524 44.7387343292 44.7371172323 44.938144373 44.9103983794 44.9863986833 44.5563504243 44.6815137022 44.7954112124 45.0463326339 44.7637814887 45.1771311936 44.9075981353 44.8326378876 44.6853761042 45.0896276474 45.108405646 44.8684294383 44.8902506545 45.138234953 45.0318563696 45.0512783859 83.1173089132 72.170840403
44.7111943116 44.9081513122 44.727131499 44.589894472 44.6770538573 45.0057719644 44.830329291 45.1539220848 45.2032483183 44.8153892476 44.7108397497 44.5149534278 45.1262343945 45.1321432175 44.7129773636 44.743862784 44.5375311279 44.8682634881 44.8240729496 44.9965538491 44.9504775596 44.9979464462 44.8317903037 45.0275107234 44.8059371673 44.6551688723 44.9347793281 44.7752092275 44.5784074625 44.9795893842 44.5692592701 44.518320362 44.7320824513 44.822688051 44.7146647752 44.9386620902 45.1715578779 44.9435002812 44.6522106802 45.1626205939 44.641836345 44.68240044 44.8838441021 45.1594723028 44.5139416328 45.0645175424 44.9353402198 44.792777111 45.0983310765 44.7516718411 44.8112310401 44.8513964739 44.9747153033 44.9617702283 44.7867236792 71.1897775609 81.3210164179
44.9464243722 44.607214269 44.8539585309 45.0857591491 45.0451501081 44.5756944527 44.9221974988 45.0429101467 44.9941538134 44.8937834122 44.5566710425 45.0960160382 45.0070964497 44.5409346332 45.1162875411 45.1981138658 44.503778657 45.2047725434 44.7539072285 44.5071406557 44.5353505867 44.565259144 45.1876265088 44.5783998031 44.5766708765 44.5468326345 44.9840882402 45.1862964468 44.5120928935 44.526735062 44.5065543904 45.0605028605 44.5057340721 44.5285514262 44.958368079 44.783112959 44.9592334271 45.0113297789 45.0329051728 45.1990688696 45.1151814798 44.6428596446 44.6211274483 44.935814426 44.8854022249 44.8538133921 45.1470447792 44.8280086186 44.6710691136 44.6024447193 44.8283169917 45.0873616737 45.0801976006 44.8630669738 44.7154980971 44.9109636993 45.1939202938
