Spatial_Output/DEC/DEC_1160.asc
NCOLS 155
NROWS 192
XLLCORNER 196307.867259
YLLCORNER 449144.565805
CELLSIZE 33.573938
NODATA_VALUE NaN
[rows 104 to 129 of 192, columns 57 to 113 of 155]
28.1996240742 27.7210360365 27.8235862425 27.7637826818 27.6228623795 27.922288128 27.7625267519 27.979456313 27.5102525575 28.0356174905 28.1470296101 28.0457509193 27.8998222573 27.8250244631 27.9958844089 27.8159542908 27.7588427368 27.9678692732 27.8344225128 27.9212834582 27.9412877292 27.5243279208 28.0607017914 27.6303565481 28.0681908007 27.7677801085 28.0263178419 27.5141090268 27.6126822247 27.6182922729 27.7301797963 27.8452402526 28.0692617346 28.0173563975 27.6225072218 27.5218447939 27.8906701649 27.8692079357 27.7123949764 27.5094789658 28.034931197 27.6358908326 27.7712711187 27.6222421498 27.6332497285 28.1797362495 28.1629779197 27.6524739906 27.6046860915 27.857508057 28.0195255195 27.873670844 28.1680483165 27.9392482379 27.6946250063 28.1841388424 28.1024073424
27.6268959774 27.8775495589 27.7778634669 27.9691906456 28.0984614802 27.8097892195 27.6350513061 27.5702485751 28.1504673236 27.5322763081 27.8602619981 28.0844222092 27.61945996 27.8889388646 27.9051036962 27.9324446199 27.6690829086 28.0818921138 28.0807981691 27.6615974692 27.5288513157 27.9105001137 27.8025583867 27.8569882659 27.8934267156 27.9785638725 27.7068447499 27.5555076912 27.5804848718 28.1591507565 27.5400730401 27.5096039524 27.6045661751 27.5785645666 27.9853336998 27.618846465 28.0285477418 28.1847158408 27.5622133767 28.0063178714 27.6826905885 28.0312193012 28.181822663 27.9484430715 27.947539881 27.5696720044 27.6561032094 27.5759429655 27.9199998228 27.6287547805 27.9551440343 27.558688799 27.7273618146 28.1441292217 28.1569855482 27.6854024924 27.7762557953
27.8237443011 27.8486299611 27.5032724604 27.8069456969 28.1115410257 27.9342678793 27.851440607 28.0763119048 27.9791925423 28.0002022018 27.8560951755 28.0108230754 28.1042402659 28.1313302874 27.7804752682 27.6905212803 27.5881831579 27.6637184779 27.7449623188 27.8087292667 27.6344173984 27.7439089675 27.6236638572 27.6548903551 27.6985587814 27.7122472212 28.1207646636 27.6220643203 28.1293272334 28.1268291573 27.8005196846 27.9532731413 27.8690697888 27.5158964918 28.1390033418 28.1019003862 27.9205563164 28.039825508 27.6520894455 27.513504638 27.5618420006 28.1175797291 27.5112601149 28.0844189667 27.8319189688 27.8949217687 28.1101737998 27.8879090908 27.5512399082 28.0858702158 27.7905228708 27.5126461859 27.8980970547 27.925858167 27.9042474984 27.6447887657 27.5026002973
28.111459483 27.8486554977 27.7083310853 27.9419224871 27.9759424269 27.8898058695 28.2024749658 27.8151683101 27.9000860732 28.0078146727 27.9246981211 27.7017449831 27.7957522733 27.9794445336 28.0956045763 27.9158876955 27.7759062858 27.7275030286 27.5231871462 27.5091527296 27.5548895692 27.8862903312 27.888691865 28.1438125007 28.0232426495 27.5392260575 28.1643339153 27.5306657301 27.6762423286 27.6243542473 27.999364229 28.0148841529 27.6576367004 27.5863204646 27.7160987725 28.0822595616 27.6133587417 28.0088394831 28.0824195175 28.1150601795 28.1430111595 27.509729121 27.6904953066 28.0581606102 28.0769123783 27.6608809198 27.6218263199 27.8846538371 27.770495011 28.0167943895 27.7345191149 27.9033111144 27.6367395437 27.6062662902 28.0204763896 27.5315028659 27.6226994077
28.0753060912 27.6921335875 27.5320519597 27.6278787059 27.7901860924 27.6070394463 27.798426284 27.6446701794 27.8454186969 28.1822551993 28.1548503954 28.0835957591 27.9334953495 27.519325968 28.0060924418 27.7926722221 27.5060338585 27.519953662 27.8324467619 27.6586728009 27.952676867 28.0005481971 27.5432246365 27.6321526341 27.7048497472 27.9568266328 27.6364909242 27.6979817276 27.9664757352 27.7731048693 27.9992888797 28.1075836806 27.744951164 28.0100508942 28.157936996 28.1953208217 27.6532756636 27.9890066173 27.5201510906 28.1058519931 27.7523907122 28.0763651561 27.8580805069 28.0377105083 27.6532676811 27.5435430735 28.1716445289 27.8287620496 28.0989716552 27.8581967698 27.8158411996 27.95823432 27.9877006848 28.0704412225 27.9452293009 27.8438499218 28.1094696112
27.5448226091 28.1303752564 27.5364895343 28.0432660226 27.7081902393 28.0919131872 28.1323182838 28.0553481718 28.1588523459 27.9660240084 27.7712685455 28.0199364356 27.7912051374 27.6836037596 27.696746636 28.1559613011 27.9186576286 28.1217095928 27.6902543132 28.0183222205 28.0929697953 28.0950734118 27.6651527993 28.0106836099 27.7824970772 28.001209443 27.8787023042 27.8683917289 27.7322440807 27.9666567809 27.6511165839 27.7438031594 28.1524440478 27.733494736 27.5126167087 27.7022557778 27.870154703 27.6490696709 28.1705523641 27.7854422721 28.0079010082 28.1638960021 27.6467043419 28.0741412694 28.0729875138 27.6459805178 27.7770007817 28.0696663404 28.0080086036 28.1855422498 27.8914598159 27.7073679988 27.7201173101 27.51391047 28.0912658107 28.0796423272 27.8297331533
27.8949345435 28.1873348662 27.7714485758 27.7227588266 27.7277554325 27.6817776493 28.1369132906 27.8906413453 27.591730283 27.7982135885 27.9371739447 27.5536569654 28.1725547967 27.8792311642 28.0851414412 27.8119039242 28.1726054183 27.7886103669 28.1260404158 27.8724290153 27.720350232 27.8910527424 27.9821063775 27.6422991114 28.1642316468 27.9107292951 27.8332249515 27.6551991046 27.7918701639 27.9261805163 27.9851107042 27.8990606855 28.1786759128 28.1027431454 27.8906881787 28.0399656237 27.8720040654 27.5891374802 27.6974412138 28.0751592795 28.0869414408 28.0197453787 27.5613515906 27.5443394117 27.689536085 27.6887813881 28.1037726221 28.1181910343 28.2022628913 28.1454351543 27.9454265567 27.5807780929 28.0020821436 28.0373882423 27.656001948 27.7967560688 28.0000663743
28.0378809431 27.9906039713 28.1177779106 28.0418782413 28.0140780438 27.7189030816 27.7145038156 27.9533706421 28.0212955075 27.5524098776 27.8495688243 27.6672704876 27.9065209228 27.7647605463 28.0361717045 27.7662589485 27.9892770484 27.5272375291 27.6570519365 27.6079439234 27.8834612723 27.9869123801 27.5513831214 28.0565365682 28.1254919284 28.0873784742 27.8812370484 27.7163510371 28.1734712208 27.5322838065 28.0205208437 27.7161250397 27.9133461052 27.7419877881 27.5805632893 27.5769056144 27.8493893575 27.9557573142 27.6195683098 27.8709114308 27.8030344585 27.6644607297 27.8431714182 27.9601375669 27.5752317979 28.0116128261 28.0405419532 27.6500085696 27.7198455689 28.1387964556 27.5200501483 27.5600171078 27.6920626686 27.762851989 27.5723624548 27.9904811128 27.5925503049
27.8783044885 27.926471221 27.8272805566 28.1271272948 27.86041714 28.1493677185 27.6780824858 27.7504297415 27.7473838512 27.890216933 28.0769666873 27.9213333165 27.8398010005 27.6209478742 27.8451722455 27.8834094124 28.1397249129 27.8849296971 27.6988265297 27.6725561367 28.1914317247 28.1267235598 27.7423257352 28.1769558813 27.9462409409 27.6884015438 27.5823471846 27.8905802801 27.5758149168 27.9525211256 28.0169756043 27.8265034848 28.1373781073 27.5058449401 28.0147526042 28.044016444 27.9157402109 27.5711764275 27.9021569988 28.1295145612 27.5335158191 28.1022901426 28.2070733584 27.7694420501 28.0596340341 27.5543464994 27.8840294839 27.7643083258 27.6774996227 27.8320896072 27.5756023447 28.1364065684 28.140883296 27.9552795993 27.6448547122 27.7849930298 27.6191311304
28.1764643908 27.677410604 27.5923670173 27.5446261364 27.5945109604 27.722626274 27.648455622 27.7725546193 27.5565762695 28.0365167489 28.026684565 27.8328516648 28.0308716023 27.5851785062 27.8518995191 27.9496288717 27.6345387874 27.9186525459 28.0132918649 27.5589874532 27.8174693914 28.19567369 28.0836972713 27.5464724602 27.7991329256 27.8513478604 28.1117585386 27.7448797418 27.9676785143 27.6808558019 27.8382950032 28.0569809591 27.692150932 28.0381443066 28.0507307159 27.7082797083 28.148294897 27.7161827723 27.5027436795 27.7538327022 27.8486882887 27.9349107745 27.831469277 28.1011589039 28.0090253326 27.6381505359 27.9584583833 28.0055468319 27.8771509476 28.1055775023 27.9079775852 27.8297977613 27.9969149579 27.8574308329 28.1334362765 27.7674628809 27.794771672
28.0411618022 27.9777467791 27.9717895173 27.9165521685 28.1026910082 28.0166986287 27.9417349656 27.630167356 27.6649714032 27.7335859365 27.77625003 28.0837864352 27.512118047 28.1254571565 28.0997665622 28.0743903502 27.6933769422 27.51347009 27.6438998293 27.7610209619 27.6473426348 28.1199404048 27.8341422496 27.7478431928 28.0791377205 27.5241745691 28.0065825868 27.5414416079 27.7069630383 27.5116091564 27.7200605264 28.161233103 27.7861428993 27.6277733567 28.0207024527 28.1098510829 28.1344046338 27.8072179489 27.8848434918 27.6342223916 28.197928554 28.2022646347 27.7673310617 27.9035643884 27.9571252213 27.6350107031 27.6081247943 28.0103274602 27.5219815326 27.9993160662 27.7763151659 27.6148642562 27.9421216931 27.680429717 27.852502162 28.1660270029 28.1155516182
27.8406799441 27.6481055452 27.9247003994 27.9664831551 27.5050176726 27.5611160164 27.7127899169 28.0557570026 27.6313013759 28.0180940399 27.6213882271 27.8303386338 27.6278494765 27.9412426694 27.8010168673 27.7778048243 28.0969551671 28.0719103937 28.0370146715 27.8407794348 27.6075678632 28.1606734176 28.1338188713 28.1075396905 28.2042568989 27.5761639307 27.8777936481 28.0394241671 27.6564739815 27.8562803704 28.0188003669 28.0282172797 27.5533043218 27.8117624621 27.9485223066 27.8714821236 27.6833005999 28.0816601233 28.1759775334 28.1724419668 27.8542286612 27.6058565789 27.7571048636 28.1942174168 27.5658655664 27.5881079829 27.6402469848 28.096574786 27.9892350797 27.8193490265 27.875479591 27.5120530925 27.7097123431 27.638383539 27.8504131591 27.8974896464 28.0834489208
27.6688717002 27.8214102291 27.8468850886 28.0388281001 27.8839639482 27.6124191642 27.6984955756 27.5119767022 27.9783243452 27.8586882217 27.5276966215 27.9389030703 27.5306080956 28.0753090839 27.6796938581 27.9945152962 28.0353238082 27.8277779793 27.6843443601 27.9903115761 27.949598359 27.9788959081 28.1624712484 27.6782626223 27.6048799006 27.500748606 27.5196516052 27.9580930276 28.046915883 27.661961706 27.6607418426 27.6968773107 27.8920938222 27.6249540423 27.8389921803 27.9152309881 27.755547352 27.6507430948 27.5715470488 27.5742169491 28.1269291054 27.7460418635 27.7032023613 27.9215455086 28.1923491543 27.9132510331 28.0885264922 27.9062117186 27.5095670877 27.9763729152 27.6292476152 27.6098595267 28.0083416075 27.6014078489 28.0627593467 27.6102146577 27.554073759
27.6820279106 28.0518086779 27.6091686136 28.1630786906 27.7383291387 28.0654691244 27.7974641785 28.0546417069 27.6945362055 27.607811878 27.5238408286 28.0334844016 27.6692643276 28.0653791169 27.551138707 28.1411681012 27.727550343 28.036318117 28.145100445 28.1764255452 27.9680964703 28.0838910016 27.542924303 27.9351668897 27.7747464098 28.0978942721 27.9475465248 27.6651092278 27.8011128549 27.5014320025 27.7367912275 27.5520383622 27.9371812727 27.68219163 28.1105756098 27.9405554435 27.6426781342 28.08121664 27.7253783767 27.9517840618 27.6762119951 27.9539251365 28.0424302564 27.6544800142 28.1362533917 27.5711790232 27.914520168 27.7039428748 28.1094446212 27.9524685066 28.0377536691 27.9763628462 27.5799302291 27.8160673053 27.8436496266 27.9064763195 27.8413207099
27.8973369605 27.5711989693 27.8566482668 28.1382500835 27.6882641116 27.5014032735 27.9774077643 28.0774380088 27.7237893858 27.6556913085 27.8043214254 27.7559909588 27.7688097702 27.9568676238 28.1378732304 27.8844489693 27.5853154737 27.9488648326 28.1504415552 27.605441338 27.631892148 28.1340945013 27.7144769897 28.026712234 27.6958582286 28.1886978687 27.6391786006 27.9725091432 27.7480681227 27.905306865 27.5627380972 27.8277779011 27.9895999563 28.2040251033 28.1205199355 27.7011889959 27.9642303481 27.7175479952 27.7945636268 27.7424500985 27.9178647622 28.0430954986 27.7519942428 27.8567633758 27.5684088164 27.9201379396 27.8067692009 28.05605392 28.1566677899 27.8448952491 27.5887194256 27.8023522404 28.0846742643 27.9381237345 28.1802105734 27.7257913898 27.6797480012
27.6406369574 27.68573837 27.8185867447 28.1640474203 27.6759883003 27.7460161676 27.7790743303 27.8177884641 27.7297336695 27.5728007487 28.1640967912 27.6983463175 27.7808932377 27.7656092168 27.7484748559 27.8428679798 28.1479406248 27.9177069279 27.693323112 27.8809455982 27.5406324775 28.1714243283 27.8578331297 27.9902933474 27.6180335557 27.5425865827 27.8186683754 27.6400090011 27.6380073677 27.9389918926 27.6577117637 27.9037993431 28.0019422353 28.0643145774 27.9656969576 27.866349742 28.0777140089 27.5717360092 27.838293172 27.9564819483 27.6347421318 27.6900467773 27.8780555661 28.154933294 28.1582906259 28.1894663136 27.9064682924 28.0606952567 28.0589803495 27.5749849428 28.1188031774 27.9007488146 27.8052109675 27.5252277851 27.7742321443 28.125395823 27.7353944754
27.9580137253 27.6724947803 27.6770880452 28.1093559325 27.5149893559 28.1575505837 27.7900009318 27.8355638926 27.8273671473 28.1362968258 27.537939929 28.1310045181 27.5398065225 28.1076522329 27.8392157603 28.1468028792 27.8148904427 27.5288320604 27.585272929 27.6163066192 28.112387357 28.155183427 27.7708724443 27.6974443973 27.5091613561 27.791341735 27.613864977 28.1528269399 27.6201370287 28.1921199764 27.609104626 27.6342604429 28.0115384772 27.7729212656 27.5808667236 27.5742715938 27.598306373 27.6593262912 28.0823728959 28.0218627682 28.1408768066 27.730927399 28.165213892 27.6494308219 27.7073197019 27.7526407623 27.8367109205 27.7517930404 27.5879393715 28.0286045246 27.7418114327 27.6732421634 28.1578561587 27.6135856064 27.7759366171 27.5885172778 27.7946879264
27.8116986629 27.6138167904 28.0128667588 27.7504020114 27.7042849787 28.0462524601 27.7439544977 27.9847281545 27.8530879408 27.9670660778 28.1062998125 27.6995190292 28.018651219 27.5634771633 27.5324147004 27.5604065855 27.7463285889 27.5922771237 27.7654197149 27.695941183 27.8932895199 28.0458965487 27.8611619105 27.9842607885 27.9508476582 28.1963804071 27.6609559728 27.936765318 27.9471807795 27.7324223189 27.6903227831 27.9142348787 27.8341655506 27.7750630897 27.9908377089 27.591396633 28.0127612935 27.8620264645 27.7227237152 27.6485311026 28.2012761975 27.9556630474 27.8409643072 27.6894034024 27.6892446804 28.046419262 27.9515577024 27.6226388291 27.5968327717 27.7041382911 27.9643372389 27.8761099551 27.9720900284 27.6043278178 27.57955059 27.7710388863 27.6775396634
28.1388330734 27.5169181018 27.8758245356 27.8973301418 27.6667060565 28.0124820606 27.703877744 27.8497247044 27.9434539175 27.5516132606 27.9204515951 27.5319547593 27.5202960943 27.6357181713 27.8185214422 27.7769346863 27.826280614 28.0113422006 27.6082690235 27.7336350858 27.7839491598 27.9516320428 27.5615298809 27.948462643 27.8495917651 27.516627387 28.0397999717 27.8931370007 28.1351878071 28.1157250705 27.9662530059 28.1488796392 27.9864344572 27.7636708627 27.776152138 27.937848689 28.1738438913 27.7090023212 27.8476849004 28.0022570714 27.7209111603 28.05934276 28.029673227 27.8687962576 28.1581615562 27.8268190041 27.9114118842 27.6319041148 27.9694337613 28.1452562849 27.5761180956 27.734423756 27.5741225707 27.8680378066 28.1268261937 27.7444674496 27.6284689043
27.8613197187 27.5631177223 27.9041816079 27.8821344176 27.5153134815 27.9362171644 27.617575433 27.9523740143 28.0606666874 27.9350719752 27.866759777 27.6236061185 27.6999218552 27.6710196584 27.7127955718 27.8658138957 27.6363985503 27.691415794 27.5341348362 28.0601899008 28.1959632599 27.7490732293 27.6865886982 27.5506007835 27.8128939249 27.549798773 27.6978228935 28.0062764783 28.0521759286 27.76988821 27.7625364232 28.0306313551 27.9050504209 27.5063975932 27.6231817696 27.9620118289 27.8295375912 27.6599386922 28.143073897 28.0250909556 28.164118736 27.97039452 28.0328372785 27.6212054056 27.891607745 27.6332624766 27.5853378989 27.766697742 28.1759173988 27.9578687318 28.1106451231 27.9841734758 28.0259079885 27.8658010835 27.726671533 27.7685257116 27.7912510188
27.9593522471 28.1058852707 28.1100184116 28.0219181929 27.5942474114 28.0653078007 28.2000573306 27.9934650365 27.5312530991 28.203892389 28.0263613436 28.1979659457 27.8167529031 27.6112630532 27.8219504713 27.9834676827 28.1926902415 27.791143311 28.1366620223 27.5065445715 28.0086925239 28.1892320905 27.6896154955 28.1146315392 28.2003719306 27.8016493691 27.9119686126 27.5170817991 27.5353285978 28.0393586723 27.6763103527 27.9817701203 28.1449628435 27.7411451855 27.6635872911 27.5654666093 28.0739159851 28.0933828633 27.9653472087 27.9655594189 27.7356507628 27.9082530267 27.6560877433 27.7851489916 27.9199101583 28.1632072728 27.5541468188 28.0192410624 28.1849916821 28.1319200929 27.6048141629 28.1358917813 27.5399146801 27.6496112044 28.1723740662 27.9198503296 27.7307608184
27.9940491457 28.0594054798 27.6284978077 27.9700987725 28.1636759672 27.6569282489 28.0636414208 27.8971174789 28.0884314964 27.5501228269 27.9612964549 28.0559052747 27.8815776101 28.0738379261 27.7019745871 28.1419691156 27.9504327503 28.0645046214 28.0519890915 27.9473239721 27.8902011943 28.0094033061 27.8297169671 27.9648538773 28.154189533 27.7747824462 27.5172903827 27.8545876314 27.5540531082 28.0345435862 27.7695284573 28.011500246 27.7298733951 28.1094468351 28.0385364863 27.7594109826 27.6954829596 28.0476416242 27.5608175455 27.9251748457 27.8908777927 27.8461132474 27.7406902533 28.1985571893 27.8575617452 27.9602846011 27.5957994744 27.6471984259 27.9191366745 28.1719452693 28.0076218005 28.1198730765 27.6843368091 28.0870358937 27.883775839 27.7208843535 27.7938911874
27.8581333759 28.0869482933 27.6596399169 27.7527915008 27.6242494839 27.7342614246 28.1998757295 28.1434874904 27.6231927225 28.1894515494 27.9675173644 27.9044574555 27.8676002703 28.1138319825 27.5085832342 28.1176143208 27.7495707361 28.0518746235 27.8274191523 27.8991625246 27.6868981767 27.7466467458 27.7069964536 27.9760902322 28.0905770046 27.8328447395 27.7651698355 27.993954885 27.6861629525 27.8629840807 27.8267758992 28.059020397 27.8406606103 27.861545058 27.8966784828 28.05851793 27.9763261904 27.8972492474 27.7696100104 27.9460362392 28.1090637764 27.7129194431 27.6022271807 28.1171408108 28.0071840128 27.7584268033 27.8614653419 27.754487885 27.9234936508 27.6056056016 27.6533754035 27.5384629156 27.5976815678 27.6958292701 27.8083566461 27.7986110823 27.9144433325
27.5083244253 27.6878296578 27.7534073819 27.7943267986 27.7557786769 27.6506713363 28.1109741926 27.8821175337 27.9952945396 27.7288495571 28.1904640683 27.8442214158 27.5485846141 27.5876287543 28.0416084811 27.5052939423 27.7492270831 27.8530042247 28.1916193184 28.121984362 27.7830843034 27.9224227876 28.0627740388 27.8774231306 28.1191691088 27.8340070194 27.5382826316 27.5187699905 27.5004345193 27.7324854693 27.9033226507 28.0674247645 27.6820643232 27.8624107726 27.9967243329 27.9826417732 27.8165001275 28.1920979601 27.7265428409 27.5083682873 27.9572486969 28.0078348008 27.8747447825 27.6574183116 27.9464571409 27.5762967673 27.9991432159 27.932360066 27.8908390835 27.509548743 27.5111429538 27.9417972319 28.1993828405 28.1842551912 27.8331671216 27.7971252628 27.6365492373
27.7598234416 27.5952044175 28.1729859319 28.1073900961 27.8659586427 27.9029182934 27.5266854772 27.9706529503 27.8615321216 28.1024211597 27.6822379975 28.1272023842 28.0950822747 27.6571108708 27.5477034915 28.1967793852 27.6212749009 28.1353350695 27.8167320632 27.9785971557 28.0854054151 28.0149301681 27.6068668905 28.1608433026 27.6179558196 27.9827660638 27.7243885397 27.5278344073 27.625298996 28.1161680112 27.7559675075 27.9097151843 28.0460962918 27.8927339531 28.0919677138 28.000810546 27.5461060787 28.1582434761 27.9524300504 28.0658400426 27.5509008444 28.1031393379 27.9548984675 27.6397089748 27.5298703163 27.9207956337 28.0963428331 27.5170722183 27.8950846824 28.1065267877 27.6888799372 28.1146420317 27.6085919516 28.0132298468 27.6742067062 27.925773687 28.0995282346
27.8202697646 27.765212233 27.8408920719 27.9604284039 28.0670535861 27.8813460557 27.7873656248 27.7713219161 28.1666064626 27.9477453746 27.7944215346 27.8329663887 27.6284493384 27.6316304622 27.9518434445 27.8302891926 27.5094550892 27.9534931528 27.5163312204 27.9342094618 27.8288283968 27.7786355685 27.8161708159 28.0511544042 27.8586329395 27.834853734 28.0465964817 27.9148281532 27.5670544229 27.6530101564 27.6569214821 27.8275991854 27.930068288 28.0388557274 27.9344175148 27.6972687944 28.1208511613 27.5987824359 28.1927879754 27.6503044982 27.6931803604 27.6329890059 27.5939658356 28.0410980378 27.5241121253 28.1002568566 28.1056697316 28.1099932952 27.7175009206 27.5687999103 28.1735249012 28.2052332005 28.0169650157 28.0552235092 28.0923994262 27.5669264058 27.5915243538
