Spatial_Output/DEC/DEC_1170.asc
NCOLS 155
NROWS 192
XLLCORNER 196307.867259
YLLCORNER 449144.565805
CELLSIZE 33.573938
NODATA_VALUE NaN
[rows 52 to 77 of 192, columns 0 to 56 of 155]
27.6040547844 28.0378272868 27.7550817444 27.5376531682 27.9579822208 28.201238487 27.9243173167 28.0118057709 27.5297202335 27.8922008812 27.7356298126 28.0513461945 27.7102547786 27.9679915803 27.9342263463 28.0202059287 28.1559009711 27.6461913562 28.1700343586 27.9991960887 27.5705600132 27.8193402014 27.552784174 27.7752737067 27.6027818761 27.9933450088 27.7292172711 27.9247098806 27.5682644219 28.1619907522 28.0312144449 27.6669177469 27.8609035749 27.5013356694 28.1168946215 27.9507490854 28.1759686645 28.0729292515 27.5763193223 28.1409936056 28.1475075685 28.1214329965 27.882994168 27.6651481854 28.0811684524 27.7870273884 28.0065179488 28.0454532413 27.5540483389 27.8034771593 27.6855260767 27.6083627944 28.1444431416 27.9733670619 28.065554929 27.5780746082 27.5015550813
28.1908417075 28.0523771465 27.9622182402 27.5552352199 27.7940334548 27.7739740169 27.9377857006 27.5679756452 27.993018785 27.8559326085 27.9744322287 27.8465329463 28.1596412923 28.1680116975 27.6422282375 28.0509662885 27.9497912029 28.2036772538 27.6440438741 27.979729412 28.0634966879 27.9087580614 27.9145072668 28.1860008478 28.1522144248 28.0718161604 28.0367256972 27.7104757675 28.069298488 27.9136597843 27.9257106341 27.6457087702 27.6907862802 28.0044539173 28.1816866939 28.0096080159 27.7078158112 28.0542281043 28.0664492233 27.67706886 28.0425330764 28.1397708656 28.1927711101 27.7180602073 28.2051597211 27.7193972188 28.016518725 27.6665271236 27.9497327971 28.1584119409 28.2048794141 28.0123337543 28.20101132 27.5102639311 27.9025697712 27.6731516869 28.0277770813
27.5869958309 27.7230541657 27.6628590804 27.9568127039 28.1405560762 27.808992272 27.7438293718 28.0114312761 28.050290022 27.6555168175 28.0948415435 27.8293316448 27.6382076117 27.5968952068 27.5763540508 27.7824803546 28.1868404771 27.9740665695 28.134166498 27.663836443 28.1455048693 27.6220509146 27.6511304456 27.9636236672 27.6165641728 27.7673258339 27.5649438372 27.8788132788 27.8792082266 27.6185007014 27.5770866407 27.7796103364 27.5696663482 27.9881395785 27.9891259822 28.0622727453 28.1796045341 27.6967106092 27.7278925419 28.0576035955 27.7567805754 27.7092605023 27.8616592301 27.6580213154 27.9696085583 28.0931284851 27.6060501284 27.8733315781 28.2058913095 27.9524747394 27.7938457432 28.1867444909 27.6909921805 28.0631627479 27.638697402 27.9071790754 27.9403847092
0 27.5892506508 28.1663302474 27.8294881444 28.1046756251 28.0348072169 27.6143330077 27.5860944676 27.5657665817 28.1680239651 27.5924836695 28.036342817 27.720160304 27.5895377155 27.5312611775 27.9383590309 28.0112314568 27.99480067 27.8862409869 27.9182119667 27.6819009604 27.728277012 27.8847552085 27.614745775 28.0580345915 27.8600126693 27.9431588374 27.546279596 27.9280133719 27.9208876442 27.7343762595 27.9600847488 27.8592092437 27.5027938933 27.8732324051 28.0273453795 27.9995916475 27.57228827 27.5724200129 27.6499154404 27.544433579 27.6760323631 27.6759508991 27.7990008405 27.9378350973 27.710275683 28.0848907998 27.8586721311 27.5436770122 27.7836269754 28.1797809701 27.7904416747 27.6264284883 28.0501125874 27.7499270591 27.986286701 27.7639045196
0 0 27.9949666625 27.5438712771 27.7452435379 27.8694441305 28.1946807005 28.088447763 28.1607340021 28.0534307818 27.9562714538 28.0099835831 27.9632813201 28.003486321 28.011954632 28.1042653525 27.8347980043 28.0859433538 27.5485220763 27.8701849205 28.0009613495 27.992671921 27.5242078541 27.7892201739 27.5857254061 27.8642137117 27.5493290291 27.5905652404 27.6247233954 27.9948320497 28.1873842864 28.0023402466 27.7481715118 28.0196451535 27.5624508882 28.1023504091 27.7016829616 28.0637172674 27.6140413656 27.8532611805 28.0112948332 27.9763091767 27.652558999 27.753108272 28.0387864203 27.9063543171 27.6463015287 27.9667544104 27.9450241515 27.7104313928 27.533597854 27.973274142 27.5815233295 28.1123394747 28.187445721 27.6920311057 28.0764412942
0 0 0 27.8297234878 28.0938101932 27.9212208015 28.092783292 28.0634592222 27.9620858947 27.7709894355 28.106390496 28.0469681795 28.1612224491 27.8338326742 27.884026815 27.7350381119 27.7098560904 28.1460070336 28.0968580408 27.733315806 28.1546041818 28.0880027336 28.043041616 27.5213409674 27.7185576303 27.7364954954 28.0900944278 27.5068654406 28.1601364724 27.9539044802 27.7901288493 27.8689093212 28.1420527785 27.6364812556 27.5306775669 28.0747737818 27.8519247594 27.6951139112 27.6165011935 27.8837709636 27.6178918081 27.582579559 27.5188943588 27.8751369688 27.7279384128 27.7795961504 27.8367820208 27.5199400228 27.5497045335 27.8858443354 27.7458730547 28.1990137185 27.5443764586 27.8869969382 27.5531476684 27.908072248 27.5989607211
0 0 0 0 27.6217857251 27.7124033788 27.8669930688 27.969301427 27.5972517446 28.1004906965 28.0904352396 27.8405847645 27.6068331307 27.7124740841 27.7469767505 27.5837223357 27.7119923619 27.7990687657 28.0088946725 27.7149737303 27.8207807505 27.9325072571 27.5202345268 27.603323892 27.6168633869 28.1329400705 27.6923840342 27.9924323466 27.8795585906 27.8111206558 27.5496474543 28.1160839071 27.7116985306 27.846890505 27.7398586605 27.5232467602 28.1154532075 27.6394631778 28.0689100125 28.1559776717 27.9762817311 28.0608375042 27.986090807 27.9238913039 27.9725413344 28.1501000645 27.6801650563 27.6732828559 28.0621220717 27.9310227718 27.6820464336 27.7277055499 27.5467602478 27.7421673725 27.9533627045 27.9725625927 28.1287454748
0 0 0 0 27.8850432019 28.0667673926 27.7516789827 28.0976408838 28.1939290126 27.9770951722 27.6974645254 28.0076859564 27.7152544723 27.5412248809 27.9606035158 27.934548446 27.9464420379 27.9227387641 27.6332364654 27.5989848532 27.8057799891 28.0694556325 28.2058103627 28.1559923609 27.7049799538 28.1063085617 28.0650005506 27.7191755052 27.6942188299 27.5679184548 27.7363953869 27.5150046279 27.8783634914 28.1632016213 28.2015638482 27.7149221191 27.8071824585 27.9567938657 27.9913877086 28.1631501578 27.5943256578 28.0350674328 28.1141731697 28.0818647294 27.8050889698 27.9139864649 27.8737921287 27.68623392 28.1429696365 27.6246293062 27.782722909 27.7349341326 27.5603025035 27.5479895823 28.1636861712 28.1297010826 28.1726337322
0 0 0 0 0 27.9184584955 27.7113510863 27.7572558767 27.9905596808 28.055357417 27.5893990232 27.5940785647 27.9400116871 27.7769579117 27.5769372717 27.9291765657 27.9971510512 27.7992737429 27.8473394265 27.6507810256 27.6296572959 27.8779673318 27.8141396672 28.1348311867 27.5707714943 27.9050114328 27.6177358359 27.613586655 27.9975958642 27.5036962125 27.6676436848 27.5840586523 27.9890687984 27.7770207373 27.6850287006 27.8799187475 27.870255246 27.6364993965 27.8135191147 27.6686192762 27.7414922154 28.044252851 27.5342570522 28.1172428645 27.708824167 27.9166828606 27.5509116581 27.8836835295 28.0655114139 28.1122980051 28.0744997704 27.9309906334 28.0570523415 28.1007661083 28.0737666373 27.7420491119 27.7400964007
0 0 0 0 0 27.9093551336 27.6212584954 27.7646841871 28.1945163658 28.151216915 27.6688850078 28.0013430894 28.1528038225 27.7005159088 28.0980197993 28.1006340879 28.1003873764 27.9109770795 27.816352431 27.6614326448 28.037217406 27.7590822865 27.8153442394 28.0725920682 28.181774676 27.5229130701 27.957106286 27.6140891908 28.1044904017 27.7591558833 27.5092571657 27.7031354916 27.8049968201 27.910917977 27.6815043402 28.1968443718 27.6637511396 28.0316606528 28.1897188775 27.5198625016 27.6181572563 28.0409403357 27.5346442635 27.7722415835 27.615786983 27.6546934447 28.0018035715 27.8909019544 27.9352271375 27.5803475002 28.0095631068 27.9349840038 28.0114095351 27.9058749454 28.1566006139 27.9779570437 27.6382387395
0 0 0 0 0 27.8363646205 27.8940945063 27.6664581814 28.0108086864 27.9340762729 27.8088030922 27.7720108975 28.1607116444 28.1056608342 27.8200328059 28.1363714565 27.8192680827 27.5486728747 27.6796106228 28.1056857183 27.8082526743 27.5012651906 27.6608259979 27.6602399571 27.5293847106 27.7091041422 27.526350757 27.9104823153 27.6193984032 27.992911983 27.7060542898 27.522084099 28.1653884305 27.6152212472 28.1411295513 28.1506182044 28.041681835 28.0887300297 27.6132217681 27.7422008547 27.697672881 27.9272624423 27.6119384381 28.1062403708 27.7638583618 28.0276202164 27.7314763905 28.0540153442 27.6172522647 27.7774816677 28.1646543416 27.5849279419 27.9291228637 27.9064774721 27.7186827611 27.9918334984 27.9374385367
0 0 0 0 0 0 27.5446025384 27.8682751635 28.0445720138 27.6722215281 28.0604843173 27.9620572578 28.0888717498 28.0501240883 27.8917727974 27.8722670496 27.6994914241 27.7831681324 27.6597038259 27.5299815972 28.0787844483 28.0133294742 28.1501217562 27.727216943 27.8490554828 28.148535958 28.1471918592 27.6408227821 28.1872050502 27.8237070349 27.5344095254 27.8666578825 27.5123240756 27.7030852734 27.955953044 27.7340254078 28.0863616773 27.7720245597 28.0217734011 27.6282460207 27.7333326698 27.5683237348 28.2065389211 28.0428544798 27.6704584382 28.1886239315 27.7675969322 27.6116906381 27.9696002921 27.9442076596 28.1897711899 27.8270044909 28.0379812838 27.8105333609 27.831657562 28.1902329236 28.054408862
0 0 0 0 0 0 0 27.8264819142 27.7710679157 28.169658197 28.133996544 27.7127130596 27.8685819343 27.9215227474 27.8357174823 28.1402887471 28.1647333622 27.9761319225 27.6479715296 27.5704060991 27.72872604 27.6256924888 28.0811867642 27.8795316402 27.7800621986 27.6268973276 27.7472496434 27.6036859174 27.6833319511 28.0293020128 27.5133059237 27.83075236 27.5960501579 27.8652524439 27.8311132906 27.7345886004 28.0149261296 27.5833847568 27.5599487009 27.7559700541 27.7238244753 28.182002546 28.0224022899 28.0109885439 27.7611541683 27.6019753671 27.5948440447 27.5218510026 27.5619406777 27.5408183309 27.5227700226 28.1639639147 27.6101163606 27.9354583742 28.0533152435 27.7087317361 27.7796738289
0 0 0 0 0 0 0 0 27.9672838622 27.669225698 27.7879461644 27.5470589008 27.7403291384 28.0550449695 27.7271145061 27.6881564278 27.8661261471 27.5678165206 28.205868721 28.0906100753 27.6704702423 27.8052087769 28.152510477 28.096658073 28.0709158863 27.7518330656 27.7594957139 28.1768427103 27.6740592988 27.9519288522 27.7480086846 27.7931671364 27.9796432737 28.1788753933 28.073766294 27.8245325178 27.7420078859 28.1732832712 27.7767370792 27.9845400975 27.8181455683 27.5392109316 28.1248385464 28.1718854402 27.9320377929 28.1511162318 27.9353590467 27.6984281491 27.7352086125 27.9195610189 28.0905117055 28.1582877069 28.0973415185 28.198678929 27.8722168168 27.840825693 28.2060342892
0 0 0 0 0 0 0 0 0 0 27.9522819221 27.5394000113 27.6774169743 28.1390719728 28.1406525335 27.9026500624 28.1825470362 27.5974596492 27.8755977678 28.147031254 27.5534021759 28.0758748404 27.8241699151 27.5166707737 28.1463798281 27.6871559085 27.9141347265 27.7935819287 28.1375584825 27.542647188 27.6891525439 27.6051204033 27.7836717942 27.8297897337 28.1767205285 27.6763442431 28.1386683662 28.1729046867 28.0289132845 27.6754249259 27.5092136251 27.8916762514 27.7773005749 27.6960790872 27.9432612935 27.7526447703 27.8301003534 27.7173907945 27.9207906815 28.038424753 27.5951154509 27.6744131252 27.9806149536 27.5768123479 27.7880558792 27.7236339385 28.1686342737
0 0 0 0 0 0 0 0 0 0 0 27.5867613256 27.7723174863 27.6631593987 27.5083395049 27.9122079802 27.5260312041 27.7612949919 28.1662736853 27.6949576411 27.9152142223 28.2067782216 27.8785025689 27.6348552771 28.1474017391 28.0029314881 27.5311682675 28.0839169366 27.98884874 28.0285644416 27.5554911461 28.1706202371 27.5614622479 27.7467400895 27.9006623167 27.7328682121 28.1406940476 27.7832486764 27.5326882391 27.8744633304 27.7965725732 27.8938445531 27.8663981067 27.6212409052 27.9374408322 28.1419821772 28.0157853861 27.7338419516 27.6984854922 27.5205275311 27.8686360016 28.0331981888 27.960653275 27.8452793478 27.8805119823 28.1625713491 27.7733937589
0 0 0 0 0 0 0 0 0 27.5011089983 27.9639472803 27.6642935229 28.0443384827 28.0208372765 27.8743356734 28.125396152 27.6465580463 27.6194460168 28.1380920642 27.9942237172 27.8665021396 27.758779675 27.5870749289 27.9217614472 27.5998598583 27.7779895325 27.8172014941 27.5441942518 27.7445664103 27.6904309814 27.9201530006 27.857621361 27.7697324452 28.1939974666 27.8569835035 28.1807769025 27.8875426332 28.1672169321 28.1785910712 27.5658173736 27.5376967714 28.1645934183 27.6591846185 28.1858371836 28.1606524883 28.0778882246 27.8082831537 28.1472093765 27.5914768982 27.5669750568 27.5080955475 27.5510047915 27.9528032952 28.1642885755 27.9393914701 27.6309305473 27.9761310161
0 0 0 0 0 0 0 0 0 27.9556243798 28.10727305 27.7500044388 27.8835461712 28.1858553485 28.0147912165 27.7089809212 27.9961590381 27.6137646905 27.8255106327 28.1137711288 27.6227816114 27.6302458995 27.7881161682 28.0726586344 28.1340577637 28.1797136851 27.8559956783 27.5202112337 27.8547910648 28.0523287963 28.0831905654 27.7282714925 27.6930905771 27.8105286114 27.8330615943 28.0898023218 27.6258634492 27.6883511695 27.8478123784 28.0375923457 27.86247613 27.6900960515 27.6629127475 27.675879297 27.9698621139 27.8227274137 28.0791222793 27.5319580111 27.5782446536 27.6500540276 27.7823358586 27.9612587457 27.6866663609 27.937697186 28.1943644909 27.9482262847 27.8008843774
0 0 0 0 0 0 0 0 0 27.908812545 28.0363396499 27.665784653 27.8302984671 28.1556296439 27.6472338294 27.5657566654 27.7315178603 27.7115420384 27.6413554208 27.6019423462 27.5626627225 28.1284809828 27.5463485028 28.0864287342 28.0789952295 28.1080014171 28.1809506322 27.9051797085 27.6854118268 27.9946222711 27.8987736318 27.7055589586 28.0588234535 28.0656643449 28.0770149617 27.5622963219 27.5085337718 27.7025156174 27.5435532196 27.7304744539 27.6302962315 27.6766852838 28.0129094211 27.9077780932 28.0705259237 27.9605303313 28.0658057744 27.5436114261 27.9115967045 27.6076154016 27.6877761167 27.9810986927 27.8529587871 28.2041022057 27.8889867707 27.9077919307 28.1162230402
0 0 0 0 0 0 0 0 0 27.8922915396 27.6679907774 27.8670085267 27.7718186634 27.8523597194 27.998170186 28.1567318891 28.1275053724 27.8105492902 28.0549720971 27.7441277785 27.663816848 27.8307044226 28.0722772863 27.7459213576 27.6554205556 28.0688118322 27.7394178583 28.0440053346 28.0792916132 27.7693169449 27.5215611693 27.6465741946 28.0675415691 27.7256991941 27.9991837987 27.6918893189 27.522644881 28.1261286042 28.0384047761 27.5092731085 28.0372719616 27.5381585416 27.9071232221 27.6356085954 27.9030457792 28.1256141561 27.7740006393 28.1086860277 27.9601689546 28.0600976233 27.9301120018 28.1036648488 28.1100745366 27.9618101479 27.8118735981 27.9468334025 27.5179063051
0 0 0 0 0 0 0 0 0 28.0894273891 28.0522618901 28.195203923 27.6877018924 28.1783382002 28.0828041089 28.036459209 27.5770951681 27.6459535806 28.0476388591 28.0681919126 27.9327824881 27.5236427551 27.9918282241 27.692121651 28.1154864884 27.7603481691 27.5695442407 28.1720384264 28.0946546199 27.7486014868 27.5124940959 27.6177209006 27.5894783387 28.2016923112 27.6342892809 27.8020281021 27.7733473245 28.0960326955 27.611216762 27.644642353 28.1848251756 27.8873381645 28.0767589911 27.7105889995 27.5460672004 27.7594424087 27.5264121005 27.8338526086 27.5307405892 27.6157701012 27.780501619 28.0119943094 27.8394847371 28.1047734593 27.8581019247 27.8589718985 27.947998494
0 0 0 0 0 0 0 0 0 28.0792618374 27.6887214329 28.1298882279 27.7328157351 28.0961488489 27.935110839 27.5510993417 27.946033164 28.0828867876 28.082538955 27.5296878056 27.5678706899 27.7971285738 27.9392273232 27.9343908659 27.7569872503 27.7346708737 27.5389114615 28.1848497143 27.941497572 27.7028918825 27.6066546681 27.9870236405 27.7582366677 27.8229165389 27.9953233624 28.0477004181 27.8988421943 27.6232354187 27.8658907809 28.027230568 27.7223866067 27.6249539264 27.5832762026 27.9883245979 28.1063005478 27.5143117649 27.6217821558 28.0691794709 28.191518349 27.5332868489 27.6229198634 28.1580041692 27.5746614828 27.9677880071 28.1036939961 27.5231567961 27.9065744944
0 0 0 0 0 0 0 0 0 0 27.8764267114 28.0463121499 27.5309157692 27.8907796962 28.0143476706 27.796340021 27.9440826517 27.7295847835 27.7093445368 27.8695532287 27.7564336791 27.6440145647 28.1779978769 27.7686002102 27.8538415805 28.0052700522 28.0203533195 27.6789641801 27.6880946606 27.7711274792 28.1037786218 27.6459092134 27.7236547082 27.9429288486 27.539953383 28.1176647239 27.6852742634 27.955046009 28.146784915 28.0600949012 28.1239923221 27.6035100826 27.8605362795 27.8219471084 27.6368668781 27.7200935706 28.0594560323 27.5461482895 28.0952104907 27.9543294262 27.5315598962 27.5095499908 27.9991607173 27.5192504555 27.8586485627 27.590282093 28.157880247
0 0 0 0 0 0 0 0 0 0 0 0 27.5938471493 27.7967868337 27.5449488139 27.9256379639 27.8668003518 27.9272757456 27.8374607619 27.735392893 28.1071873073 27.8367423653 28.1570995281 27.7201626691 27.6440728045 28.0475076763 27.9823088413 27.7454040047 28.012628499 27.9853076749 28.1025097541 27.6027662237 27.5435147614 27.7048590574 27.6183832803 28.1862787608 28.1432245017 27.7488973883 28.0295937209 27.8430375578 27.6118970718 27.7828621998 27.739222139 27.8329064454 27.802194404 27.7422397813 27.8623380457 27.930864144 28.0746009765 27.8878146581 27.5086419425 27.8068113909 27.8325753994 27.8944792701 27.6116800001 28.1717277043 28.0894019857
0 0 0 0 0 0 0 0 0 0 0 0 27.5274134289 27.9048983297 27.8288262381 28.0724975454 27.8499050116 28.087216937 28.0978167041 27.673770407 27.6469355552 27.9000092776 27.8392257532 28.0102031856 27.8215650834 27.5308422212 27.7961242685 27.5040982178 27.7023393762 28.1788650148 28.1208939485 27.5380974502 27.9431100995 27.9636204935 27.5247598953 27.9479469381 27.6892678125 27.6693724509 28.1717557381 27.9243196247 27.6584024465 27.9668688645 28.1812276514 28.1559917005 27.5566113367 27.8355479316 27.9713648365 27.5081860527 28.040745104 28.1847397122 27.6217319745 27.992918686 27.5661769704 28.0391386385 27.6105060727 27.7263452223 28.0226870948
0 0 0 0 0 0 0 0 0 0 0 0 28.0549109659 28.1270996875 27.6447904456 27.5464174948 27.9345051276 27.6147749638 28.1102081309 28.1762432969 28.147417987 27.5978567443 27.8328506937 27.9847122781 27.7993499367 28.0215908505 27.8241774359 28.0626014801 28.0368520701 27.6080656788 27.6347755919 27.7970707836 28.174706056 27.6563686277 27.5767906343 27.6782615595 27.6720551594 27.718365315 27.6744570438 27.6612199654 27.8758662328 27.71583329 27.5789635509 27.7054109645 28.1867974916 27.529287078 28.1940194999 27.8136765263 28.0483361264 27.6689644778 27.7929823698 27.6195491905 28.0403871368 28.196780311 27.776355522 28.101308747 28.1972639019
