Spatial_Output/DEC/DEC_1148.asc
NCOLS 155
NROWS 192
XLLCORNER 196307.867259
YLLCORNER 449144.565805
CELLSIZE 33.573938
NODATA_VALUE NaN
[rows 104 to 129 of 192, columns 57 to 113 of 155]
27.7567312943 27.8765114578 28.0919139073 27.8059197291 28.1461188586 27.7192912654 27.92079753 27.7137277067 27.7982218253 28.0705326922 28.199521221 28.1349675097 28.0324886133 27.9173558473 27.5617579478 27.7103819414 27.8793721158 27.7948023044 27.8947859603 27.7984603284 27.882757039 27.9318004036 27.6999356084 27.7890024984 27.686416373 27.6669167059 27.6984024924 28.1428253191 28.1048530295 27.5981234338 27.7193462287 27.9806063133 27.7182394329 28.2032117089 27.7028162092 27.5373529083 28.0613525665 27.9587869771 28.1896274529 27.8443137075 28.0546576506 28.1511325793 27.6218702783 27.8821464819 27.7629287696 27.9372238484 27.953051896 27.749238633 28.1157354838 27.9372865346 27.7238211269 28.0770144666 27.7951453482 28.1244067179 27.5831756752 27.6080405056 27.8608489329
27.5383722408 27.8452529901 27.9822632642 27.837067901 27.5226803615 27.6955660206 27.9972783349 27.7248451506 27.808051186 28.004004848 27.9163436617 27.8936135096 27.5764089168 28.1566035962 28.0104588156 27.9208281269 28.0537054876 27.9793356417 28.1785460746 27.6582191822 27.8815990205 27.9367365149 28.151114507 28.1425966862 27.9671637353 27.5890537873 27.9059315143 28.0151287988 28.1976807755 27.9004063784 27.5027219262 27.802648265 28.0513793128 28.01554815 28.1073164238 27.5156273513 27.8130505232 27.9623527659 27.6433618568 27.5894567374 27.5872448044 27.9373655177 27.9657315289 27.578404267 28.0255836566 27.8061574681 27.9767149097 27.6485778144 27.771944582 27.6708243482 28.0763684097 27.7435688838 27.8029609701 28.0057002856 28.0705442742 28.1970799447 28.0335520533
27.663027684 27.8050597805 27.8059852121 27.9736919748 27.8948435751 27.5616216888 27.9731779939 27.6234738531 27.839625159 27.5430361654 27.9074344561 27.770901034 27.861033626 28.0636304752 27.84249178 27.51466458 27.6481716725 27.910306789 27.9473410651 28.0753948339 28.0595657705 27.7614120388 27.6271546703 28.1800348444 27.786320976 27.6942546253 27.5980793605 28.1013764589 28.2021717217 27.6439814773 27.9312635092 27.8777884224 27.6141129618 27.9718104853 27.9187055828 27.6325051729 27.7686019002 27.6382475499 28.1743644723 27.936530818 27.8492228018 27.5371430651 27.9441012205 27.9206049938 27.5351372021 28.1738634957 27.531208731 27.9344553301 27.8711796227 28.0410113808 27.9273916102 27.8351732685 27.6352137833 27.8762710514 27.9356483352 27.7467896138 28.1785429769
28.1344633929 27.8607454353 28.0741132479 28.1104286409 27.8164369491 27.6255668737 27.7428980671 28.1418450973 28.1649566902 27.6765477956 27.5712745818 27.6857649292 27.6682046881 27.7251844692 27.6480333368 27.6652301308 27.8830822202 27.6703941317 28.1401381463 28.2029152066 27.9101603587 27.5175325569 27.7495637478 27.8685101797 27.8873264972 28.0532600204 27.826011851 28.0532971261 27.5905925733 28.0956874784 27.8506029029 27.8917010315 27.8940241211 27.7964192546 27.9440835079 27.9782933933 28.1045648123 27.989507145 28.1750742523 27.9479050502 27.6814926966 27.5321645985 28.171828094 27.5476638133 27.6113563791 27.8284763426 27.5560893866 27.5175727038 28.0226436659 28.0084959252 28.1423305176 27.95292823 28.1223115545 27.952676293 27.5365069613 27.9383227103 28.1272315226
28.1883133363 28.0338184293 27.7763507865 27.8242741641 27.9791683856 27.969290852 27.6595321992 28.0827791102 28.114313153 28.1400634912 28.0704070505 27.6297430338 27.8153130723 28.1416148029 27.9601013533 28.0659989051 28.1967606747 28.161191805 27.764031008 27.6650658334 27.5281387049 27.9825277789 28.1124788211 28.1080642175 27.7645567466 28.1864839982 27.7317931271 27.8003369879 27.5927411498 28.0851654258 28.0881367377 28.1633405719 27.948010649 27.586947044 27.5448558436 28.1787207141 27.5758825425 28.1881756571 28.0110855476 28.1747952625 27.5848531024 27.5982238983 28.1408025543 28.0380989832 28.1386972825 27.7223813102 28.0816805252 27.6300248283 27.7963615775 27.5409392687 28.1799516062 27.5571113248 28.0039633503 27.866109948 28.0335416742 27.8755829592 27.7234415757
27.8072758087 28.0476794732 28.1541193093 27.7032094582 27.866180161 27.5065121495 27.6177082198 27.9177175718 28.124276519 27.7663806357 27.5628903525 27.9329623279 27.7463363555 27.8481586772 27.5093669134 27.9977276711 28.0084284664 27.8699914068 27.9584826763 27.9437021164 28.0530598431 27.6659220948 28.0472635129 27.8888494107 27.7900402122 27.5058138271 27.791569368 27.5853962951 27.6186485945 27.5353286673 28.0643945405 27.9757557569 27.9132488411 27.6828156663 27.7811606502 27.897241297 27.52734917 28.1476280879 27.6983736101 27.5008161077 28.1196840035 28.2031103347 27.7091309666 27.7343247904 28.0857758537 27.5194774037 27.6428793363 27.757985801 27.9444181883 28.1912042243 28.0230126293 28.088274783 27.6862954989 27.9530440828 27.8245149401 27.9903584946 28.0564184202
28.1717339315 27.6983493169 27.7604691237 28.1085332063 27.8648414775 28.0046086078 27.7153280547 27.6493317782 28.0540508141 27.9525803116 27.6105076148 28.0934750234 27.9216353295 28.1007397848 27.7091163167 28.099086607 27.5303636054 27.8210536711 28.0893264012 28.0129353242 27.6506077727 27.9317932103 27.5222899767 27.7731060006 27.7055455236 28.0034727719 28.154315968 27.9410484152 28.1917735964 28.079659427 28.1370400471 28.0671264278 27.847648511 28.09375449 27.5441328397 27.5896136776 28.1212877364 27.6194025218 27.8646223554 27.6406794367 27.6376989773 27.9247287886 28.1614676403 27.7359661218 28.0111397492 28.0741425589 28.189670067 27.6255305578 27.8680569519 27.6226720675 28.1613156407 27.6195600275 27.6667849585 28.0981810581 27.8832893088 27.5024480541 27.8872751961
27.9047637761 27.5281567204 27.9166900539 27.5913267509 27.9470580124 28.0929323115 28.1774020708 27.53464474 28.0836814013 27.9199481519 27.5211544937 28.130745949 28.1157479696 27.5011071553 27.9675409338 28.1856655773 27.9727308773 27.9411935878 28.1997810432 28.1856083133 27.967397649 27.7190233156 28.1753851775 27.5306181857 28.099019919 27.6988929218 27.6399439263 27.8588061385 27.5106280919 27.9716363132 28.0275856258 27.5450901762 28.1683175504 27.8645245268 27.9534709505 28.0875551035 27.7576140669 27.9780036042 27.5675093682 28.0766527632 27.6413371724 27.7701416747 27.6818473404 27.8764190596 28.1440687175 28.1201905726 27.9296592321 28.1608436577 27.6523436981 27.9606589139 28.1076064263 28.056738113 27.8799230786 27.5875582203 27.9861727548 27.7580504085 27.8839461003
27.7341081493 27.8199536184 28.1408575593 28.0938703186 27.8367539769 27.6239029479 27.5192003298 28.0797054869 27.785384255 28.0997231709 27.7838918143 27.5146716474 27.8610948775 28.0431623093 27.5982586784 27.8182003155 28.094798561 27.6892338614 28.1807111451 27.7301846967 27.7832129586 27.9556108083 27.8432917881 27.8684162537 27.9241126285 27.558451889 27.7819889358 27.8517817673 28.1639079556 27.7362355723 27.9443909255 27.8156484353 27.9100666155 28.0743308556 27.8334708968 27.5997016714 27.9759662163 28.140149168 28.0998076072 28.0336589221 28.0740317218 27.7699155525 28.0100051375 27.5642695634 27.6180702546 27.9327004887 27.8855247007 27.7277367674 27.6660718004 27.7793770721 28.0280508036 27.6415322418 27.6876207768 27.7861827778 27.7678877249 27.8503049625 27.9409875872
27.9427210087 28.0909703002 27.903757712 27.5651800381 27.8923295725 27.5377454001 27.9271911803 27.8668803482 27.5157245653 27.6644492078 28.0238141223 27.7204124103 28.1898767946 27.5063216735 28.0510384125 27.9497915039 28.0654278456 28.1508381255 28.0490313948 27.5985769584 28.1170276643 27.8242114625 27.9142564697 27.7953964551 27.7264909848 28.0257271157 28.1194820644 27.9620483124 27.7335616623 28.1517609892 27.9636636932 27.5305831616 28.0137881345 28.166279527 28.1175527868 27.5463354775 27.9952656625 27.6156195132 27.9386545822 27.6900921343 27.6937857797 27.9133798633 28.1507027337 27.5106054556 27.8556478976 28.0700830387 27.5052016063 27.8713178862 28.0823528895 27.8096573364 27.9466672606 27.5617856149 27.5678396279 27.7867301953 28.1351774063 28.0553130227 27.7220743062
27.838269039 27.737671057 28.1497088505 27.5249232367 27.7301378365 27.8874090574 28.1246160941 27.8948090302 27.5306356771 28.1478108504 28.1106408865 28.1823548963 27.6327763694 27.8924130124 27.7693678181 27.7760885912 28.0747830391 28.1623536793 27.5958289336 28.0594096761 28.1867208126 28.1503469804 28.0154201223 27.9531343949 28.0617025278 27.9492656086 27.5318202005 28.0002433664 27.7683022218 28.0912118113 27.8935374432 27.7975076156 28.2007017887 27.8013896188 27.9393127516 27.7623572923 27.7816997142 27.9770598218 27.6792512852 27.5326287128 28.1555690786 28.0070747618 27.8222577001 27.7689737162 27.972264884 28.0736458717 28.2043188638 27.520343969 27.9321132086 27.7125140562 28.093329668 27.6749470059 27.6570032085 28.1962279154 28.1489489045 28.2006659176 27.7473204578
27.5459544181 28.1136606684 27.6531264979 27.9383894698 27.9393539147 27.7216597981 27.7616377888 27.9010767225 28.1678284743 27.7407359957 28.0000687078 27.7875564965 27.5684343699 28.174695363 27.6944079136 28.0813082621 27.8252278311 27.9475308974 27.897262271 27.5270355505 27.8905357018 28.1450543303 28.0349222646 28.0669695415 27.5500550565 27.9162111021 27.9193297016 27.7663167918 27.7340182695 27.6258876197 28.0868147957 28.1401632605 28.0580311599 27.6860547597 27.5804387941 28.0628728428 27.66527015 28.0630825251 27.7922075035 27.5928995778 27.8305999441 27.7858520201 27.7092768007 27.5835688268 28.2058888084 27.8531461847 28.1584333723 28.148134086 28.0727993984 28.1957151136 27.5116258526 28.030010076 27.5845292178 28.1872348164 28.0717663293 27.6454981037 27.6831574366
27.8508566074 28.0344468307 28.1173279448 27.6856660136 27.7772010176 27.5037458343 27.627857619 27.7764726539 27.9942520685 28.0642694033 27.5616005771 27.6693376795 27.9841994768 27.6508069557 28.167372097 27.6949138192 27.8608982665 27.6499850144 27.7091009756 27.9145517914 27.5418721897 27.7890470375 28.0848459831 27.7237549412 28.144240414 27.9335236363 28.1553722843 27.5486618953 27.8828430846 27.8598082094 27.8938952372 27.7184839915 27.9303691123 28.1164967991 27.753107215 27.9305872613 27.9151248336 27.7289274655 28.1173925187 27.9416878369 28.1148677132 28.073618029 28.1959941564 28.1503631747 28.0099528321 27.8216766426 28.02573735 28.1308514502 27.59323604 27.9569827176 28.1359347469 27.9062258458 28.0525157955 27.8922493429 27.7730971938 27.9194746932 27.7134917477
27.6925885271 27.5788507014 27.6269289849 27.6760837346 27.8058198465 27.7684648132 28.0592380608 27.9861161498 27.6354916754 27.8164022202 27.7433875875 27.8571424358 27.8215367742 27.8052770275 28.1649883005 28.106262513 28.0082196956 27.9223076775 27.7586020382 27.6851889546 27.5080929696 28.1208359146 27.681851062 27.7371488676 27.5361065382 28.0755548241 27.8798043303 27.6478643338 27.9654346488 28.1831573909 27.5323460464 27.6987630818 27.6839929608 27.5645893805 27.9499080263 27.852454611 27.909418063 28.1344934668 27.839482976 27.531674756 28.0584534179 27.9484809201 28.1506775613 27.5383458355 27.5018437849 27.813694452 27.867064637 27.9394071909 27.8476273835 28.0792177743 27.9878848177 27.6054979216 27.8396896119 28.0555178387 28.1045101135 27.767309675 27.5661210926
27.9341326936 27.9236582309 27.8136559932 28.1097585231 27.9215733491 27.754122238 27.6472552521 27.5761908789 27.8544938155 27.5488623756 28.0791590566 28.1400006866 27.5661239413 27.9533829169 27.9739455291 28.0705202648 27.9122426992 28.1695788398 27.8422311454 27.5287181289 27.8431047852 28.1282520338 27.9564656207 27.9599836268 27.6071846259 27.6379485541 28.1365212948 27.6020090139 28.1504213171 27.9665847335 27.8372364063 27.9771194647 28.0615046632 27.6261780095 27.6316674646 27.7758819485 28.1223439009 28.0199409654 27.8202361848 27.7413579955 27.9264272591 27.9394047049 27.7942102396 27.9242126526 28.0894772169 27.6557108835 27.8085408994 27.7720019794 27.9259886509 28.0537405863 28.1452062834 27.9562595911 28.1851878264 27.7061995284 27.5788103163 27.6869224652 27.5070821727
27.8452367312 27.9882789106 28.0172804968 28.1773141557 27.8320225807 27.5111019342 27.804598351 27.5267365376 28.1625576052 27.6003994525 28.0645955902 28.1934676559 28.1549914292 27.8438807406 27.8982531497 27.8326525733 27.6589792526 27.9307590543 27.8747471764 27.911181652 27.7906078546 28.0858544944 27.8302324908 28.1587932428 27.7078064599 27.5419237666 28.1281693056 28.0835175253 27.693634195 27.5842350006 28.1923773537 28.0449725045 27.9211051218 27.9721744723 27.6873357939 27.6109503787 27.5412283041 28.0506966825 27.7210214521 27.9019451953 28.1027533181 27.9629587983 27.9212481254 28.1267769909 27.8716545106 27.5342470522 27.515236323 28.1607579863 27.6048674424 27.7673817145 27.5664409376 28.1299640147 28.1213410311 27.9018391753 27.706313833 28.0029768999 28.1699698266
27.8079833856 27.9186564616 27.6368792877 27.8914106608 28.2054752374 27.5525312329 28.1338245258 27.9892950649 27.8508556867 27.8774102167 27.7778867068 27.8575084437 27.8661060624 27.8361156221 28.0400977579 28.1207623316 27.6227428719 28.0652976031 27.7953486516 27.9691505267 28.0204245737 27.989957409 27.9922937471 27.9772794303 27.8463036551 27.7462250459 27.8172066845 27.8416711568 28.1417733804 27.5666748375 27.8418892575 28.0183684385 27.8313765394 27.9027220174 28.0109033131 27.5637819193 27.8876153126 27.7943440271 28.1447909176 27.5998380848 27.5245490856 27.9803400606 27.5227742914 27.8894442989 27.637261686 27.8393173214 27.5215508127 28.1120336976 28.0338969616 27.6246644931 27.7477305072 27.5802224344 27.594864718 27.6947940725 27.9574276647 28.0109430476 27.7140038995
27.6058680458 28.0350916143 27.6166329626 27.6699316896 27.5705505568 27.8954210924 27.8239049731 27.8455870578 28.0088206872 28.060532767 27.7469347976 27.8894119731 27.7704048579 27.6337721275 27.8609379853 27.515263643 27.8945242283 28.1511957348 27.6661201885 27.8254590236 27.5743740941 27.5768323389 28.1791505778 28.1587268404 27.7320079302 27.6210568577 27.5186438827 27.5855424921 27.8654272276 28.0146571607 27.9920598889 27.708845601 27.9992178024 27.934178885 28.0896680495 27.8167152651 27.9621887807 27.6538157477 27.7979221243 27.5005390436 27.6052833366 28.1885573033 28.0209178224 27.6946225755 28.1316979018 27.7157969615 27.6235803103 27.6324491165 28.0267714081 27.725644405 27.6253874151 27.7399125879 27.5131013532 27.9113369584 27.8663716284 28.1579697252 27.8804563103
27.8530162788 28.1423933619 28.204505846 27.9497691113 27.6684080383 27.7394084755 27.552649854 28.1403738582 27.8233830698 27.8665605183 27.8957935939 27.8509677019 27.6584514657 27.7859399279 28.1407611535 27.815567062 27.8887175461 27.6438785749 27.7967210523 27.9986237762 27.5038085701 27.591573592 28.1569641544 28.0089236719 27.791974106 27.635836123 27.5373154878 27.544272903 27.7193335726 27.7017592947 27.9338910705 27.8301670794 28.0737723325 27.5417433661 27.6391537614 27.7961742584 27.7220420795 28.0294959352 27.8290905438 28.0199113145 27.9905066174 28.0130437967 27.7883227016 27.5891668223 28.0282750404 27.9438034912 27.8898671028 28.1782193899 27.6857966328 27.9548848553 27.6256015339 28.1590853287 27.850441948 27.750288577 28.0512380306 27.8169449061 27.6004612967
27.6397734715 28.059566211 27.5250375295 27.531338795 28.1061073071 28.0167740985 27.9330366353 27.964090754 27.9152396088 28.1546329657 27.7601406362 28.0756919258 27.5266749407 27.8830279758 27.8236657913 27.5774040224 27.9142827787 27.852537963 27.8582114232 27.5725108364 28.0775324093 28.1237653607 27.9125613671 27.5086952248 27.9718201523 28.1825331355 27.9477738434 27.504237225 27.5304613972 27.8114664471 28.1343144023 27.9923588374 28.0348984505 28.0089027521 28.0811235094 27.747034074 27.8040660527 27.940883996 27.5538452374 27.8823529334 27.5744638793 27.8458027469 27.6185657038 28.1107640176 27.8846367203 28.2035455375 27.7915827413 27.5306139061 27.699538582 28.0694101531 27.567967141 27.5401371615 27.9391728607 28.068664391 27.9912439667 27.6031130609 27.6342310306
27.9843976233 27.7112039792 28.0228202053 27.9995237137 28.011430591 28.0865788288 27.8969818236 28.1877742702 27.7299896512 28.0013762285 28.1793922641 27.6081876562 27.7989347796 28.1057843875 27.6876496279 28.1990115829 27.7763334949 27.9258441829 28.0375185473 27.728027619 28.1143251337 28.0027414488 28.0768149748 28.1216003786 27.5981078252 27.688292736 27.8440258923 27.9529328952 27.6405985597 28.0412831249 27.5427525898 28.1279142422 28.0881986031 28.0408998164 28.0013132891 28.0865655121 27.9734760154 27.6987480492 27.5228529407 27.8957973856 27.9442071358 27.8594495812 27.6723449075 27.9049124489 27.6412602268 27.7825340794 28.050408808 27.5497664057 28.1630275592 27.9959719554 27.9297679297 27.8387742241 28.1289439295 27.5683621897 27.5819872761 27.5161072494 27.6404946686
27.9247962891 27.6257854446 27.8512896869 27.9779393869 28.0865158975 27.8222359726 27.8715889508 27.9848301763 27.6161666541 28.0291525567 27.7279346787 28.0904000833 27.8871675289 27.622509219 28.1026203537 27.5555196939 27.727620443 28.115982833 27.8200642784 28.1252035471 28.1884567137 27.7342624672 27.8339537804 28.0519803885 27.8165082095 28.1807952433 28.1003202169 27.5214167544 27.746647075 28.1528373079 28.153845614 27.8534599856 28.079638874 27.5519341844 27.9306752857 28.0715384956 27.7467652479 27.7498704279 28.074817703 28.1848741757 27.5627786703 28.0643353143 28.0070492013 28.2027424954 27.8179563207 27.6786625742 28.0111622713 27.9973012778 27.8667172636 28.1538819104 27.8822369285 28.0047208608 28.1807181416 27.8041548226 27.8653213219 27.5245518981 27.6894061416
27.616690423 27.6970040409 27.9470424721 27.7342866372 28.1478718238 27.526904967 28.1394611142 28.1368827458 27.5574207393 27.9016181882 28.0715700307 27.5901962627 27.8821847935 28.1547935169 28.0112670272 27.5899297523 27.6867154391 28.1050917886 27.751702894 27.5510198543 28.1299505645 27.6232579418 27.6512108159 27.6153562022 27.5955196942 28.0995149013 28.0650097742 28.0855149952 27.833022615 28.0704169336 27.9386339558 27.934871814 27.7269721819 27.6000352389 27.7875015698 28.160092189 28.1806469077 27.8705656735 28.1523930573 27.7850184664 28.1146610644 28.0569643919 27.505454034 28.1794635184 28.0148866727 28.1049796041 27.8665477121 28.1269726343 27.882784978 28.0620876278 28.022493022 27.9288400904 27.6204178251 27.7936188329 27.7301921689 27.5437493589 27.6322559215
27.595064621 27.7196408855 27.7712744588 28.2000465269 28.0880639613 27.7306627663 27.8016964422 27.6155552007 27.8749094316 27.516907276 27.9203715434 28.2069286634 27.9851341896 27.9474073363 27.7630276556 27.9565224411 28.1894567622 28.0797371808 28.1260319219 27.8414054892 27.6807350997 27.5812831387 27.5591626458 28.1148390466 27.707919311 27.5535281611 28.1712469717 28.160284222 27.8221217916 28.0934688689 27.9960950278 27.9839364606 27.6599063212 28.1513798602 27.7373813615 27.6028359264 27.6926895338 27.8272383677 27.6977823139 27.899682975 27.7513902397 28.0404936732 28.1893298505 27.8474422807 27.6579744598 28.0595161567 27.5014446319 27.7735893443 28.1894920794 27.5830474262 28.0142734279 27.7904913852 28.1847719067 28.1976911929 27.9261680321 28.1022560851 28.0843150569
27.9165796688 27.7797527587 28.1851025554 27.6341564395 28.1007478423 28.1814457614 27.5245841903 28.1522623455 28.1170576974 27.7999531095 27.7774152354 27.5619926038 28.1706676103 28.1488765979 27.8296070405 27.8369627128 28.1946558727 28.0989578856 27.7679798059 27.8448978971 27.6161846837 28.0220336526 27.6462355625 27.5178631788 27.9068474866 27.5595327731 28.1522164811 27.6225747844 28.0947542172 27.5254526103 28.1388927775 28.1422076189 28.0941128964 27.8112999546 27.6860824501 27.5623891145 27.60752396 27.7977550925 27.8658450194 27.9120049796 27.5464851028 28.0432900418 27.7049557752 27.8975097213 27.983196849 27.5205095465 27.7425405359 27.9877173077 27.5018119489 27.5686148613 28.1800635364 28.1927111759 28.0441818309 28.0043433121 27.6267953974 27.9587357262 27.9426485846
27.5142561491 27.5550568989 27.5519833348 27.9012832977 27.8199201959 27.758731504 27.5892814821 27.6933677637 27.7661445599 27.6911371363 27.6966332447 28.0531173077 27.9607349121 27.5024951798 27.8925800557 28.194974087 28.0769721269 28.1869233906 27.9164496817 27.8216515536 27.6028808073 27.9308439434 27.8919001873 27.765473106 27.7262792857 27.7883642982 28.0525624087 27.6775587 27.656063195 27.8065901528 28.1323234817 27.9645907392 27.9941982345 27.5925773695 28.0065660906 28.1869494316 27.5210452947 27.5952151458 27.9829062419 28.0373372119 27.7330395631 28.1965604365 27.9711011011 27.9159062443 27.5698723742 27.976206898 28.014074183 27.6359886523 27.7423585698 27.925778943 27.8189069018 27.7699975385 27.6602112074 28.0899753849 27.6383844636 27.7638314098 27.5061055146
