Spatial_Output/DEC/DEC_1080.asc
NCOLS 155
NROWS 192
XLLCORNER 196307.867259
YLLCORNER 449144.565805
CELLSIZE 33.573938
NODATA_VALUE NaN
[rows 130 to 155 of 192, columns 57 to 113 of 155]
22.7448042556 23.1250132386 22.9944978079 22.7708000826 22.9429648876 22.8949647422 22.8595736454 23.1749698747 22.5612843615 23.068289531 22.6750848155 22.6680923126 22.9303241828 22.8013035483 22.7485381369 22.8565982337 22.849846297 22.5973222328 22.8723905604 22.7647472623 22.5757293711 22.6294295271 23.004677997 22.625494162 23.1509538943 22.6552753356 22.6517262093 23.0699470396 22.8334032256 23.0514667394 22.9336610092 22.7288438594 23.1288381166 22.7601451284 23.0451973771 22.629297808 22.5294451488 22.8610093501 22.9166539001 22.9633844815 22.5970436543 22.5292010478 22.9340159934 23.0103680261 22.5109831311 23.1291933142 23.1548833858 22.5376177866 22.7789453766 22.7720358828 23.0394275808 22.7276504523 22.9409116245 22.5346977385 22.5246624783 23.1461109015 22.8254505598
22.7627671799 22.9992572603 23.1007974898 22.5266785377 22.586408102 23.0095058823 22.5038324512 23.1856596621 22.7227923392 22.6459536782 22.7456329675 22.8168317952 22.9314078062 22.6157659933 23.0077464643 23.1818182512 22.6368523325 22.6067470922 22.5642840076 22.8692148525 23.0059842188 23.0114327717 22.818423055 23.1051293693 22.8464655056 23.140527982 22.8825790369 23.1238480717 22.6385012866 22.9869941542 22.8302602501 22.9214290983 23.0002402878 22.9517016645 22.6475075039 22.5933116186 23.1299729745 22.8558162519 23.1133592626 22.9060098961 23.0482583884 23.2000245213 23.0722947799 22.9808440815 22.6943082094 23.1631474445 22.5793859933 22.5349830672 22.5653204735 22.7512045793 22.6701457848 22.5849158415 22.8556862977 22.8119678189 22.9227243068 22.5782760103 23.1121128423
22.925001064 23.1352266724 23.0296198832 22.5319527813 22.7215626146 22.5590605715 22.5277058803 22.8781261971 23.1473193791 22.5454291469 22.6316689787 22.5079717668 23.1665238366 22.9768746783 22.5806042513 22.8940370889 22.79140196 22.7946304085 22.5634537716 22.6375321636 22.7152251533 23.1375034365 22.6629008908 22.8324251767 22.9294237647 22.8857991858 22.8335308123 23.1318145117 22.6721776814 23.0216164911 23.0624364705 22.9677438262 23.0379008263 22.9991900775 22.7866178028 23.0184341948 22.9271364898 23.0904243734 22.5592894159 22.971022231 22.8557427149 23.1388352669 22.9677244886 23.1238135341 22.9708884867 23.0501625901 23.0868096617 23.0718507141 23.0614538606 23.1147715541 22.9012941199 22.9692108651 23.0402192722 23.1360467512 23.1136199237 22.5912679249 22.6288494157
22.5209341304 22.699345306 23.190431325 22.6954130031 23.0715934246 22.7548891082 22.824370367 22.6779030163 22.5681380538 22.5254208958 23.0883863718 23.0738240518 22.6105292727 23.1002226967 22.9965574301 23.0139510496 22.9618091961 23.057239461 22.7554664034 23.1286349931 22.6417003085 22.922421946 23.011927744 22.9278054455 23.0224135179 22.6344266925 22.5656473984 22.6731422206 23.1761926676 23.1632616786 22.8450130379 22.9827084962 22.5375152997 22.7655936188 23.0608284515 23.1545694422 22.6139421117 22.7997732092 22.5524153597 23.1471253786 23.0868570916 22.8240290219 23.1941629375 22.6145948038 22.8269754119 22.908882917 22.6160545668 22.7702563529 22.5879410529 23.125053503 23.0712153048 22.978002071 22.895579351 22.9471187408 23.0770883542 22.8558334363 22.6359831686
22.5263277165 22.7075614302 22.8634901057 22.5253967552 22.5317816775 22.674698764 22.5512750612 22.5195299985 22.7699696377 22.8800561266 23.0748185789 22.7498064431 23.1477530071 22.6369047697 22.9129396764 22.5424253285 22.7111923367 22.8515885044 22.606476067 22.6291247856 23.1895355447 23.1825056308 23.1272199993 22.9710169601 22.8093880052 22.763918325 22.8845479683 22.7777376377 22.854840107 22.5767854601 22.6007665169 22.8133820672 23.0204114422 22.5274068598 23.0919104491 22.6276916442 22.7677064501 22.9268896735 22.8473776464 22.8584070867 23.0842012672 23.0701782623 22.9333481602 23.0579718669 22.7856048313 23.1173989197 22.52071666 23.1833009842 22.577591882 22.6681029341 22.6942362624 22.5177269105 23.2016245197 23.1482895568 22.7272260385 23.0687353758 22.7759994958
22.6507262379 22.5771211804 22.537471694 22.5132955538 22.6484463753 22.8895264868 22.9395836244 22.8487528933 22.6054808505 23.0872994403 22.855469559 23.1036369918 22.5370234639 22.7824827965 22.8037310646 22.9182442816 23.1223370488 23.1208669673 22.8769952449 22.6546716028 22.9024348045 22.7489720072 22.5375203623 22.8567590173 22.6195727741 22.8031083722 23.0832726725 22.5808635971 23.0525405075 22.9232524498 23.1828853337 22.5432900497 23.0319146925 22.693522252 23.1775492452 22.5422215653 22.8737532065 22.763682018 22.8950668453 22.6298822969 22.8032403124 23.0214247345 22.5474204181 22.5334999252 22.7424733806 23.0254318385 23.1847901397 22.6245048884 22.8677031484 23.1634946442 22.8068899061 22.6337016656 23.0708834081 22.8380106259 22.9794041864 22.933442733 23.1563422629
23.0630281115 22.9279609463 22.7996713794 22.7941221377 23.1424776871 23.1716722462 22.7014279821 22.7115511506 22.8930409405 23.1416508795 22.8692255736 22.8486296006 22.5918270789 22.8556827572 22.8815734733 22.9376856613 23.0815170256 23.1735508964 22.7391403185 22.7441049513 22.8015673298 22.614080601 22.9313321741 22.6890099475 22.668960707 22.9278630564 22.8311533974 22.556993632 22.817046873 22.7225637926 22.8200924396 23.1635848605 22.7922144592 22.8648092195 22.5341454337 22.5675484945 22.6472719931 22.9765485596 23.1937429617 22.5962169424 23.1727898 22.8039397035 23.1149939072 22.8122443609 22.6253532711 23.1543127014 22.500961403 23.1608483705 23.2028219398 22.5819224016 22.5971015589 22.9611942738 22.527904064 22.8330107473 22.9526489206 23.1383951083 22.8377006397
22.9266689189 22.6013425039 22.6978025514 22.9212979237 22.5351097623 23.0234157064 22.7028306687 22.5325291347 22.8418342097 23.0627218046 23.1184664789 22.6158830076 23.0260626153 23.0942787603 23.1796280661 23.1849287706 23.1526054346 22.9697553507 22.6301286911 22.5041378527 22.5974585938 23.1637502866 23.119109698 22.97291788 22.8630263949 22.8346855659 23.1247560414 22.8543411434 22.8192586864 22.6841126794 22.8319240781 23.0466795066 23.0724490029 22.9580255432 22.5109022751 23.1084314624 22.5403914404 23.0470040104 23.0683596991 22.8083678952 22.6628420465 22.5011917833 23.1211299228 23.0645710579 22.667484642 23.0639989217 23.1499555791 23.0842284918 22.8897329452 22.9224802502 22.5015161195 22.503686257 22.8838425488 22.6458563012 23.1008315697 22.9717914206 23.1839903528
23.0988015358 22.6201939111 23.1312395246 22.599977468 22.5991112588 22.5568513944 23.1206215551 22.669074283 22.7633217979 23.1734800088 22.6196357169 22.8916998572 22.8272492623 23.1960003502 22.7835894759 23.1012751962 22.9384897425 23.1290505523 22.9262931568 23.1291193401 23.0727318897 22.65280383 22.773148305 22.5042902087 22.6441782924 22.978722859 22.9008888313 22.6199033919 22.627541992 22.9389394873 22.7957281415 22.7361998355 23.1531025185 23.059874669 22.9992783217 22.8690729137 22.7244659979 22.9304833177 23.0705607815 22.6956814339 22.8388099347 23.0381120823 23.1433296235 22.9272742855 23.1283558307 23.0448520484 23.0631303301 22.5577342321 23.1191130395 23.0136122728 23.0619908496 22.6432239275 22.8114374877 22.9007036549 22.7287584471 22.8530445339 23.1791663592
22.913351051 22.5739528474 22.7910959055 22.9737845117 22.6945522491 22.8453662747 23.046439207 23.1185331199 22.7086825192 22.954762265 23.1945692355 23.1987326004 23.0696169634 22.7619727628 22.9431375059 23.0311839816 22.9983903632 22.9768297464 22.6525140868 22.5198095819 23.0547477681 23.1403510892 22.9538367035 22.7530939718 22.9212272085 22.7711223544 22.5918271993 22.6225109192 22.6767231249 22.5176524647 22.6650076057 23.0630659697 22.5749178629 22.9180954211 23.0309365758 22.9033516172 23.19436953 22.9833417078 22.5173256413 22.7443368794 23.0079415034 22.721565928 22.8690237986 22.8328245902 22.6984103876 22.5755054373 22.5680882535 23.1740456794 22.9446833764 23.0667915532 22.535017314 22.776013396 22.5848773991 22.7571682115 22.8514961919 22.6485647865 23.04883522
23.082827284 23.1062770888 22.8974456824 22.7757530893 22.9980212648 22.7084881189 22.8357730482 23.1478430684 23.1649657505 22.5864899261 23.0253185156 22.8748128191 22.7505523681 22.7257775613 23.168624049 22.7577754899 22.7743098625 22.9569778775 23.1154176015 23.0356403272 22.932102188 22.598085627 22.9990856936 22.719714426 22.730291054 22.6897996694 22.922765925 22.7199592137 22.9466108596 23.0905838519 22.9740688717 23.0754899095 22.8516137807 22.7894579402 22.9042499601 22.9483605737 22.5392148942 22.8398661699 22.8084713999 23.0219208045 22.8736680789 22.9203862733 22.9066645688 23.1274806142 22.9313045791 22.6895147264 22.9910607121 23.1846405139 22.5217377114 23.0553746311 22.591059058 22.7046576952 22.6389449917 22.9120731532 23.0301506494 22.6791216004 22.9773078691
22.6104697911 22.8047290784 22.8851952991 23.163031172 22.8450443848 23.1644911535 23.19855207 22.885940373 23.0639059396 22.5106344327 22.9294156275 22.8539677034 22.6408818775 22.9792562943 22.7232381027 22.7712396074 23.0786027015 22.5735578676 22.7676373024 23.1020673618 22.6126703826 22.9929865801 22.9585722779 22.8530844474 22.5764003937 22.6696723305 22.508815758 22.5790279183 22.5804161185 23.1793712582 22.5230394664 23.0051497701 22.8694267152 22.9863743408 22.9537430741 22.8429836216 23.1804803894 22.6391281626 22.7787744246 23.1846861424 22.6683724119 22.8571193242 23.0584470092 22.5401045612 23.1852209922 22.6741741193 22.724767811 22.8139898661 23.1745915533 22.6805342273 22.9790597562 22.622878698 23.155215531 22.5989905869 22.7814156978 22.7691579012 23.0728364867
22.8661900405 23.0551171788 23.1679330885 22.5237296591 22.5536329145 23.1822109508 22.9693618689 22.873220724 22.7522279333 22.724156527 23.1939124803 22.7996409536 22.5975625323 22.6662762173 22.9286593369 23.0515085413 23.1742625823 23.027650655 22.535654894 23.0849150514 22.6543976916 22.6976022171 23.1392421824 22.6435855714 23.156535372 22.6487449099 23.0579251576 22.7441751198 22.9038939542 23.1617156982 22.6064622798 22.8661055059 22.7322268776 22.645414233 22.7927397056 23.1017960913 22.5945590627 22.9966160574 22.9795856329 22.5815145132 22.5236909289 22.8401763932 22.5556571999 22.9251829293 22.8312455401 22.7058136475 22.5237804308 22.8114625459 22.8928298324 23.1372678941 22.5698204609 23.1338122971 22.8278918368 22.6860164158 22.9374894389 23.1785889477 22.5184714327
22.81655579 22.982849451 22.5964966507 22.9617645465 22.7869633513 22.6283357065 22.7332355146 23.1015850026 22.5994634297 22.5440299522 22.60198645 22.9333412787 23.0743504918 23.0674526637 23.0327805018 22.8300432792 23.1616908546 22.6298590342 22.5535807464 22.7082978885 22.5119115814 22.6082252628 23.1349719547 22.9701683542 22.6034301963 22.849101852 22.6695366039 23.0200743269 23.105993529 22.8063269242 23.1902684714 23.0203292351 22.9022233824 22.6974138424 22.6947560379 22.9962463302 22.7404847314 22.6715121673 22.7724753255 22.6552444026 22.838679009 23.0459712492 22.7845864792 23.0883258611 22.6612080202 22.7768796796 22.5208352993 23.0018550072 22.7949235466 22.7671484128 23.0694585931 23.0391168302 23.0137290159 22.7838925843 22.7984834294 23.0738460462 22.992632713
22.6527255897 22.6548445987 22.8517940661 22.9948449583 23.0038290224 22.6740477782 23.1633651651 23.0010047569 23.0127198102 22.772906202 22.9000799663 22.9716305936 22.8062207342 22.8469980645 23.1918196665 22.6654091573 22.5753456588 22.632198152 22.722731257 22.704461926 22.8907459858 22.7403074156 22.8499614314 23.0225607804 22.8800832339 23.1504072224 22.996041679 22.707303389 23.1089064695 22.5279356712 23.0332625582 22.9141671872 22.7262715876 22.8969501711 22.7074679077 22.6171281857 23.0968661518 23.1303026637 22.6490285621 23.0744817037 22.8520488046 22.5413494581 22.9728607214 22.6894567822 22.7613862751 22.5048355902 23.0283162269 23.0260992991 22.5304212777 22.9797293839 22.733700612 23.1634316618 22.9020650731 22.9057545125 22.6224966113 23.0522413082 23.1826258935
22.8423650553 22.5620194991 23.0802090013 22.6647060542 23.1576896665 23.0152722055 22.9808713459 22.664436093 22.5245276973 23.0614853436 22.9026896046 22.848755791 22.9942504321 22.7429461915 22.7555437759 22.9705216831 22.864040242 22.6123591814 22.6624313092 22.8197907758 22.7964047958 22.8014102917 22.7117705705 22.5035237407 22.5780116865 22.7581239695 22.6037107749 23.1305697522 22.5326168511 22.948242893 22.6649648663 22.7218788342 22.9602522741 23.2053107434 22.6454240119 22.9541767891 22.606464655 22.9281472038 22.7550473544 22.9680844405 22.9273741122 23.0344869148 22.880802639 22.5194373647 22.7327427669 22.7142266967 22.9730509288 22.8385100348 22.5297986495 22.8707944391 22.8346234093 22.9348840834 22.9628724945 23.0163030125 23.1899405868 22.9634841448 22.621934677
22.6343747713 22.6401011676 22.9412061965 22.5072359917 22.5263800883 23.1350555308 22.8996384176 23.1380725758 23.0610625812 23.1749018898 22.5735818721 23.0339006011 22.8493667717 22.7525349011 22.6074141597 22.9051515207 23.0786340753 22.8555263819 23.1370618294 22.9314115661 23.0214764786 23.1518734565 22.7737762637 22.7536732731 22.9930094946 23.1824518874 22.5436441818 22.774186981 22.6936926224 22.7247025041 23.1537061688 23.1609013465 22.9006240477 23.1547947027 22.645494008 22.8526023798 22.9090074804 22.6161674678 23.1480955638 23.1577289837 23.0834472059 22.7018068257 23.0029034138 22.8784573194 22.8730602235 22.8336128806 23.0065589871 23.1342768137 22.9380296809 22.6254368792 22.54192235 22.9153493447 22.5665247829 23.1772488944 22.6341418145 22.5259610925 22.9830062739
22.9864555553 23.1419361905 22.9740914172 22.6372135532 23.1645542975 22.9990594938 22.6263294685 22.9559148162 22.7252120771 23.1558049025 23.0794241955 22.588447867 22.665663678 22.6466434795 23.1415315478 22.9468311425 22.5659479081 22.8510204554 22.5751547909 22.7716880582 23.1556691416 23.0220612195 23.1454221915 22.8333916123 22.7869451354 22.9747066406 23.2030767765 22.6695972262 22.537972757 22.7908826571 22.8704001692 22.6678795904 22.6547013428 22.8110643552 23.1992860847 23.0803708873 22.8612010739 23.1943098642 23.1479636428 22.9341027287 22.5785086708 22.9222176648 23.1066164413 22.6222553904 22.7880900511 22.9752074015 22.8851255385 23.1392365119 22.8326644107 22.6841232679 22.884714351 22.5870618193 22.9298689739 23.0351897146 22.8382142088 22.5173641448 22.7955561526
22.8086234932 23.1535432011 22.6760655484 22.8658894589 23.0287153193 22.8740699957 22.6753644422 22.7843862125 23.0165178985 23.0895341065 23.1605164361 22.9526505674 23.0236469439 23.0713189569 23.0163363677 23.0840601138 22.9201730851 23.1791242624 22.966822893 22.9474773055 22.9351082478 23.1521302703 23.2045612321 22.6202190617 23.0447429095 22.6998884489 22.7849125396 22.7181655625 23.1156475071 23.1499097231 22.5806518791 22.5521698852 23.1922094061 22.7112027005 22.7277085242 22.5355455855 22.9264875267 23.1139244516 22.8134253328 22.8228640082 22.5209434415 22.6392354686 23.1707607156 23.1407821259 22.6113108091 23.0390821997 22.9635133769 22.5422744511 22.7813796064 22.8351323629 22.7609028214 22.9060824342 22.88033453 22.7075763566 22.7659626691 22.8340268984 23.0248888241
23.0517516621 23.0846696947 22.7154454315 23.0445737352 23.1981883137 22.8887902267 23.165139215 22.8864191593 23.0895571769 22.8195326423 22.9261369094 23.0753396277 23.0177995679 22.6381780873 22.7905464713 22.502085348 23.0418858124 23.1653583439 22.8718192856 22.5704360184 22.5956504931 22.8560399695 23.0022476801 22.8343733662 22.7199178397 22.7720625982 22.7372401431 22.5508919783 23.1526310566 22.6301853055 22.5400828325 23.180255638 22.9081283726 22.6136210789 22.5405178357 23.2041407496 23.1926629863 22.7936929293 23.0009921877 22.9551817285 22.5033609941 23.019189379 23.0209251354 22.5180838227 22.8420193765 22.7571613904 22.8717733744 23.0270284174 22.9195465523 22.6545852209 22.5718688953 23.1837942469 22.8858730103 22.7091595037 22.5430233937 22.9479738896 22.6849848612
23.0443461154 22.6674032103 22.5611647161 23.0213304113 22.7964009241 22.9881191472 22.9151785196 23.1598324167 12.6652521406 19.400517696 24.4572271851 22.7109923497 22.6658277543 23.171509863 22.9630251304 22.6386295162 23.0677144347 22.5859119274 22.6529449654 22.8847019453 22.7154271216 23.1955608992 23.1327949696 22.5515103778 22.6599170486 23.120109556 23.0287354968 23.0944209837 23.1608507235 23.0276439065 23.0205680601 22.7277062044 23.062061144 23.020768771 22.903084378 23.1092048865 23.1477409717 23.0018522284 23.0482054912 22.7527663646 22.8164566 23.1478090884 22.9664298958 22.6306498285 23.0962694544 23.005270075 23.0457194706 22.6764147579 22.9404457706 22.6951994387 23.1661042038 22.8303559985 22.9970581914 22.8144129847 23.0272090686 23.1679708719 23.0601885965
0 22.873721192 22.963433371 22.5584424747 23.15845557 22.9618750751 23.1859362937 22.5389605324 17.7045105313 29.3600024788 32.1437283005 22.5423489869 22.5009203707 22.5276213109 23.1150591158 22.8948937158 23.077934666 22.8863974156 22.7580795605 23.0098787692 22.6971873801 22.8750546299 22.6891693993 23.1094854684 23.0394130665 22.6475223206 22.7234049518 22.8219445311 22.5021325641 22.8013027329 22.9736414468 23.0003224464 22.8612203985 22.6585162615 22.8294664077 22.8485220879 22.9563493533 22.9239684699 22.568984459 22.7445529838 22.555031123 23.0109178871 22.639698501 22.966929108 22.8400543872 22.7616604762 22.8924710956 23.0899604371 22.5308231041 22.935436936 23.1161847203 23.147638646 22.7770563719 22.8813100285 22.6056482214 22.9507193176 22.9791602725
0 0 0 0 22.5315014849 23.116136494 22.8804606371 22.7834554496 22.4385151437 24.9964584009 18.4944544988 23.0602966701 22.5727373377 22.815808418 22.7104508562 22.8642057696 23.0046962944 22.8545222452 22.6596176645 22.7949062628 23.0317159954 23.0264144117 22.5967556947 23.0082673076 22.9045893236 23.0529822607 23.1198898806 22.8010381495 22.9596431569 23.1926612575 22.8387998331 22.8969552497 22.9687428474 22.6173839507 22.5968017563 23.1987622705 22.6260988908 22.9491187708 22.7429132043 22.8658103903 22.8130868713 22.5115454845 22.8862023571 22.9887209326 22.9477645524 22.9516752167 22.5396618756 22.5406689021 22.9268542275 22.575978281 22.5344641991 22.6708141652 22.5997931379 22.6166569366 22.5243805054 22.7435684794 23.0035330072
0 0 0 0 0 0 22.5976967509 22.8602237994 22.9287790858 22.6698841409 23.15217522 23.0632097989 22.9875101612 22.8473496917 22.8428761925 22.607452106 22.8915454528 22.5865308997 23.1154901399 22.9967359724 22.8278692672 23.1530916302 22.7903889475 22.9759799218 22.5484815504 22.9589220894 22.6436347223 23.153755617 22.9598426204 23.177403391 23.0077770967 22.9300428402 22.5191384351 22.6563762784 22.7945008508 22.6540537521 23.0696241668 22.7481644361 22.7510769114 22.6422887495 22.6921660228 23.1324067472 23.1146927551 22.7623402386 22.6838590676 22.6690655511 22.7518765672 22.9846644226 23.1619150735 22.8528813429 22.9776351874 22.7496583527 23.1926584847 22.7220537051 23.0011762653 22.5047432062 22.8291507965
0 0 0 0 0 0 0 0 0 23.1314793743 22.7178453689 22.5756787276 23.0126898266 22.9347789054 0 0 22.7985266288 22.9230537602 22.7901701287 23.1988073647 22.8940641398 22.9673230781 23.1170759967 22.9124819492 23.0408074435 22.839402782 22.6122044246 23.2059169091 22.7846759713 22.6090968871 22.5610302756 23.0279982494 22.9815083547 22.8278611727 22.9428257638 22.6364978838 22.8668875086 22.5902679235 23.0197102487 22.8618044863 23.1774189111 23.1202029693 22.683585634 23.0258364831 22.8559534929 22.5712730802 23.1202820741 22.6784321571 22.7601667061 22.7867252794 22.698829276 22.8630386156 22.6126327505 22.9860951407 22.8610503446 23.02106998 23.1216343513
0 0 0 0 0 0 0 0 0 0 0 0 0 0 0 0 22.589381034 22.8221183267 23.0560224256 22.8222024726 23.0419457445 22.5476785913 22.9224718261 22.5573221536 22.593145997 22.7297587956 23.0064472525 23.1102786612 22.8564517635 22.8345057715 22.5783550124 22.637979234 23.0807737564 22.8405347945 22.8649165692 22.6600374755 23.0782543369 23.0316256698 23.1630872908 22.5268005673 23.1293040903 22.7885447026 22.8566672812 22.9234198388 22.9205158916 23.1069787245 22.8863742926 22.6498190114 23.0826868965 22.7117309747 22.8276738765 23.0062209446 23.0456804189 22.7477841286 22.754307955 22.6501579029 23.0514014291
