Spatial_Output/DEC/DEC_0111.asc
NCOLS 155
NROWS 192
XLLCORNER 196307.867259
YLLCORNER 449144.565805
CELLSIZE 33.573938
NODATA_VALUE NaN
[rows 78 to 103 of 192, columns 0 to 56 of 155]
0 0 0 0 0 0 0 0 0 0 0 0 0 43.1459329302 44.9882902871 43.2957569001 44.3844079543 43.4289331338 43.6418946101 43.9939392118 43.7165381135 44.8334648392 45.2505463966 45.3402929437 44.6910809726 44.2141072861 43.6484746874 44.8351932032 45.5588093423 43.54342053 44.3479130997 43.0434055506 44.4771775507 45.7231977453 45.5285825041 44.4799684766 44.6424143373 43.5860579682 51.9518753182 51.9518753182 44.1896108267 44.245720932 44.8735074059 43.2621972013 45.5912309141 44.5055203765 43.6878226311 44.1830184061 45.0683405534 45.4027341348 45.7312053323 44.3084281801 45.5335468094 43.8790630163 43.5503360495 43.4992392689 45.2521898153
0 0 0 0 0 0 0 0 0 0 0 0 0 44.3974040405 43.2025232745 44.4134510484 44.9208643704 45.0030788131 45.3950001782 45.556555604 43.1539243302 43.7138118773 43.4880944723 43.6101056383 45.2187770447 44.2671372979 44.9057180644 45.2315899779 43.2185554037 44.0240029548 43.6149952917 45.4566147276 44.6886549526 43.0048189825 45.4701167029 43.3762286551 45.4031831429 44.0728274214 51.9518753182 51.9518753182 51.9518753182 45.5480220253 45.1370640739 43.7200954746 43.0648928061 45.4621739862 43.4876263036 45.0124886691 45.210578615 45.6654994813 43.1006572576 45.740295092 45.1777137525 45.6882723809 43.3045377531 43.2548421616 45.7625589136
0 0 0 0 0 0 0 0 0 0 0 0 0 45.1906077824 45.3731795406 45.2461200113 45.3451527977 43.2206474815 44.9902047035 45.7942775091 43.5114281187 45.4804584352 45.7969940828 44.2959651656 45.1852899748 45.1034517012 43.8780635293 44.6430993731 45.1247154154 44.0756783229 43.339611373 45.1951301004 45.7895447553 45.3408074053 45.7656605012 45.1224143808 44.4746110933 44.0069419292 51.9518753182 44.0555360522 43.8098672896 44.0086455886 43.804786568 43.7626880068 45.6238924899 44.6104703415 45.0221408304 45.0042730019 44.3251196766 43.6498926476 44.7194074198 45.2060898318 44.7190125769 45.1966482775 44.4555059981 44.294374799 44.9069876869
0 0 0 0 0 0 0 0 0 0 0 0 0 0 45.4556070942 44.0717296304 44.7829550292 44.9984158943 44.7103819705 43.4722350456 44.0865021367 45.4083665666 45.455576641 44.6430997593 43.5142045093 44.6598987893 45.1176146631 43.010016602 44.61452232 43.3230409109 44.0210093529 43.852694533 44.6687558466 44.8274719474 45.2607879517 44.1028419552 44.9678354812 43.7082825237 45.6173677729 45.0967361014 43.2117374964 45.3551604656 43.0843963387 43.4556643546 44.0874032592 43.6371367685 44.022007075 43.6593868564 43.3467042961 43.4013386602 44.9559365587 45.3037398681 45.528153943 44.3240427859 44.2384458921 44.5292133829 44.2402340971
0 0 0 0 0 0 0 0 0 0 0 0 0 0 43.2947447966 45.6173403664 43.0139478035 45.6007664742 43.5629384038 43.4921082715 44.2730070669 43.9513916983 44.1707482577 43.1329174765 43.2970747109 43.2163170165 43.0706207777 44.9109471489 44.5261694141 44.4527481845 43.5284411054 43.3195699783 43.2975032214 44.8256474266 43.6464014722 44.4316657657 44.0587176647 45.5261905121 43.0080579217 43.4614808381 43.0763605673 43.5687174076 43.7879974894 43.5031662052 44.1360130595 44.8321072304 43.8479666951 44.2997922325 45.7940604781 44.1631696909 45.1518829257 43.9473416448 44.8843575358 45.583113538 43.8712435075 43.3424251985 44.3316499813
0 0 0 0 0 0 0 0 0 0 0 0 0 0 45.2498234316 44.1386944171 45.330503087 43.0901985589 44.2981146425 43.7787768869 45.5582888828 43.3876117017 45.0799484705 58.9236752961 44.9331054915 43.4244657175 45.0489295712 45.0718470323 43.307777918 45.4048593542 44.1241178279 43.8778059964 44.5641782186 44.1917166844 43.6232233069 44.0782028507 44.9123256709 43.4505915305 45.05753866 43.9207782772 45.2946096645 44.4616631432 43.7877702259 43.693518643 45.4197809396 43.5827376488 44.8897620136 44.8268719972 43.6899918484 43.98028376 43.7460057891 45.8244412903 43.9578950037 45.2277605166 44.7466705824 43.7010797094 44.5808308461
0 0 0 0 0 0 0 0 0 0 0 0 0 0 44.4834971285 45.083189153 43.9669909113 45.0297038839 45.4991774739 78.420087385 81.4957313377 81.4957313377 45.5273922011 58.9236752961 58.9236752961 43.8703230751 44.7302688088 43.3320686785 43.2667830313 43.5767105104 44.3565214842 44.8318863479 44.5197794831 43.3446712459 43.4743762469 45.3186634113 45.7061775225 44.0136615723 45.419594914 44.9778005041 44.5797427439 45.5654175598 43.947810812 44.1823613572 44.8885734729 43.581189873 44.4320471201 44.1885746584 43.8582529679 45.6360225438 45.0928537456 43.7872687073 44.4860094595 44.5863752704 45.6872231872 44.5197049645 45.2438535092
0 0 0 0 0 0 0 0 0 0 0 0 0 0 44.0400000008 44.1113463541 44.1276296025 44.540025215 52.5743100537 78.420087385 78.420087385 44.7119413262 44.4277779363 43.6446187565 44.4623724867 43.5025224616 45.2018936598 44.2812694971 45.0904125029 43.3617927973 43.6006759543 43.0350441289 44.844282403 43.4214803836 43.6901282608 43.2323677189 44.2023498331 45.1103140123 43.5118580756 43.1849234333 43.9954857919 45.555153095 44.6081487159 44.2666462402 44.7041000192 45.7641305017 44.8867900183 45.6532638686 44.458930971 45.0622095026 44.6908828325 45.0887631285 44.9236795642 43.4431801953 43.3950000139 44.2203461443 43.879640265
0 0 0 0 0 0 0 0 0 0 0 0 0 0 44.3786498125 45.1303479383 44.6934745561 45.0237137715 52.5743100537 78.420087385 43.4002661314 44.8053256135 44.2644941258 44.1113963108 43.6362620981 45.55684155 45.5972425091 45.380326987 45.207913906 43.3775394616 43.0233482642 43.4381280819 43.3371305318 45.2847519781 44.7143626446 44.8143303826 43.9995916588 44.3718156814 44.9111964491 43.6430520499 43.147342962 45.434991723 45.6285822929 44.4450688497 44.5006573939 43.5322881086 44.8880385473 43.2091576225 44.610280501 44.1333287389 43.821439858 44.355596823 44.5369048583 43.5992628997 44.4513069116 43.2207837936 45.5582422604
0 0 0 0 0 0 0 0 0 0 0 0 0 0 0 45.6754149461 45.295182853 43.7947775113 44.4777747775 52.5743100537 44.5522772199 45.2315328563 44.0022265093 43.4602385515 44.3363120324 45.4109149465 43.8908478173 43.1564558398 44.5368475572 45.2209817621 45.5633183463 44.445578697 43.2578933875 44.8126556781 44.5702960094 43.3589511051 44.5917525993 43.8359783368 43.6265699675 45.7774877084 44.4858211246 45.0626994929 43.4919606361 45.668338989 44.1370761382 44.8443737503 43.2087426828 43.0933467726 45.4766901073 45.6508286583 43.9917558745 44.3647355015 45.354627094 44.2293034044 43.5418076602 44.4386634458 44.9435904497
0 0 0 0 0 0 0 0 0 0 0 0 0 0 0 0 43.1053147523 45.4955501242 43.7932319741 44.9860537518 43.2531141964 44.3971652971 45.8009706497 44.3076620746 43.2339256533 44.715886151 43.7085259861 44.1253472682 43.5155476738 43.2308991076 43.3630569704 43.7885670816 45.1896709916 43.1806571631 45.7180652462 45.1820658279 44.2451445967 43.1211693035 44.4035279841 45.3206848196 45.7881851172 43.3465888279 45.4254584169 44.024271182 45.6336815832 45.6285178463 43.0625101024 45.404944131 43.7548784843 44.1796981742 45.4753315754 43.9025296259 44.6342431261 44.9164341883 43.7354922714 44.7757915257 43.4387804651
0 0 0 0 0 0 0 0 0 0 0 0 0 0 0 69.7571762143 69.7571762143 43.9118239685 45.3823485286 45.2770658312 43.3029231742 43.2625318105 43.8847521951 44.6813554195 45.1544020684 43.2181131227 44.2392443327 45.2730680944 45.1289583516 43.2288342971 43.3303451905 44.9120927218 45.7468513062 43.1590753389 43.3594012318 45.6606334878 45.0878596862 43.2603895686 44.720224737 43.7987254995 44.0624053253 45.8093930372 44.5528178453 43.4201366693 45.4717842149 45.7931613999 45.7194952916 44.4414078605 44.3702300835 43.5502640317 43.5539535547 45.0313245235 43.519580109 45.1100364905 44.8611061078 45.1467607459 45.5069113715
0 0 0 0 0 0 0 0 0 0 0 0 0 0 71.1128159093 71.1128159093 69.7571762143 0 44.5898013385 45.2087113505 43.3063220372 43.6163091166 45.3409744406 45.7590649374 44.3380019554 43.2704088752 44.2245162472 44.0726667387 44.8065335083 44.2708823135 43.730521275 44.8661630931 43.1262966121 45.7440686395 43.8404883087 44.7537258513 45.6877758539 44.7296112569 43.4766547189 43.4564922615 44.9945151688 43.045594746 43.7876744262 44.2683064021 44.5623600356 44.4912205183 44.763142656 44.8256360441 43.3019979232 45.2452352757 43.707574147 45.7978371011 44.9373303484 44.9486614533 44.1988967064 44.6374116068 44.5836680573
0 0 0 0 0 0 0 0 0 0 0 0 0 0 71.1128159093 71.1128159093 0 0 0 45.0703145468 43.4262336772 45.3189240531 44.1375269304 43.2907760483 44.9504048683 43.9734542432 44.9228456032 45.4612401157 44.2869085607 45.7150711285 43.7454480948 44.513345722 44.8096896496 43.6118894188 43.4774731164 44.5179130578 43.4345313451 43.0001409149 44.0687554138 45.6325106896 43.2476483593 44.2047474096 45.5428770859 45.1097977088 44.8850507851 44.8396160389 44.1394286975 44.3362350662 45.4573870812 44.7752169924 43.8180023947 44.0476824343 43.856576473 44.7051576397 45.0454448135 44.5830370429 45.3966560274
0 0 0 0 0 0 0 0 0 0 0 0 0 0 0 0 0 0 0 43.2042579223 44.7258744883 43.1445976338 43.2643683769 44.4034612288 44.0457166428 45.2940068792 44.8611783234 44.4367294745 44.8478875122 43.7708884362 43.3511241452 44.1708246908 44.7107816895 44.4795664586 45.132899054 44.5819572799 45.6395555239 45.6764962119 43.3365752572 45.1642274527 44.1547967507 43.2801924224 45.6308622113 43.3160292935 43.5637650968 45.1776643716 45.3559240862 44.9102341331 45.7030015947 44.5460451116 43.4499724095 44.7466422862 44.3532194815 43.2183911486 43.4345155086 45.4324103164 44.0325454225
0 0 0 0 0 0 0 0 0 0 0 0 0 0 0 0 0 0 0 0 44.1762983507 43.5600669681 43.6518984161 43.4974623284 44.5587808176 45.2359982036 44.5718451614 45.3567723167 45.1837390179 45.0360448072 44.225542267 44.1855072251 45.6499149085 44.6979682214 45.7405906947 44.3616753245 43.723289949 43.6132125626 44.2747722683 45.0573137682 45.0791495036 43.6010576798 43.0448605293 43.0325976245 45.4124411476 43.9064485607 44.9289894811 45.3522474059 43.7280661354 44.4367740377 43.4900752714 44.3157203335 43.6102634261 45.2922259616 45.4531028192 45.8012752902 43.9031616281
0 0 0 0 0 0 0 0 0 0 0 0 0 0 0 0 0 0 0 0 0 0 43.9275379721 45.7166823137 45.3434419665 44.6422182372 43.2639260036 43.1509050154 44.2965732725 43.8521079802 43.4959354928 43.0382016841 45.792355269 43.8488859093 43.2755015241 45.2634015822 45.3666773154 43.8724076084 43.8671157479 43.614852216 44.8313828143 43.0529603615 45.7650736093 45.2242989934 45.5850689716 44.4840757423 44.6791482367 44.6357127432 43.8549751579 44.8114986622 44.3409789489 45.0816040696 43.2373014939 44.7659957491 45.5711221987 45.5929881856 44.0715062236
0 0 0 0 0 0 0 0 0 0 0 0 0 0 0 0 0 0 0 0 0 0 45.7995462897 44.1722376079 43.748245148 45.3124333868 43.4235580903 45.0871775177 43.6863627268 45.4932882357 44.9453456881 44.6043258074 43.3390432588 45.427707792 43.5389424992 44.1750429961 45.7416098552 44.0694393031 44.3373146486 43.6026000803 43.7622653951 43.4338929921 45.2116379745 43.3459035242 43.0617259564 43.7117224134 43.101513044 45.3781184572 44.125912159 43.0050149886 45.3617259352 43.7337113908 44.0139970382 44.6016071087 44.2550077706 43.5458215143 44.9555346346
0 0 0 0 0 0 0 0 0 0 0 0 0 0 0 0 0 0 0 0 0 43.1772075616 43.8584329177 43.2531685829 43.7393123966 44.4392868805 45.2084277675 44.0928234538 45.8260500579 43.9055062339 44.9235430097 44.7932370582 45.1644156157 44.8106794772 45.7304394993 45.3270985017 45.4953131211 43.8967811791 43.9837674901 45.0287063987 45.6196198622 43.3634818445 44.9312721334 44.9096026125 44.1614450491 45.6964469278 44.6828294313 45.3424365517 45.0574407198 44.5325705202 43.9931641054 45.6375800838 44.4460284472 43.5131674999 45.0455246124 45.7751154881 44.0369306964
0 0 0 0 0 0 0 0 0 0 0 0 0 0 0 0 0 0 0 0 43.0196678606 43.1302452808 45.5175077952 43.3079339536 45.6413078159 45.4785733865 43.783484915 44.021251701 45.1709024432 44.7391785083 43.6430303928 45.2697108178 44.4338552161 45.7677088161 45.3509033521 43.9944898742 45.8060102959 43.1481410829 44.8688067648 44.2352341949 44.3302878026 45.5179608419 43.7066679122 43.4042239846 43.9400979905 45.0099147027 45.4255193176 43.504611123 45.7570970276 45.3687682436 45.5801371826 43.3190684415 44.7831279521 44.7500578944 43.811350833 44.9409553641 45.6735800567
0 0 0 0 0 0 0 0 0 0 0 0 0 0 0 0 0 0 0 44.8939038094 44.0441906887 43.7615139912 45.7769345865 45.0312383938 45.6141938239 43.6832025092 43.0879550278 45.3717135632 45.0602344357 44.4993472669 45.292379655 43.6005141597 43.3161963339 45.385008322 44.0660474131 45.2355026739 44.6650863119 45.0752516482 44.3446098756 43.7953620434 43.8827763856 43.4414831839 45.109054476 45.3525003895 43.9366872957 45.2731664164 45.7683942991 44.6272899178 45.6665860999 45.5315738103 45.4381797782 44.285956792 43.3380154477 43.8736193972 45.4184328909 44.0382886341 43.5733685605
0 0 0 0 0 0 0 0 0 0 0 0 0 0 0 0 0 0 0 0 44.7112755186 43.6365434128 43.8584953212 44.6032684418 44.1113541672 44.0488117198 43.9629323526 44.0120555619 44.4361283747 43.5499307296 44.8271252311 43.5616144763 44.3394211403 43.0408986244 45.344857989 43.4299974652 45.0139150339 44.2520814924 43.9052449576 45.1337574136 43.627075315 45.4419908113 43.1523485124 43.2110965937 44.1822052186 43.1539640218 43.55146656 45.016789296 44.0003119934 45.0580289764 43.8729987491 45.7115545408 45.213731036 44.7390035464 44.3172008896 44.2803614225 45.6157757752
0 0 0 0 0 0 0 0 0 0 0 0 0 0 0 0 0 0 0 0 0 45.8038971433 43.7877848803 45.577822836 45.117811247 45.3567242709 43.5341260273 43.6792623492 43.8635216339 44.6206876544 45.1234555659 43.9763867428 43.656037936 44.1590311223 45.3207337968 44.3915919153 43.8422562476 44.4047102347 44.7709853713 44.4491879489 44.9729097401 45.6666964109 43.4828112437 44.8931722044 45.2900946765 44.9513959487 44.0690712447 43.106276001 45.5256594611 43.0136395687 44.3345401127 43.1939357771 45.5122548883 43.6317299427 44.3709431126 45.2684561455 44.6419632169
0 0 0 0 0 0 0 0 0 0 0 0 0 0 0 0 0 0 0 0 0 0 0 43.100462985 43.9512182205 43.6871546949 44.609998372 43.6942116126 45.1968092412 43.0129842418 44.7350663746 45.2457539955 45.616459648 43.3017792293 43.4624191937 45.4195209219 43.5947462871 45.709523307 44.0032014642 43.5026698024 43.2131498838 44.1028642994 44.9794632206 44.1540717932 45.0367260552 45.6097171907 43.8020033561 43.0763098775 44.2634222849 45.3400268313 45.7661188204 45.0740142272 45.0520646981 43.222542858 43.2500502193 43.4095628753 45.1709753972
0 0 0 0 0 0 0 0 0 0 0 0 0 0 0 0 0 0 0 0 0 0 0 0 0 45.5560745692 43.2973547772 45.3241417408 45.3658600361 43.1233299973 43.1926140836 43.656393303 44.5854350269 43.1911517546 44.0764636648 44.4592177829 45.1082385668 43.4676069494 44.5407314302 43.0150845485 43.9462344482 43.4521966662 44.4125053829 43.023914637 43.3501092994 43.8155095724 44.9775790252 45.6147586133 45.7185861859 43.450881688 44.3282200663 44.7082073239 45.0997718497 43.4764760342 44.213325361 44.7622480751 43.6024845859
0 0 0 0 0 0 0 0 0 0 0 0 0 0 0 0 0 0 0 0 0 0 0 0 0 0 43.4122146994 44.7900879752 43.4372066064 43.1887101165 43.5772372902 44.5856581555 43.0033895673 45.2532590444 45.2729089941 44.010818937 44.1584903761 43.3112533333 43.7164860144 44.8875946502 43.0865418619 44.5549344721 45.5968236589 43.9338707506 43.570954791 43.1083887516 45.7387457075 45.4432560045 44.2746193618 45.6400881044 43.025414173 44.4208330716 43.7576373779 44.0966832169 45.0424830519 43.0870020395 44.5406708771
