Spatial_Output/DEC/DEC_0230.asc
NCOLS 155
NROWS 192
XLLCORNER 196307.867259
YLLCORNER 449144.565805
CELLSIZE 33.573938
NODATA_VALUE NaN
[rows 130 to 155 of 192, columns 57 to 113 of 155]
46.7623985561 46.2148074751 46.7190957621 46.2106988915 46.1179281617 47.3359172282 47.1226890471 46.9328556178 46.5009689906 47.3755476657 47.0232163027 46.2746199733 47.3468206083 46.996075098 46.2558334028 46.4225168268 47.2757156221 46.4534004362 46.2723856919 46.0551299616 46.7915850052 46.6703378481 46.4420926244 47.0280681191 46.8867619353 46.1204151653 47.2620883946 47.2479610146 46.0043573517 47.2883209448 46.4469796881 46.6831651617 46.1830998957 47.3810379962 47.2154058888 46.331820793 46.7928017818 47.1351519397 47.1220878976 46.973233606 46.7736011665 46.9777009721 47.3006372118 46.0197116474 46.778576481 47.1921008379 47.3348986039 46.0074115906 46.3756320366 47.1710272873 46.0399885914 46.1877516134 46.9926222631 46.7349697365 46.7658046205 46.4602726809 46.8221208683
46.203826396 46.3411777424 46.5121183862 47.3613042926 46.8135028999 47.2594213309 46.7627908768 46.7374056576 46.0511320806 46.9341225073 47.1261285173 46.6390201795 47.0335395755 46.5767986508 46.1833822316 46.6466692938 46.0005898582 46.1825452359 46.1329002944 46.6403859629 46.1513852767 47.0066074167 46.2793349525 47.4123483143 47.3824323464 46.4134429765 47.0117310765 46.4145208865 46.9975275863 47.4066954817 46.1893665309 46.8102137462 46.1226859315 46.051102349 47.1523727421 47.2835491546 46.4801424274 46.4617968734 46.2828251378 46.51888087 46.3757665232 46.505392345 46.6882413411 46.4571117121 46.0169933715 46.8349182979 47.0768774199 47.2387458266 46.0273770072 46.1966916542 46.8661107527 46.3444606269 46.8858647482 46.1180633702 47.1030356519 47.0424583701 46.115365877
46.6886226388 46.8434730098 46.1559710841 46.3098826575 47.3565443197 46.2837703917 46.9130876734 46.1491515354 47.2887285998 46.3351403781 46.5184360157 46.4979674797 47.2502367128 46.4027623085 47.1314625168 46.6442590924 46.1041764411 46.2329148634 47.2081901711 46.6256771898 46.587911048 46.5148654017 46.5992829929 46.3995208388 46.1509767276 46.5008951127 46.8964851147 46.9836599597 46.6423518318 46.2755102648 46.9368002167 46.6182672321 46.6933957702 46.6593015848 47.1273740809 46.2216188293 47.1345430659 47.1337081153 47.2492511497 47.3857775886 46.0988274025 46.8410313453 46.0367153005 47.2979421726 46.0156600756 46.6335475038 46.6444509893 47.0361999238 47.3959104061 47.1154670219 46.1552703071 47.382394986 47.1834302246 46.5278290671 47.1957451585 46.9157707405 47.0946750529
46.0310693135 46.0015206948 46.4303695317 46.6824684125 46.0795496691 46.6418347894 46.0102779268 47.014161056 46.691610534 47.3292287357 46.6218611146 46.8086053203 46.7040899847 46.3972485014 46.7375840664 46.6242609251 47.4075551888 47.120460876 47.2677083204 46.2884795497 46.13308755 46.5212897161 46.8226110493 46.4171056107 47.2649158619 46.1218798913 46.084006598 46.1661557499 47.2166819758 46.959470792 47.1303769633 47.0600488594 46.7974279289 46.5142488796 46.500682242 47.3165398969 47.264451545 47.2732831007 46.7719900442 47.0320657478 47.1276096835 47.2374522675 46.1375764435 47.1896754325 46.6492840166 47.2036240438 46.5486386605 46.452268524 47.3769820815 46.2452703261 46.2830897014 46.4220909594 47.1019111978 47.1956641656 46.5068750009 46.9593631508 46.7764490348
46.0690871295 47.2833345148 47.2542799036 47.1453692368 47.2649552572 46.0452744385 47.0148081132 46.165670161 47.149648531 46.9335162899 46.7752296156 46.9529436921 47.3846142859 46.9094141486 46.3535724932 46.4399819475 46.1171438566 46.1355403748 46.0641074001 46.2371043932 46.8363241028 47.3621208637 47.179714286 46.4608262193 47.1367190172 46.2717085373 46.9795198327 46.0153427092 46.4052113066 46.4966760905 47.289766432 47.0785447185 46.6644326705 46.4724784871 46.310492605 47.0225570002 46.9285088523 46.0908598723 46.6452552529 46.5991977457 47.241189188 46.3994298202 46.9996277015 46.5922479281 46.4394605279 47.0169291993 46.9556996577 47.1578145023 46.1149630331 46.815108044 46.5581302224 47.2880853926 46.6880118157 46.0554876711 47.1686498922 46.1670115357 47.0111274084
47.2387004235 47.0292823963 46.4453935438 46.8751929252 46.3045652998 46.1099412328 47.0462442888 46.0052960338 46.0106444577 46.2366062845 47.353436481 46.4007801048 47.1090004669 46.7759352682 46.3978072649 46.7425489844 46.3936252677 46.5295670765 46.2769355849 47.2387235973 46.7040608469 46.8914729943 46.9255941058 47.1003456096 46.0926279764 46.622298232 46.746144712 47.265073483 46.7633492774 47.0837773722 46.0381381573 47.2282036288 47.0226254873 46.000718365 46.5446352473 46.944373118 46.3037735829 46.1158030769 47.245713212 46.297538691 47.1230587505 46.5094430465 46.3425257478 46.9846681234 46.788854992 46.5820878707 46.4603379623 47.0346009425 47.3381077 47.1270957438 46.8294255611 46.7503792412 46.9137517273 46.7649870246 46.3045119356 47.3415321467 46.4651334097
46.0041975922 46.213699033 46.6660708381 47.1075332327 47.1476807934 46.934940466 47.1177382371 46.2003104961 46.0104679035 47.3293604428 46.3754520406 46.7396910238 46.8800505987 46.1919967141 46.9216989247 46.6270118503 47.0260167215 47.1563633407 46.9815288071 47.2224618227 46.6739891204 47.0609702871 46.3377181916 46.4131389838 46.2176556668 46.2342747404 46.1730768602 46.915147864 46.1848642171 46.2412015043 46.4206289074 46.7029988401 46.3395323495 47.1582974929 46.1326195103 46.0132549085 47.3838216086 46.0226317517 47.2603839745 46.4291847467 46.3827810222 47.1855658131 46.2457203807 47.2071482078 46.6265853937 46.3756813012 46.8216961388 46.0884105411 47.1655592674 46.2678204145 46.9518930765 46.2852823747 46.6565765905 46.8586820489 46.9990274204 47.3691842676 46.0721201046
47.3462845458 47.2318728682 46.0949009707 46.9512742803 46.6004952065 47.112563293 46.5538050386 46.7593480077 46.041560058 46.8375059997 46.3755142499 46.9273938312 46.2389031719 46.504820129 46.6237125577 46.7530913511 46.0139294087 47.0188015943 46.9572973293 46.0284252569 47.0103166417 47.1905744068 46.6790311806 46.6595201985 47.0234276789 46.6263320298 46.0236126645 46.2228829001 47.0863504648 46.7400836174 46.3826147206 46.6921682757 46.0884736777 47.3552976684 46.1473880922 47.0694158849 46.6045083832 47.08736421 46.8893862407 47.1705746399 46.6069192625 46.7303671888 46.8274020126 46.6414292125 47.1407097009 47.1329014018 46.4980734348 47.1258052061 46.0611600474 46.8206072358 47.3892103871 46.1622633853 46.392505312 46.0030609949 46.8311246625 46.0817249273 46.4960492058
46.9019747456 46.3613053234 46.8242647336 46.7803199111 46.5892845128 47.3242294165 47.1229044543 46.8264503973 46.1096800972 46.9307571095 47.0090408083 47.1288069246 47.1073010137 46.5281421417 46.0881291648 47.0579328872 47.3562464121 47.0710465688 47.0783427364 46.6474473854 47.1531328255 46.7361788844 47.3859751579 46.3777597583 47.3569428964 46.0911376519 46.9056121707 46.2975276086 46.3331913769 46.4099416277 46.4183277224 47.1149078997 46.8257432788 46.6722608557 46.1570306998 46.5431815587 46.9951373968 47.2496923632 46.5323092394 46.4644246526 47.1234388116 47.2685964781 46.002068583 46.4105962376 46.8309730012 46.1924422632 46.1187739298 46.3686893486 46.2586199769 46.6571048075 46.492686571 46.8168923078 46.7277546173 46.3287221353 46.3970939064 46.1506470865 46.0721141498
46.8905614828 47.2400914379 46.7483343349 47.1533306758 46.843362559 46.3500798843 47.3696092674 46.9107810413 46.2280411139 46.5139175872 47.0468063124 46.9995294606 46.2249907883 46.5002483039 47.1195384101 46.7434116472 46.7433441183 46.0463698765 46.4207757441 47.2390353643 46.0299853363 46.3611735096 46.3191991233 46.1480506968 47.3403341203 46.1375634888 46.4991045464 47.2408085158 46.4275568856 47.0513880534 46.8648613452 46.441592421 46.4140910678 47.3562237856 47.3455762549 46.5220599733 47.1471365941 46.9730290845 47.1070666971 47.2467450077 46.6750060397 46.392739046 46.0569754721 47.0919045564 47.0091848101 47.3208064988 46.1260002351 46.2608600746 46.4542096724 47.0754446872 47.0344266281 47.1172993825 46.4429804047 47.2431730255 47.4140431901 47.3596035838 46.8416332411
47.2458917897 46.2813188928 46.1833952296 47.2082334653 46.3940692325 46.3190164731 46.4548754838 47.2529361612 46.8013543971 46.0118287927 46.5185415665 46.3082642968 47.268602772 46.4183610981 46.9857628901 47.0919524505 46.6183746726 46.7826994348 46.525849291 47.1524545343 47.1397441438 46.3390111573 46.3071482447 46.194837227 46.7336908865 46.6922053976 46.9268366464 47.0717286443 46.3303460928 46.7675107178 46.5993497723 47.3255310018 47.1792028085 47.0590713753 46.1855123043 46.5548343028 46.9684374846 47.0406427753 46.3008737657 46.3223885597 46.6610691417 46.0696491316 47.3717261583 46.8967595847 46.7162156395 46.928463766 46.9820416891 47.0056230719 46.3362668025 47.2256079289 46.7961240809 47.0654744223 47.2335769824 46.3002728076 46.0227352299 46.7919759386 47.1905942668
46.29540683 46.8326270505 47.1959266296 46.8298353733 46.8461945091 46.0310963155 46.403065162 46.9040036738 46.6439629663 47.0987360476 47.1412888631 47.1781762552 47.3485385606 46.7395057249 46.2568859958 46.8863029835 46.4897252514 46.4184022105 46.2203842828 46.614532522 46.697833585 46.554841117 46.2162139954 46.7823873737 47.4077364665 47.2121544606 46.7981340367 47.0738293533 47.1433677969 46.5069893106 46.8172008345 46.524886222 46.4296333657 47.3051905141 46.9310506411 47.1891651091 46.3552141468 46.6774467362 46.3178312333 46.8029101669 46.4818217327 46.7974927045 46.8464518977 46.9533036741 46.7918669853 46.3456068893 46.069375171 46.6307914856 46.1004950887 46.9119997813 46.5820753493 46.8612375879 46.5282764979 46.7583789082 47.2308813496 46.3636638365 47.3943144504
46.2253019635 46.3853548638 47.1906825929 46.9943437599 46.2750023557 47.0227010328 46.3240445082 46.2943118004 46.6509477081 47.1083638546 47.3217512879 47.0664388986 46.2818539835 46.2643754771 46.1494209756 46.9707014049 47.3596801248 46.3037825705 46.6601044853 46.9917658884 47.3234408256 46.7520578325 46.1326141452 46.7534955907 47.0255792245 46.63240565 46.7192042438 46.4532322787 47.0467611716 47.3483045849 46.577260822 47.3769702671 46.8016879237 47.2148062276 46.4517698798 46.458237728 47.3932392323 46.6898989315 46.9380517293 46.2336149424 46.0313967482 46.4557550619 46.2184199335 46.2170696919 46.2787099291 47.2189732389 46.6147329274 46.2564750421 46.7756246894 46.2673119999 46.0520047547 46.3837873493 47.3298223205 46.9839305603 47.0256338943 47.1763404075 46.1384543682
46.9201407657 46.3585599812 46.5675262706 47.0408898789 46.0358538791 47.1189277496 47.1409367669 47.3210690985 46.4131265329 47.2502532691 47.2801103258 47.0862607082 47.0983321939 46.0793348768 46.4903085777 47.0108814079 46.4474435354 46.877527947 46.8920378372 46.939688136 46.4356828093 46.8456451124 46.8679930894 46.457449411 47.3522054651 47.0013199981 47.2276743863 46.3528704876 46.9087850841 46.1432178794 47.1770403374 47.1381969189 46.6035842464 47.0414557351 46.5723789874 47.1404642321 46.7310878929 47.040012834 46.4942513481 46.538331176 46.8243893277 47.0926048765 46.096844064 46.1655219119 46.8620570735 47.0819496531 46.4319055131 47.0930289148 46.4347869205 46.6048478669 46.0244546251 46.0928558227 46.7338166343 46.5630216055 46.4714908127 46.9536897526 47.0187119907
46.9008226532 46.0096564974 47.3250995657 47.0049900225 46.3992972797 46.5548105159 47.1627678185 47.1594494176 46.9164680161 46.9424985798 47.3842919545 47.1588217932 46.8135191592 46.4959124379 46.4188493948 46.2080851041 46.3297981774 46.3579541806 46.8736021287 46.4781215353 47.2985217659 46.5382894816 46.5439855791 47.1800975625 46.8420378823 46.9291199516 46.9239656346 46.2623634011 46.0641103635 46.8871294502 46.7017627033 46.2670755993 46.8495663347 46.9528877822 47.3398664257 46.9915088076 46.6666354633 46.0323780673 46.675356667 47.2838468043 47.109459578 46.2599005611 46.5140530651 46.3912777155 46.4159171935 46.9528747737 46.683894904 47.1976806844 46.4584874389 47.3435856569 46.955474258 46.0486932197 47.0271956533 47.2671581187 46.6531456468 46.001265489 47.1627036486
46.1218407365 46.0945877564 46.4291027695 46.7503558284 47.207141655 47.1756602452 47.1571132144 47.0078475675 47.0322040103 46.9650426606 46.3357197266 46.8067336741 47.0932972689 46.5120136856 46.7973489215 46.8731699583 46.5466451013 46.3300798402 46.3307678904 46.3213339284 46.6137193911 46.2461768673 46.5400411652 46.7746504759 46.2734005165 46.2329315195 46.6970385346 46.1383371597 46.8955429957 47.1050801759 47.4035382197 46.2201885861 46.3593367097 46.9707040353 47.0486291158 47.4025047138 47.0716857361 46.3843524698 46.986171676 46.1126393837 46.2348359358 46.6983726963 46.2495969243 46.4769145375 46.7048837331 46.0575515283 46.8470664018 46.3827333544 46.5116520632 46.9257774865 46.6023497049 47.2682994454 46.347452117 46.8158802809 46.4149678692 47.1797943699 47.1345702313
46.7782221645 46.4497285169 46.4721786911 46.6604743986 47.3642692541 46.3339748798 46.8382220296 46.2271773409 47.1698639245 46.2600240438 46.4351762318 47.2859024141 46.4047081592 47.261568346 46.3421895313 46.6690274655 46.1371768477 46.5674162391 47.3652410697 46.3765688982 46.7345553028 46.8257687283 47.1663374819 47.2370889647 47.0180926539 46.4887786458 47.2346400222 46.2533651428 46.0205164795 46.647754994 46.8581797205 46.7888353956 47.2266629709 46.6685940536 46.9426042079 46.0618685884 47.1701468117 46.5728795363 46.1224127779 46.2044779768 47.2366414041 46.8118348343 46.3196614409 47.3155829252 46.3902957706 47.4070613809 46.0157061304 47.4004712091 46.0212059678 46.0975289764 46.6832874226 46.0006130941 47.1103200822 47.3948607491 46.7153323752 47.1596250638 46.3774171477
46.3617402081 46.5753199265 46.6599076516 47.1603263659 46.8392447343 46.6556920273 47.354499075 46.0692800164 47.0876335029 46.7113119447 46.2375540442 46.5619205083 46.5605978196 46.59140466 47.2848593732 47.2622803085 47.3847427257 47.0592045364 46.2641346464 46.7536075464 47.3551538089 46.8775339664 46.8939661998 46.8603142469 46.0467151042 47.3739694433 46.7398282223 46.4832935207 47.0112135957 46.8360126757 47.3845432874 46.5533244829 47.347767607 46.7636987756 47.3281649987 46.1028562406 46.612574831 46.7160316528 46.2501149211 46.5511660187 47.1957188032 46.545181627 46.1176217524 46.2921172202 47.2164746924 46.0692174337 47.2230822111 46.4545698746 47.2892719155 46.9148014234 46.5281761161 47.1380000952 46.0675962369 47.0790650276 47.1913205058 46.8376786536 46.4099582908
46.8850897101 46.7934356281 46.5182240115 46.465175528 46.2128635505 46.9981053707 46.7758001649 46.5503948308 46.1537159683 46.037450739 47.3099948852 46.7605783182 46.0990311225 46.1365978286 46.78745518 46.4048575334 46.3235138398 46.8993249546 46.3766721877 46.3650756574 47.3531882195 46.9763433231 47.1531613981 46.1747410591 47.248058155 46.1680851419 47.3276362253 46.3413321385 46.4263794513 46.2355384596 47.0772307221 46.1647580398 46.3258506212 47.2163644186 46.496820732 47.2791374254 46.6440023587 47.3663025067 46.4611331119 47.1683952991 46.3492279339 46.524851448 46.9478715772 46.4654829908 46.7115505778 47.1790606145 46.168995037 46.3290549472 46.8082128906 46.5028416127 46.9936296353 46.0547575231 46.8615513226 47.3388732484 46.1342817894 47.2136887806 47.1522372616
47.1485500741 46.7245091454 46.747270926 46.3399181749 46.1842549842 46.0798054051 47.3322264238 46.3883807188 46.0226010227 46.558317439 46.7097361379 47.2746853479 47.1330846663 46.4918748076 46.6856473023 46.7056442443 46.0894237463 46.7030751065 47.3990476192 47.0908073411 46.7790488273 46.2533589536 47.3811315761 46.5090601102 46.2253835491 46.1434396974 47.3174720042 46.7800015092 46.6191983562 47.1596927301 46.4662885726 47.2987546604 46.5957275732 46.0397059908 47.081943931 46.9689590138 46.1861016514 46.1915525163 46.8614254849 46.1216009293 46.6109974879 46.8045105366 47.1911388052 47.2534585584 47.0542140858 46.9478971474 47.2444487756 46.8626201197 46.8992716503 46.4010529166 47.0731595216 46.6167850856 46.1086868051 46.306388653 46.7160964415 46.9867389765 47.0706170101
46.6283024055 47.1902002379 46.2867149359 46.5588427551 46.0397681031 46.7863808088 46.9784847672 46.6508563302 72.2563453453 77.9518135115 69.3103615896 47.1561537364 46.4535923931 46.9845900807 46.3344212714 47.0856598266 46.1501540372 47.2788517143 46.5863866785 46.383679863 46.0289846542 46.5404412792 47.2273049691 47.0914807588 46.4859113694 46.9185416237 46.8629140485 47.1362874175 47.0813905202 46.3157929104 47.3784796976 46.0387083163 46.1601500637 46.226339031 46.0366873252 47.039920102 46.2273793408 46.607509687 47.2972636699 46.7157546672 47.2061039893 46.9064858627 46.191677462 46.4121431969 46.37266933 47.2505518137 46.6778710676 46.9039257236 46.2891124727 47.0251203083 46.220742178 46.0645754548 46.5146633326 47.2000157511 46.598601607 46.0614190886 46.8436550117
0 46.6827338887 46.468412935 46.902700081 46.6652705294 46.153077822 46.5460824403 46.2731990863 65.2694634014 76.8418876006 69.5736468402 46.6136268407 46.3793840717 47.0141086735 46.4742499258 47.2829801907 47.039986623 47.0595102351 46.251853227 47.0860804195 46.7881002569 46.3796608419 46.190962413 47.2849980838 46.1788738371 46.0838708013 47.323153018 46.015971104 46.2685798937 46.9157526754 47.0037199989 46.3777858514 46.2542061168 46.0817801829 46.9707814215 46.7633196183 46.5970398794 47.0887470214 46.9840581922 46.1880457634 46.7638595165 46.5082891862 46.590704486 46.061575201 46.069308432 47.0137564577 46.2923920873 47.4033385149 46.7361914997 46.2948390974 46.9961436253 46.4513380859 47.1478247621 47.2904796555 47.2750623888 46.4421045448 46.9250354085
0 0 0 0 47.0189570836 46.7139915727 47.1607159039 46.0413270207 72.1958742163 68.5300014265 70.8574799074 46.3102463724 47.0314707905 47.0512739391 46.5913021818 46.4005600281 46.7706792516 47.0260241559 47.3831465084 47.1956008229 46.4954513437 46.310818437 47.3840835757 46.0881174525 46.3553551351 47.1147421202 46.0585404648 46.8891093569 47.1372804463 46.6979635722 47.2824478318 47.3350260773 46.5029711095 47.1379121142 46.7909718089 46.5533683544 47.1813210152 46.3453204446 46.7365762731 46.8518114054 46.2554754581 47.1706915605 47.2587636484 47.2529150856 47.1149455208 46.4015130362 46.9914719005 46.8345418786 46.8479409436 46.5155004483 47.0690360923 46.4770670243 46.1471429753 47.1219122109 46.1468295202 46.903169825 46.2157739128
0 0 0 0 0 0 46.655566056 47.1108795566 46.8762822204 46.0158846303 46.1865455436 47.2307111334 46.2024545057 47.3304357036 47.2804312243 47.1226811425 47.2756654006 47.2982933483 46.6968473672 47.3380173563 46.4198457491 46.8888779247 47.085037529 46.4184699365 46.6676723945 47.0202352627 46.5064735437 46.3380692897 46.164562728 46.9056438611 46.5527783555 46.3706559261 47.3083192491 47.0598506328 46.8446381219 47.3708182832 46.6712493459 46.1557993679 46.4459428153 46.5206899302 47.0100611323 46.2757343893 46.2550178801 46.8984262718 47.0085177194 46.2130598697 47.0836423864 46.868537446 46.3293509264 46.6020244991 46.791498209 46.5710166057 46.5465402159 47.274790754 46.766746585 46.3555654183 46.4230005584
0 0 0 0 0 0 0 0 0 46.4513460489 47.379734694 46.7547065881 47.1328679394 46.0960604386 0 0 46.9766245725 46.7997051678 46.6008836471 47.2664881283 46.6688168626 47.0220794428 46.0821032058 47.1039370427 46.4881814716 46.7498537105 47.0909784388 46.22566928 46.0827241465 47.0250855398 46.1788476304 46.8177607046 46.6753584335 46.1572774463 46.6069968804 46.3931769003 46.8619399411 46.4723187038 46.2561277828 47.2257042347 46.8447004019 47.1728650867 46.4564087634 46.2600259896 46.9902687073 46.5447304402 46.0461064526 47.0185996342 47.3020318503 46.9465297051 46.3834840842 46.2605907443 47.3474724397 47.2085130866 46.4401411153 46.4204288913 46.7445439051
0 0 0 0 0 0 0 0 0 0 0 0 0 0 0 0 46.4148147573 46.3545925042 47.2600062423 46.0570109252 46.5219791301 47.3815829618 46.0088282792 46.8875508488 47.0587950155 46.2855376298 46.3668452894 47.3060941568 47.3327375494 46.2104057912 46.6659978544 47.3637070584 47.0918055949 47.3249893313 47.2698965795 46.4933664456 46.1788405912 46.2796141467 46.8524001398 46.4208477774 46.4925750013 47.1308952778 47.3171161598 47.200381331 47.0435433929 46.6273776569 46.2422456925 46.8671257475 46.2993305981 46.2463838057 46.4126804111 47.1829760588 46.7788884538 46.5029665795 46.4484808465 46.1502504356 46.0724578388
