Spatial_Output/DEC/DEC_0536.asc
NCOLS 155
NROWS 192
XLLCORNER 196307.867259
YLLCORNER 449144.565805
CELLSIZE 33.573938
NODATA_VALUE NaN
[rows 78 to 103 of 192, columns 0 to 56 of 155]
0 0 0 0 0 0 0 0 0 0 0 0 0 27.1474756661 27.1694626281 27.766981587 28.0022828225 27.0604471677 27.9635866277 27.5376412573 27.2939832794 27.850516472 27.0453822527 27.8222553251 27.6796856218 27.1702493395 27.6375817543 27.9382328984 27.4067660205 27.7804788568 27.917177938 27.420814477 28.2671896519 27.5245505555 27.7986314109 27.700868143 28.0468314287 27.8710603701 27.7757378405 27.5548913484 28.0270988162 27.064753671 27.1214939446 27.5114607886 28.2153306583 27.2093909291 27.3990953729 28.2363471154 27.467104207 28.0163626385 27.064599327 27.9884403245 27.3744439926 27.45717154 27.8653528109 27.4875813023 28.3812573604
0 0 0 0 0 0 0 0 0 0 0 0 0 28.3432350217 28.0378251752 27.5477520085 28.3559354528 28.1924182604 27.3431330095 28.0998965045 27.5363769514 27.5940572254 27.585756921 27.4946805164 27.3305777943 28.0387750378 28.1490202468 27.6789271247 27.2777190132 28.1159115864 27.6421286002 27.8356094058 28.0370193455 28.3081036899 28.1767626147 27.622427216 27.0058646249 27.8519895692 27.8998015751 27.9924012027 27.5939750542 27.9927949107 27.6726950626 27.7850072246 27.5052354778 27.2147815509 28.3934008151 27.8219439777 27.0568630896 27.1763434123 27.8951201987 28.225075646 27.9676770666 27.2896642814 28.2268408247 28.2193583037 28.2973694943
0 0 0 0 0 0 0 0 0 0 0 0 0 28.0078376482 27.3205373119 27.5517088008 27.8550357085 28.3323995331 27.811875907 28.2352289075 27.7931260442 28.2985056187 27.6454108045 27.0865545941 28.077748083 27.4018707082 27.5886292969 27.7681133173 28.264388013 28.3190308843 27.6369842174 27.4312828855 27.6301616632 27.0121158039 28.3710541601 27.4457751442 28.0908816027 27.0155278275 27.8884699738 27.3427523208 27.4131803088 27.9730939628 27.2297090658 27.0308791915 27.3148806643 28.0284888563 27.4384568028 28.0391949678 27.5033498755 28.4000040983 27.1539362964 27.4246129291 27.7965494255 27.3055448801 28.33818313 27.3334920914 28.3614927732
0 0 0 0 0 0 0 0 0 0 0 0 0 0 28.1518341483 27.3581655984 27.4510214535 27.4764826379 27.6690749584 28.1307761559 27.4335855758 27.2595935779 27.0386521648 27.810409311 28.3701212949 28.3128707261 27.3210563782 27.9587937485 28.3668871327 28.0689937433 28.372117995 27.9698304431 27.1547114898 27.2478916764 27.9788348371 27.4670255539 27.4071747183 27.5971834551 28.1339406571 27.8871299358 28.4076023041 27.9975422621 27.332772985 27.721650108 27.9719815958 27.6039807507 28.2604207307 27.1445809524 27.5683462305 28.0048719827 27.4661739173 27.3749156991 27.8400583567 28.3578274289 27.6537571784 27.8910570189 27.4004960696
0 0 0 0 0 0 0 0 0 0 0 0 0 0 27.6591493803 27.1089015345 27.2540932031 27.8169585132 27.2849145377 27.6405766124 27.3848661727 27.6468404422 27.9590353323 28.193734153 27.4853236563 28.2790147319 27.9847862966 27.8543891917 28.1410536885 27.3163675886 27.7428081915 27.586951985 28.2538839852 27.1797941814 27.7891439442 27.3003655442 27.1064727852 27.0629742834 27.3608036108 28.3327184342 27.0036942222 27.1447721858 28.117675484 27.9654043711 27.7149999009 27.7199069169 27.5709910504 27.9417209451 27.7898335928 27.9517547723 27.7060293447 28.2723470343 27.3689011194 27.910777065 27.8643025697 27.6621189208 27.384317108
0 0 0 0 0 0 0 0 0 0 0 0 0 0 28.1925723567 27.2403016149 27.7039786673 27.3660259902 28.3038628001 27.2291320143 27.9178725534 27.7263044512 27.8817242183 27.5957688958 27.1941875229 27.8614765416 28.2266353883 27.0384650545 27.4317688381 27.4670007699 27.6597180577 27.8868409204 27.4021623572 28.2728515791 28.2912902743 27.6096123606 28.1968596666 27.2095466776 27.2357310804 27.4485509553 27.190737326 27.1092409886 27.4158718179 28.0488695022 28.1378011367 27.5336798917 27.754763747 27.7763219672 27.0461680634 27.7570319651 28.4087476398 27.4896918524 27.2964586154 27.7102298713 27.9147613464 27.9263854164 27.4839166212
0 0 0 0 0 0 0 0 0 0 0 0 0 0 27.4546333647 27.6744982697 28.408903628 28.3987167909 28.1682581433 27.7150632689 27.6573207289 27.8908831656 27.339582811 27.8444844626 27.4376358446 27.6737600723 28.134241588 27.2248325646 27.0019060406 28.0525843871 27.5863452518 28.3407655394 27.833849965 27.897808198 27.5786276701 28.3878855056 27.759763401 27.5785513034 27.7890485709 27.7683707275 27.8076836006 27.0691022317 27.1051425037 27.7362474715 27.9465419007 27.9068517847 28.3827254799 27.1554563161 27.471060286 28.2099365548 27.3674702783 27.8734693696 27.4053987178 27.0782738883 27.6179715919 27.7174515605 27.6103535357
0 0 0 0 0 0 0 0 0 0 0 0 0 0 27.8457296947 28.163058507 28.2917074193 27.7325505575 27.8566022437 27.3388682393 28.1020682387 28.369851055 27.3614188587 28.328156038 27.614685127 28.3634050106 27.994181794 27.7236740889 27.8633942781 27.9807580833 27.4387698505 27.2688950372 27.7196569182 27.7789743135 27.3329419169 27.9097118425 27.0904668258 27.97320514 28.259083535 28.0951940294 28.139811597 27.6523354617 28.2881463358 27.542151592 28.1909719298 27.7176478093 27.4914565181 27.4289737733 28.0154159976 27.5322133582 27.676471481 27.1615042067 28.2858326489 28.2668226824 28.0071221879 27.2394417866 27.021534212
0 0 0 0 0 0 0 0 0 0 0 0 0 0 27.3446138087 27.8801264702 28.3340377654 28.1602543788 27.2087602384 27.7466470315 27.7673125754 28.0644808717 28.0373856109 27.7304606247 27.0797657132 27.851853652 28.0326991259 27.2499797424 28.4011251503 28.3014830666 27.6161059958 28.1061775795 28.0092164957 28.0520589832 27.3583086458 27.598473214 27.0145048139 27.1317340243 28.0087106588 27.9801027732 28.3529886343 27.7271425585 27.739777425 27.8793706421 27.4984030384 28.085137366 27.6264623549 27.485528654 27.4356650651 28.0510448717 27.697690132 28.0490204395 27.0832557705 27.3672214353 27.6063317738 27.4878391707 28.1230914087
0 0 0 0 0 0 0 0 0 0 0 0 0 0 0 27.4113920334 28.2596609806 27.7635529552 28.4100895907 27.0466055279 28.1064934573 27.8843270749 28.3705454183 27.1026538668 27.5825156034 27.9559835976 28.0767573032 27.6571857155 27.6752542523 28.3561962841 28.2749354288 27.5314047992 28.1816174063 28.3627588976 27.0006538127 27.8553532555 27.196263321 28.2064128918 28.3238854872 27.0466048334 27.2973357194 27.7236923049 28.3287252247 27.2798151349 27.9123513781 27.1877779423 27.9171455138 27.6014326109 27.0091231003 27.0254570022 28.148913365 27.6071823407 28.1512551847 27.2784203708 28.1145439137 27.6508902601 27.072760785
0 0 0 0 0 0 0 0 0 0 0 0 0 0 0 0 28.3686951971 28.3073035731 27.0366712599 27.6384073302 27.8281402435 27.5695215485 28.0217030092 27.3549447764 27.167574242 27.4047834854 28.2351692066 27.5226417382 28.1351574224 27.6273156258 27.8768367417 27.9133943287 27.6736385219 27.7349954871 27.3959606081 28.073976204 27.2114568013 27.5201284838 28.2839385716 27.6671696468 28.1937155864 28.303001624 28.3312376887 27.3740254281 28.0943369944 27.5147743072 27.1408191809 27.844627342 27.5433410548 27.3843139195 27.5252548327 28.3730936569 28.0744495773 27.8537037938 27.4966727353 28.248447751 27.9034345305
0 0 0 0 0 0 0 0 0 0 0 0 0 0 0 69.7571762143 69.7571762143 28.2414569454 27.9641514653 27.3722538264 28.0762104985 28.3568789584 27.7321376391 28.2084857019 27.6756736003 28.1046024803 28.3022644919 27.2871322339 27.1893760805 28.2541938416 27.8147978776 27.3030039966 27.3569746366 27.0414748851 27.6256289666 28.0522564685 27.2694801985 27.547765145 27.0931399224 27.4307596406 27.8238715267 27.6028303248 28.3880877544 28.3135065029 27.3322742432 27.364109515 27.8256719135 27.192045271 27.8838860721 28.2416641369 28.128850813 27.0382655777 27.3278792221 27.0612797357 27.4376030476 27.3267596728 27.3037142673
0 0 0 0 0 0 0 0 0 0 0 0 0 0 71.1128159093 71.1128159093 69.7571762143 0 27.7482674648 27.6473061711 27.2458056642 27.0221536161 27.048032575 27.6234690927 27.367470119 27.0049581769 27.4402549021 28.0195993185 28.0368838092 28.4136367835 27.8157247209 28.1239729915 27.7196143519 28.1461449922 28.3816011057 27.5456508385 27.0887219204 27.1905991025 28.3964887889 27.8504779339 27.5038435543 27.7059352876 27.635967888 27.3936502377 28.1908282246 28.0635568909 27.3575367819 28.1295985611 27.7182822089 28.1024356883 28.0686353745 27.541917172 28.1167426155 27.7125288538 27.2711134034 28.2237527044 27.0121291145
0 0 0 0 0 0 0 0 0 0 0 0 0 0 71.1128159093 71.1128159093 0 0 0 27.1033082013 27.0969433051 27.1127116403 28.2563446802 27.3426997793 27.7716703463 27.1211105069 27.4476674322 28.3417204025 27.6432221563 27.5669349614 27.4318442192 27.6781063072 27.8755815179 28.3544684949 27.693653664 27.7954691074 27.0741619671 27.8368129529 27.0951829762 27.0902113724 27.9734180963 27.218358924 28.29244276 28.2480123595 27.316435264 27.1824356386 27.6072005942 28.3946810724 27.080618086 27.0337518812 28.4138264884 28.026626213 27.834073356 27.505705778 27.9086811215 27.2213682513 27.1884710795
0 0 0 0 0 0 0 0 0 0 0 0 0 0 0 0 0 0 0 27.0658730724 27.3094457819 27.7250500593 27.1611367398 27.9510527072 28.0615637148 27.3988109751 27.2752932575 27.0410797965 27.2305942728 27.5134310755 27.412320415 28.3518537231 27.6542786873 28.0232958396 27.0528609523 27.4511900398 27.3527727642 27.3837350153 27.6752234763 27.6700365154 27.8129726329 27.7944409436 27.7658639913 27.213089154 27.4704913702 28.3982473219 27.4160680259 28.0676902543 27.4515946191 27.1837820515 28.2643315005 27.2420439536 28.1488596605 27.924597747 28.0538374652 27.6989034594 28.2030827477
0 0 0 0 0 0 0 0 0 0 0 0 0 0 0 0 0 0 0 0 27.507170682 27.0230454496 27.5020886617 27.9239013691 27.0131021198 27.4406598118 27.3776725554 28.095972327 28.1403695839 27.6942453335 28.3502409176 28.0307657709 27.3517859384 27.5738975255 27.2699114037 27.724195148 27.9185281684 27.6956589989 27.4064384674 27.3297708975 27.5786481731 27.5678594796 27.1790971376 27.7104219049 27.9313492266 28.2733196978 28.1663981817 28.2667168047 28.3431845003 27.3780183106 27.0130998884 28.34987924 27.1402663085 28.0620974977 28.148122226 27.9579059234 27.793345829
0 0 0 0 0 0 0 0 0 0 0 0 0 0 0 0 0 0 0 0 0 0 28.3101379036 27.516571348 27.9695869996 27.5396917805 27.834248254 27.7110371322 27.8139396992 27.3227912697 27.5189637119 27.9036673614 27.2260670079 27.3777728488 27.327969255 27.9427207105 27.7927949896 28.0064691518 27.6522930938 27.7476454465 28.1924984614 28.3898312711 27.2179283065 27.5530796812 27.9623320097 28.1220250906 28.287528288 27.9650034459 27.1048494609 28.1396915837 27.2441217002 27.5158500818 27.9711286403 28.2873878017 27.3977386614 28.3900116049 28.0377143564
0 0 0 0 0 0 0 0 0 0 0 0 0 0 0 0 0 0 0 0 0 0 28.1009145294 27.4979503129 27.1539408605 27.39616821 27.4254288822 27.5127222428 28.2927193029 27.0901810445 27.926279833 28.0237218791 28.0697544005 27.6624410036 27.8637653865 27.9526077439 27.8331968243 27.0702330255 27.7046255053 27.9436824079 27.597751479 28.2457880363 27.4180788628 27.3411296846 27.4422287887 28.3114640721 28.3010375518 27.7725102962 27.1435682063 27.1136426605 28.1919270325 27.976084423 27.3618240991 27.9669770977 27.8855891169 27.2418736695 27.5546087215
0 0 0 0 0 0 0 0 0 0 0 0 0 0 0 0 0 0 0 0 0 28.3041700522 27.0832757293 27.5616708588 27.2467241368 27.3496400041 27.8712688764 27.9867512326 27.6007999415 27.1514767297 28.3703843215 27.4813150934 27.3780083283 27.7274780302 27.5677218429 27.1924882068 27.6403720036 27.0937194922 27.6727848388 28.3470483635 27.989557563 28.1070323998 28.0822151257 28.1256951356 27.3672902892 27.3532060507 27.015661526 28.2170014811 27.4874056818 27.915469076 27.0458476074 27.2672434774 27.2046332357 27.1742496949 27.0344295903 28.3447451071 27.7134106568
0 0 0 0 0 0 0 0 0 0 0 0 0 0 0 0 0 0 0 0 27.2656998142 28.3741537977 28.134481091 27.1289550977 28.0831786407 27.2708562732 27.893722819 28.4002040549 27.9790490475 27.1991091381 27.3242249679 27.3320845404 28.4059657866 27.2271958066 27.9241112247 28.0018081302 28.2199122867 28.23197584 27.8576521944 28.1621929221 27.4227140564 28.3233670039 27.3335777051 28.1912738919 27.9726378076 27.8214088843 27.8015168216 28.2278121108 27.1187089253 28.1641857973 28.3866347573 27.3948546061 27.5199059926 27.4563915826 27.7685153585 28.2579118551 27.1031383383
0 0 0 0 0 0 0 0 0 0 0 0 0 0 0 0 0 0 0 27.2199980897 27.2903088859 27.8235885865 28.237454817 28.3194008145 27.697762695 27.8088193383 27.2426432409 28.3812267265 27.253897116 27.7301113338 27.3113325266 27.1961508441 27.3738867531 27.210172225 27.2742257439 27.0454096827 27.4438586908 27.1086139644 28.3078155545 27.1773722235 28.3030948964 27.7738375136 27.6196168404 27.4476330594 27.0694349805 28.2604883859 27.7448141954 27.3403715245 27.9453442614 27.0897390984 28.1453463573 28.3940924057 27.8183717347 27.089578044 27.6271298964 28.1000506704 27.4396667074
0 0 0 0 0 0 0 0 0 0 0 0 0 0 0 0 0 0 0 0 27.3925115156 27.7450460781 27.5428058065 27.6388945828 27.4722074515 28.0219856663 27.3497605947 27.9260487518 27.8028044225 28.2982406413 27.4199684072 27.3817577497 28.0953810479 27.9297124865 27.985193553 27.4899714052 27.7377012839 27.4661638583 28.2898987837 27.4988500045 28.2624246774 27.0172170139 27.3076239334 28.3770214966 27.6294564229 27.9775357428 28.2323056938 28.3744516299 28.3272184344 28.0395118471 27.8779520287 28.1758306388 27.0913551554 27.0409373972 27.2565318766 27.0350084525 28.1183728417
0 0 0 0 0 0 0 0 0 0 0 0 0 0 0 0 0 0 0 0 0 28.237926148 28.366348467 28.2323140691 27.1898092562 27.548993902 27.3881978065 27.9386365344 27.4895216947 27.1888693185 27.9801655302 27.7458386311 27.4745750644 28.2294067189 28.2854977791 27.7930413582 27.5852168425 27.7859752235 27.7598167636 27.4390067797 27.0476590862 28.3721700779 27.591832418 28.2097053171 27.5732573008 28.2124761901 27.963300803 28.0011152764 27.7087189575 27.5523588865 28.090082881 27.9382672741 28.2680731766 28.1143140499 28.1578974265 27.1533214426 27.4642482615
0 0 0 0 0 0 0 0 0 0 0 0 0 0 0 0 0 0 0 0 0 0 0 27.7918418415 27.9084373797 27.8112267123 27.4662377216 28.2337997585 27.375295241 27.4727704198 27.7626989372 27.1163246067 28.0786430442 28.125390921 27.2388751833 28.2465442347 27.7770864942 27.3414918474 28.2626263046 27.1372034746 27.9406009211 27.9236651685 28.2900198186 27.3046921287 28.2010985352 28.2756523018 28.0992909537 27.0481213865 28.009099108 28.1715147493 27.1823667625 28.0242346134 27.8579717337 27.039262837 27.976530702 27.840529737 27.6868797378
0 0 0 0 0 0 0 0 0 0 0 0 0 0 0 0 0 0 0 0 0 0 0 0 0 27.6979412833 27.1097847751 27.9817904399 27.638448496 28.1203954637 27.4839597353 27.9002593375 27.2204201619 27.1240533334 27.5087789519 27.7047685159 27.1887591037 27.0972546832 27.4617365872 27.9214144284 27.5637783695 27.1478129452 28.1844287477 27.555632788 27.3448343186 28.0246222894 27.4303805635 27.7458388763 27.3814733501 27.8423081749 28.0150793078 27.4558485752 28.3498082061 27.1748626042 27.8751174459 27.7960244766 28.2958411394
0 0 0 0 0 0 0 0 0 0 0 0 0 0 0 0 0 0 0 0 0 0 0 0 0 0 27.9863009752 27.0959305942 28.2408258215 27.0216170182 27.0295897676 27.9664112193 28.3435354273 27.5926007008 27.5940884028 28.4050721109 27.7812354723 27.4765581843 27.1199538463 28.1484967965 28.1040265613 27.7350993361 28.0090602501 27.3100631835 27.3552722967 27.6962140605 28.0963965245 28.2379809065 28.3988340665 27.4974564078 27.1988034007 28.0404187584 27.6157841127 28.3569067793 27.6564702043 27.4828761416 28.2265841421
