Spatial_Output/DEC/DEC_0291.asc
NCOLS 155
NROWS 192
XLLCORNER 196307.867259
YLLCORNER 449144.565805
CELLSIZE 33.573938
NODATA_VALUE NaN
[rows 26 to 51 of 192, columns 0 to 56 of 155]
0 0 0 0 0 0 0 0 0 0 0 0 0 0 0 0 0 0 0 0 0 45.0482639365 45.1928799886 45.0914475743 45.010039279 44.6380692094 44.8764537087 45.0731798931 44.8609146412 45.1049551614 44.7146995302 44.5125555753 44.8464778639 44.7319187216 44.9994389108 44.9268699239 44.5512241211 45.1802016873 44.7366842936 44.8406467663 45.0860657464 44.729424628 44.9371010843 44.5302536029 45.1187828835 45.0275049169 44.9719954702 44.6759227361 44.7665197062 44.9389221015 44.8442581619 44.8296120119 44.6945412217 44.7423981773 44.8748437331 44.9324429548 44.8255013489
0 0 0 0 0 0 0 0 0 0 0 0 0 0 0 0 0 0 0 44.6144796678 44.6069259879 44.8702282366 44.9384213574 44.5415856863 44.9070264917 44.8844415635 44.7490833778 45.1201716091 44.7728138275 44.9842324954 44.6260389465 44.9110158223 44.8499571546 45.043770563 44.901152502 44.8323442592 44.9939890892 44.5880104721 45.068115821 45.0560277539 45.0740136135 44.653379157 44.8123390074 44.9330969021 44.8931121694 44.7803017634 44.8895581887 44.944160866 45.0908332357 44.5140261034 44.7620927037 44.6956554746 44.592773025 44.8952756115 45.1662585937 44.7883560229 45.1078187514
0 0 0 0 0 0 0 0 0 0 0 0 0 0 0 0 0 0 44.656327759 44.7747310333 44.5524119338 44.6455704972 44.8656693476 45.1493146942 44.7846030465 45.1738692058 44.8207630605 44.7930256829 44.9258323191 44.623710831 44.8859337995 44.6240972144 44.907874768 45.00410572 44.6709954837 44.9512852267 44.7841126476 44.7632700662 45.167130309 44.9601844099 44.8384843627 44.8293836784 44.5919231118 44.7382968316 44.7339104152 44.5274040098 44.6347702047 44.5252214803 44.9139405802 45.1418908879 44.8396503933 44.6649858215 44.9006763028 44.7639625903 45.021735634 44.7477375406 44.6301317785
0 0 0 0 0 0 0 0 0 0 0 0 0 0 0 0 0 45.0700025852 44.7222108552 78.2474013492 78.8090308952 82.1759001688 44.5053352951 44.9080668431 45.0925309913 44.7854708699 45.0885024681 45.1859622415 44.9217715623 44.838380006 45.197889883 44.5127763789 44.8226497415 45.0801664759 44.5679090334 44.5275571471 45.0185177893 44.5511738548 44.746211072 44.9654350837 44.5955225548 45.1847337404 44.7856082437 44.9482243918 44.5528254585 45.1676839302 44.7604277437 44.5185733564 44.9238528484 44.507344264 45.1070097791 45.1124247264 44.7308841845 44.6578487195 45.0266748597 44.9616403645 44.7626731599
0 0 0 0 0 0 0 0 0 0 0 0 0 0 0 0 45.0232013089 44.7157964837 45.0753162894 68.884034891 78.3818440282 73.1873133606 45.0152598203 44.8002536233 44.7126823291 44.5198453914 44.860852332 45.1620387594 45.0825853698 45.0264273405 45.1966266624 44.9234864642 44.8708311659 45.1427026316 44.7437802904 44.5591429942 44.7841364781 44.5624027837 45.193315934 44.5454035602 44.8419310142 44.8093857753 45.0877984512 44.8628891311 44.6708669744 45.0846205672 44.6749687647 44.7575456351 45.1583992375 45.0099292756 45.1089914689 44.5678149019 44.8892818257 44.7540937964 44.5458322692 44.7060439812 45.2038073224
0 0 0 0 0 0 0 0 0 0 0 0 0 0 0 44.5200679894 44.9562879455 44.9574067177 44.5262861884 85.9949839205 74.0229558424 72.3889281497 70.5671425277 44.9150852603 44.5312178834 44.8707502987 44.7720816312 44.7278195256 44.9446244556 44.8431211557 45.186741749 44.7898475063 44.7597444327 44.5992939549 44.9607760065 44.6644919225 44.895835939 45.1729749398 45.173751511 45.0092167477 44.9706877994 44.9610690646 44.656432819 44.6151772467 45.2013026025 45.0523822228 45.0430672013 45.0485269727 44.5892305719 45.0000281108 44.6989367376 45.0474545482 44.8927625369 45.1042193273 44.7234151365 44.883791208 45.2050058605
0 0 0 0 0 0 0 0 0 0 0 0 0 0 0 44.8714294919 44.5876827534 44.7845101155 45.149377689 80.8565166268 84.393687946 83.4142366504 80.3901876914 45.0270480746 44.5444238858 44.5000813485 45.0353935716 44.6329723357 44.5425324176 44.9156153808 44.6140086201 44.5510171503 44.5508193591 44.7065534715 44.575316203 44.708219751 44.6272158625 45.0930910704 44.6329395242 45.0862400084 44.5270104641 45.0203477509 44.7141821286 44.9819611438 45.1308820358 45.1131950211 44.9538860543 44.9066463376 44.9135341281 44.9008011719 44.8823233839 45.1259507033 44.82763009 44.572735608 45.0738395765 44.9763368328 44.5097106407
0 0 0 0 0 0 0 0 0 0 0 0 0 0 0 45.0009078464 44.7814676349 44.5636545061 45.0796354807 45.019266602 77.5125253901 79.488407604 83.5956871334 44.8771784978 45.0564183378 44.6601834305 44.6293613299 44.5512863921 44.6006980727 45.1815147899 44.6881494557 44.9480916921 44.7188970044 44.8560506845 44.5771142232 45.1307366201 45.1257141786 44.8793129641 44.7728684986 44.5035108513 44.9850879508 44.9893864741 44.9943623588 44.9975500536 44.7452111342 44.8766526196 45.0595657696 44.5659593622 45.1167924381 44.8980403413 44.5009096853 45.2045330556 44.7374870837 44.9372883367 44.9309056978 44.671674318 45.184526208
0 0 0 0 0 0 0 0 0 0 0 0 0 0 0 44.6020457152 44.5003739245 44.7400483677 44.9985931426 44.8294725284 44.7115984585 44.9649714552 44.808180178 44.7365025103 45.1046220988 44.7162244923 44.7807478379 45.1292833925 45.1950809189 44.6283202849 45.0914752458 45.0592900196 45.123170592 45.0166724744 44.9850833038 44.9578406661 45.0062208971 44.701365994 45.0619917602 44.6639075805 44.5265423566 44.9909930268 44.7167397078 44.8097770084 44.6503408013 45.0756922512 44.943748787 44.9920710912 44.7854190513 44.597457005 44.9249729461 44.7723586154 44.9084310217 44.8764064023 44.5179298313 44.7786755847 44.9097368926
0 0 0 0 0 0 0 0 0 0 0 0 0 0 0 44.7451340848 44.7898776239 45.022999309 44.7054469322 44.79654123 44.7351692248 44.7436265718 44.7854857255 45.079870821 44.7295430205 44.5769406725 44.6260383849 44.5304703321 45.0094943777 45.0146965699 45.1130001004 45.0636324171 45.1677354144 44.7915563973 44.958304591 44.8756764238 45.1566167194 45.1846490762 44.7817819218 45.008211586 44.6717797361 44.6583355452 44.8889356855 44.8999725946 44.6800892092 45.0700038492 44.7267408346 44.7743803725 44.8734639153 44.6953643043 44.5910240903 44.6533054254 44.9055888691 45.1317686933 44.8217406606 45.0575383671 44.7991270703
0 0 0 0 0 0 0 0 0 0 0 0 0 0 44.6904667891 44.5095131098 44.9616331666 44.5902207408 44.642951007 44.9984981177 44.5273174223 44.8740638712 44.9323386182 44.659031206 45.2044050476 45.0606265911 45.038896017 44.9350808985 44.7394417454 44.5537694934 45.1563173129 45.0997363409 44.9531001895 44.5736249524 45.1692677255 44.8402281043 44.9991014125 45.2055134875 44.9031154731 44.7258400831 44.842890936 45.1795975097 44.5170608847 45.1058848678 44.9343660062 45.0940989395 45.0981714204 45.0940700854 44.6238475482 44.9466925028 44.5366077146 45.0717540428 45.1011567695 44.7627730313 45.0035402265 44.9412926882 44.6362949404
0 0 0 0 0 0 0 0 0 0 0 0 0 0 44.97673284 44.8909005716 44.7493554425 44.7060359796 44.9096158874 44.7983082568 44.764801711 44.8353677376 44.7109808523 44.5603005515 44.8714149093 44.7314410706 44.6486841222 44.7063093799 44.6331837012 44.5216043197 44.6267946336 45.1884986434 44.8441910364 44.6197011877 44.9803036783 44.5269273435 44.6207582581 44.5850243423 44.8019847918 44.9569589712 44.8749928173 44.6274637218 44.5686030453 45.1442085374 45.0123361848 44.9586229859 44.6138349272 45.2043615389 44.6333988872 44.7192698152 45.0655725537 44.7880463153 44.936630857 44.8379859583 44.7512927564 44.5119087558 44.7898346918
0 0 0 0 0 0 0 0 0 0 0 0 0 45.0412583242 44.7961865169 44.9644917995 44.8948316095 44.5268894741 44.5649185092 45.0361179238 45.0528948569 44.7805308983 44.6392005537 44.8574370506 44.8333228589 44.6912250649 44.8164941483 44.7151111057 45.1824820957 45.0632173634 44.895645668 44.9690941785 44.6764861018 44.5078795229 44.8182078079 44.6656227427 44.8502752654 44.8305599162 44.6551095649 45.0505227496 45.1951161338 45.0464810004 45.1576951172 45.0423340057 44.8579220956 44.8684695263 44.9144391757 44.7804507765 44.7597686609 44.8999469809 45.1024730247 44.8344096482 45.0493434862 45.0390151539 45.0879688032 44.7266740347 44.8390211582
0 0 0 0 0 0 0 0 0 0 0 0 44.5164763855 44.7090990297 44.7344809704 44.7775239739 44.8871904123 45.0707928471 45.1179013633 44.9628391028 44.5663293106 45.0313616318 44.8628747566 44.9387226165 44.88552147 45.202794872 44.6285691362 44.9283958542 84.3937298785 71.3513473101 81.0234526674 44.9258073921 44.5475104108 44.7172368963 45.1847042616 44.7406834739 44.797609847 45.0588201055 44.9874281639 45.0981107643 44.6038259741 45.0243656324 44.6811048737 44.9400809063 44.9315067321 44.8669689143 45.0834035838 45.128310912 44.7972571128 45.0724947413 44.613741239 45.1517364566 45.0519770506 45.1897355406 44.5642218811 45.1762128884 44.774267584
0 0 0 0 0 0 0 0 0 0 0 45.1145119289 44.8415142535 45.072652916 44.5834227845 44.6126609304 44.5852225791 45.0243374936 44.5101475733 44.5726867418 44.8003458237 44.8778635019 44.9592875399 44.9834161171 45.0068930623 45.0244000017 44.7549106755 44.8892304953 82.325125915 82.1979722801 74.2212625331 44.5020163626 45.0827172112 45.0411790342 45.1229332429 44.6482363585 44.8265932225 45.1563372729 44.6348823726 44.9050518594 44.5816004698 44.5911111956 44.7847588989 44.7287440756 44.682136836 44.9402548517 44.6060624926 44.8682879268 44.7102900874 44.9703212599 44.8562554458 44.8517730513 45.1124865855 45.127577722 44.621619193 44.8135568896 45.1156432245
0 0 0 0 0 0 0 0 0 0 44.6465462967 44.8398357823 44.731272576 45.0477591028 44.6231023489 44.8411489239 44.6808563838 45.1341696044 44.551636742 44.884078824 45.0780672731 44.5630279907 45.1641801186 44.506610347 44.8729091116 44.5383055782 44.9398703987 44.8442993517 83.4515156673 80.9058112617 86.5876835745 45.1532022099 44.8474063936 44.6773765645 44.9122503998 44.8400930441 44.573252383 44.963091813 44.6432834351 45.0752751585 45.0653310179 44.581210823 44.7081968471 44.5763298324 44.5606670447 45.0838949632 44.8344222388 45.1506801415 44.903022837 44.5874472135 44.95317423 45.1116072607 44.626337445 45.1643461525 45.1858254562 45.0898449631 44.6552778985
0 0 0 0 0 0 0 0 0 0 45.1501970294 44.6555504167 44.8277431048 44.7317531316 44.8296586419 44.9811481544 44.9892592025 44.6332148111 45.0857339126 44.7930327426 44.6278312892 44.5386558797 44.7025840391 45.0735941336 45.158865664 44.9314050135 45.0797285814 44.9174900779 78.5594491232 70.4491043614 71.7451254673 44.7386588455 44.8800018137 44.7343705014 44.7257445252 44.7287395371 44.8534140714 44.9968289783 44.9133972387 44.8891639815 44.7362495629 44.5174807333 45.1058940745 45.0106761193 44.7004750851 44.6908685561 44.6518125873 44.5434943184 44.9907438917 45.1957712574 44.7716143907 44.8626069098 44.6813611201 44.9002478167 44.8371420891 44.6109667093 44.9908225403
0 0 0 0 0 0 0 0 44.9676123784 44.8803939173 44.7913347161 45.2003850892 45.149165633 45.1180063385 45.0461001657 44.7753532344 44.7357459186 44.8690395871 45.1967865612 45.1868820048 45.081797686 45.0841306641 44.747724165 44.90717568 44.6944060407 44.7753962159 45.1542552795 44.7710608073 44.5804340504 44.9031357908 45.0892954513 44.846766015 44.6494576681 44.6498972162 44.6497232744 44.7426274332 44.6056139401 44.5874867004 44.6743727689 44.8925424335 44.6558988745 44.5151868872 44.8429748889 44.5963071377 44.8741710769 44.747548201 44.8078830469 44.5477996731 45.2037621503 44.7845152991 45.0610909656 45.0435064801 44.5602828417 44.7603841478 44.9759113373 45.0736191432 44.8622356141
0 0 0 0 0 44.8465861016 44.5316179856 45.1996465506 44.9290018303 45.076322757 45.065229374 44.9452529555 44.9488360131 44.8374674032 45.1338445958 45.1737348062 45.1305053834 44.5756423816 44.7497788253 44.8355435507 44.8062160867 44.7836814099 45.1979771162 45.2001241519 45.0423375073 44.649303426 44.559184371 44.7083971749 44.7678424322 82.19295235 78.9591101127 86.654214691 44.7555704882 44.9996693847 44.5357944969 44.8275109171 44.6876681794 45.0527137509 44.742810492 44.98001146 45.0976256753 45.0361009897 45.062961486 44.9488393405 44.9942225155 45.0840406654 44.6733634226 44.8706387534 44.6938828966 45.0757115152 44.9886297517 44.729542671 45.0804693022 44.8752698378 44.8122803145 44.8517580538 44.9730608316
0 0 45.1805709357 45.0300155839 44.996257854 44.9922152128 44.641180704 44.796940381 44.7796903574 44.9828354594 44.771587735 44.9483650893 44.7967385637 44.5605668674 44.5482396151 44.5127201184 44.6254660603 45.0115769847 44.7298442523 44.5511728394 45.1694612797 44.7321899392 44.8712602568 44.5755036464 44.7707473782 44.672937905 44.5872047675 44.5945995375 45.0268545172 87.5275586305 71.9143864034 83.4139659766 44.9732677674 44.5073276074 44.7198095923 44.5289869868 44.9355767788 44.5985862815 44.8626400496 45.0632329065 44.8694565429 44.6086469502 44.9467309348 44.5205241328 44.5625617501 44.5563692777 45.060609466 44.7863168479 44.5731237663 44.8279784712 44.7075759644 44.6555567344 45.1469042268 44.9952312064 44.8991320272 44.6098616933 45.0957783736
0 44.7109734639 45.0467503822 44.9679112765 45.0942221012 44.6742566738 44.683062072 44.6837850287 45.035793882 44.9703918058 44.5679634755 44.7053552199 45.1671859803 45.0000802844 44.80035328 45.1176318531 44.9431471016 44.7746624709 44.8969972443 44.6720171338 44.9687964825 44.5775073985 45.1960459493 45.1211410351 45.013913921 45.1713672009 44.5519244901 45.1832366407 44.7456879562 86.1115023173 71.0719727818 69.3716320067 45.0896325122 44.5462668225 45.1144462116 44.8283083002 44.5541894048 44.8119769831 44.673601199 45.108378964 44.5587220289 44.7421284507 44.6660638563 44.7108435681 44.5789146873 44.5528445683 44.5398107742 44.5705774023 44.5792491052 44.9491762786 45.1268860615 44.7553947745 44.7392876126 44.8619480669 44.5099108622 44.7480340822 44.9725214
45.149235279 44.5655450796 44.8485791593 44.7974246347 44.5832711621 44.8404932401 44.6942745811 44.6233349605 44.6840957926 44.7318052237 44.7396053669 44.9319550612 44.5294287269 44.7690631018 45.1979382688 44.8293629453 44.5739584036 44.7968364715 44.7568451125 45.070178245 44.827768917 45.0852053988 45.1690544587 45.0348423088 44.8772937883 44.5372914913 44.6553323029 44.7260583776 45.010499081 44.7014524908 44.9078052533 44.9774696288 45.0978905487 44.5023337041 44.5513192019 44.8451158372 44.9010057585 45.0151030497 44.8705123734 44.7181688356 44.9419664549 44.657948204 44.9295519971 45.1760963893 44.5138650169 45.0689237273 44.5371634071 45.1914477451 45.0917649118 44.914442867 45.0778050262 45.0541442181 44.9599998996 45.147255252 44.7298889218 45.1941697135 44.8942623973
44.9882829403 44.8593793196 44.7393188379 44.6409889262 44.9773972064 44.817972643 45.0213517997 45.0630280604 44.8063075898 44.7037189858 44.9744407324 44.7974663636 44.6595354394 44.7268809703 45.0510803705 44.5900912777 44.8263051602 45.1028744092 44.9607369602 45.0093407044 44.94131965 44.9178931187 45.125018814 44.7506315501 44.7966907839 45.1818839879 45.0124973859 45.0669691693 45.1665476977 44.6257527533 44.5988833298 45.1978834918 44.5600237821 44.7758217465 44.6357204062 44.8094045555 44.7146149823 44.5366319273 44.682849806 44.5938067858 45.1442477334 44.9368358047 44.7205904769 44.6697869036 44.8221896357 44.6919124346 44.5842996405 45.0682871882 44.7323679687 44.8012528494 45.1206676889 45.0773985801 44.545915862 44.8246411789 44.537345691 45.0852322224 44.7063895096
44.5617108117 44.5400480409 44.8751356772 44.7506201478 45.0359943688 45.0948945288 44.9816487571 45.0880952054 45.1724852497 44.6823201689 44.5175353722 44.9535508817 44.9531575155 44.8936831047 44.5349200895 44.6964353544 45.0328344028 44.9893130524 44.6379394731 45.1617030607 45.1751862645 44.9363503013 44.7746808686 44.8429414509 44.5748267838 44.8468598753 44.9510794733 44.6976297067 45.0993031533 45.0038627397 44.743486956 44.7236782158 45.1986194819 44.5185605363 45.126806108 44.7779902959 44.5525969055 44.7417629936 44.8381111332 44.7888446951 45.0567348243 44.5908344274 44.8493919466 44.5785153766 45.2007763731 44.6347830857 44.607591277 44.7712074149 44.902221442 44.8267547892 45.0365299917 44.9105145616 45.1617778011 44.6187633043 45.1618445636 45.0831464683 44.7570877555
44.8239531104 44.8956048782 45.1571251374 44.5966444407 44.5691549389 44.5790461423 44.9058461079 45.063162069 44.9187684608 44.5157224454 44.820899069 44.8599605262 44.9641572023 44.917328536 44.5775887553 45.0597122778 45.0988494486 45.1157700101 45.1010284727 44.7212514774 44.653418272 44.8363230286 45.0070388294 44.5536081913 44.7855473092 44.6401835744 44.7532156793 45.1335081849 44.5426387692 45.1490802817 45.109822154 44.8577627649 44.7162061184 44.9038751493 44.5436580348 44.6770594969 44.8478286328 44.8061844464 45.1010048071 45.1507037506 44.7084712679 44.7320734916 44.7284194516 45.129332794 44.8876745748 44.6341618809 44.7591981904 44.9626785161 44.5050046904 45.0206733416 45.0268606562 44.5454894265 44.5365941783 45.0444349326 44.8189730799 44.7980906882 44.5527856176
44.5033175426 44.8765660776 44.6838339983 45.1811979833 45.0483573425 45.0654634211 44.8853522454 44.7137104444 45.0547549989 45.0736126618 44.6709696084 44.5750714528 44.8628777896 45.2034275702 44.5538303907 44.7283739763 44.5194329331 44.8524416314 45.1168077069 45.0050253563 44.7408552251 44.9913235625 44.8496788085 44.7937750447 45.1765614414 44.586915277 44.5493771998 44.8751069857 45.1842998978 44.6966241637 45.1129119063 44.6544596564 45.1444117264 44.9589950419 44.6508053883 44.9585178948 44.8944673018 44.6901532921 45.0674435708 44.7110076802 44.9986934775 44.7285855748 44.8800680555 44.9388685341 44.9903078602 45.053380092 44.5770267924 44.5914984561 45.1315718732 44.8672177517 44.529551653 45.0701691156 44.7164772406 44.5393343942 44.928241308 44.6703398485 45.1183882768
