Spatial_Output/DEC/DEC_0996.asc
NCOLS 155
NROWS 192
XLLCORNER 196307.867259
YLLCORNER 449144.565805
CELLSIZE 33.573938
NODATA_VALUE NaN
[rows 52 to 77 of 192, columns 57 to 113 of 155]
25.0123230228 25.1042010192 24.8835156152 25.0015755662 24.8680448491 24.8788218777 24.6047733 24.4035047592 24.0696798091 24.5540597127 25.5721846917 23.6496218467 24.0251150511 24.2676643839 25.4626978671 24.3892076596 24.098774988 25.156403252 24.0514315193 23.8164784425 25.5278422939 24.1123161012 25.4316375433 23.7725646334 23.7081707771 23.642447751 25.0421569541 24.1044141835 24.2935005158 23.9585621564 23.7598208813 24.9642094218 25.243111845 24.3780923929 25.5734371138 24.0686361544 24.6763739333 24.0596320919 23.9402346417 24.4597047356 24.8250442917 24.9647736742 24.2194366626 25.1748461292 23.7421792018 25.3221612758 24.2011406445 24.2792523101 25.4689326564 24.3756978145 24.6855321528 25.0775948494 25.2037147614 24.8384345458 23.8572098856 24.2752993281 24.2213836303
25.35287048 24.5697087734 24.7761403534 24.5895285228 24.7252748028 24.5923818418 23.7547054435 23.6949278238 24.0699577193 24.2432162632 23.7328879495 24.9742007757 24.3989564001 25.572992794 25.5117841486 25.2731616719 24.9294138596 24.6058884745 24.6713113706 24.0436135691 25.0671947291 25.5860267409 24.2204279629 25.1939111305 23.5901065022 23.6652477889 24.0097123111 24.2319415799 25.5403430536 25.097659777 25.402727624 24.4888153138 24.1729074407 23.7008923533 24.2695970518 25.1128226463 25.5527231762 24.7354508537 23.6957825352 25.5350910895 24.2066058883 25.4449560122 23.7852802584 23.7768605078 24.6242910423 24.0095332557 25.5162340239 24.6923757392 24.2310007052 24.8179272917 23.8997060431 23.691295174 24.684630713 24.6860289644 25.0616781879 24.2698191889 23.5124913194
25.3658875291 25.4833654873 24.0788942585 24.0713108634 24.7568783611 24.2102683996 23.6185816672 25.0497041929 23.741237144 25.1325413632 24.6299764797 24.7186830489 24.497654772 23.635909701 24.2576597195 23.5917478816 23.8703064058 25.3059497521 24.54542419 24.1577959452 24.497877546 24.6441608141 23.55374735 23.5694952395 24.6565607202 24.4988965035 25.0430060916 23.8037441269 23.9786937283 24.6441473365 23.746063893 24.0222879557 23.6525471583 24.4153077527 23.6879493217 25.1562418294 23.8607033302 23.6740228754 24.3453248303 23.8937938938 25.1593075658 24.8973261567 24.2691685995 25.3941513756 23.5079977416 23.8482420255 23.7441531537 24.6530286996 24.1421737636 23.6230430279 24.9908493339 24.8008654881 24.0918343229 25.1208651624 24.4720613191 24.8136761653 23.9325164506
24.9053341707 23.7524653544 25.0039254635 24.7082580162 24.4809457679 24.410633684 24.2764218405 25.4441451238 24.7118928427 24.554393161 23.5203345061 24.4476994281 25.3234888524 25.3071742302 25.37306447 24.9347995 23.8809629406 25.3084362776 25.1578799286 24.7160684304 24.1602970922 23.9942147541 24.0304068428 24.3776838765 25.4532308948 24.644937855 24.0801136271 24.3206980824 25.1632652239 24.1400106744 25.1368675375 25.2595472075 25.3775305017 24.5031121339 25.3723137511 24.4992242924 24.382309396 24.4751104256 23.587408241 24.9884826513 23.6694698204 23.797888563 23.9035453031 23.5231013403 25.2262210134 23.9042468827 23.6544479231 24.0478743846 25.4311027048 24.1967371674 25.5586293119 24.7844175935 23.9234041466 23.9811747015 23.7207981876 25.0787523581 24.8649803406
24.416058364 24.5894506915 23.9750579056 24.7093177535 23.8524901771 25.0941735357 25.0351812833 24.2087509616 23.7013010087 23.5014538137 25.4838603013 25.3729237109 23.7464955337 23.6701428655 24.3658599364 25.1260943062 25.5457987263 25.550223272 24.3636605795 24.1410129551 25.1121957181 24.9728645901 24.786688675 23.6944521686 25.1878422172 25.0212424972 25.2618845845 23.905744867 25.5697070303 24.0495491036 24.0086824902 24.4119916884 24.0365326698 23.8059890993 25.5316902664 24.2823733628 25.4860613793 24.936532375 25.1318431272 24.3722759131 24.8541778599 24.1599462715 24.7407027517 24.8542178799 23.6514105595 24.1054435779 24.0714179579 25.0089736812 25.0463628029 24.7848159421 24.8776576093 24.0435163923 25.2590852874 24.2683275755 23.7881789035 24.7004328239 25.4490756614
25.4665824573 25.4430480477 23.6775562543 25.239914898 24.0781471324 23.5153817822 23.940552038 25.0535317798 24.5499305048 23.7941866936 23.9715439454 23.7611307717 23.653908946 24.1961093669 24.9757574752 23.8348988074 23.8870934689 25.4421091061 25.5244713785 24.5109158479 25.2256429469 23.513011043 24.0207398925 23.6633442259 25.3752829931 24.9831032599 25.5222579718 24.5449349307 23.9101138954 24.5129156629 25.0020639538 24.3169884773 25.2667230515 23.5941096392 24.7590956185 25.439167881 25.1919071247 23.9578607898 25.5307285624 25.533959682 24.2901827325 24.9576980345 23.87351717 24.2215988169 24.8191524467 24.6798116184 25.5746820403 24.0286364215 24.6701592641 25.519847319 23.8742569705 24.7009297412 24.7470030731 24.1582846789 25.1068634794 24.1495695201 24.6561968568
24.6838974503 24.9691400951 23.6030123818 24.8986131743 25.4128957021 25.1472110043 25.4890778083 24.2990341861 24.5768858875 25.211712726 23.569666703 24.4273462772 23.7857808219 25.5538304046 23.8601780433 25.0178046858 25.1301737815 23.6756113036 23.6916556736 24.7606557355 24.2865853901 23.9200141916 23.7675090923 25.4504693031 25.1530514549 24.7101759875 24.2466150763 25.5981167176 24.4917417782 24.6252684585 25.5447574882 23.7680294836 24.3751593145 25.5356807581 23.564803239 23.8228032029 24.62240901 25.4009165008 24.7233485908 25.3813677269 24.743913114 23.5857647077 25.3364168486 23.8316007095 23.5903196568 24.109116047 23.6515286297 25.2681333819 23.8431980214 24.3795209039 24.7550009671 24.936085388 24.1889477066 25.3162693989 23.7964967187 24.1265728033 24.5092381607
24.2956188659 24.105755508 24.3332410458 24.035673279 24.598741949 25.1080138474 25.2842280779 25.6182491306 24.8719201294 25.2971374376 25.0867144055 24.5828569139 24.1608698815 25.4072677008 24.6660516771 24.8048853725 24.5868757567 24.0297334418 25.2606819075 24.497082876 23.877746085 23.8265977676 25.4976165063 23.8698375434 24.1876475326 24.5041693231 24.7217341291 25.6121881289 23.6730716413 25.0597174627 23.8854295158 25.5772468992 25.5008164554 25.4251997434 25.3101890049 23.623507077 23.9823980226 24.0138515091 24.9949134746 24.1082021166 25.3257375624 25.3713881345 23.7838407469 25.0354686503 25.5843244958 24.220701313 24.329026459 24.868499729 23.6054319361 25.3219215389 25.544110743 24.824797337 24.8383587767 24.6492180113 25.6140303739 25.2925188428 25.5743084978
24.923310121 24.3701450533 25.028003689 24.7042305861 25.5265964235 25.1590950719 24.5930365789 24.6144572084 24.6104168658 25.0106836008 25.3896942549 24.3378061324 25.5107977346 25.0398240515 25.5283226019 25.3988368855 24.7764180358 25.2996466583 23.9833153157 23.9739021193 25.2971081516 24.3224541648 25.119396188 24.4066716872 25.0880999893 24.1060129216 23.9262430177 23.9966162055 23.722336151 23.9274597535 23.7734839689 24.4855174836 25.0425223061 23.8480944882 23.9549089056 23.9626038129 24.4545983205 25.3796363336 24.3655590546 25.3892302653 23.7086681598 24.869265565 23.8281370769 24.6280274407 25.0501682528 23.9764940071 24.7830983655 25.1223401568 23.6102107403 23.9584615047 24.8116254236 24.7167726886 23.9271658657 23.9300965994 25.3829369883 24.775604542 24.5901775646
25.5254783858 24.9124770164 23.702583199 24.2911423453 24.3165700375 25.0969407042 25.1669843711 25.4119654332 24.0501696468 25.5992748479 24.2977575062 24.076439539 25.1529020065 23.8185433875 25.0085207809 25.5999636828 24.3362018182 23.5839610206 23.9986072941 24.9895753389 25.4146924048 24.0950204327 24.980882273 24.6708341827 24.307632278 25.1280827613 25.5267810315 25.4662623564 23.6232939435 24.5260147171 25.1944038026 24.3499160108 24.5858279884 24.8152656745 25.1445609933 25.6072505706 23.8271777217 23.5624676532 24.5824793137 23.5797374535 25.2350722444 24.5715025084 24.6337535264 25.6061779037 23.5419249573 25.1813817275 24.4223469947 25.4197776851 24.860598261 24.0959669962 24.1401971335 23.9777178778 24.0535316342 25.2175426842 23.6708259203 24.047150127 23.5934641948
24.795433572 25.4111297592 24.7458504993 24.516514653 24.7011433888 23.7564196428 24.0322966377 24.6401235565 25.10673551 24.2544159138 25.5810668015 24.8576315806 23.6192525969 24.9563097184 24.411423186 23.9170896168 24.0339432828 25.3508585541 24.024349096 25.1960560044 24.5558032691 24.1124146745 24.6482421656 25.3031946527 24.480095252 24.2578542274 24.5368368895 24.8343855075 24.8531310549 25.1929057608 24.7716775354 25.5674803194 24.8629263133 24.8419186509 25.1526719164 24.8376887995 23.6952266267 23.6943195564 23.5115704608 24.4196753299 24.6405607305 25.3278099061 24.5446419868 23.7593723432 24.9334629992 24.9773636755 25.3763788982 24.7610825915 23.6804965735 23.8542176447 23.8390154191 23.8962359601 24.7314010496 24.3918171997 25.2121072124 24.6254802445 24.5305893613
23.8774127911 24.1666038476 24.0667009748 23.5283308449 25.5256649815 23.9411609066 24.0897218497 24.5668972422 23.5408613756 25.2365388058 23.7980225307 25.2734581436 24.6041959607 24.7891960836 23.9201031347 23.8733818286 24.4222762763 24.9630210086 24.3396982633 24.0261813304 25.3333604665 24.7407783048 25.3360215663 24.9274069413 25.4900051666 24.4814333659 23.6398727817 23.97634885 24.590439356 24.7285551586 23.7592937644 24.5086458082 25.3756447971 23.7376344189 25.1384796804 23.9942775169 24.4136598029 25.5760702067 24.1362599839 23.5623102255 23.6084440206 24.9463448894 24.8511728648 25.3395511805 25.0980356067 23.8102536865 23.5226203681 25.2417797701 24.5259208621 25.0537171141 24.8259949814 24.7526985199 24.2661771564 23.9080562677 24.4109209532 24.2378840395 25.0075082267
23.8438687766 24.3148040186 23.622687501 24.8224051192 23.6544112766 23.9652088693 23.8044381293 24.6009273011 24.4387706959 25.591648169 25.3782678898 25.2876751249 25.513443129 24.1789667187 25.0348290195 25.1001894105 24.0272068317 24.5587327441 25.583281577 24.931892622 24.3509171728 24.5070485198 24.1822081601 24.5621700098 24.5800772479 24.0613708401 24.7061606065 23.6749877022 24.169077565 25.5741711326 24.6459290984 25.3255849094 25.0403742258 25.1886975828 25.2592988424 25.2050691881 24.8530897708 24.7328497869 24.7540324335 23.9401296569 23.5987715704 25.3154563802 25.5075622875 24.3739731923 24.5903478339 24.0773947992 25.3041826963 25.0671941157 24.5268717698 23.8793069698 24.9622133416 25.2828000405 25.3820559558 24.730768676 23.5106197245 23.682757251 23.7251008526
23.8505212135 24.9711657973 24.5867445081 24.6623026473 24.3281974495 25.4420071962 25.0808841617 24.7561197539 24.0014000309 25.0644115965 25.5981209465 25.2898444407 24.5324322662 23.9092562791 23.8289804474 24.556576055 23.9442188102 25.1427714375 23.961937848 24.810401378 23.8878109744 24.2475516219 24.770119818 23.5185318145 25.0796965282 25.2822623502 24.1252059212 23.5036177494 24.1522863583 24.1007922272 25.1852536923 24.8297567489 25.5279424949 25.5430307835 25.2617280715 25.3738606882 23.9893304765 23.6881800886 25.0851721552 24.602166735 25.0878596297 25.3308678858 24.7700074129 23.8231955868 24.7745777511 25.4484969584 25.1013893011 23.6548006785 24.4536805735 24.1204767885 24.20297379 24.4914910826 24.1522901971 25.5460110914 24.9274456514 24.7740289926 23.6528204007
25.1656302234 24.4397475764 25.1935192742 24.5734244951 25.5284802718 24.3616094828 24.9914777714 25.3457682158 23.9191770946 24.3074363902 24.9146045763 25.2701065101 23.6523680664 25.5530691699 23.7812986119 25.6078583869 25.0445734315 24.6700985597 25.1564063697 23.8147403278 24.0578561139 23.6773065882 25.5404683716 24.3203729842 24.1644160777 23.9558301627 25.0370531123 25.0717940223 25.1865945006 25.3876950689 25.3443127835 24.9553315372 24.5150696023 23.648895817 24.6095452216 24.2705162775 24.6200819433 25.0477858628 24.9788173915 25.1971118726 25.0168601112 25.3850953188 23.6699439854 24.11755505 23.5444880522 24.2463182567 24.2561660664 25.0725898729 24.0147372384 23.5764136328 24.4439677145 24.9677441121 25.4572307103 25.3168433769 25.2954168161 23.9543654166 25.0142527501
25.0727564775 24.9447043473 25.5642392136 25.4449195412 25.5949359633 24.4919687252 23.7564884194 25.2283923925 25.5320525369 24.9195323066 23.9538188004 24.6022068636 24.238242248 24.6827038102 24.0644611022 25.1701026176 24.0257313762 25.5491408439 24.9522111636 25.3582863447 23.6813356257 23.5487883824 24.0232110618 25.5237042047 24.8270155093 25.3034012911 24.9717742857 25.4372133837 24.6429654101 24.144378432 25.5964491368 23.8451765682 23.5878570811 23.9110414044 24.993298053 25.1145781957 24.1802276486 25.1628058613 25.0449399074 25.4540831769 23.6575508908 24.5675243809 24.4475242374 23.6646161957 24.7208028314 24.7017492251 23.5465642744 25.5302353793 23.5436144971 25.0819129983 24.7679068924 25.0047206614 23.9117112104 23.616423412 23.5917549343 25.2939445246 25.0222621004
25.1115255936 24.8785518423 24.0120154406 25.3024761991 25.5311107546 24.4852359574 24.5262104334 24.6194154795 25.4494169374 23.7227899559 24.1191156358 25.1869044823 25.2825898797 25.4312842815 24.323580216 23.6549020583 23.8357518959 24.7594976157 24.1665586507 24.5037569956 24.6523697409 25.4738052986 24.9307490898 24.4132979063 24.4681974248 24.1379706835 25.2734067348 24.3638405633 24.7234448468 25.0464825719 25.0196269843 23.6214290596 24.826999394 24.2714931389 24.7189275926 25.3686248952 25.3339274615 23.7092146186 24.317239381 24.3303427281 25.0650488229 25.2003077256 23.8421944296 23.9702579812 24.0423568244 23.5712410227 25.619750395 24.3584469431 24.5510312797 24.7373783146 23.5162995267 24.1762112117 25.3508262231 24.2865000131 25.5286000124 25.5483969933 24.2438995773
24.587913325 24.8091243857 24.0440981803 23.6459147158 25.1895509287 23.8638808076 23.94475402 24.6946186668 23.7457626921 23.7969502594 24.2681678491 24.2147232314 24.4890536759 23.9212402385 24.2406874025 24.5533309277 23.9215489415 25.5819106065 24.4848261218 24.8836109142 24.3204000111 23.9351415786 25.5099452758 24.4880992526 25.3699984634 25.0002551947 24.6770387358 23.7942435755 24.9059642176 25.4798701057 24.3160591245 25.0269003669 25.5367852548 24.876683068 25.3958671143 25.4767068395 25.5019010131 24.2883448037 24.7897388798 24.9561423725 25.2862286967 24.7649489813 24.5248455631 23.7756628535 25.4558624874 24.316047634 23.6514409347 23.8612652167 24.9253676026 25.3536208557 25.1369793578 23.9061066581 23.9279326524 24.6513160891 24.2676586326 24.348697253 24.7309894419
24.7877046975 25.3897003642 25.1741992317 23.961488242 24.1344510216 24.4655526436 24.2770699074 24.229064996 24.3918460545 23.8326212391 25.4772621682 24.7871471283 24.6873445893 23.6542948794 24.4442595828 25.4523587041 24.6853738276 25.1471486793 24.0585512602 24.0112252784 25.1024550372 25.0896787669 24.9339119799 23.7596433152 25.0077053208 25.2670480104 24.7935255173 24.2476271207 24.9784697443 25.2093390446 24.7289816199 24.4834973192 24.0735591831 25.6020680961 25.5827809171 24.1094696431 25.4476642464 25.2772308676 24.9846738679 25.5659902437 24.9341706177 25.4873052841 23.8669406335 23.5641642229 25.1458161324 25.3866355647 25.1815752149 24.5580773985 25.4175738166 25.3447037097 24.7476080335 23.8612174877 24.8201362833 24.441245141 24.8609537168 25.348160551 24.9298165923
24.5152688988 23.7619743258 25.2015730973 25.1153035594 25.3958138513 23.5625497203 24.0734676884 25.0362344038 25.6176462067 24.107870095 24.7655135013 24.4499855793 25.1989047342 23.5071294804 23.8149741262 25.2146975208 24.6761902388 25.2662682866 24.3503131566 25.1942193817 25.2745706243 24.8065366743 23.8814014296 25.6006852321 24.0552261776 24.9954689876 25.0487802327 25.2936520535 25.4010466377 25.0569315854 25.0330273326 24.1200845586 24.0456816117 25.3521502166 23.7381136805 24.0843872566 25.3132805401 24.2181347737 24.9731603627 23.6789032028 25.2873978731 25.5249339062 24.9963712437 25.0368628563 24.7187957877 25.2754622044 24.4872640189 25.0515731375 24.7560702209 24.9471214724 24.4715399002 25.2134069474 24.7598292619 24.014555223 25.0271095801 23.6588930281 24.5409031131
25.2899761604 24.1718597429 23.8775631976 25.4142455998 24.8769516049 25.1804206727 24.0363304661 23.8829308002 25.3377701697 24.2339978103 23.712027546 25.3064406841 23.9430408123 24.9761498213 24.6455549653 25.445371842 23.747402621 23.9467653502 24.8639508027 25.1743025104 25.5262900194 25.1293512761 23.6365903267 24.2776238653 24.6577964235 24.3838975388 23.8578311497 24.0444376655 25.5694092821 24.3419561517 23.971831774 25.2605693965 24.7243323039 24.5054562113 23.9220430783 25.2852010395 24.6347725691 24.8802884011 24.6812798635 24.7574924892 24.8901971379 24.4771986037 24.8311562797 24.8565337252 23.9685201283 24.1140894423 24.8925119687 24.7819624622 23.8656024507 25.4279707282 24.0106014622 23.9797162011 23.8408000533 25.5549237708 24.6422458617 23.6583064851 24.0350407615
25.4780706295 23.5505475584 24.8253406997 25.010759253 24.0245969507 24.6215859944 23.7371379821 24.8909559488 24.5250709664 23.7059136076 25.4275176456 24.5818184299 25.2176817231 25.2636101147 23.6369369414 24.0955735343 23.7496787509 25.5883724112 25.4687153394 23.6139532237 23.7824519307 25.6067301547 24.8951663215 24.7053657171 25.0590988629 23.7580666195 24.4626814479 23.769761313 24.679123869 23.5887226946 23.8472160592 24.6614927583 23.6772455635 23.900162031 25.0894108282 24.000042071 24.0471330799 24.0588780807 24.8023475119 24.0575331267 25.1640602258 25.612043504 23.934988482 24.1233268447 24.4740001511 24.4809492258 24.8689844778 23.6414723839 23.536747142 23.9027629131 24.34357805 24.3033377574 24.397979908 25.3118862473 24.2945442885 24.1177973862 24.5078683447
24.8533923416 24.8152676622 25.024760978 24.0430593471 24.1352128892 23.5883995422 24.1049818781 24.7587707899 25.5902763349 25.581571864 23.7408177998 25.4969392574 24.3244893039 25.4277203293 24.3731792464 24.7731880051 23.5475606202 25.0947892313 24.2441453376 24.9944351793 23.6469985696 24.8869681314 24.5712565813 24.1896418089 24.1373421296 23.9707861898 24.6876692499 24.538624427 25.5568133125 23.521815198 23.7201733781 24.6549305733 24.5174615486 24.2084222307 23.8088383058 24.1632355516 24.5102347277 25.3520582707 25.3873962698 25.2637467618 25.2528449892 24.4738231264 24.2156884201 24.0694069965 24.7313089033 24.156455901 24.7231578934 25.1669431897 24.1279354831 25.1844799519 24.8341230041 25.4742399653 23.5245142395 24.3655534572 23.5935864057 23.6083586174 24.0375393081
25.5560238374 24.1580648665 23.8478427809 24.3066908072 23.5086165609 24.2348706679 24.1618421779 24.9908619107 24.9039238941 24.9301728631 23.6002417153 25.3206719143 24.5048655017 24.5183648644 23.6949285297 25.4245543365 24.3268182116 24.9241279373 24.4999547083 24.8091475586 24.4087668407 24.8913497087 24.7220776487 24.2834703164 24.627743633 24.5074140369 24.1504190955 24.963775484 24.4518302911 24.4047315667 25.0280836384 23.6587881174 24.2066509879 23.8572791533 24.5847635299 24.5455078968 23.9240031161 25.0457457213 23.6857852622 23.526824143 24.4837752623 24.4300120377 24.1761244119 25.3557215164 24.8343849139 23.7710021014 24.2064761659 25.2183271126 23.9243569579 24.1642094417 23.6284969918 24.3835409251 23.6678100076 24.316186765 25.1248874641 25.0110679811 24.0450982131
23.6756700437 24.5283814633 24.2572690549 24.2296915297 23.8626416518 23.9496430099 24.648744395 24.0662090234 23.9910871521 25.4465267779 24.0654816838 24.6372995521 23.5426489547 24.5846814773 24.714161531 24.5177541755 24.5063503068 25.1318090766 24.9008828436 23.8462539047 25.1661454157 24.5177531544 24.1495903695 24.3486462339 25.3081138844 24.2510648874 25.0552914719 23.9686822728 24.0546224306 24.1794008379 24.3843379784 24.1977136387 24.289454837 25.1338140709 23.6418796789 23.6124412281 24.756789146 23.9195174641 25.1334203282 23.5575531522 24.6389930134 25.579162514 25.4381365437 24.0700978344 25.502111419 23.8990998165 25.3536406226 24.0043922439 24.5727222379 23.6416362555 25.0790301344 24.3274877374 24.5169718938 24.9686789048 25.3541221675 23.788732163 25.0734773251
25.0804393684 25.4902888063 23.891547935 24.9079037194 24.2569084062 24.626670634 25.3972367446 25.2413870073 24.4843744583 24.7873656359 24.8867706374 24.9400532095 23.8673750047 24.4162095372 24.8996782344 24.701128266 23.6488449769 25.4239080822 24.2957310719 24.43396671 23.6363270514 24.8198078587 25.0541296747 23.8787245961 23.6081066537 25.4534585329 24.8736568536 25.0798218579 24.7727374752 25.5893686996 24.9163532452 24.6838464027 24.3547216017 25.5374268334 25.1676403491 25.0397790407 25.3956047197 25.5200509569 24.9352508814 23.7964887387 24.0485219589 24.8227452171 24.4785124418 24.4513740684 25.1960562198 23.7901055812 25.5282759415 25.4342773282 24.0682197867 25.0260553203 24.9024228771 23.9695207845 24.9301416691 24.3073888154 25.5021701634 23.6836039645 25.4958945657
