Spatial_Output/DEC/DEC_0520.asc
NCOLS 155
NROWS 192
XLLCORNER 196307.867259
YLLCORNER 449144.565805
CELLSIZE 33.573938
NODATA_VALUE NaN
[rows 52 to 77 of 192, columns 57 to 113 of 155]
27.3866012576 27.5393982987 27.382621064 27.2227661162 27.3044211604 27.1430438304 27.3016218005 27.9201067311 27.7145605078 27.2736241838 27.8155978839 27.6131976821 27.0767276703 27.5172843406 27.0598186486 27.1401973835 28.3272353087 27.2736683832 28.3370645099 28.2725855845 27.787525383 28.0024246657 27.0643521791 27.1209274948 27.0542499292 27.0483408489 28.3296414591 27.7243043443 27.5167248231 28.2942709941 27.4720186644 27.3933292795 27.8820468753 27.1894263055 27.9335465113 28.2305079623 27.6124228438 27.8659708889 27.8114946561 28.0267758355 27.4009225022 27.9366638064 28.1619611625 27.8128652896 27.5722025685 27.8838181994 27.4833166325 28.161585726 28.3858575675 27.8464453857 27.4227672708 27.3301031379 27.5543038982 28.0189469784 27.461720035 27.7261729305 28.0781782619
27.9099499873 27.5112942168 27.9965644748 27.2513408151 27.8201300199 27.5083193744 28.3084328021 27.6122160936 27.9773566893 27.5067517458 27.2636174064 27.92946723 28.1373468366 27.5123440915 27.3425747483 27.8453104002 27.3309806516 27.5717541535 27.1332287535 27.1282459098 27.2267829353 27.105966433 27.3582907254 27.848804415 28.2249563449 27.6127926992 28.1533597836 28.3832293176 27.3733610887 27.0332784673 28.1890218911 27.4041636587 27.9226892316 28.1439693913 28.0764497557 28.0972228033 27.4782668523 27.2157009899 27.9326983524 28.0138547048 27.2675975957 28.1761772261 27.5127518646 27.9969187906 28.2234244757 27.811833654 27.6492544284 27.4894916174 27.9511380963 27.4666417024 27.0928134229 27.6156410942 27.3284919355 28.0284858515 27.7259980741 27.5818390914 27.2877307047
27.7550779227 27.072718927 27.3407482052 27.7566795776 28.081284856 28.0287980108 27.1971236904 27.4211497131 28.048931257 28.0347189813 27.7447904246 27.5013603942 27.3726716048 27.6022982106 27.8514921863 27.6873624167 27.8439919536 27.130790255 27.8403034214 28.3629988063 28.3492366472 27.2884989141 28.0327012927 28.3289132883 27.0632925931 27.256241327 27.2770135446 27.051475771 27.2031396558 27.9195029903 28.1557828484 27.1028673964 28.3931873857 27.1900497389 28.3957427492 28.2778402199 27.4055836668 27.3538272575 28.0811237431 27.0302493212 27.2743065963 28.0617103019 27.8150471228 28.2189867647 27.0350648887 28.0841732726 27.6637059568 27.7102095587 27.8870215669 27.487196405 28.3026551662 28.3064117714 27.3600317622 27.132303299 27.5105058794 27.5919398698 27.2939648775
27.1635723215 27.8992408115 28.4031638237 27.0377704323 27.5351301385 28.4070601984 27.2430699723 27.3632861338 27.3404084621 27.9010716186 28.3017546891 27.8676460173 27.1732716479 27.5806411734 28.1972413357 27.1865821648 27.426045598 28.3248948111 27.1322383173 27.6102475839 27.6987652881 27.3047195755 28.3914974697 27.7773124456 27.8750638416 28.3160951967 28.1047518207 27.723890856 27.1247535367 28.2653461693 27.4268265532 27.9397415176 27.0393032419 27.50510702 27.3222444718 27.9393360661 27.0337924163 27.9168144354 27.9078444936 27.5339008034 27.7719404647 27.9208351808 27.1847176821 27.2820401408 27.2021086148 27.8799240325 27.1891937343 28.005875852 27.0621739017 28.0626728006 28.3422622862 28.0650949138 27.4021999971 28.0466506343 28.2547422259 28.2642099529 28.0639480146
27.9356503814 27.7189061787 27.0312937961 27.2538095308 27.2186032117 28.217409903 28.3907537733 27.7133617584 27.5211722612 27.6417677031 28.3627987259 28.0243160744 27.1358753985 27.388694531 27.6847883322 27.3959623423 28.0287656731 27.4959686112 27.5296679558 27.2578290398 28.2189568781 27.6934949136 27.3432729853 27.8382460086 27.0569513082 27.8413974685 28.3518096058 27.1063582364 27.8090928557 27.6112947167 27.71177954 27.5743782351 28.2915267893 27.3627168951 27.6252761228 27.33631589 27.2321303162 27.9294278495 27.4098626885 27.1154157116 27.7871740112 27.2023650463 27.2187601946 27.5563936515 28.2638218795 27.1919530798 28.0587052986 27.1434774107 28.3532531949 28.221204469 27.9494999587 28.2181012081 27.8832761367 27.5644489749 27.0734795952 27.509267301 28.2247273271
27.980335077 27.6768123922 27.9276400738 27.4452840837 27.4276108825 27.8602265858 28.3402094642 27.0958623935 28.181937801 28.2454289408 27.2676461242 27.2804359265 27.8123663741 27.5442766969 27.3419280458 27.0061366871 28.1551590694 27.1787370798 27.0530243377 27.7559362012 28.1042797049 27.3297391907 27.068393724 27.0726871629 27.8157564765 28.1441542633 28.0842057262 28.4022159528 28.0361086174 27.006938265 27.1458255432 27.7404702813 28.2372352132 27.8853688792 27.1659639342 27.4829875349 28.088089726 28.3016142201 28.2976339894 27.2595683846 27.7767427787 27.9460215294 27.2868670427 27.4914518103 28.0825284569 28.2195335343 28.0388114794 27.4333205229 27.6242207152 27.5685598086 27.730823001 28.3238360827 27.8875804808 27.0029974436 27.7113911283 27.8045160831 27.096891689
27.6266802495 27.410292886 28.2731208861 27.9356880575 28.1831265259 27.9192971824 28.0962147005 28.1874858 27.489140909 28.3392870066 28.3011388563 27.3748867158 28.3338142549 28.0595633366 27.8561512636 28.3274079901 27.1354807076 28.3071502571 27.6568382689 27.4130170041 27.1212515345 27.1140417249 27.9784910328 27.1330590888 27.9179589449 27.8710500862 27.9557736586 27.8285849501 28.0595324339 28.2708771864 27.9662344884 27.1967237427 27.9532504674 27.7710935683 28.0533510314 27.1625300471 27.6749252443 27.3710030348 27.1601845987 27.9711018775 27.3834182276 27.655874679 28.4079807524 27.1588727631 27.8116488434 28.0242790866 27.0143497553 27.6493878621 27.659209021 27.7191347665 28.3426917352 28.1711126995 27.081045968 28.296883633 28.3514187476 27.6927216521 27.0966644487
28.2712408264 28.3209140364 27.2642677786 28.2590026424 28.3802676534 28.1902591233 27.9691829697 28.0406539314 27.4503649493 27.2508340505 27.3046009993 27.870012941 27.6009475624 28.3587375068 27.3520674398 28.2334908321 27.7785941349 28.2405106619 27.39452069 27.9859563464 27.5050551215 28.0334119822 27.3004346532 27.7826183499 27.6399812196 27.6546315601 27.2488919727 27.7816812862 28.2111513319 28.1493371752 27.7494738968 28.007981582 27.4219086438 27.369541698 27.0842273362 28.1474614104 27.4030716682 27.1847537288 28.2770894946 27.3904228675 27.2775437152 27.0609251372 27.5216606631 28.2830343117 27.9022868691 27.12909217 28.3017288378 27.9927989553 28.2701774374 28.3773920569 27.6710488754 27.736403888 27.691396167 27.5035867427 27.2117307273 27.3901550661 27.774284429
27.3397832585 28.1068293226 28.3202087382 27.4701951433 27.8019005383 27.1260488827 28.0300779342 27.6213740607 27.6495430709 27.521753588 27.7940662098 27.5171161902 27.5592080415 27.0023980181 27.4392201824 27.4872355634 27.8999898564 27.4280528378 27.2399574943 27.0512284149 28.0766051532 27.6293890414 27.0557357622 27.3509357654 27.401400369 28.2230437425 28.1088428821 27.0235148273 28.1798779801 27.011177108 28.1313887879 27.4624232211 27.9637982752 27.8829994 28.4016595502 28.0366510012 27.7003015167 27.456418652 27.386824949 27.7493845043 27.4525825979 27.5980816098 27.6472488546 28.2912186617 27.23231143 27.9063473303 27.924397469 27.9710339449 27.5608074732 27.6668852144 28.1100224154 27.0149333192 28.2023088061 27.1735414478 27.7691359928 27.0393700016 28.1726979967
28.1429402796 27.9938860428 28.3548171949 28.0119266571 27.1576356801 28.0151807654 27.5445210326 28.1355368596 28.0662390549 27.7386399809 27.7834437678 27.6203005315 28.35471705 28.3825602985 28.2691347164 27.438597959 28.4036245771 27.4573257842 27.971305194 27.9204611283 27.3400291475 27.9396718766 28.1660599213 28.088062426 27.2791145571 27.6959090189 28.1163383032 28.1954695573 28.3482031969 28.2502002423 27.4961554855 28.1325428532 27.0945090947 28.0782849398 28.1231813326 27.5358213659 28.3325962281 27.4024501858 28.2058687655 27.3373862821 27.2784242229 27.7126254494 27.3728760001 27.3123959385 27.2675364508 28.3655260569 27.0430406974 27.904310974 27.3875419866 28.2872064801 27.5984309801 27.9981971877 27.4833816498 27.0221925212 27.7138057301 28.0119851091 27.6505760342
27.0599606774 27.4126243278 27.6403240616 27.0637509608 27.5630850447 27.6588760059 28.2268324911 27.0861645602 27.3170248336 28.357593966 27.2462625793 28.095264042 27.5234042399 28.0142791252 27.3926967394 27.3217683401 27.1240274906 27.855345247 28.058477677 27.0733143304 27.1532464425 27.3905594063 27.638699879 27.3235317686 27.337284609 27.3322506163 27.843492044 27.2270092474 27.8622316585 27.9435573218 27.41357702 27.5297328206 27.3851846597 27.4566802679 27.8119704046 27.1965610202 27.7245400636 27.6116638529 28.3623269644 28.1446900883 27.3700324941 27.350419734 28.1164463121 27.5797962329 27.249792403 27.0534159761 27.8810064754 27.3267518285 27.019862225 27.2737201297 27.0268322541 27.8265016684 27.9766777584 27.0869323492 28.1196538577 27.6578304548 27.4436979954
27.6513099902 28.0969846315 27.5402296691 27.4407203332 27.5545798326 27.7191778658 27.0967913864 27.1867186928 27.6263841535 28.1193578973 28.1684790538 27.1769418444 27.7524316129 27.7776043263 27.4488551032 27.6460061012 27.1661523848 27.601844602 27.3927296168 27.3570542788 27.489182349 27.9706310269 28.2009119149 28.3310726895 27.2967374039 27.1328711618 28.1321090302 28.3574021268 27.8601303399 27.9375498706 27.0416918124 28.0061553923 27.225193995 27.5991167163 27.0443695396 27.6785453506 27.5847537009 27.1642140606 28.0045067954 28.1335397073 27.301317907 27.5921821015 27.3524872758 27.6873406035 27.4094877635 27.7352323484 27.9392891992 28.0275693341 27.1757772307 28.2562368854 27.7148905674 28.1577411477 28.2939465673 27.6199624427 27.6106040147 27.4883337699 27.7363426252
27.8079663174 27.6366885608 27.943584352 27.9154850184 27.1735905671 27.8049306388 27.8864046069 27.4087795932 27.0310164793 28.3849497876 27.0553875285 27.6847732992 27.1725551047 27.6629400767 27.2508750516 27.8707643111 28.1865230192 27.1553018475 27.8253026444 28.0519844641 28.2672948167 27.448605748 28.0908257792 28.0646175897 27.5728749625 27.3437789941 27.122155475 27.7993949836 27.6529058778 28.2736329172 28.2451012473 27.6766331554 28.1833028192 27.878977822 28.3148470726 28.2371921447 27.8008649074 28.0005053033 27.7707534539 28.3421505404 27.0681251849 27.3049484427 28.3520317527 27.9219123404 28.0435761978 27.6531182444 28.310365767 27.0557892214 28.2471503361 27.8681018737 27.8584495489 27.0538018531 27.1792797825 27.1573055553 27.3573295855 27.1486060502 27.837978601
27.7090473386 28.0033397565 28.2341257678 27.8413063236 28.0476719307 27.8534106188 27.3473905519 28.0492465651 27.6866153163 27.043164451 27.0980540789 27.1717119527 27.121660657 27.0172045844 27.2938509394 27.4347049993 28.102496065 27.3085074977 27.6009465649 27.9675936453 28.0935371406 27.4651737689 28.1241622612 27.1204677686 28.0687612885 27.0523625071 27.2937984604 27.609622312 27.5596696299 27.5886432058 27.1693733868 27.662702259 27.9901373105 27.3420031695 27.9480381882 27.3948072194 27.0601860547 27.5161771494 28.0957779967 27.5562046128 27.3744267118 27.72749014 27.091680392 27.5181352211 27.9316200708 27.5056416787 27.3534155927 28.2008074822 27.3632301887 27.1129569655 27.9499158194 28.3093429468 28.056676552 27.7765119932 27.4043787637 28.2630553795 28.1449714425
28.0344194538 27.7767238989 27.0840065278 27.2313651219 28.1333825027 28.2695697935 27.1309295522 28.1680638049 27.2550048923 28.0945313944 27.7740049405 27.2774881268 27.8039602714 28.1903497423 27.5532721662 27.0368045272 28.2785963634 27.6159408048 28.1143073908 27.9292283646 28.1697190054 27.871355598 27.5104919836 27.8448116144 27.9690044003 28.1927999716 27.1747323647 28.2763774617 27.0434508882 27.3837988487 27.6716350415 28.2838885298 28.2869016006 27.2990286085 27.6066659427 27.995340147 27.7182821174 28.0275498061 28.3926352871 27.6895788574 28.292532295 27.9670722002 28.1180026535 27.4669759555 27.5876720747 27.5191055161 27.0359451673 27.4073361988 27.8561740663 27.5147552539 27.1072210998 27.3020913299 27.0105866368 27.2110351914 27.7868676904 27.0116902952 27.0884045669
27.5394950053 27.3518917984 28.1782181747 27.4759606004 28.0869215809 27.2658216104 28.274002299 28.132722372 27.8271860328 27.6045095767 27.2405985628 27.3185285247 28.1848435303 27.6291411048 27.8818221282 27.52811711 28.2518044569 28.1603022243 27.1395110804 27.2004303762 27.509447588 27.4283073537 27.7433327549 27.886783138 27.6929105397 28.0941551744 28.3641620625 27.7770970484 28.1676455588 27.5583850295 27.317852746 27.4342580669 27.4187594102 27.0111374719 27.3352189776 28.2722789025 27.2188967582 28.2061295978 27.2798979584 27.4989961857 28.0083343796 28.0756825389 28.213243694 27.5944437814 27.990231594 27.6398754488 27.9163922718 27.6248849349 27.0481308473 27.7404684103 28.1646925747 27.3647876747 28.2087165171 27.1300271992 27.7045756433 28.2420725959 28.0485262049
28.1230563288 27.6009959633 27.1122126639 27.4819293718 27.1418958972 27.5308482369 27.7043583375 27.4897459492 27.4932307757 27.1230814864 27.495080345 28.1683289086 27.4332524058 27.0431892653 27.2681577255 27.0082972535 27.098494297 27.7812864825 27.7095201348 27.4045532637 28.3282897809 27.5825234006 27.04366735 28.2390828745 28.0237710892 28.1043148183 27.8321172473 27.1939495812 27.8967554583 27.5264600887 28.179190795 28.0731472827 28.4030294175 27.4052240922 28.1875869566 27.4183561164 27.0567932835 28.135556472 27.8755062348 28.3390903387 28.0936238939 27.1429632901 28.0709542306 27.2307550397 27.1460620499 27.2809591543 27.4445599078 28.0571810089 27.2256536754 27.2915359765 27.1741734096 28.3056598326 28.3814536606 28.2982167947 27.6014149785 28.2830239397 27.5704271283
28.1431772777 28.3592169142 27.8348801484 28.0130084928 27.3056330993 27.6885199435 28.3676776264 28.0591407493 27.1492114882 27.6682725656 28.1046224103 27.801819219 28.3729878116 27.9989836255 27.2680027426 28.1918338116 27.4914251615 27.4381296851 27.437398868 28.32537995 27.9914089536 27.377576276 27.4146660752 27.5541771223 28.0642434451 27.0998472035 27.3967618926 28.2263928378 27.0600911057 27.4348372026 28.302656686 27.7090652199 27.8958650215 27.0776751547 27.3837291868 27.0762209612 28.0491378241 27.2691858077 27.5356975816 28.1124729845 27.9420992582 28.0812573042 27.6945749338 27.5531608765 28.1379273523 27.4602662336 28.2847294539 27.4247614797 28.0180308005 27.480096647 27.7895328421 27.0755132636 27.0129046607 28.1847729819 28.1399200649 28.1038872135 28.1220473101
27.872764101 28.0069983131 27.9185461551 27.7415187963 27.9423167742 27.3571531823 28.1818274069 28.1517127338 27.0397194911 27.6890104851 28.4028337409 28.0159436548 27.4655779831 27.6099357857 28.0803664405 27.5182209955 27.5672853514 27.0375229551 27.7406020251 27.9213240185 27.3690261781 27.8952498818 28.1848129852 27.5186943648 28.1504553318 27.7306622605 28.1184048577 27.9928639168 27.4950990731 27.0048283598 28.2850596716 27.9000992659 27.0767885532 27.4785754472 28.0339283607 27.2191849211 28.0158402297 27.3365289927 27.2402619633 27.2916283022 27.5904920696 27.6293104933 27.7420180727 27.3360890216 27.1177125023 27.8454242242 27.5040291597 28.1670437155 27.849412699 27.6540271444 27.5584276241 27.2865667307 27.1605848851 27.040198878 27.0785331556 27.9230579793 27.1253970912
27.8243276978 27.116608279 28.3648315801 27.8530261777 27.6619520369 28.114482769 28.2716003512 27.8881731412 27.0791234028 27.02607438 27.8427235517 27.4649236954 27.1317226534 27.792643174 28.3488861372 27.3120861753 27.4693572008 27.2709793015 27.7750864271 27.5326884509 27.5608517193 27.9598224728 27.666267724 28.2889622663 28.2982808317 27.9979970769 27.9069874218 27.9608184002 27.2828451023 27.2621820239 27.301772654 27.3758185975 28.3823054777 27.8273188032 27.3488183503 27.1550160329 27.8593947544 27.8601403251 28.0692954954 27.1969075714 28.222505755 27.5047766474 28.1863645442 28.3953970332 27.2190981763 27.1050031711 27.8909046268 28.0416648781 27.3176450327 28.0998419576 28.0716453436 27.9957811312 27.3208585566 27.5747130091 28.2020433784 27.6666709232 28.0645958873
27.1686197507 28.0585689373 27.5913807741 27.4917064513 28.1095344285 27.6437985742 27.5189466486 27.1821129048 28.2939852374 27.8958823366 28.1662238845 27.940466235 27.9442801526 27.4602402598 27.8280975863 28.0128888932 27.3792717827 28.0549315828 27.5084756203 27.4629109497 27.3292733249 28.0771200556 27.7559301523 27.6767054492 27.7478791082 27.1318222712 27.4816324401 27.3350865474 28.0673656086 28.1612284657 28.2960072447 27.267527132 28.0866508337 27.2031068417 27.6358631266 28.0818463087 27.4089491695 28.2949801252 28.2362035252 27.5702268806 27.5855620016 27.9391942929 27.4109138063 28.2794530132 27.5078800917 28.3656420942 28.2640677946 27.985694869 27.0507455679 27.4101328288 27.2040345332 27.539636271 27.1426139599 27.4760129965 27.9202667313 28.3158436792 27.9663401737
27.5433124852 28.2253515227 28.3326472948 27.7961448165 27.4052919643 27.3916963338 28.1374651266 27.0088330882 28.2299797221 27.9735615211 27.641694992 27.9650542694 27.6543444046 27.4221105464 28.1164463689 27.8015662443 27.535443867 28.3138656424 27.2673927545 27.069603022 27.1427886005 27.6466339024 28.1437448952 27.9704848344 28.3679431435 28.3374052167 27.9858750229 27.961971871 28.2412205277 27.5389301312 27.5615081529 28.2879533531 27.2511297304 27.014057236 27.8156056757 28.360677968 27.9347176265 27.7462255731 27.7247595764 28.3753772719 27.8151838058 27.8620007558 28.3098070787 27.0027792362 27.708601085 27.3505451243 27.7773303311 28.0981569736 28.0542257984 27.5094754099 27.7343912918 28.0952003726 27.0018533519 28.1499497249 28.2663505441 27.6213565153 28.3807656574
28.009351139 27.3608340261 27.4235840333 27.3262038253 27.4667801864 27.244142759 27.900683672 27.7832800154 27.7560040955 27.4880909445 27.7841826719 27.6275670372 27.6330752447 28.335857223 27.9691308309 27.6102441878 27.4349388217 28.1313724923 28.1833118109 27.224448983 28.2903694276 27.562277954 27.0601450283 27.6646560802 27.7237555395 28.330891768 27.13754399 27.4627461831 28.1546101397 28.0391266281 27.258157904 27.7091538508 27.8159747788 27.1928071232 27.9560916257 28.2555235099 27.4935827638 27.9049860741 28.1724292479 27.8401862617 28.2320414082 27.6363052897 27.6889235162 27.714221019 27.0489745454 27.8803207463 27.6385564331 28.413995444 27.2052895785 27.2110113363 27.8507681747 27.3062837112 28.0586037151 27.5421037981 27.6990027702 27.819007933 27.5791533653
27.2496634402 27.3902982862 27.6766260573 27.5562620938 27.7248075821 27.8964975652 27.1431902222 27.9966921174 27.9979466995 28.02220479 27.631787154 27.7292707761 27.5312691043 27.7180720889 27.9123487879 28.0357649563 27.7015306604 27.7187055166 27.0525113873 27.7796804259 27.8143634436 28.1687922556 27.4148798137 27.4050985588 27.5820435896 28.3502527988 27.6918247397 27.0061507718 28.1585550581 27.4536136616 27.9682616067 27.2949059653 28.216700656 27.8853648641 27.1036255574 28.0129320168 27.9978000951 27.61849039 27.6823986845 27.0849604065 28.3769454963 27.8390634394 28.2662939415 27.4363104219 28.3485734469 27.1506994254 27.4812597732 27.8830491346 27.5757930749 28.1558712924 27.3493775458 27.1390224749 27.2041657454 27.2579539104 27.1261937189 27.3993685353 27.9261596542
27.5008914468 27.840732701 27.5834496187 27.7956172807 27.6212570167 27.9334096578 27.8477936793 27.7893324261 27.3561080931 27.4299510704 27.282457739 27.0157953296 28.0011450327 27.2614008926 27.5066226905 27.7363275824 27.807569061 27.1686770619 27.5588067356 28.2437689939 28.0578378187 27.8029958477 28.025628237 28.3253432148 28.0059188023 27.9009349681 27.8558969303 27.0727829089 27.6824104681 27.0389314316 27.0500423133 27.0626236201 27.7439719107 27.0492678113 27.9559685949 27.624131438 27.6518999008 28.2471987819 28.197334592 28.2196907137 27.3316113948 27.9895192158 27.3135768876 27.1608235902 27.1316367076 27.8174428925 27.5214915324 27.7709932073 27.7851800212 27.7771531514 28.079601815 28.2867643025 27.3492590914 28.2188908726 27.8473684627 28.1150679977 28.0446177884
27.6822601257 28.2414905438 27.3788346209 28.1516195975 27.6175270368 27.9190341763 27.0681463013 27.9048327596 27.5996691 27.8882449731 27.611669281 27.0827066269 28.2354130062 27.5520494172 28.3867741564 28.0466851911 27.6806504929 27.3444830422 27.1301067201 27.073619216 27.7786628652 28.2586087309 27.3286915339 28.0971005856 27.420857224 27.8518188718 27.2931285275 27.6288548843 28.3432465084 27.2700047407 28.0884990575 28.1425568727 28.1121883837 27.4169783811 27.0354146306 27.7468276364 27.6115269138 27.6974193328 27.1847135021 27.8256147066 27.1195659187 28.032836958 28.1139577066 28.3413949557 27.5743929082 27.0569439969 28.2137326663 27.2625399948 27.6149761171 28.2456413345 27.7913643589 27.1021414215 27.0238782524 27.9270825117 27.8137951542 27.25771933 27.6026758728
