Spatial_Output/DEC/DEC_0697.asc
NCOLS 155
NROWS 192
XLLCORNER 196307.867259
YLLCORNER 449144.565805
CELLSIZE 33.573938
NODATA_VALUE NaN
[rows 78 to 103 of 192, columns 0 to 56 of 155]
0 0 0 0 0 0 0 0 0 0 0 0 0 29.1262521026 28.6064590999 28.4081955945 26.8648308775 28.4397255735 26.8180240013 27.1030874631 25.4224724868 27.7475561476 28.2990631417 26.4756184785 28.3524164964 27.3992629243 29.1018991661 28.6993100689 27.0139162806 27.7136954412 28.2156622542 28.0541995981 26.6489469289 53.1053894786 25.7768404782 58.3970897161 58.3970897161 25.7716359448 28.0901713308 28.9089460965 25.0542871382 26.5900243765 44.6509045629 53.9498683419 25.6688981442 69.0469613166 26.2641689199 28.7719993241 25.270554435 27.6984290714 26.8935973902 25.5057144949 28.3932744922 25.5250306311 25.8836610843 25.7468170284 29.0197549481
0 0 0 0 0 0 0 0 0 0 0 0 0 27.8066377708 25.6674122992 26.1130591879 27.4689660256 25.5847534251 28.1982684583 25.6024689548 26.3923107066 25.8427183351 26.0102072039 26.8502814407 27.3066177448 27.9181313106 28.3349326994 27.6505266555 26.8098049139 47.5769346996 27.1676183934 26.5086724373 27.7642449263 29.2198312392 28.4946331366 58.3970897161 58.3970897161 26.3994635876 25.2516338201 27.0318324636 26.9704463772 44.6509045629 53.9498683419 53.9498683419 69.0469613166 69.0469613166 69.0469613166 27.9984475216 28.367627197 28.9891793153 28.0183614343 27.6871876357 28.8568189196 26.7679989576 26.2402750472 27.021442378 27.8080510525
0 0 0 0 0 0 0 0 0 0 0 0 0 25.4565440264 27.0164375449 27.8138652872 26.5869819735 28.1040278697 25.3137164893 28.4643051747 29.2236658063 25.5100034449 25.1552230638 29.0149455615 28.5810717744 28.1993911113 28.4043807225 29.0144434813 27.5850386909 27.0812238395 28.1752245671 26.4185498475 25.7680127681 29.0398919581 27.3735653446 28.9478680005 29.1324432693 27.0744294366 25.8018011801 27.1102202658 29.2052750983 44.6509045629 53.9498683419 53.9498683419 27.4965837147 69.0469613166 69.0469613166 26.5517186062 26.0697129618 27.3405683944 26.6664578067 27.7509703995 27.7173602591 27.761603485 27.5590699457 27.3224145996 28.39355736
0 0 0 0 0 0 0 0 0 0 0 0 0 0 28.2952689959 26.70752877 28.930057971 28.4311550516 27.684669147 25.5723673018 25.9672439027 26.477795685 26.4766396486 25.5893214911 29.1361142611 25.6453546274 25.3062470343 28.4678135441 27.8188305098 28.4514111154 27.2617571523 25.0357518599 26.9367285701 26.0299514428 27.2598716881 27.8669732468 26.0614562093 28.7578220108 27.1047654483 26.0667088866 27.6901777521 26.1778211886 25.1132201678 28.828297064 25.893513267 27.827590759 28.6358110904 28.1615884632 25.7402919317 27.8954517631 25.8337963326 25.3575231281 26.6949182258 28.0263587873 28.1918132242 26.064401706 25.029686833
0 0 0 0 0 0 0 0 0 0 0 0 0 0 27.6072937716 28.688679954 26.8121928225 29.0897154631 28.938927664 27.9574151832 29.2375818945 25.4910739195 26.8733147896 26.8379438308 27.0771522456 27.065766172 25.0680505754 26.316384901 26.1361845405 27.1271919363 28.8514667031 27.1914802281 28.1654593803 28.9565057407 28.9846803657 28.659205 26.3167483296 27.7151257627 28.4066456734 29.091208625 26.5693958455 25.8725613408 25.5738713081 25.1793197624 28.326832253 26.719115464 25.7228463859 29.0599724986 26.9932586811 25.2842740632 26.9017716775 25.4404745964 27.5020658422 26.0867243603 26.4590260426 26.8088928306 25.6049066245
0 0 0 0 0 0 0 0 0 0 0 0 0 0 28.8372685373 26.0635554622 29.1334446809 27.3156616285 26.615348108 28.1851093157 28.0540669523 25.8629028995 28.5414672097 26.0674890119 28.2067178971 27.6237202979 27.0366842288 26.6357742943 29.1068746246 29.103274568 29.0522281782 27.8256173625 26.449527255 25.2358409621 27.4683725074 27.8996262031 25.179579081 28.1103638283 28.8709887478 29.0405615759 25.4427495229 26.7689915779 28.5516158711 28.8504750931 28.1120283878 26.5181971855 28.1589082318 27.3739894971 26.1612333028 26.9846556595 25.4072159141 28.2495429725 27.0288374211 25.3652424413 27.2453835108 25.5402005856 29.1811619006
0 0 0 0 0 0 0 0 0 0 0 0 0 0 28.0989320557 28.7736620256 28.4889121339 27.0609688039 27.6069494151 28.8063926997 28.8792467145 26.2957475488 27.6041415714 29.0878360533 29.2295435499 25.4363923471 29.1207241985 26.8855001847 25.0812768965 27.5698519884 28.230772565 26.6439329249 27.1186920991 27.9056056138 26.312083612 28.1201642548 28.0487227043 26.412909226 25.935161446 25.8905689548 26.0150302834 26.2022347343 25.3846980909 25.9779311056 26.1938488093 26.2181344235 28.4976946427 25.0011691053 28.1048762459 26.8715661727 27.6872051243 27.6434999976 26.1523332067 28.1011441854 25.4539685986 26.9807784097 27.2005933716
0 0 0 0 0 0 0 0 0 0 0 0 0 0 29.2284634168 28.2758606913 27.6005908635 25.6276592525 27.7857437128 27.2117589541 27.1673045214 28.4993331013 25.6688843942 27.1182955493 25.7605306317 27.1381421705 25.4805808345 27.7875129025 25.0541075606 26.3390173368 27.5194722448 25.3135087778 25.9912476244 28.4682001798 26.1316782767 25.4380051655 26.689998954 27.4654438208 27.1114276026 29.0106848257 28.2638405646 28.0326178288 26.3922901864 28.6753978415 26.8974893542 26.7013134208 29.0719867315 58.0509555507 58.0509555507 58.0509555507 26.3739347441 28.0696686545 29.2267499318 28.0156031807 27.3916715102 28.8114361198 27.1767594185
0 0 0 0 0 0 0 0 0 0 0 0 0 0 25.1058797255 27.4703628016 26.9142511095 26.2940030942 25.2452531729 27.0919423927 26.0229376035 28.2246763523 29.1469909441 28.604452915 28.5810218173 26.6463358243 28.2529200023 28.937047852 28.6723205683 26.6786256723 28.0735225029 26.4398924061 28.3148264799 28.8227920418 28.163473133 28.9165312082 27.2581369036 27.2721174282 25.6332939866 25.4543943123 26.9267783573 26.3962251023 26.9939424387 25.6998014152 25.5163374678 26.2659087611 27.2051058412 29.193744421 58.0509555507 27.6777288448 28.1794203664 28.5917809016 28.4759261179 26.8183143667 28.5757588763 29.0390505825 27.6680961027
0 0 0 0 0 0 0 0 0 0 0 0 0 0 0 26.305197354 25.5500637711 27.0536987094 27.8417498225 25.242021042 25.0027959434 26.3297149238 29.0816192261 28.7522536373 26.2831383077 26.0352064298 25.1345953594 26.0189760367 25.6592542335 26.1638623425 25.2036016989 27.0601914981 28.3199657732 26.3064732001 25.6212463242 29.2048047423 26.142517751 26.8626268839 27.2589071986 25.2818741868 26.5893959805 26.3614097498 25.6647421846 27.4141057604 25.949477115 27.213574522 26.7859447897 27.7496434889 28.7180570478 26.3640381158 26.4252502932 27.2257666423 25.5329679529 27.0219762669 27.4010170024 25.2340946022 29.0778218295
0 0 0 0 0 0 0 0 0 0 0 0 0 0 0 0 26.8113719928 29.1262667493 28.3999540557 27.1747162827 27.0208362538 26.9310313251 25.7435704758 25.7630796457 27.6639689059 27.2312421254 28.1704426773 25.0247795262 26.4863650235 26.4429188595 25.3995305177 25.2845978425 25.8088736284 25.4052971978 25.0344099684 27.3200585285 26.3065546969 28.0964383796 29.0215230204 27.4770051629 27.7519451549 26.5051023868 28.7915035335 26.1148610261 26.6335149187 29.213111806 27.3835255754 26.2846946275 27.9327985817 27.8045234834 29.0588913118 26.2462459376 26.1273511836 25.8508940006 27.4169905027 27.8328250928 28.1072384813
0 0 0 0 0 0 0 0 0 0 0 0 0 0 0 69.7571762143 20.3144227029 25.6221258866 25.0191093482 25.2412673543 26.9563895137 26.8322700256 27.0923094978 26.8361369133 25.6797653397 28.5249778237 26.7521135545 28.1894106898 27.6112612551 25.4100082773 27.676917544 28.1422461462 25.7705865353 26.4036989585 25.1399499922 25.3772247077 25.9019523286 27.3688801935 25.9727452007 25.1730224583 26.636775983 26.2406750201 25.9107583307 25.4832285726 26.4173220632 27.8708636751 28.6547782857 25.6286750632 27.5100189788 57.7761625524 25.9061794952 26.6010788881 28.3445817511 28.0286877284 27.8467662915 27.7431555044 26.0144380238
0 0 0 0 0 0 0 0 0 0 0 0 0 0 71.1128159093 71.1128159093 69.7571762143 0 27.5596794084 25.2876199338 27.8694530721 28.8780187215 27.8660057934 26.1007394122 26.7390410992 27.8173991319 26.6690465487 25.1791247627 28.115917787 25.5065954462 26.9873918599 28.8271665199 26.4387095481 26.3920791197 28.5242569983 26.2493634979 26.6863643986 26.3911897088 28.999741303 25.4738942538 26.0653274938 26.5576129791 26.227203496 29.1110038571 27.4707082348 28.9062038588 28.042736735 48.2347995141 25.932898033 26.2706103148 28.2499863628 27.1671840178 28.2277902809 28.5316050212 26.0100897547 28.3385544705 27.5605227991
0 0 0 0 0 0 0 0 0 0 0 0 0 0 71.1128159093 71.1128159093 0 0 0 25.6859515552 25.5891166584 25.4809631237 29.0213404945 26.0159450339 28.6023294394 25.89336731 29.0833784819 28.1526839681 29.0686466789 27.0268987809 28.7649313 26.1399105112 27.354507323 26.9696820208 26.2925348833 25.0180222293 27.331763282 29.1966716176 27.8623117143 28.3835424943 25.2972986789 25.5251020489 25.5416095346 27.4416981276 28.7749762703 25.3956172725 25.7407453002 27.3880703336 56.9666822584 25.1691413568 25.3851964871 26.8358656252 26.3994512593 27.0245706039 28.8708134102 27.449959109 26.7356635126
0 0 0 0 0 0 0 0 0 0 0 0 0 0 0 0 0 0 0 28.1458953411 25.1183310023 27.2842562625 28.0911704095 28.9525376232 26.1668128817 25.3075937561 28.1506294595 28.7776822445 25.2115937395 27.7490123709 28.9067543033 27.8247000196 29.205199676 25.3246730256 28.3580717154 26.6260954979 25.1181383892 25.2787448929 26.2819457249 26.2536381768 27.1542978827 26.854059681 28.9271401873 25.8741377807 26.2561856721 28.552256568 27.2406625671 28.0690512403 49.2596383744 26.6493979934 29.1858984149 26.3514252821 27.8938417517 27.5221508988 28.3149046234 28.5069213731 28.49727951
0 0 0 0 0 0 0 0 0 0 0 0 0 0 0 0 0 0 0 0 25.0062555678 28.8429313278 28.2128878544 27.6185554268 27.5015514936 27.6861362248 28.9703757576 26.351780967 28.9996861092 28.750342178 27.9214832412 28.1322492429 28.7440288157 25.7774899869 29.101552684 27.843114041 28.1387877487 25.4486998681 25.837733699 25.4893715739 29.1100197218 25.2325401552 26.0738567739 25.9601190145 25.6095011912 26.2697712208 53.5489540629 49.2596383744 48.314158217 48.314158217 28.0122388471 29.1842316462 25.5553551665 26.3464806452 26.0270153427 26.8241643292 28.6267208986
0 0 0 0 0 0 0 0 0 0 0 0 0 0 0 0 0 0 0 0 0 0 28.2659447261 25.4783073673 27.2918427353 26.4403419537 28.3215240669 28.6711804264 28.3448820141 27.5689751659 27.6323039185 25.1671509897 25.3946228843 28.9974430189 27.7071742777 26.7544925258 25.5305812651 28.5453378738 28.9060647913 27.7256544988 28.9797916261 25.1296680139 25.7965177862 26.2374287892 26.3910390343 27.0382387308 53.5489540629 48.314158217 48.314158217 48.314158217 27.8676473089 26.1351920525 25.1660202931 26.3229775783 28.7386628304 25.5093379246 25.7992161939
0 0 0 0 0 0 0 0 0 0 0 0 0 0 0 0 0 0 0 0 0 0 28.7612649305 25.9072397814 25.2540706271 27.0938850595 29.1626073532 25.2292596697 26.616249155 26.05618029 26.4336202514 28.5178979702 26.7991133497 28.306533568 27.0590031633 28.3648737043 27.6005769617 27.1949852492 26.1443982408 25.8675260141 29.1696090952 26.757139775 27.2217019338 26.6843857509 28.2993317342 27.2475318437 26.3027980629 53.8799274093 53.8799274093 53.8799274093 28.3532914048 27.0527245112 25.6809808596 25.3663793825 26.8261463046 27.1899313228 27.0220516455
0 0 0 0 0 0 0 0 0 0 0 0 0 0 0 0 0 0 0 0 0 26.6936461571 26.8254044222 27.9020858743 28.532682129 25.9253204554 25.4171355469 28.5557309165 26.266513213 28.7695826024 25.7139140673 26.2382322194 27.2869842982 29.1846108133 29.1871483459 26.1923715309 28.1486180626 25.4577050332 26.3872677069 74.5772082944 25.9866290942 77.7191084814 27.894723706 27.5994380414 27.1653624784 27.2549622471 26.7578266269 53.8799274093 53.8799274093 27.1216773245 28.8739214034 25.8851608941 27.7580456848 25.2998411676 27.6248930751 28.645366662 27.4078295749
0 0 0 0 0 0 0 0 0 0 0 0 0 0 0 0 0 0 0 0 26.0122726212 27.7412185394 27.706741456 25.1104924058 26.7043301399 28.3718098689 26.5268790834 28.9530553816 25.3808509729 28.0997957553 27.3998245416 25.0667085655 25.9445527411 29.2102661221 25.4536868762 48.3718966962 48.3718966962 26.158507423 25.5269342869 74.5772082944 74.5772082944 77.7191084814 77.7191084814 52.0328946402 25.8302014466 27.5593213177 26.715954006 28.3013839286 26.4764751487 25.3977711256 25.6385616491 28.9697638382 25.9266418923 25.9690329282 28.9605637702 29.139428434 26.7240884438
0 0 0 0 0 0 0 0 0 0 0 0 0 0 0 0 0 0 0 28.5115478156 28.8100078723 26.7221883159 25.7646807382 26.1274698776 26.4834469661 28.284242428 25.9695949821 25.8912059759 27.2161131108 26.5851328414 26.2157085913 27.5232526219 26.4271927942 27.6726104734 26.4036307845 48.3718966962 48.3718966962 27.3783562139 52.1014582418 74.5772082944 74.5772082944 77.7191084814 77.7191084814 26.1088476423 28.4359856239 61.3730488219 61.3730488219 28.8891075459 26.9402636621 37.0631059905 25.0377775762 26.7960125038 26.3278329271 74.7628553898 26.6219010984 26.9705574702 25.257005327
0 0 0 0 0 0 0 0 0 0 0 0 0 0 0 0 0 0 0 0 25.4426998068 27.6159772012 27.1559688521 29.1077789558 26.58416985 28.7511262333 25.2432545965 25.5790725313 28.4128205761 26.2245675134 27.0738810091 25.5788642108 26.8365676112 27.1236261168 27.4005712991 48.3718966962 26.7050724977 26.1393702485 27.3701018021 74.5772082944 52.5796937624 77.7191084814 28.1811157371 28.8444100778 27.1709930685 61.3730488219 28.0996396909 26.6320014781 25.7094356758 26.4107638388 26.8258757159 29.1936000675 29.1050725458 26.800156209 74.7628553898 28.3223518238 28.5246687038
0 0 0 0 0 0 0 0 0 0 0 0 0 0 0 0 0 0 0 0 0 27.708111682 28.362737968 28.9707929322 25.6546530333 25.4866165953 26.9556789433 25.5086846808 28.5136145991 28.4524061516 28.4968136128 20.6141920806 26.3369307343 25.5084856679 26.9184815061 25.0024429238 25.538847494 28.9685396848 28.7158411322 29.0757728859 26.965129961 25.690860466 27.1496061856 25.2724402544 26.7267544094 25.1192192615 28.0037842385 29.087468992 27.8011527829 28.9919668189 29.1050595939 25.7720243272 25.4544238692 27.7708351026 25.1296087593 27.7760957813 27.1121653885
0 0 0 0 0 0 0 0 0 0 0 0 0 0 0 0 0 0 0 0 0 0 0 25.4267706683 25.9566438013 25.2970717125 28.1936309755 25.4587516158 27.4533492201 25.4134714054 27.8777175797 20.6141920806 20.6141920806 27.3258745413 26.1592764191 27.9703529353 28.6611325414 26.8251817827 27.7066126564 27.1543226869 25.5652919551 26.5918371086 28.2426248542 27.8807790304 26.8204638176 26.8049544277 26.9279941332 26.8883309534 26.4529164614 25.5680227803 28.7623465023 25.8293338302 29.2059553318 27.371083289 27.7865951702 26.8734688854 25.5387389942
0 0 0 0 0 0 0 0 0 0 0 0 0 0 0 0 0 0 0 0 0 0 0 0 0 26.1109573401 25.1637207793 27.2152272078 27.5835088033 26.8461273732 20.0678380774 20.6141920806 20.6141920806 27.4548372723 25.9418220597 28.8780109139 25.8895193502 26.3424852972 28.4772340331 25.0734517472 26.3042346443 25.4188796012 28.1023827026 27.7556404596 26.1593341281 25.3699329836 27.8462205666 25.1709075986 25.556892783 25.7981828413 27.4200102362 29.2019669561 28.2975842314 27.432902265 25.6093194067 26.7377343444 28.6177418132
0 0 0 0 0 0 0 0 0 0 0 0 0 0 0 0 0 0 0 0 0 0 0 0 0 0 29.1669427368 26.2114656141 25.7943263275 25.1792240138 26.1902874827 28.365723208 27.6966373671 28.5412970101 28.168909919 28.7489901107 25.2414131859 29.2124053505 28.1552459976 26.2057243255 28.0306646308 26.0380556805 27.2420557703 26.956660108 29.0461025949 28.8590412713 25.3705890347 26.6731964806 29.102312969 26.5502552628 48.6772411436 25.4101292345 28.4737043327 25.4610469864 25.080786928 25.4149854966 26.02778163
