Spatial_Output/DEC/DEC_0321.asc
NCOLS 155
NROWS 192
XLLCORNER 196307.867259
YLLCORNER 449144.565805
CELLSIZE 33.573938
NODATA_VALUE NaN
[rows 26 to 51 of 192, columns 0 to 56 of 155]
0 0 0 0 0 0 0 0 0 0 0 0 0 0 0 0 0 0 0 0 0 36.3471583238 36.0654334574 36.398409654 37.3874649007 36.5504317816 37.0440458662 36.7332903007 36.8178176022 36.4165509499 36.9587459653 36.9415652502 37.3288423796 36.5826493185 36.5176404185 36.7240437608 37.1732063962 37.3900846987 36.5769766984 36.3606098077 37.0973976582 37.3370040015 36.4326583538 36.8629053799 37.1604669969 36.2769598915 36.0862840725 36.5905279471 36.6311313709 37.2938548827 36.0474652869 36.9085539679 36.5742877654 37.0514234639 36.4854569916 36.8109308794 36.4816023786
0 0 0 0 0 0 0 0 0 0 0 0 0 0 0 0 0 0 0 37.0741959009 37.212818836 37.2616005939 36.8428266146 36.3073217339 36.9437017663 36.8879326599 36.4188951841 36.4685672248 37.3932619382 36.2686275854 36.9417336535 36.6493691494 36.5725106134 36.8020680349 36.7240441137 36.8653808592 36.3556284414 36.9281526654 37.1441550107 36.1037965137 36.19462964 36.5693787674 36.8156012318 36.2486287223 36.4824391967 37.1770845412 36.0754678456 37.1856574017 37.2459630815 36.6379914284 36.7141531064 37.2755884225 36.8468968113 37.1507239342 36.4173022803 36.0506029487 36.9106095948
0 0 0 0 0 0 0 0 0 0 0 0 0 0 0 0 0 0 37.0913361233 37.1598904953 36.330173863 36.0993242088 36.0599990648 36.3548395505 37.1268705109 36.6968350691 37.280885858 36.4615054169 37.3985792389 37.1496732292 36.7359962683 37.4017890121 36.5324426255 36.6635800029 36.8659734634 36.6549408922 36.9270045987 37.4122020349 36.8474085233 36.732085368 37.123104756 37.1403064478 37.0248578277 36.2730060993 36.5936846533 36.2876675231 36.0419035292 37.3894531483 36.1094561699 37.1201420304 36.4391730459 37.0044524797 36.824843466 36.8741445879 37.3746721593 36.6725120365 36.7819206569
0 0 0 0 0 0 0 0 0 0 0 0 0 0 0 0 0 36.3211776493 37.3405837022 64.7979139585 74.9999661022 77.1813310581 37.3636443806 36.8519215964 37.287306994 36.2742215595 36.2919145997 36.3939899814 37.2320342425 36.8154157763 37.3135564519 37.0150767494 37.1924763677 36.0057467765 36.6945734878 36.2327194591 36.0647911146 36.0506663263 37.2045740668 37.3726304241 36.9346711492 36.695430847 36.4315195206 36.287540543 36.5254750459 36.0063702628 36.8617575258 36.3651926293 36.0996027562 36.6371118392 36.0456209215 36.3133689123 36.6125725865 37.2592905644 36.1143139194 36.5902407828 36.8906150223
0 0 0 0 0 0 0 0 0 0 0 0 0 0 0 0 37.1497926523 36.2969161148 36.0136086771 84.2269506601 73.525750109 68.185216093 36.7314267062 36.8598012779 36.2368714779 36.8246497566 36.361858814 37.2012625376 36.5609504278 36.359476877 36.4307838559 36.3009372438 37.2540217697 36.8039146282 37.3205310876 37.1388244901 36.4883442389 36.3066092146 37.294824942 37.0664514587 36.7152565952 36.4825351893 37.2134918954 36.1922452953 37.274379912 37.3977863345 36.3698808421 36.3878936333 37.31132239 36.4102566854 36.4745129935 36.579707294 36.8375643004 36.9269367628 36.2284582281 36.5562952493 37.2057001417
0 0 0 0 0 0 0 0 0 0 0 0 0 0 0 36.0983340581 36.0291131182 37.0002113989 37.33214644 66.8960212126 84.1613950343 82.5260707535 69.718171065 36.5515762029 36.176708257 36.231736598 37.2180032899 37.2410415432 36.9590430074 36.6441257214 36.1364393802 36.791237928 37.1865577697 36.1566537781 37.2318547228 37.2689359536 37.2533194581 36.9367156961 36.6675935662 36.4847770575 36.1633981978 36.6978260994 36.8728923899 36.1213942583 36.8322266155 37.2880886055 36.6263232905 36.5469615695 36.3565274434 37.2550550613 36.9572253012 37.157907542 36.7974099469 37.2727018055 36.2687349855 37.0254994173 37.2096951877
0 0 0 0 0 0 0 0 0 0 0 0 0 0 0 36.9508475182 36.8570693407 36.4344932981 36.8559763702 72.456834882 83.3284701564 69.7837581322 68.1733687258 37.1120917677 36.1884881342 37.0770878365 36.0715755285 36.1672984269 37.1085551632 36.7419637329 36.4169487878 36.0890157915 36.3743499837 37.1606981923 36.8516262217 36.5554459795 37.3241509208 36.971441121 36.7772720022 37.2229232111 37.397923633 36.3193787554 36.7927034352 36.6566612093 37.3102226069 36.1126147867 37.1006325553 36.4176347078 37.4052920168 36.0942992472 36.257907092 36.3352140433 36.9421385591 36.7407422532 36.5630552608 36.015664802 36.2283104331
0 0 0 0 0 0 0 0 0 0 0 0 0 0 0 36.8083383971 37.402953528 37.3087281291 36.8501427628 36.3174376555 68.5589174039 65.9035622195 82.4904791471 36.1510453546 36.2101110722 36.4178958187 36.2749583735 36.4453968373 37.1148556378 36.0611137554 36.7527923829 36.955414203 37.4114082102 37.2883323839 36.9881506998 36.9911778336 36.7725213378 36.0178320129 36.3452313299 36.7515333054 36.5039704578 37.0219421056 37.1512911049 36.5850475293 36.8603634213 36.0169958039 36.1927966246 36.202645594 36.62074357 36.09771474 36.712265925 36.8743755729 37.0338886843 36.2084584906 36.3093829223 36.4313643074 36.703614697
0 0 0 0 0 0 0 0 0 0 0 0 0 0 0 37.1673621806 36.3791582109 36.1122813008 37.188264417 37.0597716763 36.774947748 36.9490693978 36.7584053806 37.0222334552 36.6791193586 36.1111894108 36.1720577033 37.343625927 36.0073953299 37.0163912536 37.0395815914 36.3878363918 37.3724941138 36.4516343986 36.1918297908 36.4597463916 37.1735025348 36.2977911895 37.3672657621 36.3138543122 36.423808233 37.0581569769 37.0956494982 36.4378423709 36.5902972194 36.1840341756 36.2338232658 36.203242397 36.7272089005 36.7142057078 36.4265372443 36.0547963661 36.2151511561 36.6338879508 37.3869446596 36.9606891267 37.4000114575
0 0 0 0 0 0 0 0 0 0 0 0 0 0 0 36.9085618084 36.3767508529 37.1694508781 36.1085971316 36.3696583686 36.0357970628 36.6102934726 36.5367763238 36.3522663838 36.8966347272 37.1497577607 36.1361380629 36.0057374028 37.3780499453 36.0015770402 37.2647067201 37.0207065289 37.0772844365 37.239788574 36.4034467034 37.3477033406 36.2852938152 36.7786433135 36.0288447614 37.237121625 37.1937247426 36.4298827205 37.2815846367 37.3679906425 37.3924820077 36.2887069564 37.0656287277 36.8203065195 37.2592488437 36.8483964399 36.746486813 36.9514622273 36.4257578159 36.2177889589 36.5854676836 37.0371809342 37.2722421126
0 0 0 0 0 0 0 0 0 0 0 0 0 0 36.3464983085 36.6980967786 36.4540075102 37.4112207924 37.1637531212 36.3335982743 36.1625664794 36.8334095748 36.9471950698 36.9485198224 36.6059413347 37.1290744032 36.4931823681 36.1578055025 37.0502964375 37.2723695499 36.9903435271 36.5133448895 37.0977696049 36.0958650111 36.2404046706 36.6606769324 36.5226920486 37.0903641991 37.1591225804 36.3813337739 37.1853511035 37.1418709475 36.7514391015 36.8938925862 36.2179296583 36.5738308383 37.1075139539 37.3545171938 36.2780021538 36.449925902 36.7884979393 36.3348711519 37.1265785227 37.1384250866 36.053286187 36.584400833 36.8355399479
0 0 0 0 0 0 0 0 0 0 0 0 0 0 36.4551568074 36.6119634466 36.4145023503 36.0327422347 36.9269173004 36.9997986721 37.1241710137 36.0154940761 36.1302598698 36.7257762694 37.3581440119 36.7092850616 36.783321236 36.8730647858 36.2481023128 36.7547988668 36.8708877117 36.0641852758 37.2614684965 36.6484595375 36.4007210201 36.9975911219 36.2007376664 36.8058792214 36.7151968362 36.3981139915 36.549511831 36.3179907002 36.3624763883 36.9954352002 36.6167174649 37.1948773185 37.2607073788 36.1100632006 36.4600370312 36.0307964407 36.771394802 36.5134268599 36.5835281616 36.4278477934 36.5168982276 36.5192682087 36.08491476
0 0 0 0 0 0 0 0 0 0 0 0 0 36.6815925732 37.111791387 36.5874488462 36.4862601853 36.8045891698 36.2822204928 36.9718200271 37.1524725775 36.209465953 36.2012802361 37.0163374826 37.2743528224 36.6231353009 37.3927871687 36.1175786512 36.3152113874 37.378852042 36.3649319738 36.6844128144 36.1711858546 36.5268715833 37.0500448446 37.0102292051 36.7654008468 37.1209417313 36.0777950483 36.1891756239 37.1470752517 36.3934034289 37.0222765422 36.7545353368 37.300395164 36.0827538899 36.5493346203 36.9932206162 36.7166947096 37.3133698187 36.3152800783 37.025781339 36.8835452289 36.7359240703 36.7506464558 37.3315138852 36.0101016118
0 0 0 0 0 0 0 0 0 0 0 0 36.4562052846 36.6560658462 37.1992205467 36.6562417586 36.9619553828 36.4578430508 36.8960216325 36.1968060029 36.030347248 36.0805567396 36.6585177554 36.1503988747 36.1402117321 36.1135224652 36.5143398054 37.3677036453 77.0013396212 81.8121118512 84.2616510521 36.6856749089 36.9751263858 37.3883573502 37.1251381977 37.3886883586 37.4042518045 36.0006437971 36.9060452537 37.1189460675 36.1518593739 36.4366715031 37.0276871261 37.1004292146 36.7756147216 36.5207668475 36.1402040705 36.5874072969 36.6519337881 36.8409676077 37.1942585262 36.0452923844 36.2013029059 37.0672429088 37.2437211773 36.7991798147 36.802181129
0 0 0 0 0 0 0 0 0 0 0 37.2401736311 37.324286836 36.6814737188 36.7812510533 36.061812605 36.2660601164 36.3127970259 37.2614322915 36.4814533978 37.2513691902 36.5709871746 36.4470697723 36.2509291933 36.814533181 36.9892540119 36.9316305039 36.0948497567 78.1066171618 82.3475723529 83.4684556845 36.6501777686 36.1380221504 36.8072340013 36.2765876473 36.756445728 36.2554169239 37.0707037197 36.7879376197 36.3396787609 36.0174318545 36.1312539576 36.6333585733 36.3206649202 36.9966157592 37.3529764733 36.1015889148 36.4335369921 37.1233908 36.7131477689 37.0828320819 37.380838111 36.9744100283 37.1431880572 36.7672638798 36.2105106158 37.0190835823
0 0 0 0 0 0 0 0 0 0 37.234038141 36.4381651323 37.1760959149 37.015762539 37.2872574718 37.3183514712 36.9546010863 36.5470144737 36.8780211182 36.9063757224 36.5840390312 36.3844540183 36.2888688476 36.6845805812 36.6809346033 36.8686852245 36.4763542827 36.977495601 82.6788150185 72.1785346238 64.464211292 36.6591862596 36.0019161495 37.3400630316 36.2565273788 36.5372034442 36.8206721153 36.1139666797 36.1036913656 37.0578211011 36.2335379506 36.696745209 36.3612218546 36.7222526635 37.1266600667 36.4451433768 37.3647626953 36.9092029239 36.4457071469 36.4316920514 36.4836778675 36.4466644958 36.6847076621 36.0395231771 37.148702277 37.1695533889 36.5335271501
0 0 0 0 0 0 0 0 0 0 36.8773460804 36.696312687 37.3171060229 36.1445838094 36.8524386781 36.5926335132 36.6690179074 36.4413488949 37.2292533294 36.5824652881 37.1880907346 36.3993116508 36.9861909504 36.3947858427 37.000019132 36.8312912856 36.9026037472 36.3553053076 75.3036614275 82.4210844478 81.5752453956 36.5910659097 36.2024381394 36.9935686065 37.3386170065 36.8956707377 37.1837251044 36.7113948808 36.540573371 36.0652015629 37.2835138306 37.0176044841 37.2607447237 36.9114946676 36.4479183142 36.0482214473 36.0065360192 37.1606632945 36.8795574105 36.8822717271 36.668820443 37.1652150169 37.4067012658 36.0322205309 37.239867638 36.5342025813 36.0176176156
0 0 0 0 0 0 0 0 36.2994330081 36.6334560558 36.5311952506 36.343632482 36.2050008102 37.3665607548 36.8442618849 36.0606220567 36.8579926542 37.3068961669 36.3703037003 36.2614915464 36.4672814518 36.6068932045 36.4017114284 36.8128769679 36.5107000879 36.8780812571 36.7135712773 36.9494175522 36.8932289296 36.975625845 37.3658666567 37.05735162 36.9498931039 36.0004931844 36.4324269118 36.3064077914 36.8075135648 36.3053735719 36.0169598494 36.8833217108 36.6242961183 36.7120435543 37.3617930614 37.1806427052 36.0654981942 37.1447780359 37.40223529 36.2715604821 36.0818490201 36.3651977072 37.3838102264 36.4832845428 37.2689844729 36.2036844659 36.7478313938 36.722369988 36.8534902289
0 0 0 0 0 36.7051835945 36.4034111134 37.2202307178 36.7914505491 36.9651162704 36.1218029823 37.2137687356 36.5811499348 36.0691666114 36.3652007367 37.3455719984 37.2375564733 36.092780531 36.8092447022 36.9877796963 36.2653878099 36.5142012884 36.0583918071 36.3457890674 36.5656828618 37.0669386404 37.3519830927 36.8007019317 36.6346685806 78.2995039044 77.8906944945 84.1800497416 37.1407398547 36.9547491698 36.297940183 36.2451526152 36.1270924767 36.3071832747 37.3251235617 36.6011683453 37.0354234155 37.3281051686 36.9585616178 36.6943171817 36.8071207104 37.325327523 37.1755168199 37.1432939423 36.2912652863 36.1823461635 36.2335812147 37.100339438 36.2653466309 36.65589724 36.20562902 36.5568959488 36.2825627813
0 0 36.2695167672 36.9268839353 37.0342572944 36.5383784546 36.7877640485 37.3241018793 37.2235459454 36.4742448323 36.0987770308 36.7645451761 37.2755032194 36.2528795357 36.5013864203 37.3726429034 36.2190892307 36.0567200181 36.1236491552 36.7389557592 37.3255330746 36.1181629807 36.0116694903 36.2737219868 36.4625931895 36.7146208175 37.3964886129 36.7535880264 36.6957468143 75.5968671415 76.8565704667 72.7697631477 36.6120187457 37.4034051184 37.2854805425 36.3952776597 36.6031340331 36.5977304384 37.0047955392 36.4655168045 36.3598739949 36.8994103065 36.9478962348 36.8168912019 36.6538749962 36.4995621911 36.7102538123 36.4001448157 37.1656402438 36.2708967195 36.2937901552 36.7003276247 36.8434589193 37.0098823453 36.2719494578 36.2453705207 36.7895161448
0 36.5953479721 36.4056444845 36.7292958411 36.1793038477 36.7955097778 36.3302233329 37.1142706446 37.2773171274 37.1266898307 36.9145156297 37.3328384431 36.6110995409 36.642436026 36.2346793565 36.3729434021 36.7237070947 36.7592880727 36.9061259563 37.2595258943 36.8262425837 36.3310263823 36.1037317556 36.9576969021 36.6641820594 37.1548562666 36.0502887592 36.7096019287 37.2874041554 72.2255077056 83.5006035993 69.7655187603 36.9341424574 37.063159233 36.2702439923 36.7727863698 36.6330797648 36.2315421802 36.83081345 36.8756461339 37.3641464988 37.1812010812 36.9291289447 36.0085185048 36.410888064 37.3686838824 36.0024708351 36.6489326993 37.2621593068 37.2325895039 36.0260094747 36.8969328471 36.0906555571 36.6927116089 36.1362461711 36.086811741 36.5391394931
37.0142416796 36.7047362971 36.157958823 37.3947317513 36.7407552638 37.060305233 36.578952019 36.2839220185 36.4461870377 37.2372945801 36.2631913258 36.8426410041 37.0034242181 37.2789253709 37.20618374 36.2813715934 36.0784587335 36.9131554346 36.7422607363 37.2637643534 36.8536086716 36.9391796792 36.4063839946 36.2420230888 36.6064860985 37.2300269512 36.3816461115 36.3315988178 36.5774026418 36.0612754246 37.0249143492 37.1888258277 37.1478662361 37.0078523503 36.0368217097 36.3032854999 36.2433297082 36.0555098031 36.7590086349 37.0949318777 37.247543935 36.2546567432 37.2276019994 36.5269947248 36.5521152128 36.6393352349 36.1966572357 37.3030537599 36.9328605096 37.1606426185 37.1157114728 36.3800313406 37.1756515761 36.6506988792 36.5347227212 36.4285694049 37.1542571431
36.0801460881 37.113292815 37.1140993853 36.3049808615 36.3252330439 36.7285980829 36.764966318 36.6986961592 37.3329433518 37.3493102204 37.1037608979 36.7654201825 36.9207406123 36.5611756837 37.1294923655 37.1763815373 36.5951734654 36.8411644272 36.5249826379 36.6162001732 36.5038696948 37.295625178 36.8046255788 37.4095887202 36.4353917978 36.8125283001 37.3641972838 37.2349102682 36.6724445534 37.3675990762 36.6324484968 36.7450317792 37.4056850667 36.7391464524 36.3789925308 36.7301678729 36.193459094 36.6203485971 37.2761327555 37.0691166373 36.486741929 36.0179644961 36.361984211 37.1573527485 36.7608292428 36.5424088414 37.2216379593 36.0634927145 37.2908732586 37.0003344691 36.8960694759 37.1717931705 36.9553176735 36.575015009 37.3757521898 37.0914121516 37.3377324841
37.0825109978 36.2511324111 36.6227098227 36.0126201844 36.4382690681 37.2053765164 36.0703533116 36.6102104444 36.7372631616 36.871326042 37.0315274267 36.9875315086 37.0239521621 36.1282787112 37.4016984803 36.4886643089 37.074454747 37.033720685 36.2825409741 37.2718070761 36.4994103477 36.0636726854 36.1693574389 36.1948748777 36.6327106585 37.1163119531 36.6512385357 36.4360369866 36.9860591524 36.4439540943 37.3284395647 36.6490917004 36.8951087035 36.5499809754 37.2304286762 36.333723856 37.2002008392 36.570807829 36.5517035799 37.1305471336 37.1715602444 37.2900233079 37.1564748434 37.323926625 36.2935649985 36.8264956911 37.1524500579 36.2385390566 36.5578142394 36.6885055305 36.7868332923 37.3006758912 36.3995988829 37.3318476157 37.2474809469 36.6162340074 37.0089236401
36.6916020585 36.4080583859 36.9627702017 36.7535494794 36.6411781503 36.0774605474 37.0682597399 36.8228567542 36.2709610848 36.1982526384 37.2344394038 37.0643341291 36.1155413897 37.3801369459 36.3945191986 36.902038564 37.0748333462 36.4571037168 36.1596532768 36.3114064311 37.3365690732 36.0788985882 37.3541739073 36.4381689891 37.0107195748 36.9409378695 36.3892298015 36.9001296868 36.4720058396 36.2445860614 36.9889801828 36.525355951 36.4225491687 36.1722387628 36.7470830527 36.040745405 36.5876155661 37.3739955587 36.8671542035 36.0975156968 36.1951562939 37.2704986808 36.3711085189 36.345304433 37.3484489558 36.4634925464 36.0024682448 36.9529171238 36.9921024569 37.2014982341 36.0390630252 36.1511867342 36.2493928665 36.9411390337 36.0188304672 36.4749264401 36.333216098
37.0810902678 36.6495969879 37.1322010609 36.5529985398 36.522604644 36.0881591378 36.1201008993 36.4434758945 36.5948535713 36.4340376663 36.9661881607 36.2328488451 36.9487405815 36.5983732928 36.0733983186 36.410946697 36.3225011881 36.6746298704 36.2132768594 36.2918753487 36.3374537402 36.0174061987 37.1934915194 36.9989826664 36.9411853347 36.6983118506 37.4119157785 37.0083593804 37.1033049372 36.5838552003 36.6885593412 36.8345418004 37.2606434564 36.0205197495 36.5126286936 36.6179174158 36.0846673289 36.2936795014 36.9580293806 36.8397198408 36.0047891603 36.8932893247 36.9751798619 37.094560835 36.9822663514 36.8823929685 36.5367476317 36.8339302848 36.5513103798 37.3234920816 36.5817103986 36.1492853541 37.0684433182 37.0510299717 36.0969545325 36.3689172999 36.124122546
