Spatial_Output/DEC/DEC_0100.asc
NCOLS 155
NROWS 192
XLLCORNER 196307.867259
YLLCORNER 449144.565805
CELLSIZE 33.573938
NODATA_VALUE NaN
[rows 26 to 51 of 192, columns 57 to 113 of 155]
44.7288577836 45.7225590133 43.918538363 45.4702725775 44.2368872496 43.4039786481 45.3318745453 44.8485482879 44.7566346477 43.2239859603 44.1726623003 43.0962502955 43.545735084 44.4799990873 44.3480356433 44.7572161404 43.0796816841 43.3393979742 43.7757308818 45.2158882978 43.2483723459 44.7978672592 43.2987901965 43.3873052921 44.6952489896 43.7835389234 0 0 0 0 0 43.6760566505 44.4506926498 45.0992211165 45.6281075946 43.0668619813 0 0 0 0 44.0994397711 43.2676858448 44.1605568165 45.1599395857 44.1883238903 43.2215956912 45.5459508195 45.5855939188 44.9566851171 44.6608966118 45.2487166961 44.4508864666 45.3977357805 44.6750868408 45.1742168085 44.3279558629 43.8806638646
44.5965827815 45.468382648 43.5697603613 45.7763553308 45.0777887028 43.6894246985 44.3243738325 44.5938119975 44.5257342599 43.860399551 44.3669248661 44.0037052156 44.3292664468 45.1486656166 43.9277573151 45.3057780324 44.2026827627 43.5004972769 45.578761866 45.6981515183 44.8912802674 45.5754229367 44.0697715211 43.6815129473 44.7938591904 44.9035317588 45.2341420883 44.0912147074 43.0619986224 45.7795801656 43.6268739105 45.6529987873 43.2551649335 44.2447495697 45.2234071713 44.230855619 45.455073198 45.0784557673 0 44.2829187137 43.9801195529 45.4168621437 45.6365617895 43.0330230769 43.3183288418 44.125149278 45.0030720079 44.1259614656 43.5692429976 45.8031642858 45.7590236322 44.3475976707 44.2421710202 43.2806929299 43.9782623314 44.8061027538 44.143366128
43.6383890087 45.1867936687 43.506418458 43.9488544045 43.4667952228 43.988393288 45.3110507017 43.5089179951 44.8842058377 43.4108455413 43.6000763887 45.4355416606 44.894615058 43.6723946752 43.7318228909 44.8982344078 44.3445722202 45.775602987 44.6050098347 45.0558287027 45.62690763 44.1771090168 43.0406411774 43.2023842143 44.8784710046 45.2078509743 44.5219055416 45.1741728298 43.6268338158 43.4903559139 43.6259299123 45.4515726063 45.3815642205 44.8637369012 43.41151967 45.1495606202 45.477472025 43.7494439873 44.2106843861 44.8243426935 44.0661629332 44.9988321884 44.53895908 44.9496073388 43.2176344693 43.7101798546 43.7242118472 44.903892593 44.7128173604 43.5334033263 44.6484935578 43.6305252686 43.6417082083 43.0078472482 43.3346873885 43.3398925402 45.3080995369
45.5081359536 45.2759859131 43.5351211152 45.3158843736 45.4485492097 43.9373725783 45.5313013824 45.6465793252 44.1390584573 44.0905927596 43.9966578688 44.5266017928 44.7987082189 43.8194186102 43.3355803834 45.1701332384 43.3207020184 44.6867511803 45.3034774316 45.3109146638 44.1987474666 43.3210811513 44.2819647064 44.5019513821 44.9837126885 43.8819265699 43.0309246627 43.0092415432 43.4192825056 45.3581516322 45.5728490317 44.251635405 43.3044524995 44.2967232948 44.4953844323 43.0139766428 44.878871683 43.0227441393 43.3635244094 45.2092454373 44.1371563423 44.9065159877 44.0803761025 44.2005379497 45.1407780208 44.5558703607 44.9833168633 43.750752018 44.8914813149 45.0226302584 44.0896638249 43.3778612764 44.6334312287 44.9147642341 44.6993111663 44.2992181206 44.750028488
43.6258036423 45.1719266667 44.540387285 45.7704477926 43.9238459568 45.6062869393 44.2055610434 45.482540196 45.7029816362 45.4197026108 44.0427859296 44.1606239001 43.2312344961 44.7634380344 43.6495874243 45.2667370153 44.2958669223 43.2352219519 43.1264462242 43.8117927353 44.6531669889 45.6861765846 44.1675219279 45.1623588815 44.8830918855 43.6359320898 44.2210876506 43.8505690367 43.1664068534 44.7702270599 45.1407388365 44.5786893234 43.5094699348 44.260639246 43.0504850232 44.361617309 44.8041144408 44.925625479 43.911946343 45.3232885294 45.4425840858 44.9334312502 43.8597984896 43.0498383481 45.6095850284 44.1714937599 43.4955324067 44.6708226469 44.0559355838 45.2301966427 43.2697224719 45.1015230385 43.7832719975 44.735174306 43.3745916867 44.7307257803 44.8038769263
43.1293346561 43.5744468875 45.4796382402 45.1636369986 43.6786983203 45.5940865587 44.0162967485 44.4888373285 45.1172327294 43.2322340362 44.2415829712 44.2498618931 44.554499288 45.4309637326 44.6617519578 44.7293844785 45.0400078116 43.2756067067 43.8671842844 44.9042927008 44.1794236442 43.2654962266 44.2127998959 45.22916793 43.145190727 43.1758306862 44.6010320009 45.6433804715 43.0015924894 44.7255412208 44.8673486335 45.7930405276 45.3645893181 43.0317714078 43.7332475399 45.06409661 44.2841257068 45.5316735138 45.7892763487 43.5922920382 45.2337977223 43.1047761228 44.2628522436 45.6645831213 43.1256570063 43.1087941537 44.5157205091 45.3018698918 43.2212767623 45.4819417717 44.4028119115 44.2729974825 45.62488589 43.6233308852 45.7443572068 44.2764267221 45.8012088021
45.1104567482 44.4640359708 44.5506848657 44.1125641007 43.4180656459 43.4990721921 44.9870441661 43.2262645262 44.3237553548 43.5811703583 44.0330945048 44.2671419607 43.9302451948 45.0959669295 44.8054221996 45.6227861635 43.2179362818 43.1349557235 43.1876642257 43.2591219262 45.0014124707 44.2743406225 45.5916761461 43.3942304773 43.7199948339 44.2320238784 43.5772226984 45.6914866468 45.6180534704 45.7275385266 43.6263515786 44.7510218645 45.092510552 44.2241178962 44.8813940762 45.7591869598 44.7352799077 45.7785640339 43.1350188566 44.2125663881 45.2309127819 44.8771249413 44.8747564879 43.9006384118 43.3156059812 44.0170366949 45.1672933448 45.082871886 43.8272576132 44.7793445432 44.0828611126 43.1596298279 43.1208304638 45.215316313 45.114873696 44.5223543096 44.8508103291
44.657895992 43.5593721332 45.5836836058 45.6108485765 43.5149534326 44.5591022457 44.0697744819 43.0713595715 44.9711183583 44.5393602126 43.9635438277 45.5121869669 44.7412698295 43.3831960803 45.2844660902 44.3608417769 44.7736254899 43.4914857828 45.3031348036 43.5447194324 45.588582451 44.4421422639 43.2836202459 44.1435104086 45.8124235808 43.1066578835 44.3853694753 45.6557921196 43.9746075061 45.6535563568 43.8262427996 45.7895026079 45.6602199304 44.2933751897 45.2569489813 43.6533988177 45.8046136896 43.5214221036 43.2310645032 45.7921624048 44.1233974707 43.7849167548 45.5515067634 43.7825906809 43.648121135 43.603615637 45.0040718849 43.6072465108 43.0123265112 43.8250276781 43.054467806 43.4079220932 45.1824426461 45.8254107698 43.1433572722 44.4721629474 43.6944265257
44.3216233416 44.4449343549 43.9960907441 45.2204999308 44.2327749165 43.4955245326 43.5311001665 45.630933671 44.9589978927 45.2739715242 44.4358387643 44.6335674159 44.5740066268 43.5810014908 43.8977605238 45.6327910795 45.7108775503 44.7348225981 43.7075917542 44.3491070387 45.1665587922 45.048657845 43.4856304259 45.4275132388 43.585855427 45.3530692456 43.6013184999 44.4270539622 45.6960817112 45.100132339 43.1740913941 43.2390731547 43.4374637779 44.5009221453 43.5812157073 44.3566793792 44.2424249568 45.5930261826 43.3207258813 44.3699122491 43.6497283405 43.4116536296 43.4759404335 45.2301355189 44.3134223344 44.770505327 45.104281837 43.4053883064 45.4220490289 43.5509109876 44.7012929365 45.5532015709 45.1800783241 44.5615267494 44.5714683293 45.4772845677 45.2749729318
43.4297804356 43.5424242316 45.4396838724 43.4061323317 43.0558327856 43.8101096767 43.5690967249 43.9681102118 45.5983374636 44.8979989562 43.6743715094 45.4302566255 44.0097393456 45.4872199012 45.0947148527 44.5093282461 45.1507822422 44.7220790698 44.1119880321 45.6472215613 44.9567050197 45.1410173233 45.7844217212 45.7191502218 43.5758150603 43.7725268103 44.2841560847 43.0995001646 44.4767065525 43.987797103 43.3464828365 45.3833550543 43.6986079757 45.5600620328 43.9542864204 43.0072813747 43.0327426016 43.8755100684 43.1425752698 44.2386651298 43.1877238735 45.3679027656 45.5091687692 44.4273082489 45.5919045505 44.9437786144 45.4812343531 44.4093469224 45.3188751021 44.4726770212 45.3700743463 44.9751181749 44.486824398 44.6693315344 44.198285942 45.3500434633 43.6269535558
43.1961002566 43.5795754775 45.6826981356 44.4283992145 44.4848695312 45.7047191791 44.6679803898 45.174775872 43.4717183076 45.5511325413 44.2059598933 43.5735450875 45.0146039716 44.5994135251 44.9165706386 43.4719769246 44.8398875407 44.2389008018 43.1883533387 43.4226368167 44.1251106338 45.0365860986 44.0483393266 43.4198835887 43.3982029596 43.4244892728 44.5598634594 45.0845536384 44.4515197105 45.3845812206 43.8962801328 45.8145818642 43.3523277832 44.4623043125 45.6060661161 45.7652184596 43.4698711483 44.4882672971 44.6964680302 45.6520683136 44.9339939512 45.1981985046 44.7995585328 44.933274503 43.1626609826 44.9125754336 45.3211008681 45.103606674 43.6517621949 45.439622129 44.1156685414 44.1483535067 45.4659289082 45.3046191227 44.9478615363 43.6432530239 45.509491995
45.3624450514 44.7049419865 43.9937814536 43.1982024692 44.7495511971 44.3654073599 43.0800554527 44.859351243 44.9982184951 43.061450542 43.4325320884 43.2300473975 43.0447702832 43.9079361667 44.4396815747 44.3501860465 43.3255455954 43.9084478863 43.541023348 45.0752850215 43.4213786085 43.1910992573 45.1390107759 44.3472879768 44.3632152821 44.2584526194 44.6727814467 45.4616666615 44.4928182599 44.8930174892 43.9143708979 44.3101984657 44.8508633606 44.0224530355 43.8743904262 45.1986161553 44.0194456861 43.4160144463 45.0522982981 45.7475789113 44.015016925 43.6048254047 43.0161435284 43.3298020589 45.79021927 44.6652912645 44.8293786367 45.8141102263 43.2176337256 44.6834535725 45.0419518089 44.435405329 45.5852070985 44.5874628483 45.0266943704 44.5825686147 44.861261834
44.5720381339 45.3463275206 45.5534267804 44.2421658452 43.1569933808 43.3236464607 43.2886123559 43.2871225502 45.3548442243 44.9448705989 45.1028780463 43.5642146342 44.4644993091 45.0022456166 43.3208729738 45.8134797855 45.1958362623 43.6871754767 44.4614923141 44.8030389351 45.1704564243 43.7373121532 45.186897512 44.7672974665 44.6919813634 44.103524104 44.588808875 43.9756561263 43.0815809114 44.856098332 44.0207488713 44.2734200065 43.4041922228 44.1807671997 45.2691760696 43.9960402637 45.8135014417 43.4795925873 43.9173207619 45.7350350675 45.7148492894 44.7056114523 43.2666933771 45.3502735759 45.4724604763 43.7338048512 44.5048183328 45.1593427829 45.7671436442 45.1200027245 44.0030361053 44.3892333792 44.932908332 45.7460406044 43.709980235 45.8242614109 45.631216278
43.3283956971 44.8384037585 43.5466660733 45.6881382296 45.2233281525 44.7272405944 45.1895072304 45.1529985822 45.821078339 45.2800097455 43.7356367649 45.5417557579 44.1470055119 44.4622851336 45.0236090882 44.4909456616 43.6136967816 43.1397712548 43.4576285243 44.5397767202 44.6007984195 43.2039843386 45.7359659473 45.4341874519 44.2574293408 43.1280081384 43.6987682886 45.414394356 45.8077753339 44.9616534357 43.027962469 44.2840120795 45.2972645356 43.1833927648 45.2575046027 44.3410313942 44.8748119911 43.9299333662 43.159965497 44.3571168428 43.3921900018 45.1555618963 44.7540620243 44.4493191002 44.8484411086 45.6407810091 44.0910973516 45.070216269 45.173023454 43.3116671062 44.5009488461 44.6206735453 43.290496368 43.5260045334 44.9353531717 43.0910409855 45.816085511
45.8246784035 45.1816811303 44.7553964351 45.6576776704 44.863775462 62.1098808716 43.2141622909 44.0239521694 45.3523128426 44.0082505238 44.9618924161 43.25500566 43.0192378188 44.3090111618 44.1196458797 45.1476997715 44.0621889611 43.0596066015 44.9050675627 44.1841051634 44.5792403879 44.0650698421 43.8231396236 44.2028528805 45.5882791977 44.9364027475 44.2405757141 43.5848379623 44.9697451649 43.4320740837 43.3378702503 45.5044323388 45.020341053 44.7888353992 45.5887422018 43.0812629153 44.9542345788 44.330576809 44.538305514 44.5860429678 44.7598108861 43.6215652658 43.2677194431 45.0279481382 45.6360275817 44.1867539947 44.5953847179 45.031928485 43.6075222155 43.6064948547 44.803502319 43.3176845664 45.320796394 43.7804886807 45.8235004259 43.0021915893 45.0211269219
45.7496435175 44.5399121823 44.9053250218 43.2248299655 62.1098808716 44.1062088615 45.4896518638 43.5276975491 43.2113740005 43.6388593886 44.5470585796 44.0165883504 44.9190815971 45.3427205204 44.0889349321 45.0478460751 45.582887252 43.8430712261 43.127442305 45.6499913014 44.3475197454 43.4697204326 44.51552128 45.0887445454 45.8274469832 44.0372512328 44.9869538203 43.825746315 44.4750121038 43.4613554641 43.0181127556 43.9301862695 44.0145020873 44.9942270349 45.4826299948 43.3383342021 45.452042417 44.9402813319 45.8217234983 44.9073700271 44.372846649 43.2829560592 44.1414771808 44.1308978137 43.2115809212 43.0441753419 45.4243221077 43.3721818027 45.1398427293 43.4995074208 43.5402954568 44.2047201516 44.4131071897 43.7948720282 44.8973677011 44.5541274062 44.506235488
45.0493967991 43.5590083923 44.8370950501 45.7772669315 43.8451895263 43.7495557278 43.5610633845 45.3583738193 43.0809643512 44.3023743715 45.2000337416 44.0731008222 44.6621144148 45.6589862327 44.7834655192 45.2713212726 45.5146517799 43.0846522787 43.1614912755 45.5820067312 45.0627746147 43.6400103571 43.7175872784 44.5576998338 45.4160052882 45.5146965786 45.3672036714 43.2120538605 44.637423183 43.3602950995 45.3124798459 43.1960310336 45.8275155124 43.6659076355 44.7464564977 45.2918233941 44.8466767221 43.8997143024 45.3491911791 45.7262651898 43.1874727237 43.7085739776 44.622220241 45.5139830737 43.2570491212 44.2508480108 45.0963607324 43.7264850653 43.6512375339 43.2880825518 45.4832396901 44.1388196733 45.7521283267 43.9699641242 43.0375974068 43.9664828847 43.4491325615
44.1576214381 45.5825700931 44.8103450489 45.3446731187 44.7841659343 44.1301469264 45.7096663979 43.4985542041 44.0150918566 45.0721541622 43.6932560695 44.2178803999 43.1199949991 45.4944992823 44.3332701015 45.4102783444 45.1858311496 45.6824439734 43.0086051229 44.102745952 44.9196406847 43.8263157378 45.2978760618 44.1728418747 43.5333663647 44.2681213048 44.5969129091 45.4461042096 44.5090712364 44.1384170887 44.8138625974 44.3904355331 43.5561596697 44.3823176864 43.9702115861 44.5412192141 44.2796035198 43.7194827156 45.4916872437 43.8035744454 44.4280377073 43.9364197689 43.8541566486 44.5507502035 45.6288261767 45.2806983587 45.7992987255 44.375196028 43.4718061462 43.9794313221 43.452923525 44.5644506342 44.6142247737 45.0402702752 43.1303413393 44.2379445534 43.4474847737
44.1753270556 45.2405139825 44.5236737245 44.7156871956 45.7703503425 43.8798891872 43.6416136481 44.6408671675 43.6141724634 43.1219815542 44.2217218 44.6757164862 45.0407626214 43.1269667132 45.1887676258 43.1088715499 45.6075519561 43.2957043888 44.5974641828 45.4729735554 45.288616483 45.6914746138 45.1341969264 44.5143397166 45.5784957971 45.7401455508 45.532181615 43.1195238584 44.5015723687 44.7284171605 45.1779812287 45.7000172042 44.5334821022 43.1977016458 44.5420900566 44.036884263 45.4800226433 43.313234533 44.9221418393 44.8164660376 45.7372704574 44.232599983 45.3967966603 43.4841297284 44.1817242887 43.3669138608 43.1234373517 43.5109397429 44.2318777809 43.0218424278 43.5589228427 44.5491330936 43.5425104974 45.3730672531 45.5008006949 43.8298847076 44.6518961795
43.8378474446 45.5089772738 44.715194446 44.9108220644 44.9917262305 43.9665429394 44.4070745368 43.6554985327 43.5553336709 44.5465491998 45.229596874 43.9200148164 43.3369286103 43.4155451211 45.2928288134 56.7101286359 45.2151512952 43.7301921818 45.285022117 43.2600112989 44.5947803402 45.2359366031 43.1367028799 44.6719829709 44.4587375547 44.353941838 43.9122483659 43.5596773348 44.2184476308 43.3412212191 45.4263683997 45.4955385145 44.0893609451 43.7329825861 43.3753511613 43.6653253835 44.8817187713 43.090374407 44.6246633059 44.2118984491 44.203152991 44.8393222925 45.3204303682 43.3678843427 43.4785352595 43.283113788 43.5308452933 45.8130680629 44.4427085562 45.0241503596 43.9285653026 43.0760009313 44.5569453784 45.5082064773 43.5194296754 45.3112070023 45.6728740404
43.0242718892 43.9036885609 43.4683975233 43.8169922664 43.975031465 44.3814037747 45.7396759631 43.0549538281 43.307654271 44.8906186938 45.2775819841 45.6864322074 45.5463188292 44.8447666715 56.7101286359 43.4322423155 45.6956343517 45.3821729216 44.1423450586 43.3967273672 43.7887935758 43.1622388448 43.2807859433 43.9651316975 44.813561652 44.8946284121 44.0490931374 43.4476940038 43.0838283782 45.049857404 45.3596667201 43.3096349768 44.7965641509 43.6771921057 45.0219759982 44.6138144932 45.1887602077 45.0972810354 43.2092931207 44.5402407933 45.6934636581 45.1710526947 43.6811379282 44.6295349494 44.091144415 45.2421845827 43.9176756712 44.2752059256 44.6472830471 45.0341568969 44.5114909793 44.8446363303 45.3371877222 43.3770564967 43.6591309171 43.778104411 45.2693604222
43.909082727 43.0160644763 44.2052159285 43.7030952544 43.5075239704 45.6713447275 44.2707231102 44.1874451655 44.9378735411 43.7628428834 45.4069216231 45.5500160919 44.5837018879 44.3735715608 45.2410598067 45.0570112358 43.5773751175 45.6271320519 45.1881364201 43.2945879263 45.4361257026 43.5045329834 44.6340291081 44.7435877579 45.7172630032 43.7720499252 45.3040418588 44.1570612862 44.0834587191 45.5260167056 44.5591698521 45.4219682032 45.4888823654 43.1806264548 44.4206485265 44.0203953502 43.5626087306 45.7284873407 43.0140574657 44.0830594247 44.1380001064 43.4746361913 44.2134348494 44.5163116892 43.4515361431 43.7764510867 43.9371120086 43.1897102596 43.9682769931 45.4867815507 43.6690201171 43.1425685865 43.4491894457 44.1979076198 43.2498347533 44.0431035295 43.1743945117
44.7694133004 43.531864432 45.2650593465 44.1749854793 45.00101685 44.933723072 43.534509821 45.3892458651 43.4436724898 45.8253508517 45.1749996248 45.032402473 43.2050058186 43.7786893405 43.9252494316 43.9295017158 43.3168034882 45.4739478816 44.1677165751 44.9786814811 43.0707128736 43.6611968272 43.9737861785 43.0181448584 43.3060851726 45.1261367237 44.0053652504 44.4629412714 44.7056798148 45.3049366896 44.5040043477 44.2040762533 43.6158022282 43.7269038104 43.8167113562 43.4964089637 43.1366842431 44.2873226846 45.6954234596 44.3836749776 43.3712144317 43.1316002246 44.4538864336 44.4954070346 44.7927641072 44.1384756333 43.7653811235 45.2435212208 45.0232060082 43.1222023861 43.129333519 44.1094238819 45.1441373509 43.2107629482 43.7944413789 55.5246789944 54.1066176174
44.8607453473 45.762809116 44.455980022 43.5193635475 45.0319712426 44.0326354028 43.3450645759 45.0713098039 43.00867179 44.7703075736 45.0689391772 44.4347795835 45.7047609738 45.1362473361 44.5994014576 43.6804193335 44.6372112949 45.7035406036 45.2628112504 45.8011719542 44.8479045337 44.5701557276 45.341885437 44.0596206663 44.1625487428 45.7151385294 43.4330081841 44.6332868508 43.4972442835 43.0427987429 44.7487289233 45.6285383095 43.5307297759 43.8795684415 45.2655432802 43.7411178275 44.7412599223 43.2512283696 45.3502881786 43.8015291043 44.7686287127 43.6460173082 44.1963777643 44.6586313344 43.788508832 44.0930103501 45.3324743048 45.6740708898 43.8105071741 45.614272303 44.9013747612 43.0979420102 45.1391431055 45.3381419773 44.4999892448 52.7496217068 62.9145984373
44.004544812 43.9184458089 44.5595543409 45.1156540579 45.459331816 44.210146111 44.0283720899 45.5889382816 43.4897435999 44.101699485 45.3022968602 43.5016774816 43.5490514062 43.1412472787 45.7331352976 45.8197471922 43.4545509185 44.4777052598 44.0910458886 43.80071061 44.5995322653 44.5480948783 43.0082381042 45.0033693238 44.5211156552 45.6075160631 44.2131321757 44.5934426678 43.6591278982 45.7284495063 45.5465175971 45.3690823781 44.9202666609 43.4671248139 45.0266268905 43.6719242623 45.3362484195 44.7473717516 43.423233289 44.4689956605 45.3869134182 44.1470943022 43.4510112503 43.6680411738 44.1254766006 44.1467504578 44.9523902315 44.1110390953 43.738226521 44.6591240071 43.9667205931 44.3919158784 44.2398035818 44.954349989 44.9798363236 58.1230907383 55.9942691412
45.3585745319 45.4214609842 45.2671017061 45.4713785632 45.4574356054 44.3219041749 45.6736287616 44.7724558507 45.4729022386 44.2569207436 45.1357482144 45.0566247246 44.4796310542 45.3706222882 43.5842565105 43.0208099996 44.4960599508 43.2164237385 43.1797589883 43.17240563 43.8822489314 45.4931695625 43.703957176 43.516121505 44.7680414657 43.7284681279 43.9533467813 45.5566747671 43.638361592 43.0463585637 44.4407753339 43.0469854028 43.1295923044 44.1970707599 44.8563114134 45.0574546275 44.5401363707 44.8223075832 44.3266577915 43.6231699802 44.850127932 43.9634519697 45.0742932131 44.4047452164 44.058437968 44.7779336844 45.7564179897 43.9726127884 43.7500819597 44.8438295128 43.1829738031 44.7727796727 43.717576541 45.1774015979 43.7860999445 44.1493643666 45.0513629942
