Spatial_Output/DEC/DEC_0380.asc
NCOLS 155
NROWS 192
XLLCORNER 196307.867259
YLLCORNER 449144.565805
CELLSIZE 33.573938
NODATA_VALUE NaN
[rows 78 to 103 of 192, columns 57 to 113 of 155]
34.3866449602 33.8809558381 32.2262819144 34.40232939 32.7857666618 33.9795630063 33.738189449 32.6988895613 34.4906228618 32.9282224805 34.6997343117 34.0280284912 32.0076786074 33.8078722068 33.9294853735 33.2529813191 32.0465986823 32.6367000913 33.037249363 33.843438675 33.6210489769 32.5250460408 33.1605031627 33.9602252251 32.7446662052 34.9292701814 32.8665893557 33.3328418752 34.0800106911 32.6264648486 33.5315897232 31.718785099 33.6374420242 32.0467388545 33.7495994593 33.5337660636 34.1305835786 32.4355409758 31.8587797554 32.6952065424 34.0802347305 34.7714080472 34.5165025166 31.5569377938 33.7000426339 32.8815471369 34.3621185602 34.9085076728 34.3420079442 32.6151778921 31.8242622781 33.9672613715 31.6821555982 34.6466274931 33.841354895 34.5669067735 34.7370490805
34.1795367394 33.3849365143 31.6039833481 34.9801265809 34.846734797 34.5112694483 32.6932315795 34.1718287978 32.940530693 31.5722908508 33.7467632383 32.3507606844 34.7133905727 31.5245367679 34.5260896701 32.3051405525 34.6259550259 34.8572661966 32.7101488348 32.5208461551 34.6212143192 32.2628808326 34.0057056822 32.554587241 32.2715759467 34.9747782526 32.7454786169 33.8641672145 32.443619596 34.9284969731 34.6916063776 32.3555117054 33.075744051 33.2923904207 34.6622000563 31.7464317701 32.7727882563 33.8483260339 34.7957804712 32.2080105107 32.3540273619 33.4227566039 31.6912085521 33.4525122781 32.1092213315 31.7280466874 35.0230170715 33.2249997892 33.9995448424 32.8358454193 32.2549593728 32.0392841736 34.0338908581 32.265650404 31.6121562555 32.4136599065 33.4905850414
32.1034737772 33.6708013927 34.9109924105 33.9838919602 33.7770063814 34.3961845069 33.5221875848 33.9047952288 31.6315016333 31.6138567876 33.3090950664 32.730004659 34.9314294623 33.9554886924 32.0837597837 34.6483845019 34.1267542831 35.0122962723 34.3190528983 31.9555776505 33.224951976 32.4782699499 33.5604284618 31.7057908548 31.7570120565 31.605805862 31.658127727 33.6176885888 32.922140022 34.4539846835 32.3419357124 32.4336460709 33.2957648738 33.7170959145 33.4892596532 34.7158250397 31.6216525373 34.3298567942 31.8480626035 34.8582148046 34.3774008813 33.6586462435 33.1018846251 34.4499136445 31.5495728169 34.7246916022 32.9889646638 34.3464825727 32.6588430654 31.8755750438 33.5358637478 34.8689287386 32.1957593787 33.6115163914 31.6944681282 32.854577248 31.5832899386
33.3253932755 34.9936979986 33.680396464 34.1867305602 34.519013157 31.745271583 33.939974089 33.5624640025 32.8959833543 33.0690461313 33.3250893829 32.0339444875 34.959125304 33.7750636975 31.9600598858 32.6755344028 34.6915414998 32.7625372312 33.3387803356 32.4534884016 33.9987060486 33.3438217055 33.2104269579 31.9985914949 31.8132005033 33.6302367946 32.6115032842 33.093718344 33.4275779396 34.0643185074 34.8019147799 34.2919092469 34.3079077735 33.3969097471 33.2063221654 33.7140766393 33.673898891 32.0834745491 33.1402413965 34.3477867157 31.8401622601 33.8048238136 32.1382146792 34.0365286758 33.8211495025 32.7309411821 31.6977327555 34.3725282309 33.5356232165 34.0346419947 33.6683819412 34.2287983385 33.982440103 34.5446049686 33.672122428 31.6024056583 34.1074723734
33.6345551318 33.6299612231 33.5912658493 31.9648200719 31.9711207045 32.66122049 34.6238672943 32.4020389824 32.9329719098 32.5594813928 34.4132467862 31.8434323069 34.4814867497 31.7707002306 34.0776436076 32.663612346 32.300514595 32.6032138375 34.8308434637 33.9048730905 31.7379771343 33.1402756292 32.0166979704 31.7747507761 31.7850077433 33.9322253753 33.2378368309 33.5968474002 31.6984223082 32.605080508 32.6291180273 33.9577120619 34.3793578825 33.0112926722 31.6667199431 33.602911586 32.127675026 31.8194662517 32.7035882207 31.9892863229 34.8567389534 34.5376892662 31.8694007161 32.1862256406 34.8734912101 32.6628576126 33.616432408 33.6652667801 33.0036979977 34.632077686 32.7819184083 34.7836917947 34.3811409248 34.0147544703 34.3696285704 31.5546780273 32.9508197916
33.8698767604 32.6847289703 31.8449560228 31.9959881541 33.1726707362 33.4174225696 33.2970120763 31.7684698743 34.7244913256 34.9369193375 31.8660583582 32.5653854839 34.7834691811 32.4938978197 32.5527374925 33.7005672294 31.5821594126 33.1884669324 32.4048284034 33.1667728595 32.1219212198 33.6630625992 32.3994403025 31.9327380897 33.6548237793 32.8486388207 34.6032764974 33.3905844467 31.6033534838 34.2737919792 34.455672193 32.6531785369 34.2791176676 33.1878018236 31.6576266018 33.8554656039 32.9630631219 34.4498271597 34.2411475951 33.3853431519 34.0283357713 31.8532560177 31.7780805442 33.0594795555 34.8418831816 33.593393169 31.6712014864 32.9983189943 34.3700538712 31.7484216837 32.7666009064 33.6459704271 34.7659718929 33.1637549741 34.597492749 32.3633630273 34.4182713885
32.743501523 31.9726200111 34.5825334754 33.1697489892 34.6509600125 34.1669801754 32.3630093332 34.9244650908 34.3464512937 34.6001537389 33.2672916708 31.5800402371 33.8975121226 32.2745302023 33.0331716298 31.8751439346 33.6371587429 34.4672699507 34.1603676927 33.181173297 33.5319621068 31.5387758683 32.3688895655 32.1021212755 32.2394464162 32.2373705073 34.9810923073 34.6133251793 33.0664979298 33.9045348153 32.2454798649 33.3425810772 34.7595914353 32.2033020658 34.0541924276 33.6553527682 32.5094998596 34.2865411917 34.1772268621 33.1648528344 32.9223322467 32.2434020161 32.5559345819 34.4108838369 31.7059519146 32.4310244927 32.1026860799 34.7226561983 32.276239837 32.2659759892 32.4489118129 32.6720692554 33.5899189552 32.300683446 32.2173676052 32.5926816103 34.4481995933
32.015964097 32.0795268079 33.3464584736 31.8540974435 34.1587451344 31.8883861402 34.5672549874 31.7948981112 33.0136130134 31.748734548 32.9097420586 34.231946404 32.8645060674 32.1887679882 32.3710827619 34.2678540413 32.9857766584 33.0668666439 32.3253989617 34.6111320581 32.3786877581 33.3533616208 32.7375922922 34.9972752596 34.6594036893 32.3631017623 34.1004747985 34.413795881 32.171838285 33.7192261888 33.5925829565 32.8843030659 32.3314847284 32.3324859145 32.7748416516 33.8193704645 33.0344629768 34.2423979135 34.0072804934 32.310871869 31.6927923731 33.7621964782 33.1827803441 33.1292136019 33.6066778269 34.1342531875 33.1774073875 31.8479359207 34.6299528178 33.5452950087 32.8545912939 34.2265654889 34.868597569 33.9196225891 32.3324241598 32.1199195115 33.2368426862
34.5303886286 33.1778510343 33.6890055057 34.7409863934 34.7222174182 34.4160495123 33.8414501596 34.3837499966 34.3049443046 32.3675003854 32.7551172678 32.2624678034 32.1303172161 32.9208103754 33.7255938519 33.2944944339 34.9348986144 33.1882407053 34.4019779793 34.2611263971 31.5267752188 31.6776138524 33.2545860865 31.8037609248 33.3021548915 32.4709203916 34.9602139901 34.3798527672 34.5033406538 32.2139954637 32.1991233711 31.629821731 31.7933815503 33.571124152 34.9245831918 31.5933603511 32.290318705 33.5223973323 33.4945765809 32.1702909285 33.1687172456 34.8904018674 34.8764255683 31.7448952155 33.1103807319 33.3707900824 33.3214698584 33.4620358239 32.4861702304 33.4807276608 32.7568315403 34.8809088945 32.7114016079 33.3411391963 34.4834522385 33.6995991662 34.9385555953
31.5415663883 32.2000830544 32.477469032 31.7746507933 31.6066095778 33.0339993477 32.0645180317 33.1090145406 34.4134752472 34.6886780813 33.754753502 32.2146728596 31.5690953324 33.0947431076 34.2095994925 34.0952152351 34.8060185811 33.9617210383 34.4991392967 32.9222592671 33.0132600361 33.2349690846 34.4189447813 33.7458955836 31.8307159649 32.7681518143 32.6743464157 31.5624573611 33.8146658611 32.0615699923 33.647788346 34.1712741503 34.3431395116 32.5393303315 33.9079629541 32.2301528207 32.1636734839 32.8512726541 32.695977102 32.2598429137 33.3603905803 34.1403056966 32.6813076073 33.4636814595 31.9381638238 33.6132858334 34.478932162 34.7760107973 31.6133718545 34.7232372311 31.9574283254 32.2077680941 32.4425578012 33.0478064387 33.7025071024 32.9481974716 34.206055394
33.2151641194 32.509387694 34.5711360961 34.067242866 33.1032103335 33.1280247775 34.3802840348 33.9214749497 34.8364270774 31.6878441858 33.3216902343 31.8292296491 33.1189969998 32.3314467689 32.6676560901 34.4426768055 34.7660301521 33.4676712095 32.7617794997 34.1551357634 32.4015346464 33.2259265739 34.5848672492 34.5217914844 34.3770698171 32.9393373443 32.6121710173 32.1032015957 34.7322239778 34.5876593629 31.5883973938 31.9457541614 34.7397959001 33.3218184917 31.7695277977 33.5668142039 33.4768416647 34.7666260508 31.6940376182 32.7878527102 32.4595453639 33.5744713637 33.445103104 33.7360327908 33.6885167242 31.6101899049 32.4166085202 33.9698502793 34.3834367268 32.2883450957 34.5967830478 33.0049183502 31.9104836164 34.7457894599 31.6861790641 33.5542907508 31.7801527112
31.789233515 33.2624319157 33.8759544878 32.8499466333 31.7093787036 33.1519140483 31.9438434258 32.0910235605 31.9531858676 32.0344782906 33.8013935594 33.5906088682 32.8860833301 31.576121381 33.1984703566 31.583496306 31.5454380898 34.9365267587 32.9483356681 31.7337544403 33.4631618325 33.2528304517 31.5629811461 33.0124197736 32.0991157596 33.4883350245 31.6922422739 33.4097808863 33.0036811137 32.2070237388 31.9285556742 34.7103368933 31.6616181805 32.9587781262 31.9665413108 31.6735124522 34.0613208965 31.6605700895 33.010737837 34.8612649753 32.8920471436 33.6751631892 33.8196013262 32.7045566632 32.7767506451 31.7320470145 34.6193910097 32.3093114974 33.6323222414 32.204888514 32.4794451053 31.9231299393 34.6297052836 33.6304735596 33.3469770089 33.247799338 31.7254423197
31.7801658101 33.6580739939 34.4861258115 32.3254473814 34.8130825681 31.8102211679 33.4994423573 34.0257671607 32.5901309849 33.1157641856 32.8628923255 34.4918672746 33.6990634801 32.5517301731 34.4607221985 31.7766269961 34.8872190049 31.9923411665 31.9894245397 34.5656119836 34.2616615446 32.7804154239 31.8667297136 31.9932589039 34.5431599936 34.1577100057 32.2396672304 34.1232992656 31.6783950228 34.3550824343 31.5359395127 31.614888864 32.4133967664 32.7089360722 33.8135969436 34.2175069339 33.9019575244 32.6567130818 34.3133543358 33.9164882909 34.2652328795 33.2757494507 33.8643794574 31.9225866915 33.7290546544 34.4620150527 34.1015893195 33.8087416126 32.9875858771 33.2705074112 34.7318964878 34.4439596474 34.6292744195 33.7677244262 32.2483810101 33.9307439568 34.6086155805
32.6099284382 32.0774244319 34.8385816162 32.2519752369 33.5922384647 34.3848351623 33.4287782527 34.1230640589 34.1449399878 34.3444200497 34.2531262112 33.0554748021 32.1789601109 34.7133666113 33.7783543103 33.4497279739 32.1112131189 34.7174131654 34.6555563989 34.6068724798 33.4862652374 33.2828256859 32.3722113075 34.7580059125 33.7698243676 31.7082725951 33.3058616405 33.2471488154 31.7944428597 34.2962866035 34.6055958287 33.6876956076 31.8537770054 32.8075823719 33.0739486414 31.734129235 33.9331341544 33.7175559457 32.412553433 31.7117947086 34.1968542801 32.4874972117 33.9425563809 33.4165103419 33.0892611996 34.5679566769 33.736190898 34.116232775 34.183120067 33.7068290441 31.8150279686 32.6320488422 32.5302306638 34.8893494658 34.8569840824 33.5370143633 33.873867648
32.5864094155 33.8209395564 33.37131663 34.6174955161 33.2300865057 33.8197617662 34.3566358591 34.3274767083 32.2400226467 32.5550451684 34.137994721 32.1128744059 31.5588116275 31.5541326877 32.9275659474 32.8588806215 32.7945123336 32.9406660092 32.4546549933 32.8613522085 31.6836468317 32.7023948358 32.6847215778 32.6957663276 33.1104563653 31.662580122 34.1730293814 33.563924671 33.9960876794 32.9733234247 33.4204611121 34.9571593181 34.9518260675 31.5134491392 32.5093737281 32.3543451567 33.9201933327 33.1220090194 33.4951946577 34.7812380566 33.6555740072 34.6589119972 32.1653523078 35.0098899606 33.5649632325 31.8078254628 33.1919388257 34.4450735355 33.7245511596 33.1299391078 33.0403063111 35.0272796339 31.9943048757 31.8911968712 33.3251879135 33.1370156895 33.2776732361
31.5856189897 34.5990938736 31.9270237225 32.2611953183 33.2154244216 34.0622258534 32.4788293998 33.1834511298 33.6891041441 33.4890680583 34.8566762024 33.6302035238 32.0587255684 34.9890521856 34.6592157921 33.8128701483 32.7667261448 34.3756791924 33.2855945303 32.5317379861 32.4094587616 33.1707937321 32.3281584692 34.6177522864 33.4621866126 33.1020592453 34.0489998748 33.2878988609 32.1299549278 34.5290769869 33.61610404 31.9754682728 33.0131079878 34.2201490732 32.0051081918 33.2187246364 33.1088000257 34.433602415 31.8999289507 34.7963031254 33.9257180767 34.6641743177 34.0929428995 34.6070108359 31.9872653123 34.5490441835 32.359985292 34.7103130407 32.0414470565 31.5190495135 31.7873555323 34.2198807199 31.6745507101 32.7269415766 32.7584010001 33.9091617403 34.5781306919
34.743987116 34.3019779844 32.6417455527 33.9976530364 32.3872049861 32.8080552054 32.2587423203 33.8583169282 31.71775115 34.4291274678 34.9289625525 32.2292555474 33.974475809 34.5597247306 34.4601357856 33.6766817074 31.8817809028 31.944035317 32.9979078245 34.2096072497 33.6297756036 34.7200301189 31.9689574416 33.0920368594 33.6258626955 32.5248291983 34.9461796908 33.0383524407 33.7759412202 32.739617523 33.0112461617 34.1695510383 34.0371175681 34.017058852 33.8696989562 33.9349559664 32.9856791893 32.5606845109 33.6266112349 31.6805222865 34.871963615 32.4603240708 33.6158798471 33.4529276021 31.80102412 34.2597539805 34.2617195687 33.1250523216 34.6449569742 34.9901331135 33.7905952001 34.263777084 33.2650313179 33.1225067115 34.2552572253 34.829002202 33.1574496302
32.3397476527 32.909678202 31.6145900495 32.7655685361 33.6988400017 34.3818392605 33.8446106246 33.9503615861 33.6511152615 32.3514303338 32.4310530047 34.9594361434 32.0201292218 33.4060549364 32.8541046284 34.2827969913 31.5655289302 33.3805966989 33.4581105246 32.0063532652 33.4642113707 34.3535066745 33.7951676778 34.1582023325 33.717763556 33.5772172714 32.6438903679 34.341319382 32.8361984603 34.0236993785 35.0172296771 34.6682747645 32.3159425571 33.1103341737 31.6757601946 33.0372530569 35.0280057052 32.6498026012 31.5022674268 33.8309031208 32.9727913614 31.9413057986 34.7131721527 32.1286059654 32.767630568 33.1351990787 32.6137652067 34.06813893 32.0078362625 32.1228345344 33.4496479435 32.1911735215 32.8427610342 33.4643718961 33.2254913664 31.7841173042 32.3560291381
33.1797044515 32.7715588634 34.6636184656 31.8640755004 34.2462661208 32.3273546216 32.0312090445 34.0351714153 32.0833437123 34.9112157916 32.786055228 34.0878846426 33.3830136346 33.5870470361 31.7388492843 32.6790745745 32.0373327225 31.7170948062 33.2748264886 34.575637959 34.959258176 34.398596461 33.0328607098 34.9137062277 31.8302997059 33.8550235335 34.0599169242 34.9005115476 34.9435914927 33.4228620674 33.790221985 31.8638115976 33.7290850759 32.8255768 32.4817705603 34.7576123539 31.8010958801 32.4782112646 31.9682764198 34.6587199859 34.0477698142 33.1185269019 32.7813059747 32.1916207319 34.3330881455 34.3511540068 32.9828768558 34.5076313055 33.6197391564 34.2725000818 34.8185508515 33.8641882794 34.0826179974 33.9438108857 31.721489969 32.8156926428 33.0313153573
33.6520585895 34.6840588118 32.1940814851 32.1949394666 34.5757539193 31.6041165647 34.0368595182 32.2788592076 34.4125928156 32.3848712173 32.8694660423 32.8613493649 32.6251940267 33.47531437 34.0864913206 31.9082879617 31.7803173393 33.999742789 34.9412430005 32.1836190292 31.6226620355 31.5346134376 34.2240255185 31.5733716243 34.4914429385 32.4134983873 32.6171511459 33.3690238438 31.72664012 32.7828619602 34.0846201371 32.5369043688 32.2202610812 34.6982299594 34.8979506333 34.9615037959 32.0714201099 31.8037108178 34.4747850888 34.5836747998 32.5855999013 34.5433787376 32.3893133857 31.7950397326 34.8172320754 31.9944874832 31.5046596735 33.2464440527 32.1100905165 32.528013481 32.1128280308 34.1054828208 32.1534312371 31.5706564948 31.5523477001 34.8280835784 34.2279539356
34.7876572938 34.2432626198 32.4863332865 34.8527407014 34.5891141033 34.422416751 32.1327195542 34.6967042248 32.9648186555 34.7950104636 34.1163588674 34.5894042507 33.0607043331 32.2313554673 33.4854249487 32.879037644 33.7009771909 31.7511347942 32.3197210912 32.8526534908 34.5765524911 32.3490308685 34.8220285878 32.1304871144 35.0080057669 33.9759582989 33.0082576348 34.8190359433 34.6343458494 31.8668155312 34.2860291753 34.8228610678 33.4455609731 32.5171439631 34.3417739642 34.6298574136 33.77357644 32.5018991411 32.9610914064 34.0863946309 34.8894261846 34.3958810867 32.4944142894 34.1793812555 31.6475923008 33.210199878 32.0540144839 31.7566011586 34.7580408016 32.6104799802 32.4891748425 32.5168479484 34.0527861307 33.4969516397 32.4437054106 33.944985852 34.4217759017
34.322574564 33.9205581437 31.7623744532 32.6848607311 34.8129638066 31.7714773764 33.8311185754 32.4789758932 33.7325377809 33.4677412027 31.861844639 34.3628714911 33.2572117448 31.7320015578 33.2635525668 31.9131786587 34.9054601987 34.6521690422 31.6421476689 32.7775514714 31.8158177332 31.5691507961 32.9336139528 34.0353135986 31.6991606723 32.5343445015 32.7906256073 33.6441932509 32.4047982236 34.7235387392 33.0732174908 34.6949423114 34.280514892 33.5914415422 33.0051424431 33.5605037293 34.6393322666 33.6548685579 34.6342141121 33.4459471595 34.0405369152 33.1309489636 31.9069557249 33.8537141838 34.3004445429 33.5834827199 33.9818794894 34.7663969061 32.8276606961 32.6289366909 34.7703720358 32.5552432013 34.769942674 33.3569404894 34.4301702762 34.4232128344 33.3709551543
32.8457308854 31.8792197582 31.6033959012 33.7084085229 34.500937859 31.8583643783 33.8644268718 34.3936389247 32.8184876937 32.7758672511 34.1103907754 31.6403304498 32.4719754178 33.4886098758 32.4113282314 34.458933898 32.3830494501 32.7917552455 33.0204083214 31.6868378011 32.5178955095 31.759283987 33.3841180344 32.0118484233 33.0873158443 32.5553391951 34.7044444486 33.5353451238 32.0908150536 33.5425752629 32.5019193858 33.5049783493 32.4258024894 34.7860714388 32.1307835603 33.7369890275 34.702634041 33.0797151893 34.5694754548 32.4109607846 32.7349936128 34.739925584 34.4460623034 33.3032935227 33.1559633849 33.499414212 33.5666109317 34.7887851485 34.7049952207 34.5181424867 33.9552599498 32.5261508498 34.0898074148 32.5014705714 33.5997471142 34.2828517179 33.6210771975
32.2142617628 32.6519871325 34.5048220291 33.9214937036 33.5831474635 33.8101944912 33.827089086 33.1413334006 34.8576367026 32.8480397784 32.00104985 32.5251787134 31.9917206231 32.5668278911 32.6943097252 34.2793141237 32.1202039454 34.3741279466 33.1501368764 31.6596145738 33.2311151039 34.612027428 33.5971880873 32.3915357487 33.2001000843 34.4866034668 32.7265342482 32.2830050569 32.8006948369 32.7769966044 32.4313676777 35.0256352035 33.8243704969 34.9196724165 34.6085236486 31.5883947618 34.1144815954 35.0274907448 32.7863323599 32.298903697 31.791950353 32.0878461823 33.1993016322 33.817449107 31.8306658435 31.5358086166 33.2136603924 32.3014009794 31.6892915661 34.1167154276 34.9991192075 33.5620864237 32.6497082449 32.420096313 34.3891238117 33.1704182911 31.9373292216
31.9201062626 33.3738311761 34.6698049432 32.6636019281 34.0427293775 33.6362083003 33.4816878425 32.9945097662 34.8065689357 33.3450227524 33.4156337031 34.2538894578 32.9689273768 33.1863610518 32.4067058093 32.1054858517 34.6402925016 32.4767780343 33.591092335 32.062420333 34.5258381063 33.2627527742 33.4877220989 34.3815764251 34.365178488 34.376168721 33.663289878 31.5128072245 33.7234688523 33.3878351906 33.7144285463 33.12613923 33.8602684225 32.2375930635 31.756366343 34.7936858866 33.2834002831 32.8765831924 32.9718496738 34.5486281802 33.7236086569 34.4402703332 33.5632556826 33.711550087 34.3836068271 34.0775622569 32.803546506 32.057394284 33.7092061981 32.5482712297 32.2501838862 34.9292331461 34.7370820437 31.8434920829 34.8648089866 32.05113258 32.1062840201
33.0091038076 34.7505168437 33.3674578012 32.9672579676 32.8062594308 35.0029265789 32.8887105038 34.5625926655 34.7779251391 33.5514060088 33.7376968788 33.1389757183 33.2930209596 33.186175744 34.626187798 31.607222851 34.3750060302 32.5127913501 34.504110126 34.4605266225 32.0299289587 34.2769214972 34.6633393212 34.9560075425 33.6243294016 32.4886069361 32.2143586228 34.0163742862 32.8436915262 33.4652163799 32.7162617548 34.1041720145 32.9772282509 32.7648378011 33.2837777504 32.152566568 34.1566593473 32.5468336455 33.3872414844 32.3070467392 33.4646552059 32.8930531697 31.732793917 33.2493390723 33.4078283879 32.314424832 31.8943214981 32.5765827611 32.5054436675 31.5101815454 31.5970132739 33.9497558289 32.788672748 32.2093516205 34.4544262814 33.6429191666 31.9581309614
