Spatial_Output/DEC/DEC_0277.asc
NCOLS 155
NROWS 192
XLLCORNER 196307.867259
YLLCORNER 449144.565805
CELLSIZE 33.573938
NODATA_VALUE NaN
[rows 104 to 129 of 192, columns 57 to 113 of 155]
45.1366890016 45.0756391683 45.1032973881 45.1962467413 44.5369480707 44.9319215594 45.1252742036 45.1284535587 44.7900015153 44.6499554797 45.2057036591 44.5242842465 45.1573052119 44.6942849969 44.7971662892 45.0526894545 44.7687624299 45.1034463271 45.1309172752 44.5978042499 45.1384532631 44.7969816799 44.6523435913 44.9284892266 44.6389191275 44.9306532202 44.7577222577 45.0522017858 44.7766165076 44.5821527708 44.6556970401 44.883143624 44.7160558876 44.5887414823 44.7796134508 44.8983906814 44.9292159832 44.8381089654 45.1398867351 44.5497011714 44.5327597419 44.9352274219 44.8136602024 44.6061666004 44.8224863603 45.1738090876 44.8521262381 45.2066405241 44.8304844582 44.7582229467 44.7895701889 45.0213191836 45.1806068026 44.6917746996 44.6096660105 45.1537097748 44.868855369
44.6647242196 44.5749771576 45.0814054894 45.1803856378 44.8510259287 44.9628426795 45.0632523614 45.1606538559 45.0249738985 44.9364681702 44.8922666564 44.8415471891 45.1649669952 44.5332341632 45.1989251901 44.6787463441 45.1878553045 44.9841098731 45.1550998336 44.9802913021 45.1496120199 44.9356477294 44.5361927574 44.936909368 44.570415677 45.0581804381 44.9477536253 44.8237284061 44.8556536416 44.5959044182 45.1103711384 45.0824535825 44.7605053616 44.931772116 44.7242048103 44.9767717437 44.7182045596 45.0467754542 44.8117784381 45.116356924 44.8875568681 44.609633524 44.5909016588 45.0049297861 45.054089296 45.1277062645 45.0260237673 44.7079524052 44.7926979778 44.5028524216 45.1435747677 44.8793522375 44.9452546253 44.5503911847 45.1383475758 44.8578866952 44.8292232858
44.6797415865 44.6062396194 45.0593783982 45.0766032932 44.5590886785 44.9006527827 45.0221320145 44.7410808906 44.7536186172 44.8933128773 44.5953021463 44.6439875708 44.5472678053 44.7484777767 44.9424870118 44.5507024928 44.8242565801 44.9811614654 44.9794737375 45.2046154128 44.7557271213 45.020664544 44.730618439 44.5391035662 44.9323762305 44.7351276617 45.0500354822 45.0427003095 44.7694254051 45.0745998907 44.7506115708 44.5257710416 44.6406553621 44.7289018439 44.7410041228 44.8442693049 44.7804137646 44.9821404842 45.1608646734 44.9762322212 44.8425698505 44.8742030683 44.9319060369 44.8586079282 45.1922185781 44.5560357813 44.6132469116 44.8187314643 45.0106490618 44.6621105754 44.9093814817 44.7367326754 44.9292157221 44.6013512371 44.848249714 44.569645352 45.0557141052
44.7263506313 45.1944078374 45.1326528513 44.6569851737 44.6567807958 44.9306381864 45.0313647025 44.8569201591 44.7041595815 44.9657057149 45.0620725258 45.0197876361 45.1661655357 44.7088935279 45.0133171044 44.5607833564 44.5634338911 44.854332335 44.9458472173 44.6467032367 44.5603126996 44.7266137862 44.8228019203 44.8157408435 44.8818910436 44.6573317443 45.0188020324 44.6965107815 44.9070675858 44.5928215628 44.6260047108 45.0228741051 45.1335630345 44.7528209326 44.61535841 44.8061607782 44.830303525 44.8150397344 44.8112143935 44.8752948321 44.65636353 45.0220851322 44.5072125847 44.5744698661 44.7702223714 45.1811174054 44.6557901169 44.5393992587 44.7264808273 45.1802677446 44.6178828404 44.8716520831 44.6919752532 44.6663694224 44.9502359969 44.6841392875 44.5726549868
44.5070531698 45.1861462585 44.5183880112 44.9303947674 45.1561385367 45.0517618016 45.1551581589 44.5428353125 44.9518174823 44.5155388215 44.5580625714 44.8008969987 44.6017987016 44.9933557856 44.7652746419 44.8838412459 44.8013915284 44.9783103221 45.0365411169 44.5096263193 45.0581830048 45.1591519318 44.574105057 44.7777242423 44.7220493448 44.6205493584 45.0862211087 44.8357553269 44.7735541617 44.8171825053 44.8929835972 44.8793389309 44.9429584263 44.8209191532 44.8868703785 44.9430520265 44.7502732087 44.5392902465 44.7598875858 44.5868834194 44.6877489571 45.1649009168 45.0466964944 45.1701822016 45.1574293734 44.6444104579 44.8431247373 44.5676936009 45.0071616361 44.8104407066 44.6054609107 44.9544245995 45.0899955157 44.6233681092 44.7619135185 44.9142472088 45.0766155174
44.6977160506 45.1857684071 44.5729868505 44.5712586603 44.900251195 44.917028611 45.1692366752 45.1488426519 45.0508370643 45.0489244068 45.0632654947 44.6874323913 45.0683313238 44.7362969938 44.8277931416 44.8714905349 44.6303605627 45.1084115862 45.0949304466 44.5976987444 44.6584132307 45.1454207821 44.5757924412 44.6504433836 44.8908593007 45.0453760335 44.8496058161 44.5194811694 44.9612952289 44.5755534468 44.6332999588 44.7395784411 44.9266107893 44.7329757001 44.9065729857 45.0565136931 44.6539107093 44.8830564033 44.6497875068 44.9164946415 44.7366212241 44.7058171309 44.5128531885 44.6607550513 45.1188837398 45.1690314094 45.1047830741 45.1257448484 45.1089034191 45.1520843803 44.7091317415 44.8467692688 45.0503250427 45.1647043401 44.690910862 44.5714883831 45.1712587675
44.8741061122 44.8462761307 44.9709041227 44.6949956817 45.1186858184 45.0998278477 44.7265633484 44.5651256645 44.60204766 44.9377550802 44.6867788007 44.8063922576 44.6945776412 45.0295729453 45.1365209758 45.0447179407 45.0448682412 44.9340220801 45.0304205622 45.104384494 44.5786240717 44.7529521409 44.9135469138 44.563974197 44.9621580504 44.6425500728 45.1994069494 44.6228735605 45.0296411871 44.7696597309 44.9125300113 45.0210674566 44.6609544832 44.6403108599 44.6043972477 45.1746028925 44.6511353336 44.9430177538 44.8974241483 44.9302471161 45.1041761555 44.5660997542 44.5017182326 45.0215273373 45.062920544 45.1514157276 44.5912533192 45.0858245819 44.9497095749 45.0715945028 45.0809145496 44.5893168517 44.9598884851 44.7323346006 44.7255422446 45.1989042539 45.0157253011
44.6826614219 44.8778851218 44.9580990729 44.9733245907 45.1118414073 45.1987356261 44.9826672181 45.1368194541 45.1268512546 44.8011450801 44.7936644406 44.8634827522 44.8836559182 45.1218953876 45.005231825 44.7430055056 44.5842687327 44.5977075322 44.5695974927 45.109213499 44.6189386498 44.9574036271 44.5972811417 44.509919368 45.1842196831 45.0626588381 44.84770161 44.5288482844 44.6950680856 44.7376358076 44.773336035 45.006768117 44.6348081472 44.5040441207 45.1047684077 44.7009163207 44.524297677 44.6936878634 44.8427969779 44.9990183194 45.1404815531 44.8707109079 44.6565258044 44.5299172779 44.9358614605 45.0132300345 44.6920274933 44.9301820605 44.9321563466 45.0549016043 44.6965400839 44.8405484694 44.587117562 44.9071037785 44.8925576053 45.1191924256 44.9469399514
44.7762291604 45.1107111861 44.6481116745 44.649226929 44.5354460647 44.5882273332 44.7602917896 44.7194584827 45.1101420131 44.9190006293 44.5395571718 44.7010136724 44.9989136063 45.1096707045 45.1109400957 44.775970164 44.5576098049 45.1394697996 44.6359778891 45.0678576272 44.6854311886 45.2067999416 44.5231815554 45.0185808512 45.0575048096 44.8457170953 45.0123742496 44.7371404031 45.1130236615 44.666933126 45.1946721244 44.590430166 44.8977068502 44.8129747412 44.5350104746 44.5687421631 45.2021447368 44.8394970586 45.0265858075 44.5003784401 45.1275124224 44.7394528731 45.0362828907 45.1181678643 45.1974590181 44.7885815798 45.1978939219 45.1206839835 44.7388729878 45.1537206664 44.8407928336 45.0670526083 44.9048114067 44.6208593435 45.1267788164 44.9698093519 45.0655953576
45.0655467637 44.8987177 44.5855231902 44.5800237811 44.7748133627 44.7361893255 45.1819624717 44.5804359721 44.611915519 44.569733683 45.194995684 45.0938174628 44.8745749238 45.0985853071 44.691991422 45.1872459974 44.8298473198 45.0190625439 45.1742039912 44.7963716954 44.5181419459 45.1575483022 45.0567546331 45.0856039456 44.8617513708 44.6128153781 44.7247934342 44.5840360024 44.5660164511 44.9077926728 44.8967819781 45.0372228179 44.7083318561 44.5925269569 45.0438704124 44.903754228 44.6595175981 45.0348732369 44.7727789627 44.9793913967 45.0290298244 45.0069363744 44.6600753814 44.5704712754 45.1021505443 45.0401783019 44.9250400704 44.7762569951 45.0053240776 44.7864299043 44.6302706957 45.0760522837 44.5982130656 44.6587371617 44.7149720788 44.9330468851 44.5415085969
44.5874153771 44.5167192293 45.1232461844 44.7753663078 44.5108204333 44.9920587851 45.1396377987 44.6237054583 45.1521056374 44.8501850505 44.8304064872 45.1389541785 44.9557814337 44.8651976573 44.5398959317 45.1160786147 45.1783435619 44.7247645479 44.7197092616 44.69255305 44.9036936798 45.1254735645 45.1137317593 44.7630099051 44.5673420148 44.593310158 45.0015147922 44.7632526011 45.0290487262 44.9696362118 45.2001301608 44.8212455087 44.6775874348 44.6058919356 44.703720396 44.8252399538 45.0158628757 44.7412087119 45.121390204 44.8043922275 44.512497914 44.9038238898 45.0049187171 44.7403107394 45.1454506961 44.8741658718 45.1414633742 45.0477484188 44.5595421874 45.1613267412 44.8213917239 45.0816729275 44.638216472 44.5022234271 44.8835547105 44.7650735056 44.7218280056
44.5846631179 45.0779315243 45.0157533065 44.9075664243 44.5285316751 44.861185404 44.9270615126 45.0004439476 45.0610595562 44.5125939651 45.1750152966 44.539798318 44.9072901828 45.133880822 45.120677658 44.7654100357 44.533138809 44.5763810657 44.9684527367 44.5078495017 44.745420528 44.6457716549 44.6078751519 44.6139091026 44.6213302935 44.7129932316 44.6474373114 44.5788895018 44.8955343139 44.9837924524 45.2051291291 44.5898827276 44.9338765622 45.0396993589 44.8051811971 45.1372919799 44.5368273979 45.0543261679 45.0700889206 44.5422105017 44.5333127733 44.5383386776 44.5239232118 44.6298716813 44.9248465024 45.0307292914 45.0582952376 44.6460553385 44.7011013264 44.8121944757 45.1840132686 44.5678105496 44.580649371 44.624243703 44.9319500379 44.8528069559 44.980955827
44.9866380945 45.0693588568 45.1766254954 44.9746413879 44.7006939475 45.1067388414 44.7454081024 45.0209575202 44.5999753509 44.6888882547 45.0686190766 45.1069218156 44.6654841197 45.1232140304 44.586280548 44.8116131503 44.6381773774 44.7452636486 44.8719968291 44.8384284181 45.1315330561 45.1142181712 44.8682813041 44.5387719562 45.0919741121 44.5844976012 45.0575177678 45.0691833152 44.529311933 44.8760156575 44.79067329 44.50182941 44.646736357 45.1466938317 45.1346014893 45.1323832388 45.165852566 45.1831923648 44.6903110968 45.1115452854 45.0536598251 44.7148019222 44.5726302683 44.5096098117 45.170658768 44.7732834752 44.6286968975 44.5880775681 44.9716265208 44.7287831986 45.1801174498 44.7213400768 44.9057613189 45.0433129454 44.9887328812 44.6933704347 44.9594526334
44.7925043581 45.1175450974 44.9709133853 44.9777613005 44.6994500677 45.1099180853 45.0642697085 44.8221623699 44.6735181731 45.0344639896 45.0349974104 44.9895658095 45.1592478561 44.9685868122 44.8325610428 44.9321342603 44.7912497776 44.7471097415 44.9237796608 44.5849866524 44.6538374272 44.5779416704 45.0494493876 45.1485757905 44.5901622813 44.7729889747 44.6253487675 45.0650911613 44.558508644 44.6162697627 44.9463123628 44.8633183173 45.0747479471 44.9362811705 45.0772652277 44.8867161475 44.7345658329 44.5193869307 44.7778127385 44.8929164917 45.1572098321 44.5047401244 44.8712422455 45.126366647 44.9460460194 44.6950672745 44.9777472072 44.5543742793 44.9420979239 44.5104772806 44.9911239272 44.7114795926 44.7221513185 44.9799246362 44.6548846511 45.2011614742 44.8147066973
45.1758095109 45.0738114331 44.5763057052 45.0390663019 44.9056578973 44.9829954923 44.5885655452 44.772976712 44.8233051171 44.7886651164 45.1597786494 44.5393266604 44.8232618924 45.1266212079 45.0440612474 44.5960220696 44.746168789 45.1067507382 44.774867731 44.8770786852 45.1679102841 44.8821857407 45.0580622309 44.6596508396 44.6019928076 44.9121103655 44.9180822566 44.9985791793 44.9618083645 45.1211466506 44.8321469708 44.7491058756 44.9541788047 44.9836298477 44.6897896747 45.1316767573 44.9787550891 44.9677533267 44.7904776907 44.5028877748 44.7954901515 44.9244309109 44.8752005073 44.8270242453 44.8780189019 45.0811034119 44.7129981159 44.8151863425 45.1796544221 44.8645926155 44.8065792653 44.8822792961 45.1352866754 44.9728858175 44.6644744773 44.5617431518 44.7323212271
45.1480292786 45.1193820255 44.9447534195 44.566692707 44.9741748946 45.1286803726 44.9531126036 44.7231892543 45.0004946354 44.6834760439 45.135561108 44.5945167011 44.9878634526 45.0966103301 44.8941575416 44.6470655266 45.05074903 44.9885116107 44.9964641512 44.6305125139 45.2010503409 44.7025672948 44.6305994588 44.8144964493 44.6960236704 44.955437075 44.8374793032 45.1578063532 44.9732836323 44.8189542239 44.6991899199 44.7052995044 44.9245760784 45.0956220061 45.1466940649 44.9695736772 45.2010914802 44.6886634375 45.0513512208 44.8043449861 44.7162277029 45.0264584038 44.5526034851 45.0496920611 44.5114294701 44.5450782076 44.8678605393 44.6125499861 44.5542494011 44.8412324436 45.2002421573 44.9458292123 44.8011080887 44.5458591613 44.6587853023 44.907430058 44.8572592994
44.89357358 44.8711644342 44.6875585419 44.9224711662 44.7957106897 44.7540584448 44.5467185795 44.6719371953 44.7661774557 44.971142408 44.93902829 44.6995092399 44.9273162274 44.512178486 44.6977336813 45.1393403387 44.5028530949 44.8888120315 44.8052688893 44.8023900701 44.6981644664 44.8673060391 44.9634340879 44.5661929573 44.9724044154 44.5512152445 44.5175088779 45.0139834969 44.9400853042 44.5991246289 44.5037473621 44.5158908548 45.0611558773 44.8995762323 44.5818679026 45.1225555994 44.9246409851 44.5014563452 44.9145191933 44.906692554 44.5617077609 44.5333326048 44.7847457133 45.0280745817 44.8848366023 44.5945790712 45.0624669045 44.9081744833 44.5989639148 45.0748541808 45.0846679109 44.8041687525 44.7032982081 45.1721740048 44.8538659717 44.7279157371 44.5937351568
44.5923279497 44.8419060105 45.0604532921 45.0131489411 45.1742090312 44.6512822213 44.5896591582 44.799334783 44.8924167276 45.0804224675 44.79492205 44.5735266282 44.8860316439 44.9997037032 45.1465650751 44.9581570353 45.0044890538 44.8285594396 45.2036190378 44.6822718304 44.91976149 44.6037986523 45.1678779861 44.7528295759 44.8264867492 45.0882127982 44.8993701429 45.201646968 45.1013130654 44.8368554753 44.7663044636 45.0843456763 45.0289105128 44.5509358654 45.0888490353 44.9900027758 45.0266332403 44.9430407822 44.8220260159 45.020676871 44.8502102534 45.0306898301 44.631068549 45.1810111917 45.0113971301 45.040396415 44.8899927309 44.9372094625 44.7852208689 45.1919702748 45.1638305386 44.7178824101 44.72575832 44.6583084502 44.5222795358 44.6255269752 44.5834253879
44.7119676069 44.5861339561 45.0860030322 44.9841507276 44.5415114572 44.7312883162 44.8900028537 44.9249901197 44.6328870499 44.8653004975 44.6212793684 44.6517318206 44.6529942758 44.5481296551 44.835260121 45.1557290276 44.9586529449 44.8786089014 44.5150236888 44.9915954443 44.5364674295 44.7813925961 45.1002941319 45.1158973035 44.9446144545 44.5532422892 44.7303832551 44.6739412056 45.0478851289 44.9988493424 44.6972116446 44.8365811991 44.7337854533 44.557846667 44.7346783272 44.6443155427 44.9684455068 45.1735948976 44.9413826089 44.8218152149 45.0425090912 44.5102514454 44.6456235079 44.5856933039 45.1624693044 45.0531285348 44.9986918742 44.9272578855 45.0060579918 44.508426198 45.1280373999 44.851730312 44.6673540903 44.9766982666 44.9177595802 44.5094418639 44.6960106761
44.7841286288 45.1288293879 44.6447664645 45.1752617156 44.6928684101 45.040825049 45.1479591907 44.9528606327 45.0912921694 44.5003896041 44.8598943732 45.1353524086 45.0713207512 44.8666273148 44.9129741212 44.5267751371 45.1652217574 44.8337860123 45.1065519843 44.6502886342 44.7834423581 45.091023636 44.6918469759 44.6260509836 44.5877330727 44.6757556068 45.1963572561 45.1523281023 45.1439346119 45.1146409176 44.8536044301 44.7618730349 44.8739670943 44.5481760168 44.8024320981 44.9857935896 44.5685584075 45.0363691585 44.7015833612 44.57860711 45.0316192254 44.7091211665 44.6090980879 45.0328479321 44.7894685121 44.7009149734 44.5595017533 44.8090287222 44.5330634288 44.5085662348 44.9618694757 45.1559449605 44.5191835309 44.9675649292 44.506915957 44.8182742517 44.9498693947
44.9088040253 45.1105020046 45.0227390267 45.1493474893 44.6820334401 44.5421422017 44.9243278329 45.0060568484 45.1082169418 45.1326257657 45.0928898564 44.6232372156 44.8328799586 44.9897377724 44.8557796319 44.96608015 44.594808934 45.1153377528 44.7983597972 44.5639090936 45.1902231117 45.0667756826 44.5860074044 44.8740458647 45.1570277023 44.8784194879 44.898243632 44.6844073538 44.8032003871 45.0369441756 44.83970308 44.8777348978 44.7641991708 44.8591229407 45.079419609 44.582745166 44.6914605466 44.7352736077 45.0894857656 44.9723221706 44.9629352793 44.7681719566 44.8983819142 44.6123359291 44.5002752681 44.7337805077 44.5838429257 44.5171439317 44.872168349 44.8810523398 45.0059841053 44.8714280704 44.9296232003 44.8777660121 44.691943779 44.5381965614 45.0124519671
44.8213825221 45.093249264 44.8273005363 44.8534688123 45.0948348539 44.8728779318 44.8573013031 44.6360299039 44.6809677715 44.8837172341 45.0981260888 44.8260977782 44.829443866 44.510815589 44.7700615692 45.1845673982 45.1295331591 45.1922366659 44.8866504954 44.7680981343 45.0012752985 45.1745899903 44.9995288356 44.9349662804 45.1138196563 45.1949301274 44.6105476013 45.1595511558 44.6955785753 44.5374988729 45.0126001855 44.5604648089 44.8208204368 45.0395370259 45.0087054055 44.8314483925 44.5427869992 44.6160862707 44.9052243867 44.8471791894 44.7571385881 44.6140262603 45.0956563467 44.5818625837 44.9815448926 44.5969952062 44.8960961911 44.5809276651 44.7085130033 44.8770929472 44.5680692698 45.2028972029 44.5543080897 44.6906187586 44.9423183569 44.6628828783 45.0867663852
44.6537554068 44.9215032045 45.2000997272 44.564500601 44.5702725465 45.063334052 45.1792405374 44.7666001232 44.6895060798 45.0612318383 44.715652117 44.8976505602 44.5722614173 45.1405204514 44.6058489788 45.017609441 45.0510394173 44.8449780361 44.6521428466 44.7134610014 44.6089150263 44.9151169568 44.5359235673 44.5211025731 45.1632952782 44.5113310187 44.9609514702 45.0927447221 44.8044970134 44.6596682016 44.7260311978 45.0710792838 44.6953307904 45.0244280165 44.6864069395 44.512896714 44.5513402555 44.9013785589 45.1176696314 44.9289914098 44.9624365778 44.9821909754 44.7900664095 44.8582819562 44.8477585651 44.575825641 44.7073130792 44.7997065617 44.8756063683 44.7827882313 45.063094363 45.0213565358 44.8404721251 44.6060597833 45.1732326026 45.0339509512 44.8580686414
45.0341088658 44.8889933642 44.8894310236 45.0852125846 45.0970050544 44.5756250221 45.023104128 44.7726551323 45.0485126278 45.1108536605 44.9559483777 44.7840847579 44.9861618828 44.7084283616 44.9168000581 44.990355037 45.0705581748 45.0409200221 44.5730546171 44.79081936 44.5394393028 44.5906830263 45.0900667347 44.9434703208 44.5679133933 44.709843318 44.8471567209 44.7010608196 45.0252155308 44.5651460454 44.7835174279 44.8077717709 44.9956637895 45.0607848915 44.5762059673 44.9023285319 45.1447198715 45.0663881494 44.8681221328 44.9828654176 44.5500912403 44.8593940029 45.1667188146 45.1195860395 44.7679677813 44.8292758381 44.879918516 44.7685731747 45.139578128 45.1764300908 44.7520461661 44.6022853356 44.6693816994 44.7886743267 44.9719924889 44.8779811732 44.9211806516
44.8776070774 45.1151345457 44.8520291674 44.5442194515 44.5080709087 44.9948906431 44.7905269301 44.8131977764 45.1668402551 44.6608603502 44.6304096128 44.8559386537 44.6123560418 45.1655622187 44.6352766873 44.9925008538 44.8639574474 45.1921539157 44.8500413974 45.0091670746 44.5982800137 44.7537240987 44.5354390402 44.587850531 44.7562346412 44.7465332374 44.6215865781 44.6682272323 45.187556831 45.0738821378 44.9057691266 44.7163271254 45.1584530481 44.7013956233 44.8755456555 44.664473886 44.6855628839 44.8284671 44.5042843431 44.9244213418 44.6368652638 44.5666511847 44.7403520365 44.7682286559 45.0336435008 44.6020777071 44.9428994907 44.79404863 44.7643305148 44.9823704171 44.7861700131 44.5425659025 44.7860061804 44.7281240608 44.8757948407 44.7626149676 44.6805209082
44.5977322253 44.9374726887 45.1274112394 44.5452425954 44.7104505943 44.8402092283 44.8023859629 44.7071783107 44.6838760804 44.6657000079 44.8341656994 44.8950031481 45.1449445273 44.9357924908 45.0935411406 44.7960216927 44.636889199 45.0305962796 45.1088645757 45.1439969892 45.0206281782 45.1854974696 44.6315790893 45.100227864 44.58046971 45.1808221861 45.1035889377 45.181149048 44.8388302542 45.1698484686 44.7657562588 44.7348660268 44.7120252388 45.2068351003 44.8921897728 44.7299436005 44.5668626962 44.5361446116 45.1591376818 44.6889280349 45.0476407568 44.6272574819 44.9897751849 44.5037801208 45.1738038007 44.5438657441 45.1026179841 44.7696053067 44.5536167717 45.1729487797 44.7080929313 44.9870570262 44.9087531714 44.713978293 44.7765141445 45.0803832645 44.5138222316
