Spatial_Output/DEC/DEC_0573.asc
NCOLS 155
NROWS 192
XLLCORNER 196307.867259
YLLCORNER 449144.565805
CELLSIZE 33.573938
NODATA_VALUE NaN
[rows 26 to 51 of 192, columns 57 to 113 of 155]
26.6107831604 28.1534720885 27.0508989013 27.8657764263 27.667891508 28.1458553042 28.3261196059 28.0026499575 26.8155590074 27.4884684371 27.9200181549 27.2663534154 28.3981396484 28.6080802706 26.9329196988 26.5472970796 26.6782359925 27.0648359888 26.5897032458 26.8543450814 28.3323937485 27.4875226178 28.1840039998 28.4205182619 26.517877015 27.6471481464 0 0 0 0 0 26.8385426243 27.8853978601 27.6607894002 27.6627114889 28.5542885884 0 0 0 0 26.5726671233 26.9443221609 27.5111555088 26.9688938288 26.6514542673 27.2119960237 27.7507511224 28.3391140842 26.8510690814 26.8507103917 26.604318642 27.1315932248 26.5719743448 28.2086709686 28.5485002069 26.7030734844 27.8229918264
27.3313712119 27.3767263648 28.3822170203 27.6674128019 28.1936689598 27.9538915256 28.5207739586 26.9477849345 28.1714369548 28.3450331205 27.6116216009 27.4000290363 27.7872001904 26.8650585848 28.4534945112 27.0343475281 27.8637752279 27.3673474604 28.4838800431 28.1858236299 28.2710235337 28.3889379114 28.477180473 27.617747242 28.2189078546 26.6502264756 27.6241017423 26.5122401138 27.6148655085 28.415187652 26.5395322771 28.0627054232 26.5100524851 27.5300402727 27.9887946352 26.7598418684 27.262333046 27.8383457901 0 27.5556717571 26.5151223905 27.7830477204 28.5094512951 27.4253120847 27.8742487581 26.5220382813 28.5987227437 28.2426180288 26.7589627247 27.5411273358 28.0212691125 28.5038450805 28.399430908 26.5456052982 27.4361810314 27.6040577479 26.6764712251
27.9766384746 27.1114316869 27.8829943777 26.5988216759 27.5022712757 28.1261114525 26.6711528232 28.0404095623 26.7661713457 28.5039581296 27.8168449033 27.1011245152 27.8551299751 27.3004137089 26.952626031 27.3049570144 27.9696447349 26.9376494591 27.6117772525 26.8826751015 28.5588750241 28.5799291889 27.8816309493 27.0905924061 28.4390467404 27.3113180713 28.3551586163 26.5521851682 27.6657415846 27.6819936932 26.9146770001 27.5207748338 27.0664321467 27.0043245592 27.3634005762 28.1889855545 27.9649980584 28.5400613822 27.1044707525 28.0320153562 28.0354001246 27.9624870771 27.0185986722 28.0587779368 26.8361724462 27.85515268 27.6553037963 28.5807843495 27.3101406611 28.2340233206 27.6868867137 27.2694002718 27.3042668785 28.5628501897 27.3244210308 26.8422790959 27.9653265036
27.56513941 28.6005425081 27.1578847143 26.7672059654 27.6776199738 27.0552114863 27.1467244516 27.0238360382 26.9359504161 27.6748378555 27.9796183994 28.1508809533 27.527911639 27.3650427592 27.55132747 27.2368036037 27.5159080183 26.6062491198 28.4762727895 27.024780396 26.6337831906 27.4590842392 27.4342039333 27.9434067114 26.5697138551 27.6521066668 28.0608022768 27.3730419373 26.9757121024 28.0993055853 28.4481239961 27.2002356672 27.6246446989 27.0534560946 26.7446773457 27.1435110787 27.9960588024 28.3209524046 26.9414148023 27.2006302512 28.4828349959 26.5495041439 28.2379030698 28.0319887161 28.0283853689 27.4507648527 27.7179749743 28.603291449 26.6395641002 28.225033723 27.6494830801 27.2987132219 26.8715041187 26.8823324993 28.515189645 26.5537195404 28.3766191259
28.4268528172 26.6324602237 26.6914410349 27.5090457495 26.5945257346 26.8811513354 26.958341674 26.6733777439 28.0717631004 27.9741197729 27.4344934628 28.5000922702 28.3152611369 27.3288710814 27.9673626009 28.1038972586 26.546195377 27.2991872918 26.877607285 27.3714067623 27.3026235339 27.2861124051 28.5172637153 28.4779296579 28.3259591742 26.6469852843 28.3370616591 27.6695641822 27.8373135332 27.8904396338 26.7838551797 27.0308654953 27.7863456446 28.3274602011 28.2220735756 27.7553850329 27.9401697116 28.0263910232 28.2510822622 26.8124011852 26.7249121638 28.3347799065 28.0084693294 26.8298564972 26.5918772495 26.6438714295 27.8750680093 27.0179844188 27.5024558384 26.8149143152 27.9413591095 27.23202865 28.1524491346 27.5519780628 26.9423724962 27.3665801838 27.8816117242
28.4800119757 27.1645079555 26.6081040371 28.1903666804 27.8435494424 27.5090775085 28.1825278703 28.1647816202 27.5094568487 26.6518661407 28.210449298 28.2631436436 27.4868766479 28.4825626986 27.2748648746 27.6534427776 26.7439134398 27.6824856496 26.7841988553 27.6212998142 26.7256328409 27.026488795 28.4632711941 27.1742342399 26.5245832371 27.0451670137 28.5525444885 27.1640741389 27.1351717103 28.0205533677 27.2529184856 27.0037315388 27.2415787509 26.6149568796 27.2417932017 27.2960131022 27.9167744542 27.659180318 28.5431846339 27.9464569944 27.9630472028 27.2033844487 27.2522301023 27.4939449142 27.5972888087 28.6010879687 28.3269139195 28.316001632 28.1138066297 28.1287883678 28.5031346578 28.537259611 27.312075107 26.8239937143 27.5195023503 27.6767254755 28.1715393001
26.6567440662 27.0563578158 28.4735177524 26.5983091081 27.4731222801 28.5949283475 27.3731119858 26.6289734014 26.9425010878 27.2131924846 28.5096700905 26.5346739088 27.8335805918 27.9903694099 28.0892175877 27.2269518014 28.2925935947 26.85893127 27.5611584695 26.8290529076 26.9503476516 27.3002860421 26.9715241812 28.0289791777 27.9975606642 27.459876673 28.3424083365 28.2017738199 28.1921071272 28.2561059433 28.1636778054 26.8570635494 27.4254618639 27.240456039 26.8834066329 28.4700893771 26.9335681231 26.6156132786 27.2334332637 27.812784047 27.4692447285 27.7669436618 28.1156906682 26.6148788743 28.1751144333 27.1286597581 27.7578641581 28.5449829126 27.1829923144 26.9598558182 26.9180542623 26.9148087115 27.6107230808 28.5570403771 27.7897438779 27.8137924763 27.7365322428
26.8706226733 28.5628055527 27.4323699628 27.0258662612 28.2730531212 27.0198416519 26.5499465375 26.737993075 27.6090755542 26.9635664469 28.5381975244 26.5442394136 26.9397270439 28.2041012795 27.2772568629 28.3493570391 28.277168425 28.5849406704 27.8022487768 28.3635011177 27.8984946702 26.6268823129 27.0213700081 26.7628782467 27.1796235593 28.5985084528 27.5921756014 27.559574176 27.9395376768 28.5955615241 27.7937264076 28.4083086588 27.3487528347 26.72100754 28.1845303212 27.830675146 27.6072575472 27.5652378625 28.4938447972 26.9074200728 27.6824938518 26.8381961894 26.7452485806 26.8310888716 26.6516342151 28.0298845053 27.2048315246 27.4308841054 27.5068374748 26.5159864404 27.9123663908 28.0932132771 28.0398604843 28.312047663 27.4218393615 28.1636205043 27.6203006455
27.8195453275 27.7113067017 26.5303820648 26.7991964211 27.3107565533 27.3816560835 28.5678776411 27.0202080035 27.1913833543 27.8545492887 27.5381491052 28.5988114185 28.0585597602 27.0365255063 26.8313489688 28.4362996447 28.2338405695 27.0165983746 28.2913702126 27.3379524331 28.2252061787 26.5010507059 27.6867168395 27.5576555868 26.7471041408 26.7309996283 27.8553062139 28.2233082365 26.9680350439 28.0823892563 27.0126453632 27.5565876028 28.3251842278 26.5718126772 27.9882457726 27.0445613795 26.7820992511 27.260543921 26.9364823868 27.8462274664 26.902402729 28.0528613419 28.4388658821 26.8382942529 26.7150734958 26.6436790856 28.3494596315 26.5836416676 28.1949816415 28.494313886 28.4289690422 27.6579758757 27.8034103883 28.2317331756 27.1874426393 27.6645268047 28.0011658056
26.8491489465 26.8628955365 27.4893479036 28.5335649951 26.9294049484 27.6166539902 28.3327534454 27.2388228737 27.1928829575 28.6183535036 27.4737115508 27.4409394157 27.8888312981 26.6439449771 27.2149812362 26.9779994417 26.9912239495 26.8238048492 28.1879435998 27.595945844 27.2926496576 28.2061030863 27.2768832674 27.2362716746 27.6727940363 28.1419721532 27.202085721 27.1135137657 26.9358127512 26.5936120687 27.1206824692 28.3740617979 27.5951421342 27.0310672919 26.9197301793 27.5810408465 26.5756082803 27.4316941468 27.7196015658 27.3837988394 28.6122868153 27.2275506108 27.5242337382 27.1139962065 27.4234375438 27.734090805 27.9749266807 26.5391016727 27.806418432 27.469024345 26.7050199393 26.9663315719 26.9966954787 27.8686238329 26.6689189812 26.9612531683 27.2901661482
27.6610920106 27.136456734 28.5658786698 27.7509237832 28.1456900467 27.2957744597 28.4308833951 26.5303407236 28.5451293085 27.7407195499 28.5830884748 26.7613944253 27.989685937 28.1764886568 28.0229375378 27.5410789208 26.8217118959 27.2357286419 28.5727671383 27.6926187864 27.7347263648 27.8178981081 26.8836042419 27.9463053334 26.7933347445 28.4071367669 28.2776729666 27.1147755716 27.6419342773 28.4719468085 26.8875128501 28.388776323 28.2011379845 26.8970435291 27.9251981738 27.90485924 26.7404909892 27.6616382832 28.2282797967 27.7919439847 27.750076126 26.892368901 28.3976842891 27.2825952276 27.2117789006 27.6651291498 27.1405549239 26.5404499156 27.0604586133 28.1655234896 27.3621336158 26.8055576461 28.4562685987 27.9114781345 26.8388209559 26.8609883483 26.644779817
27.7864684433 27.8471794688 27.9369780528 27.9547304822 28.5856072162 26.9694528234 27.407175693 28.1090208089 27.183727639 26.9956697866 27.3039924869 27.4168250463 26.5524510019 27.5560114873 26.942317305 26.6091291134 27.9250991537 28.5797067798 27.121469496 28.4912174806 26.8343988793 28.3146438005 26.8544866767 27.0407486637 27.6732982 27.6529596054 27.7280807642 27.3238181599 27.2552032071 26.5059692132 26.8975251089 28.491444374 27.071849425 26.9774999456 26.8579489727 27.203970891 28.2043838744 27.9241657369 27.1517279005 27.7923636541 27.4856824836 27.3679434107 28.1531447623 27.2779280697 28.1559414191 28.4569571509 27.0137004801 28.2493681592 27.7555234073 28.0141419048 27.4428934648 28.0978953127 27.3447428202 27.984905071 28.4793316782 28.3948355166 26.8269796132
26.8769815277 27.6557636146 28.5660161236 28.1820572017 27.3985235657 27.0755545619 28.4786248543 27.2330211477 26.9868394163 28.1143425928 26.9098917314 27.0450946407 26.5245992865 26.6482145864 26.6198945445 27.8816121884 26.87276068 27.9382176747 28.0835289229 27.6728904122 27.2026945782 27.2186616114 27.2569313818 27.6459666207 28.1442116774 26.8347223912 27.6148189492 28.2518594698 26.9403043532 28.0035837685 28.2183634181 28.0737312794 28.1605449843 26.8618703659 28.2662660706 27.1621527626 27.3640490325 27.0325556062 26.8389378813 27.9037348427 27.3169610259 28.2323422805 27.0478222617 28.0356370486 27.6524869507 26.9252565846 26.6516913525 27.4974722069 27.3395228569 27.6778531137 27.1094732281 28.4440257903 27.8292517155 27.4530093676 26.5553283181 27.8230363308 27.4997135728
27.0270722535 28.4942093904 27.2074312001 27.637406675 28.6084744491 27.1940806652 27.9416288535 27.725112084 26.7468666834 27.5678630509 27.1786838158 26.6168503132 28.091799265 27.6088132025 27.2581949579 27.4016239739 27.473202276 27.1572780097 26.6478193426 28.0920473918 27.7796530436 28.3484686031 26.9250195171 26.9124784144 26.6348448512 27.4629425605 28.6157100855 27.019681364 27.9507654969 27.1279300245 28.0492148319 26.6184356078 26.5972191824 27.8958352606 28.3510596855 28.3736146436 27.2197391578 27.8601331821 27.6393165265 27.2385098964 26.959830822 26.5088674132 27.7644216258 26.918829279 28.438166143 27.3352236232 27.8616842878 28.3831793245 28.4031499323 27.4189907994 27.4724503117 27.0413979262 27.8673749847 27.6871956744 28.3350258331 28.3142800477 26.8649383547
28.1169759242 27.6218305329 27.4521597123 27.8581068057 28.5191508152 28.0788464373 26.5359499403 27.8246585546 27.6212400901 27.3241577518 27.6071079254 26.8162238841 26.7675786227 26.647315086 28.4355075786 26.7062353738 28.0487174275 27.275566477 28.2057456032 26.5553701499 26.9849096452 28.4067527324 28.1677920185 27.4180209178 27.206410778 28.3365554618 28.0702492792 26.9345004927 27.1165949756 27.1165932223 27.6250385067 27.2201036499 28.4896300151 27.9913441046 28.0019777301 26.74104559 26.9395053016 26.8372195403 28.3738102259 26.9402686572 27.1095637187 28.3165694066 26.6743110224 28.109943018 28.5027539495 27.8421992246 27.8436656806 27.8845064292 26.5774213379 27.1790027669 27.3342258905 27.4320108702 27.1826233746 26.5677942992 27.5637498513 27.2329756258 26.8793179228
27.4761127992 28.6043139872 26.9604153563 27.4957132493 26.6685467299 28.5781149443 27.8563921381 28.4520876933 27.8851730338 28.5955830362 27.5078074572 27.5168512576 27.1452808249 27.214654849 27.0742749345 27.9688695974 28.4954108914 27.3696550131 27.6769643237 28.1405706362 27.9062094513 26.7104490923 28.5072364955 26.6699700796 27.9716006526 27.9564434043 27.520845095 27.8293492946 26.714019108 27.9084373416 27.326026679 26.7211655302 27.7716709136 26.7130372593 28.2466687884 27.6593961851 27.7514194611 26.5151176712 28.5922759353 28.0132216538 28.5625422968 26.757823599 27.4930504136 27.1905719822 27.0883848082 28.6057233693 28.3461262736 28.1931856743 27.3485983649 27.5671270779 28.1085384143 27.1642031961 27.8760064906 26.6409093349 26.6174280553 26.9328620606 27.6691350311
27.4001523147 27.3869591451 27.7833291095 27.9290749501 26.8099695753 27.4618468129 26.7765057592 28.2246124357 26.691071309 27.4840746139 28.4093454932 27.9948834236 26.8899157213 28.1515263296 28.2036846867 28.5636082471 26.9781375149 27.8005834837 27.6932002338 28.5390628202 27.952628237 28.4364589232 27.3065896023 28.0510399749 27.5559780479 28.3254458896 27.6615341435 28.3875626643 26.6212238435 28.1354101547 28.524815876 27.5733967316 26.992374488 27.5093144231 28.5874754404 27.8469672199 26.8118847876 26.6932119149 26.802009198 27.4472246293 28.4253200575 28.3182493542 26.6397141772 27.3839961417 28.545907934 27.1394272027 28.2717844104 27.0521853008 27.4359659644 27.8176014707 27.7443905226 27.5932475073 26.7008233329 27.6304996975 27.6863514837 27.7147599007 26.6538124331
27.8498767568 26.6999173236 27.5281780234 28.3674646353 27.1881408187 28.5082675872 27.1837152427 26.8224244522 28.5574984662 27.1961678294 27.931362138 26.8527538713 26.9966953249 28.2224332994 28.5509045033 27.0858114208 26.7642070821 28.1566192817 27.7744539877 27.4396046256 27.0592385071 26.5505392799 27.690462087 27.1643241802 27.631159215 27.5875104036 27.3888460432 27.7071606095 28.0711952066 27.2392138175 27.3227114465 26.8807250663 27.8246759586 27.1342504914 26.6850870737 28.180819598 27.3055802486 26.549888284 28.5132161269 27.7595127505 27.2258985291 28.0374905187 27.3347350113 27.9409298623 27.217744115 28.1899009249 26.7544615548 27.3271878085 27.4201509261 28.330946577 27.6523681794 28.1883122554 26.9225692172 28.3077934196 27.455283073 28.4804720691 27.5145518373
26.6391594971 27.9102619395 27.784685702 27.7031015483 26.8841760882 26.967946095 28.3624963493 27.8167122912 27.9209340451 26.8014636808 27.1286496941 27.2997878077 27.0600069926 27.0916308997 26.5399038531 26.5593104287 28.3401973561 27.9063389555 26.8518456303 26.6042898791 28.3204325298 27.5087857991 28.3513007352 27.9719351157 27.742181418 27.9985698766 27.1132309501 27.322294384 28.2046926377 26.656837736 27.4646446334 27.212408528 27.6245903042 26.750855877 26.5959610874 26.6226426915 28.4681156337 28.4935853267 27.8194454716 26.8261273535 27.8626680806 26.9731425253 26.8040625051 27.6951269881 26.7130849642 28.0517052074 28.0360177622 26.999978365 27.9361166528 27.2012475552 28.5781145499 27.5695013296 27.0837618284 27.4666736985 27.0909182061 28.1278007837 28.1078468658
27.4034228556 27.1322052957 26.8547200174 28.5667903519 28.497492296 27.709457199 27.2937321887 26.6709839981 26.638010781 28.4903440615 28.5468781815 28.4122119611 28.4728878789 26.6999203173 26.638669874 27.4639543939 28.4194798903 27.7620225388 26.8179425913 26.9252352753 26.6701330779 27.8015397301 27.8571478876 26.8484700842 27.1520416092 28.2243698629 28.2211683111 28.2289042966 28.4917196766 26.7382489929 27.5386647003 27.4083391243 26.5591213737 28.5446212426 28.2829553191 27.0234358778 28.2393663807 27.7035016615 28.5624791834 27.6229090186 28.3957691903 28.054289128 26.579957234 28.5574556837 27.9916055029 27.540209079 27.0299693743 26.7324941796 28.3968711951 27.1765681476 27.9440142002 27.4479175204 27.2339455097 26.5779043204 28.5660202487 26.9268061515 26.6768112585
27.878509861 28.2878805857 28.5644738299 27.5049660251 26.5516361694 28.2021363824 28.1713094134 28.4453992647 27.7186012352 27.2562651942 27.4663266139 27.6589718205 27.8933400878 28.0999650547 27.5125434363 28.3166072524 27.3494561182 27.1650306567 27.2584298689 27.7961021993 27.8547671988 27.3202372458 27.8083922695 28.0095804442 28.2108671901 26.8149961232 28.4970562167 27.8952762663 26.6204061289 26.8451230833 27.2888798113 26.6856298398 26.7400711585 28.0733234894 28.2968104098 27.5919277438 27.4775340713 27.5629977362 28.0873906343 27.023378889 26.9876975078 27.7798181873 26.9817429206 27.3489589784 27.5577182301 28.3520423613 27.8677354784 27.0242109234 28.2178661851 28.1982405837 26.5598584946 28.6191267512 26.9147557782 26.5262923912 26.712351822 27.5429076648 26.7931191411
26.9160156969 27.2895617347 27.577112435 27.0184382482 28.0288780111 28.4602196257 28.1379695347 27.9820719823 27.9636269727 26.9399363718 28.0938569454 27.3002596098 28.394898707 26.6648605262 26.6533487528 26.6632293977 28.4760429741 28.5763425529 27.2798916013 27.1694618793 28.5803525606 26.8848011372 26.9005082518 26.9490754153 27.913337223 28.6138803365 28.3172118277 28.0737706108 27.3084911036 28.0627880826 28.2963703153 27.6190165329 27.6714796029 28.427271812 27.4010579375 27.6965227568 28.4033322111 27.9932249119 28.5049429939 27.8746388791 27.1177535141 28.1663790652 27.3356572026 27.4881481731 28.5244961065 27.8151065401 27.3173260556 27.03445842 28.1921660414 27.6553733275 26.927235476 27.1671880836 27.1298729262 26.5526621254 27.8141169492 27.3493101422 27.9296847077
27.6522973662 27.6685476774 27.1924685033 27.0604242778 28.4766870953 28.4302368288 27.6980908466 27.0668008919 26.8843720833 26.8072616907 27.1366368658 27.4259810935 27.2066605802 26.8067823181 28.4586670335 27.224204353 27.0231075498 27.9800427983 27.7879395692 27.0951947564 27.8145385963 26.9622663542 28.42559686 28.2940078179 28.5433482675 27.8067784858 27.4886083379 27.7613186919 27.0586350295 27.1398614982 26.9810451904 27.048545119 26.9914458862 28.1288925064 27.4262159542 26.8517010732 27.7560724072 27.8888786538 27.0699164659 27.7502391492 27.506412922 27.2288891136 26.9175745512 27.0493323839 27.3234580261 27.7743008345 26.6158609205 28.1503682393 27.4381908917 28.4854495049 28.3822500954 28.0671885276 28.2576474472 26.6328853339 27.5795115323 46.0834643002 51.3386504035
27.7972874771 27.963582414 26.6661745401 27.0066395803 27.1705096507 28.4023735483 28.1983067986 28.4474752947 27.3073561405 27.658341378 28.2168539638 28.3750315376 27.696127803 28.519386847 27.994155562 27.2144338119 27.5265192835 27.0841304328 28.2086417274 27.5241172695 27.7055134684 26.6101569287 27.7259919901 28.0872984423 28.30477222 28.1584402721 28.1438453611 27.7606763302 28.1400481881 27.164805196 27.0640480593 28.4290740354 27.2538503804 27.7671847907 27.5966055302 26.6159156535 28.6148002567 27.2769222579 27.1413393951 26.7139475263 28.3369200247 28.0043822621 27.4738708166 27.72401527 26.5039210815 28.0951063441 27.6040234606 28.4484923954 28.5989078717 26.8183852629 28.480232482 26.7076636602 28.4320308923 27.3893858779 27.7031251072 53.8153113233 48.4839142879
27.1854714475 27.1022919202 27.3438229439 28.0329340695 28.4362998947 28.4771656647 27.789962529 27.0458836302 26.9767389147 27.8039063869 27.7595657901 27.1433739175 27.0955113949 28.3400492369 26.866473599 28.5415093205 28.1286020645 28.0127589785 27.0701284729 27.9027905163 28.1106264331 27.9695101929 27.8625077257 28.4590495565 26.6468955759 26.6042842783 27.5890970074 26.8038756516 27.8221457338 28.2147327508 28.548095761 28.1766890415 28.5352604359 28.2536253711 26.8859975888 28.3833501337 27.273988693 28.0664559014 26.9758532642 28.582796338 27.3077694528 27.3148356633 27.8783629002 26.7064885532 28.594413165 28.0703456089 26.6639228683 28.3566075873 26.9013005828 27.3520589215 28.1834476028 26.727515515 28.4810181825 28.3283602972 28.3711375936 40.5265198207 50.8052318183
28.5155795318 26.5534353884 26.997422912 27.4001309298 27.5698990531 28.4834227476 28.4653512046 28.1678526065 28.1313433932 27.3203077584 27.0551101156 28.5299238842 27.4907104619 27.1207316883 26.8520093813 27.8877954689 27.7708159542 27.725025863 28.0102288378 27.706960659 28.1486719863 28.064622167 28.0446778618 28.3798031352 27.7041711892 28.1294109238 26.5844384379 27.356615532 27.1226184011 27.0458250389 27.9651438939 28.4519499414 27.4117752948 28.4797270923 27.3077447681 27.7662483994 27.572408259 26.5388723282 28.0242037587 27.4605104647 28.5075378604 28.2233969227 27.6399158834 27.6890212377 27.8335912841 28.1053246505 27.1780270251 27.6235711585 28.0317059318 27.0449467772 27.5362766496 26.5965790278 26.7659872741 27.9922295509 26.6851279318 28.1496751707 27.1000590459
