Spatial_Output/DEC/DEC_0540.asc
NCOLS 155
NROWS 192
XLLCORNER 196307.867259
YLLCORNER 449144.565805
CELLSIZE 33.573938
NODATA_VALUE NaN
[rows 78 to 103 of 192, columns 0 to 56 of 155]
0 0 0 0 0 0 0 0 0 0 0 0 0 27.9430813378 27.3971434904 27.4915162437 27.6768412331 27.3981789519 28.4003774011 27.9581336747 28.231249887 27.2873684998 27.6272290392 27.7479751103 28.0842455016 27.2016847331 27.6316537697 28.1567463464 27.6563641227 27.865915867 27.0377687201 27.6006176911 28.3126860752 28.2101783316 28.0307762892 27.8857572206 27.028852403 28.0434080882 27.4154718946 28.0247150117 28.1342695119 27.4703824859 27.1725990385 27.3958582717 27.9545031776 28.0218378018 27.5374462264 27.8179565522 27.1950205356 27.0319041828 27.7349300959 27.5295661309 27.1863779057 28.2894250537 28.0747606192 28.0822465258 27.4841543583
0 0 0 0 0 0 0 0 0 0 0 0 0 27.0204522519 27.6725568109 28.0968934676 27.3819927277 27.2271785639 27.1042735851 27.5636492276 27.3145451884 28.2396795667 27.0095017118 27.465822542 27.7083946228 27.511111778 27.5940005491 27.8629709361 27.7944476658 27.9252866778 27.1532997329 27.7804554097 28.3796693848 28.1558031032 27.6295213417 28.1941081809 28.2977893935 28.317982673 27.6048529471 27.154007241 27.672079475 28.3992192043 27.1692170159 27.198001059 27.2447357071 28.1391635945 27.0005070767 28.3256326049 27.4682849427 27.9443306568 27.7079445623 27.6008221692 28.0407910357 27.7226520257 27.6051393123 27.0398112887 27.0327511359
0 0 0 0 0 0 0 0 0 0 0 0 0 28.386286294 27.8225779452 28.0294272874 28.1563205679 27.43007937 27.7466330583 27.3731537494 28.2931867696 28.3849154608 27.6896562434 27.1700371634 27.3602165825 27.2328226723 27.2823992891 27.3197231948 27.0311709265 27.7327617769 27.9057920145 27.6223082585 28.1213247112 27.0703505415 28.3635986033 28.2260337111 27.3644393191 27.1898258653 27.0307858121 28.349013981 28.1695237575 28.1668816929 27.4136688931 27.6799265573 27.2344663678 27.7683073011 27.9095026977 27.7402042271 28.0728423113 27.9717963343 28.3927962501 28.2708699581 27.0582879136 27.9209486804 27.074499544 27.4125005467 28.4084318772
0 0 0 0 0 0 0 0 0 0 0 0 0 0 27.2078045111 27.64138619 27.5594598816 28.0309715417 28.2156341644 27.3312721123 27.7013621432 27.9251164663 27.0230414617 27.3792310866 27.6649996056 28.3967978484 27.2082713537 27.1784780961 28.1827668137 27.2841520947 28.3052398759 27.8835765602 28.2234963328 27.8941549716 27.5492079098 28.1759571432 27.9747316975 28.2168495336 27.5799836008 27.4776948132 28.0158234111 28.0946739372 27.7070072091 27.8700174223 27.1274344762 28.1212210034 27.8063118123 27.1580989017 28.0913642666 27.2872658898 27.5371233328 28.1613150827 28.2196343176 27.7871292419 27.7376682245 27.6128448809 27.8711945321
0 0 0 0 0 0 0 0 0 0 0 0 0 0 27.9395191156 27.140310412 27.9715304723 28.3338782928 27.7580299821 27.4710936765 28.2998407759 27.7795188077 28.1985651414 27.2439649939 28.3445626463 27.9990305171 27.3029393501 27.5412782449 27.0342271302 27.3985375093 27.7559360734 27.8949971667 27.708187282 28.1559340802 27.0471342739 28.1276643986 27.1415319473 27.5044850596 27.0239688287 28.1484365847 28.0005418242 27.6009016425 27.9628226399 27.1795410778 27.0526410647 27.3873208599 28.3649588747 28.0123539761 27.46973557 28.1169586857 28.3914493745 28.1041310973 27.2268285322 27.5877298466 28.2245697362 28.3458707293 27.0465618774
0 0 0 0 0 0 0 0 0 0 0 0 0 0 28.1834305818 28.1086552654 28.3671784398 27.5985930258 27.0879865601 27.3117040337 27.6147303508 27.2602254079 27.5449808494 27.8669814353 27.6523092815 27.6403447235 27.0064156453 27.9241812171 27.6136980282 27.110545812 27.2920057582 28.2941221755 27.7424293281 27.3944739361 27.5356381363 27.0648882317 27.2062376837 27.075000952 28.1847083693 27.6636277207 28.3264751933 27.7443453844 27.9018587231 28.106072545 27.8543984573 27.8850511043 27.3811918611 27.496112814 27.8456240435 27.9277271173 27.4695919493 28.087262175 27.0996947606 27.8102808079 28.1981886165 27.0116591072 27.8438001988
0 0 0 0 0 0 0 0 0 0 0 0 0 0 28.2434297665 27.3580715546 27.6301597308 27.5796901165 27.7316397892 27.007175394 28.3371973065 27.464660073 27.2423326614 27.6631053694 27.1081068389 27.6684802431 27.0280879149 28.3247782492 27.2853429548 27.4986043243 27.8188033889 28.1749008032 27.3262595581 27.3134711562 27.2019457749 27.6469319749 27.040802641 27.9581240514 28.0686242164 27.0133890885 27.9807626707 27.0763127814 27.2841309884 27.8034432263 27.2005187245 27.6824287521 27.8909696549 27.650283634 27.1623619914 27.4001966706 27.5194658601 27.0613414913 27.4908888521 28.2515648213 28.0709477911 27.5502435392 28.1154605896
0 0 0 0 0 0 0 0 0 0 0 0 0 0 27.1495212391 27.0896754386 27.8336500597 27.4817862021 27.1215221115 27.7524389028 27.2755130337 27.2334569014 28.2596684733 27.8228507865 27.0026621985 28.2972118087 28.089404252 28.0870527638 28.2449950838 27.2830604218 27.8642037264 27.0967108183 28.2912892635 27.8564713387 28.21393415 27.3045871967 28.4127253765 27.648082519 27.6907649621 27.4836126824 27.2190287868 27.1092954347 27.5538444194 27.2888162827 27.2934971501 27.4064643875 28.0288955345 27.505314725 27.5943988454 27.4002788302 27.1615377418 27.4659944526 28.1292694234 28.2006950919 27.9565271269 27.6527848486 28.297330089
0 0 0 0 0 0 0 0 0 0 0 0 0 0 27.864567612 27.0176819755 27.6224357867 27.5165806259 28.1258139207 28.1463292812 27.5721052753 28.1933836564 27.0587514381 27.8865523817 27.7543931844 27.0248572547 27.7772936541 28.3985328766 27.9779998931 27.5911100897 27.2021200376 28.0976953442 28.2775761462 27.6313584636 28.0581306558 27.4652722417 27.0445274798 27.8989724896 27.839443014 27.665820116 27.9828752887 28.0879830693 27.0786500522 27.3240903811 27.3930280315 27.6653782288 27.0048217296 27.0036035619 28.3926482465 27.0881889611 27.7122609373 28.294437056 28.37655442 27.8496234678 27.5186687823 28.2177207949 27.2393341983
0 0 0 0 0 0 0 0 0 0 0 0 0 0 0 27.2270382129 28.0481971226 27.2049540544 27.1407701614 28.3650235961 27.6061320767 27.2739195907 27.5657391992 27.3558321428 27.0154925711 28.2885405539 27.2532560539 27.9706287475 27.0124471673 28.1750767816 27.1769654894 28.2493977561 27.0142580054 28.2959890215 27.9323598506 28.2004152039 27.9496330918 28.1771977872 27.2636163333 28.1533673493 27.6788336827 27.981489994 28.229566476 28.06378427 28.2197619416 28.1099471991 27.4758018529 27.9351461375 27.5345280139 28.2456486437 27.5006581478 27.2173646469 27.0649738916 27.6504989879 28.1309829552 27.7744967066 27.92945641
0 0 0 0 0 0 0 0 0 0 0 0 0 0 0 0 27.6822561239 27.4451278201 27.6956250113 27.6882976515 27.3476757384 28.0783987117 27.2730913902 28.2859826566 27.6461680392 27.0322018013 27.4250286028 27.9662960999 27.0940735862 28.148104044 27.3627016808 27.5273632037 28.1198693493 27.8228602002 27.6508121356 28.237314965 27.7633952825 27.1128362358 28.3451097529 27.9174785878 28.3386844498 27.473960049 27.9106086117 27.8751368487 27.9520036983 27.2476561367 27.2856604745 27.7859828971 27.9366101866 27.6102634832 27.6093993482 27.233131934 27.3818886856 27.8130410102 27.6747688895 27.3640041651 27.4448622336
0 0 0 0 0 0 0 0 0 0 0 0 0 0 0 69.7571762143 69.7571762143 28.1118515176 27.7533197496 27.1453322837 28.3483690514 27.8367578929 27.4616290499 27.6877943654 27.5981920021 27.1978388294 28.11155633 27.6114351391 28.1817904732 27.6769605155 27.1472687309 27.9342810401 28.2753694557 28.2589368664 27.6000866408 28.2481290307 28.1954451267 27.5608696805 27.3440502436 27.0165785694 28.0988395823 27.264363729 27.0623950636 27.3162399324 27.3885883112 28.1001687364 27.1141305739 28.3907276088 27.8296110097 27.04757492 27.6041243187 27.2963767576 27.4271082973 27.6728054335 27.2809436141 28.3539303445 27.5631002205
0 0 0 0 0 0 0 0 0 0 0 0 0 0 71.1128159093 71.1128159093 69.7571762143 0 27.3950864937 27.42516652 27.6979266724 28.384528505 27.7599911171 27.2667956888 27.1130810471 28.4004945431 28.0960116429 27.714546478 27.000407779 28.0856362441 27.1863084522 27.0194157705 27.657390626 27.7710227078 27.9964926944 28.0889928237 27.4264540285 27.8115526816 27.6131893581 28.2780409467 27.4861846116 28.1713210483 27.2866966496 27.5856460185 27.8596164016 27.5297547621 28.3709040706 27.6146153052 27.0245613585 28.1217419377 27.107184686 28.2029280688 27.9360193717 27.3846318189 27.4688138125 27.6585357452 27.4165181474
0 0 0 0 0 0 0 0 0 0 0 0 0 0 71.1128159093 71.1128159093 0 0 0 28.1445519807 27.2225929742 27.1225516702 27.765786867 28.1611497345 27.5270704577 28.0737160992 27.3464053891 27.272599299 28.3806063592 28.0516547712 27.3926724525 27.3339166783 27.4560151092 28.3984797257 27.6713691263 28.0854842289 28.3994295695 27.7197167521 27.2367401623 27.3673737183 27.7493848911 27.6127951469 27.4258222715 28.183404816 27.0789242609 28.2230725786 28.164051523 27.7679921202 27.2938401313 27.3266252694 27.6552986769 27.2428854918 27.1779247294 28.2321859465 28.1900533297 28.25514625 28.3113885861
0 0 0 0 0 0 0 0 0 0 0 0 0 0 0 0 0 0 0 28.3877873934 27.1128284516 28.3340877417 27.8108890603 28.0152441714 27.4530641827 27.6376686127 27.3994971017 27.1419456352 27.0369708871 27.6891967907 27.2798034762 27.3993475728 27.4617224269 27.6955263193 27.2141302391 27.8729011606 27.1605113351 27.6437611273 27.4822567586 27.1899447858 28.1560032338 28.2889703789 28.1074825585 28.1517339794 27.8829258511 27.7100540913 28.2147764746 27.3610741935 27.6779976766 28.1790938886 27.639694177 27.4711913776 28.3719151773 28.3166530652 27.9536998234 28.3853453263 28.0378452354
0 0 0 0 0 0 0 0 0 0 0 0 0 0 0 0 0 0 0 0 28.3580900576 28.1326292026 27.1888470869 27.0177143852 27.2787181695 27.2097019358 27.8709878119 28.2826867628 27.081680957 28.2125965462 28.0784872753 27.8854067987 28.0934046539 27.0120117033 27.8272710116 27.4794257798 28.1881738993 27.4145878959 27.6982756225 28.1778653457 27.1739602829 27.2982201318 28.0313062742 28.2125237034 28.1830682781 27.7602163881 27.9753788657 27.232698123 28.2092115128 27.7634637396 27.592281474 27.2663750362 27.9851439397 27.5025849635 28.3241433569 27.4396874821 28.3533606533
0 0 0 0 0 0 0 0 0 0 0 0 0 0 0 0 0 0 0 0 0 0 27.6843715265 28.1823761322 27.5217658505 27.4378186023 27.3491667783 27.0938104079 28.2515800221 28.1643663635 28.0254985669 27.4849455679 28.2817065979 28.2211849205 27.5183059902 27.4059910293 27.7015211176 27.3067887367 27.0400709264 27.5826569233 27.1601233154 27.6224769592 27.9593846246 27.1603635411 27.1269485554 27.279128157 27.5721669147 27.6206734888 28.2478647498 27.9773568051 28.2845750566 27.1212705186 27.7946555879 28.1821755962 28.120823413 27.3222380805 28.332484168
0 0 0 0 0 0 0 0 0 0 0 0 0 0 0 0 0 0 0 0 0 0 27.939745745 27.5628429285 28.3582106343 27.7077466521 28.1093429794 27.3052742416 27.601192763 28.3460890396 27.3927468585 27.4056232282 27.4222083912 27.2092200456 27.1061876696 28.0136838804 27.5299989668 28.3955459148 28.2568128209 27.4978876293 27.5176481766 27.3915230783 27.2641300288 28.0730628233 28.1193430564 27.4673337945 27.1881331381 27.1577471969 28.0849889848 28.4121730895 27.2233837259 27.9199325631 28.2431876341 27.0463974671 27.6168267724 27.7376039687 28.2730177273
0 0 0 0 0 0 0 0 0 0 0 0 0 0 0 0 0 0 0 0 0 27.342185758 27.9884770072 27.7498121642 28.2296257078 27.0280094577 27.0744832131 27.4540500361 27.8326459707 27.0877421715 28.2045109454 28.0891710961 27.4483691217 28.4062800081 28.0251369528 27.4636378323 28.3696895471 27.714347804 27.845602981 27.3711889915 27.4577978414 27.4658328846 27.5829145523 27.7022013955 27.0705543711 27.0267832016 27.4572857763 28.1569447845 27.40874076 27.3467374762 27.0549759685 27.8564781017 27.92545452 27.4334078886 27.8147994165 27.2432620248 27.7007509482
0 0 0 0 0 0 0 0 0 0 0 0 0 0 0 0 0 0 0 0 27.659102506 27.1479435336 27.5906095409 27.0771219844 28.1124697369 28.2106876551 27.9820556953 27.0521015738 28.2440741259 28.1291792437 27.7988198169 28.1177998394 27.038070229 28.2466650044 27.2219259891 27.9677491814 28.386846167 27.5178757161 27.05920196 27.486171947 27.4389258112 28.2129693566 27.4989184889 28.4013282054 28.128189677 27.50707521 27.8634456514 28.0510992018 27.5366439361 27.7658557115 27.1603577451 27.6117389206 27.792188737 27.6538554694 27.555301634 27.4465737095 28.2670726101
0 0 0 0 0 0 0 0 0 0 0 0 0 0 0 0 0 0 0 28.0919835516 27.3156870205 27.8100361299 27.4246617986 27.0286225159 27.4503612885 27.3804741108 27.8330493004 27.174978342 27.8053007729 27.2956584199 27.8564109695 27.6793352333 28.1675117433 27.7962618999 27.0925798042 28.2976912356 27.7888207964 27.5797526485 28.269302228 27.251832842 27.4150094541 27.4037433487 28.046326951 27.7581112338 27.4363127162 27.5125659617 27.1371372546 27.7061845711 27.8412481209 27.9651776765 27.6799519611 27.0344696746 28.0004429594 27.8675788073 27.0200615407 27.9834899641 28.1000008862
0 0 0 0 0 0 0 0 0 0 0 0 0 0 0 0 0 0 0 0 27.4065390043 27.0780396783 27.4742162024 28.0970920593 27.8476451101 27.4516116206 28.0212466741 27.7625270583 27.7032599003 27.8108626105 27.9904897139 28.1251122101 27.9952039037 27.3195253482 27.723607995 27.2863310943 28.1006337169 27.4900895537 28.2749872146 27.3069765901 27.8503493114 28.3896415616 28.1268631537 27.1314185722 27.910825342 27.4606752688 27.9250010618 27.2491637493 27.9907022909 28.3055900182 27.5280533547 28.0301320917 28.0460688813 27.7706123166 27.8608808894 27.8723789743 27.5965214301
0 0 0 0 0 0 0 0 0 0 0 0 0 0 0 0 0 0 0 0 0 28.361292181 27.394377554 28.3911810935 28.1698034572 27.016223453 27.4292402471 28.404490713 28.1503325842 27.989634801 28.2171888224 28.0878332319 27.1494700891 28.1115020502 28.2030144246 27.842048004 28.4091313592 27.6726417863 28.0774760964 27.3780949404 27.8835477493 27.0573577274 27.862513131 27.4656322318 27.4400954452 27.8474988617 27.6972689528 27.152735337 27.2711966796 28.2466557416 27.7202372683 28.243764428 27.3503360475 27.2211747063 27.3560151483 27.4632830137 27.8917573624
0 0 0 0 0 0 0 0 0 0 0 0 0 0 0 0 0 0 0 0 0 0 0 28.4128028645 27.174783672 27.7658456587 27.8195260973 28.2090290765 27.4518652464 28.2563936417 27.5230542187 27.8523467102 28.3581604809 27.6384611984 27.4782242022 27.7208424303 28.3098537326 27.6983499914 27.1633863905 28.2849034254 28.0901275514 27.1934415737 27.5486637358 28.3158072916 27.7465058891 27.241418627 28.3056759219 28.0012477565 27.2869375962 27.0012980111 28.2499244677 27.5638408795 27.1411189907 28.275846879 27.7312696775 28.0031066863 28.1666158661
0 0 0 0 0 0 0 0 0 0 0 0 0 0 0 0 0 0 0 0 0 0 0 0 0 28.0453362411 27.4190283758 27.5770208119 27.1879348076 27.8422587029 27.8588301541 28.1181473561 27.4880667977 28.3825513538 28.1732429009 28.1232579349 27.9656586371 28.3011162937 27.9472344491 27.9814289766 28.4083437158 27.3815410685 27.6330228847 27.1716603116 27.5516847607 28.3965330421 27.3324801418 28.3724994139 27.2156445983 27.580994773 27.0420522103 28.3337029993 27.9486884695 27.4385805611 28.1032112635 27.7709819154 28.2496083472
0 0 0 0 0 0 0 0 0 0 0 0 0 0 0 0 0 0 0 0 0 0 0 0 0 0 28.0885668035 28.1547907057 28.2241383151 28.216035485 28.0192265568 27.5667214346 27.8069981722 27.8179061357 28.196671978 27.5188762812 27.2246380488 27.4974747307 27.6208738854 28.3429489375 27.100209905 27.6810793189 28.2018903715 28.0632393393 27.7537959372 27.9254249114 27.1901645046 28.0473169773 27.6735302057 27.381448904 28.3073204352 27.4312745339 27.8289372034 27.2874417325 28.1106707443 27.6888606558 27.5432764055
