Spatial_Output/DEC/DEC_0674.asc
NCOLS 155
NROWS 192
XLLCORNER 196307.867259
YLLCORNER 449144.565805
CELLSIZE 33.573938
NODATA_VALUE NaN
[rows 130 to 155 of 192, columns 57 to 113 of 155]
29.2046793683 26.9613213285 27.1600049799 27.8994312947 29.1094575997 25.6040027959 25.1298720597 27.4155239998 54.4823787506 54.4823787506 27.9542860039 28.5867163675 28.4035611288 28.1876292786 26.8952656139 27.8672909674 26.6426798249 26.6677192542 25.727188014 27.9368999818 25.4662445177 26.3514796225 26.2933589269 26.32481366 75.5666104513 75.5666104513 75.5666104513 26.6293313438 25.5125571718 28.1980397218 27.328350874 28.3635336446 28.712440484 26.6737945365 28.1038582879 25.8155157943 26.1882662817 26.3230783297 27.3636041225 25.9962277821 26.6643731042 27.8451525641 27.9020942015 25.1852847085 28.820800101 25.7942898088 25.3852098979 28.9447395801 28.7123822921 26.4514671391 25.8570424108 29.1656892214 26.3307410683 25.0759938691 26.3380220129 29.1455247268 25.7556605358
27.2661610119 27.2044927087 26.8363663223 28.1270043664 28.7382517218 27.8002812356 27.1681915323 26.9451547905 25.1075158204 25.8247599674 26.5401075418 27.3894348918 27.4353653741 29.1577139013 28.2089158467 28.7330518802 27.0010333402 28.8590086131 27.0906069112 27.0606607148 26.246465136 26.0541390306 27.3307682022 28.9003644677 75.5666104513 27.5527236121 28.3001652282 25.5180448171 25.1188972241 26.0016247989 27.831580242 26.6317247907 28.7757901556 28.7461605981 25.2925145674 27.6191545733 28.0527774058 26.5411414806 25.6851651302 28.5244946062 28.0491731669 25.5927457812 25.8505537622 26.1138417949 28.9877143745 26.1473641512 26.7557503254 25.6196655939 28.188358034 28.5818085122 26.3408205701 28.106405322 25.128291202 28.403276894 28.2004243058 26.9085268377 25.4161777407
27.3124733357 26.0958377175 26.9002294187 26.1252573284 28.7659084823 26.9050329824 25.9264919214 25.5842768203 26.1219142429 28.9348739938 28.7128444731 26.696266363 27.2560724469 25.3810388718 27.4346034205 25.657488938 26.7717827389 27.6407230197 27.0515474949 28.554563028 26.0086372992 26.5358432125 27.7079617288 27.8853309584 26.5914049037 28.6954569325 27.6036445735 27.5481419487 28.2839633109 25.0786821274 25.5410289244 27.8623012703 25.0951787323 26.6738146771 26.274805633 27.330743371 28.4924878481 28.8352585248 28.3261319248 27.8413422148 25.185820871 25.8850432256 28.9129048989 26.6989075529 27.5828158971 27.5246982678 29.2345788657 28.9835953686 27.2732223109 26.5302827454 27.9360582748 26.0630234914 25.0478594503 28.2132855491 26.522611597 28.0342219753 26.9179719034
25.5878508796 28.1925946485 25.3182074457 27.0642284774 28.4539190985 27.5510943221 27.6908206969 29.0523685372 29.210025679 28.7907164199 25.1653988233 27.4887528977 25.1840787123 28.5308472572 25.2656992795 25.3197573627 25.3202858013 25.4533111199 25.3829111695 26.6082191876 28.5332706096 26.7458050228 25.7321828604 28.99204657 27.0037289843 26.8372065096 28.6588377695 25.9656649227 25.6307979319 27.4263243449 27.2531354911 28.1340694871 27.4810098974 25.9134940544 25.3331658845 26.6325321417 27.9324675813 29.0549592682 28.8255246532 29.2397930824 25.7338726044 27.3938704751 28.827546449 27.6254123744 29.1168024064 25.9001809263 28.900394344 26.1119352833 29.1928542165 28.1682650938 28.9892563964 26.5000170531 28.7638234147 25.4994999285 25.0162369137 26.3070656742 27.5271353357
26.6695769872 27.9636285547 26.2641099488 29.0545453246 28.0947034882 25.1906261318 27.3563904782 29.1455663574 27.5060057048 26.7824682719 28.8379341511 25.8218137491 27.7917548232 25.6208554512 26.4324512883 29.1730495155 25.7491623345 25.7964169111 28.3514642339 27.3039912048 25.681559899 26.1540485754 29.2343956492 26.7306832011 26.3919964348 27.2821113198 25.8398540888 25.361604364 25.0428474154 27.5614873761 27.258089954 28.9631292736 29.1655238989 27.7136910099 27.7600469555 26.403908972 25.676837664 28.6831480738 25.2298127773 26.1927740047 27.1168787323 26.6165623301 27.6887441093 25.8841369723 25.2636039656 28.6945404464 25.6365597684 28.4898178145 26.421380204 28.0767721102 26.8088713439 28.8336318077 25.1894856458 28.8473096029 28.1382658919 28.7882993722 25.5226686737
29.22013556 26.5358501336 26.1476935647 26.9733247764 25.0507786955 26.8642282561 26.0661715793 25.8276629845 26.1737536691 27.8789230795 28.2134619898 26.3588779908 26.3418797199 28.5714805962 27.8812395386 26.8963297167 25.4717738648 27.5192994704 28.506497221 28.2021969301 25.2210206623 29.2020134525 27.0460723343 25.107476263 28.7461369473 26.3328136427 26.9523169228 26.8300389011 27.372502034 25.4159977869 26.6354019043 25.9174768217 25.4448107203 29.2391519663 25.6510960544 27.2120901239 27.5724857567 25.8346132037 26.0812179396 25.7277709507 29.0415142821 27.5170929185 27.3582595768 25.2998424029 28.6123608854 27.236330431 26.6868351621 25.4444296119 26.5096694047 25.9705108047 28.7997067189 26.7954654529 29.1224735094 28.6249261921 25.8512135284 25.1392892756 25.8925801556
25.8076774162 27.7019340011 27.7982544429 25.0248024342 27.0058018902 26.5988626574 26.2756199876 29.0790958114 27.6370140636 27.6535311246 28.7390709693 27.6931406958 25.9202844129 26.0681245827 26.9347127109 29.2012146654 28.5762949455 25.0394819354 26.2884397681 28.9117532264 28.0109841202 28.3444118283 27.9066769013 29.1038754375 26.4938052956 28.9254618316 26.0714163942 25.9776644652 25.6168301177 26.4193043576 25.0890918601 27.5145140408 25.7990474735 28.6235138633 26.7930675838 26.5738016934 27.0643492369 27.4316321492 27.3584476406 27.3938671242 26.9475862493 26.1083983962 25.0700668758 27.1948668168 29.1449303195 28.7048975037 25.9158191133 25.5517915067 27.1482352646 26.5646062715 25.2339666844 27.4115580439 27.1523950482 28.6378731275 26.6932890765 28.3359575577 27.24984646
25.7171699374 28.9112642922 25.4839298859 25.8032787053 26.3222239434 25.3180124972 26.2598467312 25.33452121 25.2106322308 26.0941234596 26.1123642837 26.9806961512 28.8340230366 28.6248687314 25.7911103927 27.9857814778 25.6628020749 26.4425961958 25.301535477 26.9391389691 25.954591701 26.4594433263 25.0787695733 27.7541305238 25.193999176 26.5544705019 25.8008778257 29.2232035193 27.7050312008 26.1771724925 27.0555938589 25.5460447884 28.9995878076 26.5197555437 25.4422174931 25.8399857662 25.226062024 28.024224455 28.4348842975 26.7463854835 26.4574926387 28.7866836808 25.7782022359 26.7862999277 28.3092891863 25.4084198576 26.6424976419 26.0303104959 25.8205973669 26.8214230441 26.7476768359 27.8103196975 26.9669381301 27.3765202824 28.7998073241 26.3988459832 28.2358853002
27.7861895033 29.0011940138 29.2308675582 25.4913199335 28.1156520602 28.3680369493 26.316565158 26.9090539865 26.0785430602 26.3586659858 29.1119976655 29.0101373867 28.630047864 26.7773760364 27.9540952441 27.1250808788 28.644314159 26.4543634112 26.3395386054 25.4334218494 25.7143124939 27.779767812 25.6728684418 27.2870605001 28.2629725918 28.1642874463 28.8867816911 29.2147045397 25.5605919148 28.8831366079 25.818368327 25.9014075208 28.2703026898 26.9684853371 27.6339897427 25.9395298446 26.16236171 26.1470914569 26.9029150901 27.6231004595 27.2527066136 27.0066294269 27.9220481305 25.1348683914 27.8189466855 25.2552706121 26.5963749717 28.4855382403 26.9134634542 25.548233774 27.1985485912 27.2648222969 25.939205622 28.3007146601 28.8619858017 26.1124910665 27.7833009122
25.2198462789 26.2327503031 27.0252525342 25.3453522234 27.1451117931 26.6761094117 26.0453451938 28.6490248978 27.2197666919 28.1304350173 27.8993081065 27.8534415201 25.1047084742 28.9586837228 25.7811756765 27.2762435959 25.0039378644 28.7411011227 28.7411831457 29.2107864549 27.3364104615 28.2377916105 25.3866485591 25.8097011175 28.4785702588 29.0733036488 27.9083997756 26.5098995765 27.1064405582 29.0331797333 27.9958064977 28.8360450475 25.8057590024 25.7844322234 28.9413554405 26.7518913255 29.0576722453 29.1262705869 26.8734885225 25.1998624585 27.6172926582 28.136552046 25.7534874057 25.8118336511 28.1560160066 25.4738226007 25.268175109 28.1066223102 28.4372352961 29.1054776915 27.0022817199 25.2383995304 27.3020390122 25.8692363403 26.3563812522 25.6315097235 27.6485931684
25.2769374589 27.3795342554 25.7549586738 27.0230286458 28.8922844267 25.0294213685 25.2594066247 25.3933085021 28.7571356442 25.8426311635 25.552660903 27.9709595061 28.185995308 27.844853326 26.9934174253 26.8841954875 28.0099412883 26.8894017441 29.2047722719 25.4067824114 28.7826600483 26.079596852 25.999242284 25.559058536 28.4636363418 26.4414573867 28.3842303138 27.9685930733 25.0968318558 27.4418755471 25.7136608438 27.1763837587 28.2003146268 25.7297178608 25.0211949376 26.9554576526 25.01054982 26.3019543971 25.503249089 28.6607289771 25.4631901398 27.8136106508 25.4901822764 28.0002937994 26.5914871441 28.8289937261 28.0902666472 26.8677966549 27.6961386796 28.0307079655 26.3142324044 27.8806141025 26.4049203258 29.0681722295 28.3080644418 26.0044933266 28.493603331
27.957455429 26.381069525 25.7772781048 27.616836089 26.1303024551 27.908527797 26.6586936957 26.1733998833 26.7040458298 63.3321510512 25.2345162232 27.2223043716 27.0930336128 29.1530943372 27.759909809 29.1461762362 26.4886560309 27.0740922652 26.1312979919 28.3825318174 25.6826382105 28.4051109994 28.5389475067 27.9116551937 26.2925680758 25.9277337508 25.79691504 28.6753734732 25.8931434456 28.5575808521 26.609902968 27.0543741039 27.2047357731 28.3200426134 26.3829742006 27.7843582261 25.7333679418 25.6737541544 29.1158001372 25.7596644685 26.5519743496 27.4922901059 27.9541727635 29.093477952 26.3234575833 28.7676515546 27.0291733866 26.8946143931 28.6471455551 27.6879579335 27.5110886273 27.9214376434 27.7004000622 28.4915332556 27.4429214329 27.2597465494 27.5838775881
28.7182086246 28.631949822 25.7296493041 26.4557194344 28.0371695028 25.3942981384 26.3772669596 29.1135931901 28.4123817244 27.232948583 27.7277526454 25.1511000671 26.7292015433 27.2952202142 26.732366268 26.1591717225 27.9048814226 25.9126697776 25.6905739093 26.6015494556 27.3119640773 25.2418631462 27.6846037573 25.0461620879 28.1623331658 26.4459086907 28.887451068 28.5223746206 27.4717495757 28.263156652 27.6267515021 26.1637538929 28.6858764158 26.3148681437 28.6214491416 25.1198843176 28.0012280877 25.159213603 28.4764598602 27.7552326411 28.7082241548 25.5226538507 29.1083087963 25.4504186121 26.2202669994 28.0658592427 26.815700752 28.8219301928 26.2305204401 27.4823062507 28.3533948503 25.7183207819 28.1052847116 27.2712381383 28.8376708363 25.5819518059 28.6871115378
29.0520984081 27.2773167623 28.3284770384 25.4763774523 25.0926598568 25.7644675309 28.8260738845 27.5369102554 27.8053742478 25.8014279206 26.1928468782 26.8424139657 25.6524906707 28.9895245162 25.4786853157 27.3029121799 28.9221719562 25.6739741311 28.0655334277 27.854339588 26.9154872472 27.7901963591 29.1805192959 27.3952359706 27.2244298571 25.3089784261 28.8846104634 26.1603278994 27.0490211678 25.0499927527 25.9544829762 25.4845856888 25.2199441836 18.7354923858 18.7354923858 28.4659851177 27.134678528 27.2370293994 28.4462306466 28.0528972368 26.3239030804 26.5543332189 27.6664235678 25.2874958045 27.562265381 27.724838259 25.6402716515 26.0988226182 28.3855611838 27.0155552579 25.1879711369 27.9292835015 25.1776425577 27.4597361535 26.1575199234 26.9715391897 27.9181157154
26.6509416972 25.9695119239 26.9769138526 26.5339048546 26.9459087424 25.1709298165 25.2357606189 55.2521380998 26.9309339697 27.0345563149 28.223213837 25.0114698423 27.198849872 25.5020806732 25.8029913374 25.0947531046 25.6124182441 27.2279398206 27.2122358952 25.4131648811 25.0146845818 26.3213155557 28.4232434695 27.8975604737 26.6319131014 28.0414254633 28.7178146589 26.3884950129 28.2616660044 27.6534221325 25.5779987824 28.1212176207 26.7697376371 18.7354923858 18.7354923858 27.4692928238 26.7001950156 28.4762751372 25.8315422846 28.304621563 26.6554283792 26.8321329559 25.6529512614 28.6972920617 25.5047938289 25.3829446752 25.4868189 26.7823385831 26.545593503 28.2406903357 28.0142002152 28.3152606099 25.2433660853 25.9248110739 28.8676760027 27.5401714445 28.4667386252
26.6593182209 25.9488914547 25.1837410683 25.4039449643 25.6956594245 28.4404490908 25.8707308528 55.6151198005 44.7050628218 55.6151198005 26.4694675061 26.7014805505 27.0029430556 27.4745277583 28.0605314177 27.3118208521 28.2813156428 27.0593842571 25.0298076253 26.49291839 25.8051238612 26.304998118 27.8558435547 27.3235819127 29.01491174 25.7111420808 29.0553569744 26.1730533814 25.5354237076 27.4687621944 26.4223346079 25.8432219694 28.6089245778 27.199103279 26.254686414 29.0728609583 29.0426976901 26.2896353404 25.500240465 27.2798803052 27.1872825894 28.6460279335 28.6837391064 26.3349092652 27.7473577738 27.8089510484 26.2335040187 26.7298198747 26.3556251397 27.2457391194 25.2105595906 25.6614885328 26.4447095816 26.7720602333 28.8767799622 28.1473621148 25.7126635275
25.1763795338 26.3722752367 29.2370276235 27.2827587153 26.7602235711 28.1834027083 26.9342629435 44.7050628218 44.7050628218 44.7050628218 27.9808095102 25.5809850122 28.4432145681 29.1469351727 28.5920964258 25.6264716516 25.9532135319 25.784655527 27.7822166789 25.7519270446 28.4988137951 27.523894821 29.2255892057 25.0209106081 27.4476383238 25.5380688063 26.248819122 28.3028779376 27.7978299236 25.0537870721 28.4289779447 27.9173313517 25.5437872191 28.1379076332 28.2326050572 28.5740053739 26.5405108185 28.7881670925 28.1478579994 25.0086150484 27.3360261343 28.7766256991 26.4768006995 29.0700631079 27.5851489369 25.1464780843 25.2875033214 28.1631677112 28.6527121261 25.6769624272 29.0165723769 27.0947716026 26.7236484681 28.3924216968 27.8718053098 25.6872318875 29.202625393
28.7368590629 27.5252786613 25.1636004223 27.7078549089 29.1169426531 25.3095419707 28.9106817322 27.919892621 44.7050628218 27.4907491445 25.3463888264 26.8417062629 27.7020596687 27.6729027457 25.826045958 28.1582774653 28.1571439072 27.7416288977 28.8680590485 25.2205184588 28.0186351843 28.4502254821 25.7626039771 26.6638878289 28.5845930434 27.4659673785 28.687195969 27.5851916358 26.7057563504 28.190891465 25.5092366331 27.0666350813 25.3753007545 27.4324019256 29.0259282405 26.6727449203 25.669070159 27.6073149898 26.1710753771 26.1674739029 27.9792616229 26.9257956044 26.4530811778 28.0678656205 25.9975470887 28.3223888262 25.9999085961 27.0074187385 25.5822173966 25.6771905175 28.9084158735 27.1784746195 25.1216447644 25.7032467703 26.9004909756 28.3831432022 28.6164702832
25.190180074 27.8158030551 28.8259307529 25.5879458578 27.1966430822 26.4351860145 28.6727512606 28.7141143807 27.6336009712 29.0314639431 27.9033818225 26.9571804399 25.392756794 26.7802870696 26.5887628056 25.9153164748 26.2442264708 25.0226147378 28.7699829456 28.9399314626 25.4019838169 29.2253718768 25.8784106796 28.8669780165 27.712287475 25.2383015796 25.4436708339 26.0386485025 27.9533758836 26.3070057895 25.8317879383 28.9952368316 26.0759346324 27.9547765132 25.9746553624 25.0266034284 27.2724830573 25.6969973652 27.2827396772 26.2130185228 26.1748177702 29.1427840419 27.5243164379 26.6685094629 28.4101648934 27.0509082983 26.4640095223 26.6111309264 28.0242224987 27.6406722693 25.8303807604 27.346229877 25.5317839324 27.2276219423 28.4834816026 26.127696967 26.5797938378
27.0416035263 27.4445079132 28.8626675329 28.6482214426 27.7390081692 25.3262066169 27.4864681381 26.3294450753 26.0436809011 28.1993383467 26.7382292113 28.1872768645 27.0398155434 27.3372200326 25.1093686853 28.5918460067 27.9541861306 27.3132642982 27.0201736471 27.6168486783 28.0614634096 27.813880601 26.3698906356 26.0222794588 27.9688207481 27.106583612 27.7317707289 28.2683653255 25.0088157457 26.0852408283 26.6498553775 28.2660628673 26.7606420863 26.0257702103 28.7102126013 25.1429329681 27.4010092665 25.3550881255 28.0881048708 25.4373008109 27.6208832751 25.6739255863 29.1023388221 28.0521076401 28.5758715488 27.641723986 25.6918684543 26.5905341367 28.9964538419 27.215325632 25.9762269985 25.6878374465 26.7899441733 26.2027469464 28.3681055571 26.5075655097 28.2850163703
29.0754549494 25.7776179613 27.37894226 26.4427415733 25.0729450916 25.0553035853 27.4080182012 27.8035824252 40.7564609544 38.3573165751 37.1578580891 25.5073428424 25.8821874628 25.7003332532 25.8027748077 27.4969023887 26.4846308737 28.514158373 25.2088407726 28.3907255949 27.6643916436 27.243359551 26.7742378716 26.1506754152 26.6800982067 26.6932924786 27.6075669064 25.1077900908 27.9138612432 28.3898097635 26.4697229835 28.7785182312 25.52426802 27.9414659872 25.3853992793 28.1952657836 25.5919912758 25.7544155221 25.2900398494 28.4732981852 26.1554698307 25.5312315237 25.3189045955 26.9134111866 28.7121587491 25.6768463492 26.4948521459 25.8383768872 28.3910771792 28.5784305619 28.7611693989 26.7016535141 29.0946553059 25.2948967636 28.4742152722 28.8865645761 26.2645105432
0 25.7622997609 26.075679807 26.3717030554 27.2054268615 28.0423641618 25.7263684042 26.8386255379 43.3278315656 43.5074909451 43.286410109 27.0158752784 27.6730130177 26.8286247709 25.2275423293 27.9972524338 28.4359432941 26.117133598 26.8667374359 26.0861237984 29.0674122077 26.2074196581 27.4849253648 27.2728434514 27.572912781 25.6370203779 28.0148997231 27.0215681591 28.5293361168 26.8510124876 26.4706143552 28.0750467877 26.5973840181 27.2984600641 25.9706755579 25.7386445286 27.5935854911 27.438183979 27.6098113496 25.4248757547 27.0910320622 27.9673412415 26.8043108951 27.4769556128 27.4874931343 25.9891255977 25.7450172764 26.0620169587 28.3135363994 25.8502555401 27.4179550485 28.4735220037 26.0938224083 25.0510867607 26.6125136652 27.6915049209 28.3725674402
0 0 0 0 27.4541233965 26.7575278847 28.6595670457 26.0931899476 42.2974723907 43.1871586623 46.9171086896 25.3718895127 27.7770496569 28.5345754843 27.7749117557 27.1541940074 26.4643618221 27.736187106 28.4169175949 28.2731202378 27.2286651248 28.8694831853 27.7261359486 25.678659856 27.4693724609 27.3953275212 28.9898152508 25.019165865 26.2764249328 27.0246496274 26.9668074846 26.8327263314 27.022661962 28.1713958992 26.662318419 27.2929187015 26.5215068196 28.2616919757 26.4200265577 26.6462706824 28.7389461682 27.3700598646 28.1795397192 25.0443329413 28.5032564322 25.7410574775 28.9531449897 28.8242468475 25.7754571984 28.6833436216 27.3883369064 27.6092334317 27.4954570731 28.5952061808 27.6771889296 28.6889269659 26.6298171584
0 0 0 0 0 0 26.547061141 25.6063841792 25.7371136773 25.381015129 25.0697081822 27.1156939708 28.2747633619 27.1650449352 25.4900212029 27.6184607431 25.8321596304 25.7439465621 25.0615993647 29.1825958958 26.7330950412 26.1511951383 26.0342522436 28.1743312986 28.3439768878 26.4911369198 27.8705817183 27.8742024061 25.3298686697 27.3262112133 28.3262161038 27.2068883125 26.4142519718 27.6067992298 27.3496533383 27.2992095738 26.0287627045 27.3717051499 25.5161566514 26.6928074974 27.3313232203 28.4451225676 25.8030639157 26.6832100983 27.2968267917 27.0540636814 28.4387572083 25.8133088065 25.5491320563 25.5993120247 25.5909078441 25.0136840814 28.1257833367 26.1791489461 27.1787018752 28.9646242646 25.6617574887
0 0 0 0 0 0 0 0 0 28.9042947848 25.6899853965 26.209575929 27.8150652856 25.5650764013 0 0 25.2861593967 26.1792547651 27.5316746567 28.2679883727 26.2376414622 27.9605922765 26.4312068452 26.9193116412 27.8671029747 28.2283768718 28.4855838158 28.7236929942 26.6370128488 27.1144145736 29.1868714204 26.132035688 26.8478024543 27.8133557858 27.7459469083 28.7213559839 25.5744284699 26.1751311568 26.4166700961 27.0370724199 25.9564166324 25.5293768876 29.0705846911 26.8322307831 26.8251775727 25.6511664062 29.1304032497 28.7172440325 25.9023628805 28.5882339285 26.1149659244 26.4095707632 29.1487217815 26.0894538967 27.5612727325 27.6634838285 26.4326652391
0 0 0 0 0 0 0 0 0 0 0 0 0 0 0 0 25.2705871905 28.6278789866 27.5274337974 25.3832706115 28.9828046113 27.2668080229 28.3747066457 27.9702047089 26.9318261133 29.2183321845 29.1066231138 26.0255944138 28.0833940363 28.4889851237 28.9875331876 27.9951521107 28.4344255925 28.3324110005 26.2604232481 26.6348664473 27.4481781183 27.5539891749 28.5289049514 29.1093654216 26.4759731727 29.1843425854 25.9639761652 29.0147424989 27.8432829018 26.0009898607 26.5198947625 28.4445892494 27.561558603 28.2253109508 26.4363940577 26.2837138983 28.0459774207 25.4744188131 26.5035905685 25.4353258881 27.3219956521
