Spatial_Output/DEC/DEC_0447.asc
NCOLS 155
NROWS 192
XLLCORNER 196307.867259
YLLCORNER 449144.565805
CELLSIZE 33.573938
NODATA_VALUE NaN
[rows 78 to 103 of 192, columns 0 to 56 of 155]
0 0 0 0 0 0 0 0 0 0 0 0 0 30.8800847007 30.6840289011 31.0445278669 30.6361168518 30.5310198157 30.9132800407 31.1708589948 31.1097625626 30.6539404239 30.6699515971 31.0763994901 31.0551393694 31.0808809919 30.5982709079 30.7285916122 31.2061948696 31.0007954931 30.8418705021 30.712523073 30.7031904798 30.7102362425 30.5435896116 30.6379694983 31.1369562646 30.7624597147 30.5163859232 30.9231446895 31.0757145659 31.129829654 30.8980990543 30.6068013955 30.7356322321 31.0328948736 30.8926488094 30.5496668991 31.0193786983 30.8714706984 30.966891219 30.8031130764 30.9215954489 30.8344620408 31.0402296606 31.2019664858 31.1067971159
0 0 0 0 0 0 0 0 0 0 0 0 0 31.103728555 31.058875118 30.7064754421 31.1702813552 31.0013638846 30.7772078323 30.6055928416 31.0501318153 30.6657769011 30.5011475017 31.0802354462 31.0449926163 30.5425362748 31.0219985168 31.172450158 31.1420108597 30.8217104208 31.1619450495 30.8288801993 31.0706018739 30.5837288752 30.5818313222 31.184355943 30.5477341035 31.0249712826 30.6568165318 31.1273090981 30.9742143429 30.6264510406 31.1449014152 30.9745312208 31.1150138199 31.0954292635 31.0303361754 30.7072776829 30.5764704654 30.726341273 30.83690919 31.1045033011 30.874476288 30.7439144724 30.5410937882 30.8053465535 31.0619670539
0 0 0 0 0 0 0 0 0 0 0 0 0 30.6757658673 31.0854135702 31.1723464551 30.5559933816 30.6536826481 30.922685603 30.5058688701 30.6688369959 30.5498113643 30.9404643174 30.7089332632 30.5238375576 30.5845831946 30.7846677271 30.8674012311 30.5256606739 30.9122327085 30.7232289731 30.7486466066 30.6257022856 30.7658819909 30.6468198778 30.9103394998 30.9072222277 31.0835089634 31.1443648268 30.7719833428 30.7082471261 31.046577481 31.0608242263 30.6831599495 30.5450399554 30.5399623026 30.5351941676 30.5659173013 31.0432246366 30.9689094544 30.8373951218 30.9448904527 30.72749085 30.6240491246 30.8458432777 30.9819674747 31.0393627006
0 0 0 0 0 0 0 0 0 0 0 0 0 0 30.753376307 30.9903309051 30.7575498028 30.822819665 31.0924905198 30.9655518466 31.0132162126 31.0966839195 30.8204825068 30.9668662363 31.0058391656 30.781353712 30.5278672024 30.7475923696 30.6787177699 30.8193632215 31.1420455019 31.0149335763 30.8417192802 30.8035926144 31.1593223614 31.098999335 30.6708892326 30.8983567919 30.950548873 30.9657688612 30.7411648231 30.5960950148 30.713120883 30.7543113312 30.5967311023 30.5798064645 30.8633920654 31.0459031807 31.1302973492 31.0954521083 30.6383030581 31.2019127813 30.5847634708 30.7549475123 30.9864691628 31.1991182183 30.8785675876
0 0 0 0 0 0 0 0 0 0 0 0 0 0 30.9961528675 30.7092367326 31.0655476752 31.1641758792 30.9878370269 30.7135701029 30.8105973415 30.8361421691 31.0547659336 31.1475902552 30.9219571365 31.1836448685 31.1472713718 31.1193960918 30.6021014249 31.0557100093 30.5328993273 31.0748835045 30.6242248791 31.060241545 31.0752750069 30.549805826 31.1426070166 30.9101514367 30.9726541997 30.985844595 30.6804860682 30.8925081774 30.637366236 30.7533938358 31.0476235945 30.5345748542 30.5142547463 30.7096388767 31.0892453906 30.5032219451 30.5750772741 30.7292595293 30.9638652059 31.0574372648 30.9310838065 31.2003749703 30.5022353577
0 0 0 0 0 0 0 0 0 0 0 0 0 0 30.7743709452 30.8146146728 30.5329176531 31.0047343584 31.1638963271 31.1540870438 31.1733780327 31.1808285371 30.5036866372 31.0211159722 31.1027129499 30.8344438407 31.0752439786 30.6952113796 30.7703141772 31.1828327008 30.5071640098 30.8001712052 30.543835263 30.505306858 30.5170734908 30.7424927158 30.765799284 30.6321552685 31.1046707243 30.5669832753 30.7092259172 30.9832802551 30.5499988315 31.0360986801 30.7678417126 31.0712356689 30.9226496895 30.649819444 30.9894057148 30.8066282348 31.2057775595 30.9247798055 31.1011807682 30.5561918264 30.5779206666 30.5536450284 30.6269566712
0 0 0 0 0 0 0 0 0 0 0 0 0 0 30.9838832592 30.502060532 30.6777027363 31.1740490854 30.9916005905 31.0557497314 30.9205117177 30.5612542408 30.7945803983 31.0494409069 30.9458426258 31.0928392149 30.9999552292 30.5953486074 30.5463760578 31.0169502567 30.8620742501 30.9805884293 30.884807914 30.8918003612 30.6242698423 30.8373138745 30.5038621232 31.1067021629 30.9444458829 30.8117179661 31.1552583985 30.7859433325 30.7484243183 30.6138481898 30.9463995725 30.9911633023 30.5179479103 31.008051697 30.9105236327 31.0973832756 30.6689510242 30.7560345273 30.8511460407 31.1722578557 31.004627728 31.0371473601 31.0284853952
0 0 0 0 0 0 0 0 0 0 0 0 0 0 30.8959069244 30.6617771177 30.7560235955 30.6929934275 30.997806605 30.556312479 31.1917901534 30.6602147663 30.9949508933 30.5051966618 31.1079993955 30.9473710219 31.1399478043 30.7605748415 31.0706736292 30.8954691121 30.9722230635 30.7844696033 30.9165242943 30.9202949658 30.6131265829 31.1536411483 30.7096553306 31.1430069641 30.8360795563 30.8945083468 30.8100867512 31.0144881102 30.993265925 30.8753735746 31.1238005652 30.8939287223 30.8133257241 30.8740442174 30.5221029584 30.509585944 30.6976848358 31.1316134652 30.5189090142 30.8930424695 30.9820594637 31.0399036532 30.9339874517
0 0 0 0 0 0 0 0 0 0 0 0 0 0 30.5701634394 30.9784952963 30.811911596 30.9237547728 30.6957732633 31.1624754374 30.6387627359 31.113435355 30.9621124424 30.8955359319 30.9701629696 30.571526871 30.9933718006 31.1762670234 30.50893601 30.5134512625 31.0342212923 30.9527202675 30.763460455 30.8983940733 31.0818968402 31.1743985389 31.1955050741 30.9134014576 30.5737620297 30.8562186326 31.0128733759 31.1248087324 30.6903092339 30.5867062036 30.5274772373 31.1372899149 30.9961297349 30.9604388158 30.7384513292 31.1722531224 31.0853088374 31.0072851754 30.6870181105 30.7931025121 30.635371183 30.6112508608 30.5548089337
0 0 0 0 0 0 0 0 0 0 0 0 0 0 0 31.0860589724 30.8583020286 30.5232862424 30.6268246198 30.5731050308 31.0619667836 30.743462395 30.8526025366 30.6533813196 30.5600730164 31.2027679315 31.0206572495 30.7436195941 30.9157416609 31.0551464533 30.943675903 31.0723788897 30.7485678351 30.7725069153 30.5166256713 31.1671172484 30.7183570907 30.7149085425 31.0469563073 30.7732660147 30.5495116193 31.1341504491 31.1626671319 31.0708450699 31.1357335168 30.6672952613 30.6195470858 30.5365616997 30.5165600924 30.8007918571 31.0626098075 30.6883847969 30.5387462531 30.5687972513 30.9369509606 30.5330286802 30.8567396761
0 0 0 0 0 0 0 0 0 0 0 0 0 0 0 0 30.9598720188 30.9569922002 31.0693496306 30.9752816716 30.6499414921 30.8170730772 30.9051292745 31.005236022 30.6671214104 30.8980614069 31.0096652481 30.6868195954 30.6126320313 31.1730708503 31.0737116347 30.6247153245 31.1208481273 31.0418380642 30.8611471821 30.539587405 30.8236029643 31.1636503935 30.6054177954 30.6770657344 30.5192517777 31.1448950387 30.569948316 30.9464138342 30.7439617426 30.7189523746 30.5706334258 31.0711361469 31.1200180005 31.0984760517 30.8799552823 31.0424159652 30.7487864823 31.0313277278 30.5411198713 30.5498708255 30.877182361
0 0 0 0 0 0 0 0 0 0 0 0 0 0 0 69.7571762143 69.7571762143 31.023768692 30.8890946158 31.134353231 30.9789589326 30.593621667 30.7559071255 30.8679906848 31.0468896165 31.0460079076 31.009532383 30.7077498275 31.0818622059 31.0320416317 31.1646831863 31.1458777046 31.0056616811 31.034287948 30.9799716795 31.1343793754 30.8742232627 31.0864711061 31.0963179213 31.0857611293 31.0684479915 31.1904039305 30.8223758192 30.659442112 30.8441128169 31.0092719307 30.9444476787 31.0824760116 31.0958150918 31.1131420916 30.6703833818 30.6305583447 30.7808180536 30.85604566 30.695343699 30.9431356348 30.6339060606
0 0 0 0 0 0 0 0 0 0 0 0 0 0 71.1128159093 71.1128159093 69.7571762143 0 30.873911872 30.8916195779 30.9698568721 30.6190334698 30.7472049271 30.6141790887 30.560433462 30.7027279207 30.9512335325 30.6137866705 30.800503799 30.5841351208 30.5352034244 30.689639067 30.8941856427 30.8398807353 30.5621111023 30.7578337876 31.2056363368 31.0196899915 30.5670866759 30.8189372125 31.1260660054 30.6683327012 30.7128695938 30.8802479929 31.0933131306 30.9876113328 30.9752858619 30.5780875156 31.0408787701 30.9782703873 31.0659442191 30.6625559928 30.7336940274 30.9938160218 30.7832010116 30.8245134424 31.1331167593
0 0 0 0 0 0 0 0 0 0 0 0 0 0 71.1128159093 71.1128159093 0 0 0 30.9569251891 30.8963178821 31.0669643895 31.1183560306 30.8827229638 30.830527266 30.5412228833 30.8796068887 30.895163045 31.1907167779 30.9546839263 31.2055351807 31.0519924763 30.648905173 31.0077980585 30.6886033784 30.7997592204 30.7916531378 30.8287184208 30.9356720843 31.2020505987 30.8301048866 30.5491014715 30.5221524434 30.6992740766 31.2062166414 30.9583245206 30.6707192294 30.6983024337 30.8769913572 30.5013356078 31.0873525656 31.0759150015 31.0238389063 30.9250277407 31.1304222115 30.514246164 31.2066989046
0 0 0 0 0 0 0 0 0 0 0 0 0 0 0 0 0 0 0 30.558997529 30.6025943186 30.5104593577 30.982313334 31.0936951601 30.672357302 31.0966330755 31.0284883682 31.1160121124 31.0696449004 30.6631745712 31.0523565674 30.5173491386 30.5275597128 30.9527167336 31.1527026048 30.5891563434 31.0033979247 31.0118752506 30.8212406346 30.6927673435 30.8635032767 31.1262985925 30.9808417321 30.770783825 30.9126817615 31.0765375096 31.0473453012 30.6239989248 30.8869789564 30.9501173965 31.1139653363 31.0891169592 30.7789417415 30.7394490307 30.5114515232 30.9538341013 30.966871415
0 0 0 0 0 0 0 0 0 0 0 0 0 0 0 0 0 0 0 0 30.7814447952 31.1282347127 30.6937421341 31.1104829617 30.8322198901 30.8857179187 30.8704542006 30.6178062356 30.7600573637 30.5466297912 30.7931086726 31.0131244264 30.5123229785 30.7113541498 30.8953329754 30.5839686092 31.0579365875 30.9601942045 30.9843978207 30.7356891887 30.8610434578 31.0669588534 30.5534943829 30.8213922507 31.1360703171 30.6906109429 30.9507476432 30.9479130457 30.5456033308 30.5283251552 30.6511456083 30.600433173 30.7548939838 30.8727401481 30.9466647045 30.7878744525 30.8356001863
0 0 0 0 0 0 0 0 0 0 0 0 0 0 0 0 0 0 0 0 0 0 30.5965521022 31.0232110854 31.1304785835 30.5910607867 31.1348162341 30.528194594 31.1506158773 30.563946548 30.8564690477 31.0355496142 31.0268140845 30.5724540436 31.1152049902 30.789929919 31.031933905 31.0129671367 31.1775376535 30.626838719 30.8471909907 30.7819390639 30.7170998997 31.018821776 30.5043125379 30.8647813285 30.7996271383 30.8993066221 30.9920339585 31.1847747643 31.14997965 30.7287998228 31.0564792725 30.9253546664 31.1950400012 31.0778919016 30.7386668877
0 0 0 0 0 0 0 0 0 0 0 0 0 0 0 0 0 0 0 0 0 0 31.1682312722 30.9455123368 30.9235795419 30.6347523733 30.9546710406 31.140741427 31.0078144389 30.5503948247 30.670664247 30.6048148133 30.9670576944 30.9838838229 31.1320205361 31.1205169134 30.5193333602 30.9818466493 30.8258759477 30.7356923807 30.6793656919 30.8544373916 30.5382073954 30.763773936 30.6038792043 30.909262304 30.5360410304 30.5081641124 30.6431787766 31.1379122128 30.5856236605 30.6100196702 30.5219370103 30.9522710071 31.1129371667 30.6389784932 30.7493058691
0 0 0 0 0 0 0 0 0 0 0 0 0 0 0 0 0 0 0 0 0 30.7506525636 30.6269074166 31.054479008 31.1471650364 31.0717700794 30.5720229955 31.0076865537 30.8942154735 31.0603357443 31.0892312479 30.9325511656 31.0215642532 31.1798931216 30.5362551262 31.1408403197 30.9999737206 30.6781949174 30.6612349923 30.6293239147 30.5803479087 31.1688478649 31.034940075 30.9532096459 30.5578904224 31.1609602295 30.9540607004 30.5391405914 30.9251414731 31.0767115978 30.778455618 31.1523403198 30.7616095558 30.8515276469 31.041242962 31.0624290739 30.9833669327
0 0 0 0 0 0 0 0 0 0 0 0 0 0 0 0 0 0 0 0 30.9949808147 30.5366796949 31.0832879298 30.663828897 31.0275313202 30.8828373234 31.0191019822 30.8579268158 30.733629021 30.5408473294 31.1097384328 31.1628890054 30.902970323 30.5552095576 30.5429212707 30.5041101007 30.9041397488 30.9859347559 30.9226941173 30.6713284247 30.793343184 30.6642865822 31.1035595049 30.7830305901 30.9684340116 30.9882856383 30.9918107278 30.5171957462 30.9598400889 30.6459295943 31.0088828699 30.6427957702 30.8480597726 30.6174415234 30.8474661357 30.8851535868 31.0736886046
0 0 0 0 0 0 0 0 0 0 0 0 0 0 0 0 0 0 0 30.9403122393 30.6728248781 30.8144321727 31.1574872468 30.6549687586 30.7095228601 30.6857167621 30.6593736225 30.624240309 30.9233635038 30.7708595328 31.0530728344 31.0490567637 30.7325658755 30.6551317975 31.152009711 30.5803008989 31.1855418864 30.6197182021 30.8676633082 31.1168238345 30.8376781797 30.7331301867 31.1366121706 30.9518738473 30.7148631101 30.528703209 30.9545643089 31.030054775 30.5248534226 31.017189507 31.1474379583 31.0390160558 31.1013987592 30.6878354747 30.8341453351 31.1734593779 30.8536250831
0 0 0 0 0 0 0 0 0 0 0 0 0 0 0 0 0 0 0 0 30.8666680697 30.8292926893 30.5728692959 30.8696623772 30.5823405089 31.0903689591 31.1030778459 31.1465271746 30.7312641447 30.7279977218 31.0465562781 30.723042213 31.1446571267 31.078261666 31.1533886574 30.6691196595 30.8052639004 30.8642351957 30.8148751534 30.7664491284 31.1535015519 31.0809509473 30.6162640525 31.1922957767 30.9896404828 31.0979610739 31.0158978751 31.0729523541 30.7335859123 30.9195125016 31.137577814 31.0908811431 30.5420073176 30.713419663 31.1756010408 30.7779629919 31.0425589174
0 0 0 0 0 0 0 0 0 0 0 0 0 0 0 0 0 0 0 0 0 30.520286094 31.0771842474 30.9691676362 30.997270862 30.6463764249 30.7371671531 31.0670104936 30.5660716249 30.793712975 31.0747447581 31.0282811631 31.1565177703 31.1944346486 30.7433390402 30.535194367 30.954336274 30.7035277888 31.1815125377 30.9089069652 30.7125273769 30.7636820479 30.9838353421 30.5873937263 31.0666135819 30.5000009788 30.6052336678 31.0480374365 31.1377256159 30.7411868673 31.0686289513 31.1344520709 30.7689935809 30.662183632 30.8159515466 31.0589157984 30.5665559109
0 0 0 0 0 0 0 0 0 0 0 0 0 0 0 0 0 0 0 0 0 0 0 31.0327315663 31.1992171737 31.0709245057 31.1786696192 30.8415401329 30.6245391206 30.6997632217 30.6200480153 30.6394591536 31.1354435592 31.103618457 30.5036571326 30.8094469336 30.8026724175 30.7301794999 30.5053695638 30.5391583064 30.6012310137 31.0595269478 30.5427096465 30.6089721195 31.0410945471 30.8554240121 30.9250792519 31.0469888058 30.9225656303 31.0691494024 30.9587309743 30.796638971 30.5982388942 30.9124219071 31.1047024614 30.9306025367 30.8790143585
0 0 0 0 0 0 0 0 0 0 0 0 0 0 0 0 0 0 0 0 0 0 0 0 0 31.1841575264 30.5480864725 30.8654694943 30.9270343876 30.5705403205 31.1164831863 30.697464167 31.1456145401 30.5821775164 30.6689826484 31.097007459 30.941668751 31.1790072198 31.1780606256 31.0351018345 30.6464361 30.9470883169 31.205309564 30.5537308054 30.8025068662 30.9249549921 30.5597065658 30.5064545534 30.6799508242 31.1761851121 30.5115487088 31.1612894563 30.9986593766 30.7042264917 31.1773619342 30.9574584568 30.6685854052
0 0 0 0 0 0 0 0 0 0 0 0 0 0 0 0 0 0 0 0 0 0 0 0 0 0 30.5589686078 31.1364141016 30.8522113329 30.7550745363 31.1647620714 30.5033869966 31.206129508 30.7447750199 30.7628551229 30.694991043 30.8371273714 30.6914433111 31.0092312739 30.7080576816 30.9663022349 31.0230544976 30.5081239453 30.8255656314 30.9754078546 30.8570991815 30.7977864225 30.5577959521 30.7485753608 30.6257744961 30.9076801144 31.0779918677 30.7781688164 31.1520602128 30.6486532902 30.5113500583 30.7234908016
