Spatial_Output/DEC/DEC_0327.asc
NCOLS 155
NROWS 192
XLLCORNER 196307.867259
YLLCORNER 449144.565805
CELLSIZE 33.573938
NODATA_VALUE NaN
[rows 78 to 103 of 192, columns 57 to 113 of 155]
37.2493662068 36.3721785627 36.3144789518 36.828221619 36.2310528202 36.0889572468 37.1308715006 36.9877346272 36.2274594728 36.1991131913 37.0848572566 36.1930842223 36.1379382119 37.0054023963 37.0033239716 36.3713817039 36.3056143373 37.110120309 36.319692695 36.0269967552 36.1605180407 36.3328866132 36.6490119046 36.1720865478 37.1599994323 36.285511035 37.2481622135 36.273519384 36.1076698027 36.6648583298 36.7044103306 36.8402620937 37.1756511217 36.5521973241 36.0219270968 36.3532927841 37.1323182836 36.9104643862 36.522912194 36.605390277 36.9175032376 36.7072454574 37.0447170553 36.4757404041 36.6813501168 36.173076309 37.0283493934 36.4613689736 36.9429539149 36.0985203976 36.3374064968 36.8444695536 36.1231293968 36.018210473 36.7090527518 36.2814555623 36.9982008561
36.0282081464 37.1738892973 37.3090084788 37.2477443148 36.6707957889 36.2962830814 36.4020945642 36.2138631606 37.2546298635 36.7222297427 36.7701114045 36.7087159531 36.2681075076 36.4656358807 37.0421289374 36.8318401271 37.2334805606 37.3755899237 36.4740015913 36.5232295235 37.244672964 36.0084081068 37.2142589704 36.3681913713 36.559403159 36.2066797515 36.7874555825 37.0631732265 36.7271121373 36.296320101 36.2477137329 36.2074452192 36.276470523 37.0317967122 36.8059825314 36.1280090865 36.3803391363 36.7145022813 36.2493000856 36.7158780636 37.3029366689 36.3136684782 37.2601434198 36.8779257036 36.5903308732 36.5495665453 37.3992721354 36.752407066 36.467421248 37.2351121788 36.5960753276 36.3681668392 36.3571873827 36.8318420468 37.3536889574 36.6841651757 36.8125166127
37.0406706498 36.289362109 36.3921093894 37.2110231531 37.3717171953 37.0206806861 36.6209392509 37.2079667138 36.7435710311 37.0751948949 37.2224797409 36.5593061156 36.7868248027 36.3940383463 36.5336803636 36.9430439057 36.3556767073 36.1701333879 37.2803647899 37.1280175773 36.2350489506 36.612936823 36.4806608088 36.7377072248 37.079510953 36.817104548 36.1823242921 37.1802821346 36.2056737844 37.1635016365 36.5009244632 36.4474962538 36.6015572998 36.2278922253 36.1671072238 36.5833759352 36.6070835586 36.6062417652 36.9036380941 36.898055529 36.0977447512 36.9067941379 37.1935886463 36.5014736508 36.951629178 36.7156120468 36.7598570931 36.6364645152 36.8538391552 36.4969335819 36.3059519298 36.12209081 36.2881377224 37.0220809039 36.8292547312 37.2250351016 37.334173402
36.0031509398 37.1979231699 36.853261833 36.175074291 36.3348743913 36.8367285905 36.7782707858 37.0697371352 36.4624349321 36.9818737066 37.28863199 36.1203650125 36.9959729083 36.7184766934 37.2508719489 36.6997116692 36.2602238561 37.0322879618 36.7471836633 36.4722098669 36.918856524 37.1183718761 37.2842262546 36.9805614056 36.9453357277 36.0224862655 37.2885085202 36.7901126174 36.3839939894 36.7678737375 36.5416148077 36.6478501882 37.1221972307 36.0750382832 36.7292076429 36.9150310279 36.1769595828 36.5994483871 37.0663205969 36.7461556416 36.1015011072 36.5617761258 37.3019638218 36.0092509233 36.0567380992 36.7782279184 37.1457071259 36.545195158 37.1611655777 36.2219544961 37.3720606055 36.4807000281 36.2432131106 36.8640464791 36.6474966652 36.186445763 36.5716974632
36.681389952 36.8671503913 37.2476701313 37.0075869635 36.9647696105 36.2101386107 37.3433598078 36.7611893016 36.0857877582 36.3497718591 37.1356991624 36.0626314913 37.0137885028 36.7339577006 36.9872469912 36.5679897567 36.4676561383 37.0995658024 37.1350945266 37.1131953607 37.4118640609 36.9309369373 37.3942083843 36.1655352128 36.3079830806 36.7357077691 36.6366441803 36.2642296371 36.7564219584 36.8883863311 37.2894952268 36.744128854 36.4756448988 36.2888317998 37.1473275442 37.3825793688 37.0777071114 36.0469389526 36.9066783215 36.4100801517 37.1260275257 36.1029386255 36.1160165576 36.5978824367 37.090103613 36.0235490863 36.8847261039 36.7650509393 37.3353618656 37.3557377203 36.1106251896 37.2891821121 36.5081129428 36.5066977316 36.6778952072 37.3324777563 36.7492377452
37.1826754651 37.3469445198 36.5937629655 37.0296532877 36.4875638947 36.1819585774 36.1464584769 36.2640209501 37.020713106 36.0857644151 36.3804572866 37.1402002982 37.3185066712 37.2812471019 36.7094184292 36.4400445456 36.3625510868 37.3145801308 36.7505852216 36.5605713512 36.8872936045 37.2146551486 36.575321295 36.6182806113 36.1152546325 37.2745412089 36.3745200729 36.4410719981 36.6153493494 36.3346806896 36.8508102573 36.1631930619 36.060883813 37.1488832601 36.052946723 36.3749060096 37.1592315179 36.449973655 36.4021185467 36.6857595596 37.058335234 36.7529022246 36.9810931363 37.3503760803 36.9776790719 36.7982651576 36.8355928154 36.8273346703 37.0152907945 37.2534882602 37.003819156 36.0906916355 37.2412445117 37.1504474926 36.7405451701 36.9035796322 36.6979590927
36.8616096528 36.5849380149 36.7022619234 36.5110052253 36.9378104334 36.7420384194 36.6838322103 37.2567177554 36.002729375 37.0608201372 36.3987937178 37.2110014694 36.5270834972 37.1704035582 36.0962785557 37.0529282681 37.3115724148 36.8212051235 36.8306851188 36.3335076502 37.4124664585 37.3114026957 37.3441464241 36.81124384 37.2769284088 36.75255765 36.8880358154 36.086873316 36.7332265562 36.8073108227 36.7155478526 36.7147250409 37.3786763183 36.576725295 36.742682435 36.8336069034 36.9309833678 36.299337904 37.0636810424 37.3086244938 36.7942038024 37.0836438066 36.4429831378 36.4974857781 36.5603515505 37.1218298273 37.3234601065 36.8704457158 36.9530904115 37.022440813 36.3020970535 36.0392941814 36.0780527721 36.9458797888 36.8041662245 37.1427706336 36.0753031607
37.174700947 37.2541944872 37.0947583042 36.6491625165 36.1475672958 37.0574465788 36.0123248335 36.8555801609 37.3444444049 36.7021313486 36.8812870529 36.7848386475 36.8347977703 36.7891271396 37.3717618514 36.3642539112 36.4297437215 36.678500467 37.2189734404 36.927620312 36.0182335839 36.3511275287 36.0497527158 36.4861109607 36.5145671428 36.5398396179 36.4632581083 36.6273209119 37.3549826136 37.1684615079 37.1084839847 37.1477484267 37.2087860508 37.3355955998 36.99452169 36.5197983339 36.5771361356 36.4371052555 36.8004642204 36.4571093639 36.7989239635 36.6820535161 36.5205292173 36.6700446388 36.5737100078 36.9128307273 37.1479360852 36.6332366452 36.6588815641 36.6536593455 36.0573671356 36.5988087323 36.2093042402 37.054185886 36.8177191989 36.3798036942 36.4709663259
37.077388018 36.3277563633 36.9567194144 37.3016287107 37.3248298655 36.1852043897 37.2386176139 36.3339360532 37.3311874947 36.3887365621 37.354633813 36.0402736935 36.1403825808 37.3936635077 36.8065941411 36.951075583 37.2978596659 36.9189097182 36.7341559763 36.1038760635 36.9050422427 36.8526633282 36.2850814895 37.1730907186 37.3293383607 36.5727619983 36.8908908753 36.2097960144 36.8145107163 36.044437145 36.4847008262 36.645228797 37.303515475 36.9391776564 36.943646021 36.3082025044 37.2755866967 36.7588201197 36.4154835326 36.4434597524 36.862859066 36.5062944883 37.3229729902 36.5601199397 36.0249173431 36.4348221245 36.0288388696 36.4134527582 36.3877614394 36.11874151 36.1944320847 37.0860044877 36.1645281893 36.2157879519 36.8064293083 37.019664711 36.4031810752
36.3472055957 37.3788852353 37.1024156637 36.1553515136 36.2519940255 36.2888273366 37.1712070848 36.6394029213 37.1133211504 36.4669053519 37.3755291544 37.1098554452 36.3770655995 36.991013951 37.0457176627 36.1698747626 37.1826944788 36.0340982562 36.1709180379 36.2097931128 37.1879083813 36.104260589 36.1788241192 36.5503981357 37.0443066099 36.6677996995 36.428793322 37.3618335589 36.8467620227 36.0444187471 36.9735634648 36.5640023664 36.7232239645 37.3035298016 36.0998710655 37.0420431624 36.1478567745 36.632572509 36.0841745991 36.5837736619 37.4095830653 36.6907016516 36.1775387543 37.1526243769 36.2113078972 37.1473492525 36.4549054926 36.453646759 36.6887944681 36.5216217057 36.4065636534 36.1037041761 37.402702923 36.0377447415 36.4389501627 37.3128411924 37.3181165471
37.2995492528 37.2686509514 36.6167040058 36.2572364297 37.2736149023 37.2006059273 36.1956908576 36.1265301891 36.9469305462 36.9501678357 37.2726970406 36.6145460329 37.2662501529 37.2305968286 37.2878218336 36.3852219831 37.3498871673 36.4353900513 37.3599515769 36.3251908429 36.5647735517 36.7594837929 36.4038373805 36.7363938023 37.2776242061 36.7690711673 36.2502311736 37.374756602 37.0704008728 36.6661171306 36.0099635724 37.0085310395 37.316330151 36.9405384827 36.892723397 36.191774106 36.5092114032 37.1704594677 37.1598511037 36.5068786255 36.8804806949 36.781223874 37.3263031759 37.3886769686 36.6310452034 36.4362196366 36.6016085252 36.0071571987 37.0941904869 36.6091312355 36.6962267555 36.4766633236 36.8018437958 37.1588791652 37.1355149717 36.2198376824 37.232819006
36.4166840382 36.9139308273 37.4052557492 36.115997268 36.7951596933 37.1860713365 36.6521445563 36.9957869853 36.3904523045 37.1508613821 36.2470327968 37.347324836 36.962930596 37.1344378249 37.0427692266 36.20792333 36.4505297617 37.3732397624 36.9943143346 36.313681711 36.6222481615 37.3868175691 36.5617782792 36.2908688884 36.794557234 36.2735773823 36.1789960738 37.3027714129 37.2180711262 37.1922510196 37.2619844494 36.0209057946 36.3846247642 36.1945047519 36.983442588 36.4197380029 36.7254717216 37.2282962266 37.0617809403 36.5926243283 36.9352951635 36.9092886809 36.7210965524 37.1498323846 36.9227536811 37.0645763303 37.1460868399 36.6781583393 36.0121204899 36.9335571523 37.3709728836 36.3721051932 36.8643880113 37.2979622925 36.7216587369 36.1470271467 37.3741084001
36.7164475731 36.0032533692 37.2544660978 36.2342892732 36.6069613351 36.5148874022 36.1730773815 36.6701349939 36.4786296689 37.0615527238 37.3502623761 36.372928951 37.3582406287 37.3874011759 37.0159765664 36.7096338395 36.274336202 36.2558544913 36.1183978248 36.0378598746 36.2843100649 36.3108997045 36.3686594134 37.1083296386 37.3939609101 37.0265104461 36.2171311836 36.8422222144 36.0699942797 37.051425596 36.7344876845 36.9858566932 36.0958415157 37.1975864468 36.9815102593 37.0755167177 37.0076075251 36.8119490463 36.9409797001 36.7751081558 37.0343321703 36.0344127697 36.1847325288 36.7368410022 36.8839471678 37.1994854448 36.9056773586 37.4020906872 36.9400679996 36.9779612776 36.2477152332 36.7441872807 36.4233113748 37.0660169276 37.0234203681 36.1357903918 37.328121922
36.3442781262 37.0153474667 36.249572468 36.4932030079 36.9468817433 37.2228930744 36.4251320279 37.2909754142 36.1572345408 36.0462462259 36.9480943006 36.0076715787 36.1824737194 36.7512303035 37.1097271057 36.9068824386 36.5908195031 36.1013854556 37.3696287236 36.1761312148 36.8760178787 36.0448218904 37.1326965199 36.0639802145 37.1596961766 36.8311487281 36.2553213252 36.1309626705 36.1005616912 36.9168488829 37.1089516392 37.2043075218 36.5349531924 36.1195856147 36.5540179673 36.5695132622 36.0626093666 36.4153837437 36.8767120461 36.1915483996 36.6882561779 36.6535116432 36.3334584557 36.8811341141 36.6747152326 36.0211800567 36.6386255805 36.9835358529 37.3842326691 37.3339606684 36.4164507699 37.4054744281 37.1096537592 36.4287492511 36.9936505021 36.5699233421 36.2366569072
36.4352024632 36.268398483 37.3286300054 36.5383887282 36.7146415227 37.3534831358 36.689390916 37.2886061415 37.2090960833 36.3930819368 36.381018358 36.6070268543 37.1580650667 37.196480643 37.0277255047 36.232192334 36.440501839 36.2780866965 37.2194595245 37.0144642239 36.848334178 36.1483428405 37.332918923 37.1882182799 37.0818284197 36.6197056507 37.2779000632 36.4930618614 36.7152088697 37.1715406657 36.332817902 37.3779265331 36.5343357574 36.9606305259 36.3570308214 36.4750831533 36.6276078694 36.7338059 36.3017941491 36.2823497983 36.2042255424 37.2371784021 37.391286362 37.3141269064 37.1345397816 36.3820592203 37.3134505483 36.4969883602 36.2932076854 36.2845296535 36.1822848004 36.061329567 37.3372853828 36.4830941369 36.6746573311 36.4184894917 37.3312714182
36.4412760955 36.3798406287 36.4149866765 36.8443343586 37.0854576701 36.2891758056 36.4514370735 37.0750463985 36.6549377554 37.2560687371 37.2780979345 36.321490537 36.2106689019 36.0611869276 37.2025346738 36.5820066517 36.0616340472 36.3735424514 37.0281521819 36.5869900643 37.322355772 36.5772903484 37.2722651319 36.8906472319 36.8962894865 37.3065597722 36.9912410493 36.6693384619 36.1467299245 36.3958608581 36.4591237457 36.9602495558 37.3946100873 37.154694419 37.3529889284 37.3404207827 37.0562019838 36.2957008279 36.5394859075 36.9724556397 36.2553214299 37.3822350913 37.1731694744 36.1000222758 36.0912605528 37.2515892865 36.1250743701 36.4526357194 36.7431988699 37.1837625073 37.007707705 37.0974811345 36.0126667554 36.5771843798 36.9758521168 36.0377525805 36.6331756113
36.2579065565 36.2381897768 36.2931579565 36.416721538 36.1993798063 36.0381197811 36.0998352562 36.7042039874 37.1979913532 36.757014521 36.1975902568 37.1729835331 37.3252862172 36.10330784 36.546744259 37.168004782 36.7284421958 36.2982795966 37.2325786844 37.0269074887 36.1034181702 37.1424500776 36.3657065401 36.8867222674 36.7421276851 37.3801408785 36.6066909244 36.6161934369 37.1503731894 36.4969726682 37.1279498587 36.7485539455 37.1205908366 37.3555091816 37.2721591102 36.9684783556 37.2341011427 36.4727067913 36.7222694671 36.5101933907 36.1713369127 36.2251242854 36.3703531915 37.001063373 36.7257974365 37.2976921788 36.9063955993 36.9501577975 36.1285076607 36.6884712069 36.373843593 36.9994293928 36.4158507388 36.4498947196 36.5755401078 37.1313154032 36.5428897821
36.4300761032 37.0589041454 36.3306169864 36.9447577199 36.0537818018 36.3109976085 36.57237702 36.1112440963 36.6876151054 37.0189530561 36.3953127357 37.2531181324 36.0362598889 36.2600944859 36.2049596826 37.0193573716 37.109622562 36.728399889 36.8397392409 36.2817707448 36.4691954235 36.4293761268 36.0342237532 36.7838092161 36.7077907951 36.4930930353 37.1849918284 36.8576578245 37.1400101888 37.3841370947 36.9080608753 36.8957044553 36.040734166 36.2206952344 37.3182643466 37.3974929654 37.1346376676 36.4548650805 36.8249630983 36.3193742187 36.7509817974 37.3548095223 37.2677967863 36.6789130518 36.0068363177 37.3935703388 36.4584380745 36.829884636 36.2335351502 36.5812782619 36.7953963998 36.0658886443 36.5718664942 36.4465786071 36.8307814927 36.1574306715 36.2243642759
37.0924524488 36.6664692477 36.4334099224 37.2747108212 36.2250382528 37.2627724252 37.295883424 36.1796004856 37.3357588177 37.0881937254 36.6746529192 37.0529543774 37.2229281046 37.2571339959 37.2021595135 36.9338997215 36.3337725649 36.5317269515 36.7934671891 36.7558949976 36.7544886513 37.1624906384 37.3467252334 36.2028771291 36.0260133972 36.2514208091 37.1503985255 36.4273091281 36.3983938977 37.0640805489 36.2434222173 37.144798714 36.4126470574 36.0242609037 36.11306508 36.8714815633 36.6853433543 36.4988301336 36.3738205465 36.060336043 37.2787456416 36.3729733746 37.3920571178 36.7542675791 36.2916397217 36.7998780543 37.1934028398 37.1014893899 36.6165368011 36.3734424253 36.2276511539 36.6253798307 36.5230749832 36.4518279981 36.2288607296 36.3543560123 36.8494717879
37.3697796367 37.3709737096 36.7866057383 36.9764964756 36.2785255953 36.9469095084 36.5554207969 36.5327417581 37.3591802925 36.829549249 36.2661908089 36.6563613152 36.2279704443 36.7340786752 37.0086429237 37.0570022498 37.2498485446 36.3138457266 37.3546940704 37.3179179528 36.9574279155 36.5298296001 37.3262257069 37.3290869 36.0235871173 36.3837847865 37.3538423499 36.2950038373 37.2620700539 36.0866837046 36.9567909766 37.0469858831 36.1128646725 37.1201193629 36.7678521155 37.0153681352 36.4544326544 37.3609539245 37.3999927066 36.6951800618 37.2698066579 36.3793315828 37.3072449382 36.3223992178 36.0326732151 36.9042415783 36.9500959062 36.2215387957 37.1832984972 36.0905535873 36.221682276 36.0015503081 36.8197521529 36.3409344456 36.9483982012 36.6596035016 36.4443222307
37.257332324 37.1448692535 36.2872162634 37.1953267209 36.9115074956 36.1494876656 36.2765395072 37.0232268329 36.1093750498 36.0331654358 36.6812783261 36.6413008562 37.1625630287 36.1679653784 36.3246899312 37.2583355027 36.5488004022 36.048548689 37.330887126 37.0711634332 36.2579974061 37.1692028178 36.6208509324 36.0692982319 36.8070770328 36.3978623452 36.9251752625 36.5237182985 36.1851029314 37.0209213678 37.0810024534 36.8279838001 36.5408577597 36.01817982 37.3127641568 36.8314775817 37.1796771686 36.3336881848 36.9411055258 37.0987477656 36.4320875814 36.4212114005 36.1500423349 37.268124001 37.1055176868 37.0535110086 36.733124029 37.2192337401 36.4971081479 36.8856644033 36.4121390401 36.8497244524 36.9262171491 36.4370904685 37.3251954772 37.2607425726 36.7832698491
36.3201148127 36.4269220843 37.0696033911 37.3390952924 37.2860571174 37.0030234733 37.067214703 36.5594437157 36.3064646781 37.1902984962 36.9417333103 36.0981158272 36.1081336412 36.5462598912 36.4423485391 37.2907057767 37.2752720732 36.4579539103 36.4385323607 36.4862901002 36.8003290577 36.4298841045 37.0510014755 37.1130430227 37.0646435166 36.475640347 36.3342177736 36.4367508424 37.3451313054 37.1798322918 36.5235889322 36.505011673 36.0179841472 36.66139785 37.1661230815 36.6735557456 37.1468328129 36.2661529555 36.8525682652 36.6959620407 36.9063064716 37.3582105149 36.3579405122 36.696900879 36.7447362232 36.9643902715 36.8218646755 36.7217211248 37.209236966 36.4287810023 37.0691717044 37.2127251154 36.9375017301 36.1804894917 36.7747433265 37.2228781211 37.1315648682
36.7075171274 36.1859630622 37.0942644224 36.0881829552 37.379336849 36.680702766 37.2524138893 37.115460957 36.2784408588 36.941973062 36.648975888 36.9910578701 36.4027577935 37.2521173342 36.2925659601 36.6662615617 36.2987786504 36.7241715575 36.0561325684 36.2525931185 37.2057457616 36.912616159 37.0284068523 36.9019212593 36.2310540884 36.5116809999 36.4895833974 36.993964143 36.5180352035 37.2647780203 36.8264592854 37.3892576487 37.0642657762 36.542186705 37.0834643238 36.3074015856 36.3549955115 36.7301429977 37.1044658521 37.217328467 36.80521239 36.9401818862 37.2988009788 36.4905489839 36.594994873 36.3764403304 36.1342722649 36.7881693894 37.228406305 37.3095812493 36.863002307 37.4083907094 36.5438072044 36.3407674772 36.3349899273 37.244979321 36.7716558733
36.0871998582 36.8638303061 36.201045493 36.7100316367 36.6044916361 37.2392018278 36.4314479973 36.9037911312 37.2104618104 36.8918599571 36.9435565109 36.376154196 36.4673553814 36.2947721113 37.1152897229 36.815847979 37.2656675928 36.5681439014 36.2297744875 36.5818352493 36.4439235732 37.360730963 36.9349366716 36.8683897024 37.1676803359 36.3195270792 36.9023132436 36.927661107 36.4167927439 36.4139381185 36.0241617417 36.1027948125 36.6931788429 36.0076934526 36.968142652 36.0756873193 37.0450030897 37.0128160593 37.161730202 36.9653301166 37.1722770338 36.240407364 36.2571345356 36.8871936356 36.185698165 36.4214199765 36.7353383671 36.1291025275 36.2358644131 36.3921108622 36.4975946189 36.7938807745 36.2390797811 37.3602458331 36.5664709467 36.9598281439 37.1953248968
36.127359371 36.2799091836 36.4930364348 37.2952172238 36.755255249 37.3384241014 36.3738730893 36.46619792 36.1294200758 37.2308275377 37.1793995564 37.0059913403 36.0740866745 37.3660461345 36.7613901689 37.259497136 37.3192492788 36.9448353141 37.091458619 37.3234179478 36.5252711538 36.1987753522 36.0637790439 36.321640598 36.7323879165 36.6072014488 37.3479004086 36.3386388188 37.1076268475 36.2048719971 36.643732981 36.0780365484 37.2038223678 37.2272357313 37.4032680364 37.3421997058 36.2512533731 37.3205487664 37.1120838621 36.5403165157 36.5740592772 37.311514191 36.906575078 37.2450763554 36.8457831593 36.8529995724 36.1887272843 36.0688668178 36.099465242 36.4917348897 36.5053710293 36.0732869836 36.2793994728 36.4007260306 36.0884205118 36.924859566 36.7130255157
36.3178283457 36.7834123433 36.1362625174 36.7938875529 36.4489255354 36.2940333439 37.0498067727 36.8042100665 36.417270554 36.2294636845 36.0460618464 36.9495853742 36.7990867525 37.230914222 36.6727329788 36.2143288494 37.2289145469 36.9338289398 37.1732488197 37.0925647535 36.4540042739 36.165510441 36.2511413031 36.0843306773 36.1539054034 37.0237234922 36.3216252429 36.8547648065 37.2887111036 36.6273171216 36.1300850497 36.15576672 36.5362987126 36.7976015609 37.3484825 36.6734909196 37.0999339888 36.6628901092 36.3694736063 36.3540195982 36.4789219122 36.4024882202 36.7571173073 37.1095426744 36.5142883109 37.1124696194 36.9769981024 36.3913573899 36.1982003589 36.1471241047 36.7311364265 37.0902385787 37.4078060624 36.0233380872 36.4173563123 36.0251740422 37.2056235774
