Spatial_Output/DEC/DEC_0132.asc
NCOLS 155
NROWS 192
XLLCORNER 196307.867259
YLLCORNER 449144.565805
CELLSIZE 33.573938
NODATA_VALUE NaN
[rows 104 to 129 of 192, columns 57 to 113 of 155]
45.062277683 44.6695520134 44.8025738977 44.6203085219 44.6195129021 44.8984117751 44.757267554 45.1618653244 44.6242833649 45.0360682233 44.7929904905 45.1701523807 45.153233892 44.5858599115 44.6325198469 44.9300029926 44.7158210333 45.0426707325 44.9079838716 44.5529443097 44.9145878683 44.793213719 44.5862813217 44.7857019159 44.9037629478 44.6432268433 44.7896546313 44.9796563517 44.5409265187 45.0659126475 44.7497070519 44.9772108032 45.1268394705 44.8894015766 44.8011507997 44.99688434 44.9315747202 45.0807181958 44.9424029762 44.8809348611 44.7038323734 44.900288845 44.6339085291 44.990713463 44.6551426466 45.1738481533 45.0412591664 45.0887593879 44.5700044747 44.8028490859 45.0516817003 44.7415218697 45.066178761 45.1154028664 45.0060780054 44.7507048212 45.1122801093
45.1366475989 44.9441982137 44.6548003631 44.8323985588 44.794755361 45.0018308133 44.5501436497 44.8094522925 44.7658900519 44.706846474 45.1206455904 44.6183026354 44.9723707971 44.5709353963 45.1615099801 45.1748930805 44.998533648 44.6951475064 45.1315303137 44.9365566539 44.7196710894 45.0435180829 44.5113073473 44.843346364 44.7696234398 44.9469005149 44.6350690481 44.7768558427 45.1272850034 45.0781804479 44.795801516 44.7952279095 44.8874847609 44.9155769228 44.7730260295 44.9604769836 45.0633956452 45.014611089 44.5121152682 45.0983119559 44.5098526043 44.5797996515 44.8088269153 44.5472166306 44.8211399614 44.5212355358 45.192788241 44.7166549742 44.9761687303 45.0603061307 45.1269668827 44.9203093029 44.6849675637 45.0367657259 44.8346196508 45.0400018689 44.8587246091
44.6947062613 44.7796058601 45.1065784545 44.6259857614 45.1674357536 45.1633927474 44.5208505454 44.9515995325 44.8038418571 44.8777759164 45.0213569731 44.8660534335 44.9801319737 44.8923556647 44.9522743052 44.6174720942 44.6370605967 44.7943470031 45.136736543 44.8631644885 44.9595588285 45.0754099954 45.1680024651 44.5448773167 44.6734403818 44.8594013229 44.8837051935 45.0780159011 44.8374065393 44.5500770968 45.1524241337 44.705832661 44.8178011603 44.6341519897 45.1959781104 45.1576932381 45.0397447979 44.5943283053 45.0174279107 44.9383765765 44.6382129495 44.9793179944 44.9812916043 44.6499754678 44.6097143229 44.6467317494 45.2067894899 45.1013168136 44.9074694191 44.8861727466 44.5699564629 45.0245877885 45.1660434736 45.0997957521 44.8633761471 45.2061630202 44.5651221308
44.9659331076 44.5438080382 45.0068635269 44.8315971093 44.9460318549 44.8675212965 44.6241855791 44.7280806579 45.2066370823 44.590894349 44.8389900539 44.8469360812 44.8900267905 44.8974713151 44.9779570969 45.1080466039 44.629790524 44.5419433165 45.1299405514 44.5919138542 44.6671401468 45.1320867678 44.7190055103 45.1177677582 44.8846630142 44.5773795814 44.7734056318 44.8341022851 44.7022541848 44.5075540566 44.8460987099 44.997591378 45.0865213928 44.8205944659 44.9652095152 44.6530958234 44.9957670594 45.0299227811 44.5765710186 44.7869615592 44.5995018848 44.5106689424 44.6474999945 44.6624024913 44.5338380008 44.5040336476 44.8830667919 44.6045418869 44.6328175621 44.5268928474 44.6359246408 44.564373332 45.0796838763 44.9614464684 44.7800177139 44.9437065215 44.8899109835
44.8228543768 45.1310262708 45.0705213194 45.0182287425 44.9787417125 44.53463026 44.5217030425 45.0304851864 44.5674328648 45.1238842107 44.9778376425 44.5326907672 44.8947737466 44.7105846267 44.5830479429 44.9881741963 44.5456786394 44.5619706667 44.7182724615 45.0090667035 45.163374117 44.5003268256 44.9081372702 44.5936095887 44.9285608445 44.6662348123 44.9878086883 45.1033075076 44.5907887718 44.868851121 45.1832415884 44.9902494412 44.7842769856 44.78442216 44.9058144663 44.7553214492 45.0752041578 44.7806115211 44.8158986172 45.0731769403 45.1371571813 44.6729278507 44.6608450002 44.7765019244 44.7667588798 44.7255645409 44.9979525075 44.9214541249 44.6310147755 44.8646073377 44.8134542275 86.7696639867 86.7696639867 44.9878760113 44.8791513333 44.815139029 45.024250544
44.9390705256 45.0573091963 45.0704096561 44.6817337233 44.7363467602 45.1720050801 44.7301372371 45.0383056219 44.9813441834 44.7017073641 44.5504171197 44.7047584786 45.0286667962 44.7689115691 45.0220291602 45.072037804 44.9518212819 44.592747429 44.5637292797 44.8401651166 44.9830518715 45.1151821554 44.927995473 44.6019309949 45.0754667939 44.8937184051 45.0536963848 45.0447556725 44.7575316894 45.00782904 45.1095736857 44.5650221761 44.9549189775 45.0367919314 44.8130163037 44.9851337468 44.8656351806 44.8615017345 44.6440673766 44.8715041913 44.7968590414 44.7732503515 44.7752289966 44.7176011617 44.8162689077 44.6657834078 44.899475034 44.7891271789 44.6434493242 74.5800034109 86.7696639867 86.7696639867 86.7696639867 44.9645149199 44.893563312 44.9967338308 44.6460960716
45.1857874722 45.0548177889 44.8183977078 44.8721772909 45.0215062915 44.7195866527 44.6927526003 44.5359189426 44.6480903693 44.5823425116 44.9707877553 44.9114775794 45.0765926215 44.5658351799 44.5988141409 44.6565530639 44.7298686255 45.1892150451 45.1122582736 45.0417791749 44.717756687 44.8765154601 44.8335256042 45.1796518501 44.6177694093 44.5509563183 44.7607740116 44.9615129454 45.0225498064 44.5283380967 45.0093555713 44.7382963953 44.9122847326 44.9928983497 45.1020168257 44.5111416697 44.7520280286 44.7353740357 44.5935382264 45.1049998714 45.0870265662 45.005745176 45.0435550833 45.1104920013 44.6080616339 44.9232303724 45.1839134241 45.0110947241 44.8894038295 74.5800034109 45.1268183711 86.7696639867 86.7696639867 44.6543930877 44.6810490168 44.8433692174 45.2032126764
44.974264827 45.1352175857 44.8240909295 44.8821729788 45.0586082252 44.5700786378 45.0020755571 44.9666257444 44.8921771914 44.7417908053 73.8649738716 44.8051972469 44.5093099319 44.55914671 44.7382705082 45.1664293895 44.8302895273 45.0606293698 44.9299636274 44.6382304642 44.9969613187 44.8266501599 44.8624546255 45.1082149356 45.1192683643 44.5950662539 44.8112552028 44.7187107861 44.611767423 44.7600664178 44.7464688751 44.6080306485 44.6345074847 44.879150141 44.9927349341 45.099760472 44.7350883979 45.1951105305 44.6293994749 44.6752239556 44.8607422975 45.1378797185 44.8753240601 44.8581185211 45.0800547657 44.5684221664 45.0580511564 44.8119382014 44.8357544684 44.625736526 44.5405248262 45.1493634949 45.0372268363 44.6383095098 44.5625775474 45.0348851488 44.8347354351
45.0474278364 44.8426064618 44.6914416214 44.9445092831 45.1851131581 45.0811786236 44.9800279648 45.1359490687 44.8085122791 44.9084245511 44.9697845279 73.8649738716 44.7080201587 45.1655856407 44.6547503819 44.7036737618 44.6722135281 45.1472433804 44.6847191678 45.0877799395 44.8926544144 44.9108790685 44.9662080499 44.5949089444 44.8705248477 44.7718926993 44.9924026438 45.1835934297 44.520522793 45.0483274087 45.0370910617 44.5362088959 45.1401433483 44.7628194152 44.6884751952 44.6393756196 44.8343766903 44.5805316862 45.0811174109 44.853789035 44.7078807557 44.9799705938 44.9486564027 45.1500716819 44.559717034 44.6895086189 44.5126660534 45.149000393 44.9093613584 44.7217366464 44.7415165382 44.9557472069 44.9814826064 44.8911679771 44.8864626174 44.642653591 44.5113245992
45.1469121898 44.8510900822 44.7616767363 44.5249108758 45.0784228586 44.9611515169 44.6822195722 44.7921185686 45.0286448595 44.568650282 44.867948126 44.5407640665 45.1867026866 45.0445279596 44.9229877967 44.5283764329 44.8387612873 45.1589866825 45.077748979 44.6536557942 44.9107232113 44.5914641271 44.6524412824 44.9864529831 44.7596923263 45.0289699974 44.6860546555 44.8632335289 44.6125017133 44.9301817287 44.7365896956 44.9446326275 45.1045498465 44.9078443802 45.1738757933 44.6321474205 44.8355935064 44.9771965374 44.6607611635 45.0037613802 44.9568278692 44.7223745636 44.7970498148 44.729598565 44.7328409141 44.903208179 45.0076066596 44.5339939613 44.9345840356 44.781357548 44.7206765633 44.9445582475 44.7685698537 45.1039997075 44.6762330478 44.8984631411 44.532512217
44.939779483 44.6780746944 44.6356726222 44.6547936381 44.665086472 44.5472291006 44.9323739924 44.9662541218 45.1993993266 44.7000307209 44.8717314115 45.143392633 45.1079411589 44.7327019521 45.1409395105 44.8933789387 44.9067996404 44.919002593 44.9684154688 44.9182515141 44.5078222374 45.0441266987 44.5178840192 44.805328821 44.9764885265 44.9053039321 44.9419149671 44.6233167933 45.1477733617 44.6736298767 44.5885122157 44.8961728246 45.1721626977 44.688094049 44.5690945131 44.7283712891 44.6591065801 44.5295786174 45.1317209443 45.0280749242 44.9914820164 45.0561410727 44.9489731309 44.742462623 44.5953227316 44.9414813507 45.0013323863 44.5222191137 44.9783044316 45.139594826 44.5325629672 44.6325853314 44.7269410799 45.0816862065 45.14392601 44.971319197 44.6789374578
45.129187005 44.5819243863 44.8193513578 44.6433417323 45.0213435918 44.7942714589 44.7564678493 45.0025523925 44.9769584247 44.5928264149 45.0492584187 45.0220638483 44.640500782 44.5063166037 44.6714165782 45.1133346343 44.7606830026 44.5255566472 45.1650886155 44.9205840572 44.9354977604 44.6033122127 44.7501964584 44.7079245733 44.9287542383 44.57491362 44.7006598534 45.1403430167 45.1405035419 44.7050174355 44.7643982611 44.6821720685 44.7058689705 44.6685058823 45.0734748743 45.0522825094 45.1083468035 44.7071795955 45.1961016707 44.5120172823 44.6130472202 44.633940548 44.5854392636 45.0011452022 44.9832960776 44.9387347802 44.5853119184 45.0739647563 45.1620502611 44.6758656119 44.7123800886 45.0868380762 44.6064787117 45.1356031364 45.0797885589 44.6497786934 44.7478146059
45.1189035398 44.5092893427 45.0322613151 44.8208761249 45.1678476397 44.837199749 44.6869418883 44.9087485924 44.7422313439 45.1794623315 44.5176612448 44.5805618897 45.2026019999 45.0553133777 45.063129736 44.8301875603 44.9316143411 44.8708639798 44.7026431995 45.1041516679 44.662224745 44.9669420716 44.9501382229 45.1921280335 45.056598018 44.5987614543 44.5097999979 44.9444766336 44.611909495 44.6094328605 44.8849702385 44.605038799 44.780895753 44.9916566858 44.6861520282 44.7337706163 44.7014418377 44.9117706163 44.7543779093 45.1329258284 45.0592929962 44.752781078 45.195031874 44.8628399047 45.1903718091 44.7908885526 45.2023755034 44.5439237593 44.890750294 44.6603399664 45.0307231162 44.8650093914 45.0971464601 44.9185273597 44.6764966629 44.8016430258 44.6886103617
44.538556148 44.9675869033 44.7457411556 45.1407928786 45.1474580963 44.6470564576 44.6071034267 45.1122212199 44.6431421454 45.0999763561 44.7032277857 44.589782673 45.0080666878 44.5581268437 45.1009352299 45.1828593011 45.2009369635 44.8542393887 45.1895027086 45.1784858055 44.7651904992 45.1831477506 44.5069358113 45.1685885614 44.9700528447 44.6347955856 44.5749131955 44.5623123234 44.5267052304 44.8766076552 44.9174072216 44.7631168515 44.7547004264 44.9506339995 44.6818251449 44.9412132874 44.6758118425 44.9965886726 44.6768102719 44.5633253156 44.6158889476 45.0468554387 45.0912006812 44.9385580169 45.0572655271 45.1441567508 44.5306487343 44.8962257776 44.9044240609 45.1628159152 44.9713317137 44.629589256 44.7822133104 44.9987679138 44.8778738372 45.0265362796 44.83466358
44.8410140869 44.8664733976 44.8185838077 45.2005476196 44.6157864696 45.1707576331 44.9660558942 44.9412144956 44.8327970533 44.5340046115 45.1068151972 44.6605140805 45.0154607285 44.627084801 45.0138032563 44.8538579596 44.7244723434 44.8692055185 45.1050883039 45.1673250476 44.90432502 45.1003548316 45.0232260815 44.7565574543 44.6955441675 45.0127397107 44.5749974573 44.8911677789 44.7072861707 45.0100148113 44.6883531995 45.0336605961 44.7241972803 44.8718196524 44.8893885813 44.921366769 44.5185835147 44.6202179355 44.7900903075 44.9778629822 44.9656208524 45.046308093 44.5612138524 45.1385135007 44.5663893288 44.9633919216 44.54848105 44.9280232662 44.853176636 45.1119547533 44.6196280171 44.9476123093 44.636366071 44.7058752362 44.7430735167 45.1135939852 44.7415891713
45.0998532186 44.9823581203 44.801006715 44.9788995288 45.1177567117 44.8152041325 45.0492542926 44.5040014044 45.1455922359 45.0021212859 45.1532513192 44.6668490709 45.155085088 44.5328847721 45.1871789655 44.8808312042 44.7626820085 44.9610512897 44.9691293801 44.8689864942 44.8643544195 45.0069652092 44.854689614 44.7670387675 44.9954482939 44.594582328 44.9771924633 44.6476320068 44.6076922895 44.8361365304 44.9374356672 44.6666867404 44.6715947344 45.0273740461 44.9995524614 44.8111554995 44.7834526495 44.6831316257 44.8679400267 44.7964161046 45.1620997689 44.925252284 44.6621904025 44.8312407242 44.7111503542 44.5275349727 44.7010743952 45.0352591843 44.7422143068 44.9049334214 45.044875608 44.8072470031 44.8138643023 44.5726341541 44.5495531053 45.1976882098 44.5115743898
44.8654930303 44.830993362 44.7379971168 44.6148435135 45.1948450302 44.6635612271 45.1028395714 44.8074945167 44.9979155235 44.7859417511 44.6571895809 45.1025147666 45.1227820131 44.7280702356 44.6398334155 44.7030411069 44.9657280205 44.6563721275 45.1901302464 44.8367480699 45.1323889161 44.5083024594 44.8995994061 45.0525714842 44.870845587 44.9967596714 45.1156306672 44.5347163138 44.8114631421 44.8039331976 45.1377946448 44.7281467136 44.9153035942 44.7883855336 44.7816342102 44.859849706 44.8499641934 45.172563614 45.1476380876 45.0751333004 44.8817517855 45.1453723826 44.7460155435 44.7176975816 45.2010553705 44.5767846872 44.6062649521 44.8057704704 45.0064827705 44.6277503058 44.7788387373 45.1810486726 45.0556254593 44.6479412288 44.6048318191 44.7297167004 44.5151512614
44.5155477689 44.7983603906 44.7476786465 45.0286165429 45.028613914 44.9729799119 44.6925405797 44.5429732067 44.6383318921 44.7345990027 45.0828566558 45.0223516412 44.9108894915 44.8224589876 45.029109753 44.5995294669 44.5630122851 44.6980580228 44.6656392026 45.0521980063 45.1637927984 45.1316792499 45.1604924176 45.193510377 44.6158094407 44.8026348703 45.0521835654 44.6009840129 44.7572382965 44.8105450315 45.1488992574 45.0672884267 44.5735609464 44.9568114974 44.6532590976 44.578716292 45.1972406489 44.71220177 44.7917906887 45.1258907629 44.8966182333 44.6886978589 44.5969808928 44.9876717166 44.6136241658 44.9783180373 44.8271645515 44.8027424602 44.8170942718 44.7003050226 44.6116436138 44.7047245454 45.0403869876 44.5888903204 44.6156079357 44.696180952 44.7535092482
44.8089605958 45.093006734 45.0761588188 44.9091601165 45.0270000965 44.665974386 44.6452463477 44.9372046958 44.9283621947 44.7112311864 44.8716977426 44.5099264211 45.1228217789 44.6536169061 45.0521707092 45.1333830879 44.6432672307 44.8062906607 44.5190726877 44.7448729968 44.659896988 44.7702715481 44.6416284441 45.0074382184 44.701021744 45.0323570345 44.966210869 44.9561374547 44.5612945015 44.8492472066 44.7938914121 45.0528674608 44.5426855763 44.6492556224 45.167707523 45.1955686068 44.5888060304 44.9045427731 44.9786460752 44.9264711916 44.5471388662 45.0745000187 44.8028312705 44.9888259945 44.790402366 44.5454853195 45.1495179509 44.8638454946 45.1127830299 44.9174199669 44.8907395064 45.0890732168 44.5438720042 44.9481043529 44.9029486573 45.0308830677 44.6979098296
44.5588054874 44.5767725726 44.7773841703 44.9134011454 44.7110848079 45.0043083856 44.5208957884 44.9570856168 44.5123140706 44.5110258065 44.6257315588 44.7222896764 44.967324453 44.8246083912 44.6853290601 44.7739697969 44.5684620921 44.5636379848 45.1290054562 44.5983147426 44.6087167929 44.8456664172 45.0715099931 44.5210308841 44.7696988947 45.0883869144 45.1171472444 44.6393925781 44.5614542932 44.5075659263 45.0104832504 44.6422588716 44.6508352238 44.84726093 44.6208607985 44.5521839645 44.9993479968 44.6095116474 44.7601384453 44.811386481 45.1914349076 45.0185141828 44.6316603309 44.723114677 44.6152652102 45.1138390348 44.5061089938 45.0309108521 45.0460515293 44.8832980618 45.1898389515 44.5584845507 45.0704612739 45.1634021208 45.1412015384 44.9404521194 44.950877356
45.1953059016 44.7334679185 44.8285457275 45.0465634992 45.1580869856 44.5438030229 44.8598626136 44.6597450826 45.1758772575 44.8415240268 44.6406008651 44.9622572449 45.0265419537 44.8237004845 45.1718063302 44.9872326896 44.7083027759 44.7305780944 45.1793847619 44.8488545283 44.5238000896 44.5196903263 44.8226235547 44.9558123153 44.9352898076 45.1096402848 44.6999549945 44.5896872536 44.9645285261 44.8875193731 44.5703674238 44.5179544557 44.500643294 44.9160359726 44.5617054281 44.921033085 44.5325221161 44.8441084253 44.745056097 44.7617325905 44.7781438325 44.9552470594 44.742996777 44.9321660023 44.6126205835 44.657572888 45.1595096211 44.7644799814 44.847092787 44.8475715842 44.5370928428 44.8694925256 44.7216534439 45.0278021787 44.7749980563 45.0970131501 45.1205883247
44.8550758214 45.1678270077 44.8545451316 44.9204870418 44.9954325889 45.1563280401 44.6124935126 45.0958601213 44.8855765026 45.1894988762 44.6251803076 45.1103540869 45.1239207164 44.7511675818 44.618407181 44.6119946788 44.8467853257 44.9900686583 44.5430400053 44.5907427962 45.2036426565 44.7772706063 44.5526918632 44.6098105951 44.9863309847 45.0906908872 44.5318019913 44.6902432091 44.6382899738 44.9851227509 44.9058338681 44.638163927 44.8550380764 45.0462461308 44.5342333185 44.5809140191 44.9781217959 45.1472729916 45.094967175 45.0446003279 44.7066159283 44.7774768945 44.5514862165 44.8143289812 45.0083032927 44.8843829965 45.0985886984 45.1290125552 44.5796398135 44.8595797945 44.6828429538 44.6286342813 44.6127848291 44.6554544435 44.5939696436 44.8748849068 44.6893671611
44.6737977702 45.1176454476 45.198726236 45.1369783196 44.801899285 44.6361652167 45.0483014977 44.8407701336 44.7249014687 44.9782808672 44.7269695458 44.6989974942 44.9591149909 45.0093033553 45.2057072735 45.0441377166 44.724232155 44.7506054032 44.6857496216 44.6102547991 45.0205116379 44.8167127805 44.9407173393 45.0646392072 45.1875396674 44.8161234964 44.8963380187 44.5620069116 44.8582459836 44.7810836298 44.8853374265 45.0393915027 44.8780063874 44.9263917982 44.629011554 45.1200954135 44.8777975269 45.1377697641 44.8158388256 44.9166843087 44.6741561278 44.695137795 44.5972595006 44.8178519383 44.808348907 44.541686277 44.5767618608 44.9430590383 44.6733982649 45.1637957517 44.6476367545 44.8062933546 44.9244285469 44.5339738036 44.9308428025 44.6218870532 44.6449303135
44.6073183442 45.0834149714 44.9862442114 44.5402295809 44.9134330105 44.8206327262 44.807103518 45.030676897 45.1667969864 44.5812089868 44.698419512 44.7451756218 44.994881452 45.1534425495 45.1250765903 44.7678797815 44.5902538714 45.178991365 45.1683010229 45.0991404489 44.7480647623 44.8171736063 44.9249036518 44.8130379128 44.8743700726 45.0620784411 44.6468652286 44.5833809009 44.5310637803 44.7704441442 45.1362243518 44.9359064486 44.508199264 45.1549319734 44.7984605486 44.5223026341 45.0729977947 44.6716614084 45.1125255411 44.6388188191 44.5563532413 44.7494588059 44.6627752447 45.1617365767 44.8459486285 45.0658249715 44.7071120178 44.6430366782 44.9458563904 44.7257973361 45.0940283834 44.773213471 45.1633268287 44.7408073133 45.1334652316 44.9862432085 44.5505681511
45.0134073296 45.0123802904 44.6130565038 45.0376227036 44.9381403393 44.8387541008 44.9734310223 45.0972395367 45.1558302568 44.7047837053 45.1126108721 44.7444092493 60.0887850342 97.0689700684 97.0689700684 44.7835181589 44.5390804573 72.4341746016 44.6522003414 44.6680485538 44.9692145843 44.959474221 45.0896459048 44.5389612798 44.8621715172 45.1261619155 44.714477141 44.9824463426 44.9015303821 44.6203606043 44.6635563617 45.013499539 44.5818299286 44.8563068698 44.5247119792 45.1270724566 44.5367460143 44.8528158852 44.6041210317 44.6569952404 44.5427268056 44.7137458735 44.9168627765 45.1567644321 44.7014468928 44.9321325985 44.5691313629 44.7438925678 44.7067820978 44.668423163 44.7894846577 44.8558554784 44.6359807198 45.1967142888 44.8570016756 45.0724191086 44.5299392651
44.8626311319 44.9451378816 44.6849522472 45.0164169825 44.8515061907 44.9009153781 44.8791709251 45.1361070578 44.7138708643 45.1633921996 45.0638435315 45.0890637638 60.0887850342 60.0887850342 97.0689700684 44.8141275484 44.6752349314 44.5311115899 44.5358681095 44.5499297681 44.6451144791 45.133401004 44.913305815 45.1930352379 44.9661280852 44.5835595253 45.0726651998 44.9827686514 44.8515604491 44.7406525401 44.5295965401 44.6640349068 44.9968824165 44.9435077447 44.9998375471 45.1866005224 45.1667206071 44.9036953388 44.9149847916 45.0431915765 44.7895211383 44.5055382037 44.729633101 44.5558937456 44.9634613588 44.9731851664 44.6143196346 44.6533686748 45.1836418801 45.0796355878 44.918331485 44.6032266346 44.8771208223 44.7409117701 45.1629576974 44.5313269032 45.0861249802
