Spatial_Output/DEC/DEC_0777.asc
NCOLS 155
NROWS 192
XLLCORNER 196307.867259
YLLCORNER 449144.565805
CELLSIZE 33.573938
NODATA_VALUE NaN
[rows 52 to 77 of 192, columns 0 to 56 of 155]
23.3284345476 26.7380064346 24.5662538507 26.0479450306 25.9820612819 27.2284859478 26.5699437214 24.4418708037 25.7972220755 23.6259817272 25.2059182819 25.8881989883 23.2714470575 25.9686387109 23.8600727044 24.3789684088 23.2123634366 26.7421366254 24.2738895482 24.5556666218 25.6046902718 25.5388268624 25.1241273783 25.3183927275 25.7523315095 24.4261322806 25.80587152 24.4812469217 25.4816256584 26.9576746953 25.3195798875 23.4329230809 25.5959435248 23.9442170634 23.2369191151 26.0688413087 23.4989867499 24.4615527493 23.6225513015 24.6312447801 24.7734508448 26.6904220557 26.4999865857 23.9140470369 24.9716816551 26.1326365486 24.0811533836 23.6223679642 24.1125018705 26.0103823151 23.4696947678 24.4818666878 26.4362764015 27.2406339489 24.0159782295 25.9711540959 27.1765012723
23.2138883965 26.3357458028 23.4663754874 25.2820440995 23.369416956 26.5897549752 27.0961171766 23.4246404297 24.1664760659 26.9868959754 24.0055037335 25.9055549364 25.7547442539 23.3894857992 25.5100347653 26.1869923056 26.1157277175 23.8723365119 23.3952815523 26.3640459558 23.9038291757 23.1476707355 24.4195503362 25.1576870019 26.5371236649 25.0245709119 26.8362075694 26.2820615243 24.4562627509 25.5484606498 25.4535992152 27.0938228567 25.5676757387 24.2493152491 25.9967244857 24.7963093012 23.5607663938 27.2231832938 25.8034149062 26.9247702864 25.4839791145 23.3318373302 26.7175457036 23.9205838179 26.1311027579 27.1041409144 26.0141287808 27.0349805144 26.1366369144 26.0874329005 24.3463261919 26.6024925404 24.7394055655 24.8289022231 25.7504265918 24.7485937999 25.0235287769
26.2516401529 25.0895385475 26.8613844863 26.5767726723 25.7440547695 25.3761444936 26.382829025 24.1057637828 26.0582057106 26.2280050669 24.8870656007 26.3463383192 24.2763059759 26.1106606992 26.9872056386 24.8081004332 23.4796092145 26.5550985927 24.0922313833 24.2834423442 26.8200961484 23.221894836 23.6657541318 23.4530686805 24.1736007056 25.7869838108 23.9310764982 25.7213645685 23.3971531325 26.276214452 25.3161468667 26.0805071696 24.1852886467 25.8975386806 25.5428198739 24.0189518322 25.0115128244 25.2935445796 25.2659269847 23.3743944784 23.6145128879 23.5829620291 24.0207159954 25.7061137421 23.7364745206 24.3513748384 26.9227168762 25.813924387 24.5913039455 25.1978907532 23.5278385364 24.2095172186 27.1736522837 25.0229159227 27.1930283681 26.1554003409 26.1389542421
0 26.9702003743 27.2108852136 24.8425286883 24.8585594067 26.2490676265 24.5074533189 27.0799884605 23.7225688723 24.2803269938 26.9191620225 23.935226449 26.5513196202 23.2011605957 24.7686579703 24.0248598341 26.6882384643 25.0511879987 24.3634535461 27.2053880558 24.369888479 23.6376020373 25.9613408195 23.971919429 25.1750574733 23.9073105782 26.1292866389 26.1608597371 26.6523886775 23.6083173307 27.2315725133 26.2434726347 26.8308615025 25.6686678608 23.9271999862 25.6203383297 24.8538675115 24.4745350922 23.0863467946 24.2374676025 25.0187474779 24.5846720273 26.1105356161 26.8250412524 23.8645329523 23.762921728 23.4134548357 26.0478999326 23.4798598574 26.396919361 26.3404179185 23.1607567323 23.9257653653 24.6217203153 26.2813825091 25.5603942433 24.4452923239
0 0 25.0309352736 24.742949688 25.5145008208 26.7899033946 25.8334669649 23.7390015335 23.7805684443 25.7527481496 23.2453940103 24.7096586333 24.8801448941 25.8436172189 24.2143052594 24.6399270164 24.3067468012 26.6629991399 26.3468629657 27.1151456288 27.1418745436 24.3423929097 24.0634402845 23.6836398803 24.8463244698 23.1494927606 27.0058740828 25.5346143975 23.5945267096 27.1760824682 25.7261404137 25.6507369943 26.6506053923 23.0923849653 24.7928955793 23.373932829 23.8884764128 23.8659512032 23.9012458231 26.2452542256 26.5896752782 23.3553258051 23.3283892224 25.9864507931 26.5597144796 25.0097168249 24.9676432932 23.3269514998 25.9696647929 24.7450508492 24.951234571 26.4775020939 25.0943043909 26.0390804358 25.7209640159 23.2922391223 24.2837400727
0 0 0 23.535064733 25.4067094482 23.9044254197 25.152546211 24.472861462 26.9067750354 24.2888320378 25.5230456262 24.133823737 25.0404811555 26.1176974015 24.1823641063 24.8421503998 26.9176504507 24.4613146036 23.8663522297 25.6156640591 23.9921057713 27.1066629697 26.6764315718 24.5037766959 24.9243999757 23.4381743834 26.1293236109 25.12802592 23.4761480356 23.4630534865 25.4794918716 25.5762227143 23.2680464736 23.676668969 25.8901269484 24.9172341583 23.8503903794 26.6091345787 27.217768671 26.2629122339 25.8090493229 23.3546192321 24.3499278443 23.7935039772 26.5997672658 25.7407202986 23.4666271582 24.1858238648 25.4080077985 24.7723009559 25.6181073636 23.2570196678 25.3004543172 24.7495168046 25.5652773543 23.7003701839 25.8873311504
0 0 0 0 23.2512380124 24.6363907484 24.4668298229 24.2705279129 25.1861220301 23.4141553754 25.6934410824 25.6716978852 26.8084232039 26.0098249711 26.3700382287 26.2969882993 27.1546847354 25.6934485983 25.6302632707 23.1873195541 24.1919413064 26.2048406546 23.3818514096 25.0251750564 26.858145751 23.9253574265 25.7629530583 26.8673675444 23.9763706731 23.7624315013 26.7730082097 24.2935139503 26.3170165716 26.7906645145 26.5254496886 24.2677174927 26.5838892103 24.9730553716 26.5804989615 26.801552124 23.1994468577 27.1173471499 25.102179573 23.2046639207 25.525652598 24.2583178162 25.8359667692 26.6817213776 26.5052719206 26.036574636 23.9325866656 24.7611521511 24.9320945215 25.1936329516 23.5609886647 24.742510122 26.9565380489
0 0 0 0 24.8033121309 23.7360648736 23.8417956162 27.0985547861 26.303958653 26.5419512148 27.0849948742 23.1009621615 24.2965036879 27.0693812846 25.5444737979 24.3527185428 27.2115604595 26.6249525598 24.0399961548 26.7651536879 23.3155624595 23.8779454706 23.976336129 24.4816892986 26.9651070719 25.9918853843 25.006567421 25.2025755785 24.3687977526 24.7534124779 23.5966590869 26.4970169298 23.9051877167 25.2605041288 23.4412189523 24.3238212206 23.9830349732 23.6383689091 25.060336712 26.0507844553 24.2696336744 25.9206091105 26.2342036161 24.9021939118 24.198447474 23.8439453705 25.9765616417 24.1484863615 23.3590981241 25.0406702181 25.479016248 23.5040003112 24.0453012267 23.2496798363 26.0043888337 25.7676779116 23.4798418212
0 0 0 0 0 25.014100141 23.0648153737 23.1308793948 26.862925448 26.7206056334 26.3402835013 25.7121186313 25.6209465669 25.7221387855 23.9449647132 25.7437117957 24.6839126454 26.8779025039 26.1580259445 26.4617083061 25.5149659018 25.2899935668 24.6767151168 24.5604365127 26.5317570448 24.2527045335 23.901364259 25.3720145015 24.8872107597 24.7359906768 24.4424182223 27.0495252287 27.1404170115 27.1815763047 23.216672852 23.2860418757 26.3316066664 26.4391374332 23.7267632606 24.0033441296 26.6206972138 25.7724531846 24.1909300399 24.4543118407 24.7133291033 25.4506836677 24.9389742897 26.1924921321 26.7347806189 26.9578452092 24.7869416964 26.0246089935 25.6784812951 24.8293920029 25.1679064854 24.3496530411 27.0605882292
0 0 0 0 0 24.7649267761 25.6810121088 26.7566436206 23.206978246 27.0335175681 26.9272158031 23.7961155307 25.4144386607 26.893120131 26.9781770948 23.0166450379 24.1845431046 25.0433093412 27.0551496708 26.4332629379 26.8913039894 26.0731042013 23.7367663852 24.4763051486 25.7534554279 26.3892379365 27.0524663885 24.559665721 24.7484287187 23.3301167918 25.6083639348 24.7485064666 25.0989384664 24.8862033982 26.1152374165 25.1779516619 26.6698955958 27.1280515083 24.4754857146 24.3573207885 23.4386205521 23.7997825158 24.29905397 24.7556639799 27.2366089092 24.6756653234 25.3574893004 27.1545343418 25.4411487983 25.7963011334 26.948763094 26.417667358 24.6593327678 25.9766085416 23.216802565 23.457013564 27.2040230266
0 0 0 0 0 25.922122252 26.380696343 23.9538054211 24.9286021219 25.0815938178 23.2207040021 23.9630210763 26.0283971012 23.984249647 25.3506152064 26.6035744394 26.7377272991 26.9869767701 26.077903204 26.3307776243 24.067687029 26.6642451659 23.051399259 27.2391196181 26.3467629414 23.7601523858 24.6422592895 25.5466927955 26.6065440955 27.0040352859 27.148035538 26.3467677449 24.185481184 24.7715836193 26.3185651412 24.729473227 26.8841241686 25.8944019029 25.1412737422 25.5623944106 24.6621421881 26.391328605 26.8485947097 23.8817600356 26.3913134166 26.9114468768 25.2764009575 27.0596659599 26.6889788339 24.9183016043 23.1468163031 23.4272092155 23.778899375 26.3215333844 25.6623400736 25.6791073558 26.935134596
0 0 0 0 0 0 24.1483530282 26.097957869 26.991959875 24.4246350536 24.2231599932 25.1682301251 24.952481358 25.0501546222 23.993840894 23.5487460709 23.8123830465 24.2446459446 23.3825008198 26.6807688079 24.4044109216 25.9593013621 23.8619355341 26.9773694932 25.5382916699 24.6958922851 23.4461703449 26.8295806214 27.0466692319 23.2035775296 25.2909502759 27.030501246 23.2592222162 26.0681738033 25.8525094339 26.4966186425 24.3467212225 23.026561665 24.8805642461 23.7950660777 27.1276387233 24.843496373 23.2740497804 26.407267569 25.3619229752 23.0792738662 23.5578457391 24.2042101632 25.6156326139 23.9540193478 27.0001680357 23.5761458368 23.4672652097 24.1451832949 26.4092487148 25.7403392142 26.4025676361
0 0 0 0 0 0 0 24.3890681884 24.5859822938 26.240473431 25.564012539 27.1030472237 24.2685776949 23.082694331 26.2955918426 25.4773785673 23.325956077 23.9560609722 24.0601968874 27.0895007633 25.8625802408 25.9307726108 23.1600164787 26.2087347485 26.2286881351 25.463913119 23.9182396528 23.8456496819 23.2130052288 25.8562622017 24.3379400283 26.2381760233 25.513612599 25.7678878597 24.8070887189 23.6352931873 23.2403359747 26.0623221873 24.9990282943 23.9827481477 24.6924870374 26.8770873706 27.0947234541 23.2669936411 26.8895268902 27.2123489391 23.7921647852 27.1857212603 23.055969333 27.1637585994 26.0915296852 24.0680271043 25.8827427117 23.5053857907 26.0279340714 25.2916723703 26.8247704411
0 0 0 0 0 0 0 0 25.27824075 25.4774291641 24.9797730267 25.6037217021 24.8005018363 25.6826684418 26.2754846216 26.9126497377 25.8040519674 25.388716948 24.5573454266 24.3292745413 25.4553196132 24.1709967929 23.8855662028 23.8336729633 26.5228925967 26.8245830367 25.6176137989 24.2300856294 26.4905623313 24.0768727365 26.8121199882 26.9083738419 24.7179625539 25.3810838575 45.7328422862 45.7328422862 24.0248361043 23.0167032866 26.7658259419 26.2031087296 27.1669152136 23.675182587 26.8007356702 25.4071733668 26.6475255512 26.9921924772 25.1908449522 23.6642994941 25.6223829707 26.5067151998 26.3548635348 26.3964659144 23.0842196749 26.905928688 25.305379346 26.6211942515 23.0519390882
0 0 0 0 0 0 0 0 0 0 26.1584962075 23.5320884157 26.8825946322 25.3455738424 23.2797030084 24.4783755973 25.9507020637 23.6299404532 24.0386516416 23.4656599999 27.1301926948 24.1070811254 27.0927034891 23.7778906474 26.8388492505 25.3020886564 24.8745383182 24.6179901311 26.9431920653 48.8147582921 48.2785087696 27.042825491 26.236401352 26.8401336236 26.658537299 25.4002326587 26.9563849402 23.6012399221 25.8287728593 25.9824715666 26.0218440069 23.5593285971 25.0319784252 26.2994765512 26.5580660809 23.6884445681 25.5316438568 26.306417484 27.1915713688 26.81053971 23.5197687897 24.2373473547 27.1737255024 26.0196275356 26.763459517 23.4899756189 26.1221147481
0 0 0 0 0 0 0 0 0 0 0 26.4937239179 23.6914132682 26.2696126898 25.3611227295 23.6103202827 23.9301001095 24.515871627 26.5465602469 23.6994095427 24.5434031766 24.6520797934 26.4066360243 24.199545751 24.4095317875 26.2781458675 24.1132704002 26.5105940327 48.8147582921 48.8147582921 48.8147582921 24.2367736332 26.396109944 24.696214326 25.4928867368 24.4167751949 23.8472893053 23.9953966716 27.2061583027 25.6237317792 24.4436466372 24.4630357822 25.3228888057 26.743123767 26.3499824586 24.8985311939 23.8040421904 25.7458760946 26.6318278926 26.7546941256 25.7591613728 25.7035930832 24.9169939002 23.1417698687 24.5517925068 25.6465625065 26.4720418586
0 0 0 0 0 0 0 0 0 24.8442949586 25.1020665776 26.6910358677 24.1648406911 24.9658888691 25.5895206461 26.7395478703 26.1891160504 23.9447519657 23.9684394101 24.1505491492 26.8292604257 26.3425800894 24.7503782399 27.016866186 24.5395710505 26.763057801 25.1088330029 25.5903106171 24.7240403702 48.8147582921 48.2785087696 23.3777620179 23.6638746044 25.8966592868 23.3304223153 23.1270304867 24.6097082337 25.846398149 24.0454044587 24.4531900699 26.1048218805 24.6470619492 24.3331505232 25.9460294104 24.2841494936 26.2601406751 26.0012924932 26.8844134512 25.7864475906 24.3836253743 25.1148011527 23.2844987317 25.5065461462 25.7790443806 26.3039629391 23.5921770693 25.7907025292
0 0 0 0 0 0 0 0 0 26.8329130659 25.9755439758 25.9075851883 26.5101151157 24.751349335 26.1732938431 25.3474111731 24.392115966 23.7555544022 24.4731480163 26.8406947014 24.0094412707 24.4075548734 26.628018841 26.6401981438 24.0586030047 23.2465360922 25.3292928863 26.1836942115 25.0982686404 23.4907575382 25.8200618685 25.3437813892 25.3320452137 24.931721359 25.5389075972 26.7056398 25.4148316149 24.5396443749 26.3612807864 25.2711684658 24.0492160101 25.9758102077 24.8585292686 25.5637062053 24.8909899845 26.0905430042 25.1673442049 24.7292301621 26.2946231167 25.4962063011 24.2901697917 23.1117568472 25.5174942765 26.4453290988 24.7395711766 25.8856888868 24.703632252
0 0 0 0 0 0 0 0 0 25.1865564354 25.9884340741 23.3771009182 24.2490040339 25.393081432 25.3710341508 24.01299836 24.5773574865 25.2007708001 24.1926918224 25.0271695005 26.2322343446 27.0257728969 26.4142483962 23.3191295205 26.3336647478 24.931327853 23.3693179801 26.8839525027 25.7066045495 23.2498061461 26.4093288875 26.0524604202 24.9760409231 23.9153483277 26.5585958032 24.7348044438 26.3324936474 26.3985380171 27.15057262 24.7088888246 23.5711868105 27.1167457703 24.803735446 23.8980263455 23.6208623906 25.9697285744 24.1888412042 25.1212802531 26.1164774321 23.656639612 26.2073769188 24.2402850078 24.7706008172 23.3165704709 25.2511795037 23.8103620826 24.3531584964
0 0 0 0 0 0 0 0 0 24.2954528752 23.4396578079 25.0078312915 25.1456165847 26.8641694386 23.8575006053 26.765357838 27.2084636355 24.0573877981 25.1910478521 25.3194064632 25.2955373164 25.852756023 24.4125609505 26.5478471781 27.0688539477 24.7525074857 25.8591759169 23.8410303925 24.2345113987 24.1391653319 27.2403017863 25.9380516488 26.9754527278 25.7276558966 24.4834102794 23.3773506898 26.3011882857 27.0193395353 24.7416185462 26.6403633165 24.6184575423 25.3900027498 24.3286288248 25.3944100657 24.406957522 24.9560896752 27.0186733705 26.6813209209 24.7055217905 26.0125908672 24.8791209875 26.4224328288 24.4525078837 25.1066260409 26.3438404376 25.4922190845 26.75250999
0 0 0 0 0 0 0 0 0 23.3989210881 26.9182218297 23.0267091489 24.8971357101 23.4308659326 24.5809505128 24.5389814412 26.4758670567 24.680976191 27.0724137843 26.1947811323 24.9291050136 24.8602267377 27.1651544857 24.8902271429 24.9081224936 24.9090948158 23.6351590222 25.3610671486 26.3265797559 26.5494138637 25.0757489434 25.6648759399 23.1267909331 24.6472024768 26.0492327009 23.3893418404 24.9722066707 25.9994313254 26.2751234129 26.3125567566 23.3179416 27.113009156 25.8808714264 25.4445826994 26.9986288078 26.1664758897 25.5514814609 24.2089922208 27.1399754093 24.231317286 24.2912369494 23.8426680544 26.928031422 24.8168325323 23.574237079 27.0092762276 24.6689926819
0 0 0 0 0 0 0 0 0 25.3262597054 23.267108424 25.333047338 25.2672271905 24.150119467 23.4485812134 25.9755114832 26.3021761107 24.9800190351 23.5703037304 24.3166280391 25.7668569201 27.2146611129 24.9423498401 24.9176597932 24.7918421724 26.5931124431 25.3670964723 26.2605638143 24.904685471 24.6907271402 26.7682665355 25.0138429518 24.996902284 23.1543285108 23.3275269385 25.4213253286 24.5542354231 26.9337116237 25.4268554069 24.2788229416 23.7972635246 26.7663437024 24.7507825262 24.0790598536 24.3595458415 25.3088105259 25.8430205654 27.1775089875 24.6014363115 25.7452283523 24.0034609076 25.3615608211 25.4803743294 24.8582145719 26.0898444762 24.5340508432 52.7961666443
0 0 0 0 0 0 0 0 0 0 25.9366844071 26.6007992013 24.9664893023 24.4113492273 27.0632968001 24.758134613 26.1292670565 25.3943116057 24.806038695 27.0768115812 26.5983623859 23.1528107275 26.449388381 25.0421837851 23.8797116131 26.0453481226 24.4347074167 25.8569965336 25.6482284843 25.2096929353 23.9675421645 23.7206902201 23.9985637845 23.87576364 26.8223834953 23.118090409 26.5263253313 25.3048823905 23.36698539 25.4561264538 24.1317285731 25.2300088175 26.4135046045 24.5802790848 23.0423666113 26.3183304175 25.1469941913 24.3583029715 26.7184667824 24.6620194624 25.4902205883 24.2392920186 25.8805541006 25.9563422491 26.8619138343 68.1523632144 68.1523632144
0 0 0 0 0 0 0 0 0 0 0 0 26.6977794605 25.7408404243 26.268542073 24.3744912493 24.7966668308 24.2868810614 24.7719223946 23.031466967 23.426515669 23.4376176596 25.9242273963 23.4099525074 25.1203293132 24.8864046793 25.5056965547 25.0938632143 25.5076771927 24.4043480078 24.8228777352 24.102460577 26.2979913168 26.7220474196 24.8636612046 24.6009660341 24.4497930498 24.1198558038 24.7347742126 26.9294167768 23.3610577676 25.0015848161 25.8283305912 26.8166126182 25.587909243 23.650908317 25.3737941457 26.1762130702 26.7784483523 25.6417256326 26.7669142377 24.4778278989 25.9561652568 25.1567094846 23.0235648407 69.3865029607 69.3865029607
0 0 0 0 0 0 0 0 0 0 0 0 26.5805962213 26.337165888 25.2188111978 24.427329348 23.9017514248 25.4289274475 26.5116588359 23.7662570518 26.0854002105 25.0858867097 24.2081524181 26.2871047964 26.5739423346 24.6734505506 23.3457502449 23.6704789834 23.6787964604 24.7756251999 27.0804074059 26.2549052718 26.7871025965 27.0963867767 26.6353729041 27.1974907364 23.3447610399 24.9601827814 25.2155851579 25.7498533917 24.6835568434 26.3985681753 24.8550913619 27.1800362527 23.3241780816 26.9062981189 27.070194562 25.9659004069 26.2573972183 25.7283397872 24.594575298 23.580143389 24.1385698634 27.1926578638 26.8407900748 69.3865029607 69.3865029607
0 0 0 0 0 0 0 0 0 0 0 0 24.6719685373 26.7127639144 27.1117378312 24.5671978402 26.0541242571 25.5368281256 23.8613666922 24.1344522435 23.9730966407 23.3611669948 23.7545669146 24.7112140784 24.6234208195 24.665574063 24.195522488 23.5186686128 24.4325239597 23.1278317451 25.7799375138 23.6770203074 26.5781551133 26.1875186413 23.681066113 26.5931603403 23.1723768733 24.2787116367 26.7608882389 23.9234433872 23.1319110463 23.7571201436 23.1740911582 25.7286975087 27.0808989669 24.324312838 24.0677495678 26.3401494825 27.0925234404 23.1112404372 24.8014605268 26.4284359985 26.7720265676 26.2200692914 24.7405873281 24.1819972912 25.4786781503
