Spatial_Output/DEC/DEC_1341.asc
NCOLS 155
NROWS 192
XLLCORNER 196307.867259
YLLCORNER 449144.565805
CELLSIZE 33.573938
NODATA_VALUE NaN
[rows 52 to 77 of 192, columns 0 to 56 of 155]
33.1175654108 33.2266827986 33.722786136 33.5293562679 33.5586004914 33.8237621378 34.3310321987 33.2742737142 33.1354396611 33.7768480135 33.1288750402 33.8575909082 33.1330816889 33.1831862439 33.2246824389 33.3769009742 33.391047927 33.1914540774 33.5438554573 33.9279350943 34.2719967063 33.6253621464 33.7122241129 34.2028569454 33.8794162584 34.3621160949 33.7050331766 34.0506063462 33.831807415 33.1419754565 33.6195518734 33.6987104109 33.2251675487 33.9594740689 33.6447594443 33.4482326646 34.0984416908 33.8949670982 33.526682582 34.2651536097 34.2811343296 33.9625228435 33.5671368798 34.1888988577 33.1290714806 33.0718189389 33.6079054282 33.4783131487 33.5988322983 33.6738695205 33.7851877935 33.6686066842 33.2931937006 33.0509845829 33.4074057099 34.2911685902 33.2932659044
33.6068226027 33.5979702531 33.0498229635 33.5469293512 33.406523337 34.0728846375 34.1407111602 33.4686538352 33.4310820963 33.9025312873 33.859120687 33.3429682906 34.2740390208 33.5106084916 33.1540648097 33.4275705504 33.4760765822 33.7611359532 34.2917374247 33.4519128352 34.3257713659 34.1828246126 33.0991813254 33.1744484795 34.2667426972 34.1755288653 33.980466938 33.1390718216 33.6068852036 33.1840686579 33.9099980977 34.1226910538 33.2237306726 33.9599530333 33.3772407966 33.5983234659 33.2464108734 34.3182372442 33.8351421303 34.0461623131 33.0924869312 33.3277040521 34.2267446684 33.8783580493 33.4243116651 33.5253773848 33.7731486417 34.3973893007 34.199979558 33.1507849585 33.7115665892 33.4247542305 34.2033696816 33.8012083992 33.1555244273 34.0096456386 33.5269165341
33.1854148064 34.3787866749 33.4566746673 33.9374968089 34.0312639093 33.6799868069 33.8826609515 34.114712937 34.0140512533 33.1328124425 33.247119902 33.6000277789 33.7643759537 33.5487218501 33.8456200954 33.2352633365 33.5641779309 33.8993327786 33.8266455446 33.3082391755 34.3647710652 34.3998927215 33.2454018417 33.7340510071 34.1534080176 33.9239699142 33.5094609076 33.6850403679 33.9774283248 33.8695255552 33.1479050406 33.2248463499 34.0258088131 33.8517914224 33.8005671063 33.4171160318 34.0923033555 34.3233450685 33.4899561381 33.2663502482 34.0380142721 33.8125574442 33.9236138795 33.4908721036 33.8763972222 33.5350980923 33.7894850821 33.279384845 33.4171845143 33.3833639854 34.1545747221 33.6771508514 33.9421657795 33.0835424873 33.3800486066 33.3146483306 33.2555774302
0 33.516253111 34.3458507185 33.1916390388 34.3352865519 33.9095296149 34.41225191 33.705717626 33.5078997135 33.5744586054 33.9102114622 33.8715054666 33.2589970164 34.130829885 33.5136203998 33.5474722157 33.7633660779 33.5767052495 33.5233049569 33.4798127145 33.4583388408 33.8467971937 33.7176471191 33.5224518701 33.1302358487 34.1858856761 33.881302621 34.2652581249 33.7617709724 33.9941206739 34.1450773753 34.1611861875 33.9895447744 33.2026901096 33.0725550494 34.2990036461 34.1659030832 33.2032381902 33.2245775864 34.2137606768 33.4257846163 33.5883219267 33.5107235493 34.3773927556 33.4615293167 33.1228163118 33.5782654119 34.1408158585 33.4131916943 33.0728096158 34.3269436413 33.5561414025 33.3081776146 34.1174252067 33.8240096078 34.1688835598 33.6489958238
0 0 33.7958227962 33.6296167705 33.9646429608 33.2725699791 33.7920735635 33.9918215847 33.0798137233 33.7860362434 34.2346833418 33.8573396269 33.140630064 33.6623691803 34.2437315874 34.3831150851 33.1820605131 33.1279981175 33.5148553816 33.9071795904 33.2360963446 33.442194423 34.303013949 34.0162855044 34.2177875716 33.7214131088 33.4948121601 34.054376861 33.7760140122 33.2818766536 33.4024953823 33.7067083211 33.5835538455 33.3077994815 33.5433400511 33.3086135622 33.9655197274 33.5789509955 33.8488250955 33.5947682502 33.0487952565 33.7999807997 33.2829129498 33.3051942138 33.4898070704 34.1956731233 33.8954393684 33.5696528328 34.1267115014 33.8216720954 33.4195810988 33.6156783845 34.2076056516 33.9334297554 33.8536961644 33.0378836743 34.1622479617
0 0 0 33.2708610206 34.0857708824 33.3554452765 33.7170298592 34.0375589519 33.1292118661 33.3674692882 34.1989591955 34.3982305244 33.7417840278 33.6339988553 33.0389701656 33.7594242843 33.119274724 34.0043103783 33.512958296 33.5849422906 33.3138530657 33.4766512349 33.0215373526 34.2916071801 33.4182955396 33.2130599412 33.1128138351 34.1969374056 33.1739596738 33.0740900954 33.4066389359 34.2423118336 33.8288630421 34.4019882668 33.0700369939 33.1087743416 34.2502633395 34.4078414085 34.3936141087 33.4042251145 33.0031859382 34.0640483026 33.3996532712 33.7635467745 33.3355941347 33.9451791917 33.4356459217 33.756292458 34.0338485343 34.2990886432 33.362266404 33.0841279256 33.0780308739 33.966289022 33.4829621663 33.3723404107 33.4215155673
0 0 0 0 33.1959231774 34.1484071618 33.8953482175 33.2112922377 33.1468217057 33.2807842591 34.2557308815 33.4689468038 34.3228730582 33.1746263543 33.2597753703 33.63579161 33.6999929674 34.2321058902 33.8224097505 33.5372476162 33.4613408607 33.4606922175 33.806936857 33.3738962596 33.0755104677 33.8149321219 33.645839935 33.3150743506 33.1168727894 33.8491021383 33.5646611746 33.991626752 33.9636802405 33.7489409918 34.307791249 34.1432033201 33.2068675318 33.0858104502 34.0660058912 34.3826629394 34.2774729649 33.5155132209 34.0410738702 33.6371842819 33.3173372387 33.9478444948 33.573757698 33.297869508 34.2612759624 33.4633707884 33.0163511974 33.8390279562 33.9733411954 33.8275995782 33.6016384994 33.1802021694 33.0145005171
0 0 0 0 33.0951189947 34.3879724742 33.5325393304 34.2435726195 33.7134811833 34.3814903634 33.3843090565 33.3850228789 33.312087634 33.2739216153 33.0572591319 33.4916927351 34.4093289612 34.0456230472 33.7288070286 34.3290753189 34.2437651792 33.3744856574 34.1491711289 33.8761081898 33.747456671 33.0305730225 33.8064574576 34.3891880968 33.1979266069 33.3465959676 33.0973065033 33.3597751797 33.9169802968 33.9221417026 33.6911909198 33.3294563008 33.320282781 33.5487751683 33.7305502682 33.4565416151 34.3723211173 33.8318464957 33.4276548437 33.8408462396 33.7328322768 33.5244440765 33.9000798257 33.8192555255 33.8525434289 33.9951457075 33.1390457876 34.2251117704 33.7823970393 33.5621068421 33.8738534764 33.3463996986 33.0134549325
0 0 0 0 0 33.289798148 33.1590687603 33.0577577383 33.9525039255 33.7154008175 33.3097275609 33.47812979 33.475649704 33.3005541999 33.007754906 33.4473030333 34.142424015 33.1695078065 33.2901599289 34.085404049 33.6117493212 34.2054216618 34.40244091 33.9137094309 34.3529181499 33.7439182346 33.8546970566 33.5813785151 33.8873870035 33.9085596816 33.2658229341 33.5556623741 34.399290369 33.30308531 33.8524625739 33.1646434676 33.8938724032 33.7360475484 33.7915019808 33.3664849241 34.3911294494 33.5102650939 33.0190153817 33.3044452579 33.2308290199 33.4886367146 33.8436123244 33.2659681552 34.3979439016 34.3152485086 33.2814817409 34.2384564993 34.1834554446 33.8028008212 34.0328267109 33.7793974632 33.196016102
0 0 0 0 0 33.0011370625 33.5565259697 33.436885952 33.8880055162 33.1176875306 33.9381786698 33.5317246829 33.2497160327 33.2342902774 33.9448089922 33.8059397489 33.9337776955 33.7495863813 33.0432992976 33.2211298444 34.1695905646 33.7262401376 33.0875217254 34.3733502952 33.745514558 33.9254476064 33.0710014641 34.2413277991 33.3297199686 33.6805328056 33.8539646371 33.24913698 33.1027558166 33.201473001 33.1679918309 33.86188704 33.772010109 33.1349242157 34.0197884218 34.3057731793 33.330430188 34.4078714357 33.9819375177 33.3655483607 34.22493371 33.7595257467 34.0831259977 33.5371143123 33.7102773849 33.1918462551 33.6122935581 34.1846542979 33.1142755561 33.2966328505 33.6333987205 33.1319498889 33.6529478827
0 0 0 0 0 33.2986486664 33.1511270799 34.2421099016 34.1368461871 34.0151779696 33.3040976303 34.0837036971 34.0712774774 33.23114269 33.6161959077 34.1204277174 33.8813121211 33.1424465498 33.2257433883 33.5151062694 34.3118688097 33.277433722 34.2265179599 33.1367130411 34.0781642721 33.7653065281 34.1909664438 33.1702839626 33.6449385628 34.1296279829 33.8850918997 33.3283791919 33.6283829295 33.7199611685 33.6619723509 33.5946509208 33.5211530734 33.3893581267 33.6584584048 33.0508246549 34.3838940611 34.2293966534 33.7285711689 33.0108172571 33.4481395492 33.8774421649 33.1413634126 33.3134822709 34.1574718045 33.4247437812 33.5106206331 33.7065727979 33.8556750113 33.3535448305 34.0074283248 33.9645968019 34.1754291743
0 0 0 0 0 0 34.2271402985 33.1642368468 33.355532406 33.8747240163 33.9171950074 33.2453656922 33.5215088236 33.6391278807 34.3643251292 33.0027398547 33.0705829333 33.485428656 33.7774595021 34.0163822248 33.6782845793 34.2286993052 33.1332699209 34.1789416621 33.3293319278 33.5506572291 33.1224769379 33.7592658916 33.8955812221 33.3270968594 34.0295054193 34.1838738095 33.0083256666 33.1046303911 33.287983653 33.3955576077 33.8046294017 33.4452740771 33.9961588155 34.1869893182 33.4560713484 34.0775799773 34.083277643 33.1269360541 33.4476393854 34.3853970016 33.6777975614 34.3902057231 33.3403889924 33.405065147 33.9120717995 33.5128028943 34.2720305142 33.5263661046 34.0983933996 33.7778911375 33.0908877244
0 0 0 0 0 0 0 33.6144268764 33.316977083 34.1449303129 33.2328043179 33.8719024487 33.712465117 33.1861131992 34.1299592538 33.5060645161 34.4031850961 34.2433798531 33.7193607308 34.1205540386 33.1345013503 33.311196275 33.1458328745 33.3846500324 33.4757602144 34.0397344365 33.5679202127 33.7934057654 33.4657180049 34.0294934102 33.2786833295 33.3745078141 33.3438376142 33.0195472422 33.6012028617 34.1394256978 34.4121494338 33.6564942462 34.1965480385 33.8889018512 34.1382539983 33.3894957566 34.2280031621 33.0957505559 34.1433066885 33.3470130568 34.2317886871 34.1943109393 33.3034043611 34.1975562636 33.7801984873 33.4613873131 33.5215858108 33.55115416 33.8879994367 34.2448816232 33.6260305974
0 0 0 0 0 0 0 0 33.3924922548 34.2201103241 33.0260018369 33.3629381704 33.160253767 33.593082776 33.2501959554 33.5006436354 33.5497893405 33.9263693646 34.2332437987 33.4867666379 33.596955596 33.6988882874 33.7395481173 34.2950456386 33.5277968834 33.9680672183 33.8836268977 33.5120315322 33.8367982819 33.0895051914 33.3966771906 33.8770473108 33.1689161366 33.7764638817 33.5984763184 34.2487110792 33.4842774217 34.3889919518 33.8622842615 33.3844711416 33.7880508205 33.3608623617 33.335638706 33.3838339059 33.6069614083 33.8193900535 34.3165607623 33.1955213912 33.8585597248 33.2952705025 33.3387370131 33.7288945563 33.336114906 34.2465945909 34.1437403717 34.4069724014 33.0199357523
0 0 0 0 0 0 0 0 0 0 34.2856637828 33.7290351628 33.1978154047 33.2373018529 33.8755892015 33.3226414905 34.3435833631 33.0013211874 34.4007664271 33.0011839563 33.416574686 34.1994648096 34.1691570195 33.4662416054 33.8534370635 33.5113117878 33.7155966356 33.7408951376 33.5469093183 33.8548424915 34.0380961479 33.0226741608 34.0345449397 33.5173548086 34.0047307728 33.5586205497 33.7401267681 33.5815702319 33.2308758837 33.2129464944 33.801909183 34.3057997901 33.1283760076 33.4357506785 33.5675943209 34.2111143379 34.3013173816 33.4843397709 33.8110871885 33.753938308 33.2328810699 33.1704329236 34.1977001011 33.6322944764 34.0590642209 33.3880113776 33.7741081159
0 0 0 0 0 0 0 0 0 0 0 34.4091701035 34.4012559333 34.0327290753 33.6147505363 33.4370833897 33.1847034068 34.0701181758 34.0148271059 33.2348468015 33.4616055631 33.250171285 33.1737234709 33.0445054798 33.9220335421 33.9271717813 33.2681436771 33.1271883875 34.1750579706 34.2827104729 34.0239814411 33.6106794949 33.8808201884 33.818759513 33.7396808085 33.7556729889 33.6539149302 33.2551429943 34.1456417084 34.3146079582 33.604038077 33.6927465383 33.8100413399 33.7056687796 33.000454085 34.2068689561 33.3374296856 33.3646192314 33.1805211457 33.4780982205 34.2649045082 33.9306017833 34.1549271023 34.4017535031 34.171822139 33.0031970994 33.6798886106
0 0 0 0 0 0 0 0 0 34.3900298804 33.6156670124 33.9249436219 33.0209164004 33.8567550183 33.9546027834 33.5062030762 33.5017058468 33.1905686642 33.9421763721 33.8679089336 33.9149077597 33.8343261789 33.1230607909 34.0900139031 33.8284133345 33.740663952 34.3370135711 33.6808496304 33.3628386635 33.4823873462 33.7457842771 33.5491109884 34.1164852133 34.295664176 33.1798537597 33.2986471383 33.8041421628 33.3843103127 33.8577127481 33.561279284 33.6813239779 33.5855509863 33.7130211494 34.2463451973 33.1129517283 34.2013664544 33.5360483722 33.347778844 34.2305068106 34.0536153732 33.4200553266 34.1402179062 33.2520246921 33.0056818185 34.0062215829 34.2172573108 34.2389919757
0 0 0 0 0 0 0 0 0 34.0582065958 33.5845294031 33.5415301334 33.4521469962 33.7018977715 33.8350489386 33.1776501724 33.3834672732 33.9079338057 33.0557060018 33.1473836599 34.0944569814 34.2533276002 33.2246978175 33.6675437022 33.5386866907 34.2777296289 33.8618501557 34.3358651422 33.9446012344 33.0230744052 33.5879880621 34.129258361 34.1108971458 33.4422541493 33.8733917415 33.5190840329 33.0204945436 34.3406645528 33.0292061546 33.5863542825 33.798832433 33.828237434 34.4122363907 33.8882246778 34.3401105213 34.3109519388 34.0212823941 33.9739419479 33.7384325279 33.950905275 34.0125635826 33.3594881446 33.4027198244 33.7995807944 33.3160032992 34.0478515775 34.2247989816
0 0 0 0 0 0 0 0 0 33.8752581031 34.3578925183 34.2798245915 33.0455517953 33.9307195902 33.5587533465 33.5059552008 33.3678364018 33.2571853109 34.0254996959 33.678554244 33.8155435605 33.6217186728 33.2812737141 33.0021359411 33.739111722 33.8318525155 34.1930676516 34.0121713658 33.9734490801 33.3049817856 33.3987903617 33.5882266627 33.2221671741 33.2433879919 33.4497277266 33.1652923815 33.5022224242 33.7966546584 34.012596867 34.3455316334 34.3082689789 33.8699106423 33.106822413 33.3942152541 33.2183187781 33.0348922848 33.6548148354 33.1305597018 33.3881792925 33.4832148938 33.0775198556 33.0963081837 34.4110514614 34.3246118159 34.008745545 33.2993992235 33.696601597
0 0 0 0 0 0 0 0 0 33.5671937478 33.4851982655 33.9784697522 33.898618131 33.4371408269 33.6530402686 34.1903648655 33.867874467 33.2380420185 34.2896942456 34.151376615 33.3044208527 34.1524060054 33.9055507611 33.4549192165 34.1167181147 34.184383228 33.1170456714 34.0211969497 33.49861943 33.1802468101 33.2192255713 34.3779920289 33.8336649392 33.5893260718 34.2787262793 33.5031743793 33.3266503566 34.0490391788 34.3420059614 34.1507792255 33.3152845655 33.6118089013 33.2620164517 34.0220529061 33.6468321117 33.7660981916 33.7642177461 33.2540768986 34.0458140354 33.1313449068 33.6089161013 33.5675670366 33.6764215724 33.1985354184 33.0590137831 34.4075333848 33.288917506
0 0 0 0 0 0 0 0 0 33.0348348442 34.1443338106 33.7911054594 34.0327357239 34.3313342044 34.0408561754 34.3364105737 33.5862248379 34.1710166645 33.8952169616 34.319488667 33.6877941074 34.2869060579 33.4777866125 33.1140757047 34.1316835464 33.4849997113 33.811080127 33.4745940742 34.3966295667 33.553050285 33.4890425195 33.3982792633 33.1333288364 33.9486603032 34.2983615019 33.834612039 33.6792754801 34.3154621837 33.9360133947 33.3647990789 33.4425872074 34.0279787164 34.0824311572 33.6224802653 34.3079452092 33.6854332522 33.4351121778 34.2428394003 33.2656766836 33.5699034812 33.0869053285 33.8204810362 33.3222710425 33.8522182293 33.5444844502 34.1284730969 33.5511779697
0 0 0 0 0 0 0 0 0 33.6119118872 33.3501585844 34.3356739244 34.126011359 34.0327677748 33.4252230969 33.1040643877 33.7554486679 33.7206652876 33.5489145364 33.3055136663 33.5145670246 33.0130382112 33.3849323258 33.6900938546 33.5812726843 34.3781237357 33.0891000277 33.1410514725 33.3506321277 34.1075721986 33.2012211046 33.1042806361 33.8060902335 33.2837983114 33.5202214314 33.4154688011 33.3531912149 33.7891896176 34.3118894313 33.5663470765 33.1602644201 33.086717091 34.1374785569 34.1758103888 33.7523938696 34.0849803328 33.2632534404 33.5777833433 33.0330086531 34.0826713906 33.6877511388 33.7601779496 33.1571271521 33.6737404899 33.5672306149 33.6115209928 33.1118852486
0 0 0 0 0 0 0 0 0 0 34.1422546018 33.3492481976 33.6641792166 34.1898668241 33.4403756461 34.2651506017 33.4301432038 33.1592802716 33.6736430149 33.5046947832 33.2450023196 34.3457485811 33.3702866059 33.0520139932 33.8287716872 33.1263167396 33.0721852394 33.7902923215 33.6799062952 33.3297256423 34.0070206805 34.2998083794 33.9462241445 33.9486626906 33.706740622 33.6304739077 33.7346090119 34.1400122128 33.2030321755 33.1355236934 33.3578341718 34.145215486 33.0990398862 33.4532218014 34.2812266006 33.256772409 34.2450033892 34.1667746248 33.0001676048 33.4155895178 33.0422367224 33.469260509 34.0447116205 33.7430371788 34.016898673 33.210521387 33.7624381914
0 0 0 0 0 0 0 0 0 0 0 0 34.0271634063 33.1344598866 33.2420559535 33.0233017545 33.4918184172 34.2683806303 33.3360561204 34.2882558085 33.412416539 33.0530391557 33.3535772552 33.9726096721 34.3706620983 33.971365635 34.376369518 34.0156619461 33.0552131845 34.1147151685 33.3610656537 33.5441480198 34.2143927574 33.2682964558 34.1568636579 34.350942785 33.226005695 34.0604312364 34.1569921681 33.365246631 34.2928736871 33.2944574645 33.4188163352 33.0984958926 33.1428448664 33.7961855662 33.773046521 34.0270482246 34.042637724 34.3198096883 33.5928095739 33.9645376566 33.3584128199 33.1213949344 33.9667739494 33.6659400057 33.443404149
0 0 0 0 0 0 0 0 0 0 0 0 33.913719277 34.0811426548 34.1484692057 33.0968428073 33.1973577911 33.4380831319 34.2276363391 33.5463147342 33.6879845051 33.7846559501 33.1241196653 34.0283954172 33.4401486539 33.1595981749 33.8361782818 33.2381932154 33.7518103488 33.521738124 34.2730331348 33.2459590496 33.9842687438 33.347569975 33.0254087056 33.5936201372 33.857052526 33.5024888301 33.5098354406 34.1884064399 33.6315139032 33.2546950001 33.7313142427 33.4292045889 34.2932136499 33.6384216318 34.1894790978 33.1304806513 33.7009979307 33.9434962097 33.2030234749 33.7756888664 33.7425327063 33.2736435264 33.026018732 33.4620120734 33.7089175562
0 0 0 0 0 0 0 0 0 0 0 0 33.973800414 34.1106473904 33.7879860308 33.8335617675 33.2204719627 33.1849494791 33.2026663882 33.1107687333 33.5611800948 34.17624186 34.338203177 33.0988647615 33.7422039772 33.7143899993 33.8826779824 33.5662185399 33.5828284725 33.3267112148 33.8582957532 33.1941565571 34.0574730611 34.194655868 33.5131170383 33.7746284284 34.2646684779 33.425306904 34.2048961632 33.5492880373 33.4425672758 33.2950231273 33.2862407287 33.4679840298 33.358588022 33.5505520352 33.1276337382 33.5566984913 34.1063925739 33.1486594757 33.4943639171 33.4144502068 34.1575760753 34.2316304301 34.2309360992 33.685002833 33.2825744568
