Spatial_Output/DEC/DEC_0504.asc
NCOLS 155
NROWS 192
XLLCORNER 196307.867259
YLLCORNER 449144.565805
CELLSIZE 33.573938
NODATA_VALUE NaN
[rows 104 to 129 of 192, columns 57 to 113 of 155]
27.2467349719 27.8034533321 28.1906206184 27.2233222761 27.4961700927 28.0526058719 27.2920391686 27.2898707832 28.1521657323 27.1237731149 27.8057733777 27.2116703904 27.7402134567 27.0429508868 27.2096757526 27.5563968353 27.5111392538 27.6847162294 27.9221069169 27.0600881126 27.4142514284 27.6261126777 27.4755639147 27.6210143921 27.3433352247 27.590182608 27.7348063279 27.9501468439 27.463188717 28.2628982039 28.3717718572 27.141874474 27.8696173004 28.4137394735 27.4629039149 27.7477276564 27.4794244235 28.2783972905 28.3417468579 27.6527088306 27.059277514 28.3367567363 27.5204457739 27.1702325469 28.2665566268 27.9836239589 27.612395481 28.0413889862 27.1575461184 27.2945426423 27.1598761608 27.5293439713 27.699822091 27.0832037295 28.0669378906 28.3705739858 27.0663027386
27.3653377671 27.010312544 28.012060922 27.5694824604 27.8113275096 27.6039362596 28.0747597742 27.1906831231 27.8096626339 27.0628662849 27.7398676982 28.2060848534 28.1770778236 28.0748101884 27.3916333705 27.8350765154 28.2146724408 28.1009511384 27.3568351463 27.9807978886 28.2170819289 28.3540662655 27.2679356089 27.4043354817 28.1230656359 27.6807420004 27.8311361214 27.8182996789 27.8389462386 27.3472405195 27.3547292903 28.0531048061 28.1163841936 28.2182902095 27.0067561267 27.5522444142 27.7237322297 27.891753505 27.1329741362 27.8761047845 28.0628170686 27.7931087808 27.4188239199 27.2057036072 27.4279288556 28.1744830811 27.0946431794 28.0333274616 27.155137189 27.8339326837 28.0568329596 27.0728407551 27.3384666594 28.0379484055 27.9214050789 27.7520553411 28.369203632
27.1234224474 27.0925069543 27.8994313619 28.0043241954 28.1281227804 27.6699639252 27.6740319229 27.7514515029 27.9153163473 28.3191129888 27.684050227 27.5440355578 27.2990620284 27.1932211932 27.3390298926 27.3288520551 27.4741282302 27.3388666633 27.3987505102 27.3009161539 27.6289661515 27.3674981801 27.8044933452 27.405901064 27.9507522775 27.0733115976 27.1747531385 27.7121204044 27.0398722772 28.2291121348 28.3894981965 28.2026392771 27.6926900167 27.963480387 28.2228027743 28.4054945662 27.9050762504 27.4754826993 28.2833705263 27.9575266887 27.2457157988 27.6223753738 28.2355434899 28.372827942 27.0601510869 27.9547906935 27.3538028177 28.0046220421 27.8923702666 27.8121544612 27.342596042 27.9501995142 28.1557866488 27.640741459 28.2613444354 28.4100624979 27.3949515054
27.0439183531 27.3279069685 27.4128905511 27.9772791958 27.6481500324 28.3148128719 27.0630482613 28.2334631867 27.8259926421 27.9429538874 27.804964548 27.4274782657 28.1537451973 28.1726339657 27.6970376387 27.5691643623 28.1015166984 28.2841231693 28.3827258201 27.1622601172 28.2775393183 27.2825168214 28.2052670751 28.0220922451 27.5766814543 27.4572004236 28.1132195621 27.0003345983 27.5530244102 27.1880180332 27.1462363825 28.0793491837 27.8025647395 27.4256809525 27.8083970715 28.1327633507 27.2816973924 27.3323229015 28.0313210512 27.0000706983 27.4295876722 28.3660041616 28.3678668411 28.1374042269 28.2002460339 28.2910159441 27.9420046303 28.1334195343 27.1905753911 28.0397349792 27.2092458937 27.3528798306 27.0079304543 27.8801415621 27.2228390626 27.9662226962 27.1895667785
28.0730379214 27.2853466408 27.085067986 27.965781822 27.3477297631 27.2275483843 27.5613946983 27.6798210961 27.2189249634 28.2724335426 27.8968794652 27.843006839 27.6186100736 27.435934456 27.9438642201 27.4730123797 27.0240750009 27.0958928912 27.656636111 27.494354581 28.0600281453 28.004815543 27.2445129812 27.4182032431 27.3051853602 27.6305162527 27.5306928153 28.2359125776 27.2161915337 27.5993788659 27.9757217657 28.0745340372 27.4765353197 28.3346356058 27.5826113228 27.0678686813 27.1367120846 28.0964141657 27.4856100098 28.4008146863 28.1253026123 27.556199294 27.9126071153 27.9853714737 27.9508329 27.2497862981 27.7412180328 28.3458362574 27.237378045 27.217580726 27.9227695623 27.9777820458 28.1234945517 27.6748010804 27.8447432282 27.8607857775 27.897390129
27.4127290961 27.7044413841 27.7433723735 27.784539213 28.3011387696 27.5074196341 27.9430346533 27.7465316698 28.1477498749 28.2168501931 27.7729003502 27.7063219795 27.1314020773 27.921263335 27.329299689 27.9483128893 27.3235275794 28.3877776144 28.3510199277 27.8288090765 28.1861920755 27.6421844576 28.1358669762 28.1569672497 27.1956289438 28.1547180343 28.1615387292 27.983694409 28.1802710799 27.8555443528 28.0034895436 27.374837881 28.4042485208 27.2494643509 27.2990381277 27.1398143688 27.5633920327 27.0839548401 27.7076055861 27.7716893884 28.224943809 28.4048061106 27.1857930364 27.3236992992 28.3696372523 27.5800056469 27.3759489541 27.6623978564 27.7157641216 28.020617043 28.3365374999 27.5114908097 27.6182442432 28.1821548976 27.5703311688 28.3980118157 27.0993401443
27.922593972 27.7670138258 27.7156184393 27.9456777366 28.2031265038 27.9516441163 27.7914322704 27.5697121559 28.0526485624 28.1359805792 27.3119537236 27.0655459207 27.9135953264 27.7718839037 27.036982429 27.8736377044 27.6512285011 27.9738732105 27.5053392165 27.2869643582 27.364624724 28.3032290741 27.7626109309 27.2788306623 28.3108758531 28.1540656692 28.2677944826 27.8501521438 27.2535433695 27.415288892 27.2511849691 27.3721566127 27.4282473504 27.8535604898 27.6088356747 27.0825141136 27.6875391792 27.7684105225 27.9635393124 27.5847543816 27.8642512415 27.6499759079 28.0375737927 27.6685278332 27.1899170092 27.6407908509 27.5129825515 27.8000704665 27.9882276263 27.2447839645 27.8780086058 27.9871214652 28.1642028506 27.93268566 28.3471110807 27.4923691048 28.2249998644
28.1262912932 28.1167647477 27.6980173119 28.2113206861 28.3928557183 27.5697333838 27.4826881945 28.226233441 27.6752983275 28.1410775144 28.2002650124 27.1704961806 28.3364311875 27.7124509336 27.7033610757 27.2987672872 27.1734072114 28.2162152324 28.3492582555 27.623918895 28.2153029157 27.8425413829 27.6620746907 27.1891643468 27.5473794675 27.3467536077 27.2127640484 27.6068910182 27.816429281 27.9022889847 28.0077732734 27.2956078516 27.528397658 27.8813502023 27.4406858611 28.2284407746 27.144007671 27.8107672031 28.10750182 28.0016319301 28.3997570044 27.2151797966 27.3594892403 27.515694345 27.583417951 27.2490304159 27.111528767 28.1063509268 27.9410584708 28.0107808137 27.253676627 28.1858204001 27.4622482776 28.038140096 27.5704825654 28.3512184196 27.7337003165
27.5156212734 27.445030051 27.8692072242 27.7619120166 27.5671157402 28.2583536839 27.7117042656 27.1333716423 27.8251668655 27.4396196028 27.7708510666 27.1586336586 27.2356122854 27.4903089634 27.2913923941 27.5584046271 27.1752898605 28.2293132149 28.3858838499 28.102962027 27.9125975976 27.1955025672 28.0134961999 27.2540089542 27.7682885933 27.880135047 27.0457067879 28.3173832049 27.0009644089 27.6708402578 27.0888762789 27.8687300713 28.0567442934 27.4627087791 27.2391617509 28.1855887363 27.7830860188 28.2945210465 28.2184362462 27.9690593291 27.8262515596 28.0319375192 28.3830386501 27.5271245972 28.3416095645 27.1085183332 27.4667967545 28.3634500539 27.1009354624 27.803097472 27.9274695225 27.9475843492 27.4348832179 27.9658977527 28.0076117519 27.3505730274 27.8091907728
27.8294427423 28.4099967777 27.2020849738 27.3978364182 28.1136574146 27.938197257 27.3833589281 27.9637097651 27.5927065229 27.1353342377 27.7692587106 27.0120951518 28.1857194011 28.3344096196 27.0229607226 28.2915895585 28.0484393108 27.2214804014 28.2220685987 27.0116961504 27.2482187738 28.2886707759 27.0566062576 28.1931651161 27.3729521055 27.6183455093 27.3173758365 28.126795473 27.3851873939 27.892569434 27.5053278074 28.0101357799 28.3806684975 27.2995349186 27.1948319657 28.1384515788 27.0371846761 27.2509248061 28.1539417984 27.8065874875 27.7309479498 27.1975296013 27.2114838066 27.9019045145 27.5479991856 27.0684863203 27.5681261909 27.9421168138 28.2080218309 27.2945155374 28.2225162859 27.4700594961 28.2787466125 28.1420804724 27.6564844854 27.1931452691 27.2776846914
27.8927717855 27.5592078679 28.0736996594 27.3747883916 27.3617619442 27.5917285626 28.228921126 28.1663770315 28.1764077323 28.1329836496 27.0638864465 27.2087906677 27.8599335388 27.5471945912 27.9062694469 27.1278013496 28.2212821904 27.3490853415 28.0813034529 27.3053095724 27.2497072636 28.0118737723 27.4203627412 27.6918053287 27.8639490263 28.2654516885 27.2946158546 28.2991796813 28.0011091785 27.0272301161 27.3072264805 27.5350509942 27.3348056793 27.4322350696 27.9012929908 27.2347259547 27.0592438422 27.2078808545 28.3344458749 28.2759520578 27.8095416457 27.4982889617 27.9330423188 28.0038611914 27.7133291412 27.9808950419 27.8327481676 28.0389977846 27.6075515031 28.1405031339 27.4080192199 28.1681040803 27.3819089041 27.2251244923 28.3643989104 27.154832271 28.1900523917
27.7053602542 28.0520664306 27.2111010447 28.2891685261 27.8888902013 27.471234668 27.478725548 27.5796183909 28.1265069825 28.0065882064 27.6042213441 27.6907024217 27.5186718403 27.9895632817 27.4394629822 28.2587664734 27.1366109798 27.0349786416 27.5769537982 27.6463122383 27.8553013696 27.5348227902 27.2350247731 27.1692883241 27.5904893842 27.3496113328 28.1610104198 28.0114923451 28.3863038687 28.0824274772 27.9161254489 27.5931201088 27.4069303536 27.3821212932 27.7159057026 27.5409620788 27.6980587359 28.0523491022 27.946150076 28.3496826386 27.1141506554 27.6429298364 27.778879328 28.178282358 27.5536008265 27.2374604195 27.3263895728 28.3261866821 27.8225616754 28.1685888622 27.0182158466 27.6641934159 27.069114943 28.2988301948 27.0349527572 28.0430473165 28.0710351346
28.2690766692 27.4875175206 27.536111564 27.8560644508 27.4601314504 28.3659128733 27.1096989084 28.2530407335 28.1803632804 27.370855191 28.3174982589 27.9069763406 28.2997340276 27.0269304774 27.2277894858 27.9576897925 27.1145879017 27.3186630262 28.1324787252 27.667036239 27.5360545644 27.1587306117 27.5048740574 27.2063570524 27.1728925959 27.9822208197 28.0632658618 27.7013710651 27.0453847636 27.1026284731 27.9899971429 27.5859418745 27.626816937 28.3082724586 27.6634508535 28.3657634055 28.3016564167 28.357384593 27.8300941689 28.409123275 27.5835908313 28.4116050256 27.2326683797 28.4073959711 27.6947188393 27.8388283228 27.2413193521 28.3122642602 27.8074907908 27.4194920884 27.0733183183 27.6858483132 28.0043648044 27.0531512296 27.0896049197 27.3206698327 27.1928806681
27.5726075949 28.3899629619 28.1771976794 27.6275682007 27.8557240823 27.6709037369 28.0259892193 27.0454948747 27.1401009918 27.2029411623 27.115655992 27.1435233276 27.9327810562 27.889277771 27.896335984 27.4134531569 27.9338053595 27.6310466852 27.5154804301 27.7027070985 27.1387476471 28.0206170897 27.284781924 27.8251402627 27.3390532463 28.1928056668 27.8299240321 27.7116888769 27.2481011431 27.5342225484 27.2682858808 27.0799422742 27.3129855461 27.9258701445 27.1323351058 28.1050808162 28.1191034394 28.1728215061 27.4076338879 27.9950719706 27.4452157874 27.0118239114 27.1422162408 28.1929425147 27.0014492196 27.5910318336 27.4417397278 27.4674211208 28.192995489 27.9756542787 27.0586064975 27.3225072695 27.1095543883 27.2608959879 27.1055792294 28.3868234432 27.677881444
27.3959977327 28.1071886242 27.1956491591 27.0021548886 28.1900184153 27.3764331294 27.9533834182 27.591377805 28.395288644 28.0066070915 28.1576068341 28.1687762645 27.0281888344 28.1889175505 27.7671511084 27.6934729798 27.0577252059 28.3180529224 27.0583351988 27.943673209 28.233867811 27.3842045915 27.8857668141 28.204287975 27.0089231345 27.2908197118 28.4079359269 27.5226393867 27.1000049018 28.0118884676 27.5722471028 28.0977927633 28.1125724109 27.9655215919 28.2895829211 27.2486605312 27.7344950661 27.0012763884 28.2245698969 27.6802727529 27.5690242319 27.9603117338 27.7383325573 27.3460849101 27.637772967 28.0719024997 27.6410873175 27.3097138182 27.8478742684 27.2057683593 28.0126811895 27.7290366935 27.2104282342 28.1935144638 27.9092083034 27.8340753873 28.2490853569
28.1498413827 27.7088005798 27.5422636425 28.2939048571 28.1956369959 27.7961296971 27.9644445724 27.2852038053 27.016991684 28.3591665287 27.9555536179 27.7396553499 28.2846811403 28.3334553653 27.9971474885 27.888869609 27.2351197247 28.0697455924 27.7164395497 27.2494446835 27.989264007 27.4206545858 27.8264317739 28.4132276971 28.0513721765 27.7296782314 27.8650525779 28.3074611681 27.0891215261 28.1976186597 27.1073183742 27.8828271148 28.1872989614 27.1633754438 28.0401133545 28.3964969729 27.813412765 27.9997066963 27.0455541423 27.6527312993 27.7919787528 27.465554288 27.4680733251 27.986082332 28.1591255874 27.7414982062 27.1672134087 28.0651233002 27.6300790889 28.108332022 27.3409780135 27.1426601213 27.7153467251 28.1920803301 27.4678797116 27.673311811 28.348399951
27.0432499481 27.88936813 27.7916311253 27.1252564485 28.0745639997 27.2390271636 28.1303767503 27.4581174635 27.9583242281 27.3457829816 27.4714564264 27.2911110617 27.4199678238 28.2129906386 27.0304549155 27.4753107546 28.3069352452 28.2908920629 27.4057109414 27.1647647113 27.4870296135 27.1689847924 27.3934969836 27.752914281 27.8308766707 28.2338054114 27.8064953559 27.9452485748 27.0185241565 27.4276560523 28.1189993862 28.2888403631 27.6445892067 27.8772628582 27.6235067018 27.9645050896 27.4573342675 27.7630481962 27.1294323066 27.4019214095 27.6481964494 27.7306106886 27.2053195337 27.0313855622 28.1905817177 27.3047510013 27.3814301633 27.5814336852 28.2335998414 27.6483743701 27.3998443977 28.0874166912 27.8048667523 28.2237390963 27.2470739352 27.8461983318 27.5981656948
28.2018173856 27.3059235928 28.3400372178 27.7131793821 27.7911588269 27.4862236441 28.3775556199 27.0446444475 27.6725255134 27.346370858 27.174032878 27.5874949277 28.3951642486 27.2655482498 28.2345397711 27.459985066 27.1967423348 27.1180986832 28.1283880989 27.9024510419 27.7314357392 27.920613129 28.34254967 27.9674960499 28.3128572797 27.0915051848 27.016068303 27.2512062886 27.7392946309 27.0159662495 27.4983870772 27.8960252197 27.3866759247 28.2035540032 28.0733531867 27.174377913 28.0905839381 27.1307584364 27.8133996735 28.0949872785 28.0098752334 28.0156503037 28.3011042381 28.4076872361 27.8356719075 27.1064231314 28.0202836131 28.2330788095 27.0575188752 27.517876822 28.1898920417 27.9488313689 27.271128892 28.230487007 27.2266388358 28.0482415986 27.0251663468
28.2335196958 28.0386259946 27.7839346559 28.0485127927 27.0893174831 27.8131631118 28.0622982395 27.856065532 27.128242178 27.9171361813 27.9099038584 27.2282644983 27.101147828 27.446320421 27.7869852144 27.6295432384 28.3800942953 27.9088836604 28.3146921585 28.0419770033 27.2669537989 28.3770987967 27.5220712427 27.1939419805 28.1975503631 27.1506051218 28.0955587872 27.2620957666 27.0895557815 27.0565065156 27.6906112418 27.6132577865 27.0304105199 28.1937691744 27.2153150094 27.5665913675 27.7728867701 27.0335388125 27.9993070675 27.921638771 28.1632321241 28.0317235725 27.9054984509 27.845265254 27.0755529774 27.00543698 28.1435617491 28.0333904796 28.1990379503 27.0929056659 27.7304138857 27.1261001038 27.6833908772 27.0368210572 27.6429605796 27.5658472936 27.7898075063
27.9288476409 28.3263973826 27.720683905 27.1401903068 28.2316868323 27.7915010988 27.1394332552 28.1160598955 27.7304328931 28.3433598369 27.6220468416 28.3346544729 27.2562958 27.1582558624 27.9721049622 28.0735417098 27.1227618218 27.3462910396 28.2406369704 27.6052110108 27.7118083212 28.3065004995 27.7701811665 27.0496067232 27.6666464403 27.2053874092 27.4850828472 27.3255733049 28.2854124045 28.0047445619 27.1300518312 28.0336680427 27.923736094 28.2352608775 27.6912548626 27.9261538167 28.138078282 28.3695563398 28.285050797 28.0364458306 27.4166435311 27.0972732793 27.8289233337 28.3976827462 27.4149013395 28.1877915414 27.9277153138 27.2648140772 27.5059007232 27.5162669357 28.16669137 27.5438166553 27.0122166138 28.0448380614 27.2897808228 28.4053117699 27.7551346806
27.2492318253 27.0263949778 27.4124394911 27.1843418023 27.657514393 28.3466177872 28.1061651697 27.4185880317 27.0436094457 27.8789198023 27.2384350836 28.2626804476 27.7425620587 27.9338337279 27.1308085979 27.8226491682 28.0689531768 27.961733317 28.3597953468 28.2470370308 27.9442035622 27.8574213062 28.1408918545 27.3914335117 27.6209999506 28.074972465 27.6843471265 27.3751900168 27.3407612366 27.822904207 27.9928867096 27.8515604889 27.1464694586 27.1734575524 27.1395163916 27.2169148652 27.6577964098 27.0341350786 28.3677544325 28.3922754156 27.2740899621 27.0635192463 27.4261302375 27.5019340796 27.2913700279 27.9932321784 27.3613424178 28.0787827858 27.4243889287 27.8109319915 27.1382088689 27.7623392407 27.3249298583 28.1948193157 27.542127549 27.5264022927 28.0198861379
27.5296209106 28.0403374383 27.6318288322 28.1631633257 27.1072250667 27.4952936194 27.0484847602 28.3327754247 28.3158580822 28.0858880321 27.9587206939 28.2691467897 28.0095019583 27.6810750589 28.0391362069 27.2654861834 27.775021873 27.6304838767 28.145050138 27.1431423384 27.8908482269 27.5148829031 27.6185736446 28.413168905 28.1957780147 27.9632130863 27.1539721704 27.2972435017 27.851335349 27.7866925679 27.59790879 27.73264524 27.2440469727 27.523103876 27.1769855498 27.8747287342 27.4500769853 28.080365523 27.5231609089 27.6143595323 27.3466191138 27.9685236586 27.9418228175 27.1752833207 27.0613482631 27.3298115131 27.9171403954 27.9353509194 27.9555853411 28.3805417515 27.9834421823 27.4515385538 27.3348529499 28.1971566477 28.3558474299 27.296506281 27.5369821201
27.9728073613 27.2534421054 27.1453237072 27.5467707298 27.860731074 27.6935697769 27.3475277 27.4603909168 27.4392946 27.8282162473 27.8132566334 28.0934543806 27.66382235 27.0560537884 27.5274701341 27.4857658951 27.8847244125 27.3070465244 27.789444992 28.3693233722 27.4036940512 28.3305445127 27.7245404187 27.9950240937 28.0536681702 27.5582519281 27.5635634615 27.1738184488 27.297729589 28.2746853292 27.8716648551 28.0844527186 27.0820315073 27.7803325014 28.3138352721 27.9480983322 28.1525575812 27.8704053619 27.9027744329 27.4470249051 27.7833174778 27.0752686699 28.3094323899 27.3505834986 28.2534897434 28.2591125267 27.6844927929 28.2252517545 27.7767281845 27.6934114989 27.6963133349 28.1121263943 27.3077341403 27.3871332036 28.0920898708 27.4840397325 27.8547968647
27.2207072555 27.1481051144 28.1674839416 28.1472961857 27.6295136932 27.7990865226 28.2315277886 27.7999683331 27.4495185694 28.3378695897 27.2604767623 27.6954397662 27.6143511268 27.8730111454 27.6905598809 27.0397682867 28.1694866736 27.2083842515 28.0247085918 27.560406219 27.0844134542 27.3052037367 28.3739286255 27.4567833498 27.6987189009 27.2868306847 27.7898433478 27.4011450741 27.5788825228 27.2818363537 28.2578732128 27.708020508 28.1002534765 27.4874416129 28.2198078083 28.1997997867 27.7379585604 27.0896291953 27.6035231806 28.1674987599 27.747827926 27.8480502587 27.0106421837 27.1947080426 27.3457908067 27.1015217616 28.3624505374 27.2994353439 28.1528951149 27.1197456503 28.0803261734 28.2344620843 27.5188709501 28.1114064708 28.3065778491 28.1977621966 28.1477409377
28.3471024313 27.3239715995 28.3154555733 27.9668968771 27.1844655519 28.0937341258 27.3828375259 27.2223255851 27.8366628803 28.1166253996 28.0522986897 27.2331939887 27.7589662958 27.9064372706 27.0753178982 28.0463256077 27.7498348394 27.6587914471 27.6711075344 28.0006224513 28.3412187267 27.8835025585 28.3629908823 28.292900024 27.1044582903 27.4365168022 28.396944605 28.2221854491 27.7764695608 27.7087811836 28.106544777 27.0846927225 27.7559520354 27.7055726601 27.4485109285 27.3554768892 28.0166174984 27.2469877987 27.4308895314 27.675606023 27.5143018695 27.0960890156 27.2398163213 28.0590002763 27.3825883939 27.8610674407 27.9224975654 27.5998053507 27.2420582473 27.0726362912 27.5875728904 27.8697759422 27.9034126759 27.4156265634 27.1859680185 28.3382765214 28.0060656035
27.1569833506 27.8890274365 27.2906658128 27.0318341097 27.8087449439 27.8520732842 27.8115800772 28.2596550917 27.7322893137 27.0366298743 27.3372455493 28.345682234 27.9463780654 27.2677731966 27.8308139533 27.8722489623 27.53325484 27.4410470432 28.2422466197 27.073716028 27.5347671582 27.2180174635 28.2941204584 27.8147858912 28.0611750619 28.0598558241 27.0247643123 28.0319764101 27.4666833671 27.0293167308 27.9953675646 27.0335425278 27.8189540788 27.098923439 28.3856842376 28.2832050756 27.9319506985 27.2984190161 28.109763194 27.7595470789 27.5820863997 27.2293346305 27.1327011074 27.5799598521 27.4176261787 27.8359615108 27.8689009905 27.3288639926 27.4582537524 28.2856212921 27.3633553828 27.5291990435 28.1630361845 27.8723161203 28.3422983143 27.0498850839 27.2351969375
