Spatial_Output/DEC/DEC_0614.asc
NCOLS 155
NROWS 192
XLLCORNER 196307.867259
YLLCORNER 449144.565805
CELLSIZE 33.573938
NODATA_VALUE NaN
[rows 78 to 103 of 192, columns 57 to 113 of 155]
26.5762950079 24.8341146216 28.6970983092 28.3961759659 25.4594914466 25.4734657512 26.6185619956 26.0743698775 28.4503349765 25.7289349568 27.3618299737 26.0893632038 29.4235421152 28.2597189838 24.525307656 29.3257220537 25.249747218 25.6767492191 26.2608950814 25.9547455821 27.3132144727 28.5513469252 27.0731153761 26.3379133888 25.8293632755 28.108352778 25.9198116833 26.3408231191 28.7963400305 25.3821846139 25.1264730082 26.1167757706 29.0552660635 24.89890984 25.4583393927 24.6768764622 29.059253927 27.0169742083 28.2584986874 25.4359043825 27.823246549 25.732798942 26.0048580252 28.4704351829 26.826625421 26.0430900037 26.7839422707 26.2352945106 27.486676342 27.0412144551 27.2230578164 25.925799845 26.0427071652 29.1008127861 24.7715089949 25.5029838064 26.2187417926
27.717073614 28.0797105181 25.7840253322 25.062659428 26.2692276161 28.7121620139 25.7447264331 26.3041454291 27.9420615298 25.95619638 26.1068646691 28.3154567282 26.9412871468 27.2960647318 26.6487593379 25.5237781016 25.7975134913 28.5106911741 25.5429923065 28.349442648 26.2328278945 25.8286517725 28.2668994833 25.5507135457 26.6366790441 26.3569139375 26.9203948007 27.5176213984 28.4120601489 26.3075866585 24.5383141177 28.5220735276 27.222258612 28.8678332407 28.6085051057 28.8578758925 26.0535978863 29.3092086557 28.1507362951 24.788192561 28.0291333365 24.9371903228 28.6156844624 25.7117740214 25.0352184571 28.2623359563 28.3625284689 28.077480858 26.0081177828 25.035390857 27.8544258534 26.6056959052 27.7217276755 29.4107575328 28.3209638322 27.1093588327 28.93111046
27.1588385826 28.5705137178 29.1432696978 27.467989263 27.87040798 25.3711346274 40.5884676458 40.5884676458 40.5884676458 40.5884676458 28.2668580393 25.8081810196 25.7222709309 25.7341995499 27.4433979573 27.229564965 24.6736346726 26.2778373568 27.4602279939 25.1584740474 24.7234749931 28.8492670433 26.812379334 24.9177793725 24.6144843246 28.6479306131 27.665303183 28.0720972234 25.5124144639 25.0974936386 28.2259781072 27.9523700045 25.3575758245 29.1176413379 25.7071486294 28.9007584514 29.2241475417 26.0576289364 29.3016218998 27.5390907191 28.0889318848 28.425534946 28.0846366833 27.3573756619 26.6951258194 28.0384853843 29.0859401332 25.6424903031 27.1318905623 25.885458623 25.6153331938 25.8627097597 29.4197713636 28.5748720889 26.7042309633 27.5296203207 26.2900490872
26.7764488704 29.258344732 25.3620515096 28.3653783362 29.3897104902 25.2275925835 27.6533527816 40.5884676458 40.5884676458 26.9121933917 24.6997969334 24.5081512837 27.8908154429 26.0514009722 25.0183473404 27.5283565211 26.4285387794 28.1284095326 28.1428472208 25.6786120867 25.6291571439 26.8756571435 28.0247282128 24.6211209952 25.8318999143 28.9626966252 28.2967603628 28.2849573487 27.5506976189 25.795251456 27.5644192748 26.5112716334 26.8661151314 29.1853652435 25.9890158884 27.3785078689 29.2386568261 26.0864986471 25.1011195912 26.3697405301 26.686244627 27.1619249138 27.1740043443 25.1157704741 26.2244569285 25.7825383883 27.1473982375 27.1270493515 27.3996647004 27.4724596369 26.1188750687 28.929636023 26.9781796938 27.4807674889 28.9989249065 24.9296574476 29.4176415406
24.7131026792 26.6060281767 28.7186543752 26.8995527628 26.9464560329 24.8002040602 28.9791201231 54.5190943235 54.5190943235 28.8180607647 27.8945148308 29.1832856195 24.9151173268 24.5925243955 24.7053713373 27.228410362 26.6957964266 28.0190160208 29.3202284529 28.4516948584 27.1538303598 27.7576364173 27.3303501971 29.4183288366 29.3709074604 25.2134471831 25.8191561404 27.6883702977 53.2450888757 53.2450888757 53.2450888757 27.5580931027 29.1823814668 29.1594650165 29.0410748697 28.1982910337 25.9074505857 29.3597114456 24.859387561 27.2141546846 26.162485974 28.6619507965 28.2449640731 25.3736902455 28.2549922095 25.3316779951 26.8620697736 29.2730726806 27.0031943287 28.7245578824 26.1655533905 27.5265661577 25.9635136044 27.7998141522 29.0984202161 29.0942530154 27.1215594216
28.6417641132 26.7558512012 25.0642967984 27.2474373386 27.3351755494 28.640122981 29.0413326183 28.4707306951 26.615831801 24.9566135365 25.3967288385 25.3877826729 28.2644981158 27.6374705092 27.0640962914 27.6701338096 24.9349854027 26.5083806577 26.0404934478 27.294311928 25.2457747117 29.2924269344 25.5833132703 26.0048410246 25.3768139082 28.8135857032 29.0348223796 26.9413232216 53.2450888757 53.2450888757 27.9102005714 27.0584588476 28.1578584628 25.7744300444 27.9450741599 25.7971336164 28.1778162798 24.8050383553 27.0792196339 25.9251189288 26.5341130448 25.8988520785 28.1298567601 25.4692543885 29.0682273987 26.8225323882 28.1727055741 25.1952555142 26.1778582313 24.9739614139 25.2126218875 28.2466429831 25.5009361808 28.072840605 28.2145200223 28.8523772102 29.3367865128
26.4360766564 25.0823601109 26.765638346 26.0179607908 27.7016051859 25.1350809029 29.2706688121 26.530495588 28.281535276 27.4100942149 25.226478264 29.2268117965 25.8155831689 25.8697101307 29.1268006597 24.8526371753 27.1328080676 29.3829326012 26.860024601 28.2870773074 25.6475011065 29.2659757728 24.7825469142 26.4165946118 27.1999868402 27.5273640825 26.1866891199 27.7340428279 25.5870882669 54.6607152263 54.6607152263 29.3623886746 28.6833886787 24.9363872986 24.8045364334 26.39740943 27.0158897781 27.1481317564 25.1459546364 28.3889981135 28.4017598695 28.3909073929 28.6288941334 25.9793867896 28.9813549792 27.5512419638 26.8168636256 27.5098057339 25.9385097963 25.5897800505 25.4964634158 28.728964831 28.1577435061 27.9935661838 26.7583153852 28.3014330564 27.0102407214
28.8689825282 29.1936418965 25.5763701256 28.2357629412 25.4673435761 27.3933795149 28.776318368 24.8943819095 28.2740142419 25.7302325968 26.3272235792 27.6266932219 27.2663094151 27.3990183275 25.8997283909 26.7642829499 25.5440328058 28.4971841998 25.9868098308 26.4747579103 28.6694164928 25.3980372781 27.9876172796 26.0799421027 29.4221012605 27.6377808168 29.189571389 24.8956611311 29.1933137926 26.4157400655 28.4815854947 27.2511236702 24.6001253842 26.6955440536 26.3255905772 28.1146253696 25.3620557597 28.9585074332 26.1854462596 29.1377120104 25.9243641686 28.3871319285 27.5606039663 24.8282819674 24.8587169629 26.3149487095 28.1430983684 25.0320329022 25.1517128873 29.2555799667 24.7919665921 27.1243711363 26.5270143396 25.1856533336 28.9338189068 29.2880665121 26.9617017121
27.200916754 28.9398359891 24.9362077197 28.2073250055 28.7457197571 26.3772547324 25.7794081941 27.5565132184 27.5415667024 27.9891872963 26.6065656239 26.9634866225 27.4343083551 26.9229563986 27.2587952206 27.6867981248 28.7223377205 26.2762737175 25.3181262959 25.8744756747 27.25101447 27.7444476495 27.4878500283 27.2166578107 25.1591348388 26.53143942 29.0491031851 26.9660857659 26.7554238185 25.089542754 26.7446751875 26.2610014553 28.4816044308 25.5709066796 27.0381624721 24.5793816906 26.266336136 24.6264154544 26.4015919779 25.9744844436 28.9978677546 25.6379821642 27.7348715809 25.4987868196 25.2128919057 25.4764376336 26.8903184828 28.1771419804 29.3949800561 28.0394163715 26.8112016107 28.7293373401 28.9569490763 27.7582576514 25.2540472966 26.1190166379 27.933081408
28.2055368654 26.6514647448 27.9722631418 28.6581314432 28.1980942832 29.157943065 25.1118363494 25.7944600968 25.3216910708 26.8735035102 27.8814942652 28.1288539943 26.1751320228 25.4322538617 25.7696273997 27.9127144912 27.6719225717 25.902888208 29.0314994255 25.5469827952 29.3819251191 27.5035518125 26.5695986132 24.8627215367 27.3076880902 28.6362435963 25.1130476613 26.3240405385 27.9035341233 29.433412292 52.6484247345 26.1176453563 25.6720400392 28.475941603 26.223216588 24.6291004691 26.9612492295 26.9037277303 26.6163150866 25.1313388334 29.2596225157 28.0485795125 28.5894007771 28.7469329323 25.3949595398 29.2879683576 27.0183921174 29.1832892881 25.9075781767 29.2390150602 28.7547573933 27.9830186876 27.7174138213 25.7484961459 24.8780935564 27.5128635795 24.5627404194
25.163783877 28.7310901327 24.8938406924 25.9235341271 24.8889621614 27.9690012813 25.0396406781 58.1576179263 58.1576179263 58.1576179263 26.6370302409 28.3861280603 25.0750342595 24.5278961353 29.2848708876 27.798320839 24.8536291299 25.5061702296 29.2228623823 29.3480790961 29.377690418 27.1801931229 24.967756067 27.8943311765 28.294633344 25.7135992168 29.3661149943 26.6205955658 27.7002966493 26.7824083366 52.6484247345 26.0744785075 26.7880304213 28.3582344741 28.4831378941 26.3817717499 26.2986063326 26.2102727393 27.6495969518 26.249079981 25.5259864324 25.3586914522 27.8679925553 25.9279483008 26.1199475998 27.6461115253 25.5831945522 27.12512599 28.4198365629 26.9464338987 29.2928434878 27.5305392849 27.086736003 25.3398801086 28.311865179 26.9467893948 27.9969726839
28.4034879157 28.3704421114 26.4455421895 26.01090511 28.8660683099 26.6879606862 26.3219106528 58.1576179263 58.1576179263 26.1106095474 28.4695501175 26.6044715114 29.0528347723 27.0785083036 24.6301686665 24.6161375614 27.2707240515 25.4363664485 25.0573534481 24.9476094723 27.5693727506 28.2652354436 29.1552110904 24.793063308 29.02578888 29.1276018653 24.877568266 29.2775651782 27.9904061321 25.6902972515 27.1276480099 28.9540190502 27.8157920523 29.0837967661 25.7472954174 26.7174541518 26.6065906767 28.4956176829 26.6136290563 29.3381420078 26.6865723213 28.0559755605 29.3939746279 27.5498285978 26.755785389 27.2836498627 27.4468351957 24.8770037455 25.4527024377 27.9867482117 27.9054435397 27.2789068374 27.727897213 26.3493397457 25.8515324549 27.8930265028 26.3886336525
28.0888369859 26.5953433709 25.3380315837 25.8961874949 29.3502989862 28.0187120825 27.7919535126 45.7832123687 45.7832123687 45.7832123687 25.9397696392 27.9569581661 26.9730409399 27.652030758 27.630288116 26.5990746754 28.7611710002 28.8996870361 27.6593018565 28.3140924344 25.7378923598 28.4039787693 24.6748609611 25.2623688822 25.3247931994 26.8770864146 25.4102130901 27.2899569711 24.8366624937 27.0671376113 29.0764298985 27.1074837914 25.255688797 25.9247757823 28.8134405265 29.3722338298 26.2255253019 25.2510644752 25.1720301817 28.6646588561 27.9233989547 28.3382548231 26.512869673 24.9386292203 24.8174359894 28.9481345459 27.4087829327 28.6546922421 29.1584716751 27.2007442836 29.1222365357 28.0803986409 27.4430135229 28.0602192819 27.063583862 25.6199690263 25.6243217021
27.1894742514 25.9251264658 25.0075009393 27.7508504849 26.5861560233 27.7302538874 25.0703679069 27.6686488966 45.7832123687 26.4782270263 26.5479171648 27.1477907376 28.1050393066 26.0693687197 28.472077827 27.2863870593 29.226311751 25.0742662462 27.0267594504 26.5744601411 29.4363956127 28.4957261751 27.3795324984 28.5107355495 25.6548191905 28.3804087543 27.672885936 28.6786941798 25.2095054219 28.5388618276 26.1670584849 24.5565373805 28.5002477786 27.3021384776 26.6637970216 26.2435175969 25.2922816161 28.0218543589 25.9280081311 28.8293415877 25.7671593238 27.5321813128 27.7299418055 29.0232909023 25.2678443746 28.8037890396 26.1146566426 26.4069483417 28.7591254189 26.4536657488 27.7315688784 27.4096323393 28.5563380058 26.9908506204 26.9145948985 25.2677694632 28.2932756555
26.4786475053 24.8840939553 25.2197827284 25.6648090457 26.7596973859 24.7953712607 25.2486171858 26.7376342197 45.7832123687 24.741427186 26.2207715667 28.0948272056 24.5355582966 29.1952921229 25.4818201823 27.6782606041 28.9422910461 28.9991053128 27.4595177243 25.131968937 26.2572404967 28.6409469776 25.4848496294 29.2660890878 27.5083238235 29.0362692717 28.8843141085 27.558602693 27.7503375306 25.115196663 25.2306466887 28.3205977802 25.1352378516 28.3485007859 25.1236895335 27.4974503947 28.1602740823 25.063325328 26.0958275961 28.8983799157 28.3348042478 27.3809808542 28.2952167714 28.3818531898 28.4320907083 25.1452814948 24.828762922 27.9465360876 29.4413990742 24.8404215542 24.7301485093 27.4557129597 28.8306022674 28.6500588682 25.2607486262 25.2735621238 25.833219407
27.839851069 29.0002852411 27.8013005019 28.6639471101 24.6367870083 24.878733835 25.6121746063 27.3161045801 27.4353443146 29.4123023232 25.3672047363 29.0575700245 25.3714809865 29.0661505507 25.2462743347 25.9526600134 24.7162189198 24.6931631309 26.2189106994 24.7193581771 27.7828423773 28.3521603792 27.0890801167 28.0252889137 25.3093410201 27.2095210259 27.3044514818 24.6084910121 28.9804043263 26.0265798108 25.4379394579 26.5520195688 25.3002885105 26.2384199577 29.1564885493 29.3641075219 27.4040309223 26.8340734285 28.8990377375 29.3786618772 26.7013279402 29.3103218878 29.2757164167 25.7620048561 27.9207460221 29.3716340093 25.374222072 26.9085878845 27.3619711187 25.2925677448 25.3833590194 26.2894283966 26.2322739911 25.7460827824 29.0039032963 28.5126096078 29.3251715913
27.81582252 29.4433275527 27.5117156207 27.9777299976 27.7303244552 27.0437915885 29.2323581501 27.4583687957 28.878913397 24.6564321255 27.9077630494 25.4305445055 27.1480606248 25.7294199814 25.1714451781 29.2279002243 25.4561785686 28.9947129388 28.2794276947 26.2299860788 25.6921874172 29.3532882326 29.146313262 25.8116063239 27.7852164012 27.8621209216 24.8269812732 27.6278814029 28.1612886401 26.9221706066 24.7595798767 27.6981673593 27.698815179 28.0583621098 25.6799156214 26.5001732299 26.2470931551 26.0835576171 25.2011760863 26.7541889847 24.8550391315 28.3353381089 28.1764523156 26.8161111263 27.0161214674 25.6205781591 24.7351917267 28.4345769972 24.7640045602 26.5035214072 26.2830620007 62.5842597546 29.2933030335 81.1770773143 27.0949939904 26.2174275814 27.7796262188
29.1253354557 26.9709949225 27.0730681474 27.9272041062 26.8970910018 29.174503649 29.1605653971 27.6251971221 26.6803600485 25.5334325758 27.9946435371 28.0599909041 25.8558860069 26.6929042898 24.591059623 26.9278369121 24.818924937 29.0088526713 26.1853569845 28.420694729 28.6317599685 25.6302472224 29.278202883 26.6642408643 25.361256575 27.6882198364 27.1865024818 25.3840605925 28.402628561 26.0351773148 26.4721614627 24.574389751 25.7763795062 28.7135166196 28.9578250299 39.6128831036 26.8288593646 29.0376441859 24.7325634077 27.5379878962 28.7755925114 25.2653761355 28.685068608 26.625471437 25.6698063285 28.1431670512 26.8812914718 26.6686557211 28.6947727731 28.789263478 29.3910761773 62.5842597546 62.5842597546 81.1770773143 81.1770773143 28.5450140384 28.9025119637
27.0730820604 25.6532437796 27.9581110392 27.9465343585 26.544988281 24.9850741587 25.7378528363 27.7557153465 25.8689184346 27.3047587039 26.7825179468 28.0040583562 29.2134514695 25.975079789 25.0127068925 28.0081134974 24.5451479404 25.5768098536 26.925591459 25.9534738328 28.0500845144 26.4770862711 26.1377996267 25.8576455534 29.2500530705 48.0734848722 47.6907110511 26.8534557898 26.1225629896 36.597886969 41.2195967557 41.2195967557 25.9339250264 25.0962667657 39.6128831036 39.6128831036 26.9846739374 26.8104362573 27.157685932 25.0049143854 29.2698029075 28.0348489559 28.8253086402 26.7004483487 29.3758202099 25.3919480773 26.1540903445 28.2756135791 25.9299444451 29.1497400362 27.3397173693 62.5842597546 62.5842597546 81.1770773143 25.5529792262 29.2630559119 49.0710220148
28.1408679117 26.5004882836 28.8850120482 26.698363993 26.1314906582 26.2691044125 29.028063207 27.0210819183 26.8123883303 28.8839682545 27.4651769157 29.0014629437 27.2821587504 27.4648600504 28.7486885196 29.0457053239 25.0016345447 28.60052395 27.6950888119 27.0708169684 28.8827808049 29.0150954436 27.0802998958 53.8450270984 25.9229457658 47.6907110511 47.6907110511 47.6907110511 27.1208227277 36.597886969 36.597886969 41.2195967557 41.2195967557 28.9189516453 39.6128831036 39.6128831036 28.4528731044 24.9814062321 28.6517436081 26.005870232 27.4041441503 26.8056734367 28.0554896341 27.907136762 29.2756882711 26.7981653297 26.6720624316 25.6895457344 26.4613638439 27.5923864022 25.9790758575 62.5842597546 25.9508699029 26.6436637714 27.413834554 26.630444014 25.6134421273
25.1134217518 25.4369427771 27.0032394785 27.1653677347 29.134032479 25.2240258958 28.8582838147 25.950128115 26.8897680404 26.3624675771 26.3440756223 25.5297393591 26.0513508973 28.9868348266 28.592035487 26.3737832668 27.0564858862 26.4047326424 25.8302115217 24.863613127 27.9048419089 27.2941738721 26.5135332524 27.5512446063 28.376244883 26.9037576956 47.6907110511 27.3610686837 25.6037340491 36.597886969 28.5583778292 41.2195967557 24.7391071888 28.6461963904 24.6978861484 39.6128831036 28.8268381991 24.6789755969 27.956389104 27.0388158892 28.6548805927 27.2077788711 28.4416391445 26.2922395995 27.1140280092 28.4477665677 26.8399532833 27.2988090325 28.7441865021 26.9050604726 28.3930922349 27.8795412676 25.0560361547 28.2009860376 25.9446407409 25.7925180802 24.9169060775
26.8976656464 24.655601378 24.9272293382 26.9621471286 28.5319972518 27.6395437353 29.0825072869 26.2701904801 29.0016154678 27.9725466979 25.4601354926 28.4955565773 26.4766761152 27.1175569881 28.7398805099 27.2626199705 29.4336885837 28.3290587032 27.4078654599 26.7003470766 27.1280085757 25.8821736524 24.5821970887 27.0574703861 26.7839289844 26.9027306411 27.670111308 24.9594586662 27.9484733853 27.6737591796 28.2281785438 27.7268411229 29.0745512826 25.9417135406 27.8404914386 29.2639813625 26.2967432627 28.3963660402 28.2515916876 27.8530938308 24.5635376065 28.5005036029 26.6487931652 27.0381075662 25.8917427122 27.5506219888 26.2902768879 24.5541880301 29.3428419682 25.3158348488 28.7496313914 25.0613130766 27.7618309788 27.3921987332 27.2576230703 28.0457565751 28.9377312743
24.7067946777 27.5015040087 27.2675906169 27.0352823923 27.1092872388 25.1145546906 47.830965127 47.830965127 47.830965127 24.5480579854 26.4916453928 29.0556245236 29.0428942671 25.6352969412 28.6112513829 25.956247881 27.6797664275 28.0656858323 27.5716810522 18.2503037099 18.2503037099 18.2503037099 25.7562959009 26.855627921 26.8833921491 25.9320621116 25.2324386273 27.5781069399 29.1957473177 29.2682283921 25.9784648459 27.3391439493 25.7437786314 27.5017493085 27.4068851532 26.8944044217 26.4614774411 25.907335894 27.8090735015 26.7675154772 27.2254741942 26.401513492 26.6154531488 27.8946566104 26.9912068481 24.5143731623 27.6261306663 27.5338396761 25.1803720085 26.559978888 29.066030793 28.9815555225 25.2084189066 25.8109972302 25.1268874478 29.3964385417 27.1225293199
25.0418879523 25.0433226721 25.0713104712 26.2374997389 28.6679381231 27.0917857326 29.3808034998 47.830965127 47.830965127 25.0387397995 29.3969261286 28.5431894473 28.7623958535 27.7806771646 28.1507136373 24.7876127624 27.5058822055 27.1802483513 24.6090491356 27.0491037646 18.2503037099 18.2503037099 25.9277512601 27.9826719487 28.0062454979 28.519289608 25.6079827143 28.3444741518 26.3621630006 27.9030611941 25.642114365 25.1487092697 27.3621014485 29.2883898702 28.1698510452 29.0044289555 27.6915721459 27.6968813862 26.8413630789 28.9929165944 26.5272488661 24.5388501011 27.4761477769 29.1256156261 26.1289117514 24.993677672 24.9547407595 29.2302406397 28.0640457382 26.9609238907 25.4322196616 53.9765856657 53.9765856657 53.9765856657 50.4484507742 24.9206959019 26.3170668147
28.6300628692 24.7978330923 27.7748177248 25.9080676155 26.4951273083 28.1789536194 60.3278371851 60.3278371851 60.3278371851 25.3664790953 25.9347503287 27.7371316462 29.4193266547 25.5226518923 27.9229968156 25.4086243117 27.0555724512 25.9929662148 29.1534581209 26.4601919746 18.2503037099 28.922184756 25.0353117966 26.2983332418 25.1326871834 27.5214941175 27.4132849219 27.1743037559 27.8876888088 29.4114973606 25.8177287899 26.0735793712 28.8687394293 28.9907035864 28.9551459636 27.0233901985 25.9931073438 26.1334223157 27.0962021398 27.8664037071 24.5506676025 27.3981494123 27.3448839594 27.8841673885 26.5412811726 27.7727289573 28.2954548032 25.1715531848 27.5766554178 27.3343788887 25.9757217034 26.7183850438 53.9765856657 27.9582460564 24.547831194 24.899373143 27.2182726747
26.1469004223 29.2665220431 26.4559606869 27.1797426975 29.3182101139 24.9587332404 28.4530686166 60.3278371851 60.3278371851 26.6053221271 27.5437899296 28.9929856528 27.044621263 25.1984034217 25.5178053039 27.1141298526 29.4471082484 26.8906805336 25.0128104111 28.7717151646 27.0028857787 26.7301262457 25.9872088118 27.2952230104 29.0993466679 28.2445159753 26.0932978845 27.714698304 25.5727709393 29.2716852844 27.4506780183 25.0005850153 28.2079429144 25.6258417769 26.442688291 25.0776982712 25.7452268753 25.4486188077 26.0993635303 29.1866342191 25.1437086906 25.5197810736 27.7722877919 26.9552703597 27.9485088882 28.4651382344 28.8923305298 27.9266164414 28.2788536043 25.9671745195 29.2125398137 27.4458449257 53.9765856657 27.3796339138 29.3722085111 27.9595174685 27.2526211673
