Spatial_Output/DEC/DEC_0244.asc
NCOLS 155
NROWS 192
XLLCORNER 196307.867259
YLLCORNER 449144.565805
CELLSIZE 33.573938
NODATA_VALUE NaN
[rows 78 to 103 of 192, columns 57 to 113 of 155]
45.0477911779 44.6128128005 45.0849652344 44.5846095114 44.7150671362 44.6691790205 44.7819236422 45.1862512671 44.6901528229 44.7611516063 45.1117803588 44.7848141456 45.1950253431 44.9359607147 45.0558703874 44.7080618387 45.0581990051 44.5262984059 44.9261165658 45.0101547293 44.7990421097 44.9610826409 44.9572994786 44.6455939502 44.5533189527 44.5720242555 45.0082989581 45.0849375993 45.0570463641 45.0990872664 45.0460417248 45.094719425 44.542470481 44.5159621596 45.0263760369 45.0942960574 44.7292786581 45.0394171811 44.6960891314 44.6429190676 45.0844852357 44.5054592086 45.1939589825 44.5343048898 45.094126492 44.7391861678 44.6823194452 44.5364066996 44.9456799509 44.6835388153 45.1430750087 44.8823734033 44.9288595802 44.9097559675 44.6765776144 44.9294833941 44.9870727575
44.7225269666 44.6060145507 45.1965828823 44.7604685888 44.8648637347 44.6965964875 45.1196267157 45.0382241474 45.0161602971 45.1409084275 44.9070763232 44.7963392151 45.024429893 45.1565410354 44.6118502435 44.9647629349 44.8335581191 44.5160626488 44.9090070158 44.7076043051 44.7782759479 44.7725463459 45.1409508385 45.0737208534 45.1297166082 44.7422286447 45.1327745361 44.7379514601 45.1766385027 44.5387639482 44.6581231107 44.6976432583 45.1889938841 45.1517905054 44.910680454 44.8353151028 44.5949080318 44.88840013 44.8912283149 45.0124517551 45.0455281579 44.8255878551 44.5154050546 44.7660892645 45.1946363888 44.5200020782 44.5775736102 44.5709538458 44.8729526964 45.1465573199 44.9867158392 45.172911048 45.1022289881 45.1782141318 44.7319862031 45.1791489202 45.0824895333
44.6169431855 44.8144355351 45.0795126901 45.1485072384 45.0263351509 44.6002577536 44.8815828229 44.8859324749 45.0940097111 44.8724961359 44.8368959424 44.8859898124 44.6211678787 45.0284072357 45.1193243132 44.7061351366 45.0318804233 44.9895669529 44.7664511703 44.6454317738 44.8161282281 44.8669507211 44.849548673 45.033169668 44.7795047557 44.9354736685 45.1380736371 45.0483418243 44.667086175 44.7642056548 45.1988725647 44.8331970307 45.0073418446 44.6690486438 45.0298400314 44.6210766339 44.8813929995 44.7614033776 45.0493258002 45.0383668486 44.7349350127 45.20423521 44.7314853345 44.5806503169 44.5940312548 44.5952361595 44.7224126729 45.0929158602 44.6786203553 44.928588555 45.0488303934 44.6531350201 45.1923912718 44.8196843281 45.1447257577 44.7627421608 44.8947050803
44.6693867726 45.1325653281 44.9467998809 44.8889900742 44.7207038056 45.0292099124 44.8143715144 44.9041433882 45.0780585891 44.6827034692 44.6620067589 44.5954978584 44.727448217 44.8396848801 45.1367944137 44.8017148069 44.6141706778 44.7965190699 44.6403806065 45.1867249916 44.5144643063 44.5045269812 45.139840099 44.8082684805 45.1842995788 44.7015889347 44.8230585781 45.1248342368 44.9704894209 44.8490274614 44.628333009 44.8320565592 44.61333199 44.7530925911 44.5843899213 44.8684586687 44.5574274279 44.6023698426 44.6538283393 44.9309415664 44.822126822 44.9422601812 45.1955388062 44.6852285272 45.0920902132 44.5747331726 44.651866873 45.0895810536 44.9196873076 45.0022612826 45.0670248668 44.8042311732 44.5420747102 44.9929686763 45.0413537377 44.5451057897 44.7610645976
44.7866313115 44.9524364894 44.8460872288 44.7524138257 45.1359413447 44.663326144 44.7445646849 44.6597954351 45.1668172141 44.5680726052 44.94509789 44.7955222592 45.1619917229 44.5572527099 44.7985524401 44.7858005954 44.5497082503 44.8217462316 44.8361901159 45.1015021742 45.0399791914 45.0589853818 44.5437920584 45.0530932588 44.8020233755 44.6931587107 44.8492802871 45.1720479287 44.8300496449 45.1109604275 44.8003894901 44.8655175244 44.7086059394 44.9025236527 44.6637879858 44.9518856169 45.0051271222 44.9305384473 44.6892455654 44.654988957 44.5737525031 44.5090457106 44.885340148 44.5430477288 44.5020762071 44.6057749164 44.9034304162 44.654283836 44.6654344172 44.5071968639 44.8884262913 44.731176063 44.5157048872 45.017336572 44.9794227474 44.8977336847 45.122282332
45.1614895064 44.9883320198 45.1615644996 45.1261362725 44.715611717 45.0855048194 44.7533362907 45.1968757454 44.836503529 45.0273274788 44.5496823758 44.6400412365 45.0440407026 44.9516071763 45.0806406465 44.5887901171 44.930046098 44.5502502448 44.7177846327 44.8588685156 44.9699047351 45.1776834601 44.7693185965 44.5958303831 44.9359274518 44.5487903092 44.7579219302 44.953068606 44.9010804551 44.5438230005 44.9366128954 44.6267562932 44.6354035533 44.6873896424 44.7129356542 44.6468181023 44.9483094675 44.8116105953 45.184786273 44.6277689192 44.5265886861 44.5731892857 44.5689306611 44.9229244164 45.0315202517 45.0633565113 45.0511157058 45.0341841464 44.9946084622 44.7604912904 44.7744640437 44.7434088036 45.200063124 45.1109027903 44.8284273852 44.6602839551 44.9906326406
45.1452089989 45.0640980246 44.5223616609 45.0050830221 44.9203614071 44.5212276265 45.0451839433 44.9122276895 44.6579537475 44.8755718233 44.9395878103 44.9161424538 44.531193058 44.6814669483 44.5815538799 44.7064634502 44.615109967 44.7959087843 44.7716529319 45.030384889 44.6871773034 45.0986841235 45.0640954032 44.7829240922 44.5497994397 44.7840331723 44.6634465756 44.7812688922 44.8537924065 44.9429291858 44.6593075114 45.1015923792 45.0813010134 44.9931657709 45.1344088418 44.9068648178 44.5031478576 45.1869868247 45.1668990297 44.7355881064 45.0535518247 44.6189434086 45.1197403681 44.7514445714 45.1826551256 45.0695267141 44.6655259945 44.5153894153 44.5627172321 45.1813102556 44.5435017351 44.8964846691 45.0941099116 45.1992209953 44.5345485931 44.5898894126 44.6941060697
45.0822005863 44.9775085418 44.6241189949 45.1276811101 44.9184718223 45.0490724893 45.1623311103 44.5258621081 44.8489027362 44.8633404239 44.563130919 45.1723696672 45.1507326064 44.8670031373 44.584257986 44.8389740072 45.0362884405 45.0340968541 44.9306836969 44.8463333614 45.0200152414 44.8008432714 44.6653136153 44.7595294265 44.7293963497 45.0154989654 44.6545146005 44.9091773924 45.1473582774 44.7506664188 45.0787888279 45.1459847709 44.6596674294 44.6811643962 44.5158077519 44.6737842272 45.0953289402 44.5790594969 44.7629614943 44.5039492722 44.6836371402 44.7312439755 44.9283334455 44.6179175219 44.9658354384 44.7459846992 44.5511621373 44.6651635252 44.7316369002 44.9370605642 44.8773252783 45.0312320311 45.131474684 44.6216237131 45.0063585885 45.1241511032 44.7502476569
44.6703380229 45.0716026469 44.9216311115 44.9831073188 44.8246943466 45.043650508 44.5652570161 44.8795888589 45.0289612348 44.9048240401 44.9405129595 44.6277067001 44.9866713212 44.5975229895 45.1925136119 44.8587381477 44.5335589905 45.0253386689 44.5128879385 44.6280778785 44.5342423345 44.9105913496 44.5566356674 44.9846121416 45.0745714689 44.9274489326 44.5053203807 44.9397011484 44.707373799 44.6850875478 44.9727831376 44.7819870133 44.8546641728 44.8963459189 44.9295452258 44.7055587752 44.935118843 44.6659241761 44.5173063822 44.6280150921 44.5982528738 44.9256827942 44.928482055 44.7893389949 45.0470930696 45.1530410657 44.7472460007 44.8222693012 44.8192102972 45.1503181526 44.8515151069 44.7466534788 44.9826576177 45.105107801 45.1864347772 44.6772280414 44.9668287763
44.8054369374 45.1488255564 44.8998892306 44.9015213345 44.6416907323 45.0035234092 45.0303654901 44.637794303 45.1473679568 44.5268063297 44.9960646156 44.652380121 45.2020512488 45.1689986841 44.6801301457 44.6312724336 45.0155142013 45.0602999531 44.9266382927 44.7436808034 44.7744086412 44.687527984 44.5053508802 44.5375663256 44.8304806091 45.0986618438 45.0265022686 44.5413761243 44.598538752 44.9300398571 44.8250123189 44.9918166303 44.9311296505 45.0622840134 44.8548983807 44.5916369968 44.679893549 45.105386794 44.5948523669 44.7500098345 44.5456044653 44.9659839429 44.9288533057 45.0856332251 44.9540176996 45.1385725607 44.5524198054 44.8595877625 44.9785101095 44.5345954687 44.8281305512 44.8301582325 44.7988180283 45.0256282665 44.5187915546 44.9900641002 44.6595029564
44.8137707185 44.550376561 44.9413232848 44.9881916496 45.027231692 44.6629794524 44.9049422527 44.7840763483 44.502535888 44.9109710938 44.6930208642 44.8113787859 44.7544185111 44.5364186338 44.6299029471 44.9836219226 44.8801328905 44.8879685426 44.7945382345 45.0205128744 44.9614137498 44.8363437216 44.8811146787 44.8587407644 44.8518699934 44.9473466894 45.1643528997 44.7130916516 44.5873739519 44.9119359562 45.096815757 45.051688511 44.9507504301 44.5926407811 44.7779179491 44.7909323291 44.619184275 45.1042604262 44.918567712 44.9738128573 45.1256276656 44.9016406788 44.6202258622 44.9865475803 44.5491201197 44.5169600317 45.054996204 45.1840609297 45.1376588927 45.097416035 44.7001408915 45.0295185654 44.9504657074 45.2042365294 44.7066256433 44.976368152 44.600082516
44.993538209 44.5241491526 44.624796961 45.1646492891 45.0342522581 45.0270195304 44.6085996849 45.1042683897 45.1681749489 44.6855622104 45.1565328681 45.1399564771 45.1855192435 45.1990389106 44.7483879902 44.8567003573 45.00230416 45.1851490377 44.6346794519 44.8987811663 44.6876806824 45.1940604528 44.5140268537 44.6736201265 44.7053967499 44.8888875149 44.9691444388 45.1043147673 44.7672603926 44.9679719998 45.017385547 45.2041748854 44.8367284317 44.9134881508 44.8139683889 44.9691074716 45.0885905858 44.5273874494 44.9940916465 44.6427670859 45.0329973982 45.1250511259 45.1567060006 45.0147819376 44.7657192911 44.7608168088 44.5090710588 44.508004306 44.874814886 44.8692792025 44.92185721 44.6787226715 44.6531291095 44.7191272206 44.7496827666 44.8217004755 44.702010129
44.622059457 44.6797066153 44.8398894668 45.0658882243 45.1685282515 44.9288261781 44.5996462018 44.8561905644 44.8542030132 44.8060642221 44.6065287257 45.0438671366 44.6155517018 44.6543264918 44.7251095008 44.6599565197 45.146219958 45.0831087994 45.0942510649 44.7729826942 44.6480522012 44.6870899358 44.9545343214 44.8705695784 44.9093320176 44.8582306253 44.5777688007 44.5976025165 44.7653203162 44.8208967068 45.1778133028 44.7128868635 44.5228125249 45.0421059311 44.8410988341 45.1692063188 45.1211418649 44.6547740643 44.594909084 44.9751410944 45.0374444496 45.0100967515 44.517037146 45.169079227 44.5563976796 44.6585583595 44.752425891 45.1394672153 45.1043763098 44.6547072687 44.5815616731 44.9234938593 44.8951926136 45.1383869743 44.6577624652 44.8653143459 45.033851356
44.9048875582 44.5420247951 44.9868470363 44.8532791818 44.8226332934 44.8690601982 45.1995629072 45.0960700711 44.8380778355 44.7455357561 44.9956988714 44.5670602164 44.9937060252 44.802084059 45.0857714548 44.5930170193 44.5936534996 44.8429718505 44.8989535625 44.6726679046 45.0932650609 45.0665405041 44.6419011779 44.8169012507 44.8277279377 45.158006839 45.0677836057 45.1208148774 44.9306887959 44.8248146744 45.1498082945 44.9318483602 45.1979571391 44.8112945118 44.8714596123 45.0492177243 44.7247367026 44.9886326361 44.7373448109 44.5075413465 44.6217376927 44.6534480572 44.5325859413 45.0812432069 45.145786726 45.0922679808 44.8264613313 44.8750892386 45.0733279912 44.8183354297 44.6392579199 44.841902922 44.7872837701 44.99591253 44.9283695175 44.7001206245 45.1958631379
44.7675247971 44.6918694413 44.6580852983 44.9284024129 44.5220949137 44.5776698648 45.0994608495 44.8554039634 44.5868232924 44.7190445334 44.7649843404 44.8891976616 44.8617386165 44.8539405928 44.8238183192 44.9499247533 44.6230772381 44.9494433315 44.6829527102 45.0442871636 44.8142428691 45.0080171062 45.0368054752 45.0375880024 44.6081891184 44.9819384759 45.1138195484 45.1407736075 45.0413431329 45.1134927038 44.9341470106 45.0917661582 44.9613086692 45.1314755732 44.6038390069 44.6337763001 44.5265936262 44.9379689585 44.8769493828 44.7751679435 44.7669473057 44.7045179437 45.1080044604 44.5644747196 44.8485123261 44.8746150901 45.0866047471 44.6970813294 44.9357849014 45.0732228512 45.095132841 44.5711692608 44.5604527048 44.8419276319 45.0457550801 45.0713494137 44.6090431763
44.7138632884 44.6439281765 44.7885007721 44.6336543104 44.7692067226 45.0048537619 44.5138204931 44.9773034004 45.042075458 44.8903703489 44.7979022516 44.524001605 45.1974410193 44.9651839577 45.0371698434 44.7511602698 44.5825020381 45.0869677132 44.8106617544 44.9501128615 44.8113742472 45.0345033459 45.1352993697 45.105489874 44.534327756 45.1971642172 44.6398686289 45.0889590588 45.0056820475 45.0311450828 45.020852984 44.8082632424 44.8132586214 45.0234752687 45.0045991599 44.9481582306 45.0564902073 45.0996349209 45.0013029584 44.9515853387 44.8222880923 45.1314901832 44.5968046786 45.0137100439 44.6310341449 44.7453101734 44.8086525625 45.1067551326 44.8727815222 45.0432514394 44.6677677971 44.6608408206 44.955450969 45.0568832822 45.0670627071 44.7680563402 45.161768743
44.7119052021 44.9601275368 44.5688154763 44.8170658263 44.9239165668 44.7158841759 44.7101368058 44.7759901528 44.5985138137 44.8920077556 45.1372914585 45.1758241819 44.7965520817 44.8090878162 44.8547932445 44.561302401 44.6668257938 45.0376668039 44.6719179475 45.0684514567 44.5267875046 44.6804797698 44.5764698378 45.1668978904 45.2063730875 45.1300353222 44.6267758433 44.8516150372 44.5306031996 45.0519753272 44.9217153331 44.908380911 44.5688955866 45.0571694692 45.1946896109 45.1350470345 44.980426877 45.1348339126 44.5635375403 44.6018257925 44.5662995552 44.7291259729 44.7815549455 44.9434582555 45.1033682017 44.6929645695 44.7718986587 45.0364237645 45.1421204627 45.08409197 44.7402503419 44.9804068947 44.5255131841 44.9782982652 44.6784986349 44.687223147 44.53230168
44.5107140978 44.5648676323 44.9961880749 44.8734693181 44.5212121791 44.5711362701 45.1246710868 44.9284239772 45.0004463377 44.9050730541 44.562355983 45.0505138792 44.6421273369 44.5023218522 44.8653236102 44.8873702956 44.6581091989 44.6256011539 45.0397786057 45.0590673844 45.128404029 44.5567880542 44.5488844559 45.0923320903 45.0033032391 45.1824056061 44.8281432547 44.5914951875 44.8495938199 44.5976536915 44.9905417534 45.036026599 44.9851382512 45.1811540445 44.5266416818 44.8835020747 44.973650694 44.8478919163 44.8873385604 44.9894470293 45.1431239884 44.9555357326 44.6692819244 44.663665933 45.0462185945 44.5781064609 44.9040164312 44.5401244634 44.8590039874 44.9922537163 44.6557963465 45.0958424949 44.9054305449 45.1301861985 44.8725196413 45.013929782 44.5207514195
44.6026165879 44.5385099176 44.7810067188 44.5068955897 45.0138872035 44.7048341239 44.7793990144 45.049112766 45.0164337498 45.1750812456 45.0604425021 44.6187545411 45.037539432 45.1163317368 44.9902722193 45.1826532078 45.0111749347 44.5726830257 44.90437953 44.9742014487 45.1234339917 44.5730897013 45.1574686385 44.6755167681 44.872245026 44.7660153162 45.117609286 45.180023486 44.9512474582 45.0424719317 44.5174712424 44.8103271851 44.5628504122 45.1651148172 44.5068434841 44.6635259949 44.6375469341 44.9683359751 44.644556702 44.5246782575 44.5867596095 44.6678571824 44.7224267862 44.5534488817 44.8160407942 44.6739967339 44.7790676646 44.9015802153 44.9091827545 44.8013194834 45.1240538532 45.1351151332 44.5508273709 44.9338302593 44.8028862095 44.6750075641 45.095519915
44.5654501761 44.7007964446 44.7854468259 44.7173717546 44.5174430087 44.8554625794 44.9427029873 44.9972472599 45.1436598506 45.1933701632 44.8897822792 44.5466457805 45.15818904 45.0134815806 45.0610911241 44.6320328957 44.9259022952 45.0695375667 45.1790949199 44.8033558155 44.6705809615 44.8090594958 45.1110096833 45.0139966155 45.1273014885 44.7581578808 44.9156678397 44.9443646315 44.7936122802 44.8904231347 44.8021697747 45.1973011882 45.1760267729 44.8914692728 44.856449086 44.7790335902 44.9719118585 45.0285692277 44.9136544169 44.9529736998 44.6178882512 44.7540411367 44.8225885028 44.5817837337 45.0477058108 44.9166049793 44.7018904719 44.8616268103 44.9811162142 44.7397665268 44.8879063307 44.7212346927 45.2002111487 44.7162043785 45.0375721556 44.6568069957 44.6841548877
44.5433085436 45.0796959595 44.5753253898 45.1979753143 44.7187552055 44.5955762879 44.6759077506 45.1898218686 44.8745650747 44.644504401 44.539635636 44.8082199812 44.6074635274 44.8096100465 44.7701223784 44.9554970295 45.1226660191 45.0707762233 44.7844046066 45.1727043496 45.1431663291 44.8442096849 45.1421441854 45.075975386 44.9356249964 44.8075044313 44.9957035811 44.6993113669 44.659863378 44.7869616333 45.128359756 45.178321032 44.9814986808 44.9040956589 44.7444618522 44.6929913429 45.0241027413 44.7879750063 44.6870418338 44.7145970613 45.002137012 45.0823422737 45.0432255642 45.1807128241 44.5525751952 44.8498006694 44.5830783387 45.0226874645 44.6132320207 44.8253633799 45.1715010486 44.6049836149 44.5109821163 44.9191083447 45.1028308811 44.7277888752 44.7979032912
44.8771285036 44.7410281142 44.7235075585 45.1145279873 44.77713312 44.7458388528 44.9492780209 44.5447834313 44.7726957909 45.1736988413 44.7907180984 45.134073317 44.8031587299 44.8731749073 45.0433533298 45.1211867651 44.5250973593 44.8657128709 44.5386213711 44.6042365383 44.89531236 45.157023804 45.0957006592 44.8043513267 45.1133509819 44.6986629719 44.970681535 44.674419075 45.134798406 45.0472973578 44.8142056691 44.5904500466 44.7114635488 44.586449324 45.1251615287 44.5664936192 44.5274099414 45.1571753142 45.112601112 45.0156133507 45.1876412034 44.6234759645 44.8251364327 45.2006967665 44.539343848 44.9666947536 44.8312048743 44.5892265073 45.0351492035 45.0021539328 44.5740215876 44.830959262 44.5829261765 44.8848653 44.9945692962 44.9801720003 44.5899962395
44.5241687065 44.6507523004 44.7837890074 45.0632449045 44.8904213809 44.9662632504 44.6553181316 44.5868820733 45.1079807789 44.7112736951 44.7274286482 44.9185750075 44.7391055416 44.9971689623 44.914046842 44.7279705666 44.7656548279 44.8268465177 44.8653821693 44.9689255481 44.8724596552 44.8752240547 44.8559402508 44.6784375785 44.8018797817 44.627073192 44.9103962723 44.5134201653 45.1115053901 45.1809781837 45.057789996 44.8896237738 45.1339288908 44.9640380854 44.5010372733 44.9202468391 45.0991281233 44.5018517816 44.6013319107 44.5415482772 44.8487430928 45.150645675 44.5651544118 45.2068055166 45.0450933478 45.1596124444 45.1151005371 45.1535625338 44.792834994 44.8933131907 44.9675803704 44.5449361089 44.7233759856 44.7311034048 44.9369566095 44.6749138078 45.0356315157
44.7602093755 44.7291960966 44.7836096237 45.1539535394 44.73840276 45.1332737892 45.121694444 44.9360363097 45.1654487162 44.6612922928 44.5895481272 44.9452474462 44.7188193475 44.5222752845 44.8883988998 44.8521824678 44.7567268565 45.0336356305 44.59275508 44.7774409333 44.5313729183 45.1715430396 44.5221761438 44.8762087386 44.6609029269 45.0696626503 44.9505710072 45.1162880219 44.8794692446 44.8633002914 44.8298729085 44.7318132928 44.9792646588 45.1557801705 44.9828597272 44.5753987715 44.5473608745 44.6264740155 45.1403668465 44.6227879046 44.8079875803 44.6847761465 44.7518044237 44.8091755882 44.6280411307 44.54044648 44.9403703042 44.761451069 45.1628990299 44.5643489489 44.9693501018 45.1307752436 45.0852354702 44.9690659335 45.0466295913 44.5639042793 44.526964159
44.8030632545 45.1351968247 45.1491538889 45.0480655044 45.1903631137 45.0516058682 44.7160813108 44.5317735771 44.771741616 45.0481912665 45.0922154735 45.1400514694 44.550276966 44.8818798238 44.5810891692 44.6072835561 44.9047827488 44.9562149703 44.8342537353 44.8849455464 44.8619767722 44.6461172095 44.6502417086 44.522984675 45.059873233 44.6180779713 45.0924573056 45.0990094856 44.8638140703 44.507336026 44.788794288 44.9562970981 44.908374651 44.8826334158 44.6287106184 44.7184472873 45.0797796234 44.7824334479 45.1396652896 44.7531152922 44.7903438056 44.9221738657 44.9524638608 44.77109351 44.6810100559 44.7135469169 45.1262075938 45.0288572128 44.5444410046 44.7313468574 44.5901753925 44.5427568195 44.8352977935 45.1886688736 45.2002315499 44.8149342182 44.580655915
44.8165962149 45.0834931452 44.6691229337 44.691944065 45.124706121 44.6871933953 44.6758230536 44.8566296543 45.0128003244 45.1304584225 44.5428785395 45.0894140768 44.5796059166 45.1583792754 44.8552927591 44.9034089419 44.6207362789 44.9969029918 44.7211390636 44.8832239075 44.8155020449 44.6316819841 44.7031634447 45.0880226017 44.500423516 44.7533002441 44.6518838626 44.8908702465 44.6082614371 45.0485963093 44.571738934 44.8148475585 44.7927218524 44.6001246784 44.5838110017 45.0247306817 45.0467223859 44.9938083976 45.2056464407 44.8225808868 44.5910454 44.6852398825 45.0229459435 45.1711958422 45.0872575766 45.0513541424 44.7974510899 44.8179062667 44.7021958792 45.0601977253 44.7822130828 44.5950753354 44.6506293932 45.1362629162 44.8503345407 44.9136147971 44.6112483777
