Spatial_Output/DEC/DEC_0760.asc
NCOLS 155
NROWS 192
XLLCORNER 196307.867259
YLLCORNER 449144.565805
CELLSIZE 33.573938
NODATA_VALUE NaN
[rows 130 to 155 of 192, columns 57 to 113 of 155]
25.8715990554 27.0920619371 23.5298272173 25.3551083385 23.9741719279 24.2300376184 24.6761886309 26.6145232372 24.6534719287 25.2766921758 23.1236922886 24.2210180413 26.6414666997 27.179603324 25.5308637202 23.4973253482 24.1608300661 24.931546195 25.0688469681 24.8547289412 24.4187637068 26.3134630807 24.3097860738 24.5384803702 26.6573301629 25.5141031801 23.2009530086 23.4627930044 26.8573503838 26.3442090161 24.4141146997 24.8410936049 23.7896437698 23.6934716263 27.0529179084 23.954490571 25.5275504224 24.059171611 26.390870387 23.5723583663 24.4988393697 23.7528666006 25.9986977434 26.460074785 24.5554983747 24.6640054495 23.6089940627 26.7358029831 26.5842951968 26.5935350744 25.4764641499 26.9981094557 23.535685359 25.4057201896 23.7711709682 23.1384385356 25.9966846009
24.4566685256 25.7227442959 24.1448885784 25.5900820033 23.8652532099 23.8864066011 24.3430925618 24.1616278713 26.0137180462 26.8648837977 23.1542059335 25.1331674848 26.2345860501 23.6661104875 24.8431438275 23.8062437495 25.9807555579 23.2044190833 23.2724611842 25.1300407552 23.5999984195 26.0625963487 23.1977190899 24.3579491681 24.8618807568 26.2068415596 26.1699270449 26.0237392614 23.1893953721 24.9387099101 26.4533546567 24.8063736081 26.4792877927 23.1467144788 26.7107552754 23.1693339913 27.0119907606 24.6129633698 24.1033190026 26.4849742325 25.8375764411 23.7095727319 26.3669951001 25.1634440743 25.6041332627 24.7655766925 23.8551870346 25.1048473462 26.8506036077 24.6338888815 26.612242682 25.1847503197 25.1156488379 23.7098066348 24.442803599 25.5341621127 24.1948474301
26.7057717918 26.9736224911 26.2623282442 25.5920838866 25.2778643196 24.4976190357 24.4499447317 24.0196133594 26.5220653762 23.215072411 25.8788870376 25.8813816715 25.4197765746 24.5466669649 23.8070255336 25.8722747311 26.0407241455 26.3787340879 25.8269560293 23.1821348371 23.1161205341 24.0503087658 26.3320132107 26.6236548799 25.1526060828 23.0790315532 24.3553178317 24.8556561133 23.6264237333 25.4383560381 25.1316341984 24.5428968999 24.7580247693 25.577979036 24.6501692332 23.0429111141 26.0861772453 24.8219778659 23.2060937074 24.7963517997 23.7629278799 23.4444671355 25.1103821248 25.4646962225 26.3197173432 27.2181273244 24.1883209057 24.6540210304 26.2355673518 25.3504967058 26.614030569 23.1909702296 26.8063146471 26.9955479758 26.3025459889 23.7379370189 26.4364807877
25.6417727254 26.8465875382 25.8263099731 24.7672373795 26.1754115435 26.50090326 24.7427543422 23.4538651823 25.33649687 25.0924033865 26.0210427735 26.7606800056 24.7799138189 26.3204401911 23.4353366794 26.0268182127 27.0849803298 23.6725398825 23.6985110784 25.288227008 27.0489212627 23.319852179 25.9667928108 25.013330992 23.9264980932 23.1972990257 26.0631558439 26.9573298065 26.2973231401 24.468824076 26.2261601442 24.1454397827 25.0362800051 25.5162025664 26.875541112 25.7624889834 23.1829485495 26.2307160083 26.9741921528 24.4291860305 23.6348459969 23.3898215638 24.6658982506 25.4798979242 27.1188052961 24.2293018171 23.0204405147 25.5477752832 23.413927748 23.657246454 26.3090566561 23.3958841709 23.6058534683 24.668104267 26.5298677822 25.6333551867 26.7193493147
23.1719457852 24.3598357477 24.6396169197 26.2189197415 25.679575812 26.154907292 24.3648073439 26.3345477099 26.7742904232 23.4813877263 26.1719617666 23.280114771 23.2926846738 24.5356210852 25.0334867471 24.9991521324 25.611376117 23.4777196598 24.1407025022 24.5547860347 23.2199335734 26.2207261444 25.5170291106 26.7368730684 26.6375356119 23.023995057 25.1285935141 25.447086698 24.2970830674 23.2051176113 24.2534071821 24.4762218745 26.3889569848 26.2993589504 26.7858604586 23.282213117 24.3649435824 26.8406248358 24.5112975636 23.9669702892 26.1138739255 23.4723148008 24.1145457038 24.6066299733 26.4958388144 25.4885833414 25.9946934661 24.3848484102 26.7420963478 25.9367530637 24.7409072629 26.9045122885 26.584047974 26.758830847 24.0974329881 25.8149130085 25.7660076932
23.5192330888 23.7665559817 24.1101065682 24.6741089918 25.7219609462 23.8225143247 25.0364640235 26.8961109287 24.9819209197 24.8651096292 25.7395392894 23.705476586 27.0959927354 23.681986565 26.5817829097 24.7404684288 26.1022204852 25.6983236382 25.0125978566 26.3450119685 25.7820814011 26.653040748 23.6247022805 25.110813774 23.4604511753 24.1729684073 24.4920508419 23.69441258 23.5876778961 25.436058423 24.8488395341 25.6824535886 27.187178606 25.3610856145 24.0811621163 27.0672931941 24.3963582182 26.1038214561 25.2593132255 23.0876897791 27.2285828772 25.7484163731 26.0401784701 26.8051076839 23.7102907144 24.0203501692 23.0595992111 26.4844133347 25.7200852039 25.4285599228 23.8609579448 23.3481132778 26.2856212439 23.697777206 23.0623473763 26.6969623123 26.4494131135
24.9580877907 25.3955386193 24.4337088095 23.4467477667 23.5910682743 26.2255756402 26.1907789382 24.3629267824 23.5308877224 23.8343977222 26.1950273908 26.3596123537 25.8486019798 23.4241158911 23.1462467567 26.3641049889 25.6070235138 26.2707107384 26.8987196394 27.0246289778 25.173306531 23.0106561174 24.0251492784 25.0455331334 26.9872730215 26.7407651912 26.0671789643 24.4213823427 26.3080828258 25.423348083 26.7994793913 27.0836762205 24.9445668536 24.9897934771 24.7648267839 25.375849948 25.289207815 27.1509822475 25.5935330771 25.177088785 26.2708223635 23.7340193953 24.6433078643 26.7083194974 25.0509267785 26.8654396785 25.298615066 27.1705018934 23.3666761807 27.2419021384 26.4812804023 25.157351966 24.0382940579 23.7073008003 27.0015348377 25.8507090105 25.6296657743
23.9977560893 24.4375848721 24.831136752 26.2492459991 26.2162621028 26.9243618504 23.6456722887 24.4575334838 23.7270767089 23.6148856225 24.1921866042 26.7350199305 26.8271750231 24.0367264137 23.5867301303 25.2064367752 23.7336883857 25.006078711 25.1316178302 26.8442584104 26.8402341674 24.4041677774 26.0433360738 24.2308124693 24.0469023532 25.9808705769 24.2066978265 24.9490654191 26.9526101172 23.445288408 24.6662131837 23.3253859153 25.7122885023 24.8380202266 23.3176769423 24.0487156635 24.884611614 24.8510113149 26.7759273993 24.2667241099 24.4323431063 25.3434878042 26.3937122955 23.1581873987 24.1988547691 24.8657672848 24.3527332156 25.7953748937 27.2065035437 23.2227975083 24.4055121191 23.2369431418 27.2000210841 23.1664351387 23.3426132264 23.0835388296 26.1393879185
23.7401734976 25.8620854695 25.0917402719 24.8548985611 26.8947705225 24.6457647817 24.257941997 26.7031439264 26.0641517736 24.155999054 23.3511822895 23.5653554608 25.5024378387 24.6811966904 25.0952443607 24.8786748057 25.9902355129 25.3174248597 25.2473950514 26.5607250859 24.7681924503 26.2212283097 25.2410118196 27.1120904144 23.9421328833 25.5418087064 25.2775901585 26.2781084713 23.1388934401 23.821276963 24.7723442332 26.5855435188 23.1092741406 23.9093551338 23.9420296197 24.3413242378 25.622647664 26.9537541398 26.7175815556 26.4784512024 27.2289983262 24.1816669612 23.2139377783 27.0144215106 24.7804038447 23.0472133245 23.2501223006 25.266565222 24.5368039728 26.0616130345 24.82310994 27.136021267 23.003369744 24.6213345745 25.0666304159 26.5016324957 25.304974278
26.4137954287 23.0363478122 23.6424716742 26.2881263333 23.1499480719 23.9674897911 25.1036569668 23.3938615996 25.4437568051 26.5834910268 23.2448419452 23.0851055859 23.6687672626 26.5996733331 26.7863887242 27.0373721766 25.8940648377 24.7054196361 24.5227092412 26.3828826335 24.2929840339 24.7858138963 26.9517755227 24.5502881866 26.9071137354 25.387431811 23.1314242268 24.9047330417 23.3360994843 26.0887645027 26.5882042431 23.3737101692 26.2119643963 23.3675024437 26.4664773134 23.5302254877 26.6298801778 24.2240959518 25.752534535 26.6455512701 25.8679272436 24.1498974909 23.4947127403 26.2293752468 23.176615733 25.5637190211 27.0761643998 26.4628340498 26.8457869844 26.3015878725 26.0435999499 24.5798539162 25.5821663959 26.5424942505 25.0919080337 23.4928960237 23.2742654324
24.0388178407 26.2224942561 26.7748857148 24.1474243379 24.2731446895 24.5716078362 25.0248570734 23.7976470471 23.3767231355 26.3916639152 23.396821214 25.1785010822 24.4407644748 26.8195000186 25.1976538245 26.8311116032 23.8048263611 23.9704895544 26.9005333962 24.3061952573 27.0805016689 25.4163996168 24.5428268941 25.4276268744 25.0326628962 25.9463194824 24.7383796841 23.7656951551 26.5503318071 24.8482615828 25.7732163584 26.2925561169 25.492542986 25.2026221369 26.7005074137 26.4269483641 26.5882121891 26.0655418023 27.0373784279 25.3882310119 27.1729534806 24.4937277545 26.6970006739 25.069277824 26.0568595286 25.3530942267 24.7885403474 23.2796553126 26.5807359344 26.4934813355 24.8845147281 24.2265595618 23.9421478737 24.590423089 23.289174248 26.6282805453 23.8277753845
23.7713256183 25.5547577451 23.6472912012 24.4454815584 26.1010246905 26.38364268 26.7959932994 24.3323866548 27.0029526257 26.6975842743 25.0997780811 25.68615686 26.5316773175 25.5943457627 25.4459237307 24.565002788 26.6688865017 25.0867659501 24.2442134843 25.973895464 27.2012657364 27.1832403935 24.9019383281 23.0891793637 24.1494283819 25.6841186991 23.2622742289 23.9238541407 25.562633792 25.7215576767 26.4956874877 23.4564981122 24.1582956815 26.9416717272 27.1241051747 25.9254728364 24.9832387825 24.6298441382 23.2611556898 24.9364104364 25.067655879 27.0018678927 24.7619469981 26.1026463313 25.6454742207 25.3174374302 24.6698499287 27.1423980601 23.4730786234 24.08078488 26.0353124893 24.7400664478 26.9486650835 26.5504453631 23.0769447117 23.6358164038 25.3456467884
26.7971492992 26.3588177524 24.8614405553 23.8359286334 23.329307405 23.0706939624 23.5156023492 26.2381646671 27.010764568 26.3128729501 26.1494180509 25.2187055504 23.1250458189 23.8508674669 24.0800045341 24.2391115371 23.6845192855 24.7570911225 26.5344767165 23.9097893748 24.3157852857 24.8941156118 24.0424614433 25.8051340699 24.5756714621 26.1801791603 23.068920392 23.2136309744 23.9972013369 24.0870987304 24.6161763156 24.7470866987 25.1041720844 25.6335347018 24.2799131225 24.4090076052 23.9772155617 25.7296783337 26.0062333599 26.9116630482 24.638098286 26.9208447867 25.0433144627 26.4652409204 23.4880577463 27.1204919671 25.8386283776 24.983008734 26.3791905014 26.2245947902 25.9053788652 24.9995510079 25.7897013398 23.5808209282 26.1917324632 26.8803637845 26.9269932735
25.8777859165 25.2598423761 26.1941044037 25.4837954522 25.611452027 25.0174288415 24.238054458 24.1059827327 24.8749785226 24.3058825037 23.8131469984 23.1051628716 26.5967220516 23.9495178615 24.7737973295 25.2849834909 25.0900499547 23.7234498958 25.166526646 23.4267704234 27.0461900886 26.0974726202 26.9185680942 26.0364764305 24.0898049062 23.7910359115 25.1143317523 25.4248656785 25.8237700285 25.7573040209 25.5519833297 24.4717062638 24.819836286 23.5500044468 25.4725388498 24.7772242423 24.3765078926 24.7855550155 23.3900342077 23.5165350818 24.0589616722 23.4411871703 23.8909926924 23.7137323116 25.408022992 27.1257070754 23.9649155893 23.3316198813 25.6748235571 23.8485840321 23.826098071 23.8382183238 23.6855782342 25.3569075556 25.1667132053 26.958841828 23.2726713692
23.6811934682 24.2744487505 23.1752094099 26.9417316791 25.6981723149 25.7463958577 25.3162289475 26.6837862467 25.9888123887 26.7266017924 26.4805635921 26.625549016 23.3158648545 26.3481826595 24.1488734887 24.790937395 26.8895285527 23.2000356889 25.4044285281 23.6882481911 23.0380285881 26.3734411764 25.1665843191 24.5142033306 23.5913252435 23.2526210145 26.9813005057 24.3123949166 26.8703975974 24.2898941956 24.6942934825 25.0338526601 25.2778886254 25.1293022013 23.5953071601 23.0643559467 23.6510189962 26.0043440312 26.4741025197 27.1568479987 26.9196346256 26.1185935098 26.3817232359 26.8805724714 23.6069837165 24.200957528 25.6529644888 25.2848473771 24.2186538235 25.1189204733 23.417630607 26.7567028637 25.8308970055 25.0336658794 25.060948786 24.2877326295 25.0916917524
24.9744309032 23.9445877261 24.871574567 24.0878609795 26.3909670347 23.8244911439 26.566840277 26.9076265627 26.0916487766 26.0308515823 26.9949793817 25.8150111181 23.7099534889 24.0002203321 26.0250251234 26.2935912246 25.5393801659 23.6058265079 24.3006088388 23.3312420689 24.3253841576 23.8734528377 23.1796669928 27.0073709397 25.4189122653 26.5548133753 25.3482230834 23.7988733479 25.9696143189 25.7641330836 26.8841372589 24.9315027304 24.505621764 26.3529775153 23.3331351382 23.8071609334 24.4049135496 25.8565373311 23.7483842463 27.1409231724 25.4517355419 23.2875968303 25.7668473815 25.8358305749 26.7870714267 25.3931495215 24.2737345234 23.2125737415 26.4025560669 26.9040030167 26.4037346772 25.860482807 25.6188530741 24.7821559797 24.0792002173 23.1138877698 25.9467667785
25.4814914503 25.1507760451 24.5523741406 26.8765126738 23.6689083907 24.0466136313 24.7975130321 26.250817519 26.0247037797 24.5559158 24.5054350246 26.5252577927 26.7940179279 24.6259634838 24.5268167453 26.1223718149 26.3822878412 26.7120707022 24.5065310103 24.2368696103 23.5894445537 26.6039905198 25.7408840309 25.6424422069 26.8211404952 27.0014314842 24.8138500686 26.2726420015 24.7240848228 25.217699064 24.9398269816 23.5459503076 24.6191841619 24.0295565742 26.3599258559 23.3997064767 24.4851758321 26.2716710349 25.4325607368 24.6024367902 27.0157177026 25.7393743281 25.3301325874 26.7635034861 26.5391584844 25.0595324655 26.6394977426 25.310609539 24.1209335003 25.1547721195 23.908212534 26.2368929872 24.6480695399 23.1852551409 23.3770789716 26.2213482575 27.0815037943
23.7894084237 23.1613673877 23.5293087732 25.8637120338 24.5674908615 25.3410627305 26.4347129621 26.9683241387 26.0893690714 24.9733538763 26.1536565447 26.1841076867 26.5584844843 26.1142746239 23.2417371946 26.9775332123 23.0725501426 23.9589547333 24.7374109035 24.5015101171 24.1165073942 26.2092020984 26.9517334523 23.6885787786 25.8716336174 25.9217754845 27.0753211367 24.4453234057 24.7279361435 23.9325472526 24.5674333831 24.3067858005 26.0837375753 26.9034668478 23.437818903 23.1190159707 25.7014151197 23.3898162469 25.6981262101 26.7844543304 27.1159603187 26.9941048602 24.4146004576 25.0566822485 23.7823521793 23.0625969995 24.9889777849 25.4607421945 25.8328908095 24.7823364071 26.8991928472 25.8593412065 24.8913484664 25.0766777206 25.8212730718 23.9828029803 24.3660002615
24.7087254908 23.7802157312 25.5439544373 26.4946160596 25.0098718405 25.9303512465 27.144033192 24.4037686091 23.4401083107 26.4750145127 24.3754641727 25.3932965201 26.2448050888 26.9523150353 26.9189357892 23.3239804956 26.3656165574 26.6744762874 24.9115456822 24.4119460859 26.4365169848 24.4902750515 25.0410570536 25.2989106273 25.9785659192 23.4163084465 23.3045093917 23.1850921521 26.2422089786 24.9503993394 24.8178454127 23.9704579076 23.2776253631 25.173118477 23.1764468588 23.1519006456 23.3119848965 24.3254504993 26.8883393577 23.3408803785 26.1395606087 25.3421965013 23.5396664653 25.5240569881 23.2145911476 25.442652466 25.5221349832 25.3250954492 26.1076832955 26.5122957387 23.4296193494 26.8213037297 24.0304343034 26.5309373208 26.3825804442 24.3478182279 25.9661062538
25.010138795 23.856919423 26.3277843192 25.3069760476 23.1826963835 24.1219861033 24.5341719738 24.7563767503 25.1375559996 23.2690113594 23.9045818454 23.2390918271 23.5494509604 23.2764541651 23.2407185804 26.2111250446 25.1682128702 26.8227831666 26.3913718791 25.0336817905 23.02382992 25.9413090287 25.8129572296 23.7382364324 24.8857000574 23.534103279 25.5021446342 26.3823313558 27.0579569572 25.1266677476 23.0010645327 25.4099040756 24.3821795652 23.5120335009 25.0340295396 25.694835031 25.0984613189 24.7759233315 24.284417274 24.1495288122 26.5891152054 24.7772719856 24.1645171244 24.4506733829 26.5812734874 23.6185382982 24.2023022026 26.1252033057 26.1363816179 23.1853862473 25.3682091678 25.2846220133 26.9008946948 23.7958952 23.2482053366 25.7757923923 25.2346387414
26.6657383361 26.6189637125 27.1204377289 24.986357207 26.6107548317 23.7576039189 26.0788948016 24.8062444287 34.5806090301 45.462784529 46.7213858149 26.4804302235 24.784905362 27.0834630433 24.4635058701 26.9890199174 24.9086439504 24.8052335875 27.1463354755 25.9395403189 25.4780879216 23.301714189 23.9261635693 24.6861142775 25.4578543759 25.2977336699 24.7499329099 24.5251612314 26.502459445 27.2011555033 25.0403998605 23.086090529 24.3583220463 25.3384508738 23.1360843859 24.9036306705 23.6494943016 26.2121659584 24.8171525803 23.9287854846 23.3121846018 26.0451181424 25.2567223703 25.0246045126 23.6697745316 25.7512498914 25.8790677749 23.7502033917 23.1498576651 23.7537648134 23.2353271859 26.9609526227 23.0545633477 26.684023249 24.1049665974 25.7939256816 25.4519308278
0 25.9179419813 24.8002004546 25.1268449744 25.8690542863 25.6218213382 24.4689501938 23.2088454795 33.850363783 35.6959623485 40.1453529691 27.0004189782 23.7688943119 24.457369282 25.8792502968 23.8240895492 24.9539655554 27.1493493979 24.7687095805 23.2924674944 26.1868161902 26.0807553245 23.1418881642 26.5763260177 25.2471601489 25.941761533 25.8263704365 23.8910240729 26.7911314249 26.0852468136 26.4918057216 24.5546543543 26.4414013371 23.0741588615 25.6982204947 24.0059522837 24.4804503786 25.1804711492 27.1449476758 23.102941325 26.2564241314 25.0565807032 27.1824692735 26.6439166421 26.1554304178 25.6746213522 26.1460569492 24.5734754517 27.0031493841 23.8374025229 23.5670735949 23.2204342754 23.2852445149 24.0929615293 25.1063433051 27.0429470954 26.9189756274
0 0 0 0 25.763706274 23.3168740986 26.10539228 27.0237931511 36.6228203738 47.8830024905 43.8825282067 26.7216984374 23.2307429993 26.271854162 23.8549708323 26.779693399 26.6410062521 26.8277535342 24.847178909 25.5411736844 23.194724467 24.3940147073 25.7955664013 23.519686342 24.8513056346 24.348064188 23.4803347859 23.1475897631 24.2743089161 24.9268490397 23.7541614725 25.8129327696 25.3749420042 24.6684249478 26.9991193348 24.5988112889 25.4639998219 25.3341820456 25.5065784606 27.0007254657 26.4408225101 25.4078493888 25.6110299931 26.8104581791 25.5445505016 27.0803073585 27.0132514808 23.6744335247 23.0050996532 23.2528125513 26.3868123386 26.3638012695 25.9309445989 26.9477523375 25.1657635935 24.1123436529 26.4298598249
0 0 0 0 0 0 25.3333723094 26.143778261 25.7809656662 27.1549582445 25.0689892014 25.2607678124 24.9270041328 26.8898938152 24.2678067732 24.7673652824 24.077980184 23.1454266501 24.3110717529 24.1107836165 23.3781458311 25.6502725918 26.3561764772 26.866111363 24.7167804192 25.9288334754 26.6489025447 26.9657424408 25.4744148734 26.1933404061 25.9725861859 25.0525462599 23.6809400097 25.5864354856 24.4534192088 26.1090933783 27.1322623273 23.2291216621 26.9268417777 24.9738644798 26.1594181038 24.4741844345 26.0574634204 25.5906674386 25.5058444325 24.3550202231 24.3488326368 27.1958844337 23.2105894321 26.759319251 25.113532738 26.5043551327 27.2350769215 26.4715549453 24.8885450474 25.0130582342 26.9717996342
0 0 0 0 0 0 0 0 0 26.871850433 24.8975016046 25.6094689366 23.5061506738 23.1878723389 0 0 25.9850811916 24.7993455336 25.0148060849 25.5428971401 26.9118550235 24.3825679335 25.9526361553 24.7194312141 24.2285161781 24.0663100229 26.3754178216 26.0361996794 26.9519605095 24.5423435355 24.6314303946 25.4807036321 25.6537646342 26.3915389257 26.6510250258 24.4992502896 25.6782944155 25.0553015637 25.6446228565 25.9294263404 24.0997440365 24.625581812 25.1157249615 23.5519628996 26.0502144704 23.3816373759 23.7142007602 26.3113732727 25.3880549355 23.0000821347 25.574509976 24.3036874474 26.4514980161 25.9282507444 24.7905608884 25.143921012 24.9661604924
0 0 0 0 0 0 0 0 0 0 0 0 0 0 0 0 25.7014165784 23.8045730761 25.7634168484 25.0091776862 24.8066731611 26.7505324765 26.1540793127 23.8481768526 23.7881093929 26.8103547809 24.7468763263 27.2122083545 25.5887009228 24.8964779805 24.9136467026 25.353935464 26.4101443299 25.2667025243 25.9056642829 24.9259642589 26.9565944441 23.4148215989 26.9070798726 25.5326915158 26.1217905107 24.2899782592 26.6234019641 24.8019554822 25.8473998367 25.3184282793 26.5909202984 25.940743886 25.9807845891 24.641859353 26.2655928319 23.1527392136 24.5849979023 25.303416905 26.3740035204 27.0500918439 26.5497008812
