Spatial_Output/DEC/DEC_0738.asc
NCOLS 155
NROWS 192
XLLCORNER 196307.867259
YLLCORNER 449144.565805
CELLSIZE 33.573938
NODATA_VALUE NaN
[rows 52 to 77 of 192, columns 57 to 113 of 155]
27.0267904802 26.5778324182 27.2136219319 26.1789322076 26.1868526019 26.3069122633 23.1352547885 26.4231219191 25.0694444726 24.9207538954 25.5601949783 23.8954584143 24.2439692046 24.9011509857 26.8830725271 26.4128172291 25.2584774513 26.6777589775 26.427259721 24.8434810245 27.1263133748 25.2873715064 25.7036778008 24.243406416 25.3434440844 27.1015424398 26.7901526139 24.4606157773 27.2411533849 23.2721369264 25.5359729378 25.9651426386 24.1711241691 23.3464623599 24.1050270177 26.8674408311 23.1291684598 26.6826636746 23.1620928983 24.0276052737 23.9220492578 25.5683181908 27.118454044 24.5616922265 25.5817863924 23.4980983405 26.0454191858 26.5633457213 25.3401984607 26.8257163282 26.4619906056 26.7434188636 26.1270674509 24.9534585804 26.7350372471 23.2686582327 24.5857763357
26.9363677799 25.9895263994 27.091414099 27.0406443908 25.504344928 24.6061389521 25.181779652 26.5908815961 23.6903319593 23.8709096994 25.3876674993 23.0211349088 27.0327952639 23.3501635186 25.2129881087 23.1682088011 25.392303166 26.6618819439 23.4695012994 25.1032874026 24.1402645663 25.9301534124 23.8479602071 24.0228337194 23.6450657472 26.8267277266 23.6226706085 23.0103003331 23.5385898748 25.0700228509 23.5368999658 23.4689594073 23.6130406065 24.544478345 25.9798978056 26.2290783086 23.7677487857 24.5372348368 25.0067529604 26.0995777922 26.3998039327 25.0693841306 23.5925971229 26.3828445061 26.4829848927 24.2866926663 23.3392240963 24.8309266004 25.4830041287 23.2514124148 24.7898842715 26.1779771164 24.4648624914 24.8053084314 25.5487287682 26.5073495153 25.006291448
26.3863107491 26.985665865 23.1546286687 25.4143515807 23.1324073427 24.4817187662 26.9440397187 26.3280076153 23.2021740752 25.3208364339 26.1804211906 24.7300511256 24.9982458723 25.3393976009 23.5650582581 25.5147557409 27.1119611244 26.7349388149 25.7832693708 23.6328656912 25.4862855614 27.242188078 27.034810043 24.5839913519 23.7761830123 25.5896767741 25.2264077555 25.8164243097 23.1171074239 23.5633011762 24.7021606654 23.365810501 23.7413239171 25.6913343436 26.1628438383 26.6095035083 26.0550448506 24.4434509869 23.5301455624 23.6445721024 23.1421741457 23.1580780115 23.0000408621 26.2325507478 23.5634250867 23.4492268495 23.7805793043 27.1022436153 25.8344615006 25.5614024519 26.5687963436 26.0939159868 23.295275936 23.4413764902 23.5324190893 24.5331581011 25.5312001425
23.2653470687 26.3082426954 26.7114757042 24.6853606087 24.3175911817 24.2285281293 27.1220755835 26.1161833185 26.8452383308 24.7582671456 24.8526954166 24.0951044212 26.5046766994 23.0388907798 26.1835382344 26.0858548666 25.1490579119 25.1223653317 26.541667956 26.0403952593 24.6220675253 25.8365494729 24.9876488285 23.1504926042 23.2368089062 24.907730176 23.1084934026 23.1049999605 23.7797003761 26.659480386 26.5607417583 27.0331959577 25.421153779 26.6243805653 25.7738650077 26.7033912138 26.7855948756 24.1680386019 26.2273575454 24.9550332046 23.0127748097 26.3940053889 24.4546952652 24.9039341477 27.0872863922 24.9601415004 24.665388919 26.9653765571 24.6313418118 23.5250922895 25.9828860004 25.9590015595 24.7745649365 24.8051682775 26.1062036039 23.3030713309 25.9210185017
24.2655014094 27.1594705407 23.3210512409 25.4175874562 24.9698638475 23.0966142058 26.4999236398 26.0361742572 27.1826158081 26.3079814333 26.979311747 24.7053514456 23.4770561382 25.9510907354 25.9083457478 23.1252808392 27.008075697 25.2302805871 25.0823612724 23.1776135661 25.8962828277 24.5919939705 24.6179524778 23.4991078771 26.6610660999 23.4709774994 25.2535521581 23.2179164036 23.2818065868 26.9417780807 23.5011702981 23.0758338559 26.341149342 25.5352773502 23.1507683606 27.1040208987 25.8835102813 24.3203370649 26.7114275988 25.3546107047 25.4788877263 25.2191364301 27.1097443363 27.149523995 26.008128861 23.4249007515 26.7028464338 23.8026379439 25.8408361009 26.0968351895 24.7980310016 23.4452777948 26.9484515998 23.4875139944 24.056204729 23.7869991434 27.0248824214
23.9122544173 25.8595031136 25.8559549837 25.2693955849 24.3807302364 26.3783255715 26.3047789132 23.9944318583 25.6589709411 26.8591883633 24.9008977314 25.5893879323 23.0230862012 25.1730818765 25.920637401 24.5218353756 25.2897923584 24.6838422079 24.5037392358 25.2422217143 25.6040301985 24.7957440755 27.1730592606 24.2118106992 25.6782316681 26.4646248274 23.2330415115 26.6571751394 27.0336666698 24.2807292884 24.3504401891 26.500336826 23.3600063313 24.3052230241 24.8241063979 26.4969306361 23.9787525758 25.4329598587 25.0210847254 23.0935008618 23.2923750413 26.2033860073 24.6201522118 26.3240836795 24.8985790972 25.6597848249 25.3644602567 26.4036842805 26.1171117807 25.0218351434 24.1244810586 25.0541097392 25.6305554539 23.2596254587 27.1983830196 23.0447174156 25.1998074684
26.2480265705 26.349280629 23.2091032675 24.5819307648 23.5885443976 25.3570287347 24.2037533023 25.6324830641 24.3534473582 23.3551339736 26.399530589 26.5710999825 26.065865561 26.5977885291 26.00816472 26.264533144 25.9950909303 23.1535892555 23.1308597025 24.8169145754 24.3750228608 25.8086706337 24.6462238301 26.1132247508 25.8831762163 23.2155306519 23.182874066 23.1581045919 26.7131212647 24.4696176187 27.1635460711 23.9896041821 23.7264574333 24.1316546963 24.7313334966 24.2021106706 25.1960493633 23.3773268662 26.231217515 24.1942246665 23.2129776986 23.6345220686 24.0697599098 23.1594403574 24.7522557222 25.8804215972 24.396347071 24.4604547307 25.3067919124 23.5805755082 24.6251642226 24.0153885831 26.9545350341 23.0357666855 25.3627152533 26.3538922036 23.3590151958
24.7148762206 23.198026831 26.0259701485 24.8783324663 24.6136757163 23.0946733422 25.6309399463 24.9873146361 25.6525157684 23.6725117245 24.8126293277 24.7859373168 25.7923102007 25.3554820722 24.5294665646 27.1524227137 25.2388343341 27.2371985968 26.0399424239 27.2340930174 24.7916002782 26.4296429814 26.4206390068 25.1141921283 24.1906315351 23.9067976167 24.749404067 25.724625264 24.3109360694 24.8140120488 24.7456652611 24.974811446 23.0703683912 23.6880266481 23.3648540905 25.0115228584 23.929900247 24.8562727221 24.3435986929 24.8452400785 24.4127650971 26.8060749811 24.9126510867 25.8206642162 26.2399754017 25.2781931102 23.7132072979 26.9133369556 26.2790448448 24.8286844962 25.770413755 26.3069136845 24.4142705441 25.4449652382 24.220322671 24.2688315404 25.2871580807
24.4090277379 23.9028043083 39.8255992323 25.8429392926 25.7399339251 25.2981334123 24.7644868689 24.639087396 26.5030054244 26.7729683031 26.5146152054 26.2045149918 24.0476349558 26.9460190688 25.750287812 26.419355534 26.8427041494 26.7299496262 23.471463222 26.4244160205 25.1892073342 26.8436055077 23.391166113 27.0176223087 26.7185767005 23.393513114 23.7043436629 23.9733038573 25.4114970534 25.5278663016 27.1562171588 26.2430870347 27.0420641218 25.8536200269 23.1143414271 26.6910768942 25.3777226923 26.7096292042 25.9860392241 24.1680604988 25.17837213 23.1037821626 26.1286442131 24.4394964126 26.07633521 26.9297585206 23.8359990938 26.9702997087 25.2523574466 23.1173183339 24.1491772027 26.0535890138 23.3212294831 23.0178443964 23.01453413 23.2915947975 25.43805148
24.0234169141 25.6012301439 25.26860896 25.567571982 24.6064336958 24.6369160916 24.1691428116 25.4795290705 26.1313755125 24.3682977335 23.3725745205 23.632718312 27.2358514669 25.507079929 25.8151545875 27.113421413 24.3701825624 25.070600077 24.8577823283 25.0529087716 23.1764572578 25.9326147026 26.0517004138 23.3981954024 23.0399310263 26.1254717187 24.6600696889 24.7440661655 23.4380123505 23.2075376586 23.9110913946 26.315358686 23.3588554035 24.5031652393 24.353889472 25.5991833051 27.0347765088 25.7600242934 26.705915433 26.5437903572 26.4625483682 24.2537832259 23.1610027609 27.1032159698 24.3741348605 23.4311563713 26.6773514976 25.4633707749 23.8964205483 25.6409869728 23.1246112107 23.869452088 23.6449101957 26.3208682893 23.5722193694 24.8501661624 23.1967706725
24.7733704547 25.6917931003 24.3066748367 25.4831937157 23.518101694 23.110962962 25.5780675172 26.5071637248 26.2256306084 23.6930991454 27.0042427335 24.9836061058 24.4021558312 23.9080666575 26.4430569025 23.6355244641 24.2853845117 26.2659596733 24.3166589044 23.8256536519 23.8618170539 26.931348581 25.1418758352 25.8765457227 25.9027237081 24.0747748024 23.2752882446 25.1428034886 23.7120600025 25.1567739226 24.7936310757 26.6269217367 25.3752093471 26.2766521617 23.177674969 26.2162996506 23.9204961768 26.8218010768 24.6152237338 25.2738743656 24.3953535838 24.9830872064 25.1552738368 26.4066439291 24.0012409113 25.4911747725 23.3886432745 26.2626694589 27.0285257771 27.1453009172 24.5731596606 25.2423564175 23.8906109062 26.4105668679 23.850901046 26.0469324097 24.2357141452
26.2930778942 23.0577521307 23.8452470677 26.8096849472 26.124211101 25.9244238143 24.8564673275 24.5939329292 23.7501358897 26.7335855884 26.8428263241 27.1107704358 23.9832817857 25.1232789476 23.9702508497 23.289290887 24.6238591498 26.5179144576 23.8478510227 23.8756821208 23.7674693195 26.2925772819 24.9377455885 27.0849364983 23.2542351729 24.33806824 23.8271461238 24.3893770816 26.0725280394 24.458235615 25.3912509167 26.524705132 23.9499792953 26.0816586438 23.4799459863 27.0163070942 26.9340628207 23.610596383 23.0526203029 26.5591906013 24.2577530568 26.4537817546 23.2133556214 26.5293047282 25.9887189128 24.7227247084 26.137655313 26.5655368229 25.0694765072 25.3314277731 25.211639652 26.5633188353 24.2731644181 25.7191412144 23.1137286861 26.7182025465 23.705390395
23.2451637419 26.9885182277 23.3240573825 23.0409689219 25.1411272751 25.9675252235 26.8377453354 23.2638256388 25.1535702232 23.8744670064 27.1053652292 25.5862303583 25.2423288402 23.5669426733 25.0917179505 26.4382841334 24.5476558665 23.8615076681 26.6371932243 24.83541988 24.9798942726 26.6044383549 24.0178694418 27.168505941 25.2922966645 24.7018510085 26.6034126992 23.5857639336 25.9900219441 23.909217704 26.4448056147 24.4881877481 24.1309100802 26.8913143489 25.1431446468 23.4154092203 23.9823789943 26.4211886927 25.8510768 24.850351518 26.1957205889 27.0695755016 23.3283607348 47.1224090006 47.1224090006 23.5428210093 26.6322377139 25.1925059688 26.2807064082 26.4129335903 27.0463435969 25.1213307388 25.5793447572 23.0925735951 25.4988661934 26.8949499382 25.9442904848
23.6178065075 23.2853883053 26.7141812327 23.5168274602 24.6979251491 25.843946003 26.0313000521 26.3135425155 26.9598491269 23.0335554637 25.4082467172 23.7631919349 25.0253984728 25.7667158732 26.9086838377 25.2899953724 26.1876077556 26.1541490052 25.3767332383 25.9650450444 24.320340683 26.3550486597 26.9458785005 25.3155399526 24.6507080157 27.0574760282 23.2624462665 24.1350255542 23.0782566075 25.6441247221 24.2970831565 23.1239570558 26.0314096017 26.3808549896 24.6363014716 23.4480317211 26.6733953081 23.2866806419 23.4091682262 25.3954355952 23.0166464205 26.6786911583 47.1224090006 47.1224090006 47.1224090006 23.7545022716 26.6714375551 23.1346583318 23.0167359544 26.0122025492 25.5742898372 23.7697108241 25.2382671949 23.6550664923 26.418575948 23.4156596639 23.4927517117
23.5631242535 25.3343007824 24.8340916249 23.6507517407 25.7200645788 26.6232304594 24.9341363395 25.9346908049 27.0391973813 24.8102740334 24.7206708786 23.7323818403 48.7848263581 24.6709900232 24.2910993373 26.8315389703 24.2426049944 26.0520214383 24.4044438523 23.9277049228 26.5817601398 25.8054279097 24.331001207 24.5038511512 26.9805687847 24.3858714837 26.4029651114 23.3522044974 26.1824395574 26.8576269131 24.3254757532 23.5853312139 24.0876072718 25.7573867353 26.4306531736 26.8442635847 26.1850650875 27.1007096881 24.7708584226 25.0194556983 26.2817587852 24.5125906628 24.2656919826 26.4700877581 23.045509287 46.5233713453 25.0788894154 25.7250263388 24.335411285 24.6317658066 26.2345785875 26.3592847092 24.341790762 23.5471273259 25.9121142874 23.6533597394 24.942002883
25.4460666493 25.0486393211 26.8237985056 26.6925921793 26.6694445068 23.1835879869 25.8701390222 26.3386446763 23.4581400805 24.751301201 25.2821374712 24.8844700972 26.2511221514 23.6850746208 24.3022813879 24.7516977876 23.807447568 25.2895786284 24.2989625566 24.2616917762 25.7765714073 26.5439216099 25.5485382735 26.6162481578 24.5033404386 26.1236419495 23.6425882576 25.4229633408 24.9294372312 23.4630186892 24.3215435552 26.5620412957 25.9249904517 23.633116797 23.0120742125 25.7299574189 24.2569688539 24.5327041941 24.4749824227 24.1118957259 24.4603046442 23.6326642619 26.0558354896 46.5233713453 46.5233713453 23.196882094 25.5202531719 24.5940112434 26.5099064115 25.8887418445 24.876790004 26.5646924088 24.04032206 24.0967137421 24.9873612466 23.3096928778 23.7193774365
26.8569806494 25.9972118716 25.0786100252 26.5827223459 24.1280737631 27.0488120182 24.148121161 24.6428042505 23.3795261482 25.3907241582 27.0818817855 70.0135967727 25.6365758073 24.235598514 24.2924259043 26.1980312189 24.8163076866 26.1629741223 25.6236761883 24.2187055187 23.0994191231 26.783537346 25.2858347662 25.1311244118 26.3582155308 26.4447737497 26.887293192 26.4782243262 25.77931003 25.9431227978 24.1572250214 27.0235328949 24.0002725458 26.8922984176 25.9966762732 27.1229164706 26.4656568015 23.0239960564 24.200647074 25.3940000257 24.9726382404 26.7037641912 27.1698585834 24.3644888269 24.7079765662 26.5769101106 24.5799633131 25.3220292534 24.8955472223 24.6322391547 25.8667083783 27.0625922201 26.4582160365 26.6088909717 25.535063367 23.1719434657 23.8378178341
25.2004868104 26.8476864089 23.1914136141 25.9309466646 23.7814760287 24.7910879362 25.2566245276 25.9058548899 24.0753630025 25.138136973 23.5645139707 25.5141249964 48.7848263581 23.2971533646 25.7443128935 24.7610325117 26.1644961022 27.0100570759 24.7364398615 26.0856089099 25.8968038075 27.2352819285 23.8118633927 25.3971317416 26.0698095777 23.2985613766 25.7667764846 26.9393910467 24.1349747172 23.7595171631 26.8635631479 24.5826495888 26.6736215788 25.6440590466 23.8645592256 24.7056913962 25.7776517794 25.3443681117 26.4600122061 23.9863612026 25.5986040668 23.8763013658 26.76434538 24.9266861282 24.7171554898 26.169046998 25.3866852613 26.9983130187 23.9209161823 23.9958243968 25.7135775799 26.6649293328 23.4743701594 24.6516914231 24.2768396828 24.8571901593 23.3784413068
24.9776780531 25.1566172925 24.5790989355 23.7716431831 23.4529955001 25.2028036755 26.8601734078 23.5227287643 25.4213370598 25.67039319 24.8257174494 23.6125420043 26.5514318167 26.3520831547 25.1678613179 25.1199946613 26.6412151399 24.2682291312 23.8948784493 24.6250069955 26.6190106909 23.7107720006 25.1017302892 26.8082282592 25.8573087434 24.1840092183 23.9382809218 24.5351590548 25.7583605399 26.5480286772 23.3462590734 24.1296775743 25.9223553842 25.4303030486 26.1767175767 24.7912748053 23.2176803054 23.2747233104 26.6516156566 27.0751320948 24.4068975297 23.1541472407 23.6650595322 25.3182316974 26.2632423974 24.4273825653 24.2935959067 23.1935264819 24.0027961468 23.7463748365 26.297350613 24.9484277586 25.550895332 24.1661725321 26.6229714899 24.4766508191 24.5432700217
23.6386350971 26.5921176886 25.9770659199 25.5785686965 24.2020054979 24.2594557627 23.6029077935 26.4978894231 25.7059719902 25.1138471522 24.971283556 26.3821215662 23.5626797341 25.1193492812 23.0761215693 24.6084072931 23.9199135795 24.7086370766 24.842997685 26.9343790301 25.2156055414 26.1130876877 25.8739030823 25.3449689587 26.5279233444 24.7617783255 24.7505990587 26.9556258544 26.8760626589 25.6216595777 26.0557727694 27.2118546651 25.6529371085 27.0122509396 23.0777629474 23.5257690912 26.0864302546 25.8130968727 26.8280113811 27.0518913229 26.9403991856 23.029632533 23.9466811313 23.6774389544 48.5796254404 25.8507380821 26.730762707 24.8109923637 26.1485623692 24.8026262263 24.6724481923 24.4662781109 25.940303384 25.859517855 24.3814957468 25.0922163141 23.3110587482
27.2407369066 25.0793518204 25.2381812662 23.5882028164 25.1827168777 23.2487456754 24.1224403906 23.9955592331 23.229927538 25.6335702404 26.8797143408 24.6432101137 24.6103962033 23.7395140885 23.6192810629 26.4104511091 23.4774120878 23.0197736254 23.1290678428 25.6860679548 25.7792935681 24.9665964865 26.1059891707 25.6440354949 23.5596918236 26.3928490987 23.7961822777 23.7034723458 26.0356171911 23.7611600977 24.4844368359 23.2983264044 25.8904501914 26.8647745036 23.5742427924 25.3280933661 24.2210223958 24.0868412519 25.0637239056 27.1807708393 24.3353701669 25.0117856776 23.7930942173 27.0700043961 26.567484459 24.7963134424 24.7722677096 26.4055444289 24.4123500747 24.9301602908 23.9163825311 23.3351425344 27.026112799 25.4559601499 26.730865496 24.8841172567 25.3488937254
25.5301502999 24.5465513924 24.0404947211 23.5077933519 26.6464917623 23.4293298781 25.3936455846 25.99017185 23.4570493371 27.2151431557 23.393855115 27.1312508231 25.9710011269 24.3456048076 23.401271305 27.0562605897 23.1897477301 49.2059782507 27.0506631707 38.3859104107 81.7991199644 27.0006710096 25.1884607839 25.1887052451 26.5028313564 23.3789508105 26.4452012197 25.4297891109 26.9557374254 25.3860216806 26.2423365839 23.3724262829 25.8939187204 26.307451347 25.2859250869 25.157595104 24.5279583115 27.2028874661 25.0640362822 24.0350182052 24.6392177665 26.484169564 23.9735568434 26.6829096724 26.7079611101 24.7202659548 25.7422243861 26.9497976716 23.7453803607 23.3419612055 23.2402846065 25.6348301874 24.401888961 25.3818905711 25.847043045 26.3081441504 23.9466376858
26.022377578 23.9890350314 26.7638466631 26.4280065306 25.240889734 26.0576715048 24.5932683638 25.7962749053 26.6183643556 27.1035375673 23.1338765201 23.306099714 24.691574397 24.8961494401 26.6858305064 23.5285394338 23.9026478641 25.5577563631 38.3859104107 38.3859104107 38.3859104107 23.5789714672 25.3846651823 24.313178001 23.8500729199 24.2413879959 23.5118450196 26.4002708725 26.6950789834 23.4162091894 25.8829366597 26.4426091158 24.5562708351 26.9528130546 24.7616650507 25.8718760764 26.7988355783 25.775269981 23.1336466043 25.5812250936 24.7383938002 26.1596359046 24.2355037738 25.2646418268 26.7195624632 24.1796085685 23.8833177641 25.2992644972 23.0462197659 26.5954310451 27.1114026274 26.464617106 26.3683703866 25.1765273579 26.7206862764 26.6887244939 24.8331522354
25.2913897078 26.4767193542 24.6155579561 23.0420859163 26.3945005455 26.9178554541 25.1363689492 23.9833867636 26.693664249 24.7366680858 26.2085802708 27.0189437862 24.0009128118 24.1809730994 25.0020663579 25.478233748 23.6439363737 49.2059782507 49.2059782507 26.7651993247 38.3859104107 23.148492072 23.0132860708 25.7853233617 24.3683653647 24.2553901279 23.8079976711 27.0264714581 25.348390583 25.5682684327 26.4585663265 25.4372652303 23.4985496274 24.8594447187 24.1528409058 27.1946277484 25.0606488095 27.189926346 26.2880658129 26.4038003531 23.2040377717 25.5864070578 24.3581796649 26.5830001573 23.499899262 24.2787127649 24.5515113223 23.7512960621 23.4740036592 23.6312564255 26.2345470285 26.0780154814 24.5750007996 25.8475239892 23.8838013911 26.3730772619 23.6768154783
23.8455318903 25.5181373632 23.5190090791 25.6169066704 26.9221251341 23.9902257286 23.4733420306 23.7049855241 24.4826293275 25.9881531697 24.1300480279 25.6862870147 26.4375162022 24.3440633621 26.6893901798 24.9330508949 68.9979826716 25.1390982027 26.7716828918 24.0992553229 25.4704429267 24.8985349685 25.0208469381 26.960188463 23.7366922721 25.1633990268 25.7803081529 24.3857889775 23.6138603251 26.2643032886 25.3468820821 24.3939206906 25.5839616168 23.307822548 27.0076954605 23.0454064098 26.3939513702 25.9424987056 26.1523854923 25.8180252228 24.4725471051 26.4727252949 25.2199829423 24.1885727998 24.9980983174 24.7914799025 26.2032650196 23.8924175901 27.2148316715 24.8008830792 23.8876239805 23.8659312099 26.3717184783 24.8773506659 25.6920498677 25.8571202231 23.1632851801
26.5210794824 24.7442284829 24.2442065791 23.0455720662 23.7320232363 23.5730374399 26.0357794473 23.6060779525 26.226768802 24.4487503475 24.4682705614 25.6527097491 25.9191494059 25.7860865255 26.3130740394 25.4746504814 26.0171787876 68.9979826716 23.7065415806 26.4946970849 25.3598190102 24.5988601459 24.564140436 24.0213798433 25.6046267236 26.8635177629 26.9786873315 26.6641083685 23.9600564008 23.8765291572 24.7671255001 25.2983007474 25.2715622502 25.1899150503 27.0546365532 25.7964668679 24.6292296699 24.6859481991 26.0766901963 24.0520137477 23.244637925 24.6816444698 23.5611032719 26.7780337634 26.2642112601 23.0230192041 25.1360583365 26.0379936132 24.2020560776 25.8533182935 26.1839336398 26.295294229 24.0450983042 25.7949950966 24.125028039 26.6110398602 24.2194966471
