Spatial_Output/DEC/DEC_0659.asc
NCOLS 155
NROWS 192
XLLCORNER 196307.867259
YLLCORNER 449144.565805
CELLSIZE 33.573938
NODATA_VALUE NaN
[rows 26 to 51 of 192, columns 0 to 56 of 155]
0 0 0 0 0 0 0 0 0 0 0 0 0 0 0 0 0 0 0 0 0 24.5462511749 28.3458684586 29.3819598003 29.149448528 28.6521387281 29.3642254275 27.482446843 26.0714135295 24.5414626235 27.7086332071 28.9908223676 28.1959001097 28.3203177729 27.2609163752 28.5867917773 25.7608648435 26.9122441776 27.4523882369 25.4392825969 28.1148588381 25.5723998262 29.1876153155 27.8953835188 24.8180070392 26.3502632008 25.0896539444 28.778144548 28.6711901443 24.5967860594 28.457765669 28.0500285341 27.3868980148 25.9068191695 28.8929390086 25.5968160912 25.7051384073
0 0 0 0 0 0 0 0 0 0 0 0 0 0 0 0 0 0 0 27.7625334934 27.4634096672 27.4055950163 26.7349970257 25.8408772508 28.5921474854 26.7367261151 27.7795953034 28.5263034233 27.3775437374 27.3510890458 29.375506898 27.0502108674 28.33829233 25.0572144159 24.8219679232 28.1278668012 25.855662742 25.2174734463 29.2940817047 27.3023324662 27.9404475942 29.2175542847 28.1451667549 29.2999386651 28.7433982121 28.7312385389 27.1031239543 27.5214437154 25.3847996387 29.1140988516 25.3609762967 26.1232586431 25.1845791031 25.8735584341 29.0882493565 28.0760071453 28.6449314861
0 0 0 0 0 0 0 0 0 0 0 0 0 0 0 0 0 0 26.8647853607 28.5543173978 24.8966346499 25.3332071901 25.4698807161 27.3582966752 29.027241528 25.3496939317 25.9898850167 26.5203122311 29.3960958358 24.9702120632 29.3091824351 27.1775618824 27.8359366831 24.7364697153 29.3293210865 26.5046495127 28.3783263865 27.3171397773 28.0013737483 25.1834803515 26.3881195995 27.7712526899 27.5942914646 28.5904198291 26.5586115501 26.7257344802 28.8231652368 28.3993730426 25.8627510171 29.112016448 28.0505687539 28.4687520641 27.1815292054 29.3827143673 25.1260458979 26.9408877931 25.1862142474
0 0 0 0 0 0 0 0 0 0 0 0 0 0 0 0 0 28.542829909 28.3144479821 41.2169660111 49.5231895894 47.23422169 29.3121620667 28.3781892703 27.6000896591 26.6416842744 26.5764907965 26.5434601128 28.04055806 24.8566170875 26.4507283397 26.5054781609 25.1727082655 26.7014151568 28.1645144421 28.5175694034 28.2476409341 27.4063950549 25.6588304604 25.4016393478 26.3490869539 28.8169710951 29.0777367222 25.6145439343 27.4207483529 25.2508698611 27.6201022361 25.2087457091 28.1447466726 27.090739658 26.5059762029 25.3887852878 27.469655415 27.8798549613 25.5793442853 26.9382542932 26.1318237639
0 0 0 0 0 0 0 0 0 0 0 0 0 0 0 0 26.9368011025 27.3459980776 26.4748221701 50.8438309063 37.9364757663 46.1188607621 27.6075021607 25.7387545127 25.2159948022 24.7443140824 27.8318448245 26.5368268207 25.1720921475 28.1029644384 27.7545464157 26.5312902753 24.8394254279 29.1186645624 29.2443710874 28.0365774114 26.5122446846 24.8838306918 29.2117684201 26.5102911887 27.2989134945 25.0452634324 28.249475355 27.6355367211 28.457588237 28.4966106392 27.1860641681 27.7841733463 25.9045842478 25.3649556272 26.8684994487 27.7195001297 27.1834526105 25.4484341444 28.3945573222 28.6352891372 25.8678729679
0 0 0 0 0 0 0 0 0 0 0 0 0 0 0 24.8864778222 25.8910738078 28.9135740075 26.131442165 50.6928807502 48.0019225394 46.8957344891 37.3773776899 25.0487863843 29.0200348148 28.8011464108 25.9248437414 26.6460995437 27.0226323807 27.9103783705 28.8324751582 27.8446436543 25.3476815817 28.8610833751 27.2064072795 26.0168039009 28.6755433832 29.3313116889 28.4402507394 27.5086459465 25.8260728255 27.5740188153 29.3884126505 25.5270496221 29.1051069468 28.3450543359 26.1063314178 29.0523931007 27.0218137729 28.6102355982 27.4246556731 27.2954145882 24.7665892291 28.4147506701 29.0268334748 26.1608915836 25.8406161165
0 0 0 0 0 0 0 0 0 0 0 0 0 0 0 24.9986529879 27.5382167175 26.0719496967 27.5535563381 41.3544445133 45.9224633085 38.5149580739 40.3574228306 27.7689298974 28.250367487 29.1749149949 26.6163910247 24.8925614285 25.2256930271 28.5515067971 26.5385525531 26.7395190393 24.9428428766 25.2078530769 25.9983508298 26.4687944065 27.8042770171 26.1822477583 29.1915504243 26.2561348504 27.6608320978 27.8546047537 28.1549922192 29.0630463824 25.2274203105 26.3785336729 24.9043340188 26.5588331921 28.4580875644 27.4084398828 26.8056224691 29.4327314881 27.6591893359 25.300255881 26.9212229002 27.2865603852 26.1625257133
0 0 0 0 0 0 0 0 0 0 0 0 0 0 0 27.4769022397 25.0241276992 26.0864148285 24.958454681 29.4068095223 41.1428865934 37.4487139916 49.7839885945 27.8202115251 29.2482281042 28.6548972327 28.6059605063 29.1237318447 24.9056969461 29.4061360865 28.0716501278 25.1114576152 28.826245489 25.3278481683 29.1748729376 28.3427457771 28.3528142602 25.8344175085 27.4496994389 29.4495868827 25.6024259184 25.2549042112 27.8222340836 24.8596133672 27.0940123404 25.9143035355 26.1594844206 25.7566219941 25.7965800062 26.1364912907 24.9607315753 28.4835848254 25.8095839738 25.7989843361 25.733168188 27.7730874715 26.5745858042
0 0 0 0 0 0 0 0 0 0 0 0 0 0 0 25.5604072274 28.3845710422 25.6691607715 26.9102811151 25.2162437337 27.045702039 28.7295722687 27.3042990073 25.4339047322 25.7099583479 28.7094656701 28.1254385922 28.4265003392 26.7110085071 28.0970406117 25.5716717395 28.3144467434 24.6211815233 26.2104138889 28.3252204932 24.8671279438 24.569484049 24.9336462246 27.0550064208 28.5705817807 25.5600377362 26.8106919071 27.4402716761 24.5008571698 27.9024982242 28.0347739964 25.3081119396 25.2802686034 28.8411343321 29.1533449339 27.2258342912 26.722582323 26.1515209861 29.3708832209 27.8891412106 26.3148965778 28.5145370714
0 0 0 0 0 0 0 0 0 0 0 0 0 0 0 28.9063834743 25.5128302789 28.7589060517 28.6389358229 24.9175253602 25.6514670382 27.6479215006 26.1247001467 29.3642679668 28.2901955939 24.9364025415 28.5261830742 26.2526186941 28.4422789737 26.7851048129 24.5947194093 24.8437358367 28.786090385 25.5609483527 25.3636868573 25.4383030731 27.7951929395 26.1669445184 25.9602551378 24.8043632917 25.8871260192 27.9010438382 29.1378587194 27.501098118 26.6616752096 25.7761321881 26.4387228981 29.2748658644 27.4235800969 27.9211037441 29.341000856 26.8608470149 26.1537568895 28.4651511943 24.6100165591 26.8136232776 26.3477596232
0 0 0 0 0 0 0 0 0 0 0 0 0 0 25.9852060346 27.7906494856 28.2618864039 25.8134301423 28.0117386794 25.007752808 25.7687801602 27.5350528865 25.9196309764 27.6853460924 27.038734599 28.1723559124 25.3401326561 27.6510860234 27.9459366458 29.1040999314 28.6737525761 29.1269012645 26.850424246 27.3465233837 27.465697843 27.4140468564 27.7947501182 26.0901610731 28.7030395785 27.8289087535 27.4417013276 24.5320618301 26.0420689216 27.284238227 28.9252603635 25.4555538462 28.9473733571 28.5760440433 25.1838608242 28.0520901813 25.2677372794 28.6304126378 26.6815327062 27.4056615627 29.2706049098 26.7744884371 26.8544776976
0 0 0 0 0 0 0 0 0 0 0 0 0 0 27.8142035437 26.2458492268 24.9824645948 25.4332292475 29.1537423148 24.6232928526 26.2700160084 26.1063015868 24.6064160977 26.0314191124 24.9527905225 28.8224982308 25.3996814189 27.089888042 28.3581261618 27.6231416631 24.5864020164 24.6357650276 26.5207274484 25.9207297382 24.8460714247 27.6404938908 26.2214969628 27.9578732904 29.3092601338 28.1896413119 26.9668593561 26.1218865814 24.5485298151 28.3231107071 26.1606508028 28.733755944 28.2236046811 26.3120657396 26.0252593338 29.13845871 28.3120702053 28.3288557828 25.6450170868 26.4210906905 25.2522351263 27.9692622988 28.4332407215
0 0 0 0 0 0 0 0 0 0 0 0 0 24.5590883106 27.2537389183 25.2652500933 29.186772434 27.1399735251 27.3311087738 25.9879562107 26.2207186401 27.2188342904 24.8159120436 26.1730419269 25.8656306425 26.5097094059 26.8462186129 26.9631139616 25.1198189739 26.5625948858 28.6218711691 28.051482986 28.0693262888 25.3072106861 25.8714116447 25.1007426291 27.1714810571 28.0108810843 25.6900756035 29.1472222159 28.4473543379 29.1591275347 27.4634864946 27.6297258138 29.3103855261 27.5985767327 24.5268902144 27.3302619067 29.3253197582 26.0294373472 26.7213444451 29.0638077351 26.936952498 24.7236815096 26.3595334027 26.9683523533 27.009500772
0 0 0 0 0 0 0 0 0 0 0 0 27.7421705293 25.4450607753 28.2203530554 27.8465476105 24.6223071528 29.3834103096 26.8661848181 28.3418453051 25.3507698997 27.4326762721 28.4050327756 26.0065421675 27.0990422325 26.3137228142 29.2818252645 25.3569754985 51.0286455443 50.0791238248 50.4335139738 27.3128130159 25.0119083654 27.1932479091 28.1196719076 24.957685975 27.0286561673 25.7635926868 28.391265772 25.2844638897 24.8697264679 28.8164953248 27.363743193 25.8496567685 26.2479490945 28.6689232422 25.8597386063 25.4455818008 25.7444937519 28.7430239814 29.0096582865 27.1756116099 27.9783238489 26.2956560199 27.4125733756 24.7917765024 26.5071745093
0 0 0 0 0 0 0 0 0 0 0 27.5261583003 29.1393287601 27.0429822413 25.2663011597 27.3810503946 25.2099170168 25.0958074956 25.0850713718 25.2575337426 28.2954466248 29.3668149468 26.4858523786 28.6983212168 29.1187544132 26.7555550508 27.5453030809 26.0002767123 39.1890040514 45.0744769097 48.1696884789 28.592540412 24.5733390703 27.1554523192 27.7248333371 26.8328591699 24.6346406733 27.3729829111 26.314045951 28.3024568249 29.2169510482 25.2074643816 24.5161691045 27.7653761847 29.3026811738 27.8875217305 26.619923408 27.689464723 26.3917035007 24.7003581401 27.5564160765 25.6751109626 26.27409287 26.3320402135 26.260902284 25.5882151902 28.1616481391
0 0 0 0 0 0 0 0 0 0 25.3960556998 25.4782631006 25.1576571983 26.4358760716 26.6162628214 25.9695289332 29.3120758708 25.6119152937 26.9699573231 27.344645536 28.3832510637 28.1483738158 26.0613565247 29.3741028777 27.8346485001 26.9256948004 24.728829333 24.5568927691 42.4531747772 41.6981664519 41.2252361619 25.4396853034 27.3099792444 27.3726555556 28.1285602337 29.2702533451 25.8468802708 25.5629146731 25.4142089051 26.7412118929 27.6626536887 28.622658582 27.13550663 27.9258412421 27.2136053187 28.2611776933 28.45236947 27.6097868212 25.8856077753 26.6530190274 28.9174838264 28.4545015722 28.4350713604 27.6023818829 25.2948514512 24.8404443384 27.927993566
0 0 0 0 0 0 0 0 0 0 26.4366325817 24.9962755738 28.5015832093 26.783932714 28.211899728 27.334329854 26.6495669156 29.1616872121 24.948044878 26.3431552912 28.2920145838 27.4948599535 28.3605223771 28.8037807836 26.3846005996 26.2430327657 26.1056455378 29.3947882368 45.7669382815 40.6243664267 43.5999479297 29.274371764 25.4235607284 25.7470403385 25.513396029 29.0703940935 25.187516677 27.8455990226 26.3948757079 28.528420613 27.0550812502 25.1427350459 29.209815582 25.1143792901 26.8051890497 27.5698640731 25.0068060924 28.7140801107 26.2647714278 25.4632549563 24.9925811662 25.3637403329 25.5438811374 25.2671923094 28.5634571327 27.4526092429 26.3159417576
0 0 0 0 0 0 0 0 29.3361034676 27.0120193378 25.2058298468 29.0939497037 27.3574369363 24.8423648271 29.1818972165 24.8016747288 27.8580218799 27.988414965 29.3846349653 28.2020496978 25.3010871078 29.427652327 28.3621255909 27.3166845341 27.1335739912 29.335154293 24.9952146433 27.4229631784 26.3880908927 27.6248411388 26.6371317791 28.5742650416 27.3480633675 28.0810350413 24.9083211236 27.319520857 26.6076700716 27.8333413823 27.2844143477 26.2514503431 24.6159950493 27.128554286 26.408093076 27.2155958043 28.8959883424 25.7406128412 29.1579900173 29.3104982774 28.9251674382 28.3487309836 27.9500461956 26.5523216562 28.9312250936 24.7579664355 28.2843935437 29.2701984451 26.1359455558
0 0 0 0 0 29.0476738358 27.9953628149 28.4490201041 28.0283255709 25.6114257349 29.2806328395 25.3911582725 26.0373929608 27.2935006831 28.5202712561 29.4362995984 25.3874446204 29.1001154062 24.9262309057 25.2747430823 26.4661970671 24.9943579054 24.6952431635 28.2846435008 26.9317934188 25.9664068363 29.4298514287 25.5035109868 25.912132368 45.0479068288 49.350872186 41.0645270114 25.7039087887 25.1276930526 25.5708634967 25.2072051839 25.7458434308 28.1655899221 25.099330333 28.4707859868 27.585508743 27.148204352 28.1721637202 28.9649285223 25.9691194707 26.7854115881 29.0803919861 26.5043705962 28.6064725947 24.7270318248 29.1947300864 28.8149134508 28.2124824313 29.0318904386 26.9678140918 26.4190416562 25.5535477795
0 0 25.0977701035 28.2958930438 27.6857999656 27.3488406731 27.5082301119 28.0378172182 25.0061351337 28.5100658071 26.1070122915 25.1730828751 28.5446982006 26.4953566627 28.9815778451 25.7241541053 24.7105996764 25.7007545314 25.6472256673 24.6170784456 25.1122661374 25.7076072587 24.9372372087 27.1159589327 24.5024538494 28.7299555455 27.2406841188 24.8156819255 27.1663421034 47.9318759 43.7621381404 37.4577237493 24.6587875534 29.2602689782 27.51307156 28.3120438981 26.2100751131 27.2845366997 28.1632256822 28.5768593126 24.9094812762 27.8474961585 28.7279230309 25.6158961111 27.4523426401 27.3344069353 26.028977122 27.3125636986 25.8241157907 26.3780337248 28.550975586 27.8019544272 28.0814215869 28.4695930199 28.7742641562 26.3898459016 26.9739049325
0 24.6949192787 27.5754646263 28.1607272889 24.8472155144 28.2149786952 29.0125471287 24.6071530192 25.5041686162 25.6468851275 25.0653032552 25.0614896979 27.5306337419 28.6388027315 26.802069947 27.187986435 28.4883841392 27.6422843188 26.5966356856 25.5908662162 25.3721139104 27.5254231645 28.0731101712 26.7880575463 29.0974507953 27.9713887996 27.0008645566 27.5082743498 25.730167224 50.365519798 47.7552365937 39.2919357064 26.7566123289 25.3377859573 24.9669770254 25.94741503 27.4622601901 29.2962834142 24.8744277689 25.7303278938 28.8288400512 27.4130032111 27.7281182192 25.6340848588 25.0262982869 26.0338696366 25.044333594 29.2809681917 25.4955849894 26.197136634 25.7031028208 28.7610876253 25.7999965749 26.6423300042 27.6658998141 24.8471870727 25.2617976436
29.1237437072 27.4407316755 24.5498706696 25.1119453691 29.0375908334 25.156288313 25.1334214832 25.2430101248 28.2678731234 27.0949668974 28.739354844 25.7385207036 26.6223492184 25.3184484827 27.771956044 28.2784973933 28.2773173886 28.1343200905 28.0532694112 28.2932026568 26.9237980045 27.9791343738 26.3949181018 24.8017075875 25.1401444874 28.813115188 26.3090080481 25.9579297465 28.0369566389 26.5788265238 26.4285241263 27.8329155114 28.4487752811 27.821830812 29.3672396662 26.5029660764 28.8495447532 26.9205132916 29.1674633349 27.4164459336 25.8272807328 27.0027150792 28.9256551938 29.4193057767 25.3819510698 25.3863176875 27.3395226671 29.2749049348 28.6651215371 26.8607300296 29.3749427251 27.5121777346 26.5916045336 28.7258293025 28.8817285703 27.4524503364 29.1070003907
26.076005821 28.3199056812 28.9062043357 25.8472286495 25.6828507471 26.2659406903 27.2112064656 25.4975126486 25.9753902873 28.4305051589 29.3770018593 25.3408905545 24.7928095945 25.3434936678 25.590844968 25.6963618276 28.3781736452 26.2433053602 27.7882807218 27.5957698646 28.3413958123 25.519385524 28.5606953045 28.3659019801 25.2405637581 27.1630796895 28.9686368851 27.610229378 28.7216144032 29.0293605814 28.9217104158 24.7134845692 26.5284150102 26.9484969875 25.5536525018 27.7067898445 27.0186353359 29.0011236213 29.2020446189 27.2787164239 26.33967718 29.0997226825 24.6908770742 28.48779035 25.8338374851 24.9303976584 29.3515864661 25.4056460584 27.5391173706 29.2132952833 27.6793579834 24.8171462664 28.5854388598 28.0084511406 25.3988735409 25.2879172305 24.5506895952
29.4141377236 29.3113257588 27.37982266 28.955090483 25.6747083552 25.3806702293 27.0653358911 24.5139529683 29.4143819591 27.6971576833 29.1053849341 27.5152951068 25.7721894868 28.3168158223 24.6160011544 26.3691317843 24.7604299639 25.0387140676 26.4226812412 25.7357544973 25.0784010742 24.8710518155 26.6742753051 26.7934202911 29.2231527419 27.7308126685 25.802141684 26.0262379534 24.6075485721 27.6684701497 27.9686267203 28.8112207805 28.2079922836 24.777437708 28.7079489963 29.3638975756 29.2260309472 25.57534594 26.7561117355 26.5199131956 26.7763250621 26.8739438591 26.1910779936 29.4026678924 29.3600852594 24.8829677317 25.150353717 27.5510810265 25.0529950249 25.5159601282 28.1577004803 26.0763586564 25.6968418532 27.9273252069 28.5648898606 25.6522481512 26.2398268852
25.5999562835 28.7592761144 26.5911858171 28.9469800256 25.6170588683 24.9116307113 24.5129217063 24.7821173035 28.5096891245 27.7700118643 28.3166089679 27.824607466 25.4309333922 25.9410163479 24.889505002 29.0889594184 28.7625375675 26.691251408 27.5002910117 26.5535461974 27.9898857922 25.9787070697 28.8259708172 26.717908631 26.9977516197 28.9919774322 26.1861055542 24.9548696932 25.5508272196 26.6050643191 28.5960004364 25.899790646 28.5195534959 27.2929198725 27.6976641989 28.8464215924 26.0598028098 25.1245392545 26.7189178604 27.5445821676 24.8126945092 24.6074825751 26.2499692379 25.8991448125 28.627783267 27.3219402043 24.5302591924 25.3434663892 26.6972809617 24.5583820308 26.9728335975 28.8422147634 28.9739919169 25.1191334475 24.7400428777 25.3556798071 26.4673570967
27.4282356949 28.2850135579 27.0504912204 29.3832521147 25.1427900007 28.2609558542 26.9770817519 28.6014966975 28.4692178425 24.829730122 28.0402624466 25.0451025134 29.042435425 29.3688303119 25.0522667029 25.8117561992 27.6169100956 24.5017501063 26.7460831945 26.9602335471 25.0124904767 28.351628643 25.8652189919 27.2361221531 28.2612107286 25.5726679482 26.6298479038 24.9367256703 25.9616254547 29.0517633736 27.850180073 27.185158416 29.1782609269 25.2587066087 24.7640339242 29.2158189707 24.9901868872 26.6976604832 27.525485902 26.0261232237 25.5649629247 27.822225311 25.2930053355 28.4899663644 25.0329817218 27.0808872948 25.8137082186 28.5049192469 27.9699510411 29.0561587204 24.8802091852 28.9575063529 27.5318922294 28.7807305788 27.2859616693 29.3279260079 24.5024593662
