Spatial_Output/DEC/DEC_1404.asc
NCOLS 155
NROWS 192
XLLCORNER 196307.867259
YLLCORNER 449144.565805
CELLSIZE 33.573938
NODATA_VALUE NaN
[rows 104 to 129 of 192, columns 57 to 113 of 155]
32.5453384241 33.1647963197 33.1691333207 33.1511592562 33.1764185564 32.8683322686 33.1612304183 32.5082379644 32.689463635 32.6848557415 32.7901867266 32.6673109741 33.1689210874 32.8746647248 32.5487150273 32.6184374196 32.7084224793 32.9744438328 33.073894454 32.528096099 32.7356033955 32.6376510272 32.5597145457 32.9449700094 33.0363396812 32.5004223411 33.1775986628 33.1367261963 33.1056104023 32.7888697577 32.7567785288 32.864399011 32.7898567069 33.018967101 32.7544148283 33.0741835878 32.6742481431 32.9853785389 33.1824255126 32.6903655427 33.1404656198 32.9094330929 33.1459288671 32.8460208722 32.6404279213 32.7269918023 32.7949425061 32.9475115757 32.6724866894 33.1268562049 32.8700900211 32.8729360132 32.9055532322 32.9628972063 33.0710844701 33.0049317884 33.1749639315
32.5134484108 32.9927046443 32.8007260417 33.1722515561 32.9576872115 32.5748434621 32.7073047751 32.9085019975 32.7886044682 32.9710613404 32.8670055359 32.6060170325 33.0186152347 33.0888951761 33.0829411054 33.0965659717 33.1597444936 33.0588607689 32.6704780789 33.0774477464 32.7196458779 33.0549358151 33.0527882003 32.5610985103 32.794707556 32.6659256744 33.141430077 33.155441638 32.8481013691 32.546313938 32.8675557464 33.085658595 32.5144818113 32.9638697238 32.8756292535 33.0759939147 33.0044718461 33.013983506 33.1353944808 33.1709879995 33.0783551192 32.6613671742 32.5482549435 33.0199919516 32.6502427183 32.7867850646 32.6738636814 33.0043807566 32.9989084648 32.8464328483 32.8886104934 33.1383624857 32.9082973244 32.7244244422 33.1503754041 32.8471512591 32.8128468158
32.8519071531 32.937402958 32.8768389791 32.7154518938 33.1382125797 32.9404968173 32.5699131058 32.5516484262 32.7541408663 32.7628801916 33.1768765295 32.8640891974 32.9665588047 32.9846936395 32.8471824516 32.7675188678 32.9576528652 33.101699118 33.1779468019 32.9934790752 32.9594344895 32.963017175 32.7665089442 32.5337682639 32.7278695983 32.8219419076 33.180358234 32.7320623121 33.0274973772 32.5774955237 32.8773935498 32.5885660677 33.1988266455 32.963271852 33.1882417351 33.0218214226 32.5798787475 32.5203127899 32.990694898 33.0149361654 32.6025371024 32.797817515 32.8844347788 32.9623969859 32.8126269516 32.7096554676 32.6263818816 32.9114531296 32.6129802223 33.0314039045 32.8791489887 32.5924890973 32.8884787097 32.5295430384 32.6852135519 32.9167011673 32.557864065
32.9735446204 32.5143771542 32.6685012808 32.7279003974 33.1535130601 32.8767944188 32.7973339069 32.7474993396 32.8964279217 32.5965016932 32.6663428923 33.081382085 32.6922870559 32.7040120218 32.9995049286 32.7457203654 33.1473554735 32.657793088 33.013436452 32.9778931821 32.9965649747 32.7045237065 32.9615184503 32.8953608501 32.6527731433 32.8219064862 32.8952218037 32.718546618 32.9856213918 32.8192568783 32.5462004213 33.1444596159 33.1185699618 32.9612584378 33.0237671245 32.5257745495 32.514519867 33.0779437918 33.0822920227 33.1397448336 32.8190837514 32.5111667732 33.1678545907 32.7354930494 32.9409035234 32.8216168586 32.8971623137 32.8172117238 32.5572117314 32.8150028455 32.5771187615 32.530291059 32.8321816066 32.6736353711 32.7569042476 32.7615307356 33.0753089083
32.5568350436 32.8642379221 32.9638777549 32.7954968651 32.5306035878 32.6218689306 33.0288380889 32.945153134 33.1572831596 32.6663910843 33.0707491587 33.0121141537 32.5718118994 32.9350423181 32.5432132179 33.1828500941 32.7124467021 32.8055405695 32.7124107318 33.0023475204 33.0976312317 32.8324629352 33.0838033495 32.5041616031 32.8669743321 32.9761547558 32.5836049782 33.1652438101 33.0387916665 33.1278701104 33.1597030326 33.0163969834 32.8293992007 32.538184077 32.6156530175 32.7072612748 32.9122315703 33.0871129142 32.5093065088 32.9096477788 32.5205479309 32.5346028285 32.5234329503 32.8570963033 32.5580069732 32.5735051569 32.8466740278 33.1339923476 33.1886381256 32.9288634819 32.846007216 33.1379983877 33.0392914667 33.0039561807 32.587300131 32.7245049717 32.7827496031
32.5289991733 32.9928210292 32.7820068332 32.6611208688 32.7246873204 33.0588340252 33.1307717028 32.518112972 32.6218315665 32.936925525 32.5463948284 33.15985992 33.0933319018 33.0779390545 32.7854007884 32.7457217421 32.9720310729 32.9224114515 32.6012226482 32.9936887498 32.6485906768 32.788981247 32.9698365144 32.5825622711 33.1080388829 32.9997831257 32.5643125075 32.5877644586 32.7332093643 32.9918764216 32.8605193079 32.5500729735 33.0226378414 33.1902679036 32.6688167024 32.8675299629 32.9982952288 32.8323578443 33.0189150227 32.9117181657 32.6185727539 32.7375095556 32.605910002 33.0838665309 33.0062538345 33.0078101722 32.7658630278 32.730314652 33.0246001934 32.9706869592 32.5414400336 33.0706950126 33.099620049 32.7367372635 32.951865139 32.7591734284 32.9612264254
32.7870713529 33.1783168606 32.5872718395 32.659387037 33.061928853 32.8846190402 32.6378982973 33.1368314393 32.712609734 33.1603466118 32.7825876381 32.5019557395 32.8107438542 32.8294586879 32.8658927519 32.6635013049 33.1398379377 32.9724447124 32.840276623 32.7121887048 32.553047719 32.6057638967 32.9643580455 32.5199708735 32.6269469223 32.5881095423 32.6090906381 33.1582441594 32.5889673914 32.6775215702 32.9627649686 32.7151515539 32.6953370073 33.1476529651 32.6515596312 32.9356930603 32.5094250874 32.7646031452 32.6376344906 33.0094082732 32.6675890702 32.7025484895 32.6330707427 32.9733325504 32.7313677906 32.5428720939 32.9719444653 32.8736189756 32.5165144422 33.1014374416 32.5226172237 32.5008499266 32.8585160875 32.6701845554 33.129167179 32.9515840794 32.8871066352
32.9122944717 32.8868467502 32.9776215161 33.0844806771 32.7915876756 33.1177202977 32.8390503843 33.030708719 33.1912390743 32.7015999718 32.8409112695 32.8358019283 33.1960771433 32.6666543077 33.1946235559 33.140456695 33.0105965655 33.0579335894 32.6044048146 32.9277324452 32.9566056184 33.2058263681 33.0569826565 32.6830677773 32.6904577438 32.5361376792 32.871457288 33.074525552 32.6603531551 32.7807538446 32.6887400919 32.9350451566 32.5944332046 32.7657603477 33.1664875285 32.7071360521 32.5331305435 32.7799381511 32.6833505919 32.9486227983 32.6448837922 32.5003531957 32.5289626269 32.5066487507 33.1770792192 33.1251754541 32.9725162059 32.913071893 32.7665175788 32.668257091 33.1770362055 33.0591801359 32.6829699253 32.60921751 33.0877234203 32.8478004459 32.7315415889
32.5232404861 32.7722482968 32.6563553112 32.9983857194 32.5023842879 33.1329875988 32.6600842069 32.7808544962 32.802314947 32.9367172229 33.1584585052 32.5001124924 32.6089084284 32.8368616378 32.6606911585 33.1883408799 33.0148249445 32.944219052 32.6783483106 33.0166059551 33.1281456194 33.1539436371 32.5245529017 32.9697903935 32.8360832123 32.9537050726 32.754244206 32.7905427907 33.1938808891 32.6095335823 32.7362544659 32.7310712304 32.9417523645 32.58414596 32.8105038049 32.9651319924 32.6661210035 32.7068263157 32.5477632978 33.0522783641 32.5683314976 32.6828031619 32.9235449876 33.1344316123 32.7282223917 33.0086081777 33.013843714 33.0676744151 32.9933806234 32.7103707961 32.5937537368 33.0103435032 33.1583120554 33.1053206096 32.6565671091 33.0113733509 32.5217340753
32.7725624466 33.0001267013 33.0118276651 32.5535366562 32.9683826291 32.7757354589 32.5214977085 32.6452234295 32.8572984107 32.5151639912 33.044845718 32.9611799022 32.520342914 32.6561217994 32.6638802277 33.1888941511 32.5758976569 32.5033295225 32.633553275 32.506018618 32.5077883719 32.752979014 33.0983293861 33.0423119042 32.9255090406 32.5530509263 32.874586696 33.0564676014 32.7064238259 32.6938607892 32.8165948052 32.7967957127 33.0891856044 33.1251082859 32.9891770295 32.5672943257 33.1773282907 32.6868671076 33.1186957424 33.1479101859 32.7887330748 32.7522062753 33.1513314166 33.0620302701 32.9891332775 32.6773148523 32.5472637982 32.8706093293 32.7918664432 32.5989241751 33.0084819521 32.8383101386 33.1181875402 32.5243165452 32.5807429596 32.6783223433 32.5587819189
33.0087542526 32.8263056119 33.202912112 32.5427482779 32.8778331069 33.032035867 32.9169029925 32.6604308244 32.962513111 33.1578393969 32.674585241 33.0404303648 32.7323692168 32.5187491432 33.0375041578 33.0280820739 32.9342772242 32.7963953369 33.1835683614 33.1388795941 32.5141980483 32.6304997296 32.6294909653 32.9564437595 32.8173842818 32.7675028942 32.6640622472 32.7621884491 32.7788765692 32.7311379918 32.5452422801 32.9421142445 33.0822025513 32.9962565384 32.7231617111 32.8282909068 32.7636907545 32.7891364881 32.8166382606 32.7474130849 32.7701282118 32.7892326787 32.7846561668 32.7269953457 32.9567616778 32.8249090731 32.5659511835 32.7908903038 32.718096213 32.9252322461 32.5465145085 32.953439304 33.2036276087 32.5823615337 33.0967813746 33.183322177 32.6290845275
32.9180122441 32.5535641176 32.800467848 32.6780865806 33.1721037713 32.7768494751 32.5287836272 32.5189406989 33.0616419492 32.9332115167 32.9713763377 32.6448229415 33.0076750385 33.1319837304 32.7351754886 32.5934778024 32.8825963082 32.6758465692 32.5959882811 32.9742668257 32.7201895811 32.7662998539 32.5742702937 32.8078748997 33.0270124588 32.9898475847 32.7024367979 32.5304523773 33.0450710062 32.6189530801 32.7972894475 32.9957409845 32.7456638024 32.7622512466 33.169518085 33.0682260691 32.6689994143 32.9032103451 33.1156420079 33.1907538336 32.6732090714 32.5888388948 32.7224402616 33.0300943909 33.1445186298 32.9130987954 32.884625963 32.626192758 32.5321377564 32.655366382 32.5387466791 33.0001770224 32.9129659197 32.9643196933 33.186707737 32.6411215375 32.6319467105
32.5761745053 32.8264336717 32.5060056673 33.026645365 32.7930804629 33.0885733142 33.0539038143 32.8914499332 32.6726858236 32.9301244739 33.1356837587 32.6039447487 32.7331119159 32.7457614529 32.8148930412 32.7787128253 32.8920946565 32.6540505919 32.9943250753 32.6328307227 32.9739522775 32.689602446 32.9606259348 32.831569485 32.6723925712 32.8086923159 32.8777580324 32.8795940034 33.0797846381 32.7190546576 32.5622884187 33.0080805859 32.6416350052 32.8256460031 32.7736925411 32.9717704431 33.0623970974 32.6082779399 32.7299220656 32.841254661 33.0682866827 32.7393454686 32.8837141338 32.9771983111 32.5351202548 32.7548282188 33.1123815667 33.0771625663 32.6774429847 32.9136024696 33.200299808 32.7395705585 32.9003157407 32.7997196821 33.005009155 33.1822866845 32.9617787315
32.9371975215 33.1698994819 33.0906747197 32.8931336171 33.0322093079 32.9682626092 32.5845054554 33.174530073 32.5857311459 32.8823829373 32.6706540608 32.8900498914 32.6434694383 32.5937747968 32.5050265603 33.1481096258 32.7856769662 32.633048212 33.1955625486 32.577093273 33.1077601923 32.7679826128 32.761157841 32.7064160045 32.6879308203 32.8724432974 33.1344125323 32.7560802582 33.0918336432 33.1221355122 32.6222453629 32.7076808283 33.198724812 32.5909116765 32.7934536082 32.7889781842 33.0313210176 32.6854120939 32.7871791866 32.5671494208 32.5337713231 32.5632821479 32.7901597085 32.8753301351 33.0509624171 33.0847539949 33.1684625129 32.7530231466 32.907608636 33.1661371015 32.892991047 32.5763303988 33.2007000077 32.8777509762 32.9379713305 32.8110353071 33.1563471356
32.822625082 32.8721564815 32.5553132464 33.0162381123 32.9170629247 32.6232169483 32.5015724479 33.1146808317 32.6565658607 32.6540975894 32.5034946654 32.5359581411 32.8156661979 32.7887684023 33.0881774475 32.8760983849 33.1130486354 32.8757232056 33.0868608836 33.0647170102 33.1303329869 32.9472586603 33.1436635187 32.8612715968 33.1748987372 32.9907204875 32.6719005821 33.0072577906 32.8364246061 33.1965314886 32.6217564152 32.6534587392 32.7464516905 32.9076934044 33.0194629163 33.1211387107 32.5816114507 33.0464353277 33.1315456526 33.1746613112 33.0235367929 32.9401138204 32.8563602011 32.5556305281 33.1181741293 32.7537016543 33.0966378042 32.7690727129 33.053905166 32.6148711911 32.5779441427 33.0598046987 32.9712677476 32.5054676591 32.7599081089 32.7281014253 32.8951057456
33.1039523747 32.8302358417 32.9344941413 32.7503924885 32.9916181166 32.8842393074 32.8545198293 32.8429716158 32.9026115777 33.099638392 32.9896854076 32.8980974345 32.6753358202 32.8009671084 33.1682035429 33.0359080268 32.6360229306 32.698004763 32.7830422157 32.668011626 32.6509042672 32.7485149807 32.8187912878 32.9165790418 33.0999733335 32.6270422141 32.9041559352 32.9997242713 32.8805109998 33.0944418519 32.6560042278 32.6939750939 33.1259058229 32.725555699 32.5260762323 32.5190437849 33.1617294745 33.0218411555 32.7990830407 32.922776334 32.761163434 33.1861330199 32.6325873492 32.9578923334 32.8949372256 32.9070140786 32.9047372303 33.0406223019 32.8646230149 32.7828273244 32.8510125999 33.1334411567 32.8998628379 33.121984752 32.7717134127 32.7960502518 33.0273388387
32.5241031569 32.5255414457 32.5628025077 33.1000730018 32.9391910264 32.763054284 32.8924797567 33.1663595715 32.9673729284 32.8069754421 32.8496715298 32.516637717 32.5729392426 33.115883816 32.9572256309 32.7350792227 32.7442914034 32.6281767598 33.1230095043 32.640300735 33.0865081287 33.2058492968 33.1419665281 33.0451984284 33.0626675185 33.1086703143 33.0809035866 32.6727190597 33.0591599543 32.7357837408 32.550082134 32.681157856 32.5864138462 32.7384550733 32.501138135 32.9976060579 33.1594181095 33.0402039193 33.0624072465 32.5364558996 33.1335923353 33.103404474 33.0498909971 33.1847802322 32.8261017417 33.1220152349 33.0018657722 32.9613338891 32.8277093827 33.1649945035 32.813572766 32.6521128956 33.1426251752 32.6494466408 32.662285889 32.9591913993 33.0114468651
32.7888074464 32.7317268905 33.0689058793 32.7945892871 32.5400696261 32.5212914807 33.0340614702 32.8849271448 32.708946472 33.1637714821 33.0957574988 32.8225421404 33.0467557383 32.9372064511 32.9672816108 32.6215009034 32.8355787096 32.5780548575 33.0962843608 32.6395438588 32.7664743026 33.0843916453 32.6361834608 33.0162601694 32.6885322838 33.0687337553 32.5211746232 32.8834009585 32.7762563497 32.5280685684 32.6579768144 33.0806253564 33.0138681075 32.8602680853 32.606540948 32.5509272308 32.7010737755 32.5499419395 32.9303772877 32.9544237145 33.041106077 32.7941701307 32.7663036819 32.75077726 32.8066662577 32.8847068194 32.8047702137 32.812353041 33.138231925 32.6854439844 32.5045302169 32.5057674337 32.8483139918 32.8365033261 32.5855704874 32.9488033125 32.7881820805
33.1095488341 32.68032448 32.5025096345 32.5246437102 32.5700142333 33.0133761057 33.1669990723 32.965659069 33.0616266393 32.852635373 32.568075072 32.8603158644 33.0482822175 32.5378494163 33.0955280458 33.1146261708 32.6245880844 32.5870405009 32.6066519195 32.79607458 32.7273466332 32.5329806163 32.7584575346 33.1870243142 32.6720917638 33.0197911114 32.600871007 32.7324891633 33.1809920901 32.9040664475 32.8055642329 32.8219163299 32.5256306592 33.118379491 32.7710340898 33.0562168012 32.7566167172 32.7523337524 32.5911577116 32.8416167168 33.2033692627 32.9047791844 32.6130937925 32.6031985331 33.066242354 32.8107807765 32.5959829902 33.1192861763 33.1101661757 32.6642022345 32.8240967151 32.6046832683 32.9037289497 32.7941325931 32.9467969841 33.0281507601 33.1717726977
32.6602905615 32.7118056235 32.7442851832 32.8621867483 32.7117397603 32.7473356524 32.7907307198 32.7151130255 32.8465913369 33.0720532588 32.5863564675 33.0481888502 33.0434923556 33.0679538922 32.9824424774 33.1528879442 33.0061071398 32.9895398152 33.0006160489 32.5124188569 32.7973229609 32.6674643962 32.6745690434 32.5300662052 32.5712836604 32.6206242436 33.0668663335 32.7177644283 32.8046523744 33.1010166975 32.839915435 33.1978728581 32.7409039082 32.8736913681 32.7547915088 32.9617068512 33.0941056037 32.8063685385 32.5299152335 32.8597173139 32.5704198444 32.75902417 32.9953995273 32.97957283 32.8654877325 32.7321849461 32.630314772 33.1539157125 32.9615069543 33.1992260073 32.8777767202 32.6435096544 32.536855904 32.5141158901 33.1305561753 33.1952783547 33.0124469363
32.8202109923 33.1671952807 32.8630072154 32.5035072696 32.6698842539 33.1525831786 32.9471901808 33.0709619207 33.1399214005 33.0006593058 33.190544095 32.8621128489 32.5767991985 32.9072184918 32.8390528529 32.8224248625 32.9225439487 33.0342378258 32.6425997228 32.6393691079 32.8573657894 32.8751878986 32.8102587855 33.0689422574 33.0780024323 32.6228305151 32.8165109631 33.1304546767 32.9090369869 33.0457220821 33.195852934 32.7714360924 32.844031426 32.6080070946 32.7857969231 33.0613083662 32.5210891024 33.0453844876 32.6588328217 32.5486546784 32.502302766 33.1569941955 32.9044211547 32.9449926236 33.1010342464 32.9815691229 33.0212088795 33.027544878 32.9223482162 33.0508412937 32.5961958898 33.0560467507 33.0171144239 32.8095670786 33.0067897435 32.8871305367 32.5907119048
32.5027673732 32.6883847849 32.5509842818 32.7546758738 32.974584892 32.565707589 32.6929448604 33.0826732462 33.145667528 32.9945606508 32.9225263568 33.0647202349 32.6317877874 32.8743523862 32.7030539983 32.8179142666 33.1323150927 32.9710345096 33.0194158129 33.0908389982 32.6621231569 33.0706793591 33.1092149445 32.7389121405 33.0300209405 33.1464258356 32.7066261172 32.5678281753 32.7688053608 33.0476055901 32.6286494151 32.5673733351 32.8986990909 32.7818431845 33.1385124175 33.1194952535 33.1522357653 32.5361849848 32.7759827116 32.5341723617 33.0658512211 33.0382263742 32.5221699337 33.2040741911 32.7633092061 32.8160140847 32.7358331394 32.9540087136 33.1677582764 32.6415292084 32.5416604457 33.0445445802 33.1320723426 33.1022844566 33.0081070637 32.7148540472 33.1389913614
32.7894161096 32.5845138298 32.6516051876 32.814827952 32.9025371496 32.6358134118 32.6015863981 33.0753399918 32.9514163657 32.6354321691 32.5563321546 33.04451735 33.1956838729 33.0953577783 32.5706175246 33.0159059548 32.6130969807 32.7812334561 32.9394353382 33.0157186858 32.7562677966 32.6820717639 32.6205559764 32.8963373862 32.7456878288 32.7956024449 32.9258959921 33.1092220714 32.7142157841 33.1407736643 32.8045304911 33.1590730281 33.0355470066 32.8698535951 33.1209455877 32.8955943655 33.0690713294 32.6319998519 33.1061112014 33.1354915226 33.0320790878 33.1867882758 32.5227411137 32.7991095993 32.5446221995 33.1869146481 32.528272706 33.167262059 32.9552659763 32.7236159939 32.609053056 32.7275651958 33.1214632327 32.8391997537 32.6220284966 32.636944823 32.9847970443
32.6921150415 32.9675093344 33.1065028516 32.5705678028 32.5040946004 32.9657964974 32.7156934693 32.8915118906 32.6437714857 33.0740062226 32.8120577069 32.792387425 32.82981825 33.0742151491 32.5996470031 32.7846471444 32.6117084758 32.5722482668 32.5821845403 32.7136736263 32.6569962813 32.7729823687 32.6305828046 33.2059452136 32.6071539787 33.0708016238 32.6770190696 32.815019872 32.8449316655 32.9009374177 33.0856384988 32.7220712196 32.5805037069 32.5658023052 33.1619784598 32.7758376953 33.1981977575 32.9544330088 32.7100170422 32.9930476978 32.6710572592 33.1558763557 33.0664574986 32.6238390233 33.1720997318 32.9326205492 32.8616523195 32.6863065112 33.1155912843 33.0299932906 33.0432229936 32.586630883 33.1659673754 32.7797804978 33.0103552139 32.7480671514 32.7841196617
32.7223480013 32.9541578473 32.8711658318 32.8797188753 32.5218939658 32.5855881668 32.6794805862 33.0265484566 32.9136041657 33.1477611727 33.127495989 32.9524779991 33.0878291427 32.777936043 32.6953359565 32.7404967464 33.1070262084 33.0680543939 32.5939197306 32.5810981412 32.8959721952 32.9798610979 32.5053693602 32.8809658098 33.0517638426 32.9712151239 32.8230102742 32.6358591492 33.1698834508 33.0413519653 32.7411889194 33.1189014499 33.1745056302 32.7313195608 32.7835635441 33.1954185773 32.6463382139 33.1296510808 32.6589697811 32.8578791246 32.6058986069 32.7831519447 32.6528618891 32.8539252229 32.7552164419 32.7262935451 32.6509216362 33.052107885 32.7945278102 33.0995059121 32.8029356653 32.630397994 33.1008102049 32.579108856 32.9068417089 33.1057022009 32.7725965425
33.0461255067 33.0027695298 32.8846688198 32.9116288608 32.5775668864 33.1988108523 32.7202760441 32.8823885902 33.0174097173 32.8168637744 32.7236396099 33.0384709436 33.1680112612 32.6532484728 33.04987005 32.5798707529 32.9555729698 33.121522784 32.7808935167 32.561194671 32.5092823868 33.148083202 32.7964320701 33.0210394913 32.9781827654 32.7209813537 32.5664738614 32.801861085 32.982610498 32.5260330248 32.9970239484 33.0843634312 32.814995732 33.1714505663 32.7462758337 33.0024190958 33.0260665622 32.5958439799 32.7782110934 32.6615941858 32.5773014046 33.0658587042 32.8465617766 33.0074455649 32.9903931247 32.8139217967 32.8102020023 32.5386829454 32.7202591714 32.5177312675 32.5971543326 32.7342430495 33.0251084012 33.0010482313 32.7942634405 32.6963969121 33.1797534699
