Spatial_Output/DEC/DEC_0202.asc
NCOLS 155
NROWS 192
XLLCORNER 196307.867259
YLLCORNER 449144.565805
CELLSIZE 33.573938
NODATA_VALUE NaN
[rows 52 to 77 of 192, columns 57 to 113 of 155]
47.2615202933 47.387417321 47.0747149261 46.6174409922 46.7010595727 46.551843659 46.8256791825 46.135168778 46.7752389386 46.1389832699 46.8015890922 46.6167421588 46.4023487254 46.5510222259 46.2623081138 46.0190176065 46.1985389121 46.409486729 47.3487913225 46.7297297829 47.3977389008 46.2655973796 46.1722388301 46.2262049991 47.2923924807 47.0296503032 46.4509150608 46.7632415327 47.1533265721 46.1067837119 47.0578969876 46.6893378208 46.7949588372 46.8269780784 47.3607528262 46.8551286106 46.5198521853 47.3926672764 46.1605458504 46.4161180447 46.6309645514 46.22367374 46.1967694062 47.0302928827 47.0057697698 46.3909068785 47.1897128827 46.0990036955 47.0378402275 47.4057156484 46.8174762035 46.4275087232 46.0882233082 46.2912159775 46.5314532861 46.9512669017 46.5710190688
46.3604012508 46.3200384218 47.3569226238 46.8498227714 46.7209287817 47.3255903167 46.9581952675 46.0324865533 47.0587057703 46.6517079975 46.1897075221 47.0363339826 46.2149619685 46.1256492826 46.4011523669 46.6010950469 46.9905997561 46.0334367561 46.6405588943 46.358939858 46.742355515 46.2636370734 46.6657229993 47.1513673517 47.0665157354 46.7125595965 46.6841672642 47.1643750302 46.0837015576 46.2101041426 46.9846458642 47.1636808483 46.9736399857 47.2446947695 47.2945084547 46.8374126299 46.3674685445 46.4357272911 47.2748253378 46.4581085546 47.0238304451 46.0326250161 46.9878644572 46.1785289849 46.0478575937 46.103891248 46.721654201 46.1293744956 46.234788121 46.7549374014 46.5064478443 46.2343046503 47.0883269218 46.1391949735 46.3829628379 46.7523566017 46.9317027408
46.1727567494 46.4945821029 47.2271544676 46.2147278352 46.3894863837 46.3553780267 46.1905250702 46.2642711595 47.3829562748 46.7219022447 46.3679793668 46.8316642209 47.0851241917 46.4580640493 46.0372746999 46.3174353544 46.9151824516 46.2428587351 47.3846074813 46.8269444109 46.0046298642 46.2837482194 47.3502945057 46.66471833 46.0027659909 46.1575659557 47.3978897622 47.0284324767 46.5181892756 46.6705778698 46.3959551336 46.6849042938 46.6084011513 47.0939990049 46.6920221235 47.3586772901 46.7336078475 46.7773635999 47.1901271371 47.0484490966 47.3896916223 47.3248708114 47.0156927217 46.9675268983 46.1367096515 46.8267339124 47.2753450887 46.8809672315 47.3437841519 47.2209826584 46.4434380645 46.3827876284 46.487733744 47.1110961343 47.3534936566 46.5972312031 47.0695130469
46.1130730942 46.6339563898 47.0602026123 46.7109888069 46.1050396455 47.1739858061 47.3935941909 46.4181859554 46.8111386042 46.1303128795 46.1588389961 46.0115290802 46.8925983558 46.3176989627 46.4794096224 47.0505332503 46.1645323669 47.1879268882 46.8164490076 47.2592653424 46.6341310157 46.4854831402 46.8329969321 46.5582756429 47.0326734239 47.0397459817 46.5769547091 46.7377016663 46.4661812278 46.0886953009 46.3299091824 47.3078842686 47.3214475306 47.399770266 46.5141802312 46.0578044851 47.2245088562 46.273379341 46.2915880873 46.7973002147 46.7671876062 46.2161213489 46.4519987889 46.9931159844 46.926819309 46.315596228 46.1355733655 47.3152887253 47.2982695751 46.1043735945 46.7048863921 47.3122688961 47.134690882 46.3509779827 47.1671607127 46.8942468031 47.1968255382
46.8156530913 46.6290886471 47.3014389585 46.6577228213 46.6642792281 46.6903384644 47.0141698218 47.0291587487 46.0684799429 46.8811469183 46.8734706126 47.0408074425 47.1451055382 46.2386362106 46.3759496022 46.3058908649 46.6144189284 46.6906792091 46.4667924566 46.5041285071 46.5791870784 47.0982301189 47.1196878337 46.3955301094 46.3013004658 46.341529501 46.5455172675 46.7473942513 46.4833190021 47.1538768381 46.3446283119 47.2785043304 46.2842579768 46.0842881739 46.4246629452 46.1842148816 46.1507519641 46.1546410568 46.1060030603 46.5064758802 46.0875415512 46.4056998395 46.3666127651 46.2517243135 47.4085745602 46.6591413987 47.0166625304 47.3329513796 47.4064029077 46.4235327655 46.1053492313 46.7056892488 46.8842565089 46.5668820932 46.8438545344 46.505517831 46.1551905538
47.3495115837 46.6309056927 46.3285368538 47.2218559312 46.5624735095 46.6772772387 46.11411778 47.0070957806 46.857133799 46.9534164691 46.2907476815 47.2489963891 46.8191611073 47.2133824386 46.6599026916 46.1125244505 46.1589623761 46.467847804 46.6711641373 46.4385338682 46.6188555543 46.9720975835 46.7323043011 47.2326807737 46.7123217502 46.7866716096 46.1014622732 46.6246543123 47.3941487668 47.1413976709 47.0908534281 46.4544099457 47.3160487955 47.2959203374 46.5301281059 46.2187190336 46.4050135397 46.3048941774 46.6450341189 46.8788205954 46.4067220003 46.0586457632 47.1752602761 46.6375195675 47.2600194566 46.2617504281 46.3495791848 46.6133539134 47.384668113 46.6185561849 47.3857618568 46.1852447896 46.2879506281 46.1405215624 46.3058718012 46.336374707 46.5887954976
46.7561973182 47.2985026112 47.0099810664 46.237168336 46.9588366476 46.644771554 46.6246468201 46.1001731714 46.9601828696 47.0660266333 46.2792572294 46.0429955319 46.3981064631 46.3224648371 47.1420399338 47.2446792255 46.4336884921 46.7877805024 47.2326600717 46.100170269 47.2036853696 46.9738641705 46.7050022338 47.1168778582 47.3174765871 46.5965026588 46.6360452943 46.4891410755 46.9704271184 46.1574599625 46.6516834627 47.2077076076 47.1806665023 46.001230279 47.1590947081 46.733350068 46.1221154724 46.896735751 47.0830452617 46.9069831014 46.6392193292 46.9504134114 46.5536560977 46.5051268152 47.0416060225 46.3598826307 46.7908455237 46.1188117488 46.4808071036 46.3796096717 46.8668885881 46.1743111232 46.9042036275 46.7701461841 46.5092938241 46.3968045266 46.9222310664
47.338980204 46.7130672373 46.143984339 46.8896037347 46.1424618059 47.0611002978 47.24282553 46.9111865234 46.417289429 47.1149599911 46.6946773368 46.1108375539 46.8603422766 46.6939368272 46.1089090646 46.2979950173 47.3485912567 46.9559509795 46.2647279001 46.0354022028 46.6202378491 46.7102055157 46.1552722322 47.2857310835 46.8775657557 46.2636694175 47.2739533557 46.5898902102 47.3957571868 46.6056872787 46.9508430605 47.3403318035 46.9157412522 46.2143507929 47.121369804 46.6148508854 46.410746317 46.4079822585 47.2568621397 47.2664308749 46.3860754755 46.3297040044 46.8402809837 46.4302254396 46.175094207 46.6550959674 47.0192638829 46.5905818477 46.3970223763 46.88568769 46.6425940094 46.847219653 46.8079011855 47.1651657373 46.0427601104 46.3344252639 47.3928165102
46.8525947589 46.2383980752 46.4953437966 47.3676721144 47.0481816142 47.0969550092 47.3682839362 47.0974495985 47.3955031439 46.1924809882 46.3979470947 47.3053201104 47.0071168055 46.7218384237 46.6241259059 47.2884368015 47.3881667524 46.0168351589 47.1130301286 46.897468049 47.1100531421 46.0231893723 47.1203918791 47.2156242241 46.4200454184 46.5903026426 46.0974513261 46.6561974257 46.4431995537 47.2162412165 46.3675326041 47.1397791768 46.1707686494 46.7538466954 46.2398033996 46.6337804745 47.2148608553 46.0058280956 47.3881047789 46.5041467697 47.3922616658 47.0638591586 47.0601400209 46.5075208913 47.1714436262 47.0458450868 46.522153047 47.358623154 47.2826884001 46.7262520825 46.9337519699 46.005935085 46.8165957744 46.9931983311 47.2690085082 46.5326775883 47.1212313241
47.413532639 46.4890142613 46.0581160047 46.6773455884 46.8119888312 46.2091057629 46.0035048966 46.6419392873 46.3145703042 46.1379299438 46.6767563936 47.2851654792 47.2310272403 46.3610458884 46.4942054545 46.0170607563 46.8365168557 46.5339816626 47.2032419834 46.2747235243 47.0317092671 46.9050826999 46.1781393682 46.1677185712 46.9778000281 47.2071730833 46.2430473761 46.7226847763 46.9979188087 47.1798943545 46.924473218 46.2696144384 46.0097095564 46.7154602502 47.3191942239 46.9711169029 46.3612922044 46.0005246132 47.0387013582 47.3508066273 46.2570602024 47.2514591121 46.4001311954 46.5118014485 46.1519751264 46.5912389232 46.9469274741 46.675103984 46.0536514993 46.5630806979 46.5449348026 47.3561199683 46.2357455577 46.0531881887 46.5563744528 46.5360294417 46.7372247054
46.539540335 46.8912166426 46.9187332566 46.9493165578 46.8096916103 46.197282114 46.9376792776 47.138831905 46.7930759812 46.5134086614 47.3193894194 46.0238010824 47.0554895488 47.2274914941 47.0695192888 46.6745553125 47.2264610357 46.9829008076 47.1801090521 47.4106652499 47.121149172 46.3757612191 46.8444201009 46.2708650735 47.2052194632 46.7889263128 47.0565549613 46.679559407 46.1925472582 47.1974459535 46.248433322 46.9357504392 47.0085696456 46.7664348099 47.0853399094 46.7991061702 47.2522874833 46.2959281771 46.5577625982 46.9550033745 46.5077464291 47.2728442006 46.6319019483 46.1316359019 47.3110690097 46.0607931963 46.8392312678 46.3109523416 46.8816023971 47.0950944562 46.8266083795 46.0089797639 47.3615767502 46.9912385937 47.1856963091 47.1454672677 46.9965505426
46.8690498851 47.2069492024 46.8586100661 46.4881553959 46.314923523 47.0195791578 47.3209573826 46.7660440738 46.4055561405 46.7601188782 46.2973756188 46.5900983302 46.2459486544 47.1243576964 46.6183343488 46.0633297508 46.9554171454 47.2642887669 46.4526241985 46.09417227 47.3898561627 46.4107067114 46.5704738219 47.1399794081 46.3989033337 47.2604232359 47.1285624123 46.3729490148 46.2073086443 47.3046279265 47.3716565951 47.3782809448 47.0748790515 46.2182430519 46.6511531994 47.0739472802 46.3058539952 46.493091363 47.0606895511 46.8043028366 46.7527549048 47.1578438105 46.1974775333 47.1321170086 47.1242011247 46.374323716 46.9442333606 47.3053448521 46.1689334117 46.2769752684 47.265735755 47.4131876437 46.9330194731 47.320208521 46.4800900821 46.5684739343 47.0366654133
47.0606605448 47.3496350538 46.8434730573 47.330167221 46.6166586954 46.411792706 46.2160842529 46.985950417 46.4797633461 47.0711034915 46.5476698678 46.0352389889 46.8020405985 47.3341018595 46.2206518151 46.2148429579 46.9214934929 47.3629112639 46.2251475425 46.0926682377 46.3603760825 46.6421113612 46.3746272662 46.0229413824 47.1955151775 46.3803316929 47.3986023717 46.9327013054 47.1468527615 46.7409831681 46.4897790474 47.0654096135 46.7408923142 46.3968189746 46.9659208378 47.4112680524 46.3023195693 46.6780227562 46.8870660402 46.9303392546 46.5844776305 46.4610262539 46.6660746433 47.3182016837 46.9548433258 46.2526774073 46.0408476906 46.7983385931 46.6271891631 46.601004915 46.8826216848 46.1737634642 47.0646702294 47.0872864692 47.2171290292 46.7273084617 47.0193072244
46.8430367194 47.3873550586 46.0748317169 46.5333753276 46.8409336959 46.6245122352 46.6868472085 46.463820921 46.7636104492 46.1267236806 46.7329993793 46.4788207594 46.0928718487 46.9223901769 47.005325793 46.187481076 46.2434638082 47.0434717717 47.4017109017 46.3799851219 47.0731327911 46.1952895716 46.7828955599 47.2352796034 47.1388601617 46.8329591651 47.3114585855 47.1886192905 46.5443690316 46.6853595205 47.3870093275 46.0929874964 46.2774780289 46.7026577772 46.7926787245 47.1375038164 46.4664417922 46.0938380018 46.4010953694 47.2797726797 46.5492142478 46.4069424264 46.0480242726 46.4703149118 47.1842933865 46.2335118169 46.7101278721 46.5245994951 46.1638837823 47.3627202201 46.321291586 46.0660058677 47.1401339675 47.2198229869 46.5593044998 46.6277098823 46.8165423709
47.2621108746 46.9468414971 46.7572978992 46.2474611383 46.0831024283 46.0500537393 46.5790003176 47.2381747024 46.7621151667 47.3160468532 46.8955177923 46.9943505528 46.3409226593 46.9742773439 46.9426333848 46.3891559988 46.5784378386 46.6696572971 47.3347456716 46.7188839656 47.1897458948 46.6502076042 46.5402219264 47.2415579307 47.2127893428 46.4032613727 46.5462281388 46.2521053171 46.432563531 46.1698447276 46.3431890112 46.8624037073 47.2446726631 46.9545193463 46.7634478639 46.4974274585 46.0608521409 47.1638789813 46.6594456966 46.1972429881 46.4030985511 46.1516198569 46.9698358006 46.9909574215 47.0505344468 47.3496857916 47.2286197002 46.9938663918 47.2645212553 47.4075202632 47.3342389633 46.8786368847 47.1110831935 46.8733748649 46.8254859733 47.1711379585 46.2031192422
47.1489618571 46.1764789733 46.9822336211 47.3145354145 46.7045827623 47.2275217741 46.278935983 46.3023760131 46.5471507149 47.3132838249 46.2072302013 46.3176592124 46.7392862629 46.5610168556 47.2542489123 47.0604823058 46.1414997719 46.78891052 47.1772329682 46.1375159031 46.3649841595 47.1899670815 46.2082606335 47.3712943837 47.2321285583 46.3547417749 47.0622841517 46.4391545625 46.9620009622 47.1011274756 46.6647314712 46.7257335322 47.3634224555 47.3752715314 46.8229259144 47.2888124794 46.0423254399 46.0087961934 47.1948295027 47.012114566 46.0012524113 46.0910130288 46.8427480476 47.3481548076 46.0739097943 46.7795009581 47.1775173639 46.0963706063 46.560476338 46.990201072 46.1576155758 46.9426401864 46.3063477421 46.0360764616 46.9726753043 46.6227152395 46.728421307
46.0087788217 46.7986545129 47.3796089491 47.376271184 46.3058635212 46.8052587256 46.514949587 47.0767831719 47.1869844408 47.3329429411 46.2814488529 47.178841102 46.0493930502 47.352010695 47.1702496812 47.1142117928 47.0477100298 47.2545399064 46.4110090816 46.3919632142 47.2168895543 46.3765775016 46.2573869012 47.0699638002 46.496932099 46.4583484131 46.9214380466 47.294080944 46.1255175001 46.7739709066 46.0828567302 46.9926439299 46.1185838847 46.0531277922 46.6216138697 46.5230219102 47.1665983422 47.4018743996 46.6549531488 46.6513493308 46.6996003226 46.3507809748 46.4827359079 47.0337816668 46.4946078808 47.3610572763 46.855300303 46.6732570999 46.6665905307 47.0139749061 47.2134066943 47.1711038742 46.4700328654 46.8337651193 46.304230072 47.2680421457 47.0194090432
47.0561859104 46.390441537 46.7029216863 46.34862924 46.9162072187 47.4023814606 46.4110894319 46.2184473043 46.5457784131 47.090193764 46.3460708581 47.0605755013 46.4618346961 47.1906484682 46.1642168145 47.1254611171 46.1045901138 46.8067926818 47.0945465381 46.8407608931 47.3254088079 46.8404971556 47.1753171955 46.491509009 47.1316300146 46.4486429205 46.9888233982 46.3834078844 47.3970101755 46.9029705774 46.6533696136 46.2161278321 46.9898540069 47.4104093137 47.3337664522 46.3075796631 46.7514086214 47.2995129153 46.4040277322 46.1282484508 46.8785494983 46.0000264817 46.0984692023 46.1871831341 46.7247613094 47.2098332388 46.7048862758 46.8330720459 46.7068733581 46.9146571032 46.9140680106 47.3090995593 46.524648129 47.0184491855 46.809717546 46.3423571839 46.8095266874
47.0452510251 47.3838882064 46.8029363457 47.254381908 46.2564208431 46.03693729 46.9479966805 46.1280393285 46.8112879174 47.0897371495 46.9359315237 47.2955968455 47.196975559 46.7487158173 47.3247004183 46.7948107729 46.3158733219 46.3161567594 46.4619787804 46.0470158367 46.9446072436 46.5769994723 46.0716388034 47.0117620759 46.3496056656 47.1457003341 46.8711318126 46.290646645 47.3454713656 47.2698121715 46.7688454343 46.667351355 46.1001391897 46.8629836329 46.9957301013 47.1683804737 46.0003300189 46.7835914736 46.3092549265 47.2656879594 46.5672255624 47.1342564139 46.6109582117 46.3612740527 47.1095791224 46.6575648064 47.082303182 46.1095259992 46.3759270492 46.8154178465 46.9221679522 47.3547286712 46.0170400093 46.4765564953 46.0501596428 46.6011026365 46.2154718995
46.8890779592 47.1596026962 46.6747305589 47.108876106 47.401670776 46.137567001 47.2189486895 47.29483436 47.0704810636 46.9785207776 46.5145677353 46.51210204 47.1715260773 46.9586813838 46.7483990064 46.8591173768 46.1618449142 46.7279015103 46.5769621783 47.0687322855 46.5576293288 46.9324165212 46.074539721 47.1609677397 47.2014145802 47.0779799662 46.452524819 46.376427535 47.1927027351 46.0901760179 46.5535513991 46.1091197631 47.2463243332 47.1925550624 47.3317344913 46.7424258972 46.6621992689 46.8517288439 47.191627498 46.1947732518 46.5256547489 46.1162026942 46.8139900637 47.3729555649 46.780911363 46.5233405181 47.2896589493 46.4154522125 47.1479933134 46.1321578058 46.3066556689 46.1129607845 46.510231283 47.0351326741 46.9287276156 46.0553969585 46.4393315006
46.6426110815 47.1284272696 47.1603809769 46.2720402799 46.4179530759 46.8027392257 47.3551975165 46.3868839767 46.7343105211 46.4890665985 46.9001433268 47.2641023926 46.3158218394 46.0197639097 47.3445561099 46.8224611475 46.2238399158 46.4702654737 46.7137898716 46.8520919908 46.2269737702 47.0393969792 46.5451422563 46.239467057 46.6858720738 46.2377604809 47.4085328685 46.2987212143 46.3606151714 47.1099104939 46.7316066733 46.3967283118 46.6184027575 47.2439188878 46.0613818804 47.0286984365 46.6738202535 46.9010447684 46.4720300204 47.0329664738 46.9684233654 46.6720094878 46.7403643478 46.4949249874 46.129454105 46.2717110804 47.2897029916 46.8778218385 47.0617668411 46.161718893 46.709047982 46.5991936173 47.0134015885 46.6296339139 47.06368482 46.6348992464 47.0397859964
47.3540543389 46.531525395 46.7021663924 46.6085276641 46.4592500821 46.7992703275 46.4875174214 46.485623095 47.1516464263 47.2134637702 46.1533306258 46.5751900116 46.6751475581 46.6787035439 46.635671924 47.3691008341 46.9033978921 47.1312822288 46.7913062791 47.1717457694 47.2728982864 46.6378219933 46.9963656351 47.0797171552 46.1830933695 47.1506697438 46.2831974606 46.0337694413 47.1461024594 46.8473479614 46.8000381782 46.4562281555 46.0722023745 46.7163621003 46.483585576 47.1857521278 46.9464699581 46.4832419358 46.6864546678 47.00735854 46.7323907353 46.5279914142 46.0060354867 46.5181245146 46.1931633078 47.0640264526 46.7209070496 47.1494256083 46.9538243666 47.0922811651 46.5691618479 46.3784665542 47.1856234037 46.1256808674 46.6998969427 47.1951233002 46.329053304
46.4289184469 47.1292085901 46.3248946621 46.5395952044 46.8210272302 46.1414813402 46.8225341633 46.7110226721 46.6329528032 46.6740106028 46.8021054547 47.247120169 47.3387147531 46.4275903503 46.4645984573 46.3369471477 46.6091761025 47.3422660429 47.033525357 47.3526386565 47.1722534299 47.0478941776 46.2907848454 47.397988441 47.3811373001 46.887082901 47.4033415598 46.7370246079 46.9070850831 46.9694329774 46.658296336 47.3957268867 46.7990675304 47.1337966082 46.0441300707 46.1542099716 46.9032585852 46.9346716344 46.1533093024 46.5554078498 46.1588279933 47.3643155163 46.545625787 46.5298287856 46.9612981247 46.6161863153 46.3193016596 46.1069972039 46.846919151 47.1033560795 47.1940704086 46.632203321 46.6821868376 46.6463850027 46.6447420011 46.1482538627 46.7498591083
46.0977439171 46.176451855 46.3047256607 47.1354712401 46.8290805509 46.5451618111 46.5324294793 46.0314596145 47.2827550284 46.9883409735 46.4930427218 46.5405657858 46.7500119785 46.4988730052 46.8246857942 46.3257989645 46.3755387989 46.4257550453 47.3131958775 46.7076100177 47.1519259287 46.3649510311 46.7394727699 46.7711828825 46.6441268846 46.4797695554 46.6106281455 46.0753180418 46.5732721986 46.4583302354 46.984173717 47.3949008431 47.1066420819 46.0761664537 47.116058819 46.2440336328 46.2530959589 46.1282073137 47.1293733811 46.0685281322 46.9442555186 47.0430585017 46.6555549902 46.6983876859 47.1861500513 46.3916719214 46.4472195017 47.3450190873 46.2383463471 46.0717034035 47.1589402485 46.6746582079 47.3011170673 47.3688495672 47.026267239 47.0623973225 46.0708256001
46.4627268461 47.1949107928 47.2867498931 46.1707991002 46.8450139157 46.7963381514 46.5921773521 46.7396752518 46.4251557857 46.2653182752 47.009034571 46.5396820558 46.7915390786 46.5300084793 46.8864724281 46.3276230163 46.8616556996 46.8063417034 46.0048864183 47.1298315016 46.093451829 46.973581526 46.7560557164 46.6511633933 46.5680038692 47.0515070812 46.3497258178 46.2347054436 46.1439840946 46.6720464388 46.2395806892 46.3503905561 47.3638224602 47.0516280041 46.4032921553 46.5777318054 47.2499565637 46.2202909909 46.6162260265 46.6443434794 47.1308988854 46.1311290085 47.2194208808 46.8852431085 46.8287465461 47.2128608079 46.4044139038 46.786797766 46.627702484 46.8678417186 46.824753783 47.0443071185 46.2237891899 46.8265600111 46.5829574839 46.5812114955 47.2747640191
46.2785497797 46.9774209488 46.1422469124 46.1649349629 46.9240753802 46.7133177345 46.7046230315 46.927186254 46.6755553845 46.9946676108 46.1671361961 46.6535251641 46.4886625117 46.2724617396 46.0427490564 46.9654348661 47.3810638123 47.0122055015 46.0050020792 46.3653717145 46.4437542225 47.1211204953 47.1069621018 46.3780875119 46.8191783501 46.4154183268 46.1640429908 47.3250512526 46.9358421789 46.5056979291 47.1404525574 47.1333068399 47.2522026668 46.9735284769 46.6806551989 46.1406227507 46.2664134455 47.2343762202 47.0520008537 46.6559855086 46.2415093823 46.2145603444 46.8688467235 47.2506450249 46.1356934509 46.9714552 46.203140341 46.5539608158 46.6936643924 47.056296685 46.5244408611 46.1112802312 47.227810579 46.4416987207 46.5447629116 47.2191727029 46.8982254707
