Spatial_Output/DEC/DEC_1139.asc
NCOLS 155
NROWS 192
XLLCORNER 196307.867259
YLLCORNER 449144.565805
CELLSIZE 33.573938
NODATA_VALUE NaN
[rows 78 to 103 of 192, columns 57 to 113 of 155]
30.5591384851 31.8863596552 31.6260555264 31.7665185557 30.1087069323 29.5778863225 30.1204448908 30.4812213728 29.6397605395 29.8882650787 30.1491470653 28.8056924699 31.2323667192 31.5631976053 28.772834962 31.629286553 31.2469749506 29.9668273124 28.8621846931 30.9811321628 31.5316329876 29.3115239483 29.1645873685 31.6646482888 30.1085285813 29.2930918168 30.3819363452 29.2553983627 31.9603358019 30.1399135812 29.3039850577 30.4203599514 31.1534751045 30.7767212191 30.07004969 30.5109157293 31.8233459493 31.9406066414 28.9469539287 30.8006490545 31.7101398771 29.8848678128 29.4639362911 29.6796049885 29.2129918858 31.2302849982 31.5600904883 28.6812799944 31.2817374785 30.9037337195 31.7136388497 28.8211060771 30.3103416709 28.7403292381 30.1117863649 31.6457045371 31.3424947604
29.3060729477 30.5705740284 30.5732191586 32.0144887016 29.1366670627 29.6567134938 29.8720772753 29.7357677646 30.8728145026 31.4255892103 29.566367109 31.6333257352 30.6087581989 31.9272074564 30.7611565703 30.3936048468 29.7958199983 28.6110954871 28.9534298675 29.0922722652 29.6136051207 28.6641004873 31.4210097136 31.8344776591 29.7977836375 30.4364252628 30.945822185 30.8276602287 29.8297167843 31.5582259794 31.3987263083 31.9996487466 29.6769664633 31.399714811 31.5049228876 31.5466009807 31.6595647362 30.1679813758 31.1326905215 30.6416672284 28.9300970887 31.4977171607 28.8458547762 30.7909796363 29.4406736353 30.2621787918 29.5818447256 31.133635691 31.7807447193 30.3924709346 31.5366320353 30.7418994663 30.0023234738 29.2607673871 31.7954094562 30.2269585345 30.2324731854
28.6485189083 31.1566528035 30.3967987395 29.9082433286 30.6183587752 29.3114594023 29.8427904178 31.4424956921 28.7431466704 29.6660600118 29.1867546621 32.0111811061 30.9361725676 31.4587575975 29.2866462588 30.3521753285 30.5541378353 30.7706786084 29.0329798267 29.9390979796 30.2550096927 30.1001105521 29.2705883498 30.0591475263 29.009111489 30.190464476 29.6975757966 30.1397637214 31.74275325 31.1692500094 31.476222341 31.2717530798 30.7342544563 30.1778011661 29.6066087694 29.0567214303 30.6605369394 29.3153031174 31.6653610417 31.1975516653 30.9067147514 29.2749670993 31.2131271263 30.3015191455 28.5986855364 31.3306200041 31.6869126771 28.5344950908 28.5018323397 29.7949948598 31.4950044749 30.3598427262 31.4905739725 31.318039385 29.0553184644 29.0100181435 31.7844196082
31.7408202122 30.9717596616 29.6985975856 28.9735334709 30.6872308049 30.8981006411 28.7876152438 29.2003450997 31.7506106042 30.4571545534 30.3408808177 30.5906521451 29.8052423458 31.0561863498 30.3043871848 31.4242579869 31.6219363243 31.5060826398 29.8901251234 28.7436850002 31.3237877619 31.7847000306 28.6545853526 28.5348030797 28.969225494 29.178072196 30.7870808546 31.3339533814 28.7130903326 29.7775886028 30.7727063972 28.7851173031 28.662111234 30.6336918263 30.4904700009 29.0066337281 30.4405218314 31.8504073221 31.9993613014 28.5260298883 29.1649546958 29.4195669104 28.7373829891 30.9298606027 30.6673930717 29.4882796109 31.8768432942 31.3862101345 30.2754929071 29.7324965098 30.1019480055 30.3836695887 30.5286971357 29.2798706536 30.3050907422 29.9316076776 29.0769521516
31.2359885274 30.6031973418 31.1845111298 31.7343492751 31.7608412503 31.0305891253 31.5443416098 29.4004066097 30.6801896245 29.3548325559 30.730130914 28.9615710146 32.0122526655 30.1426209604 31.2532370369 31.451309347 30.7520006497 29.5256841767 30.2478068863 29.1211198752 30.9477471905 30.0062245772 30.2461228825 28.9024934141 31.4008293191 30.0530633888 28.7063666375 28.9389908743 29.8902316229 29.0855542408 31.9292655342 31.8900795692 31.2605730675 31.9872754679 29.8790339177 28.6369920211 31.2940948934 29.2629472539 30.9239708339 30.1317200803 30.5374606173 28.5249537211 28.6021807938 31.4027933984 29.9539272049 29.1342820161 31.0797408691 28.6986808567 30.5543566741 31.210498998 29.2011294687 30.2915380326 31.3572695745 30.9421182762 28.8033600928 31.5344503726 30.8860981303
30.0871775198 28.9486921752 29.4232194776 30.5721131417 29.4438759747 29.0614146944 30.3069686546 29.9968245351 28.515723237 30.6466211299 31.8413467656 29.2634922387 31.2761236264 29.2693297396 28.6600517252 30.3968722492 29.2986100475 29.0451708908 28.542790737 31.1388509876 28.7839707942 29.8043445286 29.2691615179 30.8546358635 30.4396851051 30.3864265529 29.8311197873 30.1121018758 28.6522971882 29.929409389 29.4372409765 31.0954440261 31.2580290756 29.1711661267 31.4957420396 30.7628235193 30.5925472377 31.8129492299 30.0742092001 29.7523204657 31.020429641 30.8699999051 30.2286069623 31.2359344346 28.6729812742 30.3627835716 30.9994635087 29.4579413273 31.2919104191 28.9736744259 31.8541603615 30.8131518153 31.9664775132 32.0260269172 30.2023340172 31.9954100406 32.0092673519
29.9374136415 31.3219818394 30.257543196 31.097527601 31.9185364492 30.3913654456 29.5677372757 29.8085191594 31.7866631676 29.6610596349 30.0778802042 31.1391285252 30.4912389801 28.8192740149 29.2068460756 28.6476423597 30.5762740822 29.9785001988 29.2072761066 31.9565126148 29.3115675895 30.9467568199 29.2208943517 30.5987426109 30.8984593839 30.5651980851 30.6118250158 29.2821508903 30.9787049043 31.9833633559 30.8561681244 30.87310513 30.4680454373 29.3283543439 30.913772318 30.381341687 31.6515384132 30.4938229021 28.9042518963 28.554507512 28.6772923058 28.7562787641 29.7656738619 28.9144659917 29.971721407 29.1098521818 28.9607079941 28.7650010938 30.0101272462 29.6347358419 30.3262128382 28.6322961144 29.699889169 29.6725272964 28.6150009652 30.184189741 28.9508400759
30.3211768121 29.1556500065 30.1339128964 31.6653550734 29.7813849037 31.5605884789 30.7908521936 28.6486533748 29.8224178125 28.6190621913 31.0977338961 29.1970747203 31.9465745409 32.0267744941 31.8619759105 30.3183567323 29.5629116141 31.5013799724 30.8008778951 29.7851234805 29.7990796314 29.6117286169 29.5041543365 31.9371159646 31.3008134472 31.0947579899 31.5862674951 28.748864571 29.3964025337 30.5106290282 30.0636056847 29.6890767819 30.6501963666 31.9427175338 29.7980386642 28.7861871368 31.6119308059 31.77197802 29.0094565778 31.8548116372 29.8748799463 29.1936567235 31.423694873 31.8303513152 31.8334951814 28.5498946093 29.4775512233 31.2528447864 31.4177062499 29.7501463078 29.2855781458 29.5114200188 31.3068022042 30.3014889214 28.9597437375 31.7349491472 30.5016559237
28.6433606775 31.7841460703 31.148678875 29.6182405142 29.2583993907 31.4878977815 29.6289976795 29.4092312927 30.1073812407 30.4144435078 29.4758324846 30.1942729988 30.7591558833 28.58495731 31.7663008119 31.6901905231 31.2464201261 30.380787998 28.8888393406 28.8746305908 29.1454481962 30.1869816395 30.9633848061 29.4460471518 29.234052491 30.3413556882 31.0461605967 31.3520192801 29.1073707844 29.2352177255 31.8622261712 28.8363958616 31.5278658674 31.1090753085 29.4922618473 30.5422411001 30.8704035114 31.9380199442 31.1395154456 30.6273243814 29.9902188786 29.7520581811 31.5015303815 29.6491797641 29.2049574914 31.0974144052 29.169122091 30.1335045833 31.0218817169 28.8192317143 30.0810297385 28.9500806002 29.1979099656 29.5987639998 30.3142776714 30.8123743505 29.3786470508
31.9933079258 30.8809313772 31.5884911095 28.7030853095 29.7016471519 29.9192674145 30.4990670265 28.7561006643 31.9575597913 30.6313939214 31.4567675794 31.291309718 30.429393191 31.9708284303 28.6101249465 31.6790429943 30.3677200247 29.1959580891 31.792887572 31.4796331098 29.2691992401 29.6360494407 30.7016181337 31.2388389258 31.1167605736 28.7350120223 30.0155116748 30.9571863891 29.6966950313 29.8463875239 31.503025113 29.0195987796 29.9919259482 29.1409137572 28.6967239774 30.0041420785 28.9961046685 29.1377725995 31.8213301963 29.2455971056 30.9506351916 29.1160569733 30.7287116857 31.9205939212 31.265216509 30.3033872817 31.9609426573 31.2337196896 29.7387770504 31.6926437706 30.1082980103 28.9756630527 29.6867726204 30.5635704259 30.5071469664 30.083054224 30.7242493011
29.3485626854 31.0181962617 29.5682232029 30.2671187659 30.6853323727 30.0462961286 30.6831344778 30.5170842027 31.4805663916 29.7424600894 30.8081205845 30.7426312129 32.0281610746 29.0524837699 29.964923405 31.3496518451 30.7033112879 29.1549501131 30.8365105899 30.8615206043 31.4134385388 29.498485145 31.5115877684 29.4076257694 28.9776908431 31.0204466274 30.0107171884 28.5355947398 30.7530586511 31.4591607036 31.4634648573 31.4967284077 28.9401990703 31.6086578058 29.5363137605 28.78568963 28.8852993776 29.3934416309 29.4666462917 29.7972613382 31.8589614646 31.4404204172 28.8438965617 28.6999053903 28.6918906413 31.5581603235 30.2870417665 29.9726073505 29.5179434185 30.3030773936 29.3674063582 31.6832986401 30.0318362313 31.76037739 29.8348572084 29.148052401 30.4515809249
30.0905937934 30.5283036217 31.7248610172 29.3446764508 30.8570303758 30.4798182236 31.3132437396 30.6250370613 31.9999175935 32.0346523359 28.5023882541 30.390330891 29.0475244634 30.0152148171 30.4077341285 31.1024634012 29.6315859639 31.7794064968 30.795154719 31.1646518931 30.8899742373 31.9893448382 29.913296433 29.732480414 31.1505428424 29.4816822566 32.0068784009 28.9692465197 28.9466117948 30.8734152128 30.374870032 31.4885707203 28.961073011 29.8418747215 30.4297504862 28.5639627325 29.8653630015 31.7884964283 31.9897316088 31.1197238931 31.7254557912 30.3249695273 31.620139131 30.9122501524 28.585811779 28.723259283 28.6653481909 31.5823829447 30.0535992425 31.022732328 31.3260331435 29.6558445722 28.6987610761 28.8613475467 31.1999313516 30.5771135872 30.8308219244
29.5901117546 30.8864867706 30.9187168003 31.7963964109 31.6569218755 30.0421791931 29.5371543715 31.919059595 28.884249044 29.2793551604 31.2522237356 30.2380621714 29.1292002343 31.4470070768 29.1611052193 31.2577289035 29.6768245941 31.7602532562 30.7897081521 30.6991179654 29.5657931478 30.482126176 30.039456497 30.4794850851 30.1187953712 31.0576271075 30.7250299434 31.0494081422 30.6866650991 30.2048773899 30.2062241133 31.1338897212 29.9704605005 29.5699592381 31.6097075728 29.1497691312 31.0635010088 30.7413479335 29.947821047 31.0913601964 31.2261133762 30.6950268824 29.567426747 29.6166173345 28.6115589139 31.0318125387 30.4619322977 31.7979131115 29.2785746211 31.0158339654 30.4368874153 29.9115127528 30.1979132579 28.8946635098 31.0409695701 31.5095821649 30.2669371988
29.6763526624 30.8477518897 30.2587477757 30.8842539011 29.7341851697 31.8644505246 30.6716715386 30.8855364774 28.6999802487 28.8159882795 30.0985097816 31.6508534438 29.4659434334 29.7769935159 31.7685918878 28.6327332649 31.153734321 30.8309881346 31.4696640062 30.8230091751 31.8140809197 28.8262344414 28.5574874664 31.979039041 28.8094739158 28.8882227751 28.6439408997 29.8100767448 30.7243306719 31.7141762739 29.2619201514 30.5925058875 31.3594573637 30.9604171341 30.2209036229 31.5088590153 28.5983742752 28.9111715521 30.4201869205 31.8532423017 31.4129895069 30.8811750076 31.9685468699 29.6057505736 30.3323938036 31.7104217623 29.1919912812 28.8944065467 30.5405302323 29.3826224531 29.0319817453 29.9376647729 29.9929403915 30.9516534455 31.4657248688 30.4822399071 28.5963116952
29.881956055 31.2273058845 31.7972146256 30.9306544027 29.7052231764 31.2669362639 28.6063761462 29.0492135286 29.529198341 30.656646067 29.0599414204 29.3887153727 29.147083231 30.9940036308 29.3954968791 30.1535224867 29.0567908279 30.814457836 28.7736389608 31.3360008427 30.8413453041 28.6011287148 30.4503314397 31.1829807512 29.8502376101 29.3068794001 30.6397859166 29.9287771058 29.6341861361 30.0938111874 29.2132065314 31.2879468964 30.9741632952 31.0797509252 30.1855319516 31.150318184 28.8748068921 29.5013518304 30.0999904771 30.10105113 29.1153792866 29.2794456262 28.5948851482 31.2473411279 30.8265790137 30.4239407196 30.6419324423 31.9990139441 29.2870602067 29.2520858318 29.1768752886 30.9818932023 30.2438554428 29.3806789842 29.44372832 30.0834696433 30.7809504846
29.4854614609 28.9826634224 31.5883145211 28.7704422953 31.7423601716 30.1443829868 31.3805116444 28.5469449053 29.5288827853 30.2345911678 29.5035972627 29.7809963462 30.1706804344 31.9909862645 29.4184971622 31.3552303348 30.4707745604 30.7466392255 30.9927484164 31.6960290739 28.8256379137 28.5874889729 31.581162957 30.8678963282 29.6344115895 31.8898345281 31.7666957455 31.8003704626 28.6394946349 28.8167388364 31.2896931168 31.6905974127 28.8583677389 30.582777894 28.7509428336 31.2376224785 28.6050692631 29.5293061091 30.8858937206 28.9410525209 29.6147643772 31.8355053573 31.0837219443 31.6875052704 30.9716990818 30.7436542583 29.4559696243 29.3248221353 31.2644206715 31.2034867223 28.6092754884 28.6805753687 29.4594148602 29.650766778 29.2668096146 30.6396242309 29.8600460321
30.1310757186 30.5632449744 28.6259826331 30.8224078266 29.275665764 29.8967925791 29.1826100132 30.1235607546 28.9446954839 29.533491542 30.8914487016 29.425590382 30.4060379911 30.3144773533 30.9707720175 29.3016682105 29.6311986856 31.0304214809 30.64491244 29.8946460659 31.2069250606 31.1026497745 30.5627942083 30.8166951446 29.1048250751 28.6152727539 31.1159373733 28.8523744172 28.6199315227 30.3151150486 30.2669289832 31.2475841431 29.9633183192 29.7565994045 30.4301038626 30.0501931747 29.9672266103 28.6329929883 29.5782505515 28.518249537 30.2457269296 30.670654385 28.8830965352 30.0971853325 31.1727910742 28.6757459118 30.9715144483 30.3660318695 31.524752792 29.6749426858 29.6864226774 31.981367832 31.4484303257 29.4183949851 31.4387144569 30.9935942051 29.2302200905
29.6432030332 28.6499234542 29.0116163799 28.5872865775 31.3593669015 30.9788736144 30.9274530979 31.5243716708 29.1651379116 31.4985306951 31.1980213606 30.4108147821 29.8982210689 31.784232715 31.2729420337 29.0227655333 28.9097389191 31.5570904501 31.7155000377 31.6186548326 31.3847563644 30.8700265232 29.0100501639 32.0125345012 31.9833024627 31.4825270087 30.5460161315 31.0709387634 31.3081148853 30.5271519557 28.9874612661 30.1584822179 28.9076234663 30.3941792297 29.7922007262 30.8629016706 28.9659920924 28.8929835308 30.1911120038 29.1501846136 30.5705117506 29.5425071698 30.5810001338 31.6069080643 31.7024318641 31.9818638135 29.9357754831 29.8892960962 31.4571118821 30.6400283672 31.131466015 31.0548216243 28.8570140794 31.5230499537 29.5087947549 29.0745007941 29.2286888609
30.0579099458 29.4119527841 30.6752794789 31.6612108839 29.7055132886 30.9555272862 31.8203169554 29.713296635 30.8475154656 28.602575188 30.6423342993 28.5345558376 31.8088204273 28.7701437817 29.6181775618 30.0082544314 28.654579503 28.8477532626 31.0502335649 30.1604214315 31.4384062571 29.7515300777 31.010147963 31.4584517542 30.1715109195 31.0772162174 28.5603276336 29.2983786649 28.9978455562 29.4738556414 29.2468687032 29.7838533053 32.0156361204 31.4396525265 30.9733449873 30.9488528503 29.6501923464 30.259597938 28.7069664432 29.8251018915 29.9883762747 28.9863569001 31.3144822963 30.7554423866 28.6439363256 29.2913470348 28.6538346648 28.7263384979 31.7425442611 30.0613193527 31.606601633 31.1812144259 30.6353692373 29.0506998547 28.7204759746 29.0481463662 30.3647088707
30.2833369909 30.6797116775 30.9056748601 30.5842910537 29.1173467197 30.4265904358 29.9186226156 29.0896527316 28.9029053015 31.4247759091 29.8933980343 28.8327018427 30.4297391074 29.402632036 29.368712589 29.7867382762 30.2741554685 29.4276082994 29.4885525265 30.5430006014 31.2796314961 32.0026282504 31.5313801042 31.0556595174 28.5158211057 29.5810404625 29.2237043697 29.4160056241 31.1218415328 31.8040550609 31.951775935 30.9459677335 31.7847850685 31.2237393878 29.6617189705 31.3273882567 29.1686057615 29.6332173149 31.2378666501 29.3164894564 31.5102078098 30.3671747406 31.8764722342 29.5953745688 31.1431234382 29.076876479 31.7097464562 28.689602055 29.7589849191 31.3517639591 30.471191072 29.1393863921 28.5980594971 29.4745436 31.8708157606 29.6207973534 29.2225963781
30.9848702044 30.2329243304 29.0730966081 31.8894804514 31.0976746439 30.546301143 30.0074042925 29.1077826925 31.527791909 28.7823199873 30.4673675113 29.3794385023 29.8827650038 31.955128251 31.6512563134 31.7522422587 28.9327931286 29.1720836838 31.5507214554 31.7179433701 31.2255737972 30.9512788448 29.9989754177 29.4244665721 31.2820483375 29.7111964956 31.8524509139 29.3239788947 29.2616331915 31.7478972672 29.4125372849 30.9120240656 29.0482731499 31.6277963031 30.5555432141 31.5487793895 30.3364037953 31.9280745554 28.8367702608 29.2628550527 30.7219733328 30.7766029142 29.2139360623 31.721474131 30.2332002098 29.2613741701 30.3409132828 30.5205356276 28.9893702364 31.558598997 28.6169402178 29.4157489148 31.8797047168 28.6069110429 30.6476839731 29.808996421 28.6844905497
29.6293161177 30.1692157955 31.5320960281 29.0576092987 30.7041184262 29.4322587616 30.0957740371 31.349604181 30.8485733714 28.6945270898 28.8684922335 29.6611079245 31.9917068187 30.7903944646 30.911590802 29.4808070503 30.2318574899 30.5488536809 29.9540062912 31.9584826401 31.4509016668 30.5364640873 29.78886791 29.9155758477 30.45327011 30.5189940209 29.7699105716 29.4329290641 28.5647143521 29.7736972446 31.6403265089 29.2662999561 28.9057069767 30.6320178857 30.0705183817 30.4235129518 30.7561570458 29.8956694453 30.479174508 29.012253275 29.9853400259 30.4301604284 30.8534779351 31.8098062526 31.7993956806 30.2455441385 29.2810819922 31.6676747896 30.8713053316 31.4523141149 31.8514275704 28.7146223784 30.8389949635 29.7141117075 31.109244973 31.7092514833 29.3791056933
31.1509138409 30.2850159919 29.2476221859 28.6981739982 30.7479299425 29.210076653 31.1435302834 31.1054312189 31.0172193661 30.6252283422 29.6009990317 32.0032398906 29.7799920269 28.8629892278 30.493426884 29.4735272045 29.2297069551 29.3340151944 30.3530538796 31.3459883131 30.2554050589 31.7606306401 29.1710984657 29.2604095359 30.439367687 31.3342835462 30.218641214 30.8886737094 30.7989180823 29.9824762975 28.9656337409 30.8753780781 31.6164047662 31.1231745661 29.6164907944 30.2390743633 29.0798444759 31.9905391074 29.8840193385 30.3453083137 31.741802171 31.7864661696 28.6878489137 29.2973176766 31.0522266193 30.1002859181 30.0793557369 29.9599408624 28.8703324406 31.8433715072 31.6825059774 30.6099344476 31.9049259417 29.8160143838 29.7112666147 28.9568744258 30.0959407145
29.4376728792 31.9803241957 31.9333315523 30.9856158635 29.7828208693 30.9528571409 31.6285709824 29.8135727245 28.7987458324 28.7664066027 29.6662069824 31.5246429667 30.7724337798 29.5869466984 30.1141073493 30.0841282483 31.8410036518 30.3961145998 30.5270142518 29.4280258189 29.5477672666 30.553013979 29.458937517 30.7653813893 31.4062918614 29.9495131334 31.0786508486 28.9054830836 28.8620967183 28.5148284795 28.5752144294 30.2207818886 28.7324157434 29.0165268966 30.4261324685 29.0305476375 30.9991630798 30.5292510642 30.5778211734 30.9949445084 30.7547584143 29.6687965572 31.5872927853 29.7791884264 29.5940228715 31.0205857096 31.4867398261 31.2298891306 29.5665783681 31.9327863738 30.0401546422 29.4238976472 28.7893190096 31.422954533 29.5008723462 30.9135683899 30.0076030392
30.4135099972 29.1366266057 28.5081158731 29.3476342154 31.2404333385 29.9744730154 29.6257442881 30.800004526 32.0041034044 28.513988325 30.1310662576 30.6642832676 30.8620091505 28.5663769539 28.6053455083 31.8866123593 29.7579270527 31.1385768604 31.7017755898 31.0780041798 30.215618384 29.4772728897 30.2538933323 30.9419577552 31.2106253771 30.765915574 30.7202246423 30.7097455042 30.875568345 29.4068223047 31.6685909728 30.6998603787 28.5825265918 29.0606406198 29.249993281 30.5296336044 28.8580427079 30.9189158252 29.3398727958 30.2839127991 28.7719955291 30.991811931 29.3276997787 30.1136171704 31.9769243226 30.6110540382 30.9958735745 29.7723158933 30.4119294619 30.9973348162 29.8704674419 31.0542305674 30.0771631859 29.1402150369 29.2685874879 31.1574334801 29.9191184505
30.8597509389 28.9418254705 31.2542677777 30.9654499933 31.3166668022 30.5017010655 28.970838821 31.8154124684 30.3249923419 32.0078595394 31.0054268611 31.3165554703 30.3686348618 28.5934457489 29.6432851042 31.8778506195 29.7555050869 31.9069214347 31.8324119475 29.5044176473 30.0123770538 29.3199451699 28.5307011376 29.5863785329 29.9299085317 28.6752691697 28.5034915947 31.6155808692 29.0199876818 29.7749096451 30.0869467239 30.1554058931 31.47961893 31.0999373935 30.2185078059 30.0250550395 31.6148804987 30.6791883891 31.9663896529 29.3891395074 30.6165592712 31.0132584658 28.6693479217 31.6194535616 29.6751477501 30.7835795084 31.6116613642 30.6670259256 30.381263866 29.4373210039 30.4095220111 30.049348701 31.3346729325 29.1627910152 30.4770992195 30.3204012231 31.2909595488
