Spatial_Output/DEC/DEC_0566.asc
NCOLS 155
NROWS 192
XLLCORNER 196307.867259
YLLCORNER 449144.565805
CELLSIZE 33.573938
NODATA_VALUE NaN
[rows 26 to 51 of 192, columns 0 to 56 of 155]
0 0 0 0 0 0 0 0 0 0 0 0 0 0 0 0 0 0 0 0 0 27.4169371432 26.7334353252 28.3836336086 27.2711046646 27.4298103973 26.898010162 26.9598092661 27.5141234782 27.5014031029 27.086082975 27.9913684946 28.278102971 27.8097135956 28.0455247985 28.1384156696 28.3545447556 26.5435886763 27.6345664386 28.0943404211 28.0611232503 27.750290588 27.8597263134 27.8449721135 27.071382102 26.7640063721 28.4207038163 27.3756951414 27.8324653015 26.5443506856 28.1501003321 28.5675551971 27.8590677314 27.8979357082 26.6751672962 27.4371343444 28.0857875601
0 0 0 0 0 0 0 0 0 0 0 0 0 0 0 0 0 0 0 27.8145680513 27.4006842871 28.2484822245 26.6818681469 27.5693024953 26.9237076891 26.5719634206 26.9792904341 28.3987412612 26.948774185 28.2526853475 26.5614454135 27.285368407 27.5208189577 27.4445700965 26.5291058116 27.1825705388 27.5657065523 28.5080873067 27.5209805524 28.328722426 28.6158371791 27.8832505703 26.9135813244 28.278439234 27.0280156373 28.0140684018 26.616135652 27.466186564 26.8862194304 26.5158006684 28.1284041022 28.1625104763 27.3269682676 26.9754695928 27.0676397085 27.3714224455 26.7382025436
0 0 0 0 0 0 0 0 0 0 0 0 0 0 0 0 0 0 26.5536295223 27.6455755458 26.7543394844 26.5469254783 27.5369838965 27.4026045632 26.7469372546 27.056785871 26.5481076904 27.9925319241 26.9437392136 27.5097785645 27.7241496845 28.5081554768 28.1814433766 27.8007737595 26.604545167 28.2884769124 27.9283868075 28.2387466888 28.0361371797 27.4811171661 28.4878457379 28.1788654853 26.7092687106 27.5853236439 27.5224248196 26.6766192448 26.5205158918 28.0689013894 28.5604190578 27.7688746095 27.3553807452 27.3377074196 26.5575339045 27.9608066051 26.8082252921 28.3685845478 28.2528643497
0 0 0 0 0 0 0 0 0 0 0 0 0 0 0 0 0 26.7879293121 28.3225614596 39.5342838301 40.7438438086 55.1844770206 26.5387006431 28.5607090844 27.9964476433 27.1817014945 27.5107192242 27.5577078488 28.3132346402 27.2096661554 26.5099288351 26.8965259333 28.5256022721 27.7594807214 27.2204709235 28.2326984089 27.8514475703 27.5123623773 28.312679483 28.344243594 27.1725526448 27.9729730388 28.4165047143 26.867508914 28.0718341755 26.7197382855 26.8596623917 28.5448016534 26.548596461 27.5831304249 27.8282733984 27.2923412003 27.6127838753 26.5193773377 28.4128600634 28.1365602859 26.8136813264
0 0 0 0 0 0 0 0 0 0 0 0 0 0 0 0 28.1129754325 28.1638659394 27.7800057439 54.5542366222 39.177855583 51.1523258003 28.1923822372 27.5756472163 27.3664239832 26.9314454759 28.0519712346 27.6195929344 26.954710603 27.1573617208 26.8497724205 28.0747955288 27.2395332899 28.180247982 27.4925149096 28.56322802 27.682061527 27.6933021344 27.74237607 27.5466255042 27.5595616504 28.4593179146 28.1307529043 28.0920460019 26.8352992886 28.4340240666 27.3948628824 28.3552574701 27.0590667326 27.8957230268 27.2174813886 27.526690562 27.6303380039 26.9612267471 27.5280989299 28.5397708732 28.511324421
0 0 0 0 0 0 0 0 0 0 0 0 0 0 0 28.3049119919 27.0577946543 27.2583588899 28.570432137 51.4363398715 51.7477820583 55.2222304844 45.8912907013 28.2067375791 27.0131270834 26.7661928761 26.749329538 27.3249404341 27.4146231119 28.0090632519 28.3418125686 27.9569333864 26.6128723801 27.4275337652 26.8260640988 27.1325360995 26.8223970697 28.2166375392 28.5884062898 27.869242043 27.5312023716 27.8641151267 27.1789808336 28.2731767012 27.339255199 26.9835720062 27.0264857671 27.6578304243 26.7692562449 27.0538900451 26.7265427146 28.0600178836 27.3052839878 26.6345485233 28.5155528762 27.0951452407 26.6629276567
0 0 0 0 0 0 0 0 0 0 0 0 0 0 0 28.1928624986 26.8149098178 26.6621089226 28.1912477805 40.4263654317 53.7231029657 42.3813870769 48.966444986 26.6049815238 26.5000237118 26.6361610257 26.8337391062 27.8233944134 26.8831113753 27.7927798165 28.2299329634 26.8872209784 28.2644047859 28.4154024432 27.012032777 28.5425263731 27.1328582694 27.8549284313 28.1499491653 27.6450075205 27.702779769 27.8367374225 27.8887860821 28.2701545987 27.9705785428 26.692782974 26.8879023965 26.8172637135 28.2559155748 27.4765474148 27.3259446119 27.7045995486 27.1809394367 28.3381988841 28.1841843746 26.7968871458 27.6777537457
0 0 0 0 0 0 0 0 0 0 0 0 0 0 0 27.0182992864 27.9678382159 27.8350931791 26.6597563536 26.7259288964 45.0127612489 41.9714078884 48.3198902696 27.4051455977 26.7258693664 26.8801437947 27.3046178426 27.1581170075 28.0908428743 27.7317152271 28.454438296 27.4915644678 26.8189725609 27.5951240942 26.6317657478 28.4072125319 27.5247082402 28.5051930664 28.4624692578 26.842920773 27.5711575328 27.1154593882 27.4524083556 27.0373688758 26.6559817331 28.0381800213 26.9146954491 28.3387200601 27.3281799597 26.9412300299 28.2836098308 28.583914494 27.7778141588 27.9475883808 27.0266388512 27.1017188205 26.794170073
0 0 0 0 0 0 0 0 0 0 0 0 0 0 0 28.3375097648 27.3031703029 26.8437114486 27.7645096314 26.7217565199 28.521387082 26.6797051853 28.3841639601 27.7169399822 28.3268454872 26.57164257 27.8577551825 27.6929043969 27.8716760517 28.4466569129 27.0467389284 28.2051471463 28.0660704123 26.6096014655 27.2698191011 26.6508634543 28.2835618535 27.185183284 27.9386474325 27.358128872 28.2080737778 27.8110242743 26.7934107011 27.0877874294 28.5334569532 26.735845109 28.0746616289 27.8239023073 27.8818855827 28.4499678603 27.6619165318 26.5474026314 27.2009368606 27.5863171349 28.0058488231 28.4042168494 28.0391065316
0 0 0 0 0 0 0 0 0 0 0 0 0 0 0 27.0168993616 28.4596808323 28.3205692872 28.4550149705 28.0926195654 27.2141987742 28.3436919675 26.5300996747 28.2427615463 26.7378491898 27.5403389948 27.4232222945 28.1296757396 27.1659788294 27.1239276007 27.9709604173 28.0845594458 26.8823077888 27.6518470018 27.2190430339 26.9152185137 27.8944177896 28.0328698968 26.6284595194 27.3487366896 28.6182561495 27.4918088339 28.4558808852 27.2044153218 26.6683981779 28.3334305011 27.9549594829 28.2144506015 27.6030662592 27.8388169877 26.53863463 27.741849476 28.3058694422 28.0149309784 27.1301581623 27.3484272595 27.7356242458
0 0 0 0 0 0 0 0 0 0 0 0 0 0 28.048014095 28.2625983687 28.1765583298 28.2713649685 27.4640493765 27.463737398 26.6995336174 27.3278023702 26.8811128099 27.8118280284 27.3876622319 28.2259133145 27.531136378 27.8834554551 28.5649929729 27.2784977354 26.539953056 27.4666429193 27.4394953527 27.8166345568 26.7919674923 27.7840062361 27.6301469179 28.2416154682 28.427279514 27.9259624886 27.5578582547 27.0958616719 28.4288019022 27.6363975056 26.5484434941 27.4691131562 26.9079510211 28.1423886338 27.0338417666 28.2396398176 27.0136245432 26.9954919562 27.1260934956 26.6472126813 27.2691124283 26.6933766363 27.3900033111
0 0 0 0 0 0 0 0 0 0 0 0 0 0 28.3606295797 27.5869023589 26.6278212723 26.9213846822 26.701360141 28.5199872454 28.3250904101 26.9625223594 28.1338670768 26.6291441368 28.4147314434 27.1648050999 27.041260089 27.4255005872 28.4598127186 28.2736872692 27.1490222651 26.7328200199 28.2975673635 26.946715816 26.5004101732 28.4630106402 28.0488280095 27.9668371816 27.5785381513 27.6533229196 28.4371667359 26.9378986715 26.8544345042 28.2553995971 26.9848379624 27.1875457342 28.1949938235 28.2015444577 26.9347263771 26.6286048867 28.5180933517 26.7435641201 27.5042547571 27.2612224874 26.7792695736 27.3055146268 27.4451753555
0 0 0 0 0 0 0 0 0 0 0 0 0 28.5040706137 26.7096131744 27.4787055757 27.5056278835 26.6243140174 27.0934108695 27.6901131487 27.9155648234 26.9760349202 27.5564991538 27.0606350306 27.0575179377 27.3385988399 27.60654184 28.3946279668 27.4636945291 28.5455447994 27.1099262835 27.5643379049 28.3101029948 26.8842180317 27.6544325843 26.6177640685 28.4568051044 27.9292044861 28.3118358951 27.48885821 26.5793927511 27.4365635513 26.5674188302 26.6914906515 28.4754293963 27.9738572638 28.1619910676 26.6786945995 27.1561863756 26.6144464519 27.6949886061 27.914173314 26.7309318597 27.3902834359 28.5308516521 27.8619490947 26.7408447691
0 0 0 0 0 0 0 0 0 0 0 0 26.8912601391 26.7972916287 26.6822168067 28.4846793737 27.4719661055 26.5518361183 27.5924629393 27.4966751455 27.2799171589 26.8300910152 28.4447446981 27.5487615363 27.236039971 28.4983895911 27.5364869991 27.6614761272 42.9500676132 47.0691922874 51.6510096077 28.4887708918 27.424620794 27.4315815081 27.0176548092 28.1561844295 28.531670084 27.9654684336 27.7653644959 26.9687354388 27.058143865 27.2265568416 28.3832565506 28.6081438311 27.6250245681 27.7553482081 26.7419288628 28.6086965924 28.2648760098 28.4892193447 27.1096304387 28.5267445181 28.2962527229 28.5346049037 26.7581416363 27.7194839922 28.4071356246
0 0 0 0 0 0 0 0 0 0 0 27.2376581462 26.772864484 27.8177805079 27.1191131514 26.8945577977 26.6499315602 28.1478926835 28.5687697982 27.6191295782 28.2496139167 26.8498341253 27.2351451739 27.4805208169 27.3686254386 27.0238139776 26.692635372 27.2805603887 48.5131830279 45.5431880416 42.8935064492 27.2293506257 27.7566537203 28.3583918107 28.557651376 26.9901798848 27.0813837142 27.3009181818 26.8676298236 28.5900020914 26.595106971 26.6563467468 27.5578595041 27.2518312456 26.9950548728 26.6711686491 27.770884656 26.9820930315 27.1605613175 28.308015897 27.1933766801 27.2464598509 28.2074354772 27.116398769 27.1271427069 28.4418886507 27.4506017743
0 0 0 0 0 0 0 0 0 0 28.0810023029 27.9660037854 26.9720149304 27.9954341718 26.7453624995 27.9928176072 28.5613754354 27.171760915 28.6008584276 27.0372387975 27.339875827 27.0258644534 27.923561487 27.9742882275 28.2382560591 27.7879388012 26.6424978846 26.7813947603 44.5463615873 46.1001716861 42.7149798923 27.9782542949 28.6141897763 27.5225073632 28.1278385954 26.7517665025 28.2880032434 28.5266280406 26.7359570761 28.172932824 26.8055926993 27.7548085728 27.2977800527 26.7881880246 27.5453985399 28.2625632698 26.7175278831 27.8771430694 28.4536710515 28.5727034254 27.2878837751 27.7363245246 28.344885541 28.0801777999 28.2819525485 27.2484586555 27.0110128317
0 0 0 0 0 0 0 0 0 0 27.7554917747 26.8372392214 27.8354557707 26.6573576168 28.2015334173 26.8852903085 27.779510631 27.7160896259 28.0903899949 28.5510136179 28.2044741573 28.1102982859 28.2198394364 27.8859853893 27.0789927637 28.3794504762 28.3426578777 28.2097100747 51.9351349067 52.9613266279 44.2720267323 26.9981629152 27.8780795758 27.139631354 26.8481303613 27.0085036992 28.3080889071 27.4303637774 27.7816003847 28.1503455065 26.6760360336 27.2507590541 28.4238706515 26.5875658996 28.5571538666 26.9886757936 27.4588802003 27.6174016637 28.5179476629 27.0649524686 27.9965149009 27.9778247306 27.3493320089 28.482163291 27.5615915595 27.0871693735 27.0310772275
0 0 0 0 0 0 0 0 26.8426845102 28.5626742273 26.7415461477 27.6698729908 27.6564492309 26.9566896499 26.8214417642 27.9028831744 27.3524954881 28.3252279259 27.8789350111 27.0383436483 26.8958020582 27.8900004024 27.3702874929 27.9491553134 26.7044300546 28.1056040725 26.8703482668 27.0178379078 28.091022544 26.6066443623 26.6516829967 27.5820101189 26.8742277885 26.6303378186 27.2982725087 27.263539127 27.0230192268 27.0558863586 26.9596635016 26.9702959623 27.101951747 26.7304306346 27.5737167778 26.7133747668 28.4236972224 27.2437740556 27.8148134249 28.5292582148 26.973378737 27.0973408867 26.8421021766 28.47425904 26.6618034573 27.7559709978 28.3842411194 28.3501844038 26.6693272304
0 0 0 0 0 27.3950764474 28.3095533538 28.3836520182 27.5262540594 26.5519207151 28.0205969066 27.190560181 27.6173816356 26.6140391385 26.7605350705 28.2807419924 27.1361786576 27.9704870679 28.4494393144 27.7637861197 27.8040232896 28.2253210138 26.8045688935 27.6077659644 27.8376032468 26.689716856 26.5588087935 27.3295876176 27.2532991745 54.4744688037 53.2402602953 45.7221998601 27.8760378789 27.2758466619 26.605903195 27.6069743421 26.9211684985 27.6105742785 26.917715968 28.6180177296 28.5131923102 28.331649241 26.9644101938 27.8135143977 28.0139434088 27.8023621062 28.2387657206 28.4727412802 27.080817784 27.9608327796 27.0483315565 27.1418374729 26.6122219073 27.7899727853 28.0387948764 28.5873524781 26.6423740714
0 0 27.6983071027 26.6966252627 27.0453280329 28.469886292 27.3233345987 27.1840104642 27.1064667268 27.139463623 26.9315686138 26.7523312095 27.1371544587 27.7300374224 26.9866336568 27.8621012526 27.8028618196 27.6980000483 28.6170279742 27.9891758183 26.6888605926 28.4144917971 28.422896826 26.7496829459 28.5141114067 26.9545249301 26.7210809982 27.8893673414 27.7411431108 52.7499427038 48.5102269421 41.6127442903 27.7962573633 27.125397419 28.5207385598 28.5981674535 27.1713637471 26.5316667212 26.6751360349 27.4685391578 28.5039318427 27.3245989877 26.780783404 28.1748021201 27.2061543537 27.9576308704 27.6669449662 28.4487061824 27.0795519191 28.0113085841 27.8019019301 27.555332671 28.1386372323 27.3105810719 27.5638989416 27.3993919626 27.3737968327
0 26.9423836469 26.5779563145 26.5957328455 28.0888087899 27.2518228315 27.1175905637 27.4893896931 27.785690524 28.2391353022 27.0429065277 26.7483051721 27.1051717426 27.0479957982 27.1489832817 27.8072788578 28.4373268274 27.2098807042 28.1528717845 28.0239395694 27.5581031732 27.3968166539 27.4462275878 27.5658421404 27.4587580081 27.9601581656 26.7538766173 27.5312672722 28.611414048 52.1233367094 51.6523660889 52.2815217154 28.0447058811 27.1857697553 27.58693611 27.7208289849 28.0698273894 26.8118947388 26.5730608622 28.5295143673 28.4836611386 27.1078313812 27.5870358677 27.6746222671 28.5598316024 27.1685565934 27.1781387524 27.3202006736 27.8657395154 27.9965125874 26.9104001639 27.1931958909 27.3144120263 26.7904087329 27.6205312883 27.4926548764 27.797653838
28.369794272 27.5267700106 27.8403167134 27.5674560337 28.1345267108 26.5906924725 28.5652737845 28.4083152197 27.6883786834 28.0479031485 28.0846576985 27.383069803 28.1366755092 28.1515983117 28.5470998827 27.9463449628 27.5887870438 26.7074804036 26.9967198521 26.6433693055 26.5346558017 26.8906897023 27.0499389306 26.8042311772 28.2850214551 28.247970105 27.3474671503 28.2723585015 27.8431511994 27.0678686762 27.9158273349 27.6625938859 28.5011703647 27.7094096034 27.4631692129 27.9680467837 28.1627454759 27.445482698 27.4483101507 28.4476084233 28.2286128669 26.9201391545 26.9691598523 27.7849752509 28.4344365392 28.5499066673 27.3454668293 26.9038791098 26.6503259429 27.531066613 27.1804433695 27.4808398419 27.2800273262 26.7945620008 26.5263103463 27.1001600248 28.1055454218
27.6699126565 27.0346753367 26.7142252147 27.8540076344 27.3940301265 28.2024141497 26.5667895768 27.7282377577 27.728626521 27.3157281001 27.5553315162 26.9096510254 27.5154900592 26.9614972926 26.9033147722 27.8585512353 27.614609434 26.7784405035 27.4481159435 27.5529958634 26.8622054794 27.0305785423 28.0432070496 27.8648359929 27.2937280995 27.5509397516 26.9933192581 27.0426492189 27.420281918 27.2838269895 27.9156752996 27.8084553587 27.7968469545 28.3951957616 28.1401653146 28.5779661485 26.7640295468 28.2948728432 27.8683039186 27.296937942 26.6518502471 27.3709790238 28.5935623706 27.5468006458 28.4603001832 28.5782445162 27.7913773122 26.8907577544 27.4241065113 28.1678052418 26.6323681391 28.374843183 27.3734398546 28.6025067093 27.0831816352 26.9185799207 27.0839794595
26.9108362523 27.6573940001 26.9884764437 26.6890291107 26.6741682931 27.3361844668 28.2277775547 27.4161310761 28.1940087801 27.3782947073 27.7166438973 26.5616378613 27.9886928 27.6413553728 27.4789139852 26.6218014933 27.8502198077 26.7734918128 28.4960437902 28.1986115638 26.8144110999 26.5459517006 26.9717807509 26.9591304897 26.501141939 27.2652589958 26.9772439174 27.9967043085 27.9238973542 26.5629475182 27.6142318957 28.2075528067 27.4176646147 28.5519833852 27.8187167782 27.1148519011 27.2904220511 28.3104132156 28.2991586912 28.5458868607 27.1411481916 27.9068090857 26.707739444 27.9343871699 28.0827063923 26.6074333075 27.4179819482 26.8894475681 28.0392720682 27.4423243702 27.3911691094 28.1824719417 27.7713755101 27.4325393571 26.5737998346 27.4772569905 26.8964324583
26.7185137303 27.2052069938 27.784210026 26.6269663248 28.0343693442 28.5282677392 26.9672616179 28.4999702594 27.8920032099 26.7382448415 27.9288225148 27.6858449748 28.0004122351 26.7138473859 28.3918373381 27.3531993965 27.566256861 28.4050008834 26.6654979639 28.5697083475 26.7157543694 27.5494754805 27.1994791363 26.8680079284 27.5519562792 27.7874801249 27.1811359684 27.9677084216 27.7662340289 26.8462537916 27.6840550872 26.7484128908 26.8502651593 27.1174254885 27.7750416964 28.3100565363 28.3253178165 26.830289488 28.3907954611 27.7952716789 27.0767320967 28.0372221079 26.6553513511 28.1724407741 26.6225666546 27.175136537 28.4641130982 27.1827528747 26.5486602174 28.5564237458 27.1237155741 27.838500813 27.1191356582 27.5853654373 27.3482623069 27.3777447043 26.682133871
26.6300769553 26.6775541864 28.5901011491 26.6058499152 27.5511697173 27.277301906 27.0084609776 27.0668144591 27.8426338949 28.4535541175 27.6696677437 28.0289010091 28.2434258492 28.0034152067 27.9013102616 28.1813634233 28.3617133211 26.5812663541 27.0014421906 28.5187207519 28.3054797768 28.5398361706 26.9179723149 26.9799372345 26.8097494168 27.2336082885 27.5206322791 28.3163285196 27.1746858036 27.8493495065 27.5515789692 28.0999202924 26.6403024028 28.3691089104 26.5185784827 28.4968566896 27.2909708522 27.9081107897 28.1837118667 26.6777847459 27.87055505 27.9784215318 27.6905045223 26.6091690473 26.8629895338 27.8896153282 26.8886328136 26.5447464708 27.9802643027 27.7950129289 28.0694267337 28.1290930937 27.5376901402 28.2266086449 26.8959154914 27.9372732749 26.5393584829
