Spatial_Output/DEC/DEC_0063.asc
NCOLS 155
NROWS 192
XLLCORNER 196307.867259
YLLCORNER 449144.565805
CELLSIZE 33.573938
NODATA_VALUE NaN
[rows 52 to 77 of 192, columns 57 to 113 of 155]
43.6399676899 43.0552453859 44.1475844925 44.1846074793 43.8800577952 44.8030016067 44.1609146155 44.3550830644 44.8986291264 44.6058644337 44.0397430985 44.6247176958 44.1745873079 43.5880778675 44.8018774109 44.8846209799 44.0580033267 44.3834977843 44.1671465012 43.2492658594 44.0300339945 44.6440557117 43.6921273477 43.2955847556 45.5368723906 44.3820363678 44.4673336341 44.0966255946 45.3082490042 44.4194747127 45.6034071555 43.4079188526 44.2058232042 45.1154056625 45.1702280307 43.9611967632 44.636802623 43.7228718854 45.7392895774 45.7316450305 45.4209502088 45.1526840728 43.2377700225 43.2736902387 44.1824633862 45.2776000655 43.9088293375 44.9511574331 44.876095083 45.2578713653 44.111944454 44.0055331549 43.5243699775 45.05501664 43.9588924285 45.1704233475 44.695712276
43.5666905184 45.3671028623 43.6401447587 43.5049493753 44.207980926 44.6728421391 44.3027929701 44.7725085803 43.9374351389 43.6353922886 45.7523089347 43.9622851433 45.0002223896 45.6123237387 43.6399066613 45.2734780614 43.7801299546 43.4946770909 45.1596694376 44.4977669505 44.0921261429 43.7644183037 43.7438041403 44.9786552743 45.1381918525 44.4488165301 44.5263119777 44.7282762126 43.115991311 43.2305796489 45.0812054472 43.4861511056 43.2670494298 44.6240972364 43.5453243433 43.2992961671 45.2478908798 43.1651178336 44.50377091 44.6127613597 44.940715845 44.4921430222 43.0897072933 43.8219620013 43.1150987237 43.0544169566 43.9109906366 43.3731464407 45.2819891869 44.678198851 43.3136732284 44.9112104066 44.4046512937 43.6898296206 43.501402904 45.2855612115 43.0915364002
43.8080605324 43.4122639046 45.675834862 45.3154789202 45.6826443 44.2410594488 43.9352980803 45.1079263064 45.4752437319 43.2946689246 43.3337789787 43.7696884722 43.2279097944 44.9692843647 43.3946930275 43.3955647263 43.3829560829 45.129127046 44.7560679208 45.5919028606 43.5291088143 45.4450515385 43.106533818 45.6285565047 43.0325587567 43.5461929686 43.3557886017 45.1011662533 44.1409388461 44.6256073541 45.6307693049 45.7210731732 45.6369241388 43.4501265266 43.9699394534 43.5842497133 43.4534351622 43.4691401485 43.2902841731 45.0726626484 43.3576632253 44.5030225343 44.4144304633 44.874825227 43.5141846022 44.0849877836 43.1891397085 43.1769820613 45.1153760137 70.6380848069 45.1759253429 44.7939964808 43.2243166004 43.8350377211 44.1410860661 45.3250708506 43.7890857678
44.886796112 45.0273965465 43.3204643574 45.3631213658 45.6175107261 43.4927096974 44.721296389 43.598905778 43.7689512154 44.1850819588 45.4883452214 45.3877660431 44.9021497382 45.1727119512 44.9633333535 45.4605307857 44.417019497 43.6337710734 45.7715612081 45.2307098299 44.1762231848 44.9077872319 44.3690804158 44.9858013901 44.881145742 43.3219641303 43.5206219077 44.2758037745 44.1230595674 43.1974745629 45.3441271424 44.5340133463 43.3705110326 43.208971198 43.2785069096 45.223352322 45.3837750197 44.5695010226 44.823720353 45.7796693232 43.1986899403 43.5432719112 44.7660100183 45.6148695277 43.5275877617 43.3036589736 43.6266578259 44.47342955 43.5133736446 70.6380848069 70.6380848069 44.4151207349 45.4717640622 44.690346359 43.9939375766 43.9862466804 45.2179332929
44.5417156313 43.190122779 44.2710540783 45.3465980893 43.5422236051 43.1014881355 45.1676755863 43.0036627453 44.1200086963 45.1544562926 43.5805493098 44.9813104389 45.5399220351 44.0564882519 44.7744890579 45.6680881839 43.3426256473 44.0717885075 45.6469738482 43.8489117128 44.4349225457 44.4228324118 44.7718622643 45.4499686367 44.6231045981 43.2612550836 45.65613315 45.2563596152 43.3921967513 44.3656366968 45.3218183641 43.0888474951 43.0191897914 43.0621159609 45.7742482753 43.3845700098 43.741153101 45.011635274 44.1732212557 44.6098640482 43.0625713701 44.3077708647 44.6041442735 43.8289402721 44.3068889116 45.7066374197 43.4230830975 43.3999059913 43.6461225097 70.6380848069 70.6380848069 45.6577573933 45.7051331335 45.4812099338 44.8599507079 43.0879718954 44.0634363288
45.7819051547 45.1348890617 45.7906910646 43.1764016758 44.3828838927 44.3443616838 43.8579782645 43.9123356265 45.1989455824 43.4421384921 43.8947098246 44.0361620351 68.3845554111 68.3845554111 68.3845554111 43.9685874205 43.3788534995 44.1174487049 45.0689113671 43.5467226768 44.399681553 45.2888823427 43.3989255892 44.1490020909 43.596249225 43.9112463226 44.9514379368 43.309293938 43.9930601951 43.4723630616 44.4353152473 43.8561786726 43.8776278843 44.7550158931 44.4478871812 44.7511460543 43.591019689 43.8404229133 43.0399576885 43.1217540325 44.1622998865 43.6379911036 43.7435625094 45.5239817895 45.8051435322 44.5632979205 43.4304210554 58.3784484392 58.3784484392 45.2827620799 45.2081299727 44.9344081332 43.7221964974 45.2327277323 44.8282630926 44.4331722198 44.9504730253
44.5967092538 43.2974977217 43.2531059255 45.0300817428 45.5533691813 44.1806580969 45.4900312671 44.0480628519 43.1987978616 44.8149688972 44.7483207884 45.0614643825 44.1204052273 68.3845554111 68.3845554111 44.896159768 44.4203124727 44.5749440134 43.9169552854 45.0367899717 43.0200393668 45.0493091866 44.2347183668 44.770771092 45.0823721495 43.1107196433 44.976534217 44.486155807 44.9484479043 44.5289227911 43.946425795 43.0141466457 44.8318465193 45.0574085608 44.1784204257 43.6653268321 43.4265127219 43.7228983772 43.975624326 43.434495643 44.2014720932 45.779703798 43.106514663 45.5782873493 44.0810565355 43.957558748 43.2181379351 58.3784484392 58.3784484392 44.8016821293 44.1452942667 43.6122152328 44.7992282245 43.5615174531 43.3677436523 43.8671803586 44.336853727
44.2069753972 44.1174039698 45.7647935781 43.1541691397 44.068550407 45.5412290905 45.5841194333 45.3371220912 45.6805574969 44.8783589069 45.5121551948 45.1816351749 43.878020121 65.6462377262 45.0273106514 43.1739320536 43.6017431625 45.1471094909 43.7353938188 43.2747296432 45.4224538973 44.4520685832 44.3471266665 44.498054572 45.4375864179 45.4688228296 44.9214796155 45.3215017953 43.7715090117 44.3335165031 43.0292248435 44.8236673084 44.3227511869 44.3265197472 45.656737557 44.0766133415 44.4028674394 45.7384884048 44.5738522984 44.4274032146 43.915823762 43.1047752828 43.156313261 43.2024295955 45.0285557831 44.6416669841 44.6290151054 43.9364637937 43.6265739512 44.3567533183 45.2471083047 43.263126765 45.6671994467 44.0990441236 44.7482796496 43.6038933144 43.1628424508
43.1184133221 44.7873038787 44.0655544211 44.3396276861 45.2002565701 43.4142799951 44.8339664676 44.0381136513 45.4271125954 44.9136699901 45.4477304344 45.4370961657 43.9901326296 65.6462377262 43.4321632313 45.2389865017 43.6039809006 45.7721227336 44.3895276129 45.3395163099 43.7586208911 45.2008404423 44.6164612773 43.9637796918 43.897766982 44.1755612161 45.2004641103 44.5559078519 44.5004299343 44.3024460081 43.3387751565 44.6499927784 44.2428474171 45.2619892407 43.656590078 43.4081201767 43.8345321517 43.5968835371 45.1046124483 45.2224390995 44.1490425658 45.6406351142 44.7673642892 43.9936676033 44.741316884 43.730461454 45.5291392991 45.1680835445 43.3053104353 44.7610456079 45.729357814 45.3357732722 44.4972458454 43.4422570033 43.1013273287 45.6310215882 43.8883969855
45.8198163594 44.6745619184 45.0515536441 44.4571447673 43.089214885 44.736171694 45.4780156953 45.2371157837 44.0690964917 45.5796682573 44.8104727892 43.0576857963 44.2708974318 44.1369859589 44.6837689138 44.7284769688 45.0075283328 44.6821871037 45.57647517 44.7277887669 45.3773562325 43.2243231055 44.7147230894 44.1869495257 45.6464084579 44.387583292 43.8579463383 45.6442976782 44.3695308084 44.4072900491 45.122932997 45.1315702509 44.1802039271 45.188557002 44.7958666685 45.4528439784 44.8163058236 45.2835225339 44.7189837532 45.7875983919 44.6983840787 44.8852327042 43.7689662379 43.5457628829 45.6648535974 44.7504408031 43.7878374324 44.3182498404 43.5216469684 44.0412887181 45.7702566875 44.6657773857 44.2306366911 45.57050398 44.7032439874 43.4036802049 43.4591628843
43.7969597074 45.1018942812 45.3039278449 44.6817134277 43.5932062384 43.6003035649 43.771498592 45.3539042152 43.125218893 45.3736664015 44.5488482596 43.6948844569 44.6932729959 45.3368461355 44.1039551628 45.0313590481 43.4711004632 45.7655768075 43.4969673159 44.0458991401 45.572186605 43.7765861278 43.4951352644 43.0911718395 43.3794341091 44.6779950156 44.8662963476 43.6321564355 43.1892581565 44.3326421608 43.5166803644 44.016293025 43.6346660346 43.4459707848 43.625306152 44.0053165679 45.2178260224 45.4654163748 43.3468095249 43.228820839 45.7684783386 44.8641148877 43.082223885 44.228973771 43.9406593225 44.5943512966 43.6941840615 43.7499944914 44.0919566682 43.1912235005 44.9500721806 44.2441949798 45.236379544 43.9015132571 44.1140291578 45.7477368775 44.2440896079
51.25638042 51.25638042 43.3930037695 44.4197083491 43.020210435 45.7347065624 45.0648499181 44.1698108858 43.3934590867 43.6947490215 45.7142191156 45.6863893625 44.662264346 44.184089355 43.8362493451 44.1759350114 45.047479521 44.4000040544 43.3092051305 44.7213515726 45.5656463906 44.0414396809 45.6408000283 43.5825217102 44.4585054728 43.0099686919 44.0820720801 45.220358181 45.6305790319 45.3056725631 44.8677656164 44.2920692548 45.4181186538 45.6172713919 44.9129802185 45.2299832437 45.2732307671 45.2340012005 43.3463994979 43.9308817459 45.6918224041 43.5295922042 44.5240776839 44.5152296478 45.3951059796 44.7852326873 45.5684433918 44.4440267373 45.42063079 44.4089840006 45.3553971739 43.7841094398 44.2045545173 44.4390227169 44.969123077 44.2941111093 45.7343255427
51.25638042 43.3533611337 44.8464495884 45.2278381532 45.1763694203 44.9151476814 44.230205073 43.1067060615 44.8638229993 43.5009444014 45.236024998 45.7589277421 44.0941992513 45.0922246571 43.8938861621 43.8455924487 43.1301345991 45.141212429 43.8812491036 44.1416159106 43.0837253965 43.0352878794 44.9588771818 44.6163331857 44.334511213 45.2399045978 43.8178604573 43.987538476 44.678429951 43.3601993142 43.0731882527 45.5091001812 45.2528558076 44.3704456351 45.8146654888 45.359584118 44.763009628 43.2921106404 45.2381876942 43.1757468709 45.2960032612 44.1127249091 44.3791566608 45.1950406072 43.5699116769 44.2402230689 43.6589337371 43.3922903011 44.2263691683 45.4017313472 43.8837712204 44.8363254151 45.7193448967 44.0550216863 44.6898528242 45.347010709 43.398831198
45.0978797962 44.4977408822 44.7151981445 43.772985751 43.8961798596 43.3486467861 45.0048192611 43.3594047315 44.2233188364 44.4267579506 43.8224075139 43.5906159027 44.6896221403 44.133927314 44.8615940556 43.8054355436 44.6951245977 43.8002077785 44.6164727986 45.4035971695 44.5661082702 44.785492408 45.2866564574 44.9195543546 43.7222610294 43.706210757 44.59877066 44.4043026531 45.3986981334 45.7455168572 44.11486493 44.9478352981 45.2814788064 43.0910304346 45.5947675813 43.0316606726 45.8215996402 43.23582748 44.0635386964 45.1793913766 45.4324925881 45.1585780795 43.8313490584 44.2185365241 44.2240857448 45.276673538 45.0320830609 43.240678897 44.8106963416 43.9026974061 45.1655417695 44.1131991814 43.4032876507 44.2923816166 43.2970965187 44.8756226237 45.3300434324
43.9484141618 45.7227444108 43.5260133228 44.0229500519 44.0428539304 44.4598562872 44.054442197 45.5764684055 43.2302023946 44.0600324137 45.7294707291 44.1359930901 43.7049915157 45.7346337147 43.8470238052 45.0909069212 45.2744645598 45.3602430681 45.0597937378 45.0992609289 44.3128682101 45.3609367903 44.3066436195 44.9841355845 43.3114178788 43.7397588428 43.5562676766 43.5290715872 43.4304134469 44.9987788548 45.1206238594 43.4631744958 44.2224748566 45.1760727074 43.1585222191 43.8556266815 45.6701043155 43.5216827561 45.2141155326 45.5123656243 43.9783115023 44.6013370897 45.1309315302 43.0112884016 44.3530618166 43.9011783609 44.9309420898 43.8601701791 43.224534977 43.256915492 45.0879841195 44.1719333629 45.3969660484 44.4105089684 44.35033696 45.4063447519 45.0305872597
45.5284997858 43.4981883578 43.915308346 43.0060652924 45.633192808 45.0607357541 43.5963686959 43.5637096609 43.9916812176 44.8840208043 45.761301545 44.6002575143 44.4802231243 44.8942674587 45.2481418771 44.1893233397 44.7006256133 45.4854134294 43.8578850726 44.0753720192 45.5390060722 45.6069333188 44.4652429939 43.8454986705 43.9831831588 43.5867433011 43.920162659 43.9532681282 43.4262154753 44.8717474592 44.5798765004 43.8082097348 43.3374793905 45.6476115399 43.0527910272 43.7541941242 43.367843561 45.6670655304 44.338730514 45.1676302514 43.0485434098 44.2936567948 44.8078198285 44.747478053 44.9872161137 43.0451627821 44.8309722289 44.7203141657 43.0343066939 45.7980675773 43.6578780513 43.5127232742 43.3255569835 44.893097845 44.9378242467 44.1828684628 45.6435137349
43.7047796426 43.7254946771 43.1284517316 44.5384263644 43.6675215521 45.2775672868 44.589346689 43.0521802817 43.9872275756 43.9365123459 44.1768342868 43.758659077 43.2843504432 44.7586929903 43.7350334125 44.7215355158 45.4081932564 43.5138503939 44.6821787754 45.4607882477 44.3171483214 44.095428714 44.1494491556 43.8327267849 43.2499284398 44.9925237935 44.5545875365 45.5235412132 45.3578305428 45.5632347088 43.8573145233 44.5523609767 45.2957887768 45.1830818818 43.6596981075 45.6455824727 43.9163110601 43.347025555 44.5611656412 43.4125981657 43.2053636806 45.1537780096 44.5972556108 43.6963665938 45.2101739285 45.4232275162 43.7606990852 43.3248254843 45.128361102 44.3394438854 44.0654586503 45.6250172369 45.5094580162 43.4337994862 44.3956173131 45.0458067376 45.7978772324
63.3894019309 43.7919684679 43.1135030423 45.1210171121 44.3456514075 45.2387195138 43.9443161752 43.9620870206 44.6515620334 43.4789139964 43.9791032199 45.1256142704 45.0939315428 45.6438629616 44.4334364476 45.2080814891 44.5228517963 45.0570065604 45.0661203618 43.054050468 44.731519945 43.7612559586 43.0592034163 44.6427485402 43.8561174927 44.6181139786 43.3948741745 44.3335876879 45.0550007942 45.6348856228 43.4208482054 45.7325122761 43.3501729026 45.3369604282 43.081159905 43.4826552975 45.4416500405 45.3744134103 44.9969579949 45.1657458833 43.8957502093 43.9575757189 45.4681531827 45.3495324449 44.0301081025 43.4038921146 44.5588005577 44.5088879895 45.4886340341 44.4446221714 44.3887457389 45.5145910184 45.196923515 43.3533977751 44.5683589876 43.1735112119 43.6514137685
45.7903732159 43.9701967663 43.6241734418 44.5194880853 43.5124224216 45.6605641734 43.8241980018 43.5332736357 43.4138687304 44.7123919609 45.5130368084 45.1146219884 43.0897914873 59.5138629817 59.5138629817 43.7582531885 44.4656049713 43.6019389216 44.1515020478 44.9236596709 44.148893599 43.2086263725 44.115986998 43.705272498 43.3483528222 43.4101501889 43.5453168616 45.4069237653 44.5691108115 44.7714081337 45.3019023494 43.7648314031 43.9959423399 44.1193659422 43.399339768 44.0365648511 43.3340118254 44.6077937476 43.8020240797 45.5914273415 43.6794202055 44.0357807083 44.4922804637 45.1978890229 43.4776484055 44.4189243625 44.4975370135 43.7152364774 45.5523500591 43.7247807395 43.2247328644 43.248474837 44.1451214903 45.1409351128 44.4090445271 43.6309657249 44.2799519375
44.3985078035 44.6583892596 43.9703951896 44.5467413526 43.3548563238 45.0854865437 45.4114016332 44.5791254475 44.4958595707 43.2509365621 45.7908319049 44.9502213844 43.6657319522 59.5138629817 59.5138629817 44.4333484443 60.0095155767 45.6460088281 44.3674484006 45.4093281872 44.2550756038 44.734741347 45.0480033322 45.137080196 43.5659692257 43.7431173563 43.3542434783 43.6723158878 45.783069476 45.2013669149 45.2099704106 43.2373116928 45.0388398205 43.1390280703 43.8933594768 44.7016780359 45.1459342363 45.1686151819 45.4641277004 44.3384267658 45.5060093356 44.2723522314 45.1936493788 45.5418715374 43.3128904326 44.0781204759 43.1543217081 43.7521040526 43.1376507462 43.1138409057 44.7979671813 43.7497742166 44.9445906183 43.4239721888 43.768641493 45.7383241811 45.3945792428
44.5245260792 44.5551639541 45.7546027408 45.2279783653 43.9170332653 45.0826808975 45.2264580227 45.415541207 44.3235896111 43.2580919896 43.263135488 43.1228395913 45.7379192848 45.7365550777 43.9515489968 44.7439762041 45.6591289593 44.7828692167 43.4730088075 43.9509321743 44.1461367257 44.031706957 45.1128481149 45.0968127317 44.5839169223 44.2279226039 43.511727969 45.7488597306 45.5014868244 44.1104245639 43.039584366 44.6318314619 44.314385497 44.6953251853 45.6240534625 43.281890456 43.1094329025 44.0511663392 43.630454663 43.6501147575 45.0753649154 43.5871644485 45.6731351254 45.0951961185 43.6738359729 43.8194891745 44.4149439105 44.8401690904 43.7101813932 45.100417821 44.6265298439 43.2135390096 44.2772642324 44.0426473093 44.1344692512 44.5643393097 44.2411553374
44.7231278108 45.3169960679 44.5399107211 44.0810003996 45.608715384 44.8942012789 44.4148832819 44.8744649436 44.1105454968 43.7390314504 44.1987219013 44.8262924827 45.1196359712 45.2788082252 44.5097658282 43.9309133689 45.513935019 44.3146573443 43.1020793335 45.6127122602 45.2797496642 44.3856038229 44.7202877837 44.725113148 43.606900327 45.3408291544 44.8797294808 43.3744597942 44.6533944606 44.1465449237 44.3581048716 43.5880038982 44.6512428234 45.0203167844 44.6161946947 45.063590392 45.1021430746 44.1141733809 44.2452817825 44.5914443365 43.9769728333 44.2583903341 43.6141673159 43.4311253272 44.0252011021 45.7742719725 44.1254079859 45.6895962 43.4712158861 43.0982198496 43.1869842838 43.3807200908 43.2704726302 45.153215702 43.3061953498 43.2692468986 44.6091478053
44.0843943765 43.4614914714 45.6012970024 44.7265010015 43.1308583317 43.3062391352 43.229835202 44.171859824 43.2017886073 45.8218347409 43.6693268715 43.8592592659 45.7363617672 43.5001131046 45.7025281553 43.8868153895 43.5505797987 44.3974054784 43.3038486649 43.5430999262 45.5704458836 43.5191969192 43.6781761198 44.1698417026 43.869161396 44.7571381643 44.0947707247 43.095535533 43.1293222574 43.3966594362 43.4967905716 43.651748116 43.8806845977 43.3883840713 44.827260575 43.2786360051 43.9485675996 44.0413406554 44.0984759942 43.9054891356 45.3858850768 44.2655531907 44.0230640943 44.1338791616 44.060425376 45.4965485001 45.5819745368 43.8859965914 43.6769004524 44.9987722714 44.260291485 45.5471937581 43.4475006165 45.647547117 43.7267854633 43.7473483303 45.670019049
45.0804303285 44.7654614652 44.208156954 45.0577757114 44.3767571244 44.6627101083 45.7589628573 43.1586000193 44.6395357788 45.1785238487 44.9623553165 44.9737973307 43.7621746265 45.424842272 45.0403528809 44.7570470601 43.6723455795 45.3865149526 45.1807199176 43.3755392895 45.303165596 43.9880205181 43.3814171642 45.0424283972 43.8287052172 45.8173120112 43.7458553848 44.3823350865 45.2063630212 43.6106313862 44.0788356134 43.5096587259 45.3319910899 44.3576639556 45.4949142153 44.1371865841 45.5712200662 45.4538708415 44.6656635227 43.3430950747 43.2301721051 44.0995202187 45.2092606922 44.4937739785 44.1895907459 45.5644492373 44.7864468197 44.4465641041 44.7676942655 43.6148349776 43.7394588231 44.1787828845 43.4542351594 44.3015460272 44.2193136834 43.0688433137 45.4111752133
44.2995396965 43.8742273019 45.6687560552 43.9974945298 43.6921181265 44.8529979874 44.3311449872 43.481185837 43.2119334429 43.9154839872 44.3809952949 43.9004551632 43.5866929633 58.8819435447 67.444957602 67.444957602 45.7915291407 44.0497433969 44.5275954389 43.3139533106 43.3086724819 43.2403987543 45.1641173139 44.8397848073 45.1231043432 43.1428147588 44.4275750667 43.9477236865 44.3097311908 44.8054796501 43.6988429703 43.531282319 45.5948305341 43.1202124928 45.3985495522 45.6708138749 43.8516649803 43.193871365 45.3381979845 45.4139856502 45.2001221068 44.8598762311 45.1000993651 45.5498989673 43.6154885462 45.2083899728 44.9315183853 44.8377431544 43.5532976762 43.563413814 43.0255552637 44.3849185912 43.3702590985 44.9385033627 43.3442873757 44.5605863778 44.9815255
45.8227024278 45.5958114438 45.1220272153 45.1614811401 45.7946847146 45.6091514762 43.2009221963 43.4854622062 44.3556924569 45.797093756 44.7223870908 67.5983247024 45.2893981411 58.8819435447 58.8819435447 67.444957602 43.7715428116 44.1682919274 45.3068637348 44.63915371 44.6877089668 45.5927061628 45.5801619872 43.7196575862 44.4740218024 43.8509438294 45.2326637723 44.8483048749 44.200515449 44.7974038793 44.1551948171 45.0478056266 45.018537617 45.8243788018 44.8999324557 45.1012052536 44.3130225583 45.6663705559 44.0743197905 43.250029064 43.1106770182 45.7828591426 43.1643005341 45.4038711538 43.3538285622 43.5671811872 44.7187746761 45.3633186373 45.701982128 43.0397248725 43.49220289 43.0893892938 43.9383512848 45.1835649813 44.6042571387 45.7832717471 44.2103990664
