Spatial_Output/DEC/DEC_0297.asc
NCOLS 155
NROWS 192
XLLCORNER 196307.867259
YLLCORNER 449144.565805
CELLSIZE 33.573938
NODATA_VALUE NaN
[rows 130 to 155 of 192, columns 57 to 113 of 155]
44.6294365898 45.143545788 44.6545901211 44.5266098937 44.7862488232 44.9619164225 45.1631387902 44.9350664055 44.8822694803 45.0772858046 44.8864441402 44.6623719733 44.6886630022 44.5808750119 45.029660529 44.9959191881 44.5726158071 44.8803911985 45.0899567616 44.6004270845 44.6808687451 44.9201097931 44.7909306311 45.2002206521 45.0659746995 45.0091422618 44.5811660164 45.140787908 44.9083706817 44.9498659115 45.1858134017 44.8913113749 45.094338093 44.6209543593 44.949533954 44.6925205188 44.6535704086 44.509244797 44.8211954255 44.7343886348 44.6938097809 44.6025362339 45.0191403563 44.7381754001 45.1508503993 44.7297997372 44.633412399 44.8492878052 44.9077078671 44.7422922087 44.9250752392 44.9554380247 44.9716506802 44.5762669134 44.5842885772 44.658403564 44.6643188859
45.1071211798 44.855933148 44.6106656504 44.9546224101 44.8575237058 44.7575745269 45.0910711653 44.800353473 45.0747441567 45.1495343329 44.6895751563 45.1908650891 44.5088647662 45.1138719081 44.5449878032 44.8749484202 44.9486958901 44.7507106306 44.8231744076 44.6324971605 44.6571936961 45.1168762734 45.0098378003 44.5816839722 44.831191428 44.8944545834 45.0336046027 44.6076321702 44.7831876701 44.6560072071 45.1958983814 44.816541883 44.6706666629 45.0341463902 44.6893002566 44.7864847436 44.5871273962 45.1824526511 45.0700552842 44.7949202012 44.5123292409 44.8511331206 44.6715448604 44.8644692273 44.6784934459 44.9984316763 44.6912346472 44.8235262654 44.8529973225 44.8480642073 44.7557596352 44.9806869827 45.1020889791 45.1540523922 44.5505836225 45.1426328397 44.8676212761
45.071371969 44.6309346032 44.8324951914 44.7882308245 44.820094735 44.5860310968 44.5100829927 44.8216575999 44.986516944 44.5969104805 44.7847169739 45.0413002162 45.1451047906 44.8433568074 45.0803220507 44.9649868595 44.6290075054 44.8341696847 44.9811590128 44.7990454234 44.9167487631 44.9855655393 44.6571261007 44.7735455889 45.1193031295 44.9820426581 44.8957108199 44.6886269075 44.9311294583 44.6404245018 44.9502011422 44.9339070369 45.1475158511 45.1322769219 44.9782330234 44.6089167511 45.1641373595 44.5537115549 44.5241104752 44.880277408 44.6235627463 44.9995591986 44.5307636121 44.6171127442 45.0005039386 44.5167486471 44.7170172468 44.833985307 44.9147386947 45.1288853709 45.0114634437 44.9308260271 45.0152113825 44.6106962994 44.8648935933 44.6514471425 44.7089282397
44.9852884186 44.9501301045 44.7716480255 44.9354754951 44.7769473248 44.6713274096 44.5511755433 44.5930007453 45.008730635 44.7393127537 44.8023874852 44.7442542018 44.5043075655 44.5586954777 44.6238413143 45.0477451376 45.1069701756 44.7641995969 44.8675104464 44.8183865976 44.6958059763 44.7294345437 44.8550182722 44.8034336742 44.775955337 44.9071300369 45.0979752082 45.0087537942 44.7471746114 45.082897129 44.8929153466 45.1999856606 45.0928432127 45.0696142927 44.6153806632 44.6821071707 45.0950931388 44.8409324305 44.8059875284 45.0513687969 44.6583708936 45.1655412299 44.5210467126 44.6432439477 45.0848854854 44.5255272555 44.6463899568 45.0551943081 44.8985445264 44.9032613479 44.9407283508 44.9120297199 44.7445694873 44.9999216495 44.5478765328 44.5400907981 44.5105845594
45.0978217859 44.7289234683 45.1534848627 44.6062926183 45.1772873638 45.1956547239 45.1207524984 44.6918114304 44.5413399778 45.0685849902 44.9998749391 44.9309547688 44.6335668666 44.5069901267 44.8195634616 45.0339688191 45.1396537574 45.1815685232 44.6710564077 45.118376503 44.8015028878 44.9829652283 44.9101281894 45.1708344413 45.0787911447 45.1657337509 44.682961304 44.8723637207 44.9945674158 45.0339900439 45.1605080648 44.6644953202 44.8344072183 45.2051935268 44.6676577414 44.9889664572 45.186235897 44.9766059207 44.5896473362 45.1687705452 45.1689183892 44.9521493461 44.8942139309 44.9279132202 45.1184494003 44.9378995544 44.5175745676 45.0264233625 45.1284390706 44.6132324783 44.517513006 44.6313579735 44.9235587837 44.5816742083 44.949492086 45.0221898786 44.5553843606
44.9747043103 44.5434475658 44.8602562324 44.5913729948 44.7736010213 45.1433109844 44.8765111194 45.1528467867 45.015771937 44.5967641286 45.0763250199 44.9369669498 44.5335940326 44.8080674365 45.0966578224 44.8276080087 44.8425132337 44.7440714209 44.5130612608 44.5908015987 45.0438401953 45.0251625672 44.7621664867 44.5225594868 45.0930932117 44.514917361 45.163415651 44.7353351574 44.7471680082 44.6867883842 45.0726052909 44.7213235832 44.7146384752 45.0714742669 44.9565819563 44.8883640174 44.9886644067 44.5748570252 44.8552112721 44.9700326559 44.8798475805 45.1005440009 44.7517047179 44.9067326973 45.1403834459 44.9232706938 45.0860811689 44.9224579146 44.7478995371 44.6296979697 44.5782157638 44.6147806915 44.5472423706 44.5255181393 44.7171006441 45.1523377305 44.992671858
45.0933314166 44.8695072196 44.5689895122 44.6111820092 44.9017587854 44.6367369497 44.594643067 45.062770724 45.150693467 44.9596254067 44.5410181732 45.1970066191 45.159873246 44.6137474395 45.0902729843 44.7277078115 44.9321158164 44.5794233601 44.6130509151 45.0084249037 44.9631221503 44.9935499661 44.8664800055 44.9053984013 44.8840939575 44.7877585352 44.7316819692 44.5254944964 44.9567512046 44.8664325686 44.7722895059 45.1132937486 44.870040004 44.6577682905 44.5557325439 45.1224239027 44.8445808902 44.6600499011 45.0315294243 44.596429857 44.5172476516 44.5732689187 44.5118388111 44.6795005307 45.0924559745 44.8743337763 45.1274476148 44.8913554383 45.1933731772 45.1711106025 44.9212692937 44.8052816666 45.0478491457 44.6501259 44.9693666951 45.0742015224 45.0716665726
45.0689480908 44.7568749371 44.9163283953 45.1953886304 44.5849236009 45.0188726403 44.9923694885 44.9490214647 45.0370915391 44.8281903963 44.6165401107 44.805487339 44.8839321071 44.6072907175 45.1776150922 44.7914230039 44.5308590157 44.9823957376 44.5386510744 45.1557170217 44.6924576587 45.1437773319 44.6170896661 45.1798964747 44.8996309493 45.124358552 44.9830375862 44.730201285 44.7319525143 44.9851964785 44.6687298315 44.9466792912 44.8007915605 44.5688057687 44.6974930234 44.6954696756 45.0607203181 44.5780404993 44.8148507276 44.5077813834 44.7857816015 45.0243785357 44.7411872771 44.7150779753 44.9374850454 44.6997245982 44.7566207152 45.1288617454 44.6056588777 45.1624247587 44.6044345309 44.5140863948 44.5588941578 44.5205319893 45.0394890406 44.6111029982 44.5424729774
44.822943096 44.9722840849 44.7140264466 44.7070167316 44.7300855329 45.0424177242 45.1412980633 44.721542032 44.6095230934 44.6160714297 44.6860388574 45.0916388395 44.651456581 45.10100776 44.6501709175 44.8818947524 44.6446861771 45.1009799357 45.0510758223 45.1755160361 44.9953655463 45.1097627747 44.7706779884 45.1409920742 44.8930579152 44.5067103424 44.5676053424 44.8594675366 44.6492666304 44.5665595784 45.1505955128 45.1993337578 44.9477435811 44.507427899 44.7872495242 44.7431048831 44.9395536832 45.1536440421 44.8182225752 44.7544531139 44.5938634716 44.9626231768 44.6812757733 45.0528571426 44.7131620889 44.969372979 45.1190211861 45.1499648843 44.7562383426 44.9792402233 45.1786778369 45.1839454786 45.1908647474 44.7881104877 44.6216348067 45.1184278593 45.066370189
44.6882337589 44.5961415498 45.076816851 44.8408954536 44.8963717447 44.5506219896 44.72985883 44.7803468253 44.9153921907 44.8608527272 44.8960533752 44.9265776537 44.9907506841 44.9835626051 44.6074159958 44.7327993811 44.6178627092 44.6179382066 44.6483028832 44.812509676 44.7866307422 44.5299743637 44.6749540977 44.9819171338 44.7735893038 44.7776051571 45.0874426499 44.6257639865 44.7052788242 44.674398892 44.6461153312 45.1031364561 45.1531742352 44.9527555617 44.7246171895 45.00519977 44.7750680402 44.884706556 44.7238535119 45.0113664785 45.1216369704 45.0758933072 44.8724654438 45.0265848874 45.0490468529 44.501959459 45.0404312181 44.876844094 44.9635806867 45.1945802944 44.5125367747 44.5209738666 44.962111787 44.6645676983 44.8101316275 45.0990966083 44.7166770672
44.6711482248 45.0703297071 45.1297011897 44.5831519823 44.6573316688 45.1664049579 44.753998561 44.7817207619 45.1585028406 44.6135828352 45.1041549387 44.938904561 44.7458463173 44.931669007 44.680208281 45.0331979095 44.5182891434 45.1073328209 44.5829790745 44.7915181952 44.6902473479 44.7242630764 44.7249628544 44.8681978852 44.5376524178 44.5212397201 44.7960639579 44.5269411525 44.6979556172 44.5848603833 44.94802965 44.9319549279 44.8943809194 44.7635239867 45.1729242832 44.7668650645 44.6693647932 44.7167112946 44.8888587562 44.9217298705 44.5103138784 44.7951000602 44.8379113851 44.9246936946 44.941092404 44.663055191 44.5885855799 44.6903498997 44.9759327402 44.7444002427 44.6393510534 44.8675555055 44.9121351632 44.7257879641 44.850100491 44.8742827692 44.5650837174
45.0148928759 45.1998890696 44.8403651487 44.666722064 44.889404214 44.5368406286 45.0889818 45.1762612095 45.0896462639 45.205349712 45.1116868454 45.0074615611 44.6470156843 44.8593310378 44.9873614118 44.8457933691 44.7545641255 45.0418601206 45.0272683867 44.7124599999 45.175092852 44.8436418197 44.8858067655 44.6913066176 45.0375751678 44.5306751556 44.8009433517 45.116645446 44.6198797268 45.0247559101 45.0010263797 44.795805451 44.8880303641 44.7860217941 45.0391635906 45.1230801751 45.1124388244 44.7312071689 44.524070313 44.5630807837 45.000193205 44.6644508641 45.1275795763 44.8531023231 44.5786979072 44.5237760338 45.0986800547 44.952975115 45.0331687594 45.1643419848 45.0086461814 45.2050446793 44.6221108344 45.0309303332 45.0392018275 44.9019764739 44.6112848927
44.6092363595 44.7457283934 45.0394644816 44.7129996959 44.828726668 44.6965243138 45.0948880151 44.6635237312 44.8395708294 44.9631733331 44.9040945684 44.6459844575 44.6165844307 44.8320615386 44.5678885323 45.1032568808 45.0077304379 45.0431391748 44.9217308378 45.1059947004 45.0839765742 45.1385257663 44.7850522288 45.0019937447 44.8591065474 44.9566479739 44.8798310501 44.5243125572 44.7575444685 44.6943454209 45.1784541185 44.5322374426 44.8403284524 44.5236255897 44.7883820198 44.8633132672 44.8293650854 44.9802934565 45.1146953177 45.0314241687 45.1681990035 44.8408966854 44.6367522528 44.6374848646 44.9359669439 45.167199794 44.7369428229 44.9543980762 44.6840860191 44.8055988487 45.1548411132 44.5244970435 44.8883491654 45.0915312781 44.8117413258 45.1176221477 45.1857102796
44.9462527953 44.7076855027 44.5632508469 44.7486776679 44.8140527119 44.6433889617 44.9993869389 44.523994679 44.7303125426 45.1381331635 44.7173331696 45.055715869 44.835927036 44.7028563683 44.8082169824 45.005926472 44.6044323678 44.5009738983 45.0554558709 44.6835215662 44.969448921 44.9306959363 44.7869159275 44.9725617462 45.134436883 44.9537610953 44.711550998 44.6096061013 44.6360950366 44.610746192 44.5790444694 44.63158218 44.9726073108 44.5753120564 44.8898574875 44.5295435847 44.7522591818 44.8083109883 44.5715571892 45.0915742162 44.9302765234 44.6776911622 45.0144584439 45.1839318162 44.971495785 45.0909699309 44.8386512452 44.560259475 44.9108581081 44.7526161091 44.5192255616 44.9273214585 45.022926429 44.6501853303 44.5745495177 44.7280095428 44.6113219633
45.1353823201 44.8379144063 44.5347833313 45.135116982 44.5501423151 45.204014131 44.6349869305 44.7849446174 45.1891746997 44.9972482095 44.5460044762 45.1092134017 44.6271654445 44.7568494476 44.7140681917 45.0550702891 45.178508936 44.6095939016 45.0451927104 44.6956238276 45.0131427496 44.9336099569 45.0755985757 44.7134533592 44.9226485444 44.6966056481 44.9263509926 44.832454592 44.8382497535 45.0849161144 45.1730984338 45.0616503632 45.0318190672 44.9451610249 45.1777315878 44.7819912427 44.9216319849 44.814981137 45.0387824696 45.1729435611 44.7995214949 45.1659714341 44.9413087035 44.9132690065 44.8670454354 44.681398289 45.1086033232 45.2032399004 45.0601421216 45.1702128158 45.1350586221 44.6041008644 44.8343704107 45.1519574639 45.0040922089 44.9455255007 44.5139889585
44.6639471081 44.785023566 45.08821958 44.9379115752 45.1117683167 45.2018293096 44.6477860195 44.7432834415 44.9108631569 44.7160720647 44.5578487085 44.9082238106 45.0423158744 44.5048280797 44.6682254037 44.6411545983 44.7071292506 45.0534456836 45.0107329588 44.9611865659 44.5958764058 44.9440701357 44.8411221186 44.7850944207 44.5244312736 44.9253528446 44.7832630476 44.5403207567 44.6554751575 44.6695870433 44.7847830202 44.6176740401 44.8995990292 44.8099622748 44.8000222219 44.5630669423 44.7150053073 45.0193720775 44.687355462 44.5058458818 44.7268565141 45.1711201457 45.0358462653 45.1363650492 44.8144382926 45.0740504542 45.0338388234 45.1705649739 45.029762429 44.8279066833 44.5795202231 44.8128457849 44.9239317477 44.6328210033 44.5404991905 44.5769815187 45.0946438151
45.0403966453 44.5831889039 45.1912910632 45.0338191415 44.8855155599 44.9843125477 45.0578676704 44.7299547658 45.1067121888 45.0240112626 45.1516494987 44.9772015256 45.1450652411 45.0872949304 44.7098932623 44.5232688396 44.7970966107 45.1867775577 44.8063266158 44.5401089416 44.6189806063 45.1288700152 44.7524214184 44.5679450982 45.0097252815 45.0398249164 44.8916722289 44.7269554316 44.5710444298 44.8124684666 44.7828780841 44.5810729439 45.1318645923 44.7708924648 44.6736398586 44.7596167195 45.1418571292 44.8970201553 45.0206303683 45.1136098791 44.5868336683 44.9668109939 44.6114180195 44.7760094768 44.8528713663 44.6970563589 45.0641042867 45.016855842 45.1894674688 45.0925626256 45.0746779894 44.8614549288 44.7017961967 44.6817437445 44.7222063871 45.1725948804 44.979226921
44.9286079047 44.6351318851 44.6946727978 44.6699617456 44.6762940984 45.1052500327 44.7673080165 44.7394786773 44.8972616172 45.0002154874 45.1176334167 45.0553244325 45.1427815977 44.9437242663 44.9996472442 44.8756504732 44.9514937639 44.7096528325 45.1728559648 44.5362572409 44.7348233527 44.7345150167 45.0210553081 44.8564899429 44.9511743714 45.1453030167 44.6887863319 44.5077015193 44.5930027341 44.5507350812 44.7207125749 44.5833284356 44.6536906609 45.164202546 45.1088312467 44.7071495532 45.1421591394 45.0335881451 45.0998618555 44.9175302758 44.9436442378 44.8982386951 44.8319234432 44.8424241296 44.5974700243 45.1954586468 45.1248759681 44.9966399367 44.8152690655 45.0697590478 44.5155230657 44.9132602008 45.1008490777 45.0678198904 44.7314797206 44.8673342842 44.5409695281
45.1865715649 44.636809249 44.6853770542 44.5923285691 44.806760377 44.9390319769 44.6849707619 44.7534866589 44.8204395394 45.1474622707 44.5683961167 44.9335210729 44.5046944484 44.8073153244 44.8173903934 44.5338448819 45.0838424616 45.076011317 44.7357991406 44.6440903887 44.5086109358 45.1585581347 45.143683401 44.7571180715 45.1713902112 44.6978078206 44.6222174317 44.5107447882 45.2024701596 44.8589070763 45.2036914534 44.9202684785 44.9663928497 44.880908283 44.7747059848 44.7861799106 44.8926283546 44.6461868684 45.0215831655 44.9341132375 44.7256063056 45.1672697754 44.9532399511 44.6927349803 45.0284724835 44.9547484615 44.5702366298 44.6541776923 44.5627047948 44.7711598864 45.1194134098 45.0130499689 44.787448217 44.5017799123 44.8345484559 44.8465327537 44.8219133469
44.9858462248 44.9507944164 45.1989506395 45.0346284854 44.9321229368 45.2025526784 44.9064916117 44.7692499818 44.600704963 44.7991637547 44.6254004749 44.6156659417 44.5485343163 44.6207222301 44.7597053003 44.7510777111 44.7130806499 44.9946365398 44.706997778 45.1310819278 44.8195201644 44.8439870262 44.7300591678 44.7409836477 44.9216994902 44.9658093649 45.0767940119 44.5779673564 44.5485058687 44.5214061382 44.9925517209 44.7420212081 44.9272971614 44.9358048121 45.1808587876 44.5727052092 44.6029730482 44.6028290361 44.9596054144 44.5499208366 44.936850391 44.8113659754 44.649362826 44.7708528684 44.650033891 45.1768528612 44.9973327505 44.8255735876 44.9207755394 45.0036269515 45.0549412507 44.668073426 44.537448676 45.0386764006 45.1929178073 44.7354784458 44.5019077667
44.5342833384 44.9030280907 44.9644571028 44.6879915999 44.6898320043 44.8867146654 44.5005989845 44.9963731361 79.1214650876 71.3710121538 73.2653889709 44.5583863715 44.9971727426 44.5853053333 45.1274569499 45.0778576343 45.1556008025 44.5670834584 45.1432882298 44.829055942 45.0592714913 44.7284945435 44.6109199703 44.6734375361 44.874548425 45.059468162 44.8158946246 44.8377042933 45.0704121458 44.7181826011 44.7557237594 44.6012970315 44.8966276415 44.9947787756 44.6095417962 44.5868668555 44.7765607999 44.9212172568 44.8330918864 45.0471715152 44.5025894889 45.0045994832 45.1502707789 44.9697410757 45.0472392169 44.5862391974 44.8928070961 44.8623061921 44.9136585324 44.706123925 45.0397540999 45.0394243531 44.5632751923 44.6339001485 44.8844842963 44.8773600325 45.2028441374
0 45.0846444173 45.1926802006 44.6831446111 44.7241410856 44.8495646051 44.9001483986 45.0495327282 77.4206434191 82.8574484416 78.215912888 45.152582278 44.6952972992 44.7125012117 44.8333848108 45.1153014109 44.9646472378 45.1196148588 44.8564411647 45.1237352064 44.7027971809 45.1221392973 44.5061201892 45.0478272228 44.6824912329 45.1503465615 44.7254047971 45.1171926648 44.5605045597 44.6711246438 44.9973860488 45.0155713468 44.7134931083 45.1026896807 45.0747708133 44.9597194931 44.7486813516 45.1425343081 44.8945601799 44.7857257163 44.5222407321 44.7255701488 44.9371824735 45.0729768484 44.6083680303 45.1632008732 44.7966603301 45.013966825 44.9670521355 45.0271726632 45.1861096839 44.733358395 44.9948134051 44.7433389283 45.2032725515 45.1785882055 44.8747863135
0 0 0 0 44.8947789487 45.074903754 44.6036658712 44.6321865109 71.8411828967 85.7354170251 74.2316696459 45.0160403309 45.0177614525 44.9180950677 44.8559542581 44.7898113145 44.845388068 44.6678084474 44.6412331142 44.991080819 44.71531773 45.0043580222 44.909400735 44.8353672174 45.0027668032 44.9154652271 44.7613370292 44.591967774 45.0595355923 45.0187960473 44.7547629278 45.173088762 44.6387507662 44.8501219025 44.5171659328 44.6105122236 44.5898855125 44.6163525966 44.5684549887 44.7016906915 44.5013311249 44.8978012462 44.6444567241 45.0794237396 44.9027496514 44.6448613538 44.9063620038 44.7487912318 44.6632813804 44.7067888836 44.8620034562 44.5521340407 44.9469907992 44.8829292928 45.1736918094 45.1969780384 45.0283046917
0 0 0 0 0 0 44.9030154668 44.7712806192 45.2021723672 44.9402834715 45.0624974423 45.1189421151 44.8430970716 44.6406152755 45.0822014041 44.7184434806 44.5522794972 44.7583680531 44.8124525707 44.6524877962 45.001582708 44.5396430237 44.6324276269 45.1798391744 44.8311059748 45.1340892464 45.173738524 45.0742090954 44.8230261754 44.8419273732 45.1047921041 45.1114267188 45.1795298785 44.7053739234 45.1306509677 44.7308219631 44.9398285804 44.5976842801 44.859036226 44.5087330859 45.1526954886 44.7850607223 44.5485256477 44.9706092955 45.1432953755 44.8421359094 44.6964441471 44.5658135622 44.6723559395 45.194851803 44.5023789617 44.9505020917 44.6170580449 44.7224116995 45.1669363929 45.0031030291 44.7594184044
0 0 0 0 0 0 0 0 0 44.9891746154 44.9008720216 44.7967078993 45.1506367375 44.8251874873 0 0 44.5883980739 44.5235950955 44.9820443947 44.7295806139 45.1388596534 44.7930325061 44.6019028233 44.8208366572 45.0396974178 45.2029233341 45.0697843189 44.6527524379 44.7878273436 44.6002486429 44.7227841832 45.1439003853 44.7941861902 44.9436737303 44.5767704138 44.7272404844 44.9214700238 44.6927537415 45.0734555864 44.8643583269 44.8345306264 44.7283187974 44.7610491565 44.6967297471 45.0420729715 45.135266819 44.8255787051 44.7597231297 44.7229417512 44.6635375853 44.5261991035 44.8669269777 45.0682030223 45.0911684814 45.0675498164 45.0212937037 45.0420248105
0 0 0 0 0 0 0 0 0 0 0 0 0 0 0 0 44.7355431501 44.965934955 45.0992397466 45.0020158238 45.1682774451 44.6765039255 44.7317302526 44.6260032869 44.6965998122 44.5364536378 45.1491590332 44.6393794352 45.01765467 44.979976386 44.6082143384 45.0168256606 44.8676605119 45.0143655279 44.598433113 44.9479204984 44.878465447 44.6369419927 44.6967797659 44.5825130709 44.6291475849 45.0762088378 45.1537346447 44.7386613862 44.7294449847 44.7830436077 45.0337030485 44.8596066099 45.1245240414 44.537645584 45.1678301991 44.8029434974 44.9363900449 44.9911989529 44.9513650335 44.519040429 44.9259984553
