Spatial_Output/DEC/DEC_0141.asc
NCOLS 155
NROWS 192
XLLCORNER 196307.867259
YLLCORNER 449144.565805
CELLSIZE 33.573938
NODATA_VALUE NaN
[rows 104 to 129 of 192, columns 57 to 113 of 155]
45.1699050323 45.0581880042 45.0218064079 45.0872247561 44.8651158832 44.6743681421 45.0618212135 45.119453554 44.5223026553 44.705779049 44.6244119601 45.0357756929 44.9952783523 45.1959240783 44.7791830937 44.7481299498 44.6187331843 44.6276243531 44.5299395692 44.6342188158 45.2050806755 45.1911474664 44.8583043079 44.7862394961 45.0955508095 44.9760803125 44.8224932559 44.7381841395 45.1915266697 44.96103541 44.6882154982 45.1675912764 44.9080716946 44.6989743456 45.2048373987 44.8015441391 44.9487552202 45.1300600322 44.7666335105 44.9223747641 45.0361560537 44.9339560975 44.915250385 44.5395941465 45.0785390968 45.1099285281 44.5963990326 44.670735075 44.9164441066 44.5300653048 45.052417052 44.9232578852 44.5749966501 44.611389715 44.6759204223 45.0258346085 44.9111426408
44.5422004876 44.5496907374 44.6881494197 44.8833373568 45.0295864575 44.9233645687 44.745167759 45.1939366494 44.9065487095 44.5585603392 45.0066012061 44.6901688636 44.5262217246 44.834060831 45.1669959632 44.7783800764 44.6969358409 45.0804242519 44.7391200726 44.5756701167 45.1359759211 44.8581618075 44.6654202117 44.5318018516 45.1655405108 44.8071597652 44.621459598 45.1861099727 45.1509608063 44.6546610266 44.8166639547 45.0396073388 44.6672742784 44.6349135666 44.7287981115 44.5762689421 44.5404388708 44.8189271479 44.8151712425 45.2006959354 45.0231196653 44.6522362731 45.0023299529 45.1005854965 44.8559406671 45.1424944796 44.5040969039 45.0504624251 44.9712166289 44.7116872379 44.7533081993 44.7613797798 44.6788904531 44.5623879934 44.9955567408 45.1049468549 45.1563678515
44.5253182853 45.0111381911 45.1283191258 44.6205576947 44.6330076136 45.1725013178 44.746328814 44.5298502899 45.0919738376 44.802642393 44.5149195722 45.1565534914 45.0197042675 45.1924022328 44.6779788128 45.0945540138 44.6675741265 45.0989178598 44.9679569067 45.0359231631 45.1381748679 45.1925312487 44.51398759 44.5164532195 44.5809404803 44.8585620505 44.9222909078 44.514238765 45.1198501682 45.0930138211 45.1180828936 44.9717531229 44.6035252718 44.7021978189 45.1640944308 45.0029954738 44.6982894147 44.5307461202 45.116306576 45.1766407419 44.5082093487 44.7577381201 44.5326066885 44.7151107699 44.8163590622 44.9686962387 44.669737299 45.1493890492 44.6651989189 44.5824475462 44.6859467341 44.7709129596 45.0170734458 44.8103446409 44.5190181794 44.9537009161 45.174646469
44.5668386737 44.8533867769 44.9745356128 45.1513696468 45.0205217722 44.6597266372 44.9782890682 44.6450472163 45.0343587573 44.9819430347 44.9783859102 45.0637520094 44.9285419864 44.5056916843 44.9311182749 45.0137307255 44.5291860953 45.1302277974 45.0645414443 44.864014073 44.9739963198 45.2061791796 44.8448341487 44.5998871315 45.0664129113 45.0443084516 45.0952901995 44.9316923251 44.5078834209 44.7070130346 45.1390666063 44.9820716802 44.8909088647 44.7843480929 44.916427131 44.6103926726 44.8327224348 44.6555855083 44.5057476892 45.1232635463 44.7377205784 45.190368886 44.8644975074 45.1718670427 44.6644323821 45.115283539 45.0928303591 45.0104506802 44.5188467902 44.9619406121 44.6456870792 44.592638362 45.1629175458 44.9239571714 44.8621803683 44.6322367629 44.9640607046
45.199502577 44.9358611258 44.7141238472 44.6327721433 44.6917725855 45.0553907473 45.1864951361 44.6240062342 44.8204606765 44.6008034158 44.5230707491 45.1544144136 44.6702388164 44.6878571337 45.1847550958 44.8656953867 44.8599958185 45.1177548168 44.8720973952 44.7023471487 44.6660890237 45.1569019748 45.0405909205 44.645856994 44.9477841175 44.7380505968 45.1550121893 44.8240602808 44.9951828185 44.6783859867 45.1248018388 44.6984576579 44.6141900446 44.7315705579 44.806313677 45.1773352471 44.8797082772 44.7650292615 44.7957012293 44.6602715765 44.7057881304 44.9301677887 45.1293285078 44.6288956954 45.1581566938 45.0061337266 45.0799356329 45.0816448039 44.6037167731 45.1133480514 45.1905760636 44.7145957798 44.5324271913 44.7989025074 44.8881417894 44.6773974987 45.0698207189
45.0699018295 45.1164511627 44.846814835 44.6665469671 44.7611955068 44.6739355887 44.9656392125 44.7561586034 44.921129373 44.8474610414 44.8221788102 44.5168258141 44.6650818774 44.661429117 44.8883175805 44.8346797473 44.8523183128 45.1091367673 45.1705603929 45.1084017195 45.0320524778 44.7555960387 44.736600199 44.9402003327 44.8645408104 44.926150858 44.8314651481 44.8384924038 44.7243855981 44.551137379 44.772113038 44.6027728148 44.9900033685 44.7453893291 44.6842565393 44.8278966642 44.5528049511 44.9738705554 44.7659111891 44.7419492544 44.6466808959 44.8493116821 44.5311409273 44.639401107 44.6091523247 44.5218910137 45.1800573032 44.9433583628 45.1259303299 45.1393647553 45.0036168011 44.9845163773 44.6029382549 45.0241084631 45.0761909828 44.8404769009 44.5814652748
44.6739176221 44.9339469235 44.5215127777 44.7147239739 45.1394242765 44.5182298966 44.7917547255 86.0905387305 44.987725058 44.5961099356 44.6268715522 45.1091235848 45.1852033736 44.5947797907 44.7617726323 45.0822868342 44.7059380647 44.9748682668 45.1547155626 44.7629970532 45.0247726525 44.7061829737 44.9147793576 45.1641509117 44.8728342518 44.6396462914 44.8422350191 44.8175782147 45.2033728539 45.0033204095 45.1414173549 44.8281020912 44.540129618 45.0759307949 44.9188356185 44.7121798014 44.9940822254 45.0728954257 44.5006497284 44.9907771373 45.0600927928 44.642498888 44.5745302624 44.6441554628 44.7253360723 44.5556116987 44.5660020933 44.9364777956 44.6362736305 45.0692474248 44.6727767741 45.0513186736 44.6778886662 44.5521960371 44.9958047318 44.6393008718 44.6329143351
45.1805610508 44.6914735692 44.6722229538 45.1089619291 44.712999214 45.1471459084 44.589512596 86.0905387305 86.0905387305 44.9519944727 45.0356216993 44.8446215283 45.059417957 44.5938097456 44.774712075 44.8109699973 44.5379790493 44.9118770787 45.0087736438 44.7729791054 44.806657032 45.1298369532 44.8403482804 44.5845513988 44.5153391575 45.1269778653 44.9705800605 44.518544875 44.8498776263 45.16656491 44.5876468529 44.7626631808 44.8924712384 45.128330122 44.8941583555 44.6329223654 45.1311974999 45.0124216399 44.7399360549 44.6577180406 44.5328390283 44.8812384041 45.0601009329 44.9327938392 45.123435733 44.7334802079 44.630313381 45.1364802757 44.835329457 45.1740043412 44.718775792 44.9387238432 44.8276463695 44.6587323449 44.7634259263 44.7830423323 44.7849050314
44.9444923698 44.9276891855 45.0506599756 44.6822270878 44.8676108353 44.7534359715 44.9036374111 86.0905387305 86.0905387305 44.9525448718 44.7885769082 44.9450115723 44.97405694 45.0692128777 44.6356071726 44.5899380202 44.7201024308 44.8457283552 44.5289186743 45.0659843909 44.7406649114 44.6300755144 44.585185631 45.0724490901 44.5921441531 45.2070002465 44.66705211 44.8499490345 44.722719702 44.569236386 44.7528123891 44.7666243042 44.8716195245 44.8324347866 44.9350088302 44.9963873492 45.1162283124 44.9705080936 45.0915931042 44.6560393674 45.037648915 44.6497511782 44.6179465589 44.7746433641 44.7847389426 44.5451856753 45.1028797245 44.8283397025 45.1264533849 45.0078634675 44.5040688758 44.9467136987 44.8991086654 44.5938461557 44.8061688832 44.5580356549 44.8422829212
45.0322842397 44.8200536142 44.5604390292 44.6160498667 44.6771312781 44.6328822943 44.8137865319 44.8776517523 44.5480437417 45.1827926613 45.0450367564 45.0520539082 45.0052827509 44.9008061778 45.0400819525 44.9002319738 45.0038564536 44.7932223672 45.16283221 44.8323260054 44.5131760803 44.899532845 45.0776380817 45.1154890476 45.0106443251 44.9243308418 44.9239756057 45.2049576112 44.5620095338 44.9870326053 44.7083200607 44.8180664716 44.980563581 44.866063795 45.1345383276 44.6777475844 44.9848723302 44.7629365141 44.9801598469 44.7859301102 44.5895159428 44.6115923684 45.1324567447 44.5013801222 44.7962801228 45.098390933 45.0193370912 45.1613965548 44.9389933163 44.7938393083 44.9233160742 45.0323419611 44.8295208836 45.0668718035 44.8038085916 44.765553452 44.8586335876
44.5059770248 45.1852374618 44.9142521416 44.592815618 45.0347591799 44.6585505758 44.5916255664 45.0592174541 45.1895028479 44.6581771922 44.9668756511 44.9955349872 44.9058894715 45.0934583748 44.536669539 45.1539155432 44.5035182249 44.9525065793 44.9542829006 44.7782525037 44.710091344 45.0781596464 45.0583500015 44.806246208 44.7345075767 45.0724603312 44.6662895806 44.7862855674 44.5235074928 45.1134661757 45.0047842876 44.9188627689 45.1443418517 44.9972223319 44.5987487138 44.572223988 44.7519063941 44.7246580197 44.9046585557 44.5862486482 44.5297806484 44.7751579832 44.7042740579 45.1451477933 45.0781066982 44.8412768156 44.5924437881 44.9188949025 45.120833254 44.5241687056 45.0865729155 44.8656406144 44.8326038478 44.5113893964 45.0699724497 45.1881138085 44.8171763806
45.0962443929 44.9296621911 45.0380032374 45.0827716306 45.1336882108 45.1095794969 45.1643782759 45.0185958432 44.6777596314 44.7697000142 44.9940420776 44.8457433816 44.732644 44.5866561935 44.5460829031 45.107944606 44.5526397733 45.1020986881 44.8701456264 44.523005994 45.1435911262 45.0668201647 44.5073705635 44.6444051185 44.6528868632 44.6403364546 44.5497013915 45.1052899381 44.8323474018 44.6675175278 45.0740792567 45.1212195686 44.5063561527 44.7997793 44.6968202133 44.8038607844 45.125000898 44.6594372935 45.0209429678 44.8039418387 45.1159301757 45.1417283228 45.1829284292 45.169360072 44.6557077466 44.6594016487 44.8380033748 45.0662683855 44.5939856837 45.073969711 44.5069983149 44.8072229483 45.2015447381 45.2070354533 45.0810987035 44.5353615471 45.183217158
44.9493224278 45.0363090826 44.9932936338 44.5434477225 44.7652161044 44.940691734 44.5673383301 45.0375743869 45.1436631937 44.7889527641 44.6055520102 45.0406781681 44.5587177601 44.7397781512 45.1861209529 44.7825113149 44.6924147296 44.5698514072 44.8656311573 44.5454300603 44.740772409 44.5934318003 44.5228454702 44.6118632242 45.1758731566 45.0930509812 44.5668793982 45.1931854437 44.69041755 44.7633896079 44.7204450929 44.6947132997 44.9247756429 44.6073212567 44.7059575795 45.0444702951 45.0001781952 45.072284977 44.7179807792 44.5754836169 44.8008390594 44.5153646586 44.9410486414 45.0937571256 44.7055940768 45.1290128097 45.1259129591 45.0192742575 44.7190373835 45.1122864636 44.6410762911 44.5738273434 44.8343514402 44.7800742335 44.8638410441 45.1282157866 44.7442666534
44.848687863 45.0653873505 44.5725766624 44.5847640503 44.8144865945 45.1306032494 45.1324466481 44.6702414979 45.184395112 44.7875275824 44.8583626649 45.153712379 44.7111871238 44.7634004592 45.1806303314 45.0919035554 45.038870013 44.788737741 44.5498247846 44.7073748381 44.924381709 44.6185778634 44.6038742569 44.6610095899 45.0931613251 44.6975516685 44.8641008417 44.9838791974 44.9201915912 44.883574794 45.1273053221 44.719966788 44.7495989423 44.5001638638 44.5453780582 44.5173716234 44.7527775446 45.0814492757 44.7109294401 44.8478121324 44.9908735788 44.563007037 44.7915876274 44.5619878019 44.9082348748 45.1421396618 44.9040980032 45.1815316691 45.0842560172 44.6398281814 44.9060410291 44.6426053778 44.5113257936 44.91857754 44.8997539995 45.1033576414 45.1760962757
44.717668063 45.0787157794 45.0669300524 44.8596555117 44.6030054984 44.53681502 45.1752354422 44.9601694178 45.1706169048 45.124111978 44.7003082953 44.9585081943 44.9270991268 44.5566455569 45.0716724173 44.8294710907 45.1931126925 44.7559227005 44.8509579277 44.9339932475 44.6128109266 44.7953788556 44.533720194 44.6793810214 45.1195418059 44.8244010533 44.9651841749 44.8897797462 44.9646618491 45.0662672244 45.0142846512 44.8945053946 45.0491442306 44.8614491859 45.0292066313 44.7172686374 45.094455026 45.034220303 44.8240080871 44.8968958603 44.8213546863 44.8905754537 44.8609766642 44.9532152905 44.5961218912 45.020271381 44.8696902422 44.7874727677 45.0728847669 44.6299686687 44.5230080965 45.0948917197 44.5118493108 44.7183073394 44.5967494173 45.0957487648 44.5955045342
44.5149539327 44.7470556461 44.7087630096 45.1779239005 45.1368628042 45.0139997466 44.5111591826 44.7661675131 44.7340456801 44.9161819637 44.844961246 44.9495478675 44.8062821435 44.8569377336 45.0836483705 45.170407895 44.6884539767 45.1060108466 44.8110459506 44.8004348095 44.5554243957 45.0282675658 45.0105945958 44.6362819704 44.6908906578 44.9293452076 44.8551683325 44.7156483565 44.7331743971 44.6785321924 44.5938496437 44.6871640951 44.8360128494 45.0443549353 44.8894631447 44.8698334677 44.6872443856 45.1683937846 45.0573512418 44.7219691046 44.8879573267 44.5449788445 44.7418800441 44.7651659395 44.6846300098 44.5709812736 44.7463301607 44.8228573123 44.9297173696 44.653885516 44.5276337971 44.6010080237 44.7701197661 44.9955106961 44.9763121151 44.6393614117 45.0344674035
44.8552178793 44.7597768285 44.5842035793 44.9111246717 44.7334479399 44.8837323155 44.6030261951 44.6304051333 44.5736024532 44.7966705788 44.6074764146 44.6766028374 45.1929157939 45.0073242557 44.6622493715 44.9892342978 44.9383778874 45.1601809908 44.773765141 45.1203675305 44.6028503086 44.5813290533 44.8834929124 44.8465232371 44.9774076144 44.6105318034 44.7348926876 45.0120480981 45.1104954824 45.0744311275 44.8908503217 45.1835341648 44.9229802689 44.9190704573 45.0194638607 44.6827057928 45.1507546336 44.6711089233 44.9268234692 44.5776966549 44.8540294356 44.5643132845 45.1734806107 44.5958669703 45.0850275556 44.7829746294 45.1797664742 44.9365740185 44.6553808173 44.5245306249 44.9788330854 44.7720407131 44.9890804834 45.1554570917 44.9980708415 44.7622427259 45.1433141695
44.8260050366 44.710155383 60.5700038134 44.5417854474 45.1498941457 44.6542789372 44.5405055432 44.5563152115 45.0792986059 44.902490249 44.5981189386 44.7304782823 44.5730054914 44.7025522578 44.9135105139 44.9083466944 45.1072289325 44.7285187496 44.9235770051 45.046586937 45.018875913 44.7000636456 45.0100505888 45.1777981052 44.8721896255 44.8171241899 44.9799351388 44.8844937849 44.7002935226 44.9469033514 45.1234044782 45.2008974971 44.5014954961 44.5497829753 44.8330171538 44.8840865662 45.1079985842 44.5375761783 45.1904443794 44.8980828156 45.1227243769 44.6598274334 45.1308172576 44.6592950795 44.90795005 45.0767939242 45.1088187706 44.9998500125 44.9577908059 44.505698053 45.1466820308 44.5695377113 45.0306577034 44.8958603422 44.9795093212 44.5545081544 44.7564368095
44.5448266359 60.5700038134 60.5700038134 44.8659252625 44.6631966301 45.1563632237 45.0441329393 45.0011763203 44.8846779491 44.7614235215 45.1169481299 44.6894593477 45.1349202202 44.7329039483 44.8691539448 45.0254919189 45.1582595008 44.9079001898 45.16579864 44.5779504948 44.6048945653 45.0564360218 44.6638767499 44.7511153413 45.1575297108 44.9643900195 44.9707287964 45.1303523269 44.9181072525 44.8860559241 44.9686805416 45.0989495071 45.0606697361 44.91947562 45.1034084865 44.6332630234 44.8681401274 44.8446779769 44.5147217767 44.9149832876 44.8060895424 44.5774356462 44.8851713118 44.6245980707 45.0807789992 44.5134065856 44.8563308801 44.9744114467 44.6618998796 44.7729705821 45.0197029582 45.0005448543 45.0760717315 45.0401778361 44.5035221528 44.7760897056 44.8561821435
45.144018334 60.5700038134 60.5700038134 45.1102723904 44.6451532053 44.6691334299 44.924895786 45.1820870648 44.5654312231 44.5010593538 44.932614221 45.1208324684 45.1125179628 44.7708217782 44.5605597022 44.5049553098 45.0712165167 44.7766485469 45.0196161964 44.7408357162 44.9379392678 44.6365231488 44.5415494753 45.0726347561 45.1394949822 44.5162124025 44.9513928911 44.7471568375 44.8670469818 44.8528560162 45.0633065274 44.5880618473 45.1771847301 44.7230814762 44.7176100615 44.5824382415 45.1909262363 45.1679347987 44.8502456672 45.1360525342 44.9966580011 45.1579972165 44.9950759504 45.1425886762 44.8151771494 45.0346239707 44.6623158871 44.9073157781 44.5776359882 45.0397148795 45.0184766975 44.5772396638 44.8379508681 44.9059482229 44.9461638395 44.773661623 44.5189844406
44.5167315653 44.6323121245 44.7105121632 68.3679218158 44.6888038949 44.832490359 44.6717482892 44.9399328806 45.0395671447 44.8684105943 44.9401382672 44.8645056821 44.5308688558 44.9011941132 44.6118860625 44.6606436004 44.6970966845 45.1653647999 44.7759921458 44.8285835637 45.0938061103 44.7221934811 45.0512174506 44.914427506 44.5115101669 44.6957434509 44.9415229909 44.9740343046 44.9786059227 45.1295869643 44.6881011157 44.8866635672 45.1093655769 45.1626276589 44.7351795449 44.5197092024 44.787077874 44.6283593718 44.9262704131 45.1397274469 44.6521041048 45.1984083425 45.0459660958 44.590256571 44.9120860496 44.8476263604 44.8536585149 44.7094252979 44.8934931109 44.6923569437 44.9444867702 44.8278223849 44.6177662554 44.7109982011 44.958126501 44.5331878223 44.668980608
44.6154027274 44.5117418539 68.3679218158 68.3679218158 68.3679218158 44.9601940163 44.8518144422 45.1009134908 44.9066192138 45.0015382919 45.0765209608 44.9596795648 44.6588934443 44.6840089291 44.8662561231 44.8792384105 45.1670748427 45.095946149 45.1495909012 45.193503859 45.0039507931 44.7231789365 44.9999989064 45.1743470737 44.7935695057 45.01241367 44.7298932625 44.9201007773 44.8545751635 44.5131835299 44.6350269034 44.684112116 44.8824881019 44.5667710801 44.9015108604 44.8847266951 45.1689399877 44.5176604397 44.7324527251 44.5007272774 44.8306046277 44.6622256978 45.1086193986 45.0201753901 45.1641290267 44.7809721216 44.7593561552 44.9571781722 44.7877090062 44.5828999752 45.0380921602 44.6963257111 44.9489944863 44.7752957963 44.62071215 44.8370055125 44.948615242
44.6771084 44.8032420707 45.1951234743 45.1327219756 68.3679218158 44.693377208 45.0148190216 44.9480700077 44.8714404373 44.9216327237 45.1872072665 44.9759112498 45.1915178096 44.7344033112 45.0872208048 44.5432052515 44.602792614 44.6816451783 44.6913508321 45.024643315 44.6008570214 44.5210664628 44.5948156918 44.9355015166 44.8361652936 44.9103466883 45.0964800245 44.8089507723 44.6459032023 45.079853394 44.7653058625 45.0680756416 45.1149028335 45.1857718167 44.8252589466 44.5569476585 44.8024416048 45.0671892757 44.5760939218 44.9016489002 44.6756168018 44.8433382419 44.7213008594 44.9965272018 44.8774280699 45.0962069968 44.5482200159 44.8029828666 44.5537343285 45.100983997 44.8146976028 44.5367968199 45.0911924635 44.8774605477 44.5152810734 44.9582184637 44.8938079484
44.8511423432 44.7677789901 45.165107507 45.1621072312 44.8401278855 44.7777695016 45.1380483794 45.0193013901 45.0909082073 44.5146803925 44.8789347791 44.5617148808 44.514085484 44.795001317 44.7950052993 45.1181730001 44.6644910243 44.9595231439 45.1218504246 44.6230166587 44.8647210713 44.8033765333 44.548083494 44.7626309592 44.6080117466 45.0331344834 44.5089066242 44.6848543875 44.7532519095 44.5841164114 45.1918427609 44.6813769669 44.6796894001 44.9374225836 44.8115640451 44.9078424562 45.0951759498 45.0200408066 44.60545145 45.1515969758 44.8762315299 44.5802247562 45.1454035267 44.7802443347 44.9558018475 45.0879550684 44.7435916214 44.5951399791 44.9817472143 44.9252121636 44.5333430303 44.6736048386 44.573446547 44.5397861396 45.1442158759 44.879389913 44.6177732972
44.6181578924 44.5615371939 45.0225738066 44.5273783986 44.5865496556 44.723409213 45.1035538205 44.8293603461 45.1262847869 45.116935374 44.9546187761 44.9450528875 44.5608515005 44.5857035082 44.546717533 44.5961400148 44.8158581268 44.5383685544 45.0788570169 45.0584122403 45.0238144827 44.5192224615 44.6132270645 44.9936223835 45.1502024125 44.9062388527 44.9556390425 44.9259727362 44.6339858493 44.8721324946 44.546698703 45.1120904897 45.0322425119 45.143845821 44.7429999517 45.0330505223 44.6663780921 44.8093139947 44.5953835869 44.5077247659 44.9666146084 44.7312992101 44.6318240854 45.0429144276 45.106320056 44.8437184965 44.6036468553 44.7392957547 45.1654599441 44.6992100825 44.5363366278 44.9972472715 44.7338918309 45.1990885491 44.817949174 45.1295086472 44.9272190775
44.9884424639 44.6854993239 45.0434929464 44.6206314593 44.7872471035 63.7535015064 44.7795420401 44.9698527944 44.5790663301 44.5613880319 45.0032117891 44.7014299671 44.5783795728 44.6696904755 44.781512385 45.1620807093 45.1702213109 44.9024804933 45.0086754779 45.021309471 45.1180227681 44.7729359092 44.5227009995 45.0209988392 44.6818521465 44.7964298181 44.9890939424 45.0306640183 44.5472486148 45.0267145784 44.9398854826 44.9755999051 44.9010505572 44.5012388599 44.9041905947 44.7676849372 44.637435583 44.6551884089 44.6921807939 44.9688977144 44.5692317396 44.5923472927 44.8008417135 44.5725038352 45.0278955953 45.1243080205 44.5610875391 45.1244597467 45.1244480259 44.6389803545 45.1666322598 45.2026280009 44.9277664122 44.9070089244 44.8668109743 44.920277692 45.1137653142
