Spatial_Output/DEC/DEC_0114.asc
NCOLS 155
NROWS 192
XLLCORNER 196307.867259
YLLCORNER 449144.565805
CELLSIZE 33.573938
NODATA_VALUE NaN
[rows 52 to 77 of 192, columns 0 to 56 of 155]
43.2609509032 43.5141089947 43.8980471304 45.8125384609 45.61190848 43.7263102296 44.4239157552 43.0803207708 45.745623438 44.4266350745 43.1463096044 45.7308770017 45.352640273 45.4491381845 44.5577219246 44.1320875385 43.2971466707 43.4887944772 44.2266314439 44.7403162822 44.980632206 43.910385552 43.168383466 45.2071538692 44.9318303873 43.0880815818 43.1963985547 45.6498268356 45.1478658946 43.8145731352 43.7515390926 44.7721110062 44.316673305 43.5548184754 43.3449433198 45.5032115642 44.513467658 44.0052971524 43.5386957367 45.3878645572 43.010202721 44.38750369 44.8753840447 45.5249910303 43.1034608024 44.6816981562 45.1487812101 44.7435560073 44.5362311162 45.0944970241 44.3251495179 43.4317999947 43.6268258866 45.6960591472 43.6887255394 44.321235144 45.279323821
44.326213414 45.3708091112 45.5592230402 45.6850089374 43.9785926167 45.373277812 43.1939523948 45.1511619429 43.7144456961 44.8906233413 44.067877734 44.8492251014 44.1890958707 43.91222459 44.4370169697 43.1878263367 44.2015082852 44.8230423853 43.0314742446 43.289585404 45.4468148231 43.7086071165 45.0662024645 45.2465084489 44.5888431834 45.6996698056 44.4411456628 45.6506081951 44.3851920897 45.685435508 45.6525409304 44.3658372309 43.3496674757 44.7538450423 43.9340185177 45.4181383858 43.4460681877 45.592489971 44.3263124108 44.9181329932 44.8827758087 43.4172177315 44.3250503371 44.7388008544 43.2164209293 45.721728152 44.7210946709 43.8974394943 44.2367162779 44.7067172193 43.7941315065 44.8872513116 43.8036458819 44.700025897 44.6928574031 44.1464801647 43.6649221517
44.2432185152 44.7691450473 44.0407888422 45.3888927936 45.5603826779 44.1633945122 45.534284479 44.800713269 43.7938508947 43.393093871 44.8219006922 44.9179460527 45.7426973367 44.4080888085 43.3189850458 45.8073839117 43.555340263 44.8848533034 43.3562742157 43.7045772397 45.6211226142 44.5511866231 45.3955508458 43.9745813514 45.3181255443 45.5685500114 44.8522746135 44.3096332681 44.2978054763 44.766653002 44.9445574549 43.3326052351 44.6926603091 44.5991676217 43.0681400521 44.6861991982 43.7363268074 43.8363214787 43.4445626199 43.8245737602 44.2409032291 44.4427324574 44.3901147791 44.7778300853 44.9391003099 45.6051193968 44.4763556604 44.2687281587 45.7854933307 43.00153294 44.294270192 44.3345530155 43.3561797099 43.2888638371 45.0950628301 44.4403773832 44.713887181
0 45.6667630664 43.2099855576 44.5818704909 44.1745471147 43.8097096166 45.5540448913 44.5008250351 43.1164306081 44.266723541 43.1037747292 44.3313785278 45.4058476002 45.6253586283 45.0616996704 43.0504071808 44.5066330676 44.6810034404 45.6287826023 43.0650587667 43.4416515017 45.0795138468 43.4700916302 43.1221922596 44.5416251144 45.2562586084 43.0416589835 44.2284642194 44.2294857714 44.0907529628 44.3054281578 43.1512930192 45.0595041553 44.4433225714 44.4530863559 43.0160579061 44.5746380799 43.6787885877 44.524623255 44.2912098518 43.0271553498 45.5641940436 43.8776718617 44.4396455149 43.2042724199 45.3429972445 44.3613170921 45.5612012224 45.0232039358 44.8091299713 44.1931324067 45.0484483279 45.6023198035 45.2443179088 44.6278457015 44.6174067095 45.2055240147
0 0 43.9305107888 44.1780797523 45.5538643544 45.6944102846 45.1408151794 45.7275721766 43.40162104 44.2209630924 43.8730895902 43.932286262 44.6875450661 44.3556185668 44.0842649387 43.206522418 43.2773850721 43.8616963117 44.6679192001 43.6262505163 43.5250688123 43.5946390609 45.8164942985 45.2153192458 45.1712945958 43.0568513827 45.5667158285 43.0042320389 45.2592337475 45.2191717834 43.4670232712 44.4551235111 44.1725664667 45.5580991502 45.0234844402 43.6415938878 44.9611462079 44.9376132619 44.002906774 44.9355752269 44.2008530256 43.8560125643 45.6469459554 43.7521419088 45.7348799583 45.2164386914 44.2173965279 45.2975991472 45.4663216661 44.0143623897 43.0148639205 45.5657787907 45.4372175683 43.1160024893 44.1168203485 44.5337093935 44.5959580638
0 0 0 44.5276920167 43.1811389406 43.3042383306 44.59117912 45.6583123215 43.2811843545 43.2463281342 44.9459445595 43.2537602672 44.8905995566 43.507191569 43.3580801709 45.4876180857 43.2345168688 43.0262202854 43.1985771456 43.2498758817 43.2445174128 44.9933896703 43.5252324471 44.48930842 45.1337131872 44.9025816909 43.7506164547 43.4802797686 44.0604190708 44.9291006048 45.706768498 45.6485937233 43.0463004489 45.5004520839 45.3349412699 43.1770428473 43.0300064729 43.2771235042 43.7318142669 43.4836762659 45.4484770145 43.4171064269 44.1848983787 44.9094403794 44.803366676 44.8105577377 45.3938729716 43.9296548178 43.2281613235 43.1978280998 45.3552596999 43.0957960973 43.3777110356 44.2152869603 45.4236149085 43.9540937751 44.9458991547
0 0 0 0 45.7926143918 43.3113592174 45.7987540199 44.1119252071 44.3760644507 43.5891854827 44.3975882796 44.6901800987 43.8081189133 43.359322785 44.1748566822 45.8107931915 44.9741745758 44.4860392746 43.0736160387 45.5528407308 45.201843379 44.9272431754 44.5059828667 45.7344336912 43.2586533038 44.944159608 45.5816173006 43.766084629 44.6600154208 43.4840774928 44.0432851396 45.5355796694 43.6284028902 43.5764180558 43.9811008178 43.7907923242 43.1928927063 44.9049118285 45.6846093753 45.0527806892 44.5561676823 44.7706290657 45.5069134907 45.2393725572 43.8096567577 45.5111237233 44.9106313126 45.5382935288 44.3019865444 43.190152588 43.208432783 43.8615948915 45.7383218062 44.1912405886 43.8763013068 45.8095363278 45.2769539489
0 0 0 0 45.3947287083 43.0057286083 45.5719859217 44.1115923676 44.6221888032 45.2067816973 43.9304093543 43.2921492684 44.4349768681 43.073065656 44.6194243038 44.746309806 44.1856097761 45.3560109286 43.1398334674 45.405707593 44.7897789322 45.0075260638 43.2783680472 44.1630728258 45.3349618107 45.0272808197 44.9062091965 44.1896800004 45.4020433646 44.6196113624 44.2714724588 45.0809399259 45.4697284933 43.6862298722 44.5329307472 43.1717298623 43.6559818812 43.2622286509 45.0215336317 45.4182200849 44.7903225167 44.4022465902 44.5017009687 43.8284016139 43.2029620201 45.5720367367 43.0473864746 45.1930542979 45.3241485583 44.3219923306 44.5142039106 43.4207762036 43.0195321169 44.2865209999 45.1356786116 44.7819558965 44.191495929
0 0 0 0 0 44.3139656556 43.7992213914 43.7252228791 43.2620759235 44.2846906082 45.5963172566 45.2546094129 44.7878041463 43.4732024703 43.7319366876 44.9868266015 44.2096515112 43.281128252 45.2199737493 44.7453391155 44.3742889123 44.5772911372 43.4949805672 44.7738674773 44.2695876251 44.6957973549 44.6137616293 45.5332978747 44.81499001 44.0115581568 43.1738383292 43.5188509808 43.2774539079 44.1585002243 45.6841580896 43.0619507838 44.2727368297 43.9719680114 43.7293329535 45.6436458082 45.0791085396 45.4911343481 44.7126893617 43.3293468198 44.5161358056 44.6243960366 44.9168480846 45.5769789635 45.3773753112 44.2250636676 45.2473748494 43.2513481085 44.4806070244 44.716475877 43.0104636154 44.5716323445 44.9904472566
0 0 0 0 0 45.349618986 43.2125606249 45.7226877664 43.0768336126 43.9346452548 44.3369652461 43.3832409129 43.492835128 44.3167955238 44.3719493285 44.029871823 43.8228995675 43.8281751821 43.0990404869 44.3161320313 45.1802986436 43.8129075559 45.0167272014 43.5894367126 45.4560186849 43.225499726 44.7153143095 45.8137596511 44.283758603 44.7527029784 43.3984259258 44.4349546304 43.0146993925 44.3624969504 44.1318492194 43.297882527 45.3699589681 45.0946154522 44.0260817104 43.5458214721 44.6773752609 43.3724987119 43.5510767478 44.9510599536 43.1148092487 43.7144107496 44.3463694148 44.8764628476 45.7488199433 44.8699602524 45.7836683951 43.0669565484 44.4639755175 44.0634314142 43.5044168827 44.9459271142 44.5478548244
0 0 0 0 0 44.2428301978 43.1234962878 45.3060758347 43.5435059686 43.537839829 44.4113110904 44.5343185596 43.2968360751 45.1700873806 45.6945452294 45.0785205044 43.1580751826 45.5726869517 43.7294453691 44.074739123 44.7362284624 45.5574353945 43.9846371579 45.547625183 44.888732515 44.6275678353 45.57742007 45.2496412506 45.6295325142 43.5546193649 45.1685415286 43.7139136134 43.2233607844 44.8915759334 45.8167884263 43.1033007491 45.1440704169 43.1492557802 44.9426736952 43.5029924167 45.1079790411 45.826235661 43.0950258703 43.9105417582 44.9578755358 45.77914421 45.226097559 43.3463299228 44.1219693644 44.1836839055 43.8924153718 44.0611629919 44.7305850284 43.7792936121 44.2075066139 45.4005285533 43.5358398057
0 0 0 0 0 0 45.5782945247 43.3267874203 44.8021253888 43.0836123836 43.7009672141 43.5132536848 43.0482526052 43.9707550019 43.6404246354 44.6975000869 44.0169386694 44.2124040661 43.7275135283 43.4450510001 43.7316485624 43.318422033 44.9463141286 43.5684665357 43.7675220863 43.6632851932 44.914171931 44.9863650818 44.7745932463 43.5412978945 43.5734064527 44.1455676213 44.8560048908 45.389850314 45.5705744703 45.3915326605 44.5083403544 43.0081536586 45.6005009489 44.8807552187 43.7425214586 43.3318804237 43.369490072 45.2774199844 44.7893669938 43.920729467 45.0518283029 44.6629884734 43.7703239615 43.1205936412 44.9855426093 44.5560020916 44.8385156968 44.3953306438 43.342436867 43.7593747163 43.1371299736
0 0 0 0 0 0 0 44.6114776491 44.528286826 45.6205911754 45.5017120549 43.6302356957 44.5636416949 43.4207584547 44.939908763 44.9540977385 44.3806324244 45.6361958692 44.6525677129 44.9823412315 43.6869332414 44.9542460261 44.1763213437 45.1222520214 43.642022862 44.8318673105 44.424875899 45.3853057819 44.0506549443 44.2135790854 44.9719665857 45.4734410444 45.6117875102 43.586265438 44.6423104143 45.354253129 43.5126544741 43.7255069534 43.070963006 45.6114632799 44.1752764606 43.6369900948 43.7670657369 45.4491442189 43.941353698 45.1106921939 45.216528918 45.4270360551 44.3765192029 44.1915345295 43.863251025 44.2201381347 44.5005566589 43.2195346453 44.9603732388 45.637558122 43.6064792589
0 0 0 0 0 0 0 0 43.4601025919 43.7055557506 43.1556925693 43.726742116 44.1971802648 43.145302159 43.1375480737 43.6589126261 45.6442552533 44.6146137786 45.1890147047 45.0418675674 44.7665724104 45.7416764045 43.2131815729 45.6412903677 45.2222295551 44.848824668 45.578784658 45.5362504359 44.283865836 44.0352272041 45.0197063802 43.5219658423 43.6138431894 43.9495270121 45.3636126845 44.9972027119 45.2106851355 44.6109900403 45.4746147852 44.6413815128 43.5466739419 44.3155797809 44.4248003125 43.8257579319 43.0896962582 45.4332592018 43.5039246112 43.4146916602 45.7805983181 43.142416502 43.5001269591 44.9158074433 44.3917427209 44.6000838925 43.6025874384 45.553181262 45.2727346205
0 0 0 0 0 0 0 0 0 0 45.3291397617 45.2640451517 44.4822224972 44.9347244941 45.4086340493 43.2083573775 44.6989142737 45.1903322753 45.397250279 45.7515360797 44.6780410222 43.0158025563 43.7584713051 44.2928574841 43.4412112411 45.2825753345 44.4667787416 45.1099502904 45.2341000696 44.2182660031 45.6214590514 45.035018492 44.8132154344 43.0819814302 43.3775296048 43.1695975061 44.5322318635 44.7765260666 45.0084365448 45.3604757779 44.8176940163 45.8255257829 43.1551988944 43.1287613078 43.5094544558 44.6581408043 44.589278998 43.4625292687 44.2198982567 45.1678512691 43.5061084498 45.2692977406 45.4005087023 44.3810746275 44.8395770837 43.0331615508 44.7162443344
0 0 0 0 0 0 0 0 0 0 0 43.988720309 44.5172854808 44.9472046929 44.2522641004 44.5631478651 43.4259204413 43.1650830125 45.2523253056 44.9743380341 45.0926348659 44.0871417517 45.4140381297 44.8873232211 45.1053098488 43.5736465558 43.7064001089 43.9872259643 43.9220407154 44.1770178143 43.3467638708 45.27410411 43.7522836604 45.2650774392 43.3654776394 43.7021451088 43.3483234675 44.7962997818 45.6696051478 44.3061283655 44.3812842657 43.9887829097 44.3416207332 44.4598115578 43.7549078213 45.2671077373 45.7252626757 44.4462924901 44.87229155 43.5789973409 44.5724512943 45.3451478205 44.8976098675 44.1007699341 45.4829193502 45.2189777642 43.0634058213
0 0 0 0 0 0 0 0 0 43.1878516265 44.2582569875 45.0904017157 43.7775314901 45.4239187035 43.1856835054 43.2824652372 44.7288157701 44.4956967077 44.6870627095 45.8248790101 43.4146202291 45.8164592658 45.1565873161 44.669381922 44.7429487882 43.4689464016 43.6224637233 43.7047710531 43.0121378775 45.3635311268 43.1447117001 45.8147756748 43.0348697709 43.0716637124 43.9632530182 86.2802951219 45.4856993119 43.001107053 44.6359137977 45.5595579463 43.7726035538 45.5426087863 43.5749849857 45.2643378248 45.7485206275 44.1073816349 45.6196328035 44.1890193254 45.7251949901 44.7364490626 44.5970055234 43.6167857819 43.924262338 44.7841581789 43.6216604165 44.37741064 44.1398303229
0 0 0 0 0 0 0 0 0 44.4011428935 43.9996633297 44.6657148259 44.7233142071 44.1069480832 43.3852217012 45.478296203 45.0549600488 43.983635526 45.3518292398 45.5985863708 43.1739518327 43.6633705551 45.4168944147 44.5031864533 43.5899716536 44.7321077627 44.085539449 43.0609716875 44.5408995506 45.3325046735 44.5363480537 45.734538042 44.6263903801 45.0175591574 45.2009627773 45.821673747 45.2866194749 44.6180806149 44.2023542254 44.3403988626 45.2553050885 44.4579951577 44.6699012634 43.8516051646 44.2172012856 44.6203129665 43.5880295737 45.2104480187 43.5992323175 44.3050218028 45.5549053232 43.5018834539 44.847151928 45.0228936619 43.5745294036 44.0312843245 43.1629268053
0 0 0 0 0 0 0 0 0 43.4227471414 45.7372421525 43.6125693689 43.2658797701 43.6896403171 45.661259584 45.3067206402 44.0271525385 44.5848015852 44.0143064893 44.0975260318 44.7579355083 43.382367424 44.8743997276 43.6541600448 43.7950598723 44.5196447708 44.6608173977 45.3721034412 43.5481946716 44.4437892266 43.6326989921 43.5236824787 44.0784190791 43.3638490886 43.5980508565 43.2570198119 43.3036013855 44.5825761337 45.6377397744 43.2836689786 45.034091555 45.3230187044 45.2427659116 45.6061738276 45.6622885996 44.1530990945 44.2667921176 45.2840608861 44.2159944171 43.8331077254 45.347820871 44.5732059504 43.238864127 43.8284960386 43.2904168391 45.6903554235 44.4238839403
0 0 0 0 0 0 0 0 0 43.0446588501 45.2186390321 43.4794041633 45.6080288423 44.2371619252 43.9466649899 43.3449041876 44.573185799 44.4013355955 45.7877268921 44.3676195488 44.1884428763 43.8334792103 43.0408955296 45.2451541612 43.7269618874 45.7033653708 43.3171788524 45.8253100541 45.0071528777 44.3430250434 44.2099834831 45.4341305592 44.987181346 44.6598379003 43.628883359 43.2410670105 43.1732262635 44.3174520501 43.3337457257 43.8172860726 45.5364413441 44.7537572427 44.6237951782 45.0331832949 45.1574251157 43.2853401529 44.2572873569 45.0408442532 45.3267165747 43.4178068501 45.5125556105 44.8614534924 44.2283206885 44.3636912139 44.8704060977 44.1640779025 45.5928499335
0 0 0 0 0 0 0 0 0 43.5180217834 44.1890724919 45.4981829572 44.9643512117 45.2163678984 44.179444834 43.134423308 43.8254927238 44.8496921966 44.5467252891 43.8019134527 43.9725762941 44.9381794725 43.2532786312 44.8615905331 45.5846691484 44.9836200201 45.5350486434 44.0821017353 44.7243638382 45.3610670944 43.4366685917 43.69578859 44.306463974 44.7720781966 43.8433186125 45.6435357164 44.1790081599 44.6421939211 43.5616330772 44.8991866576 44.1027452456 44.1064677917 44.6138892921 44.9584870961 43.100745937 45.2796187522 43.9273183043 44.0975820217 44.8477343324 43.8339163828 45.8213595231 44.3455008587 44.6611722162 44.3498761006 43.6656664433 45.5512837923 44.2966612879
0 0 0 0 0 0 0 0 0 44.4980384651 45.2822958663 43.6799555312 45.3592352992 45.46399752 45.1390964882 44.6943330493 44.165754991 45.2330151509 43.5168628539 43.5327915579 45.1318496485 44.0379976567 44.5676251404 44.6383254691 45.4670646108 45.800012688 43.2879438024 45.5206293066 44.2873178629 45.2491531989 43.6257140381 44.8448141758 43.6690096382 43.5741498851 43.3084013355 43.8932638948 45.7047130729 45.2055389433 43.0122162259 44.0502236585 43.1538037374 43.862516552 43.4786846316 44.1499869677 45.6867866421 43.1053589063 45.7910071482 44.4074942618 45.1703174281 45.5505689355 45.0494052714 43.2731034978 43.7790569696 43.8992738911 43.3507959288 43.354926219 43.3180556624
0 0 0 0 0 0 0 0 0 0 43.6208827931 45.100707417 43.1826692458 45.3166440397 44.8426095195 45.5178492269 45.7883492629 45.4579530351 45.5489629113 44.1716406042 45.4120377948 43.1679119237 45.5279033075 45.1862512581 44.9427797337 45.2680946803 44.1173680181 44.5460543971 45.0012159079 45.4918445793 43.7077238738 44.657897012 43.8734708347 44.4484070743 45.0694204097 44.0789016651 60.8570974058 60.8570974058 45.603812181 44.7631532034 43.268127154 44.8020099054 44.2027041656 45.2323197351 43.3953455763 43.8401850728 45.1788061995 44.7795635778 43.1083762629 43.9392058987 45.4179011532 44.1413195623 44.0090652659 44.4944742198 44.9652024294 44.1458324854 45.6512073136
0 0 0 0 0 0 0 0 0 0 0 0 43.9164257219 44.5556242416 44.1030754455 45.0273173206 43.8173825916 44.7090877933 43.0555257617 43.9644800839 45.1327819052 45.3907863088 43.2083031928 44.5380418247 43.9339418434 44.7530657508 45.6139062472 43.1730934187 44.4213612541 44.996409939 45.4889814753 43.0767301766 43.0211692773 43.7533509846 45.0639323538 44.9367096459 60.8570974058 60.8570974058 67.9650007861 43.4369865575 43.8286883921 45.3623747593 44.4970044132 43.4115615579 43.9107986285 44.1910544017 45.4583838319 43.4062943703 45.165215757 45.4676189675 44.3617393396 45.6180962706 44.7017659085 43.2485325004 43.6974610492 44.8370042254 45.682035462
0 0 0 0 0 0 0 0 0 0 0 0 44.3757582152 43.8974089222 43.6347980439 44.7299705373 44.7401529978 43.9456022778 44.1003279146 45.6552835994 44.6175598377 45.6838893035 43.1977741001 45.3473007832 44.4602805647 45.3332618347 43.1346085168 44.9185230598 43.448766942 43.1235247137 44.2153318907 43.9988288693 43.9109036342 45.4051799432 43.1220497674 44.9775235012 67.9650007861 67.9650007861 44.0015714956 43.0479441847 44.9891948171 44.2760743897 44.986379752 44.0438120338 45.2279004681 45.7081370164 43.3015589873 45.2621497644 44.2005748268 43.5380465753 45.8096426402 43.665721871 43.9731762827 44.09830055 44.0895271364 43.4746337963 44.6070513719
0 0 0 0 0 0 0 0 0 0 0 0 45.7409383794 45.5688031477 45.2325072417 43.9090160434 44.7348665795 44.3635323933 44.2162802728 45.0372445208 44.5047761179 45.508359106 44.3794301704 44.6152066904 45.6052934443 44.1661963694 45.3190820736 43.0316428541 44.9434824597 43.815582866 44.3653051093 43.8856175434 44.6917816766 43.560095531 44.1174216655 43.2109592262 43.5123306412 44.1962026056 44.4143880872 43.6836612267 44.4157785671 43.5722754746 44.8325008088 43.7344906978 45.3039533511 44.4014469002 43.7835863879 43.8753526148 43.8065554386 44.812588548 44.8059620889 44.8679371242 43.8617182406 43.8474092577 44.4950767441 45.4247792905 44.1274725217
