Spatial_Output/DEC/DEC_0624.asc
NCOLS 155
NROWS 192
XLLCORNER 196307.867259
YLLCORNER 449144.565805
CELLSIZE 33.573938
NODATA_VALUE NaN
[rows 130 to 155 of 192, columns 57 to 113 of 155]
26.0882383725 28.0845207172 27.1280377759 27.7203262063 45.9172617849 45.9172617849 27.4986141459 26.0160981266 26.0349256467 27.4577022583 28.7262471199 29.1884515656 28.5912347997 28.039646613 27.874916078 27.0009934043 26.7626344891 26.4800154694 28.9085302839 26.5575877547 28.6757355022 26.1277358569 28.5679620731 27.1709455722 28.5560450446 26.8498671925 25.8762911222 24.922992412 26.3569650547 26.4783497003 28.6902054813 25.0601101638 25.2233307408 27.1150746534 27.6796854574 25.4139123639 29.3418249373 29.295963267 25.2155136436 28.4717625614 28.4884064931 28.5922958627 25.9586424354 27.0203591396 27.9870457329 26.7131645188 29.0928641975 25.8449972462 26.1126819892 24.5766386019 29.1378327665 25.1970638835 24.7758589588 24.8095024555 25.1589674215 27.3289869714 25.2007835184
26.9742202823 25.6655836015 56.4498477497 24.5597694479 26.3443190594 28.2610913698 25.1528294955 28.8656434107 27.3662642602 27.3075685369 25.1389076259 24.9045818122 26.7164564778 26.2671594199 26.2442114698 26.3609753305 25.3682539303 25.956022937 27.8588750831 29.1521942888 24.7106398706 26.6483136886 24.5544235949 27.7577721383 25.5746416546 25.5152328917 25.2379538962 28.2165616761 24.6589995121 29.13875083 26.6578065915 26.5109545489 28.3100749097 25.490705107 26.0305177765 28.6824951758 25.7561773237 27.1787439579 25.2212770901 26.7588513367 28.1312597178 27.3970120878 27.4119975625 26.4151284248 25.4064154081 28.3112915045 24.923365288 25.8582982098 26.9198744694 25.0970293689 25.7004395329 25.5210496717 29.3661037295 29.1891343067 25.8357119361 25.8169168444 28.1871965454
28.0628375095 56.4498477497 56.4498477497 28.9507026864 29.3683477971 25.6967117918 26.25265017 26.0867360187 26.0766515588 26.2585314679 28.9397778227 25.0608692781 28.2573504773 26.3751491087 26.6347907227 25.4576466515 27.4795903858 26.3755602848 25.1312753272 26.7184278084 29.4381870053 28.3379354305 28.715510665 27.8929875522 25.07810933 25.3019537946 28.6322148887 28.8506910515 25.444413196 29.3436724244 25.9520876519 26.6350085282 25.4078393866 25.1418753174 25.4355478178 25.3563618579 26.9437783134 28.3645154148 26.9919282091 26.2542647059 24.9896520017 25.5371044278 26.0706771856 27.5798223389 26.536012916 28.9702457205 28.6143147837 24.7979243894 26.0430999922 26.6653520066 27.9301207204 26.075028904 28.7968339083 29.0452408172 25.8220257217 28.9942762494 24.5301805737
26.0123694929 28.8568415656 56.4498477497 56.4498477497 25.2113997623 29.3423685858 26.7758010891 27.4796857505 28.8199956697 27.3508701965 25.8977213575 28.9774237378 24.7468370397 27.8295397661 24.5006942462 25.8018144245 25.5991911431 24.9900992248 25.9694882286 29.0897110233 26.8582689357 28.2603180587 25.1753792371 28.8575744459 28.0281826331 25.1521515672 29.3723208534 27.8071920989 26.142754439 29.3624940921 27.9488679268 26.1905313167 29.2793301957 26.4942874521 25.9860968234 26.4576424176 27.0677445906 26.0346914041 27.1256174927 28.1358329631 29.1257576901 27.9812949727 29.1738391647 27.0317983348 25.0972076772 26.2802501352 26.23246603 28.3920175029 28.8272872498 28.8737025786 28.0506408528 26.0952726984 26.3199093221 26.1731296765 26.9158302105 26.1347807313 26.7085455723
27.5470007316 27.2228896063 28.9316457435 24.7718040546 26.3841807804 26.7347198196 28.8144507951 27.6477454282 26.7048314232 26.1743652565 25.967325502 24.5108827732 28.9005448431 27.6010556134 29.0854432498 26.9847412852 28.4089615628 24.9362341723 25.4879298725 26.0816879158 27.5787857319 26.6978488403 27.8251752821 26.529236952 26.1168550784 27.0452438905 27.756545856 25.9004222206 26.3803649969 26.2705449272 25.6428003093 25.4024459401 26.5306939115 27.3093816869 28.7437325447 27.7445395219 26.4036726881 28.5390605695 25.8433260507 25.7934652385 27.5657393489 28.1130826821 28.8462173518 27.3585211428 28.3486211066 27.1839604633 26.425112013 24.7276459853 27.3933306197 26.643043962 27.123194178 24.9821316489 28.5928206309 26.8216766994 27.7446045221 25.4499320138 24.5973613532
29.1837970059 25.4037609089 29.1911284596 27.7771692056 26.7614761711 26.4174399937 25.6889424189 26.0040588746 26.3911956817 29.1977167803 27.7086345948 27.7515998261 27.4245891454 28.6052085166 27.1373436039 25.5002035341 27.5304500631 28.7381504556 25.0632516991 27.0038720368 27.7777327782 26.2974661102 28.4072296417 26.2670032612 25.5187380078 29.1129966006 25.2334725738 28.5254808517 28.8904968633 25.820965164 26.5891782457 26.3665946133 25.2031228775 27.4883690727 26.906251856 28.2436968241 27.1181490003 25.6154247007 25.825885371 27.9575211513 26.8164138666 27.7658201466 26.9916809428 27.5132369154 25.0517397315 29.044000132 25.036984231 29.0093770603 26.3707426099 25.1825796886 25.5133576525 27.2447999258 27.1424897847 24.7402317649 25.6458840777 27.3548822867 28.5638979078
29.242329809 25.4257848273 25.8155264303 26.0460663871 29.4129553656 26.4874906826 27.2439325045 28.7680333831 25.8695200503 26.9281625415 25.219400372 29.1212928744 25.1514562011 27.3207645027 27.4637725231 24.7868256626 27.5599899025 26.6044896001 26.9697301311 27.6162870911 27.1849369674 25.6196430968 28.0474338568 25.1903457546 27.6634286352 26.8470631613 25.040192328 29.0644776881 26.2277285202 28.5764471577 27.1884592791 24.8382557413 27.5841377287 25.0092195496 26.5324169405 27.7759997151 27.8016003393 26.1246252782 25.6098071101 26.1385727637 27.3752250757 28.0713225384 26.2362299812 24.5921417308 28.9137486855 26.7720251018 24.8181633398 24.7739282563 25.44635217 27.582171298 29.034901212 25.1837981592 25.3100068291 28.4707478853 27.4697138275 27.7713235663 27.600933568
27.3399176821 28.8763914258 25.8769273133 26.1943130528 28.1260583493 27.8422288862 26.3511339294 26.1621569024 25.4847130671 25.7378715272 27.3477702209 26.3415850553 26.0934176472 26.2854405081 28.8816768032 25.855637094 26.1889112648 26.4133916966 25.1582963975 28.9139199045 27.6872110597 26.9741984013 27.6490187864 28.6433504536 27.9639839385 24.5268686125 24.7659518736 26.3864520092 28.4977283476 25.7828409685 26.2223441479 27.4962220666 26.2718176509 25.214663291 26.2736196842 27.956969865 27.0742614455 27.0489561935 25.3976475913 25.4863559265 28.5002408504 26.163503338 27.6928475388 28.8643359295 26.1939718821 25.7730758843 24.9819344735 28.2142413465 24.6091451273 24.9384846429 27.0448815607 25.3050499829 29.3940797216 27.1213488386 27.7495452084 25.2908404703 26.7872617245
29.3477789948 24.907744388 24.5114717343 29.0265697228 25.7620523042 26.1865460061 27.8666209024 25.3332993165 27.7974331936 24.8787473793 27.3015865403 29.0953349343 29.1340562274 24.8525654995 27.7680156819 29.1177080993 27.7607518701 25.434045478 28.8897556853 25.9490810429 27.1056924157 26.291632115 28.030755286 26.7598401392 28.1724745151 27.9495517762 29.1397562791 26.0187990104 24.5368926189 24.6446065845 28.8200406071 26.8061630686 28.5973811103 26.4483011268 27.7825921928 25.8992930564 26.5246887394 24.7209026852 28.7303920698 28.0589808646 25.0818869712 27.2019756326 27.7072365765 29.3158120551 28.5061027807 28.240426658 27.4831622007 25.9416691715 28.6386927761 27.1240376791 28.521391834 28.683007716 28.2018086606 27.8150240833 28.2472540301 25.5195801511 28.0170559488
25.9255897013 26.1204446595 25.2990486547 29.4437656284 28.0899568319 27.8035601246 28.9067068193 28.2009082768 28.8032693253 29.3213826945 24.986192296 25.5062815335 26.4824581116 27.8702841482 25.0146040829 25.6833770402 28.7089442077 26.2212481441 26.5538225677 27.9851515562 25.9742497557 24.7612866362 25.5493622652 26.3713945789 25.4899750865 24.6044034469 26.0720314303 29.4001979621 24.5502102039 27.413853442 27.2542525776 26.9138018045 27.5526194758 27.4480968985 25.7736112475 26.6607177727 25.8954710927 26.9571349101 28.781346131 27.7657610948 25.304558854 26.1941754246 27.4205498839 27.3040391038 28.8757089183 27.7533254213 27.3286467092 28.7789179434 25.8570129203 28.8143691534 24.8264297742 26.7409419466 27.1072561236 25.1597107961 25.4217335482 26.7304210448 25.6462748278
27.6526280146 27.8410555715 25.8245262229 27.0592631639 26.5813445687 25.5730329968 26.4385990255 28.7530840468 28.7912198984 28.2925422741 28.5246997516 26.2984520911 29.3727217758 24.9838374753 27.1614297433 24.540327028 26.2828330648 24.6822171886 29.0233887693 27.8882225361 25.4363130751 25.5076506111 29.1638741557 27.2609559771 27.1344178809 27.619007688 24.7853005022 26.3909747483 29.1160814539 25.9819595817 25.2184275224 26.3984078917 27.2472977797 49.6046647713 49.6046647713 27.7895669999 26.3117302966 28.5500110245 25.0394470779 28.6424035424 27.6235042613 24.7305781985 29.1080980467 28.8163825697 28.3369791406 25.2855418941 25.9418835982 29.0505482526 27.9361083677 27.9660401129 29.4326614872 26.3251800384 25.4516020046 24.6177864869 25.2220113833 28.9844330254 28.103070429
27.0180525936 26.3621238002 24.8876083395 27.8886664945 27.3087491884 26.9558202768 27.7126972628 28.5040249607 24.6319798144 26.2054506673 29.2978055559 28.6480544368 27.0185580906 28.0039813739 25.8474413813 28.73404618 28.7477109424 24.7256929378 26.1538210424 25.264743577 25.4376905127 24.9145069761 28.3573106446 25.1982517558 25.7718309305 25.2397340197 29.3041010661 24.9241737871 24.5394205503 27.3084491754 25.1575312879 26.6163310396 48.4559992171 27.7529761272 26.7901816724 24.7190623342 25.879703276 27.2249418377 28.911851754 25.9840090718 27.4958613262 25.8701501042 27.4833955842 26.7723608727 25.6154760323 24.7444766616 27.189849522 26.0427124727 25.4207976757 25.7462412875 26.4628684803 24.887291059 26.3425406443 25.9362922609 27.3743541329 24.6412451063 26.9172842671
25.690272171 26.1979153453 25.3407018355 24.7184250226 26.3481504928 25.7752967997 27.0881905574 28.5534602054 28.8135188979 24.9437522043 26.8050444175 24.5485195252 25.1703751687 28.3723727491 28.6989961275 29.4255784673 28.8539748857 25.6665537123 27.4372532717 27.8749088648 29.0739519865 29.175957001 27.1757127948 25.6082167274 28.4790536088 28.132423532 27.4552470201 27.2038096252 27.9995674993 27.5709131054 25.8114284439 25.0229377271 47.9063225481 47.9063225481 47.9063225481 29.3698996027 24.6788124612 24.5404694946 29.0250195719 26.4181074342 26.0319342348 25.0037726769 27.3371526256 28.7247201917 25.0615334209 29.4200095312 24.9186742371 29.1978554731 26.5881061158 26.0838727635 26.7191157878 29.000908693 28.2092197253 27.6388573049 28.9037211476 28.8811466339 24.9509919863
27.2292131821 25.8748513977 25.3042881274 28.2971130805 25.5669251065 26.2511035579 25.4562493135 27.8543104142 28.6666347747 28.7004711257 28.7226713548 28.9209986275 25.0180290314 28.0164387409 26.8271928381 26.4496122872 25.0038003522 29.0511814848 26.3250394109 25.9409817648 29.4334222319 29.2948967142 29.2328979497 27.5420200296 25.8485917203 27.5769027508 25.7986590229 25.4993235188 29.3098882855 28.5318600717 28.7282133731 26.7554556093 47.9063225481 47.9063225481 29.1390348639 26.9171247382 27.4232912408 28.9871771402 28.9303426857 26.6985408928 25.6081370407 28.0470418049 28.9240230344 26.6784652283 26.8719265514 26.1060717111 26.6913652078 26.0638987209 26.8645510982 24.5063252548 28.8781452752 26.9298911723 28.8341048287 27.3784359649 25.8870797532 28.0467584259 26.5058945428
25.957379462 25.710327215 28.2027333906 28.1272760014 28.9354608268 26.1132511179 27.3074692979 26.5815263108 25.7608771649 24.7713335022 27.7277595418 25.0430914126 27.9036369748 24.7674664363 25.4425507527 27.7695326307 27.2430830363 24.9385932953 27.8370785644 28.090379613 27.9965209382 25.2081580772 26.4770928303 29.3581206471 28.6249265526 28.2784367029 27.0083426638 27.6381966064 27.6616399637 28.7574958573 27.7518974612 28.9053127137 26.4093081229 26.4332361098 24.9231675631 25.5225313854 28.685931532 28.9863969464 28.9321952456 26.5625561569 28.8669389386 29.3747981361 24.8713905456 28.1361688999 24.6686839767 28.7891286105 26.2923816335 28.7591055369 27.9654121586 27.4334817795 28.478248145 26.8391161031 25.3755983673 25.1779583117 25.7768150242 25.3953834283 27.096527204
27.3294802489 28.9061262334 25.0753333364 26.6679396866 27.9838768566 24.8861621045 29.295086952 25.3649592101 25.0901109939 27.8613601235 28.9651377797 26.5385630931 27.512495208 25.6048372348 26.2447953163 26.7175159779 27.2617527858 25.7343709598 24.969362753 28.6050153958 29.1598124523 26.9803766167 27.7578403878 27.1368089774 26.5888685527 25.5322086176 28.6102657812 26.549742773 24.6666955699 26.371986422 26.2837069058 26.5358600109 24.767802483 26.8595850109 26.9178182836 27.7585075293 28.7874290379 27.6548007928 27.088130291 28.753770934 28.2428063939 28.1742022637 29.2438838364 28.5346526595 26.0300800842 28.8028890103 26.730950221 25.7033038672 26.3504366286 25.7848526985 26.4556444916 24.5556325397 29.426522545 26.6839885021 27.0469110103 25.0967962232 25.5685662369
28.6502139188 28.6754350994 28.2285492653 26.8008349045 28.691567484 26.3869241819 26.825875999 24.8074523481 29.2329679174 26.9765145706 24.6725302083 25.5832670151 25.9227491547 28.019027625 26.8948822149 24.7976033187 27.9510650361 25.2544129742 27.6120281103 28.3702085373 25.6370154818 27.3676479773 25.2688187762 25.7300751375 28.473491037 27.3813916236 29.4267105472 27.1387233713 26.2010875091 26.0959066825 25.2335037087 28.4625123398 25.2365130364 25.9865910489 27.7061292582 27.3771844409 24.9868594201 24.609626468 25.6145329246 25.9592937108 25.1246863077 28.8267127941 25.8203335885 27.9913924994 26.1317214741 28.3007587951 26.3912746231 26.0850793585 28.9511357321 26.0270579887 24.8889039614 27.6190047195 26.3713770493 24.6240662898 29.3044344385 24.7771177634 25.9623514449
29.3263052189 27.6172524237 29.3582125497 26.1985832654 27.8619322934 26.5211908467 27.589192041 25.4045158379 26.4427169718 27.9503760367 28.0539778405 26.5768712276 26.1418335512 24.572056725 28.7957473023 28.2583726808 29.0524701849 29.3450523654 26.8119106784 28.1158001312 26.6073304567 28.2946204435 27.1436541343 27.3896456613 28.8928944523 27.0925558803 25.4859115883 27.7829795264 26.6543834895 24.5024657854 28.501110543 26.6094665372 25.3417952495 28.944155658 28.164876669 25.5416133978 28.5744351325 24.8830424749 26.0156180672 28.4510052833 25.5454105291 29.3751618934 26.7807250404 27.4360869399 27.3167210734 26.7706975988 25.9081767566 27.9072136447 25.1728418954 26.6653887989 26.7418105289 28.6082393629 24.9980092933 25.2730867532 28.9263926648 26.2844943339 26.0789160201
24.9420793284 25.1033593116 26.9007606312 25.7066229931 26.0032302344 28.9291894748 27.6703523046 25.5607379256 26.9554422686 26.6197739935 27.067099385 24.8292606336 26.662418455 26.8147535384 28.7289358456 25.7476107588 25.6207048809 25.4173816231 25.8034481875 26.9512355789 28.4163941333 27.7838244215 25.9857368838 24.7915840788 28.201903689 25.9099223745 25.7532603208 26.8892281637 27.2274226462 25.1246123024 24.6339819661 29.149738424 25.1740815588 28.4532038334 25.8501242779 27.761838825 26.8171593886 25.6609925439 29.1022387729 24.6557654335 27.0122841928 26.0760171281 26.1079925352 27.1007670414 27.2733958897 25.5026480064 25.9607774477 25.866374603 27.2998011689 28.0323742419 28.9948297397 24.6856561016 25.4986926595 25.416566027 28.2202395418 28.1100843531 29.2047405986
24.8544125669 27.9310946722 25.0837158894 26.9582469607 25.5189422386 25.9996472214 28.9719703676 25.6974213136 25.8045967874 26.0684423528 28.9896826169 28.9099402376 25.0503521714 25.0129188662 28.4910354203 24.6346389613 24.6002563341 28.7847789596 25.8615965213 25.6678187148 25.1284400298 27.2800779599 28.0723463728 26.0715290276 26.5866649984 26.3006937625 28.0022563115 28.6417832884 25.8890126405 27.7917727678 24.5234501208 29.361456597 27.3341370395 25.9589385426 26.595323989 25.8236660935 24.8141826828 28.1372291293 28.80906318 28.0725843082 27.553178265 25.0744227018 27.6825766608 28.4378038295 27.216207378 25.495917837 29.2008651712 27.2227006822 24.5481973606 25.2538374483 25.4314270041 25.9462505639 25.8492429412 24.6517299086 25.0716581836 25.1448998444 25.1151109196
24.5593786861 26.0528398501 29.1290297248 29.2732510562 25.98864391 26.5388975636 24.5966048654 25.1568034734 43.1779040595 47.8098024405 45.4276306855 28.3918117856 28.0281662607 27.9267215901 26.818964787 28.560094625 25.4603851281 25.3779591083 27.7690806048 26.4414117752 24.7383304389 27.5348990594 27.6697406242 24.8217007577 24.5882999093 28.4602025206 26.0759521888 29.4457786295 27.0689281869 27.6956095309 26.6837781747 28.547862565 27.4515539464 27.5881764527 24.7026927689 26.8975640044 24.5128515978 27.8187068214 27.2114306745 25.8985200399 29.3938123304 27.1260865346 25.5739334513 25.1516599052 29.4404518131 26.2899437508 25.1611759199 29.0312226951 25.9019425661 25.1823546286 28.8190649398 27.5419159292 27.4093729534 28.2165658855 25.7136420527 27.572231624 25.9406427705
0 27.1649790443 27.5143443891 26.4864501627 28.9561110684 24.710605941 28.5177446497 25.21721954 43.5581795053 50.2534510263 43.9101251642 24.8265157224 28.2748859243 26.5690601038 28.2421968446 27.1175096375 24.5012881049 27.3842463562 26.4180759681 27.9827044141 24.9141793713 29.1049827267 25.7312571112 24.5942394982 27.4700834273 29.0559772561 28.1089249492 29.2832665734 27.2394545771 25.0972264263 27.5828495815 25.5002523301 27.1599306068 24.5238499865 27.6480558071 25.4513529788 28.1487354698 24.9188856756 27.2961216917 28.5008480436 26.4906056912 28.3590775873 27.9786645345 26.3039015701 28.6803104565 27.8911453482 27.0736261646 27.7815369733 25.5309736161 26.0114092472 24.9462923109 25.8539308137 24.7484642034 28.6395713404 25.2296163804 27.885476812 26.9907748997
0 0 0 0 26.9791107578 24.697255789 26.4797179116 27.8118799848 37.0213634329 38.8303237405 45.6686456692 28.4710883415 26.6209230199 26.2473077447 29.319188576 26.0695800016 25.8413378432 25.72670179 28.0151195444 25.9943957475 28.5053321122 24.7331844261 27.320974952 28.5139237789 24.5516982319 28.756835647 27.0281477259 27.7253365774 28.98909545 28.6897559839 28.1823118431 25.7817262872 27.0758294207 29.0858262814 28.3385783806 29.2965737714 27.565911538 27.9173779173 28.3356316604 27.3924658218 28.352414472 26.018508083 28.778805297 28.9952376014 28.553768384 25.8386837729 28.7408732658 27.3490128716 27.7889478864 27.3155405896 27.415321863 27.3998579372 24.9892703377 28.2658757705 29.4215565465 27.9526717185 25.2726637432
0 0 0 0 0 0 25.7099216477 26.1492839275 28.2294287422 26.1812422494 26.8610929768 28.6706995723 29.2842187141 26.2146307518 25.8900139954 28.8520644277 25.1897260002 27.8930458426 29.3064393673 26.6736293106 26.320590632 24.7549226552 26.0938104485 27.0426080859 27.9075750878 25.5602610169 27.0631828758 28.2112492702 25.8900985297 25.3430572832 28.7462308573 26.645457333 28.1759057592 26.3814213566 28.4439136407 24.7909315471 28.6855892753 27.1723322989 24.7504227731 28.3844895628 25.0257387464 26.1924451426 28.5747531869 28.1957297601 25.1888268834 28.3493234179 26.0614266046 27.7697397124 28.0743141515 25.2236179073 24.9179630997 28.1856628693 26.0760019771 29.3244320103 28.4581278521 24.7964136698 28.3748233581
0 0 0 0 0 0 0 0 0 26.7452548367 27.4274119348 28.6535559187 26.6444169145 27.8039339241 0 0 26.3134677526 25.4918495242 27.9576174862 25.2247894198 27.1120048541 28.0621246567 28.8554374615 24.6267827756 26.0420546616 28.1598195782 27.0667092185 28.8453901922 24.5019800293 27.2303603641 28.6205764528 28.5147573167 27.3432932889 27.5820687946 26.47621384 26.3824336897 25.1598720527 26.9570571772 29.2623007499 28.2725441291 25.930561653 28.1032556093 27.8684257268 28.2140572387 26.6358433414 25.9371000885 29.1815539698 26.3683522302 26.9028545173 28.9032381782 28.3589721157 27.136067378 29.3126985635 28.4077689986 25.5216194631 27.0047162651 27.0552958484
0 0 0 0 0 0 0 0 0 0 0 0 0 0 0 0 27.6160444905 28.6392314776 25.0610626333 25.0722274318 28.2883651486 26.3040685941 28.0750623804 26.90911688 25.0652375694 24.5263148362 28.7336531797 26.6404707241 26.2251386997 25.8759295733 27.2712994478 24.7331048088 26.3889830375 29.3905535745 29.0544951171 26.361315809 29.1882116539 25.1490476698 28.5529524972 28.0693953354 26.6082061612 28.4832073315 25.5753314852 27.3075345242 26.6689474252 26.6861178807 24.6364249451 27.0726945412 28.4389245385 27.7272802969 25.6449181873 29.352926888 27.6024745408 28.092775121 28.1715935026 27.8370016315 24.6550228162
