Spatial_Output/DEC/DEC_0472.asc
NCOLS 155
NROWS 192
XLLCORNER 196307.867259
YLLCORNER 449144.565805
CELLSIZE 33.573938
NODATA_VALUE NaN
[rows 52 to 77 of 192, columns 0 to 56 of 155]
30.7230730372 30.5496584129 31.0591660503 30.9073145112 31.0888321165 31.1673700918 30.6717558003 31.0999837424 31.0332013781 30.9822101681 30.7374557208 30.8049944008 31.0647476892 30.821096755 30.9719209924 30.6547755689 30.5557350393 30.6197271791 30.5509344137 30.5915247576 30.504714937 30.7080011178 31.130733776 30.6242694021 31.1213430718 31.1718253951 31.1209785671 30.9811475694 30.9955492939 30.9602104348 31.126290906 30.9933698601 30.7747848069 30.6663970736 31.198964819 30.7846177222 31.0525764392 30.7853150946 31.2049089058 31.1548042012 30.733975359 31.0790288463 31.0387758298 30.5168133273 31.1226086108 31.1966014293 30.9325712354 30.6954282605 30.8022623973 30.7310246263 31.0674759723 30.9019814629 30.7446067837 30.5083796393 31.2065658671 30.6988902241 30.6847633116
31.0584808529 30.9603833015 30.9936121431 30.9039550132 30.6782519926 31.0205902593 30.8736906316 31.0484731546 31.057762706 30.6000412731 30.6240157077 30.8658607502 30.6593578434 31.0255718764 31.0574382069 30.7644202838 30.6978575944 31.1658382917 30.9444226649 31.0803034672 30.5888874328 30.8700661558 31.0597990983 30.5150009562 30.6071637575 31.089426419 30.7427849772 30.5613355627 30.9485215875 30.849270093 30.9200024258 30.6370499306 30.8526488307 31.163039971 31.1413541319 31.0085361267 30.9267183041 31.1297485743 30.8772340218 30.8119765646 30.7390877688 30.6651415611 30.5542289788 30.5322711515 30.5970247808 31.0174555735 31.1419952601 30.7535309333 31.039947302 30.9349379889 30.9407715477 30.508551279 30.643014699 31.1079853018 30.9273159689 30.8382262092 30.5445797705
31.1929843842 30.5876859709 30.6825426911 30.749382561 30.8830770689 31.0809521958 30.588136106 30.6015692107 30.7997398424 30.658358143 31.1294983222 30.980577747 30.7196898385 31.0407125932 30.5309778295 31.1056050998 30.6600552014 30.6229340383 30.5577423404 31.1572924591 30.6960889004 30.920572363 30.9296940037 30.579389662 30.8998070145 31.1606728552 30.5106295689 31.1757357322 31.0940530814 30.7402686882 30.8104414568 30.873151179 31.0324552219 30.7321296753 30.9475892363 30.9454470543 30.9545945129 30.5416141976 30.5058575357 30.9177494362 30.6106078784 31.1231049926 30.6590253596 30.5220853282 30.7374373312 30.7093981847 31.0166158611 30.5186635141 30.7501952114 30.970555526 31.0053594651 30.8128962293 30.5471909233 31.1626257951 30.7112747825 31.1867466955 30.7504360532
0 30.7118195939 30.9465017836 30.9643017251 30.7867669607 31.0739860798 30.5623057579 31.1879960078 30.6594994296 31.1554230686 30.6645932591 30.5436633547 30.9209819759 31.1681635561 30.6362266973 31.068065723 30.9849717695 30.674930386 30.874464496 31.1992019571 30.701396769 30.8998868923 30.8827786628 31.2000815549 31.084157211 30.8447692347 31.0134405178 30.6750474677 30.7548161089 30.5801744979 30.9116789155 30.6757819559 31.1456451441 31.0724501931 30.8165278676 30.7417553618 30.6493421454 31.0029318936 30.5086851247 30.6101682406 30.9391448792 31.1555352486 30.7475035358 30.6331457735 30.6100752052 30.6756840484 31.1190474616 31.1324007954 31.1302850798 30.9594105309 30.747312838 30.5285296897 30.6821187616 31.1228192866 30.7882369788 31.1849052916 30.5101487408
0 0 30.8393979413 31.0237253044 30.6318134186 30.5326630906 30.7814894752 30.5418509735 30.5136437802 31.0745382272 31.2043884967 30.5435701785 31.1378611435 30.571877072 30.8077664837 30.641425934 31.0140662213 30.621997511 31.0984913107 30.5677314485 30.9033400386 30.9615035853 31.0266054161 30.5190697546 31.1107480129 31.0665490708 30.6038204971 31.1457156415 30.7552145296 30.8493050637 30.889545457 30.6488501781 31.0350295662 31.0324762156 31.0075373501 30.7541943352 31.1648771519 30.9774487413 31.0701743356 30.8090969127 30.9952561098 30.9929885834 30.7435140639 30.8339927083 30.8275058628 30.5329903763 31.0442228795 31.1665283023 31.1156318441 30.6952417206 31.1865345386 30.6581186671 31.1775208883 31.0507239529 31.0161799614 30.6963342777 30.7685153122
0 0 0 30.7843166876 30.651579836 30.5297396086 31.0610074874 30.6855290572 30.6683652686 30.8285589525 30.6857394779 30.6255403662 30.9433546604 30.7531357444 30.8996821914 30.6928007893 30.521535036 30.7246043723 31.1897611728 30.851113569 31.0367155772 31.0662099696 30.9683107664 30.9284506473 30.522790789 31.0623742447 30.6126467623 31.1758942721 31.2033117146 30.7336905122 30.8581007795 31.0933508619 30.7963001909 30.9872398084 30.899881987 31.150242382 30.9707637426 31.1878840815 30.998835931 31.0897856992 30.515808878 30.9434479146 30.9047413125 30.7886194172 30.6842968533 30.6719920395 31.037139127 31.0664362982 31.1066189201 30.7928280048 30.9081667633 30.6037394875 30.5433328719 30.910186088 30.5100806564 31.1191483762 31.2011228934
0 0 0 0 30.582938256 30.6528371886 30.9662856371 30.7195770728 31.1636892169 30.5717854075 30.5946009842 30.9580501755 30.6003434026 31.0793601817 30.7049932174 30.6399887396 31.102737485 31.0164143711 30.8682617026 30.8036789467 31.1564709883 31.1548592013 30.7530040769 31.0851857816 30.7670888584 30.6536510154 30.6749973517 30.5834898574 30.626025838 30.8535063084 31.1030998837 30.9894647998 30.6718567477 31.1062317514 30.7853645475 31.1391692322 30.9851471798 30.9614126719 30.5334740078 31.0370285184 30.5132311999 31.0372223977 30.7794958316 30.6975039028 30.8635039468 30.7755993642 31.0033771944 31.0675400655 30.6115286802 30.9742157423 30.6198538522 31.0898079105 31.1666600572 30.784671454 31.1189168064 31.0061884389 30.7372067735
0 0 0 0 30.7063969896 30.6482666032 30.9117143758 30.9644500684 31.0457798773 30.7645296744 30.5415969963 30.5649320262 30.5630418243 30.6992793826 30.718105941 30.7211276952 31.0271664688 30.7813677996 30.6026563865 30.8891876487 30.8031569339 30.8366747634 30.5796529286 30.9774158752 30.5076331317 31.0494036134 31.0752634775 31.0606027438 31.0459228403 30.8091612687 30.6971648596 31.0597411136 30.7817684615 30.6595279549 30.8361777952 30.5269966595 30.702118083 31.0894600419 31.0300833327 30.766320015 30.6924712088 31.1751141619 30.8055329497 30.6676346209 30.5370025009 30.8102608214 31.0503724012 30.758235587 31.1398642802 31.0869328584 30.6109186365 31.1811989632 30.9063428722 30.7004260968 31.1800635652 30.8303326866 31.0780923357
0 0 0 0 0 30.7420900656 30.8025743999 30.5525661646 30.9009222989 30.8867621727 30.9632317346 30.9300467318 30.5473078267 30.9952371192 31.0704697113 30.6087704876 31.1178191682 30.9312042158 31.1149817429 30.8933265355 30.9850278119 30.5873168827 30.6785864708 30.9504880421 30.5980517997 30.7780046429 30.9564790207 31.1912254668 30.624995868 31.1142480824 30.9451159647 30.6550471514 31.1845111974 30.5555875317 31.1273930436 30.9931514848 30.5141574636 30.7802822966 30.8175977614 30.6119259231 30.8750278985 30.7745385555 30.7874584272 30.5163063956 31.0127986209 30.9483353316 30.8400135608 30.5010470166 30.9279851645 31.1589854118 30.8411881759 30.9653513045 31.1474456564 30.7534378269 30.6056791326 31.1976557047 30.8606378842
0 0 0 0 0 31.0578649045 31.1144980202 30.8702745066 30.5385741052 30.5269490647 30.944161392 31.1222741078 30.9031872739 30.5243018608 30.9146819972 30.8568833208 30.5206137371 30.5002137905 30.5911791022 30.8724486773 30.9428691535 31.08384621 31.0746284462 30.917266717 30.5218475635 30.6698632747 30.8731379874 30.6681158552 30.9042580047 31.022991143 31.0283518154 31.0901777455 30.6534132306 30.629545578 31.0075291557 30.5955756279 30.6291396645 31.1727410975 30.5263146771 30.9583737804 31.0856895052 30.9081363444 30.8266609334 31.1657555233 30.6940738538 30.8030521179 31.0167332598 31.0396599894 30.5262423902 30.561747343 30.9873208212 31.0814348988 30.6171705255 31.0596815209 30.8563502885 30.5358772872 30.8814698432
0 0 0 0 0 31.076221019 30.6965378956 31.1325049293 31.0245211189 30.9913176785 30.6648716766 31.1534242194 30.5957534718 30.972066493 30.6935037916 30.8120914481 30.7728407267 30.5496437848 30.619737682 30.8884480573 30.9104116763 30.8648362983 31.1281551801 30.7828713207 30.6838782859 30.6458309271 30.5132183477 30.6086102795 30.8365680745 31.0709877634 30.9509818044 30.6219614099 30.6424394666 31.1290661084 30.8938780066 30.6999393092 30.7404182483 31.2058528461 31.0236121452 31.0125370784 30.9078839317 31.0492186885 30.8665194311 30.5415006304 30.7473502048 30.6747426827 30.9344233531 31.1687265619 31.0583452129 30.5236907786 31.073143944 31.1831380832 30.6357166798 31.1826479131 31.0155859443 30.6214884377 30.5965014592
0 0 0 0 0 0 31.084736343 30.6722254892 31.0532189552 31.1858075806 30.8121675899 30.8498243331 30.9996223851 31.0892692309 30.672363795 30.7268511189 30.5352164045 30.5253236473 30.5562964944 31.1632458207 31.0532193376 31.1587218521 30.731972548 31.168642639 30.5589298112 30.9886832659 30.9539003919 30.7845115919 31.0507940267 30.6974853639 30.6433971033 31.0982833336 30.886100689 30.5650957922 31.0977309294 31.1138650828 30.9402684475 31.0746365075 30.7857820615 30.8703752344 30.590931034 30.625358349 31.1232369924 30.9565345746 31.0737114621 30.9335727015 30.7830740995 31.1507396979 30.7127829141 30.5767898288 30.9798178309 30.9491465235 30.5455358158 30.5635594615 30.9345263525 30.6721497272 30.7944582719
0 0 0 0 0 0 0 30.8362162921 30.6429074116 30.6382470578 30.7015793446 30.9563736169 30.5322232833 30.8894866 31.0537817109 31.1288039769 31.1728987147 30.9093986998 30.8413407405 30.5694485166 30.8341777283 30.7268885896 30.5225603153 31.0754190446 30.768555087 30.9795674007 30.8034095355 31.1114316573 30.7475782064 30.9298917161 31.1841101202 30.7963841543 30.5407694982 30.7047535323 30.8724427174 31.0686344437 30.5796437923 30.7174436954 30.8496126255 30.6852908891 30.6308965392 30.5798436456 30.9696833262 30.8148727508 31.1579036248 31.1433725998 30.8117151799 30.8378411233 30.5340599187 30.9375049254 31.0944627166 30.7726133378 31.0751767749 30.9965150401 31.0825515637 31.1911248819 30.8042489257
0 0 0 0 0 0 0 0 30.508792849 31.1094244504 30.5976801007 31.1348819278 31.0332445418 31.151807405 30.7885850422 30.5619180886 31.0814265292 30.569593715 30.5901393547 30.7058350489 30.9329463705 30.9370766971 30.6142793198 31.1559835029 30.6607233671 30.7134684754 30.9163876365 31.1093354094 31.1974835401 30.5181042831 30.8339664219 30.9579079709 30.7519903941 31.0073931163 31.1481740128 30.7168942157 30.6218916528 30.6266264639 30.677129456 30.8203477226 30.5247586587 31.013459981 30.8022304914 31.1554350744 31.152768649 31.1071254517 30.7194258994 30.8933018782 30.7678487133 30.6575364446 30.700419939 31.0555251805 30.6905376017 30.8676814267 31.0357088418 30.5013934985 31.0420160707
0 0 0 0 0 0 0 0 0 0 31.1638465922 31.0924498493 30.804568347 30.7210829013 30.5633746244 30.875137799 31.1764492552 30.9883917262 30.6990767883 30.7436941847 31.0567479558 30.6284493861 30.8778306718 30.9737089374 30.6250476788 31.1437410571 30.7423484975 30.9521386774 30.5089828107 31.1816776054 30.6952499168 31.0808836506 31.0156261627 30.5989168341 30.8465259393 30.9903490977 31.0394087447 30.5223819334 30.6614842653 30.7762175935 30.7417080201 31.1540032069 31.1292163619 30.7355697201 30.7652943259 30.61334393 30.6637933461 30.9565911193 30.8300593329 30.5158807703 30.7956476062 30.5521601816 31.1699255175 31.1879628145 30.5097598157 30.8414418945 30.8149691361
0 0 0 0 0 0 0 0 0 0 0 30.9049174662 31.0564801823 30.7223017558 31.1677423055 30.5366321756 30.549561756 31.1561104902 30.6395384206 30.9695121518 30.5008361208 31.148517758 31.088074567 30.9428032324 30.8521996797 30.6290978845 30.6998481361 30.9040498996 30.5054358155 30.8048053429 31.039546783 30.9750569448 30.7947358627 30.6906480777 31.2067103387 31.135654244 30.5570017649 30.9911705554 30.9899572215 30.5044087712 30.9548805553 30.7721224208 30.7620388128 30.860698857 31.169589052 30.5994595228 30.7950045718 30.7477392248 30.8020329008 30.7844609203 30.8843921183 30.6531638232 30.7888261495 31.0167793063 30.7985330029 30.5189641968 31.1508448195
0 0 0 0 0 0 0 0 0 30.9279986346 31.052960051 31.1309600712 30.9698812827 30.6576947436 30.935462742 30.7941273149 30.7883298097 30.5103663906 30.8136480447 31.1083890596 30.7482309378 30.8711408281 31.1210170368 30.7589695675 31.146994091 31.1451932405 31.1465787274 30.6307128356 31.0610167213 31.0179317159 30.8240084156 30.8409465099 31.0158362938 30.6196494044 30.658071342 30.9651814341 31.131473198 30.7352686172 30.9596842078 30.8911120408 30.8179159511 30.8977577798 30.7438101862 30.7655969396 30.5992117194 30.9778932136 31.2037677109 30.588567918 30.8354333167 31.2070565039 30.9269272203 30.6076159286 31.1093290111 30.6512964002 30.7603420837 30.9966163432 30.8839737455
0 0 0 0 0 0 0 0 0 30.9162426024 30.9861192041 30.9062935069 31.1363461913 31.110809705 31.148936265 30.898626093 30.9050268654 30.9308453673 31.1602827898 30.7398550847 30.7681629755 30.8146196957 30.7194448024 31.1792863938 31.0394972366 30.655879001 31.1966259263 30.8401051702 30.8210337925 31.1595371032 30.5350603881 31.095155433 30.5396851306 31.027341214 31.1000921435 31.1025513257 31.0557979973 30.6694139329 30.7757597243 31.0820800228 30.8273177282 30.6030603561 31.0828748054 31.0821406836 31.0372150554 31.0558131921 30.6375129052 30.8074348538 30.91517053 30.7356136737 30.9388582727 31.1923914845 31.0248857073 30.998026804 30.6776057454 30.5187936535 30.598145487
0 0 0 0 0 0 0 0 0 30.6591741938 31.0332491904 31.0023872973 30.8190797287 31.130973248 30.8725281177 30.7272093119 30.5318246195 31.1351687723 30.7813331703 31.1211549052 30.8694803835 30.6205932432 31.0869492257 30.8259717717 30.5876849291 30.8752422753 31.0073678713 31.0439204138 30.9062390144 30.9564211104 31.1960841442 31.1723233708 31.0586197377 30.9960733874 30.6983457103 30.8124697068 31.1060352683 31.0986989717 30.8790236763 30.5798142075 31.0701082205 30.8071128963 31.0820912792 30.8909437542 30.6886536083 31.0406231002 30.5765467268 30.9418406791 31.0726360689 30.5249846798 31.1911676764 30.5275266045 30.7176661845 30.6415834695 30.5013486845 30.6397170424 30.6161770952
0 0 0 0 0 0 0 0 0 31.0412840974 30.6892044622 30.8506650144 30.6720278607 31.128280608 30.887270871 31.0945786248 30.7872711125 30.97330416 30.7343826993 30.9857113773 30.5891064963 30.9862149683 31.0701199331 30.9609539392 30.6191409859 30.718083768 30.8524832873 30.5243638545 30.6058374559 30.8755763864 30.9283814072 30.6222764002 31.1192871852 30.8295091409 31.1176181384 30.64825454 30.7772680218 30.8068142033 30.9314141707 30.7219252584 31.1887074691 30.6043899381 30.7293787391 30.8667239713 30.8884381715 30.9964583643 31.0361097444 30.5112203106 31.0147850883 31.0377765689 30.8302790703 30.8303373665 30.5329286287 30.5779323379 31.1331012113 30.5388544608 30.9925950513
0 0 0 0 0 0 0 0 0 30.7212605822 30.5184691528 31.1416272369 31.0692274484 30.9556721573 30.5512959688 30.5523561545 30.9737775552 31.11837134 31.137298409 30.7239634818 30.6534074241 30.6793872909 31.1484420764 30.7299162638 30.9840368773 30.7522782079 31.2069500824 30.6662045381 30.5025650218 30.5097925721 30.6426567454 31.1553920115 31.0002693312 30.876095935 30.6376415573 30.724223671 31.1870129105 30.6454224674 30.5249156885 30.5524023685 30.5331386965 30.6368471057 30.5244817747 30.8804782919 30.9004411486 30.5937427285 30.5859583113 30.9631013912 31.1447053012 31.1477722636 30.5206973428 30.7242861034 31.1932823369 31.0795954956 31.1370137395 30.7839036613 31.1520685825
0 0 0 0 0 0 0 0 0 30.83030983 30.7331054694 30.7038736718 31.1887877053 31.0838564663 30.7729099711 30.9185291242 31.0436111061 31.1381721691 31.0239289273 31.2014072584 30.7312433768 30.939268741 30.6602315829 30.5003379631 30.6998160292 31.1212075598 30.9658902575 30.9232757555 30.8834806028 31.195619729 30.5660936658 30.8414987132 31.0733510893 30.8648632791 30.7446645568 30.6477522903 30.6612112307 30.7577993442 31.0980044803 31.1039849865 30.513726896 30.9897230371 30.7742065519 30.8898258151 30.5109079185 31.0448082301 30.9687835342 30.5195442235 31.1651393618 30.8304396551 30.6584628663 30.9212730904 31.182605423 30.9599574514 30.9492490873 30.7777914918 30.6986070469
0 0 0 0 0 0 0 0 0 0 30.7907433166 30.8952116827 31.0127425489 30.7984482723 30.5913381041 31.0125327666 30.7091838323 30.5049318507 30.8099063843 30.6819845261 30.9389753138 30.6019530626 30.6134168543 30.9498572998 30.773931509 30.9685551228 31.022650813 30.8881354996 31.0619079851 30.5266318387 31.1798945072 31.147280274 30.5842148572 31.1664061871 30.764759955 31.1127785219 30.9077368014 30.7431525677 31.1939723652 30.7809149983 30.9387533843 30.8091163087 30.8778610496 30.8147275887 30.5602941011 30.6382901454 30.9670758203 30.7764867776 30.5125906354 30.5958538855 30.8382277059 30.5088474243 30.977016314 31.1675680339 30.53696678 31.177038726 30.7324595437
0 0 0 0 0 0 0 0 0 0 0 0 31.047269699 30.7609201714 30.8779344584 30.8730876356 30.8847907901 30.7143139556 30.9687199835 30.8719797862 30.8672453692 31.0405244869 31.1496720114 30.543571156 31.0531217501 30.7758071137 30.7333517734 30.6242385555 31.1060860867 30.6862802207 30.7060679863 30.7895396915 31.0265563723 30.9101414065 30.9285040852 30.7505524067 30.658753321 30.5278428466 30.981880976 31.1615573364 30.5993251845 31.0705785376 31.1017039879 30.5320827066 30.7978719408 30.6081889892 30.5395885226 30.5415901483 30.7270085495 30.9064334879 30.6203931408 30.8756840842 31.0307004444 30.965188243 31.1945850078 30.5043138544 30.9314470637
0 0 0 0 0 0 0 0 0 0 0 0 30.8023248686 30.567492791 31.1268956559 30.6591513842 30.8098730415 31.1835370463 30.6195171909 30.907674529 30.6055306789 31.0315594395 30.7558706946 30.6773308231 31.0012983031 30.8928706027 31.1499294973 30.8784938652 30.6331537858 30.8036093897 30.8266658231 30.6898298009 30.7931010301 30.9678761485 30.7502157144 30.5177645221 30.6744710045 30.7194912749 30.751313225 31.0510692339 30.9406162425 30.9346818105 31.0466171224 30.8062071236 30.8012817463 30.6064119614 30.5362380801 30.9970377219 30.8372177777 30.9753192509 30.9611792282 30.8228591593 30.9656798196 30.6111104185 30.9882303419 30.8680561987 30.6375591103
0 0 0 0 0 0 0 0 0 0 0 0 30.7145737526 31.1926740493 31.0225337143 30.7679324191 30.5843805147 30.5031051386 30.8081778849 31.1775087686 31.0966834054 30.720721355 31.0446179242 30.7808644914 31.0252752319 31.1951277855 31.0551923923 31.0049468461 31.1006200217 31.1466090454 30.6816951873 31.1825197714 30.9633254418 30.7013695254 31.0905874516 30.7556173404 30.9950039007 30.6628824231 30.9092311351 30.9948693099 30.616003363 30.9238237163 31.1591910667 30.6414020595 30.8854600334 30.765062889 30.6482923169 31.0449575716 30.8890039018 30.7681842536 30.9988048358 31.027991074 30.6430386683 30.5765248442 30.6653727336 30.6325636897 30.8794583488
