Spatial_Output/DEC/DEC_0311.asc
NCOLS 155
NROWS 192
XLLCORNER 196307.867259
YLLCORNER 449144.565805
CELLSIZE 33.573938
NODATA_VALUE NaN
[rows 130 to 155 of 192, columns 57 to 113 of 155]
36.9100126081 37.2126685129 36.5043597091 36.9748055654 36.2894485863 36.2890774209 36.5295071041 37.1474530266 36.0464548026 37.3425726482 36.1816374543 36.511405767 36.6436911193 36.9577010225 36.8508059274 36.8386483965 37.3679955181 36.3041035164 36.2945453626 36.1992883512 37.0874334919 36.1200522181 36.468315154 37.1410179508 36.527096877 36.5093347012 36.0227782314 37.1812589883 36.484853036 37.0376249823 36.3151768752 37.1271532371 36.6996873537 36.4084480309 37.4048491116 36.6006714143 36.0026821525 37.2814987448 36.0597773046 36.7642224152 37.2653122833 36.8509363047 36.8161299461 36.2382730162 36.8426774274 36.4696371125 37.4108997641 37.123730741 37.3507901121 36.4572167502 36.0704781242 37.3288977221 36.1544182024 37.2512458819 37.26471554 37.3907922519 36.9467595262
37.2025197958 36.6160293915 36.4324106443 37.0137325936 36.915664981 37.2405143062 36.8490906387 37.3083325262 36.1968457277 36.739883804 36.1354669444 36.8847212538 36.3251895005 36.7148901395 37.3947376052 37.120695503 36.0725576084 36.6290232225 36.5761102202 36.9867296818 36.8284053996 37.0901750539 36.5851979532 36.7446097229 37.3457690233 36.8776826869 36.4989111986 36.1439724348 36.34294904 36.5728738755 37.1880802847 37.2531530221 36.4121877524 36.7697203672 36.0935504707 37.3255252472 37.0549991069 36.1184154685 36.5516616561 36.1769630141 37.3754915513 36.566529118 37.0685776283 37.4015989032 37.0838312936 36.1961970365 36.9731670679 36.692488266 36.2941451203 37.2203557743 36.0216206396 36.3057352293 36.2866174711 36.7257987541 36.5533135627 37.2581503091 37.2417531469
36.0972796648 36.1740450155 36.5811221686 36.3765206247 37.130239794 36.3019815762 36.7815932655 37.295517732 37.3356198094 36.2335425788 37.3450081675 36.6475579114 36.5734773856 36.5882837166 36.4705423497 36.9965337202 36.8314934756 36.8339244687 37.3598652511 36.8110738355 37.3502338448 37.1296220139 36.0949382835 36.7097587551 37.0538227987 37.0182872757 36.8155794001 37.1622833649 37.1922447114 36.1322796885 36.9000321585 36.0781374495 36.9140320007 36.4021288574 37.0251461658 36.2187039595 36.5426297198 37.3500413371 36.2031248779 36.2268093765 36.9602069434 37.2736864739 36.891011653 36.9548237349 36.852357567 37.1601861541 37.1851661475 36.4971037219 36.8894604369 36.4428368261 36.806750365 36.8079292566 36.761618728 37.0038733445 36.6718825686 37.0796982279 36.4572709748
36.8579262346 36.302929749 36.4464145076 36.6116936545 36.5967985261 36.068944387 36.506028588 36.8931049875 37.0305716216 36.1074690666 36.570875391 36.7033856756 36.6602237855 36.4202716538 36.2117914616 37.3948901557 36.037011428 36.5267200517 37.3294756821 37.0517118702 37.07269958 37.1143760703 37.0315822215 36.3223748688 36.6106707264 36.1558894499 36.6697204511 36.3409590927 36.1738813531 36.2969572871 36.9205815293 37.145284203 36.9469329182 37.3946106333 36.5389160686 36.2462612749 36.4514358018 36.3195098053 36.2375076951 36.9010171864 36.6817607637 36.9204260453 37.035438618 36.3935968924 37.1159486444 36.8153222892 36.2891596149 36.5065696354 37.204337267 36.2967106615 36.3152976772 36.3885814215 37.1564469054 36.6998396784 36.3014308431 37.2575274872 36.7962381058
37.0790806817 37.2550009283 36.4876319303 36.6926553477 37.3109103263 36.1884532534 36.6032951644 37.3307934396 37.3270886314 36.046515691 36.8999666877 36.9950078645 36.5058814863 36.2951490188 37.1970478777 36.3813255614 36.955454067 36.6837259849 36.1426951677 36.0962799819 37.2605119635 36.2962621834 36.5916194031 36.4289716066 36.296425581 37.1392545056 36.9551401245 37.2220089307 36.9820913795 36.2975080943 36.7257104897 36.2456253626 36.4026412105 36.6529398576 37.1498883157 37.2915896687 36.083460823 36.2394507873 37.2340896494 36.0393191345 36.8793959346 36.4999351898 37.106721422 36.7938020354 36.086956688 37.154688921 36.6704204385 36.6026596022 37.2299127185 37.1222749642 37.0151061457 36.6721870344 36.0329550992 36.4357543431 36.1290013141 36.2113200493 37.3827765291
36.3231775247 37.0082522066 36.6604989986 36.7340589137 37.372949022 36.7657717755 36.5546998546 36.3987060119 36.2517917547 37.273454583 36.8239037617 36.2924460324 37.207472743 36.3045673182 37.2483503044 36.2322818293 37.3447082102 36.3154823454 36.0834996838 37.3895100513 36.9345993382 36.0929368474 36.7542733868 36.7869240082 36.7283265108 37.2442142243 37.3833578195 37.2384818021 37.33045387 36.4804681331 36.1140588655 37.1262109241 36.6058641478 36.8879469124 36.055737025 36.8282571683 37.0385782906 37.0196383763 36.0164704622 36.4328684153 36.3936124418 36.9810047009 36.9269857723 36.2167243687 36.3973835709 36.8210232954 36.5838718326 36.8756925957 36.5614302478 36.7637945641 36.9148806477 36.886083093 37.0587784557 37.2242229629 36.116222198 36.8583994618 36.4683172291
36.4906907357 37.0091130669 37.1592089331 36.6613211242 36.503998986 36.2636473345 36.3069175559 36.2104437005 37.3135224976 36.5804755979 36.6857549162 36.7848841046 36.1007640286 36.5334183588 36.7460422677 37.25069415 36.761159976 36.1263188258 36.9523787902 36.1929831033 37.2002006786 36.1858016252 37.1493916744 36.2342483479 36.3160735694 36.0997308282 37.0950013651 37.1811030332 36.603220433 36.6017137676 36.5421359919 37.2429377007 36.4725657361 36.9374665233 36.9303147897 36.7566488759 36.760136315 36.1718077229 37.3258305101 36.30287188 36.8212657634 36.0472539456 37.0287222941 36.0133814334 36.6295953125 36.3100769507 37.2096952764 36.2557389807 36.738851475 36.2270778416 37.0954870426 36.9777720256 36.7129247466 36.3958390829 36.3158212825 37.025018088 36.2055391722
36.3006378818 36.3661851147 36.7269385955 37.1962961336 36.2734583646 37.3019399936 36.0912643071 36.8777352916 36.9134257134 37.1513827011 37.0923453017 36.5645483596 36.7300577886 36.3772860667 36.9517034166 36.5824064607 37.3416008691 37.3983604394 36.2908665342 36.4644030231 36.3673979862 36.3548430801 37.273587042 37.2607250856 36.1708153758 36.2804258045 36.0628997205 36.4299290948 36.8726377225 37.3822620632 37.2900923111 36.66168872 37.1284247777 36.6347857911 36.5659832106 36.2911110129 36.8615949368 36.264965404 36.9296930442 36.9875973156 37.2556192891 37.2885923758 36.5777691003 36.1296282186 36.2806122889 37.136745308 36.8452609153 36.35409752 36.6363238436 37.1443659923 36.1467531643 37.2731724033 37.0767378961 37.1219459834 36.3198406301 36.6731428719 36.8731406109
36.3803015348 36.3706945926 36.7419920253 36.3956244752 36.9373213479 36.3016816602 36.2552676092 36.3556097934 36.4776401353 36.7574201364 36.8273325129 36.2708494029 36.9584819574 36.6543430909 36.2792608792 36.3564025506 36.5912250147 37.1611067195 36.4645832583 36.1343329381 37.3011638229 36.0828544452 37.0153325931 37.1989822697 36.6461623428 36.9211260889 36.0092165706 36.5978286886 36.8856367316 36.0546257819 36.9251963344 36.0834224868 36.1745709042 36.3431167008 36.3934714651 36.4017543696 36.6482804713 36.1030287008 36.0157807373 36.8790740721 36.5155171403 36.1784082987 36.6355545956 36.3729678665 36.7796967977 37.2101918761 37.3522938522 36.6427890663 36.7201950821 36.6008168691 36.8357102661 37.0048311039 37.0320815297 36.5787655703 36.0900302586 37.0253189513 37.2572509449
36.3672301239 36.0910712502 36.3598314773 36.1419631719 36.6546650855 36.3338178133 37.3783122646 37.0683125671 36.6010740508 37.207132781 37.2023111591 36.5696995427 36.4465613302 36.8114865839 36.7519898861 36.6818023723 37.0090248347 36.1327195241 36.7517266594 37.3957575245 36.0271741014 36.6369198228 36.3500183606 36.1950330027 36.1328330941 36.3479431454 36.0860788011 36.9459874302 37.1120438907 36.6781239262 36.9033160876 37.176778688 36.3848533324 36.6907882961 37.1673677847 36.6002117224 37.4006766702 36.2429952771 36.2487462716 36.6703401476 36.2008078783 36.3745929655 36.3781055207 36.6596786747 36.5592720827 36.1030929491 36.2371724334 37.3380979315 36.4673496838 36.5277964512 37.3402882466 36.156517613 36.1851473511 36.2999255487 36.138855404 36.7936108834 36.7063809959
37.2629077622 37.1722791454 36.4417616869 37.0185830535 36.3666196757 37.0374129007 36.6561855538 37.0088440588 37.3460876097 36.4373141414 36.5002614578 36.2058818123 37.2064251069 36.8432017793 37.1035421245 36.469893159 36.3530128947 37.3423539966 36.8647866931 37.1259874459 36.3165640689 36.490299602 37.1253329901 36.9302510799 37.3448425073 36.8416076568 36.0805662048 36.5969886225 36.9349989363 36.8158544636 37.3675138888 37.1764342889 37.3949812686 36.5281220195 36.881859582 36.7241120828 36.4603251693 37.3797555817 36.0906607859 37.2247269057 37.1628361367 36.0928049318 36.0693605216 37.345072189 37.3509086392 37.0686684684 37.1942542006 36.4607916322 36.8570036179 36.1432290435 36.1826141467 36.9008906808 37.3134244412 36.4886494486 37.1268182057 36.0315256402 36.3687414174
36.5216824166 36.1812667091 37.0677469148 36.3730431009 37.3533644202 36.6576227373 36.8349737877 36.8242534126 36.694071049 37.0556986332 37.2489853622 36.0183981135 37.2133152526 36.9458540837 36.4675754164 37.2699592705 36.4658302332 37.2276876443 37.2561934819 36.3699379312 36.9335706387 36.5239646393 36.9783907318 37.2156710157 36.1716732749 36.2936089928 36.1150998243 37.1262270142 36.9942478403 36.5591298125 36.0829082365 37.2207368537 36.171613009 36.7097814667 36.4153980095 36.2101638127 36.9267246077 36.4754481718 36.8260241142 37.1031569689 36.7584941135 36.5834457725 36.3677078132 36.5204386769 36.4810502843 36.5209425141 36.237200066 36.1800026961 36.0730972168 36.2107831001 37.1233729301 37.4062160782 37.163685266 37.1170275873 36.6645651235 37.2670057718 36.9082963671
37.2127405695 37.213885902 36.132785667 36.3130269983 37.106237558 36.4438190519 36.0713568217 37.3017936026 36.3794019959 37.1138007455 36.8923023485 36.4997605513 36.8689039409 36.5243276195 36.0467030922 36.1836070839 36.7213138814 36.9549396836 37.1430704679 37.084933969 36.5202542161 37.386973915 36.772878309 36.8741072561 36.0338613334 36.6497653371 36.9492468216 37.2285663794 36.6695050464 36.0756838363 37.0028033467 36.1147362891 36.7774967167 36.0617376814 36.3606877746 37.1503329083 36.261912662 36.2753982613 36.7193977623 36.5545322845 37.1751469842 36.821267197 36.9685983858 36.3212426697 36.1478748576 36.3312930203 36.8139675369 36.7501154315 36.2540903754 36.811916575 36.1707406691 36.5995628055 36.9574032853 37.0964461652 36.96010765 36.5864861728 36.037771579
36.852190254 37.271396295 36.0742030957 37.0794944126 36.0953208665 37.0275152184 36.8372344491 36.2888922346 36.0247015326 36.0282983781 36.9770634809 36.2054697844 36.9037744352 36.1063198142 36.8601432576 36.2308175751 37.1885405167 36.7133443678 36.2672505326 36.752333527 37.3980975731 37.1580190262 37.140694698 36.1298027457 36.816559212 37.1494991037 36.7897377971 36.4668474995 37.4080475746 37.2424423323 36.4237872479 36.0104291402 36.2330780763 37.2689678052 36.0777057723 36.775296348 36.079206283 37.2583826299 36.4990387417 36.3849337916 36.0930928455 36.3079819352 36.7938408375 37.1087861076 36.8818151472 37.152543028 37.0426336218 36.804438209 36.1084977332 37.1221250304 36.8664762928 36.5592581022 37.2562200486 37.3741228564 36.2380867398 36.0194317492 37.3287921797
37.2586992862 37.1644383669 37.3401036879 36.0777645417 36.3277740677 37.0050392185 36.2594512161 36.1857688511 36.7058358877 36.9580152259 36.8360435149 36.0218869655 36.1730752734 37.2665084074 36.2401977005 36.1894003268 36.5879234545 36.0132645063 37.0178758542 36.5220100751 36.7904658963 36.3205372106 37.1110705538 37.2112500185 36.103784579 36.9864619577 36.1006560258 37.3034217434 36.6871100284 37.241108936 37.2927217728 36.931843852 36.9678030121 36.3354762656 36.9786729286 36.7142164893 36.1688272038 36.6084776602 36.262539801 36.0383596428 37.2189610895 37.1491097252 36.109453857 36.8491735399 36.4125434604 36.3670535435 36.4446755462 37.4076678421 36.837113369 36.0836439772 36.8896994637 36.5941793491 37.2402300934 37.1397375423 36.783627649 36.5678545215 36.7355405195
37.3936859858 37.4133208586 36.4703778094 36.5170926175 36.7243660191 36.8438747571 37.2337931959 36.9880098767 36.2290518365 36.9718810778 36.9991458808 36.9271971002 36.763299125 36.4271336989 37.1237802218 36.8272074926 36.6675889341 37.367175713 36.1861865991 37.0896301589 37.0084934882 37.1268116242 36.8387996559 37.0836812359 36.2796099588 36.1190437737 36.9794370632 36.8650670283 36.2921256625 36.7651055088 37.1561835075 36.3787742238 36.1804520988 36.2468430437 36.1099737643 37.3985880452 36.8739369681 37.1708563573 36.4634511017 36.4677085743 37.3046221158 37.2784513186 36.5917443814 36.7164601231 36.986939642 36.0318754103 36.7601820716 36.530696438 36.380646277 36.4413787278 37.3815472489 37.2067065637 37.1803764018 37.1891621437 36.9725998995 36.0572027439 36.2517305895
37.2016174776 36.9825816109 36.6721686566 36.8636170699 36.7258476427 36.7008845718 36.2118020442 36.871460511 37.1911419411 36.325806948 36.584150219 36.5655354231 36.3005497969 37.260902363 36.0375276999 36.4051831122 36.2809785864 36.3225505771 37.124746123 36.3139588969 36.4147846064 36.8606438638 36.9838056841 36.6304094586 36.2178276212 36.5690610921 37.0123471313 36.7121602434 36.2878463015 36.8735925108 36.5479112287 37.3750216011 37.3485282974 36.6026104067 37.2322640149 36.333333728 37.1125759724 36.570204676 36.1671307501 36.4236360157 36.9243460179 36.3710994476 36.2960466547 37.3602440209 37.0887839681 36.9171703098 36.5405101528 37.2851785275 37.0540091042 36.5437837939 36.7370648282 36.8174408355 37.2646306153 37.0914111705 36.8564791959 36.53429526 36.0657398168
37.0373932532 36.2214831989 36.3696402702 36.1764323635 36.4566524922 36.8940080923 37.1688058226 36.2457154348 37.2406934072 36.190864077 36.158058461 37.3556602223 36.7071061552 36.3862398547 36.7989203242 37.0253653643 36.9902809188 36.871328694 36.1737335588 37.2139985289 36.9443761725 36.5855882044 36.5205552266 36.6063109043 36.1171974817 37.2982648076 36.0777308171 36.2252356902 37.1635313397 36.2540958295 36.2028573839 36.5404419353 36.4941758512 36.2993641736 36.0023718016 36.5179813282 37.0586110173 36.1906619514 36.1054267408 37.3053515652 36.258201189 36.2759836493 37.2969187681 36.985739755 36.4679208968 36.348220224 36.8574114059 36.4942289068 36.9466428808 37.3736506777 36.8084629005 36.6298697313 36.6669625651 37.2651843844 37.3746022036 36.1233178364 36.8839814526
36.4586810153 37.3087539107 36.7446755684 36.2679506918 36.3879489345 36.0289495171 36.7373633798 36.5484616897 36.0332526015 36.4097495826 37.2561612194 36.9152575395 36.3906311229 37.068038049 36.9606782491 37.2193562571 37.2176727292 37.1802645495 36.3915362812 36.8899833315 36.6432760912 36.8551554278 36.6386640138 36.0055151514 36.3872105056 36.8787365848 37.3088277741 36.5976613747 36.1582790919 37.0892188994 36.1551938769 36.6429350862 37.289232501 37.030912909 36.1605596211 36.3197512698 36.6843723323 37.0011021548 36.9554554521 36.8074890615 36.2074291346 36.3166499264 36.8568447305 37.0561969777 36.8742321922 36.4406995248 36.3576264502 37.2411208258 36.9401069276 36.545204239 37.3021861575 37.180455229 36.918192652 36.4040345627 36.3907675422 36.143042931 37.1697970351
36.2228597602 37.3586151044 37.2203369327 36.1778966879 37.3324079472 36.1289336447 36.0416303216 37.3886141022 36.8427008924 36.812685204 36.9321866498 37.3557432949 37.0576503421 36.1225740067 37.352025788 37.1944556859 36.5570416994 36.5981486161 37.1354567094 36.9727081657 36.1157167051 36.0677962819 36.271233903 37.2969862991 36.2784016585 36.0453052689 36.9760727305 36.770683981 36.6418307324 36.618165449 37.3160929195 36.17588958 36.3179918173 36.9379989309 36.903398545 36.3039974352 36.9395720648 37.2760923651 37.0834840753 37.2889767725 36.3935016404 36.5510869895 36.942299329 37.3232921492 36.3823083316 37.380333455 37.1401074964 36.9026231885 37.379690833 36.9087290418 37.2382830969 36.5964248857 37.2632503039 37.1592727275 37.2253747217 37.2841377545 36.2277701449
36.6244599205 36.904347878 37.3571535194 37.1455509808 36.8364699583 36.5627688738 37.3600768386 36.9181666656 70.2011134536 75.1787584624 70.5974630498 36.2183497754 37.1915470952 36.3814756677 37.2557493967 36.6870575573 36.8179281324 37.162355135 37.0544210461 37.0380263316 36.3157536291 36.7579475957 37.4029826002 36.5875166578 36.2737278295 36.1322816637 37.3247388554 36.7805866301 36.9717442867 36.7948820945 37.3473215308 36.3825754527 37.2604067072 36.0063208186 37.1033531551 36.8638129689 36.8158624841 37.299071506 36.4731578546 36.3513465681 36.2116494571 36.0210488515 36.3510881857 36.0390130177 36.5895912453 37.2809957217 36.431586152 36.1621434943 36.604875522 36.2868111699 36.2601834941 36.3750908352 36.1430880876 37.1099341203 36.1316537013 36.8073630532 36.2960791435
0 36.9276940548 37.1508410808 36.2420834164 36.1539653391 36.2187255998 36.2349278575 37.1625708358 84.3594228993 76.5300373751 65.0579922775 36.5750676088 36.5663689352 37.3691602121 36.2541949656 36.0668399037 37.1586834232 36.5056211314 36.2455918427 37.0657915471 36.7411578931 36.2420735449 37.0718734269 37.0032407733 36.3361441649 36.4807390671 36.5799901167 37.4102779756 36.9200038526 37.0349188858 36.0857463841 37.2502014046 36.4193431016 37.1572326265 36.8616463794 36.3714593607 37.2075939504 36.7849516428 36.0752444336 36.0837016247 37.0863589241 36.219600269 36.4582203349 36.473908215 37.1949695044 37.0519850352 36.6572140166 36.9445342311 36.9936488293 36.888503878 36.0191196314 36.0539982726 36.8321218523 36.6578575065 36.2910925134 36.9069811302 36.627885932
0 0 0 0 37.3305062233 36.0128658167 36.6954391365 36.1049413205 74.615663147 83.8491536067 69.9833000604 37.0512180353 37.0957998595 36.7751929173 37.2361136469 36.6874530249 36.4995298777 37.239223109 36.6892268769 36.1822435549 37.2797962002 36.1111477316 36.2581396323 36.0814367698 36.3284915626 36.9436178535 36.412519904 37.3648926374 36.4987273485 36.1326854677 36.3481726106 36.0275214098 36.5765051594 36.2945325433 37.2249604315 36.7708718739 37.1845865727 36.3161347519 36.6966842204 36.3647711749 36.4064572662 36.2532273967 36.8557050652 36.2490606734 37.3669291848 36.864980483 36.6423420368 37.3944846796 36.6490779135 36.1811540382 36.2068463584 36.4761770501 36.3245490118 36.7048045361 36.5179494485 36.17759743 36.0089575733
0 0 0 0 0 0 37.3239700309 36.2243054768 37.0444875093 36.6632171077 36.0668772625 36.3067129586 36.9368449183 36.9782962976 37.2481275627 36.1575949917 36.095517435 36.226416643 36.9685707062 36.4289222327 37.0360281389 37.3826415565 36.2614878809 36.9047413331 36.7348457248 36.0663459384 36.3553888431 36.3265172915 36.3122865124 37.0043946701 37.3000004518 36.6475715729 37.3856817211 36.4069052561 36.5223180291 37.0711914155 36.0190662756 36.4591431986 36.4772182403 36.6871568354 37.4043909752 36.6451641882 37.3036429977 36.2820071153 36.4933333337 36.5450297204 36.4260129678 36.8797491551 37.3523071926 36.0573515926 36.3683498545 36.3544825053 36.1990039639 36.6856604473 37.1401962152 36.7639756451 36.6683948206
0 0 0 0 0 0 0 0 0 36.385186994 36.293754848 36.0597973068 36.2001406568 37.3044223527 0 0 36.8756216559 37.3208606722 37.0172954921 36.9374516482 37.0043821854 36.7543238355 36.4255049649 37.4029904184 37.246008865 36.0123826618 37.1537839002 36.9564048437 36.6077342557 36.319120257 36.3614714591 36.447604323 36.9564840383 37.3208840985 36.4953943707 36.3545373882 37.0085716293 37.2335241638 37.0232655868 37.0567354318 36.0957383649 36.8623416564 36.3096709117 36.5126881131 36.7459328831 36.7720187904 36.3735296642 36.1104817395 36.1650263281 36.6308279918 36.8707286984 36.8819231005 36.6260709299 36.6068906431 37.3086936634 36.7474884394 36.5439388156
0 0 0 0 0 0 0 0 0 0 0 0 0 0 0 0 36.1577367845 36.0330121625 36.0438465928 37.2925737065 37.0760333867 36.7598999647 36.9304987115 36.7379986067 36.1467589047 36.398751772 36.550596552 36.9197533935 36.9647797472 36.1547298821 36.6854776217 36.6804544221 36.0474709554 36.6631285583 36.9711377062 36.8654628873 36.503269975 36.3062521734 37.0016347303 36.8781360424 37.1100596283 36.5714196265 36.5279442837 36.8705535008 36.6149212659 36.7732137553 36.6311740796 36.273540061 36.5164056803 37.0960220347 37.0824112802 36.582844133 36.7261459847 36.9676801545 36.67744839 37.4084298657 36.8537718469
