Spatial_Output/DEC/DEC_0201.asc
NCOLS 155
NROWS 192
XLLCORNER 196307.867259
YLLCORNER 449144.565805
CELLSIZE 33.573938
NODATA_VALUE NaN
[rows 78 to 103 of 192, columns 57 to 113 of 155]
47.0864533988 46.3165707362 46.819533781 46.2245945268 46.1107460688 46.8096404724 47.0100645683 47.225294919 46.3512461871 47.4063226008 47.2819899858 47.1180731912 46.1828511043 46.2176207299 46.2708202913 46.9577242512 46.0957814588 46.7941038354 47.3722503893 46.5922276622 46.6761008819 46.7964245487 46.7131662672 47.0724468707 46.860488712 46.5833184448 47.2182590747 47.0002410167 46.0621888743 46.2947301078 47.2148021287 47.0172778499 46.4045566548 46.5750264835 46.8726456212 47.3459108978 46.1528003557 46.3599433423 46.9705050512 46.806685866 46.4123267658 46.0325804369 46.1217101943 46.0887500594 47.0373920749 46.7154011126 47.2344596794 46.1744352331 47.2342534792 46.4016989551 46.6110984304 47.1581922689 46.0779825719 46.4566349854 46.70549757 46.1326705743 47.2489051984
47.1018180123 46.8595763495 46.6670457785 46.066413247 46.6081012849 46.545629976 46.595702621 46.8959840016 46.1010290047 47.050430948 46.8461375461 46.5886251956 47.0458178188 46.4324290357 46.5946725475 46.2799894715 46.5225597915 46.4011228193 46.6218048797 46.9607587018 46.063544399 46.7618697889 46.9942168966 46.4963217679 46.3375554012 46.6546543436 46.6102508807 47.3237827295 46.9827177018 46.7226272309 47.1750545941 46.2380671644 47.1281620456 46.0916659914 46.1453755643 46.6128187772 46.0284548655 46.5334331242 46.0995650024 46.3323653654 46.3812361688 46.6934733568 47.0703473416 47.1381127415 46.4384842645 46.3212428965 46.1092656125 46.5062208315 46.5135444914 47.2867979455 46.5414660605 46.1393247317 47.147793839 46.3374182347 46.3998065563 46.5530666654 46.0688464429
46.8816287166 47.395812911 46.781059926 47.1231232401 46.4124091355 46.3955934144 46.2235678568 46.6604243078 47.2193321799 46.3086531999 47.3886062466 46.1657239017 47.4068294272 47.0178278888 47.0695259188 46.6740184812 46.5812559024 47.338246622 46.4228259911 46.4911887909 46.636259117 46.9331410511 46.889305513 46.8375523573 46.229501184 46.3453635266 46.4640980963 47.2968719406 47.0360548363 47.227096289 46.8801509717 46.9398238241 46.3994808291 46.3505687434 46.2739987556 46.873975781 47.3872770368 46.4954925838 46.0397443212 47.0756776887 46.0566471706 46.3128075767 46.7873188487 47.0682980656 46.5675205895 47.3916912389 46.2265580826 46.3669522107 46.1929418031 46.9160909912 46.4218262714 47.3708244411 46.0998194022 46.1396693001 46.6199638893 46.1786249525 46.0719095436
46.0335559315 46.541098998 46.0349950789 46.2482251289 47.2823248967 46.0398863139 46.8008230219 46.8455090582 46.0736304575 46.921921623 46.9578704853 47.3481789566 46.0743749224 46.8291238614 46.2439932129 47.1783213217 46.7795357797 46.5507510866 47.0896473252 46.0555404593 47.1858674777 47.251484136 46.8901739606 46.4942916623 47.2829454189 47.3172179962 46.1947289443 47.106316102 47.3443782876 47.0026647883 46.0922810455 46.5095745513 47.0650810996 47.3128346478 46.0871774068 46.353681724 47.349099396 46.5112174816 46.2897009196 46.9628545884 47.1435014288 47.3492472948 46.414077067 46.6591952386 46.6281091321 46.7645534632 46.554300081 46.8579918131 46.6717247115 46.1920884931 46.1412071559 46.7293185306 46.5008119424 46.9880781034 47.2747292263 46.5154134382 47.3146091828
46.0643187187 46.8450887356 46.2339129209 46.6374907107 47.0025991308 46.326338192 46.2733781094 47.1254308918 46.8429394814 46.3484838602 46.5343100644 47.3635567393 46.2475892337 47.1932864497 46.0213619582 46.6487692928 46.7760405492 47.2864246798 47.2055361254 47.2482006621 47.3004278718 46.5031963467 46.5460674419 46.6156357628 47.0059812581 47.066844686 46.42300582 46.0929802675 47.3225252744 46.2815257305 46.8698659594 46.3506400914 47.1839749628 46.5539443206 47.030827703 46.547583208 46.9944364092 46.4393331604 46.6489474017 46.0174849493 46.9342021551 46.0540461035 47.0544978806 46.4060453481 46.7639821458 46.5068551023 47.2008972708 46.8894687744 47.3039934777 46.8966410458 46.6374786092 47.3385953455 47.0936176981 46.5240712514 46.9905777211 46.4710219554 47.0667818251
46.8113215532 46.175334533 46.9438566085 46.8808772458 46.500678933 46.9644926274 47.0214220906 46.2762023282 46.95131854 47.3231252377 47.0840778267 46.1653044307 46.2293625917 46.6455307852 47.3730884839 46.5882552616 46.1692099303 46.3258201976 47.2862770591 47.3488887716 47.3836214189 47.1249867085 46.2362272124 46.8912286576 46.0955524713 47.1845274042 47.1807680878 46.4325841641 47.0668053757 46.7459242399 46.2317732479 46.9157959725 46.8068839785 47.0591864096 46.2583712032 46.0370559409 46.8474046168 46.6985512401 47.3586148709 46.4404250583 47.2791984575 46.5010807741 46.0214686079 47.331225362 46.8206067989 46.1689340273 46.7331596399 46.7288646706 46.996345028 47.2014969035 46.8281168799 46.9551636387 46.4166229727 46.9727549151 46.0395108671 47.1241616407 46.1063480122
47.0442606753 46.1054071323 46.6930480402 46.8243930475 47.0875160818 46.1554233745 47.17109793 47.4101265679 46.4269236505 47.0147231192 46.6028969971 46.5424079801 46.76250112 46.2141643759 46.971948899 46.8705678575 47.3193723067 47.3316898534 46.0503564837 47.2033170869 46.350566518 46.7159084837 46.0158858894 46.559732311 46.3580542124 46.2566090268 46.9867249333 47.3157744607 47.1432670618 46.7172736307 46.6164382773 47.3134153245 47.3090433551 46.7822679099 47.376326444 46.7344704502 46.3733353402 46.2725641356 46.5755313921 46.2412205464 46.792306583 46.1382517418 46.1862126234 46.6025563434 46.4697837819 46.2322401857 46.0651666222 46.5505488703 46.8162943727 47.2589896734 47.2008587273 46.5114260486 46.6686954684 47.3670386916 46.7201485376 46.13290092 46.9766982943
46.4999875159 46.2853964422 46.7260643671 47.1711381182 47.1404765825 46.9767003512 46.3563482449 46.6639983838 46.6315279737 46.9854088108 46.4058967166 46.8478065753 46.5319990275 47.250780273 47.3358584635 47.0572061129 47.0993720399 46.6242210855 47.3835686866 47.3098647812 46.0153756739 46.6321808818 46.6125402032 46.6509062238 46.3608693256 46.2693534867 46.6836464218 47.3339425067 47.0121140676 46.8792469261 46.1191851806 47.2917897169 47.2579680065 46.6752933783 46.3320852036 47.2370893192 46.4146752589 47.2725563953 46.8484644887 46.9961554205 46.7414639666 46.7180243933 46.5078334745 46.3464137118 46.5162062967 46.9862909605 46.2783601082 47.2886485787 47.27602063 46.1766096697 46.5090945077 46.0472459334 46.7564194083 46.1871779451 46.9098340278 46.9939232485 46.384457816
46.6967843036 46.5079777828 46.1489120163 46.0614035626 47.0259829299 46.9728612857 46.8169292371 46.8088632775 46.747904785 46.8177889559 47.1801880025 46.5597807005 47.3425680363 46.0611375685 46.3788645742 46.5943840859 47.409753576 46.6183844729 46.9510970334 46.0993350147 47.111072095 46.2677523104 46.8521103048 46.5746299086 46.6996677455 47.2127611289 46.4738536493 47.220925237 46.3175688329 46.1405650985 46.8120859807 47.2615036304 46.0565266371 46.4568366279 46.530826267 46.4325803797 46.8509131496 46.5469668751 47.3514743217 47.0708775909 46.5781509867 46.6418821773 46.715329626 46.1632742666 46.4419505108 46.9818849577 46.6450918524 46.4370322036 47.4065050225 46.8833684285 46.9154544202 47.0319209766 46.6847176011 46.293342668 46.6411107799 46.395617755 47.0767835521
46.2570766023 47.1439234236 46.645417132 46.6000806704 46.7209729312 46.542493181 46.5087477177 46.0220748757 46.8149328708 46.5735978714 47.1454729806 46.8937509534 46.1641520375 46.9938318789 46.541334838 47.0149400256 46.1575001195 46.4218714496 47.270392077 46.2808924766 47.2205808017 46.9424377456 46.4349640762 46.1234032807 46.0065174152 46.7462162524 46.6738029204 47.0060143323 46.3525082681 46.8874155064 46.8891319607 47.1173821032 46.320666959 46.6550892735 46.7812965101 46.9820533875 46.3666744793 47.1662867368 46.878087057 46.5787534394 46.4321999537 46.5077426706 46.8795826304 46.5507078435 47.3413213681 47.2711660968 47.1750619495 46.7679023158 46.5493791871 46.2144276601 47.0315040893 47.3586511303 46.9292745678 46.5968458288 46.621372072 46.2562039438 46.8659786439
47.3277726181 46.6541848325 47.0454090173 46.8919166406 46.9543158935 46.9943823712 46.8568569651 47.0223876025 47.063297556 47.3533623282 46.7158444362 46.2055844733 46.0260944985 47.1328951784 46.5116163481 47.0812866928 47.2298763487 46.5843522007 46.648133291 47.3876207456 46.6147781882 46.7035800405 47.2781836373 46.6506328817 46.5409631446 46.6672758773 46.1658474046 47.2735290311 47.1390418477 47.2691263579 46.1840607641 46.0580428011 46.191436382 46.5571900259 46.2795319592 46.2069159806 47.2163264779 47.3158679847 46.0739734096 47.1650004425 46.8274696736 46.478098147 46.8871592586 46.3276552432 46.5253565927 46.5742117159 47.4050898717 47.1468900576 46.3002607207 47.3959883739 46.5566898035 47.1160628097 47.2313578776 47.2357381882 47.3739210514 46.9674072156 46.0923232893
46.6792586413 46.8768613458 47.0959801091 46.6892004182 46.9246386919 46.8329252098 47.2925756992 46.5451736919 46.7006911801 47.3014224296 46.7695684669 47.0479156834 46.7622841989 47.3848415194 47.2344200468 47.2868474918 46.10176997 46.3686652428 46.2537883734 46.3112844783 47.0276094998 46.9570369096 46.2259202476 47.0018833734 46.5855985853 46.8739557754 46.4572240017 46.8933823581 47.2813898412 46.4284439862 46.1823103557 46.6905120086 46.7777366889 46.2556098724 46.1951757084 47.316023072 47.0634180002 46.2328061425 46.3204556538 46.6138298872 46.0792155356 46.9240014991 46.9822817326 46.7074570213 47.1625800018 46.3649819665 46.9901355162 47.3163088233 46.5751571559 47.1285123623 46.234872511 47.1482449906 47.0549931676 47.2258196745 46.6907097074 46.8639098015 46.503127023
47.1704733826 47.0677765133 46.2756437049 46.1428741686 46.3544649422 46.9079993333 46.7013005601 46.4109037124 46.6008146369 46.3104586669 46.5348624322 46.3111825211 46.9154340411 47.4054045258 46.1400094859 46.2246301758 46.772144589 46.7440989779 46.9682856414 46.6157426875 46.9653455429 46.2844113183 46.5808033312 46.8161822042 46.5063563698 47.2466707273 46.0907743694 47.3169337436 46.7236799649 46.822161101 46.915895345 46.7256820196 47.3849791645 46.5559148276 46.5293684321 47.2081876969 47.0618759849 46.1057411487 47.1453819036 47.0631206019 46.1556310243 46.7049781098 46.5126582315 46.370385197 46.8082655795 46.5815607006 47.3470454702 46.8464909031 47.124555871 46.8935426373 46.7223896326 46.0315266596 46.7781451426 46.0792714929 46.6435627448 47.306947653 47.3343593639
46.3391259815 46.5888135925 46.5031488319 46.3515162445 46.0351469047 46.2620844695 46.6689737053 47.0496769685 46.8783512091 46.6866806832 46.3987965428 46.0576884509 47.1661039778 47.2693654996 46.2680648081 46.3978776131 46.230672868 47.0844111739 46.5508795606 46.3570179534 46.1711901959 46.9256489589 46.6152925829 47.0930228184 46.6268943164 46.2935239187 46.6003622992 46.3976532863 46.5770214274 46.1380013634 46.3141861853 47.2961399832 46.4553028209 46.4978384358 46.3341676641 46.3360583439 46.7279205351 46.435517636 46.5259124503 46.8447064247 46.8852105012 46.5103783144 46.2717466034 46.3851486236 46.1705177498 47.1247778499 46.7500928411 46.2937027808 46.7481466921 47.029841743 46.3328479283 47.2912332541 46.2745368313 46.1752904763 46.6391904954 46.8870535853 46.4934925225
46.4871081056 46.6689436587 46.2331123979 46.6228405275 46.6781692613 46.5404787818 47.3900005925 46.2296832721 47.257994632 46.1922211778 46.0659453129 46.3144162499 46.5795072189 46.1685950423 46.9782703931 46.3605209966 46.5997075313 46.9861640145 46.9630135128 47.37328348 46.3381364205 47.3470141437 46.5847710375 47.232004061 47.0587799137 46.5480856436 46.2434798972 47.2780132698 46.0879785302 46.6556627442 46.082868089 47.1985839161 47.069869197 46.1804116172 47.3047103728 46.7813603055 47.2576664457 46.7589917281 46.7826435927 47.1143345024 46.6634745576 47.3426887736 46.71227491 46.2546402288 46.4670876631 46.7231921339 47.3251371219 47.3452279003 47.1598616848 46.9034658578 46.4376901447 46.6602955466 47.1518180802 46.1104003745 46.6555476576 47.2947361532 46.8112327658
47.0423923794 46.7072991181 46.2799975643 47.2831356592 46.9096977319 47.3243752977 46.7647239219 47.3032461446 46.9865362159 46.4524865387 46.6381796926 47.0867844438 46.6331352332 46.3844979176 47.1742254859 47.1741608 46.4039058251 47.0569259568 47.3178784784 46.680563807 47.0853895159 46.4081609722 47.2512164674 46.9795734266 47.3521184005 46.8430591022 47.2599576256 46.5329375104 47.3053121152 46.7770258672 47.2112296965 47.2177437211 46.9312966441 46.5414683034 46.3130869723 46.2736033285 46.3847560996 46.7131877186 46.5064007872 47.384309492 46.1552551778 46.8074017519 47.1224808518 46.2872349581 46.9877421511 46.1317722354 47.1612285168 46.4395979493 46.6756090301 46.3585530002 47.3505388655 47.1487425735 46.6849008981 46.9115708338 46.1052937914 47.2909911031 46.5967155236
46.9177648296 47.3404905671 47.3020509407 46.3315003357 46.2556209377 46.1870837181 46.3101250438 46.0380877377 46.947837003 46.9880156907 47.1475273041 46.9869122768 47.0936742081 46.6676056671 46.0842979894 46.3089623706 46.1477692492 46.3415489558 47.0799090193 46.0591074174 46.3183674789 46.8382162178 46.4043148325 47.0025029072 46.6552216418 47.3277614248 47.2588038083 46.683137303 46.9321966541 47.1426906519 47.1753804014 46.1429540178 47.3071197212 46.7771821429 46.8711219627 46.4139429631 46.0569895469 47.0874767724 47.2841066111 46.6543134569 47.3572217535 46.3519664347 46.9977433515 47.2673895074 47.1106344891 46.6250503366 46.5828883424 46.2361431117 46.2822574412 46.1391802965 46.0094360375 47.2759693031 46.5374921964 47.0936851663 46.0660548926 47.0919552613 46.2847286456
46.7773653041 47.0537275324 46.1425958344 47.2548093972 47.2480112028 46.6681657273 46.5284235178 46.7021245125 46.3093625959 47.2726991607 47.0517334307 46.2718383865 46.2258832966 46.8675815105 47.1207936754 46.9556516235 46.6778278394 46.631951538 46.729599984 46.9631940375 46.7610036228 47.2590132345 46.2121611445 46.0508123029 47.0423849318 46.4379074079 46.558971803 46.9121574584 46.6181513347 46.2372574205 46.8374721836 46.4005780713 47.0669840972 46.8111968247 46.3101278296 46.487018705 46.8441398859 47.1801553483 46.4730757712 46.0459068173 46.1955169305 46.7769957514 46.1123273998 46.9675088623 47.3681858764 46.4186007089 46.8304055188 46.534214432 47.2689024271 46.9635130204 46.702012815 46.971258839 47.153734545 47.2780314596 46.7625102859 46.5227950459 46.1729970295
46.8137581488 46.0792464301 47.2445337811 46.001346917 46.8911658736 46.4997881473 46.3609037337 46.6039805509 46.4923123171 47.2604100171 46.3592668827 46.968658698 46.912176211 46.2029561503 46.4366166222 46.5845840125 47.2976720951 46.2025994601 47.0579765966 46.43399311 46.0444723236 47.3280240733 46.787297386 46.0364165881 46.9184190558 46.5111436713 46.8445804252 46.3597462496 47.1448152107 46.2641573778 46.1856112648 46.7545826406 47.305407446 47.2435622967 46.9667433652 46.1123401454 46.8293246369 47.2939364091 46.6208569888 47.2265271454 47.2091450985 46.0770922466 47.210492253 46.90986926 46.5360039815 46.7725539197 46.6593878483 47.358627217 46.3174131371 46.3652722458 46.5242936958 46.2698446151 47.2270428923 47.0360522545 47.403285823 46.7405358524 46.8059702303
47.2395643866 46.9397010671 47.1904581105 46.7443842406 46.0575689133 46.6747935724 47.1573988591 46.5526296712 46.5781728912 47.0334579327 47.1707078452 46.5959062402 46.8733996526 46.9181619852 46.0302110516 46.6568422077 46.7462218354 46.9388142289 46.257057286 46.8109374173 46.8252472365 46.7586062755 46.7413222144 47.0519041117 46.5098138594 46.4426167185 46.8539273026 46.4479355225 47.1490828567 46.1050821154 46.5211038949 46.5418829512 46.6668361141 47.3672500651 46.0344544776 46.2830749233 46.001358838 46.2474835358 46.0515899904 46.5669265921 47.3103962416 47.3936438616 46.7707068764 46.9394640186 46.6727691373 47.2518621426 47.1604136834 47.0672381906 46.5443458594 46.1584594085 47.2640322295 46.7176986931 46.9453970763 46.7377260094 47.044084745 46.4735327653 46.8923838076
47.01965979 47.1647345235 46.1401417582 46.2863709696 46.0001872106 46.3597685166 46.2810947388 47.3909214161 46.1251227171 46.5264770717 46.4833916895 46.5526575968 46.1318216232 46.0237565792 46.4671963719 46.6442367723 46.1769879383 46.1865183596 46.0599440583 46.6521598684 47.2295529175 46.9091753801 46.1859244778 47.0774149523 46.8354068656 47.2965721623 46.9592822677 46.3962054241 46.9107444643 46.3845309816 47.4120487805 46.2052307265 46.2192536196 47.2122625022 47.2496405739 46.1464554495 46.0919027189 46.4746808203 46.0459750733 46.1671798638 46.2550606013 47.2398268221 46.0539246729 46.7999170721 47.2323653264 46.0360122707 47.3058903429 47.1330457263 47.106619978 47.1083900601 47.2328094736 46.5346805031 46.9175627253 46.0612414607 46.4301696289 47.1042590133 46.4115652134
47.0962770418 47.3562127126 46.6528970088 47.3115826845 46.350672863 47.2952744948 47.1115453505 46.0737972162 46.5029245779 46.0640849152 46.3378476344 47.1012705916 47.0880770827 47.0068037808 46.7328724804 47.378761729 46.1405167659 46.91433786 46.8821322069 46.8728523273 46.4415780645 46.6006596471 46.8439032788 46.4917042566 47.4078315074 46.9919805088 47.1275482412 46.6196184407 46.7877899086 46.5588256895 46.8229413075 47.1696294358 47.3269144289 46.3861947248 46.1756109072 46.8142686184 47.1842558086 46.6155167543 46.2523954068 46.1190430422 46.7419276009 46.7374470511 46.8649756759 46.2437202895 47.1023515236 46.5064726353 46.8346480405 46.0086978946 46.8450081739 46.1833202213 46.5109290267 46.0082395149 46.2876366858 46.4223463465 46.6094184427 47.4092402503 46.1400732026
46.1586711186 47.1028760678 46.3484887998 46.6610307296 46.2294604446 46.2728668644 46.6435798275 46.7185091782 46.3946266558 46.9334199607 47.3348653562 46.7777029171 47.2573026363 47.3564550678 46.5831696772 46.4891622935 46.1251555469 46.5403704532 47.3312018109 47.3855674156 46.0282047318 46.8463368121 46.6861515496 46.7604347727 47.2394059229 46.8570800787 47.3065085121 46.2880483397 47.0868722494 46.0411258126 46.4100018255 46.9074988432 46.8614378812 46.6794315289 46.5883985678 46.7134043701 46.9403502817 46.0908675615 46.9663920107 46.924269682 47.1070204299 46.9822407289 47.3899952125 46.7290963875 46.8396142271 46.9642129487 46.0984676577 46.3159025249 46.6432384899 47.2307809324 46.7696195372 46.1969621421 47.0396029367 47.3706168569 47.1505153635 47.0938997762 46.1791488093
46.8139890583 47.0307394645 46.6936740375 46.9567018847 46.820318946 47.0550309174 46.1929246521 46.4695445004 46.684269651 46.2903938277 46.1810204371 47.0851875998 46.7190379505 46.1380404062 46.7426829237 46.1394038118 46.9515870429 47.2765015357 47.3719802719 46.3763027767 46.5738700414 47.0150943921 46.8763632216 47.0656460237 46.7510092695 47.1481991085 47.2300678729 46.1505740153 47.1224824533 46.8019756475 46.0160898209 46.0734002979 46.4315512627 47.3070744814 46.0956880472 46.2353256827 46.1136458612 46.5896432019 46.3898445081 46.2801397082 46.5530470505 47.037385478 46.5418465845 46.9735401718 47.102397677 47.1353482771 46.2622953675 46.6516718688 47.323426221 47.201906338 46.1534645693 46.7029668054 46.3961622653 46.0937767407 46.3487544208 47.1671551308 47.0110211415
46.5302684923 46.0333422077 46.7827951417 46.1631572833 46.2873984232 46.6500938071 46.8313176328 46.5388460195 46.7148580047 46.3028160625 47.3693176505 47.2397034387 47.3678043881 46.9723856711 47.2765491715 46.2748174733 47.1974181299 46.2625444665 46.1441621399 46.2294569711 46.3291375273 46.2427145156 46.453756701 46.2368076314 46.6916468966 47.2274310583 46.1414095425 46.9319336725 46.1473949304 46.4919171884 47.3324952597 47.3495131577 46.6295232256 46.9489763808 46.313509923 46.3383673715 46.1940651919 47.3421900697 47.4107349646 46.757763068 46.9108818231 47.3721251916 46.9700206719 46.0353618427 47.1398452581 46.0480357033 46.1543346315 46.9728314226 46.6508084631 47.3980603736 46.5605798331 46.9747242644 47.2764578369 46.3665197176 46.0627540888 46.6265879595 46.7074940624
47.3082998755 46.3046975393 46.813131489 46.9312544249 46.5880786907 47.1124048951 46.354013848 47.1441135298 46.8287614194 46.2852295538 46.877775158 46.5684848546 46.9480689177 46.5823605115 47.0546231483 46.9322942808 46.0135197767 46.251933609 47.1134005206 46.5384148099 47.2616003232 46.0807643919 47.2825337703 47.4037982612 46.5324777282 46.2132558161 47.1143953339 47.0645262055 47.1873959889 46.6066557128 47.0492721815 47.3860918525 47.1791404801 46.1054297982 46.6009219153 46.7694809099 46.0425104157 46.7593978583 47.1684973447 46.4208678959 46.0538509015 46.9521999905 47.2803407337 47.3454863761 46.1619396524 46.4513347993 46.676064944 46.5217767008 46.6863553277 46.3592023971 46.8716327276 46.9216130302 46.7063569468 46.798679504 47.1424629749 46.1790760941 46.95301702
