Spatial_Output/DEC/DEC_1399.asc
NCOLS 155
NROWS 192
XLLCORNER 196307.867259
YLLCORNER 449144.565805
CELLSIZE 33.573938
NODATA_VALUE NaN
[rows 130 to 155 of 192, columns 57 to 113 of 155]
33.0327260706 32.6258842757 32.6109121038 33.1159123575 33.0345595514 32.6293827714 32.6285293613 33.0740060562 32.6948391895 33.096200417 32.9092414866 33.134145036 33.1944848391 33.1825996797 32.9750787758 32.6735194276 32.8674352639 33.1428880452 33.0610324787 32.660620485 33.0956382699 32.524383137 33.192459815 32.8373222279 32.9456550804 32.7619839206 32.9490545756 32.7229529515 33.0277461511 32.5119857799 32.8236438561 33.0684821607 32.9403342492 32.8195290053 32.6990497529 33.0758028544 32.5345746244 33.1228443766 32.628048734 32.6257317741 33.0913895332 32.5980266237 32.9442998992 32.6077989712 32.8110576749 32.8725473995 32.6034125624 32.8462208424 32.5297181445 32.6705723391 33.0656760741 33.1645418175 33.1909389262 32.7382497688 32.6916861023 32.6079454387 32.698600509
33.0623452471 32.5862541884 32.757926461 32.768304453 33.1413410342 33.0448819181 32.6730497261 32.6422869832 32.7019002898 32.556706864 32.9175544418 33.1225554786 32.9158779997 32.8442278438 33.0880982999 32.8161715999 32.9057837778 32.8033020967 32.5720879047 33.1953773622 32.6162777421 32.7337868309 32.9763008094 33.1882846074 33.0109177878 33.0679894842 32.7165541587 33.1807426672 32.6383351884 33.1313990527 32.5429887028 32.7109487353 32.9722604653 32.9944637924 32.8670524302 33.1889902506 32.9935832141 32.8578862043 33.1994231151 33.1566737046 32.7915712456 32.7660490889 32.8562919833 32.6973756799 32.875633422 32.5693144904 33.0347833537 33.0135995711 32.9572123012 32.9633594879 33.1085395805 33.1659922647 33.1354165323 32.557905849 32.7493834646 33.0744214829 32.7718201856
32.6439878656 33.0907837239 32.8173516744 32.6685769256 32.8615800027 33.0835458051 32.9075834894 32.9986663895 32.9821928159 33.1021797611 33.1072813444 33.1426391816 33.0409643647 32.6081984182 32.6305691136 32.998490186 32.8967807456 32.8844073959 32.871047953 33.0547097355 33.1675903394 32.55755935 33.1825941838 33.181491188 33.0275512056 33.1847857635 32.538679105 32.9624380717 33.0236426487 33.0007003955 32.8515260121 32.8601892445 32.9225953814 32.5486155008 33.0342973862 33.1137318896 33.1268252053 32.6705717886 32.9380883938 32.5543570847 33.0934801519 32.7710198593 32.5086480358 33.0057863229 33.08915303 33.0673058723 32.5335831845 32.6988859891 32.7986243352 32.8651990123 33.1234826966 32.5472701592 32.6495825754 32.7922533263 32.6545981891 33.194855328 32.8610468315
32.6714975676 32.7900272757 32.5234991955 32.6268618737 32.5549787527 33.1724016438 33.0245591426 32.9966669965 33.1450914291 32.7566057696 32.9809191828 32.8237091897 32.7416335954 32.9782227335 32.7712075075 33.0225216523 33.0137564815 33.0192031592 32.9376595528 32.5943179125 32.7999410447 32.8086319156 32.7075089856 33.0034095301 32.5398819166 32.7429478675 33.1199723055 32.5632722426 32.7051148228 33.1057859054 32.8283358901 32.6025327481 33.0191393688 32.9383738329 32.7691899209 33.0240478041 32.9095618304 32.9915560557 32.6231114051 32.698288056 32.7947675004 33.1645502151 32.7043707272 32.7782514662 32.9166984513 32.7338696356 32.9049879886 32.5395685784 32.5887483557 33.1500581468 32.6638801818 32.8802363862 32.9026569169 33.0471939896 32.8645843715 32.5768863733 32.8794114463
32.6105734442 32.7518307995 32.6906055213 32.6430771761 33.1878954805 33.0392998368 33.1116155056 32.9789368231 33.0977441672 33.1096845316 32.6163609754 33.0986910783 32.5364393464 32.8428682059 33.1420313335 32.9038331588 32.6373434626 32.8590659607 32.5508075607 33.1076550405 33.1066218521 32.6126175358 32.730359821 32.9119393487 33.1205638806 33.0782741179 32.8222599197 33.1424827751 32.9677692994 33.1725075689 32.8718820643 32.828752336 32.6154265075 33.1817230921 32.6988423679 33.0332897361 32.9473317549 32.9415689281 32.6625475715 33.0199642163 33.0307740466 33.0385926623 32.6709850878 33.0971223373 32.5377730427 32.858404761 32.7625110781 33.1125270689 33.1117533783 32.5183918293 33.0941974746 32.8416159833 33.0867025911 33.1867824557 32.6156215359 33.1235430206 32.5096918267
33.1323985887 32.8056579375 32.8512263467 32.7629764848 33.1314862344 32.5875511056 32.8536111324 33.1427234536 32.8074696259 33.0403461966 33.0469186517 32.6393287671 32.9130373886 33.0721422716 32.9591794344 32.6689143512 32.5093356823 32.5482734698 32.6173133069 32.5798915842 32.8443673984 32.9959488314 32.8425232836 33.0723951408 33.1961489823 32.9054460519 32.5922297241 32.9961512048 32.9185469599 33.14327873 32.8364078602 32.5498678626 32.9388859399 32.504635544 32.8783748177 32.7888076528 33.159947662 32.6667021832 32.9373412939 33.185556386 32.69004389 32.9935218608 33.0393841347 32.7948787433 33.092240194 32.5764987744 32.687592055 32.8626852172 32.8993864429 32.9867027389 33.0090549961 32.53065892 33.1313549885 33.0042000556 32.9602089289 32.8845059331 32.7961965367
33.0780336926 32.9885247601 33.0590014872 33.031343269 32.9766765999 32.6050860967 33.0773779983 32.5853250503 32.6443400687 32.9025566634 33.1133928576 32.5459501475 32.915514023 32.6514176029 32.691109169 32.6912916624 33.0576491632 33.1783645697 32.7793046552 32.8352562487 33.0062662306 32.770250592 32.7986966879 32.8804089428 32.5838803583 32.5939220784 33.0106016772 32.9852932423 33.1153267858 32.9949331207 32.6108360279 33.1644800356 32.9861017962 33.1151057194 32.9909890212 32.7525895722 33.1809789086 32.5705227801 33.1598196289 33.09060647 32.8898907893 33.0002223171 32.8164738005 32.8242896456 32.5737045575 32.7337356353 33.0421309532 32.6238847908 32.8163859171 32.9723248269 33.0207142379 33.0133244364 33.1822276472 32.8767783187 32.919890014 33.0253758844 33.1981953055
32.9507079585 33.0212877005 32.6921478927 32.8996745474 32.9144569578 33.0984708276 32.6217232243 32.8223056491 32.7932086949 32.8619433812 32.602488304 32.8842793999 33.1191718427 32.6586586959 32.8834549154 32.8218262949 33.1581089347 32.5948294568 32.8667515754 32.7983807008 32.5094722692 33.0460227706 33.0119805865 32.7063599147 32.6388203309 32.5433767477 32.5645865096 33.1603626413 32.8002775543 32.7289144308 33.0561042971 32.5419668214 32.5907395593 32.8202377114 32.6973419224 32.7074518378 32.5002840169 32.9615479645 32.9554927982 32.6343734632 33.1092063713 33.1309617867 32.5067085294 32.8919655681 32.7234282679 32.8987054774 33.038592513 32.5021598756 32.7646370904 32.7162836559 32.6989097742 32.8238044507 33.0045688085 32.6981287113 32.9455199869 32.503377118 32.6801805657
32.7175245904 33.183415166 32.6210031918 32.6906276994 32.758978346 32.7225352996 33.052909977 33.1289089613 32.5551702457 33.0708583377 33.1919339944 33.0882048347 32.5123263214 33.1479370128 32.9327293518 32.6447530682 32.7648344236 32.7507245071 33.0837082256 32.598716866 33.0481998638 33.0252645755 32.8540836326 33.163603791 32.9509407156 32.6936725294 32.6986042673 33.1757275685 32.7396511656 32.9085905176 32.9439285095 32.7516605158 32.761949901 33.0768301335 33.158776565 32.6344409262 32.5341120545 32.8117718538 33.1733586742 32.6276705656 32.905023077 33.0315164431 33.003748656 32.608472477 33.154563796 32.6189140204 33.2004102179 32.7894837938 32.7013322294 33.1735722565 32.790893138 32.8363837225 32.8599358709 32.7307688289 32.837607417 32.5286796551 32.7761630728
32.6681786076 33.0687672104 33.0319365306 32.7671515283 32.8062601933 32.5371209274 32.578872248 33.094193026 32.5964906531 32.7093229415 32.7701241187 33.102359832 33.1909795292 32.6420595771 32.6213943844 32.7385232702 33.0131487989 33.1285213562 32.7358472382 32.5874042373 32.7602836173 32.9313572365 32.8704223984 33.1362663153 32.6474760131 32.8110760044 33.0969285196 32.6614723125 32.9039079355 32.9679432223 32.6219515569 32.8326263436 32.7542363783 32.6577142095 32.839770313 33.200749418 32.6600271712 32.629464271 32.5018173719 33.0330435537 32.9083359773 33.1792094208 32.9192444106 32.6875256325 33.2055762681 32.749643285 32.8938517226 32.6022113647 32.6493374657 32.6572298408 32.8475870495 33.0415327806 32.5149458485 32.747097312 33.0283408503 33.1787231247 33.074659261
32.8474076233 33.1043093428 32.7023453144 33.0128251419 33.0666199879 32.6363951585 33.144191063 32.6363999513 32.5309860362 32.8591920224 32.6057407961 32.7379503216 32.8681034025 32.5410933692 32.7569661471 32.8518771786 32.762938973 32.6076833998 32.8654808032 32.8552286105 32.5168119422 32.5245818408 32.5582924609 32.9469746793 32.8928787155 32.6863376692 33.0101577106 32.9959584736 33.1873160606 32.6876037837 32.7143503538 32.89768158 32.8813020593 32.9453515318 32.6508601536 32.8523438353 33.0680270946 32.8170961303 32.9596297933 32.7789002263 32.6980310512 32.6971112225 33.1655622594 32.5698754041 32.7064283286 32.9019589393 32.7420803271 33.1262099267 32.5546604244 32.660722072 32.9533436662 33.0919951991 32.6853393436 33.0617750692 32.5855521727 32.6829195175 32.8161656208
32.5011204755 32.5074233901 33.1398787583 32.6523478483 33.0470153234 32.911480812 32.7260445447 32.5313489645 32.9154042765 32.5781460248 33.1181052361 33.1977028256 32.5322237826 33.1159796822 32.9348019865 32.6215010139 32.8555820364 32.8449101369 32.7362074164 33.0370829304 32.9238650303 32.7986062097 32.605233138 32.8259756924 32.9401262944 32.9576381736 33.1341395547 32.5276867923 32.59379548 32.7517667157 33.200696372 32.750660438 32.7680447807 32.7766419602 32.5449866117 33.0334106981 33.1469515641 32.6654043587 32.8935594995 32.958353832 32.7117962593 32.7075548492 32.7539136224 32.5122708043 33.1760433105 32.8283807077 32.5602123197 32.5732527253 32.989151889 32.6425816908 32.8128316873 32.946520805 32.8254838596 33.0843175268 33.1086284681 32.8111962766 33.0330644043
32.6999325753 33.1681371436 32.6876691313 32.8606425293 32.6012658974 32.7495737501 32.7669580131 32.930424086 32.6878244982 32.600438394 32.6394134133 32.8993991658 32.8916727616 33.1870534422 33.0819772543 32.5530780331 32.6504544158 32.8814775454 33.1350345047 33.155802777 32.8974200269 32.7178205787 32.944686819 33.097269067 32.5613528851 32.5706700638 32.8336409862 33.1433802633 32.9051904714 32.9813550236 32.9802088983 32.5189753678 32.6445082778 32.805074654 32.8086982366 32.7038397354 33.1040082383 32.8959282801 32.5880763414 32.5141677026 32.7160591413 32.8461595638 32.712550497 32.5448150451 33.0316150187 32.8297406217 32.6145117737 32.5110143951 33.1381441709 33.0997689531 32.5083116364 32.589262132 32.8141320935 33.0264941918 33.0619962422 32.9913480078 32.9746983644
32.5060462558 33.1427593587 32.7645882353 32.6418496231 32.6485997408 32.6999615447 32.5307717635 32.9244858211 33.1910477693 32.6152713622 33.042870111 32.9221702466 32.6224044496 32.620226467 33.0886690199 32.923165363 32.9097723879 32.6192572735 33.1571783801 32.7125824411 32.7933848996 33.0176608318 32.5121999292 32.912519062 33.0391255152 32.8040800914 32.9333215279 33.1370261925 32.6721614347 32.6141403028 33.1289944027 32.5119768487 32.8269156726 32.6226801987 32.6967183215 32.5338936162 32.6014892172 32.6453422434 33.1696160548 32.544101642 32.7539268659 32.8294724904 32.5840266378 32.6678103373 32.9105720868 32.9194519797 32.7538233983 33.0277168746 32.636229548 32.7286368341 32.7257536658 32.5395269499 32.8064069078 32.6655330499 33.180459074 33.1368568256 33.1977879616
32.6329374095 32.5691175497 33.0035365607 33.2018700868 32.9061420039 32.5827568747 32.8539926749 32.5595187946 32.8170708674 32.5205606137 32.6565537056 32.791317948 32.6576814228 32.7894391136 33.0820384715 33.112614841 32.69220343 32.8953978925 32.8410223923 32.9353278016 32.9113163374 33.1259947873 33.1048916695 32.749582445 33.0798358424 32.5718236516 32.514807547 32.8977438143 32.7343546415 32.5027330185 32.8917072967 32.7251741196 32.6672537632 32.5141699951 33.1280111589 33.1773111736 32.771711426 33.1312591175 32.5779457734 33.1661170709 32.516068962 32.5302483431 32.6743306141 33.020591304 33.0268481052 33.0983748917 32.807848683 33.1799279436 32.9886817134 32.5861738412 32.5801380927 33.187047771 32.7087450086 33.0341635663 32.7286259993 32.6606636062 32.6720932766
32.7536025956 32.528669774 32.8654724582 32.9479290701 33.1251012759 33.2028612154 33.194130477 32.9449927471 32.7557640519 32.5805627541 32.8912878308 32.602971503 32.8046289279 33.124381947 33.0025550243 32.8311942956 32.8172621207 32.759834623 32.6784329957 33.0374099438 33.1800593987 33.0669525462 33.1057587839 32.9472098019 32.5801989268 32.6384502467 32.6305144138 32.6635307557 32.966918189 33.1573981559 32.7987542775 33.1284043545 32.6475869559 32.8548479719 33.1924599629 32.7662816682 32.7169714059 33.0312821824 32.9656056809 33.0286212665 32.9181699358 32.6728056087 33.1357932108 33.1055267887 33.1133391048 32.8694899037 32.6413187723 32.7591827193 32.5446297931 33.0820428822 33.0564582102 32.9077316338 32.5713158916 32.6233008941 32.8336970723 32.6156019145 33.0082020849
33.1116616024 32.7651469584 32.907737831 32.8449470546 32.5690182943 32.899471303 33.0272324445 32.5754126083 33.1138528063 32.7411801876 32.5862234047 33.1237980683 33.0118730241 32.5345743058 33.0948409255 32.7282543993 33.1402194391 32.8474098055 32.7488483221 32.9236958254 33.0784001669 33.0362988211 32.9594928785 32.5196336423 33.1048994315 32.8034099971 32.9949283891 32.6033599837 32.5641892158 32.9801361337 32.8900423231 32.7424335277 32.5612581985 33.0562035424 32.5375959244 32.8080458938 32.7238112842 33.1268059767 33.1742434594 32.9647574802 33.1494355191 32.9199717469 33.0471386078 32.5347645634 33.1580976244 32.7688616543 33.0441777959 33.1452752271 33.0868811342 33.107132539 32.9923544272 33.1278333738 33.0260282637 33.1878708151 33.1106566109 32.9297008526 32.679368465
32.5265270754 32.811015509 32.5046107374 32.8634967166 32.8226415291 32.5175323197 32.8034082104 33.0353279707 32.7936688193 33.1765678389 32.9504111238 33.1830576191 32.5012298953 32.6394718501 32.8700338874 32.5398731135 32.5616779836 33.1768965991 32.6457297834 33.0723507216 32.6447594435 32.9676403063 32.5269645794 33.0235786298 32.6061057327 32.9653707465 33.1768745866 33.1031056558 32.5695253544 33.1496277431 32.5784931683 33.1799770662 32.9883057512 33.1450368324 32.6366496751 33.008182499 33.0259922424 32.790180154 32.846008325 32.9455572011 32.9849757645 32.8569827329 33.042772416 33.076234808 32.5286463219 32.5941389426 33.0113611762 33.0070380072 33.1064060973 32.7193522049 32.9420659771 33.0216985379 32.7779823242 32.5773250673 33.2033215184 33.0925769569 32.5688472209
33.002539003 32.7080103617 32.7612145403 32.9213836306 32.8984321757 33.0685761761 32.9681838869 33.072122542 32.7212149453 32.6203412147 33.0539604878 32.5379306455 32.6984247193 32.7410066145 32.9704704753 32.8622277119 32.7377652606 33.0033219372 32.9235916969 32.56418371 32.7715770422 33.0163547803 32.8056170639 33.132661352 32.9991116703 32.7246581404 32.5671640585 32.5789662329 33.0432575411 32.6809652638 32.922167281 32.6025257332 32.5081343106 33.0027982278 32.9412744879 32.8231773831 32.7893749925 32.7586769594 32.7353396739 33.2045083408 32.7857658078 32.5979154427 33.1159250585 32.7428777251 33.1662372732 32.6673507522 32.6613589685 32.8155932078 32.748061057 33.0955936925 33.0800929367 32.8564377686 32.9663573733 32.9086604666 32.6159588172 32.7781337893 32.7048183184
32.9156601705 33.0392184692 32.9477856769 33.1110989571 32.9770825236 32.9514309981 32.7546608239 32.9617394746 32.7086941862 33.0723295231 32.8155961451 32.9190555331 33.0224599488 33.0521223123 32.6245798248 32.6665270173 33.1358395207 32.6245192003 32.8289925696 33.0556431417 33.1994559102 33.0165053674 32.8567375991 32.8074988982 33.037922498 33.0330438223 32.9305445165 33.1475499828 32.8180086889 33.1340710941 32.574226225 33.0366699859 33.0037900973 32.7068412184 32.94990037 33.1297035929 33.0757442879 32.8644697255 32.8159817306 32.8644138454 33.033936405 32.6731918644 33.0292712647 32.6370201163 32.8634060305 32.9861076691 32.9779866676 32.5425461219 32.6636117273 33.206647594 32.8594282266 32.521122686 33.0557280616 33.1293548631 32.9496089688 33.0913264784 32.7897930783
33.0092938901 32.7724705826 32.5163337171 32.8263871437 32.7295910283 32.5875053726 32.9236955786 32.6704984839 42.8595123096 42.4467307262 50.8983971009 32.7975451721 32.7316344046 32.7524973833 33.138930612 32.5902288817 33.0702992635 33.0481626362 32.7424147461 32.8156002738 32.5618318899 32.5407861364 32.6700943325 33.0017104425 33.1621421927 32.7575980093 32.6264392156 32.8669391093 32.9283006084 32.7537832995 32.9100792443 32.8545201767 32.9315493437 32.5786065928 33.035633638 32.8069711268 33.0665516676 32.5613439569 32.5995519958 32.8478165902 33.1000670443 32.8033168272 32.9909296328 32.505850032 32.9281128573 33.0894848739 32.7756682341 32.8661308592 33.1623809913 33.1184138187 32.5338328518 32.5157711475 32.9106816118 32.9708186326 33.1672419454 32.9743394669 32.6708120578
0 32.9658303449 33.0267908706 32.9420205559 32.6752422259 33.1649260445 32.6872027426 33.1261366582 47.5070947601 49.86829536 47.6214153652 32.6876746681 32.6495705454 32.6929138547 32.9425146088 32.6494574033 32.6789447734 32.8720200384 32.8571027941 32.649342931 33.1767399248 33.1086241345 33.1024086253 32.5093300814 33.0169384158 32.6253109647 32.7721331928 32.9565047968 32.755939117 32.8451313881 32.8982250265 32.7255406502 33.076427308 32.7007967109 32.7270429195 32.7981946397 32.7968090677 32.5063347383 33.009003165 32.6505311771 32.6608805845 32.6259650162 32.6395242968 32.8284402362 32.8492135753 32.7136229187 32.8946649398 32.5152484766 32.9375453933 33.1112333441 32.7267145698 32.9126017607 32.5374874393 32.6842161905 33.1531086947 32.9319398934 32.5541404261
0 0 0 0 33.1711198927 32.7021691982 32.7495442405 32.5102035305 47.0893238152 45.4831455599 42.5335055681 32.6329649817 32.7446350515 32.6526528342 32.7238629503 32.6824209479 32.5905244552 32.9014249234 32.8553556572 32.6906524343 32.6428222525 32.6797988961 32.9137629181 32.8679848118 33.0574583707 32.6912588972 33.1726482124 32.710084506 32.8815126468 32.8756806805 32.8523585045 32.7607105675 32.6616673476 32.5563834968 32.6616754054 32.9645205168 32.8551914331 33.1249592637 32.9304581534 33.0087077299 32.991456242 32.5001896626 32.9204314364 32.5193947686 32.5723551016 32.7702771661 32.6575221418 33.0347536873 32.5316908391 32.5500927936 32.5396913523 32.6385905751 32.6372267028 32.7178196568 32.691972559 32.9817782838 33.1362535007
0 0 0 0 0 0 33.1611740158 32.8943776632 32.9641006606 32.5521936278 33.132410437 33.1875598845 32.6565612293 32.8047052327 32.7610497644 32.6684588648 32.6173382707 33.0712980631 32.9361401115 32.6653902202 33.0273747127 32.6218797221 32.5948318708 32.9797230583 33.0920344327 33.1186027499 33.0777543486 32.9980761541 32.8054540157 32.6601595238 33.0862970636 33.1868975075 32.8748036581 32.9274711554 32.87581202 33.0099710348 32.7490800492 32.8683252804 32.7093888828 32.9011506119 32.5261242399 32.6612610708 32.7513764466 32.9173841848 33.1311897385 32.8056088989 32.5703844717 32.9239603118 33.0795162542 32.5421899532 33.1398839951 33.0427355384 32.7017268374 33.0009919268 32.5807794029 33.1826167142 32.8230932155
0 0 0 0 0 0 0 0 0 32.9946332233 33.063997901 32.6313084816 32.760871179 32.8631667297 0 0 33.1355670629 33.0104625418 32.7223727815 32.5616018241 32.6221572574 33.1680239487 33.0406876385 32.6994370595 32.831394779 32.5788891988 32.8469512075 32.7417932866 33.1739122892 32.7635638144 33.0297562711 32.7720282471 33.03951246 32.7371347453 33.1689920853 32.7446431679 33.1111081146 32.7235484651 33.0399691572 33.0847353953 32.5260899685 32.9542905621 32.6725348903 32.9788302903 32.8319815362 33.1981172628 32.7599177046 32.8514466192 33.0392327214 32.5769051025 32.5203529049 32.7059686759 33.0486793059 32.8488144734 33.0641204078 32.6076381925 32.6414526796
0 0 0 0 0 0 0 0 0 0 0 0 0 0 0 0 32.970879841 32.5756687523 32.5607660972 33.191937537 32.5430304389 32.7441318271 33.1937723498 32.7147606338 32.645946809 33.1164603257 32.6033136339 33.0740935287 32.7451187246 33.046175348 32.7437863524 32.9681306633 32.6546949294 33.1979488619 32.9625498845 33.0075630876 32.7948047431 32.7400280133 33.1190120445 33.0423785149 32.5307731016 32.9267007445 32.6570182495 32.5657270298 33.0108791254 32.9903721107 32.829277409 32.5151851536 32.6659387436 33.0101507663 32.7523376671 33.1304451572 32.797022977 32.7967345473 32.5762459139 32.8409059947 32.5410424145
