Spatial_Output/DEC/DEC_0231.asc
NCOLS 155
NROWS 192
XLLCORNER 196307.867259
YLLCORNER 449144.565805
CELLSIZE 33.573938
NODATA_VALUE NaN
[rows 52 to 77 of 192, columns 57 to 113 of 155]
46.6443832038 47.1034527953 46.0408940493 46.0066204318 47.1597569941 46.8764269052 46.0815470104 46.2483270234 47.2419959513 47.0538411452 46.0686861045 46.6681343533 46.1288219145 46.2927247163 46.4671100323 46.784311869 46.8584485109 47.392568338 46.8041164264 46.1700270747 47.0105091094 47.0206317124 46.0241357975 46.1657373849 46.0394329456 46.9692061827 47.138755149 46.8076212669 46.6621127546 46.3033218726 46.2943834549 47.2692716854 46.527765038 47.073162698 47.1916214977 46.090603271 46.6110129115 46.4920178841 46.9895012011 46.0517160706 46.9399908747 46.6577735733 46.9309671301 46.6757806416 46.5274059887 46.9383380573 46.1020302581 46.6249717838 46.8506625779 46.9264923891 46.1824373518 46.7269807512 46.4472096081 46.8501448614 47.0112040704 46.6230879732 46.9075328663
47.2289851121 46.8216105338 46.0597509367 46.0399165607 47.3628680541 46.3639153033 47.0366383962 46.0236968552 46.509404233 46.2083020584 46.8717319084 46.115704842 46.5288204827 46.6648086724 46.1047453445 46.9586232578 47.0421514276 46.2101839853 46.8841409164 47.1176882777 46.2824754303 47.275697738 46.8154498834 47.3204852876 46.6484045994 46.654338 46.8636620597 46.8798041947 46.7547839868 46.0096300419 46.3150299805 47.0626955819 46.5449442853 47.4002925564 46.4173657433 46.5057633253 46.9357906238 46.3229576268 46.5897043574 46.9717531051 47.2366366245 47.0574375143 46.7839464025 46.1308637476 46.6183049985 46.6404098169 46.4330424528 47.3415449455 46.2522098225 46.4429354917 47.0254965569 47.1104893033 46.2035409427 47.1163472704 46.8620499422 46.9595704504 47.3314457732
46.3694079737 47.00801528 46.7546893892 46.4229867917 46.2449713388 47.1759298456 46.0156776239 46.1220970549 47.0193197458 46.7841352862 46.5597331711 47.0556797919 46.4734318637 47.1187998785 46.7740680211 47.2316577311 46.7731556342 47.3950445822 46.8579966034 47.0391235945 47.0612597269 46.5952624683 47.0677666334 46.4019736641 47.1251855674 47.0957289433 47.3889954998 46.8410822827 46.3232101057 46.5141761296 46.6829383582 47.3471613356 46.4636356554 46.1555706057 47.1776238312 47.1134724735 46.9999360541 46.0243408851 47.2702678321 46.705632846 46.2227030192 46.395253634 46.4864499875 46.3939696605 46.845096485 47.0294008835 46.309916832 47.2034035339 46.2706782785 47.2631354074 47.2969763986 46.0326762604 46.8568489942 47.1932345737 46.9327970452 47.3667501245 46.2345895785
46.8143420092 46.0081031699 46.999789205 46.194145404 46.4662379144 46.1897042515 46.8219736344 46.0598450069 46.6167860595 47.1858129217 46.2815473327 46.2779783712 47.2386025605 46.3535978471 46.8972708579 47.1723786985 46.8913942684 47.1356730343 46.8345107724 47.1808444552 46.8559083688 46.1620081327 46.3870307219 46.2197660093 46.0453835473 46.1582856615 46.8607426563 46.4239563629 46.7532257313 46.1977539745 46.5858381639 46.1297454859 46.7762995778 46.4550134516 46.9227149499 46.6862255509 47.0352082988 46.9912677427 46.9463072719 47.1487979664 46.4145587891 46.4890210314 47.3175420919 46.9126781473 46.3858413456 46.9802372061 46.0000048747 47.1856518152 46.5197941826 46.4327111433 47.0597426514 47.1776562546 47.3278156977 47.2485217313 46.2338571464 46.1435531223 46.6544034169
47.3787093217 46.262719654 46.4057381937 46.1499622194 47.3283355423 46.2382404371 47.015643264 46.9974664458 46.8722236324 47.3003906992 47.1314769256 46.3730714747 46.0961106142 47.3969906618 46.7160701325 47.3351044135 47.0450404318 46.6442704986 46.234791504 47.1428247242 46.7320271358 46.1410703607 46.0227963823 47.1971202016 47.2213264688 46.2038889105 47.2150437826 47.3082407909 46.8205553743 46.9773344984 46.1322211611 46.4571265398 46.2010666614 47.3672849157 46.4560450092 46.4435348189 46.9463679626 47.3221906172 47.404937786 46.0160725875 46.8492163105 47.3575813157 46.3678246173 47.1034936506 47.1702998613 46.4187380429 46.0069636392 46.9869434335 47.0581031584 46.5732581298 46.1194540304 47.3347499735 46.5445627221 47.3818875215 46.3955160982 46.13433096 47.2088351871
47.3718399328 46.94339754 46.1505975352 46.2143489726 47.3664617542 46.8002408345 47.3240728161 46.4182837312 46.5738005221 47.2455755632 46.7002416559 46.7834947539 46.446192006 47.2416005424 46.7077415061 46.3266148647 46.2994688385 46.2424624883 46.2755338854 47.107961952 46.475272319 46.748980169 47.0676570919 46.6272744041 47.3640163969 47.3328621773 47.2120917526 46.3318432449 46.1843421249 47.3401449875 47.4067829941 47.1129053397 46.6254441005 46.1295516019 46.8620022655 46.811977484 46.9929647256 46.5228275732 46.3719529226 47.239119788 46.6681508645 47.3962643962 46.0141075108 46.2490559754 46.5717150093 46.9169620068 46.8264578067 46.7503613864 47.1542555237 46.5819587659 46.5478105521 46.513987139 46.2860009562 47.0719392726 46.1764355491 46.4361340906 46.9681041316
46.723204822 46.8722470349 46.6175732768 46.3768253463 47.0686758977 46.390510925 46.71605805 46.4764599928 46.2837734354 46.6764993951 46.7926900655 46.3273913963 47.007644024 47.2890086206 46.2775862941 47.3468475391 47.4022194434 47.0783833909 46.8205464809 46.3858152488 46.3108564727 46.5182941772 47.3881462151 47.2035344348 47.3604071105 46.4697853083 47.3483710648 46.7696353552 46.8569720504 46.9646704891 47.3695943776 47.1333902774 47.0935855276 46.6891112917 46.4186384986 46.9802901203 47.303365983 46.9048321667 47.141508867 46.932150793 47.3885995528 47.0520581927 47.2555127312 46.9407189634 46.9672643389 47.1013838459 46.0284085987 47.2786192731 47.155456761 46.1711376437 46.2643668101 46.7971243922 47.350736768 47.4047921963 46.942145539 46.0563509311 46.7575041155
46.3175720547 46.3673570499 46.0423557822 46.2010236304 46.7268956472 46.2940010133 47.0297101784 47.0777250421 46.2437121726 47.1207571144 46.108709935 47.2540582158 47.0793127246 46.3051216864 46.3130008063 46.0418511994 46.773509572 46.6880297131 47.2601213996 46.4628345406 46.9481162482 46.0870161229 46.1704121923 46.6642010581 47.0483852813 47.2516731701 46.5247878687 46.9428155881 46.4932666492 46.2110275133 47.2789665665 46.4999997871 46.7256778131 46.5381604929 46.8895341162 46.3119909203 46.4174065595 46.1874282046 47.1246165866 47.2906209587 47.2513679561 46.5457591728 46.9103305002 47.024850016 46.3695009011 47.2390719942 46.624606324 46.5766434977 46.5244748175 47.1287567573 47.4005404808 46.477550543 46.6150453215 47.3743509929 46.2130858679 46.0696584648 46.0787384084
46.8301265688 46.2136426775 46.11253231 47.2303749912 46.2480853961 46.4784569873 46.742544129 46.9887363602 46.7374390959 46.8432857117 46.7804840391 46.8615415068 46.0819284343 46.6331263541 46.5485767787 46.054013944 46.2573306242 47.2411559886 46.5200919442 47.3761711479 46.5144092732 46.497801659 46.0754448084 47.3734083308 46.0386309398 46.9451041741 47.4118529179 46.6308518706 46.8833495812 46.9931091883 47.1280370585 46.2749918951 47.1320842421 47.0303458813 46.7521547821 46.9975853615 46.4518536547 47.1733569089 47.1607652772 46.2278087675 46.6774779337 46.1581936451 46.0222830284 46.161368884 46.4001806839 47.0786267841 46.3616412807 46.125920522 47.357268852 46.9897575994 47.036191373 46.8662836491 46.0058755937 47.3920851043 47.1395794231 47.0832064003 47.1826131291
46.6075902291 46.0557248184 46.8130993439 46.2434964278 46.0550635965 47.1741016107 47.1384154023 46.4636285607 46.0175321817 47.039765459 46.7711218097 46.8741682648 47.3343296225 47.1371638779 46.4356838994 46.2892308052 46.6499782702 46.6287993941 46.7217414103 46.3276054187 47.3047353311 46.9994785972 46.6641541549 47.0397827469 46.2237041839 47.3759151575 46.5548432224 46.3312259655 47.2145330165 46.5920762555 46.7062026208 46.1915859287 46.4388975155 46.0520683641 46.0220332496 46.681252528 47.3922753729 47.405128317 46.4889762088 46.5791500698 47.4060472812 47.0155387035 46.0233083124 47.0149141177 46.3371394744 47.411335023 46.8961570927 47.0421370926 47.102231346 46.1144654552 46.023670147 47.0248784279 46.205455018 46.0281337039 46.170302985 46.726722155 47.1522264057
47.1711858029 46.1222118416 46.713988424 46.4175820375 46.0759616762 46.6449844268 46.8936691169 47.0754229558 46.3644453515 47.1401323473 46.2928180546 46.6504240931 46.1567959408 47.1325718941 46.9377150525 46.0335401792 46.245877181 46.5434174601 46.019305452 46.2259806472 46.4212201105 46.2505413664 47.1084483482 47.2852407952 46.822643233 46.1371396189 46.0364987659 46.6072919368 46.451487878 46.9291742558 46.4264416031 46.1248931804 46.1609139691 46.8353711766 46.8250279459 47.0667916347 47.1023829457 47.2639444358 46.3173275037 47.0599614032 47.0317945506 46.4916843354 46.485145186 47.2241391875 47.1784199607 46.9805411893 46.8706167768 46.2642276795 47.2153946386 46.1940186484 46.0854619288 46.7987933113 47.1464746596 46.7385407416 46.0315919333 46.2278730148 47.1202087539
47.2716798183 46.6286144601 46.2191245246 46.8527469809 46.5205118183 46.6245462345 47.0410538006 47.0998614153 47.1957744832 46.4246230978 46.4144456051 46.510033559 47.2181813067 46.2479956741 47.1520350244 46.3536127301 46.0253051246 46.4248466972 46.4485000997 46.5096623244 46.4607815717 47.0571852347 46.1473346437 46.4015763124 47.3375327831 46.8437868899 46.2850937572 46.4974469854 46.2989950772 47.0106699128 46.6689941234 46.1718316035 47.1295602072 46.774092717 46.8290180278 46.5688083401 47.075951789 46.8717969903 47.3061366571 47.1622033568 46.2390160852 46.5928557806 46.4304628509 46.4428587286 47.3094041891 46.7035001099 47.376179591 46.8110166608 47.2892208482 47.1608152465 46.0053931942 46.1399210677 46.5122698845 46.4122408048 47.0542677215 47.3457272309 46.1846023596
46.1162275077 46.3401503178 46.3554278503 46.4207644977 46.1647212306 46.930224364 47.1415856978 46.371712155 46.2444247522 46.1923243443 47.0432582307 46.3222782496 46.9405270766 46.1162033793 47.1830796791 47.176992458 46.5686755155 47.0049118598 47.1202247246 46.8205992802 47.3770376715 46.5745120952 47.3254558311 46.5956658845 47.1425382125 46.969865513 47.0940467669 46.6012697385 46.3769414291 46.307202104 46.465894917 46.4523871073 47.0434838388 46.0205763155 46.6675428797 47.3422255202 47.2003658873 46.298553858 46.3989660559 46.6654047938 46.0765230913 46.0816067196 46.67130997 47.4085095376 46.7506319922 46.3810483632 46.3476251228 46.1793237157 47.0361577845 46.8484284412 46.2725915388 46.192545062 47.2215503031 46.1111161967 46.1786201573 47.3965348697 47.0543187574
46.5441747677 46.1338682085 46.3967096773 46.9163264478 47.3318789242 47.3060251406 47.1449852635 46.7668007508 46.3854938758 46.5176412094 46.5635883783 47.0535765758 46.3427485974 47.0196791994 46.180849307 46.732087486 46.6221998487 46.9233865079 47.032338982 47.2965540013 46.8868571916 46.4274999466 46.7439439686 46.514094775 46.5251886121 46.5401947627 47.3285682363 46.8753944431 47.3169639603 46.5194917685 46.3782354592 47.0705872474 46.9134559425 46.2498173939 47.1917170094 47.3938048989 46.5606966391 46.459385125 46.8834199257 46.3909757771 46.533321153 46.3836407498 46.0879032035 46.4505797893 46.0891718578 46.5687372935 46.179209826 47.1190571858 46.565821973 46.4518113245 46.7134401162 46.7111527156 46.9443551796 47.1669228169 46.4969130315 47.3473251233 46.8766892843
46.9225427885 46.648151248 46.2347811442 46.3092765309 47.2697408425 46.8830728991 46.438660993 46.4886755921 46.6258171 46.2832696203 47.2620134758 46.312865253 47.3679180122 47.036120558 47.1733763577 46.2973441259 46.3135484797 46.8593941062 46.6613674357 46.364241679 46.1865502627 46.9149736416 46.864290261 47.2449697782 46.5632182194 46.8500376147 46.5381300745 46.8273786247 46.5882360434 46.682671665 46.6294286552 46.9836573775 46.3861342759 46.3158046414 46.0479532006 47.0797046036 46.4096305125 46.8776512988 47.3822266913 46.7419183653 46.2832572885 46.4061308555 46.8992012238 46.7140548549 46.0353304918 46.003324724 47.1183483689 46.3757061018 47.2902828046 46.8392104799 46.7616021295 47.1860077293 47.362642578 47.2119118665 46.7932980987 47.3877490532 46.2172387959
46.7797606421 47.2370048237 46.4711686368 46.3035683967 46.6948414765 46.6544670705 47.257592444 46.1576654414 47.1956588181 47.2940789113 46.2784925869 46.2425538524 46.1643801425 46.1501591337 47.0477643201 46.5173744926 47.3422147661 46.106907876 47.2663490972 47.0789213205 47.1703821377 46.8713940988 46.3149482546 46.6013518386 47.0157026636 46.0751621679 46.7362496195 46.9529296035 46.7981881787 47.1279683876 47.072984516 46.8323661119 46.1886241479 47.1946727853 47.001643636 46.4017881242 46.8699920301 46.0897441756 46.8979046517 46.9704214122 47.1368509897 46.6275385878 47.3830438373 46.0265781769 46.9760066565 47.1395569062 47.2636102153 47.2304301016 47.0647910835 46.5777533499 46.6971791144 46.0696033023 46.0290914081 47.1271726567 46.9195101373 46.0165505111 46.5351889289
46.5359658747 46.0995669135 46.6748780747 47.1438304536 46.2044772975 46.4895419937 46.956091306 47.2667688498 46.9148975774 47.3607903436 46.8063126966 46.0044804229 46.09631572 46.0774858031 46.2742134955 47.3975027437 46.2334438519 47.07964956 46.5325306269 46.5800480259 47.0482611297 46.4646157646 46.6164886948 46.3910125164 46.1898901869 47.2677969585 46.0371293846 46.2771360066 46.7388198619 46.4643792184 46.7148918265 47.2515191453 46.8792262287 46.1417016226 46.7420405897 47.0603936162 46.852205128 46.9648572561 46.8933257351 46.7142786259 46.1746423647 47.189437516 47.0721863459 46.6929508361 46.6122311736 47.386449993 46.8732551507 47.0648473168 47.359497981 47.3219999542 46.2154748146 46.4549738039 46.2014173405 47.3426385611 47.3003118694 46.4533941098 46.4491965913
47.104326204 47.3334297442 46.9825948739 47.0412859205 46.1418457376 46.0784504221 46.7685863262 47.1610557209 46.296798234 47.1681182935 46.2398413523 46.7882573755 46.2164093179 46.9074152529 46.787786266 46.5758229788 46.096980977 46.8306182425 46.8702176007 46.1112882282 46.629959097 47.3619974965 47.165477129 47.3292970749 46.0918352437 47.0400416414 46.8178475347 46.1713441204 47.2349486374 46.1968926569 46.8836277294 46.4738835933 46.436666441 46.5071407141 46.0179501726 46.4680383901 46.2283221724 46.2810800656 47.1519379122 46.8885845111 46.4597128892 46.4643013391 46.6739767316 46.4378915566 46.2004928559 46.6606647765 47.0525877081 46.4281299118 46.6912613356 47.368937577 47.2585688879 46.1191713793 46.9888341864 46.6504570875 46.1893332305 46.3909181842 47.2734974042
47.3183711251 47.3924342133 46.6350773594 46.7313733927 46.7202251635 47.0962366202 47.3332612952 47.0702732856 46.5819907247 46.2850379055 46.2283036794 46.9340939358 47.1173834391 46.616902445 47.2270193792 47.3489998038 46.237507915 46.9751370465 47.0769912249 47.0248169158 46.4706372633 46.1009277294 47.2724571805 47.3281626338 46.644219089 47.2953642718 47.1844295903 46.6981516039 46.1130637701 46.1657664032 47.396560511 46.5860111447 47.1446067264 47.1176580281 47.3760495646 46.2144904781 47.3278863195 46.8227835158 46.9642508251 46.3898663114 46.511536064 46.9592484027 46.0866025087 46.1507000572 46.173971772 46.6352764435 47.2894758789 46.8929476901 46.0890258044 46.1295276363 46.9397616248 46.7813153548 46.2551832441 46.1715031438 46.8223138244 46.7608606598 47.4124257247
47.1497704411 47.0642229838 46.3977313106 47.2600105639 47.1875618514 46.4630292622 46.6354332977 46.2664135485 46.2514069657 47.1731583147 47.2134148306 46.2534016277 46.2713934773 46.258088842 47.0282467412 47.1637588352 46.9703800007 46.4096272429 46.9190733182 46.4008930714 46.2111922179 46.3038091976 46.6346483504 46.2391034152 46.1989829558 46.1103798502 47.1426092232 46.4004038496 46.0421149976 46.8453619069 46.5488894022 46.8063228971 47.0379423655 46.9749313703 46.6840621248 46.3905946189 46.6474724737 47.2104769192 46.9807803328 46.7777397389 47.0720165643 46.1488431554 46.3043606804 46.6497231354 46.4661117267 46.7736123421 46.8152298944 46.1706918103 46.6871243294 46.7366903602 47.0950770372 46.169628213 46.2017963002 46.4052350813 46.6874673867 46.3028952076 46.8606608447
47.2640983311 47.3509227605 46.7477860022 47.3296397031 46.9061861705 46.0163004607 46.1710031536 46.511203623 46.3836527433 46.8950800885 46.6477003278 46.7465907337 46.0173064189 46.4587312541 46.9030921489 47.0653223598 47.3094805224 46.3420340483 46.84073134 46.7945816394 46.1605303823 47.3429592895 47.2835639641 46.4511043264 46.4692978597 46.8080456847 46.6123529108 47.2131652226 46.3326341824 47.4008999953 47.1790610122 46.8488201307 46.5703183996 46.8200572462 47.1296665349 47.1819076882 46.6539616099 46.6010375591 47.2337683011 46.5225190877 46.2269944788 46.5293817514 47.0160247613 46.3125032755 46.5656684257 47.306700227 47.1155158033 46.9863902072 46.3487588955 46.9134922289 46.8472026602 47.2064491092 46.474471916 47.4050817462 47.259421528 46.3931501294 46.7735408689
46.2010962845 47.1568063812 46.0571544806 46.2500236765 47.163912377 46.6454626904 46.0239005813 47.193157572 46.5677841644 47.2554994815 46.772577756 46.6658731317 47.3256613037 46.7213913238 46.914251184 46.1436412053 46.3459516833 46.7770375028 46.7645747467 46.3116767897 47.0694586107 46.798872401 46.7136340624 47.4062980543 46.3950534224 47.2961360581 47.0423194389 46.1357742777 46.012775972 46.2405559263 46.514183416 47.3642549064 46.1486223957 46.7159373191 46.7568453554 47.0524985437 46.0151061773 46.324563069 46.8708146489 47.1406407225 46.5769232702 46.0765883132 46.8334795226 47.3719876218 47.2137136433 46.7202455308 46.192207315 46.5624247559 46.1420371121 46.3157810692 46.4103896806 46.8228807002 46.7711542803 46.1568829302 46.8213187578 46.8801384595 46.8098850537
46.9348531635 46.05440567 47.3330935548 46.4866052858 46.4173600098 46.9211319511 46.6355700929 46.9140315905 46.0871814417 47.1998663785 46.9372404275 46.6999482201 46.2714968996 47.0395596212 47.0972521273 46.8095307397 46.22146935 46.9550212392 47.3510525789 46.1056842157 47.2210423691 46.2821038398 46.6050650711 47.1153578932 46.624721667 47.3932125569 46.692803962 46.7257998204 47.2640895904 47.22130852 46.8109878539 47.0670114172 46.3087409283 47.2533277699 47.1769301697 47.4042663214 47.0557190887 46.3676063453 46.7465814371 46.8509781391 46.4751822795 47.2564678155 46.9095392501 46.1952317501 46.0670629799 47.1845926728 46.3339623249 46.0770181874 46.9500515397 47.0456543878 46.3839013284 46.2428267628 46.0404299597 46.4833678476 46.3705799294 46.5169626178 46.4566247729
46.1114146853 46.439704887 46.3100051631 46.0081886087 47.3650236707 46.5195693744 46.3222759577 46.0853062419 47.3063495906 47.2834928708 46.771806459 47.0324758733 46.1031913254 46.9532821525 46.5250077756 47.3446419095 47.2802779716 46.568507759 46.2570484933 46.1245108578 46.2746251975 47.0304347661 46.8594466926 46.5339721794 46.8334137233 46.1822556305 46.6310445383 46.3132724134 46.2534127737 47.0170284973 46.163368753 46.2627837587 46.9671761454 46.9683577373 46.5526134812 47.3249478521 46.6451962989 46.4781238882 46.9741501511 46.7717476172 47.4087228071 46.5333569247 46.6958894664 46.685985413 46.4447844225 46.4885352637 46.3249816915 47.1654581738 47.033115409 46.7933305299 46.7918104988 47.3697770451 46.8625755089 46.9817441328 46.2627576887 46.811977979 46.3694036207
46.8339218125 46.3207683375 46.8930955158 47.3660461723 46.9239567696 47.2061825694 46.4074400237 46.78634439 47.1208437854 46.4071616388 46.3673893017 46.1839373216 46.4824435161 47.3802281591 46.1958561853 46.7967103287 46.4687421133 47.3651815206 46.235759126 46.2700185881 46.0697170878 46.033230697 46.1842477491 46.2353128301 47.167538999 46.5014924975 46.893035192 46.1281947439 46.9710302695 47.3325950485 47.1012381096 46.6682013082 46.1910150761 47.4081347599 46.2592988509 47.3435623415 46.522661874 47.3008897543 47.0567502427 46.1871085857 46.1949798863 47.2625424326 46.8226438013 47.2903072538 46.6794102272 47.1215219613 47.1040621458 46.5043296953 46.8893728163 47.103220787 46.8134884724 46.2041103717 46.7227002088 46.6060089071 47.2994075321 47.3523584555 46.6317762009
46.1402811736 46.5840785453 47.3433349201 46.7940776966 46.174895072 46.3431430781 47.2743108936 46.1034089539 46.7281721083 46.9883637873 47.2095632275 47.1396707143 46.5989948288 46.1073895843 47.2419374483 47.2393971886 47.4106005215 47.2699900822 46.0896785111 46.3263107536 47.4117693474 47.1986835471 46.1100080813 46.566313623 46.485705511 47.1703626665 47.1002919223 46.4222321657 46.7831504574 46.5170527047 47.1821824634 46.9751183246 46.9528599891 46.2693197396 47.2745113302 46.3466867648 46.523978095 46.9673931725 47.0222189845 47.375468419 47.3537843977 46.9960706789 46.8026913797 46.1736605014 46.7084937775 46.9236294446 46.1686656951 47.205191426 46.2605557274 46.5940124874 47.2826611342 46.3086360906 46.5990070899 46.5443305067 46.7072462117 46.0251527544 46.7244731153
