Spatial_Output/DEC/DEC_0742.asc
NCOLS 155
NROWS 192
XLLCORNER 196307.867259
YLLCORNER 449144.565805
CELLSIZE 33.573938
NODATA_VALUE NaN
[rows 26 to 51 of 192, columns 57 to 113 of 155]
23.9143683056 23.1364918106 23.8308491203 25.4863419612 24.1699392932 25.6770957043 23.9055465423 25.0315462693 25.6714900903 23.7283250831 26.0567802379 23.1547120736 25.5939441713 26.6383249975 24.8957767302 24.9692519139 25.8207664978 24.2207510423 23.5862509596 24.3477491578 24.4705010641 26.0619293114 25.7855565135 24.2394039679 25.0402739774 26.8794185873 0 0 0 0 0 24.363276295 23.3565702894 26.2843491795 23.3797334216 26.5589690073 0 0 0 0 25.8801221828 23.2598176122 27.0181549473 26.4019497501 24.880862642 24.4428487788 25.5043960655 25.7781946423 26.395052264 25.3679267131 26.2874147162 23.6725090201 27.1803552195 24.7342417574 23.280493109 24.0718481459 26.6350303712
24.9825432576 26.0145602599 23.4553241583 24.3958455246 23.4377087071 23.3252392382 24.4303083144 23.9900405969 26.9122676311 25.2371909579 27.1828838425 26.9538625291 25.3675767521 25.3500624205 25.7954775144 26.641993941 24.7325051442 23.3978041524 24.0249033545 26.2331767913 24.9270942682 23.7911817244 24.7463141941 25.5400861767 27.0764979743 24.5487494196 24.0225355486 25.3188093757 23.6545904938 23.7923587491 25.8685827172 24.0206400185 26.4551614764 27.0216573901 24.5539609932 24.486462284 25.013830833 27.0286619125 0 24.0234160641 24.545123178 23.1827827152 23.185194857 24.5925219535 26.2129600449 26.0592939071 26.2767479478 26.4566921021 24.6604853811 25.2150283795 25.7689400892 24.7378246098 24.2850227997 25.2380444863 24.9535617315 24.8694308821 25.9913031902
26.0944585934 24.1448348202 25.1124636943 25.0487692446 24.2542404262 26.4365659885 24.9713764369 23.7988289982 25.3951276714 24.5992537495 24.9688795344 26.4080554417 25.142986622 24.6611293318 26.3923972714 23.0177757277 23.1819916117 26.2171772229 24.3122864018 25.1394081985 24.7180218362 26.1949668412 26.7130283517 25.4148858665 25.3665018189 23.8220744666 25.8979991696 26.1528874422 25.8258729234 23.1470416668 24.7916321909 25.5965989044 23.8698455249 23.8493668495 24.3404258728 26.7144495417 23.8284683024 24.2898108829 23.566798308 23.0446567603 24.8834851231 23.7735342473 24.792415275 24.6773929502 26.917952617 26.250179369 23.8516106151 23.6602275769 23.4539557094 23.0681781111 26.0820293374 25.2097094708 26.1630980164 24.8828298827 23.7155947731 26.6076912408 26.7654523364
24.5659333312 23.123051097 24.7923766907 24.9570423145 24.6333411831 26.4344849107 23.6313698944 24.2237348273 25.2616439597 24.7138883586 26.591004007 24.3100310587 23.4871708651 25.3426739633 25.4061467304 23.0398048825 23.3513550103 23.3246937213 24.2349907708 25.726330763 25.3644133478 23.3836912288 25.0607964531 24.2049101737 26.7177114288 25.4098499962 26.7441244467 25.8602285952 25.6392798103 25.2633619145 24.5662621238 26.9652902338 23.7726942854 26.1406398345 24.2168482916 25.3088764147 26.6078845791 26.9562502147 23.6583124744 23.6061105275 26.3266285475 24.5328836417 26.6005767389 24.9730354677 26.0056974692 24.459996288 25.0151116881 26.4751368209 24.8634026116 25.3297680761 23.0147102842 25.0273177109 26.3014286444 24.5365125327 26.6024520448 24.4164166404 23.4811905092
26.8230326095 25.6972481179 26.0150480199 26.9406302179 25.1703789206 26.4429735589 27.1385555147 25.4124493744 25.5078690833 24.2653083745 23.7970019418 24.8442023034 25.5863356229 23.473025107 27.0313043843 23.3519813609 23.4075058617 23.385100133 27.2080064439 27.2175587674 25.6214678208 25.8550517487 25.1254563246 23.7082644593 27.2241860743 26.2007878069 23.7329051649 23.2434506847 24.0334544517 24.6988680456 27.1737697236 24.7880620766 23.1008203297 25.0334404745 24.4628634591 27.2186052278 25.4519048895 26.512864166 23.9729555393 26.641625693 23.3506961225 23.193561846 26.8175829906 25.4644699427 25.5320752176 23.7515635785 25.8195042414 26.2186196698 26.807648996 26.7738173687 24.9271585899 25.6132733581 27.0514130813 26.2867583161 23.0841000595 25.2093446388 25.6465136719
24.5996790437 23.2725428433 26.9149724156 23.9450397879 24.5960840214 25.5253435788 26.6915038702 23.4723539142 23.7532568451 24.5776927873 26.1939496398 25.9968484417 26.6438240053 26.2846511051 24.0383042145 26.2255673116 25.5199627503 25.979942175 25.0395342443 25.401422124 24.1819879674 24.3853361482 23.3609341991 25.3175241541 24.8231888437 24.0785228583 23.8807994267 26.9395092558 23.7264915813 24.5587506515 25.9412442742 24.2268350257 23.884897472 26.8374929006 24.8134464194 26.1165845813 26.366108633 24.2127526473 26.4746843683 23.1797202153 24.5666867283 26.6808152883 25.404805178 23.8236657853 26.5846367137 24.75633842 25.8467874323 26.9594002114 24.7293857352 23.1620232478 25.3583683439 24.0133740365 25.9754832912 24.3930821086 25.9914753174 26.9134488359 25.0860108892
24.2250661956 24.1086974693 26.969124699 25.725274872 25.7513995017 27.0565076792 23.4201845001 25.984393202 27.1951169489 24.2439081851 23.856739987 26.692946304 23.2814599555 26.961304451 26.5090504623 24.7509098249 23.4621464891 23.9901311022 26.9667045428 26.6336444751 25.6172957732 26.2480268942 27.2208354073 24.4386082159 25.4248831394 26.2175687347 27.0263761539 23.9701060577 23.2153634604 23.3450019057 25.6688995887 25.4889990181 25.5122339726 23.2782206388 23.198465153 24.4085590757 23.8198885714 27.1995214653 23.5784772565 24.8673944524 25.2959503184 25.5062212501 25.4051601385 23.8916693134 23.9394508747 26.6677562335 24.5712179666 27.0372137758 25.0261868481 26.1251192117 23.6693701054 26.1297817549 23.7072795861 23.5880444848 24.5318095739 24.4971772673 25.3126964663
26.0523136489 25.0918553597 25.3294491043 26.7981383786 23.8195276743 26.2397857077 23.7706746667 24.7934422891 24.6120164365 23.7186094773 26.7873764676 24.3445782658 25.5454814787 26.0456433551 23.7616711854 23.7448968706 25.6288554681 26.73969029 24.8469466868 25.4717578002 24.4701867022 24.5311820219 26.5400278098 24.3499724089 23.1144788825 23.0595129831 25.0053131203 23.8461553229 25.6071262948 25.2574358787 26.1175917543 26.1864763277 26.8956487462 26.4632454349 23.5980755748 23.7201331242 24.6804068187 23.9521958859 25.4540456453 23.590909441 27.0222194701 26.9125937897 25.9596914409 24.9093888488 25.1013223844 26.2352805136 24.2872743484 23.3759338922 26.8335049424 25.6802596629 26.3179228324 25.3264835228 26.6274208124 23.448412617 23.2868127743 27.1241130311 25.7834656345
25.198203853 24.9781362096 23.8928319747 26.9931628939 25.4729885144 24.7785941205 25.5131200826 24.0569426242 23.4414764005 26.2467258548 25.9575219427 24.1838191058 27.2073515175 26.8664331717 25.3727985259 24.2299723615 26.8629944127 23.83605906 26.7327225184 23.7897164776 23.6245687554 23.0943951985 26.8889373034 26.0945724513 24.1025749184 23.8055176749 26.3997506413 25.4536058982 24.0501718962 26.4142034636 25.915848908 25.754689547 24.3232067407 24.2677086608 27.222777658 26.5796902306 23.6788679502 23.8080879678 25.4954884956 24.3552127825 25.8268695877 26.7772148359 25.1906588839 25.5306107932 25.4703730963 23.1921003744 24.2874967352 23.9394883527 23.8316554991 25.9732451897 26.1644413013 25.7482770984 24.0960972225 24.1477087125 24.7905668423 25.4061605515 24.9661073649
25.9912748891 26.1461379605 24.740975171 23.8825765288 26.0574678438 24.560083125 25.310408211 26.8772821622 24.9098320546 24.982600137 25.4649818552 26.1023233496 27.0314730127 25.0034803555 26.9230107236 23.6740560179 26.6069074114 25.9004501046 23.9739606976 25.4420667609 24.4521697088 24.3942791003 23.8889673735 27.0952310224 25.4350984011 25.6435708684 23.491204315 24.8760246016 23.3939421108 24.4214349647 25.972031001 25.5795763981 25.1680983063 25.5114021744 26.0768431661 23.903781446 25.8336858899 26.1763819593 26.7422098796 23.1320738131 25.4081729619 24.0117200545 23.606889357 25.9494936317 24.4982867719 24.2704766198 25.9921567541 24.8269053938 24.7830184065 25.101666743 26.8858236863 24.8798337213 26.7379110269 26.7383313697 24.2929207343 23.8937262592 26.7491122368
24.5328438417 23.3242591771 23.8056247788 25.8851041001 25.7915175149 26.1614048154 24.5830833059 25.3580686191 25.6744267306 26.4637438802 25.0070521519 26.6166099355 25.9439075458 26.0488545805 23.2702458814 24.0279439299 24.9416737488 26.235583382 24.9727297088 26.1191582427 25.0264609203 23.6272058544 26.8060946251 24.564177526 25.8985336063 27.0432565648 24.2935960699 26.1001551188 26.6882712757 23.2001305765 26.4962629897 25.5581677886 26.6289822002 23.0947395069 26.8387725136 23.2890123233 26.515377311 23.5865546892 25.5018322438 26.4723850967 25.2396818239 25.3863282002 25.5977070836 26.3852931938 26.6123112698 23.0845350066 25.8194889918 23.6558569752 24.6618444904 24.969826338 23.0291202065 25.8540690938 23.9197907744 23.3638532075 23.894642442 23.9114964168 26.9814152972
25.8737414942 24.7395475508 25.3073815003 24.2701915142 26.0049906467 25.9423712113 24.7352430706 27.1455238887 26.1231280295 25.5002428161 25.9348952693 26.6397107015 24.490739121 25.9635783504 27.0160996995 23.1439258127 24.3479699092 24.1822654518 23.8171463902 24.9660345481 25.3540455011 25.7139365761 24.7154514906 24.4782269642 25.6647147582 24.6672294974 25.8905018354 26.6009814254 24.3909249734 24.220135647 24.2442825109 23.4621359467 24.7750903302 25.7256981076 26.2326719099 26.5182795691 23.1400143836 27.1174412678 27.0241606371 24.3920164318 25.6126609722 25.4369594209 25.7545380005 25.0241797961 23.6132401237 23.5391819783 27.2288499033 25.8561025646 24.5002528426 24.7726707497 23.4957598334 27.2015112846 24.6325406377 25.9080532374 26.7898586728 27.2352261928 26.3848510009
25.6714650876 23.5699143066 23.3473734649 23.5693298954 24.5194868884 25.3087423407 25.6939618213 24.0782125946 26.3314127665 23.0963891662 24.5300581282 25.5594551045 23.8779764272 26.205610128 26.5632887554 23.8111335355 25.7144440415 24.5230543156 23.8079198707 26.2766144373 27.0387233799 24.1127914011 26.0340404929 24.0762922785 25.0664412509 25.725726039 24.4872248083 26.2449122742 26.6560408314 23.0588005292 23.5992784741 24.5901837027 24.1245873219 23.0938422587 26.5472177344 26.8143875043 23.9975261548 26.5659231112 26.5659557395 26.9485915924 24.6381623517 27.0213211626 23.4180706411 25.3208497513 24.7828865707 23.5188606562 25.5220176095 24.0524033779 24.8276623765 26.0519633479 23.5443295069 24.3940893674 24.3928893597 26.8934423587 23.0710338738 24.8578589936 25.1291207801
25.6126914378 26.8932052819 27.2386168509 24.3123164458 23.7876811992 26.2916149751 23.0456088482 24.6918480208 23.8770547557 24.8724160258 23.2450676937 24.9962805856 23.9081219005 25.7985230732 24.0802049394 26.1996235505 25.530556345 23.0109390337 23.1795873857 25.8432067421 26.3254096466 24.6713625162 27.2285266767 24.5133800051 25.3776053812 24.4361081376 23.8196326023 26.6903876439 24.9588867831 26.4949664025 23.4681888669 24.6596255632 26.132047281 26.5089542759 25.7720610497 25.9254601015 24.2246926786 26.6861210803 25.1288652367 23.1467397574 26.4790994412 26.4449560365 25.484767033 23.5587800027 27.2178089301 25.4298996555 23.8211848133 23.3426141708 23.8792204582 25.7685753872 23.2556151413 25.9203568562 23.8096975293 23.6818809326 26.2258187729 26.8274538359 23.4426930253
23.7963528755 26.0286969718 25.1381382347 26.6835462594 25.9842811373 23.4238539284 24.0365745417 23.0820104686 24.4797334888 26.3005941067 24.7545053241 26.1992019662 26.1772235269 26.5026182038 25.5564877782 23.5162187166 23.794205345 24.4378512088 25.4164520744 24.8040425478 24.5244431111 26.6297725824 26.3747757094 24.3745544373 25.6361176936 24.5386211061 24.4562704925 26.7017529292 27.0989506471 26.4991150819 26.2405803882 25.6657377019 25.0797214888 24.6701214102 24.3398812079 23.7756399709 23.5190579413 24.8255011293 26.4749135627 23.0233787886 23.9687545816 26.786494445 26.0189197609 25.2825387604 27.1077384648 26.1993112148 23.0403411048 24.8756711762 23.5740868692 24.0270138728 24.9878051867 27.0856706109 23.0087116785 23.6054661102 26.3092199646 26.0960210986 23.6663301734
25.3037965086 25.6387280369 24.0782988737 26.211091959 25.8952131011 23.3585631613 25.5630992534 23.0179050408 25.0603330216 27.0106028408 25.6340230601 25.6344707706 25.2246087692 25.9122581243 27.1275395042 26.5892712235 23.1880459309 23.5243542527 26.1549508631 25.0097851639 24.749152196 23.33684983 23.3000331518 24.0044640398 24.0706553317 23.408556483 25.7578334748 26.7163485967 25.2695617786 23.6003116642 26.4357956627 24.2446231196 26.9953335955 26.0150301519 27.0894164211 27.2202631052 23.2089338134 26.7263286786 26.9864148954 23.8340542317 25.5633602752 26.9048055856 25.0640426378 23.8273401507 26.2436281171 26.2566130722 24.1537333986 24.2437074975 23.1829162095 23.4169155878 26.4502165548 24.198266556 24.8192751911 26.3267593042 26.7157125659 26.6681804173 26.1650824929
27.059813766 25.3012744909 24.8445000647 26.8455845403 24.3043885195 26.6422296966 24.9875084033 23.0893031464 23.2923398032 23.2904481909 23.950689703 26.555137382 25.074413484 25.0439169312 26.5519222788 25.8789759405 26.8157648249 26.278776128 23.2344197391 23.807262224 23.5037985623 24.8114283861 24.1705683178 25.1881240295 25.6022533332 23.99404029 25.0544164919 25.344223388 24.5324859401 23.5151183243 26.9362846917 26.9019186304 27.1094539762 26.491558861 24.2785547094 25.329500961 24.6917793044 25.4842818649 25.764970453 23.3614709195 23.0409778355 24.2568797386 25.1740690275 23.4773534533 23.1043693194 26.3077318887 24.6406730483 25.4365628287 25.1672709727 25.1292161955 23.1973507061 26.8095494038 24.3583697859 23.347218812 26.6453392544 23.1680591885 23.5384406608
23.3731510909 24.6367996087 24.5513070108 23.4796372855 24.5390059405 26.9334655211 26.5949165586 26.4836842954 26.4139755152 23.001459767 27.0823135994 26.8587452258 24.8974360092 26.8281554113 23.0742087873 23.4393364147 25.8922090287 26.114740986 23.312956595 24.4996602756 25.7389149952 26.6108774125 27.1036703267 27.1931224466 24.0131743291 24.6141854234 24.4831336925 25.9805540608 25.947050378 26.7409538559 26.5943163955 26.1567499644 25.3659598271 27.0135397587 23.9887728654 26.7832521168 26.1337289137 23.8870735699 24.8295354868 23.3302242478 26.7595715898 24.3554748639 25.9285365166 24.1744537706 23.6298434692 25.5815462121 23.1699530847 26.7904659083 26.7871188174 24.8393256326 25.6601923429 25.1120402935 24.5693011737 24.1149283582 24.3814942575 24.475538371 24.2868261212
23.8416059861 25.6248323585 23.7717171027 23.122951034 24.8201191715 25.2874732861 24.9166540036 23.7863418163 25.038918104 26.4644195722 25.7064488602 25.0024971061 23.3344499525 25.4239749653 25.6505969565 24.0733574913 27.1334546962 25.7636704718 23.0158457854 26.798702977 25.1078940819 26.8152802442 25.5180222556 25.8104229815 25.9582436596 25.8438929892 25.3253068662 23.8224544948 25.5815031119 23.4779234436 25.4296108834 26.1664853103 26.2641596527 25.7889286654 26.7925813872 24.7172572544 26.3430140147 23.6117576607 25.3644334661 23.2425569733 25.6388558454 26.3260649907 26.4669734857 24.7542914906 23.3240257691 23.4211995875 26.6817607361 26.2708196099 23.5481312295 25.069214147 24.1232695064 25.7698157571 25.7368020967 24.7548979091 25.5871942324 25.0812813553 23.6104113822
27.0826201517 26.8835369217 23.2521932668 24.035766514 26.4044755753 25.9204980871 24.0916218412 26.1893413219 26.2291761455 23.1846755606 23.6458213447 25.9238545379 27.1048681635 23.3652262718 26.9706878917 25.9070964995 23.5954310212 24.3718924348 25.136388453 24.5158185487 24.4319687918 24.2470784567 23.2473771395 25.3783244691 26.9498797154 25.9292665295 24.167363582 23.5917686587 25.8061347565 27.1474811926 27.0553551861 26.980052784 25.0742207512 26.6948658488 26.4915910435 26.1428036785 26.5919225406 23.3099015836 24.1272635261 23.0376528594 26.2100290592 23.1953936035 25.3534656558 23.6530580797 24.1022034846 23.7992898878 25.9573103761 27.17074696 24.3889314961 25.2820655597 23.9117170943 23.3027558042 25.4269727014 25.7432206368 25.8984497691 25.6497522375 27.0198577691
25.0998121416 25.9592482735 25.3611750224 26.581020989 27.1179793783 27.1725849975 23.2416027437 26.7215567498 24.9629987393 25.4135250105 23.5093009811 25.7203058991 27.0887209366 24.4015304423 24.9546148548 25.3670363469 23.0399424671 26.9293290975 26.4395163665 23.4640341316 24.5629342845 24.7676148697 26.3285889344 26.2413666791 26.075031104 23.0246958461 23.7590058014 25.7978431882 24.1527803307 26.1425050539 23.3416691029 23.1807243228 23.497225429 25.6579995747 25.9196112667 24.3249530777 23.8793913131 26.2287227248 25.2677705851 26.9188597396 26.0738198535 23.5107622607 25.3108208464 23.2122680766 26.8500734506 23.7996980613 23.41162147 26.6045641811 26.8383674609 27.0831243834 23.3267367072 25.7631456021 25.6945305652 24.3019653527 23.6776730452 26.3424804888 24.801436949
25.330879033 24.8274409275 25.6054946631 23.7404360411 26.9544247396 24.16804921 26.1123504179 24.1671536498 24.0357391492 26.3296262889 27.1624878102 25.8011801828 24.4896267263 27.057368389 26.4595032286 23.7642826212 24.9811933339 26.2364484986 27.1794147103 24.5597572048 23.3277287888 24.7853720176 24.0855356256 25.0485794268 27.2082470759 23.7235963182 23.2766084517 24.8726441431 24.0209319041 25.4709087333 26.0081387041 24.0558865131 25.8428944087 23.6950114911 24.9832768195 27.2293209483 26.1985809038 23.8795885118 27.1815827363 23.1556407413 26.2508547857 25.6697186359 27.1864262802 26.9275330486 24.7091293015 25.9599849108 25.7068386482 24.117099846 25.7221513885 23.8073443515 23.9910430779 26.1775204401 23.9558239604 27.1490242303 26.9089992069 23.501911961 24.9170463654
24.3242741868 25.7032784338 25.5129952471 26.5672074296 23.4740042889 24.7588066992 25.1135101659 24.9331041353 26.505753882 23.4281136226 24.9604242066 23.620954563 26.3321280285 24.819709439 24.7015127075 24.8845817188 23.0201481111 24.6987662583 26.7750185505 25.8602122038 25.9413418654 26.2699055314 25.6698174499 25.4518129595 24.7548547464 24.8366218695 23.6123095504 26.2802395443 25.3985145981 24.5646999459 23.1120257844 26.4887472161 25.4828112081 25.0372049902 23.1566843766 24.3505915622 25.6793290433 24.7911429525 25.6450528777 25.121672364 27.1444847642 24.6134991193 26.402420766 23.3718273388 25.74044333 25.9137498099 23.7324248508 27.0541150275 26.3305818756 25.4148912805 26.938648115 26.4365008463 23.2677501866 23.775980552 24.9275724153 43.8403327442 44.4741838623
23.0044790551 24.2559205357 24.6619098218 26.767111645 23.1028137003 24.3288776298 24.1571883786 25.6889979414 27.0264635564 27.1891075512 27.1926273875 26.735251888 25.4442797395 25.5656384351 25.3899469705 24.7401099005 23.6122105511 24.5300655656 24.8001427152 25.1611979048 26.3200150604 24.8538281039 23.7917502841 26.6151248313 24.548582372 26.5399852212 26.5442912094 26.9002028126 25.7979160726 26.6081240818 23.6496079213 25.1628588831 23.302034828 25.2905924642 24.6914717689 24.6370889688 23.2949309584 26.5104582477 25.9068641034 26.608907182 23.7198294362 25.7567886985 24.113076058 24.8601005772 26.6294442036 27.0274972383 26.5933670463 25.6515463919 25.8211230809 27.0610531778 23.2460125362 24.4053515226 24.9762933324 26.2861196396 25.7590513157 47.7397564732 47.5936166229
23.1537305242 25.6719270064 23.92032322 25.9829827393 26.3420630032 24.4782289372 25.8117254138 26.5046802772 26.8990748075 26.9211735261 24.3393681729 24.205461091 26.4980989369 26.3518592067 25.2797998836 26.6750297714 25.8175644468 24.6252219238 23.3046993666 23.0327485102 26.9325674703 23.5781802604 25.3743331414 26.1944735985 24.1935239088 23.5658172636 25.428277441 24.781230982 23.2365324048 26.2565961154 25.6600481284 24.3697238259 24.9908023423 24.9340894707 26.2379558865 26.9164721279 23.7819780743 24.0522461748 23.3571972895 23.8539797645 23.5477708781 24.3625946246 26.5987830261 24.622538329 24.4224788477 25.9353765211 26.0910061898 24.5375661999 23.0696451469 27.0219250912 26.7564617572 27.1416786982 23.129748323 23.1937268356 24.8793769774 36.0596616503 42.3966363844
25.831617327 25.4024015882 24.4826227271 26.9140641988 23.2642170767 25.560398046 24.3936152175 26.4507312446 24.7504970118 25.1410058133 24.8376067427 26.1633966846 26.3938471843 24.365468364 25.3204374957 24.1766759839 23.1490334206 26.9396840422 27.2278387427 26.3446587048 26.1838495987 26.6309960179 25.5145363419 23.6301766617 25.9566429845 23.8910510635 26.2300468876 24.1263809775 27.1148726102 23.9287361923 23.6356574577 24.6438216666 26.4194054905 23.0713701787 23.9397954065 25.4294619621 23.968195893 24.1503730278 25.2703378028 24.928498169 24.7008932362 24.3216673615 25.6402947191 23.7067892444 26.068524651 25.9721736726 24.6096485199 23.3487834721 26.7147549054 23.965221932 24.9662423301 25.4403471437 25.2090968822 23.9998403562 23.4916197378 24.5766390759 25.7935002501
