Spatial_Output/DEC/DEC_0989.asc
NCOLS 155
NROWS 192
XLLCORNER 196307.867259
YLLCORNER 449144.565805
CELLSIZE 33.573938
NODATA_VALUE NaN
[rows 78 to 103 of 192, columns 0 to 56 of 155]
0 0 0 0 0 0 0 0 0 0 0 0 0 24.6013546932 23.8834874533 23.7691683604 25.6201014198 24.6934211761 24.5912679051 25.1529100516 24.6189089693 25.4219649108 23.9373271682 25.2085520516 23.8336617653 25.5195911752 24.9119783648 24.4581716385 23.5517590437 24.1773333209 25.4285019467 24.0926977098 23.6948097531 24.7797606992 24.2998294782 24.7553095476 24.2303371049 25.4852734117 23.6890917418 23.8553660901 23.7449527104 23.8271711934 25.1102243946 25.0308187736 24.3397130884 24.6480385005 25.1671454599 23.9760656059 23.9985772593 23.6691316963 25.5270292993 25.4454054772 24.1709651514 23.7177052517 25.014519004 25.0439671427 24.9687447002
0 0 0 0 0 0 0 0 0 0 0 0 0 23.9722155257 23.8176963147 24.9045939362 23.7646986649 24.7900151095 25.0322710185 24.0250546973 23.8682015486 23.7059998685 25.2012460968 23.6738467303 24.8137739143 25.5128137064 25.417775755 25.6043252571 24.9506835257 24.8131154186 25.4031361968 24.8993905249 24.0335990838 24.1703786813 24.7296383939 24.0175435549 24.6118861622 23.927969321 23.5518421012 24.2800540605 25.4472860929 23.8090195383 25.54610108 24.2372996849 25.2798194969 23.9311619476 24.9054629271 23.7441965958 24.1381385738 23.7641390013 23.702640696 24.2074338571 23.8688061387 24.9578478629 25.4301414426 24.5512800447 24.4719447404
0 0 0 0 0 0 0 0 0 0 0 0 0 24.2603284928 24.9800205831 24.0250070284 25.4341449259 23.9626461892 25.5057011302 23.7201297097 24.2488515765 25.1932225829 24.3211588079 25.4151588132 24.208243783 25.3111569905 23.7190355173 23.577490509 24.4203102915 25.1860387957 23.869270515 23.8902038419 25.3471868971 24.122296343 25.4239267702 25.3689240455 24.1550682746 25.0496840859 23.948348098 24.8932407247 23.6880016284 23.8580885078 25.3159666008 25.0257225321 25.5608199951 25.392104149 23.9523182225 23.6349393124 25.0455726749 25.3193611832 25.6201673113 25.1108345884 24.8192918982 24.4181632269 23.9478290552 25.5144829236 24.8572538595
0 0 0 0 0 0 0 0 0 0 0 0 0 0 24.2135479395 24.9311108593 24.6863007713 23.956330832 23.9086870762 25.4203396822 23.5726457444 24.1944618979 23.6786640791 23.9021083402 25.5749468082 24.3823353762 23.7607369876 23.6267453962 24.3368364694 23.7129350748 24.4666416902 25.5946669802 24.9350305725 24.3269191019 23.7564959879 24.3292397427 24.720320659 24.7394211605 23.9922793568 25.4181158552 23.6906764592 24.3654725943 24.9935949266 23.6846975512 24.4408734916 24.7338724796 24.3248422647 25.2022365325 23.9796968134 23.948539872 24.160566218 24.8645444304 25.3624597804 25.0190463413 23.6302029925 24.7087069819 25.3129731749
0 0 0 0 0 0 0 0 0 0 0 0 0 0 25.4394720584 24.4182321608 23.8806931799 23.5255826522 25.4997507208 24.461424618 25.4213842699 23.5640390704 24.4082462711 23.9841613108 23.5929697095 25.438005198 24.6149681664 24.9219544424 25.2065564559 23.9637349509 24.281671506 25.5902426877 24.1509391062 25.1398996723 24.9267599706 25.0600162041 25.3789164885 23.8267132907 23.9222066213 24.6777374876 24.8608857462 23.9109512846 24.7602702297 24.7658368402 24.4575066257 25.3809897218 23.8542243812 25.1416326551 25.1232135184 25.1775750395 24.0152516419 24.5464341901 24.1120680089 25.353241247 25.1934943024 24.8056614933 23.6731552159
0 0 0 0 0 0 0 0 0 0 0 0 0 0 24.4407057462 24.2993633832 24.8570877647 23.6889031019 23.5031109484 25.2762580007 23.8131858831 23.5844837363 23.5273742016 25.3139285989 24.1493955959 24.1114025451 23.5209409503 24.1708102542 23.7495850087 25.61674121 25.436446211 25.088589095 23.7611703173 24.1449372617 23.8502365833 25.4652016889 23.690768142 24.0384755906 25.5895311693 24.633679998 23.5981138596 23.5216585342 25.3848634255 24.6063778829 24.1473887876 25.111021463 25.291704984 24.0615382327 24.4202077307 25.5203333847 24.5251380469 24.1753493389 25.4907157991 24.1146393217 23.5827458477 24.7388203449 24.7855667918
0 0 0 0 0 0 0 0 0 0 0 0 0 0 23.5821992831 24.6835180078 24.2043539647 23.9574788576 24.4679125268 24.2424121217 23.9581931713 23.7545508378 23.791885222 23.9308608432 25.5661409232 25.2347825896 23.7897820196 23.6330641239 24.6478928208 25.560063389 24.0845107514 23.5015371206 23.7091588471 24.39848598 25.3993267983 25.4025450091 25.5467050038 25.131718911 25.0361813029 24.8467618789 23.5200665859 24.1575351898 25.5170625828 24.4964741641 24.7860987437 25.2145165163 24.8811325121 25.5830185074 23.8377543831 24.6530071074 24.3249986528 23.5241986591 23.609639723 24.3298372923 25.0628506511 24.2344437141 24.2127414976
0 0 0 0 0 0 0 0 0 0 0 0 0 0 24.6280890709 23.5868743318 24.7775391664 24.7635680479 24.1214227462 24.5737786895 25.5780739879 25.2896346318 24.8740638196 24.5454988794 25.1874378696 24.3615506907 23.5097271482 24.0625398917 23.7937770807 24.0863356577 24.2957005995 24.071293272 24.149071165 24.2427973781 23.8704037136 23.6570203903 25.5228788494 23.6633866526 25.5608695231 23.5705508244 24.6280361708 23.8551217808 24.6196343969 23.8838896103 24.8909684529 25.0445747291 23.9412178902 24.7918362728 24.253012389 25.3447297715 24.2517092212 25.1822564493 25.2654820953 25.4825604541 23.8387322018 24.6920668694 24.5176117001
0 0 0 0 0 0 0 0 0 0 0 0 0 0 25.6083864124 23.9261627912 23.6240618279 24.780231309 25.0428365934 23.520275494 24.7770230017 24.7966595142 24.4206335744 23.8271699403 24.5414621897 24.8774202755 24.8963611693 24.8060779339 23.9203518611 24.3422566163 25.3617468134 23.7879750408 25.6086475464 25.3045672147 25.374845318 24.9812340762 24.4308112724 24.2533018718 24.5800102522 24.3764129139 24.7686173155 23.9407567845 24.6825820968 25.4770364784 25.5436268808 24.165209034 23.677828226 23.8653004014 24.1119368849 23.9619994611 23.5549787327 24.1830163234 25.4500175358 23.7587729484 24.5645838529 24.7487994758 24.9675267342
0 0 0 0 0 0 0 0 0 0 0 0 0 0 0 23.5058572886 24.7415265387 24.8093113771 25.4666600684 24.3261517205 25.0787241409 25.2978018414 24.6922154531 25.1780513622 24.3515994254 23.7046593607 25.0287073819 24.6583280219 23.7011991825 24.9743872374 24.8130603707 24.7810308376 24.7838380934 24.2163198425 25.0910435298 24.2998611595 23.5077846571 24.4340553512 25.5680285331 24.1721284692 24.1031803274 25.1876578813 24.7329149423 24.0410218271 23.7812528541 24.6978335852 25.328397117 23.6814110321 24.9864771468 25.467585958 23.9812351817 24.2119316342 24.4208320506 24.778272034 23.862983731 24.1790481443 25.2944672646
0 0 0 0 0 0 0 0 0 0 0 0 0 0 0 0 23.9516142488 25.4581995306 23.9476478244 23.9100116208 23.5279537176 23.7421031266 24.499066895 24.3823302248 23.9794867266 23.6526333879 24.200021308 24.0212282744 24.9776920581 24.8096734416 24.4294455138 24.0410291353 24.8995927338 23.6947026955 24.2458053543 25.0396103291 25.5078332665 24.1583654909 24.2808981113 24.8747236899 23.822090029 24.5572244819 25.0783817077 24.8393950761 24.5113413441 24.5969976773 25.2372718647 24.2377297152 25.0079427687 25.5908393048 24.668809431 25.4583227895 23.5751002035 23.744486518 24.9431892162 24.5487569614 24.0089216034
0 0 0 0 0 0 0 0 0 0 0 0 0 0 0 69.7571762143 20.3144227029 24.5140666883 25.0708531667 25.2784235013 23.8709397211 24.4514211588 25.0946776493 24.6003901296 25.3204305712 25.553761154 24.2644681221 25.0100626449 25.3798476398 23.5081140727 23.9780347018 23.952731775 25.4550115417 23.7519119568 24.2056553897 25.5931484294 24.4637062454 24.5843405201 24.6876626004 23.5756043417 23.9799617929 23.9915067577 24.1694956426 25.4918223081 25.0618541098 23.7116699772 23.7406368892 24.5208095983 25.2941897961 24.2202363522 25.0844194921 24.1232515728 25.0281061911 25.3330710266 24.0835253538 25.2850423784 24.1264276788
0 0 0 0 0 0 0 0 0 0 0 0 0 0 71.1128159093 71.1128159093 69.7571762143 0 23.662796573 23.5690540323 25.2822652999 24.8264560703 24.9561828093 25.0915711624 24.8486434063 25.2545882999 25.4359528052 25.4392172295 25.2073790982 24.0153238909 24.5360047149 25.1389578341 23.8264034057 23.5896872861 23.8791830697 25.4354960942 24.1063892547 25.334672614 23.6477215874 24.2578810118 25.1066913063 23.9433382256 24.9152378092 24.36656426 24.1776197717 24.7172287133 24.73746399 25.486315545 24.5346731356 23.9941939607 24.7879962754 25.57812389 23.7424183225 23.9004322111 25.1670820343 25.4523179943 24.4867218224
0 0 0 0 0 0 0 0 0 0 0 0 0 0 71.1128159093 71.1128159093 0 0 0 23.6240506896 25.088042392 25.520384058 23.8278037467 25.4209461008 24.0171621859 25.3714279444 25.4246205949 25.0391073997 24.8079096915 23.5430392667 24.5393588355 23.8836014077 25.1662851211 24.0597437567 24.9543961412 23.8150815792 24.4338382773 23.7416486913 24.961957121 24.0245820504 24.1378907519 24.7213803258 24.5431106431 24.6474573768 25.4739435191 24.2690019112 24.5029270049 23.5098031259 25.5097266884 24.1535840853 24.1918462538 24.984920967 25.5338584213 24.753645218 24.8805510751 23.9878952549 24.5746357056
0 0 0 0 0 0 0 0 0 0 0 0 0 0 0 0 0 0 0 25.1727981395 24.0381353359 24.1647374811 25.2895781461 24.4821397758 25.1466664004 24.7199774048 23.8909909252 25.490941151 24.7231165951 24.8749932204 24.4549794154 24.6384317146 25.5017463375 24.8613007794 24.9108932772 24.7264608007 23.5680841078 23.8077384447 25.4797448092 25.1826294922 24.637300573 24.8656936822 24.5346729822 24.0973412922 24.3256290632 23.8959747819 24.1664891642 23.8774630482 24.781726585 24.4933323963 25.1067350666 24.2525046986 24.5518315281 25.0547185679 23.6551748931 24.0888422847 25.1741485294
0 0 0 0 0 0 0 0 0 0 0 0 0 0 0 0 0 0 0 0 24.4687059384 24.0837022974 23.6818666382 24.7603543552 23.9110384226 24.646584715 25.5425290753 24.2967072692 25.3593913513 25.1354655148 24.9975460943 24.9963734876 23.8933766194 25.3449065323 24.2700231221 25.6155178679 23.9658861133 23.7763084624 25.0925418381 25.1614619638 24.030432175 24.4457894449 24.9810795444 23.520124942 23.5290688564 23.9165197156 25.2137541315 24.927946019 23.6931896971 24.4742885344 24.9465793477 24.0269604371 24.7324461412 25.3180115211 25.1369916486 23.7446147044 24.056629397
0 0 0 0 0 0 0 0 0 0 0 0 0 0 0 0 0 0 0 0 0 0 25.1817650985 24.1598891917 23.5078793978 25.4219879965 25.2971048003 25.1677984723 25.537391292 24.8843484644 25.2440809298 24.023352321 25.1220587997 23.9243166231 24.6782541848 25.0264946615 23.7016416695 24.6448975388 24.0530465374 24.4413106978 24.437780722 25.4414935147 24.2025768572 23.9764654285 25.3751388863 23.7825160164 24.8688929897 23.860575047 23.6452837422 25.4879516191 24.3406385804 24.4592479434 23.6126339802 25.6104948564 25.3016817157 24.280094549 25.2448292022
0 0 0 0 0 0 0 0 0 0 0 0 0 0 0 0 0 0 0 0 0 0 24.665779645 23.5337426999 24.1574885018 24.4040582794 24.0090078075 24.345713175 24.7185248893 23.6413041459 24.54012981 25.0277266462 24.7661699194 23.6296067237 24.1600058143 24.0169484716 23.751299682 25.3076844399 25.1929830087 23.7040936751 24.8917201063 25.3457844917 24.5751789366 24.776741721 23.661415777 23.8233995558 24.1056580749 23.9588438022 24.2831597486 25.458671538 23.8400698281 25.1905306697 24.4644791008 24.5009275658 25.5573257064 25.2166100297 23.5922174235
0 0 0 0 0 0 0 0 0 0 0 0 0 0 0 0 0 0 0 0 0 25.1011483851 24.6054044474 23.9797299152 23.9372516008 25.161637789 23.5025990256 24.7844495683 24.1205559123 25.0699705538 23.7000438261 24.7587091565 24.9234361707 25.4396959503 24.464122487 24.1795733317 24.7272278359 23.9167328542 24.3195606756 24.167812148 25.1906908493 24.540748297 24.901782059 24.6518113475 24.9299377109 24.5523662466 25.2414817717 24.4057203977 24.0062848467 24.9670531472 24.7399022319 23.8915376265 23.7807644282 24.1461439628 24.0100948651 25.1770602922 25.3248548856
0 0 0 0 0 0 0 0 0 0 0 0 0 0 0 0 0 0 0 0 25.2317558608 24.9267592638 25.1969986027 24.0726685141 24.3582474499 25.599068633 24.7884247418 23.981980151 24.7705304381 24.3833451549 23.8565522188 23.9081491089 24.028709383 25.5642509041 25.5020394725 24.0366350562 24.7025423526 23.8931781747 24.1884052986 25.0148427056 24.4884843037 23.6737784001 24.8584325275 23.9839193479 23.6629288763 24.0326263959 24.1563755293 24.9633852275 24.0658630569 24.2392720697 23.505955735 23.5903063194 25.2312768358 24.5574310869 23.6689522727 24.7661489211 24.0725319645
0 0 0 0 0 0 0 0 0 0 0 0 0 0 0 0 0 0 0 23.7820307763 23.8927930915 24.5826752158 23.6126795419 25.6001686853 24.5200472552 25.5655965836 25.1074238733 25.5545814968 24.9819735297 23.974789623 25.3039174061 23.676842414 23.565543055 24.1988455898 25.1370025006 23.5534520067 24.8263121417 23.5617545625 23.9580824554 23.5111601423 24.3384186538 25.0719928467 23.695780098 23.7987460305 24.2242311798 24.5770166774 24.2029527831 23.5197283449 23.5273976069 24.8971723836 24.0008568724 24.741501842 23.5414861109 23.883445775 24.7298037682 25.2986244063 23.9114443506
0 0 0 0 0 0 0 0 0 0 0 0 0 0 0 0 0 0 0 0 25.2941641827 24.1979045387 24.7768273254 24.9738525906 25.1753387801 24.4655758681 23.9033638828 25.3901608276 24.3121729544 23.7146279497 23.5986641644 24.0664051582 24.938341677 24.0862744194 25.4937202215 24.7994002695 24.4421779242 24.5715208548 23.7401718441 23.8705136174 23.5718849925 24.514444279 25.3297620932 24.9739320303 25.2737759125 25.2894446782 23.9291805172 23.7198280603 24.2037176097 25.388112481 24.5513321817 24.8962233135 25.1019368374 23.8074725767 24.4554867208 24.5811265499 25.5570527948
0 0 0 0 0 0 0 0 0 0 0 0 0 0 0 0 0 0 0 0 0 25.2567281033 24.306599962 24.9917713943 24.2318709593 23.7696653543 24.6422877628 25.2124894597 23.6830331427 24.8138301737 25.5416658882 24.2627223319 24.1610947549 24.982031824 25.241657755 23.8510096688 24.8595367542 24.6152622354 24.4907846118 25.1146132915 24.7037510632 24.0809759585 23.9708989577 24.823024006 24.7342098208 24.2629284617 24.6427764858 24.3906890389 25.3696261537 24.3881106001 24.4231721326 23.619796485 24.0508131467 24.0184226906 24.860028694 24.9622832271 24.5292955559
0 0 0 0 0 0 0 0 0 0 0 0 0 0 0 0 0 0 0 0 0 0 0 25.5126800271 23.9023533539 25.4384816334 24.2521288636 25.2312066893 24.3980772678 25.2035471065 24.825952596 24.6295012237 23.7512462379 24.4024402576 24.8816129914 25.567253757 24.1961133276 25.3582749285 25.3138920947 24.7948736621 23.5420250594 24.9099233548 24.0786607656 23.9478353451 25.1547927817 23.5074783247 25.5423664175 25.0502779691 24.4995619831 23.9440272085 24.6305801763 25.4319200708 24.8852295075 25.450510874 25.5584855567 24.8770595212 25.3731560211
0 0 0 0 0 0 0 0 0 0 0 0 0 0 0 0 0 0 0 0 0 0 0 0 0 24.2575055352 24.4008932597 25.2224376159 25.0220479725 25.5077344733 25.310595026 25.1849447098 25.2404086878 23.7822083882 24.3792212213 24.3006816717 24.0513504186 24.2455304214 24.8343243756 25.2680663721 25.0968324991 24.8755090162 25.182908893 24.6330191823 24.5889352821 24.4807460756 23.8513513782 24.060736936 24.5691972035 24.4622134895 25.1970140857 24.9645637623 24.1064172316 25.60352875 25.1036825848 24.238984145 24.9219335282
0 0 0 0 0 0 0 0 0 0 0 0 0 0 0 0 0 0 0 0 0 0 0 0 0 0 25.1140844801 25.2008931139 24.4126698437 24.2808023481 24.1447735413 24.9237701489 24.5502520181 25.1988343934 25.4817545584 25.1159634706 24.6642239345 24.0317685588 25.3083801287 25.1257008225 23.6340614022 24.7986441725 24.4185671255 24.9552383762 23.9209377547 24.3601503378 23.6846605295 25.0751701342 23.5787975508 24.5584070336 25.3934847203 24.8084191165 24.5738498975 23.7519037827 25.0543574679 24.7770500535 23.845785555
