Spatial_Output/DEC/DEC_0092.asc
NCOLS 155
NROWS 192
XLLCORNER 196307.867259
YLLCORNER 449144.565805
CELLSIZE 33.573938
NODATA_VALUE NaN
[rows 52 to 77 of 192, columns 57 to 113 of 155]
43.2952695937 44.6106029584 44.3050918448 43.9477395108 45.2720658019 44.4983509886 44.6282833502 43.7207266537 45.7139422528 43.2577243708 44.1769390719 43.3934542151 45.1550701147 43.4072293136 45.0627646034 43.5507368903 45.3943792926 43.0208294385 43.7052571565 44.130870411 44.0459719249 45.4489488705 44.4773999245 43.7749029119 45.4130608549 45.2158226662 44.454380584 45.7512805924 44.3646146499 43.1521645608 43.2503536412 44.8356817034 43.8919597674 44.646169775 45.5359089802 45.470367744 43.2206393305 43.9825711841 44.3713963133 43.0721822803 45.588265215 44.6862602127 43.7738737601 43.781092109 43.8351255571 43.3565637355 45.3158509785 44.6054998908 45.6858052883 45.2738406805 43.0910327165 43.2508643102 43.9504018312 45.0980547787 43.4270093359 45.3596331439 44.3874492934
43.8839142694 43.8204550978 45.0743411871 55.770400281 55.770400281 55.770400281 55.770400281 45.3585791489 44.2069885817 44.3969924531 45.3415785792 44.7969398637 44.2852465197 43.167246707 44.1446559361 43.0065065739 43.7851439003 44.7442537323 44.2087086468 44.6070775895 43.3129420219 45.4523634454 43.0729392047 44.7344587061 43.5273603255 43.930101696 44.3991860192 43.2327138827 44.2360721718 43.3225220881 44.9374448007 44.0463789013 43.0444015335 45.7412254447 43.539734899 43.0742036762 44.6532947366 45.1329666719 45.7009357811 43.771450926 45.1618823641 45.3276772829 44.4591369597 43.441357047 43.8830341211 43.1059350868 44.4171224068 44.1459341857 44.6249364785 44.2675702528 43.8009527795 43.5293142292 43.7901623391 43.6098097248 43.9079332112 44.7993440357 45.7075000973
44.1816210673 44.3130557257 44.1287579051 45.7271690616 55.770400281 45.0317693307 44.62621981 44.0549244031 43.6781537906 44.2170576828 45.6784864917 44.9194695621 45.0803976507 43.2438075463 43.7355473912 43.1681251921 43.445520262 44.9344458879 43.9811547206 43.4219990422 43.5563029499 44.8893152024 43.8802578309 45.7699827149 45.1657825352 45.8187632569 44.9985235409 44.9391237944 44.521708341 43.6173085829 44.0488253091 44.9019170723 45.2100141189 44.3828689483 43.3538298134 43.660802098 45.1030055466 44.50817737 45.4939975465 45.3570010482 44.5349587849 45.198480852 44.9024094747 45.3927429557 45.8012477032 44.7007079063 43.3035454788 45.3045408693 45.41982145 43.532226671 44.0288928314 43.5756275282 44.4810307166 43.3662851598 45.153723911 45.7078672037 45.8007562803
43.3086124295 43.5571222068 43.4974601276 45.6420869973 43.0956356301 45.5752804169 45.6328782813 43.1850775764 43.8932679901 43.3874577577 43.004844332 45.7998427654 44.9463437253 44.5817582372 45.8143163083 45.7633920932 45.6947119098 44.7139173281 44.7513445698 45.0607006749 44.2043984172 45.7529183328 44.1840255297 43.4635199644 45.4202465345 45.6396349232 43.8543424399 45.21974969 44.4299172778 45.5140419018 44.2795342332 45.6551942921 43.1623467554 43.77617081 45.1996721519 44.1774540216 44.5803816548 43.8844145525 43.2199710475 43.1264933486 45.1361964242 43.0188328449 43.028881703 45.5657568807 44.4262927218 44.4271800373 44.3785456856 44.5861711126 45.1892016818 45.7266444506 45.3869812292 43.5327853807 45.3433160444 45.1657466223 45.2254733823 44.1315833866 45.4096475696
43.1950398463 45.212836556 45.1609153406 44.6937177045 44.0339761834 43.4619096256 45.6944504878 44.9884127862 43.4680603783 45.0942953826 44.6021353798 45.5201603816 45.788355815 44.1109565813 43.2506747951 43.8786685161 43.7818209128 43.6557471667 44.6995050821 43.0117351559 43.2232655623 43.1325311105 45.7190497433 43.7854095951 44.1991957838 44.4706439628 43.5842032549 43.9647726821 43.6238844768 45.6529844985 44.8936379769 45.4473465005 43.3251326726 43.8701353013 44.2449277832 44.1611285931 43.3840401883 44.2241292942 43.7920390495 45.3361238163 44.5196548145 44.6037193706 45.3014973857 43.224834966 45.6624913188 44.8370960301 44.8130959871 43.0350469239 44.583802894 45.1996226668 44.620778913 43.8368574808 45.1810452347 45.1221305524 45.1332673901 43.9361132035 44.7681384957
44.7860023133 44.2578137557 44.6003756044 45.6545825316 43.1293441816 45.6116909595 43.7497360615 45.3658599894 45.7574196241 44.0454295599 45.6050181284 43.5213400909 44.9468505956 44.2206017151 44.8234135642 43.5183943886 43.6772483084 43.2426597845 44.484176363 43.5208152973 44.9187750537 44.4704364784 45.4279797074 45.0181451323 43.5724324542 44.4853775438 43.8091635781 45.4779215586 43.0239078505 45.6491720954 44.8323270876 44.0041770957 45.6630838837 43.1967463818 44.1407362665 44.1671628252 43.3210636609 44.2653834213 43.7746832268 43.7130043197 43.8164749654 43.9107437299 43.0821597136 45.7534177595 44.8318225308 44.106876046 45.7596597874 44.1822415875 43.6702273885 45.4242634238 45.2996683253 44.6050887604 43.5310522618 44.9187435887 43.7855821127 44.3924101592 45.7030245402
44.2575330142 45.1129227883 43.9510848148 43.0462626455 44.5777559781 45.3734449669 45.2515690916 43.2606226947 45.0165501411 43.6985353394 43.8346259259 44.4398643321 44.9424082962 44.9900861003 44.0383657813 43.626257909 44.1358526282 44.715106801 45.3846288109 43.0821989982 44.6082838367 43.0380470103 44.8888836587 44.3447951697 44.483109816 45.1217290589 44.7415417371 45.4814963336 43.4470689002 45.5185384867 44.4082302617 43.6598067672 45.1216293768 44.4940284676 45.2184293469 45.0093967605 44.9672001762 45.0974833892 44.5647019407 45.2305482118 45.6228766157 45.5109203604 45.7169246355 44.1157882744 44.7311675337 45.1894475235 43.9535337613 44.2184872525 44.895785966 44.3236822188 43.0661578903 45.0243622105 43.2156717896 45.1772031151 43.6122013484 45.0711307112 43.1060445805
43.9878392126 44.9091876353 43.6346798392 43.5752282062 45.2816912672 45.6638912888 45.6592515426 43.7588645641 43.8331031456 44.723926017 43.4427851005 44.4800504256 43.0513622975 43.0011600718 44.6463717024 43.9755039327 43.8804620358 43.9141481322 44.7602026428 43.528968605 45.6359983385 43.6185932652 43.4296943773 45.3109826498 45.029984098 43.9042748137 43.4957994972 45.4695745763 45.3847259322 44.8421452563 43.4294508275 45.5376543207 45.0196390397 44.9162843377 43.1146599593 45.3295151508 45.4969538443 45.7331307916 43.0481940566 43.6492407821 45.2857233908 44.2478584657 45.5679208197 45.0183926653 60.925332188 62.1869608449 62.1869608449 43.079751441 43.6554852167 44.7033859912 43.1786971185 43.6215425992 45.5348717825 43.2087044819 43.3292216354 45.6678335236 44.1076270858
44.2716793166 45.2662039801 43.683207691 45.2341177226 44.3303637643 45.7693417807 43.1879629293 44.6268960042 44.57877554 43.1193224528 44.1637625727 43.2421485059 44.8300957292 45.4376588081 45.3311018746 44.973315547 43.7853694628 45.4854204673 45.0650484948 43.6879724151 44.1669269061 44.8035223413 45.6887508463 43.7679123884 43.2726807822 44.6055413155 44.8641129774 44.2284393777 43.4862373865 43.9961489897 45.6344878288 43.3158400198 44.1352812139 43.4956276135 45.7962057368 43.9854747544 44.9456174041 45.529538445 44.8716305109 45.0049142077 45.3259343978 43.1286542414 44.6499647526 44.2765259187 43.4342514912 62.1869608449 62.1869608449 43.8958168355 43.4766752084 44.208253401 45.6707055769 45.7538669703 44.8431092299 44.9207463633 43.1527838571 44.7758687307 45.4275997909
43.5515787191 44.1389565964 45.4046286279 43.9338232111 43.3734928155 43.9258589007 45.0744232804 43.2870696252 45.2589541879 43.6451304729 44.9943939506 45.5706716832 45.2518547022 44.978164478 44.084485563 43.2821316302 44.4893691324 45.0783122001 43.5567403444 43.5152662914 43.8063859476 43.161887504 44.4032748936 45.386892653 45.216388368 44.9292256523 44.5022779968 43.6230850509 44.7664568065 44.5381855376 43.1461084855 44.4550615766 44.3394977448 44.4476425512 44.4137653805 43.8098093554 43.0126563088 43.2936023414 44.9045597203 44.4653106085 45.5037715282 45.585129646 45.7610309192 43.3641615264 45.4206287011 44.9445237244 45.4392650024 43.4995955462 43.1245562739 44.9264877098 43.9621960811 44.7439226345 45.686168104 43.2017074046 45.2522803854 45.3687291657 45.5452072113
45.0324718649 43.967026772 45.07996254 44.1422179739 44.5169444937 43.0263420271 43.0559054435 43.4960600924 43.3321260429 43.2327697113 43.9848461404 44.993838532 43.4095575933 45.5155111725 45.6914134076 44.7791249407 44.1785499696 45.5490756726 44.3373412965 43.9673776316 44.094153276 45.3244559334 44.1405741488 45.684435377 44.3396267724 43.3185955767 44.3158303303 45.0589731767 45.2850868703 44.7284604227 43.8265506684 43.9416742239 43.9309014588 44.570857745 43.6542958107 45.2727780531 43.8658175049 44.1763374243 43.7319770792 45.6379372265 43.2179282585 43.2578476131 44.4923758452 43.8933199358 44.1507430688 43.7603404006 45.5869029454 44.3024643457 43.4031415251 43.2973872577 45.7927402398 45.0275100033 44.2890006159 43.0217012998 44.1426191759 44.0672312369 43.786046107
44.7386397017 44.7876042792 45.6802120148 43.7501132388 44.7437146925 45.0264854616 45.5925697725 45.0459841525 43.8011923651 43.6045583664 45.5043044693 44.9712360812 44.6821978449 44.9207972641 45.1389778607 44.7952818611 43.7677382202 45.2418724637 44.496962561 45.1935877338 45.0884585485 44.2827747281 44.9547361229 43.7725073633 44.1939834806 43.4096287686 45.1673729454 45.6822375198 44.0973561839 44.0627657793 43.7740744325 44.2384573481 43.5565589963 43.1478970066 43.3325462829 44.0907967217 43.8361138038 44.521317911 45.7062136826 44.1366101938 45.0872081158 43.7122640839 44.3917095215 45.1452794648 43.4177848588 43.325225875 43.4213537717 43.9946091407 45.0570871821 43.3593638756 45.2318828002 45.5234611561 45.531111691 45.0873588792 45.052194651 43.467442837 45.7491369156
43.9448845994 45.6180746462 44.8343374248 43.8701665012 45.0859340817 44.5681344691 43.6097880355 44.6631606983 43.4275671 44.0107948042 45.152057275 44.7000468456 43.3050755532 45.8246349564 44.2202318602 45.6691298126 43.3480154586 43.2376553535 43.297528802 45.3194805696 43.0296733719 43.7872503583 45.3725500997 43.6840903794 44.8875687205 44.8677356125 44.2728978691 43.5442845962 44.6060348193 45.8251129517 45.7613577373 45.2763299741 44.9451766244 45.1782923146 45.4811595911 43.1824767214 45.1086786902 44.4667195636 44.5942647186 45.6661806292 44.3886524069 43.7243001466 44.5451434259 45.0200697678 43.1327043213 44.2719140125 43.9179640636 45.3432291106 45.1834535974 43.6316685723 45.2809588289 43.6351533948 43.596554051 43.5404050854 43.3853178449 44.4314671057 43.0828700248
44.8219401925 44.8997010314 43.2697655998 43.5647429883 44.913969129 43.6951635843 45.353064885 45.0331179964 45.2644610053 44.6756636862 44.3170022554 45.0850759432 44.9156187364 43.0380940875 44.3174320113 43.9846101214 43.4355429802 43.7236398773 45.1072083066 44.5759375117 44.3137719552 44.883401835 44.459777843 43.9740406511 44.6067048403 44.4050200042 44.7888567507 43.1161231942 43.6361500737 44.4159174672 44.2913503342 44.9840178658 43.9086933859 45.349917633 45.3471281127 43.6105537674 44.2271091298 44.728941949 45.48215754 45.5316917746 44.0340798269 44.9753615637 43.4281755703 44.0580686168 44.8769295929 43.184990712 45.7484582729 44.4547205705 45.4172535441 43.9568144263 44.5719745488 43.1589508186 44.7725216491 45.827972858 45.3524876505 45.1759718189 44.8039100455
44.9867958429 44.2527137085 45.7377028084 43.5469120548 45.1044981315 45.4239699826 43.7506579354 45.4268789878 43.4519810696 43.1986765904 43.3616645889 44.0554549873 43.8624049423 44.0516263105 43.2568063928 44.8362976922 45.2652254606 43.2974290071 44.0184962392 44.8739671983 44.7103453209 44.9296581641 44.8179275206 44.1179071372 44.4579967249 45.1594187742 44.0949942086 44.2075758404 45.43293311 45.3240109206 43.9394736009 44.4688557013 45.3418161087 43.646450347 43.1817249849 44.9095081582 43.8224930341 43.9252607336 43.8034714867 43.7776416949 44.5399968501 43.7841835755 45.2894427344 45.4740521714 44.7183309091 44.2153035868 45.4241641099 45.4055693326 45.1848321196 45.5417446961 43.451114246 43.0280075466 44.1645321363 44.8953859629 43.5940115835 45.0869455968 44.0339608076
44.4938316953 44.5837053868 43.1850000965 44.1211431683 43.5593279102 43.5415494221 45.2586007898 43.8853895572 44.8859077225 43.9960621047 44.8766758136 44.5770999919 43.5009321121 44.4935432559 43.6301150986 43.9705943748 44.9230455557 43.3430957107 43.4817850238 44.7492813011 43.4939749564 45.3620095293 44.5059162809 44.3726563804 44.2829494746 44.2271840782 43.5276202155 43.9569792101 44.0713087544 44.6618153981 45.024194509 43.0059090368 43.9195532023 44.5151420993 45.1798371976 45.5045497977 43.9742026499 45.445091341 45.221808657 43.472933265 44.9862258151 43.758064257 44.7359070955 44.4125479961 43.8539235949 44.3597946876 45.4222540942 44.6349959779 45.2935150047 44.9452574891 45.3550094629 44.7813156411 44.6666199863 43.6577593001 43.045429205 44.7296222309 43.9630461312
44.8357522518 45.1863987839 45.14269862 43.3456189377 45.454443334 44.5678248789 43.7624069364 44.5180669369 43.0939885872 44.8034006473 44.4512843575 45.2259720138 43.8858213859 44.827736672 44.5047092383 45.3560569032 43.0934755293 45.3270824071 43.7194762195 44.3551056758 44.2253375284 44.778664029 45.0834548488 45.5009638577 43.6185160203 44.4893249201 44.3100554903 44.2941833217 43.6425426854 43.3335718605 45.2855466082 44.3550685033 45.0463928548 43.824239513 45.5078890228 43.2853548119 43.278550558 43.227291664 43.3251070081 45.6590272711 44.1767365246 45.2744003762 44.9721267294 43.0623682037 43.7245009319 43.3513168618 44.1973297556 45.6266149583 43.6365545995 44.1465163778 45.3114932568 43.8223179606 44.8829265968 43.9431622482 44.2861983102 43.3800825465 43.998346925
43.5899230029 45.536994123 43.2005224509 45.6846346091 43.8398550489 44.2443614508 44.9440429024 45.2293486865 44.0610893528 43.0823503944 45.6382605107 43.3214404313 43.5821016941 43.6427161267 44.4147416093 44.3257245691 44.2885229337 44.8454255815 45.3547507719 45.7955339258 43.7254197273 44.9072661334 45.4194911733 44.3039164435 44.3298443005 44.7458561545 43.9816852343 45.6871794384 45.5521408899 43.9768983371 43.6973558935 44.7985440688 44.5944425798 44.4105125114 43.6255620632 43.310582322 43.3572025035 43.0237906697 45.1826839661 45.7005593214 44.1143122492 45.7626433136 44.524761302 43.1533561355 45.6681534724 44.5485781205 43.3634870421 45.6025608102 44.4633212823 43.4945228345 45.7410739353 43.7640676546 45.767193328 44.3993241342 43.0788508355 43.732997651 44.2848945749
43.6484030512 45.517960997 44.7732748664 43.9525853173 45.6885880249 44.0518878247 45.0264162986 43.5097133918 44.4451991811 45.2190186544 44.0540264155 44.2838367263 45.5987231445 43.8705127657 45.3137376803 44.3177366808 44.2379403065 44.9012614301 43.9502158343 44.8357198898 45.1531033893 45.1991033267 45.3165202449 44.5418459852 44.7312789313 44.9565985892 43.6835111045 44.2727367799 43.448569314 44.8951878986 44.7998092413 44.6857700458 45.6914968162 43.0547679465 43.2179435827 43.1284540604 44.2724156689 43.3312422947 45.3356478626 43.8172950068 45.6062916408 43.9718200071 45.6810233469 43.4582189978 43.8791981999 45.2568019226 43.1624313743 45.6379106442 44.272232402 44.1440328254 43.3567686528 44.4223245747 43.2757329499 45.4718703824 45.6685609794 44.4335233389 43.4988983696
43.2247538154 43.232195245 44.5931590913 43.7620691466 44.676252939 45.7320827243 43.9878611164 43.300252735 43.9372721768 43.3194405414 45.4507063107 44.9659906508 43.0548776959 44.3649164062 43.9053063215 44.7999362868 43.3138566517 44.4970792911 43.6523614986 45.177200664 44.1204917597 43.5688596036 43.5793169581 44.8434962291 45.4256314772 44.6143444505 44.306170857 44.708428703 44.252776494 45.1803221798 45.311982811 43.8454797867 45.4571712936 43.9216165514 45.465302577 43.7326756978 43.8930756384 43.0044934559 43.9085818045 45.6263595523 44.6809280211 45.6257008222 45.7705976014 44.3574244011 45.240390424 43.7909990329 44.9352881113 43.6586001232 44.4758783337 45.5206344727 45.5867802905 43.8312062711 43.0880368796 45.6204344594 43.3167445487 45.7084109516 44.8833709141
45.0950246248 45.3417518262 44.4508090963 44.3116265852 43.9721661242 43.1076604528 43.1335030112 43.6019288972 44.8300126828 44.8963393411 43.7926798821 43.530448459 43.4760015401 43.3150220677 44.9467237295 43.4838150687 45.7975659751 44.0692065042 43.4044130471 43.9695295439 45.1342087194 45.3869797904 45.8092287056 44.0499879518 45.0317900164 43.6523317624 43.3117687417 43.2158084553 45.7196040098 43.0789557557 43.0913463686 44.8781016387 44.8955753859 44.05592044 44.4302509356 43.2346655082 44.749050612 44.9821753746 43.5030437675 44.6879285777 45.5590743059 45.283902058 43.8314313986 43.1431692711 44.785796231 43.5028121141 44.7574717381 44.1600778708 44.4731687975 45.6896358213 45.5202715958 44.6352739938 45.0055715103 43.2100766051 43.9700478981 44.7934048386 44.2349539127
45.6683344449 43.458558073 44.5973258605 45.6604988389 44.5972540148 45.2817411399 43.1423489046 43.6313240631 43.4917586114 43.584456058 44.2391957019 44.3196749526 45.7085842042 44.5601844576 43.5317848349 43.3429392039 45.3917578843 45.7399516752 44.4368746845 44.7838648851 43.1916744225 43.5531179567 45.4933801686 44.6209594664 43.932827997 44.7217437113 44.6941138944 43.4039276126 45.317608845 43.3112331866 43.9754307055 44.0962639133 44.472661988 43.2345343118 45.3189453235 43.6625811245 44.010228466 44.2680209132 44.0315878543 44.3646866224 44.5761370539 43.7620555457 44.8349260544 43.3172949084 44.7151658514 44.1302278742 43.5793330696 43.7488730871 44.0797325898 44.7982074614 45.1443029614 44.6245254338 44.6131996547 44.3458854011 44.1275315863 45.0957915832 43.8135898793
43.9571741264 44.7012977387 45.0192091771 45.4975719568 45.6122593381 45.0156003251 43.2253682862 43.8554081996 44.8010644134 44.2724172607 45.1510107366 44.5911691262 45.3787468634 43.0077865094 43.7249577526 44.2869792637 43.4490333799 43.0750903094 44.835858901 45.4531531205 44.2342185755 44.0219712065 44.441607092 45.6269864298 43.7726510332 45.816591301 43.6264265431 45.0174559046 43.2957190863 43.5666191342 43.6198023312 45.5766133384 43.2948918225 43.4103163402 45.1974024259 44.1840812323 45.1418026852 44.4459132323 44.0032291266 44.1786608001 45.7724974189 45.1709438008 43.516875451 43.5795417405 45.5929871822 45.1703088126 45.7109155288 44.1886452207 44.0933859728 45.040708207 44.4247564222 44.8249724488 44.4201576881 44.8294113235 44.0967925419 43.7220410381 45.3562635958
43.3563592431 43.4158665558 45.606991747 43.2648671155 44.4546692609 44.8245614995 45.6495752346 43.6994077644 45.6002879703 44.2848883976 45.8259170985 44.1645573088 43.1119730523 43.7577963444 45.2010072079 43.2852418395 43.3725359111 43.9405246848 43.7108414172 43.9471260607 45.4557172527 43.475874372 43.2359426227 43.1926995263 44.9897162051 44.7987949155 45.760289309 44.9580164977 43.86758328 43.8632437992 44.1227720903 45.7854326745 43.2884739384 43.4411839904 44.6926785798 44.9746295511 43.9200389218 43.5979617412 45.4420378254 44.474776249 43.5180711177 45.7094429488 44.2730686266 44.0080079631 45.6941280119 43.0340174286 44.1269403967 44.1882326597 45.6424077601 44.5942237859 43.3236035051 43.2083293085 45.2048481439 43.6993698998 45.4056423054 44.5115491 44.0986694152
44.1698109901 45.492089594 44.0650272854 45.6962334628 45.4180002636 43.2175908312 44.8648190573 44.790620476 45.1036088704 45.8095860293 43.8814030874 44.3354490294 45.3742834307 43.7000845362 45.0709477136 44.984558118 43.6869500915 43.7327467683 44.7564512664 45.0209747332 45.641055658 43.2194571755 45.3505590882 44.5658833483 43.2122233908 43.986695036 44.3808547612 43.8220465638 43.5067570997 44.7948795528 44.3438930972 44.4833486094 45.0374122389 44.3277615642 44.6166972806 43.9936779098 44.1960012474 44.7420872683 44.1364513864 43.9283102336 45.7317892681 43.2519044895 45.3787698387 43.2691167562 43.7357401665 44.7904780344 43.7436757097 45.6951700743 45.0934598032 43.0397537566 45.6850603956 43.6816149327 43.0702833916 45.2009230304 45.0445727307 43.5008547535 45.4586363439
44.3565039087 43.7015352363 45.2101353821 44.797066618 43.1601492547 45.7611565172 43.3207433413 44.7813709999 44.970412252 45.3932183254 43.3000648806 43.4921076394 44.8415284454 45.7503576343 45.1941270425 43.3989424471 44.6082529423 43.0701683092 44.6121769528 44.8671359733 43.792886008 45.4707262562 45.4502628665 44.7193917894 43.7985162393 45.6108326856 44.0058931111 44.5820510969 43.3323932887 43.232624215 43.0431734052 43.4930828455 44.270207764 44.5248898527 45.7391838447 45.5813023472 43.2217078416 44.4661028237 43.6686875776 44.4036526789 45.4777868876 44.9845339436 43.9369440168 45.5929249199 44.4587991817 45.640722754 45.7711917367 43.3500688623 44.0787001044 44.2235255605 44.0403030331 44.7690743256 43.0070830909 44.7908946333 43.5810245574 43.5205411713 45.1712775353
