Spatial_Output/DEC/DEC_0343.asc
NCOLS 155
NROWS 192
XLLCORNER 196307.867259
YLLCORNER 449144.565805
CELLSIZE 33.573938
NODATA_VALUE NaN
[rows 78 to 103 of 192, columns 57 to 113 of 155]
37.0279445221 36.2947148477 36.9080407239 36.663715175 36.2584111798 36.5839904851 36.0107680621 36.4782894638 36.2008318316 36.8736925337 36.3002398309 37.2807494541 36.8410509221 36.6450049718 36.0309376188 36.456980349 36.4154131736 36.6287688954 36.7023685242 36.4819798107 36.8590148728 36.5814074832 36.6232397691 36.090659587 36.7896854144 36.3796259074 37.3984118911 36.5654374543 36.7754091634 36.1724989808 36.0976320054 36.8715277056 36.5755178692 37.3622238184 37.1617784303 36.710962289 37.2793397189 36.5927160806 37.385408031 37.1524059032 36.8317747076 36.0291749965 36.3375734713 36.9318408868 37.2381647978 36.8824043762 36.3104183416 36.700138398 36.5773885447 36.3815181054 36.6496801144 36.5309433737 37.0920322806 36.8926693235 36.6728793869 36.2304002598 37.009353901
36.3923372128 36.4624599696 36.8698696989 36.3102585342 36.6809190562 36.0464195886 36.4038522025 36.6943513767 36.8467649343 37.0531630946 36.0779499652 37.3769456298 37.1684511548 36.0543368846 36.7686464871 37.1111326047 37.1511455309 36.7824976622 36.1814933494 36.1813790551 37.139367643 36.4639281592 36.8955099395 36.7016992793 36.1065066897 36.5492169236 36.0125630503 36.8091943418 36.9883785648 36.5992420986 37.2755134682 36.3763762863 36.2254293002 36.2391400367 36.6558928869 36.2653747623 36.2290026395 36.500101095 37.019193764 36.7991886351 36.1565436707 36.1239747338 36.5166102382 36.3434985664 37.1955473564 37.1746306698 37.1237604738 36.0841186466 36.3249618647 36.4937834136 36.5578556612 36.7989016894 36.1890176184 36.2446556386 36.9378687552 36.8791361281 36.9942277025
37.0118970588 36.3601048091 36.358190127 36.6335864165 36.6918474988 37.0603239689 36.0912313659 36.8080954943 36.0564287895 36.3101153925 36.4222995975 37.0073940561 37.1148914679 36.5464909652 36.0337918928 36.4098330282 36.9741321558 37.2757959343 36.4112460501 36.1680745583 36.486821803 37.1884579226 37.3302118919 36.2705823216 36.3969927399 36.7893470724 36.6717342788 37.1995636847 36.835346806 37.28355112 36.5388320775 36.3304911033 36.2741192958 37.268660796 36.3063164219 36.7670282538 36.6968032513 36.4233034649 37.3386043546 37.1213055351 36.9039990961 37.3464417385 36.9575730977 37.0168384801 37.0342035143 36.2316363947 36.5182215785 37.4086092405 36.7543440196 36.0606244369 37.2068060944 36.9914631442 36.2997995115 36.8592500571 36.2877843209 37.2700074404 36.9283161142
36.5605332207 36.3252715616 37.2117950602 37.3090150751 37.2873729635 37.209609797 36.6060622995 36.2883827067 36.505732494 36.8369316168 36.4526041074 36.3958694949 37.069438576 37.0916333782 36.1502467607 36.7649204398 36.1618831902 37.2256347622 36.9909202011 36.5092276541 36.1113625128 36.6842640825 36.977940843 36.0334981273 36.044050466 36.6153218884 36.7665449783 36.477566817 36.2687152148 36.1038933042 37.2192975915 36.1765031287 36.0887503842 36.0334829875 36.0275681946 36.2633917701 36.5751954682 37.2091831752 36.8898843026 37.0781548852 36.5314401165 36.3172989496 36.8470586597 37.3057109949 37.1822316899 36.4448808157 36.2550821671 36.2611753048 36.7579746154 37.3759899319 37.1174367379 36.5126224431 37.4067993589 36.6435590274 37.0360824277 36.0432223261 36.1380397386
36.7801170291 36.5582115776 36.811459894 37.2735903155 36.7236621431 36.8566028378 36.6080472325 36.8310971558 36.1994239774 36.5466574625 37.2187867918 37.3490580152 37.0789268736 37.2720965325 36.5915259306 37.1818105988 36.7288297407 36.8649586988 37.1491286447 36.4687815425 36.0917993851 37.2546445187 36.206584715 36.9161246814 36.1125436243 37.1650536245 37.2512338408 36.2022075687 36.7614785177 37.1712240765 36.1215906998 37.1950477133 37.2846356306 36.4867779338 36.8071722795 36.5975689869 37.1253556636 37.1026445291 36.4612990569 36.1058044132 36.2881232859 37.1532190045 37.0164615849 37.3945409995 36.6961435667 36.3445501465 36.3202566456 37.1476442322 36.3693521063 36.7337878648 36.7435691051 36.7156472852 37.1972640272 36.9549819025 36.4057188479 37.2017426105 36.6324291709
37.0289786997 36.3413355696 37.3956236471 36.6832607759 37.0549591496 37.3137249126 36.7758630808 36.9173673927 36.0277166072 36.1333609754 36.0367286504 36.8922345792 37.1113465964 37.2512560163 36.2434517837 37.2826721906 36.4886617012 37.2625987992 36.4055331657 36.2140884047 36.7173327841 36.3526038553 36.3463286532 36.4303850326 37.4086477801 37.040064049 36.7758576248 37.302148685 36.469608734 37.319339489 36.3969055215 36.7648442425 36.1822791919 37.3866739174 36.3074447459 36.8221590645 36.9256753053 36.339757807 36.6770900777 36.8239180337 37.1148124172 37.1326357354 37.1666612822 36.1643221761 37.3072559759 36.9479177626 37.0509329257 37.0956882859 36.1826820242 37.1127434651 36.8026505695 36.6729736799 36.0879697837 36.5185700859 36.2212507394 36.1856279183 36.6693208356
36.5876979252 36.0703048955 37.3035031048 36.7792799807 36.2613581155 36.4141470705 37.3101421173 36.7016213732 36.6359216081 37.271400236 37.019832528 36.4012330973 36.9496932734 37.0139310822 37.0953329263 36.6528912805 36.0707773385 36.8929310633 37.0929335261 37.3948288882 36.2562417084 36.0569432726 36.6532822195 37.0138730981 37.3490487687 36.0572865413 37.1973328536 37.1272495852 37.3420207162 36.821354598 36.77303954 36.3600973978 36.8459114651 37.3631291659 36.5769865892 36.6633998664 37.2882656031 36.5339536255 36.4149735376 36.7983130097 37.1204456189 36.1397423386 36.3665149271 37.0786702572 36.8798513092 37.1739855081 37.2726219864 36.4091180478 37.3854296637 36.3795541866 36.7726634296 36.5120677409 37.329237276 36.3468923199 37.3542024178 36.5558953621 36.8894557294
36.8460524178 36.0576069706 36.5636741124 36.7664454993 36.748271338 36.8251108814 37.1431108936 37.4048227949 36.4709330704 37.3090916063 36.8142947413 37.291995151 36.417608125 37.1278494047 37.2091329449 37.150125701 36.1063282447 36.1226202777 37.270641919 36.995713712 36.9185898447 36.840357027 36.6721102714 36.4246319223 36.1383819205 36.6720969355 36.7578949745 36.4056285641 36.8774024127 36.2994874283 36.9156796916 36.3295619548 37.2769183262 36.828775856 37.3511153872 37.1138243783 36.414511249 36.3036327189 36.1148730537 36.3303174006 36.6549738671 37.2196739842 36.5523218853 36.7877434394 36.8543486918 37.1380391685 37.0129678483 36.1852516943 36.0751637416 36.9647603776 37.2033904801 36.8013359573 36.4571320348 36.6610132664 36.5495304959 36.2471684437 36.9686830454
37.1249816586 36.4710761644 36.461301579 36.8423069992 36.777604417 37.0628023487 36.1253826471 37.0086608177 36.373133553 37.2397534963 37.2862950236 37.3094439668 36.3279919854 36.7645700963 36.0808886712 36.447910641 36.7855073291 36.5330056372 36.0819282481 37.1518656979 36.1096844151 36.2824057066 36.2461014673 36.0379826173 36.3205691624 37.3728411718 37.1518267835 36.0650232885 36.4563687637 36.1724529232 37.1407205706 36.368867007 36.7266562869 36.5490836605 36.6096014397 36.3791089674 36.667700909 36.110675611 36.5110609107 36.2098290257 36.914593837 37.3575402794 36.088195731 36.680332885 36.7293942828 36.2506900822 37.3699274759 36.8811962984 36.801331087 36.2929222282 36.0568825142 36.1322377716 36.4591051402 37.273851039 37.0141684164 37.0996122355 36.9490232073
36.9641959327 37.165849631 36.360265678 37.0073798526 37.3993777136 37.2279631368 36.6253326654 36.9969021478 36.9518992583 36.6827639727 36.6820035868 37.0694374276 36.9604730645 37.0698542291 36.8830906589 37.0651987634 36.2758908524 36.267806561 36.5150461429 37.3010950415 37.1681249758 36.5263245763 36.6243224182 36.858642419 37.237456898 37.3555645967 36.8633719376 36.0181759516 37.0766687107 36.5493316904 36.7944404749 36.2162489979 37.0872359151 37.2804046284 36.5877597555 36.0930638214 36.8894808769 36.1671205044 36.7541717291 36.3897555076 36.9744256269 36.0941736354 36.9444280501 36.5176258792 36.3118691093 36.08769558 36.8187167388 36.0203867795 36.9909936376 36.8254038243 36.258773438 36.6260526402 36.8300619263 37.2189081272 36.5680957159 36.7064596253 37.2241394752
36.4289532234 36.937919295 36.4474501185 36.5081591943 36.1727590159 36.4067009551 37.3232343735 36.1427522846 36.0528499135 36.7128412245 37.3860356187 37.2420640998 37.1438513681 36.1068645874 37.1436134445 37.195692332 36.5904406432 36.7825070034 36.0118846875 37.3657181577 36.701646717 36.873003829 36.354798516 37.0731437432 36.2223998947 36.2756815229 36.3183065422 36.1418307573 37.0286056406 37.0064829387 36.2031907861 36.9919074421 36.0580291258 37.2430932981 37.2260135311 36.0104411888 36.9066318355 36.1996124718 36.2775684988 36.6751107513 36.1855785177 36.4313712678 37.2680454171 37.2943153064 37.2138680428 37.3417419092 36.3640219471 37.1739011921 36.5111288866 37.2985397923 36.7626549271 36.9646509676 36.951879543 36.8276804279 36.1634575536 36.057599433 36.815535228
36.6534212881 36.9815721102 36.8357298249 37.1611170881 36.9645293438 36.9043037971 37.4026293837 36.517889776 36.0236822979 36.586620954 36.5745763665 37.1953078126 36.4845816275 36.7984829532 37.1614463908 36.5038249586 36.2166698558 36.6665666438 36.6879994292 36.9852496373 37.1815077634 36.4303227887 36.0030422496 36.2423260631 37.0988006574 37.0042250356 36.7148629259 36.8053784397 36.3427829385 36.3349056732 36.4128861643 36.7347693645 37.3355454594 36.0293355039 36.8153796169 36.7193540356 36.2569887539 36.9046270929 37.2396663681 37.2252080997 36.5427883269 36.0682279159 36.5688473867 36.5528473701 36.0792357348 36.8522975362 36.2161268285 36.4455932085 36.9861435054 36.7533854218 37.2887362816 36.1559984842 36.3925414023 36.9043305812 36.2951521591 36.3261659957 36.6593527578
37.0675396154 37.0959745749 37.2084743619 36.7752966524 37.3937086736 36.6856624514 36.8215747132 36.5478741617 36.747905709 36.6001377326 36.4383163496 36.2633445285 36.1825803586 36.1122799767 36.7208107731 36.6102224244 36.5004387369 36.0817617939 36.0597264297 36.6529768896 36.7417958194 36.2564461792 36.2918293643 36.7905261752 36.6741432961 36.0495186211 36.6614211398 37.3232656696 36.7413058605 36.9208356155 36.5795056157 37.2155917568 36.1817441333 37.3847164949 36.2370939059 36.5165788916 36.5278513873 36.6711312258 37.247069767 37.2803265115 36.5213708448 36.6514468961 36.5757529487 36.348661155 37.3842433324 37.4014087502 36.8917399815 36.9372808739 36.3321731835 36.1773625779 36.8971602893 36.9272803403 37.3225838666 37.3803796364 36.3535039411 36.0183260798 37.411415029
36.2848760634 37.0708349755 36.6362749171 36.2385427922 36.5269489932 36.2891801711 36.9964918307 36.8586437999 36.5844922275 37.21017221 36.7075451549 36.53985599 36.5531764742 37.149803341 36.1823227502 36.6999646962 37.3581947133 37.2225416458 36.8910686655 36.9807614248 36.474902906 36.5113131401 36.3634993119 36.3409169262 36.0443206817 36.360324301 37.277065969 36.2823173268 36.2853358813 36.9978685862 36.3306965842 36.0425546274 36.5723074959 36.4090739971 36.3640073277 36.4146958679 36.7448126952 36.9344003608 37.3667264181 37.4120670704 36.8182611409 37.1654239487 36.0848374378 36.6886058441 37.0382110381 36.5279789203 36.0601033251 37.0044454464 36.5009114222 37.1671269803 36.3315137714 36.6061049213 36.976642532 37.0610997305 36.7622149005 36.496561288 36.8403337978
36.7496102667 36.3560184668 37.1732578082 37.3609221871 36.6232813288 36.3717749357 36.1678450352 36.5741301623 37.2971044907 36.9723228923 36.556319031 36.1802441658 36.442645998 36.6723964323 36.1046458215 37.3451296425 36.4624980524 37.3835575545 36.4651513944 36.0538337432 36.5670682718 36.2209574032 36.480137524 36.777667595 36.6527365006 37.059632243 37.285229383 36.014442568 37.1550657694 36.4608402365 36.1618204405 36.9443225077 36.546127405 36.2166123403 36.0072360466 36.9993341481 36.2128215747 36.1053737549 37.1147747029 36.0644763944 36.8310583644 36.426716446 37.2248409108 36.8746983464 37.0259948465 36.3515257014 36.0307477281 36.4939065744 37.2417925492 36.5764908818 36.2083000837 36.2785093901 36.3820437875 36.2653834927 36.2474204039 37.1335372217 36.5681151259
36.4991316641 36.9101616321 36.8375492811 36.0570026492 36.7166324451 37.0336019273 36.5944276498 37.1802519725 36.6357745771 37.4065176317 36.4257681757 37.2575677987 36.9765116324 36.2321537595 36.5388836229 36.4496365294 37.1206855486 36.23595341 36.0488902473 37.0057282864 36.8578419809 36.6608697259 37.136532419 37.3960441809 37.1116218647 36.9104380154 36.0718463122 37.0014458835 37.0935704399 36.9958892175 36.8176417296 36.9993247983 36.267546785 36.8214002604 36.0661162031 37.3478591791 37.0005182773 37.3150373686 36.4873236077 36.4031966891 36.9788897353 36.0091410008 36.6485023133 37.1836133549 36.4508606374 36.8601547196 37.0652645216 36.913200244 37.2197414089 36.28271542 36.5608860045 37.242668495 36.9209742702 36.691350752 36.4443279938 36.0079026894 37.3862984767
36.4931291997 37.1504324892 36.299326257 36.8062432737 37.0294814402 36.1037063557 36.8757325609 36.7081439267 36.4131447291 36.1310507602 37.2228339496 37.2506537832 36.6209547997 36.9447406984 36.5974580952 37.3401116803 37.3441471661 36.8509914147 37.1705817449 36.5185132416 37.3065924221 36.3076312164 37.2628897943 36.2467443423 37.3946213687 36.5625181329 36.9781912353 36.9480252367 36.8119059803 36.7258961609 37.287202743 37.3748660201 37.0118735074 36.7451659589 36.2342162468 36.5942882949 36.2901058083 36.3605630883 36.4983917919 36.5918435524 37.1443755924 37.3474879144 37.2255771653 36.5612791809 36.6284890959 36.0294586356 37.223302271 36.0131647804 37.046511336 37.0060425709 37.2905497255 36.8724740292 36.4137597103 37.1199896123 36.4183414164 36.5828755832 36.4557832441
36.0646109882 37.3795519329 37.3313903711 36.1152418411 36.4219713703 37.0374826702 36.639886073 36.7586776711 36.5410786167 36.4338369137 37.3800146769 36.2909087078 36.8510111675 36.7026010043 36.5701341735 36.8030010898 36.8686776107 36.0556568796 36.9638611937 36.8362516337 37.2171553257 36.4864500027 37.0616190207 36.1390572824 36.6175217524 36.8467705107 36.0620568516 36.1670897897 37.3923126626 37.290647586 36.112644755 36.0151703478 37.1187981812 36.0005528296 36.4066680248 36.6300948781 36.5446932988 36.348625819 36.8071065437 36.7210645058 36.4050025619 36.2019941621 36.3483440039 37.2157208027 37.3658979343 36.0473580123 36.5161404178 36.8689756569 36.8051828215 36.2455169107 37.3246313301 36.7527636509 36.0865014411 37.1510385123 37.1056629142 36.9070432893 36.5124973518
36.7297475788 36.9702822276 37.1087047176 36.4967888443 37.0344551795 37.2207248293 36.2784932439 36.5520450223 36.383752 36.1955636063 36.4057655851 36.4262572813 37.0994933064 37.0234794705 36.6214323154 36.9952090009 36.2705129084 36.3105263123 36.6999868371 36.1349990525 36.9482433638 36.7411623377 36.766717742 37.3566754532 36.4871655041 36.5034543584 36.5982331478 37.3005520539 36.3778639779 36.57035408 36.2267046723 37.1967107108 37.1924639717 36.6346167929 36.0561252123 36.5367086288 36.0880981906 36.1883834996 36.2517499258 37.1827805197 37.217262535 37.2783410336 37.102965258 37.1871823772 37.0795172685 37.1149491872 36.4320450214 36.6602582438 36.2762225837 36.3754647653 37.3700292899 36.0152229346 37.245922395 37.1557600839 36.5430889037 36.5305670836 37.3967120251
37.1323043146 36.9962890794 36.0352644779 36.293375253 36.0429764589 37.0694496654 36.7507697155 36.5653916885 36.2365848196 36.4108468 36.1435902326 37.4008206304 36.0745675654 37.0154474955 36.5367289122 37.150507826 36.014275994 36.8927498341 36.3378317322 36.1588177424 36.4133676096 36.9626475901 36.3066868904 37.1267406994 37.0165953615 37.0813023008 37.2115875639 37.1234078328 36.0271573975 37.0918585868 36.9099949239 36.2711720724 36.1986033987 36.8395520942 36.5008147664 37.2866546646 36.3650736485 36.8953369262 37.1359225997 37.0793833786 37.3475040872 36.2331302549 36.0112281961 36.4430258026 36.0557041335 36.7548682963 37.3149782968 36.5862523526 36.2091629841 36.3518111315 37.1449586637 36.434522918 36.4017718153 36.2448072142 36.4605617689 36.6754328794 37.2933410403
37.0163723643 36.937351479 36.7369758791 36.4256863849 36.6264795058 36.3631094132 36.967231706 36.4424071644 36.3140134899 36.0934511232 37.1299361719 37.4092817689 36.2401971861 36.9391096951 36.6718863756 36.0432993167 36.8956085293 37.1426893158 36.7458346006 37.3066331043 36.4811603936 36.7085483859 36.2271993235 36.503755175 36.7110815684 37.3253455954 36.3469381502 37.2129678875 37.338920985 36.6673397007 37.1094198069 36.9499322231 36.8248075665 37.1948930705 37.1526160237 36.5019306894 37.0047303761 36.195699471 36.2818958533 36.724303869 36.4007192391 37.2907908957 36.0826011 37.0914677194 37.1826024465 36.2070369719 36.4973019677 36.4419739717 36.7622633129 36.8822502524 36.1302739265 36.1874497344 37.354194684 36.7772072468 36.8450822897 36.3398035066 37.155832386
36.7051938289 36.4700886958 36.5786908666 36.5846278139 36.3054343106 36.3570928059 37.3727828066 37.1591505354 37.1440591064 36.4805779308 36.4363778352 37.2054314849 37.1722671658 36.9054230388 37.1140398283 36.9570740031 36.192239705 36.6134055927 37.2736778375 37.2817577272 37.1137806776 36.8545614645 36.8314801851 37.334371797 36.6575069045 36.4356074982 36.343494791 36.7345318932 36.4085980673 36.0289663821 37.3954583699 37.3418499115 36.3890215245 36.9054386927 36.9576102139 36.9306963693 36.9976297768 36.4239960222 36.0304866506 36.2605375543 37.4016204782 37.4103882986 36.0474052581 36.604939415 37.238756878 36.988228017 36.1537211108 36.1941485202 37.1372190758 36.3584665941 36.4580167152 36.4013794233 36.8722652985 36.7566687126 36.4853098241 37.2576453159 36.8179816511
36.748475661 36.5533539658 36.8155952563 36.6220760742 36.3330362081 36.3018421793 36.2198881912 36.1670208055 36.3157513548 36.1304730463 36.6802792876 36.2058654358 36.5287613429 37.3060064989 36.3442487206 37.1572118044 36.4693573916 36.7473211242 36.08556028 36.6562474937 37.1246804783 37.1640816122 36.9187214209 37.3486970396 36.5971462039 36.9037244182 37.0263799883 36.8514780162 36.7181779204 36.1532632285 36.0237916445 37.2084598703 37.1809136786 37.2680945377 37.3761296909 36.4635323435 36.6373062958 36.0987860152 37.3313492696 36.3515610098 37.0892393028 36.7314799231 37.2948081341 36.4375784674 37.0795767319 37.4124288157 36.9766107913 36.6433347144 36.6750924389 36.7135432133 37.2155857497 36.4905875367 36.3583029269 36.7538569119 36.7298998291 37.1325492295 37.1027112313
36.8250591847 36.9064825618 36.8158845844 36.2670524248 37.0710225818 36.749969368 36.6326125876 36.670103978 36.2308033644 36.2028803057 37.315088926 36.9027074843 36.4909165645 36.7717249161 37.2338908905 36.1259547244 36.8394464845 36.2403380126 36.890678302 37.1761453976 37.3868557142 36.9415177982 36.0683225946 36.9209885667 37.0198547771 36.2255103825 36.1673739218 36.3396524123 36.772231494 36.1958268678 37.1953925739 37.3936171139 36.7698535374 36.8077792798 37.0392718127 37.2766120439 37.2358505568 37.1770889385 36.7996025177 37.3689931834 37.2888024764 37.40040865 36.2962498045 36.0989869484 36.1684261629 37.4032911772 36.7215359105 36.01898783 36.7701484263 36.550808572 36.2332538618 36.310245599 36.3574601579 36.3130794536 37.3547338274 36.3089883061 37.0603964344
36.8725038324 37.0831101569 36.4996350284 36.5275389011 37.207402258 37.1612140216 37.2554125008 37.329969357 36.7538488969 36.4868365236 37.157614229 36.4760517771 36.2788837172 36.2054738324 37.2879207177 36.6114370867 36.2138167539 36.8486605462 36.0033896585 36.5450292612 36.642974188 36.2541607256 36.8883194282 36.3738006137 36.9606874583 36.5468988487 36.889045625 37.066346076 36.9338336428 36.3238495509 36.6709569076 36.0021065287 36.4507315174 37.2367297108 36.5527660706 36.6851988367 36.8156056468 36.5606940464 36.8567767916 37.3423348741 36.7495557615 36.3510247235 37.1566539265 36.9011670229 36.4143596186 37.1632657587 36.9499397574 36.8664436243 36.2169267055 37.3572686811 36.0939442637 36.6744877988 36.3205611615 36.3092472446 36.204594885 37.0162424246 37.1176480367
36.2921137698 36.5990866797 36.8621671018 36.5484753762 36.2844127121 37.2838452156 37.1268612592 36.2501480498 36.3383356553 37.3500608323 36.7587539773 36.4498168384 36.02224072 36.8130017447 36.5701144829 37.3293938088 36.8003938987 37.1712582617 36.3870660825 36.6060980762 36.4190022832 37.31216445 36.6249671726 36.0033163468 37.0093144506 37.1994439054 37.3398931627 37.2568505151 36.20327704 37.0558137978 36.0528067922 37.2350782978 36.4086577186 37.2786624965 37.3951677391 37.202867087 36.6259737504 36.4844508447 36.7575198604 36.7261114681 37.2703398375 36.1608429035 37.2277761917 36.2386544945 36.2755582856 36.3423110043 36.1875937523 36.2489860233 37.2559238337 36.3056493384 36.3993569201 36.5718293918 36.364154093 37.2936159464 37.2625437019 37.0395976311 36.149116981
