Spatial_Output/DEC/DEC_0616.asc
NCOLS 155
NROWS 192
XLLCORNER 196307.867259
YLLCORNER 449144.565805
CELLSIZE 33.573938
NODATA_VALUE NaN
[rows 52 to 77 of 192, columns 0 to 56 of 155]
28.8861563292 29.2563942823 27.8006902661 28.6329435201 27.629344634 24.8117015644 26.6024315956 28.7035737227 28.3006893712 24.7080250183 26.7483791193 24.7164388234 28.6349726442 25.8419111427 26.9285884505 26.9513677943 27.3077849842 25.7061109488 26.681689083 25.7021376524 25.0295102833 24.9713945247 28.0510479898 25.6107736117 25.324843804 26.5803451471 24.6880473413 27.8800197473 24.6791664482 24.6454293826 25.0346949319 27.2114297688 27.3320080425 26.5565708195 28.8733693491 24.5346585795 27.4874538606 26.4574302277 26.2482390134 25.9430473354 24.9967731107 24.8660986065 26.757741292 26.3847790407 28.2852669157 27.1994439913 26.6749937889 26.3746618079 28.0794077022 24.6726326945 24.5298985854 25.4080640301 29.3761165152 26.2951257162 26.1121124003 25.6572730356 28.7746678395
29.3310618417 29.322328964 28.92560276 25.7196949695 26.2374819748 28.9860983528 27.4550686388 26.6261229388 27.5032229351 27.6871431297 27.7125399943 27.4048106722 26.7436372482 29.4107205235 25.988680993 28.3361791969 29.0541664426 26.2208202263 27.7026288444 25.6121650231 27.1148629322 25.5994934617 27.8925436778 28.9224816756 26.5378496972 27.1843373408 29.3392057224 24.6857883345 26.7531561663 26.0285186673 27.4657175147 24.9068791009 25.5382749817 27.1559521783 28.9298228252 24.777154535 25.1287900026 25.1942775538 27.5501508055 70.8001200526 70.8001200526 24.8533989613 25.421174833 25.2432464397 29.2757481205 26.073960441 27.4052875895 25.5027503362 27.9731954095 28.0743995375 27.7396318156 27.6108008283 28.614991654 24.5293473038 26.4834871384 28.2593706229 26.2695474614
29.1894689313 25.4794941837 27.280720432 24.8835150195 26.4743703483 24.9391501075 24.9978539326 25.2437484597 25.8247470839 25.1766336933 27.7357112268 29.2138120514 29.4349114082 29.1162046839 27.6954620759 25.6423744512 26.4076957544 28.5858015185 25.94074784 28.9699203882 25.3752859919 29.2862614334 27.4460756509 28.8521454222 28.4181068598 26.6194653755 25.5413017856 27.6689728292 26.7699976801 25.9177058006 28.284007827 25.4535941785 28.1482812997 25.7824748505 26.1681872598 26.2874564449 29.405854691 24.7415064964 69.4460154685 69.4460154685 26.8820817753 27.0016366859 29.2277408648 25.8858218622 27.0986355174 24.8461454079 25.2769222164 26.6753747629 26.367986733 28.4090595001 29.3381827894 28.8830916518 25.1044017255 26.4676762252 29.2718088233 26.4877916228 27.1090597878
0 25.3777787845 28.8879642467 27.271847004 28.9107698089 29.0257566736 24.663061288 25.2305942186 24.594525398 29.4457514324 26.0093060525 28.9515657559 29.1503489378 25.4137928575 27.9338561857 26.2238281161 26.5516901075 29.134432333 28.3475171432 27.0969317282 27.444720269 28.4455522547 27.3384837454 28.7566465883 24.5853534283 28.2385822575 25.5570230625 28.4620957437 27.0390374275 27.3335314104 26.3653100184 27.5204664891 25.1235629513 28.8926485565 25.4583451745 24.905037048 24.5705587839 26.31615637 25.3752820823 27.7991432163 70.8001200526 27.9170927837 25.9885064261 28.7512240793 27.6191597774 29.1981738991 27.973061841 24.893942924 28.5412261311 24.9746422748 26.5641708392 26.4440639618 28.3778514846 27.6175545768 28.0481311516 26.1599966187 29.1212322763
0 0 27.5659371959 25.1102716164 25.4818623469 25.8377563724 28.3720101291 29.0482339431 25.1242754794 24.5941257702 27.5016201438 27.7580636163 28.4373019551 27.0459457581 27.7124033631 24.6888048658 24.6246618646 25.726468595 25.3302768956 24.6822147021 29.0232595065 29.2879465808 26.2149639124 28.4773740587 27.7069166805 26.3855559939 29.3584155345 25.7196234756 26.4083052187 24.5142806145 24.9892680129 27.5435461068 28.6735470836 26.132165095 24.6487505412 27.9728702822 27.0809990152 27.6740765514 24.6626395742 28.5498242103 45.7204927265 45.7204927265 25.7106561517 26.7271603258 28.4930612027 27.0229033143 26.812573369 27.1271104892 24.6487145014 26.9623121774 24.9432750138 27.7398830455 27.004596727 26.0066956729 29.3364911506 26.2777363987 24.7943844024
0 0 0 28.1675480319 26.7815971955 25.0531027781 24.9315519241 25.7866583219 26.5031448844 24.6980598584 24.7588598206 27.4093955544 26.9683991561 26.994614762 25.0356254044 26.7376890364 25.1347570806 25.8412303367 28.1170558927 29.4104034054 24.6473734785 29.1274863872 29.1712567711 28.5714603663 27.2871050552 25.0540440116 27.038580018 27.9618557332 26.7290971081 25.1466346235 25.2579772736 24.6714011161 29.3804648555 27.4264766333 26.3723554883 25.9765952773 27.6682328701 24.999266102 26.7017714378 45.7204927265 45.7204927265 45.7204927265 45.7204927265 28.8746187659 29.242655079 26.6036981854 24.6446256512 25.7523254004 24.7473446792 28.2168327185 26.3890238303 27.6269366043 24.98771131 28.1648738551 25.8854461579 28.9450958889 27.9998173654
0 0 0 0 28.321511581 28.2620271985 28.7150204721 27.2210649872 25.7155853156 29.4242468727 26.0756406391 28.4728489914 28.3784784648 28.3864413471 26.163420005 24.8548836199 27.3529897332 24.962614147 26.1838245251 24.922336824 27.0718440203 27.1698809995 27.5910350178 27.1258524291 26.7394386091 26.1871632419 28.2280332433 27.5688787809 28.515793623 28.1599778492 28.5932258712 29.3600617556 25.8555106794 26.6293278824 28.5819127185 28.9482514852 27.9119580954 26.0411627251 28.3326337547 27.3788808704 27.2657745644 28.6264413283 28.0696200612 27.1177790345 29.0871657852 28.2652077526 27.7429728224 25.4325092316 26.8527247065 26.3207063841 25.7030598305 25.1815475211 25.4161239575 28.1362890778 26.7103782069 27.1118578092 24.7257605394
0 0 0 0 27.3328935129 27.0037525922 26.8236360956 28.4684686596 29.0577357036 26.6609479084 28.2779892738 26.7520392916 24.675321151 28.0059424907 24.5190571639 26.4929946268 26.0563211547 24.5191729632 27.2930387448 27.4017270071 29.4295282379 25.6941771684 25.3302391545 24.5112566147 26.3460368094 24.715133762 24.677098848 26.523436359 26.7833922922 27.4478369855 28.9040177346 25.6266110942 28.8200602073 25.779517759 29.3518365146 28.1306866933 26.7844510263 25.1036780325 29.1635979422 24.8976038793 24.523537644 27.7730963616 25.0297990461 29.1462229194 28.8178667393 24.6489398706 28.3949644419 26.0059617777 25.1391327864 26.6208027157 26.0611933376 26.6993901751 27.094052143 28.6501018822 25.6406029175 26.5272068202 24.7390999457
0 0 0 0 0 28.4042130231 25.4200848895 28.135631381 26.9961827224 28.6490088781 27.8046310723 25.7684640465 28.7845544726 28.1415170063 28.835035874 27.4655914769 27.3217641359 26.5032786062 26.4086059719 28.6521012798 26.1878359673 26.4179347679 25.2662655067 26.878435484 27.7365524034 29.2124822052 28.140385414 27.2736153177 27.9509356764 26.2570428511 27.7211308176 29.4052333582 28.3027807668 28.0778137483 26.6220010114 26.7537254159 27.1949936999 25.5989858791 26.2599418841 25.1823758264 28.4993177111 26.3006198265 28.6234483991 27.7270408842 24.7430833573 25.492900452 27.3232014371 28.1804884548 25.4659101748 24.9370065815 26.4135645278 27.2933518439 25.1329527149 26.3105430034 27.0069401969 28.205099241 28.0161625552
0 0 0 0 0 28.0379275772 28.2558830931 26.4173591504 24.6325082301 25.2804441649 27.9204114833 28.052112642 25.5902300329 24.7829804157 26.0086499691 27.6483549388 25.3228708105 25.2906152068 24.6457499764 27.076990693 27.0585590682 27.1519161437 25.7005814287 28.0360670044 28.1947659763 25.5924314594 26.4089410814 27.7956451913 24.6279056055 26.1287553814 27.4182005891 27.9268425094 24.8044158704 24.6472782972 28.3380646129 26.993393638 28.6526763362 24.9205797364 28.3168997932 25.4323092864 28.0904136253 24.6811559569 25.2357093422 26.1212066765 28.529974033 27.2671157042 26.8419622406 28.3672576821 27.9948644001 25.0691504546 26.2919283177 27.2780721643 25.356075139 25.2372657946 26.3915137462 25.9109365639 26.0709308011
0 0 0 0 0 26.8685316981 25.8540523051 27.2177955405 27.3395769322 26.319035134 25.1305167609 27.7937470468 27.8528939894 28.8243630222 26.1502322578 25.194497401 25.2797298596 29.3027646333 28.0140998137 25.5757849262 24.7392506757 25.3440404745 28.0155140682 26.8131924554 26.4779657472 25.5897923919 27.7231984506 25.3851086229 27.9482744894 29.2024756847 25.9763537719 25.0527337764 26.6985787358 26.9570666337 29.108160847 28.0580261137 27.1534297385 28.1135460479 25.8149845043 28.3872498742 28.401919181 25.6932987431 25.1161666571 26.2274982685 26.9216437963 26.0903233577 25.7579955817 25.5236057995 28.2589100255 24.8744823761 27.9845633898 29.2266181563 27.0755550206 24.7771886366 28.2021239313 24.7005576772 28.510385743
0 0 0 0 0 0 27.4572568694 24.8099494482 27.2027235243 28.248975304 24.8018265074 28.3302928607 28.1504409813 27.4783549907 28.4183339056 28.1662104018 26.6223653947 25.233703565 29.2585606331 27.4579970877 27.8565450208 29.0700032239 28.2328481988 28.3148815018 27.8773061815 25.0256490139 26.9118951013 29.1621334554 28.6235042348 25.0586970683 28.4914404772 26.719302889 28.5573194045 28.6592958708 26.3002209936 28.974132066 24.5594918786 25.7989780351 26.9947589948 28.1791476729 25.9932616308 25.2896722095 24.8211247999 27.4415487324 24.7669364346 25.8275328339 29.3863950434 26.7719364605 28.2607131759 25.0639168253 28.1379948949 27.3353003804 28.0179014626 28.7847442635 29.3057774086 27.3846050972 28.9233158252
0 0 0 0 0 0 0 28.9272593661 26.4231409553 27.799740225 28.2482486367 26.3235175254 28.2346838332 29.1878370138 28.9184102592 26.568326816 28.5500907865 24.8742686988 29.3002933606 28.7501049699 25.4750634448 29.3376757245 28.3359954527 27.6175721054 25.7996346305 25.7022863345 52.0772612778 24.6212452276 52.0772612778 27.166897357 26.2505044966 28.5386594938 26.6922423849 29.0051331014 28.4228205745 27.5747011385 28.851472702 25.2266964765 29.2590221192 25.3754013158 28.8126961166 25.283481768 27.0674495071 25.7982624776 27.8077616166 28.7850330543 27.5226277207 27.7450940126 26.9336568019 28.0317271835 28.9027472114 25.7525857107 26.8181588171 25.1562681638 29.046804497 27.0709821763 25.6660951182
0 0 0 0 0 0 0 0 29.0341980094 24.7438585177 26.3367037367 29.215715327 28.1327267606 27.1456775475 27.4154731293 26.5834409048 26.2832445931 25.5792215691 26.3097732779 26.8064126579 28.388731858 27.049457706 29.2820606099 28.1512488641 27.0518808895 25.9795559243 26.8955901433 27.157439336 28.3446115 26.6616219159 26.4217144064 28.498774285 26.7571692942 24.547813701 28.5867178346 26.1971097032 24.7054027707 27.8538556865 28.7663267375 28.5321484641 26.2604675517 28.4620150095 24.7943088169 25.250607336 24.7954987502 24.5135152799 28.8280821752 27.2903821657 24.5367750596 26.6749810972 26.8910311697 27.0162947721 28.506734347 28.9625354228 24.8665685446 29.3316278237 26.0372507144
0 0 0 0 0 0 0 0 0 0 25.5322460691 29.4188587114 27.3110619508 27.5649745222 28.8640152411 28.2382279049 26.8652713805 25.9744358513 28.7889979678 26.8743627476 28.3054679966 28.0830637826 27.7795091082 25.5962790116 25.0044801236 24.5842968634 26.9142076174 27.5205774249 59.5078694932 28.9061081187 29.1185046173 26.2196006634 25.4710811652 27.9298978473 27.279943078 25.4393346576 26.4440605075 28.6992069424 27.7069720678 25.9880154361 27.3012849711 26.6786581419 28.8762331135 25.6823919869 27.7055601958 26.9130415083 25.9697453844 28.8659970684 25.8738659693 28.0612783774 25.8783221735 26.4503255904 28.718749741 27.094742547 24.9071996844 28.2564768704 28.9743031476
0 0 0 0 0 0 0 0 0 0 0 25.5478928995 26.1378122099 28.6204391607 24.706017436 27.7063782842 27.984792262 24.5190277993 26.8391293059 26.3619146175 27.5069097538 27.816523188 28.6610973691 25.1648812616 25.6841527369 25.6840079891 59.5078694932 25.3408970348 59.5078694932 28.4189939729 29.0989159976 27.6004259213 26.561614722 25.5669586824 28.5908935804 27.4870997812 26.7188130377 26.4979442106 28.7593598207 27.9448962826 28.4484259417 24.8364504384 25.8624468874 28.1565994797 28.6315155198 27.720073821 27.9786808049 28.8037891601 26.090428166 25.9850122996 27.8251955074 25.6855603743 27.6166701288 27.7374812386 27.255133257 26.4884550224 26.1748606649
0 0 0 0 0 0 0 0 0 26.6920463094 25.3373376418 28.0562819104 24.6057269981 29.0036504594 25.2295512663 25.6365485262 28.5490098891 27.6078817051 25.5214347514 27.467661835 26.4147679422 26.2822049364 25.1035011635 26.1335183013 28.9761287578 26.6359543131 27.7764284472 24.6586256334 28.6853383099 28.5613307734 26.2852006859 26.3625558758 25.1727825628 29.1966104406 28.1779166841 28.7780730747 26.410171428 28.0897603973 25.6978657575 28.9831751825 26.1855012923 26.342045345 25.2311543487 27.5589369107 27.7103174517 26.953311636 28.087118382 25.2707082781 25.8430954602 26.9254759525 25.99397207 27.237658442 24.5794245299 27.1446203273 27.293853812 28.0425910857 27.8708640536
0 0 0 0 0 0 0 0 0 28.3776019497 27.6837255309 29.2060836692 27.5986160561 27.3963494051 25.2203289723 26.5092719694 26.1939629871 26.2057153497 29.0510737251 27.3107841457 27.6725137283 26.0148891065 26.334501638 27.7026302542 25.3723658931 28.3195064561 28.4072044754 26.5064833345 26.4386389768 27.7749944851 28.4573734109 25.5948295846 27.5925272245 28.9870122758 27.0308436484 28.8971859034 25.5802841959 28.0023244194 26.6179615438 25.1917029322 27.2550521923 28.1964369644 26.9556381847 28.5581186318 25.3497670087 28.8292829859 25.2539452472 26.3736906891 25.4251920622 24.5011396883 28.8007938638 27.362098643 27.381559577 25.8626862849 25.7217628981 25.3511994952 27.0190906597
0 0 0 0 0 0 0 0 0 26.2862094277 26.4050644277 27.5864896992 26.3653500264 28.473190331 28.9428908168 27.1682810684 28.2686624868 28.8517833912 24.6896118533 24.9569555453 27.3475495973 24.7116207542 26.4778017863 28.9691249072 26.3878463973 26.3939733667 28.3934769543 26.7821610427 29.35991116 28.3682068048 28.504669323 25.602508251 27.7070538105 26.8658707617 26.8422288547 48.5140382251 27.9911096498 25.5241140326 27.435575415 26.0014885813 27.3244959374 28.6227314842 26.5728342941 29.1666363256 27.3477127924 26.0046537125 24.7182992947 26.3605340506 25.5159432284 26.9144317394 27.7368237134 25.0298395332 26.4431228813 25.9659571771 28.1964767076 25.7666054311 27.8577231012
0 0 0 0 0 0 0 0 0 26.5389045955 24.9014944268 29.2038519008 28.3750693444 28.8601135253 25.5343111751 27.8314399357 26.7631629052 26.709259289 28.7965197489 25.9520519989 29.0884800752 29.1891051787 26.0104571951 28.67264123 28.9851879503 27.5595570362 29.0264982356 29.3489945543 28.2176006865 28.6054976856 25.103760691 24.7230867458 24.5390325809 26.6045470138 48.5140382251 48.5140382251 48.5140382251 26.1627088512 26.8078177626 28.8979159138 26.8036431402 28.6670052487 27.797104909 26.524584544 27.4831951935 24.9063791948 28.2886953427 28.1148520052 27.9484728764 25.0048880388 25.671638199 28.0908125723 28.8916028736 28.7687618172 25.9961672549 28.2073587048 26.8304591974
0 0 0 0 0 0 0 0 0 24.9023221317 26.7353166309 25.3862335072 26.4990970544 26.2257427631 28.6926041793 28.9642529159 25.3402544166 28.6478277533 27.1766503097 27.7373631227 28.0061996371 29.416660942 27.5764620303 29.1259053131 25.3642241232 28.6762577029 29.3687665771 26.0780243618 26.2880821895 28.7281810558 26.8450009277 25.984760416 27.0300771593 29.0765878028 25.339640872 24.8816878975 26.8453452385 25.9263632944 29.429504224 27.4090332013 27.6474679912 26.039290184 28.3636334511 29.0060329796 27.6912444619 26.8419245593 24.7463290558 26.3004216561 24.9049552617 26.5287002032 24.771799375 28.9588760746 25.4575349446 28.9553799254 26.3359137122 25.6571807514 26.5357141717
0 0 0 0 0 0 0 0 0 25.8943510536 27.7272724287 24.839225517 28.7233215946 27.3899248463 26.9406767369 26.6160155754 25.4517534741 25.210238556 24.9477953684 28.3626359949 28.5366494348 26.4649755671 27.7788893589 29.0561931821 28.7014979016 27.678727953 27.7683195123 28.1937708074 25.1823310862 25.4604054996 26.1966176806 27.7990485326 25.9480390396 26.1274243236 27.7255351657 26.5431954454 28.2899518604 26.7342785476 27.6177321234 26.7187864421 29.1164869479 29.0662958059 26.7060467965 29.2156299427 27.1025518224 25.7000627947 26.9992724506 28.9294707208 26.5342028069 27.8294193241 28.6843953752 27.7845139116 29.0098173711 27.5518337674 27.8587481198 25.0858020507 29.150149129
0 0 0 0 0 0 0 0 0 0 27.1607026026 26.3896682542 27.4890661028 29.2519572513 28.9368314304 27.4284893918 29.4192344692 26.5925220254 26.1464664435 26.4448637512 27.9586890977 25.2772921112 26.4864700166 25.1852375272 27.6762118567 25.5507134195 28.477802614 28.3467738141 26.1426461953 28.6990387212 28.2407055489 25.2503732288 25.5981367644 26.9246459212 27.1567084783 29.1678043307 28.41420531 28.934540557 24.9004295917 25.6197941916 25.9474766823 24.8332936461 27.0123395509 28.5777608887 28.1271498419 28.2284694423 28.043698984 28.6194569275 26.4161955786 28.8550577266 26.4827983866 27.6909171612 24.9477966072 26.0802743138 25.2884006942 27.8779345062 25.8232689811
0 0 0 0 0 0 0 0 0 0 0 0 26.2234476821 28.0127298429 26.4348664131 24.5678876316 26.8156454206 25.2278028956 27.5058236564 24.5073241811 25.1403065083 26.0842607101 27.5749578769 26.9103526024 29.3589115489 27.1874847862 29.3747501205 27.1490147716 28.4641318623 25.9981772065 27.2227939156 28.5036266155 28.8494537313 27.7909387166 28.0429088423 26.8712998905 29.2320462267 19.6071792686 27.1909432713 26.4167693032 25.0125707543 26.6218279741 26.5318141798 29.3469545909 27.7682876171 27.5777785758 25.0738245662 28.2048113727 25.8003234277 24.7743427632 25.4717090693 25.6575589433 27.5942765156 24.6024254698 25.8827614855 28.2541072327 26.3297349793
0 0 0 0 0 0 0 0 0 0 0 0 27.6038443653 27.5981427883 25.785544418 28.4089408603 28.4195615271 27.0184837978 28.9775313488 25.2321571319 24.9060226332 25.6157110889 28.0738736103 25.809138996 24.6904039437 27.7957204592 26.7477186924 27.9047334272 28.185303891 27.7600468711 28.6504012417 24.5465764798 27.7072303717 25.2871685852 26.4629703059 26.9058658375 19.6071792686 19.6071792686 19.6071792686 25.8878444043 26.0386512777 29.0310533274 27.50014526 26.7446835232 28.1661095323 26.396150051 25.8970804701 25.770923154 25.5273609907 28.2141413312 26.3117828394 26.0643183127 26.4857509023 27.663728103 29.1856374411 24.5688976606 27.047455168
0 0 0 0 0 0 0 0 0 0 0 0 24.8285735564 24.5522449393 28.5432484794 26.1598335454 29.2952094232 27.4041158883 26.3239189478 27.0747152412 28.8157890042 26.2276987795 27.8153261515 29.1633114004 27.6298578065 25.9094224658 25.793654079 25.2506025544 27.226621225 26.9913427774 27.8170612083 25.842867233 26.0827951676 26.1872374953 25.7640626226 25.7047248491 29.3251922896 27.772944799 25.7138673795 28.4871575582 27.2474582112 25.5654373985 26.8972342167 27.4147588606 24.7011254462 24.7228397766 28.7041303533 27.9217670487 24.9982302243 24.8315741328 27.1479988477 26.9679699869 25.3009711802 28.3744665761 26.6438305698 26.155060746 29.4384140133
