Spatial_Output/DEC/DEC_1168.asc
NCOLS 155
NROWS 192
XLLCORNER 196307.867259
YLLCORNER 449144.565805
CELLSIZE 33.573938
NODATA_VALUE NaN
[rows 78 to 103 of 192, columns 57 to 113 of 155]
27.9681764012 27.7276758818 27.8553804078 27.8983082801 27.9800337865 27.8189797124 27.5359980775 28.0487555698 27.7528629179 28.1323560078 27.552073259 27.9305147866 27.6855843722 27.8163878741 27.8120021924 27.6128409801 27.7763024425 28.1222936211 28.0300176607 28.0835901367 27.6803068382 27.7489127896 27.7898063434 27.8130928596 27.5792475668 27.543892341 28.1211053712 28.1071709596 27.7610487965 28.0852248471 27.9043777782 28.0633318071 27.7027115525 27.8378139166 27.9838676824 28.0659310511 27.7084921607 27.6763162794 28.0481296121 28.1632894996 27.971993077 27.9350592757 27.8591847429 27.6580509987 28.1233308614 27.5519616011 27.9662488157 27.5722210012 27.8891498298 27.8335629448 27.6665546576 27.7544004231 28.0512641682 28.1302938849 28.1251155209 27.9554929487 27.9538393459
27.719066289 27.9197689153 27.955879936 27.7016570092 27.9826280763 27.8952255513 27.7452759499 28.0181027794 27.5539525986 27.5090152638 27.7175188403 27.9898174109 27.8133179901 28.1684911289 28.1298456302 27.607138921 27.819980485 28.1757407603 27.9544951579 28.0552811895 27.9457171381 27.5981127161 27.5504255435 28.1791034027 27.8056795055 28.0232536494 28.0118367027 27.8005665806 27.8173448885 28.1149505358 28.1869984393 27.9883304101 28.0613892134 28.110030277 27.771008027 27.9119160264 28.0823344638 28.097410771 28.1038597611 27.6519010293 27.8452050564 27.7233532753 27.688312489 27.6901714624 27.8277298779 27.6752715348 27.9392909138 27.7133113622 28.175812097 28.0674829402 28.1141208811 27.7619139297 28.1068537478 27.6145664504 28.1368586325 27.7610136987 27.7569477081
27.9127877934 28.1709977224 27.9388996227 28.1319719997 28.139291351 27.9432587474 27.8403377366 27.7716134898 27.7695691811 27.5047751701 27.9509179202 27.8354176533 27.7135418696 28.168609978 27.6315258209 27.7986819979 27.7007373255 28.1818821752 28.1071308058 27.8420477035 28.0416305052 27.814212685 28.0076173073 27.610724177 27.8369910751 28.1558308108 27.7801777509 28.1319651908 27.9337623372 28.0489716695 27.6253210447 28.0864606705 28.1048515504 27.8797821746 27.9825312297 27.7394060373 28.0742212378 27.6716711671 28.0986268047 27.822604678 28.0270639595 27.6934164529 27.7822957297 28.0571776871 27.9746083727 28.0855069571 27.6890654481 27.8796832885 27.6677267739 27.889311482 27.7770936412 28.0139297908 28.1288416075 27.9197550949 27.73106742 27.7574835171 28.0419668444
27.6422870642 27.6466203335 27.9243139203 28.0748430661 27.6522903415 28.0156188474 27.6349264244 27.7599882695 27.6548917328 27.5568951151 28.0719061679 28.0224156466 27.6404130369 27.5225524325 28.1565810831 27.5849013935 28.0919844986 27.7175520693 28.2005988719 28.0041317769 27.7619343469 27.9064969998 27.8625644691 28.1918044939 27.7276915026 27.6747657852 28.1999745489 27.8910925354 28.0426481521 27.6975051563 27.5035896318 27.5422734413 27.8917974106 27.9212829408 27.9271578139 27.9209473707 27.901730234 27.9619831588 27.5051448112 27.6704387391 27.6952440875 27.9971330128 28.0763157054 28.0127432255 27.8253951523 27.5392783499 27.7082672269 27.8843389914 28.0762628306 27.7380845119 27.9621556286 27.9001221464 27.6193418573 27.7881842795 28.1759238229 27.9434185665 28.0197536529
28.1874303933 28.2068008908 27.5278219125 27.5407949354 27.5197782156 27.6330307026 27.6125906124 28.0786600054 27.7206263284 27.9878763744 27.8668053351 27.8140523491 28.1264616204 27.7698210026 27.9735925997 27.5904068474 27.7684195846 27.8129705889 27.7997038383 27.7962721289 27.9565625286 27.7211748977 28.0940502847 28.110645959 27.9572368766 27.6693512081 28.156902816 28.0581062049 27.9949660637 28.1019305476 28.0830502449 27.5924511338 27.5420530312 27.6560658823 28.0049227813 27.9271172612 27.7225184923 27.8981239186 28.067765823 27.9131784197 28.1974600888 28.0573110935 27.5530043174 28.1841461497 27.515054765 27.7833231977 27.9900589148 27.7000326138 28.0176022817 28.1915300736 27.6600381084 27.5183606286 27.7789827222 27.8003834087 27.6077102087 27.7441872343 27.5002188573
27.6371973459 27.6545637558 28.1821087783 27.9217222842 27.9694910372 28.1449821479 28.1174429457 27.5400806749 28.0651173753 27.9459959406 28.1143534086 27.848126355 27.7980169356 28.1258859347 27.8084098312 27.8986016318 27.9101673729 28.0426773021 27.8660173587 27.7663747737 28.1294304199 28.0894722424 27.9183833775 27.6636906249 27.8062029284 27.5266921769 27.5094131415 27.6087436984 27.7030462375 27.8300570787 27.8981939816 27.8458365744 27.8478182028 27.9609156662 28.1143272205 27.9431186633 27.7192024202 28.1245239108 28.0991768804 27.9433298324 27.9301040111 27.9015734953 28.1698427241 27.5205184086 27.9286095868 28.2002423967 28.1962535286 28.0528571855 28.020321521 27.6435585055 27.9103603115 27.9855561383 27.9524393973 28.1426051411 27.8529464246 28.0167388911 27.6220141267
28.0924521956 28.0609570914 27.7263139585 28.1172365002 27.9439305984 28.1765047045 27.7418798909 27.5710695344 28.1722093738 27.8579289946 27.5726644793 28.0564057497 27.8184013725 27.5166660634 28.1635520887 27.891165008 28.1896782795 27.5923981674 27.9184293658 28.0151443186 28.0086147396 28.1305366967 27.738318007 27.5178775278 27.8375481862 27.5754701614 27.9344938681 28.0275891464 27.7826848161 27.6561714001 27.6422164261 27.7457253917 27.5787841431 27.6596509696 28.1978490543 27.5170566451 28.058918996 27.8709771214 28.0040715687 27.5761028672 28.0320682384 27.7025534024 27.6568263881 28.0100910564 27.8009840216 28.060814735 27.9155208383 27.9706106882 27.7313270297 28.067651853 27.8547484466 27.860130685 27.5370646166 28.1854044007 28.1902488158 27.6054970687 27.9775898229
28.1839608008 27.6233746865 27.8397528525 27.8258343111 27.9860955942 28.1117255065 27.7642060509 27.8119620952 27.7586518275 27.7997385132 27.8302883965 27.5197552792 28.1641060161 27.998022307 27.9294578876 27.7745423403 27.8266964563 27.9939903079 27.8314326051 27.6359835556 27.504153649 28.1708621177 27.5877212228 27.9204001861 27.5958038114 27.755524818 27.9498880938 27.8649081282 28.1637770083 27.9896659327 27.7765111752 27.7627671839 27.6181991644 28.1318185789 27.9377044053 27.8746756163 27.885489372 27.5825926617 27.567509811 27.6977879391 27.7041000783 27.5971559972 27.8267182705 27.9828940907 27.8757829277 27.6736267443 27.9436561819 27.7918199417 27.7066413658 27.7749983191 27.7044871022 27.9740390885 27.9773364813 28.0517970147 28.0697076871 28.0050931407 28.1335178637
27.5075023347 27.6431178267 28.0115903444 28.145323289 27.6951365349 27.9449123731 27.7941226316 27.7440793949 27.613507492 27.9775588219 27.9190637611 28.0841376979 27.6199629692 27.7844440976 28.0591315231 28.1981245722 28.1850349212 28.1937600159 27.9179187227 27.8612927869 27.6653403912 27.7177545623 28.0469161514 27.5556637804 27.9858191381 28.0325796706 27.7293876515 27.5880536721 27.9657211637 27.7710615315 27.5416923275 27.7702263872 27.63909381 27.8438350458 28.1549629003 27.5462280929 28.1070140369 27.8986650043 27.8343327765 27.8293661707 27.8592504304 27.9390750521 28.0264747621 27.9165631779 27.6849099004 27.6178994187 28.0972002054 27.6161579334 27.517508759 28.1318763541 27.6550225082 27.7383084589 27.9929837897 27.6647475807 28.092503443 27.7476220375 27.7522472701
27.8879994781 27.5227839508 27.8241858793 27.5073028407 27.9316770179 28.0502449006 27.7473272614 27.9916971088 27.7182646556 27.7785047901 28.1041666605 27.8358533588 27.9240064513 27.9188623034 27.8261994426 27.7381957532 27.6367780449 28.1813041723 28.0425800728 27.6375875833 27.6390477856 27.5093663054 27.7639294369 28.1046415867 28.0441227994 27.9740773697 27.5835182486 27.9767462183 28.0533519954 27.6453104826 27.8153421684 27.7885967378 28.1395406366 28.1731255011 27.5798524348 27.9955403924 27.5832528 27.7161166706 27.7237914799 28.0538245891 27.8221915012 27.7572468025 27.7262249392 27.8928484482 28.1210428746 27.9316835885 27.740001486 27.7372976149 27.8941251535 27.8324932079 28.0360133394 27.7728353054 28.0415499022 27.6198413984 27.8870734749 28.1533008271 27.6840500106
27.8207811995 28.1325784824 27.8079821697 27.9940745609 28.1513776232 27.5669661036 27.8563122883 27.5960849722 27.7716744765 27.5987025809 27.9106197884 28.1855043012 27.716254815 28.17022719 27.5997593622 28.2027526551 28.0568296913 27.8121769191 27.543645942 27.8153126899 27.6493277134 27.6905341574 27.9258406018 27.552483367 27.639872027 28.1039334906 27.9890414457 27.9111991425 27.6772864335 28.1639855583 28.03959329 27.9849116065 27.7575013475 27.5382337876 27.9671378096 27.5493255268 27.7302172381 28.0278150726 28.0572634482 27.7892111514 28.0499003154 28.1966005873 27.7855330119 27.8516735812 27.7885975375 28.1951311268 27.5191921321 28.1328936327 28.1575160935 27.9595456425 27.6771091294 28.0410082148 27.5284399502 27.5765798759 27.6340206309 28.1688567632 27.6321765168
27.8219032615 27.8219099718 27.7824821669 27.8588961287 27.9210695243 28.0723078224 27.550672003 27.6576814158 27.9865170429 27.8381879219 28.202967378 27.8328753514 27.5043275101 27.7181634628 27.8144828079 28.013208251 28.0462482666 27.8046338598 27.6539742802 27.668987132 28.0329342202 27.8191953844 28.1117001301 27.8042603092 28.0365812601 27.7922717869 27.8655909 27.5959448851 27.7762738856 28.0265720626 27.5840979557 27.9546983025 28.1078657006 27.7564121571 28.1561498917 28.0832681614 27.7621679623 27.9355513024 27.6937786452 28.0734732711 28.1404451342 27.8722310435 27.9449483596 27.7936300101 27.9714091931 27.5317711486 27.7166217967 28.0396103137 27.6292129183 28.0000826866 28.1095790546 28.0378980752 27.7205535205 28.1209745633 28.1619936217 27.8663334358 27.7864955492
27.561906276 28.0926632848 27.7671109738 27.8060052683 27.9812011318 27.9538395286 27.6612588741 28.1898111784 27.8507535366 27.6373637906 28.2070036107 27.8871410765 27.5768766446 27.791472285 27.9824044093 27.6155281501 27.8860056333 27.8783142708 28.1742020284 27.8633009832 28.0118161093 27.5045267967 27.569769512 27.9891162908 27.7590466171 27.899812852 27.6917494587 28.1183883585 27.6380708222 28.0983655188 27.9113014184 27.6674530787 27.8550999408 27.7226820727 27.7427769167 28.1667572142 27.8681073776 27.8177671138 28.1386927742 27.5741859868 27.9134082099 27.6197405547 28.1270143598 27.6786631143 28.0894993928 27.5087895511 28.0219115212 27.7944254298 27.8885353334 27.9364579988 27.9732800633 27.8011644368 28.0333027111 27.5020104202 28.1514506855 28.1653823081 27.8836959218
28.1548918117 28.1352964586 27.8886834121 27.5305721594 28.1883789606 27.9439969576 28.1209291002 28.2003406559 28.1860073715 27.7830523604 27.5988127941 27.8789617779 27.5884213589 28.0473176952 27.8644594568 27.690559334 27.6910636723 27.91090123 27.6333612945 27.6092131522 27.5247700083 27.7096689941 27.7811905075 28.2008937931 27.7888335128 27.6997153682 27.7714383943 27.731517374 28.0254586053 27.6920967848 27.577174222 27.5416921369 28.0708369669 28.1988668283 28.2005721696 28.1405496226 27.9347343166 27.9476478255 28.0512245125 27.7751759118 28.0785112264 27.517963641 27.9581430091 27.7414611291 27.8517936186 27.9184802893 27.9954477869 27.7787500583 27.8409418266 27.5649853695 27.9305891878 27.8774194189 27.9236905111 27.7807542452 27.6507669208 27.627345255 27.7119852171
28.067738365 28.1952883138 28.1894544314 27.5506933957 28.042272154 27.7580469948 28.0558254712 27.577919994 27.9303178311 27.514179541 27.6430546228 28.0215306761 27.9398980678 28.1678379736 28.1304777049 27.5771099017 27.8578330885 28.0036001515 28.1171180584 28.1559447209 28.1836421588 27.8428485629 27.8308873006 27.9001635506 27.738880083 27.7758697736 27.9597038302 27.9040567832 27.7409823849 28.1921624096 28.0211053454 28.0319238231 27.8435796395 27.6698114957 27.5006287948 27.5891602646 27.7817797916 28.0780335351 27.9575802739 27.6430251417 27.8631172945 27.5685578314 27.5458866505 27.8844454937 27.8396630144 27.6433558031 27.7989772085 27.5815863067 28.0086984667 27.8781745088 28.1809976985 28.2021257031 27.7471012443 27.8327870095 28.0344841748 27.72375402 28.1570367143
27.8969606324 27.6409987546 27.7961222053 27.7269526911 27.8010202222 28.0816064633 27.5165744976 27.6690424155 27.626117254 27.6428464428 28.1131741338 27.6733486455 27.9751000392 28.2045550757 28.061062366 27.7031384987 27.9519740285 28.037408008 28.1562828304 27.7334965434 27.8735576865 27.5923484281 28.0793349851 28.1491369327 27.7804385672 27.5138108316 27.8897887295 27.5430666976 28.1682179688 27.8702837369 27.6133349973 27.9567756663 27.7052422242 27.5107622236 27.548973338 27.721590845 27.6264510041 27.9451342698 27.8314737309 27.766027702 27.7598443153 28.1247188532 27.9458710988 27.9969939527 27.5929472253 27.9996170563 28.0654194857 28.089430486 27.6101964195 28.036004567 27.5969565115 28.1221641851 27.7540111872 28.1466196012 27.7608158407 27.5032731556 28.1076997935
27.6109241291 27.5060335257 27.7154334534 27.765464782 27.819796654 27.6998462442 27.6638069174 27.7943163205 27.7274862788 28.0777232194 27.545744443 27.9547524789 28.1161048703 28.1689192696 28.1868235453 27.5397793298 27.8567410126 27.7845253712 28.1673507248 27.8917183122 28.0853912719 27.6536763284 27.5649193387 27.962205987 28.166739178 28.1738775856 27.8838623972 27.714523785 28.0434269219 27.6410844121 27.821496979 27.8767965843 27.6686018064 27.5436939196 27.9664805015 27.9730842757 27.9316166878 28.1240992609 28.1108672467 27.5545949549 27.8471378787 28.0729788902 27.7958982868 28.1413432734 27.6692821766 27.8240266976 27.99413087 27.9353253377 28.0705628573 27.528007745 27.6421635667 27.7160994523 27.7611116686 28.1133378572 27.7391060308 28.1194827093 27.7734498383
27.5414281672 27.5416101568 28.1696922258 27.8815072863 28.0251175244 28.0350193946 28.0884578717 28.1768651307 27.7488320151 28.0497553838 27.5020216767 27.8876197801 27.7913368862 27.760198772 28.2047964641 27.8103068482 27.8964271312 27.685133325 28.0107124611 28.1430196193 27.9693079525 27.8158334832 28.0591472362 28.1050922433 28.1661890095 27.9438333253 27.6287028444 28.1172653773 27.5844831846 27.8842330824 28.1917116062 28.0643363085 28.0499886628 27.9272610543 27.7314192519 27.8522448682 28.0235415069 27.6005279033 27.9354607212 27.8956245464 27.9429689169 28.0904728613 27.6497280229 27.8964679773 28.1142968848 28.0683830079 27.8926246445 27.6133975419 27.6526684665 28.1357744087 27.7646121979 27.5381516027 28.156776791 27.805147474 27.9802163324 27.5788495732 27.9087524345
27.717409212 27.7897555909 27.5200907446 27.6994363978 27.6345041087 27.927910954 27.7298477533 28.2019090663 27.7739146471 27.6289483288 27.9231412957 27.6897942094 27.6769516828 27.6691489178 27.9503160941 27.8230222015 27.7430687703 27.7286803955 28.0508491138 28.1961694126 28.06626084 27.9381709301 27.6195324652 27.9380171797 27.9734718265 27.7821961485 28.0310565596 28.0582207645 27.9134759436 27.9245869133 27.896684387 27.9351771748 27.9860619255 27.6169177887 27.8748410054 28.0329793409 27.5327096969 27.7418292521 27.8960055284 27.5313650705 28.1399251163 27.8089929615 28.0057094135 27.7731727356 27.904704285 27.8628270023 27.6112255065 27.7836329201 27.5220675929 27.5853568607 27.5967869134 27.6134200299 27.5202773986 28.1225899046 27.939385845 27.6893508137 27.608456707
27.9840353308 27.5053933182 27.9398267221 27.7599877437 27.9935989615 27.9249027218 27.9938364071 28.13482267 28.0444691322 28.0372977497 28.1731157438 27.6451303211 27.9102178667 27.592504563 27.8165838431 27.6114714259 27.5458759171 27.5562547135 27.6020488135 27.7139379105 27.7120141914 27.5389741058 27.7986011343 27.6377452345 28.035105574 27.6222338602 27.9493023921 28.0169738995 27.7128071751 28.1884968104 27.952047239 28.1124675846 28.0745639934 28.1757495564 27.6696359577 27.8304181947 27.6064945179 27.5543649242 27.9919937913 27.641114282 27.6165909025 27.5897696074 27.80185251 28.057037216 28.0464705168 28.0463887788 28.1853734584 28.067505172 28.0398026092 27.7120805395 27.5768272156 28.0991254908 28.1371571079 27.5314283856 28.0969670038 27.5619054819 27.7325587515
27.8419502778 27.6661398993 28.1267496212 27.9067332463 27.8741975624 27.743905599 27.8962636825 28.0433989087 27.9601466524 28.0090688449 28.1543310152 27.8479313872 28.0355709781 27.731252354 27.8754402209 27.6133880579 27.9911167185 27.7594849661 27.9743591963 27.9040928747 27.629059632 28.0166922512 28.1889090635 27.6144024065 27.7359552233 27.5879538287 27.915177956 27.726799141 27.8360613751 27.5118915911 27.9654552529 27.666769614 27.8092639324 27.569773615 28.0602583328 28.0021258394 27.7110458479 28.0967565668 27.6926153875 28.1139741759 28.1885685208 27.5082668932 27.6278633854 27.9638581211 27.6972153399 27.9980938233 28.0884672618 28.0488484325 27.739913241 28.0417924887 27.8266351279 27.9292153974 27.7146628945 27.8549799829 27.9447796883 27.9705598265 28.0138278332
27.9353374403 27.786017768 28.1575772384 27.600601165 28.0952145083 27.803671792 27.5978451665 28.075173767 27.500013877 27.5692013269 27.8658958812 28.1653700504 28.1839963824 27.6719366085 27.6768853956 27.5785348864 27.9064395027 27.6833679622 27.9450115812 27.9286795849 28.0646212534 28.0102343777 27.5558880859 27.9197690477 28.045792005 27.9215773267 28.1453591091 28.0501811388 27.5027338995 27.5132694607 27.988803076 28.1707104826 28.1140435289 27.8342022146 28.1960420968 28.0072580616 27.9448097873 27.8192603879 27.7789521223 28.1075692987 27.556255287 27.8777626278 27.842554193 28.0392068325 28.1097246971 28.1304627732 27.5469647549 27.8370723542 27.6540725833 28.1988879408 28.1135259328 27.5132492064 27.8007120323 27.8102470148 28.1358979705 27.8537111624 28.2063454719
28.0245776464 27.9413262529 28.0921147059 27.5147855549 27.7016530914 27.6438114995 28.2052577424 28.0729090555 27.6431125993 28.1438586303 27.6495105725 28.0281648639 27.5082423932 28.1371588699 28.1070709419 27.7769436532 27.5924296787 27.5985671701 27.8980593722 27.7611171336 27.8280134464 27.5406013703 27.9150402989 28.0251691163 28.1709224935 28.2067539449 27.9413093185 27.7222296984 28.0713465817 27.7908253855 28.1705494815 27.8921798745 28.1859920754 27.8937401571 28.2070856669 27.7703797211 27.6111090467 27.8134929509 28.1693830748 28.1440772358 27.9472663615 27.9557162675 28.2038587934 27.7347848501 27.6740647728 27.6358966575 28.1125908825 27.8594643193 27.6898300965 27.5255155178 28.0586837712 28.1046616968 27.5004530532 27.7549562064 27.9109996476 27.8490477913 27.5309393201
27.7585762802 27.9495835737 27.5019847749 27.8608042581 28.0808831092 27.6133201567 27.9778202366 27.9014743553 27.6587508835 27.9778659636 28.1093405993 27.9077932697 27.6010286455 27.7204599734 27.8802685093 28.1943975938 27.760908364 28.1016209338 27.622142924 27.984856994 27.9903572323 27.8219135046 27.6885183374 27.594813447 27.8692906481 27.5081983477 28.0785561863 27.9812260953 27.8087417109 28.0681762582 27.9612248204 27.8104498848 27.8349556349 28.0431930683 27.749264136 27.9826046394 27.860503928 27.600292114 27.8378437495 27.8770735426 28.0244907871 28.1304651924 27.7829852861 27.8276961378 27.721125621 28.0522562235 27.5314092932 28.1861133745 27.5270912834 27.9928070868 28.1303437683 27.6755777266 28.1170031824 28.0700994162 27.8673732893 27.8498180069 28.1237345892
27.5086124482 28.0424545554 27.7209951626 27.8079292291 27.924145939 27.9491167023 27.5951408629 27.755742808 28.1516784487 28.1561980021 27.9234758154 27.5047757618 27.6448211786 27.8578717097 27.6255626529 27.8010277949 27.6755268227 27.9258488789 27.6653305387 28.1974037124 27.6655123375 27.9888328003 27.6334587772 27.5377250001 27.8973614792 27.6660173527 27.8920928717 28.0129463383 27.9083382067 27.8254848725 27.7145083515 28.1243280894 28.1209425783 27.7503619289 28.1765733846 27.6871691389 28.0178439042 28.0843780831 27.5045760992 27.7894162224 27.7724732863 28.1258827123 27.8350570183 27.7379067176 27.6614259787 27.5489351518 27.6969952154 27.7386187079 28.0006243595 27.891499348 28.1071059422 28.0458192323 28.0063204792 27.7224866917 28.0073527509 27.9734269904 28.199455078
27.733254145 27.7393391614 27.5324354979 27.6005451287 28.1457267363 28.1466356132 27.8548789325 27.9254142129 27.7617359386 28.0184454193 27.9880128437 27.7232445352 27.65247016 27.8909045383 28.1133241204 27.6714932141 27.9035982381 28.0725301902 27.8019779157 28.107837968 27.7429620424 28.1344562933 27.9981083271 27.6965636397 28.1174431899 27.8989537602 27.8955571434 28.0543477624 28.1646554767 27.8289882692 28.2002093444 27.5243590647 27.8716672639 27.6944672528 27.7161727413 27.6644024777 27.972502677 27.6850300654 27.9753178092 27.9332121225 27.9867980969 27.5909039284 27.8222333164 28.1995440484 28.0791030839 27.6579176962 27.8942662166 27.5045011933 27.9970577743 27.7263879866 28.0346930961 27.9903004695 27.514259563 27.6493452498 27.711829513 27.8575942378 28.067255042
