Spatial_Output/DEC/DEC_1419.asc
NCOLS 155
NROWS 192
XLLCORNER 196307.867259
YLLCORNER 449144.565805
CELLSIZE 33.573938
NODATA_VALUE NaN
[rows 52 to 77 of 192, columns 57 to 113 of 155]
32.798681727 33.1157803559 32.6300140722 33.1125212813 33.0972501725 32.5191164256 32.9420390281 32.9438347409 32.5564649582 32.9837476289 33.1741799242 32.9240355399 33.1797717617 32.5748263465 32.5767045499 33.2017358415 32.6048771058 33.1225984137 32.554719206 32.7283545121 32.8378792744 32.9715315918 32.7936907613 33.1197598902 32.7132239293 33.1239316298 33.0091728959 32.7008520493 32.5359941412 33.1565411331 33.0344823759 32.6824339711 33.1109903141 32.915175558 32.8472643064 32.8808879016 33.0719596293 33.095687178 33.0520135453 32.9550877568 33.0426003558 33.0073027259 32.9684641435 32.548420207 32.6551289365 33.0534041434 32.6538295641 32.58980852 32.7312716955 32.9631465247 32.5707888842 32.8259973152 32.509476754 32.8093486596 32.8601676445 32.8164583653 33.1602131841
33.0466224807 32.9603592097 32.6051379798 32.991380487 32.5804796501 32.9619525492 32.5080489825 32.8378280636 32.7077137596 32.713000553 33.0995572275 32.5919096115 32.5700347716 32.6072711251 32.540600477 33.0155449001 33.1774258263 33.014882146 32.7400096533 32.7683090126 33.1918400133 33.1129679337 32.9478777867 32.8632427158 32.655463629 33.0926634037 33.1568245878 32.8535796481 32.9328485 32.8839664176 32.59668344 32.6958436002 32.9039253114 32.8787403826 32.5155778521 32.6888406911 32.7830350469 32.7643886257 33.1434594542 33.0473543053 33.1627442845 32.5418957118 32.7837968313 32.9838313976 33.1307792857 32.781820366 33.1750164292 33.1099128659 33.0797662082 32.9703977646 32.9008309893 32.561138059 33.086281875 33.0991373208 32.927323535 32.6468191953 32.9065084016
32.9610947879 32.5006763512 32.7679162974 33.1268795252 33.1605404744 32.7120426119 32.9926469408 32.8200226303 33.0626215402 33.1412062916 32.5975533309 32.8149755591 33.1395822104 32.5980835267 33.0555558147 32.9718499605 32.6861120375 32.867504338 32.8123723366 32.8389896545 32.8926861412 32.8582461671 32.5544318945 32.5419291874 33.1909214219 33.0304285993 32.6974401516 32.9359586092 33.1442358001 33.0193272947 32.639360318 32.726491625 32.5933155481 33.0100754279 32.9363059464 32.697982353 32.8495962349 32.8903053992 32.8209865215 32.7103308841 32.6332300927 32.6223430044 32.9247880578 32.5461345692 32.7556017581 33.1672778486 33.1836208595 33.1931641953 32.5104161756 33.0543356728 33.1649421745 32.9801314382 32.6935605259 33.1995325987 33.0979060557 32.7203903617 32.9303674528
32.7558245629 32.945900164 32.9067179011 32.6552941144 32.6577016448 32.8556288531 33.0485324485 32.5489669074 33.0785896792 32.5597026632 32.6888860436 32.5687530088 32.7954793816 33.1456182395 32.8633012534 32.8003412665 32.5451370911 32.9429344123 32.5803347933 32.5360849599 33.0698195709 33.1521532847 32.6078682808 32.6485913806 32.627725142 33.1818550598 32.5424960591 32.9280228687 33.042808994 33.0166049333 32.7499079225 33.0169454801 32.8850548542 32.9530584099 32.8208475816 32.9856266001 33.1007315299 32.5351738429 32.6778902847 33.143702311 33.1209234001 32.9405393654 32.9891866111 32.9724366538 32.7252474266 32.521440938 32.6997855869 32.7115762512 33.0749281032 33.1969934865 33.1899261275 33.1987197842 33.0290205758 32.6964512042 32.5132745333 32.9150226302 32.8306915615
33.1807024362 32.7276389326 32.959552951 32.5254244826 32.8448003767 33.2006940867 32.7985419884 32.7261923073 32.9925125628 32.9119846135 32.5984191171 32.5580263363 32.5240366596 32.5613532999 32.8088992702 32.8236787347 32.8596570883 32.8225288536 32.6295266981 32.699177706 33.0949619181 32.812923802 32.9691689829 32.7725887005 32.6279326093 32.8186305662 32.9807420487 32.7419655977 33.1638652349 32.8456254904 32.7065932569 32.6453637907 32.8675482647 33.1890420057 32.7038985309 32.6060363204 33.0087798009 33.1623303314 32.7260132642 32.9264140295 32.5821651763 32.8279995471 32.6593101686 32.6549913909 33.1351482533 33.0902446699 32.9020537199 33.0562820952 32.6521773593 33.0154734455 32.7571098072 32.9506328093 33.074875943 32.5999594079 32.8847775062 32.6339281354 32.6576143405
33.0588570986 32.8066890734 32.7663403226 32.879468089 32.6521177714 33.1518324974 33.076988288 33.1410625677 33.0675517184 32.6353980663 33.0554014049 32.7158699424 32.5404206612 32.6915061187 32.8556112059 33.0614041095 32.6622224199 33.0078678697 33.1944989732 33.2054085823 32.5495993376 32.7409775818 32.5158166245 32.9693903763 32.6271767576 32.880195048 32.572325916 33.0149590072 32.9321558055 32.5006600143 32.631283983 32.9947816557 32.6038163376 32.829816115 32.7488761932 32.5383110947 32.8971916233 32.5882601032 32.7918675821 33.0054306712 32.5054035316 33.1925048703 32.5880721356 32.799142263 32.8505443216 32.7724852587 33.162372136 32.6250171456 32.5043330822 32.9176304538 33.0147620849 32.8211743864 32.7499338093 33.1616773283 32.9028686068 33.1322082139 32.9872365159
33.193195318 33.1915453162 32.7532862222 32.712972975 33.1496823252 32.5457237102 32.8086130156 33.1154829799 32.937806753 32.7751927734 32.5839514111 32.5251895035 32.981923226 32.7468201466 32.8161847545 32.622435853 32.6414160925 32.8483798887 32.5128619782 33.0770126364 33.0178796269 32.577249686 32.8395300178 32.8988813342 32.7270212237 32.7446219427 32.8621180212 32.6154292672 33.057357323 33.0971020719 32.6732004636 32.6133742894 33.1432433135 32.9282131672 32.504632006 33.154194304 32.5797575724 32.9183957587 32.6302186028 32.8551226843 32.6426939472 32.8035721446 32.9079988304 32.5614986812 32.8042056684 33.0422630141 32.5637062526 32.7650588513 32.8430631071 32.9843453222 32.6073597594 32.7548165468 32.8919997499 33.1353186315 32.6076055403 32.9574261637 33.0732742468
33.0763747499 33.1942947452 32.7487023536 32.584857293 32.8529711121 33.1272001703 32.636122414 32.5795648344 32.8669768489 32.7033498029 32.8995829618 32.7267162795 32.9053555925 32.5503468808 32.8923030514 32.6987700039 32.5434949741 33.0115103528 32.9505987639 32.8496825155 33.1927537233 33.0093375058 32.9034023051 32.9633887489 33.0973276948 32.9986050994 32.6699314054 32.5202918405 33.105228991 33.1810242935 32.8036144009 32.6315061839 32.8956087837 32.5135962909 32.7767821847 33.0008154822 32.9195921215 33.0555150433 32.6965189122 33.1347255878 33.073676813 32.8177789097 33.1407269341 32.5657029733 32.7696198077 32.5954002521 32.9230078449 32.5642717396 32.958601231 33.0464140314 32.721336912 32.816754445 33.0128213879 33.1495918365 32.8985833249 32.9455358004 33.0584165714
32.6630808174 32.7858623248 32.749019603 32.811181915 32.5591867083 33.0791884411 32.5122071121 33.0093336831 32.5369629316 32.9663646374 32.7238341197 33.1274009435 32.5048089955 33.0146362177 32.7877164409 33.0149056768 32.7310581197 32.8035397133 32.913231507 32.7295904449 32.6663896697 32.6970825639 32.5557523207 33.1619748488 32.5587222891 32.7878441834 32.5806975162 32.6890039416 32.5547350118 33.177343265 32.790583649 32.9168147409 32.8388218253 32.9513053139 32.8703061585 32.504503731 32.746426746 33.0522093152 32.7913636496 32.6714800933 32.9258079569 32.9481113005 32.7670061317 32.5939935538 32.6599394319 32.7478238572 32.6126391361 32.5206923926 32.9904031352 33.0109520277 32.5010934718 33.1218271436 32.6861012369 32.6149397521 32.91755208 33.0866706025 33.1833167213
32.6148199222 33.05568932 32.716435305 32.7972243472 32.5678880516 32.6359512462 32.6084873989 32.8987660458 32.8760874349 33.1212296052 32.8166738245 33.0316635873 33.0928234912 32.8296495806 32.7108464202 32.9717225424 32.6134641747 33.1816746528 32.5903243475 32.9757528563 32.8559647794 33.1666776727 32.7558944266 32.8937086026 33.0351641623 33.0401475466 33.1847844277 32.6783068607 33.0081551196 32.7837937275 33.1150398356 32.5222963161 32.6879670334 33.193659793 32.905493063 32.7696947968 32.8426322728 32.8143191452 33.1139086704 32.79160436 32.6335445299 33.0625577109 33.1454470649 32.950741669 32.5661289509 32.5396988907 33.1420380968 32.8390303551 33.1382702452 32.5410558062 32.5158487622 33.1812297079 33.0960412131 32.6081443197 32.7247887443 32.725268829 32.7441638164
32.6946500266 32.5929667951 32.8121495626 32.7439831084 32.5603474159 32.8280620383 33.1131274006 33.0406315943 33.1888492297 32.5908503195 33.2043800303 32.5687484735 32.5301064821 33.0427179617 32.5951612171 32.8087986665 33.160171947 32.7104878023 33.1679730819 32.6116257272 32.8954505392 32.7820913523 32.7186769798 32.7534252975 32.7660155304 32.5697354447 32.5870488136 33.1842096187 33.0457626202 32.8919507539 32.8474798396 33.1943578162 32.8690452385 32.5141224792 32.8672744853 32.9072787935 32.5059477702 33.0741402392 33.0384101266 33.187911396 33.0115376003 32.9591271441 32.6160156792 33.1666365843 32.886951733 32.8832331832 33.0506940492 32.7965006454 32.6603696438 32.6126593101 32.5409234925 32.5872120941 32.9453356927 32.9447107296 32.5117159952 32.8543670467 33.0535210527
32.6342795954 33.1597996324 32.7012309056 32.8425408717 32.9157231482 32.6972490604 33.1842226676 32.6587954934 32.9702863225 32.8624724449 32.5602094088 32.9684154404 32.6934411274 32.5614867221 32.9645565705 33.0617461802 32.5497346972 32.5191675994 32.6928693707 32.5752595469 32.7829887827 32.7009337111 32.5821187375 32.6060078968 32.7153522372 33.0572239849 32.8709534739 32.5404823386 32.6126483265 33.1693758065 32.8722693542 32.5661261547 32.7952023596 33.0496006186 32.7538630288 33.1195695106 33.20192623 32.7752009026 33.0295317339 33.1007835956 32.9518242347 32.5244228823 32.5597184261 32.7752008272 33.0255055179 32.7088355284 33.0918168237 32.7060401963 32.582350488 32.6448086441 32.998249365 32.906688021 32.5046854537 32.5301332473 32.8876832474 32.8408324213 32.8517930771
32.5179450779 33.0967038934 32.5748741805 33.0845291348 32.7326208547 33.0460798443 32.9289620941 32.8313587882 32.5659016572 32.5627976489 32.720342951 33.1254715993 32.6362883606 32.9095858091 32.8168246995 33.0423497603 32.7201513742 33.0651360915 32.5137724849 32.7220812907 32.6570109186 32.5406913927 32.9748226503 32.8542351254 32.5450849136 32.5978671232 33.1619261197 33.0881194663 33.0906931432 32.8473035487 33.146278442 33.0754557531 33.0932200302 32.5849913334 32.8262298353 32.9638183869 33.1615981774 32.7177502583 32.9963979274 33.0591367217 33.2059213906 32.9686606314 33.0997792191 33.1038469737 33.1096025942 32.8709979285 32.84402984 32.6666170119 32.6266945155 32.8224930643 32.7460737201 32.6783313792 32.5349369164 32.9285726606 32.9568681612 32.9404464631 33.0923920096
33.0331726018 33.0410895328 33.0113742433 33.0843551067 33.1720181468 32.67862508 33.2013120695 32.9106428336 33.1812392911 32.9557195325 32.8567561617 32.5949075228 32.9593700629 33.1176539073 32.5733098487 32.7591794142 33.1691089054 32.906369999 32.8788178718 32.6149341271 32.8195477588 32.5194393183 32.9745047715 32.6323612925 33.0380826082 32.7625317148 33.0165557836 32.819229246 32.7453991077 32.6808124875 32.7562018913 32.6448496833 32.7062385817 32.8862593029 33.1594320065 32.6152527812 32.7885057922 32.6921179343 33.0726046454 33.0157971314 32.7556388731 33.1534411713 32.5301147728 33.0749166337 32.5205571422 32.9982503152 32.5476246342 33.0018264679 33.1385555899 32.522412631 32.971815992 32.8102182474 32.9489040359 33.0757323295 33.0104660882 33.1379890303 33.004843164
32.7651973315 33.1095438254 33.0827864071 33.1246281302 33.1627136433 33.0321369309 32.6135412233 32.9145243994 32.7318291271 32.8346787994 32.5824501529 32.6665133003 32.7301815487 32.8141180034 33.073778455 32.7190078113 32.6933484689 32.9915487368 32.5870382949 33.1542322985 32.9168774366 32.9639620584 32.7512618604 32.6602991728 32.7991359593 32.7343926691 32.9528304231 32.6942810416 33.1827803955 32.997570601 32.5924116792 32.7540600285 32.7598662342 33.0301372892 33.0148137366 32.8733580069 32.7426802192 32.6931471621 32.8918546909 32.5322018162 32.5476306406 33.1690015154 32.6648117568 32.6068609937 32.9205474774 32.7135279521 32.6963825866 32.768062805 32.7510447353 32.6828675602 32.9866971463 32.901917127 32.8600110535 32.883417368 32.8710288176 33.1761499444 33.066711697
33.1142734147 32.918738952 32.815328529 33.0541498992 32.8600338966 32.6477227527 32.6350802075 32.907930833 32.5609078711 32.7379612552 32.6636043366 33.1228414623 33.0596222818 32.6740487342 32.8273942717 33.0001476174 33.166905584 32.5390424765 32.5590008487 32.8726063616 33.1206462113 32.5674237235 32.6738984213 33.175559144 32.6999927347 33.0144767467 32.5464603225 32.8434583471 32.9253741084 33.1576571229 32.5111210436 33.119083173 32.5757463025 32.6241970492 32.5727071917 32.5391470524 32.7276561152 32.8593603736 32.8571198627 32.7979647817 32.5880158479 33.0611505991 33.0077268444 32.5595669147 32.5377691586 32.7194038899 32.9378844645 32.7810135448 33.0368967899 32.5499869377 32.9863263199 33.1410792425 32.7078551649 32.6453325865 32.8731627918 32.8293690662 32.6073312782
33.0768476408 32.9206500233 32.6505913463 33.1313286722 33.1866979542 32.5185432732 33.0584529978 32.9038720989 32.8677829295 33.0220747617 32.957563383 33.0971123461 32.9121919299 32.854752713 33.1254187995 32.8949116797 32.8235599904 33.0054102155 32.9336184084 32.6579528505 33.0690826098 32.9416304817 32.8820236454 32.5904190694 32.5957503952 32.9532259433 33.0315504114 32.6958139993 32.7287687164 32.5075207432 32.9797583774 32.8448717669 33.1935300873 32.5889192396 32.8854405789 33.2070359445 33.1979353924 33.1566294635 32.8581876457 33.0012136369 32.6151621277 33.0716209025 32.6372428021 32.6882036339 32.6378744838 32.7303014368 32.6022870842 33.0986446729 33.0168082541 32.8531270067 32.7670508899 33.0131211164 33.0876421186 32.7962823234 33.1231418043 32.7539091364 32.6114664029
32.9373129809 32.583298619 32.6451947388 32.9289774723 33.118832328 32.8302059869 33.011718965 32.7525502363 33.0833296986 32.9362803181 32.5380173584 32.6601229836 32.9446128814 32.6717158615 32.7766047421 32.5776789572 33.1238318939 33.0370319192 32.7518509049 32.592249981 32.6986721256 33.149617637 33.1839743258 32.60002214 32.6728457377 32.859196448 33.0856955364 32.7224041514 32.8251482723 32.7137513691 32.9683689598 33.1467332944 33.0549622495 32.8789568915 33.0115518135 32.5963898357 32.7681718524 32.6293042072 32.6530975518 32.8917073246 32.8724117368 32.8141421596 32.9841817331 32.9905536153 32.8563508637 32.9231903241 32.7179638029 32.779004118 32.9149656917 33.1963866949 32.739001945 32.7940801565 33.019187834 33.0919914755 32.624015106 33.0800586272 32.7968544775
32.9126844484 33.1222050532 32.5629392773 32.5291067272 32.6775435707 33.1386386692 33.0429388426 32.8751118081 33.0245815653 32.5883161324 32.6551527563 32.8340032857 33.1499699713 32.6304977004 33.0237641479 32.5430769073 32.5900305975 32.5810145927 33.1890345229 32.8052311574 32.7447835909 33.17823865 32.9445655082 33.104814517 32.7295812825 32.5827098258 33.1841385045 32.6357197154 33.045680807 33.1351149177 32.7008748087 32.5261581918 32.9775505835 32.7914237956 32.7101825182 32.9543959099 32.8929245922 33.1350763513 32.8533915407 32.5840706724 32.7568605088 32.9288400226 32.7519384045 32.5780076043 33.1925027643 33.0617698404 32.505915789 33.0751281585 33.0248439813 33.1514008133 32.7859960649 33.1390682541 32.5081880784 33.1595724701 32.7327170368 32.8403427954 32.8677816497
32.5226190815 33.0255361862 32.9229504806 33.1218153648 33.1207857282 33.0156659781 32.713919008 32.6185962126 33.0663236035 32.7456741383 32.9590634168 32.8004604583 32.8054669605 32.8273504971 32.5591569836 32.7596171648 32.7697456304 33.0433948569 33.0013324171 32.7555202956 32.9627272422 32.5715271871 32.5122139803 32.675143365 32.7698743262 32.5301152363 32.6988096441 32.723583045 33.0230992389 33.0307753414 32.9056880563 32.9934525741 32.8246562973 33.1989383235 32.8163156103 32.5982107383 32.8974094456 33.1570299209 32.8250886745 33.1462802486 32.9135454646 33.1315446836 32.6435595551 33.0586994528 33.134417028 33.17796233 32.6879427936 33.084846932 32.9986856817 32.9072623192 33.0207350502 32.9599342878 32.6545816132 32.890901721 32.7602651879 32.6176811798 32.6205410389
33.0099723917 33.1063803777 33.0617711664 33.1582449789 32.6037992882 33.124283109 32.8362197066 33.1249501096 32.7265183876 32.7155735139 33.0767188801 33.1514787242 32.8469375884 33.1758258347 32.6147713323 33.0561048972 33.0569707561 32.8055257532 32.6246469521 33.0950228568 32.9522395295 33.1838093253 33.0199365993 32.912060181 33.0008883136 33.0257130745 32.5746042888 32.8549905794 32.8645521282 33.1528820681 32.8356535644 33.1382433926 33.1399346553 32.5754176108 33.1233963893 33.1027026801 32.8617453832 33.1175032911 33.1185154003 33.1861315575 32.8187593717 32.7000158943 32.9881277259 32.93218308 32.7692957706 33.1180298066 32.6874280245 32.5968221033 32.9448444611 32.8357550536 32.8630014772 32.8826240612 33.0710147249 32.8952342047 32.546200751 32.9562181488 32.5755823925
32.7328555817 32.9579209647 32.5360188295 33.1692636056 33.0101873422 32.6440180235 33.0970222066 33.0386377523 33.2036914657 32.9155210612 33.1464347642 32.6884900126 32.6936188725 33.1204599257 32.9539710417 32.7982599898 32.6872804045 32.564233689 33.1027196264 33.1939560933 33.2049808994 33.045011349 33.1878993907 32.5975804586 33.0169127369 32.7142942704 32.7048186463 32.9830587937 33.0035590474 33.1615305531 33.1467509241 32.7500220531 33.0731511163 32.9783257738 32.8905161972 33.2060054566 32.9577089797 33.0830382974 32.7245781044 32.7023606517 33.0438721132 33.1810061226 32.6777873056 32.9479910727 32.5031423983 32.6121570418 32.6561910002 32.6170693511 32.9571489395 32.6195899415 33.1037844755 32.8696726025 32.637412023 33.0169120393 32.6390473676 33.1046405658 32.7611061098
32.7962127622 32.7069905849 32.5899777401 32.936640811 33.0724262286 33.0075241806 32.8320327714 32.5445476891 33.1728084108 32.7493009135 32.6186926778 32.6814016662 32.6952654769 32.6565049447 32.7243894951 32.9467123856 32.7799552122 32.7780511258 33.2007815392 32.7458604735 32.735463122 33.0536168065 32.7578136128 32.8532654912 33.0878937059 33.066970807 33.0615966621 32.9246792512 33.1575760506 32.6768532549 33.0267841994 32.590237687 33.0002236116 32.9705197207 32.7266367284 32.9685597806 33.1284787903 32.7841865868 33.1690829547 32.9699484853 32.5217095823 33.0459346981 33.0667064801 32.7516393848 33.0309606622 32.5272450583 32.8808894924 32.7000518371 32.7933402987 32.8862715986 33.1684375879 33.1181181684 33.1621863087 32.9368404514 33.1292371833 32.840882317 32.7936776713
32.7268913771 32.502303295 33.0014064722 32.8086331125 32.5971716393 32.8665781572 32.7927304433 33.0865720797 32.7163310667 33.1119454512 32.7221077741 32.5174603462 32.9363214832 33.0913717603 33.2051763391 33.0721675934 32.815329004 33.0946153584 33.0491073317 33.1304114701 33.0016210045 33.1968223206 32.6447914774 32.9561556203 33.1722301045 32.9372081497 32.5541269894 33.1892566674 32.9273985184 32.9053083042 33.1496593188 32.5822881658 33.0455246996 32.6282374265 32.914659161 32.9805189008 32.8205964233 33.1231180044 32.5929931444 32.5731636205 33.1755644698 32.6719327501 32.6097162485 33.0599098927 33.1100106923 32.7332486175 33.1820274127 33.0087857127 32.5647487162 32.727282457 32.6497707502 33.196075231 32.9387460577 32.9955735485 32.7327444989 33.1356218004 32.5674237661
32.993608558 32.529926748 33.1745747866 32.5380342623 33.1520614066 32.5063617499 33.0373465821 32.5776672505 32.7030235915 32.5470571682 32.8473545069 33.1149687454 33.1037017122 33.1846846104 33.2013711269 32.8580364016 32.7691316011 33.1563047748 33.1271484118 32.7745293961 32.6159932876 32.7665447061 32.6677855868 33.0314735762 32.6118751745 32.9795287482 33.1972235453 32.8489081323 32.6614943054 32.9924557183 33.0476764768 32.9912434182 33.1347340001 32.7002084901 32.5161803765 33.1302602513 33.1473010508 32.7754899348 32.6822061647 33.1499332967 32.6182886472 32.5734262311 32.8419608435 32.8248457244 33.0972739563 32.6131554709 32.5982191068 32.8036349189 32.5021782163 33.073813125 32.6165352866 32.6228518064 32.6170139157 33.206773676 32.7288219512 32.932595815 32.5022673565
33.0205658988 32.7645823942 32.684181123 32.5431665386 32.700343489 32.8824568998 33.0888836602 32.9944588424 33.2063562454 33.0207206128 32.5973537925 32.6342070069 32.7822238948 33.0801958995 32.953052746 32.7292920215 32.6557036415 33.0187426408 32.9186997087 32.9708786637 33.0347087616 32.8404797519 33.0215006936 33.0258601883 32.7393466332 33.0126709719 32.8862299739 33.1337009542 33.0628828775 33.1735325098 33.1536904761 32.5951810794 32.6317247491 32.6658968381 32.8819661987 32.6304276706 32.9298681501 32.8632257642 32.5488824803 32.8300528831 32.9628228591 33.0623135425 32.5708132484 32.8623303103 32.8981197208 32.808141946 32.9445928102 32.5649026547 33.1008689311 33.1609200714 32.5474583282 32.5608887664 32.6276391062 32.6504554715 33.1854789697 33.1006707131 33.0282809185
