Spatial_Output/DEC/DEC_1339.asc
NCOLS 155
NROWS 192
XLLCORNER 196307.867259
YLLCORNER 449144.565805
CELLSIZE 33.573938
NODATA_VALUE NaN
[rows 104 to 129 of 192, columns 57 to 113 of 155]
33.9076976925 33.8853422435 34.1779513004 34.0101156119 33.1663800407 33.4281035958 33.1873725074 33.4825628443 34.1507794163 34.1366680337 34.2216698546 33.8777615065 33.9737592407 33.7207847147 34.085284427 33.5664041053 34.3791143773 33.114479406 34.0365629741 34.2707484483 33.0020441909 34.401152 33.57409178 34.3534484719 33.7916556802 34.2661820304 33.4621168454 33.282968015 33.1060008698 34.0865911337 33.356683579 33.3987510722 33.931567882 33.83425941 33.1534026675 33.7275453413 33.7959339107 34.1323887693 34.1980550834 34.2152430773 33.5494376908 33.9328905454 33.7636736637 33.9443709418 34.0328160856 34.0075722344 33.1532739107 33.9411191117 33.2888872393 33.2813066275 34.2163972702 33.1675547362 34.0752099253 34.0907232091 34.0793800377 33.2653210612 34.2455822967
33.5158285597 34.3212573169 34.4045948285 34.2471508007 33.830910893 33.7003470531 33.9402804589 34.130224728 33.1682534208 33.9142766194 33.8822569257 33.1366416966 34.224009978 34.3748938087 33.9993383399 34.2372380366 33.0497752452 33.8870516258 33.7146875001 33.1913104339 34.0116382693 33.5295099916 34.2506715502 33.0316586202 33.735661091 33.6498579235 33.3362240032 34.0087130745 33.4776579088 33.5607821093 33.3208865554 34.2706455675 33.983356006 33.6399699946 34.1743488325 34.3393054369 33.0476255263 33.437346412 34.1805286605 33.5094988856 33.9225882058 33.4969754665 33.2976291834 34.2694291878 34.3021167841 33.3343531474 33.8605837917 33.965159336 33.9861708986 33.1069794336 33.4332791519 33.5238717516 34.2548347968 33.8654264126 34.2480952455 34.068993352 34.2576194976
34.3649872332 33.2002172116 34.0973061488 33.0449674965 33.6542033814 33.7561121096 33.3427947554 33.0228241633 33.1375828757 34.0440126433 33.404268132 33.1785092185 33.9751003553 34.1983485039 33.0330826248 33.5239203776 33.734767356 33.9648406271 33.8481672391 34.4086873865 33.638035827 33.4878480445 33.6555080401 33.6206598473 33.1584370062 33.0871032552 33.7164815168 33.4420121676 34.337438373 33.3064686941 34.0633887972 34.3136581958 34.384558549 33.2232686567 34.3040292266 34.3056528913 33.1334970312 33.3182401443 34.2326821235 33.7131155684 33.1682277307 34.1695080961 33.8058752843 34.3852698743 33.5236542371 33.9090061422 34.2834974069 33.3822955985 34.3973673055 33.5676550921 33.5939370488 33.9168788974 33.5310687024 33.8672734073 34.3180405093 33.7696045406 33.4003787893
34.1250168429 33.79557056 33.6622995434 34.1826750074 33.8398341263 34.2980071194 33.6929619686 33.0322132398 34.2862183018 33.2312839242 33.8637103093 33.2533226383 34.320120527 33.2740295169 33.6227058425 33.6426717952 33.2325734671 33.3534627256 33.8831101549 33.0975735879 33.0128254201 33.7061302688 34.078556438 33.1954318287 33.1644000864 33.9401380348 34.2482450619 34.23341317 33.3323454018 34.0428158609 33.6052977553 33.7961604284 33.6635566893 33.418173296 33.5250714366 33.5572389154 33.9707046586 34.1134390677 34.2749030314 34.3700533818 34.143558327 33.9736719685 34.3872298124 33.4430358254 33.1482147729 33.7725174424 34.3382480129 33.4919818921 33.6098706827 34.354991649 33.1072202064 34.2018841039 34.0674554708 34.2726652491 34.1710097132 33.696340367 34.1859563638
33.2106594368 33.3940743065 33.4028629993 34.1665535737 33.883897865 33.1672013024 33.0586477597 33.4238497911 33.2871419487 33.6407288557 33.8575411517 33.123379156 33.2651505441 33.0234068367 33.30924204 34.1895573461 33.6168612576 34.0809327927 33.2321900975 33.6235404075 33.4363790424 34.1908240498 33.5817539782 33.7546521144 33.1833398032 34.0438563855 33.4768079954 33.5036012924 33.065726719 34.250204009 33.316033522 33.2755248479 33.9912555692 33.3361824976 33.8400116952 33.3436189232 33.3567622646 34.3917650178 34.4047120849 33.2675219682 33.1178774157 33.9466254237 33.9262811124 33.5566651289 33.4885301331 33.8344365354 34.093105063 33.2304539336 34.1813307436 33.7285230401 33.4807301794 33.1464221969 33.6194440821 33.9421605016 33.9439796061 34.1942714943 34.1951560945
33.2467620794 33.5331247035 33.3042675419 34.0904129216 34.3413251805 33.5403763737 33.1385243751 33.1133397658 34.2961300045 33.5754839188 33.7717828962 34.0541499983 33.4222216422 33.8527848985 33.051341257 34.4137094943 33.7518877223 33.1429525317 33.7631467159 33.8749302643 34.1111906052 33.6346993712 34.3574344001 33.8141618465 33.6096671793 33.8691018281 34.1933688309 33.6830735116 33.2397673133 33.518184798 33.6301851251 33.666123821 33.3993115022 33.8683519717 33.6191893381 33.1213626401 33.4750816443 33.3374634137 33.8613236683 34.2635423837 33.0926061057 33.0744399325 34.3557388528 33.2193925495 34.0808724617 33.447660077 33.0839201694 34.2805481185 33.1287096345 34.0598212973 34.1987541434 34.0905018769 33.0702470553 34.3531606847 33.5364892413 33.0415133804 33.284546462
33.1187536281 33.2869958966 34.1221274082 33.3806912094 33.8619043669 33.2174809951 34.0949159605 33.2828261485 33.9185600512 33.7604746256 33.0582346624 33.6187203507 33.2683209532 33.7876954694 33.0457223915 33.5449622159 33.5200680787 34.0100047492 34.0291002905 33.0244123945 34.1604138156 34.2342035683 33.3347110486 34.2464950434 33.5595687712 33.2024855617 34.0841641012 33.9073078084 33.8758750189 34.0079062897 33.8758815801 33.4387152938 34.0683681819 33.155716045 33.1702036052 33.9884049226 34.0908161777 33.2727343141 33.3972327767 34.0061695018 33.0172798532 33.1338847553 33.1716889242 33.5871654163 33.4943119012 33.4647399731 33.102303817 33.2935863571 34.307162336 34.2326910172 34.0293986521 33.9783019028 33.0256775455 33.4711807653 33.8990842842 33.0510478891 33.1736718899
34.1954798183 33.4938351776 33.3756995071 33.4475351762 33.977124511 34.1614060103 34.2096701613 33.1021036267 33.9440489053 34.2735943555 33.553531862 34.2418150833 34.1988722639 33.0783915092 33.4288017058 33.9880451218 33.3936805867 33.2669554375 33.429192233 34.397258226 33.8254322652 33.0695859966 33.9198348679 34.3123930906 33.164900744 33.4977049459 34.0385876289 33.5226062119 34.3384624902 33.9709158528 33.9922062446 33.1294773294 33.9482465667 33.7604775552 33.3953479682 33.7563309053 33.5632079588 33.5298988889 33.4351321934 33.9848430345 33.8071923094 33.9945466831 34.3089673102 33.3406065665 33.0663027296 33.6300863718 33.2904313279 33.7059413003 33.5434571543 34.1080752149 33.3395291576 34.2061684511 34.2132261813 33.304262553 34.1898805532 33.0975828996 34.2285826221
33.7659833603 33.0379990248 33.0035805949 33.1781950747 33.0014774244 34.2108376055 33.4772768098 34.1648093481 33.840364814 33.4240911944 34.2775605084 33.3208935165 33.3079798768 33.7605898041 34.1963700601 33.7606438257 33.7442190112 34.3942554306 33.9289630062 33.9666798084 34.3143871607 34.2675320666 34.0674048987 33.7895259932 34.002260702 33.6012593277 33.6036331287 33.0976961044 33.6980572123 33.4837257542 33.1049512281 33.2657495621 34.2084539145 33.8504258753 33.4099482608 33.6150334219 33.0251636297 33.8764767579 33.0792837164 33.2875784145 33.479283395 33.4037639692 33.7225464531 33.7920046017 33.552145896 34.2088564531 34.360314901 34.2414784929 34.1868324652 34.0695316118 33.8911928093 34.3299054928 34.4139661328 33.997802509 33.6313806955 34.0166597922 33.1620818669
33.620749177 34.2252757596 33.3483275713 33.7195864923 33.1796905527 33.5521557685 33.1834195501 33.8631728883 33.9850357533 33.4659403831 34.3180331815 33.7824872919 33.1902647688 33.4985657285 33.7010371615 34.2265597849 33.1459504283 34.309144469 34.4133245246 33.1728418316 34.1041117441 33.5682131314 34.3945504485 33.7526627833 33.4971167516 34.3690177726 33.9728388982 33.6732865121 33.0134806294 34.1389376323 33.5558632024 33.9890678226 34.0434179123 34.0675378758 34.0987519464 34.3772157689 33.6859453007 33.7370654213 34.0584759861 33.0078635699 33.9152543981 33.3580742634 34.2352223167 34.3974682431 34.3978731499 33.6446999264 33.1643785311 33.4511579235 34.2436786427 33.9723885978 33.816119063 33.6766702423 33.5065472358 33.5723718397 34.1930390319 33.3219022272 33.5120974093
33.9486355959 34.2328377536 33.5277211132 34.147550599 33.3707372741 33.1394059425 33.5902480783 33.2369745453 33.1963771668 34.2010757164 33.5056375942 33.4712991485 33.1346762483 34.3276077265 33.0940430782 34.1380174643 33.5910478669 34.1319382149 33.00852541 33.9693189104 33.5010295303 33.710175245 33.6652547686 34.2070957379 33.6419600608 33.2116108691 33.9983787332 33.0438016516 33.5597440513 33.5100180529 33.5841174226 33.3348840988 34.1921264661 33.6283092848 33.3707984624 33.3123403872 33.5454405867 33.0043372322 34.1959553183 34.0388917267 33.5673496383 33.3447505396 33.7832857243 33.8668933864 33.0215782875 34.1551931955 33.4315075824 34.0500161652 34.2148267238 33.7169306962 33.3654015272 33.8688173935 33.8440911307 34.3123411599 34.2212914565 33.5948241606 33.0207947886
33.7102580261 33.3553574433 33.4189483422 33.5695301827 33.3109642751 34.1084276681 33.2469849121 33.4742742467 33.1612828228 33.4144489664 33.9145135087 33.8391063708 33.8815395823 33.7855140406 34.1321155069 33.7529479538 33.2285201045 33.4759278239 33.2796956532 33.308138398 33.508559967 33.5446778304 34.0224347794 33.5494769628 33.6000618947 33.1032112973 33.865086676 33.3720898336 34.2808154243 33.4476942079 34.0022643715 34.0429729224 33.7453253426 33.4526000957 34.136254524 33.6055422278 33.3990584484 33.7394988536 33.8196589325 33.8481901662 33.8932683619 33.748895829 33.3118734852 33.0707527325 33.493006908 33.9117354931 33.9390901666 33.0083023486 33.2692865293 33.3043296815 33.4945270728 33.2312005173 34.3241869145 33.9115819252 33.3787860676 34.0057472998 34.4074781044
33.2669795099 34.1692902412 33.4589906721 33.1338473969 34.2150385502 33.112222394 33.6496866415 34.0524598145 33.8415592664 34.3730654069 34.0154404696 33.036121513 34.2203924977 33.9850614864 33.1313103991 33.6831177547 33.6232095056 33.2776236208 33.5903277242 33.9864025703 33.0669153444 33.7782818772 33.4129644786 33.7674095968 33.2835502301 33.2294967891 33.1038269854 33.5980578952 34.2968929699 33.1261618375 33.606225205 34.1785808496 34.2235664941 33.9640138779 33.8959603284 33.2122225729 34.1683885018 33.094145362 34.1626707731 33.5420566327 33.2424718325 33.0038891309 33.3833918815 33.1766548294 33.0050754882 33.8190914662 33.5612899254 33.3263036127 33.6421060221 34.3999232615 33.6405247794 34.0481340735 33.3104114465 34.3702164501 33.8714787015 33.1346445869 34.1492715822
33.2503792715 33.4222965918 33.0006114006 33.2427142651 33.7641004873 33.1064270241 33.6140144271 33.8893330895 33.6317713789 33.0569114088 33.7222196711 34.2818588464 33.6153079028 33.8164463903 33.9347348163 33.8534703455 34.1932634728 33.1931738213 33.4372036323 34.2539067971 33.5046439803 33.0299329766 33.6222944607 34.1298403276 33.8768906857 33.6990113481 34.1610678731 33.5712589056 33.7785634995 33.2059215302 34.3134849169 34.0666587234 33.6806259973 33.0653769841 33.6688309143 33.660262961 34.0215618827 34.3739011141 33.2993317762 34.3513859136 34.0123927851 33.3703165301 33.068401651 33.9572580003 34.0231251695 33.2818036268 33.1876135058 33.8686123075 33.8908328162 33.4285237714 33.021506386 33.635622612 34.0146706901 33.4593609407 33.4530017254 33.4248547974 34.2405502014
33.7709794006 33.3225474114 34.3941613537 34.1911763032 34.3024291303 33.780283822 34.0471148507 33.1318091472 33.8671981453 34.1288700027 34.0286521758 33.2224149676 33.4780387336 33.2278333767 33.6988983748 34.2446197419 33.7735282142 33.3915240285 33.8889414716 33.1849489441 34.3152843159 33.4790408868 33.5536285727 34.2821404635 33.0065608803 33.5790737211 33.4570283484 33.8713093337 33.5116297238 33.2032849364 33.60336602 33.2593523908 33.0606276654 33.1921341599 33.2847992284 34.0171760229 33.406467943 33.8371106691 33.8378094975 33.0088306173 33.0222133458 33.5625523795 34.042609317 33.111219503 33.0669116758 33.1882583089 34.4050026602 33.8561349198 34.0716145798 33.74718912 33.9393486985 33.2351545206 33.4445429079 33.5273628814 33.6507863368 33.6157016853 33.4510966013
33.4544290933 34.2621165624 33.8373779058 33.5575153798 33.2460435277 34.3321273377 33.7139549373 33.171302457 33.5670348753 33.2131976494 33.5106203399 33.3505154703 33.8665632388 33.3401406408 33.8076868718 34.3418722615 33.139043317 34.1749480102 33.9797783356 33.2076153132 33.6574281682 34.2711614903 33.7038133846 34.3587026739 33.3375919268 33.3058820801 33.9588033966 33.4084782662 34.1965346815 33.2532012393 34.177243255 33.5534146505 34.2125412449 33.5976065074 33.0810907308 33.8398653258 33.3545921431 34.4119200325 33.2335381122 33.9952638636 33.8490210701 33.5487382544 34.2077923706 33.05405218 33.4766413263 33.789453636 34.1303272501 33.4619431149 34.0684759558 33.8225994634 33.4226311808 33.4292134366 33.571590703 34.3406430476 33.8424701196 34.1458381213 33.7505329475
33.3830798561 33.4496387015 33.8947115408 34.3088475858 34.4082645622 33.9003674364 33.4891830561 33.0917549513 34.2281488728 33.9311895342 33.1682719979 33.4209375929 33.5478521009 34.2399092432 33.5928006196 33.0455056941 33.9441606969 33.8393284968 33.8304658568 34.183967762 33.2578338837 33.3234484758 33.5986599241 34.2728135651 33.9102215238 34.3752748899 33.2442038708 33.53798349 33.3880464278 34.070559928 33.3309966172 33.192442255 34.0650275057 34.251529719 33.3679331975 33.114946667 34.0701493363 34.2686366723 34.1504679631 34.0587224387 33.9633804211 33.5845205393 33.583266329 33.1242571092 33.4142268919 34.1795138277 34.1500148807 33.8651231427 34.0488984842 33.5148503402 33.5376072719 33.220118528 34.073900987 34.113569403 34.2213358356 33.6438469154 34.2814027197
34.3977808625 33.9839537694 33.6942699161 33.0727071284 34.0091929686 33.8842991404 33.7655240153 33.2043929769 33.0923846598 34.0778881987 33.5428255516 33.6879869509 34.0371099986 33.0558056473 33.1365478484 34.2026574698 33.6218786318 33.135619171 33.4121400382 34.0849154299 33.2162270956 33.8095735993 33.5395920276 33.9660853354 33.0545006472 33.0760139868 33.698366895 33.0327579225 33.7413654451 33.2805830337 34.3834289272 33.4291957554 33.3925717528 33.8809255586 33.4639217655 34.1972881611 33.4158586752 33.4834770092 33.0618509063 33.494253078 33.6802293919 33.7873897645 33.7827055615 34.3207303331 34.1963965814 33.9347877422 34.1575308692 33.0896820024 33.1326293308 34.3023696472 34.213792595 33.5552012395 33.592221454 33.8410161357 33.0513903121 33.1336316159 34.3416286472
33.150844792 33.6815148845 34.2296568975 34.0292394504 33.2588178303 34.0263700769 34.1193040587 34.1449924489 33.7008864527 33.6828926035 33.9477688308 34.2560526751 33.0995984098 33.9076315135 33.4692215857 34.02594536 33.8329623736 33.9817555155 33.6849634369 33.8836917337 33.7429559284 34.0271224878 33.3878989697 33.1964693309 33.7033079735 33.3437140538 33.6082879055 33.9568554213 33.415264432 33.6325995227 34.2819611484 33.6283848448 34.0153279797 33.0329759512 34.0291428544 34.2442086963 33.4948568769 33.2205001178 34.0121220882 34.3469290943 33.0697858685 33.5542394502 33.2046626333 33.6792162498 34.1074765239 33.6292422331 33.2192569726 34.2025266769 33.3582752496 34.32060251 33.0498491754 34.3472182174 33.3141330129 34.2248798539 33.4414630783 34.0446543822 33.838215308
33.7420880151 33.4541517995 33.1992027902 33.5503541118 34.0331917236 33.9051107484 34.2283382706 34.1375450345 33.2347576762 33.0075729775 33.4776482896 33.6822108251 33.5442941274 33.2666075433 34.3583970118 33.5587311989 33.8002117471 33.1894594624 34.1006286233 33.9536727413 34.0132790722 34.2953891311 33.4190225986 33.8350810347 33.5632259697 33.0307807034 33.8130725602 33.0628147846 33.174426493 33.891778281 33.3584696028 33.4728963493 33.7331764856 33.1765364596 33.048111439 33.7035184183 33.7530607679 34.3838119751 33.7482181998 33.7734583431 34.021980182 34.0109966336 33.3692206721 34.3880663466 33.1545082043 34.2305029058 33.8015464108 33.0622221519 33.2258468583 33.6808471343 33.8005149353 33.4390509603 34.3676431083 33.5474886171 33.1454635464 33.056476129 34.3340771847
33.9734088186 34.3817869862 34.1382056657 33.6981497606 33.8190951282 33.6895452953 33.726550123 33.3519356103 34.0088751928 33.4727898317 33.0156202515 34.2845413232 33.0986570488 33.0088248824 33.5927171051 33.0672109923 33.7983276084 34.2618764869 33.8228337661 33.4882639277 33.3167946011 33.2548284077 34.1734703453 33.6830485919 33.6111507555 33.6463555207 33.810592577 34.2651592204 33.4557687216 34.3345522532 33.9593095378 33.7292190964 33.2430264464 34.2346713285 33.3998475056 33.0096718476 33.9810033298 33.6916708655 33.5172371526 33.9216911249 33.8756615138 33.4216071788 33.0496568039 33.2959654673 33.0694640429 33.6625650976 33.4525296294 33.7221701331 33.8007969544 33.6123254528 33.2716929777 33.0299350676 33.5113693519 34.1985953054 34.1143642691 34.3700746536 33.0010138145
33.6174307101 34.372642607 33.2510834583 33.432486918 34.3209949006 33.7451103916 34.391156176 33.329537818 34.3588213217 34.0078356521 33.5726454828 33.4789833474 33.4981846543 34.3490294398 33.5408319249 33.7071646136 33.9346710335 33.7657150919 33.1930242719 33.5475527924 33.2709666608 33.1304202248 34.3661498166 33.4243399711 33.0201939169 34.0131649143 34.0287044912 34.0301895823 34.1359822104 33.7901167644 33.1069577293 33.3833367889 33.9705708627 33.2010376742 33.6276455629 33.9705331045 34.0731097807 34.0728771559 33.1322648485 34.0276611161 34.0106925008 33.6742477158 33.5607219528 33.1740097597 33.7463299278 34.0214608254 34.1173365618 34.3613375025 33.7245299135 33.8354684415 33.5092743151 33.6601588549 33.4075005394 34.2388730118 33.9781232587 33.6200584042 34.115204948
33.5702980796 33.7661490606 33.6640740249 33.5208591329 33.1707986496 34.0589497873 33.8534864373 34.2280801283 33.5367433171 33.4445700585 33.4396592974 33.0539784267 34.2498916289 33.7826467421 34.1905927593 34.1801933972 33.2805915296 33.1226633307 33.3048633624 33.5296337229 33.890895178 33.1817882607 33.2966406986 33.0716454667 33.6220240934 34.1291175067 33.9483906412 33.2900198241 33.1517912566 34.0515244025 33.2178090584 33.9309798095 34.3695758185 33.5293850304 34.3238018464 34.2396135086 34.061339523 33.9915137612 33.8372116411 33.9544694998 33.9100424481 33.8298585742 33.7809615136 33.9794258913 33.4531785811 33.1510250833 34.1743499552 34.2448158426 33.3608337031 33.0039504317 34.2489332347 34.1777987913 33.9451238959 34.3568081724 33.5173230103 33.6153076585 33.925625908
33.3434815207 34.0051785785 33.5631528373 34.0823989991 33.6186121694 33.3631974224 33.6501103673 33.3729224428 34.0681845079 34.2390475087 33.0695940841 33.8295454206 33.7371204933 33.2135413973 33.200368601 34.2984062017 33.7519994331 33.898528847 34.0113190395 33.6952764098 34.1065026754 34.3018033371 33.6287284644 34.1219122658 33.6215887111 33.7785608592 33.482206787 33.4422176853 33.9028590787 33.2572238584 33.1120230887 33.9570130146 33.0365224073 33.9566074735 33.6227099269 33.3877936172 33.2575925121 33.4494203945 33.7075827453 33.1549582781 33.8668896938 34.0106159863 33.3322263902 34.3412413116 34.0687932272 34.31539147 33.4603244238 33.0901413626 33.2437488395 33.2964192475 33.4354496577 33.2566016759 33.8245719413 34.203635608 33.7273468646 34.1344464127 33.4771194642
33.2534495224 33.1708532759 33.4015289311 34.1957368892 34.0047738183 33.3678201686 33.6758137801 33.480442654 33.6341382801 33.5503737627 33.4568847478 33.6226880934 34.2890457337 33.6075024769 33.5680605328 33.4593691678 33.248787969 33.4126289894 33.9955459949 33.1996537469 33.0292232307 33.8290450676 34.1551650799 33.1752713842 34.2480870619 33.3099137108 33.6781799936 33.9480768261 33.4029791878 33.1118598068 33.3066229018 33.6746645332 34.2095379479 34.2892780394 33.96137779 34.2671757655 34.3581690737 34.3266991677 33.1661543797 34.2458644468 33.1825597916 33.1050236964 33.2675780333 33.9869900914 33.1690604811 33.6811321158 33.252937128 33.9935949068 33.3749571312 34.3757635025 33.3452195495 33.8940341673 33.9979082462 33.4332920941 33.0389962355 34.2940301998 33.530011177
33.8556850012 33.433658807 33.1177084943 33.836612673 33.6854513322 33.0189866965 33.0666081084 34.0745318915 33.1011859028 33.4377551177 33.5786185179 33.6501027522 34.1931337399 33.4535402571 33.6268087449 33.0429237841 33.5125892994 34.2400683934 34.0071095108 33.035803112 33.810543275 33.025929438 33.1414488811 33.7106456217 33.4679715022 33.3481934007 33.3141031835 33.494281366 34.157721988 34.1282675467 33.8911432743 33.5292754665 33.4059624261 33.5151996923 33.0764393282 33.5561128143 34.1555332933 33.4860623293 33.8068486374 34.2204432474 33.8191798911 34.3249742808 33.4689157509 33.2435272614 33.830855426 34.1195597791 33.9746143398 34.3626602799 34.3842299815 34.4049087651 33.3028766098 33.9856036049 34.0258289997 34.382966274 33.8832801052 33.7247130484 33.1023715879
