Spatial_Output/DEC/DEC_0749.asc
NCOLS 155
NROWS 192
XLLCORNER 196307.867259
YLLCORNER 449144.565805
CELLSIZE 33.573938
NODATA_VALUE NaN
[rows 104 to 129 of 192, columns 57 to 113 of 155]
26.1151036174 24.8555538219 26.2123052442 27.1315537577 25.6852192713 25.8815306379 25.283790998 26.898923284 26.2116848475 25.9815661555 24.9684410507 25.2163568094 26.2740085508 26.0431239884 23.5820692018 23.5071471038 24.2098990608 24.2320233736 27.1084615118 44.2473525239 44.2473525239 25.6131840328 23.8141792567 25.9926728662 24.3566193459 23.6638691662 25.5696405958 23.8163178212 24.2739780414 26.3808790996 24.7631521479 26.7722364933 25.7253828285 23.1736829567 26.1550644711 23.6474301505 24.949281215 26.1497102001 26.2626625617 26.7468003873 24.7694069481 23.3208828174 25.46204372 24.5675722835 24.4094737384 26.7851527497 24.7006503608 23.7659589939 24.9303792238 24.8436790563 25.4222314923 23.4532310159 25.1965917197 24.6408000417 25.6859672742 24.5011520917 24.218448141
24.3668712568 24.8671451117 24.5821135338 23.4974937425 24.4444145252 23.0763375152 60.234563063 60.234563063 60.234563063 25.6087997362 23.0862132824 26.2038705528 23.5852726279 24.8514209076 24.7782743695 23.6259521187 25.0740677775 26.7082964064 23.2241321852 44.2473525239 44.2473525239 44.2473525239 26.8615845485 27.1160863209 25.1984726417 25.9430568174 24.7621902397 25.1383716605 25.4723444522 25.6238079607 24.1057609275 23.4668251412 23.3962078659 24.5257159955 26.5649630256 24.0088997234 25.7721913416 23.5281362894 24.5026876679 26.8301104179 23.5216506802 26.37602102 24.1920163391 23.8844239213 24.1340470051 27.0408282829 23.8874486563 23.0880447093 25.8738258309 25.3270565994 24.3380860992 25.5679697227 26.1667255547 26.5032483332 23.7971244409 24.970294035 23.3760377806
24.6829054295 26.5062461636 26.9395951404 24.6015685595 23.4419253946 26.3168263841 24.7680991976 60.234563063 23.2206471158 26.4209365176 25.861312443 26.5197874236 23.0297076076 25.7687782629 25.3858470709 26.0021814387 25.9193613855 26.8156533339 25.4410749655 24.6626771979 44.2473525239 26.5417569457 23.8078277917 26.3495713392 25.0869659197 23.6173991937 24.3883401592 24.1545906397 26.0491456672 23.5283810167 25.4781236933 24.8887798458 23.4070663267 24.3528344863 25.3932525049 26.5796287057 23.9963146967 26.1226348781 26.8095841719 25.3931165142 26.2082507654 23.3979843363 26.8546852401 24.1744643903 23.3895229168 23.3142757 25.8150328023 24.0157993514 25.3545344842 24.796828181 26.2648354087 23.0224777221 25.6666885593 26.592595884 25.731729534 23.9002942236 24.3357889619
25.8786076466 26.3010539 26.3020141219 23.9603802279 23.1666011815 26.0833341348 26.3124583207 26.0082198787 24.5019757954 23.333956386 25.3121883236 24.6690795166 24.3792608801 26.288208749 24.5326064103 25.6286481109 25.4686337754 24.9732693211 25.4556641329 23.4713943386 24.1433627486 26.0489193986 24.7832998304 26.5677950017 23.2942612853 23.0464740347 25.2834478333 24.5459992802 25.0014183223 23.4533206428 25.7879458451 26.0664582849 23.249111798 23.8046773871 25.4990902789 26.7981564021 26.1404570416 26.7597147026 25.3933290965 26.822818933 27.2055288575 23.1737102065 24.6433959103 25.7966352069 26.8708739112 26.9555207993 24.6863915687 26.2082060083 24.3956954327 24.1917419457 23.3775973029 23.452311906 23.4085674289 24.5354179052 24.35680196 26.9748799234 26.3415760206
25.3101639897 24.4955313541 23.451552075 24.3723999867 23.4792798224 24.9597094587 24.782524559 60.3925743288 25.4763900431 23.6044584437 23.0305709695 23.5519693725 23.0735829858 27.1786436052 26.518940487 25.4305752168 24.5131443154 26.3394169703 25.0412780305 23.7434986782 23.5798236083 26.6356421866 26.9256523632 25.5284353504 25.7432317619 24.3237095328 25.6272401442 24.2733942772 25.4305720951 25.1894712064 25.984188888 25.0230708399 26.4095283114 23.6553133014 23.2754492971 25.0432667963 24.4667592054 26.8720835852 23.7384509772 25.3531999856 23.4995006098 23.7271541471 26.8295744542 25.235296042 26.5007633899 24.0077132551 24.7285333765 24.0244832211 23.4867464015 25.3566667997 24.2436006642 26.6086423753 24.3274159984 23.950467852 23.7002031663 26.4029192939 26.3704627569
23.5303689285 26.1332007246 23.5904520594 24.7265914962 24.7675525027 25.1400027146 60.3925743288 25.5696238848 60.3925743288 24.0858715302 25.6273857359 27.0056259262 24.0178133084 24.0015722444 26.9424296059 24.7225852761 26.2758293571 25.9293238982 24.8637870672 25.6721517811 25.2572071084 24.8448252385 24.2912671187 25.9666215168 26.6945581648 24.9093162845 26.2004681101 25.7639618335 25.7364012703 25.2924168591 26.6782242696 27.0487334549 24.2114389606 27.1096080837 26.3972042913 26.9552302577 25.7171619105 24.058323025 23.6403561 24.6893070302 25.2191746794 26.7875138801 26.6399337562 25.8543475702 27.1291266159 23.8472634253 26.3843536216 26.2852683054 23.6704045827 25.5316801346 26.8546183767 27.1478004228 23.3695573828 24.1741771223 23.0729940755 25.4199146632 26.2501967183
25.4725732113 25.1135273629 24.3724301801 26.2963309494 24.9684947914 25.1056314383 26.0262254169 60.3925743288 23.2470168776 23.1418067038 25.0157901896 24.4860718675 23.8051446832 60.1314857562 24.1102971931 26.1682477121 23.1545383373 23.0849913291 26.3552580296 24.8937221816 23.808580316 27.2053962744 23.7759617125 23.5622244081 27.0737806129 27.0188372802 26.4720705834 24.1189299732 26.6208000255 25.6801162903 25.1515550432 26.005819902 25.9856882 23.1554244959 23.2603606317 23.9420489546 25.2036683669 26.5525591852 27.2380109747 25.1598817144 25.5166388712 23.3754072573 24.2578469808 25.0433473546 25.5359026123 26.2966577118 27.2208201679 23.8079576135 27.1959675094 23.1535887626 23.9366747887 24.9014563684 25.546589798 23.9259644114 26.2743056247 26.697717109 25.0843852078
25.0894916978 27.0460023316 24.1137879493 24.3816630446 25.6037187293 25.6549448134 23.0807345952 24.0077717365 23.7703797573 25.3201944126 24.8364205884 25.0598492918 60.1314857562 60.1314857562 26.5070350488 25.3412403641 25.6412987 26.6321500946 27.144744785 25.8655708662 23.9810665946 27.1069213144 24.786753861 25.8102690122 25.6716423321 26.7548288869 26.0496440254 24.6410653551 24.0778554725 26.9241939867 23.5866247228 23.0608972682 24.7595211344 24.0108182691 24.1097347822 26.8869158103 26.7396350659 26.1181362629 23.8655173011 26.9068183374 24.9984272144 26.2878771769 25.1611994036 25.8437118618 26.0498997304 26.5499607304 25.0219427046 26.2738227084 25.1168908625 26.5593683191 23.0772067005 26.5673454953 24.1863435808 23.3375456028 25.0384395228 25.5273033587 25.1336328431
24.0149090345 25.1900520075 24.7171975112 24.0128944886 26.5536367184 23.9059098237 54.9747538037 54.9747538037 23.796131857 76.9299685957 24.5572095423 25.7710031227 26.995129556 60.1314857562 25.9167235331 25.8474243353 23.8727807909 24.9668400602 25.6148932806 23.3395400233 24.2046702767 24.7890022586 24.4317369683 23.4128913525 25.9728871234 23.6089686195 24.2192437041 26.6997643891 24.0683982915 26.9288509869 25.6497913904 24.6848577473 23.8522306099 27.1618689261 23.0577760492 27.1294086696 23.6137531433 24.2389914304 24.2720617991 24.7595984734 24.2326254534 24.3887784633 26.5223511265 24.635775536 26.4386657138 25.3520955409 24.055940757 23.3945964499 23.408958478 25.1032787984 26.655500834 25.7536199688 25.7368485988 23.3637481384 23.9390587911 23.2556557791 23.7406602227
26.4770404868 27.0903697654 24.9035376437 26.03957723 25.489611173 26.1745508911 23.91118908 26.1656608847 25.5420029406 26.8330280036 26.1879475787 24.4997245275 26.7097193997 25.9141916933 27.0146874243 25.9099772517 26.6782170053 25.8455511228 26.5910505015 25.0268855912 24.3738739015 25.238237917 26.14648068 26.8782949166 25.2737097327 26.6838249166 26.1000910787 25.8583962881 26.3272407927 26.7226277107 25.9392047721 24.7390343201 25.8693712661 26.1566668052 23.3705581606 24.8043680258 23.8302470526 24.3309547903 26.9611383516 26.2404607539 23.4727971935 23.9348883349 26.2909835948 25.0269110321 23.738975257 26.8781346943 23.2287660852 23.7070646682 25.4463395097 26.8070118158 25.0099232066 26.5794507226 24.0050795911 25.5642012197 26.4595038418 26.3073652439 24.2326272408
24.2098451824 24.2347355745 25.3882860334 23.1664015081 26.2636337617 25.3452758384 26.621099375 25.0012864146 26.1599509624 25.3978218901 27.0446877679 25.3014748157 24.3841394994 26.3534987294 26.1816000459 23.2002999522 26.5742113564 26.1909865032 23.38642055 25.0493128473 26.1365096426 23.0008307213 24.3043725055 23.6639999106 24.7823319413 26.0097783579 26.9865228055 26.449594549 24.0371552882 24.5772905681 24.6341013971 24.4845078583 25.2342075423 25.3967801817 24.8386833137 24.7493165737 25.04886868 23.0960526975 26.333954359 26.0920390119 26.4118241366 26.1433788696 23.6674878186 25.4074541237 24.9190156848 25.3726370555 23.7985472761 23.7391613743 26.9846844277 27.1448568732 23.7733514274 25.735716876 26.4681809728 23.2495262633 25.5424848525 26.1190404518 24.0272526981
26.2464990394 24.213268348 25.3355918237 25.2840775261 26.8723362015 23.3658703418 25.3029108986 23.8866932091 25.7337938809 25.8923802405 23.0415312436 26.6261330912 25.1737488186 25.7176333942 23.8420108694 26.6461152984 26.3026071075 24.2287021992 24.4753127406 23.859374046 25.2198870572 24.3536543463 25.967953183 23.1579648627 26.730615804 25.1755363569 23.2873230714 27.1674228835 23.434219914 26.3606573989 26.5771254091 24.6563670739 24.174242862 27.1316313609 26.3385442897 24.6877340671 25.9443270322 26.9984101475 24.6554185952 25.6593056129 23.3591736725 25.4427887873 25.7962244277 24.9273146396 27.0831594149 25.7702879238 23.1678415701 23.5750311119 24.1710327515 26.6267516521 23.3722902506 25.5479960725 27.1357560083 23.415884629 25.4134891867 24.131222238 24.9914815856
26.7584965526 27.1907281947 25.0049398731 25.8865516458 25.4267230469 23.7510719617 25.2178973391 25.3406228848 23.3287183028 23.5621143227 24.8891119289 24.6653406793 25.1527530724 24.8959368206 24.9100219109 25.3733590668 23.2895508399 26.974215893 24.5594211417 23.9273397176 23.4257127902 24.4491313967 23.5628268422 26.4769855785 23.0550951595 25.8549282096 24.7131240587 24.8906508921 26.2090494013 24.6976375312 24.4711076359 24.9033027902 24.7951691466 26.9794275771 23.0166573007 25.1215728628 23.77092388 26.1241394627 25.3018562112 23.4732308624 24.1697925783 24.7892037571 25.4158838015 25.2832002241 25.1425652159 24.3627714609 23.5037983661 26.8165507682 25.0318548674 24.4729784314 26.8115956492 24.3072299366 26.3460254842 26.8507503951 25.725207972 27.1028754123 23.5340161292
26.7602545004 27.037971579 27.0822568173 26.7521541133 25.418100319 23.0472952407 26.2989717813 25.1841103983 26.3104765355 26.3721678939 24.2471448318 25.6234948493 25.2828799378 23.0325968832 24.7568270657 26.6860604433 23.6838720355 24.1929172431 23.3739657903 23.3117531758 25.7350118748 23.0259761977 26.5388078019 25.4077788504 24.0623301336 25.9055181465 27.1260977655 23.9171940976 24.464709039 27.1729413853 23.2090927217 25.9463382534 24.7232076591 25.0715177837 25.250784072 25.6536622016 24.0263113554 23.625337224 24.9468804196 24.7289657745 24.6493557072 24.1674350156 26.6418447715 27.1238240931 25.6022448968 23.4111379005 25.0673260992 25.2376476915 26.2791532381 23.3655630879 25.5074930117 24.6539672158 24.7220465229 23.9067030675 24.9981263815 26.5347050349 26.1190265091
23.3824769812 24.5908851397 25.7139730931 25.9736336806 25.4059150009 24.7547650658 23.5298203058 27.1709798123 26.4024885004 23.3480020068 26.7022596851 24.5906794069 23.6007413963 27.023433735 23.2446274872 24.0829446283 25.3712425561 26.4471786297 23.7576867736 26.5121953644 24.7370914464 24.7142240088 25.437345896 25.9688185613 24.4183230516 26.4696873022 27.1528906615 23.9560334214 27.046339543 26.2094570879 25.5068611165 24.3377515349 26.0993040149 23.7710304082 25.2220323997 23.8862809585 24.7670765916 27.2230664069 24.265504268 26.0826717456 25.2048097141 24.9092945072 25.4452969305 24.74247972 25.1095429562 25.9677057305 25.4461112049 25.609290512 23.2983456732 26.210463572 25.2504014842 23.9372480187 25.9467122645 25.0983518337 23.4062470157 27.1388618572 26.8298590367
26.9326172446 23.1121282104 23.7832879753 26.937958107 25.508488647 25.484938116 25.1883808614 23.86605693 24.5177456117 25.6552457536 26.7219071332 23.407513208 26.6456255929 24.9210925141 23.3040610252 25.0278558555 24.2523490888 27.137099784 26.5376054466 23.484591295 24.0867604049 25.2998838888 25.5346599796 23.2848434055 26.9997452932 25.8747143927 25.8337469118 26.7024845802 24.7568557537 24.5550436011 24.6999902792 26.4079299283 26.8653815203 24.0263183285 26.0923686673 26.2230028021 24.7306736159 24.8218726971 23.3495022689 26.738562238 24.9498155208 25.4374669017 26.989590062 26.6436870571 25.8394935978 27.0727852518 24.9711582268 25.1071345533 24.0966484674 26.0165443689 25.9729915763 25.8997309447 26.2631532766 24.6964312348 23.2732754027 23.3649714816 27.0727290232
24.9228710384 23.965903127 25.237554877 26.7726643647 26.5032318579 23.8883047921 23.1320447615 26.2116581989 24.5749113537 27.0122318183 23.7561686037 23.1224331551 25.6382460502 23.8475658934 23.096696669 23.1498206318 25.4536173585 24.2015847723 26.6591656024 25.6292465955 27.1413771328 25.3906193463 26.3373132453 25.7721535246 26.8142528718 24.7008215338 26.5278470643 26.0394648092 27.2339076121 23.8650238498 23.1450786093 25.5551944976 24.5032641041 25.8784987368 25.8410629893 26.5909290937 26.7404601239 23.0479887801 25.6426078518 26.6759962205 26.2831861031 23.0569977617 26.1818009755 23.0253848432 27.1857321026 24.2743450298 26.2958150496 23.3033554138 25.944060787 25.4967034753 23.0927728997 24.6658441735 25.8624904832 26.8123402857 23.8721482924 25.8320273819 25.9912831284
26.49252188 26.6623233166 25.7460005845 23.9964397934 23.8549830253 23.5106662656 27.1413810436 24.9558335696 23.0439200489 24.7579741477 25.4698810321 25.9834365032 25.5680278605 24.3116871734 23.6951415519 23.6831899262 26.9134998751 25.5881237652 23.2110102808 25.9933676457 24.2914902449 23.9951749791 24.5566824158 24.8342175947 24.4935783393 26.6123929646 23.8564306469 25.0679105458 26.26673623 25.2300923058 23.6309439807 26.1342085879 25.3037994613 25.280165673 25.0307196726 25.5891718708 23.2279053317 23.9302573697 24.7158351239 23.9415732297 26.5046666204 24.8591821943 23.0855743889 24.3680808481 25.4342973151 23.8550394935 23.3758684557 23.1615095149 23.4374832315 25.1983119197 24.6787973968 24.5938334795 24.3187423797 26.5793061538 23.0451836458 27.1934898987 26.5787747806
23.5444666088 26.5940102887 25.7369165438 24.7688694527 26.895099615 24.3455831075 23.8332414142 25.1730333845 26.2405941799 23.1007791566 25.9065427806 24.2670170756 26.867408987 25.626635847 24.8691893474 24.0502304816 23.7218159698 23.0090823087 25.1729277537 27.1299759025 24.8381929139 26.5323161867 26.862654707 26.0900617687 26.1434161118 23.113640643 24.916526258 23.1673845477 25.1553130417 26.9655660494 25.3744360098 24.253554535 26.0707695467 26.9066832621 24.06166769 23.1359446719 24.0988832842 23.4061880885 26.9392542787 26.411116131 24.9009086584 24.9750065912 23.5856361962 24.048566643 25.2821122568 24.8839277872 24.1668377254 27.1008564675 23.9588278816 24.587784769 26.7085735349 23.8866339647 26.9189829753 23.8330822499 24.3800618094 23.1235664021 23.4987559323
25.424909608 26.682603568 27.1954393188 26.9178706086 26.1671825275 25.1805883085 23.5534678074 26.1949223085 26.3848332821 26.3434845274 25.5494007603 25.9871624473 26.4992799133 25.6454338497 23.6204286368 26.8482313529 23.576922211 23.878371059 24.109835788 23.2837503561 25.3090910913 23.4516922858 26.4053004536 23.0294116638 24.722730652 27.2060596361 26.7016972654 25.1978953184 23.1516471045 26.1211049523 23.1833354505 26.1388545072 23.1639299119 23.4917248343 23.7033925915 23.9294656633 25.8749936137 26.5827611819 24.5540573429 23.7192319712 23.5075307851 26.6637877967 24.7625356776 25.0465343334 23.1688845895 26.0077685139 24.4551534339 23.3330211532 25.2718425702 24.4032650344 26.7708173046 23.8866691965 26.0531929322 25.8732469166 24.9013655314 24.5371978704 23.3724057179
24.5036980327 23.5036598976 23.2695177046 24.1216642951 26.9152504603 24.4768749758 26.9390547427 27.1004004188 24.5496361262 25.3876565922 26.9415471305 23.1529730085 23.6972966657 24.2678141421 25.065988156 24.1066635558 23.5666865606 26.7287270578 27.2011356985 23.3326768686 26.5812806754 23.8247221884 23.6274268928 23.570104075 24.3083671918 24.6478761983 24.2136750293 24.0198891573 25.0792998208 26.6443417862 26.9011292862 26.445997809 24.1155292879 25.7500281014 24.877755023 25.1993717626 23.2648509544 26.3131320578 25.2240245078 24.8587590245 23.3378565385 23.5080373787 24.3959422649 24.3375556663 23.2077418834 23.1964864095 23.8469467238 25.7573096412 57.7626562203 26.7509548631 24.7332281073 26.1974705862 26.7959473201 26.9565279836 24.8602657757 26.9754366122 25.6408081965
26.1915060262 26.4769256112 26.8880856537 24.4355012119 23.101784175 26.2403759013 26.5026741685 23.601767677 24.3753506102 23.2504156612 25.8784920134 26.7224417368 23.1416294294 26.9442527205 26.2783125403 24.2681869052 23.5428865707 23.8598075293 26.982877718 25.3326440454 26.9981427645 25.5671610389 23.6403525029 26.7534063311 26.8287802497 23.1074013669 26.9229958599 26.1231445376 23.5100647858 23.8513422449 26.4722767988 23.7477362639 24.0871871387 24.1517014401 26.5597042905 23.0402118133 25.0479937691 24.8284315896 24.1142776321 24.8874357026 23.0166977069 23.2589718096 26.0534643651 24.9009079072 24.8766774682 24.5815286437 25.6958576902 23.8046752361 25.3011437922 26.7323838058 24.9643220342 25.7656515476 25.0299528554 26.3480240481 23.2046872101 23.7568807356 25.5952719285
26.7535671258 25.1978595895 26.2726182935 25.1201569801 23.1417798901 23.3548252778 24.4119785537 25.9186066092 24.098779302 24.4020959683 23.9971105495 26.7360429679 26.9599918582 24.9421933641 27.0531231505 24.6000514053 26.3811838756 25.56778925 26.3347338311 23.9078755652 25.6421361932 25.8911163489 25.7012891349 26.9157788945 26.8922569119 23.667890464 24.6702073442 26.5296855797 24.1456325495 24.1278045475 23.8998409076 26.3593887504 25.5605233385 23.855026179 27.1385048418 24.1118496013 24.7675049137 23.6790695554 26.6151574993 25.8030236688 25.9148121496 23.2020571895 23.9415633435 23.0086880086 24.5337829182 25.0753415729 24.8204182055 26.5323715929 26.1179907109 26.3837184042 26.6881413044 24.9318924393 24.8616865865 25.5767244636 26.2210077519 26.0930969454 23.869536108
26.1423207208 23.1892936842 26.7783657939 23.8540904479 25.3780130992 26.5599254323 23.5150299621 26.8469401973 24.7926965423 24.5546399441 23.4361801479 24.848978437 25.6251969872 24.1791282936 24.3979203376 27.1945710707 23.4935354404 26.083667653 26.0396379225 24.7621385272 24.215250195 25.5682775463 26.4444207836 27.1001821735 25.1950791063 24.6381149602 26.3403417782 25.6757684734 23.3716263575 23.9091487273 26.2962024724 26.7970793595 24.9761114311 24.5008573117 23.7478081234 25.6718484747 24.3988479017 26.2102280168 26.7537513687 26.0064867537 24.3962942849 25.3230924319 24.5174111856 25.9133729704 23.3399798617 26.6199163638 23.0629947502 25.997814986 23.6204427393 26.2607864562 23.6894958079 23.2638589623 23.4238496626 25.0774033984 25.1773853657 27.2078138161 26.9942238433
26.6885660857 23.1586713768 25.8923338928 23.5744343949 23.7123150268 24.2859365855 23.7253728257 50.4903966685 23.8788596988 24.7392050704 24.1649287609 52.2026557167 23.2546117142 23.5173817019 27.0039830689 25.0806671817 24.5048688728 23.9505943771 25.4412743704 26.8754826856 24.0860048728 25.5103812628 25.0104367631 24.7760031199 25.5846876584 24.4329113692 26.9080529111 24.3529509392 25.0643397538 26.8028740035 27.1449511855 26.3420991193 23.3803631319 24.7117268417 26.5415804424 26.7402137302 26.1604739231 24.5490656941 25.7512877158 23.0681189609 23.3884140217 23.7590937944 23.282744174 26.850158611 26.9651577332 23.108824321 24.9823091283 23.7511539548 25.1265025986 23.7397041619 25.7676880443 25.4050559458 25.618685458 23.6208305331 24.6852909969 27.2272098751 23.5181077795
23.5195293919 26.9196043711 25.1592500715 24.7197052414 26.6019166772 23.6800376913 26.2853554769 23.2592295252 23.3679423622 23.320413542 52.2026557167 52.2026557167 52.2026557167 26.3903125021 23.1906005958 23.8598953169 23.7482035166 23.4967114169 27.1233357322 23.8645885526 24.8805459533 26.6422281652 25.9461070071 26.533654534 26.6669938161 26.2796460057 23.1581246545 26.9603486833 23.038466951 25.1402023103 26.2589779787 25.5212628946 26.6201553434 24.6020309131 25.085391778 24.8917815636 26.5725465069 24.8400989735 23.8416499527 23.8162989557 24.1100559674 23.0412269175 23.1840684013 25.4718055513 25.629640348 24.0384344954 23.9011568471 25.6066792128 26.6353260882 24.6542651081 26.2963365552 24.6438671327 23.5120264078 25.6841388185 25.1951934128 23.7739780803 25.7461160596
