Spatial_Output/DEC/DEC_1093.asc
NCOLS 155
NROWS 192
XLLCORNER 196307.867259
YLLCORNER 449144.565805
CELLSIZE 33.573938
NODATA_VALUE NaN
[rows 130 to 155 of 192, columns 57 to 113 of 155]
28.5572110415 28.771385482 29.7487569077 30.7830117616 31.4207797297 29.6122092756 30.5279715766 31.9549302949 28.5853388922 31.6329352039 29.3491275306 28.9481335883 29.6142345458 30.5863124846 31.0614566035 30.2235436367 32.0199405843 31.3819444495 31.4835051764 31.152001303 31.3956130426 30.3518403847 31.1608268159 31.2697602333 30.1660685813 29.0629510516 31.4655446962 29.3431904574 29.5573405494 30.7896407422 30.3514013349 28.8958517781 30.2168768605 30.7777791161 31.4072738433 31.060717191 29.1750633175 30.0958143078 31.6938419489 28.7024052656 30.4089419352 29.3862833456 29.8217240721 28.883076527 31.1720427953 29.6498707992 31.1358729345 30.1133941922 28.9423323415 31.7258667566 31.9650613569 29.5567857678 30.1590313227 31.2273483931 30.5472345547 31.7652456618 28.5122035556
31.091353623 31.7975734926 29.4707930632 29.708297373 30.8786924601 29.1197929199 29.0142432687 31.7238837983 28.7823756059 31.8847699196 30.2739523892 29.5103370732 30.6953357478 29.6133498278 29.2508034296 31.3276872164 31.7832908743 29.7414244222 30.5166695934 31.2779898826 28.6775256149 31.9513826022 31.1602379342 28.9150648719 31.6278611415 29.1064199793 31.4011769003 28.7179887351 30.4693407311 29.9540926963 31.2084183655 31.6072624698 29.7353783635 28.54318669 28.6941887281 30.7120021008 29.1859394962 31.120506051 29.8606554588 28.9943476899 29.0205809183 30.7610793648 28.8190437706 29.905640983 31.9306864133 30.1607082889 30.7393667389 31.4036047777 28.796783568 31.7220564364 29.653074035 31.4252484167 31.1318775104 30.6211961469 30.6287987307 31.7184203011 28.5969205732
31.947869698 31.6019366156 28.8539429414 30.7959468481 28.705204443 29.8436599498 28.6409093538 28.5091520657 31.8756237317 28.7816767129 31.7244358881 28.8274691054 29.8489615983 31.752798576 29.7026009469 31.2099499132 28.6274106019 29.135254317 28.8630605565 31.8268874536 30.3543330551 31.4634796265 29.6710018817 30.5691627946 28.8244534525 30.4055996552 31.9273252402 30.3610256546 29.4576376096 30.6514955135 30.6440118436 31.445955272 30.3479501631 30.486030649 31.8080713276 30.4892184728 28.558217533 29.8123109185 31.7709931345 30.0914428565 29.3886432217 29.7698626527 31.9788255822 30.2200388103 29.0272526213 29.5219169287 30.4693831323 30.0089222331 28.631318874 30.9959567009 28.943379381 31.924684902 29.5908046504 30.4915643814 31.3663371248 29.0103027092 29.1900931455
31.0185805269 31.0984586742 31.6092325204 30.0036276369 29.8748492289 30.7051954854 30.6370254337 29.1262431583 29.1048242169 31.0800602077 28.7154983223 31.845726805 31.1863063091 28.5210053611 30.4863527784 29.7764195389 31.1319717585 30.1527208607 29.2937120232 29.3733625422 31.7532328149 30.3905001815 31.2291655491 28.8521571599 30.5797415749 31.1345110934 29.8154337998 28.9385481008 30.6416194121 31.4097239403 31.6350230341 29.6105137106 30.8556084814 30.4075424469 30.0473482537 29.0758565837 30.2498932837 30.376036897 31.0079309109 30.3383764225 30.479741441 31.4648356377 31.6995736056 29.5203938059 29.75059312 29.9975891573 29.9149845769 28.5304263237 29.0851734426 29.563021673 29.2342608389 30.1460391509 29.8679930039 29.5380594035 31.4179139846 30.0329722229 29.5705145919
31.0976925016 30.2708734551 32.012014036 30.1182445378 31.339742719 31.2661335039 29.954768757 29.0082340676 29.184150811 29.613802296 30.1532649267 28.6445741494 29.9714350951 29.5766722755 30.3684287051 31.7373632518 31.8431522472 31.6641891676 31.174144156 31.5533422907 31.2259014831 31.3961926464 28.5453521011 30.3153532416 28.9943666878 29.7624390673 29.5359356753 30.2254513379 29.4094743516 30.2415800377 31.9594258383 29.1279040534 30.836924942 30.3965323629 29.3243402118 30.473283227 31.4963900496 31.4744804444 30.5821208655 30.685796877 28.6592228315 29.6819328405 28.8773876721 28.8020225093 30.4797931471 30.8904627844 29.8681845762 28.9949276192 30.2747170285 31.0555824096 29.9809589574 30.100706263 29.148184926 31.0173623218 31.3295043117 31.0140473169 31.8110381223
29.9869160739 31.5135498868 31.2627971735 29.1997168057 30.680877152 29.5070769967 31.5705155769 31.9677759164 31.7689492378 29.5432349565 29.4812618712 31.2109427928 29.6795189311 30.6436938679 28.8709335395 29.0225865329 31.9688174971 28.9704660684 28.7016818972 29.6498297143 29.3955327944 29.5964707381 30.696457135 30.2138199094 29.5387645044 31.5694651723 31.7841618679 29.638716225 29.0717158137 30.33455664 29.6283244076 29.505339344 28.7354754769 31.7676450893 31.1672866637 29.2384413926 30.2859846502 30.6831490029 29.4285400319 30.8388094778 31.5486530404 30.8099855996 31.8513287178 30.9849536823 31.0233148407 31.4950226816 31.2104028391 31.0985428804 30.3360120858 28.5689696047 28.5658467319 29.4177964467 29.0287092721 30.1228329912 28.5288557133 30.6568288461 31.0411327041
31.2112532664 29.9897747385 29.3360687681 29.6697695662 28.9892212275 29.1920709689 29.3519973542 31.4361092735 30.0343488387 30.9609172988 30.2696554755 31.8959922458 28.9732172687 29.8404139138 30.9902804183 30.485594012 29.0979610209 29.28758063 31.6325547994 31.145981089 28.9252558013 29.7499930028 30.6083549805 31.2157954225 29.110512124 28.8697737743 29.7109644761 30.3944645998 28.9487087939 29.5240081169 31.9402188314 31.4712921157 31.6558265017 28.8621785516 28.6050425895 31.8853747286 29.6681496455 29.6262880555 30.8541771839 31.1582570506 30.625083638 28.6753514139 31.686537058 28.5506904092 30.9476801207 31.3404818078 29.9340180747 30.8788105496 31.5669668171 30.6587084558 29.247765294 30.6299145709 28.8287469002 29.8644239917 31.5355256452 30.7518882157 31.038230644
30.6168873131 31.9024096929 30.5239800357 30.6731723932 30.8595262499 30.7530341968 31.7071366601 31.9070481286 29.4069211669 28.7231743389 31.8571271856 28.5558039427 29.9962809222 30.2089190517 29.2257110971 31.6671625359 30.2605241996 31.0874215877 28.5964921439 31.7603379323 28.5687428646 29.394811321 29.409812519 29.2963702822 29.5342536139 31.1827196293 31.9222159895 30.3091566137 31.8023404822 30.6228658245 28.9342494203 29.8861559131 31.9108718035 28.9384595665 28.9767916028 31.6102580443 31.019426793 30.9251713198 30.8533921968 28.6307484264 31.2183949723 29.683027957 29.41421847 31.6726256977 29.3888796461 31.2618624285 28.8128876392 31.0830993322 28.7139881324 31.1673169746 29.9019173068 29.0914668299 31.6963415531 30.644123431 31.9109165785 31.4170226132 28.7208176112
31.3498608422 28.6668041339 29.9324732328 31.6775241003 29.4963524384 30.348603423 29.8126076027 30.9393046989 31.3558614054 30.0427893323 31.5447824235 28.5844159855 29.036456235 29.4580978528 28.5388006302 28.6090776105 30.159818559 31.1608894995 31.7879451737 31.2082684527 29.8977376808 31.6982540313 31.5210240546 29.1031797798 31.7130804447 29.5177268534 29.6012111767 29.7139042057 30.6368164435 31.6098985193 29.3893099863 29.0916886628 30.7192618753 31.6322633253 31.0402056446 29.0826317767 30.2632027628 30.9866673006 30.1131554616 31.9399756811 29.3905196978 31.5456912843 31.8024034093 30.8150908997 29.5024769704 31.462805166 30.8342194552 29.7085385434 29.18027124 30.6642742129 31.7350219032 28.5902771387 31.2041487245 29.2321793294 30.5698033763 29.3345767121 28.5973408713
31.9639285387 30.3723491753 30.0637306069 31.8043235269 29.6421765967 31.6618685707 29.9584405722 28.9220488814 29.2788559811 31.6381964553 31.8166590907 30.4809886182 31.3572060059 31.3907641488 31.2248501546 29.1968320934 29.5626635782 28.6912566116 30.9163482397 29.72001745 31.7307886751 29.5516758914 29.1512041054 31.3840872849 29.8464010794 31.1314730867 28.9521452761 29.5374976844 31.588367767 31.0278115223 29.8480137918 29.6244316075 29.4712572954 28.9713005952 30.548692601 28.9986894412 28.5352655546 29.3245967572 30.385399952 28.5707226167 28.9278660882 30.7247274808 28.8968268316 31.7963310927 29.9829273721 29.7100106148 31.1123744406 30.9767577554 29.9403236722 30.7074510095 28.9402643311 30.748951084 29.538002259 31.9220956578 31.4479358765 31.0785050868 31.8495752558
31.8808128239 31.9316862624 29.0221341795 28.8507762819 30.9273216928 30.7666894289 29.3565942656 29.3785640456 29.8096249557 30.1154026303 28.6490214032 30.0072984801 31.8513773744 31.2215857027 28.5141099371 28.7279838509 28.8355528525 31.8372348327 31.9760911041 31.8757516537 31.9165924735 30.1557542685 31.9541838855 31.9301289462 28.9742705691 30.038256258 30.861406944 30.1168331012 31.6856336481 31.2715229218 30.7218123842 30.2891156099 31.9974191647 30.4237544877 29.7682009155 29.755924403 31.9404953304 30.1579418121 30.1336623946 32.0101572027 28.6980385557 31.9462647467 31.4207600516 31.6155256754 31.0993082958 31.5113788704 31.7971797771 28.5417050506 28.6027139936 30.3316329173 29.8320272291 31.9255869357 28.5259883004 30.9638870908 29.284646906 29.871778966 30.69371909
29.2121907418 29.7899829769 30.7980476939 30.9294349681 31.456717109 31.8904323338 31.8591751549 29.8783784351 31.1476446327 29.053056664 28.6961806661 29.7720751281 30.4713908241 29.4918672672 28.7322066824 31.1575566491 29.4556997508 29.3447780968 30.7222055589 30.573003414 28.8182230001 30.6383992015 31.7315319216 31.9926548196 29.6483296036 29.2741157393 29.5202176018 30.3150370286 31.1615188491 30.4183964254 29.6752454287 31.0261056091 30.0821760468 30.7363277153 30.8829793354 31.9051043221 30.8144401476 31.5251198411 28.8001959413 31.8330761415 28.5626189201 29.8071927506 30.386960724 29.4248104844 31.8446511959 31.2950481288 29.2204094539 28.8722493236 28.7843961761 31.2068854652 28.5176302295 30.1273606536 28.7060282121 30.8714665997 30.7781748065 31.7251260733 30.7060967696
29.990156042 30.2095518445 29.8141631364 30.8891399893 30.5959608342 28.9159900332 28.8523423849 29.036929034 29.6972046464 28.7651615575 31.553378884 29.1491389156 30.2030743055 28.5022944983 30.5622821673 31.7685181128 31.2874637981 29.3826480255 28.6937195661 30.8354542228 30.6935211965 31.1357686647 30.1417453293 28.5280374448 31.3800382016 30.9672552878 30.2969839397 29.0812970659 31.7360740481 29.5693773381 31.3495174099 30.8603841427 30.7688430393 31.7961819248 30.7336379698 29.2830489569 29.9422046849 31.6117697818 29.7580152971 31.7727364605 30.4899429083 31.0861951016 30.8990288854 30.6963738234 30.0208168299 30.7280105357 28.7167672742 31.0702923297 31.715486861 31.9722251451 29.2242335114 31.1029847678 28.8003815899 30.697424542 31.0235885338 30.0362286844 29.3968751998
29.806137837 30.5371652397 30.6321085567 29.7129949937 31.7716830698 29.527260466 29.1110119294 29.9512198106 29.0829418798 31.4091138263 30.304513239 30.2897055472 31.8856488162 31.8971718541 30.7672623876 30.2832774981 30.8160515039 30.2028506284 29.1272399292 29.8635648695 30.4955558848 30.6280414434 31.1183749767 31.2994871681 30.1668622841 29.6371453114 29.200861366 31.9358656236 29.0823431617 30.4809528949 29.3581809869 30.7719969097 29.6870592047 29.0124073867 29.6605698917 29.1725224917 31.8436646252 30.4252577359 31.333417985 31.7656625167 30.8500580201 31.066543604 31.5978014369 31.8507924229 30.9490495324 29.681274852 30.3501046918 30.1621111193 30.3869504702 29.5144591525 28.9563816974 28.9428845685 31.7273419617 31.5038833558 31.669231494 31.0909513535 31.5224896386
29.6265479589 30.9553935439 28.825609618 29.1972482073 31.8237178851 29.2483197638 29.0398466218 31.1493848845 30.1394502705 31.1185855146 28.7971431841 29.7900891451 30.7929473688 30.3249958412 30.404696996 29.119144281 30.6787198231 31.4331716438 30.7957370468 31.4773813417 30.8943594011 30.219910661 30.9051465687 30.3957647602 31.6796166027 29.5822710847 30.6794750794 29.5267035809 31.0050029794 31.1154157538 30.3814050282 30.4445270915 30.6073870918 31.7696778099 30.5731568618 31.430855312 30.8923401378 31.6129665498 31.0677776915 31.0965924772 30.5782905427 30.8491561753 29.3653913194 30.9893427684 29.6502374192 28.8417054043 31.5056730801 29.8103424135 29.1348457599 29.5997467825 29.561609074 29.9742218682 30.4239222918 30.1086666479 28.5570860863 31.5503957494 31.2963744879
30.3945824358 31.8822586308 31.2794612353 29.7222247824 30.2861538081 31.2806955644 31.8523347014 31.0875804935 30.4408795034 31.6407583686 30.7362395246 28.5065888236 28.9114712743 30.3345742345 30.2818752403 31.590877775 29.5468467847 31.6990718348 31.9364408349 29.6288433357 30.2122585817 29.4105127225 31.6822161536 30.2813324608 31.4653935595 29.2636611849 30.0420149983 30.7866814485 29.3595297476 29.5826646095 28.7560612188 30.2368736135 30.902870396 30.1425496556 29.8637273078 30.9205712469 31.3255991668 31.6722208301 31.2870524068 28.5500365677 30.9194713147 31.7463230516 29.08325797 28.5786388875 31.7968662957 30.6634829755 29.1512178149 31.1666389042 29.9183284221 29.7149922408 30.8596275576 30.9636747413 29.4089633914 30.4445570071 31.8492283603 30.7187951301 31.3090223925
29.2271204122 29.4503089161 31.8619525538 31.4823471057 29.2764757596 30.8657874738 30.2426332609 30.8080092254 31.3158819071 31.4904002439 30.5306691643 29.664439586 28.547160923 31.1058467222 31.2935062306 31.2355202022 29.7024443628 30.4156823294 28.7404138795 28.5419691946 30.5375448846 28.6722784821 29.0703107885 30.4121204439 29.0396639114 29.7062856838 31.0757774523 30.2944541837 28.9239600072 30.6984915397 30.458575273 30.0898255431 31.3668068666 29.4180694089 31.0958563154 29.4734374709 31.2711331149 31.1913561376 30.4508127567 29.9661758664 30.8541299547 31.661552577 30.4011067248 31.8556647829 30.7500490321 30.6776461572 31.6669292007 30.9294570988 31.0752272512 28.5364351721 29.6300814396 31.8581659148 30.6633387726 28.6388860935 31.2357634069 30.2013980493 31.8492026301
30.218655691 31.6865135959 31.4663780033 29.4490682264 29.2468197934 28.5010205793 29.1602126304 31.9384487672 28.7131041947 28.7269043526 29.4952176103 28.696893956 29.6271449523 29.1065462401 29.0163814097 29.3373053687 30.1061906652 31.682742892 31.7769893997 29.8735221345 31.3393682644 30.1780600605 30.2641019637 31.6230396133 30.7033928653 31.5174296654 30.3268575615 30.8388584115 30.6353468599 31.3289085747 30.0421406844 30.4542367286 28.5358089274 29.9530567076 32.0290931483 31.9906415019 29.1504083764 31.2959777548 28.6998572796 31.0546657085 31.571034038 29.8097074357 29.1282251108 30.6181174284 29.8486266165 29.0161035468 29.7049618579 29.558973889 30.5721381032 29.0831494509 29.9091729898 29.4990100397 28.6851330432 28.623336397 28.6190962923 31.2826137648 29.1917422237
29.9271313111 29.5595012347 29.1808503152 29.4599741594 29.1489663461 31.5066020028 29.1844623958 31.5767545506 29.2689329487 29.3241558354 29.0050258596 31.9412658658 31.6090029013 31.3986603593 29.6330056597 30.7096508282 31.8915559607 30.8969854731 31.8099536328 29.8844888446 29.4331045551 29.3814457586 29.615850082 31.2818641412 31.6889801901 30.1513364308 30.4016519 29.8638716661 29.6212817888 30.6631741065 30.1899045847 29.3141689882 29.751726852 28.8178717136 29.7861742275 29.1697905799 29.6907741726 29.8791218048 30.8523711569 29.2233203768 30.2212516073 31.6981754328 31.4409590177 30.2278307289 29.7764765431 28.5371906592 30.9415211002 28.6628483221 29.2908710624 31.2369713307 29.953269442 29.8633210593 30.1648896115 31.6016667387 31.1444311952 31.1351210536 29.57923171
31.236350282 31.4689516982 29.2072074766 30.6765832458 31.6198822554 31.7908292982 31.7808581458 29.8964488648 31.7168281391 30.9933408417 30.0907506566 29.5668620439 29.7545781337 29.3888302501 30.164650629 30.8956870769 31.1274708646 30.3052598583 31.3140612028 31.9055201956 31.4210891295 30.5237531634 31.5141965207 30.6765663905 30.0175945445 29.49222131 29.1703143327 28.8874830804 30.1321548703 30.776807633 31.163352406 30.9703344758 30.076158884 29.9479748518 29.6959265085 29.1218138094 29.7761630865 30.9108850391 30.0980890081 29.589965742 29.700616304 28.9864776026 29.2141706295 30.2963298913 28.8702816559 30.8781553318 30.1794227654 29.7794766815 30.1208085981 28.9174440897 28.6988693981 31.6623943429 29.5239310542 31.0255050619 29.4746723306 28.7085522299 30.9369633239
30.0522697311 31.3234103764 30.1150325961 29.3239601467 29.7099249604 30.6047330427 31.801855644 30.9780595102 24.9946331631 23.4345699709 25.217558082 29.4501995221 29.9707351128 28.5821413425 29.4150752355 31.5939754433 30.4969950239 30.4158417679 29.4301366078 29.3338184236 30.1684675625 28.5137243084 29.3901349537 31.5525821148 31.0630731822 31.3568823584 31.5190317404 29.8975050656 30.3911628736 28.8678616642 31.5312145708 31.0077692303 28.680669635 32.0317288201 29.495206099 28.713812406 30.5141751481 31.9987660214 29.8740218604 29.7261243705 30.2237820829 29.5818866038 29.1595552996 29.9298565624 30.5436278414 30.5216207929 31.2282970901 29.4623159924 31.1181410241 30.6107272925 29.0910021639 31.0871008114 29.4798497936 31.9536759035 28.5226391607 28.5494921118 28.6544415424
0 29.364442424 31.9787659079 29.3712404732 30.2998593656 29.9587782308 31.5478461974 30.7651656767 19.145625012 21.0575944313 11.8207023332 29.2948509349 30.2501437887 29.337457638 28.5270417638 28.5039348543 29.4688069605 31.1409396617 30.6013642556 29.9105304494 31.6785195095 30.9175585858 31.3981267526 29.9612786531 30.9800647106 31.2066629426 30.6765132547 29.8910774299 30.5683129742 29.5201061509 29.7709622725 28.587097334 31.2928828764 31.2627976689 29.178797436 30.8122147639 28.7464297493 29.7160638397 29.4734454693 28.5461979798 29.9451303158 31.2665609346 28.9920939772 31.4514530423 30.2711629993 30.7548688029 31.2595370621 29.8709224136 31.3783661394 30.510552211 30.9746697603 29.4951298547 29.6675255644 28.8986435476 31.4771733957 31.2534251231 28.7742643478
0 0 0 0 29.9162195542 29.748807624 31.1068397723 30.8416115043 21.2916795025 29.5515529542 23.6881497391 29.0033134366 29.2414204254 31.191872096 29.3248358992 30.6415852511 29.0862969646 30.3346837457 30.8527430421 31.0111346773 30.4381044462 31.2976106635 29.5116406271 31.8539724041 31.4578302948 30.564358826 29.6512436166 28.9392439431 29.4278375357 30.0699714062 31.9150214672 29.8001950338 29.4505740911 29.5282115678 30.7496181123 30.6222800782 28.8635426692 30.9533691777 30.190914523 28.7652063868 30.5844831524 31.3269357634 31.7218204132 30.4081864069 30.4369425638 31.900383361 30.9519144741 29.7264404516 30.9068923023 29.3093867242 31.8663195302 28.7972102506 30.8375807432 29.6161064327 30.7150062118 29.4594038087 31.3809591971
0 0 0 0 0 0 29.8527537203 29.8261130328 28.7682276697 31.3005572119 30.3662967025 31.2159073323 30.0512934619 28.9089266473 31.5082465897 31.1180332892 31.1695006052 31.5501737946 29.9546321297 31.852028902 30.5354516861 31.3082738236 28.9164991428 29.4786497624 31.4108162229 29.0315417169 29.8697889274 30.0728059388 31.8043103176 30.524096594 30.4844420855 31.9842943551 31.6251959313 29.0631961529 28.592007501 31.5384191783 31.339739815 30.5940196723 31.0633938058 30.5575343482 28.5802124955 30.1698862772 31.9049818855 28.8950345542 31.7082196188 31.2122136723 30.4963627128 29.1227388469 28.6984357229 29.71643044 30.9589495527 28.8281446993 31.0790935168 30.8547082257 31.2050750523 28.9777103686 29.7455653466
0 0 0 0 0 0 0 0 0 29.8308482459 28.7483377816 28.7677777849 29.5461597454 30.03852206 0 0 32.0228896221 28.657924429 29.6951346231 31.793450842 31.282930691 30.2653483071 29.5647712872 28.6113788667 31.2745937603 31.0759856334 29.2167131186 32.0298725415 30.2216375788 30.1541043832 31.597268942 31.5734266718 29.9707673869 29.5230228175 28.6358689584 29.3907824077 30.162764613 30.8446296245 30.6317495184 31.008665956 30.7148133294 29.2009883167 30.7239205075 30.9709292653 31.683465058 31.3216510543 29.9436517584 31.4700832984 29.2837595148 32.0202997145 31.2239739618 29.3465893061 30.4514206539 31.5293880823 31.4020754351 31.8223843463 29.2210518769
0 0 0 0 0 0 0 0 0 0 0 0 0 0 0 0 31.6389803924 28.9317737118 31.9326690967 31.7183051404 31.2344663901 29.7347088237 31.3249004696 30.4538728782 31.8232515141 29.0308713954 31.6486566375 29.5097146664 30.3641061812 29.7605961597 28.871754869 28.8762962445 29.1888928282 30.0655376717 30.3445028807 28.5035768278 30.12922629 28.8094254922 30.7474044979 28.994757497 28.9389735478 31.8984298138 29.3104972429 30.5899497076 29.3448026875 30.2944721617 31.219614682 29.5527625217 31.2829507252 31.2726451822 30.462895834 31.6924800735 31.0393387774 29.755800984 29.245186309 29.6086799331 31.5977172615
