Spatial_Output/90% DEC/90DEC_0961.asc
NCOLS 155
NROWS 192
XLLCORNER 196769.923733
YLLCORNER 449719.875193
CELLSIZE 27.603701
NODATA_VALUE NaN
[rows 92 to 114 of 192, columns 0 to 52 of 155]
0 0 0 0 0 0 0 24.4664254079 23.6664989647 23.8037594945 25.5595893143 25.5022965037 24.6441719298 23.5851181588 24.8058075258 24.0409887471 24.1326127395 24.6497435632 25.0819223011 23.896397241 25.3101370861 25.1802510729 24.8646660972 23.6820868733 24.7380961429 25.2584779149 24.8512217508 25.1411276301 24.8453671689 23.6649015899 24.0838621201 25.4407693697 23.7458629443 24.7802144027 24.6568437616 25.3493572164 24.8257622948 24.6979276448 23.7631224145 23.9923546685 25.4698820805 23.5894970107 24.4080357628 23.7685351452 24.1575572346 24.4113269565 24.0125235633 24.5915059415 23.6337727262 24.2714836317 25.5475255055 25.5728600698 25.5056214438
0 0 0 0 0 0 0 0 24.9704408242 24.5796843317 24.1543681843 25.5471849184 24.0296399441 25.2444836369 24.7234261993 23.7020781683 24.6438495895 23.7596672768 24.2057643082 25.1384785571 25.3283955949 24.4816854352 23.9014635867 25.4698379937 23.9487926375 25.1997182015 25.1859323167 24.17602318 25.1971053963 25.5139883263 25.5789534198 24.9203256984 24.055982702 24.6957274861 23.7494801468 24.2237480607 24.4634948422 24.0162312255 25.4759840811 24.2873971929 23.6583006531 25.5803691873 23.8742807261 23.7713070256 25.4685156782 24.5465280493 24.5514417199 24.3040488148 23.5491681032 24.1314949189 23.57133212 24.361889493 23.7538861573
0 0 0 0 0 0 0 0 0 0 23.9196380392 24.8425900235 24.6146163883 23.6914588819 25.3891483467 24.4003540877 25.0173012642 25.2146421621 24.9519631979 24.0800423223 24.408194109 24.5845149879 23.8857718978 25.207895172 23.6864487186 23.6798961652 24.2636222256 23.8243291799 24.3071720276 24.5817613558 23.8206187883 23.9527264966 25.6139207998 24.4022129607 23.7102902188 23.500488067 23.6818319768 24.4571231071 24.850981422 23.7912415406 23.6253996522 24.2155629255 24.0648825192 24.3693052336 24.3363943245 24.9182635291 24.8019159152 23.9685238013 24.7234345816 23.8802042179 24.9452988995 25.2444152825 25.5915570966
0 0 0 0 0 0 0 0 0 0 25.477462697 24.9076526605 25.1469300003 24.9764949401 25.5404491536 25.0874589786 23.5895492293 25.1567476983 24.9150994416 24.1049488765 24.5973678744 25.1728818079 24.4825446896 25.5599713642 23.6364720825 24.7249113434 25.5168771123 25.4015591878 25.6205335041 24.0874354212 23.5519623055 24.9270845529 24.7660509451 25.0044124084 23.7101606129 23.861069319 23.9973372165 25.1087937459 24.1939884037 25.3183156305 25.0357660159 24.0884684687 24.2172480616 23.6947852491 23.951877925 24.5952178621 23.8081740481 25.4091525109 24.0274488925 24.0302591769 23.6563625229 23.7413857799 24.9700609445
0 0 0 0 0 0 0 0 0 0 24.6750290916 24.4801785959 24.1332290731 25.0093258025 24.3718016992 23.7509285056 23.8264286527 23.968119244 24.3331439715 23.832559742 24.8927325736 24.1994698151 25.5771251017 25.0276525481 25.0222913128 25.1329670147 25.6164062248 25.127793313 25.3735833447 24.5945044847 25.452283586 24.4655993013 23.6546290607 25.5565138328 25.6211734512 25.4293125964 24.2003515473 24.2033080377 24.0497608881 24.7110159401 25.4207638876 24.8225580899 25.3707538427 24.7322527327 25.3557621775 25.146384236 25.3231632717 24.0258506275 24.7394919816 25.4511638333 24.9587265302 24.8090434929 25.0380970429
0 0 0 0 0 0 0 0 24.6248135112 24.6323240634 23.799958705 24.9028078363 24.8197854199 24.7422065778 25.1309228238 24.1519332365 23.8779279186 24.5914267986 23.6511129971 24.4436097928 24.3147337821 23.8420086011 24.517441418 25.5419314327 23.7388291753 24.8123919985 25.3834739218 23.7410884404 23.5747319983 25.3241015473 24.8539701227 24.102791265 23.7014241814 24.414540719 24.5090300939 24.5999078916 25.2992694109 23.8070926516 25.5067249337 24.080191812 25.3590368409 25.5233837893 25.236487549 24.1936382547 23.9303909264 24.3827050815 25.0840781331 25.0210111198 24.7546944969 23.77171966 23.6833553681 24.377773455 25.5282722933
0 0 0 0 0 0 0 25.5987501334 25.335444275 25.4186250718 24.345563565 24.5329013434 23.9965812611 24.5223564356 23.7772430742 23.6703591314 25.0017034802 23.6094991387 25.341197731 25.613819951 23.6713745043 23.7450968007 24.6444602638 24.9853662074 25.3230499007 25.0482300185 23.8580026497 24.4807093591 24.0416575385 25.1456676271 23.5126126558 24.0802098253 25.4144653336 24.9635167055 24.2690296748 24.8398061622 25.5891721739 23.9554572007 23.8439074102 25.3611450729 23.7555036618 24.0966623948 23.6104990206 24.9442628048 24.927546711 25.3820642989 24.1305184972 25.0410715778 23.5553609321 25.0549095429 25.1540866716 25.2628443265 23.6867772437
0 0 0 0 0 0 0 25.1758870033 24.4409603245 24.0169558049 25.3509626252 24.8590754384 25.3506404153 25.181494874 24.0254094845 23.8891749711 24.575586721 23.9252227489 24.2178611279 24.8718194102 24.6160561542 23.7157823376 24.7140172756 23.5758542745 24.9030598408 24.5910403143 24.6834187435 25.1617703687 24.3032837311 24.0716993933 23.9399495036 24.6925571432 24.3342016526 23.53453037 23.9005124914 24.6765946522 24.2990282502 24.5702997809 25.0334681024 24.6001430585 24.5066623034 23.6015223698 24.5282885523 24.2154033274 23.8484859637 23.5691638423 23.8603870803 24.0090582131 24.317558738 23.8096370143 24.4633022002 25.2953190253 25.4290724817
0 0 0 0 0 0 0 0 23.565076489 24.224552825 24.9418512434 24.9995965253 24.4061058547 23.9345676265 23.6734479369 24.0095210262 24.6069918831 24.8066038832 25.5898907226 23.6750044021 24.1621884986 23.6905749975 24.9160761917 25.4326908776 24.2010502321 25.6186403867 25.221002775 24.1227302561 25.2337704421 23.5177070463 24.231851239 24.0294300862 24.9859064282 23.6043000907 25.586477331 25.5886383118 24.6233209297 24.7656164061 23.7029922542 24.2791960754 24.2324149761 24.2358965515 23.9835297836 24.829820146 23.6875649405 24.5352499522 24.2444290183 24.27713919 24.2050638621 24.2055746548 24.8605587343 24.4713850411 23.8225430909
0 0 0 0 0 0 0 0 0 24.9524629908 24.7510299284 23.7048065777 24.4274757772 25.0520084692 24.4276668693 23.5821884326 25.2194905827 24.8441825136 24.9959391435 23.8276294484 25.464255439 23.6973599829 23.7859477727 23.5691421717 23.8289770435 25.4538908918 24.4177080133 25.2380715294 24.0361733627 25.4492881272 25.4459641292 24.6828207286 23.9730607488 23.9021601802 24.041944358 25.4854402503 24.0073839015 24.067248835 23.5279844805 24.8714828715 23.9412431496 24.8179372585 24.4481551591 23.9081977359 25.2427456475 24.1686458427 24.7615318679 25.5058003938 24.3504721142 25.3348257367 24.2444862312 24.2572929199 24.806634497
0 0 0 0 0 0 0 0 0 0 0 25.3994960134 24.7940271398 25.1448354501 25.547952027 24.7445229312 24.5679934822 25.5203495013 23.8370207058 23.7906136573 24.7114513462 24.9071250534 24.5717901359 25.1325671303 24.4314135681 25.0618877952 24.6815460404 25.0433280843 25.2780674763 24.8231395722 24.117098926 25.3404862339 24.0876554264 23.9857872332 24.0261104765 24.9676290792 25.0918475523 24.5902802261 25.14999071 25.5932597146 25.4856833666 24.7765096603 24.2297754457 24.8054066412 24.8766761488 25.4728714198 24.1895875469 24.0612096266 25.2429381703 24.1648232779 24.4634525009 24.2967100349 23.5654116744
0 0 0 0 0 0 0 0 0 0 0 0 0 0 24.7944083999 25.6062461031 23.9711382978 23.6080466963 25.4045400627 23.6096039487 25.0989143636 23.7561370932 25.2077072372 25.0654019539 24.1409134727 23.6910990928 24.7770482495 24.6960870686 25.5687497046 24.1617907328 24.3873414945 25.1314213603 24.683163032 23.5876037549 25.1472773139 24.3708299673 23.6519493961 24.5495965511 24.5096807112 23.8245482409 23.737503405 23.6618721934 24.8139099985 24.2199550545 25.1242007768 24.2421005967 24.0692043273 25.2588572994 23.5144161915 24.7056505319 24.9682190948 25.4289614208 23.5367337788
0 0 0 0 0 0 0 0 0 0 0 0 0 0 0 25.5942250026 25.2868121198 25.3750968917 24.4434060492 23.5953050096 24.5068523542 23.9392151792 25.1796168664 23.5658220163 25.5108908465 23.9178122143 25.4042141244 23.8580090087 24.626611195 24.3601792353 24.0689910971 24.2118679464 24.5398651645 24.6626361722 24.0352293593 23.6273242586 24.5731590409 24.1774223266 23.9469690234 25.5820878395 24.5876421981 23.6820731692 24.8906793714 25.5586584487 24.8094911429 23.821271318 24.7197322772 24.8606727845 25.1122416064 25.1308134324 24.2729602015 24.5022245108 24.590285352
0 0 0 0 0 0 0 0 0 0 0 0 0 0 0 24.270091907 24.848896853 24.4203460907 24.921036277 23.5608078419 24.4590286796 23.9876564985 24.0232336501 24.3628386102 24.3445978554 24.7422593326 25.5390397897 24.5346298377 25.5633953814 23.6804536564 23.6530138278 24.4988125815 23.7918833132 25.2644946408 24.9293568312 24.6652533412 23.5535585782 24.8838948977 23.5387183393 25.3781753916 24.6068438085 24.0106043096 23.7476394106 25.3336052817 24.0850272937 24.1227269125 24.0970082521 23.9976934922 24.3629208036 25.6027616652 25.4381837005 23.6880373605 23.9168262363
0 0 0 0 0 0 0 0 0 0 0 0 0 0 0 0 24.7420513808 25.0822219976 25.2843395195 24.3569909399 23.5298632187 25.5775419501 24.1001637524 24.3948442166 25.2318725122 25.164252119 24.9097999922 25.5240911817 24.7290671748 23.7238854828 24.2481416324 25.0292022389 25.5271605578 24.4248875803 24.6576914017 25.1651517389 24.1594925658 24.0495229282 25.2017334584 25.4291509516 23.5328019763 23.5629783246 25.0727617835 24.5604236372 25.088226643 24.5291133188 25.04324081 23.9104647201 23.6627015391 25.0267177207 23.9191495039 23.8115593294 24.7744465238
0 0 0 0 0 0 0 0 0 0 0 0 0 0 0 39.3200674344 40.5947762585 38.2992097127 24.0731243091 25.6027015923 23.6319300323 23.9828171093 25.5604766926 24.1344514524 24.8813703976 25.2768696546 24.0323913887 24.330503988 24.383737587 23.7337311607 25.2782676129 23.9894153186 24.0022019709 25.4083317195 24.3858809829 24.5792683165 24.070950017 23.782361514 24.6662760473 25.2907413041 24.058224388 24.2660113983 25.3374224988 23.9409159102 25.4173496741 24.3496884232 24.7127156577 24.1579362335 23.6839833105 24.5122604652 25.0034963395 24.4556418941 25.2407492906
0 0 0 0 0 0 0 0 0 0 0 0 0 0 72.4439560294 36.9286952623 33.7529751363 39.7975056134 24.5514413668 24.507508703 24.1468450697 25.35163226 24.1616932592 25.4204050107 25.3771822558 24.8377990514 24.5254911077 24.4367262562 25.0940131262 24.5115234222 25.2851958486 24.6610461153 23.9472716972 23.8583269101 24.2875233778 24.3424982658 24.7182789673 24.6750470669 23.6927363091 25.2642279739 24.948157048 24.0155543036 23.9650611596 25.2739097776 24.5151554048 23.8533802898 23.5252560502 24.9820741853 25.4332981811 25.2400389406 24.6574531826 24.2363510767 25.1400653969
0 0 0 0 0 0 0 0 0 0 0 0 0 0 0 36.8756637004 35.8511443764 30.3662631104 25.5447201256 24.1939315189 25.3075260153 24.8595853424 24.4307375213 25.1571876105 23.8242684585 25.2875694972 25.6140731931 24.4667512466 23.7588348384 23.8807419649 23.602764415 25.5711618873 23.9966123139 25.5046911624 24.3396957355 24.9384465417 25.2739772491 24.171053207 25.5827100548 24.4204816973 25.3505794783 24.6225573119 25.342235711 24.031754527 24.399698137 24.0407557057 24.4455436138 24.8689393812 24.9336745559 24.9632629662 24.5019950443 24.1198959072 25.5447993229
0 0 0 0 0 0 0 0 0 0 0 0 0 0 0 0 0 24.8468641698 25.2045097371 25.2698760703 23.928996685 23.519031721 24.2415148448 23.5302912038 23.6158634048 24.8593140325 25.406676572 23.6742711688 25.5204020756 25.4345831457 25.4007928656 24.0024711579 24.7996120013 24.7385958284 23.7458140362 25.0415936462 25.0207355893 24.0038273946 24.9663386351 25.3566984102 25.1436835692 23.8664890806 23.7586197859 25.2040122846 24.091324058 23.7965486253 24.6463790868 24.3504998802 25.125000464 23.5707267452 24.2228861787 24.587676289 24.8202419186
0 0 0 0 0 0 0 0 0 0 0 0 0 0 0 0 0 25.039006666 24.7158808146 24.7396160517 25.2909210819 25.2104656624 25.1744389855 25.0993869862 23.8784756394 25.0075074108 24.163291328 23.5899213501 25.120307701 25.4453955562 24.2771561459 25.5964748084 25.1693212112 24.1398481541 23.8778483358 23.6627808961 23.7603446108 24.5832321389 24.5435957551 23.5343604046 25.0361447322 24.4529819725 25.4591622725 25.3267668502 23.6248647934 24.0100932144 24.485711926 23.5456600033 25.5466577586 24.9873743564 24.555652535 24.4898785588 23.7859809463
0 0 0 0 0 0 0 0 0 0 0 0 0 0 0 0 0 0 24.6255383303 23.8029381419 23.836135919 23.8020982138 23.707946374 25.5122786009 25.2057661939 25.4024549692 24.3156456781 23.9775844246 24.612255604 25.4597636646 25.2324102386 25.3445386886 25.2497392016 24.089223539 25.2971080435 24.1609823784 24.5248577689 25.305980555 25.2807392646 25.2433982484 25.3596498511 23.9479026961 25.1640822617 25.3081456165 24.7512241266 24.7405319117 23.8308364219 24.9624124595 24.4713751143 24.8302896391 23.6880281646 25.2513624412 24.8045470356
0 0 0 0 0 0 0 0 0 0 0 0 0 0 0 0 0 0 24.2719285828 24.2272669313 25.4873287284 25.1927689788 24.3306860439 23.7094876715 25.3478595502 24.660182396 23.8925442479 24.2012637728 23.5874463189 24.5922571111 24.7747144622 23.5311714336 23.8269752737 25.3708018028 25.0550492665 24.5652850113 24.5269048081 24.4732277994 24.1696208781 23.7636277089 25.2702976341 24.9721956676 24.630377649 24.1685477441 24.5505063217 25.0822483578 25.3686721841 25.1443350304 24.879064043 25.054432519 23.7281866569 23.8885573636 25.2355141367
0 0 0 0 0 0 0 0 0 0 0 0 0 0 0 0 0 0 0 25.0779527881 24.7241402366 24.6204753846 25.4787270596 23.8115292517 24.9185852509 25.0471241933 25.3447978356 24.6394586024 24.1647540738 24.4353499762 24.6467597353 24.0687077417 23.544341833 24.5472794368 24.0403350379 24.0716888115 23.7067784013 25.2634802055 24.4428480685 24.2875862293 23.6627040552 25.2437936567 24.4302152303 24.4371523739 24.6772563402 24.7657938153 25.3241100137 25.1556939484 25.2930750246 24.0364415218 24.7331861361 24.901945694 25.1957822183
