Spatial_Output/90% DEC/90DEC_0495.asc
NCOLS 155
NROWS 192
XLLCORNER 196769.923733
YLLCORNER 449719.875193
CELLSIZE 27.603701
NODATA_VALUE NaN
[rows 69 to 91 of 192, columns 0 to 52 of 155]
27.9068322885 27.0132699734 27.305100849 27.7161913062 28.3451239277 27.2802831978 27.0444472163 28.3207647283 27.3311921047 27.7374560972 27.8088864812 27.2010257304 27.2622313655 27.3649141875 27.1087729381 27.741690879 27.5130698862 27.333463178 28.0797421887 27.9829530718 27.7061504764 27.2597548005 27.0656365766 27.2881600793 27.3596193715 28.0393780705 27.9619275527 27.2924172764 27.4910744253 27.112544007 27.0095930407 27.4523650527 28.4119958378 28.2372924467 27.0553839977 28.2038680993 28.3484540125 27.330270543 27.072108907 27.4194860598 27.4386092205 28.3054244425 28.2048443708 27.9483719247 27.0926963469 27.681197602 27.1481970602 28.2299087621 27.1871181267 27.8119275176 27.6854983066 27.4820998467 27.0385256251
27.4444805797 27.5110529317 27.6201528514 28.0610358331 27.1399998528 27.5440407307 27.014236474 27.18051394 27.5345436403 27.382836216 27.9208954827 27.5413018689 28.4093120303 28.3078444972 27.0922170257 28.1385847169 28.2982258946 27.0786745403 28.299099217 28.0219843687 27.4500004191 27.1259434223 27.2795709474 27.4313931639 28.0935558174 27.4999718159 27.0847993592 27.3122972564 27.2953413933 27.4835498282 27.0129839656 27.4934605275 28.3312655442 27.563507492 27.0528081198 27.13088035 28.360021048 27.3355387645 27.3793353487 27.6383252863 27.3824129067 27.8685395731 27.0772322666 27.7091884516 27.207433248 28.2005208382 28.1985078729 27.2006860609 27.6453822983 27.9160198155 27.4474407825 27.1605459593 27.3468096697
27.326517262 27.3702766137 27.2907993386 27.7063057081 28.0392976089 27.8949682131 28.1446749588 28.3360324384 28.0893469846 27.05505458 28.3277078168 27.176183969 28.4088102241 27.877141795 27.8399747273 27.8957516434 27.4584569744 27.6981543755 27.4023969085 27.4868371101 28.1946063628 27.5739173233 27.2459682968 27.1680835597 27.3905333133 27.7431957195 27.7336376981 27.8614155312 27.5709840944 27.8663466663 27.9171115125 27.3692648193 27.8888567455 27.6843079555 27.1164735054 28.1486383861 27.2044811986 27.4597210175 27.7654040362 27.9862853311 28.3545708837 28.0813428552 28.2889863655 27.0458333219 27.9756172762 27.8377730673 28.214952542 28.1486330882 27.4076621544 27.9484575549 27.483559719 27.8996558909 28.2389161765
28.0863616776 27.6406241056 27.9226096642 27.7119243795 28.3163770602 27.1121870829 28.3771214116 27.6571104703 27.4259489227 27.0496609122 28.2838260566 27.0453516089 28.1916076583 27.7433963501 27.9670397199 28.214622459 27.0921332458 27.6767878914 27.6189453208 27.3322889325 27.552712106 27.31262381 27.7191216444 27.5887556561 27.6427088883 27.9624733218 27.4921066194 28.0730196689 27.6686236262 27.1970189007 27.1304694796 27.6897020908 27.0343818375 27.4777075749 28.4051085407 27.3753053327 27.4508748005 28.3169059271 28.0116508153 27.0781577615 28.1646680683 28.1402484931 27.2320491326 27.426635329 27.1539372501 27.148121379 27.1842678154 28.3347096566 27.6979817755 28.4074034107 28.0911329537 27.6438386315 28.3864970148
27.6674584933 27.4002558271 27.4718114322 27.1848570247 28.2740047115 27.3501127453 27.0395097974 27.4704674654 27.9125635423 27.4492763894 27.0621334275 28.0019105141 28.2185839771 28.0485573869 27.7076487302 27.7920139814 27.0986177992 27.232525653 27.4507389093 27.7814217345 28.3408178283 27.7109023792 27.4922482417 27.1615003239 27.6169096095 28.2825665563 28.297647823 28.2777660857 28.3716374362 28.1266082596 27.7641332342 28.3764536852 27.0968699533 27.8931810415 27.1994688034 28.0845398924 27.6484068818 27.0502043979 28.310822733 27.2465377332 27.6551514042 27.9006193245 28.3135033827 27.4820666345 27.14020402 28.3379017221 27.2423788885 27.3328263996 27.5890659316 28.1532398862 28.2840690467 28.3247437925 27.2912788923
27.5256584339 27.1839571452 27.8788721479 28.2972275762 27.5871958516 28.1909984024 27.1060533359 27.6054612997 27.1172034909 28.0654527672 28.2189060346 28.3506879776 28.3255205794 27.2253737908 27.9698077868 27.2863840101 27.7335210196 27.3533581046 27.912032425 27.2036913444 28.4090174633 27.8832481259 27.2982190315 28.1684049722 27.8556517204 28.0945914439 28.0385220047 27.8603509567 27.2174569751 27.5062852296 27.5925253382 27.6104176905 27.8749315447 27.4498195108 27.2674567953 27.7174766033 27.8813735361 27.6903060613 27.9452025678 27.6113551396 27.0989045343 27.5850441031 28.2506727479 27.7438015213 27.5794445067 27.4284700296 27.7685351161 27.3589917757 27.7063740492 28.360746755 27.6805414917 27.5704598886 27.3686670432
27.2450212287 28.12920162 27.8423552372 27.2162273361 27.3835247762 28.1949045426 27.284962469 28.1804541996 27.5873189524 27.9461446813 27.5972972831 27.1396326623 27.2280199458 27.6598455725 27.2676955317 27.1277480575 27.6173551772 27.9405387337 27.851091693 27.0106789601 28.2256598276 28.0124678373 28.2800948105 28.0733826212 27.4397998632 28.2951615096 27.6811736622 27.8509300124 27.4833692331 27.0565293788 27.656074724 27.5222472106 28.3265031655 27.6099703462 27.3885884475 27.8220174498 27.1656539818 28.3301449135 28.275677072 27.4460993285 28.2880767516 27.2896193511 27.6675158724 27.0256571139 28.057350715 27.4754801297 27.1759763405 28.3460751828 28.1601321756 28.2570509972 28.2893311605 28.35441534 28.4072158714
27.3036854534 28.1284547393 27.9265235931 27.7390881536 27.0374961895 28.3876166894 28.0618078679 28.1077532732 27.5635653918 28.1372852512 27.6150318702 28.0317428093 27.7679078103 27.6101121325 27.9780944641 28.3719779421 28.0158437998 27.7827759109 27.7203203082 28.0727259481 27.8226268039 27.381204346 27.3508346066 27.8184630973 27.4908672493 27.0513446975 27.4654202484 27.9966102362 28.1663339337 27.0095380831 27.9674564732 27.3050381246 27.8609356184 27.641862989 27.2711349793 27.8498536384 27.4471731383 27.1721088429 28.1665125103 27.8075192562 27.3281784327 27.1341053463 27.0529135774 27.0595256026 27.0078351692 27.5332234548 27.6632422213 27.4931363636 28.3545233263 28.410792502 27.9398263455 28.2961826146 27.6472061468
27.642485905 28.2533911103 28.3203706594 27.7933493572 27.8319756486 27.2173653678 27.065911999 27.125880719 28.142145661 27.7137602688 28.1394447187 27.654183245 28.1739489923 28.2940643888 28.2640642387 27.7814460814 27.326819143 27.1875808911 28.3610787791 27.1786643496 27.5709804481 27.677555629 27.3378019063 27.504404415 27.2800149273 27.9521474633 27.0104794131 28.1729750274 27.1720815835 27.4741317061 27.3216194633 27.7757796148 27.9990459085 27.5472264002 28.0968743398 28.0930642289 27.4390078982 28.2156086002 28.0966067699 28.3228082153 27.7231176949 27.7821270297 28.3380883312 27.0939817171 27.219243134 27.872664219 28.2735450584 27.0008463042 27.7113742418 28.0968292031 27.5006036971 27.5609777436 27.7715301993
27.122078523 28.0270890316 27.9042616595 27.0068870252 27.5362170836 27.9433415498 27.7346663022 27.6582780651 28.0503944067 28.1953309115 27.9291664797 28.0113270913 27.2218739281 28.3036272953 28.1951976428 27.9130985059 27.9800997826 28.3208893552 28.3221305637 28.1368315248 28.3885168445 27.0507184383 27.6614197026 27.3196669303 27.0304154341 27.6192096047 27.1415403336 27.6103583201 27.4607961121 27.3354858822 27.9007831692 27.8953037321 27.7722268937 28.1164876536 28.106057964 27.1590034342 27.7127513093 27.5551313317 27.0867780611 27.7996541349 27.3711373182 28.1280911913 28.1515854516 27.2338124066 28.2740945862 27.2564954207 27.8250057991 27.0484903488 27.7668581835 28.0785294987 27.1739819947 27.1669892826 27.9042130323
27.7795774621 27.1073061868 27.9626774085 27.1820274364 27.6147309826 27.7338659593 28.1697523867 28.0885097755 27.6948675718 28.3383894274 27.8382666225 27.2690701939 27.8737600942 27.3468482871 28.3788512997 27.3025123868 28.1481043991 27.1054909571 27.2568173977 27.0095706127 27.5998442065 27.7947792029 27.6502157991 27.9183705049 28.0741383962 27.1937182172 28.1423735917 27.4514084273 27.9162956676 27.3993117065 27.0448990021 27.8541199255 27.0308992643 27.2668834385 28.310027458 28.4095336049 28.3707642239 27.827363293 28.4080617336 27.4922568266 27.3919155122 28.2706992697 28.0133356501 28.1723590777 27.6962361155 27.274300027 28.3852524534 27.749282643 27.4719842767 27.9358885318 27.862558234 27.9892317471 27.2009363107
28.1773670055 27.6926150348 28.2284690327 28.3856394457 27.0778790524 28.0094592838 28.2955939375 27.3864585601 28.1237054807 28.2191375552 28.2241098576 27.074100889 28.2850070603 28.1478461486 27.8011202001 27.1162733373 28.181149353 28.0884503721 27.0139343294 27.3967815305 27.2291427757 27.2178754913 27.4643857548 28.2243822996 27.7554339884 27.3648391757 27.9613972754 28.0107446085 27.9324368072 28.261621205 27.2320316453 28.199256111 27.3379912833 28.1732019068 28.1148644993 27.0839603345 27.2220695202 27.1440881215 27.0058283592 27.2359025081 28.2300072313 28.1037290894 27.067039721 27.2754650449 27.2950850125 28.0413816963 28.2282007514 27.1859317577 27.554420937 28.041257212 27.1903576437 28.4076893667 27.5949040361
28.3845032883 27.7435796217 28.3434882539 27.111681823 28.3894696653 27.8427228467 27.0318603445 28.3339609038 27.8079078094 27.6365625442 27.9374454577 28.03161057 28.2366879665 27.8349483159 27.2741363276 27.2289983642 27.1830909693 27.1104877524 27.4884924567 27.4909409267 28.3670928205 27.18862917 27.8280239099 28.0429635803 27.0400944964 27.2947962021 28.0721428795 27.7126507081 28.3621657766 28.4044594942 27.0086464052 28.086754804 28.3286003128 27.8126519608 27.3665454232 27.2233678071 27.3832136861 27.1588502188 28.1853099608 27.5328241056 27.5392815749 27.3681253621 27.8002439128 28.2677251307 27.804180185 27.6297840047 28.0459786754 27.3954951222 27.3482046453 27.2933309078 27.1672305704 27.0291827597 27.545420261
28.1040345222 28.3334640799 28.3585511713 28.1229550799 28.0041293813 27.3330169939 27.4998154879 27.5579903647 27.2540897579 27.6056173657 27.8439235956 27.8621828627 27.1109960553 28.22958612 27.5245643491 27.9236439927 28.0160351686 27.1977023 27.4551935161 27.9142944744 27.6197082839 27.4399482949 27.0544852695 27.253436175 27.1301886684 27.7349582981 27.117310723 27.4870164446 27.4674588022 27.4582323452 28.3853193501 28.3588613009 27.5827686548 27.2328457965 28.3556016179 27.3725602288 28.3226804775 28.1650992386 27.9020271828 27.3149450415 27.6451237781 28.0941147856 27.188075766 28.0716305203 27.3315820124 27.5974897141 28.0951486565 27.2921160309 27.744576572 27.519284592 27.3208524797 28.3412219284 27.2420807908
0 27.839631834 27.8393286068 27.240263232 28.0925561699 27.6998459291 27.5929443046 27.507973772 27.4156776141 28.1731932014 27.0055654559 27.6230017481 27.4564687191 28.375220843 28.3367195311 27.8525798071 27.6369356821 28.3266339654 27.8471646142 27.693545258 27.7569443218 27.8157136277 27.0900532305 27.4859785593 27.914282257 28.1310971146 27.3129203905 28.3139399916 27.0223219391 27.3392924085 27.1939487182 28.28533516 27.2557773489 27.3523395308 27.0352248199 27.7621136133 28.3239272396 27.4078677943 27.4042894725 28.2578037171 27.132672892 27.7452823613 27.3664593227 27.8062441834 28.1432092344 27.8707275876 28.2201896371 27.7090356009 27.417733015 27.0241868999 28.2738249353 28.166116817 27.7713374295
0 27.3881323694 27.4308930605 28.4042775443 27.2924032112 27.6210605975 27.9048764585 27.8720053911 28.345015245 28.1079581527 27.2320196855 27.6730104589 27.7157121862 27.3658964505 27.4072231128 28.0385512168 27.5857884135 28.0602965515 28.0871259104 28.3872776205 27.6233288348 27.2254916515 27.2470160142 27.5206804627 28.3932087066 28.2727002166 27.3072764086 27.0216137636 27.9812330661 27.6349506162 27.1698294289 27.2986425998 27.5096440996 27.6456471379 28.0179991198 28.3629927957 27.1361827265 27.6164721808 27.8932363399 27.441709255 27.4165490224 27.511438096 27.5470005753 27.6543628248 27.7069485099 27.0849482611 27.0354861598 27.4242776562 27.7590395429 27.2184142058 27.5456441331 27.5750182138 27.8380188791
0 27.6070431089 28.144572369 27.1707158317 27.1722644246 28.0270454018 27.7893297994 27.8911528437 27.4365077905 27.8739730186 28.118401258 27.862706754 27.6916753944 27.4712756338 28.1787317195 28.338982207 28.1256507688 27.0131672903 27.612815511 27.3785855611 27.5196528723 27.2592462395 27.0486493161 27.581565558 27.2074099525 27.706755382 27.100843897 27.280404139 27.2911091357 27.6811578331 27.3293629494 27.7750988935 27.3076127322 27.2188666428 27.580400546 28.1423578623 27.0262931248 27.9860940443 27.9215203552 28.0570699088 28.1813475182 28.263768748 27.2157657545 27.7631896019 27.8257503633 27.6644719662 27.1458390531 28.3110228738 27.2542382087 27.7184446725 27.0072893763 27.2430938742 28.3958501991
0 0 27.9818321359 27.6189607994 27.2203706596 27.1783822782 28.1669176772 28.3878739962 28.0097752918 28.2047047295 27.6314434705 27.6534955773 27.8581660355 27.4112483811 27.6423377895 28.4064440607 27.2643246829 28.4054346981 27.671474341 27.7586723784 28.3586817068 27.5128222613 27.3665587002 27.8386761364 28.1344262538 27.6618181742 27.3527233367 28.0666976663 28.3385765146 27.8342804861 27.2599140746 27.1016929442 27.3867361252 27.6539572642 27.1263349271 27.9676130809 28.2313346176 27.548219817 27.9331595721 28.2767851078 27.1975676715 28.0442403564 27.510503107 27.2308521111 28.0543947587 27.0613640256 28.3924337387 27.9177812774 27.5001806588 27.7933698221 27.6717865285 28.3938375291 27.2827402719
0 0 0 27.5900061291 28.3809862967 27.3613096063 27.6454934339 27.160825762 27.749463777 27.6099322544 28.2400599193 27.3923315829 28.2832277043 27.0275433872 27.1631554519 27.981596812 27.2210113693 27.3063161044 27.4744133049 28.2926002205 28.1587304804 28.1349937387 27.0091480775 27.8539084812 27.0916671662 27.2706995077 27.8875440136 27.9654708803 27.2596458371 27.8504416446 28.0472627913 27.7954961869 27.9112826993 27.3438324961 28.223489462 27.0873227624 27.2922101581 27.614529691 28.0124877442 27.1348638742 27.9336699062 27.3828549341 28.2807257478 28.0206393001 27.3523695086 28.3869683263 27.8660730976 27.0364207273 27.1538683562 27.4567878167 27.7462188838 27.017574001 27.0604774551
47.0779373518 49.8309876288 46.1599333699 0 0 27.0014080718 28.0817653315 27.8418006764 28.0444613811 28.2194526548 27.708499743 28.335477362 27.2083253808 27.3349880261 27.5036933426 28.1993033567 27.65508101 27.2031036531 27.5077450533 27.926334052 28.0788451424 28.0483331953 28.181637391 27.3351614754 27.5687413061 28.1322569819 27.0391749623 27.2928641784 28.1788273667 27.8909521722 27.004074489 28.0805759696 28.2495524772 27.9972901895 28.2232783038 27.4688677457 27.5340511514 28.399804208 27.8285309884 27.2329249422 28.0140778181 27.3237369358 27.4240167656 27.2039350916 27.9405172021 27.3984340827 27.4710068577 27.1511032008 27.183895728 28.3273496143 28.0687284394 28.1242586158 27.2567671286
47.8716138496 50.2059880229 42.2808094231 0 0 0 27.392468992 27.4827673466 27.2557583819 27.3171427633 27.6525343844 28.0303983917 27.413558376 27.1358125373 27.4884645034 28.1253026393 28.0054558136 27.4480867145 27.2211245921 27.1285490718 27.5525194889 28.1013822521 27.9154007841 28.3760991425 27.6446610173 27.9637856923 28.1307428254 27.9863035691 27.4560000984 28.1913268154 28.0567570059 27.5299512123 28.1664117736 27.5695310547 27.8399146483 28.0376445544 27.7872543301 27.857814683 27.9945475768 27.0653566638 27.2788637034 28.2672210957 27.698392566 27.1419556433 27.2593696914 28.2751861605 27.1236390494 28.4104198545 27.3483332336 27.4114114165 27.6505268539 27.6449032692 28.3558058219
42.5290185717 54.7813798029 52.6710083671 0 0 0 27.416502547 27.1904404114 27.6443603852 27.1745713258 27.0011232736 27.0036687257 27.4314125515 27.1393756181 27.148319947 27.712953556 27.895230584 27.4493766641 28.2354688226 27.8930687966 27.700627517 28.0915348699 28.3185452687 27.5404128726 27.5492442096 28.0093568223 27.6906958919 28.0806354911 28.3179177867 28.2413715756 28.2954852035 27.0523353828 27.6977259345 27.8070028458 27.3143715622 27.6822234244 27.8632000076 28.3015297082 27.9574144987 27.2324196233 28.0548969679 28.3949812257 27.4366394121 27.1866404646 28.0908245345 28.271878493 28.0953930827 27.2959576011 27.0352347226 27.697609523 28.3733231438 27.9457080644 28.0541631258
0 0 0 0 0 0 28.1436894126 28.3977292856 27.1979981424 27.4428739217 27.4611120179 27.4247361949 27.199582089 27.5196956805 27.088957674 27.2962524103 27.9783682139 27.4878801183 27.8628840277 27.9906339015 27.4635866361 27.1570352504 27.1804375439 27.5922253208 27.4181287078 27.5380559483 27.8893378501 27.6788160197 28.2708494354 27.738938276 27.7755306132 27.1195814501 27.7787854301 27.0566791084 27.319930276 28.1643905653 27.8751839352 27.1286220486 27.0398938123 27.8556333239 28.2877457779 27.7677140171 27.1354011029 27.7027529541 27.9429208644 27.060492936 28.1226775723 28.0092033686 27.9269851456 28.2660375176 27.3920986054 27.4800159996 27.3029090929
