Spatial_Output/90% DEC/90DEC_0103.asc
NCOLS 155
NROWS 192
XLLCORNER 196769.923733
YLLCORNER 449719.875193
CELLSIZE 27.603701
NODATA_VALUE NaN
[rows 92 to 114 of 192, columns 0 to 52 of 155]
0 0 0 0 0 0 0 44.4765128767 45.315806413 43.1915413779 45.4062625461 43.8034132521 44.8835837186 44.7926484133 45.0110957607 45.820776891 43.2402077241 43.0637229926 44.7197377099 43.5073627243 45.1900085406 43.4216174087 43.5884937958 44.3699133959 44.6282532516 45.8028307649 43.0770184022 43.6560038839 43.6148437397 45.1601348973 43.5491026394 45.1002211999 43.9715749455 44.3526709989 43.1898005457 45.5321247055 44.4887735672 44.7872334276 44.9624960376 44.637783292 45.7948360597 53.9835707577 53.9835707577 53.9835707577 44.5857834959 45.1129475002 44.6408983469 45.4013855656 44.3414702229 44.7489835205 44.7996185723 43.7795502864 45.150535561
0 0 0 0 0 0 0 0 45.1222022292 45.2698839182 43.0640099221 45.4461547791 43.4597202193 44.899994882 44.0397952892 43.4364660083 45.526188084 43.8996187153 45.0233182368 43.5912441701 43.6545665646 43.0693127696 44.2866055897 45.3506367909 45.6909597206 43.206665092 44.4202438112 43.3294176226 45.3988434976 44.0766818448 44.3652108502 43.3417461824 44.3202432503 43.4818662232 44.5692530983 44.0922318379 43.9244032542 44.9756041142 43.628901859 45.4661308467 45.3850914929 44.9959132357 75.1872413382 45.5028810091 44.2766654111 45.5993836569 45.8203305004 45.3524352666 44.4827760018 44.1973611701 44.5410886425 45.2665593994 44.6939100825
0 0 0 0 0 0 0 0 0 0 43.110046662 45.3820238845 43.0436855262 43.1905279253 44.4606982442 43.7148887341 44.6723683076 44.3214397989 43.7347039422 45.5765520951 44.3783662015 43.818831163 45.3456783694 43.0100618895 45.8230835015 43.1617485301 43.5144431909 44.4173382582 43.9021381222 45.8153816375 45.7014008644 45.0059995147 44.1060758484 43.9018476341 43.8051347411 43.3789820936 44.8001282021 45.1859454715 45.0992231394 45.1416511343 43.7148824241 75.1872413382 75.1872413382 75.1872413382 45.1689241599 44.6616254574 44.5861462281 45.7826110486 43.1999334298 44.1590518778 45.1304240706 45.2874511271 45.2743206312
0 0 0 0 0 0 0 0 0 0 45.6411964144 44.5023768086 45.8164689322 44.11406715 44.5642248533 45.1994923711 44.325452544 43.7815980529 44.2449367134 43.3133557753 44.3712335854 44.6248327463 43.6572667693 45.3879183805 45.7613175099 43.8866053074 43.6121007154 45.1457363589 43.6780779221 45.7960279798 44.2967946056 45.3362214821 45.7766353383 43.187017056 45.6990021585 43.3217056583 45.307537575 44.6748202474 43.9475979954 43.845198996 45.7880441114 43.1202075797 75.1872413382 45.0050520697 44.1514377707 44.3568204818 43.4936538055 45.5982252798 43.5257744849 43.7720787553 43.6784435585 43.7560537548 44.2675813193
0 0 0 0 0 0 0 0 0 0 43.4883241252 44.0825346475 43.2627848618 44.9890333199 45.3135176761 43.5269171907 43.8247397286 43.8720947345 43.044425509 43.5236998625 44.9209773775 45.1921334912 44.7239870132 43.3871005868 43.5233926892 44.1634187159 45.5780439208 43.9231755344 43.969729737 44.8304626379 43.7008263637 45.1233627351 43.3168540987 43.3026441528 43.2954913988 44.8120164147 44.4185989688 43.5556563747 43.6487118531 43.1168485636 44.8556027355 43.7076552677 45.3708855575 43.7005413863 44.3801239489 44.0080068632 45.3366340517 43.1204619844 43.5310430958 44.703597189 45.7744165781 44.2876320282 44.015223286
0 0 0 0 0 0 0 0 43.6503636305 44.9977990593 45.5565138333 45.2863959207 43.3311273317 45.0562023287 44.4486472971 45.166447109 44.019282747 44.6285329478 43.2896901926 45.0364914138 44.6875862469 45.8206173191 43.1322566486 44.4035014516 43.1435716683 43.9143311097 45.5669773713 43.6405777353 45.5506870655 44.8259975332 45.655375529 45.7729253043 43.9215406887 45.0713139098 43.0824069512 45.4609065776 45.356944206 45.120152648 43.7162857716 43.6809641522 44.7197778524 43.3108680967 43.007030024 44.4348213098 45.7012946391 44.6699237563 43.2416285852 45.6457298831 44.249502844 45.3165638622 44.4650844042 44.8391711555 44.8555074939
0 0 0 0 0 0 0 44.8695622247 45.1686627955 43.6181357152 44.24260548 45.2484925337 43.4407305698 43.1324517611 44.1638792438 43.1530793661 43.9970442666 43.2043218511 43.4642156496 43.7368435677 44.0289858665 43.1912359323 43.3127713354 43.6710525843 45.5999853056 43.2184858941 44.3364093938 44.1469451274 43.768262697 44.7835684605 43.4893461037 43.8826879936 45.0201167589 44.839911991 43.7618896703 44.4192669218 44.4267463203 43.4811605315 43.8567383881 43.0977771177 45.2451351963 43.1893166377 43.4248811482 44.450161628 43.8551449508 45.6701392816 44.3459318878 44.2299070226 43.8620599018 45.7698722038 45.1402087933 44.8387095529 44.4250380855
0 0 0 0 0 0 0 45.6082053683 45.2046947469 45.2137013681 45.4454001435 45.7490675032 43.2067621282 43.5265139427 45.6934266043 44.583921151 44.3005982226 43.4860524087 43.1749398497 44.5001262841 45.6201198895 44.8612874155 45.5152476801 45.5896982341 45.0209990007 45.2903203752 44.2079423041 45.6562851889 44.4463057063 44.4323805061 43.0243608453 44.7765809757 44.8993181705 44.0868398822 45.729347787 43.4309544613 45.5601768835 45.6015913372 45.3016580475 45.1809118232 44.7934868993 43.6339011367 45.4306341398 43.5696667483 43.0987069889 43.1124960761 43.9235656112 43.9267649706 45.1729213057 44.7396593948 45.4191879978 43.4676686651 44.2542392614
0 0 0 0 0 0 0 0 44.2218911878 43.6806406894 43.334560763 44.9835700107 45.4146235576 44.2229686447 45.7980628537 44.2852972638 43.0439348542 43.1328410243 44.4045093458 44.8739836401 44.4169869584 44.7291101702 43.0600963904 44.1762761792 44.4381644983 45.217060617 43.0547988862 43.325774357 45.1310173383 43.0989691531 43.915155441 44.7030667586 43.2127297415 44.9607151345 45.4898086826 43.9528035659 43.0794522541 45.7305156348 45.7998964611 44.732596204 43.8730307987 43.3230569394 43.6724929626 44.9375263563 44.0753284458 44.4681145068 45.3148691503 45.562611736 43.9911399571 44.4296970128 43.6537272987 43.5776229947 43.7046992169
0 0 0 0 0 0 0 0 0 44.0133346701 45.0083807694 43.9768548266 44.0871312544 45.1997337685 44.6798606396 45.5145385465 44.624382716 45.5105145627 44.1507227786 45.6718359718 43.6625629422 44.0396034195 45.0400171329 43.2117024323 45.248006995 43.20313241 43.2648674887 43.4935908689 45.7425433505 44.5952613162 44.1184662833 44.2188065316 45.2473502154 45.2410433572 45.6710356509 43.5367685034 43.2155906678 43.4675692361 45.1220856709 44.624100794 45.5483790856 45.3664839077 43.9197400226 44.3955507023 45.6454100962 44.3878440977 45.6266168565 45.3155992043 43.9239342901 45.2700277203 43.7563921332 45.0862807753 45.0903251899
0 0 0 0 0 0 0 0 0 0 0 45.579008956 44.8556547591 45.0307102158 44.508432615 43.6085158006 44.8561820471 43.7566402542 43.6304669964 45.5828428341 43.2102112658 45.1150184657 44.3411033133 45.3531883612 43.9058728914 43.3626681243 43.0819328335 45.5624645071 45.7051831514 45.4593395477 44.1662134121 45.067012121 43.3411954334 43.7343170724 43.3867797017 45.2981735903 45.5070235831 45.0785839886 43.898220561 44.3957793529 45.4658649172 44.3180407037 44.0245007075 44.6359711593 43.1008689484 44.0794878646 43.8597341708 45.4236477041 45.7776936172 44.8460465326 45.385284004 43.7298151866 43.1006075468
0 0 0 0 0 0 0 0 0 0 0 0 0 0 44.7890089883 45.2196687544 44.4688011797 44.6030926533 43.8196469948 43.2669484516 44.0116471711 43.7970155122 44.0715369177 43.8288843987 45.1816141159 44.0705754725 45.4330617721 44.682924178 45.4877697428 44.5958363015 44.9359935533 44.4839324881 44.2286480077 44.1971218488 44.0266363584 44.3668994996 45.3795182745 44.8409650637 44.0998185202 45.4227510943 43.7015332202 43.7047293563 43.3183946395 45.2973589659 45.1231068502 45.4710060042 43.0844414939 43.8634832487 45.5090623114 43.6801351287 43.8229221555 44.9091708948 43.0999472182
0 0 0 0 0 0 0 0 0 0 0 0 0 0 0 45.7245827922 44.3808269217 44.0264290343 45.7746224628 44.6220834786 44.8296471703 44.0771507647 45.026920164 43.9991285927 43.9846772032 43.5739397 44.8030427149 45.3158907892 45.3515285547 44.1882125658 45.2436551112 44.1260780533 44.1788338554 45.6609810608 44.4025194248 45.8207872643 43.1298090499 43.8699713505 44.6613347473 45.3260224292 43.8844436856 45.7819629057 43.5943025548 45.0802043356 45.6811229673 45.2469918487 43.727562743 45.5247002906 45.3474249287 45.0290261687 45.06413827 45.608029535 44.2098804055
0 0 0 0 0 0 0 0 0 0 0 0 0 0 0 43.8974271192 43.9768852671 43.4248558947 43.4368868898 43.9428728354 43.5691547208 44.1838425192 44.9092612451 43.8906705186 44.9841004245 44.9744694919 43.6242156218 44.6929968004 43.6507675413 45.6011642671 45.2465661085 43.3306430321 44.4426514685 45.0242110842 43.6823366094 43.5032482855 44.9653849896 43.4733708798 45.0404407848 45.525206789 44.0704640953 44.3473089095 44.6296513196 45.0564338985 44.0782377441 43.0556654831 43.047886089 44.1242733005 43.1934772339 44.4257561776 45.1812912372 45.2792657279 43.5191205969
0 0 0 0 0 0 0 0 0 0 0 0 0 0 0 0 44.065781987 45.7773124908 44.4508549107 45.1210436899 44.0071729964 44.1625881978 43.6717388708 43.8801368002 45.5399789418 43.6897524859 43.7974908904 44.0949386425 44.3259350481 44.4800161875 45.3996866357 44.9418351625 43.9883255839 44.2824245935 43.9917100333 45.3484575185 45.5872864203 44.4046715732 44.6082141591 44.7109622819 43.6063407233 44.363748691 45.648759712 45.6238941795 44.7915694333 45.0705681629 43.2316115941 44.79756915 44.1237306565 43.0465716885 44.5252716994 45.4127146884 43.5832836844
0 0 0 0 0 0 0 0 0 0 0 0 0 0 0 59.1323653955 64.2597900506 61.7848103029 44.3674170494 43.2668817466 45.235669928 44.1801954028 45.5604852121 45.7500452983 43.3103375768 43.89340493 44.2337823528 45.6200790269 43.8077982993 44.727872414 44.3877272899 45.6225928871 44.0264603033 44.3522266079 45.6129385089 44.7411302719 44.7464028688 45.805411549 43.7288298855 44.7984912284 45.5769423291 45.2050720518 43.8443982705 44.7290143195 44.7698281437 44.6450603468 45.7206938207 44.8369085071 44.8014507297 45.5844759227 44.9941082589 44.0912597003 45.6347281364
0 0 0 0 0 0 0 0 0 0 0 0 0 0 0 57.0669738039 58.0639285261 63.5975639056 45.5587391725 44.8113323751 45.4651471848 43.4720016572 43.6928410185 44.5757268011 45.6461340474 44.1846159697 43.2079771176 43.9221621826 45.2647946137 45.536655801 45.7687893254 44.6850127616 45.5738304039 44.5176239734 43.4550291417 43.4241720234 45.6036780827 43.0849133904 45.3296489318 43.7132208418 43.7528698411 43.2849119696 44.1720955762 45.151218256 45.7546150137 45.3222922797 45.8063439152 44.1310568187 45.332786305 45.0214676162 45.3579278787 43.1439552728 43.1227862237
0 0 0 0 0 0 0 0 0 0 0 0 0 0 0 58.4245654507 64.7505649354 55.5721550259 45.280952159 43.1098624189 45.1992303423 45.7325119442 43.4264465535 43.5435786491 45.4099234607 43.7613720188 44.2332525573 44.6631115125 43.6947596143 45.1086025138 45.5797533564 44.2882997971 45.4243980144 45.3714075045 43.7852888366 45.1739600309 45.4133541281 45.5734556541 43.0167061176 44.1664717102 45.6073010017 43.9034066823 43.7500637817 44.2093707199 44.570281088 44.3377028592 44.9157560747 45.2133624466 45.4799817995 44.6484751367 44.2869060694 44.4113385449 44.8773956346
0 0 0 0 0 0 0 0 0 0 0 0 0 0 0 0 0 44.75045808 44.8038372157 44.133086805 44.6119650793 43.9759313542 44.7288757086 43.2702788383 43.0315545546 44.9486057066 45.0923641642 43.834146855 45.5583154833 43.2710494498 45.5670522122 44.6395168645 43.7780407537 44.5382211356 44.1682857232 44.4493671368 43.1687718617 43.5654593195 44.7952274213 43.0717963573 43.804725511 44.9409373298 43.7578013486 44.8060554429 45.4157955831 43.4835483697 44.1568992806 43.932304133 43.8741084196 44.8688670206 44.7421530727 43.885736253 44.9059788826
0 0 0 0 0 0 0 0 0 0 0 0 0 0 0 0 0 44.3239256652 45.1090760706 43.3776975904 43.6653563794 44.599774426 45.6714213204 43.1209945598 44.7033706979 44.1036157807 43.475230022 43.6120283767 43.8412140886 44.311202738 44.7850339455 45.6778996281 43.9527761048 45.0574923827 45.007460831 43.2246186977 44.6020034141 45.8015653743 45.6997342145 45.5489018713 43.0361527829 44.1587375444 44.2462319991 44.0830945941 44.8581138456 45.6816259774 44.1855784149 43.5765690658 45.2640729948 45.3271342838 43.3460069101 45.1633564291 44.1850169127
0 0 0 0 0 0 0 0 0 0 0 0 0 0 0 0 0 0 45.3008542613 45.1139690416 44.0984267606 43.4740569651 45.8081842607 43.4492133429 43.3331491867 43.0610720788 44.9211608872 43.9441844892 44.9032464465 43.5499906162 43.0745814266 44.0231499474 45.0544881478 44.525425764 44.5363506986 45.1307083544 45.2765536432 43.950238558 43.4726261761 45.1275387836 44.9314523995 44.3480609176 45.8156717968 45.3140608542 44.4101949036 43.8335812392 44.4032357927 45.7515381278 44.2179473865 45.4845409962 45.5776685807 43.8193935309 45.4441872431
0 0 0 0 0 0 0 0 0 0 0 0 0 0 0 0 0 0 43.7246222675 44.5479692306 43.2318980994 44.9308843999 45.3203079714 43.1879824877 43.5617747953 44.7525042688 43.9940109427 43.7072533034 43.1987107773 43.2890425577 45.5003853268 45.0198001043 44.8047070834 44.1102142599 44.821143667 44.3915305567 43.6079156296 44.3069944618 44.5401875204 44.2295338251 44.0902771147 44.3226079062 45.3648733375 43.8737999258 45.2206696627 44.0047739567 44.2722594031 44.6138568491 43.9802360825 45.3510976587 43.440500325 44.5356401833 44.9635796162
0 0 0 0 0 0 0 0 0 0 0 0 0 0 0 0 0 0 0 44.7832638713 45.5989739753 44.1535071993 45.6651043214 43.3293062541 43.3088184195 44.0319347407 44.8757606693 44.4711078684 45.1952922463 43.2434231181 43.9492466011 43.0212697051 43.5128095193 45.376631223 45.4184608376 43.5712321371 45.5451268651 43.6676479656 44.2106178562 45.5993266904 45.2273367489 45.569823611 43.2190347873 45.1840199461 44.7435336813 43.6943297582 45.2318960266 45.4683892316 45.273311954 45.2466212225 44.1457071143 44.1310400301 44.2519019064
