Spatial_Output/90% DEC/90DEC_0415.asc
NCOLS 155
NROWS 192
XLLCORNER 196769.923733
YLLCORNER 449719.875193
CELLSIZE 27.603701
NODATA_VALUE NaN
[rows 0 to 22 of 192, columns 0 to 52 of 155]
0 0 0 0 0 0 0 0 0 0 0 0 0 0 0 0 0 0 0 0 0 0 0 0 0 0 0 0 0 0 0 0 0 0 0 0 0 0 0 0 0 0 0 0 0 0 32.7496839811 32.2747338162 32.4826435828 32.5411916149 33.9756390846 32.7001700989 34.4403823225
0 0 0 0 0 0 0 0 0 0 0 0 0 0 0 0 0 0 0 0 0 0 0 0 0 0 0 0 0 0 0 0 0 0 0 0 0 0 0 0 0 0 0 33.4442050175 33.8438517843 32.4714708976 32.5222973454 34.2391411948 34.2980317523 34.6890504187 31.762916159 33.7859000004 33.3076049518
0 0 0 0 0 0 0 0 0 0 0 0 0 0 0 0 0 0 0 0 0 0 0 0 0 0 0 0 0 0 0 0 0 0 0 0 0 0 0 0 0 33.1032314647 32.170629331 32.2119168756 33.2066435515 33.5973083099 34.1468016105 33.5908579186 32.555547742 33.533496389 34.6709932699 31.8079569273 32.5127941103
0 0 0 0 0 0 0 0 0 0 0 0 0 0 0 0 0 0 0 0 0 0 0 0 0 0 0 0 0 0 0 0 0 0 0 0 0 0 0 33.1454189426 32.4518096417 34.3324766182 33.1669059522 32.0395723956 33.2771827653 32.3751415136 32.1865982225 33.0847160325 31.9762048308 33.3219486299 34.0422390005 32.3821257304 32.6503400221
0 0 0 0 0 0 0 0 0 0 0 0 0 0 0 0 0 0 0 0 0 0 0 0 0 0 0 0 0 0 0 0 0 0 0 0 0 33.1743208552 34.8587141923 34.273297381 31.6557768387 33.0418917108 34.1722561528 31.7113375952 31.745381649 32.9828433428 34.1019521667 34.6274111802 31.7112587889 32.3706499136 33.3773383206 33.0063561447 33.743322797
0 0 0 0 0 0 0 0 0 0 0 0 0 0 0 0 0 0 0 0 0 0 0 0 0 0 0 0 0 0 0 0 0 0 33.0287553468 32.553477571 34.4683566207 33.3615791775 33.4198156486 32.6158495025 34.6511436489 34.5576892293 33.9825475419 33.9156361633 34.1955789262 32.5162194215 34.6004394257 31.8912407632 34.9840835091 33.0691353881 33.5259991627 32.7667726115 31.6102218121
0 0 0 0 0 0 0 0 0 0 0 0 0 0 0 0 0 0 0 0 0 0 0 0 0 0 0 0 0 0 0 0 33.2069920747 34.2621790786 34.8426516741 33.8306086054 33.6281931702 32.3378655027 34.2216591787 33.4734829525 33.1683761072 33.8368267797 31.8735409352 33.281250213 33.5309972891 34.875922766 31.9535948149 32.0320924368 33.3979788924 33.9628005236 34.3643608429 31.8086200661 33.1855460806
0 0 0 0 0 0 0 0 0 0 0 0 34.5261903107 35.025913149 33.6225435001 33.5722880523 31.8570195284 34.3765350219 32.9025716021 33.4752296746 31.7145911729 32.9355423256 34.9229622111 33.5346807714 33.7970257654 34.7553589702 32.646438403 31.6275484439 33.2779772866 31.8948049135 31.7304758699 33.1206792982 32.4515026971 33.8119068403 35.0226806686 34.4264892194 32.3856523485 33.6348553918 31.7232400573 31.7308563783 33.130450023 32.4456725309 32.5736797243 32.0457575657 34.8953475106 32.6748811411 33.9189839911 32.5844251774 33.9342584304 34.5019514762 33.0394869638 31.6411426089 33.6324120258
0 0 0 0 0 0 0 0 0 55.4115678101 65.2816666632 69.3540948597 34.6949004316 31.9273727092 32.6849591953 32.4190567712 33.685428734 33.5949349987 33.9708199786 33.5999567255 33.3489093474 34.1794357442 32.5094904129 33.4608926956 32.2406025458 33.744661566 32.8951336301 34.7744341244 32.0749213585 33.5996452898 34.6245665845 34.272663994 33.0726976269 34.2651782162 31.5519587307 34.9682402895 31.6451385344 34.6688691968 33.9309428991 33.4963413421 33.8147904141 32.1231243338 34.8410151423 33.7739674559 33.2931744535 31.7186529022 33.0962141583 33.532891433 34.479752193 31.8330321558 34.5291011222 31.5986619291 32.371602529
0 0 0 0 0 0 0 0 0 61.7647097226 52.6940620524 52.0823866586 33.1819822061 34.7535334051 33.7723866388 31.692970083 34.3015779208 34.6612493367 34.6910252913 32.5060990038 32.2622388619 34.8331135102 34.0664323266 33.1086758863 34.1552641335 32.0831209882 34.3192551253 33.3237599022 32.5821017184 32.4948577752 33.5541496125 33.5266068039 32.9026168553 34.4525747567 34.4927462105 32.9972027167 33.8169493841 32.5142830739 34.4899812268 33.0697673937 32.1116465564 34.7863691944 31.5274058698 34.7315652394 32.8081686571 34.7385686318 35.0146127673 31.8712349885 34.8831939257 33.328129638 34.2351095875 34.3661330381 33.8844418038
0 0 0 0 0 0 0 0 0 56.6599925495 63.5102342803 59.5123699938 32.98102436 31.5454539199 32.459062521 31.750497963 33.3248783089 31.5967603642 31.818628993 34.719131739 32.2181972226 34.5846327685 31.790819551 34.2209523209 33.1560402651 33.8100648249 33.6063912124 32.1545405655 33.8215666651 31.6449035556 32.6310454527 34.0968889335 32.2417792035 32.5149239721 31.9510213387 34.0126221302 32.4715304992 34.0575428822 34.9065895367 34.2548336361 31.7918287654 32.8722538141 33.2954771234 34.2085572293 33.9932541033 32.2188552605 33.0062138181 32.8319856665 31.7135477963 33.9008653519 33.0435074703 33.97305821 35.0090315909
0 0 0 0 0 0 0 0 32.7448926429 34.2528556499 34.8100255214 34.4992429131 32.061240891 31.8331645152 32.1190069054 33.0644116353 32.3862605696 32.3080452897 33.8623354874 33.6730496627 32.6637714769 31.7846234364 33.9070866669 34.2733665318 33.9016826886 33.4896027991 34.1929542918 34.2208179506 31.6337906059 32.5612817887 33.3158264542 32.6781223889 34.8326930601 33.0788230257 32.3608947394 31.7868245067 32.6319336328 33.6119499246 34.2317325044 33.8865425927 32.7629960318 33.9039511609 33.8090453013 33.4048806998 31.7655911436 34.7400170083 33.7842608749 32.7685291101 32.3813034585 34.6987592748 34.1743697801 32.5415032308 32.7474492859
0 0 0 0 0 0 0 0 33.3887069427 34.6352549613 32.8035582943 31.9196841512 34.967289952 31.954180985 34.119456255 33.7536831382 32.7331928175 31.8065212285 34.1751755532 32.9002034012 32.0923797844 33.6703511448 33.8877789642 34.7831328266 33.9865276552 33.6366094104 34.6623226488 34.8930773566 33.4911617013 34.2912406598 32.2834058672 33.6690033273 32.3184446238 31.8619660791 33.1175258472 33.4558818367 32.9397654309 31.8026311009 33.069342286 34.9115591577 32.2079165578 34.4155062267 32.3469291432 33.1358459232 33.3144692528 33.0740083517 32.2306338832 32.1730122145 33.5143035959 33.3487174315 34.7977268352 31.8806292921 33.3415095151
0 0 0 0 0 69.0486182138 55.3106377836 64.7849650726 32.5867287852 31.8427718011 31.5841184115 33.7260330206 33.3809239541 31.8619510689 32.7895835995 34.0293282245 33.1852343687 34.5974360672 32.8913864651 34.7604909034 32.9740867469 33.5656375731 32.657282976 33.1424641606 34.6255986359 32.4388816094 33.5564478 32.0830856927 34.2438521917 33.087720385 32.5043067812 32.3597379532 32.4002229588 33.9300766747 31.7473313575 32.7077094281 33.5927340423 33.8577899917 34.4684697627 33.1321682583 32.3045769542 31.7211165853 32.4555573887 33.223206135 32.717015873 33.9508535487 34.3574765474 34.5668546095 32.4607840877 32.9684168525 34.0931648518 31.602758375 32.4474793805
0 0 0 0 0 67.7226597217 62.3115149508 59.9987797142 34.4725004089 32.1708256926 34.0396366393 34.3434162698 32.7954233604 33.4555958048 32.6049830766 32.6994198975 31.6210221498 34.6904368106 33.2188324733 34.0289188404 31.9104868783 32.721778709 32.6009899972 31.5372787663 34.5356999778 34.0798233129 33.3431072289 33.2657046654 33.7213389726 31.885063431 34.7392187598 32.0901601043 32.4515814296 32.9794011592 32.3940336745 34.5454171137 34.8306909439 33.7294940244 33.3513482841 34.953842258 31.6120313524 33.5801468131 34.9368778332 33.3305091225 33.8658693777 33.8402476295 31.7715138926 34.715903787 34.4887120167 32.3019993448 33.3283474704 33.5049869523 34.2601119452
0 0 0 0 31.9094983382 60.7841672256 52.231227739 62.93268066 31.8957528828 34.8110591233 32.0489765637 33.0408930106 32.7730760357 32.0846398939 32.738419953 31.7231224932 31.9868129588 34.0451522036 34.9569764876 34.6397827133 31.577106524 31.760265159 32.3211046009 34.0510386658 33.7615156597 32.1710958241 33.7552369398 33.5908074601 34.6867155325 32.1021808262 34.0774265131 34.4426599283 32.0068800733 32.3882077594 32.7339733575 33.9348047902 33.4680958676 32.4532379708 34.0387494381 32.1935420477 31.7641834843 33.5830215075 33.0309394249 34.9217104373 34.0703499603 33.9878084435 33.4665943074 33.5667038751 34.7117101497 33.3195002445 31.8763110662 33.1020106129 34.7314460269
0 0 0 33.2925690667 33.8436399018 32.2617310234 33.8547842058 34.0270984026 32.2350652055 31.8467300057 31.9985555343 33.9740489874 34.9207367642 34.8282019231 31.9571774083 32.1086265029 32.695626482 32.3497433738 33.5194448381 33.8582156718 33.4527023606 34.463558052 34.9974641891 32.801953043 32.9912554302 33.9911238483 32.1464859199 32.1413888777 33.1662442399 32.2103086797 35.00752514 34.2324217609 34.4660152544 31.6997143808 34.9286049706 32.0904508601 34.2586329003 32.0862722356 33.3569821189 31.6672249868 32.4182393307 34.1606068826 34.2306162761 32.0245844692 34.7760881507 33.9834788903 33.8891763051 32.9361998888 31.8683760608 31.5020408471 34.2294592526 31.7908407072 31.5285041549
0 0 34.1425873885 32.0480443827 34.6142596942 32.593984991 34.6951244679 33.0075128392 31.9412503704 34.9726808228 33.1112099635 33.7539739115 33.3930177062 34.8683154745 34.3482238905 33.6996652869 32.1071533775 33.4374299997 32.1662685121 33.0559401369 32.851467652 33.8746597443 31.9575166268 32.4456990433 32.1097838855 31.6537514707 32.3754126063 34.7664271788 33.6224518486 33.8192731067 34.0082528167 33.8425090873 32.437254379 33.0037086195 31.5575592799 31.9550369841 32.778426511 33.479036805 34.3029993712 34.020873926 33.0328820364 32.400925919 34.9361225163 32.1257916049 33.8477318834 32.4174097064 34.726620156 34.1896393257 32.8187169639 31.5595270995 33.4387534053 33.6684421964 34.0098760616
0 0 33.4967061741 32.6946952308 34.5157213163 34.6075514071 34.8290554061 31.9113333351 33.8306757878 32.6770215891 34.4370471086 32.9351560227 31.5394256149 33.06758914 33.9940629486 33.43979153 34.3125243818 34.1491984102 31.8823152873 34.0596568573 31.9738625899 33.4773523885 32.083518166 31.6350299411 31.7419759471 34.7424785574 34.6692951678 34.5236951004 34.2403878027 34.0918961154 34.9157791194 31.7417646911 31.7994576035 34.4383233413 33.429304382 34.2454997334 31.8579257267 33.009333328 32.5055045118 31.5387182142 33.8961678295 33.6465025743 31.6677832145 33.6232262452 33.3601513287 31.8118272308 32.9928833568 33.9500427022 34.3739805718 34.6259788155 33.3918876481 31.8258227482 31.6827660159
0 0 33.8536763454 33.7715406032 32.0841640046 34.4089340978 33.8228878075 32.6252501294 32.6449181054 32.4517709238 34.1855669693 31.8126163011 32.2580342537 32.253568293 33.6038722065 33.3437498103 32.7105732546 34.2490348103 31.5757326499 32.3960696272 31.5813262411 32.945123124 32.9326028689 35.0082425046 34.153884214 34.2154642202 32.3724748976 33.3950245777 34.7228795587 32.2591746694 31.8763417055 34.4317815615 32.3892381012 31.7131272379 32.1252666462 32.4716375427 34.4707604434 32.7280224886 33.2338044654 32.9701455902 34.3155745449 31.5281364631 31.8660957918 33.2014199764 32.7349672279 32.7659772524 34.4414509534 34.704094781 34.5494616083 34.6584204246 32.9932078316 33.7901076372 33.0389578883
0 0 34.5236125815 35.032785009 32.0989251026 34.2434431584 34.4830764424 31.5796343628 33.1403215047 31.740894541 32.8577302794 32.1294702262 32.0652077126 31.9104651363 34.2960388087 34.9420059407 34.3490820949 33.0758047616 31.5202815276 31.6357058295 34.542670178 33.6707750889 34.9014018122 32.1093090548 31.6886696173 32.0558247993 32.8187867439 32.6989545312 34.9501379381 32.163498256 34.144101613 34.4664053184 33.7209607928 33.3763803623 33.029332324 31.9000013577 34.6148406087 34.5462407654 33.5534357712 32.4386325528 32.0188888065 32.6734661218 34.9699670861 33.4110425071 32.9794706245 32.4789752949 32.9008367502 33.4392039926 33.8207833839 31.5567473137 32.5581242377 34.3094220695 31.5813854131
0 0 33.3096569201 33.6408168028 31.5676522606 33.0991767153 31.6685121589 32.9957113266 31.9536817481 34.9000271107 34.4653529152 33.1499933982 34.338031324 34.1122132557 33.0417790073 31.9459508367 35.0142976711 34.2928044074 32.4386916069 34.4102149021 34.1442614145 34.1285015318 34.388073266 34.6664853675 31.9253687945 32.7247993261 33.5578040003 34.2084889592 31.8025165136 32.5881585391 31.7720532111 34.3828023405 31.8673721836 32.2128259612 33.8391549232 32.4196979724 34.0757949332 32.9431146293 32.0086494171 32.8340225299 32.2682216608 34.2713755755 34.1687953136 31.7640696627 31.7397102537 32.2012293309 31.7713648698 33.7745649518 33.7037145034 32.5705627265 34.982835962 32.3437429182 34.9245858247
0 0 34.3051447213 32.8226615307 34.5170220573 34.5772421609 32.1478462063 34.7271926721 31.661454699 32.011454972 34.3273080434 33.6082294226 33.7130457317 33.1827903455 31.9168948157 32.3168898279 31.8697718451 33.5480927819 32.7920386185 34.7035544383 33.2023201036 32.6726721031 32.3093834129 33.502227738 32.7737450683 32.3552743923 33.9072006323 32.6286655505 33.7306017813 33.8732390667 33.7061678589 34.087555477 33.3513221897 33.4238627089 32.8485621141 33.7549643967 34.0049666166 34.9333491368 34.4037030497 34.1176059564 32.0738552308 32.8429594438 34.9439525673 34.1914424771 31.7556891703 34.8470589635 34.4337462683 34.7138372004 34.2892462785 34.6404604089 34.6263778928 31.6771962448 34.971615866
