Spatial_Output/90% DEC/90DEC_0670.asc
NCOLS 155
NROWS 192
XLLCORNER 196769.923733
YLLCORNER 449719.875193
CELLSIZE 27.603701
NODATA_VALUE NaN
[rows 69 to 91 of 192, columns 53 to 105 of 155]
28.7124913395 25.0204449648 26.1113686081 28.5714645115 27.1107339435 26.0230064047 28.78513759 27.0793826441 28.7578476459 27.8239150238 26.7039241504 28.022109699 29.1442291637 27.2896772101 28.5575856823 26.8182453334 28.4949377732 26.3637991549 26.2063090761 25.3977982566 28.669748047 28.1419189547 27.7186664104 27.5955959492 28.7673385063 25.9827315314 26.9859562152 25.1481607512 28.0214003943 26.7839083446 28.9976394996 25.9086476143 51.6159473254 51.6159473254 59.2050786251 59.2050786251 25.6525229467 40.2062458464 25.4264723248 28.4572699844 27.9189024733 26.3305500264 25.8943773045 26.3648821678 28.2383676886 28.7977218339 27.0745261196 28.3343893975 28.450923169 25.7236087766 27.7842460741 26.1215747985 28.3077822529
27.2630367203 25.6577148737 28.8457178751 26.616147183 26.119314763 26.1312491309 26.6390323006 27.7615858908 27.0514634624 27.2731941303 25.3261788245 28.1542560719 29.0247442178 26.1426260963 27.7610871429 26.3568654919 27.2782957135 27.5473384164 27.9501565981 27.9785867483 44.655266741 44.655266741 26.1416457629 28.151992004 26.3736546923 28.0926345695 28.3549069357 25.2415700134 25.6627446305 27.0521574527 25.3476010114 25.235702844 51.6159473254 51.6159473254 28.5373027051 27.2930988246 25.678838324 26.9850438595 25.0640331587 27.8128382323 25.5285241126 27.4846620321 26.8958830036 28.3410229627 26.1047903227 29.0487151202 49.5760166394 49.5760166394 26.2298209619 28.5589853992 25.7071428234 26.6133542974 27.320015983
28.2158846847 27.6173530027 28.7116080907 25.9919261215 26.2223586633 28.0108020807 27.214291791 27.2429561863 28.033752591 26.1625836164 27.1298974017 28.7921304306 26.4955805141 28.1952130603 26.6516900633 27.7485457367 27.5496716152 27.1953966719 27.6466268048 28.4043384154 25.5123644391 44.655266741 27.6505296316 25.945843918 25.5974022899 27.1931434213 27.2964030487 28.5547095406 26.9357002026 26.2899316687 27.468845877 26.7888927375 27.9332568223 25.0340239477 28.2064209259 25.7819462705 27.7929412464 26.6665687891 26.3813910224 29.123054024 25.575879986 28.9677036247 25.9253108896 28.6268691779 25.9273817432 25.7149097609 26.7039871474 49.5760166394 28.609699343 48.7982997531 27.9289761796 27.2396915603 29.0159574001
26.597790435 25.0268037974 26.3529198651 25.1337115272 27.4617120439 27.2495310032 25.7301567888 28.9345785127 26.4994048999 29.2010066782 26.0475210174 26.0177354813 25.2164562506 27.6862005682 25.9871855141 25.0407523358 25.404349493 28.9309661007 26.2206605194 29.2101995756 27.7558327479 44.655266741 27.286157479 28.8213547428 27.4549344606 27.7416569136 26.2038910782 25.0501399126 25.797034531 26.2401884291 25.8096433407 25.3307178718 28.2591373443 26.5161938166 28.3222853046 26.5309300295 27.2202008114 25.3109370222 26.8952490941 26.1970942621 26.085096251 28.6812457358 28.6510582824 28.249506057 27.4245535089 48.5212345309 49.5760166394 28.9429674857 48.7982997531 48.7982997531 47.780972833 25.9016552672 25.1740943047
28.4332639453 26.6666764375 25.9667615121 28.6921887261 27.9837305925 27.0873968083 29.0146802876 26.6909328164 26.5356708041 27.6826438024 26.3234975734 26.8492422728 26.8638737957 26.4311060141 25.1907364703 27.9097310119 26.7679581233 26.0439551732 28.9174454906 26.3208719692 28.8142967306 27.73217226 27.0371580979 25.4581570715 26.5948625444 27.2211776883 27.6435653337 27.5537474694 27.5115910879 27.250255644 27.6849416059 27.688818837 26.0655648279 26.4450533908 28.9730890282 27.4946375683 27.3675566396 28.1799019863 26.7583126388 25.4192150611 29.1191316311 27.7940513524 28.3771900545 28.6736936701 29.1821273496 28.2276740098 25.9342340587 28.6549461711 48.7982997531 48.7982997531 28.2575972911 28.3047128028 28.0517418813
25.5335078284 27.319580796 28.4804761224 25.3972702332 25.6369880662 27.6995709498 25.2380929175 26.9978703279 27.9590017521 28.4138133489 27.0452386876 27.3692243053 28.7479823547 27.7934411316 28.8360909348 28.0203274116 25.1210273282 28.9609127288 25.8231022597 25.9049089297 26.8650967645 28.5361367939 27.44322378 28.3327012281 26.839427095 27.8002163959 27.5342456431 28.3202655627 25.7564403807 25.0264822909 26.0945512188 28.0656304938 26.8183365171 27.5488330205 26.922938222 25.9445852009 25.3913978926 27.5866494408 25.9291201733 27.4151877751 28.9674056853 26.763962595 25.442661125 25.4654776851 26.4381708456 28.543725705 25.0419454518 27.8650188985 27.1499820847 26.5855130886 25.6699358103 25.8167870481 47.0593731441
28.3925325585 26.1160609702 27.6710252349 28.8425539506 27.8472106086 28.9967073547 27.0740629275 28.3956902758 25.3788215777 27.2131474191 28.1416200136 28.5235955476 25.9872518282 28.9307524277 27.3251037471 27.9145898442 26.6409720752 26.3838208686 27.0081480251 25.8134090815 26.7457903368 26.5110078307 29.0450943605 25.6862742443 26.3987476251 26.1531353855 25.7607391241 28.5009669747 25.402559139 28.0936101519 25.6144019704 27.595352209 26.4112399905 26.6374824328 39.7232650673 26.8957905734 28.7652249668 25.7092698975 26.3063199044 27.6771489901 27.055832013 25.0291069072 28.4849362621 25.4769005691 26.5464523007 26.8224402734 28.3454367888 25.4808282215 25.4182929205 26.9883695554 27.1662863925 47.0593731441 27.5205908929
26.761838045 27.6882984953 27.5899108162 25.7787841221 25.5596091808 27.9335306645 25.8868523327 29.173629641 28.8117984969 27.5208608036 25.3937331048 28.6420000867 28.9112220407 25.9308003667 25.2274226635 28.0651555163 26.7356847696 26.8379471939 26.5235390645 27.7382282537 25.2520124404 27.7969526497 27.4034737102 29.1606217611 26.5683867823 26.0539228832 28.8353529249 27.7959882833 26.7413366531 25.0452479256 25.5787156189 28.9413703273 39.7232650673 39.7232650673 39.7232650673 25.5056135269 26.9158541218 28.7718616138 28.9333690597 28.3501729037 28.7551308903 28.0385838867 25.8121329026 25.130717732 25.057806635 27.8339191391 27.5641505845 25.0175569702 25.5815108437 28.0254719184 25.576538544 26.4390514442 26.9125271113
27.6355338447 25.8847196617 28.1308352275 26.1877191225 28.4207554547 25.7050170976 28.3953696 25.0362921994 28.4038868471 27.5971373306 28.5370760093 27.9282594404 27.4383397212 26.6804596273 27.5658896138 26.5956804828 28.813246899 28.0214375405 26.2857081513 25.0201465017 27.1882278649 27.6122799161 26.3471222424 25.6529346094 28.7124172509 27.3367756592 27.4971420992 25.8637246083 27.7613113302 26.9009678961 28.2491273058 26.3962345669 26.3305902473 25.9208507812 39.7232650673 25.8425574758 27.8486625502 28.3620670668 27.484175133 25.2745943998 27.1845026062 28.9844449474 27.858640661 25.6488070311 29.0168863971 27.6587666966 26.239908141 25.8807105558 25.2790089141 28.3834763987 25.1742691734 27.3503387781 26.9441815748
28.3339002687 27.5138224579 25.6734377068 25.9729076066 25.4299647114 28.2336373712 25.4603005468 25.3590081492 27.8557166049 73.4076526321 27.6530921008 27.8772094692 27.7799843107 26.084228851 25.9693722267 28.3695951589 27.0194064707 27.9429105543 29.0783409363 28.3070149679 27.5119387453 28.3718435126 25.4988175071 28.0478204344 27.485539503 28.3257771168 25.9670108296 27.4185809773 25.3721357199 25.4098796728 28.0564547084 27.1965169398 28.4549838276 28.3857560013 28.5610196783 25.4588360472 27.5322894845 25.8053030276 25.7972766098 26.6150116128 26.3932420339 26.8515510203 25.8635782038 29.0070687526 28.5971204112 26.3736638035 26.4886545947 25.448590557 28.8583015256 27.8456472703 26.5559255169 28.1206148176 28.7189284176
27.6195951849 25.6737648109 25.7390191574 29.2107913654 28.6948564419 28.1963241538 26.1771882064 27.2825085916 25.8361588305 28.8338551476 28.4600001718 28.7448976191 25.5129039658 27.1747202348 26.0433235095 28.8421761829 28.8045019247 27.2515669089 27.626791492 25.25467536 26.3399719971 28.2210253702 25.5826854406 25.08929135 25.5479924943 27.7447492103 27.3522993649 28.33381097 26.1783643783 27.7590610456 27.2331552676 25.1539971178 25.9873948583 26.1835788093 45.1571237622 45.1571237622 27.2276106541 25.6316195575 27.9920059198 28.6365797788 28.1557255974 28.8535447733 25.7011316638 29.0367151034 27.2125104111 28.4494435635 26.2681264047 28.8829215298 27.7966224733 25.0802828985 27.5014468695 27.8224258965 29.1184305569
26.3563317563 25.4718470654 25.3986595428 27.7483411188 28.2031544523 27.7542375078 28.6734756278 27.3833515378 52.1992743609 26.2792420521 26.3834962395 28.9273802155 27.127939044 27.8370490975 27.180120624 29.0977798876 25.066098564 28.4555430254 25.3559843714 26.7643347287 27.956331324 28.9262856564 28.8327886335 27.7898261483 27.5977144512 28.6531734557 28.8227899383 27.602552068 28.1779238175 28.2016083465 28.1976333014 25.5967868784 27.8287925555 29.0552813033 26.4697754327 19.070012032 27.6432504804 28.5211280886 27.8239890211 28.9648341521 27.0836212492 27.6286659699 27.3616937088 26.2137922275 28.8036829688 28.0554129744 25.9057247076 27.6953629711 28.3706050042 27.6180613453 29.2259444037 28.2529657134 28.9102121065
27.7999263465 29.0120524695 26.739361839 26.9394327439 27.1937473503 25.9719020596 25.5839959756 25.8832302902 52.1992743609 52.1992743609 26.4533649744 25.3887074414 28.911233989 27.8322573089 25.4054657384 28.9835208797 27.4145033598 28.3361955853 28.4114494362 25.8683525576 26.4705407114 29.2133541487 27.6194877242 28.9530127203 25.9840680025 28.2483624956 25.2015005721 25.4330787553 26.8200426476 25.5899388622 25.5477413347 25.1121452866 26.6253450014 25.8882873563 28.7338698462 29.0819416223 25.6741350468 27.8262010238 27.2613629242 29.2397422973 27.0130190734 26.906150952 28.2399901119 27.2559567011 26.1446751959 26.2909111769 28.5322672904 25.6392023589 26.7270364707 28.4356366694 27.2486136584 28.1973903239 25.4540648503
25.7240445299 26.8024979 26.0252629636 28.4481267508 25.9590598546 28.3251650904 25.3053804777 27.7794493359 26.9240902314 25.2091438449 25.4241395158 27.5542787615 27.5918883488 25.3689028535 25.0155731981 27.8502474021 26.2461899242 28.4639948193 25.3737329697 29.0151108089 28.8440930919 27.3401277506 27.6556140514 28.9418436345 27.8837161162 29.0307300682 27.6377237768 28.0733980151 28.1794582145 28.9178732523 29.2275815252 27.6950156744 27.3316885941 29.0071793305 27.8010808208 28.0830047494 29.1869347252 26.5293905122 26.145392312 25.3926652855 28.2767837117 27.9648538967 27.1903185792 25.7007974216 27.5343215623 28.1780448599 25.1798082009 27.0888398339 26.3616914907 28.0851355541 26.2529571596 26.0420309698 26.6906962843
25.9134558356 26.6168230239 27.4341083426 29.0198981609 27.3562246657 28.9559167398 25.3909954313 26.6781283552 61.4502528461 61.4502528461 61.4502528461 28.1105897539 25.2135171656 26.1353412213 28.0342653445 25.1204876805 26.8131113359 25.3137441705 28.0254782841 27.698707382 28.3508711355 25.2688827602 28.9436757206 26.7155022065 27.5757879449 25.6290489709 28.6826431963 25.5468490148 27.0695670208 27.9127169164 28.4112529296 27.0476351573 26.339048587 28.4717136752 26.6074333455 29.1093195509 27.830866805 25.8683224193 29.0905828407 25.8730265444 26.0848099122 27.458740864 26.8203733931 27.8410824704 25.254706764 27.8264794679 26.9526976379 25.7810285129 26.5991138217 27.9722150441 25.0368685822 25.2273305849 29.1458562583
26.3265515851 25.9972723103 27.9378296683 28.5746394302 28.8385681902 26.6957824721 27.0485163946 27.4539305305 61.4502528461 61.4502528461 61.4502528461 29.2144989559 26.5458384405 27.94498201 27.5589595864 29.0771452168 26.1974107656 26.8069688431 28.6610273944 26.2434095773 26.6369993824 25.3719878941 27.4057065735 26.6175939927 28.7248919287 26.4036361102 28.1854123061 27.9230680105 25.6952237296 26.6393823802 25.4729839186 28.6170537393 25.4974782224 26.5170432394 25.2743354193 28.7421754846 25.9041191028 28.3396435592 27.485452102 25.1343596742 26.5857856224 27.1500201672 25.4126451967 27.7468978095 27.6407225828 26.1779752622 25.3445893606 28.655999481 25.8405116965 25.4801459443 26.3408569995 26.1053863122 25.6613790497
27.3067529563 25.134327543 27.8459969889 26.8560176 27.0453482537 26.3330438494 29.1098291973 25.6069327231 27.8497004654 28.9162270098 27.9708883252 26.0363824817 28.882289112 26.8542835365 27.8179678486 26.6289829572 28.5418122901 25.3371824214 28.347465122 25.0890622489 25.8807871145 28.8016354094 26.3988879232 26.1145648842 26.6001792911 26.9269010808 25.0035578348 28.6866234836 25.7004338375 27.7439819212 26.3488419415 28.9533285685 28.4067172111 27.0061893684 27.0810029643 26.1934891936 28.2981356816 28.1478888088 26.3336335779 28.4858218491 27.2493526794 28.6046014936 25.3951432238 25.6178343026 26.8927542463 29.041406674 27.0646799402 26.6990435762 26.34728431 26.0100826405 28.2076516941 26.6285256803 28.0373390906
27.0083856862 28.8506246548 27.6361003751 28.5115850806 28.3696582934 27.970945725 27.488574515 25.6578316055 28.9204938302 71.6466852695 25.6444297317 27.9492629165 26.5173747952 27.9003307284 28.9224818832 28.487616563 25.6097996262 27.5009183929 28.9059868336 25.7631839776 25.5732337405 28.8473562537 25.5230325869 26.6112033558 27.8032325602 26.6022442808 27.5422961287 26.0878537719 28.321215059 27.5481606324 28.6732690529 27.7360891224 26.1492589124 29.0476117491 25.485357629 27.8601693699 29.0828558852 26.909995468 28.850964416 25.1569718683 26.3054665014 25.3279266447 26.8142306955 25.214144267 26.9915462042 26.941731832 25.2050063225 25.0687406507 26.8139491399 26.8372525653 29.0391377407 28.8633934544 26.7833616908
26.4396101805 26.1858293414 25.8474820554 25.4349388772 28.280146035 26.2787285109 26.9815167504 28.1934726669 71.6466852695 71.6466852695 71.6466852695 27.0709436441 26.1336707561 27.8080971953 27.4912276528 28.1851866809 27.0530994327 27.8217705786 28.7500639156 27.5426527524 25.7999511943 27.394880703 28.9155377598 27.7814923978 29.1665186694 27.3262104851 27.7165310507 27.298842734 27.1535410768 26.6948216575 27.2796965374 27.8966018986 27.1900015847 27.9672363559 25.4276014532 27.6348813862 27.8201631512 28.4099037663 26.4993359678 25.8271259007 27.5810626196 25.49769547 25.9270755017 26.675069748 25.7402000474 27.6599954859 26.3973895923 28.993823294 29.2360808662 27.7036862955 26.8420125229 27.0220662246 27.698547495
26.508512334 28.3680547941 26.9592342878 26.2688041868 26.3962471647 25.8253311801 26.9093736815 27.0546210177 25.6192703954 29.2113343489 26.766122054 25.9955519164 26.1933180186 28.0129466787 26.406041066 27.5806815118 25.4662515608 27.0331003389 25.0346441993 27.9206383503 27.5250105644 25.2048472751 27.1075665626 27.4445458216 25.4937353539 26.3133314665 28.5664949529 27.2100311689 29.0955704171 25.5148321139 27.3784763416 25.7451404912 25.7671320366 25.9156667361 27.4332721493 26.607944754 26.9834237242 27.903904174 27.9690205094 27.4436588276 25.6071790037 26.273907705 25.1295335929 25.0126361133 25.6939672173 25.045193606 27.8429092063 26.3121617202 26.0551471375 27.1914205793 26.3002856159 25.0530995921 25.2866560081
28.5554924248 26.3712866681 26.5818776795 27.0153211551 28.2802164042 25.275572179 27.500445387 28.6818389389 28.2793175012 26.8696550112 26.5264673509 25.6098860473 27.2232250535 28.7197134571 26.7794458867 26.2475759574 26.401030348 26.4581166535 25.0995732989 28.5958315301 25.9316873717 26.3506681312 27.2941708813 25.8949148146 26.6614337915 29.077155927 27.1811063498 26.6636129241 28.8994509759 27.6914114902 27.6173291755 25.3231553627 26.6930786413 28.0525561053 25.2195146646 26.519465049 46.3855193944 26.8299055834 46.3855193944 29.1573002927 28.4229118566 25.436189729 25.0136908453 25.1539137639 25.5597492325 25.2866890591 27.8900195199 27.895957026 26.7141377313 28.8737183305 28.4348311316 27.7242045771 28.7266996324
27.9872714403 25.9694862346 28.3598138157 27.2121426722 26.0192239948 28.49943517 27.6726095836 28.7825876268 48.4498123961 48.4498123961 48.4498123961 26.0563446105 29.0554918019 25.9113651525 27.650812884 25.8972066757 28.2097968804 25.6986521872 29.0622572478 28.0971264992 27.0186627833 28.5061300944 27.6984971624 25.8862222359 26.37169249 28.2727462098 26.9817411257 25.7590294053 25.448670522 28.1041398483 28.0212552163 26.6277595136 26.0428764235 28.8762879242 25.4138334929 29.0076157795 25.5890438208 46.3855193944 26.747913803 25.7097626453 28.8128060195 28.5342054746 25.4100224291 26.252011539 25.1236129568 28.9553130201 26.3656035789 26.2020612835 27.9082406815 28.8270728908 25.7404158814 27.0126825253 26.5353253086
26.7661161445 27.9657575468 26.5825848033 28.7898120991 26.5836842186 28.6265450346 28.0358554109 26.8091622303 66.1648204278 48.4498123961 66.1648204278 26.264108903 29.0318209183 27.5305906697 25.6193635656 25.8443618701 28.4654110645 26.2888006875 26.2984769657 29.0609752821 26.4093932644 28.8401039342 28.8572884724 25.2723535757 28.2634878448 26.9110119778 28.8995325663 26.3874524074 26.4181981783 26.6850515532 26.5128676287 27.6086971231 27.7581163171 25.3999269796 25.4105300259 28.226075472 28.6638078949 27.2732977938 29.1156450802 27.3753943234 27.917263803 26.9056079744 25.8168107101 27.5590473743 26.2026015239 28.1484929713 28.5479371953 28.252276409 28.6444241314 28.1115847991 27.3781442627 27.5151688626 26.4267475556
