Spatial_Output/90% DEC/90DEC_1403.asc
NCOLS 155
NROWS 192
XLLCORNER 196769.923733
YLLCORNER 449719.875193
CELLSIZE 27.603701
NODATA_VALUE NaN
[rows 46 to 68 of 192, columns 0 to 52 of 155]
32.5780280419 32.5333862957 32.8020218977 32.6457133654 33.1300887552 32.959886176 32.7904468733 32.8426841804 32.9899722696 32.8981597775 32.5736057523 32.6962187952 33.1241898316 33.034946056 32.9927487882 32.8733553479 33.1125296961 33.1064597001 32.702922329 33.1382063335 32.6414470065 32.9199043554 33.1363278114 33.0530308245 32.7222427511 32.5043193375 33.1364149999 33.0839719518 33.1209281489 32.5105830741 32.5118374025 32.6194870858 32.6387963228 33.1033677397 33.1572635078 32.5603804122 32.8317977916 32.5174650776 32.8967646842 32.6726175578 32.5442107146 33.0598074326 32.7388575774 33.0518019774 32.7302771348 32.7826472254 32.959174316 32.6531059445 33.0669965047 33.2040793498 32.881753664 32.9227600829 32.8656843102
33.1017868967 33.0730160189 32.900378134 32.812400635 32.9166687879 33.1225076761 33.0624625996 32.8122757876 32.7882783138 32.9566996654 32.5636628267 33.1155664588 32.7349372636 32.8667765836 33.0858720093 32.5853043957 32.6549887482 32.5973735007 32.8611369939 32.5752762291 32.862280443 33.0580115966 33.0845127308 32.8120948426 33.1203946716 32.7309127925 32.6060473814 32.5470544961 32.7216277605 32.6212142168 32.8000492381 33.0189031157 33.0665373945 32.7323017711 32.8528308694 32.6217271638 32.8722952587 33.1430270056 32.6516818021 33.0603696013 32.5845468729 32.94466849 32.8748433337 32.7621767742 32.6654954436 32.737638424 32.8614686091 33.1936441867 32.595685869 32.800114559 33.0252429822 32.7059226969 33.1456217564
32.8025844079 32.996734329 32.5673934077 32.6819586338 32.644863474 32.999614081 32.6826236546 32.7513591767 33.1618033546 33.080497566 32.5400889254 32.6005110633 32.6002137647 32.8165406379 32.8517480396 32.9812972658 32.7888682526 32.939692402 32.7485090631 32.7302814972 32.7956251618 32.8574817412 32.6829479187 32.7844929392 32.596967126 32.705861708 32.6772601831 32.7801526231 32.5152016832 32.5826454241 32.9427912329 32.7037330559 32.8966958109 33.1586379836 32.878329253 33.1233983767 32.69844657 32.9082265766 33.0250580111 33.1929488841 32.6404902118 33.1277055041 32.980859373 32.7340945039 33.0045541388 32.7096068418 33.2025239523 32.6348599736 33.0217711005 32.9694239643 32.9371531121 33.1888279371 32.6282247116
33.1683523565 32.8537650237 32.909575777 32.924790222 33.1163248366 32.5346279626 32.946424466 32.8909428505 33.181145173 32.6389729339 32.8311550361 32.7781103295 32.6437860086 32.9638868337 32.7567509849 32.8701217256 32.7319844136 33.0372791902 32.5463827028 32.797735925 33.0648021138 32.8029251688 33.120760527 32.881819389 32.9087064415 32.5934594397 32.9527305791 32.6832585968 33.1693507416 33.1535453008 33.1013264236 32.8706493421 32.5327300571 32.9815328215 32.5531464229 32.7787183992 33.0718193487 33.1358273342 33.1068502183 32.669637746 33.085922363 32.787183001 32.5481927067 32.9569269402 32.9928286572 32.5755219331 32.9084996697 33.0016316544 32.8555268589 32.6201665698 33.1146379271 33.2028041055 32.9053302331
32.7878260448 32.9454275925 32.6834757887 33.1578272385 33.067931646 33.1776508835 32.5908601287 33.179659982 32.8092950621 33.0071042434 33.0703757833 32.5317114475 32.8043385104 32.8952839091 32.967074452 33.033861432 32.7067092888 32.6384444256 32.5997648752 33.123673832 33.1767742771 32.6147497385 33.0827573143 32.6378163623 32.9926927701 32.8709053903 33.1535598772 32.9122542069 33.0576182868 33.0640986627 32.7290942902 32.5184525326 32.777661621 32.7464629636 33.0538996065 33.0635977159 32.6355486119 33.1325961658 32.6945125993 32.5145307162 32.9617864476 32.8053284078 32.710391356 32.8571922641 32.6421298876 33.1580025695 32.5608948932 32.9297660701 33.1340454274 32.5321776083 32.6374094033 32.5228256301 33.2038083838
32.7382608117 33.0096525541 32.6194107827 32.5380697873 32.8276934448 32.762816582 32.5071160768 32.7622519348 33.0937230094 32.5670576127 33.0853046252 33.0753402225 32.7150756895 32.5837149889 33.0865412011 32.7541601144 32.7218083834 33.1277997328 33.0100064188 32.7191293715 32.9957255715 32.651057764 33.0597235084 33.134149627 33.1093094502 32.627875145 32.5191370431 33.0001151742 32.9147489283 32.5599278245 32.732088846 32.7625948017 32.6101922881 33.121362052 32.8810786355 32.6560721731 32.7515640164 32.8187424299 32.5596328395 32.7914685989 32.6296727853 32.5634583677 32.7245199317 32.5209988241 32.9776948881 33.002069375 32.6178707679 32.6539312024 32.8297764156 32.6124344965 32.5575411515 32.6832009342 32.9637809475
33.1466389001 33.180657907 32.7301115234 32.6753215883 32.8017073468 33.1948817355 32.8692750673 32.5625726596 32.7992119976 32.5518319784 32.7500205467 32.9402172929 32.6412678174 32.9619447264 32.9724704875 32.7991358197 32.7533696285 32.8854445712 33.1862318805 32.9422451578 32.7014214708 33.0549146984 32.952300149 32.5865979801 32.6708023962 33.0197809383 32.9021490704 32.9433889695 32.5545329626 33.1275369561 32.971564815 33.0269576607 32.8538771588 32.5633862646 32.8826942181 32.9866806193 32.6591672664 32.6714971216 32.6510653075 33.1457848495 33.1045985376 32.9684936677 32.6983976293 32.8439473131 32.9960865101 32.8135453086 32.5985141107 32.8041037685 33.0328746877 32.8452765183 32.9447953153 32.5381393542 32.9742197135
33.1128418605 32.8259252402 32.8147691835 33.1659975886 33.1582891158 32.7883967344 32.7849491157 32.7501203375 32.9495175831 32.5800043643 32.7458514556 32.5090298806 32.6812403327 32.5996564513 32.9836510942 32.704894327 32.5568726202 32.6995359517 33.1173043005 33.1555155958 33.161196692 32.7386043633 33.1561274887 33.1117388294 32.5446649126 32.5221606979 33.1578717035 32.8197640458 32.7948605905 32.8975049998 32.6080046408 32.8651041714 32.5422221345 32.9281299784 32.98321907 32.5862203919 32.672443969 32.800437128 32.9666280695 32.7315181529 32.7325027509 32.8853235988 32.70928637 32.9601289765 32.6462656318 32.9591180916 32.8378996517 32.9479876545 32.5472039691 32.8975940236 33.1567277531 32.646889149 32.5845809367
32.5558748605 32.5669135009 32.7462751882 32.7864599606 32.8845892527 32.8503219582 33.200310352 33.0438022489 32.7004379425 32.7047337117 32.8146386989 33.1405911488 32.8528679664 33.2025964531 32.9465810387 33.1830771716 32.7770367888 32.5033725764 32.7173020724 32.9610124482 32.8740490164 32.7700867685 33.0699770192 33.1021469857 32.9855144816 32.8316000087 33.0081774858 33.0376910246 32.5191156666 32.7467819878 33.1880062508 32.5949841655 33.1887944811 32.9613171019 33.0956748224 32.9543909693 32.8735593646 32.5525242147 32.8764701934 33.2031621887 33.1376825845 33.103482746 32.8250243359 32.9772304138 33.0395534402 32.8630339446 32.5384326766 32.6493995161 32.8807278035 32.990130992 33.0341112652 32.5370314882 32.942774767
33.1820527593 32.8193375828 32.7563237316 33.1712759342 32.5736189428 32.5199644949 33.0616715257 32.982781097 32.8155477724 32.9021348566 33.1911727431 32.7177121351 32.952533436 32.5928895861 32.7652770161 32.6869041149 32.5644774242 32.5379665012 32.8156213731 32.8304759903 32.8901177784 32.6127157087 32.8294369947 32.5533414006 32.6216930373 33.1278558549 32.5992447247 33.185102391 33.0572022814 32.9984629926 33.1951649821 33.1942246982 32.5177650759 32.9564029225 32.9376121793 32.5988122425 33.0539835901 33.0312689356 32.8606174612 32.9802178817 32.6491851391 32.9295956628 32.5206028226 33.1618350184 32.6460989646 32.8380995175 33.1613311771 32.8013693621 33.0151402325 32.5071942556 32.7528967897 33.0084446153 33.1544851398
33.0674365591 32.7652363148 32.7548743408 33.0221537541 32.740081396 32.51760334 32.9364095339 32.6285768654 32.8177506129 33.0305015102 32.9156253123 32.9459938681 32.7099498391 32.6780949893 32.9388660405 32.5340309784 32.7389575158 33.0321876445 33.1970048145 32.8137905431 32.927755276 33.0755056273 33.0302851166 32.7565922444 32.5275932252 33.1419818873 32.7701040447 32.6152819346 33.030242909 33.0602758962 32.9292673532 32.5694786437 33.0037358965 33.0658269219 32.5411286452 32.6737241547 32.738377043 33.1443369758 32.7744932258 32.8187484203 32.520226401 32.8669957249 33.1428366712 32.5783085427 32.574928585 33.0856227446 32.5070198227 33.0748790481 32.5622993232 33.1820084962 33.1939691086 33.1013218704 32.8522976633
32.719704541 33.0348697222 32.9129134775 32.9126721052 33.1698785664 33.1176081957 32.547884142 32.7004756824 33.0669400927 32.8090238734 32.5107340853 32.5030272779 32.5977814006 33.0981251991 32.9921150462 32.8383766492 33.1550020952 33.1031407441 32.9823700839 32.9353923275 32.8812407489 32.6803790508 32.9653666142 33.0300400695 33.1208098268 33.0870233639 32.5881686402 33.1654003305 32.9225482652 32.5240720206 33.022254052 32.6276918827 32.8584517542 32.9087208761 32.7797810648 32.6507492634 33.0465818768 32.6053442768 32.5096883602 32.6280379866 32.6466842112 32.8269372877 32.5054001792 33.06360801 32.8643276058 32.8798147076 32.9675669824 32.7369518833 32.6297730888 33.1260239176 33.0205967593 32.5642026104 32.9016020506
32.7502104776 32.9455901028 33.1949695524 32.7025030538 32.7443040984 32.6694632316 32.5298691899 32.8206646146 32.7719999636 32.9940319789 33.0105944132 32.7365880138 32.7191832305 33.1558301641 32.8054178383 33.0970625203 32.9089466984 33.0559449994 32.6042137207 32.7777156769 32.9941442038 32.563473174 32.8593353179 32.5159241622 32.6481540564 32.7225777018 32.9361006456 32.8091306639 33.1233454972 33.1864704737 32.7594105531 33.0412772404 33.1260519902 33.1664330469 32.8567170697 32.5162320937 32.8787072156 32.685169179 32.6409377672 33.051614081 32.5941020666 32.7192612334 32.679056079 32.6660172584 32.9189195387 33.1416779308 32.5826988899 32.5943020428 32.7661176014 32.5698151543 32.6540948983 32.7029490683 32.957868856
32.6470078945 32.7519628818 32.7558640066 32.9890538438 32.9731950876 32.785336209 32.8566212122 32.7638144883 32.7239034232 32.5183023269 32.5591536253 33.021776912 32.7259570906 33.1130104143 32.9744684159 32.6484710905 32.7043241471 32.9790949926 32.8781520763 32.7085907029 32.8330716245 32.9394819323 32.5292554853 32.9356363518 32.6040512978 32.9341888132 32.9654431518 33.0286483115 33.087861035 33.1372812079 32.6026073908 32.5614345809 32.6679865196 33.2062380576 32.7594681669 32.9654583951 32.5768707463 32.5610371318 32.9555041159 32.9753632215 32.5102986527 33.0991008054 33.1985721113 33.1071865833 32.6989621671 33.0284203537 33.1822732725 33.1760589719 32.7465123898 32.9652488132 32.9183578188 33.0592154867 32.6013248404
32.7056543948 32.9166636223 32.9359047935 32.8254349268 32.6236464907 32.9646748811 32.7880383812 32.6924065087 32.6865061533 33.1903323207 33.1792314233 32.5843172221 32.8934621432 32.6325040361 32.8839776684 32.6120305295 32.5209446955 32.9624382212 32.6431693655 32.8593318666 33.0965794332 33.1131954185 33.0553502727 33.1000969896 33.0820844698 32.8650017701 32.544777535 32.7521694694 33.1255977307 33.0439604366 33.2016694654 32.9810310861 32.7356338779 32.840492521 32.6052944912 32.8159936166 32.7314190681 32.8454168245 32.5425242263 32.761213351 32.8137923277 32.5142756147 32.6001288252 33.0942024394 33.1898606707 33.1531448304 33.2039429423 33.1912721079 32.5344428094 32.5115349468 32.7916446517 32.5290795818 33.0105962741
32.5095922749 33.1114134427 32.5902108384 32.9440903111 32.6717358865 33.026198254 33.0765854555 33.1534306379 32.5892307792 33.0472533213 32.9679547337 32.7817446078 32.5136262335 33.165247619 32.5188373433 32.6722104068 32.9097257525 32.6374892218 32.8461319304 32.52371226 32.6288096053 33.0942307791 33.0582244721 33.0124467235 32.8602733972 32.6874272227 33.1293880812 33.1745052763 33.0814647702 32.7186053875 32.8790610558 32.7249597281 32.7395341974 32.9923596595 33.1993994705 32.6602403613 32.7312055294 32.7170559125 33.0665979708 32.6338100026 32.8159934667 32.9465793209 32.5037429479 32.9085070979 33.0578270731 33.1182234159 32.8991723808 33.2026630373 33.0703209316 32.9863858001 32.9119860556 32.781253463 33.0796017404
32.5751695779 32.9043145074 33.1725208963 33.1372662744 32.5157901802 32.8107536957 32.5955972018 32.9416423353 33.2040239078 32.6743345104 32.8317161317 32.9310342102 33.1244498091 33.0086154451 32.5075003913 32.6751199905 32.6571224668 33.1797923204 32.5215307188 32.7517836679 32.9292162638 32.8114011847 32.8493715206 32.9837667221 32.6126738933 32.889495285 32.5347454713 32.5112173022 32.6504516769 32.8046919332 33.159863308 32.7318512261 32.5329793983 32.9094997993 32.9690397342 32.7321635414 32.6526042864 33.0395849267 32.8364493481 33.0096763142 32.5094402973 32.9026016249 32.6696985704 32.6565712237 33.1861595276 33.0438643905 32.8528247616 32.5771491988 33.0780900793 32.7734274259 32.7868027163 32.8360342813 32.6394616216
32.768591172 32.8581486117 32.8490604419 32.7745980948 32.9467810428 32.8807839107 32.9573229206 32.619639843 32.8943192387 33.0232242531 32.7141614737 32.9091827414 32.9161537857 32.6575941061 32.8650535615 32.6739685228 32.5194217568 32.6113727446 33.141131388 32.756129688 33.0006148501 32.9999272965 32.956452098 32.8191295693 32.9240819742 32.7655512571 32.6398999924 32.8325056364 32.9141080642 32.6747433993 32.7941311374 32.7478538535 32.856950759 32.7107055519 33.1026245616 32.766217252 32.5699089303 33.1322630824 33.0902953213 33.1620158251 32.7141111178 32.7767528599 32.6405495406 32.8101988057 33.0976248235 32.6291185651 32.8312881657 32.6909847759 33.1491188138 32.6031155028 33.088450931 33.1644864128 32.8131887977
32.5465207187 32.6677415637 33.1219176968 33.187756983 33.2049730812 32.8980071779 33.0833137975 33.1182704832 32.9038913983 32.7289599332 33.086097071 32.7771876542 32.5982732802 33.1472336707 32.8409067493 32.9913126613 32.905383573 32.6863406225 32.9936590502 32.5670433607 33.1521747366 32.802269134 32.9249524057 32.64564663 32.5108306962 32.9728680054 32.8447902997 33.1782017061 32.7005987796 32.7449123996 32.5010691778 32.609397983 32.8742763034 32.9701261466 32.5595993216 33.1652867527 32.5099854253 33.1571838519 32.9112619277 32.5744031413 32.7029576745 32.8387378226 32.8788706624 32.8097614391 33.1023541147 32.9432904078 32.7977996171 32.846127533 32.5478402973 32.6188730372 33.10276534 32.7094406219 32.9479525168
32.9434292592 32.5914220694 32.7739639537 32.8717999936 32.8924247327 32.8888395741 32.848259613 32.6605425764 32.5636945446 32.7684557076 32.907792418 32.9304884429 33.0794338205 32.6377330295 32.7451445679 33.1820414899 32.7313869927 32.7278905495 32.828942067 32.9093062807 32.8996172279 32.9101519965 32.7052565749 32.5455911827 32.7939520155 33.1497106608 33.163757733 32.627376923 33.0873533648 32.9108336017 33.170583011 33.0924213143 33.1415500151 32.9563684497 32.515251694 32.9032666079 33.0638596583 32.6951333562 32.7624753595 33.1916188595 32.6069557179 33.1858365766 32.6652488067 32.8416434147 32.8125073877 32.5590579118 32.976122223 33.1043497901 33.0296295215 32.5127848187 33.0960708839 32.5843026202 32.7671767067
33.116091073 32.7049434312 32.671370002 33.0454172743 33.0849237123 32.6508817827 32.7987577304 32.7228660706 32.5551015033 32.9151824019 33.0062124189 32.5010752652 33.1915917917 33.1308984585 32.6270905098 33.0146286701 32.5975410652 32.5550796217 32.7070273335 32.506643813 32.8420714442 32.5002575147 32.5441642671 33.0352524225 32.6400541835 33.1535156156 33.1032835963 32.6272806688 32.9095765783 32.8431298303 32.8497082366 32.6763895086 32.7483937916 32.6493936084 33.0677504134 32.8173627696 32.9535566448 33.125378342 32.6978607233 33.1907295687 32.9761723577 32.8474097201 33.1078419822 32.9951999855 32.7956994445 33.0601135152 32.8049804243 33.0443036146 32.8047473271 32.8408157001 32.89385132 33.0315237388 32.6717543619
33.1826438161 32.6754392879 32.7400379826 32.7738451889 32.8863024781 33.1251881509 33.1747551905 33.0449967724 33.1597855618 32.5409113642 32.9806154711 32.5814158775 32.6696604545 32.9730182058 32.6181122685 32.9769460637 32.7886233071 33.1029741477 33.0723287465 32.9164794384 32.5734668345 32.6906946593 32.5960751063 33.1721984675 32.5150389545 33.1233215309 32.5418431657 32.83682807 32.5260171936 32.8619516498 33.0829573298 32.9286627834 33.057519436 32.624159233 32.5822003306 32.5889480544 32.7920610531 32.8847883457 33.0500498746 32.9727256119 32.9653389961 32.9117142295 32.8051610706 32.9259268419 32.5657545188 32.9239316562 32.5739256228 33.0225417401 32.7524392644 32.7045257618 33.0595586577 33.1509932178 32.500111686
32.8268016584 32.8697327479 33.0417038835 33.2060685016 32.7379569309 32.7677380317 32.7771561758 32.7895514375 32.6094168757 32.791055758 32.5217718641 32.5149627057 32.6206867144 32.6159579586 32.7287083582 32.9130095457 32.8961901557 32.6186473408 33.0961790804 32.8525259063 32.7391755254 32.5780925749 32.8861463528 32.8406043017 32.5551788757 32.9551980446 33.1169611738 32.6792484924 32.8652207357 32.8345693522 32.5338223671 32.7240506712 32.8229145293 32.9530542695 33.1449530279 32.5236551631 32.6444983738 33.1288291321 32.787608361 32.5312413682 32.5542728278 32.8603296691 32.6381492308 32.5757998676 33.1491674807 32.6707031401 32.5727082292 32.7624423839 32.5842006277 32.8423838818 32.914308877 33.0202175414 33.1438206825
