Spatial_Output/90% DEC/90DEC_0375.asc
NCOLS 155
NROWS 192
XLLCORNER 196769.923733
YLLCORNER 449719.875193
CELLSIZE 27.603701
NODATA_VALUE NaN
[rows 69 to 91 of 192, columns 53 to 105 of 155]
33.2819052624 32.9982300621 31.7423234674 34.084018755 33.4855383503 34.1570862559 33.1412834537 33.1589001165 34.9755766029 31.9790642454 32.9202594689 32.4363055533 34.5391758048 33.2333144481 34.5196877594 31.6733388641 34.0949544417 33.3903602425 34.0937078765 33.3745841418 34.8211300314 31.9426528819 32.2731114986 33.1518719461 32.3363770854 33.4181874679 34.2154728535 32.987882899 34.2392583659 34.1552588935 31.6840398102 33.047832662 33.3919506969 31.6491797618 34.3818696259 34.2719486834 33.8596164485 32.3113336662 33.1313118926 34.3239164094 32.6081865874 33.2213399178 33.0528812645 32.1911924847 34.2538090751 34.879200142 32.1654924108 33.121640993 32.6027209727 31.644880561 34.9258117161 33.845326695 32.8349356271
32.5704014774 33.6609497349 33.1752739689 33.1023122823 33.9888865715 33.7666258413 32.928097507 31.9685336683 34.8008137297 33.6808539073 33.4600586927 31.6802599785 34.8745338733 33.4345315333 33.289707711 33.2364781433 34.5431697422 32.3819149581 33.1899415201 31.7945120494 34.4037479729 34.6976616154 32.7707231824 33.0567557626 33.1544808152 34.2211597322 33.2475485644 32.4101017291 32.7292108897 33.5280288694 34.1273520666 34.7488969885 31.5859113126 35.0177875211 34.511169572 33.7612697659 33.5884060996 33.6899560803 33.8625537449 34.4301892705 34.4810734007 31.8599074888 33.7544886273 32.50383896 33.0906582506 31.7369732927 32.7972741571 32.2653677405 34.7250232867 32.0454162545 32.2908611735 33.6538083381 34.0146979739
32.5845015643 32.6690170547 34.3792226426 34.8078573015 31.5587131301 33.1327746755 34.5261360305 32.3922100487 34.5276361123 33.0759799168 31.6267284975 33.6887693299 33.2680573381 34.9090450224 32.0121428668 34.1347497708 32.6064049757 32.761946121 34.9581873009 33.5775882326 34.3258941735 32.4224717543 33.037431434 33.5952172357 33.9353761501 33.8470658357 32.5624470114 34.9970773233 32.3376691253 31.6139566576 35.0077182978 33.7985846498 31.976055267 34.2753688622 35.0149529754 33.2143313376 33.2614703666 31.8770234466 34.4050959165 32.881935214 31.6167368217 33.1531830165 33.0696679626 34.6943926653 31.9025376205 34.7516652739 32.7180088164 34.4818928257 31.5334271128 33.2379060831 31.9652372353 34.5874402901 35.0243476868
31.6374744332 32.6905429032 32.877003567 32.7915121833 31.8711338334 33.9109574909 34.8985448488 33.1914570005 32.4186823634 33.2939258569 33.0762660461 32.4330114882 33.5234561473 34.0984875506 33.6321633306 34.3010864566 31.7782849546 32.515257995 31.6695733362 32.7012944958 34.0844230048 32.1007817702 31.5984071125 34.2428008483 33.434184053 34.1962526539 35.026406596 34.4859090177 34.6006704207 33.5695877511 32.2317392459 34.5267512484 31.5752588908 33.3562249037 33.6224894527 32.2853940289 34.2412887026 34.3901808664 32.675962114 31.5805692046 32.9784639465 34.6352591484 31.7357730731 32.6097192929 32.6694522389 32.1333733507 33.9330549396 32.8082795614 34.3588896944 32.4378742164 33.2922300195 31.5298810469 34.4720631193
33.0398518307 31.6134040149 33.0897461202 34.0306133786 32.2300855462 32.6417345307 34.1779523375 34.2778016084 32.4177798476 32.4148639399 34.0394283768 33.6340154418 32.3617137674 34.5697420246 34.4548362915 34.615410801 32.5507659546 31.7007381542 32.9974018158 34.0729808792 32.8740689371 31.7778008813 31.8953639435 34.2709346727 32.938028547 32.3188355198 33.1325978291 34.2524896834 32.3762032313 34.335395121 32.9018347448 33.4703154254 32.6987009659 33.8790782238 34.7913946856 31.9574816668 33.0008240079 32.0094660906 33.8192629681 34.4317492517 33.7526468574 34.0965432428 33.9241349416 31.6958061715 31.8193498121 34.5275237235 31.7960554582 33.2717715675 34.556079999 31.6755799769 34.9931628811 33.5647004128 31.7859466551
34.8372835173 33.2974556861 34.2387759162 34.8824382023 33.747952423 33.3199404181 34.0417089347 32.9571640881 32.6451426867 32.0011213635 32.7939723614 32.3035338165 31.9052436033 32.8945089443 34.6199804994 33.0544429804 33.2950148602 31.5461357952 33.6802065212 32.7760728756 32.13817371 33.3784980343 32.7056240733 31.9777549424 33.4713704924 32.8960328927 34.9274578747 32.0357976809 31.683848062 32.3983305238 33.1059719281 31.8329166026 33.7542130002 33.4490973631 34.1868942659 31.9230273866 34.2764676696 32.247729203 32.8503274518 31.5043434445 34.2543146047 34.5921912976 34.1241361943 32.3312703228 31.5513417549 33.0293026906 34.2954783286 31.7709077814 33.2770892925 35.0351540262 32.3911555022 31.950421182 34.0134103785
33.3966002357 33.8584085657 32.3437038485 32.4090218151 32.386179779 34.2913138457 34.3768896661 32.5121014201 34.4811494858 32.2902491575 31.9157532957 31.9810767165 34.4586547781 34.2294891076 33.1043311207 32.2990796658 34.2330326651 32.9150209866 33.5839207198 32.5270763747 31.8681162487 34.9551406675 32.8825768739 32.082181154 31.7259433424 34.8064349111 32.5473437801 32.7418789952 32.0711692759 34.6645768117 33.6518842998 33.7761150394 33.8465036967 32.3014810959 31.621746446 32.5829243767 33.7983407503 32.0757780721 32.6423192869 33.4427862926 34.8781815236 32.5652763462 31.6767521592 34.3589148609 33.1913370498 33.8549494009 32.8748449604 31.8940359076 32.4722702315 34.6388066543 34.5933864507 32.0642175868 32.8750154451
34.5831987593 34.8057773808 33.8542447328 32.673060265 32.63920439 34.488334168 32.7698408625 34.1292944161 34.4221928134 31.5700644791 34.9950267595 32.8488052406 31.9893498639 32.6734394579 31.7871165347 33.1071238076 33.7381460339 33.3437047433 32.5830990229 34.0701836142 34.6693789189 32.3282987625 34.3217071646 33.9114284745 32.8438290886 33.1437939069 33.4020046404 34.1092096722 34.4043108571 32.4081907626 33.4752916143 34.5705077049 34.4903644252 34.8085319438 33.3417266433 34.1258304821 32.0583865837 33.749295795 34.6371822659 34.7510094452 34.9865710911 34.520793259 31.7842125464 31.952219442 34.8061842208 34.4102530149 32.2213015102 34.8750478408 33.3433440536 33.170878247 33.7007843428 32.6071517958 31.5756441956
31.5359785993 32.3064364683 34.4333323863 33.5417784954 34.2916846629 34.7196824243 32.8804119234 33.1674563464 34.4374701009 33.8233733631 34.8250078367 32.3901902661 33.4205828821 32.6287951828 33.5141179337 33.3009495696 34.9023847948 32.6372863758 33.6879991601 32.7807865411 31.9488548265 33.8487636843 31.6406573285 32.4240322596 31.6939144517 34.6806917009 31.5602739285 33.0158118109 32.010773177 32.3567731079 32.8329009936 31.856822237 34.0600151114 34.8689074187 34.675648006 32.0882359842 34.8473151502 32.7014840805 32.556319582 32.172642002 33.8973250226 33.9777335156 34.5024848904 34.2164145901 33.3765969668 33.7284978779 33.4577834331 32.289620308 32.4481936679 34.5497758208 34.046774549 32.8324934931 33.9703911632
34.2425328377 34.0260031931 32.4592188077 33.6647091764 31.9708073184 34.5752349526 33.4304991272 31.5319398526 34.6478379505 33.908077469 34.5169881193 34.676300137 32.3251927384 34.0589617468 32.7064915631 32.7498756007 32.6518338281 34.0065025484 32.3041794396 33.2603610257 34.8836735802 34.5965497373 32.317533957 33.4463292313 31.8634187162 33.4090684177 34.5789837087 34.8858159705 31.5234897331 32.687043646 32.0682774052 34.3052054632 33.6431803752 33.6696634225 34.0543194416 33.5345198794 33.8264710287 31.9204634615 32.174519115 32.6530425032 34.7290091444 34.8658411564 34.7454139325 34.6137120013 33.6534583679 32.4528028183 32.9245540619 34.4723060355 33.2163909187 32.5341242698 32.0267171312 33.2273585493 33.6962267169
32.9319485792 33.8316970745 32.7552475345 32.7437530857 32.1017544802 31.9624385579 33.8978333627 34.7877949581 33.3752762741 34.5788568162 31.7285346293 34.1214435199 31.5245812954 32.3386945461 34.1634213332 35.010381906 33.2965917201 33.1755102624 32.477759979 34.9265097396 33.225424816 33.2573505197 32.5620359861 32.3172862064 33.4740656035 33.5738014372 33.2262379 34.620056013 31.6540594592 32.1983599195 31.7872905588 32.8893131431 33.6395124848 33.1303704562 32.0808561195 33.3912721095 34.4866218983 33.7436971854 32.0841160459 34.4127459094 32.5692463679 32.2953716088 31.5059708769 32.3077113243 33.7082171233 33.9001284957 34.9769691511 32.8117951299 33.3996590931 33.5381704351 34.09548429 32.5964179012 32.0306117767
31.9645476516 32.6223263154 33.0939052588 33.1690691509 33.5005622942 33.1233537861 34.6291928335 33.0525525018 34.2301834533 34.1502317875 32.1279913326 34.5382625901 33.3521547528 34.2404391367 31.8154608099 34.8313742535 33.5304881845 31.744569495 33.0410528467 33.999352427 34.5742217028 31.9806855333 34.813649233 31.7339876705 34.773151196 34.9647606767 33.9008823332 34.2985517489 31.6946725966 31.8796075367 31.6312759022 33.8882829423 34.9468739559 32.4937741335 33.3907624943 31.9424111838 31.9362558623 34.3093423911 34.5096415109 32.9842548777 33.0446303704 33.808540949 33.8397923042 34.9042988012 34.4261652523 33.1879842645 31.8793524803 33.2105171307 34.3068032078 34.7869046235 33.7049722744 32.4613355198 31.7845090441
32.6466455742 32.2624394195 34.9126845379 33.1084885096 34.4165027342 33.5596826823 33.2708998408 33.5841582633 33.9285622706 34.0916431366 32.0179576227 32.1730553785 33.5412735929 34.2748062225 34.1387496423 32.6543158378 31.8399103135 33.579598928 31.8782977597 33.9239580799 31.5149385154 34.0454137251 33.1400647805 33.7673053868 33.2088234815 35.0309046524 34.0526902157 32.5802484659 34.8510036625 34.7727278217 33.3829194164 32.4176370925 33.113158293 32.5882993248 31.534310424 32.3001462926 31.599978084 34.6826711415 31.7642439519 34.4972618037 33.7106284443 31.9279589452 34.560537651 33.245121573 33.1545898586 33.9369561535 31.976270802 33.7047508279 34.2303701269 32.4416114106 34.5845262259 33.6020265801 33.6164466419
31.7252285474 33.7182462453 32.9855085451 33.3101076518 34.651080091 34.5489329336 32.0061989234 34.4033226947 32.2381519917 32.1060644148 32.1624139429 33.5562580756 33.2706273062 34.6096495585 33.8671486347 33.0091990225 34.4896131282 34.8969631056 32.7410561198 34.5610197445 34.8227890808 34.1820875538 33.8356926168 33.2693904703 34.0611275008 31.7788395173 34.6667520936 35.0192907575 34.9430592717 34.8526138688 32.381416219 34.3828834293 33.4161163374 32.9641121591 34.9438263372 34.8338953737 32.0953558848 31.6603742191 32.3742356272 34.4577304222 35.0248004107 34.1357090133 34.5293465357 32.8162476916 32.9283936562 34.7381335531 32.0612878203 34.1031745131 32.1889499633 34.9136969638 34.1981918246 34.5398590558 32.0846049833
34.0464410713 33.68533212 33.1252649668 34.5584056942 34.4836285428 33.7140372088 33.1368856062 33.7518124818 33.995206231 33.781779582 32.732347443 33.9648041643 34.8224194627 31.9792312066 34.7418151596 34.2813510564 34.2864073818 32.3146711697 33.0191561629 33.7771901346 33.564195328 34.5706773911 33.544712871 33.4887221581 32.0317936674 34.9244578799 34.0430198772 32.6506931125 35.0322867537 32.6041484148 32.9115099544 31.9561975708 34.1799966644 31.8865127978 31.6493349543 34.9945860529 33.0258139047 33.4945512171 33.2452484384 33.4420884274 33.6798420404 33.5376781054 32.4944552657 35.0340976989 34.5545918351 31.7428472026 31.5316997446 33.6142596544 34.6697067037 32.0496936398 33.2598919923 33.8378945532 32.9327131351
32.1477841003 34.482418582 31.7184158245 34.371362716 33.1222251758 32.2167567806 34.1577989974 34.7959749125 33.5243352695 31.750295926 34.351116891 33.080832577 34.4987694174 32.3458233737 31.7286711201 31.7427061734 33.1757824413 33.385109259 33.1334180825 33.9701567468 33.0834287996 34.9490584311 34.4057315311 31.8505134202 34.7619457849 34.9811901293 34.7123964742 32.1787304322 34.7840105259 32.5544805354 33.9390714512 34.8317549748 34.8952568433 34.0527426477 32.5015299243 32.1167419631 34.6263856302 34.5809832029 33.0054207543 34.0847426425 31.5229006034 33.3077590063 33.9099615598 31.8816315428 32.0716792639 32.2061591566 33.7158060464 34.111520195 34.3290028369 31.5015608113 34.258973631 34.1159936869 34.7724480064
32.4051280663 34.7384059681 31.9051284162 34.8009361872 32.6930267432 33.0640497646 34.5338820811 34.4088573265 32.0045172421 34.0715664448 34.284505736 32.9321223741 31.8841202486 32.2983881928 34.7649788155 31.6094262472 33.672764862 33.0050867817 34.065617299 32.8975970622 32.0792358676 34.0388003914 34.4233200695 33.3033155678 32.7322681028 32.2871611099 34.4596769944 33.2718993607 33.1682325395 31.624664947 34.8501248487 31.5787866642 32.6845938187 33.6040940552 32.3510091781 32.5979035982 34.0739265327 34.2606978731 34.2161513311 34.0627482582 33.9740838245 34.2424337278 34.6552821968 31.5276150694 32.9172444222 34.6553204332 33.1075725659 33.6123088345 34.4335368918 32.9823688287 32.4043117778 34.8755008246 34.4104876134
33.4135165861 31.8493695162 34.3884300831 32.7270576996 32.0012526501 34.3523590739 32.9662964136 32.3442479706 34.7866862653 34.1387660116 34.0082567152 34.4200521947 32.9013678683 33.2340732209 31.9574345311 33.050338526 31.6999266174 31.7169997553 32.0693197882 33.5976545637 33.3165314664 32.778395557 33.7930346559 33.9843399203 32.9325649551 35.0108730897 31.8465382439 34.0309058033 33.193298811 33.8742900084 32.6707261628 34.424772839 34.3096756897 33.519727955 34.93764998 31.9255696228 32.6493708727 31.6852956129 34.1690576564 33.4639573286 34.5694247488 34.477462199 34.9283387374 32.690417168 34.7982414066 31.7612271227 31.6665667272 32.3234076259 31.7648679012 33.2491036071 34.5186744598 34.4322116996 32.4974510953
32.5224856675 33.206613723 31.7642004769 34.2789054643 33.4109147992 31.515530802 32.2310228661 31.7457747899 34.5736088999 33.006689149 34.6349391458 32.2783651048 32.7471889301 33.8647374567 33.3214060579 34.1015812134 31.9570019989 31.5383594828 31.6652147082 32.9576607442 32.2390013489 33.8500802961 32.2372885161 32.8002407704 33.3515394274 34.0537541605 32.9766742852 31.7912892581 31.6417794452 32.2886977918 31.6336579693 32.1015906517 34.008488159 31.8518803778 31.9616085425 33.6739335718 33.4042631742 32.1039304426 33.6225838421 31.7741909281 33.2578211936 31.677683757 33.2384666587 34.6079968845 31.7766953099 33.694537361 34.028330036 34.5042946012 33.033860763 32.7692792002 31.9768526292 34.9397694335 33.3996245376
32.902416853 32.7125331641 33.7458603705 32.2136488541 32.1483760056 33.1452742452 34.8432546972 34.1608894811 32.3270975497 32.5458833628 32.4885302687 34.4111115564 32.3070878421 31.5152682082 34.9971297866 33.9587194167 34.9476426162 34.8443490614 32.9196370415 34.4656217493 32.0046661369 33.5221089813 32.3869232888 33.7256285408 32.4874885179 31.7476645735 34.4937083558 33.9901251365 34.7546551748 32.8768432794 33.3472531552 33.0645681381 34.453844534 32.9580544908 34.2763025026 34.436667673 33.1283716331 33.8158687525 32.0230034835 32.0916311252 33.9237094835 31.7682077097 33.0358950018 31.5419560973 32.9725535988 32.6055637137 34.1484362873 32.5951277044 33.9152299632 34.2052830352 32.7190511433 32.7455314539 31.8494230537
34.4846016903 32.0041699443 34.8976298584 32.9521266428 34.9004057121 35.0150549701 31.6156197089 31.9197330794 32.3532781014 32.8223476977 34.827448744 31.9868903802 32.9234555178 34.642527649 32.8175846379 33.476709531 34.133008573 33.1633338741 34.6085286326 33.05563596 34.1093137698 32.6422210665 33.9870107835 32.3854865509 33.8373399013 34.8333775148 32.0750670782 33.1213568271 34.6377772643 32.7425862837 32.5684990203 33.4752607946 34.3004607897 33.6213155444 32.9495909995 31.8486671369 34.7716698293 32.3500701786 34.4695029625 33.403463035 33.0594890662 32.5519747987 32.7382038094 31.6315066799 34.8620973124 32.4855323501 34.9617886175 34.5637957796 32.8749151997 34.1962671021 33.856678677 33.714745862 33.6813230021
31.5863742699 34.7351015754 32.8137239669 31.7880077172 34.2116143864 32.1146896468 33.5962293904 34.5870183486 32.577065451 34.7400796365 33.2132409552 31.7426609018 33.1559808823 34.6052826672 32.93485026 32.1849330936 34.5845606781 32.3526986207 32.6832316403 31.7994692363 31.7731646073 32.4164141092 32.6164536315 32.1662806095 33.9485192353 31.6915540303 33.812229623 33.9185902506 31.9381026448 34.7994994342 32.1420622564 31.813486712 34.7724857492 34.5117424902 33.5651418954 32.3125078369 33.7481464907 34.8217714014 34.5844516041 34.5311367222 33.2207761644 33.9504640373 34.9726229477 34.5376227651 32.4530735698 33.8357156863 33.9521731445 33.5136756093 34.7721297691 34.3878780534 34.0355056948 33.7094723666 31.984684087
32.1835305285 33.8432765783 32.4808694679 34.6109540367 32.1667250164 33.724065468 33.2427405244 32.4910561606 32.3042790401 33.6666748675 33.4517643881 33.3219060192 34.3822828894 34.5566410333 32.6112852522 33.3674572011 32.4302905782 32.3268097471 33.2735479462 31.9625772176 33.5655309157 33.9361130292 33.5034928664 34.4573065118 33.6830529462 34.5935669498 34.8786886031 32.5275827962 33.8943140737 34.25630171 32.1932827327 33.8753509041 31.5441520496 31.8407228164 33.1799727639 32.7731617325 34.1183261273 33.9958934583 31.5657694855 33.082196531 31.7214455343 32.8854493119 31.7671566204 34.2651373982 34.4541855286 33.2837726156 34.8304140175 33.7889447403 31.9755979633 32.9089534945 34.9568211319 31.6019078433 33.7562727667
