Spatial_Output/90% DEC/90DEC_0430.asc
NCOLS 155
NROWS 192
XLLCORNER 196769.923733
YLLCORNER 449719.875193
CELLSIZE 27.603701
NODATA_VALUE NaN
[rows 92 to 114 of 192, columns 53 to 105 of 155]
30.5261571379 30.7084135651 30.6312573444 30.8100187229 30.9739772112 30.8742469454 30.7839470749 30.5478733043 30.5408929478 31.1768259661 30.9664754884 30.5283346821 30.7377620684 30.9193021736 31.0070022573 30.8645264503 30.5524038962 31.1536947292 31.1967247123 30.7114921792 30.8136776526 30.6099728532 31.1038898709 31.1791326518 31.110799791 30.8720330764 31.1951505998 30.8712197139 30.544823414 30.8097387732 30.9540689376 30.7201581853 31.156996626 30.9889841811 30.7174255469 30.8850897345 31.0145519528 30.7979745597 30.9200996178 31.0046683673 30.8292556091 30.9333625158 30.717419305 30.9833654814 30.7228200066 30.8584246634 31.197166502 31.2035514356 30.7519296852 30.7431142979 30.6210085113 30.8818674889 30.8233020422
31.1205073662 31.0150421435 30.6765798344 30.732306967 30.9621902686 30.5904519087 31.1405384614 30.5730818857 30.6335667791 31.1756271638 30.8951770038 31.0771256244 30.689763195 31.1515921665 31.2005964481 30.6228404747 30.5724825326 30.9098775048 30.7292941517 31.1923090517 30.5802647463 30.6221963829 30.8014604548 30.5904780508 31.1997007669 30.9833953726 30.8305368496 30.5619159917 31.0924978293 30.537519009 30.9448699603 31.1237886247 30.6393528687 30.983157662 31.1135692662 30.6552436637 30.8137194892 31.0597141632 30.7888091358 31.0255199348 30.8203911046 31.0397072588 30.8695408156 30.9143150472 31.1382524595 30.6888010699 30.6655474001 30.5145503935 30.7180724712 30.6064836814 30.9652380539 30.5281262932 31.1596626683
30.8390045977 30.845213651 31.2064246275 30.8541495452 31.1099221125 30.8224017591 30.902214975 30.5292079942 30.7904000494 30.6328535056 31.0586814682 30.6665503469 30.6861013082 30.8504118344 30.9262600919 30.9704667081 30.8283140478 30.6160363815 30.6823516297 30.721086965 30.6447131754 30.6478380912 30.534002638 30.6792363268 30.8118153535 30.5373319468 30.92429632 30.6690733094 30.6848138448 30.8031447065 30.7503667586 30.5902250857 31.1018209104 31.0017269118 30.5377092813 30.6233078648 30.853612508 30.9669623987 31.1940959061 31.0052466927 30.7457484349 30.8971405384 31.1609973272 31.1207874298 30.6489816284 30.785736766 30.7850263394 30.9560899626 30.9005550086 30.8131391126 30.846664974 31.0818979157 30.6342883458
31.2021855393 31.1954621413 30.8078154808 30.6380843563 31.0838690503 30.7500731808 30.9563535005 31.0866955607 30.7605133275 30.8700341755 31.1521402356 30.8178507365 30.5024030374 30.5444290602 31.0723031441 30.6221894214 30.5420648919 31.1667595821 31.0449386755 30.8778249923 30.7446913141 31.0235235377 31.0149283494 30.8685181987 30.8179116301 31.1866009791 30.9287234283 30.6207349821 31.0008758013 30.7452910243 30.5044617896 30.7069553789 31.1025181883 30.7688823837 30.7905521524 30.7760644358 30.8796204907 30.6908765785 31.0280374499 30.868662744 30.7955174394 30.7557208894 31.1291257745 30.6111850882 30.523869628 30.925643527 30.7417173321 30.6206634081 31.0287631831 30.7414981449 31.0834418325 30.9222717298 30.8720958423
30.9055301975 30.8326833094 30.6797805658 30.9000194392 30.9501298373 30.8897931578 30.9825094441 30.6610593248 30.9225345066 30.8932465717 31.0488617016 31.1233730672 31.0619290201 31.0211733525 31.0706180063 30.8317064737 31.113338354 30.6773107569 31.1738845925 30.8273079592 31.0253928815 31.0625133876 30.7737317722 30.8414096669 31.0860783429 31.0972326795 30.6271822615 30.5482881981 30.8210622761 30.5033637622 30.6762619995 31.1013374048 30.9236485868 30.7798390385 31.1692393962 30.7877318098 30.6415008944 31.0813902165 31.0720008646 31.1582763319 30.6138728967 31.0605101753 30.9038029745 30.7076180356 31.189023719 30.6002292093 31.0500645998 31.079731827 30.5033714283 30.7737784487 30.8262336607 30.868997152 30.9330770555
30.9594405662 30.7070102908 31.0505051933 31.0427848856 31.1204378407 30.6812141189 30.7119417729 30.6996664476 30.8061051091 30.7578182089 31.1580752724 31.1688769711 30.9545977521 31.1668018025 30.8481139126 30.5134566168 30.7485712025 30.7762299398 30.8994459815 30.5068640848 31.1687906307 30.8326664746 30.5292509132 30.9314055642 30.7548195983 31.1452701852 31.096996866 30.7480236534 30.6148146526 31.0696727968 30.7859502063 31.0317455801 30.7263871817 30.7685216557 30.538110914 31.0313300025 30.869929136 30.6211546844 30.6120484612 30.8261786084 31.1953405755 31.203590927 30.6658791488 30.9644495888 30.8555272217 31.07442174 30.5039370906 31.1550058804 30.5809897845 30.5219484963 31.13339217 31.1836309594 30.9776353707
31.1921748178 30.8538910669 30.5051613903 31.2005089179 30.7132197977 31.0404464837 30.9419818382 30.5216840091 31.1408538587 31.0731788728 30.5429987267 31.0553132637 30.6004054844 31.1705442157 30.6323913814 31.112077607 31.1818688329 31.0520008588 30.5664257792 30.6547203777 31.1949952755 30.9303533111 31.0972706948 30.5809430058 31.0839748385 30.812841595 30.5480557193 30.5270476285 30.5810636296 30.7806001772 30.6083461511 30.9143316552 30.5726724165 30.8741203679 31.022457267 30.9859606796 30.8919903764 31.0128493487 30.7456410606 30.5122879714 30.8239546908 31.1332169188 30.7891927413 30.5550279409 30.5963697219 31.2045721559 30.7104560701 30.7991742853 31.1986876861 30.7224603711 30.7916942484 30.5463527231 31.0327120188
31.1386249467 30.6146392252 30.9832894806 30.919875882 30.7453693171 30.9190855279 30.8771437515 30.9344152362 30.9843451227 30.6009953181 30.6509011838 30.8637631973 30.93108617 30.6298123346 31.0041872641 30.9096483041 30.5869503213 31.0961346365 30.6976451061 30.6881440408 30.7628104262 31.1004814144 30.9625400163 31.0169712169 30.5416688237 30.7377818772 31.0004997012 30.6904567947 30.6165566838 30.7029465596 30.5395217379 30.8072677612 30.7997418708 30.9812291955 30.9004670135 30.6190875407 30.9160450863 30.963925104 31.190249381 30.990279863 30.5784071823 30.6770355915 30.8528682403 30.5822893478 31.076110607 30.7477543627 30.8140852889 30.9455614762 30.6848365654 30.767313045 31.0700222756 30.6993224882 30.8033370156
31.199445937 30.7759187427 31.1002795289 30.5251883285 30.9693852516 30.7180723302 30.5766412764 30.7125154566 31.0546444517 30.9631734274 31.0949549452 31.1188853654 31.1729956342 30.6832856288 30.5007259345 30.7136541018 30.6469405135 30.5076895184 31.0055960372 30.8313302617 31.1614869757 30.8729909607 30.7642860161 31.12138381 30.8704451086 30.6243520572 30.723537336 30.682875644 31.1497842688 30.9868055358 31.1191080204 30.6999271585 30.8400230142 30.583588939 30.7221441297 30.668435618 31.0645017061 30.5657817034 31.2037873753 30.7318572845 30.9335490498 30.9724384317 30.5266872991 31.1173032467 30.5985852092 31.0975480927 30.6763470004 30.6557093153 30.5041034436 30.513569385 30.880694539 30.7254590054 30.7707310346
30.6158933956 30.8586641706 30.6356069647 30.8680499919 30.7975392038 30.9712073001 31.0514594543 30.8127575384 31.1649223511 30.961566885 31.1988778599 30.8086629159 30.8166311832 31.143828327 30.6097351832 31.0011832881 30.7279317574 30.5853796404 30.7139879951 30.9313982196 30.7217814529 31.2024324411 30.8648484967 30.6246304524 30.8041147328 30.5415682633 30.5304151708 30.8598291772 30.9314154648 30.8421666043 30.7690058702 30.5032629234 30.5473722619 30.963114891 30.6240074902 31.198643778 30.9697025702 30.8144708154 30.7844214695 30.9516114334 30.7058923846 30.6363864808 30.9191623061 30.8186166765 30.6993281889 30.8627817412 30.9450296676 30.6907039047 30.9142779129 31.0544291469 30.5998492265 30.634021428 30.8945127827
30.5013085639 30.6652757235 30.7404412597 30.9626133038 30.6771887495 30.6595256274 30.5116413592 30.8366306333 31.1580785102 30.9327107248 31.0000662026 30.8439489177 30.7133968827 30.9344629062 31.036797919 30.5916348079 30.881818287 31.0618920014 31.1963607354 30.654896423 30.8039956232 30.8272951497 30.7723611019 30.7039546976 30.6899107448 30.6068081867 30.5867543897 30.5794836727 30.8261092276 31.0999077883 31.0207425314 30.53754837 31.0266916801 30.9696372128 30.6391790896 30.5978413013 30.6871275029 30.729106089 30.6560068195 30.5855354416 31.0980165565 30.7186510143 30.7643618898 30.7669724247 30.8682352677 31.1326835459 31.0558646671 31.0072380731 30.542970542 30.6218905949 30.8207262951 30.9734283738 31.1303754723
31.0792989665 30.6616525079 30.6213855825 30.6143184186 31.0627842388 30.6247722065 31.0401333522 31.0241768544 30.6492410045 30.8978920697 30.8028765475 31.0650703283 30.551949208 30.6634689195 30.8120295067 30.7657370057 30.6095486084 31.1524114411 30.5057992177 30.5454470294 30.5101809235 31.172824857 31.1871962609 31.0521235808 30.6439161106 31.1985010283 30.589825035 30.9002268483 30.5930663394 30.5372836954 30.9023742686 30.5905138 30.8731689224 30.8820037364 30.6754444046 30.7490620256 30.7581220165 30.7868355221 30.8799365766 30.7637181907 30.8419154001 30.8738103917 30.9404829807 30.9988652586 30.6843303688 30.6953173782 31.0183708468 30.7705283913 31.1134971682 30.5836824725 30.6627540172 31.152453737 30.6562674213
30.9005785573 30.7010844637 30.8569778929 30.6477047629 31.0294654017 30.9739501587 31.0333296627 30.5601173776 31.197809836 30.777757887 30.8581423401 30.6869314423 30.6165010113 30.9078220711 30.5682379543 30.9240063375 31.101600777 30.8568684725 31.0714301802 30.8451674412 30.9036727911 31.1032485679 30.7171214168 30.5423680801 30.6257184534 31.0788878462 31.0681955851 30.6760162944 30.5769285424 30.8930542156 30.8408301613 31.1325435631 30.6024880723 31.0098987663 31.0876240866 30.9401462764 30.79426221 30.6704868828 31.0925777354 30.6031538682 31.037327471 30.9328461133 30.937266503 31.135833448 30.6722767673 30.6766886454 30.6841546974 30.9560384396 30.9582977059 31.1528510272 30.6530092062 31.1933414057 31.0254779209
31.0025670593 31.0465975478 30.9323921397 30.7647595328 30.6111218012 30.7099194555 30.9274187395 31.1981884882 31.0511806505 30.7142635589 30.7907252072 30.8934447229 30.5787434259 30.8479365461 31.0665551842 30.6283117445 30.9894644736 30.809868668 30.6897606999 30.9077039456 30.5457106549 30.6803265168 31.196743574 30.9832574768 30.8370369205 30.8433713379 30.6930117904 31.1349943381 31.1379236743 30.8825461428 30.7217344416 30.5266618383 30.7030253516 31.0072876087 31.0066298449 30.5932094441 30.8311714452 30.5318601864 30.8597615483 30.7671213803 31.0260263263 31.1642459937 30.8564342354 30.8631092483 30.9697216106 30.6316983482 30.6100338595 30.9196362315 30.545789841 31.0007939058 30.9765127182 31.1274008125 30.8978576613
31.0168503909 30.5914722346 30.971280985 30.7297143743 30.6970774401 30.9672492784 30.9097382849 30.7217519653 31.0919554428 31.2009026463 30.9994640507 30.7871918027 30.8459820661 31.1946175724 30.5355765941 31.0346967944 30.563164333 30.96490879 30.9616356048 30.9970724813 30.5710302678 30.8619969709 30.9106366814 30.8610214475 31.0247491635 30.5003336321 30.5890996068 30.7687278954 31.1941146432 30.7222273777 31.1785153231 31.1716076588 30.9020564884 30.742710001 31.0392244395 31.0786871864 30.5724327571 30.579127966 30.6688429613 30.5126979877 31.088242674 31.1407484706 30.6598761245 30.8509530138 30.6112682366 31.189115676 30.5123528114 30.5209332363 30.9201159823 30.6822837399 30.8013308568 30.9763996849 31.203340495
31.0773755198 31.1750851652 30.8161542251 30.8387471473 30.9217706067 31.1715365012 31.1674374001 30.9945024037 30.5669617827 30.5723526049 30.8551764889 30.595124748 30.6048377244 31.050821042 31.1819844391 31.0372831012 30.9181027221 30.9485398835 31.1635464769 30.6255990063 31.0252432947 30.888805946 30.7301910059 31.0470850453 30.7623111876 31.0281520645 31.1539320906 30.5681322156 31.1256947932 30.9356232123 30.7348358818 30.6941818987 30.9154886354 30.9238205574 30.8512329005 31.108157751 31.0853209587 31.1915210455 31.080726032 30.9409876033 30.5779174252 30.6354964584 31.115018415 30.7444748964 30.7959990708 30.9745314117 30.959783811 30.8700790816 30.9155501652 30.9506482381 31.0628247733 31.1544610095 31.0947656501
30.9983716724 31.0708869468 30.9032936623 31.1841144954 31.184154461 30.6034981077 30.6050232265 30.5652662983 31.1435895788 30.7870408576 30.7546171351 30.6157018305 30.5453117344 30.7524009389 31.0197491497 30.6117331841 30.9776108767 30.8421072679 30.6781965113 30.8552224741 31.2043803161 30.6218091122 30.5909160656 31.0747613225 30.7673616329 30.5403671251 30.6056512794 30.5042234106 30.770121036 30.7434087094 30.7306767944 30.5811292154 31.1124225885 30.8284587549 30.7106573181 30.8939288946 31.1134937192 30.6202533038 30.698274155 31.1582350944 30.7787103741 30.8552884246 30.9004794369 30.7424244957 31.1977436109 31.0676360961 30.5037649645 30.9561695941 30.8956482168 31.1834363594 31.0833821614 31.1926194261 30.5624529472
31.1623938003 30.7110544677 30.6625095508 30.9354462038 31.1261727061 31.160493463 30.5621787834 30.7681344962 30.8951391139 31.1191763863 30.6858637249 31.150457494 30.5434985881 30.8579140872 30.8650407909 30.5860250838 31.0514800844 30.6252745044 30.6505283727 30.5802488148 30.6490961339 30.9190711291 30.9598368259 30.9839494624 30.7933329381 31.1703734505 31.0911535197 31.1572354874 31.1405590474 30.7192402887 30.6875151923 31.1756761608 31.1765319131 30.8848511669 30.9670965515 31.0486416832 31.1272964854 30.5732229164 31.0176153123 30.5467082215 30.5749720351 30.5372605471 30.8050781672 31.129754382 31.0814920631 31.1525015615 30.8777008865 31.0910071879 30.6146874073 31.0849560703 31.1928994173 30.6394729319 30.5246917882
31.1100172655 31.1540011774 30.5812552262 30.7504078881 30.960459115 30.8071016549 30.7772342022 30.9625860312 30.5405121025 30.749616971 31.1722191613 30.6881862862 30.778684421 30.6140318334 31.1616227056 30.8798306935 30.586848337 30.5312560567 30.6237375588 30.7400414137 30.6991090041 30.8240039875 30.6202209308 30.8021590791 31.1981991039 30.6486811024 30.9582663593 31.1209175294 30.9789244095 31.1194459697 31.0037585064 31.1637598245 30.7424631666 30.8687509458 30.5936312497 30.5687858774 30.8931531751 31.0443285646 30.7483248184 30.6986888414 31.0079170544 30.9822864532 31.0566678213 30.8152894838 30.8479724908 30.5282049054 30.5458966001 30.6739107317 31.1918167297 30.7364166606 30.7770213379 30.5087675331 30.5186209162
30.787749277 30.9176769667 30.8390572063 30.6656463222 30.8453105598 31.1236424778 30.5736418793 30.7095751028 30.9372059969 30.6762586844 31.1079048494 30.8394885742 30.8476503283 30.6850109981 30.8384145884 30.7204756354 30.7504348514 30.8866438002 30.8684433885 30.5114049652 30.8093860074 30.969344601 30.5476229501 31.1156928363 30.5423444007 30.5569490016 30.9486525115 31.1703008582 30.5323942134 31.0461334362 30.7620692379 30.7831926764 31.1146375546 31.1178033069 30.7378164615 30.6224176332 30.6475321052 30.8435505416 30.6115488656 31.1898539694 30.7931524294 30.669510756 31.1461692628 30.738295706 31.1299540057 30.9326064787 30.6582698884 30.7551154609 30.9474814582 30.8591218431 30.5526535974 30.5098921616 30.9892016403
30.5492779786 30.7984342716 30.8441467332 30.9302088966 30.6507869896 30.6901947584 30.9726746306 31.1878052882 30.6805727841 30.7879735425 30.6884172922 30.6314771789 30.7086067034 30.8942777432 30.663638672 31.1061636552 30.5846482748 30.9810117584 30.5048075843 30.79923758 30.777421444 30.9764666867 30.7840222981 31.0087936088 31.1631164483 30.813472873 30.8069656751 30.9969852262 30.6536993817 30.6349223007 30.6311619352 30.9393317905 31.0226192549 31.0984228802 30.7605544567 30.7987369543 31.1174985956 30.9200812146 30.7580322129 30.9837125749 30.6460659134 31.0082670608 30.6304446651 30.7288576077 31.2064319822 30.6490665646 31.1233928948 30.8740695304 30.8581799645 30.5968438092 31.0690799834 31.148846885 31.1750364492
30.9368626868 30.7623293217 31.0392103356 30.8057379279 30.761331796 30.8335999059 30.6933390085 30.9440629457 31.0954591443 30.6692221269 31.0661528163 31.1932880046 30.642581622 30.5680168967 31.1576981733 30.872968373 31.1466179555 30.5663530393 30.6316281672 30.7975491864 30.6643971553 30.9586489266 31.1213664922 30.5836164718 30.6730379763 30.6404419452 30.9679150238 31.1201055982 31.1829463054 30.8506430584 30.7415491115 30.5044267369 30.6653249683 31.1599929381 30.9194199756 30.7011340086 30.8735845891 30.5534442613 31.0257394286 30.9171830146 30.5390289343 30.501492507 30.9099959341 30.5455874785 31.0082739972 30.9663068697 31.0260603868 30.8837663007 30.9272040996 30.7478515401 30.5248223196 30.6622106253 30.8107805759
31.1772929922 31.0743710663 30.5826908512 30.8064313311 31.0555887127 30.9786325432 30.6272826959 30.9525524658 30.5678562431 30.8634067837 30.6274680429 31.1276429223 31.2029007657 30.5856738223 30.8808065393 30.577930687 30.5688285035 30.7960066699 30.7593729441 30.5019679307 31.1234394524 30.8499062986 30.6263039476 30.7116531553 31.1701358434 30.9951967668 30.5032095365 30.6153153035 30.6711228677 30.799272906 30.9113441075 31.1177761418 30.5123237043 30.5417938319 30.5417865619 30.8036093295 31.0745801938 30.7308665196 31.1191263044 31.0831835975 30.8787591891 30.8377852183 30.7130635971 30.6711412376 30.6927428909 30.7418076372 30.6420864631 31.0970510108 31.0743421152 30.8240051606 30.5517703039 30.7176006049 30.6450146021
