Spatial_Output/90% DEC/90DEC_0541.asc
NCOLS 155
NROWS 192
XLLCORNER 196769.923733
YLLCORNER 449719.875193
CELLSIZE 27.603701
NODATA_VALUE NaN
[rows 0 to 22 of 192, columns 53 to 105 of 155]
26.885718251 27.6591533579 27.0913424714 28.1407351541 26.7077728423 28.3377400729 28.1159546274 49.1896603992 51.4754944755 40.2550374172 28.1135844884 0 0 0 0 0 0 0 0 0 0 0 0 0 0 0 0 0 0 0 0 0 0 0 0 0 0 0 0 0 0 0 0 0 0 0 0 0 0 0 0 0 0
28.5841971992 27.565499659 28.064488302 27.1402431507 27.0497515938 26.6545872879 28.440234033 50.6885591823 54.1433328814 40.8601442481 26.6136573843 27.7080816568 0 0 0 0 0 0 0 0 0 0 0 0 0 0 0 0 0 0 0 0 0 0 0 0 0 0 0 0 0 0 0 0 0 0 0 0 0 0 0 0 0
28.4091191701 27.0692147674 27.5105631893 28.0083889723 28.2889582328 27.2375774753 27.0188831008 51.3451622813 42.1374902861 51.8184908721 27.9224578963 27.2794042176 0 0 0 0 0 0 0 0 0 0 0 0 0 0 0 0 0 0 0 0 0 0 0 0 0 0 0 0 0 0 0 0 0 0 0 0 0 0 0 0 0
27.4120535425 27.9549837665 28.6066676171 27.7233553344 27.1727370221 27.7654158332 28.1550806155 28.5316988055 26.9329398994 26.8224912975 27.2452132774 28.3207354834 28.0195387946 0 0 0 0 0 0 0 0 0 0 0 0 0 0 0 0 0 0 0 0 0 0 0 0 0 0 0 0 0 0 0 0 0 0 0 0 0 0 0 0
26.8568230061 28.6188184997 27.7391881287 26.8647041777 27.2823576469 26.7553992513 26.6597748092 27.3778677933 26.5845898102 26.5913116755 27.8930077535 27.9100537757 26.8679287791 28.4951197214 27.9541154553 0 0 0 0 0 0 0 0 0 0 0 0 0 0 0 0 0 0 0 0 0 0 0 0 0 0 0 0 0 0 0 0 0 0 0 0 0 0
26.7641320586 26.8034010013 26.9878465667 28.3588889112 28.5740619951 26.8011203133 27.1401444182 26.5758179367 28.0343250911 26.9478916658 26.6212792856 28.2392880834 26.751128517 27.1743063024 26.8990481071 27.549575635 0 0 0 0 0 0 0 0 0 0 0 0 0 0 0 0 0 0 0 0 0 0 0 0 0 0 0 0 0 0 0 0 0 0 0 0 0
27.3276662359 27.7773183092 27.0767080018 27.1331644495 27.6140328241 28.4711335514 28.13811791 26.5200101424 27.4939241674 27.1745281246 27.5089143151 28.3749146723 26.8304922703 27.1402362279 27.364766056 27.9349771743 26.5398494811 26.5414275989 0 0 0 0 0 0 0 0 0 0 0 0 0 0 0 0 0 0 0 0 0 0 0 0 0 0 0 0 0 0 0 0 0 0 0
28.1528008716 28.3800533752 27.8114063779 26.6516780696 28.253529913 27.1641188663 26.9283918396 28.5966179508 27.2536620201 28.5417942991 27.1969519433 28.5343470887 28.0770659392 28.072732127 27.2182689101 27.1188896235 27.7590432524 27.3413384102 27.3719260285 0 0 0 0 0 0 0 0 0 0 0 0 0 0 0 0 0 0 0 0 0 0 0 0 0 0 0 0 0 0 0 0 0 0
27.7494737865 27.5275215539 26.7130270521 28.3526178408 26.6028551909 28.394697664 26.9818698182 26.9388360225 28.2675537221 27.8191992204 27.6028433743 26.9919462295 27.2587429368 27.1843303944 28.2234311413 27.0570301113 28.3967010772 26.6375956308 27.6111679744 28.2742597616 27.8717809988 0 0 0 0 0 0 0 0 0 0 0 0 0 0 0 0 0 0 0 0 0 0 0 0 0 0 0 0 0 0 0 0
28.3798705354 27.5582439042 26.6826974607 28.5864607531 27.6077214103 26.7056189563 27.4181807758 28.3989592015 26.6529408537 28.6009291903 26.5961646281 27.1955772518 26.9665630498 28.4627491562 26.5553576284 27.6701673539 27.3600503279 27.7534153234 26.5587534198 27.1555327631 26.6759142564 27.7002670397 28.3727326267 28.6062071993 0 0 0 0 0 0 0 0 0 0 0 0 0 0 0 0 0 0 0 0 0 0 0 0 0 0 0 0 0
26.8612714685 28.479267669 28.1568053435 26.9977356733 27.8448823085 27.4159955222 28.4497693877 27.2439762077 26.9978054939 26.941596917 28.2837168055 28.1111253676 27.9015903657 26.5505002785 27.3300802391 27.8426530778 27.6632901082 27.5798686473 27.5452764865 28.6098099635 27.7682918983 27.8223506907 27.0500614903 27.6643187866 28.4312411885 26.9195284504 27.4845115418 28.6008735328 27.5678765956 0 0 0 0 0 0 0 0 0 0 0 0 0 0 0 0 0 0 0 28.488203987 28.446142824 28.4236589906 27.6601039578 28.2169107312
27.4863670449 27.9291907313 28.0668092831 26.5073698209 28.4971467479 28.318307593 27.8274979088 26.9770848251 27.4894377491 26.8046973233 28.332673174 26.9764682811 27.1467558349 28.0120697796 28.0635675918 27.7763015932 27.1978534899 27.8888522202 28.6134205651 28.6010157958 27.0760644063 28.3422465607 26.5730998396 27.1190162755 27.0359327752 27.3211884909 28.0200236539 27.9926292147 27.8091891774 27.5872650506 27.0212017165 0 0 0 0 0 0 27.5554276483 27.3219180975 27.772159903 27.5266602761 28.1625270778 0 0 0 0 0 0 28.1494239974 27.30502823 28.5715042572 27.5051370292 28.0828581834
26.8259971738 27.1961622877 27.0063005219 27.1915246296 28.3498337972 27.5764502422 27.8360097171 27.0136044622 27.2227903029 27.0256965248 26.6764538625 27.0029285785 28.2563860376 28.2209996926 27.6060880059 26.7416975379 28.5514909321 27.1922852505 27.8205226938 28.3059982383 27.308939827 28.4698494068 27.0749642453 28.3813596128 28.0095880374 27.9374467254 26.8758919656 28.5070743003 26.9926079378 27.4972739832 27.5770163653 0 0 0 0 0 0 27.2523815732 28.0194851943 28.1426322682 28.5545096371 26.9531062391 27.4573949238 26.7303172313 26.7462518113 0 0 27.0448439108 26.7634341333 27.393696473 27.665898666 28.2121394451 27.0296749161
28.0328735199 27.4258270761 28.536647036 27.5307728083 28.476854735 26.761407303 27.2113375446 26.5140173302 26.8497047781 26.7587934884 27.3134538117 27.1914845846 27.2583702734 26.9593457513 27.7941919676 28.024293734 28.4060492004 28.150582454 27.8935778368 28.0735996927 28.4067362997 27.2912782052 27.8167764785 26.7062348325 28.2513471422 28.5262471787 27.4154090019 26.9687386341 26.8772985386 27.4843864259 26.6264926206 28.5865857722 27.8748781371 28.4597130195 27.7372594082 27.7826125538 28.2198399245 27.3729411669 28.3479241268 26.8666295982 26.9591376476 27.7788855513 27.1052764161 27.2634193294 27.1609729515 27.0292974344 27.0407858002 28.5267221785 26.7761845707 27.0737497946 28.0642230633 28.1524560548 26.6911964434
27.4343315657 28.4125423453 27.9714224806 27.3987392804 27.125102325 27.3024492072 27.2337447853 28.1346729921 27.5119247853 26.5581450789 28.5630518118 27.529527749 26.7316002181 27.4819217878 26.5460938323 28.3388009455 28.6104023771 27.9823638501 28.1153516335 27.236393171 27.7876781275 27.8745761883 26.5819397647 28.1446469013 26.5548982538 28.3904555057 27.5737817579 26.8459510784 27.7846047213 28.1006699363 26.9199163512 27.0780527993 26.8099001582 26.6770737362 27.2255144679 27.7250570119 27.9474202354 27.806903327 26.8975854601 27.9011346032 27.8927310816 26.5297502517 28.0525396139 28.029517465 26.7001289888 27.872568774 26.6329889828 26.9428072711 27.3236021592 28.0437435529 27.922142945 28.269765539 28.49216938
27.5223238286 27.7851784818 27.5477198683 27.2559318802 27.5081712497 26.6771366084 28.5152181345 26.8831121875 27.5743654147 28.2904152507 27.64536712 27.5180075 26.6999665644 27.3975566523 28.2145368954 28.4873955095 28.5279850529 27.4843093264 26.5213555681 26.7720861032 26.7169746443 27.6618221599 28.3176369187 26.8596297116 26.9582148186 27.3807899413 28.5785097341 27.6991692935 27.5323080421 28.397861909 28.2209622452 27.8157461317 27.0563406558 28.2906971398 26.6143903534 26.9621154561 27.2922130839 27.0828357367 26.5586182141 28.3453354106 27.5093386464 28.0635836945 27.2201499874 27.3955450973 27.1324262054 28.4302956345 28.2871606151 28.3481059844 26.6780433579 28.2963335517 26.6147374383 28.0051148891 27.5685612484
28.4492106245 28.5440707775 27.2465455812 27.2532587754 27.9285333976 26.8128244001 26.9849408916 27.0094985793 28.3042913363 28.1409555163 26.7036950829 28.4996202361 28.5103626711 28.1079322348 28.3410917874 26.9616207399 26.9835472581 26.5418565282 26.7767619589 27.0368744019 26.8888140985 27.7281229852 27.3598918379 28.0408648367 27.5398906953 26.9943730524 27.4147115045 27.1982714724 27.3001581408 27.0471593217 26.5115134662 26.6811218188 26.6426765044 26.9905759809 27.2794164417 27.7916586871 28.5733593309 27.5481391623 28.4044549211 27.0485917974 26.936165119 27.5118933161 28.1755275488 27.7068963448 26.9603108581 28.5935106764 28.4364218529 27.657998199 26.5700192642 27.2921582604 27.9540437133 28.6166127404 27.7185653921
26.9366457214 26.5248619862 27.489071796 26.5370389629 27.4430644003 27.6159000677 26.847741444 27.751587055 28.3724228943 27.8670858131 26.6381463471 28.3353913318 26.5283836481 27.381534024 27.1941932652 26.7933869191 27.221971675 27.9514851535 27.6677820385 26.9311509138 27.6696293008 28.55152557 27.7111046928 27.7158521611 27.1414425027 26.784872687 27.7476853499 28.3618224261 28.4171927871 28.4776345518 27.8154788549 26.8005636412 28.2591780394 26.7209814893 27.9841681934 27.6035012617 27.756608234 27.4927976709 27.0534526725 28.5877843927 28.4140359028 27.1115774906 27.2282200626 27.6456349206 26.7226511932 27.8062718577 28.3674765749 27.7887663489 27.9557352758 27.8081486981 28.2083330954 27.2259097752 27.4529310246
26.8865452743 26.8587159132 27.4480092992 28.1970820302 28.4414099606 27.4620351105 26.5365338046 27.2784554568 27.9741867322 28.2045548575 27.8608938539 28.3821419213 28.432087205 28.3450694394 28.5888515198 26.9831049876 26.5118802878 27.5595917076 27.9356566096 28.4064839809 27.98280811 26.8632626036 27.3071237811 27.3324695085 27.8939066816 27.0448927975 28.0046536736 26.8516760952 27.5378430426 26.9254040589 27.0716228366 28.0282825602 26.7948040981 27.5916225069 26.7008416397 26.5411083746 26.739401504 27.2838984118 27.7420264522 27.0905994514 28.1307878115 28.1646930228 27.1883650146 27.0304794859 27.0722091469 27.3285845895 28.0356421443 27.7606703555 27.6639791043 27.6741615487 28.5443457018 26.586399099 28.5849522234
26.6815922775 28.5117253552 26.8025614465 26.6282836201 26.8029620687 28.5986405144 28.5524168082 27.0079808048 27.1669975947 28.0581852176 27.8536416482 28.4215293421 28.0759093136 27.6780879186 27.444615274 28.5232986831 26.5384230893 28.0841531753 27.7908266548 26.5623199062 27.1294782726 28.2814083143 28.2768293951 27.1478327636 27.6365679729 28.1784799278 26.7933005251 28.4223472698 27.0074981288 27.1884789647 27.2286563488 28.4770512736 28.2883643008 26.5307958418 27.2890608339 28.0243196756 28.393669488 26.6078185894 28.3985124513 26.8233420071 28.2629729427 28.0844411809 27.5175916334 27.8791793209 27.9604283301 27.5272920913 26.5576334383 28.3565507932 27.816594617 28.3371466404 28.1399390038 26.7371715886 28.5898316379
26.532045935 27.7079417451 27.7934894888 27.570507848 27.1419560829 26.9603386592 26.8422524977 26.7383429007 26.7727928857 27.961119169 28.2052029528 27.1321970687 27.0210622413 27.1539356569 27.5594945035 27.8341543852 27.3652434023 27.070617952 28.4778164424 27.3782395471 27.7391323752 26.7337964176 27.0319587822 26.9133156389 28.1411125223 27.8917788408 28.3591129383 28.119011871 27.2986611649 27.9834818243 28.5240001961 27.4911404272 26.9045732879 27.1710454294 27.3802078175 26.6491208967 28.4330161614 28.3541821017 27.4240637187 27.5566756597 27.4847972883 28.1451724923 27.045314909 27.4740926966 27.6719359399 27.2457918849 27.7050672168 27.5678944017 28.2551616563 26.9532099363 28.2693249825 27.5643455979 28.534698958
26.8051697463 28.1711415931 28.1784568179 28.2496154245 26.9039910392 28.3038873209 27.8089100832 27.2995667371 26.5766589272 28.0700566412 26.6960399043 26.974468904 27.6373343669 27.4665940411 27.4609440911 28.5191645985 28.5162660257 28.1554024397 27.7726075646 27.3520615879 27.0868537449 27.0368257028 26.7826153707 27.4318908683 27.8109607887 26.8413136702 26.9113362409 27.4345814313 27.0137626425 27.985967329 27.9185633882 27.6670080209 27.3454400761 28.4623756719 27.4207448227 27.7899734977 27.2618917828 27.3390310987 27.1878350906 28.507193597 28.4724244352 26.8482388059 27.468636698 28.4080078345 27.0899590701 26.6345093995 27.7341114111 28.4386041959 27.7917565676 27.0449006463 27.7409739975 28.564175612 28.1657728517
26.7366470955 27.8761594753 27.0841327516 28.5533483983 26.6305076316 27.5687651367 28.4302871815 26.7298257206 28.3330307696 26.7459271901 26.9396726798 26.7780627294 27.0813777008 28.0993008873 27.4943951413 28.1125974377 27.9879504918 28.3439265058 28.2166786435 27.9291070677 26.8952459926 27.5511817572 27.6679835693 28.2744554599 28.5312797249 27.1896411679 28.5988609428 27.0266671739 27.0057371423 27.898136537 27.4821304474 28.4959674306 28.3842274943 27.3079485049 28.4912551178 27.9000049375 27.1851898808 28.5380572627 27.5137641438 28.0112670768 28.5397725966 28.2073907798 26.7192405907 28.2711716626 27.9213446506 27.9595641575 26.5866815928 28.1589037146 28.4264400874 26.6664850896 27.7239250578 27.9494387382 26.8388800349
