Spatial_Output/90% DEC/90DEC_1126.asc
NCOLS 155
NROWS 192
XLLCORNER 196769.923733
YLLCORNER 449719.875193
CELLSIZE 27.603701
NODATA_VALUE NaN
[rows 23 to 45 of 192, columns 53 to 105 of 155]
29.5601345853 29.688401669 31.8858518291 31.7742528358 29.95173398 29.2520634306 30.3086819647 30.7958823439 31.617589777 30.1987863845 29.421050619 29.7024522684 30.0240004396 30.9655132084 29.1023863426 31.3073202354 28.6233036609 28.7467674095 28.6651327152 30.2442160662 31.7774180568 29.2283486963 29.9646048166 31.3058728841 28.5367642051 30.2545621017 30.538911936 30.0004330726 30.2691245112 31.6184602513 30.3725373496 29.0384523764 29.7765309516 29.1513074576 30.4249460485 28.6195436799 30.4533391032 31.6743978118 30.6455075068 28.6208688332 30.5094248378 30.7569726069 29.4409890763 31.3831241569 30.3674338042 31.370301683 31.4304867243 30.7512329878 29.3004746646 29.1784259488 30.1186570191 31.9479568706 28.7948773211
29.4008641902 28.6023596588 28.623762623 30.068776214 31.251542184 29.5224301559 28.6421609854 30.6681299046 28.8654327226 30.5613781092 29.0360431227 30.0084444162 30.3150387799 30.9717290737 28.8666117126 30.5166850165 30.3625460121 28.7938802889 30.1862832212 30.3148072772 31.8958777421 31.7949232142 30.5903112911 29.0000211483 30.3996184911 28.6051242465 30.4698331236 30.9167579025 31.1743947457 28.6600466001 30.6498164281 29.8937279061 31.3491884412 30.258591155 30.7173835765 29.3575692321 30.0490539262 31.4868027847 29.4118780423 29.4679483317 30.2677857624 29.1850289354 31.7519572728 29.1219847086 30.1367035666 30.5011878645 29.9236481218 30.7750334433 29.3624663001 30.3937522881 28.7783774739 29.4282469632 30.4978985679
28.6240139829 28.9041633428 29.732931329 30.7658315472 29.1082318447 31.819393328 31.4941552971 30.6244302994 29.2514680184 30.1324191668 29.8456437007 29.6906619793 29.85157775 30.2724182907 30.9076318819 31.0777303388 31.1006353417 31.5585046958 31.87551769 31.5969958832 29.6785176537 29.4973757161 29.0768877285 28.9471208454 30.2076463545 31.6034616347 30.0721613433 28.6537467046 31.9932730873 29.5703531062 29.5851406539 31.9865406046 31.3003056423 28.5356748814 31.9186719931 30.2147636644 29.5749884799 28.9415336281 30.0073616306 31.5745656731 30.1435378351 30.5269602973 30.9233078079 29.7999972684 29.8577426812 28.6446154644 31.7521121595 30.0769030281 31.7415779479 29.1332001373 28.9196980815 30.7077670439 31.4224885182
30.5700463336 30.3813438825 30.4670592512 31.8247690774 31.0385177351 28.7806923523 31.6821956335 31.7957191082 29.3189795443 30.2584459253 29.0725912524 29.948370395 30.2387600539 31.0017120577 29.1297081738 29.7577717765 29.2793290276 30.976962222 30.3368306096 30.1698097845 29.5027865747 30.3546155481 30.2064343864 29.3427680487 31.5396570597 28.8939752209 30.1004134893 29.9340212993 30.8441219282 31.1997415321 30.5679159926 30.5070070307 30.1662750062 30.4429246986 31.5108291265 31.0354365804 30.5413557266 31.9946757825 30.6520664037 31.5955871466 29.6207288271 29.3294746023 31.2374630626 29.6279559411 31.329561025 30.1652739955 30.0889926677 29.8170063601 29.3611240657 30.4903824896 30.3528624828 29.2177777246 29.7668495176
30.4552253963 31.3172005693 29.8621280772 29.1974626995 31.5787037043 28.9430936931 30.8952790175 30.1660370363 30.5492382837 31.4063454226 30.5443636844 31.1494565867 28.6960510741 29.7043206235 30.3479724604 31.0184971351 31.6644232602 28.944615288 29.3651640607 30.5523599896 31.7219477607 29.0289199716 31.3800143064 29.9294769618 28.628143592 31.8810723496 28.9528875594 28.8001827336 29.3973882179 30.9496968079 30.4294121276 31.6000348206 31.8990744644 28.5264850636 31.3566499545 31.4851409394 31.9432609629 30.005203275 29.5431287096 30.2301010445 29.8436799912 30.0501921252 29.8302110891 31.5679986145 29.826435161 29.1637386169 30.6055289878 28.7944187837 31.8684837781 29.0522223454 30.1674120481 31.46220072 30.1198199941
29.1287870704 29.9955036157 30.1070203153 30.3453597879 29.3075107877 30.0387725776 29.407274109 31.4260001605 29.8043754746 29.270742338 29.3067445089 28.6867192903 31.4763171331 31.2845111055 29.2170297729 30.9178879446 29.2341657816 30.6463311759 29.3629874885 30.3674650823 28.690868645 31.1094191705 30.5453169894 30.2781340418 30.3267078326 30.8899416232 31.4391580138 30.9823831996 29.3464236218 30.0023305035 28.7037377635 30.5366542269 29.7210154949 29.2754882253 31.5338610287 31.3327872856 29.4500163928 30.3914767327 31.0363548874 30.0996905255 30.0958379278 31.5264146999 29.7762657217 31.730018789 28.8637002577 31.1381642738 31.0062485674 31.2547518005 32.0003519698 30.0094611349 29.7472820742 28.7372515486 31.7343597737
30.5606809722 28.5480933423 30.4188832446 29.828293678 31.516367262 28.8152901144 29.5892255123 29.1396321515 31.9709774787 28.9914612555 31.3624570693 29.0645497643 30.9853081018 31.714924762 29.9188626024 31.396191733 30.852254198 29.9324214618 29.9556025482 28.9091883682 31.1701291456 31.133835197 30.1356658178 31.9065972533 29.68585515 30.7081336437 31.7589753324 28.6788900367 30.8762283647 31.4436754064 29.070679343 30.5634938658 30.259375905 28.5527455117 31.4815607022 30.2037022045 30.8321872324 31.8587396038 29.5119953942 31.1636929889 30.0739604889 31.2365508277 30.0235190816 31.8873645408 31.8102544734 31.4187113269 29.447964418 29.7130379065 30.9980527222 28.634636151 31.564390866 30.3438856149 29.8816017797
31.848707657 29.7557443308 30.2781271983 30.8614215409 29.453202188 30.3134232245 31.3594847624 30.1031204563 31.869646775 29.82014824 28.6658478364 30.3914020215 29.6527278327 28.5841596799 29.790973149 31.8147959008 31.9899327468 31.5634975666 28.7599797147 29.6764199931 31.7319806058 30.5742032431 31.3521619133 31.3591201406 29.7667535534 28.6436185062 31.3092972442 29.2727467467 30.9435244358 31.8397754809 30.5606679997 30.1174243101 30.5632469584 29.3428104063 30.2688524681 29.576825044 29.6541383329 29.2800797569 29.0450462982 29.1266519603 29.4633127701 29.1020738416 30.9635230331 29.2623147768 28.669354933 29.2735037859 30.0254125878 31.0837257713 31.6527669984 29.5408831955 30.8423356688 29.7713425939 29.2785400962
30.1717418823 30.0110544196 29.6246102203 29.0424871205 31.0386171344 29.1079130233 29.2683731328 28.8503310868 30.6601540336 30.5444963831 29.0311331302 28.8064685283 30.8685618545 32.0053513952 31.4446736311 30.4586485906 30.0735538498 30.4682787187 29.7775794444 30.7850912224 31.1096146287 31.5190298981 31.5158001548 29.7160456546 30.6899378395 28.8060021222 30.3106630681 30.6015097276 30.399296789 30.456071892 31.180895902 30.7247325825 29.5550619922 31.5362276025 30.0028936876 31.9479317012 28.5709202464 30.1205856014 31.5833670573 29.1361598568 31.9283617459 29.7922786859 28.5914434908 30.9494112088 31.3506378895 31.1134585863 31.3520628508 30.1365961578 30.1825771178 31.7009169507 30.5647982081 29.3043319956 30.8712736167
29.3442163567 28.907912905 29.535572182 29.220521781 32.0248681488 29.6764751398 29.8745172582 30.1804360716 30.6876866628 31.3603462417 28.6350947218 31.4701787121 29.5744108333 29.749988882 31.4721668731 31.8871661481 29.2034705663 31.8868575097 31.6993299264 30.3675427042 31.0882804275 29.4392643332 29.1401725523 30.9221327944 29.2896808766 30.4008269961 31.1484983714 28.6349268185 28.5042674601 29.1226859757 29.3486130771 31.760117583 30.0776614435 31.1831140768 29.3458080016 28.8776275621 31.808857362 31.1836260165 29.8735936843 30.4527848375 31.6366149411 30.9086897987 29.6794442424 31.930796533 31.6592686663 30.1685645625 30.3488336369 30.5242679653 31.4155473354 29.9133424972 30.485565733 29.4316594714 31.1917128729
28.9156788723 31.7122278677 31.5957944041 30.0662680669 30.2233596878 31.7058009246 30.7826491167 29.5285792669 30.5775513176 30.4392498702 30.4323833748 31.240392475 30.888569671 28.8804222498 29.9692447209 30.6821070056 31.1042034971 31.2319069164 30.4345972929 30.5588481707 30.4022596449 29.3346088543 28.7178663949 30.8624256748 30.5476968157 28.5568452667 30.4833612846 31.8891155063 28.6646719487 31.8021407427 31.2455030484 29.5232847611 31.7618648729 28.6660389424 28.602974945 31.7097442446 31.5697523374 29.5392435124 29.691971748 30.892160428 31.5667826321 31.5878578861 30.5463898028 28.7580869223 31.1704243051 29.491926383 30.5731706175 31.0369106147 29.8218511173 29.3025293835 31.8118502171 28.9577483289 31.8699682103
30.7852860141 30.7889486079 30.7036999763 29.4415728083 30.9943484936 30.6626098061 28.6261254893 30.6251514667 31.9389595791 29.43731106 31.1739608192 29.1623860318 30.9942123487 30.9098393033 29.7745717852 30.818822031 29.8739066113 28.8254732816 28.5890854491 30.7463886104 29.6744679025 31.061258136 31.4316435977 28.5424786305 31.5451285996 29.3050758376 29.2025738874 31.2589458505 29.493644866 30.9376957459 32.0190962107 31.9202644087 29.5378809337 31.4213349752 30.7391320348 29.9597669021 29.1197832322 31.7715861019 29.4812348916 29.439939211 29.9941512961 30.7423444229 29.703903524 31.5759402617 29.5038362243 31.1945097433 31.1113949524 29.7000117625 31.4122129772 29.1800674534 30.8822353364 28.9824398944 30.8139112502
30.7152420324 30.6442009079 31.9258526991 30.5048000984 30.1118668455 29.1617266339 29.9669668295 31.3299045781 28.5349779758 31.640180793 31.0011579273 28.8062094263 29.6763247908 29.6610736719 31.8012262436 28.8877066292 28.6692721237 30.3402599602 29.5803682546 29.4187605869 30.1182449484 31.8595271457 29.7769320974 29.79158387 29.7930352667 30.7759371425 28.6446771441 30.7010402014 31.3613428858 31.0399810887 29.7923764592 29.8650719186 29.9725452153 31.2973032773 30.7995865787 30.8933838082 29.4357845127 29.7395399002 28.7134479031 30.3650186975 29.4991543967 29.7854494355 29.7540014778 28.5440776377 31.2508680434 31.7427278518 30.6476191036 29.1850522984 29.73595957 29.6409043737 30.6507174566 29.8467812057 29.0748146121
31.6843391913 31.1308486881 30.1130738367 31.2764914107 30.9832060748 28.5611691008 29.4553789446 28.6928722519 31.7382279093 29.4026306922 31.1790574019 30.5165632009 30.7025278177 32.028771695 31.6278106961 31.8300899573 32.0322679519 31.0314869298 31.9870160898 29.3102578761 30.8980207304 30.1999762821 28.5125280933 31.846210064 28.7270965294 31.6579467705 29.6288731278 30.6986837862 31.2091598417 31.3552767836 29.4983065454 31.7994644802 31.2530643229 30.7476389501 29.8945692274 31.0145531274 28.8111979369 29.5692398712 31.603781661 28.8407162447 29.1455618886 28.910924038 29.2708181703 31.2462085458 28.531727141 31.0819856011 31.8912522141 28.5801575554 31.2846531649 29.1227427769 31.619198014 29.9389830213 30.8841317293
29.3810551216 29.6834269917 29.891204002 30.640711699 31.3703527981 31.1622266784 28.6089299656 28.974019362 28.5992013006 30.5559683247 29.0572783013 28.7089294706 28.5549422327 29.9402153867 31.288344434 29.5325146843 30.5285127173 28.6062679306 32.0184528289 28.7094762813 28.589316334 31.0933470358 31.0392673858 31.0147977826 31.1190172211 29.620343441 32.0205149538 29.8219274001 29.7858524807 30.6977147116 31.0415742951 31.3034286765 28.8632352593 29.2700096019 29.8014034317 28.8854724303 29.3074935138 29.9457414365 30.2824937632 31.3088158248 31.0362849551 30.7728823247 31.2535708908 31.9534346761 29.4630193101 31.1880048305 30.1542512903 29.4898164886 28.8518371654 31.0358704337 30.7687680468 28.9905537338 31.5545121339
29.7569103515 29.5356878634 29.4859748288 29.0085258277 31.4548396364 30.1265727439 31.869860295 29.1237879415 29.5471452144 31.3310905712 31.4549481986 29.4238441595 28.5424252456 29.2789309911 30.1096131782 30.7632784489 31.8504305889 28.7477436407 28.6149288905 31.7011443495 30.153139684 30.1525704906 28.8949585505 31.2872953751 30.4827793907 31.563610302 31.9016203664 31.1897799251 29.6575831669 31.5438356658 31.7920502822 29.9471030346 31.1398951857 30.538276006 31.1831559994 32.0211819515 31.7044102884 29.4884095233 30.9677616806 31.2171503776 29.6008535489 29.4984447573 29.3791155606 29.0679432124 31.6793637583 31.2024252779 30.8351649275 29.0575933235 31.9287698996 29.203552803 31.8427869433 30.7120110748 28.6203934388
30.4426053181 30.8195162784 30.2841424494 30.3847115572 28.6731826915 30.4952223838 31.6740147951 31.8952855722 28.7476789659 30.4665663608 30.0559482405 30.5604312302 31.819844158 30.927197858 29.6583486869 28.6979439838 28.8173928327 31.2029936575 28.5119522274 29.4858731135 30.9152601793 31.2396852378 28.5659263051 29.6648343039 30.1940725075 31.6377746349 28.6476728052 30.4767326214 31.6096628049 29.2606285732 30.6065412054 31.529890665 31.0138012017 29.9352023213 30.3066342227 30.8137964047 31.6947277353 30.8929883105 30.9598026142 31.1032199429 30.7754018105 31.7790319292 29.4959947578 31.7605598776 31.172421833 31.8590890913 31.5159827834 30.5421255682 29.0835666776 30.228705972 29.3142504223 29.1798988199 28.8519476859
28.8909004012 28.5208780052 30.4709157445 28.5116858443 29.4188274071 28.9742534874 31.1458323431 31.3399675357 30.8688644654 30.3006988374 29.8344558148 31.9282856449 31.5796895386 31.9050966175 29.7351098202 30.6148741678 30.9945123287 30.1057020041 29.8558850697 30.7636399829 29.1639806757 31.7275900953 30.0293507005 28.956799892 28.6947380449 30.8879948286 31.0871443723 30.3246618353 29.9640642634 29.1766591005 32.0209145429 30.3114574794 28.7309998184 29.5053940882 30.6488497279 31.0288656782 28.6103665013 30.6980450475 31.4503515346 29.7825451319 29.2591566858 31.4302379358 28.7646909185 29.4610450813 31.2791188098 31.4823455516 30.3576418849 30.2626812011 29.3372725539 31.2940831967 28.901402982 28.5417096692 28.6903816023
30.9899782831 28.7736063332 29.7738533799 31.7865373288 31.0702918297 29.1978047147 28.6051367109 29.1963193399 28.5795195953 30.3238589149 32.0175621296 30.2324025726 30.5417909973 30.8808624332 28.5417983335 29.8003432754 30.4423220688 30.6193680189 29.8825937165 31.0626046047 28.6545407695 30.3422671148 30.9885306375 31.1745656101 28.5544756868 30.2677229202 31.4725721131 30.5579030005 29.1834394212 28.8547045402 30.2373560314 31.4074614724 29.5077214661 30.4002902396 31.2364970399 29.9192039785 31.2852379057 31.6351083503 29.6613717975 28.8169028147 28.5931130482 29.5654055575 30.1677042233 30.8474010455 31.8664145451 31.7941947276 29.4228270286 32.0126964491 28.5683170287 29.3865786031 28.5093733103 29.8636591535 29.1386570676
31.3551064032 28.8108826288 29.6003541281 30.462889539 31.2554345837 28.6514500099 29.7092477949 29.7350451126 31.5923667522 31.9228746608 31.1003461579 31.6909554655 28.6895328529 30.0035619478 29.7471542071 30.8350477806 29.8344972716 30.1061047542 30.508438487 30.5319690415 30.6758662157 28.5834178634 30.8537973527 28.8099697434 28.9501248181 30.2959000315 28.6054775821 30.2723686155 29.0989721565 29.3760233143 29.8782467694 31.7688840705 31.0047073531 31.2662187709 29.2866606677 30.1808652056 29.4652608888 31.5729214955 28.5272147225 31.9972954698 28.9746193732 29.6665191277 31.7560105207 30.5841836917 30.5951586543 31.2778187674 31.6717689761 29.5398506404 31.7727493401 30.936459909 30.851329129 29.5743705049 29.9744428483
30.5579945734 30.7307495821 30.2246033788 30.5641492436 28.9094885045 28.8990469603 28.5897569848 30.1444318153 30.0400034677 29.1065459038 31.812926753 28.9248472061 28.8790663625 30.2359568866 28.6637249453 30.1297632394 28.6628503229 30.4930313443 30.0768374933 31.2801817201 29.5446955807 29.2142308895 29.994475435 31.0355642978 30.5923361085 29.1989474966 28.9795021102 31.2529721413 30.8916304124 29.8169662733 28.6424428916 29.5604453859 29.5354664119 31.1810528921 31.9813535914 29.0950215831 31.7457453621 31.6864011088 31.7871346766 30.5238911392 30.9573733031 31.6067755876 30.4133519839 28.5187491849 28.7912766286 29.4783928218 28.7586159906 30.3072767968 30.5931702429 31.2369918335 28.5950012489 30.9431945682 29.1382894453
31.8206223706 30.8263574544 31.5818405321 30.5666460777 30.4033360978 28.6195648335 29.9932273021 29.4151151985 31.6385506068 31.7075695904 28.8420281294 31.4707065966 32.0303335351 30.7753454932 29.5814660845 30.4828456529 29.2178628095 28.8745072615 31.7100075006 29.2910571128 28.7324277067 30.4153060869 29.3441156904 31.5919445217 31.4098399394 30.7434377471 30.5817493419 28.6797346842 28.7192362858 29.0445355186 31.2795405313 28.6270659537 29.3062261474 31.8065143031 29.9599224183 30.2352183836 28.581644329 30.42311643 29.0489125087 31.861924765 29.7637497228 28.5624219084 30.3453688221 31.0310088098 30.9796687591 30.7710753266 29.1868814258 30.0341833115 29.6920413331 29.3150211949 30.3113403678 31.1647597711 29.7671315324
28.8424025 30.7837924956 29.1457553928 28.8600543772 31.5855819208 29.9170443489 30.6952932877 30.4180362726 28.9586177783 28.8482765167 31.5690973612 31.4556434492 30.9313697076 31.7408968639 29.4879231762 28.6743807644 29.5690670997 31.0426572274 30.6679335593 29.6934030168 29.7207814883 29.8449303737 29.7375211468 30.6814825131 29.3759886611 30.1764019268 31.7723458829 29.2314269505 28.5704301421 28.775429551 29.1960810513 31.3063806795 30.1387776053 30.7919729399 31.9490874815 29.5960404629 30.0878290232 30.9664567516 29.2069998615 29.0000469068 31.1206079945 29.7556406483 29.3390508801 29.0405049317 30.9169158996 30.9382170713 31.3208922165 31.5999738499 30.8570017028 31.5823304664 31.8250959543 31.5534803267 28.5158604103
