Spatial_Output/90% DEC/90DEC_0600.asc
NCOLS 155
NROWS 192
XLLCORNER 196769.923733
YLLCORNER 449719.875193
CELLSIZE 27.603701
NODATA_VALUE NaN
[rows 46 to 68 of 192, columns 0 to 52 of 155]
27.4931554561 27.3423350003 26.7363290565 27.1518294284 26.5716193281 27.8566549905 28.0330195304 27.7449504076 28.0770358804 28.1676018822 26.5234062189 26.9218332609 27.1481301909 27.0091796235 27.3929823899 27.0799015957 27.8513088893 27.8386933973 26.7598616908 26.6345145756 26.700076948 26.523333806 27.8387065913 27.7804821739 26.7746784108 28.2952801295 27.5326264647 27.6385878289 27.9492068681 26.977547173 27.7214027481 27.5908379075 26.6004925119 26.8869944598 27.9676548769 27.2860689568 26.6048377501 28.0373499009 26.6352916732 27.9649750231 26.7219969846 27.6161267595 27.8437152874 27.5162108171 27.6276012832 27.0082508295 28.3965879905 27.2181051266 26.7465482305 27.2629772688 27.8327176717 27.8548438207 28.2193137216
27.5242123687 27.5842225081 26.7350357952 27.190742675 27.7332980063 26.9823677674 26.9402714209 27.5725584505 26.5047392869 26.6946479582 27.6395917471 27.8503056285 27.6156422971 28.351781913 27.1208106172 26.671546254 26.63575243 28.3915800055 27.2410018394 26.7239891721 26.8137467883 26.6973731431 26.7154558631 27.4484245646 27.3618977669 27.2011848308 27.8021893152 27.4803972684 26.6698799361 27.4999980212 26.9402225077 26.564342622 27.9622651902 27.9400193896 28.3055309044 27.5220567684 26.6943145085 27.3308237935 28.5403731826 28.1793228733 28.2717702025 28.0402862414 27.590646185 28.2785662877 26.6044767864 28.0049045686 27.6664406629 27.603725108 27.2791430444 28.1995667663 28.3366727968 27.4437944018 28.6149279691
26.5401970471 27.7265241722 28.1713114296 28.0609897092 27.7818471142 26.781419089 27.0447388975 27.6608351221 28.4628734512 27.3712530378 26.5167441626 26.5535902393 27.445037291 26.7357991957 28.3087988154 26.8962333906 27.5435684275 28.5995504794 27.5887450997 26.9793946334 27.6482568662 28.3718560996 27.1465766755 28.0782223806 28.5587347998 27.7535457302 27.8029593191 26.5565444554 28.34242281 27.2597905716 27.2940626445 26.9267593593 28.0317852845 26.8874139175 27.3079181262 28.2211054809 28.4697746788 27.2505380084 27.237554648 26.5124412664 27.7053819898 27.2837320626 27.2932022535 27.9502983758 26.7082664486 27.1500292452 26.5938763551 28.2001956995 26.5555873902 27.9078244615 26.5312871063 27.2658222408 26.9494766948
28.3539807852 27.8691865096 28.2170915805 27.0002234532 27.6881125501 27.8835911732 26.6214921182 27.4220599593 28.1463164165 26.5868010525 28.6004968834 27.3969808392 26.9631103443 27.7166968089 26.660727077 28.4816613947 26.8813150472 28.3047588465 26.7113344431 27.896592541 27.4614820139 26.7635019981 27.9654588319 28.2718105273 26.6648476644 28.5269170553 27.1041476154 27.3545318706 26.7720731336 28.2904177107 26.8138337411 27.1659857304 28.2445155111 26.680986441 27.3065090707 27.0159224184 27.9558038995 28.0265462153 27.4966217839 28.2845041264 26.7839365169 26.8628582059 28.3962948563 26.5209992321 28.614271612 28.0619889438 27.8799278537 26.9775026174 28.1949681423 27.1466873602 27.1291178675 27.3389022924 27.1972652411
27.5052515141 28.074945384 27.0079642225 28.5746296448 28.3681585936 26.5483746285 26.5084014759 27.2779453835 26.6002326177 28.0484166298 26.8992894965 27.317180941 27.822102648 28.3461321229 27.1564124609 28.5271311567 27.702394961 26.9555836546 27.9985636919 27.7880329531 27.9550998633 28.3431785407 28.2497179763 26.6433080465 28.4351545649 27.3045296891 27.251193022 26.5447239179 27.520215408 27.9821338157 26.5562091516 26.8228117561 26.9914220351 27.8714467624 27.2895448634 28.0268921246 28.2586197425 27.8839761356 26.5622164465 28.1662105112 27.6351056188 28.4745254215 27.0045303077 28.0211964447 27.7955848386 28.1893877475 28.1817082336 27.2002048605 28.1841326516 27.7136508451 27.1191818126 28.4818315004 28.5146969549
27.6380029221 26.6594493813 26.9871720199 28.4447412847 27.8461866249 27.499845117 26.5010597856 26.5663272056 26.7592898764 27.7192285941 26.5363231201 26.5272177027 26.7274875494 26.7521767649 28.2626208215 27.9742802359 26.681765913 27.1245296412 27.977043188 27.334506225 27.7006725033 27.6012994993 26.8258443518 26.9128113179 28.1392203362 26.7997473129 26.8630615161 28.2787836996 27.4329907537 27.561735768 27.7160194343 27.2465160491 27.1356299993 26.6348884015 26.9879712948 28.2186477307 27.0604023861 28.4126658863 28.2380758697 27.5618909351 27.884341382 27.0413086952 26.8492817256 27.220887351 26.7136021406 26.5868452022 26.8562822256 28.1711240102 27.4031416652 27.9120115148 28.5252130944 27.930795361 26.51427182
27.968962118 27.0830339952 27.8685142955 28.2012872285 27.2788484243 27.308097882 28.5239433322 28.0088059839 26.7163769998 27.7386880042 27.0701475548 27.2572011063 28.1934412642 28.5573279588 27.6293404294 27.3405656996 28.0925982248 26.5764673345 26.704360767 28.0469910264 48.4907108505 49.9839331802 49.9839331802 27.1542254343 26.6612449272 26.7978645751 28.1257522982 26.7973963619 27.3992376804 27.2563363558 27.8735318513 26.7894197684 28.0153981952 28.3819932062 26.6801347598 27.606567951 28.4448022658 26.6212554464 28.4776995913 27.4332022617 28.5354363643 28.0348132408 27.1479387218 27.5948216499 27.7901639118 28.6181852358 26.664643705 26.8855616671 26.9040124642 27.0437568962 26.8946458134 27.3182123365 27.0132207557
27.0957889625 28.2713076466 27.2638225239 28.0047428048 28.3428253236 26.6630744767 28.5507941081 27.0822174916 27.5998144339 28.1708408518 27.017369497 26.5054657342 26.922501884 28.3942966334 28.0850658773 20.2580944342 27.1694128526 27.3987456201 28.561156039 26.5062858627 48.4907108505 49.9839331802 49.9839331802 28.6127124735 27.368991998 28.5527588729 28.5345704402 27.3987040997 27.9494223694 27.1208561442 27.0949972317 26.6275971761 28.3850980793 26.5559827722 27.4785046198 26.8650696898 27.976520497 27.7117064754 27.1541532137 27.2126999667 27.3584203592 26.5773410784 26.8765612284 26.6638895003 26.6418230547 26.7614365179 26.8625402333 26.9364376031 26.7855628843 26.6527412239 26.9217656223 27.2531042276 27.5016351412
27.9016125735 28.5724975651 28.1679904948 28.4050070536 27.068387397 28.4820869295 27.2022725307 27.0715246582 27.7276986614 27.7942258182 27.8732098618 27.3931187232 28.4226286657 28.2141391316 27.5126508497 27.1984509772 28.4675025031 28.2800039245 28.0910964306 26.9607707295 48.4907108505 27.2480510787 49.9839331802 26.7724849654 27.3752774152 27.9566175749 27.5158693865 26.5080772478 26.8436186774 26.6657412844 26.8309849799 28.0424989487 27.5520337182 26.6966263139 26.916678952 27.2358906883 28.0866046305 26.6098946747 27.7853423442 27.6030600666 27.2965341906 26.5078356707 28.3494367533 27.0935440693 26.5145718123 27.6708535006 27.2827474848 28.0554450957 27.7035616253 27.2161528006 27.8614711902 27.0492221851 27.8497169007
26.8862983848 27.345962408 27.2431710021 28.1866571565 28.4803459298 28.2927809576 26.8953924641 28.1040089496 27.6167189724 26.7147243083 27.6170204208 27.4987151031 27.9515364474 28.0686236266 28.1915805242 27.5751578118 28.336745136 27.0755831099 28.1207790384 27.1046919012 27.8722313098 27.5772469797 27.4986315252 26.7931270403 28.4953636667 28.0225645565 27.0398749825 26.6883118369 28.1498864757 28.1304150538 28.5308356991 27.7457917743 26.6574883265 26.6489779058 27.2097051461 27.8697772181 27.7557162654 28.5157093328 26.6660591377 27.7892140783 28.5869087563 26.8411555603 27.4524592301 27.0694717129 27.5678293813 26.7931879502 26.8067610426 27.8920333563 26.8282802347 28.5194687526 27.0349895324 28.4094291358 28.5798346572
26.9169842258 27.9284957025 27.1109528258 27.1911977933 26.7849741502 28.3832171516 27.8448649906 26.8798317959 27.4292002823 27.2187135711 26.5739860663 28.5841252757 26.9746853764 27.7198544479 27.5506165084 27.7397682089 28.50898419 27.4036003033 27.4087413214 28.0488779331 27.0840663937 27.2166178074 27.9754871359 28.4070188546 28.4744926929 26.6430973825 28.6055835875 28.5507198071 28.0344329605 26.5359905785 27.0255216045 27.9066784905 27.3809052235 27.6956507801 28.0041997162 27.8353233728 28.4298327096 27.2003325415 27.5005443127 26.9653915298 28.3314173289 27.5238345768 26.6107867916 28.4651268016 26.6008164327 26.7626519975 27.385468318 27.8333568234 26.9161599173 26.5334129792 26.9038673254 26.9560520964 27.7131633706
27.828209447 28.0520071149 28.2932020508 28.1066137762 27.7663396122 27.8894180855 27.9695889162 28.4480092428 27.9174040246 27.9849302284 27.3187513922 27.1187648063 28.0187400111 27.799176909 27.5225004219 28.4960498801 26.6177121474 28.3978634362 28.4367162641 28.3101205469 28.489146978 27.4612970683 26.8016511494 28.5995340698 27.1028535265 28.1597237648 27.1841147361 27.5427080646 27.553189271 27.4578857963 27.1018798339 28.0024235964 27.582637988 26.7469885956 27.9343493003 28.5176400155 28.3835858512 26.8791512961 27.2285675624 28.5819255144 26.9318752632 27.0102876907 27.6633540598 27.6000429437 26.6285435571 28.135887374 27.0002311853 28.5141860597 26.9334105822 28.1146547947 27.0809352541 26.6611309069 26.8650518759
27.2280166064 26.8206675757 27.0696086815 27.2583975266 27.7799853084 27.6950346963 27.6566286738 28.147826293 27.3092160488 26.7309168534 27.3696825957 27.8058403773 28.3605900299 26.6590628466 28.6039393375 26.6735791736 27.1704038741 26.6857892232 28.0027231913 27.1345064867 28.3122572614 27.8390829865 28.3096233189 26.8634823573 27.2908028128 26.5648222163 26.9142470117 26.8632448149 27.5740399216 27.8711069171 26.6578167091 26.8174337533 27.7941964814 28.111625594 27.4167940332 27.3166369765 26.9990158172 27.0458592769 27.5226597944 26.7357296119 26.5789421658 28.5122350451 28.0638615607 26.9013937994 28.0044493611 26.6139359485 27.7549064203 28.5489325388 28.2383187481 27.5413322406 26.7702642107 27.2254317405 27.799328996
26.5123666791 26.7243612219 26.8862214562 28.0629604677 27.3669994086 27.098771441 28.4004577543 27.3541688709 26.5134114567 28.6133748512 28.5828812602 28.1150756486 27.0819729364 27.3221631051 28.4730874008 28.2486729311 27.1390822357 28.1554259094 27.9765527008 26.5321969266 27.712977076 26.6751541859 27.3185486164 28.4954583878 28.3404857134 28.0398605285 27.4881666433 26.6032182256 28.1862796311 27.0375623876 28.5841957394 26.983239937 27.4907384687 27.3729682342 26.6245263208 28.4873478704 27.0512805857 28.0012751967 27.4521527163 26.8926186666 27.8854410454 28.0125005866 27.5105590557 28.5024833716 27.7156519502 27.1612856219 27.7650054499 28.2903009114 27.8323646428 26.6499347508 26.514502364 28.1346327958 27.5499445331
27.6960664887 26.9281082397 26.5272209258 27.0165146178 26.8978895567 27.7658801336 26.7983548138 27.495734022 27.8076675344 27.7881490769 27.5061668935 27.6252551925 27.3350698265 28.4133731229 27.3992466545 28.3552067191 28.3378818624 27.5870129983 26.8227499197 26.909645361 27.6216941186 27.3261857799 28.3481449077 28.3331483624 27.1368143839 26.643435422 27.9998838016 27.2001305685 26.5696693369 27.1183953872 27.3789189125 28.0268389825 27.9743151671 27.9543724048 27.8075072327 28.048033572 27.7123142225 26.8750415396 28.570346517 28.4121810015 28.0377080862 27.9282672783 28.3855031232 28.5794938604 28.1360714828 28.3301553676 27.4176348848 27.4696134684 27.4018145483 27.021734278 28.561954692 26.7489882096 27.0358030131
27.8267965775 28.306226966 28.453972919 28.3048506744 27.6922694354 27.1931980798 26.6291023048 27.7937151703 27.3311199402 27.5991159743 26.7640337012 28.314097641 27.5612387137 28.1247739966 26.5266153905 27.4691561468 61.4356110226 28.5734853692 61.4356110226 27.4827708293 28.540834285 27.5759772793 27.2293033144 27.2565968235 26.8316127151 27.408802287 26.5301853986 28.488914473 27.8311673477 27.7890749939 27.0717656536 28.4801599488 27.4952643622 27.1634906757 27.9139713138 27.4772930745 28.3512363761 27.4362657948 27.3290736325 28.5370501712 27.5143024491 28.5462344751 27.2762349748 26.5074179677 27.8058275517 27.7435094949 27.770541676 26.5699829885 26.9579299703 26.6907926306 27.4808670066 28.2885915661 27.2929338044
27.7247868937 27.1090474961 28.0094683468 27.3365753296 26.6917578756 26.5970570787 27.9600036303 28.438538445 27.2465126195 28.2317402934 27.5938987455 28.6030878874 27.4729260395 28.1662341357 27.2295267561 27.4266537706 61.4356110226 27.8768197349 28.0232841289 28.0017392339 27.2498887794 27.1434066448 27.3024812846 27.1702102454 27.4127670732 27.8163729406 26.7410563099 28.4268615878 27.5549488277 28.1151040721 27.8303211083 28.3248569843 27.9121298196 26.5153916849 27.3312261879 26.6338505055 28.2246596788 27.6986583065 27.7868011084 28.4032420948 27.1054685999 27.1755927124 27.1211478532 27.5057484665 27.3891287533 27.3529799316 26.9997142272 27.877845137 28.6084510704 26.6799490675 28.1790650391 27.7684573206 28.1172973518
27.5418362067 27.0007456392 28.3540227849 27.1956689623 28.5029316062 28.6052937026 28.3425752577 27.5249671332 26.6717418381 26.7714683164 27.4596568205 27.9706149048 28.3032470256 28.5572348109 27.2893899831 26.9595622037 27.3274331709 28.1833400307 27.6544628137 26.9728998515 27.1744543257 28.0667962694 28.0074226397 28.4905479946 27.9124808456 26.5976350196 28.4312220308 26.5334379975 27.1738968914 27.3259068101 27.1637870311 27.9034149666 28.4193368658 26.7864576543 28.1217713829 28.0329838099 27.6400057803 27.407281004 26.7773371493 27.4394310977 26.6802491464 27.1612345586 28.0246890412 28.2688354279 27.2259016327 27.0318842101 27.6382722092 26.7899652097 27.1717160862 26.7470926633 27.392419634 26.5952886254 27.8830712676
28.0057632414 26.6112489797 27.0701474567 26.5180149846 27.0331934874 27.0378923691 26.7537032101 27.8525810894 26.7758097933 28.5920882264 27.8236861078 28.2926449478 26.5336192301 28.375485786 27.2545308625 27.5136940401 28.3560894682 27.0114788601 19.6502821723 27.5524367465 27.9922375018 28.1245975444 27.8062705649 27.1378653572 27.8561034673 26.83873003 27.5914434698 27.5960689985 27.8175913272 28.0262745274 27.7943428999 27.3617756094 28.036213295 27.6739406566 27.5761354199 26.8140897541 26.9580334551 27.1261866787 28.2799866202 26.6060263606 28.0254533468 27.0459801613 28.4740914221 27.4925243833 27.6776505981 28.4679926756 26.5578656373 26.8381827423 26.5988878248 26.9115328369 27.2066985147 28.068652733 28.2720830337
28.5738948892 26.8152850813 27.8678456049 26.5432697134 28.1622278703 28.1628723518 27.0704011262 27.2496717825 28.4740149407 26.8964694214 26.8852726845 27.311269912 28.5611058784 26.69455991 27.6893940879 27.6224720285 28.2011033519 19.6502821723 27.547573735 19.6502821723 27.8861075546 27.4028208365 26.9249067119 27.8394840464 27.9547329804 27.4805397476 27.6318444939 26.7102215719 27.8915909453 27.220729038 27.9411091187 27.0289098154 27.6048240009 28.541904163 27.981190969 26.605144189 28.3206215402 26.9314331775 26.5994195267 27.8901167166 27.1812056903 27.9062334011 28.2975292184 27.5762256169 27.5067359614 27.735164111 27.1992165487 27.2365908589 27.5857369164 27.0764428634 26.6709548748 26.8277446824 27.4404587154
28.370250803 26.8601056162 28.1156706002 27.6877551971 28.1254157271 28.1692662585 28.0887217505 27.2291373004 27.1394199956 28.2179018895 27.9672309488 27.3553098021 26.5375168996 27.7294183233 28.2492966649 26.5142908055 27.6185818374 27.0919483713 19.6502821723 28.0476366879 28.3702149421 26.6417506544 27.8829174285 26.8185798214 27.5922780906 28.4944354221 28.0816376441 26.7017319419 28.0658833834 27.9591594026 26.590184323 28.3259579082 27.1550491618 26.7821293066 26.8164393873 27.3198933741 27.622807077 27.3936753417 27.2342249546 27.5137297909 26.6376685689 27.1491895273 28.2338991062 28.2538758992 27.6993033931 27.0495046675 28.4119777074 26.8935088413 27.0799083447 26.5195302442 27.4041585701 28.6081111633 28.0062212464
26.5667282291 27.3321477227 27.6654705961 26.669684867 27.0110892039 28.4919417454 28.5317649192 28.1975249732 28.4591198431 27.9277303085 27.7110325552 28.1837751186 27.4242413419 27.6828403448 28.0514343146 28.0315202194 26.8237760768 28.3675365638 26.9311497466 28.0923784837 26.798575266 28.0773794632 26.6456364995 26.9364782899 26.7552388343 27.4664857969 27.7531678232 27.9698098038 27.5978225725 28.4902304077 27.0252633264 27.8160027702 26.7854857817 28.129911142 28.2790395277 28.4231066672 27.5439184914 27.5159467554 27.5163241302 26.9934797496 28.4385778497 28.4220365102 28.2194818309 28.2712456658 27.6950033924 27.7139722124 27.1156906728 26.531695704 27.2221795252 27.0865226782 26.808961247 27.0425880344 28.1836707613
28.4308220786 28.2101731185 27.9449940318 27.7450862332 27.698841066 26.5438098429 27.1454771533 26.6523375146 26.9608034256 28.0272968815 27.7524864802 28.3079605177 28.5116899409 27.6115720502 28.5197592502 27.5173552739 27.6468582978 26.9738269411 27.5488221657 28.1237026802 26.5395490048 28.413987684 27.9451526107 26.9026309335 27.4111875864 26.5484081245 27.9273154418 27.7186539801 27.0793736304 27.7898215279 27.3149252979 27.5013192654 27.756069737 26.7698598038 28.2404214177 26.641665208 28.1733150973 27.7556952436 27.0177874018 26.9830344649 27.6756150247 28.3861426473 27.0284724138 28.0380680355 26.8397280773 27.2308352242 28.5994373702 26.7609553696 27.4840682281 27.4071506084 26.79584769 27.9358002484 27.0196538536
