Spatial_Output/90% DEC/90DEC_0369.asc
NCOLS 155
NROWS 192
XLLCORNER 196769.923733
YLLCORNER 449719.875193
CELLSIZE 27.603701
NODATA_VALUE NaN
[rows 92 to 114 of 192, columns 53 to 105 of 155]
34.6136649861 32.9017649038 33.2492612313 31.9528184036 33.1070730709 34.8660278474 32.8428185316 31.6114528291 33.3657859303 32.7330238438 32.2709492736 32.1158534413 31.5919892021 34.0427953458 34.3967984012 33.1735839906 35.0263454848 33.3534627133 34.0042769498 33.2789987102 33.9277583641 33.4734066889 34.697955202 35.0098321319 33.3729211306 32.7305967201 33.2547249305 33.2921772937 32.438885788 31.5476620531 32.928396892 32.2945830211 32.3374360475 32.2973679904 32.5435511867 31.8846634622 32.4103177129 34.532880133 32.3820057467 35.0319981909 34.076187705 32.8606132759 33.4277445794 34.7831568471 34.6374682383 32.0265392539 32.1563414808 33.5052964862 32.2886401941 33.6432906528 31.6148251686 32.7859650892 34.2918662035
34.1383256583 34.7828741202 32.5860259273 33.499996898 32.287881454 31.9531008706 34.0619650577 32.5177615545 31.8340960588 34.2039240531 32.25913797 32.5308180052 32.1573984564 32.5617764817 33.7350486197 32.9669799449 32.9379027115 31.9420847025 34.7335805752 33.8872417704 33.4734033166 32.3701716931 33.5069708199 33.1024650552 32.1553328769 34.8890107107 32.1503454929 33.2548304028 32.5594054888 33.8541393345 32.8772331199 32.1622725652 32.5576407961 33.0574144248 33.1231869011 33.8411413991 32.5155727715 33.5980326241 34.5920304677 33.9168406331 33.4090425038 34.5511138351 33.41805073 32.1809523247 34.1323571529 32.5081229017 34.4394919807 32.5057937525 33.0426815858 34.8227922813 34.9181024751 34.9481500763 31.5214396559
33.0060048313 32.2334571582 34.0379940863 32.1103240156 31.7223847693 33.0857596196 34.976140546 34.9290633314 33.7183592658 33.2905376269 31.5230114002 34.3240841489 33.6039061662 33.6405582906 34.7486689101 31.7260574433 32.433958546 33.5338479834 31.9563229038 32.2152007664 33.8700128226 34.8030228958 33.3304055181 34.0101225238 34.233766475 33.6214554685 32.693220355 34.7312582795 33.6527137698 34.3453021733 31.6517226982 34.8413810054 32.2573613104 32.9220994269 33.5847702841 31.6645640902 32.2436833718 32.8399357227 33.4848067762 32.3942901068 32.8716079933 33.3062482589 33.7018453715 31.5617181018 32.2222011165 34.9606481833 32.0697821463 33.3842298091 32.0513403054 34.8638644025 32.5881450098 33.9851796077 33.2563379315
32.4430120351 31.640732012 33.3783078318 32.0918656542 32.0123181414 33.7147361987 32.1354569099 32.1666635864 34.6560373749 34.0488832088 34.7433710391 33.2939647091 34.4102432983 32.892450709 33.8856846849 32.5596176586 33.1677006407 31.5096338244 34.8183299117 32.1787270557 34.047814267 33.6051916153 34.4718802861 34.4120993169 32.5525763686 34.0081950974 35.0293202478 33.8113757657 33.332686421 34.3358077819 32.3216172248 32.8570629312 34.8275373405 31.7717163005 34.4285906919 33.8674882357 33.9439066834 31.705639987 34.6072315659 34.3089402663 32.2282788203 34.7119251665 34.7073715601 32.3867046501 32.8898161939 34.2209462831 33.4486608777 33.9982264836 33.9345137945 32.0808810965 34.9727675888 33.3985343208 31.9146266025
33.4492526852 34.7685349611 34.5262737344 32.6952139935 34.1046951183 32.5491352452 33.1421536061 33.1291765768 34.1012037862 32.9397913648 34.8335501316 31.7962141685 33.0237389505 33.0837240799 31.8788534921 31.7423979845 34.8311963622 32.8191704376 32.8726692336 33.6213779918 32.9348496347 31.9137493522 33.7236237658 31.5969974526 32.1023319309 31.7261407368 33.0760272495 32.2347251392 34.4759510156 34.0235941385 33.7394391593 34.4011584978 32.3413739414 34.6289065789 32.323929469 32.1042192092 33.1301928895 33.4246016989 33.6136241465 33.5871213821 31.8482172433 34.1261784955 34.1296918358 34.0400391777 35.0233984105 34.3726134877 31.7345188221 33.4514115848 33.9352378946 34.0848397619 33.9313811771 34.2667979332 33.8173660924
32.9663419293 32.4435405299 31.8994593123 34.1644751759 33.6184186257 32.5050165416 32.4698622801 33.5846403725 34.940299327 32.6683765904 32.566248159 32.9436601068 34.7678903164 32.2449659654 34.3782229382 33.440560634 34.9679801726 33.4950874769 32.7792215617 34.575434902 34.0622534711 32.9777535262 32.6903000126 32.8213695384 33.9994607641 31.8434556925 34.4044038276 32.0105778502 31.7881273848 34.1921283222 32.0993932595 33.4465593502 31.584448481 33.2553672189 34.4558832449 32.0998348916 32.506643012 32.2974322542 33.3448123287 34.5875862973 33.9437702841 31.7565485227 34.9509206009 31.9030410564 34.1377550804 34.7505615846 33.7464394414 34.6723595638 32.0387087003 32.318477039 33.1203647428 32.8432455867 31.9993298201
34.2626604976 32.8092713985 33.5023747918 33.7466926764 34.322904677 33.8016958238 33.8677462066 32.8050231211 35.0342952684 33.5625593901 34.0228284935 31.7189315367 32.6387163814 32.7866929792 32.6868264833 34.344038897 34.3860051448 33.5572214037 34.4019666389 33.835952704 33.5886382308 34.095831769 34.8812637979 33.6113326953 33.4545447658 32.3010510759 33.9893463185 32.6601211332 33.6157419553 34.1575643084 31.9970357474 31.6235230416 34.7053675929 32.5720668434 32.7647204173 32.4121556424 32.6020727454 32.4068601316 31.9687768396 34.2072534687 33.6934593471 31.8232408894 32.8868075357 33.9461905214 33.1771170955 34.4484916694 32.9538167378 32.3039110156 32.1639350014 34.6682043065 32.7594348828 33.820609896 32.3923003643
32.5753478332 34.3244737261 34.1739107066 32.5310011071 33.2459300516 32.01776985 31.7336183982 34.9085353232 31.8827350798 33.6179740478 34.7144017551 33.0172018803 33.0092388253 31.9079810527 34.7415605285 32.3627382643 33.6803764461 34.9500148436 34.8487852026 34.0046663084 34.7452374189 32.6407456464 33.1642462935 33.7240376322 33.7046159222 32.5626354658 32.6594643589 34.5950310174 32.8532113373 33.4554173272 34.8984223234 34.9756701584 32.6418895885 32.3949169765 34.3482455778 33.9449455981 34.8279055026 32.7875385493 33.2627207473 34.7171275928 33.9285547696 33.9181810362 34.0383098198 33.3596767509 34.9063659915 31.9827041708 31.5505687246 32.0208629848 34.3337189978 32.0082283263 31.5785555689 34.2774662607 32.9474611791
34.871050765 31.7554541246 34.9865080244 33.3764793473 32.7100617455 32.7458128775 33.708378939 34.7482469253 33.4240278701 33.8911040205 32.3771852501 32.5552857335 33.7315814372 34.1515771604 33.1780894274 33.9675549295 32.4114610436 32.9811922548 31.7142242816 34.8667327666 34.2402519554 32.4570750485 34.8336145637 33.7109748242 33.7312084605 32.1348511595 32.8266807728 31.7852399652 32.8367254403 32.8776634223 32.04529847 33.8818563491 34.3187960019 33.9115062627 34.3333025173 32.2002225913 32.0497123221 33.4553249682 32.4520133587 34.040872032 33.1211811336 31.6889322154 32.6111229679 32.9103358121 33.9434676782 33.2781881214 33.967127737 32.2249171693 34.7991109786 32.7111352483 33.6962873628 32.3489630684 32.0967520703
32.3155070427 31.576051685 33.4122154937 31.7213564859 34.2478027142 32.2050280744 35.0236736402 31.6051295404 32.2862300945 33.7479627158 32.847397656 31.7910983252 34.2220311008 32.17008928 33.9855897612 32.9559227619 34.7102417312 31.9204053908 34.5158497564 34.5715899003 33.5906552561 31.8051123195 33.9173210248 34.424136492 33.5510747145 34.8887887582 33.2893508588 34.7209979148 33.8223576901 34.1330863507 32.9392443868 33.236843801 32.6582136164 33.6068653982 31.8930775846 32.2165405259 33.5760525902 33.5277945054 32.8079729592 33.5584968959 33.9910007669 34.5943437264 34.9216197511 34.7575290484 32.998140783 33.0730092862 34.1858461475 33.7486955977 34.6709257936 33.661374485 32.9989565655 32.8503904286 31.7157646577
31.7171564197 33.4219402192 31.9030829869 33.0915436422 31.6550887463 31.6617594049 32.8686588986 33.8509048431 32.0170445202 33.8396915072 32.7933427223 31.7731496688 31.5605352112 32.3274305131 33.45225247 33.3814385046 32.9245428074 32.3776554918 34.4641169732 32.0994535945 31.6354830715 34.0673587172 32.9605363004 33.8768600658 31.9060555061 32.7668469921 32.8052231276 34.3368753468 34.3391922891 33.151747039 33.0312173657 34.3780035638 33.8305759407 32.8030535282 34.8388629301 31.9947079646 33.7753255311 34.2374510276 34.0667382931 34.6499513615 31.6939964482 31.8458102956 32.2865590038 33.3268048489 32.2447114298 32.647566132 31.8207634164 32.7542276116 34.2333905099 31.8130614654 33.393704112 32.1380057703 33.3075734503
32.8777513898 33.0471428577 34.9313686289 34.2160100757 34.1386343115 31.7206266681 32.6132628397 32.1443267506 32.566973618 32.7974895067 33.0596157764 32.8555834248 33.8219301508 33.8999165339 34.616498655 32.7340541337 32.5607699259 33.2850801749 32.3782380187 32.1243579944 31.8387096377 32.6567985458 34.5809564059 34.0504388296 33.3765004911 33.837419666 33.5542918459 33.4416488893 34.949962553 33.0958262848 33.4831275928 33.7567265993 34.7569720955 33.9257293404 33.6512459091 34.0030630241 34.136574117 33.0599083149 34.3593701981 33.0506371496 33.3971297801 33.5190513055 34.2373026592 31.8298138228 32.2821100322 33.7955226288 33.8203861742 31.8578165862 32.8898651491 35.0132550485 31.6372363753 33.9959281079 34.309484587
34.6794262979 32.0380334653 32.8192844841 32.6582163456 34.8702953416 31.6598531592 34.9613003784 33.6799391732 33.6027799603 33.705125195 32.2765901747 34.347087701 32.5626494574 31.6395385806 33.9480635627 33.2906001405 32.0540705605 32.1850555279 32.9186475915 34.0908210318 32.4244314776 31.9923121686 33.5120202527 33.4957360509 33.4873440143 32.2690536618 34.6292625697 33.1344662753 32.4843990173 33.2688787556 34.6024838951 34.7493619031 34.3723605833 35.0159081479 33.1159629454 33.2280898819 32.2854221519 32.1007801947 33.2338290646 34.0491999027 33.3976970885 34.6017345555 34.1082428492 34.898786945 33.3812611355 32.1483744422 33.881036701 32.8800288873 34.8939800568 31.8369301046 34.3360834342 34.2318441174 32.8650318935
34.3154034594 34.4664745785 33.7980665944 31.7101359275 33.6682843711 33.1479739896 33.5463647896 32.5765620249 32.7171345237 33.8229232186 34.112932323 34.9673600077 32.9745166037 32.4861462545 32.5080602175 31.9098155987 34.6197107264 34.4015592753 33.9299001878 32.859196053 33.4377035018 33.4860947659 34.6996661979 33.0963204777 34.6395418347 32.35532968 31.6897499134 34.697010072 34.8431032226 32.0351470573 33.0726199653 34.8971271616 33.5832098366 32.4479071662 33.1095340668 33.6858664226 32.1163912855 31.6610439085 33.0214240282 33.9477410331 33.7564580103 33.0641563622 34.5783332351 33.3674454909 32.5219587323 33.8343610522 33.8195853814 34.5804239559 32.440180029 33.5498670642 32.7570318847 34.7292817175 33.9883598751
32.7048208962 31.9925519919 31.5181245374 31.6854327926 31.6819468643 34.7656038953 31.7763049436 33.8543756635 33.0062734747 32.532991798 34.2593257391 34.469322489 34.6017440941 34.5562462614 34.6804864954 32.2826538278 34.3345494862 31.6617645858 33.8774555477 33.7946217897 33.3650653453 34.4320886293 31.7702869775 33.5487248816 32.0803515826 34.3532042554 32.6652371035 33.6669958551 33.6444553905 34.9921280087 33.3587104558 32.1737327645 31.8865257118 33.4699723847 34.1346055733 34.9363140929 33.8927295152 32.7665300578 34.1317150676 31.5671945136 31.5170442155 32.1448246434 33.5495771173 33.0717430266 34.5801044199 32.6443430856 33.2804191901 32.665312789 33.7590240905 32.7841760007 32.0201397265 34.4034200118 34.8259692045
32.4856239571 32.8355319356 31.8670712494 32.5526645972 33.7661697663 31.869746361 31.9889056348 32.6956917818 31.5667168772 34.6531830673 33.2086156718 33.6326510618 31.7246480031 33.1465106153 32.6398417269 32.814664061 31.8066999376 34.8730258556 33.9833934676 34.4042952392 34.8436491621 31.7268776452 31.5099524765 33.4128948146 33.6604078203 32.3994211722 33.1063418298 34.711668445 33.3382596628 32.0663580128 34.3030741171 33.3963220149 34.6799623666 34.0012657695 32.5982363686 34.9772244575 34.3539796751 34.4213686357 33.0869791134 31.8398754825 33.7550911924 34.8318823766 34.8766931035 34.7560912252 34.0248038431 31.8417744806 32.1377363125 34.6320892577 34.7813500495 34.241663873 34.272047214 34.3466928539 32.831613064
32.7195939053 34.867022235 34.8249403549 32.1154445921 32.1381416672 33.0996522539 33.1594850036 33.4886142422 32.4430992883 33.298067101 34.4019927537 32.700312935 33.7072492916 32.0142757473 34.2092155321 31.8950939703 31.7234572299 34.2732344742 31.5152818363 34.8589052057 31.6656202824 34.2661370676 32.4572465813 32.0187720476 34.839779105 32.5653760095 32.4051430259 33.8495563653 33.3032534496 32.9458459209 33.926594637 32.5245499255 34.0634093253 33.8180342793 31.8839401875 31.5258477887 34.9450779595 33.7787557065 34.130488496 31.5007781138 31.8743142592 34.7550944381 33.006114921 34.5279673156 32.9151776237 34.6066409082 34.3130907321 34.8680422837 34.9999728614 34.8302497723 33.245054267 34.5583419294 32.2608561854
34.7350037337 32.1377671407 32.0346172931 33.8643883153 33.6170482833 31.6735727191 31.5986246764 32.8261315634 32.8927510482 32.7125704149 33.1662360133 31.6220322843 34.3489487391 32.3562010171 34.8162545354 32.9273708134 34.9486593274 33.9985249579 34.4620524098 32.102583028 34.5143794804 34.4948725443 31.9832489481 34.0344380998 31.5295705662 34.1010289261 33.6255340298 33.700919016 32.8444293518 33.3948535243 31.8806338211 33.6653427027 34.6924264878 34.7363946616 31.7594882423 34.9538182518 34.1932579457 33.0834633665 32.6965879502 33.8664646608 32.0068037348 34.9933023927 34.0245735304 33.6065378225 34.7663960085 34.9215578629 31.674868748 33.5883489918 33.3083147459 32.7753181988 34.423971171 34.8260857607 32.4595301905
34.3087394678 33.3930456608 31.8643209189 34.9189947833 32.9447102968 32.4265213566 32.3683403756 34.1237008128 34.4463165831 32.9300496882 34.7958001334 33.7658945493 34.6168829506 33.07417544 33.8840805547 33.0286096347 34.3795058128 33.7326764715 34.7026718274 33.8272619652 31.9066974567 32.2790443577 34.3118057236 32.5711960388 34.1230082769 33.8453985369 34.0868553724 34.7996868168 31.5161166146 33.9353944934 32.2284271609 33.0170057356 31.6519595444 31.7364493436 33.4683741787 31.7270384918 32.2456460752 33.7552272648 34.5103316046 33.9582543137 33.0326484021 31.7251735554 33.8632658127 33.8351247134 34.312876751 34.116281851 34.7431048007 34.3298523172 32.2661006459 32.4562647066 31.5205090081 32.8943062616 32.0915129158
32.3469425034 34.0164354833 32.4817159886 33.295472062 32.3711072477 32.5366116406 31.8161593788 32.0003550082 32.9010305297 32.6391006224 31.8279502185 33.6510873408 32.1596443638 33.6778101705 32.8734467716 31.9771798178 34.4775236208 31.9185481599 33.6335390361 33.945433654 33.3811427266 34.4741171035 32.7836485235 34.4535702283 33.6602328331 32.7453978263 33.3193369505 33.3682372439 31.7133207111 33.9941100173 32.4847279204 34.3413457102 32.743344774 32.7716968427 32.0308654531 32.2291360784 32.3773002489 33.6606828111 33.0736977915 33.0426917376 32.0749830874 32.5122904455 34.3353106056 33.2754856213 32.8932675334 33.5106209767 33.1598985662 34.2113983216 32.8005019411 34.6074328379 33.6010722834 33.118547077 31.8607656572
34.2793766565 33.6365445522 31.9170609473 35.0073185725 33.8062648727 34.4680140284 33.496732375 34.4041178995 31.5149310467 34.8706445653 33.957219024 32.9206136725 33.6235889591 32.8073571571 34.7236894434 34.3195302375 34.6045410577 34.0844221534 33.2605387963 31.5574606207 32.6965497642 31.8589791182 33.7450799616 34.2366472952 34.0867489108 34.1247017722 34.5982658923 32.1419561646 34.1169090105 31.9548327962 32.8161651275 34.6100110576 34.3701703981 34.8483248851 33.8908022118 34.6137379701 34.8059843086 34.5102478582 33.003404519 34.1737957957 32.6740825318 33.3930957742 34.4522964826 32.7124238367 34.1723672128 33.6838015511 34.3833790253 32.1088122449 33.6164108197 32.7562524145 32.9279426635 33.711461935 32.9733449414
34.327397705 31.5454747166 32.1022273158 34.4935091786 32.6226229807 31.9771310022 33.1443575669 32.9075022962 34.2171851703 35.0091621965 34.5210141449 32.694429588 32.5046187217 33.1493978027 34.2628970358 33.2027162704 33.7047866817 32.0001228459 34.0928110309 32.8741678055 34.7065854338 33.7890734784 33.0364109234 32.3026841596 34.3666880216 31.5668934882 34.4755861407 31.5085673542 34.8558667027 34.8325619079 32.9066187778 34.5192699147 34.8273544173 34.2413257935 32.6699778621 32.6305980174 33.4654859992 32.4765082022 31.7983759112 33.8329477023 34.5940647608 34.5611157978 32.568677174 34.6364064932 34.8463599962 32.7623120777 34.6668505663 34.5600018734 32.367592309 32.1787063157 32.4807403103 32.1834433932 34.2759670524
33.7474727258 33.0210099874 34.3412291451 32.482431058 34.6397702138 32.8137119458 31.7690505718 32.8669904436 32.2595422585 33.4606899092 31.6631124261 33.1122677465 31.6812400111 34.1354845282 33.9238241936 33.6365056527 33.5709464025 33.8549353425 34.9233950524 34.1669376467 32.3992610822 32.9741748199 32.5892597069 33.2712285739 34.6629049907 32.4327953782 33.1903960705 33.8807457448 33.3971415492 33.1738735161 31.6411928018 33.9353048388 34.8300209659 32.3595379419 33.5545318216 31.7820761088 34.853786009 33.8255727907 32.1811030682 32.5784596918 34.7431805077 34.7892855995 33.4991448398 33.1876551009 32.3452744626 33.5797446142 34.2735400215 33.5084591736 33.2408626896 32.9743069897 33.9761037208 34.8469624066 31.9614923683
