Spatial_Output/90% DEC/90DEC_1197.asc
NCOLS 155
NROWS 192
XLLCORNER 196769.923733
YLLCORNER 449719.875193
CELLSIZE 27.603701
NODATA_VALUE NaN
[rows 46 to 68 of 192, columns 0 to 52 of 155]
27.7560882332 27.9871156294 27.5318544719 27.814515753 27.6898552719 27.507695221 27.8974130492 27.8990295693 27.9344953039 27.5302860779 27.8962573819 28.000292277 28.0910983622 28.0923338395 28.0729797309 27.8233875819 27.9204765466 27.9823874229 28.0004697934 27.9897534652 27.6658426918 27.5333658546 27.6117969322 27.7933580433 27.6801269798 27.5617923851 28.1544615773 28.1011084366 28.0283253976 28.0611229742 28.2012158222 28.117469084 27.8628012619 27.8066950606 27.9045752829 27.9541972838 27.627856891 27.5414086764 27.9357283627 27.948599662 27.7915803274 27.6272529345 27.9607594798 27.703717048 27.9619305678 27.5642441751 27.9888236016 27.7059845421 27.5887441416 27.8486980454 27.7350519877 27.6525863646 27.8324912196
27.6612595308 27.8249967556 27.6982936361 28.0787120359 27.7107900584 27.9542611144 27.7990942721 27.7321966593 28.0118830994 28.1600983904 28.0562229435 27.9490273934 28.1349474587 27.9017663622 27.8635397864 27.5671617427 27.922078075 28.0239886039 27.951119889 27.6996447897 27.7869280041 28.0351996567 27.9683293529 28.0715081079 27.7933903854 28.0223436694 28.0748974494 27.7385728108 27.8314235211 27.6859660414 27.7466156184 27.5896763773 27.9709873806 27.9762599326 27.9740314414 27.7710147142 28.1742773347 28.0335587242 27.8952852847 28.1349200415 27.8940530585 27.5291045738 28.1232124139 27.5442088757 27.6543489697 27.5376657496 27.8371177797 27.5170952041 28.1211678159 27.5785647004 27.9708236258 27.7300371836 28.0679908371
27.590359558 27.9742814831 27.8739020646 28.0977656614 27.6403336379 28.1266211272 28.0911161367 28.1146448275 28.1152203483 27.9889832405 27.9609538213 27.5834172684 28.1359642929 27.9375313945 27.8807979065 28.136918529 28.1445188656 27.5229584178 27.595781312 27.8193589423 27.6837856111 27.9645199375 27.6460136445 27.8027674254 27.5390858204 27.7704233585 28.1518197909 27.5487891462 27.5848208611 28.2025022964 28.1527880132 27.6033540691 28.0777071857 27.5216040179 28.1492530594 27.6154054318 27.7030362618 28.0252759966 27.9259132472 27.5724086278 27.8495547353 28.1378510316 28.0656144815 28.0508399674 28.1881365881 28.0675098711 27.9341282415 27.5433218521 27.5731334217 28.0075557301 27.5499063955 28.0161252227 27.68563923
27.9112254266 28.1507321881 27.7593242616 27.8610887859 27.5796057551 27.6669013375 27.5588201971 27.8345231449 27.6480026034 27.71753295 27.694110967 27.6906933994 28.1240329955 27.7252483304 27.7618159934 27.5801205425 27.8727584957 27.6789949254 27.5668210296 27.5437939551 28.0509045739 27.6610682651 27.5797535927 28.0526500945 28.1714939941 28.066020877 28.1339566679 27.6461453285 27.6310255282 27.6871436661 27.8960512314 27.8264542123 28.0319960043 27.9487740266 27.5646422942 27.8732503206 28.0963075046 27.51417927 27.9770559938 27.6802525384 27.7147069926 27.6234892279 27.5779452899 28.0116598249 27.7812668014 27.7546084216 27.6102457317 27.921940721 28.0859324992 28.047655215 27.8138345998 27.8969520384 27.6792250474
27.5993032595 27.7080934276 27.8919685525 27.8656529726 28.1642388571 27.6110229754 27.5325437436 27.9355362816 28.0011700539 27.8495124544 28.083418966 27.7242346264 27.9907925323 27.6707283426 28.173329662 27.5312287835 27.895255158 28.2049702937 27.8643086182 27.6614492739 27.7201519066 27.8040386165 27.6468420405 28.2038683141 28.0062936775 28.0173841843 27.6592682471 27.672413543 28.070440059 27.9877932995 27.6257519704 28.0723898131 27.9673176899 27.5168556524 27.635516392 27.5688531256 28.1821005165 27.5982961169 27.8070611159 27.7127157214 27.7106110636 27.8225283016 27.7505268624 27.7751431329 27.7349762412 28.0340294993 28.0475796202 28.1746008284 28.0399549962 28.0915318901 27.7721709278 27.6471907652 27.5729288936
27.6896307596 28.1743978806 28.1820222923 27.5180941314 27.5634519014 28.060870669 27.6943203081 27.6358507079 27.6813152217 27.8902974202 28.0210917812 27.8711565772 27.9726995884 27.8122073899 28.0291270311 28.1022052933 27.6770301864 27.7683710616 27.6018526209 27.7178804814 27.7728306936 27.7703151972 27.6625896393 28.0837826133 28.1702370601 27.9409968844 27.6409023953 27.9116177972 27.9342928331 27.8712065729 27.6960560967 28.1877361121 28.0422595305 28.0127044657 28.1887350606 28.0464125857 27.5695765134 27.6983240343 27.6967122941 27.8097209772 27.7302501169 27.5713750105 27.7528526349 27.5110854288 27.6593967435 27.8564461213 27.5192209236 27.7056370878 27.9175561648 27.9989951332 27.893569128 28.0359662193 27.8980650946
27.6106208566 27.9726378088 28.0420992441 28.1987176579 27.5034440904 28.1184427683 27.9388976324 28.1368644623 27.6288010702 28.2066291006 27.9908828749 27.6019552123 27.9518115969 27.6721848531 27.9234803805 28.1518899749 28.2057458768 27.870538279 28.0922833829 28.0076402451 27.8950723555 27.7809432332 27.5745456902 27.7479785799 27.8977527545 27.5546812284 28.1458510734 27.9720019655 27.9846817509 27.9942438595 27.6705600296 27.7629678925 27.7507099427 27.6680508758 27.9158815296 28.183206359 27.9774501604 27.9219321421 28.1635768962 28.000889411 27.9240133016 28.1114718295 28.205613528 28.1746467734 27.7855256304 27.6279288139 28.0759402908 28.1893901646 27.5435375025 27.7396816182 27.936332666 27.5407252 27.9642898429
28.0351658006 28.0680927326 27.8744131537 28.0034280187 27.7412585243 27.8380612685 27.6177555119 27.8514926544 27.7287314763 27.8661286027 28.1204497598 27.7439257261 27.6475509516 27.5075886191 27.8886935626 27.9019738129 27.5497816198 27.7742437182 27.6062269036 27.85336521 28.1532860975 27.5249608467 27.5790267321 28.0566059757 28.1871119465 28.2059095406 27.8642839363 27.5831914595 27.6556517928 27.9002683665 27.9532396681 28.1138609095 27.9737418149 27.6043408257 27.6295571017 27.8149787667 27.6812984555 28.0083048563 27.8946976799 27.6677541413 27.6216877011 28.015567945 28.166281121 28.0461152924 27.7514902134 28.0401827301 27.9139057127 28.197885152 27.5708797429 27.997490803 27.8437057307 27.7536835493 27.6887325356
28.0338761889 27.9462987177 27.7019130101 27.6192335071 27.649317361 28.201117067 27.5169893615 27.939745943 28.0371198688 27.9572067143 27.9662670314 27.5180896051 27.7481364391 27.9222871741 28.0061852163 28.1885267574 27.6126455449 27.9180038391 27.6080056211 28.0054811848 27.7673538502 27.7100778866 28.0732156919 27.5465181913 27.826206645 27.7499130839 27.8880689261 27.7883410802 27.8031320096 27.6510395698 28.1005410152 28.0184339538 27.6162227154 27.8936495316 27.6355496837 27.7830997577 27.6714378033 27.9471804262 27.8754597867 27.8942004416 27.970917252 28.1478597604 27.6042628927 28.0402037284 27.7878650718 28.0955446414 27.6128991282 28.0683519607 27.6912549574 28.1958212493 27.9429146438 27.821210899 27.8363539188
27.5438746707 28.0197555058 27.9918411093 27.7129113978 27.8330120886 27.6850417697 27.9311521656 27.6839338096 28.0150786519 28.2018760991 28.1227935066 28.0143274939 27.5952118061 27.933046548 28.0435334547 27.5592329561 28.134935032 27.5161278791 27.8372137828 27.7554702595 27.7494039047 28.1023636736 27.9732922003 27.8595925206 28.1620069622 28.0292960257 27.6779030367 27.9531427535 28.0772256257 27.7318515206 27.7103284572 27.9615869173 27.6013214696 27.8536116953 27.7363355804 28.1128927159 27.5169355862 28.1302095257 27.9262264543 27.9398305692 27.9257400948 27.5172812728 27.9696694162 27.9398425761 28.0291550531 28.1449197694 28.2051487788 27.5666112832 27.6673834335 27.5894648509 27.6176389961 27.7947552309 27.8216382697
28.1111085669 27.9295894783 28.1028455854 27.9744537992 27.8242443228 27.7692793885 27.5467022664 27.6473789266 27.9188913128 27.6845728283 27.6689742498 27.7957508759 27.8393330513 27.52703406 27.7749105064 27.5699224956 28.1807213826 27.5299199116 27.726374606 28.0704630005 27.6671363638 27.6902405562 27.9113651079 28.0308635143 27.578506193 28.0388268379 27.7078656882 27.7587824774 27.7346511394 27.7878170619 27.5971144183 27.7026836688 27.5157781678 28.0099777326 27.886387298 27.8954998705 27.8568276538 27.6854822088 27.8384567151 27.5491143848 27.6153179065 27.5824573413 28.1572887698 28.0403824755 27.8189323163 27.8609008857 27.8321611493 27.5811920876 27.9527730736 27.9792335813 27.678972895 27.9925636839 27.6302839654
27.9372145858 27.883822691 28.1482853657 28.1227878298 27.6980958632 27.7451211058 27.6164710182 28.1800715708 27.8161190593 27.7287397303 27.5359590559 28.1560265674 28.0342297992 27.8659247836 27.9300951545 27.8428117267 27.8697543451 27.5874308351 27.6517611654 28.0891662868 27.7414819805 28.172784192 28.0474154451 27.7367407238 27.7164602871 27.9604502929 27.8494680662 28.1766197324 27.8763735101 27.8695012584 27.7686817571 27.6981215681 27.7543122188 27.9827424758 28.0030089454 27.7911415135 27.6868733027 27.7355104399 27.8937471776 27.6944329639 27.7275024045 27.5622179597 27.5836022648 28.1946321345 27.8595446587 27.6232602789 27.6990596372 28.1426103332 28.1243936211 28.1915567923 28.102843398 27.9190692058 27.591573747
27.689477757 27.7730777149 27.7652088545 27.6058927972 28.0148605003 28.1468289875 27.9184789025 27.6376588981 28.1045022498 27.5732389711 27.5833188999 27.5502656635 27.9915615952 28.0297261179 27.624187547 27.553271392 27.7813661047 28.1653146809 28.0519962575 27.7541683331 27.9825551094 28.1173506038 27.9137259901 27.5809611857 28.0406340919 27.9799252982 27.6563816537 27.977192272 27.5020521206 28.1859898162 27.8247690992 28.0377104748 27.9310166207 28.0580125824 27.5929539929 28.203896911 28.1134704417 27.560433263 27.570742335 27.8924658906 27.8858173376 27.9927175595 27.5081062748 27.8844163316 27.5449572003 28.0431798846 27.8941382872 28.0644994559 28.0875146909 28.0288103537 27.5821845193 27.7196726357 27.7474061607
28.0214133349 27.9486465272 27.904000751 27.9389031305 27.7297918005 27.9216401047 27.5277043314 27.8876131356 28.1466222427 27.5027589329 27.5914318359 27.7060574404 27.9398405195 27.6321544572 28.1056387287 27.8258822923 27.6678052311 27.8570455375 27.9095220827 27.8519155645 27.9718185131 28.0602456678 28.100110536 28.065905995 28.1224801118 27.8387641541 28.1343322807 28.1780888887 27.6930509641 27.6477475492 28.1726505906 27.9974851807 27.7573699468 27.933296959 28.1334058235 27.8369334436 28.2009401757 27.564687631 27.6634191816 27.8507521853 28.1198824602 27.9534087368 27.7446833338 27.9816208265 27.8700741934 27.8018515961 27.6194498059 27.7238263322 28.0529201479 28.0694947592 27.8020416437 27.7802783722 27.597901706
27.6543390081 27.8658608016 27.5908872392 27.809588761 27.8732491994 27.8780579828 27.6066820975 28.0837747683 27.5733316242 27.7019489702 27.7313099309 28.1964941998 28.1679731479 27.7246702371 28.006477431 27.6270222537 27.8135007483 27.6703796206 27.6011514798 27.8097503235 27.61230412 27.7097464349 27.692819815 28.0940491927 27.9852798565 27.9564340086 27.7169535467 27.9808046684 27.9403025394 27.5048487779 27.8619276251 27.5000805201 27.7384393611 27.6593928242 27.5725534517 27.8357141601 27.6306785538 27.5675353041 28.1650288633 27.6912840952 27.6744186307 28.1237819348 28.0201879761 27.8695647162 28.104217848 27.7999332919 27.5172357061 27.6925039269 28.0274220941 27.8440319884 27.6467334963 28.0653301461 28.1201228519
28.1855104123 27.6447314754 27.7115802628 27.8429660332 27.7892629735 28.0385396026 27.7619210836 27.8308567985 28.2053154669 27.9688497764 27.8239429525 28.1363890523 27.6955871539 27.9423381587 27.9646609707 28.1058660537 27.9658431832 27.5252438202 27.8283078371 27.5728223131 28.0189464255 27.6672641217 28.0125792105 27.8980552519 27.5264857131 27.755417639 27.639760143 27.6236552462 28.0064977274 27.9917190234 28.1643364963 27.5929783446 27.5406769813 27.56442642 27.9792195016 27.8483623492 27.50155204 27.7370411897 28.014710085 27.6842774941 27.9493877981 28.0521598851 27.8556293925 28.0787537428 27.6067528044 28.0603791737 27.6592787309 27.7727960999 28.1197356749 27.508471196 27.5801266963 27.8423502379 27.6937750755
27.6394889933 27.8635086587 27.8686498942 27.7222609714 27.5784386034 27.756454013 27.9211829174 27.6418643503 27.9011842479 28.0165479486 27.968369578 27.5627335732 27.9321029294 28.1286480269 27.6952024823 27.6399890496 28.0499978601 27.5808186893 28.2000262474 27.7261242045 28.0541764563 27.9292110582 27.5333762796 28.0728865797 27.7700869532 27.9945172593 27.5982318312 28.1383771356 27.9034137772 28.1315565179 28.0195014036 28.1672934461 27.7411802456 27.8586214053 27.6343521209 28.0120867004 27.9253825923 27.9574440888 27.5437657886 28.0185791531 28.1974579682 27.6905010746 27.6730997254 27.9182332781 28.0545936827 27.6470429059 27.7332654633 28.2030190365 27.7224447878 27.9400341247 27.8326685287 28.0722093698 28.1268134015
28.107561171 28.1536169344 27.6589149209 27.8755197161 27.8061290286 27.5023943468 27.6675829752 27.9208552601 27.5594159723 27.7921281127 28.059028289 27.9761598912 27.7356371357 28.0904678097 27.9167376087 27.5188406158 28.0809640971 27.581062356 27.7736072931 28.1090595522 27.8504823302 27.9828146462 28.100201039 27.7688629628 27.6029173697 28.1493538335 27.840001949 27.5094264244 27.779023605 27.5197983593 27.751146669 28.1283341234 28.0826516035 27.5315892025 27.9367018112 28.023234131 27.6447696299 27.7659263009 27.6023365496 27.7376610056 27.8791216178 27.8425073552 28.1575096594 28.0833354865 27.6625328455 28.0307337988 27.7598023645 28.1013587858 28.142586378 27.9399832305 27.5539822762 28.0740981313 27.588420443
27.5203955491 28.0906748626 27.5440779983 27.9277552541 27.5254633563 27.6641005525 27.7696911141 27.5817694047 28.1235929137 28.0591615544 28.1136565627 27.7457669642 28.1185787771 27.6556035754 27.669188238 27.6497808431 27.8716699589 27.6708241375 27.8672177178 27.5444451726 28.1851694012 27.6592636304 27.823342744 27.5591812875 28.0127175995 28.103327567 27.644695805 27.9918088663 28.0011311319 28.1216390859 28.0673289867 27.9216817611 28.1659907498 27.9793720954 27.9264332028 27.563924961 27.7359918976 27.784418018 27.9464629741 27.5574208358 27.6443841059 28.0949820882 28.2037261586 28.0724638581 28.081693097 27.8555657394 27.8918802934 28.151552556 27.5671440867 28.1123872728 27.8118841999 28.1064946482 27.5441854984
28.153541873 27.6113489438 27.7182334352 27.5308111329 27.7719881315 27.8151990099 27.7453048449 27.7326465748 28.2008021393 27.5541724077 28.0907184734 27.66256829 27.6112712946 27.5927721636 27.8490129289 27.5136994236 28.0134242282 27.608613596 27.512412489 27.6789158489 28.1638961983 28.0243137114 27.5560214745 27.5933219922 27.700329739 27.9961230726 27.5852236174 27.6020409883 28.0624341592 28.0224181724 27.5164617083 27.9137701446 27.7445650131 27.8158790675 27.5064694779 27.5700465429 27.8047371686 28.0699850039 27.6729524355 28.1429357947 27.8961204758 27.5146984384 28.1486402751 27.9961377917 27.5595799178 27.6695532537 27.5683732449 27.6329189439 27.7057501641 28.1685625816 28.0663226335 27.5173430682 27.6805268784
28.095313625 27.6177150107 27.9520068467 27.884572625 27.6639392484 27.5534047743 27.6608349166 27.6181632953 27.9644429136 28.1841464612 27.69754824 27.5853152616 27.5831353848 28.1773575382 28.0201745694 27.6539259637 27.6630263231 27.9238712686 27.9910126546 27.9892987854 27.8629185031 28.0896680849 27.7668027441 27.9883283722 27.5721009567 27.6510675568 28.0687884872 27.9394741703 27.6330145009 27.8857697916 27.7576758221 27.502622401 27.7761228148 27.5152001857 27.6030229117 28.0600197086 28.0757734546 27.5480643052 28.0811380392 28.0704223824 27.8948106176 27.9457206592 27.7665633825 27.7043448786 27.7296262427 27.9448164452 27.7882690729 27.8778173979 28.1959282267 28.1625915379 27.9065477373 27.5699376518 27.7681252163
28.1544468995 27.6105887519 28.0801960057 27.8817480994 27.6441807051 27.643967213 27.7813626367 27.5489828992 27.7115763382 27.5971909709 27.6719813805 27.8680959126 28.2038840746 28.0916615246 28.0703829965 27.8369618764 27.9691571752 28.0612640643 27.7338380121 28.1002667077 27.6328909075 28.03288245 27.6524115506 27.8533450136 27.5147705394 27.5249256568 28.1362594087 27.6885192836 27.9883958631 27.5001575143 27.8793254542 27.9021622495 28.0977897378 27.8961344293 27.9862701153 27.9400275196 27.6275210986 27.877293479 27.9004857023 27.8861788365 27.9513800003 27.9208004706 27.9555856115 27.5203237584 28.0718231417 27.7827280212 27.7183074001 27.6042620818 27.5405409424 28.1247310311 27.6721629614 27.5450392478 27.566248781
28.0978587699 27.7088086707 27.5406239519 28.1694755543 27.732560643 28.0130418227 27.6677791635 27.8182908262 27.5746234045 27.5527313512 27.9680701832 27.9796954618 27.7474615961 27.7091978289 27.6490441178 27.7649559259 28.1429688305 28.087404541 27.9045524677 27.7907496101 27.9312233462 27.8664408217 27.5149841962 27.6101191323 27.5841951658 28.1686474676 27.9923318884 27.5329632528 28.1640941116 27.8323249312 27.575357892 28.0106336552 27.5964230125 27.7604220373 27.6937759253 27.7459241531 28.1930400689 27.7586450472 27.748010192 27.8089684398 27.9454382365 27.7668000341 27.7423472016 27.9342862722 28.1017461071 28.1510112798 27.9802456653 27.9643748295 27.7805672408 27.5878149163 27.7240251115 27.5343445696 27.7340652566
