Spatial_Output/90% DEC/90DEC_0613.asc
NCOLS 155
NROWS 192
XLLCORNER 196769.923733
YLLCORNER 449719.875193
CELLSIZE 27.603701
NODATA_VALUE NaN
[rows 138 to 160 of 192, columns 53 to 105 of 155]
27.0616918833 24.5100094706 26.1720183262 26.5136956155 25.9707844591 26.776987623 63.8661681322 26.2885549855 28.7208580931 24.7793427248 28.2416711133 27.3363282782 24.5625011388 26.7042674318 25.9679945622 25.0043444615 28.7122042577 26.0335373597 27.1076226942 28.0114040351 28.4202069911 27.8046168974 26.5741948388 26.0894641417 29.2588404039 24.9166028075 28.8894239724 26.6184675931 24.6194326496 24.5194729965 24.5970591264 29.2533692182 26.2701860601 26.6626491023 27.1677199306 25.3848225246 26.5541278992 28.6557724427 27.6676825259 25.1522602587 28.5825454423 24.7399073366 25.6430569331 25.0593388999 25.4357510163 26.9907747384 25.6738098419 28.3932623507 24.8589046061 26.0306745236 27.6495004629 26.2987914355 26.3779631505
25.7340787802 27.7399224435 20.7899438332 20.7899438332 28.3248395952 25.5653484454 25.6750346806 24.8521966179 28.8147836132 24.8375180868 28.7827196326 25.5401257105 28.8933665617 27.3983209539 24.5832732542 28.7104992002 29.2809045751 29.1300267893 25.1017419722 27.7101235184 24.7673289 26.6608253172 26.6018046001 27.5684240423 28.0173094989 28.7740562147 28.1097754253 25.0453865041 29.1786911349 26.9467274173 29.2933797536 25.6127611935 27.7217147157 28.2510355829 25.4347883717 25.0643166524 24.6759084143 29.2547933785 27.1940861219 25.6085113594 29.1471837144 27.9232970764 28.4963833759 28.256761157 27.9746780144 27.2707665864 26.1787865499 26.5769507796 27.0748367512 25.8675791663 26.8500435842 26.9731124675 28.8032825553
25.8741044218 27.9551342684 20.7899438332 20.7899438332 29.1444661252 28.7501985924 27.9820592845 24.9022703496 27.8265357083 26.689270413 29.2551845294 26.5649392989 27.3444875174 28.8181653359 25.1989172484 26.5862671729 26.5644290241 28.8859753391 26.852761389 27.0417650734 26.930512519 28.546023547 28.6385369726 27.5890057868 27.0829890319 24.7032192297 28.6320309203 27.7132178576 24.6465442352 26.1412525718 25.072689593 28.3421292829 26.2889562467 28.0255012489 25.5716211194 28.63326209 25.084660299 25.8472300461 26.1640462738 29.2277551863 24.9553097012 28.2991174409 26.2008858422 25.0092478936 27.6341223524 27.8039234991 24.9282757862 29.0717847233 27.0242915642 25.8635306232 27.7635352745 27.2960237228 28.7519698348
27.2507450512 28.3231456161 25.474378416 20.7899438332 27.5168149338 25.4008828095 26.6475149322 26.3189666845 27.615583599 28.159888213 29.1366013628 28.4094259961 28.3086613815 28.8619286757 25.5774312542 26.2289574344 28.7923498051 29.0805899412 26.7634897724 25.2145066342 25.7955414092 27.7233794933 25.5412566092 28.0384150879 26.0901218109 27.6606663228 26.6928549906 26.602790011 26.1828938249 25.9093480787 28.4865083317 28.5469996151 24.8990946682 27.5981540002 24.981681229 26.639298684 24.7707545821 24.6407478075 29.0406491582 25.2989592259 24.5123832539 26.4326312471 28.622682136 26.1894127944 27.761499915 25.4651461116 26.0613777933 27.9714559777 25.8982676925 25.7247634394 26.59060727 24.6500199422 24.6862000338
27.94259499 29.3021393701 29.2597886478 28.9050715833 26.5365611059 25.8853962456 24.9039485254 26.9576089427 27.013503286 24.7423026643 28.0830818912 27.0109592085 24.8146568808 27.6883563836 27.2127205887 27.9675850982 26.475482255 29.4173346507 26.0842987384 25.0648819802 28.0928727601 27.211379887 28.3814232253 25.8896882827 28.1138648895 27.2820829766 26.5094252834 27.8568216371 28.0306048728 28.3933671121 29.078747725 24.8626051977 24.8189217727 27.2308526688 27.4775483413 25.0906049623 28.3790411344 29.0769209031 26.3140351781 27.1792377538 27.7695841255 29.1341459726 29.0955968327 28.347295141 27.3315146366 24.9858213452 27.2605271826 28.8149644899 27.8180470859 26.769564769 25.6670990941 26.5515465183 28.8936820057
27.6596469427 28.7875083763 28.9226010454 26.6300189401 29.018868283 24.8601572536 26.667602609 27.635220332 27.7161318664 27.9760366333 26.4328736639 28.7155662766 25.0041619805 26.0613417013 25.635282532 27.2150466477 25.4569053599 27.5041910462 25.1594421232 28.3065293918 28.2037612502 28.1222849776 26.5783590334 25.8054131656 24.6567838008 27.1793566496 28.7755339602 25.2232348291 26.7101200382 24.5499757305 24.6883007308 27.361535727 25.7489764974 28.2809550046 29.0638791948 28.5562813825 26.1664586334 28.9545013042 26.7236843645 26.3707732372 27.1656636097 24.9657539549 27.5207500905 24.7308094568 27.5028982605 25.8874688538 25.7452522653 24.5602196223 29.0554243968 29.3961285232 24.6357497927 25.902650277 26.4645737744
28.8698584063 25.9582181554 25.4273090175 28.674534728 24.8685549596 29.1404954162 28.6154327188 27.3072284194 27.2240298591 25.7949629179 27.7168442951 25.3860358878 26.0530000419 28.1754120117 25.5081847168 26.6880983403 29.2201580498 26.0469715396 29.2403192862 25.0292138348 26.4771122605 26.2146072429 28.4074559113 25.3011170392 25.558727126 26.1536514012 27.7523652595 27.6838014906 25.3007250996 27.8378156128 25.0330840882 25.3429394062 24.5890536532 28.9545324149 25.0244871315 26.5385196915 28.6453578253 26.5559692722 29.2669591337 26.2168977595 24.5764121528 27.1275179885 26.2149068433 25.8714262623 28.382278632 27.8163986908 25.895556389 27.3975347405 27.4468769092 27.2921153952 28.3158421249 27.6954202926 25.5836616176
28.2088174788 27.5358152555 28.6822248611 27.8403690378 25.5202428526 29.1255786049 27.9496447308 28.7399143794 26.1969954113 27.6682069255 28.569761905 26.4253722859 26.3099222107 27.1492051335 27.3197202688 26.3119163703 27.370644091 26.592842297 26.7203680871 27.079480346 27.7445424198 29.2404057543 26.4723758964 24.7878085446 28.8542849462 25.5726351245 27.9407073205 28.1186035448 26.0308215206 28.7765818808 25.3802951808 28.1246253743 25.1129156194 29.4032343654 29.4034703662 28.5224125575 25.6537639242 24.7302139516 27.4030641975 28.0353282412 27.4893294532 28.5857139141 28.78574546 27.3372020557 26.4758535788 26.2904081738 27.1622889859 26.6426872004 26.1134671693 24.7994101056 27.9749550668 24.6038935819 24.930289152
28.1832961784 26.8320252234 24.535673776 28.2468538422 26.0589350696 27.3681193687 26.0286386196 24.7794130302 28.6263891233 28.0146273828 28.7739459683 25.5420070362 25.6455672562 28.0920372223 28.1666740004 28.2248998309 26.6046791256 27.553350669 26.2318677745 28.9036746981 26.2916456253 28.7455385004 26.9102995667 26.2899575424 26.8876710584 29.3008512604 29.4142549902 25.0965586208 27.8077056317 29.4491272397 27.3066975213 29.3176479744 24.8706809831 26.5733594524 26.2861567643 26.2141880908 25.3654639145 27.3301282063 25.6502981562 26.0266858234 27.1350451918 28.4690247635 26.6020841349 25.8302553146 27.360077879 25.9246303492 25.9177456957 26.1975888993 25.4062649075 28.4664076789 27.9769888653 25.049437354 25.7504685984
24.9393713196 25.0414099043 28.5814868021 27.0283800945 26.3049529975 27.6491041303 28.0472615192 28.8889085401 28.0249667588 27.1243843437 27.6645663919 28.8528175917 29.0390602679 26.7343703728 26.9852772354 24.7779608598 24.5226206815 29.2851847123 26.4602427343 29.371405372 26.6732288501 28.1478951368 28.1143773328 27.1673590058 25.8788083167 27.1710814367 27.5088969592 25.1216670499 24.7683859878 28.6209356607 24.6157190254 29.3602797448 26.8378306488 24.8550754347 27.904928152 24.7923705694 25.0542190487 26.7074903745 28.7819045558 27.2274622421 25.7988641197 27.6147132746 25.4346811719 26.8281893462 28.1244618388 27.0527116995 28.1992029824 28.8018325395 25.6755256588 28.0625761844 26.3034838256 27.6119352269 25.6631814803
27.2997386386 26.8606983242 24.7836900042 26.2582088162 26.5900071565 28.7073402658 27.7163582272 27.8813833055 29.2011760372 26.8954495871 25.5166875929 29.1880066628 24.5376750077 25.713997324 25.9784900397 29.3362302014 25.782406347 26.8628200309 29.4043113686 26.3136357703 26.068311469 27.6383033743 26.3108197251 25.3023502146 26.8749692277 27.0777830807 26.9002223751 27.2599783116 25.2192911628 25.2263594559 25.3095134517 25.5497527378 24.7544144228 27.2064507753 28.5261418517 29.1012026338 24.9502767367 28.2454850969 24.854434952 26.1523102505 25.7029750157 24.7383101772 28.987914295 28.3952017559 28.5766896335 25.4111450759 26.6282732682 26.5232490717 29.053448719 28.0068158473 26.3972796401 27.8416290413 29.4391845683
27.9799992852 24.9574589184 25.8971192365 28.7108605038 26.0419357162 26.9522267759 26.9796325536 26.9024800711 26.1737396239 24.9718211855 26.5508703607 29.1227417783 27.4916562431 28.730321105 27.2605821167 26.0156449226 27.7505081218 28.8188009421 29.0453988538 25.9490641544 26.89753098 27.6087636245 28.2981599965 29.1399907317 25.6048885434 25.3366480475 28.0959099255 27.9897536804 28.919410624 29.2187431855 26.6838493213 28.4499091949 28.0744956904 26.2708669296 27.5704598538 24.5491105518 25.2214517161 27.5246297456 25.5586861605 26.5666425888 28.9829184117 28.8190626954 27.5541279735 29.1413217113 26.2854891875 28.0421589513 25.1520712404 24.6280413535 25.7138538589 26.6921537162 25.6115693507 25.4304135259 28.3751640125
27.270501057 28.3430623314 29.082608185 28.754375259 27.7573465783 25.1347178688 25.5441740513 25.8095360626 27.5751505499 27.5487009898 26.3027940105 25.0029055838 26.5895769923 25.9852297361 26.9906203486 26.1143605322 25.0067067205 24.7618179925 28.9354173376 27.4694042764 26.6650774444 27.6507310733 29.0891691948 29.2631044673 29.1232193018 25.975763012 27.8302640087 27.6999919416 28.2765676081 25.1907399264 26.4073317121 24.5483238233 27.3783516486 27.4496853432 28.8646104246 29.2202634092 29.2038044955 28.7654784468 25.5822974293 28.5937412706 26.9283514251 25.4583656287 28.8445701437 28.7218028628 24.8600904388 27.5235925864 28.2078997154 24.8156071437 29.3955148882 25.3017563849 26.7087514059 26.5022958404 24.580599414
28.3268920981 29.0195250036 27.6174836224 27.8125946258 27.637144118 25.4279893082 25.8437046385 28.2394766606 25.0414849322 27.0706119486 25.0106449691 25.1294752488 27.0619704105 28.1228162235 27.4217404438 28.2743501405 26.823832895 25.2429466328 25.0938149532 27.9592347538 27.7395836754 27.1036236545 25.0359262572 24.9966303601 28.8477322233 25.5329797878 26.8115853263 26.8109894054 28.2200802067 27.8507207505 29.246526857 26.302335552 24.9859193908 26.9668886473 24.6871955652 25.0859106798 26.0728186356 25.3673906682 29.0287005748 26.9403139721 26.3066306583 28.5393187042 25.7270327913 26.4047138772 25.853221609 26.5574765287 26.9777393994 24.7310288878 27.4510436746 25.4533647459 26.5392880191 28.9932773455 26.7252166282
28.0778930448 26.6677718481 24.5040944131 25.4753867289 26.2792670148 28.0741132929 26.7018279004 29.2998086531 27.0681698396 26.2822633864 29.3090548324 26.354013055 25.0443379901 29.0704338192 25.053327436 25.7473753188 28.1364249564 26.6759234725 28.9683099095 28.3600922338 26.977475569 27.4818301118 24.9983823372 28.511732264 25.0822139999 26.3188017374 24.7247952483 26.4878830002 26.4304958468 28.892832027 25.2911375263 28.0980058097 26.5467752915 27.0983179117 27.3118069038 26.198117427 28.1116585722 28.1250875 25.486189332 29.0911448586 28.4970985038 25.3516536447 29.1901383827 24.5411407792 27.3622474664 25.2981793047 24.7023193116 29.0895536729 29.4112942962 24.8658240621 29.0859620778 25.8201529326 25.8031932248
29.046757971 27.8815763679 25.4011271203 28.5697749696 26.8931269814 26.3676493174 27.6001237439 25.1492269138 28.3133126282 28.3392908674 25.8527365127 25.5405515614 25.281880392 26.1575182087 25.7342397871 26.2644236212 26.037701755 24.5473896536 25.4123180948 27.9804360889 26.7966661905 25.0800724357 28.438650894 26.6993994923 25.8531822203 28.8880682631 27.7397268836 25.2088311067 25.2724164889 25.3120047938 25.7538188996 28.463842394 25.5076319321 25.173369687 27.0687933862 27.7668098916 29.3814729834 25.8454463411 28.4594844326 28.4922733367 24.5063924499 26.4150251864 28.4491160516 27.524230139 26.273232424 28.5015265633 24.568905935 25.6711508442 25.912580318 25.6925582593 24.8890937718 28.1041608445 29.4249706321
27.4457552284 25.01166249 24.8263045753 25.5158347041 25.9472437809 25.0459623124 25.1064969163 25.7160929228 25.8782896551 24.908547065 27.2409226729 28.9876654417 25.8966451704 28.5399979036 28.3526379714 29.040638739 27.5348335999 27.8053554869 29.2804437108 27.7780336661 27.8727229061 28.6908141628 27.1321471107 26.0229301489 24.9094194907 25.8809220391 24.8623553313 26.9737827574 24.7991617793 28.4135240838 24.8325115195 26.611917624 25.7803246283 25.5320479173 26.9904824724 28.6343122641 24.650145136 26.5917177859 29.1087911169 26.9919871952 26.2894197226 25.9012775066 26.0723350532 28.6135726632 28.4742331025 28.3215473779 27.3883345193 27.0970724435 24.7042910218 29.1916747537 25.8998165263 27.3458361712 27.2581934968
26.3925863717 25.8056108571 28.6395182102 27.7182653492 24.7370917494 28.8084255963 24.5521576057 25.6793020197 24.8050366395 24.5084919495 24.8703375856 27.1004814451 29.2815033964 27.740532585 27.407531838 27.7351788583 29.4388894573 28.8328929901 27.3798356055 28.496625628 25.0906406063 27.0729188318 27.7564837582 24.5495066639 27.4058676364 24.9135606559 25.5216741123 24.9431485061 27.1597781206 25.3497477954 25.4682546196 25.7780860906 28.9807816734 28.7993835768 24.789771698 26.372520248 24.8379951349 29.0667380471 25.0931475426 27.4987606109 26.3324573075 27.8914874531 29.2317846667 26.9333697082 28.8565344702 28.8131806928 29.2679472311 26.3460822987 27.7133899147 28.4994204034 28.5239088991 25.9199140752 27.9686051077
26.2110426627 27.9474156037 25.0654175565 24.8346436449 27.2198457697 27.4945049327 25.7514781184 25.4620740062 24.7527019464 24.7976473176 27.1927612707 26.359749725 28.8147729466 28.1896493153 28.5356046477 27.9276404397 24.854898929 25.1339711976 26.8983028974 27.3384909538 24.8361883238 26.9176397052 28.4493838466 25.3445558371 25.7254602871 26.8442927518 25.8575348899 28.0846684319 28.0309219411 28.8368647165 25.3348649865 25.3414187101 28.9384801909 26.0732313085 27.0298844249 28.6563298582 29.4332184421 26.8632213911 25.1311359964 28.0882382652 26.0534904785 26.9902645942 28.616209616 26.4258565128 26.1910690498 24.53541751 26.8906392236 27.3309600083 26.6502196731 26.8088916352 28.1878568097 28.6438911458 26.6969757859
29.1495228569 26.7182818116 25.4628596348 25.9100521477 26.8766506866 25.3786204059 29.1604566594 24.5206819736 24.9587054389 29.4018889333 27.8439183633 27.8166065861 28.705787652 26.4586462814 25.1155389432 29.4348585788 28.7099428705 28.8860650018 26.4286928604 28.6624332696 29.0175559947 29.1530954242 26.4049819924 24.9851898661 26.7292208626 25.0528386078 29.0784022735 28.7744117571 29.2800851812 26.6856926253 24.720491396 26.460204976 28.9870291815 28.5808304619 28.4197764575 26.9120218637 28.8086812497 27.657797704 27.4634764837 25.4151672473 25.3813814928 27.799140345 28.5624767336 27.3104586761 26.1215126989 25.1074572693 26.9840747415 25.5835148455 25.8229864623 24.6699449761 24.7765311455 28.7313637729 28.9450088339
26.6591189328 25.3857127137 24.7673675661 28.0330093068 28.7702718347 24.5253309049 25.3210362963 28.2274866158 26.0664336171 29.1685437883 26.9835817421 24.6529900647 26.6521869384 27.270446253 24.9188840687 28.2097997941 29.3847418191 28.4746569521 28.7332934809 24.9417794254 28.4029758119 28.9723578081 28.296502495 28.3835797832 27.2401294095 29.2151849367 27.7045965194 28.1383743761 25.1773138084 28.0280871544 28.2414369526 28.0769368587 24.7555673607 29.0603171883 24.5676762736 28.706577304 27.0905985766 27.6615713413 26.2250526424 25.2933338789 26.961170166 28.6984974333 27.2321444041 27.4225611355 26.0073289835 25.1420602353 25.6359122893 24.521361477 25.5498122992 26.0974833074 27.1417447748 25.3392909122 28.8804727955
25.2072674082 27.0742509184 25.4185702728 25.6763960063 25.2991349422 26.8954890325 26.7052943796 26.6742067827 26.9633643096 28.0478896541 26.9230048401 25.0863389407 25.9609157303 27.1268441274 25.3181320703 26.4869926171 26.318112085 25.7246892024 28.8283537403 28.2414379964 29.2851459335 27.6651471611 26.6288310452 29.0204051722 27.2335372635 25.712838569 25.8956134873 27.0917637164 27.3324719946 29.2905018371 28.2330748104 28.9472629228 24.782787981 28.2822438632 27.7219467473 25.6857186714 25.494640771 26.2964881829 29.0006110393 27.9298558277 28.4847243658 25.5878431041 27.048431795 26.6783814101 25.5892515048 24.7658033786 26.0964744834 27.8420773712 28.1874540644 26.6141170965 25.0284594591 27.6781659815 24.8563402759
26.4174972344 25.3911469004 27.2176258863 25.8487584134 27.7543895459 25.5702868916 28.9927459104 26.2338340381 26.5789669711 25.9687934408 29.0214704377 27.2201304046 27.2996680718 25.2767546169 26.6405167366 27.9140587823 27.7467764142 28.1755287979 25.3269593782 27.5094087285 29.0386042781 26.8691450977 28.2602561628 25.9053106479 25.4178042572 29.107547455 26.305059804 28.3437823188 29.4208064818 28.6145818449 26.3547820227 25.4086177911 27.9830442634 27.316325681 26.4655527517 29.044815213 27.3909045648 25.7932416828 28.0022995049 28.9990135715 28.4472171815 28.4155271262 25.0947454286 24.8734956479 26.4150302997 29.335737334 28.931512789 27.0235107004 26.8338449674 28.7184127957 26.6114980112 28.2563149255 28.1999391254
