Spatial_Output/90% DEC/90DEC_0730.asc
NCOLS 155
NROWS 192
XLLCORNER 196769.923733
YLLCORNER 449719.875193
CELLSIZE 27.603701
NODATA_VALUE NaN
[rows 138 to 160 of 192, columns 53 to 105 of 155]
25.5552397099 25.0823855506 24.232910208 25.5034533455 18.4090042916 27.1636823589 23.2921151449 26.4714914944 24.6475169943 25.3586443286 62.8172963617 24.1802329638 24.4239699561 25.416368001 24.4921440865 24.488904148 25.3649416793 25.2354172535 24.3523190741 25.2901603006 24.6701752005 23.3954960523 26.8543193298 24.9899025004 25.8554583476 26.0627326885 26.3932406651 24.0591681833 43.6027662233 70.0822703259 70.0822703259 23.9581444647 41.3786496183 27.0818783715 23.743889483 23.5557721908 23.1022162962 25.5959332324 25.905977991 24.6688153657 25.4572878608 26.5766936996 25.436183499 27.1720979647 25.6010630528 24.37614522 23.7344494411 23.2068319108 25.1841346373 23.3880050344 25.9168013761 25.1054719513 25.2072248064
23.3336374388 23.7822362887 25.1750313514 24.5953107838 26.7915783439 25.0166428644 24.2573522769 26.3091589066 26.6721205747 26.5048591675 24.7123434916 26.7874637676 24.1779251315 24.2674410833 24.2905081074 26.0684785499 23.3005600172 26.9311592699 24.6564315109 23.1615225822 23.8038844758 25.9098133153 25.7943936902 25.4565916073 23.6250064872 24.081109094 23.3049379934 25.0315464315 23.1460528411 26.5839549445 45.5635099931 43.7659718578 43.7659718578 25.241188461 25.411752054 26.2667562743 23.8975367116 26.6105580248 25.6819757646 24.7941494064 23.7668224651 24.3878894871 26.5601089355 23.1934917719 25.9271349436 26.1420266966 26.8290665372 23.9185295212 23.0361724901 26.8011679873 26.1397438616 25.4148687842 25.3819085051
25.0246657422 26.6160840819 26.0116644023 26.679527569 26.6654601961 25.4942474323 26.4548271767 26.4199994183 23.6888951103 25.8919419153 26.8882878673 25.8209582617 25.5749176732 23.9367580132 24.9350083726 27.2186668093 23.1202490717 23.8598574839 23.1162212827 25.0348328905 26.5859017016 25.0738664141 23.3773423859 23.6882259629 23.4673596505 26.0872532606 23.4743379263 24.6191338752 25.6416794056 25.4088924455 24.1532843981 43.7659718578 43.7659718578 26.6635435908 25.0915039979 23.8166837554 23.6872714811 25.082111168 24.0260144329 25.0135014602 26.7305333741 23.4525637038 26.1828740155 24.488541693 26.8688538326 23.2960820983 26.5198297604 26.4627820488 23.4589634099 23.828521471 26.7369214864 23.3401613073 25.9497581674
25.9590874606 26.5916591923 26.3144853724 25.7069183781 26.3288772428 26.2156750335 23.8265614181 25.6727372395 24.7387613715 23.5354802581 24.0101298325 27.1839851048 24.5664020718 23.7660329256 24.9310158881 24.4779150925 24.3545336616 25.5151626671 24.8538809628 26.444176166 24.5731294058 23.9143052075 26.0210410615 24.3678171638 23.282878023 23.4201042586 26.210053495 24.4267236347 23.3705388398 27.0864193739 26.904966629 23.9757633197 25.2537178599 25.8329151051 27.0539616169 24.8825067375 25.2118620766 24.330785008 26.9800941911 23.5655183382 24.6359713809 26.7499510109 24.2836204425 25.1464618627 26.4851101604 23.1531674159 25.8436054256 27.1068170435 26.5367636404 26.678187076 23.3865714703 26.2576321872 24.5155253215
27.0153201724 26.933150819 23.7435809705 26.2359405579 25.873663699 26.771687653 23.1563004806 25.8147083098 25.6031291405 24.7847708594 23.2123415338 23.8328895529 23.7897363482 24.2529158655 25.7309485813 25.8874685823 24.1358245593 25.7921724136 27.0698798697 27.1848061312 23.5271405035 23.5971543805 26.4138777044 24.1416637994 27.1057568562 23.0025878515 24.3392038192 23.9295622818 25.078423695 24.9204261878 24.3288497314 23.6246656103 25.0462455109 26.9080796087 26.8705112729 25.5811610172 25.2041460018 24.9077168094 26.5240845134 24.3320096554 25.5718870353 26.9857276628 24.9105781077 23.6170895242 23.4329351142 25.271256873 27.0422353905 25.0293125248 25.958859315 24.3648133636 24.5917446633 26.4097486807 24.8233897909
24.3140992316 24.1008730227 25.1304730573 27.1208376261 24.2893546518 24.3311627252 24.8545931499 24.423682824 26.2323172687 26.599079729 23.0971835262 23.7350094847 25.5900146204 24.7087386551 25.7675856497 26.8609219386 26.2834575361 24.1888769983 26.9916671422 24.1606448967 23.927951926 26.8598902602 24.5077030291 24.4614605257 23.348714824 26.1382586763 26.5913253761 23.8939407248 23.284275025 26.709438993 26.9524788955 26.9271034585 26.2048470977 26.8236671962 26.4997750002 24.8043580022 25.9144852028 25.0835505974 23.107431018 23.4773365359 23.8643125359 26.4924159798 24.3368218773 25.8783132339 24.0183718997 23.3983018541 24.2287175772 24.4057943889 23.8225115197 26.3173591806 24.6307312311 25.8277359067 23.2312263855
27.1751079677 24.4418528441 23.4577272104 24.3703650184 26.0706586417 24.7982936971 26.7675116846 23.9609869199 26.0627579701 26.2537703127 26.203698614 27.0879992279 26.8404325352 24.9102481989 25.8386350074 24.7900412442 26.8214660981 23.7507802614 24.6125549844 23.4493095179 26.1775383111 26.7079243295 24.2329932691 25.7415953045 26.0981787218 23.4227609427 25.4753645203 26.8991857578 26.4330767969 25.2204760515 26.3636235854 25.1554833862 23.4653576315 25.4213877211 23.3853894452 26.7515957104 25.6917928589 27.1582052906 25.903051653 25.0790238214 23.5299247548 25.574624288 26.6650403181 27.0819499013 27.2326696563 23.501147875 25.4717908851 26.9429076952 26.1902260585 23.2275937747 26.4171537795 24.8956354924 23.8848672932
23.4036969972 26.380061421 24.6198778399 24.8773885846 25.1115541943 24.5289555813 23.2656653618 25.9663609243 24.1630008642 25.3490272206 27.1705737887 23.7868265514 25.8713230222 25.673704445 25.3856289823 24.2651263931 23.9499572598 26.943530882 26.2987422188 23.8793598882 24.2302764339 25.4370720538 25.7453756233 24.080151721 26.8019552328 25.0348139814 24.7253803393 26.6844142904 23.5865247065 25.656423783 25.8253292907 26.4322019181 26.9088138271 25.782820074 25.9553428844 26.1991257934 23.6011038131 24.491697637 24.220450884 26.3755065917 26.8380317427 23.1087803345 24.7749327925 23.3141048996 23.7904882774 23.2073892293 24.5583636685 23.0826745498 26.5589360419 24.4560966411 23.467918117 24.1848358613 26.9452173804
25.0121340945 26.3430163959 25.0407572818 23.5962575862 27.1037540568 24.4188980862 26.993698018 24.1740669512 25.8286995952 25.3025024829 24.0851797669 26.9482715811 25.2889190594 23.4304598708 23.9411283626 23.795543458 24.056622855 24.8711201918 25.6262118782 25.0493521625 24.639230269 23.1056935969 27.1919670739 24.8729391555 25.6248176605 26.7094661873 23.3362595527 24.653143049 23.957723309 25.4659058204 25.5308240158 25.1780012698 27.1213598028 25.2510508606 27.2257302663 26.4238069721 24.918834696 25.8515778656 26.3677646395 23.8095616599 24.0752818608 26.7544178681 24.6329539278 24.0752541677 25.7411212199 25.4816746402 24.2555261693 23.612034226 25.9200579575 23.3582935005 26.7816466385 23.2790150725 23.353676051
26.9270171557 24.2761513102 26.7941526219 24.7829816429 26.2944992353 23.5570654449 27.1849334391 26.9057186221 25.8015274242 25.2865714814 23.7757660347 23.786874622 25.1939547866 23.1323343161 25.7923722185 23.7551251925 25.9433902934 23.9942403394 24.4191201556 24.5598236696 26.0102840665 25.4388401936 24.1987978207 23.6162045763 24.8534277057 23.3640416169 24.569255428 25.9051324389 26.5046947747 26.7523935982 24.2937997688 24.2753882942 23.2468290197 23.6349871218 23.260885872 26.2949840968 23.7336619665 23.4211107466 25.7229855767 24.5423736128 24.3155555974 25.4604673973 26.600365665 23.9648220848 24.8980276948 25.5594416948 23.4728153392 26.8674933883 23.7141537368 24.4291582731 26.6591954117 23.3542096679 24.9544171973
24.0674110292 25.0434096802 25.5895549854 25.3269011956 25.8877741616 24.1087398201 23.6078145007 24.9694973458 26.2386967777 26.2713252749 23.3586431757 25.6785710991 27.2115693681 26.1882226975 26.1684440543 26.8706813027 26.4013866104 23.6292591343 26.7610633949 23.6115623676 23.7877571834 24.5450676784 25.4479116789 25.4096932463 23.7302826355 23.3201804835 27.0990591592 26.8804353293 24.3379131412 25.3430477176 26.5768040619 24.159714546 24.143408972 24.2096687895 26.7196170737 27.037298118 23.7184152074 25.442109122 25.6421070798 24.4338865394 24.0638298293 24.1423546414 26.9017682518 24.8340332752 23.9090726906 24.4448010692 24.5350505597 23.3803848817 24.7139051828 24.9470698304 26.6780827559 24.9003475408 23.0363642378
23.777835456 26.2897279109 24.8749812121 24.7558845329 26.9604660964 26.0295902674 24.7234464964 23.7184710359 25.8661686491 25.8846462446 24.2011173864 24.1291252818 25.0224864074 24.8222650566 25.4107746698 24.2090714673 25.0962052151 26.3314533143 26.1878081496 24.1832845884 24.6879719314 26.8741829361 26.7492726138 26.1849997766 25.2484995261 25.961645259 24.0224429117 25.928678566 25.3309413176 26.3247590363 23.4348018435 25.7663049901 24.5315968089 23.2161073841 26.7363037765 27.1116434987 26.0076709641 26.5611553293 26.6410088458 26.7419720532 26.3569185389 27.2085094313 25.41482468 25.9836951113 25.0385100271 25.8810281541 23.0788159728 24.6012827238 24.7232491132 26.4805608783 23.200551851 23.2677786729 26.5955749743
25.0037965659 25.9705150799 23.6334882221 24.5898367435 25.4094164082 25.1180246831 26.6826647545 26.0129005519 25.8803693308 23.6197818292 25.2885398002 26.2264289084 24.074436991 24.6897409168 25.8215028954 23.7802726386 25.5819849288 23.3813819278 25.7916509668 25.1343854247 26.7074503839 23.8009770005 26.4337146497 23.6550850123 24.1093941594 24.0112916784 26.0795395055 24.7548517636 26.2898507895 25.2759223306 26.6971142354 26.5872206439 23.4586651923 26.4532469942 26.0069180021 26.9638099012 26.2391458018 26.2489868719 26.3962849356 24.9618356753 24.5842553773 26.7237022506 24.2920054617 24.2895940315 25.6652094908 23.6336915706 26.81500989 25.3288134083 25.5281808954 25.3811028469 27.1119386421 23.6567941477 26.2047236618
26.0888216827 26.1263387392 26.689648792 24.7592544776 25.1040212617 24.9706942987 25.389005367 26.4324635256 25.2300265522 25.8354263912 25.3785954914 23.3011862023 23.3021222094 26.2370467791 23.7775657917 27.0519697601 24.1604712563 27.0768340907 24.2744412723 26.1796639555 25.4607535536 23.5187525765 26.2991492692 26.3188702759 23.3446256117 25.6196904539 26.218495732 25.7355681321 24.385131138 24.2431176171 26.0115148016 24.9763123647 23.9663890983 26.4658132603 26.8576969942 23.4928449139 24.6564051948 23.0499978054 27.1594869421 24.8035589925 26.2712783108 26.150980445 25.1227675814 25.4133970747 25.6949370205 26.4150319086 24.0053133506 23.9373158699 24.6308539312 25.5273965809 24.9499897578 25.1355331862 24.548178218
25.409253877 24.3279788971 26.7667343584 23.249871984 26.668148926 23.5560140275 23.4563794064 25.8964686236 24.2379302692 26.6631404128 25.0510128683 23.8165967423 25.1893581385 26.6353086234 23.5456291905 24.6073316641 24.6159390494 26.9385472456 24.0990959433 23.3536837779 26.5328691992 25.6134017344 27.1689362019 25.9053354883 23.4889691691 24.0920888898 23.0192242983 24.7973719665 26.3376448889 23.6057154201 26.9636644045 26.778272792 23.8933579589 26.7423186809 24.2631009325 26.5099025762 23.9233757249 25.4134436104 27.1117765296 26.9677614013 25.2423786183 25.7389017082 26.9893133815 25.1868245093 25.2427922118 25.6264863252 23.9890119961 23.1479258243 26.7303001512 23.1457470042 23.8820919017 25.8237044155 23.1564932601
24.805382651 26.7604495511 25.4815178611 25.3367422034 27.1457777312 24.7288404918 24.9684151944 25.6796635018 26.8455188986 23.1361686723 24.5634719661 26.3809882718 23.1967477511 23.2250958625 24.8859306649 25.7788307414 24.0255757218 26.405179718 27.08321533 27.1588907478 26.8852997554 25.3699030578 26.590895536 25.8512615656 23.7556727454 25.7012230885 26.2907540504 24.8667636307 26.7441591208 24.8519620774 23.3451428677 23.331794248 24.1293639342 24.0667436395 23.4755652489 26.1155028881 26.4226954162 27.0411257099 24.5303926567 25.3865812681 26.8018428983 23.1018297739 26.3954448807 23.8763972502 25.1984486652 23.5439777842 23.6889023731 27.0767767642 23.1169055577 24.1339894223 24.5321151865 25.7454768951 25.0592562727
27.0758044909 25.3379237106 26.4163696677 24.8507854892 25.0811683993 26.3353034881 26.3568257273 25.1486557621 23.6172062087 23.8622475274 26.0946709145 25.4028735881 23.6664339062 26.2927287927 26.3153416557 25.5797751325 26.2361381576 27.125521227 23.4365449495 26.9735775143 25.1263387813 25.5088448113 25.936734421 26.7117555921 25.8581884177 25.6007805463 24.0576024456 25.1762562917 26.244285579 24.6715347608 24.4652035369 24.2626780863 23.200402717 23.4176925889 26.6221369536 25.5709746614 26.8484378888 23.0135350227 23.6049947756 23.3212467015 26.4884254876 23.2309217054 24.3833527283 26.436894094 25.2611952285 26.5625571648 25.7698463298 23.5546890794 25.7514582393 24.4299464897 24.6450835747 26.8031039146 25.8275394606
26.2480413632 24.1815794786 26.8663625711 26.883539002 25.6994360946 25.229462813 24.5480094452 25.6676142024 24.6684737495 23.2471881851 25.6268209869 25.7398540931 25.4542243124 25.6915783114 25.2802660111 24.0748394038 23.2847919992 24.6466798935 27.033235445 25.0342833626 26.891554822 24.7267183283 23.6067611717 25.009130522 26.8492197905 23.9000341045 25.3264931594 23.2971060894 23.3226612542 25.0491339703 26.7938003577 26.0287406358 26.6516457602 23.7005453157 26.8496053976 25.0934780764 26.1848082845 25.416114192 26.8938317205 23.0852223363 24.3198583606 23.9061133076 25.0729442788 25.9368538167 25.0986557946 26.3211773739 25.8974423827 24.5672131373 25.5195252242 24.4733981029 26.5488672199 26.9070636823 24.1614326051
26.8211190131 26.372510194 23.5449623693 26.2579603299 27.1519201324 24.4475404952 27.2394839317 24.4952997024 26.5488678027 26.6798881523 24.8741707832 23.500823787 26.3385489064 25.4604750386 25.8572733526 27.0857206316 26.8986494383 24.2360794579 24.9772564201 26.4533603849 23.6676131446 24.2734005527 24.3550168411 23.4101547947 25.5995674738 25.0254026591 25.2801644098 26.536093952 25.9832930409 25.8795518149 23.754145541 24.2842977723 25.185546431 25.8978211224 23.0483531639 24.7218807333 23.9673914908 25.4874720608 24.4550136122 23.5417324983 24.4425076128 23.7226745234 24.2123268771 24.1359297399 25.320126537 24.0827717807 25.128343331 24.5506525873 27.0378212345 23.0460391742 24.9444225418 27.1460069506 27.0269137053
24.4686556963 23.4193575589 26.944893104 27.178100446 26.6696178025 23.9658826928 24.6279803638 26.5606900784 23.9087981034 26.8362401992 23.7015888253 23.2176058363 24.1937596089 24.0566139952 26.348021907 26.2389607524 25.4692951592 24.7058822713 26.1584291795 26.4865824504 24.1148970821 25.4603607355 23.821474241 24.0147972203 26.2492578508 27.1669327547 25.6303626683 26.3103625936 26.8725415351 23.3326173208 24.940978584 25.9715907057 24.7373706341 23.2502606135 25.095170274 23.448883649 27.239832057 23.8069654592 26.7018097167 23.316331436 24.0162943797 25.943941378 24.0847515271 24.5622722916 23.5300385429 26.1504390816 24.1310038777 24.8287651511 24.1923906926 24.1326873443 23.0566556792 27.1974752584 23.8253743676
23.2789186657 23.7421576213 26.4236133268 23.5266936169 25.2538415735 25.4835070755 24.0785507334 24.1702413129 25.5806385269 26.7399702702 24.3665229598 24.1817191954 26.383569332 25.6639623423 24.2491026332 25.590250498 23.8612208545 24.7481624801 24.9395848261 24.3291409406 23.3436915913 26.2602436697 23.0890164444 23.4172575504 26.5028457268 26.3578395445 25.0391306096 25.6687522921 25.7333372446 25.2401238486 25.8387429263 24.9076929958 26.0030680473 25.2764410986 23.086870227 26.5835681093 26.6315091982 25.3759642662 23.1188678601 27.166112113 23.4141011184 24.8666979168 24.8139959475 26.1501292065 23.4304289035 27.1232023679 23.2416129825 25.713685079 25.2131728442 26.8932559676 24.3371667948 26.7474475809 24.5053826801
23.8251293431 25.6664180468 26.2740974813 24.5494918729 25.3499695558 26.7279417899 23.6554729662 24.4495054976 25.2455350172 25.5931806374 26.9193802253 25.7646657003 24.982106917 26.8099352444 24.2753955486 25.1688178895 24.4022044127 23.3752042441 27.105846174 23.5311965313 25.0297445951 23.5955006331 26.5077901368 25.8295189607 24.1925515062 24.4922185978 23.4779349824 27.1525927843 26.1676727672 25.6554355416 26.1972157836 25.5100371288 25.0281432158 24.8737904844 24.8034344056 24.5693054291 26.2542297765 23.9691297695 23.5070620339 23.393966902 27.19024508 25.3235055692 27.0511767997 24.4382035855 27.0916328875 23.0337875031 25.8464831784 25.356521524 27.0662643082 25.2152603578 24.240758625 25.5611658145 24.8498288121
26.186947353 25.0225932054 24.4710136113 26.4057196962 24.8644719082 26.2198406871 23.970813804 25.9322182197 25.0424063376 23.6689781452 25.6662775536 24.6906206346 26.5134084606 23.2341985235 26.8028255326 24.0164513017 25.2316721822 25.8707971855 24.0859784841 25.0970501163 23.4657959982 25.0887347218 25.2876186533 25.3829968254 26.2477282307 26.2529870051 26.1966619942 26.8591491642 25.2404297818 26.6283644397 24.0274542878 26.7023333601 24.9153509854 26.4574169179 24.0609290061 23.7211321338 24.4131183467 25.8872291695 26.6171253642 24.831945283 26.6954263535 25.5181280946 26.8273854461 26.1034364844 24.3652799109 25.562664694 24.1986604953 25.2976746675 26.1281606405 25.6612082195 26.1656590979 24.9493355108 23.0080198265
