Spatial_Output/90% DEC/90DEC_1070.asc
NCOLS 155
NROWS 192
XLLCORNER 196769.923733
YLLCORNER 449719.875193
CELLSIZE 27.603701
NODATA_VALUE NaN
[rows 23 to 45 of 192, columns 53 to 105 of 155]
22.7316777898 23.0136957193 22.8267046441 23.0136042392 22.6638013896 22.8592608456 22.872707069 23.1654790337 22.9542857254 22.5218105233 22.864623333 22.8858571414 22.8798774638 22.9503457391 22.6186262849 22.912677183 22.5688799525 23.0026416574 22.5926642274 22.9848269572 22.9352665529 22.5600343689 23.0847558622 22.840409503 23.1395947368 22.7695455635 22.5736999166 23.0983295604 22.6578606926 22.6327141542 22.8247608896 22.5160280087 22.8064077962 22.7602594248 22.7712684999 23.1825088644 22.7688004615 23.1592678367 23.1355248379 23.0370336835 22.9037871926 23.1370436885 23.0645984811 22.5399884499 23.0072723316 23.0123408391 23.1331696447 23.1736116199 22.9455073493 22.7127587125 23.0973643582 23.0272506736 23.047930805
22.7448577687 22.5587948963 22.6303913882 22.5672246014 22.6888090029 23.116701625 23.0891207671 22.9451377181 22.8914680493 22.7599514672 23.0846822772 22.6279008605 22.5690172596 23.0734007926 22.8724982027 23.1176002927 22.8267029198 22.5963154924 22.7152288369 22.5197456532 22.9286623605 22.6327385785 23.0985683221 22.7862206502 22.7799257575 22.9708293032 22.528112208 22.6839061372 23.1779789692 23.1177842924 22.6063289717 22.8381437405 23.0284559923 22.7360766648 23.1973145899 22.5168449685 22.8121840116 23.0610442371 22.7147233637 22.5811208084 22.8753447487 23.053044712 22.5139226595 23.1087530201 23.102493723 22.5790995905 22.7084107388 22.8535383092 22.5038905601 22.6584019506 22.727768439 22.5180486533 23.1154833529
23.0777236577 22.6561951635 22.8907217315 22.6639060105 22.7695705769 22.7321464809 23.1953249493 22.8778530347 22.8313412716 22.9198219713 22.9361270244 23.1205462131 23.0989677678 22.8467159855 23.1782246099 22.949043008 23.051591136 22.5700344688 22.6161054763 22.6423459445 22.8401970964 22.7194259632 23.0141336223 23.1423297379 23.0710154667 22.6344529396 22.9895818662 23.0481364192 22.9435387195 22.7906731841 22.8782307352 22.5717424219 22.7853078526 22.573873079 23.1678685566 22.9552889471 22.6269694544 22.714687163 22.9981436905 22.5620949701 22.8924860997 22.7777503633 23.0504683179 23.1716764989 23.1650805738 23.1351405503 22.8280347216 22.5707691028 23.0114314199 22.6751362655 23.1120887248 22.9340356961 22.6824990388
22.69276581 22.9732498614 22.5824951053 22.8259432265 22.7976204161 22.7651774379 22.998198826 22.7726901232 23.1304077099 22.7399257325 22.5928618635 22.9203333371 22.7556251007 23.0529034716 22.9493361764 23.2060622705 22.9045340124 22.6565967193 22.7771248575 22.6579091914 22.879602959 22.8419658904 23.1440177623 23.2061432183 22.503943317 23.1200240363 22.8294433075 22.5781808809 22.7982690626 22.9190080672 23.0385446273 22.5982866488 22.7058094584 22.9872869294 23.1025949524 23.2048607873 22.5348064926 22.9928862953 22.9515696776 22.8621033589 22.6038280039 22.7416666469 23.1879818164 23.030282764 22.5188522001 22.7883252066 23.1655156741 22.796966119 22.8935437175 22.797495276 22.6144696601 22.9982009579 23.012857685
23.1766104376 23.0698080644 22.9201300341 22.8474412543 23.0334636636 22.783093524 23.1426961053 22.8567273511 22.7530267643 22.5784558296 22.9837745401 22.7194080131 23.1894293884 22.7220528357 22.5843096576 22.5412426615 23.0065703682 22.9033958336 22.742899009 22.9911073226 22.6280211844 23.0109855423 22.9165730193 22.8584110425 22.9837901092 23.1574688714 22.5305995282 22.7832264652 22.7446520966 22.5201096522 22.741085528 22.9449735075 22.7201931359 22.7926514246 22.6574303757 23.1092489616 22.552681333 23.0657471357 23.1705893456 23.1127075815 22.5826117878 22.5235438327 22.8102883312 22.5606671482 22.6426676424 23.1388928727 22.6981008753 22.5502764918 22.7693626451 23.0964591343 22.8386324447 23.0034780202 22.7211917967
23.1932667973 22.9090679349 22.7919270936 22.631363912 22.5259668242 22.9450819747 22.9104974639 23.0149944587 22.9952923347 23.0004656542 23.1377255488 23.0579760708 23.1048210822 22.9140917668 22.6443541498 22.8141682617 22.7300434515 22.5376948257 22.7183801203 22.7352231322 22.6011712214 22.7523729371 23.0809896187 23.0938675426 22.8664122732 22.7561608152 22.7390376565 23.0491067376 23.1179466721 22.8508469742 22.7547643607 22.914166713 23.0422600932 22.7101398934 23.0433066913 23.0480422936 22.590991826 22.9099388347 22.8159877318 22.5827111472 23.0164145982 23.0422822595 22.6918964152 22.9382706417 23.1936138453 22.5960892118 22.6633656369 22.6607749721 23.0660137942 22.5408374817 22.5463201985 22.524087646 23.0750159208
22.7680318489 22.7329955206 22.6961809047 22.7616586407 22.739206516 22.8000052941 22.5617746658 22.5024119102 22.7292967262 23.0908163112 22.6626003854 22.7146102197 22.6536745897 22.8552983955 22.9293909733 23.1229501779 22.7444345625 23.0343217203 23.0304070689 22.8311156148 22.8154444457 23.2000576901 22.5157788476 22.889446326 22.6934426542 22.5681393451 23.0037375555 22.7863976931 23.2048334723 22.563780381 22.8428367197 22.8549192597 22.8076798622 22.7464291363 22.6907199741 22.6856632071 23.1100479427 23.0964150399 22.6962640322 23.1223590418 22.5985972042 22.9183728922 22.8314089606 22.9669248145 22.7597597573 22.7953168701 23.0159734575 23.2002086368 22.7184879212 22.7009999411 22.5446233552 22.6003804764 22.5371377783
22.8725627566 23.0083562276 22.8143773559 22.7992048165 22.8623336571 22.718086165 22.7486149806 22.5015040634 22.5988772587 22.9133365804 23.168071867 22.8138397015 22.8132310585 23.1607082755 22.8050379819 22.8570532868 22.7896779789 23.0467167517 22.8180216683 22.8488203693 22.5195721022 23.0262504381 23.1654649668 22.6932863859 23.0065586681 22.6794026406 22.8287718306 22.7806181306 22.5598662989 23.0571255709 22.9721094895 22.7471702373 22.7124347556 23.160594766 22.5176886752 22.5629389492 22.5375470504 22.5246308846 22.6027666862 22.7269737895 23.1957880192 22.8575190977 23.1858202906 22.9758512074 22.8162588427 22.5716925103 22.5914510632 22.9234190248 22.9207193686 23.1423918973 22.5955322093 22.6444346879 22.8971471718
22.5390743698 22.996118686 22.9630043549 22.6233775884 22.6862491343 23.1454979299 22.830124322 22.5369990982 22.7217414406 22.9207391981 22.6170943115 22.6737331567 22.8818448 22.8535532446 22.9380430682 22.9091924482 22.5466946166 22.502207571 22.5280837039 22.7002914359 22.6598363924 22.6614440268 22.9992629968 23.1522633855 22.9187702009 22.6636005207 22.6651941943 22.8273727167 22.7089665674 23.0789114015 23.0266232081 22.7205848638 22.9305421558 22.5555112195 22.8938280114 22.5911703764 23.1812784563 22.9283276051 22.5076645952 22.9429269911 22.7466941192 22.7121933633 23.0105020666 23.1863842158 22.5819647049 22.6992914756 22.9876206946 23.126953712 23.1130486148 22.732112075 22.6339282923 22.9689913252 22.9759130966
22.5021468535 22.8762972159 22.652877689 22.8421563143 22.891039491 23.0207422069 23.0203457445 23.1508137823 22.6578308976 23.1520905809 23.0954732408 22.9433433846 22.6128719675 23.1415758502 23.0489216534 22.5188411844 22.8390701712 22.6524649617 22.5253817228 22.5207664476 22.9829650006 22.7455129001 22.738682332 22.9891626851 22.6887362085 23.1768141041 22.7597461929 22.6099882413 22.9858725634 23.0220368731 22.5737319882 22.7772897858 23.0943556906 22.9016797818 22.5856105747 22.5633405506 23.0156437032 22.6318499497 22.8826759972 23.1140788531 22.5110719314 22.7483627087 22.5433349225 23.0965903289 23.0720476048 22.5705131157 22.9310793165 23.1722039208 22.8557849393 23.0022250165 23.1097514477 22.9396720725 23.0934662429
23.1211301051 23.189671994 22.5241163662 22.5012807982 22.6227498644 22.8777490991 22.5718168398 23.1702685847 23.199790466 23.1782145814 22.7814840461 22.5090997359 22.9231997716 22.6644616097 22.5588004534 22.6850618795 23.0604852362 23.1676117914 23.0717413651 22.6787884437 22.5449720301 23.0558913973 23.174448405 22.675673116 23.2026026216 22.7997713877 22.8156398643 23.0528310971 22.5811227308 22.6785412437 22.7885781299 23.1986834841 22.835273616 23.1092520929 22.7607984781 23.1436234921 22.6028789198 22.9511132347 22.9624460434 22.7306257019 23.0996326097 22.9524529837 23.1498873977 23.038183231 22.891574967 22.5048507331 22.8841534938 22.6636374819 22.5064593201 22.7088144576 22.737455737 22.6950498051 23.1998821551
23.1542281388 22.7362509311 22.966007865 22.5807229251 22.7260123912 22.6653762632 23.2009024519 22.6455414901 22.8309255129 22.5375076765 22.5963167168 22.6463597952 23.0613935046 22.6163528925 22.6974342561 22.7829368781 22.6725071174 22.8433249944 22.9176663555 22.8405955463 22.7005442226 23.0020303183 23.1477194426 22.5308456732 22.9897626209 22.8994298098 22.5577794702 22.7370911843 23.1297955684 22.5115971344 22.917628822 22.6897828592 22.9576319136 23.1209468671 22.660411243 22.8197735815 23.1046658987 22.6428423697 22.6822413734 22.5628664447 22.7255392179 22.7077340016 22.775367192 22.720298369 23.1426140334 23.0664407474 22.9657125492 22.5689972743 23.1552727086 22.7935416038 23.1434494346 23.0281164971 22.6719191467
23.0093360393 22.7495531323 22.9134952853 22.8461860739 22.8255100186 22.9923571206 22.5011802828 22.9161020302 22.8636659406 22.8943070526 22.5940437947 22.9331016423 22.9046022346 23.0121065974 22.9474188104 23.0490246182 22.745749182 22.8838891424 22.5051561496 22.6789388807 23.0551844769 23.1887135788 23.0160318893 22.6818622913 22.8035039438 22.5755973861 22.5045229176 22.7076925142 23.0328910043 22.5518020078 22.5709377334 22.5491617565 22.8537705952 23.0159814826 22.5308518608 23.0765836904 22.9109148638 23.1370650588 22.7774365951 22.6677781923 22.7677352327 22.983330477 22.6862572717 22.9324362036 22.9540619655 23.1550247828 22.9745776694 22.9006573961 22.6367906504 22.9474778322 22.9708990525 22.8549514539 22.9479507202
22.7439634284 22.8205574609 22.9066980374 23.0108209423 22.9413030629 22.825907495 22.5745575307 22.8999990107 22.5088568701 23.1492925176 23.1835451272 22.5360668405 22.9686558962 23.1389577365 22.9428766211 22.8070251798 22.8330026421 22.5014231957 22.8699474503 22.8501521663 23.1011717345 22.711578378 22.7274531364 22.9161310105 22.9524773315 23.0039312053 22.6650305894 22.7213345517 22.6059095187 22.7150277454 22.8570820518 22.5753977844 22.6373639929 23.0953882198 23.0098114192 22.7718981243 22.6285723067 23.028638657 23.0740099137 22.7556090891 22.710769373 22.6704406858 22.5923760732 23.1476161797 23.1968161646 22.5433576497 22.9307333853 23.1322873315 22.6866363522 22.8734906591 22.7459213446 22.7154629124 22.5616716903
23.0616262576 22.6196164031 23.0836304709 22.6241613931 22.541465935 22.829097342 22.9828194465 23.0234709908 22.7734143207 22.7331454915 22.5004209669 23.1654907771 23.0879758794 22.6084054436 23.0458587084 22.6928239926 22.7891534689 22.7133698089 22.962779646 22.8401660463 23.1752452653 23.0412883205 22.8433376608 23.0604304966 22.9653812195 23.1175290291 23.1070845656 22.9737766243 22.7968054993 22.5615835563 22.6752597487 22.9570792124 23.0807524715 22.5796514647 22.9166665284 22.749431304 22.6164510483 22.7331482487 22.9135619441 22.9899044942 22.576189868 22.9066118048 22.5075164796 22.9074387693 23.0225772001 23.195419424 23.132353883 22.936123685 22.8940736056 22.5147846109 22.6822613597 22.6107658728 22.8651476257
22.8907903104 22.5960745519 22.692276276 22.9383766873 22.906514468 22.816507017 22.9229766699 23.0475421989 22.7988444454 23.0457521468 22.9510745749 22.5453928146 22.8471202087 22.8700454425 22.6214970063 23.133326726 22.5460506072 23.1486151754 22.7541771544 23.1783903636 22.5356384588 22.6558314698 22.5675414498 23.2045419021 23.0559434399 22.8158206864 22.7901484385 23.006095436 22.9772671421 22.6460432056 22.6306870093 22.7902824738 23.0633167823 23.1312777765 23.1752915702 23.1577557924 22.9174746473 22.9200288321 22.6203382075 22.5958135911 23.1540098465 22.6059329296 22.7631896457 22.8100320741 23.132883732 23.0354038335 22.5430745845 23.1524354695 22.8614809489 22.5990344251 22.730626363 22.7870540506 22.70442115
22.8256426761 23.169045737 22.6278667703 22.8993084181 22.6148309311 22.9956510618 22.5763762779 22.8334962321 23.1602336217 23.0608619287 23.1414786492 22.9591015659 23.1665923723 22.7487823141 22.8390746761 23.0680075065 23.1698359537 22.7230508203 22.6681571384 23.0594603747 23.1535385804 22.5137796053 23.1342651932 22.6814114879 22.5665735081 22.802935127 22.6850957569 22.5907076241 22.6976246279 23.1313817416 23.1443896711 22.5801296222 23.0084206297 22.5042537544 22.7874755936 22.8411450918 22.5769136202 22.6776458575 22.5228529801 22.7460005311 22.8638250312 22.5427842863 23.0719601943 23.0404025766 23.0729677798 22.8339494606 22.617520211 22.5450834439 23.0040428379 22.8112243554 22.6287301422 22.8308114468 22.9048796475
23.1776129167 23.0694736989 22.6624873284 22.7888560708 22.7215549647 23.2060592028 23.0548703731 22.9784574293 22.5906155822 23.1348911164 23.0240542273 22.5545894675 22.9738900498 23.0490578467 23.0394290401 23.1862868712 23.0495759958 22.51117951 23.1993353921 22.8258582855 22.5736002187 22.7641264371 22.7500638435 23.1132326158 22.7275305081 22.7393381257 22.5201464289 22.6351045344 22.6130873465 23.1622994523 22.6834183007 22.9062510791 22.8609458173 22.6739474896 22.7635791679 23.1695401733 22.9228101732 23.1082382393 22.5808788684 22.722403701 23.1407316992 23.1047154053 22.5938564539 23.1452067661 23.0963712156 22.7203717282 22.50310264 22.7078612204 23.202295788 23.0129703145 22.6858386558 23.0615268012 22.8941880828
22.5118756714 23.1380700322 22.7987779614 23.0463234761 23.134913842 22.9659709433 23.1878547334 22.7929101526 22.9679682406 23.1877263063 22.8478151244 22.5239607595 22.5121004979 22.692561456 23.1417203412 22.9455895075 22.5615193297 22.8687399864 23.1935461519 23.1964104994 23.0152159346 23.1207534099 23.0364199255 22.6441252244 23.1962511824 23.1268176008 22.9432532171 22.6696927075 22.5816071845 22.9966724352 22.8281884665 22.7365473936 22.8985638328 23.1347572111 22.7879830179 22.6790372459 22.753064365 22.7464452251 22.8685984375 22.9877319484 22.6244851912 23.0657784624 22.8894939124 22.6277231816 22.6123446361 22.67637255 22.7178861582 23.1038810514 22.7463247038 22.7022234097 22.6456226767 22.8436461848 22.7158258047
22.51046232 22.9039217514 22.8507865161 22.9831710597 23.1229699132 23.182755054 22.8381378058 23.0382351214 22.9034906649 23.1043608338 23.0353746315 22.9347797223 22.5476379466 22.912845027 23.1991804001 22.8094795797 22.9271797964 23.0640579366 23.0049114126 23.1675013991 22.861339053 22.9611489078 22.6088389221 22.9551590771 22.5189861014 22.7036090417 22.7472105898 23.1467903185 22.520506324 23.1833796087 22.9751229199 22.5914117758 22.5410196594 22.6865930383 22.5908296862 23.1843330026 23.1964439788 22.8340470484 23.1928057322 23.1294846784 22.7633084269 22.54923144 23.1705285123 22.9035772951 22.6737508459 23.1725657237 22.6951579292 22.7034899331 22.962028667 22.5242992463 23.082533529 22.5239803319 23.1850265901
22.5463839185 23.1565932396 23.0124095651 22.6750384328 22.8741288096 22.9679548851 22.6463406662 22.6347097567 22.7998962297 22.8353086041 22.5982224372 22.6218006025 23.0001915922 22.679218714 22.7524819435 22.5695450141 22.7719383533 22.7473128959 22.5022181296 22.7715975477 22.5778113005 23.1350051339 22.5993216579 23.2064104876 22.9577157645 22.8465026713 22.52763336 22.9149102955 22.7495816936 22.857592097 22.9325173389 23.0205438581 23.1877831399 22.8591650093 22.6287675535 22.7461240276 23.024894733 22.9647437027 22.5427001675 22.9267417578 22.7860023753 22.8567730089 22.9816834618 22.6289432854 22.6745381316 22.862893766 22.7811975407 22.7406078172 22.6462143057 23.0985894607 22.8784377535 23.0318652372 23.1090507391
22.7252475117 22.5092428782 22.6677824397 22.8064918259 23.205708461 22.9782325712 23.0339417557 22.9885224672 23.0275362242 22.7051868745 23.0086233295 22.9244684095 23.1104303151 22.9602331025 22.5199717409 22.8277854656 22.6454160639 23.148257868 22.653642815 22.9348042519 22.798494848 22.7734449434 23.0752734853 23.1034896112 22.9046696976 23.1129403851 22.695870545 23.0467540238 23.1123947832 22.8884110787 23.1882410458 22.8968477816 23.0127235201 22.5234002497 22.6408710889 22.5723333513 22.9069734018 22.9672736043 22.504622227 23.0663904821 22.8548202522 22.8801457994 22.6101733163 22.8320235322 22.9309894315 22.7191674673 22.936814801 22.630247987 22.9333498364 23.0181953757 22.8415536525 22.7524785902 22.8254618535
22.6182648914 23.0903625762 22.7007225366 22.5010835802 22.5487920412 22.6438491076 22.820090098 22.9644524046 22.5220727623 23.0196496701 23.0407375605 22.9930201614 22.5349184886 22.9569675192 22.835983647 23.1120646881 22.9051404992 22.5918666026 22.6630687779 22.6836941912 22.5048171853 23.0588486852 22.6011100953 23.1531956074 22.7593189724 22.7771240711 22.6751004976 22.7061744616 23.1289364329 22.6355256718 23.1970818608 22.6577781094 22.6087238261 22.7400496681 22.5521301649 22.9525537801 23.0296475077 22.732315602 22.6432479122 22.7171159117 22.939332531 23.161801396 22.5206678746 22.7090401963 23.0800215876 23.1308386904 22.7256098619 22.834282908 22.5660251488 23.047225744 23.1401616108 23.1670607187 22.795504109
