Spatial_Output/90% DEC/90DEC_1353.asc
NCOLS 155
NROWS 192
XLLCORNER 196769.923733
YLLCORNER 449719.875193
CELLSIZE 27.603701
NODATA_VALUE NaN
[rows 115 to 137 of 192, columns 53 to 105 of 155]
34.3621950826 33.0120713647 34.3106935488 33.11957252 33.9830826717 33.9185488592 34.1473480474 33.1884367659 34.2713518517 33.9540509673 34.2829386401 33.6114538796 33.9562261478 34.1560377598 33.8094908798 33.6058832807 33.4951002295 34.3934931574 33.7014411358 34.1952845821 33.6982199243 33.9553853309 33.6791983183 33.958566031 33.0808882073 34.1369221214 33.0679759192 33.6896684939 34.4017279093 33.757430471 34.3882196828 33.4496738671 33.1923393773 33.7473066744 34.2263685686 33.4432484199 34.1481574573 34.1239157435 34.2067365068 33.6429082308 33.6298841029 33.1279213405 34.0358992568 33.7334286742 34.4003302804 33.3439551857 33.9110065552 34.3605189221 33.1765878625 33.5678108105 33.3429482173 34.1650603699 33.9501187823
34.1715573339 33.8354415912 33.2401245242 34.3351358931 33.9306219576 34.3929678066 33.0241631668 33.9284463055 33.5576584468 34.2242194709 33.7417590253 33.5862924543 34.3562604308 34.0857615173 34.0338574319 34.2789395458 33.7052382669 33.9093036292 34.3565906324 34.0120045475 33.0122191232 33.1994981145 34.0034886502 34.2943146375 33.0874119807 33.6287660564 33.2737676142 34.1745664312 34.0860986139 33.4560906311 33.007186706 33.5413272874 33.6686720151 33.5938656279 33.1604111152 33.2118146231 33.5991838698 33.6379912 33.7580495481 34.2374542488 33.2318737233 33.3505881441 33.8981420661 33.265334595 34.1187954024 33.5748014482 33.1715699794 34.1029419715 33.920899708 33.3254682105 33.1363803456 34.1910185818 33.2466613292
33.3816873712 34.2788086403 33.2824274265 34.3050023512 33.2512060214 34.0166780849 34.1086381251 33.4426946598 33.6435128683 34.2711141583 33.7416410656 33.814292143 33.1603480119 33.0945245755 33.1471808596 34.0469038827 33.5673650004 34.2621811825 33.6658671565 34.043092975 34.1676820801 34.3680659393 34.0752051673 33.5111187404 34.2129046566 33.9264924207 33.0183970158 34.2559765353 33.7224847298 33.4561954672 34.2378468549 33.5824056212 34.3385723008 34.2993251807 34.269740993 33.9645482945 34.1766835873 33.1228196202 33.0654886534 33.4859738178 33.3447151636 33.6082141776 33.7868467311 34.0501613046 34.2194215635 33.9799963415 33.2925339446 34.031339166 34.3465399411 33.8356910519 33.7758080866 34.2374453806 34.4048579528
34.0594790206 34.2882244547 33.472142104 34.4080606906 33.4406388674 33.2188952803 34.1642233492 34.232903522 33.4745864899 33.7223619572 34.2063401258 33.5991792838 34.148756699 33.1087115161 34.1357335018 33.4787058618 33.2337548569 33.7827655229 34.3569522129 33.9748697737 33.1165680948 34.1483467818 33.9274686586 33.9217603771 33.5765223152 33.3220539518 33.770521304 33.2821371831 33.1911485751 33.6756989598 33.1548124273 33.3039158324 33.2307616894 33.2241524043 33.6534590726 33.1969706311 33.993750648 33.1645569556 34.4089975282 33.6506644822 33.6598709118 33.6816226557 33.6533404253 33.7731818726 33.8103334786 34.2264258336 33.0840254308 34.3002845227 34.06908631 33.3883857889 34.031836353 34.1004358354 33.9673313564
34.2746166233 33.8002292335 34.2784898824 33.6408202246 34.2737010493 33.2249148328 33.8560194382 33.1623670513 33.7512708399 33.4040280797 34.0242254643 33.1658601059 33.3586230077 34.3814205853 33.9287238149 33.6625990316 33.3794289767 33.825498011 33.1281834056 33.6305370037 34.2074557814 33.8319149499 33.6647465711 33.2930487237 34.1562374947 33.0119983516 33.6884762614 34.0503947792 33.6910480172 33.6333448119 33.1830947651 33.5960524413 33.3957754731 33.7470171025 34.0351090499 33.8214981257 33.1513994956 33.7654011707 33.0354148277 33.8322424594 34.2973500208 33.4888046986 33.1531642391 34.2621423297 33.0511835702 33.617795524 33.9166569958 34.3063963866 33.7722170036 33.1275651238 33.3991010839 33.5965460898 33.9209429304
33.4001852677 33.5809675745 33.6286262581 34.3654514297 33.1367645021 33.322093782 33.8662328916 34.3018271429 33.137681554 33.1985359729 33.4366335433 33.3068014708 34.0919272551 33.3444965376 33.1975157506 33.1402369534 33.82459249 34.2445762029 33.0125403014 34.2228847428 34.169970198 33.8171058685 33.440768091 33.7233704199 33.9797517572 33.9576615771 33.0625459992 33.7247456617 34.0028964506 33.5722190574 34.2080413058 33.5281979588 33.9533072668 34.146599954 33.2902547556 33.4376338798 33.6803145661 33.9972985656 33.9220692479 34.4044242836 33.7915111704 34.3090527693 34.1399739412 33.5977279694 34.0444474946 33.3968624076 33.6445227708 33.9403240522 33.8916481865 34.0285248277 34.2826772654 33.0713635078 33.5666247607
33.427409297 33.5502034879 33.9222556475 33.6554135441 34.0691167828 33.2274507238 33.7277005715 33.2778921921 33.0073548999 33.9641226102 33.1524939125 34.1428896714 34.2343501881 34.3365419708 33.0148726605 33.4571058027 34.3446725737 33.8871861401 33.9044564972 34.1712564627 33.05117629 33.9820409805 33.7074811273 33.5947881972 33.0062903336 33.886368709 33.4854781578 33.3295968342 33.2792304612 33.8117583704 33.6401069492 34.0261734591 33.3351003114 33.9383892731 33.0737014503 34.0030493738 33.2257885813 33.5428263262 33.60740749 34.059628899 33.923633446 34.1935656678 33.5793104052 34.1557164336 33.5995079648 33.0429814765 33.5818617971 34.2268770926 34.2531440875 33.8633279074 33.5851076772 33.5493540015 33.263197768
34.2841841525 33.9597101113 33.8570084536 34.1142904351 34.1657562374 33.7190281673 33.5632886994 33.8736702566 34.1308918817 33.0277556882 34.0321606095 34.343970614 33.7033028358 34.227043768 33.340444184 33.298852833 33.2571629058 33.3096938052 34.230031919 34.0216710075 33.89568533 33.1303905853 33.4955863058 33.5900076715 34.198361856 33.9401022408 33.4970404632 34.0007882254 33.578251266 34.3034086241 33.1481748305 34.3417365807 33.1615618068 33.3915725377 33.0284391997 33.1021876028 33.8851233906 33.9186179292 33.3055651535 33.7994047415 33.2707580381 33.452054063 33.318341749 33.7804125066 34.264050749 33.3695188734 33.0391090397 33.3211296211 33.252140309 33.4673604325 34.0456579153 33.671319025 34.0463039714
34.3555953042 33.5165704276 34.1395095213 34.2989056088 33.8783235671 33.3281892655 33.0359850771 34.1075463786 34.3734104549 34.2642816389 33.7056189021 33.2336314024 33.3219717004 33.400024451 33.5478663128 34.1742170153 33.703480612 34.1062729802 33.4580516605 33.0425823647 34.2889346419 33.3094939397 33.4363647816 34.0504702826 33.0199941437 33.221001103 33.5954321564 33.7343065611 33.5696357331 33.4731444006 34.1593422704 34.0557425188 33.0456607508 33.5193586383 33.0092852527 33.1252671705 34.1418941721 33.1631906066 33.9941900419 34.2964799145 33.0549629047 33.3009048925 33.6722700841 34.2549164816 33.7756874522 33.9518580841 33.9376857862 33.8546023247 34.0641310775 33.9265372828 33.6628216285 34.164508117 34.1082009846
34.2008734546 33.6701072038 33.3263552643 33.6887401119 33.379350551 33.0450950696 34.3019159034 33.284924052 33.4975833188 33.7982272493 34.2897170372 34.1211847585 33.4870771272 33.5591545366 34.3987802706 34.2901100389 33.7155394555 33.1340520719 33.2027750049 34.3863592815 33.6668177461 34.3713567979 33.3160758411 33.3249655255 33.230657295 33.047661053 33.4498115587 34.0793457338 34.0835452331 33.5819482977 33.429913977 33.0866221556 34.2816022888 33.0829021298 33.0169079435 33.1730316789 33.7379266734 33.6019010353 34.0107626579 33.151101855 34.039102853 33.4196700991 34.0624854685 33.672956163 33.7161009979 33.1094175737 33.2198917954 33.7867340979 33.5837782545 34.1762237274 33.5476153688 33.521533927 33.8729262192
33.7761282213 33.1109527338 33.2592520288 34.2538116974 33.3518490366 33.0447379137 34.1324691998 33.7755342565 34.3363224812 33.3318504504 33.0974374313 33.9815075504 33.1465618374 33.6831060461 33.399361662 33.7116220243 33.065914697 34.0441044911 33.7670719509 33.8488269487 34.1969505046 34.3507724234 33.5708897588 33.0941012001 33.1867267909 33.3355046939 33.4113069014 34.1093665855 33.5092856057 33.8669889299 34.1945078301 33.282900751 33.0306614859 33.9066378541 33.0770345244 33.1461852101 33.3658731939 33.0256052785 33.4226699604 33.18167278 33.1995904082 33.6972714885 33.9214893776 33.2932721182 33.7171990397 33.9516020902 33.7881845854 33.3435991244 34.2908768846 33.0265135744 33.5428314042 33.555245965 34.357245517
33.760905216 34.3584233517 33.711555708 33.7551302088 34.173395701 33.295839292 33.5110047663 33.3195498269 33.4582241805 34.348085455 33.6982214611 33.5752812796 33.0805435065 33.2319532835 33.1121154905 33.2424526108 33.9720867612 34.4066725968 34.3390030341 33.1834050049 34.12586318 34.162267448 33.3961289648 33.8546388588 33.9160219801 34.0468304889 33.3628608465 34.216027417 33.3003792488 33.6346691285 33.4673727815 33.2279752258 34.1641382528 33.1126329543 33.7775754515 34.0853854524 34.3192714103 34.0237786186 33.48033668 33.3050789014 33.232076069 33.5214819583 33.643508601 34.0496229244 34.0312303018 33.8783992224 33.7320189395 33.4259876946 34.0897517906 34.3573315569 33.371896831 33.745152324 34.1684886235
33.1951129284 33.3278132596 33.3711338047 33.3625441584 33.8574135744 34.3336439484 34.2623974529 33.1469708057 34.2623534042 33.2108097408 33.7272802487 34.043922822 34.086318688 34.3090770744 33.5866955371 33.4762488985 33.0658017189 34.3701803045 34.2857218837 34.2512392848 34.2140399167 33.762573469 33.1312957018 33.2681096334 33.8398149554 33.3387182753 33.2237384912 33.9519145026 33.8668100454 34.1356919491 33.3151678554 33.778873794 33.9213801475 33.4257392823 33.0519699471 33.3004757688 33.5589559877 33.8143222463 33.6948494599 33.570257222 33.5653012219 33.2097982239 33.0184435873 33.2543921008 33.9317727561 34.3638603148 34.1892273215 33.2253732793 34.3500478193 33.6343142825 33.3805186939 33.542028157 34.3322523452
33.1237210419 33.6603763453 33.7562338375 34.0796554129 33.6294734462 34.1196919768 33.9315782764 33.478414938 33.7924283961 34.1163398334 33.2159519442 33.6229206764 33.4795998287 33.9854034442 33.2699874056 33.629656399 33.6585074884 33.6318859864 34.3185625423 34.3970913894 33.1502287537 33.3991236218 33.5930722312 34.3304226874 33.9548921875 33.8986067447 34.1638625419 34.0104411075 33.851919332 33.6018261114 33.2999723969 33.5308774745 34.2182150925 34.0342313998 33.6039640169 34.3905370929 33.0692575814 34.2386837981 33.567510865 33.9923292504 33.2646209146 33.5104134891 33.2610482139 33.3409111174 33.9565022433 33.4802231487 33.9199873424 33.358377834 33.7289200823 34.213515519 33.0408371559 33.1562419673 33.6024410861
34.1140477758 33.2573488664 33.0141471678 33.2261063747 33.9102340678 33.8023451631 33.8144314748 33.8497079593 33.1522759456 33.1027511458 33.5704795228 33.185783372 33.5230246134 34.0776818603 34.2327531233 33.503748426 34.2963775642 33.0883101396 34.0316158852 33.4244944957 33.435997245 34.178643384 34.2812090757 34.2839488338 33.9160634599 33.6540327062 34.0679317653 34.3519977301 33.8813975655 33.2806448005 34.2414016468 33.5902009011 33.6587351233 33.9180200251 33.3298195189 34.1847480199 33.0415616323 33.0045520952 34.1903525164 33.690179034 33.806008058 33.701147551 34.2917731674 33.392021558 34.1108759149 33.9644807172 33.8550102787 33.2237055791 34.3722400193 33.3447119638 33.18449546 33.1482267265 33.1286756996
33.473999992 33.55311443 33.7997168448 33.9219159558 33.379499274 34.2479761023 33.8215820333 33.7579890741 33.7709729293 33.8429436202 33.0986444591 33.3663065889 33.8235978757 33.6049741245 33.5253590935 34.3306581098 33.3201791362 33.4228264498 33.4307582899 33.5258473136 33.7117806327 34.2631223894 34.1331930437 33.3818664258 33.4916408864 33.8161520679 33.0230597735 33.6112583261 34.2658965073 33.8657989305 34.0832409197 33.3789926496 33.1962902072 34.3622302037 33.3684311755 33.6158400918 33.3648772099 33.8093644741 33.9864444791 33.4014237483 33.5222507792 33.5642584638 34.0227347286 33.4806800845 33.1330124149 34.3855984336 33.1739987266 33.4833686726 33.0595901608 33.2335300523 33.5308149123 34.0353187812 34.0170169831
33.0857594225 33.5361507834 33.046962642 34.3535837163 33.2839279664 33.3935202768 33.4328264569 33.1104637396 34.1139344389 33.0810358671 33.5316907971 34.2618763428 33.2783576726 33.0674706958 34.2209714537 33.1129399626 33.2136712188 33.6089535551 33.8257499932 33.4256793921 33.7521033125 33.9085973202 33.1338529701 34.3194984276 33.8395810057 33.4313724353 34.1825720173 34.397269653 34.1487136442 34.0917374697 33.6104737859 34.028201399 33.2693037502 33.0575007576 33.8950671176 33.7346121739 34.1465734218 34.1758494512 33.0819159062 34.2819727191 33.84960087 33.2657699409 34.2071915973 33.0494666289 33.1771265296 33.4319078037 33.0381290325 33.9374275521 34.1288807285 33.820578245 33.0121225464 34.2710134077 33.587158746
33.5948204799 34.0384652333 34.0396114468 33.3833930694 34.3269219473 34.1895965147 34.2455793111 33.1146476619 33.7690692679 33.3304462814 33.9637231263 34.1229238614 33.8269129079 34.1584814897 33.5954603427 33.1437753035 33.1404368553 33.6540367564 34.2155065759 34.3447075289 33.3385664235 33.1172365836 33.5793408741 33.9637472478 33.9309553396 34.3319218712 33.2828475478 33.3312259433 33.88042961 33.2306848762 33.3042423048 33.2319714667 34.1363959373 34.3354372904 33.4922385903 34.0079985923 34.002093616 33.3338033984 33.6192898462 33.0658410608 34.2931349713 33.0843535139 33.833166678 34.1559833533 33.4130182908 33.2652835845 33.5061418765 33.9059367955 34.2042659903 34.189829654 33.8267513341 34.2820162953 34.0528832832
33.6957260072 33.3656002503 33.4451624381 33.722709068 33.7852411986 33.9882844147 33.2150403892 33.3646176311 33.600331179 34.4023062025 33.2337159656 33.7022550839 33.3876682469 33.4837112513 33.625238552 33.7255072319 33.7913117312 33.4338290064 33.2423892378 33.7232299242 33.0107330213 33.1903725516 34.0524184956 33.6639112531 33.7603739277 33.0724043183 33.9745636097 33.8243602544 33.732702868 33.7022696381 33.2695421384 34.2232904684 34.0822217971 33.7801216015 33.2169995172 33.3528665926 33.2655560744 33.0434311818 33.0284642524 33.3793923995 33.018466274 33.5732551456 33.6951464287 33.5037663895 34.3170950889 33.949619853 33.7021117103 33.9198063103 33.7202230991 33.5185025208 33.8175151657 33.405418711 33.1106908993
33.8604123281 34.1236328913 33.8497771369 34.1669321551 33.3728351527 33.3997436395 33.2259317196 34.0604965685 33.0125583753 34.3911877187 33.6683838223 33.1649654371 33.9462858325 33.7027141902 34.3933223407 33.9737163539 33.0034372711 34.1107872913 33.1247405071 33.5033429774 33.9285647645 34.3691045844 34.178306916 33.0246914155 33.0310656025 34.0594764615 34.4138677988 33.2591639451 33.8103564165 34.121349769 33.0491971956 33.7616135205 33.7606939521 33.1864485479 33.4873087328 33.2643550396 33.7893069485 33.4490635707 34.211112074 34.3417715709 33.6775244428 33.1904800685 33.1560935733 33.5043262399 33.2635977717 34.2867782041 34.1708017538 33.2880164513 33.5342861925 33.5483522437 34.3874329294 34.1131577563 33.5235149819
34.3106724508 33.4335145665 33.7155358271 33.065354943 33.4562974424 33.2838482558 34.2630351633 33.6104558781 34.3736221699 33.2869845038 34.3047524335 33.0611367085 33.7370652448 33.5655030728 33.4867274322 33.5531716076 33.3412113401 33.5972493499 34.0966525574 33.5589556546 33.6591805314 33.5381521377 33.1728329782 33.7344258359 34.3737802953 33.3230089223 33.7623474869 33.9321820107 33.0526838146 34.1139871798 33.3901407212 34.0445344173 33.4411651194 33.1471079326 33.8568872465 33.0713502766 34.1065507525 34.1190740336 33.4090174629 34.3367386524 33.2408381284 33.7888162376 33.3796113122 33.4231853232 33.218356219 33.8001952751 34.00038242 33.4839687438 33.2177042458 33.4924747419 33.2679150922 34.1098289241 33.5821683144
33.4664313042 34.3018387226 34.3070528198 34.3868522975 33.0765256175 33.6726811904 33.7270164682 34.2768274328 33.5405032831 33.8856621454 33.5645887092 34.2858700761 34.0650684633 33.7673084243 34.1245255485 33.9227523208 34.2308394042 33.7350213532 33.2472405295 34.3875816808 34.2494511752 34.3320474622 33.3671890861 33.1787949285 34.3906773378 33.0890094989 34.3191669562 33.9202832516 34.133263015 33.7325885906 33.9569190841 34.3005598676 33.226867543 34.3459926993 33.8438791873 33.3330093961 33.1226794212 33.4230570428 34.1719787894 33.8812046091 33.1774901849 33.6174166684 33.4267620645 33.5021091966 34.0147783347 33.7511442982 34.2647105901 33.1093059343 33.4099452185 34.3953063898 33.7057968836 33.60653443 33.7342305505
34.0120792825 33.499090589 33.0653968562 33.7424613517 33.5119440323 33.7828674544 33.0783120228 33.9519370069 33.1679425593 33.2640806574 33.2560828547 33.1906415232 33.3739740271 33.2533616441 33.9161888118 34.1324330428 33.6908385404 33.4542747256 33.3557139228 33.5291264314 33.2419836112 33.9424676263 34.3067682016 33.4478241365 33.9919192259 33.1946310699 34.0226593581 34.3267998836 33.1370005154 33.233804064 33.8129031744 33.4155543151 33.3775613957 34.0262997618 33.5149171256 34.1110461478 33.607983346 33.5965201709 33.5105761996 34.2997335593 33.9688134949 33.9790564785 34.0808131738 33.7602491804 33.1538768923 33.6561696576 34.1895816201 33.3468414315 33.0140834256 33.6426579271 33.6350332766 34.3428988573 33.3527780136
