Spatial_Output/90% DEC/90DEC_1143.asc
NCOLS 155
NROWS 192
XLLCORNER 196769.923733
YLLCORNER 449719.875193
CELLSIZE 27.603701
NODATA_VALUE NaN
[rows 115 to 137 of 192, columns 0 to 52 of 155]
0 0 0 0 0 0 0 0 0 0 0 0 0 0 0 0 0 0 0 0 27.7843136839 27.8160699598 27.620181389 27.8060728712 27.6967965745 27.5807370026 27.8450444303 27.65265044 27.98705759 27.8678823281 27.5413410022 27.6177159663 28.0420435965 27.8692480735 28.133269413 27.6248107316 28.1147965443 27.8212573932 27.6283478818 27.7836223728 28.0394326478 28.1247834009 27.7621066737 27.5158270568 27.8609446545 28.0900079413 28.1978466206 28.1259235274 28.1364994892 28.2053057283 28.0494545106 28.1028741025 28.0581811562
0 0 0 0 0 0 0 0 0 0 0 0 0 0 0 0 0 0 0 0 27.7345056254 27.7340139701 27.6101821049 28.0326941339 28.1774563684 28.0411384945 28.1949675685 28.0213971656 28.174746148 27.9956026178 27.9775624733 27.8465611102 28.1380429961 28.0662641335 28.0327280892 27.6207985972 27.9450350049 27.9198978419 28.0717007735 27.5197015992 28.0477612982 27.9187375486 27.6653785109 27.9239579635 27.7881342019 27.5286774811 27.559598301 28.0401769583 28.1185906046 27.7704392661 27.5630663828 28.1408255712 28.0994830336
0 0 0 0 0 0 0 0 0 0 0 0 0 0 0 0 0 0 0 0 0 27.8801717105 27.7063887279 28.1469045559 27.9006177183 27.8755986943 27.8048067619 27.7911648891 27.7872858483 28.0075046002 27.7814595272 27.6985619354 28.2050706145 28.0277223251 28.0270031837 27.9670085191 27.799587516 27.631064492 28.1818590719 27.5935479479 27.7046893527 27.7885803331 28.1790001435 28.0159948377 27.936568235 28.2047731502 27.6253855581 27.6640389294 28.2003985032 28.1484646256 27.7004024776 27.5491775025 27.5380706008
0 0 0 0 0 0 0 0 0 0 0 0 0 0 0 0 0 0 0 0 0 27.7066056149 27.969970416 27.7326159435 28.0055130877 27.6748135147 28.1205539562 28.0481857396 28.095529643 27.8163014239 28.2000912043 28.1905311042 28.1910745575 27.7379595631 27.8773674089 27.6813781786 27.8147912817 28.1210850452 28.1753539562 27.5171203563 27.892777535 27.7627829122 28.1780321844 28.0389715994 28.0064455629 27.6061100325 28.0291288622 28.1953952663 28.0025157859 27.6902491277 27.6356209504 28.1852036706 27.6217880052
0 0 0 0 0 0 0 0 0 0 0 0 0 0 0 0 0 0 0 0 0 0 27.7432618861 27.6473512214 27.8770241825 27.7802922061 27.7472540834 27.8652544858 28.0968619113 27.8578096977 27.6658569867 27.8530316273 27.6258699519 28.0415697706 27.8383536733 27.9922230125 28.0650676291 27.7554928465 27.5045329979 28.1732480366 28.1241029343 27.5177129885 27.558648688 27.793429221 27.9346998573 28.12570271 27.8211551833 28.1301662586 28.2017106968 27.633279448 27.9746127315 28.0793393318 27.6245017699
0 0 0 0 0 0 0 0 0 0 0 0 0 0 0 0 0 0 0 0 0 0 28.1712325826 28.1233937393 27.5079393797 27.7959548225 27.8846575905 28.1786493741 27.6368196253 27.8873247469 28.0231975849 28.0686835573 27.8972452071 28.1124009172 28.0541003709 28.0353503924 27.9453450655 27.8777844291 27.8575345013 27.7265384847 27.6781019788 27.7052871097 28.1160775089 27.9965570086 27.563486688 27.9407285888 27.8027005858 27.7431388545 27.8585972375 27.989262663 28.1014817353 28.1925223097 27.6264693993
0 0 0 0 0 0 0 0 0 0 0 0 0 0 0 0 0 0 0 0 0 0 0 27.6143078646 28.126242942 28.1748849391 27.9369250427 28.2031779346 27.8767879056 27.5550715365 28.0396551844 28.0734961254 28.0164190996 27.7361742583 27.7682303551 27.8346732497 27.8729831403 28.1991691344 28.0589838126 28.1021777388 27.7807647161 27.6948379356 27.98738338 27.6727887726 28.0755196152 27.6887406094 27.5886186146 28.0516720729 27.6384791325 27.8797286422 27.789476736 28.2046940758 27.6586680968
0 0 0 0 0 0 0 0 0 0 0 0 0 0 0 0 0 0 0 0 0 0 0 0 27.9317499162 27.5633704577 27.754164326 27.8227396642 28.1778798387 27.7479713802 27.5162261138 27.9705857811 27.6081993551 28.0926476617 27.8750262872 27.5704539011 27.9165100901 28.0607011505 28.0101481438 27.99176634 27.6031449734 28.003368533 27.8709746253 28.1797741793 27.89760428 27.6824385917 27.8916662102 28.1250282943 27.7778371632 28.1929934707 27.8066775204 27.8377033258 28.1572502285
0 0 0 0 0 0 0 0 0 0 0 0 0 0 0 0 0 0 0 0 0 0 0 0 27.569158366 27.590274438 27.8777371792 27.8958468741 27.6667970266 27.9800966144 27.6605474401 27.5766931227 27.6171682144 27.966740999 27.8911631791 27.7999760676 27.6666941226 28.1755792997 27.8366172001 27.5231456481 28.0813228165 27.5534709538 27.5972604693 28.1177823381 28.0769848719 27.5322803149 28.0156904737 27.7782647754 28.0112948517 27.7291621679 27.9186027168 27.9790539748 27.5749177234
0 0 0 0 0 0 0 0 0 0 0 0 0 0 0 0 0 0 0 0 0 0 0 0 0 28.0360907721 28.0462132757 27.8875424127 27.7240451572 27.6376649144 27.5549185641 27.825155345 28.0619115694 27.9365942346 27.628616904 27.5399102455 27.9414757889 28.0850821128 27.8128556398 27.5127357816 28.1268340449 27.6734873333 27.7974359754 28.1341450022 28.0856905093 27.9281804601 27.8660735119 27.8069571039 27.9799079816 27.9975194517 27.8452323928 28.0585983982 27.7219939591
0 0 0 0 0 0 0 0 0 0 0 0 0 0 0 0 0 0 0 0 0 0 0 0 0 27.6666147911 27.6673511294 27.975518628 28.1844950583 27.7491987847 27.5970485776 28.064355792 27.9608162096 27.8378151506 28.077572613 27.7132815648 27.6058330162 27.5375646778 27.5328248416 27.8062117251 28.1549646945 27.6587251969 28.1008799197 27.5762715246 27.537569105 27.7160434254 27.5658022443 27.8194107283 27.7969563814 27.9649434027 27.5983100063 27.9242112408 27.6672223749
0 0 0 0 0 0 0 0 0 0 0 0 0 0 0 0 0 0 0 0 0 0 0 0 0 0 27.9563316192 27.9244795103 27.9831887801 27.8658192431 27.7107361104 27.5664469355 27.5747826977 27.8676605099 27.6295912283 27.7879021189 27.8097673859 28.0747236735 27.8560118207 27.7435072915 27.8054413183 27.5762181774 27.6334123587 28.1930188861 28.0315253382 27.9242385443 27.8785245896 27.805501058 27.947259459 27.9094380493 27.5068332314 27.7648377983 28.0010527801
0 0 0 0 0 0 0 0 0 0 0 0 0 0 0 0 0 0 0 0 0 0 0 0 0 0 28.1666626652 27.7684035232 27.725389804 28.1882029608 28.0498360048 27.5992314414 28.0187268746 28.0314191813 27.7848328982 27.6443982676 27.6963900937 28.0918041323 27.8100360569 28.0985835229 27.9809340706 27.979024683 28.1218819263 28.2056826714 27.6761498312 27.6027405305 27.9317844994 27.7011734794 27.9615052276 27.9133672191 27.903931993 27.9667839728 27.8050172771
0 0 0 0 0 0 0 0 0 0 0 0 0 0 0 0 0 0 0 0 0 0 0 0 0 68.9900707502 68.9900707502 27.877907731 28.0126957116 27.7675544102 27.7686836628 27.9295043279 27.8915206618 28.1154648912 27.6768614678 28.1224532355 27.8271235182 27.898656036 27.5305288083 27.9745453438 27.9329581658 27.7175864336 27.5258673699 27.6230813286 28.0135436663 27.8131270946 27.6477917158 27.8069010438 28.0610174092 27.7334094364 28.1245224027 27.5964660497 27.9592677398
0 0 0 0 0 0 0 0 0 0 0 0 0 0 0 0 0 0 0 0 0 0 0 0 0 68.9900707502 19.3734801949 19.3734801949 28.092725151 28.2021960745 27.8050569959 27.5655405524 27.9898772518 27.6477796008 27.7402865708 28.1464532023 28.0255486328 27.5616214752 27.8005195921 28.186717821 28.135395203 27.7613356199 27.5162561589 27.5215263842 28.0580169378 28.1302178383 27.8658253058 28.0807973258 27.8236032148 27.8004046487 27.568324378 28.0441027877 27.6079719672
0 0 0 0 0 0 0 0 0 0 0 0 0 0 0 0 0 0 0 0 0 0 0 0 0 0 68.9900707502 69.2456416257 28.1289227042 28.0981102718 28.0254161995 27.5060544448 27.5901142093 27.5722758378 27.8187329226 27.8605066241 27.8653399546 28.1620214929 27.7102815808 27.7955836425 27.9116075745 27.7136026457 27.554242083 27.597224586 28.0605855114 27.9658029026 27.8527144724 27.8767875778 28.189250066 27.5725062448 27.8298288584 27.8866500277 27.8005315347
0 0 0 0 0 0 0 0 0 0 0 0 0 0 0 21.9005366684 28.7471183627 19.2086472337 0 0 0 0 0 0 0 0 0 0 0 28.0808174315 27.9966180769 28.1805501284 27.9835173492 27.9764896466 28.1534979592 28.1677416932 27.9532513124 28.0132025251 27.8105174439 28.0800886422 28.1227092105 27.8581133816 28.0368189889 27.8632147899 27.5506163382 27.6983009917 28.0391538233 27.9726274976 28.0942215629 27.7801494523 28.173307543 28.1385759272 27.6711441333
0 0 0 0 0 0 0 0 0 0 0 0 0 0 0 31.2355001335 22.0925791473 16.0234148212 0 0 0 0 0 0 0 0 0 0 0 0 28.0421347631 27.5355186648 27.9648128086 27.571069129 27.7898218471 27.9303846288 28.0373461306 27.5778137184 27.9054810545 27.7441556973 27.5500420188 27.5188465328 28.0720845517 27.9990373566 28.0689242957 27.762465772 27.5066272856 27.6534563821 27.8217498271 27.7221508802 28.066835473 27.6499222568 27.5912872563
0 0 0 0 0 0 0 0 0 0 0 0 0 0 0 22.1552875138 23.5947566067 11.2146807388 0 0 0 0 0 0 0 0 0 0 0 0 27.9289654698 27.6883037713 27.572612313 27.8730167643 27.9516791759 28.10482725 28.115094848 28.0840988112 27.6802253781 27.5985597088 27.5503116269 28.2017711183 27.9948351325 27.7431882247 27.7263018036 27.6205330859 27.8087763192 27.8204246766 27.5110740019 28.080151289 28.1672650728 27.8022352824 27.587062934
0 0 0 0 0 0 0 0 0 0 0 0 0 0 0 0 0 0 0 0 0 0 0 0 0 0 0 0 0 0 0 27.8728729865 27.8256170918 27.8791228215 27.8482396081 27.657711407 27.8685875023 27.7022588763 27.9937166902 28.1080906593 28.1277908604 27.5806916358 28.1273908304 28.1613866375 28.0817362208 27.678653207 28.0064994741 27.9668580204 28.0566947434 28.0181302344 27.8277126341 27.7288684599 27.5897215692
0 0 0 0 0 0 0 0 0 0 0 0 0 0 0 0 0 0 0 0 0 0 0 0 0 0 0 0 0 0 0 0 27.5782852527 27.9518127812 27.5488164122 27.7475717098 27.9106739922 27.923366498 28.0121652445 27.7505998897 27.508355822 27.8531324628 28.0819759348 28.0523788204 27.5652337243 27.902465879 27.9232310413 27.5994565287 28.0724127039 27.7196419788 27.9061722874 27.7200217935 27.9685767004
0 0 0 0 0 0 0 0 0 0 0 0 0 0 0 0 0 0 0 0 0 0 0 0 0 0 0 0 0 0 0 0 0 27.5056509348 27.7788937207 27.8715721533 27.7461751424 27.600056814 27.5763823708 27.6136996796 27.6697771119 27.7569040115 27.8621568469 27.6405310126 27.9038435962 28.0126558877 27.9515127745 27.5482914096 27.5224127872 27.8598324569 28.0105685719 27.7841539943 28.0497180629
0 0 0 0 0 0 0 0 0 0 0 0 0 0 0 0 0 0 0 0 0 0 0 0 0 0 0 0 0 0 0 0 0 28.0321457598 28.0811931689 27.5779138602 27.6133931028 28.163857368 27.936660217 27.502528159 27.5234342556 28.1789965733 27.9776562083 27.599473714 27.6202540689 27.9059286033 27.5125555467 27.82058563 27.656492608 27.9924860063 27.692183318 28.1411351579 27.7435939713
