Spatial_Output/90% DEC/90DEC_0713.asc
NCOLS 155
NROWS 192
XLLCORNER 196769.923733
YLLCORNER 449719.875193
CELLSIZE 27.603701
NODATA_VALUE NaN
[rows 92 to 114 of 192, columns 53 to 105 of 155]
28.4984188646 25.1079871196 27.6985864722 26.0939674752 27.1466570476 26.9441091655 28.4449316695 28.8049961459 27.2133231064 25.5150523047 29.1003685903 28.5332211857 28.7351234046 26.9242386783 26.419271398 28.2708195892 26.469105878 28.8306406223 29.226797378 25.1295315877 26.4980652699 28.612163037 25.2197484376 25.1468457483 26.0135039553 26.3890642064 28.1916901618 27.9956689555 28.5132601001 25.5953068681 27.251884577 26.0387068456 26.9577971498 29.1638715167 25.341190338 25.781258938 28.9583263753 25.3221326622 27.5725347835 27.9331652313 27.9180509411 27.6161935402 29.0159263503 28.4947949249 27.1904737325 26.2578869019 26.5117642017 26.6666279676 26.5011852226 28.1616170352 26.9219526993 27.1169127338 26.6071688176
25.0850415813 29.1878967502 27.2482949626 25.9136096788 25.1029133873 28.1358192113 29.1115751229 26.7306540308 25.8007257488 28.5924760757 25.6317965664 27.0185445063 26.8958645823 27.1857604013 27.2307364206 27.674858445 28.6962088104 25.5789262707 25.4152272988 27.6834809903 25.9536467422 28.3356079279 27.4511691328 28.4023187183 27.4517614336 26.0754051369 26.7152946412 29.0089337664 25.9296235107 26.3056494635 29.1384220472 28.648292892 28.787496765 26.8902458882 27.8982408597 28.2108275125 26.6814345324 26.1591800329 25.8530844259 28.1503860421 27.3765353782 29.0205515982 25.2176141501 29.0460277571 26.1838011351 27.507209331 25.1803001413 29.2287165015 29.1534212534 26.0537021558 25.0881086232 25.5758140013 28.0934375224
28.2811506263 28.0807285574 27.7922513751 25.87733557 27.1754346035 27.7143706888 28.9385415263 26.627822861 28.7533549942 26.66735563 26.0122365607 27.0596078296 25.6685771407 28.3437075437 26.8388614235 25.9307805731 27.5978896683 26.2343933466 27.6428986601 28.4742982572 29.2025836095 28.5915455961 27.6366174992 27.1410627121 28.9487950621 25.5541093702 25.7219397409 25.7505932823 28.1585107783 25.049430585 26.5066747293 26.1515925038 25.9323695949 26.7480412411 28.0763043422 29.1985455394 28.1414525634 28.8815225627 28.4043697569 28.652905783 25.4207944459 26.5597333974 25.400863947 27.3383084708 26.729832244 28.3770606275 28.2785444336 26.3653326936 25.5826270432 28.7772683136 25.4711839824 26.4438130647 27.1704073594
26.4364126279 25.7896433469 26.0495017701 27.1389526311 28.3713471462 26.0872920233 26.4737000758 28.9451376132 28.9948854565 26.7378161336 25.4024914967 26.4163313279 26.6247794752 26.0706308459 28.7270670799 28.5440420887 28.848100536 27.292094457 27.8594922705 29.1149738987 25.261039056 26.9245696003 25.48698314 25.9100423601 27.8498246714 28.7916081847 27.756455086 27.3791562037 25.9205479448 28.4850904999 25.2594756973 28.4570126475 26.7996409999 26.7352997492 28.1081379677 27.4389240055 27.5997532368 26.538509803 25.7550216025 27.7553749324 27.3836535397 28.6477421693 28.5948627368 25.2970954865 27.0804499724 28.1895726306 28.0690961742 27.2299967199 28.3925631201 27.1096634249 25.4351708408 26.3654143624 27.1036585847
27.1747778582 25.7262878333 27.7093802881 28.1542748195 26.2542672268 28.4007823609 26.9041763853 26.1768517616 27.0365466847 27.2191571882 25.9769377287 26.4720830521 25.6198571967 26.118632472 27.7198867617 26.1714541047 26.3086079285 28.2885381434 27.4975003915 26.001204615 26.202254504 26.1372598306 27.5241717633 25.7490341414 27.3049151106 25.922140051 25.8767744342 27.859041329 26.659383515 28.3584275921 28.2186161712 25.2648312444 25.6345830972 26.3203903837 29.1120494756 27.7069446272 28.5070684618 29.031971972 27.7840340147 28.6997240408 26.8980586908 29.1231537603 28.5678735184 29.1162702265 26.6089826337 29.0476903644 27.4905857863 26.7056985092 27.3083707453 27.2348772656 27.9041367332 29.183542062 27.3085672215
28.8084613522 25.6434636768 26.8439433902 27.9308623913 26.4343028183 25.969224978 27.7835659715 27.0556364535 27.0899496158 80.5917797931 65.2073413149 25.7765026526 25.0117381727 25.8699175495 28.1324908256 28.7169682286 29.0872434223 27.7273184593 25.3598731881 25.9230108714 28.3407999571 28.5169429563 26.5769088963 28.5581479841 27.050345916 27.5568375361 29.05342042 26.9216673142 25.5816367889 28.1487528005 28.7710637803 26.5058596898 27.3650954984 25.0997912209 27.86562306 27.2793998891 26.6132074992 25.2890528774 62.8130923305 62.8130923305 28.7928323681 25.7518836424 26.0051448899 27.3549401761 25.6725825186 25.515888562 28.3632523222 26.9155645884 27.6553600264 28.1915446826 26.5428750472 28.7074525954 27.739343428
26.5567222109 26.443911613 25.4927635733 27.8765858638 26.3838671093 28.8275256199 26.3014476376 56.258111731 80.5917797931 65.2073413149 65.2073413149 25.8771824359 26.7274421102 25.8787020207 26.4779359883 28.6995424161 27.9100616115 25.9902473475 28.5837257341 27.4716193186 26.2377934102 29.1568917835 27.1340584237 26.5278731694 26.5285034871 28.3267174457 27.536598408 28.0158232533 28.1095052339 26.8453605506 25.8724170524 28.2942637971 28.8624496337 26.1782388886 28.9092602137 25.8412678269 28.2873845792 27.0209594417 62.8130923305 62.8130923305 27.8588133945 28.9722497687 29.0594810576 27.5821917043 26.9773343948 26.0737188642 26.3297467608 28.7341986621 25.198560325 26.4087530689 25.6281180406 25.4430267174 26.7686895776
29.0377716429 27.238649919 25.4045821744 29.2084763936 25.2559500673 27.2149622548 27.4300950327 26.7361194377 29.0000706755 65.2073413149 65.2073413149 25.9610008408 25.8074938808 29.099234366 26.1650055818 28.8261300969 27.6654575458 26.8157057078 28.6419222225 27.4973780475 25.123535428 26.9432729084 26.927727421 25.0118764999 28.5640672463 25.8435386201 25.5492397463 28.2281016411 25.4710442022 26.3295000053 27.4335800178 28.7685850487 28.2293192641 25.5744040146 26.9204524649 26.5719667395 26.0810312109 26.8836141952 26.5360130356 26.7464065741 61.7239811249 28.5917055743 27.6441372257 26.4374897514 27.7073739241 28.5337878638 27.2343626989 26.9801994945 28.6983909179 25.9535476698 27.3164508312 26.1795082662 26.4267727465
27.5101584951 27.6254407645 25.0894900314 27.1983365702 25.5429328088 29.1230558775 26.1722405882 26.3486218121 47.3320618791 47.3320618791 25.9476335166 26.049294787 25.7745455021 29.1766259512 26.2291413567 26.676247002 26.3126722999 26.890482477 27.9906606566 26.6803122064 29.1004034699 25.1138244651 25.9941871463 26.9775119233 25.5593068495 26.0398674482 28.8552797951 26.2605753808 28.8319651583 28.2121604214 28.801628931 26.5401275839 26.7135069872 28.3507429734 27.4875909322 28.5723045878 26.340049369 27.9075142296 61.7239811249 61.7239811249 25.1977754765 25.7811248771 27.4199822118 27.8615933211 26.7550018342 26.8647504431 26.2080179337 26.9305196635 26.5945725389 26.9988506803 28.6595457395 28.3209215906 26.4745696369
25.2969744671 28.6558324789 26.094398222 28.3131218208 25.6587730465 26.0628641805 27.7365099464 25.8050500027 47.3320618791 47.3320618791 47.3320618791 25.8433272363 29.1621741964 26.5754762184 26.7026437045 28.511768941 28.5044713544 27.7428228842 26.3466147011 27.4956369717 25.7600770537 25.8718722496 28.5531341562 26.4390653043 27.9556787613 26.0495397485 27.8561098954 26.0012313242 28.5229217301 27.3091605168 28.9142136966 26.215746891 28.9605624944 26.4854952962 26.2908157196 25.235166915 26.5313798808 27.991031632 28.5365319383 25.2310523684 25.814235635 28.6607705012 25.6149117207 27.1010797445 26.2238050437 28.927393766 29.0796917822 26.7509685195 27.4387499711 26.4269188364 29.1266172669 25.9577906252 25.7068390651
29.0457210391 28.7213132666 27.58725093 26.6858379355 26.6660376576 26.6338518759 28.2283818074 29.2239730261 28.7117234204 25.4045585065 28.466154555 26.8819007075 28.7691557753 26.3442969238 25.5373160939 25.1247594905 28.3232699127 25.6116510701 25.4739933859 25.8048196802 27.4036206214 28.0656218074 25.6716164004 26.4032222709 25.2700745301 26.0072328514 27.0396850807 25.7023093392 27.797478204 26.1695280719 26.9088710835 25.2582876213 26.0230361521 25.3822594696 25.3230575768 27.252915935 27.881787964 27.2309368379 25.4382709259 28.1661519656 25.1030653841 29.1042451655 25.8181683648 27.9858215286 25.9125841315 26.0163232874 28.150231301 28.8376317538 28.7328008331 26.2905465668 26.0933980783 27.4120553773 26.4201653116
27.0390130888 27.4111596951 25.0625029197 28.5288410852 27.5849192779 26.9202065622 25.1131859088 27.0789034012 28.1404557515 26.1531012866 25.5042624929 28.5916836955 27.9130162207 26.1534111322 27.2725905528 26.0458949951 28.2901815157 29.107672292 26.3708245921 25.3437537475 26.4451539164 28.4971173899 26.0738628983 28.8996264883 26.6669168095 28.6940782682 25.3992182254 25.041113085 25.2590651531 28.4194741428 28.8547192678 27.213712951 28.0100064084 26.505174885 28.9827238781 29.0843352761 27.1314330341 25.2965663018 27.2862136759 28.5081510362 29.0013534161 29.177936789 27.408295815 27.1808057502 27.7478719625 28.6357069607 25.8245248502 25.5921137005 26.7921874108 28.5766693828 26.742808411 25.9880191959 27.4592935445
28.4749914297 28.2914629665 25.2642342235 27.2575193067 27.1796566417 28.2085862117 25.0072301263 28.246975533 28.3210274404 27.1872488235 26.7525167636 28.846667294 26.3287643052 27.7094279922 26.2384664372 25.3501802527 27.1860535465 28.3495169037 29.0823006213 26.3706919111 25.7380327406 25.7813963109 28.2334067756 29.174416396 28.0520524469 27.585538419 26.8662920674 26.9965264182 26.4042094049 27.2867838158 25.388201949 29.1434849923 25.6910517221 26.5175063364 27.4505743367 26.7998648592 28.2147136971 27.2939982046 28.0913224109 28.461308148 27.4461200529 28.5743393449 26.0545781287 26.0588111848 27.163004048 46.5671149889 28.9937737199 39.8456581731 27.1694423439 27.4157203037 25.6553507206 25.3964427705 28.473948981
28.1868626541 26.7815079749 26.4084328993 29.046669413 25.8719195348 27.6617345165 27.8603381571 29.017280993 28.4795664152 27.5614614769 28.2035628679 29.0527187241 27.7142872873 28.803844139 28.3427485292 25.5629149565 27.9145414666 26.7697561634 27.2065901579 28.6465135761 25.4875978706 27.6116094286 28.0879539656 27.4677011633 28.7642111647 26.2260643206 28.0296146883 27.025688797 29.1298988439 25.364706559 26.5564727096 27.4931946459 25.8412835765 27.4425370717 25.1870962436 26.2570651479 26.8769948116 29.0324427866 64.1284266985 28.7104915601 25.3291558174 27.4080468123 25.5082182172 59.0673106674 59.0673106674 46.5671149889 26.6711258976 39.8456581731 39.8456581731 28.0278622877 27.0525366386 25.9355072974 27.4923988325
26.5253034245 27.0744067821 25.5354253683 27.9755602591 25.390661488 28.5714484174 27.5287143027 28.374810182 28.0116685228 29.0253965764 27.9376704069 28.1404874126 28.7772367058 28.3544118454 26.0694331161 28.3743374149 25.5218909452 25.5317137664 25.8830768296 26.5473428716 29.2265735267 29.1813469639 29.1337443153 27.2784240612 28.8629271404 25.4104872774 28.7971582109 27.2677761746 27.7769689242 27.847185657 28.2202832232 26.2013358133 26.7426467989 25.3458642672 27.2385757795 26.6684116071 29.023132526 26.4260886521 28.5579949619 27.8263983171 27.7298388867 28.4675348483 28.8217460256 29.0784724762 59.0673106674 27.4184555441 46.5671149889 28.7419205021 25.8838769176 26.8485801274 25.2301815803 26.7731423513 25.8611903982
28.1818098788 25.2889759195 28.9972135697 27.1539844971 27.8764625516 27.0600998265 26.0052527282 27.3588152723 27.6795853925 29.0049023326 28.736840799 25.997135143 28.6007309344 26.8203068032 27.0844080967 25.0905431689 26.7289458125 27.0649438241 26.1634303941 27.7891151622 26.6188310265 26.7672709941 28.0141357405 39.7738400171 39.7738400171 39.7738400171 27.4339706283 27.8088961556 28.8750110385 25.7346493139 27.9369801971 26.5871744729 28.6329184055 27.6283199011 27.4032736132 25.3602537784 28.2688280626 25.7617953044 26.494484055 27.8859416927 26.8868455075 27.3957365331 25.1699833118 27.5294233312 59.0673106674 26.3284405596 25.9824404583 26.3186641543 27.9612192977 27.9104772974 26.4377364575 26.9151263514 26.2995798149
26.1081630422 27.8556800561 26.8964240613 26.3991020067 27.7977118805 26.0020539131 27.7902107148 26.7851297676 27.7623383261 25.9897878344 28.4388592977 27.5755635229 27.2566602022 27.9688223482 28.1017630576 27.5001276638 27.7620392818 25.3413639204 27.9042387472 26.9266965533 27.5491442929 29.0019283546 26.4294065749 39.7738400171 39.7738400171 26.2344100349 28.7974903581 25.9139504754 28.8465616982 28.8096941005 29.0930012743 26.7604007295 27.9166238413 27.3266868387 28.583487644 28.3736365927 26.5032855903 26.5744204463 28.4138539803 25.2454097069 29.0966823682 28.2819635612 25.0037420881 28.576692886 27.4796821863 28.2508267261 25.3484890169 28.9360912113 28.2914714923 27.1078222237 27.8790818855 27.8848203008 27.4687297468
25.4632215914 27.3496043946 27.3891395798 27.9443266769 27.4506364242 26.6159685808 26.1380753966 25.1315669003 26.4091386577 26.4817596737 25.7554765846 29.0464912857 26.1030006205 26.5368107682 25.6019469666 27.1811498082 25.7045790548 25.8869509989 26.8376590186 27.5191483743 28.3194882314 25.2750033879 25.2654514603 42.2935775615 26.9250481884 42.2935775615 25.5912365814 25.1172244947 26.9079376741 27.7746177149 25.7887114059 27.0128591104 27.493540663 28.6672850704 26.4754836052 25.6155204747 28.1154725652 27.1259832509 27.6379187336 25.8432393765 27.3777302928 28.1146582566 28.5741789676 27.0389663703 25.966530993 27.3556219396 26.9778787141 26.2680554015 28.0413373685 28.2854276522 28.4066564871 25.3900199167 28.9177407887
29.108526643 27.9643652877 28.7620602172 28.2779733914 26.4605374474 27.3718447129 25.2007805057 27.182704623 26.3899485527 27.4954034795 27.5920143443 27.490713134 28.926957883 28.0105530609 26.6904741298 29.2339028333 28.4482893062 28.0651153024 25.5142807314 25.4928951052 27.5596458916 28.3919752252 25.1181142552 25.5956538974 27.0679745457 28.8381971151 29.2061030976 26.8759685151 25.0850111112 25.6032000417 26.7055215655 25.9260467788 25.0705266027 26.1507349762 27.325709483 26.8696541076 26.2121918429 25.7073637524 27.14038694 27.7169890618 28.1312313095 29.0618495586 27.4186794286 25.9231831055 27.190956589 28.9271721715 28.6132365809 25.5319115545 26.1365637153 28.3294153478 27.4795735028 26.2977096932 25.1643241741
25.9058832697 25.5411434361 25.2281447142 25.5904798728 29.1439571913 28.5491303272 28.7904347758 26.6601547999 26.2716439489 27.5250384396 28.2977980911 28.7868216648 25.8877622429 27.5390149106 25.7018690049 29.1691722339 25.1595702242 28.5960071119 25.4255247767 28.7815972294 26.4879897461 27.0140659511 26.1751924233 25.1927224988 27.783256741 26.140964838 25.7132077348 26.5726662184 26.0986359044 29.1588491355 28.6797609952 28.5082790545 25.0745763228 29.1871507694 29.2119200129 27.8498742395 26.5874540492 27.990183642 27.5495072412 25.8769574977 28.9823241154 26.8874291788 28.9748111349 27.7700770789 27.2664816936 26.2242040964 27.6011482503 28.0738711086 27.0988808673 27.2693265933 28.286872347 27.8340989725 25.3183523758
25.6125361522 26.3380488716 27.3977632984 26.3082506437 25.3090642681 27.1818030196 26.3800448882 25.6132105744 26.3478629466 26.500403542 29.1039773354 25.3027713658 26.2520679682 27.4478851287 27.448539734 26.5616519979 25.9536679393 27.711442964 26.5761891413 26.1398307121 27.250567498 28.6201843288 29.0699082297 25.6030937928 26.1141162758 25.9593802565 28.3759802829 28.475682403 26.2217698056 27.0305559007 26.3696445789 27.6439260119 28.7732578799 25.7205567597 25.777336827 25.3863091281 26.2141243159 27.2902656901 25.9502629007 28.8311067515 26.3015663846 25.1061748121 27.3055684571 27.7448145938 25.8207433673 27.2882165577 27.3309130307 25.941494624 26.1024708741 26.9208832971 26.5688437371 28.7979621432 25.8589794797
27.2695308196 27.0177351529 26.8752986675 28.8041904777 27.2988041927 26.1395608981 27.384618437 28.6785442429 27.0608827245 26.9213528174 27.0407994979 29.1632048204 26.1482404379 29.1228216714 25.4846484511 27.5056407662 25.9628785926 27.5867101464 27.9909593203 25.3359445613 28.1051238966 28.6209181186 25.9332413776 27.4551100355 27.7193177795 28.8839533315 27.8040891479 28.7331201288 28.794797101 25.7078144466 27.8415400024 26.6211065473 26.1570735522 27.6270332966 29.0502594846 26.5721748786 26.6865347192 25.8606376656 25.8723614 27.6429988516 27.9751356708 26.7239063831 26.379243955 28.8124832877 27.7366143474 26.7472345074 27.741931436 26.2831217895 28.8710828287 25.017739392 27.7646255754 25.0372820362 27.3635565553
27.5888701746 27.4962992861 25.7868530679 25.4643328803 28.6724605231 26.2528506069 27.0537278353 27.7552995539 26.2570467895 26.4580666261 26.3227388854 27.0643210587 27.3747372113 26.7405302073 25.5581102175 28.6595358367 27.4299626354 26.8948757165 26.1868697907 28.1742388274 28.1257887732 25.1368798879 26.4976632732 29.0991718572 27.073157645 25.1746103848 29.191800556 26.1724607959 27.84578479 26.0551363139 28.0562119913 25.6472650037 27.0704041012 26.8006732023 26.990888352 28.2593919803 26.1714034242 25.6645714044 27.9970363758 25.8020736175 28.5579841718 26.5781788692 25.0932848816 25.9708373579 25.5396428974 28.6058645126 28.838040521 28.3860588935 28.0696304739 26.4550158972 25.3810611298 27.8767370675 25.3606975082
