Spatial_Output/90% DEC/90DEC_0116.asc
NCOLS 155
NROWS 192
XLLCORNER 196769.923733
YLLCORNER 449719.875193
CELLSIZE 27.603701
NODATA_VALUE NaN
[rows 115 to 137 of 192, columns 0 to 52 of 155]
0 0 0 0 0 0 0 0 0 0 0 0 0 0 0 0 0 0 0 0 45.7560884986 45.5408069559 43.7113625053 43.032725586 43.2271015646 44.2415853808 44.1975976517 43.6304815628 44.9553922699 44.637043375 44.0054382486 45.0910640146 44.6304002822 43.4250276163 44.5059071416 45.1210422808 43.6301212207 44.6011842375 43.1805211797 44.2056817638 43.957818441 43.6829833837 45.201666855 44.9094991941 44.0891496553 45.8266993775 43.1060877923 45.6054487422 45.4005675375 43.4942539558 45.716503142 43.7591522069 44.9320295998
0 0 0 0 0 0 0 0 0 0 0 0 0 0 0 0 0 0 0 0 45.1835873419 45.3159577419 44.3162959132 43.5203760382 43.6624350098 43.684776775 45.6268673641 45.7575215838 44.7361478985 43.340772362 44.8302506679 43.1597280104 44.6035320425 45.4303527645 43.133619027 43.7439529598 44.5237541434 44.9551278578 45.4186023813 44.9139446939 44.3029032278 45.6681172854 44.8303782639 43.3996153608 44.0903130562 44.6173520301 43.6095595601 44.417428842 43.8418630418 44.9708038531 44.6134632263 43.0554070058 43.4793119765
0 0 0 0 0 0 0 0 0 0 0 0 0 0 0 0 0 0 0 0 0 43.5043961096 45.30341793 43.1229901155 43.847208293 43.7407901091 43.2796768244 45.3038021557 43.4020922677 44.7888513491 44.1716615721 44.6084498976 44.3890132821 44.5063629854 44.7274665919 44.0377204409 44.0179112488 43.5564475579 43.600811499 44.3367054334 44.6008170848 43.6613471736 44.7385527251 44.1403811773 45.4390847997 43.9752630063 45.0181382869 45.0082891784 45.3625488504 44.6903385241 44.2593572917 43.6227916287 44.1942186765
0 0 0 0 0 0 0 0 0 0 0 0 0 0 0 0 0 0 0 0 0 43.3248154847 45.2629407051 44.1296241214 45.2024769459 45.1738189729 43.0783074895 44.8653926284 45.6154071807 43.4831709931 45.6096994826 44.8112540735 44.1989354393 45.6757030805 43.8287826191 44.1252927172 44.8435886907 44.5603707316 45.7156572346 44.7444300966 44.5899423994 43.5228159759 45.6019013573 44.452725168 44.8716907987 43.6854753464 45.344078787 44.6206337824 43.4461660595 44.5770482132 43.4385780141 45.1875148622 45.4068442438
0 0 0 0 0 0 0 0 0 0 0 0 0 0 0 0 0 0 0 0 0 0 43.6045096277 44.6357010166 45.3636540851 43.9013300125 45.495438455 44.0689120058 44.1010709698 45.5386954022 43.1027568326 44.8071983161 44.9195443061 44.8554907985 45.6053090678 45.6380395054 45.0769207019 44.6591382642 43.6812838768 45.3138098108 44.1848956646 44.5223323051 45.3626282659 44.980883474 44.1403355631 43.3531198978 45.5764144245 45.7163771134 45.553746884 43.1492046566 43.4835560385 45.7359238332 44.9953389083
0 0 0 0 0 0 0 0 0 0 0 0 0 0 0 0 0 0 0 0 0 0 43.3706215292 44.674386508 44.9954621477 44.936868955 44.4718260275 43.2957959737 45.442890709 43.6389302853 44.0406697643 45.7318314963 45.0486999171 44.7349043976 45.6016237622 43.9533953511 43.5172973186 44.8727169444 44.1359671548 45.2315573934 43.3578031277 43.2772464271 44.137568665 44.1797671769 43.8412082687 44.2298311289 43.0808055083 43.7637787301 43.6985886673 45.0278628584 43.4633885396 44.8776319099 45.0100047635
0 0 0 0 0 0 0 0 0 0 0 0 0 0 0 0 0 0 0 0 0 0 0 43.5127039154 43.3211187251 43.7949824947 44.0010916809 45.156798255 44.5586766561 44.0646080162 45.2926975205 43.3397896096 45.045389364 43.2363963443 44.066388358 43.0010065667 43.246996351 45.223282313 43.5439142118 44.2097923484 44.7848882612 43.1654021482 44.6073315263 43.9306191304 44.4268456204 43.4805437228 43.2748520039 44.4417405798 44.3128186842 43.1335905212 44.3834799486 43.2826387672 44.8294975755
0 0 0 0 0 0 0 0 0 0 0 0 0 0 0 0 0 0 0 0 0 0 0 0 45.1862454537 45.7587998423 45.2928346409 45.4193788062 44.8243252877 45.5823092767 43.9781493725 43.0467855048 44.5268496204 43.0470495125 44.1102889475 43.7832656567 44.6410614587 45.7581810911 43.1936188859 43.1570001677 43.0895268222 44.670581218 44.7166824875 43.7178260338 44.3909480337 44.3511292431 44.7551966642 43.7691823653 45.5098317 45.7080702319 43.2638388464 45.0710575314 44.2397336618
0 0 0 0 0 0 0 0 0 0 0 0 0 0 0 0 0 0 0 0 0 0 0 0 45.3997219885 43.5741334663 44.4223105478 45.6507469101 44.3328565605 43.8373066393 43.3733600272 43.2931923147 44.4617255909 45.3668249403 45.276861221 45.6868663811 45.674229286 45.4442154095 43.5950994743 45.3808183556 43.6482270659 43.1761649624 44.151978458 43.6164537643 45.4802982705 43.2627786027 43.7785361008 44.0173348873 43.3036145773 45.1026816382 45.7597043126 43.5958991694 43.5774121088
0 0 0 0 0 0 0 0 0 0 0 0 0 0 0 0 0 0 0 0 0 0 0 0 0 43.9738708814 44.9263525583 44.3481435028 43.9875565166 44.1105061739 45.6531737984 45.38135484 43.5650556635 43.1246047343 43.5379351909 44.912843435 44.9209471452 44.4135438513 45.0997609089 43.7206767721 45.6558948384 44.3720072006 45.4388843404 43.9719163035 44.8291931237 45.3957154827 45.092843867 43.9292239582 43.5406730979 43.6423787807 44.4774906766 45.6872480315 45.7056429842
0 0 0 0 0 0 0 0 0 0 0 0 0 0 0 0 0 0 0 0 0 0 0 0 0 44.2190618221 43.0785020924 43.6863658006 43.530811809 43.4149605527 45.5644225184 45.1538575549 43.518587614 43.6702411374 45.1756305014 45.6467813453 44.6406211512 43.5314150403 45.4397167001 43.0088291629 43.8096582864 44.1516873082 45.4394034743 43.7867254003 45.1060091065 43.1704065837 43.5211810098 43.8119551405 43.694865794 45.0853211075 44.3541361359 43.006143555 44.4548947522
0 0 0 0 0 0 0 0 0 0 0 0 0 0 0 0 0 0 0 0 0 0 0 0 0 0 45.0440561339 45.2639219196 43.735030514 44.3284253129 43.2081680423 44.4261656101 43.797402849 43.3503510843 45.3125698653 45.0473694726 44.3953586996 43.2735372184 45.0625672003 45.3008240189 45.2281747859 43.400434583 44.4882515475 45.5282022391 44.1297576078 43.2918215396 43.1840514241 43.8738441726 43.2674975194 45.6477842258 44.630801806 45.1884844859 43.2762620545
0 0 0 0 0 0 0 0 0 0 0 0 0 0 0 0 0 0 0 0 0 0 0 0 0 0 43.3007281781 44.7018522482 45.4996545474 44.6532260307 43.0835487545 45.0843974875 44.3132885161 45.4957392241 45.3969220696 44.3871901014 45.3856580169 44.9862097561 43.9900728435 44.1738155484 43.3664931465 45.6278990345 44.9013527917 44.0095781432 43.9723156551 43.9479047218 44.8149944477 43.8922376419 43.6328076486 44.7623931713 44.6887009135 43.0434221169 44.6034274945
0 0 0 0 0 0 0 0 0 0 0 0 0 0 0 0 0 0 0 0 0 0 0 0 0 68.9900707502 68.9900707502 45.2524290484 44.7736658845 43.6243101986 43.8417397383 45.6380416415 43.5172176309 44.2836696333 44.8826684351 44.2914743856 44.3219900378 44.4919927498 45.5309966321 44.9769558605 43.28363808 43.6870686518 45.6832391011 43.6971320975 45.4391082351 44.142952036 45.1477162502 43.6751267689 43.7620030672 44.449450415 45.7387669568 43.3658625077 45.7513167333
0 0 0 0 0 0 0 0 0 0 0 0 0 0 0 0 0 0 0 0 0 0 0 0 0 68.9900707502 68.9900707502 68.9900707502 44.9139406426 44.5245105873 45.2154863768 45.0218919089 44.4251678042 43.9769030149 44.2639903838 44.4103246106 44.7332036235 44.4957190531 44.7076254776 43.5150784112 44.5052643779 43.9490101571 43.9043149785 45.1399742575 44.2197653488 45.0263285008 45.7751168111 43.8176289285 43.2775201487 45.5362660402 44.3957157633 45.6083843816 43.5532361026
0 0 0 0 0 0 0 0 0 0 0 0 0 0 0 0 0 0 0 0 0 0 0 0 0 0 68.9900707502 69.2456416257 44.0321697125 45.7730639421 44.801562687 43.7926636707 43.5638308126 45.510165964 45.6893106881 43.4865179946 43.8900873058 45.0835274125 43.9765068506 44.7327238683 45.1749171205 43.0762724512 45.4086468634 43.5462143531 43.4196937184 44.6278086518 45.23308253 43.908069825 44.2646312296 44.1224251597 44.3655208993 43.5108148987 44.7923582051
0 0 0 0 0 0 0 0 0 0 0 0 0 0 0 57.0134665213 54.6966880269 54.1653731539 0 0 0 0 0 0 0 0 0 0 0 43.0216765997 44.5519494691 44.1767322028 43.1141800295 45.0049970507 44.4177159755 44.6222940074 44.6551016765 44.720377088 43.716700074 44.1266114729 45.1782777463 44.5864918893 45.1797991539 44.9795029554 43.942776803 44.0305785532 44.3283975638 43.6083658125 43.3447915705 44.7700907784 43.9342509153 44.5877806754 45.0966343808
0 0 0 0 0 0 0 0 0 0 0 0 0 0 0 57.8901523678 63.520435888 55.1555006216 0 0 0 0 0 0 0 0 0 0 0 0 44.7967086943 44.1788499923 44.4268451604 44.0438354465 43.5418345272 44.0286372569 45.1388885195 44.5522829472 45.088570561 44.7431023155 44.7951223719 45.2818312114 45.4225157663 43.8322021061 45.4495783656 43.9903284179 45.726883094 43.3580463179 44.8570243132 44.8984436619 43.0529685867 44.0160546849 44.3599074903
0 0 0 0 0 0 0 0 0 0 0 0 0 0 0 55.0487864284 53.0715431376 62.8994892744 0 0 0 0 0 0 0 0 0 0 0 0 45.2830982287 44.7103866248 45.4900422701 44.2605365808 43.9252304653 44.3569755576 43.0826229563 44.2206329961 44.6282068915 43.0203969275 44.8274697047 45.4746816674 43.1470189789 43.8553378683 44.9732761576 44.4247325964 43.2704295702 43.5816577423 44.3643207332 44.6065241138 45.2010740775 44.3329364226 67.3779169014
0 0 0 0 0 0 0 0 0 0 0 0 0 0 0 0 0 0 0 0 0 0 0 0 0 0 0 0 0 0 0 45.7101573126 44.0869111607 44.2819155731 43.0329584525 43.9583227251 44.4783736578 43.283011528 45.1218566017 44.8476845797 44.2965134692 44.4866494866 44.1909276087 43.0317557351 44.0671669101 43.1419880246 43.3619057097 43.4617831123 44.2780140722 43.7157162522 44.5515804906 45.2326029993 67.3779169014
0 0 0 0 0 0 0 0 0 0 0 0 0 0 0 0 0 0 0 0 0 0 0 0 0 0 0 0 0 0 0 0 45.0891220441 43.6921367003 44.8357518001 43.3295998224 43.694085138 44.0822946736 43.9745840145 44.5898901554 45.0227621882 44.4177190668 43.781003603 45.399418389 45.3795426062 44.2716608804 43.6347224105 43.2498505279 44.051387402 43.7082772618 43.7365979662 43.017061139 67.3779169014
0 0 0 0 0 0 0 0 0 0 0 0 0 0 0 0 0 0 0 0 0 0 0 0 0 0 0 0 0 0 0 0 0 44.4152243687 45.213375575 44.3169576579 43.4294895234 44.5995695466 43.2653301169 45.0363767697 45.6568408315 43.4119211415 43.2641362671 44.1888388907 44.4220954225 43.2558278329 44.3051850505 44.4151120347 43.6989791348 43.286541159 43.7204171929 45.4647192769 43.4779708347
0 0 0 0 0 0 0 0 0 0 0 0 0 0 0 0 0 0 0 0 0 0 0 0 0 0 0 0 0 0 0 0 0 45.4393575973 45.4682016152 43.0162874158 45.4266165925 45.1371984142 43.9014728529 45.1778277487 43.4797161474 44.5361809466 43.2926643685 43.3008275209 44.4080288995 43.5099801141 43.5122998401 45.7474110689 43.9513045982 43.1621675049 43.7519515424 44.687066056 44.7119116152
