Spatial_Output/90% DEC/90DEC_1406.asc
NCOLS 155
NROWS 192
XLLCORNER 196769.923733
YLLCORNER 449719.875193
CELLSIZE 27.603701
NODATA_VALUE NaN
[rows 138 to 160 of 192, columns 53 to 105 of 155]
32.7389222982 32.6949899453 33.1040026615 32.9595635803 32.8359196211 33.0076219827 32.7638343925 33.1808586753 32.5132965098 32.5285959964 32.8612687965 33.1911983099 33.1473576878 33.2021037826 32.6263668349 32.859870573 33.1212202575 32.877071412 32.8601882054 32.8691178505 33.1144411026 32.5555434789 33.1408135152 32.5877075755 32.9356421533 32.5742411242 32.5343133903 32.9329030337 32.8500887623 32.5451612813 32.7927455979 32.8572152148 32.9847944121 32.8674663529 32.9764637823 33.1637108092 33.0567821833 33.1845672478 32.6767901182 33.0317328452 32.8157680731 33.1058467 32.6415117241 32.5429179445 33.0982590675 32.6819927046 32.5564800364 32.5319706757 32.8066511226 32.7185546354 32.6205031015 32.9603268949 32.7883649396
33.1043691931 33.1960281731 32.9756316302 32.8365363579 32.8559571104 32.9535497312 32.6504283561 32.7553949227 32.9236487571 32.8815694335 32.8774000439 32.816406099 32.9467922673 32.9395106437 32.5597733318 32.9753591954 32.5949188537 32.6686902663 33.0466339501 32.763691183 32.9740077115 32.6515358201 32.8884413965 32.856491871 33.0620304735 32.6690901296 32.74019838 33.0849336047 32.8491260337 33.1935582018 33.0653350139 32.6670674306 32.5324131031 32.5382910495 33.0525850985 32.521292502 32.7888684629 32.8761747776 32.9854842622 32.5116968068 32.6890822829 32.7583066041 32.5860036155 32.7487453378 32.7627125334 33.1296425446 32.9185825581 32.9027318739 33.0743110988 32.7499120682 33.1717230129 33.2070489096 32.6697844258
32.914108423 32.9779224242 32.6831870045 32.8585872029 33.0752529343 32.6309093551 33.1075055259 32.5801248948 32.5622614677 33.061960491 32.9828346245 32.6776198568 32.6852315809 33.1319764283 32.5341283932 32.8718791868 33.0331415531 32.5255931438 33.1712791208 32.5150316298 32.9414670254 32.9537153009 33.1882063899 32.9907158064 32.9204090721 32.7260737265 32.6459515583 32.8332202931 33.0082873118 32.5279921919 32.8109899227 33.0094086311 32.9166315904 32.5211180779 32.6487077493 33.0401189896 32.9426958169 32.8707637589 32.7225985302 32.6544396595 33.006226412 33.1172372889 32.7233866296 32.9990149818 32.8705645306 32.9263231577 32.8753059961 33.087018851 32.7324157534 32.6993896273 32.8128640211 33.0569330334 32.934011016
32.7594502203 33.0447249218 32.6307521621 32.953571247 32.5909540907 33.0306452276 32.7561216837 32.5723711866 32.8029556513 32.9935676957 32.5758573462 32.9504118489 32.6740077808 32.84881137 33.0776031576 32.6352958761 32.6074902041 33.0465364396 33.0842434151 32.6230460092 32.7557463669 32.8377697846 33.0914893731 32.648596624 32.7225670069 33.0360275901 33.0975810142 32.6522843851 32.9165410762 32.6423238178 33.1361867216 32.553098046 33.0240987787 33.0356403102 33.1590242033 33.1812633754 32.5689270687 33.0421995401 32.5337649787 33.1126431068 33.0471384593 32.6438966623 32.7477994118 32.7352195032 33.0721794797 32.6056785659 32.9135084947 32.7622773017 32.9921820014 32.9812658759 32.9984474679 32.8688652466 32.7542941659
32.9989198657 32.5048178893 32.5659690717 32.524247227 32.7969319075 33.1163521068 33.1641520465 33.1683319472 32.6869402682 32.7167997923 33.1873633469 32.7024914916 33.0630784664 32.6785166808 32.6454342733 32.579867278 32.9711337579 33.1849391352 33.0510600389 32.927174876 33.0748577668 32.8296754979 32.5453958944 32.7851967857 33.0660413019 33.1421100692 32.8305818764 33.1510441678 33.1160686177 32.984251104 32.5834262359 33.0074420447 33.0783014164 33.139401248 32.6700305912 33.1158920594 32.6610225766 33.0729803492 33.1930705971 32.8427425056 32.9881767733 32.5375636837 32.920319997 33.1161213488 32.5401665944 33.0342179449 32.663247571 33.0944762875 32.9386809939 33.0662951261 33.0311885766 32.9597732574 32.9139923107
32.9492772018 32.9349750147 32.9788276593 32.7568180357 32.8101743787 33.0906773077 32.9503142811 32.9333864005 32.9603673408 32.5793952299 32.9694452167 32.8728482861 32.7322476898 32.5624699115 33.1840758146 32.9595286474 32.7832057653 33.1304024824 32.9803890123 32.591984955 33.0500018895 33.0013834032 32.6318828389 33.0665832679 33.0524741028 32.6939008512 33.0250085396 33.0404038456 32.7917310939 32.7469354368 32.953535388 32.5254363033 32.7986422875 33.0020060973 32.5900385223 32.9574276835 33.0582216943 33.0602786993 33.1745367641 32.6913466752 33.1335202347 32.9204388992 32.6513967517 32.9367486761 33.035967067 32.5319540811 32.899459332 33.0567009486 32.5646767642 33.0824528176 32.8850945727 32.9352710827 32.9715830536
32.8724273811 32.6567715602 32.6656853969 33.1373920487 32.67313549 32.8757851127 32.7855882728 32.9894578221 32.5857242665 32.6205216353 32.9218444667 33.1894674131 33.1378965297 33.0123520031 33.0261050559 33.0617630793 32.698433654 32.6619832212 32.7287500024 32.7118700517 32.6393743929 33.1091552516 32.7122658811 32.5703078179 33.1740227141 33.1937398528 32.6729799843 32.6502776652 33.0833880107 32.5165004984 33.001067587 33.1520299375 32.7138963634 33.1709142938 33.0166189169 33.1862191904 32.7477266256 32.7721533372 32.905879571 32.6728183256 32.6324527355 32.9471581138 32.6506055213 33.0601861071 32.9071864972 32.6720356921 32.7545601943 32.6540551625 32.6210374064 32.723629617 33.0728807048 32.7999794894 32.6942876147
32.8350266564 33.106162957 32.9962075741 32.7954388205 32.5581768853 32.8234397282 32.7399269698 32.6843857349 32.8118890999 32.8167113501 32.9022191969 33.0824965774 32.5939118849 32.5248868868 32.7681111862 33.2058133622 33.1713313309 32.7328735029 32.8230336292 32.7611611818 33.1684476956 32.6320217537 33.2037609066 33.0081209719 33.1234899955 32.5000350835 32.8883533529 32.6883018376 32.9247088948 33.0973758291 32.8303186868 33.0237296153 32.8010918278 32.7337576271 32.641231847 32.8759781286 33.0043998544 32.7036721043 32.7225117284 32.619505591 32.6813578702 32.9761473548 33.1451306356 32.8693690919 32.8167108095 33.0178224663 33.0949875729 32.9126137495 32.8598585601 32.8335213147 33.1213270772 32.848844886 33.0638424177
32.8460866311 33.0839318237 33.1616272481 33.0974513633 32.6437182293 32.8313542368 32.6630213054 32.9752194689 32.7215876911 33.1510053578 32.5483058284 32.8276463488 33.1611673056 32.9633349745 32.513126595 32.7197981594 33.0126697629 33.1533657053 32.520465382 32.6663482768 32.7694228787 32.6834100917 32.7134902838 32.7595835171 32.8388502537 32.6771957252 32.9170643375 32.6240728893 32.8665601613 33.0556993449 32.6040062302 32.731076495 32.8209665425 32.5857329997 33.1808396272 33.0997145871 32.5206699185 33.0892882118 32.9679828503 32.6817295142 33.0983212843 33.0540994539 32.6210037147 33.1834681713 32.5724050328 33.0797644394 32.9018057143 33.0703226823 32.8950974121 32.662123225 32.8275035515 32.8990397123 32.7359459577
32.7342748852 32.7393364172 32.6794247353 32.776018814 32.9014929765 32.8609027248 32.5764189384 32.7207745032 32.813665181 32.6671302088 32.9927879936 33.1030493386 33.132404481 33.0994137069 33.0448913549 32.9502137077 32.6277800622 32.5323106511 33.077055826 32.6394308471 32.8751205083 33.0890285049 33.0829184146 33.1464218524 32.5980937158 33.2051664436 33.1244029788 32.5194069195 32.7832019891 33.0264159135 32.8430383568 32.5876413361 33.187348329 33.0514997202 32.987475871 33.0130042294 32.8384487503 32.878915321 33.1460312363 32.6616898192 33.0126107731 32.6517519413 32.9939992766 32.7357322546 33.1741078798 32.9638492988 32.9803603114 33.0585015107 33.0581194813 32.6794404666 32.7527678958 32.6961096079 32.933150359
32.5976350433 32.6675453867 32.6863723965 33.0890687453 32.9407668671 33.0487864661 32.5652638905 33.1957920233 32.6928513916 33.0964262558 32.9981815652 32.8209597077 32.5247139042 33.1868689491 32.8805637688 32.7667726938 32.6670026568 33.2018225903 32.7644945586 33.1370329911 32.8730529704 32.6373978064 32.6290754538 32.9783943169 33.1852797318 32.8853754943 32.9602723058 33.0828532595 32.5403381151 32.5505655857 32.5438927932 32.6873706273 32.9304210212 32.7270013127 32.726200677 33.1330814785 32.6855426052 32.7525788754 32.9932081972 33.026729115 33.0744382524 33.004238642 33.1262337395 33.190819868 32.5025185447 32.7631660838 32.8711083128 32.5645583964 32.7929419084 32.8090850735 33.1955668541 32.5828873061 32.856946823
33.1572468087 32.9567087635 32.6314573578 32.7855671856 33.1683960267 32.5193923947 32.5633202656 33.0024551485 33.1375545896 33.1233784372 33.0147201013 33.0517030175 32.8012140285 32.8402307655 33.0505524244 32.9738711182 33.0304271982 33.0517359802 32.8507329877 32.5537107611 32.9412112351 32.6991621039 32.8362566652 32.8232702713 33.1953970181 32.8716378149 32.8427675147 32.7569475174 32.5152259604 32.9910357091 32.5551558579 33.099533556 33.1211000035 32.5084142516 33.1097460542 32.9333729085 32.7582258628 32.9771434904 32.5445047491 32.5509679176 32.9282190068 32.833795824 32.8204806294 33.0488139224 32.5981230293 32.6413457846 32.6981327909 32.6509258068 33.194347164 33.1975608917 32.6708533841 32.8625835773 32.5511786734
33.2053902589 32.6684223796 32.5079434139 32.5592458471 32.9272016411 33.1880635665 33.0262770568 32.7188344144 32.9290616365 32.935838318 32.6225636233 32.6468980682 33.1869004862 33.1163670216 33.1238221536 32.587456454 32.6578876771 32.624129777 33.1059514481 32.8598631692 32.6608132999 32.6702871882 32.7684137992 32.7765673571 33.0921318418 32.7950745331 33.159461059 32.545199885 32.8988403345 32.813833623 33.1598376416 32.6725297011 33.1273922357 32.6680273774 32.5749561799 32.6947691831 32.7091477268 32.5847641262 32.9172718809 33.1857547132 32.9016538436 32.6449109558 32.5535010966 32.9696414277 32.6991205615 33.0415668661 32.7468815935 32.7838995459 32.9347580978 32.7779138675 32.9596161476 32.8234052316 32.9180184618
32.7916306979 32.6668918142 32.5384504167 32.5054577675 32.5997951976 32.7299531727 32.5255919035 32.8003882125 32.8492975448 32.7385202178 32.6432857051 33.2051776974 32.7663516461 33.0553555015 32.8640245568 32.6762693384 32.6361883993 33.0595962067 32.7321972961 32.5245527482 32.7219528935 32.6900050105 32.9139483584 32.8481504475 32.879661927 32.8187647953 33.1357931653 32.9561080734 32.6008909134 32.6349059195 33.1672882578 32.5271437059 32.5446604888 32.5062538062 32.7115292277 32.691252841 32.6238404731 32.7757092159 32.9028783691 32.5917334759 32.5273863477 32.5384080348 32.508573893 33.1603225901 33.1067277893 32.7014763228 33.02650502 33.024289694 32.5971695336 32.5951658993 32.8196694281 32.7114441309 33.2049700325
32.7588752264 33.0262180927 32.9371099232 32.6479564232 32.7932134689 33.12309254 32.7469060963 33.204583646 32.8008372026 32.7880565696 32.5415814669 33.0352452036 32.5866970058 33.04699396 33.0684304153 32.9511130901 32.5142060455 32.9193383095 33.0080533757 32.5739991371 33.1944343782 32.5786146917 33.2033075414 33.1977227816 32.7640069884 32.8730265345 33.1467805326 33.1805297146 32.7175127719 32.9304581589 33.1152850633 33.1785829207 32.5079772916 32.5613904806 32.636053087 33.0242886343 32.7560859249 32.9360259613 32.6783685378 32.9655879515 32.5289300096 33.1817610653 32.7348790722 33.0770699832 32.923283052 32.9969738068 32.7971092635 32.7898658647 33.0223506682 32.91074278 32.9909882378 32.9088415871 33.1170407588
32.9147744251 32.9484084507 32.7479473956 33.1794635462 33.1554155886 33.1143145095 33.2025584708 32.9280520092 32.5591089994 33.0705641837 32.9764473436 32.778902158 32.8951414941 32.6519029591 33.1463221709 32.918053168 33.1238567228 32.9895242881 32.7556346232 32.5572142934 33.0958154144 33.080888756 32.5570867699 32.7418254746 33.0493768444 33.1492018517 32.6316311532 32.7401252072 32.7236873084 32.9003684585 32.5767526775 33.1607898136 33.1851291391 32.6483896844 32.6878742927 32.6173145171 32.9594634073 33.1470816792 32.6151724446 32.9424922358 33.1543583173 33.1282320331 33.1978053945 32.8600916494 32.5728714297 33.0251745718 32.9082797293 33.1225268309 32.6048110075 32.5729666252 33.0347525321 33.0299954576 32.5964738097
32.7553666162 33.0847724001 32.732930061 33.163108068 33.0765062721 33.0776500227 32.6120692882 32.9226936752 32.6442637716 33.0136744237 32.7082365671 32.942687121 33.1039389669 32.7179535829 32.9305492393 33.1444305106 32.5914557914 32.9502585453 32.6074479638 33.1567805412 33.0749138084 33.0607721892 32.531813027 33.021645358 32.6896667673 33.0036547733 32.7715750869 32.5167153933 32.9167956728 32.5058645674 32.8182095171 32.6157818497 33.0274992009 32.7738896697 32.8136827768 32.8452218283 32.7728307452 32.5484010883 33.0441117399 32.8786937883 32.8910262699 32.5596698576 32.900586467 33.1834381558 32.6937925943 33.1909796771 32.6997389752 32.561480088 33.0265524947 33.1113256983 33.0678495403 32.7817023953 33.1402294887
32.9998102076 32.9045102851 32.850099355 32.8527520903 33.1324491553 32.5977315266 32.8948032577 32.5443167908 33.1020410403 33.1537680675 32.8466536336 32.771715298 32.525954134 33.1309760886 32.8224429322 33.1853634619 32.7361840688 32.8638172985 32.6585199521 33.1998926001 32.7008545824 33.1681396136 33.0004293404 33.1789484868 32.6148799944 32.7580930355 32.7893019805 32.7825524728 33.1187869144 33.0945231842 33.1862248244 32.9038443865 32.7646428015 32.6187241142 32.8498326761 32.8828977338 32.6148308668 32.8446160493 32.8935911679 33.1471853267 33.0501037717 32.9605834461 32.6775129163 32.5392235524 32.5072711843 33.1426038038 33.0829865842 32.9968785901 32.9275950297 33.0381469255 32.5687403328 33.0451540485 32.6200893352
32.7327579797 32.9431123589 33.2039522795 32.8598948604 32.9352261422 33.062204297 32.5010603971 32.6642970158 33.0319271834 32.7660600001 32.8464207325 32.6476839828 32.8150042336 33.0103605119 32.6268479791 32.852708947 32.9368723132 32.7602705222 33.0942685516 32.5396951468 32.8457729348 32.6192801041 33.2016010621 32.5365130855 33.0544152553 33.1135040018 32.614355383 32.8435280523 33.1764642743 33.1532236948 32.7860216748 32.9980153671 32.9611101326 32.5095077804 32.976726287 33.0697160426 32.7425148462 32.6669023971 32.7177714628 33.0312560175 32.7434868692 32.9812930828 32.6966825187 32.8856952497 33.1986520535 33.1323597327 32.6796847872 32.5730685768 33.1977079027 32.7879808972 33.1208789095 32.6076066399 33.0585383977
32.8921103667 32.7224579937 32.8229870214 32.8787641118 32.7335103246 32.7667450315 32.7465752824 32.9900446051 33.1035045485 32.8479922495 32.6096480718 33.0850145535 32.8327534506 32.5856459782 33.1962347402 32.6405112196 33.0646371456 32.9532570928 32.682551057 32.7561840895 32.683381019 32.7965617217 33.1008630424 32.9298489951 32.5639534183 32.5052943226 33.0424049804 32.5144237189 32.8910485552 32.9698048775 32.8331059273 32.6342441995 32.632334319 32.6690564652 33.0851773025 33.1513611575 33.1825848659 33.0255021312 33.0253012901 33.0540103646 32.8772517131 32.9992024886 32.9300042822 33.1042687652 32.6476506255 32.5011968428 33.0137845678 32.6392504623 33.1359950696 32.5876704648 32.8323911035 32.9649937018 33.2052291164
32.5371184024 32.6809657602 33.0083211555 32.8577162333 32.595161219 32.8901498674 32.6462814903 33.0949549967 33.0064773649 32.7644289431 32.5915359906 32.5486446456 32.8382984496 32.9485185395 33.199541026 32.5703605401 32.966678003 32.7872456443 32.7974286779 33.0701353347 32.6970700794 33.0086711333 32.9983243646 33.1035134215 33.1111254127 32.5064022843 32.9802042981 32.6788545771 32.8543746033 32.9627960659 32.8771784205 32.6177283967 32.7813654608 33.0510156816 32.8085776315 32.6993788669 32.987546231 32.5164339605 32.8581359187 32.6172334 33.0696998156 32.7621384767 33.1282669739 32.6394421599 32.6081448854 32.79732095 33.0799420955 32.812431219 33.1171629939 33.1765652104 32.8980855722 32.7391217651 32.9527927867
32.6955507332 33.1044218421 32.6285923866 32.6162081478 33.171411495 32.6470798992 33.0729152693 33.1869981173 33.0953751795 33.1925735254 32.7676000635 33.1984279609 32.6953529566 33.1068380504 33.1472064416 32.7470481299 33.1063928028 32.5387539962 32.9911119954 33.0926758523 32.956664739 32.9970789642 32.861273382 32.50803497 32.5134529567 32.7170812488 32.9420173386 32.7219448107 32.549364271 33.174941214 32.7060484463 32.8655803385 32.8508373868 32.8450591605 32.6604450434 32.8537261235 32.6944946846 32.7429938621 33.1695789486 32.9474752619 32.9302160859 33.0442754929 32.5739108628 32.9948650767 33.1106834129 33.0610440805 32.5309485408 32.8803620527 33.0486590547 32.9238140513 32.8522429935 32.932425507 32.6507482395
32.74479768 32.8615478114 32.5732685602 33.1434792219 32.6679515723 32.6721257179 33.0106778792 32.8541463549 32.684044787 32.8081418114 32.9101869704 32.5899237608 32.658495183 32.6889477446 32.9299089065 33.0693160671 32.5069353608 32.8938201704 33.1315812398 32.5447793028 32.6453906096 32.952380771 32.8219859176 33.0669196835 32.8650777128 32.9438318431 32.8965907327 32.8044389688 32.6890685723 32.5479453913 32.6979905163 32.7484949673 32.6307634458 32.8737518558 32.6496656959 32.9242432936 33.0548910442 32.571338289 32.6777758176 32.7521937955 32.8984272728 32.9626615143 33.1102375802 33.1744988766 32.9560394315 32.8418866121 32.6550395679 32.5025997958 33.0065346413 33.0786399166 32.5954941301 33.0402678926 32.6529617619
