Spatial_Output/90% DEC/90DEC_0656.asc
NCOLS 155
NROWS 192
XLLCORNER 196769.923733
YLLCORNER 449719.875193
CELLSIZE 27.603701
NODATA_VALUE NaN
[rows 46 to 68 of 192, columns 53 to 105 of 155]
24.819336994 25.89856721 27.6561635726 26.9595371453 26.9829520099 25.0975239836 28.8718990701 28.3619888881 29.2268816495 29.3209114965 27.9107869883 26.5744810956 28.0143480271 27.8164457318 27.2838924723 63.0146420031 63.0146420031 63.0146420031 29.2368887262 27.6714805677 26.1336268139 25.7739566803 28.8270550742 24.5068478978 24.6966852834 26.3763603234 28.0018938691 27.9429330755 25.601658149 28.5490443236 25.4328721751 27.2668242976 24.9233674684 27.6010175064 27.6282637129 26.2181237933 24.6260402106 28.0745195702 26.5377214902 28.6346678347 27.2078078912 26.7781837911 27.3667955405 25.0998290669 28.4033219139 25.2622590822 28.7149679179 24.6839949084 25.8659790628 25.2372506843 29.1049098878 26.2564695147 24.9162509968
27.6546944153 26.1313902668 28.3322975572 27.9485799855 26.8390970047 27.8190784654 29.4187952561 27.2610825824 27.8048965337 26.2698247088 29.349055876 27.7056404821 25.3812843783 29.3036566721 27.4575246226 26.7798440811 25.040621964 26.0092427525 28.2886342456 26.9470105876 29.1816230164 27.4444773406 26.4151338578 26.0372659234 26.5488461489 27.3701742811 27.3615268215 29.3029657573 25.9713443581 28.1329981773 28.9360584778 25.9656097376 28.1948242039 28.5872052448 24.5208486183 25.7649779665 26.4320223172 25.3726031719 24.7472410974 26.1684174489 27.979839336 26.2246973009 26.8801376252 29.2049796059 25.3473592719 26.2222243374 28.9317659916 26.4537624372 28.9829452731 28.1826263744 26.5344890894 27.301711814 27.6175093985
28.2754668585 27.3472891839 24.6559916792 27.1787949223 26.3322936487 28.5294055053 25.0221880238 27.0835130448 28.4134607633 26.2628284082 24.8495002494 26.4223568868 29.0750244572 28.5233112541 28.025664616 27.4078273183 26.6246955942 28.3583752365 27.9331344758 29.2824318921 25.4848624582 29.2969059531 26.7203232365 28.9416309375 26.0746758609 25.1243296419 28.0808784108 24.7906271145 24.868241805 27.3599601265 25.3706530042 25.8853796064 28.3103326008 24.9110592074 27.267852956 28.1371006244 24.532683898 25.0758009655 27.8581774278 24.5003983128 26.6333052503 28.7671137513 28.2172430012 25.5926574321 28.8913692598 25.4001305246 28.6487856104 25.4407556123 29.1368537308 27.3174055352 27.0380589442 24.9754384101 25.0713015698
24.8778342414 28.1487459593 25.0068103493 27.3350544207 27.8352033889 25.1518957809 26.8083526068 24.6060916778 28.8594437187 25.5797078519 26.7909905636 25.7447817807 26.4452824335 25.7127587872 26.6398986058 25.7982603782 25.8274073472 26.6303031972 29.2483373872 26.7478821551 29.3930953055 25.2189457967 26.3546770236 28.2190813554 25.2516384586 26.1834902763 25.1251944006 26.7423806376 28.729296834 28.8617796668 26.5315367073 28.5634080541 24.7207329319 27.2429632003 24.9739405763 25.6304949036 26.0654531448 26.0094866734 26.1516216148 25.9420637121 27.1058511591 28.8512912837 24.9318599234 25.0935994214 29.2241334228 27.6700189342 27.2170359592 27.1362457368 25.2958158624 29.4237587839 24.8863018647 24.6402295051 27.702655925
26.6645284024 26.3209301417 28.4562174081 26.7409519241 25.0139494179 24.8371848726 29.0977693096 25.7364292052 29.0175245752 29.2418435459 27.0517072704 25.4229678174 25.1589466416 28.9248936603 29.4451092133 25.7921912302 28.0172029595 27.286653398 25.9346230228 28.1579681167 28.3294971798 26.7886803623 25.8458045393 25.0937542918 28.3410974111 28.6935631947 27.6169242856 25.2151668164 27.7466944393 28.5132275488 28.3970247117 27.3925238095 27.00850867 26.6103285678 28.4797512388 27.4580399711 29.2164950822 29.4348065871 28.1277441623 25.544304973 26.4554761851 28.7645037711 25.8095253915 27.0003645086 29.0197274488 25.6956223175 27.1423937508 24.9569015638 24.6379590369 29.4433865998 26.7673103751 26.897308079 27.9947043492
28.1086568431 28.3900716013 28.079079935 25.2353509331 29.3438514107 28.9654833263 28.4153170785 28.3263870406 25.0360539696 26.5573825975 27.2944502877 28.7023589279 25.941982616 27.975941261 27.7439809608 25.36139457 24.7066306339 27.8862680128 24.7246395754 25.8001601171 29.2118227081 27.8594327457 25.8980781586 27.962998082 24.9653600539 27.4406212542 26.217061688 29.2082493865 27.9150076258 24.9583384005 25.6603498847 25.8802851055 26.2788247149 27.5509412894 27.537820835 27.6734827873 28.9157460749 27.167256938 28.7963917551 29.1980189756 26.8218280044 28.6387160476 29.2536618993 27.3166627258 27.6281530337 27.5165344077 27.4321376971 28.2752337393 25.6764540716 28.0725555036 25.409763391 26.6703448542 29.1294231063
25.6839991349 25.9351947274 26.3992986335 29.2314366059 28.6830427544 28.3088980569 27.771952975 26.7992132535 28.272823503 27.4790483643 25.1325174194 26.3029672394 26.8392521339 28.7522813811 28.3086612123 28.5974702291 26.4997088425 25.4226262094 26.2329666304 25.8983613556 27.5601701676 27.6167045374 29.322179161 24.9519872895 26.3229275208 26.0950328124 28.7900377096 25.1021875796 27.6571815379 24.6407352497 26.008582974 29.273538306 29.1892690146 28.2505646447 25.7977484608 27.4483070937 29.3431032838 26.0385204821 25.7705113658 27.5261184979 28.0904271152 26.1304752813 25.1379904154 25.3676106174 26.7843410266 26.3904862589 24.8052582487 26.3258624529 29.2419449935 24.5440890785 28.7638213218 25.6351606656 29.2831141946
25.9844723591 27.7698314438 28.1212626889 24.9063991023 27.1129739992 26.0885443859 27.2673951415 26.2012133168 26.7633986727 29.3139511888 25.2833145583 24.5718440291 25.4374761978 26.4463620848 24.9703821337 28.9385164577 25.9428464694 28.4036504298 27.6395557777 24.7387411991 26.7529277176 26.4516864823 28.0939211831 24.6852840844 25.7111635237 27.4465898222 28.2341375286 27.270711996 25.9206381819 27.2534168897 28.942630554 25.4675973934 25.1929257431 24.6271538563 28.6320693905 25.1310138657 26.5739824245 28.7240096426 28.0564795539 24.5086619336 25.6047908925 25.6416172233 26.1048608165 27.1083614571 27.9866331338 26.75047395 25.2311876046 29.1209883288 28.0510202287 29.2157433477 24.5488691251 28.3318188314 25.5002637922
27.1148358379 25.8474205125 25.0928169328 24.7577593056 26.313067163 24.5332915165 25.7366216805 26.9452517452 27.6929437183 28.3121036032 24.5883823355 26.6135184455 25.0797064258 25.213676501 27.6044751307 24.5764389863 26.3582081439 28.9645610898 29.3914786116 26.770238523 24.651820589 26.6511911033 28.6011287774 29.2804313242 27.2876828308 26.5731215097 27.5368356002 27.1533848451 27.3233878477 26.7425448095 25.4661316285 27.9764690517 25.8622558781 28.9035584725 27.3275674432 25.4002006109 25.6359330812 27.6686781209 25.6902783086 26.5970586949 26.7653376295 28.2183885077 25.761200484 24.8980933107 26.669111849 26.2317948159 24.9510657201 25.8397751341 25.6686023033 25.6959914631 25.9705618349 24.6302805578 26.9942947373
24.5606814677 28.7915245647 28.0749713756 27.2677293591 27.9741236294 27.6010277943 25.8037651422 28.9548880098 27.3179742087 25.3857198323 26.63746425 26.5302440826 25.6319595437 27.9006272571 25.9292814468 28.0484915884 25.585189817 28.5101318015 24.6961665407 27.9946092256 28.9425762873 26.6343143582 26.554056793 24.6498925012 25.5603840454 29.4069489162 27.8937130983 26.4479944236 28.6712186306 29.4149526134 27.4139904188 25.3440848617 28.7865830656 28.8192948293 27.0108346391 24.75506177 29.2439504074 26.3056562563 27.3770832471 25.6068047828 27.5880288346 26.4683295879 28.1227544697 24.9897027059 28.2814575462 24.5492009178 26.8357039977 26.105506568 27.8344280335 28.4021039783 29.1291949771 27.4123276367 24.9633308719
26.0769847085 28.7481795504 25.1504347559 27.6721835817 27.1690252441 29.4296526927 28.2969126822 25.1278435591 26.2453616385 24.6563229926 29.2841481125 26.6967390699 24.8724294835 26.8046544987 28.0826948086 27.6372390342 27.2161206938 29.008598513 28.8705994076 26.0044106277 28.1612138768 26.1359226517 27.2797033348 28.8315914543 28.1213910351 24.7300801745 28.0892490902 24.6835902833 26.4464844394 28.3056502998 25.3983005277 28.9684848744 26.2075790636 25.8289781182 28.7576611208 28.103248038 25.7392549019 26.3914165921 28.9756629273 24.9148337509 29.1741920828 27.3107385655 26.6377779475 27.2786638227 25.8170232619 27.1769208012 27.5764254092 28.4637163208 25.7623980787 26.5555636989 28.9736594144 28.5285619354 25.6678968342
25.8033128432 29.2431433609 24.5884789809 28.9423491317 26.9183423485 26.3369965024 28.0585538566 25.0175003031 25.3580695049 25.5406375095 25.4693767202 25.6416437304 25.1449767803 27.5530269712 26.4008955001 25.8628169425 26.1279207356 26.8087959634 25.952129404 27.4161106341 28.7481216814 27.5419589978 28.1466477028 27.6115082852 25.1781281904 28.6974816939 25.040854134 27.7755432879 25.7762818426 29.1959106072 27.3202268087 25.5289350613 27.3404513648 29.2606052175 28.2314741547 26.1514726424 24.9139221838 29.3717911406 24.8013631692 25.3035322102 28.3057521669 27.5610606929 27.9434746917 27.4296785059 24.9821414178 29.341550375 26.4355529268 27.9237707437 28.3589642235 28.3902757294 27.5566182933 24.5288688107 24.8012956764
26.7205417802 27.6484382665 27.1166315966 29.1405761894 24.5387902132 26.2354052252 27.4514007468 26.8084285324 26.1952311135 28.5266038955 25.7578769705 26.1461673291 27.6153067452 27.573303524 26.4485394247 27.3401344583 29.0778239552 27.4394112287 28.8991546312 29.4149309459 26.6313296717 27.6410793662 29.0730299175 26.3743214391 27.6899615789 25.3857633625 26.9369901948 25.4335071212 25.5666385081 26.5639169392 26.4200223978 26.4308764412 24.6713995292 29.168564267 28.2531979216 28.5009946466 27.2110213042 25.6346160781 26.8510701101 26.7781748003 25.13502637 24.9192544315 25.9337634368 27.9172928719 26.9235435508 28.4363660296 26.6804690118 28.0821300552 26.0397997336 26.379918351 24.9609659512 26.4553431904 26.7935483487
27.2898394097 28.0933236176 28.5000818678 27.5333277044 25.6029433158 24.8569394525 26.2042641896 25.6697058735 29.0502652371 28.6084962711 24.739599019 26.4259125461 29.1714153967 28.0927338573 26.3606104734 28.4192374828 29.3571841664 27.4462989542 28.8913543127 27.8899979091 27.8954542228 29.0780881286 26.7979965941 24.829474134 27.1447724225 28.6177304696 24.5756599334 26.4167769958 25.0171573712 26.4837934315 29.1661776812 27.2861238222 26.5704925487 24.747796545 28.5187212635 25.0005184534 24.9383910582 26.2013649873 24.7888246873 28.7436878005 29.0098668201 24.9834253438 28.7093252526 28.8849523591 25.3701789188 26.612313361 27.0633298192 27.7062286762 27.9899584544 25.0491063351 26.3344195562 25.6818612534 26.1872453188
25.7412893177 24.7283062601 27.1821432267 27.8817674561 28.7002478711 28.8257200691 27.6448487305 26.6511351505 28.2124983476 27.4055295778 26.2960195773 26.2790831151 25.9719361642 28.36474977 29.3402505303 26.9178023149 29.4208025287 27.7268093027 26.2893122952 27.6441838024 25.2055912315 25.0883333767 28.2002225702 25.1716553734 25.7565472213 26.4577956621 25.4559246731 28.632367192 25.3007562685 27.000301698 27.1666820222 26.2911618166 24.9336943989 26.7356171052 26.2187968419 27.2785681544 25.5993048837 25.539055405 28.0134022481 25.9403080638 27.8801308686 29.3598457587 27.175103154 27.9791111915 27.7807111205 27.0852199278 25.9577241159 28.4966636612 25.0714189013 25.7646619517 26.3446546628 27.8833918954 27.6206114206
28.387067994 29.1902408221 27.2445364971 25.4068741392 28.0211059878 27.6509325959 26.0761702817 28.3193609014 27.4258910029 27.2233183192 26.0972265536 26.1046191816 28.7981341771 26.8653945094 24.9852214909 28.413311588 25.4339163178 26.6970319833 25.3666998385 25.2770628214 26.1908965414 24.8970498603 25.8221898648 28.7240697257 28.3522689583 28.7682766829 25.724036335 27.2359209824 25.2225284531 29.2673675468 26.0194260792 26.2540816607 25.6934912719 27.4723344387 26.5336078277 27.3209259048 27.2032543179 28.3567351327 25.0311496749 28.9829130526 28.4848049528 28.0558463478 24.7060076136 27.3891207308 24.8023064949 27.0109196211 24.9274332485 24.8410431421 28.0154443668 25.3480746157 24.5973078253 29.2897739207 24.6374986525
26.8831552591 25.6713446386 28.2195052912 28.198584848 28.2595032046 26.6492389653 26.7207186548 28.7542911741 26.514165228 29.0943886482 27.7533206366 26.202666264 27.7483021481 26.1881869218 27.87442179 27.2110703791 29.0148978723 25.5112103849 27.7547357997 27.3042110798 28.163792761 26.8478985625 29.0360441245 25.8262958508 28.1652908279 25.3773543494 27.4673518776 29.3520170999 26.6115570788 27.8665073346 28.5442271589 25.2337497553 28.4149027879 25.3086325826 28.1951464255 27.8679585085 27.1835968302 28.5786749676 28.4360640993 28.9381108202 25.4335556058 25.3346310724 25.1065734397 28.5816265844 27.0858171508 24.8398801184 24.5977370579 24.5620973809 24.8526762268 26.9697363146 24.7321430619 25.7007638564 27.5549943971
27.1720176248 27.3562435473 26.3346066531 26.0084656144 25.5504990982 27.4394469454 26.8762570174 24.9881594356 25.7602129695 25.8289869961 28.68634217 25.7574017167 25.8809982721 28.1340813072 24.9613491074 26.8867142251 25.8144264833 28.894254394 25.6888267352 26.907554277 29.1119021375 26.467639021 25.5622740861 28.3309894036 28.8860139236 25.4986377333 25.2455583402 25.0687759116 27.4147394109 27.1118732932 27.5127076573 26.3457989691 26.5439146791 28.5620763795 25.6648537878 24.6914534623 26.8262647583 24.6072341591 29.0923031103 29.4067654618 25.3205642416 24.8679595145 25.5374610935 25.8992751024 25.9914534083 27.4464418104 28.6886719867 27.9554421991 27.1679109154 25.4376562399 25.8874658564 28.4501370551 28.0192064124
26.4780286476 26.65360776 25.176203333 27.4844899153 25.248262072 27.6221045917 27.1767618197 25.3365375952 28.8622553653 25.6533322995 26.6340111086 25.0361761705 26.2968700509 29.1984494246 27.9458281136 26.3435447775 28.6455553908 27.1725039431 25.0826900143 24.5710879592 26.5816035507 27.8265410402 27.7058194454 25.2420600773 26.0162333237 25.9644022468 24.8883416499 24.706932364 27.1497943985 24.6271983471 26.4147086705 27.8155107573 26.6273682592 28.4267981194 24.7169781398 28.3050939458 25.8159680166 24.8424933746 29.3573480793 28.9027076692 27.387375858 28.5035405179 29.1624951134 26.1183014269 28.0179346883 29.1696641357 24.6823187342 25.9506460164 27.5500230578 25.0760145814 29.2763054182 28.9562684255 25.6411412295
27.4339027123 24.8337122078 28.1269477458 24.6160485434 26.113389637 24.9863893806 26.8387333307 27.7466899094 25.9744080903 25.9981555953 27.0818065872 24.9971468948 26.1381606421 26.0325997888 28.8372132231 26.3224005318 26.0764547208 25.809329546 29.135498889 27.4093422797 29.0502510841 27.7848971945 24.7245745404 28.8871245921 26.4407705444 25.9250613298 28.3612814642 25.1660874708 28.7988928348 29.3224074778 27.1144707738 26.3136037381 26.9861875484 25.0553917605 28.9980869929 26.4778143812 25.9617482921 28.8036104561 24.8679524369 29.0776801551 25.8948577231 27.4438948195 28.5514906073 25.4222666991 27.8924510092 25.8686594963 28.4871526502 28.3005859488 25.2800214519 26.8118641214 29.4131916166 28.0558727283 28.8253055861
28.075269601 26.5780082632 27.2519147428 25.9655895499 27.6923921083 25.1641783724 26.9464559363 24.8210609198 24.7096670241 26.1039119037 26.1622386661 26.4173665437 28.5487581188 27.1589196318 27.9979476407 26.9195771863 26.3001753551 24.6717789461 24.8922360782 28.900185613 28.8119066684 26.9076695222 25.9189604833 26.6783131638 27.5974500202 27.9832795873 27.3285973805 25.2629684708 26.8215883153 28.2468210205 26.6170899655 26.4017779317 28.9531390136 24.8153182392 26.0488095978 25.3235872604 24.5459774833 27.5752771418 25.3990178472 28.9568019669 27.4934248277 27.4772658857 25.6220078257 24.8955839073 28.4438863071 27.6831368775 28.1317499502 28.9974858454 27.4430771921 28.0714631707 27.5823724112 28.854395009 25.7248043564
24.8058331339 29.0780101781 25.3976126185 29.3022333286 28.6928634214 27.524360871 27.8647698061 26.0870616851 27.8075731021 29.2253147492 25.1378459746 26.8463653635 28.0756760792 28.9225979799 28.058876651 28.4336902661 27.0674757463 28.9072876261 27.236251989 28.1121277433 27.4091821037 27.7484466727 26.408819161 27.9367797423 26.1570369108 26.7386524486 26.4947422737 28.7048071665 27.0879388384 25.9129385327 65.2970622846 26.6931791045 24.5799322184 25.6842420877 25.6084522813 53.7643825179 25.9130535809 25.7131478075 28.4641779066 29.1778118206 28.3690650737 26.3173811261 29.2236727166 24.7870934301 28.3957981093 25.3234276756 27.141962896 26.7504591052 26.2985391825 28.9738824239 29.3932055749 25.3891282037 27.9615799761
27.0609100243 27.8894456108 24.9799968499 27.7923944934 28.3625673773 25.9410526931 25.28556906 28.660155174 27.3254608929 28.4895664199 27.7472454763 27.0225133882 24.9162956794 27.8420680008 25.055486131 27.6492234152 25.289063257 28.1090800221 27.3098558498 27.6429632135 25.6133815164 28.1009823184 29.3725342204 29.4226884079 26.494187814 29.3790921167 27.1270755238 27.7100069722 55.8247506516 67.2593125457 65.2970622846 65.2970622846 27.6069197161 27.7424939403 28.3104878637 53.7643825179 53.7643825179 25.2551786558 26.0881067143 25.5236455059 29.1345586528 29.116047482 29.0355881646 28.3573334794 27.9570774913 24.517484401 25.9096688639 25.0109574485 25.9630801497 28.2961227851 25.0110977139 27.9089721674 25.8426336241
