Spatial_Output/90% DEC/90DEC_0776.asc
NCOLS 155
NROWS 192
XLLCORNER 196769.923733
YLLCORNER 449719.875193
CELLSIZE 27.603701
NODATA_VALUE NaN
[rows 115 to 137 of 192, columns 0 to 52 of 155]
0 0 0 0 0 0 0 0 0 0 0 0 0 0 0 0 0 0 0 0 23.3749378745 26.597531669 24.273538182 26.5135499428 24.2321375128 25.6109245472 25.0003906959 23.0521514671 23.5923008286 25.0429588036 24.3773945194 24.3933986986 25.9500258617 25.8086579892 25.0951076335 26.0975090177 23.8971060952 26.5605094518 24.7771937307 26.5732332936 23.5526502184 23.1848341884 24.4370906517 25.5253610231 27.178001389 25.8874534399 25.7853228426 24.040688505 26.3294982663 25.2647620007 25.6537352939 23.6105598271 25.6130415072
0 0 0 0 0 0 0 0 0 0 0 0 0 0 0 0 0 0 0 0 23.6372015577 23.107144476 26.4129902379 23.6795692634 24.1474656158 23.9378057865 24.7026250434 23.8319692944 25.5992893213 26.4473130089 25.3468642944 25.847602366 25.3589952089 26.5489011952 23.529072842 24.2793363364 24.4960165766 25.1474081781 24.8434596289 24.4456570021 23.5087599975 26.1360379137 23.2016408054 24.3657843655 24.4867589808 25.999632041 25.9604065335 27.1846402663 24.3653959385 26.1938898449 23.3851364401 24.0624240972 26.766533457
0 0 0 0 0 0 0 0 0 0 0 0 0 0 0 0 0 0 0 0 0 26.9246966445 23.7774431705 24.3861912131 25.8794097898 26.2255426657 27.093971342 23.4953671136 25.6561883239 24.7105639921 25.4055487846 24.4552013472 25.0784028359 27.1557498353 25.1416351336 24.8289773812 27.1521329135 25.7003872479 25.2897205279 23.7523882503 25.212310587 26.0168366408 24.5407033894 25.9087843622 24.1855225557 25.9137277278 25.6465953909 24.2559755949 25.2515400972 23.6939306924 24.9310569245 25.6934316006 23.7380937047
0 0 0 0 0 0 0 0 0 0 0 0 0 0 0 0 0 0 0 0 0 25.8012727456 25.3092608033 23.1721128665 26.9719373896 23.885761207 26.962816897 23.3586605756 25.5674964102 23.3682916334 25.1223363201 26.7357036896 25.2474808625 25.8427641727 24.3102770899 23.2936017477 23.6830325982 23.2675951207 23.2128121878 25.7926223538 26.5052224379 23.5925568685 25.3100193316 23.8938471498 23.7897891699 24.9751541169 23.2779789869 27.1312774367 25.1337048537 26.5550833638 23.6135271776 26.952150671 25.4038445344
0 0 0 0 0 0 0 0 0 0 0 0 0 0 0 0 0 0 0 0 0 0 26.7902372254 25.9272724685 24.2300765837 25.1637221538 25.2478095072 24.2200460923 24.0432419352 23.5240323095 26.2275069698 26.505746485 24.4932713384 25.9817147882 23.0897604851 25.5408523481 24.4021233339 25.1291957113 23.2177519986 23.3675965627 24.0991257509 24.6812819556 25.3380524138 23.5295688741 25.2928877905 24.6406712191 24.6568756129 25.516738286 25.5570104018 25.6799557491 26.7478283905 26.3303367559 23.2663123228
0 0 0 0 0 0 0 0 0 0 0 0 0 0 0 0 0 0 0 0 0 0 25.4319681898 23.8986464253 26.7942064257 25.4662195638 27.1844087953 25.8136931598 26.7784906339 27.081043185 23.348142983 24.2202023162 23.0220288231 23.334773646 24.320900886 24.9532145622 24.3063381024 27.1097292352 24.6500299789 25.4492571863 24.5487722735 24.9873602524 25.5895124607 26.2116817734 23.6961982716 23.614247982 23.6006761155 25.9964252479 26.1800094679 26.3727933894 23.8125650738 26.7392556258 23.1741835503
0 0 0 0 0 0 0 0 0 0 0 0 0 0 0 0 0 0 0 0 0 0 0 25.3936458156 25.361927082 24.7442389369 24.9911199339 24.9321503034 24.5267123971 24.4004749558 25.3493391036 25.6108344456 26.751648905 25.0191034391 26.175138709 26.1856314432 23.9282857745 23.6127383837 26.9588451158 26.6548488836 24.6688395944 26.6100365206 23.5560713344 23.0487417056 27.1445937444 25.772245784 23.6334814097 24.2873015617 26.1891728832 26.6600210377 24.8003508058 25.0790539739 24.259538556
0 0 0 0 0 0 0 0 0 0 0 0 0 0 0 0 0 0 0 0 0 0 0 0 25.7722667639 23.8527469496 24.7774265389 24.671977293 25.5977433674 26.951269848 24.0551845458 23.3566844943 24.1828002714 26.9165036311 23.1176857974 24.8089144897 25.6127481905 24.1570297606 24.071663067 25.6190051968 25.2712792257 24.7782624792 25.6871925031 24.1856050704 24.747999293 25.959801045 24.1649405281 24.5547746106 27.2379794562 26.3015522342 24.5455475092 25.6617566999 27.2368549764
0 0 0 0 0 0 0 0 0 0 0 0 0 0 0 0 0 0 0 0 0 0 0 0 25.1164596377 26.0185218476 25.8507422738 25.1985282732 24.7607281147 25.9527296511 25.1404452444 26.6455435985 26.0458321669 25.7657857988 25.404547548 23.2959187026 23.9974380746 24.2209441588 24.3241386113 24.0477368439 25.4536018273 23.5881595206 26.3714008738 23.3934198326 25.9505276084 23.3498997672 26.0136598222 23.702212805 23.5694683862 25.4739797692 23.2857783235 23.0042769018 23.1951499826
0 0 0 0 0 0 0 0 0 0 0 0 0 0 0 0 0 0 0 0 0 0 0 0 0 27.019966736 25.7464295407 25.5794319865 23.3692215809 26.2185768967 25.7915004692 25.6084828636 26.4592332498 25.0759600227 27.239627653 24.5947930353 24.9572947014 23.3020096091 23.4031069159 25.8862269603 25.889269555 23.8279013748 25.6625941252 26.4506859384 26.1654240724 24.8298212887 26.7321338328 26.365080383 24.5754160414 26.3367535697 25.8814736559 24.9556713174 26.3987947675
0 0 0 0 0 0 0 0 0 0 0 0 0 0 0 0 0 0 0 0 0 0 0 0 0 26.3141463117 25.7342522407 27.2088469607 26.4383855398 25.5432088222 25.0167431493 27.1643994807 25.8080696513 24.5159028551 23.4765477132 23.991523253 23.1513205139 25.845084749 24.7115874931 27.1354071038 26.3021917927 26.1675785665 26.3521092899 24.6526251816 23.8109674592 25.3134647919 26.4531228173 23.1887697588 26.1080952167 23.0623676272 25.6220513581 26.0771341193 26.6126509084
0 0 0 0 0 0 0 0 0 0 0 0 0 0 0 0 0 0 0 0 0 0 0 0 0 0 24.4353127084 24.2425224886 24.0677612972 26.3207077653 25.8434031912 25.8345491787 26.5459519891 26.6152107641 23.8849993335 24.6108537301 24.3522613303 26.7478498777 27.1347566581 23.1871134217 24.3232080615 25.7037291486 24.0253715551 25.3810889757 26.7968320385 25.5501297589 23.5097337264 25.1647775526 25.1466290984 26.1040406369 25.3095867322 26.6397529058 24.3949680291
0 0 0 0 0 0 0 0 0 0 0 0 0 0 0 0 0 0 0 0 0 0 0 0 0 0 26.8001077752 24.1524157229 24.8030138268 25.7634210789 27.2216199591 23.0722582159 23.192857402 23.4998880321 24.1833083138 26.3443845412 26.7529079523 26.5937989505 25.4352560748 26.095142714 24.2247402671 26.7243975074 24.2548759252 23.7036978404 26.8170605894 25.3454018356 25.4891222147 27.1869848041 23.7986050513 24.8605457763 26.7021851843 26.1086484127 23.9284263466
0 0 0 0 0 0 0 0 0 0 0 0 0 0 0 0 0 0 0 0 0 0 0 0 0 68.9900707502 68.9900707502 23.4481432601 26.2704544876 26.1896155997 27.0858391944 26.4036246003 25.4271129476 26.135793503 23.2950558274 27.0654546927 24.8285582152 23.3396990264 25.6013670975 23.9366218839 26.6021159856 26.9835666443 26.7003601829 24.296484653 27.0771235993 25.4703116772 24.9310555806 25.2090278126 23.6794658818 25.9372571902 23.7143744869 23.6871729323 24.8430172727
0 0 0 0 0 0 0 0 0 0 0 0 0 0 0 0 0 0 0 0 0 0 0 0 0 68.9900707502 19.3734801949 19.3734801949 25.7103896321 26.0345970683 26.0172736987 24.9111673607 26.5401831531 27.0800084486 25.9157197299 23.4383365347 25.0618239115 23.4335559842 24.5515496485 26.8681990849 25.8888983763 25.4329847169 26.9179509459 25.7953400728 24.2423555836 24.9307533093 24.262589724 25.3222341772 23.931515486 26.8000332913 24.8855850321 25.2673684253 26.5859630082
0 0 0 0 0 0 0 0 0 0 0 0 0 0 0 0 0 0 0 0 0 0 0 0 0 0 68.9900707502 69.2456416257 26.5891540411 23.3831125761 24.7313905645 23.72744708 24.9499198056 24.8268085598 26.8393967605 24.0917813804 25.9632266631 25.0446046689 23.708926962 23.9699359438 25.6570013675 25.5789331482 25.2761370793 24.6496618616 26.7155094981 23.3272426007 23.6733109735 25.2172102554 23.8386662447 23.7829453251 26.5792078317 23.6804584068 24.3744634344
0 0 0 0 0 0 0 0 0 0 0 0 0 0 0 46.1270668745 45.9142029645 41.9984731075 0 0 0 0 0 0 0 0 0 0 0 23.4352526139 24.7560040748 24.7424883524 27.055610281 24.1389100308 26.6447536598 25.3555753242 24.1756763544 23.2388963953 26.4089337275 23.2880281586 26.950390662 23.5266968779 26.9066801953 25.0148078175 26.4176413616 26.9840582851 24.461070374 24.582403005 26.1158924871 23.3515353487 24.8228958141 23.5972513395 26.2550240142
0 0 0 0 0 0 0 0 0 0 0 0 0 0 0 38.9651768983 35.8272713393 46.4966993206 0 0 0 0 0 0 0 0 0 0 0 0 25.2946351062 24.3219324632 24.807203188 27.0450351166 23.5009362823 23.3996322733 25.0595095793 24.4251476395 23.7788724475 25.8926448331 24.7142011294 23.5568603875 27.2317130239 27.0899394193 26.0171020175 25.7524857272 23.4749228327 24.856649339 24.376410148 23.4581096759 26.4573441789 25.5103893632 26.5474718502
0 0 0 0 0 0 0 0 0 0 0 0 0 0 0 42.166409647 44.7882496324 45.7889819527 0 0 0 0 0 0 0 0 0 0 0 0 23.7994833512 23.2289337016 25.7911550768 27.1352223824 24.4407785873 23.2283330809 25.6362502348 25.7459901523 25.7649302175 26.1057594482 25.5919448244 26.0488590166 23.8149903366 25.3047397566 25.5730695269 26.2447201245 25.0116288664 27.0397609261 23.5459397924 25.3644461856 26.6036500016 25.8577196926 23.8928537332
0 0 0 0 0 0 0 0 0 0 0 0 0 0 0 0 0 0 0 0 0 0 0 0 0 0 0 0 0 0 0 23.4496330796 23.2349728301 24.9045720132 25.1536638356 26.1380750096 23.041093879 26.1009501092 26.189805109 26.1786073114 25.0628118228 27.2418609134 24.2068693609 25.5163762633 26.8627884397 25.7872403675 24.0373194136 23.0315831356 25.7115907832 24.3578280689 26.5655384793 25.4374633487 25.726904288
0 0 0 0 0 0 0 0 0 0 0 0 0 0 0 0 0 0 0 0 0 0 0 0 0 0 0 0 0 0 0 0 23.2613510905 25.9797701674 23.7892841436 24.9477474832 24.4382178921 24.7406171975 25.8673946749 25.9001733448 23.9678924276 24.6956158742 25.658059625 25.9192636612 23.4173485692 23.5041440756 23.1620837867 24.2602612456 23.9842081181 26.3141890287 25.2120663603 26.3031056124 24.9245406726
0 0 0 0 0 0 0 0 0 0 0 0 0 0 0 0 0 0 0 0 0 0 0 0 0 0 0 0 0 0 0 0 0 24.0998260536 25.9540129157 24.1994567962 27.1797005958 26.1545810061 26.8711366572 25.0103626127 27.0270133774 24.4494264889 25.8513469914 23.049205446 24.1802090518 24.8458228298 23.6714479672 26.368766766 25.6588205756 26.7885707673 23.2330807754 24.130776665 25.3297494387
0 0 0 0 0 0 0 0 0 0 0 0 0 0 0 0 0 0 0 0 0 0 0 0 0 0 0 0 0 0 0 0 0 23.9264989515 24.7093007279 24.7032694174 24.0863677653 23.375616127 26.9302110457 25.4280830148 26.5355183267 25.5867727703 25.7140486577 24.061055246 26.9769661942 23.8121261189 25.176532453 25.9006629031 24.0700339407 26.0622015029 24.5156710071 25.4009720743 25.9034482165
