Spatial_Output/90% DEC/90DEC_0428.asc
NCOLS 155
NROWS 192
XLLCORNER 196769.923733
YLLCORNER 449719.875193
CELLSIZE 27.603701
NODATA_VALUE NaN
[rows 23 to 45 of 192, columns 0 to 52 of 155]
0 30.6588696155 30.6612217193 30.7825363335 30.8749398105 30.508271858 30.5753123578 30.7351892325 30.7555897877 31.142411711 30.6652252531 30.6082303279 30.6413980011 30.885196661 31.0419575393 30.8370752182 30.5182608792 30.851130745 31.1831705514 30.5173169295 30.6555891805 30.6700315945 30.9716424387 30.804555809 30.763127041 30.8619685052 31.0347703116 31.1331460867 30.6133314678 30.7789558003 30.6090031253 30.8117202053 31.0541860358 30.828976286 30.831832268 30.7363266559 30.8354456236 30.9327409144 30.6564784168 31.1963902516 30.849280061 31.0554682297 30.7317896806 30.7661947088 31.0879478802 31.0107576342 30.6842308468 30.5941831684 30.9089919811 30.9964391852 31.0637626972 30.799959713 30.5622607713
30.6339305886 30.956033201 31.1038645251 30.545689335 30.6613899211 30.6278638472 31.0469608887 31.1230239637 31.1994049565 30.865230416 30.762206625 30.7701147998 30.8375312686 30.9684629944 30.7498619438 30.5227110916 30.9541016038 31.1897293983 30.855918819 30.6311297156 31.1032266121 30.9034551127 31.1251819088 30.546646306 31.2037072962 31.1555723199 31.0309076318 30.9897661794 30.8245608945 30.8586557741 30.8488377817 31.2057662406 30.7123404967 30.9928760967 31.1399967525 30.9564860199 30.98416269 30.6450038772 31.0815975137 30.8444558259 30.5440841823 30.6639904529 30.9750025623 30.6846192432 31.1927406708 30.7034808975 30.7926007395 30.6423014697 30.69141963 30.7604227424 30.7922342992 30.9472941548 31.0461213578
30.6080638179 30.5766606958 30.9923752797 30.9601279712 30.8468378711 30.6685736381 30.9021872995 30.5262062446 30.9125189027 30.7633432891 30.5241439321 30.7727536826 30.6086896631 30.6609205077 30.7745996663 31.0550322415 30.5709174096 30.7970253779 30.7887143175 31.0647565593 31.2067544979 30.9882782477 30.666470809 30.716189156 30.942215751 31.0955452184 30.7021140371 30.8270134455 30.5084610534 31.0114647295 30.7126225246 30.6897282874 30.9394524816 30.8667616118 30.8147659668 30.5920676393 31.1173440754 30.6504658618 30.730479431 30.9587411917 31.0577992934 30.649216942 30.9741844257 31.2046889106 30.6629580824 30.9759873392 30.797087568 31.022805291 30.7257337741 30.9044826964 31.0166848491 31.0934184744 30.5772513511
30.5279676448 30.6409909712 30.9823086928 30.7184104258 30.9430111473 30.6349592866 30.7841353686 31.2004812977 31.1829508942 31.0677931956 30.8182216621 30.9753628469 30.6279173449 31.1806666906 30.5403854734 30.8188083088 31.0723655314 30.9043893149 30.6364175345 30.6693956974 30.7173519579 30.5458434628 30.8478093141 30.9381776442 31.0566925322 30.8839132216 31.12351956 30.831332852 30.9171101229 30.9248486422 30.6973973926 30.6358499462 30.7734240232 30.5206293657 30.8094403953 30.6194646151 30.7076166891 30.9395711566 30.5035413991 31.0032450149 30.7068553722 30.5077187279 31.0955676107 30.9289550646 30.578609704 31.0347835445 30.5507407394 30.6849201912 31.0770579835 30.5362539298 30.5178081779 31.1928393156 31.0130570765
30.7221439533 30.5796364399 30.9118016175 31.1550829152 31.1278282192 31.0288137328 30.8183982408 30.6656743914 30.8694739724 30.8696238439 30.573862651 31.1603392991 30.7428455207 30.7999543131 31.1574040663 31.0451678103 30.9550350672 31.0838847533 30.5945694181 30.7739264321 31.0237036814 31.1321500601 30.8266555495 31.0459723495 30.6742021219 30.5889764527 31.1288743906 31.120910355 31.0840141292 30.707119765 30.5210942851 30.5684657971 31.0027740993 30.8868720908 30.6774509292 31.1358394669 31.0207101378 30.9605107513 31.1089929774 30.7850177578 30.5982721339 30.6126394707 30.8067965627 31.1925529376 30.9044049429 30.991341835 30.8537953344 31.1409238812 30.7955191631 31.1861829037 31.0127723594 31.0689305627 30.6361984996
31.1977418441 30.8915250755 30.9906009711 30.7420918873 30.7287381225 30.8661240815 30.8114025609 30.9762683639 30.6703723356 30.712385039 31.0368624143 30.7355662401 31.0052423134 30.8006619389 31.0344775871 30.8153904677 30.9146559356 30.9257305039 30.7957927823 31.0991738542 30.8471164205 30.8366453264 31.1650489868 30.7575409819 30.6922219022 30.7924772019 30.7486514759 31.1286841487 30.6186889952 30.5811106003 30.7781351397 30.9635405347 31.0963179453 31.0250666047 31.0380223844 31.0054523158 31.0466856959 30.5008616639 30.5577064748 31.1799895206 30.8915123575 31.1810831976 31.1977597922 30.9722636216 30.5170326142 31.1426917024 30.5796081667 31.1935697836 31.1094032297 30.5843618196 30.7881313875 31.1159711312 31.1822577879
31.1108096581 31.0890495221 30.569036329 31.1268177342 30.7826762675 31.0504836753 31.1415399348 30.8449544855 30.6873932054 30.8684963728 30.7719951227 30.8112554354 31.1708707583 30.5053115418 30.6550041972 31.0810261198 30.5451721438 30.6504651869 30.9964651506 30.8209614515 30.5560615565 30.732880655 31.1751382194 30.8013787412 30.7872195039 30.9058535454 30.6825037908 30.8057704405 31.0865978962 30.9578345539 31.0622089915 30.8878348979 31.1216674008 31.0815498474 30.9708132065 30.9420385304 30.7368962181 30.5584795732 30.9802051958 30.7365595355 30.9511831166 31.1918331897 30.9608251742 30.8465562116 31.0192432933 30.6165305932 30.7751560861 30.5978618412 31.1015353248 30.8298793162 30.9507073948 31.0437073232 31.1666216631
30.9686668639 31.1615575601 30.6762476268 30.8695688459 30.9872077682 31.1185841404 30.5938842894 30.6796589226 30.5885671124 30.9374969894 30.9542353961 30.9338006259 31.1138356981 30.9863385959 30.9847525239 30.5587761119 30.9766268292 31.0466129914 30.8446908432 30.9824840584 30.9579463577 31.1372774582 31.1076995994 30.5401686046 30.9277080173 30.6383808931 31.0672080996 30.6853172878 30.7296073695 31.1968152928 30.9267951758 31.0479557569 30.5180253573 30.5162219596 31.041592156 31.0041561021 30.7794943103 30.7579376387 31.0212140128 30.6516486181 30.7256413462 30.9104032822 30.7208834291 30.991314439 31.0988240922 30.9079872595 30.6750782231 31.032490174 30.6621782229 31.0390664977 31.168761695 30.7931733017 30.5948330836
30.6641822187 30.8399633864 30.9953036395 30.7780384174 31.1413798537 30.9780110955 31.0461973437 31.1723178603 31.1229715321 30.5938449288 30.891407852 30.9750614836 30.8366532152 30.6274369263 31.0624269544 30.5028226664 31.0742223386 31.0375257483 30.5482167491 31.0889337216 31.1737733085 31.0988666741 30.8145903528 30.8836557968 30.9980128978 30.594340269 30.9796822701 30.7568508346 30.7422093366 30.5331401786 31.0868460419 30.7369155315 31.1705439945 31.1611366557 31.0941069065 30.9450034785 31.1241125816 30.5008281254 30.6454190704 30.5213938989 31.1430506858 30.9663613237 30.5646247464 30.5892582879 31.2056960624 31.0385944891 30.5688477953 30.5647674309 30.7686822499 30.6547817945 30.5043671362 30.9758386514 30.7263755137
30.7566470558 30.5524031005 30.5817745152 31.0283222987 30.9188991235 30.5911813795 31.0771352741 31.0870748656 31.0991692479 31.1033961139 31.075305364 30.650050734 30.542730329 30.8466827944 30.9465826174 30.8800352453 30.8244833784 31.0014642864 30.6308357129 30.7180992453 30.9676300102 30.5495595314 30.9196212215 30.8021032664 30.5444438967 30.6529713144 30.6935454717 30.5938948238 30.5006920732 31.0305694435 30.7600684101 31.1112433467 30.5879151394 31.0667475392 30.9573646052 30.7526519879 30.8784447852 31.1602587037 30.5687766665 31.0381927965 30.6066980126 30.6074764436 31.0085386392 31.1453269711 30.7624630024 31.1389923562 31.1276531746 31.1303370609 31.1179095359 30.5141806504 30.621421964 30.9149062607 31.0870739102
31.159903743 31.0381741091 30.5997788601 30.8545592267 30.6404953233 31.0477008788 31.0875634248 30.8395056634 30.6938019752 31.1373784786 30.9546694113 30.5227758317 30.711302882 30.7137260791 30.5374667823 31.1200237036 31.0898884216 30.8750003767 30.6263604116 31.0967354265 30.5560333417 30.9332228407 30.9256001961 31.0002920576 30.7354032768 30.8746642649 31.1533831204 30.8537718902 30.7583743387 30.8565370174 30.608287023 30.7227732273 30.7352860351 30.8325400283 30.9871881069 31.0419070811 30.5042907737 30.9087806068 30.5509048518 30.7108278799 30.6006284676 30.9231229251 31.0735842695 30.6704257982 31.0184656919 30.7011040724 30.5848689146 31.0797225882 31.1234716408 30.5425507692 30.9111534646 31.156039115 30.9156313467
30.6016609003 31.1495548427 30.8199862571 31.073177035 30.9865968486 30.7448386176 30.6244868279 30.9777004488 30.9673111459 30.6108969564 30.5187849662 31.1227907525 30.9084398833 31.1320634873 30.5169498797 31.0152187449 30.9172012609 30.9129074268 31.032655767 31.1839956624 31.1526141873 31.0997578494 31.1564613334 30.984243971 31.1769961979 30.9105862525 30.6386274447 31.0747601382 30.9200457986 30.5115124049 31.2046243717 30.5697151782 30.891927849 30.7370807781 31.1047912915 31.1990606979 30.6472463435 30.9892999846 31.1003151089 30.5941235197 30.6170111406 30.6157568216 30.8737878944 31.1880121292 30.8192795736 30.5285180689 30.7060695995 31.1629207093 30.6935501449 30.858245531 30.9275357882 31.0167516982 31.1685879631
31.1501248935 30.6847519385 30.6875736631 30.8811039581 30.5577963662 30.9111295408 30.5506087217 30.9298322496 30.950018776 31.0296084455 30.7648516169 30.6218374727 30.9318319295 30.9865471689 30.8761161164 30.7315093204 30.5495604559 30.5105262 30.9261011322 30.9447347103 31.0496102192 30.8752167204 30.9425122833 31.0689378032 31.1323513812 30.7259355804 30.6489665461 30.9925399182 30.6568167651 30.5921985828 31.0365552902 30.9570992554 31.185959417 30.6918390851 30.6724500684 30.7495089873 30.9309214394 30.9608841573 30.8828418572 31.0963566142 30.8765513503 31.077195504 30.6182333572 30.5100661492 31.0934366226 30.6800796349 30.7636820373 31.0374988226 30.6514629124 30.9291688761 30.9570598001 30.7723147721 31.0525549398
30.7326379509 30.8828385677 31.0613292853 30.9344895063 31.0503872932 30.9808700495 30.9783687541 30.6766056568 30.9439080457 31.1941813648 30.9300024201 30.5918014444 30.7908914024 30.9461137057 31.1224196173 31.000668211 31.1921027852 31.1285455162 30.7411051337 30.7156783549 30.6024060022 30.7469951083 30.8007122771 31.0116257635 30.7408952086 30.9154214917 30.7525946198 31.041558361 30.6677056897 30.8233668687 30.6541291027 30.6207546491 31.1986401796 31.2044906762 31.0930809422 30.7082185924 30.6171155317 30.5532329234 30.7708791933 31.019860527 30.6441836362 31.0440930596 31.0109075078 31.1758885303 31.1741842519 30.6209315661 31.1660307391 30.6935944465 31.1583689312 30.5838823498 30.5482082837 30.9987263969 30.7899045809
31.0023028275 30.8568900032 30.5551782656 30.7930164015 31.1359879038 30.824312934 30.6002245395 30.6775712959 30.8650490088 30.8887580122 30.7034678126 30.959079672 31.0644824672 30.7884805754 31.0614281742 31.2028939638 31.0498736323 31.019918582 30.6286276979 31.1602021483 30.7750423379 31.0907650101 31.1849699218 31.1392503376 30.7962956518 30.5066147528 30.5890974561 31.0744956491 30.6141162452 30.5115739865 30.8722991268 30.8869399542 31.1895871562 31.1436136992 30.5179067109 31.1555809782 30.8137784489 31.1771166107 31.189485533 30.6349238313 30.9302288144 30.7250888084 30.7230453351 30.6690834311 31.1317717094 31.0528172651 31.0710417427 31.0862126373 31.2054761128 31.1125052482 30.9668065377 30.913001367 30.718305836
31.1171419965 30.515097118 30.855906086 30.5382167689 31.1615241189 30.5929659727 31.1603106697 30.8656760187 30.8849570572 30.6984635384 30.7024819294 30.9380194247 31.1444914489 30.8886876813 30.802976546 31.0167607854 30.5905319774 30.5928541783 30.6881275487 30.6536699654 30.7938968431 30.6600935643 31.0550009239 30.6837597784 31.1076161706 30.9568979717 30.7651512526 30.930553932 31.091127141 30.7293613049 31.1969939766 30.8501088946 31.1904351053 31.0017757299 31.1009034251 30.6936214131 30.6300362077 30.9431166639 30.7279318842 30.7324287961 30.9251049301 31.0827652274 30.7495269782 30.5456716749 30.7353317884 31.1485176594 30.9123950807 31.0364378646 30.7045612876 30.7610188188 30.6970838475 30.8810892619 31.1732141548
30.9678307249 30.60864045 31.0364789509 30.9296886776 31.113343356 30.5700430417 30.881536396 31.1382619277 30.9976961348 30.8984109201 30.9467368163 30.6487773778 30.8144768241 30.7326272635 30.5735963473 30.9248566432 30.7029821743 31.1962805172 31.0676302085 30.7223191528 30.9651673771 30.6602397636 30.8230655411 31.0124156915 30.9060857913 30.757078717 30.6741578165 30.5739350713 30.9667916226 30.5796383078 31.1133116876 31.0263502676 31.1724118003 31.0831015332 30.5690252795 30.5163570567 30.9020502821 30.711092154 31.2030219318 30.8765415318 30.7265846092 31.0521862421 30.8485791556 30.9248562029 31.0089082413 30.6658642827 31.018636492 30.7002364911 31.169790087 30.8278704043 30.9831791311 30.7911517036 30.7585592534
30.6030105323 30.960825722 31.0266473006 30.7572258087 30.6679370385 30.9208105739 31.0665660683 31.1361888894 31.1925167052 30.7210974812 30.6722307428 30.6811560421 30.7503213429 30.6960299151 30.6462745625 31.1554717991 30.6985437738 30.5971212447 31.0023852054 30.9717610491 30.9650793875 31.086341511 30.9709127092 30.6634661919 31.0410955654 30.97730319 30.8740998106 30.9941380698 31.1138627756 30.9274246032 31.1937268222 31.1278309898 31.0762895208 30.8476731778 30.9368180098 30.6256007392 30.787722272 30.8899261366 30.6136354681 30.7413127557 31.171297599 31.0816489297 30.6877227573 30.844086133 31.0132728667 30.6658079969 30.6086859782 31.1041998142 31.1480710184 30.9387814509 31.0002024707 30.9367602838 31.085507791
31.101750475 31.0033236609 30.8345143927 30.5706439191 30.850478581 30.9393523963 30.523791975 30.9007530323 31.153720471 30.7331740641 30.6597450495 30.81244052 30.7697815072 30.9767796075 31.1832148134 30.9843756338 30.8297380283 31.1264041665 30.9623427854 30.8248619509 30.5068197967 30.8463319333 30.5362094794 30.7649491519 30.565235494 30.6562219076 30.7108283877 30.8982146556 30.8940404396 31.0520668434 30.5660507753 31.0749508442 31.1831500736 31.1128364596 30.6789256795 30.515634476 30.712803358 30.6761196485 30.7273763077 30.9293780244 30.5561484087 31.1546091624 30.684403707 30.6014221136 30.9137973301 30.8935623853 31.1251545494 30.8040472339 30.5468338497 31.1179798589 31.042445411 30.8700448372 30.9370931195
30.899638463 30.9021637397 31.140868958 31.2033271824 31.049211679 30.8942553264 30.5791456086 30.9949138247 30.6387524562 30.6922883456 30.5888117716 30.6350816172 31.0520265051 31.1274086436 30.6114212907 30.865622295 30.8065473871 31.0736710312 30.9916495862 30.8980046648 30.9841086465 30.9948797305 31.0422757054 30.7828658344 30.9215882461 30.6700934862 30.5687974185 30.6339357397 30.7729897512 30.6370720775 30.9473929207 30.9769730289 30.8677274582 30.9242549234 30.9331607846 30.5506752201 30.6883249982 31.1969509655 30.5332134498 30.7837213351 31.0133647252 31.1358629755 30.8417089811 30.5129873084 31.0203083961 30.5578195001 30.9166032097 31.090665837 30.6130586696 30.523734896 31.1316498265 30.5779686863 31.1751579459
30.5381236375 30.9540546155 31.0135487266 31.0894432178 30.9419001413 30.8472103775 30.5297001744 30.6497295121 31.0089337131 31.1711606878 30.6574369457 31.1342845881 30.5602244354 31.2031744856 30.5692977376 31.084813837 30.8754906745 31.0075133605 30.9483429123 30.9449613387 30.9051639342 31.0913311774 30.6652590164 31.0690541425 30.9820026963 30.6456051483 31.056486809 30.6139660304 30.6865787134 30.9920382897 30.5128821383 30.5859446518 30.5958559145 31.1289852542 30.7832271757 31.1677023841 30.8281105701 30.9856179017 30.750351374 30.5293907618 31.1662511349 30.7817587407 31.1797959974 31.0271331284 30.5701243994 30.6741334942 30.7985641524 31.1923279991 31.1509673458 30.6147922443 30.7411666531 30.9757691051 31.1190557908
30.7560509912 30.5823419259 31.0247792947 30.6412587161 30.7206900783 30.7619572308 30.7291894089 31.1938344949 30.6537565252 30.9935033086 31.1891509622 31.0948193803 30.9941854616 31.1412800349 30.6026044136 31.0689820471 30.988802316 30.7502807864 30.9017146955 30.5995402426 30.9571446093 30.942456366 30.6033360886 30.6983808359 30.944159953 30.820801279 30.9727146396 30.8825973772 30.9951995317 31.196167332 30.7456932968 31.0538465885 30.8658212954 30.625425329 31.074486157 30.5671749267 30.5960439086 30.8027821167 30.7937083514 31.0499028699 31.0071975248 31.0352653237 30.8284843611 30.656331458 30.5401435674 30.5536360277 30.7802625367 31.1954977991 30.8906454101 30.7950301646 31.1218873886 30.6334422049 30.6145790435
30.712513617 30.9030403677 31.0873345798 30.7750923384 30.7996195071 31.0385941538 30.6457742738 30.7566861788 31.0975772294 30.8962478088 30.6182862867 30.7281732088 31.0121404036 30.5937192829 30.7206926437 30.8137056332 30.7758060129 31.1970882989 30.558066401 30.8330755559 30.9794012978 30.9678956785 31.0232325564 30.7583670035 30.8435660429 31.1203651222 31.0035355663 30.8796987117 30.9192778108 30.8174268631 30.8025073576 30.9207474022 31.1074884419 31.136001352 30.8782770452 31.0570752404 31.0018282497 30.9000843773 30.9647997245 30.7998324153 30.520112028 30.8853161479 30.6683293379 31.0402866755 30.878471224 30.7590908684 31.1176167148 30.9740261124 31.1833434253 30.8607776431 31.1162785988 30.8577412242 31.0204843391
