Spatial_Output/90% DEC/90DEC_1011.asc
NCOLS 155
NROWS 192
XLLCORNER 196769.923733
YLLCORNER 449719.875193
CELLSIZE 27.603701
NODATA_VALUE NaN
[rows 0 to 22 of 192, columns 53 to 105 of 155]
25.2411124812 24.3169293609 25.1296808629 24.2920608267 23.8423310591 23.8586893562 25.2873302555 36.3773488295 41.3631297144 40.0162974156 25.0843148082 0 0 0 0 0 0 0 0 0 0 0 0 0 0 0 0 0 0 0 0 0 0 0 0 0 0 0 0 0 0 0 0 0 0 0 0 0 0 0 0 0 0
23.5721332667 24.9600937839 23.7648224854 25.1962756895 23.6849513953 24.2546888257 25.3556745879 36.9355459334 34.5947919763 32.2670916181 25.1472329996 24.0914033279 0 0 0 0 0 0 0 0 0 0 0 0 0 0 0 0 0 0 0 0 0 0 0 0 0 0 0 0 0 0 0 0 0 0 0 0 0 0 0 0 0
24.7860376145 23.7670652397 23.8517027995 24.5876096938 23.7356106751 25.3602387222 24.6928943366 35.7005829957 39.9927457925 31.5898295399 25.3381202077 24.1524288125 0 0 0 0 0 0 0 0 0 0 0 0 0 0 0 0 0 0 0 0 0 0 0 0 0 0 0 0 0 0 0 0 0 0 0 0 0 0 0 0 0
23.9817640686 25.4378672486 24.0640728557 23.9313937827 24.0162057453 25.0586336875 24.9908620702 24.1196376034 24.6968236381 24.6440725318 24.8707261285 24.4159699325 25.1109846842 0 0 0 0 0 0 0 0 0 0 0 0 0 0 0 0 0 0 0 0 0 0 0 0 0 0 0 0 0 0 0 0 0 0 0 0 0 0 0 0
24.4109172234 23.5986478735 24.5982560148 25.2972589857 23.6265190563 24.5419127824 24.2352719335 24.176451362 25.0211606447 23.8942703421 25.1768709055 24.5597856587 24.2207733102 24.8247994776 23.9757035704 0 0 0 0 0 0 0 0 0 0 0 0 0 0 0 0 0 0 0 0 0 0 0 0 0 0 0 0 0 0 0 0 0 0 0 0 0 0
25.1061107817 23.8339210685 24.6543520665 24.0281625205 25.0339466223 25.4086932318 25.5204055489 25.2498004846 24.8466548013 24.2633895246 24.9897813519 25.5636563155 24.0914534747 25.1594946581 24.9799916524 24.183915072 0 0 0 0 0 0 0 0 0 0 0 0 0 0 0 0 0 0 0 0 0 0 0 0 0 0 0 0 0 0 0 0 0 0 0 0 0
24.5942546769 23.5127078113 24.0165673353 25.177038955 23.5742923898 23.5634526847 24.0115390207 23.8311061042 24.2079449841 25.2195396275 24.6678144299 23.5010787076 25.1157205995 24.3862359034 25.0673586996 25.5134657991 24.2803002948 24.3175912656 0 0 0 0 0 0 0 0 0 0 0 0 0 0 0 0 0 0 0 0 0 0 0 0 0 0 0 0 0 0 0 0 0 0 0
25.1657240113 23.5399371347 24.303455803 24.7088273584 23.7846382206 24.579908932 24.1790385415 23.7321932089 24.0216842867 24.8093650176 24.4628518294 24.0179913582 25.0944401313 24.0717988753 25.477627804 25.1739857023 24.7965837191 23.773318825 23.881906514 0 0 0 0 0 0 0 0 0 0 0 0 0 0 0 0 0 0 0 0 0 0 0 0 0 0 0 0 0 0 0 0 0 0
24.7521138557 24.3866370773 25.2512457457 25.2412289006 24.8538580098 23.7431083581 24.8650512504 25.1726639417 24.341761468 23.9863768183 24.8823261821 23.8554799774 24.4464133044 24.0062035481 23.6488748216 24.1169799077 24.2494582268 24.9928756777 25.61998088 24.7395452149 24.7334646827 0 0 0 0 0 0 0 0 0 0 0 0 0 0 0 0 0 0 0 0 0 0 0 0 0 0 0 0 0 0 0 0
25.2456992338 24.1014701113 23.7848532862 24.7192417964 24.4290457896 24.7150449661 24.5131958204 25.208326151 24.2423865399 23.7836200894 24.3385216016 25.566444837 24.409535194 24.7398293605 25.1728927968 24.8365847114 23.8126197714 24.5485715908 24.7916148358 25.0602039625 25.3101804936 25.4743896412 25.0292474615 23.9254450264 0 0 0 0 0 0 0 0 0 0 0 0 0 0 0 0 0 0 0 0 0 0 0 0 0 0 0 0 0
24.501706195 25.5988692672 25.5689217815 25.5929299451 24.8970516578 25.3514049274 24.9143648587 24.0341096937 24.3707949491 24.9908351444 25.5550092221 24.2206965985 25.3327468795 24.2280078056 24.0137338498 24.474477341 25.1135778954 24.2297180437 25.5300553914 24.0800151734 24.9239621313 24.5288701031 25.3045320262 24.1381061857 23.7959960804 24.617899068 24.9129084095 24.6121583933 24.1909439392 0 0 0 0 0 0 0 0 0 0 0 0 0 0 0 0 0 0 0 25.0577286456 24.7255220615 25.1957260098 24.5328821307 25.2072166929
24.7015446437 24.5969887191 25.0192929656 25.4598950098 23.769487921 23.6313145391 23.9881145985 24.7820504041 24.8591819355 25.1419750328 25.2014950217 25.3100874602 23.8201982199 25.467138423 25.0301372287 23.9647915622 24.5988601357 24.881008217 25.0600394415 25.599448962 23.6607551565 23.7654397721 25.5623500574 25.5160711409 25.5438205989 24.1811318975 24.3571511881 24.2059192059 24.1737309889 24.2417264984 25.0016963256 0 0 0 0 0 0 24.5930767679 25.2300824304 24.7811092564 24.9139327393 24.9902106291 0 0 0 0 0 0 24.9701584453 25.2439969072 23.7036040436 24.9299412067 24.820423752
24.346046151 24.0337999308 24.6039393565 24.0898709871 25.3092102538 23.8213367292 24.5133534082 24.5465330544 24.6926123091 24.4335028623 24.0367039042 25.4626407955 24.1774633945 24.5895975974 24.1047521049 24.7951105257 25.5242307961 23.6396748109 25.0371920771 23.7017382326 24.9796955238 23.6800010777 24.7262810358 23.6513205969 24.9975816822 24.0470985956 23.5350368963 24.7565580345 24.8551554383 25.3051769533 23.5529537799 0 0 0 0 0 0 23.7268198192 25.0209333084 25.2258574963 24.1879168867 24.4410447593 25.5917258031 24.3667293126 25.3698972113 0 0 23.8255752387 24.816157849 24.6357915278 24.89395123 23.8960701535 24.1144830641
25.4064608052 23.6467993525 23.6346122412 24.43032824 24.2473868439 24.7505894988 24.9012186886 25.0880341213 24.3231156975 24.1805210845 25.0107931485 24.7528211743 25.5465090739 25.4512114562 23.7291855044 23.5078183386 25.136598047 25.5545728312 24.6540968592 24.9990182875 24.9650865338 24.2844545401 23.7814807791 25.2987626624 24.6595376842 23.8316499859 24.1032975345 24.9946320987 25.5736292688 24.5715408296 24.5091692829 24.7255615582 24.8615232393 24.542427501 24.2857838024 25.5134679709 25.4833019641 24.8753319621 23.7970408364 23.6402314122 24.0501170034 24.0942096396 24.4157144075 25.2146242366 25.5886462164 25.3151451165 23.959807597 24.0467304861 25.1715550209 24.0589913663 24.5386468068 24.1874801216 24.2956081537
25.4111141401 24.246397676 24.8064572853 24.8499957901 23.8889925792 23.7889272523 23.8195460676 25.2557066279 25.183092996 24.1784544024 24.7000087279 23.9508968853 25.5122220297 24.7084780266 24.9911007254 25.4922714801 24.3263220744 25.2023095528 25.3092960681 24.1606690651 25.489230967 25.4461637792 24.1778092707 25.5797590727 23.6316520961 23.7623688491 24.80374105 25.1239738907 25.2277591954 24.5579086605 23.6076146286 25.1462975997 24.8266641835 23.8523007152 25.2798780881 25.4124301844 24.8819022541 24.6177318255 24.0624320057 25.1961862878 24.444281223 25.4901702452 25.1217644395 24.9033516807 24.2358773514 24.4821397845 23.8249095773 24.5585569993 25.3361307886 25.0066769774 24.5581197349 25.6111557898 25.1748713801
23.9429690024 23.7379381424 24.1439499835 25.6019452162 25.3873354879 24.2792366354 23.6910451993 25.1147290486 25.2143605205 25.5849615657 24.6829677822 24.7200661458 25.107977501 24.1519624724 24.8061130108 24.3864493937 24.1676327041 23.7670287434 25.1133546787 24.8602328159 25.3257468514 24.4437944167 24.5483576659 23.705108694 24.4168770512 24.966008106 25.2545931638 23.7575855499 25.380412515 24.2656850762 24.1343488912 25.3819319889 23.8956912606 25.0809519188 25.5261912415 23.8082367776 24.8378086945 24.5733676609 24.8599856237 24.2948039601 24.292033524 24.9174486559 25.1171821359 24.2991797526 25.3575411454 23.7349928522 24.2891349204 24.1307122211 24.6603830832 23.9813645816 23.9198500029 25.1665104066 25.0265218422
25.3984978455 24.8075317797 24.1260966739 24.417452751 25.1015483492 23.5824046161 23.8153418591 25.2318850407 23.9004171552 24.8850755085 24.114644068 24.9677295456 24.5847429049 23.7615128717 25.3130933396 25.3540998365 24.0906899518 23.5741316151 24.7893241455 23.6227808348 24.5744568983 25.0851435229 25.6078883337 24.010418696 23.5214882621 25.1907217378 24.2309073321 24.3388507629 25.3542760961 24.391809862 24.821906572 24.9327401993 23.7517233584 24.0265306992 25.5008168412 25.0470217474 24.9965890929 24.6082956376 23.6563821789 24.8597041906 25.0261386725 23.6123240062 23.583939031 24.1427025881 25.5243123789 25.1774635788 23.9749814361 23.9684855082 24.4076561331 25.304872539 24.1055358766 24.1198889047 24.7883161418
24.9213394642 24.4667983884 23.5848376574 25.181807041 25.1299995663 25.3519717548 24.7145608608 24.8684146358 24.2315006666 24.7410631152 24.3904406514 25.2423587406 23.627823876 23.7912632735 23.7595891823 24.0261346431 25.2152372806 25.389266582 25.1921689647 24.8393744166 24.6255109663 24.5949052307 23.8940574633 23.8419135101 25.499562892 24.6703443885 24.3115332777 23.9934839742 24.9037852972 23.6457806525 25.5843659551 24.6101383114 23.7654532057 25.0932446245 24.0334467783 25.2089016054 24.4345583796 24.25742805 23.5780327693 23.9033202574 25.1970880242 23.5461205791 25.3838574864 24.3489908842 24.767538711 24.8966089015 24.1884951274 25.0352644936 25.4345560886 24.2466330668 25.0580501056 24.1514892977 24.2572559749
24.7655201172 25.2237907857 24.1578807198 23.8568873773 23.6036503347 25.3416229363 24.3111732984 23.8372981952 24.5970293424 23.9292138667 23.8564915511 23.7329258925 25.3216311238 24.6285728739 25.336989256 24.6231806922 23.5815691541 24.4641076145 24.1286422048 24.3221384457 24.6305980669 24.5022104713 24.8409716901 23.6008613043 23.5810004981 24.5843424794 25.2768428354 24.4228928413 25.1449780785 23.7720258901 25.5839513355 24.296671891 25.1852200652 24.8735192611 25.4343040357 24.9063208258 24.4594776727 24.6772652825 24.4628427125 25.5567030043 24.0418940918 24.7552962565 24.5177623833 25.2490295396 24.9717807101 25.5163139016 25.1184921405 24.4761228086 24.4235558821 23.6938331167 25.1301776002 24.4915852127 24.176191029
23.6578193002 25.5412999472 25.5304225133 25.3720281554 25.1152876917 25.5555762668 24.1102501904 24.1438761098 23.6439894233 24.7971538895 24.6367249824 25.1203954453 25.5001739215 24.02658304 25.1779047582 24.8501632653 23.8765377473 25.3158814167 24.8450083574 23.6569982675 24.5355198148 25.6008944529 23.987417179 24.0264326596 23.91169777 24.7414747216 23.9175028274 24.0067518793 23.7847055916 25.0981866655 24.8171221833 25.4243533656 25.4286721101 24.3695278361 23.5678491458 25.0351946329 24.9395461429 25.2473391689 25.0562781433 24.6984669301 24.6993519659 25.5745565078 23.6159533716 24.7727777104 23.7768497183 24.3224184765 24.7891697264 23.885489336 24.0853092725 25.149396689 25.1587567123 24.9294362524 23.6469842086
25.04036931 24.7995777439 23.6864341888 24.285155653 25.0884409676 24.2499770372 24.9651666489 23.7134028902 24.0203837682 24.1135214446 24.9277844924 24.1374208248 25.5720358925 23.8453827574 24.3356434531 25.2282494001 25.19962278 24.0926478178 25.0740237998 24.427789788 24.9832413893 23.574423835 24.8884126726 24.4688409322 24.1526655557 23.6942356308 24.3947370484 25.2580853081 25.5271320866 24.5129121716 24.4564954222 24.6857291681 25.2947889347 24.3329262348 23.7470021899 24.4961985346 24.6859478357 24.2214004493 25.0012292128 23.9504150219 24.0569203853 24.7148689341 23.8381006494 24.3786120225 23.6474146849 24.7194328438 25.009569584 23.7446465191 25.2458780629 23.7825916965 25.1205450322 24.2826297212 23.5133891511
24.5889216418 25.2337294018 24.4327874408 24.8205821298 23.9510346286 24.1652267366 25.3640477314 24.1619229328 24.3476732212 23.6407090095 25.4418783214 25.0439589915 23.9588242043 24.464381371 24.6638871197 24.9428245632 23.7531471113 23.699227123 23.6330235565 25.146122093 24.2308712557 23.5574026383 23.6074674567 23.5644474398 23.9863217188 25.3223788222 25.36886161 24.8203507327 24.6952770048 24.6527898713 23.9043286566 24.2066528031 25.3721742891 25.0447796565 24.7971770277 25.046703322 24.4540230445 23.8667964996 25.415780268 23.7147932521 24.7820330676 24.6927631829 25.4530432899 23.8156626112 24.9589517197 24.8132420699 25.5632225003 24.7236926616 24.5348442791 24.8178618043 24.6045750607 25.5208759972 25.3375032018
25.6048154503 24.7927498022 24.0773710584 25.2968487802 24.7499521034 25.0709347876 24.4857789967 24.9339316837 24.9385736913 25.406549703 23.8389815026 25.1917399104 25.2172710001 24.4271109639 24.3430069008 23.7815736462 24.807359503 25.0840227841 23.7896424404 23.8674150085 23.8684987621 25.1987615289 24.9087687724 23.9482323782 24.5943177434 23.9417526868 23.9049216503 24.6676929815 24.2302694345 23.7408047597 23.8882791018 24.1281449151 23.7008850838 23.6243503019 25.2279198273 25.2525840176 24.8647489541 23.8083775038 25.1155650567 25.1878759326 25.3132536505 25.4279349622 24.165864951 23.738188795 25.0838412171 25.0323577309 25.5422022166 24.8991625938 24.255030322 23.9611856043 24.7261161563 23.7910955506 24.6426769486
