Spatial_Output/90% DEC/90DEC_0371.asc
NCOLS 155
NROWS 192
XLLCORNER 196769.923733
YLLCORNER 449719.875193
CELLSIZE 27.603701
NODATA_VALUE NaN
[rows 115 to 137 of 192, columns 0 to 52 of 155]
0 0 0 0 0 0 0 0 0 0 0 0 0 0 0 0 0 0 0 0 31.6830930818 32.9664013488 32.0804316498 32.3756132526 34.0275976765 32.9476649818 34.2227889422 33.2963390087 33.8501968974 33.8632894925 31.5504620586 33.0623013371 31.9434511868 34.0899820845 33.9356890233 32.985421109 32.343285606 32.3525289104 33.3610506383 33.4341606052 33.291601557 32.1717506493 32.9049744494 33.7399119763 33.765838833 34.9958590553 34.1027124261 32.179015895 31.5722097438 33.8455859622 33.9189601311 32.6330184822 32.5921645008
0 0 0 0 0 0 0 0 0 0 0 0 0 0 0 0 0 0 0 0 31.9195558667 32.3481267409 34.326521346 33.1229844392 34.6163010978 31.6953368863 32.6996185322 32.437982868 32.5888296625 34.5960200676 34.486407853 33.532024857 33.1114154804 33.0695336431 34.3975906955 31.6485732397 32.1050747957 34.9602105558 32.243870297 31.962854908 32.3290697692 31.7320958032 31.7253824629 33.3661349542 33.4540909675 32.4938228552 34.464515354 33.319559491 31.7393213543 34.0837645913 32.0615894978 34.9100245809 32.3587404535
0 0 0 0 0 0 0 0 0 0 0 0 0 0 0 0 0 0 0 0 0 33.4133286173 33.7474485041 33.37695083 33.2118955849 32.6611112071 34.8056974715 33.6674570111 34.5172979557 34.6114262623 31.663078814 31.6592055769 34.7066212935 33.9655439617 32.5680300897 32.9685286604 34.8863109528 32.6630602118 34.7522703111 31.6534094754 32.9165089333 33.1977418686 32.8769122818 34.9292129658 34.9488960487 34.3105143722 32.7064642404 31.7165440429 34.0260237648 32.3302408058 31.7118960955 33.2612008412 34.4720513326
0 0 0 0 0 0 0 0 0 0 0 0 0 0 0 0 0 0 0 0 0 32.5465487604 32.5899150499 34.2494505424 32.9683076398 32.4658659583 34.4381577807 32.8557634494 34.3377729424 31.982480488 34.9870927895 33.7044774046 32.3120500412 34.6010885086 31.9385523683 34.2156015681 31.6407577198 34.5772381727 34.179464503 34.5094942223 32.3394370919 32.2834908661 31.7360756993 33.7044242857 33.8507941546 32.3608280616 34.1922933392 31.808841104 33.0554071567 31.939599421 32.0518423657 31.6100454551 33.0236865898
0 0 0 0 0 0 0 0 0 0 0 0 0 0 0 0 0 0 0 0 0 0 32.620190466 33.2009734863 32.7615902472 34.4235730186 33.4740529535 34.7349147812 31.7380922408 32.5575393072 33.3013552508 33.4605926672 34.9523332418 33.3584363389 34.0011729551 32.5876403617 33.9939536347 32.9429502749 34.9260449338 33.7548426984 32.1811575635 33.7918272371 33.854202295 33.2981223801 31.9579270579 33.9121127205 32.3428775799 32.2861779433 34.938732085 33.483027472 32.6778205709 33.3111811159 34.6202778307
0 0 0 0 0 0 0 0 0 0 0 0 0 0 0 0 0 0 0 0 0 0 34.5222597101 31.5021928322 34.1608321689 33.4494606209 34.2351982378 33.77220188 34.2312973911 32.8062259753 34.2996945089 33.2714546542 34.5772189975 34.180602031 33.6679890108 32.664632062 33.1056575629 34.067191201 32.1484475415 34.0894363762 34.5498514044 31.5100079835 33.5864017182 33.626126234 32.2761021545 31.7204412187 34.293390143 32.6815748385 31.7672539857 31.8470021009 34.8899657443 33.3004649851 34.8598890897
0 0 0 0 0 0 0 0 0 0 0 0 0 0 0 0 0 0 0 0 0 0 0 31.9131862136 32.9578645789 32.5498769736 32.5693912944 33.5240576773 32.2136872485 33.2978696367 31.99652677 34.6902387795 32.4327052885 31.8888390554 34.3881094526 32.6193637835 32.4600936229 33.3314755155 32.3914138441 33.5674962493 32.333138653 33.7321756491 32.4471398071 34.8274171376 31.8768188776 33.6055928575 32.4696926453 32.5716717961 32.2803304369 34.655700953 33.7721879517 32.3417117735 33.0975872385
0 0 0 0 0 0 0 0 0 0 0 0 0 0 0 0 0 0 0 0 0 0 0 0 32.656519784 34.8275907334 33.7621038778 34.1521974019 33.9698083228 33.1876086641 33.5955152817 32.4085704898 34.1957850251 33.546804857 34.7410445642 31.755010117 33.4462431931 33.8115338411 31.8258556002 32.0273886248 33.0113940129 33.5711199265 33.9578003017 34.3566227607 33.5452774074 33.1525288855 34.4661959713 33.2383453172 32.2003489371 31.8087596471 33.7870674735 32.7602814812 34.2415659384
0 0 0 0 0 0 0 0 0 0 0 0 0 0 0 0 0 0 0 0 0 0 0 0 34.6948634194 34.2545743113 34.5417531267 33.7786873042 33.9437239116 34.1928912145 34.121056393 33.82144601 33.9789490598 32.6669526455 33.0942375963 34.6941461399 31.9269035565 33.8911572375 31.9669847234 31.6012834377 34.5829339358 33.9459851993 33.3208819323 31.558375482 31.5511288145 33.5399304517 34.8604482585 32.5473143916 33.7364243386 32.0253124296 33.9193789746 34.5423488197 33.8134318399
0 0 0 0 0 0 0 0 0 0 0 0 0 0 0 0 0 0 0 0 0 0 0 0 0 31.8504073011 33.8090757134 32.818407228 33.0549765048 34.31462601 33.3560379039 32.0264757503 34.6362465338 34.9399459156 32.4211676082 33.7243706173 31.5609698873 31.6949599858 33.6988948203 33.7735001733 33.1256477493 34.3144322514 35.0067532101 31.5456115185 32.2853797213 34.6165938762 33.6392185751 32.8033594067 32.0595164351 32.8975604174 33.612342539 34.7873870104 34.1983550957
0 0 0 0 0 0 0 0 0 0 0 0 0 0 0 0 0 0 0 0 0 0 0 0 0 32.5925423036 33.8593312637 34.7393704421 34.341019573 33.85421144 33.7142002078 32.9310468627 33.0205190048 32.2798662411 32.4683081056 31.6317119539 33.5521906641 34.7805310275 32.278605539 32.2354995107 34.7382434141 34.7001045093 34.8473986724 33.0020769722 31.5410307989 32.4231118407 34.9130166582 33.6946326223 33.4562861512 34.0030246725 32.2057098956 31.8422991929 32.3545863293
0 0 0 0 0 0 0 0 0 0 0 0 0 0 0 0 0 0 0 0 0 0 0 0 0 0 34.6049082167 34.5110019174 33.3564701556 32.3282636819 34.5221783105 31.9592503187 33.5174220488 34.8095204292 34.2107163087 33.2787432824 32.6439755065 32.6142904157 32.3183435321 32.6209479394 32.3478555563 33.347408923 34.2695887002 34.6879329535 34.3759699782 34.4014140569 34.9909618925 31.7712523109 32.0793763106 34.0949966492 34.1921879064 33.5625028451 34.3941032308
0 0 0 0 0 0 0 0 0 0 0 0 0 0 0 0 0 0 0 0 0 0 0 0 0 0 33.3099452112 32.6007024556 32.3768212729 33.177255304 32.3200955747 32.4633320158 34.4716858288 33.6620259173 34.118843178 31.9989955669 31.5840615425 31.6292203625 32.4772141797 34.574394807 32.0173067989 31.7556745655 32.6968024298 34.6331748237 33.2419360379 32.5158107457 33.4906725578 33.7614890014 31.6579053187 32.0702187534 33.3445528726 32.8477551351 31.5932930381
0 0 0 0 0 0 0 0 0 0 0 0 0 0 0 0 0 0 0 0 0 0 0 0 0 68.9900707502 68.9900707502 34.1722578303 32.6896194228 34.8248039105 31.5370869563 32.0457770628 32.3918600596 32.3157040829 34.0983009135 33.907050788 34.080549834 32.1900366077 32.1906933558 33.6677468339 32.3799656206 33.5572684559 31.5032433565 34.4385430439 34.726390909 32.7437055844 34.0288689783 33.1742708476 34.9752216378 33.970991157 34.4112412515 33.9741078983 34.5564617784
0 0 0 0 0 0 0 0 0 0 0 0 0 0 0 0 0 0 0 0 0 0 0 0 0 68.9900707502 68.9900707502 68.9900707502 33.9567227518 34.8164132928 33.0021417413 32.4646886028 32.897893126 34.5888351157 32.7080158862 32.0640494146 31.6454107188 33.0078549773 34.9582367065 32.580132198 33.4390731423 32.7506594267 33.394808104 34.0460991956 33.4560510431 33.709645874 34.8444242984 31.9809180611 34.6976634344 34.6695663419 32.7396903248 32.6015029362 34.513426401
0 0 0 0 0 0 0 0 0 0 0 0 0 0 0 0 0 0 0 0 0 0 0 0 0 0 68.9900707502 69.2456416257 34.0105532344 32.1571174267 33.8560796248 32.3833536258 32.2507141364 32.4079201094 33.628825492 33.2040424341 32.5832344472 35.0238936405 31.8631320651 34.5686562506 33.3352411577 31.5269716618 31.8097556481 33.6887881571 34.5612954346 33.4021818761 32.6458239475 34.0502947143 33.0834421737 34.471750458 33.9156922786 31.579205616 32.3555552454
0 0 0 0 0 0 0 0 0 0 0 0 0 0 0 63.522339037 56.3608392363 57.2555673986 0 0 0 0 0 0 0 0 0 0 0 33.1235958432 31.5940504673 34.6639877331 34.0288583535 33.41561003 33.0705522236 31.8030078484 31.5085094753 31.5670431907 33.8875618916 32.6232003355 32.8114418701 32.0525157707 31.9006508 33.4090569611 32.7781598318 33.0959215533 31.9515382252 33.5171836428 32.1734179861 31.8089276971 32.5575479118 32.780729344 33.5972973733
0 0 0 0 0 0 0 0 0 0 0 0 0 0 0 67.6353411494 69.5995397013 54.0865022629 0 0 0 0 0 0 0 0 0 0 0 0 34.6381529619 31.9312672486 32.0493749218 33.0536452087 31.8494375018 32.2250881023 34.1271974859 34.5618271488 31.920123356 33.8895175733 34.7379071066 31.9721468523 33.4224761528 32.2688328551 32.1679389162 34.632965691 33.677751774 32.9884230025 34.8202130674 32.9063057799 34.0970573469 31.5209570175 34.6426063658
0 0 0 0 0 0 0 0 0 0 0 0 0 0 0 57.9166418665 61.958073987 58.6999677482 0 0 0 0 0 0 0 0 0 0 0 0 31.9227226547 33.7986908355 34.3396397539 32.0997311354 32.1140666498 33.2776369797 32.8515093202 33.6819776016 31.879241798 32.4702818404 32.5697263522 31.9910015378 34.6605307984 34.683295184 32.0707302277 33.994647095 32.6389288364 33.7323150462 34.2610966752 32.2298434714 33.0783215228 32.0395560705 34.6704355081
0 0 0 0 0 0 0 0 0 0 0 0 0 0 0 0 0 0 0 0 0 0 0 0 0 0 0 0 0 0 0 32.9624731097 34.9192136262 31.7847693675 34.73874663 33.356518498 33.4179249685 32.1747421714 32.5703832897 32.6813193128 32.7402694554 33.8853404482 32.8887115502 32.3510134871 32.4352131407 32.5678721565 32.3235339822 34.7919886814 32.6716779702 33.2661316186 32.6475114989 34.9856422763 33.129102987
0 0 0 0 0 0 0 0 0 0 0 0 0 0 0 0 0 0 0 0 0 0 0 0 0 0 0 0 0 0 0 0 34.0364809124 34.5882842762 34.5606196653 32.4890602068 34.89258273 32.2684251448 31.7273180447 33.9874266413 34.7715859946 32.6137988316 33.1068584407 33.4832416848 33.7893497906 34.1879070397 33.3138201706 31.5938068371 34.1427325767 33.9027070092 34.8630438757 34.3767932908 34.4477835046
0 0 0 0 0 0 0 0 0 0 0 0 0 0 0 0 0 0 0 0 0 0 0 0 0 0 0 0 0 0 0 0 0 31.8889598053 32.000603712 33.5584128243 32.6371599523 33.0348345213 31.8587727088 34.9966019832 32.6987394289 33.7742872179 34.5574065079 31.8125267048 33.4179749135 35.0003784308 32.2774576943 34.5862324981 33.6302743541 33.4311061741 34.6432561852 33.2053710968 33.3782703999
0 0 0 0 0 0 0 0 0 0 0 0 0 0 0 0 0 0 0 0 0 0 0 0 0 0 0 0 0 0 0 0 0 33.110492267 32.3173478621 33.7805766973 31.8202734696 33.9314486173 32.9963887801 34.5700275571 34.5110501135 34.6929417338 32.0421780889 33.6949587267 32.6166674387 34.3638967935 34.145066672 34.1585552818 34.454477622 32.8271632495 32.7823306305 32.9112227963 31.6066985337
