Spatial_Output/90% DEC/90DEC_0411.asc
NCOLS 155
NROWS 192
XLLCORNER 196769.923733
YLLCORNER 449719.875193
CELLSIZE 27.603701
NODATA_VALUE NaN
[rows 46 to 68 of 192, columns 53 to 105 of 155]
32.6988720744 34.7228063238 32.8310559115 34.5617432997 34.9746508523 33.8586217585 34.83271188 35.0298709867 34.3516693967 33.1737633317 32.5831952452 33.8942376278 33.6231488605 33.2923447788 34.7823427566 34.8953319323 34.0539195452 33.9841065338 32.8531737627 34.5604462141 33.4329014774 32.6037969488 34.9512324424 33.1885866719 32.6496115518 32.3770991655 32.60898065 34.4915605416 32.4732694193 35.0215872856 33.723687899 34.1438483073 31.6103755066 32.7960305009 32.2349932719 33.5110593385 32.6199600748 33.5604569181 32.1153989259 32.586304524 34.8094150659 33.7434175506 32.6946249408 32.8871859553 33.7576424682 32.7167780914 31.582121916 31.7295863865 32.2615268017 33.1561191301 34.3931507303 33.4712195155 34.4531300975
31.749343958 31.5806774559 34.8771374833 31.9151285804 31.5991670384 32.8951197825 34.4251090527 33.520410944 34.7610207182 32.317769006 32.8045802341 31.626496163 34.2646137742 32.6884628636 34.420004945 34.0281936398 33.5862395092 33.1398864374 34.0222442704 33.8018898651 33.2992744764 32.1611413632 32.5437414439 34.7555486451 32.1983188134 34.5891541807 34.6918812151 32.5166652368 34.5799169214 33.1018046134 32.2590444637 33.9771123758 31.8343109604 33.952096661 34.4036242363 33.3713093014 34.2075304167 32.4393868744 34.1475905138 34.542809744 34.4258705945 34.6217382239 32.6998103673 31.7967592213 35.0244445687 31.7326727318 32.2579543972 34.1732975364 31.7579631423 34.7819955025 32.773205501 33.6016993232 32.5579751952
32.4951785595 34.5364664849 32.4715925934 32.5754086253 32.9762108249 31.6401926605 31.8814857374 31.9798294862 34.6085688338 33.3688219963 34.3604633178 31.5625413053 31.8753581599 33.7151079511 33.3076347405 31.5751322442 31.8262161318 32.8332026758 33.7611179314 33.3134892315 33.4519089842 32.003923838 32.6187399538 34.340024435 31.5015932712 32.9200759514 33.4181698625 33.3178950825 32.7317557385 33.8293741685 34.6499670049 32.1273068784 34.7373737839 32.306285617 34.9232692399 34.8157439686 32.2322997321 32.0745718639 31.7343094531 34.3085470007 31.9638047086 35.011677306 34.2046242725 31.9652603053 33.4077143868 33.9529879834 34.4528717614 32.5879154437 32.2414824049 33.0300780511 32.6427083925 33.9535198015 34.19382897
31.91198752 34.0735208327 31.813790157 32.7548703815 33.5976856953 34.8889281376 33.7402050362 32.7136427342 34.6585747015 33.6715868655 33.0838780814 32.4051062075 34.5441008488 31.5046278933 34.2166189656 32.1049647517 32.9582317513 32.5725709621 33.6407989378 33.8094532322 31.9075338817 34.187776836 31.9638690388 33.1872654865 31.5640258189 34.9397037185 34.3517889425 33.3527518622 34.461488092 33.6960268049 34.0970265875 32.5149282433 31.7310771012 31.9918165896 32.2868636627 34.1214351321 34.3547577619 34.1845176811 31.7453271998 34.3977939873 31.9014358222 34.2951556758 33.1320412717 34.3451415809 32.2115769207 33.4121522293 34.2384422057 32.7600509678 32.8670097677 32.0903452477 32.4347124575 34.1310456218 34.1851679811
33.5073683766 34.3950211504 33.1223735169 33.5351570902 32.4885802696 33.9689825196 34.7556416678 33.3442562522 33.3575113433 32.0053549632 32.3733486913 33.3800153423 32.0779747702 33.49145845 33.1870376509 34.106182957 32.5042688824 31.7441363309 31.6842562633 34.0973245836 32.3012262902 33.3821485934 32.5993773825 33.6061152782 32.5381484758 33.6208462142 31.8682905055 35.0292906319 32.4260918911 32.571618283 34.4212141918 33.1942204452 33.6539383334 32.7490974509 32.5773874934 34.739266395 34.5738357263 34.2030838253 31.5950403786 33.1875055054 31.6643541935 32.1191937267 33.6093574124 33.7940299857 35.0089733839 34.4451495691 31.5695918692 34.6377102143 34.6897352461 32.7081232107 34.1805333136 32.3824001849 32.5551541298
33.6108004955 32.2730858243 33.3747976594 31.8287330077 34.2906563523 32.17802757 32.4275093897 34.1781959226 32.6545835795 33.3397153435 31.7876081317 34.5414512972 34.7476298219 33.4348734849 33.7616482019 32.7506210749 32.1279842631 32.6525579703 34.0530604914 32.0743711665 33.9985983499 34.1496364317 34.4572936135 33.3951145116 34.6923453726 34.6174285119 34.6255265838 32.6714966424 31.5382567022 32.5178412292 31.9152720584 33.2428755062 31.5563018606 34.0855123872 32.7823002854 32.4226526119 33.6368076193 32.8112824121 32.4988006931 32.9890211287 34.1904456722 31.9408231643 32.6343866494 32.9735204671 33.8548780429 33.658117051 33.776591558 34.2994191061 31.5395862367 35.0271641181 32.6741642557 32.0782739707 31.9326843231
34.1580164128 34.9692608219 33.62207577 31.6793677837 32.8239380803 34.3604549108 34.884835969 33.487109192 31.966014408 32.3989442005 33.9366910607 32.1144792608 32.4161886846 32.8722243303 33.5945971558 33.8704265768 33.7547316931 34.7220239744 33.2485370372 33.5671551799 33.1518914718 31.8712667969 34.6081561771 33.1294284659 33.6801269834 31.7059282466 31.7599759372 33.7202848225 31.5053825579 32.7471222859 31.8290132664 31.8639391635 33.7174099011 32.1305783047 33.0711092207 33.418766975 32.7875038024 33.0732556754 33.4552767334 32.9452529768 32.3166788055 31.6862470162 33.0207522673 33.8190242359 33.7149909438 33.9410862217 33.9701710744 34.1049005 32.2615448986 32.8060395623 32.5191169479 34.3671510802 34.5667982767
32.3755148743 33.2208710662 31.6511799621 33.2776882521 34.3189091922 34.8404853087 32.7210767542 32.2437674458 33.3027045597 32.0530637929 34.4835792251 33.3989337736 33.0273906097 34.9261681145 33.269082543 33.6812678939 32.5545550606 31.6214956093 32.658337285 33.460718218 32.9529109585 34.3204579692 31.7177499349 32.443793741 31.5139203214 32.6439120801 33.8553847937 32.0547136455 33.5518263563 33.2713484357 32.4464925724 32.3061558421 31.6585579277 31.5797358651 34.4979617007 32.9451480537 33.7020457967 33.7661428292 33.676110869 32.2629535172 34.9009191064 32.0424153223 33.3964784047 33.6539333005 31.6430147274 32.7857415763 32.1532742224 34.5869103936 33.8344316475 31.7048311655 33.6067992508 32.0759664035 31.9258791894
32.0437060903 32.2795798796 33.6088948952 33.8732075379 32.0584221188 33.1978776669 32.5945370624 32.4291894044 34.647108699 33.9320951465 32.6567036721 31.8487020431 34.5457373096 32.7473951034 34.4080121755 32.6157158961 34.0827309816 34.3323117624 34.9219640943 32.9434410429 34.7093280966 31.8224239833 33.1842499519 31.9048195535 32.3581973971 33.493675941 32.9988277359 32.6743947834 34.5831002198 33.8084019668 31.5794968875 34.971162054 31.5676923381 31.6110022315 32.7667632538 31.6553060889 34.937821452 34.789176086 34.1196507349 34.8346874469 31.9262485279 35.024702863 31.5299420645 34.5057235062 32.1974727493 31.6964664089 32.0490676643 31.973974253 32.7766572529 34.8814034223 31.9472304224 33.5782354452 31.7752175234
31.5923029508 34.4841478247 31.6826281862 31.650645868 34.7602989381 32.4138074154 34.7547081327 34.3476435468 33.3318591701 31.6060145232 34.0227668429 32.1620039487 34.5573675705 32.219960453 32.8304959997 34.1613903085 33.9750947897 34.0056046026 33.3778527384 33.2840865442 32.1571970283 32.8538129063 33.6202754496 33.6547409305 32.1425138275 31.6239888699 33.2748693786 33.7785130648 33.8973449855 33.6859880014 31.8627981012 31.5914240307 33.5362616182 32.4622663037 34.2007680647 32.6624698831 32.5372763409 31.5024607495 33.007247534 31.5764771762 33.142259406 33.2603422113 33.8196760128 32.838424672 31.9296309319 33.2177661448 31.8649270651 34.7826015194 33.3998634232 34.9309926137 34.8403788445 33.9922624866 33.2469967562
32.3554508128 34.1967653283 31.6335685989 33.2011747482 33.7499527116 33.5051447166 33.2760409418 33.7476935652 33.9315326786 34.7436490166 33.0487071989 33.1703496935 33.5480097208 31.8735456292 32.6978892153 32.6989283742 31.5862482642 32.9619538597 33.7147185022 34.3260470775 33.5525602204 32.0991090458 33.9768816043 32.7957081976 32.7460444428 33.6537564286 32.0972875432 31.5407814307 33.3720346557 34.5637965696 34.2945556537 33.4395639207 32.1242365411 33.96285702 31.8019968321 33.8065687581 34.1402061386 32.8963640524 34.6752526001 32.2350905874 34.1177840916 32.0110819752 34.3172311743 31.5441926576 32.0872508242 33.9283337736 34.4905511766 34.0817678346 32.8930826737 32.9437416342 31.9214269288 33.0666933508 33.9251493994
33.5023930554 35.0325139566 34.0007303848 32.5190572196 34.5956307909 33.2093485078 33.4949575774 34.3311869852 33.24888427 33.2080541211 32.0402076162 33.2851820314 31.70516687 31.9087778229 31.5557805483 33.1203749739 33.3260483937 32.079710914 34.4023071407 34.0339679716 34.165592977 32.4250377618 32.1575975638 32.7150648893 33.2162577129 33.2717222264 33.921667611 32.0883691378 34.9453437327 34.3829797985 34.5602048819 33.3232596244 34.0984354456 34.2509356584 33.1145082141 31.9903497475 32.7605054419 33.8294730203 32.0265629631 33.253761516 32.9207285247 31.9277392008 32.3299510489 33.9549981525 34.0278222792 34.1537596933 32.8719263595 33.4782924478 31.982908034 32.065489047 34.4493053844 35.0192696706 34.377174369
33.6151408865 31.9765544192 34.9882093011 33.4969574619 33.8081770865 34.325504573 31.5581914555 33.7935405891 33.6414284376 33.1581542379 32.5063126234 31.9840042385 33.3881352874 34.5479279581 33.1837106765 32.9464672664 33.8707356268 32.1294730905 34.6241292636 33.3977653823 31.654686748 34.1315464931 33.3224552878 33.692427216 34.7751696231 32.5301561205 32.8060126786 34.7891060657 34.9619635375 32.0877774235 34.5209858214 32.4575225586 33.9855181405 32.4933762675 32.2017526416 34.1223875815 32.1719743923 32.5578546253 33.0688437408 32.8319907582 32.722533497 34.7248778755 32.5606399283 33.2122089546 31.8428130539 31.6641832278 34.9346024529 32.0737153024 31.7654451693 32.9982668459 33.8308477033 33.7214808876 34.7575905978
33.6998404479 32.7402611526 33.6715525184 33.2070591819 32.8520147171 32.7452267968 33.506090275 32.1287193408 34.8714620644 31.5551523953 32.5304115334 33.3064806987 31.8341091107 34.6883742286 33.9462114843 33.5331026045 34.7009659806 34.2311955695 33.4876104369 34.1060366373 31.7022833888 34.3854773451 33.2285005699 32.7716091724 34.798417362 32.515631035 32.7945383922 34.4292495623 32.1504946573 33.1577062755 33.742433768 34.1718855036 33.0883973064 33.1948098477 33.2114213492 34.1488489467 34.9414721111 31.63696199 32.5070323965 33.6152885902 33.02775063 32.1415536309 33.3400010618 32.6971215107 33.4864431367 33.3037847519 34.3655530587 33.6925091983 33.2496754417 32.0269364954 33.5329016755 33.1833232855 32.5344567039
34.7076772438 31.9720317875 31.6425214833 33.023284158 32.3547200307 32.0988852205 33.3817558199 33.3206366074 34.4078488675 35.0243510682 33.4796849269 34.9834388073 31.8633053385 34.0558910014 32.2905380805 34.9109288201 34.8472046359 34.9165276884 34.7729782634 33.8334703185 31.7653019531 34.6543013877 31.6861684209 34.163473102 32.4141912888 32.6880360556 33.8105746331 32.2942884979 33.9020830062 32.1019525181 32.3841468791 33.3206136031 33.2506663568 32.6202026971 33.6523337228 33.6678222866 33.9428875472 33.1709139499 34.7516079871 31.8391431587 32.4236313216 32.4097770125 33.0837091579 34.6183757682 34.2645857872 34.4655492355 33.205585697 31.8052802066 32.9470380707 33.4713823689 31.7939080606 34.657166731 31.7115976448
32.0444232664 32.3215465979 34.4724426041 31.628302331 34.3628714858 32.6213036851 34.1722477576 33.6367687479 34.5320015884 34.3746830502 32.0255701287 33.687592558 33.4693397256 34.5499301028 34.1090665088 32.5019230997 34.4198872113 33.1553961078 33.6781285772 33.5240789148 34.8772635321 32.7498693979 32.3033520405 31.9109609385 34.14977855 35.0001619647 32.687109192 31.7654480008 33.2849350481 33.3406222734 32.8882992973 33.4196310743 31.8921239901 32.1409822481 34.5764804848 34.1218818129 33.1040543921 34.6579892402 34.3070226163 33.6750759504 33.8428333288 34.5089800623 32.9553185466 33.2428127208 33.3385046073 32.5670920013 33.2963597894 34.5100295192 33.2119686621 32.5172140771 31.5193460924 32.0136589879 34.1476109128
34.3569691407 34.9520706224 34.2450826223 31.8746629895 32.4305914971 34.5628054559 34.0241295299 32.5964309453 33.8880020845 34.1297715997 32.6290746417 32.5497747011 32.4168296187 33.848113692 32.3783594835 33.1554813219 33.9076271587 32.2333460482 33.3277925727 32.2296263036 33.6610342274 34.8175660947 33.2526341087 34.4480244916 33.3861625019 34.6200156492 34.23179338 33.3394133188 34.8461568452 31.9825767646 34.4234620588 34.9702908938 32.7847080105 33.5917972001 33.1465240042 33.4018669804 32.46242725 31.5576172639 34.7175508431 34.3833748023 32.2491535737 33.4547558471 32.0317393514 31.6048550733 34.4521479877 31.9356411117 34.9632356387 32.7369390472 33.2336374667 32.7908466345 34.3617834949 34.2782237175 33.5146786323
33.8166226584 33.4587868313 34.0588048171 32.7849963511 31.7249173747 34.3066609271 31.5976503964 33.5516808226 31.9070482796 32.5524964866 33.7602854141 34.1551322341 31.6028591287 33.6988457036 34.6536346915 34.6676582281 34.9182218491 33.1609655988 33.5321857447 34.5604489696 34.6028563789 33.4082130304 34.3971213219 33.415967163 34.3218744108 33.0567840662 32.8848887722 32.1087571718 34.1069538601 34.6061562413 31.7684255631 33.2796551389 32.5303273666 32.2710807717 31.7874081173 34.5025383019 34.4249644511 34.7827749979 32.0554005527 34.8005546499 31.9923583051 33.6341592041 33.7054151053 33.6736712377 33.6183631214 31.9199903672 31.8085989438 32.7981927825 34.6329384767 32.5354238842 33.1159031494 34.4315978812 34.7857216093
33.8213360423 34.3282001221 33.8210558621 33.5516780879 31.9233427068 33.2244516044 32.4776807392 34.7705027396 34.6599382812 34.0941529058 33.3086903391 32.7484779361 33.0393538898 33.1121090019 33.0364462242 34.6663534165 33.7647196015 31.6079465071 32.7317172565 33.6544046324 31.5846185423 31.8141581927 34.1145695872 33.7012993544 33.2785730495 33.3845253546 34.2451925588 32.9754814306 34.2584137542 33.284568159 33.8918102733 31.6551513248 33.3001853517 34.1625252562 33.1343936326 34.1559235656 33.5554720791 31.9647999986 34.3917367446 33.6482303739 31.6099892218 34.5769746605 32.0780912607 33.0093177826 34.2887589344 34.3119264117 33.6738887395 32.1466805173 34.4873748072 32.5634749429 32.3843783898 32.6080723462 33.7342846373
32.3104408618 32.58778228 31.6250995482 32.5040559434 33.0255534953 34.6879553355 31.5348324932 33.6742523094 31.6045501333 34.0591979567 31.501858404 33.8950697083 32.9239155456 34.518937478 34.5077439783 34.3044461092 33.0153136287 33.709042016 33.1131683685 33.0895166741 32.3634313307 34.8698614731 32.1350745481 35.0048851037 31.6342721999 33.6159347975 33.8911478693 32.1622867954 34.7351518127 33.8753343786 32.1269607609 32.4142539338 32.9153176817 31.5045904828 34.0608826049 33.8266527252 33.5330861326 34.552267552 31.6255392557 32.4495580502 33.2555261931 34.3896224412 34.0866042035 31.8078070623 34.2757162734 32.1088662522 32.1410290267 33.3207421233 34.6840665154 34.7685266935 31.5051378496 33.493510729 31.9954050481
32.313699745 33.1200305126 33.6754245736 32.7316001576 31.7919705174 33.5257686896 32.4187532486 33.9777584938 33.6670983757 33.3271455004 34.0911642399 34.6542774791 34.619259827 34.9158581328 34.8223377476 34.0257586354 31.6641612679 33.1162541356 32.2177329073 32.3492015305 32.7587943182 31.9506549177 34.2332829353 33.2839584283 33.9604070218 33.6205085691 33.8154952323 31.6230750496 34.4168032046 33.7937711458 31.6548690865 33.6686417535 31.6136378004 33.5223567326 32.6383360092 33.3481251134 34.4652143067 32.0529716631 33.0288623435 31.9548269421 34.802336772 33.8756813287 32.2194114822 32.0496586045 31.7234958316 33.1874942039 32.7273665932 33.9095741494 32.0458377365 32.8511555962 33.79509696 32.9772312405 33.9348130756
33.0244176605 33.0297465085 31.5765758192 32.5438844358 31.7252721145 32.2847242207 33.4943804445 32.6036602971 34.4769152005 34.3615789507 32.2725674545 34.8468439577 33.4380594544 34.9551505532 32.9665777576 32.9946073913 33.1267031693 34.1995989324 33.435270429 32.4397273333 32.4080483243 33.7140145092 33.003459769 33.1938748886 34.0297082717 32.9253976417 31.7012211483 34.5483451912 32.60849634 33.5402613252 34.1972507981 34.7093973866 33.844847676 31.8705446125 33.8314240235 32.6400022216 34.2958713339 33.96548964 33.0136048644 34.7609463507 31.8978580667 34.9028516075 33.0422212793 33.2619510121 33.6770243936 34.6685573668 33.7817937377 33.5120166986 32.7022050567 32.5725108076 34.5927525709 33.9973030611 32.0813287607
32.8349837339 33.7457037656 34.3922397136 32.5838265881 34.4989799866 32.1304083114 31.6020611444 33.5452064734 34.2280652167 32.8966588845 31.516072101 31.6575400832 31.9582599437 32.9046732586 32.7894239288 32.5272877146 34.6901200815 33.4996913894 33.3061101303 33.5378570264 34.7089181623 34.497073229 34.6940001036 34.5282427471 32.0610871847 32.1733109395 31.8258294324 33.3985014571 32.0953124875 33.7049940526 32.4995592542 32.642235326 33.3563030186 34.2803688798 32.6227879623 31.7819740998 32.0692756127 34.3091844822 34.4778681603 31.6088214772 31.7132146545 31.9365722386 32.1216619841 34.5153531213 33.2020057852 32.6675099439 34.6316531978 31.9105586863 31.8710641004 33.4745704547 35.023630258 35.0337449072 34.4556220278
