Spatial_Output/90% DEC/90DEC_0767.asc
NCOLS 155
NROWS 192
XLLCORNER 196769.923733
YLLCORNER 449719.875193
CELLSIZE 27.603701
NODATA_VALUE NaN
[rows 69 to 91 of 192, columns 0 to 52 of 155]
24.3558926028 25.7857755209 25.8755623863 26.9051721026 23.2090556038 26.9540403296 25.1051441851 26.7003723713 25.968190749 26.3289684575 25.5967751707 25.9558665161 26.8987810099 25.1268670388 26.3026490996 25.1324823785 26.058892598 25.9874318782 25.8503039161 25.9225334566 25.2714175465 25.6550555613 23.8466560675 26.2775836972 25.6764660021 23.8918729119 23.6370246565 50.7601744916 50.7601744916 26.9901248689 26.8347466957 26.5679760857 26.8399969635 26.4067453877 23.5113167434 23.4937681165 23.1000706557 26.6237405278 25.585910068 26.8467560756 26.2741365041 24.7123286442 25.8152685989 23.9058012849 24.010286223 23.1577871618 26.9030684069 24.4741774296 25.3551592756 24.7963574909 24.3391176197 27.1485512109 26.5860788308
27.188089655 23.5541392535 23.7986665765 23.3374923496 27.185867938 25.4174643647 25.1977328774 26.3729784594 25.8296960436 23.845788088 27.1368659186 23.7417153936 26.9110785429 24.550840303 25.5666990552 24.4698919616 23.7825960771 24.3543696554 23.2422630279 24.0391090326 26.1780522278 24.8498335173 26.0703749137 23.4795858882 23.5860527877 26.8075838994 26.6642400661 50.7601744916 50.7601744916 23.1496431982 23.2261329775 23.8620996375 24.8394658039 27.1181091759 26.0735630795 24.8396564375 27.1652223891 25.1678626928 24.0103150162 26.9628753919 26.7730469845 24.5991083467 24.7297808423 23.470791141 23.8287000532 25.5976434771 26.0557305048 23.3364146752 23.4807343572 26.9948866724 26.0785732956 23.1671976281 24.5025148495
25.4957502189 23.3761917089 26.0648605957 27.0527560852 27.2097863844 27.1109581203 23.7140052363 26.1766101271 25.5256984934 23.2526708803 24.5219120077 24.7754080198 23.455910396 23.3411601676 27.1682662643 23.7995124704 26.1262850159 26.7629474966 26.2268758272 24.0845806502 25.9949513062 24.0619338872 23.0690057992 25.9966407046 26.2994130946 24.2025308889 23.6166609283 27.0889781042 26.3932004462 26.6319258256 24.7187497653 25.391398144 26.725785884 25.7342350237 24.8928384434 25.762004201 26.042219335 25.0170770731 27.0304964119 26.6893947849 27.206814801 23.9006084438 24.9210666604 23.9476421794 25.7018826595 24.7773634818 24.4654474176 26.9775854965 24.6811481741 23.5524338791 26.8105999835 26.736595439 23.710746321
23.160116784 24.0571609827 25.0447113921 26.2637249481 24.668313207 24.5407768366 23.752633976 24.086579395 26.8269657678 25.552544422 25.4225846604 23.2187832343 24.1614467111 23.9758814855 24.6795299932 25.9319545203 25.8238950304 25.2302422576 24.4241335577 25.0396295511 25.7362864114 27.1356180529 24.194000021 23.6049202347 26.7311472598 26.2845516892 26.8605679569 60.8312548601 27.1444441624 60.8312548601 26.84958099 23.9127205969 24.0634706935 24.9837446014 25.6374645531 23.1203471685 26.595579547 24.7660774264 23.6603997191 24.4822578975 26.2276726894 23.0620080195 26.5691107127 24.8316813771 25.591729275 26.5549270243 27.1685605671 23.1582314575 25.9212559489 26.5370379604 26.344649921 26.6761005217 24.4700547468
24.3154632103 25.3737425297 26.0732430331 25.3707443233 24.1976458159 26.4076590481 25.9364258664 25.3486024946 24.1330185509 24.916710253 26.1441301086 25.8013597929 27.2216735208 25.5910569112 24.9088005766 27.1159006379 24.711208595 25.0203568311 25.0751302734 26.8367303134 24.4881864948 25.4913916905 25.2509880837 26.4159711836 23.3563575025 27.0764939097 23.1176625578 25.5187805761 60.8312548601 25.7069994822 24.7368520758 26.7494487424 24.9311987651 25.4390891102 24.3271729731 26.6306487509 23.4265611741 25.8047507385 24.9624518489 26.6935315857 24.1221417848 26.3592806808 25.9832750597 25.2789333901 23.8273181414 24.9861911742 27.0582332294 23.9385988296 23.5110639269 25.5585397163 23.7747400628 24.4503572814 24.4161992199
23.1197682868 25.3951353387 24.4867885532 27.1865553655 27.0958254126 25.5201387586 25.1791089994 23.7813743984 25.1261607417 26.5506184072 24.0000427149 26.1838385391 24.5700560577 23.5938726788 26.9464066646 23.0003604466 23.9413773714 26.9766808139 26.0934232316 23.4847282405 26.255343755 24.513521391 23.561050284 24.6033153828 23.8157845189 26.6217178331 26.8580683451 24.1632073285 25.8272347989 89.3497143129 23.103482054 26.1966906839 25.6598725601 23.7781194954 23.1041235684 24.3287511391 25.2500618905 25.275938609 26.4653394009 26.1726478246 25.0139124764 23.5310834831 23.6162965895 26.6207560991 24.3747847456 26.7611677344 26.2486081516 24.9703871229 26.1485300794 23.3846778639 25.401331612 23.0438782406 26.0534795258
24.3210314992 26.5812132806 24.1802615355 23.2868762238 26.3535678747 27.0923873062 24.4323896836 24.533895603 23.9178216363 25.2893592591 23.3441521893 25.5110788521 23.8031189194 25.5299339907 23.1028115495 24.0608490164 26.3513473106 25.8507057914 23.9263266096 24.4994286841 26.9024564487 23.3864566293 23.9076382767 24.1320438 24.8154200927 23.8533558942 23.3047860314 25.1097468653 23.4521959227 23.6694221664 23.3370453894 25.504764752 25.0249737423 23.948089456 24.1510156932 23.8105604694 24.6204295502 26.66747044 23.4217793409 24.3403937599 24.4074942671 26.3417838947 23.5516440867 24.2754779377 24.9658389497 25.1708386878 24.868392354 50.4536472241 50.4536472241 25.2835753615 23.7640832771 26.5234221498 26.5157183666
24.7032980201 27.1135002287 24.5204395715 23.0652091713 25.4686523895 24.7952433273 25.1451534653 24.7542186728 24.0607735135 23.2113303135 24.6698698725 23.2546161338 23.1972315189 24.8244998288 23.5015315985 25.7716208456 25.8306040269 26.6765330397 23.2577581376 25.669725128 26.629737729 25.5502898455 23.1716015851 25.1584005841 23.1853996867 26.8649095366 26.9979789072 25.7312934292 23.7177488626 89.3497143129 25.6282234708 25.4901108287 26.1432079199 23.5800169998 26.4352961312 24.8227230347 24.688932444 25.1465472316 25.3752398638 25.6370251978 25.5876060891 24.8561579431 26.5227131874 24.5425169971 26.4322071483 24.345521197 25.8625850766 50.4536472241 50.4536472241 24.652342361 27.1633719388 27.0717463148 25.855152287
23.1472114677 23.226940927 24.9314896715 23.8449931396 26.0002864273 25.1729667156 27.159444618 25.8081709169 24.4335242485 24.4093672183 26.3950684298 25.5291679314 27.002347683 24.6456320627 23.3244817125 26.5799860891 26.3476000213 27.2169325799 23.9990452496 25.2472725537 24.4173751377 25.8280374106 25.2446801855 26.5105560296 26.015385707 23.4945132966 26.7488015896 24.0046563268 26.1785367827 23.9350152561 23.9829116602 24.499304023 24.1258602647 23.803721261 24.2982371958 24.7092907338 26.7840556291 24.6500673393 26.7970265124 26.0134561282 23.5126861059 24.7393535868 25.6515248149 24.9365422041 25.4225256664 23.5151418847 23.851600723 24.6426663958 50.4536472241 24.8837206767 24.5486581493 24.1106020889 26.9963303111
23.0681528115 24.1242390627 24.8839484002 24.8657618904 27.0374733129 23.7432484034 23.4928194174 23.7200123229 25.9158981568 25.6808794259 24.1390561039 23.2435305029 25.6750907719 26.6618163771 26.4619121461 23.2361573489 25.9888265304 25.9022732364 23.4209377747 25.9659454367 26.491471505 24.0886012798 25.5252609197 26.807088701 27.0787747126 26.0510648919 27.0354872269 25.8306023972 24.5863064354 24.2148871974 23.9586374341 23.5722963599 23.6612875726 25.8447444151 23.1828491677 23.0726796994 25.9066293282 26.6839155663 24.9541293149 23.5733255701 23.0306655119 26.6711825584 23.9814139113 23.2066709819 23.209783162 26.1700535466 26.2166226512 24.7164481712 23.7539016063 24.7185956639 23.3583098597 23.9695855747 25.6326199748
25.7816605947 26.296435953 25.7551141679 26.6911239003 27.0198139043 25.0881707147 25.8643170834 24.8070892272 23.055419914 23.1364385696 23.1537204978 23.5274174594 23.1741223042 25.1356284883 24.2884267297 24.8706399501 23.5878912692 25.7152529371 24.1384631831 23.2569583459 25.9284838765 24.4514477084 23.9740448075 27.0388289897 25.7032206777 25.8938047975 23.2955638375 24.4328012967 23.4332490235 26.4460380899 23.2832857445 23.7366968112 23.318353117 24.3054041556 26.0548823659 25.6659218896 27.0554404667 24.8333992145 24.1987546551 23.4240007615 25.8548120993 25.7813338254 27.0454268291 23.0849011041 24.9316658662 26.1842498003 24.0415929954 24.600339026 26.3797900666 23.8142815359 26.4534852105 23.1229899839 23.5852960968
24.5099397092 25.5194603178 27.1477580697 26.0283026039 25.6106636653 25.1774432759 24.2850630186 24.9271121864 25.6495423816 23.7803830148 26.7551174543 26.7775988735 25.3955685091 23.7345114482 25.1016388044 24.7749091844 25.4901992929 26.1993125951 23.388410205 23.384286227 24.3426679873 25.7250855522 23.1317265046 24.3764153919 27.2346300251 23.8709406164 25.8243978045 26.1382585469 23.9836283486 26.5288659544 25.9137078577 23.0656207604 26.0662642948 24.9546629577 24.767125482 26.6176884862 24.1764362756 25.3471131654 26.8360921125 26.8956775854 25.2817001775 35.0134770668 35.0134770668 25.2454378984 25.3722624638 25.2306860473 24.1144046625 23.7731477335 24.9394864233 24.7476276469 24.7726351832 26.8437914685 23.2941580233
23.0179778715 25.0725018912 24.6636516886 24.7288884152 25.078313714 26.733505402 26.0896767481 24.1839379767 25.3018664169 24.0875643645 25.7767813571 27.0540945856 25.6965625949 23.5798269336 23.9702994969 26.3190430072 25.1061158178 25.2216043613 23.507211569 24.3140724415 24.3447102928 26.428723066 26.9416287066 23.0486446275 23.584482515 27.1696835372 24.7991304138 23.6844377039 23.4258335825 26.4750086462 24.1062186392 23.1082817608 25.1258961859 26.9629351201 23.9758063884 24.979341925 25.0658005369 25.8234640173 24.3740007339 25.1169869506 26.5720135007 23.2580883421 23.0906640252 23.0521353334 24.0370275632 26.1517651913 23.3749603685 26.3757183745 26.9456010453 24.0781165776 25.7834280055 26.9152158503 27.1490255332
26.6581725262 23.6824711364 27.0262986467 23.6587571763 24.0747461271 26.6532306787 23.2990409079 26.1077900621 25.0575213059 25.3577241962 26.0054266225 23.7366193898 27.1308344653 25.4006615747 26.7096906991 24.779458966 23.7212510844 25.594324679 23.8099430736 25.3317167509 23.9840897573 23.3181615945 25.8455825762 24.1248778568 24.304120046 25.328300243 24.1849786375 24.5005786955 26.9141236656 25.2950659366 25.1223272449 23.9926232277 26.6499142987 23.405757664 23.0503624476 26.2715046289 26.823619327 24.7431595567 23.4347011559 27.2087565391 26.717762901 26.377614332 23.2428466555 24.2454032031 25.8790468924 23.4122218634 24.9842084747 25.2736659053 25.6590065514 23.5724992821 23.4501087776 26.954375634 24.8338851575
0 23.0090183102 23.3711911187 26.2762749652 26.5112466939 26.3818632805 25.4025524292 24.036933747 26.712865859 23.0505335762 26.9315757964 25.1652238621 26.3939013209 23.7764424256 26.0546921542 26.7658050749 23.8164390688 24.1859005872 24.3004457845 24.5462989352 24.5264190504 23.4507699304 23.6319685307 24.8012311746 25.0201443537 25.0205894269 24.1032792935 24.522308993 26.88797241 26.0331275368 25.5034367901 25.1700589429 23.562797827 25.5928069803 26.6890806941 23.0529745031 26.0582305705 26.5601944788 27.1522124246 23.2661035484 24.3534728473 25.4012999479 52.1608769077 26.8450055015 26.5282462398 26.6280425175 25.6292122709 24.6184521549 25.5023440064 23.6183239729 26.9183004838 25.808252884 23.7627776497
0 26.2464886198 24.1339340728 26.9437659837 26.7190714537 26.2319110079 26.0907613214 24.7911392286 24.1429783787 25.5894142323 25.750087694 23.7085530784 25.8366399802 23.5271761049 26.0362342777 25.926006352 23.2747759616 27.1239177741 23.996545715 25.8189792135 25.3942350864 26.5825934645 26.5368848845 24.3217446417 26.0055151183 25.0695021671 24.2139438063 27.0556331793 26.888273504 27.0218358864 25.3401546372 25.8294655449 25.2957062358 24.5881849578 25.5228339719 25.5143732925 23.205672767 27.1153675586 25.4911061937 25.9314445257 26.6042873442 52.1608769077 52.1608769077 52.1608769077 24.1693147862 26.0906259942 24.2143240803 26.9072492617 24.6101406583 24.2777301869 25.3062009692 25.3495284769 25.7108874228
0 27.1792936151 23.4203782661 23.4704363628 24.8500340434 24.276548788 24.6021945193 26.8000514464 23.5982535286 25.235081263 24.5863082546 23.5307433596 26.2826058322 24.2393828895 24.8435381083 26.3380836039 24.2144268844 24.0573409378 24.9997764457 25.4855527616 25.2371067311 24.2690070945 25.219118927 23.7056954574 23.1776854014 23.9835094351 24.862399737 25.3044371961 26.6753204712 26.9284575245 27.0368150882 23.3016827718 27.0614434182 24.66144076 24.6712564518 27.2006780284 23.2321102401 23.5015281391 23.9395039425 23.4981736023 23.1764542616 24.6452041413 52.4910648952 24.2981303479 25.8189122331 24.2677089958 24.6456219446 26.9490003291 24.233008306 23.40135703 24.529615645 26.3501682641 26.2617266958
0 0 26.0502712037 25.9034107855 24.1886245392 25.9611091431 24.0460206309 25.3379318335 24.368069412 23.6894278515 26.0459864488 25.6820334157 26.7672309182 25.7321895467 25.7423124143 24.7377666134 24.573592893 23.0748771879 25.0687090067 26.9273695514 25.7071608475 26.2845793816 25.1543419729 26.8130914473 25.1868546392 26.0708378948 26.4592258053 26.7231728474 24.2170010519 25.038603682 27.1571341823 25.030688028 25.8975318512 26.2812882384 26.4685031939 24.552965744 24.7010952934 23.368797292 24.480553418 23.712069975 25.1365801287 52.4910648952 52.4910648952 52.4910648952 24.6571215448 24.7718367716 26.4360582853 25.4975440551 23.7639983604 25.0786000324 23.8478241894 26.4227376913 25.8114738962
0 0 0 23.8547060981 24.7081173664 24.0773744828 24.5598933875 26.1502069898 23.4020816389 26.8988528899 25.758655566 25.8795503837 25.227720927 25.7466269519 26.7341322044 23.7505492395 27.1322128848 27.0357506005 26.5380133999 25.0785945414 26.2741936342 27.0186427521 23.719330097 25.4889900776 27.2029037424 26.4602652795 23.7462803405 23.8474811919 25.7958632686 27.1071455791 23.7141948466 26.858150605 26.824391476 26.5394551499 26.9199016714 26.1860668594 25.916116627 23.9610919613 25.119973353 24.3321551903 25.8159538423 52.4910648952 52.4910648952 24.468322014 24.549246633 23.825019604 26.6369635332 25.2547887106 25.5260746764 25.2686112744 23.1491523299 24.3281123519 26.3904701895
37.7030446524 35.2491875489 45.2393896329 0 0 23.8598825109 26.6324216914 25.735892381 25.8389679728 24.6718530326 24.0149378619 24.1508768254 23.8512230407 26.8793004317 25.7096237446 24.547092948 25.2627154826 25.0481472224 25.5843014984 26.9532011783 24.1029760555 24.8341229698 24.2714217819 24.1875486533 25.97223886 23.4056669259 26.8606289732 23.4201840807 24.4039929257 24.2358123884 24.6995339075 24.7625611675 25.0197353464 25.0177337865 26.4640829857 27.1027723882 24.6521847487 23.264112472 27.0366410094 26.4062433483 24.4934881106 23.0971135976 24.6758457339 25.1492989427 24.3845079249 25.5927690326 26.978155368 27.0148545051 26.4342347116 23.9700239237 26.5497765598 23.364612645 26.9395872118
46.8042872796 48.0058636151 43.2474647143 0 0 0 26.1499037288 25.8299212452 26.1157664829 23.1954497589 23.0655784037 23.1523484817 23.0846360236 25.9219027085 24.8859682487 25.1670523169 26.5290113455 24.9165882716 25.5878470782 26.8276565387 24.174412697 23.4293483595 24.0001860778 25.2061100389 25.1747407365 25.7478015778 25.8773315928 25.4473729563 25.5545247896 26.5562400536 25.143815103 25.2953709352 25.7411408099 23.684841467 27.096888998 23.2292200908 24.831526678 23.5843541164 24.0547521754 26.8744034971 26.5574373671 25.8738477291 23.4103297047 24.8022761208 24.3262453637 24.1120904324 26.399388894 25.9018231747 23.3444561047 26.9804626441 25.9539128641 24.1042436286 25.2087980707
40.6639823338 42.2133042667 38.9600285619 0 0 0 26.8645834711 24.1148109769 24.2903132312 23.5624173833 24.2245471294 23.4670064364 26.6415648699 23.1547704064 25.8690618236 25.0871027341 23.9421218838 26.4801996777 26.5909203853 25.3452781133 23.7754163077 23.5029230952 23.7938786066 27.1633248179 23.185509003 26.5250613288 25.2519778289 23.2441446306 24.8820629747 24.0745146826 23.250572834 26.8456837823 25.0913964079 23.6609317781 24.3097126078 26.3490592407 24.4524770524 24.5259365176 26.0927762924 27.0777507637 26.1393704493 24.261014848 26.4620790767 26.0591022279 24.5462958051 25.7322705151 24.1782143694 26.3998352194 24.9629743794 26.4432067973 25.8249613843 26.2631639434 24.6242176834
0 0 0 0 0 0 23.5723731947 26.8823007196 24.6277131338 27.0678457673 27.175853485 24.1909485411 25.2001272773 25.9992863899 26.018958061 25.5664963744 26.1539293874 26.6379074618 26.479840899 27.177332739 24.5327089765 26.5606188519 24.5857658831 25.0203192657 27.0272528648 26.2476509312 23.3518953525 23.0007063265 23.3533870981 25.0244489619 26.7969000469 23.1069406027 25.1297739622 25.8379707794 26.4830226814 23.7533015878 23.6868065674 24.5690111665 23.2286027846 26.8991071004 26.9849701875 23.9920036696 24.7862494696 26.1282983432 23.9978533472 26.256999912 24.4300828393 23.3583155285 27.0687602692 25.2286181292 24.5473823763 26.1946840402 25.2942679309
