Spatial_Output/90% DEC/90DEC_1030.asc
NCOLS 155
NROWS 192
XLLCORNER 196769.923733
YLLCORNER 449719.875193
CELLSIZE 27.603701
NODATA_VALUE NaN
[rows 138 to 160 of 192, columns 53 to 105 of 155]
22.9306341471 22.6565210189 22.6004118599 22.9159813982 23.1145274772 23.0739502759 22.9691522952 22.5663464656 22.5921635037 22.5700766521 22.6445838955 22.7266613807 23.149806167 22.6350682909 23.1128355977 23.2012035317 23.000028919 22.9084647905 22.7143577815 22.5332299875 22.5953430633 23.1575904352 23.022899389 22.7437542197 22.9036734377 22.8326189631 22.5454639031 22.7702462107 23.0481057304 22.6784758474 23.0182335039 22.5519709622 23.1132808304 22.8373264352 22.5926671375 22.9316582112 23.1773401161 22.5856061046 22.9261418726 22.804925243 23.1039903696 22.9794241703 23.0540137472 22.8354834459 22.8196449473 22.6134657599 23.093287904 22.9839404219 22.9309261147 22.9812679403 22.5706436922 22.9091504408 22.9873967728
23.0173578576 22.6368530993 22.6800915471 23.1193209991 22.7866677897 22.6355793802 23.1097012536 22.6825922084 22.8399823951 22.8536364431 22.7496491664 22.7514083953 22.5229145399 23.1126866335 22.8979418444 22.8104641326 22.5717140363 23.198212515 23.0919412679 22.8691166703 23.1283561542 22.5247097847 23.1975913152 22.995205536 22.6253820693 22.7892432721 23.1037598795 22.8912682742 22.8485543281 22.6717241808 23.0700079033 22.61086795 22.6746756331 22.6197947104 23.0891704907 23.0619287344 22.9505490289 23.0907433701 22.779835555 22.557851805 22.7199664508 23.0521284351 22.8958108692 22.9406422637 23.0037314578 22.6082267238 23.0444028523 22.6612667076 22.9789386656 23.0947998669 22.6147116378 22.6030970697 23.0415709715
22.9008321839 22.7162777698 22.6652142491 22.934120481 23.1637178478 22.5996974684 22.8376652827 22.994958984 23.0414098994 22.6648400968 22.5384013787 22.7137343942 22.8601535425 22.7955176713 22.838268509 23.2015329396 22.5555337066 23.0057096375 22.9796990298 22.5302489858 23.1638345687 22.9330044781 23.1462701949 23.0930850219 22.8411889762 22.5140455685 22.9202464817 22.9414045829 22.7211138015 22.7781953575 22.6361949889 22.8259142853 22.642629333 22.8795182483 22.9105151141 23.146200033 23.1071254394 22.5430813171 22.7171203451 22.9397762036 22.8918080761 22.8402052243 22.8959531666 22.9012549814 22.5183016719 22.638210777 22.7617913692 22.5776293485 22.6425849717 22.9455209862 22.6535657817 22.6468356428 22.9929551181
22.8173667541 22.9831204595 22.7235238689 22.693810539 22.7735647631 23.1991165634 22.5055291379 22.6225434305 22.7617479424 22.7918201233 22.6251751363 23.0159235756 23.1289666106 22.6594837262 22.6662239222 22.6702031945 22.5554828296 22.8786091181 22.6213618057 22.6610077323 23.0106628716 23.1186534034 22.6252938788 23.1965557574 22.9501032955 22.7062041132 22.7475546936 22.642944915 22.8365216117 22.5104694593 22.6684360345 23.1857941354 22.7107647673 22.6103051213 22.8528797852 22.6227707219 23.0911294055 22.955850567 23.1600406624 22.8648680819 23.1426472122 22.6491007726 23.114216104 22.6209496096 22.6960141878 23.1727662948 22.5982579671 23.1177803223 22.6934729186 22.6237546165 23.0963803776 22.9000148312 22.5287677136
22.7637102308 22.9096228283 22.6144224417 22.9002296136 23.0878459399 23.0667202347 22.8329819811 22.6215752431 23.1557485415 22.7673787098 22.8750754891 23.1650682349 23.0665055975 22.7285555972 22.5699445013 22.9221612715 22.7556551258 22.8778550374 22.5157928335 22.8568360982 22.7547863165 22.7279877018 23.078761843 23.0766193544 23.0479798371 22.5221664532 22.8176394964 22.6428348845 22.9627934276 22.6376014681 22.6198499477 23.1249925956 23.0568642984 22.6101185195 22.7208503675 22.7319891145 22.724855953 23.0071799983 23.0789950205 22.864732203 23.1484110207 22.7739573797 23.0437164442 22.5022832838 22.8404438019 22.8407759055 23.1554891484 23.1304647824 23.1480172478 22.8638163824 23.0947473271 22.603230441 22.5683777429
22.997895958 22.5862668397 23.012584127 22.6253819004 22.6946425308 22.8705225887 22.5371659063 22.6029261882 22.568103607 22.7957356959 22.8397269557 22.6233902435 22.8540812595 22.9352060339 22.6968118754 23.1155722443 23.1011762443 23.0400838603 22.7451252209 23.1413823127 22.893212444 22.9561215582 23.0666828755 22.8651953002 22.6849437774 22.6825750912 23.1764902196 22.7247392967 23.061176059 23.0419711759 22.5422865798 22.8652570374 22.8563605033 23.1189069417 22.8488872213 22.9365739185 22.5910327896 22.6289497219 22.5972151345 23.198821693 22.5150086702 23.1305463466 23.1261666488 22.5594689102 22.5560897734 22.8527886596 23.1673475464 22.7081558007 23.1111954788 22.7830381586 22.5330303757 22.6528600503 23.0675262548
22.9979674743 23.0589517051 22.5333727237 22.9403645719 22.9792531538 22.9447133096 22.8826960279 22.9109237624 22.5020592265 23.0346694842 22.7084528176 22.9496975151 22.9096340576 23.101319225 23.0578901561 22.9211947844 22.5500140706 22.8420351389 22.8999836532 22.8137759556 23.0753136772 22.7608134714 23.1595749952 22.9144086424 22.5949064134 23.081410727 23.1353567796 23.023217043 22.9285740629 22.6635893965 23.2012996113 23.0300863819 23.0394495239 23.0631601025 22.9704992177 22.9095424637 22.6774352696 22.7265672159 22.5437260745 22.9806047126 23.1798024978 23.1161215113 22.9745302265 22.7146948175 22.8611202367 22.9343892122 23.0257779869 22.5009740063 22.6243721384 22.5042303578 22.9019594395 22.631277834 23.1560345055
22.9059429244 22.6109975447 22.7958233625 22.7903240992 23.0951637962 22.9989828459 22.7374087792 23.0169988287 22.9651660944 23.1791071201 22.871772752 23.1497150876 22.9496014446 23.0466277228 22.8538345867 22.7731609975 22.8371010435 22.6664600615 22.9361214166 23.1970239483 22.519036204 22.5328834189 22.7360113634 22.9975147392 22.8637725182 23.0653437108 22.8985449256 23.0423688849 22.5097445406 23.0175563597 23.1861967109 22.8476474151 22.7140116589 22.8069543817 22.6817481404 23.1888580392 22.5682812951 22.6293642643 22.7582878677 22.9668320135 22.7410817125 22.8892995571 23.131345612 23.0507819623 22.7511194844 23.0005063432 22.9201075452 23.0625369775 22.769093292 22.6420975742 22.8321641865 22.7250563171 22.7258060592
23.0657125239 23.143680958 22.9288327963 22.7282094619 22.992480995 22.8802858089 23.1774985794 22.7394502101 22.7652016612 22.670518464 22.8171342417 22.5919894421 23.1078363794 22.8543842849 22.7788227456 22.8744225435 22.5105439833 22.8481927324 23.0914729863 22.5730039486 22.5912932957 22.9000408386 22.9079386757 23.0474134661 22.7237238507 22.9205094994 22.9704957712 22.9293651995 23.1039929671 22.9818363227 22.6773541819 22.7852182502 22.503906471 23.1637279031 22.5256185564 23.1468936702 23.1925854282 22.5707707823 22.9226927473 22.7614876821 22.5135869498 23.1699000542 22.7782273164 22.8846493499 22.5637657334 22.9044403182 22.8291334539 22.9092744004 23.1406164575 22.7019064521 22.7679556215 22.9260544006 22.6808242415
22.8076161544 22.6294393126 23.0359223912 22.5546575406 22.5393717388 23.1482184074 22.9597153191 23.0183404646 22.7811321634 22.899648297 22.645687443 22.9924815891 22.7980098385 23.1972543069 22.7048598658 22.9118223732 22.6209559481 22.7495629985 23.1643245939 23.1555093309 22.527807331 22.548773197 22.7849096253 23.0844149251 23.1083628985 23.0651537383 23.088939879 23.0462198402 23.1048861781 22.6385456201 23.0540123253 23.0436805953 23.1874964346 22.6916458212 22.6463517968 22.935272268 22.9348980625 22.7676942698 22.5139902344 23.1837166104 22.5845788255 22.9027078312 23.0351957854 22.5888625241 22.9552690779 22.8229059418 22.5838338296 23.0867844582 22.6434857536 22.9926021596 22.7512723134 22.9882466699 23.172471827
22.6438557478 22.5141917567 22.9929912584 22.9617349207 22.6541410338 23.0401415097 22.9276000886 23.1340433852 22.8720475322 23.0097369327 23.1857394644 22.5411541873 22.9007721385 23.0676465335 22.9380282118 22.9375832201 22.5795769258 22.661181036 22.7296051098 22.9901349511 22.7674877535 23.0589561259 22.9330486119 22.5161161511 22.8791088799 23.1167750878 23.0881631038 22.9725468879 22.9869216532 23.2050897496 22.7275243547 23.0880501188 22.5176493407 23.0169537487 23.0793171419 22.6845061863 22.9266374248 22.6078650429 22.7542965731 22.9935216401 22.9622843573 22.7996160992 23.0205381238 23.15062705 22.8192048804 22.9802893161 22.8536254105 23.0016421306 22.9996588225 22.6023346015 23.1224444018 23.0287869499 23.0000626385
23.0007943751 23.0799280628 22.8961209717 22.9765847832 22.5191275381 22.9746356084 23.1889579264 22.9777148704 22.9021475337 22.7887375655 22.568707268 22.6705864631 23.0836232998 22.8278178669 23.1091598525 22.9543222573 22.7745125423 22.8276545201 22.549086538 22.7163418257 22.7207226274 22.7513497487 22.6923792007 22.8417104975 22.5538857655 22.5345132808 22.7457964668 22.7460338375 22.8637432571 22.77926024 23.0012403654 22.5174881603 22.5633836113 22.5227819801 22.7750643215 22.7131294557 23.1987940699 23.0058275927 23.1118248016 22.9868463805 22.6878545362 22.9001285224 22.744214001 22.8323091551 23.0160077545 23.130315587 22.8759608023 22.7492157844 23.199145479 22.9707372318 23.0427851655 22.562651699 22.5981564246
23.0911191852 22.7546335975 23.0918363175 22.5413574598 22.994559121 22.5612677069 23.1141093428 23.1850302107 22.6618044475 22.8989301502 22.9407140506 22.643469621 22.7595627166 22.6288707383 23.0209254611 22.9705090847 22.8646485473 22.8942931426 23.1689474399 22.5393288897 22.9628548444 23.0192454386 22.8605188891 22.7740905757 22.6069177985 22.5207993249 22.7474328201 22.5784889821 22.8288859833 22.6576787755 22.8548349494 22.5402144249 22.7698961571 23.0467874163 22.72788525 23.0792484769 22.6178994956 22.5957516419 22.928803772 22.7347405588 22.5983110679 22.7874449871 22.7578848576 22.9141518537 22.6874955088 23.1496782076 22.88763861 23.1686795776 23.0075415973 22.9043817969 22.8090618662 22.5223418376 22.8760412227
22.8564707457 22.7947117875 23.1066398248 23.0811013546 22.9787339812 22.9747257204 22.515047411 23.1797667337 22.5676160899 22.6669432251 22.5154036297 22.8710843353 22.7220535871 22.7658940628 22.5363164174 22.9158859654 22.7212231516 23.1577102068 22.9954360084 22.6497284493 22.5239598509 23.1365857071 22.7552488265 23.0252925322 23.1679118696 22.9318082525 22.8818592441 22.8009613432 22.8272186544 22.7404976216 22.6453030789 22.8814919613 22.7760883809 23.1615756156 22.791441193 22.7208544656 22.7474976582 22.5051013256 22.7867743164 23.0256788404 23.1674602154 22.8840981869 22.5134960152 22.9345499168 23.0280127932 22.8758252988 23.1945127551 22.8913698236 22.7479395532 22.6092422541 22.6351695336 22.9184084499 22.8884586231
22.611677447 22.744764781 22.6069142537 22.678734702 23.0713170221 22.9249291264 23.0725355607 22.9626746877 22.5164527043 23.0669181856 22.6051870875 23.1083365392 23.0225895003 22.6136560639 22.578353051 22.5346944927 22.5800637129 23.1323346196 22.5963327512 22.8749000111 22.7749744866 22.5485097306 22.8881303585 23.0557941836 22.6041619016 22.5106702287 22.6282010827 22.6640926443 22.618808218 22.9636786436 22.5260898221 22.9046350873 22.8463188619 22.6281258132 23.1319185507 22.6727144732 22.5311622023 22.9440516562 23.0558970303 23.0574746426 23.0318345239 22.6921331156 22.9461499269 22.982187212 22.9348534084 23.1583227377 22.9238851755 22.819257835 22.9635583255 22.9591826144 22.8764971703 22.9381841423 22.8673664355
22.9369217942 22.6876575043 22.9488734851 22.6300587071 22.7906694056 23.1454416693 23.0063166977 22.8164831813 22.527009157 22.9528260259 22.9982740715 23.107634184 22.7132712074 22.6707788537 23.1414217907 22.8903155298 23.008750414 22.6793883143 23.1652340547 22.7951805627 22.6107520524 22.7761254517 22.9250825255 23.0109614048 22.581560666 22.5148266703 22.6312515731 22.6360749994 23.1869165936 22.5997263026 23.0994331484 22.9338981604 22.8324378625 22.7310802059 23.1216850239 22.6844628073 23.1082885573 22.8289455952 22.8319779693 22.8710879497 22.8434373839 22.8733943608 22.6573422168 22.5086701606 23.0391730948 22.8871052665 22.8369947493 23.0516804579 22.6415326948 23.1189395953 22.8129263147 23.0712733552 22.9822309458
22.7896280863 23.1376714268 22.9057013387 23.0504684663 23.1265669613 23.0547913857 22.5729241645 22.9577147963 23.0037766595 23.1578493722 22.7029245021 22.8129964828 23.1580857534 22.9082028386 22.9945662364 22.8266291547 22.7276857464 22.8571739723 22.7219338458 22.7751738348 22.9098246154 22.9745967168 22.7255621627 22.5338121179 22.5983134508 22.7387706148 22.9945978681 22.8071695669 22.5940402493 22.5101291662 23.1648514273 23.1121077852 22.9252743978 22.8953510254 22.9363139524 22.6922961071 22.6997557577 23.1289650819 22.5192067958 22.7977927416 23.1359416365 22.7641147767 22.945112681 22.8445618257 23.1256426478 23.1961625362 22.5833154353 22.7483351048 22.9826218957 22.7424777502 22.6260564227 22.7621849611 23.017187603
22.6579610455 22.8548759517 22.6468333827 22.7732126155 22.9419450021 23.0147457429 23.1317515279 23.1142652604 23.0676426234 22.7768652385 22.6959792519 23.1307492351 22.7416817831 23.1435358132 23.1050195339 22.836698224 22.9605406043 22.7149241786 22.630119869 22.6164390576 22.9324955586 22.6460207979 22.7440202089 22.8576008966 23.1290751498 22.8976501216 22.9787903554 22.5139806867 22.7218779568 22.9058268775 22.6096034012 22.8772442181 22.720334679 23.0606412286 23.0768853437 22.9955357119 22.5696642271 22.5703829025 22.812184975 23.1604425493 23.1211889118 22.8974784038 22.7603687543 23.0445315709 22.5615465516 22.6891220363 22.9039623062 22.5687631247 22.5020973067 22.816706111 22.9054957863 22.6322276612 22.5623865092
22.8434608523 22.8038695439 23.1985332872 23.114990415 22.765650782 22.9030373069 23.1090581876 22.8058458029 23.0457676634 22.6739707209 22.9111306812 22.5162104465 22.8935803508 22.6254222422 23.057798779 22.6966195945 22.9460674999 23.1873648309 23.1433638938 23.1086359601 22.7947390649 23.1969301879 22.8421852458 22.6648933445 22.6657313771 22.6983484465 23.1456745645 23.1047266308 22.8964937765 23.0222438817 22.6504337481 22.8425255487 22.7111693526 22.7406886933 22.8680873726 22.9688329397 22.7233975322 22.8086831102 22.9824400066 22.5169884234 23.0098538498 22.520404718 22.7376342357 23.1014179918 23.1667662313 23.0839880847 22.8000937511 23.0512736744 22.6004760182 23.0388751441 22.8950569747 23.1215134879 23.0343878805
23.0020518408 23.1578851489 22.6821924575 23.0000376075 22.9274312439 22.7656440771 22.5165718956 23.1771594892 23.0858933488 23.1680455252 22.9982763798 22.5681777823 22.8549238432 22.8319208784 23.1130125187 22.6800323936 22.9049279418 22.7710254034 22.9540948374 23.1758073315 22.7558153672 22.6960027211 22.5425293697 22.7740071401 22.6853216685 22.6436858688 22.5095511473 23.0115220359 23.0773222451 22.9262839867 22.7441556084 23.1694638766 23.1196973206 22.5461712912 22.9210174765 22.8155949237 23.1459242384 22.7415422771 22.9281948449 22.7710607599 23.111005728 22.7573786148 23.1364721471 22.8770160271 22.7271358141 22.654788866 23.1855439127 22.5622439684 22.6415935155 22.8606797917 23.1490373779 22.8453210364 22.7348516002
22.5840939459 23.1220011532 23.1051414435 22.5320276171 23.0523076637 23.0900285988 22.5022276943 23.1326622299 22.8448612726 23.180342784 22.6471078217 22.7049301578 22.5089240698 22.6928177866 22.7861208142 22.9431616094 23.014733734 22.9222958604 23.1218156307 22.6416647639 22.6341340328 22.5734982217 22.851169271 22.7279665492 22.8471355565 22.8815636609 23.0718151461 23.1266321997 22.7902336718 22.8771669181 22.8254229693 22.6989931653 22.593239583 23.0698165253 22.6632443744 22.6903343135 23.0048369389 22.6754813889 22.6004390843 22.6638568128 22.5570074807 22.929756251 22.7194185 22.7130325503 23.0839841975 22.5916197711 23.1762768097 22.5691067193 22.9910875205 22.8858961815 23.08617166 23.1867241547 22.7806470028
22.7738966629 23.1217078105 22.745792616 22.617511534 22.9079584282 22.7698289929 22.8754335017 22.7806000661 23.0511178144 22.727599411 22.8486804258 22.6242996295 22.7431854229 22.6082704161 23.0811895302 23.2036463001 22.8513571775 22.8871499632 23.1724003159 22.5469325157 22.6783379176 22.9195031988 22.7492281198 23.1127228623 22.969202674 22.6458211058 22.9799550484 22.8640471471 22.6911114173 23.1125603327 22.7250978658 22.7798754438 22.8096699704 22.8877550011 22.7911368249 22.7266038653 22.7098322785 23.0840364002 23.100198773 22.5453833982 22.6452707133 22.7503991387 22.8619810691 22.5703237241 22.6209442631 22.6092906744 22.9424010166 22.6264924515 23.0969239238 22.8340740083 22.9155973419 22.9932863167 22.7231204987
22.7104801962 23.1633838031 22.5763657952 22.8194415296 22.5113617136 23.1343590686 22.7701432663 22.6530750361 22.5103455452 22.9101994568 22.8028300169 22.6500364008 22.5860992383 23.1727822381 22.6558989716 23.1096739202 22.6984120135 23.0353910325 22.5209050314 23.0887024929 22.9744250475 22.8674846248 23.1969613628 23.1092590261 22.7539160255 23.1783099218 23.1085223575 22.7935007539 23.0283946767 22.6284182983 23.1301125003 22.8096172917 23.0547470197 23.1074261302 22.7327884348 22.7050241454 23.0670577857 22.5152810847 22.9731790663 22.6520470034 22.7842571759 23.016255966 23.1011921462 22.9557111005 22.6704830033 22.680787702 23.1306730974 22.8330677038 23.1812140214 22.8395108116 22.834635356 22.8820866244 22.8678540533
