Spatial_Output/90% DEC/90DEC_1348.asc
NCOLS 155
NROWS 192
XLLCORNER 196769.923733
YLLCORNER 449719.875193
CELLSIZE 27.603701
NODATA_VALUE NaN
[rows 138 to 160 of 192, columns 53 to 105 of 155]
33.0982646971 33.0838311075 33.856600965 34.0196582917 33.0625615316 34.1755916387 33.2151814438 34.1653211364 33.7162638423 33.9979423834 34.1856021658 33.0997233107 33.5900324138 33.7053283256 33.1703945247 33.0674705938 33.4315738251 33.870041509 33.4960345007 34.0732036016 33.7772591196 34.2693215323 34.3510477706 33.9062768725 33.3017959103 33.0680464367 33.8178544442 33.0171765111 33.6549110434 34.3523632128 33.5334099839 33.3734734543 33.3715210678 33.4328186322 33.5895093699 33.1558741065 33.4755892823 33.189772576 34.0955239891 34.068801732 33.6255823427 33.0977826825 34.0973026667 33.7226248662 34.384395378 34.1168308597 33.7146822983 34.1597130887 33.939903013 33.0811966964 33.5464146639 34.0092869529 33.1336532421
33.4588728663 33.7309954237 34.2413649571 34.3805671072 33.5799376947 33.6034899604 33.46660223 34.3346539314 33.4322502268 33.9603225601 33.1736040384 33.5824820988 34.1482836295 34.4087687795 33.9532541442 34.0001838114 34.0828846938 34.0942735766 33.4029395858 34.0065634422 33.6197446137 33.1890567455 34.232585319 33.1510871978 34.3156903198 34.1649998001 34.3122493192 33.2455465862 34.1027376728 33.9284715087 33.475889927 33.7526982921 33.6321690478 34.0137459063 33.7212833011 33.2560141455 34.0561297986 33.2073082157 33.2397930994 34.1033145598 34.3339361277 34.3538743841 33.5084509735 34.0219171544 33.2550328902 33.7615382028 33.0593854249 33.3725432956 33.3123811323 33.2107368406 33.8490354344 33.0704537357 33.6133383193
33.2057166875 33.0913514235 33.6338786591 33.3629969763 33.3884760713 33.8685321626 33.3869388808 33.0071116068 33.8608161164 33.0203610177 33.6242914353 34.2500091179 33.4189669553 33.7977681582 33.3881953167 33.2716247759 34.3658279736 34.3393922703 33.3030920933 33.4215147897 34.3774213527 34.2081664303 33.150485752 33.7250150905 34.1081995758 33.2402631146 33.038288947 33.4772574985 33.9794918994 33.9475417479 34.1205813539 33.4875902522 33.0170838938 33.7462638215 33.1818511131 34.0621576192 34.2544191769 34.2981706693 34.2064159167 34.317459208 33.4014313523 34.1144644514 34.3717520231 33.010540231 33.4025885565 33.8340032087 33.9813900567 33.9510351346 33.1050296239 33.0731148204 33.2564689697 33.1868284147 33.2477400686
33.8325989349 33.0411793034 33.7075762398 33.8662180079 33.5443457724 33.1739018824 33.459359057 33.6615871787 34.1055048101 33.1425209134 33.5625317779 34.3454802536 33.9012149167 34.2306222672 33.3652002655 34.2699235756 33.1378127436 34.0374406487 33.081099405 33.8725214392 33.5766979245 34.1217613318 34.3242946379 34.3262863156 33.15721574 33.2967642022 33.0814552456 34.4127779644 34.1535589686 34.0236297388 33.4488274941 34.1353684502 33.6944031475 33.1585950671 34.2054931172 33.9313867311 34.2807919982 33.0239669785 33.7785808721 33.8178193915 34.1255473251 33.0741945043 34.0479792843 33.6602312397 33.6215470616 33.0306867783 33.5987536556 33.3887176747 34.1887604081 33.6340716486 34.0554627832 34.2867675265 33.140688341
34.1473357089 34.3789050203 33.9771461819 33.3623291758 33.116748466 33.1005585506 33.8475346107 33.0993014748 33.3948407528 33.9908256967 33.8639852 33.8299310958 33.3846180709 33.1441866368 33.0459603443 33.4109552261 34.1680470659 33.3128130168 33.9452033136 33.0854888525 33.1192751752 33.4200700576 33.019018053 33.7777957085 34.0954494231 33.5431121381 34.1439624792 34.0930996005 33.3204964821 33.2642256066 34.3116623785 33.1554713983 33.3033139986 33.5195426267 34.3270296914 34.3556624032 34.3672104207 33.8132609696 33.6651555498 33.3022398393 33.9033282053 33.7339906659 33.1794777123 34.2010741576 33.7083185154 33.4452399289 34.0676013596 33.7086343241 34.1304908246 33.6934827188 33.0037449639 34.0408120417 33.6374402373
33.5633887942 33.7477137166 34.1298347142 33.3304562403 34.1168923388 33.5688068342 33.7488805969 33.6185045769 34.0423346174 33.4522742305 33.0293667755 34.2971163345 34.1643775158 33.821829146 34.1194712492 34.1608972607 33.4054439136 34.3393306608 33.4360601045 33.6568053643 34.234475785 33.3993938875 34.2025060523 33.5380043449 33.8799612292 34.4009155145 34.0276534154 34.3314102068 33.9326130948 33.3672846096 34.0007695877 33.1402840016 33.2732729507 34.1472587744 33.6533587967 33.4729285718 33.0457241212 34.4090143141 34.3945374878 33.4121542958 33.9790436029 34.1007601737 34.0319403898 33.5015167024 33.4777832752 33.0653668883 33.0825108578 33.0738891325 33.1841223257 33.8803904452 34.0305069086 33.1210875913 34.045041227
33.9601767951 33.4471541815 34.3912085188 34.2812599413 34.1774929023 33.1236207847 33.858800177 33.0780472256 33.182391243 33.2166276143 33.5976521462 33.007617433 33.0574440687 33.5914827134 33.013979291 33.3710440779 34.0212052303 34.0845481693 34.0670525305 33.8903669887 33.7024238415 34.4010624755 34.1146717435 33.2081780768 34.1921366323 33.202242893 33.7456588444 33.0408579539 33.193314094 33.7866298961 34.3340873292 33.4317466253 33.9235367278 33.0726700446 33.1311320242 33.4962385722 33.0874212261 33.3453303995 33.6223929954 33.9614498684 33.3017494788 33.2694959285 34.0594997341 33.3569750135 33.6277883926 33.8233741819 34.0797340721 33.4139905208 34.3565995796 33.444883719 33.4668986891 34.2655981144 33.2974506939
33.5567266404 33.9344751629 33.6042785688 33.9229997306 33.8095719861 33.1860376472 33.4882861316 34.0826877662 33.8670030439 33.6628004367 33.5297626761 34.2158295784 34.0917264773 34.1367877735 33.6881166558 33.6118640379 34.3422674157 34.1766928964 33.9096325396 33.6218942516 33.0134431213 33.3097581985 33.839052218 33.0107976634 33.3028467641 33.1131699813 33.0914746805 33.530904704 33.7195583922 33.3154454795 34.2273588099 33.9543390245 33.4250347744 33.4528386919 33.2454937577 33.9407767331 33.1330801187 33.5637358076 33.591612006 33.9993340582 33.4287597101 33.7762003483 34.3812281155 34.4140030168 34.2300736698 33.9412317741 34.1460568123 33.4101992775 34.203078214 34.1188055951 33.0257957015 34.2717419141 33.9125327167
34.2112696816 34.2355338938 33.5674243843 33.0307298636 34.1657027096 34.3147352616 33.7620809234 33.6931388574 33.0244827448 33.0541838471 34.4033027592 33.6621576495 33.7788356008 33.1525933378 34.025796722 33.9634956169 33.672816544 33.3822452512 34.1932803446 33.0296921701 33.0092473339 33.3018485349 33.6745843057 33.9082395611 33.1896685976 33.5781707043 34.2993745642 34.29272277 33.2010076908 33.5002604421 33.3948481635 34.2233084426 33.014404222 33.5960063821 34.1358703642 33.1527359761 33.686869699 34.3442719741 33.3757243442 33.704851528 33.7140951012 33.6977678064 34.161139456 33.6255428017 34.2933791509 33.2057235455 33.4714331261 33.0802361952 33.6224748134 34.0255569108 33.2974103405 33.6404642083 33.9582383504
34.3433749738 33.7406042669 33.5691596902 33.590016982 33.3871532309 33.6310596582 34.1584376455 33.9149908618 33.7957855387 33.3204648697 33.6019733332 33.9301368963 33.2955701982 33.129761791 34.028111132 34.4004548242 34.2305522159 33.5303620546 33.8267864955 33.6952873499 34.165011675 33.1709593652 33.818903728 33.0388324058 33.1937252097 33.7473533276 33.3376788481 33.5089973709 33.5672076261 33.6454069107 34.4136217927 33.1467290234 33.6618274388 33.3197468723 33.2987867762 34.3493794551 34.010354858 34.3646586622 33.0706881007 33.1635489872 33.698970338 33.9769965766 33.8592787747 33.6259329841 33.2174441026 33.9374603836 33.1951761032 33.3078860956 33.1584996322 33.6078661846 33.6287176826 33.5048740136 33.339006976
34.1183969064 33.1569174082 33.9705229791 33.1486857296 33.5481917502 33.6944607452 33.8383883507 33.4500140706 33.7217702326 34.2627922169 33.5430709673 33.0745561178 34.3320194617 33.7893839206 34.1336686869 34.1531605501 34.0163181144 33.9634388119 33.7397247385 33.7686120295 34.3334862929 33.0724128532 33.2692292079 33.175247782 33.354452155 33.7152206737 34.2535823593 33.5086334377 33.114692857 34.1435818321 33.8885379816 34.0031180891 33.8830414828 33.638133352 33.282210574 33.837556846 33.749098578 33.6162959269 34.0978937068 33.4304327296 33.7651694081 33.1938962457 34.2046873407 33.1841738411 33.7420810189 33.3204134972 34.2282999074 34.4055068701 33.6782878798 33.960675871 34.3339720019 33.8023603637 33.8289967419
34.035248779 33.379775411 34.4017741296 34.003987449 33.978989678 34.1741507434 34.3267287918 33.1240979264 33.3399531875 34.2595888699 33.3763544201 33.9233954837 34.2951006903 33.5575625386 34.119512248 34.2429178892 33.9461605079 34.1976406937 33.3467208425 34.2594176266 33.1957243534 33.6315094798 33.1852635981 33.9932595541 33.7838024702 33.4084522946 34.3020256875 33.1953052328 33.4799904141 33.9142739248 33.8045804494 34.2719040538 34.0238056283 34.2795336523 33.3044111219 33.5553635632 33.9044295603 33.9751384323 33.6230379431 33.376353868 33.5495068024 34.0889791002 33.8138771949 33.1498216308 33.6539733453 33.6876668192 33.4060252276 33.4573450564 33.0720830702 33.4427397753 34.1355782586 33.8536019071 33.0437504966
34.1902767742 34.2237857309 34.385679944 34.392777541 34.3478804464 33.0137559774 33.8994463695 34.3428282013 33.7351651414 33.4841013602 33.6517806014 33.8797728742 33.1232888133 33.7760467408 33.4714271754 34.2628594192 34.3777281285 34.2873264142 33.8110334963 34.0967098949 33.3137981817 33.0110943142 33.7583278439 33.3784525264 33.014718905 33.1602078024 33.6148433325 33.3217016787 33.9770836975 33.9058370879 34.2577583224 33.0401883617 33.8131685539 33.1173670264 33.4901646158 34.2172885559 33.8827412333 33.5220507168 34.0453259268 34.3617854937 33.9560195209 34.4091933819 33.6380318182 34.1055870044 33.9588931235 34.0849351334 33.0614259542 33.6024020972 33.8638154157 34.3792789924 33.7158672362 33.6451505676 34.0916316044
34.2089392453 33.8285122727 33.5933886884 34.2495161782 33.8273525968 33.1551281816 33.712359183 34.0837020441 34.4005149326 34.2990325098 33.0422750429 33.5134480914 34.3159420832 33.7384299077 33.83447804 33.232071119 33.1813145524 33.5517459199 33.6697625776 34.1188415394 34.0112403044 33.2311864095 34.1207164736 33.8766253308 33.0646419167 33.1373956123 33.6924009202 33.9127694522 34.3658418588 33.2040407703 33.1905762388 34.0206404112 33.5538511106 33.3738031625 33.9934435036 33.7832615066 33.7764552634 33.0158192383 33.9434840114 34.3587852967 33.5823804927 33.2765637958 33.0225980228 34.1072074272 33.1840944488 33.2654526287 33.7218719062 33.8311153305 34.3915081655 33.7044156002 33.3692577394 33.9619029735 33.036980005
33.5396803555 33.8000470418 33.2710394975 33.3089709281 33.021153616 33.7522525316 33.6486634068 33.6467881236 33.8171686561 34.0385264777 34.2595504281 34.1785680807 33.0640826827 34.1328471477 33.7783662793 33.6571071453 33.5794382976 34.1814424819 34.3873282027 33.7474854305 33.2503107927 33.2631092289 33.3377877704 33.8896313024 34.3801435673 33.1444201202 33.3935868993 34.1144299546 33.6937220729 33.7939924744 33.6260751078 34.0112422553 33.4804004513 34.331733938 33.7422287829 33.6681487649 34.3318641045 33.0214366504 33.4711789599 33.8984415312 33.6605631537 33.5489370045 33.0446475999 34.1639766743 34.252019951 33.8481268213 33.030308828 34.3212035351 33.9239483504 34.1227234383 33.9863659987 33.6887424829 33.8534774154
33.0497436805 33.9424496284 34.2796733843 34.0668089981 34.0379583329 34.3199723739 33.3392895641 33.2409336025 33.2228233358 33.4475911239 33.2852639471 33.6921081808 34.2518863058 33.2258867772 33.1414746124 33.8294474433 34.0372406397 34.1183676952 34.2652211985 34.1504013532 33.3885705481 34.3916427625 34.0200737197 33.1168191934 33.0101925421 34.1300916246 34.102931184 34.2979639643 33.3986325183 33.2378083241 34.307196567 33.8231804009 34.0343602649 34.3072402539 33.7065351042 34.3997870583 34.2732582487 33.0849960259 33.6988219436 34.2130664505 34.2132435744 33.6766223525 34.2874969905 33.5490338051 34.0292711884 33.4814475927 34.2269883059 34.2972272501 33.1116025003 34.4025932425 33.4950334265 33.9782563087 34.3863671775
33.4591533663 33.8822944189 34.1069447002 34.0410430448 33.4354066683 33.7978706161 33.2856140542 34.2287787448 33.18295314 33.0542062093 34.1563213998 33.6807578821 34.3683370725 33.682722688 33.679745705 33.1622147095 33.3343412027 33.2316428233 33.1571468833 33.9391455437 33.9636093572 33.0385290177 33.0675729377 34.1182341269 34.1788425882 33.8865539334 34.279757256 33.0514678831 33.063561265 33.4131474889 33.0134069602 33.6289434579 34.2657991172 34.2225310839 33.418591656 33.2938389654 34.0185171482 33.8687206405 33.2000082874 33.9793878978 33.0167464812 33.2200516794 33.8723258494 33.7458365431 34.204951339 33.1362269004 33.7443954036 34.3434875591 33.3590476254 33.207278559 34.3971917167 33.1642134684 34.204702771
33.8650153345 33.305213603 33.8308932236 33.3737393548 33.2755077002 33.21297824 33.0292631181 33.7622146031 34.2347180651 33.6514885609 33.9150982109 33.4469388116 33.7025196819 34.3718599653 33.9611711502 33.6832524067 33.8062512809 34.0909946728 34.1080316252 33.6750070409 33.6603986539 34.1984723083 33.4663887625 33.1554235989 33.1474193405 33.0189857286 34.2327174269 33.3267748979 33.1222551033 33.7265587069 33.7285524048 34.1713391303 33.3240052714 33.016913763 33.6642939202 33.9469843371 33.5973868917 33.8705788607 33.0731210065 33.979232475 33.2971985235 33.3830502089 33.4044395468 34.3112926386 33.4464817654 33.5791685014 34.1952430575 34.0140444058 33.8266974812 33.6256364003 33.3627935804 33.5165188102 34.3218372029
33.5189247402 34.1791652349 33.0696902519 33.1078996832 33.4027746628 33.0035411027 33.4950225223 33.919339145 34.2906504344 33.5207380826 33.0864856114 34.1191450251 33.213603563 33.6499905521 33.751139937 34.3067881797 34.266315958 33.0487438545 33.1530816812 33.9458215972 33.8530087714 33.1324052542 33.9217324018 34.1070642763 34.3026565565 34.1804033835 34.1063479121 33.543339144 34.4040050338 33.1860584066 33.932147132 33.5698340856 33.4051256962 34.0985025097 34.2355818404 33.700369217 33.7193487291 34.2107719776 33.8821302215 33.3165877396 34.3548156583 33.8554460502 33.8128296696 33.7851546595 34.2894183242 33.4281319644 33.2517103166 34.2647500232 34.0602712555 33.7544906463 34.0608445405 34.0613016299 33.8877795508
34.1417239273 33.0160317381 33.1503828507 33.8510600996 33.5702148437 34.2992217708 33.2066620945 34.3380943821 33.0704627096 33.5164970078 34.2110789063 33.1728156063 33.7236218416 33.4012595441 33.7556789696 33.1821200242 34.329074968 34.1897431605 34.1735988608 34.175049658 33.895819385 33.3404146661 34.0784215635 34.0728540851 33.4565718212 33.2676996998 33.4627598304 33.7105062607 34.1433918804 33.4988330314 33.3473215071 33.0271620265 34.3179389209 33.829058134 33.6151484161 33.90080987 34.17348532 34.2684699286 34.1164342563 33.4382673366 33.5278703981 33.7870106379 33.8932123465 33.6061843924 33.486365912 33.29318801 34.2858599857 34.0947180088 33.8837281834 33.7868778605 34.3076574985 33.384365671 33.2807608866
33.5495997155 33.0211789258 33.5121798064 34.2908263779 34.1786090692 33.8813480427 34.141876189 33.0857472823 33.9841635762 34.2304384958 33.6388598738 33.9387732415 33.6565654606 34.2101860473 34.0327213632 33.6070724464 33.7460184412 33.4464592374 33.7457014805 33.2261156353 33.5960230994 34.1668093465 33.0832658885 33.1360966306 33.3853138517 33.6209646294 33.4507741136 33.0126329273 33.6462864417 33.6275227152 34.0838010783 33.2840878073 33.0068497256 34.1647282035 33.6762829023 34.0493177317 34.3593771114 33.151378314 33.0433549812 34.3355026658 33.5445196553 33.6024624151 34.26986948 33.6739674628 33.4602981668 33.5579938819 34.3755289496 34.1875194096 33.759725185 34.1706338351 33.5403107202 34.2235949173 34.2409537204
33.5255538991 33.9774288324 34.3153853457 34.4033275594 33.1447179128 33.4763223769 33.455535139 33.6751331285 33.2074245563 33.0542031369 33.8946808779 33.9122883623 33.1757092135 34.2680390296 33.2162710093 33.2448292388 34.0993889728 33.3497875034 33.4346802431 33.1946976463 33.5607410037 34.2344735563 34.2944652903 34.2771955508 33.9316343227 33.2552286808 33.9452521144 33.832427808 33.6151339197 33.2832717591 33.1308920238 33.4531594232 34.1345423005 33.8206142768 33.2899557733 33.6984454027 34.2406314941 33.4742049443 33.751496222 34.2782879293 34.3159454917 33.1705216144 34.1155686483 33.0884061014 33.4962378959 34.0348090648 34.1871604923 34.0863924789 34.0576769082 33.7429911417 33.6448545921 34.4092497567 33.2720489674
34.3126158645 33.059422445 34.1624220451 33.0022070258 33.1302079921 33.4291673214 33.7800480169 34.1383041947 34.1742526061 33.0816004977 33.077678416 33.8308755069 33.0963097182 33.586191429 33.8286770137 33.541610763 34.099722841 33.5719175237 33.1478434627 34.2879176894 33.0644234552 33.567008689 33.3861041066 33.6593443737 33.5738615574 34.1235814108 33.5069903853 33.7646932248 33.438015831 33.6206241292 34.0741722492 34.0771017955 33.9957964516 33.494401936 34.387865739 34.3284925202 33.9145726513 33.227461768 33.0073364072 33.9314108561 34.3650813425 33.6646189808 33.0995044697 33.7038345058 33.766210423 33.2283613289 33.2107681233 33.1896562784 33.5262559956 33.0663770132 34.2978408347 33.028853706 33.205071939
