Spatial_Output/90% DEC/90DEC_1328.asc
NCOLS 155
NROWS 192
XLLCORNER 196769.923733
YLLCORNER 449719.875193
CELLSIZE 27.603701
NODATA_VALUE NaN
[rows 161 to 183 of 192, columns 53 to 105 of 155]
34.2092233988 33.4627273052 34.3313413624 33.9491475392 33.5835132818 33.2593540718 33.2884404396 33.1968587567 33.8679144596 34.2004077274 33.9802400491 33.0800526617 34.2893434206 33.7751274823 33.9607820863 33.7392874473 33.2911885317 33.2041231942 33.5493083021 33.5782623884 33.5405959525 33.2895841857 33.160775585 33.7072313213 33.7082847489 33.5355362184 33.2020464902 34.0186593787 34.2544741421 33.5549858877 33.3080162189 34.3671842031 33.5762770368 33.1165078127 33.6176461807 34.3754218351 33.3978267898 34.0084791537 34.0880994322 33.3660818917 33.7157749893 34.1001744092 33.4466794557 34.3872992009 33.0162535537 33.0298822318 33.8685475694 33.6277917077 33.5629807393 34.3775893302 33.0345448675 34.1372866646 33.0453273287
33.3490791924 33.3076868627 33.5075122124 33.9119281821 33.8423186626 33.7255189332 33.0901908533 34.3785928667 33.0517150975 33.4110649514 34.1457948037 34.3424753665 34.1416416297 33.6875581879 33.001854897 33.5530844873 33.2051378927 34.1367225144 33.7631022131 33.2686203686 33.1834582955 34.3772797729 33.728940449 33.1393925359 33.1645461057 33.5254440093 34.3756149391 34.0397205644 33.145803427 33.8312815007 33.5585378991 33.8797123349 33.0075682304 33.7970862564 33.948482849 34.2736592519 34.4036956764 34.040581598 34.1068872093 33.0955338044 34.1283708168 33.0141966937 33.4826032553 34.2930408895 33.2375280335 34.2144199291 33.788910346 34.3889576788 33.992450043 34.1528594341 34.3635360288 33.2952138357 34.0928370728
0 33.479872532 34.2943875968 33.6654539026 33.4055971444 33.445224692 34.2136321582 33.5688314236 33.1722027407 33.122720707 33.7711490834 34.3142543434 34.1782055461 34.3548306575 34.0213017941 33.469258431 33.368516465 33.2158999748 33.2482569228 33.1408620326 33.6347128225 33.7110779055 33.8506424572 33.6193733602 34.1195723428 33.2025661606 33.5315120336 33.8319975907 34.0813698452 34.2377629883 34.2929648324 33.1625907669 33.5834664411 33.9690016788 34.2150032783 33.3913345438 33.4602879476 33.9778084859 34.1947429909 33.0634531333 33.2617832749 34.0408707815 33.5264776619 34.1654992457 33.756101274 34.3834974429 33.9256003296 33.4403075152 34.2878501518 33.9218456374 34.0660306251 33.9310629533 33.0975629075
0 0 0 33.3806764567 33.8857836797 33.1817505492 33.2219774618 34.1041222125 34.1074828346 33.9217351184 34.1647157599 33.3500104773 33.9336430082 33.1090951784 33.5414143691 34.2322520157 33.6109313382 34.3415670654 34.1664973432 33.3859517581 34.2784528651 33.4743438172 33.4075300458 33.9133873166 33.4107220157 33.3000211828 34.3174996162 33.3034521892 33.6728573719 33.3212036112 33.905331946 33.1212668549 33.9380279222 33.5402612736 33.8242589599 33.4627357451 33.9869401562 33.0708489082 34.1874453996 33.3759271033 33.6203334557 34.4136430571 33.8825399725 33.5898859175 33.1482030564 33.3870874369 33.2810034512 33.695698057 33.1617546921 34.2362224476 34.0346156846 33.4012867064 34.3654426597
0 0 0 0 0 0 33.9492152156 34.1852911787 33.8960102915 33.2413071265 33.2841103294 33.4414543905 33.8049797996 33.8791467884 33.7330440191 33.310969132 33.393990727 33.3983134301 33.4694988464 33.9721773916 33.7644166835 33.2265974177 33.9593614966 33.2148964805 34.0837938557 33.549199768 33.2209687839 33.2749916593 33.0441982632 33.5154503615 33.1376645376 33.7788071164 34.1583059971 34.0120504051 34.2016595951 33.036166002 33.4491438795 33.3938803047 33.0743941177 34.1679151286 33.5238149113 34.0263459403 33.3548768807 34.1932760221 33.1548454724 33.9206691247 33.6890104931 33.8722805584 34.3377198633 33.5034642393 34.0447148858 33.4348683799 33.7542353726
0 0 0 0 0 0 0 0 0 33.6731818873 33.0825420208 34.1935655176 33.9205847558 33.8606972078 33.2421504289 34.3191366106 33.1115463765 0 34.3203926 33.5027042207 34.3410968226 34.3671573079 34.0144794309 33.4157702615 34.052756394 33.3846028501 33.3994070464 33.8905378199 33.4467731866 33.3102297228 33.8981656193 33.4123615193 33.0454300333 33.8517660836 33.5046096615 33.6825664688 34.3772836563 33.4314542253 34.3782759511 34.2277131395 33.7330367688 33.8175629702 34.1070550654 33.7466499991 33.1275547003 33.222184741 33.1175185612 34.1881232868 33.1587192796 33.7549150951 33.1457210632 34.1965919375 34.1767861894
0 0 0 0 0 0 0 0 0 0 0 34.0901700351 34.3715904478 33.5919510869 33.165398246 33.2840581767 0 0 0 33.9917877532 33.0333099763 34.3888406258 34.2011145725 33.4680400691 33.120151589 33.1165965215 34.2745356123 34.2646747042 33.2750491552 34.0580328141 34.3340873686 33.3160588665 33.16412319 33.2966518623 33.1348841448 33.5406315183 33.1604401765 33.6477852188 33.3886089939 33.3933539273 33.4714684157 34.1763731496 34.392491154 33.0608374312 33.3992796779 34.3076477828 34.0631293118 34.2688991401 34.0809897689 34.0541134417 34.1528728658 33.7944747452 33.3430638073
0 0 0 0 0 0 0 0 0 0 0 0 19.8977830049 19.8977830049 65.9304345373 0 0 0 0 0 33.1744329742 33.1320003142 33.7591654242 34.2764061208 33.8415934742 33.6157321927 33.2347234686 33.7184466434 33.9787144045 33.7376087571 33.1095944101 34.3871697254 33.631248326 34.0683364232 33.8908870288 34.2323702932 34.0235320881 33.8358417933 34.0272471125 33.0804718223 34.1922277975 33.9289284477 33.9442921792 33.4731416882 33.7690046649 33.6872863082 33.7530279699 33.5351362212 33.329104209 33.5665926875 33.0936234175 34.3129057122 34.2980041764
0 0 0 0 0 0 0 0 0 0 0 0 28.3777561991 31.901753331 25.703410942 0 0 0 0 0 34.3691833663 33.3627447824 33.4065035627 34.2287100247 33.6662093961 34.1655808756 34.2662769586 33.3959158054 33.1516673535 33.4319688013 34.3297646829 33.7416436086 33.4262805493 33.1894656314 34.3871916386 33.2750144809 33.1101398564 34.4046599988 33.4074416948 33.9584490245 33.2689991024 34.2235014673 33.7845240992 33.7802398494 33.0202777261 33.6304833487 34.0225933923 33.2472559709 33.6375187912 33.0182801203 33.1743884125 33.028536011 34.0614469301
0 0 0 0 0 0 0 0 0 0 0 0 33.6019522748 25.6918701297 17.303155748 0 0 0 0 0 0 34.2984194053 33.7591374651 33.4628814517 34.3663049974 33.9720333732 34.3193162565 33.9837490879 34.0216790209 33.2237104184 33.7285217987 34.1032412499 33.7767655175 33.5077468303 33.2764179571 33.5383088848 34.2962747367 34.2691181591 33.7976225276 33.2703285612 33.8728726333 34.2661829571 34.1898973127 33.9532357549 34.2945250373 33.9836099827 34.1603901356 33.1453689115 33.1260420484 34.4015543474 34.0123917344 34.215506849 33.4929120536
0 0 0 0 0 0 0 0 0 0 0 0 15.1896679715 25.6230531547 16.4499207636 0 0 0 0 0 0 0 33.0875472645 33.466414175 33.4029818321 33.2721179375 33.2507967634 33.8299310739 33.7427530985 34.0322914629 34.3359701227 34.1471985256 33.8022679085 33.7801767679 33.7517052051 33.7222131519 34.098944235 34.2845013814 33.3696504898 34.2187739886 34.3271782179 33.2279549583 33.9172252214 33.9942671361 33.9880046669 34.3921659159 33.8414446498 34.005710887 33.1342095238 34.0325188299 33.5973122112 34.2053273289 33.4202299415
0 0 0 0 0 0 0 0 0 0 0 0 0 0 0 0 0 0 0 0 0 0 0 33.2494529493 33.0980331015 34.1939984928 33.4776319553 33.1545981537 34.1606679857 33.6801876767 33.3786662143 33.5945884816 33.2807006561 33.9495703174 34.3040663401 34.164770213 33.0381291071 33.8711777901 33.6129627465 34.0025820109 33.9410550114 34.0008095282 33.3445757876 33.061113992 33.5335132645 33.7421665069 33.3847455535 34.2612928661 33.2561083822 33.6592743052 33.6177534515 34.2859422869 33.0770203047
0 0 0 0 0 0 0 0 0 0 0 0 0 0 0 0 0 0 0 0 0 0 0 0 33.8181934322 34.4080833975 33.8713181689 33.8424911106 34.1384246716 33.6480192076 33.2613907766 33.7443588084 33.0374555727 34.0517108465 33.1811383927 33.8461666104 33.3739554127 33.0595096354 33.0341494689 34.1576714126 33.4466507033 33.3361153939 33.1392207982 34.0014151139 33.6462410216 33.2995564112 34.2104126561 33.63696555 33.3029677736 34.0813834327 33.4794294123 33.0569754734 34.0808171745
0 0 0 0 0 0 0 0 0 0 0 0 0 0 0 0 0 0 0 0 0 0 0 0 0 0 0 0 0 0 33.470320395 34.3959796119 33.5583440984 34.1569311242 33.9800225057 33.7324880888 33.4658055862 34.0315956778 34.3868317094 34.0451643747 33.0563961573 33.2732331494 33.4608051068 33.2803574582 33.8888510222 33.4568865574 34.0000845706 33.1761550198 33.9749545137 33.3555410663 33.2942535526 33.0824340577 33.9223261471
0 0 0 0 0 0 0 0 0 0 0 0 0 0 0 0 0 0 0 0 0 0 0 0 0 0 0 0 0 0 0 0 0 0 33.6433150317 33.1968271588 34.2042811083 33.2028721284 34.0293843247 33.1749903571 34.2341841496 33.7421507409 33.5196613426 34.0054094718 33.7863466982 33.1569478599 33.3152830109 33.7088224524 33.7257365647 33.084281061 33.1872973352 34.3591571759 33.2240618661
0 0 0 0 0 0 0 0 0 0 0 0 0 0 0 0 0 0 0 0 0 0 0 0 0 0 0 0 0 0 0 0 0 0 0 33.6236868739 33.4965027651 33.0691747994 33.7986611664 33.8214659468 33.3243235711 34.2310949728 33.2272547344 33.3932385848 34.0288299799 33.2818186125 33.8712156608 33.0495381333 33.7659423747 34.1658234982 34.0150889251 34.3614021402 34.348764869
0 0 0 0 0 0 0 0 0 0 0 0 0 0 0 0 0 0 0 0 0 0 0 0 0 0 0 0 0 0 0 0 0 0 0 0 33.1257221839 33.0926134885 34.0581917091 33.8730035967 33.3313881717 33.0866142465 34.2848328876 34.2837639826 33.7285242799 34.0215404572 33.8763777114 34.072099644 34.3466660131 33.3338515016 33.2626758727 34.1915288812 34.2397542245
0 0 0 0 0 0 0 0 0 0 0 0 0 0 0 0 0 0 0 0 0 0 0 0 0 0 0 0 0 0 0 0 0 0 0 0 0 33.5849961189 33.6639142439 34.0834237763 33.4776572341 34.0198911804 34.1191792611 33.6458834574 33.8450045042 33.5035502351 34.3011126755 33.6123728108 34.0189884871 33.0180686441 33.3311148188 33.3712686583 33.5992848063
0 0 0 0 0 0 0 0 0 0 0 0 0 0 0 0 0 0 0 0 0 0 0 0 0 0 0 0 0 0 0 0 0 0 0 0 0 0 33.309848112 34.2934085403 33.4032991674 33.5036526174 33.6975664091 33.0816345656 34.2541608669 33.7883533432 33.9324187855 34.2051162118 34.0082642922 33.4255188444 34.2689881511 33.0135058969 34.0094301019
0 0 0 0 0 0 0 0 0 0 0 0 0 0 0 0 0 0 0 0 0 0 0 0 0 0 0 0 0 0 0 0 0 0 0 0 0 0 0 33.4061420922 33.6302809507 33.1164471355 33.2104490541 33.6069871905 33.4138537915 33.7145386892 34.3059836472 33.9959987818 34.0741263234 33.2695352914 33.077935267 34.3894514174 33.1577350525
0 0 0 0 0 0 0 0 0 0 0 0 0 0 0 0 0 0 0 0 0 0 0 0 0 0 0 0 0 0 0 0 0 0 0 0 0 0 0 0 34.1340801248 33.6887087796 33.1649592419 34.3356807095 34.0656173733 34.0991397772 33.8680852244 34.1784309081 34.1673422682 34.3962051793 33.8069255994 33.5652451033 34.2904650245
0 0 0 0 0 0 0 0 0 0 0 0 0 0 0 0 0 0 0 0 0 0 0 0 0 0 0 0 0 0 0 0 0 0 0 0 0 0 0 0 0 33.9918948454 33.8743028933 33.3994591022 34.1522844971 33.9388090315 33.5734995817 34.0172400863 33.4155332226 33.2993221259 33.1426517858 33.6465506263 33.5401678291
0 0 0 0 0 0 0 0 0 0 0 0 0 0 0 0 0 0 0 0 0 0 0 0 0 0 0 0 0 0 0 0 0 0 0 0 0 0 0 0 0 0 33.7652493034 33.9395432741 33.9145874958 33.0304300074 33.7088989643 33.0610156329 33.5129065514 33.6996657833 34.254010719 33.0434976491 33.1309533501
