Spatial_Output/90% DEC/90DEC_0333.asc
NCOLS 155
NROWS 192
XLLCORNER 196769.923733
YLLCORNER 449719.875193
CELLSIZE 27.603701
NODATA_VALUE NaN
[rows 46 to 68 of 192, columns 0 to 52 of 155]
37.3359839708 36.5116314096 36.5763289983 36.0553470838 37.0508689451 36.4111896503 36.2409360223 37.3291693309 36.3796818168 36.566791004 36.0645781006 36.7276453632 36.3932661074 36.2374413672 36.748684993 36.0528189813 37.197921987 36.9085897451 36.4313199722 36.1948234943 36.5791444718 37.2629570589 36.4834166829 36.592270752 36.0264260553 36.1358838415 36.827065891 36.1170510542 36.6512188246 36.033350903 36.4691453163 36.6180695343 36.7873110498 36.3225761282 37.0823833186 36.3631980379 37.1125509858 37.365429649 37.1989728417 37.068446266 36.2192642419 36.5144235137 36.2285303479 36.9525493082 36.0916657332 36.6788009147 36.5846639379 36.4339142221 37.2376046543 36.1121290001 37.3189860583 36.4117870821 36.6190347254
36.7074137386 37.2889481926 37.0178645057 36.176369925 36.8408179409 36.5836259146 36.1870506081 36.4110621457 36.3289104954 36.1461379736 36.2576127763 36.5414028983 36.0126549693 37.0249197453 37.4107728576 36.3549378258 36.1193044182 36.0957886985 36.3354906862 36.785581752 36.0558380366 37.0008958368 37.213922997 37.1257469897 36.1009441899 37.1680162817 36.1805516454 36.6676665135 37.3675456951 36.6980858649 36.2820842965 36.6189931702 36.6030340329 37.193609774 37.0088789794 36.2548940483 36.960152314 36.1139990133 36.885436775 37.3534511006 36.0929877833 36.3828498837 37.3946379092 37.3791770375 37.3496158891 36.296489287 36.2605574165 36.2737476503 37.0790821046 36.0199358963 36.8403951278 36.9968412681 36.2526967828
36.1887847374 36.1061926497 37.1289855897 36.7881974342 37.2995565268 36.1970529798 36.3171131476 37.0116602422 36.8170549329 37.3288990626 37.3448080861 36.8419057272 36.5581682865 36.9096260116 36.2576456447 36.9241547405 36.9301866506 36.8350330052 36.7658701172 36.3499715691 36.2825309678 36.9703927658 36.1222574951 37.3869787354 37.0177232969 36.0514316496 36.8947727954 37.0838534773 36.7767782866 37.226286422 36.8035358871 36.5740664683 36.1394412174 37.0751002583 37.0436341467 36.823998714 36.5739356113 37.3664359764 36.7896302635 37.2436333022 36.6330882487 36.9588772555 36.2298776079 37.1676246599 36.6058991388 36.0444269139 36.947058366 36.4225497498 36.3522690578 36.0785537637 37.1298294844 36.9389524793 36.290090017
36.8981820354 36.9388920637 37.1337709539 36.7861335324 36.6238019724 36.5053840952 36.4226645767 36.5261408784 36.1432185175 37.1259604042 37.0644303146 36.2637448109 37.3639969677 36.3462154283 36.1057760155 36.3127400109 36.1159791304 36.6290400753 36.5642595371 36.0167447493 36.3692852399 36.9515822303 36.1568223732 36.5364209734 36.5311997677 36.6496746195 36.5854041755 36.2913980337 36.7963293785 37.241203965 37.063538817 36.6788206205 36.8984790286 36.2837122463 37.0747225323 36.0728221557 37.0591661214 36.7212823045 36.4590807805 37.3995873403 36.8854228175 36.5162191587 37.0926504736 36.1071858104 36.4920437853 36.0776555543 36.8729494641 37.1422874255 36.7487148366 36.6770899153 36.594948961 36.9406234876 37.2269131387
36.3977622651 36.5507409569 37.0077496961 36.3384816452 37.2879121542 36.1896330635 36.863880623 36.7380512089 37.1590370114 36.9732452582 37.3986424759 37.4003834412 36.4556526799 36.826386581 36.7349870065 36.0479521902 36.5192054949 36.1653931762 36.722844126 36.4208620839 36.6969274256 36.1460933818 36.0392541975 36.702899363 37.3171379636 37.157466644 36.5712115872 36.2688256419 36.6833005067 36.8939280804 36.0002659096 36.7958434282 36.5985218612 36.4081410957 37.1838227359 36.5145976492 36.6349828019 36.293879024 37.3423567992 36.9667550549 37.3268787395 36.4003350617 36.4327362188 37.0383101722 36.8846480939 36.6112831189 37.3340233532 36.193172632 36.6358089913 36.9390260363 36.3269234985 36.461980911 37.1337225467
36.5019503082 36.2680892426 36.1345330547 36.1267166682 37.3336096916 37.3841421232 36.0722608874 37.2482300835 36.5992734712 36.095832316 37.2929592575 36.1317718483 36.7794821836 36.9485472559 37.2690155006 37.3985856096 36.2549342199 36.6684692738 36.7187200333 36.7978303803 36.6027016079 36.1033857062 36.5164584451 36.8977501821 37.40105936 36.1930736104 36.8517204119 37.0267861062 37.401336873 36.6313788883 36.2630015068 37.3855795986 37.1206132741 36.1058060129 36.3367260659 36.7984164865 37.1928269287 36.0885144017 36.5071764373 36.500699279 36.2023234339 36.6664632726 37.142784787 37.2156695961 36.2776024058 36.2179430973 36.5974065138 36.952835491 36.319148983 36.2607177544 36.0626989091 36.2208866098 36.1564332406
36.1029741011 36.5391810231 37.2777409334 36.7350451754 37.2932331943 36.7679090892 37.1506937489 37.0164570824 36.6115034459 36.9779661019 36.1196607507 36.7691676187 36.3704568697 36.4029283162 37.2899554315 36.8997133153 36.3571868901 36.6282290724 36.9694204435 36.3238175743 37.296787771 36.8828085511 36.055690681 36.0432438519 37.1443258696 36.6760524215 36.0862956818 36.1317410838 37.3690426612 36.5895843826 36.1626982857 36.7142239691 36.6786731949 37.1995916927 36.3229555921 36.6793978567 36.2213955392 36.4969417711 37.2497210691 36.1083957948 36.1611913331 37.2591317985 36.6992202788 37.076259012 36.0491958233 36.5177954742 36.485096123 36.8956154145 37.013306507 37.2311478464 36.269701378 37.2891566648 36.328653678
36.6772145098 36.4966490197 36.9880056661 37.1968834147 37.3040278024 37.2531855127 36.050133955 36.6686978602 36.4331376766 36.9623348849 37.0046696976 36.6771014225 36.6235691602 36.80455282 36.5174752505 36.3176582218 36.9837785827 36.2819871283 37.2883511504 37.2269945914 36.904493111 36.2885489123 36.9401497215 36.7902244784 36.1528033329 36.2954633934 36.7603310707 36.3158650983 36.8926497493 37.0132146858 36.4093776189 36.4708927987 36.7032989901 36.956047339 36.6046163953 37.0470801788 36.6756210456 37.024393555 36.5908578378 37.3680769648 36.5224424252 36.9538763252 37.0792489453 36.9740849099 37.2932567951 36.915187601 36.8021653688 36.7381913879 37.3253079774 36.3177693887 37.328488707 36.8702507274 36.8620955314
36.3782375986 36.0222776796 36.8774254249 36.4810258434 36.4354555404 36.4985865343 37.1004854273 37.0036210726 36.5723851018 36.2230995742 36.9871644548 36.0063812493 36.3193800606 37.2369639194 36.2431788256 36.0100429961 36.5480894879 37.1500102518 37.2759372625 37.0953607758 36.568647978 36.7562312624 37.0475300312 36.5404201126 37.1040362602 37.2883940487 36.235243771 36.2282638668 36.410283475 36.8518343393 36.829245656 37.1706856897 37.2345250664 37.2451903728 36.7226653624 36.847822817 36.0179013096 36.9836723192 36.9716536868 36.327682404 36.9203268401 36.2959922219 36.2564739194 36.3849965817 36.115566984 37.2975729995 36.5906535571 37.2751805878 36.9036318006 36.7158097539 36.4374242592 36.0570532288 37.0001276294
36.8947303277 37.2200991859 36.9244266181 36.0393764056 36.1874044345 36.1450570948 36.2283376153 36.7028186915 37.237915638 36.0203101357 36.5448637848 36.3914632948 37.0071138069 36.9982379457 37.104111872 36.0464741777 36.1967692647 37.1543329956 37.3929346173 36.304565652 36.6368235627 37.1497640547 37.1014736134 36.8688614328 36.3046423334 36.9304655902 36.1301126688 36.5254673247 37.2664616119 36.9879829866 36.2421866867 36.1648622577 37.0836965853 37.2443980418 36.3918668668 36.754179392 36.4181934298 36.6744405201 36.4480412612 37.1284306151 36.890655071 37.1568209002 36.2558793218 36.7627518814 36.3822602853 36.2167830078 36.2443187626 36.0583852456 37.2823982779 37.4140415471 36.7944957205 36.7275384904 36.4653751409
37.2133801209 37.1564805792 36.7704680215 37.004699876 37.269763101 37.3100131498 36.4312417696 36.7279246971 36.1488076798 36.3785384972 36.5584729033 37.2011099269 36.6124651444 36.2293667007 37.1869813838 36.3791285429 36.1392171143 36.686799029 36.9983229505 37.2955879337 36.24433599 36.2944685368 37.2825121933 36.2502439504 36.3498862263 36.3253263993 37.1434928211 36.6795315518 36.8719694433 37.2345529387 37.0427613919 36.581387514 36.7351553392 36.7249336298 36.7968427425 36.3779852014 37.2203144116 36.3801052034 36.1431398641 36.1547789205 36.5252766239 36.61521151 36.5232464725 36.1342589583 36.812799519 37.3534585767 37.1988813524 37.2911082261 36.0391926393 36.6061980681 37.1197947554 36.4875628048 36.5865522009
36.5987794645 37.217713776 36.7563936865 36.7407008087 36.1542119891 36.2411311481 36.6144663255 37.2332497064 36.6860705386 36.4461565569 36.4293752889 37.2854157792 37.2379358084 36.317756114 37.3128152721 36.1577326437 36.077250535 36.9753746957 37.1911306669 37.279302641 36.0129594634 36.9765924875 36.667153876 37.2812497016 36.2595739206 36.4594169823 37.1385075731 36.7152067692 37.2447060988 36.6754157909 36.0240682957 36.570565295 36.4697931739 36.9242711653 36.6780331935 36.6992898734 36.3849246464 36.7569151646 37.2043809788 36.6347273745 36.5320153632 36.879027706 37.1197869559 37.2831525441 36.8329222735 36.0744964875 36.2818689376 37.0149598664 36.4796746297 36.8040348047 36.9038078911 36.5676343941 36.0103448788
36.0408188421 36.1756284081 37.1619087868 36.1125291544 36.2478149611 37.368112768 37.0284689514 36.4698369114 36.9397164375 36.3812503864 36.3427561233 36.463112088 36.7060171906 36.2726530173 36.0960756474 36.3617134131 36.7641785739 36.1049578496 36.7939054386 37.0799845764 37.3078056854 37.377664511 37.0702631533 36.6848004812 36.1941771011 37.0704390513 36.8104904956 36.7034597071 36.4058182152 37.0186648719 37.2835598959 36.1890082763 36.2034213846 37.2146668591 36.4148840506 37.1662501855 36.1046106977 36.3326455611 36.4405419509 36.2990655059 36.6131665828 36.3343409276 36.6600886308 36.4522755055 36.6026366252 36.5633545205 36.3075060416 36.725091317 37.2602195232 37.2804741516 37.3437949136 36.4009865882 36.5618463017
36.0400257589 37.2081772815 36.5998677588 36.2091816915 36.2593890895 37.1448170333 36.3088729979 37.3934689624 36.7198872614 36.0955355627 36.3680290553 37.3935095424 37.3184104297 37.2872142451 37.1101383095 36.5495650286 37.3619751801 36.6506976099 37.4059240303 37.2113782388 37.0242597694 36.9797309279 37.2858501327 36.8818677612 37.0661534356 36.9349544565 37.0670198267 37.2859070475 36.6745576551 37.3155522333 36.3555067601 37.0378047971 36.9233127693 37.2629976934 37.0269458814 36.9858225623 37.1311113773 36.2419500363 36.3426804964 36.5763083058 36.2241531881 36.8638042652 36.4285354623 37.2173339386 36.2027931885 37.3017349708 36.7258445575 36.1679196636 37.1182708504 36.4309409253 36.0422886425 36.5846181162 36.2154895963
36.2215205822 36.940078533 36.738351125 36.0642118225 36.2579733636 36.1857193398 37.4054069599 36.0287970058 36.1236743528 36.3589054964 36.0755415024 36.3658530471 36.5391458386 37.0676870648 36.7185808238 36.349947755 36.9865724624 36.5935484729 36.4148143138 36.4063628607 37.1316322319 37.338066806 37.2394290715 36.4555760576 36.3823626666 36.5696072201 36.2710476829 36.4847134958 36.4819708996 37.2521917776 36.1203003923 36.8644110516 37.2781364046 36.4788325436 36.6299976393 37.2477590976 36.0708917644 36.5896335657 36.9567502845 36.882517062 37.0465228776 37.0408871361 37.1307324344 36.643585737 36.747891889 37.1449000431 36.4083619377 37.2279848375 36.7478890128 37.3996678469 36.5977635422 36.9919537974 36.0979077791
36.3275202699 36.1653108005 36.4910962053 37.0091989174 36.6927328653 36.0077442648 37.2455040793 36.1674020353 36.255244767 36.1710966344 36.7376287853 36.3419342905 36.5185319181 36.9430295311 36.1065570796 36.4513435387 36.1751761566 37.2511983514 36.0892850573 37.177934984 37.0084662913 36.446515263 36.3426148941 36.1754282465 36.2036489199 36.647514922 37.192843424 36.1839258928 37.1068655474 36.875211488 36.1301261413 36.6599789388 36.4842000886 37.0720598503 37.2190969452 36.8346975937 37.2605302103 36.0104888345 36.7112724905 36.3782279026 36.0335758343 36.3766354395 36.4701226761 36.3309060844 36.2157265084 36.9713016066 36.3441883412 37.2109018806 36.6194683593 37.11426882 36.5211137569 37.3307831569 36.1870338352
36.3673459483 36.5282226889 36.1244305186 36.3963772838 36.6968614225 36.8664994405 36.7482266665 36.6817011979 36.4647566163 36.7653105233 36.7262905935 36.7602915139 36.8673626702 36.5273020135 37.1586122704 37.0143809032 36.3060446577 36.3988227753 37.0811814678 36.5993604455 36.0300094758 36.367283927 36.5445039029 36.4758244152 37.0067289098 37.1370931367 36.8662452141 36.8562134392 36.8895863512 36.2562562522 37.2470346598 36.5894915529 36.7166521119 37.0377790476 36.6086820127 36.9076501306 36.4315657371 36.3071934149 37.4088043579 37.3101695417 36.803392325 36.5729580166 37.1088564663 37.1503145637 36.8602560115 36.3676723659 36.5807785028 37.0147941627 36.5861479789 37.3564680953 36.9716247433 37.2404285145 37.0481139566
37.155282399 37.1788052449 37.4044992099 36.1132824195 37.127650159 36.8152497438 37.2666867429 37.3204734636 37.1724139364 37.0161101589 36.4253833209 36.8567495207 37.0628440367 36.3126690464 37.2796399429 36.9958915686 36.2246993156 36.7532219388 36.615083944 37.2232300181 37.2057038867 36.2519033349 37.1729428373 36.8738852796 36.8409701308 37.2675165474 36.4320115053 36.5523937142 36.4031641906 36.1016486496 37.3078687639 37.3564077916 36.015877218 36.2286688875 36.8629959062 36.5809152958 36.0501473086 36.0066789665 36.9444661988 36.8878646167 36.5288728451 37.3876934703 37.3923162193 37.3658732838 36.9117954284 36.8822107911 36.6833864083 36.5260018342 36.8058813849 36.9455913095 36.0913316091 37.3738646937 36.7339311898
37.313844964 37.1154115507 36.4222617472 36.342244877 36.4534040242 36.3863806228 36.2473997328 36.2512217357 36.8012368064 36.4547499595 36.1963562531 37.2865142165 36.6630370678 36.6176753651 37.0629329033 36.8187604771 36.8664462837 36.1634629022 36.3051141706 36.255946858 36.3879712454 36.4418953204 36.7055849912 36.8432488145 37.0481373415 37.3181464434 37.2916044448 36.7563386657 36.2417865684 36.4177613976 37.1180093415 36.2638745355 36.6901831706 37.3273842223 36.776085312 36.6772962875 36.2819433882 36.2900567802 36.1664085761 36.4508118969 36.0847163504 36.7144604665 36.8707711326 37.0328749514 36.4600884866 36.6994067324 37.0747885093 36.5974858499 36.5451451396 36.6903718881 36.8335192618 36.1487548112 36.6248584011
36.8743874612 37.3450209792 37.1881371495 36.6862428008 36.623447497 37.0735774303 36.8240803124 36.3276338124 36.7161506761 36.98126292 37.2112638122 37.0680970282 36.5589791089 36.332765659 36.1163721002 37.2412290813 36.1034459819 36.351215153 37.0091020076 36.8253041507 36.0801882871 36.2574964855 36.1333894098 37.152340729 36.0389947216 37.4088040258 36.4396640195 37.0809448488 37.3406559535 36.046806372 36.5635977639 36.6341894882 37.1608632226 36.2209932169 36.9292762583 36.3090626546 36.9504248255 36.8140209626 36.3118794184 36.3724740335 37.2998991835 36.0254907242 36.1421991484 37.1388677234 37.3270249018 36.4632705636 36.8545851891 37.2528387871 36.6472943747 36.207652398 36.0507352464 37.2283010548 36.5888046392
36.643400609 36.5160720525 36.7270419908 36.975722173 36.9644870926 37.1882285698 36.6295964364 37.1530968599 37.2585833635 36.7980728703 37.2387275033 36.6896380382 37.1366779845 36.7979229312 37.2671059533 37.3490971971 36.5754503792 37.1305494417 36.2811441223 36.7948402488 36.86295705 36.2164833444 37.1980686278 37.3525422844 36.4674214257 36.4138753529 36.846002358 36.5453410211 36.5272508118 36.1045363869 36.6518109741 36.729154903 36.6315607073 36.7570129813 36.4047354415 37.1410158087 37.0825205395 36.2355806647 36.5637953911 37.4096454015 36.9279380828 37.2753671083 36.3651498606 36.8041931937 37.3744852565 37.3205600497 37.1761140258 37.2539401904 37.1084183466 37.0507825035 36.9908208108 36.2111047106 37.0502670305
36.997033603 36.9879054372 36.1516074762 36.9968548294 36.5653513258 37.1502270657 37.1229039557 36.3585383465 36.140490401 36.4768174371 36.8386158391 36.6507792242 36.3493472817 36.6246527148 36.8917145889 37.3927376167 36.940408915 36.2065029965 36.5831514197 36.6584503387 36.4100168918 37.0562483843 37.3221948388 36.3404520694 36.0439708501 36.7809075223 36.5295762961 36.7850790608 37.0098338543 36.9716104214 36.4150773641 36.0848496651 36.5499946414 36.591336643 37.0731591689 36.3916375867 36.1073816119 36.0416020722 36.0759069967 36.6800539078 36.2566478457 36.3510647685 37.3168134416 37.3721165035 36.0985306018 36.0560179022 36.6705297994 36.6944453831 37.0417623508 37.2717662873 36.2551109001 36.0816696372 36.5621868713
37.2439613388 37.2937638745 36.3085545192 37.3602039255 36.6254961389 36.0537570672 37.1852739205 36.2171733422 36.4957503534 36.0100188041 36.3028876499 36.720338629 36.7730363942 36.636187015 36.6310474631 36.8432952503 37.1955537669 36.8382749445 37.1504176202 36.7796928225 36.1667298898 36.1762779341 37.0969321608 36.4690570804 36.3321640642 36.7876686505 36.799539658 36.7670394201 37.0563863137 37.0454876056 36.8884590788 36.581181511 36.660262495 36.6394118252 36.5435483056 36.6940452767 36.5240446247 36.4751142125 37.1213612057 36.1670108853 36.1624883049 36.2522076703 36.0751285388 37.2049002058 36.9302740391 37.0576391492 37.1639395672 36.3914028647 37.2588172947 36.588780092 37.1081366649 36.5124878083 36.2203658984
