Spatial_Output/90% DEC/90DEC_1199.asc
NCOLS 155
NROWS 192
XLLCORNER 196769.923733
YLLCORNER 449719.875193
CELLSIZE 27.603701
NODATA_VALUE NaN
[rows 23 to 45 of 192, columns 53 to 105 of 155]
27.8014584689 27.6937576919 28.1757626706 27.6969822687 27.8758687578 28.0346696388 27.9039876045 27.6820623675 28.2019110146 27.987725029 28.185644249 27.6096990333 28.0836916995 28.159750017 27.9670025703 27.919471687 28.1408991383 27.5596097505 27.5806786413 27.79915298 27.7806159405 27.8272036973 27.8006884791 28.1284063696 27.6156540868 27.6992217312 27.8065456273 28.0686099339 27.8235566124 28.0809425787 28.1268261015 28.126071244 27.6582120051 27.5225040405 27.5020695244 28.1280297007 27.9045070712 27.8918196723 27.5710461765 27.7377259831 28.1688902254 27.9209294807 27.9041149805 27.5617646318 27.8086644456 27.6655613804 28.0081863526 27.800802062 27.9269282149 27.7207955737 27.7595141359 28.1575909657 27.7945123063
28.188217387 27.6800252523 27.8049612057 27.6854557563 27.9355667056 27.628428818 28.0279233628 27.7713657007 27.6266933564 27.9308935987 27.7848965393 27.9874670989 27.6882031142 28.1928970198 28.1624026556 27.7074805719 27.6454833002 27.6231651641 27.7377252703 27.9072925938 27.98325341 28.0127045529 27.6058254465 28.1910474431 28.0039731066 28.0085459475 27.8887334491 27.6971445264 27.9448357563 27.8125908494 27.5081684148 27.7345844841 28.0519212316 28.0050087206 28.1482419704 28.0481760334 27.6268748575 27.6562402348 28.0689520471 28.1977103089 27.6508631477 28.1840145571 27.7669176474 27.5404616512 28.0911080198 27.6081574467 28.0874908122 28.0171618697 27.5407499003 27.6824603782 27.6189596854 27.9941726494 27.593760185
27.6453894271 27.6963022542 27.7843454021 28.1952226742 27.5260963971 27.9173671642 28.0197240769 28.0705812127 27.7128814953 28.151132819 28.1880322684 27.6265106867 27.6377213706 28.201111888 28.1442563737 27.8893024223 27.91504006 27.8672986102 27.8346122157 28.1922302926 27.5100590202 27.8975235443 28.1760799595 27.9928175224 28.1018952809 28.1108659765 27.549963547 28.1655555924 27.8945922927 27.6533013609 27.9393366686 27.585589047 28.1906080183 27.9641914707 27.6078299502 27.6613328703 28.1255932206 27.6863449819 28.1075508634 28.1506178133 27.7107147392 27.8170021127 27.5961892896 28.1538214355 27.6924286063 27.9186554274 27.735117866 27.9371451241 27.5498271226 27.6850158386 27.7939411477 27.9518633447 27.5675030832
27.8390379616 27.7865776367 27.7550451412 27.5014617456 28.1022038759 27.9305681141 27.9336645081 27.6228382134 28.1286949208 28.1285214108 28.0684698316 28.1992750586 28.1371815413 28.1837295641 27.9349367248 27.689403387 27.6277077641 27.6332908089 27.5040856325 28.0416027193 28.0330907059 27.50882693 27.6369780725 28.0263093923 27.7928549748 28.193149834 27.5899003361 27.8404893458 27.8666857808 27.6133959938 27.6534714659 27.8764968718 27.8122463092 27.6048321583 27.9316113057 28.0936153487 27.8650579435 27.8499488756 28.1886993878 28.0588102385 27.9900206915 27.9029962489 28.1397793773 27.999960136 27.9070995415 27.7313168517 27.6079313953 27.7948788783 27.828888677 28.0024209954 28.0769725698 27.7893960876 27.6603999439
27.517919884 27.9676891072 28.0386909188 27.922591965 27.7631464132 27.5894496276 28.1324932936 27.7942120035 27.8693096312 27.8673194025 27.8801394479 27.8622590267 28.02126972 27.8749745145 28.1228744522 27.9396504257 27.7006067426 28.178469973 27.8356829545 28.1013137311 28.0690773707 27.5412163118 27.6977249038 27.776540053 27.9256418135 28.1775345037 27.5117688357 28.0144457871 27.6034950734 28.1465938353 27.6451915092 27.7368169948 27.5224765394 27.5341800724 27.9167266028 27.7812207196 27.5609048684 27.5521406083 27.596913355 27.844130411 27.872331907 27.5593859196 28.056853893 27.5008277554 28.0040370924 27.8447626103 28.1262090054 27.5375252792 28.1278636464 27.6101165634 27.7666046135 27.5862376172 28.0684815581
27.8429322735 27.5800777494 27.892426782 27.9158127375 27.9637054764 27.7094157123 28.0230512215 27.711001241 27.9510771815 28.0391467571 27.7444145835 28.1426354135 27.5731272902 27.8732371366 27.6662168308 27.5284666252 27.5645018821 28.12300803 27.8125582972 28.1109014407 28.1336468071 27.8965351083 27.6625520441 27.9408069034 28.0784115501 27.6699915061 27.714466947 28.1975905505 27.5306629364 28.0690693199 27.5359787924 27.5623249096 27.5327139231 27.5268999344 27.6543843903 28.1967620197 28.1899718732 27.7722567507 27.6869866968 27.535986166 27.5208090953 28.0255007418 28.0841993812 27.9702182167 27.763586271 27.6063357008 27.8117602808 28.092366173 27.5959170412 27.6110241676 28.0769161834 27.6569031015 27.6221072767
27.6555254422 28.1453601607 28.0361525837 28.0115793526 27.8741589052 27.9159048055 27.9310069564 27.629299178 28.1064045623 27.5034059884 28.160882399 27.8108345669 27.6979770602 27.7023044997 28.1971893036 27.7789830603 27.7269790994 28.051304612 27.902676921 27.9048923623 28.1150902835 27.8862782541 27.8101486433 28.1879840947 27.7008600359 27.6859382982 28.1431874183 27.6830118524 27.8353166982 27.6990950908 27.9642981122 27.6582190011 28.1947081294 27.8176463345 27.8065723992 28.0379572101 27.7101511652 27.9468125332 28.1813649088 27.5388288168 27.6657781371 27.7602602065 28.0737133982 28.1424767295 27.8866733531 27.5036189647 27.9797574145 28.1574620199 27.7341569196 28.1883837585 27.7969708933 27.8791125607 27.5926237362
27.898474221 27.5021943947 27.6010922413 27.9291844516 27.9391959996 27.6903267538 27.5709130578 28.1658634761 27.7782236082 27.8089142714 27.7506959636 27.5569536191 27.8832459401 27.8040599504 27.8342097417 28.0785181878 27.898215585 27.542817889 27.7859171625 27.8458113551 27.9573342983 27.5697317745 27.6833022975 28.1850476703 27.9120742066 27.8301890783 27.9612436413 28.1051336928 27.9042363532 27.6323765734 27.6199089184 27.7749010446 27.8634426875 27.6353381176 27.9374076498 27.9574505444 27.5626469805 27.7328207896 27.8952088163 28.0097892951 28.0135002453 27.5092774413 27.7481280367 28.1386119915 27.5148268671 28.1938527808 28.1421716798 27.5542488501 27.6916306841 27.5901143823 28.0481078004 28.1335370837 27.9380066592
28.0682744736 27.6543340871 28.1237794416 27.9785148655 27.9513173873 28.0100530001 27.9243337908 27.8561027818 27.9085521736 28.1975376629 27.5913430852 27.8347480405 27.900883911 27.5189007183 28.1642884917 27.7951504062 27.6931858127 27.8669681835 27.5545708791 28.1005216315 27.9571864647 27.7559635113 27.5743513401 28.1707551637 27.6722830854 28.1955519517 28.1589058851 27.8167782063 27.6830853944 27.7933225987 27.9454458733 27.6328844018 27.6864005598 27.9037176 27.9563021822 28.0880094549 27.6766386227 27.7788626791 27.5973318033 27.5513225143 27.5651266847 27.7800426482 28.0333551437 27.5799086925 27.9803158299 27.6887675942 28.065692358 28.1191133808 28.1590076195 28.1607506372 27.843280638 27.6451152029 28.2024910767
27.7097584784 27.527477958 27.9441520285 27.7634388694 28.0061186461 28.1230887235 28.0788182598 27.7221014045 27.8556676068 27.6882893514 28.1050057973 27.9059005991 27.8473603098 28.0264640339 27.558332982 27.6487248168 27.9850469382 27.8061361417 28.2017086088 27.5960050082 28.1016279774 27.7116032285 27.7608829194 27.9360941479 27.7595189433 28.1018158219 28.1611264451 27.5264093454 27.8711113809 27.695947978 27.7384854593 27.5548377584 27.5825820402 28.2011269039 27.7203794488 27.9202108232 27.8569092514 27.7807690984 27.8264707319 27.5479849698 27.6758217127 27.6113942629 27.7031231923 27.8246165388 27.5281131848 27.9306516619 28.074919517 28.1644907895 27.5008211706 28.104488299 28.0601340779 27.5769208005 27.8031848556
27.7434663057 28.0464926057 27.8278713678 27.5018434414 27.5567075566 27.7889595583 27.7303031788 27.8095859803 27.8160541877 27.8787769775 28.1725292017 28.1214395487 28.1037323765 27.7466604483 28.1406185138 27.5772409316 27.8168105983 27.5914354686 27.6942302904 27.8276857393 27.5423802456 27.7320130451 28.0432089597 27.7260108489 27.5187722835 27.9288120114 28.1914825237 27.5691196654 27.7405593552 27.8830017924 27.8889659249 27.9408732475 27.8695517859 28.0383262534 28.0663392849 27.6295475687 27.6624283008 27.5963635073 27.584712236 27.6460865591 27.7069054998 27.9683925606 27.8447464811 28.0361853699 27.9855581181 27.5495675844 27.9940093787 28.1275386297 27.9519607442 28.1290724019 27.9483940341 27.7292179631 28.0055669059
28.1110751549 27.526261349 27.9639237866 27.726547846 27.6466324088 27.9534265361 27.7591770766 27.571617182 28.0904334407 28.0379155123 27.5212115351 27.7724979989 28.2001914332 27.5875848186 28.1919693195 27.7210031589 28.2061378746 28.0140894477 28.1547107606 27.8346146956 28.0967023226 28.0425845467 28.1998874231 27.5888677718 28.1518941468 28.1626769345 28.1020616557 28.1236639466 27.5975690918 28.1665383601 28.0704460428 27.7976173063 27.6672171626 27.7740898536 27.9499707782 27.5561479998 28.1675619224 27.5235390045 28.147302195 27.5757187103 28.0084268531 27.9134827921 27.7640226909 27.5530990765 27.5464075804 27.9341674536 28.1897099896 28.1709138817 27.6260837518 27.6106723109 27.8587610367 27.8657354829 28.0741888236
27.6693301452 27.6265515276 27.7603285145 27.9877002007 27.9003404292 27.81849365 27.6499867688 27.8814359886 27.9505480209 27.8261897717 28.1540626432 28.1834802523 27.6166409579 27.8598657998 27.6371098654 27.7748157794 28.0481868624 28.1345018615 27.7663479138 27.6372807113 27.6113347264 27.8023031651 28.067582915 28.1467276434 27.9656384068 27.9103393984 27.9242817017 28.0071202142 27.5488953538 27.6871344773 28.1439971987 27.9987437661 27.6020060146 27.9429415635 28.1380563496 27.8884508931 27.6668469408 27.9895466045 27.9681127978 27.8359168359 27.568832277 28.1748782879 27.9762066081 27.7715035334 27.6158915123 27.9450639016 27.704759127 27.8565055727 28.1057480573 27.9031341256 27.5977505559 28.0065054199 27.658665037
28.0778608835 28.1065288409 27.5379682592 28.1571023051 27.6670470737 27.9101278183 28.0468235471 27.7836025069 27.7193212298 28.0960370032 28.0629047726 28.1251403271 28.072852484 27.7164284653 28.1215462041 28.1140344619 27.5288221384 27.9724820088 27.8888732124 27.7761669001 27.7190730955 28.1713765838 27.6950347259 27.8292235505 27.6915962811 27.6516034529 27.6334768565 27.5937793578 28.0860787421 27.9170847791 27.5888492127 27.5988783233 27.7497393956 27.8883909524 27.5943899121 27.9563930222 28.1081572111 28.0840732271 28.1017520147 28.0718984764 27.732485887 27.5902403242 27.7657548574 28.0289740278 27.6466858323 27.7929940634 28.0086580467 27.8949914867 27.5414468048 27.9983837743 27.7510477405 27.5359945704 27.5910198104
27.9526405777 27.5057622981 27.8390636121 28.0240649552 27.7635463422 27.9044297898 27.6039128872 27.7729241204 27.7348852573 28.0964773508 28.1196285882 27.5023489974 28.0976476856 28.0034067667 27.9128966527 28.1021766152 28.1241277382 27.8843146177 27.5918779966 27.6103016384 27.9516828101 27.7340870808 27.6557578173 27.9761886541 28.0840414801 27.9738422325 28.193761938 28.0719323688 27.8746249145 27.8902158124 27.7266206685 27.8708714499 28.1798883001 27.5092080342 28.1312037266 27.5954927567 27.6558981574 27.8547611314 28.0252492751 27.9921880374 28.0760496206 27.7315233456 28.0151749202 27.8912713245 27.5457642581 28.0032502103 27.9977647565 27.6312407346 27.5151607576 27.5975361803 27.6806925621 27.8845557691 27.8371782946
28.1816156874 28.0114475644 27.7276899765 27.6853418755 27.8696751184 28.0475957218 27.6427700981 28.1700322396 27.9776355937 27.5520613455 27.7095401954 27.7078037402 27.5879683919 27.6570244065 27.5150433037 27.8938640803 27.6807132382 27.5055187935 27.9381496901 27.7546234477 28.0919682289 27.8519772888 27.6726870969 27.7940225982 28.1316628079 27.898216026 27.6835076606 27.6909296898 27.6941901252 28.1354705615 28.0545979201 27.7067360373 27.9828433138 28.0386465149 27.634302392 27.7809286515 27.8522340613 27.8015297138 28.1991529521 27.5890210774 27.5312046074 28.0410279209 27.6866157345 28.1895961385 27.5911822847 27.6086494734 28.1984198967 27.8731641004 27.5565271426 28.1141988853 27.6573411394 27.8975179757 27.7623443711
28.1467996629 27.5774199645 27.7200079895 28.0609593527 28.2054253474 27.5672853417 28.1940209153 28.0172162807 28.045826698 28.1319974525 27.6187497434 27.5824334448 27.6516736922 27.8564393145 28.1802404099 27.8173982658 28.0316697459 27.9707018651 27.8894355051 28.0635315064 28.2060419137 27.9678417106 28.0514451647 27.8116024399 27.8046818241 27.9629923995 28.0709207786 27.6782442346 28.1478497261 28.1580618101 27.5784729034 28.0759357631 27.5203491995 28.1765553762 27.650001778 27.6842903993 27.6959468208 27.987058126 28.0063633589 27.9592158194 28.1263033692 28.0358793223 28.0114777347 28.0465756952 27.836530237 27.6136214434 27.9496976259 27.7795169103 27.8961854573 28.0262505694 27.8371403351 27.6535105765 28.1937581073
27.5839433552 27.9390886751 28.1184354464 27.5784964815 27.7145416159 27.5505923503 27.5653462245 28.1329599726 27.7083457386 27.8701009621 27.7082756418 28.076852447 27.90491711 28.1344310291 27.8289995036 27.6083483976 27.6157473129 27.6967523347 27.9203966648 28.2018793822 27.7492066908 27.9912512334 28.147966246 27.5399314956 27.5704804621 27.6398567495 27.7144450837 27.7390049826 27.7547342103 27.8257693224 27.6049292796 27.5199253463 28.111489049 27.8579754057 27.6252198095 27.6317779201 27.7901260165 27.9514548833 27.7661105266 27.8292442226 27.8317349418 28.0567825758 27.9076754181 27.6490463181 27.9493765752 27.5762757432 27.6125765989 27.7622119907 27.9526206178 27.5126262921 28.0686475284 27.7440591786 28.1147188669
27.5503860126 28.1021194182 28.1448304834 27.5512812869 27.7362719549 27.5138897844 27.5029530841 28.1816007617 28.0673198459 27.9411159464 27.8257005581 27.5922404363 27.9875087633 27.9560855941 28.0717260355 28.1978434377 28.030604848 27.7918955779 28.1000901305 27.9993653951 27.5374152706 27.5944453843 27.8023310986 27.8339830444 27.5541364554 28.0510744353 28.0172948133 27.9912696193 27.8744304025 27.9211352914 27.9852091934 27.9539159561 27.6494697731 27.5880598981 27.9824686999 27.5535390002 28.1976334264 27.69336511 27.9157342742 28.1969508549 27.6544462233 28.2045815351 27.9404089794 27.7161362051 27.6235587529 27.7642161764 27.5930253932 28.0818066649 27.5191597769 28.1542524399 27.5719703448 27.9410046298 28.1072128326
27.8452623 27.9967808237 27.9007971471 27.541909844 27.7435565206 27.9905889097 28.0310699582 27.733615059 27.9962925506 27.7223504134 27.5033686702 27.9537623564 28.1899735848 27.9919977969 27.8977036018 27.7582078913 28.1517566896 28.1735027722 27.6868943808 28.1265361676 27.6529764906 27.6433441813 27.7237999057 27.7104243223 27.8735146304 27.7618826854 27.7812078961 27.5650523083 27.8990436583 28.0431902594 27.6923805313 28.0824422169 27.9216616849 28.1388418365 28.1841797269 27.9743865803 27.9180526842 27.7705455637 27.8791660254 28.1768443582 27.8514158825 28.1326831879 27.8757619114 28.0385180821 27.6302284133 27.8447250651 27.6094499188 28.1598615301 28.0317114704 27.9790700744 28.0111274009 27.5405747561 28.0060432712
27.7608057949 27.9778824861 28.1616586033 27.6949760526 27.6670765741 28.1169472357 27.8491178382 28.1595578204 27.9422233404 28.0979148947 28.0350838521 27.9674463919 27.6755398924 28.0669988642 28.0993872505 27.7874881117 27.7124967179 27.5691612681 27.9837263577 27.6136182401 27.8577663709 27.8044386301 27.5481942398 28.0178710182 27.9489447901 27.5332181098 27.6929155454 27.8058270022 28.1170230552 27.6253004234 27.7986074441 28.2043642019 27.7657673987 27.83442322 27.6779802183 28.2039343274 27.7522434927 28.0034926774 27.7365113679 27.6908212619 27.8064304343 27.5285678718 27.5966001724 27.6120865199 27.9299038955 28.1295291925 27.7593261393 28.0721568692 27.8002024321 28.1838048045 27.8329229555 28.0138813462 27.5101967594
27.6488696619 28.0694913512 28.0955242941 27.8899498926 27.6661175957 28.1250904846 27.8097621338 27.7030838288 27.7808170158 27.805336722 27.6753718234 27.7106819221 28.0754881292 27.8072288714 27.7490343571 27.7086458716 27.8720398473 27.9290803214 27.9851932668 27.8425076526 27.6296333222 27.6361394975 28.119773842 28.1305982727 27.5546440729 28.0994385653 28.0182238733 27.8283710776 27.637592023 28.0469936846 27.5240663484 27.5690503068 27.7038447471 28.1518289227 28.0331274586 27.7401944556 27.9984809571 27.9322225009 27.5581425041 28.1646598568 28.0088668013 27.6899669858 28.0667238533 28.1664734432 28.0951882388 27.7874784185 28.1295548921 27.6559596835 27.5739007944 28.0581990691 28.1434466578 28.1218116929 27.8137442912
27.6780421751 27.8937130463 28.1321807264 27.5226448736 27.5985734327 28.0906367457 27.6786925354 28.1881319033 27.5670986999 27.7217773873 27.9253249275 27.8569509273 27.8008255121 27.5647483538 27.7453072145 27.6026547879 27.9097411553 27.9479309664 27.5580554496 27.9976354791 28.1015698398 28.1682081977 27.8583114456 27.819163582 27.7043484892 28.1490127839 27.680636976 28.0298884107 27.9822258116 27.5152745646 27.5414979491 27.6030104022 27.5805629604 27.8367464172 27.5827688449 27.9462010214 27.9022017734 28.1577778217 27.9755904892 27.9292551475 27.6731056572 27.986950798 28.1150908051 28.0665820019 27.7224517825 28.1277540347 28.0834384767 27.7528391142 28.0317768954 27.7872880489 28.1907909297 27.6320996721 28.110758058
