Spatial_Output/90% DEC/90DEC_0697.asc
NCOLS 155
NROWS 192
XLLCORNER 196769.923733
YLLCORNER 449719.875193
CELLSIZE 27.603701
NODATA_VALUE NaN
[rows 46 to 68 of 192, columns 53 to 105 of 155]
27.4196928392 26.9252745072 28.2967811325 29.2145464424 26.2239934698 27.5607222359 29.1982489054 26.5392890954 28.0643200606 25.7535340217 26.1668259538 25.5893018485 29.0591692387 25.3458892314 27.6812783517 26.1790917821 28.7231570587 28.3333750015 28.1983063431 28.6697797125 26.2349208798 28.3036028895 28.6272327007 25.8007464938 25.262202264 29.1520713354 28.8480715445 27.3522309378 27.2163216375 28.7522888918 28.5279287062 25.2291077017 25.424584505 26.4212609462 25.7810715121 29.110362974 28.916106894 28.9207169012 26.5288677025 26.5699765861 25.8649751281 27.2663969616 28.2049673015 25.4061673068 29.0694798192 25.7775258201 25.0856437866 27.4949440419 27.3653294873 27.1368064743 26.8327668981 26.1995120624 27.5125782856
29.0391657747 26.5634007551 27.1757091718 26.1153472111 26.1512123524 25.0383415354 25.2350940473 25.9799075013 26.8196700525 25.4520157513 26.9318097494 26.9215346109 27.4371842208 27.5468966184 28.5314194698 29.0187434101 25.360134095 27.3597214435 25.8551151147 25.8349778135 26.0951620819 25.1717608026 25.2481219486 25.4038027555 28.143639972 27.2770970782 28.9748132606 25.5586565309 25.1045026146 27.3799876417 29.1227336541 25.8742602238 26.6670768092 27.0612863647 26.7803082794 28.3750870297 28.8912878731 27.2410607418 27.6858094739 26.2636033754 26.3780147307 28.9702899074 28.6476455709 27.3198763647 26.9076008724 28.6987431162 28.1331367064 28.2657619576 27.0240341562 27.2386410668 28.8642776034 25.8247597324 26.1874083737
25.664817354 26.9446851055 27.8591602691 28.6359629796 28.289464186 28.9797536992 27.400964681 29.2327803198 25.7079345583 27.9386902518 25.0341900451 26.0021469731 25.733478431 27.5711735395 26.5954391792 28.2757106315 29.1209282093 28.0994418292 27.3530328812 27.4503653201 28.8234063622 25.6477261294 26.4082697564 26.5478795413 25.0384283119 29.0128907781 28.0240182206 28.1092358693 27.9859243015 28.1660979396 26.3965576079 27.8312610849 25.2956505199 27.6516950581 26.405954417 26.8750246192 27.2463014623 26.7282741058 27.8875135433 25.9049730447 25.4007168632 26.7211369183 27.016317189 26.3308685419 26.0235410388 25.206840749 27.3207798128 29.1678231023 28.8351216619 25.2654000147 25.3180912682 25.8798616673 25.1754468419
28.7061357866 28.9386950592 27.2522936081 28.5150527765 25.6824322415 25.1577661191 25.2170329055 26.5476049594 27.5715069312 25.9273426999 26.9401323077 26.3843611322 28.31703962 28.3615302479 27.7220275531 26.5555055424 28.0630065785 25.4906776454 28.2991324573 28.8793752632 28.2753454374 28.0361077643 25.7716318705 27.5079818727 27.9225555042 25.8854343901 28.0974499001 27.0655074626 25.602017193 28.4167711802 27.742558631 25.3582540979 25.3212597725 27.8128506295 28.0949052244 25.3165307346 27.5371329994 28.9605765025 28.6693302768 25.5130088823 26.4709846343 27.5966273167 27.0718300015 28.3690389195 27.4152071007 25.1491097939 25.1665389791 25.4238518769 25.3278573675 25.2881869002 26.0198055094 28.5106176678 27.3368324917
53.8957211876 53.8957211876 28.7428371811 27.3714184205 27.1385532871 28.6750961286 26.1917785246 27.9314494887 27.7537094651 29.1338774418 28.4983580868 28.2314086253 28.3603067082 28.7204734475 27.3413425834 25.9570907442 25.6211024612 28.1384293087 27.1676674553 25.6894935093 25.069133145 26.0213498946 27.0953446038 26.327256443 29.2037798703 28.5406834905 25.8377784337 28.0492212371 25.6639494801 26.979353761 27.3936741516 26.8540487302 26.1398538114 27.3473253079 26.2390945472 27.3501152183 26.3002528493 28.8342303813 25.8474500363 27.0359714014 27.4818026899 26.4119533555 26.6349292578 28.2302512881 26.6476556296 27.2577850543 26.6621933721 27.6166236258 27.2919596487 27.7375877969 28.3043620189 25.5567123254 25.0867047087
53.8957211876 53.8957211876 27.357001847 26.7604864374 25.249286154 28.8944544867 28.8879714363 27.4659232145 29.1173406505 26.3938084985 25.0044008336 28.7741863472 25.7094346315 27.5851955175 25.5482561867 26.9357476831 26.908189492 26.8061330362 26.9740768303 27.6476410079 25.2382231838 26.268148079 25.9746128643 25.7195917287 27.0357271149 26.0656546101 29.1858908511 26.5482161581 25.8452897518 26.0557834867 26.1833334726 26.6945381335 27.9850232518 25.1604660279 27.3041286099 27.1502734554 27.3248265476 25.9169736334 25.8911454049 29.0747764885 27.1614639653 28.4112846437 27.7490133263 27.730390145 25.1512068311 25.6673936956 28.9905077333 29.1852117697 28.3758511289 29.2318632462 27.8799541981 27.3015239405 29.013708323
28.1420823056 27.9447565871 27.7403737669 27.0698249876 26.4051865612 27.7006965455 26.4892967654 27.6262596147 29.2197127261 25.1442738254 27.3540730547 26.6569046128 25.074351213 25.4638185247 27.7438270972 27.1476319912 28.7365817542 27.8798813997 26.2145086179 25.0389072948 27.2647491996 25.2129530913 27.5389024761 26.2170036046 28.111291971 27.7783117512 25.0007490243 27.6959559981 27.053351598 25.120419974 27.3400762147 27.9906061143 27.2320265945 25.5611337921 27.29950665 26.8320276986 28.9736211022 27.3233251669 27.0223603669 27.7857600529 25.9083221342 25.1537642342 29.1176440309 28.092176873 26.3760138659 26.99641034 27.9948013288 25.4615185533 28.8797111815 27.5610093883 27.3130303817 29.1810324249 25.6818851526
26.6051027493 25.8913808116 28.742252898 25.0845588185 28.22938923 25.3236077604 25.1219991789 28.6430803351 25.1859833144 28.4043739162 26.8240654925 27.5046938112 26.4509160133 25.4074049396 26.7953687507 25.6956432746 28.2539841636 26.7531706768 27.4481093105 26.5082647995 28.3865068122 25.5601716273 25.4441500443 28.0455510108 26.1993779342 25.6409779366 27.3122058416 26.4160157496 26.9791376651 27.6023826699 27.6018850398 25.8108318362 28.6441923207 25.5360035543 26.9773149245 28.2717098354 25.6269047613 27.8076593383 26.7557266648 26.055416435 26.0447822772 29.0418911841 27.4389066866 26.8044789692 25.6960224763 25.8354358464 25.5025946632 26.3959039208 26.3407648471 27.6568791669 27.551256026 26.4351485512 25.0811479743
69.6534919969 28.2051283897 28.0818163501 28.8867921942 28.2885888881 27.454134556 28.6844533924 26.7964880004 25.8438480205 26.2768629289 26.933089107 27.9745473445 25.5448824913 28.5828203472 26.4185985546 28.5683639587 28.089851168 27.9715703658 28.8826234474 26.715734255 27.2209233152 28.9160354419 25.1625447201 27.467748486 27.2837079475 27.0329146126 27.2301766851 26.9592565249 29.0876875676 28.8830235977 25.8044864566 28.1634950647 25.6456578092 27.2007231742 27.8915293163 25.5678867322 25.9966478754 28.9852375413 25.9994702991 29.0533330827 25.6723548708 27.9480014192 27.0380792279 26.5080815155 28.6390169408 28.7363925977 28.9224987762 25.165079111 25.0144710992 26.1980963865 25.7907218462 27.6577671579 26.0909861361
69.6534919969 26.1731803956 26.9587147435 25.4804219252 28.953514347 26.896968393 26.7203209658 28.01097933 25.4859430096 26.3615790592 27.9925595513 25.9450945378 28.4707008147 27.1047553807 25.4111876425 26.4883401937 28.1981097116 26.9042568468 26.342349295 28.5019085729 25.7355818431 28.6061596654 28.2795316219 28.32313685 25.0549862081 25.6534874777 28.1625379084 29.1297560245 28.7102774997 25.2878852889 25.5430450167 27.8864970305 28.2757398475 25.1974956886 25.5520115143 27.6893550005 27.5170059114 26.2745595629 28.0672276945 26.5832364624 27.6163223896 26.249954762 28.1169249658 29.0100575795 27.3800886756 25.9643157806 28.0719666283 25.4736164282 28.329992024 27.48318084 28.5270545376 29.2161499779 25.3842607787
69.6534919969 28.7483363398 26.6145557487 27.1679588749 28.9657580672 28.6437435259 26.8381555977 27.1426550901 26.8785079409 28.9180181883 25.4778915012 26.4263589117 28.7201592138 25.4130720882 26.0435952009 27.7675093447 25.7778799307 26.9144287889 25.8667447195 27.9133612998 28.0840359892 25.7392436726 26.2638576198 26.0938479387 27.3183021522 28.9588210632 27.7841419929 28.556327699 27.242801872 25.3565502907 25.8839402109 28.5380237958 25.1090383475 28.2595234625 26.5753039584 26.8797689435 25.2902831259 29.2184994219 25.4156097122 26.0623317524 25.7959736834 25.314851914 28.853698017 28.1376000548 28.9515330958 27.0442097537 25.805973327 25.057195079 27.8936081743 29.0602671067 27.8316612733 28.4083393557 25.7136019691
29.1457956126 27.6805548238 26.6024783567 28.9357844035 26.8356637688 28.2338146448 27.042749715 27.1667950991 27.8817964909 26.3008865036 25.3585868045 27.0218992255 26.1949480644 26.0493152133 54.888238091 55.2466913772 55.2466913772 25.8353596937 28.7375100052 28.2731184531 26.8020117964 28.4268352725 25.3419875323 28.792519899 26.7603141259 26.1919554661 26.1884968461 26.5303982974 28.2223454947 25.9269373638 26.2249878513 28.6439622887 26.5817194056 26.6713642904 28.9144276369 25.1323296566 25.7776318067 26.6202393039 25.2421063636 28.176587223 26.630917679 28.5308580542 27.5366983132 25.9155432295 27.0113935754 27.8340724276 26.1411209767 28.1103792934 27.0883331096 28.8977762263 26.7670768628 28.9773821085 26.8942647506
49.0108083703 27.5359691238 25.090077231 27.893168808 28.8132589007 48.9190664311 26.2227743638 27.2080794551 25.8562063107 26.1008550448 27.8186524808 27.0417163642 27.265517522 25.2553893893 26.1178115282 26.9731061244 27.0109594818 55.2466913772 25.1977070989 28.6989257781 27.8924419128 26.5281336875 29.0538802006 27.1110610357 29.2403092014 27.5693605892 26.1096446302 26.2969445422 28.1573180864 25.5232251485 25.7717861948 28.5427615903 28.928929123 28.4776435575 25.1827097745 25.4874598232 26.1112940152 26.4098041184 25.0247686008 25.7132895243 25.11566411 27.4830831501 27.3311308306 25.9920424741 28.6589737897 28.1231092785 26.5454341421 28.5009514977 27.9469117767 28.2293458462 25.4005297412 27.5686300696 28.9805898591
49.0108083703 46.7490485462 27.848945834 47.6698221578 48.9190664311 48.9190664311 26.7299925907 28.8941879673 46.4644775036 28.9723548769 26.3106391059 26.8029737565 28.0433481196 27.8818965032 28.5188050593 29.0698428046 26.3532284104 25.5873299462 27.2191293396 27.2493813826 27.0300853152 27.5383588621 28.9837048676 26.1436314455 28.7038838841 25.1117695211 27.1105824982 25.4838403196 27.6213099339 27.9732252445 27.2051720075 27.3674309838 25.683514768 27.5251590998 25.4778437869 27.1296496884 25.1798696957 28.4930418023 27.0934269704 27.5385556885 27.9852199297 28.5104365351 28.3284587396 25.4312876256 27.182489271 28.3267675086 26.3457279548 25.9753585917 25.6112286892 28.3349626326 26.607217575 25.6780116501 26.8252550747
26.1430983315 25.5866284091 50.3849618806 28.7526848636 48.9190664311 48.9190664311 46.4644775036 46.4644775036 78.6730099338 78.6730099338 25.85901223 26.3264247109 26.0448791021 28.1660551259 27.1938057638 57.4774954127 57.4774954127 26.1165747912 28.1973674267 26.6939483878 28.3913948446 25.8435868935 28.5229806588 27.8398841516 28.5028918806 28.5357389738 28.4674122016 27.6191479395 26.3675131325 27.0366171758 45.7900293353 25.7045591556 27.4008658198 25.1949777115 28.5614117063 25.1692348039 28.2372369542 25.2807892851 26.0219817656 26.6756563591 26.0741959434 26.2519176484 28.3897951314 28.2891939727 26.7587989463 26.2458830715 29.0050299959 26.0220308196 28.8904722813 26.5512379566 28.7753663002 28.6872351563 29.0187464811
25.1761341524 27.9581476104 27.7033096407 28.8060276989 48.9190664311 25.2059123503 21.2601490096 46.4644775036 78.6730099338 78.6730099338 25.5343590379 25.0447842822 27.7260109509 26.4215490415 28.2547078736 52.6115849355 52.6115849355 27.2349644033 59.3281458568 59.3281458568 28.9996709654 25.2665951882 27.9114369201 26.4849884699 28.9339675597 26.1072720239 60.1890730159 27.0795020324 25.6365230693 45.7900293353 45.7900293353 25.993561791 28.4595956087 26.2156652107 28.4970405803 25.0968577957 28.2714063283 27.6661606584 25.7471608824 28.9228502017 26.9623451094 28.9135883892 25.0793460616 29.2219054828 25.7462974331 28.4040752928 29.0465275518 26.0791751019 28.9920544189 25.8123356482 29.2263073849 27.7855579504 27.0897054524
25.3492252089 27.7667538806 29.0807696949 28.0971587294 26.8990262171 27.2761127971 25.565216099 46.4644775036 25.7473950262 78.6730099338 25.9205312384 27.6911389927 27.8263973541 28.8985854386 27.8263791085 52.6115849355 52.6115849355 28.5275738028 59.3281458568 59.3281458568 29.1889890848 26.7152151217 27.8077609192 25.605414824 27.5319301816 25.1735595422 29.0001631347 27.5150910687 28.6984025029 26.2957659376 45.7900293353 45.7900293353 29.1115041367 26.726282054 28.4359161139 27.8831067414 26.0997001056 28.1455504291 28.7649804818 26.8749820044 26.2245659583 25.9755532834 25.5853526693 26.8884624837 25.2786299772 26.9575664174 26.3417836003 26.086866719 25.2606719851 28.9874816166 28.8785383159 25.3526267076 27.2165430507
28.1514435806 25.2959524253 28.0607541312 25.7752983047 27.9799886019 27.1056994405 28.1444131118 25.8957910975 27.1394457405 25.046523246 27.7074898384 26.7210605399 26.1554335562 28.9885817998 27.3817345678 28.9094243278 52.6115849355 25.1877415429 28.387483799 59.3281458568 27.7448458618 25.8114133643 27.5912256659 28.7530652209 26.0490036774 26.5865791562 26.6156354226 29.0269163049 26.7547350221 27.9270633999 27.8001948935 28.5215587927 27.4239213572 25.8577260964 27.7673711827 28.945453549 27.9176452103 27.9282271058 25.5022120103 29.0215921249 27.2074243675 28.9622469149 26.3693587374 25.6699927333 25.2057394152 28.4498076915 27.2644851413 27.6944459122 27.9526849759 27.5080686079 26.2405725369 29.180708109 25.5253513032
26.6038913333 27.9726069631 28.57325972 27.2345413715 26.3397528754 28.9844633997 26.5108604276 25.3238529792 26.6130224605 26.9383792786 28.1916375788 26.2546405595 26.383667762 25.8252838671 28.9449479453 26.8436803538 28.9735141246 25.3449756895 28.4561795646 25.0699988866 28.3811341871 27.7828353655 28.8952466207 27.2106016544 28.1866165949 27.6802073224 25.1984659742 25.8307264735 25.6704432368 28.5768790587 29.0815414155 25.4008313722 26.9055782528 25.6839532606 27.2572025575 25.0424906353 28.7581844212 27.1071873768 28.457162368 26.9473040182 28.3177039158 25.62347303 27.172206394 25.2059803999 25.7358488651 25.8371864494 26.5213195004 26.4521751078 28.7651332702 29.168168943 26.2311137235 26.2475832011 27.9999708654
29.2017863638 27.3637459452 26.8781016436 27.4178554663 28.4905715127 27.3118280611 27.3388346702 29.1455766926 26.6008199005 25.906918024 26.7409751008 26.8153712033 27.1909088024 27.8566031792 26.4019484043 26.5428109853 26.6751419205 26.5251724144 27.517365895 28.4436096498 26.1630466291 26.2050558306 29.1869071006 27.0567371791 27.266846414 28.5321684217 25.1480345835 28.7263112843 25.4556582424 76.8661523248 26.3905704094 25.459894136 25.7101652417 27.1526878473 26.8038335613 25.6491277704 25.4874777188 27.615416987 26.2540014952 27.4461277085 26.518336304 28.4156422174 28.5924976658 25.8222368746 28.3466721978 26.5928674253 27.641375897 27.8792898579 28.5247742732 26.9280079939 25.2478694646 25.0695160235 27.5181773926
25.3256957056 28.0431346498 25.0045253271 26.3249136655 26.2552136129 27.3887547331 29.0808122685 29.1163240903 28.7752323245 25.4478758024 26.7264679094 28.2083018266 26.0045800233 27.946546006 25.8371485797 28.6068453542 28.3601702003 27.5728822174 28.3468967193 27.1003577685 29.1670437715 25.681026162 27.1487743434 26.5359342282 27.441778448 27.6469343337 27.2400104885 28.1529972869 76.8661523248 76.8661523248 76.8661523248 27.4979014594 28.6558691767 28.7959401197 28.9978159512 27.2035474328 27.9203570031 26.7362148717 28.9161153253 28.0046695994 26.7380483112 25.1075642896 28.8246416944 29.0211490767 28.0164938266 25.5791538233 25.6446845241 25.7580506732 26.3267833039 26.5540940436 26.2866909881 26.3538880049 26.9948537263
26.5446949056 26.7388526942 26.6946245067 25.8220297337 28.5023146723 29.0450286788 27.4569154378 26.4858336741 27.7528427968 28.3304683422 26.3731502662 28.5156583519 29.0464751716 27.2800095474 29.2038021035 26.3369506894 28.2801672137 28.0028315441 27.677191198 25.1133389444 27.7058867995 26.8763025388 28.5893868246 25.1283497169 28.4012791019 27.1114984815 25.7297484983 26.5189934777 39.1714438061 54.0788603556 28.1358942568 29.0113568116 25.6025776187 27.1420474193 29.1312571153 26.4310912183 26.8123197686 26.102486071 66.0383184292 28.8788757564 27.4216815977 25.8902865878 27.5155126874 29.2321671195 27.4564645502 25.7761911853 26.8733384071 28.0751079476 29.1824799076 27.1964990655 25.3101064498 28.0687423934 25.0768367646
25.4393131389 26.6188543376 25.7287669663 25.2091825575 26.8787421369 26.5499783232 27.0707035602 26.0444325082 26.4894056652 27.8341112568 28.8692614584 26.4449776544 27.0745405522 26.1921314428 25.1666460679 26.2347639115 28.0069068173 28.5668909747 26.7880456353 27.4591623947 26.750114304 27.6337523195 28.9073795266 28.8699485413 26.421562531 26.015309338 27.645993893 26.3721834746 54.0788603556 58.7889771815 26.1273772032 29.1621134145 25.8614376301 26.752710932 68.7693141014 25.551969744 25.751963832 66.0383184292 66.0383184292 66.0383184292 25.2056856652 26.1413355967 25.6373596154 27.0799093919 25.1074914444 27.9574296127 27.0312122396 26.2427273793 27.8507056313 28.7340988417 28.5795915175 25.8791830727 28.5264087934
