Spatial_Output/90% DEC/90DEC_0005.asc
NCOLS 155
NROWS 192
XLLCORNER 196769.923733
YLLCORNER 449719.875193
CELLSIZE 27.603701
NODATA_VALUE NaN
[rows 115 to 137 of 192, columns 53 to 105 of 155]
45.4632314173 83.343804242 83.343804242 72.5158352451 45.9136581294 85.6119053972 85.6119053972 33.1936164102 33.1936164102 33.1936164102 77.1055214676 45.9189937899 45.4402747829 45.2434275858 45.5985362108 45.9037704644 46.1593154356 45.0256399693 46.3960049018 45.6983369632 45.9269063864 80.885326453 80.885326453 45.8674230539 45.6242675658 45.9245317292 45.4852226569 45.679844003 46.3202342422 46.2841829074 57.7753602533 57.7753602533 57.7753602533 46.3491571265 45.2289962621 45.6197251613 45.797668297 46.227412549 45.4916833456 46.0667257552 45.4935033803 45.4657159462 46.1331409206 45.4546557981 45.6765042 45.9329292644 46.0752353703 46.1507340761 45.3459134876 45.6720779839 45.5207392503 45.7085071325 45.8070854111
45.8940469838 45.3525762772 83.343804242 72.5158352451 45.5245297082 45.0009838111 85.6119053972 67.2813936423 70.9429607128 33.1936164102 45.2444821712 45.9317361798 45.403456891 45.8883403339 45.0384282867 46.1353045806 45.044436922 46.2633925075 46.0133570022 45.7398978949 46.371177973 45.0959526024 45.7017294107 45.2501783631 46.2427484078 45.1354545754 45.5593666115 45.5032602405 45.630296834 45.6770633858 46.2043640406 45.081077284 45.409574931 46.0512530121 45.8763113488 45.3319300638 46.186018946 46.130879445 46.2928134917 46.3694819813 46.2960292936 45.4700103791 46.2811992502 46.0853444932 45.0596102605 45.7787326466 46.3987931503 45.026836738 45.4212361808 45.3428647608 45.3370624414 45.1302294391 45.4624376759
45.7481435662 45.8741670326 45.2562768506 45.0350700324 45.9706937538 45.4029105375 45.0310864789 70.9429607128 70.9429607128 45.9651222042 45.1041898207 45.1262744936 46.1002582253 46.1476218412 45.0238628315 45.3569363909 45.6473671678 45.4159643362 45.5054780957 45.9262073758 45.1521950962 46.2728526103 45.2575300537 45.0479686711 45.9043355325 46.2773883761 46.3959294756 45.3168956462 45.5430875313 45.2387675893 46.0063537758 46.3710758958 45.1082607672 45.5156521748 46.1472147014 45.63850225 45.8162333701 45.9532117675 45.9561997558 45.3979781727 88.1109863238 88.1109863238 46.017160723 46.1347191757 45.1872943777 45.8923695187 45.8074783535 45.2229043679 45.0033793623 45.0845037266 45.7855801705 45.4002973975 45.9917236565
45.6783076386 45.0682600139 45.2877229625 45.9574568534 45.9724200338 45.9563074147 45.8359289881 70.9429607128 70.9429607128 70.9429607128 46.0256946349 45.5053587492 46.2449273615 45.9689714522 45.7772029981 46.1958682006 45.305929088 45.1633544757 46.3418593302 45.5640163892 46.0495238362 45.3413675923 45.6420610262 45.2767964521 45.1197507141 45.6036156839 45.3900382546 45.7244989062 46.0800263002 45.9147005069 45.2720024061 45.0537896677 45.0274916588 45.3605821966 46.3885825297 45.0882068574 46.2700611553 45.1296142345 45.8147587525 88.1109863238 88.1109863238 88.1109863238 45.7300353452 45.1595526575 45.583379589 46.1217136931 45.2065296974 45.8485076897 45.266952149 45.2835342907 45.9051473515 45.1095060393 45.7984532121
46.1959832493 45.8504570288 45.5148808553 45.3240213757 46.1656662509 45.0782096312 45.7371246752 45.4216723595 46.0461787958 45.5283557655 45.742083926 45.9692988755 45.2290618749 45.3055605904 45.2564571442 45.7526447656 45.6851305578 45.0158386851 45.7019348741 45.9108810636 46.3672523072 46.15517035 46.375490429 46.3597841292 46.3880290458 46.3461889309 45.319898236 45.5601105438 45.0321787744 45.6345711469 45.8635463109 46.165864841 46.177652501 46.1368762532 45.3258206922 71.8313342246 45.1589833708 45.7898629367 45.1508667222 45.2941008701 46.0673851067 45.9685064147 46.0840602132 45.8390109582 45.9216512299 46.3107914672 45.6870631009 45.1958907448 45.7964826289 46.3656001072 45.3599502689 46.2668794166 45.1522084118
46.0345668691 45.5104929693 45.5206273172 46.4029541889 45.8890690808 45.4709925604 45.7947753341 45.1460155447 45.8805199931 45.6825900089 45.5796981295 45.9346132612 45.9165653892 45.2214910847 46.3791052926 46.1662728509 46.1321937348 45.0326124089 46.1465020777 45.8697704888 45.8151239202 45.0330258272 45.9529341874 45.3285008444 46.3766673462 46.2054639475 45.3397588208 45.7037851467 45.4580370999 45.0765611998 46.0471219588 46.0277538443 46.3836889734 46.1216105082 45.2621006319 71.8313342246 45.0298937712 45.450513845 45.7590459559 45.4109740441 45.0606166916 46.2629270251 54.2104709299 46.3834954495 45.1311918878 46.3078998946 46.2408252904 45.5718309456 45.3902159558 46.1937208809 46.3554918343 45.5723661426 46.2566729672
46.3894087629 45.8206850115 45.6299168514 45.6517553666 46.0145808114 45.1653477967 46.1572124697 46.3455248663 45.4326890078 45.6216467702 45.7052035552 45.4881556658 45.5520375497 45.9342884701 45.391484473 45.188894345 45.9840996006 45.9039879818 46.2299833221 45.2180129497 45.3390883473 45.2079340182 46.399260819 45.4807211267 46.2799122321 45.2749690366 45.6648777912 46.2399442957 46.1653970161 45.8989119632 45.6588590769 45.9478176051 46.2048161092 45.9723839508 71.8313342246 71.8313342246 71.8313342246 45.8342114537 45.0960473775 45.4462991174 46.1106821059 45.3878308495 54.2104709299 54.2104709299 45.3944067136 45.4667964019 45.7286092515 45.9527757662 46.2442142047 45.84432461 45.3593692978 45.3463288771 46.2691587832
46.0471503485 80.2636736039 61.3775753037 45.1914029113 46.0874484749 33.3373460155 33.3373460155 33.3373460155 45.6590651691 46.0250179896 45.2935103881 45.4888569651 46.1716057628 45.4525420523 45.0715888699 45.5530213832 46.0376850342 45.7720361289 45.4202020822 45.7059527017 45.2396549111 45.7548145379 45.4615166035 45.4988868462 45.5447373039 45.2888217594 46.3175870864 45.2293017699 45.9485094236 45.9975183085 45.6490729535 45.9780949329 45.0378041205 45.4616219369 45.4989965954 46.3051648361 45.9248836734 45.5204146281 45.6223209249 45.5393174653 46.3196952571 46.3847596353 54.2104709299 54.2104709299 45.2919176531 45.9991721728 45.1856283086 46.0880295312 45.4591974903 45.4992626502 45.7903130846 45.6404205557 46.4068367818
80.2636736039 61.3775753037 61.3775753037 61.3775753037 33.5948938491 33.5948938491 33.3373460155 33.3373460155 33.3373460155 45.7036901817 46.2823701742 46.227082366 45.6341230913 45.6861613753 46.1783687554 46.0260522828 46.0395890724 45.4251400975 46.0804810825 46.2139121709 45.7787189151 45.5967963894 46.2208645897 45.7775456166 46.0716224442 46.3130404948 45.5208729 45.6863480262 46.0983424093 45.9427636179 45.4807835494 45.2939934744 46.1163448367 46.2180891641 45.2954295977 46.2494488158 46.0401085703 46.0868760558 45.625641089 45.8106402774 45.488610379 71.5503965856 54.2104709299 46.2974664048 45.1174410363 46.4096721617 46.2964568416 45.2442547459 46.3920481382 45.9866437777 46.0587044289 46.0307726486 45.9852682426
46.3721346391 80.2636736039 61.3775753037 45.6096965749 33.5948938491 33.5948938491 33.5948938491 45.1426483776 45.8885532952 46.3029667239 45.2907792513 45.7804693214 45.7404481867 45.0677142624 45.0190409735 45.3826627777 45.4590223365 45.6575657551 45.8479876985 46.0406928479 46.1673809207 46.3450424135 45.8588320173 46.3648082439 45.9246704622 45.8513043388 45.6125283716 45.2808424654 46.3741974619 45.6817245559 45.6769423027 45.5210530524 46.2755362857 45.5025547935 45.6059669816 45.8564638888 46.3202181203 45.0164242799 46.0872024807 45.7412180538 71.5503965856 71.5503965856 71.5503965856 45.9184764524 45.0127374391 45.6659770352 45.1225060687 45.1059534088 46.1954646688 45.2710618222 45.8564574815 46.031189428 45.664302781
59.5390748253 59.5390748253 45.6597122106 45.3162336531 33.5948938491 60.3108979969 60.3108979969 60.3108979969 45.2319310747 45.1356840003 45.3536010443 45.681292146 45.3349300581 45.5565494285 46.0655814767 45.6884184002 45.687941471 45.8560716511 46.1927327506 45.6940843924 45.6624271661 45.3126047304 45.9146261176 45.4437334819 45.2171829957 45.6552700847 46.1362066546 46.0283725682 45.9437221366 46.0965951539 45.4710218666 45.7732403708 45.6434519723 45.0498708769 45.4148946202 46.3095991041 46.0191806686 46.309768253 45.9983884626 46.1181442357 45.8481265644 71.5503965856 45.5788307806 45.6311050816 45.5790330507 46.2042375432 45.8234039415 45.0742656533 46.0479304737 46.3546353239 45.7764010197 45.2353757787 46.2707337998
59.5390748253 46.1419365977 45.6883035916 45.4198440152 45.4260476981 46.4095000336 60.3108979969 46.4118548971 45.3493339863 46.0061126523 45.3435905622 46.4053975555 45.8787271907 46.2274623005 46.3531976481 45.552284061 45.8381213421 46.3543902348 45.1309013714 45.6213417438 45.4639960999 45.091283072 45.6566302532 45.4917639098 45.2157110958 46.1470142201 45.3012658057 45.6596461339 45.692097887 46.2385580263 45.8378289639 45.8833501297 46.1446302154 45.0453188277 45.9221201606 45.0297958681 45.4026044362 45.5122846006 45.2720604594 45.7231569068 45.2063546218 46.1013072771 45.8454322512 45.2199266397 46.3379128004 45.4978304888 46.3830826948 45.6500061647 46.3495088005 46.3974646224 46.3019728102 45.7962766946 45.3509630949
59.5390748253 71.0757136652 71.0757136652 46.315056508 45.9236426347 46.3707942399 45.4928236222 45.6278544076 45.6302173653 46.0221342229 46.0501402993 46.22281311 45.9924438182 45.8289420737 45.7028140642 46.3354240935 45.300627367 46.1173651396 45.5456827803 46.2163097746 45.8108844605 45.3609149442 45.125732885 45.6606676817 45.5353815293 45.7011338679 46.1478998423 45.1266784643 45.3612452315 46.0206024271 45.4762677387 45.2405844512 45.5261839467 45.7768344623 45.0186210682 45.0910906141 45.1851780572 45.1253195426 45.527509264 46.395585843 45.6741705187 45.0847321014 46.3359222676 45.7415069357 45.0616281485 45.3373457444 46.4050846692 46.2661167862 45.7879014405 45.7594524776 45.9016627225 45.6399526142 45.7868659962
71.0757136652 71.0757136652 71.0757136652 45.5242857399 45.159377848 45.3274492853 45.706436581 46.3826332746 45.2700901409 45.1380952093 45.9407914376 46.28120984 45.9259276131 45.95355419 46.1107693971 45.8277320668 45.2192532991 46.3984660317 45.7793676176 45.0721314074 45.3545226153 46.244288555 45.7379571274 45.8997624251 45.9732162036 46.0463919127 45.3720873816 46.259435329 45.5231188847 46.1005990633 45.427455332 46.3731203936 45.0489054693 46.2951936198 45.9350260746 46.1935083062 45.291824101 45.4362777781 45.9860863102 45.6468056988 46.3576634642 45.9612235629 45.3335442513 45.2848323191 45.000926602 45.8712228451 45.8389691861 45.4454031097 46.3434432403 45.8300391291 45.5772268707 46.3031294023 45.8552264265
46.1196342538 45.3930536884 45.0195166309 62.8525682058 45.7153902089 45.4037160389 45.5747125425 45.9318991735 45.5601472128 45.8091154328 45.4358086953 45.2944492995 45.2505048953 45.7809645511 46.3881505338 45.4331812361 45.820216487 45.7334010426 46.3872510474 45.3427947937 45.5335764158 45.6828425096 45.5623750846 45.0576680056 46.1148265543 45.5189947487 45.3218326803 45.6764499447 54.8234452928 45.8303111033 45.4347672406 46.0716792709 45.1729540869 45.0617140169 45.7303004606 46.1471976159 45.8741954356 45.5267152087 45.5524206679 45.7047103308 45.6378040388 45.5522273095 45.9180718744 45.3521157664 46.2405434875 46.2854181808 46.3592140821 45.7131541547 45.1089528286 46.3022313875 46.1144017869 45.7343808122 46.2271335751
45.2546631085 45.4305395541 45.1611298256 46.0307313715 46.0267842394 45.3164564791 45.5103305568 45.3936445468 45.33291832 45.3480240963 45.0524449787 45.2879237246 45.5735473498 45.4924141751 46.2538709741 45.2333931227 45.8311197177 46.1904165081 45.4105960164 45.1280489073 45.2218553337 45.1575455553 46.2091465046 45.5006219116 46.2635892328 45.7417129427 45.6460486309 45.5825593655 65.8358059592 46.2472267091 45.2604885696 45.777340445 45.4595547736 45.9948831185 45.5265001071 45.0383465262 45.8784982058 45.4318803809 45.6561439317 46.0629968414 45.5917897094 46.0800826322 45.7496707771 45.6603499792 45.2650943884 45.8891604978 45.5451771834 45.4531464832 45.3162766814 45.5140879198 46.0967030002 45.1304075997 45.5992381568
45.076894895 45.8367895427 45.1528037759 45.6906138745 33.771409426 46.4080993828 45.8278905628 45.3832100353 45.9198697174 46.003135766 45.909782488 46.1061430169 45.5716536688 45.1287231691 45.1898943287 46.3443410083 45.6586633417 46.065008056 45.3339309877 46.0830027353 46.3998937556 45.3840488296 45.4519637948 45.1320655669 46.016159508 46.0257771701 45.4136478907 65.8358059592 65.8358059592 65.8358059592 46.1816302253 45.5570610508 46.186690121 45.4142298212 45.0720288147 46.3462957776 45.7079858765 45.8807571556 45.4748186308 46.0554707109 45.7272468778 45.2551737756 45.9803089504 46.3630253304 45.5188082402 45.1660287967 45.23511714 45.4753356595 46.0868578373 45.6652669172 46.40359836 45.8693248854 46.0173541437
46.0546889266 62.6188737776 62.6188737776 65.5119700364 65.5119700364 65.5119700364 45.6528756999 45.3578636844 45.2698978986 46.2549482368 45.9353532156 45.5169269887 45.3834844612 45.1005575755 45.2214935202 45.7314069583 46.2976198881 46.278683733 45.3386240307 45.2066183259 45.3100832331 45.0212380553 45.3249029713 45.6780820439 45.4326973065 46.2359258293 46.4139127668 45.5296578384 65.8358059592 45.5476089518 45.5593840136 45.7904415491 46.0624797276 46.1645900423 45.8305539536 45.3551364677 45.6766349291 45.7646406194 45.6582441316 46.0479516371 46.0422045568 46.2067268508 45.2584582721 46.129929461 45.0831525895 45.1133141485 45.1859292426 45.9863917205 46.1447956449 45.2281177247 56.7056205814 56.7056205814 45.3591885465
67.5196325119 62.6188737776 62.6188737776 65.5119700364 65.5119700364 46.2068671914 45.4016959986 45.7545625964 45.6353311762 46.0464422332 45.8457002001 45.6187364407 46.2915462007 46.070205221 46.2914620881 45.486404406 45.2710750479 45.2852880726 46.1886534403 45.5577575509 45.9354767395 46.2299258919 45.868440312 45.4546049081 45.0117267669 45.9994988338 45.0432292461 46.4006219664 76.0371516299 45.8069180008 45.5202047291 67.9124895345 45.2361780441 45.1323592569 45.6581241389 46.3883525067 45.2745407537 46.336944585 45.3382174676 45.5889021262 46.2483199794 45.2655993506 45.5037558168 45.1600574561 45.0038231631 46.1723178897 46.3262986103 46.0852350785 46.3731482747 45.0794097645 56.7056205814 56.7056205814 45.2421065102
67.5196325119 46.1477908845 46.0297616322 46.184408904 46.2627823783 45.9309964492 46.2997691107 45.9531861182 45.0432468005 46.1584065771 46.0740012345 46.2523040745 46.1846131 45.7470420534 45.4045193744 46.0872765494 45.4618770255 45.0934149163 45.664473928 78.8284473061 45.9166344007 60.0315079139 32.8780398301 32.8780398301 45.0071124988 45.4593478477 67.5470124879 67.5470124879 57.9874909595 45.493162126 45.0942541398 67.9124895345 67.9124895345 45.1279545888 45.4432984749 46.1292161695 45.6920806962 46.0152307589 45.5218328475 45.4044610823 45.6911073107 45.2806286773 45.3557614827 45.3884151518 45.107730167 45.6181033886 45.3042284787 46.2336161473 45.7043524294 46.030887591 45.7588668717 56.7056205814 45.3793860615
67.5196325119 45.756862963 46.2819978915 45.0353342042 45.6265923087 82.0253129069 45.7708002919 45.5455079845 46.3757781553 45.5750479183 56.0048727131 74.1120617229 45.1549513464 75.3891328643 46.0179030905 45.6896482248 45.4088147427 69.9528956034 69.9528956034 78.8284473061 78.8284473061 60.0315079139 60.0315079139 32.8780398301 32.8780398301 33.3033876929 67.5470124879 67.5470124879 45.2873979277 46.1348014724 46.1965215456 67.9124895345 46.2502773412 45.7571681553 45.2612890641 45.0139666056 45.7816922806 45.3341064739 45.3440572528 46.3360014176 45.8343816337 45.3800717083 45.2718230178 46.3850032047 45.7612600276 45.7010421251 45.0034966831 45.1885093367 46.3473230503 45.9722842176 46.270100492 45.5430029338 45.8752781007
46.1335948656 45.2900648899 45.7278024875 45.560746693 46.0223450748 52.5047373089 60.0295629711 60.0295629711 45.0559693732 68.4721707436 74.1120617229 74.1120617229 65.5115631847 75.3891328643 68.2473841093 45.1221546173 46.3347913336 69.9528956034 69.9528956034 78.8284473061 78.8284473061 60.0315079139 60.0315079139 32.8780398301 33.3033876929 46.1713498979 45.2242973634 46.3130539689 57.6867600563 57.6867600563 57.6867600563 45.0144206342 45.8482117763 45.8682870865 45.5403949318 45.6214734001 45.2465000256 45.1670574237 45.0473636365 45.6820252658 45.7681905427 45.8468137749 45.4052445899 45.5618296593 45.235493375 45.9001689867 45.1783244876 45.8361298305 46.0226231305 45.7280744045 45.0486555672 45.0715716307 45.1676054616
45.9987712394 45.5896127562 46.0818099665 46.0513992847 46.0416070043 45.0878452359 60.0295629711 77.197466217 68.9750693199 68.4721707436 74.1120617229 74.1120617229 65.5115631847 75.3891328643 45.8549342377 84.3077310078 45.1564957394 46.279848467 69.9528956034 45.7680905357 45.5465510055 45.372328919 45.884153842 45.1962009002 45.3752459776 46.0629252496 45.4500046555 45.5877361193 57.6867600563 57.6867600563 45.1415517772 45.1875630226 45.7611706717 46.128932217 45.279367821 45.840831265 45.4450223145 45.6829052937 45.8328469689 46.3749350179 45.954874566 45.9193508662 46.2099258851 45.8724049575 45.5022691482 46.1123025508 45.1804704814 45.4412432314 45.1184671232 46.0367483416 46.3238069164 45.5392849063 46.1558471842
