Spatial_Output/90% DEC/90DEC_0761.asc
NCOLS 155
NROWS 192
XLLCORNER 196769.923733
YLLCORNER 449719.875193
CELLSIZE 27.603701
NODATA_VALUE NaN
[rows 115 to 137 of 192, columns 0 to 52 of 155]
0 0 0 0 0 0 0 0 0 0 0 0 0 0 0 0 0 0 0 0 26.4991453921 24.2677302889 23.1177395437 25.7709524313 24.79318528 23.2248202462 26.1249084027 24.4754867979 26.6317011776 23.4905305543 24.7419458094 23.1080741755 25.9157502334 25.4911271564 25.8646734905 26.6950140778 24.5547685166 24.4458608523 24.0897828062 24.3984607452 24.4695884069 25.6497453688 24.0149006982 23.3730388576 25.2075490351 24.8580662796 24.7532949931 24.6669078833 25.3555269069 26.550221499 24.3922147698 26.0684924717 24.2461945653
0 0 0 0 0 0 0 0 0 0 0 0 0 0 0 0 0 0 0 0 24.5543736075 24.7200708156 26.81894344 25.9858508771 23.2661407791 27.1990368342 23.68700874 24.2307834749 25.7994518269 27.1330100092 24.2130006055 24.9458988206 25.6960205593 26.7012348886 23.4200260562 24.1567630607 23.8076049472 25.4530886242 23.5631809863 24.6394278396 24.6855609246 23.6923939266 24.828495975 24.0903359975 26.8730161111 24.0897646716 26.0543375238 24.6986087121 24.8549636751 25.1733249652 25.8043366556 23.8000440105 23.031004422
0 0 0 0 0 0 0 0 0 0 0 0 0 0 0 0 0 0 0 0 0 26.3488702963 26.012332764 24.2351399566 24.5260019004 24.6490010497 26.0343554481 24.0153560786 25.3147258336 26.4705543852 26.1436678375 23.4257170945 27.2115952807 25.4835975801 23.9708421668 26.0077449629 26.0386777872 26.1407539051 24.4044553271 26.3944423388 26.8718108094 25.5016823072 23.7067353929 24.0210658595 23.1387676243 27.093107192 24.6447601679 26.450721062 26.478503143 24.4151584173 26.8476786197 25.4575052904 26.8961689185
0 0 0 0 0 0 0 0 0 0 0 0 0 0 0 0 0 0 0 0 0 26.2507113282 25.2417418886 26.65311075 24.7430672301 23.0487788678 24.9890130275 25.7006225956 26.4828924716 23.4651439629 23.2876161486 24.8303243982 25.9390037831 23.8625895891 25.6473143366 24.6221727466 23.8153895987 25.0938703133 26.8613452208 26.4665353714 26.7380388939 25.4566721137 24.2928657186 27.0393084157 23.2399969975 23.8977574667 27.1952419823 25.8382887 27.2089217471 26.399521501 26.0708245427 25.8031296441 23.6436427114
0 0 0 0 0 0 0 0 0 0 0 0 0 0 0 0 0 0 0 0 0 0 25.2472603842 27.1694963746 24.6273809635 23.161695393 23.9333676519 23.1748189794 25.18069464 24.1756033802 26.6491305388 26.7902233453 24.318259949 24.8536692102 25.3690718883 24.0405709215 25.6639954209 23.438858442 27.0606122341 23.797871346 25.7218699457 26.2881564058 26.1618262544 25.5111059055 23.7993140043 24.7080624999 24.688209286 24.1718489955 23.4160037408 24.1410051304 24.5663439956 23.5014604239 25.037534464
0 0 0 0 0 0 0 0 0 0 0 0 0 0 0 0 0 0 0 0 0 0 26.4236718102 24.9374062594 24.0928788672 23.1038968563 24.8963492161 23.8944838051 23.6054102436 25.5669957981 26.3629214493 26.4290506939 23.9454206664 25.038967641 23.1183688755 24.9290022689 27.1287429857 26.5869664692 24.9900409451 25.3990876598 24.2197748938 26.6670569463 61.315066281 26.4147191565 62.1156571929 26.0258498808 23.2071613166 23.8382367018 23.4352936024 23.8962286953 25.2691255779 26.5327315039 24.4364634465
0 0 0 0 0 0 0 0 0 0 0 0 0 0 0 0 0 0 0 0 0 0 0 24.2288051057 27.0855515403 24.6474334194 24.6465542897 24.6914527162 25.8196503753 23.1486264047 25.2028045174 26.6977350328 24.1935162956 25.3315247325 23.3056493636 25.4218491095 26.5883920141 27.0893800724 27.1446227904 25.4282135938 23.2750675497 25.6527833694 26.9019186238 26.4331346586 62.1156571929 23.6346753176 23.547257897 24.7377917176 27.2334633933 26.9061932506 23.9161960948 26.1650441813 26.988064234
0 0 0 0 0 0 0 0 0 0 0 0 0 0 0 0 0 0 0 0 0 0 0 0 26.5236968538 23.3588283574 23.2628835148 23.0281321014 25.5911834988 24.7137145111 25.0434028812 25.6171588205 23.641968146 25.002320694 26.1694279499 23.2018873114 24.4366050489 26.0745557807 24.1230192536 24.9202819681 23.0116825528 24.2647201427 24.9018578183 25.4609710831 26.7830554761 24.4647406659 27.1706325219 25.8065925276 25.2908261685 26.7581148344 24.9589621498 26.1459857031 23.3489705226
0 0 0 0 0 0 0 0 0 0 0 0 0 0 0 0 0 0 0 0 0 0 0 0 25.0653505532 23.5974821082 26.5002838636 25.9456341169 26.3459398129 26.7692502116 26.1144338676 26.8767327806 25.4497706901 23.7181430194 26.0541823619 26.8334426216 23.1027516895 26.188402303 26.5430453648 26.0195492871 26.9873177782 25.0916020128 23.7245965556 25.7318106676 23.8828810809 26.4090953686 26.0070895707 23.0250980106 23.1112875019 27.007037611 26.8957593581 24.5368659006 26.4220900665
0 0 0 0 0 0 0 0 0 0 0 0 0 0 0 0 0 0 0 0 0 0 0 0 0 26.3845058144 23.855899761 23.8363133619 24.6555098309 24.2767573331 25.67106656 25.1952214782 26.5632441764 25.7173133755 26.2143018019 25.1085700872 25.7593987673 23.5035497764 23.8401306235 27.0435490937 26.1248751674 24.3241131003 23.6275133069 26.1794248013 27.1063331112 24.572715781 24.9602275374 23.8942501745 26.2857107931 23.8605782063 26.5665877145 24.5480043245 23.2230476194
0 0 0 0 0 0 0 0 0 0 0 0 0 0 0 0 0 0 0 0 0 0 0 0 0 25.2199102679 25.2090842796 24.7180977069 24.9676918369 23.2957456009 23.5262066673 24.3638738229 24.1590443066 23.6436882878 26.325812504 25.4836517177 23.1664185209 25.4683174467 23.1557212643 25.8688166865 23.7171046678 26.5347678777 24.9621290193 23.0968008744 25.4974767452 24.8372867337 24.1898485204 24.7640855929 26.4437598308 25.6473965929 24.4033500117 25.0291795385 23.4331722306
0 0 0 0 0 0 0 0 0 0 0 0 0 0 0 0 0 0 0 0 0 0 0 0 0 0 26.1843106618 23.0046875217 24.684844252 23.7252946554 26.1560976654 23.6985461665 25.9103484767 23.2349681525 24.4384706569 23.1140803438 24.5883133741 25.8319244572 24.3129673879 26.2847624446 27.0608322987 26.9162289133 25.3566073204 24.8245669581 23.802421438 25.5058969808 23.9386014434 25.6584625295 23.0920576208 26.3660069191 24.078720115 23.5043903396 25.828381485
0 0 0 0 0 0 0 0 0 0 0 0 0 0 0 0 0 0 0 0 0 0 0 0 0 0 27.227497186 26.600756014 25.9287543891 26.7380860657 23.8129159239 25.1912713628 23.5285228567 26.1933053515 24.2064752595 27.1292027127 25.8876050768 23.4807004317 24.8489685329 23.1146027877 23.1876093975 24.4158928539 25.6428160644 25.6903674963 25.7747550366 26.8956493248 24.8566964096 27.0640522465 23.1094641921 27.0417013527 25.8132833965 23.8803311563 26.7383843095
0 0 0 0 0 0 0 0 0 0 0 0 0 0 0 0 0 0 0 0 0 0 0 0 0 68.9900707502 68.9900707502 25.6946200594 26.8995910788 27.1020148698 25.2174207033 25.0421862073 24.9486250067 24.7989463178 25.4215738874 24.8365226636 24.5790263303 25.4619625972 26.1064427478 23.6188285817 23.6078161425 23.8491842481 27.2382741927 26.9793630977 26.7287608803 26.4747602371 24.0397720528 26.7932997003 26.7983504393 25.8185154379 25.3009035435 23.6759590282 23.7968373827
0 0 0 0 0 0 0 0 0 0 0 0 0 0 0 0 0 0 0 0 0 0 0 0 0 68.9900707502 19.3734801949 19.3734801949 24.5666474391 25.0914852956 23.5140789791 24.7707661029 24.2289043648 23.9669007199 26.5046420961 26.1949777915 23.4957549874 23.0603999652 23.8877694281 26.2330060824 26.7193783845 25.7359812927 25.1915429238 23.4170392271 26.0904540987 23.927065179 24.9683395351 26.1022154169 25.7965253787 24.3603029167 23.2580742238 24.3879880535 25.6182454048
0 0 0 0 0 0 0 0 0 0 0 0 0 0 0 0 0 0 0 0 0 0 0 0 0 0 68.9900707502 69.2456416257 25.4507902401 23.2181636287 25.791723383 25.1755722175 23.8442853345 23.1068282558 25.239101929 27.1907143924 26.7512285641 25.7442567136 24.5908959893 26.0254637717 26.5673452769 25.1741928642 26.0799348137 23.981042647 24.2302015797 23.9763542337 23.6633886786 23.7043848745 24.5563746871 24.8061403072 23.3829183517 23.4461088591 26.8737326723
0 0 0 0 0 0 0 0 0 0 0 0 0 0 0 38.0348730317 35.8671936427 38.9148334779 0 0 0 0 0 0 0 0 0 0 0 26.7599553141 24.2992047335 23.4476152332 26.0420109259 23.3614362432 26.6740794417 24.8874149366 26.5811026923 25.9878111515 27.2367937152 23.9589813298 24.6653622118 24.8375162186 23.8733062587 23.2478146383 25.0249244692 23.2276028912 26.6701973692 25.6844948474 25.5590220881 26.0132186192 25.9807613961 23.9735282581 25.2692934149
0 0 0 0 0 0 0 0 0 0 0 0 0 0 0 46.0345666757 40.7338011606 43.8487042391 0 0 0 0 0 0 0 0 0 0 0 0 26.2906139148 23.5281637481 23.806031782 26.9661244315 24.3813184362 24.3047130346 23.9238684417 23.990736359 26.2001084227 25.7351717944 24.956070885 24.5930014312 27.1371464318 26.4177547508 26.0791385284 24.0937879379 24.4388937225 25.0035852026 23.0528017088 24.6133005964 24.3470623388 27.0379718719 25.9903354835
0 0 0 0 0 0 0 0 0 0 0 0 0 0 0 39.4389010647 35.8334069702 33.772429822 0 0 0 0 0 0 0 0 0 0 0 0 26.8356436566 26.8623924703 24.3437826807 25.5241809793 25.8659656743 27.1466315275 23.1582897587 23.8514494934 24.3262910383 26.1032441585 26.9483847061 23.7434330481 25.1796449181 23.9698059163 23.2924027076 23.605644832 23.3908395722 24.6890962918 24.8655430242 26.1564822803 24.9911874339 24.4081820884 23.6379362178
0 0 0 0 0 0 0 0 0 0 0 0 0 0 0 0 0 0 0 0 0 0 0 0 0 0 0 0 0 0 0 26.7675522538 23.0043730939 24.383564411 25.3706735685 25.181990403 23.381420364 25.3112919298 23.0484349654 25.0347167723 27.101765925 23.5381683937 23.6212126746 26.924632691 25.4628023288 25.7529633085 26.8790703848 24.2455272859 26.156654031 24.8545363283 25.1214512703 25.1880651301 26.8720218067
0 0 0 0 0 0 0 0 0 0 0 0 0 0 0 0 0 0 0 0 0 0 0 0 0 0 0 0 0 0 0 0 24.6859262994 24.2774152657 26.9025506827 27.1824914945 25.8142783031 26.4007459507 26.1449242308 23.1837078935 24.4524774489 25.8409036778 25.1823919645 24.975212855 25.949787236 26.2144037435 24.1928538072 24.5808488902 25.8229220555 24.7725486865 24.2541638466 23.0218582818 25.2892148734
0 0 0 0 0 0 0 0 0 0 0 0 0 0 0 0 0 0 0 0 0 0 0 0 0 0 0 0 0 0 0 0 0 23.7036738449 25.9712958947 23.8281900297 25.7449139703 27.1289121181 27.237772303 24.3570322636 23.2795504711 26.4540756781 26.038034629 25.8214509723 24.7995968134 24.8035471123 23.1807164269 25.7358543311 23.1448841001 25.3544884931 26.3817488278 24.48012174 23.9768305498
0 0 0 0 0 0 0 0 0 0 0 0 0 0 0 0 0 0 0 0 0 0 0 0 0 0 0 0 0 0 0 0 0 24.8771409274 25.6316074494 23.5060928946 23.298413292 27.215682626 24.8345055414 25.9489327347 27.0768014439 26.1436324254 26.7058407593 25.7412386317 24.0043189096 23.476231053 23.9380602762 24.0751613926 23.1382976879 27.1913543671 23.5035625621 24.14513694 26.9480879629
