Spatial_Output/90% DEC/90DEC_0065.asc
NCOLS 155
NROWS 192
XLLCORNER 196769.923733
YLLCORNER 449719.875193
CELLSIZE 27.603701
NODATA_VALUE NaN
[rows 23 to 45 of 192, columns 53 to 105 of 155]
45.7586261408 45.084337646 45.1284426903 45.1667700086 44.178308209 45.6732477722 44.792868838 43.9668032647 43.3535505439 45.2285246419 43.7321783597 43.2690303902 43.063358524 43.4978323578 44.2035242801 45.7560914614 45.2132491572 44.9742654141 44.7440873802 45.2209752213 44.0024867914 45.5804160151 44.1244407085 45.7750823417 45.2502755572 43.6074176511 44.1624470796 44.1537689079 44.518398915 43.8036635752 44.5958693977 43.5877581902 44.5205657309 43.1764930951 44.3480580714 43.6982692137 45.5164242966 44.7692165761 44.0942773674 43.7445004753 43.7403005008 45.2370971064 44.9641032775 43.0772925987 45.5176506506 44.2853830655 43.1993219539 44.998086121 45.5380836306 43.476416334 44.0258877152 43.3541605403 43.9160461379
43.2089790842 43.7535870275 43.9980747492 43.1356773291 45.5308120101 45.1766355743 43.5531792161 45.34774887 43.5622615874 45.4822861336 45.4187210411 44.8958988369 43.7099857621 45.3752498945 43.816915185 43.4767785083 45.7729398809 45.4520890042 45.4632723906 44.4583985297 44.383026632 43.5804477867 45.012245037 45.5466807426 45.0382320641 44.7519886236 45.5721811326 44.8988839599 43.0031908609 43.0379730142 43.7603092272 44.8718811171 43.6206538606 44.4152248363 43.298708885 44.8883283176 44.3496943884 44.4520631363 43.2263977687 43.212638451 45.4512656031 43.8165250354 43.38739106 45.0440508577 45.2067333801 43.1610675718 45.3155450523 45.1408480137 43.0164241392 44.3523541242 43.3240982739 44.775344381 44.236469102
44.8363082873 45.3372473374 43.8781323932 45.2109601746 44.5043964074 44.0228348956 44.9274101169 43.7398986459 44.1261575066 45.077167355 45.6304186254 44.1329211598 43.7494008317 45.3181035503 44.9263383604 45.037958569 44.0695042727 44.716007529 43.8499244347 45.5143358651 43.9158171583 43.7445843793 43.2193241337 44.9125295399 43.2126515483 43.433047912 44.8235878997 43.2850223358 43.8667788271 45.1101912703 43.0916550562 43.3867203141 43.6653220726 45.317792171 43.9402700804 44.2571706422 45.485053717 43.8822571668 44.4316616694 44.7337908064 43.5320033594 44.9305742414 45.6384880114 45.1196264443 45.8118032581 45.6493995287 44.9273534101 43.0603032583 45.8081582136 45.7833063251 44.7932988953 44.8153472586 45.5151053588
44.6613887622 44.3084538937 43.4881872066 43.6390065909 44.8724146406 44.50734268 43.6321804816 44.154876963 43.5410142663 44.1522270188 45.4890556495 45.6834976788 43.3976641075 45.6098444764 45.1839914479 45.6388113516 43.1235451748 45.0507495367 44.8719149455 43.2072790704 44.2779205328 44.2909556592 43.5937060379 44.4258199525 44.7768684915 43.9402209959 45.1311537966 44.5424001461 44.2980855555 43.0789812843 44.4260505721 45.0962699128 44.6404166644 44.4440733209 45.5642759801 43.6012788707 43.4816175121 43.1608475383 44.0261296957 44.7454182452 44.877970454 44.2767642232 43.9745591676 45.0951996625 45.4461094395 43.8468903847 45.5564529065 45.3373993083 45.5871799258 44.2772022333 43.6711121533 43.2776288376 44.7241697201
43.1008195505 44.7124168314 43.0854772432 43.5048892221 43.3859582526 43.637000497 45.035488087 45.3318603076 45.2158396986 45.7285791883 44.5174763595 43.7865262581 45.0609539589 44.4357274651 43.9339151261 45.2867579491 43.7642618274 44.5896484951 44.8633272793 44.4676237761 45.1167225537 43.8517715828 45.3861396507 45.5605331046 43.0884514982 43.1584819343 45.5272923629 45.2269010992 43.0335723847 44.3455694583 44.97216477 45.5480518906 44.6975076409 45.7187570893 43.388329919 45.1688874921 44.7333742726 43.8678868886 45.6342176544 45.5017121607 44.1011376852 45.3251199711 45.4628452204 44.9198280259 44.6650934871 45.1032142811 43.2582470619 43.9246398108 43.5323731632 43.5250974126 44.772832776 44.7486860609 45.3758337729
43.9216565073 44.8555147412 43.3523715017 44.1840517787 43.0938134262 45.8074451043 43.5772505801 44.2059633613 44.0290164807 44.6419239965 43.0799875878 44.2800364111 45.3791919038 45.4283429257 45.2292421407 43.8442000662 45.5936685711 45.1843177389 43.3440649476 45.2433849844 43.9127262447 44.915228111 44.5631072985 43.3431450519 43.8049599194 44.7423828253 44.2292576757 43.9549152772 43.2382253182 43.5526358589 45.3678891095 44.6113407221 45.1624971177 45.01239846 44.1608458359 45.2236351198 43.5660104642 43.4051595734 44.4427661408 44.7369599594 43.2652943303 43.7529887754 43.0067427007 43.2550689897 43.6597441575 44.6556100542 43.3449937594 43.0154984984 44.8716067718 44.4493953608 44.1455492809 43.0393029248 43.8439689436
43.9149422002 44.2726202471 45.720770887 43.1650353413 44.2294964113 45.189942245 43.4074068515 43.2909894749 43.0942904399 43.1194774418 44.3586012293 44.2031233104 43.0919937519 44.4542259928 45.6160707588 44.5501746698 45.1194605867 43.2891877908 43.7645834193 45.6253808635 45.49464015 44.587875843 44.1812132278 43.2958060389 43.7399413376 43.5778588817 43.2267462745 44.4192190929 44.436218552 44.2692226668 43.79052509 44.3595113243 45.7925955303 44.0617648296 45.4069531196 43.2347992215 45.2483753131 43.9488305896 44.3228865696 43.6544163557 44.1645806551 45.7006717825 44.4422051863 45.4884404942 44.3387890371 45.7316562727 43.1245128086 45.431407223 44.7137204262 44.6206719938 44.9049507349 44.5755464509 45.1739429117
45.5742585384 45.5459437582 44.6981667547 45.3967989884 43.3912910995 45.3572697386 44.3128697792 44.1641673696 44.0026754902 45.7773643514 45.1303117193 45.2266106114 43.7825840189 44.0901978075 45.5453798837 43.208288181 43.2894908363 45.417203181 43.9446068581 43.1630571597 45.6203287873 43.7194169806 45.298498542 43.9327797043 43.0992946917 43.2984751263 45.2953239956 43.8134055386 44.6568890582 43.3115060551 44.4618773035 44.9198334063 43.6939897579 44.5754383844 45.475340327 44.7822548214 45.4108352511 43.0476570164 45.1366226753 43.7449079509 45.6689380239 45.8093532224 43.1711330422 43.0122902029 45.092991352 44.0019698469 43.1326461352 45.6204942744 43.1473312683 44.1639362061 45.5494140803 43.1361688192 44.0398740351
45.6159918554 43.0374745746 45.016622319 43.6150340089 45.6853581725 44.3585002615 44.0852526699 43.9573691608 44.1596429483 43.0402737198 43.962335433 44.2787492778 43.2888817138 45.5043940599 45.2834345474 45.2490360696 44.7302908977 45.1177372966 43.4884556171 43.613920245 44.9714803156 45.2019616125 44.6669682945 44.1358881847 44.6469814636 43.178526934 44.7250770823 44.0225931793 45.191812838 43.2806345132 44.1664375963 43.2734808941 44.2476636594 45.22599283 44.8565717132 43.6062395772 45.253455196 44.6839394743 44.8005653785 43.8783932473 45.7971743478 44.8552807511 45.5493486207 43.5919054144 43.8148502454 44.2817744956 43.4541230357 44.8222873393 44.4309672213 44.3161891955 45.1385597401 45.646544389 45.2783803754
44.5808216741 45.56454259 45.3454764354 45.3004033493 43.9698698218 43.9191878191 43.513799325 45.7710518677 43.6970155908 44.271315746 43.2781066813 44.9548834247 45.0829416877 45.3829419541 44.1425252976 43.1544692281 44.2421536914 43.1117674872 44.4900435196 44.4159018713 44.402027342 44.7973259437 45.1355913945 44.7560542439 43.4759992792 44.5886128487 44.8862809564 45.2142494256 43.6622963081 43.3235035141 43.5263990505 45.6362301346 44.1838938869 43.6247458976 43.5785468114 43.1546863245 43.6807152261 44.750819719 43.0906012166 44.7694541805 45.4221796952 45.4833891999 43.6785246818 44.0029040364 44.8538275261 45.1863624474 43.9328166731 44.5326213378 45.2341895443 43.5370207941 43.8871190664 43.2509483938 45.7872628175
44.1803137265 45.7820711588 44.3294111896 45.2251389626 44.2941290705 43.7085181177 44.4989078975 43.8541556586 45.1113873257 45.2166358025 45.5329730377 43.5743930855 43.1607958783 43.6670732746 45.7768828011 43.8847253281 43.2970575787 43.7150385296 44.8992984663 43.3817215578 44.4517149615 43.3106301416 43.6361033851 44.6416851799 43.4955991464 44.9711947151 43.0174022839 44.6473704335 44.6886893195 43.9249284956 44.6297398657 43.2629215599 44.7113419265 44.4195810436 43.2800832345 43.8886816633 44.9652657621 43.3621241569 44.6616534548 45.7541914138 45.0412693442 45.1489341699 43.6499202024 43.2855836051 44.2521754712 44.5769473291 45.066992564 43.2972582761 44.7305539067 44.7990657607 45.8000231472 43.6434815554 45.0446561113
43.8043067609 45.1833304573 44.2649249153 43.5101372135 44.6126118902 44.5651045491 45.6040286257 44.0825651568 45.5047036042 43.008526626 43.8466606418 44.8434051832 43.8110749802 44.2991207837 45.019154154 43.3330529368 43.0422412006 43.8267058022 43.8064785758 43.0902276357 45.2710739966 44.7388408058 44.2517139203 45.2450718314 45.2282947035 44.3489045702 45.2441945265 44.1485680344 44.4979691442 45.3834007892 43.7217660221 45.6294125928 44.4897056091 44.7343489255 44.4548711297 44.4231949357 45.8051067623 45.7661122301 43.7445682548 45.5297848994 44.5354852777 45.6688398192 44.6919990231 44.1262944586 45.0211547627 43.5063709273 43.0681835405 43.8027183177 43.6207293148 44.4045105606 44.782268142 43.2825260138 44.7610478055
43.8209177403 44.2743888911 44.9675127154 44.7873241106 43.2555599867 44.6568695204 43.4112171776 45.3451549852 45.5571515601 45.4649245669 45.049258708 43.0367916567 44.1354574925 45.769873542 45.1634854852 43.8001249677 44.8609202222 45.6672725051 45.1942222413 44.0371580646 44.945052417 45.4781526143 45.0873321366 43.4340820379 45.0565530773 43.9492275058 43.9773619186 43.8239233046 44.1282917707 45.170362619 44.7363696044 45.5605992201 44.7216680148 44.5724886476 44.5812239267 43.8225951842 43.5894626978 43.7091054315 45.7195484498 43.1478843691 45.2405791544 45.6032343222 44.0477628908 44.6062940084 45.5339907016 43.0425241354 43.8769549871 44.1870149605 45.6752062783 43.9576597353 43.9207326691 43.6676604629 43.7223497051
43.2071521386 45.3669033495 44.4316868378 43.6833987536 45.0193103997 44.7118574038 43.2815895866 43.5042287708 44.2691225601 44.7778967857 43.965943669 44.7611774473 44.6200564655 43.2536349618 45.4972797989 45.6239605617 59.8473061125 59.8473061125 44.6890542279 43.2023020992 44.4376258601 43.3964899611 43.3166640674 43.3367191276 43.9292320974 43.7663760755 45.2279817 43.6220456522 45.6979982119 45.6400456346 43.484524522 45.7210866642 44.9789456603 43.5330071507 43.9057302725 45.4962766727 44.2000661601 44.414596075 43.4900664882 45.7984998449 44.9534152651 43.7603119517 44.7762372348 43.2965290756 43.4283211343 45.0623072337 45.0942679584 45.2201316655 45.1063735338 44.9309991328 43.6904641476 44.6298007779 43.7144577662
43.5654529952 43.0973851684 44.0208288251 45.7863893132 45.2355682903 44.0119319625 43.2596169604 45.3595104127 44.1650581509 44.25598121 43.1258379247 45.2571246002 44.5603381454 43.3822242479 43.4955454389 44.6513181679 44.017663349 45.6029471958 44.7267795081 44.7468486868 45.4722284135 44.554513103 44.2576097986 43.204394186 44.0598514074 44.829041259 43.8794265923 45.2995512677 45.7553199298 44.3923437128 43.2816572441 44.0690542784 44.6393446631 43.7705212509 44.9447131031 44.337170817 45.719194273 43.7889815024 44.9795794532 44.6133977723 43.4094840974 45.7703361716 43.9377326542 43.3770620802 43.7816617688 43.9048707343 43.607957988 45.0633617577 45.5084235723 44.2370691829 43.6925885542 44.1878672887 43.4583043045
45.7376515292 45.1029702301 43.2629707689 43.8329833567 43.196282396 43.773990221 44.1958242756 43.0486774714 44.6570214075 43.1346672809 43.781391504 45.4935706761 44.0339465344 44.8822993904 44.373181032 43.0199727418 43.1495666503 43.5955531519 45.2149519164 44.9387894241 44.3792347754 44.1688267924 44.7442648821 43.0435200469 44.506925654 44.0943631771 45.3908261308 44.0012135554 44.646552486 43.8999021646 43.9192083027 45.0902824013 45.5046776133 44.9385778861 45.3843024156 43.0422802847 43.4893276199 43.9252501985 44.9611502175 43.8102983993 43.9562328535 45.1283836537 43.7791754704 44.7873184439 43.1612318602 44.8939199992 45.4003629829 44.0458348657 43.7597371138 43.114964693 43.0571266474 44.1742243559 44.8987086733
43.8914728259 43.2419157273 45.2411313527 45.3292598261 45.6436055288 45.0122725096 44.9613340021 45.2793485678 43.0328737874 44.1826060419 45.628452898 45.540430069 43.7278221776 44.797703461 44.329782968 43.3458597891 44.896285307 45.7106963569 43.782787306 43.9416330252 44.0692343728 44.8704180007 45.2709630266 45.7001166068 43.8805047948 43.1629125801 44.8830896234 45.6442744295 45.2011571116 45.8035028359 43.8442098453 43.4201183604 44.4026155109 45.4833456188 45.1507078891 43.5035723102 44.0103380623 44.0567926147 43.6239353339 45.4046632711 43.5722671461 45.6529540837 43.482867859 43.3576559391 43.8708762815 45.3025887482 43.9271605232 43.6716993959 43.4108332535 43.8300284388 45.79188228 45.1909596963 44.5900242667
45.8245971871 44.3513974827 44.8767504292 44.1491886836 43.6819684927 43.1745057461 44.1996983989 45.7626881251 44.691978558 44.2403310248 44.9839963838 45.7861462982 44.6069493059 45.6653892125 45.2195243209 45.4964292932 43.5981613835 44.232983538 45.2127404461 43.2770318913 44.5176123333 44.297374237 45.4107922558 44.5333326189 43.8551006994 43.9793508805 44.1354487831 45.2248370564 44.8706119105 44.4563693735 44.1844388132 43.0049422359 44.8027486931 43.4575147676 43.8271110641 44.0858602709 43.5763759751 45.041110314 45.7818660883 43.8999512505 45.7819498266 44.8124726616 45.1383074344 43.8832196475 43.3730419904 43.6738152733 43.8612308298 45.3184481334 45.1895194233 43.2046742288 43.6169749236 45.5166531615 44.3910850468
44.421359011 45.4140818161 43.1205273352 45.0967507992 43.6083060292 43.698641203 44.3216301508 43.7025774745 45.1834287513 43.7875501354 44.1483549428 44.4851445668 43.5024066705 44.6556353534 43.0132323434 45.8158252923 45.4090855219 43.9048571426 43.8179533615 45.2797295897 43.6104314515 43.8121552634 45.0402833449 43.4374739371 44.8569944012 45.68940988 45.2155591842 44.2121628513 43.7434243965 45.3378145601 44.305513623 44.8377417036 43.2704152492 44.8601593397 44.4700306624 44.4370436296 44.1100390036 43.8594907583 44.2518904928 44.8339482066 43.0130093243 43.0470890893 45.5605025773 44.4751632447 43.0136143031 45.0571483686 43.0334843043 44.3422131681 45.2178912899 43.4280460257 43.5769740797 43.726415267 45.0033413053
44.4503640736 45.3038380022 43.1277188576 43.1567811752 44.1157873757 43.8005412196 43.1698246345 45.7655907178 43.6414153659 44.8887239385 43.7513262069 43.0940742234 45.5822281817 45.4546771867 45.201491664 43.2911816447 43.2324650461 43.8754031552 44.4639029046 45.4936560966 44.2065318748 43.9671438065 44.4581538993 44.3384524543 44.0530112614 45.7906823253 45.760826141 44.5570455682 44.1347077771 45.2577756797 44.4523856146 43.2381430872 43.8500457858 45.5003061345 45.7615899583 43.1510328666 44.9017476375 43.1186656511 45.1141072361 44.3911003368 44.0052977033 45.5579007973 43.9622980715 43.5755054664 45.3171239074 43.0134320983 44.6140263867 43.5648627001 43.832954604 44.9505409862 44.1609250737 43.911537257 45.3475481506
43.1223742178 44.8073891129 43.9091915872 43.592996939 44.3498760128 43.5899098199 43.025945674 44.8465663898 44.2964721837 44.9467471774 44.3248650411 43.6757979494 44.5328613601 45.1353029281 43.5060462421 44.8068320925 43.119762969 43.0534279947 44.7676633428 44.5771325376 43.504579432 43.9429495481 43.7815415685 44.4549937314 44.0475387792 43.271244895 43.5854680136 43.1112409567 43.6545347773 44.2007906765 43.3663541889 45.2742716753 44.0698648919 44.471835655 44.8407068606 44.5413381973 45.6651503806 45.2563241602 43.988809305 43.065456867 45.42619348 44.0014765142 44.1033386871 44.7652810004 44.4032317081 43.2717180024 43.3617747173 45.3330214123 43.990210743 43.8848599945 44.6465610757 43.9327078137 44.5516390482
43.0257969974 44.0847748667 43.9149164833 45.5012189241 45.7369399662 43.4543320443 45.536872454 43.4223568003 43.3970100922 43.4675993431 44.1867531452 44.8701280992 43.8412142121 45.4957850729 43.7335720544 43.7794997284 44.5173859401 44.6474364599 44.149110018 45.1904066583 45.1986697039 43.6695806226 43.2900247988 44.3114896399 44.4862506089 43.4518032685 44.0906506823 43.8154460924 43.3102149136 44.1301644228 44.6645952455 43.4839792476 44.2416653159 43.4249649765 45.4261607093 43.5979301111 45.2774280592 43.3119653004 43.1366611211 43.8013492056 44.4263281147 43.3316140484 44.7212465465 43.3533737475 44.7858246747 45.0173820097 43.2516385787 43.369816924 45.0944849352 43.3165128382 43.9765325261 45.3235735979 44.8937512682
43.4826337872 44.4238556051 45.3618711941 43.9658739132 45.6031440455 44.5759958446 44.7843941684 44.4712056762 43.7758495604 45.2353401663 45.7517804629 45.7362257885 43.0833289755 43.1687824447 43.3397456283 43.062860259 44.7873038224 43.8008996547 43.7205007432 43.7687310283 44.5166137697 45.7669834442 43.0522973785 45.0968280066 43.4221379395 44.1029402214 43.0753704578 45.6878710701 43.6817654131 45.2295545823 43.3966594797 43.8504119876 45.7847749957 43.799489268 45.7631630227 45.7082654078 44.0283220953 44.4712759321 43.7465442447 44.3626845148 44.16536017 43.6787307271 44.917556877 45.0404994693 45.1412791102 44.3825181483 44.4547185644 44.9172339274 44.9585208427 45.0930963724 44.794484331 45.5372864612 43.4951336139
