Spatial_Output/90% DEC/90DEC_0460.asc
NCOLS 155
NROWS 192
XLLCORNER 196769.923733
YLLCORNER 449719.875193
CELLSIZE 27.603701
NODATA_VALUE NaN
[rows 23 to 45 of 192, columns 53 to 105 of 155]
30.958146318 31.0521415954 31.1585908683 31.0071773771 30.8832453225 30.5449528437 31.0179269241 30.8464403729 31.1490667563 30.9797946928 31.0140341911 30.5533717835 31.1696896417 30.5045460506 31.1781077781 31.0005962515 30.6544551408 30.9992096051 30.5209542077 30.6993379048 30.6613675981 30.9800392795 30.695218693 31.2036413688 30.5230666419 30.7692974355 30.6412138661 30.9222226333 31.0584333666 30.5979977516 30.7706290176 31.1826958248 30.8956503269 30.6885616256 31.0618816484 30.6135349376 30.8763143873 31.0820284476 31.0755097508 30.6062215775 30.9648963854 30.9686406461 30.7763881025 31.1385060996 30.7688488663 31.1770764577 30.9140998416 30.9247642 30.5911235096 31.0685957202 31.0133215588 30.6630708771 30.5976028929
30.9548411879 31.1878577825 31.0313222921 30.5008882627 31.154813003 30.9096350487 30.7748676538 30.7895782923 30.95288558 30.7536506298 31.0649028687 30.8458560769 31.1907549316 30.7401756364 30.8515765302 30.7287381158 30.7166672426 31.1402107556 30.5497862224 31.2027651605 31.1659189019 30.711957338 30.6031992244 30.7193593377 30.5442196074 30.8472757741 30.823187921 30.9197281897 30.5680449424 30.9599211672 31.0154218394 30.9082792949 31.0215465049 30.9823567695 30.7827515046 30.7198325945 31.1083404275 30.5297002664 30.9407454975 31.0206950286 30.7479184796 30.7634783355 30.8358818448 30.9542039055 30.5616010707 30.5421261035 30.5892133989 31.1499265653 31.1539767488 31.1809532931 30.5976775329 31.1943703522 30.8134836977
31.1324448643 30.5106228098 30.9119439062 31.1009643815 30.5848564984 30.6810463208 30.8682439892 30.5816035427 30.9028601771 30.7581544191 31.0231998617 30.6971580166 30.9966854183 31.020812241 31.2031020991 31.0117779611 30.7404844851 30.507667205 31.1785870945 30.9548427664 31.1199622159 30.7491500553 30.65300598 30.6550583461 30.9278606793 31.0665874931 30.7591243038 31.1812831775 31.0256421441 30.5814441727 30.8572415054 30.8870313406 30.9037173203 30.894074496 30.7560920827 31.060399839 31.1286543105 30.6820781894 30.8745398382 30.5162145659 30.7322321679 31.0188798449 30.7176075808 30.8690417027 30.5961526531 30.7660207121 31.1245952262 30.9076764088 31.1070480646 30.6334734323 30.5998017304 31.1785363209 31.0835142106
31.0361476352 30.6938040358 31.1984515874 30.5569594779 30.9181825457 31.0518426846 30.5995882361 30.9414345091 30.6476494452 31.0743369066 30.5695146636 30.9610952691 30.9345264939 30.9005878886 30.5813051742 31.199301065 30.6023562012 30.8094134737 30.5516822031 30.6533696378 30.5910369849 30.5523729599 31.115622314 31.0593154518 30.5141106606 30.5651861273 30.6830162981 30.6212144476 31.1772058202 30.8002955585 30.6385255651 30.5075813114 30.9790455343 31.1491716558 30.7589249041 31.0437607928 30.6075847367 31.010563762 30.5747259418 30.6835949953 30.5839058126 30.7986916404 30.8359068831 30.8443486791 30.7576083146 31.0493991619 30.6627403395 31.0644585154 31.1065520729 31.0973214224 30.9845127208 31.1202186661 30.641824906
31.1075483419 30.6171558159 31.0452665011 31.0947780221 31.0689163915 30.5671460254 31.2070548449 30.5465458387 31.0881688165 30.7654717618 30.682928886 30.8690262403 31.2034173456 31.0405570878 30.9285569361 30.6293771858 31.1434379283 30.7506175407 30.502219743 30.9537762091 31.1779877765 31.1630131764 30.5495118466 30.9664647086 31.0767681908 31.149609185 30.6644488097 30.6572486751 31.1026068841 30.8093107633 30.5477918082 31.1146793789 31.0769034892 30.6241710908 31.0935109144 30.5203507276 31.0741709471 30.5900701433 30.6696520521 30.5548354656 30.9191282894 30.7462169269 30.8217111195 30.5715185648 30.6269139527 31.0927578676 30.5809914156 30.8685780618 30.9130043645 30.6357678792 31.1030121256 30.9425891592 31.1185782622
30.7903262565 30.8382141775 30.8198097126 30.5836779599 30.9201943287 30.8692303162 30.850897928 31.1383864789 30.5455483659 30.5362885668 31.1178526434 30.5677195435 30.5006284058 31.0151091702 31.0825472124 31.1723377746 31.1204375946 30.5664839859 31.0785350508 30.5810625819 30.8906179281 30.9705079964 30.6099673666 30.8178237626 31.1490840191 31.0488276268 31.0732579196 30.6018712135 30.6517676452 30.7717359188 30.5167467333 31.0432812659 30.5910371846 31.1766724959 30.8719122373 31.1155738858 30.5398377091 30.6777956906 30.5763555231 30.7094377184 30.7480733219 31.156930817 31.1674929166 30.6301034473 30.9681817236 30.9375857876 31.1049685637 30.9149370136 30.5390640284 30.5787617686 30.6610702268 31.1987340868 31.0920510676
30.6398950181 30.872430378 31.0862664357 30.5542581802 31.1293752695 30.6134303735 31.1776522521 30.7284035891 31.1009613352 30.5197215337 31.0964915482 31.1829048093 30.8664276232 30.5625192744 30.9584180445 31.004511889 30.8176557721 30.9012346747 31.0052146271 31.1964622973 30.5019633638 30.9459302884 30.7733961485 30.5549990432 31.0745502223 31.0038695588 30.659204971 30.9386810424 30.6960987881 31.1547291827 30.5627281056 31.1585815821 30.8591752674 31.0445089106 31.0837049298 30.8220942116 30.9136913007 31.0393467312 30.5023303295 31.0380573393 30.6121626187 31.1042067279 30.6494276925 30.919424849 31.1226832671 31.1600438785 30.8460227959 30.7441870441 30.9722902193 30.8994351698 30.9716287347 30.9440182656 30.6969795729
31.1870697036 30.6905049669 31.0926968005 30.8784464087 30.5148197686 30.757736913 31.1752074205 31.0512580868 30.7068344869 31.1949515405 31.1965835288 30.6321513457 31.0258080333 30.9955657811 30.5537271092 30.557239679 30.8727585957 30.7299014684 30.5354027098 30.9028427653 30.8208854154 30.9373604631 30.6531887609 30.5651935032 30.9098851136 30.766370471 30.50616302 30.6503220345 30.5757897723 31.0392038947 30.8322518496 30.7050621181 31.0702955382 31.0867635704 30.7119084099 30.9899939104 31.0759863479 31.1551162681 30.9148413493 30.8918602991 30.8127092799 30.7609469638 30.841034702 30.9519757429 30.7709782825 30.7684093199 30.836004824 30.5320323664 30.9966760103 31.1161036915 31.0364370599 31.1719817482 30.6432838157
31.162544792 31.1743115527 30.6229092579 30.8767344382 30.6091513759 31.0083512939 30.7035608522 31.1891353733 30.5095687641 30.5348015397 30.6337398016 30.7377289551 30.5609982303 30.7784539847 30.7175964284 30.7402685606 30.8578342448 30.5527766133 30.7885791101 30.9959014971 30.5563226701 30.8959323054 30.9959896328 30.7546978594 31.1797733691 30.86966154 31.1645607961 30.6579814826 31.0434011889 30.8163468099 31.1859368677 31.135379909 30.6737855125 30.5717208479 30.9482575162 31.0106781315 30.8481578804 31.0877000382 30.5550361945 30.8177727218 30.6212796142 30.6687316609 30.5592443732 30.8801977413 30.590996026 31.0761377296 30.9214073738 30.8137585095 31.0345893426 30.9938010861 30.930044137 30.8061710606 30.6313206657
31.0177379276 30.9098473266 30.5651122907 30.5607572492 31.2055305077 31.1851134295 30.546610609 30.8568529226 31.0327298439 30.5392311497 30.8116517636 30.9188736225 30.5845178896 30.6060577267 30.8849249702 30.8906781096 30.8667449393 30.9228610738 30.898111421 30.8076805637 30.5253874585 30.75892769 30.8991794699 30.7587237819 30.5578198816 30.9836087461 30.6062995696 30.5850815789 30.9484468299 30.5504576954 30.7469876991 31.1597922095 31.0245514456 30.7552660846 30.7126720004 30.6639680203 30.8494879047 30.7263105164 30.634088393 31.0167653447 30.6673019869 31.0142667501 30.6297302982 31.1251077822 30.8493440152 30.8419265848 30.7693533768 31.1841452563 31.1384777291 31.0799138332 30.7072532952 30.7999061219 30.9529033824
31.0774906785 31.1106348217 31.0073965389 31.0191401879 30.7949467275 30.6084922723 30.6968602753 30.9994765834 30.8090163428 30.9997105225 30.9368025709 30.6265005771 31.0668313291 30.936560276 30.6385334719 30.7506175513 30.9892191914 30.7190434268 31.0795446327 30.9427937419 31.1449434621 30.8170196952 30.7497176077 31.1851007995 30.9416338341 30.6987367564 30.7247106992 30.553971829 31.1339439401 30.545225883 31.1663775563 31.1759079312 31.1374658733 30.8882068005 30.8461717484 30.82498688 30.9665277507 30.5860620251 31.065510441 30.7101363224 30.9206535126 30.5007876904 30.9541047876 30.8083420078 30.7503251623 30.5059843011 30.7432014991 30.5245679479 30.5138601632 30.7509000822 30.6588498486 30.8370515651 31.0128837108
31.1229620495 30.5741536613 30.7069395223 31.114487263 30.667129707 30.6358933263 30.628122569 31.1784773271 30.6974793566 30.7909741332 31.1119541774 30.6418906827 30.7353540846 30.8603296237 31.094599155 31.0041278242 30.8294204745 30.7865132144 30.8875171071 30.5505263501 31.1607336276 30.594195408 30.6968187168 31.1773420562 30.7486409753 30.5069544511 30.8451201943 30.7983535155 31.1283258614 30.6435808105 30.7417688719 31.1531678655 30.8852517118 30.8319458361 30.6823681381 30.7109777329 30.9302709984 31.111006514 31.1745863861 30.5497182723 30.8170783542 31.000278809 30.8810888884 30.5168374162 30.8323307003 30.7804187511 30.6392417254 30.7457458455 30.657806614 30.5284416918 30.6099619563 30.802348621 30.9278966358
31.1937240904 30.9102956293 30.9962558492 30.5768712408 31.136771244 30.9118125846 30.6179689327 30.7304301581 30.8255090591 30.9243929327 30.7907035597 30.8481834167 31.0534089263 30.5437037337 30.8282210619 30.8681323622 31.0208625879 30.9625565551 31.1769164231 31.0982260401 30.7997629493 30.5550750438 30.5992795623 30.982336491 30.5388660888 30.9065634404 30.7403575493 30.6765778967 30.904456806 30.9077439688 31.000825232 30.6675072018 30.8450108544 31.1235540251 30.7140382686 30.9064429761 30.6531466085 31.2041358544 31.0551640637 30.7590904978 31.0494262971 30.7440894045 31.0183772869 31.0739729941 31.0436774585 30.6289955472 30.9576926832 30.6216796264 30.8298492041 30.915192282 30.9838586289 30.8092534376 30.528981434
30.9483143054 31.1556338023 31.2049901667 31.0550992695 30.8923625857 30.6621020271 30.7545848809 30.64750466 30.5262809491 31.1974579568 31.0504162337 30.9992433053 31.1578571683 31.0374059642 31.1822705144 30.9759780711 31.1458082369 31.178210506 30.5123823956 30.8777943914 30.9837851526 30.627434292 31.0694438146 30.7273306208 30.9401230913 31.0000541242 30.9766169459 31.0592744749 30.8412815046 31.0714725877 31.0534714449 31.0427867018 30.7137985751 30.7459297542 30.8372384939 30.8272043547 30.9622692122 30.9623650168 30.6169360128 30.5012559965 31.029940771 31.1284531369 31.1230388276 30.7974475873 30.514980762 31.1661057917 30.8857417284 30.909265721 31.0075110501 30.6092976235 30.9573082458 31.1285216815 31.0507300687
31.189361121 30.7790429995 31.1195620079 31.1036914986 31.0651107639 30.8115531577 31.1586210908 30.5485684661 30.8518621388 30.8102190463 31.0816556029 31.1934398752 31.0579394961 30.5130035866 30.6655277454 31.1983500513 30.7880959032 30.9714706872 30.9971719938 30.9323170158 30.9367662287 30.5069306936 31.1805033142 31.156466612 30.5277678316 30.8352353316 30.9234998617 30.817117473 30.7626689918 31.0519735524 30.7176652469 30.9645266846 31.1244661059 30.5835457705 30.7191310419 30.5740252409 30.9385555419 31.1632146263 30.7457028595 30.8606959677 30.739806356 31.1986135803 30.5754678801 30.6205471798 30.9340808948 30.5845779594 31.1317221076 30.5686856051 31.0112437898 30.8494420909 30.845075045 30.7154393284 31.1042990346
30.8961021838 30.6185034761 30.6806281977 30.7077710019 30.9181353577 30.9412634038 31.2061396314 31.1837910503 30.6168616658 31.0421372556 30.6356970868 30.8001350129 31.0684627698 30.9359254367 30.8164151335 30.6084605052 30.7432046515 31.0989996128 30.5001745222 30.8560031246 30.958521815 31.1159067339 31.1014429085 31.1753653276 30.5908728224 30.6316332895 31.0708331034 30.8019864002 31.0112327187 30.7843365609 31.0088282008 30.9157978715 30.866631592 30.9207425024 30.6474602794 30.7557964588 30.5707238092 30.7360002377 30.905475567 30.668281084 31.1940515926 31.0427863507 31.0725959808 30.7500577541 30.9215180761 31.0144748609 30.5711147871 30.7588651896 30.7486305798 30.8280467786 30.956941661 31.0402608535 30.9522309846
30.6925590343 30.9970903823 30.7929464944 30.9436964611 30.5102837429 30.9578699597 31.1577113504 31.1927957893 31.0920886618 30.8266111019 31.0216328743 31.002772259 31.034309716 30.7919589268 30.7253388509 30.9706765121 31.0723392919 30.8421879888 30.6073982556 30.954546969 30.8303001946 30.9200190186 31.0541114968 30.9653186153 30.6569461648 30.5410624654 30.698433736 30.6625116933 30.9417059451 30.7469170249 30.780427042 31.1526298094 30.6585026353 30.9855388737 30.6589281356 30.5190486125 30.7782739406 30.7555386555 31.0102226631 31.1631900484 31.1910523901 30.94398365 30.9937929258 30.7272440109 31.0230145666 30.8439792265 30.5022621569 31.174922667 31.0913315554 30.5573144928 30.9425688264 30.6251154076 30.7336184307
30.5990874863 31.0383240381 31.1321176025 30.6360496118 30.6143057392 30.7736192639 31.1828214728 30.9826800696 31.1601892701 31.1118193537 30.9616124965 30.5063348708 30.8932910627 30.7311678892 30.7629773213 31.1917977072 31.0651286637 30.625993967 30.9424996706 30.7507578092 31.0347391382 31.1526662893 30.8068301769 30.9547725511 30.9838540331 30.8479219883 30.5345609042 30.5947268741 30.6790528104 30.5718830186 31.0842214142 30.924138565 31.0921523269 30.6792351325 30.9711181258 30.6475312953 30.9021865395 31.1534904641 30.8023782772 30.9249403455 31.0487332842 31.075153308 30.9152091519 30.9407886809 30.5789645059 30.7856999405 31.0709321286 30.8813082656 30.5740942119 30.8178797769 30.765741812 30.9504438706 30.7003495951
31.0452330489 31.1430185336 31.1326727246 30.6071424988 30.5621428894 30.5176222578 31.1780970961 30.7109168672 30.6974597803 30.5706492191 30.9806268055 31.0682576865 30.6218176801 30.5910700795 30.6809275854 31.1892488722 30.5124644597 31.0000678217 31.0461875227 30.8209948572 30.6699135388 30.9854547913 30.6267073676 31.0588213964 30.5764549069 31.2070048228 31.0103457919 30.595301088 30.737566712 30.5628696283 31.0152107905 31.0386123788 30.6406052685 31.1080631529 30.627635435 30.5771153925 30.9012002823 30.9201404464 31.0976162305 31.0299915197 30.8690205026 31.0778189418 30.7503914254 31.108323852 31.1252027499 30.7381489541 30.9924476598 30.7894425585 30.6238796597 30.6411266239 31.0731543524 31.2020206891 31.0259442025
31.1460303608 31.0837637273 30.7470922364 30.7500059627 30.9514603637 31.0525533807 30.7424683225 30.8743439077 31.0338635653 31.1415694478 30.6340890292 31.158585838 30.9653364212 30.9596670065 31.1566622011 30.592624498 30.5726964381 30.8451538457 30.7381910248 30.7352886875 31.1676065113 30.6831075966 31.0806438999 30.770648592 30.5899719392 30.8037200293 30.9719516203 30.9030138072 31.0598942577 30.7751163062 31.1309028887 30.7363087768 30.9816440165 30.7126352104 30.9784667776 31.0005781371 30.6727322384 31.1314146919 31.2047642218 31.0168246053 30.880886913 30.8938273504 31.2066587926 30.9124577875 31.1361363449 30.5938952099 31.0267175097 30.9506471826 30.6834553679 31.1636576479 30.7273343847 30.6600854748 30.6046101486
30.5668192447 30.9195848552 31.0010238086 30.8795229068 31.0367397852 31.0712856518 30.8782783759 30.8677373861 30.7161911711 30.8864288073 30.8316015051 30.9800969919 30.8243946771 30.7843034425 31.0879460111 31.0098329399 31.0026674564 30.5633509548 30.7383006131 31.1893203215 30.8485718154 30.7994679507 30.6502894659 30.7153909148 31.0215695801 31.1134894079 30.5788264461 30.9974905211 30.7961276827 30.9771392015 31.0466553558 30.9271775443 31.1576881547 31.1320361974 30.54902758 30.9443764869 30.7049947563 31.2061158884 30.6941323729 31.0132902053 30.9728713265 30.5337350339 30.9257297202 30.529948084 30.7362392361 31.0302008165 30.5880323183 30.9330087819 30.7108355183 30.8341296303 30.7996146634 30.7838529538 30.919579185
31.1202017554 31.0243892119 31.1827229427 31.028513459 31.0048212349 31.0180546757 31.0871895168 30.7643461717 30.7374573308 30.567929597 30.6644763323 30.8473086763 30.8127565382 30.7616691254 30.5506825981 30.6571752168 30.7509550056 30.8818916598 30.6170637013 31.071514177 30.9560704937 30.9929228184 31.0340107752 30.8623518181 30.9042986292 31.1675160519 31.0178388488 30.6602571459 30.9235565639 31.1262579087 30.8543444369 30.7322718776 30.9264183433 30.8465239074 30.7640982207 31.2013542105 31.1724454708 30.9743799839 30.7851162908 31.1079242428 30.5604716518 30.8097964086 30.8459124177 31.021657274 30.7442119853 30.8167711922 31.0972778796 31.1216361077 31.2060086356 31.0470020606 30.7638988717 31.0742060595 30.8365456038
31.165289818 30.8061044858 30.9475430521 30.8359547252 30.9447474965 31.0657538255 30.5189664783 30.6911695631 30.6387821993 31.1387231727 30.8564198989 30.7517402226 31.1482629478 30.5115669796 30.5696813497 30.7540437969 30.5753662331 31.1356266693 30.8473267744 30.8392191513 31.0818416281 30.9564789084 30.8816885282 30.9684700472 31.1650681267 30.7486722655 30.5938533579 31.0319948469 30.9169065278 30.9774800015 30.8257322024 30.98487019 30.8592096874 30.9093749653 30.6769841893 30.587902415 30.663423127 30.669770646 30.5871239749 30.652679969 30.6078314633 31.1377914935 30.6034598978 31.0319873851 30.760267103 30.5826293257 30.7747703159 30.6255188617 30.8335192514 30.9715869733 31.1456412016 30.8227012643 30.6731107826
