Spatial_Output/90% DEC/90DEC_0097.asc
NCOLS 155
NROWS 192
XLLCORNER 196769.923733
YLLCORNER 449719.875193
CELLSIZE 27.603701
NODATA_VALUE NaN
[rows 161 to 183 of 192, columns 53 to 105 of 155]
43.0744179175 45.7164280006 43.7945020722 45.7246095437 44.1539998181 44.863401942 44.7523142416 45.776026323 45.4228781572 45.2555820551 45.7551958149 45.6183774482 45.8260615758 44.0310682212 44.3971599505 44.2569294167 45.6840760439 43.7063512392 43.7333662137 45.8026532283 43.0567063252 45.7092247203 45.0895847735 43.9984757195 44.5844840951 45.3526934824 44.5462921409 45.4942574483 45.5170061021 43.1779764455 44.0624401778 45.2236385895 43.2446424417 44.7282942324 43.0299740531 44.5607757816 45.6242443939 45.5821442097 45.1300273761 44.7193179876 44.4137908904 43.557599255 43.9751348439 43.4610150413 44.710938139 45.6992788432 44.8274000109 43.6533832209 45.7668912321 43.8159796826 45.6929223633 44.3490585536 45.0708695128
44.8079623064 45.6593388572 45.1066545944 44.7752826728 44.1467710031 44.3083572629 44.5482607523 43.0530475259 45.2344277519 43.7696506119 43.6321350305 44.5761778892 44.8952332171 44.7647491737 43.9562974255 44.2457876818 44.1331414628 45.663624033 43.7504938815 43.0385901725 45.3298424887 43.8246692943 45.3185170946 44.8305760988 44.4526922849 45.1709066605 44.7136183373 43.6920124277 45.5498147102 44.8736983673 44.2410448938 43.0205647542 44.2742201213 43.8472197583 44.6584867695 43.4232109726 45.7863715357 44.5644113634 45.7270315652 44.7120089864 45.5574991057 44.7880101626 44.1264749092 43.5047436669 43.9130821799 44.7863834471 45.8026422525 44.0542987602 43.8535210515 44.7082363204 43.2552521765 43.922924155 45.4342767116
0 43.3733550206 43.794384107 44.5808213745 43.1440697143 44.3578739823 43.6168387323 44.3063591805 44.3789260098 44.2485002494 45.1031522582 45.4495662109 44.461237911 44.737077074 43.7913125298 43.8015993931 43.0447972594 45.5904624018 45.0688375388 44.9200351142 43.5394716802 43.9342986421 44.4376472347 44.7150408924 45.1055475932 44.0134498672 43.1497459827 43.0601283894 43.9961883053 43.796611061 43.2937211733 45.2746896018 43.0028346318 44.8122944667 44.1546816669 44.6160664986 43.4678995324 44.2152973891 45.4395364399 43.447069985 44.7473004344 45.6961880715 43.6911969761 44.6235286694 44.3544448301 43.0648103699 44.4711197324 43.9329408079 43.0252014817 44.5110580739 43.6146122466 44.8230716208 43.9557578491
0 0 0 45.0752757852 45.3983124169 44.6294211882 44.2453913908 45.7080440804 45.1505531273 45.5342081944 44.5831006029 45.0394102797 43.5134298267 44.2718211317 43.2110872786 44.9319772911 44.3612635596 43.505987427 43.7394504812 43.3575907412 45.3533005511 44.2517035319 43.188966476 43.8860969013 44.759662922 44.9903631281 44.3375407067 44.4539090732 44.1492596018 44.9486162168 45.1979998561 43.6582213772 45.1073772446 43.06921458 44.7775964038 43.535729295 43.8865049927 44.8318006095 45.3300149742 44.7181511929 43.2246074151 43.7392108947 44.7204750432 44.0787559847 44.6763782339 43.3124176532 44.0682495441 43.1008160106 44.0197256949 43.3061207324 44.0980275695 44.1805467852 43.9016181064
0 0 0 0 0 0 44.0474544052 43.9547905477 44.0262931286 44.6571304879 44.4969667248 43.5119605713 45.6863575226 44.7128590736 43.3045553351 45.2299904163 44.1475991854 44.8439933674 44.8200195844 45.4328367916 44.5768703042 43.9487453827 44.9988858855 43.633085206 43.911285916 44.1023476688 45.2091680331 45.5280519259 43.6140394863 45.803078556 44.506878945 43.0066723957 43.2946897371 45.7390423611 43.0546460764 44.4538274066 43.9034533925 45.3698198189 43.5491488671 45.7020821551 44.9572024168 45.1899567751 45.6023306671 45.7117816411 44.163808896 43.5490834816 43.5919017518 45.2042645109 45.1384708727 44.5080262755 43.2186672966 43.849616919 43.089682818
0 0 0 0 0 0 0 0 0 43.9899202431 43.6246601961 44.2315775073 43.0999295651 43.0825191066 43.9753831454 43.5370575754 44.7271796124 0 43.958230442 43.8926375769 44.1309767992 43.319001783 43.061346409 44.4148766517 45.4421049119 43.821160269 45.5952211292 45.4389446005 43.7856105608 45.6162728978 44.587402627 44.1780146776 45.7960396994 44.9281719705 45.4927897029 43.5545159231 43.6367415285 44.1059311667 44.1182017961 45.3209091695 44.7743479656 45.3631566955 43.8986218791 44.940885583 45.5827503016 45.2158093306 45.4151138201 43.3454379643 43.9216062739 43.0577944922 43.3352270266 44.505054388 43.4884628427
0 0 0 0 0 0 0 0 0 0 0 45.5390460892 45.4894248842 44.4341542751 44.9090853131 45.8118619488 0 0 0 44.085367969 44.7062003068 43.9961564989 43.3332466469 44.8241558174 43.4462112351 43.1208659384 44.8855025303 44.8382487448 44.9291238931 45.0372277078 45.1149396808 44.4424005757 45.1189480006 43.2221228138 44.6811727009 43.7900655049 45.7747700717 45.0256123652 43.2401098687 43.2368440837 43.0276869098 44.1481595596 45.5674005956 43.5451889706 44.8931010141 44.8864544434 43.9135751172 45.2603518812 45.4030390578 44.8905559546 44.1413874098 43.9761292755 45.2751058693
0 0 0 0 0 0 0 0 0 0 0 0 65.9304345373 65.9304345373 65.9304345373 0 0 0 0 0 43.8429057863 45.1140189372 43.2764441633 45.7360148688 43.2349357232 45.4180201574 44.3426350666 45.5700066323 45.355596393 43.9882594075 43.9702164136 44.431643209 44.3626005432 44.2011340264 45.5828035439 43.5156160878 44.9072916755 44.1720764768 43.9006314589 44.3024874719 45.1853758675 44.7504388965 44.5488136204 43.6160286492 44.4220757087 45.4327930908 45.4243190754 43.789784173 45.247177164 45.5521697289 45.1515583703 44.3723640138 43.1178267003
0 0 0 0 0 0 0 0 0 0 0 0 59.0463807462 54.6231288796 62.3450239914 0 0 0 0 0 45.4021277139 45.0614617893 44.2368705664 45.7799955661 43.5340965985 44.9201100675 43.8650486725 43.1047227836 43.1861870837 45.5799604581 44.6843610246 44.1559659553 45.5490213521 43.3661726709 45.6109380352 44.2888478729 45.8223760695 43.8628099514 44.4465520682 43.6135782218 45.3383495681 45.2386721423 45.0415556453 45.797949704 44.9940707907 44.3126097025 45.8101480636 45.1658895997 44.9976498824 44.2817607183 44.1111498459 45.712704931 45.3613963554
0 0 0 0 0 0 0 0 0 0 0 0 55.6561739531 52.8678033506 59.1440877459 0 0 0 0 0 0 44.9001928311 44.4628200795 44.2620987829 45.4718668029 45.5445549186 44.0356214248 45.5698327783 44.7840410241 44.3533229175 45.810206232 44.7887660369 44.8538207067 44.513095625 45.6348930534 43.5690867588 45.4412317624 43.4271922878 44.4466767557 45.4984949841 44.7588446839 44.362383422 43.8281387551 44.0526909737 43.6300181785 43.3959715162 45.4403868997 44.0740359946 45.752438674 44.6362390038 44.751684202 43.7208346281 45.4977123091
0 0 0 0 0 0 0 0 0 0 0 0 60.6986088847 58.3042977729 53.5234092635 0 0 0 0 0 0 0 45.3434188861 43.6593655464 44.1914184219 43.0814961587 43.111191671 45.4150077999 44.3611628296 45.4104398986 44.6832826446 44.8368166265 45.341385197 45.347197125 44.8721044919 45.4671272719 44.6648267079 43.3856957536 43.9855341871 44.7867597336 43.8865962299 45.1216529967 43.9166715928 44.1154248293 44.5379827908 43.1194525168 43.2646732249 45.2716409879 43.4238896264 45.2637484975 44.2335244421 43.7508517816 45.388236911
0 0 0 0 0 0 0 0 0 0 0 0 0 0 0 0 0 0 0 0 0 0 0 43.8294126205 43.6060634041 43.5594780746 45.083374564 43.8889746365 44.3880992496 43.8756614733 44.576796936 44.3478469158 45.3446132744 44.8833416784 45.6679163519 44.3465330528 43.1596934378 44.2265389158 45.6688087778 45.0929517393 45.5984991224 44.6612007113 45.7666312926 44.2085646861 43.4803919114 43.6387063737 43.9807753397 45.3056758219 43.9832272295 43.0415303038 43.3254793503 43.7577492136 43.0631616703
0 0 0 0 0 0 0 0 0 0 0 0 0 0 0 0 0 0 0 0 0 0 0 0 43.0902614473 45.5048221749 43.6450609466 43.8069077706 44.9616085325 43.1908672572 45.5341837833 43.2600418235 45.6490589574 43.3270067299 45.8022888832 44.6370950142 43.8585502684 44.3021012819 44.1379112387 45.1071143019 45.7340360192 45.2190564774 45.2992718641 43.8416235171 43.2107417905 44.8583917357 44.4015946139 44.8607310533 43.4998250836 43.655110733 43.2729884055 45.1605008382 45.2663963837
0 0 0 0 0 0 0 0 0 0 0 0 0 0 0 0 0 0 0 0 0 0 0 0 0 0 0 0 0 0 43.8850559348 44.5870075856 44.8075932121 45.0831851898 44.7003135319 44.1238830222 45.5608512259 44.0198094416 45.8148854139 43.7522117691 43.8068341072 43.400055055 44.5427415866 43.2183251532 44.9436067871 44.6651585923 44.2775527905 44.3721830362 44.7725549172 45.7377267069 43.2106622849 43.9990274396 43.1122840145
0 0 0 0 0 0 0 0 0 0 0 0 0 0 0 0 0 0 0 0 0 0 0 0 0 0 0 0 0 0 0 0 0 0 45.1959793364 45.1639885794 43.3416666182 43.6240447699 44.9806591999 44.8524575698 43.3514970361 44.3581789496 43.3500840734 44.6623873937 45.3977438702 43.4755388425 45.682541984 44.5208880131 43.6177901727 43.6517454745 44.941232719 44.059104574 44.7379215533
0 0 0 0 0 0 0 0 0 0 0 0 0 0 0 0 0 0 0 0 0 0 0 0 0 0 0 0 0 0 0 0 0 0 0 43.1831003471 45.720896643 43.0526105745 44.5923695125 43.5529420231 44.933643271 44.8058025406 44.2162173617 44.3659213214 44.9618449605 43.9017341301 43.377385688 43.4791201634 45.6912399657 44.933870849 44.2528099885 44.0862964401 45.770895027
0 0 0 0 0 0 0 0 0 0 0 0 0 0 0 0 0 0 0 0 0 0 0 0 0 0 0 0 0 0 0 0 0 0 0 0 45.6674046575 45.4116803132 44.010983192 44.4262757742 43.5255799863 44.0054078605 44.636132238 44.6157133786 44.4193229986 44.2150115989 45.3404398873 44.7165234376 43.6531581539 43.7274633989 43.234739031 45.6277645553 45.5918225805
0 0 0 0 0 0 0 0 0 0 0 0 0 0 0 0 0 0 0 0 0 0 0 0 0 0 0 0 0 0 0 0 0 0 0 0 0 44.6971541602 43.0332824655 45.1718724988 45.0336830662 44.2082876873 45.5167027301 45.1178973295 45.1726785967 45.2909719505 44.6770813374 44.1934190471 43.7538280372 43.3047996069 45.1768735735 44.5114391338 43.9148240718
0 0 0 0 0 0 0 0 0 0 0 0 0 0 0 0 0 0 0 0 0 0 0 0 0 0 0 0 0 0 0 0 0 0 0 0 0 0 43.5236083265 43.1075437729 44.8070881794 44.9518241554 44.9749173625 43.0333460619 43.2693030206 43.2388664564 44.2040087245 44.8368383982 44.529473573 43.0044926633 43.8337923234 43.832168753 44.0223111737
0 0 0 0 0 0 0 0 0 0 0 0 0 0 0 0 0 0 0 0 0 0 0 0 0 0 0 0 0 0 0 0 0 0 0 0 0 0 0 45.0240854948 43.2516969226 44.6237856473 45.4883573891 44.4653849933 43.6778405465 43.9885064853 45.8131735857 44.7695997044 43.1332918309 43.0843067758 45.2626191878 45.6593265495 45.7802541437
0 0 0 0 0 0 0 0 0 0 0 0 0 0 0 0 0 0 0 0 0 0 0 0 0 0 0 0 0 0 0 0 0 0 0 0 0 0 0 0 45.0172910396 44.3743584445 45.0110379682 45.5732265934 45.4550918271 45.520355411 45.5590765833 44.9429979926 43.2242764936 45.1278485235 44.4035624751 43.2620873523 44.19106973
0 0 0 0 0 0 0 0 0 0 0 0 0 0 0 0 0 0 0 0 0 0 0 0 0 0 0 0 0 0 0 0 0 0 0 0 0 0 0 0 0 43.9130969627 45.4550663839 43.7777400686 45.1665724413 43.9649039472 44.4715095807 44.7057154837 44.4227104592 44.171392357 45.1039230653 44.7599212152 44.209266734
0 0 0 0 0 0 0 0 0 0 0 0 0 0 0 0 0 0 0 0 0 0 0 0 0 0 0 0 0 0 0 0 0 0 0 0 0 0 0 0 0 0 44.0562240787 45.1274200098 45.7692672152 43.586013232 43.9031603954 43.517449971 43.5970685253 43.0130091199 44.1302783449 45.2720924708 45.4266580123
