Spatial_Output/90% DEC/90DEC_0642.asc
NCOLS 155
NROWS 192
XLLCORNER 196769.923733
YLLCORNER 449719.875193
CELLSIZE 27.603701
NODATA_VALUE NaN
[rows 161 to 183 of 192, columns 53 to 105 of 155]
26.2246417076 26.0975856088 25.1174371237 26.1890947525 25.5641644295 29.3590989027 26.4541120911 25.1469727972 26.7979086549 26.9809191513 26.8017084879 24.9558951147 27.020581873 28.7129580611 29.0737347088 28.040026079 25.1400868106 29.4392399469 24.6186490345 26.2592394701 24.9080494292 24.5546832873 27.6758059551 27.0033264455 24.810731431 28.2098686856 28.451772027 27.6413255322 28.6666081567 29.0347528898 29.3838668768 28.0539139173 28.0686653155 24.9438318675 25.942600276 26.2806828797 28.6161603154 26.865898274 27.9664531171 29.4211957395 24.9118325785 25.0904739578 26.0752580952 24.9920079934 27.0464111032 26.1723654578 26.174653731 27.8527694524 27.6819858257 24.5085952153 26.0084652401 25.7847410626 28.1788044796
28.597158952 26.180345806 27.6701481995 28.4705825829 28.697806595 26.3351593104 25.7036170877 27.9688425717 25.4829171682 26.8448275474 25.9612853638 26.1192845648 25.4915594616 29.1458713486 26.5739447345 24.6458996569 29.341781964 28.6984312373 25.9224005976 29.1354395309 25.6398769988 24.6749784517 29.2096250317 27.0566758002 26.02358618 26.3926029779 26.4194563314 29.0412187932 27.5000793198 27.2083804218 25.9116184904 26.2245222512 28.7580366864 25.3399536789 24.57643249 26.6690522091 27.9430219122 28.3745097693 28.8044677065 28.6475068207 24.977072975 25.4113310539 26.2328341699 27.3860417578 28.1738842575 28.8479817532 26.4857015061 28.8314441975 28.7147103615 25.0600066523 25.1847188052 25.3527095139 25.589000507
0 26.1422671042 24.7340967526 25.4966618672 28.8783682901 27.6427214025 29.4443352285 29.087474838 25.8273621988 25.3971714697 25.6515393879 27.5393953281 27.5073012025 29.3437840775 27.4490252303 27.1409596802 25.3867322832 27.8820945755 26.5888862126 28.7716583379 26.2953908966 25.7421964435 29.289093459 26.440599946 28.3223857186 27.9881487609 28.1736355689 27.9546048858 28.8625631336 25.946820333 27.8516477742 25.8879122436 26.7829767846 24.6176095139 25.1197588038 29.289296198 26.7041552122 27.8452341407 25.6737413156 29.3365407974 27.1967152372 28.8166224198 27.1915132246 27.507915687 25.8022455351 24.6901539538 27.4518351048 25.3676294064 26.8562797452 27.6910105403 25.6038859516 28.495743173 27.990131306
0 0 0 26.5482022283 28.9806542716 24.9808844717 25.6018340032 27.7780012217 26.0069211965 26.0969536868 25.274393848 27.3076766435 27.6018888747 26.7902557658 26.2729727488 26.6184008969 27.2355401008 26.7691519379 25.9842865339 25.1992850092 26.6507304909 25.9136562694 26.2297045943 27.1168228499 28.1592964096 25.1725205788 26.6220294206 29.1191799691 28.1123791808 28.9627707974 27.4415871224 27.2231781656 28.6844347652 27.6972988587 27.2605358902 28.5130283975 28.6258010957 28.5113817031 26.3288399518 26.80179698 26.3603066396 26.7036804029 26.4251212824 28.2119332892 24.5280409283 28.9771754294 28.8657336756 25.5228028952 25.0848967241 26.9182667687 24.6423406169 28.1656947768 28.7750152553
0 0 0 0 0 0 25.7655381885 24.8229535639 28.5387943724 27.3900794248 27.3307251372 29.4378415038 25.0571801529 27.5116254468 28.3119290033 28.9541981941 28.3553202008 28.4564867474 24.5152500749 24.9460261095 28.4386067908 28.6890397471 24.7899819337 26.8951373102 24.5300131898 26.4290903102 27.0755913567 26.1578462425 25.3850771871 27.0892065212 28.6726070399 29.0278708809 29.1608771539 27.7523865515 24.6365189155 26.5130075375 27.0684481127 26.6068143042 27.7444335674 25.8699886005 28.8805305687 26.9268955367 27.768055651 27.4557421666 25.034997223 27.2938787034 28.9989330595 24.7862678524 26.0775913728 27.6105996163 28.5035855389 28.1236575312 24.51203275
0 0 0 0 0 0 0 0 0 25.8319751553 27.871191498 27.0328192787 24.7102510586 27.9969529182 25.9547624697 25.7157212362 27.1192547846 0 24.6139942013 27.3311405351 28.9009598231 26.1513194455 27.8562745514 27.3397180648 24.7859789371 25.5848703742 24.9734590881 26.2764971947 27.7787795412 27.5837463734 25.7269878187 26.9115098063 25.0264801419 26.0726867375 27.4142612723 27.0468421218 24.7636932797 25.5579231873 29.3384428333 29.0405346086 26.4378964685 28.4313953888 28.0932266696 26.2343632006 25.6903553171 26.4219086479 28.2999495707 29.2717352485 26.8207547328 26.9976054509 26.7015438173 25.572176258 27.1819262421
0 0 0 0 0 0 0 0 0 0 0 26.1888505065 25.0005881696 25.136902753 29.012654714 26.6892190697 0 0 0 27.0401057471 29.3939785973 28.1220519771 25.4709732486 26.4554181267 26.5677966972 25.4860404755 28.3638515486 26.0307150378 26.838870131 28.7991104259 27.6767086804 25.4738177938 28.0069914819 29.4291282437 25.3521722424 27.4362591137 27.5866552355 27.5432385334 27.0099318713 28.9740391512 28.7354840629 28.5271799522 29.0724202819 26.5128548244 28.7643393644 26.5382497232 28.9808283886 27.1998525101 25.980459972 24.9083213651 29.3128876186 25.4219166254 25.5230826613
0 0 0 0 0 0 0 0 0 0 0 0 19.8977830049 19.8977830049 65.9304345373 0 0 0 0 0 24.9887066846 28.7932492367 27.0140625895 28.4448082559 27.7477336753 25.0881040883 29.2053386641 27.2770212165 27.2890811574 24.9955983976 27.5709755676 26.0712891682 25.611877583 26.9763528414 26.7409644916 25.4073817082 24.9920016873 26.4777127922 24.6529756167 26.1485229367 24.9619026851 27.6908157715 28.9134748036 26.0204371671 27.3743714925 28.9842212098 28.7758179149 29.3025304285 25.6599377158 28.36729971 28.8171670088 25.6166968516 24.9631613502
0 0 0 0 0 0 0 0 0 0 0 0 46.4761400975 43.4344247871 40.4152752914 0 0 0 0 0 25.9482547807 27.853051543 28.7223351294 26.0741417195 27.4188015076 26.6704862963 27.0496662502 27.7538591835 25.3830982835 25.1294372657 28.6835909898 26.1114340018 26.5105048841 24.6916380632 28.3951438565 25.015914691 26.3733403353 26.3425980322 27.8673798691 27.0323681666 26.6431711047 25.1226298503 28.7192410837 27.8319305129 28.9985136034 28.5210248656 24.7038421336 25.3767102916 26.4308851393 26.627057014 25.7489546755 26.0629304399 27.3585280878
0 0 0 0 0 0 0 0 0 0 0 0 41.783807149 41.0383365073 46.507609132 0 0 0 0 0 0 26.6960890477 26.5007238885 25.0097993624 25.01117743 27.7925574038 28.3660520299 26.7616593867 27.0473527609 26.921012919 27.4344172139 24.7756885497 25.8852533757 29.2791606019 25.9692011611 28.8594400106 28.0005036741 25.7112646273 26.8382530665 24.8381953325 26.4100508744 24.825944204 25.0279420084 28.9840261482 27.8557376787 26.2572885583 24.5526519178 25.8734420395 26.0767374524 27.2510724251 27.2095598904 29.3282857686 28.341226368
0 0 0 0 0 0 0 0 0 0 0 0 40.726029234 42.1760785953 48.7438085682 0 0 0 0 0 0 0 29.1339126795 25.9338639255 24.8776792839 28.2115577109 25.2470078391 25.9676053732 26.9837697497 24.9806828943 28.627595816 27.5159643 24.939519323 25.0965234008 29.3217062641 26.882563287 29.138706969 26.541318375 24.5104892263 29.0895283489 27.7154127771 26.3476525948 29.3475415433 24.6145256081 28.7309301889 28.1776920709 25.7691286863 29.1593246862 29.4227933859 26.841968079 25.5605846376 27.2617784002 26.2321395879
0 0 0 0 0 0 0 0 0 0 0 0 0 0 0 0 0 0 0 0 0 0 0 27.7812162895 25.0953396116 26.3295137237 24.7765694721 25.8646551628 27.2739700767 27.8852552837 27.7947123642 25.0982218866 28.2247248019 27.4007322223 26.1925956617 28.5021598946 27.6003193519 26.8254636985 27.4470383408 25.0758824526 28.5982964595 25.4818012437 26.6173829111 27.0847414572 27.818210399 29.4071122654 25.8243972193 26.0963543703 26.4537971369 24.9525477504 27.7335356923 26.8774905963 27.1089030046
0 0 0 0 0 0 0 0 0 0 0 0 0 0 0 0 0 0 0 0 0 0 0 0 26.8606596054 26.9394757135 26.7761450606 27.7376785995 29.2281173464 26.2518099408 25.1154417799 28.9511857463 25.7285575068 25.3708880286 28.8265552916 24.7381167813 25.2402148801 26.1045986879 26.4100730815 26.9867818629 28.1148491195 28.4840219465 28.0396633108 27.108692786 27.0097941245 28.6954395063 27.8663986142 25.2699734726 25.095771662 27.8112760795 26.9425997684 29.3415178402 28.8804907122
0 0 0 0 0 0 0 0 0 0 0 0 0 0 0 0 0 0 0 0 0 0 0 0 0 0 0 0 0 0 29.3761964093 27.5802546274 25.6484316909 27.4084407057 27.7638678139 26.9633234152 29.1594618046 28.1904364241 24.8888873439 28.1632711514 25.8491813713 27.5641442154 24.7999784699 29.1731679928 25.9653818553 26.7698205274 25.4684295042 27.4715002524 28.247479884 25.5980353308 26.6608714859 25.8798948664 27.6191134084
0 0 0 0 0 0 0 0 0 0 0 0 0 0 0 0 0 0 0 0 0 0 0 0 0 0 0 0 0 0 0 0 0 0 25.9705431914 27.5479986801 29.3732926729 28.0398591929 26.0035012695 27.3330949403 28.3101248822 28.436046674 26.3560564385 26.4668451669 26.1396182253 28.2524773173 26.034915668 25.8353174101 27.0279240511 28.4491607192 28.4488323607 24.7888019687 26.0669933923
0 0 0 0 0 0 0 0 0 0 0 0 0 0 0 0 0 0 0 0 0 0 0 0 0 0 0 0 0 0 0 0 0 0 0 25.0501450297 27.1874044457 26.6129874392 24.922879929 25.1473454104 28.3924396216 26.4156517311 27.694004124 26.8182400413 28.2670628004 24.8754194054 28.4362853717 25.2400049787 25.2110361721 28.9435348931 28.3679725735 25.9625706744 27.5766402713
0 0 0 0 0 0 0 0 0 0 0 0 0 0 0 0 0 0 0 0 0 0 0 0 0 0 0 0 0 0 0 0 0 0 0 0 25.9154410774 25.2948185532 28.1883975765 25.5951304079 27.1455750035 27.3519223985 29.2498068463 28.3727013153 28.0533307882 28.016631652 24.6204789748 29.0073802661 24.9438120925 24.89279674 25.5743031082 25.3562460868 25.4571004965
0 0 0 0 0 0 0 0 0 0 0 0 0 0 0 0 0 0 0 0 0 0 0 0 0 0 0 0 0 0 0 0 0 0 0 0 0 29.2898770741 26.8416341468 29.3114188664 27.441358859 25.5777074864 26.5399541724 28.2371304545 25.2157390126 28.9862685527 28.8612812248 26.751238968 24.9827146142 29.1110598258 29.214777847 24.9830045714 27.7820224241
0 0 0 0 0 0 0 0 0 0 0 0 0 0 0 0 0 0 0 0 0 0 0 0 0 0 0 0 0 0 0 0 0 0 0 0 0 0 25.35651913 27.2411144325 24.9764533963 24.7698616158 24.6430315433 27.4707981883 28.8127979378 25.37641025 27.190506898 27.5082400627 24.7189502172 26.4254761542 26.4744965088 27.8511805346 25.4656072576
0 0 0 0 0 0 0 0 0 0 0 0 0 0 0 0 0 0 0 0 0 0 0 0 0 0 0 0 0 0 0 0 0 0 0 0 0 0 0 25.2797718254 25.8471073317 26.3444705003 28.8354467202 25.33565023 27.9605699715 25.4674516664 29.325786684 28.3586675656 27.5203450615 28.7196127263 27.5004463177 27.7563735603 26.7989409447
0 0 0 0 0 0 0 0 0 0 0 0 0 0 0 0 0 0 0 0 0 0 0 0 0 0 0 0 0 0 0 0 0 0 0 0 0 0 0 0 28.1325714276 25.2164100326 27.490292821 29.0964667311 26.0538579191 28.9069373191 26.4344777446 27.7138134224 26.6416411977 27.6698345879 28.2565912619 28.6172361384 28.358410328
0 0 0 0 0 0 0 0 0 0 0 0 0 0 0 0 0 0 0 0 0 0 0 0 0 0 0 0 0 0 0 0 0 0 0 0 0 0 0 0 0 26.6044987714 26.5106583969 27.2673146748 25.500430797 25.3975127125 29.4293094569 25.7722752065 29.3011155969 25.4142619324 28.7806729999 26.0456837744 26.2506455505
0 0 0 0 0 0 0 0 0 0 0 0 0 0 0 0 0 0 0 0 0 0 0 0 0 0 0 0 0 0 0 0 0 0 0 0 0 0 0 0 0 0 26.7505795266 25.8111450151 28.0438979663 28.6382868095 28.9476914612 26.2679148445 26.7775600668 25.0950625149 27.2165514084 28.129146714 25.3229698829
