Spatial_Output/90% DEC/90DEC_0652.asc
NCOLS 155
NROWS 192
XLLCORNER 196769.923733
YLLCORNER 449719.875193
CELLSIZE 27.603701
NODATA_VALUE NaN
[rows 115 to 137 of 192, columns 53 to 105 of 155]
27.5924037283 55.2391569754 55.2391569754 55.2391569754 55.8231034676 26.447038815 45.7917494755 44.0618619289 25.6057744154 44.0618619289 27.2961282974 29.4469839794 60.5633990348 49.4191318989 49.4191318989 49.4191318989 25.9988233706 27.607185384 24.7256110082 28.617501165 27.5410091909 26.9685402323 26.0785135291 27.1522215196 28.922524766 27.0476293191 25.1343066602 28.2403006622 25.3200198402 26.7192237905 27.5320907441 28.5762595406 28.8351893888 50.5223930051 25.6533376241 25.5489893569 28.246511147 25.4104608249 26.4675780052 28.9926480887 26.0869104936 28.039952042 25.9288657831 27.1168802943 26.6654459663 25.3627448099 28.7162034257 28.0178032459 25.9123303204 24.6824094622 27.3233644297 26.6104085881 29.2829642453
26.3469816315 26.9382993754 55.2391569754 55.8231034676 25.6760334433 26.7162331171 25.9997952233 45.7917494755 25.0490146648 27.6609161281 27.2348127135 28.3122410397 27.1917341826 60.5633990348 49.4191318989 25.0362264705 25.2231604657 24.9444451272 27.4966930075 25.2408112478 42.7682888459 28.8302650441 25.8403185573 28.8426589206 27.3912301246 26.1723920012 27.4013158199 25.7671651493 28.4801835801 26.9808720641 25.0718866467 28.5660395696 29.0669023953 25.2602645135 27.1992236873 29.0568464048 28.2100171673 28.3198746927 27.6723963545 41.420102702 41.420102702 28.8937688119 28.1552549059 28.381012173 25.6927804025 29.0938696081 25.8711589523 26.7587494012 25.4980928053 24.5960245493 27.9268590354 27.968577985 27.6608835935
24.9425630108 26.8404575963 24.6859614274 26.0927918519 27.5061641944 25.7554255455 29.1985907703 25.5593585722 49.0479697255 25.0372535795 24.7185214988 28.7249452004 29.3743942358 27.1246612234 27.7157028648 28.1438822276 27.5371847111 26.7298029904 28.8359874818 27.649114176 27.8884061503 25.7053301316 26.1145049713 24.8133513251 24.8112117731 29.2907326795 24.7854441998 24.6050292952 26.7510985812 24.5787898495 25.983664719 28.2615005688 25.4122783729 24.8514638928 25.1885769094 25.8765564719 25.577690184 27.9247633158 25.5416504097 28.5823705082 41.420102702 41.420102702 29.0744176816 27.5677013963 27.0696138736 25.131598408 28.5186187033 26.2706686178 26.0087688734 26.1571454713 25.0475746633 26.1113711813 28.4290174861
27.6307760914 26.7876508687 26.667156963 27.6593311944 28.1254076041 28.3347765592 26.610973332 25.7532972016 26.8902389653 28.8481324918 26.3213892246 27.1821542202 27.60961377 24.5378103566 26.2461065549 25.4982869114 26.3358269991 26.0267700931 26.4964771281 27.1099463104 28.6669679588 29.0695004404 24.7454102026 27.7893764066 25.8310387448 26.7267112451 24.9184795523 28.8206899751 27.0340400484 28.4654638393 28.8463354007 25.7273309984 24.8830695001 26.5453990231 26.82494627 28.400294556 25.0543153133 29.2006284353 26.0682648957 27.4086151425 25.0742194627 28.5348200563 28.3771412789 26.2476919035 25.6586071804 26.8073475352 27.2965385533 28.8224191713 28.894972933 29.1876608581 26.6164601676 27.6129856151 27.6405915762
29.0031565512 29.3364710102 28.5318498773 24.6202575964 28.2689002158 25.3448427669 28.4950089043 25.4546951292 24.800565344 28.9522623489 29.4355078695 28.9625485887 26.8984806007 26.0408714301 27.395535306 29.3809826816 26.7053869685 26.5157463956 25.9632515859 27.5285025043 25.9425558009 25.892973832 25.8820589639 25.7085274768 27.1127291407 25.0678118403 25.6078153936 26.8983810494 45.5491516523 24.9676917337 24.8852963986 28.3554871256 25.091545683 25.7373219129 29.3059493693 27.9018300295 25.0524159314 28.5901588736 26.3039166755 27.5988656956 28.0786255925 26.4488468414 29.2615146502 25.3606870097 27.6682689388 27.2770790933 28.1793963583 27.1815958678 26.5100015117 27.5232333241 25.8870528907 27.7446685283 29.4077822549
28.8825276199 28.5229734718 28.4824814159 27.6377239168 29.3942067407 26.7541382618 29.2411387166 26.4917544497 27.7056171041 28.0411189541 25.1461078693 24.7067191196 28.7420905121 25.1038596782 25.1895749811 29.4264648982 25.1034050713 27.5188464875 28.3660980104 25.5093183412 24.6404618137 28.7979045191 26.6281293664 25.523817911 27.9328371285 26.5757186677 28.2601948847 46.2174281025 46.2174281025 29.2074906031 25.824868864 29.1016640974 28.5196619816 26.8050705441 28.8322390317 25.1098375549 25.9846913807 24.6838399782 28.6526568834 28.9144624237 29.4072279947 26.4585631987 24.5190962984 27.7914146018 26.7993623214 27.9249723457 27.2201546793 26.8051732723 27.9529607991 24.9405421227 28.1182364286 27.2715208004 26.140103893
28.2245308333 28.2587189462 25.8141448485 26.3645281784 26.8469881427 26.8419903383 27.5189805721 25.3428453164 27.5035969082 25.5473523243 24.8145683038 26.2994014265 27.0325466556 25.2452444617 27.9428978954 24.8258716487 27.309304237 26.1160662064 26.4598802383 27.6479192979 24.5233324903 26.224161329 26.4484289235 26.9425536505 26.3761952603 26.6540372013 28.5562366779 46.2174281025 46.2174281025 45.5491516523 26.2219507852 28.4402498221 26.7456415192 26.7564266665 24.7122543715 27.705874393 26.290690198 24.5606408737 28.8323859505 57.0818939916 26.817900053 29.342055514 27.3880088362 27.2831272447 27.4983930763 28.6788870459 55.3365755848 62.0883066645 61.1118482461 27.3066401686 27.1147680783 25.5472452066 27.4624198848
28.9870029541 27.1253015036 29.044115666 28.4033749377 28.8961385054 26.3916266411 25.1259982881 25.3939963913 29.3066120989 26.3361583397 27.7346815355 24.8625858917 25.750228873 27.3296205613 24.9040492409 28.0455648374 29.3934808931 25.7591192606 28.6178276465 28.7267494785 27.0981353775 29.0937812385 24.6683211645 25.5043646812 27.0568059562 25.0527412101 27.8593874928 46.2174281025 26.9570780301 29.2521352523 28.0091207952 28.0167738929 25.2613820467 28.5807816517 25.3886580127 24.9076531226 28.7650034151 27.5219009601 27.3396159878 28.3887010812 25.7958648851 28.3558954858 27.3431955318 28.8886265719 25.7844851444 28.1147340105 27.8556828248 61.1118482461 61.1118482461 61.1118482461 65.9282696927 25.3177188646 54.876960732
27.6107283244 25.046396883 27.9116123538 27.8077400499 25.3667982231 28.3237792806 28.0641082984 27.0737136865 28.9988801278 26.9845138549 26.1130412323 24.8669522378 25.0001068316 28.5681615436 26.1524662645 25.0479044176 27.1729728461 25.7858929122 25.3211425198 29.1416355717 28.2460538082 29.4058879399 26.6567100791 28.8757932386 25.3749202558 27.5525697009 29.185539855 27.6572770226 27.7119290258 28.487276891 26.7674089924 24.8858239571 27.9615976917 27.7694550988 26.4461037147 27.6901082975 26.1631942795 25.7255543076 25.9534593988 28.6689807809 27.0688640468 27.5620155597 28.9061137462 25.4478895425 24.6568594716 27.9723916022 28.3345708605 62.0883066645 61.1118482461 65.9282696927 25.7266397811 28.5757357032 24.9043649851
25.1432465205 24.9930816844 27.6373935388 25.9990173506 26.7429989584 25.5123933661 25.6188498106 27.2012651538 28.7099414503 25.8252621225 25.0864347889 26.4416329055 28.7599338128 24.8699508067 25.0197416698 26.3286780266 29.3537417067 25.1685113653 29.3138581914 25.325956779 27.7873209153 25.803773916 25.5609846905 26.3955889713 28.3238732872 26.3432966008 26.9486622511 28.5355339924 27.7007817401 28.9536177988 25.4078400884 28.520920795 25.1933353082 28.1153915293 28.6205544808 25.2631537425 25.0621865898 28.6770585084 28.7724885024 26.9498548069 27.2296907295 24.9312209473 24.8466972317 27.6551404822 29.3173236344 26.303189476 25.2067370255 24.7420156526 26.8435811609 28.9701474004 28.7613753372 28.0070535449 25.2548789761
28.5640780813 25.3330967447 28.9424816563 26.8925766204 26.2079275214 24.957177695 25.2775451353 27.0978316471 24.8434048577 27.8161096459 29.0155082786 29.4099979723 28.2918838966 27.5658050677 27.5600259852 25.0451450875 28.2855748117 27.405020743 29.3109397591 28.87295766 24.8129901013 27.3086438371 26.826308864 28.6486092589 28.903194096 26.5374849252 25.6700377778 27.6211695943 24.5612018463 26.9935484484 28.4536747118 29.4346244148 28.6347585861 26.8104312103 26.3712528318 27.7839381298 25.6781136137 26.9842470634 27.6941470008 28.2076147728 26.9160905941 29.0695209784 27.3567042989 27.2763949574 27.5495292903 29.055916425 27.4305595952 26.0726401866 27.2529238554 28.1297897079 25.8615355192 26.7977555082 28.4668129051
76.9662206023 76.9662206023 27.9797458031 29.4384801278 25.9153228099 26.9938282001 27.088869597 28.0955945941 28.8362874246 25.0500916171 29.0549841741 28.5753301104 27.891477056 28.431490151 25.8952552944 28.9198236491 28.1668197201 28.6575051566 25.6469495771 27.9305451702 26.6346415897 27.7861791637 24.579848043 25.9655864948 25.6393992434 28.1677683868 24.6686202416 27.2741822382 27.377683585 26.5505667796 28.4576167425 26.801907709 25.2830351603 25.5928615796 29.0234332794 24.8862003773 26.2506682754 29.1716653859 28.202017584 27.5643176288 25.6441320831 24.6803468312 26.5474217595 27.53296775 28.7192857794 26.5810415111 25.4269210489 26.798109915 27.1872231555 26.0318203296 29.0042475297 25.4404503669 25.7751577268
76.9662206023 25.3340553238 27.1250012082 27.3563389358 28.4209177058 26.8237674618 27.0813942549 25.8931134343 27.246064961 28.3647371091 25.2516786023 26.7143432584 24.6452994912 24.9048957569 25.078406502 27.3626383892 27.4096968828 27.5356684287 27.2895894504 26.9681436563 28.6422265523 25.8793596776 27.3664726177 27.046111175 28.5958515977 24.6464329177 28.1348978972 28.418808182 26.1156573609 26.669886823 25.5166867141 27.8883395868 27.984811123 25.9305687255 27.1051286914 25.8167814198 28.0357364479 26.7107665909 26.6273340737 27.7147334739 26.4894580521 73.365305284 73.365305284 29.0491847085 25.3693905866 24.5536861102 26.2903617488 25.1755194281 27.3826577644 29.3621887599 25.3461604092 26.9742717303 28.2856102081
71.2846559929 26.6779094075 28.1323746504 26.6563905594 28.9372911606 25.0715101862 25.9267030285 29.2288485805 26.2057040531 24.7118986692 26.6416861864 28.5183038085 25.695549094 25.4584396955 27.7535847863 28.5864070723 29.0050666249 29.0902389928 24.5642675279 25.6721693441 27.4445880269 26.2000673062 24.8395500768 27.2050414065 26.6424411328 26.7840576798 27.6237145476 25.1186204941 26.3916975215 29.0440522338 28.949573579 24.6315887878 25.4901729627 24.670383873 29.3791977012 25.7232058347 27.0919546995 26.6336567226 25.226803688 27.7149894477 27.4890905226 73.365305284 27.1283364411 26.1154605354 28.2127003214 26.6000421121 26.4201074959 26.5783145058 28.2769511029 27.8752461351 27.5903615784 25.8206899979 24.5899378178
28.5587872146 25.7410583326 45.9571921168 45.9571921168 45.9571921168 24.5551457993 29.0101251571 28.9468202001 27.8712380814 28.5459399006 28.6385545149 24.7688077301 28.2157081335 24.7094010217 27.1238903594 27.707565254 28.2229188898 26.6283799825 26.3609158083 27.0997872874 27.5935735207 28.3618322953 29.3424545814 27.5794079355 26.7945364271 27.4832615522 27.594470764 26.4556695762 27.4140266234 24.7554933148 24.9991044311 24.6266338724 28.3845943959 28.6736268768 28.8502334419 25.3084065193 25.5835591635 28.6207353606 26.0134858664 24.7587715474 27.2414976578 28.707740365 73.2527487539 25.1509966523 25.7804906244 25.9060177227 28.3304744899 26.7777389501 29.222787116 27.5138031635 28.4720832044 26.9719670572 29.4359781772
27.864870934 28.9127168051 45.9571921168 45.9571921168 57.0387988399 27.7240142151 28.3639370347 27.4971772512 26.5205438893 27.4380867272 26.2814250142 28.5187655604 27.6158477914 26.5237898285 27.0086410432 26.4884521659 25.9502375217 25.6740825222 27.4761081942 24.5975424102 29.2374108224 26.7095278951 24.8293864422 26.0051970722 29.0291169536 27.0047053166 25.818877419 25.3529052315 29.2703392913 25.2215501017 26.643805276 29.2155972599 29.1556859825 29.4057559953 24.940929294 25.1787081674 24.5909352965 24.877134818 25.3536238311 29.1968352722 28.9033297407 73.2527487539 73.2527487539 26.0903164085 25.3550189691 27.1071928073 24.6296683629 26.6088540139 27.9360811176 26.7733511629 24.6160050177 25.7963218974 25.7584920368
25.3826172979 26.3899683219 57.0387988399 57.0387988399 57.0387988399 26.6761471107 27.9799478324 28.5793756464 25.822108948 25.4113345839 26.6101466448 24.9810455885 28.6318811581 26.5948533264 29.0964775277 25.99469694 27.1324545424 26.3229716506 27.660842418 28.388601293 25.8405400997 29.035659532 25.8688194579 27.6239020459 28.0624499095 29.1440951169 24.9402982813 26.8318849402 25.5488492496 26.7649146802 27.0988515106 26.3695616155 27.9066163139 28.7885745364 25.0611847835 28.1070498362 29.0305283504 24.5700228717 26.9381300041 25.8376059149 27.4448684412 24.5017369664 27.1440888814 29.190925319 29.3125992977 27.2928709703 25.9273339736 25.3338943574 27.954626218 25.2858783794 27.8875835561 26.8717354576 29.4065783607
25.7441593951 26.8144246671 53.4569283198 53.4569283198 53.4569283198 48.5130749853 28.2307541285 29.102725177 27.3434585527 25.4133210116 26.8967304369 27.5318430526 26.5009945271 27.897180345 27.552224125 26.4171694973 29.1440222901 24.879667746 27.4461506328 29.0981759894 28.3674626013 26.9436973596 26.4942916622 25.5270301983 29.1506269769 27.0592770872 29.0469196502 25.622957261 28.6861146564 28.1411103924 27.6025219521 28.8864387793 27.6013706619 28.6437436117 26.1072901397 28.0238577701 28.2596348012 27.9211485963 28.7615951056 27.0815354049 25.1593430877 24.7847408308 82.5567334135 26.9583185483 26.1123805296 27.4151435419 29.1766169902 25.428806751 24.8517785262 28.5021708115 26.3145839847 25.1096860944 29.1656744493
28.9876800698 27.2568464641 26.6718558844 53.4569283198 53.4569283198 51.5016530292 25.1753374318 28.401486106 28.7317806778 27.6895740314 29.2879093523 27.5656664435 27.4151451022 24.5913048587 25.0635107485 26.1881512138 26.2583561292 25.4152440227 27.0919994939 28.1867692833 26.9341664217 26.5264040068 26.8036316467 26.4856514388 27.1118305812 26.7562387944 44.7986109283 24.5525919725 27.2920573157 58.917913388 28.0880268009 26.8919992897 26.6294403186 27.3758100561 26.4243959402 27.4903372535 25.8510585612 26.2624723901 29.0464590338 25.9375093139 25.5481981318 82.5567334135 82.5567334135 82.5567334135 25.8795212675 25.9872692785 25.0763908041 28.0765882002 25.9160118723 26.2894923259 24.9809697342 27.3657692553 28.7846917834
27.0504754828 26.3239163323 26.3310095005 25.3788047211 25.3186480516 46.8106493261 28.0358400648 29.0804437117 28.3698457892 28.1067441675 29.2485177272 26.3438234427 29.2246025621 26.3508151185 25.977590593 26.4135216902 25.3422369128 28.8255268033 26.7641832236 28.7699006842 29.0482394392 29.2824265394 25.9639918751 84.5633546766 42.2709900158 44.7986109283 44.7986109283 27.5738875319 58.917913388 58.917913388 58.917913388 26.8495821694 26.5480709508 27.8036557092 29.175022296 28.8124443796 27.3847895053 27.4091175066 26.902422352 28.7559602257 28.645798422 82.5567334135 82.5567334135 26.6274125843 25.5682480568 24.6829226745 26.5776523617 24.8565730625 28.2484901727 25.63256384 28.5878931882 26.6660785823 29.083356879
27.6028805734 24.5456546216 24.6694234166 24.800240921 25.0554470642 46.8106493261 28.978874705 25.7824045575 24.6912253096 28.0853590602 26.2525065485 28.9376753965 28.6126719915 28.2786241341 47.2188655897 47.2188655897 25.850270357 26.9514743036 24.8657830673 27.920723353 26.5671013549 27.7825331678 27.1695695673 26.8347531642 42.2709900158 44.7986109283 44.7986109283 29.1776371886 25.1427973184 58.917913388 29.3456875385 26.7488212453 28.4245194845 25.5843486717 25.819214403 24.9148379575 27.047576811 25.0268180449 27.8428614324 41.3767725453 41.3767725453 62.5387379107 26.1311363982 26.802282915 28.1860679277 26.3874351044 27.4282251314 26.9415307444 27.4831452873 27.3054086894 25.4618585654 27.6968965024 26.9687577639
28.4115538111 28.105192019 28.6747442395 26.154650698 27.8106890282 28.4288985454 24.6708839801 26.7184181314 29.0409162953 28.7289316766 25.0178701912 28.2671682061 25.0275534121 45.7735307618 47.2188655897 47.2188655897 24.9724952219 24.5688493741 27.5387184146 28.0935674053 26.8964101073 26.9691085506 26.5098978513 28.1841554832 27.4053818094 42.2709900158 25.978477526 24.5070776127 25.2335658705 27.4269828869 27.8633104169 27.9997856931 27.0935387177 27.2454044974 24.5063603712 24.9537661625 24.9209824912 26.002153361 27.4986412843 41.3767725453 25.3604949548 26.9398310905 62.5387379107 25.2227165492 26.2506605987 26.0785061623 26.3183139975 28.0808858991 29.1945510589 25.928494052 29.1885087257 25.4594690998 25.1740145193
28.7958280835 28.8239021706 28.8245237542 25.3515240495 25.2602939778 27.0489200235 27.6315771621 25.594013586 28.4984059557 28.1575800529 26.1659636464 28.5210480151 45.7735307618 45.7735307618 29.143664551 47.2188655897 25.40276619 25.1822672889 24.5139775242 28.1141996384 27.6864089484 25.5166926069 27.2924495391 26.5946384027 28.5283329157 28.9223701544 26.6531399958 24.5783450975 29.1332005447 27.4838893998 28.3670400395 24.9788553913 24.5994080299 24.7784809066 28.9036945015 28.1918487714 28.729140089 27.3040837744 29.4474893934 24.669776368 26.3579505541 28.0148614013 27.7685939066 26.7138005052 28.2071304202 28.7878295969 25.0148649126 28.1618428851 27.7540740663 26.3767343397 28.6267351156 25.8788740285 27.7768305666
