Spatial_Output/90% DEC/90DEC_0607.asc
NCOLS 155
NROWS 192
XLLCORNER 196769.923733
YLLCORNER 449719.875193
CELLSIZE 27.603701
NODATA_VALUE NaN
[rows 92 to 114 of 192, columns 0 to 52 of 155]
0 0 0 0 0 0 0 25.1931711095 25.7221580233 26.2029267438 27.9658311113 24.5708046982 24.5594923926 24.7183424219 28.528442601 26.1759945196 26.2709053648 29.1148190838 26.462585512 24.7429413384 28.4706963384 28.3860469531 24.7705573434 27.1923414472 26.7220657556 27.6019842102 28.7723477061 27.436347877 26.2121432517 25.8316429784 26.5644666069 28.3714354312 27.5597318141 27.4270410058 26.8425863091 25.369416003 27.638601078 27.3488804075 25.947437414 25.7891717336 29.1763702568 27.4993900757 29.2840941277 28.076283669 26.8550855183 25.9931758703 28.7011205236 27.8319160967 25.7871343513 27.3831277267 25.4537031793 29.0698933931 24.6742860352
0 0 0 0 0 0 0 0 26.5760591271 28.0955314446 29.2602714697 27.237892957 26.370322663 26.588627881 27.7688462994 25.6327460571 25.9737647199 29.3528763134 27.4860997945 26.0638504318 24.5031116719 25.1670534128 26.3505656639 26.3586623693 25.8611378973 27.3054095969 24.9792188917 29.0055625022 27.8425457532 27.0559645404 28.0638190053 24.9779782353 26.8287170184 28.9467078127 24.6335785245 28.4148499567 25.4371104088 29.1963366048 25.3511301556 24.7770128938 28.5252820665 27.6917483985 29.0042526074 25.2085660915 26.0959938177 26.0602565154 27.3884897289 24.8990116551 25.9380036047 28.3075704682 25.5881101061 25.4538824557 28.5973610155
0 0 0 0 0 0 0 0 0 0 27.2432546024 28.8278851256 25.2690916836 26.254523931 28.5148323646 25.7215175163 25.7988389667 28.7428419317 27.855113181 28.5400103896 29.2561468939 24.8005951193 28.5093625672 28.6745519355 24.7386185595 25.5072142437 24.8931259318 26.4379463998 24.7257924263 27.6704166501 28.7043578852 28.4799699685 28.9015580634 27.5526531955 25.184244389 27.292406962 26.9696629673 24.6472732113 24.6575808529 25.9614450566 24.9742592162 27.3619098863 25.1023756613 25.7579902342 28.529010499 27.6987880672 26.8044188918 25.303897614 24.6789976161 28.4079771537 25.8248123443 27.190084089 28.1481835624
0 0 0 0 0 0 0 0 0 0 26.5393171645 25.5945617658 26.6463227577 28.9799379085 24.672311719 27.9371092294 29.0694618044 25.8897396721 27.6498549585 29.2284032358 28.5178687999 28.0858224963 27.8230949438 27.253853092 26.691465517 27.1571005687 24.5927293964 25.8106943724 26.9288260293 26.1995176292 28.0190741494 28.2852828186 28.1608769934 29.2719137094 25.7013758541 24.9797490095 28.7084597117 28.6157076442 24.8785172923 26.0189161733 26.7091277838 27.6273864673 28.5473058443 24.9570095772 27.0977387942 27.8526186171 27.9565593995 27.0656948407 28.5768752194 28.8956992329 25.4177305407 24.8798033843 26.3833002371
0 0 0 0 0 0 0 0 0 0 25.8956895313 27.7320050913 24.5107860099 28.3355375665 27.7067398425 26.2169032136 29.3151171716 26.5748682852 29.1246911438 27.7120379227 27.9264114513 27.5834624877 26.5498358348 27.8434259989 24.9651612278 27.7095396075 27.1394490742 28.994125379 27.2862634073 25.3922552466 25.4608455153 28.6574887377 27.1060876985 28.4192374838 25.9255859545 27.2822470522 27.0891340844 28.7169667416 27.0541735445 25.6534573726 24.9690504049 27.4876428906 29.0711235851 26.9357153285 27.8539763143 27.2497426227 28.486831173 26.5285001494 25.0934776467 25.0817675821 25.9682374857 27.1179866242 26.3485566311
0 0 0 0 0 0 0 0 24.9881050264 28.6574760093 28.842443077 28.1908689855 26.5100282176 26.0825610167 26.1291729458 28.4589835035 27.8216168496 27.6032605709 27.451477861 24.9541007581 24.5642754814 25.0711294555 28.4762581576 27.7540556368 25.742469779 25.9249132092 27.8713979545 27.898920005 29.0741183785 24.9534789259 25.5377562151 28.1685654691 28.5317499781 59.3318493131 61.2718880242 26.4458111222 27.8207800883 24.9265738019 28.825384519 24.5125198421 26.252314683 29.3435839216 27.8828563438 25.6706629042 38.5589011739 59.1735050778 59.1735050778 27.2623656824 28.1487052179 45.8278440281 25.3287490954 28.4821452356 26.7465635796
0 0 0 0 0 0 0 26.8678372858 28.0822050349 27.043698392 26.6677066475 26.691477666 25.084978723 27.5630445451 27.230371814 24.8293702708 26.2106370565 28.539338399 27.859146663 24.7889828908 28.3606069035 26.2446784445 27.7579449088 26.1901537845 25.5896728044 45.2597962885 45.2597962885 69.5768732497 29.2083978984 27.6376470963 28.3929156361 27.8151194461 26.4094282526 61.2718880242 61.2718880242 28.4335498995 26.3076494431 26.7828930974 25.9322721441 27.4319313153 27.8615010814 26.5152969794 28.6807207197 54.4971235915 38.5589011739 25.8626492711 29.0592820822 25.7704884378 45.8278440281 45.8278440281 26.9935947756 27.4832762103 27.5440669207
0 0 0 0 0 0 0 29.1258997085 28.9258467376 27.0883559511 26.6161370751 28.2982773547 29.4261786073 26.9983259685 25.2252150337 26.1549729107 24.631704403 26.8341340461 26.6435493837 25.5794937223 27.006362225 27.3090849084 28.8259692291 25.5251772369 29.1714793613 45.2597962885 45.2597962885 26.5342077921 25.1643871872 27.6878426964 28.9967732257 24.8523352581 59.3318493131 28.6938220308 61.2718880242 25.764807366 24.6496402974 26.6515831438 27.026437178 28.3131253768 25.034096171 28.5909642302 25.7800790944 27.2880947096 38.5589011739 38.5589011739 27.6134022401 26.1303256237 45.8278440281 45.8278440281 29.2485133698 25.1386516864 27.853346143
0 0 0 0 0 0 0 0 25.1751123138 24.5663445085 28.6207640024 27.0001914673 24.6295320743 26.1541412065 27.229954912 25.0738595119 27.6213839742 27.7053526098 29.2374589931 26.0761492333 26.2823027945 26.0805514687 54.5405853205 54.5405853205 54.5405853205 44.6026916642 44.6026916642 29.0345152996 25.5159046873 28.6465698179 26.9520321966 28.7503017424 27.0963051457 29.0658647425 26.5485511549 27.0360197755 27.775498957 26.8066262823 29.1351958945 24.9416600019 28.2933906345 24.9960279423 25.1347189198 27.7657784868 26.4310351019 28.630900193 25.7430561552 26.9936528819 25.5614981134 26.4681102174 29.3868251411 26.94979311 25.6424623427
0 0 0 0 0 0 0 0 0 25.3866113282 25.9845345171 24.6252120215 27.8038251295 27.9379651841 28.3165615401 27.333368218 25.299104122 25.528910559 26.1062749352 27.4877690696 29.1380585535 28.8957060575 29.4219518909 54.5405853205 54.5405853205 26.4112525967 26.4446437569 29.3952963503 26.2880858921 24.7713422418 27.998423974 29.4301179889 25.5411966491 25.2262366382 26.0603978631 27.6281304358 28.574277594 26.5257355249 25.2111513586 29.3849025317 24.7334727094 28.3078201158 28.8253415165 27.1720071959 29.3134625551 26.9766470726 25.1829553943 28.833460346 27.135174296 27.3170140994 24.6882351422 26.0473511432 26.9998807221
0 0 0 0 0 0 0 0 0 0 0 27.4350311833 28.7731987297 28.2988367114 24.6695940562 25.3398466543 28.4736238103 27.0719417462 25.4366273112 25.474542094 29.0454013055 26.9932127077 27.0009254834 25.7470014444 54.5405853205 24.8389438533 29.0240420397 25.428005914 26.9997210174 25.2433844812 29.04864068 25.8063891956 24.9883194871 24.6270401403 25.6565880466 26.4356874535 26.5407499157 29.4146449461 24.9488640445 28.003155727 28.3359006529 26.839914436 29.0246314227 28.2485072443 29.2011888746 27.0509724169 25.5982739877 28.140761492 25.4989282485 25.9137500814 26.4547807141 26.9804950271 26.7200077919
0 0 0 0 0 0 0 0 0 0 0 0 0 0 26.3713836608 25.4522377285 27.3273705441 24.9641477546 26.9154110812 29.2182413381 26.8460846636 28.935497587 26.9306081776 28.0871076011 25.4849907679 26.3789974739 26.7826566447 29.182007289 27.1868839537 27.2508671152 27.8123849893 27.2994517504 25.5629187001 28.4795931242 28.1129053117 25.5116517916 25.3274574485 27.6679917724 26.8096616621 27.5236006514 27.6305210955 26.2450036 28.3122315649 26.9793003692 27.4714025154 27.3874343225 24.613828217 26.9349363782 28.5798402314 29.0899404291 26.0243031247 25.1248523246 24.916392053
0 0 0 0 0 0 0 0 0 0 0 0 0 0 0 25.0433149295 27.3344973229 25.8776517989 25.434034308 26.3093798048 27.4180635636 28.5452921188 28.6469060976 28.2686640504 25.363460997 25.5545905299 29.1457054728 27.9240364079 29.1340339035 25.6251875215 29.1198107501 24.759679755 28.153493684 24.7674766332 27.9335204717 28.0467240639 24.7856401052 27.9492115982 26.5561229771 28.9474978075 26.1228918075 28.9402763517 28.9766313801 28.5130041425 24.9278097903 25.3094584482 29.2596943868 26.9238204669 27.055978695 28.3881218892 26.5759787656 24.8563958018 28.3163540117
0 0 0 0 0 0 0 0 0 0 0 0 0 0 0 26.6904587646 29.3776207232 25.0231844064 26.0473619872 24.5934725708 25.5738786423 27.323119168 25.4573669814 26.272552966 28.893914183 28.4074670958 29.4302683931 26.3617321129 27.7742574868 27.9534301348 26.0144272825 28.2175237259 26.3442106679 25.1121723546 28.7353805885 28.5056901717 27.6181900163 25.1643869847 25.4390200917 28.1541639154 25.999673371 25.1840134752 29.2478636461 29.0085586827 29.4289184165 24.9740622065 29.2149802335 29.2640436779 24.8553712156 26.7072359187 26.2398096657 28.2607306242 26.0905307166
0 0 0 0 0 0 0 0 0 0 0 0 0 0 0 0 26.4419939814 29.3682244181 28.4394093284 26.2522394153 25.3751529918 26.9857630458 26.1022171802 25.5461353662 25.7264013955 26.430522691 28.6956290175 25.4985429614 25.949031373 25.7946241397 28.1895764967 27.4166199355 24.7019548706 29.0934969463 27.0858661806 26.9740396995 25.3075171356 29.0757227588 29.4489625113 28.3341472005 24.9970156808 26.6090166184 25.6563842494 28.8716590719 24.7130652608 26.1011801035 26.3494407092 24.8463220109 26.8335880049 26.9751134198 27.0078365059 27.2766285898 28.4740881961
0 0 0 0 0 0 0 0 0 0 0 0 0 0 0 41.2015975629 45.0548534627 40.5143579532 28.1412278124 28.0433579245 27.209941554 25.3787777919 27.3370115001 24.7673194098 26.7364405122 27.1265185258 29.0281125931 25.398094774 25.7267503397 26.6162608685 25.3213882556 25.0818758126 27.671756048 29.2488406271 24.5921285413 25.6162161434 26.1323315902 28.2493938032 26.7293700946 26.4495547891 27.4642935213 26.4266157776 29.1154702023 29.4379479946 28.4903107454 24.665510477 27.7000709117 29.0830082979 28.0829408394 24.9704331474 28.1983226285 28.4984363007 25.1430122938
0 0 0 0 0 0 0 0 0 0 0 0 0 0 72.4439560294 44.0032271545 43.6668068367 47.6481096974 28.8941241157 28.2927835743 28.0030949921 26.8713479279 25.986357195 25.4463234874 25.901717863 28.7266138359 25.1887754805 28.83007833 25.5913531772 25.2901464412 26.3632280106 25.016752283 27.2149888533 27.6459689375 25.5020151167 27.2592023438 26.2620341226 26.329163022 25.6778723869 25.1552680622 24.8951465844 28.4675223417 27.1140469237 27.0460734758 25.9924995202 25.9218811622 25.8782172349 26.5725487581 24.6611673816 26.4906646052 26.1719862119 24.7411034548 26.8684734983
0 0 0 0 0 0 0 0 0 0 0 0 0 0 0 39.5283142876 45.9653468649 49.7523294149 26.1813870904 24.6210682768 26.2399320639 27.1637792852 27.2169992223 28.3500020024 27.9771134107 26.3902456402 29.253212232 26.432312953 25.9235440379 28.311858429 27.1621944422 27.6187213576 24.6627592549 25.9249744151 29.0298027465 26.5040994035 28.900278769 27.9171280327 26.5129840633 26.9231067369 24.9152219426 27.1161758498 28.8881678256 26.5184870611 27.1217891716 26.518824033 26.658276181 25.0132003264 27.2237362622 26.3094418413 29.1340581542 25.6478917328 27.0628016053
0 0 0 0 0 0 0 0 0 0 0 0 0 0 0 0 0 26.3840845103 27.5362480911 24.6537680364 24.8481440103 26.4518273649 25.5918031276 26.8069717286 29.0639125298 27.5633180174 28.531001053 28.1142609576 26.0436887785 27.0749543054 26.7203063188 28.6097532219 26.0228262526 26.6136043735 27.8032758557 24.7005507213 29.2237740438 27.0340957515 29.2194540598 25.7143928499 29.296930196 26.4493004443 27.7490067708 29.1702680228 24.7257228714 24.6755157702 25.0463889986 27.2690885134 26.4114978163 27.9557756216 27.0142136544 27.6985310626 26.4116444786
0 0 0 0 0 0 0 0 0 0 0 0 0 0 0 0 0 24.5640063303 27.0553560168 27.7390673486 28.6283041632 27.6700079978 27.8588280997 28.7232574969 26.6410925876 27.6992886019 29.2311987127 29.432640597 25.626824717 27.0379964518 26.4271868466 27.5751644214 27.1434156748 25.5452839412 25.0733938012 27.5324581317 25.2184202881 25.9091723797 25.2231399263 25.8229214222 27.4805768248 28.5627131359 27.4941894293 26.7189400761 25.6123607188 24.936494931 28.0611038711 25.2574063943 27.6876491606 29.1573073934 24.9288518358 27.6891285925 27.954055929
0 0 0 0 0 0 0 0 0 0 0 0 0 0 0 0 0 0 27.8420390157 26.5181837924 24.7559081224 27.0344707448 26.2793139833 25.8034703445 28.2830172178 27.2475761846 28.9166692248 24.9963237663 27.6602878308 26.5203767972 28.588715703 26.9957344633 26.521235671 26.4410600372 29.0183392884 26.0199009078 26.5932516636 26.996567853 24.5876078828 26.2671176531 26.9091149937 26.9304269087 29.3085305044 26.32887552 25.3207266142 25.9400515049 29.3863846769 29.4491162134 26.7327457176 28.4799664588 24.9099180253 28.1170533786 27.2858204895
0 0 0 0 0 0 0 0 0 0 0 0 0 0 0 0 0 0 28.2068980848 24.5900460007 28.3882893081 25.4413103868 29.3553927937 25.197931712 27.0057919888 25.4582113028 27.4608785769 27.9054452861 27.9709889196 29.4173671744 27.7750291567 29.3247163632 26.9500168913 28.4732974011 27.5888769395 27.7243018616 27.1686697297 27.8198250799 28.8442885073 28.2319264333 26.5292775348 25.3076161283 26.5214610145 25.5295327362 28.0334082717 28.0186632329 25.4926206608 28.3965684067 28.5307449796 26.3015674337 29.1704529275 27.3727745077 24.5178306845
0 0 0 0 0 0 0 0 0 0 0 0 0 0 0 0 0 0 0 28.8163429598 26.8897116246 25.9446630434 25.2466993417 25.6290019108 24.919593491 24.602936425 27.4786207458 24.5414825149 26.3685662964 26.2010945835 25.3204591823 27.8823241569 27.6852102296 27.8668056442 26.6480497067 26.4772761455 26.0851988268 26.2673224087 25.000679464 26.9186030301 25.7979523923 24.8595955429 28.2434474087 26.2452315612 27.3729665572 28.872470941 29.0189869532 25.2290492858 25.7279203212 28.9634971593 26.6021927775 25.4108823721 28.0392989259
