Spatial_Output/90% DEC/90DEC_0404.asc
NCOLS 155
NROWS 192
XLLCORNER 196769.923733
YLLCORNER 449719.875193
CELLSIZE 27.603701
NODATA_VALUE NaN
[rows 92 to 114 of 192, columns 53 to 105 of 155]
33.6878508145 34.7337374652 32.7322765542 31.521204923 31.624845492 32.7997442447 31.5930074995 34.2400917691 32.8976003025 34.429015154 34.5847535402 32.7023588973 31.7198123915 33.7299083851 33.4470474499 33.913672678 34.9565489668 32.2830145593 33.3227264046 34.5856245011 33.7743988725 31.552087506 34.5161245602 33.5671100233 33.1266371309 33.306536967 33.6298497707 32.2989512321 32.8989796849 32.3634495132 34.4805759539 34.307000164 33.4546039407 31.8740996335 34.5405341725 34.8197846827 33.7465814285 32.0163041258 31.6036059023 33.5080014504 32.434452071 33.8907937726 31.8801460652 31.7825807375 34.8982101484 33.9170624862 33.9220649898 34.7568162753 31.742105814 32.2812315438 32.4351016372 32.0649984692 32.5327616708
32.4942144139 32.8936706978 31.8097568028 33.0532196264 33.8600050202 33.6927533391 32.2351016392 31.8061457559 34.8469366403 34.7560105405 32.6295598883 32.0787553498 34.565928396 34.2417882119 32.1618910808 34.146659378 32.0395853562 34.5186379599 33.3815904916 34.0207495529 31.8230049803 32.8496604319 32.2607176841 33.7568749258 34.7635100481 34.3937612085 32.7947710739 33.1848060374 33.7922185971 34.270106134 32.6730563266 32.7290742141 33.3009762807 32.3508217314 33.8826234463 33.4276259509 31.9066913352 32.7506620221 31.854235056 34.1036537176 34.0279026259 31.5310690447 34.166248248 31.8298099136 32.6054245329 33.2577518556 33.4155423051 34.1541309395 33.8132383813 31.5219415017 33.495025004 31.752210919 32.5090145825
33.24322674 34.0203318423 32.4485513553 34.1354639444 32.1396369644 34.8560344857 32.0542496527 31.9467111808 34.214690454 34.4314353826 33.2750129553 34.4792934556 33.1955231079 32.4835552613 33.6100494489 32.185289842 35.0152938418 31.5665620924 31.5579237545 32.1770857139 32.4826672579 32.0527499942 34.2227453737 34.5001472279 34.5162560657 31.8655098365 32.5736620021 33.7685697855 32.4214470287 31.9378932245 34.8854826488 32.07804497 32.7540874503 33.8783707837 33.4672507959 34.3099727649 33.9875755466 34.7826700778 34.2458530877 33.0503088614 33.106311943 34.0601577032 34.0919758962 33.7560735558 33.2756243128 34.0529857378 32.9652576815 33.6266071374 34.8099858526 31.8303489524 35.0261541637 33.2047200867 33.0141303072
31.5131823283 33.741799227 33.2984001781 35.0075039981 33.617316437 32.3825769404 33.782625901 33.612570431 33.7797448122 31.7221337295 33.1620905116 33.8048075162 34.8970349171 34.9672005969 34.1337102225 33.3793314915 32.9440470815 33.4409221185 31.542866571 32.9792337399 33.9818702279 32.0659499695 34.1467526805 32.4790724932 33.318542245 33.7654972755 33.9889858013 31.8272596635 34.6197697041 32.8482810594 31.7466808255 32.1424165755 32.0028676345 31.839707987 33.575520343 33.4061720657 32.4216473552 34.8189838083 32.9289540551 31.5915553725 33.4263646573 33.7298981627 31.7535378664 32.7133221331 31.7021299529 33.4350983263 35.0040732041 31.5978199534 33.0979631668 31.975462925 32.7835736169 33.9461535732 34.2463946665
34.6608661443 32.3606075078 33.7659861262 33.6072569703 31.9391962007 33.6753815679 33.8546290338 34.6113200998 32.0982418888 32.5993724939 33.7199467959 32.2519587637 31.6521762585 33.1965041722 32.259818029 34.517292013 31.9652830692 34.0696552518 32.2643988738 34.1492840013 33.7699275869 34.0935106171 33.5401470684 32.6287929291 33.1684083373 31.9380504229 33.4226834984 33.0606989159 34.8063523245 33.2137377822 31.8457258 33.1728097618 31.5324312322 34.8661965355 33.1863239732 32.070988735 33.3665620829 31.676077848 34.4448081636 34.76168042 34.6327136826 32.6068943055 32.3888024242 31.7667247444 32.1173869087 32.2028862119 33.5824894274 32.2980679631 34.7240010222 33.5891287671 35.0233272674 33.8539056896 33.8421773983
32.7664167996 32.9066622766 33.837515997 32.5338751124 32.0185583231 32.7251367126 33.7243843266 32.9132193437 33.5838261592 34.8971873753 32.0024789506 33.1796104896 32.0473776888 34.5131870815 34.8389999886 33.0700905051 34.1225387874 34.7471700183 32.2491103133 33.1890542897 33.007944195 34.6879477797 34.5306841167 32.6083792911 31.5828685453 33.6069438075 34.2147256408 34.8310008892 34.3035473233 34.9667619162 33.2668830258 32.3745067355 32.0704419086 32.6498747757 34.0386111022 32.4726258017 34.3812329042 32.4951946747 31.7894033079 34.1774028347 33.5848383982 33.732244288 33.7234275515 34.9210829937 32.5392416 31.6048181312 32.1617279235 33.2427031015 32.6930645998 32.5975796922 33.0090809658 34.6105055004 31.9405428646
33.0694762307 32.560204156 32.8838593762 31.5047223123 34.0140755103 32.5565071091 33.4728943651 35.0081113252 31.8036380798 32.6673610037 34.9869599666 31.9348114108 33.1390924207 32.7892360352 33.111223311 31.8177219611 32.3897478406 32.0820494126 34.4522271938 32.8974590583 32.3050109813 33.3342102241 31.9926228241 33.7054024766 31.7401789161 33.5498680424 32.6989706518 34.0570205716 31.5098653672 34.6907617475 33.7522757299 34.6757933152 34.261412592 32.8403189768 33.3327772425 34.0195437519 32.205872885 34.8004935761 32.0256096587 34.2221515882 33.7493760646 33.2397611792 34.8097658029 32.9875834152 34.3834593559 32.279932694 32.6408020514 31.539148349 34.3670554873 33.3294613807 33.344412851 34.8450647882 34.3242231479
32.3596820649 32.6622884801 33.8071970762 33.3829219155 33.7707345924 32.5638828692 31.6229951712 34.1503223978 34.0291869482 32.7583202835 32.5948959824 34.575732002 33.8103671387 32.8642522961 33.4693920406 31.9791480715 32.7350383887 32.3643268615 32.8244144361 32.7784664744 33.6896420359 34.0597101847 32.2429067284 32.0362051829 34.2520394746 34.4247965417 35.000047185 32.1016263304 31.8095029425 32.6611470236 33.148603825 32.6738563787 32.3901070268 34.7883933393 31.5402227701 33.8089491877 33.3837979818 33.2474552486 32.8593889207 33.5243840778 33.0104348754 32.9320151576 32.4561160038 35.0346045035 34.7611151452 32.4092218251 34.877831993 31.8366826262 32.3460998322 33.0150681787 34.367434703 34.7665112727 32.2278817409
34.4347884094 33.5209324899 34.5099559392 32.8703477095 34.1364243559 31.8869931129 33.4927655875 33.9819323312 33.6145395986 34.9646182328 33.3381390225 33.695000053 32.5748881363 32.1927912809 32.4652808683 33.9467143405 32.5949035777 33.1504315359 34.9415021293 32.1801185559 33.0401737626 33.8660623516 35.0140698619 34.3113616399 31.6611016432 34.9377297623 31.5196277827 32.3911072065 32.1061398527 31.6656874238 32.1832779491 34.6583519712 34.3132611343 31.7464086369 31.8712268434 32.4246098624 31.825666937 31.6061314906 33.5429239833 32.623438893 34.7760469349 33.1736740394 34.7477630993 32.2007484628 33.5982621106 33.2366993108 34.1083152999 34.7152802907 33.2248305601 32.0154395245 34.7673009716 34.5846546682 32.6121720016
33.6936957834 32.5863911942 33.2143962523 32.6120945633 31.5684444263 31.5398011262 33.801952125 34.5099479082 34.2691310384 32.3568567641 34.3441837126 31.9853228598 32.7711448696 33.4458805319 32.8720209854 34.1120228746 34.5256529547 33.9594473965 33.6566924678 34.6611238699 34.5647722319 33.9958819968 34.1150405593 31.9432454836 32.6613356352 35.0023970528 34.5933659312 34.9641368562 34.1416673363 32.0931727379 33.226604858 34.9076250669 32.7186396626 32.1049500449 34.9560072869 33.3863589629 33.6764309875 34.7690771905 32.2317999626 34.4899325856 33.657060689 33.9843055803 35.0027231357 34.1108049846 31.7287819155 31.6321492395 34.9368701398 31.6675244489 32.5940575079 35.0190049222 33.8412954441 34.9865479267 31.9909086593
34.2548048848 32.3363065434 32.5596287475 33.0592091924 34.9843774703 33.8597207455 32.1720931166 33.9787656231 31.5381553434 33.2407847556 33.5227269062 32.6652156581 31.7830042555 31.9636553959 34.0514570156 34.5946267609 32.1387735701 34.2564206839 31.6232359889 34.2178076119 34.0904895397 34.1900751059 32.0367124208 32.2824578393 33.1938417784 33.8126903819 32.0908927247 31.7540812799 33.4927215612 34.2415927822 31.9705479331 32.070667551 31.5253702262 33.8777794384 32.5907195994 32.1747827423 33.9715599546 34.6194631221 33.2390389415 31.856010923 32.8636458991 33.2202677649 35.0006391604 32.2510873289 33.4932137968 33.4201534205 33.7341409979 32.6025863224 31.5550621523 33.473657166 32.7945906509 31.6433691407 34.6927472746
32.1009002203 32.3712193839 34.6817368129 34.5014481349 31.951532002 31.8906864751 32.7258478866 32.403976928 33.6348075916 34.3040204882 32.0090879426 32.4922853314 33.5146424647 32.673162851 31.7366289159 34.1517669541 34.7141116676 31.5172432694 34.2208252479 31.9265064406 34.6399150592 33.8510141366 34.4071599605 32.2767326981 32.0878356439 31.7789545405 34.2833603578 33.9374557724 34.6125310305 33.8204500353 33.7632641721 34.9743177705 33.3821716016 34.8979709249 34.105387437 31.9799183708 34.5751921813 33.082983557 31.7390450806 32.35317023 32.6272905225 32.0714592353 31.6130955839 34.6236475717 32.0598436373 33.3835754622 34.7939615111 31.7600997354 32.1036610324 32.1709573272 33.9049414211 33.4563532688 34.4364296266
33.8738239592 34.3957289896 34.4985012507 34.7837333684 32.494339287 32.3097786395 32.3299385878 32.3311936223 34.6520429025 33.3233998268 32.8659210582 34.580785358 34.2090734592 34.8332137566 34.5089075417 33.0405995297 33.4462946515 34.6451587103 33.5400625677 33.218918805 34.5311555743 34.4156845301 32.6285450809 34.772505458 31.8054062563 32.1272182516 33.1696722531 34.7939303734 32.427535865 31.5124429019 33.760972289 32.5471080291 31.8613801604 32.3937654927 34.9655038375 34.1853970686 33.8796870307 31.5125981279 34.5123628239 34.090138177 33.8082851677 32.6519210438 32.4987667564 32.4608119846 31.777968047 33.3575459158 33.8027289124 31.8378607803 34.6730248604 34.3517031928 34.4836557992 34.527616142 32.8954276629
33.9403647575 34.4614238859 32.0418635608 31.8637952388 34.6207488023 32.2966954116 34.195133904 35.0099556635 34.045306321 32.1055955682 31.8257440973 34.7462584759 31.8032638609 33.01970732 33.8597425516 32.5282787901 33.7711218102 31.7155526822 33.813638339 34.7131750004 32.8732689126 31.6808423775 33.5170806923 32.6935281081 32.668896692 31.8317050708 33.4862531608 31.8029532419 33.4632869903 33.3122703181 32.9571442084 32.7097268942 32.5861852337 31.7517842445 33.9124447165 34.0356190789 33.7052427112 34.9676981665 33.7640063544 34.1022841815 32.5944835733 33.3189225229 34.2197060324 32.0204832888 34.4698900353 34.5933204117 33.9245838335 33.1943911003 32.5905318633 33.6646832308 33.5340549029 32.0743744389 32.9980807196
33.5950578623 34.0849808411 32.6493888373 34.5342005958 34.298910744 32.0358495764 34.5905962405 33.920533042 31.5981908288 34.8250030843 33.3162048123 32.4328606459 34.987071461 32.3983683707 31.776095247 34.4086367104 33.8139344531 32.0793608563 33.7901987797 32.2069039135 32.3679415173 32.195685212 34.6352729881 32.8927314093 32.9299576785 32.2489726104 31.9198007511 33.3298104625 34.2463040528 32.7977179413 32.4608582126 33.5232610933 32.1746803239 33.1771383764 33.2763836751 32.6163573795 34.9265763815 33.4129811698 31.6627561002 32.0470834438 34.8698318416 33.1716894238 34.6056783291 34.8890320315 34.7912941032 33.2614362261 32.8513850152 33.7703987724 32.2266085897 31.7578359376 33.3293351452 33.2529020893 34.3238614508
34.5706494791 34.6799972945 33.0204398463 33.991723517 32.1037081365 31.6108592104 34.2548685845 33.3069458896 34.8394877359 32.271047087 31.5741746306 34.8122833135 34.1425958877 34.2423102215 33.965048691 33.9938178914 32.5018914767 32.8193618188 32.2027355713 31.7520328196 32.2312421503 32.4959052574 32.7214662647 34.0366230163 31.646669874 33.100957917 32.3968785937 33.0331261548 32.4816589274 34.8577139111 32.0833195577 34.0722918476 32.8412526409 33.1078617199 31.6391073084 33.3288886399 33.9374584779 31.7355082183 34.2300877144 32.9646223383 33.9245121612 33.8110437125 34.0104194703 32.5139217256 32.8611043228 33.5513961332 32.8771381947 34.063887851 32.5198017294 32.9392796002 32.3384334867 34.4574032991 31.7815184935
34.0220388455 34.0639503328 32.1163356034 34.519283175 34.4189991457 32.4974557301 34.0241712977 32.5049739629 32.7677536561 34.5091206802 32.5699467337 32.6091102475 34.8923425299 34.9124795468 34.456791215 34.6951625547 33.541611011 34.7590444581 32.1011527566 34.3083902771 32.0224812807 33.2187400028 33.8278023605 32.2482176776 33.7463877414 33.7595603427 33.0454034837 32.4592456121 32.3744233809 34.1785193628 34.8249532361 31.6376268077 32.723137498 33.7558872012 33.332353411 34.4738917023 32.5666775678 32.755341741 32.8586447112 33.0717034105 32.2918465311 34.8331438636 34.7718871261 32.951273244 32.7314014925 34.3970937251 34.712007438 32.6027696547 32.0296221552 31.5707938908 33.9099347912 32.3374819042 33.6546135439
33.2854764559 31.8190462954 34.5366329703 34.353261928 32.9395920816 35.0081997395 33.3709813195 33.1161654033 32.5166059029 34.6020651979 34.3556817579 32.1131268546 33.8099625314 33.1787934521 32.5194716773 33.5708607751 34.9990926058 34.4202810482 31.9827981237 31.7202074275 34.2978383258 31.9694229577 32.2869607058 32.6747386965 33.7953242948 32.2727096408 33.2622146637 32.6981211921 32.8588108114 33.9675353068 31.5681703751 33.1812582548 32.6371426166 33.0248054914 32.6414551385 31.8970868196 31.7466782856 32.1784205055 34.1254413224 34.6581330462 33.2110818364 32.1107465755 32.1314206136 33.2598835147 31.8475629617 34.6343800945 33.9434355949 34.6755892457 33.288859687 32.8384028713 33.8088826491 34.7846686669 33.0090200185
33.0065775341 31.9220055661 34.0767767398 33.0940836132 34.5888078905 31.7837540839 32.5825562777 34.3021664582 32.1211331496 32.1699782453 32.0111466004 34.6664199244 31.8461775665 32.7993856816 33.8309462512 34.1378227519 34.127398558 31.8324711564 32.8879303466 31.9763992714 32.0493332087 34.3501714001 34.2069802748 34.2059077974 34.2356238304 34.2106122925 33.9923813648 32.4523133556 34.8956297203 33.0835680245 34.1031339446 31.9982050589 32.4928034336 31.7910237766 34.2303916661 34.1276244901 32.1453260998 32.1973354284 33.3181006428 32.6172256622 33.0336400906 34.3370526144 34.4937453644 33.7862021444 33.9573550053 33.9620882797 33.281698451 32.403462644 33.9687243924 32.9604393721 34.863988965 32.8662670965 33.9149511737
34.0841265511 34.9236695852 33.1309006424 32.6086615816 33.995645305 33.0519206119 33.3988063166 34.3746536569 33.4890756632 32.2148679972 34.4093126633 34.6905359647 32.8619531179 34.2636769108 32.8271807227 34.1005931984 33.509968911 33.8083217388 34.8466044007 33.144767034 32.92333912 33.9177249738 32.5119124615 34.3524937341 33.312895753 33.030045519 31.5028598385 31.7556620563 32.7746318372 34.6858590304 32.7777691874 34.7882588023 34.0733544963 33.0181960583 34.358323538 33.1676952427 32.9332186003 34.0311485443 32.1668022624 34.7744866729 34.8880938112 31.5515101257 31.8890308902 32.9971129572 33.2969858858 33.0722795892 33.3021546366 34.4109967129 33.2371365519 34.6974203542 31.671557692 32.8306359237 34.9871085616
32.9674924905 32.0991461033 33.7613418866 33.2826847994 34.465075808 31.8713640455 34.9321524 34.6868519357 33.9738673454 33.2216011856 31.8154060634 34.2541568169 33.3740733708 34.8226091412 32.9467958526 34.373354616 32.300836436 33.3113410336 31.9116263816 31.7021730658 33.0667225221 33.8519386656 33.7402204272 34.9692139933 33.3147568039 31.7350597782 33.2676351314 34.4321318685 32.0767393215 34.9729431225 34.674756649 32.0541656519 33.6156389718 32.1650052271 34.3250996593 32.3770693933 31.8172158041 33.7789080416 33.6636684524 32.5120192923 34.5141565065 33.2730641469 33.703409794 32.3541807551 33.2539190423 34.0466907409 34.9944314244 34.1072778442 34.9440728309 32.5855089939 33.3346182827 31.9944233873 33.7532812387
33.9608247476 34.7955798299 34.1477922753 32.8450078507 34.5604146644 32.7265731428 32.2027206624 34.1032607357 31.740125215 31.993459494 33.9685578738 33.9337933375 34.0168155953 31.9684256537 33.7787257239 32.2266191419 34.645763016 33.7005232007 31.7812697386 31.647483262 34.7283274079 32.7565705339 32.5388605237 33.0576644177 32.7383584029 32.0027955067 34.3779823565 32.6195053179 34.7389261507 32.509740922 32.870640253 32.5089806244 32.0592386015 32.3072651408 33.9486335467 34.5371858385 33.3008875574 31.6532286785 34.6006683238 33.2645298087 34.8236162047 31.6095156251 34.713459247 32.2631633101 31.8464264176 31.8955630281 34.8987397177 32.7119643623 34.8269575059 34.9761903256 33.8547673825 34.4783323865 33.5233569063
34.0870898588 32.5359138716 33.3666168661 33.2988531152 31.7699818478 32.9699620567 32.8221095245 32.2867118105 35.0159165874 33.6328050936 33.122236742 32.2570471142 31.719978233 33.5657140901 33.4021437356 33.1398288943 34.4146705864 34.5658574669 32.2287580128 32.3473865524 31.6297010698 34.4778275147 33.6239922763 32.3835513165 32.305178083 34.0579940415 31.9950613292 34.1974201909 33.412007367 31.6880790307 34.0466530895 31.5215431814 34.5110761216 33.7408199757 34.9634488542 31.8572506055 33.0641166296 31.9823776251 34.8404498852 31.9807520578 31.6410823905 33.9206597615 34.98515876 32.2096253483 33.409680976 32.647201609 31.8754241221 33.9649877082 31.5583455937 32.424174809 33.7298447667 32.9915846075 32.4438224922
