Spatial_Output/90% DEC/90DEC_0323.asc
NCOLS 155
NROWS 192
XLLCORNER 196769.923733
YLLCORNER 449719.875193
CELLSIZE 27.603701
NODATA_VALUE NaN
[rows 69 to 91 of 192, columns 0 to 52 of 155]
36.2855393181 36.0737382309 37.1446883532 36.6529598879 36.8558603797 37.2416096669 37.2899027504 36.3113493072 36.0657835725 36.6373779201 36.1156001089 36.6843359826 36.6311386325 36.0631285593 37.3100070161 36.5677886944 37.308233211 36.4814482069 36.8771802014 36.4154211119 36.1467074441 36.1664207129 36.8839751886 36.4479531267 37.111097063 37.004780933 36.2470921044 37.1910289357 37.2377182482 36.4733232533 36.1390833259 37.3114889503 36.6209327482 36.2862048491 36.3942139562 37.0035358349 36.428329866 36.7361540242 37.1159315923 36.8444524784 36.4865912683 36.8313323514 37.2203841925 37.0651496047 36.3353578635 36.5111885873 36.4936310558 37.0975643491 36.9761716988 37.0159984024 37.2051374082 36.5686763643 37.1142309223
36.4282929209 36.3969242045 36.5949326622 36.4878437987 36.6273769725 37.2302070077 36.7607340953 36.4222874179 36.7561711555 36.9310067626 36.164962571 36.7245834246 37.347018976 36.7423880381 37.1599987991 36.6938834032 36.8744577563 37.0372511418 36.5600445385 36.9736143833 37.3515109907 37.304216429 36.853472269 37.0360500595 36.2520531271 37.0066572836 36.2794047912 37.0361601238 37.2108039422 36.5211701956 36.0768269729 36.020173343 36.4745431833 37.0691461515 37.1639326307 37.2296494246 36.3545081419 36.0713410826 36.2380411972 36.526258661 36.5345265457 36.6737805155 36.6008989903 36.9830317953 37.2946646895 36.3903838439 36.6624176397 37.2768988545 37.2664652531 36.4670470985 37.0341211086 36.0821292544 37.2318934735
37.2073566621 36.0709927404 37.0470239409 36.6092748303 36.5246691605 36.9474878083 37.0631829111 37.0821392233 36.6214048879 36.0185090804 36.9586325058 37.0930087555 36.6744753397 37.2361679595 36.1448428196 36.8527455931 36.2445083022 36.2831559753 36.6409377119 36.0240157045 36.9470068347 36.6284351897 36.5666541863 36.5017734009 37.3912803244 36.9773531342 37.2946741898 36.1040953904 36.0438536992 36.4763291674 37.2705351362 37.15630572 37.2423332048 36.7483469794 36.0132930639 36.153760887 36.6435528506 36.9391682264 36.538149888 36.4419815911 37.1899741636 36.7271488719 36.688943279 36.6206015288 37.1603278669 37.3551155368 36.6151251127 36.4983546033 36.7606202761 36.4138604815 36.8692251585 36.2952822804 36.5009741007
36.3967839792 36.0511932116 36.0134127113 36.4336579189 36.2926991192 36.5609739307 36.493240078 36.3644482833 37.0820669541 36.1967073292 36.5372121819 37.0063172246 37.2543435758 36.7380207923 36.21484514 36.185562173 37.153671632 37.289714837 37.4141824586 37.3316571593 36.3941703928 37.0405416302 36.0260925588 36.9049706792 36.0324680138 36.3248402443 36.4099082504 37.1554712205 36.4522962568 36.5563912049 36.7116022258 36.1260018697 37.3070644132 36.1982042713 36.6919657396 36.4141402365 36.3894392999 36.0803374213 36.9235040836 36.4617535558 36.772242401 36.4759517654 37.2101015285 36.7796089212 36.4796203263 36.8902454302 37.0918796746 37.1297777956 36.0777761953 36.2569535198 36.9996358255 37.1842713925 37.3604109257
36.2087151923 36.5700545271 36.0230628157 36.8518624009 36.8893269726 36.2078099502 37.0716280146 36.7280301878 36.4951769757 36.400043949 36.0245377599 37.1452936552 36.8665741066 36.2092267807 36.6271607759 37.1038192439 36.5599602384 36.1793454247 36.659754642 36.2941493683 36.945302397 37.2321782711 36.1156921117 36.5951409619 36.5494083827 36.4783935141 37.1065940145 36.0331846394 37.3866257537 37.1307640756 36.9242787365 37.2659386041 37.3201628101 37.2346495958 37.4095379325 36.7705839636 36.6746370455 36.7474963463 37.2210462069 36.5367278553 36.2910532655 37.2954349643 36.4735924405 36.3128825108 36.2691141203 37.2397973697 36.9370829056 36.1902241715 36.8135436043 36.9401200906 36.1831968506 36.8192222884 36.5825106046
37.2796144833 37.1756299528 37.3970696535 36.5906373752 36.0620356863 36.6268436515 36.6247699119 36.5067192222 36.6420228608 37.2401912571 37.0531042314 36.7542867361 37.0385685797 36.8007828386 36.0805051066 36.4908948984 36.1168486555 36.4952223172 37.2084461218 36.4884478853 36.0437089186 37.1987793137 36.4747001315 36.454447542 36.2174625542 36.3643423032 36.2370356508 36.2594391666 36.1860560269 36.0282270895 36.3317956231 36.734481991 36.6177304929 36.4063565157 36.9870400254 36.7385448248 37.395267738 36.1080472604 36.4557094746 37.4135088425 37.3690046864 37.2049190908 36.52306078 37.2346710495 36.9582103125 36.0430000659 36.0654485952 37.3430473783 36.7884250962 36.2063522016 36.4108064054 37.2811382347 37.3341412902
36.8477820709 36.6224921985 37.2048670654 37.007456612 36.2680153519 36.8666843928 36.8083745947 37.4049669731 37.2999769345 36.8722322858 37.0964936763 36.8594878639 36.1543065689 37.2577949114 36.3597470061 37.3984564472 36.2331804197 36.1864564871 37.2045987257 36.4630262539 37.2755942265 36.1860087062 36.7565766171 37.3725605539 37.1415863681 36.3200487174 36.3973244372 37.3812914674 36.708553453 37.0525384399 36.6030190186 36.5939873608 36.3505596966 36.7557151382 36.5918928612 36.056534506 36.3610047378 36.2587794525 37.3364596171 37.1243563894 37.3664829017 36.7042801613 36.0770885116 36.2288690293 36.2061342526 36.1220874958 36.6206004249 36.9147106595 36.2137039592 36.9983840294 36.336747531 37.2049818971 36.1421629682
36.3882426464 37.2072036514 36.974520775 36.8061771291 36.9686727732 37.0467957771 37.148944324 36.4936457039 36.0426151694 36.548743725 37.1535759364 36.4169144217 36.7437345831 37.1772185292 37.0180631225 36.2223167452 36.1324655029 36.8117311373 36.2823356659 36.6106044239 36.5142927116 36.3470678089 37.3480961329 36.810414309 37.3438559816 36.0168465968 37.3045620689 36.1674441252 36.2355509649 36.3044366549 37.1883885365 37.3068039644 37.180577715 36.6828502954 36.3174505869 36.6217461437 36.7588993522 36.9077855645 36.9694902837 37.0704254026 36.8300473176 36.514364961 37.1553487149 36.6657560521 36.9598458269 36.5041405952 36.5827357133 36.7299558152 37.2491313729 36.0036154628 37.2292597123 37.0733902131 36.673372476
36.438259363 36.6142447508 37.3557712535 36.0573254222 36.4517721255 36.5009722144 36.1288201027 37.3683049908 36.040636627 36.4489393041 36.0415680772 36.2863448978 36.1939185397 36.7453779267 37.3855639653 36.0501291003 36.2792501892 36.817345605 37.0142973369 37.0037960996 36.7369016874 36.3095403291 36.963496587 36.0988743459 36.2900065718 36.8739862987 36.464497836 36.4667462911 37.1041683643 37.3074962232 36.3687969509 36.756792391 36.4879389509 37.4008540434 37.3413770358 37.2350201793 36.0652377535 36.182891337 36.1082827336 36.4829081657 36.6481454349 36.3645185832 37.3765136057 36.5603818207 36.8500991614 37.1105701502 37.2645882464 37.0068726202 36.8553484627 37.2365623022 36.4823097703 36.7868403623 37.3023086738
36.40402701 37.3486247985 37.0331819077 36.7606823632 36.3209679033 36.0947245222 37.1903957111 36.6090910504 36.3609548556 37.2847811156 36.0215806055 37.1448610959 36.23640402 36.1679473286 36.7568397839 36.1869154258 36.8665508759 37.3711179745 36.2348852664 36.047762512 37.3125819506 36.138752863 36.9635113615 36.2656441684 36.4787649714 37.1513927789 36.7453396381 36.8277787514 36.6144144772 36.8137090826 36.3104951149 36.9699086243 36.2845816082 36.4396094787 36.2591161814 36.1808873847 37.410726078 37.1268945082 36.672272208 36.233347409 36.9398962758 36.624767229 37.1871483675 37.0182885991 36.1946542812 36.2311142138 36.4802978498 36.6536778859 37.3123666312 36.3473884135 36.5179393815 36.7804957737 36.3427851359
36.5661492451 37.0724270289 36.6516801492 37.0747486533 37.2021765541 36.9040667594 36.2909688331 36.2962329619 37.1542611565 36.3531659784 36.3731573091 36.3520398028 36.9416555882 36.9268883435 36.0476967402 36.782548235 36.8535532885 37.2343610675 36.3224017055 36.5603478663 36.5898436757 37.1526914991 37.3698692485 37.2955553264 37.3160802342 36.4768393221 36.3844912612 36.9948224009 36.8680071268 37.20439604 36.6847524713 37.2246300188 36.7501489812 36.9333978398 36.9311272427 36.0494538025 37.3520215373 36.0911102268 36.3472220713 36.4275991654 36.3623853234 36.6402017214 36.0932675411 36.1557942831 36.4034102558 36.315759185 37.2092046346 37.3299276099 36.4379539899 36.751473308 36.3968459454 36.437833887 36.5376281567
37.1809021202 36.6532574839 36.5385737987 37.0171680082 36.5495422257 36.3536383618 36.9772261016 36.0744059137 36.3542156024 36.4396585135 36.6096759942 36.4850058302 36.3422416145 37.23029898 36.2813603305 36.0234675499 36.4123591839 36.8362549121 36.0903956585 36.666658411 36.2709783153 37.1636506369 36.8156874583 36.3820951349 37.1531532661 37.1592431835 36.5421856167 36.5039662397 36.7374962512 37.3654468304 37.2533074264 36.7478355551 36.1759525864 37.2549620442 36.6663770127 36.1309255291 36.6497250411 36.3885575277 36.3003420638 36.5393266318 36.4790400705 36.9933832829 37.0911791677 36.245675795 36.3062227851 37.1708871314 36.3497807742 36.3145907351 37.1370307973 36.048219461 37.265958824 36.7382187172 36.9329490095
36.7859225568 36.7151293794 36.0518462928 36.0777652728 37.0772430814 36.0708774304 36.9971623346 36.992424499 36.5668225876 37.1038145631 37.1657366723 36.770203923 36.7761997798 36.7255223472 37.2376757253 36.4973112312 36.7145466293 36.5775466046 36.242891162 37.3362317906 36.7846295732 36.929150629 36.5537248135 36.1214801404 36.8488022505 36.903763681 37.2567556179 36.2344274656 37.4001118027 36.9175578931 36.5850434274 36.7202617794 36.5375167063 36.5827548391 37.3541909317 37.0487205932 36.4512432307 36.1803489592 36.3901026586 36.2798434232 36.4942506177 36.9841263225 36.6501396938 36.2648728027 36.5138563027 36.083995145 36.7887055894 36.4255792461 36.7183678419 36.1874362953 36.5830134873 37.1328520462 37.134989072
36.4434743431 36.2658572007 36.736381923 36.2902803668 36.3485574958 37.3280106099 36.2091616648 36.5814939709 36.9502557953 36.514556349 36.3047864997 36.9477049981 36.7623349544 36.8561011478 36.2583464966 37.0098329268 37.0409124306 37.1984359349 36.9188173017 37.1312065851 37.0677079826 36.4939322947 36.7343314931 36.3511580238 36.3752180492 36.9917098801 37.340549204 36.8480748989 36.4862368616 36.6853699921 36.1121983644 36.309086004 36.9249460394 36.9003857085 37.2329082528 36.2484443181 36.9912710933 37.2735843115 37.2905922362 37.031584938 36.1138140617 36.4143471392 37.3387436935 36.3576646639 36.2288237784 37.2454519978 36.2043919374 37.272446312 36.0756315776 37.3724073475 36.4130805602 36.9625232128 37.0457147239
0 36.6916605987 37.0116427878 36.4594011296 37.1109336157 36.5968689956 37.2726228785 37.2359427003 36.3758631374 36.5204696455 36.8251679673 36.0869587005 36.5415990809 37.1455488183 36.9078097183 36.1977546342 37.0106196806 36.0837647515 36.4240710033 37.1817494055 36.7157107075 36.724230586 37.392906685 37.2926371878 36.5443015533 37.3915662132 37.1330981082 36.5203982408 37.1577483779 37.2430244507 36.2014296566 36.451530988 37.0297669772 36.8336171848 36.1920112234 36.1896589766 36.9807498105 37.3843358611 36.1372221376 36.4286249331 36.0518224928 37.2854509932 36.3718263299 36.4897252001 36.9931238669 36.6541458265 36.2557798784 37.2406077227 36.4832361343 36.9005410402 36.2158466675 36.1324256227 36.8744345424
0 37.0648691437 36.3036329069 36.769214339 37.277145228 36.2722659377 37.370299589 36.122027132 37.2052694855 36.2880273422 37.0849554595 36.0766629027 37.3864452244 36.8074565362 36.575438973 36.3603083329 37.1067425892 36.7408612547 36.974242967 36.978175597 36.8903073057 36.5038819064 36.9779973807 37.2565097462 36.5176440271 37.0126798666 36.6731354462 36.2715927489 37.2969736024 36.7850010077 36.9346610592 36.0289472875 37.0154979115 37.13178419 37.1575230247 36.8942295848 36.3754974794 36.5692365817 36.7274074947 36.5887410808 36.7032046469 36.4418391684 36.2395536839 36.7309471541 36.2384601731 37.1087051222 36.8480958964 37.0649440117 36.9530536012 37.2405976627 36.3297789603 36.4282389861 37.0781580752
0 36.1865757263 36.9026467657 37.0526412375 37.3771281473 37.0210654095 36.3148902473 36.4002600539 36.8239707281 36.4732536745 37.0137236959 36.8991451244 36.4136049815 37.0091566366 36.044660209 37.2697589515 36.475806161 36.6276240943 36.5805452244 36.3804944631 36.7260367185 37.2296712896 36.7512482728 37.2299479918 36.7197475675 37.3628199232 36.0129240432 37.1057700457 36.4603898928 37.0931267025 36.8484618267 37.0285068865 36.8494041132 36.5754845524 36.4186759047 36.9676140799 36.8779054923 36.4106655281 36.8207884276 36.9539802803 37.3763407245 36.3432753968 37.3190410384 36.8782873058 36.4402585732 36.6833566277 37.0034499477 37.1331251301 36.6002289471 37.1991518228 36.4844998286 36.0126677712 36.6293433993
0 0 36.1076114915 36.2295949283 36.9618609691 36.3969457607 36.4005943088 36.5508435633 37.2114132833 36.7536506346 36.3143870311 36.1254878208 36.0727209188 36.1903575846 36.6207162889 36.8736967146 37.2911556085 37.0038485844 36.588062364 36.8768649809 37.0602103901 36.7987681876 36.6441514375 36.1872333207 37.2689999128 36.6391286777 36.7264312611 36.0829949757 37.2445415648 37.1173289471 36.2241998287 36.9648835207 37.0023576076 36.2887948035 36.5441184525 36.6688879537 36.6540305515 37.4074948118 36.5131841523 36.7961036061 36.0084544445 37.2556762465 37.3921523671 37.1280459245 36.2799690903 37.0026101915 36.7426695732 37.2932569841 37.1258430795 36.183083593 36.1329831169 36.5874201427 37.3805948046
0 0 0 36.6683746688 36.0478505081 36.9762338663 37.0071344211 36.939939759 37.0191147754 36.9453082525 37.0747376853 37.0142976053 36.1796071495 36.7435993666 36.9443225721 36.8178132549 36.2003115588 37.1261425904 36.0836377151 36.1991454487 37.0412267072 37.2511262109 36.9921410436 37.1233540913 37.163896474 37.02447904 37.3162281445 37.3481556895 36.3535343518 36.7734215861 36.8880004105 37.1581671764 36.3791391939 36.3462499396 36.9994987211 37.0998638796 37.0210598265 36.7599623708 36.3057415293 36.7921289412 37.2664619886 36.3359670482 37.3686902266 36.914370366 37.2713150109 37.2955420203 36.1948090207 36.2029012244 36.2830154202 37.2527436637 36.599743398 36.2198699946 36.9465522366
82.0221633036 75.735670105 64.2795090529 0 0 37.068140628 36.8233961544 36.8885778344 36.3942019796 36.1909337187 37.3305053648 36.7742368894 36.7842803428 37.0130059532 36.3185195592 37.0228686603 37.3228388024 36.8549656709 37.239041074 36.1948079287 36.5198425603 36.8207775829 36.3538578965 37.2316886299 36.8251311929 36.8427036124 37.403802363 36.0305218661 36.8682878819 37.1216211367 36.4624450331 36.0618119271 36.8415458819 37.0654559232 36.001659263 36.6352150652 37.3337295511 36.9130187681 36.6938945514 36.5919229989 37.2183094258 36.7629327651 36.4016051505 36.3304599719 36.3441997011 37.0612027208 36.4094424041 37.1907417625 36.1326591472 37.2918228826 37.1809108519 37.1482667823 37.1937231812
66.7785247191 82.2587189226 68.6156263761 0 0 0 36.9884349254 36.9410306154 37.0803370938 36.979456824 36.9761080192 37.0451951101 36.2454654027 37.2662347688 36.2932979891 36.4328585281 36.038331381 37.21080047 36.864662378 36.8450375654 36.9441837786 36.9890948038 37.1550040991 36.1531077745 36.3526172751 36.0841852785 36.5386829417 37.2880728119 37.0238827312 36.0783670342 36.4136128553 36.5044169088 37.168958761 36.8574334598 36.5973096631 37.3311404025 37.2108065578 36.8582858735 37.0551625298 37.3076938596 37.0864444169 36.6814322542 36.7528746765 36.7365609843 37.3826792 36.7150278779 36.7702388471 36.970476556 36.4161415049 36.6928392191 37.1330592375 36.2139895853 37.4080889315
79.8513890793 64.6619098973 72.3742120864 0 0 0 36.652913847 36.3274073146 36.5479209295 36.4423880646 36.9724520369 36.7201292055 36.4855840638 36.620590487 37.3257458441 36.3456690051 36.436330234 36.4197298466 36.3695754265 37.3092030535 37.0724888666 36.5791534562 37.0789992242 36.1132565807 37.3327516217 36.238475101 37.0696794341 37.1009711651 36.817880829 37.2405985325 37.2967098092 36.2245434442 37.1145042281 36.0848327715 36.472714225 37.2580107076 36.1249428914 36.9910848898 36.3254857501 36.5241324026 37.2634720673 36.6390816926 37.280398426 36.5160635566 36.8840169987 36.3872824295 37.3391496308 37.1494635749 36.2378707852 36.0074973189 36.5636264286 36.2434660632 36.4735268803
0 0 0 0 0 0 37.0865085492 36.9881500618 37.2951561226 36.5208531167 36.695668733 37.2781884029 36.82673729 36.1619418649 36.9827119031 36.5756205817 37.2981495792 36.2720042306 37.3090160433 36.7956557553 36.9447898175 36.498555377 37.2317991671 37.3956690119 37.2450295685 36.8228065731 37.1433714484 36.7530365256 37.267591662 36.5802024753 36.5453819404 36.8011900229 37.0883847032 36.8141214157 36.5019312873 36.2467047113 36.0506751863 37.1271301898 36.010626107 37.2427958607 36.6074408209 36.3703516454 36.9619874287 36.7936516905 37.1488073392 37.105220698 36.9097027102 36.3992161211 36.1561753843 37.1010599048 36.6349077659 36.9337264775 36.1586031607
