Spatial_Output/90% DEC/90DEC_0280.asc
NCOLS 155
NROWS 192
XLLCORNER 196769.923733
YLLCORNER 449719.875193
CELLSIZE 27.603701
NODATA_VALUE NaN
[rows 92 to 114 of 192, columns 0 to 52 of 155]
0 0 0 0 0 0 0 45.0880828417 45.1906178379 44.8251521884 44.8915910239 45.1211683909 44.5715364955 45.0724573589 44.8598641837 44.5861529257 45.2013562163 44.9866373295 44.5025187925 45.0232020406 44.7351875572 44.5691136096 44.8182421979 44.9809114326 44.5818005562 44.7259495176 45.1751916814 44.7372698102 44.6594237385 45.01016539 45.1623697763 44.5595655001 45.1538464253 44.9289640385 44.6258863798 44.8493211299 44.8416220036 44.986225398 44.877943236 44.7140730838 45.1831546561 44.678424345 45.1837608563 44.6851515501 44.8202174062 44.8387984866 45.0110063009 44.752966025 45.1978729849 44.739210947 44.6178068354 44.677861106 44.7674051611
0 0 0 0 0 0 0 0 44.6637821654 45.1681784695 45.1887633844 44.8526498561 44.5720112237 45.1903731111 44.8536687566 45.0301484996 44.7031481857 44.6424624876 44.8217898583 44.9315116695 44.9663312831 44.6360737114 44.7831167539 45.0644112724 44.9675955234 44.5010895853 45.1047505806 44.9242528242 44.7190574539 45.1627794165 44.593463961 44.6908930348 45.0727139575 44.5280658494 44.7196352078 44.6593521882 44.8204163805 44.5180528961 44.7249634562 44.8288908742 44.8959770254 45.0143987936 44.9033071428 44.9760573629 44.7819451489 44.9856699139 44.5303108449 45.1915628265 44.5433586676 44.8860607417 44.820990144 45.0913308835 44.8676185286
0 0 0 0 0 0 0 0 0 0 44.8217080238 44.6976670896 44.6761550897 44.90657159 44.6739516825 44.5281158202 44.9381740276 44.5321271491 44.5449273349 44.5141840978 45.1308922685 44.746112796 44.8539226019 45.0488378233 44.6797612431 44.6605860446 44.5259409766 45.1602961713 44.7117345569 44.5998148826 44.6486305361 44.5390927254 44.5335846267 45.0638717913 44.6394443461 45.0213596707 44.881932161 44.6435638716 44.5759439525 44.940925413 44.5379354278 44.7046309547 44.8133874718 44.6587273069 44.8400776499 44.7022107385 44.954806803 44.9524711909 44.774853659 44.8749816331 45.1041769144 44.5412133595 44.5341860652
0 0 0 0 0 0 0 0 0 0 44.895279197 45.2069509177 44.5967440721 44.7817226849 44.5241177212 45.0331410954 45.0692288511 45.0442211936 44.6067345446 44.960661947 44.8566315495 45.0026993103 44.5275296392 44.7680157772 44.7756441961 44.5534878635 45.1532650243 45.0617339828 44.6087879475 44.5959179303 44.9492130546 44.5635159073 44.9906956823 44.9063975593 44.7722271391 44.5359702068 44.6740308257 44.965848153 44.8025799806 45.1340660028 44.6913077506 45.1274150209 44.7286632314 44.9294748555 44.8541703444 44.9889976155 44.6556898016 45.1051596574 45.0822065257 44.5548043063 44.9450240349 44.6565802524 44.9682412665
0 0 0 0 0 0 0 0 0 0 44.8301811307 44.6831472037 45.1330048825 44.9533235209 44.8716785217 45.1748688978 44.5859687224 44.9551548886 44.6341783895 45.0658592354 45.1002377668 45.1327041719 44.8308351519 44.6759132045 44.7473109711 45.1708650803 45.1938866771 44.6522396172 45.1617533984 44.6136339505 44.5700831283 44.7057863484 44.6702838547 44.9027515271 44.7063677041 44.5127380213 44.9349596365 45.0477750907 44.7051902191 44.7082175528 44.5027223759 44.516415974 45.0482610612 45.0414159482 45.1062267092 44.8694642512 44.5151516484 44.9337845072 44.5007329541 45.1654472327 44.6034691506 44.7673028178 44.635940662
0 0 0 0 0 0 0 0 45.1544543731 44.6645198188 44.6112201112 44.9528996426 44.8666924013 44.5943643205 44.8961776561 44.9141621174 45.1269785821 44.5984515263 44.9868843252 44.7730308626 44.5168757798 44.6787740941 44.901733725 44.5678154079 44.5321682214 44.7245458882 44.7122212007 44.6066003455 44.714370253 44.6203601723 45.1058468916 45.1844386627 44.6439902382 45.0934078823 44.8840377079 44.7035912143 45.1012509877 44.5614510107 44.5080647827 45.1965665184 44.6256461152 44.583098003 45.0760013918 45.1016063757 44.7783215641 44.8919712381 45.0481418529 44.8763433289 44.7217861425 45.2007237946 45.0370453023 44.7561564117 45.1102109106
0 0 0 0 0 0 0 44.7138676258 44.5494445126 44.6857210125 44.8920802497 44.9118547511 44.6788291332 44.8024584647 44.8135166443 44.5246816006 44.5597260202 44.8936638268 45.0678212183 44.8139127929 45.131996532 44.5117368455 44.7763638379 44.7445118846 45.051792755 45.2010367205 44.5999093712 44.5899971447 44.7385066152 44.8675270573 44.8103883411 44.5747667026 45.0471431327 44.7477153914 44.5195969455 44.8569249041 44.604605896 44.7862477354 44.8545584414 45.1803272333 44.6630365206 44.8434438825 44.7211083166 44.7907743056 44.6576146548 44.966573916 44.6766040558 44.9810568739 45.0981335874 44.8398287845 44.7182315421 44.7798510125 45.0062122235
0 0 0 0 0 0 0 44.6373726449 44.6641321106 44.8416904532 45.0783673051 44.7660806548 45.1570302577 44.9132668323 44.7787092579 44.8229453661 44.8285277111 44.8366487995 44.9025937631 45.0549370288 45.0742592468 44.7183184117 44.8321672585 45.1555282204 45.0694426332 44.9510513442 44.6849241602 44.9250545009 44.6299850945 44.6641775321 45.2000564664 44.87626344 44.597297274 45.2023342116 44.7615319227 44.8370164642 45.1190865926 45.1084184125 45.0439497881 44.5143829244 45.0906378252 44.7225239298 44.734746425 45.008853828 45.1189192409 44.8750123324 44.5340843252 44.8112469222 44.9150085148 44.5805865982 44.581325448 44.982147513 44.5263199465
0 0 0 0 0 0 0 0 44.8098405948 44.7897206445 44.6198255571 44.500956848 44.6353946271 44.554035116 44.6913502375 44.8938560741 44.5773216794 44.9239541225 44.5937415449 44.5090153369 44.8368936659 44.8596850864 44.8119592244 44.72883525 44.8702468649 44.5980914812 45.0153863294 44.7020605107 44.9329700093 44.5359909095 45.0950358169 44.6348983632 45.1354665136 45.0436428436 44.6829507646 44.8596067964 44.9290671464 44.713611425 45.0012785203 45.0173775512 45.0411247673 44.8629566849 44.7152861489 44.8369272568 44.7063528745 45.206505631 44.6665612093 44.5740223473 45.1094632244 44.7723747096 45.1973035563 44.5993635934 45.1504940494
0 0 0 0 0 0 0 0 0 44.5409597464 45.1261059824 44.705979254 44.9876464433 45.0428531951 45.0810861181 45.0136456701 44.9563207677 44.8172606987 44.7945047176 44.9502463965 44.9289168127 44.9532897575 44.5250703124 44.7041608798 45.0165662403 44.9293749772 45.1024932757 44.948038606 44.8669436759 44.5878710098 44.976537715 44.7208735168 44.7647762891 44.7247280303 45.1435297002 45.0985339372 44.6214470102 44.6410287242 44.8309359048 44.8704788134 44.9753662126 45.0989815413 44.7375840792 44.8440294894 44.7412683771 45.1608974153 44.9934830543 44.5250006848 45.1613572195 45.1062139322 44.7367724658 44.8608459661 45.1548792166
0 0 0 0 0 0 0 0 0 0 0 44.5114614803 45.0493035629 45.0723590325 45.0215601195 44.8204340895 44.9234511707 44.5574890876 44.7715080598 44.8924401488 45.1360912854 44.8143578079 44.7729142142 44.8806982934 44.7382001819 44.5411669562 44.8185359239 44.6176663562 44.5604811875 44.5077302066 44.9237221596 44.8328238733 44.9692075438 44.7400645466 45.0062281367 44.6780899901 44.9131210878 44.5897012312 45.1376310048 44.9092800259 44.6342341572 44.8336144334 44.6147969222 45.2050829784 45.1834900424 44.8555255507 44.7713838229 45.1677689933 45.0382969958 44.9237761987 44.6127091298 44.8012278702 45.0307802755
0 0 0 0 0 0 0 0 0 0 0 0 0 0 44.805612121 44.6065785469 44.6060933242 45.1291843234 45.1784615736 44.9393647649 45.1380784141 44.6746866723 44.7990417293 44.9861010178 44.7035960689 44.8812455951 44.9542461104 45.0469649159 44.6856122064 44.5471139347 44.6756871245 45.1316217904 44.787940242 44.9520607297 44.511839472 44.9882300282 44.621179777 45.0527772235 45.1468574348 44.6061769042 44.9531676382 44.5214167207 44.9284954645 44.8061795457 44.7952537912 45.0294243144 44.6274080072 44.6051762878 44.6606254672 45.0341283077 44.8052274084 44.5026204861 45.0540366302
0 0 0 0 0 0 0 0 0 0 0 0 0 0 0 44.6285052134 45.1155690422 45.1328784878 44.8221460989 44.7771204934 45.0837963725 44.9561296963 44.917269698 45.0822252723 44.9935594572 45.1320195716 45.1744012552 44.9810134793 44.6365061014 44.6556845654 45.1185292128 45.1059779579 45.0219422357 45.0893980884 44.5372959551 44.5330604621 45.058435367 44.8234747143 44.8557599838 44.8453571305 45.1586567913 44.5504941056 44.7325257922 45.0453597584 45.1519346809 44.8804307874 44.9065083474 44.6073053898 45.0946537701 44.77015098 45.1192599884 45.1855478145 45.0578936086
0 0 0 0 0 0 0 0 0 0 0 0 0 0 0 44.8455257953 44.6586926619 44.8652861466 44.692747808 44.5441967235 45.0140203383 44.9532740686 44.8145100186 44.7171744682 44.5399403084 44.9183153861 44.6090570018 44.8692770725 44.9921891964 45.1446604692 44.6829586886 44.8306798446 45.0382192384 44.8616806416 45.045867838 45.04028231 44.7679241241 45.129674675 45.0400445728 44.6537381986 44.628592973 44.8637639028 45.1267320117 45.0407550228 44.7887539252 44.5397670988 44.5901298891 44.617659475 44.9043590734 44.7642710021 44.9402547605 44.7546840743 44.7503750651
0 0 0 0 0 0 0 0 0 0 0 0 0 0 0 0 44.7333847649 44.6479024419 45.1204361378 44.9270528423 44.946849896 44.7433826304 44.9921244673 45.1773748869 44.5740618789 44.8870243969 44.9810086653 44.984002289 44.9051432323 45.0362411682 44.9943203965 44.6359266999 44.5098871141 44.7056950147 44.9187831612 44.939606979 45.1237965949 45.1748652299 44.809218401 44.5289801866 44.5799799721 45.1539800087 44.673591261 44.8404787902 45.0602194061 44.6828300384 44.788630314 44.7208372528 44.7047843451 44.7438170386 45.0990132448 45.0690247019 44.9925007251
0 0 0 0 0 0 0 0 0 0 0 0 0 0 0 83.5590635802 79.6538854394 79.2487485155 44.6940653753 44.6212696091 44.9029268652 44.976431715 44.8792050702 44.8971744227 44.5487547177 45.007505501 45.1989780821 45.05646332 44.543487762 44.6750267671 44.6911904606 44.9399305008 44.5650549463 44.8480570991 44.5993083649 44.9139100636 44.7619966108 44.5368035124 45.0112914713 44.7460623726 44.6476038686 44.5693232248 44.5935724749 44.5788429874 44.8012462117 45.1910894008 45.0310775927 44.6538470984 44.9911316608 45.0320066253 45.1177069794 44.9954923822 44.5106847818
0 0 0 0 0 0 0 0 0 0 0 0 0 0 72.4439560294 85.4296566182 74.3298676349 81.9933299033 44.9362788195 44.7437346945 44.8713214376 44.5762637149 45.0531814125 44.5348526181 44.6183776522 44.6667867609 44.6161160432 44.7893770758 45.159972782 45.0910168578 44.5077286503 44.6737795698 44.6931975801 44.5129637102 44.552158041 45.0631053989 45.1133049891 44.6886240288 44.5717271176 44.8243744021 44.57583512 45.1439352388 44.828106253 44.9646247593 45.0929813585 44.6485329623 45.0816194886 44.6845685742 44.6279832295 44.9321209346 45.0360427875 44.7454657038 44.6638467894
0 0 0 0 0 0 0 0 0 0 0 0 0 0 0 77.68435868 71.174112295 85.5463891797 44.6840178587 44.7509322418 44.5469558831 45.1801429128 44.8301230229 44.890834564 45.1762366878 44.6921679827 44.6899735237 45.0287156614 45.0412531012 45.0179268123 44.8661183206 44.7925494532 44.9847439156 45.0388188635 44.6996776205 45.0882790633 44.6889713298 44.7961524148 45.1986623778 44.6316279775 45.1343645052 44.6578170608 44.7129258395 44.6516082439 44.6332066121 45.1474215564 45.0857641798 45.0312178994 45.0642821407 44.8400014328 44.9909852201 44.5918865189 44.7554650698
0 0 0 0 0 0 0 0 0 0 0 0 0 0 0 0 0 44.8788167549 45.1539730345 44.8464551802 44.5636371909 45.0819018183 45.1789483084 44.9764955731 44.7587919023 45.1926748189 44.6780260384 44.5577902301 44.902382133 44.7499182892 45.0606059587 44.6088213867 44.9788211577 45.0101957591 45.0832121981 44.8322569241 44.7227636811 45.0438249545 44.7000605104 45.0923620139 44.6991452907 44.8270105179 45.0455690522 44.5611443191 44.6071658766 45.0556536945 44.5451568686 44.8463938598 45.027110546 44.868000558 44.6191540612 44.592149159 44.8531474814
0 0 0 0 0 0 0 0 0 0 0 0 0 0 0 0 0 44.6111155524 44.6079972519 44.6619281366 45.0405021893 44.7350973688 45.1422566481 45.0378732333 44.5080171706 45.0466250899 44.8280728438 45.1606144631 45.0104237203 44.8563766478 44.7192772267 44.6197213044 44.7986901672 44.7609285662 44.9969871826 44.5396981164 45.133875743 45.0152276918 44.9415268471 45.1599211733 45.061262516 45.1267885671 44.6721955091 44.6818263804 44.8296360277 45.1333549147 45.0245913987 44.930386135 45.145561874 44.5473811881 44.6863690335 45.0281108656 44.6207266234
0 0 0 0 0 0 0 0 0 0 0 0 0 0 0 0 0 0 44.8990377492 45.1930086155 44.5948405534 45.0782371465 44.8639137465 45.0457938315 44.6312166757 45.0121267088 44.6499633864 44.7438514826 45.1722225543 45.1748501993 44.6841475906 45.1653330265 44.7520735038 44.5880601 44.6760053719 44.8127121003 44.6423098588 44.6001478505 44.7987811539 44.5647634878 45.1491595086 45.0052845246 44.9850795306 44.8758059983 45.1177760254 44.7227134027 44.5569946913 44.8767060634 44.7148717165 45.1061501128 44.8423790601 44.7418818405 45.0156861095
0 0 0 0 0 0 0 0 0 0 0 0 0 0 0 0 0 0 44.5096688045 44.822258858 44.8698463354 45.1690764298 44.7339929325 44.7095510561 44.7636532746 44.9609492949 44.5460703979 45.0564146793 44.9986960225 44.9642516185 44.8704610792 45.136998546 44.5239414302 44.9843408664 45.13834637 44.6037822815 44.5917265405 44.7438064341 44.8659524546 44.8140581968 44.713421861 44.9526431961 44.6911511126 45.1706424706 45.083432464 44.7760720929 45.0773199992 45.0358200147 44.8800946526 44.785936743 45.1961382946 44.9779956584 45.0249790034
0 0 0 0 0 0 0 0 0 0 0 0 0 0 0 0 0 0 0 44.9880993283 44.7016371725 44.9571741746 44.8443568248 44.9745755075 44.8192833834 45.0303715564 45.1965666949 44.8325563445 44.9774708116 44.8198949611 45.05974051 44.5112754843 44.9965442335 44.5421025029 44.9244381075 44.6385440948 45.0311326557 45.197785031 44.8484155292 44.9316311307 45.1829531703 44.8339394174 44.6624795845 44.9996146665 44.8541428871 45.0859374877 44.9351825561 45.0294104173 44.5689464198 45.072144135 45.1386167667 45.0695796384 45.1401176452
