Spatial_Output/90% DEC/90DEC_1094.asc
NCOLS 155
NROWS 192
XLLCORNER 196769.923733
YLLCORNER 449719.875193
CELLSIZE 27.603701
NODATA_VALUE NaN
[rows 115 to 137 of 192, columns 53 to 105 of 155]
28.6990423752 30.7065378513 29.1587663389 31.4357087075 28.7243968555 28.5993908396 29.7047295472 30.7365019295 32.0008127811 29.7759187982 30.2442598557 29.2712968832 29.3460559365 29.0150863282 30.8465921239 28.9496488777 30.9521021985 29.6922985064 30.5718020882 29.8342126147 29.5924194805 29.7726690389 29.6014416046 29.8307908664 28.9014984568 31.1620038718 29.3088178108 29.2489780299 29.5197666882 30.2152577731 30.5258756765 31.5720853094 31.4536678718 31.6688971457 30.6092335481 30.5511450491 29.2481580615 29.0501449912 28.513147059 29.5175794606 29.0764205572 30.4408414959 30.5475499649 30.6354422802 31.8657989361 28.7447213062 30.6192905117 29.9110548373 31.2140929651 30.9343460465 28.7763355716 30.853309746 28.7646888526
30.0775931777 28.9969123753 31.3454053985 28.6438280062 30.2108252426 31.2710908164 30.0421550815 31.5224806763 31.9086707206 32.0045405158 29.8135687643 30.5791869898 28.973920659 29.4323732442 30.9511158579 29.5183781601 31.0482303353 31.7532459869 30.492638011 29.8709332364 28.9650156724 30.3718695525 30.1756890494 29.8121709895 30.78722206 31.4512546069 29.0774053001 29.205819499 28.6204046204 31.359813614 31.2732853752 30.257534349 30.3647215069 29.8157813599 30.0754827368 30.4334216278 30.9061870431 29.6199828616 29.7263136006 29.1596078569 29.5114493707 31.425675681 31.459194277 28.5883896145 29.6633527033 30.5128310401 31.8387697975 30.9415460786 29.2696561803 29.6077150855 30.4807843591 29.2189281327 30.1181656262
30.9592293129 31.6050007613 31.406443591 30.7073630315 31.5743106649 28.7721471392 31.9320467424 30.8532310674 31.0561132751 30.0499346671 31.3597125239 30.3369464042 31.3882960169 30.6511047475 28.6013068043 30.1878900086 31.6858629241 31.3656795714 29.6045009335 28.7850130406 28.6539022747 29.3706866138 28.6140980981 30.0597266526 30.7643263895 30.5668609845 31.4030550748 29.0416570378 29.4905067786 28.6987606497 28.7100971043 30.1869422309 29.1617877962 31.925842791 31.3776402358 29.5643226717 30.565268255 31.4679460795 30.8684127962 30.5109985006 30.052912515 30.5646646999 30.758043134 31.5995117946 31.1103522353 28.6872479917 31.2901387512 29.1126378543 30.4297812583 31.8988238692 28.8389098599 29.3236502513 29.9238414127
28.9146552938 28.7855555867 30.448512141 31.6966414272 29.617762202 31.3750088483 30.2164452704 29.8308624725 31.0314899151 28.7126716581 28.7393496586 29.9138186513 30.0326492182 29.3552139242 29.2889357321 30.1143347769 29.4094947847 29.8965275161 31.3787587859 29.9324715046 29.739056799 30.6458727701 28.5796096539 29.9879517747 30.0055094944 30.7573185461 31.9784165367 30.4704422292 30.0481556642 30.516788781 31.6521402579 28.7262158731 30.4228648079 28.68435432 31.902825196 29.1287743399 30.8349560856 28.6605415619 29.0818036094 29.3008574165 29.2391909574 31.6198779619 31.076593302 32.0041203778 28.9220994534 29.8445904838 29.6557452298 28.788537384 29.9611440386 30.4410252657 28.9904319014 30.8116528139 28.7441795403
31.550114352 31.5910614811 30.5809275519 30.3942906383 31.1431277801 29.4261215643 31.4434166891 30.7402880688 29.3048043808 31.0639639973 31.9245808974 31.2324797337 28.8739791439 31.9585871137 31.6418976387 28.8080274324 31.4787990438 31.3216273258 30.7042110202 31.1368044982 28.6746590936 30.3789668068 29.7053152983 30.9698582979 29.8725141403 31.6509343714 30.7696070032 28.8673730569 28.523378226 29.9477016582 31.2904205299 30.5158612668 31.9670092654 30.4319536999 30.5035318686 30.3909821452 31.7201357657 31.9227467733 30.2830015771 31.8016886399 31.5315840908 29.7466076349 31.4742514999 31.5922783579 30.2483020057 30.1352190881 28.8747843572 28.9216465625 28.9045087853 31.85348451 29.3863039267 30.8764376302 31.0427019205
32.0310383335 30.277571728 29.7949578312 31.8069260029 31.3864119358 31.7413453825 29.2338040092 28.728012772 28.7649585604 29.0516259126 29.4009036068 30.4938058461 29.6563527546 30.5440973989 30.9622250186 30.4994624149 31.3973042523 30.1550404302 29.132061134 29.675935465 29.7360052327 28.5312168798 31.9563192844 30.2040024113 30.5731854198 28.7863701901 30.5382783896 29.1156891538 28.6247006138 28.854364586 29.6091854534 30.6339576678 30.4696580785 31.5056231542 31.8161812826 31.6329637964 29.3722645872 29.9620409302 28.7691923279 29.1594085805 29.2662131209 31.3597315585 29.0166212865 30.8034029572 31.7891197107 31.1833732953 29.4559641602 29.9540090254 30.8919782714 29.8616895514 30.5124076117 30.1584511858 31.0208277225
31.6906482319 30.2516358441 31.7801403283 29.666191653 28.9499493108 30.1588583811 30.1336656782 31.2165372912 30.3756114904 31.5299188556 29.4344795559 29.6542549808 29.5494677001 30.1263277161 31.8731969515 28.5339713743 29.4650930833 29.1117217329 31.5829102494 30.1376471892 28.5737928778 29.7421294637 29.117457934 29.4240188904 31.0764779182 28.830008904 30.8441063278 31.7027616592 28.7558711394 30.8859293902 31.9484146943 30.4675742064 31.3414370229 31.0958678925 31.7442548642 31.188296551 28.5620753236 30.2084946936 28.9633977005 31.9334576886 29.5385220896 29.5851911559 29.8618118685 31.9871144299 31.6997749575 31.291883761 29.1533004528 31.0549196017 30.3710488529 31.7290217488 29.0120429082 30.935371277 28.5920348471
30.8741865951 31.0448322946 30.0602531167 29.8806705702 30.4883803837 28.944639977 30.4302231993 31.0123491386 31.1888180817 29.1341125205 30.4748134233 29.8536729219 31.3688999081 29.490806197 31.4253981338 29.7112135064 30.3482423312 31.066311191 31.9304238024 31.4940156885 29.7208418233 29.7882111489 30.056404272 30.8112438459 28.633947356 30.2865875656 28.9542314009 30.9006230784 29.0363418029 31.8701896047 29.5755435561 30.8013952501 30.2238243274 29.9947613582 30.3093190136 30.6507230147 31.498510777 28.9553779669 31.7348866289 29.6836699995 31.5494638906 29.2822136375 28.9193810989 31.5741780076 28.9621897737 30.8577433289 29.6994162612 29.7999409855 31.8505465476 29.059597105 31.899257058 29.8814224238 28.5591123652
28.8338468021 30.614043401 31.2990492698 31.7862480159 29.1050620549 31.1352029116 31.3395100051 31.9312602494 29.2881344119 31.6986540534 30.810551157 29.4154214435 29.638923328 31.6686857363 30.0642198421 30.030032336 30.211686421 29.2329702575 30.8952179976 30.6928210084 31.2127542686 29.5099626649 28.7250472513 29.7254441177 30.1895479017 28.7669257473 31.5122951817 30.6649571546 30.0934463202 30.4921864141 28.6460778301 29.2650463229 31.9370791052 31.7430937946 29.9434172773 29.2130122925 29.2309630136 29.8064036383 31.4567472014 29.8010651247 28.518194028 31.0065133625 29.3292970803 30.6394716589 31.0264264242 31.1696184198 31.3539651876 30.5056751918 30.861144304 29.3811919245 31.8299554316 31.891178367 29.5337450476
30.4496368492 31.3709871609 28.514972386 30.6776402001 28.9154726334 31.5953692325 31.6720767807 30.623841356 31.2883953663 31.122712743 30.7439814021 29.8293961992 30.690842137 31.1075008522 29.2026136512 28.8530079351 30.5773280059 30.3681771022 29.4598573642 30.4457456573 29.8431121773 31.5616914388 29.5313508225 30.9102602129 31.7068782585 31.2935629113 29.7351338199 30.420177603 31.9720670305 29.732747278 28.5937122553 31.3305416472 29.7948132431 31.7834285351 30.2438712338 29.7080674642 29.2361637608 31.7939499863 31.9965325547 31.5447646947 28.9302039836 29.6764012904 30.6330725356 31.8562044946 30.7715008614 31.5949303243 28.9466718421 29.8771089786 29.4309975294 29.9305382489 30.8627674962 30.9874024078 30.6064001061
28.6802200144 30.0993130849 31.7184847071 30.8490068077 31.7647447324 31.6265379378 30.5283224926 29.5752493816 29.8322982099 30.9158255683 29.9456334404 30.0067544079 29.1595123088 29.0222519962 28.5558820386 31.1758896902 31.33209401 29.9142474819 31.0956618165 31.0750863177 30.1460630648 30.2119542311 31.1899021251 31.4896928432 30.322707632 29.6606309608 29.220878294 28.5828094024 30.6152352104 31.6418267932 29.679641413 29.237782338 31.8111298931 30.484105117 31.4917609419 31.5596911539 30.2792906417 29.3516764521 28.8859150398 29.9076411147 31.90039564 31.3864343728 29.849006117 28.8036670325 31.2839168945 31.6737826712 29.0640629694 29.6964996789 28.7595729107 30.2612244272 29.7882443624 30.1639647376 31.753239656
30.408716772 31.574394302 30.525931995 31.8711432436 30.0795386299 29.3055215893 29.4044914925 31.5141550101 28.6885126603 29.9493168407 30.4442312388 31.5699681086 31.5506039152 30.8589490311 30.6066134838 29.7852812345 31.0266967855 29.7296289553 30.3068253907 31.0949980114 31.1105581618 30.9073632496 30.3280574877 29.3400648011 31.8809105135 29.8426261292 30.6153740256 30.714079493 28.5152141172 30.0460800975 29.9871986502 30.7489991596 31.4311503038 31.2902063652 30.563364646 31.8099214339 31.2294772885 28.8000670985 30.5749695099 30.2549310261 30.745775891 29.5010980274 31.2149504275 30.4144846332 29.5239329498 30.3097497128 30.1528342094 31.4029792248 30.7909365649 31.1966983014 29.1977224808 30.97718411 30.5822242972
29.6070642499 28.6709739823 29.8241799097 29.1278582649 29.4977058206 29.6770858585 30.2048316995 29.8508483221 31.0366768692 30.3874189961 31.9903486737 29.9397894617 31.0713575171 30.1189950603 31.5081165173 29.0018804382 29.5299589756 29.4269805403 28.9024304084 30.670285756 29.8184840694 31.1400880388 31.4080526795 28.6929353237 30.7918942022 28.9352598635 31.6588516333 30.0546704602 30.7996784352 29.2525412846 31.3763806275 28.8389857713 31.2362630521 30.278123393 30.8030633671 29.0447580355 29.2848222071 29.8258318089 30.4620258489 30.3915133262 29.5252432515 31.6923306137 30.4338941912 29.6752849967 29.8896629925 28.5737804634 31.6273423725 30.4897089919 30.5603327764 30.2560703467 30.5493538479 29.5032992059 30.0818682154
28.9694454095 31.5942926125 31.1992043927 31.6873808897 30.6751460101 29.1130730392 28.9827899925 31.2382017482 31.9467148057 31.9997059496 29.0117758336 28.5617451155 30.2832455779 30.743651274 30.0874105535 29.2574891067 31.4607835467 29.8287126859 28.5666741365 28.6929281773 31.6429775674 31.1833034277 31.940913777 30.3487149806 31.9439405662 31.5353504679 29.7259239394 31.6150123533 30.8641252398 29.4770087831 30.400902072 30.7227414894 31.4342194143 29.2944515662 31.4408479727 28.6057864817 30.5652657099 30.1366906563 31.2380480806 28.5993074703 30.3797794937 30.6204095007 28.8127792798 29.8469773141 28.6510222799 31.6104182877 32.013668913 29.9375949325 30.3992275439 30.0294026649 28.6379498808 30.3122559692 29.0037776146
29.5453109447 31.6844352359 28.7012185476 30.9155968295 29.7705768304 30.6738398399 29.2508213491 29.8223323019 30.9778799864 30.9649829518 31.6589467924 29.948566102 30.0968529579 28.8813914528 28.8304207455 30.6058663569 29.9184889201 30.1873183456 30.8213652693 30.93312993 29.3107160477 30.4971147934 30.0373673698 30.2631464264 31.6100424643 29.0256867324 31.9168639318 30.4248269995 28.7450562322 29.6411219636 30.5614500862 31.6393403835 29.0304647013 31.9933540038 30.6005828407 31.1555615793 31.0677522789 28.520637854 31.315005765 28.5398074659 30.9137623025 31.0177827777 29.6448492876 29.4625460538 31.9948041897 30.4718034362 29.6081132894 28.7706322606 28.6390734894 28.7083007703 29.7242887785 30.4200666509 28.5694915403
28.8592733804 30.553044851 29.5148221516 31.3657977649 30.4135822948 31.8659533105 29.5901405316 29.8245655011 29.8046784072 30.3076374836 29.3338684355 29.5768209555 31.3584199319 31.7765237428 30.0213851202 31.5366991653 30.6645065271 29.7305983559 28.6806662539 31.4016720588 31.1219780699 31.1746273912 30.1496922974 30.7304131954 28.9447310844 30.0551171147 29.3304726855 31.2141503685 28.5434413306 31.316364434 28.7392801617 29.7628947003 31.1168121039 31.7844481039 30.6446125271 29.7232959816 30.8917890387 28.8313294906 29.8160314084 29.2883532602 28.6010797195 29.0643995544 28.5898584079 30.4740539767 29.2726200731 29.7262270766 32.0144899076 30.4549514104 29.3861198058 30.2586219513 28.5700773393 31.7199962866 31.7410950616
30.2411242873 28.9561420015 31.2327525747 28.5595114451 28.5327975299 31.7972679582 31.3404503612 30.1796767459 30.6930791166 30.4911880684 29.3588669909 28.8631426824 31.8811013535 28.6346215837 30.0308768454 31.3824209157 29.4627298693 31.1455535507 31.3754197323 29.0165253858 28.9900474994 29.8501271437 31.445960062 29.0979857738 28.9119854921 29.4737514705 31.6165386858 30.7818264034 31.8582628166 29.551162344 30.0448921104 29.1042027916 31.0737634277 30.5941235351 30.0745751925 30.5503336691 30.2419598612 30.1180756004 29.0522513327 30.0877256355 31.839674129 30.2797984497 31.4070510831 29.3864641072 31.5717149085 30.989423653 29.3230116892 30.6943039603 31.1525263805 29.2616640925 29.1828943395 30.8819598828 29.1344221967
30.0166571088 30.6243826939 31.2476759585 31.6097409096 31.7700664693 31.095444942 31.3040800587 31.2362688947 29.9681269763 30.335246353 30.6204114852 31.8952873463 29.2109855972 29.3167757483 29.1679282385 31.4874991085 29.6862410768 31.8607188362 31.2538481017 29.6334200008 31.1669302821 28.5345819172 28.9106565305 30.9696170593 30.6480556681 31.6222302369 29.1707492434 28.7451261441 30.2832125299 31.7231856923 28.8556448529 30.4510424814 30.6758037688 29.9481036026 29.6410302111 29.4835714988 30.6009045271 30.3979241802 31.3994539228 29.8566743199 31.9932967859 31.6412667443 29.0129548357 28.5374719602 30.51584376 29.1079574821 31.5507514397 29.356382591 30.2355331523 29.2300023284 30.7258338712 30.9767139953 31.9563006246
31.4374285609 31.3646991569 29.056343717 28.7106320048 30.4325532002 29.1696961092 28.9298423437 30.782286093 31.8799595917 30.5256605847 30.5635581741 30.2716076833 31.2924876183 28.5183362656 31.4549470441 28.7697222585 31.0895683177 30.7186493095 31.0228865758 29.7536685328 28.9340799246 29.6113918978 30.9597826198 31.1742036186 30.4118688772 29.4290562715 29.0759030579 31.058560018 28.8785569528 29.1111499986 29.4415100696 29.0369467559 30.6301022667 30.1036350376 29.3230794979 29.9948321047 31.5389981401 30.8666404673 31.9921100736 29.3822877537 30.8501094918 28.9914091508 28.9243222636 28.5823851234 28.552613853 29.4195795702 29.9179398961 31.6540384806 30.8486056233 28.7065379972 29.1727738313 29.8356465861 29.3191679664
29.1876607812 31.6223187266 29.3475722093 30.0607170512 30.2158729914 29.2463903135 29.4203034372 30.3424403572 28.6445425917 28.5597702194 30.4359565387 31.6634940398 30.9744682796 28.787326411 30.4270197215 31.5702937905 30.8789746543 31.3390407185 30.626209151 30.7601917043 28.8740789437 29.0442208899 28.6796040271 32.0273016249 29.4005140695 30.1986552002 28.624204685 30.1395171506 28.5440499872 30.1652267332 30.9547576216 30.5431681546 30.8622095661 29.091819712 30.3109750483 31.6773166941 29.6126085265 31.0964560005 29.3693573719 30.0806195206 29.169234872 31.2288853195 29.6898075123 31.8779102215 30.1380372629 28.5306998544 31.126284294 30.1297905394 29.6891105504 29.8115825737 31.6063475993 31.1069317769 30.7700720369
29.3648628315 30.6309917399 28.5044257311 28.822411333 30.6575276321 29.8130840334 30.9061785111 30.7697924033 31.5278187172 30.6767466376 31.0532639261 29.4581143108 29.574645722 29.6404529408 30.140179672 30.3748629057 30.1996830288 29.4786065916 30.1149939443 29.83870171 31.8595710512 31.8208023023 29.0661509343 28.8780885826 28.9608795302 29.9873515578 28.9263529241 30.4293955805 30.7242664448 29.9091680564 31.1530676639 30.6149123708 30.8374723239 28.6436287256 29.8633503077 29.531252979 30.8315673913 31.8508969026 30.8503648572 31.2384209231 30.1447468679 30.8354030835 30.0513986601 28.5753576155 30.2529282987 30.6321574501 29.801218303 29.9500321013 29.2742859753 30.5037380702 29.4443580203 31.7241581243 30.0508082663
28.7035943365 30.6828848701 29.599945217 31.0348114769 32.0143365444 29.7589393347 28.6597027408 29.6242402363 31.4751613035 30.3915009312 28.5911403907 30.8223983491 29.771642118 30.6027725527 30.9762099281 29.0199168489 31.5093108044 29.1774166675 31.7943446431 28.9510323919 29.9188666877 29.59030549 28.8920761054 28.5922510069 31.6556103847 30.0352680391 30.3573122719 29.3898815506 30.1485279181 28.863151208 29.0201078542 29.2867636217 28.6146982807 28.6974557793 30.8854172783 31.3862138966 30.7648703555 29.3150849076 31.9392701057 29.976539601 31.5601745422 30.5714708571 28.8033429408 31.2341271469 31.5204185624 31.3355050435 31.1053882756 29.7611293263 29.9092438789 29.2746765566 31.5666780008 31.7098933102 29.8790891385
28.6086075515 29.2185814259 28.5453354396 31.7138300169 30.3922258235 31.5053059539 29.3036567578 30.4813498351 31.8853512953 30.3907091393 30.2118622225 30.4001876669 30.5032356631 29.0763706823 29.511422825 29.1194274077 30.0770408835 30.5411786318 31.9910208637 31.7514970359 29.4593159992 28.7399234294 31.0809212855 29.7318060502 30.437322481 30.7510437826 28.5898198865 29.1336529596 30.4863911077 30.9638204957 30.4198425085 30.4233461433 30.7440107113 31.5002969193 30.4282040894 29.3097580473 30.9579790107 28.542591304 30.0544627029 31.476956461 32.0253832746 31.3924580926 31.0631230375 31.2196017096 31.2336598987 30.8558878104 29.7347553201 29.7915618503 29.1500214181 30.445324815 28.8574467023 29.1206751539 30.2711380568
