Spatial_Output/90% DEC/90DEC_0480.asc
NCOLS 155
NROWS 192
XLLCORNER 196769.923733
YLLCORNER 449719.875193
CELLSIZE 27.603701
NODATA_VALUE NaN
[rows 46 to 68 of 192, columns 53 to 105 of 155]
30.7128864991 30.7796967758 31.0486641145 30.6891671509 31.1525667327 30.9213342507 30.8893187357 30.7823825334 31.1940555725 31.1686621266 30.6797198291 30.6118430688 30.7423318771 30.9505074173 30.9189830615 30.9792137831 30.5874934234 30.719205411 31.154695343 30.8769039744 31.1344679076 30.9774396305 30.680077037 30.8045454412 30.9344339742 30.7788163768 30.9694097643 31.1573114228 30.8946715961 30.647074679 31.1957571044 30.7498994064 31.0075153678 30.548623708 31.1131773992 30.5279119585 30.5416933565 31.078660198 31.1866446141 30.559991108 31.0880939821 31.1978608018 30.8170866029 30.9316732078 30.8176587416 30.760806849 30.8231287529 30.8659341903 30.8186835977 30.8734865876 30.8811482929 30.9566519605 31.1927053514
30.5696404917 30.5676790601 31.0457077463 31.0406897265 30.8541249799 31.1320391144 30.8693034375 30.6756250294 31.1646263861 31.1012536949 30.8886037113 30.9257843916 30.818651885 30.8232766851 30.5269500666 31.0916804523 30.6903318822 30.9704858366 31.0307121744 31.0155848234 30.6608950243 31.1700302771 30.6342302291 30.8472253635 30.9114486586 30.5506668311 30.9841763821 30.6148387404 31.2058807918 30.9287695136 30.6406526774 31.0909605806 31.1451936301 30.7774899306 30.563596072 30.9477783162 30.9215608291 30.8456664464 31.1722508322 31.0271697143 30.6558246731 30.6634836405 31.0025215387 30.9772491448 31.0221097282 30.917606084 30.59618995 30.7658128515 31.1153942186 30.8130370509 30.5695243373 30.7206448266 30.5575543921
31.095238175 30.7658228656 31.0771142762 30.7022525867 30.6036279512 30.6059642155 30.784670569 30.6365963324 30.7640743961 30.8071175406 30.9030136758 31.0547855404 30.5151578657 30.5075286678 30.749468451 30.5466108964 30.8055408176 30.7160951578 31.155254409 31.0310245114 31.1576843348 31.1267579009 30.8496400282 30.5786909683 30.6898157298 31.1930687356 30.6111304702 30.8322343605 30.5575923357 30.8090106629 30.8339953454 30.8924533424 31.0197490442 31.008412418 30.9548076123 30.6146987882 30.6852847722 30.5491028804 30.77975287 30.5859124017 30.6014711142 30.6520421011 30.7210737043 30.7392261479 30.6430960888 30.6189210443 30.5146567312 30.6224616412 31.1498721734 30.6692097461 31.0148850849 30.5045276952 30.7569624679
31.0662604478 30.8223120887 30.6941949278 30.6685823723 30.5777179534 30.7801687098 31.0969629583 31.1382618587 30.5984450607 31.0771379213 31.1614554049 30.9702860989 30.6945324874 30.8764560172 30.9047746144 30.7620503149 30.5806631996 31.0328291456 31.052046047 30.7163847629 31.0610844782 30.7755539824 30.8088483984 30.6266964784 30.6053829875 30.5144347449 30.9816853897 30.8482145033 30.8882926316 31.151628707 30.67441607 31.018845328 30.69608057 30.9805448195 30.5874086276 31.1866149672 30.7613177175 30.8355645745 31.1451855708 30.9865197721 31.1480554952 31.1705538006 31.0310792465 30.7066983374 30.7401546627 30.6377394733 31.1866355027 30.8045391806 30.7579650984 30.7179136586 30.5181455898 30.8138544426 30.8232406914
30.7389468494 30.9265856364 30.9440144612 31.1668983217 30.6888839649 30.5921190158 30.7879236134 30.882629926 31.0273354114 30.5442781762 30.9509971487 30.7767493814 30.5858790049 30.8318805457 30.7478368484 30.784243953 30.9559882737 30.9222278202 31.0465963215 30.5525715945 30.6378894839 30.9323483592 30.5331607266 30.5861940466 30.9301866124 31.0046381972 30.640036322 30.7691546015 31.1027843856 30.9689769981 31.1174519981 30.6805158697 30.7408197386 30.995360303 31.0179900284 30.570905461 31.0574972618 30.6084934094 30.6995853551 30.7463352512 30.5203426166 30.842317 30.5604579877 31.2028195166 31.1531519855 30.7470431587 30.7976399036 30.8575001816 30.7456682731 30.8938739639 30.9506417943 30.5361131419 30.814461065
30.7860275161 30.8650235989 30.735257843 30.8832081102 30.8806646059 30.8479983522 30.8117458529 30.6436184993 30.5837078358 30.7301573618 30.5054104167 30.6423523937 30.6004097366 30.6078915456 30.8309327161 30.7135266465 30.6043591522 30.5786386542 30.6070806409 30.6027558614 30.9704511305 30.897476275 30.6308416246 31.0825184857 31.1158175559 30.9724398933 30.5754927399 31.0000714835 30.7025717547 30.9292145903 31.0981346784 31.0559208919 30.6351622112 30.5299789532 30.9570989755 30.9092406097 30.822119238 30.9467919901 31.2052588963 31.104394092 30.6164700285 31.1767396378 30.6520026012 30.5079109579 30.8957427075 30.6628235087 31.2009101375 31.0234436119 30.6247741202 31.1674192834 31.0108233892 31.1075638247 31.0480131645
31.118686289 31.1341715961 30.6800409315 30.7707046991 30.5229842275 30.7833015036 30.8251188492 30.6901418298 30.7537026393 30.8619418323 31.0063821881 30.7663579726 30.6656643506 31.0399210306 30.9683818596 30.9309048662 30.5181758906 30.9596482387 30.6512031594 30.8153010316 30.8850580156 30.8219023425 30.6825514979 31.0177607317 31.0893318423 30.6793009293 30.5601393452 30.9849057494 31.097861536 30.6090681009 30.5554417789 30.9438199792 30.5346786572 30.7998612323 30.9087967089 31.1392447524 31.0166152456 31.0299859809 30.9940132109 30.7128999471 30.550276326 30.9682945109 31.0328034943 30.5018663393 30.521527128 30.9792516048 31.205492622 30.5821249415 31.0423730347 30.6157405758 30.9688309012 30.6165773572 30.6650681523
30.70393261 31.0686467274 30.9822830552 30.9373851774 30.6977425559 30.6630360556 31.161333964 31.1680138086 30.9786609614 30.9476841484 30.8512670908 30.9008393681 30.7196304426 30.859069945 30.6630994391 30.9478663729 30.9881922325 30.9684396801 30.6781719707 30.6727947694 31.0408054215 31.0950097119 30.522370011 30.5306011089 30.7804137069 30.6130891784 30.8237725248 30.9572459988 30.7237046361 30.5190066536 30.7803872294 30.8018090222 30.9679447283 30.5576074887 31.0076324268 30.6245552724 30.5565359291 30.8617123158 30.7070218391 31.0929696077 30.7746992437 31.1474057276 30.5109446039 31.1469830334 30.6118534714 30.5287290949 30.7084981335 30.9311813102 30.6241732155 30.9884951874 30.8521173093 30.951719995 30.8730026149
30.9188853911 30.952201492 31.1856062763 30.9405643233 31.0306919648 30.7785148023 30.5606360192 30.6603618232 30.7270897853 30.9027502342 30.8940076488 31.1657255985 30.6071012215 30.5305464782 30.9326414492 30.9586538906 31.1082710495 30.7938756985 30.5741521575 30.6020676889 30.9546769979 30.943084397 31.0857228039 31.0447769218 30.852143711 31.076987648 31.163389735 30.8146167608 31.0316128652 31.0522237399 30.6318092739 30.9777686749 30.5301755312 30.8674228651 31.0635894038 30.7886987392 31.0251816407 30.5806414774 30.6015478735 30.8503816009 30.7186628775 30.5437408203 30.7207753324 30.9521675577 30.777233742 30.967566246 30.7331593853 30.6460001779 31.154621508 30.6944067089 30.9694424574 30.6360228903 30.836277261
30.8898514791 30.5629323209 30.5642858291 30.6984067444 30.7660235214 30.9310602759 30.9239279662 30.8466000408 30.820794688 30.7250354626 30.8441742553 30.5737493256 30.9883472805 30.6763345071 30.5546939565 30.5211102424 30.7870747818 31.0664707086 30.7502169781 30.5638875886 30.7263671144 31.0531412394 31.0979888407 30.5465603146 30.975844934 30.6815582377 30.6027152966 31.0295763669 31.1810353915 30.8025607536 30.5145509483 30.7653312739 30.6308276827 30.6526966283 30.7433671846 30.9155748584 30.8403193332 30.7344025033 31.1787669216 30.6083217985 30.5443730004 31.0541089847 30.5073119766 30.6143813014 30.9181386682 31.0135035355 30.8563175291 30.6615579545 30.7092812386 30.5295423352 30.5087207862 30.5538905947 30.9834137599
31.1556826626 30.8874881164 30.9404843173 30.7181294016 30.757729381 30.92750055 30.5805741378 30.7650022445 31.0962446359 30.6720128532 30.8993016781 31.2035483361 30.9232713842 31.0005972723 30.6345938456 31.0701967449 30.9188202362 31.1600980084 30.863001244 31.1150284597 31.0703018544 30.8186144514 30.7701655192 30.6581435827 30.9656754363 31.1977565096 31.0091211672 30.7045178119 31.0666122996 30.7114506757 30.7571301426 31.167448132 30.7213662368 31.1625554711 30.9201388741 30.5440384851 30.648314887 31.1136450751 31.0381497428 30.804476323 31.062173938 30.8401001506 30.7437607579 31.1696860372 31.0641537832 30.565757774 30.7324131324 30.770468618 30.9978773989 31.0866613014 30.5181087573 31.1099538917 30.6271852167
30.5352278785 30.674254505 30.6147997103 30.9817590093 30.5316478447 31.0119687904 31.1810953003 31.0630382361 30.9371483991 30.6880736094 30.9065856409 30.8045903342 30.5207467838 30.6699862953 30.6350309698 30.6932162813 30.6347261113 31.0035839097 31.1235662225 30.6845723189 30.5749778222 31.1386505342 31.1801242377 30.8674632665 30.7507850326 30.5763257078 31.1942819468 31.089511985 30.9009667324 31.0058484123 30.6422657912 31.1165520484 30.6142215525 31.1028418354 30.7807959946 30.5397754478 30.7035153013 30.9589571894 30.7835201153 31.0323888697 30.5320372984 30.7623627438 30.6435708029 31.1927679746 30.5398243532 31.0820781356 30.8156914941 30.6446457456 31.0025534504 30.7978292813 30.8206320531 31.2001285105 31.1310675303
30.8193601178 31.2043883191 30.5964235498 30.9454586476 30.8162631931 31.0029858906 30.5315745987 30.7625561357 30.6863445861 30.9381861682 30.9033611108 31.0872857194 30.7997019711 31.1669944823 30.6211767969 31.0833300505 30.5877110031 30.8894306092 31.0834039044 30.8560924169 30.5923220614 31.0992010019 31.094919931 30.6515020026 31.1239944322 30.5925709811 30.5289470264 30.9830399868 30.6629832569 30.7629443863 30.9734276509 30.7092639498 31.1853197737 31.0584722945 30.9417097736 31.1695928751 31.0357920606 31.0405458568 31.0383728184 31.186081583 31.1517523003 30.7921860772 30.8104141419 30.6933272855 31.0642223576 30.7803510086 31.0582452011 31.03258419 30.9700978539 31.183862076 30.9352056601 31.1712997491 30.6458240791
31.0084061922 30.5573618319 31.1444337456 30.600524674 30.863549922 30.74145585 30.6993158308 30.707401242 30.5188818717 30.6412405059 30.7161261834 30.6048058487 30.938566921 30.825889279 30.8097855465 30.9034301843 30.9923798356 30.6166782576 30.8593455261 31.1277326246 30.5019406402 30.8958660093 30.6099950837 30.7110507651 31.1581074535 31.1418428449 30.502514354 30.9551589478 31.0115872655 30.9075922139 30.8291083378 30.6415328857 30.5545859263 30.5616780693 30.7526243038 30.7208492642 30.7465770548 31.1192323952 30.9336809135 31.030783344 31.0698274436 30.5573286452 31.0371228056 31.0936016424 31.1703905659 30.9440201663 30.5411817377 30.9403078512 30.5146301131 30.7105049023 31.1427093533 30.765139687 30.9751006039
30.7764552711 31.0856521875 30.7622615179 31.0973604905 30.5366723804 30.8520779977 30.7627290901 30.6153247664 31.1366609284 30.8903641235 30.6627177721 31.159532518 30.5451699833 31.1220925665 30.7134116593 30.5359781756 31.1121309347 30.6582473496 30.8307877455 30.8407476088 31.0303027704 31.0661528281 30.7897120761 30.533059786 30.7488053944 31.1608620613 31.0749952241 30.7600738307 30.8638005144 30.8756187459 31.086750643 30.7947423066 30.8235564655 30.624559092 30.5674654416 30.9680841953 30.8816740617 31.1670476476 31.1126546681 30.6013127486 31.1186399622 30.7927761788 30.5587598774 30.6738908967 30.9769050112 30.8493352724 30.9272616707 30.7806115589 30.9097281813 30.8053948457 30.6955331254 30.9960621147 31.2009784265
30.5030863722 30.6822467025 31.1372646993 31.1710517707 30.8276263535 30.9551525316 31.0417587223 30.6560962771 30.8569905179 30.7629206832 30.7457697225 30.5758244033 31.1532160208 31.1587156481 31.0112798898 31.1263272807 31.041198595 30.5347318336 31.1120267526 31.0746404944 30.6000351492 31.0749667665 30.5945146627 31.1500700947 31.1232564046 31.0588771821 30.7681947054 30.6746128395 30.8002998208 30.9949798805 30.8343404751 30.9964046451 30.553533685 30.9948402078 30.8295494597 31.1470840232 30.8741362416 31.0716530281 30.6489732552 30.9064882491 30.8503374914 31.1749421978 30.6464821198 30.9849441122 30.8445726266 30.9259642025 31.1682901663 30.9786909127 30.9403521045 31.0480076244 31.1100888021 30.6210914055 31.1976704924
31.050031925 30.8131389353 30.6720244233 30.9836892409 30.8558502227 30.9267719519 30.9166984528 30.9193936661 30.5797133527 31.0228076666 30.7705904572 31.1797013297 30.8190826132 30.7379273855 30.9501793948 31.1302243003 30.5324510622 30.9888455245 30.739949299 30.9093480518 30.5579036129 30.5270404946 30.6212638271 31.1493040988 30.9923152551 30.8891971789 30.5745341584 30.6384636868 30.5536878065 30.9506943862 30.6794903257 31.1474736791 30.839828899 31.030749736 31.1276300742 30.8132835187 31.1091168763 30.7153012854 31.1461451177 30.5235656942 30.6468124798 31.0580955334 30.8657521926 30.9151773944 31.0974637221 31.1457537437 31.0863624535 30.66646498 30.946956215 30.8346219452 30.8405168183 31.0420794846 30.7952979328
30.9662238631 30.6011521255 30.6910524058 30.7473198547 30.7412565274 31.0514517029 30.7246816046 31.0698372939 30.5700029265 30.6608639368 30.8940009712 30.6939857235 30.5363675641 31.0399657974 30.7268677662 31.119883307 30.5213446664 30.9157736371 30.6774408718 31.0169209604 30.9816277724 30.689731497 30.8637858832 30.7424205018 30.8000993029 30.8984148383 30.9553453569 31.035874611 31.1525659386 31.1573103563 30.9674746341 30.7792859253 30.6299527198 30.535025193 30.9187833457 30.5641534396 30.5334515521 30.9787270372 30.6952367024 30.5090117949 30.6335683668 30.8128192693 31.1153783622 31.1736830043 30.7251739752 31.0910120685 30.9320547033 31.1253777995 31.1149184667 30.9842908247 30.6745920315 31.0012517609 30.9312257964
30.8318389716 30.6105113235 30.9606251369 30.5675307057 31.0297087849 30.9563194547 30.7758967589 30.8279800508 31.0438202822 30.9251832107 31.1986057684 30.6221670952 30.9708948387 31.054113431 30.8867546041 30.9962214286 30.6496912579 30.7422194152 30.7963430865 31.1948523427 30.7414893859 31.1664165659 30.6476593137 30.8357484203 30.6015636396 30.5960677738 30.8880251571 30.6111362912 31.1265849102 30.9270590793 30.9356288699 30.998906767 31.0021749833 30.9357964997 30.6316682348 30.7192493521 30.7841702649 30.8810711642 30.6839337811 30.7761848346 30.7083151175 31.0555088769 30.6551953564 30.7999067045 31.1704951683 30.6636486568 30.9279391183 30.9331946121 30.6805455243 31.173074566 30.6267242358 31.0483888448 30.5208165907
31.1243344524 31.1585204298 31.0524830683 30.7910004238 31.1782346478 31.1243258063 30.6314748452 31.1131719408 31.0787018023 31.1423720495 31.1437168232 30.9069140123 31.1252702463 30.5973190858 30.9299149675 30.7504153961 30.8295597125 30.592427459 30.7852782197 31.185789586 30.590199627 30.9648090491 30.7145257476 30.959132952 30.5755892116 31.1379192263 30.8473010365 30.596568703 30.8503268122 30.8714703249 31.0101923205 31.1241241874 30.8203794155 31.2044768187 30.8689216554 30.5679913387 31.0180783683 31.0742876239 30.9362031254 31.1541398532 30.5224316006 31.0324457032 30.5545015123 30.8858639305 30.5688064395 31.1838349923 30.7057419582 30.719332286 30.8681436173 30.6433584671 31.1230740249 30.97318044 31.116709398
31.1962283103 31.2023405791 30.9244367491 30.8342769342 30.766579422 31.0945967227 30.6609866987 31.1829094719 30.5701737615 30.911692942 30.5139858183 30.7569256054 30.7490370841 31.0835113642 31.1104693392 30.5780290628 30.7549395401 30.5973143248 31.0751774281 30.6934782679 30.5981087822 31.0174623624 30.9787436413 31.1226233379 30.5288005612 31.0300358318 31.0666834303 30.577056642 30.7305015781 30.56996196 30.5369120511 30.8527391201 30.828711538 31.0594775196 30.7521351335 31.0045026853 30.6656201658 31.14871092 30.5380421021 30.6535791928 31.0371765297 30.6750076392 30.9349177929 30.7650517183 30.9218981983 31.1024061312 30.9364238017 30.942843986 30.5466986184 30.5031922196 30.7327604261 30.9073375047 31.1784963665
30.7543809829 30.761645848 30.9068637394 30.5992689831 30.9427026196 31.0077189886 30.9092704976 31.1495872388 30.5099359829 30.830983606 31.1407363384 31.0393701513 31.1287850606 30.6787361189 31.2028586884 30.7042930052 30.6986246677 30.7123984897 30.6791653066 30.7556786593 30.5023263329 30.5025266832 31.0298992703 31.1134337701 30.5608526705 31.0045955688 31.0948793939 30.6771672969 31.0744780403 30.5674032606 31.1264923558 31.0373257341 30.9457279985 31.1600397718 30.8569446183 30.6160127296 30.7908742834 30.6949903578 30.9321910244 30.5156464566 30.9789794431 30.5876612396 30.7699755651 31.1022738619 30.6815980446 30.5677204407 30.9471539602 30.8061634421 30.7497613432 30.8313736391 31.0814081763 30.5034557483 30.640346028
30.5041224268 30.7077533445 30.6908176564 30.8060521652 30.8787437506 30.8310039015 30.5300505269 31.0772026586 30.7687712092 30.5055483603 30.6226389545 30.8581347371 30.9584752988 30.7276720453 30.9857066088 31.0101014542 30.6110119348 30.6995748454 31.0198229899 30.9057399433 30.5490164622 30.5809404783 30.507590571 30.9130338466 30.5505039179 30.9563521693 30.6470026152 30.7996943726 30.831391722 31.1232540549 30.9293029983 30.8908863125 31.1333609196 30.8817778143 30.6842453351 30.6222800402 31.1747523354 31.1371462102 31.1609209725 30.9064501337 31.0069826113 30.9480264599 30.8602677824 30.5206315342 30.7691668576 30.8508120257 30.6637047953 30.8806853627 30.9503553847 30.9250563025 30.7248043819 30.6353074434 30.9355277854
