Spatial_Output/90% DEC/90DEC_1012.asc
NCOLS 155
NROWS 192
XLLCORNER 196769.923733
YLLCORNER 449719.875193
CELLSIZE 27.603701
NODATA_VALUE NaN
[rows 161 to 183 of 192, columns 53 to 105 of 155]
24.8715601465 25.1911499988 24.0945680698 24.1372161205 24.7123609134 24.2005441159 23.9698173068 23.8640160587 24.2437470008 25.5314032057 23.894179874 24.8527880606 23.8698372793 25.4121075292 25.1757774583 24.3416077278 25.1736371788 25.4154991277 25.0513236808 23.9172465229 23.7819479865 25.045292474 25.3358881903 23.9528800067 23.8802535435 24.0175997366 24.3993616996 23.508990969 25.4769281717 23.5669859412 25.2327892881 24.6674091908 23.7002199791 25.3855889822 25.4461120321 24.6798112152 23.92487392 24.3562547134 24.6234391424 23.8300614543 24.722275517 23.8722310694 24.3856751958 24.601586399 25.5011441724 25.1517198804 25.1074055166 25.2843856324 24.6646053423 25.0472957685 24.0469474276 23.5239442268 24.5405054689
23.7118877632 25.0681843464 24.4334686601 23.5493276182 25.3176667385 24.8310953738 23.7634536295 25.1446764808 24.1791386014 24.0982076826 24.8491912724 24.7961704864 24.463934759 24.9077088975 24.4901147191 24.6612845657 24.9502545016 25.4570397013 23.7740111696 25.0250670285 25.2485460963 25.1992123465 23.8092826111 24.850286979 24.672816923 24.7817378945 24.8641912672 25.0437450847 24.6546310468 25.3406478067 24.127470305 25.5828272638 25.5548227128 24.0905552492 24.6800527024 24.4886070399 24.4476705295 23.60316528 24.8169214961 24.6048723244 25.5310729843 24.3909256118 24.9440571443 23.8682065268 24.5455802376 24.4607123077 24.3344504472 23.8201647359 23.7449413404 24.074799615 24.7245161246 23.8824498937 23.670612638
0 23.9792658903 24.3444024597 23.8308640163 25.2476421127 25.2299348703 25.4735148001 25.0831789747 25.3877384684 23.6532741776 25.4300293399 25.2838198063 23.9657162515 25.2927609265 25.0067324463 24.7201074041 24.0663617716 25.1768530475 23.6359702619 24.9739837491 24.3252159969 24.536328436 25.1843887269 24.9997327336 25.2907821011 25.0998130862 24.0505729628 25.3003411807 23.9231141754 25.0619225171 24.1862718643 24.6977393883 25.5896957151 24.0117400946 25.2043240849 23.668628932 25.3353381378 25.5276834064 24.3819927704 24.2395019419 24.3400663517 23.8533071051 24.2024969345 24.7730501689 23.5580200351 25.0312020512 23.7490865124 24.1588944332 24.5993715218 25.3928114887 23.7618014124 24.3896137471 24.8614190323
0 0 0 24.9269433185 25.0792316666 23.657901039 24.6410128587 24.3248185565 25.1590571361 24.0241129837 24.3949955033 24.4202915174 24.9892598537 24.1155238999 24.9935384895 25.2919833525 24.3496528852 23.5280882837 24.7257080026 24.4119883836 25.0198769183 25.0025371452 25.0211976535 24.4881892004 24.0118314054 25.4370882531 24.5087021023 23.8715806516 23.9827744315 23.7121333502 25.420741935 25.2369058134 25.3470928721 24.5922896898 25.1071008186 25.1095589369 25.0748762104 24.4938960495 24.7810070525 25.2785510733 25.0718304026 24.5704041399 24.9757134876 25.6071492918 24.9685462849 25.4785386065 24.9561954159 25.2036786113 23.628596549 24.9313884718 25.2736734167 24.8953784275 24.1509620672
0 0 0 0 0 0 25.3853667463 25.2192125774 24.5585683284 25.2648760319 24.9770790557 24.9887299928 24.4942256295 24.4449945333 23.8303889833 25.2874896626 24.5396133108 25.0314933231 25.2868688933 25.6151358108 24.7003923166 23.9731450921 25.2883326764 24.8999313947 24.9087774839 24.7198976691 25.2857500153 24.54895245 24.7700468924 23.6854401123 23.9174815807 23.7663187908 25.5500819722 23.9909750601 25.4254626554 24.1385352831 24.082876508 24.3345673547 24.7315933333 24.9468557945 24.2042877241 25.5410281675 25.2604550364 23.5840771058 25.4543674674 25.0118542155 25.1440544025 24.0760698947 24.4782020819 24.7118629252 24.4445973565 23.7656990335 24.034165292
0 0 0 0 0 0 0 0 0 23.548014748 23.5593374856 25.3262319518 23.5080299928 24.0524310397 24.3806203247 23.5920866656 24.2001481655 0 24.8162570881 23.6155726487 24.7429442647 25.0982136579 25.0529814355 25.3752792371 23.7143846486 24.0100964666 24.1269936005 23.5794362674 24.0829975403 23.9586280371 24.209862544 24.8052446827 25.0262638045 24.2960447917 23.784558665 24.8232452997 23.6994297691 24.4515355747 25.0576195838 24.8678229176 25.5708338467 24.8166714374 24.6830255014 25.4810491494 24.5575265032 23.5060297604 24.3131168064 24.3098377837 25.1119265669 24.1527867296 24.6370717979 24.7395694674 24.6645473574
0 0 0 0 0 0 0 0 0 0 0 23.8711795935 25.4809206915 24.1882168335 24.580845543 24.471155891 0 0 0 23.6772269266 24.6442763274 25.5746237174 23.9225436872 24.3876266956 24.017423979 24.2662330028 23.7299425073 24.0668990273 25.1858134037 24.5130059323 24.3440504462 23.5373928133 25.2045995967 24.7924407563 24.6382572417 23.9630970429 24.6781321119 24.8751258534 23.5297257723 23.8504931758 23.8939803549 23.6779412262 24.7766585111 24.8995789125 23.6993287037 25.4152702131 25.4153959354 24.5198951331 25.2110318928 23.7271427379 25.0243755469 23.7080911134 24.6637160147
0 0 0 0 0 0 0 0 0 0 0 0 19.8977830049 19.8977830049 65.9304345373 0 0 0 0 0 23.575004408 23.8880104423 24.4197698106 24.42163824 24.0199274797 23.6384486638 23.9635061752 24.7594235955 23.7323929941 24.5104264364 24.5649304782 23.8536943082 25.0288805476 25.038011819 25.4629589501 25.6179069333 25.4133519465 25.5716100848 25.5873437399 24.214922342 23.615765472 24.0346534153 24.0581868568 24.7596922739 24.9135524171 24.5195888297 25.3505291789 25.5183936743 24.5795496989 24.3357573726 23.7305688598 24.5418544703 24.0911904289
0 0 0 0 0 0 0 0 0 0 0 0 39.2396291116 37.4175324023 40.8515640729 0 0 0 0 0 23.7791272264 24.7822700236 24.2043947885 24.7361333538 23.6945454096 25.2773459356 23.6464941145 23.7139529171 24.7987642073 23.6859498812 24.7151092055 24.6394793109 25.2267045419 23.7887454613 24.8094106102 23.6298497189 23.7629806261 24.8276527476 25.5840185136 24.6300070844 23.7464990783 24.4968828848 24.160126226 23.515337355 25.2625536276 25.1994734859 25.1380440672 25.1665975755 23.8683554785 25.5240076064 24.0842000777 23.9893711938 24.8651143184
0 0 0 0 0 0 0 0 0 0 0 0 39.2587824271 37.3706453246 30.8531851473 0 0 0 0 0 0 23.9730282031 25.3266730585 25.5488584305 24.2956686769 25.003911246 24.5520523865 23.7427445677 23.7780594644 25.4304619003 25.3229518357 25.0883763026 23.5989328446 25.2338519365 24.7796803749 24.039912858 25.2913930922 24.2548644089 24.9620881471 24.2977960869 25.5080162852 24.1145616319 25.5800697314 23.7301438591 23.8429796538 24.7303614177 24.0456839137 24.322179362 24.5540775007 24.5970391068 25.2538032223 25.3447743771 24.5821193152
0 0 0 0 0 0 0 0 0 0 0 0 33.5139545872 39.7413643599 32.208156045 0 0 0 0 0 0 0 23.5214211318 24.5055138603 25.1029586394 25.0030466881 25.0138262443 24.6924795945 25.5848721011 23.8227834131 24.5906953396 24.0887535516 24.4175096611 25.0512367695 24.2023348696 24.5656682939 24.3984992471 25.3975053747 25.4203092063 24.1454893159 23.7815266513 23.9745828788 25.3004974273 23.8860091487 24.8559282863 24.8391209032 25.0380880596 23.8526451354 23.5971181194 24.9448476908 24.5722481996 24.0084589802 24.3399202885
0 0 0 0 0 0 0 0 0 0 0 0 0 0 0 0 0 0 0 0 0 0 0 25.0939423381 23.5409833922 24.9409985736 23.6316072707 24.6014203194 25.54396706 24.2774891362 25.5996235442 23.5411989673 25.4184516441 25.2847929299 24.8316252966 24.0836283038 24.1163249746 25.464455439 24.3394770763 24.2949206046 25.5035811119 24.7481340653 25.4855553263 24.1811985012 25.5492142232 23.689490522 24.1054777649 24.9698477536 24.7569334276 23.8016089057 24.8387367519 24.9696712818 25.3125992664
0 0 0 0 0 0 0 0 0 0 0 0 0 0 0 0 0 0 0 0 0 0 0 0 23.5037745999 23.7167595268 24.4788837147 24.8842295464 23.9609145827 24.7114408636 25.0903791556 24.4667858531 25.3901116924 25.0166122687 24.5192390167 24.3445432822 24.6344541939 23.5133180812 23.9206112951 24.0471205325 23.509456619 23.6762751507 24.1253225887 24.1820609268 23.6444849801 23.6311127061 24.6779888421 25.0952261934 24.5759424888 25.0800089014 25.3832138573 25.473594664 24.9004891334
0 0 0 0 0 0 0 0 0 0 0 0 0 0 0 0 0 0 0 0 0 0 0 0 0 0 0 0 0 0 24.6498194351 25.5278724514 24.9356407503 25.0130458181 25.0502660182 24.1354176948 23.948449817 24.7230008776 25.2443916197 24.8688901231 25.1959153115 24.6435293588 24.4150076052 24.9027806509 23.9388468347 24.5960912218 23.6249357328 24.7833123419 24.3516842234 25.0867150385 23.9135673661 24.6591561652 23.613243259
0 0 0 0 0 0 0 0 0 0 0 0 0 0 0 0 0 0 0 0 0 0 0 0 0 0 0 0 0 0 0 0 0 0 23.5609649775 23.8407198642 24.63961211 24.0467095023 25.2186005197 24.2273209336 24.6749479207 24.8756133017 25.4371608497 24.2623986166 24.6811395799 23.9730973094 24.6988951188 25.4692206695 24.5758934904 24.7426738797 23.540604953 24.683474908 25.14009195
0 0 0 0 0 0 0 0 0 0 0 0 0 0 0 0 0 0 0 0 0 0 0 0 0 0 0 0 0 0 0 0 0 0 0 24.7136476074 23.9246555779 24.5600207041 23.6280637566 24.4489147985 25.3489785177 23.9171306956 23.7378895136 25.2632132048 23.7679607859 24.955627979 24.0639379286 25.076295365 25.4982315802 23.7760374318 23.5314442886 24.2194762552 24.2898881966
0 0 0 0 0 0 0 0 0 0 0 0 0 0 0 0 0 0 0 0 0 0 0 0 0 0 0 0 0 0 0 0 0 0 0 0 23.592046644 23.5467524125 24.6055617866 23.8577828952 25.2741141413 25.1958924494 24.466631739 24.7259133813 25.5541259215 24.3483911047 24.164059259 24.3767192267 24.1173064854 25.5914020863 24.8716283937 24.3413406345 25.5352415608
0 0 0 0 0 0 0 0 0 0 0 0 0 0 0 0 0 0 0 0 0 0 0 0 0 0 0 0 0 0 0 0 0 0 0 0 0 24.3270712011 24.157957247 24.9274690935 25.155132454 24.7942490211 24.0119679481 24.9736831702 24.2845965405 23.789274076 24.0009995953 24.2200216577 24.2296845 24.7050552208 25.5777845923 24.3022328359 24.7400532461
0 0 0 0 0 0 0 0 0 0 0 0 0 0 0 0 0 0 0 0 0 0 0 0 0 0 0 0 0 0 0 0 0 0 0 0 0 0 24.7663168285 24.1009764067 24.6955920883 23.9527675104 24.2615397934 25.0633583955 25.0021595798 23.7033521756 24.4879555372 24.0133677044 25.5331193824 23.9387043075 24.8699245953 24.8832832957 24.9506672793
0 0 0 0 0 0 0 0 0 0 0 0 0 0 0 0 0 0 0 0 0 0 0 0 0 0 0 0 0 0 0 0 0 0 0 0 0 0 0 24.0999514933 25.4517714071 25.5580881773 24.4138057103 23.8294055735 25.5132537751 23.6989002691 25.565283701 24.0431706513 24.5729757567 24.7515133588 25.3598503567 23.5460510579 25.4803376514
0 0 0 0 0 0 0 0 0 0 0 0 0 0 0 0 0 0 0 0 0 0 0 0 0 0 0 0 0 0 0 0 0 0 0 0 0 0 0 0 23.6061109963 24.3370297127 24.3353512612 23.6741093413 25.3796173034 23.9656024726 24.0056451273 25.4589423173 24.9516735331 23.6738730767 24.2483388984 24.5157920638 24.7865516238
0 0 0 0 0 0 0 0 0 0 0 0 0 0 0 0 0 0 0 0 0 0 0 0 0 0 0 0 0 0 0 0 0 0 0 0 0 0 0 0 0 25.1039367914 25.0233090159 23.9980314196 24.3858923995 23.7885770015 24.5676048409 25.1850549412 23.5093263954 24.6930284496 25.290531486 23.886965452 25.5988810235
0 0 0 0 0 0 0 0 0 0 0 0 0 0 0 0 0 0 0 0 0 0 0 0 0 0 0 0 0 0 0 0 0 0 0 0 0 0 0 0 0 0 25.0556362264 25.5234867226 23.8140357458 25.2849475294 24.4830321013 24.3272568647 23.8215086973 25.3117901506 24.3112946986 25.5978762686 24.1561483639
