Spatial_Output/90% DEC/90DEC_0603.asc
NCOLS 155
NROWS 192
XLLCORNER 196769.923733
YLLCORNER 449719.875193
CELLSIZE 27.603701
NODATA_VALUE NaN
[rows 69 to 91 of 192, columns 53 to 105 of 155]
29.2788462089 24.5896354263 26.719468981 25.9211887447 27.6406005338 26.386592698 28.5742435083 28.7288639081 27.40454161 26.312732092 26.0753535329 28.082653982 26.8994986841 26.4367788335 27.6095639364 28.4545916823 28.9450248901 28.4744823833 25.0709230672 27.4424295591 24.7703308313 27.8741541085 25.0978939199 26.5662474979 27.6151334717 26.4805799845 29.2215068947 26.7011190401 25.381849353 26.921287842 28.3725942636 29.1046029529 27.024631739 25.8878688974 27.6714652543 24.9472579218 24.7799017607 24.6300044386 28.6460079402 28.6625757801 26.1952254491 27.9406799196 28.8683057514 25.9715450212 24.9363242588 29.0870600539 28.7676530206 29.1787840229 26.6777406239 26.5763634241 25.3723609147 27.6848131916 24.7305424515
25.6831645551 27.0163660045 25.2663104683 26.3698358319 28.3603055438 24.5434463491 27.6314395051 27.8946590574 27.4494230763 24.8220489854 28.0647091408 24.9740392446 26.7124842295 28.9532735064 26.7901467963 26.740407076 27.743655843 27.0232874015 27.8988725596 27.5830622268 27.046546734 28.9087975234 25.2418599349 27.7350520394 25.0494474812 25.0305197882 29.0296907177 24.667702355 25.7375554771 28.9703695669 28.2477358727 24.8464131572 26.8761489879 26.1777065262 26.1680732653 28.4492906581 25.8145252299 27.0072359623 28.1775049627 24.9667251528 28.3168802143 28.1568072206 26.5748474298 25.6091866847 26.7048417136 29.3523996689 27.6587957282 27.9234278484 27.4896359489 26.2896596818 24.6733615728 24.8476845612 28.5859028261
25.7449616131 28.9250572951 26.6622353233 27.1287230462 25.7502899793 26.8956173431 27.5475836629 27.1456982811 28.2863672647 29.3957159785 25.7991888722 28.108600016 25.2320606058 29.0086623043 24.8790138374 27.594592378 25.7189120331 26.3866072042 28.07078392 29.1075902074 28.6272753792 25.1467749122 28.6786350838 27.21369 28.0813186082 28.9661725085 25.0213118886 25.960048926 26.4733094277 27.4802923425 28.3276039172 29.2003016375 29.1412485359 25.5280257152 27.6063057868 25.5662582291 25.8945240773 27.5989218235 27.5679609056 27.1224765714 25.6923913053 28.2434496282 27.402265283 25.601628639 28.567525123 28.5617088151 29.4061306967 26.1618095081 27.1948284488 27.7393766272 25.5704444556 28.9417137587 25.8061289423
27.1158688255 26.5805711311 28.6789971728 26.8154240985 25.5707335761 28.959975996 26.3661172074 25.7959318702 27.8236117861 25.8920335817 25.6293031903 24.7467992707 29.2308194831 29.3121875589 25.4164024817 25.6184113269 28.0340458497 26.4937512378 26.2585652451 27.514545827 25.7029135601 28.5146213106 24.5969065861 24.8960759838 25.1228551689 26.1595121475 28.973904687 27.7823109989 26.1815776561 28.5529545144 27.4221308993 26.9196067221 27.0657476068 27.4021230602 26.9207563069 27.186424745 29.3026310507 24.9932680775 28.7368253986 29.3062565003 27.5667071393 26.6001914404 27.607639045 24.9823879472 27.1773350248 28.0705408476 29.1022548697 28.6607330091 27.1335997245 27.9404478853 27.2562482937 24.5843590794 26.0911562084
28.921004673 27.6896473184 25.8627020727 26.658589981 26.1855776655 28.9005008933 26.9539974998 25.1151190165 28.3996985325 28.2962821928 25.0155777181 24.9567799305 28.1797953281 25.1294634212 24.9184899281 28.0050662676 20.1047987972 29.2894381938 26.5332485381 25.5709079539 28.6944463493 26.7547919436 27.4127348456 27.7862427714 25.4788747017 27.0143057234 28.8908653074 25.5883713416 25.0255745849 28.8628721498 26.4832621419 24.8692997644 26.9595375068 24.5912797395 29.1927902017 28.063882038 25.1221768177 28.9380327187 27.8456625757 25.9366658044 25.1498994939 27.1908855299 29.1571299225 27.4233389049 27.47613203 28.8659124749 25.9236880842 28.1438888322 28.6360166125 25.145822051 27.1207312516 28.1270097915 26.9090491268
25.81706185 26.7758647785 24.8933986318 27.9807820058 27.6489034554 28.4418388508 27.9817676818 28.4158527272 24.9366340679 26.5535616544 25.9737602028 29.4466633099 25.2326505111 24.6878641751 29.1295584649 26.1875295246 20.1047987972 26.6909529181 29.0064060816 28.1121916394 25.5514063295 27.4234002201 29.4360654938 25.3954886531 25.1081231002 27.9229353319 27.9208890931 26.5481364374 26.23045612 27.128212771 26.9557336639 25.0906794069 28.515601521 26.0707223132 27.8388911877 25.7053096744 24.925098739 26.794145459 27.4295272115 27.5197988872 27.7940806458 25.0511616511 27.3907923318 28.7362711582 24.6792839333 26.8545386668 28.868112138 28.4264529304 27.5277547658 26.5741626446 27.5374085734 26.7772654608 25.1626040131
26.7858821101 26.0180970831 24.6697186102 25.1475084981 24.5060562351 28.6332478394 25.4243592448 25.9905337475 27.7936012652 25.9859926474 25.8459623728 27.0357984432 26.290340129 26.9105267965 27.3003889568 28.9031483158 27.5828603844 24.8437470069 25.1216282964 28.6084846531 28.8925272378 28.2358572634 27.5013064783 26.7559812527 27.7409998935 27.3800288162 24.9875404059 24.6460159128 28.3799067298 27.6360717912 27.9890305101 24.628637701 24.6229509237 26.9048063986 27.4299113858 29.0022327038 26.0402600045 25.6052290441 27.5544112815 24.9138332757 28.6969831764 26.5380257153 26.3106470864 29.4345258964 29.1575677718 27.9933201855 29.3903707087 29.3765365601 29.3818479136 24.5306826216 26.27508583 25.6975820998 24.8053836137
25.1100561159 25.4697909791 25.0612702223 25.6656946362 25.3592810128 25.5174684328 24.6529509894 28.7303379014 26.780824106 28.657263508 25.7350836545 28.5135679067 25.2818986813 25.4162368399 26.2287648235 27.3715652291 27.205287032 25.1479152083 25.0570088002 27.2131855959 25.4709433998 29.2418743237 26.9310863467 25.522201818 25.8839549383 28.8786741473 25.3960953779 29.4421793566 25.9147653001 29.3324026287 27.3347840161 24.582824159 28.4815940162 25.5511438867 26.6496961676 28.3473559818 25.3185385126 25.8351956568 28.3886598782 25.0193017577 25.9039094741 29.2592983995 26.2102233271 27.2928729664 26.6677252172 28.7811493686 27.0092137761 25.9649762673 29.1098422751 29.4190647082 26.958361482 24.8463832706 27.1238516326
28.5597430057 27.3620929269 28.3590056247 25.213635319 29.3593412204 27.5966646881 29.0084675147 25.6689223601 27.7177447098 26.7014487206 27.8927883302 26.0240670873 26.5205455788 24.660348742 28.2777036846 25.9847383924 28.1920555168 28.6641832482 26.627831806 24.7590861273 25.1336800035 25.7636959387 25.992038936 28.4208388654 24.6192684493 26.008535108 25.8078478468 25.7992510895 28.9873053362 26.7664414919 25.1521154424 29.1497570678 27.3713628677 26.7705513912 27.9556842821 28.3039008585 29.0236717318 26.5534031265 27.5849438853 29.4038252761 28.6462596493 28.1034570511 25.4524144998 26.1570966496 24.9648689976 28.6769104508 28.1214515046 27.6086328069 25.2179723388 27.4925593188 25.7045535301 27.2439432235 25.3920652952
28.3123245304 25.6455798334 28.9396122687 28.521634302 27.8622307607 25.3782814996 27.0890225993 29.0491146236 29.374326606 24.7222476136 25.4427218343 24.886342416 28.8966531027 27.0574367152 29.3355210851 27.2277925421 25.0974230804 27.9468746556 28.3287890564 24.8975876344 27.7448719304 43.1095062415 43.1095062415 26.2562561922 27.936050478 25.2907028882 27.7447943202 24.7787823397 28.874310057 28.0886134156 25.0425127312 25.2916678733 29.1736809422 29.265701695 28.5155500355 24.7973185359 27.1612669974 27.1776315863 26.5456137915 27.4914702421 29.1327578012 27.7776775161 27.7987046227 28.2407972425 26.9359147367 28.4390749118 25.9832071395 27.0896221551 27.2907010643 26.2625443026 26.9593369479 25.0307982753 25.8281939931
27.592139408 28.5615285851 27.7141246446 28.9619730028 25.1102471819 28.0403603847 28.6155188461 26.2134894682 29.3241528518 27.1091143107 24.9165403028 25.9022586376 29.3635296179 26.7123827819 25.0114935281 26.9224069433 27.693926615 26.1588921469 28.4438391253 25.0038916873 43.1095062415 43.1095062415 43.1095062415 25.8925598982 25.1226342528 28.2157156321 26.3393598077 24.5157399559 25.4963755635 25.2932068089 28.8611399982 26.1699274276 24.889845452 27.1992433971 24.804919039 28.6863526501 28.7517683373 27.8419124921 24.9597235648 25.3007161214 27.7037011999 25.9478160463 26.2454005665 29.285020269 24.7205802858 26.5254008014 25.4866669185 25.5591624495 25.6227190193 27.8249952372 25.6685912897 29.4118539137 26.9021249149
27.6028921319 26.5779375373 27.8452158862 24.8027558809 25.2434224366 26.3198549502 27.645307173 25.1964725539 29.2960123891 27.579586156 26.5690535613 25.6134786703 25.416783725 29.1560456739 28.1623301516 26.3254919673 29.2065771373 28.5547503257 27.3655466578 26.610329578 27.107299267 46.9069456948 43.1095062415 25.4809257558 27.0134010824 28.3244042152 25.9546462315 29.3798340367 28.2156123734 27.8710748907 27.8508521588 28.7314356113 25.6561431422 29.2695089024 28.376498442 29.26461236 28.4632003554 25.8236529844 28.0299815551 26.0176287633 24.5572155664 27.5398198982 27.9448959269 28.3193880116 27.5285031817 26.3144144813 27.7567671606 25.8897411112 25.207827395 26.6194695532 28.3172969084 26.1771141407 26.9583970101
25.5393419842 28.9369943663 26.737578463 26.663954554 27.0277268985 28.6843458606 24.542880187 25.4796766645 25.2990783767 26.0394938993 26.3741185061 25.1328765238 27.7144556663 28.3309559466 24.7500560843 25.8317340231 26.2662367943 27.7222419555 27.6656568417 26.6867650493 27.0478323754 46.9069456948 46.9069456948 26.2316922643 27.613507976 27.4084226371 27.9499062749 28.682140034 25.6640920625 24.8488192872 27.7650910585 26.7710426676 26.4726168413 29.0794232704 26.7788739725 26.4176124292 27.1270214332 28.8616819671 25.8021224264 24.5441632948 26.0199746276 27.6503574813 28.2441449114 26.091412386 26.4225958032 27.2837867152 25.1108861611 25.0458853216 25.8557633603 26.8945256014 24.6055506971 25.4137809001 26.1607479119
28.9789379829 28.0221078967 28.9105055171 24.6775356338 25.3315199302 25.2969848093 27.756704036 25.0215954295 25.5762742126 28.6742572453 24.5774445404 27.2511538796 27.7788271745 25.7670863086 26.7096315419 24.8419238231 28.3691410417 28.8560504358 26.2110143787 27.410901598 29.1908198446 25.0402706037 25.3686258836 27.2169050367 25.8007753597 28.4209386242 25.3002664474 28.916589229 25.0243984107 24.6484357443 28.9899004607 27.2567330978 25.763755522 26.5641567749 26.7653313424 25.7046425389 27.3796372603 29.2843294174 26.1608814849 27.6599228019 26.2267501122 24.7840195821 27.9398317611 26.0433411992 27.657471508 25.7535410125 25.1174975866 25.4054816489 27.9926951162 25.0496256709 25.9414271992 28.9450980794 24.9026847681
28.4617038617 24.9276069372 26.9598884375 28.6227162719 29.2609901103 28.9637574604 27.0404683523 25.2195420464 29.3449125813 24.9128956309 26.5000307729 27.3134513994 28.4166836646 27.824182086 26.0326460898 25.0773206124 25.2178154594 25.8053397392 27.0709093946 27.172821549 25.3797555204 25.3766884629 29.2213679886 79.2625839192 27.5455633798 25.0740637377 27.3921659577 26.911862701 29.4045584456 24.957426357 25.0787824283 25.5169837653 25.7224738898 27.872642276 29.2685461154 28.4301787423 24.7544687849 27.2613206274 25.7702204182 27.8021111583 26.9066045022 25.7051155422 26.2603709497 27.445712495 25.4094009133 25.505764878 25.6388648311 28.3050824073 28.7200242959 25.3570421757 25.6516487545 28.740911008 27.9801038811
25.1786140531 26.1605502664 29.2118456247 26.141011346 26.6450261664 26.5796543451 28.92079274 28.7838924557 25.0552583874 18.8404327382 27.0571693818 27.2223769892 27.9863887211 29.147094625 24.5440885506 25.8343979615 26.1516935081 28.2174315427 25.9191548986 29.1973552213 27.7338479095 27.2416935183 24.7228671279 79.2625839192 79.2625839192 27.0665563822 27.863327974 27.4982853559 24.8845401083 25.206700893 28.4662135401 27.5046209386 26.7147258615 28.2429476851 25.0430239028 27.8296330659 24.9162057842 25.8990770753 27.4958080605 28.268709443 27.8612635571 26.0985276053 28.8277718934 26.8042042289 25.9842030979 25.7754533125 26.4412057952 24.548231973 24.500780248 27.5061759246 25.1051113797 28.554212388 28.6142157531
26.2978806352 25.890433186 26.5768407069 26.1849258349 26.9445422026 26.7847062808 25.0418855905 24.8360221324 18.8404327382 25.5988930244 24.7868464724 29.4373200884 28.2929584431 27.2467558249 25.7411043131 28.7089789772 26.4307087194 27.6536849911 26.8173820652 28.6790869165 27.5544400871 28.834412945 25.2512020958 27.249145184 28.7368493147 25.6094689748 27.1186138406 26.1934361739 29.2914261152 24.585155636 27.7845518293 28.3204337142 25.2859737213 27.6374104994 27.2560217686 28.0693127393 29.1965850354 26.8107708056 28.989441101 26.5332190695 24.7821447099 25.4618070287 27.6888274806 28.685003981 29.1162934637 27.9989523506 24.5164536154 24.5135752493 26.0594519354 27.7959324745 27.2078593955 26.9632647596 26.5915159578
26.7480177119 26.6693052095 26.6831188018 26.766187663 25.5248442089 27.028999406 27.6673306602 25.737680834 18.2359498284 27.6542030537 18.2359498284 26.5225678954 26.3953916519 28.5390723389 28.6866894618 25.4571850594 27.2395327514 26.3006118194 25.3233756824 27.4417349867 27.8541605689 26.1265942427 27.0365869448 27.9877095813 26.8097688624 24.6507612029 26.5309343711 24.5898083931 29.3870521048 26.4488703017 29.4303845722 25.8245119301 28.6492465493 28.4492933784 28.0410180414 26.5056947105 29.4231452847 25.6717083838 27.0897236273 28.7619756717 27.8315954842 28.5652193672 28.3575489243 28.1767486906 26.7845338077 25.0369488153 27.3625481605 28.719056389 24.6573837016 29.2055107474 27.1425725772 28.1175592893 28.0561699303
24.7481360197 25.0465337862 25.5707213745 28.9566174451 24.7703458427 24.9245115092 26.6481018801 25.7158329069 24.5555187752 20.366766933 24.9172239491 27.5456026548 25.0904668615 26.1629623241 25.6480337074 28.0934295489 27.5511106822 26.6962836553 28.7389454279 28.471644339 28.9814201803 28.2563189686 27.3177282584 25.7479552161 26.5476315826 27.7114754115 27.3421746326 28.6546478484 24.9560178872 24.7994113007 25.7007102742 28.5552717404 28.8057301313 27.9177010191 28.6598433909 28.6701193867 27.9491238393 24.8417433642 28.4197511784 25.1292908725 26.462649228 25.482012169 24.8259785285 24.6943657047 25.5305171058 28.2979860329 25.1086542645 29.1975766779 28.5247959472 25.8736080718 27.4836708877 24.6685538889 27.4316697899
27.965628745 27.6845106845 26.8292964324 24.6101376581 27.9249723527 27.1378598234 25.9258840897 29.003663748 20.366766933 20.366766933 20.366766933 27.8598244422 29.3148074596 27.6019467798 29.2760177562 25.3840971822 27.1361066272 28.496004757 28.9013340412 27.6359509991 29.1341797387 29.0908047219 26.4023983638 24.975130824 28.6026172037 25.4651663656 27.4408019817 24.924462875 29.4271487328 25.6734240311 28.5986603855 24.6321785966 29.33196811 26.0879512437 28.2186559699 26.1425700993 26.344607333 25.2474772609 29.2267946198 28.293010473 25.1639341116 27.3206748869 27.8777780179 27.4747675229 25.121616892 27.6550007345 25.4401894589 27.5214699753 25.7623201257 27.9209482265 29.0956991044 25.5572467702 26.6441275819
26.7051807542 25.0800809894 26.1960399783 26.7819467613 28.295302326 26.4549157685 26.7556956882 26.380670514 28.623101989 29.4125369765 26.5005443463 26.7938393278 27.8438361038 25.9315535864 28.3962449199 26.7904845436 27.3604977571 28.0181693805 29.0943727105 27.0465718882 24.7885305118 29.3223802736 28.7794514466 28.2037350641 28.2077327893 26.3644755911 28.4421240339 27.3533746768 26.3004515779 25.7565619758 24.6025407925 25.2988946481 28.4370215194 25.5554170727 27.7190720077 28.6205234085 26.9754925905 46.6349213344 26.4725449475 28.7944457074 26.5873596912 26.4344385061 28.5108171179 24.9665704432 26.0006368489 29.2955471817 27.5897574247 27.4813551294 28.5619756698 24.5670720457 25.0711850888 25.4262572888 29.258664896
25.6447624745 27.5576525534 28.423389357 26.4758990189 26.0037469621 27.2907502605 28.9000501476 28.1444726661 26.5194854707 28.1544210632 26.3821522481 25.968926679 26.0260956564 25.7692428796 28.5804380378 27.4618041567 28.1382044519 29.1423597489 29.0991987994 26.0461401154 29.1932790428 28.3258375151 28.6772187443 25.9428869453 27.8161618943 25.9126495709 28.2402861282 27.5271769703 27.5851384261 26.7545500755 27.9836268553 26.7998538422 24.9101412829 27.1177806388 28.7031331307 29.3394775676 46.6349213344 46.6349213344 46.6349213344 28.8570987146 25.3530705288 26.01525177 28.6639945216 27.4413452315 26.1398394955 25.838221966 24.8726895357 25.406272712 25.0641623978 24.5434243015 24.9239357288 26.2046930266 28.5678663464
25.5854579203 29.3604803706 29.0931622381 24.8327489269 29.3334070502 28.6144495978 26.493488763 28.7634631834 27.7907790184 27.0838813911 27.2284360296 26.0047164739 27.0208035056 24.913142446 28.6393247965 25.9608135734 28.1266859598 26.6590390864 24.8850762577 24.792676754 24.6111667973 28.9790752687 27.5742058549 27.8101020768 28.1466124471 24.7273316509 25.690225369 27.9137533755 27.1764678062 27.4631705964 25.0991708319 26.6162875444 28.884537822 26.6496341868 24.7304404651 29.4188596548 46.6349213344 46.6349213344 76.1491045243 25.5218785203 29.0177202811 29.3575612527 28.4639063378 28.8763442321 25.942458372 29.3568822059 25.5070441941 27.1012285643 27.9215426936 28.0141883192 26.8103153664 26.249272217 26.076921365
