Spatial_Output/90% DEC/90DEC_0645.asc
NCOLS 155
NROWS 192
XLLCORNER 196769.923733
YLLCORNER 449719.875193
CELLSIZE 27.603701
NODATA_VALUE NaN
[rows 23 to 45 of 192, columns 0 to 52 of 155]
0 25.5995712441 29.0179751756 25.484570686 28.4999788335 27.8393417255 24.9855773164 28.7929752819 27.7848697083 26.1302565286 26.2130852067 25.2558959641 28.8837830344 27.0542779067 28.4748949832 27.7444213362 28.1072043914 25.9881336693 29.2030073267 25.5886409415 28.3353746332 29.2097757732 27.4386782373 28.9607800429 26.034053528 29.2599817423 27.329335716 29.0952398394 25.2095959963 26.2346912186 29.1154982434 25.6494496897 28.8034822254 26.9435703953 26.6565829615 24.8423607098 28.8082387642 24.5393341776 27.5580790831 24.8743866885 25.6928635293 25.0988387988 26.2046892255 27.6750616272 28.4817112754 28.8393877744 27.9532714186 27.274760582 29.1225658846 29.0473012096 27.9633562917 25.4081180682 27.0380838877
27.4466069416 26.7297773191 26.3164233878 25.7922757991 27.1350990273 24.6394213794 28.1538751452 26.2180872577 26.6596175685 27.0123449501 29.0637647262 28.0979411186 25.8712736937 24.9713443658 28.7041631575 29.2003448319 25.4066866411 28.92688005 26.8865787693 26.203473073 27.0007780273 26.1604374982 25.3190599886 25.3275313023 28.4801976825 25.9293734725 25.0174680532 27.154706769 25.6299617621 25.2258672465 28.9101156055 27.6985251814 28.8391678888 26.6300004971 26.3971544015 26.5932674291 28.8319576288 26.6687929834 26.5158852859 25.4335970379 25.8464426797 27.1673093364 26.8936253519 26.2449909917 26.5786847664 28.4595420776 25.1969124479 27.0062011353 26.5450792001 28.1138817062 27.392724092 28.5615406116 24.8623385786
28.0899030632 24.500165809 28.3350518773 26.029553025 24.5887793351 28.8157284121 25.1125662426 26.9589984116 26.8637294405 27.32233063 25.7665548626 25.8017418667 25.3046656402 29.2850668698 25.7446143061 25.8717151975 27.4852006625 80.4218405379 80.4218405379 80.4218405379 26.2794840424 28.5506875517 26.2199639524 28.2036920588 24.7335825066 26.0211237576 26.6570602551 25.2424514843 24.9455596338 28.4157766354 26.0451264523 28.1941782759 27.1535037786 28.1264527429 29.1860794634 27.5139164989 27.0192737584 27.237974918 29.2198720864 29.2151105156 27.7826308459 26.178153993 26.0593094174 25.7425107926 28.1707742355 26.4133616087 25.5525256308 28.6462293543 26.0467464984 25.8887547538 28.9021099256 25.2517988666 29.0299698417
27.0827820181 25.3601501902 27.8665907454 27.616919462 28.7642419423 27.1089386608 25.6139222354 24.8475443701 28.4183634249 27.4074239698 27.6510054369 26.7834210705 28.3954227248 26.8784113485 27.4955467848 27.435244731 25.1113140443 80.4218405379 80.4218405379 26.4629244831 29.057501073 27.9206282246 27.704938838 24.8580645792 28.2255746957 25.6312060177 27.5227508737 26.2843919895 28.4133642744 26.9576104267 27.5501111537 28.5542446128 28.9950769046 25.3416057289 26.9012249401 28.5367514065 25.6699637554 26.8295553609 24.5593876849 27.7233854066 24.5909994397 24.859011697 26.5182042045 26.1563360139 24.8130877357 27.9768011898 29.122951334 29.2816671355 27.8989279576 27.164630725 29.0033930703 28.9724086577 24.7693804596
26.2639629285 25.8269073126 25.5338740434 25.5140931994 27.00797246 26.7187762761 27.8165560126 28.6287685221 25.5192765272 27.9726753979 26.2740455615 27.0119872306 28.4714312494 26.9820957424 25.7169582427 25.3752185256 26.9869064325 24.9614292231 50.3703082955 50.3703082955 50.3703082955 28.3580597834 27.5382410384 25.1166186429 28.2980751409 26.5619657419 25.0270622327 26.9771216861 27.225339151 27.1307560779 24.7559037376 26.4575109746 25.8870329922 28.473116149 28.3658970152 28.2026107044 28.5919482569 26.2243641189 24.5872491561 27.534033926 25.5216232444 27.6796187788 27.1947487622 25.3491498298 26.0831008361 27.3777116353 27.4767398218 28.1482487538 24.759428476 26.3841103156 28.4977205286 27.3341498012 29.1692008477
27.3996214375 25.3770046733 24.7531701758 25.121259038 25.108422029 27.4925397364 26.4032864362 25.6576040943 25.6644283705 24.5578963122 27.0304615135 25.0397432191 26.2132559208 28.8870811322 29.2192476136 25.4281987497 25.6504534347 25.9823070866 50.3703082955 50.3703082955 24.7742406398 25.9314172294 28.6855465025 25.7252078545 26.4764480329 26.8765386163 24.9532881371 24.8896605039 26.865724118 26.7907302869 28.1388547631 29.1460042482 28.3578855383 26.6898506837 25.1157532128 24.7895451501 27.2164502721 28.986725764 29.1665746711 27.3685903855 28.1977549832 26.0176879239 27.2013711305 26.3881472645 28.5416705548 26.1621165139 27.8571088631 29.2785961193 27.093722676 25.2304641804 27.0423692112 27.422037045 26.7429771446
26.7388635721 28.6972399643 24.6792987471 26.0324463039 26.713949963 29.3352353389 28.6731982124 28.6042893241 25.4732414387 27.2807095365 27.6154396987 29.0619636135 26.1634811898 28.9809504145 25.5238678343 26.4285088309 27.2373554807 25.5057179384 61.488181385 57.5198751321 61.488181385 25.3375932667 25.7459408177 29.3603891252 27.9030911934 27.8787658397 25.6549139936 28.4523802069 27.7415113882 27.1030329811 29.176719612 24.7694256801 25.0474276798 25.6455387386 26.6213268151 25.0450364705 27.0872837532 24.9004955777 26.9996794151 26.9992845478 29.0343273464 25.3312398456 24.772689595 28.4052470297 25.7177365897 28.6571056137 29.09257629 25.6237621583 25.239595325 28.0721538342 28.7153816661 24.9151639058 29.1424913698
24.8061803156 26.0016507566 28.74200949 27.2907631063 27.2079464609 27.0778661519 25.2505730736 24.6552400045 28.2632376239 24.7347649086 27.1130350574 27.557238303 29.0837349264 24.6687758875 28.309393582 27.8698664586 28.1964326522 26.0748731712 26.0408205054 61.488181385 27.3553219864 25.9031842811 28.673304242 25.6667144575 27.5315071108 28.4329233353 26.5202896298 24.6327432778 25.0082085298 28.3384853965 26.7029726409 27.6666155549 27.4730100627 28.332392684 28.7371432491 27.099591888 24.7255408541 25.8953335448 28.1068384687 28.0566972441 25.0821824874 27.2731237128 25.0931804633 26.7999518492 28.8384858241 28.6970082027 29.1886719313 29.2856096738 29.0526266442 24.5763745633 25.1660955746 27.5079137289 27.5383191815
29.3965355672 25.5065042929 29.0098736853 27.0851011925 28.8869022369 27.7781279518 25.682511716 26.7266775011 24.9956775353 24.6576379107 27.9640988597 26.1124666206 28.42377354 29.2679876218 29.2977567038 25.221492307 29.0515140421 28.4583851266 26.3519955293 25.176412896 28.32912222 25.0950695323 26.2321145684 28.4241493634 28.1906875635 24.818971271 25.0725267866 28.2703807746 28.2358498331 24.6588042802 24.6423867103 25.090259155 25.6814145137 29.3056663011 28.8576958044 27.8206146158 25.390954685 24.8517027018 24.5480560026 27.0564203153 29.3385950453 25.1958187107 29.1223642589 24.5379661123 26.7363705991 29.1075235919 28.0082887892 27.8601375484 24.6461356721 28.4801335345 26.7820648683 25.6890963554 25.2354230038
26.1490040508 24.5842005746 28.587758574 28.0532033742 24.9523625776 28.7731811755 25.1996942526 27.9058966208 28.8220160875 25.305918951 28.3341042623 25.4437821296 28.912767609 28.0400535327 25.8755586942 26.5165934057 28.8003662598 24.7112848849 27.540727301 61.69359694 26.583198895 25.1749625007 26.3593822566 24.7676460803 25.2168169509 26.530159537 28.5442332299 25.9344093904 27.1873763457 26.4860177136 28.0263843126 28.2712273318 26.6880243224 25.2788870271 29.1236409692 25.3126721371 27.4768925334 26.8165870939 24.6943022581 25.5355268494 27.3862387934 27.5483441798 28.8990796747 25.8303700059 26.1000965218 29.3918865968 26.2931504258 25.551954138 24.9631047512 26.3903896877 25.5817455212 24.522969997 26.5329201703
25.5222086437 26.8996754797 27.6690107251 28.8846014676 27.6858568912 27.3742411221 28.1900974177 27.4672006998 27.3355763326 25.4781364653 29.2461244958 27.1753903119 28.0727512614 24.9571194202 26.5260545813 28.540022899 28.9084816268 25.9878884891 27.5335433298 26.4402933917 26.7338169596 25.3576607262 24.5308473908 26.8175967816 28.6645867261 27.2315878426 28.0799857056 28.6344058476 28.0350816758 26.2147626304 25.0145668699 26.6443365261 26.0298064815 26.9144159219 27.091914462 26.5792031374 25.8545093889 25.7520439667 26.5882760054 26.0033335223 25.9017325883 28.896294707 26.9835568081 27.2741429365 25.8847810086 24.9156100609 28.5287366211 26.7709814434 27.8823248277 28.1761267698 28.2516128918 27.7583969196 27.2399294943
27.2494320803 24.7188234738 26.2746086795 27.3528746973 28.9540878761 28.8285324326 25.6096023212 27.5801341675 26.8496422034 27.8091853362 27.6926182867 26.9420156687 27.0637108813 29.4103439809 26.1628583866 28.7114875628 24.7319572033 25.5532611092 27.9650714683 24.8956134637 25.886538272 24.8276568718 25.0869842148 27.1831237948 27.0600606278 25.3509938693 27.7187607053 27.6095972706 27.2338302953 24.5873210638 26.7232596691 29.1862893404 28.469900048 27.2330681896 29.2681762131 27.3759029118 24.8866321977 26.4885953572 24.759224296 28.1448365822 25.189639061 28.6938476547 26.2470450072 29.2650604846 26.5322965404 29.0983751029 24.9778057767 25.5801328737 25.2318028474 29.2093465727 29.2030289781 27.2897552218 24.8092457116
27.1176217979 25.1395648708 25.7442497278 28.0953166758 27.1509854727 24.9517525744 24.8989243619 28.4399312393 26.2186539392 28.4649190428 27.8715932554 26.4440357597 25.0626785239 29.2502347363 26.7196865034 24.7812367102 27.1671525169 27.715898545 24.6160614354 26.5772329799 26.1003480338 29.327265449 28.2909992917 29.186855191 29.0063973496 28.2691096776 26.578726237 26.3320644545 28.7188877283 25.1675598929 25.1019558617 27.582431503 28.0927619542 25.8533175696 26.6099781079 28.0408903556 25.7808629145 26.7957806342 25.2867760334 28.6645435855 27.4902135573 27.2864460511 25.79251897 28.1549773903 28.304155276 25.213163358 27.4254784973 27.1746864794 24.5067322806 28.2864079046 25.5713418363 26.2490203897 26.7902010644
27.8044178473 25.7537918531 28.4013596061 27.572482598 28.6018429898 28.0965838363 27.0341740344 26.7382346189 26.9431835355 26.1432377252 24.7307637965 28.6111514727 25.002695719 25.8837548013 27.8806257007 28.7220757153 24.8268331069 26.6548996885 27.5246790347 27.3460833321 28.0110986896 27.8897844446 25.9461407392 27.0677375988 28.0625660449 27.1949065908 28.4359603933 26.5468547912 26.0199149046 28.8525710536 27.5463984098 26.6348171449 26.4667009995 26.5342005477 29.4447263997 26.6627234715 26.2010679623 29.3866466757 25.2330573972 27.428908097 25.697946692 29.0109383907 26.8260798593 24.7853388958 27.2813173663 27.0092790399 28.5693844153 26.4497950558 28.0552024351 24.7373162764 26.7597940923 28.3942401155 27.9706775103
25.4978703343 25.2302201378 24.5489195839 25.6177216166 28.5368342077 25.2504141378 24.988859399 28.856646813 25.5097446716 29.18664418 24.5242697283 28.1888592277 29.3790409933 26.6882594821 26.0587962955 24.6497038891 25.505596653 27.7246602029 25.9434798716 25.8219236417 27.0886112424 24.5699713449 28.1996570582 27.8765077591 29.4341006289 28.3445254378 28.3996341009 25.302506842 27.9982032983 26.2052461114 27.5032584903 26.1954550769 24.5823644628 25.5096258375 27.0453867765 26.1472298389 28.0739633546 28.1183264707 26.0221849674 29.3575408133 28.2018214227 24.8210337332 24.7589421613 28.8925510687 24.5868699286 29.4099277763 25.4740054885 29.3023193852 28.6291589046 27.8321157489 27.270052391 26.9772599623 25.0542008896
25.9970121382 25.9759171764 25.0123177103 26.2396749107 27.2652308759 25.7053590655 25.0638978972 27.3968758741 28.8579857836 28.2623035984 24.6640468354 25.9658209275 26.1108402713 28.2536960259 27.5778101577 27.8006847436 24.5666385058 25.372328644 27.4605978566 26.9654757992 26.4154257609 28.6487245911 25.8987312924 29.444587766 28.9339634801 27.7824211737 29.3632470836 25.5400869061 27.2368324961 27.4787064477 25.8044687177 24.5978265817 28.4463110139 27.3302193915 28.2869987256 28.3731826913 25.6234817907 26.9762940677 26.035749086 26.8901446242 29.4255655696 28.3521625527 28.4737358702 27.5140330481 28.6908498509 28.2349908003 24.6727740665 29.1649782103 24.8890493244 25.6514768886 28.4629973841 25.3800429298 28.7948544256
25.0769083095 27.7299008067 24.8669703422 25.5324348011 25.9994102821 27.5240804499 26.9152684344 26.594943452 27.824026064 28.4157994074 28.5288308069 25.5277842622 26.7129010178 27.6460869427 28.952350348 25.3513246975 25.8001408315 29.3730562463 26.5813577249 26.7107302776 27.5085531425 26.2127763157 27.4153596562 28.3457836661 27.0080790207 27.6829092446 27.0567046749 27.1210039441 28.9451850455 29.1302361806 25.1693195479 25.5831945138 28.8592428108 28.4996733761 24.6464191309 25.9432367818 25.7235603656 24.9819564142 26.0886015858 25.8950008556 27.0642906945 28.6258205729 27.4105683817 25.2275162945 28.708120828 24.5706563518 27.7449545123 28.2330971673 26.5222448604 27.4020911698 26.281346494 26.5323952393 27.2141336852
28.3039567938 28.9402821283 27.6373152823 25.8227958688 27.2970538323 24.8683531857 27.9994182488 26.9262834634 29.3184142941 28.1409349015 29.3176423518 26.80458568 28.8491415797 27.539854455 24.7322576132 27.7123912603 28.9865804163 28.3086641367 27.9898248909 28.6897603335 26.246757269 28.6482357337 29.2242992669 29.1359643696 26.5449286551 24.9569321852 28.9669874817 28.3315910579 27.1386409887 28.6356265677 27.0369917522 28.9751167576 26.6594600411 27.8957911776 28.4874799063 25.6596607461 26.7855612866 27.1238633126 26.3337120036 28.6863999682 25.5095322527 26.6700395987 28.1198658987 26.2005821548 26.7430795573 24.7032110053 27.6879059688 28.2047712273 24.5922335461 26.7634593793 28.2222733604 24.8262479255 27.5073497664
27.6074894042 25.0650655153 25.1630434304 27.1412602627 24.6579543694 29.2724225537 28.6642068283 28.4946551382 25.490439601 26.3178595561 25.4803429902 28.1667455255 27.2556773358 26.8011369009 26.1030324452 26.2108540824 26.0487140128 26.9604498191 25.8977795788 27.3414620691 28.4683999495 27.6906704553 29.2868196377 25.9337364343 27.5178844121 26.9222212751 27.1932295295 26.9679820253 24.5307858753 26.3803378412 24.5079807113 28.6355164663 28.6625135363 28.9541599947 26.306983993 26.6048554043 26.5697929118 29.3571358824 25.7150963621 29.4443343405 27.0803346781 24.7493363549 24.5863031492 28.1859874488 29.0539245043 25.3523036034 28.3428756467 25.609950347 24.8822120693 27.2453680784 28.7223042557 26.0614143733 24.5308019895
27.687024926 29.1600467169 25.9838277214 24.8153454177 26.6337622498 24.785827592 27.7179725093 28.2646229791 25.8941172422 27.8782100498 26.6035060949 25.9780504083 26.1493686504 28.7928149787 24.9807918807 27.2628227123 27.2396580756 27.0901717076 27.5681369946 26.6824591958 28.9890643398 25.5854868183 27.4736151763 27.2014398772 25.0129045038 25.4550877763 26.9890358572 26.6299239067 29.1571554594 29.2344523363 28.01392064 27.8170290529 28.7083649436 24.6103695786 25.9467437582 28.1490440147 28.1459035488 26.3195825617 27.2968224838 27.2315510348 54.4366559389 25.6875587353 25.2715996957 29.2091244431 27.3907761619 27.5723334339 27.6328192763 28.7824779844 29.1950537972 24.8365230331 25.6864513757 28.5423617069 28.6228926536
28.917131313 27.7708362364 25.5590364368 27.0565083328 28.7757530076 27.2998091639 29.2175459952 24.5630419413 26.0525418465 27.1098366178 27.6377220515 27.6164577748 28.3381943785 26.8878331011 27.0159457389 27.2890560338 25.0256728604 28.9031383055 27.9610573601 28.9451395598 26.0049764421 27.8333816091 26.8262105135 29.0997209742 29.1073257707 25.8697678265 27.1616370309 25.6182317271 28.6685549972 27.9680938368 24.8847734352 25.3361438769 26.3510776167 24.7563006152 27.003119232 26.6008291773 28.305402847 27.6201169124 28.6241647687 54.4366559389 54.4366559389 26.2368881872 26.2084312196 27.7856184673 28.3621549758 29.0425501718 28.1392735825 25.6593406686 27.3715538236 25.6545391048 24.9372297201 29.2426937893 29.378636172
25.5543794271 24.5794508076 26.4148379811 25.1598650706 26.163962973 28.4496615798 24.5760307357 26.758147884 26.5445377023 24.7876779919 28.8040952967 27.5446702175 24.7060264457 28.5294049272 27.2785253956 25.7262763301 26.2364373266 25.6170507989 25.7720537215 27.1051534439 26.6413739411 26.8342939426 25.4673617832 27.5131349924 24.5868229597 25.2934917826 25.3553720274 28.1655491079 25.4531471156 26.6868316214 29.371236521 26.319127199 27.9292453356 25.1254213427 26.7803548412 26.3267203757 25.5670542452 28.8067534 26.2000007022 54.4366559389 54.4366559389 29.2212130409 28.698685612 26.677064199 27.0669073925 26.7857878305 24.9871355019 25.8272304517 26.2639543576 28.4091536908 26.0501790126 25.6083166847 26.5063045528
26.8787188564 26.4480708411 28.8630505225 24.9956270486 28.3376675429 26.678446344 27.7330485551 27.7016940852 25.3814084308 26.6489642065 25.2803417887 28.0296512708 26.3115241818 25.3842416249 26.2361171616 26.7178013251 27.3977196832 27.0762990597 24.6132289072 25.02114534 25.7722505806 25.0932278351 25.797903854 24.7718558563 25.1422473216 28.6760263703 26.6497854035 24.577575067 27.1383907371 27.4215740042 26.4954687957 24.9145826446 26.6098141852 26.7782185535 25.6334279023 25.0610296931 24.8625666059 28.8904934744 54.3210987064 28.8599808744 24.8254774759 25.6916539977 25.7937821637 26.9041339435 25.4626368468 27.6737396435 25.2554894308 27.4804437178 28.2026720382 25.9567289661 27.6446344532 27.7606468369 27.4181535704
