Spatial_Output/90% DEC/90DEC_1137.asc
NCOLS 155
NROWS 192
XLLCORNER 196769.923733
YLLCORNER 449719.875193
CELLSIZE 27.603701
NODATA_VALUE NaN
[rows 161 to 183 of 192, columns 53 to 105 of 155]
28.7640165578 28.6276600857 30.3467931974 29.5920609162 29.4218935723 28.5941702606 31.5045085542 30.9932023761 31.1900044871 30.0784458908 29.4364574578 31.3941467446 30.4756284413 28.5927268614 29.0153020908 31.0010494123 29.9928963442 30.6285950833 31.838845954 28.7626424679 31.4603370386 30.8886512346 28.8502319883 31.4392255905 28.8399723141 31.1202857183 31.2849925177 28.6814075942 30.9875173146 30.1790310831 29.4337432689 29.2763789006 30.1585839146 30.3260155757 29.9005193195 30.5078875257 31.6404706464 29.0137017583 29.480021447 29.5738180756 29.4695794317 30.8150467892 30.9516475185 30.1781310142 30.1703010708 29.150779495 29.641145519 29.1193695131 30.8127632364 30.7919268069 29.4246678654 31.0261030375 28.9060336161
29.232827693 30.3106844533 31.818339474 31.671608763 28.5813316135 29.4946768087 30.843846821 30.9786721999 30.4664454574 28.7038778648 29.1161199144 28.9732713681 31.7489957965 29.7552949713 31.4769103032 29.2395952542 30.4988423207 31.2794775693 30.4452092163 29.0187733345 29.3362818724 31.7457787362 30.9824313556 31.3469965201 29.9526682733 30.9217175972 30.0088016947 31.0726333002 31.5106434042 28.5380725254 29.6771733293 31.0710843319 31.9490326686 30.2618145233 30.9371027598 28.9065001251 31.4363946718 31.2457516964 30.4806669879 30.7653530902 28.8541489681 31.2123332397 31.7372498651 31.0262549884 29.8245039539 30.4772989899 30.9404074945 31.7292736965 29.8319384983 29.4170720612 30.4548959167 28.7807361894 31.8315205093
0 28.9476141834 29.84042551 29.7242280795 30.9157296739 31.7685967899 29.4868422663 28.9980873815 28.5200066394 28.7296931993 30.2949649185 30.6928381929 30.5779608311 29.4642717612 28.7478950844 29.0182027525 31.2610932021 29.3445216004 29.9256500353 28.8591174501 30.5851993818 29.6658155809 29.4718091331 30.7416841067 30.0402023665 29.42795345 31.4016406533 29.1612552228 31.6688254676 31.2692207763 28.9790209272 30.1022445742 28.9200029625 28.965404846 31.6925372075 30.8089627252 29.5375064848 31.2527697333 31.3902351374 28.9141199846 31.87814491 29.2259665836 30.7010833815 31.8126292528 28.9524175353 29.9415566536 30.5690139526 29.0209592819 29.7607332379 28.6152376663 31.7439345737 29.1285121958 29.0888984636
0 0 0 28.9257269641 29.4912010425 29.7043830772 31.3662417492 30.8447190295 31.1920923764 31.7361289706 29.7196424922 31.322591657 30.0082855936 28.8361543439 28.9417198864 31.7045900731 30.8317201396 28.6936221652 29.3020911528 29.5928773651 31.0809105311 29.8674059488 28.5887678156 30.7384475794 28.5584984982 30.6111931693 29.3528347361 28.7599029084 31.9719085106 31.2880976976 29.646220874 31.576483735 29.0318966114 29.6419209731 31.6941460446 30.7008765189 31.4088660874 31.8102960886 31.6235355826 30.7597903343 29.8077287606 28.5927557657 29.6738404844 28.7865730693 30.0856757793 29.9701363915 31.3888987174 31.317297234 30.7474787869 30.9273784359 29.0861192478 30.7625125899 28.7910583531
0 0 0 0 0 0 28.7124466491 29.8479060506 30.2708215727 30.5068189612 30.7165304028 30.4215344526 31.4989947855 30.9976659891 29.8333561206 29.2986597858 30.5205162279 30.2918190549 29.7574313303 28.7171130178 29.2220176553 29.5157914723 29.5655498875 31.0392687089 31.3882864847 31.6774334893 30.6793816964 31.4481183703 31.3723577171 29.663589522 31.8499117048 31.1390225197 29.5247696227 31.0050471661 31.2092545484 29.6986133891 30.2788888569 30.1392396185 31.7305396998 29.2344754801 28.7059077117 30.6992576652 31.052040046 30.2959959421 30.0821983441 31.018067907 30.4549408919 29.9518752054 31.1217569079 29.9674734007 31.8825005722 28.5010819664 29.221282767
0 0 0 0 0 0 0 0 0 30.2221116947 31.1481879124 31.8909386971 31.0950959793 30.5329501997 30.5303962213 29.4143411504 28.6515807894 0 31.4824668994 30.6936474689 28.5781275404 31.3173785218 30.7726214333 30.8453971304 28.8105161486 29.4132856754 30.3633349103 28.9505740129 29.0512796626 31.7254288154 30.5918801989 28.5762810798 30.9315398524 28.684072349 31.9789332599 32.0068884185 29.3967192266 31.9078099222 28.8131654649 30.0296352703 31.9005962233 29.331261873 31.0723346001 30.2096724489 31.2214733039 30.2200278882 29.8098937976 31.3332544518 28.8296079887 31.6543482544 28.5755970884 30.4184984391 29.9867998934
0 0 0 0 0 0 0 0 0 0 0 28.7577568165 31.1164244826 29.0863301261 28.7289045231 31.5043539032 0 0 0 31.0975834971 30.4054963969 31.3586792318 31.0978138285 28.8093263948 28.5161528924 31.4211354565 29.5942487945 29.4597361302 31.5098416528 29.3856445266 28.6215282826 31.1701788531 30.0573713334 31.0894442501 31.9686639888 29.708651755 31.1928344521 29.9757001319 31.7655589882 31.1958587679 31.9631438139 29.063584496 31.0835852535 31.2720199466 30.4677203446 30.6127801938 30.8791898921 31.7275868794 29.3626346934 31.0902725413 31.7609557678 31.0847348165 30.7820921958
0 0 0 0 0 0 0 0 0 0 0 0 19.8977830049 19.8977830049 65.9304345373 0 0 0 0 0 31.9784156275 30.2587226339 29.2957040154 29.9384802016 28.8459560237 30.9342513365 29.7246127277 30.1447251667 30.9521778784 28.9035722175 30.0554791215 29.2505256485 28.9759470798 28.9283690343 31.7323706857 31.6341080182 29.8062186775 32.0187236643 30.1215213832 29.1814974798 31.5101476868 30.8264594032 30.3589346504 30.1043649515 31.6737671217 31.8354229 31.4070122206 29.8045325986 31.4025052174 28.8919372661 29.7803032674 31.3987607493 30.1573316723
0 0 0 0 0 0 0 0 0 0 0 0 18.9549341926 24.1967877973 13.8507510123 0 0 0 0 0 31.8202219472 30.2307543494 30.4340132766 28.8189820854 30.538830629 28.7739526229 31.8239844272 29.3542003792 30.3000393771 31.208356077 30.9419882131 28.6674567919 32.0226968436 29.780371018 30.3208026559 29.7056365262 31.9000180551 31.2416968871 28.9826964834 31.4493732127 29.0954547626 29.6895871173 29.711978016 30.8736398522 30.0704875272 29.3804890859 28.979868412 31.9623857056 28.5681868759 31.5551358274 30.6463267358 30.3300374061 29.8979532768
0 0 0 0 0 0 0 0 0 0 0 0 26.8734691697 10.8351483988 34.4211085968 0 0 0 0 0 0 29.7927297437 28.5165642809 29.4867400547 29.2211561151 31.1654798597 31.833693907 31.381429322 29.8490054174 31.6077109744 29.4071009845 30.0407451728 31.2600198662 30.2059346563 31.4326035771 29.6358905722 29.8536004403 29.2252184993 29.9177653652 30.3461525009 29.9816338048 29.4295032521 31.759191869 31.7125110207 29.1031670055 30.3750136712 29.0173041155 31.3963910927 30.6026466654 29.6679047245 31.0503744356 29.5224732485 29.0239653796
0 0 0 0 0 0 0 0 0 0 0 0 16.6672203794 29.8425437343 10.2669995658 0 0 0 0 0 0 0 29.0665658467 31.3710462833 31.2510873839 30.9846846133 31.5478347845 28.552484036 28.7222716168 29.4874056321 29.2692161462 30.1928826301 29.9461261793 31.2797176868 29.615139783 29.9228345714 29.474426328 31.5472594169 29.0205949994 30.3479987715 29.7557883064 28.7737070702 30.2615443951 30.9791229694 30.5891837277 31.8881897244 30.7779906625 28.7119216841 30.4672167595 29.8657828137 31.597426392 29.2298434099 29.5634148065
0 0 0 0 0 0 0 0 0 0 0 0 0 0 0 0 0 0 0 0 0 0 0 31.1237813611 30.6756958225 31.5125157879 30.341947045 30.6307596083 31.3746074531 30.3093465318 31.2639200349 30.6727951217 31.4850422326 28.864975155 29.8365216926 31.5514236025 31.5857643697 30.5804093211 31.9382603049 30.9758260211 30.8486666504 30.2542253096 31.0562574064 30.1652454773 30.6055672587 29.7690651172 28.8934039032 30.0437518786 29.2693320778 31.197682948 28.7144679811 30.870651152 30.4100951295
0 0 0 0 0 0 0 0 0 0 0 0 0 0 0 0 0 0 0 0 0 0 0 0 31.9162410543 29.8684929589 28.5955113745 30.504973582 30.8900150349 30.851494506 30.095446557 31.9858969201 30.9150225187 30.1334345416 30.7149742244 31.8591040379 29.5138146123 28.9950895433 31.0876321351 31.6932501579 32.0174736713 29.4800541756 29.1422253557 31.2033711025 31.3232983601 29.5021522947 29.5529005567 30.5229205097 31.7515358021 31.8509109826 29.6791978203 30.2293668329 29.6910676478
0 0 0 0 0 0 0 0 0 0 0 0 0 0 0 0 0 0 0 0 0 0 0 0 0 0 0 0 0 0 31.3269861596 28.598720112 30.2944719664 31.8675921576 31.2515494726 28.5638874214 28.6737639608 31.6529219022 30.7464016488 30.0619242571 31.5612051587 31.6198617529 31.0120016486 29.1297150621 30.7879228551 28.9635682737 30.1643051042 32.0012757837 30.6550451083 31.603301083 30.8222908121 31.0934815607 29.9568298352
0 0 0 0 0 0 0 0 0 0 0 0 0 0 0 0 0 0 0 0 0 0 0 0 0 0 0 0 0 0 0 0 0 0 31.7341819872 31.9458459166 31.2864004661 31.8114803757 30.795587214 30.553716552 30.8186073323 29.2919333345 31.4389878914 30.3232418096 31.9179436972 29.4622680202 30.4508020415 30.0829056432 30.4825464595 31.2322731648 29.1803689136 29.4235076513 31.313185099
0 0 0 0 0 0 0 0 0 0 0 0 0 0 0 0 0 0 0 0 0 0 0 0 0 0 0 0 0 0 0 0 0 0 0 28.7124881985 30.6036525147 31.2160881762 31.175508272 28.9816620535 29.2088286254 31.0804606656 29.26884518 30.8359560741 29.1749832415 28.5421957673 31.0703896607 31.2197906322 29.2180406084 30.0540616214 28.7331140933 30.9758788618 31.3766409074
0 0 0 0 0 0 0 0 0 0 0 0 0 0 0 0 0 0 0 0 0 0 0 0 0 0 0 0 0 0 0 0 0 0 0 0 30.5743859039 31.9055218672 30.0301148383 30.6917246442 31.8073226886 31.2669349607 29.3666622181 31.020307263 31.6905224104 30.0299876877 30.3915547986 30.8388265211 30.3197886728 28.8969511753 29.1098500861 29.2989865081 29.725294829
0 0 0 0 0 0 0 0 0 0 0 0 0 0 0 0 0 0 0 0 0 0 0 0 0 0 0 0 0 0 0 0 0 0 0 0 0 30.7564108717 31.0632460225 29.6610098848 30.5800178131 31.4074514188 31.9199558897 30.0368084344 28.7541210108 29.4420682509 29.9158615766 30.9933242607 31.9169082859 31.4399099604 30.3816777735 31.6954351428 29.4024189251
0 0 0 0 0 0 0 0 0 0 0 0 0 0 0 0 0 0 0 0 0 0 0 0 0 0 0 0 0 0 0 0 0 0 0 0 0 0 31.9868442398 29.717751112 31.9418057646 28.5716514403 28.6565965574 28.5172459162 29.5384028433 30.2983996301 29.5808803885 30.0741868096 30.9386372782 29.8754754807 28.9732761161 29.624783604 31.6079095022
0 0 0 0 0 0 0 0 0 0 0 0 0 0 0 0 0 0 0 0 0 0 0 0 0 0 0 0 0 0 0 0 0 0 0 0 0 0 0 28.9495184275 31.9140566145 28.5658504307 30.3502800966 28.8455611077 29.6426268061 29.7776841399 31.6655517536 29.7808894387 29.0928930311 31.0307679003 30.6662439697 31.2683945629 29.1065274588
0 0 0 0 0 0 0 0 0 0 0 0 0 0 0 0 0 0 0 0 0 0 0 0 0 0 0 0 0 0 0 0 0 0 0 0 0 0 0 0 30.3942628914 31.0472347953 31.3336774688 29.8544645558 31.7695364828 31.5109517371 31.831425936 29.6877937335 28.9070613312 28.5528076354 30.928646522 29.6836212208 29.9562771262
0 0 0 0 0 0 0 0 0 0 0 0 0 0 0 0 0 0 0 0 0 0 0 0 0 0 0 0 0 0 0 0 0 0 0 0 0 0 0 0 0 31.7953525359 31.9002698234 31.383577012 30.8609121663 28.7093378791 28.863059021 31.5175758953 30.5256405508 28.8761244901 30.1783672557 29.6615367299 29.7052023059
0 0 0 0 0 0 0 0 0 0 0 0 0 0 0 0 0 0 0 0 0 0 0 0 0 0 0 0 0 0 0 0 0 0 0 0 0 0 0 0 0 0 30.5303474127 31.1984708305 31.3219645282 30.0902341052 29.1224726979 29.2985134502 30.3233413427 28.5314106352 29.4599797974 30.6757188298 30.2124921451
