Spatial_Output/90% DEC/90DEC_0207.asc
NCOLS 155
NROWS 192
XLLCORNER 196769.923733
YLLCORNER 449719.875193
CELLSIZE 27.603701
NODATA_VALUE NaN
[rows 0 to 22 of 192, columns 53 to 105 of 155]
46.9053509378 46.4793947667 47.307769729 46.6683693778 46.1338960353 47.3518501456 46.1192360281 77.2392843925 78.2972534676 72.0119082064 47.0747871739 0 0 0 0 0 0 0 0 0 0 0 0 0 0 0 0 0 0 0 0 0 0 0 0 0 0 0 0 0 0 0 0 0 0 0 0 0 0 0 0 0 0
46.8861464741 46.4280887947 46.7222314938 46.679247426 46.4628472676 47.2682435777 47.054381796 68.8515589489 74.1242064652 71.4958966621 46.3195119149 46.6834163093 0 0 0 0 0 0 0 0 0 0 0 0 0 0 0 0 0 0 0 0 0 0 0 0 0 0 0 0 0 0 0 0 0 0 0 0 0 0 0 0 0
46.8687153951 47.2126782054 46.9028215044 46.4853054051 46.5838492857 46.3619869732 46.1173191051 75.1356419886 72.0776601795 73.6307588956 47.2260826796 46.3733770419 0 0 0 0 0 0 0 0 0 0 0 0 0 0 0 0 0 0 0 0 0 0 0 0 0 0 0 0 0 0 0 0 0 0 0 0 0 0 0 0 0
47.1754152383 46.4103601942 46.4782434909 46.2697730034 46.544363846 46.3711334848 46.6992831353 46.5504544984 47.21899969 46.7267382335 46.3234454262 46.7498774362 46.9004452769 0 0 0 0 0 0 0 0 0 0 0 0 0 0 0 0 0 0 0 0 0 0 0 0 0 0 0 0 0 0 0 0 0 0 0 0 0 0 0 0
46.1920190854 46.5247535358 46.2808300712 47.2930674198 46.138371294 47.1284718441 46.0702993561 47.1202616353 46.5980850744 46.5999513147 46.9551852727 46.0142457864 46.1785644882 46.9287467809 46.3536020478 0 0 0 0 0 0 0 0 0 0 0 0 0 0 0 0 0 0 0 0 0 0 0 0 0 0 0 0 0 0 0 0 0 0 0 0 0 0
47.2751097429 46.2658347981 47.0505837771 47.2993048929 47.0647545781 47.2945562436 46.4150109344 46.9320103554 47.0995891278 47.2676966573 46.0935248455 46.722578742 46.3722608275 46.818711944 46.1231899911 46.6355543029 0 0 0 0 0 0 0 0 0 0 0 0 0 0 0 0 0 0 0 0 0 0 0 0 0 0 0 0 0 0 0 0 0 0 0 0 0
46.124375423 46.9387305811 46.5056638711 46.4384453783 46.3243333361 46.0372703382 47.0701126776 46.898945077 47.4085970818 47.3501312941 47.2750742275 46.2617486095 47.2301610083 47.0026649498 46.6364843801 46.1619026897 47.1301980239 46.8207206109 0 0 0 0 0 0 0 0 0 0 0 0 0 0 0 0 0 0 0 0 0 0 0 0 0 0 0 0 0 0 0 0 0 0 0
46.7987251957 47.0303631258 46.2650830435 46.3844821299 46.1052355642 47.0057956637 47.3210155939 47.090514651 47.2639589405 47.0070937027 46.5330756965 46.8134029907 46.9343653108 46.24692604 46.6657685645 46.3663961582 46.7282752786 46.4528583163 46.1379081273 0 0 0 0 0 0 0 0 0 0 0 0 0 0 0 0 0 0 0 0 0 0 0 0 0 0 0 0 0 0 0 0 0 0
46.6990376636 47.1857738499 47.306921115 46.3064593306 47.0219859006 46.5984624289 46.3323092676 46.6928997741 46.4431251685 46.5436904077 46.9315448301 46.3845003689 46.2621041485 46.6031954763 46.8039024516 46.7106287199 46.5063298909 46.9034683009 46.6637200166 46.7292226597 46.5383823371 0 0 0 0 0 0 0 0 0 0 0 0 0 0 0 0 0 0 0 0 0 0 0 0 0 0 0 0 0 0 0 0
47.3358790212 46.542692964 46.3421123094 46.7368199876 46.0289662773 46.1922105633 47.3257156609 46.703502134 47.3929255945 46.4533994751 46.22915568 46.9077556957 46.5434728329 46.8125666141 47.3228221553 47.0704361606 46.5899913253 46.6039700568 46.2026370504 46.4652237964 46.8354991627 47.3218364032 46.9818991152 46.546677409 0 0 0 0 0 0 0 0 0 0 0 0 0 0 0 0 0 0 0 0 0 0 0 0 0 0 0 0 0
46.973319857 47.0100312637 47.1446177631 46.9858215776 47.275388754 46.668929799 47.0796278779 46.5784423419 46.1727033808 47.0616954564 46.524251127 46.1294661737 47.1175412336 46.3944638673 46.0592951393 47.0162444256 46.0919588036 47.2315185985 47.2220754499 46.7570623163 47.395083718 46.750091721 46.2155221801 46.2242192066 46.7934495157 47.199464008 46.1994170784 46.4159629349 47.2132000932 0 0 0 0 0 0 0 0 0 0 0 0 0 0 0 0 0 0 0 46.3395212603 47.3779551409 46.1331441114 46.0897989597 46.9704668604
46.8871028175 47.2191523511 46.9186717907 46.2312649445 46.1765496147 46.6930612588 46.9305622967 46.7790486421 46.9120938304 46.1249865571 47.1917937925 47.0585834303 47.0973574574 46.7668846347 46.9839777041 46.719729683 46.8679860446 47.1394244403 46.3950401924 46.2664083375 46.601009915 46.7023438152 46.9357844245 47.303644759 47.0852888919 47.2909741728 46.2941138548 46.8182657523 46.4660752987 46.6802175097 46.5756986796 0 0 0 0 0 0 46.862354 46.7433386133 46.6765074676 46.1692791552 47.1609024146 0 0 0 0 0 0 46.3927296378 47.2367868638 46.3440957142 47.2661973831 46.2368658044
47.3380588055 47.2781478625 47.1635709899 46.6470537836 47.2615412238 46.6475958433 47.2862436207 46.2033832484 46.5344581792 46.3157492565 47.3928871657 47.1287302689 46.561869651 46.1966938025 47.1792932921 46.4228206135 46.554567958 46.6162732462 46.8720391544 47.3692786834 47.1654134147 46.0858172096 46.2419700733 46.4679707036 46.3835985124 46.2826693377 47.0303944255 46.4237798218 46.2218337309 47.3828277898 47.3722667096 0 0 0 0 0 0 46.8705051722 46.3363443352 46.472791163 47.2140588116 46.0330534299 47.2574206821 47.0125872258 46.1408276411 0 0 46.6108133453 47.3344936752 47.1647943262 46.5984874009 46.1540499363 46.9571877048
47.0826691171 46.985955581 46.8473320127 46.4424360141 46.7021501 46.1377723703 47.2417409871 46.8687503524 46.7263674726 47.1431481254 47.3208544898 47.1595648758 46.0397150721 46.4511353165 46.5592684039 46.1447831434 46.1874679037 47.3293644459 46.7164890038 46.7820243683 47.3524697269 47.037008928 46.4596979873 46.3333964525 46.3108876587 46.9804282317 46.6444646122 46.7484349536 46.3741197102 46.6369022079 46.7466612316 46.4102264248 47.0197120998 46.1600445702 46.1542988143 46.5757102206 47.289554278 47.2008663557 46.2376234011 46.6628750081 46.9756052649 47.1276395161 46.2975756869 46.7418437093 47.3883900962 46.2695015072 46.3842794887 46.1529131355 46.8212763758 46.3675705609 46.4748773664 46.5992971434 46.6124892516
46.1607047852 47.000496428 47.0743439951 46.8651269034 47.0610963647 46.8604608965 47.3842914791 46.1753001169 47.2192863732 46.9048690091 47.1291678391 46.2531626575 46.9361927539 46.6957253379 46.7714564397 46.1371236491 46.4548902957 46.7720519846 47.2198463428 46.5463353382 46.7985727257 46.6776259304 46.5843777385 46.6702837348 46.1638296602 46.3185963893 47.1471232227 47.3564200814 47.389679758 47.136855591 46.5523474327 47.0678606352 47.1745138866 46.2090167222 47.1095268475 46.7441053159 47.1949760121 46.5220707549 46.4333197758 46.9875273841 46.8757192773 47.1758298619 47.1737657293 46.1168437361 46.9676024582 47.2940704657 46.2154607275 46.5710055113 46.9421270317 46.0677331502 46.5770855293 46.0702132377 46.8941930132
46.8706760674 47.0035353524 46.9539987485 46.0152620365 46.1997387546 46.0801214787 46.7250313733 46.5298837624 47.365214614 46.825652159 46.5360582646 46.4507487749 47.101251761 47.385053247 46.658304237 46.4339936307 47.2948542885 47.3157312669 46.7039696796 47.2245959761 47.4086161073 46.4688778847 46.6204362915 46.5339541975 46.2228940037 46.0964406499 46.3896053745 46.933875307 46.0115229794 47.2813684888 47.3593173474 46.1172461288 47.2670727429 46.032844979 46.2659075106 47.1081102973 47.3787938588 46.5552895023 46.7515143092 47.2700572365 47.2515452175 46.3433666604 46.3297053622 46.0545392894 47.2739113471 47.0520391363 46.0389252872 46.6636599013 46.201542487 47.1399493362 46.897772777 46.4848395639 46.6171689959
46.1925084905 46.8853403606 47.3027347554 47.2043411457 46.4295133967 46.6061076221 46.9250200644 47.4139500796 46.2049409493 46.6722770179 46.6064531924 46.5203172492 46.2208009929 46.0913035048 47.1722063451 46.0274095127 46.0059312694 47.1950780137 46.1511482909 46.5879598595 46.8129639895 46.476582467 46.023773362 46.9410214318 47.2098816408 46.5067227566 47.1087106806 46.9347330535 46.4050472411 46.3312017348 47.2903997387 46.5798381046 46.916203423 47.03874664 46.9480688233 47.3763385065 46.3441577858 46.8283004524 46.233015696 46.8263659819 47.1936409915 46.7621336059 46.0854959738 47.1355231926 47.0986476368 46.3756803573 46.4765962388 46.6274293271 47.1924549082 46.5389458829 46.8361384416 46.723253891 46.8743434859
46.6751716536 47.0525034786 47.0797590862 46.289861242 46.3513934491 46.9292169937 47.2669264502 46.5005337726 46.6199617579 47.4131923724 46.6519626181 46.9730055059 46.7352915073 46.6657375182 46.6522295769 46.3202939439 47.0484934963 47.1068398829 46.953921385 46.1733706271 46.1647488169 46.5730745041 47.2431443799 47.1808906009 47.1751363878 46.2524586108 46.1780798841 46.7379559439 46.8125635651 46.827066711 46.7392507984 46.131868187 46.4627887902 46.9532189187 47.0526837458 46.383519753 46.23536109 47.3696105718 47.0225106533 46.9182882902 47.3558602179 46.6089838192 46.7332785235 47.0312336794 46.1397027876 46.4624257542 46.0596012338 46.6353878203 46.4138198806 47.3288634703 47.3876065364 46.2990754193 46.0507682653
47.1604866639 46.8085822729 46.149420313 46.0431718581 46.5953014933 47.4031545416 46.0949275126 46.2776127212 46.6092319082 47.3501968764 46.6036712897 46.2766111217 46.2473507302 47.2404580379 46.7067898775 46.1534954557 46.595606559 46.093504778 47.3134463131 46.2922006352 46.2794259033 46.3343539079 46.0349740665 46.3688383682 47.2813955187 47.0597555818 47.4059404374 46.0119372618 46.7446940918 47.0453375894 46.1555627773 46.8252612761 47.361153085 46.2749541879 46.6754837333 46.3827472841 46.3016688681 47.3246491634 46.8129135062 47.1740038471 46.9083675515 46.3510177946 46.6833058649 46.3059258623 46.6022672115 46.464266583 46.4068059772 46.4388444498 47.1084135267 46.0025952974 46.355344204 47.3266919889 46.0608595031
46.6353450953 46.1606457961 46.6027920694 46.9989913925 46.8750833398 47.0279728203 47.2577949657 47.0389788293 46.4089310762 46.7033837927 47.3330777779 46.4936413035 47.0760923772 46.2015911665 47.1087794136 46.2812684814 46.6474933895 47.316254641 47.271903968 46.1503025384 47.3580686979 46.9769809159 46.6768650037 46.144077122 46.8692086314 46.3251487089 46.1496336747 46.6566431132 46.9337473289 46.2639134468 46.4846660572 47.1661522543 47.1908033123 46.1390701377 46.2835235339 47.225549503 46.9146545378 46.6234771235 47.4081598484 46.6042768212 46.5585170197 46.057247901 46.7726727289 46.2371741637 47.065973425 47.3122613136 46.9332376227 46.679642143 47.4139971646 46.1124417522 46.5924390415 46.0386060691 46.116078903
46.5480072948 46.9393464734 47.3725345587 46.545418837 46.5828578426 47.1631960043 46.7035333002 46.5781965944 47.2854480614 46.5803534626 46.2438198494 47.2044665486 47.2307833489 46.4394094037 47.3390532223 47.2504839787 46.0285708707 46.2384539787 46.3625710245 47.2499979302 46.7559632858 46.6294910525 46.4638779544 46.7173982577 47.2666811048 47.1676779295 46.8761407284 46.2745108008 47.0199750171 47.295472854 46.9773379145 46.8760715881 46.517572372 46.5445428203 46.506955983 46.7629475661 46.7424639201 46.7008783853 47.2068820428 46.521909577 46.4246974413 46.6650459112 47.0674556877 46.1358836553 46.7300040301 46.0418606898 47.4032728847 46.767844723 47.2672216438 46.1269474556 47.3003464797 46.5136964577 46.9737004805
47.0145648931 46.7195527306 46.4659780586 46.8826171926 46.8006027794 46.9105084508 46.9109683007 46.6559026078 47.0743688022 46.7295851538 46.9260741933 46.1887922792 46.2063013056 46.1977012209 46.2437296828 47.4012463964 46.4231644844 46.5685794481 46.930953033 46.5354184343 46.5967540675 47.3864567389 46.7466590795 46.9408424479 46.384806016 46.1154038782 47.2678252744 46.1446624915 47.1512679817 46.4293074673 47.0974692998 46.0648295441 46.8657583552 46.3250530102 46.2554376025 47.0460470328 47.0995729411 46.0448555721 46.4286026033 46.1723966927 46.0171304566 47.4028032468 47.3009574749 47.1906380716 46.5947001589 46.7386117246 46.3631687171 47.1642841942 47.2661418907 46.3195203064 47.1811769196 46.8037778554 46.8922891328
46.6323572888 47.1606070777 46.062528421 46.7328843621 46.3190747016 47.2793618391 46.9936399546 46.5259940261 46.7928607771 46.6539513918 46.6743491934 46.0200788666 46.8368269593 46.9601800419 46.19374039 47.2467871433 46.4891140121 46.5910133391 47.2814002605 46.8443825414 47.3185040404 46.587335571 47.2163152526 47.2088723663 46.3738725497 46.0610491228 46.7639715326 46.4661600683 47.2611786248 46.8656714576 46.8669893997 46.1411725013 46.2189338404 46.8760103024 46.2039617635 47.1359536834 47.1962113545 46.1180377566 46.9901942825 46.7628131757 46.6744651158 46.2622009428 47.1225961516 46.6037007021 46.2554987074 46.2726907803 46.2686615748 47.0236451798 46.6792476805 46.2088458149 46.5418200116 46.8900803205 46.8001578523
