Spatial_Output/90% DEC/90DEC_0644.asc
NCOLS 155
NROWS 192
XLLCORNER 196769.923733
YLLCORNER 449719.875193
CELLSIZE 27.603701
NODATA_VALUE NaN
[rows 138 to 160 of 192, columns 53 to 105 of 155]
25.3388860165 27.4687346751 27.6021168546 26.8397668929 28.4384139147 25.5778209969 45.1334437327 28.3576993606 24.539781388 25.8441849363 28.4602515511 27.5938051576 29.2921047673 28.732982363 28.7292581798 28.0342538105 28.3367077174 28.4915149494 26.112448205 26.3332374075 24.6900082949 26.0806342365 26.0747084606 25.404790523 24.5514737347 28.7361452719 29.0564307201 26.3361688275 25.6988615753 28.7266297948 26.471962553 24.6448308561 25.3640650011 27.6232095365 24.5221448296 29.109835335 27.6969391918 27.4880954596 28.9299670837 27.5378268902 28.1244500002 28.9644239503 27.9946529839 26.1093145258 27.6138800375 29.2330318026 29.0102851499 27.07644888 27.905882956 27.1800968159 25.5510553596 28.2820817764 27.4265757429
27.0243405036 25.4213264569 26.2239902957 27.0038797176 28.406641727 27.7354118785 45.1334437327 45.1334437327 25.5232125255 27.386604977 28.8901815822 25.2782165323 25.8901151778 26.5048537071 28.7542231321 26.5622573171 27.0863756322 28.218947395 29.3854418126 24.9795911107 25.9450803513 25.797014636 27.2705085708 26.295600179 28.044589251 26.2076589179 27.7236492764 24.8582047859 24.9233873015 25.4740448911 26.8399054921 26.0296242189 49.883135979 25.948931155 25.9328492114 27.0835808124 26.8786294178 24.9196588838 27.3421520747 29.3137962458 25.5893116487 28.6184676978 28.9253335839 29.3291543062 25.4204853083 24.6211371208 29.2387617716 27.7890054855 25.8496772236 25.3168581792 29.0875688248 26.8086820693 26.814308316
25.718573608 24.757915516 27.675269431 26.5439160854 26.1747706924 29.1191627604 25.1294680801 28.7192490224 27.7803099062 25.7424184221 24.6829726828 27.1346914693 27.0445543284 26.2653512241 26.4322243381 28.0927551383 25.7929505883 24.835178627 25.8871441375 24.9977866874 24.8343975097 27.2910620212 26.9353008603 27.7110098049 25.9563685919 26.3727626888 26.3768547292 25.6303163162 24.5324083235 28.4055113164 27.1848007427 49.883135979 29.2455144601 28.6498235802 24.5368458157 25.3913346089 27.8430645931 26.1812401379 26.1304559909 28.3419400818 27.8135659459 27.7086007826 28.2416867355 26.130994053 26.7838723559 28.0060877189 27.0507945449 25.486206699 28.4505477002 24.7969459882 27.1815150881 28.2613168191 27.2682272603
27.9187822415 28.4813484137 27.8269562926 28.5989203847 24.840392266 27.6972042448 25.6761593957 29.2166154401 24.9981266365 28.9660568999 24.7515883848 26.687921669 26.3907342346 28.4026562018 26.7923573066 29.2839187719 26.4869600779 29.1701856744 26.8446456187 28.7314739856 27.587974184 26.8208375987 28.354457031 24.6201012184 28.2951586448 25.0500235409 26.7792681676 26.6578548571 29.4265644616 28.371224646 28.773392307 25.0588777873 28.1970408012 26.5715133563 28.0199208166 28.591732386 27.2460800766 28.2517817464 25.2800790076 24.5335736981 28.3608317641 29.0173434504 25.0874489671 25.8293136316 25.6575486391 27.9292829936 27.0307972084 26.2416125827 27.2904964619 27.8301165324 26.5744739743 25.4045470684 27.2587672826
25.8888679749 25.4342618853 25.1166508831 26.1759799138 27.7742312893 26.307976284 27.9419799863 29.0167666654 28.4060838574 26.0859871074 24.6492076931 29.0259600455 24.5551613061 26.0745988128 27.4045388 28.5097541037 26.3657259429 29.3294041722 28.2448925264 28.2539605537 29.2974961669 26.4305787978 26.126653145 29.1558538264 28.3205000698 28.5511561223 26.834703211 26.2073116366 29.2609182388 27.8061459474 28.5365960918 26.7984914566 29.1041660753 25.5219445755 27.8443180436 24.8028900272 27.6082972166 29.0508777506 28.8518338984 27.2994004096 27.8046140016 26.5435986247 27.4191003896 29.3850798317 26.002405679 28.4658433002 24.6758788103 25.1625936086 25.7455329192 24.9493771504 28.7395152882 26.4612247363 25.9841847139
29.1722853559 24.9137102628 28.2690366376 28.369523032 27.7085724872 25.7305976006 26.4578737212 26.907737921 27.5284466444 28.6340764062 28.6153545327 28.261513544 24.8034473513 25.4097879744 24.6389950923 27.5567081373 29.2441700578 24.675754674 27.0054718071 27.8365153208 24.6827300608 25.183027435 26.2095569758 28.1445842936 25.7910123041 28.247946577 27.9911865461 25.9896493038 25.7506985253 28.961160951 27.0784845829 26.1083752375 28.1963427672 28.7258809885 25.8899337324 29.39594779 27.3745014236 27.4299946441 26.0605808814 27.6892668891 26.8106177093 25.255194909 29.1616483288 27.4545822605 28.5168708457 27.0530616756 27.5686444151 27.6540256799 25.6496120358 25.6196645198 25.7368053285 26.4205418583 25.6316996322
24.9691689119 27.3066527826 24.8399357807 28.9170936039 27.1662298953 27.9091901998 28.4214427733 25.7759138281 29.113748375 25.1764726493 28.7292034528 29.2222481295 26.8944002332 26.6549968258 26.5598223775 28.5056611312 25.7536277505 26.8489098833 25.812332551 28.4531164366 26.4569207606 26.9543431326 27.5884403155 29.1087051726 25.7338574233 26.9978728723 25.4648415032 27.4166100213 29.4196270114 28.0993071037 26.645164023 25.0609661088 26.6822681682 24.9368584206 28.1274451414 26.1688959024 26.3550163187 27.4709800688 27.8856703265 26.4517055133 26.1876188729 28.9644148052 24.5275844268 26.6737449809 27.5114610137 28.5752505792 28.3751013399 25.6390942507 28.8064663919 26.9823516535 28.5090750519 27.5946092434 26.6213869691
27.3374264092 25.71381062 27.4128080049 26.3628323024 24.7563849229 27.8433298966 28.7375739105 26.4723372225 27.8621246644 27.3875143367 25.0004897964 28.0795422155 27.3568496778 27.4852633548 27.5563960559 27.6599700185 28.3146688806 26.734982423 25.8789944071 26.0312892302 25.1289195963 25.0942128983 27.1661332354 25.8685370911 27.5129440326 27.2612806245 24.7546915364 28.36737805 27.6802655315 26.7793795414 26.1519775066 25.3065010181 26.5119466897 26.7488199846 29.3436472512 28.4168336842 25.4344553083 29.0225427655 29.4481724981 24.518183322 29.0423844823 29.1099695987 28.0538822189 26.6818974119 29.2206972401 25.6627509749 26.9188757379 28.7473625285 26.4921879741 27.539643381 26.2135396259 26.9616416997 25.6751301566
26.470436062 28.3764629859 28.5638561932 28.8596185022 29.1109176424 26.7588357542 27.2968848714 28.6518036611 29.1195548389 26.3697178229 27.0694554813 25.3429381635 26.5531003217 26.1050736465 25.8472656591 25.309402293 25.0159820496 29.4210301878 28.1546407242 25.9264217442 25.4325344548 25.1436545552 26.0109342583 28.0546793984 26.0937004092 28.2030776568 29.042667134 27.1372311816 26.1707062865 27.0414906283 28.9607410556 27.9219790627 28.345115582 27.724441368 29.1726130131 27.4188202726 27.4550131548 24.9679870449 28.4687042899 28.960751017 27.5345431986 28.3540946217 26.6368811913 28.421372274 26.198133501 26.3487025866 25.5908162488 28.1123536404 29.3334147967 29.2815131566 28.2583164503 25.2303696873 25.1014726511
27.9529575693 28.746705278 25.9894428458 28.7589678682 28.1158431645 26.3969046423 24.7296930226 29.24245812 25.9190818493 27.5442627122 25.095969027 26.2827404644 27.9749764617 27.4586988243 28.9442971146 24.8141938834 26.5255455915 25.3212911393 28.150291954 26.5116034442 25.8107064357 27.6273275484 29.3022685689 29.1979314602 24.6643185839 25.1318385765 29.2322950785 24.5063473695 25.4491212933 29.1335071682 28.8119260907 27.340191767 25.6541363403 26.6321664286 27.9242211999 26.1614947329 27.0303982982 28.0890594371 25.0541465306 26.7617808882 27.5462628168 26.5941275808 26.9893115317 26.0615694664 29.3917314032 27.6122953852 26.3845608346 25.51801859 26.9794638159 24.8289160245 25.2195905466 27.6199029498 25.1259245451
28.0112973116 26.6498041884 28.9192758151 27.9305894579 25.3462157675 27.1694567242 26.2949126281 26.1827159328 28.464563203 28.6660853209 28.2053125649 25.1364594978 29.121111003 26.1309725207 25.381649675 25.3528276511 28.0577830864 28.2384440764 26.004592312 28.7487474683 26.2326293829 25.0435313528 28.0020341882 24.7573297419 25.9867210294 29.3441144735 27.437186683 24.8914488494 28.4252640892 27.1740627506 28.088189063 28.3264120729 27.0171539229 28.4182169833 25.5157252781 25.8642638591 25.4834371809 27.4430272284 25.5987643821 28.9134949523 26.9494676559 29.1390728362 26.5317707129 29.163634779 25.7251173172 29.0676166715 25.2931070849 27.3725511678 28.5452911977 24.6120181224 29.1890961381 28.000126949 27.8705520458
28.3849467055 25.6508344629 25.158419754 25.9939555921 27.9289652339 27.9977564226 25.7100198095 24.6692758595 29.1081854811 27.57366489 26.9939812189 28.1183044236 25.5144169415 24.9840073667 26.3975492736 26.3066377401 24.723433491 24.6682564219 28.3864230318 26.7607005303 24.7822126131 29.2105365687 26.6783906787 29.2659611303 26.2562684428 27.5293701467 25.5952081141 28.4518464735 29.341837108 25.7547518546 24.5055118772 28.6372277231 29.0458457514 26.1557638628 29.3112560133 26.4061693658 25.7130835174 26.6987361823 26.0965133044 27.9092137051 28.5440077734 24.512818043 24.7229608225 25.9979659262 27.8449394905 25.1598409689 28.4310195817 25.3072474132 25.3216079818 29.2552529367 28.4190001182 28.65165871 24.8322029295
29.1059458527 28.513031966 29.1254816561 26.8151429329 28.5826750439 28.5830528542 27.9451835334 25.942652766 28.3101868815 20.581667396 20.581667396 20.581667396 26.5045492763 24.8904855377 29.4130980246 24.7903073 26.7914936013 24.9740514943 28.3622538483 27.9604924313 27.6505085089 25.2648762783 25.1129116118 28.6094304265 27.3889299626 28.002597246 25.7968017825 27.1284546416 25.6954537979 27.2570336244 25.9668572621 27.5110044482 28.0125042553 25.5951969168 24.7908571519 26.2848929656 29.102075035 24.5898995437 26.8438965526 28.4681275622 28.9382183723 27.7270484534 28.6711249578 26.22148503 27.8224984436 28.5340352743 26.2279824832 26.3619738287 26.5459560972 25.168403309 29.0808392686 24.5138991534 28.4670103685
28.9147933889 27.1979549278 25.0219804066 29.272525487 26.6772931894 24.6940908 24.6234389627 27.6266744121 29.0171579923 20.581667396 20.581667396 20.581667396 28.9204110922 25.1884734202 25.3264526498 29.1638024676 26.9326072602 25.6099870945 26.9636707439 26.0771156437 24.7133331835 28.2469906145 26.0563655268 27.0107887406 28.8620025123 27.5043212909 27.5800892222 25.2434822584 29.1672508566 29.0311560198 29.2588823199 25.2578619509 25.053122844 26.3898343303 28.531611866 25.5848580106 28.1312274575 26.9624816977 26.8611756688 24.6130134372 28.0751248352 27.5934966628 25.4195093048 29.041389075 28.7005423084 26.2465784641 25.1537157879 26.0667166902 27.7267885515 25.8374767931 28.0195552153 29.2852835511 24.5779832971
25.3253001451 28.100046595 25.910845496 28.5501494411 27.4272988224 26.2756507546 28.1972602243 28.3262076598 24.6192458994 24.8264554344 27.3743135495 27.145776017 27.2771122383 27.414008571 26.4116670397 24.74115876 27.4846265663 28.7464040164 29.3809819808 26.8895465479 27.2167803443 24.7585735425 28.3001235987 28.8721648904 25.8550876138 28.2147693522 24.901227387 24.5820060097 24.8582298317 28.2449379166 27.5090248643 28.7797949916 27.2857446928 28.5157668218 25.2568203662 28.3133657216 27.5827000064 27.9452797998 26.2210121163 28.3594098197 28.6646053354 24.6446612866 29.4432254141 26.3318391756 28.3729117343 26.3516025074 28.2932096196 25.9837629212 27.4057581758 24.5125739587 24.5078330156 28.4686282959 24.5486334328
24.7789718368 27.3202057591 28.3749722068 24.9467911176 26.2620993526 24.9230351973 27.8923242475 27.3211907367 28.3825449689 21.3529614961 21.3529614961 26.9533315837 27.7254478027 25.3705792866 24.6730923021 25.4254385843 25.7254719414 27.77305114 26.4763159634 26.036311311 27.2856563785 29.012619487 26.6212957662 29.4318118627 28.9376319141 24.9231489423 28.5561383775 25.4170284335 29.1855317963 25.2204139984 24.9446937351 26.6091284676 27.8446143524 28.5878757435 26.2874752639 28.2407444533 26.2697972573 26.6692266548 28.0784811209 24.813359013 26.8380103561 25.3695380728 29.2261741362 26.3440471821 26.1003022638 26.4807365933 25.7796516205 28.5921974508 28.6234303794 24.8868873326 25.6073880583 26.3740000785 27.7106662631
28.5320125194 26.1729797541 28.5988156062 24.9819629527 27.0327300015 28.1335448923 26.6757935957 24.5210096751 28.715210378 21.3529614961 28.5279120103 21.3529614961 27.4569704798 27.0037516694 24.5063356575 28.7660303764 26.430001402 27.6088548862 27.5249098769 28.8109671736 26.6372628753 28.8551288284 25.1559799768 27.2993120272 29.3368681084 24.7261653268 28.2879428026 26.3272216061 26.121182509 25.6265409309 27.1995845202 29.3658302578 24.8802784827 24.6866418 28.1654885933 26.7328226569 28.647813502 28.263254081 25.58545286 24.858176382 26.344575962 26.1393814377 25.8770757338 26.0943549165 28.7871377348 28.2424094073 29.3724325756 28.3542810268 28.0220589787 26.030364212 28.7647316295 27.4167297954 25.2693446102
27.1574986879 28.3268069654 29.0159854208 27.0761768586 25.541503433 24.9254884235 26.3937802555 26.1557886749 26.1742780485 25.7596772158 25.3668427536 25.0565703811 29.3638405491 26.8511303011 27.9169258561 26.9618390081 25.4163244803 25.1403289925 27.6849607878 28.8790556913 25.8468837771 26.6129383287 29.3466182948 26.6660665578 27.2472854927 26.4067660428 24.849065848 27.8643842679 27.5246194225 27.7982890204 25.4812752363 25.7486031601 28.6958917595 29.1031140931 28.5789289965 25.3233195544 26.3629917158 25.6464526556 27.6726630823 24.7001092337 26.107518038 24.7442371713 28.4883658029 29.2909864783 28.4355796292 25.6618439462 28.398414818 25.445186596 27.6509211092 28.4945045333 27.6371486512 28.6815936347 26.0611773174
24.8116875896 25.370679713 25.9572880374 28.9741087885 24.8710633275 28.1919579642 27.8760302114 26.5374056019 29.3074542236 24.6430970009 26.7540894159 27.0660800312 26.4108926716 27.9428719023 28.6353728406 28.1362287743 28.9810717763 29.2901279766 26.1799353621 25.0939439615 27.0998972328 24.9072185386 25.1764722481 27.365710038 29.4078632919 26.3701663914 29.2919776308 26.4036923283 24.9336317942 26.2092878102 25.442305328 25.4451339938 25.5095779355 29.2173171573 27.4328773958 27.8815787796 28.5534765627 27.8146866941 24.76838874 28.5656595266 25.8563591771 28.1960588056 63.6554936195 28.808798419 28.3824420329 26.5437513055 29.3550178364 27.0872123481 29.2208115959 26.8328570322 29.068871726 25.3109161983 27.8943601646
27.6353451552 26.4389581183 28.4008319814 28.310701328 27.0709144016 29.2328894755 25.0583381182 26.9120216359 28.7223293585 28.3243427078 25.2375511959 24.7143752706 25.0639704674 29.2775812281 24.9967833041 28.249900375 28.244871977 27.8370600829 24.7790291119 26.4890870393 24.5968250917 27.085580071 25.997263988 28.675481105 25.7168172712 27.2707706046 24.9959645049 27.71913372 25.1504084655 25.3958999086 26.8627585339 26.0762770422 25.4718413142 26.731367781 25.3920490752 24.9594652035 29.3305665433 25.6518908806 28.6008968481 28.610272129 25.4162232954 27.408363265 26.3289290324 27.3238993394 24.8861851992 24.8100831697 28.6406044602 29.4029174963 26.1078434408 27.911070146 25.309536628 25.9789185999 28.4311748461
25.9023563285 28.377640511 27.6964314802 24.6793082599 28.9987028516 28.2723794269 29.4044804 26.3019335044 25.5962019877 27.147364271 44.6196669775 28.515719639 26.8341773339 26.097653362 28.0992754079 26.9967108284 26.7563017797 29.2714622521 28.2168448716 28.6329790584 25.1663722079 26.951608713 25.0821590553 26.2464897633 25.2292640466 26.5055660609 25.0565789009 28.4086776228 25.4752877666 26.453150542 28.2113401221 27.4180576132 26.361736755 26.3903115775 25.5493243138 28.7532234039 24.9135693116 27.7230749268 27.1735012888 28.7351125074 26.3019599772 24.8283899069 24.924723131 29.003399033 25.0966403522 28.6050632996 25.304002153 25.4689897854 26.2137457275 26.594968737 28.7840639392 25.0938916277 25.467037871
25.4116304079 25.4158901578 25.3068472164 26.5066881734 25.5626838357 28.4041263533 29.1773704873 27.4331476706 26.1794337183 44.6196669775 44.6196669775 28.732404317 26.4736025599 26.8376509191 28.913529391 27.7188167068 28.6408448536 25.449307927 24.9542762922 26.9381936107 26.270142812 26.2285754382 29.2068572915 27.8570131952 27.7805911005 25.4695909879 27.0739796569 26.7597690396 25.1426247303 29.3014129962 27.392466004 26.4502602177 29.2563316193 28.5657265721 26.2200999344 28.8528360159 28.8045671917 26.4056886115 24.8730711595 25.7256917493 28.6292104191 25.1402381664 28.1299621295 26.7408183082 27.5108891094 29.1982501827 27.5689204317 25.1100546453 27.3635560459 29.2195140314 28.4336727273 29.2619893911 25.6950623629
29.3935650978 25.0014705936 26.7511196233 26.2085087019 25.0539416552 27.0102294816 28.6361994737 28.1178049057 27.5390669886 44.6196669775 44.6196669775 25.4989413376 25.2794817432 24.598321532 27.8223984136 24.712240292 27.9418904604 26.242629731 25.5839525529 25.625021009 27.5578516205 26.2972987248 25.2461842906 27.911492498 28.7752154121 28.9154994241 24.5079722125 26.1756105386 29.3724729569 24.5210858544 24.6361077856 24.5830128204 27.5553318402 26.1761301531 25.2035534149 25.8477231515 25.3373546812 28.6613761658 25.8210599127 25.103594997 27.9656141921 28.1568238363 25.3531073964 28.7917183864 28.002364392 26.5024346392 25.6388029995 25.9173139429 26.6464361401 28.9024868456 25.8211277421 24.5393912998 27.5119580021
