Spatial_Output/90% DEC/90DEC_1122.asc
NCOLS 155
NROWS 192
XLLCORNER 196769.923733
YLLCORNER 449719.875193
CELLSIZE 27.603701
NODATA_VALUE NaN
[rows 46 to 68 of 192, columns 53 to 105 of 155]
29.3177883587 28.957674403 29.8450079798 29.4755320104 28.7212750183 31.5956314698 29.0798930976 29.4425595825 30.417585838 30.9016681234 31.6672648628 30.1043205589 30.7780807497 31.275193458 29.8203054584 29.4399242585 29.2104384953 28.8502292615 32.0123193735 31.7254499614 31.2823970598 30.826596477 29.6202333777 31.0815619379 29.1776016248 29.2467584262 29.9726348746 29.4564024533 28.5203874134 28.8318119243 29.1608606789 30.6474058785 31.6337336488 31.7362528678 30.3014774016 28.579369486 30.2003722892 31.271135127 31.8424074884 28.8505389219 30.4221717168 28.9166963502 28.6393370194 31.6556793985 29.397121989 29.8041373139 30.1206935282 29.9372589242 31.2285431098 30.9682181794 31.7935945952 31.8694378416 30.4541789803
29.1011715565 30.5610626045 28.6629499807 29.8468353441 31.6197423772 28.9257521557 28.8589649986 29.4635697556 31.7553187843 31.924315054 31.0489644793 30.6589666997 30.2090331357 29.498724117 29.8442651036 32.0181893518 30.2589139783 31.4524557187 28.8560754157 29.7993008888 30.404061925 29.0611734559 31.6314818218 30.6301602777 30.9125793987 31.9080459088 31.6739165209 28.9736290368 28.5351619413 29.4333849829 28.67148574 28.8813899534 28.5903172708 30.2134921238 29.9428584664 29.2919579897 31.2879464556 30.3276826175 30.8532746037 31.4315685242 28.6083446323 28.7949428788 31.3405440692 29.5214101018 30.2186930168 31.32258233 28.8471344272 29.4938952572 31.8938731875 30.2526956735 31.8476220697 31.472697141 30.1316449559
30.9735884595 30.2300600475 32.0301166169 30.0265278506 29.9630429124 30.2777689707 29.9902648259 29.2604998356 29.5692113076 30.5724379432 31.6520403826 30.3423365918 28.5253894036 30.6441293291 29.7898727451 31.7058296712 29.4294927103 28.8733170476 29.6191009037 29.6261506644 28.7157331799 28.56608135 28.7370453688 29.218815608 31.9724289636 31.2998861622 31.9605391512 30.8655763046 30.4260533921 30.1497199046 30.3972057004 29.2044057173 30.2743406397 29.6323569116 31.4592986049 29.1791346133 31.3010615889 30.5494770642 31.8778672756 31.0494597302 29.9969254209 29.4660847301 29.5958974985 31.6808821017 29.1320611309 29.8499688097 31.1217615683 29.4774281716 31.1759242039 30.1804716541 29.1352655082 29.7013059787 31.492369627
30.5748299758 29.2368809192 30.7208674856 31.9703949538 28.9588741162 31.3525461488 31.3807430401 29.5364036774 30.1601403103 29.476961966 28.7581157695 31.73914749 28.6766565676 30.5060023571 30.6981454496 29.488532979 29.682609388 29.5530456014 29.3926941573 31.8826065895 31.286300132 30.8025758211 29.7695597207 29.9596135215 28.5571375438 29.6020307517 28.6134045689 30.1329372046 30.6695342502 29.4320968289 31.529254497 30.3092830478 28.8952105947 28.6467032237 31.1433789316 30.7542743587 28.8113464105 30.6365512584 30.6907590227 32.0031276697 28.712925086 31.2663898747 29.300704249 31.2450552405 30.8396890741 29.957943978 28.9608925175 31.2339757896 28.6596228756 29.8485882232 29.377957638 31.4655823626 31.3824104722
30.4907815991 30.4352768959 29.9375432658 28.7674233389 31.5950930184 29.8588015195 31.966497839 29.2134858144 29.2109265749 29.0829228631 29.2581177425 29.2819392961 31.7382759991 30.3717623238 32.0265782112 29.5767706486 30.6554828896 31.691197722 30.0429645072 31.3636805604 30.0255533825 31.5169823301 28.7040547996 30.3036410045 30.0759364345 30.6750427812 30.7669583235 29.5174548988 30.3258348408 31.2483191795 30.8619309786 28.9313977741 31.6086146945 31.3291254126 30.7364073421 29.8092281318 28.5863606471 31.7035956538 30.321251143 30.7710612707 30.8344132121 30.2893782174 30.8059702744 29.7053019639 29.2043326284 31.7333891785 30.7063573584 30.3156146389 29.6467766192 30.7885595346 29.2429168922 29.4003277764 32.0325327085
28.724730224 28.8261005529 29.9298326413 31.8087531318 31.3979090964 29.2058049254 29.2588074743 31.5962723423 30.3277578588 30.6402855349 31.7274237517 31.5571289539 30.4213428579 30.5878411672 31.1458253446 29.9127793477 29.1516559962 31.0358578116 31.755991003 31.8922381977 29.1928878678 31.7977155759 30.7861103687 31.0516768698 31.0418058555 31.5852549099 31.8177553427 31.1346383116 30.7022039646 30.6057483774 28.6004942343 31.8345515858 28.7786281383 31.8768329935 30.6226524825 29.2486734032 30.331385913 30.6271760447 30.6848848293 31.06157356 28.5115064028 31.1029057092 30.7227978731 29.8655917302 30.9803381595 29.1898714666 30.3739010027 29.4661491756 31.0173997224 31.7054505108 30.7415890743 28.9866120591 29.6099101062
29.0111767945 29.0368707223 31.0072112472 31.7495238378 31.4997316383 29.5351780785 31.4153389085 29.960400881 30.353903018 30.2545691957 29.0981331732 28.9972449895 29.1403627679 29.6470800873 29.0189003577 31.0084879175 29.0365853126 31.3640905373 31.0070989293 30.6046057632 31.9282632731 29.5023049865 28.5686859116 28.555277905 29.5604334522 30.435151864 30.8407246486 29.6600287276 30.4906038798 30.3595471777 28.5046676218 31.7644788389 28.9930491526 29.612405885 29.2666648867 29.4635967726 30.3638870252 31.2596189578 29.1476540506 31.3075200094 31.2114434701 29.7832929828 30.1548820881 30.248231284 29.66838615 30.0210719975 31.8572132848 31.9337344469 29.8981329456 29.0999464405 31.5254872482 29.7082275659 31.9359958964
29.7607346307 31.3555530389 31.0985154319 31.4613996299 29.7114782438 31.5142220156 30.1850386067 31.1348615935 30.1915998723 31.9862183556 28.5221956057 31.9669592105 31.3553514663 30.4352996682 29.5398848694 28.8079033231 29.4784619533 29.0765038539 30.4410603164 31.4627846317 29.6956171676 29.9245549009 30.1095898219 31.0715198642 31.3851624072 31.0250062163 29.1544775613 31.6514755438 31.2211061513 30.8711173455 29.4999790803 30.5085466211 29.2367696811 31.7526696095 31.3258566019 30.2575655825 29.4757049325 31.9234861686 30.464685373 28.9611833956 30.5563129617 30.1417055197 29.9028943454 29.6556452688 29.7485172673 31.345767646 30.1938103865 30.5273849836 31.0074347217 31.8921992027 28.731610252 30.6441340407 28.5060797522
31.1332476334 28.6020246396 30.3858384153 29.5416375752 31.5359098598 29.6835330144 30.7669172116 31.711952017 29.5604654715 30.6306920475 32.029041637 30.8185267046 30.0713296822 29.9874773307 30.748937014 28.9646389587 28.8211830442 28.815864715 30.4884069074 29.8879275342 30.963894521 30.0937244364 28.9406246412 31.8029154033 30.8158887666 29.9910464092 28.6533945578 31.693767224 28.8577070024 31.3865593564 31.388848716 30.821185244 31.3899637827 30.0045569409 30.4225116042 30.4283891121 30.5054588561 28.6946626666 28.8057763423 31.5459685349 30.5329530658 31.066608265 31.9393224558 30.8897953373 30.1712038296 30.5096615302 30.5936986205 30.9297155433 31.0569485559 28.9471329146 28.5871058376 31.0369698684 29.4004691063
29.2558849221 31.1175330521 31.9456845018 29.3269521649 30.455704166 29.6391485446 30.5681871742 30.2396996333 29.0471789308 30.7635442634 30.3003091298 31.5258458893 28.786236358 30.7566552118 31.453522517 30.3694001377 28.7825274997 28.7616199335 30.9730528202 28.8971279909 30.9559651425 29.3677080225 30.6322269892 30.0954788829 29.1521103053 31.8010938681 28.6304510984 31.2748559418 29.7270471399 29.1322644056 30.5167451698 30.2044506368 29.0167646716 30.8268847641 30.5716448313 30.923740161 31.7647374805 31.1432468122 29.5750168256 30.6185803935 29.7074620056 31.8686102764 30.7111527766 29.542075722 28.947610753 31.7170779207 29.8399912041 30.2356415266 31.1485859782 30.1419564365 29.6342127853 29.6813060903 28.6970555789
29.439770922 28.9605755063 31.3162211742 28.58777903 31.2349918111 31.5536989312 29.4155317454 32.0353272417 31.4382110368 28.7225773452 30.9596648294 29.2007163134 29.5821527274 28.5228243832 29.9589418714 31.2956110307 31.8888424109 30.3189716767 31.4624110468 30.5990016135 29.8236770273 31.7572747869 30.4503546246 29.8121910589 31.3142019126 31.1189659884 29.983098713 29.4815080517 28.8907773509 31.6177271675 31.8304381806 29.5388195325 29.7759632685 29.1343985249 31.1160348075 30.7439438498 31.7865831619 30.7337241978 30.5422446994 30.0800313234 29.4721341469 31.0646164753 30.2468509833 29.0927923251 31.3460497692 28.9360437548 30.9094356548 30.753952575 28.5398478333 30.6116977375 30.6186900584 31.0704123378 30.2553467253
29.6773056162 30.3660121276 29.8073055023 30.6513879214 28.9099277547 29.6863151703 31.484410668 30.0357059607 31.0467681192 29.974630291 30.6516901593 29.8957517308 30.0182454182 30.2877620528 30.6741011319 31.0230634027 29.591427533 30.8852615029 28.9569357581 30.1887782965 30.7698586007 30.7783482449 30.4626417477 31.6051105723 30.5677685983 29.3060356557 28.7997681792 30.9362500598 29.763095578 31.5742274937 31.8465671417 29.1296505016 31.2520158695 31.1897431616 28.9094847894 29.9321158865 29.866046943 29.642311352 30.7392966776 29.237964768 30.9598632636 29.2034995656 28.7238624932 31.7903287404 30.1117230057 28.7465475372 30.5946288839 29.2389307364 30.0996209846 31.4470309716 31.2378225377 30.1858453502 31.7010610318
31.297927613 30.5070581871 29.0205484435 32.0174605299 29.1839702121 31.5849816691 31.8761810591 31.001373236 31.4198323658 29.1123784741 30.8993929321 31.4876596302 29.2780394349 30.7467937532 28.9753522823 28.9953730996 28.7813280999 30.9047082732 31.6918084031 29.0326708925 31.3437869978 30.7273888851 29.2649272922 31.5220192779 29.0992502625 28.6677982608 31.0305940477 29.7714324368 31.8252167564 31.0139922084 31.7377095129 30.2784640486 31.1380805129 31.5373971521 31.2759706479 28.9342595819 31.1589099926 31.4330932634 28.7636982051 30.2827553076 30.4419256995 29.0002022401 30.6768857539 30.5412354992 31.0640316734 30.8967844493 29.7795478168 31.3789630498 31.9812393003 29.167830611 29.0414242239 30.1782608702 30.112276946
30.5239176642 30.7214105389 29.467608184 31.5690096248 29.6921487437 30.4369829902 30.0859779597 29.1877543913 30.1828643354 28.971924208 28.7860414836 29.6955808503 28.5521373287 29.0731040397 30.3632375108 28.6182600662 29.9321900396 28.8711774309 30.38378315 31.8641006149 30.630572331 29.1704382359 31.9911188739 30.851494805 29.7818825116 30.7639577923 30.7760575282 30.5475214902 31.7188491147 30.6003208705 28.5256350168 28.5587473677 30.1913370958 31.4595009869 31.7636922743 29.103448996 31.9379310116 30.7259488037 31.6932980353 29.7792012396 31.751344454 30.2612412599 31.3632096746 29.8863779424 30.7039081357 28.8228104641 30.0639808533 29.4750059388 29.9153830008 30.9023521984 29.5127633816 29.2036284409 29.4143869644
28.7110710398 29.5385914355 29.4022185199 30.7771030387 29.9040418338 30.0237118811 31.078773007 29.8397827711 31.947671193 29.8774258155 28.7649957582 28.5317410767 31.5241745848 30.5932430507 31.4110390219 30.7870627075 30.8970526391 29.5960441372 28.6607351936 29.1252415581 30.8465748042 29.7117941168 30.2127356007 28.6596968427 29.5857605477 29.2958212755 31.8284124086 30.0927370808 28.8962178715 28.9740591437 31.569981329 30.7696753379 30.4450134971 31.3976136561 31.4827187243 31.9089719241 30.7675821797 31.9651977846 30.161092676 31.7869197873 31.2537287657 28.709098425 31.7656069651 28.8757179879 28.9653232417 31.3547249948 29.1450753814 28.8629287147 28.6826705465 28.7118457023 29.8140069673 28.9747895263 31.4242042841
28.6460326002 31.1034741966 29.9694839151 31.227164467 30.6592043506 29.8588527082 30.6898800905 29.4514354274 31.4832686955 28.691818297 31.55835754 31.4483979983 31.3890206882 30.7268424921 29.120908402 29.8892628993 28.5794772731 31.0982794764 29.8240074877 30.8543053011 29.6424484772 29.8392712845 31.1088155482 30.2236443594 31.0570873203 31.6179524969 31.7469729101 30.0483934407 29.224846027 31.5611765674 30.6127234722 31.7869385128 30.5642511012 30.1154697288 32.0083091489 30.2538413333 28.8225669813 29.5209453977 30.3738603951 30.6484197134 31.7099908126 30.461083719 29.6360146228 29.4938071982 31.5415444217 30.7369970915 31.407663626 28.8149004943 30.0185974389 30.0288994892 28.527977526 32.0226544762 31.5207811438
31.6435281269 29.7922313286 31.19076872 31.1474817264 31.0915850158 29.5546855301 29.934052448 29.978940421 32.005654053 30.9301282281 29.3641259513 31.7419474302 31.9706821197 30.6407155726 29.3071787149 31.5171629358 29.1944998585 29.0965139603 31.3251010856 30.1181928304 29.7031434315 31.1033338839 29.1195758695 28.861497767 30.3795353963 30.4130505929 31.0920724207 30.7710885634 29.9461301667 28.5775014716 31.1055532914 30.0998821613 29.1328988011 30.5967113256 30.8965812927 28.6979086441 29.6023361914 30.5455331014 30.6236336588 29.2958068334 31.3904758931 29.0798038276 30.4243112391 31.5505870726 29.1861736474 30.2549463719 30.5183177493 31.2982301594 30.1160476377 29.6394417019 29.9474480844 31.9119348839 31.1234505558
32.0009978955 30.7317780691 31.6926969621 31.8805230996 31.4088592166 28.667921741 30.747672555 31.3287149152 31.698926238 29.2900926766 30.9461152533 30.0651146734 31.6842661761 28.8998926769 29.3593504929 28.769657995 30.486366653 30.690937517 30.8845325931 31.8907770553 31.5987897821 30.6306213681 30.9967329995 29.5291501666 31.5102394972 28.6430419583 30.3542938938 30.4398632706 29.7090612678 29.0890916297 31.5552266902 29.4041940144 29.2272148561 28.6182527712 28.8403520012 31.3025002957 29.3846533078 31.7043588574 31.7053238081 30.1045609371 28.7263550984 29.8954501111 31.2254995264 28.5355344688 31.5296933407 30.0692949354 30.8612098269 29.7851664357 31.2584954412 31.1144197532 31.0141050241 29.3049936534 29.5406158505
29.1123990359 31.6212062316 30.1591907698 31.6589846021 29.7261946825 28.8434256784 31.5647720488 29.3113248596 30.870581555 29.152912285 30.8971872131 30.1325444966 30.2897754347 31.2411188177 30.193316579 30.5591636178 30.9856366672 29.0580764383 31.5080877473 28.7955646187 30.6806936604 30.6994978656 30.454878006 29.1752854442 29.5013332411 30.8546373974 30.7404099605 29.7343719581 30.955273564 30.3295121238 29.301558522 29.9162633869 29.4755800773 29.5073351709 30.2532457778 30.6824401652 29.6146092182 30.4375742666 31.390413291 28.7561593651 30.1083645958 29.9261198974 31.7913128978 28.5568624822 29.6105240255 32.0313061027 30.7314447188 29.0386530638 29.0552211076 31.2784164786 30.7106362393 29.5373091294 30.5723583405
29.6263635485 31.4500289589 29.9850198575 30.9710177453 29.6570890972 30.8685254411 29.8375119662 31.1115641893 28.6410426706 31.7185627421 29.1904842848 28.9636623785 29.9240422341 31.7469541613 29.0776159279 28.7639151604 30.8087544788 31.6229819048 30.4233965301 28.9750549938 31.8859182685 30.8481002089 31.5238848272 31.4811519497 29.0508028467 31.2579042413 31.8052189816 28.858728493 31.8062844932 28.6463062191 30.0674984142 30.0711192075 28.8395993172 31.8728555951 28.7239446072 30.7170155804 30.6799230461 30.4305030179 28.6446617725 28.9915501548 29.2727896213 29.1891073237 29.9004709231 30.8513781446 30.6454477776 31.6714882797 31.9090445876 31.3244663803 31.0852683015 29.6027001331 29.4339594163 31.7313266965 29.056045698
29.5566315939 28.9581503191 30.58376366 30.8067320816 29.6522029015 30.0110920333 31.5949587699 29.7311504774 29.2217331506 29.8995827166 32.0037477586 31.0053482412 29.8132711565 30.3626805699 29.9641247474 29.8798762657 29.2042544878 29.9876599667 28.7839642494 29.1057294453 30.4610549351 30.4593274996 31.5234737515 28.5319003021 30.296993519 32.0043496192 31.3345911929 31.7204521953 29.5499552098 31.9331102205 30.9855756508 30.6315780135 29.9960645335 30.9544580187 31.6243418551 30.1749778278 29.6826879834 31.4457543451 28.5396874617 31.6581688236 29.9517162159 28.614409031 31.0741550487 31.9214070159 29.3465287859 31.8679878147 28.5840166029 29.9808438459 30.7985532361 31.8702222618 31.2735538433 31.4784509838 30.5589128674
29.0471556084 30.637523716 31.9905299882 30.2560283905 30.9504714642 30.6065076646 31.7223740238 30.2858661099 30.5181379463 31.6263758373 28.9877071993 28.8799464547 29.75515358 30.7641202146 31.6306978106 30.2374557035 31.2909725876 31.7822254411 29.7310030929 29.3815820194 28.7901333991 29.5928900081 29.9807157713 30.7335901196 28.8259376342 30.3867191491 29.7150881491 30.7185401893 31.6652155471 31.1428075108 29.5794422953 31.933480992 31.5089086011 31.5359023534 29.4895316201 31.267568291 30.5312552173 29.5477908267 29.7898836659 29.9872228316 31.806446651 31.5853183099 31.4000701858 29.5622306337 30.9712055414 28.6974037517 30.439071798 29.0495219818 31.2276376904 29.6514350116 29.7929461641 30.2539896744 31.0130400043
30.101280606 29.8458904679 30.3706735985 31.4584140526 31.179590467 30.8802253033 29.1524205206 30.1787504658 29.0253773019 29.1388529835 31.1904267949 29.6670520179 29.7875416515 31.6339056435 30.4585751375 28.8501705574 31.524836808 31.2195445117 30.6018757971 31.3954884262 29.8901342855 28.5949880644 28.7212495574 30.6197973611 28.6740356136 29.7413586778 29.302750163 31.1931446561 31.1807817617 31.8714857285 31.0653480799 31.1629285751 31.4087176474 31.5555443104 31.2432251482 28.7424385907 30.5676256692 30.6488455773 28.6793190266 28.870566355 29.9907633087 30.916763936 30.9701660599 29.9238978623 29.072975296 29.8288860271 31.8392965182 31.4289976869 28.838470442 31.7231821747 30.0302040463 31.086278103 30.9902188579
