Spatial_Output/90% DEC/90DEC_1398.asc
NCOLS 155
NROWS 192
XLLCORNER 196769.923733
YLLCORNER 449719.875193
CELLSIZE 27.603701
NODATA_VALUE NaN
[rows 0 to 22 of 192, columns 0 to 52 of 155]
0 0 0 0 0 0 0 0 0 0 0 0 0 0 0 0 0 0 0 0 0 0 0 0 0 0 0 0 0 0 0 0 0 0 0 0 0 0 0 0 0 0 0 0 0 0 32.814354978 32.8451851392 32.5541507215 32.6288488679 32.5693773151 33.2048796791 32.6615950018
0 0 0 0 0 0 0 0 0 0 0 0 0 0 0 0 0 0 0 0 0 0 0 0 0 0 0 0 0 0 0 0 0 0 0 0 0 0 0 0 0 0 0 32.6194182373 32.5847328693 32.8592369918 32.9822973663 32.8951139367 33.1845190065 32.5505834479 32.8971610716 32.7303832409 33.1312677597
0 0 0 0 0 0 0 0 0 0 0 0 0 0 0 0 0 0 0 0 0 0 0 0 0 0 0 0 0 0 0 0 0 0 0 0 0 0 0 0 0 32.6936472143 32.7315647925 32.9094511255 32.8584728106 32.553865578 32.7873433962 32.7446273361 32.609901447 33.0179972098 32.7484239184 33.0460234097 32.5432112677
0 0 0 0 0 0 0 0 0 0 0 0 0 0 0 0 0 0 0 0 0 0 0 0 0 0 0 0 0 0 0 0 0 0 0 0 0 0 0 33.2061191856 32.8985978174 32.52438921 32.7556203107 33.194462336 32.9601733198 32.7818854946 32.7691306687 32.7442197669 32.6373420647 32.86539511 32.9138114144 32.8854990593 32.955059035
0 0 0 0 0 0 0 0 0 0 0 0 0 0 0 0 0 0 0 0 0 0 0 0 0 0 0 0 0 0 0 0 0 0 0 0 0 32.6348770533 32.6153930919 32.9888020672 32.639482973 32.546571485 33.0653179182 32.7232642302 32.6597909823 32.9274486462 33.1729559688 32.6625009254 32.657880716 32.7624780486 32.9600838859 32.8020991834 32.8926269619
0 0 0 0 0 0 0 0 0 0 0 0 0 0 0 0 0 0 0 0 0 0 0 0 0 0 0 0 0 0 0 0 0 0 32.6124278024 32.6084411116 32.5881855126 33.0480252515 33.1632469648 32.7304447184 32.8895812924 32.5158581394 33.0428648313 32.7972244233 33.0547847883 32.6715292323 32.8174489797 32.6648393508 32.8462530015 33.2032792545 32.8880042655 32.6480190905 32.5896398678
0 0 0 0 0 0 0 0 0 0 0 0 0 0 0 0 0 0 0 0 0 0 0 0 0 0 0 0 0 0 0 0 32.7100644212 32.5856814632 32.6454453912 32.8778122034 33.124036582 32.7406715964 32.9561119537 32.7294810415 32.965215274 32.8988746128 32.9831576807 32.5959683678 32.6961678583 33.10956701 32.78200372 32.5206618499 32.7699856197 32.6945774056 32.541807113 32.9390907889 32.5317049336
0 0 0 0 0 0 0 0 0 0 0 0 32.6611841953 32.5005522034 32.8437496788 32.6401631779 33.1319696423 32.7422528741 33.0865303459 33.0986397599 32.8883517543 33.1297974521 32.8770096822 32.9180798043 32.6017011807 32.5518829255 32.8614485128 32.9993463311 32.9175002533 32.8841126294 32.9520650244 32.5791210666 32.7184327931 32.7436309274 32.7761524071 32.9699045751 32.6358486062 32.7805191032 33.0954498216 33.1926170802 32.6948524753 32.9448599012 32.8994567854 32.6284344178 32.9955401736 32.7876691172 32.9321657411 32.5983001957 32.9884987765 32.8477481545 32.7747648885 32.9679041303 33.1540555894
0 0 0 0 0 0 0 0 0 40.9754537034 48.78797985 51.6237785386 33.1729007259 32.8348641893 33.039631336 32.6686474823 32.6751850875 33.1021890065 32.5935448496 32.8518974725 32.6652887736 32.5123119342 33.0858107148 32.5080211808 32.5195367652 33.0225615913 33.1936177681 32.8031057253 32.5015943767 32.5845609075 32.9042384182 32.786811474 32.5540684119 33.0537037626 32.8374123336 32.5391019724 33.0175997152 33.1862702985 32.7915988888 33.0918736302 33.0554491185 32.9695629499 32.7528321108 32.6279663335 32.9248109138 32.5064636138 32.9255775293 32.526841946 33.0500837059 32.8613746766 32.66661048 33.0723247173 33.1766249333
0 0 0 0 0 0 0 0 0 51.0016805832 50.3487189577 45.3214408215 32.931095179 32.9831895307 32.7537129677 33.1798395011 32.7472388798 32.9289261321 33.1582496612 32.574155178 32.9592442427 32.8830270844 33.032583296 32.7875837109 32.5056870087 32.9288319294 32.8185296903 33.0899118816 33.1564766724 33.1179547394 32.6393336105 32.5229037469 32.8914684447 32.9133507416 32.6254754013 33.1663376193 32.9632083809 33.1929661861 33.0613139457 33.0354347387 32.6927031229 32.7994924411 33.0909537389 33.1649227325 33.1922587008 33.1396143196 32.7312074939 32.8927901641 33.142374173 32.5690740033 33.1739545603 32.6602711716 32.7096385096
0 0 0 0 0 0 0 0 0 46.8112147906 49.0184895607 51.7054746865 32.7815294814 32.5588318209 33.0043113487 32.8525700904 33.1049424018 33.1627804163 33.0217602667 32.7724719654 32.8291995867 32.9392814715 32.669391028 33.2019163356 32.7129046178 32.5740808394 33.0852977798 32.6497512706 33.0245440295 32.963472392 32.9560685735 32.6935590911 33.0839590302 33.0183121691 32.8542700393 32.5162890661 33.1553096766 33.1938879356 32.8068631132 32.5840590253 33.1896108914 32.7194822789 32.6957092806 32.5393162228 32.6955360282 32.9058367308 32.5970492697 32.813760756 32.795481346 32.8803222446 32.9852032257 32.8227193763 32.7997362926
0 0 0 0 0 0 0 0 32.6522965479 32.6247970713 33.1262286181 32.7548004701 32.8529915712 32.7989617456 33.1226582822 33.1807349311 32.8644771737 32.6510472569 33.1897184995 32.9047533361 32.7676638941 33.0071558866 33.1895858895 32.7538527309 33.1728325018 33.0499483493 33.1478379165 33.1031959207 32.6579928427 32.9294375664 32.6233968747 32.725319406 32.7944757701 33.1566164195 33.0019690596 32.7353759483 32.5684315414 32.6962634043 33.1241852595 33.15007404 32.6497607723 33.0802754236 33.0667685428 33.0468124503 32.586997811 32.5245626308 33.183499738 32.6112081405 32.9417486059 33.1880272083 32.9395480321 32.9532453039 32.7473833023
0 0 0 0 0 0 0 0 32.9159786096 32.7238781231 33.1206207056 32.690477122 32.8461202312 32.6925014532 33.1824743345 32.6045047482 33.1434458155 32.9927203574 33.1154180537 32.9850619089 32.7328138652 32.7256473832 33.188802373 33.0762169292 33.2016592524 32.7886153609 32.9282994296 33.1828302462 32.7985157541 32.7188865571 32.8620782227 33.1215121041 32.7249440004 32.7620372031 33.1153132315 32.7733903464 32.5165672482 33.0649768025 32.951348994 32.7812554977 32.794315016 33.0693490597 32.8874252918 32.7660263122 32.6916130861 32.7143243146 33.0794940492 33.0003156621 32.5893131691 33.1142543713 32.6078741577 32.948728054 33.1484179815
0 0 0 0 0 45.2934054306 49.6634236585 40.9592765424 32.5199997875 33.0985196284 33.0544152088 33.0633411454 33.1527431252 33.0956282758 33.2016986076 32.7379661947 32.6954987796 32.6513577919 32.6509267578 32.6062567762 33.0567055121 32.6257015891 32.7884717641 32.5305712114 33.1956734381 33.1717317162 32.6140148463 33.0695885201 32.6805085003 33.127062602 32.6271075847 32.6795134658 32.7140539201 32.8356326315 32.9947830289 32.8666499571 32.6138042366 33.1805987497 32.8946248276 32.6357993125 32.6371380114 33.0068683617 32.9210808316 33.1219428797 32.992079923 33.1963447035 33.137545418 32.6120200496 33.0181634068 33.0545707924 33.1399303291 32.9842852981 32.732709474
0 0 0 0 0 44.8371426108 47.2306099337 44.9426348276 32.6873141411 32.8343919341 32.7003421253 33.1767434586 33.0872450293 32.635752674 32.8300247509 32.9959565759 33.0619266241 33.0068834881 33.0915409179 33.0585022062 32.6272167348 33.0585644248 32.8728463484 32.7854751631 33.0733522145 32.5450492365 33.1535444359 32.5650571791 33.1360920033 32.9471538327 33.1579892623 32.87506154 32.7354170099 32.5322756642 32.7303432733 33.0620928994 33.0446890924 32.7462262061 32.9266780629 32.8280089553 32.6968965931 32.8222835588 32.5954184641 33.0722595306 32.8370044797 32.6936602446 32.9177243879 32.9914309872 33.0728487253 32.6228601807 32.5020928351 32.9389468074 32.6897395607
0 0 0 0 32.6306092722 51.9226315155 49.7005819051 44.9325850285 32.6212910163 32.5319666089 32.628951305 32.9204075426 32.5524531776 33.0165613699 32.7527633297 33.1318666215 33.0736152835 32.9389349661 32.9598015057 32.7139763984 33.1504273817 32.6620378943 32.5269542601 32.9027768517 33.1842255503 32.9341727645 32.5632142205 32.8064574588 33.1547681159 32.5105379388 33.042342982 32.8226229419 32.8073344782 33.2033084286 32.8736501119 32.8142901931 32.9713083271 32.8762737709 32.5644724519 32.9017679182 32.582596154 32.5256080855 32.9724373885 32.9185075821 32.9322225059 32.5882415485 32.5407331822 32.5808303722 32.9795256918 32.5785636703 32.6582968269 32.8797591544 32.8944649243
0 0 0 32.7850566154 32.9286839741 32.741796337 32.5987816279 32.8589141748 33.006511054 32.5279697514 32.6893068279 32.765997824 33.0594903647 32.9702922305 32.8929859884 32.5083934896 32.7312114217 32.5703740944 32.8615681741 32.8776648042 33.1141799784 32.8456550448 32.8118817852 33.0932528734 32.5124321263 32.9071742835 32.6766102388 32.8169125121 32.5887990029 32.7428341553 32.9395322572 33.1687723246 32.7119581311 32.749064758 33.1432072646 33.014175586 32.6802036829 32.9869949907 32.7460585357 32.9505697405 32.6825145244 33.0887818692 33.1841753989 32.9288132265 32.8781072552 33.1961543493 32.6563078545 33.2069107758 32.5162094858 32.6736056229 32.8752440682 33.0295867686 33.0364069356
0 0 32.7679598515 32.8430012018 32.5954155553 32.7438032859 32.7985638317 32.616592372 33.0351290006 33.0630939759 33.0665886185 32.8628223633 33.1964573075 32.6423583785 32.7514325666 32.7667810022 32.5333587203 32.5303128075 33.0473853427 32.9036450616 32.8714453311 32.7402616013 32.9488697387 32.9653382903 32.6185845284 32.9355650913 33.1901145177 33.0419997467 33.1161591434 33.0672800786 32.9436357855 32.8085730595 32.6974676673 33.0596206658 33.1613713815 32.6359595089 32.6728356466 33.0887158261 33.1271103064 33.1521191803 32.7526010814 32.6433907715 32.9144016258 32.7613551326 32.9050256115 32.8156967424 33.0202419834 32.6036086899 32.5686732294 32.8619950766 32.7504660738 32.987666813 32.913282579
0 0 32.9924501159 32.7204369275 33.0987953391 32.9990340779 32.6690763294 32.8365592484 32.6750047883 32.5309288543 32.9087775644 32.5772775546 32.8635111978 33.087293095 32.5338514249 32.7990688765 33.0697646179 32.7182514779 32.7198860089 32.5912005661 33.0078532148 32.8678934624 33.0730428222 32.8566126906 33.0558130474 32.6698359209 32.6033525021 33.1354132607 32.5197894955 32.5826976603 32.7017604649 33.1181660264 33.035650995 32.6675861335 32.8188227141 32.6410269267 33.0389348817 32.6554912152 32.654355481 33.0456757941 32.6393193356 32.9083591092 32.6293862821 32.7297504506 32.6579398738 32.675700043 33.1003519291 32.889102992 33.0472929639 33.0935716531 32.9881737598 32.8677640563 32.5036037421
0 0 33.1674472343 32.6026205314 32.8018551964 33.1743167277 32.6155343379 32.551579356 32.923528498 32.9435867523 32.9628031317 32.9024516028 33.1868286408 32.786904862 32.6438664727 33.179180806 32.6931762221 32.6339642487 32.90918471 32.9732048696 32.9428489121 32.5643060605 32.5021996032 32.7097780631 32.7298657467 33.0898779185 32.8860580209 32.9887375546 33.2028704643 33.0815897106 32.7520404793 33.1728961248 32.8818415072 33.1755060062 32.6280369759 32.9325251259 32.5979406525 32.8137788205 32.8581169848 32.9899089137 32.8950768349 32.6104080037 33.133801915 32.9002729008 32.971340214 32.6159043162 32.79148927 32.5200371237 33.0675640609 32.7822283479 32.5442546148 33.0071728639 32.6932362243
0 0 32.6256363275 32.8714030369 33.1241191471 33.1438586585 33.1544839681 32.9238783058 32.9117118486 32.8416044804 32.9412209644 32.6425951168 32.8968534244 32.7984286486 32.8927747628 32.7936017695 32.8947239879 32.5799514848 32.6189335114 32.6821954923 33.2012007291 32.9967569751 33.0890308752 32.86303824 33.185272029 32.7670068399 32.6451099281 32.7715593749 32.7571997418 32.8952543926 32.8430940401 32.9298596592 32.6692598696 32.7064258896 32.9789668283 33.0153837865 32.5884044088 32.9982147139 32.9688009915 32.9192716597 32.6027445579 32.9966554696 32.6682915487 33.0990302613 33.1453666851 33.2033410271 32.5454046124 32.6367342238 33.0919537198 32.8624150618 32.6025814616 32.7640694975 32.5826717547
0 0 33.0751720616 32.7738415061 32.6016978813 32.6466011601 32.6536820821 33.0230930138 32.9714140238 32.7677301609 33.1306949363 33.2025090979 32.8993256957 32.8467197741 32.8026087543 32.8435463071 32.9218615527 33.1401497478 33.0912692712 32.7949357188 32.5028665141 32.9336505957 33.0125080543 32.7048523995 32.6706993241 32.7497127481 33.094094505 32.747611984 32.7085753111 32.6390740741 32.8632966596 32.9862186035 32.8760116427 32.6616045139 32.6308620245 33.0028443158 32.6475341292 32.6891063475 33.026381181 32.506494734 32.7206503149 32.7876252792 32.8240180023 33.0690984288 33.047660207 32.6282179272 32.7828582559 33.0013097366 33.1401830225 33.1784567657 32.5700513315 32.8202766601 32.7362906315
0 0 32.6087574467 32.6097451054 32.7979679677 32.8611616436 32.8961714717 32.7948828131 32.9297222841 32.5118270733 32.7076356795 32.7831842003 32.5840852648 32.8429537468 32.7209263418 33.0883903169 32.6781520702 32.8178591288 32.6722012343 32.9274098633 32.9865720196 32.6850986745 33.1392292431 33.1640319336 32.6670555583 33.0428030717 32.7473843658 32.9032629933 33.0728652222 32.8880780585 32.9929232602 32.7245281625 32.8986217953 32.8062566082 32.5086624247 33.0150703917 32.7470543191 32.8767752429 32.8099364121 32.7441400881 33.036830606 32.5980989567 32.7855400846 32.563884665 32.9641728543 33.0865984605 32.7819827949 32.82043117 32.597778557 32.5860500929 32.6750665164 33.0129326178 32.9458745869
