Spatial_Output/90% DEC/90DEC_1099.asc
NCOLS 155
NROWS 192
XLLCORNER 196769.923733
YLLCORNER 449719.875193
CELLSIZE 27.603701
NODATA_VALUE NaN
[rows 92 to 114 of 192, columns 0 to 52 of 155]
0 0 0 0 0 0 0 31.6174558664 29.3695733697 28.9188964105 29.7194095301 28.6053004033 31.936930549 31.341919905 31.8479318005 30.8041390583 28.8640384439 30.6749801035 30.5294686416 28.8753813943 28.6750531593 30.0889834971 30.9096094643 29.9085977561 29.539238748 28.5420849645 29.7357113654 31.1222820504 31.4295216495 28.9431850942 30.3175090794 31.3445085749 29.5476966047 31.9729898155 29.1724142023 30.439838334 29.9169691591 29.5921622452 30.3637899541 31.355263823 29.5449628606 29.6932207834 30.7350477358 30.6102710025 29.6038298123 30.5601175215 29.7425412738 28.5534041409 31.4663168198 30.5958284625 30.9260456479 30.3344913572 29.0341527528
0 0 0 0 0 0 0 0 29.2476478531 29.9793056403 31.0361396163 30.561756525 30.1244534882 30.6428866264 31.7194888893 30.015906376 29.9970905398 30.606036545 30.8677674575 29.9780592736 30.0984772278 29.7677362065 29.3928722339 30.6719578342 31.5637525312 31.3015972968 31.8190224973 28.8752829239 29.9213335535 29.6036134954 29.6097019192 31.1752058558 28.8727709706 30.7310789433 30.8442625558 31.4620764259 30.180513413 30.6309822697 31.5637715454 29.4778398483 31.9847788222 30.3460935449 30.2196073517 30.0360593139 31.4269666398 31.7506149953 30.4309285243 29.0152837136 31.7888917923 29.2041676426 31.4309038381 31.5360755539 31.3435644368
0 0 0 0 0 0 0 0 0 0 31.0882447348 30.8343944667 31.9883651446 28.9380667042 31.0030077968 31.3449173246 29.4755318706 31.0597971508 30.8850327658 31.8891282344 30.6604321748 30.6072611062 28.9715485219 31.3142315171 31.9003073329 29.0636284628 30.791742995 31.8955065712 31.4469522869 31.3021699206 32.0117577713 30.4728613344 30.8037757541 30.1810894586 29.0531165297 30.6738784572 31.5724881672 30.7644085687 29.9722376464 30.525328197 31.0767231074 30.7222192225 30.3955339195 28.5463907069 29.4217011684 31.414096273 30.2640000404 31.7566017177 31.0462975407 31.9411080075 31.3304260401 29.0185304961 30.5121091993
0 0 0 0 0 0 0 0 0 0 31.8808042711 29.3850841134 28.553065438 31.054952216 28.9932438197 31.3481413564 29.2735201844 29.8323009595 30.3389862304 31.6589518433 32.0031473476 30.2999821863 30.734674243 29.2715351163 29.9618875118 29.9518992471 31.9939009014 31.1867681691 30.2237528976 30.8146157421 30.8004213873 31.1304692015 30.4146775169 29.9734751845 31.2754805631 28.5309255036 29.9497188393 30.1478907993 30.7622582566 32.0290651938 30.5007903771 32.0245475416 30.2094788842 32.0290731215 28.9780616908 31.3215097245 30.1444822315 29.5886243103 30.5369026499 29.1439920979 31.2623777137 30.4353511923 29.1249349874
0 0 0 0 0 0 0 0 0 0 29.6839794074 31.7586727472 29.8734911271 31.5775020651 31.0764812343 31.5285737918 30.0247193558 30.9529574238 29.0059282216 31.3764328198 28.7964689883 31.1770249901 30.5221396069 28.5158893266 28.9934234906 31.4100556945 30.5675482905 30.2504139822 30.8879552353 28.9489620808 28.9248930102 31.0094194091 29.6059317265 30.5047329893 30.6691256981 28.6376532614 30.5178367677 31.3225623319 31.2799853467 30.6675056591 29.6887996016 29.555352908 30.6918276662 29.9393415802 30.7070364699 30.736135986 31.7881833502 31.0293032655 28.7042106531 31.8248626722 29.0331036921 28.9171752367 29.8938228334
0 0 0 0 0 0 0 0 30.8644244035 28.791642402 29.8644059017 31.5926722187 31.8101356536 29.0678655654 29.8981145427 29.8955089223 29.8488171759 31.091491035 30.0227053924 28.7117934793 30.2467955245 29.2938632388 30.6613768535 30.9855777023 28.640064893 29.9334443212 30.3798083213 31.9015587143 29.417490479 29.6440109873 31.6884012168 31.8114226021 30.6258529345 28.7933096843 31.0050134665 31.6241451965 31.7204940944 31.9603978615 31.1810433377 30.755054241 31.7679066547 31.4516414027 30.7152824251 29.8390483891 29.5712135915 31.1651343515 30.8627630539 28.9570915812 29.3239953046 31.6331972416 31.8383922054 30.9338693283 29.0747174918
0 0 0 0 0 0 0 31.359433913 31.0464916278 31.1055865323 28.6727948793 29.1689559777 30.3534877232 30.6156211775 28.5733347328 31.6634911098 30.5737167823 30.1860673135 29.224813343 31.6255439685 30.9960498494 31.4047636422 29.6439942635 29.0645701598 30.9539085051 31.2769853993 31.6929011057 31.8355997679 29.5530160985 30.2798699118 28.7004905445 30.1155429789 31.213923477 30.319424604 29.0910374802 29.28002391 28.5056426346 29.5725005804 29.6670908716 31.6563102166 30.4590789632 29.6311072886 30.2130821374 29.2207799894 29.9084094229 29.863222231 30.7422313565 31.1730703901 30.5368690465 31.0554084279 31.0037507465 31.1988671225 28.9728559421
0 0 0 0 0 0 0 31.7146504611 29.8961327861 29.1133564111 31.7767132284 31.8812066375 29.2843344898 29.9678273307 31.705825348 31.8537408485 31.8600196267 30.0945230484 31.6666422369 29.2413934304 31.6733254976 29.5282672381 31.6199068748 28.5433857293 29.487213826 31.0791453729 29.8483286286 29.6729886629 30.6502032641 30.2606393172 31.7562073221 29.9017352893 31.0648741705 29.6869374356 31.648834065 29.2864289056 30.3798259556 31.3512829407 31.9665251105 30.1495471782 29.8989893434 28.5152209689 29.470693318 29.7992096461 31.9934498723 29.6408519845 31.7077346908 31.0322669595 30.6708540941 29.9850453515 29.9141843594 31.6283320339 31.2874686622
0 0 0 0 0 0 0 0 28.6212047471 31.4536703817 29.3880544148 31.3802446925 29.5866569431 29.9611937353 28.9398550229 31.8236661594 31.2022173376 31.796472444 29.5366908872 30.6332761478 30.968175707 28.7053651934 29.2557662846 31.9492426872 31.2911179753 28.7857742517 30.6983196566 29.1447781867 29.3979240448 29.8958974402 30.5104997508 29.5123994864 30.6099181673 29.8457729833 31.4999689023 29.0522199207 31.0900915374 29.4875122722 31.8485598229 31.2779328853 30.8172168602 31.92034788 30.922910899 31.5870043507 30.3195671948 31.8059471934 28.5295521276 30.0900931744 29.4282049972 29.1459063811 31.9568655899 30.8222787114 29.8011664841
0 0 0 0 0 0 0 0 0 29.6525737793 31.5895701839 31.9251385692 31.221326922 31.1577137275 31.4602535259 29.7918834067 29.7479642114 28.6787024053 30.2413506112 29.1755570616 30.5269120747 31.8978120177 30.8982301219 30.1378994797 28.783286529 29.4220912236 30.9057792022 29.8367071551 30.0590411979 30.2513603685 30.7200058665 30.1820703573 28.7885689722 29.830382479 30.0112307733 30.6376412876 29.9110949686 30.5897498778 30.7010354769 31.2551621886 30.4334610985 29.7128280143 31.8379323093 30.5340713191 29.6727816366 29.3349254053 28.910046066 28.5729000504 31.6341557707 30.3896930037 29.590331131 28.6390863333 29.3168868135
0 0 0 0 0 0 0 0 0 0 0 29.5061572124 31.9685295007 29.9259773728 29.4175617818 30.7675843095 31.9880864932 29.0165762644 30.779175747 30.0533546445 31.5553281693 30.6711107739 31.757379047 29.203494368 29.1246098692 29.724426141 30.8262758531 31.9658319838 28.8597006534 31.7832391807 28.8545899166 28.6398566709 30.5428467937 31.6532476922 30.3956446221 31.4453199865 29.1868355568 30.1868633808 31.7921323215 29.836069236 30.7174305606 31.2203386913 31.8266882461 31.9849921389 29.2482048158 31.9979499374 30.401153947 31.5739924957 31.0202993004 28.8054253238 28.6890861394 29.1984556519 31.0281332112
0 0 0 0 0 0 0 0 0 0 0 0 0 0 29.1094064162 29.2722884083 29.694413918 29.3269401697 28.6798669033 31.6502631965 31.7619859716 29.0427234694 31.7896191815 30.7750489872 30.2158928994 29.5083010805 30.3256133642 31.4017920003 29.2413184334 28.7223520751 31.9928703326 29.6448359305 31.0023816351 29.314814434 29.0142308594 29.7735711911 29.8345214093 29.9861662305 30.0574876792 29.472623387 31.1943973529 28.7199305749 29.7711343194 29.2611090363 29.4994852645 30.4174970521 30.9761400699 30.7670528152 30.8934517766 29.4650563583 31.4956798208 30.1279267683 30.3643923894
0 0 0 0 0 0 0 0 0 0 0 0 0 0 0 31.5596648599 29.8590166035 31.3009282081 31.9153348762 29.2422399157 29.1519836125 29.4854694377 30.2342342775 29.4958216202 29.5326063635 28.9929180111 31.896903302 30.2318540064 29.2857945 30.5949665229 30.5539639104 29.5873276884 31.2465227287 29.5285720392 30.1282394706 31.7486187633 29.4652259362 31.2323780782 29.7033387752 29.069490549 32.0315309634 29.8122270931 29.8142345953 28.9321895357 29.1176914844 29.6474798704 29.602545517 31.5413381514 29.9043411299 31.8356224895 28.9795157673 31.1372927024 29.968160217
0 0 0 0 0 0 0 0 0 0 0 0 0 0 0 30.1943861728 31.1108665314 30.2980165928 28.5711388696 29.8122725433 30.3829291711 31.8621602644 29.7815263516 30.0177457953 29.7188594868 31.3803918822 31.752621101 30.3854317782 31.3425025429 30.5750985563 31.8065256293 31.1001610106 31.3147824378 31.4731324809 31.3867550399 28.5261687585 29.970508909 30.7481572988 29.850369496 29.1953107985 29.1514074255 29.6978736444 30.9033828387 31.8092843164 31.9140417688 31.7576353788 31.6760050703 28.8730969719 28.6765772188 29.9305553108 29.5726562985 29.3613043418 28.6789510592
0 0 0 0 0 0 0 0 0 0 0 0 0 0 0 0 29.5309339685 31.4885920965 31.0188765838 31.2476286398 32.0205022652 28.6899235007 29.3686107191 29.0449893458 29.5679507341 29.9668192571 28.6792974988 30.4554516369 29.7038076693 28.7952703941 29.3818127348 29.9098237125 32.0152289759 29.2436979836 30.8349991708 31.570959159 31.7139348083 30.8989301949 28.94531037 29.2440903513 31.5483297386 31.8912507421 30.3397702464 29.9238416355 31.7976388425 30.9708716341 28.8081450412 28.9927147513 30.2299290942 29.4705703363 30.9893045352 28.6064069909 28.7000802184
0 0 0 0 0 0 0 0 0 0 0 0 0 0 0 18.0057640341 20.5170115209 21.6493498824 31.3697076083 30.7087134308 30.1666560479 29.1323000861 29.0314075537 28.9350192856 32.003648053 31.2348637915 31.1688004286 28.8257315925 30.5866155546 28.9602750986 30.3760609131 29.1081279339 31.4508162951 31.0390982254 30.7688429296 30.4190057947 31.7842929246 29.2485246947 31.1823181367 30.3983011311 31.0792694139 30.1681924771 28.6333169675 29.2865296786 30.3919760399 29.5371582591 30.5209688037 30.2412865046 30.5706787024 29.9685569671 30.4712289373 31.5702936013 30.8858975194
0 0 0 0 0 0 0 0 0 0 0 0 0 0 72.4439560294 27.0096552142 20.2050712839 25.7919634278 31.3576425702 30.0783192352 31.2634840952 31.7153711984 31.3116648734 31.4352129779 31.1841410683 31.3453894931 31.8343595751 30.6814680589 30.2319411415 30.93134786 29.2937619355 28.8988482347 28.9891524098 29.5567325079 31.29111029 29.2284715544 29.5873026902 29.6642739902 31.3353064402 29.6008417966 30.200376605 29.727258883 31.1019477869 29.5536095742 30.4983987295 29.3333516329 29.1674463458 29.534148699 31.1247154181 31.5371704271 30.9895780622 31.2659997877 29.0475374453
0 0 0 0 0 0 0 0 0 0 0 0 0 0 0 19.0309206072 13.8927909307 14.2800991647 30.1679214651 30.6583251101 29.5969283042 31.8805943977 31.723150385 29.1633816193 30.0552340739 29.9845998503 29.7069397118 31.909053838 30.8012291777 29.330906503 30.3882807947 31.2416522903 31.0033699248 30.3390320681 30.8149484759 30.7142257621 28.8618579628 28.7198302416 30.0697366813 31.5669125819 29.1687121264 29.2105893735 30.8513582529 29.9122062962 29.385630705 30.9896968465 31.9864771113 30.5820432083 30.5090766131 29.9550802733 29.318251254 30.7885828082 30.2228552566
0 0 0 0 0 0 0 0 0 0 0 0 0 0 0 0 0 30.6609019174 31.8324742996 31.4110351355 31.2863546942 31.9814035128 29.9110731658 28.9700916056 28.7797052722 31.5559418127 31.8949445158 28.6906888369 30.5137524023 30.0548308032 29.3164612292 31.0512367995 31.6851524737 31.1263577876 28.5200501479 31.4788150988 31.6177774137 29.4110173057 31.1386886795 32.0080384946 30.9321675867 28.5687940923 31.77551975 31.1846558478 31.8941783017 28.8581141389 30.1631963636 30.2849834307 30.3153791744 29.1989082193 29.4422617172 28.6629377184 30.641119936
0 0 0 0 0 0 0 0 0 0 0 0 0 0 0 0 0 28.7694771134 30.010188442 30.331341661 29.4853256512 30.883173127 29.8372202669 28.7604922508 28.7030852474 28.6144547519 31.5292763007 30.244043392 29.531876158 31.8461289451 30.2331471447 28.9761707089 29.4742321911 31.1169977261 28.9085347015 30.2420625686 30.4726511687 31.7346864448 29.0926414391 30.7287239854 30.2992460212 28.8148142448 28.5466332951 28.9811118285 28.8666659132 31.1125788588 29.1038449772 30.0934482838 29.8030281195 31.790211926 30.1312553157 30.9724177375 31.0377084302
0 0 0 0 0 0 0 0 0 0 0 0 0 0 0 0 0 0 31.5161903169 31.7802423847 31.6682650124 28.9469899819 30.1644428905 30.0715307036 28.5308351155 29.2130633029 31.1154275961 28.9835705808 31.4944962547 29.0248344381 28.785674743 29.5716621003 28.5969557986 30.945555112 29.0761356485 29.2767824381 29.3070547201 29.6067305582 29.3581674589 31.2672847928 28.8087686676 29.2849817065 30.014983075 28.8377886901 28.5423993241 30.1144102272 31.2184525648 28.5628250344 29.3132177712 31.3656122302 28.8407092876 32.0132341662 29.5797274277
0 0 0 0 0 0 0 0 0 0 0 0 0 0 0 0 0 0 29.4532990469 28.5447120327 29.4513302807 30.1811379266 31.4948473063 30.8074407517 30.7259306028 31.8800958307 30.9339009042 30.6600480747 31.0199885021 31.6499863551 31.6371888225 31.7857828176 28.9261470959 30.7470258469 31.1969723125 29.984690845 29.416091111 28.9239734487 29.4817401153 29.4671659786 28.8005632339 29.6863279377 31.2105217099 30.5277152161 30.8247378113 30.5196574932 31.328188747 30.9637096447 29.2405720824 30.9835390489 29.0396395563 30.971433836 30.7746723435
0 0 0 0 0 0 0 0 0 0 0 0 0 0 0 0 0 0 0 28.5838841242 30.2616310175 31.2848548991 30.906672633 30.073834473 29.7453425195 28.5933969344 29.5754875618 28.8938000341 31.6256003321 30.6489667117 29.904377818 29.1166753441 31.6104087223 29.2002658428 29.4087458856 31.0896559776 31.9972568679 31.0768066869 31.8019189361 29.1698863958 29.4138238428 31.8645420779 30.7276586248 30.8285231702 28.6480297275 31.459325243 31.1718333754 29.2584995783 31.9998683992 28.8550984442 30.0292290104 30.8385595612 29.175130332
