Spatial_Output/90% DEC/90DEC_0176.asc
NCOLS 155
NROWS 192
XLLCORNER 196769.923733
YLLCORNER 449719.875193
CELLSIZE 27.603701
NODATA_VALUE NaN
[rows 161 to 183 of 192, columns 53 to 105 of 155]
44.9644685444 45.1411077263 45.0966946233 45.0445447167 44.8938138969 44.5844505431 44.5307093881 45.1290452278 44.5974674827 45.1739868449 44.7442510121 45.1736345819 45.0800849421 45.0459049971 44.5294567921 44.510910061 44.6995152782 44.5739477813 45.0905517687 45.1271037629 44.9923247152 44.5974895374 44.6353671706 45.0341344309 44.9575617878 44.6270307762 44.5818038672 44.5360135443 44.5224592188 44.7934199253 44.8538327535 44.5737843554 45.1601075448 44.8413741808 44.7824710948 45.1926931687 45.1632126964 44.5031419829 45.1276507091 44.564244629 44.77040654 44.6479563205 45.1326740099 44.8767290884 44.9492124981 45.1446337514 44.6418339277 44.956849375 45.0752583546 45.1310267089 44.7143027537 44.7105660397 44.9982965317
44.629982707 44.6997218089 45.1486495021 44.6255837505 44.9858272264 44.7037125828 44.7287709598 44.7849316215 44.5490335437 45.1864849571 44.8341946991 44.7080804529 44.6315406764 44.635563596 45.1429512403 44.8254223158 44.6819537857 44.623113809 44.7884773252 45.1777823169 45.015154507 45.111954282 45.0153510392 44.521847037 45.0386174936 45.1396444185 44.7482587932 45.1396820847 45.1136565818 44.9617846399 45.0515273212 44.9405198075 44.9840516832 45.0416682982 45.0262499912 44.8029905554 44.5335412403 44.696346407 44.8119568311 44.7207847911 44.7510159519 44.5002091852 45.1256049056 44.579412978 45.0305376176 44.8715122913 44.6639986422 44.7876500951 44.6971383621 44.8432231508 45.126965747 45.1753193531 44.8865098476
0 44.8739437589 45.1213017541 44.7585806419 44.7466881561 44.7314211285 44.5277298657 44.5299247382 44.6184888848 44.9232300696 44.6620153818 44.7126088902 44.8131568696 44.8987055115 44.9385075292 44.699487409 44.8885740523 44.949525293 44.5207656555 44.8735523642 44.7776027605 45.064727152 44.8872857972 44.6306291506 44.6394019012 45.1322001975 44.5125400388 44.8599654956 44.6914829724 44.5408689937 44.7370562657 44.5211582745 44.9061191621 44.8395574217 44.5758002663 45.1630086048 44.5668051189 44.9886977317 45.0847985816 45.1018979188 44.9555229151 45.054144018 44.7847452177 45.170630877 45.0388713249 45.0852359444 44.5565500567 44.801878874 44.5895018548 44.5914642363 44.538088581 45.0337671085 44.8660984895
0 0 0 44.6571106609 45.1129090215 45.1428142387 44.7266848624 45.0454471461 44.9223183389 44.9129706974 44.6430180672 44.6927362671 44.9959539335 45.0046107192 45.0332827818 44.812683525 45.0890030599 44.8429602755 44.9520492938 44.9132980199 44.6869445015 44.69313765 44.7264248802 45.1748535617 44.9655998743 44.6904324953 44.8779171524 45.186834477 44.6812565036 44.9322181476 45.0140744763 45.205848534 44.7455815468 45.1511045983 44.5262396701 44.9981730631 44.9490345532 44.5394208512 45.1941475785 44.9114068251 44.5321959225 44.6220318666 44.8973082755 44.582772515 44.7132997083 45.032514858 44.9844622683 44.7345811185 44.5550103138 44.9116020818 45.1798382052 44.9910860578 44.6001462797
0 0 0 0 0 0 45.1561940574 45.0865299807 45.1353969291 45.1478194221 45.1927501786 44.8777673115 45.1772729264 44.6262871142 45.1334771649 45.1994662468 44.5931719397 44.9062789484 45.0134787873 44.5879825468 45.1113958037 44.843781119 44.661365396 44.95272045 44.633642674 45.025129203 44.8493781268 44.647406074 44.7827025858 44.9572726899 45.1644032406 45.1782662238 44.6286045905 44.8210800295 44.8556555816 44.6759850319 45.0631533764 45.0208229557 45.0909803883 44.7619060689 44.7719649731 44.6821995164 44.9058415357 44.8173377848 44.8619752795 44.781891094 44.7894143732 45.0703779354 44.5088565888 44.7223440515 44.7574626712 44.7657705624 45.0304337899
0 0 0 0 0 0 0 0 0 44.9774415672 45.1073687428 44.6708630769 44.6148537764 45.015453766 45.1133300718 45.1248409965 44.5160781925 0 44.9351271779 44.7746781082 44.8185165535 44.788149184 44.8067319211 44.7977444323 44.8424607557 45.0230061085 45.0357534035 44.5031412222 44.9040566572 44.5796911251 44.543961237 44.983284822 45.0367374127 44.6456967977 44.6039687172 44.7439801938 45.0086090597 44.8701541434 44.8921001813 44.5705614938 45.0706190542 44.9184602402 45.0655736856 44.6146533322 44.9692251816 44.9207925825 44.9649336203 44.999286807 45.2022950371 44.920048641 44.9356453565 44.8969503738 44.7785863562
0 0 0 0 0 0 0 0 0 0 0 44.774455058 44.6711930986 45.0291793706 45.1585824827 45.1341566959 0 0 0 44.9709049417 45.0562465014 44.5554018404 44.8743324299 45.0651305927 44.7923687403 44.8794598033 44.5141913061 45.1525320036 44.6427965742 44.5273321781 44.806741182 45.0068576531 44.7868443169 45.1959788672 44.6250159252 44.5424578634 44.5429984207 44.5559861224 44.885091121 44.6953007599 44.8498285921 44.6117569614 45.0469210633 44.5770629866 45.0589713109 45.1387864918 44.9991405452 44.8968665973 44.7395863901 44.7204838263 44.8200202659 44.7256253203 45.0042387168
0 0 0 0 0 0 0 0 0 0 0 0 65.9304345373 65.9304345373 65.9304345373 0 0 0 0 0 45.1958703114 44.7082036613 44.858746997 44.8672849037 44.6798349233 45.0210990682 44.6629830535 44.6969320995 44.7010641628 44.5922484743 44.8386394811 44.7115771544 45.0172561583 44.6315241615 44.8801452843 44.9216900373 44.5206601385 44.8917559807 45.1876985472 45.203065192 45.1875602652 44.8018839012 44.8588141551 45.0775866361 45.094992784 44.5785883802 45.1385946649 45.0422174359 44.6621084851 44.7718978967 45.1491597089 44.904389118 44.7705962146
0 0 0 0 0 0 0 0 0 0 0 0 66.7400970441 61.9367370092 65.1975396076 0 0 0 0 0 44.5081716691 44.8999319319 44.7426297178 44.9509444129 44.8007612401 44.9883321453 44.8183430525 44.8530882497 44.5523901148 44.6022479197 45.0327853325 44.6557698268 44.6747365884 44.6921355578 44.612769216 44.8191251422 44.8116930428 44.9206194824 44.5535014139 44.5744769685 44.5914444721 44.5591970427 44.5213519538 45.1065848187 44.894342812 44.8615070598 45.0875376713 44.9426183269 44.669895302 44.8855928487 44.7026416745 44.7750602892 44.7538199408
0 0 0 0 0 0 0 0 0 0 0 0 65.2635509926 60.774608976 60.5675860783 0 0 0 0 0 0 44.9088317013 44.6029493873 45.0216421002 44.9663853182 44.5078511174 44.5985454428 45.0157451247 45.0978833198 44.5344949207 44.6251078169 44.5010077698 44.7417841616 44.6389231458 45.0149583167 44.9854563137 44.8452840453 44.832362801 45.2023778657 44.6572861992 44.7885374831 44.7804684128 44.6363991001 44.5303366273 44.7511733329 44.6477848564 44.9912252166 44.6011765322 44.6769454354 44.8759661319 44.8623272762 44.679833891 44.7454059645
0 0 0 0 0 0 0 0 0 0 0 0 69.5945506709 61.2025418416 64.2005658931 0 0 0 0 0 0 0 44.7865715625 44.7303848234 45.1565913673 44.9708095215 45.0513292679 45.0258853885 44.7569650619 44.7503414822 44.8978909486 45.1559260362 44.5132591797 45.083536601 44.5463830059 44.5287604743 45.1156591408 44.5412677528 44.7878916559 45.2061592135 44.6059847831 44.5629405723 44.5911501918 44.6970895796 44.7944919673 44.844282784 44.771118008 44.8334476412 45.0282364327 44.9042566262 44.758887362 44.8955201671 45.1153237848
0 0 0 0 0 0 0 0 0 0 0 0 0 0 0 0 0 0 0 0 0 0 0 44.916460155 45.0535584558 45.0605888418 44.9549244805 45.1372349335 45.0829401104 44.5156698686 45.1412594607 44.7238468679 45.1876022876 45.173237285 44.6182526821 45.0873345927 44.5434816573 44.6871700369 44.5108829451 44.9492290738 45.0844594653 45.0804251989 45.0485426104 44.7279092057 44.7183678431 44.501417805 44.5203952564 44.5942848084 45.0896883462 44.6119656276 44.6631725445 45.0033030057 44.8969399252
0 0 0 0 0 0 0 0 0 0 0 0 0 0 0 0 0 0 0 0 0 0 0 0 44.6232755994 44.7178380115 44.7177825188 44.9673047572 44.6482107968 44.5062888304 44.889104727 44.8157971142 45.1117943372 45.0854002931 44.8182407622 44.8034411906 44.9318425368 44.7900950448 44.5701410133 45.0973000015 44.5691870781 44.6097043103 45.1525842225 45.1642932953 44.6834377144 44.8039914655 44.8532943529 45.071610383 44.6054515245 44.9611328911 44.8164789113 45.0593367682 44.8134153229
0 0 0 0 0 0 0 0 0 0 0 0 0 0 0 0 0 0 0 0 0 0 0 0 0 0 0 0 0 0 44.63543242 44.9949580666 45.1553164983 45.0730980878 44.696221374 45.1649796503 45.0321073184 45.1735827216 44.782958586 44.7344797935 44.768428499 44.9499012818 44.6870512814 44.9079675869 44.9923238431 45.0079763343 44.6611814945 44.6642975594 44.8555103188 44.9711965872 44.6550132575 45.0390095111 44.9538146763
0 0 0 0 0 0 0 0 0 0 0 0 0 0 0 0 0 0 0 0 0 0 0 0 0 0 0 0 0 0 0 0 0 0 44.8959481199 44.7809838719 45.1833962179 44.5618553157 44.5318990376 44.9085757357 44.763065769 44.6164305444 45.1270642908 44.7250374541 45.1573297128 45.0347187452 44.8876752229 44.8325204364 44.7338511857 44.5761526502 44.8705958737 44.5916616929 45.1435551942
0 0 0 0 0 0 0 0 0 0 0 0 0 0 0 0 0 0 0 0 0 0 0 0 0 0 0 0 0 0 0 0 0 0 0 44.7098375976 44.7420105218 44.6995021339 45.2018758856 44.8422670498 44.6494689258 44.856072861 44.5624973275 45.0275970514 44.9973267272 44.5638489697 44.959563145 44.7872543926 44.6884962038 44.7492217088 44.7140612101 45.0635447652 45.0355831688
0 0 0 0 0 0 0 0 0 0 0 0 0 0 0 0 0 0 0 0 0 0 0 0 0 0 0 0 0 0 0 0 0 0 0 0 45.0402307866 44.6407470246 44.9520604933 45.1345822807 45.0600699571 44.7888400136 44.9079873282 45.1117445608 45.0374883085 45.0053825974 44.9281913455 45.0881741337 44.5832783881 44.5053141419 44.718257273 44.9753951092 44.5663105467
0 0 0 0 0 0 0 0 0 0 0 0 0 0 0 0 0 0 0 0 0 0 0 0 0 0 0 0 0 0 0 0 0 0 0 0 0 44.7994598194 44.5954456825 44.5309384552 44.9731507196 44.9676917307 45.1227249222 45.0474715164 44.7189440672 45.1909100874 45.0319716063 44.7451627198 44.5971970092 45.1278023485 44.9007562706 44.56302595 45.2037583289
0 0 0 0 0 0 0 0 0 0 0 0 0 0 0 0 0 0 0 0 0 0 0 0 0 0 0 0 0 0 0 0 0 0 0 0 0 0 44.510918527 45.0286458747 44.8914713247 44.704143393 44.8185739566 44.6939025721 44.6942691305 44.7020102161 44.8987428688 44.986370624 44.5137967922 44.6323556505 44.6122122414 44.8100557451 45.1467691145
0 0 0 0 0 0 0 0 0 0 0 0 0 0 0 0 0 0 0 0 0 0 0 0 0 0 0 0 0 0 0 0 0 0 0 0 0 0 0 44.9018025777 45.115821119 44.8419386485 44.691028485 44.7220550454 44.8303674943 45.0549696987 44.7071760997 44.9050906601 44.7425208416 44.9287142925 45.1982340821 44.5722529241 44.9301661148
0 0 0 0 0 0 0 0 0 0 0 0 0 0 0 0 0 0 0 0 0 0 0 0 0 0 0 0 0 0 0 0 0 0 0 0 0 0 0 0 44.5633136289 44.9683340197 45.1265013778 44.6942554191 44.7305813091 44.5156950268 44.508329776 44.5587277448 45.1138888484 44.7671827112 45.0301517629 44.8087306558 44.9987654111
0 0 0 0 0 0 0 0 0 0 0 0 0 0 0 0 0 0 0 0 0 0 0 0 0 0 0 0 0 0 0 0 0 0 0 0 0 0 0 0 0 45.0031407927 45.1610023574 44.6076195864 44.6450404323 45.080882214 45.1980436723 44.6843155503 44.601428798 45.1124290401 44.9342900995 45.1131839679 45.0750187207
0 0 0 0 0 0 0 0 0 0 0 0 0 0 0 0 0 0 0 0 0 0 0 0 0 0 0 0 0 0 0 0 0 0 0 0 0 0 0 0 0 0 44.5723503077 45.2012185646 44.8526462311 44.6326500778 44.7130074179 44.7843629889 44.5322940815 44.9484971913 45.0198618626 44.7864422193 44.7071077199
