Spatial_Output/90% DEC/90DEC_1397.asc
NCOLS 155
NROWS 192
XLLCORNER 196769.923733
YLLCORNER 449719.875193
CELLSIZE 27.603701
NODATA_VALUE NaN
[rows 69 to 91 of 192, columns 0 to 52 of 155]
32.5073401399 32.7615487866 33.026745933 32.8511180232 32.7373045624 32.5939643639 32.7779040256 33.1837300868 32.8716106261 33.0274683146 33.1681411871 32.6589190899 33.1970868443 32.5656595398 33.0496942093 32.8367693616 32.9537774407 32.6694042126 32.7748709385 32.8482898391 33.0981582631 33.1980686381 33.003671778 32.9160401774 32.8831850812 33.1378630329 33.1927175093 32.7380111415 32.695293547 32.5312980284 33.1227531873 32.5746151069 32.9806837179 32.8639346238 33.1319257163 32.9619874089 32.5659618169 33.1267542751 32.6232443177 33.0187843878 32.564629262 32.7573230921 32.515790075 33.1270820126 32.9432742461 33.2064317327 32.8103517062 32.6980504082 32.9672063982 33.0180858628 33.1537858536 32.8075403216 32.7789640005
32.7241895994 32.8284227371 32.5748453478 32.7699319977 33.0737889282 32.5301893776 33.0405504394 32.9090517163 32.7264079194 32.8064763905 33.1227218891 32.9203533177 33.0944425792 32.6512873939 32.8305910966 32.8239735328 32.6406740641 33.0132372336 32.8846622223 32.8404082659 33.1799149964 33.1900942943 32.7879624756 33.1963767989 32.7374633093 32.6697099812 32.8752225054 32.5351103568 32.5931708569 33.0002570607 32.9490300667 32.6965493356 32.8195373258 32.6733596259 32.5654753328 32.8683794462 32.7833454376 32.7331662637 33.0129582269 32.9413719437 32.806661833 32.9872013923 32.6780505658 32.5514467031 33.0587447143 32.5130940654 33.1999172972 32.6174607492 32.8379444998 32.6365768352 33.0215866241 32.7109269186 33.126798695
32.6265630861 32.739224563 33.1767743978 32.5725759619 32.754640755 32.9155938814 32.8961543001 32.5290006492 33.1259747747 32.5133418789 32.826230375 32.6861141849 32.6469429748 32.7588051697 32.5188248097 32.7272316225 32.5053186659 32.5647515832 32.6546409008 32.7006851762 32.7584820921 32.6660432786 32.9746511067 32.9181573357 32.79217806 33.0083944678 32.5691904563 32.8715911327 33.0907277418 32.8951441922 32.8616254861 32.7214549544 32.7976464577 33.195571941 32.8699462703 33.194610237 33.1948397366 33.1654758597 33.1174185991 32.9681660536 33.1337587765 32.8110122576 32.7288067693 32.794327679 33.0931970301 33.1026544978 32.6827159882 32.933607408 32.5920057481 33.0944892563 33.0924029237 32.7123554053 32.5133334553
33.1879098357 32.8746234925 32.8654000277 32.8386675048 32.8031252516 32.7637861779 32.7253960624 33.0096159115 32.9349489998 32.5972552494 32.6886717215 32.784306834 32.8675630667 32.8982046022 33.0545214754 32.7382575078 32.5197645924 32.748905608 32.6716502676 32.5664518514 32.711693713 32.6257216191 32.9613705712 32.9761334108 33.1866105282 32.7804269783 33.0578766256 32.6883506719 33.0255536522 32.6262555201 32.6130962329 32.6553574751 33.1496747988 32.5352480907 32.9176740583 32.5794441305 33.1208078671 33.1001000322 33.0846255096 32.6007330729 32.7342001923 32.7420834571 32.5948400098 32.829766227 33.1822403652 33.0392410315 32.922461139 32.9709007086 32.5852673551 33.0761726576 32.6224564642 32.9592068333 33.0466059623
32.8383973525 32.570471334 32.6012578361 32.8402071848 32.5169114606 33.025965935 32.9231958562 32.5846840094 32.8415872518 33.0327912526 32.5358849406 33.1664985457 33.0264227285 32.673415545 32.9390191055 32.977131129 32.8032818878 32.6399623539 32.8297267355 32.7720021742 32.5483605508 33.1930758301 33.0609201335 32.8354382782 33.2008673087 32.9044904063 32.7133046357 32.7396435187 32.7334518883 32.8792554235 32.6584107087 33.205880189 33.0509860917 33.1868558738 32.7764420603 33.1147455935 32.5473599775 32.6251877486 33.0656271808 32.9666646933 32.6520528662 32.9779024528 33.0542134256 33.1789371537 32.7849584547 32.9395216782 32.8336400181 32.8079694083 32.7275160073 32.6467786348 32.8423842767 32.7180168722 32.5002692629
32.8853545097 33.1180611104 32.5192162602 32.7255853862 32.50383803 32.9566106437 33.1569556353 33.1399749158 32.6338547684 33.1594469548 33.0203284433 33.1385162232 32.7332384061 32.8015555616 33.1134902798 32.5556255259 32.5560095095 32.857470867 33.0749817947 33.1139616312 32.8549326447 33.1408122802 32.8084311034 32.8134216584 33.171665448 33.0017401477 33.1889846846 32.5456285727 32.6019669015 32.830792259 32.5987345403 32.6013762905 32.6316960712 33.1436605725 33.0846700914 32.6334617632 32.8812781304 32.7988748062 32.9269266174 32.8961857734 32.5987495043 33.1106666265 33.1345758074 33.0607105183 32.6550856568 32.8482798917 32.5815403162 32.5543490023 32.6428722095 32.7646452308 33.168893209 33.0364394792 33.0927294791
32.9118389504 33.033467351 32.8698593192 32.5263372363 32.9333558088 32.8468020831 32.6086493689 32.9451952761 33.2013574051 33.0892029921 32.7322966002 33.0939890098 33.1612331256 32.6417452047 32.7502546406 33.120225311 33.0471017519 32.5436673546 32.7665415382 32.7340089431 32.8451200392 32.6448648016 33.1616090722 32.8986824503 32.9017785338 32.8486683665 32.8146908496 32.9846482642 32.8674212464 32.8732085285 32.7537669335 33.0343022747 33.0111932966 33.0617734694 32.6457698493 32.6735436955 33.1854873513 32.5971397445 32.8685031359 33.0560142658 33.1254224161 33.1788643388 32.9717814809 32.6454556806 32.5969926645 32.8698541875 32.5297646726 32.7020527802 32.7097786494 32.9972219325 32.5472310879 32.619704311 33.1489551707
32.772236775 33.1256127388 32.6960735669 32.7649117298 33.067805959 33.1265634954 32.9351288581 32.953465981 32.5301599441 32.9541098241 33.0474911497 32.7397649305 32.8625759558 33.1294883893 33.2059470335 32.5945946506 32.5788046418 32.6359524606 33.1128509923 32.7788499456 32.5092957964 32.5201240944 33.1095185914 33.1125058315 32.9388016545 32.8512974713 32.5976231764 32.8839913184 33.013406954 32.9996696272 32.8835725917 33.0527162772 32.6980263551 32.5889134028 32.5836018437 32.5023234581 33.051458362 32.5075436891 32.7302870566 32.6453448691 33.1229183611 32.7410254375 33.1620525259 33.0472660444 32.7375994276 32.9457654411 32.8328281834 33.1318868321 32.9120153326 33.0059708684 32.658902586 32.6487453737 33.1522673342
32.8091279579 32.9808728619 32.6288949209 33.1182759105 32.9159444448 32.5961357721 32.7840487079 32.7361151159 32.8345910179 33.1252321581 32.7394941869 32.9377223922 32.8601666041 32.7503936059 32.9275290191 32.7684862736 32.9459424739 32.5032404913 32.784211642 32.9489438009 33.0023188035 32.8988600517 32.7229059667 32.5777610153 32.5024617536 32.6914952919 32.8349551155 32.7712187905 33.1623276913 32.9291966336 33.1356639607 33.1908678505 33.1229397528 32.9078421138 32.6988668615 32.582515696 32.717700574 32.5617386334 32.6422302199 32.8448680313 32.7318076003 33.0866232362 32.830919047 32.5103752008 33.112911293 32.889165995 32.6251519091 33.2063830574 33.1749904314 33.1707876852 32.9787820472 33.0753384123 32.9092321629
33.1257107452 32.7877228912 33.1526840974 33.0194136783 32.8147577677 32.9468711927 32.7206898802 32.6111721946 32.5855390029 32.9832575426 33.0780609968 32.7175253858 32.5234144157 33.069548997 32.9504364429 32.794514243 33.0102877827 32.6895526199 32.9050470885 32.7982646061 32.7087820614 32.5934466952 32.7380315787 33.155807337 32.9919532862 32.6440365931 33.1753459818 32.7956060016 32.6425817477 33.1152572886 32.5679120969 32.5546414978 32.5332917792 33.163015594 32.8753195889 33.1445017771 32.6145367993 32.9252346614 32.5482111262 32.6754033169 32.5998263539 32.7747284513 33.0102934795 32.7154888365 33.111368508 32.7774315184 32.9101242733 32.9828064998 32.8626807233 32.7167771385 33.004578672 32.7994089011 32.6168354968
33.1327000565 33.1563902248 32.9734499205 32.6627520862 32.7482856983 33.1869077881 33.1984106452 33.0925278868 32.8858179217 32.5627721135 33.1256301124 33.0483183074 32.7231267042 32.6642899625 33.0558074248 32.6782823613 32.5861965372 33.0737261427 32.9945181769 32.9494338762 32.9941509287 32.8349620396 32.8888270305 32.6279777341 32.6689408722 32.6093429138 33.1963188097 32.850183357 32.838196796 32.6669300987 33.0937261357 33.1690477514 33.0737752714 32.6620865729 32.7289945719 32.9991980686 33.1791397994 32.7011638153 32.6469730937 33.0215462082 32.739697374 32.5931819829 33.0123152301 32.8584231743 32.6916376809 33.1298527153 32.7829620965 33.0649681337 32.6033061255 32.7992843687 33.1358454183 32.5838313546 32.6940244784
32.5293091776 33.2018924092 33.0411406873 32.6869971664 33.1096506882 32.5715077219 32.8538565885 33.1622687367 32.9549502983 33.0511884096 32.8007352699 32.831895191 32.7471836913 32.7238531314 33.059790146 32.8539158036 33.0093976967 33.0692826701 33.0185304449 32.8029771327 32.9108502065 33.0089248663 32.7010944239 32.5340949666 33.0138822452 32.6342884466 32.8947241293 32.8126950752 32.7783227562 33.0028060268 32.9456089262 32.5748658999 32.7389940191 32.8386694448 32.7405349522 32.5342109345 32.7152503543 32.7139947556 33.0607865575 32.6777618539 32.6520976274 32.5358162484 33.0253328594 32.589640231 32.6115429078 33.1722262225 32.620097265 32.8521107729 32.9342551772 32.6004421014 32.53148126 33.0109379617 33.1812361105
33.176240938 32.9464020662 32.8966041761 33.1068663467 32.7317296337 32.8187281098 32.5306531419 32.9191214848 32.5984172963 32.887743066 32.625347289 32.7047525144 32.7380947228 32.760279201 32.9123307402 33.163426423 32.5376109131 32.5137551432 33.1876403465 32.5851485637 32.9479490032 32.6760188262 33.0762810661 32.9351634734 33.1837647896 33.1338335154 33.1482875391 32.8931761181 32.6094523516 32.5331989804 33.0797778796 32.7724893226 33.1036889387 32.9476747089 32.5938422421 32.9305647734 32.6853332943 32.7451094945 32.7307952144 32.9152009204 32.7900188535 33.0468254734 32.6882717555 32.7745120172 32.9164832743 33.0651712529 32.6274893931 32.5765619946 32.5296590321 32.8919739829 33.2037518814 32.9112209352 32.5799413668
33.0448298966 32.6620001316 32.5820760508 32.8494073299 32.5077020977 32.6562393402 32.8147265472 32.5468798086 32.5557925587 33.0540638222 33.0849397499 32.7568823224 32.8754628653 32.877557886 32.5066737534 32.65250935 32.5364401687 32.7616272632 32.7391292061 32.7672071721 33.0409486832 32.5773511919 32.7745807441 32.6918362699 33.1596358501 33.0474128513 32.7385827922 32.8772716704 32.6079301016 33.175606847 33.0262268513 32.5752683454 32.8287426772 33.1801933653 32.7420999098 33.0089278551 33.019175461 32.5096549427 32.5446045646 33.0644247714 32.9070066575 33.0908473067 32.9006767747 32.8329652332 33.027805688 32.5542316548 33.0969205918 33.1003043825 33.1121726095 33.1319524603 32.6208190307 33.1244086261 32.7519853858
0 32.9927075541 32.7454892716 32.8555962529 32.6079795498 32.7962912319 32.5226199091 33.0509491935 33.0851681746 32.7508001639 32.7587914602 32.5052484014 33.128014509 32.8781216508 32.6446213346 32.8205207474 32.6742744654 33.1797460917 32.8041408343 32.8999315692 32.7005771118 32.8161756055 33.0497930978 33.1132996505 32.6263421351 32.9353955463 32.9614202299 32.7298894605 32.7281459924 33.1729046398 32.7272816722 32.9562869537 32.694356532 32.5000962056 32.8387234723 33.0484873013 32.5275384092 32.7838830181 32.7839985243 32.7923136884 32.5680181985 33.1744626696 33.1935573611 32.723623236 33.0535829826 32.8674003293 33.1227513603 32.9110252728 32.9159556339 32.5441641535 33.1092559194 32.846822923 32.6588331951
0 32.5180512166 32.9600333127 33.1419295016 33.0988679276 32.6835474042 32.7549398077 32.6641856647 32.8244011989 32.8988443789 32.7584477325 33.0161822464 33.0172539444 32.923778449 32.5909264929 32.8663245408 32.856865564 33.0316212461 32.9112339175 32.6245529398 32.85524646 32.6479016202 32.8434001597 33.064839682 32.5693847215 32.6217881531 33.15853883 32.8100824775 32.608207012 33.1715747766 33.058537218 33.0314487493 32.7941975658 33.0051833626 32.9485711486 32.9066458033 32.8477753443 32.8935803169 32.9231468015 32.62521193 32.7224007313 33.096470277 32.5492233308 32.5012499153 33.1470069255 32.9997185525 33.0794160153 32.7418105906 32.6091755574 32.954937204 32.5243529689 33.1773688479 33.1824871218
0 33.155979841 32.8110788191 32.9463393606 33.1113387444 32.9950875186 32.5764730728 32.9234127849 33.1207609621 33.2053249939 32.8559031532 32.8398195467 32.9916320593 32.9983784174 33.0387215319 33.1316800737 33.0316080563 32.6431917526 32.8975625257 33.0191860571 32.6720649098 32.8482891262 32.6826386753 32.5522021658 32.7694181943 32.6223556856 32.5664020245 32.9824228669 32.7759291795 32.5567884348 32.9320269658 32.6996838862 32.9999479037 33.0258136283 32.5975810883 33.0224100132 32.7583017731 32.5275390223 32.9623610312 32.5881567514 32.9899492265 33.0332877706 32.6329499463 33.1700037853 32.5683058775 33.1625764034 32.7853359562 32.6236998911 32.820618462 33.1789206368 32.9911627895 32.7378131524 32.6000228293
0 0 32.9735322523 32.9351066488 32.5642176796 33.0076683479 33.0804249131 33.1420355823 33.1232762615 32.5252901962 32.5829828925 32.9208011074 33.0542052402 32.7687636573 32.761698446 32.8711859244 32.9208729439 33.1098134441 33.0539176408 32.6300549983 32.6501659283 32.7805701725 32.8644846034 32.9591501785 33.146401209 32.7357522312 32.7131651466 33.124382571 33.1692207648 33.0268402548 32.5853404861 32.6148133024 33.0869350862 33.1644376022 32.8467432078 32.8338671323 32.8704060619 32.7420455852 33.0043900794 32.5486356197 32.8490168752 32.9126236557 32.6370211769 32.6855899308 33.0564660252 32.6805054722 32.6201615844 32.614617733 33.0538506552 32.5429546922 32.7834662977 33.0154591667 33.0737350145
0 0 0 32.5751794834 32.8771241706 32.5575624405 32.5270721341 32.8675974531 33.0187740212 32.9203019474 33.0331853073 32.9436411353 32.9090683185 32.9870755951 33.0561907264 32.8457814391 33.1976162179 32.6579851821 32.6546174588 32.8420254533 32.6836098914 33.0499602416 32.974839311 32.9502907461 33.1326666691 32.530298542 32.6107665271 33.0015716706 32.8128912028 32.538565301 33.0865194749 33.059661801 32.7174361464 32.7680377329 32.5265866402 33.1022306101 32.7996426754 32.9136122375 33.0089927076 33.0022607126 33.1356901944 32.6943119036 33.155182343 32.6003729192 32.7789323551 32.6817896452 32.8292409915 32.8476955917 32.6268541 32.5751270861 32.6343942275 33.1610433456 32.5922619093
47.2137675398 48.1213270773 51.0151476628 0 0 32.8514071838 33.0814822136 32.8457233185 32.7099242923 33.0766166312 33.0355608064 32.9802485499 32.8228268189 32.8590767111 32.6200333483 32.8452040042 32.7031122757 33.051196255 32.8313590858 32.6968862916 32.9647773669 32.696516989 32.5838374267 32.6347602936 32.5416371113 32.8790558833 32.5559903031 32.8706183838 33.0193296801 33.1518868704 32.8297344488 32.9044832546 32.6599195528 33.1952724871 32.6079515801 33.1393439274 33.1629924978 33.2021998787 32.7938258552 32.7118421982 32.5164817697 32.9258740691 32.7078670253 32.8939677453 32.9745330333 33.0759316842 32.6774720079 32.605098633 32.9164512833 32.5677625403 33.113585019 32.7377514582 33.121658848
49.5744559342 47.5954043803 50.5052204864 0 0 0 33.1924241635 33.1602533287 32.8155866603 32.6285614052 32.895201708 33.0202258738 33.0992258505 33.0950257064 32.9293203876 33.1851942899 32.5336754782 32.5067103721 32.9444405118 32.9354917293 33.2001505028 32.5751528759 32.9732962822 33.0626859926 33.1552464391 33.0587076926 32.9275126189 32.7451822972 32.5245634264 32.9105575704 32.8947631273 32.8227489066 32.5728276989 32.5496813859 33.1495932446 32.6209835243 33.0297378374 32.9055387714 32.6705887117 32.8457267059 32.5331129644 32.8721173788 32.5196827436 33.0046145495 32.9854309416 32.7930436602 33.1934713183 32.9294796458 32.5801077131 32.9994351983 32.8857333336 32.6456995303 32.7309388799
43.9804949883 45.9764582246 50.7832107311 0 0 0 33.1820691914 32.6988313021 32.5953726062 32.6112261328 32.6957993818 32.9994537975 32.7145114059 32.522055996 33.0823085626 33.1264098922 33.0374349576 32.8649428504 32.7280877802 32.932872931 32.5558365091 32.8160761249 32.6561642264 32.55331154 32.7248777307 32.7833369082 32.5335039583 32.9443501043 32.5586741399 32.950050844 33.0137476404 32.7778722971 33.0123277335 32.5189382429 32.7789838391 33.0402329063 33.052242644 32.904574988 33.1074302303 32.6248116421 32.8844958678 32.8311467215 33.1059338421 33.1432500346 33.2022898002 33.0967357058 33.0174075684 32.5707291868 32.8898239239 33.1682883398 33.0380241872 32.6734130189 33.1160437962
0 0 0 0 0 0 33.0865177292 32.7583409395 32.9067464169 32.6577688512 32.5271834396 33.1095814936 32.8960343642 32.8961155052 32.5426679673 32.6877664508 32.9589088452 32.7742046347 32.8083885438 32.7929636399 33.1452681889 32.8680639631 33.0219513079 32.6619888906 32.8879775541 33.1464360233 32.919181856 33.1272834139 32.9556586603 32.8157852869 33.1395758645 32.5676383667 33.083194727 32.9195372752 32.6516486579 33.0773754123 32.8659310776 32.5951960155 32.6464644675 33.1921491244 32.5707288258 32.5489692204 32.9536795225 32.6300000629 32.5104199569 32.6852421637 32.5904259835 32.7686050435 32.7569293682 33.1162471871 32.7066364067 32.7757615177 32.8230739691
