Spatial_Output/90% DEC/90DEC_0076.asc
NCOLS 155
NROWS 192
XLLCORNER 196769.923733
YLLCORNER 449719.875193
CELLSIZE 27.603701
NODATA_VALUE NaN
[rows 138 to 160 of 192, columns 53 to 105 of 155]
44.9316866876 44.2349442523 43.1183750713 44.9503699403 44.7178402136 45.444817043 44.0233144541 70.3117303857 71.8696227533 44.868423887 44.3725056214 45.4272110376 43.9704375413 44.8312876741 45.6884346609 44.290022339 43.5010754228 44.5473744038 43.0515517167 44.0030755978 45.5374766821 43.9982394651 44.9397538215 43.6891396941 43.9290222159 45.7252417614 45.4699685822 43.1775088506 44.8076322323 45.6130699749 44.2559355505 43.6264417687 43.3420963868 45.2297220781 43.6867157285 43.3200359401 45.0291616326 45.0110065894 44.9356512714 43.7955362899 44.6921239374 43.8059050182 43.844721674 44.5910349861 45.2980798217 44.7996479045 43.4611748898 45.2201980278 44.9354665227 43.1578495655 45.5248862969 43.3983141907 45.7151838931
44.4793676764 43.9350781634 43.2954235963 45.6462024569 43.772460615 45.2817368849 43.1323340958 43.6242207541 45.7945627349 44.471866507 43.619729325 44.3222728281 45.0996838531 44.6868749622 45.669410571 45.1733333624 43.9101009304 45.4169869075 43.6301919356 44.8119671845 43.7618460222 43.660737189 43.1923229862 44.5888882479 45.5554237608 44.8643874248 45.4423154418 45.2272889045 43.7580312422 43.7098677941 44.822262241 44.0328736294 44.9861344293 43.0203868964 43.1155774838 45.6074023375 44.1699969816 44.6784760277 45.2844521442 43.9397893949 44.9175759529 43.3369753001 45.1021483829 44.4332463196 43.3982138536 44.7143611622 44.3195725306 44.9703900758 43.3398756792 44.6193741693 45.7605464369 43.5632021587 44.6489268063
44.5582165693 44.9328970791 45.347336288 45.0130884633 43.6601939333 45.5968667934 44.8471751021 43.7304712539 44.6405006412 44.5618764235 44.167229291 44.6106579398 43.9624872298 45.009242813 43.8091408653 43.1772837089 43.7009195462 45.1717776447 45.3233081935 45.7103458853 43.6210118218 43.8434427207 44.5939170713 43.5360483162 44.3828022431 43.0888372149 44.3649835028 44.7332394424 43.2873122497 44.4495864051 44.0746121471 45.7912784305 44.8206779638 43.186732184 45.1133463045 45.2180848832 45.0789154598 44.4048973628 44.9986897771 45.5041509044 45.6691339444 45.3061417967 43.4622607216 43.6890781335 45.1934479851 43.2402988963 43.6515033612 44.9437616263 45.7341457615 44.4517837389 44.0642229778 44.257708537 44.8372521057
44.4554755748 45.4454564337 43.5023527034 45.6460393555 45.738589025 43.6975033507 43.015516939 43.8862107766 43.5907671302 45.0196519691 44.2103570727 45.2189335495 45.3105030189 44.3685892013 43.3803519337 45.2833311587 43.926615837 44.4956774321 45.1424227037 44.4764018827 43.9762007013 45.0222041666 45.09631321 44.0060708259 45.1264015301 44.4086610576 43.3961936973 45.5202023298 43.6369985851 44.3072409514 44.9554154635 45.4050526438 45.4240790146 45.3489977611 45.5936417557 45.5609775538 43.6278623354 43.2378910173 45.6060301679 45.6289073394 45.8059371524 45.7166098236 43.381027559 43.1968085129 45.727251945 45.5076887199 43.1723357949 45.3217499809 45.0922774165 44.5876338669 44.7997319069 44.1041646996 45.3632428406
43.6192512338 43.0528781876 44.9346034699 43.1303574255 43.5789591557 44.8831244305 45.0902424303 43.5683667125 44.4772845991 45.5262696493 43.0513336216 45.5887390627 43.1104072266 45.413313758 44.1278412132 43.8640796461 44.7954917862 43.8181400015 43.1913473206 44.5181313432 44.6404479596 43.9608031391 45.3340589851 45.5041766576 43.6845218968 44.0985395364 44.3322342553 43.0640426268 45.2764159011 44.5777615234 45.6963031935 44.3394842924 43.3857336647 44.0560036579 43.0676149672 45.0180418234 45.6038137985 43.2959097815 43.5739613779 45.0589036907 43.8427083603 44.7929240646 43.6741207538 43.07555791 44.8667405969 43.5606833821 43.4086092134 45.0495817448 43.5971482521 44.6627330872 44.1334006595 44.3697881431 45.3395137262
45.7270521617 45.4998632939 45.2800944914 44.1290080868 44.3838119045 45.1782252258 45.3534662804 45.7275805954 43.1588653768 45.4322534028 44.4745894749 43.0548481048 45.2567556909 44.1653756421 45.7938463363 45.5359886595 45.168819866 43.8684696216 43.1017176095 45.4372368546 45.7183772655 44.1658572176 43.2309856368 45.042009168 43.8713169727 44.948049682 45.4722730035 43.0690551647 45.0824505444 45.4302222036 43.5819964232 43.1010620743 44.8972770243 43.7438303247 45.3675603285 44.7754345488 45.0149450829 45.0039827911 43.1704886285 43.8073990181 45.1615296271 44.0642800499 45.5077949195 43.0594246748 45.581855932 43.7865592816 44.0794284339 44.085684512 44.6817579167 44.8616653332 45.6392613695 45.5050385797 43.7815310227
43.3613628159 45.0405876165 45.8201182519 45.5677414835 44.2456002125 44.8750912115 43.9217556953 45.3816358803 45.6906555436 43.5017551835 44.2103089375 45.0710721205 44.3365910274 45.6590116041 44.8095353347 43.5234419986 45.7069019507 44.6529131216 43.6037428685 44.7068440584 43.3550313822 44.4780799094 44.2855626361 43.3896694818 43.6839735822 43.3938684495 43.5537352819 43.1472891396 45.0422887974 43.1729608003 43.4974474878 43.7973756734 43.349687539 45.6821282837 44.6841541779 45.1020405993 44.6771659585 44.8295790008 59.2649812977 59.2649812977 44.6474516785 45.4959147323 45.5747369034 44.2450271626 44.6962893453 43.4157300346 45.7405298683 44.2167468038 43.9279164304 43.9286382384 45.7999384726 44.0947663217 45.5149708089
43.5961757021 43.947984766 45.1233665347 44.7167247622 43.1429597219 45.0422495961 45.6661769591 44.8893376105 44.5177803734 44.6662100201 43.0051648347 44.2126386898 45.3426739118 43.715799168 44.0255396083 44.2434797437 44.8081981421 43.9307133937 44.5715567131 43.6708988216 45.4604121825 43.6195216055 45.5392051854 45.7789861222 45.8038024447 45.6930716897 43.9433677376 44.9004700317 44.1057675028 44.4203110896 43.4292723975 45.7055923193 44.9995071645 43.4086554414 45.2610328267 43.3751778232 45.6920508336 45.0290658728 44.8740812645 45.531203408 44.5317427056 43.3539368408 44.6434603777 45.0651194906 44.5290203394 43.238700974 45.0084330372 45.2466030275 43.3361686478 44.5972843998 43.1651459054 43.5395548631 43.4440807861
45.5208008553 45.2762836831 43.1364451766 43.1452357678 45.4548099881 43.1902536082 43.8656799591 43.7241875385 44.5157748888 44.3196430421 45.8151972408 44.4594910259 43.3112762524 45.0146952687 44.6302043716 43.4279432997 44.2957072973 43.3772972843 43.3153720559 44.1888079362 45.7679210818 43.6132950108 44.4515820283 45.4388883975 44.1500673122 44.2865607229 45.7166826237 44.9552936438 45.6604870338 43.4574718791 45.649366752 43.2089292704 43.7816211569 45.4916997166 44.1366511084 44.7221515876 45.498715371 44.7677573326 73.7491465539 43.1952755423 45.5314610368 43.4681524046 45.625393287 45.2556447597 43.9749144742 43.3555960076 44.3408696582 43.8031913395 45.1409405221 45.2326646784 45.5304982197 44.3698068293 44.7691530844
43.1461934166 44.9975037117 44.6250744818 45.0039608316 43.6292297537 43.2481686364 43.9955295566 45.3721429527 43.7214710468 45.7596780763 44.5929349875 43.8518016262 44.1955711724 44.8793405368 44.9031112879 45.201202997 44.44601417 44.7090526149 43.7922875136 45.174815544 43.094937618 45.4543937946 44.8399162693 44.9322902385 45.1241012619 45.7624134744 44.91652237 44.3820183261 45.0534843014 43.6425801631 44.046037103 45.730273576 44.5101572838 43.8371398253 44.6401861453 44.5252337067 43.5665055332 45.1722007795 73.7491465539 73.7491465539 73.7491465539 44.6557570473 44.3885012135 43.108774859 43.7126353224 43.2935842675 44.2924007021 45.0972461219 44.1700208357 45.1129213647 43.8767454072 45.0752208891 44.9013809725
43.9486640398 44.9036024677 44.3160685442 43.1429881435 44.5554035089 43.5864603413 43.0676436957 44.1206529644 43.8329189945 45.7144051334 44.700669089 43.3806268563 45.2215572267 43.2983661937 44.1169962786 43.1989304022 44.9447828428 43.8520170831 43.6533038365 44.74152021 45.3228090195 44.9692363285 43.3665532082 45.6735623991 43.0182120982 43.1158633697 43.063457031 43.2798282834 43.4881741357 45.4783985469 44.2229716528 44.3215495274 43.1331225745 43.7398710807 43.1372580709 45.5669107698 44.5672254791 43.5238636171 44.6417336386 45.2987030568 45.0080859823 43.3596156411 43.6428001775 45.2346481744 44.8587874469 43.3845915981 43.9000147782 45.0958239554 43.326992449 43.1859195786 44.6456581899 43.7302520471 45.4343334707
45.6905786337 45.227842596 44.5112148835 45.1200760113 43.7631180697 43.8505835077 45.6152286749 43.5824183554 44.532997005 45.2540109944 43.9668421121 43.5956477648 44.7765915314 44.0961892839 43.8541483703 43.694800821 43.7090944789 44.4480617604 45.709136359 45.6659947822 43.5190579132 45.1080629726 43.7389014464 44.2598793343 44.1360383238 44.9298382704 45.0449370262 43.1772402141 43.6290404272 45.8120802025 45.4187001442 44.3709324961 43.3908697683 44.8434917736 44.7701176027 45.760978816 45.1002251192 44.4324487486 44.6194587857 88.6879852483 88.6879852483 43.1303486651 45.8264784223 44.4775307448 44.9216318784 45.7968240278 44.3944498704 44.8997591338 43.5824636845 45.0083293376 44.7992393194 45.4431461835 43.958478632
45.4274581677 43.3007692433 44.0281547953 43.9755917696 44.8585297302 45.7901171962 45.6253678629 44.451047593 45.0152318699 43.1736965837 43.0074015121 43.050384507 44.364526764 44.2548695632 45.2058891744 43.3318839004 43.3038401538 45.8210335558 43.8382986935 45.1378861675 43.8588948347 44.4894254274 43.9010265671 43.1755034577 44.6386863699 45.3030523758 43.7229827069 45.2027039062 45.1816965882 44.6822479483 44.4303670314 43.7878341573 43.9092375463 43.1488318469 44.9100617572 43.970111905 45.2102665002 44.9248174419 88.6879852483 88.6879852483 88.6879852483 45.1562500817 44.3017103943 44.8034125202 43.6310115614 43.1278437986 45.6858084052 43.7944174079 43.7800540677 44.2804808629 43.2407758327 43.2672073627 44.9148377418
43.7876299522 43.7451159737 43.5563284789 43.4632919409 44.0943169386 45.250354105 43.0257303318 45.3754097414 45.3584506278 45.723419523 44.0825082251 44.0298407305 45.0105393583 45.2824093578 43.8215206241 44.1311430793 45.7877608031 44.3221070262 44.4697627562 43.9453155545 45.0898040864 43.050249084 45.2234786685 44.4569483903 44.9286064522 44.8687838483 43.8405323481 43.9093218774 45.5280533978 44.3307454024 44.1688156256 44.0533752402 45.5780241562 45.4432182122 44.6408391042 43.9439760718 44.8292269985 44.6237127291 45.1748122211 44.1161484685 44.6994184052 43.3909223418 44.9389560522 45.0120171979 44.1768410467 44.984842625 43.2980491831 43.1193667972 44.5018368835 43.1640397319 45.3775218071 44.7421356199 45.4525835135
43.2815922882 43.0650931963 43.2696169231 45.1244966782 45.8036955105 43.0572490866 43.4470050858 44.6974013445 44.2709328871 43.7703358564 45.5044063347 43.0425264857 43.4576730527 44.4086536271 45.0363366093 43.9586292517 43.7464506798 45.362924136 43.5199452629 45.5340046029 45.1148378549 45.6749709122 45.3510790001 45.0912151109 44.0181413751 43.9110157973 43.7805681452 44.4379323923 44.8995905759 45.0148831619 45.4863971028 44.0377605105 44.7913097307 43.5273883736 44.142208096 44.4393436748 44.4316940249 43.87674002 43.4316794513 44.3552924609 43.5961573796 43.9597485829 43.2989556682 44.1614462253 45.15594183 44.9401169444 43.0237677815 45.5303743017 45.6537454849 44.3681170716 44.2246477134 44.2862347179 45.2839725222
43.1664895129 44.03776619 45.37019845 43.0146986186 45.3030684206 43.6642362087 44.3759511789 43.247291337 45.1702148452 44.3742784024 44.6089950688 43.6662322124 45.3965086252 44.831116365 43.2356997892 44.514751786 44.7114687679 43.9873487979 43.3875856984 43.4735995189 45.7631097372 43.247283098 45.3644220798 45.1167685734 44.9801039457 44.7911067407 43.500069427 43.0196567905 45.6884255284 44.6474515619 43.7403886146 44.0735771274 43.1780589377 43.3928586521 43.5542996849 45.1390410606 44.2837305987 43.1231203797 43.4712450136 45.2820899342 44.6635986128 43.7447867218 44.2234538689 44.709563636 43.1543844453 44.8182626421 43.0947268718 44.5375712972 43.1476630219 45.3053807503 43.1928088922 43.7259089571 44.6495846976
44.8900470347 44.0209406335 43.6967708107 43.5383825248 43.6115726733 43.1951246602 45.4371916512 44.295570835 43.57651669 43.0374697919 45.5314920618 45.3419634895 44.3806829883 45.0658444187 43.3124471929 43.4386444502 44.8492219114 43.345282422 43.6136066195 45.333186688 43.0780745969 45.723625621 44.2246646894 44.3888768339 45.7023269441 43.2567616628 45.3024616799 45.0565467412 44.0035262956 45.330670972 45.7149136067 43.4317618801 44.096123519 45.7133830072 45.2600898633 43.3135740778 45.4245098276 43.3691106466 43.7532965302 45.7539985568 43.4515445944 44.1909979421 45.7387359641 44.399164319 43.7559939736 45.0239208221 45.541663113 43.2374940924 44.0460531666 44.1279271058 44.1751792444 44.3479144419 45.3817366853
45.0225799275 45.2775618756 43.9305572637 44.1424378342 45.4067129492 44.396058462 45.395454565 43.5690915391 44.756786593 43.5616846288 45.5569476849 45.3249040871 43.9962556599 45.3935765947 43.8665702776 45.6726532415 45.8191407699 44.7639221919 44.7922236416 43.8684567774 45.026308613 44.7386825819 43.53586216 43.745147425 43.9769522667 45.4161491219 43.1817492608 45.6421283777 45.341455795 43.8741024451 43.1774537887 43.4325888744 45.4798236318 44.655441567 44.0721900825 43.0103353151 43.6830496216 44.1593188403 44.6896542558 43.3341488873 45.7172214893 45.4157694636 43.8269920868 44.2712757751 44.1408419059 45.5147536709 44.9691268835 43.2747946535 43.6378402531 43.8950136006 43.9380509168 43.359770128 43.1751489864
44.4970298793 45.5962747342 45.1456948511 45.3242513544 44.3378961269 45.2307442557 44.0625285686 45.3450798343 44.6175373467 45.2994007481 43.4702868839 45.2097175501 43.1774938007 45.255427295 43.1370455117 43.1403534524 44.8980584049 44.8796903914 44.5735493804 45.1944182293 44.9385219807 44.6288235579 43.7870204974 45.7699885897 44.464163433 43.2633893789 43.413452205 43.9191472505 43.9048427522 44.0848277787 45.8241227668 43.2397201818 43.6712131646 45.0065183178 43.9774322523 44.9381904011 43.0855839517 43.825563493 43.2436323306 45.1692644617 45.7367951921 44.553739746 43.6445349351 43.453086273 45.7019509664 43.1441022127 45.1173234791 43.8789419457 43.669841446 43.8887065098 43.7898330948 43.911810732 44.0277275645
45.632756145 45.3829754381 45.1449265546 43.9740514632 43.1752153629 43.0992702154 43.8823131742 43.7983580236 45.7314307441 43.5177184607 45.5008008711 44.3876752573 44.3959745531 44.6733014367 43.0559315277 45.129198733 43.2330441598 45.7382120658 45.4021948879 45.2372443629 44.1366050975 43.716951603 44.3045110406 45.3934228505 44.3107363192 44.3293035355 43.2488484073 43.4687977708 44.5263812828 45.2681552303 45.3461014865 43.9712466707 45.3490684639 44.8305832626 44.7425100325 45.4859011743 44.3897448666 44.0457836517 43.7119676037 45.3949721586 45.176180889 44.8765225553 43.2903953454 43.2366534198 45.5287800215 43.3430371752 45.0023604559 45.1680726338 44.0279392885 45.38762769 43.0829033813 43.8294799409 45.2846950039
45.1940645004 43.8775545389 44.7965476658 43.3031741001 43.735207589 45.1863075123 43.9479312486 44.5616855952 44.8995829344 45.7956637523 43.0922560079 43.052227369 43.0478324365 45.3286957573 44.5646233874 45.0469432211 43.6992695368 45.3310670752 44.68081697 43.7543776077 45.3223805792 44.6653201962 44.0112844571 43.9293763425 43.5447496596 44.2567006592 45.7376011446 44.3117306629 44.6757887248 43.8442478606 45.2797441783 45.1302445036 45.463555844 43.8601223119 45.0624050836 45.394563177 43.1690924594 44.9052030197 44.8267688162 44.4286962477 45.3278531701 45.1576048209 44.9527396971 43.4555881519 43.1245054407 43.5954443756 44.5653209197 44.6479137008 43.5782929762 43.4223275213 45.1044801807 43.5068361456 44.7108909303
43.7098448883 43.4544966958 45.6857366603 45.7733203478 43.3020109433 43.1354302728 44.6715750382 43.6782309605 45.523485046 45.3655164541 44.2749152925 45.2839838254 44.0991983693 43.9646965284 43.4568498647 43.8865766409 43.5513894869 45.417835771 45.4718616015 44.8005001142 44.7969360662 44.1436714599 44.5364631604 45.6498804176 44.0722640008 43.1268639855 43.1024644703 45.1202710425 44.5938178184 43.2199256965 44.9915251013 44.7939404244 43.154574183 44.6055576844 43.9102749617 44.2688688892 45.4338241226 43.2305885668 44.84393067 43.6106223051 43.8497380311 43.4546247482 44.713997391 45.3624114486 45.6814340436 45.233032417 45.2849809594 43.2676329016 43.8314229792 44.2758861057 45.4944851336 45.4784133724 44.7821268349
45.2659732524 45.6327585457 43.1405562462 43.9601346735 43.6486280995 43.1720637967 44.7029184453 45.3023594773 44.2997540185 44.7300033498 43.8108470567 43.2940815227 44.4523150747 44.6106676086 43.740282252 43.1209811412 44.8242016424 43.3010459493 43.2750678405 45.3861864542 44.2145367016 43.8874800893 44.9273113725 43.4239412922 44.472765676 43.8859528916 43.5513404716 43.4634796584 43.8097405544 43.1285954909 45.5213870394 43.0601649721 45.8015284152 44.0323734825 44.3426073643 43.4025746618 43.5637864912 43.7026596847 44.76203021 43.5518675704 43.7317730089 44.0993216223 43.2012967522 44.67656453 43.7570702603 44.5950221659 43.8306173452 45.7663197575 44.7923094317 45.202043085 45.3516404679 43.3723048671 43.8272245813
