Spatial_Output/90% DEC/90DEC_0706.asc
NCOLS 155
NROWS 192
XLLCORNER 196769.923733
YLLCORNER 449719.875193
CELLSIZE 27.603701
NODATA_VALUE NaN
[rows 23 to 45 of 192, columns 53 to 105 of 155]
25.0922222279 25.9482102436 28.498568642 25.704677762 26.6979350215 28.6239625188 25.7311715654 26.1411621461 26.8521215937 28.3658124027 29.0720306158 25.2238158103 27.521391713 28.1007918599 26.2018879506 26.9727065779 25.0192595036 27.3455445379 29.2387302075 29.1764872218 25.78229106 28.0477090763 27.7473315907 26.4301110776 27.4361099214 28.4869482267 26.689080289 27.1913576915 26.4380102263 28.3045206542 26.2646538208 28.1939006456 26.4621546738 26.1542962018 25.7185787992 27.4692942534 27.1261100058 28.3126529103 26.098907513 27.6697085453 26.8083688999 26.3878129646 28.8444289488 26.9171795807 26.6715872397 27.9059627788 26.8386474577 27.3918804444 27.5310107925 28.0224756022 26.4434720147 28.0327750673 26.423138513
27.5835817598 25.6731185733 26.9225468403 26.8503150787 29.0211377504 27.0679383506 27.6992056597 26.395891398 25.5263499632 25.359690303 27.3908259896 28.5895581665 27.9266396994 25.203529579 28.8355556285 27.7643981804 28.686339958 26.4590533137 27.0643318687 27.4261635583 26.7339387294 28.9288333143 26.4787523787 28.6936844529 27.3568012298 25.2915853059 28.0290262479 27.4850973514 26.0034496618 27.4212165492 26.8481544981 25.4571855777 27.2754451799 27.7960490301 28.9303057042 25.0350943712 26.9028575084 27.9207193175 25.2283357061 27.0688172893 29.0354346419 27.7342188381 28.92573053 28.6060264038 26.6698671752 27.1362307925 25.4338927602 29.0060465259 25.0987947541 27.1111516492 26.1218083341 27.7238717393 28.510218377
26.4671810923 27.2902457268 25.915288785 26.9621863497 27.6591496629 27.1704939275 25.9960989125 26.9646922631 28.5225334448 27.8297241335 28.5519776155 25.7125113336 28.2927598332 27.0757075911 26.0894652614 25.6955247592 28.1914367116 27.6902673601 25.5511489326 25.8567184996 25.6152924096 27.9506958325 26.3888716592 26.3533743603 27.1755595723 28.1812681306 25.4759630902 28.4963341118 27.1658128624 26.7184348025 28.2983079305 27.9749954779 25.7733344851 25.079678588 26.86637532 25.2447773235 28.5852378948 28.0345210639 28.9589715757 27.0532222869 25.6284993861 28.5838558061 25.9067801836 25.8700797197 25.101124634 29.1116672687 28.449448476 26.4202034089 27.73189965 27.8821193937 26.8079080291 26.995565105 26.8793619325
28.0950222085 26.3692867213 26.8424083787 26.1046780427 27.6964976302 27.4731565402 25.9719989337 28.4071585493 25.9627307815 28.7096962448 26.7244140529 28.2000791031 26.9801740196 28.4808274722 25.379271616 28.7468297715 26.8789907606 25.8853424839 28.8889102843 27.8401341093 25.6919593455 27.491667573 25.8500625148 25.3592476509 26.9834809766 25.7377765758 28.4395826579 28.8148580386 26.2494372285 25.2768504208 29.1513066142 27.5797108568 27.3830748561 28.629938244 27.3517822189 27.3148475683 25.9122055753 25.686847235 29.1259102468 29.2147939478 25.0549822295 26.04707273 29.0707472816 28.5906935045 27.6922061122 28.0088741984 25.622767408 26.0327692496 27.6251549688 26.1126696491 27.1143660492 26.1164769049 25.7836007727
26.999247426 27.3544107826 28.3837731743 27.7693456018 26.4118692825 28.1177483074 27.4263701602 25.7508796182 28.7133718854 27.6324456505 25.5564145915 26.6485810502 27.1486764523 25.6608384415 27.1553628408 25.8245729105 26.3050463899 25.3773219451 28.4831122119 26.6425031762 27.2220091189 25.7895941879 28.4770290426 28.4083429033 26.118017573 25.0954155554 26.3912131424 29.1542363103 27.0691000456 28.0143713749 27.0138357204 28.7021798047 26.45135484 27.9748134259 26.3711546567 26.4447241072 25.4936364222 28.0279050719 26.2231032358 26.4548420419 25.3945412659 25.4018948268 28.1300626092 28.3405640655 27.1621115414 25.0938091516 26.9795470788 25.9274929782 25.6006172476 27.4664787246 26.2875375013 28.6409756718 25.2958145602
28.7206173627 28.8427528387 25.8994102895 28.3566527221 27.1606638694 26.3249226324 26.8597171687 27.3832542624 25.8165942078 25.5377196829 26.539830196 26.0194733413 29.1174481792 25.3611988858 28.4918652305 27.8821684121 26.5128224901 25.0320050492 28.1713650742 27.3514347814 25.1573283984 28.6314922924 27.3276482003 25.4296288039 26.104532781 25.8879052966 25.9239706327 26.5731706544 25.2116493291 25.0938619051 25.2439595348 27.319418537 25.7799572592 26.2427863716 27.0464388378 25.6191046325 27.9701130274 27.4506704129 27.6919071176 28.8893911057 26.993754058 28.5085972585 28.9044781551 27.5856132736 25.3487421231 28.7682662835 27.0058334654 25.1684239974 29.2127215556 26.3511045167 28.3677383421 27.1386115586 27.5732094376
27.6300188444 28.0879624817 25.3015897638 25.3990550269 28.2387595533 26.8371042423 27.0775988004 26.1333624879 28.384897297 28.3783000724 27.4236305159 28.1893136871 25.0242840835 26.184085046 27.2729991608 28.1794916635 25.472024862 25.3668353302 25.0951841061 27.6747080442 25.0761371477 27.1788069678 28.3427347599 27.378505056 26.2830134327 28.6623034468 27.4242661105 29.0803332277 25.110846845 28.5232312259 29.1749243131 28.6396039754 26.6091169886 25.3489564924 26.0690461009 29.0425360632 25.6680475249 26.5083490813 28.7676206427 27.7259546768 27.5828437444 25.5766027345 25.1358483358 25.9690090791 26.1663002793 27.3596829528 27.3236034253 25.887264982 26.9086593845 25.5957450195 26.1845272949 28.9604077484 25.2339322691
26.719192038 28.0379770002 28.9849186056 26.2520569897 27.2743767073 28.324361339 28.9627502518 27.4207204644 27.072514467 26.3197559788 28.7200712496 27.8049876702 25.6780019248 25.4291350819 27.0797679682 27.1825920975 29.001971273 26.0710699489 25.327600602 25.181971077 28.7717851252 26.3871023533 28.3256165868 27.2441349876 26.0017680772 25.1851584042 28.1407072821 27.0888522264 28.1060183514 28.1929215653 25.112030789 27.6706932754 28.0396912548 25.1286824818 29.2366190752 25.8002675034 25.8844607822 26.2397282041 27.0743327929 25.4357225252 25.7249418214 27.0221994917 27.4439526922 29.0570447065 27.7482521192 27.4309732754 27.5228865383 26.0297072499 25.4662737614 26.7920836043 25.1956843274 28.9149866609 27.3275388449
25.3709845801 26.5380183972 28.6912603172 28.3786679577 25.0907046639 28.7097923327 27.9939114922 29.2230046059 25.113113121 28.2487616057 26.1987273104 26.6905710752 26.1213473102 27.3204675587 27.0387483787 25.0339870753 26.5028024771 25.6019975133 26.4138984889 27.2445010101 26.5795267649 27.3255490602 27.7255191312 26.0500836813 28.2969937353 28.3109197393 27.1266730474 25.5113129724 28.4258896962 28.2083993251 27.6133583478 29.2370025015 25.2501378218 27.7217419112 28.2074777046 26.3631452746 26.7483553824 27.2311731608 27.5565468549 28.0735159037 28.3080217134 27.2021655673 27.1309363079 28.6366069295 26.6798501563 28.8994791155 28.1886769249 27.3164274809 26.3525158047 27.9776885108 25.0065713553 28.8742390852 26.2699807231
25.466734445 27.5885176201 25.295157124 29.2197756339 27.5156540475 46.2745926082 27.3346159704 26.917233311 27.9746524627 28.0523859601 28.2132240611 26.215173059 26.0093319285 27.7631470542 25.0585362462 27.0461812812 28.0481481672 27.9910928908 26.9774283605 26.5936429703 26.9240992344 27.7583664201 26.0505095807 27.893549831 25.4078570724 28.4339494831 29.180553425 28.6508671321 27.3306099444 25.2317639961 27.4285651946 28.6536317786 28.5243335575 27.2341948438 25.8373256741 27.5211571824 29.1887261488 25.6533209114 28.7235623739 26.6289560296 26.4233320623 26.4739250324 28.0870343338 25.4884220369 25.685848722 25.0480941247 28.441591485 26.2784879408 27.0395330815 27.2775469085 27.7382590838 27.4566708394 27.3600099531
28.6660858028 27.63730701 27.3936858567 25.928503211 46.2745926082 46.2745926082 46.2745926082 28.9956150272 25.2685162044 26.2920501924 28.0373778175 27.8553322149 25.9502585234 27.6784882829 28.9240865012 27.3007156084 26.8292582726 29.0060735915 27.2493700189 26.1569075422 25.9835329413 26.1666200358 26.070447437 27.3877403151 28.3983270953 27.4372239611 28.1607004095 28.7754442633 29.2340082943 28.3400389764 25.4893518251 27.4618493769 25.1978841036 28.2208717534 28.3860714852 25.9342299728 26.3977151978 27.3979968375 27.3739500773 26.6637781884 29.1476582529 27.8015762343 25.0873588567 28.2493571605 27.659897684 26.5617851643 25.4035790158 27.1633520791 28.6414888906 28.6187292946 26.9952773495 26.0531529957 27.5314521219
27.7887593777 26.1818520829 29.0738937199 29.0674091954 27.9254257084 26.6142599438 26.0527829909 27.6519955583 27.8875249187 25.3407188209 26.1337715996 26.1605891163 26.5785200383 28.5628092118 26.4717757425 27.4843574507 27.9622551517 27.1167070741 26.5645736612 28.8766147755 26.5384460588 26.9252290952 27.8539336449 27.4749831193 27.563540286 27.656403588 25.771556738 27.483875694 28.5756383229 26.0005077685 26.2725259289 25.7933588989 28.084210717 26.2062798535 26.0204543696 27.8689157606 26.1983211058 25.8648584347 28.8988295818 25.1875257162 28.2162152475 27.830481822 28.800788447 25.5876106453 25.3224365027 28.5480695187 25.8930028513 27.3354114692 28.2053161815 28.4716838032 25.439736285 26.1611924259 28.6205026629
28.9620680441 25.239137848 28.4504952009 26.236434192 27.3365186197 28.6096350612 26.9775275292 26.1773824559 28.0381968712 27.231600578 27.7730175155 28.2245566921 26.4845217568 25.9078512411 27.4456469737 26.5123039081 28.886765821 27.1320996785 28.4183626318 25.7304987681 27.6410079524 27.5741313747 26.9681521817 28.3065062413 28.8060498035 27.7306542585 26.4502761033 25.888451748 27.3698058995 28.879391651 28.4290587536 28.4280176755 28.0800751731 25.312010228 26.1853101298 26.8582159903 28.6874461368 26.3517817178 26.9787756908 27.2406693151 28.6498331001 25.1977560496 27.080557292 25.7606440459 25.7322035834 28.7132136503 25.4069762492 25.2058580419 28.2544430188 28.9801342793 27.1651894283 26.4341428437 27.6851425266
25.8671014132 26.5806031178 27.9930553589 27.6394428853 25.8197834635 28.2484889539 26.2556194604 29.0333288705 28.0053711485 28.9914545879 26.2374663523 25.5097756961 28.1555310616 27.6427941188 25.5613918002 28.5997268998 25.6120571112 28.4444749166 25.8598708207 25.142849906 25.9588369132 28.9230066048 28.7157666819 27.2743997105 27.7299959486 25.7263281886 28.0970976249 29.0906927874 27.4811853069 25.8276399178 27.6744355358 25.6613088539 26.2796025031 29.0894351267 26.6272937219 28.3945930384 25.4818453798 25.3948742312 26.9315786274 28.0381192113 26.2012505559 25.0072978164 26.1195484285 25.3528141241 27.2499879766 25.6904609692 27.3812852057 26.8623724801 25.0737632299 28.3714101816 26.247134395 29.1167776989 27.7094991231
29.0858024753 26.7484199026 28.8785908182 28.7663581856 26.6389369152 25.5245063435 25.3830166215 25.4898520378 27.656839892 25.8757281326 25.4520311059 28.0176623967 25.1509767558 28.4414250944 28.7784630071 25.2264658651 27.7856108432 27.3399022369 28.4800776307 27.869918168 28.415957127 25.1359771557 25.6576667629 25.7141979378 27.6051430818 27.7577655223 26.3841885577 25.6708877702 26.9700424411 27.7496126048 27.4195962997 26.59817762 26.358145181 28.0468381031 25.9924311965 28.8026483517 26.9595415975 28.7121413771 26.0842137542 26.0753472992 27.104176582 25.0687080826 25.9390599049 27.8773639546 27.0363820556 26.8651198973 26.4037421973 26.0511468994 27.3861963019 27.7760421276 25.5855560949 26.1662076612 28.6227265907
26.7584379672 25.6543751752 25.0317728889 27.6121484403 25.6688165152 25.2243662846 29.2355960673 25.1559202639 27.3112151891 28.5676839274 26.070770548 28.1759736176 28.3684565566 28.2521082151 27.3067463111 29.0363854055 27.5332463463 28.5784438002 28.546137453 28.6430301317 27.3565619606 25.6556872621 28.0838656868 28.1846096891 26.0029160474 28.6279585269 25.649539656 28.5854722936 26.7322340102 26.5149643344 25.5582164896 26.3297497584 27.407658022 25.6565602708 26.7232307684 25.9380974116 28.608060408 27.7536047914 27.8854041175 29.0301385014 25.2386611688 27.5292128686 25.8338849777 25.5835044461 28.7626413328 27.1282977642 26.7667251098 27.3969737422 27.1875107324 28.819671602 25.1215982904 28.5527908134 27.5761492722
26.4483173347 27.8137029439 27.8870946835 25.7474550185 26.6587423151 26.5141680542 18.7705971301 27.2435330648 25.0138907788 25.267918538 27.4827185346 25.4538567685 27.6880316855 27.6652298005 27.3528445737 28.9531792892 28.7238341902 27.8922448245 28.8217268342 28.7643345568 25.8102661141 28.6401713777 28.7536159325 26.8279986229 28.3090928458 26.4434677997 27.5440179256 26.3427500795 27.4399682142 29.1105246387 28.037606749 28.7550400046 26.1525244911 28.1386384418 25.0582246416 26.9070078265 27.8079511782 27.1374153757 26.9513326891 29.1861140253 25.9157167665 25.8760567692 28.2031986629 27.3191692268 28.1614953585 27.8759771132 26.2690408788 28.1262487946 25.5587932203 27.4474560406 25.0366198489 28.2747355578 28.455794173
25.6255905539 25.7356976167 25.4064956113 27.9965703643 26.0305750918 18.7705971301 18.7705971301 18.7705971301 27.3453118646 26.7626336323 25.226238273 25.2628917667 27.3685167212 25.9819129598 29.0484193575 27.4227972207 25.2893737226 28.9129507572 25.6200015333 26.9519732191 27.9961494184 28.3988365037 26.231923522 27.2303796292 27.6279586883 26.1769415484 26.4712813086 27.1943049608 29.0221108873 26.5729370563 28.1012046938 27.3348187282 26.3581369549 26.7095301954 29.0716128835 28.1616379169 27.011859245 29.119462908 27.5970516887 27.9118024189 25.0812254652 28.0807047607 28.5746791652 26.2571420111 27.1449371996 27.1713924911 25.3171345522 28.9854669448 28.1861451935 25.3599134336 26.9552594139 27.5900831825 25.3258651185
26.1991460339 28.3444517859 29.0074227543 28.2616318847 29.2267430385 26.159806684 67.7585477581 28.0176713076 26.7542586831 26.8335030929 28.2416500619 26.9842416879 28.3066323537 27.8186716197 27.4477828095 27.4709215776 29.1562819439 27.1689079024 28.326169596 26.5877465104 27.9401557825 28.0505130209 26.1142239324 28.042044239 26.3658673651 27.8240922236 26.3750922721 28.5210572892 26.8883198808 25.1704498641 28.7835335015 25.063219339 25.5468232674 28.0695849707 25.7855635467 28.3630060984 28.1489609826 26.151814865 25.9249338007 27.8556997645 25.3519305174 25.6690221174 25.5287466567 26.5332506569 25.1039406953 26.617344374 26.1796141086 25.7621931345 26.6605349753 29.1022328698 27.672529554 28.8886267344 28.9791435862
29.0177556169 25.5476677396 27.8447765242 27.1664862315 27.3799806717 67.7585477581 67.7585477581 67.7585477581 25.0454248712 27.7902030156 28.0091875199 25.8227761294 28.1852802673 28.9256089246 26.9965207956 28.3182687395 26.4105948119 28.6224501725 25.1258486428 25.4833151301 29.1680897464 27.1598321064 29.0328939287 25.7494907966 27.5618873758 28.333118251 26.3101260536 26.2140956655 26.1053915359 27.4237446728 26.9339888244 29.0674835902 28.6682053076 26.3280759827 25.810324215 28.4389522971 27.3268855316 25.7458166231 28.5161243968 28.1607760523 29.0960644723 25.8786738362 25.6836894301 25.5723293913 25.4306531221 26.972115589 29.1358429007 25.8071221299 27.3828745988 28.0001959378 28.4570752294 25.9625724254 28.3656633592
25.4796331468 28.4489310678 26.6617225059 26.2596922446 26.3988056076 29.2214265471 67.7585477581 25.0123558317 28.8410464274 27.7992787037 25.2014753433 26.717188017 25.0760757893 28.600093596 26.7507504555 26.1975473464 52.400998978 26.8010917878 27.8535778204 25.949063013 26.6866800068 25.7117469312 27.3165749651 25.8410257526 25.1642789575 27.8080709716 27.5437880135 27.3885339518 26.446744076 26.5354309229 28.022279463 26.2204920784 28.7551955937 27.8002641402 27.679490998 25.0068984561 26.6186655323 25.5711255594 25.9406314307 28.4458172799 27.0279296903 25.6198210228 27.3542075406 28.0593233817 27.913129842 28.4741726035 26.8983214573 25.5374155361 27.5887405097 26.3716431095 25.1406715464 28.5755462073 27.3355664922
26.1236005065 25.1331584364 27.4807751989 25.5566303969 25.8995409791 26.1183976821 27.9718972832 25.951066891 26.6536768914 27.9713595342 27.0560144523 28.9005109929 27.7742827418 27.6783583026 29.2205385543 52.400998978 25.5156522966 52.400998978 27.4692808356 26.9272698409 25.7745884822 28.0384881546 25.0654847381 26.1873721182 28.8823698232 28.9473819431 28.3426444384 28.3208561404 27.0825661223 28.5024023045 25.3146641409 25.9505249494 27.6335738605 28.7399854547 25.3991016645 28.5977165714 27.1690500545 25.4560975588 29.0981511469 25.8969918481 26.3492670092 28.0177913723 28.5347509244 29.0872554783 27.882227712 27.3421589239 28.8444650939 27.8563173307 25.7400097972 25.3124556928 29.0165131261 25.7089258358 27.1406271426
28.1477795453 29.0059264814 28.1595742881 27.2874459218 25.4104206009 25.8400260414 25.4874641335 26.6620705634 25.9437033442 25.4141782651 28.3607132651 25.9988428283 25.7846785881 29.1973372967 27.893207305 52.400998978 49.8267070803 27.2630280832 27.7416628806 28.5861271713 27.4764796023 26.4866970516 25.0661952673 25.6010897375 28.5263277427 27.1610512001 26.4028087324 26.8501597226 25.7520101301 28.9855935319 25.8956864083 28.4884653031 25.0667945207 27.2182839599 27.7862270675 27.8816829691 28.8891766206 25.2886414209 28.0035254883 28.2319090903 25.097600626 29.1318163661 25.1746351557 28.4773794908 27.9823711658 28.7991455124 28.9337046199 28.2308364116 27.8228655802 28.4403269519 27.3647350732 25.2028664774 26.5500782515
