Spatial_Output/90% DEC/90DEC_0141.asc
NCOLS 155
NROWS 192
XLLCORNER 196769.923733
YLLCORNER 449719.875193
CELLSIZE 27.603701
NODATA_VALUE NaN
[rows 0 to 22 of 192, columns 53 to 105 of 155]
44.8357364197 45.1422953111 45.1642533597 44.9873711542 44.6480404763 44.6473233541 44.5719771985 60.5157674903 62.8456586841 64.4214066478 44.5954658185 0 0 0 0 0 0 0 0 0 0 0 0 0 0 0 0 0 0 0 0 0 0 0 0 0 0 0 0 0 0 0 0 0 0 0 0 0 0 0 0 0 0
44.6142034333 45.103203419 44.8507807407 45.1813985675 44.859565731 44.5529964562 44.6847828078 70.9005141923 65.332794791 70.4309449609 45.1591250784 44.6218499526 0 0 0 0 0 0 0 0 0 0 0 0 0 0 0 0 0 0 0 0 0 0 0 0 0 0 0 0 0 0 0 0 0 0 0 0 0 0 0 0 0
45.1651690332 45.1381131688 44.7985630733 44.5291326179 44.8997541958 44.8391536604 44.6861170255 62.8814825884 64.7574255188 64.0871207242 44.574643228 44.6430664429 0 0 0 0 0 0 0 0 0 0 0 0 0 0 0 0 0 0 0 0 0 0 0 0 0 0 0 0 0 0 0 0 0 0 0 0 0 0 0 0 0
44.7402689762 44.7899280785 44.712095805 44.8902240898 44.9326254166 44.9433111202 45.1675718204 45.0803599508 45.1020868864 44.7225652909 44.5161629871 44.8841807167 45.0448203884 0 0 0 0 0 0 0 0 0 0 0 0 0 0 0 0 0 0 0 0 0 0 0 0 0 0 0 0 0 0 0 0 0 0 0 0 0 0 0 0
44.8490347961 44.9319294027 44.778588169 44.9308901173 44.6404564221 44.7684362884 44.7249012519 44.5189121272 45.1300092231 44.7704925963 44.9695194813 45.0632556706 44.5602354561 44.9707421219 45.1295052524 0 0 0 0 0 0 0 0 0 0 0 0 0 0 0 0 0 0 0 0 0 0 0 0 0 0 0 0 0 0 0 0 0 0 0 0 0 0
45.089682826 44.6511064921 44.9782590849 45.1458197683 45.2040444984 45.1681513038 45.1463709952 45.155284207 44.9796611803 45.1622480295 44.5758661997 44.6407705422 45.1856224208 44.6709276605 44.9004257967 44.9228840055 0 0 0 0 0 0 0 0 0 0 0 0 0 0 0 0 0 0 0 0 0 0 0 0 0 0 0 0 0 0 0 0 0 0 0 0 0
45.1716415074 44.8042724943 45.1291454869 44.9088781391 44.9339195219 45.0927483173 44.996121614 44.9488130998 44.6785292532 45.0723247072 44.9465517635 44.6847791304 44.5077770987 45.1661942456 44.6279688184 45.0334096816 44.8914470069 45.0971262204 0 0 0 0 0 0 0 0 0 0 0 0 0 0 0 0 0 0 0 0 0 0 0 0 0 0 0 0 0 0 0 0 0 0 0
44.8610753845 44.7461470029 45.1467696616 45.0312207646 44.8762978243 44.9120646042 44.6806608041 44.585935262 44.7023618065 44.7857249852 45.2053352408 44.7126645546 45.0002935127 44.5795707018 45.0507438565 44.5426505302 45.1072810891 44.8467414664 45.1924854977 0 0 0 0 0 0 0 0 0 0 0 0 0 0 0 0 0 0 0 0 0 0 0 0 0 0 0 0 0 0 0 0 0 0
44.5034599499 44.759136412 44.9900741504 44.5351950722 44.8375015479 45.1385563872 44.8690991787 44.9708606817 45.1015495628 44.7339932624 45.0497343963 44.9914308537 44.9852821768 44.5861601018 44.6197786672 44.7196809732 45.0023726864 44.9005781044 44.8479462874 44.9302933232 44.7826058378 0 0 0 0 0 0 0 0 0 0 0 0 0 0 0 0 0 0 0 0 0 0 0 0 0 0 0 0 0 0 0 0
44.634962622 44.5736150877 45.0650008847 45.1198490282 45.1471551275 45.1990482705 44.731421635 44.9377258327 44.9666381416 44.650027676 44.7208452562 44.512042846 45.1307703633 45.1560833774 45.1346084492 44.790194078 44.8942228466 44.5000228602 44.8389131814 44.6198175026 44.5801018228 44.6844180048 44.7485289615 44.8969289019 0 0 0 0 0 0 0 0 0 0 0 0 0 0 0 0 0 0 0 0 0 0 0 0 0 0 0 0 0
44.7872190409 44.5846398863 45.0843013847 44.6816290904 45.0637781312 44.9587210102 44.5806575604 45.1922822651 44.5449769297 45.0972573663 44.8497935612 44.8999251936 45.1117795972 45.1464168564 44.7738729778 44.96931061 44.8259717496 44.8034469196 45.1549519371 45.1537455684 45.1093833302 44.7468239306 44.7858382695 44.902159264 44.579278312 44.8313307523 44.7748213114 44.5771178694 44.8564320205 0 0 0 0 0 0 0 0 0 0 0 0 0 0 0 0 0 0 0 44.7094274347 45.0474729969 44.5448215113 44.9464067212 44.8907915134
45.189577802 45.0537091953 44.5057587004 44.7573985153 45.2059341445 44.5109053175 44.9649509425 44.7948142882 44.8670137839 44.6084970406 45.1443940014 44.7742229431 44.5171479789 44.9077386707 44.8135977293 45.1662649279 45.0866237079 44.8888290646 44.5947632318 44.9617469743 44.8993517652 44.5416216029 44.778530309 44.8831284275 45.114592114 44.6406867115 44.9028936673 45.2044444392 44.7484830533 45.1427420527 45.0716922852 0 0 0 0 0 0 44.9191689252 44.6619972645 45.0329152898 44.8287505485 44.9248069222 0 0 0 0 0 0 44.6093222644 45.1715760355 45.0143353452 44.6856117996 44.896401222
44.9047944716 44.7944736776 45.0658056794 45.000665786 44.9719835648 44.9198538632 45.1114902931 45.1894783968 45.1721402263 45.1882521709 44.5983965192 44.6889327461 44.5340964127 44.5878118715 44.8788257066 45.0514245621 45.0765364843 45.1428481672 45.0604027131 45.0962029989 45.0626349962 45.0401428829 45.1117332726 44.9387794856 44.5330416742 44.6903007522 45.1964853371 44.9393443747 44.7417242911 44.8133437776 44.61050104 0 0 0 0 0 0 45.0587754768 45.1216143869 45.1653366794 44.8395640869 45.0720408556 44.9004319758 44.6015998672 45.1643997059 0 0 44.6274203865 45.1604541031 44.9416956037 44.9938221233 44.9714462379 44.5477938558
44.6910426035 44.6188881554 45.0050634588 44.9861133673 45.0727972324 45.1175853941 44.8169388473 44.8946414613 45.0754023318 44.5826981082 44.6521238544 44.8854381064 45.0316647505 44.6689338747 44.5771697567 45.0411288037 44.9336162411 44.7843689971 44.8663908863 45.1463740426 45.1592653122 45.0239407453 44.546112074 45.0478866331 44.7220023823 44.6048768396 45.0476402147 44.7967638026 45.0181446273 44.7703760322 45.0581474913 44.7005117532 44.8908605669 44.7756356358 44.9597554449 44.6909667623 45.131396104 44.9791724905 44.9446269658 45.0492358957 44.7136261789 45.1788356882 44.696009124 44.6462640054 44.5001043719 45.016831243 44.8949317357 44.9670392507 44.5260322132 45.0190762354 44.7908232557 45.1084720367 44.9142186288
44.5369796273 45.1873686053 44.8767192339 45.1330628654 44.554601746 44.6358656978 45.1925066381 45.0464377934 44.6232868828 44.6435347482 44.5251054989 44.6633709312 45.0603683995 44.6637431499 44.997857072 45.0419183576 44.9606837515 44.6419406553 45.0814919402 44.6950433772 44.5158427041 44.9957646305 44.7300135992 44.6028068199 45.0274974459 44.5288032276 45.1894267325 45.0557320901 45.0577060842 44.8487312051 45.151599435 44.7215340648 45.04848619 45.1462877874 44.9819180076 45.1398153034 44.6485670373 44.8444398851 44.8732282006 44.7678048862 44.741104168 44.5110673086 44.5967688142 45.0488179792 44.7990176647 44.834016328 44.648229828 45.072845598 44.7733409101 44.9388935984 45.036242739 44.9728864962 44.5384015061
45.0785662162 44.8826729846 44.5079052224 45.0698220352 44.520784215 44.9791900035 45.0081737131 44.7680043611 44.9125194691 45.1761491276 44.8646608725 44.8572418461 44.5023254611 45.1468900046 44.6836921543 44.7733311835 44.7102376586 44.7472573454 45.037467952 44.5749712858 44.5962458188 44.9604792731 45.0548417091 45.0790348322 44.7001037744 45.0839843464 44.5471997828 44.7158927163 44.8976411015 44.5635288385 45.0832203294 44.5850598976 44.9824126777 45.0251984693 44.5536194442 44.6824249595 44.633664131 44.8488267129 44.7235134147 44.5755891513 44.5174501849 44.5060748195 44.6787089966 45.2027444772 44.5821026818 45.1615541291 44.7473853301 44.505618053 44.5846518445 44.7137258393 45.0901371919 45.1162584514 44.5286882458
44.9291220547 45.0489421064 44.7120274487 45.1373630742 44.7981124403 44.6313514928 44.6779582114 44.6494400138 45.0977552228 45.206654287 45.025051353 44.9428698599 44.6697808797 44.9994993115 44.6709405525 44.8740394592 44.7849825589 45.1343999062 45.1575511455 44.702427473 44.8525526628 44.9157108816 45.1190989739 45.0584701218 45.0942200318 44.5305596958 44.7052358757 44.9466009597 44.9262728881 44.9883724809 44.7128086823 44.9998075982 44.8911746549 45.0799930143 44.6924453257 45.2040309957 44.6168653845 44.5464901473 44.8185088159 44.6591725636 44.6234973649 44.9895340826 45.0871999763 44.7216388386 44.8047223778 44.7468660547 44.9539729743 45.0552842322 44.9495864479 44.7172373333 44.6117011482 44.6654946832 45.0711151068
44.6192238294 44.6794684854 45.0010260212 44.7548028496 45.0635065864 44.744112176 45.0690312818 44.9337127742 45.0581782834 44.9824394791 45.1654557312 44.8207444294 44.7726737361 45.0796863251 44.7940959018 45.0480398763 45.0684927333 44.6601109731 44.909099552 44.5306341232 44.9564011691 44.650411473 44.8502383182 45.0638803693 44.5211047364 44.8307291872 45.0018131215 44.9984278099 44.5306693736 44.6470496624 44.6143680086 45.202025382 44.9415248438 44.5947430386 45.1721028411 44.8031818997 44.8552271871 45.1682394111 44.9548031363 44.9087001093 44.5469853589 45.1251881368 44.778609627 44.9025684173 45.0221041661 45.1395946486 44.5248161141 44.5712317973 44.5698689641 45.1910386974 45.0985813014 44.6116617317 44.7929649251
44.7772816884 44.9478408318 44.7364361744 44.7034394113 44.967636197 45.0581260625 44.9093547024 44.5237384791 44.6426919409 44.5798034514 45.1165374673 45.0712108949 45.1501819062 45.0213585512 44.5097927836 44.523452631 45.132033729 44.6132201246 45.0993795367 44.6093895701 45.0014308444 44.8850443754 44.6763790657 44.7633738801 44.8609942991 44.8297686546 44.7662150254 44.9209549791 44.8373305418 45.0472337998 45.1818800642 45.1131617675 44.9927514973 44.7744642659 45.0264400328 44.9889606739 44.7966774296 44.8085994367 44.8020703636 44.5876883022 44.5143758027 44.6866494801 45.0730527922 44.5860128889 44.8226995656 44.586269246 45.0602995605 44.5050381165 44.7050723127 44.7006864426 44.889907794 44.5523380378 44.9714457073
44.5092358571 44.6184730125 45.1131531139 44.8332183944 44.680840194 44.5398251499 44.6486844989 44.5364942714 44.742105098 44.5659416315 45.1656708619 44.7464300153 44.5794576192 45.0648334322 45.0148843235 44.9083460818 45.100793145 44.8862453517 45.0811212718 45.0812234483 44.9047455144 44.8973510337 45.1240696104 44.5096739054 44.5642148873 44.8623863527 44.7374194229 45.0107318156 44.9967632357 44.8677136879 44.5409182701 44.7409627445 44.9387294887 45.1276194058 45.1095948464 44.8623433756 44.8267553141 44.5280789501 44.6160336136 44.7001952097 44.9343636392 44.9411174731 44.7912434075 45.1647714209 44.6118152907 44.5577859231 44.7403587299 45.2058421027 45.0261305544 44.5162361935 44.9984173065 44.8338911754 45.1707326768
45.0391771488 44.8652440971 44.5845047142 44.8485583256 44.8579565011 44.586332194 44.570445698 44.7911214467 44.6244400093 44.5900017939 44.6470941876 44.5614875736 45.1544747261 45.1257660414 45.0558021114 44.5141661667 45.0080705685 44.9897704005 44.7412686656 44.563269323 44.588775593 44.9244275306 45.0254073984 45.0179306707 44.8069056162 44.9613093218 44.9494461968 45.1090549389 44.9564715978 45.1646865989 44.6960567173 44.9298604705 44.8941901166 44.8421569056 44.5682259296 45.1692304207 45.1628406373 44.8757620755 44.9079199805 44.9042774446 44.6334383343 45.0226607248 44.773974157 44.9862183621 44.9200374938 45.1530823032 44.9687698757 44.5239911197 44.6226333849 44.5385413524 44.6612517619 45.0345192397 44.5283968004
44.9563732805 44.6913030247 44.5114243926 44.6927808618 45.044245697 44.7052164005 44.8562481173 44.9802803869 44.9390407408 45.1456259045 44.5822945997 44.5898152898 45.0531946282 45.0160045517 45.0634068009 44.6776146532 45.0148117933 45.0303465282 45.1495844512 45.0867552778 44.5892671546 45.0886004542 44.7256033159 45.0057193709 44.5675917846 44.6002774269 44.6046540861 45.1202985314 44.7320808545 44.9542852832 44.5472282189 44.6804030759 44.7139224968 44.7860032808 44.7514625055 45.0054268086 44.7770760245 44.5801977775 44.6144327015 44.841312474 44.6801753692 44.9618175434 44.7126115182 44.9391042704 45.0445350029 44.9675872423 44.5566317479 44.9932010903 45.1188048438 45.1029783443 44.7035105373 44.589093942 45.1011313289
45.1731332552 44.9358500645 44.677435395 44.7240428645 44.6390702986 44.6284393573 45.0659520583 44.8322868145 44.660797627 45.1528371685 44.9012928746 44.8278572119 44.5110974411 45.0044527792 44.5464491867 44.6461907965 45.1536925258 44.5722178564 44.6298141276 45.0357797397 45.0917787841 44.6528739574 44.844717058 44.5659366014 45.1243934928 44.8024630049 44.7026869811 44.9025475539 44.9759628388 44.514714569 44.9173107327 44.9225448214 44.5189303553 44.7388803424 44.6545174421 44.6905846309 45.0719421862 44.8717287612 44.929953085 45.1851616033 44.9233018731 44.8618124679 44.6461964626 44.6282680485 44.6666096992 44.9562397942 44.5182054444 44.6235234937 44.5918524522 44.5651992034 44.6620091456 44.9608463158 44.9120071576
