Spatial_Output/90% DEC/90DEC_1418.asc
NCOLS 155
NROWS 192
XLLCORNER 196769.923733
YLLCORNER 449719.875193
CELLSIZE 27.603701
NODATA_VALUE NaN
[rows 161 to 183 of 192, columns 53 to 105 of 155]
32.6607840871 33.1245116017 32.9397406546 32.631140029 32.8051974447 32.8305608143 32.9067647972 32.6221536955 32.8632360841 33.1205342284 32.5507999874 32.673430799 32.5185165239 32.764973514 32.5996067385 32.5764136337 32.6222159868 33.1081756071 32.883274756 32.6080637671 32.5091766166 32.5915887827 32.9748767443 32.7275812395 32.925378839 32.9097519231 33.1799419277 32.6893599185 32.5875202642 33.1106141016 33.118791421 33.0617302275 33.1070179495 32.931985864 32.7088516021 32.5957097576 32.8378698435 32.6937447208 33.1360441604 32.5920791026 32.6302969473 32.9817332215 32.6309965416 32.9488069306 33.1282063511 33.1968807378 32.6646768351 33.099138598 33.085439186 32.7819458484 32.8944817331 32.5640176371 33.0586928998
32.6141368488 32.794963971 33.0751627615 33.1900308434 32.7767920862 32.9648909187 32.741054617 32.8436581462 32.9945071966 32.8815841549 33.0585417722 33.1204328749 33.1184732584 32.6720852907 32.9508919305 33.138277853 32.5548891707 32.7235773316 33.0737134249 32.7259915584 33.0964155459 32.5159651182 32.8597508417 32.7589607244 33.0228593636 32.6761316743 32.6257034286 32.8879951505 32.8474133931 32.9873255036 32.6352925743 33.0371086297 32.6105032348 32.550844554 33.0838622669 33.0593920761 32.5880721465 32.7892904911 32.6903366405 33.1925579004 32.5144241186 32.9543927395 32.9548463748 32.8154464957 33.0417888122 32.5973194527 33.0722781485 32.6301086279 32.6352408484 32.5552416704 33.1400444019 32.9003095747 32.6081323306
0 32.5509180271 32.7880657871 32.6287235327 32.7639791827 32.8675343164 32.555810346 32.7852689597 32.8317662231 32.9091653293 33.0506237748 32.6865963351 33.0256901625 32.5358341113 33.1217040062 33.0502986989 32.837798118 32.7127466126 32.7817825552 33.0184352998 32.5292845515 33.170633518 32.6366737848 32.5595121023 32.8680670294 32.6995057761 32.8023824135 32.545092423 32.6990730086 32.6536573547 32.8973507309 32.7785710095 32.6762787751 32.5305818238 32.7528964154 33.0679016794 33.0307602303 32.6972600403 32.9683125292 33.0958863329 32.9497055786 32.5347853843 32.508515327 32.5830443514 32.9234902618 33.0527518294 32.8503481777 32.6764361104 32.7457699865 33.109704919 32.7035396402 33.1408130027 33.1289313452
0 0 0 33.1363261956 33.0671335286 33.1084905036 32.8395294257 33.0700964005 32.5633886741 32.8312714002 32.6352989501 32.5424244461 33.2027736029 32.6311182914 32.7275682559 32.5835696263 33.0198022557 32.88615501 32.7288499781 33.0067969204 33.128425319 32.6874348518 32.890909128 32.9463641574 32.6326980829 33.1655270831 32.9455959531 32.8796908468 33.0060863811 32.8799616661 32.9243359285 33.1085695434 32.5733015376 32.8402009831 32.8963135333 33.1356924863 32.5674391146 33.0831222448 32.5935854945 32.5053033921 32.6575316024 32.9623506435 32.8502391865 32.8757814252 32.9460744513 32.8086782563 32.5745538781 32.6219851045 32.8429641828 32.5130083874 32.9295404638 32.577756848 32.9171246743
0 0 0 0 0 0 33.0591148187 33.0134141888 32.6532314951 32.8749612339 33.0579071152 32.6133104842 33.0708176377 32.8345658297 33.140956969 32.8994190045 32.5862135394 32.7418880921 32.5806682816 32.5280590823 32.7605255241 32.8461380045 32.7138407876 33.170489557 32.5018213368 32.7547445891 32.5473725635 33.1842496926 32.860556625 32.9016984482 32.8249514654 32.7948522489 33.1247551859 32.644227042 32.6501038394 32.7837334676 32.5337512627 32.7065422088 32.9190123623 33.025317825 32.9097905628 32.6005171604 32.5451652609 33.1005864119 32.8820098254 32.6704321901 32.7086682235 32.5104948774 32.8822867419 32.8117365428 32.7529668919 32.9941495231 32.8675004921
0 0 0 0 0 0 0 0 0 33.0113213894 32.6010435372 32.777544426 32.6648370397 32.7025956176 32.6635467867 33.0344534839 32.6605133596 0 33.0658420598 33.0864920371 32.5537839483 32.8441800033 33.2052915526 32.7844084194 32.7928176989 32.8358841091 32.6514096674 32.5115405899 32.7184997676 33.1029484874 32.6093416879 32.6670514457 32.7195547027 32.7033537545 32.6275233214 32.7591370085 32.8740838948 32.9999709689 32.7007875073 32.6164444689 32.8383332282 32.697204192 32.8264560553 33.1111752657 32.9842217936 32.5788964505 32.8243720633 32.9175065359 33.1529174761 32.9772215921 33.0681277597 32.6658334722 32.5373883666
0 0 0 0 0 0 0 0 0 0 0 33.077979958 33.1979496063 32.531492772 32.9864016657 32.5503815151 0 0 0 32.9862276301 32.6757176261 32.9613403492 33.055387756 32.6728599908 32.8538531264 32.5181786621 32.6262717502 32.6190213984 32.8464150664 32.8309582093 32.7293693997 33.1944341095 32.6314731006 32.8105847469 32.5942757468 32.5978988068 32.6503501731 33.0549288982 33.1727140786 32.8143645398 32.5413275165 32.5951304747 32.6942661688 33.0615665337 33.0178956679 32.6509497038 32.6302725533 32.5407704989 32.6170953675 32.7881717858 33.1045583755 32.8361720662 33.1109155129
0 0 0 0 0 0 0 0 0 0 0 0 19.8977830049 19.8977830049 65.9304345373 0 0 0 0 0 32.7039298829 32.9385907794 32.9285184635 32.5105958513 33.1330408612 32.5088555215 33.0898713253 33.0624620872 32.5391001687 32.7388770021 32.741976747 32.9548518137 33.1157319311 32.7511289907 33.0886375577 32.6777573652 32.505592844 32.7703493494 32.9373479025 32.8738297514 32.7768454072 32.9387459355 32.5332697217 32.718938469 32.822547913 32.9841982442 33.0023421731 32.8728008438 32.5010803309 32.9284570128 33.1851170368 33.0689698167 32.9115906835
0 0 0 0 0 0 0 0 0 0 0 0 43.8672600657 41.5444747646 42.1585423091 0 0 0 0 0 33.097234965 33.1837807513 32.5599214483 32.672712272 32.93199831 32.9172616055 32.9234564754 33.1827637876 33.1466436595 32.637298365 32.7510814331 32.904503965 33.0341623705 32.5577105265 32.8583487612 32.9302746161 33.0298419759 32.840411179 33.0793932818 32.8447951211 33.0655833702 32.9097582874 32.7770366607 32.6196671583 33.1852464281 32.9612954118 32.6213045454 32.7482721335 33.0556810749 32.7055045263 32.6797566204 33.1647614404 33.1127335726
0 0 0 0 0 0 0 0 0 0 0 0 42.1456168756 44.5064035928 41.0800865124 0 0 0 0 0 0 32.5050197551 33.1384487762 32.6492315966 32.9812195526 32.5372251054 33.1954482316 32.8865192014 32.8016067701 32.7010529033 32.5808846696 33.0048255356 33.0212633219 32.5992847913 32.7156505682 32.5460984374 32.5136838727 33.0671801252 32.7520725155 32.9383719572 33.0221027628 33.1374968074 33.197157255 32.5723820649 32.8985187516 32.9927754573 32.5892931171 32.9383042103 33.1658472101 32.7628213257 33.1070742506 32.7417956981 32.5016470416
0 0 0 0 0 0 0 0 0 0 0 0 49.3366578861 49.654245574 42.5742977909 0 0 0 0 0 0 0 32.5349497331 32.7783546041 32.8321387407 32.7315556865 32.9315594579 32.6051899545 32.6098768592 32.8106517013 32.9850941889 32.9280492354 32.6003531025 32.8595777306 32.8982268098 32.5696274856 33.1191812494 32.620830659 33.0090691535 32.9233077151 32.8973174188 32.5556735799 32.8540108873 33.1327214976 33.1196252441 33.1419648413 32.7304313539 32.6697500367 32.6406814534 32.9704720999 32.6704705643 32.5012379682 32.50044775
0 0 0 0 0 0 0 0 0 0 0 0 0 0 0 0 0 0 0 0 0 0 0 32.6375270101 33.1457969574 32.8246554955 33.1086478669 32.6905864259 32.7229000506 32.8330994582 32.7343640487 33.1538096983 33.1466663582 32.6027508543 32.7961163365 33.0081659475 32.7422657364 33.0610903225 32.7875663948 32.8193390273 32.6930920975 32.5632977226 32.5711886141 33.0607949748 32.596652487 32.8582300774 32.6120634885 32.9479344532 32.7730241243 32.75460687 33.1089234595 32.5621870711 32.9059697114
0 0 0 0 0 0 0 0 0 0 0 0 0 0 0 0 0 0 0 0 0 0 0 0 32.7072454918 32.602156752 32.8462582812 32.8665454548 32.7433194679 32.8168892142 33.0760169641 32.6547000519 32.9255391796 32.6759058434 32.5262503894 32.5914145796 33.0403051701 32.642401692 32.971339565 33.0964770672 32.5727701178 32.6986880439 33.1075985099 32.812116567 32.5424330026 32.6920728247 32.6454136718 32.8038076062 33.1066716191 32.9548029292 32.7677693275 32.6291193711 32.9535019893
0 0 0 0 0 0 0 0 0 0 0 0 0 0 0 0 0 0 0 0 0 0 0 0 0 0 0 0 0 0 32.5320437919 33.0033862501 33.0733706722 32.934835185 32.5925535658 32.6664123689 32.9855945632 32.8398983433 32.6493192982 32.8252119974 33.0962552423 32.9025656859 32.8926091775 32.6569820658 32.5984173675 32.9684100902 32.549521019 32.9457083173 32.8512081941 32.8241263314 32.8719384342 32.5803963074 33.0552838956
0 0 0 0 0 0 0 0 0 0 0 0 0 0 0 0 0 0 0 0 0 0 0 0 0 0 0 0 0 0 0 0 0 0 32.9664957474 32.9098588984 32.877475164 32.8159503439 33.0482698599 33.1120172729 33.0735076707 32.6149966288 32.995505488 32.5726679166 32.9824377901 32.5202795609 33.1806175009 32.9744332364 33.0002414465 32.9329816227 32.855637603 33.0869139496 32.9237829067
0 0 0 0 0 0 0 0 0 0 0 0 0 0 0 0 0 0 0 0 0 0 0 0 0 0 0 0 0 0 0 0 0 0 0 32.5014040882 32.7593651974 32.7676449068 32.8690007301 32.5394548554 32.6137715626 32.7503111777 33.1335832964 32.9348720834 32.8698007175 32.9800124862 32.8002285368 32.710832363 32.645968634 33.0183452242 32.81003582 32.913957815 32.9065336349
0 0 0 0 0 0 0 0 0 0 0 0 0 0 0 0 0 0 0 0 0 0 0 0 0 0 0 0 0 0 0 0 0 0 0 0 32.8379555232 33.0089630955 32.5460950515 32.5719714755 32.6671448721 33.1079632106 33.1744407043 32.6704472068 33.1110095577 33.0938833124 33.0110406781 33.0838233508 32.975338376 32.5767064726 32.7989431197 32.5398236681 32.9007848157
0 0 0 0 0 0 0 0 0 0 0 0 0 0 0 0 0 0 0 0 0 0 0 0 0 0 0 0 0 0 0 0 0 0 0 0 0 33.1299151597 33.1776328954 33.0496075252 32.678402524 32.6915247795 33.0536461577 33.1418398559 33.1288451308 32.6376392137 32.7460489727 33.0733256784 32.9193685194 32.545298982 32.6129848954 32.5644670298 32.5803402117
0 0 0 0 0 0 0 0 0 0 0 0 0 0 0 0 0 0 0 0 0 0 0 0 0 0 0 0 0 0 0 0 0 0 0 0 0 0 32.9294382287 32.9718343213 33.0287786194 32.6370751909 32.7378051104 32.8063820879 32.714172868 32.6353634346 32.5714327064 32.9976202152 32.7579612321 32.559437713 33.0773440135 32.9247086519 33.1832980343
0 0 0 0 0 0 0 0 0 0 0 0 0 0 0 0 0 0 0 0 0 0 0 0 0 0 0 0 0 0 0 0 0 0 0 0 0 0 0 33.024030275 32.7080763138 32.7782072688 33.1570995548 32.5302950842 32.6922375604 33.0701239058 33.1103598811 32.580668791 32.833207791 32.9037766995 32.9032732682 32.5693657678 32.647684503
0 0 0 0 0 0 0 0 0 0 0 0 0 0 0 0 0 0 0 0 0 0 0 0 0 0 0 0 0 0 0 0 0 0 0 0 0 0 0 0 32.6779025905 32.9749842997 32.5395474785 32.5272179167 32.5103317436 32.52734303 32.8871409079 33.080356818 33.037799443 33.0808931954 32.8573607262 32.6989182694 32.9809095363
0 0 0 0 0 0 0 0 0 0 0 0 0 0 0 0 0 0 0 0 0 0 0 0 0 0 0 0 0 0 0 0 0 0 0 0 0 0 0 0 0 32.5969333435 33.0605423598 33.0237691787 32.5618543882 32.952534221 32.5999634613 32.5607640638 32.6632556632 32.5745055734 32.558459781 32.5875571857 32.9603351537
0 0 0 0 0 0 0 0 0 0 0 0 0 0 0 0 0 0 0 0 0 0 0 0 0 0 0 0 0 0 0 0 0 0 0 0 0 0 0 0 0 0 32.7588443005 32.6639266555 33.0959984488 32.7337143142 33.128256764 32.6740020372 32.5600703075 32.5838064584 32.7614986736 32.8726545852 32.5126441772
