Spatial_Output/90% DEC/90DEC_0304.asc
NCOLS 155
NROWS 192
XLLCORNER 196769.923733
YLLCORNER 449719.875193
CELLSIZE 27.603701
NODATA_VALUE NaN
[rows 0 to 22 of 192, columns 53 to 105 of 155]
36.0970700963 37.2845605788 37.0878818572 36.2665019465 36.5652998143 37.144256581 36.748279277 71.1201781038 73.6038265051 69.3553495601 36.6314816211 0 0 0 0 0 0 0 0 0 0 0 0 0 0 0 0 0 0 0 0 0 0 0 0 0 0 0 0 0 0 0 0 0 0 0 0 0 0 0 0 0 0
37.0312066331 36.5892460937 36.5626728912 36.8389458151 36.1820652876 36.613976361 36.7747506103 80.7928822837 74.9218242681 82.0751090495 36.5443506545 37.0026742048 0 0 0 0 0 0 0 0 0 0 0 0 0 0 0 0 0 0 0 0 0 0 0 0 0 0 0 0 0 0 0 0 0 0 0 0 0 0 0 0 0
36.894061184 36.9564606548 37.4017402244 36.147666347 36.8531413216 36.3870503689 37.3489237402 72.2772662349 74.7627219761 75.8509257908 37.1539680299 36.7763066107 0 0 0 0 0 0 0 0 0 0 0 0 0 0 0 0 0 0 0 0 0 0 0 0 0 0 0 0 0 0 0 0 0 0 0 0 0 0 0 0 0
36.7698376383 36.4680928349 36.2968156428 36.7569886244 36.2227480367 36.9134315721 37.2930106825 36.1106928795 36.3908533442 36.8258589515 36.0413427424 37.1276997016 37.3346070191 0 0 0 0 0 0 0 0 0 0 0 0 0 0 0 0 0 0 0 0 0 0 0 0 0 0 0 0 0 0 0 0 0 0 0 0 0 0 0 0
36.6707768726 37.1123554415 36.6736897431 37.1639631569 36.5358690458 36.9051841246 36.0860473286 36.0853080187 36.364204989 36.914707797 36.3142861872 37.021288602 36.8906735138 37.0886029873 36.6143445171 0 0 0 0 0 0 0 0 0 0 0 0 0 0 0 0 0 0 0 0 0 0 0 0 0 0 0 0 0 0 0 0 0 0 0 0 0 0
37.0458049357 36.778716775 36.9988657277 37.3638431259 37.2454553792 36.0204108614 36.245904956 36.6038538272 36.7322592485 37.4066611175 36.469249469 37.2807286426 36.3495282126 37.0705144123 36.3902062607 36.364593581 0 0 0 0 0 0 0 0 0 0 0 0 0 0 0 0 0 0 0 0 0 0 0 0 0 0 0 0 0 0 0 0 0 0 0 0 0
36.0523061176 37.0486341026 36.7159989105 36.3887938136 37.3972545002 36.2407800668 36.0475352106 37.2709549524 36.5935221631 36.5602706314 37.153646505 36.0705107457 36.1846835297 36.4209280727 37.1249859814 36.3411487975 36.8257144988 36.7796340618 0 0 0 0 0 0 0 0 0 0 0 0 0 0 0 0 0 0 0 0 0 0 0 0 0 0 0 0 0 0 0 0 0 0 0
36.3046949398 36.1024441025 36.4085278774 37.1697806957 36.7747764155 36.5288723846 36.6846738097 37.2006936095 36.785697116 36.9987207782 36.5889435899 36.1044985023 37.0253068065 37.0006333821 37.3939141398 36.1359804516 37.346234431 37.0257559761 36.0391870535 0 0 0 0 0 0 0 0 0 0 0 0 0 0 0 0 0 0 0 0 0 0 0 0 0 0 0 0 0 0 0 0 0 0
36.4275728038 37.0009970562 36.3928419124 37.1044243031 37.0272185503 36.3652016007 37.157910269 36.6307847123 36.3318401216 36.7934927959 36.3291897572 37.3101523967 36.2149548684 37.0075045345 37.1138950607 37.293175148 36.2102114415 36.0154986114 36.6338488548 36.4776771436 36.9248554823 0 0 0 0 0 0 0 0 0 0 0 0 0 0 0 0 0 0 0 0 0 0 0 0 0 0 0 0 0 0 0 0
37.351565875 37.4030272821 36.6043739634 36.0210811719 36.4505178842 36.8787668649 36.4219905209 36.6391532069 36.0571943562 36.3788410396 37.0483623685 37.129449527 36.4831237724 36.6425465812 36.8655949706 37.3035061713 36.208686771 36.1836113794 36.6053144572 36.8083832162 36.00379117 36.2155831867 37.2690609101 36.7646600406 0 0 0 0 0 0 0 0 0 0 0 0 0 0 0 0 0 0 0 0 0 0 0 0 0 0 0 0 0
37.1936208225 36.9981854109 36.4039743372 37.1661057074 36.849676018 36.4932259624 37.2973426515 36.7671686926 36.7645292151 36.5671492253 36.9332833357 36.2047739055 36.9318050289 37.3283839 36.0963233591 36.0722198837 37.3572496122 36.6271034839 36.1450693462 36.3141966095 36.5046635475 36.6197478712 37.2593012407 36.5965881646 37.2025858879 37.0154728308 36.7919746958 36.2675740614 37.3063001233 0 0 0 0 0 0 0 0 0 0 0 0 0 0 0 0 0 0 0 36.9215496139 36.8124710769 37.2155054417 36.2106571735 36.3397565492
37.1175100059 36.7337044114 36.7624764884 37.3010072214 37.3063491 37.2220025534 36.7860271567 36.8138632217 36.992714215 36.1413385387 36.5195439252 36.6956606426 37.0932860876 36.3813551094 36.1755613497 36.3497589556 36.2360328503 36.4751994356 36.5119539578 36.6076299454 36.7354570472 36.5309156525 36.4663016872 37.2118275102 36.3455441239 37.2781013946 36.5569946504 36.0938824467 36.4442039646 36.2430844239 37.3007041301 0 0 0 0 0 0 37.3026665976 36.6006641586 36.4604635981 36.2006636132 37.1103022831 0 0 0 0 0 0 37.2404663299 36.5467833683 36.7392588679 36.1089284021 36.1045647829
37.3894937633 37.4104927002 36.3073725739 36.6738426718 36.408641633 36.7329711875 36.3554972977 36.3735157281 36.3601872006 36.5064859297 37.2719150661 36.8263888829 36.2927047554 37.1959062738 36.415349938 36.5749396818 36.0158982515 36.7062550181 36.8345840775 36.6079781065 37.0841307832 37.2227873025 36.7562464098 36.1092807243 37.1802484721 36.918566731 36.1593734818 36.3200002572 36.5447636792 36.2924475939 36.56702231 0 0 0 0 0 0 37.1759123102 37.3575517753 36.8843614989 37.351246465 36.4577638516 36.0480016488 36.7966417408 36.4291969557 0 0 36.0729837601 37.2669830361 36.7080228404 37.0771543575 36.2184976806 36.2256862636
36.2345811906 37.3961081089 36.0176914477 36.6274637295 36.7108922349 36.7443812801 36.4515321779 37.3583459648 37.3679851147 36.9808626521 36.9247527774 36.5180010247 36.2036053906 36.608118374 36.2549573124 37.3887021468 36.0975170914 37.4013142131 36.6037684533 37.2254743487 37.0927700049 37.2857626702 36.6484139494 37.113548514 37.1513383696 36.2625888406 36.7473766961 36.2927720217 37.0759378896 36.472030911 36.2050617441 37.1425359866 36.7488190313 37.0780853473 36.6598985875 37.2004185052 37.3984178196 36.5084245725 37.3904195993 36.3400155343 36.1359847172 36.1912102406 37.3480327056 36.6100730397 37.0421664072 36.2339676039 36.972447587 37.02756674 36.6419022888 37.3493749166 37.3132826092 37.2982599168 36.4044567974
37.4038703981 37.2135283656 36.1052144505 36.8940750778 36.7793818798 36.1564493988 36.7578937523 36.1797770579 37.2324983029 36.3607600133 37.394485607 36.7964195243 37.1267010379 37.0218758898 36.8443387518 36.8216310438 37.2226531843 37.0227884108 36.1987769415 37.1042263853 36.9200241251 36.5458783641 37.141627954 36.1959408328 37.1129776648 36.812077188 36.3928388224 36.0829322582 36.726669827 37.0359652955 36.7423214625 36.3785922946 37.2827253614 36.7777464363 36.7160493304 37.0753378726 37.1548942801 36.1713785477 36.4316043639 36.0742887547 36.703855884 36.9945939649 36.2028673786 37.0360563694 36.80487349 37.2972593719 36.5919840674 36.8715501058 36.8873488007 36.3978325317 36.504023355 36.34791463 37.2448812336
36.1527623565 36.5002148857 36.729676437 36.9190834272 36.1475709164 37.367314891 37.3614880148 36.8843990903 37.2087755075 36.7340925436 37.2551257618 36.8358429472 36.1207526532 36.6934942498 36.1443238958 36.6161148549 36.9737449018 36.908023556 36.1433993039 36.101858313 36.2428688537 36.8503837847 36.6642567853 37.4036006305 36.8482803687 36.6152306366 36.0257068519 36.5510179502 37.1792868712 37.2004527008 37.3706385227 36.1309435838 36.5775351565 37.2111299096 37.3226335254 36.528467966 36.8413250798 36.3877301038 37.3936656429 36.7237565849 36.072403464 36.761794631 37.0765982452 36.1323103129 37.273638231 36.1118855997 36.4509946721 36.004680354 37.2856125294 36.4112547781 36.5021288866 36.4026682405 36.0867070499
36.5032714312 36.4804767741 36.4115461347 36.7104565013 36.3178315991 36.5020382684 37.1544474805 36.2647146639 36.3380094572 36.0719304044 36.9385198695 36.1578736512 36.2067235344 37.23292575 36.317382833 36.2181334783 37.2175300648 36.4662150151 36.9193092209 37.2630794058 36.0803817389 37.1949998702 36.6760902455 37.1026139267 37.1280271505 36.240683906 36.4496579018 36.4589604164 37.2787385565 36.4399302618 36.7122638816 36.564877007 36.9124675758 36.4352779031 37.1246143638 36.1129829996 36.8817970823 36.6537344459 37.3421707099 36.8164217406 37.3228748171 37.1831654741 36.5436262967 36.945736887 37.3358170765 36.634559653 36.9477625563 37.367058578 36.6435268692 36.8300655689 37.3038983948 36.1204518388 36.3326527838
36.67686684 36.2039439102 36.7180888491 36.9893654491 36.6771341455 37.0337710264 36.5644977342 37.0814089678 37.1718159908 36.458576375 37.2481296873 36.566660358 36.874433237 36.5224455218 37.0763366385 36.9288499601 37.0439730901 37.3606345472 36.1762270504 36.5589744127 36.5202212302 36.6021554069 36.1468817826 36.5382821383 36.9217035418 36.5803308157 36.9727112358 36.2134933211 36.2425166671 36.4533130832 37.2000231002 36.1189592383 36.2981769899 36.4688144792 37.157974867 36.9823247615 36.3285013837 37.1362871992 36.0912590788 36.1160496227 36.1857959355 36.5542109697 37.1406533047 37.3855428094 37.0298425191 36.2254883142 36.4585607357 36.2748910107 36.044630057 36.9378091637 37.2462906587 36.4350443653 36.1328351708
36.2289789706 36.5375939971 36.7682197444 36.0722052648 36.2763541801 36.1756894567 36.3242149765 36.6610938415 36.3180480594 36.1659885791 36.5836889699 37.038238447 37.0430239387 37.3984038789 36.6159200831 37.0673184693 36.406275904 36.3377196454 36.7007908327 37.0422840075 37.02627649 36.47061756 37.1399493535 37.1256395897 36.2976231659 37.2090085134 36.277506621 36.1099880609 36.6606536327 36.921370862 36.5113677599 36.9433096197 37.3992693599 36.6477186599 37.0268375753 36.8546383559 37.2538561054 36.0035628974 36.3630866435 36.9359597786 36.0203670476 36.4267886839 36.6342610066 36.0950165588 36.1990187057 37.1793631919 36.2057823293 37.1806540389 36.8865995192 36.7418236928 36.5147352528 36.7566220541 36.2041970529
36.4122083217 36.9904914363 36.6074926367 36.3818731841 36.1064507675 37.4029795008 37.3646998484 37.4037224575 36.102299632 36.9305511262 37.0952776371 36.8149926517 36.4841868303 36.349197116 37.0318348544 36.5265307956 36.3540402375 37.3593550139 36.9912914722 36.1339331893 37.1803866898 36.7355626755 37.3691028518 37.380096323 37.0401415998 36.8323958949 36.1905538949 37.0137341174 36.0195482256 36.3523049225 36.9418206891 37.2039356472 36.522414887 36.8246284384 36.8950960161 37.0726687347 36.297364282 36.7264135839 36.668876572 37.1512072416 36.7045164221 36.0320282597 37.2835085952 36.7842894444 36.9615948766 36.2913992871 36.1806475448 36.1499050858 37.2411946557 36.526436028 36.8231260323 36.615444771 37.3246528687
36.7978776811 37.0654077888 37.0101214621 37.0039540621 36.7625519063 37.2006680311 36.0866512726 36.2845247986 36.9981646794 36.6837475113 36.8692554564 37.1603179939 37.0557420854 36.5685198829 37.1596068975 36.9881255801 37.3075156013 36.4941304529 36.2990333728 36.7815148642 36.2157258939 36.3411580446 37.2180683473 36.8077625616 36.58073264 36.9712116071 37.1613780371 37.1107332957 36.3758475303 37.3419425258 37.2163056756 36.4393914884 37.316485695 36.5372771137 37.0807976603 36.8300268391 36.2932080416 36.8422483313 36.6230366786 37.2504550891 37.0251223651 37.1622050686 36.068500173 36.7349142289 36.5209907093 37.3525516184 36.922907431 36.1035647146 36.4634565588 37.092831563 36.1648011704 36.8465672202 36.1333915821
37.019206265 37.3598468034 37.1744605575 36.2768163538 36.0601732429 37.0868354404 36.0439596911 37.0600820925 36.0218521241 37.1652534928 36.7861512043 36.8364349392 37.0524263258 36.8085278781 36.1973903479 36.1904311508 36.8963334428 36.1739409531 36.360447201 36.6362557012 36.2524936488 36.8049250116 36.6561501631 37.0312930273 36.6278176186 36.1005577765 36.9081110626 36.5500149716 36.7038777503 36.4871138473 37.1492508243 36.5401821896 36.9465330399 37.2331905711 36.6548221904 36.8615332416 36.4520805855 36.9320444554 36.6404446558 36.7839085477 37.2291462468 37.3632911439 37.0592218241 36.0028768764 36.0308327434 37.2236698537 36.5296404683 37.0974342609 36.0534827143 36.1077400538 36.626327893 37.1329839361 36.7196581945
36.5337171611 36.9394397 37.3790738018 36.8981865922 36.11971115 36.1585057552 36.8951095578 36.3157059906 37.3738210155 37.3264986893 36.386160913 36.3962983627 37.1166383207 36.0789497601 36.2880842308 37.0572674046 37.3065790629 36.9086192128 37.1731539864 36.8618554615 36.2312162771 36.5326906409 36.1584995226 36.0947748488 37.0842359885 36.8704565327 36.6614112016 36.6477927455 37.3752008404 37.2267619585 36.5569044537 37.3189155449 36.91135438 36.3010861875 37.3941342782 37.11528111 37.1850831309 36.7910904732 37.3016256685 37.1839406227 36.3863109017 36.3782952419 37.1342865844 36.4632115386 36.7912835167 36.9573776173 36.0954258609 36.0381181156 36.5246024662 36.6619791796 37.3383676742 36.8229938419 36.891958434
