Spatial_Output/90% DEC/90DEC_0334.asc
NCOLS 155
NROWS 192
XLLCORNER 196769.923733
YLLCORNER 449719.875193
CELLSIZE 27.603701
NODATA_VALUE NaN
[rows 69 to 91 of 192, columns 0 to 52 of 155]
36.2887369693 36.6972108752 36.9005678155 36.155253086 36.8899777575 36.1233741091 37.2158489875 36.8594159708 36.247047358 36.6084935566 36.6299757896 37.2915078845 36.4431856068 37.3729100209 36.1987430112 36.4490645034 37.2300720311 37.063291135 37.1859679952 36.5550219839 36.8444802936 36.78603027 37.1018923478 36.7157270907 36.8758101103 36.3088438284 36.2300101754 37.3453570027 36.5819692879 37.1606583589 37.1089627207 36.1244684765 36.7091459138 36.7556491743 36.9695494467 36.2234774362 36.8864641398 36.0093318431 36.2734744282 36.5428718972 36.1935724463 36.0534777926 36.7647913824 36.5416607386 36.6670277097 36.0787178301 36.2151770461 36.2668891929 37.0066178495 37.2800306726 36.1553889352 37.2708244246 36.1293247802
36.3430060466 36.6035657884 36.8977295933 36.8230765037 36.9933766698 36.2142582598 37.3294237321 36.4273451373 37.3855274907 36.5115845708 36.7064829575 36.7368919856 36.45045657 36.8328885878 36.6935301101 36.0895448213 36.8458962547 36.4779415595 37.4118955136 36.9373697985 37.0265278829 36.7492761236 37.2939880751 36.4203675456 36.947667887 36.4239139057 36.3959746384 36.3763432789 36.8979821419 36.1827749019 37.0836169235 36.3370903932 37.2370859243 36.1111948128 36.2108083223 36.5114135948 36.2959340807 37.2482553261 36.8538740701 37.3461189076 37.1554466309 36.8091774797 37.0024986249 36.644904094 36.3917936301 36.6920565641 36.462948685 37.222422887 36.3278342724 36.232474249 36.67814492 36.4663185249 37.1206245273
36.899525442 37.1998591517 36.0744856873 36.8487357601 37.181482162 37.2072918744 36.6252624771 36.2574487657 36.7710960076 37.3966010495 37.3863454725 36.2342854113 37.1400539178 36.2856221411 37.1057719089 37.1097899809 37.1465421768 36.8246321714 36.7879062095 36.6747814452 36.0816142642 37.0046652065 36.4997288707 36.9911776854 36.0747302722 36.8127965237 36.1895559649 36.1572141543 36.8568528869 36.0732999684 37.0246511802 37.1371929702 37.1818636828 36.8166858972 36.2554685855 36.4535838314 37.3650586024 36.9560823688 37.3011768107 37.3315285995 37.3924795995 36.9103034103 37.2954698246 37.2937614968 36.1338405375 36.3577186215 36.9883307035 37.2830810682 36.1843359195 36.9983502267 37.3187643436 37.2126233605 36.0692153467
37.1097867229 36.0723355366 37.1269158603 37.2574290582 37.1473260869 36.2251447176 36.9662686717 36.6852140436 36.5462889034 36.1311132001 36.6318955381 37.0532623208 37.2515617158 36.3204740048 37.1495762623 36.4678093669 36.5845282803 37.2347503141 36.6835841755 36.9515153149 37.0193705301 36.880071899 36.3029714885 36.6540772725 36.940614432 36.0593937748 36.1791811767 36.8078382919 37.0270879119 37.0140702563 36.3631783479 37.2670021385 37.2288511486 36.0612342983 37.3102327173 36.9886171987 36.8169604613 37.2873560301 36.4287237414 36.1728380795 36.9277841385 36.3472724921 37.1304043644 36.4193225334 37.1682588969 37.0504296663 36.6279270253 36.6336201422 36.6413850621 36.2145048037 36.3429936621 36.9698168162 36.8787314952
36.6938744377 37.1619369991 37.402871932 36.2819935743 37.3476777807 36.9230001898 37.2341088743 36.877831537 36.8131705274 36.1889203782 36.7622342959 37.3477548876 36.5581541324 37.3758971404 36.9903431744 36.421352122 36.2691262033 36.46714665 36.7546102406 37.2322245073 36.2134534091 36.5364119706 36.7768670013 36.8213584441 36.9346595959 36.6571391897 36.2474436447 36.1450727786 36.5075683121 36.8455356933 36.6718278562 36.1014895435 37.1882678601 37.3109649131 37.0084220228 36.3829842034 36.5544661515 36.2637715282 36.0779451896 36.8204159432 36.2612371765 37.1564277286 36.3254502345 37.3686762648 37.3411695 36.4812988225 36.6924391061 37.2940969266 36.4377185243 36.3424632805 37.1255572658 37.0881873639 36.7302450058
36.012737661 36.4064611069 37.012832553 36.9888798738 36.1689842055 36.4585101731 36.2269451394 36.8225320172 36.3896960471 36.0647271033 37.2986664816 37.0060454932 36.7752434049 36.0610682653 37.0831538899 36.9268328121 37.2120533765 36.7812348208 36.3825974151 37.283828653 36.3713984655 37.207873744 37.0410315299 37.294965087 37.3187181633 36.7699760182 36.8684402105 36.8865214862 36.7275660711 36.3541317233 36.3318333814 36.6639995008 36.7876526567 37.3983777219 36.4542730639 37.1497158166 37.2013381254 36.92916427 36.3950270031 36.7953736089 37.0614160475 37.2472699853 36.4216862706 36.3510689076 36.8672275395 36.438063179 36.1569415946 36.5811176818 36.3111096398 37.3193305304 37.4102871894 36.2266667142 36.6583067119
36.1047988514 36.6994723745 37.2042283925 37.1168209098 36.8808888416 36.876323654 37.2076808767 36.9632159139 36.8062238181 36.0845542421 36.9522573862 36.4867282318 37.3244150479 36.6559680189 37.1614710716 36.3624272918 37.1873112954 36.2702279226 36.0126601003 36.8113172473 36.0652178013 36.1219240446 37.3900238677 37.3226088091 37.136344737 37.1322558432 36.8715097801 36.7420107398 36.3689060209 37.4050022492 36.3745328713 36.879164549 36.2358359473 37.0308137433 36.334303223 36.5916907392 36.4165855955 36.3824998259 36.9852046774 37.1768385145 37.1956892261 36.0225388817 36.8814977104 36.8248665122 37.1976565628 37.1848637854 36.5184460067 37.1005625383 36.3167026155 36.224218679 36.693749329 37.105965735 36.5549739118
36.9748144843 37.1223692495 37.2868420705 36.9660938871 36.3487149052 37.2018799262 36.6491522701 36.6232759829 36.3567457608 36.1596833625 37.3378987583 36.596417807 37.1715206777 36.2226794053 37.0047786504 37.3516728232 36.81206638 37.3170410953 36.4174741544 36.3107098532 36.9600510804 36.7335754026 36.8492494283 36.4255392421 36.0075873223 36.2452378018 37.119335278 37.2787635805 37.4001965256 37.3723908574 36.5036731186 36.0209374203 36.3552687155 36.8657954787 36.098635911 37.3630638814 36.2640945883 36.4829134598 36.1038325835 36.2533224001 36.5157637718 36.0932690356 36.6761707492 37.3996546015 36.325845329 36.4723724279 37.1111080772 36.4354132358 37.0727381078 37.3809907149 36.3553779905 36.382232056 36.4686703872
37.1016342637 36.1290703368 36.9670119907 37.1750567742 36.4815356083 36.5270196604 36.2353832842 37.005549356 37.2415300717 36.777060541 37.2136021396 36.8366334691 37.1905025991 37.2970276649 36.8817023971 36.8686517115 36.8307168734 36.7424948685 36.0016707107 36.4400146429 36.9766713651 36.2378301624 37.3189739363 36.4496461103 36.0098411017 36.4727144196 36.1954916711 36.4279294799 36.2532752412 37.221015383 36.9649130222 37.2189565725 37.1141356714 36.2583237475 36.4118441638 36.2911122019 36.2412129076 36.5911125755 36.3423169642 36.550585314 36.4463486523 36.2998174052 37.2906411953 36.4296097137 37.219118559 36.0777263475 36.3212422954 36.9825755789 36.5661553299 36.6021357943 36.4421790592 36.1300280201 37.3059225863
36.2044075174 37.3273940565 36.0549737124 36.8450514514 36.9282623101 36.1027603013 36.8327216344 36.3278618584 37.0638773653 36.0802322126 36.6780760394 36.4528407098 36.2411652198 36.0192675983 36.5106796956 36.9796542442 36.0057212684 36.4792767798 37.0800790186 37.3685021227 36.1834751329 36.6768568379 37.2910068317 36.9071353506 37.3673495848 36.8366502935 36.8283743572 36.9353758876 36.4920194746 37.0943368932 36.1787956616 37.3652743194 36.2741833787 37.1320805232 36.0484464769 36.5832022217 36.4070296372 37.3957057149 37.4078327962 36.1325763149 36.6695776404 36.6710829781 36.5890144741 37.3472211229 37.2331827986 36.200514328 36.2789876506 36.6553756756 36.2842056717 36.9760141734 37.0785665126 36.9206348551 37.385798105
36.698711151 36.0182475188 37.3111805492 37.0495728207 36.2016706036 36.8343664965 37.2922721207 36.9471196337 37.3688236046 36.8708687627 37.1948386577 36.9655497024 36.4119465642 36.0037659596 36.2746868503 36.925118887 36.9208903988 36.2972766304 36.4254523153 36.9375969348 36.5251951147 37.2221495716 36.7736785055 37.331810813 37.3336889646 36.6460318637 36.516757095 37.0496733083 37.1987407887 36.6694541746 37.251086939 36.4031744166 37.3204642151 36.0200171334 36.2097892839 36.7175846649 36.9717573408 36.1689799158 36.1223432139 37.1655602522 36.4672086723 36.3858662389 37.2197163511 36.498447419 36.6839656733 36.0885422162 36.6041306838 36.2998221317 36.1943146259 36.1581510302 36.6888199819 36.4942228191 36.4669427094
36.7312485851 36.3561322422 37.0348846213 36.1107569778 36.9897603457 36.4678155628 36.7845513872 36.6519791542 36.3380771508 37.09623062 37.2932839005 36.7168135908 37.0402642852 36.6370649076 36.028609914 36.7525007432 36.6074371971 36.9695482721 36.8341259863 37.1106130176 36.9772393035 37.2833259609 36.9928209369 36.4707511338 36.1653849645 36.8600427502 36.0971516546 36.9107061528 36.5727779397 36.2226051403 37.4076762666 36.6951443649 36.3519274622 36.8049206561 36.9413804937 36.0296887639 36.7352465078 37.0437376062 36.3361724491 36.7833128182 37.3809905715 36.1950798012 36.7540556067 36.5037805711 36.7222288427 36.6569236416 36.8531623929 36.6090205316 37.25326162 36.2651304135 36.4249729842 36.7173602029 37.3254813007
36.7045660613 36.5773853768 36.8967628092 36.5040341387 36.1254748395 36.6720065516 36.5822367086 36.1260716401 36.4083229198 36.1075306703 37.2305045418 37.2844646399 36.7818159911 36.5286567134 36.9226160543 36.9204224285 36.5546965254 36.7479592315 36.4458382877 36.7994065151 36.55422237 36.5548389177 36.7101062214 36.6961137671 36.1629401872 36.2614406064 37.1390725828 36.5223758048 36.0632903875 37.0372113599 37.3586127974 36.2035959938 36.9592449815 37.0090511641 36.6387435953 37.2398824236 36.4911846024 36.9855830144 36.1378442919 37.1419901062 37.2094886103 36.8627069656 36.7181230957 36.7465552813 36.5070953307 36.6997558397 37.3053859301 36.3830781856 36.2685140953 37.3696923835 36.6034820644 36.3243051033 37.3481048875
36.5070343374 36.1826697046 36.2249975626 36.7221666616 36.3598762225 36.2528191268 36.8963190032 37.0432634977 36.427424457 36.0503434797 37.2424481615 36.0849825827 36.5175410334 36.1974650348 36.4195119903 37.3849906283 36.9773290134 36.9219785978 36.6675878077 36.9238163921 37.3241885393 37.1452988114 36.4325537514 37.0552339247 36.2211324719 36.1071858493 37.1504734859 36.8705359518 36.8444082932 36.5712443659 37.411197543 36.9345768438 36.6740577185 36.8563390007 36.985969027 37.0543716575 37.2436166603 37.0274003484 36.6072956736 36.3299145532 36.356846728 36.5906665268 36.146478525 37.0939068337 36.6504563831 36.7492550617 37.0203118181 37.104024269 36.1163682516 36.8837438273 36.8641260376 36.4702833448 36.2815790081
0 37.0603517606 36.9027078286 36.6221728617 37.3948615619 37.1341866726 36.2959898316 36.2010545073 36.0260673337 37.1355652712 36.2739710131 36.994872936 37.3303353153 36.9761497447 37.3971922875 36.6316545061 36.9424156973 37.3977718312 36.9778827678 37.1277279154 37.0429358169 36.3113548454 37.3244448758 36.969261141 36.8323796137 36.7134071557 37.0650624094 36.0658564887 36.3684116281 36.6810999461 36.311661495 36.1536832921 37.3094971723 36.4818460619 36.5833293092 37.0831994568 37.2257984499 36.5982362232 36.0942930108 37.0441771537 36.2633920355 36.568734256 36.3100332633 36.5318817264 36.8073984522 36.4894205744 36.9129868936 36.3212662362 36.318374272 36.215473799 36.4629868223 36.0322210893 36.8904622431
0 36.4738947445 37.0543693968 36.573759446 36.1906466498 36.0021753055 36.5871435998 36.5418433159 36.5683152206 37.1506411187 36.5264943982 37.1949071173 37.1580907329 36.2671280297 37.2685561505 36.930451286 36.793971 37.3540047663 36.6040350719 37.3459711778 36.4860035134 36.4128522401 36.548273352 36.9993927352 36.6658356703 36.6667059554 37.0750530412 36.5310084537 36.8853112648 37.1465932923 36.1768440432 36.330619101 37.2743566128 36.5911942001 36.6082463605 36.2159443644 36.4878256899 36.9836570118 37.1400540833 36.6095830823 36.7262046311 36.2299592793 36.5923596602 36.2776592829 36.2048919454 37.3864575875 36.7008968155 36.7219829549 36.7910588109 37.0602687149 36.6478249954 36.0056398962 36.14450074
0 36.011812394 36.1707662752 36.5322725197 37.2285444919 36.1242533153 37.3491565606 37.3328333083 36.5483949263 36.726141303 36.260885518 36.9153477955 37.2240454438 36.7258218894 36.6241354219 36.0783208282 36.6939500498 36.5977147384 37.047911832 37.4083702056 37.3269328069 37.079770804 36.3497561536 36.6692931985 37.050294529 36.6571030722 36.8976054798 36.1591977109 36.6483574076 37.0344520733 36.7606723783 36.6755295754 37.0879514253 36.5872286408 37.1432935229 36.6539109994 37.2341970064 36.3003730292 36.0242129225 36.2761031388 36.0142029699 36.9853439765 36.874085016 36.9637267301 36.5832496038 36.6177574361 36.383633895 36.1303887581 36.4994964716 37.2498288702 37.2466042525 37.0612352767 37.3078721302
0 0 36.5945329385 36.435346404 36.3750115623 37.213757654 36.2015589841 36.4080347071 36.5328784335 36.0019963097 36.9632504946 36.3455284339 36.693443659 36.5139476425 36.3004054191 36.0415255991 36.6106830242 36.7827691025 37.0735738416 37.3903013226 36.8444268136 37.1946314328 36.658407409 37.3258896842 37.1246215079 37.1452631229 36.4552275825 37.4054634941 36.7198754462 36.0358642377 37.2971768047 36.1876916122 36.254404955 36.3861541131 37.1984084514 36.1580320303 37.3856795562 36.3337467556 36.9982361575 36.3254738519 37.31050287 37.0369929699 36.7803726535 36.2509209401 37.2700810057 36.6049147049 36.5594237298 36.4180761043 37.1205891549 36.6491638561 36.667104525 37.0721391441 36.351524912
0 0 0 36.8403717936 36.6018520484 36.9741872075 37.2423843378 36.5406920898 36.7264089975 36.219425671 36.4764797789 37.3797499127 36.8058515304 36.3550984171 36.9355330037 36.3977357621 37.2562789568 37.2631511384 36.3041570465 37.317462936 37.1208273784 37.1533080388 37.1519803817 36.5677938678 36.7179665306 37.0243178697 36.7673024273 37.3219379314 36.9782645766 36.9418837092 36.7974368247 36.5762121901 37.2529168849 36.3080995304 36.2895706885 36.0222033965 37.37032486 37.048761932 36.8703459759 36.466577582 37.2039653709 36.7614325269 37.1392942998 36.790099356 36.3728772102 37.131987107 36.5434988454 37.1741018634 36.5057013966 36.8384375383 36.1481078618 36.1165846608 36.8522875667
76.2061621765 69.0504829469 76.5504811148 0 0 36.047108404 37.3782350215 36.1189564471 37.278073687 37.2477649804 37.2009174767 36.8009878296 37.2849254671 37.2786958186 36.0337760906 36.9568821841 36.9953638925 37.1030366305 36.9122789928 36.0296684829 37.1043332952 36.0637580265 36.4190596787 36.6684574532 37.395691829 37.1205927892 37.2246510124 36.4078784041 36.4532488422 36.8246552029 36.5573967626 37.1307923224 36.7769108244 36.6450798036 37.1341276772 36.4807533033 36.7716018968 36.342281945 36.3205371456 36.9739171192 36.0978965537 37.1721418623 36.3932049066 37.1536408437 36.6764782354 36.9829128419 36.2033545899 36.9275525723 36.0816183761 36.2426907336 36.3833043507 36.0615691691 36.1845718868
65.6105672823 68.5016348494 83.0661988694 0 0 0 36.2377829392 36.809455504 37.2210539011 36.465407217 36.8539624012 37.1187855048 37.2404410116 37.2328341669 36.1075558852 37.2729054672 36.3743687913 37.2912017282 37.0135793213 37.3033788235 36.2836504355 37.0897184353 36.4333158463 37.3885755938 37.3333346727 36.8968591166 36.4158127189 36.3431195111 36.8376012902 36.8479126702 36.3621577542 37.1292832664 37.303993361 37.1068880185 36.2089690606 36.502090768 37.2417531625 37.2485509472 37.3625484296 37.3509329589 36.8675151515 37.2481200294 37.4127152249 36.9958454709 36.879505177 36.916482263 36.4201644161 37.1848313015 36.6280895622 37.2947118362 36.8211863455 37.062762177 37.0743615429
78.832748874 81.5814726468 68.5592523898 0 0 0 36.5970353287 36.0103806677 37.0478030536 36.8302892218 36.991537773 37.2595731179 36.0013438723 36.1555413892 36.4059005133 37.3661537678 36.5721650811 36.5984756037 36.7526781974 36.5628150865 37.3343329425 36.4005612076 36.3377330511 36.8598588248 36.6732106233 36.6107826087 36.1423446523 36.9716652264 37.3034026389 37.3301443808 37.3286960238 37.2923363153 36.815858027 36.615471404 37.1807521176 36.728927282 37.3371920808 37.389217029 36.6934510747 37.2101278021 37.3375198479 37.3027590566 36.56749991 37.310028834 36.4667222396 36.2876001776 36.3496227761 36.4545028125 36.083887355 36.5430983773 37.2945710357 36.8283016275 36.5039022152
0 0 0 0 0 0 36.2978976952 36.608034653 37.2662795616 37.2868081921 36.5201554894 37.3363987768 36.6533784704 36.736745748 37.1013427914 36.0756860137 37.3435713708 36.5281112868 36.6477354263 36.1659427953 36.6544300465 37.282386849 36.0414291067 36.3079389546 37.1638333573 36.9408723204 37.1658343723 37.2295899991 36.779738551 36.2689317104 37.1534059184 37.2062901913 37.0832140865 36.1034442806 36.132162536 36.0954419444 37.3949400728 36.8016555373 36.2435108635 36.6485884357 37.257556311 37.2426130018 37.3678404543 36.8828204624 36.1798759754 36.426060591 36.8224896946 37.4110125348 37.0127953735 36.4651272403 36.5962441526 37.1420101977 37.2776103308
