Spatial_Output/90% DEC/90DEC_0061.asc
NCOLS 155
NROWS 192
XLLCORNER 196769.923733
YLLCORNER 449719.875193
CELLSIZE 27.603701
NODATA_VALUE NaN
[rows 46 to 68 of 192, columns 0 to 52 of 155]
43.3361735322 44.5688129123 45.1043473706 44.0326865962 44.9500087219 44.1652638828 45.0006844366 43.5497848498 43.9830910413 44.9287303926 45.7875792163 45.5848482622 43.6952174822 45.7470214115 45.0057358829 44.9677004979 45.7980482103 45.7449516555 45.4088563862 43.9528268701 44.7711686544 44.7693078121 43.0162981281 43.1597448384 43.2237022737 45.4882316468 43.5502484484 43.5995389635 44.9118963085 44.7469739224 44.0969467578 44.8525372562 43.1814728397 44.3545823301 43.1800713495 45.804844736 45.0362574026 45.0998505876 43.793710907 44.0590531351 44.2628460021 43.4261035233 43.5894669449 43.6518612811 44.1165958876 43.7945303006 44.3202141113 45.0979899335 43.6446293214 43.5470624267 44.0251850563 45.1491999114 44.400989195
43.9148341703 44.7409382736 44.8268451553 44.6516460072 45.0734682841 43.6082157878 44.7678228882 44.9235206591 44.5662934971 43.3102444207 45.3480918192 44.6897820091 45.715101709 45.1404293571 45.3178207437 43.5754642917 43.6881842806 44.8395574031 43.0843883779 44.4000520309 44.867984789 44.5186443709 44.9185650143 44.4904741039 45.6859478911 43.6968452582 44.6963863396 44.1812745959 45.814515254 43.5043076505 43.441183967 44.6526967156 44.5346645712 45.3557389285 43.1694906676 44.1941834581 43.6489072059 44.2915554875 45.7464529118 43.1290880158 45.7136823426 43.6612504566 43.2252100573 43.8280507794 43.3960981392 45.4836679727 43.9009708047 45.5322897648 43.5614499075 45.255368083 44.1122416759 44.3468083352 43.5605165712
45.2830751961 45.5345318569 43.4451966704 43.1381675464 45.2694479884 44.1806471685 44.9041151137 45.0941161789 43.4291472242 45.4561665483 43.0388662046 44.3319702923 45.4069664609 45.2840284553 43.7196910489 45.4823221409 45.3857082439 44.7868093427 43.3473673037 44.0491702986 43.4613609227 44.9679477152 43.3219469634 43.7014106011 44.0534937462 44.6575550988 44.7688722819 45.0558260557 44.3017089006 43.1377818139 45.460454007 43.5871943289 43.2236159068 45.4445225854 43.2653901261 44.8960239263 43.8351034123 44.5380565286 43.2373677104 43.9263372209 44.6952546442 45.7224940395 44.9748806404 43.4617731558 45.5464344541 43.7716936027 45.7121242119 43.2172391298 45.6872427819 45.7722222237 45.4854285515 45.4450655375 45.7359429643
45.2539319518 45.2426760361 43.5950259693 43.4655664601 43.4088919101 44.4455607602 44.9544672515 44.5648228534 44.7545527995 44.7347176385 44.4229643962 45.7134841034 43.5409769666 44.0860361172 43.5142613267 45.0451486308 43.326109993 45.1129949974 45.4189826281 43.2106314169 45.7908431252 43.072609345 44.302473041 44.9148054126 44.1115134226 45.4114046718 43.4150535932 44.1032603385 43.0841425906 45.2359985097 43.6890476416 44.877984673 44.8902422825 43.6454134246 45.6137371764 44.5456927682 44.597147004 44.5843242297 43.2158612247 44.4217681863 44.2966265498 45.7994404551 44.2911536192 45.1302857477 45.6883601738 43.6975455005 45.4388135075 44.5531762517 44.4112406442 44.9786391738 43.6837212495 43.0643570515 44.8611887816
44.1668642629 45.1786395286 43.7486340786 43.0763406911 45.77257937 45.0741277438 45.8241324733 44.7971722761 44.4853910912 45.775275628 45.7623771216 45.5878780784 45.6554465317 44.2020278714 45.1314203567 45.7466323273 44.0295701537 45.0867428844 43.5298007323 43.8700850708 45.4057192089 45.0591998679 44.6024575317 45.4631368466 44.0170655287 43.7942472368 43.4673210443 43.3754530401 45.28013769 45.287623182 45.2667179406 45.4118027674 44.5548373058 45.8169820336 44.3899058031 43.9328349696 43.9893997332 43.47638404 43.4634264778 43.0843407614 44.9659356856 43.713860032 43.5236863135 43.8070711716 44.5363269044 44.8054094382 44.389525852 44.7888806658 44.8306798819 44.1408846124 45.7551035623 43.8598860279 43.4989475747
44.3854365441 43.0637993255 43.7933620166 44.3400714721 45.7272717382 43.0361238738 45.0408007348 43.7943709563 45.4532748517 44.6430244046 45.6334379561 45.4456176692 44.5270849359 43.3011303128 45.4328187456 43.2763271593 45.6714400448 45.6943346811 45.1925363449 43.5197321795 45.4669716644 45.4402511035 45.2585745438 45.6432413901 43.2967698923 45.3568365637 44.8534178174 44.0125524343 43.5225348108 44.3787383804 43.9176568514 44.1155559579 45.7747691868 44.6201862638 43.2314575161 44.4406021436 43.4501926891 43.1444078263 45.6368087327 44.0538327558 44.2525359627 43.7786483388 45.1887390116 44.9473938094 44.6929467669 44.4849211617 43.9939723206 43.8431032167 45.1057884256 45.409590993 45.7907678205 43.1759189658 44.2010922236
45.1064246477 45.4793172861 44.647930222 43.0253927385 44.2952350277 44.1523570074 45.2094508999 43.9968431799 43.172721042 44.2967630172 45.2959697833 44.2638910827 43.9325894335 44.4712163388 45.6912802942 45.0820817477 44.5809288508 45.2848439666 44.8278580883 44.1380775809 43.0690398711 45.5364794435 43.0861988747 44.2598467141 45.042765226 44.5428996435 44.696225185 44.4903767936 44.1530759504 44.2408703779 43.9694007342 45.4699438457 43.1789254108 45.5263955254 43.8078955942 45.1220664314 45.2234785728 44.6142505771 44.4451225031 44.3672003965 45.4874247592 43.4673737256 44.9851696054 45.4754740781 43.5466359416 43.0752221219 44.99273981 44.5817846696 43.6761816715 43.2448930579 44.9402262122 44.6918105573 43.0553394007
45.4624329875 44.4732820949 43.7578801512 45.2706520326 45.3675566365 43.4934039997 43.0258183319 44.7061033473 45.8174248631 45.7955477748 44.294440249 44.1791545945 43.8356126215 45.3070921688 43.0592247318 43.7540842032 43.3804006329 43.6485291288 44.7404190693 45.2802191012 45.4363138122 44.3568363151 43.1088410941 43.9569322418 43.4167700117 45.4101317505 45.1585701079 44.1464060863 45.3221258621 43.4988870183 43.7906194943 43.7055301812 43.7014229311 45.1992969703 44.4299776258 45.1440282208 43.3167927163 43.5019967549 45.7135490695 43.2729366022 43.3581582585 43.3350613916 43.8610950597 43.4690535868 43.3773687953 45.3441018846 45.5196728417 45.0518268931 45.0509377941 44.5333151864 45.6275549073 44.2062345667 44.6084524523
43.7974791042 43.9495675187 43.9785814338 45.6989403361 43.1883820137 44.9991105353 43.131147015 45.2843421487 43.651367969 43.3121638524 43.6992758776 43.7074785419 43.7316635322 45.0052415416 43.627287606 45.1341238532 45.4381934156 43.6604333051 43.225592341 43.3138536387 43.1815886332 43.9040959744 44.0515538443 43.0264843987 43.7174527924 43.3657611291 44.7087572245 45.1920631251 44.0686693744 45.3321793323 43.3728120544 44.1131779817 43.1425894194 44.116672861 45.2961445618 44.3663711613 45.6970376239 44.9650216827 45.1168511202 45.4092156388 44.2469235896 44.5898080627 44.5730314775 45.7229225951 45.8024288905 44.3705544985 45.2330749828 43.4509359133 43.2137633407 44.6834513518 45.7984989301 44.7449542774 45.01463147
43.0825058918 44.2127806136 44.8703183983 43.531572671 43.1762380303 44.6879567778 45.691930205 44.328141541 44.6660019619 44.2948433177 44.1175407129 44.8640422192 45.7831726533 44.9961082036 45.0701173068 44.1014154751 45.7175660167 45.2145550693 43.0730021803 43.1933493673 44.7974776776 43.5089440023 44.6671720053 45.3011167574 44.9130675934 44.0811521455 44.6268305586 44.2984269929 43.8484030377 45.4623182717 44.8183707811 44.8587414784 44.4015215673 43.1653226641 44.5673134826 43.0088403575 43.4560117469 44.0628757729 43.1603597163 43.5063124715 43.9730274299 45.8194892864 45.4154175886 43.5615792482 45.4830832251 43.9741823713 45.4679589176 43.224986319 44.9490660562 43.3691729165 43.8567706353 44.2786071709 43.782688257
45.1470555175 43.6124297466 43.3348606712 43.1598467217 45.1336453403 43.0826947488 43.01821041 43.1025490309 44.4797130307 44.3786181587 43.726833948 45.3803424505 45.3776168039 44.7757547501 43.5292435502 43.5266242313 43.7952928901 44.3357413947 43.2601710276 44.8236478022 45.1354587534 44.418412123 44.2706910708 45.4326655092 44.7845780468 44.9467140786 43.0559624083 44.0716398367 44.076691088 43.2237073952 44.7347245775 43.1977995009 44.3794576879 45.5965608639 45.4949830611 44.2539045198 44.9148587856 45.0773094681 44.6401868224 45.1454110454 43.8047985566 44.4127979157 43.9786392004 45.6349506646 43.4556524644 43.7480214186 45.793389325 45.0875420543 45.3379326936 43.3674568502 43.888405821 44.2367453184 45.2384187817
45.0417712473 45.3747281918 45.3841177633 45.6387023559 45.7038292529 44.0421871225 43.2003451363 43.4961759032 44.0370127011 45.5080812175 44.100204351 45.5870548763 43.4675347782 43.2665662122 44.7351187034 43.4251455263 44.6842126562 44.9317983866 44.1138232711 43.6660903474 43.843697955 45.2166874416 43.3298772253 45.7260490637 43.1815156319 45.6291918239 44.9826273649 43.7081633078 45.2865132629 45.1232371275 44.8126508712 44.3191749593 44.7787053532 44.7197065897 45.1965843473 45.7223209283 44.2280189245 44.3755437121 43.9988393331 45.554671584 45.6316465579 45.0806777524 43.1132750346 43.7532551685 44.9651195335 45.3992023068 45.1331958962 44.727249213 45.1801620156 44.6719205071 44.7928139106 43.0230268467 45.4422867582
43.2335802885 43.0537898441 44.5265456754 43.9443141833 43.2179679809 43.1592843877 43.5085453813 44.0630083226 45.2972969321 45.4930384028 45.7565828941 44.6751159065 44.9642313598 43.3567549093 44.4688517888 44.5416572279 45.143867955 43.8090202299 45.7250773295 45.5788235454 44.6435204603 44.7194525643 43.7510514796 43.5614049227 45.3154430113 45.1916185715 45.0361126495 43.5336811125 45.4518177084 44.6130577356 44.7638730309 44.7885639287 44.8122545478 44.3815790392 45.5745193026 45.5647019304 44.0882654638 43.8760571248 43.1915488165 43.6528046942 44.5675860536 43.8909947093 43.3466765452 44.1033060205 43.8184799672 45.4272127018 44.7441112551 43.5668444297 45.5748095231 44.4124119031 45.5816295272 44.9052391252 45.5714600155
43.0351897173 44.9760520772 44.3757526797 44.4041885352 44.8902577271 44.6147938613 44.8457838294 44.9301688074 43.1101555654 44.6053114008 45.3906112665 44.9641913452 45.8259129991 43.6409641631 43.2229771194 43.9658669862 43.96262076 43.1122777916 43.1238975124 43.3202764096 43.6218371388 44.2421743969 44.8246045353 45.7529118231 44.7673578919 44.4786404032 44.1503595557 44.3672116255 44.9040449316 43.7106055377 44.895756773 44.6195522333 45.6446086301 43.1998013167 45.5227196073 45.7239877713 43.0964944377 44.3157728145 44.4498011585 43.6086478505 43.5297026415 44.6821634918 43.9957899444 44.6634254424 45.1552859258 44.291987958 44.259498604 45.3003797799 45.7156245909 43.5188449664 45.3866771171 44.3980634115 44.194588145
44.8233827132 44.2608653719 44.8074467899 44.4702188537 43.0016501296 43.4753450521 44.3181672776 44.5374769273 45.0976348887 43.5552290609 44.0779809549 45.2948268707 44.0076644585 45.4718522867 43.5977754387 43.4246106775 45.3908663412 44.2358762373 45.7168574975 45.1959517388 44.8121142977 43.7251005878 43.6565547832 45.3770878357 44.8095197478 45.6619519471 43.3052875512 44.2542588001 44.2100325484 44.2652340267 45.1074759306 45.4856954115 50.1395295285 44.5595743842 44.6314855891 44.8540565858 43.7949705257 43.0055923694 44.7261091434 44.715617724 43.0286947807 45.5234357113 43.6416992219 43.5898772628 44.770731769 43.5398128568 45.4833963078 43.8619398835 45.5001102544 44.4502908862 43.9874449386 44.2949436154 45.6125900449
44.3356593355 44.7223678066 43.3946667058 43.1195408552 45.5496597781 45.6863955824 45.1285395378 44.0027595256 43.6438495086 45.731694608 45.52495858 44.6621394853 44.6567343995 45.3444236726 43.806984802 45.3483107978 43.9225192361 45.5310197696 44.5510619731 45.4342573466 45.3267950122 44.2230629486 45.1574156475 43.5462756033 43.3512917311 44.311643076 43.0720708585 43.6535038187 45.7872410735 44.3989608529 45.0875652096 44.7505100901 45.3180662315 44.9291644461 44.5921565214 43.6015310657 44.5468166656 45.0125845465 45.4263815184 43.210005849 44.1559264182 43.9290501148 44.8327422475 43.8930216411 45.2238771535 44.7201375455 45.1185024724 43.2937074899 43.1601949573 44.1087329409 43.1940849723 45.1373666131 43.2167721146
43.8067856784 45.6886679677 44.8961585473 45.3712441375 44.1207843613 43.23314793 44.1914448862 45.1975733977 43.3080927609 44.6579207919 43.2185486934 44.4801771315 45.1492445191 45.181708591 44.1053707494 45.1518658134 43.4012457163 59.5795796297 44.7048866424 44.0697620894 45.407028755 43.3932658806 44.2315101139 45.4130699836 44.9825078096 45.2408793894 43.1201022932 45.5203036638 43.4233586835 45.1972327448 43.8929843054 44.8547110529 65.2103953292 44.120091008 65.2103953292 45.4619351269 44.996899328 45.436827849 44.2309355638 43.2118168034 43.6234591066 44.4267137039 45.0666586767 45.0975176611 44.66124799 45.2682371718 43.2782118111 44.1836670919 43.5184711373 45.393002627 44.5543313627 45.108086135 44.3496335314
43.9841218164 45.2598172077 43.9200532989 43.354990782 43.208780609 45.1613352319 44.2427340155 45.2739321449 43.6694848228 45.6786911424 44.6561027545 45.5367339591 43.2409824983 45.3841081714 45.5400348994 45.5408703479 45.222126398 44.5468900126 44.951601829 44.4772145648 44.6376576481 45.6041652638 44.6031429695 44.403944923 44.7016620019 45.2310471777 43.5735323162 43.9796999078 44.3327642312 43.5600581686 45.4097057028 45.1194055639 44.8513010538 43.2908533202 44.0345006571 43.7832279005 45.3494291704 43.6801059844 45.4120971326 45.1548605558 43.4414545462 44.235266714 45.4336240471 43.3154808578 44.5963514861 44.5264471543 44.5353566364 44.1767731976 44.4317891818 45.4053200718 44.4923327728 44.7124482652 44.5445288209
43.2393674111 45.0661097373 44.0855579101 43.2778551908 45.3705488083 43.7198094793 45.8115947616 45.2658311293 44.7690453634 43.2856674856 43.6290391439 44.9702310718 45.7760700479 43.6456920597 45.2681696626 45.1259333216 44.906384079 44.8906466447 45.6554171515 44.5384707743 44.8754246087 45.5042999095 45.1653762585 43.2208706135 44.5035278703 44.7778839892 45.6695525256 44.6400550136 45.1295550911 43.2732556688 44.424213958 43.5194118204 43.2046232748 43.7866297254 44.6983831668 43.9547147396 44.0986643883 43.8015003064 44.2691565419 44.4113629369 44.8701357392 43.3766782999 45.4831861165 43.3434111883 43.0453779482 45.1628561214 44.7535107981 43.3518411111 44.1966778426 45.3528500662 44.9390430873 45.0475866418 44.0852666771
45.7057884587 45.0069977703 44.4927876192 43.1757686635 43.4377635637 44.4675197627 43.7292885997 43.6530582713 43.234443659 44.4377390763 44.3553209705 43.3170649703 45.8245090907 44.4657703919 43.7680767783 44.3955156793 45.7588180674 45.6033229537 43.8027473341 44.5033878789 43.6873656036 45.1430474433 43.5050725572 43.085043279 45.2359208371 43.7788220776 45.4952957021 43.3771914472 43.688388351 44.9557575388 45.4675856193 45.7552774493 43.7018428522 44.8107927295 43.031741447 45.3251589967 45.1293938335 44.6942062402 44.0158390417 45.6618246444 43.3174923428 43.7498881007 44.3621572165 43.4820230263 43.6405064662 43.9082875642 45.6298568218 45.368349006 43.4444482822 45.3898082146 44.1210717584 44.118646787 43.9018417648
45.3037720212 44.7305568687 43.5371657544 44.3020311738 43.9672779493 43.1413942028 43.2392373249 45.0284918381 44.2526788669 43.6869034102 43.8041513159 45.5598730234 43.5483758037 43.685345435 45.5551528887 43.8074179815 43.9135450105 44.8237256876 44.8372942855 44.8948518835 44.10769174 44.3524488825 45.3529731973 43.5442573942 43.0420802738 43.2565795382 44.5820115817 44.5685883723 44.5040716589 43.1003992134 44.5669757043 43.5808830425 44.193404909 44.2685380345 43.5966811625 45.2871501793 43.5634339623 44.4242064445 44.9037180196 43.5156289188 44.3162147458 44.4265149819 44.6876613183 43.7879939025 43.0696386962 45.759306645 43.7161020328 44.8904975676 43.5312162869 44.1150583571 43.5110820795 43.351112311 44.7974277057
43.6291391297 45.0782678393 45.1337325255 45.2447358824 45.8240192456 43.9538223429 45.1598753147 43.0638432375 45.4729299371 44.2022266268 44.1961983298 44.1278580702 43.5742755904 43.6726040071 45.439958351 44.4466170907 43.0945037517 44.8917315072 43.4080242994 43.8154832408 45.1620901225 44.3405242992 44.3926911189 43.9191788481 45.1037900063 45.6417899787 45.5186299218 44.9995914311 45.7704081623 44.134953745 43.7202425577 43.5282410563 45.0408516825 43.4624777489 45.6935985597 43.8960877952 45.6251196801 45.3227898905 45.3110004895 43.225958767 44.4233585449 45.4216968883 44.7577114655 44.888867746 44.3974062665 44.1239751843 43.7806584405 45.8002245088 45.6381220134 43.6950212273 45.4697839122 45.2203773098 44.9567014035
43.4210488965 45.8137562747 44.8822725306 45.5997980148 43.3857127682 45.657393742 43.1420993974 45.227408942 45.2861375373 43.7054304744 43.9852255732 45.7142493847 43.7009555868 44.0156114549 44.7407752935 45.196964556 43.8490080386 44.6728109796 43.1748716182 45.2714003544 44.0399756977 45.1203667514 45.5659469909 44.9620898149 43.2152921658 43.5690463272 45.7596216782 45.2632897761 44.2883680771 45.3451591132 43.2345703109 45.4203157992 43.1269331971 44.1644491308 44.3051396848 44.6518085978 44.7637039636 44.4485428107 44.9867430096 45.5904554513 43.3443800591 43.3418807656 44.9481739354 45.524935291 43.9845305027 43.0947036777 44.0866886577 45.4807798648 44.9578787729 43.1801175363 44.3098870177 43.2844427825 45.2812938546
