Spatial_Output/90% DEC/90DEC_0114.asc
NCOLS 155
NROWS 192
XLLCORNER 196769.923733
YLLCORNER 449719.875193
CELLSIZE 27.603701
NODATA_VALUE NaN
[rows 138 to 160 of 192, columns 53 to 105 of 155]
44.5019329656 44.3482009928 43.2259829059 43.8457218476 43.5252903529 43.6803596109 61.793946079 43.5003913144 43.2992823087 43.2794905683 44.6429384885 44.8995841347 43.8303698714 44.9111765274 45.1540283504 45.1640645301 44.4294115745 43.0542874386 45.7851431677 45.7635234258 44.6582506781 43.0784899846 44.2080425797 45.0124146544 43.8406559875 44.767392964 43.251262266 45.6082519943 45.5927976099 43.4508676029 73.7604524086 43.5502200321 44.6727764242 44.7501920408 44.1379316478 43.3968846621 44.3573736257 45.547101566 45.7986436192 43.0601913124 43.1765813894 43.798598442 44.8965052716 43.7177520243 44.5355046107 43.6871440545 44.2227718846 44.8767329394 43.3800792149 43.6259041024 45.6977276796 44.8806987029 44.1319927038
43.6080722079 45.476781952 91.943009074 91.943009074 91.943009074 43.6066550422 43.9799905984 44.2415100293 43.6870425406 43.5577683728 43.1017764688 44.0854202674 44.0745644611 45.3402401852 44.6479129398 43.7684689707 45.4508071134 43.4034871157 44.2003741659 44.0126718548 45.1701072113 45.0004479595 45.4311189131 44.9080625408 45.1951233009 45.6846161552 44.8585106353 43.1031716356 44.6882180762 43.6737543201 43.7055611808 55.584298284 57.401977477 57.401977477 43.4961466147 45.0708064582 45.5915510275 45.6144365895 44.2478404499 43.765194178 43.3964799571 43.0646601619 43.5474681094 43.8781950204 43.2816547402 44.9423346912 45.694826341 45.6303736558 45.1005363246 43.9997535611 44.9742178757 44.6781201117 43.213900515
43.9125107995 43.2082857437 44.4827305266 91.943009074 91.943009074 45.5234820708 44.4344298121 43.4072035691 43.6789810351 43.6663310036 43.9100821501 45.7091650542 45.6855387206 44.0069073615 44.5605397927 45.0643990482 45.0858017888 45.4740364326 45.3220808607 44.9868296533 44.5148948 43.3089030713 44.6297672319 44.4282679412 43.8126480148 44.7788801407 45.7971835588 45.1711976672 45.3222762836 44.9823344127 45.0334274555 55.584298284 57.401977477 57.401977477 43.9061081704 43.9919419591 43.7051054268 44.3488651108 44.6374190961 43.7993017392 43.6814399975 43.7456924592 45.5178188012 45.4672438204 45.6651765519 44.3199067881 44.6963802461 43.2664706308 44.7041785684 43.6192872747 44.9237299647 44.3563805394 43.9358352737
45.0169929943 43.1623657796 44.5179691147 44.2041067703 44.500254437 45.6135817394 43.5213256064 45.5928753617 43.7925202443 43.0648578964 43.6455847761 43.1585696538 43.9941573448 45.8252518733 44.4951738839 43.5023557996 44.3319012384 43.6818487638 43.2975352897 44.3671855751 45.0771822317 45.2655464503 43.9654577066 44.3776647514 45.4340935547 44.1898949115 45.2732176445 44.0550097086 43.9769674685 43.4147569874 45.7307183651 45.1826725351 43.8529442042 57.401977477 43.8719868327 44.6152517503 44.3446949008 43.5376574305 45.3001963065 43.5873199422 45.5161870361 45.750200025 45.3725068721 45.3368989022 45.438595129 45.118289949 44.0958947445 43.0900208169 44.6171568923 45.1070290792 43.7814173792 45.224254691 45.2465678217
43.3999931602 45.7264260983 43.7425173129 44.5102750779 43.3297080838 43.1250513989 45.2154856058 43.3453311449 43.7026096334 44.5717197036 43.8136461949 44.9907908363 44.0819508686 43.5118781967 43.1850565032 45.3658412876 45.806763055 43.6865167018 44.2739489784 43.9072241633 44.2010917356 43.5121234886 43.417064431 44.454320736 44.8556757919 44.0707118413 45.4916164482 44.936787705 45.1573655463 43.1230266671 45.7293076089 44.3281157288 43.6121963272 45.5953955043 44.5844723545 44.9628863543 45.4447915874 44.3293693103 43.9609506861 44.7509163198 44.5949166663 43.6966293955 43.3053075025 43.9895004366 44.1363194381 44.5678696616 45.2534802853 44.0884688407 43.0017852139 43.2819612373 45.5437862707 44.6302965029 43.8760158425
45.1806595753 43.1201345339 44.175637069 43.5705370382 44.1278461352 45.7923508002 44.8645942545 43.595920557 43.7494896628 45.2128526993 43.8676191882 43.2819654473 45.0779843416 43.7988777593 45.1153281037 44.2858235644 45.1080168203 44.947539149 44.8239652953 45.7691977544 44.3510741397 44.041685375 43.6034687942 43.1987436573 43.9120568707 43.2063003263 43.1012791384 44.2927473098 43.4065303406 44.0857291589 45.7290691312 45.0344944492 43.0620829314 45.462849012 44.5203938513 45.6233562638 43.6511139348 43.9752249542 45.4231332086 43.0934852664 44.803715953 43.1285311637 44.9609312248 44.8026646108 45.4840956416 44.3301120472 44.0241136979 44.701997024 43.8302685799 45.6415093826 43.5236158845 44.6500923339 43.4497274558
43.1305808598 44.5692167697 45.324389271 43.0857819025 44.7909161148 44.2687104242 44.3138805636 43.3528878762 45.1518021473 45.4553283879 45.3273294772 43.1693205353 43.4130356187 44.6452436185 44.9771293283 44.3789195735 44.2808592296 45.0652700696 45.4512229178 43.3907307186 44.3820375134 43.01639997 43.1246042513 44.9128206351 45.4453756733 44.8440409662 45.8078439849 45.5473025574 44.0435869043 43.4792442991 44.3451692055 44.8506779944 45.3150106261 45.0285860759 45.3798786078 44.5318536005 44.158231203 43.5119001208 43.5681228494 44.161186554 45.0933870234 43.9396783211 43.4423594335 45.0588777296 44.2703184905 43.5329277275 44.666790249 44.0577808443 45.2053282103 45.3087863914 43.7832992871 43.3469065949 44.6023962205
45.1246976988 43.4646214093 44.4651338944 45.0149358165 43.581346687 43.4650699594 44.4619960198 44.9885686142 43.5674134326 43.3054304598 43.5173758817 44.5510313544 43.3217083239 43.0856625084 44.1047117869 44.4395906671 44.1835272369 43.2762709223 44.065580476 44.7910255063 44.4144806486 45.1760160337 43.2635801124 44.4333150528 43.6089267941 44.1904417898 44.7942135859 45.3579871446 43.3670139973 44.2427711836 44.6190153221 43.8810925025 44.9657680545 44.2293317212 43.7624490735 45.2364042707 43.6962321911 43.3761871234 43.6114032539 44.5001545714 44.0406833007 43.1953231001 45.4841477198 43.343653624 44.6384279648 43.1548046111 45.7843538745 43.9231317771 44.1675478209 43.7687048551 43.8649900001 44.7864633031 45.2641372554
45.559214556 44.032571254 44.4993386445 45.5273642121 43.8162226652 43.0446982063 43.6734424066 45.5988628133 45.5514756669 45.7992477222 43.5679747324 44.3696352178 44.9735514318 44.9318223134 43.6760549983 43.054938578 43.0755277043 45.7209705752 43.7748725144 45.2613594997 45.5864304737 44.7930237572 44.5528927446 44.5259840342 45.7381297809 44.7041771731 45.1852228654 43.163723151 44.9234727837 43.1086456166 44.8341174632 45.3433930788 43.0148730435 43.1075835866 43.1147572442 44.1052508271 43.7490418632 44.1152226868 43.6237788559 44.4110796508 45.7019401416 45.8188354033 43.7701559873 44.1588799393 44.5558782827 45.7389641365 43.0449078292 44.637709977 43.2623195861 44.2640293266 43.808521586 44.1155544572 43.5624839718
43.1890474701 43.4513045012 44.5592482252 45.4034894285 44.3640859295 43.9408585468 44.0642432248 44.4026226288 43.1025332934 44.9684910764 45.526091427 43.7693681008 45.6235530271 44.913311854 43.179054075 43.4637876444 44.0899069049 43.9249882742 43.0982391274 43.92922899 44.1951491929 45.8163489469 44.0841828373 44.9540466284 43.268933725 44.1543776531 45.7575259978 44.313361533 44.7803790198 44.9524106508 43.4779517095 45.5321546582 45.3860807471 45.6390911839 43.421455739 45.6891292554 44.4553598165 45.0610367383 43.6833071727 45.17890847 44.8368200114 43.2518644698 45.1817812569 43.4128848035 44.9228042769 44.1216066939 43.4621101692 45.3599388096 45.4782149374 44.2831922547 44.645875618 43.3618611355 43.4157341496
45.2727758046 44.7088532029 43.4187123634 45.5821516477 43.1669023225 43.5045630698 44.7025724092 45.4815251195 43.379170495 43.4207945352 43.5867556737 43.6398506025 45.3897857467 44.8143615759 43.9702581699 45.6311375932 44.7265150483 44.6499770426 44.6060436746 44.7401118076 44.0680194779 45.7112661368 43.9274189984 44.6547997445 44.403373253 43.0059989759 43.7026434725 45.2276587132 44.8486445009 45.3068360988 45.177037752 43.3514601487 44.8081391671 44.4304671017 43.1356146904 45.7672968242 43.6614839529 44.4638332454 43.5151142456 44.5563030963 44.2383531314 45.7715447416 44.7002033007 44.3564104936 44.7031902912 43.9546931565 43.7424810625 45.4549336726 44.915961472 44.6098354132 43.7509266443 44.8143759549 45.7509448718
43.6128066418 44.5489222357 43.0608365885 43.8835253992 43.2556115968 44.5199557549 44.2768399974 45.624908408 44.5527962375 44.3224267388 43.3544117415 43.2916608346 44.4727718678 45.8236165706 45.7256082539 43.8074166555 43.05393498 43.7291348816 43.7117278831 44.2356525668 43.8446171863 43.3860048833 43.1039878698 45.2761005605 45.1360717089 45.1939324792 45.8157626836 45.2733537984 44.7618969112 43.7044902275 45.7181709971 44.7967750241 44.4424580092 44.3125182155 45.1342559614 45.3608747564 44.2260154422 45.4007066081 43.0463914196 43.5660862843 43.5738050843 44.2941267016 45.2831293803 44.74406833 45.6586310288 44.6094165258 45.7381077971 43.8726491827 43.986057069 44.6395700214 44.3601135999 44.9947392929 44.105779368
43.8642359507 44.5614903216 44.0989065692 45.3800442229 44.9754843024 43.9078021818 44.7703366014 43.1794431536 45.2069564345 44.0484106913 45.1545685402 45.355684316 44.8020860865 43.3169531188 43.7080701514 44.9192825376 44.4568005042 44.1322374777 44.4694307332 43.5344275201 43.1268561254 43.616998578 44.2445029508 43.9822680291 44.7728536742 44.3558443248 44.5081170174 43.3215648325 44.1168391436 44.4998816671 44.9557910588 44.4518808419 43.7383809304 43.007359331 44.7242797535 44.9032451645 43.8949545729 45.0353558361 44.4065553371 45.5406167365 45.3238011476 45.2278661536 45.338295052 45.0484378751 43.9043407773 44.4390135822 43.2241027881 44.4583343578 44.2029717475 44.7399884185 43.61206725 44.6366612627 43.3806270111
44.3210958707 43.1184714089 43.5632875824 43.3526099177 44.8670695253 44.310941999 45.0162681902 44.8961701461 44.7463792032 43.9215637535 43.242628767 44.4559262196 44.4199941357 45.5565291056 45.4208877825 44.5313986605 45.3226671787 43.73776532 43.8626784027 45.5476724319 44.858481189 44.3006398269 44.0993599312 43.5976008812 43.0512320981 43.8944558795 45.4496659567 43.3215390418 45.4778637949 43.8157564009 43.9012169131 45.3794732897 43.7675894463 44.9083199266 44.5894261117 43.9562665531 45.1636273186 45.7078692447 43.7446366412 44.9384489875 44.8250833363 43.7303602163 43.8999296597 44.4210723544 44.9469391463 45.2135929447 44.9609002066 44.8294949181 44.852002112 44.2459983593 44.944208135 44.6764127812 44.6184018501
43.2889048293 44.1225668127 43.8449772396 43.6001137952 45.7974466754 44.6237467607 44.3857137926 44.2161111996 43.665210635 43.2353030451 45.4508203488 45.537492391 44.8360943748 45.0392237045 44.7374887559 43.0466691696 44.6110416966 45.7580049374 43.2488286987 43.513804304 45.4594630935 45.319474982 44.4964063861 45.6578653202 43.0120470229 44.6883510925 44.4354376922 44.2023933266 43.3143439146 44.8552608947 44.1905605666 44.1608598949 43.168756568 44.0062316852 43.6802552488 45.2762158689 43.9495862599 43.3024450112 43.4033584921 43.2946947593 43.462950088 43.1707296914 43.7620384727 44.433543043 43.4835068088 43.2899359056 45.4251058058 43.6543087686 44.7663545167 45.1070801317 44.3760432957 43.753937746 44.6494258969
43.3263566872 44.72212427 44.1658525027 44.0399716818 44.1350387104 43.6603560175 43.3182965475 43.0189562271 44.5110691455 45.7107927646 43.3339287301 43.8967249253 43.4827765678 43.5043527431 45.7075683555 45.5534819952 45.6387854636 43.9364779265 43.4167604413 45.6890731939 44.1766194632 43.1642169031 43.4788286283 44.0535619233 45.3148602494 44.5905399499 45.6516732893 44.1580849793 44.4092724191 43.1802285692 43.7404082212 45.5630589359 43.0594829151 43.5425896253 44.1782341733 44.6459889655 45.7218274741 44.4728155525 44.6622253784 43.7420204001 43.1902813716 43.2136316661 43.6671330032 44.7981652438 44.2264611803 44.9671270685 45.6775589484 45.7324369472 44.7846161269 45.3220397804 44.738701601 43.7915533794 45.4197287911
43.5180944814 45.656877127 43.8828323001 43.7711343162 43.9238521412 45.8217005151 44.6334166754 43.1963052175 43.4222904818 45.3099023286 45.2743989267 45.7908493792 45.3985713902 44.2861994614 45.5321083056 44.6741807492 43.0900760963 45.2770071887 43.0942755576 43.9981076242 43.5339004163 44.7112535815 44.2021681963 45.5454376294 44.4927165708 43.9525890567 45.3776744281 43.1413223065 43.9628751279 44.747084044 44.3709250108 44.9999767462 43.76349447 45.1059769141 44.415529025 45.2873880233 44.3286267069 44.7640893408 43.1425377737 43.3460779558 43.622237018 44.1004840992 44.5897792796 43.7423254703 44.8441604033 44.9610318519 43.8879791205 44.4962155105 43.9983478472 43.0733305979 43.3620503759 44.8969882596 43.0704293789
44.1597987762 43.2839505613 44.9802858121 43.504441846 44.5368238727 44.4458461221 45.351457956 43.0046439886 45.5652134179 44.2621047049 44.5513802696 45.6209806024 44.2894271653 44.699296508 44.2898127718 43.0013145422 45.3363925147 44.1819004205 45.801147767 45.5940022686 45.7251431276 44.7077984321 43.1194018441 43.0280227153 45.1798847349 43.5159879266 43.8055446938 44.5014443346 44.4108970844 44.0015395186 43.7628026124 43.7786942859 45.201509433 44.149417301 44.720227922 45.1877057032 44.0355586993 44.2935863598 44.9251160808 45.4275372207 44.5097779125 44.8620650952 45.7215966031 44.4429583528 44.0753392012 44.4965554511 45.2088005365 43.9871913221 45.3454881773 43.702669272 44.1104713054 43.7151119362 43.5473535923
43.0426427563 44.6799984204 44.1879972728 43.9188734217 45.0366839953 43.8417831096 44.8952987042 43.2026158892 44.455594022 43.391759468 45.5139044479 43.6963801648 45.5013674926 43.9822836739 43.4383751854 43.1052658433 45.563858125 43.3025510002 43.1639173812 43.3311545917 44.9307779524 43.673818488 44.9895872367 45.5009896455 44.4039088695 43.6414330901 44.6069806329 44.8056342517 43.5715281719 43.4858435993 44.3491248107 43.6203647798 44.4944666417 43.3153032362 45.1491276539 43.4823536696 43.0403138922 45.6678368775 44.7958896563 45.8164879156 43.9262730539 43.2914524063 45.6850721186 44.7536160133 43.0461784364 43.0499576484 45.6612789744 45.1999268336 45.3852168052 44.1734973791 44.2800954271 44.1599062063 44.4803274931
43.2716766353 45.2715903408 45.695744161 44.1556766984 43.0302609193 44.8419299782 44.7702207469 44.509341349 44.212218725 45.0765011079 44.6117925783 43.0111293077 45.3222583002 43.5568036878 45.6087225451 43.5267017581 44.0354476181 43.9593017865 43.3658864038 45.3951192307 44.9526072763 44.76226941 44.9298961287 43.3548635694 43.7541370751 44.2331309688 45.7795638598 45.2577641061 43.6854382276 44.0363592435 43.9736883495 44.5998565386 43.3373278428 43.003339768 44.1084409368 43.5639570692 45.75591046 44.1247173224 43.7107099065 43.8255550148 44.2202061927 45.5228236765 45.262550222 45.3543774946 44.3941261196 44.6996970076 43.8480869357 43.7253740119 43.6814287719 45.7252094789 43.8103584695 44.204095023 43.6884545301
44.1300701632 44.2913980962 44.3980178779 44.3630005178 44.115558542 43.8852390126 43.4409463514 45.6031076673 45.1081846402 43.9229382769 45.4812725383 45.5224729696 45.1249073467 43.4281450226 44.3763538172 44.0511027232 43.7638443408 45.2805907177 43.1264277365 44.5156624551 44.2891889277 43.2532671292 44.8509814402 44.324048168 44.5928127084 44.662381403 45.5302561896 43.5128175107 45.818955538 45.6201703464 44.7338332918 43.4696108755 44.2404514894 44.9965664873 43.1262774446 43.1861216147 45.3747929508 45.4065317741 45.1520313115 44.8851359796 44.7652209784 44.1596151256 63.2228161322 45.3540344487 44.7162659151 44.1455755977 45.4489639104 43.5687548684 43.00086247 44.5895047558 44.0847256389 44.5917410278 43.7956892486
43.49918667 43.6266747165 43.059975169 44.6779531965 45.5746140119 44.7756946164 43.9561474223 45.404499607 45.3098713183 44.3558005858 44.8041544627 44.6842678402 44.3476173812 44.0949618312 45.4798554184 44.4413512071 44.468038213 43.8220274237 43.7846747687 45.7882938424 45.7141512791 44.0907610906 43.311644868 44.7860827388 44.001691147 45.669206058 45.4901766285 43.067723414 43.2873272029 45.609945498 45.7209140103 43.128756532 45.0625969787 43.8518874907 44.3050327302 43.5683264365 43.1520571587 45.5596853189 43.6655679514 44.9901215944 45.7042898556 43.8148043546 44.7444589188 43.3051002792 44.1446803506 44.0679446722 45.2292229258 43.7245578254 44.8305261553 43.5318480764 44.0965636631 45.4859201725 44.5914393148
45.0442339442 43.3746674152 45.6089401015 43.9719392562 43.4956588282 44.3811801907 44.3210964643 45.0908320174 43.9643943747 44.5673167078 45.7070597166 43.1102949798 44.8201814498 43.935311554 44.182601896 43.1533536261 43.874959151 43.1316637928 45.3269969972 44.8731013113 43.123639395 44.1242411678 44.7797387203 44.1765002134 43.6131814115 44.2617992933 44.1555299901 43.2628584066 43.9552745345 43.9999260354 44.6350273671 45.0144807212 44.516729169 44.8760971528 44.7353260649 44.8339039318 45.7815019997 43.0807294343 43.4090899252 44.477913571 43.3552611713 44.2415490283 63.3282214757 63.3282214757 43.7746890451 44.600604296 44.2865555877 43.8150487041 45.4017819426 43.743884644 43.3022261233 44.3775414424 44.5370700498
