Spatial_Output/90% DEC/90DEC_0174.asc
NCOLS 155
NROWS 192
XLLCORNER 196769.923733
YLLCORNER 449719.875193
CELLSIZE 27.603701
NODATA_VALUE NaN
[rows 0 to 22 of 192, columns 53 to 105 of 155]
44.5863845755 44.8810304825 45.0207433373 44.9740868921 45.1262399226 44.8527452157 44.6555853992 68.2282540632 71.9876863104 58.9501764491 45.0735175668 0 0 0 0 0 0 0 0 0 0 0 0 0 0 0 0 0 0 0 0 0 0 0 0 0 0 0 0 0 0 0 0 0 0 0 0 0 0 0 0 0 0
45.1270467278 44.6323114531 44.7254142859 45.097599135 44.8675431497 44.7370997236 45.1219570549 63.156624029 67.9261513955 64.0170772117 45.1250666186 44.6051286984 0 0 0 0 0 0 0 0 0 0 0 0 0 0 0 0 0 0 0 0 0 0 0 0 0 0 0 0 0 0 0 0 0 0 0 0 0 0 0 0 0
44.7775106063 44.8997664374 44.9134734325 44.8008072253 45.123730796 44.5130960226 45.0915242692 66.9600214715 68.7739017628 60.2114217647 45.2028999981 44.9203138735 0 0 0 0 0 0 0 0 0 0 0 0 0 0 0 0 0 0 0 0 0 0 0 0 0 0 0 0 0 0 0 0 0 0 0 0 0 0 0 0 0
44.7954065811 45.0432619439 44.5262954961 44.5033813401 44.6544903547 44.8035788572 44.7323033083 45.1305435875 45.1568977096 44.5514112295 44.9688800752 44.778058627 44.5875374732 0 0 0 0 0 0 0 0 0 0 0 0 0 0 0 0 0 0 0 0 0 0 0 0 0 0 0 0 0 0 0 0 0 0 0 0 0 0 0 0
45.1854300456 44.8431028578 44.9480181435 44.6216913384 45.1909717495 44.8139244789 44.8083775376 44.6197416922 45.0392888829 44.7387331699 44.7607219221 44.6538396973 44.6352645961 45.1567717665 44.7473257659 0 0 0 0 0 0 0 0 0 0 0 0 0 0 0 0 0 0 0 0 0 0 0 0 0 0 0 0 0 0 0 0 0 0 0 0 0 0
44.6798530463 44.7445259301 44.8229477704 45.0854762688 44.8737899286 44.7333599317 44.5782158237 45.1812019739 44.6069038887 44.6895342241 45.1143445563 44.555088422 44.5415455954 44.8960770664 44.7759457514 44.6281650004 0 0 0 0 0 0 0 0 0 0 0 0 0 0 0 0 0 0 0 0 0 0 0 0 0 0 0 0 0 0 0 0 0 0 0 0 0
44.5525359097 44.9244686372 44.6475902035 44.8351075071 45.0122572526 44.6031924395 44.54176349 44.8020601555 45.039958755 44.7932130216 44.872645772 44.9402101054 45.0859171343 44.8421648708 45.0899000434 44.8657025204 44.6072987856 45.0712770341 0 0 0 0 0 0 0 0 0 0 0 0 0 0 0 0 0 0 0 0 0 0 0 0 0 0 0 0 0 0 0 0 0 0 0
44.9093933531 44.8391419819 45.1992734312 44.996254717 45.0462136844 44.5310188516 44.6469487775 44.6405887205 44.5244614805 44.745734398 44.6343471505 45.1016144314 44.8253355319 44.756432238 45.0759538131 44.9653226093 44.9920043144 44.5827998125 45.0660026418 0 0 0 0 0 0 0 0 0 0 0 0 0 0 0 0 0 0 0 0 0 0 0 0 0 0 0 0 0 0 0 0 0 0
44.6774822104 44.8567008681 44.8521724989 44.7854096975 44.5167376841 44.8602733183 44.7909173592 44.8159631661 44.8501242408 45.0344893194 44.864922038 45.0620637281 45.0289522762 45.103737506 45.1590507611 44.534919792 44.7852434321 44.7673370438 44.8198862115 44.5242805749 44.5758679074 0 0 0 0 0 0 0 0 0 0 0 0 0 0 0 0 0 0 0 0 0 0 0 0 0 0 0 0 0 0 0 0
44.6486531626 44.5030544604 44.903560221 45.1767685658 44.9433729299 44.8116566681 44.6205423529 45.0751501463 44.6846184969 45.1442348387 45.1525311818 45.1036842561 44.6014015228 44.8876193962 44.6471615199 44.8338955652 45.1072505682 44.6776451988 45.1393485392 45.0832510011 44.7198501456 44.6204583079 45.0282570091 44.5155175683 0 0 0 0 0 0 0 0 0 0 0 0 0 0 0 0 0 0 0 0 0 0 0 0 0 0 0 0 0
45.1207298715 45.0829762418 45.0670838037 44.7905343031 44.5410268951 44.5499643072 45.0411250415 44.9319260918 44.5063894057 44.5259570733 45.1502484351 44.6716404128 44.915081394 44.993509921 44.5829948112 44.5841235577 44.8554098024 44.8892758387 45.1227679269 45.0967872599 44.917829565 44.5252895602 44.9129637968 44.5123720817 44.5290053076 44.6095498781 44.6119821225 45.1632047044 45.1538521362 0 0 0 0 0 0 0 0 0 0 0 0 0 0 0 0 0 0 0 45.1414609039 44.739295706 45.190471086 44.7424586467 45.1389210894
44.5948001205 44.5604194235 45.1661057526 44.9055014701 44.5220452039 44.6058494713 45.1419890525 44.7375679803 44.5879594138 45.0225501217 44.5095707643 45.0364460467 44.9852358737 44.5546291231 44.5498158773 44.5061446715 44.8178754962 44.6915561067 45.1735084104 44.8979137392 44.8755253794 44.7036886976 44.5014146849 45.0470983155 44.8465684047 44.6619857845 44.6195389271 44.7928835791 44.8222326073 44.7422790049 44.8676395394 0 0 0 0 0 0 44.8699489505 44.5848672339 44.7843580397 45.1560882551 44.5543200618 0 0 0 0 0 0 44.8753731861 44.9764197717 45.0502454573 44.776626674 44.7191215452
44.8370954288 44.5046992948 44.7427030048 44.8842883585 44.9787679556 44.7256684532 45.1330908054 45.1145476009 44.7028448679 44.9159564081 44.9005879788 44.9843472015 44.5399308389 44.8128304196 44.9557896695 44.9366608087 45.1858476598 44.6371994264 45.0875559957 44.8046974025 44.5156218891 45.1437148679 44.9065974694 44.6678205927 45.1472954234 45.1513588599 45.1311125105 45.1044576213 45.1744711755 44.9369135924 44.8748084755 0 0 0 0 0 0 45.1319985063 45.1211436665 44.5730395218 44.750833519 44.8365198344 44.8467567163 44.5511421509 44.5472548607 0 0 45.0885141614 45.109836637 44.8929762352 44.6859068974 45.0426287964 44.6414500976
45.1080113053 44.9654699442 44.5980981192 45.1687758542 44.7544461415 44.6016253761 44.8857856072 44.8172335238 44.9875858681 44.8388296194 45.1923001441 45.1939585625 45.0623323009 45.017162142 45.0170365597 44.9281710777 44.5663532195 44.887694132 44.9296108591 45.1401774514 44.627587473 44.896729773 44.7280355769 44.5274397425 45.1214671137 44.9427502173 44.5842931295 44.9144259017 44.8991196863 44.8210410422 44.5362009256 44.7374235027 44.7840683071 44.919140514 44.9042431226 44.5981919349 44.7447012771 45.0223653525 44.7840037557 45.1729168154 45.0300160315 44.7312508322 45.0702212118 44.8182454123 44.9112264937 44.7559922551 44.8369250417 44.5700198693 44.7187522588 44.9437210354 44.5254219246 44.7576529212 45.203867635
44.8300337285 44.9824876412 44.605656012 44.5656180116 44.7992091365 45.1733160358 44.6451501995 44.7450307981 45.1033576867 44.641741962 45.1392038648 45.2034183832 44.973389052 44.9304390423 44.7677652678 45.1300022989 44.7539094658 45.1680232923 44.9141622771 44.7834165111 44.6158758189 45.2022231441 45.0453450547 45.0182366418 44.7223391511 44.6601489215 44.9193681836 45.0941600329 44.7788068739 44.9248395316 44.5319263226 45.0257683173 44.7118885169 44.9848562944 44.6499177888 45.073302421 44.9289985313 44.5232928874 44.953637306 44.5003423978 45.1368140184 45.2016061356 44.5269464479 45.1462982203 44.6772918754 44.6735628735 45.1783750802 44.7177343781 45.1992434933 44.5901939345 44.5324788373 44.9629119302 44.9267467105
45.0176569641 45.2047418188 44.5295886233 44.7802619804 44.5546361676 44.5406900454 44.8502731407 44.9247594509 44.5176833691 44.9792026912 45.190162975 45.1017657569 44.6963756023 45.1316216721 44.6390152183 44.7945480985 45.1661195378 45.068573 45.070915833 44.5380045043 44.8204331295 44.7244006729 44.9207595877 44.519214429 45.2011954133 45.1151093459 44.9635231357 44.7392144976 44.9846268842 44.7934221504 44.6116334757 44.6827018726 44.9418814274 44.5596262678 44.896042534 44.6402613023 44.8811256328 44.9573995778 44.7816418468 44.7859826755 45.1356458198 44.7661889509 44.9465502802 44.7737608859 45.2035363046 44.606278958 45.0139870461 44.8305447211 45.1551835099 44.9784445725 45.1572393251 45.1996953741 44.749556528
45.1763753959 44.9057658368 45.13701627 45.0314218163 44.7908970045 44.7864384138 44.6474293247 44.7678449359 44.624217679 44.5958121243 44.8306916401 44.7898078874 44.6422995803 45.0373203838 44.9247351101 44.5669979852 44.806122547 44.9727225439 44.7716683614 44.5695024459 45.1644629989 45.170866979 44.5025305038 44.699893337 44.9194728769 44.906096927 44.9563314505 45.1171530782 44.6598165113 44.5979766964 44.7680284135 44.9341751184 44.7672119913 44.5699443272 44.7401158996 44.9039478316 45.0933263821 44.7755360896 45.0200257429 45.0893488081 44.7287963974 44.8117222265 44.5407477722 44.8498302674 44.5581637249 44.7024015852 45.0215265271 45.1501734894 44.6939276317 44.6212263665 44.968078604 44.8439100661 44.5535251097
44.7653655377 44.8657086958 45.0742354933 45.1845594334 44.65618852 44.7736234796 45.0259449241 44.6779158439 44.5325977201 44.8042112362 44.6949063832 45.1720523238 44.8477062459 45.0661793213 44.9802273132 45.0545233311 44.631048441 44.8932337264 45.1752325309 45.0174778373 44.8119204222 45.0552494959 44.7917885041 44.7355028999 44.5836320233 45.1631690935 44.6183348345 44.789930866 44.9580342436 44.5673189981 44.7639093651 45.096643949 44.5186319283 44.5252583111 45.1552756135 44.8344266799 44.6804202322 45.1310253074 44.7558803403 44.8509450616 45.1189497809 44.6725910161 44.5428074576 44.6623520132 45.0310019362 44.5421653585 45.165509919 44.7091089396 44.5029789394 44.8292545131 44.665421038 45.0052273758 44.7021699476
44.7747133357 44.8186674803 44.8641999988 44.5158894688 45.0290694807 44.8722824199 44.7306093377 45.1290500958 44.9044649437 45.0313365538 45.1302606561 44.7889564928 44.7514181066 44.8839830622 45.1533909449 44.8371247792 45.0337679551 44.8795218354 44.8105366151 44.519646386 45.007574443 44.7618511835 44.8208085714 45.1362947189 44.5669991067 44.5374908069 45.0533493086 44.7203888831 44.6726498737 44.7341861459 45.1966263276 44.5467136489 45.0779876938 44.8365840367 44.8437923756 45.1334580341 44.7453179844 44.7379708515 44.9632011662 44.5003249742 44.5440555 44.8111049857 44.8901030166 45.1345085893 45.0611853548 44.5473876857 44.5616018399 45.1642829975 44.8325283857 44.5142749429 44.7198901862 44.6110580922 44.722701387
44.54280679 45.1050120858 45.1092347642 44.7500950642 45.1867108845 44.6029622205 44.6457755803 44.6766544165 44.9612742127 44.9805485108 44.8917145914 45.1671467011 44.7583765227 44.5693589538 44.7049660935 44.6435585563 44.6286607374 45.0558139941 44.5804417703 44.7261509774 45.0374920599 44.8995771745 44.8695755626 44.8703012517 44.8340579338 44.9820058418 45.0882735464 45.0359700658 44.6425966174 44.7356327024 44.5943679261 44.9880862452 45.0426868853 44.9568876235 44.5093051556 45.1268293369 44.9990958511 45.1252642782 44.6212061206 44.8232100829 44.5654891486 44.9759533675 44.7899103337 44.9072345657 44.5680678722 44.865823696 44.7766407245 44.619477725 44.6544546878 44.8014504123 44.7262355534 44.7719015085 44.5452589142
44.9661988923 44.5369713494 44.6535768379 44.8924849056 44.6773106797 44.5091829551 44.9763006649 44.7232699166 44.5816324945 44.8951552435 44.7590205469 44.6640412366 44.922504288 45.1926107692 45.0161515578 44.9743208462 45.1850238975 44.8946666955 45.0754508731 45.094062717 44.7284183677 44.8907332623 45.1990875556 44.8507187785 44.7494794232 45.0960446219 44.8800002069 45.054621321 44.8391474252 44.5006210962 44.5178762738 45.0405190546 45.067052406 45.0183254034 44.6206921424 45.1508973785 44.5926287453 44.8402669442 44.832725947 44.6472712195 44.6246807569 44.9146713187 44.9006395878 44.5457952476 44.5043486357 44.6760542501 44.6338235187 44.7467572494 44.6282691807 44.8608215887 44.7634702495 44.9740871671 45.1140167743
44.8402275629 45.0652853903 45.1056944832 44.5504630408 44.553017625 44.9841949813 44.9665712194 44.9487107764 44.9263931222 44.9928208207 44.6495680933 44.7282752022 44.6812526281 44.767529392 44.5221775309 44.5946058337 44.8552179033 44.6260747517 45.037999687 45.1723075462 44.9573332042 44.6203583072 45.0324123616 44.8305401237 44.9122251188 44.5068072348 44.9154901712 44.701026771 44.61034745 44.9216634852 45.0683292562 44.9109893173 44.6171818943 44.6195465573 45.1247830677 44.548965486 44.9292128286 44.7057370131 44.7395882735 45.080147989 44.847464789 44.6033242302 44.9023065966 44.8491262414 44.7225338573 44.6118862297 45.1374332047 44.9401099527 44.6449641401 45.0487913378 45.1690965076 44.9060561658 44.6504864716
44.6308371819 45.017723167 44.9616235066 44.8827402835 45.1781586743 44.8235901277 45.0176037933 44.759118483 45.185099775 44.6703374053 45.004655094 44.6326386128 44.8254187227 45.0417057382 44.8510651986 44.8945389265 45.1773903619 44.8224087659 44.9047656262 44.9594062628 44.8778489762 44.6550246538 45.1019620586 44.8432077387 44.5923618819 44.7941460501 44.7473512304 44.6474207956 45.1493918264 45.1454817716 44.6458108063 44.6904315768 44.5853068211 44.7386396694 44.9608656064 44.6093556055 45.1722846018 44.9818109421 44.8763253202 44.6772265176 44.7475898771 44.9464023599 44.8960325492 44.6240435698 45.0513135932 45.2051061882 44.7599017629 44.8404396375 44.9500805866 44.9179575227 44.8676658321 45.103402589 45.1725486719
