Spatial_Output/90% DEC/90DEC_0490.asc
NCOLS 155
NROWS 192
XLLCORNER 196769.923733
YLLCORNER 449719.875193
CELLSIZE 27.603701
NODATA_VALUE NaN
[rows 115 to 137 of 192, columns 0 to 52 of 155]
0 0 0 0 0 0 0 0 0 0 0 0 0 0 0 0 0 0 0 0 28.3340327681 28.1195323344 27.4967133612 28.2433000908 27.0831976433 27.0182168408 27.7251612111 27.5905647412 27.1057830673 28.0252012063 27.8718409135 27.0245817542 27.80488343 27.8048057756 27.6608277012 27.7025731554 28.2496604399 27.2104294302 27.1201983535 27.5791282546 28.3108942847 27.9821307222 28.2741448878 28.1834318248 27.3736122615 27.5468233821 27.8245539618 27.0331989976 28.1388709582 27.1081819272 27.2141149909 27.4100083754 27.2225819592
0 0 0 0 0 0 0 0 0 0 0 0 0 0 0 0 0 0 0 0 27.7474358347 27.8794120886 27.1344571483 28.1577554691 27.7190187869 27.2725703561 27.9937402671 27.9847019403 27.4172077231 27.6019311701 28.0732396259 27.8313243736 28.3873771771 28.135712387 27.6282540092 27.5456485664 28.2601342173 27.084923257 27.6488392336 27.7333365426 27.8924318885 27.507542422 27.5081688285 27.4957004239 27.7858111322 27.9133033308 27.6630819518 27.0385529171 27.3518844884 28.2451630157 27.2749205258 27.979741988 27.447189378
0 0 0 0 0 0 0 0 0 0 0 0 0 0 0 0 0 0 0 0 0 27.5865656489 28.0801591575 28.0450728242 27.2588877049 27.5247211767 27.4247260642 27.9140539608 27.8999201788 27.4934771577 27.571051873 27.0004133142 27.888332238 28.1037619774 28.3821210765 27.2768567406 27.2660429552 28.0851284068 27.3334023781 27.3631652502 28.3571172402 28.4002423109 27.0215119461 28.3083018037 28.1100801799 27.6537086464 27.7521925328 27.0153162729 27.4892365706 28.0376342033 27.2296318316 27.7546304224 28.1123486093
0 0 0 0 0 0 0 0 0 0 0 0 0 0 0 0 0 0 0 0 0 28.1265555106 27.9124784941 27.0246944692 27.3559594072 28.0380719042 27.8839289305 27.6269294502 28.2421283096 27.7246318578 27.795163712 28.3885907241 28.3458357537 27.6244852448 27.8816633367 27.2611014752 28.3009716882 27.6925502469 27.995590518 28.3364946724 27.9585167031 28.0982332403 27.6764614716 27.1569122203 27.0502601063 28.0766472784 27.2843457992 27.7750982443 27.9796544467 27.8312168534 28.1003680721 27.5488361329 28.1984201444
0 0 0 0 0 0 0 0 0 0 0 0 0 0 0 0 0 0 0 0 0 0 27.9164949185 27.8119576365 27.6843126111 27.4055330632 28.1507464027 28.1522098983 27.4852284452 28.3932835225 28.3638704864 28.2188489835 28.3925295462 28.4036934159 27.6420854493 28.3316243633 27.8447587983 27.5445966989 27.647511186 27.9837015831 27.3904673064 27.164480195 28.2615866531 27.7518955406 27.6874049089 28.17635127 27.4431249592 27.4953358012 27.153170578 28.3602988299 27.4746506501 27.9545089248 28.0424065447
0 0 0 0 0 0 0 0 0 0 0 0 0 0 0 0 0 0 0 0 0 0 27.8018023565 27.9506161751 27.7392250197 28.3573673929 27.2620543145 27.8217781145 27.8933655572 28.1100030811 28.284449913 27.1622054987 27.5773171292 28.2692598331 27.5529410933 27.0964292986 28.3605017847 27.7789562633 27.4685378599 27.3350369928 28.0948070689 28.1271922615 27.3226159882 27.0507420969 27.564342558 28.1369545761 27.0405682056 27.4534205202 28.4044349328 28.1393013354 28.1231497024 27.0471237524 28.0010324725
0 0 0 0 0 0 0 0 0 0 0 0 0 0 0 0 0 0 0 0 0 0 0 27.980288983 28.0313606098 27.7485187202 28.2665687801 27.6876028787 28.0877523287 27.8020462703 28.24337436 27.5472405387 27.8867193131 28.1943007109 27.3229386837 28.1616276614 28.3078570831 27.3332457215 27.2204007798 27.3815442056 28.2970964699 27.9491794893 28.0078024367 27.354730833 27.6062168108 27.8752954059 27.4751144295 27.6564433765 28.0527074 27.3737741584 28.4044779387 28.3271160277 28.3840778148
0 0 0 0 0 0 0 0 0 0 0 0 0 0 0 0 0 0 0 0 0 0 0 0 27.5647941489 27.9703508351 27.5145733137 28.2286353356 27.1366876455 27.2271958937 27.4986798978 28.3643114031 28.376998608 28.3976338253 27.6476321467 27.6484713443 27.5366392684 27.0833253755 27.7114223811 27.2252874787 28.0544524325 27.3890817367 28.2257705978 27.9982915879 27.3175462683 28.0040326187 27.00296271 28.3544430186 27.47672173 27.8450824149 27.6830391918 28.0013451594 27.4448849963
0 0 0 0 0 0 0 0 0 0 0 0 0 0 0 0 0 0 0 0 0 0 0 0 27.4957773525 27.5885296939 27.9256020855 27.0593890128 28.403802774 28.3477437675 27.6797180104 27.3650129369 27.4653184355 28.3771280748 27.6527164844 28.0250083072 27.8321706591 27.9492035189 27.2600161194 28.2076924057 28.0362125748 27.8415242164 27.0199099327 28.3017374695 27.4046937953 27.884972345 27.7168460745 28.0858575539 27.5055542894 27.1614311112 28.2696572115 27.285889053 28.3873417099
0 0 0 0 0 0 0 0 0 0 0 0 0 0 0 0 0 0 0 0 0 0 0 0 0 27.7606872046 27.4711065286 27.4831247491 27.2543042935 28.0691452 28.2300122907 28.0990827397 27.382941524 27.5214859902 27.782498058 27.1751706415 27.767203632 27.7933884761 27.3822797045 27.0286045098 27.5603746824 28.3966982482 27.9888642724 27.7742852627 27.1292878307 27.6857643776 27.5252246999 27.8196695711 27.344060704 27.538553704 28.2408779033 28.3137729325 27.667801693
0 0 0 0 0 0 0 0 0 0 0 0 0 0 0 0 0 0 0 0 0 0 0 0 0 28.2996914138 28.1811446911 27.618706987 27.2568076244 27.6399315182 28.3476772554 27.7644762422 27.5043516516 28.2716014647 27.1464079674 28.0872006532 27.7704664502 28.27651093 27.6764048855 27.5003173384 27.8634361488 27.6892412557 27.5142184905 28.3556422335 28.0116205834 28.3542650208 27.7722659359 27.6950019142 27.6307437184 28.2003910152 28.3271627651 28.2960983551 28.0150539588
0 0 0 0 0 0 0 0 0 0 0 0 0 0 0 0 0 0 0 0 0 0 0 0 0 0 28.1759897643 28.3286143238 28.2158744475 27.9564403281 28.3298756978 27.046878219 27.8043296194 27.3158569551 27.3387394905 27.1582538463 27.5701939088 27.9720734175 27.8413294853 27.5789711679 27.3892119133 27.0823619755 27.7980845362 27.6155256969 28.2768158615 27.2485658892 27.9827689852 27.0240183115 27.9452307903 28.0303103202 27.7341912885 27.6953026787 27.4296022157
0 0 0 0 0 0 0 0 0 0 0 0 0 0 0 0 0 0 0 0 0 0 0 0 0 0 27.4880130196 27.0309892283 27.7413338418 27.3201532587 28.3626422042 28.2930733974 27.1328580283 27.4230066989 28.3243873377 27.6028810493 27.4836236301 27.0841124894 27.670515731 27.1798211547 28.1831496419 27.0886085866 27.2088255062 27.8692015778 27.2196669419 27.508934193 27.718951484 28.335373794 27.2685870166 27.7068883235 27.7247315743 27.6870346301 27.7151482925
0 0 0 0 0 0 0 0 0 0 0 0 0 0 0 0 0 0 0 0 0 0 0 0 0 68.9900707502 68.9900707502 27.2163367585 27.9682069318 27.618050451 28.2155219174 27.6187444641 27.4117312489 27.3638169736 27.7900792384 27.4332926966 28.3918477398 27.5081595655 27.2800168925 28.044569451 27.2987688635 27.7408447694 28.0412917859 28.0749695642 27.8623416341 28.3643100545 27.5970656981 28.322969255 28.2839755078 28.1752257265 27.0802299695 27.0512344721 28.0671279227
0 0 0 0 0 0 0 0 0 0 0 0 0 0 0 0 0 0 0 0 0 0 0 0 0 68.9900707502 68.9900707502 68.9900707502 27.7335062124 27.608168448 27.912174349 27.9557469083 27.7173592305 28.2319896056 27.0949102171 28.4074509947 27.2267299136 27.0569869978 27.8787437378 27.1114948048 27.5621730944 28.0076089214 27.8679942367 27.3721379807 28.3561186122 28.2641901838 28.3009696984 27.8457771256 27.3516982304 27.8919324463 27.6060057367 27.3010458528 28.2952437888
0 0 0 0 0 0 0 0 0 0 0 0 0 0 0 0 0 0 0 0 0 0 0 0 0 0 68.9900707502 69.2456416257 27.121228935 27.1558797381 27.7327109595 27.4798863655 27.9966067661 27.4027111931 28.2606831243 28.0230636741 27.8519580967 27.1660036586 28.0360934923 27.4874731162 28.1071229703 27.379561638 27.882832988 28.186921623 27.9602158193 27.2692976311 28.2292889468 27.4919614556 28.3170499573 27.6532567677 27.5211043782 27.854979305 27.2949372626
0 0 0 0 0 0 0 0 0 0 0 0 0 0 0 45.8606426687 39.1158440764 40.5827577622 0 0 0 0 0 0 0 0 0 0 0 27.4347872195 27.5253767894 27.6520377529 28.007326423 27.2430484218 28.3602239981 27.6944206259 27.5873381692 27.5108363565 27.4599961993 28.219774769 27.9060655661 28.3966400973 27.7914246978 27.2502026862 27.4626098148 28.1501961344 27.3801957338 28.1877682388 27.9592130431 27.4402486246 27.6733933097 28.2891176849 27.2611126729
0 0 0 0 0 0 0 0 0 0 0 0 0 0 0 46.0216438549 41.0776058597 52.9605330541 0 0 0 0 0 0 0 0 0 0 0 0 27.4573401172 27.4275449771 27.7346030407 28.2390543128 28.1085288891 27.1922460734 27.0278974939 27.5662300439 27.7212954593 27.3900231528 28.2196379501 27.8636480225 27.0763215189 27.9085164788 27.1267798654 27.4626475111 28.1868081223 27.5348575886 27.0575974332 27.8516696654 28.2132163614 28.1409465636 27.249926976
0 0 0 0 0 0 0 0 0 0 0 0 0 0 0 52.2761823925 50.6282973248 43.1016883611 0 0 0 0 0 0 0 0 0 0 0 0 27.4548622355 27.9453725169 27.4180040734 27.1424595306 28.2969003254 27.5536835293 28.0026917881 27.4402453204 28.0150395407 27.3409483805 28.2473208016 27.9055615433 27.7077442411 27.591780753 27.6049399563 27.4739600716 27.363645619 27.981681417 27.1447548215 27.3056442097 27.197594462 27.13665286 28.1600361362
0 0 0 0 0 0 0 0 0 0 0 0 0 0 0 0 0 0 0 0 0 0 0 0 0 0 0 0 0 0 0 28.0731853436 27.1717751903 27.8291567723 27.6461418259 27.1780943294 27.1156951132 28.2939996779 28.0490895396 27.8503932873 28.0898197441 27.3848776524 28.1887988481 28.1684296095 28.1457876282 27.7131532407 27.1373772496 27.1757048911 28.0036135523 28.0028453712 28.3976291146 27.3221360287 27.7903759445
0 0 0 0 0 0 0 0 0 0 0 0 0 0 0 0 0 0 0 0 0 0 0 0 0 0 0 0 0 0 0 0 28.3599754547 27.5916161472 27.7625377322 28.1741941697 28.2752302514 28.4137476317 27.6309480276 27.4763821556 27.0740406143 27.4778138187 28.3940899166 27.3742862631 27.3300025934 27.2074285039 27.5469054611 28.315301486 27.5465474252 27.6964286015 28.290678224 27.2887253768 27.4186442941
0 0 0 0 0 0 0 0 0 0 0 0 0 0 0 0 0 0 0 0 0 0 0 0 0 0 0 0 0 0 0 0 0 27.932054992 27.3960100963 27.5246678808 28.3745856081 27.3056135731 27.5564021317 28.0039486125 27.0591873 27.7423705118 28.0350867234 28.254578292 27.1153543905 27.6099730433 28.4117246762 28.1503780539 27.6797996874 27.294347463 28.2506067113 28.2480941626 27.4847461141
0 0 0 0 0 0 0 0 0 0 0 0 0 0 0 0 0 0 0 0 0 0 0 0 0 0 0 0 0 0 0 0 0 28.0669171684 27.9116608899 27.8855007748 27.4432870674 28.3909423233 27.3123344922 27.3021700062 28.4113217136 27.6137360233 27.8406499811 28.4002612807 27.580525937 28.1791393254 27.8527206188 27.0143156582 27.5373756573 28.0182299863 27.8050763303 27.5079839401 27.9607985519
