Spatial_Output/90% DEC/90DEC_0679.asc
NCOLS 155
NROWS 192
XLLCORNER 196769.923733
YLLCORNER 449719.875193
CELLSIZE 27.603701
NODATA_VALUE NaN
[rows 69 to 91 of 192, columns 0 to 52 of 155]
28.2439156153 26.8272830193 25.4187400714 27.8457223241 27.2202593697 28.8487854417 25.31901866 28.0733778922 28.9609822119 27.9021864747 28.4758861489 28.3668725036 26.417550306 29.097492453 26.6810602612 26.2251763817 27.2228094004 27.0172003137 27.4251148302 29.1965867784 26.7672887382 27.6349942323 25.2526524693 26.945396518 25.5176916393 27.5121283306 26.4133679904 27.3085442992 26.5579747323 28.8566987831 26.4219810951 28.8941788005 25.969913519 25.8799303998 26.1837751741 28.2199104512 27.0496482839 27.9036561375 28.2181941328 28.1827837783 26.5093064285 27.7990207726 28.8811742268 28.1059439456 26.155723045 28.5948885369 27.4975106168 28.4985964688 25.4315682776 28.9189819112 26.0136495706 25.3689620003 26.410963008
25.8662662848 26.9720732583 25.7685170276 28.3402588973 26.0214896745 28.7865139625 28.1405466601 29.2151374326 28.6519493294 27.0789227189 25.5095843718 29.1000961598 25.3582587557 26.2953498343 25.941535622 28.4112969411 27.8811334924 26.1351574022 28.8326892535 25.9433590087 28.5257956958 27.3628569978 25.7319229204 27.6103828534 28.8176642622 25.7865692638 27.4981640635 27.0456930007 26.9010994937 28.6558449253 28.2089926228 26.3843163686 25.01352068 26.0677562262 28.7880029562 26.7341435735 26.1896855082 26.5656771835 26.3010435241 26.4733107881 25.145397883 25.5508638502 26.6046480768 28.4680418814 26.3746619824 28.2877902871 27.2033163633 27.8193627254 27.2583730566 27.9653146655 27.1623613757 27.1005072058 28.4715600906
27.3159571169 25.2705403089 27.1283409061 25.7254986881 25.3697083873 28.4685710166 27.3933599088 26.6619486741 28.4810922292 28.1656071952 28.5075528836 28.2067875258 25.2350315903 26.508310413 28.0528188461 27.608915364 26.777446312 27.7740425555 27.5475403443 27.6219329186 29.2103480172 25.4754325671 27.8663982194 27.9432614533 25.0570112237 25.8913740936 26.2288031168 27.6685153909 28.7606771535 28.619067725 25.1898419569 25.3437614583 28.204144236 29.0582978546 28.6774995932 26.3565105947 28.2043180868 27.8624738072 29.0164364297 26.397604756 28.4652958708 28.2490577135 29.1228499282 27.6011781693 26.3848818004 28.3952234754 27.0109744898 26.4422025459 25.6699514553 27.8632375653 26.6751605475 28.739493165 27.775760745
27.4267999171 28.1559692054 27.5530391183 27.7774148464 27.4583652988 26.7279645304 25.3203962952 25.9915750982 27.541841262 26.7932109914 25.0374217827 27.2808902272 25.4082676153 28.1361845766 27.0207855763 25.0161977519 25.4298241705 26.7777676957 28.3539039537 27.3416873719 25.2996011562 26.3642966116 28.0572956782 26.441512488 27.9552631279 25.4193352298 28.5265122162 27.2130996167 25.7417526858 28.0546597818 25.0329579543 25.6570829983 28.67943893 27.5992267224 54.1023375465 54.1023375465 28.1725695483 27.2655934247 25.1475981927 26.2424356871 28.3245139909 28.0996268898 27.7308532093 25.2713137153 27.0855994644 27.5687873337 27.2911726165 28.5397168811 27.8072428568 25.7948251457 26.0047665696 25.3938709691 28.8736418229
27.178551226 27.0720944167 27.8470120366 27.9123688852 26.7392878534 26.7124007539 25.8402034571 25.3762520311 26.8012359702 26.7990518187 26.4918520785 25.3895162403 25.5051615016 28.415088172 26.8088532068 26.0382301716 25.2359771344 27.0721244704 66.3082996637 25.0915530827 26.3785301294 26.6668748944 26.6588278186 26.8330724979 26.5469090919 27.8077062196 25.7563991457 28.6222388938 27.5650005347 28.9166156691 28.0292367057 25.1224405341 25.7635169285 54.1023375465 54.1023375465 54.1023375465 26.4673549722 26.9152477546 25.4724288329 25.4370202294 28.3534517092 25.1037207365 26.9438214484 28.1214443744 28.3008633377 26.6548206239 29.0499106056 25.6897692706 25.0435638733 27.1222571154 27.8860846323 28.1950427106 28.2823134203
26.8702222237 27.6677729335 26.0468016931 27.8645743933 29.1246864638 28.0231183652 25.9972992569 28.9596245489 28.276710375 26.4803383748 27.583624118 27.8691689269 27.0989791273 26.6221006948 25.1616520914 25.2471801369 26.7304001791 27.8159768467 66.3082996637 66.3082996637 26.6223172229 25.7901962902 25.7657887812 26.4869623141 27.5812672463 29.1663285325 27.6660207298 25.4344771661 26.9092047717 27.9594966337 25.3608356871 25.7469782683 28.2915337696 27.1741551899 54.1023375465 29.0298235782 26.8615554325 26.3204773767 27.9366821963 25.457403029 27.6486968783 26.7215583819 28.1010941767 29.0629862133 26.669109053 26.2223156225 29.1807616508 28.0669473612 28.2886781422 25.7358300633 26.2671059823 25.8749049669 28.5857810434
25.0047112416 28.7002747281 25.8804529257 25.9162513714 26.9141397719 28.8972520447 25.7999013706 27.075194645 25.5832066556 28.3664823486 25.9290004867 26.6347757162 28.6056386621 27.4090823311 25.5966914279 26.4925869593 25.1004666926 41.3180639031 41.3180639031 66.3082996637 66.3082996637 26.6538498899 26.4595929648 27.8255202886 26.6078241926 26.5012070167 28.7461693441 25.1372207245 25.1671111364 27.3941925453 25.5701891213 25.4094200098 25.1417068534 28.1592222922 28.4667655434 48.9779441823 48.9779441823 53.8373816964 53.8373816964 26.2125642535 26.324050651 25.02168282 26.8114272054 26.4290603176 26.6926840578 27.9011288056 25.226483354 28.4307230966 25.845198467 28.3048595182 26.9085268083 28.7245501889 27.6476606797
25.6955629156 25.6686362074 26.532683385 26.2598784794 25.0720674433 27.9169983113 28.0343085276 26.9279123754 27.7262690885 26.7512031395 28.3798940927 26.1152711544 25.0363188434 29.0325654192 25.0638521869 25.0953220683 20.3234005435 41.3180639031 41.3180639031 48.3222916064 27.0416570014 25.8471186602 28.0301713746 26.5037291955 26.0971573463 29.1273562455 28.0770499733 25.497110101 26.4987860251 27.1218835394 25.4396679218 28.5143123406 27.3575964986 26.7232340836 71.7092535133 48.9779441823 48.9779441823 53.8373816964 53.8373816964 26.7548125784 29.0557938548 55.9165586369 25.9289818506 27.7889813603 25.9949967418 27.0651185284 25.8650582365 27.3380737832 29.0711545474 28.8991603472 29.1324183576 27.1934168785 27.4298773093
28.143944242 27.517081683 25.5828617585 27.4772106911 26.9486272201 26.9007175491 25.1082262619 28.9335068781 28.6389437332 26.2591626427 29.1294883287 25.460326151 26.6171581905 28.704692474 27.820930413 27.5745608298 27.1795399682 28.8471650644 28.7997007168 25.6101814667 27.685679984 27.1569991807 27.9126626127 27.4607819163 28.6721800122 26.0423369428 28.8933240923 28.8295793838 28.4647030831 28.3023431656 27.376980041 26.9413431852 25.1732560074 71.7092535133 71.7092535133 71.7092535133 48.9779441823 53.8373816964 29.0309933835 55.9165586369 55.9165586369 55.9165586369 28.6498610337 26.0218586467 27.405418759 26.2858994519 25.8274561431 29.2020529126 26.3678578909 26.1421209632 28.5007177321 25.2215169112 29.2068455611
28.9515665222 25.3095768435 25.3074485233 27.5690378572 27.2416929458 25.2087958073 25.9273902719 25.915717078 26.2571351035 25.2961397485 25.6663403143 27.6889052946 27.0245422411 26.8064237925 28.6648734229 26.6475444196 27.9240894374 28.617533497 27.9322973128 25.0222466011 26.9970346343 25.5498107815 25.0357333225 27.3379253723 26.3021152164 28.5801659143 26.8444077137 26.0909234628 28.8490217515 27.1089581775 29.0947282363 27.1897475639 26.254361147 25.2044602936 71.7092535133 27.1937318977 27.3929975162 26.2488194645 25.4190205771 25.6745267905 55.9165586369 55.9165586369 26.4753005962 27.2063788059 26.089072611 27.7865829375 28.5657111588 28.5947046818 25.9749737753 26.7545746052 25.0802322973 25.7834537317 27.3549993432
25.8463054596 26.7409610596 26.8184949556 27.4108121108 26.37677363 25.3916878606 28.3778136359 29.023749419 28.3825297216 25.3149584207 27.5417333087 27.8162598476 26.676744821 28.7477135589 26.366847817 28.5579795775 25.0492674961 28.7360598112 27.1802816743 28.2241668535 28.8820117699 28.9763635152 26.7763012241 28.2791715536 29.0865341481 28.4140184601 26.9410087176 26.72604865 29.2032805232 27.7964952353 25.1572654908 26.4939241288 25.2782130213 25.8788208228 26.3408059014 25.4292161748 28.5902448475 27.9897265472 25.6031830433 25.8353540201 26.5072529752 28.7712008575 26.7728835634 26.3600346327 25.1189550781 28.9851736071 28.455013034 27.8325577875 27.1552730268 27.5252277104 28.8929758172 28.0905378742 28.2128471276
28.5139659048 26.5140760884 26.3689869028 26.0012881072 26.9784565917 28.5666062893 27.0843691437 26.8297082984 26.9792219153 26.1239957872 28.6314493782 28.030373635 26.5053506952 28.3940605998 25.3385126821 29.0482295981 25.4507931694 27.8681656928 28.383138932 28.0969875847 28.0820931971 28.9121450928 27.3508671335 26.5397778532 25.8575849943 29.1592648294 28.5712336078 25.1247577134 26.625630059 26.7959212264 27.924553298 25.5367980267 28.0280915514 28.1706284023 25.4978573898 27.7860847376 28.7396696162 28.324086334 28.6502562229 25.7784176479 53.8355871876 53.8355871876 53.8355871876 53.8355871876 25.4663465751 29.210110984 26.0746266848 28.0528814811 26.4663351898 27.5229417467 28.2061105675 28.1809740001 26.75325996
26.5621688722 25.97572747 25.4401456324 27.5336347564 28.3829028131 25.8278293258 26.8341060884 26.734235074 28.4070520497 27.892092397 25.7806942916 25.6314248802 25.4649927742 27.174695899 25.3185113656 25.9773364367 28.962826759 25.0428624651 27.6115533498 26.9224845419 25.2025909381 26.5439519728 25.1519026208 25.169541015 28.4919724013 28.0114839672 28.0475404263 29.1649316485 27.531736796 26.2423162919 26.7631052691 29.1902057277 27.9109179031 26.1484289642 27.980999537 26.0679071885 26.0668320924 26.8172273825 27.7522515696 27.902501627 26.919461948 53.8355871876 53.8355871876 27.0534396112 28.1692825214 25.1466752933 25.3154085465 26.6495923585 27.8493991254 25.2676074376 27.4663151064 26.1688279463 28.4482496374
26.875379114 26.7668230942 25.0931610593 26.3490881762 26.5743157546 28.2604989344 25.4852679309 28.3538053304 26.4047396151 25.4918658539 25.4702940346 28.6477477139 25.4814936053 25.0141752305 28.4989026812 25.0527123518 28.359087428 27.0552990271 26.3403873167 27.3951031509 26.1667245684 26.9869465543 27.9909223483 28.9999995216 25.6893122038 26.0286376588 27.1821302301 26.4862502665 26.7644816527 27.711015091 28.2872188722 27.3994222545 28.89354343 29.1511791566 26.7118872562 25.1396990824 27.2697806276 28.3765000151 29.1041577371 26.2543969097 25.7802931858 48.4049972019 48.4049972019 48.4049972019 28.9133329728 25.9652559892 28.9077856968 28.8616285591 26.2674818063 27.7084522514 28.7005539125 27.750769307 25.039530062
0 27.160343245 26.2673935649 25.4633789727 26.3142033991 28.4315277355 26.3052894554 27.653588922 26.598551961 29.1136957746 25.4945196636 27.0084842743 28.4578402911 26.3230111986 28.3509609333 28.6992672184 25.5886711602 28.2462326059 28.2896575117 25.658984035 28.4012600645 27.0707651354 28.2766024246 27.0550148025 26.8532463913 25.7753213981 28.6477310894 28.3332962609 28.7430474639 27.4464639866 27.7036098039 25.2094233772 25.3213584485 25.9809045212 25.231027734 27.4932982618 25.5965360188 25.4879970828 28.1111689975 27.2930520516 26.392218986 26.4394363015 48.4049972019 26.8699881465 26.5368632768 27.2810806737 28.5689516667 25.1561979874 27.5319491466 27.4832195424 25.5312283331 25.0666335219 27.7578195677
0 27.286131038 27.582376286 29.1933632176 28.4884422312 25.6563014935 26.2853053666 28.0368637487 26.8916124253 27.9767779344 27.7009424254 25.9092306641 25.9556666906 28.277080865 28.276538163 25.6247377204 25.2760543521 26.6193519169 28.1865159731 25.0885778973 26.9689723434 25.281535001 25.2032589331 25.5917020063 27.222641594 29.0906098369 25.1851846483 27.1225915704 27.5015505253 26.8350737963 28.2145767764 26.1872940601 28.6473293473 28.8227913809 27.8894376718 25.5527693915 26.1253502005 27.6543155657 26.1378463178 26.9233866576 25.1276089396 46.758634987 28.3247503557 25.6086821529 26.7400869858 28.6434128875 25.3061982047 26.5369049958 26.3900256967 27.2467203667 28.3536950528 26.7030334441 26.6266835768
0 28.2048406192 28.2537006861 26.4200378798 28.8987972588 26.1350371504 25.6760492742 29.0492793072 26.0313630067 27.4817389042 27.6368635906 27.427694676 26.8188844171 28.0941267882 25.641435468 28.6569974992 28.8106550237 25.739025231 28.6097167964 26.6257834311 25.3447690549 29.1346829474 26.0424153354 25.8453599055 25.1324616045 28.7993762475 27.1932032324 28.7103436553 28.6967589712 27.790497173 25.1634571405 26.8396252375 25.9759340245 28.8941669463 27.9058857099 26.0801699485 27.3041158606 27.852758006 28.7136404966 26.6682702767 25.8007544898 26.1660200376 28.6089235158 27.8370877538 27.5343819474 28.3592461295 28.3124568106 27.0152531325 25.4214257815 28.2164476346 25.8255115108 25.7309038185 25.5077808028
0 0 28.3728300196 27.8167025181 25.8247807462 25.1352125984 28.7032684614 27.6203997727 26.5676821039 28.2007810647 28.3338275918 25.7938870359 29.0835438508 29.0465489422 29.0587672922 28.0216953311 28.8228420279 28.2624066385 29.0524185162 25.0422796929 25.5920509221 25.0726574723 28.6793984789 26.3855548271 28.264348824 28.7855885538 28.9337493551 26.2441797899 28.9224699537 29.1906779751 27.7380953071 29.2256604507 26.4225013353 25.7578388581 26.8845605049 28.6392058012 28.7602101607 25.8646161228 27.5598874412 27.549296132 28.2210622215 27.1870309218 26.1509570844 25.8048399238 28.0281648761 26.9898228532 27.8768246968 27.6128620768 26.7725593323 26.1126294169 28.8143670554 27.3115781125 26.7154262437
0 0 0 27.1975010701 25.9294464785 27.9262244559 27.7103389572 26.9501468024 28.9445147401 28.3945341535 25.5648447409 28.7046975457 28.410752866 26.1605460447 28.872777888 28.6667550422 29.0901893821 28.8054735167 25.5871828725 25.3988042749 27.2989701826 25.9597146648 25.8695047132 26.5950938395 26.1642216464 26.4970928617 28.9910823368 28.9072963995 27.0754187517 29.1382077522 25.984369344 28.608068984 28.4940864081 27.5181172532 28.6542063498 28.5561200054 29.0508317893 28.7527216936 25.6209264451 29.0683845292 27.6382096508 29.1221459274 28.1988449169 27.0516368919 28.2767125985 25.6437236528 26.2565810032 27.6049545829 28.4416035898 25.2969354846 27.5838036808 26.9130734784 28.4345436543
45.0777642336 36.1705751397 44.5167896807 0 0 27.9758547322 28.7344439397 26.5501870582 26.310440732 25.7524066381 29.1161353321 28.8033548132 28.7855969933 28.1879235144 29.1813584808 27.8566466786 26.3848724175 25.8081058617 28.773017725 29.0491499358 27.995646844 27.2314730273 29.0406989574 26.6292546072 27.0286391759 29.1501561751 25.8242115612 26.18272109 27.0664577933 25.1290740751 26.8625015477 26.5682418223 28.3329945949 25.6389220513 29.1481775198 27.6392203232 28.3055819292 25.7433418459 26.9798932331 25.9161743203 29.0527603978 28.0089930186 25.7900993983 27.8384444643 25.479172217 27.0503300224 28.1930847134 28.6501725742 28.1931332372 27.1253234979 28.8258404947 25.4197810663 25.8116010127
39.5641601786 45.346583211 45.8041022268 0 0 0 26.7377030088 28.0809626574 29.0911968305 27.2205423899 26.2791908691 28.2812266313 28.7556481802 26.1752438875 28.0276774003 25.3473961447 25.2483576172 27.419002481 25.8604740606 28.0510951246 28.7819008974 26.9241484096 27.2908220064 28.1427452894 28.9480798331 27.4182681009 25.9889703489 28.3796038862 25.4576116582 25.6129313838 27.1515847866 28.2990283732 26.6344088613 27.6864404184 28.6529874728 28.8194320029 26.0831657514 26.7542934283 26.5457964027 28.6479111891 26.7895497014 26.6039707529 27.3639532797 26.406549683 27.9920949909 27.9945234464 27.6328758535 27.7566745898 25.674606958 28.7574684253 25.7260846831 28.5177973953 28.2579979569
47.6684434373 42.0313732108 37.8879436573 0 0 0 26.5069164539 25.6437429262 27.2946397442 28.6149882424 25.9038632321 25.4852990887 28.2368150632 28.2876453885 28.1302916844 28.0567175321 28.9376055524 25.1706641107 28.7930986102 25.5872104201 25.7095856667 28.6915824412 27.9244099335 27.1297090193 26.7114943247 26.5027041378 28.2818294318 27.3877229253 26.0115822325 29.1449234536 27.3205391045 26.4864221699 27.1205838609 28.0664104973 28.3604468061 28.5326681379 27.9972054997 29.1055445637 26.9727193965 27.6377667634 28.1176082909 28.197359114 28.204260714 25.0767381901 26.1542657376 25.5206884965 25.0204251607 26.1974981319 25.5090916535 28.3176256354 26.4508638021 28.6422400038 27.6890385371
0 0 0 0 0 0 26.634682828 27.755023544 26.6284880774 27.6967892239 25.2228056833 27.0275618242 28.1879835583 27.5067173104 25.7050955421 27.4867976721 26.7964289651 26.2334835586 27.2717110121 27.5117916153 27.7785242074 25.4893136643 27.1067936999 27.0162592453 28.4684565931 27.250668446 26.5651511944 28.0211745042 28.9986092265 26.6705889191 27.5862172951 26.5994884989 25.3326674519 27.4614312047 25.7375393013 26.2794226344 26.6216596519 25.9367622591 27.0839739141 26.3154902233 29.0975487594 28.2466024243 27.0859164852 25.5738651182 28.055578641 27.8748525016 25.5192732381 28.7168358793 26.5217530293 29.1604850603 25.5364410533 25.0556920651 28.8023743159
