Spatial_Output/90% DEC/90DEC_1053.asc
NCOLS 155
NROWS 192
XLLCORNER 196769.923733
YLLCORNER 449719.875193
CELLSIZE 27.603701
NODATA_VALUE NaN
[rows 115 to 137 of 192, columns 0 to 52 of 155]
0 0 0 0 0 0 0 0 0 0 0 0 0 0 0 0 0 0 0 0 22.8356922413 22.9791673294 22.5791032507 22.7924868375 23.0838598766 22.9105743733 22.739248125 22.9035107892 22.6486873794 23.1807354368 22.9007322959 23.1523040071 23.0089386282 22.73519522 22.8740356727 22.887698582 22.8709760487 22.689144826 23.1166677052 22.6613171427 22.5734826158 22.6461238997 22.7274077638 23.0343109875 22.8814982519 22.731173726 22.8657260849 22.8887417612 22.9108217329 22.7662445677 22.5753861101 22.524207342 22.9123933273
0 0 0 0 0 0 0 0 0 0 0 0 0 0 0 0 0 0 0 0 22.8524669477 22.9533993723 22.5980291278 22.8040660572 22.6197620161 22.6815788988 22.7195973733 23.1561500126 23.139429427 22.7374048657 22.6491190956 22.6436588697 22.8163846858 22.8920900441 22.754643057 23.0940152893 22.6037680285 22.8358642805 23.1631091243 23.064360202 22.6829162722 22.7593309654 22.6806833669 22.6550906487 22.6154378795 22.5071774388 22.6641439187 23.1539132972 22.5409926388 22.8027879045 23.1794769831 23.1793163205 23.0369707991
0 0 0 0 0 0 0 0 0 0 0 0 0 0 0 0 0 0 0 0 0 22.9817394066 23.1380451859 22.7527001369 23.0995087759 22.8504449488 23.1664622095 22.6000019881 23.0582079198 22.5362297818 22.7582808398 22.8099421371 23.1129179692 22.6740010571 22.9588846081 22.7899416434 22.6563355459 22.9518087191 22.9331684634 22.9339982789 22.8575207662 23.1894169479 22.9699293965 22.5000985302 23.1418657585 22.8061757284 22.73026053 23.0242948924 23.0451818335 22.8924950304 22.8008111918 22.9412641842 23.1892208551
0 0 0 0 0 0 0 0 0 0 0 0 0 0 0 0 0 0 0 0 0 22.713333654 23.1739807946 22.5558464034 23.0583893285 23.0849732046 22.6262553928 23.0073216811 22.9535497681 22.5289491647 22.8882384895 23.00235102 22.8803882381 22.8282893105 22.7632487149 23.112179771 22.5639451967 22.6151136412 22.9051843329 23.0847911472 22.6412255343 22.7282445122 23.0000513647 23.0214802803 23.1123673539 23.1452989445 22.6846087683 22.9628818323 22.9754654119 23.099430005 22.554030573 22.8501519062 22.6129911224
0 0 0 0 0 0 0 0 0 0 0 0 0 0 0 0 0 0 0 0 0 0 22.5422645217 22.8667704752 22.5836979373 23.0495579649 22.7515825101 22.5902639833 22.795741717 22.9404378467 23.2052737889 22.8723782154 22.9880554396 22.6105782514 22.8678419418 22.9950263987 22.7733350326 22.6704624266 22.603627992 22.50890753 22.8674418208 22.8060053395 22.5849484182 22.5636926137 22.8164420411 22.5247535844 22.9744849434 22.6375242751 22.7332245582 22.7224178209 22.9139590808 22.6767582674 22.6119684802
0 0 0 0 0 0 0 0 0 0 0 0 0 0 0 0 0 0 0 0 0 0 23.0378289453 22.5694789235 22.7598710623 22.6630670245 23.0979496244 22.5699038469 22.8340464345 22.628699566 22.9327515275 22.5850347956 22.6228155749 22.7219281891 23.1433532663 22.7791302657 23.1817744749 22.6936671564 23.1036416164 22.950080691 22.9308335293 22.5301180383 22.562609215 23.1645279118 22.8449963977 22.5978663542 23.1476535874 22.7968944288 22.9316688167 23.1886093684 22.9858787457 23.0404554862 22.6294006158
0 0 0 0 0 0 0 0 0 0 0 0 0 0 0 0 0 0 0 0 0 0 0 23.1553223697 22.7627452539 23.0638362787 23.1454498115 23.1789782879 22.7006995463 22.9955242149 22.907766708 22.7168948414 22.9924983297 22.9448768816 23.1769942829 22.8222536181 23.0926709224 22.9876163048 22.9341885424 22.8875205093 22.8409686403 22.7991529754 23.1194094952 23.0822897466 22.8548543921 23.1720462686 22.8914374902 22.6024064584 22.7591605115 22.9892985323 23.1924350216 23.1663133433 22.7026367359
0 0 0 0 0 0 0 0 0 0 0 0 0 0 0 0 0 0 0 0 0 0 0 0 23.1750298679 22.956081722 22.7375281588 22.5387705279 22.8065641188 22.6908605895 22.7245905568 22.9689293399 22.9562708339 22.9165434116 22.7892130959 22.6078439623 22.9078350927 23.1653657764 23.1167668749 22.584217631 22.8586452591 22.7624423317 22.8434351566 22.6443169034 22.7838651069 23.0271500897 22.6092896181 22.7965164914 22.6334478856 23.0842434676 22.6841564226 23.1380540011 22.7303051004
0 0 0 0 0 0 0 0 0 0 0 0 0 0 0 0 0 0 0 0 0 0 0 0 22.5372046665 22.9865290304 22.8703892761 22.5148830233 22.8605986875 22.8099818499 22.7670583051 22.851481967 22.6289777595 22.5691076527 23.1314276098 22.5493322802 22.7534290785 23.0673278257 22.7606572558 22.6379616226 23.0891395451 22.5197533324 22.8801823721 22.8692232495 22.7374305661 22.8053151438 23.124396525 22.9082191617 22.7395187116 22.8579588124 22.9134982348 22.8839923225 22.8222698141
0 0 0 0 0 0 0 0 0 0 0 0 0 0 0 0 0 0 0 0 0 0 0 0 0 23.0560572318 22.9251311765 22.8924497238 22.637974091 22.885297056 23.1667592141 22.5242927235 23.1672606919 22.9554553459 22.7350440443 23.2019654997 23.0685539724 23.1572864345 22.9105917435 22.7869763715 23.1019793621 22.566754045 23.0385437173 22.6242306476 22.6712412045 22.9330652843 22.9623262591 22.7052967609 23.0343735014 22.8526723058 23.0824419809 22.7932191694 22.9406203818
0 0 0 0 0 0 0 0 0 0 0 0 0 0 0 0 0 0 0 0 0 0 0 0 0 22.7013012427 22.5352860683 22.7875065067 22.9311042671 22.5442413328 23.0797359274 22.9000741349 23.1940080048 22.6590794418 22.6697806485 22.9722376109 23.169997491 22.6257536749 23.0829342849 22.852462199 22.9328919654 22.6182926224 22.9730754468 22.776294823 23.0632872439 23.0591004776 22.90311995 22.8794074236 22.5150915288 22.611737323 22.5951188995 23.176777698 22.5237127869
0 0 0 0 0 0 0 0 0 0 0 0 0 0 0 0 0 0 0 0 0 0 0 0 0 0 22.6980972085 23.1280882278 22.7545026051 22.6617115201 22.8061964099 22.7224346254 22.9125037114 22.8541233542 23.015938658 22.8160974081 23.019507632 23.1646589675 22.7452638434 22.643102639 22.5954880666 23.0073347275 22.559755867 23.1852510388 22.6038161654 22.9931603196 23.1844301078 23.0034403503 23.1193136577 22.578729015 22.9430505047 22.7862312907 22.9525504385
0 0 0 0 0 0 0 0 0 0 0 0 0 0 0 0 0 0 0 0 0 0 0 0 0 0 22.628258365 23.0683241899 23.1024807158 22.8529124325 22.6527859603 22.7513410114 22.7489815114 22.8400382517 22.7997569401 22.5930254781 22.6155487671 22.6314116041 22.5442035217 22.5623456613 22.9177184334 23.2001201459 22.5049911682 22.841026546 22.5048263613 22.7671466343 22.829418361 23.1977080833 22.5229602242 23.1645493916 22.6589122983 22.6849969486 22.7858801698
0 0 0 0 0 0 0 0 0 0 0 0 0 0 0 0 0 0 0 0 0 0 0 0 0 68.9900707502 68.9900707502 22.5512654888 22.8567270582 23.1333957202 22.8345790896 23.1250306629 23.1503389782 22.5738431924 23.015379095 22.6996268393 23.1979949846 23.0975263854 22.7870553304 23.0193038257 22.5018408067 22.6709796914 22.6513420268 22.7848326138 22.7805576294 22.9075848399 22.8285334225 23.0103221821 23.0557729422 22.7979313649 22.767559945 22.6427782926 22.574151925
0 0 0 0 0 0 0 0 0 0 0 0 0 0 0 0 0 0 0 0 0 0 0 0 0 68.9900707502 19.3734801949 19.3734801949 22.8772987918 23.1143278373 22.621961734 22.9695939539 22.6181586134 23.1986698152 22.5971276665 23.0119394476 23.1948884774 23.1822207779 22.9692980491 23.1612048477 23.0115273707 22.9051863785 22.745133818 22.6553361535 23.046334986 22.5416678814 22.5851516525 22.7465947463 23.0850520868 22.9808721919 22.6760328501 22.9461894734 23.1805798401
0 0 0 0 0 0 0 0 0 0 0 0 0 0 0 0 0 0 0 0 0 0 0 0 0 0 68.9900707502 69.2456416257 22.6683075826 22.816735481 22.7568642065 22.8946565539 23.0606221362 22.5926354411 22.5745893301 22.5992410613 23.0611799523 22.848971531 23.1234641029 23.0082826138 22.7388445374 22.6501039264 23.0090660692 22.7245691757 22.6964333396 22.6737039065 23.1536770878 22.575957176 22.9805448415 23.0553234373 23.0451840074 22.9799612345 22.6318113209
0 0 0 0 0 0 0 0 0 0 0 0 0 0 0 14.0623440027 14.0612732627 18.1797452808 0 0 0 0 0 0 0 0 0 0 0 22.8698309585 23.1025961417 22.7708142253 23.0510806445 23.1343347905 22.8250688874 23.1355973458 22.7200557543 22.5311782101 22.6533934958 22.6419914671 22.5104508995 22.7768560014 23.0116312059 22.7497952745 23.1067023338 23.0588721917 22.9063497176 22.8171803032 22.7850444524 22.7996013743 22.6871009134 22.6147213244 22.8604316844
0 0 0 0 0 0 0 0 0 0 0 0 0 0 0 22.8566002222 13.5530194441 20.6668433209 0 0 0 0 0 0 0 0 0 0 0 0 22.5004485237 23.1489165517 23.0411374349 22.5637196122 22.787890811 22.9369048656 22.5360238618 22.705013268 22.8266271652 22.6103960581 23.0716219343 22.5095989902 23.1972855496 22.7081467471 23.1204667963 22.9511724542 22.6107417456 22.5887721364 22.8115018906 22.9562221368 23.0218813871 22.5302277275 22.6525627772
0 0 0 0 0 0 0 0 0 0 0 0 0 0 0 26.1820778305 9.6049583288 20.0710129011 0 0 0 0 0 0 0 0 0 0 0 0 23.1640457613 23.1367301151 23.0776252234 23.1816289874 22.9306770128 22.7221006738 22.8282116715 22.9043439667 22.9866522857 23.0517631612 23.0109415763 22.5973535534 23.080474942 23.088939709 23.1649402618 22.8682835253 22.9061917644 22.6077338813 22.8016803533 22.8473124399 22.5226976523 22.7666188598 22.7642409086
0 0 0 0 0 0 0 0 0 0 0 0 0 0 0 0 0 0 0 0 0 0 0 0 0 0 0 0 0 0 0 22.5497563128 22.5477896331 22.691399003 23.0737643469 23.1727992559 22.9930177529 22.630148304 22.6983282419 22.9491662662 23.1362015701 22.6927953549 22.9931193237 22.5326199063 22.7524772183 22.6122874103 23.102969874 22.645618037 23.0129061196 22.8491244248 23.1606022327 22.6698643694 23.1272045908
0 0 0 0 0 0 0 0 0 0 0 0 0 0 0 0 0 0 0 0 0 0 0 0 0 0 0 0 0 0 0 0 22.7415541227 22.8368283184 23.123996024 23.000760141 22.8602170607 22.8101183614 22.5605697177 22.7051423209 22.5141828081 22.5902997328 22.774926884 23.0804244278 23.1412086136 23.1954731351 22.5445607624 22.5890733966 22.8850770735 23.0051222427 22.572897125 22.8743037626 22.5540731193
0 0 0 0 0 0 0 0 0 0 0 0 0 0 0 0 0 0 0 0 0 0 0 0 0 0 0 0 0 0 0 0 0 22.9423093713 23.0451741611 22.5053243141 22.9318419494 22.5948468206 23.1675101145 22.5399605621 22.5366985711 22.6269218658 22.8153913354 22.8140089337 23.173896193 22.6457482027 23.072922401 22.8888653079 22.7630873481 22.7253911661 23.1248289738 22.8211210139 22.7932688059
0 0 0 0 0 0 0 0 0 0 0 0 0 0 0 0 0 0 0 0 0 0 0 0 0 0 0 0 0 0 0 0 0 22.5092330812 23.099641456 23.122757819 22.9172304713 22.5900984938 22.6069457053 22.9615656921 22.7222887944 22.6775961311 22.8347347392 23.0864823192 23.0655090302 23.1653361026 22.5621199189 22.5489247267 23.0877357141 23.2068852474 22.729948133 23.1393825317 23.0220431747
