Spatial_Output/90% DEC/90DEC_0426.asc
NCOLS 155
NROWS 192
XLLCORNER 196769.923733
YLLCORNER 449719.875193
CELLSIZE 27.603701
NODATA_VALUE NaN
[rows 23 to 45 of 192, columns 0 to 52 of 155]
0 30.8108725653 31.0040333789 30.8780721016 30.5339864776 30.7294733708 31.0430931324 30.8240882148 31.1331517204 31.1474524879 31.0978635489 30.6482509306 31.0953504561 30.5721962796 31.1434547134 30.5354095178 30.8433474781 30.5553088733 30.6586337475 30.7509628357 30.8192006519 31.1741231123 30.6146511952 30.7406114758 31.0888172902 30.757488781 30.8828394432 30.8692033665 30.8093249505 30.9775563384 31.2046063733 30.8073126221 30.8843899984 30.7471755114 30.8402416202 30.7646527174 30.7259146931 30.8766316653 30.565628956 30.5571680373 31.1812231311 30.8689147121 30.9323352318 31.109727429 31.019971199 30.9853210363 30.715185238 30.8385573732 30.8276239264 30.8647094593 31.1374700456 30.9815020373 30.7738610028
30.8389561204 31.0958481679 30.6412853737 30.7493649962 31.1818610237 31.1011316961 30.5646039237 30.9238845601 30.7243463456 31.1613055696 30.5368388343 30.9723606883 30.8310698956 30.928587536 30.626641982 30.8034485131 30.7406572524 30.8157332844 31.0001726039 30.8720404105 31.0032126565 30.8037437732 30.5529859296 30.5604967575 30.5818606243 30.7348751383 30.9588421157 30.6328671819 30.6313313894 30.821844877 30.942208679 30.7543896433 31.0421419352 30.6376999942 30.5633522874 30.6012095767 30.8705633977 30.5854919933 30.5428594011 31.1853164439 31.0031412306 30.6339992343 30.7478987783 31.0287136724 31.0104456236 30.8612600176 30.5330171184 30.7554636246 31.1903396937 30.5285137911 31.0253728408 30.9686271691 30.7692519011
30.6284967806 31.0554774292 30.6279888399 30.5745659128 31.0251343892 31.0250394875 30.8794547493 30.7793228163 30.9628552335 30.6741071254 31.0389840604 30.5163721591 31.1557572588 31.1900434509 30.8846273568 31.1538481364 30.612885549 31.079802588 30.6055840847 30.9048573647 30.7365296685 31.0151973987 31.09635147 30.8781969063 30.6352072716 31.0801633381 30.8937160705 30.5728570231 31.0189488207 31.0496687877 30.7833016437 31.2010030516 31.0027786031 31.0175506418 30.9030440742 30.5224119851 30.5800773859 30.9586719684 31.1810436957 31.0353515221 30.7830646214 31.1547117454 30.8379383027 30.5444872162 31.0485385217 31.1232737775 30.9918756768 30.8608296013 31.1452947509 30.7230458657 31.0497182592 31.1648014328 30.97736378
31.030075787 30.6330421089 30.9323860533 30.6355612946 30.9195415307 30.719357161 31.2019253725 31.2054664495 31.0554212671 30.910827958 30.8876786076 31.0678282228 30.8427461372 30.6831535481 31.164613112 30.851497039 30.9995727085 30.5923602245 30.9567146274 30.5475959323 30.9049241615 31.0425735346 30.5307221142 30.7559525229 30.8964826401 30.9562351013 31.008469575 31.1557115588 30.5561164568 30.8905985717 30.8849422887 31.1561000496 31.157611098 30.7830555216 30.7073635161 31.0233475128 31.0516565309 30.6548777709 30.6037620326 31.1375155026 30.5629259794 30.6448942113 30.6403256312 30.9557031047 30.8559452344 30.6457449049 30.7576156875 30.9923357492 30.5939634688 30.7201204916 30.8768737604 31.078902672 30.7935338613
30.9134525563 31.1795644305 30.6486267679 30.5423463582 30.5277618578 30.7726644608 31.0042966708 30.8316326053 30.9773138105 30.8887036584 30.6327722545 31.1086330762 30.8405656197 30.576575107 30.7695122166 30.9585017575 31.118724558 30.7376990967 30.6794244737 31.0261606681 30.9295629318 31.1862264612 30.623792142 30.8460284203 30.519367783 31.1613984036 30.5911476948 30.7155381492 30.6375499766 31.0491265163 30.6196820979 30.7697429955 30.6071608332 30.5136647323 30.6090572503 31.0999071677 30.5119873358 30.8095425809 31.132893479 31.0823405384 31.1070552443 31.1740371247 30.5718395344 30.988375638 31.0719614834 30.5133844325 30.5428482243 30.7883866331 31.0375171488 31.0663939613 30.9715244254 30.8469311226 31.1696629214
30.8596614632 30.8777268997 30.5395817885 31.0590777426 31.0439327044 30.8657970149 31.152620781 30.9978687269 30.8596287663 30.6203725301 30.6045053172 30.8622089395 30.5198751528 31.0219199719 30.7672499305 30.9775780759 30.8638437992 30.9646945916 30.5130073937 30.8777786151 30.6683877892 30.5695019884 30.6867524274 30.981334938 30.6275396033 30.8950330734 30.8985608178 31.13741054 31.1891218899 30.9239190488 30.8639298398 30.5734214261 30.5203330507 30.7970885477 30.7181624966 30.5816774543 31.0224776464 31.0836289723 30.7426771809 30.9561013292 30.7744805937 30.5296738611 30.7766182233 30.6909247801 30.5954982392 30.6130516066 30.8683171732 31.2017982486 30.9437719076 31.0145759094 31.134806544 30.8075493073 31.1164453122
30.701108295 30.9812024402 31.1431640047 30.736852184 30.9768845219 30.8567165228 30.7517423511 31.1971219205 30.7752101329 30.9956805882 31.0150603986 30.5864743391 30.5030997819 31.1564980558 30.8205614883 31.0264962119 30.7387741135 30.8507233012 30.9471445263 30.5676810859 31.1796705704 30.7874625605 31.1929160844 31.0669424312 30.7358466887 30.8785552864 31.193721212 30.6628780135 31.0898851588 31.1582366209 30.8855620661 30.6747864338 30.6107122988 30.8155103078 31.1543476577 30.6905894866 31.1687629409 30.9879905948 30.5240806524 31.1590010477 30.7177909219 30.8685032708 31.0356533627 31.0344254058 31.1821059149 30.5170831247 30.5798055719 30.9458869196 30.6795661933 31.0288501995 31.027455987 30.8074926406 31.1476999095
31.1667339034 30.8179046387 30.8532362167 30.7350538994 30.655215733 31.0982609356 30.9830275903 30.9926943717 31.0734191891 31.0603595487 31.1995325192 31.154460173 30.5079394571 31.0788228355 30.5552759584 31.1149358131 30.998920731 31.06480087 30.9641957834 30.9399771072 30.5046668787 31.1553933943 30.8757611114 30.6748134777 30.5137150154 30.999611817 30.6341996838 30.9372891804 31.0691907319 30.5815460937 30.7288072976 30.7540767577 30.8505124942 31.0009893787 30.9110480864 31.1220216064 30.6772966806 31.0881187051 30.5670175809 30.5957451289 30.6358938474 30.7586559573 30.8977922379 30.9753037484 30.9977972174 30.9579195598 30.9288083356 31.1151183306 30.8971689566 31.1505176464 31.1635974142 30.5548810583 30.6789986717
31.0802802999 31.196220797 30.7022098397 30.7992347047 31.1299421104 30.6977204759 30.6238495227 30.8756480996 30.7145674365 31.0165874003 30.5944413684 30.5976304606 30.9227431211 30.7151070353 31.1880957231 30.6881874238 30.6277749503 30.9349704147 31.1275714506 30.9232695119 30.7159698047 30.8708068512 31.1468478838 30.9133170409 30.6945077538 31.0402271209 30.9315726573 30.8015526606 30.9305423089 30.8110127623 31.0147502073 30.6720308651 30.8223933762 30.6713028566 31.0866829966 30.804108524 31.1367796575 31.0635813399 31.0604031639 30.5977224291 30.9955382502 30.5984561763 31.1389966617 30.8016004052 30.8869900045 30.9332204582 30.7236302298 30.7036819385 30.633351797 31.0833887294 31.1614400296 31.0710092367 30.5642351731
30.9486506397 30.6450763529 31.0059362831 30.9146445256 30.8971735089 31.094689094 30.5630701978 30.9231520182 30.8964769455 30.5381733638 30.7516608952 30.6397375876 30.5856456395 31.1284317018 31.0313995651 30.994362523 30.9458932547 30.6303926392 30.8413481838 30.9912364313 31.0664146292 30.8930496954 31.1563240032 30.9302387808 30.8008330266 30.612126122 30.5454850476 30.7114070314 30.60419557 31.0348733944 31.2019960379 30.9102325679 30.9383595937 30.5029906289 30.8838467943 31.095763516 31.1849929685 30.7647974101 31.1437009585 30.6262474063 30.7136575972 30.8594577629 30.9559428902 30.8831381902 30.6422310798 30.6109374274 30.502610107 30.5805313372 30.8912999437 31.049642763 30.9571200639 31.1181326238 30.714871679
30.6222165345 31.1588527461 30.8156620159 30.8007688299 30.6022807062 30.7318943865 30.5197762174 30.9089105463 30.9019572549 30.8433332905 31.1566867254 30.7850710721 31.0564373349 30.6962910335 31.1014564497 30.7747699435 30.968108961 30.668208134 31.1545055697 30.6918812865 30.6751780984 30.5586748634 30.7584538305 30.5352320293 31.1730545699 30.9319919057 31.0775860187 31.1533496158 30.6978219941 31.1487995123 30.9720803883 31.1273101756 30.9903422149 30.641332608 31.0878097401 31.1369377785 30.7482494719 30.6754411621 30.9992249254 30.7245762903 30.8151368651 30.9140253572 31.1928562023 30.5212640884 30.5000993047 30.8915887982 30.6282305232 31.0531154557 31.1445679156 30.5371618965 30.6845553812 31.1415733722 31.1847348579
30.8186842608 30.5497095877 30.9009599798 31.1155429782 30.6448038347 31.1143925995 30.9816984108 30.8323883564 30.76799806 30.8826682452 30.9020340159 30.9989531757 30.8532695502 30.7510832862 31.1225059793 31.0880694937 31.1195393464 31.0973479944 30.5622143698 31.0600084931 31.0735338415 30.7012335035 30.8772915282 30.9439163376 31.0252385207 30.6544786711 30.9441207571 30.7732462676 30.5481319209 31.1670724983 30.668105362 30.553878135 30.7852900423 30.5670717942 30.9924599093 31.0654006008 30.7878016277 30.6969022582 30.6426694744 31.1770002202 30.5152959661 30.9236633168 30.9455963201 30.9449316968 30.8118162341 30.9303697344 30.9269981983 31.1189259516 30.6125285831 31.1250108549 30.7310027168 30.9746301727 30.8284624275
30.656415961 30.7238119235 30.7556647551 30.7317333246 31.0827241232 30.9484902215 31.0557430879 31.1497022487 31.0717114212 30.9694534762 30.8860157871 31.0526823268 31.1837494283 31.0008823678 31.1795750055 30.8010047345 30.701146434 30.6403139179 30.5830910543 30.5581791326 30.5386678795 31.1525149212 30.9469913844 30.5891000536 31.1620331954 30.8431595339 30.9521052992 30.9040339765 30.8056258088 30.6907599901 30.5210591762 30.5466584044 30.6072177807 30.9112161661 30.8153257912 30.8048290657 30.8011693806 30.6648838147 30.8167606126 30.6164090876 31.1399917687 30.8206815905 30.5953787662 31.0705596642 30.7403174911 30.6096555582 30.5027283337 31.2059785746 30.9812206174 31.037281987 30.5303659842 30.6467414085 30.8717249181
30.8064911751 30.887101501 30.9599430617 30.7980007496 30.7217104409 30.7005293827 30.7921221368 30.7048216877 30.5178951322 30.898679183 31.1514157706 31.0698301592 30.516763251 30.5077801404 30.546306234 30.5922715458 31.1335114032 30.8344482108 30.870944549 30.886944076 31.1665104542 30.9059335108 30.5282574959 30.506690537 31.1981031766 30.6181774773 31.1674200608 30.9838862241 31.1347695266 30.7847893599 30.5557844608 30.6320683694 30.9990291617 31.0858714773 30.7878359622 30.5424331219 31.2056182089 30.6340548049 30.7304054936 30.8536772783 30.9504584656 30.983208935 30.8841874638 30.8129737717 31.1029959733 30.7431515672 31.0897462871 30.8473032403 30.9839607996 30.8911370643 30.7980558214 30.707424278 31.1291135751
30.8483932732 30.6204565339 30.634298987 30.9809431345 31.0299328813 31.0590110055 30.9311599484 30.5267013398 30.5955674438 30.8299361548 30.7571915872 31.1284154949 31.0362667889 30.9353142483 31.028777387 30.9536756957 31.0981563903 30.5232481591 31.1495119545 31.0098351633 31.1009602173 30.7642547561 30.9639239657 30.930095177 30.7878487328 30.5023902706 30.7641198688 31.1231864005 30.6089292978 30.8140462007 30.8253358764 30.8545382514 30.6481369504 30.9007566481 31.0950782269 31.1487493111 30.5615006473 30.8457656221 30.797726726 30.8930709728 30.7324885552 30.7620569695 31.1229093195 30.8819353391 30.9192338568 30.5847080252 30.6865744747 30.7892622238 30.8215403856 30.8773941737 30.986113115 31.1669060008 30.5257454348
30.6364923719 30.7931204925 30.8114209729 30.8711287212 30.9292564356 30.9011050206 30.7714326809 31.077146957 31.0765856227 30.6012677649 30.7284457827 30.959498923 30.6068120295 30.6896145413 30.6242633087 31.1313387977 30.8987464234 30.7955358808 30.7095964339 30.5699074957 30.5500446116 30.5087300517 30.9393273267 30.5173422356 30.9683797348 30.8861479093 30.9465449264 30.5513860347 30.6708220465 30.8656693489 30.911868554 30.5735304345 31.0311971604 31.0785633802 30.8295271309 31.192216604 30.6829174738 30.7856377806 30.9922984505 31.1036043016 30.5979463381 30.7131796557 30.7637070593 30.6043975861 30.7922923212 30.6839760741 30.9824081253 31.1524165922 30.7285313096 31.0616911852 31.1960766072 30.812310273 30.9903362015
30.9075378465 31.1776965204 30.7705505515 31.2036063213 30.6668692593 30.9081211877 31.1336918627 30.7945706465 31.1007142905 31.0545268662 31.1423418105 30.6473542349 30.819754082 31.1082876907 30.7307511076 31.0635348947 31.1243282306 30.7288612877 31.0800696235 30.9465879069 31.1206354636 30.8745474661 30.8065756407 31.1811790225 30.549782386 30.9672294786 31.1768757487 30.5693654489 30.8139859363 30.6294635908 31.0036433469 30.8971055588 31.1535406247 30.9054887756 31.0578103382 30.5384853386 30.9102777799 31.0342921858 30.5642082011 31.1323590651 30.80461428 30.7992732382 30.5890758124 30.6781494679 30.5821454009 30.8379208571 30.6176239395 30.8247738237 30.7773906091 30.8319627439 30.5200622743 30.6254919815 31.2036575764
31.1134638515 30.5782698269 31.1311168448 31.1068933818 30.6103715622 30.6335882336 31.0874857448 31.0988320448 30.6587859682 31.1894089892 30.6714184128 30.553915617 31.031492008 30.6284255621 30.936147827 31.1426873272 30.9277876507 31.0654336114 30.9850611143 31.1727600393 31.0276019295 30.5071720926 30.7566080514 31.073165275 30.7333190595 30.8610054155 31.1041580455 30.7706111469 31.0885454619 30.5734790224 30.8467910608 31.0555500677 31.099116647 30.6507744003 30.5314369708 31.0683158747 30.9015470604 30.8491253271 30.8294896382 31.0077510717 30.7396610665 31.0859899083 30.9296653369 30.6540374242 31.1759763329 30.6436494334 30.7430330328 30.7879058613 30.8872714097 31.0267026857 31.0047020368 30.823120914 30.5738848472
30.8531058297 30.8136319257 31.0297094194 31.1891420512 30.8882887991 30.7379096483 31.0602787901 30.5138586448 30.5215204246 30.5801728819 31.1658016961 31.0326145689 30.7460852815 30.7610859531 30.5722283726 31.1569037679 30.9676569594 30.5485949641 30.9962035907 30.5672282061 31.0148242225 30.5428008984 31.1780815128 30.8211218976 30.7123188682 30.639854946 30.83372198 30.6024274265 30.7916745103 30.6108634173 31.0866523515 30.8368880779 31.0519083492 30.5991858924 30.7756085696 30.9788494942 30.6784510609 30.7259884926 31.0938329957 30.6486358924 30.6148557635 30.6314179083 30.6113750194 30.885178304 31.1875040782 31.0093627414 30.7694767108 30.8396472167 30.5845156584 30.5147052663 30.5370862015 30.9076553639 30.7434988649
31.0893940311 30.7237433078 31.1007139304 31.1823871686 30.5505681218 31.1071391056 30.9081531218 31.030701727 30.6911054667 30.7227837632 31.0556214674 31.1944701229 31.1760481451 31.0257966839 31.1752667737 30.5596559403 30.8756276817 30.8109624655 30.5164664072 30.9915882104 30.5379585357 30.8876062287 31.1043826016 30.5022096287 31.0560897811 31.1199217561 31.1832180825 31.1750799024 30.6634873514 31.1914946227 30.8685252308 30.6120624096 30.88936979 30.5172757909 31.0117678102 30.8705921688 30.9259917654 30.6081791369 30.898700094 30.7325493129 30.992206289 31.0227117125 30.8860203881 30.7750679472 30.8364049168 30.930266559 30.6488369743 31.009215129 30.7196765347 30.6040566102 31.0391235853 30.6951677806 30.5211390768
30.7206327173 31.0895703617 31.083720347 30.8929671017 30.8163931735 30.7424363103 30.9006519797 30.7526546951 30.651891483 30.8173620338 30.9194061335 31.0845221012 30.6236039994 30.5646988119 30.6724638388 30.895189165 30.7593047525 30.5408049158 30.7896944228 30.9857796466 30.8156383569 30.8329520848 30.7954200541 30.6084389512 30.5072785013 30.6836334618 30.8989722282 30.9755981336 30.5070503873 30.7257946408 30.5502623248 30.72902129 30.8884520095 30.6459002018 30.9375257581 30.7471311284 30.5458354618 30.5476486701 30.5584229256 30.9169329551 30.9045775213 31.161236131 30.9307398323 31.05611997 30.8476405598 30.827571771 30.941200058 30.5888284675 30.6057384672 30.7454489871 30.5964736325 30.5863254729 30.58902348
30.8048876495 30.9263078267 30.7150688417 30.9385941101 31.0973254274 30.6835598815 30.9978257768 31.1261811606 30.7992251576 30.7216948884 30.9237035601 30.7539915788 30.5779413078 30.9656212265 31.1017233835 31.0293896339 31.1042583347 30.5407672439 30.6324602369 30.5149310898 30.5710432658 30.5002165457 30.8531293937 30.7288074406 30.9458567654 30.6635926152 31.045881618 31.1973920936 30.8251593075 30.740909235 30.8865283553 30.8086923833 31.0794488578 30.9742501524 30.8549581881 30.7575644722 30.8900403754 30.7607038466 30.763601209 30.9310246259 30.5721491671 31.0110224856 31.0435421223 31.1124139567 30.6423491906 30.5691576487 30.502952109 30.6060671942 30.9822202596 30.7856427137 30.6349803044 30.5155557349 30.7610938681
30.8388504707 30.8784517684 31.1455367093 31.1945388482 30.5575860388 30.8955177817 30.8044792452 30.5254356124 30.5991979251 31.1830866802 30.8877017578 30.9147223354 31.1403626376 31.0263151991 31.036305637 30.6691005802 31.0867396874 30.9245135788 31.1168382315 30.7149329304 30.7704911367 30.5906304811 31.0660990181 30.9740350051 30.9211786362 30.6611868583 30.9251225948 30.740732155 31.0213425083 30.9292367046 30.9156684701 30.7519340694 30.5766136522 30.5828896773 30.8945276217 30.6945682088 30.5882296086 31.137483457 30.6479894307 30.8527607276 30.8599381393 31.0572650185 30.9490463906 30.6450355575 30.8017602662 30.6488009748 30.708931573 30.8610848947 30.6307541037 30.9163954202 31.1257686057 31.2002743124 30.7277239761
