Spatial_Output/90% DEC/90DEC_0144.asc
NCOLS 155
NROWS 192
XLLCORNER 196769.923733
YLLCORNER 449719.875193
CELLSIZE 27.603701
NODATA_VALUE NaN
[rows 0 to 22 of 192, columns 0 to 52 of 155]
0 0 0 0 0 0 0 0 0 0 0 0 0 0 0 0 0 0 0 0 0 0 0 0 0 0 0 0 0 0 0 0 0 0 0 0 0 0 0 0 0 0 0 0 0 0 45.0338553635 44.5832339406 44.7152399257 44.8301994549 44.9761034492 44.8466381836 44.9344534786
0 0 0 0 0 0 0 0 0 0 0 0 0 0 0 0 0 0 0 0 0 0 0 0 0 0 0 0 0 0 0 0 0 0 0 0 0 0 0 0 0 0 0 44.7759246621 45.009622788 44.6437783294 44.8189149162 45.0661700273 44.787154476 45.0099813987 45.1471639663 44.6185978549 44.5551452521
0 0 0 0 0 0 0 0 0 0 0 0 0 0 0 0 0 0 0 0 0 0 0 0 0 0 0 0 0 0 0 0 0 0 0 0 0 0 0 0 0 44.5548813924 44.7436744156 44.5610050317 44.8599694728 45.0048497908 44.7513504102 44.7772825806 44.5918731858 44.6493854601 44.7438029917 44.7152087702 44.8326005242
0 0 0 0 0 0 0 0 0 0 0 0 0 0 0 0 0 0 0 0 0 0 0 0 0 0 0 0 0 0 0 0 0 0 0 0 0 0 0 45.1363652785 44.9047181068 44.6605144111 44.8342028865 44.9773758544 45.097886506 44.9466736328 44.5070876269 45.1636757465 44.8246353979 45.0521093127 44.6984297992 44.9245449106 44.7794823407
0 0 0 0 0 0 0 0 0 0 0 0 0 0 0 0 0 0 0 0 0 0 0 0 0 0 0 0 0 0 0 0 0 0 0 0 0 45.1058824212 44.6083476114 44.6995367315 45.1403410183 44.7040446278 44.9304838694 44.6250468361 44.8911867304 44.7818162479 44.7783335943 44.7919368106 44.8537363324 44.6941621841 44.9117747515 44.5904061062 44.8349939219
0 0 0 0 0 0 0 0 0 0 0 0 0 0 0 0 0 0 0 0 0 0 0 0 0 0 0 0 0 0 0 0 0 0 45.0697587766 45.1683732474 44.5454588371 44.7430193755 44.6375465624 45.1906835851 44.6903917716 45.1443189019 44.6623536672 45.0640793606 44.5280774518 45.197170905 44.9433406696 44.8125192137 45.0334751925 45.1152010115 44.5641561422 44.9226577742 45.0778565682
0 0 0 0 0 0 0 0 0 0 0 0 0 0 0 0 0 0 0 0 0 0 0 0 0 0 0 0 0 0 0 0 44.608601073 45.1779015909 44.998937506 44.8163642804 44.7529349941 44.6223901862 45.0876461778 44.7082203672 44.6877958374 44.9875918038 44.6090088436 45.112946748 44.9425525903 44.9454689065 44.9879104463 45.0003703486 44.9236718252 44.8087311835 44.8910626559 44.9032146791 44.537302346
0 0 0 0 0 0 0 0 0 0 0 0 45.0466204605 45.0522698125 44.8935056313 44.8608343473 45.0642030196 44.7046428591 45.1681674385 44.9551638664 45.158879524 44.8136001979 44.9710998057 44.7612494447 45.0325863953 44.504445582 44.8247722718 45.1725423722 44.7319803812 44.6502374934 44.9565712133 44.868956836 44.8661666349 44.8178981176 44.6149553795 45.1019323875 44.5720991834 44.5010923996 44.7844779992 44.5041170328 44.7946151648 44.787724913 44.7314180001 45.1160305151 45.048663107 45.1446737147 44.7973104068 45.1019137974 45.1536284218 44.6331102393 44.6359426916 44.5245743546 44.6224241082
0 0 0 0 0 0 0 0 0 69.1749311873 72.426577686 70.4056934703 44.95090181 44.9660031795 44.8930098737 44.6834790018 44.7909235398 45.053418226 44.5438872631 44.9106659976 45.1797755385 44.7956554936 44.714314514 44.9300655552 44.8941690289 45.1996811764 44.692037264 45.2014031104 44.6174641947 44.532759022 44.952545457 45.1331858948 44.5322225277 44.5699272356 44.9430751123 44.7245485865 44.8006121341 44.5166933211 44.8987094352 44.6405992061 44.5756480163 45.183637129 45.0019517368 45.0030100889 45.1196563254 44.7782904231 44.6158381317 44.6358285052 45.1672538401 44.9932200232 44.9929202467 45.175704923 44.7172581943
0 0 0 0 0 0 0 0 0 61.2078521539 68.0874164672 63.079894455 44.652785358 44.9078822455 44.6083853279 44.9510240852 45.0960945375 45.1316766157 44.7476747643 44.9138145307 44.6344566721 44.8278502186 45.1299806674 44.7310405484 44.8027883578 44.8800898367 44.6831102554 44.6186278348 45.0955981888 44.7653141039 45.0945618646 44.6541811735 44.8334036953 45.1332220042 44.9213509287 44.8594173785 44.9351965936 45.1042404424 44.9164698502 44.921649467 44.9581687688 45.0929333807 45.0599499258 45.1177109173 44.8800159982 45.0583018159 44.9719321328 44.9613107759 45.0307310707 45.0217607781 44.7772214516 45.1665499761 44.5037186117
0 0 0 0 0 0 0 0 0 60.8723460178 66.5974207489 66.7712357239 45.1314923773 44.8228520635 44.9094962038 45.086682835 44.6732085584 45.0725650724 44.5740021977 44.5528363309 44.7782631737 44.9023522025 44.8530118478 44.7487876273 44.8968728916 44.8653486216 45.1117635411 44.8887245548 45.0942099501 45.1594192797 44.6692782539 44.9657899181 44.5369155487 44.833549356 45.0080529449 44.550932266 44.726402247 45.0764615728 44.7426415653 44.7344942252 45.0245177606 45.1366966392 45.1799868957 45.1685131059 44.7858369818 44.6359707907 44.6300342858 45.0107591057 44.7767673453 45.1446380814 44.513376721 44.6090434421 44.6898486793
0 0 0 0 0 0 0 0 44.6128708757 45.058018837 44.9638284966 45.0884990208 45.0032850793 44.8126260571 44.9098197567 44.6360685258 45.062254154 44.8561266349 45.0715039877 44.7534486752 44.8765089541 44.5251106165 44.8597082749 45.0332585191 44.9965961235 44.7392258122 44.8232906844 44.9147454578 44.6625149674 44.971754315 44.535123986 44.6310183674 44.6670782237 44.5044958147 45.1982177355 44.7625035456 45.0912046166 45.1024497337 44.5737342476 44.9980649571 44.5527265712 45.2059161234 44.5076628383 44.5746162378 45.062865136 44.8064601344 44.9365720556 45.09881348 45.1131905655 44.9842862849 45.0418248086 44.9799593708 44.910275678
0 0 0 0 0 0 0 0 44.7835673807 44.5263287179 44.8008674259 44.865278239 44.7559642741 44.7576298594 45.1661463808 44.988844412 44.9249696232 45.0349763716 44.695551522 44.8991091683 44.9780314238 45.1259422127 45.157153241 44.6293140399 44.6580231271 45.1468897533 45.0148973819 44.5989402587 44.7610807604 44.5068702752 45.1269734896 44.9563482628 44.5064285677 45.139945662 44.5709322792 44.6872323374 44.7578729672 44.6756652184 44.8322272611 44.616370261 44.9964876881 44.7237552675 44.5911688035 44.9877324889 44.5266272534 44.5307932307 45.1287656452 45.060706117 44.7739027674 44.8061844402 45.192615835 44.7138382316 44.9537100865
0 0 0 0 0 69.0427876054 62.0135427507 67.9591849896 45.1987034759 44.963972825 44.9943302556 44.7901880003 45.0658025001 45.0226458913 44.7835428379 44.8981440037 44.754746992 45.1004728865 45.031126395 44.618572173 44.9632648774 45.1550612433 44.636702686 44.8977001563 44.9774334232 44.7118687829 45.1582341727 44.8104217405 44.9407221202 45.1541421303 45.0187245846 45.0491394853 44.834390074 44.9047610668 44.6937299036 44.7034076146 44.8831442782 44.6162893497 45.0707175248 44.9006279953 44.655675632 45.1642369519 44.8625471185 45.0799788898 45.0968594577 45.0830209205 44.7227063979 44.5445559454 44.8966386696 45.0041466144 44.5909381493 44.9917023843 45.1387223867
0 0 0 0 0 61.1195642662 61.0662157936 71.7797170859 44.676581936 44.6993422686 44.753760344 45.132149393 44.8617046582 45.1455806002 44.9568162299 44.6097128726 44.6710740922 44.5799626548 44.5507310228 44.7749759407 45.09336058 44.7535014343 44.7656496598 44.8847825552 44.5924727855 44.9208591327 44.9455472461 44.8939651286 44.7303350392 44.9430357812 44.6726501769 45.0137766276 45.0944292652 44.784728676 45.1347394112 45.0346341296 45.060248526 44.596364372 44.8009173902 45.0778293241 45.1450822597 44.654178187 44.5114800503 44.561862759 44.9846165672 44.9648505209 44.9248628398 44.5707787152 44.9633096951 45.1814543382 44.6462476878 44.8471549739 44.6320841007
0 0 0 0 44.9950098743 70.3287359328 62.8796083139 61.1177617206 45.1216919108 45.0652772001 45.1757961104 44.9491672084 44.9578643895 45.0428545958 45.1913393776 44.8595579046 44.9743997772 45.010387863 44.5598013339 45.0200817482 45.0914924444 44.7431565351 44.7145144253 45.0628403565 44.8375517487 44.7346902509 45.1928361901 44.577578669 45.0311885957 45.0339784112 44.8338592021 45.0565498297 44.7016725938 44.6512107148 44.5865675714 44.5931487025 44.5955993715 45.1584074602 45.0776478191 45.0694798671 44.9966121563 44.8623817915 44.5947879687 44.6948811338 44.859523446 45.0086061457 44.5144168347 44.9039311386 44.7363586687 44.8360357881 44.9913754582 44.6950996068 45.0350331731
0 0 0 45.1605214376 45.0492527236 45.1349621787 45.1565656964 44.5610529513 45.1511500616 44.7593498759 44.8097189876 44.5784394707 44.9287292951 44.7728534517 44.6827185909 45.0669586864 45.0941280929 44.8249629402 45.0973688274 44.6862409683 44.7481327987 44.6149627244 45.0281013902 44.6099727868 44.6151477565 45.15143003 45.1173525658 44.7667320857 44.8571476358 45.1044567123 45.0570066235 44.8745370615 44.8751252472 44.8741627774 44.7410274849 45.0797832373 45.1495710848 44.997445499 45.0216398972 44.8687584894 45.1675567618 44.8500365697 44.5856163771 44.6534778382 44.6093197591 45.028622109 44.8009778788 44.6964452981 44.6589504877 44.6515424633 44.6744284657 44.756486737 45.0664057218
0 0 44.7565104038 45.0433155811 45.0680076667 45.0012021979 44.8618260995 44.8690120582 44.8499798033 44.8318255105 44.5769560377 45.0133480634 44.7210918547 44.9189970189 45.035178368 45.1073958169 44.6832575925 44.7936585896 44.9648693736 44.7829397332 44.5100647678 45.0641670034 45.0678357884 44.7417936745 44.9949044053 44.5834368961 44.9239117667 45.0918512468 44.6758113175 44.9165709925 44.8961219054 44.6943867361 44.7797673803 45.1479639725 44.7549643605 44.9638348385 45.1313107324 44.5831380645 45.032264196 44.6881079443 45.1785050345 44.7382069266 44.7810978418 45.0831432645 45.1266127618 45.1153620756 44.7193075213 44.9730008308 44.8874519469 44.9823789068 44.8769891184 45.0399511722 45.151518726
0 0 44.7471631332 44.582462517 44.84228072 45.0831373134 45.1133426151 45.0859449768 44.8149767871 45.1924051257 44.5049176614 44.9061835069 44.7084435229 44.9434516316 44.737648524 45.1454879678 44.7191965758 44.6974531941 44.7575365955 44.7141973578 45.0757254193 44.6592065398 45.1708833363 44.8452702015 44.6981676568 44.630229171 44.5678229139 44.8274256068 44.7244643744 44.7370186651 44.7764072646 45.1150852268 44.5887490852 44.9625088228 45.1092215928 44.5176567373 45.0268266971 44.8839229253 44.7118625317 44.9415317113 45.011883721 44.5541240967 44.7124538108 44.7599377353 45.0134017216 45.0784013345 44.8184689525 44.7189701541 44.8010090247 45.0971091951 45.0986742663 44.7914481838 44.6363003207
0 0 45.0653264302 44.8282161356 44.9698799328 44.532587723 44.9741939209 45.1842589027 44.8554868671 45.1992220049 44.6159178344 45.1147500368 45.0810203996 44.9749136275 44.9555202631 44.6536890445 44.6255385823 44.8842002073 44.6400908644 44.5989708798 44.5978452466 44.5873597526 44.9466718202 44.7586834792 44.9191252589 44.9344997039 44.9384929651 44.8897762387 44.7279011358 44.8673653837 44.9708244421 44.7380995346 44.8232406274 45.1998656559 44.9494214158 45.0003216173 44.9931719735 45.0205689875 45.1232465847 44.8618349291 44.8868889092 44.680143592 44.6695324896 44.92598823 45.1859280569 45.1979913353 45.0942690721 44.6503438141 45.1254830924 45.0001803405 44.5041420537 45.185509108 44.5328822734
0 0 44.8445377897 44.5845301352 44.9022771627 44.9250459558 45.0989912183 44.6250194785 44.9297098352 44.7722189655 44.8742325521 44.9503272183 44.9975053187 44.8618996768 44.8941296615 44.8648334728 44.5576503607 45.1276280109 44.5257934802 45.0863901756 44.8313036178 44.5813605477 44.6159265799 44.7598297378 44.5907934635 45.0908757634 44.9914341024 44.5105079139 45.1801363674 44.8327664688 45.0603630964 45.0397115432 44.7535960493 45.1206226041 45.1098108303 44.9072774652 45.0973088863 45.1990640954 44.5791190693 45.1888393311 44.777078263 45.0320620907 44.8556385391 45.1042140441 44.6422538353 45.1026847436 44.7865180427 44.7415496794 44.6071716398 44.7500625552 45.1248499986 45.2013773536 44.8990708543
0 0 44.6364810606 45.0349040472 44.6806194339 44.5401544524 44.998460934 44.9615803207 45.205473974 44.6360058951 44.8035796107 44.9462940604 45.0464393089 44.6824582335 45.0532273386 44.9136091465 44.9867824719 44.6835318556 44.9381408212 44.6363691268 45.1547262005 44.9919638551 44.7413466788 44.5572929381 44.5097191415 45.0779499537 44.8601065885 44.5818849798 44.9486140435 44.7460950766 44.8511119303 44.9401152659 44.8265707077 45.0174821316 44.7783840965 44.9335299213 45.172923844 44.8409243166 44.8212293297 45.1125086173 44.9904157897 45.0275925645 44.5854256905 44.6285754722 44.8673536886 44.5030697043 45.1250140566 45.0028988218 44.7468286937 44.566788816 45.1412416686 45.0057572723 44.9174055218
0 0 45.1571401573 44.6399647553 44.8626822234 45.1210639298 45.0138190428 45.1852947586 44.7507014055 44.7745756124 44.927314709 44.6933969955 44.85960536 45.0425117647 45.0013808938 44.5153919065 45.1211732679 44.9211597147 44.7483671658 44.5470669521 45.11396764 45.1980906692 44.6486092119 44.8936991547 44.7929053135 44.7699518834 44.5736410475 44.8133202906 44.6347620499 45.2009734235 44.7339678193 44.5806840205 44.7787495138 44.9021077844 45.0519490647 44.8435380937 44.9735742151 44.7752536263 44.584710984 44.6618028427 45.0146265586 44.9322611811 44.7820348204 44.6798616881 44.507887792 44.5665180578 44.6140293298 44.7995278325 45.193972566 44.8867922323 45.0654102467 45.0233399061 44.8766550628
