Spatial_Output/90% DEC/90DEC_1325.asc
NCOLS 155
NROWS 192
XLLCORNER 196769.923733
YLLCORNER 449719.875193
CELLSIZE 27.603701
NODATA_VALUE NaN
[rows 161 to 183 of 192, columns 53 to 105 of 155]
34.3232490591 33.0873459112 33.375185147 34.1142480995 34.0968756716 33.9071857253 33.2155992952 34.3735072845 33.654868214 33.1401150781 33.8837740827 33.6210823407 33.5953920626 33.4743634067 33.5984382094 33.7916257089 33.1562198167 34.0083056903 33.244073333 33.4239093743 34.1096303485 33.6484474039 34.149726197 33.586475274 34.1093674811 33.8736552531 33.6442298298 34.3556582223 33.1533980682 33.1435922749 33.342405912 34.2722643449 33.7381343844 33.4368589283 33.1351198523 33.8502455746 34.228690849 33.9379870746 34.0590088959 33.8977275129 34.3368213651 33.4226927222 33.8103690532 33.2781361974 33.5193808821 34.3710768003 33.5521479695 33.3917933673 34.0282735079 33.0188261907 33.0308203502 33.4266374523 34.0209579804
33.3047390579 34.0613968285 33.620706958 33.2993259643 33.4007946578 34.0499950533 34.4103548748 34.0509920212 33.8148707106 34.0374837223 33.0833901743 34.0233533849 34.1001559232 33.9218131054 33.5788235977 34.0423816441 33.1253791741 33.8827866485 33.9507002921 33.4954940186 34.3734442138 33.8845137118 34.4038027781 33.7365908993 34.0876993262 33.6739501262 33.3083199325 33.2602819538 34.2677395338 34.3646326208 33.8078224054 33.8882978512 34.1369475424 34.0865779851 33.783265083 34.1128451238 33.3644721079 33.4337994377 33.4740085403 34.1949997201 33.4397924795 34.0003868458 34.1339591744 33.2930112562 33.9758255512 34.3550927388 33.2882106598 33.3182246473 33.6664274109 33.3238837903 33.6024815243 33.4441485514 33.3869673791
0 33.1469989363 33.7583836266 34.2956242488 34.218289993 33.5467678944 33.4802862035 33.868352067 33.9478414396 33.5509968687 33.2915832913 33.1074805679 34.3345459302 34.4042174074 33.8216500305 34.3179287502 33.8100895533 34.3076276946 33.176567276 34.0547049301 34.0514805458 34.1497421622 33.2948796145 33.335104145 34.3529038017 33.8415047787 33.1239057344 34.1850619493 33.9290628708 33.6983090545 33.3094655293 33.5647353046 33.2672862853 33.4245887854 33.8167948774 34.390757202 33.68413902 33.3010199657 33.4747713847 34.3244755877 33.9935358255 33.6976069861 33.5850361359 33.2634608045 33.2329884307 33.8879153402 33.2465705061 34.22762816 34.2129255294 33.7915442654 34.2271048774 33.9819019438 33.8813731611
0 0 0 34.2290525223 33.0167515533 33.1068763018 33.9008412073 34.1079690795 33.145172363 34.321910987 33.9649953481 34.3590297443 33.7671649625 33.4581820709 34.0163721754 33.6418007978 33.3422187075 33.1188909057 33.9240241538 34.2425409307 34.0716974512 33.4389111597 33.6179010158 33.7193805432 33.0544375277 33.8793110706 34.2740860271 33.5687444197 33.9023525848 33.7674301426 33.6346501397 33.1183327237 33.8774690247 34.0366714886 33.8441280536 33.8753999935 34.1252274841 33.9027530827 34.1172581907 33.6130169193 33.7467020605 34.3934317417 33.4719045679 33.4689733013 34.2006679588 33.4183085996 33.4117879159 33.2706555601 34.0114873361 33.9599312612 33.4244043265 33.9826926182 33.5578311285
0 0 0 0 0 0 33.2047574431 34.4010190108 33.7941466176 33.4418629143 33.9782929399 34.3628950772 33.8433135558 33.9329608869 33.6781906694 33.0243571424 33.7953529623 34.1921057726 33.721321098 33.8934218899 34.07880201 34.3358221138 33.7974180384 33.8922638623 33.9025691642 33.1473343135 33.3234817852 34.0267521162 33.2466057866 34.2240939987 33.5214969185 33.2840322046 33.3932458687 33.6196289475 34.0433322391 33.4258997374 34.3726394252 33.4281805194 34.3901268548 33.5384628964 33.1220965669 34.2286106686 33.8805522971 33.0401440454 33.4659468718 34.1083290913 33.963882664 34.0866746933 33.4906257996 33.9424451133 33.4985379247 33.1290293491 33.0159027087
0 0 0 0 0 0 0 0 0 33.8795689222 33.0722607941 33.9099357602 33.7985394149 33.2447486169 33.2657662983 33.502392878 34.1714694769 0 33.9463343606 33.2996558979 33.9425878026 33.7631772617 33.5986111292 33.3505607788 33.3043283101 33.4502336171 33.5790350173 33.1002364898 33.3343321088 33.3121944168 34.0794192695 33.38991515 33.8937869283 33.5066601542 34.0229760914 34.3983953371 34.2145522234 34.356810924 33.3228911139 34.1028232169 33.8011547394 33.6291612734 33.1231607405 34.276676162 33.1855310207 34.0910479815 33.8168251381 33.7500857387 33.163421693 33.3526810509 33.6179667069 33.3950230469 33.4521981296
0 0 0 0 0 0 0 0 0 0 0 33.7637573686 33.3658586391 33.1466432525 33.6749857301 34.1010451931 0 0 0 33.9510627513 33.2195076449 34.3090351405 33.0721121353 34.1846133703 34.0291878883 34.2414753472 33.0569116157 34.2153932639 33.7754875251 33.9983128199 34.2818610681 34.2530813844 33.5132075596 33.5393522037 33.6988000062 33.2261644746 34.3563764887 33.4511747196 33.2447106675 33.9666502448 34.2264209434 34.323307396 34.1825310044 33.7314265432 33.9986934481 34.0220754936 34.3117223992 33.7386381156 33.626904927 34.1746054793 33.9134640984 33.8992616669 34.3607365833
0 0 0 0 0 0 0 0 0 0 0 0 19.8977830049 19.8977830049 65.9304345373 0 0 0 0 0 33.1759988732 33.6461124679 34.0352588744 33.6054761791 33.793615829 33.9994154114 33.460456929 33.2412317728 33.6179095153 33.3216619791 33.3171149628 33.3614892436 33.5630544748 33.0384566161 34.0769524292 33.200400231 33.3199047291 33.9428848374 33.8825626227 33.86316659 33.9273338262 34.3338191845 33.8588442615 33.9209733265 33.584574223 33.6484759424 33.0387679709 33.1154307432 34.0053087827 34.0001496719 33.5813973606 33.8767144284 34.346976492
0 0 0 0 0 0 0 0 0 0 0 0 13.4231130324 11.5347941305 12.8792099832 0 0 0 0 0 34.1421138353 33.0188632319 33.5344750538 34.3616641896 33.8472806404 33.0475329862 34.0932179279 34.180983333 33.7670253923 33.9652674927 33.213242729 33.8787299692 33.537736638 33.0969614973 34.0980029946 34.3956265552 33.5989924963 33.8312314501 33.5200820075 33.0195909481 34.1720364445 33.5734419284 34.3613937954 33.4997675309 33.316884543 33.6170706019 34.2169023383 33.0877524172 33.4185426005 33.9075708843 33.3253891041 33.1417644503 33.3614940749
0 0 0 0 0 0 0 0 0 0 0 0 28.7694322404 12.786735978 23.3184761417 0 0 0 0 0 0 33.8339104803 33.686794077 33.0456412491 34.0396897737 34.1598410583 33.7374157264 33.2888334504 33.2684243366 33.6006473253 34.1423652145 33.0396796079 33.4808817331 33.6392214602 33.0335497509 33.1440604054 34.2837224427 33.4490944528 34.2223241287 33.1548916593 34.1635768904 33.5564107093 33.172197933 33.9607470456 33.4156001864 34.1972882518 33.0807600658 33.0554061086 33.0671727821 33.1380398554 34.1311183633 33.1014431496 33.0230999854
0 0 0 0 0 0 0 0 0 0 0 0 16.7431593273 15.6176239176 18.2308492697 0 0 0 0 0 0 0 33.7977035264 33.9338797738 33.5108133659 33.427671638 33.9484831718 33.7894836921 33.1563444217 33.5772694769 34.132928205 33.1679814044 33.3535089179 34.2805689325 33.4157360613 34.2238428856 33.2533951688 33.2769433363 33.5102499886 34.1839890145 34.170496135 34.3718990069 33.3813638172 33.4451119729 33.8109343143 33.3274291617 33.9660493137 33.8890897474 33.849903884 33.4385650142 33.6993741724 33.6248620977 33.8180006614
0 0 0 0 0 0 0 0 0 0 0 0 0 0 0 0 0 0 0 0 0 0 0 33.7755037342 33.3133045796 33.577477185 33.1604821561 33.6792000798 33.529241148 33.0616158151 33.6480135158 33.749456446 33.5654235646 33.9498764877 33.4551938499 34.2092450171 33.4970741188 34.1374618092 34.2104039178 33.5717111497 33.1268270643 33.3554467408 33.6278822117 33.8919223467 34.2743231506 33.7833516644 33.1846176677 33.1790794105 33.8106881458 33.9421136096 33.3649277808 33.1507100583 34.166077596
0 0 0 0 0 0 0 0 0 0 0 0 0 0 0 0 0 0 0 0 0 0 0 0 33.6646832966 33.7140408108 34.0058390196 33.8462964409 34.2352037349 33.5936616679 33.7025641188 33.8850967196 34.1240940758 34.13932436 33.856021207 33.2156407038 33.7435083608 34.07246555 33.359999899 33.870226492 33.6053653416 33.6302494894 34.0272833878 34.1840064537 33.3045023441 34.2609316906 34.1606211091 33.2943473941 33.0923976324 34.3993739515 33.8660679368 34.3128218935 33.4932215432
0 0 0 0 0 0 0 0 0 0 0 0 0 0 0 0 0 0 0 0 0 0 0 0 0 0 0 0 0 0 33.9117489053 34.0065395829 33.5041390268 34.3936517328 33.3149610325 33.7254672958 33.2808163196 33.8868246114 33.6721724769 34.1850053393 34.0112689517 33.1092336438 33.1506680334 34.366257366 34.1165906275 34.0281141513 33.3669163894 33.5697984882 34.4073487625 33.0533583097 33.288910763 33.5064622139 33.8222282344
0 0 0 0 0 0 0 0 0 0 0 0 0 0 0 0 0 0 0 0 0 0 0 0 0 0 0 0 0 0 0 0 0 0 33.9770666634 34.0649710364 34.1694839931 33.2309872809 33.0513575663 33.7650131896 33.0744828599 33.4460292644 33.5543136588 33.0516470588 33.2219852379 34.1795752966 33.8070405736 34.4080009115 33.6221706888 33.4467952821 33.3391801198 33.7650757022 33.6435001527
0 0 0 0 0 0 0 0 0 0 0 0 0 0 0 0 0 0 0 0 0 0 0 0 0 0 0 0 0 0 0 0 0 0 0 33.5037367024 34.186617613 34.4088442569 33.2284803641 34.0314350329 33.6976288783 33.402297426 34.3410554135 33.7654502011 33.6397026429 34.0319220462 34.2582407988 33.3498535713 33.8052857187 33.3324516482 33.7884864205 33.5125888705 33.9723352412
0 0 0 0 0 0 0 0 0 0 0 0 0 0 0 0 0 0 0 0 0 0 0 0 0 0 0 0 0 0 0 0 0 0 0 0 33.7225533716 34.1012908888 33.5722394397 33.4343042799 33.3817935808 33.9073089863 33.7988645417 34.2197431037 33.6067283089 33.1404500632 33.2875919961 33.0331907085 34.4080925674 33.9719858308 34.135891531 33.6705714156 34.1821894402
0 0 0 0 0 0 0 0 0 0 0 0 0 0 0 0 0 0 0 0 0 0 0 0 0 0 0 0 0 0 0 0 0 0 0 0 0 34.2290313239 33.3603282122 34.2708840539 33.5306052554 33.0003103783 34.0760336359 34.3692014159 33.4119497583 34.0375953674 33.9764325326 33.8260917246 33.9154770584 34.0944624869 33.7297894498 33.0303829944 34.2123199412
0 0 0 0 0 0 0 0 0 0 0 0 0 0 0 0 0 0 0 0 0 0 0 0 0 0 0 0 0 0 0 0 0 0 0 0 0 0 33.9151369916 33.8045957691 33.6280987844 33.6513606077 33.2864477514 33.4691694788 33.5196775595 33.3773702827 33.4035695443 34.0503409852 34.0764979545 33.9239531761 33.0760931503 34.3595912314 33.8387260191
0 0 0 0 0 0 0 0 0 0 0 0 0 0 0 0 0 0 0 0 0 0 0 0 0 0 0 0 0 0 0 0 0 0 0 0 0 0 0 33.3399413373 33.8178849058 33.5703514855 33.119863228 33.1220210453 34.0800157007 34.0963081444 34.2394467396 33.0448890628 33.4185781345 34.0031811372 33.3084570441 33.0195358323 34.3966694604
0 0 0 0 0 0 0 0 0 0 0 0 0 0 0 0 0 0 0 0 0 0 0 0 0 0 0 0 0 0 0 0 0 0 0 0 0 0 0 0 33.3235911464 33.0308243919 33.9029895079 33.0730906962 33.2493091673 33.6759288095 33.5690052462 34.2697010742 33.7479010331 33.7883709488 33.3604501328 33.0670847675 33.2159718648
0 0 0 0 0 0 0 0 0 0 0 0 0 0 0 0 0 0 0 0 0 0 0 0 0 0 0 0 0 0 0 0 0 0 0 0 0 0 0 0 0 34.390481149 33.4112756904 33.8396662909 33.9270348976 33.7781933726 33.322620889 33.0666686841 33.4748969306 33.1568229161 33.8634351294 34.05042586 33.7194159206
0 0 0 0 0 0 0 0 0 0 0 0 0 0 0 0 0 0 0 0 0 0 0 0 0 0 0 0 0 0 0 0 0 0 0 0 0 0 0 0 0 0 34.1222320886 33.886324361 33.384619941 34.0818217114 33.7914227966 33.2305845993 33.7423202906 34.343599675 34.0665247219 34.2656411404 34.2151047261
