Spatial_Output/90% DEC/90DEC_0466.asc
NCOLS 155
NROWS 192
XLLCORNER 196769.923733
YLLCORNER 449719.875193
CELLSIZE 27.603701
NODATA_VALUE NaN
[rows 23 to 45 of 192, columns 53 to 105 of 155]
30.5355736399 30.9060219866 30.9257028962 30.6117393171 30.8976780553 31.1279270952 30.8449856487 30.6582833335 30.9833474624 30.8290516821 30.9506657456 31.0812956073 30.6607860787 30.5244413273 30.7415465954 30.6788434328 30.7761310676 31.149030047 31.170271669 30.9531044796 30.5476908244 31.1140248091 30.7193194014 30.5147753163 31.1348105519 31.0394919213 31.1716309235 31.179086178 31.0173604687 30.9065364865 30.887649467 31.0687193999 30.7069759788 30.5385053297 30.9515609631 30.9517044055 30.837013676 30.8402597721 30.8639560875 30.9708477836 30.6886393 30.5616858659 30.6497602878 30.8342408558 30.9232773456 30.9011973 31.1819318757 30.9774590896 30.574054161 30.7889910778 30.7372476066 30.8893444811 30.8799356973
31.0725318424 31.1109125324 30.9320766046 31.0194803636 30.816561967 30.7426025685 30.9816262966 31.0650823014 31.1780242297 30.5462546688 30.5434826376 30.8380292875 31.0940248303 30.736118753 31.128040613 30.5172774023 31.090071906 30.7228741754 31.0476904022 31.0116620882 30.7494320081 31.0128331534 30.7594853212 31.1139545073 30.6278312583 31.1900150843 30.5547553019 31.1190018052 30.6046327984 31.1486938403 31.1617103483 31.0096320162 30.9987906781 30.9760657311 30.5081695454 30.6266354042 31.0872964708 31.0192219068 31.1003773879 30.985003197 30.5253189918 30.7800806808 30.9297282471 30.5016143339 30.6134042646 30.5991592337 30.8723305837 30.8846805653 30.5271760412 30.8298386436 31.1309346931 31.104347475 30.9479158944
31.1420913421 31.1806202562 30.8156062301 30.725901276 30.8299293438 30.7133364393 30.5210293588 31.1993375844 30.9078273719 31.1671153827 31.1133462022 30.996477492 31.1767726447 30.8809063431 30.950300696 30.6479960035 30.8208129176 31.1262404445 31.0448133434 30.6660283378 31.0801885705 30.9343532125 31.1298765377 30.6299100712 30.9356501701 30.5608874258 30.9667099913 30.5612575186 31.0167688657 30.8101086567 30.9055510088 30.8541031478 30.6764472242 31.1961737507 30.9150844869 30.5808357916 31.1591543484 30.9524455904 30.8535570376 30.7511295215 31.0316547051 30.6487416153 31.136557662 30.7402909756 31.0057931682 30.7072540874 31.1537041323 30.8651024147 30.9488762488 30.5471465232 30.8847607973 30.7700440007 30.9557615786
31.135385301 30.644902048 30.8354899647 30.6423032485 30.7301698175 30.6723291734 30.640569125 30.8582828603 31.1252727698 31.0194412456 30.9637307434 30.8313236842 31.2056065773 30.8463438168 31.0638994395 31.0263014723 30.689626146 30.6339803943 30.5291278119 30.746273749 30.5600917692 30.702659387 30.8852923748 30.5604402234 30.5972162987 30.6683149814 31.0478114321 30.9393698716 30.8970656515 30.9507412599 30.7878131788 30.7357376615 30.5047640923 30.9416061024 31.0912743515 31.088923125 30.838201689 30.8815956254 30.6843736149 30.8042530997 31.0804863183 30.8535033154 30.6788115647 30.9034882142 31.0497228771 30.9385336115 30.7980131098 30.6593102404 30.901280965 31.1668466222 31.1883108676 30.6559476453 30.7203806558
30.5866076528 31.0081331984 30.5875703983 30.8944218594 30.659423723 31.0869603793 30.7592905568 30.7963288454 30.6838268326 31.1677687043 30.8204489995 30.6959491472 30.7812206113 31.0873968541 30.6564103145 30.792718527 30.7180713793 30.9097166409 30.849035978 31.2041826444 30.9161131278 31.1071043442 31.0822226795 30.8506367378 30.9976875479 30.9386198163 31.0296573971 30.8675081245 30.8967876968 30.525160023 30.5199461346 31.0333996822 31.204413544 30.7936521811 31.1546835329 30.9867443325 30.5632351868 30.9230988147 30.7926350231 30.9476299959 31.186174808 30.8681567127 30.9193638552 30.611269727 30.9680100682 30.6583913438 30.7532843813 31.1108855011 31.002193344 31.0620992327 30.5103833383 30.8326159147 30.9676491709
31.1169130872 30.5407905756 30.5977258751 30.7911302559 30.7739811255 30.6278209575 31.0686080489 30.8157513242 31.1219905514 30.8616802136 30.8196827537 30.8753312869 31.0455794265 31.1972900857 30.8213957789 31.0161872154 30.5165851756 30.836282696 30.567937436 30.5538079911 30.9287044143 30.8238557823 31.1477532341 31.1829276395 30.7772492166 31.0996619069 30.889642442 30.6421158958 31.0828074221 30.6401433975 31.1509521844 30.681392179 31.110578626 30.7675780924 30.9399835779 30.5572695614 30.7437684868 30.7082439432 31.1597727372 31.1612386002 30.773352702 31.0786879408 30.8252813565 30.5310252377 31.1402979003 31.0675145305 30.7665643347 31.1926890486 30.766824018 30.8476214688 31.1628333895 30.7743450805 30.9386994093
30.9405853537 31.0549159351 30.585960562 30.6737167615 30.743383815 31.1702147813 31.0981237555 31.0817172919 30.5981918454 30.5191029209 30.7104696415 30.8121208914 30.9223986198 31.0624588358 30.6243213794 30.9481060013 30.5243702821 30.7913313884 31.1769622652 31.1532755791 31.1625269462 30.5392644687 30.7655665153 30.5115344238 31.2064911329 30.5345308353 30.8539507808 30.9597527613 30.5339618744 30.6929860461 31.1825214917 30.5852819103 30.6082776732 30.9174275752 31.0000193033 30.8512316718 31.1758577454 31.0887626255 31.1620051432 30.8189434623 30.8182526728 30.8841381188 30.8585559452 30.9286175666 31.1049392697 30.68652245 30.6083572191 30.5796870153 30.7165426581 30.6755920765 30.8937696203 30.5294632489 31.1571604076
31.1696897028 30.9098028448 30.8193861869 30.5534331632 30.6707621889 30.734001862 30.7178880184 31.127187265 31.1521273752 30.8723458736 31.0278259629 30.8254437839 30.8250798795 31.0743764819 31.1318110756 31.1050497719 31.0320331902 30.648134574 31.1436600024 31.1934474744 31.1681670089 31.0946896456 30.5952949953 30.9330381955 30.7637174472 30.7459361294 30.720295847 30.8430882471 30.769886579 30.5065769109 30.9374587081 30.5737660702 30.9349038355 31.1248307491 31.1619124571 30.9392874915 30.8248905335 30.8728616677 31.000750383 31.1903477029 30.8202533569 30.9646690656 31.2041064098 31.0071619352 31.0940434614 31.1305615955 30.8358936558 30.8950829383 30.5766259273 30.9679075737 30.988042962 30.9146242998 30.635091134
31.0631103857 30.9283601094 31.0307781219 30.8497202024 30.7288852453 30.6008023494 30.6064732868 31.0096500699 31.1196090195 31.149861018 30.6631832318 31.0901269366 30.6145051537 30.5514479357 30.5120968795 30.6871871839 30.9637515354 30.6283827409 30.6219725792 30.8166155528 30.7907868736 30.9083988467 31.0558048254 30.7441246835 30.5108559701 30.6728054124 30.9249280633 31.1206992246 30.8480487403 31.2019548488 30.5400588439 31.1448991557 30.5882234242 30.5827853133 30.9017930179 31.1543707922 30.5642137207 31.0930092336 30.6253620567 30.6651077024 30.8502382731 30.5716854285 30.6061816427 31.0427664689 30.7260667867 31.0014548099 30.6608133617 30.7239955182 30.8411713071 30.9824238096 31.0890627437 30.6587253703 30.7907473001
31.0243280841 30.9623736939 30.59995993 31.1929830794 31.0838787235 31.1029416073 31.1274049483 30.8042225779 31.0813341873 30.8435497841 30.9655452439 30.5029111035 30.9631738775 30.8263413951 31.1319633955 31.1940797668 30.7234970971 30.9476260977 30.5080275031 30.9364212528 30.883381913 30.5337328957 30.743458936 30.743463618 30.5385639191 31.1745068858 30.9719284295 30.6421627667 30.9181646128 30.550648441 30.5641245512 31.0715968486 31.1879535669 30.6106673665 30.7573573056 31.0613659113 30.7202897415 30.6663573232 31.0508867809 31.0911605274 30.9231022211 31.1509805594 30.5269597308 31.1993191058 30.7617488596 31.1021124366 30.781167574 30.5276512019 30.9472673202 31.1480445973 30.6291522898 30.5938787737 31.0774650618
31.0947752916 31.0539834649 30.6930900663 30.6636440686 30.7932654797 30.9897477954 31.0501622032 30.767232511 31.0218702693 30.5746243024 30.8183644844 30.751514458 30.7698802949 30.6519276166 30.5298846848 30.5195810412 31.1365354574 30.9812360647 30.7683744686 31.1212697617 31.0060020986 30.5576406009 31.0459741853 31.011448306 30.6089281212 30.8460574785 30.9057429591 31.0705257672 30.9281730536 30.7686970929 31.1096337087 31.1515718629 30.9423437475 30.6290856728 30.8586278645 30.5164975963 30.6689774055 30.7486897973 31.1435198144 31.0941862242 30.8296657592 30.6747972586 30.8163414731 30.554713881 30.9745637776 31.1831247233 30.6842543546 30.5227846508 30.7703433261 30.6892659179 31.2026988108 30.903803786 31.1532241068
31.105458266 30.7566647736 30.8274479904 31.1187957002 31.0375724601 31.0647400229 30.8552749281 30.5454505528 30.864503602 30.5329278451 30.6404149497 30.9269828591 31.1320378553 30.842117892 30.8942214508 30.7146826841 30.7922364876 30.5049304406 30.9248224307 30.8453598059 30.8767676224 30.5495727347 30.5267942713 30.5461332909 30.7424830719 31.0022866787 31.1193002054 30.594420058 30.6731085952 30.7114659025 30.8171408314 31.0689601825 30.760198485 30.5281450124 31.0098902627 31.1633834572 31.0696141347 30.5519422583 30.6788827757 30.9173870558 31.0251574706 30.8735105539 31.0672908733 31.0987961625 31.1310427179 30.9522478881 30.9240164216 30.5661857965 30.544338474 30.5882199911 30.6198405688 30.7900126916 30.7937536287
30.6386797989 31.1963798723 30.9413339326 31.1311993021 30.9208791688 31.0874030397 30.5784844362 30.6014192918 30.9538137618 30.961615612 30.5973564926 30.7894924486 30.9562761442 30.6637483072 30.8611582138 31.0515268097 31.1388798391 30.512969927 30.5822748512 31.036507601 30.8274324558 30.7719056606 30.7245622103 30.8995881958 30.6101516466 30.6132736576 30.6770709915 31.0930512347 31.0671968406 31.059978905 30.8858206335 30.992464416 30.9221363822 30.9880573586 30.7916117162 30.8682442228 30.7636039768 31.0200782641 30.9323894096 30.531114485 30.7821051859 31.1381211566 30.5218542558 30.9263375871 31.1913937884 31.012316234 30.7864148051 30.823746169 31.0456524354 30.8467053072 30.9624532664 30.7357471262 31.0043217626
30.7966623573 30.7963028884 31.0289556636 31.1146875127 31.0198884717 31.033733707 30.5989656879 31.0271789346 30.7716574605 31.1029401334 30.8859408507 31.0959317337 30.67900012 30.726768039 31.1013808968 30.641967114 30.6815698996 31.0271340411 30.8489489944 30.6026690801 31.0335617789 31.0036029252 30.8396547535 30.6209969102 30.5460291682 31.1307910935 31.2067816413 30.5764785722 31.0852807708 30.984448445 30.9767317735 30.6199041925 31.1562957128 31.0348093447 30.6434649112 31.2056522377 30.7918625933 31.1042969948 30.6012784155 30.9867444865 30.6255082756 31.0042223132 30.8082708032 30.5201075936 30.526098257 30.528257088 30.9138347238 30.5880790137 30.748320508 31.2038818012 30.7416695007 30.7557413378 30.9947850268
30.9480244399 30.9855421025 30.6498588855 31.1693040769 30.5311271489 31.0546500424 31.0548534977 31.1198617652 30.7257369092 30.5553284486 30.9018901448 30.5217902128 31.0478299106 30.6404294405 30.7534559363 30.5099402096 30.7517832448 30.9113816734 30.6723375062 31.0568464753 31.0204975268 30.959245513 31.1307085384 31.2026491262 30.9031413862 31.1821524413 31.2067504311 31.1012143632 31.0552978306 30.7620315225 30.7400849388 30.5088478688 31.0151622504 30.5845498042 31.1317206971 30.6893288525 31.1036569674 30.6569996927 30.7590526825 31.1141210442 30.5504105396 31.018705962 30.8764731886 31.0572378548 30.983956633 30.6118764515 31.040467502 30.7701204322 30.5667259489 30.9305009825 30.8306544782 30.5908071141 31.1425230119
31.0451761689 31.1026983555 30.9383047645 30.721879497 30.7348455486 30.6564862588 30.6506225888 30.637933434 30.7377533241 31.1589633948 30.906351259 30.8998505584 30.6299756629 30.8249031172 30.9988468541 30.6652457393 31.0296146236 30.9384859813 31.0331553769 30.9242909264 31.1129216035 31.0632908813 30.8841299008 30.5125196318 30.8451077763 30.5482892337 30.5053498673 31.1383517802 31.1824445742 30.6127921971 30.8328107879 31.1151845871 30.5421623015 30.7273889285 30.6769307915 30.9252355775 30.7922315361 30.8239473551 30.8811529095 30.6433264829 30.7896677961 30.6588702582 31.1677191556 31.1072805024 30.7311344182 30.6888506495 30.8697769356 30.8718838492 30.7715011584 31.1362502734 31.0275328891 31.1013616469 30.8876520495
30.7287728457 30.6084341847 31.1428192268 31.1180978208 30.5596693394 30.9279351097 31.041319883 30.5255351249 30.95648428 31.0077381182 30.6635566605 31.1793438312 30.5210644994 30.8143000394 30.721190362 30.5424036461 31.1042520949 30.7136075302 30.7979101709 30.7773062591 30.7819383017 30.7832303255 30.6139921607 30.782505387 31.1857910262 30.6931587291 30.5206655864 31.1588575988 30.6957288827 30.7945959107 30.7530014558 31.1806213099 30.5727323355 30.5006466771 30.6387728355 30.5225936205 31.0821939763 30.8938772952 31.0403960544 30.5190934868 30.5951681084 30.9661979856 31.0348989639 31.1743592276 31.0304391823 30.5764906621 30.720616088 30.9152427737 30.8237653124 30.773160998 30.7012771567 30.9447889728 30.702713502
31.0025937478 31.0880953799 31.0732843526 30.5839254894 31.0534354125 30.5693204882 31.1688126798 31.0349117395 30.6440390871 31.018711056 30.6001297526 30.7540265493 30.667658585 30.7754028101 30.6932921253 30.7604564467 30.5142977933 30.5609680932 30.6123584878 30.6265029014 30.5155387122 31.0154604227 31.0250151919 30.600258895 30.9745537488 30.9282516513 30.9649471418 30.8722829699 31.1862001586 30.5009105916 30.849611395 30.8875354314 31.111041058 30.9141882889 30.8479514467 31.0930703876 30.9380115918 31.0133518405 30.6765483321 31.0764346685 30.9649201012 30.9188320935 30.8620907114 30.5902697083 30.6642966143 30.712369185 30.7993544395 31.1804954525 30.7559143722 30.5056194163 31.1299928786 30.7208325894 30.8926485693
30.5332439867 31.0004164387 30.8032904729 31.0917127462 30.536957169 30.5210413504 30.5758796207 31.0558709187 30.6452034364 30.7242208097 30.993588002 30.9473686848 31.1319711807 30.8710306726 30.8442999562 31.1691177612 31.1817992803 31.1690872976 30.515391216 30.5907055183 31.1476113405 31.1175883788 30.7587811425 31.0309661634 30.692776475 30.873929487 30.7423334949 30.5059789984 31.0185774572 30.6913798411 31.0441400699 30.9720148385 30.6242106023 30.5258546312 30.8233815234 30.7120721745 30.6552878287 31.0230149918 30.6737358499 31.1171715774 30.7447679219 30.8446254247 30.5280561298 31.0515770766 30.7854735106 31.1355116655 30.9781023979 30.5917556536 30.8405982304 30.5450294357 30.7705244731 31.1048276464 31.1751786137
30.5283720822 30.8476632042 30.8614418533 30.6741610058 30.6939113488 30.860132804 30.5421278166 31.1283029378 31.1272403303 30.9625979885 31.1030100332 31.1278041583 30.6128803873 31.1288994922 31.1764652517 30.9985771324 31.0725960961 30.8881440828 31.0287255919 30.7410656257 30.5537881724 30.8990884323 30.7699085606 30.9482874309 31.1414261106 31.0768086056 30.7664903198 30.5143071785 30.6415751105 30.7470675029 30.9361387175 30.5324351182 30.6245990838 31.1983542089 30.5823573663 30.9380964929 30.875402792 30.8594268507 31.1687350425 30.6357385918 30.7775503942 30.6993847009 31.0601060624 30.5758135448 30.8333004422 31.1472685716 30.6493990982 31.1902541385 30.7898507023 30.7371934571 30.6499659962 30.8224385876 31.0308053465
30.5828045533 30.5110224249 30.6158684603 30.9322992784 30.9697001691 30.9274954401 30.7955719525 30.528899385 30.5188428462 30.5918970699 30.9479989861 31.0389115268 31.0866690567 30.5257584621 31.0501656936 30.7597698381 31.057921695 30.9755765878 30.9741440014 30.7954983508 31.2025864827 30.5441610126 30.85745063 31.1946124249 30.9766301557 30.6413650867 30.8458449729 30.7193092458 31.0649189186 30.6032120228 31.1222393404 30.6897399172 31.1073710756 30.5592807974 30.6881214088 31.0641960427 30.5259177172 31.1016951395 30.656196173 30.6134489768 31.1979529965 30.9308583532 30.9385814691 30.8370704547 30.8288466389 30.8014894201 30.7204888588 30.9789847593 30.6493012973 30.6355282308 31.1735762635 30.8139123618 30.5533947659
30.7661823604 30.6030699495 30.8050417747 30.8243373906 30.7767512954 30.7707096295 30.700900766 31.0014224413 31.0163244194 30.5169479159 30.8166291092 30.5611291042 30.9855751307 30.7438520624 30.6433206442 31.0392596169 30.6496582234 31.1972285285 31.1579163925 31.0482419123 30.9393193012 31.0363798372 30.7129855071 30.9847870044 30.866967554 30.8206700887 30.5388159176 30.9884312349 30.6830251184 30.8701023117 30.546828411 31.0717498264 30.980348927 30.6577475793 30.6452047651 30.533620345 30.7926656459 30.5984111644 30.8445512788 30.5073309271 30.8468694578 30.5869673075 30.5003381599 30.7558611764 30.7636660858 30.9153267336 30.7547701517 30.6519252743 31.1889519347 30.8774902795 30.8341389996 30.8554881662 30.6159320745
30.8063966403 31.0053230844 30.5296328141 30.6644460137 30.7114838843 30.9226028482 30.8829611169 31.0260763269 30.6261150719 31.205999559 30.783368517 30.6563532567 31.003565968 30.695484704 30.7990056759 30.6545254324 30.5873571302 30.712223467 30.9216994671 30.5390151743 30.6687032968 31.1898910572 30.8445701926 30.9971334589 30.7064549851 30.9349210768 30.9821367987 30.6827990044 30.6863735722 30.7358029297 31.1402594307 30.5419217065 31.1491243524 30.6366197986 31.0273563122 30.9119704816 30.6021612368 30.6785525315 30.7576965112 30.6652414604 31.1724982765 30.5318271759 30.840441158 30.5732012264 30.7875551822 30.8792626295 31.1148216931 30.9515908957 31.0866389088 30.5204711758 30.5819937422 30.9626485601 30.5970188856
