Spatial_Output/90% DEC/90DEC_0768.asc
NCOLS 155
NROWS 192
XLLCORNER 196769.923733
YLLCORNER 449719.875193
CELLSIZE 27.603701
NODATA_VALUE NaN
[rows 46 to 68 of 192, columns 0 to 52 of 155]
23.9699286033 25.704522333 23.224497085 25.0134997465 26.0084177697 26.1936998623 25.5027855757 23.428947225 26.0271908121 25.334922152 24.6727696652 23.9675123797 26.4097468048 24.3942451608 23.1134512908 25.4333283138 25.1021929923 23.2627850215 24.8325515191 23.1419771296 23.003452355 25.1555943949 26.5665266409 23.3661336497 25.9767988419 25.475947396 23.2811601199 23.7383781763 25.2011042803 23.5538538341 25.6066805649 23.2502693052 25.7118009719 24.477273805 26.2782344386 23.2236028314 24.3391502965 25.0406718924 26.9708518361 27.0277357721 23.7830761306 23.2999813261 24.0949020246 27.0572515542 24.5694916417 24.6219760838 25.4534936342 23.1282360637 23.5800757424 26.1086249081 25.3186093704 23.7971706915 25.6303992184
23.764280469 26.3861048262 24.1487245724 25.4986268968 23.4286545047 23.3574250551 24.9204813895 25.7355313438 23.7554568788 25.8644641049 23.3489379408 26.4403745125 26.5105084869 25.4661989923 23.6949892627 24.261768211 24.7551717346 26.8249176578 26.5749589851 25.6757034868 26.3717019319 23.6807177272 25.3391131357 27.2023291924 26.4102776335 25.3478799022 26.6887683073 25.4630775793 24.7312402746 25.6085333797 23.6616809503 26.2273991423 23.5742666326 26.9392135011 24.8365269711 25.3810418443 26.58305226 26.2482440881 26.1343501787 25.3411005103 25.7171982653 26.3985183805 23.9829359175 27.0396327334 23.9394350336 27.1775445997 23.6580843522 24.694330305 24.5493737478 23.7252546358 25.8583253444 24.2162683601 25.7545773331
25.7914821741 23.5917342032 23.2593569336 23.153195446 24.716233304 24.8058536251 23.7739218622 24.4030579676 24.1916567267 26.5831074943 25.5520713998 25.9646583848 24.9656487767 25.1182457453 25.1447447091 23.6825478456 26.7712776198 25.7127155948 26.3000681929 24.9601179645 23.5952498336 25.4112494643 26.8518853747 23.2928514364 23.0855394308 24.4349713237 23.694472571 25.0430191884 25.98126571 25.5366262893 27.1914945364 23.9374619021 23.7847039219 23.1232497474 24.6581000144 25.4067195199 25.81234456 23.1619046776 23.1852332198 25.2375127032 25.7785753779 23.8322675639 23.9601402309 23.721522477 26.6755415624 24.1320748192 23.5366570839 23.0062082991 23.0541517791 23.846348511 23.4599648845 23.8102459192 23.4357616392
24.4439413416 25.6125288378 24.6465404831 25.0651670714 26.8697992327 24.6712786835 25.2414249569 26.8836654523 24.8791369587 23.441633267 25.1201159879 25.434804213 25.0097543618 26.4140823442 24.4257299556 27.1229739827 27.0219939964 26.682338289 24.6161072403 26.5072167924 23.958868286 23.2307234632 26.8907293473 25.6711219922 24.5713972223 23.6518172987 25.6213963265 27.01008281 23.5441510609 23.2088030598 24.0342593099 26.7991237111 24.5009781655 26.4399092979 23.5961649733 25.4968788839 25.6295958486 24.7517076073 27.0920918128 25.5824484546 26.5285504002 23.1776805014 27.1923987114 23.1124691927 26.035997743 23.4938512091 24.8808533818 23.0041540997 26.2768927198 23.1166177818 27.1152384205 26.9709352626 23.6664890429
26.8452432159 24.9178116641 24.5878972143 26.7570568234 26.2801146273 26.5197593411 24.1944623032 24.4300620301 25.1168134723 23.8671536917 23.7696278123 23.4940150091 25.0060860886 24.77442623 26.875017267 27.0966681956 25.3165842483 25.7610029089 24.729166626 25.6468136795 24.1582103033 25.6354494099 25.1094706547 23.9969827112 24.3435769507 26.9751102792 23.9747886137 27.1973564258 26.6542609862 26.5233603959 25.6095835586 24.8801248635 23.978073407 25.7706490364 24.6405947202 26.839679591 23.8138708532 23.4799403314 26.020879869 24.0737147282 26.6485437053 23.2694985945 24.3439660452 26.1088864097 25.0380225672 26.3851476855 25.5030061194 25.9393759067 23.7035916113 24.6118357147 23.6134823664 26.8733374379 23.9237284344
25.4185515851 25.4664817155 26.1750243201 23.517663799 23.0500869845 26.5906115431 25.1040226441 25.8047899451 23.2381232288 23.3175012583 24.0560458678 24.8080314296 26.7062853567 24.8578410399 23.2316270866 26.7790639604 27.2366258188 25.9444335246 23.3353478645 24.5315072747 24.2936935993 27.1104898082 23.6628260763 23.6190536058 25.0645636606 23.9883522879 25.5796515553 26.3956661326 24.8460860879 23.6523068693 25.653569564 24.6866240952 24.5646738234 26.9269024514 23.6753709979 25.1057679001 26.0324130771 24.8084724851 27.1412921677 26.1655911528 23.7997625517 23.0748312058 26.9219940976 25.9551035418 25.6674876544 27.2146964736 26.2128927726 23.1370751642 23.0309467178 24.9025795525 26.6692873612 26.9502368853 26.4532172974
25.2688899295 26.9512147745 24.1830635975 23.1753388653 25.3160072035 23.2250471978 24.262489252 25.942439366 23.0769503655 23.360295268 23.9828251204 25.7859222384 25.9308818476 23.6280306177 26.0684491528 24.9790776305 24.7128772344 23.6375277562 24.6437655495 25.9113663035 23.3721566146 25.6500307756 24.6159735737 24.1856901927 25.5031960591 24.9323536775 26.1710745322 26.1618196919 25.2845563222 24.012028406 25.4882520789 24.5987638236 23.7535344086 26.085964011 23.2343878086 27.2266385269 25.594928118 25.7222167029 24.9479628383 25.2715693818 25.6972597303 24.5322898018 25.910028958 27.0673978128 23.1034365749 25.2634012273 23.5871994617 26.0763253106 26.7133358613 23.7296262349 25.180534245 24.9767364244 23.5970452329
25.248513979 25.4098748817 25.895249691 25.6694716352 24.3874269455 26.5376499154 26.710664043 25.4515934919 26.7940173228 23.9195325484 26.7300098565 26.8356207643 26.0234491252 25.5678024896 25.9344237698 25.8328391689 25.3233440119 23.6410145497 26.9076141936 23.4256493807 23.8142507652 23.2455053049 23.5784466795 24.2762068737 26.0384320399 25.1842856266 24.8658093479 25.6208081793 23.6758708648 24.2152880837 25.0934383376 26.2359872254 23.2789899325 26.4763499823 25.1316753351 24.2407460948 24.544627482 24.6378454597 23.1737398379 26.7679633068 24.2275120379 23.8520660746 25.5293800603 25.7792395605 24.8333357242 23.4674936427 25.2404978128 25.9699607279 24.6565418339 24.8533216971 27.1249639022 25.9056411769 25.8790153762
24.7415759661 26.1684240563 23.9753526177 26.6904184107 23.052910659 23.6553321298 23.736014193 23.4996546888 23.6055345416 25.690443415 25.2329806092 24.8607058519 26.8335207917 23.0324172174 24.8295825308 26.740678644 23.4288214012 23.5378523929 23.4064312858 24.2548898727 26.3281141487 25.8711549578 26.735970047 25.5220794934 26.6228234163 26.8360699542 24.47041696 23.0920380485 26.0075477082 25.8392520386 27.0195073736 25.2127517267 26.0243470475 23.655710259 24.4124260521 26.2313715954 24.6396008558 24.402132891 25.1354335639 23.9694085452 23.39552142 23.4898108262 25.5698499178 26.9526427049 25.5451540784 23.7351664121 26.8570207231 24.4663306923 24.1030699467 26.714873923 23.007001765 26.0389482355 23.5339810509
24.200596817 25.3583824768 26.7810867493 25.047118569 25.424732235 24.9116890095 25.4589396576 26.6924025205 25.9875272052 23.4812414848 25.2738669496 23.2628752763 24.6595061032 24.4926576206 24.2921386429 26.1938008132 25.5203273152 25.2057853564 25.8446255113 24.1032700069 24.9276147789 24.9481725974 24.9301883015 25.5602336857 24.1125193556 23.7753911943 25.786384491 27.0747784423 24.3810155349 26.9808004853 25.2365984062 24.3074005842 25.1154158602 25.1093688413 27.1094170191 26.2808019109 26.5450520521 23.2528140123 25.4296375932 24.4949651917 25.4321001106 23.1253582731 26.1488309307 25.6342259513 25.9166437723 24.0681396072 26.227643292 23.0724383618 24.6324093794 25.4149717825 26.1194899639 23.7487082917 27.2149722777
27.1963821398 26.6910976572 27.209492703 26.1543338292 25.1615963054 26.4326351584 27.2189382436 26.8606065129 24.8227830032 23.1774226407 23.1980008291 25.7025177712 24.251116484 26.9519465527 23.5418366591 23.0867047755 25.7572477376 27.0557638793 23.6587337602 26.101603428 26.0524641482 26.4856064286 24.6453241744 26.1049015021 24.8661038501 25.4426141079 26.3781340647 26.4413712203 25.0349817282 24.0395753059 26.831416571 26.3567987808 25.2870307742 27.1591164262 25.6427798636 25.7481295078 25.1903842269 26.7226183449 23.0166370543 23.1081196617 24.0088869928 23.3723800414 25.4070566417 23.1869059829 25.1318392529 23.416001667 23.7881387435 23.6997576691 23.6611729311 26.7685913535 23.7390077737 23.2151983142 23.8830315922
26.3792819981 24.2997109245 27.1196849039 25.5584088364 23.299741596 24.5887857888 26.1160545677 26.023018346 24.0781431486 24.8445794904 24.0823102748 24.0419480973 25.5942524489 24.9963052392 23.7857513949 23.6470459348 26.8761567725 23.582086084 25.3849908289 24.2668796797 26.6354192011 23.2246357881 26.135419546 25.181487054 23.9004397986 25.3972354192 24.9990772167 23.5899773269 26.933149394 25.2784400446 25.3031052116 23.5488330583 26.3395742171 26.1320497995 23.5926218399 27.1996949983 26.7920563281 26.1629983692 24.8450360593 24.5836353818 24.7711820427 25.5223078919 26.4951910555 23.1833815498 23.928736758 26.8015189201 26.8777922272 26.3431386862 27.0368639896 27.1755218796 25.8590404352 24.093069738 26.5815412726
26.1812074458 23.791290271 24.158840799 23.2512148653 26.6841537871 25.4334477504 24.7881089102 23.310497666 26.8990888486 26.4833074492 26.4708043027 23.8570515788 25.256356287 25.6002080244 23.8117106601 26.404255058 23.0996188317 25.2059131109 23.8555227795 25.2267096794 24.3936678344 23.369280779 25.3602509988 26.9978126346 24.2793908273 26.3654633087 23.8645636542 24.9225939649 26.17862423 23.9017113684 25.6682286082 25.9752920253 23.1954900758 25.801817736 25.4492769054 24.4528020583 25.0883919096 24.6352382287 24.0755267504 27.0753451876 23.0470920952 23.0923737173 26.9079933872 26.6338479756 26.3818451743 23.8525843093 25.9555740687 25.9625458885 23.3371638254 25.6904881983 25.7883289132 25.3999052675 23.4508414884
24.1782456659 26.1842527995 24.1921165633 24.3506976266 25.9818545493 23.0068359821 23.3292386157 26.0363024801 25.8199137948 26.5301061697 23.2585524653 24.979976219 24.2648266774 24.5948480847 23.9317902435 25.8831572797 26.3603003709 26.6309457849 26.7767410333 25.2326843489 24.9826420137 25.9178269552 23.4821350475 26.3072843876 24.2656141479 23.6409441397 23.6488582888 24.7812993614 26.0320049661 27.2290120398 25.9013032548 25.5847406352 26.590930741 23.7276134872 23.2294992727 26.2520309916 24.624574553 24.6252740122 25.5898262814 23.4897084522 25.7530853616 25.5674094707 26.6321612366 23.5174004893 27.0216744083 25.5759201798 25.7943837981 25.9101882382 26.911793957 24.8928816961 27.1109192919 24.9362196421 24.2470853366
27.2141508825 24.9839728526 24.7157804275 24.321950445 25.481768337 23.4929396865 23.3153266983 26.9439423571 23.0352243755 26.5066372819 23.3045231758 26.3616417868 25.8302373366 26.4614621074 23.5571197317 24.7268621476 25.9625510653 26.475347437 25.8350052463 27.1109187267 26.2811360497 26.4879278617 23.4989281962 26.8564535968 26.3798539184 26.5608161755 23.820637785 23.6458802198 26.7285093573 26.6713522967 27.2312131857 27.0762824687 26.192111893 24.4579812975 26.4967473093 24.7485034108 24.7312497974 26.6396589245 23.6446269743 26.1200678505 24.4543930369 24.5733683012 26.3716963125 23.3373888041 23.8490851942 24.0499041298 24.896815703 23.8584701115 25.9382788576 23.827298157 23.348803256 26.8034692587 23.5444760943
26.8614556808 24.935442234 23.1063200586 26.6862048304 25.2386811238 25.1175170486 25.5781095712 25.7026733332 24.9719663546 23.039328949 26.3387334703 25.7836583534 24.3926255182 23.7663868401 26.2773468906 24.3755501924 24.4866410473 23.7454919831 23.6655056032 23.0700566136 25.1263956471 23.6615233375 23.1195497313 27.0125039567 26.4762919841 26.3520697999 26.2890135825 23.0603018169 25.9334265667 25.2825476562 23.4336579935 26.7203862436 24.226008506 25.1152481634 23.9274143765 25.1243779089 23.2573861738 25.0553015786 26.6903075608 24.1938126252 25.9774576323 26.7372749685 25.2540609459 26.78896303 24.6843833774 26.4040941124 26.6990986446 26.5551732288 27.2002675679 24.4888113402 24.0505472603 26.3082337373 26.1611107221
25.9349535859 23.6322156109 23.7625542555 24.6131302733 25.6544282672 27.104076715 25.3331873463 23.5913198803 26.6230338538 25.3065915175 27.2238355029 27.0201562086 24.2465620004 24.1934757022 25.6284016936 24.8161860253 27.0597173829 26.8068411469 24.6375441506 25.3726079274 25.3289769577 26.6731577019 24.6304786811 23.6524910841 26.4830832209 26.5414402845 26.0878528302 27.1342766642 23.32523653 23.621343597 24.7807102394 26.467285013 25.2662720778 25.7699858981 25.8352862137 24.8322611057 25.203943108 24.1103206272 23.0456999859 23.4402829561 26.5763704449 25.600803124 25.3632307868 23.3379224929 23.1174445976 23.0194530434 26.6342863405 26.9605238728 25.7649220121 26.8379853268 24.1294479339 25.0800922543 26.7670174568
23.1798767146 25.2420884959 24.4579324867 24.5462675259 24.0711313012 23.5103934719 25.8104309718 26.7200639544 24.4496869513 25.0715238282 26.7202104891 23.1135366166 24.5696141746 25.8934054775 24.3092989458 24.3013376643 26.5072208684 23.544758888 25.1812859981 23.7153690024 23.0828983913 23.1615883076 23.435055914 26.5462953686 26.8931974962 24.6936161603 25.1340664382 25.5310273717 25.1026498741 23.5461520789 26.7386413394 24.3184440012 26.5523481403 23.5340754308 26.0977450061 23.2731810563 24.8109245041 26.5604393993 23.5163085579 25.593754369 26.2240896879 27.1111499147 23.2317373704 25.9074534927 24.8409851947 26.1437365919 26.761246639 27.1733279822 24.6577787478 25.8319469093 23.5965851381 26.1747482226 26.6540472853
25.0828274295 27.2384588667 23.3126540401 26.6982017841 26.1261614146 25.8851189709 24.2554599708 24.5150017978 23.6132651184 26.1092265628 26.5595397073 26.4959624997 23.7352212556 23.6569381036 23.0015787061 26.0452731725 24.2919476327 23.725852904 24.1282575638 23.8764053717 26.8399207452 25.9882849919 25.5810120751 25.9059271922 23.8458070404 24.0525860435 27.2015556408 23.1180917449 24.7001626563 26.4395890394 25.6753725381 27.2314455227 23.7046513701 24.3555375952 26.0800170435 26.106963149 23.6646588647 23.6858500493 26.2555350739 25.2191005497 23.4729777952 27.1114668193 24.5274660309 25.8580024545 27.0543128577 27.0629924948 26.7907801746 25.8995399528 25.1023009569 23.1092195754 27.0570829559 23.5964520186 25.3621775016
26.7789395744 27.1371360248 25.9246695823 24.2912329252 24.2909074464 23.4868049223 23.900191819 24.4785971021 27.1320832145 26.0665431427 26.358366672 23.2236537612 23.3072011158 24.3861593883 26.349480552 25.7404224445 25.3549552605 25.265443313 23.8023379628 25.6628793193 25.5648944898 26.2455976067 25.5086079338 23.2593181686 24.0232179051 26.0046437389 27.083217854 26.094152844 24.7776634957 26.6946676774 26.9001423333 25.9708283719 23.26537883 25.5039332505 23.2946343084 26.0402514424 23.2850686916 24.840292098 26.1143085655 25.7576930641 26.0934623147 24.4664872389 25.4159833956 24.437379022 26.1495315594 23.1385916932 24.5107643497 26.8219341258 26.7502018355 26.1789396587 23.631373134 23.1827974925 24.1903562592
26.6626894082 24.9035431298 23.7647292205 26.4277072228 27.0425191423 26.5132475946 25.4232415848 25.6501581481 25.4220070585 26.1315006631 26.9327622952 24.3451813053 27.2133344844 24.7748166346 25.3876766399 23.6069127907 24.2457988379 26.333903537 26.0081972777 24.2596836368 24.1269992494 26.1750925129 23.2747574339 27.0403730433 26.1040744999 25.0217244291 26.1198093821 66.1165992186 66.1165992186 23.3097015884 23.809806535 24.3307921463 26.9634788466 23.4290163558 25.2552357511 24.3227775938 25.7427371743 23.261042026 25.8226710108 24.1411915434 23.1431785135 27.0048385391 26.0603760185 25.1012083363 25.8447828068 25.6733001287 23.2612168229 24.0794310971 23.9828373552 24.9059952053 25.5958227183 23.6560671802 23.9749802564
23.4961971413 23.0161055776 23.0132011825 23.9228961198 24.9701107351 25.239731194 24.4006623499 25.4855969066 24.2377473629 25.1580526187 25.4298157858 24.0108109622 24.6427074509 26.3087470807 23.8459874392 25.8435394027 24.6404832341 26.0691834224 24.6519233316 25.2544678454 25.0334297093 26.524712799 25.9051118384 26.1779839472 25.0302139818 25.5911415867 66.1165992186 66.1165992186 66.1165992186 23.6340724162 26.9263603881 25.7406991985 24.3868109968 26.8893412877 26.4309852412 26.5512201812 26.1794251729 25.0006997293 26.9823536411 24.7816341014 23.4691764085 25.2881067705 25.7412813299 24.2877579296 24.3248912224 25.5648226422 23.3032409539 23.9866294158 25.7333485697 25.5178986273 25.701286701 23.9401188359 25.7808748406
24.7793911311 23.9681840068 27.0729003077 26.4509343721 26.979769895 26.6494234003 25.7144565555 25.4367087765 26.1300011408 24.0200647206 26.2300795123 25.0669474271 26.3636304207 26.2019731079 24.2562588487 25.8628255544 25.2901912841 25.2360855165 27.0677543897 24.7337234686 23.5602624976 25.2035326005 25.0774239131 27.1992801625 26.3411729949 23.8601805046 27.2100642355 66.1165992186 27.1071555187 23.8052600664 24.8638316925 24.7591245641 27.0813553118 26.5333480033 23.3815911786 26.4271212654 24.2220738581 26.6077258048 27.1400268994 27.1583653249 23.5915478578 27.0438887088 24.3165376847 24.3974960259 25.1252304839 24.7095882007 26.1138758773 23.2468345392 25.417476874 27.2044905214 23.3057067993 23.3122281692 23.5033724167
