Spatial_Output/90% DEC/90DEC_0994.asc
NCOLS 155
NROWS 192
XLLCORNER 196769.923733
YLLCORNER 449719.875193
CELLSIZE 27.603701
NODATA_VALUE NaN
[rows 115 to 137 of 192, columns 0 to 52 of 155]
0 0 0 0 0 0 0 0 0 0 0 0 0 0 0 0 0 0 0 0 23.6834165633 24.9156425313 25.2768328991 24.4269512395 23.7503531144 25.5705143184 25.5743560689 24.1312096591 24.8097055201 23.7562272162 24.2409638123 24.5463297859 23.5824155873 25.1515270282 24.6830141965 24.8622053573 24.433699016 23.9283625515 24.2172549603 25.0653507485 23.576866241 23.6719013826 23.6432789173 24.9757290221 24.3311566876 25.588904208 24.1081431651 24.0016816049 25.2568323883 24.3059751065 24.0867402448 24.7961009963 24.6545116254
0 0 0 0 0 0 0 0 0 0 0 0 0 0 0 0 0 0 0 0 25.4046695559 25.4284677499 24.7492266013 25.598361447 24.3320479176 24.3541302938 25.1607611536 24.440737042 25.3786974584 23.5451761175 25.3011266131 25.4072434581 25.0870631576 23.7482992312 24.2564803646 24.922119332 23.7068468331 24.5239576826 25.2132498827 24.9400946958 24.601753218 24.0776004191 24.4599632055 23.9295352814 24.4610687541 23.6135607026 24.5789486804 23.6189345288 24.6849033297 25.4531292677 24.3250937973 25.4528246838 24.13620129
0 0 0 0 0 0 0 0 0 0 0 0 0 0 0 0 0 0 0 0 0 23.6653652468 25.4131579474 24.0153167694 25.0683185804 25.0657820305 25.2056528271 24.1936806744 24.5261077179 25.3729137808 24.2514325764 24.8444118305 23.8660829711 24.73842531 24.5261464394 24.7657171801 24.0478393822 24.4326115833 24.8648248191 23.5091163986 25.1469217318 23.8334328002 24.643292265 24.8981244947 25.480882689 25.014092246 24.1340255724 24.5632565188 23.6391626662 24.6876040943 24.1742065756 24.8310804558 25.528412571
0 0 0 0 0 0 0 0 0 0 0 0 0 0 0 0 0 0 0 0 0 24.5284795633 24.2803290671 24.187374293 24.9946772184 24.5073232752 23.6381372739 25.325761846 25.3501470922 23.577243553 23.874026844 24.3974781467 24.7818284089 25.0638659585 24.9662991067 23.5738450725 23.8941389215 25.4030792193 24.4691041516 23.7299525421 24.3180854412 25.1018858018 25.4450029891 25.3908486307 23.7763780753 25.2884472693 23.9009923034 24.4844090898 23.5411308721 25.2842797119 25.3619084263 25.5310395043 23.5015959794
0 0 0 0 0 0 0 0 0 0 0 0 0 0 0 0 0 0 0 0 0 0 23.5816678101 23.7425140311 23.65787983 25.1028917536 23.8571852394 25.2079230264 25.4911556901 24.3603917081 24.850962716 25.04524627 24.463676737 24.8516685561 25.3583748063 24.544212239 24.4103952877 24.1822465299 25.1528984134 24.3776593417 24.0786328664 25.0787340301 24.6294680176 24.1712816773 24.6566419268 24.4260255268 24.6137738118 25.5193072511 24.5528682813 25.3150191322 24.3594045552 23.9290616169 23.9888146915
0 0 0 0 0 0 0 0 0 0 0 0 0 0 0 0 0 0 0 0 0 0 23.6003279779 23.6696799864 25.2114124284 25.0877503287 25.4996180354 24.5953980133 25.0189827775 23.9981303334 24.0388896582 25.0690286584 25.6157490746 23.7132560322 23.8643095632 25.226678241 24.1794068971 24.9403528538 24.7775206195 23.5839360887 25.5543382491 23.8266176392 24.2051669056 23.695309703 25.3788872661 25.5084344881 24.9461865173 24.1932130248 25.2151479809 24.6634382656 24.5218886918 24.6498539611 24.5194710828
0 0 0 0 0 0 0 0 0 0 0 0 0 0 0 0 0 0 0 0 0 0 0 24.6782078316 24.2150610504 25.4851520654 24.8357495523 25.5376438041 24.8322081815 25.4025755125 24.8084006912 23.6967507407 23.9975417704 24.0997929076 24.151557789 24.7311914978 24.2230248685 24.6653994673 24.3462000184 24.614606959 25.0069762194 24.6086338559 24.4471294591 24.3692187754 23.877764749 23.5816177415 25.0321753127 25.6096515111 24.4734494854 24.6323858502 24.7296746251 24.4515787765 24.1862144308
0 0 0 0 0 0 0 0 0 0 0 0 0 0 0 0 0 0 0 0 0 0 0 0 25.3122575539 25.35963653 24.9586292905 25.5997190782 25.4427095586 24.7050543306 24.9707023121 25.1112537754 24.0601193784 23.8095731023 25.0442225661 24.2053443766 23.531000079 24.3770433351 24.3500614047 24.8115639258 24.4339184128 24.3937336695 23.6568979356 23.7861966224 24.3260676171 24.0591183133 24.5397161473 23.6851668565 24.1820934971 23.7728397367 24.0580599998 23.6620128133 23.6009894473
0 0 0 0 0 0 0 0 0 0 0 0 0 0 0 0 0 0 0 0 0 0 0 0 25.089833987 24.1460156619 23.8070292823 24.0418741095 24.110469241 25.5848233888 23.6315986644 25.5076895137 24.3663593871 24.4621657863 23.5538216099 23.9801118966 25.3754315914 23.6359452367 23.7126752584 24.2515105018 23.5460844139 25.0918780734 24.5008480743 23.5401302824 24.0848117421 25.3161445004 24.8282139123 23.6604291451 24.724337461 25.3243204199 25.5267135447 25.3183770461 24.3987945451
0 0 0 0 0 0 0 0 0 0 0 0 0 0 0 0 0 0 0 0 0 0 0 0 0 23.6031062566 24.807877065 25.5043080789 23.9381078418 23.5635696343 24.9411817863 24.6049908691 23.673403083 24.8230092821 25.5622455542 24.9070567324 23.5993948451 25.6148323552 24.7222019017 24.7768125796 24.1054075282 24.6363240339 25.582629494 23.5326931998 25.1957903943 24.6099269975 23.6100753663 23.7741354174 25.529252754 24.0372537834 24.8801163594 24.3776587217 23.8733473592
0 0 0 0 0 0 0 0 0 0 0 0 0 0 0 0 0 0 0 0 0 0 0 0 0 24.4937153026 25.346180022 25.3614307184 24.2695813496 25.267162253 23.5207387714 24.1686467173 24.4318142901 24.6423965238 24.9721071693 23.8045190044 24.7962797934 23.6636910651 24.4241479861 25.4930646329 25.0241644115 24.0660377301 23.8259222628 24.677420198 25.1235251441 24.1030391662 24.8024580958 24.6202663414 23.5230504948 24.5859722137 25.6036995825 24.7102818525 25.2352015229
0 0 0 0 0 0 0 0 0 0 0 0 0 0 0 0 0 0 0 0 0 0 0 0 0 0 24.8737988808 25.1371834986 24.155820305 25.5422268826 24.9588600888 24.9163952043 25.1565617826 24.8898022456 24.5461059032 24.1878334987 25.2535667979 25.0162609586 23.8718405314 24.663562526 24.5133243419 25.1224883454 25.5437014812 25.2539414242 25.2057528591 24.0198950764 25.2270785034 23.6932488592 24.5602554903 25.4418643066 25.0569091649 23.7054269795 23.5853053702
0 0 0 0 0 0 0 0 0 0 0 0 0 0 0 0 0 0 0 0 0 0 0 0 0 0 24.1007511595 25.1639676449 25.2019023876 25.5620840521 23.6404378178 23.9989307488 24.5581268456 24.1682463405 24.6836867645 25.4833436914 24.8149307994 24.9317761961 25.5678155492 24.1469751291 25.1415240161 24.8805839262 25.174068328 25.2628997992 25.26256904 24.2998948544 25.4593890706 24.9348950337 25.5077387768 24.1718912794 24.322099076 24.6721084568 24.7163729794
0 0 0 0 0 0 0 0 0 0 0 0 0 0 0 0 0 0 0 0 0 0 0 0 0 68.9900707502 68.9900707502 25.1326177515 25.5076168385 25.2551777833 25.5152824267 23.6135936244 23.6788259534 24.1028179473 24.908220757 23.5388374096 24.4387079582 23.6519048331 24.7026272263 25.4902799599 24.5254618468 25.1181865698 23.620564959 23.8401731237 24.8421881383 23.7021582061 24.2553128725 24.1598322448 24.3831850561 24.7553112644 25.6048967323 24.44863914 24.0441302476
0 0 0 0 0 0 0 0 0 0 0 0 0 0 0 0 0 0 0 0 0 0 0 0 0 68.9900707502 19.3734801949 19.3734801949 25.1363608748 23.5857108775 25.566612763 24.7891681917 23.9166385637 24.4484303321 24.6077491018 23.9260237514 24.4914106227 24.1582503843 24.0439080654 24.1225668018 24.9002111036 23.8916824579 23.7477866331 24.1638284925 25.2936767863 25.3898075927 24.9063900113 25.6108463291 25.2158622958 24.6819708495 23.9529651129 25.4052548359 25.0391817286
0 0 0 0 0 0 0 0 0 0 0 0 0 0 0 0 0 0 0 0 0 0 0 0 0 0 68.9900707502 69.2456416257 24.1840183524 23.5555804085 24.7988608348 25.053552237 24.56300025 23.8252202054 25.0143389826 23.9845920288 23.8692579178 24.8443892519 24.0593814025 24.001350837 24.5898681125 24.9424875046 24.6326877964 24.1648852838 24.7364209161 24.0654075866 24.4019904628 23.6664516364 23.8628106567 24.7074792211 24.0044025012 24.7275481509 25.6198082544
0 0 0 0 0 0 0 0 0 0 0 0 0 0 0 33.447604216 34.3422945929 30.055530513 0 0 0 0 0 0 0 0 0 0 0 24.7624812568 24.2687337287 23.611358912 25.4023651189 23.9580112561 25.6054009489 24.2829110647 23.8196345345 25.447717907 24.8299744686 25.0001452571 24.2466303982 23.7738234497 23.7778319296 24.3801956423 24.4578914732 23.8650099795 23.8051435176 23.7137408774 25.1607579716 23.7993765474 24.8689747858 24.9007668612 24.2134213668
0 0 0 0 0 0 0 0 0 0 0 0 0 0 0 42.0114632202 37.8283018389 42.278503361 0 0 0 0 0 0 0 0 0 0 0 0 23.6918948359 23.9033779762 25.1422159597 24.6990520986 23.8590025974 24.7299705315 24.22965153 24.8527007967 24.5236972738 24.2029090299 23.8666178263 23.8692861945 25.1111908807 24.350742494 23.9904344616 23.9428095394 24.7298321008 24.772183113 24.1271077643 23.6021639332 24.3767942061 25.4767281273 25.5187549585
0 0 0 0 0 0 0 0 0 0 0 0 0 0 0 41.8243344044 32.4189313267 38.0025269321 0 0 0 0 0 0 0 0 0 0 0 0 25.495000695 25.1309514734 24.0539500864 24.4209711449 24.4707996556 24.1210118923 25.5166318658 25.4375962061 24.677672833 24.6354816611 24.3011356755 24.2797509943 24.6711940284 25.1163380816 23.7363811666 24.9110068111 25.3713398554 25.346077119 24.91850826 24.5277340662 25.0858713607 25.145154229 24.8692426088
0 0 0 0 0 0 0 0 0 0 0 0 0 0 0 0 0 0 0 0 0 0 0 0 0 0 0 0 0 0 0 24.7140641419 23.7223084593 25.0202071748 23.776852097 23.7832519615 24.9350906054 24.3661968368 25.0513927319 24.6906326563 25.5778401255 23.6677720645 25.1682817702 25.1892593086 24.7106656982 23.9951220169 24.6626681488 23.7009640594 23.9398940393 23.9678195068 23.7409687176 25.0284908335 25.2760300045
0 0 0 0 0 0 0 0 0 0 0 0 0 0 0 0 0 0 0 0 0 0 0 0 0 0 0 0 0 0 0 0 24.0520705369 24.319233999 24.5191217145 23.8749619553 24.5970906101 25.1786886567 24.1049542137 25.3283731436 24.9686720776 23.6893123007 24.5862993937 24.515494498 24.7691046914 23.9565651989 25.333677752 25.0092470422 25.366632218 23.5333431182 25.3329825039 24.3209561296 25.5541957909
0 0 0 0 0 0 0 0 0 0 0 0 0 0 0 0 0 0 0 0 0 0 0 0 0 0 0 0 0 0 0 0 0 23.6863845579 25.3490382153 24.880076242 25.1611387428 24.6844719184 23.7850999068 25.2494443138 23.5958191757 24.3014451895 23.5338096627 25.1809726938 24.9162131833 25.3611092288 24.0882507288 25.2993711833 23.8471959819 25.0492278044 24.6412957898 25.2218778085 25.0733603017
0 0 0 0 0 0 0 0 0 0 0 0 0 0 0 0 0 0 0 0 0 0 0 0 0 0 0 0 0 0 0 0 0 24.4346214636 23.5279453028 25.5783050407 25.5229768424 24.8098407131 25.3207073611 24.4516129955 24.1945793826 24.5288084809 24.6718359591 24.1071247046 25.1407382485 24.9975340262 25.3294979418 24.1988698001 24.7968992466 25.4125421487 24.9943328432 24.4350855439 24.8800322182
