Spatial_Output/90% DEC/90DEC_0996.asc
NCOLS 155
NROWS 192
XLLCORNER 196769.923733
YLLCORNER 449719.875193
CELLSIZE 27.603701
NODATA_VALUE NaN
[rows 69 to 91 of 192, columns 53 to 105 of 155]
23.5808829916 24.6063320959 24.9138250565 24.5779195314 25.3377096015 23.6017401267 24.2801099273 23.8396265006 23.6795875418 25.398108293 25.1295580607 24.5359633453 25.3359640649 25.0223310309 23.5328099424 25.0544343839 23.5685392705 23.8531703314 24.3334149185 25.5674389641 23.9697489324 24.8665568731 24.5244760121 25.456613962 24.6616171203 24.1798986344 24.2138029491 24.2469018121 24.65241493 25.317624125 24.4838580083 24.4436978187 24.5537291452 24.2319719003 25.6199371614 25.5508455766 25.5343804146 24.6178898907 24.29576612 24.4323958465 24.1454561241 25.2680612238 24.7531212932 24.8575773812 23.7679898917 23.74929372 25.4838740686 24.048326154 24.7857768635 24.2557080075 25.5624669643 24.8357673189 24.0814126925
24.2862640782 25.5227117398 23.9957140005 24.9472505763 24.3822408161 25.3867108162 24.878927914 25.2253419677 24.0317315401 24.4274418589 24.855027855 25.4368410888 24.0329654319 24.2807092147 23.8006431274 25.1540948405 24.9124865406 23.6960129508 24.5804720763 24.7804263599 23.7414643069 25.276434692 23.6616031458 23.7228557893 24.8895303626 23.6375060309 24.4730969532 24.3417126389 25.5971512548 24.1874300175 24.4296968912 25.0065464089 23.622879528 24.6622050821 23.8140032007 23.9391083841 25.2313876517 25.5288692044 24.9490877053 24.3925976587 24.0678714548 24.488454478 24.149142629 23.5738286569 25.5278518174 25.3437088252 24.4959313039 24.5181843842 23.6822832993 23.9333589831 25.5099833708 23.5522661856 25.5848278276
25.4492044336 25.3892870482 23.7233502505 25.2639988483 24.2948173622 25.5236440977 24.9907134286 24.5952498452 25.1373247488 23.7813433302 24.4984089432 25.2875761732 24.2782299587 25.3930675873 24.8266286174 25.113246593 25.0532087533 25.1732994984 25.4848637254 24.4134746953 25.4084419137 25.5741951741 24.1102322092 24.0308413479 25.4955014483 25.2301992617 24.4443903424 23.6101415598 24.1923100826 25.2537157269 25.4872464838 24.0844698472 23.7174380753 23.6572920763 23.6529937143 24.5689192324 25.35637515 23.9651177073 24.6748393174 23.7234473459 24.0602332862 25.5834431817 25.5671042282 25.591299196 23.9435990949 23.9395599701 25.39490702 24.384921344 23.705553575 24.7609444666 24.9257591566 24.1912599131 23.5230166095
25.0502661614 25.0149031032 24.7737251855 24.2838695558 24.7434410977 25.5245319192 24.5455941165 25.5406181947 24.5978111522 25.157533531 24.0095991352 24.8808561577 23.7600249212 24.6480046432 24.9524139119 24.6218041663 25.597323839 24.7542051342 25.0903830917 24.3104814046 24.8373816712 24.5969246311 25.237971609 24.9193427303 24.9796198582 24.1584433033 25.223595384 25.0264326858 24.8421056709 24.2390443573 24.9684862287 23.8431195512 24.1435501734 25.2913315769 24.2012835752 25.0216759445 23.820133287 25.2273338011 23.868728284 23.6891058912 24.9300292469 23.5023625176 24.4164427566 25.2093959891 24.1634307113 24.5196383768 24.2793835053 24.3041049281 24.137439606 23.8020185188 23.7523826138 24.8512181302 24.0455606001
25.4304188041 23.8164551037 25.1562294764 24.0013095073 24.1001950224 24.9479797904 24.4610967541 24.2934733713 24.4747352941 24.7442020897 25.130085793 24.2849172127 25.3206723988 24.3409506318 25.4928331057 24.5839195443 25.0512034784 25.4368454539 25.1168183601 24.4424703661 25.1796151989 24.2433203763 25.4832592771 24.3489024422 25.5450318482 25.489808296 23.7935733008 24.8247293845 24.3004789678 24.2435787931 25.4714362026 24.028134775 23.5532464183 24.5607590361 24.0319640854 24.2078508926 24.8174711875 23.9679368207 24.037599324 24.1631311293 23.5804291123 24.7919137812 24.1873758807 23.5642270388 25.0090450229 23.9843152651 24.4444626625 23.5419255609 24.377175537 25.2840921287 23.9125410622 25.150721837 25.2288616576
23.6117930099 24.7336949298 24.9843793475 23.7504421458 24.2528274928 23.7316573588 24.5337991399 24.3292824392 23.7123522873 23.7941414288 24.1698569407 24.7669888187 24.8228678301 24.6287379131 24.4061995684 23.5344771416 25.1601231909 25.1367294662 24.2997057498 24.8953086761 25.1434088097 24.4125187326 23.7630224294 24.4058021127 24.2530581945 25.2833866437 23.5968486262 24.6330910065 24.131433191 23.9022967142 25.4584748109 25.4266491295 25.1667856357 25.359587623 24.3976045949 23.9782460019 24.629916049 23.6124796436 25.2759316993 23.9139329594 25.2237400568 24.6859183972 24.5681283552 24.9902438719 25.5287559208 25.3968367069 24.4222225759 25.3697499607 24.7939753689 24.8679141686 24.3292329557 24.9777788149 24.7220260584
24.8884778387 24.1264224188 25.458271997 24.1584483481 23.6919286207 24.8722376365 24.3282518136 24.9281404003 25.0116757875 23.9980718751 23.6308207765 24.924056935 24.2806882412 25.3822312157 25.1373043299 24.2027896566 24.3535257046 23.9665786446 23.5012321394 24.6252740127 24.379390494 25.1720485034 23.5339359841 24.7965793715 23.8867422223 25.1416641783 24.3646774497 25.3176912037 24.7590407143 23.7699450982 23.9369869839 24.7435550956 23.8164172975 24.3262481504 23.7189433527 24.5328204343 24.6221469309 25.4171742417 24.8432516156 25.0685471539 24.4149363968 24.5887514912 24.9352082382 23.7545028179 24.0795628799 23.6524374323 23.6436665916 25.1374182688 24.4392974708 25.5748966609 23.6919882534 24.000741838 23.8999938473
24.8769218867 25.3048401002 25.1568710655 25.5080953223 25.2476122204 24.8725937161 24.6294685009 23.9134497408 23.9993882156 24.8937236043 25.1143773578 24.122724585 24.8820458161 24.3278041844 23.5596150987 24.0836466087 25.2339159817 23.7700771763 25.4215141563 24.9018842917 25.1916042501 25.5211404302 23.6804310532 24.9425920371 24.9144130704 23.8756163025 24.3045196515 24.985800336 24.2210259455 25.2486150139 24.8414309546 23.6859378455 24.2284528008 24.3188206542 23.5940022089 24.4271240542 24.8796775391 24.2958976036 25.4641430654 24.4429224793 23.6101913465 24.3946761988 24.5712605951 24.0974223973 24.6571028295 24.7085886534 24.7919037854 23.5715154397 25.0945493874 24.7121250982 24.4818892884 24.7390403722 25.3602017361
24.1155761663 24.8795273867 24.2650334169 25.1465796968 25.5229529212 25.5059593995 24.0889431157 24.4341040901 24.1194411687 25.6105046303 23.8146142063 24.6715249719 23.501615137 24.7352872866 24.1035564203 23.9781114146 23.7343822422 24.6349762595 25.6039651876 23.8481347522 25.4691394454 24.9047969064 25.429125802 24.8791101441 23.6543613163 23.9232491953 24.6052753853 24.8589218317 24.6237113812 23.8931266336 24.9657306875 23.8111349862 23.6742222104 25.3827167765 24.111262546 24.8828281185 23.8500008188 25.3883450226 24.7849896006 25.2714552345 24.0748072354 25.2609331814 24.2820675636 25.226142864 24.2322593577 24.1829055073 24.1620393679 25.6132816171 25.2459115451 24.2505704921 25.26023188 24.064168845 25.4843717356
24.2485544182 23.9280881118 25.1649381214 24.5202635004 24.2423016496 23.7742142634 25.4066303222 23.8975107176 25.3215637865 25.2107035115 25.2534175668 24.1381475619 24.7985343967 24.1788425675 24.3506567521 23.971989205 25.2721136226 25.5494119534 24.6874167173 24.5228162401 23.7736313584 23.9185778144 25.4804997782 24.3656538586 24.6199580777 23.6116268691 24.6597350361 23.9583773712 25.5538992188 24.5625940637 24.4088438647 25.0203932188 24.1458824211 25.4209879664 24.3006714448 24.2925665444 23.5473699923 25.6109380127 24.3772997874 25.5033815635 23.6084279009 24.86662357 24.9152915694 24.1881283951 24.4657067379 24.0752210311 23.6861090386 23.5417319467 23.5516435832 24.9278399343 24.0441479995 25.4434185008 25.6021567071
23.9187012474 24.1448482321 23.5680245746 24.0834650795 24.212205124 24.4421932661 24.3035477446 24.9185321955 24.2778566551 24.0985745966 24.2383343035 24.7715749817 25.133657529 24.1113166117 25.2219106439 23.7892711641 23.515903149 24.43078231 25.198905631 25.1804147727 24.4369803593 24.9461320782 24.5701883744 25.4041564557 24.2297282916 24.7232601967 24.3082277619 24.3790254964 24.6302174209 24.3708831197 25.050408971 24.5374525504 25.2661181293 25.4694692921 24.0380175253 24.1087361581 23.6586139413 24.250299268 23.5291390594 23.6254737889 24.7547481492 24.0654157376 24.2951410812 24.4551142331 25.0580660059 23.6944042549 24.3259895461 23.9464888752 24.2446368743 25.569855711 23.9084060752 24.1651315519 25.6012215274
24.0289363253 23.5392316287 23.5125069451 25.1471942914 24.9788098227 24.4727083589 24.2494756606 25.0508819608 24.6723999219 25.2138723577 23.796424114 23.8113499346 24.6005113194 23.6299677075 23.5079934768 23.990796448 24.6915711992 25.3105453621 25.1368421249 25.4232960678 25.2169172411 24.2041669524 25.3906649982 24.1275382749 24.6129697188 24.6019971047 25.0806627722 23.7991567547 23.5710298991 24.130275954 23.5885541387 25.4636507764 25.2600860947 24.0281301893 24.4662452033 25.5966292933 24.6528682657 24.0681805939 24.0252635528 23.5038373856 24.6264276889 24.6589151697 23.767359673 25.2977180085 24.8376068794 24.9723027878 24.6728917114 24.7180773054 23.6071101034 24.2498807241 23.662764489 24.488260294 23.5990196413
24.949696218 25.308724007 25.2908504084 25.595331721 24.4028261733 24.1864199554 25.610165713 24.7753155754 23.6636463253 24.2910230073 25.1506957043 24.531804809 24.9257885327 25.5547843042 25.5583787283 24.5691593046 23.7978514817 25.3117993314 24.2157057312 25.611975692 25.4247167537 24.5924987789 25.5058983444 24.2996048285 25.1013307261 24.148491315 23.9098148616 23.6192548635 24.8888077245 25.5105470115 24.0930671413 23.684815829 24.6205296665 23.6590372186 24.3820374036 24.8783842957 24.4905146442 25.0265404362 25.2723168493 24.4726693391 24.1822542379 24.1864808713 24.2225705479 24.9763988939 24.0916807503 24.9349231871 24.5404167114 25.0782689699 23.8440227417 23.9432660704 24.0337018397 24.0779661966 24.9781521265
23.5446510582 23.79911216 24.1220699988 23.5455215909 25.515461492 24.3099965695 24.3626034366 25.0062674726 24.308237104 24.2989852624 24.4070049352 24.1099375928 23.7114714518 23.6085466938 24.1435452834 23.5916979595 24.8364480594 24.7100508643 24.3131999402 24.5485431281 25.2485384821 23.971885653 24.70741833 24.8338661944 25.5989939777 23.7493413605 24.530910813 24.7986791828 24.6989815095 23.7943024566 24.3937280675 24.294231096 24.7854159489 23.7744865598 24.4941209112 23.8682244901 24.1737950436 25.4115956956 23.7889348649 24.7673658319 23.5377534809 25.355232971 23.8589716624 24.039920002 24.2103822524 24.0881181572 24.7841930638 24.8915269487 25.498453277 24.7891820712 24.3591039292 23.5981242447 25.5923950131
23.5059894081 24.451956565 24.2765882286 25.4332837484 25.0553472102 23.9399997032 24.1938893463 24.8049117316 24.4085726115 23.9984437959 24.0657775345 25.100595615 23.6983592981 25.0300953056 25.4776577426 24.6215263701 23.8107037282 25.5286771923 23.7288135674 25.2951045344 23.6827404599 24.4826839942 24.9112815406 24.5167314123 24.6560111087 23.9217581699 24.846298093 24.4475894097 23.6989104553 24.4144187625 24.7084997976 25.1995128376 25.3498483159 25.527580289 24.9414228022 24.6313701807 25.5810395339 24.9530312886 23.9404759631 25.327615836 24.6324105097 25.1167252621 25.4927616116 24.7260664883 25.1344147929 25.609811045 23.795219611 23.6590005968 24.9588368849 24.6922598642 25.0849076175 25.2034767608 24.8122153377
24.7012931418 25.273776084 23.6385066016 23.9030354033 24.0779892974 25.237339399 23.8976607106 23.6510607132 24.2226563686 25.0383998081 23.9670069923 23.7542306704 24.7505149001 23.7439153052 24.9923412796 23.8902421584 25.0621913674 24.9542179057 25.1945544333 24.3624273985 25.5195669949 25.1320079039 24.3988253568 25.0112708697 24.8570880201 25.1847475311 25.336379903 24.9695164094 24.2573878657 25.1502600361 25.3872291189 25.2047095512 23.9427315574 23.6273123446 24.2345120133 24.153237449 25.0908891306 24.5737985482 25.0612554658 24.9612587325 25.3487427171 24.0086670363 25.4330639683 24.0320795322 23.6014686596 24.2748156951 23.9546381075 23.9868273711 24.7993759324 25.0825989672 24.7853206927 24.2888772691 25.3041928735
23.9627441018 25.2668182391 24.7983552951 24.6092120179 24.1928850738 24.4061362937 25.0632447742 25.4941922356 24.593653661 25.6168564562 24.6907450641 24.8804373442 23.9226404237 24.1004106262 25.0458555196 24.8412404378 25.3412857096 24.217922848 24.5820150204 24.2750685363 25.3266780436 24.4978230553 25.2538581886 24.1039563741 24.6338643067 24.8859914811 23.5620971217 24.8020062623 24.199321939 25.3383328103 24.9557165694 24.928011101 25.3512014129 23.6376858346 25.5419056641 25.1064054307 23.5066805808 25.4019570427 24.1609826564 24.0408575261 24.8174057057 24.8971088062 24.3405290411 24.2696065645 25.332488556 25.0364140926 23.9114688573 23.5220039674 24.2643194886 23.7258587433 24.0095639083 24.8114125742 25.5392677196
25.4312863554 24.0629388934 25.3918202491 24.0918451956 23.86983887 24.097934876 23.5612600582 24.3125426174 23.5443487599 24.1249877921 25.2998903103 24.1787568747 24.9480642769 24.973386152 23.8914909533 23.921521761 23.9707194604 23.6800220363 25.4064972866 24.1036714881 23.7881107133 23.6462998248 25.4226000652 25.5190228142 23.9461861222 23.9728111376 25.0232317935 24.1306969366 24.8734496857 24.0158126362 23.5865355554 24.1014942923 25.2595974363 24.4880787587 24.1537736319 24.384549819 24.2787073115 25.5241174722 24.8530051746 24.9742678804 23.8248351651 24.8570961482 25.1159372649 24.4638582749 23.9436507962 25.3448755781 24.859573312 24.8542752284 23.9915494003 24.406225076 24.029963474 25.6032024926 25.2273224522
24.8580562457 24.283748794 23.8105293005 24.6992736219 24.184198528 24.7115606715 24.6613102871 24.1111492975 25.3425977249 23.6740646806 25.2189352405 24.0668401605 24.1087150421 25.5090379773 24.089740073 24.7133109804 24.0135463754 25.1563590516 24.6663163883 24.5602905444 24.8734540269 24.8323831679 24.6567900262 24.9187590348 23.6761699553 23.662871946 24.2782706543 23.7330749224 24.1775281102 25.5327047999 25.4260465553 24.240180017 24.9231095075 23.8768159319 24.1990602733 24.2782424905 23.962833494 24.5393893122 23.6026386003 24.5043485603 24.3632118599 23.8825265208 25.4168618433 24.9402033559 24.6012426811 24.9209744944 24.3291877672 23.9555640607 24.8141749579 25.1832882376 25.2850591073 24.8709808078 25.1152542356
25.0975411022 25.1245679645 25.1771946719 25.5925490008 25.5809033492 24.5533409868 24.7213586685 24.989364204 24.7953911525 24.3528857387 24.0361729165 24.9433854441 25.150042506 23.6925768635 24.526103383 25.2703020395 24.2263168298 23.8230457509 25.2352245556 25.5971237834 24.5923145837 24.9257993423 25.553345858 23.7709925886 23.8458578716 25.1947224866 24.7129372707 24.4728322776 24.6228352141 23.5551629808 25.2531304387 24.0884683404 25.0942476048 24.0012884012 24.8917016862 25.3447610639 23.591808811 24.000712239 24.7418260098 24.7523264697 24.5984205892 23.5908271316 24.3708448529 24.596297002 24.7408773504 23.8041737719 24.5209977231 24.574502928 24.1439401467 23.8721026331 23.5300601646 24.9064696543 24.2217763082
24.8043160559 25.2001596255 24.2330296611 25.1821058552 23.8994679179 25.255364046 24.8527803861 23.5238768223 24.1688324042 25.6210587256 24.6720086768 24.3638461768 25.3385791835 24.4085388853 24.0969716835 23.562702551 23.5261548713 24.8125221944 23.6433321963 25.150942562 24.7762709535 24.1247706375 24.8633612895 25.1785227602 25.3662216332 25.2028322426 24.6303799982 24.0935493463 24.89868482 24.5285001002 25.4849076694 24.34215932 23.9998010331 25.1155192227 24.6037985213 23.6191548921 25.3221068215 23.5705689215 25.5786016608 23.9233383017 25.5853921199 23.5866338149 24.058510204 24.9461328992 23.786010537 25.4697276615 25.1908369279 24.3065817005 24.1438128079 24.2553925751 23.632451294 25.4312684776 24.2461718543
25.1855938804 25.4028858753 24.9792486205 24.7721951968 24.4707684212 23.5641201749 25.3576931432 23.821399783 23.7160335147 24.7174809663 25.3786392685 25.6112011564 24.3313270029 23.8055608703 23.9611351081 23.5646467786 25.0968527585 25.4227619164 23.8828899618 24.7499439252 25.279895388 25.5348843507 25.2703260801 23.7822159519 23.5567594548 24.5634205922 25.1004437642 25.4259706658 23.6699481336 25.2104042214 25.3124680109 25.5311365675 24.5751889329 24.9058618964 24.2237367779 24.9536988448 23.9181280714 25.2136829796 23.6438358763 24.5054121353 24.7080712857 25.537310483 25.2066113382 24.4492093039 25.5253535825 25.3637085357 24.0614891622 25.6002444696 25.1195469701 25.0258677822 23.7389304772 23.6170743682 25.2167147736
23.6508211527 24.6990608392 23.8138969165 23.9991507881 24.510068916 24.0143693239 24.5337179923 25.4225957443 25.6078462612 25.4700933919 23.9322255317 24.8817946094 23.9284246877 25.280559187 23.5810097397 23.5207636004 24.1283846221 23.7831785221 24.5893118367 25.3580784321 25.2423117428 25.2083411103 24.8075788585 24.1479136379 24.0231588787 24.4993699786 24.5453607241 23.5847673384 23.7975522244 24.4435071212 24.0115743774 24.8089680716 23.5142914438 24.0855334123 24.5704376447 23.7440619231 24.4648919514 24.1664455554 23.7508124555 23.8365171373 25.4408028836 24.002600536 25.2026656672 24.5002302205 24.7013305609 25.5552151332 24.4019046787 25.5045223816 24.8546217383 24.1122893003 24.6170270469 24.869938856 23.6928260208
