Spatial_Output/90% DEC/90DEC_0368.asc
NCOLS 155
NROWS 192
XLLCORNER 196769.923733
YLLCORNER 449719.875193
CELLSIZE 27.603701
NODATA_VALUE NaN
[rows 0 to 22 of 192, columns 53 to 105 of 155]
33.5662214326 33.752033692 32.3569280873 34.187493509 34.4891775734 33.7413090712 33.4833616422 68.1168407136 66.3096089284 58.7023218459 34.1347557368 0 0 0 0 0 0 0 0 0 0 0 0 0 0 0 0 0 0 0 0 0 0 0 0 0 0 0 0 0 0 0 0 0 0 0 0 0 0 0 0 0 0
31.9759766208 31.7306386556 34.9869327534 32.716194791 34.9204224765 34.0506306799 32.9354742038 69.231067728 60.715487165 58.4209713519 33.2822132417 33.2620995139 0 0 0 0 0 0 0 0 0 0 0 0 0 0 0 0 0 0 0 0 0 0 0 0 0 0 0 0 0 0 0 0 0 0 0 0 0 0 0 0 0
33.3577587708 34.407947748 33.1365222962 31.7596727782 34.7103815257 31.6206037118 33.603225408 55.2583084302 62.8629904957 67.9822469439 33.2981709932 32.3736396672 0 0 0 0 0 0 0 0 0 0 0 0 0 0 0 0 0 0 0 0 0 0 0 0 0 0 0 0 0 0 0 0 0 0 0 0 0 0 0 0 0
31.7714372146 33.5427847582 33.1693427215 34.7155923332 31.7227395721 34.1136730771 31.63994563 34.614293915 34.0470782683 31.7464039624 34.1456496057 34.5650888782 32.3725531314 0 0 0 0 0 0 0 0 0 0 0 0 0 0 0 0 0 0 0 0 0 0 0 0 0 0 0 0 0 0 0 0 0 0 0 0 0 0 0 0
32.3161626535 31.6274214127 33.2279769476 34.5391502767 33.599213648 33.4219887337 32.3640246304 33.2973378818 33.5750297043 34.3711623708 33.1977132714 32.3613059687 32.5273247329 33.1717204623 32.6834834695 0 0 0 0 0 0 0 0 0 0 0 0 0 0 0 0 0 0 0 0 0 0 0 0 0 0 0 0 0 0 0 0 0 0 0 0 0 0
32.7012594467 31.5362614553 32.3660645124 35.0163464573 34.3345228095 32.5089489953 32.2887978693 33.0048392851 34.6059453322 33.6008761808 34.7367045435 32.4149889898 33.8949189593 34.8724712976 34.196550493 34.4553399683 0 0 0 0 0 0 0 0 0 0 0 0 0 0 0 0 0 0 0 0 0 0 0 0 0 0 0 0 0 0 0 0 0 0 0 0 0
34.3101437341 34.6791482734 33.293982128 33.1529225705 31.8335069952 34.7546357209 31.733892143 34.5434554146 33.7514540964 31.5252378065 32.8802080609 33.5888010825 32.2107150431 32.4924774314 34.4856364281 31.807934195 32.1262288713 31.7975741097 0 0 0 0 0 0 0 0 0 0 0 0 0 0 0 0 0 0 0 0 0 0 0 0 0 0 0 0 0 0 0 0 0 0 0
32.716951102 34.430219148 31.6368535361 32.1221942943 33.8328193578 31.9217789777 31.8423636043 31.9846213936 34.4487799907 34.0108452406 34.9328086165 33.9898413659 34.894423752 34.754632743 32.0367792746 32.11422598 33.5943311686 33.6469087057 32.959722044 0 0 0 0 0 0 0 0 0 0 0 0 0 0 0 0 0 0 0 0 0 0 0 0 0 0 0 0 0 0 0 0 0 0
31.9689867803 33.1525009377 33.9026145814 35.0280562925 32.0950398572 32.4875321815 32.0902492902 33.6949214848 32.013064257 33.1006245823 32.1156445276 33.5358929093 33.5072849169 33.1303469301 32.4974049975 32.4480387275 33.5206946432 34.2570157861 32.9257571391 34.1187541439 32.6813728567 0 0 0 0 0 0 0 0 0 0 0 0 0 0 0 0 0 0 0 0 0 0 0 0 0 0 0 0 0 0 0 0
31.6415412284 33.3441497887 31.5939831701 32.7778946927 32.2377916077 34.4213502253 31.9687243001 33.3024977621 33.3005171977 33.0869050339 32.1703366138 34.6737594636 33.9592493576 33.0417171557 34.6976572049 33.3968267178 34.7022147709 34.9317334869 31.9017526615 34.3473796071 32.4125468086 33.6012301717 32.619664658 32.499299586 0 0 0 0 0 0 0 0 0 0 0 0 0 0 0 0 0 0 0 0 0 0 0 0 0 0 0 0 0
31.6521397757 33.1618210811 33.1912285089 31.5924675146 31.9897250481 35.0048558078 33.301097297 34.1853985481 32.1563334447 34.2574584943 33.0780504565 33.0425087569 34.2039027731 32.5504233326 31.5934048321 33.9436721699 31.5883836394 31.5296832128 34.1954614013 33.7706530531 34.8444939803 33.3363561993 33.2414058767 33.3473698302 31.7957124906 32.6317345624 32.5571955705 31.8673764852 32.0388253959 0 0 0 0 0 0 0 0 0 0 0 0 0 0 0 0 0 0 0 34.4547257151 34.4189676244 32.0171108608 32.4144018186 33.1265815334
33.9453949511 33.5393477105 33.3545454866 32.0604917756 32.5182246888 33.7307974756 33.3443069738 33.8974551696 32.4428728775 33.5583286939 34.3885814801 33.6271739414 33.2894561723 33.1597879119 33.5029412697 31.9973734622 32.2052282694 34.1536216667 32.8488494612 34.0968144465 33.1839187846 34.262597519 34.1706718462 33.8749969222 33.3076338043 31.5737928875 33.243605587 34.3688687549 34.2546903259 34.0592571585 33.2816087241 0 0 0 0 0 0 32.0311632048 31.811430227 34.8995691589 34.8883862903 33.9031584205 0 0 0 0 0 0 32.9004181621 35.004171446 35.0320632572 33.93834229 34.3048025341
33.8222575057 33.6320789014 31.9280911674 32.745461007 33.3320186714 33.4889618789 32.5705895163 31.6679187024 33.8375370884 32.3071973065 33.716582128 33.4335756819 31.936759053 33.1231947726 33.2462726843 31.5689118637 33.4850118952 32.8185529013 34.5158889613 31.6268069771 32.9140878449 34.0876758557 33.0827685997 31.5887346044 32.1267237988 35.001159726 32.7407479801 34.8848925468 32.1765473147 32.1674000091 32.6126661607 0 0 0 0 0 0 33.5301335846 32.332664741 32.9813823081 33.3209718149 34.9418886125 31.9644503636 34.8183447218 32.655630072 0 0 32.9145239927 34.1867476434 32.9634325 31.8263221516 34.3188134723 34.7926341324
33.4398136941 31.9468590321 33.1066955875 31.594125736 34.9558775287 33.4727743201 32.6752580387 32.2021505977 32.4812318924 33.9405625267 33.8389895094 34.5578740343 32.7829446378 32.6232162555 32.4752336074 34.1079554986 32.7435686793 34.3143212787 34.9875104184 33.2006195692 32.9421496886 32.5607010054 33.2257865224 34.0442099051 33.0238669729 34.2161014987 34.6730359817 31.5565660568 32.9509471279 31.7756921002 31.7032334934 33.9784513011 34.0131544954 32.1292122423 32.5626657512 33.4164446979 33.1652879154 34.9832532112 32.8573280403 32.3128747635 34.5482656896 34.4410310013 33.443412351 31.5289383343 33.5188736062 34.18059306 33.4284649302 32.6755797296 34.0365627007 34.9358049269 31.5162041685 33.7096868168 34.259165797
33.9013684015 32.5395272496 34.7919415902 33.4984048188 33.9919852237 34.6003034552 33.47669204 32.4250607108 33.9181593916 32.7833370017 34.0632743364 31.7596438573 33.7743336123 32.5328971771 33.5095714847 32.7769024726 33.1426300516 33.0793351299 34.6349536239 34.8633293037 31.8679319433 32.7941574544 31.8470102923 34.0993764167 32.4822562145 33.5765427437 32.0793609401 34.6002434348 31.9497459269 31.6390611992 32.4034467657 34.4718140045 33.3878399772 35.0138055033 33.5042714128 33.4690011427 34.9045332249 33.1925723848 32.7991049548 33.9349636052 31.5786685179 32.2643122276 32.2007929298 34.6076673489 32.0177058507 34.8200359434 32.7184878153 31.9664348811 33.8339439955 33.1531950392 31.9006935168 31.8692036582 33.9554542806
32.0318542078 34.5024420281 31.7016404181 34.7210419919 34.4632382749 33.0647843501 31.5246595894 33.6017235621 32.7989393478 33.2435060835 31.8041613932 32.7127489848 32.0466657749 31.6849892544 34.1629023005 34.9731534408 34.4878489264 33.1947687174 31.7474682167 31.5786578845 33.4340930592 32.8923074099 31.8474745786 32.569701687 31.7619185475 34.0798284101 34.1815517272 33.539334617 34.6614840335 33.4302773766 31.5194028307 32.479503943 33.9478996127 33.8940734237 33.1278679894 32.13524371 31.6192009246 34.7962205338 34.1906799242 31.7998163989 32.7660312798 31.5462186591 32.2948717618 34.3295775813 34.0695072506 32.9805579298 31.8296016911 34.5382938992 32.2840059498 33.6417175369 34.6122039577 32.5471932766 32.2976910506
34.7474996997 33.1392181349 33.1456480292 34.4628070264 33.8826426462 31.9418426166 32.9951167771 32.9763534085 32.6346373718 31.5474002559 33.003662128 32.1210658132 32.7260431731 31.6267626821 33.245380707 31.7859160092 33.25683192 34.7356153717 31.6489174631 31.8699142629 33.3335378282 34.5943174493 31.57763866 33.2973374535 33.176165923 34.2319598179 32.3923381652 34.8777604273 33.8570000261 33.6414297349 31.6132531442 34.6926593302 33.7462837656 34.9199345083 34.5712157133 32.5343145943 33.4512212757 33.9223691184 33.813198052 32.0742264552 32.6050414712 35.0234245167 35.0132598525 32.5361404097 34.9718084654 31.8018428871 33.7258009675 33.7096246194 33.6453087069 32.7219333377 32.4757743416 35.0187302854 33.7861630444
33.0485025011 32.2215458108 31.667175331 32.2059278905 33.926236551 33.6755948543 34.1154270842 32.9230845464 32.7146717697 32.5814886287 34.356428356 34.712614354 34.5737206873 33.5060517055 33.8062594234 34.7937763044 34.530776137 32.995346251 34.2228570871 32.8685793979 32.5890710745 34.7082869731 34.4573059786 33.1016810778 32.6277013837 31.6811334411 33.3234193551 31.931075352 34.2039979846 33.1442409628 31.8792435021 32.7551567062 33.9948134461 31.6697335792 33.2825085912 34.4478807489 33.8041879253 31.61795663 33.076118783 34.5759256549 34.0053186923 34.9504261885 34.4245643494 33.548305826 33.8035826208 32.7723240594 33.8637803858 32.3970289483 33.8889328166 33.3814951076 31.8000308107 33.5041524119 33.6508087996
34.2148103115 34.4415145353 33.7582635762 32.028127169 34.5417502467 34.0182317414 33.849567283 34.7000644533 32.0953378342 32.0283727138 32.9295128325 32.8103874873 32.5092705457 32.2559329338 33.9433038577 33.1604986391 31.6979120888 33.1865457943 31.6604556925 31.6365434286 33.5110963532 34.9064962785 33.9227612232 33.3713141617 34.3105216254 32.6819799121 32.9196922742 34.3809908538 32.085095105 34.607324904 31.6372441174 33.3628642757 31.7963570201 32.074664449 33.8968823445 31.8838979785 32.5059103165 32.0976159841 32.3653456431 32.1818281377 34.6316348776 33.6209784221 32.4255804032 34.9135523748 34.5125340013 33.3113169218 32.8243179242 32.5349253507 31.8108313752 33.2767841702 31.6517966346 32.1770293953 34.7876015982
31.8242026986 34.4499198636 32.1252720259 34.0353532808 34.3553449555 32.5644397037 34.4837365277 34.9659760247 33.4187178575 32.6186855162 32.4490362219 32.7869846666 34.6226306927 34.966812892 33.1300460645 33.253172551 34.326755577 32.1750657031 33.2143064214 34.5536594055 32.8524739366 32.3622682128 33.3458340202 31.6875329922 32.9186461598 34.7051438215 31.5517468253 32.1300607777 32.8702755995 31.5841141677 32.9880999847 34.6858087069 33.3018434942 31.8193148063 34.2344109415 32.6167987538 32.9852587339 31.8777643589 33.3580126273 33.960022502 32.2523557114 32.2129585284 33.4137327947 31.6420528409 32.5528674327 32.9749738819 32.955014816 32.427096332 33.3786108151 32.6573085079 34.7723452739 32.6321973285 32.2016634047
34.8008027387 32.1105476895 32.792593307 33.13057641 32.031347751 33.8377151282 33.6125904064 34.3476291514 33.2351656525 33.3443581327 33.4538926927 32.5043410246 33.5232914915 32.1447365419 31.7411757869 32.6729362193 33.1276011708 32.6209172 34.951742734 34.2045422051 32.6615553242 32.6095421181 34.4365530958 32.4039645224 31.677689228 32.8531727097 34.7589703318 33.2282888895 31.9459003735 34.0483765067 31.8335227915 32.5448097348 32.126203464 34.4626905516 34.4495367018 33.428258038 31.5114397485 33.4242945038 34.0724059903 32.2063152091 33.1390588326 34.9477561993 31.7818249632 33.2037633449 34.5233101177 32.3467053085 33.4337104988 34.5826004752 34.8658079365 32.7550289355 34.7491579055 33.6909027621 31.6933146507
33.681285512 34.6058573047 34.9041622087 34.2844252287 32.9591985472 32.3356937668 32.2915799451 33.1243124632 33.2368251946 34.5183483661 33.5780660193 32.6443938851 32.4564939002 33.8644512982 32.47284307 33.8430024369 32.8338269371 32.2092939574 34.155415658 33.1884034256 32.5875134852 34.1423218097 32.4479593588 33.9796369003 33.5822666837 32.5414138774 32.6325611902 34.3246702652 31.7238068023 33.4757170191 34.8747938873 33.7000518591 33.9791007768 32.0851591209 32.076703879 32.3614276514 33.2607476857 34.976888175 32.8875154459 33.5328466448 32.5222960933 32.3263975053 32.0282204968 32.0024410682 34.7747396841 32.5297770212 34.487673733 31.5062040265 33.4153817356 32.8994515312 32.6974060263 33.0281223419 33.1169777297
34.7297274099 32.8625985831 32.9365150661 34.0845774381 34.1692042397 34.6823417077 32.2828229456 33.111630653 32.6949878456 32.7512387191 32.6000548567 31.7383084417 33.6790522027 34.5325032276 32.0881903768 32.5900268949 33.2554083661 33.3970572272 33.7255890915 34.6930411558 32.0874419747 33.903649829 34.798995389 32.5688085776 32.9875596705 33.4579307601 32.2645534076 32.287229113 34.9182163762 31.9769234822 34.2649523099 31.9176121735 31.7115070702 32.437464682 34.3382324007 34.1732746849 32.4968973668 32.2286238882 33.3266595906 32.5227561389 31.8922799744 31.58067188 34.3566709142 31.8835448387 32.4662054868 34.0354025747 32.247826711 33.2094356543 32.5373403522 31.5066300084 31.9275290964 31.7376936473 33.2364545141
