Spatial_Output/90% DEC/90DEC_1042.asc
NCOLS 155
NROWS 192
XLLCORNER 196769.923733
YLLCORNER 449719.875193
CELLSIZE 27.603701
NODATA_VALUE NaN
[rows 0 to 22 of 192, columns 53 to 105 of 155]
22.5313775717 22.6921279479 23.1238819111 22.6311233878 22.8661776203 23.0187783627 23.0596802351 12.2633789 25.8116475716 10.1020392675 22.8485495531 0 0 0 0 0 0 0 0 0 0 0 0 0 0 0 0 0 0 0 0 0 0 0 0 0 0 0 0 0 0 0 0 0 0 0 0 0 0 0 0 0 0
22.7069148722 23.0041638877 22.5986576935 22.6192840196 23.1753841533 22.6948810926 22.6996085012 26.006658548 23.264292454 25.1095705848 23.1734804748 22.9696680865 0 0 0 0 0 0 0 0 0 0 0 0 0 0 0 0 0 0 0 0 0 0 0 0 0 0 0 0 0 0 0 0 0 0 0 0 0 0 0 0 0
22.7423283738 22.7478812892 22.5577770737 22.8760440929 22.5593789251 22.7926272797 22.5966453678 11.827457696 17.3839979413 27.3355051821 22.8636298014 22.9823771186 0 0 0 0 0 0 0 0 0 0 0 0 0 0 0 0 0 0 0 0 0 0 0 0 0 0 0 0 0 0 0 0 0 0 0 0 0 0 0 0 0
22.5255630462 23.0415339962 22.9233588537 22.7760108147 23.0205752133 23.0242457998 23.1122026384 22.5099354284 23.188455673 22.6058346433 22.5176942697 22.7802072348 22.9925151487 0 0 0 0 0 0 0 0 0 0 0 0 0 0 0 0 0 0 0 0 0 0 0 0 0 0 0 0 0 0 0 0 0 0 0 0 0 0 0 0
22.6736382841 22.5580895901 23.1784322507 22.6684544353 23.0099455813 22.9116339628 22.5455789082 22.9157512905 23.1530723394 22.6853834351 22.6075504479 22.841192117 22.7307414784 22.8116986069 22.6541951208 0 0 0 0 0 0 0 0 0 0 0 0 0 0 0 0 0 0 0 0 0 0 0 0 0 0 0 0 0 0 0 0 0 0 0 0 0 0
22.9165538807 22.6879473906 22.5910579821 22.5328256403 22.9305907438 22.8094659504 22.9127927143 22.5518861758 22.5089778481 23.1945050212 23.1401441341 23.0312087535 22.6070156785 23.151787704 22.9027125974 22.6722130657 0 0 0 0 0 0 0 0 0 0 0 0 0 0 0 0 0 0 0 0 0 0 0 0 0 0 0 0 0 0 0 0 0 0 0 0 0
22.6337334068 22.8044481937 23.0995906165 22.8862234091 22.6167923437 22.9557175176 23.1326958914 22.8774424969 22.6215832818 22.7760999239 22.5501901871 22.8582502043 23.1578328155 23.1061848545 22.8210495036 23.1702759098 22.8906203977 23.0546334402 0 0 0 0 0 0 0 0 0 0 0 0 0 0 0 0 0 0 0 0 0 0 0 0 0 0 0 0 0 0 0 0 0 0 0
22.8237933496 22.7611958344 22.9124002177 22.6622479539 22.9178750308 22.6256009359 22.5944957685 22.7885356247 23.1047652958 23.0955170747 23.1380522318 23.114595988 22.6980490968 23.0972000248 22.9653565574 23.1424942644 22.9387678338 22.9667090415 23.0733726796 0 0 0 0 0 0 0 0 0 0 0 0 0 0 0 0 0 0 0 0 0 0 0 0 0 0 0 0 0 0 0 0 0 0
23.0850513106 22.8001686086 22.5500619575 22.9020398585 22.7241938639 22.9139954485 22.9960745639 22.665462553 22.5632647734 22.6093544819 22.73165612 22.8358627191 22.5720974381 23.154040666 22.7424674115 23.1785608475 23.0782413922 22.9378027402 22.5245772657 22.6545606562 23.093229435 0 0 0 0 0 0 0 0 0 0 0 0 0 0 0 0 0 0 0 0 0 0 0 0 0 0 0 0 0 0 0 0
22.5225297722 23.072520728 22.9233601144 23.1762263674 22.9302832573 22.5236590291 22.5239927717 23.1862392315 22.524225726 22.7267792378 22.880921907 23.1557390467 22.6150223448 23.0016414743 22.7639088576 22.8519906979 22.97511454 22.9657744936 22.6780379453 22.7905247835 23.1166560846 22.7447741536 22.5053264477 22.7004417725 0 0 0 0 0 0 0 0 0 0 0 0 0 0 0 0 0 0 0 0 0 0 0 0 0 0 0 0 0
22.8465740029 23.1811462516 22.9853937018 22.7127992919 23.0596736495 22.5089380196 22.7240889241 22.8864554957 22.7619063253 23.1067922672 22.5968694423 22.8079507046 22.6848453414 22.7319663345 22.6495247532 22.8008313383 22.9625405847 23.10413064 22.6175682657 22.8157575468 23.1390014961 22.5159866409 23.0999683812 22.7370466578 22.6068711465 22.711842906 22.7250689195 22.8588256454 23.0789909385 0 0 0 0 0 0 0 0 0 0 0 0 0 0 0 0 0 0 0 22.8497205084 22.6021116697 22.6204535764 22.9574263715 22.843765177
22.9727088896 23.0140954955 22.6787460288 22.9871637388 22.7015813119 22.7461625143 22.8920175952 23.0123937638 22.9266242744 22.6739279281 22.6741317741 22.9218612026 22.7798922719 22.7472974581 22.7831195027 23.0525889468 22.8087910396 23.0809306756 22.8378735201 22.514479519 22.7768131046 23.0719483364 23.1088787072 23.0687347985 23.0135255127 22.5497680499 22.9701527472 22.6568165672 23.1900139971 22.5690120894 23.0065266473 0 0 0 0 0 0 22.9858559855 23.0639747933 23.0179012341 22.8136138499 22.8757352544 0 0 0 0 0 0 23.0420620866 23.1504250956 22.8728199611 22.7180357324 22.7490713949
22.5787959884 22.8778768021 23.1147742401 22.8864036766 23.0581797865 22.7927639666 22.5883032674 22.5772431141 22.6456016009 22.8994369988 22.7019196774 22.9662446023 23.1949053329 22.8319255825 22.6736397074 23.1359175888 22.8783007446 23.1916166727 23.0823436125 22.5988332626 22.7308372696 22.6454685316 22.9821115048 23.1626153331 22.5391370388 23.1680163838 23.0939703416 22.8855461065 22.7648876658 22.8810883694 22.6114556086 0 0 0 0 0 0 22.8907409477 22.7882073603 23.013652075 22.671747179 22.7611778856 22.5236237889 22.775863149 22.5918735486 0 0 22.5205577202 22.5998479821 22.8490327163 23.1333007819 23.0587619248 22.8049264583
23.048983821 22.7857269121 22.6594902525 23.1598249101 23.1714154987 22.6134646487 23.1966654462 23.0997373262 22.5431803627 22.9297272169 23.0282529823 22.5716774491 22.8681573984 23.1680404659 22.5954685433 23.1859490436 22.7060937991 23.1281455575 22.7098502082 22.8165748332 22.5052616969 22.7836158583 23.1584559874 22.5880993904 22.7946119621 23.0011655412 23.0386789363 22.5743188714 22.5876759334 22.9085703455 22.9573521894 23.0062815896 22.8122936951 22.5056306234 23.1814247054 22.6357223343 22.9708575752 22.8854042607 22.6772609145 22.5163407808 22.8408544994 22.7711703557 23.0985758888 22.9306653315 22.6914171051 23.0202602215 22.985902842 22.9412040202 22.5724262733 22.8234154825 22.5743970282 22.6890368437 23.0389903967
22.8667774514 22.7742951254 22.7343633863 22.8647631492 23.0167187899 22.6386658926 22.9785692486 22.6917325445 22.9553372552 23.1703929366 23.1504080797 22.7324059055 22.5499921783 22.543113323 22.5671645255 23.0758955087 23.0330238618 22.9667939652 22.7206028882 23.2010303351 22.6245305021 22.6007581482 22.9006214014 23.2040574886 23.0383420717 22.9974684819 22.531749978 22.5452657782 22.8587913149 22.7614005 22.9747617605 22.8003897473 22.7010918074 23.1602792474 23.072486074 22.8598919274 22.8147529334 23.0834119482 22.8467104764 22.9758303067 22.7292874958 22.7362390253 22.7742555806 22.9220122151 22.868766729 23.1309023425 23.1878843137 22.5563896914 23.0561696075 22.5604106791 22.5018304043 22.6260846844 23.1155711354
22.5560799822 23.2046908552 22.9722393539 22.751127028 22.8778008796 22.9274466916 22.7337350012 22.9991255445 22.6501273315 22.7317377161 22.7798351287 22.9098355892 22.6911725185 22.980864704 22.5034035591 23.126300342 22.732222981 22.6008599332 22.8529855597 23.0433670919 22.5279505305 22.8432550146 22.989441478 22.9626976723 22.7416712978 22.9386229924 22.8578031938 22.5571074991 22.8895627308 22.9083145162 22.9054105923 22.9143359292 22.7237108548 22.7981583223 23.1168791047 22.7273647832 22.9876079328 22.9483206235 22.8232725981 22.7935848355 22.8076652746 23.1188706666 22.9090001075 22.9148322057 22.5020537161 22.6345694612 22.514793972 23.0138099752 22.6194080252 23.0237924161 22.7412463457 22.6570453048 22.7522127921
22.8211619982 22.8504530508 22.7907570589 22.9631628046 22.7509341418 22.6753020249 22.6100179032 22.5396112973 22.7418372758 22.8679289399 22.9307356926 22.6704555555 22.7428793322 22.6990122402 22.6312429491 23.0976088624 22.7772593208 22.8910115772 22.5096763706 22.5445460335 22.9808098314 22.7565761668 22.8218294764 22.8566284628 22.760243751 22.8075003533 22.5481034633 22.6999895608 23.161974783 23.1348264255 22.9862230702 22.6587854755 22.8532997568 23.0283006119 23.1649907297 22.5147337566 22.9317193755 22.5600860492 22.8591970908 23.0319527586 22.7754155516 23.1306439384 22.765173592 23.0079825785 23.0156200089 22.7423070621 23.0948458717 23.1647263365 22.8179970208 22.6905289412 22.5959648298 22.7401622292 22.796060478
22.5256883455 22.7210713359 23.0395852516 23.1563334918 22.8181928237 22.9951349542 23.0839363992 22.951661343 23.1566188545 22.6496693448 22.8657596227 23.1839474778 22.6054304546 23.0436692661 22.585181511 22.7242242646 23.1608550782 22.6696789206 22.994567951 23.1842990317 22.5840184744 22.6718288131 23.018978728 22.5557359079 22.8323245536 23.0549192352 22.5768041447 22.738502337 22.6908845793 22.556929356 22.8501226841 22.7132278247 22.5850408274 22.6521426495 22.5779208147 23.2065142329 22.6724401443 22.6693000055 22.8810425496 23.1766668477 22.9636438082 23.0647789425 22.8968710874 22.6215094016 23.0315193521 22.9565989947 22.6824268448 22.7234302675 22.9335194142 23.1787611326 22.8052507357 22.9656750763 22.951299537
22.7705957894 22.5989018366 23.1953090686 23.1031733408 22.8876601976 22.8865311241 22.5128012265 22.7364133408 22.6498343446 23.0455662701 22.8777616338 22.5767584921 22.6315156622 22.8663801218 23.1822256639 22.8072782869 22.9404358195 22.994119348 23.0075643694 23.0590857351 22.8261101533 23.1939818427 23.1336938054 23.0980089291 22.8358125922 23.0965861432 23.0952004506 22.9005948452 23.1655250298 22.8270572395 22.6456133039 22.5981654662 23.0794303867 22.5330504972 22.8297379617 22.9088925869 22.5365995791 22.6279564921 22.7121577633 22.8533895717 23.019562281 22.6541891871 22.8051715805 22.9366082064 22.712147218 22.562331439 22.989731555 22.591168335 23.0963337752 22.5321663672 22.9383340863 23.1789348777 22.825911217
22.5724459038 23.1340928879 22.6943099425 23.0666994557 22.8358702119 22.8037098582 22.9773015918 22.840326536 23.1131328683 22.7371062976 22.6916635534 23.0743971765 22.6095393706 22.8419648702 23.0882595708 22.9830578508 22.7927309439 22.9233186484 22.5057462927 23.1313004801 23.0659223508 22.8273104802 23.0377899815 22.9681795204 22.8212542479 22.6255254479 23.0353163449 22.9952668505 22.617629472 22.6222414449 23.044615353 22.5242736814 22.8784170824 22.9655518928 22.5788175657 22.8410422296 22.8598853731 22.9939283861 22.7434738049 23.1546601006 23.0777243105 22.9045332129 23.1366062061 23.1606760052 22.8099321281 22.8363921398 22.7610206524 22.8823777828 22.7035172077 22.8069037772 22.718488679 23.0243570504 22.5565881148
22.6098797572 22.6222553325 22.8744434178 22.8505841816 22.9908065164 23.1683310387 23.1830035984 23.1078188864 23.1195060739 22.7935403133 22.7549010158 22.764457071 23.18345167 22.6202311808 22.6765997396 23.1122009489 23.0805872879 22.9007221698 23.1255458522 22.5315475341 22.8365373934 22.7435339008 23.109272178 22.8751831304 23.0285320592 22.7307266319 22.9520465375 22.734712612 22.6934618444 22.7292551014 23.0665687033 22.8017466855 22.968568605 22.959408794 22.5342830723 22.7619031747 23.1182140488 22.6897191836 22.8740821161 22.9239592081 22.9568364229 22.9370667809 22.7575391353 22.5717043322 22.8842064037 22.768185616 22.5309073269 22.8588663046 23.0747565226 22.712669504 22.7414690075 22.9746866004 22.7650043057
23.0366090262 22.7941171479 22.8016166366 23.201395409 22.5100155513 22.6811599896 22.9720238289 23.2043022547 22.6922011371 23.0032378487 22.8548048765 23.0616722024 23.0436507078 22.8286812595 22.9346651262 22.7152735298 22.5064934386 22.5547647621 22.7097420799 22.7967418038 22.6277137629 22.59817278 22.7866217067 23.1346004732 22.9623673653 22.5859890142 23.0168286548 22.9024340805 23.0166135587 23.0894312589 22.5522388273 23.0204972775 23.1101981497 22.8849803367 22.8110220492 22.668786762 23.0050492213 22.826003092 22.7710428709 22.5418547916 23.0815574502 23.03957666 23.1874229592 22.8029134448 22.5699452025 23.0038720169 22.9043419921 22.6713854041 22.8189099349 22.7214575971 23.0965266904 22.711570285 22.542112154
22.8317150773 23.0156780883 22.6745256146 22.7865760262 22.9871685477 23.2051988855 22.6194631396 22.6560310676 22.9329861443 23.1570900585 23.0584938957 22.6644153628 22.7773776532 22.5099466363 23.1422486594 22.8417259884 22.5765890016 22.9229452059 22.6538677636 22.9914916736 23.0307433746 22.7661886277 22.9784232299 22.8038570146 23.1006757989 23.1205366809 22.8947100848 22.6782080745 22.7919151228 22.7235567951 22.9974711471 22.9796784518 22.5880301119 23.1714409884 23.1851956812 22.9244997418 22.8171956283 22.771881397 22.9131241845 22.5508291925 22.5559524322 23.1941980399 22.990909662 23.1571483994 22.8755451544 23.1109984522 22.8577266062 22.8672003312 22.5070265117 23.1939617094 22.6643781095 22.5254229682 23.1914087944
