Spatial_Output/90% DEC/90DEC_0015.asc
NCOLS 155
NROWS 192
XLLCORNER 196769.923733
YLLCORNER 449719.875193
CELLSIZE 27.603701
NODATA_VALUE NaN
[rows 0 to 22 of 192, columns 53 to 105 of 155]
46.3625747131 46.3382272686 45.0274949828 45.2200345378 45.5189815261 46.4103115034 45.5061054604 55.2570920625 62.1116583338 57.9126718024 45.5948479788 0 0 0 0 0 0 0 0 0 0 0 0 0 0 0 0 0 0 0 0 0 0 0 0 0 0 0 0 0 0 0 0 0 0 0 0 0 0 0 0 0 0
45.3103118541 45.6532133365 46.130293906 45.9414764658 46.402833712 45.3369672303 45.287021575 54.406567928 65.8107282288 58.3809597343 45.8848100534 46.3586112164 0 0 0 0 0 0 0 0 0 0 0 0 0 0 0 0 0 0 0 0 0 0 0 0 0 0 0 0 0 0 0 0 0 0 0 0 0 0 0 0 0
46.2194131841 45.4928605473 46.1292046947 45.8143176458 45.0390942029 45.0783207298 46.3184238255 61.9308968944 59.0496968569 63.5111023619 46.2675842091 45.5375621871 0 0 0 0 0 0 0 0 0 0 0 0 0 0 0 0 0 0 0 0 0 0 0 0 0 0 0 0 0 0 0 0 0 0 0 0 0 0 0 0 0
46.2993101514 45.240488884 45.8003468393 46.1936835509 45.9746484959 45.6127734347 46.2879088107 45.3346336358 45.4529017498 45.3202091563 46.2301635776 46.2538267075 46.0503772405 0 0 0 0 0 0 0 0 0 0 0 0 0 0 0 0 0 0 0 0 0 0 0 0 0 0 0 0 0 0 0 0 0 0 0 0 0 0 0 0
45.8505663166 46.0737576171 45.7216849605 45.2853217025 45.2398502032 45.217156006 46.0145459956 45.1897246253 45.8653857663 45.2529442409 46.0455348946 45.1954281504 45.0994935675 45.1891319436 45.5045265374 0 0 0 0 0 0 0 0 0 0 0 0 0 0 0 0 0 0 0 0 0 0 0 0 0 0 0 0 0 0 0 0 0 0 0 0 0 0
45.0905046224 45.175075286 46.4023041249 45.6566742546 45.119092241 45.6756703404 45.7996605386 45.3703473709 45.4863187941 45.3816872214 46.0948850303 45.1687079402 45.6310248435 45.7550204414 45.8362654037 45.6177935251 0 0 0 0 0 0 0 0 0 0 0 0 0 0 0 0 0 0 0 0 0 0 0 0 0 0 0 0 0 0 0 0 0 0 0 0 0
45.1472162387 45.7099522658 45.208230157 45.246262553 46.1906228338 45.0553061474 45.3037419588 46.1992618247 46.4129351297 45.0803882729 45.3855313098 45.2469963054 45.5479065984 45.0304079253 45.6524820749 46.0217071895 45.1550061527 45.3840723887 0 0 0 0 0 0 0 0 0 0 0 0 0 0 0 0 0 0 0 0 0 0 0 0 0 0 0 0 0 0 0 0 0 0 0
45.6149577118 46.2875457382 46.1584187476 46.2270835974 45.0774887862 45.5009592658 46.1583042583 45.3827474314 45.263415249 45.1320974053 45.4002762464 45.0697116096 46.1194261808 45.2167249305 45.4173193866 45.7926693576 45.1851224358 45.2514773993 45.4664602917 0 0 0 0 0 0 0 0 0 0 0 0 0 0 0 0 0 0 0 0 0 0 0 0 0 0 0 0 0 0 0 0 0 0
46.0438206987 46.0991179733 45.8648465872 45.1579147614 45.410996659 46.1093805248 46.2671423598 46.3299514067 45.2672065421 45.7373332577 45.9465035502 45.4148815296 46.3176158203 45.9273609684 45.9063161768 45.0612303266 46.2802117238 45.9443095932 45.6447585396 45.075839322 45.4076110265 0 0 0 0 0 0 0 0 0 0 0 0 0 0 0 0 0 0 0 0 0 0 0 0 0 0 0 0 0 0 0 0
45.0320795822 45.2978032675 46.2905163126 46.4050026183 46.0649037442 46.4124960619 45.8238371701 46.3961958455 46.0306134264 45.2921587814 45.2367451374 46.1124932788 45.4231443241 46.4118587009 45.3324535826 45.8681433825 45.1505943267 45.3311744241 45.6238657433 45.1256479934 45.9717845193 45.7841012584 46.2093477855 46.1087943041 0 0 0 0 0 0 0 0 0 0 0 0 0 0 0 0 0 0 0 0 0 0 0 0 0 0 0 0 0
45.6083768498 46.2236711372 45.9098502493 45.8212413807 45.1072304826 46.0195524735 45.637725952 46.1817720145 45.4783525053 45.5523850603 46.104852497 45.7940695198 46.3193821735 45.4117736302 45.666692873 45.503561822 45.7887786198 46.1453127366 45.4859941444 45.5407569251 45.1068745078 46.2053575811 45.1297465319 45.7486302673 46.0913711847 45.7746924006 45.3103206362 45.8912106882 45.8999558992 0 0 0 0 0 0 0 0 0 0 0 0 0 0 0 0 0 0 0 46.1097311872 45.3763766844 45.6045375119 45.596340733 46.082923671
45.4670545846 45.6545936094 46.3318417596 45.0448403143 45.0985906551 46.3741415023 45.0330587638 45.7542430338 46.1459965695 45.8443060923 45.4959555482 45.1516449821 45.957893552 46.4131034907 45.0826954688 45.5885081979 45.8498206635 45.505361692 45.3599714559 45.4697348837 45.7067995331 46.2917161876 45.2961321241 45.8103074662 45.7599182927 45.0455776473 45.8819710353 45.1056025185 45.8791107696 46.2431488356 45.6683388665 0 0 0 0 0 0 46.3804318843 46.4115717583 45.4834336786 45.7959107159 46.1373247697 0 0 0 0 0 0 46.0579732524 45.9935314452 45.6830409683 46.1249495572 45.9674410364
46.0363197635 45.0735242677 46.2457329762 46.2111463574 45.4944724769 45.9450190247 46.3995070387 45.5231403504 45.6567442134 45.4886967224 45.538746565 46.0578153723 46.1101792542 45.0440864589 45.6517585534 45.6317360183 45.7259625285 45.2724837534 45.3913094954 45.3098971101 45.8765189093 46.4114158536 45.0852236288 45.0182639638 45.6256683965 45.9188139827 46.0991714996 45.5051200186 45.4537439655 46.0546632781 46.0490808331 0 0 0 0 0 0 46.3861241445 45.657262338 46.383065732 45.4769490087 45.9636932198 45.2341766521 45.2643055626 46.0645548125 0 0 45.0722534065 45.7761526457 45.2022604067 45.1073551896 45.2673591346 45.808607127
46.2388148909 46.2264164833 45.3806242405 46.1557096787 45.5625139364 46.1652682842 45.3203198202 45.4951066868 46.1217890628 45.4121140398 45.4221378734 45.8733176313 45.0395038324 45.021301575 45.4538097925 45.7754748593 45.3381258134 45.6862189678 46.0765542455 45.4654473195 45.3178088888 45.4190888478 45.7757126863 45.0412632906 45.7581883281 45.2341839738 46.3554101903 45.6051740025 45.7047765905 45.6800555407 46.0312198279 45.1178167782 46.1621633902 45.931483083 45.8866591695 45.9616422693 45.8635822002 46.3785156224 45.4405101213 46.1311889379 45.5217541598 45.2579294092 46.1404193037 45.1645471814 45.3662260158 45.0575442727 46.1090324697 46.2919161616 45.4598152824 46.0429000494 45.2557821982 45.1751240082 45.0773996674
46.3742709666 46.2620758274 46.1373519712 46.0075277422 45.1621889427 45.6059176229 45.1309760325 45.2314567059 45.923574107 45.7230013907 45.0946379991 45.425653668 45.35710784 46.1942062811 45.7247693037 45.5627600943 45.5640534592 45.0308721745 46.3531892444 45.4873320361 45.8582331713 45.265070907 46.0279117738 45.4785574715 45.570319049 46.3640178287 45.9463039296 45.5957175263 46.3952173287 45.3556701119 45.2287721846 46.2462549469 46.217919727 46.3262412182 45.6178847379 45.005530407 45.8397993882 45.9828272067 45.8096850855 45.7634666719 45.3545926355 45.9699410726 45.32618266 45.7565229236 45.8985640018 46.1856407778 45.3196780429 45.7819463756 45.9424149629 45.8370363584 46.2480995657 45.6534828166 45.635105687
45.7124330547 46.1204917076 46.1399360883 46.156969727 45.1369763832 46.3520486597 46.2243014248 45.2890716169 46.3655759772 45.7673246256 45.9555556706 45.3012931106 45.2419544596 46.2174125763 46.2480062864 45.1527920899 45.5582016393 46.1216545434 45.9542204738 45.9337859201 46.2754793891 46.2092668473 45.1315807008 46.1625818642 45.0596963674 45.5457816754 45.9262024695 46.2911697989 45.3767656858 46.2961407098 46.1470842259 45.2344858607 45.9255466972 46.2218171802 45.4940581723 46.3563174306 45.2980063382 46.3048331634 45.9925270998 45.94596215 46.3385759003 45.0940355937 46.2126163236 45.468042496 45.3265554597 45.4015462067 46.2495824163 45.3963839887 46.1026697499 46.3190663607 45.1296161348 45.3787587046 45.5664363911
45.7373098236 46.0987368605 45.2307105263 45.8648515156 45.5789485619 45.1293833322 46.0122960936 46.1528939554 45.0185701412 45.8354968626 45.8891542508 45.6703790828 46.1145267901 46.369084282 46.2659400495 46.2248621365 45.2814572295 46.3923869259 46.0443702494 45.5593887411 45.0453045022 46.1242046435 45.7836563729 45.6258335824 45.7637674949 45.4698001552 46.4043984082 46.1750648676 46.0452208105 45.3578175779 46.0492710922 46.2199174084 45.1808497959 45.8829943209 45.4935953669 45.0087183259 46.1468467569 46.4095540094 45.4552568071 45.4975779577 46.0724095679 45.9016301856 45.5885203889 46.1014137463 45.6829440942 46.2568639412 45.5680919027 45.2604554742 46.3921014154 46.0699325131 45.5815104304 45.0927793719 45.7923124227
45.7889619509 45.1578081549 45.2506526895 45.6627281474 45.2919425324 45.0401837969 45.0429250509 46.2967661054 45.5851043165 45.8416611589 46.2016672482 45.2766372084 45.8502781987 45.8507263854 46.0945290613 45.8599927691 46.0997300583 45.4510881438 46.4016323745 46.0077839754 45.3056578836 45.8679024202 45.8303481126 46.2990243642 45.0760317686 45.4891283012 45.4054163692 45.5264868445 45.5449015789 46.0531783023 46.2078172367 46.4029947518 45.9913222327 45.6281681461 46.2689767734 45.5542366542 45.939933866 45.6501656277 45.9248042341 46.1807070367 45.2668240011 45.4684374863 45.9911522094 45.0833802897 46.0014877313 46.1305920123 46.2627556609 45.8660138653 46.2008032784 45.6417821714 45.442421193 45.6608434008 45.0677090515
46.1188996301 45.4695697154 45.8494315823 46.0690119407 45.0213307552 45.1558529886 45.292545014 46.3815135302 45.3505941766 45.3018115493 45.7792033617 45.5947209673 45.6281816973 45.2388569292 45.7633635867 46.2109690927 45.8910460654 45.393794122 46.3937188915 45.3549517543 45.0831049339 46.0394783197 45.5284277859 46.0734218075 46.3713718124 45.0973355117 45.558380526 45.6130174373 45.3489053249 45.7512432691 45.6255694101 45.8334080736 45.6766670948 45.6034815045 45.5651943109 45.8371736295 45.4385034463 45.3837670297 45.0236637447 45.965852234 46.1237336715 46.0923547657 46.1010052623 46.0675557287 45.0623255804 46.3477581485 45.1072190382 45.1409562169 46.1231293173 45.5975231186 45.6169042133 46.1997222001 46.053513569
45.4629768863 46.077984987 46.3940406892 46.2400823791 45.0183094389 46.34687247 45.8906846375 45.6539722275 45.8786268604 46.0022642859 45.385722786 46.1730592268 45.280610522 45.0858210078 46.0765828738 45.7582514147 45.4532776289 45.9249004258 46.1952972674 45.6123866673 45.4153884604 45.7773184361 45.9381456373 46.2593428884 45.810332086 45.2419272614 46.3963397881 45.2486513611 46.2717258328 45.753079717 45.5798688609 45.362259409 46.3310598179 45.9933398948 45.5104166241 45.2227802557 46.0940253593 45.8854130278 45.3470905007 45.8244333973 45.8645901632 46.110464877 45.8490807067 45.9576414868 45.3468053501 45.9922609787 45.7097645983 45.6081521984 46.2467005383 45.8808879514 46.1336823572 45.0592582538 45.6772184397
45.9772504712 45.6988133177 45.2780367491 46.362880363 46.3938866816 46.2882418197 45.952944153 45.345647597 45.9130085816 46.0011273661 46.0427702899 45.6181556641 45.6387582779 46.075523135 45.0105962786 45.8508303959 45.2004941127 46.1162845585 45.9849166737 46.2984757094 46.0424228826 45.358804819 45.3516794467 46.3516569686 45.115274267 45.4431677719 45.0404181117 45.9389710256 45.4070428635 45.8429651944 45.4691650102 45.6491368384 46.2965032443 45.8729255889 45.7559289002 45.2906161782 45.6034994409 46.2221353438 45.9902726576 46.2060860047 46.1261296067 46.0259954393 46.2054114024 45.7544302565 45.8179412974 46.2810678445 45.9802777 46.1545112466 46.3156987361 45.5740227234 46.290367509 45.8204896262 46.0042956813
46.0265678857 45.5741888963 45.4426305621 45.7313961665 45.7495572363 45.3674463001 45.5983288514 45.1624989125 46.0968261959 46.0193123018 46.2776225673 45.2492402358 46.3537873809 45.2139560362 46.3004816633 45.3207668554 45.9874737861 45.7562425133 45.2948551079 46.1215271741 45.1533792223 45.2020227805 45.7633813696 45.1370542226 45.7313426643 45.6545026616 45.0877208692 46.3116696447 46.1518760478 45.5494659235 45.7252491983 45.7578323724 45.5814790446 45.434967489 45.5851957971 45.437136454 46.1536499329 45.2120837555 45.6412293114 45.1165715895 45.8854040503 45.197192196 46.2482173706 45.1276304846 45.2794520176 46.2657357526 45.7230179796 45.3359753176 46.3273002513 46.3036259457 46.1660865846 46.0516089045 45.6486470524
45.1493820197 46.3922555863 45.9856268667 46.1503436551 46.2606062877 45.9822876776 45.1306835251 45.5917871938 45.5774571167 45.7138422002 46.2268615553 45.7430150803 45.9334912886 45.1141591198 45.4888427727 45.3008795569 45.6952247621 45.7248272884 45.6206408753 46.2756636285 45.4355620005 46.2996084475 45.2292567757 46.0029952609 45.7031230962 46.3807672244 45.0729348252 45.0906084051 45.6634289967 46.035426917 45.8132951755 45.2821077032 45.6569607587 45.4005503776 45.4355617154 45.5118669453 45.8891791128 45.3241298957 45.7320181761 45.0185814135 45.9023523441 45.4196188434 45.7255021907 45.8417870538 46.29705353 45.8115423525 45.0287725171 45.2391091863 45.2126758899 45.9640108865 45.619052484 45.4853175056 45.6794678567
