Spatial_Output/90% DEC/90DEC_0084.asc
NCOLS 155
NROWS 192
XLLCORNER 196769.923733
YLLCORNER 449719.875193
CELLSIZE 27.603701
NODATA_VALUE NaN
[rows 46 to 68 of 192, columns 0 to 52 of 155]
43.528429241 43.8111942696 44.2300417887 44.0718822208 44.5180318588 45.4166060419 45.7696258212 44.4877360659 44.4774933951 45.670823931 45.2053629775 45.7490029941 43.7924411246 43.7185905545 45.2116208569 44.9433282483 43.0862214185 44.0298409625 44.8277581481 44.8147805439 43.1167901737 44.9629401938 43.5289107166 43.3534171245 43.611395823 44.5097329914 45.4296339443 44.1262653208 44.0287623319 43.8770297912 45.1830020521 44.8428932206 43.027010593 43.1381027985 45.0498085939 43.5804748808 44.8929008548 44.5363065397 45.206854044 43.4498164392 43.165289835 44.8986880289 43.4780627058 45.4491866103 44.6759245611 44.8819527174 45.2932916188 43.8132299191 45.4179108639 44.3964527287 45.1927401312 45.2108027204 43.889438915
43.2774516422 44.2127107064 43.8220062286 43.3716999596 45.282837388 45.4918000422 45.3412112648 45.2912179463 44.4766246363 43.6054191007 43.8563579646 45.612336075 43.0638886938 45.0107034122 44.3531601889 43.8407066778 44.6238521091 43.1775784201 45.805726123 43.6715219035 44.2701956606 44.6165342521 43.960661122 43.8902052701 45.5898044209 44.7823615458 44.1919953254 45.2759103042 45.2206745304 44.0789267927 45.8129503482 44.2307040039 43.29353702 43.4184451505 44.9781173262 44.4107968699 44.96907471 45.4744886999 45.4792823007 43.8590360958 44.8245660064 45.5612159579 44.5187100339 43.7254680645 44.5835739357 43.2281725785 44.4170969785 43.2926999781 44.5595463882 45.6284487121 44.9420789975 43.0561077881 43.8918439724
43.0844773943 43.6089968489 45.1952546103 45.0060457739 44.8812762143 43.2550213958 44.2676889553 44.6343325905 45.0928255499 43.0529992144 44.0285500063 44.330369788 44.319441441 44.7963083012 44.9301368685 45.0109665791 43.0733222857 45.4613595683 43.4761816055 44.8541953873 44.5817408548 45.5300886244 44.7398075536 45.5689770836 44.0511768333 44.421562738 44.4232146209 43.3040364647 44.5817813945 43.6548382238 44.5040483794 43.6892910126 45.3036558655 43.6765748958 45.4408925594 43.9786282324 44.9237432585 44.6053819302 44.1968619596 43.8125304437 44.2667844403 45.7178701833 43.4006264956 45.2985674375 45.710481383 43.3516918936 45.5091110097 45.8049537962 45.3210407205 43.6342630975 45.181704646 45.3470980215 64.9315131269
43.6824772505 44.6900378883 44.2204762649 43.0684702522 43.3426128766 45.2016933159 43.229185343 43.1820595131 45.2356986177 43.3523784574 44.0903033708 43.0086369545 44.9041628048 43.0911705271 44.3953320616 44.2568096494 44.2090009564 44.4627293537 43.8933770533 45.05819655 44.7566729681 44.6904370752 44.5868549069 44.4442177527 43.9507664882 45.3406054293 45.3463264206 44.7041393992 45.6320966789 45.3938970736 44.7288953193 44.0402835171 44.8473434695 44.0372176667 44.6017210473 45.0970800455 43.6284271457 44.4600798576 44.6745354277 44.8710904851 44.5040213461 43.6425240405 45.1375107244 43.9544791778 45.3253430178 44.1435325638 45.0034280803 45.32927182 44.2395997176 43.9592346099 45.3064920373 43.071649273 45.2399722763
44.016139702 43.8913241177 44.4622575843 45.1522663611 44.7025477944 43.2045728557 43.4674884769 44.5978577633 45.0640203248 45.250377365 44.8999422326 43.6533822025 43.1109417776 44.1402518346 45.4198386409 45.2162392987 44.1473395664 44.5720599753 45.5463079647 44.1421160969 44.0878682216 43.5025119635 44.6940632911 45.2962906457 44.106536671 45.7399820915 45.5348053781 45.5627904786 44.4195838106 44.8569638197 45.1803431826 43.2759136789 45.5790786536 44.8637398147 43.8603440609 44.4611625274 44.1383073678 44.0100266733 45.1266539729 45.2523443812 45.754540631 44.8406215138 43.9808047018 43.8574300167 44.0467078233 45.7706800056 44.4528230908 44.6309299132 43.2625820036 44.1140558101 44.9623499367 45.1480463467 45.8269318341
44.3510954487 44.1093014877 44.7876745663 45.7671128724 43.2269187812 44.5766569127 44.0153602669 44.4954869093 43.3897815202 43.9841883674 44.0191180935 45.6775562017 43.0498668061 43.2682029361 45.1241361474 44.6011115278 44.0766544234 44.3651615296 44.2725502567 43.3752253436 45.5955379759 43.8658773071 45.1716063741 43.6599046958 44.6131776035 44.0452224572 44.8470982651 44.2275552234 45.2582652405 44.2806667433 45.6283598955 43.283245066 45.0753869252 43.2755084195 44.5134177872 44.2251332823 45.6464594146 44.3054235797 43.5854593063 44.0675209862 43.8365939657 45.7867067514 43.2171483551 44.8041171255 43.5774746261 44.0870166763 45.0681166809 45.5706022902 45.3191337797 43.7318218998 43.9080979908 44.6293401012 43.6644496051
44.0939998562 44.7809171945 45.3725879786 45.7642910145 43.3765930418 43.7154775659 45.3261348162 45.7178985407 43.6654045538 44.0181980246 43.6431912953 45.2922625812 45.2956375554 43.1044264327 44.219284255 45.362124031 44.2112487956 43.2441842738 45.2091903353 45.4426763206 43.3494343352 43.0545371287 44.7218347794 43.282425489 43.9038000359 43.6808617934 45.5884434339 44.5135267507 45.6674519556 43.4053910072 44.2976910415 43.0952625784 44.691821684 43.6884645854 44.1967441784 43.1001301365 45.3342122358 45.6874188567 44.6356701937 44.8326782781 44.5186221267 45.2668321415 44.6068605132 44.653106497 43.7354406057 44.724672872 44.3865691798 45.0825075276 44.3047320845 45.527414992 43.3361733451 43.4894195106 44.0718908735
43.3439712088 45.5646799173 43.7354687344 43.2240501578 44.0011606016 45.6859531293 45.6957712802 44.3827124221 43.3346870127 43.909907016 45.090208449 44.9616194592 43.8495742576 43.4634245247 45.812957646 43.6890143524 43.0173135622 43.7191032505 44.1223489975 44.8094780079 44.9475217834 45.3574295291 43.6531624551 45.5512566654 43.2064049705 45.6958383059 44.4211912441 45.1400774021 43.042700038 43.3616188525 45.1335692828 43.3223376621 44.2616600685 43.6749769133 45.22779686 43.8222998439 44.6129532003 45.7582757037 44.9084914254 44.0591454658 44.2345721146 44.0545190271 45.3944601586 44.9262823072 43.558119305 43.4291104627 43.1679494034 43.1383703478 43.3301661587 43.7004111632 45.7703944093 45.2991377934 43.383136212
45.5716594072 45.1671376825 45.2287192922 44.1258795073 45.6092708384 43.8576226495 45.159248459 44.0408653167 44.0563543626 43.2697318856 45.5358444426 43.6625497164 45.6776238292 44.6884887091 45.6726175344 44.3691161427 44.8649361112 45.519940553 44.2182527884 43.6179439259 44.7964026254 44.4590906832 45.7285433745 44.9092795935 43.3553850258 44.0836652621 45.3709936369 44.5626082639 43.3017584332 45.7803554273 43.4735272749 44.1456492718 43.4517120445 44.7388091326 45.0600190722 44.720772677 45.2583104556 45.7836655998 44.8668193757 45.2232991289 43.8377966998 45.1105887479 45.4979919193 45.0336487024 43.463264428 43.586522061 44.3374897162 44.6506155562 45.320160859 43.8184967007 45.2850825848 44.922367501 44.1078624157
45.5849462151 45.523373364 44.9274806448 43.4477873587 44.1958734328 45.7231434533 44.9428136486 44.3521191672 44.8938658429 43.4752840146 44.0005751949 43.3880384157 44.8472465623 44.164618558 44.3838237365 44.9343784186 44.0607207763 45.0128188073 44.3706855993 45.3431287352 43.9588584828 44.6658551528 43.7342749392 44.7889931844 44.7335862139 43.7566026059 43.3493898952 43.5861094085 44.7451767992 44.6150601726 43.9312876092 44.5915493575 45.1476792582 45.1526159467 45.6697345496 45.1106274903 45.3420910097 45.2530151908 44.5707386963 43.0890045117 44.2009636435 44.706580501 43.5436948086 43.5789268662 43.6654801808 45.24845069 43.4631282565 45.5759427429 45.0396767652 43.1081309553 44.2183538607 44.8969723255 74.1628060899
43.2884998047 43.5655444072 44.3280926316 43.6773669192 44.8959393313 44.3880170617 45.2685967454 43.2311167809 45.7275732342 45.2580999155 45.1390689648 44.0999644434 45.7065926793 44.1311238778 45.2605564977 43.4418358411 44.4246965943 43.6269954088 43.1415883293 45.2229302622 45.3354294934 43.4012630465 43.8452254413 44.9125339736 44.055950629 45.6168206706 43.6950460204 43.4925961869 43.442213708 44.9796093985 45.4074742318 43.6805336105 43.6168231651 44.0945491842 43.0554560584 44.5501570316 45.1187083804 43.5736987139 44.1895707145 44.4427487544 44.1755485821 44.7956828211 43.7354298914 43.3029268069 44.7784826996 45.7971292136 45.4717245978 44.351020845 43.0251506884 44.657700127 45.0601085402 45.3625757847 65.8466031034
45.2348985516 45.3993972336 43.4604639806 44.9351002528 45.1165644459 43.6600443606 44.2712762731 44.347058467 45.3817625914 44.0047284623 45.0002179057 43.4755170449 45.5153360008 45.0506517468 43.7568999508 44.487837777 44.5602363435 44.8169517873 43.5811092878 45.223148268 45.2050232088 43.8767199157 45.0668738263 43.3869884321 43.8871218871 45.557070627 44.2167219995 44.2308771294 43.5902308111 45.8232400915 43.2003441715 44.9815537484 43.3448807102 44.4504945093 43.7904079752 45.3139626303 44.1692281576 43.5808096877 43.8756378685 43.2722822028 43.1339443859 45.489222422 44.1418585242 45.6510201015 43.9196354532 44.407051205 44.3856687871 43.4955262661 44.817065286 44.8679056065 45.0435898152 45.2565614032 65.8466031034
45.2081793506 44.6910183281 44.0609334402 43.4768076847 45.0065587362 43.5092980966 44.0935967799 44.1073017517 43.8411084608 43.9951591134 45.8260369468 43.1811563081 43.5394109866 44.4600043297 44.6424263767 45.4238054721 44.9130054536 45.215901716 44.8808213765 43.0009283055 45.4227291029 44.2052600698 45.2657983635 45.5723160458 44.2863197333 45.2884372588 45.1512317932 43.725990347 45.6116604821 43.9769016981 43.4240764339 45.7028793291 44.5839731563 45.1251040144 44.4961756682 43.7590941925 44.2283798655 43.6082787371 44.3590811819 43.447460389 45.2405184033 43.382426684 43.6686191363 43.5915708802 44.940344578 43.7352022044 45.413531239 45.3716211223 43.4436915093 44.4011769041 44.1849912732 44.9290691642 52.690975621
45.0042657256 44.2978718982 45.5496341672 43.656332529 45.7244570327 43.1442080706 43.835332084 44.1576204918 44.0938251812 44.8194293671 44.025695009 43.5783796844 44.3129091433 44.0834782619 44.3285406032 44.9562234753 44.3928043162 44.6475449286 44.9500178446 43.7485655267 45.0650049289 43.4245956679 43.7909481227 44.613036434 43.8555791115 44.2408469749 43.6640030937 43.3700263086 44.5338670415 44.6489021533 45.0021364397 43.2325725319 43.501198014 45.3407267465 43.6523502708 44.4813624097 43.35440613 45.0462167154 43.4828105881 44.0538058304 45.639325136 44.9856102947 43.9252760796 45.6867293863 43.6980831555 45.1985751611 45.7359363099 43.7196847945 43.1156683522 43.5168277832 45.8187062905 44.6932192935 52.690975621
43.4767153284 43.305826371 43.8371669263 44.9920160867 45.4903403523 43.5945782774 44.3381587534 45.431314739 44.041300114 44.320065338 44.0142578703 45.485286625 44.3276153269 45.6102963091 45.4006625868 44.2976729549 43.6674023959 43.4552145228 43.2944676106 44.0061540712 45.1738970191 45.4983606469 44.841867618 44.0229040582 43.0569361701 45.6108022315 44.7832959799 44.0327118045 45.5773555868 45.2868581879 43.2108129357 43.6360079874 43.4085610067 43.6866407379 43.3012552237 43.7344460252 44.5028067336 45.083461864 44.0432788046 44.1150245929 44.6941720737 44.0711384522 43.9381853378 45.6110621107 45.1312664809 43.3344468803 45.3594667973 44.2840513757 44.3726525 43.8794420407 44.0513979876 43.3614073173 63.2502771891
45.5690107594 43.2107161514 44.3200246637 44.0778980584 43.6519007524 44.8805313361 44.8973004553 45.0155258833 44.8725083552 45.32198252 45.1947591319 45.628740957 44.982098404 44.9589362621 43.1419174762 43.4710973979 43.6768412894 44.0038479531 45.3211717995 45.7540340143 44.0629906083 44.5867494585 43.0424948611 43.8987863295 44.8354466085 44.2670108772 43.1201880989 44.0039324191 43.7588547466 44.4884096421 43.5630127319 43.7063325507 43.0184934791 45.4989986694 44.9159747804 45.4630802599 44.8794782892 43.7537707234 44.4051355802 45.2407974706 43.7955622804 43.5667547227 43.9957464928 45.4813970929 43.8721367215 44.6542930304 43.2197970238 45.7598858946 45.2549105897 45.5009010495 45.1780718598 45.1386926267 45.4212120009
44.5626860777 45.6544195334 44.0783672644 45.7226830107 45.3297799243 45.0810458057 44.6417026551 45.0270360765 44.782040008 43.8336473582 44.2393386471 45.2691082118 43.894637841 44.4823267129 43.2981683249 45.5596741891 44.7291070627 44.7361042979 43.9062789876 45.5626411449 45.3333085845 44.6750974018 45.3700255297 45.5996644091 56.8605040233 56.8605040233 56.8605040233 43.3449912248 43.3642972799 45.7206481229 45.4337319338 43.1430451644 44.356841327 44.6590705299 45.5473448557 43.8132408513 44.3724825771 45.3499587712 45.2028169525 44.8610835458 43.0106969018 44.8629233881 45.7025763486 44.5532091611 43.3812288759 45.5072272898 43.5576452485 43.1284594946 43.0692768553 44.5512665303 43.0831318447 44.67704071 44.1391600348
44.0611277767 43.059299141 43.7281112377 45.0480941986 43.6028742992 44.9272178964 44.5289345908 45.612346214 43.5067268045 45.4819742373 44.2589391755 43.1713589222 45.1788479072 44.3688424482 45.7520283039 43.1529458289 43.6399526762 44.7961215496 43.2546700087 43.395252474 44.020094349 45.5961659325 43.4378536995 43.7043216171 45.3853026771 56.8605040233 56.8605040233 43.4811187836 43.8395235257 45.1580919191 44.6310999214 43.129546305 43.9212480224 45.5944849541 43.8182301334 45.2476723076 45.5502841329 43.2853780041 45.6119513655 43.4879828833 43.5396247474 43.0939633755 45.3579266327 43.9542573476 44.5192085206 45.3890784383 44.6414595901 44.343662515 45.0702034707 45.3209865788 44.0160049749 45.2033926045 45.5956411732
43.9765058315 43.3372830008 44.0959866443 45.2963609663 45.5711364561 45.4078810878 45.4804178445 45.4694739352 44.5965237492 45.2554222328 44.452785887 43.8827868586 44.1580723319 43.6633358411 45.1473283706 44.6932565953 44.1011606892 43.0970470486 43.2633474211 45.5138314817 45.4782881359 44.9734153581 44.9661187297 45.2132712844 44.2263087316 45.8055120033 74.7937667367 43.442632564 44.590892321 44.2167851693 43.2178645412 43.9891870804 43.1598112206 45.7494668978 44.0105441561 45.4393563362 45.2804648878 43.8600348475 44.2267002332 43.5996115288 43.9369284199 44.7781418644 43.0492554878 44.4196123734 43.2604269086 45.7247867341 45.4125989744 44.3601330504 43.1000918546 43.2399145153 45.7968933584 44.5097440401 44.4590229354
45.0414003347 45.6816121229 43.2207721485 44.9497994611 44.9573811073 44.3861820504 45.4987544124 43.6489429086 45.2841783832 43.5423309094 45.2765313119 45.4310434552 45.1695624382 45.5972108098 43.5000275429 44.982594514 43.7830462969 44.2192151012 44.9021792077 44.2122868779 45.2302024314 43.70423277 43.4878887807 45.0203131422 43.0965375638 45.3024865488 66.3806190906 66.3806190906 45.7754211889 43.6510434822 45.2085608329 43.954384615 43.5515730155 43.968263936 45.5550722264 44.6826804671 44.2634800154 43.8306540446 45.6830593289 43.2113747388 43.1214670997 44.8204334899 43.6955335475 43.5007399079 43.2589368858 45.8201088192 44.7141675249 43.6592533884 44.6248386429 43.820808322 44.1068984048 44.4614638607 43.8636031689
43.4855628798 44.7727938234 45.5991256952 45.1437443567 44.4566668861 44.4520608045 43.7603195649 44.6270513106 44.8429767969 44.7398832974 44.717256029 44.6081148896 44.6425191023 45.4227843337 43.869270108 44.0593926557 43.4339629056 44.8202719223 44.0874294584 44.571327962 45.0451361546 44.4725662922 45.6349980229 44.8055208485 45.7220854187 66.3806190906 66.3806190906 66.3806190906 44.3930919216 43.3065517574 44.3414306646 44.8683867127 44.0623005009 43.5962691471 43.2386195669 44.1824930011 44.2187923949 43.2816485499 44.5700540748 44.7648757931 45.7908350641 45.7130938748 43.2525305798 45.6190887535 45.4346438112 45.6467622611 43.2578605801 44.164460261 44.2647608573 44.9121956957 43.4547400116 43.6019732843 43.1912946072
44.2673895671 45.2588491105 43.2475694155 45.0502094312 45.0049941517 45.3852320967 44.6758627803 43.085079218 44.6663805452 45.5972366616 43.3897683677 44.3825631615 44.1464792025 45.2472450658 45.0564924378 43.508345233 44.6893214924 45.6789044387 44.7622814457 45.430978748 45.5159978411 45.1361468355 44.7157343933 43.1815314952 43.7858085871 43.9994175454 44.5947382753 56.7674858247 44.1088165247 45.7504211196 44.1438249864 43.8373455384 43.8012310902 44.172584165 45.5280974502 44.0120136407 44.7836411743 43.9659745188 44.2904753603 43.456040906 43.3429650439 45.2674219717 45.3649677794 43.8014235716 43.617734206 44.4061738164 43.5109601575 45.1644248893 43.6209536409 44.7143258961 43.1043859855 43.0949511964 45.6566178081
44.1300022784 44.6835088637 43.0100936702 44.1234849219 45.0130416887 43.4932324368 45.7529253984 45.2677920641 43.4677225621 44.3124189793 44.2440634001 44.4949837735 44.3357882258 44.7989225812 44.9678970976 43.9419104328 43.1788668661 44.4084798319 44.4030538486 45.6447700104 43.5270219753 44.1248771825 44.9811015645 44.2974514192 43.3260538718 44.8481239942 45.7444613053 43.1816348027 69.1961606033 45.3254168023 45.4233281063 44.5352807866 44.0073478901 44.1531474687 44.3259067034 44.3633469348 45.7963301472 45.6911220653 44.3985656716 44.6245927331 45.2668252591 45.2155736541 43.9385214189 45.5606795083 43.3786317813 45.6424294353 43.1784239656 45.799518942 44.8427209377 43.5761164119 45.1624882898 43.5598763741 45.1577293949
