Spatial_Output/90% DEC/90DEC_0536.asc
NCOLS 155
NROWS 192
XLLCORNER 196769.923733
YLLCORNER 449719.875193
CELLSIZE 27.603701
NODATA_VALUE NaN
[rows 115 to 137 of 192, columns 53 to 105 of 155]
28.3083231045 27.8508765771 28.0244204033 28.0992794545 28.2815341916 27.7960198059 27.2108645521 27.0394432641 27.229515406 27.9802403334 27.9988110604 27.6533805906 28.3071988409 27.5484176754 27.4134603201 27.0403175605 27.2886525728 28.2796002197 27.7048169236 27.6467085802 27.2701651046 28.0088594246 27.4873605779 27.255926177 27.1720443485 27.0472920505 28.3477246928 27.9086777999 28.301238349 27.0047840311 27.1635143637 27.8104225056 27.2108293262 27.8922663945 27.6915588844 28.2806051792 28.2565789292 28.1406330184 28.0503646306 27.1242223101 27.5383053124 27.4726412603 28.2887677998 28.3805390326 27.5558250765 27.2208115264 27.7867346448 27.4579258296 27.2115350468 27.1224422183 28.2819456298 28.1155375122 28.0080840714
27.3341360492 27.6539888306 27.4876933458 27.107979125 27.7126090272 27.4699734925 27.2288211862 27.3185964126 27.2960221739 27.3400391109 27.4036236211 27.244317163 28.0142245355 27.4956382424 27.1689649034 28.2657657305 28.2692947589 27.4205236182 28.3170418052 28.3425970042 27.7588178335 27.4736497804 27.8937569606 27.4720482055 28.2808353869 28.1515032451 27.0773673879 27.2267350045 27.5159208273 27.711140872 27.7022431148 28.1897160085 28.3560595334 28.1353383729 27.5195282895 28.0471992773 27.7420803596 28.1588687569 27.6283611555 27.5016417439 27.0544209425 27.0283254788 27.0314566262 27.9898142009 27.3578269609 28.1556633924 27.4896219461 27.0515164927 28.0328088004 27.6960920799 27.4592441761 27.5034244985 27.3342676902
27.7792369911 27.8190130146 27.7634329056 28.0375853863 27.5622859006 27.8691412319 27.1825884613 27.0529886403 27.2655487853 27.5082159464 28.1142864099 27.5287921575 27.6062194336 28.015498291 27.765024169 28.3436319027 28.3020178497 27.8690143095 27.8819963709 27.1537748737 28.0127063527 27.9205178527 27.2619495199 28.2722386428 27.7675673309 28.2233393063 27.2676977369 27.8528507585 27.923654905 28.378897746 27.9202241733 27.3299274327 27.1780819422 28.0198465972 27.0949821266 27.8772644128 27.3965639487 27.5664123907 28.2973460697 27.8123444734 27.9713656201 27.8119480548 27.8122518558 27.7026422395 27.1179717237 28.1626418126 27.5188526634 28.1839133583 28.2622528077 28.2850041171 27.5074103009 27.3455931765 27.517915504
28.0318599386 27.6538217225 27.0360836425 27.7427395556 27.3320567716 27.8758032169 27.8185971165 28.2658891683 27.6866925408 27.3161564476 28.3958800086 27.9953490147 28.3386205226 28.1717296077 27.6210032928 27.5607443765 28.3507385317 27.7747590102 28.3458897698 28.021284355 27.599696514 27.3004569671 27.7618793323 27.1254583364 27.2983876832 27.344787084 27.3916086539 27.2638062614 27.6639870519 27.3408990816 27.3974455704 27.0181893311 27.4838474761 27.121088703 27.2720203035 27.721681529 27.9168595949 27.7590249831 27.0148234643 28.3016434519 28.2753582371 28.2513901608 28.2420886949 28.1038758825 28.3369496742 27.0153947669 28.1856485186 27.7202715278 27.4577854732 27.6642285571 28.099154767 27.3371414002 28.0111989736
27.0387062374 27.5376607923 28.1748987216 27.8668186791 27.0188401853 27.6391263604 27.1454705426 27.7858496791 28.050323081 27.784483719 27.1698399218 27.3171393745 27.895182402 27.2262381959 27.7465463266 27.7569753123 27.1167107433 27.456322256 27.324275037 28.2141821934 27.8713066126 27.2541007254 27.1340925695 28.1887821924 28.2322010441 27.6895078494 27.3871180986 27.0848919525 27.7038965529 27.7225904367 28.3722349134 27.1261936245 28.1863767071 28.184389332 27.4547137592 27.1701647944 27.0106810717 27.5664625399 28.0841600582 27.4070877527 28.3674422882 27.1994069193 27.6196844064 27.8334633873 27.3060094332 27.7790301086 27.4480756169 27.0221390757 27.5254877378 27.6641502343 27.1038290057 28.2036699441 28.2720118665
27.7248438799 27.4049852943 27.5449099192 28.3028645201 27.0242646049 27.3746176502 27.1793265391 28.1666737396 28.3261406545 28.1889656997 28.1497618486 27.304730423 27.7456612307 28.1606056219 27.1698058959 28.2880613073 27.002564151 27.0685374137 28.0272322157 28.3608418699 27.4067225107 27.719585517 27.2503658142 27.5478659988 27.0861739712 27.3096315716 27.0660961311 27.3983668685 27.3555877139 27.7940919282 27.6761632681 27.9522581551 28.3739161382 28.3971222347 27.5067906329 27.4012481024 27.9136145618 27.9893835336 27.1831909925 28.0284390893 27.9201533762 27.3434397326 27.6866191901 28.1353674818 27.3701902564 27.0652468087 28.3640876116 27.5400756984 27.5206975766 28.3119730619 28.1316744225 27.3328040169 28.1634996774
27.8300820406 28.1550130403 27.6256908768 27.3561864461 27.0930475008 27.3276204397 27.0940014475 27.0355837674 27.6357455189 27.8100927627 28.3345252856 27.5976723148 28.1889585197 27.7819566658 28.4039523244 27.212565039 28.0767162438 27.2951127199 27.8725475829 27.8063387206 27.2785901375 27.1934782634 27.531359818 27.6526619168 27.1559641659 28.3920494092 27.2246813673 27.4028576716 27.0037898982 28.2910627593 27.0488316115 27.017529898 27.3924074706 27.3385613091 27.1390224594 27.9648416133 27.428078909 28.2966385507 28.4108233137 28.2773867195 27.4884470354 28.159872445 27.469506044 27.1342841937 27.0177469787 27.8011064852 27.3071292372 27.684510408 28.3516664963 27.4489006222 28.0885761114 27.8151400743 27.07634984
27.002062287 27.0274233194 28.0298332044 27.7089435699 27.5140049789 27.736079471 27.2577974484 27.3049052278 27.9593431323 27.8733953896 27.1966556868 27.6230366672 27.2225633522 27.5708711397 27.873865782 27.4887088059 27.0485403985 27.1342956108 27.2619471772 27.0953949342 28.0275101512 27.2701642613 28.1896189115 28.2112518819 27.305415985 27.2453980797 27.5055926742 27.2047119512 27.7728215267 27.7740971761 27.7550359938 27.5177293054 27.7639207084 28.1204550665 28.3344431763 27.4380647001 27.2733609388 27.8174678555 27.9177700922 28.1345635967 27.5521787624 28.2748081328 27.639863725 28.1356320727 27.3500255876 28.2986854332 27.9905340854 27.0300843263 27.2173446637 27.2749877095 27.9424912456 27.8738638367 27.9093543508
28.1403450212 28.1573375434 27.4655219777 27.4894692263 28.0091293654 28.0360394279 27.222925944 27.2915369683 27.5582221556 27.193335506 27.2322099697 27.5857179936 27.1726504858 27.3680572379 27.0699011725 27.6368720614 27.4511260704 27.0811335026 27.4231706272 28.0333231321 28.2730536591 27.6093318101 27.5954449135 27.5444916023 27.7316217487 27.9374599747 28.2200147863 28.0734235161 27.9193896102 28.3109305216 27.2115981436 27.8165639227 28.0664017217 27.6983038823 27.2516412777 27.7740032662 27.1659177789 27.8340126917 27.1864096302 27.624599082 27.8918119718 27.1461396539 28.2222635901 27.7066984332 28.3218649197 27.0624761136 28.3997165857 28.1550764081 28.011307233 28.0697222652 27.5048353457 27.4476707678 27.4836017698
27.0716638792 27.411500594 28.1326017923 28.3600817008 27.349231358 28.1249185104 28.2886700868 27.019547779 28.1032761803 27.4222258565 27.027855029 28.1836953398 27.4333317657 28.4039151139 27.4049585891 27.8102363592 27.1168923124 28.1936772336 27.5381515391 27.8259823939 28.0194450453 28.1392102322 28.0727911935 27.5840676735 27.5445879963 27.7900256649 27.8604117984 28.1556265588 27.0905173805 27.640561816 27.1890405101 27.6774615091 28.0240615726 27.3572510719 28.3687476869 28.0180808526 28.264044048 27.8123936658 27.707467644 27.2642717132 28.3535275043 27.673230367 28.215015153 27.1950990096 27.7954060121 27.1609361851 27.4126965693 27.3088396905 28.2716745538 27.3394594582 27.0224414281 27.0458993437 28.1274313406
27.3538610456 27.4007374157 27.8512959324 27.2100010913 28.0553604754 28.1322612576 27.0449485984 28.4067712894 27.9740069099 27.2283649466 27.3008447315 28.045742642 27.2072182919 28.0934781352 28.2267972015 28.1239551686 27.9458156714 27.9708202173 27.4759645501 27.1938761288 27.6297878303 27.1270245119 27.2966672077 27.017676585 28.0810138653 28.3106783098 27.8189718263 27.2366152609 27.0049222568 27.7506088391 27.4568005418 28.3018756489 27.4901911191 27.8669983416 27.3947553282 28.0462572025 27.552020479 28.3274793855 27.699207056 28.0014259377 28.3438545888 27.9756679755 27.1267631794 27.869312413 27.0392389591 27.3757636236 27.8930804087 27.8562464799 27.9813035486 28.1684600144 27.3426260207 27.4428526161 28.2804556851
28.1572152092 27.6474835747 27.2483514006 27.8064004497 27.1591335275 27.5085210056 27.8650014439 28.0317163195 27.9750513807 27.5822977272 28.3656995565 28.2675678753 27.3895618944 27.3680829433 27.6224888682 28.0253072674 27.9435453744 27.897927684 27.1082930241 27.0728507687 27.8352464196 27.6822097064 28.2444434975 27.4778574957 27.5526950936 27.4172899682 28.15433301 27.9295224742 28.1718723358 27.4724692279 27.9341716081 27.9270526016 27.5447547088 28.2381227082 28.342137604 27.2571924106 27.9715542499 27.0497860365 27.3529983559 27.251223931 27.4476504719 28.3324478132 27.0226467457 27.8365535313 27.1418210414 27.7804711887 27.2416961578 27.1184382127 27.1698496662 27.6299794066 27.0859550138 27.8726099403 28.1057052032
27.469576144 27.4238087562 27.5729911338 27.1982837534 27.4081908296 27.9045928462 28.2327022725 28.2885955329 27.7669413372 27.8455583403 27.8103797516 27.6606822025 28.057669993 27.4127294769 28.1174065842 28.0030811985 27.9375928343 27.7104695521 27.1742533791 27.6060426267 27.7953048786 27.4969561562 28.1406732286 28.3070839391 27.8003223515 27.5127562554 27.9221929168 27.1763355818 28.3220626967 27.5961491265 27.7664696019 27.9408974065 27.3489913272 27.2185651039 27.138906461 27.9519515011 27.1686078538 27.8000458659 28.4035204199 28.1974651049 27.4812389495 28.0128288176 28.4139125377 28.1468829105 27.226984534 27.0082877122 27.9634547078 28.1206523967 27.4105607624 27.3126172511 27.5899658436 27.3173586752 28.1235612078
27.3033402203 27.905047945 28.3985849632 27.4838188006 28.3914906261 27.4137288981 27.1274578869 27.1524820736 27.5351985228 27.9823857675 28.0870428443 28.1780555476 28.1899129864 27.7963072517 28.0726293927 28.202750351 27.8766996575 27.7693057904 28.1977674566 28.1383186409 27.5812227807 28.4127243102 27.1734160882 27.6938337474 27.188396827 28.0546867297 27.726488393 28.018063982 27.1274274924 27.9279851723 27.9042021696 27.8038177977 27.8727810594 28.074120694 27.4368552752 27.7942747414 27.1033252617 27.099437856 27.8582217267 28.3229404193 28.0091745974 27.9457623856 27.7616174332 27.1424008319 27.0024946549 27.3294504265 27.6715756127 28.3265128 27.8085028934 27.6372167279 27.475620916 27.6099497933 28.3727832324
27.5127991987 27.0521568291 27.576509617 28.3326474183 28.1147349959 27.2025992689 28.2529268922 28.1848349199 27.7439691822 27.7308006836 27.8968615582 27.180106142 28.1045230183 27.8940656426 27.571555228 28.125403685 28.0811839058 28.2770939203 27.2687618554 27.719375646 27.9739962194 27.7348739741 27.5083301192 28.0193065372 28.0354854692 27.5841219478 27.1163189152 28.4020172223 27.7119053211 27.8579599857 28.3371775011 27.7559231016 27.4264811303 27.0872500137 27.5917857146 28.1795670627 27.6391268318 27.356261788 27.7755643186 27.6371560379 27.838489001 28.1333877448 27.7365816464 27.4629803524 27.6548978937 27.6878168173 27.4665131022 28.3326350344 27.2124937543 27.1136526266 27.4782689508 28.1524562449 27.7426533912
28.1822603929 27.6266747803 27.3758584687 27.8925221743 27.5259410909 28.3927408975 28.1944170875 27.3400935048 28.1930178977 28.3295931299 27.1234593123 28.3759314084 28.1436485872 28.2663884487 27.6791442967 27.6519931947 28.2774529655 27.3726318955 27.2277348847 28.273156195 27.999448385 27.6019245418 27.639791045 27.3342115768 27.2793198487 27.6301823673 27.8532417745 27.723515955 27.4208748593 27.430202847 27.8229851622 27.1189245106 28.0726386574 27.1507077687 28.1619252392 27.5730576241 27.4917334497 27.9033620422 27.4506176762 27.6773014419 28.322311773 27.1797276355 27.7528675225 28.1871970392 28.1676258785 27.4589026807 27.6268239868 27.5958928442 27.3358489929 27.2546509573 28.0173738827 27.9965256364 27.5808698979
27.8352903168 28.2972698088 27.6234142969 27.0832511773 28.1575733926 27.4458784045 27.872475822 28.0943712833 27.5622642231 27.0008940362 27.622420564 27.0095674723 28.1926555971 27.7510238889 28.4019415523 27.4947783992 28.0696167135 27.2270737478 27.2136396445 27.9721535611 27.0853694766 28.3359199746 28.2348970574 27.8165838226 27.3129907249 27.0632122343 27.4198047663 28.1114395618 28.3686863149 27.1196812913 27.4846504487 27.4284548972 27.1983326222 28.1468204169 27.2773210107 27.4479443777 27.1652149004 28.3763459677 28.0478699159 27.4757880886 28.3456604407 27.9085688602 27.940807917 27.2621766287 27.0117688344 27.0732550694 27.1433186892 28.2766896332 28.1705594556 28.091483632 27.7954757092 27.6775250372 27.9440662897
27.0675909024 27.5157719698 28.1029958726 27.2781543402 27.6628274049 28.1034964521 28.2816177413 27.0147645307 27.463531856 28.0486168401 27.1311647078 28.2594473094 27.7398849255 27.6272304723 27.5312286845 27.4848472053 28.0145406442 27.9595832129 27.190892301 27.9158545081 27.3753887111 27.9877919894 27.1288822658 27.7193639255 28.161680986 27.4412459441 27.5535484643 28.161784355 28.3423196977 27.6562977568 28.372604383 27.4001696317 27.3376640133 28.4023069419 27.9959842645 28.3068439744 28.297322232 27.27587116 28.3966550793 27.9590574122 27.228442573 27.8940035298 28.1204739858 28.1692578999 27.2453412047 27.2497498631 27.4463168179 28.2300305155 27.1083463105 27.596620158 28.3618712686 28.2747274016 27.5546831812
28.3429934307 28.1037600665 27.9076188261 27.4191176583 27.6167033025 28.2712883369 27.9659575908 28.2747803469 27.4555509416 28.1619214986 27.9737530386 27.5963621814 27.7049268927 27.8577757877 27.3406583911 27.4030128741 28.0572434681 27.2377754198 27.1642015279 27.9871992382 28.2703043622 27.6794095187 27.0924843275 27.1776281511 27.2493937278 27.352757689 27.2282355992 27.1516387209 27.1543799252 28.3697057617 28.0498893804 28.3731218817 27.465332345 27.3758808629 28.0568810053 27.40065338 27.2138328212 27.3379427456 28.2762511114 27.1507544504 27.3459030074 28.1826464992 27.0190018393 28.1306639144 27.259571756 28.3354312672 27.5817807385 27.5286250023 27.6914205424 27.3639910773 27.3171943306 27.2179335381 28.211630944
27.6007354359 27.9795834022 27.1167062941 27.4011346412 27.2487966544 27.0371168985 27.547176981 27.0635621482 27.4209296191 27.0834368358 28.2087754674 27.897765538 28.0008743508 27.9704951616 28.0962049379 28.3887874261 27.701756435 27.5452202583 27.7554667354 27.0539355385 27.258144012 27.106913747 28.1653924308 27.5361766236 27.7670940849 27.8667432785 27.0043038451 27.8639362947 27.5300347446 27.38795674 27.6903546645 27.526573458 27.5059070903 27.8339375764 28.1681921853 27.7971372077 28.3832305622 27.8240462864 27.6227804008 27.4499547899 27.2069717012 27.5177207179 27.6051010231 27.2559003628 28.1400616002 28.3272380091 27.7328059049 28.3884567037 27.5800926416 27.8210448861 27.9491443082 27.8247740668 27.4430096143
28.3552966943 27.19521505 28.2797049415 27.5039095141 27.233450032 27.8046295254 27.7308275612 27.0971201986 27.8694723891 28.0585361813 28.104956368 27.1458094021 28.3222753519 27.1697106192 27.4399535612 27.3010110876 27.590319857 27.427595588 28.1650075455 28.3980153353 27.8842848334 27.7630670915 27.57955187 27.068355063 28.4046534208 27.9674378072 28.1678885216 27.1234307218 27.3062127896 27.9897772099 27.1029064245 27.2725457845 27.18767605 27.4099701459 27.1166500834 27.2895035709 28.3604440333 27.7593243821 28.0248245006 28.2124322777 27.5061300962 27.6547664338 27.962810899 27.3521555437 28.0401577111 27.8507126688 27.1553728544 27.4312884193 27.5725698725 27.9790517787 27.519118847 27.426549347 27.8984735721
27.9527396953 27.4795775987 27.1565472513 27.2623676082 28.246510136 28.000373112 27.1038255043 28.0954730637 27.4886671141 27.3778945695 27.5683837721 27.1765572566 27.6101273605 27.8634978474 27.8510948782 27.785700947 27.3593115789 27.7244726615 27.4684602463 28.2042177159 27.7531529116 28.2514757337 27.7226520243 28.0919069863 27.8709723212 27.983301609 27.1085608969 27.7961740399 27.0142732245 27.5662654905 28.0226139589 27.5388489884 27.8228317803 27.1276546969 27.9040534035 27.4936018995 28.0161388161 27.5879034418 27.8801816847 27.8059807701 27.3311253084 27.4529724344 28.3297654076 27.1179898198 28.184654078 28.4016704636 27.1878458604 28.2153068678 27.3629547949 27.9177418077 27.9565977565 28.029159649 28.3230388639
27.2643968998 27.3006443456 27.3385910085 28.2954758577 27.0942442685 27.5760790074 28.0645370366 27.9599515502 27.0531926324 28.3025910576 28.0592215117 27.9079243469 27.5736396685 27.462577231 28.0338533702 28.3875295685 27.3501952268 28.088041365 27.1080131138 28.1690103606 27.1357644186 27.7556614805 27.4630738519 27.6491716034 28.2125405407 28.281517506 28.376075926 27.324830837 27.9501780886 27.1364314884 27.8318505447 27.7400171266 27.4485007955 27.7558263587 27.190959984 27.8857722459 27.7054168235 27.2676266297 28.2093731206 27.0140613571 27.5903247411 27.3418765807 28.148978305 27.8494930661 27.9841811038 27.1581467288 27.525692796 27.6347095757 27.2070493904 27.2814545562 27.8292812453 27.8181719859 28.053785529
