Spatial_Output/90% DEC/90DEC_0162.asc
NCOLS 155
NROWS 192
XLLCORNER 196769.923733
YLLCORNER 449719.875193
CELLSIZE 27.603701
NODATA_VALUE NaN
[rows 69 to 91 of 192, columns 0 to 52 of 155]
44.6925272295 45.0661678938 44.9014746594 44.7313336798 44.6447977249 45.1279744017 44.7954428907 45.0163581564 44.5288298528 45.0506161954 44.7030299494 44.8153188424 44.5571233214 44.5011878511 44.8053583902 44.8461463879 44.7795412653 45.1556930513 44.5713058703 44.9991945145 44.9964322543 45.058157586 45.0590931853 45.0081466333 45.2063594711 44.5709598151 44.7812424037 45.0126868922 44.6851049689 44.748180861 44.8129136769 44.7879012009 44.850756107 44.9294280454 44.6549488342 44.5454616478 44.6478923972 45.1240472353 45.1087424074 45.0291525249 44.7692215321 45.1012792158 44.9578280968 44.6013033502 44.5800612107 44.5113549706 45.1229640492 45.1416564881 44.7486369332 44.5180485341 45.1455388257 44.6912718814 44.8265600184
44.6501658022 45.1120410462 44.5454936951 44.958001815 44.7640441847 45.1479471995 44.6857376413 45.0316706548 44.9705570161 44.8973089002 44.6958201795 45.0483831562 44.8408236614 44.8558243683 45.0445848908 44.8660770798 44.788010086 45.0540327895 45.1294427673 44.6235941618 45.0231062622 44.8830299844 44.5859544434 45.0843390521 45.1359207156 45.1516318307 44.7799622244 45.0877927158 44.9967297021 45.1542811766 44.5319739139 45.092509192 44.9633691964 44.9320102021 45.0315377995 44.797612651 44.5043648153 45.1330200332 44.7620139805 44.9800299107 44.5295516793 44.5717929884 44.7013163893 44.624322601 44.982290939 44.6493155115 44.6968317914 45.0983973107 45.1211069617 44.5119935022 44.916742108 44.9454061647 45.0273617494
44.8227739212 45.1115808699 44.7956145293 44.8915016429 44.8633931807 44.6652234334 45.0436023864 45.1088905035 44.8215292215 44.5982568873 45.1201635085 44.7286721725 44.7502934736 45.0097638186 45.0883931342 44.615766002 44.5857202318 44.7936331134 44.7384531824 44.7930339706 44.8622940244 44.9813305476 44.9255087707 45.0536066705 44.9308658629 44.5596875348 44.5068172231 44.8295110828 44.5887686319 45.0478793519 45.1582235316 44.5321311893 44.7481545773 45.1277393129 44.6986744967 45.065311823 44.7935503934 45.1007857796 45.0893314929 44.609572945 44.9684485891 44.855145857 45.0280572925 44.7191422834 45.1695055069 44.9090373816 44.7942478326 44.558337741 44.6927524446 45.0554522598 45.0540169478 44.6557922097 44.7312751273
44.7493545819 45.1288540825 44.9336734395 44.8192205926 44.9268720915 44.8683937444 44.809722884 44.6949835173 45.0854839716 44.6507667612 44.6599790226 45.1167313695 44.8308489948 44.8605088908 44.9214455651 44.7483586823 44.9520751934 45.0363733148 44.8873299626 44.6297456502 44.5939995277 44.8255591765 44.5464875488 45.1799829801 45.007526368 44.9681815155 44.6742908095 44.6720073913 44.6370192932 44.6143006383 45.0229428383 44.7004127184 44.7101815886 44.5995159953 44.6097022434 44.8320397333 44.8077055907 44.5208016782 44.7183750693 45.137594159 44.7485507761 44.6920082659 45.1849735054 45.1510171341 44.5559143347 44.7156653529 44.6431454829 44.845531792 44.8805810091 44.7558412397 44.6018821 44.8568593995 44.7063769677
44.6439921739 44.6022890531 44.8486902123 45.030343001 44.7910210449 44.6827207363 44.6163948535 45.1860876524 44.7972702832 44.9381718002 44.7538630887 45.1839136135 44.793587678 44.8292811745 44.8327001524 44.8791777168 44.7982831367 44.9875606477 44.9941936433 45.1268241084 44.8818107818 44.8838157569 45.1765833451 44.8111765651 44.9393951254 45.0761772708 44.7971648683 44.8771730952 44.7137491497 44.679023188 45.021411657 45.0880183774 44.9802039526 45.0702609516 44.5068079582 45.0288074213 44.9355511671 44.8627591392 44.7365222382 44.9272017148 44.5945542372 44.6976863593 44.6998353743 45.1644503444 44.6219165032 44.8361841671 44.7468473649 45.1413275134 45.1107890256 44.5133779908 44.848475338 44.7578555535 44.651578671
45.0338591488 44.5193567172 44.7636324942 44.5304155966 45.1784980417 45.0872804125 44.5128396884 44.8556870472 45.002025683 44.6912152279 45.1649566497 45.1975777489 44.7752195893 44.6542670529 45.1982841613 44.5642820083 45.1397425447 45.0117290603 45.0972294521 44.5125148376 44.779165397 44.9606933836 45.1839465079 44.7837855045 44.8627449043 45.1836644016 44.503351063 45.1515454056 45.0781969744 44.5015266572 45.0554476394 44.8655719232 44.8661975758 44.6515323411 44.6638211232 44.5315412616 44.7322529507 45.1454302612 44.9669045646 44.9495198157 44.8679681614 45.1935566669 44.8879174704 45.1868868092 44.649444856 45.0867891175 44.9765872711 44.5752283043 44.8057710964 44.8616435751 45.006343114 44.6808523869 44.7069886918
45.106441038 45.1788516909 44.8858743031 45.194068862 44.6071750162 45.1213884217 44.9697496604 45.1805802777 45.0809125606 44.8262145816 44.7126757849 44.5486987538 45.1091337347 44.7577844999 44.7050545391 44.6050073898 44.8210040091 44.9195856843 44.6797869688 44.8311940571 44.6063463087 44.9707468301 44.8369839823 44.8976463017 44.8272315121 45.1306164851 44.7352714666 44.9708942911 45.0994839929 44.805239131 44.8198444398 44.6289377172 44.6664731082 45.1200901987 44.5804686532 45.1387924056 44.6533539902 44.5112647142 44.7964909677 45.0856524885 45.0827384845 44.7731865539 44.6324107919 44.6156353279 44.8959626464 44.8601936409 45.0181357353 45.0723512053 45.0021391922 44.5863425331 45.0089956561 44.5537583452 45.1851886433
44.6735443398 44.7839506655 44.7977398904 44.7671104689 44.5601601988 44.5930581448 45.1370778955 45.0289481784 44.6354432212 45.0474463885 45.1495610376 45.1064848123 44.7987921799 45.0152659118 45.1269117608 44.8637815733 45.1680718819 44.6153828271 44.8209611425 44.7257724443 44.9367555787 45.1357652681 44.8018750681 44.7479945538 44.8131798251 44.7292704807 44.5102150251 45.0580267175 45.2010762111 45.1042108452 44.9962071003 44.5333403319 45.1255898198 44.9982602897 44.9456704613 44.8000933945 44.6187833293 44.9891634378 44.5874546109 44.6844691488 44.5004757842 45.1956658885 44.6482842481 44.8626952569 44.6167893188 44.9757771525 45.1902755316 44.543980625 44.9804167829 44.5733508445 44.9011388672 44.9698199386 44.5077013123
44.6658020739 44.9539671506 44.5265276651 44.9874774019 45.0554767607 44.580786212 44.9160433903 45.0039730087 44.5035642029 44.840729479 44.8731293322 44.6068657268 44.5304656268 44.7463649346 44.5276645821 44.9389032484 44.8341458661 45.1152825657 44.6152327301 44.5459183161 44.6020665112 45.1117601499 45.1537522648 45.0146245866 44.6498971615 44.9515512372 45.131765759 44.8069426043 44.5305734461 44.6291352963 44.5485610302 44.9135166184 44.5608442899 44.8395600938 44.7141924899 44.892689258 44.6276630535 45.0902797763 45.0086806462 44.5144109076 44.7769965211 44.7630902342 44.5575470384 45.1663724195 44.8305349255 44.7576914551 44.822959233 44.9438291246 44.539427001 45.0397168911 44.9131890929 44.6253945755 44.5029196773
44.8537944917 44.5015952092 44.6019247091 44.7956184324 44.5811222264 45.1125735208 44.7032300519 44.8181151768 45.1720363323 44.6855303813 44.9348127824 44.8769891034 45.0050319438 45.0502581319 44.8679969431 44.681281983 44.5008059522 44.7918043565 44.7530332373 44.5228300842 44.8745621329 44.8535043435 44.8846815282 44.7882244767 45.0524524669 44.9485277658 44.8823619527 45.0374645304 44.8991071913 45.0795989645 45.0982556626 45.0801235558 45.1459096046 45.0292836194 44.5996864378 45.067508428 45.1998119679 44.8634149177 44.9847380897 45.006810067 44.7433501427 44.866306435 44.6824365035 44.5136444299 44.5446978095 44.9406915075 45.1344049536 45.1673653518 44.6694866688 45.1783092721 45.0933355224 45.1472138966 44.5738101125
44.9566476058 45.145879679 44.6061209564 44.7973972619 44.5371248858 44.9006034747 44.604291611 44.8540696929 45.1665631238 44.664802566 44.9630201226 45.0914179174 45.1284042895 44.6567738889 44.6967542771 45.1179868719 44.5741188385 45.0929576818 45.155126026 44.6448301187 44.8885842672 44.7841952738 44.9965926146 44.671604377 45.0915034139 44.9802770941 45.0539563265 44.827112304 44.7031370854 44.912490877 44.6380301557 44.6971578299 44.6047719792 44.6161648183 45.164451486 44.9623820025 44.6474866771 45.0714505145 44.7233021901 45.0367968832 44.8631145638 45.0708441634 45.2051977547 45.0354441399 45.1850234318 44.687513213 44.9874861227 45.0981135102 44.5977201844 45.1430299892 44.8963098406 44.5162842554 44.6197342034
45.1082012649 44.6961027761 45.1259613014 44.5945888691 44.7418043765 45.1810997206 44.50445263 44.8597665594 45.0719883753 45.1961590655 44.9677084748 44.503675993 44.9685287171 45.0258478442 44.7838492061 44.575047991 44.7479215498 44.8058256826 44.9788245433 44.7887727936 44.5321128534 44.7708268458 45.1065342065 45.0828747527 44.6193560305 44.5785577048 45.0892114678 44.8758644658 44.7847126982 44.8244432168 44.7107819447 45.1697574261 44.9103426516 44.807764502 45.1727342762 45.0600539395 44.8604443831 44.8162237978 44.9065730466 45.0398612468 44.6637404953 44.6747024078 44.5135216284 44.594422708 45.1329441073 45.147665673 45.0900378237 44.7044408206 44.5921739861 45.0659656095 45.1935726131 45.2061310531 44.7854403979
44.9045171268 45.1608537305 44.8938429404 45.0307150417 44.6744208365 45.0964071443 45.080666807 44.5773024377 44.9556464191 44.8837168959 45.1855718727 45.0922302317 45.029273978 45.19402561 45.038367952 45.0155034411 45.1047766701 44.9623524838 44.5182061038 44.8676997766 44.7336940645 44.9495983284 44.8415692346 44.7970211397 45.0323243113 44.5698148321 45.0513960234 45.0252236734 45.0538893472 44.6869895368 44.835359468 44.7828338989 45.0102845752 44.9359941527 44.5362228641 44.8431396065 44.6681825249 44.7986646302 45.0057586163 44.6595496675 44.6500173217 44.8074828228 44.5183970413 45.1354562829 44.6630405162 45.0291248226 45.1192052947 44.9250046552 45.0948005555 44.8202585876 44.706039805 44.8111846141 45.1177296568
44.9957403036 44.9384676478 44.8712723443 44.5081446415 44.9490957361 44.5919692125 44.5223613416 44.81315043 44.8414888659 44.6703880423 44.605522934 45.0402018988 44.6815033223 44.5529357356 44.9881985033 45.0227151094 44.5291591281 44.6799111828 45.0602448 44.5200292004 44.8192109489 44.7103919656 44.7026907242 44.5295360318 44.8323507469 44.9917740431 45.1270757145 44.7122325895 44.7833067884 45.0866659925 44.8913134452 44.7954483578 44.6368219487 44.8772040677 45.0402427203 45.036679241 45.1965877998 44.6744571712 45.1344525775 45.0231710611 45.0417732396 44.7920788323 45.032352788 44.6752940987 44.7510880602 44.7728366233 44.576258231 44.7702480343 45.1556304861 44.7547368062 44.7936048242 44.5914499616 44.5878536474
0 44.5142710099 45.0367258562 45.2013913627 44.9642032376 45.2009581207 45.049601953 45.0235546608 45.0462141868 44.7489845868 45.0812209785 44.7927669941 44.5911089247 44.8541615593 44.8992664901 44.9077501247 45.2049493274 45.2031273721 44.8537819674 44.8666263209 44.6119229318 44.7081594742 44.5227355024 45.056656351 44.8347632095 45.1858284194 44.6624301315 44.6283069084 44.6811675622 44.9841889851 44.9964387537 44.8127154145 45.0306839306 44.9769357748 44.5499856405 44.5760137776 44.6784022995 44.6535333697 44.7086516508 45.0507755016 44.7104157533 45.134464371 44.833279964 44.7819664428 45.179051257 45.0272910472 45.1251666178 44.6269019605 44.8389884072 44.8521968113 44.6804198885 44.7139723258 45.0037212472
0 44.5868925974 44.9404038106 44.9503987339 45.035209662 44.7392527585 45.149638163 45.0038254516 45.0689806367 44.8686972615 44.6643417048 44.9812385582 44.8009988094 45.0545432752 45.2054972483 45.1848491982 44.8080175531 44.914586709 45.1721625854 44.6071501689 45.1738152341 44.5064253253 44.6868919865 44.7871215686 44.5053476896 44.7118649178 44.9502201997 44.8263944446 44.8636480082 45.0599454377 44.847132812 44.7621727539 44.5435398626 44.6949747551 44.7378923556 44.5071537478 45.1774850003 45.1997239246 44.5155360869 44.8806113158 45.0339806534 44.9951657548 44.9626313162 44.8755427877 44.882249044 44.5751174611 45.0714409844 44.6538997817 44.8401181842 44.6555851596 44.9652414718 44.5379898199 44.8230061656
0 44.78584514 45.1162001994 45.1145540434 44.5768665 45.197557809 45.1382696084 45.0170068816 44.8296177613 44.9055707825 44.7386009157 44.5786636899 44.66147994 45.0919341086 45.07347514 44.7536899162 44.5481398777 44.7667759113 44.5753853642 44.5617135355 44.7130506186 44.8575960503 44.9074387241 44.8763531403 44.5059060447 45.1619405002 44.6175262496 44.535969977 44.7086781195 44.890886169 44.6693172628 45.1472794368 45.0645892001 44.7672297858 45.074023361 45.1074076386 45.063581746 44.6211755194 44.5425591796 44.9935970621 44.5666451015 44.6949562982 45.1861108428 44.8956015041 44.5053422324 45.0022582532 44.8620051563 44.9792939196 44.8545248751 44.7698307727 45.197059818 44.7850381783 44.8355725509
0 0 44.7485721448 44.5029182107 44.8623401284 44.5394702187 44.6425662343 45.0210125062 44.7470993456 44.8915293407 44.9169042057 44.5981172833 44.7341116064 45.1578416692 45.184471961 45.2035840608 45.0395417602 44.7574507252 44.8395975145 44.972507804 45.0341409298 44.5284427774 44.6847883378 44.7028964742 44.5193118511 45.0525911648 45.0126104962 44.9646845912 44.7346496369 44.9843640574 45.1530453105 45.1787439856 44.7759674941 45.1376242225 44.5408629438 44.8798161781 45.053889302 45.1850526916 45.1133657614 44.8549014791 44.9843446461 44.6813836704 44.9441124046 44.5655357337 44.6498180021 44.5068799801 44.9666341634 45.1077974594 45.1496213769 45.0713642783 45.1266998049 45.1618546893 45.0794199501
0 0 0 44.8667544907 44.9405814497 44.9804783532 44.9775648668 45.173215235 45.0771098624 45.0153040026 44.6742860012 44.5308716818 45.0593148436 45.0068939424 45.15560841 44.5314452617 44.5088385113 44.7962541534 44.7609075682 45.1795385948 44.751413826 44.8170152372 44.7106912839 44.694140694 45.1972518727 45.1714453266 44.6732654751 44.9657755053 44.521791776 44.7665217718 44.9507674492 44.6036230496 45.1895543849 44.9740073632 44.7097290114 45.1654931243 44.9561326761 44.5299219164 45.1242222659 44.5739750114 45.0279198501 44.5937944171 45.1814201559 45.1587960206 44.9708570589 45.1537760974 45.1697196124 45.0297989136 44.5636439629 45.0999372362 45.1809293911 44.8777997098 44.5813817889
62.4957464724 60.121202685 70.8962749614 0 0 44.9970714413 44.6949586765 44.5317678535 45.0117900962 44.5765901329 44.8805263955 44.8310756445 44.9092774386 44.5946631983 44.7149813289 44.7433777518 44.923034865 44.8216156219 44.8098731592 44.9149420672 45.163910114 44.53477247 44.8472166386 44.7049087697 44.7402993834 44.6168730781 44.9557427709 45.1399512366 45.0892572633 45.0966898078 45.1078708803 45.0431422105 44.9121320877 44.8819149643 44.64027234 44.5173491116 44.5172531921 44.834184509 44.7170111435 44.5500893474 45.1999979422 44.8003653664 45.0176832445 44.6970542919 44.6236946982 44.6739744303 44.8731570617 44.9610541966 45.0423817175 45.1822834329 44.559216172 44.9494596987 44.5396565565
59.58256267 59.8995750627 66.0640898711 0 0 0 45.0316662901 44.5612006303 44.5181470063 45.1115848355 45.2011180897 44.5544987903 44.9048859193 44.8079608456 44.5694364758 45.0372300849 45.0251516668 44.6160907771 45.1268639985 45.1794396468 45.0598453308 44.7480309022 44.7046534729 44.5990587883 45.0945074049 44.6055796738 44.5335418355 44.7101547833 44.5420004887 45.1929624982 44.9696968084 44.9183395899 44.7870716024 45.090687385 44.9951333454 45.147633595 44.9910065567 44.8591322761 44.7129365775 45.2038801987 45.0551613149 45.1063587215 44.5894784831 44.5001837193 44.9547225109 44.8463276754 44.6821031376 44.8691730007 44.6259434713 44.7228553252 44.7409048177 44.9427210554 45.0576724848
62.5563250952 68.5308759182 65.7926038178 0 0 0 44.9163320475 44.598912764 44.5557347112 45.1201833497 44.6459918079 44.8265318977 45.1420359957 44.8268471976 45.1941451326 44.7266784453 44.6247863674 45.0033944015 45.1726717537 44.6480523931 44.8593665151 44.6642818929 44.8672156692 45.1074049274 45.1047524225 45.1387614812 45.0386035282 44.8655173519 45.0683864002 44.6387795869 44.9056244819 44.5487528015 45.0686242037 44.8063606413 44.986264823 44.9141792461 44.7210113466 44.6705761356 44.5673084631 44.6856560729 44.5194051075 44.892680376 45.1351802125 44.756522907 45.1945958498 44.92655357 44.6565289487 44.6211099542 44.875563032 44.9295996187 44.9063156063 45.1074505091 44.7934829891
0 0 0 0 0 0 44.6503968819 44.7595175185 44.9965397754 44.5782346705 44.6986846353 44.6427963742 45.0860076697 44.8351314686 45.0013488673 44.7305171381 44.7489017752 45.1271537335 44.7486718624 44.6131834692 44.9561770423 45.1808839172 44.5628901899 44.6126590511 44.8297762165 44.8801469006 44.9238443859 45.1196373933 44.8687888618 45.0013219131 44.7265951119 45.1631075573 45.0524074408 44.8632611296 44.5519715932 44.7573322475 44.9401598082 45.0086344139 44.6589770232 44.9731604525 45.1300614257 44.5907792565 44.8475058635 44.9843703679 45.0563639869 44.9535366519 45.1046177044 44.935013126 44.5762230891 44.8415164475 44.5413935183 44.5259980627 45.0305620969
