Spatial_Output/90% DEC/90DEC_1173.asc
NCOLS 155
NROWS 192
XLLCORNER 196769.923733
YLLCORNER 449719.875193
CELLSIZE 27.603701
NODATA_VALUE NaN
[rows 0 to 22 of 192, columns 0 to 52 of 155]
0 0 0 0 0 0 0 0 0 0 0 0 0 0 0 0 0 0 0 0 0 0 0 0 0 0 0 0 0 0 0 0 0 0 0 0 0 0 0 0 0 0 0 0 0 0 28.0066917611 27.7229796249 27.8630436391 27.6535610073 27.8810175806 27.8477685617 27.51254231
0 0 0 0 0 0 0 0 0 0 0 0 0 0 0 0 0 0 0 0 0 0 0 0 0 0 0 0 0 0 0 0 0 0 0 0 0 0 0 0 0 0 0 28.1104683964 28.0258370331 27.5403443857 27.5922668461 27.7796304853 28.1295855854 27.6976791414 28.1743373288 27.6224459981 27.8008436177
0 0 0 0 0 0 0 0 0 0 0 0 0 0 0 0 0 0 0 0 0 0 0 0 0 0 0 0 0 0 0 0 0 0 0 0 0 0 0 0 0 27.7503349474 27.5482679548 27.9622361778 27.8992736978 27.5072814517 27.6994725086 27.8702884816 27.9622187103 27.605719408 28.0869992283 27.6794467452 27.5659350617
0 0 0 0 0 0 0 0 0 0 0 0 0 0 0 0 0 0 0 0 0 0 0 0 0 0 0 0 0 0 0 0 0 0 0 0 0 0 0 27.6575427889 28.1482294319 28.189955534 27.5108088699 28.1402005069 27.9548012891 27.8191952684 27.5059624875 27.62786275 27.6906955677 27.7257112166 27.9898562135 27.6299311903 28.0510935224
0 0 0 0 0 0 0 0 0 0 0 0 0 0 0 0 0 0 0 0 0 0 0 0 0 0 0 0 0 0 0 0 0 0 0 0 0 27.795739809 27.9049676975 27.9668609234 28.1340103588 27.6377997663 28.0882520726 27.6186027506 27.5527957534 27.554852735 27.7447712148 28.141800222 27.7665028466 28.1926723757 27.9766345309 27.6569095892 27.5683915865
0 0 0 0 0 0 0 0 0 0 0 0 0 0 0 0 0 0 0 0 0 0 0 0 0 0 0 0 0 0 0 0 0 0 27.7905188664 27.8581048573 27.909209076 27.9718738729 27.9152591009 28.1120393142 27.8469963649 28.1125014293 27.8684604537 27.5757145158 27.5743987117 28.1484658021 27.7178603642 27.8295916223 27.7580400146 28.1680415152 27.8037961599 27.8520994813 27.5746983327
0 0 0 0 0 0 0 0 0 0 0 0 0 0 0 0 0 0 0 0 0 0 0 0 0 0 0 0 0 0 0 0 27.5594193111 27.7455185502 27.7548974931 28.1743922198 27.8607134086 28.1126792409 27.5026895323 28.0943058596 27.7274311754 27.767555828 28.1770901167 28.1248829489 27.8546584666 27.9643827859 27.8643788616 27.8779169357 27.9606564529 27.865314103 28.0203185228 28.1348614135 27.6807073695
0 0 0 0 0 0 0 0 0 0 0 0 27.9660833762 28.0533574865 27.5974611904 27.7642961603 27.8668277019 27.5561312009 27.5714000165 27.7998522168 27.9939230804 27.8528203602 27.8432398259 28.1674299404 27.7412127393 27.9110835891 27.8697807763 28.0615624699 28.1924237081 27.8824056835 27.7080328514 27.6882000947 27.6138164417 27.7468184845 27.6684413141 28.0876900602 28.1054353124 27.9319765309 27.8369354566 28.2026795201 27.5122255214 27.9923430098 27.8238113021 28.1416749535 27.5475507806 27.9463049274 27.9817326681 27.7260680305 27.6585154727 28.0585200103 28.1629368019 27.9998341936 27.5215004492
0 0 0 0 0 0 0 0 0 23.8031028427 11.3650416174 31.1791552406 27.6653181248 27.6822035347 27.7826589222 28.1979584791 27.8098480208 28.1061334093 27.7719158524 27.8882227761 28.147101891 27.7193576682 27.911978653 27.9850441831 27.8286490142 28.1692735894 27.8984566438 28.0574108689 28.0803620793 28.0952686216 27.7482950316 27.5061256944 27.5526372431 27.6610038455 27.7042218817 27.5472405605 28.0889086527 27.5721385208 27.7944091779 28.0369887243 28.0933677604 27.627819499 27.8459099087 28.1712923313 27.5256999211 27.5081158704 28.1237631719 27.6855860755 27.6011278596 27.7538445619 28.2010061561 27.6751064863 27.6423727406
0 0 0 0 0 0 0 0 0 35.0594647112 10.2001133213 24.6713538753 27.8915398767 27.807034049 27.9590090838 27.9679169756 27.7342964721 27.651589841 28.0140784328 27.7595197583 28.1268402867 27.6557599421 27.5188282245 28.1061599951 27.6728718582 28.0857285762 27.9453617362 27.552496993 27.8553579652 27.8867661529 27.885581608 27.5284288504 27.6958118876 27.9335835274 28.1095487642 28.095996051 27.5350541405 27.8085680639 27.9708855563 27.9143514196 27.963068916 28.1353228699 28.0809579348 27.7337600803 27.9723913846 28.1815091945 28.0023764298 27.6698733294 27.7402484069 27.6237794021 28.0307535568 28.0081026807 28.0465420907
0 0 0 0 0 0 0 0 0 30.9910560017 23.9393782652 15.1548598799 27.5147892612 28.0091762951 28.0571012973 27.6031414915 27.9300373984 27.7602379977 27.8632214597 27.6500259333 27.756123825 28.0916644257 28.0589594357 28.1090506246 28.0700157447 27.6886982414 27.7913050025 27.7752673514 27.7277109954 28.1567132554 28.1189116429 27.7725563292 27.7763897636 28.1903816787 28.0635747822 28.0830589956 27.9417589767 27.649064368 28.1005307185 27.915216776 27.9818748722 28.1714089153 27.7590987949 28.0489330658 27.7699717691 27.8588791777 28.0098867292 27.5540536308 27.8595378094 27.7878737578 28.136033482 27.6453167129 28.1320413852
0 0 0 0 0 0 0 0 27.7363519222 27.7932508176 27.8838680085 27.6731358377 27.7807416549 27.7265837946 27.7808744505 27.9054393287 27.7928084096 27.7311033825 28.0854338916 28.1788275885 27.5208333546 28.0178487 27.6254126433 27.990393737 28.1937217345 28.2048572651 27.6520474285 27.6143124163 28.1091270874 27.6469657014 27.8388537445 27.8974366334 27.9180122181 27.9219450115 27.8997760621 28.154565567 27.6945361067 28.1539574894 28.1744069321 28.0998249581 27.8334892116 28.0032560052 27.5099095965 28.1750549109 27.5654402645 27.8459212966 27.8723189414 27.6106288669 27.799232682 27.7387301735 27.9796012382 27.9857481751 27.9954763979
0 0 0 0 0 0 0 0 28.0165131939 27.6777685705 27.8200778563 28.1849792579 27.5189480691 27.9751296122 27.7861227554 28.0724157533 27.5749169544 27.59656203 28.0867471523 27.892419106 27.7211398742 27.5228251173 27.6904985706 27.9911070172 28.0450040868 28.0290576353 27.9233665036 27.9209058186 27.8343210747 27.7822445556 27.8142132679 27.7621885833 27.9509087533 27.5377991438 27.5328662529 28.1173101531 27.523199536 27.9152734299 27.6349966857 28.1231229372 27.5529496742 27.7497650326 27.8377344501 27.8862624971 27.9403929831 27.8187157598 27.5010220232 27.5287405806 27.7479779671 28.0755753621 27.6313847189 27.9936860692 28.0583225439
0 0 0 0 0 16.5914780425 22.1818654357 33.8690824461 28.1969165849 28.146023318 28.1109498684 27.8565805179 27.8856238487 27.5050886319 27.8941491608 27.948502813 28.0047830905 27.5381139895 28.0207750775 28.0564238777 28.0405283503 27.9115535714 27.7868596943 27.8318085492 27.609748928 27.790293332 28.0413810624 27.8638805456 28.0201518708 27.7203589878 27.5249867337 28.190807606 27.6468062593 27.9488309352 27.6977884073 27.7058728689 28.0027455095 27.8644879837 27.6089460138 27.7037565532 27.898883212 27.5800116275 27.8918436439 27.5659730269 27.9440198299 27.6550337504 27.8294870641 27.8865457767 27.9616995234 27.8743375502 27.7440328605 27.7253024125 28.0769761386
0 0 0 0 0 19.2213508323 24.5352299526 18.2323344889 27.9413021233 27.8343525069 27.6439264455 27.9209235385 27.9864438567 27.6995520493 28.1644096505 27.6328974017 27.7278086648 27.903357548 27.8143446114 27.8216762045 27.5843821896 27.5822735647 27.7975236321 27.8618970831 27.8159925725 28.0853630921 27.8305699062 27.9720695415 27.5545853922 27.905724053 28.0962212373 27.6883989319 27.6738908063 27.6845541682 27.6755354324 27.8583114107 28.0316905934 27.5693837229 27.8050312526 27.7006478251 28.105943002 28.0438670344 28.0622719223 27.7369107071 28.1955502459 27.8075060682 27.8649026882 27.8399587376 27.7325735825 27.8479294293 27.7711034922 27.8359064617 27.5306384463
0 0 0 0 27.8437144664 21.1537348388 11.4802876008 23.0660488401 27.7833270624 28.0543415601 27.6592279399 27.6591314263 27.7578491053 28.0561239649 27.5028969782 27.8402130482 27.8386828514 27.8798065439 27.6065720232 27.6577156255 28.0384441744 27.9962432215 27.7374139198 27.6094358834 27.7813910118 27.8960287484 27.9259501014 27.8448287209 27.6216129322 28.0152438894 27.6307647535 27.5949474046 28.1478167029 27.9261298357 27.6989630008 27.6836085035 27.5672465506 28.1909561057 27.6775340863 27.9413844504 27.5523334396 27.537578568 28.0903833658 28.0014151033 27.7942592319 27.9483277684 27.5769272836 28.087328586 27.892346093 27.7348935032 27.6215471044 27.7676431606 27.6456057377
0 0 0 28.1496510951 28.023302116 28.0133588013 28.0332298512 28.1687698072 27.671394238 27.8143755512 27.7130914438 27.715392282 27.8957188796 28.1123198008 27.8824047426 27.718747785 27.8024529448 28.1900334594 27.6570725447 27.5610899633 28.0573047048 27.5724830802 27.8272470507 27.6293396314 28.1407121526 27.9101486512 27.9672826634 27.8468480089 28.1096809464 27.6208267108 28.1963716903 28.0093930667 27.6873682136 27.5742854209 27.9470418997 27.9763055437 27.870648957 27.6709896151 28.1706737739 27.539039219 27.9495578124 27.9192653981 27.5323848675 28.1339167262 27.541126318 27.5469014017 27.7501451716 27.898562736 27.8021600838 27.899463275 28.0570136814 27.8334244838 27.5337711228
0 0 27.542953543 27.6315608942 27.8761686978 28.0753969491 27.8803224428 27.9278495806 27.8145438091 28.203406662 27.7954917496 27.5808415217 27.8438071894 27.8317290868 27.8178023789 27.6704462465 28.1425650728 27.8443753591 27.7897644645 27.7191019915 27.887535616 28.0437617418 27.8108388936 28.0064672026 27.5743017767 27.5020898433 27.9762723082 28.0827022208 27.9572742411 27.7406189743 28.18145779 27.8690682267 28.015135394 27.6332345941 27.5153175647 27.6205362466 27.5818076126 28.082885946 27.9986852982 28.0001481626 27.6908527505 27.8830687923 27.7149420047 27.6677474723 27.6174245357 27.562033613 28.1511772113 27.6578781 27.7508851709 27.859407745 27.9752373321 27.7481586073 28.1680670074
0 0 27.7787924617 27.5007545628 28.014352919 27.9971608317 27.8454098404 27.8546271879 27.6725977105 27.5260982524 27.9037277927 28.048575492 27.9461956152 27.9761879567 27.6770841959 27.8423938196 27.7981052886 27.8954648803 27.5592787702 28.1930804788 28.0043701614 27.538071401 27.6351938984 28.0555313193 27.8731918917 27.927561324 27.9580102027 27.8410904565 27.8668651378 28.0406296001 27.6966106874 27.8038023293 27.608876721 27.5132416771 27.8250014153 27.7804135191 27.9691114705 27.8969603525 27.7862589093 28.1177863231 27.8833796415 28.1809321583 28.1023385201 28.0004726429 27.5038449498 27.7510403724 27.7294766087 27.5954949658 27.938525037 27.9323639477 27.6392610396 28.1266252829 27.5474908062
0 0 27.9970114417 27.9327267974 27.6823330925 27.6095330344 28.0061097172 27.6823766807 27.5859617773 27.6032114211 28.0821275423 27.9689775801 28.0097556179 28.0013033022 28.0046971873 27.7300136314 28.086047733 28.190555003 28.1860183162 27.8254511957 27.790005888 27.9885259101 27.7824890501 28.1677435975 27.5129238039 27.9434888494 27.606056614 28.1413967164 28.120561274 27.5698354971 28.0266364041 27.9384669525 28.023406814 28.005899842 27.7509252595 27.6388448768 27.7642901216 27.7952942327 28.05243007 27.7267911273 28.1259764023 28.2000828914 27.6626014109 28.0849611675 27.6788018389 27.7386297813 27.6873283358 27.8644464937 28.1638338259 27.7111897419 28.1310616546 27.5086387298 27.9043836805
0 0 27.910235116 27.864340747 27.5480564652 28.1727127857 28.0769128916 27.8608071702 28.0032551436 28.0077847938 27.7559323836 27.7389095654 27.9638320393 27.7608697842 27.8576994409 28.0335278463 28.0823571568 28.066682852 27.6757963552 28.0899000077 28.0060708936 27.792116573 27.5547328786 28.1167120043 27.5529743204 28.0397555907 28.015899398 27.5704549305 27.8236575703 27.9606819281 27.5344586745 27.9458838699 27.86814638 28.1025720999 27.5641824177 28.0295158803 28.156003064 27.6298059027 27.7406014699 27.8577752018 27.8663351512 28.0266441408 27.9461278725 27.991836923 27.5950125131 27.5336144931 27.7475364682 28.0500743766 27.5083310842 27.7986533088 27.985403508 27.6210930249 27.7373789507
0 0 28.1123408023 27.5636355331 27.8892645139 28.1591919668 27.9990828634 28.1616367565 28.0005644023 27.7794365138 27.5225433369 28.0314780746 27.9822539555 27.9914067237 27.9410539963 27.6862698934 27.6300824768 27.5802014445 28.0883681319 27.6355691472 28.0732804904 28.161696838 27.9309998886 27.5811463366 27.7366600809 28.0211505409 27.6649977413 27.8735852478 27.9043795145 27.945423849 28.0613694103 27.6345690846 28.0482637058 27.5934026088 28.0663475115 27.8965756077 28.0091712186 27.6057468924 27.6965972902 27.5295037781 28.1938323968 27.9103526689 28.0735022494 27.5522249606 27.8992421732 27.6513900993 27.9532285487 27.7458451012 27.6013706346 27.8247584425 28.1662271673 27.9369164706 28.194493485
0 0 27.6381585425 27.8735817161 27.988336692 28.2053355859 28.1046899615 27.758415549 28.0214172158 27.6232681395 28.1492555527 27.7778171762 28.1258531663 27.6196864051 27.778880053 27.94755863 28.1667519524 28.2014721178 27.5323006993 27.7018036604 27.8478259614 27.74897228 27.600804382 27.8918631343 27.6384079452 28.0000640994 27.5955426111 27.5381475386 27.5784462481 27.6442946692 27.9925094338 27.8077861059 27.5672544434 28.0786648625 28.1724186479 28.0228825513 27.5472941739 27.813222053 27.802838077 27.5701271465 27.7060911416 27.9606168914 28.1898651825 27.9594220293 27.6870563387 27.6916085473 27.8152711533 27.9773705068 27.5040527104 27.7383446734 27.5769610053 27.5852855835 28.1129539821
