Spatial_Output/90% DEC/90DEC_0209.asc
NCOLS 155
NROWS 192
XLLCORNER 196769.923733
YLLCORNER 449719.875193
CELLSIZE 27.603701
NODATA_VALUE NaN
[rows 0 to 22 of 192, columns 53 to 105 of 155]
46.4554459399 46.4965400461 46.390485438 47.1513885032 46.8207462236 47.0957604229 46.7139932054 76.9518482909 65.5185582726 64.2776112448 46.1126162175 0 0 0 0 0 0 0 0 0 0 0 0 0 0 0 0 0 0 0 0 0 0 0 0 0 0 0 0 0 0 0 0 0 0 0 0 0 0 0 0 0 0
47.0471716225 46.8729824979 47.2476681049 46.7344173334 47.3349251256 47.182895493 46.257033957 68.5107505897 77.5616263237 78.3584799708 46.4147065906 46.4055360802 0 0 0 0 0 0 0 0 0 0 0 0 0 0 0 0 0 0 0 0 0 0 0 0 0 0 0 0 0 0 0 0 0 0 0 0 0 0 0 0 0
46.6312415164 46.5828738435 46.0065432026 46.975250273 46.1247510132 47.3550078113 46.517313858 65.6405095026 73.7707538307 75.3140089568 46.9976621974 46.2653471885 0 0 0 0 0 0 0 0 0 0 0 0 0 0 0 0 0 0 0 0 0 0 0 0 0 0 0 0 0 0 0 0 0 0 0 0 0 0 0 0 0
46.7090702829 46.3097599796 46.2652313931 47.3382561736 47.3296249591 46.9703999573 47.0303473586 46.861565998 46.284954094 46.1095703161 46.58274212 46.2867416227 46.5594254983 0 0 0 0 0 0 0 0 0 0 0 0 0 0 0 0 0 0 0 0 0 0 0 0 0 0 0 0 0 0 0 0 0 0 0 0 0 0 0 0
46.2068110279 47.2846686573 47.2796190279 46.1793790596 47.3691277258 46.1941871073 46.7398328242 46.5887010453 46.8768571905 46.412436084 46.7190350863 47.1244897047 46.3224565176 46.367729927 46.4211311338 0 0 0 0 0 0 0 0 0 0 0 0 0 0 0 0 0 0 0 0 0 0 0 0 0 0 0 0 0 0 0 0 0 0 0 0 0 0
47.0303704351 47.403000455 47.0742954487 46.2456510932 47.0272992201 46.4763107136 46.5926787183 47.1087202619 46.7808723253 46.9900910076 46.0289343389 47.2235055765 46.9988820264 46.2316440631 46.2631000838 47.3268209844 0 0 0 0 0 0 0 0 0 0 0 0 0 0 0 0 0 0 0 0 0 0 0 0 0 0 0 0 0 0 0 0 0 0 0 0 0
46.1822332115 46.6658695752 46.4370192951 47.3422182392 47.1082260342 46.7589862396 47.0786051889 46.3610018171 46.4420310121 46.13078903 46.8854916729 46.3582358559 46.5632959474 46.1012617695 46.3524365352 46.2288472549 47.1367155033 46.825638061 0 0 0 0 0 0 0 0 0 0 0 0 0 0 0 0 0 0 0 0 0 0 0 0 0 0 0 0 0 0 0 0 0 0 0
47.0212088897 46.6722985126 46.1109704407 46.7537328149 46.4582252722 47.1601591097 46.5402742072 46.1253753381 46.6077435731 46.9390450687 47.2687079724 47.2362305094 46.8485644153 46.4912766733 47.1372895688 47.1165359489 46.2430252169 47.1431341193 47.0664315923 0 0 0 0 0 0 0 0 0 0 0 0 0 0 0 0 0 0 0 0 0 0 0 0 0 0 0 0 0 0 0 0 0 0
46.2700785609 46.6149804182 46.8321091305 46.6120927239 47.4027854997 47.3136583239 46.7678309609 46.983450758 46.1697221867 46.2198572746 47.3632748226 46.1084513413 47.1448526492 46.4205265513 46.9539107922 46.2859222791 46.6662803393 46.0740371633 46.9288815221 47.3897463287 46.0173667818 0 0 0 0 0 0 0 0 0 0 0 0 0 0 0 0 0 0 0 0 0 0 0 0 0 0 0 0 0 0 0 0
46.6276429326 46.1332788213 46.456653007 47.0396045218 46.9796230737 46.469831008 46.1182182632 47.1339363175 46.9635756847 47.1566121074 46.7602747635 46.1621110611 46.6593490072 46.5290102864 47.1976958777 47.0814401648 47.135397956 46.4032038316 47.1466747267 46.2560492932 46.4395186444 46.5631267136 46.5344931711 47.0523709823 0 0 0 0 0 0 0 0 0 0 0 0 0 0 0 0 0 0 0 0 0 0 0 0 0 0 0 0 0
47.0748368813 46.7472769167 46.5072543913 46.7450005793 46.5971005584 46.2016972167 46.8187230436 46.4550722286 46.6082544907 46.7744970894 46.3075554933 46.8462482224 46.3438108935 46.727313667 46.2661207127 46.5901856632 46.907078413 46.9774004015 46.3037445254 46.5560295955 46.9202211231 46.2004954123 47.3813545501 47.3509870278 47.0293520707 46.1091916134 46.1438253947 47.1885002189 47.1725864428 0 0 0 0 0 0 0 0 0 0 0 0 0 0 0 0 0 0 0 47.3716926689 47.2275541795 47.0271647304 46.416987709 46.9359993505
46.7292563402 47.3572509196 46.5144617295 46.0880771894 47.0752531909 47.1946419423 46.7639878398 46.7279592612 46.6305412404 46.5982333732 46.2692331421 46.523770113 47.1204397837 46.7041552932 46.7479051727 46.2427235991 46.6383596566 46.7213647102 46.2752591128 46.5548260221 46.234124178 47.3130023359 46.9472181701 46.3845057355 46.3467942342 46.1672409171 46.6976537134 46.133649542 46.732288241 47.3658458745 47.1003017338 0 0 0 0 0 0 46.4063361458 46.8722216922 46.9863964318 46.216599999 47.2987253547 0 0 0 0 0 0 46.8184200382 46.1746785578 46.56260233 46.9154447395 46.6146812654
47.0886791259 47.2238704323 47.1210880482 46.260457663 47.1057059519 46.8580222424 46.137536249 46.8325374133 46.2826266279 46.3553958432 47.0747436825 46.4808600996 46.4421682279 46.4901153246 46.5956729245 46.4486772189 46.7043682949 47.1825635163 46.981659494 47.0582853388 46.348712834 47.1098562587 47.1678452333 46.2274177466 46.1799277843 47.22338976 46.1319280607 46.7476784488 47.4027558231 46.1281049375 46.5968545051 0 0 0 0 0 0 46.856197414 46.4454531216 46.828530959 46.6241424589 46.5666235717 47.2755829297 46.663455113 46.8303820403 0 0 46.1686770981 46.6490252808 46.3026525457 46.5361358341 47.2919338931 47.2109578949
46.503173781 46.8922002513 47.2413090857 47.2318031758 46.2456126107 46.9920950383 46.2689647414 46.3083691749 46.6297600396 46.0910451771 46.5694140722 46.9891107795 47.3174564174 47.3686352197 47.2191452847 46.722318515 46.2476515068 46.250780733 47.0197804042 46.4960212455 46.1819985015 46.1406637434 47.3108330324 46.0143909017 46.3532786917 46.0518823696 46.5782466577 47.0729680249 46.7215493599 47.230856802 46.0848463308 47.2459786606 46.7516774483 46.2689167803 46.3772396735 46.6665698977 46.9266648027 47.3100058366 47.3464200717 46.6388075123 46.571208414 47.1547549923 46.1690580641 47.1545471256 46.5705346191 46.2045160154 47.1211438091 46.2189105191 46.5523342459 47.0821711737 46.4144271983 46.6113784132 47.0866751262
47.1663713372 47.2535864989 46.6480548788 47.2080653427 47.2841759524 46.7964727177 46.4935404646 46.9367390132 46.3223565736 46.0763908967 46.014188941 46.0120391677 46.0293350249 46.3379537244 47.260610125 46.4124909263 46.23763827 46.6487692497 47.0079566804 46.4445930847 47.0978958672 47.16502296 46.992195091 46.9992152858 46.6847118794 47.3342785496 46.1066766531 46.9020366591 46.4475868118 46.3668288747 47.1731801165 47.3597827653 46.5780663571 46.6156783121 46.6027255069 46.4509075425 47.1218053078 46.4375650997 46.0780375807 47.3146013313 47.3450502424 46.7451714681 46.8289868972 46.8440385054 47.1627194747 47.3062557846 46.489319378 46.7091408055 46.7775535571 46.1323442323 46.6470248363 47.2684830141 46.6732588676
46.3091315703 46.6398989314 46.3901137615 46.0872038778 46.5842432295 46.9428552052 46.7979285966 46.1312552464 46.7246645907 46.7297128938 46.7159635382 46.3487431678 46.465665301 46.8427455969 47.3860920787 46.4154908726 47.137326775 46.1995185164 46.3364552234 46.0768575825 46.8766088665 46.7233189629 47.21099415 46.4056860667 47.2066351877 47.2531535054 46.3460791822 46.484713653 47.0294812309 46.3241587523 47.0998322874 46.8464981644 47.4007706002 47.1117416673 46.5816863184 46.2821854645 46.5585232963 46.667160336 46.4277668782 47.2584580788 46.512311278 46.5173126834 47.2871947282 46.5193461905 46.9645423197 47.2450220456 46.9423308225 46.1922736872 46.560278007 47.3629741215 46.0820762128 47.0707614985 46.4022964071
46.9082945678 46.1794585829 46.2710790275 46.8326842369 46.6992342667 46.849954614 46.5304314337 46.6455716375 46.3918040405 47.1252318461 47.1840710688 46.2964005392 47.1381788451 46.4623120985 46.4542874486 46.7667255901 46.1373024645 46.0027614829 46.6756416562 47.2391435747 46.9315932509 46.8714836875 46.5845250806 46.4316118874 46.3364233402 47.0126621911 46.8588209928 47.3409663466 46.2896240795 46.3297491312 46.128106626 46.365326739 46.2056665243 46.8851121031 46.6501745322 46.7960418507 47.1041574168 46.0335883883 47.4002642461 46.9797407011 47.1761156454 46.1186136126 46.3362789568 46.014372644 46.4446786011 46.3832141948 46.1179080528 46.2768245997 47.3424280487 47.2332378476 47.2222020036 46.1700479664 47.0516186195
47.0207164788 46.7731096714 46.2757009189 46.5313373211 47.3536867438 47.1779597209 47.3349521077 46.6404043428 46.5201908661 46.1310301278 47.2495415406 46.6687965739 46.2281637155 46.4791537585 46.0810382114 46.2160233773 46.2003369412 47.3054508218 46.551815555 46.1727536961 46.4449773996 46.8010470857 46.0679726953 46.8505930475 47.2858807171 46.6306536871 46.7291573295 47.2222088309 46.7965477985 46.5622510083 46.1700482947 46.2471426509 47.2108384592 47.0407512643 47.2678401641 46.7862794645 47.2570694543 46.1122975155 46.5935256568 46.162126499 46.5724909274 46.1083996478 46.5702746106 46.442906881 46.2889919278 47.0850268517 47.2058335804 47.0657139084 46.2838941336 46.0518070441 46.6714351104 46.8724739434 46.5678361421
46.8014625282 46.9269990915 46.915347439 47.264051016 46.1274746285 47.2650488291 46.7603667941 46.2426913672 46.6491037011 46.6330408261 46.073402084 46.4029505372 46.2976018514 46.7902140356 46.3013813877 46.8336177161 46.5283654975 46.5102580921 47.228827778 46.938249575 47.2937283775 46.8899401713 46.3471826914 46.7564768475 46.3758678148 47.2487743039 47.0057308322 46.9450276051 46.3120477991 46.3502766263 46.5242165219 46.9250996091 47.3468270031 46.9225475628 47.1895262659 47.2264204783 47.3594167658 46.0396149391 46.3069807987 47.2784606216 47.2488671897 47.1844170825 46.6270537689 47.1371664867 47.0219270339 46.0816467072 46.225556932 46.593848827 46.7607209743 46.0214867411 46.6735049615 46.8971828097 46.2087957488
47.3294933945 46.0188717084 46.7993468678 46.8453875078 46.1730120791 46.5972006025 46.0136269395 46.8032546262 46.1416069367 46.2334048709 46.1315099654 46.2642603306 46.9088742854 46.2124212235 47.0343186225 46.4829297869 47.2028862623 46.8336877364 46.9764680633 46.1373477533 47.3717872766 46.4626944957 46.9150352632 47.1680321052 46.9416991265 47.2919385073 46.9062559856 46.5033970509 46.8482015374 46.9202387234 46.4625463068 46.8986202092 46.7500917966 47.0941803303 46.097776508 46.4648462445 46.7011608884 47.4113931147 46.5273240367 46.2758692871 46.6922397731 46.0956559302 46.6353925476 46.6507775963 46.4219054825 46.1107456241 46.6309058918 47.3391287369 46.4601299826 47.150998794 46.1175219077 46.6200147489 46.355445035
47.274440087 46.5804215534 46.6155838197 47.2484145665 46.7317305901 46.3205537187 47.2702175218 47.0360193848 46.0285875979 46.7648009393 46.5145121977 46.5287231429 46.8244116917 46.1675201739 46.066385251 46.3855415273 46.5654105015 46.2867886663 46.5288886776 47.1823631729 47.045510686 46.9820945702 46.584792134 46.4127463963 47.1461404825 47.3960253697 47.238339616 46.4663385547 46.4364608297 46.8677301289 47.2746679969 47.0388530923 47.073755796 46.1115225096 46.8166561224 46.6074736987 46.9135831617 46.4389909441 46.9233504951 46.6894912896 46.294319556 46.2691357125 46.5173748421 46.4275857039 46.3325473458 46.4791398276 46.7693778417 46.878128739 46.2277448572 46.2998220583 46.0420037768 46.1631227299 46.3063675661
47.3510731629 46.9331057419 46.3286039512 47.3108358209 46.2959945824 46.837302222 46.3288940053 47.3352259766 46.1181772773 47.3071731006 46.1121711017 46.0830818505 47.3834567209 47.1988837512 46.4272879188 47.0486116649 47.1935608547 47.2759751754 46.3358153088 46.4599765153 46.2990403983 46.7799570704 46.4898354005 46.7720978624 46.826758803 46.5097628305 46.9645678816 47.1308161466 46.0407995594 46.0245350456 47.2759667503 46.5903575796 46.8047466497 46.2107971661 46.0557568864 46.4173950856 46.4510526686 47.3309385089 46.9927811461 47.2355726081 46.7720600978 46.7397410677 46.1433289392 46.4893957793 46.4500428393 46.7248447926 47.0195010423 47.2362031432 47.3020699885 47.365672241 46.34463406 46.6215516896 46.4841833564
46.9447474912 46.54035838 47.2131197784 46.2368109149 47.0010238474 47.2194529371 46.5606054549 46.2116865894 46.9180352207 47.3417027125 46.442204443 47.3377652869 46.801487928 46.7846860255 46.0456355258 47.1438661812 47.1394721587 46.5034516837 46.7935947181 46.1353965721 46.5818393837 46.2937930195 47.0809235443 47.0673565202 47.1548665083 46.9832566825 46.2892755541 46.5928356402 46.2167295035 47.139802574 46.6183031052 46.4596099897 46.3530418722 47.1804687644 46.7819621115 46.6695669036 46.3081817581 46.0921239644 47.3468370786 47.0346913698 46.1928039365 47.1168889248 46.6866805319 46.0205056232 46.3099396776 47.2852514077 46.7394096269 46.360497289 46.7290037187 47.2533910362 46.3713736316 46.6014675964 46.216992992
