Spatial_Output/90% DEC/90DEC_0436.asc
NCOLS 155
NROWS 192
XLLCORNER 196769.923733
YLLCORNER 449719.875193
CELLSIZE 27.603701
NODATA_VALUE NaN
[rows 69 to 91 of 192, columns 0 to 52 of 155]
30.893873714 30.7220503448 30.7691784316 30.9293335793 30.9023028923 31.2034001231 30.9269443977 31.0367027188 30.7943151989 31.1881346456 30.8668452874 30.9193629169 30.630640843 30.8955758709 31.1317995173 31.0241483365 30.8673843329 31.0168999259 30.5420195538 30.7142177061 31.1039213287 30.5335159612 30.5604993148 31.1212494838 30.9296076248 30.7272097724 31.1117414232 30.9492750568 31.032199737 30.6092471297 31.1568061833 30.870308185 30.7789450206 30.6906522665 31.1514860857 31.1699403361 30.5704329675 31.1119674041 30.732254636 30.6740445036 30.7012646641 31.0882306009 31.1442021995 31.0178705918 30.7441482584 30.7407650551 30.7883249373 30.9716142184 30.8526102445 30.9165698753 30.6160668574 31.2056236229 30.6491275034
30.500789724 30.9630750187 30.651731171 31.083057702 30.567455232 30.9503282822 30.6205730253 30.7280030477 30.8768979528 30.6217319171 31.0245624274 30.9912938115 31.0596297416 31.1999404872 30.6073605919 30.7828916783 30.8993701456 31.0592481206 31.1210692015 31.1674302299 31.0033349001 30.7730317043 30.7273078408 31.0948693406 30.9249387007 30.7433084913 30.8528828454 30.804520908 30.9651970396 31.0021456108 31.1263919258 30.5174204537 30.6496344178 30.5099429629 30.8337552678 31.1268441571 30.9592119714 31.1752562473 30.9792034961 30.9213013345 31.017478437 30.7446914071 30.794300012 30.6004771104 30.9829047198 30.7844021273 30.7519341212 31.1725886715 30.5830222196 30.913589654 30.6069644726 30.5507604213 30.5275812426
31.0331429847 30.5643063719 30.7031080597 30.5959791288 31.1755772443 30.7930272923 31.1193808073 30.7261966855 30.9854676914 30.8865304906 30.7714636064 30.9850823488 31.0442173374 30.5999323253 31.1063928133 30.5676952471 30.5427737893 30.6359703879 31.0187879062 30.776129178 30.7038033365 30.9662583471 30.6023328837 30.5775424436 31.0551213935 30.6790120403 30.872448331 30.6358364469 30.9758068782 30.5983044309 31.0468238948 30.93312137 30.5363304446 30.858296897 30.5957504603 30.8567793821 30.5300361646 30.8629000144 31.1082603578 30.7071486257 30.7239138087 31.1157271466 30.5287152527 31.0078300268 30.8643069616 30.7007267004 30.7004439093 30.816497208 30.7808943916 30.7828111657 30.7483972044 31.0515418889 30.707502002
30.6726977711 30.9553351285 30.8322052007 30.6375921793 30.6294598308 30.5819130242 30.9091262574 30.6205654562 30.7492173893 31.00120026 31.1978941346 30.6338424225 31.1807276266 30.7752931235 30.7537557641 31.1940530082 30.5737554415 30.9276906416 31.1894062909 30.8884292258 30.8743246137 30.753611351 31.0734164715 30.8627339245 30.6909777088 30.675046657 30.5501690713 31.0905358122 30.5553841535 31.1248652649 30.9006735471 31.0872580645 30.7083712857 30.8747362001 30.6286668464 30.6629220556 30.7114938394 31.0519512188 31.1736671081 30.8066839225 30.6339752716 30.7528706808 30.7750135072 30.5142363042 31.0275685191 30.6513511136 30.8788109358 30.8845604327 30.6340429355 30.8872393088 31.1201862544 30.7577724008 30.5750217122
30.7240548101 30.6936031493 30.8702638328 30.5611530102 31.1846318501 31.0862741005 31.0035121258 31.0037614734 30.8026397012 30.9304007705 30.662752261 30.6213289984 30.6955228081 30.92502907 30.8547034892 31.161869245 31.1415372918 30.5507051332 31.0778660447 30.9936599695 30.6015449094 30.5349584043 30.8259792986 30.805730228 30.6186734393 30.5023170816 30.6559195529 30.6133178041 30.5681715531 31.1901640514 30.6209429706 30.6071887449 31.0797696374 30.738631246 30.7372725143 31.1819686692 30.9946867411 30.7509026385 30.5373485867 30.8467014484 30.581454995 30.9935016135 30.637756179 30.8701416234 30.7503850379 31.1199516555 31.0878908676 30.9168323448 30.5838763285 30.7570452236 31.1705214739 31.044197802 30.5837379913
30.821271558 31.0872950486 30.916809485 31.0596032325 30.8781552379 30.5663525833 30.8756581438 30.5559179212 30.7646846508 30.9385086477 30.9250482361 30.8904852077 30.6663868418 30.5226795227 30.7475255034 30.6481791879 30.9441170612 31.1727424102 30.8495430894 30.6658049211 30.7426367241 31.1544535781 31.1725213391 30.7092896838 30.7366444233 31.0510449879 30.7978024161 30.9724202858 30.9799273047 31.183594578 31.1082177546 30.7905608068 31.0850548975 30.8480804526 30.5395679614 30.9366015266 31.0353593413 30.8587739752 30.9949130321 30.9574584086 31.0231628482 31.0020644453 30.5455890679 30.6299174511 30.5613398474 30.5033751619 30.5332403283 30.6317914445 30.5414829587 30.6318734618 30.9790907501 30.8230319589 30.6120952906
31.063949161 31.1536494865 30.7983419491 30.9834438888 30.8660411605 31.1437818067 31.1515056908 31.0580297463 31.1616993184 31.0507410245 31.0520905983 31.2014035774 30.6626939363 31.1994465041 31.1238058233 30.6676380566 30.6245462951 30.6298131196 30.5423006489 30.7780273473 30.7710054737 31.0028462987 30.6820399288 30.5809050005 30.5695899868 30.5930396108 30.7308912728 30.7762749479 30.7906138377 31.1940927959 30.6374477161 30.7883424406 31.1701251101 30.6888036261 30.9040380379 31.0901863716 30.9985003359 31.0477085214 30.8799524491 30.5450721915 30.8912429385 30.9206693722 30.5283976914 30.546926441 31.195562452 30.5537743231 30.9035043578 30.7024706608 31.0659054388 30.8808231478 30.5143958364 30.5543423517 30.5721450117
30.7236387014 30.5236309169 30.55564804 30.6256040824 30.9962895834 31.0860014217 30.5432480837 30.5180059933 30.6024124342 30.6713512 31.0591066665 31.0685314329 30.5719290153 30.8031950717 30.8696272783 30.9670709414 30.6669859389 31.1580688146 30.5774694193 30.9443561673 31.1864103007 30.8184306549 30.5936954388 31.1451991174 31.1221039847 30.8538927305 30.7675920244 30.6409257006 31.1593195718 30.7359408897 31.1002074898 30.9157351317 31.1030858449 30.9968950398 30.6239938803 30.5282248108 30.7306965885 31.0151834179 30.5245986558 30.8231623901 30.6488756934 31.1119518661 30.7495346339 30.5407048358 30.9876942641 30.6304155594 31.1652762811 31.0225911269 30.6541124182 30.5743788229 31.0210274918 30.5174719312 30.8214558956
31.1857861497 30.7819542693 30.8160165308 31.1478113849 30.947843133 30.7952343024 30.5396461398 30.8488998953 30.8151978237 30.6924126255 30.7723409742 31.1059801303 30.982230381 31.1418405933 30.7594027051 31.0371885416 31.0359338737 30.8914032167 30.7554286022 31.1566637937 31.061280675 31.0401624388 31.0226689512 30.6490594221 30.5003557453 30.6713127431 30.9699360357 31.0813172391 30.8607536654 31.1407090467 30.992132782 30.6025061509 30.5583350119 30.8353034118 30.853797823 30.9104633237 30.9121073173 31.1100802241 31.1882709513 30.835828149 30.6481843753 30.5412692756 30.6732868898 30.9363788979 30.5521580646 30.9392177041 30.7234217978 30.6704512959 30.8629794058 31.0856216512 31.0148596322 30.890648121 31.0188508312
30.7413452884 30.8107552944 30.7600870051 30.5382054772 31.0575440076 30.6446320089 30.686194653 30.58777131 30.7882554021 30.6640600943 30.8839103837 30.6518799679 31.1687696308 30.5554316814 30.7416847892 30.9193924753 30.5825236316 31.1495805297 30.5530888454 30.8673005705 30.8144025622 30.6255490224 30.9826765976 30.6388135623 31.1221940536 30.8657151049 30.8979062625 30.5351245832 30.7787275932 30.5919142033 30.7282317232 31.0398553953 31.1204992806 31.1723210814 31.0774400548 30.6940667021 30.7326553225 30.8815018188 31.2002972307 30.5943355144 31.0955557053 30.9144755038 31.1619061383 31.0645876671 30.5588200846 30.6140348739 30.9873851581 30.6416796531 30.6090073253 30.8960117584 30.9378714276 31.0690938667 31.0106633138
30.7126732149 30.5246061056 30.9631708213 31.1614662778 30.9418129589 30.9662153626 31.0848705616 31.0937856264 31.0604254445 31.1487301848 30.730451282 30.790017602 30.6549843543 30.899119425 30.9475349663 31.0041652824 30.5518721805 30.8625374204 31.0259809551 30.9046464604 30.7922870107 30.8227338271 31.0848442045 30.6394048429 30.9751616263 30.6469837538 30.5825373912 31.1755396984 30.569469226 31.0610438815 30.8947283478 30.7652435941 30.6197474258 30.550110553 30.6354512251 30.629085842 31.058289054 30.7534523839 31.1548177888 30.8635202163 31.1365623794 31.203300595 30.7271355716 31.014037274 31.1479500066 30.8837222267 31.1796983446 30.7908989992 30.8513627843 30.8751365291 30.6673251992 30.6267533093 31.1317735402
30.8754778677 30.6547302136 30.5257661728 30.6591289082 30.9073647919 30.6918657887 30.6534051186 31.1633454478 30.9955306743 31.0337117382 30.5447569927 31.168639464 30.9859000144 31.188654606 30.9099560464 30.6772925175 30.7659532114 30.8181767876 30.7816144004 30.905271002 30.6486692839 30.8871724204 30.8384383582 30.5173111478 31.1597400319 30.8066745808 31.0848325692 30.9625991389 30.5706162036 30.6167952711 30.7998413431 30.874024054 31.1622610048 30.7624151899 30.8873149436 30.7288438123 30.5801138647 31.0089661932 30.5618614055 30.6970928163 30.6870823677 30.9994201625 30.6768790852 30.6313328671 30.9065372861 31.0747854979 31.1107669615 31.1497909193 30.6197632644 30.5829194765 31.0655604418 30.8531348717 30.7588896184
30.9340953094 31.0193677984 31.1269930551 31.0921654378 30.5588266359 30.5291348119 30.5064087149 30.5749990038 30.779587941 30.9753685652 31.1960675086 30.9139209234 30.5867495447 31.0122205154 30.7800821376 30.8862544071 30.7798276316 30.83228667 31.0697172711 30.6575219658 30.827292527 30.8164437187 31.0148604335 30.5711493068 30.9292543879 30.7360979472 30.7195949693 30.6709695973 30.6350779186 30.8816503037 30.8648641829 30.7888992622 31.0248337127 30.9145185067 30.6189986413 30.9979265166 30.8913397561 31.0294368721 31.2045119463 30.7733900827 30.5530952858 31.0669860676 30.8308935547 31.1507117651 30.7569269879 30.8924805271 31.0638667399 30.9186434815 31.0308008468 30.7028154535 30.6500924643 30.6270683326 31.0636634118
31.0328320972 30.7338871545 30.9048301422 31.1951384379 30.6458641369 30.8749168505 31.1279168227 31.1254246606 30.7996354685 31.0620653294 30.8473083298 30.9045714316 30.6668360088 31.1838741118 31.2020786974 31.0653541897 30.8776754005 30.6674805618 30.5289248184 30.5241201711 30.5438714703 30.5654534787 31.0618552022 30.6700944341 30.505621119 30.9585602783 30.6359328434 30.6820797223 31.0540007968 30.7570737635 31.0862349092 30.7561340559 30.7337569803 31.2046778398 31.0395359621 30.9269562781 31.1341143838 30.8013923579 30.8282289539 31.1274164473 30.7692848395 31.1953010062 30.9057340519 31.0908638903 31.1929524092 31.04607826 30.7687391721 30.5560636245 30.9132054437 31.152467654 30.5441583957 31.0396057999 30.6092146605
0 30.5355922358 31.2059248569 31.15960298 30.7438455824 31.1074432315 31.0716242841 30.9008613561 30.9952782975 30.8474391682 30.9610754313 30.6888281918 30.6678386866 30.5435361834 30.8444561143 30.6840986359 30.8875540631 31.2046152739 31.1355269529 30.9408818355 30.6920240816 30.5875272865 31.2045915168 30.9009442436 30.5853847684 30.5225931439 30.8365567737 30.7518798529 30.9061157986 30.9856650377 30.9420962329 30.7181709993 30.8904417717 30.7605842301 30.7347030841 30.5052690592 30.5221091458 30.5677150726 30.6153978874 31.0794643146 30.739577099 31.1442627864 31.0228611336 30.6225697272 30.865660215 30.8539221713 30.6173117262 30.7942586199 30.9031035145 31.0124356964 31.0899357927 31.1677677055 30.6759024639
0 30.999432953 30.8940293062 31.1447148807 30.7689024163 31.1852199799 30.9402861087 30.7912697694 30.6988584841 30.730185034 31.0914016492 30.5980516599 30.8055617985 30.6388016671 30.6457348622 31.1439180082 30.6584484433 30.9561223306 30.7230541322 31.0658964492 30.7736228376 30.6224634954 31.011642814 31.1935666567 30.8542982943 30.9641475447 30.5718626335 30.8227811163 30.9304915386 30.7543464002 30.8069731387 30.7562289912 31.166815503 30.5605187062 30.8937079495 30.5324725992 30.9348208981 30.5935245313 30.7723012722 30.5032956404 30.6771806701 30.5799895821 30.9766906085 31.1595676852 30.8554181431 30.9402460751 30.8885003506 30.9262147908 30.9375383659 30.7920437892 30.5086117195 31.1392679167 30.9785697792
0 30.6035868725 30.7998522995 30.5672593205 30.5592968431 30.5782075181 31.1717637277 31.1912749276 30.7627745576 30.8376110644 31.0199000139 30.7632218845 30.5456931309 30.7946800085 30.642090219 30.6331998597 30.6258105342 30.7659233346 30.6516595293 30.7851872998 30.8962081162 30.7786495368 30.6635216742 31.2014247717 30.9111230659 30.8632338919 30.701494856 30.8729703401 30.5912277735 30.7368952773 31.1609592709 30.8656538657 31.1297326346 30.9435648012 30.8187829014 30.624821425 31.0042347412 30.6852343382 30.5252481489 30.8525066304 30.5138978584 30.9527251696 30.9924037427 31.0895790789 31.1625989849 31.1627475855 30.5707580876 31.0199552356 31.1898020878 30.7487720692 30.6796525148 30.8345285742 30.7052225422
0 0 30.7640158348 30.5526525082 30.5071857287 31.1238715225 30.882323741 30.8716997099 30.5405330066 31.198204789 30.731640764 31.0630881471 31.1068655488 30.8268902588 30.7919519724 30.6116760656 30.9083582072 30.5534451254 30.5869137951 30.9308051326 30.5619378824 30.8426640575 30.7323352162 30.8504625277 30.7712568171 30.8951935757 30.5246520574 30.5537868178 31.0023155059 30.7509317561 30.6504035431 31.1299729477 30.8084111995 31.0742807483 30.543382857 31.1714158384 31.1946224102 31.1005908345 30.9423466676 30.6979588942 30.9043776568 30.8930721575 30.7258372406 30.8013582317 30.7121756106 31.0028097642 31.1668960146 30.5559461772 30.9779013517 30.5999017358 31.094732811 30.5206076141 31.1277338097
0 0 0 30.8801342944 30.8182550503 30.7269344739 31.0353095819 30.9140222045 30.8738472133 30.9704805044 30.9513363851 30.5794460383 31.1553872624 30.9157196266 31.076912506 30.6660677904 30.5462449197 30.9579295477 31.1413753052 30.9195513843 30.5694597918 31.1561375724 30.7907160699 30.6907962766 30.8148822907 30.8563918236 30.8420258367 30.6825183259 30.5398324496 31.1044068144 30.5425129843 30.5004009214 30.63004233 30.9957032939 30.6722858949 30.6396784351 30.9289707387 30.5581902111 30.7814291316 30.6543092947 30.538732824 31.1654991512 30.9848511797 31.0794383224 30.7330206037 30.7086077755 30.977852361 30.728270262 31.1241997619 30.8778741455 31.0050802601 30.7214809057 30.7010848159
46.5784454496 57.0154969069 54.1274827018 0 0 31.0236219017 31.1348112987 30.6206943986 30.6847853568 30.6603494489 31.136560221 30.6506227133 30.7841731038 30.7872971984 30.9904027575 30.6472423894 30.6048349872 30.7463019196 31.1753639281 31.0381522483 30.6111380752 31.0335463601 30.7677232522 31.0805147685 31.1954332758 31.1651222945 30.8316485575 31.1330992736 30.672421651 30.6291330416 30.6760227208 30.6037229796 31.1642416032 30.6378103197 30.7385527604 30.9617094479 30.8467628875 30.5715703952 30.6069231709 30.9339083537 31.1657412773 30.8666917819 30.6550921623 30.9613948603 30.9968733651 30.7757266881 30.5244925982 31.1835716905 30.5317937582 31.099422043 30.6952480953 30.9008134416 31.1011315655
50.299254977 48.288447717 57.2688928478 0 0 0 30.7973893289 30.9331994388 30.6621827102 31.2033696052 30.7583292799 30.7332764839 30.9251816998 30.9718584369 31.0741077336 30.6012580663 30.974888434 30.6379882837 31.0347665248 31.1299534726 31.0135732892 30.7860737001 30.5531733769 30.8361984226 30.531191245 30.5034663162 30.7821555492 30.7956587625 30.7288309306 30.8397504262 30.6558673893 30.6233167977 30.7869066817 30.9342780258 30.777109783 30.5087528817 31.0431327201 31.1781038421 31.1756000053 30.827846518 31.1413504694 30.9543532599 31.1378091215 31.0074386814 30.9120124701 30.6590269289 31.1640672421 30.8479118315 31.0745539488 30.9428989668 30.9841314471 31.1514245067 30.9291856982
58.2448611285 59.2957773736 53.9720283642 0 0 0 30.6101338756 31.1532195213 30.663625617 30.8370919187 30.6887017543 30.5778409085 30.7869397849 30.6168092992 30.5082640634 30.8490894506 30.5887522718 30.6801564301 31.1357851075 30.8643743723 30.9451920082 30.7948803229 31.0576709838 30.9212736261 31.1260326335 30.5532352886 30.683667355 30.9876287294 30.6830238458 30.9074425509 30.6437416118 30.886414104 30.9942275699 30.7130724176 31.2046395824 30.519259194 30.7494413713 30.511115552 31.1973563566 30.8641857086 30.9178388924 30.617515643 31.001778454 30.8886277283 30.6908937849 30.7834080162 31.0040068539 30.8467979496 30.759968444 31.0937013429 31.0033628988 31.075135405 30.9002491093
0 0 0 0 0 0 30.7743297531 30.7905306834 31.1956789869 30.6410798164 31.1173085231 30.867031181 31.1126369619 30.6404617266 30.6225438203 30.6088200286 30.659303709 30.5059528586 30.6998221485 30.7912143098 30.8641700038 30.6786441796 30.8087307566 30.6181870346 30.7300621638 31.0492361635 30.52613998 31.0962933708 30.9834133029 30.8214196562 30.9887471317 30.8049995634 30.735720473 30.7305804783 30.9908619657 31.1961182121 30.6568048165 30.6678773377 30.566608125 30.7090725108 31.1857101017 30.6969015375 30.8524480189 30.7789778806 31.088988617 30.6652450548 30.7670622533 30.5742208594 31.0843939639 31.1554338636 31.1581204894 30.7785616401 30.5574630295
