Spatial_Output/90% DEC/90DEC_1382.asc
NCOLS 155
NROWS 192
XLLCORNER 196769.923733
YLLCORNER 449719.875193
CELLSIZE 27.603701
NODATA_VALUE NaN
[rows 92 to 114 of 192, columns 0 to 52 of 155]
0 0 0 0 0 0 0 32.6294403846 32.5401975062 32.5375516758 33.1668092077 33.0883556979 32.9032836206 32.5501655395 32.8811961648 32.8155370898 32.7294751441 32.9288062988 33.0515082074 32.6414187331 33.0192890353 32.6949129914 32.8317139295 33.1271007592 32.5490232463 32.5416923184 32.7943029069 32.8609086334 32.8379608812 33.112876269 32.5073973509 33.1132275948 32.6346621284 32.6970086966 33.1872583213 32.5119591105 33.1672801742 32.6205116438 33.1164593669 32.7509770398 33.1833227031 32.5221685548 32.8505062629 33.1604062294 32.8556162168 33.1603025213 33.0941924006 32.5569955391 32.9882708017 32.9124625656 33.0061470876 32.5063465678 33.2013201266
0 0 0 0 0 0 0 0 32.8483122601 32.5263907088 32.5189235523 33.0851056258 33.0896757896 32.6470741697 33.0634536829 32.986414886 33.1700661285 32.889977637 32.5695105161 33.1233872564 32.5994940344 32.8535855539 32.9224549858 32.9930019311 33.0902795739 32.9034651894 32.8233705655 32.6965603628 32.7709693836 32.5037394339 32.8343210047 32.9880332487 33.0843359519 33.1270240214 33.1535312105 32.5676936519 32.6736543276 32.5362065244 32.568812399 33.1774956298 33.1577470974 33.1309015921 32.8101437824 32.800906572 33.0045852466 32.9526490233 32.8699371779 32.7512792185 33.1845647419 32.9546356343 32.6614620041 32.6588717007 32.8008479355
0 0 0 0 0 0 0 0 0 0 32.6438543441 32.6843375224 32.5029181781 32.9276254334 32.7268111557 32.7889838903 32.8288125594 33.0287509151 32.7328956142 32.8357515796 32.70417718 33.0035930741 32.6415322467 32.8896103303 33.2064225657 32.979004169 33.2016947193 32.9622028592 32.9208476271 32.8540006156 33.0910067481 32.5380662121 33.1332745683 32.9858609436 33.1321776669 33.0291506503 32.8501483592 32.8931215091 32.8380105755 33.0355480969 32.7633396258 33.1750011394 32.7698324297 33.0640440374 32.6624989748 32.88452548 32.8888428655 32.8029351232 32.8125519397 32.9537911619 32.8258268914 32.8740190233 33.1748291353
0 0 0 0 0 0 0 0 0 0 32.8082319288 33.101943414 32.8735325726 33.0511991212 32.6918625306 33.0132957861 32.7758094809 32.7828171143 32.5910136967 32.6824981526 32.8320073872 32.7103588816 32.8106875872 32.5968858598 33.1591318026 32.5037129575 33.0643834871 33.1011129936 32.7423007491 32.6559182468 32.5638230837 32.6716603791 32.5964627391 32.7267727774 33.133209951 32.9300312762 32.8416361341 32.5608772727 32.6935018761 32.9446659799 32.7815723262 33.0892577359 32.725526007 33.1656275667 32.7872733698 32.5745607422 32.502927799 33.0590123373 32.7749363843 32.7410481504 32.8122848228 33.1465745587 33.091995899
0 0 0 0 0 0 0 0 0 0 32.7850938826 33.0040828924 33.0753274923 32.9520534622 32.569538036 32.6437236449 32.7988984388 32.7261483532 32.515424651 33.1763282961 32.8013002304 32.5541430619 33.0138055862 33.2043424065 32.6590023987 33.1709406337 32.8352720334 32.8910738474 32.7854386639 32.7057965137 32.9027483834 32.6032269007 32.5540549033 32.6243136132 33.0519942409 32.9103349157 33.1481910636 32.6377018486 32.6886146867 32.8331388747 32.5835471699 33.0516584434 32.5023987317 32.5409664859 32.784358622 32.9655137365 33.1765527832 32.8674018134 32.6907522798 32.5074668103 33.1735496868 32.9435099754 32.6359984628
0 0 0 0 0 0 0 0 32.5461973071 32.7351078736 32.5991236273 32.8370745969 32.6110810105 32.5874472015 33.2044218635 32.8414564432 32.7719473638 32.9908639261 32.9591297032 33.1975382649 33.1843475387 32.5111480862 33.030297623 32.706367586 32.9052877909 32.5716688217 32.6028599683 33.1771466516 32.5163882684 33.0432293163 33.1640299415 32.531012839 33.1737808152 33.1817303357 33.0596178763 33.1685838141 32.5907077264 32.9205948671 33.0972710986 33.1312585717 32.5573174406 33.1037686393 32.8402761768 32.570740316 33.1408607591 32.8342223396 32.8329005883 32.9189753019 32.8109127292 33.0457660638 32.5263359504 32.7082017337 32.8074634302
0 0 0 0 0 0 0 32.819062097 33.0100302145 32.7304415363 32.6388938927 32.5644905043 32.6743570562 33.1484797529 32.7925507867 33.1385461126 33.1968380446 32.5203675408 32.9788754754 32.8815533224 33.1201348826 32.6189868801 33.0423119821 32.7214782131 33.1433247164 33.1942977775 32.7588004383 32.6037977692 32.9548153642 32.6125116199 32.5041368973 32.8938600594 32.840146556 32.6151541865 33.135081768 33.1510037516 32.5811169 32.6015408901 32.8914155859 32.8701818557 32.7955834485 33.0100940322 32.5574524823 32.7412612886 32.7856758142 33.0307419331 32.9382759267 32.6086320855 33.1450451905 32.7028806701 32.7506679423 32.8553250851 32.6343590458
0 0 0 0 0 0 0 32.8228081029 32.9678832537 32.6807938402 32.5566239247 33.0200951048 33.1031632827 33.1364826933 32.5343315192 32.6527527307 32.7816920918 33.1658966277 32.99025898 33.035243105 32.9439533753 32.6870594265 33.0829668117 32.5909713142 32.7302948111 32.8111890251 33.0206615214 32.5994915248 32.8678916226 32.6772205767 32.9384354754 32.5476226511 32.5620438982 32.7306384018 32.7704621256 32.6692007771 32.5985896312 32.9661289883 32.8477591905 32.7688661661 32.5925298862 32.9840366016 32.8397695533 32.6692716899 33.0032748146 33.200208377 32.9934669242 32.5628734849 33.0479861726 33.1685714905 32.5348595538 33.1891318762 32.5936485265
0 0 0 0 0 0 0 0 32.6936203577 33.1267574885 32.5683221091 32.7480186811 32.8993884526 32.8344300575 32.632281192 32.7244693649 32.8165528377 32.7799039413 33.1182688948 32.6757648733 32.6046742659 32.6779967595 32.8785613977 33.1193960382 32.9851460104 32.7940978822 32.8513829602 32.6728503206 32.650669529 32.8696496379 32.6281749443 32.8254573321 32.5617118043 32.6280008725 32.9338953187 32.7186575962 32.8481723428 32.7832912546 32.8711208505 32.5533563659 33.1356224168 32.8053784077 32.7804307258 33.0944408609 33.103660267 32.6954342618 33.1948477828 33.011956467 32.6847645536 32.9095844071 33.1314009847 32.6042821426 33.022570404
0 0 0 0 0 0 0 0 0 32.9590371513 33.0368217447 32.6368400929 32.7946648784 33.112416588 32.5060816637 32.5759579599 33.0542824604 33.1874016139 33.0521330281 33.0356738501 32.5805114558 32.5169996414 32.9921473627 33.0414550835 33.105288633 32.768130151 32.6630087899 32.8532460947 32.829847761 32.8499318513 32.6081136504 33.0977572076 33.1562690045 33.179310484 32.592964353 32.5028922542 32.8320802192 33.1867610587 32.8498184063 33.1372624576 32.5600501012 33.0059832104 33.0620706307 32.9766057618 32.7166529553 32.829870674 33.1515922313 32.8058906382 32.6483569404 32.5373752662 32.9752886256 32.7561392113 33.0873473243
0 0 0 0 0 0 0 0 0 0 0 32.9097740555 32.6408595282 32.827123716 32.8970898671 32.6182617219 32.9581561382 32.5574593152 32.9331406891 33.0831339621 32.9491412607 32.6961197541 32.8618665143 32.9215311719 32.8390548955 32.7494579365 32.9612139704 32.5253173415 32.7863070276 32.5491809227 33.104056924 32.6016122316 32.8142721177 33.0087164345 33.0687083151 33.0825365907 32.5092361766 32.7885566932 32.9254045096 33.0550839834 33.1770180594 33.1759079938 32.5271387534 32.6321698022 32.8114290089 32.79632644 33.0943589298 32.9044005063 32.5232785995 33.0374841728 32.8377273853 32.8979230533 33.1267076283
0 0 0 0 0 0 0 0 0 0 0 0 0 0 33.0077267179 33.019331625 32.6276145137 32.8094086939 32.8560353055 32.8506613811 32.770856876 32.6382589096 32.7487529802 32.5161445481 32.5728752427 32.6798467 33.1273173648 32.8487391525 33.0412161321 33.0215746612 32.7320971486 32.7247254994 33.1049094198 32.5197083972 32.8955732462 32.9629552192 32.5153537627 32.6399502387 32.9851512604 33.1771477505 32.5894870874 33.0786769149 32.8380713554 32.8403186125 32.9878989534 32.6406374905 32.8254646058 32.8300804492 33.069734825 32.9770244963 32.6050333241 32.6020437683 32.8548962362
0 0 0 0 0 0 0 0 0 0 0 0 0 0 0 33.0338980693 32.6464474554 32.7482751513 32.6493133333 32.7654435839 32.5443436061 32.7108344697 33.166719725 32.6287528415 32.5142780755 32.7197483665 33.1089682139 32.8257406459 32.5432494313 33.0340970448 32.5309236713 32.5695180018 33.040151169 33.168460698 32.870536054 32.610388706 33.1041096628 33.0831709531 33.1626896067 33.1275662698 32.6703427543 32.5543269224 32.9875514077 32.9322003051 33.00862679 32.6655763943 32.7694244054 32.8645627974 32.5201189748 32.6329838785 32.8684472082 33.2013313419 32.5893724081
0 0 0 0 0 0 0 0 0 0 0 0 0 0 0 32.5526959352 33.1463924105 33.1491481286 33.0386072856 32.5577609627 32.8813086378 32.72499301 33.0014498302 33.0094626354 33.1487672947 33.1963227303 33.0786847103 32.8355536317 32.5065607154 32.6856763644 32.6145359901 33.1280012584 32.8130217721 32.984634014 32.8162404531 32.7951702841 32.8936519681 32.5412684311 32.9833484537 32.9824652267 32.8358321254 33.0615516146 32.6337344184 32.5741767456 32.5318363261 32.7254451764 32.8278429392 32.5295870302 32.936293161 32.5865261066 32.8671226334 32.601402117 32.8974370569
0 0 0 0 0 0 0 0 0 0 0 0 0 0 0 0 32.7703319444 32.6942531792 33.1842688225 32.906432199 32.8282090489 33.0420842726 32.5447942503 32.510087558 32.7818342282 32.6102376047 32.8751614513 33.0033150861 32.6616396611 32.7398751659 32.6839253414 32.7571742845 32.8145899787 32.560397948 32.8579691098 32.6343295095 32.8357139441 32.9413954587 32.5317792605 32.6360410645 32.8104916138 33.0103425935 32.596262835 32.5392742204 32.8974562158 32.6862638768 32.7151741367 32.5850331607 33.0741381224 32.5879919672 32.6734805733 32.6181705891 33.1174898169
0 0 0 0 0 0 0 0 0 0 0 0 0 0 0 50.4255881565 51.6477124695 41.032887407 32.5046757815 32.8264720424 32.9143704124 32.5187443851 33.041908801 33.1079328609 33.0032911907 32.9073822738 32.9576227192 32.6041206179 32.5714587267 33.0753860811 32.5854759591 33.0934300207 32.6059456796 33.0314106018 32.7658575584 33.168502372 32.616649421 32.7935064851 32.5829327289 32.7650363321 32.5484819441 32.9431397852 33.1793109733 33.0284853209 32.5981172703 32.7532800612 32.7551523506 32.9090622909 32.9094820844 32.5294598909 32.541758487 33.0404001458 33.1601991399
0 0 0 0 0 0 0 0 0 0 0 0 0 0 72.4439560294 46.4486427695 44.3696822234 50.0993762622 32.7448181197 32.9308776169 32.5831508466 32.5032716407 32.5100244862 32.8158434301 32.7627825955 33.1656763675 32.8846841298 32.9736751594 33.0220704648 33.1752808756 32.752882777 33.1267104387 32.667594952 32.5039425097 32.7155528748 32.8174771408 33.2064432847 33.0167510396 32.7768775539 32.8265876965 32.9557738695 32.5735272146 32.5194899274 32.6338818707 32.7157937311 33.1860594032 33.0987002245 32.9950962149 32.639018095 32.8969315151 32.8947749732 32.6847040259 32.5523037531
0 0 0 0 0 0 0 0 0 0 0 0 0 0 0 50.7879287469 45.7587405058 44.5612362226 32.9005835259 32.9650225612 33.0613591938 32.9044110873 32.7310869621 33.1840160466 32.6532386142 32.9391684759 32.7847419083 33.078995009 33.1864607506 32.881763211 33.0558604269 32.8861629857 32.6120359324 33.0722899118 32.6384354952 32.526035079 33.0148788198 32.6077768656 32.847015616 32.5901154095 33.0374295196 32.8287289906 32.977283495 33.1800006724 32.6633639012 32.8359916087 33.1879984524 32.8102225316 33.061766165 32.5869490842 32.867445444 32.7398861237 33.0494224752
0 0 0 0 0 0 0 0 0 0 0 0 0 0 0 0 0 32.9650017256 32.5083417743 32.9643480871 32.7902952836 32.8650003659 33.012605506 32.6226243868 33.0306168714 32.7893778835 33.1521947058 32.6372517273 32.7580266007 32.8017606894 33.1776169253 32.9147840034 32.5054617567 32.5965348651 33.027644983 32.6928699121 33.0729320944 32.8473673359 32.9328715488 32.7705525206 33.0584816213 32.7466419981 32.5191339587 33.0663094875 32.6261522374 32.8773354174 32.8194760879 32.5298044469 32.6871070132 32.6376239892 32.5016614479 32.8657189779 33.1904635871
0 0 0 0 0 0 0 0 0 0 0 0 0 0 0 0 0 32.5092230359 33.0487410949 32.6477950121 32.8042275832 32.5127577005 32.7872841465 32.5699153857 32.88268008 33.1289280883 32.6548645817 33.0126109994 32.8207778527 32.7468614277 33.073444547 32.9743256027 33.0490067043 32.864896671 32.9644788274 32.8247350215 32.9788281502 33.0106451389 32.7546501195 33.1283893213 33.185719483 32.9092237292 32.5430598829 32.8923587879 32.7523120659 32.9751338595 32.5334360011 32.9966560407 33.1023018123 32.6281768262 33.0953014254 33.0761871114 33.0507320642
0 0 0 0 0 0 0 0 0 0 0 0 0 0 0 0 0 0 32.9510217919 32.6069334259 32.6518404285 32.7107483896 32.6765314701 32.666810017 33.0549431147 32.7591524352 33.1052325062 32.9443556855 32.7572698729 32.69350351 32.8388864263 32.6623057824 33.1826064171 32.691096975 33.1938539576 33.1673110234 32.637644441 32.7010660836 32.9221784925 32.5923724342 32.9619454723 32.9412627314 32.8784583626 32.8179020529 32.563423386 32.9606675785 32.8427515708 33.1478559288 32.9021212919 32.5471785353 32.9419843118 32.9532609479 32.8308670436
0 0 0 0 0 0 0 0 0 0 0 0 0 0 0 0 0 0 32.9808739353 32.5789987641 32.8444451935 32.6844791975 33.1227218943 33.0915050763 33.1043356729 32.873224962 33.1095647998 32.8610611761 33.1572361507 32.9452109096 32.5607239313 33.0482311964 32.5961570472 32.9724695008 32.5088239137 32.6480000598 32.7712600044 32.6620879043 32.506418925 32.626430007 32.5339382757 32.7842392158 32.5725093455 32.5480668476 32.8578150556 32.8225219168 32.7670055481 33.1436383284 32.7611868131 33.182466013 32.8582100026 33.2061149804 32.5766362652
0 0 0 0 0 0 0 0 0 0 0 0 0 0 0 0 0 0 0 33.0666134784 32.9225675333 32.6511199466 32.9951881697 32.9647710755 32.8984539866 32.9068552599 33.0885134553 32.7561275981 32.7154285399 32.7013754611 32.6393867345 32.7607955996 32.7555490226 32.9539278287 32.8490449117 32.7597072168 32.9741986015 32.973880704 32.8181958625 32.8213315361 32.6402214777 33.0032210736 32.8175887985 33.1915154313 32.6687452541 32.6093290787 32.6408661324 32.9719543803 32.9261196316 32.9224420927 33.0242586375 32.7643153059 32.783222303
