Spatial_Output/90% DEC/90DEC_0195.asc
NCOLS 155
NROWS 192
XLLCORNER 196769.923733
YLLCORNER 449719.875193
CELLSIZE 27.603701
NODATA_VALUE NaN
[rows 0 to 22 of 192, columns 0 to 52 of 155]
0 0 0 0 0 0 0 0 0 0 0 0 0 0 0 0 0 0 0 0 0 0 0 0 0 0 0 0 0 0 0 0 0 0 0 0 0 0 0 0 0 0 0 0 0 0 46.4095766485 46.3509179391 46.0832367548 46.6794944532 46.7175788019 46.9960024616 47.2747228503
0 0 0 0 0 0 0 0 0 0 0 0 0 0 0 0 0 0 0 0 0 0 0 0 0 0 0 0 0 0 0 0 0 0 0 0 0 0 0 0 0 0 0 46.6027677618 46.1321831038 46.5195701088 46.4088857814 46.7703936349 46.823918558 47.1804323371 46.9984127806 47.0541996992 46.9707283195
0 0 0 0 0 0 0 0 0 0 0 0 0 0 0 0 0 0 0 0 0 0 0 0 0 0 0 0 0 0 0 0 0 0 0 0 0 0 0 0 0 46.4716847242 46.5366797129 46.6450110789 47.036045617 47.3506456466 46.5459321005 46.1479093611 46.4475119185 46.4988015139 47.3594889572 47.1296508869 46.7332652597
0 0 0 0 0 0 0 0 0 0 0 0 0 0 0 0 0 0 0 0 0 0 0 0 0 0 0 0 0 0 0 0 0 0 0 0 0 0 0 46.902920868 47.0875827315 46.9237080691 46.25769168 46.5449987023 46.3710780468 46.1407551525 46.2218752475 46.4709207193 46.6065074723 47.052067301 47.0936539886 47.3064783531 47.3633128302
0 0 0 0 0 0 0 0 0 0 0 0 0 0 0 0 0 0 0 0 0 0 0 0 0 0 0 0 0 0 0 0 0 0 0 0 0 46.675579986 46.4499938003 46.8432011245 46.8407389132 46.6518638925 46.260245884 47.2154659913 46.2122939256 46.3580618965 46.311360186 47.3929588638 46.2130152179 46.767203678 46.8423888407 46.3384087979 46.9010552272
0 0 0 0 0 0 0 0 0 0 0 0 0 0 0 0 0 0 0 0 0 0 0 0 0 0 0 0 0 0 0 0 0 0 47.0939810472 46.5804263619 46.2425496557 46.6224816912 46.9580081857 47.2255078287 47.4138588413 47.2744669331 46.3974324344 46.509939399 47.3511765455 47.2930416786 46.9153909307 46.6038276675 47.1293681959 46.1998106511 47.0858688453 46.4757635763 46.1142362117
0 0 0 0 0 0 0 0 0 0 0 0 0 0 0 0 0 0 0 0 0 0 0 0 0 0 0 0 0 0 0 0 47.2762876339 46.3790192926 46.2888917013 47.2932105683 46.6166500807 46.7446058281 46.979383925 47.1062617254 46.4505571435 46.9887670578 46.4008582482 46.7872467079 46.6535285299 46.9933674989 46.2752669415 47.129777434 46.234686525 46.0266952013 46.9768508304 46.5229921209 46.5080292312
0 0 0 0 0 0 0 0 0 0 0 0 47.0439870523 46.3863646105 46.3624432093 46.4690444887 46.0876650682 46.65012345 46.1362913392 46.7982782806 46.5364288189 46.0984519674 46.4229471733 47.2940510903 46.6963592222 46.8598000544 47.1682612525 46.1684350972 47.3518323119 46.3674224467 47.3380957345 47.0601171831 47.2206030377 46.6769975922 46.1868253773 46.3964455504 46.9162947675 46.2192248028 46.2901192602 47.1262196224 47.0229951576 46.0983182021 46.4344547466 46.3844510993 46.3980016664 46.2630478489 47.1807898899 46.6434329431 46.3701129557 47.3218297128 46.7369326877 46.7651407627 47.3394613791
0 0 0 0 0 0 0 0 0 74.9473506333 64.1327779206 78.493707656 47.2541495287 47.2940406331 46.8689138975 46.1040842515 46.469388339 46.0360050298 46.527989467 47.3724901433 46.4138244512 47.3902624266 46.3782402689 46.0948741917 46.3776017469 46.6266971548 47.0468066179 47.2459423747 46.6800759703 46.3471858082 46.785686952 46.3349296199 46.9352329114 46.5962886621 46.1888858449 46.0831865422 46.5652241035 47.0658186852 46.263483471 46.1469991297 46.1807888567 46.9289557571 46.6361390345 46.5981137818 46.8672013875 47.2997109676 47.1283284927 46.238353267 47.0497726312 46.6008848153 47.3314000724 46.083794032 47.1838546833
0 0 0 0 0 0 0 0 0 66.0773297511 74.8070745926 77.1544088331 46.5231221487 47.1267580103 46.2564412491 46.9473688956 47.395525552 46.2681957282 46.246210595 47.2514001244 46.7147261514 46.4589705452 46.8591125513 46.9432965965 46.9337461554 46.1861231606 46.3242967446 47.1445638088 47.1605429469 46.0406015246 47.3745755323 46.9670965881 47.2388346183 47.049787897 46.1693728789 46.8754524057 46.4082530114 46.2781634882 46.0523822984 46.6529760306 46.8217082017 46.0779257533 46.8493399423 46.6222699401 46.4516518964 47.1464675268 46.9363448854 47.19620191 46.1472962031 47.1704864539 46.3959465994 46.9774511466 46.1685679429
0 0 0 0 0 0 0 0 0 72.7514273292 71.1783142238 64.4852336382 47.3224819956 46.5992862725 47.1267932976 47.232788607 46.42485768 46.056988731 46.0120063665 47.268846294 47.2243914617 47.0973850829 47.3640907666 46.6573538862 47.4064302499 46.7742170404 47.3604543978 46.2770969042 47.2381153025 46.8183382863 46.5844807374 47.0499647068 46.1284139383 46.3568231867 47.0260659181 47.3112082708 46.3386177816 46.042193338 46.7245701954 46.6343875127 46.6234078446 47.1117943307 46.8672887848 46.5419264102 46.0449333621 46.18351082 46.0535356995 46.188355333 46.5191646073 46.6827830688 46.7795961631 46.4830545192 46.4823536538
0 0 0 0 0 0 0 0 46.8551186103 47.3444320478 47.3426193129 46.0953496433 46.9858033209 47.20244644 46.5873252786 46.5398620422 46.6136962631 46.1380364883 46.7563019499 46.0593700927 46.8776953547 46.4730846637 46.2618393504 46.8439936151 46.5186550463 47.4124794364 46.4286665702 47.413589827 46.7695023651 46.721675927 46.7725261605 46.1951448076 46.9689235151 47.2922434099 46.2732178131 46.0958967969 47.4140611297 46.7900838409 46.9471851058 46.9883357347 46.3225037539 46.5461455112 46.1250293035 46.9706696136 47.0062117751 47.1350734284 46.6471611753 46.2100681719 46.2428942069 47.3847926303 47.129979798 47.2538748928 46.297166177
0 0 0 0 0 0 0 0 46.4187237901 46.2217766618 47.0114817524 46.3050121 46.7089949606 46.1961103036 46.5197989285 46.0348884057 46.4833820907 47.2294456715 46.0424684307 46.1211608644 47.2708567917 47.3992286315 46.7665387831 47.3890721609 47.3265264309 46.3388990402 47.2599580181 47.0532739335 46.7395863808 46.5185738784 46.6662328629 47.0864994063 46.2647434774 46.4335057463 47.0698757818 46.198950492 46.7998715735 47.2475621108 46.2335034915 46.352887515 46.6765270381 46.1897536896 46.047751074 47.2797633663 47.0589647029 46.563501063 46.6236487399 46.7023988567 46.2781192633 46.2641288024 46.8644425335 46.7602355558 46.6883069963
0 0 0 0 0 71.951415544 77.0486472357 68.9525568698 46.5625564745 47.0442140015 46.3988063765 46.8789993936 46.7558866661 46.4357975473 46.5600137663 46.1036625999 47.0282018448 47.2613420496 47.196192213 47.3851653503 46.1191142224 46.4039141691 46.0644770295 47.0640146377 47.1666261252 46.7811699829 46.3539650736 47.0660795172 46.1209144662 47.1710470802 46.7941444419 46.7814955909 47.2376606419 46.1231615373 46.624042238 46.7830570876 47.0126849107 46.8312306118 46.5906538891 46.8724866433 47.0542780004 46.8266791199 46.3987167348 46.2402560592 46.5486722089 46.7133474302 47.0007961335 46.0619196834 46.6615859349 46.2463971841 47.2069060606 46.8522081626 46.5428221293
0 0 0 0 0 79.5211183963 73.0263779761 73.4069089985 46.1230979477 46.4584190636 47.0364513297 46.6893076918 47.0988397386 46.0150800773 46.123246783 46.8444995908 47.3175898136 46.6423850789 46.924777968 47.1403231307 46.4871324123 46.4614622428 46.3305768264 46.0307887932 47.2430911286 46.7147361877 46.211101112 46.223535369 47.3630662471 46.5945355846 46.67647233 46.2914382974 46.1556618911 46.550932023 46.7324707481 46.5211767853 46.2439990911 46.0677658562 46.8438090269 46.7088831166 46.7032948192 46.9189338827 47.1123135259 46.2943647961 46.028944585 46.8382920065 46.5656023301 46.2866951025 47.2180527994 47.3427267676 46.9579489583 46.259702245 46.7308354911
0 0 0 0 47.290198253 67.5441638081 69.5739875184 65.9577344502 47.1842690736 47.1609073811 46.3825133864 46.2968529697 47.0782168221 46.454473559 46.7600693441 46.0287866328 46.082012089 46.236815223 46.8849666836 46.2575523482 47.2400822038 46.9226283239 47.1503356891 47.0975370515 46.6122726293 46.0037531824 47.3524533683 47.1531103614 46.5461312934 46.7981913406 47.1150935208 46.7577161137 47.3261438702 46.8193372655 47.0249082219 47.3053722806 46.8775170845 46.769639799 46.4697751006 47.3189665994 46.3947116175 46.9939252645 47.1058825801 46.4634251769 46.8302008589 46.8863990234 46.3970320922 46.999361122 46.0120481755 46.7362464397 46.6548822001 46.3008545563 47.097441007
0 0 0 46.7593881808 47.3862162588 46.6519660607 46.3992639015 46.6163055457 46.8484006861 46.1893242074 46.95956329 46.1056265179 47.0607893435 47.3779210432 47.0968777663 46.375852512 46.1516380236 46.8734825814 47.0540714438 46.5746609847 47.4092612945 46.3955681369 47.3770337553 46.5134869765 46.822599802 46.9772781675 46.739193767 46.9225583659 46.5040646404 46.5771450198 46.1523016071 46.6642386918 47.165830167 47.2060237093 46.4876377396 46.2118475439 47.4091447361 46.1338184644 46.0659158814 46.4040784998 47.0094732307 46.9649418137 47.2158966943 46.3733373409 47.1329735794 47.3530954915 46.3705229944 46.8282916903 46.3233063155 46.0775585686 46.7538453721 46.2467204903 46.1588234618
0 0 46.1228679168 46.5654733603 47.2783285083 46.4365917169 46.2931517467 46.6440948704 46.2880241322 46.3450656075 46.2221541887 46.4608575686 46.9920529752 46.2884581457 46.590195323 46.485898576 46.5498360289 46.8833433835 46.9573208821 46.5986825355 46.9072724325 46.4440091234 46.253909878 46.437348787 46.4033980519 46.2144981237 47.0748290701 46.4689454043 46.1455912196 47.3448234886 46.6669331989 46.1525091587 46.3435116928 46.0244246429 47.3604948875 46.9171800259 47.2505370453 46.1456348409 47.164979718 46.5324203387 46.9596457435 46.5504074524 47.2851639337 47.1816988869 47.3386246739 46.6026941914 47.1018745808 46.4476010443 47.3847125668 46.9194989528 46.1083981136 46.2082693658 46.1961358282
0 0 47.0423707942 46.1810581148 46.5795319249 46.6970294779 46.6806853967 46.1009050686 46.368750811 46.2531442816 46.4044302337 46.5723245993 46.053523716 46.5041255725 46.7818721019 46.0713068384 47.3901491637 47.219767893 47.0518927428 47.0524919249 46.3822122245 46.1089645109 46.6626968561 47.2584292191 47.0032282652 46.7247091592 46.3231828483 46.907946913 47.1989600391 46.1482077731 46.490809722 46.2241702673 46.244747162 46.6532827612 46.6259426677 46.4967252365 47.393252707 46.328077015 46.9162460414 47.0182422329 46.4960998196 47.1079066725 46.98426856 46.1967010834 47.0906833486 47.1611516803 46.0421332418 46.2791141556 46.6681048931 47.3619581109 47.1174669198 46.2371291511 46.3482674359
0 0 46.2193046056 47.0958263779 47.3651053012 46.1591279894 47.3585144358 46.4232245457 46.0644630048 46.9105057079 46.9743832941 47.1948363431 46.8817775921 46.306928732 46.5929893291 46.3895567395 46.6849553228 47.1348069999 46.4647750242 46.8835314506 46.1742961111 47.3664701218 46.1226790176 47.2870178137 46.4961834009 46.0259851842 46.2217647491 46.5608294787 46.2218235032 46.086960627 46.1757855651 46.0228833035 47.337107626 46.0925201292 47.3031297244 46.0078091114 46.6814986168 46.8664440914 46.2311750187 47.2013392366 46.9685654539 47.3393097979 46.2328866656 46.4732168599 47.2446448241 46.8685516433 46.5673170437 47.3721306141 47.2862300541 47.4042490654 46.937222455 46.887036086 46.381189836
0 0 46.2748377148 47.2885419449 46.8412880719 47.2294246071 46.3541831306 46.4719194135 46.430090064 47.3275044151 46.8971974492 46.4571476906 46.1092043553 46.5709454933 46.2226296834 47.2383007419 47.1096875288 46.6565339387 47.0941992128 46.9676069753 46.2715357067 46.3095629143 46.7938873238 46.110035034 46.0139343807 47.2580781919 46.3863726536 47.2574253112 46.0004332995 46.4347626931 47.4133012042 46.5839248143 46.0334707358 47.1309321832 47.1849998392 46.9727704859 46.7717157822 46.4736829506 46.3470877728 47.0900079609 47.393635184 46.0352541847 47.3663230184 46.8028323264 47.2829966663 46.97386761 46.1548036416 46.4762805012 46.6144239278 46.911493641 46.5047618919 46.1553865073 46.9502507468
0 0 46.6024631963 46.3477340878 47.3974735984 47.0576921227 46.6241596284 46.6600787104 46.0245972458 46.3728983245 46.0100009119 46.7638351291 46.3049017876 46.8701696413 46.4813699977 46.0708508678 46.9180450336 46.6646302506 46.2386660168 47.4115360414 47.0331718619 46.8140082053 47.1808142021 46.988917824 46.1019104194 46.002826866 46.1063392105 46.5099885724 46.7677930504 47.2588831717 46.8049339232 46.4889916486 47.1763262048 46.7772657774 47.2430692641 46.7725631848 47.2298484596 46.4667813153 46.713974462 46.4359259425 46.0196213201 46.9642278372 46.3398320575 46.484957621 46.149841471 47.2529189206 47.0808105688 47.0869176058 46.8823003843 46.9176483218 47.1456123793 46.7686978845 47.3177543984
0 0 47.1966968948 46.5802046036 46.6277988699 46.3397514465 46.5443325192 47.1660998656 46.6891120299 46.6783972476 47.1794224432 47.1347340273 46.0212966614 46.2843942601 46.4453514512 46.9568134543 47.0692814399 46.8366969994 46.4844609544 47.4098593422 46.6743589824 46.985078 46.7286569807 47.0276425525 46.0035889731 46.5824683345 47.1230272215 47.0291169383 47.297824671 46.8302549374 46.6454148801 47.0495038271 46.5051086807 46.9904746693 46.8061522813 46.084851276 46.5318429473 46.8790286746 46.3785436273 46.6112119559 46.5357315826 46.5368935719 47.0475959564 46.7840611982 46.9230237778 46.0455652068 47.2667022895 46.7741630371 46.6368087362 46.3870826079 46.4580201118 46.2324770743 46.1880459964
