Spatial_Output/90% DEC/90DEC_1387.asc
NCOLS 155
NROWS 192
XLLCORNER 196769.923733
YLLCORNER 449719.875193
CELLSIZE 27.603701
NODATA_VALUE NaN
[rows 0 to 22 of 192, columns 53 to 105 of 155]
32.8483501178 32.5420263766 32.9478169544 33.0788834472 32.6884380642 33.0615450353 32.8401849475 50.4872187085 47.5662003872 47.4482601069 32.8243164853 0 0 0 0 0 0 0 0 0 0 0 0 0 0 0 0 0 0 0 0 0 0 0 0 0 0 0 0 0 0 0 0 0 0 0 0 0 0 0 0 0 0
33.2000824604 32.833226949 32.9577652976 32.6245455171 32.5236684224 32.7656801217 32.6773334516 46.8661666803 49.3808820898 52.0744391596 32.6941764772 33.2007285856 0 0 0 0 0 0 0 0 0 0 0 0 0 0 0 0 0 0 0 0 0 0 0 0 0 0 0 0 0 0 0 0 0 0 0 0 0 0 0 0 0
32.825308241 32.5602809091 32.5437696257 32.5085561558 33.1958986361 32.9148407528 32.8157790374 50.2386620134 46.8649426815 51.1005021705 33.2047268165 32.6464552904 0 0 0 0 0 0 0 0 0 0 0 0 0 0 0 0 0 0 0 0 0 0 0 0 0 0 0 0 0 0 0 0 0 0 0 0 0 0 0 0 0
32.6965734003 33.1718588877 32.549683834 33.1590233589 33.0320487473 32.7727208421 32.5868442065 32.634035444 32.8801403927 33.1028749092 33.1189352733 32.5531785768 32.6888944094 0 0 0 0 0 0 0 0 0 0 0 0 0 0 0 0 0 0 0 0 0 0 0 0 0 0 0 0 0 0 0 0 0 0 0 0 0 0 0 0
33.1664435423 32.631441738 32.7198378678 33.0881258827 32.9729804051 33.1489671118 32.719172979 33.0105803179 32.5588531366 32.5940847618 32.7450474927 33.1263410855 32.837042526 32.7612753255 33.048736592 0 0 0 0 0 0 0 0 0 0 0 0 0 0 0 0 0 0 0 0 0 0 0 0 0 0 0 0 0 0 0 0 0 0 0 0 0 0
32.7755708056 32.6308333218 33.1417560083 33.1320938254 32.765388077 32.9214365686 32.8200902815 32.6106367531 32.8316257473 32.9077675424 33.1010352795 33.1991716071 32.750315075 32.657497008 32.6990463551 33.0921145254 0 0 0 0 0 0 0 0 0 0 0 0 0 0 0 0 0 0 0 0 0 0 0 0 0 0 0 0 0 0 0 0 0 0 0 0 0
33.1770664254 32.9657226372 32.6257911985 32.6337159895 32.6986802065 32.8217155412 33.075431231 32.6031299347 32.7238798693 32.9409297639 33.1727101058 32.7303795502 32.6030046444 32.9666538005 32.768558572 33.1331599234 33.1919407823 32.6927631727 0 0 0 0 0 0 0 0 0 0 0 0 0 0 0 0 0 0 0 0 0 0 0 0 0 0 0 0 0 0 0 0 0 0 0
32.7157954231 32.7826767279 33.0373838509 32.5942641821 32.5915712491 32.811249339 33.0007665101 32.9350591531 32.8317944704 33.0932465437 32.5027687902 32.8391854158 32.767910631 33.1806319461 32.9223673802 32.7273894783 33.0679491814 32.9709687971 32.8923936102 0 0 0 0 0 0 0 0 0 0 0 0 0 0 0 0 0 0 0 0 0 0 0 0 0 0 0 0 0 0 0 0 0 0
33.0158707794 33.1747631363 32.9535505443 33.0472224921 33.0334841943 32.790651216 32.784759282 32.9622066315 33.0483869332 32.9640610349 33.0287886293 32.7236945281 32.52565466 32.8755805358 33.0801393852 33.1299799675 32.9615697163 33.1589089774 32.7777907323 32.5354108459 32.5572501894 0 0 0 0 0 0 0 0 0 0 0 0 0 0 0 0 0 0 0 0 0 0 0 0 0 0 0 0 0 0 0 0
32.7715848828 32.8042675888 32.9365722548 32.9032574701 32.5394926989 33.0496298174 33.009226679 33.2003276255 32.82115896 33.022318417 32.8896456932 33.1125221077 33.0571702883 32.5744124029 33.0482609965 32.7962819457 32.8348724545 32.6840972463 32.5160023739 32.5903254718 32.5976150805 33.0315049249 33.0593202893 32.9403731721 0 0 0 0 0 0 0 0 0 0 0 0 0 0 0 0 0 0 0 0 0 0 0 0 0 0 0 0 0
33.1173346045 32.555550832 32.8328300795 32.9917031285 32.7867406213 32.8718981882 33.0071213778 33.1108075945 32.8765992225 32.5897703601 33.1403142459 32.7089781693 32.9820477896 33.192300846 32.8361677707 32.7785164207 32.5996071067 33.0677131771 32.5814487311 32.8741870021 32.573519917 33.0997023293 32.6110720431 32.8536646095 33.029291871 32.8488405111 32.5188138219 33.0705634952 33.0473255402 0 0 0 0 0 0 0 0 0 0 0 0 0 0 0 0 0 0 0 32.5810256631 32.6431683855 33.1807973571 32.7175015768 32.5719824262
32.9366004261 32.9476300678 32.8307314415 32.7673490633 33.1687684624 32.540490189 32.5430107904 32.7122526394 32.937055149 32.8096785562 33.035179709 32.8615933737 32.6234101491 32.9903604226 32.5562900533 33.0032716797 32.5392685319 33.1410294463 33.1315061176 32.6022648711 32.5861879871 32.6593757158 32.9489193973 32.6600343207 33.1555098679 32.5457298635 32.5439228738 33.1886388575 33.085281387 33.1631729423 32.957482081 0 0 0 0 0 0 33.0568196792 32.8624231194 33.0334389055 32.7866764478 33.0107831649 0 0 0 0 0 0 32.8518710248 32.5289329741 32.7524753825 32.9730159793 33.0666264668
32.9621725477 33.0694884757 33.0503540334 33.1070995544 32.6665167957 32.7456088068 32.815135671 33.0444534359 33.1570015727 32.8185249388 33.1109017404 32.8370578811 32.8459104703 33.0887797123 32.9537283626 32.5655852195 33.106721224 33.1531366997 32.6065857613 32.8614496146 32.9847698514 32.9025717874 32.7075861109 32.6458394462 32.5135108469 32.5487608249 32.9948292843 32.6197662811 33.0489487591 33.157561761 32.8201635244 0 0 0 0 0 0 32.5427505124 32.9418544494 32.7829984237 32.9146946165 33.0766057631 32.8742125961 32.9434761028 33.1561110736 0 0 33.1549149699 32.8278356015 32.7668034972 32.6887269396 32.660324131 32.8657286256
32.8936197824 32.7260262625 32.6053501292 33.1407644568 33.1691159614 32.9893535651 32.9884651266 32.7385633614 33.1898826518 32.8787027197 32.644962236 33.1996623063 32.8560581821 33.0307234136 32.9709493655 33.0913927042 32.6653330909 32.644966766 33.0901872548 33.0693955354 32.7274888478 33.1012133094 33.0472654384 32.8007795711 33.0417462254 33.1146022925 32.7313029927 33.0142692005 32.8629925954 32.5854162768 32.7506002713 32.9631796401 32.6616743127 32.8924260014 32.8319871695 32.7169093953 32.7157385793 32.9595341351 32.7795796809 32.8915582723 32.5125896649 32.7782066941 32.922250281 32.5524458854 32.7952089427 32.6174044362 33.1153838721 32.5043983928 32.5583885232 33.0370549103 32.949729281 33.0282642374 33.1656506917
33.2059992349 32.6160814731 32.6948405796 32.5844287905 33.0470476642 32.6242484987 32.6544794723 32.592795544 32.6698288256 32.5307171614 32.5901324176 33.0590837064 32.8647937126 32.835797718 32.9352821623 33.0397567732 32.741314464 32.851106797 33.1043594218 32.9430148939 32.909931905 32.7355360362 33.0774557023 33.1842434749 33.1443490909 32.833664555 33.0170106255 33.1005002972 32.5058434102 32.7557535659 33.1922379927 32.6622756929 33.0434952114 32.6746399128 32.5290389391 32.7824003608 33.0468119823 33.1933044064 33.0742922531 32.8164025336 32.5904577093 33.1375356724 32.85387508 33.0830830882 32.5936145845 33.0582757987 32.6438416293 32.8469836983 32.5738503877 32.5092161573 33.1721799501 32.9251422689 32.7736819573
32.7967177364 32.5378407919 32.7707203423 32.6066714407 32.8258850718 32.8007124351 32.8036998662 33.2025201373 32.7159087753 33.1587007094 33.0983980553 32.790601389 32.6159686507 32.6697990924 33.1715003285 33.1280132602 32.5559853097 32.8494940791 32.500642111 32.5306334378 32.9458023295 32.7109097802 32.6452273542 32.7519531546 32.6486301292 32.5977902493 32.8294872367 32.7312255703 32.912849081 33.118337434 32.9905129718 32.9496333281 33.0763653186 32.612989024 33.1378628925 32.7717671779 32.958683832 32.8673604536 33.1079815575 33.2031421605 33.0808219431 32.8028509005 33.1239395964 32.6946164542 33.1854465303 32.7818983568 32.9187751545 32.6368941279 33.1169294634 33.1521555162 32.5347244871 33.014758644 32.5496909958
33.0878725618 32.7885900842 32.569064217 32.8876096939 32.8966131364 32.9436144804 32.7110471769 32.9188201257 33.1038053521 32.7774518863 32.9078506704 33.1402258346 32.8585678801 33.2000167596 32.6223217541 32.8389211846 32.9465008421 32.6871758219 32.7334968446 33.05632426 32.9957234979 32.7666691691 33.1521725607 32.7337361895 32.8834798539 32.8140578025 32.9959766032 33.1255393113 33.1154625128 33.1302475013 32.6749845908 32.6815223449 33.0885037583 32.9382410584 32.6375719536 33.0714496116 32.8270402165 32.7393938304 32.551715865 32.8648926823 33.0043571628 32.9529131409 33.0336015455 32.7040574373 32.858354534 32.9012214325 32.946394342 33.1030595576 33.1453142441 32.6837451145 32.6040656193 33.0200812613 32.8996482023
33.1196677919 32.9769972566 32.7008582421 33.1958051783 32.5157653166 33.1291124329 32.6065275011 32.9193663115 32.5441060988 32.7907335701 32.7068526722 32.7713801513 32.8421125282 32.996540462 32.7206501072 32.8178090901 33.0449338411 33.1594681926 33.0867052338 32.898778958 32.6209708929 32.5594683599 33.025806786 32.6571171981 33.1343336879 32.8686589233 32.7456292084 33.1482706944 32.8991322656 33.0962737681 32.6770581501 32.8069140812 32.6509314648 33.0291534881 32.8850353882 32.8117597384 33.1826283749 33.1994604513 32.8835531696 32.7856416038 32.6940446988 32.5854850835 33.0876090731 32.6909327183 32.7610436997 32.7758128655 32.6514882001 33.0060759442 32.812158684 32.7497221165 33.055435551 32.8346597063 33.0629621926
32.9260768994 32.7504668308 32.5708282681 32.6336834726 32.5124373928 32.9258305558 32.956118887 32.6494261854 33.1375232695 33.0917412587 32.5976136647 33.1663071053 32.77445141 33.1816591951 32.6570062531 32.6406775468 32.7418771833 32.7554506456 33.0157160683 32.5289223515 32.9780480695 32.7758825386 32.9619352127 32.7701993458 33.1627670293 32.5330053706 33.0486823734 32.6992624089 32.8182720543 32.6048260651 32.8137410935 33.0984396098 33.12805128 32.65715908 32.9249438841 32.8890244675 33.0799678711 32.9506588442 33.0818146831 32.6975464404 32.9621493344 32.9045311223 32.8905704696 32.5937320721 32.8221803935 32.8698317734 32.978135519 32.5936600323 32.8212993495 32.9313481739 32.7972000563 32.5650724735 32.9544752652
33.1749073997 32.9517857021 32.9839606571 32.8841200546 32.8424937885 32.5459800239 32.9795812082 32.8268173589 32.8615614988 32.7124175226 32.6432267409 32.8608255207 32.5991203071 33.0908411559 33.0484990063 32.6871451614 32.8328320271 32.6680345702 32.9415200185 33.0888892498 33.204961712 32.8130541277 32.814395166 32.6536687372 32.926825094 33.1360384598 32.6975064764 33.1068194004 33.0824276765 32.5221316432 32.9677968707 32.935986815 33.0225800355 33.0329455963 33.021186913 33.1716782836 32.9102068112 32.5695470615 32.9039146281 32.6433255582 32.9725339547 32.6786565251 32.9542066123 32.9132944922 33.0158950771 32.9540576706 32.5261631776 32.5643512979 33.1013401044 32.9702407686 32.5067206986 32.5899724608 32.866007332
32.9172301087 32.8346315097 33.1032537484 32.9495202783 33.1589497519 32.5735015983 33.189832206 32.7130564908 32.5852633539 32.6149258156 32.8615602935 32.6361412017 32.738708425 33.0252602029 32.7628744015 32.5814419186 32.8777379441 33.0726802493 32.6643311173 32.5648563114 33.1648531347 32.8694824782 32.8781100636 32.6374293369 32.8103546841 32.681099867 32.6937807803 33.0650861504 32.5061169607 32.9021189832 32.594435137 32.9033465986 33.0145003741 32.6407140589 33.1148074518 32.6387576493 33.0417309648 32.8126203994 32.7830780419 33.1414198635 32.7195160002 32.6731865107 33.1264969146 32.9626026124 32.9810961808 32.7322801212 33.1346990694 32.5955333602 32.7863059278 33.1615245749 33.1295521193 32.8349099244 32.8091308589
32.8131942014 33.1776539983 32.5114396118 32.7892155032 32.5816891518 32.692315523 33.0361354953 32.5810743583 32.9605840812 32.7707409589 32.6090748543 33.0915420008 32.8518126118 32.9686526813 33.0892515386 33.1572336568 33.1683699023 32.7408319846 32.6725497202 32.9531783318 33.1757219246 32.8275126688 33.0346437603 32.9981554607 32.8946972569 32.9255763572 33.02254017 32.8293914563 32.6362449975 32.8299830487 32.5716502714 32.8531381106 32.9579719233 32.9904878695 32.7316660811 32.871024671 32.5227985452 32.9237564292 32.9329159472 32.5636825343 32.7994065152 32.6153357384 33.2024732308 32.7009441008 32.7444024763 33.0850113843 32.99623677 32.7454424683 32.7576863909 32.813231786 33.1016225083 33.144638603 33.093279728
32.9918299739 33.0140972643 32.6033207105 32.6395817065 32.8910754798 33.1360383812 32.7113853511 32.5737985385 32.5962543013 32.916408288 32.513664673 32.7905636416 33.065391382 33.1467765682 32.8366785037 32.9071175318 32.6266950806 32.974072152 32.5200257294 32.523544132 32.6145447117 32.6960416949 32.8141623464 32.631085402 32.5524216435 32.8746256 32.8617893967 32.8842826618 32.8600593536 32.9984896298 32.9788232597 32.9638295851 32.8619238348 32.6123175043 32.7547569595 32.7779517943 33.1050660116 32.5038871647 32.9596502575 32.5328139242 32.9943831966 32.9538318148 32.8406985151 32.7326450247 32.734594217 33.0782498251 33.0749747653 32.5217935961 32.7748784065 32.5124154748 32.5900397527 32.8474665415 32.5756015655
