Spatial_Output/90% DEC/90DEC_1438.asc
NCOLS 155
NROWS 192
XLLCORNER 196769.923733
YLLCORNER 449719.875193
CELLSIZE 27.603701
NODATA_VALUE NaN
[rows 0 to 22 of 192, columns 53 to 105 of 155]
33.0552506546 32.9034914561 32.5042259957 32.6271362288 33.1023785332 33.0517819176 32.739470079 50.1748332033 50.8167492978 45.7312708445 33.1261344079 0 0 0 0 0 0 0 0 0 0 0 0 0 0 0 0 0 0 0 0 0 0 0 0 0 0 0 0 0 0 0 0 0 0 0 0 0 0 0 0 0 0
32.551489145 32.536853774 32.8531924982 32.5969190315 32.7038073809 33.1577460253 33.0186556158 49.4873911047 46.2575678461 45.2233964338 33.0522902865 33.0510040462 0 0 0 0 0 0 0 0 0 0 0 0 0 0 0 0 0 0 0 0 0 0 0 0 0 0 0 0 0 0 0 0 0 0 0 0 0 0 0 0 0
32.8889337394 32.9423973112 32.6320635437 33.0526026463 32.9231385707 32.6444805383 32.6376569449 50.167913593 49.5960261196 47.056829144 32.5206974927 32.674531055 0 0 0 0 0 0 0 0 0 0 0 0 0 0 0 0 0 0 0 0 0 0 0 0 0 0 0 0 0 0 0 0 0 0 0 0 0 0 0 0 0
32.8505785834 32.5497218121 33.0391338623 32.9361602207 33.0743751488 33.1581611081 32.6403867697 32.868985578 33.1970090393 32.7609996187 32.5351645157 33.1821849851 32.7936850545 0 0 0 0 0 0 0 0 0 0 0 0 0 0 0 0 0 0 0 0 0 0 0 0 0 0 0 0 0 0 0 0 0 0 0 0 0 0 0 0
32.800836447 32.7386959088 33.1165098921 32.7167001968 32.5865181333 33.167228997 32.5140196267 32.7426785263 33.1647142351 33.1266630822 32.6885142057 32.7113014758 33.1887407039 33.1741614306 32.7936830974 0 0 0 0 0 0 0 0 0 0 0 0 0 0 0 0 0 0 0 0 0 0 0 0 0 0 0 0 0 0 0 0 0 0 0 0 0 0
33.1017207298 33.1987332814 33.0466213008 33.1199408117 32.9167634159 32.9078580327 32.7731715977 32.7333418373 32.8432318355 32.822564982 33.0994815059 32.9950307203 32.588295424 32.7013226289 32.5298046995 32.590925515 0 0 0 0 0 0 0 0 0 0 0 0 0 0 0 0 0 0 0 0 0 0 0 0 0 0 0 0 0 0 0 0 0 0 0 0 0
32.8848554614 32.5226972965 33.0351866018 32.6716183439 32.6779030096 32.6640474619 33.0367573198 32.5885656357 33.060771299 32.6351297667 32.8697495681 32.5051256284 32.5515557813 33.0114202386 32.6949056748 32.605141697 32.9754078833 32.8794177477 0 0 0 0 0 0 0 0 0 0 0 0 0 0 0 0 0 0 0 0 0 0 0 0 0 0 0 0 0 0 0 0 0 0 0
32.7503190204 32.6999870691 32.9697080357 32.7310122246 32.6902839827 32.8113320974 33.038466772 32.6501417806 33.1846349453 33.1572008089 33.0304675277 32.7113274691 33.03209509 32.6840549019 32.5523919552 33.0376779726 32.5622618195 32.6734218068 32.5768944369 0 0 0 0 0 0 0 0 0 0 0 0 0 0 0 0 0 0 0 0 0 0 0 0 0 0 0 0 0 0 0 0 0 0
33.139938041 32.680591644 32.6494636359 32.6482276739 32.7013997791 32.7729586403 32.9820210049 32.7495620322 32.8670579225 32.8322702042 32.6544982245 32.5229960799 33.2041278443 32.8925607255 32.7023270217 33.1618842269 33.0483645553 32.9289908295 33.0758618288 32.7553945022 32.8418564196 0 0 0 0 0 0 0 0 0 0 0 0 0 0 0 0 0 0 0 0 0 0 0 0 0 0 0 0 0 0 0 0
32.9700386584 32.9843583867 32.8085542853 33.0435565645 32.9013820267 32.6357668766 32.9039792316 32.707818107 32.5100107415 32.8844292681 32.9038543527 32.8835803078 32.5613925997 32.529935262 32.9514363905 32.8183022927 32.6418407387 32.7987226569 33.1823781341 32.7577543972 32.5216243621 32.5859761659 32.7831914364 32.8737319333 0 0 0 0 0 0 0 0 0 0 0 0 0 0 0 0 0 0 0 0 0 0 0 0 0 0 0 0 0
32.6208541852 32.6301543977 32.552374002 32.5662896702 32.9548377666 33.1990013425 32.7256597787 33.206567207 33.1910285446 32.9288837501 32.5289257274 32.9601013151 32.9658079265 32.922159986 32.8595772184 32.5268339719 33.0242271283 32.6770820627 32.7125215241 33.042528361 32.8288516274 32.6112326251 33.1433836767 32.601137609 32.9924157817 32.6417921615 33.0527267873 32.8500006097 33.0100921658 0 0 0 0 0 0 0 0 0 0 0 0 0 0 0 0 0 0 0 33.2021353279 32.993007571 33.0589034776 32.5390846349 33.2018570723
33.1250915765 32.7456643135 33.1988701687 32.7839799878 33.0176187401 32.7405939473 32.7119505407 33.1359341722 32.664200073 32.5568347532 32.5105861799 32.8503561327 33.1832082007 33.1721556403 33.0056166772 32.5944650796 32.9760938681 33.0892832543 32.9454447164 33.000283285 32.8949642137 32.8173529019 32.841198918 33.1164362236 33.1586123729 32.6186578833 32.848619619 33.1795088825 32.7595106096 32.6458297853 33.1424144731 0 0 0 0 0 0 32.5644814137 32.8046490182 32.9292623823 33.0127406269 33.0857299525 0 0 0 0 0 0 32.9999551577 32.7315943136 33.0966372749 32.5050989224 32.9517200741
32.6561209092 32.5107953002 32.8461079556 33.0827880549 33.1043279895 32.6655156788 32.9839242808 32.5639600021 32.5925114023 32.5577212839 33.1142504992 32.8771140845 32.5866365372 33.0902920958 32.6566082133 32.9089332546 33.0742715224 32.6134056181 32.6750797588 32.5048374701 33.1215787905 32.9256530432 32.654467683 33.0901954952 32.6015682849 32.8795393787 32.6909825155 32.7896146709 32.6801499707 32.6499772967 32.6819439623 0 0 0 0 0 0 33.162534245 33.1394213439 32.868177003 33.1200658687 32.9107413542 32.5882415173 32.9142223165 32.5925771807 0 0 32.6857974963 32.5681809142 32.8602125355 32.880451665 32.7059706624 32.7895095952
32.8349524995 32.8524351761 32.8806797154 33.2041015768 32.6449027124 32.5198358757 32.5002059595 33.1277195039 33.1568846943 32.9739389534 32.8933426774 33.0972783991 33.1999398462 32.7846967901 32.9498396379 32.6963995092 32.7610506328 33.1228125404 32.6907173169 32.9326282615 32.6081479968 32.54337609 33.1579732249 32.9824734682 32.7411134276 32.8219192741 32.8146335217 33.0721496342 32.572084484 32.8467593141 32.5552777221 32.7670425486 32.9205788887 32.6815592068 32.747877618 33.0007291585 32.5917844074 33.0623692978 33.0659489725 32.6972561589 32.8861399328 33.1828416838 32.8193201891 33.0255709895 33.0110445465 33.0851880906 32.6060000981 33.0127538401 33.0500313739 32.9462901479 32.75469234 32.8866103184 33.107896185
32.5063469823 32.9360772644 32.5122173989 32.8063763206 32.7765063031 32.6181275723 33.08575792 32.9778336319 32.8808004699 33.0116584429 32.7606866336 32.6576359399 32.7819054915 32.8276052083 33.1014798075 32.8512970876 33.1835298826 33.090764226 32.8240727205 32.8443545018 32.7048816779 32.840803576 32.8357765471 32.7508939671 33.2044546137 32.8054521077 32.9605133836 32.5352658292 33.0911882871 32.8306135329 32.8856724615 32.8840236692 33.207098918 33.0535792844 32.7065401534 32.5285632912 32.9847700017 32.5615018102 32.6966763734 32.9068824996 32.9727008235 32.9700048523 33.1361232546 32.6460503227 32.7415105713 33.0352456784 32.602479205 32.851677833 32.6808189353 32.7242207896 33.0439542061 33.0218311715 32.7387707471
32.7376124496 32.8793288767 32.6412183728 32.6761190459 33.0295096267 33.0438919674 33.1744531253 32.9069030738 32.9000638449 32.7475998537 33.0981053745 32.9849558925 32.8019468873 32.597784339 33.1321499622 32.5817128923 33.0940711814 32.8991341897 33.1668899705 32.750448937 33.1159037638 33.0266429586 32.5429841859 33.0044371761 32.8240499468 32.8378955981 32.5738064165 32.5289101066 32.9620726579 33.1992929632 33.0581649593 33.0928483961 32.7467194895 33.0115560951 32.967692738 32.9318813119 33.1573597225 32.7499845811 33.1797005728 33.1636656939 32.7150177012 32.6271739737 33.0204483546 32.7494702407 32.8276374439 32.8055814886 33.0354541766 33.114869442 32.9565769422 32.6616684564 32.7398464673 32.64226088 32.9818280803
33.0467448647 32.5760028407 32.7225368384 32.7155151232 32.795430022 32.9950867129 32.7536201025 32.5275735831 32.9742683371 32.9240952239 33.1912547675 32.6177465777 32.7932927457 32.5022444132 32.5684781558 33.1386591291 32.7317912494 32.5133816111 32.669666513 32.574870296 32.7024871882 33.1417710865 32.6513082654 33.0941466482 32.5040999114 32.5935513095 32.7032928664 32.8641549668 32.7791461441 33.0221796648 33.023864866 32.6326512452 32.8621136503 32.7714491429 32.9751743432 33.1363503223 33.2034896463 32.9071459746 32.68561023 32.8608625089 33.1513790162 32.9126142946 32.791720362 33.0196985122 32.6603038015 32.5616474367 32.7223790639 32.9615468378 32.772235758 33.022144267 32.8400339497 32.5370308249 32.765098918
32.5785944078 33.0941570585 32.7324547774 32.5881442716 32.7117001329 32.9468262071 33.1298375757 32.9988860685 33.1052685664 32.9502029741 32.9303293771 32.9546611833 32.5502008426 32.8725621499 32.7602166162 32.9671285355 32.690384237 32.8592530313 32.7398808128 33.1207078356 32.9686746239 33.1265774657 32.7498436941 32.8559143396 32.9007288601 32.6948260889 32.966021089 32.5052294306 33.0519200992 32.8728174065 32.6839871161 33.0484615868 33.1636738005 32.6369670912 32.637562576 32.7537541302 32.759853036 33.1534855034 32.6848502553 33.202444706 32.911063071 32.8312151298 32.5978437046 32.8702241499 32.9789341059 33.059496867 32.8513775324 32.5721241258 33.0117954453 32.7204264434 32.7136996644 32.7481966106 33.1747319134
32.6599521817 33.0132229675 32.766264655 32.5420585489 32.7526482953 32.9188557863 32.9283091335 33.0617057119 32.517324831 32.6961146361 33.117468427 32.9309525574 32.6986069435 32.6187757403 32.9050408091 32.7007232539 32.8910505013 32.9666359755 33.0684088549 32.8820979235 32.7568026641 32.6070740264 32.917686537 33.1231090885 32.7639599301 32.6734627245 32.5375576729 33.1801148996 33.0443361342 32.9649847598 33.0924043462 32.8333281886 32.6796152891 32.7861366684 32.8383982241 32.7120077967 32.9552867274 32.8022981042 33.1712782345 33.1119010155 32.6301219015 33.1357888081 33.1141728382 33.1515238286 32.9588129787 32.9927526585 32.8243917976 32.692408299 32.5369774697 32.7395489547 33.1481854153 33.1032673594 32.9683335535
32.9916117962 32.9548502881 32.6218573749 32.6397559716 32.7012600665 32.9006489625 32.7441748355 32.9532629916 33.1048996161 32.6569857688 33.1863657097 32.8418134851 32.9066801461 32.8123962083 32.5745402051 33.0381474387 32.6009951378 33.0150167465 32.8309128771 32.6568873195 32.5295977807 32.7809033133 32.7380065513 32.6105928837 33.1817217797 33.1134082649 33.0733605922 32.7908049423 33.0868050534 32.5763126055 32.9145761381 32.5716035797 32.6506730407 32.8829776057 32.9634665137 32.8527352138 32.602003236 32.7433876375 33.0490126565 32.8499782265 32.886502 32.8026734134 32.7079837936 33.129685944 32.5691190235 33.059243769 33.1394378138 32.694265585 32.6785416011 33.0772930776 32.6711892267 32.7322617429 32.5498031737
32.7167065111 32.8404425171 32.7778866573 32.8117474998 32.6268299433 32.5910097782 32.9211269301 32.8647474189 32.9468745098 32.6863992604 32.6428394379 33.0675183882 32.7635015871 33.0350982673 32.8042350622 33.0599262568 32.9567397363 32.8856318361 33.0869103585 32.9151592604 32.678189754 32.5820347284 32.7800803102 33.1224890527 33.0935162954 32.6131449474 33.1061736879 32.6356721222 32.845637799 33.1010552129 32.7615006384 33.0209923388 32.6653467331 32.515250559 32.7536318995 33.0978338306 32.9437814971 32.5967687743 32.5280924093 32.8668566437 32.8737017099 32.8048994702 32.9364860577 32.9657739382 33.1227281985 32.9189944542 33.0959063176 32.9226851736 32.9826874814 32.776437572 32.5939485194 33.1030662192 32.69843644
33.191758978 33.0217758356 33.1917145527 32.593223404 32.59985535 32.9851456714 32.7043108491 32.5965750826 33.0720338448 32.7086801873 33.1499428281 32.8821859024 32.8157766141 32.6065647235 32.5411130573 32.5995452953 32.7516217823 32.5106379595 32.5896196167 32.6608020361 33.1051511157 33.1994512807 32.7670249668 32.5926620519 33.2057872939 32.6095569375 32.8913513387 32.5431096828 32.6715389758 33.0218218714 33.1195640346 32.5563842376 32.7356300839 33.1026570653 32.8848372847 32.7708434604 32.9262585955 32.7268203308 32.7856685004 33.1033268021 32.6984616577 33.0905593546 32.5127276495 32.8691650397 33.1494294596 33.0302681409 32.802345711 32.7767869154 33.17131794 32.9951956091 33.1403577004 32.8769463598 32.6078747556
32.7653277594 33.0865225921 32.836074766 33.1008072537 32.9200256522 33.0695169645 32.5179366235 32.8041473528 32.8114752801 32.9630169086 32.5471496777 32.8578184155 32.7368766487 32.7842591691 33.109524651 33.1300116444 33.1928828762 32.7331604669 33.1291007553 32.6443256028 32.7760284782 32.8251098747 33.1470061589 32.6963962645 32.8239036773 33.1859727904 32.9876909304 33.0562734432 32.9581720221 32.723494332 32.8663254322 32.5057509728 32.6709214147 32.7851785315 33.1672080551 32.5078825334 32.5854705759 33.0825275355 32.6255836986 33.2068786996 33.0397852206 33.1733685128 32.9998130907 32.800930623 32.7959091434 32.7955588649 32.6159777146 33.1805468741 32.7670903302 32.5597356257 32.9457750668 32.9469948076 32.8583324764
