Spatial_Output/90% DEC/90DEC_0214.asc
NCOLS 155
NROWS 192
XLLCORNER 196769.923733
YLLCORNER 449719.875193
CELLSIZE 27.603701
NODATA_VALUE NaN
[rows 92 to 114 of 192, columns 53 to 105 of 155]
46.3822159442 47.3464971807 46.7713897676 47.0377871821 46.6892819899 46.3270400474 46.3057908018 46.8558455427 46.6880765623 47.4096161823 47.4041674858 46.1768581771 46.2567607682 46.7429459043 47.3677711812 46.0819950115 46.6419928348 46.6411218827 46.1174225606 46.1759176997 47.2828247093 46.7055935118 46.7004060945 47.3414773819 46.412815525 46.365992338 46.4773822432 47.1229805861 47.1378152922 47.3301321352 47.2048463548 46.7447066303 46.8627235796 46.3221049111 46.5668556078 46.0489272 46.3694221027 46.9921906695 46.6530639905 47.1430054861 46.9298834284 47.1441603269 46.7153549407 47.1239664499 47.3126303172 46.2979262203 46.8288601013 46.6610728254 47.2510327232 47.2722049324 47.3359390657 47.2319950889 46.7641052558
46.3360354297 46.5322662534 46.8811845935 46.8116140538 46.1301218841 46.2401812767 46.3557359974 46.2280657191 46.9001678921 47.3447038776 46.3696057341 46.1756143418 46.7684767315 46.1308003105 46.2140202951 47.3877793652 46.6336875859 46.1586063199 46.0216993618 47.1516157251 46.2504175422 46.1850070597 46.071775771 46.9944668626 46.2361566785 46.8490754168 46.1980622034 47.3531276558 47.2608539727 46.0616063964 46.2046295592 47.1678068488 46.9797842199 46.1940638795 47.3852687296 46.5509555468 46.0055926895 47.2256451769 46.1034359404 47.1482184905 46.5055136892 46.2998016149 46.9554174698 47.1745278659 47.3222780547 47.1777888465 46.3387078514 46.7850201087 46.8139035786 46.6484696687 47.0778077886 46.6989643052 47.336312242
46.0852225798 47.2997299698 46.1330099718 46.7055409172 46.8859366939 46.7194769111 47.332728832 47.2546515169 46.4559279457 46.1261550258 46.9640999727 47.1462767592 47.3574027589 47.0443013766 46.2098019809 47.1677639688 47.0990560985 47.3466817339 46.3408819102 46.8446027988 46.2172831731 46.4126002777 47.3362028999 46.4350733855 46.5343116698 46.7618248841 46.4507930468 46.8043423306 46.219210159 46.7875278412 46.551348316 46.1274466266 47.2200911704 46.5870723638 46.6111836164 46.0134660069 46.381849909 47.3563664424 46.885686493 46.9253695186 47.0877022354 47.0553713021 46.5377856776 47.0644546589 46.0337529999 46.5759524991 46.2573767027 46.3850786546 46.880582821 46.0421112396 46.8462540834 46.4845731013 46.4621783574
47.12656259 46.9739883012 47.0839554215 47.1984410583 46.111444175 46.0382260112 47.3034048565 47.1422226153 46.0600659776 46.5759373354 47.3117532088 47.3755947565 47.2695185406 46.6762560816 46.7901459675 46.9024332292 46.1589767981 46.1584275432 46.5216537732 47.0838867875 47.1049099892 47.3672752082 46.2783459357 46.2927761987 46.5326628801 46.0440099645 46.4575024599 47.1474654581 46.1638439846 46.4731683324 46.4598250458 46.6980719159 46.4493571885 46.2028020962 46.8030514732 46.5047113233 47.2814004643 46.9444031029 46.8882280243 47.3721007411 46.8039121412 46.8086254146 47.1951859454 46.0810940876 47.0788411603 46.9585937581 46.0716257203 46.2094814896 46.1679002018 46.1798112295 46.4522684654 46.4298280876 46.4112707062
47.3631529751 46.1528855669 46.6105773275 46.4017635788 46.191721446 46.3896056291 46.3256161875 46.4913285946 46.1424533764 46.2372290227 46.6347255395 47.0648096658 46.3536499675 47.4069064384 46.166704219 46.7875083429 46.3432895627 46.5508494576 46.5687081198 46.0702335309 46.9424553027 46.0642230107 46.8254336156 46.5198094616 47.1375181756 47.3728371748 47.1812884139 46.8781994633 46.6532949255 46.8317554189 47.3304419068 47.1548908582 47.3887187342 46.559329247 47.1513494689 47.1799161823 46.1110611904 46.6003096261 47.0975982711 46.7186660073 47.301967431 46.8416931591 46.4885436748 46.3939363271 47.0581728936 46.977620696 46.8650741901 46.9944238465 46.666110534 46.7461688262 46.6929367248 46.4271518312 47.1159007309
46.7083847902 46.5568720899 46.2150657393 46.6536860409 47.3586911074 46.913775951 46.1280272978 46.0162789305 46.1172472099 46.0908837275 46.7291703797 46.79961396 46.4312929743 47.2721425045 46.3098787707 46.306834836 46.1649183651 46.3546680099 46.8369625954 46.1181049193 46.1530156207 46.9109924724 46.2345620588 47.3801371589 46.315958121 46.0777107509 46.1994774746 46.6432163903 46.0501310894 47.026874333 47.3793744778 46.763353918 46.1079149712 46.9528403644 47.3825121594 47.1199455746 46.3305886712 46.5685323774 46.2726347138 47.0650454707 46.5355491478 46.7569609002 46.7775184706 47.1275566014 46.909581869 46.3710368447 47.1924082789 46.0320330907 47.1990755756 47.3769708665 46.4857174389 46.8952334174 46.0263376583
46.8287437719 46.6765226965 47.28360974 46.6683272754 46.3546489472 46.0887001385 46.2568301443 46.7577129234 46.7093373361 46.8203494278 46.1491815084 46.7719429322 46.2060885543 46.9316700686 46.2675818365 46.0165417029 46.2510277598 46.3342943447 47.0073900307 46.6804693691 47.1393947627 47.2571960241 47.2558478506 47.2429698389 46.2749884261 47.0752335596 47.2855678912 47.0960214491 46.3844085192 46.4643010956 47.1766517356 46.198643662 47.3575019685 46.8647683187 46.0229941347 46.5628070216 46.6056737756 46.2631882545 47.0110975586 46.8987443259 46.7080177467 46.1505353405 46.2975539135 46.3712680928 46.8855418615 47.2505378761 46.1000222192 47.1317748808 47.3349133309 46.7575559356 46.1717126679 47.2995899519 47.0709894046
47.0780465422 46.8870623903 47.381933741 46.4446906212 46.1713518331 46.6032752427 46.1280612302 46.0273291912 47.2342044339 46.7629218129 47.1989567297 46.9713078968 46.9669922624 47.2066755251 47.1084991087 47.0611723711 46.674053032 47.1396818462 47.1126567253 46.386646508 47.137304364 46.9890193427 46.1613011351 46.8672404323 46.945455335 46.0934480347 47.1783431815 47.3607303059 47.2055466145 46.5553612975 46.3997675977 46.8806697447 47.0561247207 46.4784556937 47.184709606 46.2452523771 46.0178171077 47.2663351523 46.8681538907 46.2631336589 47.2577416469 47.083291378 46.2940522939 46.1573471853 46.1802589482 46.7479542918 47.0495262513 47.2284039465 47.0924578731 46.5244829141 46.5059864202 47.3381350083 46.3318178811
47.3183713165 46.6062932548 47.2779883818 46.8219820642 46.2809338688 46.871623576 46.9015793438 46.9236215969 47.1326654047 47.0824023076 46.4026829092 47.3519445003 46.1311795906 46.7795833688 46.7436916308 46.0347479519 46.6690045818 46.3649685023 46.0284040703 46.4668301943 47.1448742292 47.1658016307 46.5389575844 47.1022514386 46.4104411083 47.2374140272 46.6955276346 46.0218361787 46.5246083865 46.440008442 46.3518496286 46.9404536177 46.7700427471 47.2755923057 46.4823008183 46.8191222971 47.3068150144 46.9028346943 46.1820737509 47.4035619746 46.9566723057 47.2800467524 46.8145616871 47.0947837539 47.1638052868 47.2777228788 46.9720120198 46.9391475403 46.4669542341 46.117186846 47.2475742242 46.0803928903 46.2939673469
47.329874895 46.2267151252 46.5361551229 47.0037941616 46.1852256407 46.1643243941 46.8823796841 46.446517761 46.8285305552 47.4071519385 47.2603919658 46.9886888997 47.266847733 46.5027899779 47.2933195064 46.8371185972 46.9996676017 46.6484959328 46.3300469463 47.3517811429 46.3178977159 46.2537815277 47.0153651009 46.5177788067 46.0471622049 47.2817400337 47.2006872526 46.185381701 47.1589679125 46.6518713401 46.9451471342 47.259814639 46.4672627061 46.0666305073 47.0017456771 46.4626188015 46.7917520086 46.9836379587 46.0290567224 46.5225327117 47.3903753973 46.3063620144 46.9525544853 47.2520357924 46.9687557394 46.0686015298 47.2934729416 46.228865745 46.9784362374 46.2807225014 47.1405094659 46.150447245 46.595815857
46.3711012671 46.4537985564 46.7704301346 46.9206890936 46.9722506276 46.1035156143 46.0479878512 46.9415138505 47.1542548945 46.8866951581 47.1128171893 46.7016786942 46.0358343031 47.2317557324 46.1457263233 46.5155890159 46.9921077087 46.8708013894 46.240863113 46.0514162026 46.835680692 46.51234316 46.9285247333 47.0300554349 46.9179744434 46.2969261349 47.3810674303 47.2898345232 46.6157590697 46.8712377903 46.0610310694 46.0217519456 46.1227049249 47.1825953615 47.1055521361 47.0124672163 47.2350463919 47.0095295591 46.8233919687 47.1726071817 46.6356059823 46.4226633481 46.1628730065 47.2914088449 47.2637682704 46.2374370317 47.1567172995 46.1858388793 46.1576230652 47.0181229816 46.8093552224 47.0018442783 46.6722560018
46.2435716255 47.051908277 47.0041670078 47.3788290914 46.8574580446 46.8895701179 46.4422054963 46.9387756654 47.3387466169 46.6078592929 47.0620195864 46.5150447331 47.2901725699 47.0666494165 46.020130449 46.4272340391 46.3247383175 46.1986611607 46.3131475344 46.9780144671 47.3560950763 46.3539389724 46.6701121202 47.3274426717 46.8088176553 46.5135157931 46.8828328164 46.6578194729 46.876432232 46.3053634935 46.3225476493 46.7718130441 47.4016186816 47.214802159 46.5449249653 46.4133996727 47.1817990807 46.4234801825 47.1250029577 46.2417376697 46.4087039857 46.6587554601 46.4068628367 47.2464318344 46.2360175976 46.7281745563 46.7097012132 46.289262765 47.3792941546 46.8873281325 46.4304080976 46.962510206 46.6411551658
46.9297312674 46.3620849178 47.3046670573 46.3710050697 46.8212657831 46.7689439364 46.3665272434 47.1678152802 46.4014091495 47.1321784185 46.3318409954 47.2822524862 46.6206028514 46.750898906 46.1084654207 46.1327067283 46.4397160513 46.7138826226 46.0051951839 47.2742950584 46.7502303341 46.6607187936 47.2589002721 46.68519175 46.8590709427 46.832553673 46.6531722126 46.9562978909 46.3586505549 46.9576778209 46.6248389421 46.0359837149 47.4119870464 46.2138584776 46.9464457808 46.7916124498 47.3849874255 46.9253265822 46.6799927682 46.3036134973 47.0480660959 46.2964289805 46.1526616586 46.0639238313 46.2279847535 47.3602764995 47.3435903596 46.7892146892 47.2454915 46.5281053948 46.576138189 46.3586233493 46.8513575363
46.9609916074 47.1882522761 46.0463694848 46.7883982902 47.3368813397 46.2885631078 46.2656277994 47.3855689632 47.1543798096 46.4053388423 47.0308383364 46.1596575969 46.3229779556 46.1049014641 46.2766386608 46.5791103228 46.1885579754 46.1954604914 46.8870169046 46.1603862182 46.602559028 47.2359715303 46.6348623146 47.2190237855 46.1588912696 46.7741204768 46.6724112828 46.9771733559 46.1237354024 46.0188667994 46.4780166994 46.7112742503 46.3734077283 46.9989142997 46.8189608398 46.7701221995 46.4168293261 47.1732982142 47.3762931596 46.4131713519 46.7901268314 47.3835512159 46.5720878499 47.2100614515 46.7776564966 46.8724920305 47.1296648617 47.0050586372 47.1827776136 46.7492926253 47.0848564593 46.1532134238 47.4107500618
46.1939261977 46.8711663864 46.9713529674 46.4144109049 46.5774810038 46.8670784839 46.5236404228 46.964019628 46.1294207667 46.1366954753 46.2045610653 46.2941472253 46.6090420093 47.1530896923 46.5835364528 47.3036516994 46.7563634131 46.0698460955 47.1886706979 46.1562668162 46.1680002599 46.9453666795 47.0733648909 47.3199867057 47.3129037522 46.1136657982 46.0397903451 47.2362775948 46.0950909327 46.1102545177 46.2930227839 46.3077731931 46.4808609899 46.250733113 46.6971134521 46.5094838285 47.0257869451 46.3311312491 47.3909317747 46.2386238337 46.7941742751 46.8404873 46.5151024765 47.3940387042 46.6261080246 47.2054927482 46.1096601882 46.4328305482 46.1321264314 47.1659646466 46.3219774557 47.1269128429 46.6531798447
46.4454051047 46.0725261168 46.6778056362 47.0944645644 46.7811984069 46.8685753945 46.5572847699 46.4935507797 46.1116237659 46.2383958142 46.9343503184 46.9148705852 47.1261401812 46.3939840678 46.1764801794 46.2557586016 46.3039147255 47.0393898299 46.3884973435 46.6206000601 46.9872891256 46.6434911415 46.1635305127 46.1754715774 46.7113490201 46.3918375571 46.889621156 46.3738104607 46.2751623865 46.9629947311 46.841032527 47.2802572886 46.6485161939 46.3648756186 47.0760427568 46.266709218 46.0488169156 46.0475547394 46.233501392 46.6005362967 46.7455874646 46.6828237171 46.5148881232 46.1789340848 46.882011306 46.1920661545 46.2281579588 47.1351683532 46.1756370211 46.0675773233 46.5773116689 46.6991837048 46.6891541883
46.409867802 46.1053987699 46.6889961722 47.3336552974 46.3043916075 47.4054823714 46.4429705349 47.3182805042 46.7877272764 46.5546797016 47.1153104867 47.1727698312 46.697952924 46.1815338057 46.6392879077 47.0307926043 46.8411631643 47.2272665876 46.0972741424 46.0116857566 47.2081972485 46.7592664428 46.7678662557 47.0746572549 47.1100450328 46.1272881882 47.2431218945 47.1912496048 46.7185513633 46.4925640192 46.6261497769 47.0641910733 46.64243131 46.9450194793 46.3379691334 46.7588511653 47.2182486986 46.8192500587 46.9857740432 46.160813638 47.1561194566 46.5225012728 46.5074802134 46.4254471756 46.2428427935 46.1225855648 46.9347770711 46.328745212 46.3408630385 47.3624023495 47.2208295482 46.8808917966 46.1696967532
47.366884069 46.7627542548 47.1873064932 46.1044861392 46.1874981343 46.2848046222 46.3164647245 47.3233864361 46.5286347502 47.1712358939 47.4030410082 46.9416555657 46.6740282177 46.4084063758 46.3883617649 46.1677855944 46.1599201533 46.4019012588 46.6155011521 46.6236728075 46.599665015 46.1774510018 46.6653762161 47.1802677693 46.1803887004 46.3170260689 46.9693195382 47.2089111597 47.1481907474 47.0633859727 46.2057997826 47.0444656736 47.0613877494 47.2990603612 46.609553138 46.4387208317 46.8385480991 47.3071123859 46.3465325994 46.9924232746 46.651712332 46.2947577131 46.1917752489 47.3450234014 47.017409221 46.9299627682 46.0803270935 47.1339536699 46.1814453567 47.101408805 46.5856410089 47.1223684344 47.3910176807
47.365915654 46.7938662527 46.3904085102 46.6763017515 46.022726325 46.0353270174 46.7982205787 46.744617436 46.5760199163 46.4833174641 46.5782326634 46.6631010361 46.2305174712 46.518033099 46.7419871118 47.054039934 46.1205335819 46.7164983322 46.541554655 46.2960255403 47.0279112411 46.7833972817 46.4615224694 46.4709739627 46.2202248862 46.2830167923 47.3486381898 47.3436846291 46.9058500612 46.850708023 46.8283369647 46.5308178496 47.0840872221 46.4126927997 47.2923433645 47.1175487571 46.7893591767 46.2325577847 46.0591321776 47.2165791936 46.8067712944 47.2401219523 47.2123770178 46.8715916452 47.23631464 46.6119014972 47.2804085596 46.5210386463 47.3421427202 46.8336431904 47.3749376729 47.166460439 47.017032052
46.5594452566 47.1906985002 46.1387452817 46.9535647841 47.059111394 46.7128127206 47.0218134635 47.2005603334 46.7702587591 46.5828617702 46.6389636406 46.0252766395 46.9919697239 46.650107987 46.8765206777 46.7574976647 46.6301900784 47.2006460686 46.8474055331 46.0703779649 47.1826267323 47.2316365088 46.5744883729 47.3654399511 46.3750245552 47.1972118238 47.3312109159 46.1007806815 46.1715484899 46.4541761383 46.9292374313 46.7334446207 46.960324388 46.2026344143 46.8865626812 47.3531903709 47.3605407353 46.7332503761 46.3889256555 46.9972536771 46.9621859344 46.3603958088 46.7502239735 47.3137870615 46.985068473 46.2496367194 46.9235335584 46.3729754031 46.4432964333 46.8654513945 47.3035780142 47.0498534857 47.2856317656
46.2066088435 46.205023742 46.5746658905 46.1874371812 47.2960063733 46.7941083559 46.5747690726 47.2052534894 46.1765429506 47.2898350929 47.1728459502 46.6513037457 46.7669013464 46.0200782867 46.1611088624 46.8508061118 47.3453809429 46.4273002559 46.1000865622 46.3095093675 46.2076294722 46.8984012577 46.6391563184 46.9888230531 46.8772997383 47.3969549685 47.0799910373 47.3727418106 47.2519762086 47.2901260196 46.0881688515 46.4614037511 46.3692925421 46.4283770408 46.2558451975 46.2003890694 46.633522371 46.53670345 47.1847594556 46.2383110344 46.7972844892 46.8577040701 47.3037193306 47.1641957238 46.1534880037 47.2026072911 47.2402635911 47.2176518894 47.0374197306 47.3285766049 46.3004860727 47.4004759727 47.3230996339
46.805779789 46.7895413074 46.3009018192 46.9345156944 47.401706209 46.633535132 46.3917135669 46.926596757 46.6445020571 46.1436503473 47.2807217669 47.1393875596 46.5592290117 46.3860962745 46.3061393255 46.4124165476 46.3278113502 46.2950049016 46.2375745155 47.0720852484 47.400545001 46.6379963388 46.4477717792 46.4483759939 46.9112853001 46.9697735082 46.097477829 46.6117021105 47.2928466079 47.0961970239 46.5111908189 46.9228469676 46.9754694143 46.8127228182 46.4266155847 46.0726793079 47.367007531 46.5234026893 47.3527245519 46.4334813748 46.4563981847 46.9455201072 47.1680899089 46.3428836085 46.9918221462 46.4700953026 46.7761885853 46.15280674 46.9540131019 46.9964523301 46.663199705 46.5552962629 46.4265831319
47.2150570013 46.9101944481 46.8451203179 46.3172608365 46.5071447479 46.8112993867 46.2163390948 47.1533490111 47.2460075883 46.3516264612 46.7579333784 46.2944601913 46.3516033805 46.722438927 46.4175054613 46.3812701881 46.3327217966 46.825011926 47.2127626156 46.3994536927 46.4997615196 47.3074879378 46.853481764 47.342131337 46.3034912269 46.8384862182 46.4300915209 46.3944004545 46.8134710458 47.054474902 47.2160848181 46.507271886 46.8600297424 47.4026162235 46.1913161093 46.4127480965 46.4172656729 47.1357096667 46.712273535 46.5989443419 46.5584926386 46.3929928517 46.8924851224 46.9414728113 46.2537545254 46.8782268755 46.6380821859 46.5893063514 47.2548626577 46.6604018791 46.006381442 46.5866294601 46.7015937548
