Spatial_Output/90% DEC/90DEC_1086.asc
NCOLS 155
NROWS 192
XLLCORNER 196769.923733
YLLCORNER 449719.875193
CELLSIZE 27.603701
NODATA_VALUE NaN
[rows 46 to 68 of 192, columns 0 to 52 of 155]
28.5979799063 31.6875569652 29.611741618 28.5523540372 31.1955920322 29.2869377467 32.0153457338 31.1613956516 31.287308631 29.6478784232 31.2784611484 29.4196049243 29.72534811 29.9749558077 30.7520106394 29.7664923454 31.1724794749 29.4011204694 31.1791519732 29.1964797347 30.7598640392 31.6892465356 30.5173907069 29.4681225442 30.5450593209 29.024588718 30.2740877271 29.0400561111 30.0322699204 30.6600190849 29.0929746106 29.6177079641 31.60263739 31.4842394078 31.7376045107 29.2128589422 30.6605053784 31.6744638926 28.589372661 31.5779416119 29.0137352736 30.5754833366 30.7026856812 31.3754205774 29.4047280799 30.9601945865 30.0766412225 29.1143715454 30.318856916 29.3912819506 29.8279303433 29.6775857269 28.5534202236
29.7653997964 31.9589426547 30.5017696553 29.5116660652 28.878627776 29.7659760855 30.5703943377 30.0929741645 28.8130481635 29.2534418626 30.435624512 30.3447204288 31.612992775 29.2119226571 30.9000042866 31.9782197512 29.3901394413 30.0597836796 28.5339871819 31.1489412573 29.9898907751 30.0977804995 29.6966546239 29.0416880286 31.6894213734 31.1116078888 29.4220549208 31.409544411 29.5834083124 29.1093617289 30.2045368539 31.9933680426 31.2800430553 28.7905318372 29.5885209031 31.0433249858 30.161091782 31.3064724146 30.831954495 30.0125069777 29.9467182428 28.8728399506 28.8057621719 31.9583420324 29.8839921212 29.1923787212 28.9425146997 28.8800540439 31.3356352956 28.7721174232 31.9589712657 30.9789538935 29.3860243689
31.3882698617 30.903062383 31.0612001856 30.8256620967 29.673186498 29.2037420756 31.139718207 30.2123314822 28.5367736154 30.4106842851 29.2518044554 29.4923973553 28.9325521634 31.1712286464 31.3776769368 30.5822580402 31.653239378 31.5399526632 30.2067200248 29.8623784771 30.4875302817 29.950777178 31.9219818699 31.9718042221 30.2599551305 31.9038132956 31.4900049822 30.376670403 30.0486184635 31.4285445171 29.9617670231 28.7193910208 31.4676381551 29.4771609362 29.656735216 30.6349158524 30.7783412986 29.7383072026 31.8073997937 30.4635433362 28.5360359542 30.5584907141 30.3485449147 31.3684009218 30.3703647353 28.9678558283 29.8259999073 29.1324694047 29.4360352561 28.6812443462 31.8059430283 32.019236363 31.2614233311
29.3896955676 30.9119267022 30.0103004558 31.7061407502 29.759793752 29.5634227691 30.1248221474 29.1415172127 30.748529421 28.7385231312 29.3158109868 31.2632123729 31.5399329362 31.6706682016 29.9738049313 29.3603996761 29.2956407096 29.2176359236 30.1192298601 29.0584782133 30.3086420078 29.3414865978 30.4276062022 30.1689758422 30.9429071956 28.8563425021 31.8793377278 30.6889880382 28.8962656599 29.4217639573 28.7236391268 29.9418275176 31.1835757066 29.6032063413 29.4908083858 29.3555215007 30.4894760317 28.9728881376 29.4835876009 31.0576038066 28.9678785057 30.4512017211 29.0186318022 31.2401292008 28.6292772911 29.9421481162 29.3179873287 31.4096270169 29.5263192801 28.7152007912 30.8479312431 30.1676803798 30.1240102019
31.2650873395 29.6231552714 29.7825098433 28.950314618 30.7067792813 31.0455480268 30.0277745823 30.0589996217 30.7646796436 30.8389321964 29.4879906483 29.3803149366 29.9669158005 28.5738358267 30.6322456781 29.1757261939 31.0752601376 29.7142382237 31.5568498343 31.9406378214 28.7408003295 31.5482712992 30.4661461291 30.4152169127 30.1972095747 29.0916155048 31.6385553274 29.1976074704 31.9569622975 30.4558947732 29.2119895169 29.7152249692 30.7613305853 30.2806582269 28.5106842509 31.9868421593 31.6259453244 31.6362755524 28.6821548159 31.2198886885 31.9241757972 31.1270017926 30.0831701418 30.4853910489 30.6976551088 31.3444071706 29.5432495724 29.4011481544 31.0558152205 31.8576786133 29.2751189451 30.4141408263 28.5912795695
29.1581924196 31.471886967 30.9184397973 30.1785621743 28.6037444652 31.5263402576 28.9290828395 30.3217477906 30.8154877608 31.2484352636 31.6275882317 31.3729875344 30.3115186229 30.3178131612 31.2182787271 29.9846079573 30.1754732241 28.8533288167 29.5870935153 29.3806538338 31.4018433801 29.9752149996 28.5132107914 31.3594125289 29.2902945615 30.6119218628 31.1634773654 29.5440824879 31.9920196877 28.58451745 30.0701646298 31.5291885139 28.7905226083 31.4882005798 30.3047010131 29.6143161467 30.4320205942 28.532620909 28.7242682197 29.6533503643 28.9579480421 30.6264676311 30.2629149762 29.3243431091 30.8639061427 31.9731976815 30.9185941974 29.6480441391 31.8900902633 29.0184777982 29.4701734388 28.5174584308 31.9666146419
29.5967411523 31.1316114023 31.2812957893 31.2440537101 30.9247117919 29.9020284996 30.8146141311 29.2823908053 31.3194968582 29.5385578085 28.9271824217 31.6231416539 30.6205242963 28.7918921266 29.6504282387 31.3792248994 30.6821166537 29.7609045573 31.7927819753 29.8928124409 29.3275244164 29.4717439963 29.65423846 31.9407014895 30.9411930974 30.2524125646 30.2869311103 29.4690276061 31.6292330998 29.776855266 30.2046817278 30.577210148 31.6413017298 30.2236999205 31.7219652685 30.7193344159 29.4209100718 29.2048619644 29.3643617661 31.2682314505 30.1432243078 31.4696017905 30.7918522523 31.8771844952 29.9717984619 29.4289826156 29.1240266287 29.7692003621 29.7995774793 31.0254648046 28.8064067542 29.3087962142 29.4384096637
30.3076549864 29.3809231435 30.7436976928 28.6790472484 31.8802730307 28.7374996762 31.4643120038 29.3023074187 30.6688529056 30.5138838379 30.2776183702 31.4174116952 31.84233807 29.1639915048 29.9043824115 30.8682525048 29.6167936266 30.1718092697 30.0359519886 28.6416749689 29.6900914453 30.3673037472 28.7793866667 31.2588441782 31.1280393023 29.3218239402 30.333968333 28.5264242371 29.6625353434 28.7287350745 31.9340937085 29.2707179176 31.8124307734 31.1476856409 31.4118248748 29.511125046 28.5694340451 29.0962758274 29.8689265107 31.384233052 30.9385038739 30.414031288 30.1290492784 30.38183548 29.4886956346 28.6224447795 28.979751693 29.1514996582 31.4211296571 30.7979713692 30.9266583496 31.7992920683 30.6024018313
29.1431139677 30.4623889727 29.0720591556 29.1417706178 28.8129831924 31.0032753375 29.9873389139 29.9036658731 30.1293665072 29.6141167658 30.4185968849 28.6197506697 31.1447127547 31.5202715275 29.0678892727 29.2384232943 30.5128647113 29.6595488614 29.2962330477 30.6957604151 29.5727067722 28.6642774184 28.7144315371 30.4558282856 30.2085041295 29.821880334 30.8348709899 29.4308394583 29.2494792478 29.2683895065 30.713038292 29.9646367486 29.2537119169 29.3422685432 31.8276527997 29.5593957235 31.5453689847 28.6339691418 28.7928804816 31.0265780749 29.737473445 31.4540022469 30.3773025363 30.8974034656 28.6310479326 31.9922087971 30.9542792891 31.8743975495 29.1254225791 29.4844897604 31.2990749816 29.3896761212 28.7110115729
30.2032352063 31.1555108321 30.3547583307 30.2906629437 30.8886822451 31.0016778184 29.0045617559 29.6508229666 29.0974235592 31.4555826595 28.9524590921 31.9308557813 32.0223161405 28.5669653921 31.7406071198 31.3543772475 30.5022098976 30.0046036394 29.9936387325 29.3022749624 29.1243587686 31.4955981944 30.3665405051 31.7254028663 31.8207197725 30.2883328974 31.098568333 31.8932009774 31.8017764415 29.1036998739 31.1172071265 28.9504306123 29.0421853844 30.0745601691 29.1751545237 29.7424688174 31.6939219974 30.3753584871 29.0870582289 29.314835841 31.2626969433 30.6743705319 29.7335276297 29.0761787383 31.2740558952 29.8513074603 30.9375043141 30.3377642496 30.3644011322 31.7843967119 30.1160080341 31.3754101194 29.857366892
30.0523373328 30.4555915136 30.1231001305 29.8287744449 29.8973798905 30.6951090442 28.8516815399 29.7773074315 30.692847875 29.9829524304 31.4803620862 29.6059228234 29.1670023349 31.4273444317 29.0710974264 29.4939283948 29.1199714886 29.1137792957 31.7028147794 29.0751839741 29.8311966371 28.9002209548 29.2897007458 31.4125639968 29.9377657815 30.962858442 29.1882015054 29.3833952097 31.6187022777 30.7880749939 30.4700056971 29.587284504 30.2045036375 30.1934654932 31.1678039862 28.792803326 29.7697038229 31.7424382068 29.8927876097 29.2774691594 31.4350262817 29.9775375469 29.6468992382 28.5093978255 30.4296549782 30.7976629639 31.851628013 31.7709672067 31.729610565 28.8362028287 30.6892609838 31.922563112 30.1252887789
31.2242402269 29.718038622 28.7784132882 30.4870313965 31.851271155 32.0304511282 31.4933410816 30.4374237888 30.7693193113 31.3723011 31.8133519007 28.977710709 30.3250169631 29.1325337767 30.767750028 31.5048121377 30.0750782499 29.9514913354 31.602712192 31.7316217386 28.5854530472 31.3352836395 29.8164493578 30.7013189434 28.8920989853 28.6592037126 29.7128582131 30.5893173255 28.9349799977 31.046729684 31.6398404861 30.6186743815 29.491920765 31.6793352712 28.6816917012 29.780267688 30.4713274731 30.9476883969 29.2069315168 29.5254254547 28.5821095796 31.1656582234 28.8297899177 31.065558329 30.2307860539 31.9638514908 29.329382285 29.4118714079 30.9201664813 31.5099458923 31.4761566712 29.0062637428 29.7419775797
28.7418948416 31.5929255071 28.6967042954 31.9297677131 31.0140118103 30.4241440064 31.877489719 32.0080299277 31.2310604248 30.3098418467 31.5135972872 29.0622275754 30.2447596538 28.8646641076 28.7227992866 31.5924045391 29.0993499155 29.582817661 31.614163316 31.8729508977 30.1857251272 29.3208102473 31.0307924097 31.5521735129 30.1148178945 30.8155936398 31.99640545 28.7330353814 30.8779461205 29.4100153247 28.8869667622 29.0199374708 28.9116750308 30.2517868084 31.3151261898 29.3762288275 32.0347168223 28.9754378734 29.5167287427 30.1990278897 31.041207864 30.0957423121 30.7346258213 30.448647898 31.2960053397 31.2152746134 31.9799437784 29.8120888878 30.2549947153 29.3274812567 30.0319218793 30.0371287596 29.2213364553
31.5176277713 30.6587982802 30.2480168897 29.4586159251 30.1563181735 29.6443138347 28.6340023904 30.9552107146 30.0230990661 31.3786133997 30.3655364403 29.5008019996 32.0104727146 31.6181060116 31.4464965688 29.0922834714 29.2093016926 31.6720692237 31.4765423353 30.6085782806 31.5162442432 29.6486091501 28.6650077941 28.5204255786 28.854306301 28.5481341474 28.663874093 31.6418073202 30.3080910222 31.9233530053 31.5299751401 30.7213124962 31.3432140839 31.2274984069 29.5003798847 30.5016245847 30.4492342399 29.7891543957 29.958094151 30.6675016056 32.0188417188 29.2224180011 30.6878084611 30.1366822112 31.1007338269 31.7966895158 31.1947297403 30.1342272473 30.2384192928 28.6742899437 28.7736587045 29.2431143017 30.7813823929
29.9437760583 29.3406543362 30.7412640596 31.312782583 31.3989516443 28.9743419157 29.5297965083 31.5419157612 31.7504500859 29.9965798078 29.3486987471 30.3052841453 30.065966424 31.6958177607 31.1480291688 29.957892253 31.8784081013 30.2212249909 29.9479229454 31.4144394362 30.1239617667 29.6972527953 29.4784143085 29.7737981609 29.6300136129 30.3368934156 31.8438249148 31.3415554178 30.5418335526 29.8387668752 31.0234204408 28.8574657932 31.641392906 29.4508035346 29.5572185714 28.7074387332 29.3869951984 29.0404167912 31.0656164409 31.148885144 28.8014477407 30.2596178605 30.0149671599 29.9273236851 29.0779108813 31.4417957706 30.1777238484 28.8738509908 31.7649110092 30.1444701866 30.0636956913 29.1112451645 30.6557102264
30.8257245377 29.638529457 31.2964446046 32.0138980199 29.9323229234 29.2066900265 31.3069249436 29.6456898525 30.4623714537 29.8510255074 29.5602365739 31.5593833826 31.18654103 29.9270588411 31.080371933 30.764899669 30.0027050448 30.7897405715 29.7265554263 30.8308299939 29.7950689247 29.1594661088 30.2041274249 31.3266950809 29.4567083145 31.0950284873 30.0012830475 30.7979225138 28.9176457134 31.9510333057 29.1173046175 29.6811541125 29.6939722057 28.7980629946 30.0729868296 31.8499071028 31.2862926376 31.1818932759 31.6426552886 31.1801364462 30.95601022 28.6021318099 29.0335029312 31.1637692853 28.9599661604 29.9315227769 29.0746482853 31.6040089296 31.2912057853 29.3915860066 29.2326841545 31.713118947 29.9407735739
30.7506860315 28.9192611088 30.3416007106 31.5495681185 31.4406529786 30.0902025362 28.9803988564 31.1365563639 31.4907759294 29.2756023856 30.0606373637 31.2347595812 28.6130714283 30.7590935354 31.8342947204 28.9096577897 29.3607690403 29.7549701011 31.2449204032 30.1785113854 29.0328609529 29.7213545971 30.3800526739 31.5433878643 28.7934461347 28.865301692 28.9127778121 30.7470500772 28.985064639 28.6702217081 29.4413954696 30.1241737092 31.0743019176 28.6633526144 29.9817896475 31.7699754774 31.8455975052 30.5218960529 31.953657597 28.7449173193 31.9641894858 29.2966802403 29.6291877655 31.1319561591 30.1620807064 30.8826079374 30.2263499001 31.8430275586 31.4319509383 31.1067196079 31.0114917266 29.9729299618 31.1219759771
28.661305448 30.9046174094 31.3293015409 31.8211693854 31.5157632061 31.8103926967 29.6230100152 30.897818882 30.452926049 28.9482793302 30.0421363188 29.2569681037 29.8043448147 31.2572029025 31.0516221004 28.5139112643 30.3521804968 29.3138574208 29.077653239 29.3232012892 30.1979492909 29.7199821685 31.3856418938 31.1743366006 30.3533794083 31.4504326511 28.717882809 31.7176583509 28.9136409125 31.3000920795 30.9336042551 30.3486364929 31.9025365374 30.6364620461 31.2442894344 31.2278147435 30.5992099453 30.0116869873 31.1683344266 31.8301503582 30.303811676 30.1284793193 30.437802786 30.9832015498 30.3151029547 28.8633886446 29.9035158064 29.583171778 28.7746916704 28.8621378758 31.908555908 30.9048373689 32.0039603167
30.5460044797 29.2420052028 29.490182615 30.4734387099 31.0488724873 30.074077373 29.8220193196 31.2719451481 31.2987580885 30.3003812179 28.6857528258 31.9313886947 30.2035578294 28.9909236793 30.8353732586 30.0658232752 31.0697025343 31.9029547338 30.878351947 31.8989325053 30.7374223539 29.1656090104 30.7691505147 30.3286118996 30.8370695145 31.8973157986 31.937342636 31.9898648134 31.6282049251 30.000891878 31.195619902 29.432536079 29.6062231028 29.6585990412 28.5438142053 29.7838837941 30.1931504295 30.9163077775 29.3775815335 31.6802969031 28.6730189978 32.0016585121 31.1094446813 30.4689457025 30.9679697901 29.4904547566 31.3380926638 31.7292789502 30.7188548155 31.4928990294 30.8425992619 28.9546038817 31.2816008419
29.438033188 30.012699386 31.2791116134 29.7762194865 31.366882865 29.3257061867 28.5600288446 28.6636885927 30.2805432748 30.2711388183 29.417313354 30.5371662539 31.0302176341 29.5323062833 30.9037063854 30.3146857157 30.4541732971 30.2254840525 28.842223016 31.3292242863 31.0807409082 31.1455491258 28.9562582702 29.6674921359 28.6186951127 29.10608037 29.5051169037 31.7052380902 29.3938990303 29.925794301 30.0385112246 29.8559776024 31.1344760329 29.9604722475 30.5314571206 31.5663960362 31.7128211622 31.4087306637 31.640464197 30.4576173255 31.9523533207 29.0949894492 31.0286768572 28.7533272999 30.5884674257 28.9526609594 29.0551431002 29.4989191189 31.0160544616 30.6398843134 32.0222780603 30.6875056167 31.4281553821
29.4802316408 29.8919383897 29.7812891287 30.9091837469 29.0552976579 30.9822940271 28.7337245828 29.6859339158 31.0552274264 30.4103525805 28.8313336709 29.4542918649 30.915471121 30.6061495602 30.5899140979 28.9443277392 29.6877527824 29.9291494846 31.5713060029 30.0977339529 30.2450529615 28.5532553215 31.5071749457 31.009729412 30.4163010391 30.8430024249 30.7962188607 30.7674403773 28.9383175233 31.2854323105 31.0421832294 30.3034183672 30.6803429803 28.8719602639 30.1396587594 29.3241958593 29.4516681892 28.6991404 31.1114651431 31.4020346641 29.8644392712 31.2414483818 30.4279548828 29.2724921801 30.1668487727 31.7232723345 29.2217694643 29.2475996465 30.554717915 31.3949297956 31.3830527446 30.1181714784 31.0872158309
30.1596076537 30.6842518453 31.3189331543 31.2815485896 30.3798528103 31.2832998488 31.8882023959 30.8849909479 29.1526947815 28.6961900273 30.0604663477 29.3574795212 30.2852469249 31.158512505 30.9013426455 31.4808492499 30.7114447839 28.9221562048 30.9358417304 31.335243736 31.1710645619 30.7192771914 30.839559112 31.1541147771 31.8491891485 30.4496156927 30.4043591616 30.0776260588 29.6507284526 28.5548039991 29.1698139468 29.885751071 31.7928367843 31.285414495 30.1826564599 28.8772820758 30.6473868057 28.6560146816 30.792717666 30.7501076405 30.995554956 30.058497977 29.2275945009 29.3084765675 29.3501131606 31.7396473352 29.3627550131 31.9142381144 28.827848824 31.305182774 29.2806160592 31.3967400701 29.8632443417
29.140182538 28.6505987135 28.6850195316 30.7054938593 29.7360400296 31.6133583504 28.9222333214 29.6608718778 28.7531077472 28.9647924913 30.8878237379 30.5291639333 31.6482183013 29.6845347725 29.6384061022 30.2150050027 28.5606026954 30.6788586155 29.2073946436 30.4946164257 31.7931348435 28.6291140247 30.901203248 29.7636124655 31.9544158691 29.7212473029 30.8024849607 29.5430575805 28.7484076903 29.3472635582 31.630127304 28.8249799707 29.4030753341 31.8840847026 30.918137032 31.309550101 30.5347258261 28.7215634139 30.1165101283 31.3089567539 30.8602965762 28.6995796111 32.0264555558 31.1327017731 31.1560741532 31.2793208218 29.6352626421 31.4312113224 28.9230859093 30.2593882798 30.8268180352 30.5931482382 29.5744584191
