Spatial_Output/90% DEC/90DEC_0503.asc
NCOLS 155
NROWS 192
XLLCORNER 196769.923733
YLLCORNER 449719.875193
CELLSIZE 27.603701
NODATA_VALUE NaN
[rows 0 to 22 of 192, columns 0 to 52 of 155]
0 0 0 0 0 0 0 0 0 0 0 0 0 0 0 0 0 0 0 0 0 0 0 0 0 0 0 0 0 0 0 0 0 0 0 0 0 0 0 0 0 0 0 0 0 0 27.7042042525 28.1864432379 28.4062989579 27.131456935 28.3797961524 27.8895527388 27.530917955
0 0 0 0 0 0 0 0 0 0 0 0 0 0 0 0 0 0 0 0 0 0 0 0 0 0 0 0 0 0 0 0 0 0 0 0 0 0 0 0 0 0 0 27.4355722902 27.1041945492 28.1617689428 27.5018817477 27.6178567217 27.4987198627 28.25588543 27.0752275076 28.239947865 28.0552897504
0 0 0 0 0 0 0 0 0 0 0 0 0 0 0 0 0 0 0 0 0 0 0 0 0 0 0 0 0 0 0 0 0 0 0 0 0 0 0 0 0 27.9451399762 28.1473213305 28.0477362815 27.3644320731 28.3384529854 27.6150090033 27.7210316262 28.2938288085 28.1065429389 27.1345993964 27.7028736409 28.1222814316
0 0 0 0 0 0 0 0 0 0 0 0 0 0 0 0 0 0 0 0 0 0 0 0 0 0 0 0 0 0 0 0 0 0 0 0 0 0 0 27.6333602286 28.0375817365 27.5976465523 27.5110931397 27.6798189568 27.2049909528 27.0616683845 27.3397026639 27.4339123413 27.8813690222 27.4422502587 28.4101083496 27.04004811 27.2118677729
0 0 0 0 0 0 0 0 0 0 0 0 0 0 0 0 0 0 0 0 0 0 0 0 0 0 0 0 0 0 0 0 0 0 0 0 0 27.362278261 27.9576027384 28.1898349981 27.5241503243 27.5795141871 27.1087097796 28.3965126109 27.8691460885 28.365629604 28.1968388743 27.127585961 27.1586255185 27.2744872215 27.4838084184 27.8547570699 28.1613522162
0 0 0 0 0 0 0 0 0 0 0 0 0 0 0 0 0 0 0 0 0 0 0 0 0 0 0 0 0 0 0 0 0 0 27.9843950737 27.3621283055 28.3717930792 27.3290830396 27.45576525 27.0336044399 27.8774050879 27.9152987986 27.6987979024 27.600304416 27.5152027983 28.3697362025 28.0463197311 27.821566895 28.1889029144 28.1581661948 27.9783034831 27.6111155644 27.8855945574
0 0 0 0 0 0 0 0 0 0 0 0 0 0 0 0 0 0 0 0 0 0 0 0 0 0 0 0 0 0 0 0 27.7244283627 27.9315113753 27.6674210874 27.569937364 28.3033877 28.0169324643 28.3797820104 28.1128281483 27.230316884 27.1463717706 28.3316504362 27.6141515076 28.0316664826 27.4815946535 27.94541862 27.0614327284 28.0053344733 28.0049878682 28.0629039446 27.6949092162 28.3270299714
0 0 0 0 0 0 0 0 0 0 0 0 27.4258403583 27.305656028 28.1057982567 27.0588608155 27.6345174219 27.9851142574 27.8031924001 27.3270510274 27.2033197761 28.1361762932 27.735205243 27.756600653 27.5329315442 27.2709403146 27.7493632982 27.6663851263 27.7864816376 27.7240810777 27.1851210919 27.9831636711 27.6291075777 28.1749418924 27.3710077584 27.4287024147 28.06682855 27.6888716239 28.2097398179 27.1140079576 27.031090162 27.3094146407 28.2205975641 28.2838534072 27.6789439031 27.4280293578 28.3785823905 28.3694865218 27.5041174855 27.6988571449 28.1527600561 28.162263984 27.5442577255
0 0 0 0 0 0 0 0 0 40.9911859861 41.3856881476 40.1564142244 27.2510833813 27.4827048048 27.8313927899 27.3923985715 27.9454170059 27.8351584266 28.3333336456 27.4044904249 27.0576419583 27.813730052 28.1698221299 27.2645958085 27.2159933043 27.6676713269 27.7733096714 27.9462847903 27.1360019203 28.3835099022 28.0977493687 27.2561904582 28.1869493007 27.5484483526 27.6717858856 28.0933452521 27.5296363821 27.6812931319 27.2102959188 27.2242309704 27.7309402439 27.8686381448 27.6956080267 27.1861216949 28.3375807219 27.735027777 28.0853468339 27.9154845833 27.3151264564 27.9502773829 27.2904740221 27.8981557029 27.208581288
0 0 0 0 0 0 0 0 0 43.5835183158 48.9660529933 50.2716636779 28.0587549972 27.2995835138 27.9917940539 27.1956419883 28.3241087421 27.6095710731 27.5181514738 27.9278099047 27.9949541691 27.2276966342 27.3127906896 27.3566811043 27.1075027492 27.3729097757 27.8049418592 27.3735525656 27.4882411056 27.07367489 27.1794943824 27.6174858481 28.3620315799 27.6672447379 27.9468461447 27.0521107025 27.8673166924 28.3493909798 28.2994413597 28.0088697099 28.1248741339 27.1157207882 28.3570230708 28.091396551 27.4716243768 28.282210036 27.7138555582 28.3324403946 27.3036589536 28.1179079404 27.0433177767 27.1626640155 27.5128598722
0 0 0 0 0 0 0 0 0 49.7253238383 42.2940425548 40.1703719969 28.0268385926 27.2542483211 27.1464186881 27.0664652313 28.1005080489 27.8862058176 28.2381833973 27.7395027331 28.250434407 27.1267338358 28.2676455056 27.9792542291 27.1307173937 27.6934387246 27.4682269583 27.4035443718 28.2258816486 27.3057765311 27.2636270914 27.3146371126 28.177240265 28.1660622199 28.3451667144 28.2881108686 28.2784180646 28.2215577814 27.4461242891 27.3789296338 27.154157218 27.5904504094 28.4118005291 27.7490511256 27.8783074214 27.5437477469 28.0673801982 28.2816705213 27.1101916154 27.5229398439 28.356822186 28.2686484696 27.7188225314
0 0 0 0 0 0 0 0 28.3406019296 27.083269825 28.2830425331 27.6978144549 27.936115015 27.8912500552 27.6727816979 27.5599638034 27.3854636841 27.048262604 28.0821942012 27.1962495308 27.8283581748 27.2732124004 28.3697991689 27.1206258107 28.3797394862 27.1055983565 28.3577714195 28.1763129891 27.7664951048 27.2252861484 27.8132892234 28.043663215 28.1396497709 28.2529869372 28.2528652008 28.0201177575 28.0660293168 28.2235791856 27.4604226815 27.9836807317 27.8052082327 27.8295583257 28.133362313 27.0132180517 28.3629624971 27.9742547946 27.7123586007 27.5095612076 27.1478780232 27.6163977536 27.4684046545 27.2675689284 28.4043525569
0 0 0 0 0 0 0 0 28.3959328442 27.2340217586 27.9043607135 28.3637088534 27.3321665076 27.3467475755 27.1793750837 28.1084569687 28.0122420658 27.3890456698 27.0823428278 27.6933735703 27.1798414319 27.362539974 28.2418914749 28.0924239577 27.0824619831 28.2851564566 27.534579816 27.6850609528 27.1491248062 27.8257516763 27.3504422926 28.3178666603 28.3417077202 27.8107449344 27.2558991488 27.1486227644 28.1265627154 28.0867390547 27.2145210535 28.2108374402 27.7612466747 27.1278497872 27.0132963006 28.1442029716 28.1556210107 27.820225534 27.3290758968 28.1534048251 27.1778157962 27.7403489304 28.0205307283 27.8599632296 27.7151420545
0 0 0 0 0 41.593209267 52.5032543413 45.7145423502 27.2668042303 27.0695622354 27.2640905487 28.0104223726 28.0921657691 28.2934431372 27.6082442949 28.0648462373 27.1334189789 27.5860882783 27.6033598273 27.5326449286 28.0909842081 27.7336017194 27.9867364859 28.0349944069 28.3208699419 28.2202089412 28.38918114 27.0909305817 27.4629159872 27.8296636566 28.2348602408 28.0565732297 27.8961996432 27.1664137503 27.9038049953 27.2428123512 28.2068185532 27.0786045144 27.9046841537 28.1536842039 27.2599273693 28.1860995965 27.7104546402 27.3946134422 28.289523771 28.2070706456 28.1686458371 27.3789740934 27.0433434377 27.2253650384 28.3124405169 27.710962554 28.3994929405
0 0 0 0 0 43.501905411 41.6417604733 50.9140134864 27.3200396829 27.9623524535 28.2744519976 27.7200480553 27.3766315766 27.0655726411 27.6479804309 27.6636476857 28.1562157582 27.7427510429 27.1694241494 27.6877085564 27.8667406667 27.0784306156 27.460434008 27.7733793099 27.9361397105 27.9988036134 28.3846576903 28.3898696151 27.0366617456 27.2909029153 27.4857219847 28.2546276015 27.0133481051 27.406469047 27.4512339821 27.4875367651 27.6700842692 27.8666230417 27.7400949236 27.980410275 28.2440764532 27.3907213131 27.064310366 27.2037308861 27.4694892272 27.98857508 27.6578111564 28.2303036764 27.6468032583 28.3568895982 27.0203395583 27.4193028971 28.0695796957
0 0 0 0 28.2912906139 47.7790722542 44.0036504582 54.3983278712 27.3733997369 27.8956442296 27.5180938585 27.6434474578 27.3701284685 27.2520513377 28.2320379943 27.12213414 27.9157431783 27.37905856 27.0598150696 28.3705236576 27.2493707558 27.3318617295 27.4785099948 28.1470881953 28.3027628277 27.6296826129 27.6203017067 27.3399088571 28.2809005395 27.2172398068 27.8798341675 28.2544258665 27.6286119816 28.3835870256 28.0018222715 28.2902707065 27.4407053722 27.1861803096 28.1479315583 28.1888333203 27.9057398927 28.1739839563 27.3847163552 27.4309113707 28.2041312912 27.5496204808 28.4060802533 28.1346882232 27.9727680403 27.4959541654 27.6040675324 27.5905230268 27.615475835
0 0 0 27.1352317221 28.1843409746 27.6886510536 27.3707380237 28.2581255494 27.174982181 28.3591684335 28.0285915305 27.0005838431 28.3662537041 27.7525355749 27.4755996163 27.916632867 27.2555144798 28.2920315838 27.9599542427 27.5672364247 27.8206063056 28.3980711388 27.5577584512 27.705539125 28.3253212275 28.3192373287 28.2086587045 27.1430963918 28.1370671249 27.1392496015 27.763358528 27.0846967994 27.8251379174 28.2372403552 28.1036791707 27.5878286091 27.3623131703 27.4385600733 27.1874928378 27.1331507394 27.8390677489 28.362551282 27.997214338 28.3258425676 28.1067946834 27.6937884533 27.8276572512 27.7223576503 27.0193050128 27.608108323 27.1703124049 27.2548839822 27.551672902
0 0 27.1694416296 27.1474547831 27.2733591226 28.2793106321 28.0719547903 27.2650734083 27.5805477863 28.1903014456 28.2639917001 27.0616764326 27.7916346532 28.3312951674 27.0459987533 27.9207431937 27.2700915272 27.6819371035 27.4144851066 27.4546292972 28.0512442771 27.1170689623 27.7437094703 28.3965079403 27.4763496254 27.3823839616 28.0776005829 27.4926442436 27.7357566728 27.4732815637 28.1873332061 27.3665143822 27.998483496 27.0430115695 28.3188637859 27.2813112204 28.0931836701 27.6341298511 28.0396586023 28.2825706643 28.0191412337 27.8406196294 27.2872454259 28.3313062468 27.8664941293 27.2334566995 27.0547744918 27.1922057416 27.4407255526 28.0491094569 27.1932062549 28.3726339308 28.394837764
0 0 27.7100073325 28.213621719 27.0465193745 27.5881373971 27.207006013 28.2953927904 28.2037230584 27.9078306715 27.2965498673 27.7047087284 28.0247967335 27.0416486052 28.1033960142 27.4114098184 27.7171546722 27.8447457516 28.386196554 28.1102461941 28.0343260207 27.3551622452 27.1926253888 27.2059407927 28.0080744873 28.2528096789 27.570140195 27.8206001165 27.2406676274 27.4033888575 27.508376205 27.812344806 28.1068139892 27.8955729952 27.7145130056 28.3138237404 28.0343415296 27.0220109023 27.5901058858 27.8659365171 27.4758367212 27.8392062165 27.7566470235 27.4317601242 27.8576111737 27.5610815431 27.8102447873 27.3977373085 27.605752919 27.261897341 27.2231514444 27.6459240379 27.6524111231
0 0 27.9070921573 27.5228169156 27.8073946647 28.0677012085 28.3171684909 27.0744455385 27.2301480795 27.1658327264 27.3482536512 27.0908980713 27.0766672709 28.1154672761 27.3636083452 27.1468884757 27.4546285414 27.9073246762 27.7483971086 27.7724651068 28.1974278912 27.8631036081 27.2001096341 27.3544519695 27.5058345502 27.7944386271 27.9269581402 28.3513370001 27.6021447598 28.1988524385 27.2151988236 27.422308944 27.6979748839 27.5428838547 28.2423335202 27.4153738432 27.3951734522 28.1647711252 27.3089074254 28.0584792001 27.4222973002 27.9003665618 27.4452013238 28.1549359185 27.4268224441 27.8434013404 27.273296993 27.1160845038 27.6813688704 27.5058115344 27.4269365501 27.5398938523 27.9730174525
0 0 27.0898023979 28.064791749 28.0765484354 27.3834886673 27.6161884527 28.1223234115 27.8873323061 27.9150748513 27.9646137336 27.3404325061 28.4073450811 27.5267354689 27.7139896211 28.103364938 27.7299995622 27.1974286779 27.4455264451 28.0597194532 27.2653595636 28.0144022298 27.1862263488 27.683767147 27.5692932408 27.4074753016 28.2927577089 27.9040844374 27.682117082 27.0354260822 27.7907096949 27.2424384373 27.4960220109 28.3331135507 27.1573288922 27.6286897347 27.9634638759 27.246589245 27.1974154632 27.0846945161 28.3435563471 27.90295214 27.3321652476 28.230174926 27.6271300162 27.6643080871 27.2260665502 28.0287250299 28.2801950767 27.1737989583 27.0506325194 27.0152603664 28.2261670986
0 0 28.2587757277 27.6762824786 27.9170931403 28.3373029686 28.3641854153 27.6798523159 28.0184436366 28.1667607201 27.7214594711 27.9130770943 27.58926106 27.6045359453 28.2782895105 27.4870722316 27.7518029918 27.0564128712 27.6933912405 28.4090341551 27.1533334396 28.3597512804 28.3002717888 27.1305408997 27.4634033792 27.8541380378 28.1851581745 27.7227955385 27.9988467539 27.0114572409 28.07617871 27.6739130328 27.1937691487 27.160898898 27.1086211537 28.2836463119 28.0788817759 28.067614107 28.0307288745 27.9488496521 27.0373818101 27.6803629237 27.2459267728 27.5650875795 27.9586174923 27.2611400005 27.2031867198 28.1755906108 27.3865341371 27.8072675863 28.3342802502 27.2296572397 27.7879100544
0 0 28.0193182498 27.1346152792 27.8080358212 27.2021233606 27.5196215518 27.012259995 28.0601303955 27.3293848081 27.9290111753 27.4642791694 27.4101562261 28.4013851187 27.5345537042 27.7367366596 28.2197849387 28.2149113955 27.1551108362 28.2692568859 28.1671210097 28.3536097638 27.3311549309 27.504852939 27.0943508839 27.1420430617 27.2692970668 27.0775653273 28.3875605215 28.352964357 27.4061141009 27.6804493323 28.0338030242 27.6183380259 28.0078770685 28.0634630404 27.9586843936 27.7142552626 27.3375042298 27.5191328906 27.6403427415 27.6610888204 27.7464332411 28.3752860321 28.3284279849 28.245016278 27.6706615119 27.2934757875 28.3489122966 27.8535148073 28.0763764565 27.7212253323 27.3780103968
