Spatial_Output/90% DEC/90DEC_0722.asc
NCOLS 155
NROWS 192
XLLCORNER 196769.923733
YLLCORNER 449719.875193
CELLSIZE 27.603701
NODATA_VALUE NaN
[rows 23 to 45 of 192, columns 0 to 52 of 155]
0 25.9110782308 25.7445251508 24.0500061159 25.7963591899 24.1517761169 26.3597991132 24.2182229394 23.1528778608 24.291628816 24.5211423413 24.4173823559 24.2595510988 24.9849951479 23.1547606272 27.1389314369 24.5929667248 24.5346121041 24.5004717986 24.5287446853 24.1391196748 24.5762218496 26.3790122606 23.2870178076 24.3754112116 23.5525045769 23.3150095302 23.360547049 26.2215376208 24.4753161007 24.6470052722 24.4035670415 23.2075701939 23.1028298386 24.8057099167 23.7735076488 23.9780380786 26.1777172937 25.0703309683 26.700100391 26.0592510664 24.7615003988 26.5594550794 23.0115921171 26.0470819189 25.4067772755 26.4849567668 25.0997470445 26.0669289759 26.8296426346 24.1638057442 24.6776399228 25.9287840207
24.5017283846 24.0232921338 24.4261738718 24.1007754901 23.2181453306 23.423813149 26.248617559 26.7998756655 25.6780392091 23.9919024084 23.2152224543 26.8248689175 25.4039350474 23.1322688029 26.499001911 26.0065441147 23.3990203772 26.7218919029 24.3837540844 26.3557074801 26.2195706507 24.5440273987 23.2223748823 24.9735505031 24.1495040506 23.8743170777 23.0375907274 23.3000744474 23.9056161075 23.4250979761 24.4972470942 25.4788247877 25.1247431598 25.110082962 26.4638668249 25.0092947067 26.0110973513 23.4889543987 27.0749853813 24.7096927255 26.0617304398 27.033117718 25.8134410294 24.3870531287 26.9098957937 24.4037282616 24.8439485498 24.4290800778 24.9070901619 23.3835624049 25.6838641191 25.7887829855 27.1914947621
23.28102149 26.6272210885 23.872656099 24.4910928795 24.1847708018 24.7375664782 26.0401022825 26.0731884721 24.3919960704 24.4095104393 24.6178381116 26.9392406979 24.3234903982 24.5089997 26.0600855785 26.8100964946 25.280214046 24.6869976935 27.1263235683 23.7831812028 25.389638645 26.5670668884 26.4142712434 23.3085291148 25.6555940088 23.466570694 26.2748383191 24.8355385473 24.1742513118 25.617081883 25.0835032043 23.0935074219 25.4420991417 24.1279912876 25.7708182216 25.7902909248 25.2550037132 26.6429711009 25.1488826876 24.3990035664 23.8693192181 25.3974193131 23.2675014071 25.4564245052 23.9846894342 24.8462702868 26.1056753707 25.1002441255 24.0201781262 24.3507683792 23.3897242012 24.110871927 26.660675254
27.1045882589 27.0517235349 25.0365508155 27.0581510989 24.1180964835 23.2135743635 25.4473240907 23.782443743 23.7781333767 24.0663511208 25.9667782399 24.4825342649 23.2887728129 25.3836429983 26.2614787695 24.2971000825 25.2290140795 24.5792370605 25.6738868852 25.4409802611 24.7394487476 25.7488321905 25.1495357879 23.2887693554 23.3150755786 25.5603531618 23.7063579164 26.3157215956 23.4740508357 24.8042349717 25.1449051927 24.4466384001 26.5837080087 23.9192919288 26.5840800817 25.9148894343 26.7555821471 24.650198079 25.159776437 26.828104161 23.1787486488 26.9952083668 23.7153147968 25.1615833753 23.6003845393 23.2117556783 27.1772452193 27.1835589087 23.8885290754 24.1528636859 23.6750138118 26.7247333716 23.7195539321
26.838026711 26.0573787547 25.847681444 25.8141508808 25.0325391758 26.1005436558 23.2181723922 24.9248655679 24.1893326768 23.4248834245 24.6830876486 24.6883089577 25.4774290407 24.0227485355 26.8023202372 23.7614479245 23.0646539043 23.3389897297 26.554143087 25.2429149951 26.9476781738 27.0421002979 26.5755731467 24.212661797 25.212202719 24.0853622656 26.4685530807 24.5894667532 26.5873264291 24.9026256623 26.4810720569 27.0630866444 23.8621167238 25.7807614245 23.689231935 26.1031509731 26.546694827 24.694503761 23.022392356 25.4404992001 24.7927887639 25.9392916119 26.5063588471 23.1365155371 26.1068960108 23.162483113 26.8822613636 26.8728851122 23.7759928312 26.0112422189 26.7117821211 25.2768057385 26.5582634464
26.1583142561 25.2456384464 25.754163856 23.4220433532 27.0996735199 26.6293282213 25.2233690958 27.0186116896 26.715733906 23.1900597448 24.4946551233 27.0591731734 25.497898319 23.2819339169 23.8979583771 26.6987523657 23.702982452 24.4393471007 26.5117127004 24.4739717482 24.4246723843 24.6237639414 25.4282413502 25.4757420215 23.9175836019 25.3346260813 26.3603359504 26.6805524968 25.7586587585 24.5453312465 24.4933646977 24.1126572921 26.6651471297 26.6388533764 24.9354384753 25.7044786139 24.6841727216 23.1996565143 25.0644337897 23.8517960754 25.9193602264 24.9355551369 26.507844939 25.206334213 24.2383099977 23.044909028 24.3035377006 26.4655861578 26.5816330452 26.82433874 24.4108641044 26.8430469132 26.8083782916
24.1392385313 26.1067917875 26.0036052728 25.2828068363 27.0033460094 23.233653424 26.8099555517 24.0300287453 24.7385652319 23.9456028554 25.4786284279 25.926550123 26.1716725882 23.2408615678 25.9642868544 26.3780465111 26.0532977075 25.1390946009 26.865130583 24.279451606 24.9657150813 24.1566273817 24.6037439431 25.4331449945 26.085046008 24.3203071918 25.7038537469 26.4049866333 24.3798338649 26.7944153416 26.2695035416 26.6723663033 23.9881265074 25.6616643899 25.3051919064 26.941098574 26.8462310309 23.3563067312 23.6236029693 23.0574317201 25.1324811796 27.2125011517 23.1551346144 26.2106158778 24.782456601 24.1848835591 23.0016139821 25.8244435798 26.2701458877 24.5221372954 25.9194006231 27.2359002127 25.8000500058
24.6285536024 23.6119052439 27.1640465827 25.1728685275 26.1701545357 26.4984600547 24.6266921382 25.7384814138 24.2560086281 26.5689301531 24.2923407711 23.3562322005 27.0234853508 23.4574404495 27.1290233321 26.0012860872 26.8525259649 23.3241631471 23.1783673732 23.9644706262 23.7479672404 26.0079524693 26.5663749669 25.0940689002 24.1492341726 25.6941124344 25.0939284074 23.5627618492 27.159054612 26.4436633017 25.0729549036 26.6429149961 23.3873426229 25.9804397251 23.4640021283 24.0577071546 26.3399837615 27.0075078051 24.0540890663 26.9263492114 24.2495362796 25.7527164441 27.0400169815 26.3280199835 25.2791387101 25.4710017176 25.9183552435 23.2572572188 24.6241345376 25.4168375593 25.6052712951 26.9694260558 23.8298755544
25.3364623966 23.5830789288 26.3974333993 24.072770232 23.6450813724 24.8358139768 27.2023334114 26.3778244089 25.1078294384 25.3579386535 26.9019653714 26.4711313922 27.2213797776 26.2146014859 23.2069119707 24.8411034571 26.0625639095 25.4308661331 24.6120655061 25.2537970887 25.3544392925 26.6786366701 23.154309142 24.7446834819 26.0066493165 24.6345412846 23.3187933538 23.5592969188 24.125623765 23.116310998 24.766810314 23.1618338519 26.8307378711 26.6426120225 24.0446231464 25.6107883129 23.5741731085 25.3879195661 27.2271583251 23.8397124577 24.3081100451 25.2756630048 25.2181404568 25.1972680858 24.2240380002 26.383095888 23.8081029783 26.4348281883 26.2093729391 26.4020763687 23.6285392034 25.3391019723 25.8619140831
26.9265770686 26.3527401397 26.2558849819 26.7637029614 26.6198319333 24.4691693509 23.626821107 25.9955286417 25.0148340568 25.8533770012 24.7606854901 27.2191159903 23.6839464431 23.9059428423 26.6761551809 24.5321451587 25.3934372717 25.1865051571 26.0361607163 27.080682057 26.9064287847 24.9421633672 26.3731897751 24.8200067629 26.9925703111 25.1056681794 25.8562920397 26.7067896323 25.7800074334 25.0981008294 23.035052263 27.1812847673 24.1107880912 26.5965652118 25.2303139015 23.8801332472 25.479256425 26.9773108849 27.11145134 26.3677090274 25.5551608858 26.3913836595 24.842607441 25.1932527856 26.9442831104 26.601586104 23.0866135365 26.2063703029 24.989221345 23.6910735877 24.6783203074 23.5026425273 24.0736374443
25.4932259487 24.7643753164 26.4601990636 25.4205883065 23.4296532439 24.1683202579 24.2554845724 25.0232243963 24.4305794873 23.5993225574 26.4376975746 24.7998456928 26.5260665494 25.6198247231 23.1698656628 25.0377450059 24.8753733157 25.0929056142 23.0509710652 24.209726723 23.3869593674 24.3535439777 23.3707899155 26.2775179279 26.2803769757 26.8503295417 27.1956267383 25.6147627966 23.7218939525 23.0386946167 26.4928945944 27.1368421134 25.0235208586 25.5173042851 25.9707310865 23.1907502653 25.8697725912 25.3818755229 23.8075029662 25.5426755471 25.1372277685 23.8969657726 23.9130390505 25.8756988334 26.2508578158 24.1679540547 23.5301372854 26.0614159715 26.373450064 25.7207230501 23.1975220378 24.9870077362 26.9836015479
23.2361183883 24.0070345238 24.0957551461 25.3857047384 24.2669246528 27.0944480134 25.3251093521 27.1695484564 25.0174442149 23.763291276 25.3538044517 24.6676443535 26.1888523582 25.6680125967 25.8940633957 24.2323036449 27.1970598099 24.8307751079 24.5002811951 26.3465389059 25.9294138654 23.6445704814 26.3836038714 24.8735523977 24.4323928362 25.2940018213 24.3928151085 26.673060145 24.5726509908 26.4658542994 26.0378391685 26.2420000032 23.6239202369 25.9038849616 26.2085194609 25.6342068747 24.7441032611 26.012270144 27.1815212106 23.5908045515 25.6563161317 23.7832227046 26.056005072 25.1034012911 24.5391612555 26.3387404966 23.5980121389 23.9881332657 27.108150963 24.5380238056 24.5459369448 25.4341977095 23.7087099668
26.6009643186 25.869867726 24.565167651 25.8082644998 23.3980914173 23.0620371951 25.7836727536 23.2620736431 26.1432292242 24.1476749981 25.9210558963 26.0926008755 26.73641683 26.7440164956 26.4860203532 24.2746995712 27.1225990297 26.8421176839 27.1396599263 23.5076649808 25.5630315535 25.0723730194 25.8582236536 25.6132174856 24.69000527 23.7502340303 26.5745292823 24.2599794292 25.0011276393 24.5034338929 25.6088296799 23.7932520983 24.2663092986 26.7625968567 23.571432499 25.3952205488 26.6847483428 23.1273444173 24.8772189955 26.0842015343 24.186279915 24.9685019199 25.975112313 23.5709829242 26.0187416603 25.9638642762 24.5510969894 24.1677467172 26.6182573654 25.3625201775 24.2367098994 24.8393038035 23.2336705935
25.9707261429 23.5411728614 26.7470072819 26.7027555716 24.4266349438 25.6564246129 25.3893695223 26.7190737325 26.9331107145 25.4338129878 25.2766200936 23.4925165376 26.0181498411 23.4218199475 23.7767241042 24.8787184315 26.2736216431 24.3404445946 23.4532599364 23.8191599309 25.8116142306 23.5244895223 25.7645484469 26.048404033 24.5249547447 26.7563096983 24.2285961786 23.4637011253 23.2585748283 25.3288117844 24.317344638 23.4815878017 26.11969349 26.2407991992 26.5859807881 27.2099507675 25.2039901784 26.5945463594 25.4895537299 23.1469471211 24.7149993432 23.8596502837 27.0833173509 24.8214144994 25.474330852 23.2130825002 23.7666120973 23.5916117242 26.8643579796 24.4988314432 26.8423347256 24.0834901562 24.8258470523
26.5229093853 26.8771489613 26.1114466023 23.9332349877 24.4639460342 24.461798335 26.2671054429 26.9230625095 25.7642251179 25.2299762452 26.4982542095 23.4434405381 25.6747357167 25.3766757021 24.0840700536 23.7752022126 24.4726015456 25.0570022904 25.3423314414 26.1681520411 27.0814035833 25.1277580026 26.0343273802 25.1923485407 25.0770125383 26.7017271986 25.3447501899 24.4746825793 23.5001605606 23.0629747148 25.9548483875 26.4745653994 23.8816118858 24.9806240071 27.2267186294 24.7759264981 23.9955291719 26.2019987046 26.9413538286 25.1933121304 25.4106442794 26.2532995726 24.7249851712 26.6966613914 26.1308247359 23.2898779436 24.7429845601 23.0900762757 23.6454665053 24.5048905121 23.9362213726 24.7778678445 24.7304871067
26.1317456948 23.0247696172 23.0785120211 24.0522187329 26.3509149567 25.4429375122 26.0196787517 24.0151993211 26.890935191 24.7870918027 24.6766287579 26.8896935545 26.0769686762 24.583829388 26.3615123281 26.5057841106 27.1168619813 24.8884380486 24.8523095404 26.8140174038 23.5172974448 25.3356331473 24.0748870139 25.828302611 24.2036159711 26.0599846545 27.1183047909 23.2400875926 23.1586292772 25.4092019063 25.9893739016 25.1758342133 24.8698905362 26.1883353055 23.6874472656 25.1103752432 24.8465660791 23.9167104367 26.91251967 27.1872706951 25.6962032555 24.5823142335 25.8501465514 26.5772090731 24.9241995628 27.2245632093 23.2618993803 26.5732602295 23.3668718556 24.1444756278 24.0922422914 26.3377876959 24.2018929207
26.843119711 26.0112840956 25.5195259899 24.3363987668 24.9207990355 26.7892472373 26.876378538 25.3232276351 26.7758201663 23.1466959433 25.3945923906 23.1934629299 25.3028141468 23.4199613765 24.6298968991 23.0938299131 26.1104931317 24.5503432062 24.7324216389 25.1513299742 24.2717028345 26.8217264118 23.163116731 23.2857782151 24.8690960055 26.9502584296 25.7325982759 25.3696107355 24.9423075883 23.304683188 26.153792842 25.5606440197 25.7911361429 23.7359768599 24.8957274073 23.768881781 25.1555578643 27.0803316292 25.1231924619 23.114237884 25.4701756975 25.3478288178 23.6658835595 25.6834811378 25.4317811874 24.7642689523 27.1082924929 27.2048513578 24.5612103527 24.0143153244 25.2945076591 25.4557152507 23.5099824827
26.6371725546 24.8090143857 27.0031715679 26.0801869667 23.1357485092 23.2478998218 26.2447260232 26.9532163916 27.1477671727 27.225634515 24.4403390569 27.1943359347 26.4700209529 26.2963577943 26.3776755604 25.9912558064 24.466827474 25.1146654114 26.7825006414 24.6642410554 25.7432255946 27.1608038138 23.544370841 26.3145475677 23.021049534 26.0189380543 26.9223575838 24.0333108734 25.0048219178 23.7672643321 26.0661542439 26.6705783667 25.3075376232 24.5166744228 27.1224195271 23.9720211399 24.4064146683 27.1633346498 25.1260537596 24.7574516417 23.7607831416 23.1470212129 23.7293289738 24.8591830421 25.0347047099 23.7524168138 23.0439142096 25.0974630688 26.9719327475 24.709057137 25.4212479066 25.5770028116 24.8846654389
25.8872781758 26.6909052679 24.9842925909 26.4536944658 23.339912791 23.7956096463 23.4373877194 25.0521379029 25.8726029493 26.8274142318 23.9824953519 26.0843536001 27.1515418786 23.9635275511 25.2102774698 24.8229477543 27.1784300184 26.148744276 26.9475679846 24.9189982296 24.7189021974 23.2122415415 25.6651844321 26.3076716919 26.9917832568 26.4870766935 26.1395995454 25.4764586184 25.8853824605 26.2648139598 25.6288753872 23.521770058 23.3893057376 24.2411772393 23.8263860237 26.7256594184 24.7883424972 26.1799757541 24.2870853316 24.9445973899 26.1989667098 23.556089143 25.441539375 26.2533997943 25.53792194 24.0073064671 25.7541776948 26.9378419071 23.5599853133 24.4512015905 26.5344788478 24.8660942367 26.3944651948
24.3467998634 26.2446386265 24.2482222606 23.2476586851 23.6851695335 25.178472434 24.8313169006 25.2618121681 23.3019731517 24.2408248995 23.7822523099 24.4766381611 23.1314715165 26.4038152194 24.1187346356 26.4427575426 25.6653421094 24.4008739091 23.8590333373 24.5757920443 23.5658175104 23.2164683388 23.6080261116 26.751896501 25.7171342324 24.8781027088 23.5934381526 26.5684837793 24.8707438341 25.135417219 26.6778602795 23.9594684232 25.7505837716 26.0626373717 26.8984083024 26.2080563113 25.8154930761 24.3313147903 26.7372923483 25.2431248696 25.3806449977 24.1539839112 26.7923412982 23.9350249012 60.535578321 25.8747550541 23.2627341736 23.3113140046 23.0555890269 25.7062672349 25.0255023713 23.4600080912 23.8790016345
25.6662490248 25.4209118355 25.5607818193 25.4125966158 23.2011698735 25.1676835113 26.5935674047 26.4182005823 25.1626598081 25.3887031164 26.1500659027 24.9505014283 24.6899520095 25.3682823799 23.1347597498 26.3959247665 26.2945135106 25.6122968494 23.0977953661 23.6823432888 23.6713733261 24.6902563264 25.2491206797 23.4703618091 23.5658638484 23.7328590328 23.3378127027 24.6283434545 23.9411199084 36.5892736658 23.5116446547 24.4788679132 24.5270880709 24.3210750923 23.4654938388 26.6019178848 24.8576617154 24.1127587763 23.2535740035 23.9602521823 23.10908374 23.7993239145 26.8803343928 60.535578321 60.535578321 26.2471731842 24.9386729219 24.0901485074 24.9428828547 23.0934068078 25.7389536244 25.7143884372 26.9293102603
24.1241393909 24.0324955606 24.1226721106 26.9310536434 26.5079942531 24.7563134344 24.336206108 25.0764746198 26.6855719011 24.7596908651 24.0639097577 26.3795606348 24.9101428408 26.4138679069 23.1316019515 24.4569187367 26.3359411537 24.8958166724 26.6329129756 26.3456557541 25.8388499026 26.475988516 25.4177024323 26.9860105844 26.740689782 24.8510418517 23.4324864162 23.0473414557 23.0491060097 26.3480227317 36.5892736658 24.4516618201 27.1058416467 26.0186182777 61.2877749038 23.8632272764 26.0074869491 23.8269492344 25.2353025903 67.078062487 25.6967885421 25.8595907521 26.0516783444 24.5558226275 60.535578321 25.1085618153 25.6138677338 23.5173016794 23.0076363021 25.236763035 26.0719029465 25.4752785312 23.5488886308
26.5133959221 26.8896206936 23.8870377255 26.2821873699 26.8949702696 25.0992690909 24.9658733534 25.3533709807 23.6380015084 23.9096881012 23.7673727513 24.7724997567 23.9188111724 25.210146982 25.1054747745 25.425214622 25.1199171213 26.7570912954 24.1896305827 25.910642114 23.5274195258 26.6233008846 26.8601767493 24.9248515297 24.6282527713 26.2904611082 26.9037480162 25.8342305895 23.8275793178 27.0677585765 36.5892736658 26.4690753402 24.963189235 26.7899449777 24.6169841784 26.779362007 24.8387292728 23.9121234641 25.3533536825 25.3222327206 25.9870043844 24.5524236988 25.3569065272 27.0015322797 25.1764856117 26.0262471727 26.1582277591 23.4001747585 25.5887167158 26.0864829348 25.5360066756 26.8951278417 26.4251340261
