Spatial_Output/90% DEC/90DEC_0686.asc
NCOLS 155
NROWS 192
XLLCORNER 196769.923733
YLLCORNER 449719.875193
CELLSIZE 27.603701
NODATA_VALUE NaN
[rows 92 to 114 of 192, columns 0 to 52 of 155]
0 0 0 0 0 0 0 27.506371332 29.0387253336 28.9517770451 28.5074204664 27.8897241036 28.9121551474 25.7440032537 27.9400423733 28.4560411845 25.7384625573 28.9365566206 25.1674796291 25.0947842966 28.2111968566 25.0709659999 28.6353738199 29.0852489863 27.2560047511 25.5600947935 27.9947630427 27.9652696274 29.0346082837 28.5904728978 25.8210966486 27.895510217 27.1584028223 28.1032113845 26.8921741407 26.9157074102 25.2939508346 28.1721388312 28.4073193381 27.2302870764 27.3795807307 25.16370194 25.6674490522 27.5245096804 29.18798572 25.5819230221 28.8080597185 25.750135121 28.4653012924 25.3926568585 25.6643820042 27.4256627797 26.3594830677
0 0 0 0 0 0 0 0 25.6814189232 28.5281282506 27.6557688476 26.5880851696 29.1778344765 25.90870683 28.2006056065 28.3476125924 25.2646604321 29.1738573043 26.1237299042 28.8960090029 25.112456819 25.3976768428 26.2480990091 28.0846979286 28.6439707378 28.9400194231 29.0143401491 25.9920147913 26.3654795519 26.0403734186 25.019183696 29.1009356135 28.4648352336 27.6714440601 26.7605357587 26.2160698869 25.6765208804 28.4313860178 26.3526300236 27.5755244471 26.4671289876 27.1617071642 26.3147123232 28.5371067412 27.4661337342 28.6876848224 28.225804733 27.872673036 28.2341880649 28.1011307376 25.453032205 27.3615911543 27.1784270876
0 0 0 0 0 0 0 0 0 0 27.0030895928 27.7126912169 27.8005447915 26.5420335479 25.9562200769 27.2665355406 25.4178025823 26.555658399 27.7752730705 25.7998412074 28.1427966012 26.3674928884 29.0802866114 27.4963514918 29.0713721072 26.8190415031 29.1507600273 29.220080441 29.063369568 28.7832766828 26.3265897196 28.5226609653 26.8418585911 26.1685037091 26.6917378458 27.0695233042 26.0099802763 28.4068347503 27.1191591906 27.0263802046 26.0244777761 25.6922206278 26.0168060802 28.1282857252 28.0419875472 26.202604194 25.0993488937 26.6839280622 26.070395845 26.7687176996 25.3893631894 27.7536182142 28.6617471011
0 0 0 0 0 0 0 0 0 0 28.5186483433 27.2073489083 25.1238442854 27.1552853433 26.4435430608 25.893866657 25.510583239 25.6635655728 26.3920510226 28.001851614 26.0584666629 26.9264440524 28.9266153567 27.1915567366 27.724197047 28.2421905667 28.0576024179 26.4740402232 27.6018259676 26.809827929 28.8950186414 26.6607102066 25.3207355516 25.4654523475 29.1067544156 26.7905816746 25.4501772094 26.6705490155 26.8165872081 28.3337365396 25.3343070501 28.2344796812 29.0331149841 29.0753365759 25.6345559498 27.9377956384 27.1329435413 29.1135665309 28.4292320313 25.8195648724 26.0350860546 27.9475799734 25.6807901745
0 0 0 0 0 0 0 0 0 0 28.6099982194 25.5272754676 25.8570297648 26.8115707202 27.1965299599 25.1894858678 25.3776251314 26.3937942977 28.0738915872 27.8012610564 27.3844395354 28.6265761458 25.6318985449 26.5524889777 26.3945923941 27.1489404084 26.7826727721 26.6912925437 28.648082771 27.5527677337 26.4153727362 25.8478495887 28.4959083901 29.1473971791 27.0947842739 25.4930148365 26.5283703121 27.3002683622 25.482669459 25.0476565435 28.1967677193 25.5203414296 26.0715742495 25.0231135913 29.1893688807 27.4605646797 25.3912347117 28.1994378113 26.4956715975 25.3102181216 28.3382757988 25.5735326462 27.2876254971
0 0 0 0 0 0 0 0 26.2157834001 25.4538062885 27.8200908514 27.643068127 25.9740037303 28.5084540079 27.2889901848 27.6460156407 25.2315343803 27.619844153 27.2365648096 26.1784343479 27.5358011078 25.7687277972 26.4695227619 27.0982189164 28.0685925601 25.9354718019 25.3613787093 26.6952898609 25.7575142258 28.8293650022 27.6868698503 48.7654917826 25.4307349013 47.4825105248 26.1757196363 27.5392112364 27.5703738527 26.0566743806 25.1761963557 25.3177201564 25.8096107888 28.7968517698 25.8750137313 27.3815824885 27.5264433516 25.8184122847 28.4367897896 28.6826781421 27.6835912218 27.8172114834 26.5655063738 25.2394541152 67.086461366
0 0 0 0 0 0 0 28.7995462184 29.061900392 27.95356137 28.8153530721 29.0212950733 27.7268224567 27.9966438955 28.3420158561 28.3881229558 26.4438723061 26.2733777119 27.0912753887 29.1750230466 26.3024489373 28.1567216487 26.0939168418 25.6449124586 27.7506316244 26.9390629218 26.9635821528 26.1886289742 28.8933308062 28.910770566 25.7828985507 48.7654917826 48.7654917826 47.4825105248 47.4825105248 27.5313015452 70.9502157646 26.3862932643 25.9671543348 27.2889474619 25.220593552 25.7849984007 27.0966788507 25.0830897169 26.8540606901 28.4938739443 27.3049553509 28.0976692587 25.0880796443 28.4017131726 28.6083967701 67.086461366 67.086461366
0 0 0 0 0 0 0 26.2484873581 27.7344333737 25.5004190907 28.5512142718 26.9893704739 26.3425137756 28.1568018048 25.3475083517 26.0206551888 25.1749671634 29.1309328555 26.926158991 28.0744046775 25.6166190546 27.4482341027 29.1115693529 28.1649301425 28.5519912402 28.8158604519 28.4644989987 27.33250053 25.9272341805 25.8465679477 27.9226672275 48.7654917826 48.7654917826 47.4825105248 25.3675411793 27.7690367772 70.9502157646 27.9912780565 25.1993802844 26.6111209833 25.287197469 27.9758336272 69.8300673124 69.8300673124 69.8300673124 25.2735396256 28.2232041852 25.8697881351 25.7839921492 26.6700664579 28.8802822357 26.4985254244 67.086461366
0 0 0 0 0 0 0 0 26.150686848 25.5119414905 27.3162548309 27.5814993451 27.4709005386 27.5242028821 27.2952689842 26.3659240474 28.5323051794 26.3620337692 27.5853843737 26.3721467441 26.6160075027 27.637462835 28.0901619366 26.5627381529 29.1917872446 25.2899942312 26.6639050345 26.1473088379 25.7535650197 26.7236104082 27.6977922897 28.9517451482 26.118106549 25.0901858155 25.7984536534 27.2156019262 27.7516141702 27.5872720787 27.9813591778 27.4481185287 26.0796592727 26.7310981271 69.8300673124 69.8300673124 26.3873367545 25.7638043789 25.0819030797 25.0337766302 28.6277904435 28.443592407 26.2949801572 27.1005895062 27.3324619381
0 0 0 0 0 0 0 0 0 28.7710648536 28.6760573955 29.0984966585 25.4079581362 27.4288667966 28.1906990923 28.3212744566 26.2822816332 26.927497207 28.5187015197 25.9091650135 26.951613102 29.1026596726 29.0021180687 25.9309197553 25.2754498323 28.7843889808 27.6113588377 27.486861066 25.5217908332 27.9436873096 28.5137901287 25.0535876729 28.6149446032 27.935116987 28.058628804 29.2347518397 28.5938425197 28.4738327486 25.2218855266 28.7510921219 25.7937454426 27.4243048202 28.5944454428 25.6672350353 27.938327296 28.4541187161 25.0912277244 26.6924624946 26.9092832534 27.3384460991 27.5835488763 26.7822166934 25.5759211262
0 0 0 0 0 0 0 0 0 0 0 27.0054706767 27.3900738514 28.539000982 27.3938882849 27.617864237 28.9290442569 27.357705261 27.9406909493 27.9968797208 27.0174534347 29.0283146579 28.5955693667 27.2450840655 26.4224549214 26.7667999433 26.8774006116 27.8019118433 28.7657621428 27.6447342823 28.9735311749 28.1530885027 27.7181250057 26.2542679603 28.9369720656 27.7297774722 25.8043504448 27.4308154336 26.3906737105 27.5720029339 28.8131300917 28.7325285443 26.0957489304 29.1359119164 27.321104867 26.2869032355 28.5797574162 25.3252703692 27.6073313942 25.2266778715 27.6330239895 27.5568603515 28.3329879665
0 0 0 0 0 0 0 0 0 0 0 0 0 0 25.66209507 27.7840119686 27.9348424864 25.7142864172 26.9386997511 25.9135508513 26.5088764645 26.6269862743 27.093970744 27.2081142579 25.0056047249 26.9772055254 25.8342767087 26.2467165608 27.9062834844 26.7297578978 27.2071383001 25.3197473103 26.4726683256 27.5181047801 26.7692065859 28.9586764654 25.4030993388 25.7091052188 25.4488769628 28.4086323744 27.1921210483 28.2351012298 28.1778477202 28.7491116741 26.9403776831 27.2412452286 27.2640715041 28.2958548253 25.8572137259 25.9904245158 28.490892744 26.1151090218 28.1395617007
0 0 0 0 0 0 0 0 0 0 0 0 0 0 0 29.1322747968 25.5160613308 25.5231372747 26.3468459229 28.457974202 26.8907803621 25.9482107394 26.601362252 26.0337175681 25.6661200769 26.6985236934 26.0469637153 25.6590876957 28.1347612083 26.2647196371 27.1860032711 25.593414283 27.5482952706 28.3978441284 26.7695866289 26.979663878 25.0081807006 28.8974410841 29.194757393 27.5936296395 28.7018912787 26.0934873648 28.7762103901 28.4087500083 26.3313349519 25.9189542196 28.6843188093 29.1417217732 28.5041362276 25.9736889336 26.7333237404 25.0198807934 26.8869289716
0 0 0 0 0 0 0 0 0 0 0 0 0 0 0 27.7817443715 25.3545061427 26.4357549821 29.1362077164 29.1397815155 26.3426192015 25.0155131725 28.4854737786 25.5949363815 27.3201284742 26.5992259753 25.8764778601 26.977385692 26.1860078763 25.0194300171 25.0872457103 25.8761923103 28.8319301456 25.6334101807 25.7445653151 27.1535307598 28.3312596983 25.7442280419 25.0052314074 27.3408675089 28.8235031774 28.6946049619 26.3527462894 26.7283917924 26.5747510864 28.5316453239 25.6039634516 28.2492150936 28.1531650644 26.9703341102 26.5137901513 28.6977939721 25.9102760544
0 0 0 0 0 0 0 0 0 0 0 0 0 0 0 0 25.0301159144 28.2119405619 25.0921149801 27.4163899222 25.9068794612 28.2070284943 26.3079501857 26.6839989326 25.1717617466 27.5192742916 29.1417977465 28.2405722521 26.6090339796 26.0807152541 29.0772030646 27.5365996517 25.3612732879 25.3108500575 25.7746956215 26.6449095437 25.4768940878 25.0012379192 26.9468271748 28.7459808479 28.1820492355 25.8145275233 27.6927271575 27.493188168 28.0120729674 28.4785413359 26.6179634274 25.0317642731 25.1620674178 27.6368332071 29.0480334148 26.46357067 26.0009694216
0 0 0 0 0 0 0 0 0 0 0 0 0 0 0 44.5815557483 38.3015842103 42.407722669 27.5102927102 25.9271193761 25.1872583917 28.4896227744 29.1176413901 26.4622839525 26.8015859959 28.08434644 27.9314508448 26.7358122679 27.9555588484 27.4403080679 25.775669649 25.1132797626 27.1481205162 27.9271958411 28.6303848104 25.2914015974 27.8430905925 25.5605624639 28.7304853845 27.4696978313 28.7726624656 28.7617333796 27.2459187706 27.9647280617 28.8425539118 26.0369229636 29.2408713454 28.7473085688 28.4986023868 25.8599407384 25.9996466021 28.9174570901 28.2140713064
0 0 0 0 0 0 0 0 0 0 0 0 0 0 72.4439560294 43.3752311819 38.4241829731 39.5082768191 25.916694163 26.298286522 26.4431512591 26.2142747095 25.8456488173 27.223251901 26.2537783012 26.3220124055 25.1578508067 28.3999488626 26.5971039538 28.6600657359 26.3819035966 28.1526096474 26.4270454764 26.4378315423 26.5064934162 25.0745818089 26.8011063463 26.0469473002 28.5035452468 28.9452199303 26.1627085874 28.9377742217 28.114929453 59.0529029699 29.2010570426 29.0492096374 26.3872462688 25.5071047806 26.2265640257 25.7819106164 28.4654428063 27.2953135078 26.6018863969
0 0 0 0 0 0 0 0 0 0 0 0 0 0 0 36.8937986178 48.5899424935 45.2238381703 28.4905014075 26.9548009956 28.3809251688 26.4588722858 28.5688299795 25.4004467041 25.5263887759 26.0682227164 25.4848980284 25.9596936471 28.4871206218 27.8826352442 28.9036924296 27.7316259565 27.6798016912 28.2560530093 27.2674284083 25.4273856891 28.5779071361 27.8833449172 28.3876576142 26.9814874233 25.162304033 27.6800913208 26.9342304207 59.0529029699 59.0529029699 28.6068201716 28.6384366693 26.1584558408 27.1268841945 27.015527471 25.9283400592 25.9169056015 26.6103205813
0 0 0 0 0 0 0 0 0 0 0 0 0 0 0 0 0 28.16371851 28.2623241072 25.7612226086 28.5130689315 26.8854004296 28.1101886189 27.7876982226 25.6233434334 28.8952433145 26.4900333062 28.6093622205 27.2478568232 25.4542256933 25.8414699042 28.6129531405 28.5182618281 27.5617846129 25.2020173304 25.3540872267 26.7928030307 28.4749175494 28.4514448564 28.1504671952 26.8311239414 28.7243037957 28.6967368502 48.0431067069 25.9508883487 25.2606730797 26.9983770564 25.3137204294 25.408867099 27.5324138294 25.9761854938 28.9545647498 27.8573985958
0 0 0 0 0 0 0 0 0 0 0 0 0 0 0 0 0 26.2034985028 26.8960241013 28.835027611 27.3481536416 28.7856246215 26.7767658759 28.8504506328 26.6084184712 26.7290315142 28.8852007975 28.2801939021 29.1798700648 27.3180356366 26.3722863334 29.1775969082 27.7552216487 28.3830995279 25.9797125331 27.8043686865 25.6737333043 25.7603334706 25.1594175691 25.2456407828 28.5912847602 28.2068508381 48.0431067069 48.0431067069 48.0431067069 29.0813517244 26.2782022829 28.5233774065 26.9666837054 28.6700216825 26.38961634 26.775419945 28.0737038121
0 0 0 0 0 0 0 0 0 0 0 0 0 0 0 0 0 0 26.4922502744 26.46900054 25.01376532 28.6863365323 27.4795861472 27.2385098338 26.3484902123 26.4056323885 27.6995036248 25.4027680702 26.1519320765 27.3893490563 25.1886448633 28.9635883707 26.6399856892 27.7701684687 25.0174716383 28.4030385158 26.7137921352 27.5037574564 25.511008337 25.2608561053 25.0051053948 25.2106294997 28.3703650329 26.5130756419 25.7435797257 28.8525830548 27.807067328 25.1448818858 27.9135970723 25.1100929606 25.8726418651 26.9037248335 28.2265094787
0 0 0 0 0 0 0 0 0 0 0 0 0 0 0 0 0 0 25.9022285481 26.8408082121 25.8756057573 27.1012556785 27.6977015117 26.9412465495 29.0371729293 27.9285068739 28.1148259158 27.6228853116 28.1477419547 27.7925891071 26.6894459897 28.6359737705 27.228993338 27.091028624 28.0636359697 25.39114953 26.0521818677 26.094179065 25.2512456085 25.0350679648 27.6216825728 27.3731558316 26.5651428008 25.2362670909 28.4537590686 27.689647147 29.1470336075 28.6256928183 28.039170128 28.1230808589 25.5741292445 25.9255102407 27.3009784576
0 0 0 0 0 0 0 0 0 0 0 0 0 0 0 0 0 0 0 25.6088689199 27.3166599058 27.6160964949 27.1829699565 26.9611458325 27.1440063742 28.397702864 27.4500918337 25.9081075364 26.3852432151 27.7886018031 27.7238771404 27.2750326611 25.1891886048 25.1609961295 26.0714170284 25.753440867 28.3089427785 27.4862863626 26.6795011084 26.894123873 26.7836474144 25.1084045059 28.7481624063 28.7691652986 29.1384141459 26.9513020791 29.1685625365 25.7117035303 27.5589378711 27.5116953097 25.8261711352 27.7112714779 28.0695988082
