Spatial_Output/90% DEC/90DEC_0204.asc
NCOLS 155
NROWS 192
XLLCORNER 196769.923733
YLLCORNER 449719.875193
CELLSIZE 27.603701
NODATA_VALUE NaN
[rows 46 to 68 of 192, columns 0 to 52 of 155]
46.5611748043 46.9395323087 46.8609163285 47.2082199786 46.8160751095 46.8850254996 46.61113304 46.0630332858 46.5148934439 46.6079177952 47.0528303452 47.0177817231 46.2257529783 46.3923009758 46.6248937486 46.4458457795 47.2687416426 46.7311824039 47.248601902 47.3770962876 46.2501349095 46.1793170564 46.5011627752 47.1737763086 47.2579222628 46.8543755469 46.8597531583 46.593278773 46.8512882992 46.3820301395 46.2106583962 46.7796820476 47.1820795474 47.0828605204 47.0953985184 46.9753530377 46.8544750397 46.0964574001 46.3251670999 46.1464851079 46.7132673426 46.4659245319 47.2614284733 46.8806154405 47.3706248425 46.4614906881 46.4331963478 47.1983436833 47.0325216462 46.3996423602 46.8543832411 47.2493977724 46.5763054674
47.2590297185 47.1940176003 46.2762041404 46.1358210714 47.211389405 46.8297031418 46.6704900222 47.12603073 46.3119260239 46.08265763 46.7619902531 46.904879252 46.7817469638 46.7299867908 46.7251233296 47.1420029501 46.042506016 46.4241008848 46.4614707993 46.4947262563 46.4693171778 46.9731520719 46.4885369614 47.2916790205 46.8915355954 46.4772857176 47.4007562251 47.4050381613 47.0040756063 47.3475275587 46.2462315447 46.3120159193 47.2648569191 46.1824729324 46.652990811 46.735865792 46.561593203 47.2059418366 46.6364875896 47.3515300621 46.47162925 47.1781389208 46.5220079839 46.3280532822 46.8098434791 46.2884981163 46.3541474519 46.6338024169 47.2910651513 47.2899240031 46.6931383365 46.3622592733 46.8933667217
46.2121963764 46.6305162265 46.8739326841 47.234557624 46.827944544 46.0693305295 46.9622694764 46.4629666199 46.133853581 47.3767576204 46.3146299136 46.5155048555 46.1394864776 46.2666035596 46.7273394406 46.1072026786 46.121045418 47.261175815 47.3312987224 47.2968544703 47.356299376 46.9888536681 47.2243779858 47.3708175834 46.6545042627 46.8213421528 46.0224180361 46.0562780767 47.1352271661 46.0607584722 47.0898042086 46.5866811626 47.2262875487 46.9693190515 46.6553793323 47.1540745631 46.9246133273 47.0985532397 47.0037298228 46.9817149939 46.4350877224 47.3906467477 46.8643130639 46.175324702 47.1542897537 46.0266370486 47.1462588736 46.5181404434 46.9571569737 47.0005248339 46.8812393755 47.342403755 46.2474527241
46.2238272218 47.0350417606 47.2010225455 47.1535169767 47.1599391549 46.7237789134 46.5479289765 46.2510139956 46.2348578236 46.8473590329 46.8985747153 46.6130444373 46.854985045 46.2165391223 46.9210427799 47.1911010146 46.9561903311 46.0871474124 46.8362801864 46.3826680463 46.28957637 46.3339612852 46.1992035817 46.8078169495 46.7499790864 47.1989949957 47.2672446589 47.3892073931 46.3645032837 47.3457950995 46.2676865833 47.0566721173 47.1371333772 46.3940555828 47.04392502 47.3969263029 46.672923405 46.1039404192 46.9243937142 47.0322138136 46.1380553429 46.2940558249 46.9620224488 46.123349835 46.8653986027 46.4011028039 46.4425553881 46.5771361932 46.0690056986 46.9943576186 46.7445927968 46.9209218941 46.0932009011
46.0887821938 46.7437393879 46.8299605859 47.2579293416 46.9324035807 46.8695543568 46.6150661326 47.3508556895 46.7196608188 47.0179526035 46.9738043564 46.9713048417 46.9352410607 46.9905790896 46.6938452329 47.2132782156 47.2890058008 47.0459803782 47.0700287215 46.2631191877 46.8929742392 46.1198574013 47.3513639814 46.5786261821 46.1484174444 47.0816784482 46.6603443 46.025268882 47.0840767882 46.208690225 46.857233759 46.6480458064 46.4519167479 46.113905452 46.0589794072 46.8672028836 47.1741935024 46.6083537022 47.3577746218 47.3863246555 46.9349658308 46.703732071 47.3547426641 46.7627133481 46.2573861045 46.6935300227 46.2084691849 47.0387706082 46.4277291076 46.8995152064 46.3834883097 47.0373353064 46.0307014242
46.853947858 46.0896290631 46.7263839233 47.3191201695 47.3969265233 46.5372817053 46.1924042224 46.9809163883 46.4335096893 46.1281311325 46.3493763616 46.6160077635 46.9368039558 46.0924188539 46.8965655106 46.4213254022 47.0301922409 47.0034480012 46.005860557 47.2154336259 46.8177850764 47.0595287881 46.8305163961 46.5343294597 47.0454516066 46.855898651 46.0298997948 46.0214419856 46.0542081694 47.1891538385 46.451329882 46.5717968039 47.0865489465 46.3759568814 46.0781868633 46.9705573829 46.3303897426 46.3549473234 46.5243358446 46.0874883781 46.6203567316 46.049279035 47.2642090142 46.9725084706 46.1007979932 46.6580788462 47.0328777238 46.2785031152 46.1636204207 46.3779535984 46.7614292071 47.2725461392 47.3731715735
47.0175094859 46.3869845568 47.4132267268 46.9866031931 46.5358534654 47.0606590165 46.0417674326 47.3305659708 46.0016101192 46.584162825 46.2684921295 46.2058673982 46.3608350692 46.507406409 46.8325484227 46.3648707269 46.3005521687 47.3261221574 46.1569221409 46.8907360717 46.8380363945 46.3671482675 47.1502532319 46.2308796148 47.0580752585 46.6193365466 46.706020634 46.0405982163 46.7446196877 46.4952287039 46.8126515599 46.0698863057 46.5602309662 47.0710348885 46.2635948227 47.1778834461 47.0614120291 47.0978927726 47.3247637234 47.2694828655 46.4273048034 47.2283414996 46.4340267145 46.7131020481 46.6213453382 46.2169373343 46.7516134218 46.2230980521 47.3215544561 47.1766510654 46.1055376944 46.6519977566 47.256621297
47.2459167628 46.7664297092 46.4163991106 46.4146903342 46.4565399645 47.1222636129 46.5419529572 46.6639806379 47.3263630898 46.1998619252 46.6323344102 47.0893494 46.0899108455 47.112588463 46.2725430528 46.1420845114 46.8449029276 46.2260748566 47.265924216 47.1760671773 46.946066504 47.3031668816 46.456096127 47.0616653955 47.2578288398 46.3556876149 46.2222878282 46.6112245712 46.397142229 47.3398728417 47.3762935779 46.9777905635 46.4216565984 47.0377732285 46.1970817573 46.4853626198 46.0148318743 46.7760968362 47.3270825164 46.5922961588 46.0655671305 47.3593179022 46.67542535 46.3485738063 46.5207456976 46.9115457079 46.4575242917 46.9956863762 46.9655943179 47.2739904223 46.6986742658 47.3332022256 46.7894532578
47.1803143339 46.3361180814 46.2972297021 46.2711393257 46.0336876061 47.0776269716 47.2925773836 47.3126792477 47.3061081948 46.7997618506 47.3196015158 46.9643699738 46.8813062118 47.1807611822 46.9588882144 46.1545016353 47.0348204814 47.1463853382 46.6260387786 46.7965795949 46.2555619601 47.3301340723 46.9209889989 46.7981470669 46.6846968749 46.3443114989 46.773878483 46.7741928174 46.2161576026 46.6396912279 46.6834318097 46.4683576895 46.5058859213 46.6452803967 46.982487518 46.9945737212 46.5821293239 46.61345894 46.1915802986 47.199200102 46.0817836782 46.6861941367 46.7187013481 46.8491780241 46.200544676 46.1868000939 47.216249527 47.2089387586 46.4350267866 47.4065009543 46.163762012 47.3174677519 46.6030845236
46.5848888804 46.9577036461 47.3484985221 47.2430689028 46.876031513 46.1131090622 47.2519592323 47.2431157033 46.4942087016 46.347998454 46.8054626931 46.9397312015 46.7104930783 47.1160561831 46.8689517501 47.0292480527 46.7582855891 47.2999606463 46.4036074539 46.5982264717 46.2235130652 46.9651954599 47.3721610555 46.7127796318 46.8506748053 46.979531333 46.4769842515 46.8437830943 47.3522734486 46.1801634146 46.4677801543 46.0083714087 46.5944420593 46.8362319168 47.0300606924 46.8174169539 46.8246373834 46.903805804 46.079957029 46.7338993045 47.1420593454 47.278099533 46.7522373681 46.3703406827 46.1407527359 47.324959441 46.6074691475 46.039294921 46.5119018279 46.9863643255 46.1689229156 46.4594890067 46.6819313181
46.2944577999 46.7754441789 46.4510075603 47.2588840664 46.6521387714 46.7986453011 47.1505600789 46.9165094013 47.2726104947 47.1995118388 46.5155232479 46.6519895258 47.388263289 47.0035365464 46.3857783502 46.7946847876 46.6558484122 46.7155614295 46.2988278338 46.942051336 46.1780857667 47.2201539361 46.5521692207 46.3117184779 47.0907452287 46.6123465178 47.1897051125 46.8255116266 46.0479235382 46.6700323034 46.6007201396 46.4865506444 46.6509021486 46.8460324022 46.5818972017 47.3858268876 46.9981837827 47.1485232952 46.4596916528 46.9661475923 46.9418317644 46.9523387251 47.4057272187 46.4351467179 46.4199679319 46.5695499281 47.3473015414 46.3236700736 46.2826406913 46.5837148892 46.3244276046 46.4185629733 47.3493539416
46.0522047966 47.1471885057 46.7687994796 46.8933944319 46.6403939962 46.6089348786 47.2849839656 46.1640233651 47.1832987411 47.3857417468 47.2491616092 46.2512567273 46.1268664063 46.5511778 46.9717813967 46.6811832109 47.2006881255 46.6505621677 46.1387936845 46.4833966502 46.1842433677 47.2877227017 46.9738183916 46.8830754446 47.3140043796 47.1521195821 46.9991543823 46.4049414146 47.1437585172 46.0818017222 46.3438268245 47.4027885493 46.6110248794 46.4684271532 46.4823975805 46.0571110437 47.0601006907 46.2290174002 46.5070487752 46.8246469702 47.0746442079 47.1819889907 46.2091591347 47.3252243643 46.2071756826 47.3574030953 46.055810805 47.3933215732 46.3946451882 46.1998988992 46.3301350582 46.5123333939 46.473604891
46.3109259668 46.7969068472 46.4624890041 46.6866487586 46.9925794057 47.3356526052 46.8369077949 46.674213743 46.6366811999 46.34699752 46.0325959774 46.0864042892 46.2696514443 46.9048952438 46.1368656009 47.0208104679 46.448416865 46.4968138261 46.4099857491 47.32615967 46.9433418062 47.4131763921 46.0396396932 46.5151781205 46.8948557221 46.6365938462 46.4748583173 47.3987349401 46.7807521112 46.3753126716 46.6221300527 46.8409123104 46.4305295179 47.0896317214 46.8860361642 47.1444792108 46.8544284141 47.0060497789 46.8275003275 47.0732591082 46.9039976967 46.1084285678 46.0888152836 46.0918673271 46.5048496508 46.4001143573 47.3433615472 46.0161237378 46.4550449979 46.3994163081 46.2077639554 46.8939121775 46.1794086983
46.1587322561 46.7539001862 47.3921870489 47.0718399159 46.1423451899 46.1189165872 46.333448438 46.2059039968 46.2347440117 47.0580158527 46.7015288452 46.6641057012 46.2145219105 46.4677073818 47.3441832567 46.5426865497 46.6965203992 46.0071075599 46.5591835758 47.3763797621 46.4028492545 46.5265378342 46.5262548698 47.0265938944 46.2087171864 47.2875218195 46.4321392513 46.1609573061 46.6448450402 46.6871088524 46.66471185 46.7997045214 46.5967599843 46.4263422316 46.839331568 46.4183510055 46.8039343158 46.547828205 46.2314262194 47.2889055232 47.1522844918 46.1445162227 46.1560546587 46.2134855439 46.9917293784 46.6958624636 46.3523825004 47.0607076573 46.7951260564 46.8861425411 46.8470110848 46.6517101914 46.94435864
46.7191828636 46.0420267149 47.3795669617 47.2166836194 46.1927606673 46.0631555188 46.6714975484 47.1703744621 46.628148136 47.3745333101 46.4402369609 46.5565753194 47.0792996735 46.2984007255 46.2057561094 46.1103815293 46.8949660536 47.4016039928 46.6404839001 46.0477369548 46.6382718793 46.2951379553 47.1495075604 47.1193735173 46.0116757232 47.3803350572 46.3526825885 46.1703786189 46.3111768864 46.9326722316 46.2206558668 46.8795001617 46.9750067822 46.4089310454 46.4886276696 46.0186606812 47.1826406864 47.3782119841 47.2583501337 46.0978779945 47.3787840175 46.3507859603 46.4892005743 47.096950621 46.9528833318 46.4211028202 46.0525257505 46.69046361 46.7395865546 46.5917172784 46.7264163659 46.2361688264 46.7070363082
46.4832183916 46.27325983 46.8815874464 46.921564715 46.5557813086 47.1303095981 46.7489776872 47.0183389492 46.7196829552 47.2086291138 46.7087457675 47.2216878565 47.0415245822 46.549715462 46.1749786027 46.6133551564 47.1641235994 47.3495129002 46.6103805684 46.1576413335 46.390756424 46.1016481493 47.2824924826 46.8782242742 46.7894677929 47.3426253528 46.7233303308 46.0225683117 47.067393676 47.3830730001 46.9904899066 46.8274736365 47.3887357727 46.445346864 46.7647636622 46.8337626111 46.9239034716 46.1980623169 46.0641772366 46.8083484768 47.2286692058 46.5122885637 47.0607989023 46.0429890105 47.0912075465 46.0068959692 47.1568989963 46.6709230036 47.2980876573 46.9594810581 47.244642583 46.5909986487 46.6442313689
46.8694715623 46.5620693684 46.1398959236 47.1074197328 46.5172218265 46.9389469066 46.1923005473 46.3424711324 47.0312643893 47.3804850245 46.387798672 46.0675473743 46.2719794248 46.4134659917 46.2265396317 46.159592985 46.8096443505 46.7071057133 46.2938181177 47.1225316693 47.0489387656 46.0722141255 46.037748741 46.6596440904 46.1743088776 47.0854020806 46.8059907713 46.8621632832 46.8233725577 46.3439991273 46.2619410604 46.2092589622 46.7121186371 46.0267520127 47.2955809473 46.2847580557 46.0812141279 46.3413608129 46.8028232793 46.3385296007 47.3339946589 46.2709529377 47.3532687742 46.0042977029 47.2007332501 46.1969774622 46.9082345573 47.1896597696 46.9778454604 46.3998534237 46.8649531295 46.7018936417 46.9275691664
46.4768340492 46.782216087 47.3897586428 46.8275613012 46.8488993041 46.0556933254 46.1175959147 46.0357820837 46.266349384 46.0151381946 46.6874957585 47.3852404391 47.1750396671 47.2638735775 46.3213248675 46.2547601747 46.9039416192 47.2900106689 47.0612317905 47.2455635127 46.7677284753 46.1148209944 46.8654817978 47.0031820559 46.4740411107 46.8881655583 46.6467469567 46.2708546678 47.3097796099 46.1307186352 47.1722749295 46.3735949858 46.132298745 47.0784099024 46.5542029091 46.7391855395 46.4204782888 47.2110691886 47.3131660098 47.2993905777 46.1125445492 47.1151725089 46.0409182101 47.3477288483 46.6727769609 46.1917981972 47.3909713719 46.1464388522 47.1813401571 46.9677397105 47.0504745356 47.1931003194 46.9360028132
46.5706473407 47.0817228354 46.936137529 46.842619033 46.5006332794 46.4527443271 46.8334204358 47.3132130174 47.1000730595 47.0143785142 46.0343705211 46.0332346283 47.4067119727 46.540828462 46.1220842317 46.0970797027 47.1918914585 46.7427595717 46.5270905141 46.6481739875 46.6387929067 46.9245812517 47.1859539963 46.6487682501 46.8090823051 47.3203876489 46.0268528024 46.2196091701 46.8305691726 46.9819166324 47.3697462077 46.7878847984 47.2723665168 47.0536738724 46.4943529162 46.6436695566 46.3934917159 46.5589701866 46.9469725764 46.579728785 47.013359133 46.6449268312 47.1541721518 47.0865358652 46.6517841816 46.0885061729 46.0564028868 46.5604897503 46.0378714987 46.8134821666 46.3371473982 46.1436652023 46.7794583036
46.8813752377 46.9917857388 46.4407593596 46.3082014679 46.4416618396 46.3689257678 46.6568398635 47.3876377009 46.2364766481 46.8464364413 46.0847032318 47.2776754003 47.3384761483 46.3212718971 47.1417576484 47.2085145503 46.2780768003 46.2260490476 46.8452079221 47.0353355798 46.5106760631 47.2065180667 46.6130420141 46.6071909981 46.087146952 46.3065299925 46.7101693547 46.5091432063 46.2365938595 46.0575908467 46.1676270963 46.5033966048 47.0114292346 46.5969471664 47.0557691248 46.2878246055 46.1943367511 46.2567687406 47.0558953584 47.4073050478 46.6133411702 46.6288207336 46.2697166521 46.6425172938 46.6396773212 46.7013584439 47.2927323397 47.0287239669 46.0326724025 46.0494878268 47.1292877568 46.4090732363 46.5989870758
47.2455700072 46.3821129018 46.4440199932 46.1443479394 46.5694551902 47.2923173931 46.5124008398 46.1815513747 47.1672417591 47.1087468408 47.2403696757 46.0166754865 47.2417875553 46.6857566203 46.4310124166 46.928416312 46.5266003523 46.0209643343 46.6596016587 46.6682882635 46.135415458 46.0266494945 46.0444070857 46.0031135146 46.5901418246 46.0903389695 46.7420172053 46.3992349179 46.3727327828 46.1912309508 46.5930452505 47.0814800856 46.7616722178 46.5197571622 46.5271230064 46.197820527 47.0101921159 46.3766573354 46.727347483 46.3367113866 46.7245240823 47.2837198991 46.4804979471 46.8058807235 46.0455001561 47.090281941 47.2589973483 46.9820841484 46.1406047591 46.8312836087 47.399439286 46.9697198928 47.3201504125
46.6562910475 46.0140592064 46.1059298911 46.330701004 46.9947810912 47.3324052285 46.0687896037 46.8634566499 47.2941999037 46.2142884357 46.879524323 47.3520922371 46.6588023181 46.3792723119 47.2109025734 46.887107604 47.4058951745 46.5854662056 46.0049281692 46.4843593386 46.3305199118 46.5891863298 46.0762356482 46.5295211682 46.0871777117 46.8135708802 46.8922499357 46.3072487272 47.0871412479 46.941978598 46.9825610127 46.574812597 46.7348858462 46.5888318503 46.1080971156 46.704613437 46.259639631 47.2680754918 47.1347880313 46.8860749437 47.3848617366 47.3149195297 46.8183020743 46.9829408095 46.3145652942 47.0292205384 46.3978783727 46.1359500606 46.3917766038 47.2256793384 47.1513222723 47.1411603555 46.5513049436
47.07199759 47.2507041255 46.470351499 46.286416903 46.2805019752 46.3155012751 46.0461771702 47.1366203316 46.9055143455 46.0399781558 46.7204662337 46.6859437768 46.2394875612 46.109405271 47.4027948382 47.2625712787 46.29535724 46.680196311 46.0843824314 46.2051890235 46.3016202091 46.7560935135 46.1235836199 46.7173646329 46.2486647581 46.414009462 46.7553932372 46.2044917984 46.8855069424 47.1057228524 46.4146499308 47.0812393492 46.2284713043 47.2459475024 47.2301084402 46.5446883568 47.0201504239 47.2531451454 46.0874824041 46.0550033938 46.4980804041 46.6999132696 46.0180149638 47.0764763637 46.1463154674 46.773644167 46.2112608374 46.0633734945 46.8532183293 46.0674071234 47.1321105453 47.1286564129 46.4445056505
