Spatial_Output/90% DEC/90DEC_0561.asc
NCOLS 155
NROWS 192
XLLCORNER 196769.923733
YLLCORNER 449719.875193
CELLSIZE 27.603701
NODATA_VALUE NaN
[rows 46 to 68 of 192, columns 0 to 52 of 155]
27.184182211 28.2617876485 27.8851013831 26.9568325672 28.0864149593 28.1558961151 28.2877809885 27.5018098461 27.0706450419 28.4294540041 26.9128540038 26.6035128918 28.1863024006 28.2463681104 28.0573576826 27.8281555227 28.3210324287 28.3631342363 27.2807360021 26.8916872852 28.5056673554 27.2039454768 28.6042492464 28.619121523 26.5078525941 27.7959256652 27.1014553256 27.7792468394 28.3283251615 28.5337460559 28.2374661911 26.8880702415 28.440153512 27.9503864622 27.8526223885 27.1542156875 26.6033451846 26.8373574084 28.564442545 26.7529051648 27.2120121371 27.5302964563 28.0729272764 26.7058575439 27.3303950735 28.2678503186 28.2498484367 28.425317981 27.4023635173 28.2653611538 26.5463852269 28.3245625607 28.1765547801
27.4310314229 27.6601866852 27.6200099917 26.9693842773 27.8260955476 26.7432651605 28.4311369437 28.5901054164 26.8101869892 27.8732583732 28.4827809344 26.9824466717 28.0030312767 27.7942436584 28.2059723707 27.6959579249 28.0289956062 27.0543430923 27.9396416072 28.1556463477 28.326600174 27.7039653851 26.5908525848 27.0308351212 27.9783292388 28.377036088 27.7327013185 27.795999135 27.9588729872 26.7327610751 26.6095504411 26.9100519346 28.246853191 28.374057535 27.7964355197 28.5072029389 28.1358896639 27.7872600279 26.7854611199 27.6010954437 27.7223586732 27.6302344441 27.142416678 27.1671715745 27.7451633672 27.0369475542 27.8380601461 27.4020254393 27.3787854144 27.2485562742 28.1957037109 28.1230620777 27.5365703346
27.9948812504 26.6431081792 27.2867711348 28.3421569564 27.7129435043 28.3116479402 28.4565218662 26.9133260748 27.8454064346 27.7475823468 28.1519673783 28.4107667515 27.0203578522 27.6266970507 27.3007226342 27.6548636899 27.8806696421 27.4191885356 27.01335604 27.4651943477 28.0275829931 27.9122131965 26.8074468919 28.5305836583 27.2046093264 26.9837630564 27.2692129594 26.8633487568 27.0627749862 27.4912626347 26.9332444667 28.4906913609 26.9764280997 26.7352102404 28.459690573 28.557503461 28.2256935073 27.308363773 26.7712355087 27.7372049718 28.3211955431 27.1448433833 28.4317409639 28.3378281211 26.7524858731 27.0361847057 26.541473096 27.596810391 27.8890541265 26.8698777806 26.7648803261 28.1449784305 26.9041766557
27.5047840512 27.4614818458 28.1540192198 28.34435106 28.5424121213 27.5432819992 27.4434771854 28.3605317193 27.3964777187 27.514000802 27.5252968775 26.5934960691 27.0697014139 27.3632905506 27.2241711798 27.2543924278 27.8420249521 28.3457841516 26.9274459071 28.2222397931 28.4989644805 27.3925878546 27.4441896948 27.4944708552 28.3005453001 27.4122510518 28.6045480047 26.9066439059 28.5677477196 26.544161323 27.8806605413 27.35501423 27.9843309252 27.0511376728 27.0514641195 27.7718641928 26.9641732559 28.0022281414 28.1169907788 26.9363689426 27.8220284119 28.5265169669 26.7740359877 26.7703435444 27.4847573634 28.5208533001 27.8890520458 27.7356917291 27.3111778761 27.6546040931 27.990754079 28.450542168 28.4240574809
28.3797701987 26.7168949146 26.9504791057 27.0154238344 27.0670280731 27.4939431308 26.5984474971 27.6957346066 27.3453346806 26.5462600367 27.4312066353 28.1224800128 27.5050858585 27.3133130566 26.8867736829 27.8598671864 28.4287779362 28.5668242962 28.0566585026 27.7367924869 26.5399408866 28.0295457045 28.4910961111 27.0828992449 26.862863916 28.2261724133 27.6973079459 28.1537000635 26.5188818319 26.894992599 28.4489907709 27.6163896228 27.8546286934 28.4429484776 27.0770994433 27.0776418624 26.9410710622 28.1745077923 27.2030669112 27.3351785432 27.1881128035 27.8588080047 27.9777149216 28.234321278 26.5711868433 26.6925139889 26.9052790802 26.8187533328 27.2485684504 28.6002090545 26.9353547031 27.5481605343 27.9368083438
27.5000183094 28.0545369895 27.16943143 28.0985941804 28.1106488148 28.4762509215 27.5179473462 27.4330365659 27.4245926984 27.6726177351 27.7340977495 27.9057520872 28.4998522308 27.5303069948 27.5194392197 28.5780056521 26.5439782708 28.4502978165 27.9741417541 27.513448184 27.2158359945 27.9318792911 27.783380543 27.3484337476 26.997293099 28.4926656732 26.9106274364 26.7436404902 26.766455047 27.7824058459 27.8441937507 28.139093823 28.4559114156 26.7228779876 27.5171288248 26.5943463461 28.229663642 27.5788786548 27.744467377 28.6023438962 26.9544340066 28.4941870084 28.1279955712 27.9631790448 28.0454734462 27.7096370863 26.6192601521 27.4677545142 27.0278586088 27.2348498468 26.624357563 26.9500919979 26.8071290012
26.58547169 28.6126962734 26.6429051739 27.1027748723 28.4963197837 27.0517016438 28.5404919144 27.6040834491 26.5736421505 28.3852164706 27.9909709604 27.547707982 27.8218378424 27.4306218676 28.5960383316 27.7910710897 28.4292482931 28.0046512974 28.0517210184 26.949355894 27.8252129865 28.4544048603 28.4681740484 27.9749950466 28.4560100888 28.1984562445 27.0308710739 26.5538885948 26.5244787683 28.4901436517 26.7628559771 27.0147531212 27.2396391142 28.6169935847 27.7392571895 28.1671585679 27.8587166327 28.4113741112 27.7556872889 27.634773205 27.6719804501 27.2752213743 27.7505968058 27.8693449921 28.1925764576 27.6940462985 28.2274725755 27.1718322697 27.1488744012 28.4118107788 28.0080361269 28.0245872953 28.3240207682
27.7895511078 27.1176446863 27.7858253251 27.7875837452 27.8542187257 28.2402483849 27.5639609278 28.3099989787 27.1575312001 28.4821379009 26.9089046513 27.6245274785 26.8227151463 28.614929015 27.8179082637 28.2102188751 28.5438886978 27.3129047161 27.3127119172 27.110087981 28.4799601589 27.4813013734 26.7490338336 28.3452570131 26.6511845999 26.8005360624 28.3930213195 28.0364417556 28.4240350557 27.0165783663 28.0964584723 27.9673938285 28.2856694105 27.9186968559 27.7068811462 27.7849507484 27.4477085211 26.818278912 28.4887130312 27.2149931913 27.4890220389 27.9447596316 27.884475299 27.0165362014 26.6908740175 28.4498792815 27.1360101908 26.5088871302 26.7425981977 26.7490986407 27.5575641051 28.3515027786 27.6581000001
27.6154977918 26.935319968 27.4437183071 28.5280227546 27.7649112086 26.947670998 28.0324863852 26.7913066836 27.7470948762 27.4096166036 26.5185366783 27.2077419082 27.7256890684 28.2508481081 28.4885520246 28.0508738178 28.4376439805 28.3777988242 28.4794354781 27.4614005989 28.0331270885 28.0790065602 26.5117214575 27.1284526418 27.2791794335 28.2862834902 27.1665181071 28.1700381564 27.4516697877 27.4064868839 28.6015500962 26.8070203236 28.4202238781 28.5085717065 28.0947555983 27.472306974 28.3773551724 27.5696388185 26.9030042986 26.7351919386 27.3747048177 26.9510439559 26.6791541748 27.6927963481 27.7524454032 28.5929335548 27.2383844854 28.0855695106 28.5946920381 27.4076328077 26.8005549831 28.4164818411 26.5018634568
28.2319999926 28.4288236364 27.5061088826 28.283228296 26.9339873447 27.4975655581 27.2761394677 28.0714629135 27.6635272954 28.3718211151 28.0789376488 27.3402107448 27.7139838362 26.524522021 27.6217665817 27.1697587114 28.4434979889 26.9344553662 28.4902960907 28.6154288837 27.8719860048 27.4393854005 26.9141634658 27.2535224219 28.050521713 27.6044308915 27.5887757233 26.7978338795 26.670987192 27.9299936135 26.5398429312 27.9166103599 26.7391819668 28.1964133697 28.3318295176 26.9774447609 26.8232613612 26.9528710388 27.7245334556 28.200683452 26.7520244549 28.5521864752 27.7568932605 27.509585639 27.5898204222 27.7551559689 27.7009091381 27.1513429097 26.8913385577 28.1996200132 27.2777682149 26.6000295341 26.5809706465
27.2151490994 26.9156905371 27.255383112 28.3399482094 26.7940197367 27.9727311978 28.5241009906 27.5877170738 27.9475915407 27.1588249265 28.4151496246 27.5924278529 27.6873421848 28.2612108734 27.9290730632 27.2216204915 27.2161761152 28.1816671895 26.5174228345 27.6113201548 28.2083027935 27.8531005576 28.101598381 28.5038228995 26.6325785646 26.7588629539 28.0415887829 27.3903749908 27.9204968464 26.7835805302 27.3735974853 28.4635504561 26.6829020374 27.5205984728 27.129828252 27.7854933963 28.0561876922 27.4208653136 28.3784552794 27.2026056539 27.3817995905 27.4423482299 26.7802003553 26.6148694103 28.273888105 27.316074294 26.5343287855 28.223497702 27.1206186909 27.3875790927 27.0912097547 27.2499793858 27.4203190866
28.2979920211 28.0454371833 27.6976180989 27.9973158843 26.6236912092 28.115990231 28.5137865259 27.3299304121 26.7490639881 27.3286166001 28.5542538761 28.4544784858 28.0821985655 27.7169633897 28.5120387987 28.557680964 27.7160502862 27.9766086074 28.2065101442 28.0030368273 27.8825001878 27.8794022354 28.3335610722 26.8143630473 28.5537007989 28.0990240908 27.634326835 27.8871423867 28.2850061837 27.8996152143 26.5373251103 26.7297091779 28.2069448204 28.1216187326 27.6671221098 27.3116921269 27.8836809516 26.8133039717 28.1043961427 28.2863353325 27.3069198123 26.6019059308 27.450491328 26.6959917071 28.0154249178 27.2361096647 27.9714144204 27.8969056057 26.5825428686 27.5453188548 27.0331433874 27.9184019598 26.7576627365
26.513902441 28.4225166881 28.1116643847 28.6109186336 27.7804948023 27.0447140632 26.9695232145 26.9140066265 28.0849447295 27.3141052329 26.7158287888 26.8554598824 26.6144316031 27.7065141487 28.3304205048 28.6157214386 28.2991101212 27.1567314674 27.4086276178 26.7415513048 28.4086145874 28.1967556618 27.320615678 27.5372895706 26.6909450315 27.9480146417 27.7499258757 27.9304106303 28.3361035811 27.3028000094 27.8361168951 28.3685264202 27.3429834181 26.8635683115 26.8590959903 27.0962327398 27.5532891426 28.6000310653 27.5151081371 27.169049009 27.7035151751 26.9728832628 27.5352491163 27.2607487477 28.3796942687 27.6355050038 28.2972241411 28.1987980238 28.2531986844 26.8517598527 27.4370329409 28.4655188474 28.2792712282
27.3355477125 27.0477252268 27.9840527998 26.9139096375 26.5858513923 27.2646664004 26.5798528435 26.9385470365 27.6271147678 27.3552525549 27.8084124096 27.4386720586 28.3826908292 28.120342051 27.6804304054 27.9207136254 27.5977255832 27.4502638412 27.8320665461 28.4998676344 27.5182157357 26.5482556205 28.2944729992 27.9405865442 27.0596112917 28.1666160393 26.7225142849 27.4644310163 27.1935383345 28.6045866385 27.5262053512 26.677003405 26.8215238716 28.1270282061 27.9092393931 27.708274151 27.851381945 28.602885387 28.2391321972 28.2989660142 27.7570258111 28.4912994939 26.6048452311 27.1848981695 27.3673613734 28.4968926843 27.3865487385 27.9727491132 27.1308578635 27.1041802596 28.4415107282 27.0918980274 28.2984458845
27.7452576654 27.6072530125 26.5140648148 28.0321359092 27.9635573698 27.3324176287 27.5985230127 27.8117866646 27.8406091363 26.6603170274 28.4707690741 27.794914459 28.2683445884 28.5304080714 26.9388877947 26.9612865288 27.0092617959 26.588303353 27.4524899396 28.2761207555 28.5034156255 27.6586104306 26.7545316229 27.4460871615 26.6809352363 27.9407703574 27.4049597483 26.8801962957 27.26488616 27.5778866691 28.3069884863 27.2530944702 27.9915387308 27.855227436 27.9559666937 28.5464624761 27.7731825355 27.5924634627 28.4310102076 26.8306864356 27.5685296747 27.5338224103 27.183320265 26.6087469974 27.9866389366 26.9512475868 26.8716116194 26.5528569256 27.3646223004 28.6096919395 26.9579004123 28.0961090857 28.0501577605
26.8350660099 26.9622998485 28.5400960933 26.8952225805 26.6662374527 28.2632470325 28.3646628554 27.7767022772 28.3274731076 27.859498627 28.1666475545 28.1510259276 28.3192525233 27.9788494521 28.2860087593 28.1431171019 27.9435778238 26.7360364806 26.5942614706 28.4680849701 27.7487063253 28.2931423111 27.7612416271 26.7996127326 27.905986903 27.5804968268 28.1338936783 28.2366451576 28.3944846414 28.4853553911 26.8420770253 28.0683198407 26.9884781129 27.4820632287 26.7034284451 28.2818951037 27.6132447907 27.0119392014 27.0107369241 28.3520807403 28.1053824903 27.3638782175 27.0947053034 27.2969843332 28.3923614683 28.4466102678 26.7647498184 27.7861899031 27.8071712808 27.4793149007 27.6192104026 26.8613788574 27.7109942674
28.4112118023 27.4866230509 28.5213192389 26.5756188464 28.0616696632 27.417455745 27.3579706836 28.3770378275 26.6329858889 27.5512827818 28.3881850758 27.0772400162 26.9662956912 27.03292158 27.4275163412 26.5042345196 28.3587851015 28.3155661987 27.0376695834 27.0714551213 27.8404858646 28.4581867614 27.4976641889 27.1000664243 28.429314367 28.2306643512 27.0735936053 28.1867027248 27.6982693827 28.3492149292 28.5405426501 27.1732767099 26.834055177 27.3708441283 28.4678639772 27.8085470263 27.3221204368 28.6182098345 26.7521553046 27.2226835297 27.252555394 27.2281501419 27.1302169892 26.8476414076 26.9827032094 28.5320517032 27.6743202472 26.8773202223 27.6342620582 27.5675123522 27.5137194129 27.3899720448 28.5947102305
27.6019839939 26.5136712915 27.9152821477 27.1853217008 28.3336776396 27.5085961374 27.3913432645 26.9932312698 28.3458025761 28.3523867978 27.4632180395 28.5160917327 26.7539403465 27.4860200586 28.0718631054 28.360898509 28.1292693618 28.4063833021 28.4984821144 28.0168452786 27.2436624569 27.9836724212 28.1262422439 27.9764111217 28.3341716016 28.589781727 27.5203397453 26.5337286929 27.7712231026 27.839135464 28.3535353557 28.3232677284 27.4129925156 27.9583072013 28.1434848531 27.3677810491 28.4597320972 27.6755876319 27.5317014955 27.0731524527 27.1127245185 28.0456258477 28.3002925723 27.3930795631 27.3762065808 27.5930964597 28.4822451966 27.8276544492 27.2491429833 28.5656502847 28.0888106145 28.524157132 27.7923686846
28.1448516206 28.2291488246 28.3935921837 27.0331138145 27.720890002 28.5864916115 27.9200034525 28.5489206435 28.2124275868 28.0225883027 27.1924006001 27.8481512229 27.8509740541 27.0774844234 26.8216974808 27.4755784739 28.4612445186 28.0876478109 26.5218187872 28.2112197514 26.6749534363 27.0275189149 28.1670490056 28.4055033891 27.0347229355 27.4425541345 27.6073207579 27.5228119783 28.1426955642 28.2037880069 27.4852819401 27.7880148732 27.2871612777 26.7544092757 28.2382742085 27.1382771285 26.5678120162 26.7858343069 27.4575851277 27.1901806308 27.6365296339 27.5682675409 28.2264963815 27.0860343657 28.4666439728 27.6739297288 27.0125422083 27.7030990184 26.8215597999 28.1603414381 27.1813538586 28.5013012434 27.6906117763
28.038372941 27.1352146249 28.5982761913 28.3659103315 28.3530131438 27.8814068739 27.7654477366 26.8121434856 27.5228771067 28.4704796643 26.6074073575 26.9769199174 26.818128157 26.9742974385 27.0295577855 27.692221978 27.7631911504 28.537553472 27.2172279271 27.8188987584 27.7322595208 28.5065500791 28.1370325494 26.8842436989 26.8372899388 26.7225187005 27.3520726003 27.5511033434 27.9110397211 28.1888755732 26.7383156546 28.2916495029 27.8645918043 27.724056925 28.1203338823 26.6628132393 26.9243885045 27.1299999322 26.8573044759 27.5440962422 28.3406447149 27.8455031436 27.723090106 27.2849598767 26.6634990285 26.5989247045 28.1994364197 26.5682126525 27.0015654734 26.6352349337 27.1357631169 26.7238267417 28.5082679351
26.9105249594 26.5983772022 27.4519648521 28.3296303656 27.7578193508 26.7966445049 28.2283491195 26.6058595099 28.1897536937 26.6299085317 26.8553010178 27.1010813137 27.2935181928 28.2018312104 27.6604893912 27.1493591838 28.4797036102 26.9647024124 27.5262211852 28.5416998994 28.6066027041 27.363382299 28.5687029426 26.7952762868 28.5622475652 28.4093355731 28.2997515506 27.9271710779 26.6529903513 28.4375187506 26.7442770434 27.1154195446 26.9710292999 26.585077321 27.4683737511 27.2003805548 28.4242266925 26.7943413222 28.3621626517 26.8173648954 26.8550248686 26.8952363715 26.8421699843 27.9931651725 27.7958220566 27.3745714455 27.399257533 27.379150557 28.2434240734 26.7363586214 27.1050685243 26.6638066362 27.639736308
27.8418104205 26.7517280726 27.8162330259 28.2595805408 27.3430702932 27.4690850145 28.2663754585 27.079648169 27.5295311925 27.94558898 27.9390425069 28.1734322264 26.5121054125 26.7658407752 27.2724424762 27.2474115174 27.7406288069 26.6074327735 26.7812576094 27.6921574058 27.9354628066 27.6212325679 27.0163610689 26.8645094067 27.4724101238 28.3414055689 27.3042786337 27.2322296599 26.6816157229 28.4783037057 26.5737908556 27.8877506815 27.0816307781 26.6990950526 28.4099405639 27.8736886484 28.2396276107 27.5231932776 28.096583289 26.5490968981 27.7306165411 26.6457019189 28.3933746272 26.9002314192 27.5895335315 28.1841721468 27.5700924308 27.9106838158 27.1042138992 27.0158725047 27.2828989885 28.058673574 26.9907128714
28.4982824058 26.9433984143 26.5049521371 28.6141351852 26.5158895916 27.0090816215 27.7762334487 26.7994470303 26.7597038047 26.854410042 26.8364495038 28.052841702 28.3707757768 28.2987830366 27.7124408318 27.3940887422 27.2390711494 28.4220899867 26.7756197084 27.1021385732 27.0224100629 27.645757357 26.5301863432 27.9447046251 27.6435024745 26.7057595033 28.3516083717 28.2413562461 28.1324213277 26.7117138124 28.4035719998 26.8185143563 27.8715579129 27.7561461794 26.8517643747 26.7370514533 27.1581472633 28.6021299763 27.6272301812 28.2964640068 28.0107406717 27.8751789633 28.429242503 28.1238621428 27.3145379829 28.4511537552 27.6657104763 27.1523877448 27.0002015762 27.4455993469 27.8846115248 28.1218971406 27.4020756153
