Spatial_Output/90% DEC/90DEC_0279.asc
NCOLS 155
NROWS 192
XLLCORNER 196769.923733
YLLCORNER 449719.875193
CELLSIZE 27.603701
NODATA_VALUE NaN
[rows 92 to 114 of 192, columns 53 to 105 of 155]
45.0246923586 44.5792003965 44.9729402974 45.0561392054 44.9989310874 44.9911805183 45.1457237573 44.5615166357 44.7066652907 44.8876842454 44.5336771764 44.5285977569 44.675511378 44.7036118843 44.830457425 45.1335885905 44.6498367841 44.5908399034 45.0243737068 44.5590407116 44.9388171191 44.9127371232 44.8079704298 44.6247545939 44.6788400063 44.5456948671 44.6932897537 44.8146760452 44.7825895832 44.7257680256 44.7590972271 44.7294741906 44.9650615454 44.9293764751 44.9158192842 44.8484198233 44.9574607463 44.6372397887 44.9269718316 45.0600507839 45.0348414771 44.6313343047 44.7779125125 45.085669954 44.7179137393 44.6134971817 44.9524406501 45.1325749366 44.6508744733 44.6840814999 44.5383501606 44.5123751916 44.7240072846
45.0973949935 44.6950801985 44.8225902508 45.0062207252 44.6023001574 44.8475115901 45.0741380235 45.0386081385 44.9576162345 44.9995651534 44.7042996138 44.994467363 45.131293174 44.8184884766 45.0722417066 44.7259333695 44.580831201 45.1589287384 44.886746666 45.0938050461 44.6204689222 45.0602613659 45.1974971814 44.8666618081 44.6090851983 44.9310446096 45.0187876434 44.5694299131 44.8041767427 45.0309126836 44.753219339 45.1864535145 44.6057040937 45.1900843742 44.5218664734 45.0951164538 44.6480909855 44.6845483624 44.6108302492 44.9015496104 44.8939039978 44.865567866 45.0239715595 44.8038266148 44.8047809113 45.1926576465 45.0670981726 44.7655903392 44.8144532071 44.5436201054 45.1918553249 45.0298071563 44.5926845542
44.9695885841 44.804627689 44.7890059457 44.6192560942 44.7929307194 44.8417253587 44.8508694305 44.7381174134 44.8489630232 44.7790997295 44.8585270851 45.1059920199 45.0022228211 44.9784678613 44.9368885059 44.9789136035 44.9554987696 45.1481814839 44.5894568914 45.0326948774 44.5542518432 44.7012024114 44.7058961072 45.0366583027 45.1155580377 44.6041535318 45.1071727847 44.9963232489 44.5481067573 44.8358506006 44.9059653605 44.9762665214 44.7963413645 44.753009704 45.0601867112 44.722738185 45.1374706592 44.7095972639 44.8048416146 44.5441969459 45.0020898827 44.7229756962 45.0308685502 44.8146236888 44.7975117745 44.5485348207 44.5310855928 44.9286470519 45.0169652408 45.144001098 45.079807981 45.1911742078 44.5499524531
44.5431408507 45.2047927749 44.5426410552 44.7701998041 44.9037884752 44.8565700121 44.9476878071 44.7148869788 45.1262396232 44.7973026174 45.1588160268 44.9633676414 44.5864544242 44.6015908953 44.823382379 44.9839858268 45.0079451376 45.0504248976 44.9008754382 45.1860435746 45.1212837299 44.9236663539 44.5689923641 44.8674043292 44.6803689069 44.6139667248 44.9546146344 44.9594632734 45.0247564174 44.5873258901 44.9212260839 45.0119578477 44.5498401724 44.6156471657 44.8586630878 44.9150758807 44.842660127 44.5717597923 45.1520091358 44.6432777618 44.6173478308 44.787655504 44.6590047399 44.5866834773 44.5808013923 44.7898682355 44.6919773147 44.6302766847 45.1120533006 45.057250982 44.9369079041 45.1699550981 45.131793373
44.9917399874 44.5056828018 44.5218536242 44.544912278 44.7175183583 45.1264146721 44.7837884698 44.5247703255 45.1281088812 44.9617562104 44.6454947349 44.6470565589 45.0633461559 44.5954987566 44.8273626127 44.8900325975 45.0660567059 44.5084881495 44.9049999883 44.9690759534 44.6478953034 45.1762902939 45.009234512 44.5614634483 45.0021553906 44.6565063519 44.6376319302 44.9398141617 45.1045882823 45.1453252167 44.7260678437 45.0603402251 44.8464362084 45.0327043369 44.5745744988 44.523330662 45.1680632948 44.9500523668 45.1659021616 44.7903752215 44.8981193972 45.1270687287 44.8631993434 45.15081781 44.9035521683 44.5324359356 44.7212035697 45.1874071258 44.7648022629 44.8413484506 44.907918645 44.7534670002 44.6850318324
44.8279912963 45.1852919402 44.8337952573 44.5318472351 44.5198690644 44.9341493434 44.7255668502 45.0919247607 44.8673870248 44.8632385888 44.665324801 44.9727105628 44.7043467655 44.7626075061 44.806462258 44.6633013936 44.8818908523 44.8569189988 44.6727020902 45.0153051735 45.1061671481 44.742539727 44.6433721295 44.7757674972 45.0868661549 44.9631576767 45.0007916649 44.7047691792 45.133974269 44.6085793668 44.8459675186 44.9231815455 44.823593989 44.8603200089 45.07162016 44.857215654 44.6719386932 44.7207036712 44.9208193805 45.1211023671 45.1856633987 44.54885408 44.6943002929 44.9345670369 45.2004314531 44.7520247145 44.5033075286 45.0840382181 44.5386719105 44.8128584376 44.6997464442 44.9793053496 44.7971428892
44.7157603715 44.907605632 44.9046383887 45.023854239 45.016537697 44.7932204475 45.1927473493 45.1863819516 45.1279117648 44.5421274994 44.992539389 44.9796608777 45.1599646579 44.5929170751 44.5636984468 44.7284299879 44.8879874367 45.1084568983 45.1772925538 44.6505273023 44.9282585763 44.8561379382 44.9597261795 44.9466568278 44.7568976549 45.1233665675 44.9982149561 44.5387332003 45.1301622831 44.9673756071 44.8853713872 45.134786741 45.0952842529 44.7694230054 44.8744592706 44.9085298629 44.5363086439 44.5805054576 44.7963269433 44.7364004041 44.9571932943 44.5990794523 45.0475890756 44.7760134556 45.1909538572 44.8017059453 44.7622170178 44.8392180197 45.1486064047 44.7901590669 44.7803793437 44.9338311476 44.7499510619
44.7348422004 45.1863211606 44.8985165303 44.6399022323 44.8550149149 44.6462932059 44.7340136248 44.9000167624 44.8175578519 45.0346547731 45.1159053158 44.6792331444 45.1806545213 44.6044047028 44.6819119479 45.0943689373 44.6170327988 45.0986309706 44.9220327137 44.7259983158 45.1619210206 45.193688457 45.08115754 45.0034078961 45.1204853889 45.1712366753 44.6923295684 44.8663774013 44.7102908147 45.1977762549 44.7644747452 44.8021290945 44.8693684511 44.9952027166 45.1308546068 44.8156085871 45.0771003884 44.7285661759 44.6000485556 44.9152766531 45.1667392675 44.7055369683 45.1955957475 44.5490049283 44.9317950459 44.5121714328 45.0935692178 44.7367727571 44.643014681 44.6635729536 44.9920221062 44.6373196294 44.9115493229
44.5030680632 44.6868239087 44.5596738519 44.575468439 45.1637513907 44.9552323242 44.7108652663 44.8390628991 45.1820180268 44.8351692071 45.2068927702 45.0984246895 44.6596185034 45.0460538679 45.2054345548 44.5112306884 44.9468048867 44.7363504068 45.0040187524 45.063714914 44.6022116918 44.9152613024 44.5159928089 45.0216200954 44.6487936922 44.750457144 44.8874861721 45.0096125477 45.1880122911 45.0362473853 44.78186165 44.6075560162 45.0657975447 44.963678717 44.5719002341 45.0202675648 44.9212833357 44.9830967441 45.1719446224 44.9260662539 44.9068238605 45.0803914171 44.6751111341 44.8372931196 45.1163212531 44.9695143775 44.6693515535 44.7050537963 44.7853688949 44.6158832491 44.9059637045 44.7286539573 44.7177084482
44.5477358252 45.0382181547 45.1847601473 44.8471589668 44.5788607259 44.8845098015 45.1791383193 44.51517156 44.9556271468 44.6439114347 44.7734002305 44.781926998 44.8653182977 44.6607581352 44.669735538 44.5286729347 44.841499492 45.1254003107 44.6421395896 45.1703630008 44.9276154012 44.5308962488 45.0519375838 44.8958096568 44.5144338198 44.6262936498 44.8821447174 45.1307234998 45.0443525102 44.9604019819 44.9936582131 44.8950695629 44.6893575687 44.8251101116 44.6108143843 44.7963137842 44.8452880233 44.5236868261 44.9708160255 44.5941816127 45.1625795622 44.9232842287 44.6702420393 44.8375347747 44.559901106 44.544338149 44.9749610372 44.893295528 45.1867606488 45.0518114196 45.1653312554 44.9299266946 44.7642928218
44.6400679382 44.5894523809 44.5614843069 44.7712774504 44.7376498444 45.1639338683 44.8037779163 44.559251041 45.1855731819 45.0930323883 44.6966438812 44.719619717 45.1619111181 44.9419389003 44.6900680305 44.7772968111 44.9667697364 44.9713509798 44.7477438237 44.7457882481 44.9428211966 45.1915645223 45.0785673697 45.1350095101 44.877261276 44.6046800123 44.7563705579 44.6222050853 44.7528887704 44.842764664 44.5435153057 44.6677799885 44.7502398587 44.8517301219 44.7577005326 44.8050970913 44.8220633491 44.9413111614 44.6305704583 44.7927577044 44.6446261567 44.8001148958 44.6713545658 45.0367724819 45.1818105967 45.127711231 44.677123712 44.9847826361 44.8353929526 44.8986786402 44.938707004 44.7146302187 44.7383235343
44.9390210547 45.0181353434 44.8517637695 45.1340156259 45.1269317386 45.0076009969 44.5735963611 45.0194387021 44.6633737359 44.9311212537 44.8890384909 44.7800197323 44.7390707742 44.8002874928 44.9567142072 44.5882980312 44.5751172266 44.7327863956 44.9248768084 45.1411352354 44.7872633121 45.0446839727 44.8649777493 44.6530792209 44.6924376823 45.1021386717 44.6803440964 44.9616703056 44.7733498143 44.5210658754 44.560174358 45.0110829651 44.9513581376 44.7149359833 44.5795172811 44.721054063 45.1122844062 45.0869692778 45.0502503578 44.7304772147 44.8913320388 44.502315791 45.153278884 44.8406052055 44.9616184875 45.0554338035 45.0305003692 44.9370972499 44.638279655 45.0754659683 44.6470872643 44.7660366053 44.7088504458
44.8269769877 44.7939571456 45.0539890876 44.5779601734 44.7392904046 45.1070701076 44.7643270806 44.8211408937 44.8939859651 44.6718484198 44.775723249 44.9705450944 44.5867737571 45.1510540504 44.8888967754 45.1955566541 45.1961790102 45.1054220659 45.0968456431 44.638042903 44.9559765192 44.7740666721 44.7505210698 45.044149919 44.5297688903 44.8284682041 44.5122712323 44.916778602 45.0732223834 44.7748257826 45.1508573455 45.0194326149 44.6779319754 44.9845971662 44.8904137954 44.6507140935 44.8715743822 44.9745346545 45.1102796781 44.9268768144 44.5803890879 45.169995327 44.5727561856 44.9905801387 44.9579257228 44.8253459142 44.5857668233 44.825872133 44.6234228653 44.6320031352 44.687049765 44.7857875192 44.5849151926
44.721418845 44.8565871294 45.1571673102 44.7659875811 44.5389774996 45.1378945535 45.0647673148 44.921333718 45.1671697356 44.8851941856 44.9004148561 45.0511688636 45.029264579 45.0466646551 45.1062527906 44.6241538809 44.82837406 44.864260564 44.6585151619 45.0885301406 44.9219756907 45.1448321858 45.1654882942 44.5451945648 44.9881145319 44.7834462202 44.9001154357 44.7478966347 44.9212402934 44.8425228867 44.7789420877 44.6810187329 45.0174562791 44.9046548267 45.1819162888 44.9460292594 45.1310948763 45.0558526211 44.7490137262 44.6230141776 44.5662541776 44.8648561302 44.7648528685 44.5982837938 44.8554788055 45.0711792092 45.183732549 45.0421107007 44.5076525784 45.1202189246 44.6333355922 44.6287938501 44.9600714896
44.8855360965 44.7740629482 45.059191575 44.567213464 44.6648679209 45.1817568777 44.6153133416 44.8328476696 44.9268886634 44.5420021867 45.0835376905 44.5306499948 44.6222593792 44.7757377816 45.1728457775 44.6276052896 44.6781620394 44.626836244 44.5146216074 44.723139834 44.7598034998 44.5265148337 44.5588206101 44.6994977295 45.1777360279 45.067227572 44.6702360961 44.6447344639 44.949262967 45.150316685 44.6330866427 44.5712892372 45.1101525199 44.7530022386 44.8423483182 44.820556207 44.7081639747 44.7926703045 44.5016574346 44.8375711027 44.6122425405 45.0187014014 44.6090643588 45.0842325146 44.9156324796 44.6925270677 44.9395858065 44.7946972553 44.5472607757 44.8407560706 44.7157597114 44.5509558172 44.9305828062
44.6487623203 45.0382832577 44.6671146256 44.5467587326 44.8946950372 45.0216590426 44.6399774137 45.1006275859 44.8382184366 44.6566981852 45.1234246972 45.1509463878 45.0854429662 44.9099298373 44.8590925283 44.6582663353 45.0473305969 44.9176841043 44.5891155252 44.5649272264 44.9905062441 45.1117426567 44.5847229637 44.5943945043 44.8519586505 45.0888386407 44.9299581898 44.5375349396 45.140833402 44.7267295196 44.6598549755 44.822626401 45.0413938059 44.5624889004 44.9441810014 45.0394322342 45.0234847113 45.1883358714 44.7076896558 45.1311829523 45.0553987391 44.6043116521 44.5637477835 44.8812983255 45.1282652677 44.8228439411 45.150958257 44.6008291183 45.125801917 44.6266743677 44.7169684172 44.8928795437 44.9687174965
44.5967066875 44.9873493423 44.5392867084 45.0678181234 44.6399985418 44.5958127705 45.0289052729 44.5411580082 45.1547490124 44.7641961924 44.7556472938 45.1937260798 45.1031979317 45.133920619 44.7303762192 45.0325686679 44.8147712142 45.1806027436 44.8352661255 44.8208884984 44.8140702958 44.5574119474 44.9501203481 44.8566107351 44.5611297496 44.8523346313 44.7976511449 44.5236571814 44.9883030781 44.656020817 44.6367752982 44.6747250476 44.5639119207 44.5083451331 44.8101254327 44.8138047242 44.5612695579 44.7794080192 45.1051534169 45.1154715917 44.7518890045 45.0119504118 45.1645976147 45.0857193087 44.659605147 45.1570154892 44.7797166407 45.0138614643 44.9577328765 45.2057881722 44.9220330177 45.0681745965 44.5057503549
44.5408296512 44.683301407 44.8791530229 44.7888223854 44.5128053407 45.0843196175 44.5042349133 45.0798230975 45.1601384514 44.8032508354 44.7562065034 44.947328513 44.7655798646 44.6864012572 44.61840846 44.5965678409 44.9444523671 44.6244487082 44.7681213976 44.9737266485 44.6202385857 44.562993802 44.8964811292 44.6762776512 44.7894546532 45.0128193689 44.9701034226 44.6769733914 44.8919430405 45.1597526747 45.0670850216 44.833508954 44.6249924521 44.7491317908 44.5802360399 44.6511215467 44.6117394757 45.0603988883 44.6487535018 44.6336563658 45.0743775919 44.6868343121 44.919216482 44.9962708416 45.0414877437 44.6461499751 44.5526882036 44.5575301376 45.1334265474 44.7264975773 45.0469189604 45.2032110579 44.9534772724
44.9094985181 44.5940337929 45.1223749458 44.8969586583 45.2056534148 44.6766587416 44.7082959097 44.6822430324 44.6705954684 44.8028081308 44.9970748706 45.0499536043 45.1178481816 44.7092414047 44.8988786292 45.1437616993 44.5848801339 44.982266253 44.53007981 45.0491851228 45.1910812128 44.9590928928 45.019819321 44.6946339125 44.9316646501 44.6874934692 45.0175064897 45.1393819981 44.7731339954 45.1576055677 44.7741816375 45.1537084204 45.1534494131 44.9902893172 44.5902531323 44.993057798 44.589107334 44.5269078305 45.0801898682 44.939824211 44.9671786933 44.71588683 44.7739469902 44.6267239015 44.8483683319 44.6856616306 44.8284957808 44.7712105235 44.682910594 44.7198365044 44.9441828733 44.5682352592 44.5447358403
45.0909871297 45.116613019 44.8487075617 44.6285673396 45.1801518645 45.1480433289 45.1152322113 45.1959987204 44.6156141913 44.8847110109 45.1555185549 44.742480269 44.9775082747 44.6551175882 45.0577512661 45.1889122021 45.0990818705 44.9604727252 44.5169947997 45.0523429989 44.8755698197 45.0365005745 45.1537995148 45.1597734558 44.7252760874 45.1559374681 45.1229209647 44.8592705578 44.5112956468 44.6202610431 44.8594770164 45.13084612 44.5669451028 44.8443216451 44.6385766412 44.9356187036 45.1473751813 44.7878151138 44.6305133153 44.5939649701 45.1449463616 44.5408994625 44.5489819611 44.9037146824 45.1183677873 44.7291710362 44.9710131548 44.8654689159 45.1384347521 44.9694415744 44.7212342176 44.9855329464 45.1272077961
44.6391138342 44.7277489695 44.6652101022 45.1987430497 44.5001480077 44.9390930179 44.7141573036 44.7289844673 44.7529093019 45.0540577968 44.597019991 44.6910287884 44.9061507153 45.1441123339 44.6107740611 45.1756975028 44.955677114 44.7235164685 44.8316629896 45.1190321608 44.6355125257 44.885922569 44.809751032 44.6513028239 45.1380366912 45.0179945978 44.624468409 44.5292570805 44.6355723956 44.5779462992 44.8794693136 44.5018827774 45.101058879 44.6074904342 44.6045070345 44.9163060309 44.8718452584 44.5302267143 44.5699135591 44.5192890861 44.988969836 44.5589724115 45.1411937524 45.2021735028 45.0137642135 44.6122767967 44.7881420992 44.5103272394 45.0542746523 44.962836542 44.5547843358 44.6792586105 44.842780165
44.6892026216 45.023907591 44.8387069845 44.9928593469 44.5672018644 44.8366648064 45.0493140958 45.1571964642 44.6940740064 44.9956072478 44.9911320436 45.143865741 44.5998183458 44.5280802949 44.5315698406 44.6692107915 45.1074865293 44.928464468 44.7757703398 44.8083213994 45.1861910445 44.6770720283 45.1311981479 44.8396894886 45.1371849157 44.9631405739 44.9150792875 44.9033255588 45.0713785772 44.9442729612 44.7406193495 44.6236007324 45.0117438177 45.0877926706 44.6725878699 44.8398133246 45.1205766865 45.1814423299 44.9466402474 44.8006337699 45.1107103751 44.642044945 44.6992317998 44.5310735682 45.1511102812 45.0441751252 44.7872789725 44.7079319262 45.1579858524 45.0374661028 44.640152043 44.7424365516 45.1840742581
45.1351291514 45.2045940533 44.7851860337 44.9685722518 44.7062336362 45.0060490708 44.7409002309 45.1791195209 44.7839562347 44.7139972534 44.9462765031 44.8337103347 44.9442727951 44.707167973 44.9413835921 44.7412294 44.6138527009 44.6571319754 44.9296600517 45.0779685272 45.1434053132 44.8822636109 44.5448018483 45.0082590243 44.5680690786 44.5362342576 44.858245049 44.9960027119 44.6040894421 44.947080174 44.9698766711 44.683160251 44.7681684643 44.5589604134 45.1600093569 44.7170120575 44.8514266043 45.2010071307 44.5789688562 44.9091374214 45.0718935096 45.1590498748 44.6821607649 44.6367539933 44.768300291 44.678003483 44.8076811724 44.7745189244 44.754626147 44.5530690229 45.1206036643 44.7848636616 45.0772243047
