Spatial_Output/90% DEC/90DEC_0615.asc
NCOLS 155
NROWS 192
XLLCORNER 196769.923733
YLLCORNER 449719.875193
CELLSIZE 27.603701
NODATA_VALUE NaN
[rows 92 to 114 of 192, columns 53 to 105 of 155]
29.3453347281 26.5079642213 28.3171080722 26.771463005 28.3265918702 28.8158369375 25.4602253643 24.6130758996 27.5987182838 29.3263649492 25.8903736074 25.1049621511 27.3822670723 25.6235896066 28.253430801 25.3401000371 27.7913492644 25.7107230964 27.8177301815 24.8580007843 26.6802083099 26.7868395753 27.9347884843 28.0771787233 28.6837429632 25.9146461567 28.4832698842 26.093802636 24.7152756423 25.1960170615 25.7094456163 25.2894552721 29.0693079316 25.2623180068 24.7264796464 29.3939769932 24.6917995404 28.8838225415 26.4012609609 24.6115776986 24.7408063549 27.5146853497 28.3287988155 28.4220275782 26.411500127 27.4918612723 28.0286787451 25.1602515292 28.6134042548 28.2865720587 29.1221507907 26.2098468002 27.1679096574
26.4515363704 26.2906399701 27.097906132 26.5807637343 26.3323769556 25.2130311223 24.608752029 28.2582255429 25.8857288781 25.104042807 28.7368942304 28.0089207642 26.0406512101 27.1229442587 29.0702792322 25.5461650384 28.2939070604 27.0846375942 26.4972305279 27.2009488272 26.667870593 25.0822922268 26.724919069 26.9980281091 25.4099749423 24.8847036677 28.7454467941 27.1204286166 28.7318786259 28.4606255859 27.3001330902 25.6487554408 25.6486113627 26.5051615705 27.5675878072 25.3692190632 24.8943719701 25.8790676572 29.0528280725 27.1780946388 28.1990002065 27.9863443867 27.8559122756 25.5665115868 28.973106323 29.213203652 26.3468893105 27.173852115 25.9247951147 28.886485645 27.14985354 24.941390843 24.8751887246
28.07470591 29.4129869974 26.448395706 25.6544274292 26.6955187556 27.5178373941 25.6986059665 27.1287747535 26.1560255226 27.5600916375 27.2503789336 24.7897625203 27.6853566007 28.8301966748 27.7597239244 26.8675728747 26.3628584677 27.3871585208 26.6432626801 26.8040572997 28.0288385232 26.1065330106 25.0832789438 28.5777434861 29.08708053 29.13084758 28.69740134 28.2739308262 26.8331639984 29.1016866584 29.1294457925 25.1921218386 24.9886708293 28.9654916432 29.4190062405 29.0614185303 26.0639379523 29.2691272265 28.6059946771 25.4653884927 24.749323071 25.6620570967 24.5935777193 24.5301707557 29.1713674663 29.254001735 25.6130038426 27.1420258264 28.9823991581 29.2770277691 29.3865270111 26.8177251464 27.9934864971
28.757978954 24.857707003 27.3940275689 27.469004944 27.1547892709 28.9270349512 27.270790946 24.8554489103 26.7310045096 27.3895220504 27.7991734295 24.8550019403 25.9852638173 26.7642734349 27.6567259283 27.7182951739 25.9073148008 24.6189993384 25.1673107906 28.7781619883 25.4969259613 29.1230619921 25.7111416934 26.6330949075 29.011559254 29.449217715 29.0365036734 26.4880882179 24.6445044046 24.8566326365 28.6547083679 25.5860431051 27.8599660249 28.1301184624 27.1506364831 29.4438368077 29.3768764452 25.2886778286 28.4913591821 26.7221744873 26.5760188726 28.0799503148 26.9533884747 26.40520283 25.6366446768 27.5429599014 27.4621131098 26.1160524714 29.3910865572 28.9168635659 27.6394362121 28.1173737932 25.6724870978
24.8279618136 29.3806119729 28.6414730599 27.0461263805 26.3262983502 26.1112006313 28.346806052 25.5260052843 28.2527946816 24.6291140479 25.3585478761 24.9965975467 29.0883674202 25.5764199097 26.6585113618 25.7535786705 29.3734169026 25.6029596752 28.6213648202 29.0092894197 28.7270475449 29.1155529496 27.8710864552 27.8362914999 28.4958846487 26.461486448 28.0092738933 28.3122239656 27.6058138727 25.1500887588 24.8803956584 27.63826168 28.0677805764 25.1415715089 28.8016782065 28.0623599302 26.9553750755 26.0593725492 28.9842874104 28.9840587551 28.124472026 24.566157769 25.420570376 28.4485005718 25.7070800221 24.5003354766 27.4863267987 28.7732111878 27.7627660051 24.9575649881 25.2386792781 28.083258219 28.2753879724
26.4506181213 24.9278225218 28.1267813412 24.960681907 25.3877955063 29.0873976365 28.4864708406 25.7250464723 26.7477665574 28.1209818031 26.469232167 26.532061864 26.9289872678 25.1695082554 26.1719897143 27.1117691172 24.6909960642 28.1660425479 29.1807666803 29.118407792 28.1080529827 28.3467494624 26.0454352628 24.8270616997 28.8507234426 28.5472199283 26.0157543313 28.9532818844 27.7431795646 27.3692185029 26.9176446781 25.0015150663 25.6521144944 26.7375952633 27.8711447293 26.2110073843 29.2173893908 28.5869395044 26.8297394027 25.1045151567 27.7986380967 26.099245112 28.7506245262 29.4446458459 28.1053986422 25.5084885983 25.5930399357 24.6427682363 27.4638761677 25.2546192218 25.6611065549 28.8995688427 27.2583364609
27.7410023529 28.0792169868 24.6355523365 27.6557591489 29.3580164467 28.677993201 26.0584378833 25.1948201374 25.8565425387 27.903253982 29.0490942091 27.5098532725 25.1795942018 26.4968266485 28.9076272074 28.3656664694 26.386324392 26.0166632522 27.6468858465 26.8767127294 28.0492947716 26.5055292089 27.0913288422 27.8359421505 27.8628849166 26.5128289057 28.1029690414 27.5137966544 24.9645143654 27.8039980761 25.8913503043 28.1087384997 25.1900224745 27.9846839038 24.6709855621 26.2952344972 25.3123751421 27.9215578107 28.2000927856 25.7593577172 26.3206426939 26.8700483116 26.9439068268 28.5714621344 25.0946352542 26.6493525279 28.2948389726 26.2673169815 28.8754674613 28.4584950741 28.6187226105 26.074151774 28.2784467179
25.828497772 27.6149778701 28.2396169468 28.5521024183 28.6089649782 27.320314725 24.9514972776 27.2967112603 27.7184689295 26.324821547 25.7024106579 25.8937520079 27.8941717449 29.1756894165 28.25023953 26.7246882955 28.924864866 28.3777300624 27.7354754863 29.0228658547 27.9361244004 27.9274306501 29.1691689992 26.8898316635 25.2982156992 27.0839639904 28.883408174 25.5009048883 29.3237092711 27.9983615018 27.3647359134 24.8443903117 24.5896104198 29.0626262432 27.2898142948 28.3238607765 26.0592723302 28.7397413201 27.0128092006 24.9142708266 26.1021505616 26.0732535038 25.9737856447 26.0712936619 25.1324408314 27.2185065016 25.7138156209 25.2943772227 28.9913139454 28.2687053214 24.5556157407 26.233210132 24.5396159286
27.9168473128 24.6991617018 26.6280396089 27.139488436 28.6843441472 29.2221157749 26.630494078 27.5156340488 25.5959371573 25.8643076847 26.7372203343 25.2616552581 26.5028306731 26.308795258 25.0696176183 28.9881942944 24.7489646953 26.9305835186 28.0272732848 28.3482856207 28.9466210208 26.0508031938 25.3656748731 28.0901698367 25.402551612 25.739472983 29.1718456702 29.2696779241 27.9965368779 27.1950513324 28.1009239453 28.9824173675 25.2270572288 24.6781167291 24.773582476 26.465810745 26.5305587227 27.1340659717 27.3039807698 24.9285942195 24.7689285849 26.2438575332 25.6263110655 27.1310975546 29.2681797124 28.1878196852 27.8965592662 28.6021613775 28.9885106309 24.8078605783 25.0642018517 26.2548188644 27.2108475127
29.23545032 24.9770501254 27.225993693 26.2373143492 27.1875169483 26.899591012 24.6264368594 26.8262853868 25.881455692 26.7067819717 24.6716860296 27.305752134 26.8117063332 24.6145577405 25.8956399981 26.7652497832 24.6327634806 27.7590737999 25.3516634096 28.4430353064 27.5395056408 24.9084433038 24.7443732789 26.1787730117 27.8522287787 27.1284672485 27.4929646492 27.5277388562 24.6899715837 26.7257216378 28.6144841646 29.4274283673 25.4642252199 26.9344094074 24.633972997 24.8989467289 29.2253362271 28.7063987268 26.7141759636 24.8699297441 26.8039491621 25.1778359094 24.8489163446 28.8426357122 29.3353326614 28.4879705128 26.5328619262 25.8082711021 27.2935406347 27.9773926666 28.4931003737 25.3304370688 26.2147233351
25.3843833939 25.6725214103 26.6454965156 27.6391212518 26.9712282356 25.4020373331 27.2355366743 28.0308608887 25.0989422827 26.0031024472 27.2316457973 28.3897474396 24.8448961078 28.3295647523 28.3523340127 26.3196858592 28.7489688777 28.6136806292 26.1971639942 25.983982223 26.231094473 25.1198502629 24.9230071084 26.8002067693 25.1687882706 27.3428930615 26.0513357338 29.157929658 24.6096782135 27.2411827429 29.2688024317 28.9421327778 25.4783369243 26.009477888 26.773206334 26.5323703857 28.2699693151 26.746649772 24.9490290871 26.2544712676 26.2347401054 26.734567073 29.156793313 24.6647622671 26.9484906362 29.265869811 24.6789152377 25.0242451789 28.5313142631 24.6880442129 26.1506470594 26.8074843513 28.5902522573
25.2846960229 27.4166707347 27.8288113924 29.2705969567 27.1532802607 28.0094736591 25.8495485179 29.2775371307 25.4437001354 29.0310858621 26.126147759 26.6839995854 24.9758256358 28.4868182017 29.3625973232 27.6044153882 27.0491157795 24.7795389449 28.0783964823 28.0140950887 25.5797726554 29.1984502827 28.1294398222 26.308477434 26.3536141788 25.9604025683 27.5689097414 28.1434818626 28.5041657523 27.7630265764 24.8446763992 27.584648321 29.1215681605 29.0544162085 27.5213043933 26.907360198 24.6132259882 28.9967814314 25.6954601066 26.0227116871 25.2426071877 24.6314537709 26.6685920015 25.0266145101 28.4856581319 28.187394269 25.3700972437 29.071931544 28.0208822725 28.3360149927 26.2305514836 27.7599891312 27.2037544475
28.2592679797 27.1346467562 24.5031059183 29.0108515234 25.2453171728 24.82239071 27.9746715954 25.7813605907 27.6509798076 28.8916369413 27.581771286 26.2176023977 26.2138960404 18.3252160942 24.550392022 25.5824449185 27.7890341728 27.6214324292 25.2593811714 29.0726856492 25.7878511707 24.6607747023 28.3675017869 25.4491905584 28.264293989 28.8965982554 27.8281955691 27.7679511098 27.5563265015 25.7005210179 26.1503020299 28.9535717418 29.2188942328 26.348190176 25.2922644732 24.599211019 28.8517975392 26.8030080548 28.596773728 29.0672352912 25.7475301799 28.5501809877 25.3386257919 25.257673877 25.6876016131 29.2174595362 25.2394068253 26.141247042 24.8640369284 26.6274593048 26.4816080332 27.2619434995 25.9599561042
26.4448930959 26.2851056493 25.2437005714 26.5775860431 27.4704504562 28.887415309 29.4457022334 25.7795780336 28.2810475496 28.8452456462 27.3710259987 26.252485954 18.3252160942 18.3252160942 18.3252160942 28.8909002954 19.2400649106 25.3846346935 24.8538578896 25.6792766092 26.7921910886 28.8677075668 28.5491525571 28.9353647977 25.6174401422 26.5146894656 28.8423274389 25.6666962637 25.5110528423 27.4427652395 26.8461739127 29.0284663491 25.611280683 26.1428595544 27.2875552231 25.6526318877 27.5261054978 25.4491010089 25.3347602482 26.9004885409 24.8372497262 26.7944405441 24.5186162289 29.4064967118 27.1225816402 26.5222521428 28.5603717559 27.3133247827 28.7002090282 24.9660784053 24.8616358389 25.6746931452 27.1372386134
25.3209182056 27.462934924 25.9715273865 26.8911988789 24.5370263426 24.6032968961 26.1093796856 25.9261159611 25.1881605764 27.1183669715 27.659962503 24.7466130663 18.3252160942 18.3252160942 29.1749222999 19.2400649106 19.2400649106 19.2400649106 27.8866258016 28.3863090666 25.9904694107 25.6947188346 26.5175925857 26.0675322275 28.7963062721 26.9258489653 24.6030447544 28.509111388 28.4528061298 27.3716120195 26.2454620232 24.8768987783 26.6457300381 26.7477890538 24.8341330096 29.2517265764 26.0752336493 26.2047812484 27.131057691 26.0418764808 25.1975551419 26.0475356063 26.5080647227 26.6116837212 28.2619224664 25.1515954327 25.0113582395 26.9613565645 29.0871883639 26.3301011913 28.035349178 26.712748699 27.1227426551
24.7659324556 26.4863972493 24.9622633099 28.9590218102 25.3612990258 29.0221293772 26.8818212113 27.5730610035 26.2745897654 27.0872710956 27.1394436344 28.2456603119 28.8367570903 24.9577472607 26.08813011 19.2400649106 18.0168921725 28.6543643497 25.7712296281 26.2147945436 26.800975116 27.1170658667 26.2517631991 26.9265620166 25.0574243371 24.5962259205 27.1740667593 24.8265514913 27.979589568 25.0510285053 25.0183517695 27.1613922463 28.6826759449 26.6265122242 26.8226549172 27.7572988271 26.9010866241 28.7580981193 24.5549451389 26.4894742729 25.4964576016 26.3698379386 28.4920394212 26.4084597107 27.1890549657 25.4604767404 25.0265418984 26.5450246108 25.1608037468 24.5026077255 25.4822631588 27.2075602741 28.2802127388
28.7435509929 26.0953225947 26.3582906585 28.1889557724 28.2938364926 27.3113100974 25.9421056144 70.3657399065 70.3657399065 70.3657399065 28.8300306357 29.2792349854 25.1748268169 24.6322420604 28.0112705992 29.4485328117 25.9739076416 26.805635724 27.8506892255 27.0338239115 27.9574991531 28.0798502854 28.6675632618 25.5850562108 26.5136942936 24.8930631663 26.5626871724 25.8681230233 27.4592463478 27.6428249141 27.8784693092 25.8807140093 26.9945746513 26.9050362157 24.8444537615 27.6406838739 26.8850261093 26.0915186241 28.4384501082 28.7408702812 27.1347115211 27.4502261864 26.6354878654 29.1163587533 29.4469578713 26.3308327318 25.5944029396 25.1660624879 24.501688985 24.8180305119 25.0672071789 27.4732483971 28.2220952289
27.3483095397 28.3819089448 27.6665994379 24.9494527427 28.9202116941 28.0226899569 28.6004613735 26.7103233955 70.3657399065 70.3657399065 27.4264594081 28.9777737023 27.6441455343 29.4297850711 27.3046840301 26.2613303856 24.9142869248 28.3817063841 24.854710904 26.8243651169 26.6555482239 28.5357631056 27.450472094 25.7652220304 24.8076723669 25.4684163623 26.5731264714 28.5534670311 26.5893307448 26.9072081794 24.8710041759 24.6346417371 25.7439938624 28.5171874418 28.6240422768 24.5714176802 26.2815049227 24.9833151934 27.1709120068 27.9364413178 27.5183885672 25.8663066223 29.2418080847 28.2104618134 25.8316540978 27.2051234271 24.8616620478 26.2608370415 27.1886465247 29.1733311565 27.2349829603 28.5474784479 27.2980900596
24.6574642024 26.8975100905 28.9696812611 27.9271382407 25.9686684592 28.2552613101 26.7212018868 28.9454050454 70.3657399065 27.7003947314 26.9419759114 26.0894478196 28.6766034923 25.4974742584 28.7667570452 26.2840838775 25.5042206184 27.7263601715 26.7853169639 25.0496922573 28.1671475592 27.5202732949 25.7358375877 26.6179882305 26.6688381583 27.0542303258 26.6861042499 24.8911114794 26.2841011659 26.549802657 26.2046867188 25.8007534172 28.318472512 28.7368382835 27.4341236083 25.9432454588 25.3735954758 26.1858695375 29.2671514788 28.0958228838 25.1948689451 28.6744730079 27.0933210475 24.6268462377 27.0367404113 26.3745329687 26.7588575382 25.0626350651 26.0220397632 27.9940511524 26.0199870752 25.0487202684 28.6276690629
27.4996783737 27.174834405 25.3770036785 26.9488596118 24.5141616782 27.0816056894 29.0491046112 26.910540658 44.2832176276 44.2832176276 27.9505510797 27.4730662906 25.607299845 24.9489624207 27.7927611434 24.8044895883 28.0104390202 28.4233297333 25.946439653 27.2182355761 29.2039713184 26.7200590858 27.9470411044 24.761807014 28.3412117374 28.0875323155 26.8433091645 26.4438247931 27.8404589443 27.2369688678 28.4066312968 29.032374478 27.0100043729 27.8983580651 25.4073857818 28.887444803 26.8184355748 26.4239189493 29.2525126129 25.4575003036 26.5555588304 24.6788753448 28.0361726677 28.6524075704 26.925180354 27.4595304338 25.7724771985 28.6111340095 27.4960854796 24.9725460599 28.4112185824 28.3864033532 27.5590165963
26.3963353575 28.944851111 28.5999823499 27.4954439988 27.8811391448 28.489544051 27.9080257072 29.0699965455 25.2747593025 27.0945653424 25.0747557592 27.7051946099 25.6581270313 24.563962507 25.0152171331 28.6499036672 26.1591333227 26.5098573907 25.6154854873 25.6403385764 29.0969503357 24.5171231159 26.0123317114 26.3392569544 27.2918637435 25.3523633971 27.4967885345 28.8226012774 28.681261853 25.8668985165 24.6164400221 28.210247635 27.1269643343 25.0111694588 26.8064002892 27.5844431584 29.2381244655 26.0765768318 26.961862236 58.469134374 58.469134374 58.469134374 25.8958772826 25.3346416529 26.9566653423 27.2660130336 25.4031685971 25.6711713662 28.4584980205 27.2869682679 25.3643694202 26.6837305957 29.2292404203
27.7529078083 26.9768626336 27.2119961255 26.9447813772 26.3983920686 26.5615500795 28.1683735318 26.970347672 25.7979104066 26.8558566256 28.6975202539 27.9655331385 25.1101482673 25.8680228261 25.2345900269 29.1221108314 29.2992384166 28.0689825139 28.5207723625 27.3930915019 28.4404128771 29.2200342963 26.1584910571 28.0824772561 27.9497814918 29.3486322417 28.9745992539 28.8651586238 27.9782462084 29.0840266691 28.4127099375 59.6573276118 27.8052330513 25.1787334695 25.6476694242 24.8922575809 29.1377542263 25.7216003824 25.6579794846 53.8316209447 53.8316209447 58.469134374 25.5011317305 25.3820921481 25.7520906142 25.3052879811 26.6665104902 29.3194019711 27.1524193025 26.6274323713 28.7234760335 27.7754436763 26.2207895345
26.4774043352 26.3803273918 24.9339335838 56.8432670005 56.8432670005 28.7665387086 28.2942001296 27.7045035519 26.130332883 26.955406114 28.1077309411 29.3088318446 57.149757821 57.149757821 75.9312354983 25.4796410045 26.5112419882 27.5656044672 27.0544881423 26.1861369944 27.9727296615 24.7386990823 27.3078344671 28.105701075 27.8833746543 25.9250445131 25.7566213492 25.8249382877 29.0430818641 24.8077075756 59.6573276118 59.6573276118 59.6573276118 24.5226320846 27.3618059646 26.1201090821 27.554935625 28.8008231671 27.5897569976 53.8316209447 53.8316209447 25.7164756059 27.0243132799 27.3196293496 27.7793996412 26.8917123103 27.2900538783 28.5069890943 24.6460257813 24.8794298931 27.1976155959 27.2707737512 28.7389684957
