Spatial_Output/90% DEC/90DEC_1349.asc
NCOLS 155
NROWS 192
XLLCORNER 196769.923733
YLLCORNER 449719.875193
CELLSIZE 27.603701
NODATA_VALUE NaN
[rows 46 to 68 of 192, columns 53 to 105 of 155]
34.3894407646 33.1789343868 33.3001868226 34.0501994101 34.2730212467 33.6002796363 33.0563223241 33.9394034876 34.199732842 33.20701906 33.2665750612 34.0056478047 33.5304274476 33.400648144 33.2344940055 33.4458308348 33.1203511881 33.3271891498 33.7462463741 33.5358662211 33.7914180876 34.3627133119 33.6970117218 34.2421653673 33.7405986886 34.2365874208 33.4570074367 33.3885324881 34.1385609373 33.3371273129 33.2725593126 33.3186977988 33.482085078 33.6514919345 33.0956136709 33.3234883933 33.3499556897 34.2493025641 33.5840941722 33.9209154744 33.1062914134 34.1086149532 33.9773453953 33.5846403223 33.9792095831 33.8472469554 33.1179235017 34.0462354308 33.6305373473 33.9404231556 33.4177555744 33.6425697925 33.3565260922
33.3848168171 33.7298676045 33.0589641817 33.9329206404 33.953188282 33.0940538078 33.3028385271 34.1103682121 33.0195834338 33.6050831839 34.4135416919 33.700828925 33.1509990312 33.2574384696 33.246289367 33.8259953179 33.4723119692 34.2015608949 33.7082164007 33.1546006839 33.4375345164 33.1374605743 33.3187931785 33.5686164294 33.2586133813 33.4718978883 33.1139284922 34.3294497383 33.3090214317 33.1507325732 34.0642730254 33.5020443447 33.644176831 33.708629038 33.4858304795 33.5137097555 33.5821519904 33.7908540892 34.2400995539 33.8538652912 34.1296044926 33.0893069405 34.2926449537 34.3046451912 33.5461233297 33.9646799034 33.4060105561 33.9104976857 33.5348186155 33.5990703306 34.0361507861 33.6999431109 33.2941295728
33.4813519686 34.3480609067 33.5629899552 33.5819170092 34.1865894756 33.2228724339 33.0196177275 34.3632215902 34.4118688385 33.1505110367 33.4202074562 34.2930237326 34.197523424 34.1541203752 34.1897828005 33.0328115832 34.2378135784 33.8102671503 33.2000340206 34.3089180034 33.9082722603 34.1572484708 34.1474698236 33.9478230682 33.7485733386 33.2700756462 33.1585042503 33.1019721289 33.1166191456 33.9496288924 33.694861223 33.2705685151 33.4947287375 33.218098244 33.674970309 33.4039483423 34.1051744577 33.4385296867 34.2035975818 33.7882234272 34.3228192974 34.3073833187 33.1529604256 33.170257868 33.2473444452 33.7077992166 33.3493126382 33.5029406491 33.5696136448 33.7419041295 33.0594166814 33.6551396633 33.0526650702
33.0303333205 33.3058435434 34.150310156 33.0944255903 33.8471303838 33.2939188616 34.3326867964 34.2242988627 34.3245468732 34.0296857065 33.6197624193 33.8891590891 33.7462009539 34.1746309822 33.7959184515 33.8785634099 33.8094754861 34.2308773328 33.9646172585 33.018350295 33.8147402883 33.6790160583 33.4537013891 33.5499383827 34.3504196273 34.2003498011 33.2423469983 33.2285869669 33.9068059772 33.6910057926 33.8801752089 33.0282724357 33.5931780022 33.3648125141 33.6055956554 33.5831212986 33.6391721617 34.2835170779 33.5310720487 33.1786609894 33.4323399511 33.9126357419 34.1189476829 33.869582055 33.6909140771 34.3920685981 33.7168928335 33.0273060251 33.7535824287 33.0902670454 34.0884618902 33.2570241562 33.917183806
34.1451482578 33.0361435167 33.3771110982 34.2241097133 33.1705958361 34.2542705102 33.2986162948 33.891429645 33.1906747047 33.2912981635 33.2484663227 33.4978674614 33.2060316107 33.8585496765 33.8824306328 34.295244567 33.5242074432 33.0551402025 33.5949863509 33.8532573227 34.301818771 34.1317521468 33.2754092089 34.1884017856 34.0925926638 33.5905086024 33.2724426207 33.3891996795 34.2557897511 33.5989620715 33.9887459641 33.4705978538 33.3337669225 33.4569095615 33.4699271199 33.2398331068 34.2510732413 34.3287651293 33.5638556531 34.2126221847 33.228115388 34.1027465765 33.28355157 33.2466321213 33.1894749364 33.5869994841 33.8849248039 33.2241884994 33.3559476592 34.1396438035 33.2772334368 33.15654876 34.2613595017
33.3711308121 34.0759619596 34.3221535561 33.4092423748 33.1686524278 33.5363139719 33.3814406859 33.3592807325 33.0548833968 33.7418663889 33.2250148697 34.0051014889 33.1090027728 34.1464995484 34.0508786597 33.7987508718 33.1465005271 33.5518100337 34.3880927906 33.8895982866 33.144889038 33.7750863615 33.4900787861 34.1936389326 33.5164589953 33.3610825977 33.2048833352 33.8912077718 33.7918124937 34.1127878032 34.0056623246 33.6264038242 33.6475794605 33.4329425462 33.3672415431 33.0189011107 33.5946745931 34.401507023 34.1504451327 33.1597699867 33.8913553972 33.0316307174 33.3525285494 34.3019818475 33.7467371191 33.9136840767 34.2159923124 33.9737407582 33.7256098003 33.4343805677 34.213987591 33.6802266757 34.2225737088
33.2299719163 33.3605674127 33.2274261429 33.3642841723 33.9893300191 33.8242116697 33.0645409922 33.8143609564 33.9392715465 33.3234341276 33.5401511258 33.6094463446 33.4306331315 34.3461441036 33.9622799696 34.0459595841 33.7453894766 33.5907188885 33.9626820152 34.0843436588 33.2890092767 34.1436440248 33.1547416155 33.0827066725 34.0472502037 33.709282859 34.1512367373 33.2449598473 33.4529032983 34.32004922 34.1552233807 34.302544331 33.6286497292 33.7198052204 34.211012985 34.379161106 33.5339541287 34.0403952633 33.9666501372 33.7076809444 33.3929050719 33.0940160619 34.4000984569 34.0677231356 33.8163388848 33.8153840276 33.2750145696 33.374036207 33.6883197219 33.3604597355 34.0111195631 33.7193942369 33.9019437692
33.0622913978 34.1729803771 33.9431065373 33.685723793 33.5073084491 33.1532614012 34.2467604464 33.7202795449 34.2898191928 33.4205078709 33.2410515649 34.2430410936 33.6116333825 33.912478174 33.7931715521 34.2777724881 33.9894683751 34.1509295192 33.912791104 33.9487059039 33.5117023972 33.9105277634 33.3076064149 33.7116796202 34.0928646476 33.6265277015 34.2444547302 33.094220205 33.1581383297 33.246285984 33.6936635171 33.2926743868 33.1091303556 34.0835994539 33.5630899017 34.0036599312 33.405758776 33.1423149885 33.5501256226 33.1031152993 34.0223485451 33.6707430894 33.9952009854 34.3490472761 34.3124622681 33.3405446184 33.494580003 33.4329716376 33.5725086267 34.394347852 33.2748260325 33.1287978313 34.2042349775
33.8579565029 33.320509021 33.8803981033 33.755250646 33.9397023575 33.2452743332 34.4092593495 34.4107397155 34.3457344304 34.3283085533 34.0877233849 33.5545620893 34.023152991 33.2314971878 34.1521328506 34.2352589184 33.1548573926 33.2374270692 33.8853654651 33.1960306684 33.7442847437 33.7024612524 33.0878012029 34.3537580529 33.4032956465 33.9572917469 33.8895361394 33.2615110372 33.9994921665 33.6006830143 34.3808867759 33.9836244826 33.9540674254 33.5828169447 33.5090550297 34.1152700443 33.4652442901 33.2152935859 33.801893418 33.2030750861 33.6040427164 33.0150042087 33.5022830441 33.622375426 33.4882331641 34.3771343559 34.1187708295 33.3579313932 33.5795343462 33.5498524677 33.496951518 33.5156335633 33.9614090707
33.2485468855 33.2860048428 33.4273695533 33.0629811906 33.6504427961 34.4100090411 33.6701565801 33.997854535 33.0696161995 33.6727929134 33.8318653265 33.5224005511 34.181779665 33.8020726396 33.9856434833 33.7648699131 33.9745028913 33.0161992356 33.5301128596 34.0097001548 34.2210505063 34.1093421404 33.6438199182 33.3588164739 34.2324948977 34.1575382771 33.4962413329 33.7763610733 33.734451712 34.1573648989 33.1571107227 33.6203711566 33.6995929553 33.4254844663 34.3274446849 34.2522392283 33.8190210475 33.1222038436 33.7303132202 33.0497458298 33.5859671357 33.3133267327 33.8347152996 33.8167814285 33.1282554055 33.3266172461 33.8482850829 33.9958311645 34.0636804363 33.7748013547 33.5436501597 33.5486474358 33.6783937124
33.3551368906 33.3245513596 33.2177731295 33.6774855661 33.7402198144 34.1023835709 33.5517479106 33.0176757841 33.5041479124 33.6627158526 33.9838023683 34.3613182013 33.7625847002 34.2738498456 33.5403223825 33.7063137431 34.0529230947 33.6143546948 34.4096629035 33.5409049726 34.1413959747 34.0122089149 33.3447082961 33.4674017257 34.1141847284 34.1711206422 34.2252846592 33.1887940173 33.6466561044 34.1804460595 33.3828362701 33.0788866511 33.2613658795 33.4569053814 34.2418502099 33.8066645282 34.0944078413 33.2991620041 34.2739984537 33.4448543104 34.3448875123 33.2658120192 33.5922013295 33.0933629469 34.1250782813 34.2962988202 33.9995054511 33.8739410682 33.0073688287 33.5769464004 34.0898075095 34.2785148578 33.5313884574
34.0474068357 33.0648149418 34.1443378629 33.3970646959 33.5010323154 34.2607886388 33.0557673334 33.2304665444 33.3973390192 33.9675190384 33.0934196825 33.1112493928 34.333496423 33.0185759705 33.5659922863 33.8486040291 33.6474110562 33.9965099917 34.1432494352 33.2579434825 33.555053053 33.3248392401 34.3045397169 34.0339742194 34.2246275066 34.403046768 34.2346829851 33.1955737864 34.3282407237 33.7789727144 33.146292633 33.3068537471 33.4241060354 33.2155344141 34.2687467688 33.8673327538 33.0310023986 33.1974966018 33.8603004348 33.78577042 33.3810987402 33.6164973035 33.1626540675 33.5556878117 33.9510618487 33.0934495492 33.1136218573 33.1925997973 34.2605336865 33.9569437316 33.6776963815 34.2996772988 33.1485637711
33.1896676372 33.3063731494 33.6984330951 33.9768631365 33.8892827376 34.0461927562 34.1961475046 33.2647549755 33.2346669325 34.1373296537 33.4672197937 33.926163921 33.7279953305 33.3111892742 33.713423839 33.4604421588 33.2739679036 33.2694991611 33.3882426241 33.0331571798 33.1784097085 33.1434040924 33.2682019163 33.5721481125 33.7601733892 33.6919453979 33.0953883502 33.3370012877 33.2281907872 33.3863466078 33.6673736069 33.1025508502 33.705292636 33.5347124127 33.444969654 34.0675799374 34.1772500978 34.1571822721 33.8078006793 33.132139457 33.6791193757 33.832247529 34.2635130446 34.0980426968 33.180566389 33.4900648342 33.0650536545 33.4703393497 33.2564463034 34.3033946856 33.4225865435 33.9288310866 33.2177914029
34.3247425479 34.0699160635 34.2698014809 33.0585171991 33.4859968074 33.02609159 33.772505622 33.4467060575 34.2580796167 34.0902129571 33.9695505725 33.2582050801 33.3541814971 33.5572661428 34.406604242 33.1163405225 34.1553859651 34.2572312061 34.0936090969 34.3272305186 33.0718427515 34.0192611167 34.0000072001 33.7395752392 33.4747357723 33.4407443327 33.0257010352 33.4288380602 33.7552794156 33.0605497702 33.6763456979 34.0225276521 33.6569148924 33.9766138667 34.031007605 33.2266403397 34.0344506402 34.1286124426 33.1635539474 33.4419714949 33.2291857683 33.4910440212 33.3581858689 34.3396659269 33.4497724326 33.8850269418 33.8610179948 33.0450718687 33.9381644634 33.715712875 33.7432126648 33.3338936224 33.9191133779
33.1089226266 33.0690413469 33.7332626705 33.334113086 33.9703593718 33.6235733047 33.3642666492 33.0578559508 33.6949177952 33.0769158464 34.1810827929 33.1598378951 33.2577666742 34.2433209664 34.4065281499 34.1920326309 34.1905314881 33.6812296725 33.0414365371 33.0130451878 33.8906238233 34.2987368269 34.1664976869 33.4649277199 33.8653632274 33.1532362031 33.0715959902 33.4759735742 33.5151739347 33.9434656606 33.8361336492 34.1948645192 33.3951570265 33.7137016428 33.7299612674 33.4283880229 33.4423024792 34.2698213992 33.2427748942 33.7243786664 33.9620447981 34.1375393925 34.0886768099 34.3208931025 34.0390182039 34.1234857711 33.8985840413 33.4999113826 33.5767677243 34.0741050278 34.401188813 33.6305917936 33.536382564
33.3629343891 33.5499744565 33.5877722333 33.87933879 33.8587756329 33.1655671816 34.0182638992 33.374858456 33.6525806361 34.3687853981 33.9858281708 34.2075349337 33.53934574 33.2899028314 33.6340316606 34.2923693051 33.2178271528 34.2312055391 33.8650484846 33.8340258387 33.8365319374 34.3325639782 33.6916518209 33.778798446 33.096628625 34.033199977 34.1655960703 33.966901727 33.7932489699 33.719463456 33.581059531 33.1052325199 33.3587172817 33.3561130079 33.434484126 33.0879681597 33.4905332266 34.1552069528 34.4037972135 33.5800691467 33.0404840243 33.0246769994 33.779247642 33.4938855414 33.6750669569 33.5542095229 33.3112644389 34.3363728465 34.2085969363 34.1018918669 33.2243597313 33.0972655818 33.5182729301
34.0493492669 34.1444737519 33.3541381909 34.3705845042 34.0424646857 34.2009516818 33.6654392099 33.60964396 34.2982049471 34.3696835186 33.2250532431 33.5962415008 33.6449053193 33.796586869 34.1353633628 33.0860074933 34.389970855 34.2585935182 33.224384016 33.5033933725 33.84042512 33.6525206592 33.3659562028 34.0978353622 33.6140406896 33.4920956506 33.72996049 34.3571245575 33.8507516055 34.3999679086 34.1755807483 33.6199486887 33.1341121626 34.204529506 34.0281752345 33.0224592523 33.836631572 33.561663152 33.0130289999 33.7470621685 33.7534399844 33.2437709951 33.9419677807 33.1952552638 33.013057474 33.6426487085 33.3156198209 33.4325781116 33.4016439757 34.2525738323 33.6121725565 33.1845511144 33.2453592516
34.1891361962 33.6980800651 33.2536784073 33.5613407484 34.1847099848 33.0823959216 34.1670923976 33.387782601 33.6308866545 34.2538196284 33.1908516672 33.1187026604 33.3809914488 33.5275883396 33.7153492436 33.0911147528 33.1706863273 33.9632504149 33.1634238678 34.1949423572 33.4824192775 34.1308208102 33.2153815081 33.8283761682 34.0595742038 33.7678987236 33.2794035217 33.6665714768 33.0505447423 34.1859306596 34.254703472 33.4241588173 33.4350773459 33.0414203468 34.0783243154 34.1146873909 33.7958534393 33.3123963725 33.9763520977 33.0665971444 34.3373898494 33.9755599397 33.2041623609 33.9611860542 33.2440075468 33.8061264143 33.7456537983 34.2282171076 33.1648098714 34.2476497918 34.1078815448 33.9724714527 33.4557774739
34.1041742382 33.0707972925 33.1679160878 34.1714898811 34.0449071124 33.1149446474 33.8284521058 34.2075567739 33.9655449321 33.5535330321 33.0454202173 33.9981621341 33.5329678569 33.8751836571 33.656112679 33.6708143183 33.0056046921 33.1435717688 33.5770367398 33.8930383533 34.0390348876 34.0066452537 34.0688158804 33.8322329694 33.4549171085 34.3712368567 34.2692381318 34.374505543 34.265217431 33.9987472536 33.0745185496 33.397803424 33.1986488474 34.3025076055 33.4141395192 34.3490461151 34.1480758564 33.5134606189 33.0845408347 33.119700018 33.6024268546 33.1025397779 34.1642888193 33.3377582194 33.3828462817 33.4928924776 33.6168919642 33.5279874227 33.6581354259 33.5312301899 34.1440782422 33.5903919655 33.7950081341
33.8997254319 33.353709994 33.3743352711 33.1841597652 33.711093366 34.3691676972 33.9742100156 34.0594278097 33.3513983619 34.1228110905 33.7391191114 33.2764603303 34.0483059512 34.2342592765 33.3120965875 34.1081503724 34.4035458541 33.6982290201 33.7165963188 33.690985426 34.3925182246 33.8167159494 34.0923603427 33.4039995698 34.3354333313 33.7974479938 33.9654484558 33.0500056729 34.1661235055 33.8279524402 33.4722229911 33.6708238892 33.5239163616 33.3058578814 34.0154493296 33.4309114482 33.5271088822 33.7616394396 33.4437895433 34.2973041659 33.6172764696 33.1963436292 33.8973807803 33.0954972358 34.2703087411 34.2155342157 33.5297420373 34.1192495022 34.3540812758 34.030926261 33.1184961224 33.5197524541 33.3014682986
34.0104039385 33.1133500249 33.6251915995 33.4414877015 33.9787968629 34.2167153805 33.455098791 34.2730003524 33.8694974065 33.9298246894 34.3494232104 34.0784903327 33.8161916235 33.5031266095 33.4322996144 34.0671838132 34.1641725859 33.0424407585 33.3563744041 34.3166095347 33.2580798782 33.7926822776 33.5641632412 33.0856302924 33.499065501 33.9229655332 33.5750667948 33.8523753089 33.6711945534 33.1167809989 33.180538753 33.6338274662 34.3080329986 33.5470480942 33.7005787482 33.6808319314 34.3097872699 33.1378807583 33.9160926501 33.1573517972 33.1478466173 33.2997488453 33.725748999 33.9277922194 34.0539363265 34.3045888886 33.3769435642 33.5259044499 33.732824893 34.3910982949 33.0289823377 33.4726840862 33.2711257962
33.9378195265 33.7137162131 33.1114477347 33.0659841949 33.2214575742 33.1518353689 33.8468844093 33.163822422 34.2338664718 34.2837693504 33.4894045463 34.231665208 34.0515511483 34.2247441721 33.0424140738 33.4837616054 33.1570135111 33.4456405474 33.6865548517 34.233472952 33.6091252225 33.0582871104 33.0165182693 33.2570481589 33.8309868931 33.7062724595 33.1156475069 34.144638597 33.9775574035 33.7913753292 33.9183868915 33.1182064892 33.2528226658 33.762417755 33.6170164904 34.2005568389 33.4903173737 33.5218733195 33.3392571398 33.5832454685 33.7501974784 33.9552362044 34.0172597106 33.8122424855 33.2709134341 33.2128513132 34.0803740692 33.691317644 34.2946021288 33.6031302796 34.2171164537 34.2228009802 33.990843686
33.634016768 33.3691771499 33.8529002762 33.8390504844 34.3926222231 34.0613019132 33.6315843076 34.3002861919 34.3563513683 33.0146162005 33.8739378025 34.1730294286 33.2300426465 34.1730262559 34.0891503449 33.3005298796 33.5505799558 33.0838328178 33.8768603924 33.5366565362 34.2948850826 34.2100878629 33.6846396422 34.0041622338 34.3824291524 33.1729566537 33.6806776597 33.9823049401 33.6214163078 33.15717954 33.9024484654 33.4108106434 33.3994469357 33.8441334208 33.8589949365 33.8868828518 33.0757191334 33.1361066158 34.3968555141 34.0882628253 33.0835817775 33.0455978012 34.213516901 33.6713444084 33.2027735718 34.2313264415 34.2913626618 34.2725416151 33.9184872433 34.0134567099 34.0341448786 33.6450038762 33.901181926
