Spatial_Output/90% DEC/90DEC_0348.asc
NCOLS 155
NROWS 192
XLLCORNER 196769.923733
YLLCORNER 449719.875193
CELLSIZE 27.603701
NODATA_VALUE NaN
[rows 92 to 114 of 192, columns 0 to 52 of 155]
0 0 0 0 0 0 0 36.868868611 36.1523864882 36.5136969815 36.0643598871 36.8876933938 36.822516523 36.5798428078 36.8762149536 36.6124545423 36.9599102281 37.3002236495 36.949458289 36.1825939143 36.3362476177 36.2618468972 36.0955970198 37.2967209663 36.1471752804 36.9306529456 36.4916326597 36.0726161935 36.7186359666 36.3256884094 36.483474072 37.3766043541 37.2344428138 37.105309549 36.0555630781 36.6882864624 37.2304943342 36.567259108 36.2108191222 37.3706353366 36.6762826988 36.4427714611 37.2177352118 37.090447742 37.4105346325 36.7463825377 36.8846577676 36.6434813641 36.7901400417 36.9342610545 36.9181761852 36.0795358736 36.0104828836
0 0 0 0 0 0 0 0 36.9686083074 37.1387888372 37.3548150494 37.2997365326 36.3798358 37.0885510934 37.2337433767 36.3921170405 36.5102621059 37.2756509246 36.6741174187 36.9843878566 37.1474564999 36.5873958925 36.9933614843 36.6372234467 36.2463877249 36.4353721932 36.8958437941 37.0519138232 37.1161238799 37.0208894447 36.0624890061 36.8496677628 36.5562007633 36.310934919 36.1964629847 36.7240287519 36.2479667425 36.075933243 37.1134626839 36.606991851 37.3499150974 36.8679743231 37.3558148293 36.0182364031 36.6553247113 36.6056041766 36.1452655949 37.0023438721 37.1988073771 37.1332360606 36.5341984912 36.8477175628 36.7119964339
0 0 0 0 0 0 0 0 0 0 36.7599477278 37.1251796392 37.2018250232 37.2463757002 36.154789385 37.3990442271 37.0142306555 36.2489616372 37.0885727751 36.9325663459 36.0780522289 36.0238354995 36.7586905847 36.9812716676 36.3975034273 36.5298136056 36.6458019495 36.1351102754 36.6680066227 36.8607235121 36.5732377112 36.653340044 36.3521206488 37.3741612977 36.57964437 36.4504633371 37.1123046489 37.1409741722 36.6831440854 36.4872497896 36.9461138766 37.1538668334 36.5394395195 36.0801107437 36.8930708842 37.3299682937 36.2285738196 37.2415540089 37.0495406799 37.0491516241 36.3037850216 36.3009041359 36.2122096972
0 0 0 0 0 0 0 0 0 0 36.0136527144 36.626917655 36.2741806307 36.3330859296 36.0023226082 36.4945309584 36.7222825841 37.2689492679 37.3800478561 36.8498000943 36.6439329731 36.5587105189 36.1579381949 36.771694653 36.5008734293 37.1816684161 36.4995780368 36.4596530356 36.6867694636 36.1047880146 37.1026647485 36.4883833893 36.6809141595 36.6101540793 37.1123677715 36.1524938852 37.1775683402 36.3114250414 37.3527235112 36.2010119182 36.0132196461 36.4820406066 36.6290134104 37.2449048596 37.2356959677 37.0497770532 36.4255428648 37.2978421637 36.424730702 37.1409276391 36.6939766468 37.0785295898 36.7082921602
0 0 0 0 0 0 0 0 0 0 36.2857034593 36.4904473338 36.465612877 36.2307998436 36.860122798 36.9443962094 37.3221498514 36.6158958189 36.7765806106 37.2235604894 36.2514841138 36.1205415431 36.8073898968 36.9284283428 36.2306410057 36.8494340826 36.5989286096 36.7470167939 36.5673605536 36.0248957231 37.0367917165 36.6062940045 36.2649562912 36.0983569501 36.4176734405 36.7561039366 36.4155516209 36.5439389132 36.5913784916 36.9388633232 37.3159431385 36.9779573109 36.0505972392 36.2707954447 36.0139507797 37.044853713 36.3939930099 36.6888690813 36.5159504753 36.9414345017 36.393701467 36.2408649677 36.080730756
0 0 0 0 0 0 0 0 37.2624082067 36.5088506314 36.0940566728 36.2123444973 37.33309443 36.0580149273 36.514590061 36.9915340317 37.3125079713 37.3354525625 36.4532941398 36.0713147234 36.89360787 36.1689168425 37.1505932122 37.3915355089 37.3121589342 37.3192537271 37.1489318471 37.3231512555 37.1902081704 36.8059869519 36.4723314627 37.0552344311 36.5492293758 36.5591557468 36.8687913983 36.9758554215 36.2535246028 36.0224932975 36.5807204763 36.8137278901 36.9487867829 36.8917977034 37.3341172138 36.3697221881 37.3298646275 37.2343981883 37.1530490566 36.4695667793 36.482474311 36.6578814581 37.2883419381 36.3299010407 36.1389159838
0 0 0 0 0 0 0 36.7343605034 36.4742331773 36.7697016232 37.3484783795 36.3775408078 37.2920802898 36.2968485066 37.0617353911 36.9388295695 36.6245910828 36.7963092275 36.2477940788 36.8753119779 36.9634974549 36.4192417957 36.9901503803 37.1888055906 36.0029615623 37.227102111 36.1354588957 37.2247205705 36.6696813887 36.7548183311 36.1291622143 36.9819813183 37.4123813163 36.3403212741 37.1638798226 37.3917296047 36.6916289404 36.9951119696 37.2403132138 36.9567701022 37.0221745989 36.7803106124 36.4684672217 36.4703721249 36.898684611 36.0797216663 36.6453478696 36.4223966754 36.8415393771 36.9074980683 36.2747917705 36.8624702317 36.2730246017
0 0 0 0 0 0 0 37.3378617616 36.2003842759 36.4857876549 36.6925991916 36.6561037996 36.5308569943 37.2007131674 37.2016048444 36.6964829634 37.2612543386 36.4676594039 37.3652171102 36.124506627 36.1580932761 36.0776490283 37.4013198331 36.1199308658 36.7887753777 36.7343883635 36.6717145365 36.366063483 36.1217804231 37.1848967815 36.9537791123 36.8994791756 37.1717551878 36.0197740501 36.1148812848 36.1605525266 36.4489647054 37.2649906135 36.1230733352 37.2582675586 36.9837128782 36.655402223 37.1960705772 36.1136199469 37.3066824519 37.0252651438 36.6199457133 36.1764869503 37.3618408028 36.4236102568 36.0113613889 36.0326664469 36.7055115503
0 0 0 0 0 0 0 0 36.4357839413 36.0480599729 36.817507253 36.6088372328 36.8966748627 37.240411346 36.8267606069 37.069005058 36.5106121986 37.3045136629 37.2211965431 36.4809924287 36.6498153907 36.3516681878 36.0818568434 37.1331807798 36.6648247239 36.9539605242 37.0069929301 37.0150294078 37.0273932982 36.0920074552 36.0269168788 36.8200377827 36.5503092516 37.23901088 36.3428907756 37.3849378371 37.2160004807 36.3786165035 36.0082248277 36.25924294 36.5397026556 36.2600019302 36.875868431 36.7932179057 37.2623551707 37.0749340645 36.8427091558 36.9984777461 36.1478025285 36.1671176679 36.6549530202 36.7699193563 36.6867618465
0 0 0 0 0 0 0 0 0 37.2660313401 36.6348544098 36.9489770909 36.6790176562 37.0466349187 37.1454215217 36.1128527293 36.6052978107 37.3784505934 37.0455392921 37.0606064286 36.6217325762 36.9401375952 36.557452512 36.9621066572 36.7729536289 36.7426611687 36.616856036 36.2893850492 36.6293983194 36.1757045005 36.6047361232 36.3407611195 37.0330739426 36.5353981968 37.0944804649 36.4087059773 36.013835242 36.2702339879 37.0227687944 36.8713044788 36.0165045565 36.8189721974 36.7216267648 36.4959163065 36.5085193672 36.409497463 37.2626216091 37.3639157076 36.923771832 37.100771793 37.0395620754 36.5700959777 36.1914592149
0 0 0 0 0 0 0 0 0 0 0 37.0852508968 36.5367331429 36.7336788903 37.0165949566 36.3436967003 36.7659871009 36.3157252694 36.7387213566 36.4935726311 37.2329671934 36.2428838608 36.8276874553 37.0267311335 36.5852901554 37.0410017077 37.0338748026 36.2270070666 36.3693376641 36.2211850907 36.0361498708 36.9520051471 37.2827178066 37.4074547266 37.0774794124 36.5083770704 36.3865543022 36.9571510201 36.6122394269 36.601478763 37.2512955064 37.3439668707 36.7057843727 36.6233236273 36.1557448403 37.0741373131 37.0866438266 36.875828459 36.963149285 36.6802495941 37.2056828321 37.3763501779 37.2501881931
0 0 0 0 0 0 0 0 0 0 0 0 0 0 36.1686028839 36.17416802 36.7692589269 37.0543407492 36.0188180063 36.7989128035 36.1941445907 36.345515276 36.2868673728 36.9271203447 37.1536245064 36.7831623634 36.5148420773 36.9170818835 37.3099396904 36.0118789983 36.3084534947 37.3755681557 36.6240818476 37.0765057081 37.1484747104 36.3232269641 37.1722997028 36.160664536 37.1298737075 36.0686006337 36.3644429367 37.3738203254 36.2564310283 37.2898911187 37.3990426461 37.2585271765 36.6810942975 36.2052079686 36.5549907138 36.7379480249 36.1718761554 37.2300114864 36.8232217639
0 0 0 0 0 0 0 0 0 0 0 0 0 0 0 36.5501876878 36.0478927546 37.1884974848 36.3369690347 37.3688876879 37.0059426573 36.8174864902 36.2918072343 37.2269903652 36.6508693334 36.1098050049 36.0273599843 36.0265486805 36.5186899521 36.6799908086 36.1919862735 36.2577392231 36.7850152889 36.2524104555 36.9074408086 36.6988385446 36.0313539159 37.2840213146 36.9527144596 36.675556327 36.0136222115 36.8039305044 37.1709409643 37.2615668043 37.0755443767 36.024631409 36.6496842443 36.367571833 37.1979668909 36.0867828489 36.1644253136 37.3240849996 37.0418852918
0 0 0 0 0 0 0 0 0 0 0 0 0 0 0 36.2084294283 36.6772462179 37.2793124999 36.9331484838 36.4324252552 37.1019029416 37.1078695951 36.5177031444 37.0936334093 36.98478732 36.9561655492 36.2502574067 36.1977937561 36.0679137354 37.1834185271 36.1348229188 36.8725048774 36.2891061533 36.7956630238 36.7211683469 37.1346184908 37.0444105362 36.4205198165 36.9469037759 36.5735033882 37.2100655203 37.2373792921 36.3509785197 37.3888588201 36.7045725237 36.7967565369 36.9245742216 36.5065303539 36.1242962427 37.01224197 36.400656544 37.0947607637 36.6104475385
0 0 0 0 0 0 0 0 0 0 0 0 0 0 0 0 37.3272799802 36.9265886172 36.772792125 36.5541338959 37.0543040185 36.3143718346 36.4861651241 36.0174728892 36.5631321835 36.5323543225 36.312506158 36.4973328975 36.5742142266 36.108739105 36.5109301952 37.3846584101 36.3560559934 37.2999497367 37.1685967931 36.2427993354 36.7171548943 36.7371467378 36.8795565965 36.8601946161 36.7446913038 36.7371224533 36.9639168413 36.8054692517 37.2002246679 36.3397150934 37.037014153 37.0665298899 37.0117268934 36.3778210456 36.5995677768 37.0649623934 36.2028523563
0 0 0 0 0 0 0 0 0 0 0 0 0 0 0 80.1834283549 74.7075813343 76.5129823566 36.2115828001 36.3161382079 36.8084777231 36.8270553864 36.1624500924 36.1996986314 36.0852813319 36.5794460972 36.4774468083 37.3863017622 36.5621463464 36.5167919792 36.2268863482 36.1435238409 36.4950378819 36.600660142 37.3866607958 36.9046949727 37.2422509977 37.2523291594 36.9618774695 37.0217357874 36.8153136143 36.5008166046 36.2621486776 36.0696727403 37.3308613578 36.1759255507 36.8297748061 36.2702393169 36.0450240548 36.0637119703 36.0065546154 36.3164053163 36.3231708472
0 0 0 0 0 0 0 0 0 0 0 0 0 0 72.4439560294 76.6680315554 66.1006312941 79.8109563283 37.4020408528 37.2945290329 36.1719108784 37.2317236858 36.5749844546 37.3497681254 37.1035083274 36.1075316094 36.8160103431 36.4709671537 37.4130700769 36.6886097657 36.6648905916 36.6445435617 36.8405169888 36.4557815299 36.8590824661 36.4715400606 36.6965721093 36.4956731786 36.6433048964 36.3627547871 36.1818427892 36.9255042702 37.2079335266 36.1584032363 36.6832294264 36.9398372396 36.2037861778 36.6762319435 37.106779389 36.0523803718 36.76163315 37.3296067971 37.3440302673
0 0 0 0 0 0 0 0 0 0 0 0 0 0 0 75.2680208263 73.4919569727 72.0651226767 37.1230037782 37.1215752956 36.604892802 36.3212236004 37.3930899626 37.0972029284 36.300672739 36.4110281669 36.2115477777 37.2660902616 36.5844853437 36.6161722601 36.4682640982 36.1249466604 36.7252720634 36.0669922349 36.0620482227 37.1489758236 36.9427228371 36.3514493744 37.1193529573 36.7389393821 36.3058701707 37.2784515257 36.1276835808 36.0110640424 36.77927343 37.035834677 36.3308516195 36.7506877269 36.5174091613 36.6129780763 36.795530431 37.3366716357 36.8368403152
0 0 0 0 0 0 0 0 0 0 0 0 0 0 0 0 0 37.013530496 36.8427834661 37.1495184191 37.2894261048 36.2104552491 36.8835638956 37.1737271343 36.822488254 36.2090316893 36.7272815054 36.1998379152 37.2494598518 37.1757858551 36.2172373888 36.7880839709 36.8395287716 37.3436584195 36.2556064742 36.9715224755 36.5456421439 36.5082990489 36.9152387239 36.7897989667 36.5576740111 36.8998341023 36.2498715459 36.2810152315 37.2833820078 37.1315381932 37.1540121316 37.1118954024 36.7107362205 36.9486850009 37.2291528559 36.2200164982 36.065161536
0 0 0 0 0 0 0 0 0 0 0 0 0 0 0 0 0 36.8212074027 37.3730545742 36.6404149686 37.3596131018 37.0083422611 36.4266062061 37.1557105087 36.3811994012 37.2236021026 36.7208583711 36.9761617645 36.5357130886 36.4611589658 37.1990881573 36.4923132741 36.4646245434 37.053844296 36.6649326533 36.116532556 37.3666971253 37.3666918395 36.1454792764 37.3755627612 37.4122191624 36.1034327017 36.2581016715 37.1758448978 36.1510880647 36.207051203 36.1601897687 36.6451599701 36.6079030394 36.8896927928 37.1307750459 36.586189961 36.6279705609
0 0 0 0 0 0 0 0 0 0 0 0 0 0 0 0 0 0 36.6821873425 37.013558465 36.4319885269 36.1564758631 36.1376415876 36.8248800661 36.0595963083 36.5712578707 36.6854251719 36.5954565001 36.8198420296 36.0649469401 36.7669287885 36.7629327469 37.1388281827 36.9164802446 36.9085117118 36.9100298002 36.1006430817 36.5970291785 36.8260217256 36.6526395383 36.3330074657 36.737244462 36.9089430583 36.6298805352 36.6456319533 36.2063228534 37.1357629903 36.1435316868 37.1053922733 36.719158039 37.0918638296 36.4170927837 36.2609188233
0 0 0 0 0 0 0 0 0 0 0 0 0 0 0 0 0 0 36.925903574 36.5580195326 36.7313790624 36.556758259 37.1312186886 36.3051721705 36.3888954634 36.6468115531 37.2448672292 37.2948794702 36.2489150294 36.5163175478 36.9184594405 37.1506534703 37.3079630862 36.7417975978 36.7450412927 36.0553510669 36.4922236587 36.2596661393 37.3729687511 36.7218518879 36.752108515 36.9981613773 37.1231938488 37.2645558252 36.5193907697 36.2722591043 36.3594205959 37.3665962013 36.503807763 36.6991354647 37.2925003367 36.5763017446 36.4099455424
0 0 0 0 0 0 0 0 0 0 0 0 0 0 0 0 0 0 0 36.5819224954 37.0855281279 36.6409045349 36.9194593403 36.7589070971 37.3680048138 36.2273768395 36.7222435853 36.0645618707 36.4602661111 37.1523564754 36.7096482 37.1585495509 36.1055679532 36.0997232389 36.9509009899 36.767079272 36.1255663084 36.3622331857 36.9136228745 36.8244127576 36.3159078897 37.3514122477 37.016696705 36.9398688405 36.0338043682 37.17652969 36.1371095008 37.3737698777 36.9749072728 36.4662448653 37.2748266399 36.416951909 37.2370317214
