Spatial_Output/90% DEC/90DEC_0728.asc
NCOLS 155
NROWS 192
XLLCORNER 196769.923733
YLLCORNER 449719.875193
CELLSIZE 27.603701
NODATA_VALUE NaN
[rows 46 to 68 of 192, columns 0 to 52 of 155]
24.8842958383 23.2338337789 24.779156942 26.1528677896 25.4858120833 26.905938825 26.5296993472 23.5400325566 23.529374715 26.5738221497 26.5679136737 27.1407134981 26.0991968562 26.3702857869 23.9963987877 26.9239161701 24.2905771318 24.5055340233 24.2938195649 25.5911954573 25.4609866027 27.1956635316 26.2028705887 26.3353365258 27.1691359739 26.649439654 24.5563773593 25.6874675263 24.1530274576 25.0988426279 25.6082678384 25.923556784 27.1768758793 25.2469305612 23.1214122019 25.7389954863 24.3039361156 25.1474223914 25.6893644025 24.4708803763 24.3463846454 25.2954974541 23.2682971964 25.1964015701 25.303859939 23.5662243377 26.3051206027 24.036304356 23.6305084805 23.6895032598 24.5693788023 63.2248374937 63.2248374937
26.3746432154 24.0136013553 26.1753185255 25.420325169 25.9703631022 24.5836399758 26.9718057175 26.8390892016 23.0805406467 23.4603535176 26.104497012 25.2002151124 23.4406405029 24.3293776626 26.4465361903 25.8185801761 25.5590626053 24.9362015531 23.2305567563 26.4131930278 27.2142478158 24.1423754356 24.941636486 24.0146439695 24.643725396 23.3372806448 23.3228783463 23.8826313317 26.6978717393 24.0303540717 23.4167876053 25.2891636061 24.5619827879 26.7175195426 27.2379610656 25.5778299147 23.6192568677 26.7913458211 23.0220213634 26.9512719023 27.0921167543 25.6276458604 26.2443814188 24.4745854595 23.5235365732 23.5928880611 25.0950004738 25.6778074899 24.7559524777 25.8674038412 23.0622689612 63.2248374937 27.0578621241
24.6352076716 24.557020149 26.0682327457 24.6160098236 24.9496995893 24.764600633 24.4268122443 27.1547341318 26.63736373 25.7553657474 25.4410226477 25.9850392869 24.9151066014 26.0182881373 24.6396230082 27.1505404313 26.0732773386 23.5041009351 25.1842475321 24.7400416133 26.2080693692 26.6258318545 27.1962529824 23.27119534 27.1292066436 23.5825075665 25.3565698193 27.18304251 23.7272923892 26.1665081577 24.6450560769 25.8347187689 23.1908737203 27.1685355596 26.7336059513 26.5764228649 23.227285234 25.2129601091 24.9969679965 26.9455471648 24.1810161749 23.3302159067 23.9045774965 25.902357711 26.1809257981 25.7498796673 24.4989441261 23.3935659123 26.8366021277 24.1203905843 23.9826051698 27.0260718384 23.0306851207
25.9715683716 23.0158946504 27.2341272419 26.7280388285 25.2021803722 23.3224138628 26.3395309685 25.7444174829 23.7058777579 25.7343958407 24.6130321257 23.157259433 23.8451658367 23.1416749018 25.981284752 26.6323242201 23.7703185611 25.5059614182 27.2250655247 24.4688460799 25.0896249592 26.7810434747 26.180431427 23.4663853096 23.8036257609 25.4064625928 23.4303359785 23.9097716275 25.1166918141 24.3225131276 23.0588786155 23.4304214509 23.4870538609 23.6410001399 24.0085363438 26.0169652231 27.0120451751 25.4333732444 23.803406043 27.0355385202 23.7836943581 24.1450011068 23.7834882074 26.9527754943 25.2112622018 27.0965841498 24.0538867682 25.1233478471 25.882400062 24.2017622192 23.8259532082 26.7522094138 25.8243351238
26.3016392741 25.1331219653 25.3944227173 23.7567758733 24.8487764944 24.2055687587 26.6076082123 26.8820616657 26.9024313468 25.010404064 25.6226383997 25.5046356479 25.5292677664 27.0010306346 25.6577634759 24.9026227747 23.5670206986 25.4622289908 24.6534082274 25.6079690009 23.1883759634 25.6639963404 23.1599327293 27.1163584831 27.0935968374 26.970535608 26.809809709 24.4666784342 26.4372321556 27.1845486869 26.5562532063 23.0266359423 26.1155331753 24.9931406157 26.2805837005 26.7047348831 25.2904946921 23.989366917 23.0137460001 23.6582945278 26.4842794336 26.0379247542 24.7966289631 24.2293823802 23.7946067011 25.0994017993 26.1316777413 24.7575396058 26.3781034887 23.2418204093 24.4429168941 26.7478041694 25.9628721118
23.260698443 26.5512175583 25.9321702806 25.8973600945 23.7495846726 25.5173869631 23.0204384083 25.1238755253 26.395061256 24.7862598535 24.3942918091 23.5849145078 23.0623801989 25.9217499208 25.1065700921 25.7497706526 23.7792293193 24.5811853365 26.491455014 26.5732694733 24.8550070882 23.2224497445 26.7748323172 27.0885413156 25.5848000193 24.8231449463 26.9806718168 24.2261378417 26.3100783387 24.0127076389 24.9426607096 25.1626541124 24.4344104545 23.9674406043 26.8641298546 24.9475875519 23.9874655931 26.6574802643 23.7679849438 26.5733712821 27.0863696748 23.2033305004 24.5988501279 24.7666955649 23.625143626 23.6542700568 26.24029584 26.8423390923 25.1056578007 26.7062909819 23.0867111455 23.1950616733 23.1371971414
23.3307212627 24.6226401398 25.9428628186 26.0957597455 23.0056151887 25.9921338244 23.3926215148 25.4562998514 25.6632159773 27.0761720259 23.502510766 25.8882741812 27.0272532935 23.2216109197 23.7819181921 26.6337904684 23.8555181435 25.4510797335 26.4124716984 25.8565146846 25.4740075925 25.1213506614 23.7158598036 23.2336717015 25.3816300438 23.4302040684 25.5420766787 25.6899052723 24.8720282158 26.6501839774 27.1657929099 26.8975322153 26.9864291089 23.9698488978 23.4582924278 23.6237600502 26.2488008083 24.7943917387 24.2526661115 26.3581944182 25.8827133238 26.9101231381 26.8276739603 23.5078257019 26.5849583627 24.6164786353 25.4713629007 25.3953393403 23.1661182404 26.0288039956 26.0574917664 25.5881562987 23.6588657958
23.7941200084 23.4704019766 27.1324603691 23.0923311449 26.799865347 23.1750044296 23.759353455 25.9160878755 24.3574273819 24.3815771428 25.3229843332 23.8165695308 23.8382281711 24.4828834292 24.0285891407 27.1598041056 25.3465278918 25.2624306568 26.0986210224 26.216561358 25.611393307 23.5533704393 23.9843414858 25.0876724581 26.4329245879 25.1288350201 25.8764087243 25.575831317 24.5450852257 25.1994098326 24.2509379406 26.5852430254 25.3194243839 26.9228974873 25.7086499067 24.8307905481 26.7087375854 26.7480466048 23.4308392187 26.0399776914 26.2528301732 24.0997133638 27.0084218936 24.9255280039 26.7317689611 26.2674852795 24.6773422828 26.5760606663 26.7905249388 27.0564730104 23.5783459151 27.2014034295 24.4678437748
26.2990266906 24.4186955875 24.7812992029 25.4882811297 23.2229254175 24.4132468622 26.3060823519 25.3453668946 24.166752932 26.8240854909 24.273524509 26.867083848 23.9174137286 25.4626682808 25.9235495419 24.8256894785 24.9973701348 26.5643680002 25.8188910173 26.8347369935 26.079557928 26.9998959974 26.7111500874 27.2268955017 24.8155414673 23.9880615556 26.9017975109 24.8181750242 25.5638576131 23.7100876613 26.0286594069 23.8897265239 24.9529602064 23.7600272311 23.6525342365 26.6321452373 23.4843672397 23.8997922616 26.0801207066 23.7219418728 26.6862906707 24.1540480818 24.9713101123 27.1959763897 24.030276239 23.8090124308 23.2085427286 24.5599180784 24.0984705396 27.0029668211 23.9736513713 26.111423127 26.9902867267
25.6192208368 23.1285758345 26.2883972926 25.5073570487 23.1617874315 23.1431133938 24.5754303389 23.8328509951 23.3892842182 23.1711546857 25.6454314933 25.5001615653 23.381326822 23.8042912225 26.1966909326 26.5300390979 25.6948184812 24.1379386932 25.3553313854 25.2342233301 23.4698451749 23.3441479431 26.6295472294 24.3890159468 25.3991807869 23.3760393264 23.9371801336 23.5993040796 24.6654388055 26.4690894923 24.7186470261 23.7390821038 25.2625636018 26.0967607098 24.8445835797 24.6979485159 24.7005523726 24.7478110659 23.8083874083 23.5153567061 23.1717691414 26.1745928718 24.2143239448 25.1320058877 25.1435469722 26.7222522525 25.2765516269 26.761622948 23.9094621206 23.5840083913 24.0193157624 23.604175289 25.318802949
26.4004145201 23.9504213705 23.7867741422 27.0437175031 23.7435849116 23.0625016242 23.4440360541 27.1913372665 23.3767001988 27.2367760993 26.2839077378 25.6958342145 23.5267891577 24.3426378109 27.0629700717 26.4162432831 25.9275545113 25.4947313639 27.0292804344 26.2581701964 26.0989397122 26.1549434066 26.8637730122 24.0358937788 26.4904906453 23.8256615676 27.20923539 23.5659214686 23.1897752199 24.5867487173 25.1021831372 24.3814042346 23.9662954661 25.0367792722 24.826280358 26.5678975108 23.0381432438 25.6706854346 26.896406635 23.4288956109 24.7657715923 27.1129585913 24.66228697 23.0390245688 23.2871487058 24.7018528482 27.1472579904 25.9539352719 23.1625065686 24.8875393125 25.2293946123 23.4965217533 26.4051977342
24.0637492433 23.5500399625 23.7845592817 25.0158966871 23.4993381036 26.3753650484 24.5349495985 25.8120808556 27.068722708 26.9116423957 24.511985695 26.327307826 25.2143993783 23.093339023 26.8270796711 24.5517933527 23.2927662628 23.0958161129 24.0070042273 23.7746143607 26.840103079 24.9672501288 25.7887901079 27.0537338997 23.504731781 24.6998761366 25.9838108289 25.821383358 25.1927395429 26.5446833125 26.2996834454 24.3564160806 26.2796975965 26.0626644323 27.0014384372 24.6647651005 24.9504167209 24.986644411 26.979039901 27.1334793517 24.6014650789 25.4012051781 26.1723460226 24.4696787638 24.1136555239 27.0918431116 24.2909686333 23.5892053695 26.2999540326 26.7088275194 24.024095051 25.239864112 24.7271209243
25.8611946209 25.936904797 23.263097578 24.4254528288 25.0471672912 23.4476093118 23.2804324403 25.124533596 25.6826025273 24.4778398995 24.6744183057 24.8799161468 26.1545296842 26.4999739511 24.2577422596 26.7910782012 26.483211079 25.5086849293 24.8569185784 23.4144138506 24.3010840643 24.2453912719 23.1870618093 26.4509942111 26.610188251 25.3483107137 25.4353661923 24.2704298576 27.1709528574 24.647607326 26.6081918348 23.5950218359 25.0157563946 24.1207367994 25.7996462958 25.6708645656 25.891245573 25.5509688044 25.0160071883 26.4492937912 23.1211213628 26.47381894 23.7984735924 24.7114563891 26.8868531702 23.372754404 25.5551338008 27.1986046482 24.1219445404 26.4062561455 23.3729649967 25.7055418175 24.0399992821
26.73552484 26.389434342 23.8539568573 26.0544041229 23.8873232221 26.995313797 25.7762720259 26.6242109377 24.6754785592 24.1822019278 23.7195365586 25.4088350829 26.7762977212 23.1556141822 23.3212761406 24.0855679061 23.2596048344 23.0332049675 23.0584784232 23.2895346881 23.8746733419 25.9023338536 26.4812954542 25.9052540745 76.6293415486 76.6293415486 76.6293415486 27.1803029883 25.5384296011 25.4756717028 23.7658204015 25.3855842564 24.6286457796 24.4294772735 26.8519229099 26.9824464349 25.4804659518 23.9566054395 24.2143290631 26.8791085979 26.2850038672 26.2969819213 26.7561844442 23.8483436678 26.1359544217 24.1827341371 27.2366238701 25.4983479417 25.5166007338 25.4838308649 26.9547253895 24.7664403929 25.153429831
25.6134925947 23.1431036405 23.1138785359 25.6350292862 23.3718878343 24.4777363071 27.1901573244 26.785989686 25.6848242066 25.5592078115 26.8250908501 24.2396855313 25.4064730522 24.0015007775 26.4858652305 23.3525457381 24.0668202355 25.8339539349 27.1011438296 25.2322896914 23.6108174981 23.0099945197 25.9504197382 23.8095099074 26.5441718798 76.6293415486 26.4192650933 25.8729596233 23.2091136071 26.5159361503 24.7450050504 23.0705490761 26.9820877551 26.4074277986 23.9278776297 25.322762026 27.204156302 25.2311421072 23.0867475001 23.0980091754 26.4156044478 23.961298714 25.2118798215 24.1495789781 24.7915818361 23.8514996176 23.1965109184 24.5922341241 25.0667179951 25.7278951897 26.9573555748 23.5757619767 25.7971843872
24.8708635292 25.3389584616 24.564328748 25.0442653352 23.2579559313 23.3638464064 23.2187087142 23.9285721823 26.637080864 23.8479250932 24.0155114598 23.1053785196 23.8488084357 23.649880689 26.4812676549 24.7095474824 24.4671215197 26.7596183335 24.8995570918 25.8824987948 23.5575876373 24.6029343271 23.4615162068 25.515054089 24.4406118007 26.6285457408 26.2968692633 26.6325657473 25.0235455501 25.8937112071 27.0677462232 24.3463718977 26.5952528713 24.5449778233 24.6802685679 23.689352318 24.621986744 24.3634307629 25.7003062292 25.0176081958 23.8817698388 26.2666827864 26.0527115427 25.5558274169 23.948058357 26.1873898041 26.7830882913 24.2083788796 23.1775982026 24.7832718265 26.4862138353 26.9499029874 23.9237331157
25.1879303254 25.1728342872 24.1015167361 23.5098232119 26.9441991838 23.9838870566 26.2788898931 26.2735419083 26.5012276536 26.6848857739 26.2691860589 25.513018463 27.1156658497 26.8431596678 25.4215920239 24.2277581087 26.1526916884 27.2330392351 23.64233974 23.9642916877 23.118643499 24.4035957237 26.2904747475 25.1352460414 26.8135156211 25.7339852065 25.0692981029 24.6525960444 23.6333123777 26.1303428907 23.4386681775 26.2260189302 26.8971085001 25.2708500534 23.9471593111 23.7090549087 26.7203378921 23.7550289367 23.5394911794 25.6890441567 24.7686018074 23.6909980333 25.2459794981 23.6805975655 24.3065176655 26.9658087654 24.4691272896 26.0817263497 25.5898854508 27.0312579073 25.7957623898 23.9744323098 26.8970435465
24.9290481996 24.5400182938 23.8292564533 24.088376643 24.482182217 25.5897092225 25.1913809307 25.7492940985 27.1819730382 26.7473138682 26.3364346509 24.7675024697 27.0712274371 25.1581946593 25.0125465156 26.3124779635 23.890805865 23.9809846937 26.2825399019 23.8396617278 26.9052216668 24.8786740537 23.6255513709 25.2937420896 23.0665912959 24.8378189151 26.015787069 25.4842244271 23.885286155 23.2121714625 24.5192572583 25.2982212337 25.3506088274 25.1726755296 24.1104150782 25.9220207353 23.2593211027 24.5694955312 26.5088757646 24.0094910709 24.510067132 23.9941190822 27.1654792857 27.0235680642 26.2102847129 25.821472744 23.2536230064 26.3326956247 26.9458498952 26.0534410367 23.1568326316 25.1093529039 25.4009630636
24.8394561445 24.4998925999 25.7082857541 23.5842697583 23.451297694 24.4511482277 25.5148378371 26.375052026 23.6961702272 24.3727739114 25.6363019743 26.429200472 23.5742913335 26.5501309416 25.7466397752 23.1440830841 24.2679936175 25.0412837388 23.4567869497 23.1749038143 26.3241414094 26.5608149038 24.6258517108 26.7716016288 27.024685797 25.2545236462 25.9825071534 26.3445470692 26.8020884882 25.0997220007 24.6263285811 26.4425324563 24.8380229068 23.1657942941 26.8980548988 24.4174708594 25.6547751218 25.5294033505 24.9151182536 27.1965231739 25.5485658112 24.0917648999 23.2159123092 25.2255099976 24.7094164243 25.984091973 25.2487741048 26.9811356408 23.1503633883 26.7227115086 26.9724968792 26.1302998351 26.7142274192
25.5064152664 24.9933023897 26.7510276532 23.706933251 26.4209635971 25.983036732 26.3632151389 24.2798044751 24.237498625 25.9175845823 23.8310563215 27.1720527526 26.2670603474 24.5506714906 23.0797063467 27.2272814765 23.3677015902 24.8767486791 26.5203493587 25.9946259444 25.1751349031 25.9315627262 23.6206786338 23.8033946304 27.0608658598 23.1071125422 24.1766852332 24.6264989885 24.7049278522 25.621027077 25.4483338582 23.3756023895 24.2396651728 25.187821898 25.3573725517 24.8890602065 23.8196132661 27.1486279006 24.6076178234 23.2475539313 24.245299147 23.4284216234 25.5577390286 24.8790628878 26.68052532 24.3681913055 23.750343592 23.1238638295 26.9912723565 26.2686906043 25.9140113284 23.2910472136 26.8652342353
24.8292171778 25.2727197909 25.0083607832 25.667500438 26.1047169358 25.5833745409 23.2411394944 23.458356971 24.4923635634 27.1015928895 24.7449110715 26.5212873139 23.0187026146 24.7866727802 23.2257023187 23.5686005238 25.8087634906 23.4108951994 24.4593947491 24.1997290145 23.850109767 25.7531314501 23.1844858209 26.2435385586 24.7279100012 23.454766177 26.6864768942 27.1209168071 23.8793964397 24.9901057286 24.4605322727 26.0799284372 27.0372536863 25.9364695075 25.3110333267 25.0333381244 23.0888741584 26.4585324227 26.7865204936 26.6784566938 24.0397339949 24.2503031056 23.3550007773 25.9845185765 24.6897973663 26.1558358094 26.8079641773 27.0749848354 26.3480855577 23.4769345812 26.773029286 26.3334973887 23.0544061743
23.2083056857 26.3297424781 26.3138114268 24.3102454251 24.9656180246 26.1621164366 25.6308806392 23.841133902 23.4656206592 23.3930387756 25.444774183 23.0501435858 25.148283679 26.713607935 24.3513450978 27.0292874039 24.6227296754 23.1355772238 25.9463555289 26.7276400729 25.7868262333 26.7457276226 26.0321363818 24.3563380213 27.1029154373 24.4402752755 24.5800762205 23.6092517057 23.3632901428 26.641430326 25.5536228994 25.9276806751 24.1585328037 26.2134956493 23.5958371846 26.9871923613 24.094120226 24.1450912848 25.7841341672 24.8643219614 23.0621757718 26.0381948056 25.5888129349 26.8324055014 25.8620070038 24.5817037342 24.3455577961 23.9364410002 24.8677123122 26.0424912333 25.6502655421 24.9030122481 25.8131254022
25.9681886553 26.9370968646 23.0735803072 25.5303031541 24.1067724028 25.4394403956 25.6143007803 23.5660558115 25.8184441963 23.4891918289 26.7596973014 23.295443344 25.5063617019 23.4933163596 25.5550937279 23.1880150023 24.6891902864 25.4688793957 27.2128476213 23.2372294301 26.8910908116 23.1608173086 25.396160476 26.0415810309 23.227210466 26.9061633207 23.031904302 23.6899844302 25.5305355968 25.0692711813 23.3513435874 24.2545638187 36.1764830162 24.2107378256 36.1764830162 24.4863723763 25.8473259888 25.0694306412 24.137983639 25.9302441004 23.2601430754 26.5565076783 25.1318873086 25.8768238178 24.6968731047 25.3240627633 26.11010823 26.0208111851 26.7587256193 26.16827768 26.756484803 25.2329307966 25.2090225098
