Spatial_Output/90% DEC/90DEC_0459.asc
NCOLS 155
NROWS 192
XLLCORNER 196769.923733
YLLCORNER 449719.875193
CELLSIZE 27.603701
NODATA_VALUE NaN
[rows 69 to 91 of 192, columns 53 to 105 of 155]
31.0003276373 30.5752572217 31.0797856979 30.8513415499 30.7160959834 30.6757919668 30.7566399954 30.8249230074 31.0964754793 30.7108846902 30.51842787 30.6326181426 30.5177321766 30.8268642917 30.5109507683 30.5372708435 31.2005534277 31.1199670408 31.0935550583 31.0087597176 30.9761408247 30.7476997621 30.8285792316 30.7109889139 30.8401630902 30.6597137432 30.5258152286 31.0224709373 31.0372192697 31.1042948214 30.6484105472 30.9265832441 30.5828724233 30.6536018207 30.5973029253 30.6992851221 30.9375003026 31.1150481118 31.1673477661 31.0243160713 30.7022672794 30.5135554405 30.8608527926 30.7623838538 30.6576695902 30.9552445659 30.6431427417 30.744098191 30.6428702592 30.9955658259 30.8221727046 31.0168895723 30.6929467022
30.8029850773 31.0374012756 30.7145092461 30.7351987401 30.5343632911 30.7995136002 31.1490995949 31.1145742475 31.1075179097 30.85259716 31.0246631194 30.5574551859 31.0359230226 30.9100155519 30.6399441998 31.1421733803 30.8641699477 30.9184744823 30.8660162977 30.8427512083 31.0181244694 30.9941338846 30.7310490327 31.0797215771 30.7757130032 30.5943321669 30.9239801571 30.9745345915 30.988141995 30.5013648444 31.0184420579 31.1692870433 30.9046515382 30.7278566549 30.5699772799 31.0315293279 31.1371672282 30.6073252007 30.6264653369 30.8231273054 30.5191910382 30.7417199669 31.1317200478 31.1628467377 30.7069632428 30.8026227552 31.1490343395 31.0176066335 31.1208944451 30.55221617 30.8109294899 30.5234935982 31.0833706833
31.1996996346 30.9013449034 30.8541385064 31.2017187421 31.1006586895 31.1585975045 30.5851639208 30.5162293697 30.6461680897 30.7163264122 30.868279341 31.1695660408 31.0725892285 30.6965277913 31.08077513 31.0130757043 30.7813863666 31.121186533 30.9000898337 30.51241508 30.860235351 30.734949761 31.1395636971 30.7353753059 30.837031066 30.5522395985 31.1171454832 30.9243447922 31.0112276115 30.622428271 31.1321446616 30.610350048 30.7428232202 30.6407275845 31.1997061052 30.8036048976 30.7798430618 31.141203078 30.5149068494 30.8167810605 30.7047669418 30.9424542028 30.5874779286 31.1463936592 30.5294365415 30.8218047399 30.9763157361 30.9614406808 31.0157108104 30.7506240984 31.0399240423 30.7610714597 30.896817202
30.5443755038 30.749227767 31.001031942 31.0287307143 30.8028523766 30.5998833147 31.0224094348 31.0791599781 30.8719301865 30.8185249887 31.0942027625 30.7227258313 30.9282501783 30.7171063607 30.8612961582 30.7443030452 30.5293550089 30.6033910299 30.8741345952 30.7357580765 30.5499993838 30.5213129814 30.7931043094 30.9982556139 30.9071966606 31.1872382232 30.8961605622 30.811048114 30.6155086631 30.7404393353 31.2037602178 31.1747282498 30.8042700768 30.7871849874 30.6382414413 31.1863109961 30.9420166356 30.9409342212 30.7664413437 30.753272662 30.6786297262 31.0040125667 31.0699856055 31.0771405422 30.5845432108 31.1123347534 30.5783361697 30.6276566721 31.0549825723 31.0499376019 31.1289073727 30.8114729539 30.839913016
31.0177425904 30.602175988 30.7584797271 31.1550817467 30.5789459676 30.9674426004 31.1915930893 30.8160253432 31.1754030918 30.9103441459 31.1590657186 31.1665465539 31.0310092256 31.1764669856 30.861214462 31.0242434122 31.0533786976 30.9113523547 30.7886533381 31.1056138501 30.6010480894 30.8003245643 31.0963095701 30.7344662633 30.7202004856 30.6884117476 30.9010088413 31.026572663 30.6697537874 31.1851900356 31.0498409607 30.7820550853 30.518957798 30.8533217264 30.8096844101 30.6676673405 30.811941903 30.6630537792 30.9770671408 30.7648489551 30.5991885238 30.6581469919 31.0986606644 30.6974864048 30.747102201 31.0172025436 31.0216803712 30.9119718896 31.1468155513 31.2024126075 30.5147993642 30.6687835409 30.9243421645
31.1933477243 30.8096306074 31.0377756373 30.8062844295 30.8690815839 30.9659858833 31.1410594239 30.6737470533 30.5393810616 30.9796994237 30.5385524216 30.5433479449 30.6148714537 31.1291295201 31.1045199109 30.8745496598 30.5063874025 30.7644015355 31.149516796 30.6917743348 31.0823173691 30.5329553564 30.8637411522 31.1539152511 31.1630321196 31.134345812 31.2005365732 30.6595171442 31.1851549892 30.6236585107 30.5618775219 31.1446620756 30.7904121417 30.673988767 30.78871094 30.7177440366 30.5764483106 30.9752266056 30.5503628861 30.6100051346 30.9250693466 30.709301962 31.0192033529 30.7401189277 30.5764141564 30.9337848552 31.1344896573 31.0616040292 30.6394717814 30.8801966623 30.5735700324 30.8253850786 31.1474817769
30.743129997 30.5368578143 30.5153774896 31.2006093223 30.9606627376 31.0350662137 31.0564041215 30.6208157346 30.652304847 30.577620823 31.0535399344 30.6064061073 31.1106019786 30.5014553253 30.70363486 31.2013448606 30.8717316408 30.9769904232 30.5585957819 30.8222136229 30.5776771056 30.6539910419 31.1855497451 30.5385887278 30.8324230734 30.5778940369 30.9076576066 30.5457907437 31.1814043718 31.088104651 30.5091863098 30.6024378748 30.8432135946 30.903716135 30.9272303434 30.7904228675 30.886165317 30.5966611457 30.9198770739 30.5326810679 31.0361791103 30.9529281945 30.7415543423 30.9644622645 30.9862519033 30.829257976 31.072287667 30.5074197758 30.8806031048 30.9473468905 30.828339624 30.908960711 31.0514088576
30.9723452996 30.7443298163 30.9209691811 30.7492967001 30.5098465911 31.0403846406 31.0839970689 31.1505935047 31.1213761419 30.8852586597 30.5973208657 30.7870416417 30.7603496832 31.0128668865 30.7871564451 30.8569500312 30.5089356782 30.6885089729 31.1427792369 30.9789505823 30.6758068139 30.6170329202 30.7909747225 30.536676029 30.6943330155 31.0234507065 30.5644111773 30.5200044045 31.092270572 30.6883759173 30.9809084863 31.1759087488 31.1370574301 31.0469345953 31.1468783748 31.1031470718 31.1299190184 31.0139959103 31.0866097019 30.5466350705 30.9342119192 30.8520244038 30.9423630612 31.0058324904 30.7918685907 30.682161725 31.1645403294 30.5475014873 31.1988059422 30.7558024434 30.9080911285 30.8145860235 30.7107012502
31.004733172 30.8475275293 30.7901632296 30.7216250563 30.8945096435 30.9421011679 30.8924273014 31.0431826419 31.0162709534 30.9295464993 30.9039036817 30.7758158012 30.5474390735 30.7961512447 31.0417049363 30.6505822807 30.9944678823 31.1248165903 31.0746794694 30.8350909163 30.8905320875 30.8056978619 30.5886330567 30.5868820821 30.8117685835 30.8629023049 30.886878485 30.5661810101 31.1095510103 30.873485685 30.5137059503 31.0650013563 30.6325765824 30.8883529637 30.6093386316 30.919366227 30.7614952576 30.7737899323 30.9706366874 31.0758248707 31.0363678164 31.1460262257 31.1610444298 31.080443636 30.8626628335 30.9576252711 31.166198475 30.8886734417 30.7569113483 30.5043814942 30.8969205632 30.8259194877 31.1027310552
30.5973580803 30.9192830044 30.6825391765 30.5552360191 30.6946119081 30.7481457371 30.9534218062 30.6685770743 30.5770959701 30.5603784702 30.9374775086 30.5480623349 30.5027896082 30.5072826771 30.9553634382 31.1783097299 30.8618640434 30.7355493675 30.6897416014 30.5759816909 31.1731558358 30.835309902 30.532014599 30.9301222954 30.5487288037 30.6788138988 31.1758637955 30.7927156944 30.8996496696 30.6400963875 30.5077227874 30.6795393937 30.695930589 30.7950841302 30.7410767388 31.0576054774 30.5422899546 31.0756282007 31.1370569226 30.7186137975 30.950002598 31.1939881499 30.7186762127 30.8421488565 30.779056113 30.5059312154 30.8519401834 31.1274911314 30.6874830734 31.0596357618 30.6159322175 30.738950789 30.5608898159
30.7716932703 30.5779205821 30.7176654957 31.2025909138 31.0806222544 30.5970598139 30.8754502857 30.9315893611 31.1448459405 30.6472883505 30.6328601005 30.6460626067 30.5888808775 31.1741120895 30.9078463981 31.0062673387 30.6115571944 30.7046669065 31.0670234689 30.6061659331 30.9709825804 31.1705176366 31.1381528155 31.1649992171 30.8742179103 30.8833643697 30.994934073 30.9287073177 31.0564399125 30.5795061401 30.5046724553 30.7227703598 30.7983499174 31.0652007841 31.1139030315 30.9404467802 31.0079699404 30.5517219205 30.8424028126 30.5515596963 31.2056949236 30.5310106107 31.1706729767 31.13096551 30.7790149869 31.1971599719 30.7820118609 30.846566943 31.1857297691 31.137293711 30.8829262309 30.7256984904 31.1469639634
31.163134179 30.7743878729 30.5011183559 30.6734737528 31.1468459466 30.7047161772 30.8968418477 31.0374308518 30.9141946866 30.9704987416 30.8760055232 30.9193279748 30.574665837 30.7431026364 30.991130264 30.8964546678 30.6993880721 31.1888860893 30.6243489119 30.7283952609 30.8458023252 30.9927690216 30.6397314581 31.0733369441 30.6832139014 30.766559833 30.6566093057 30.9911557345 30.9860006347 30.8443584796 30.9074432493 30.7187512511 31.0809173377 30.9359262901 31.1996079471 30.5216255788 30.6477788737 30.8177990756 31.1450007489 30.8084767495 30.7194696597 31.185173276 30.5765570992 30.6997211666 31.0548948807 31.0024471014 30.7654975632 31.1093518217 31.1925116615 30.6556365033 30.5075046437 30.9163166883 31.1217233251
30.8867440984 31.1966253087 30.6920672064 30.7692337866 30.8593831993 30.914245267 30.5846712436 30.6421740274 31.0022192371 30.8895598233 31.2019865968 30.8081337342 31.2032723325 30.7262283969 30.9000201894 30.7515144484 31.0262085232 31.121891367 30.5914342549 30.5081188553 31.1422818415 30.6251062647 30.8649389631 31.1044207276 31.0205324746 30.8268967269 30.7837050734 30.5771708283 31.1422977006 30.9350123173 30.6447591029 30.71612699 30.8746682026 30.7108531146 31.1676083551 30.8213140608 30.954662581 31.1438415014 30.9718636646 30.6165540141 30.8256295006 31.1513736893 31.0412838209 30.845019755 30.7481101545 30.6045119829 30.833720766 31.0472555852 31.1874723839 30.6277156452 30.6287064378 30.9498285381 30.7327897295
30.7241927136 31.1826615721 30.9016055272 30.7364925846 30.9946780491 30.9307411598 30.9007060594 30.7033174154 31.1722927327 30.6584335701 30.9097648296 30.6614873669 30.7040196259 30.5440124438 30.7582661252 31.1156587324 30.5606174783 30.9803990962 30.7729291712 30.6308912841 31.0865997135 30.6445023522 30.8355939117 30.8710656676 30.5350363917 31.1725090714 31.1129160757 31.0759757907 30.7460335173 30.9590516332 31.0967250886 30.5697263158 30.9833066619 30.8703178094 31.0396218989 30.5654733127 30.572152279 31.1050101006 30.9221056059 30.6256350124 30.9207186014 31.1520978373 30.7945610043 30.9644835989 30.99419906 31.0896938137 30.6315144706 30.9436371989 30.749411035 30.9512218456 30.6416276488 30.5244906888 31.0323295877
31.1870367877 30.531907391 30.5241475122 30.8438474466 30.7872723353 30.5484980907 31.1862956309 30.8461637498 31.0383995494 30.6924044005 30.8383027207 30.7679851768 30.8290674303 30.8279482778 30.9561205993 30.996750056 30.5871987048 30.9917681212 30.6566941759 31.2005636561 31.1186627652 31.1719495969 30.9443973682 30.9022214319 30.6230112004 31.0700259696 30.6640213493 30.943091456 30.8264455842 30.5103753879 30.6097121033 30.9165562375 30.6311635649 30.8659235308 30.7703605349 30.8355201316 30.969534754 31.0463136596 31.0575583703 31.1221440287 30.7104321793 30.5109414433 30.874849129 30.9332361142 30.5663545908 31.0072492268 30.515506404 30.7127493462 30.9566920034 31.1366681758 30.8532100927 30.7334593857 30.5784932188
31.0743248725 30.933562371 30.5185723422 30.8837901291 30.8457934031 30.7201480903 30.6808497296 31.1487287462 30.9266277156 30.5662854677 31.044774949 31.0950309158 30.5707558009 30.8673178077 30.9222164861 31.0369458867 31.0712364734 31.0304323824 30.5044126294 30.8639940237 31.1496922633 30.9180193953 30.7431692435 30.7051195207 30.7178626803 30.6907680659 30.5975665448 30.5469144885 31.0999584286 30.8714628185 30.8065503654 30.7910292968 31.1299688022 30.8089604784 31.1669048809 31.1384005155 30.7033443102 31.1166289135 31.0468355144 30.9542455065 30.5798000668 30.6522613526 31.095572366 31.0259561639 31.1294473361 30.6321579953 31.0020462432 30.6753547011 30.5240473922 30.9327800704 30.8412192292 30.5989847091 30.8098462208
30.7971232726 30.8103656605 30.5572788739 30.7103013105 31.1195984806 31.1647874426 30.5940856018 31.0294742541 30.9812731388 30.9516991485 30.9197934565 30.9813682946 31.1870965427 31.0650596987 30.6533057759 30.896026615 31.1322266249 30.6603992874 30.518622592 31.0340273492 31.1889976954 30.6495562897 30.6185421025 30.9530619367 31.1531220107 31.116036268 31.0077276377 31.0107226612 30.93888035 31.0092475747 30.5602113351 30.9421563919 30.6528219926 30.7075210472 30.6365156758 30.5688232888 31.1192930599 30.5909802495 30.6515961135 30.9828499334 31.203198883 30.9880607891 30.9350116624 31.1442279803 30.5622050259 31.2057820882 30.5083567402 30.6377029967 30.907406925 31.1729893057 30.7445988232 30.9152510927 30.5031656809
31.0707871764 31.1676798416 30.5375045484 30.8312997743 30.9186506866 30.7067126442 30.6920230218 30.6548044387 30.724818677 31.1564918316 31.1298395681 31.2009889077 31.1408215607 30.8625380995 30.8581982569 30.709856297 30.6361908079 31.1899390462 30.8093012068 30.7031315801 30.9691277431 30.578202545 30.6888307374 31.1384154404 30.9503612524 30.9437143488 31.1508584765 31.0528660342 30.5691347175 31.1735555074 30.5817216074 30.5580004449 30.8802845655 30.9620995571 30.9818760104 30.9903986709 30.9007840121 30.7221270716 31.0678871817 31.1728822212 31.0591587014 31.1226792918 30.8171268132 31.0099013614 30.7106213913 30.7931218153 30.6113944769 30.697803653 30.6281294306 30.6596438947 30.6642315228 30.7642068484 30.5728605958
31.1605098743 31.1371366407 30.8951991574 31.0888371937 31.035252311 30.5271509016 30.8625895963 31.0732948353 30.5157057103 30.9823365301 30.7998249804 30.8291460578 31.098098127 30.9806621783 30.6700381133 31.0222437037 31.1517347128 30.8465051884 30.8015946785 30.7179895189 30.8845428688 30.6231889362 30.7392109355 31.1360257312 30.8462758306 30.8250069857 30.6940809161 30.5930737532 30.9689098165 30.8680837196 30.8802258875 30.9593408018 31.1608727402 30.7090551876 30.5804531666 31.0643612957 30.5104075616 31.1372443751 30.730832383 30.7886626795 30.5366714259 30.5967105906 30.6978391211 30.5366314019 30.5462171102 30.9182949187 30.5221064866 30.6386375323 30.8752098606 30.9952484774 31.0338724229 30.5960581142 30.8018875297
30.9047957809 30.5209319344 30.6318442967 30.6210751046 31.1234081896 30.8411030287 31.0687942795 30.7884789541 30.6298836003 30.5176211838 30.7058251373 30.551109316 31.049416014 30.8814162438 30.5069376788 30.8595727055 30.7838970653 30.7477954794 30.5569794981 30.9918609826 30.5622819397 30.5320360365 30.9497370237 30.6948108351 31.1451448355 31.1835170261 30.791640867 31.149687441 31.0809890803 30.864853215 31.0914391694 30.9927531104 31.1395856115 31.1185975821 30.7699123477 30.9901828715 31.0659681659 31.1333791774 30.9206058269 30.8257657867 30.9489373129 30.7717661961 31.1851873218 31.1620916544 31.0887468932 30.7031325098 30.709872459 30.6024953389 30.5959514187 31.0509526574 31.1528870804 30.5909463484 30.9370636622
31.1843816138 30.7946160522 30.8329762357 30.9528131426 31.0260509629 30.6240660189 30.7405998301 31.0918846169 30.9180168468 30.7489569343 30.5784858918 30.9702157801 30.7245532531 31.1847766151 31.1222237858 30.5625191058 31.1043850543 30.5000552102 30.5305309544 31.0048523332 31.0024008226 30.9293537943 30.9517500331 30.7340703568 31.1804966798 30.8828627032 30.5524587882 30.9487522631 30.5446053116 30.6874793137 30.5552909179 30.9004081127 31.054663528 30.6913195279 30.8580924707 31.0022107818 30.650775292 30.7070329245 31.1841892443 30.5423398897 30.8081783889 31.0536766725 30.8507624474 31.1595868719 30.9912322771 30.5357367848 30.8188375552 30.808901104 31.131195093 30.5237004231 31.1240550635 30.7827708752 30.883481035
30.7386919495 30.8200294841 31.1326317546 30.5825554302 30.5731158792 30.6252953798 30.7959925162 30.5362152647 30.6729343213 31.0707961681 31.0338129949 31.148616659 30.9402423377 30.7315953807 30.9791502366 30.5496923236 30.8961861148 30.577460949 31.1420908262 30.9091968507 31.1784732101 30.6334108882 30.7822120829 31.034391678 30.9263315449 30.9618510754 30.6217232816 31.0493062738 30.5858561431 30.9546511615 31.0852468577 30.7052945333 30.8524254789 31.1506225847 30.7328530474 30.66281443 30.7789902824 30.9305934717 30.8214000426 30.8399979018 30.8852267936 30.7746582852 30.8444983038 30.7063173916 30.632093614 30.8035935054 30.6845480453 31.0486436164 31.1617278915 31.1509848537 30.5068340883 31.0392641533 30.7468060335
31.1474357091 30.7142076095 30.5943489613 31.0395993815 31.200998021 30.9192739295 30.975171972 30.7439110596 30.6853857966 30.7057900688 30.9540664138 30.8171278365 30.5063111347 30.5043569827 30.70112602 30.7482064016 31.1084987714 30.87941067 30.5667537029 30.6569203724 31.1697663438 31.1931414294 30.6675372022 30.5653279936 30.970300856 31.0766565039 30.8669837676 30.6094452434 30.5299300111 30.560780857 30.6568624737 31.1456117741 30.7346981017 30.9641046449 30.749220156 31.150923373 30.9660342165 30.6385621146 30.5198907682 31.1873784175 30.8250938153 30.5409904413 30.5873746041 31.0351187637 31.0867773003 30.9835774995 30.7701007403 30.7059768716 31.0944971963 30.9239489196 30.872953478 30.5072101877 30.7160743701
