Spatial_Output/90% DEC/90DEC_0463.asc
NCOLS 155
NROWS 192
XLLCORNER 196769.923733
YLLCORNER 449719.875193
CELLSIZE 27.603701
NODATA_VALUE NaN
[rows 46 to 68 of 192, columns 0 to 52 of 155]
30.5081144594 30.7735897692 31.2009674316 30.8847118015 30.8938527764 31.1829556014 30.8350130297 31.0717169461 30.9841742851 30.5765821337 30.6948276626 31.2051284221 31.2053085831 30.8975599275 30.7556861581 30.9565658965 30.8155978503 30.7437757506 30.5856420261 31.175222249 30.898041757 30.9798777974 31.0703151217 30.7574357564 30.6496845146 30.5484301311 30.8178017527 30.6426150179 30.7102539201 30.830162534 30.6102959995 30.8737249901 30.6281127809 30.6803118013 30.7805679788 31.0948177945 31.1528112805 30.5933467336 30.8502373721 31.0660705701 30.9725903904 30.5032437482 30.5450916979 30.6681681948 30.7693465041 31.1737389949 30.7454106375 31.0273865533 31.1601149692 30.5484638539 30.5629233531 30.7533687659 30.8973344886
30.9132053352 31.0229766559 30.8486054404 31.1779519841 30.9764146056 30.7483880776 30.6350056021 30.5323109373 31.1181228404 31.0453917546 30.8632107379 30.9110560152 30.8907680169 30.7668580776 31.096446031 30.9402978666 31.0397042707 30.9992597244 30.550062529 30.6255718821 30.9159462783 30.6009655398 30.7356882254 31.1474007577 30.945546083 30.8651235694 31.018274583 31.0957420952 30.5731740025 30.9866205446 31.0570200161 30.6205657923 31.1268031829 30.8926316887 31.145958523 30.9734171437 30.6537338787 31.1095546783 30.8820068826 30.8185341103 31.0084547983 30.6631277498 30.7071441739 31.0317376299 30.9355648468 30.8971582202 30.6437314144 30.7801973084 30.6223428636 30.8176271835 30.9310117434 30.7520815849 31.05574511
30.7417624961 31.1950240109 30.8273486974 31.1517956526 30.6248466715 30.7547926597 31.0836089319 30.6902783662 30.7877498708 30.5154553762 30.7886370722 30.6762607637 31.0278009919 30.5387750351 30.571237299 30.8529715053 30.909657884 30.9572652516 31.0082675938 31.0716592372 30.8517789221 30.9593470437 30.8012769195 30.9505773832 31.0299302085 30.6937445802 31.0647479617 30.843164469 30.9334212147 31.0807365586 30.8306997178 31.1552192491 31.165109598 30.9073132958 30.8711310531 31.0225541799 30.6662223964 31.1342146113 31.05904975 31.0191128307 30.9272417586 30.5479838652 31.1064569302 30.8446369903 30.6405117409 30.9270197782 30.9004036559 31.1996746599 30.5349708362 30.9385996811 30.7468466823 30.8249871456 31.0400051249
30.7069025831 31.0873698123 30.764638086 30.7286968062 30.7533001745 30.5675124162 30.6956579615 31.1748763768 30.7008965388 30.7694741132 30.5480726523 31.195402071 31.0831205944 31.1024699822 30.6897767332 31.1574918763 31.0630988162 31.0747551398 30.8760588376 30.9523944578 31.0914259192 30.8215947432 30.5321302611 30.6387950739 30.865511857 30.7327370504 30.6991059249 30.7137808472 31.1390011872 31.1851895965 30.7099509233 31.0409683054 30.7069646771 30.8654882172 31.1647419148 30.6073647278 31.1577816594 30.7424445071 30.7651013477 30.9905263227 30.903855502 31.1480967232 30.5890535659 31.1533711674 31.0159458671 30.9419733602 30.5799274423 30.9943204649 30.9352656407 30.9599803709 30.9463339776 31.0397752329 30.9024456596
30.8924281371 30.700126981 30.6195801628 30.9892494262 30.6933004108 30.7383838037 31.1416009652 31.1902024808 30.7737500263 30.8337158424 30.8202095315 30.8172528089 31.0243949546 30.705278251 30.8652035345 30.8326550756 30.6095216241 30.5326803921 30.6573801134 31.0135092362 30.9796888719 30.7185141137 31.0585792157 31.0529312767 30.9953537032 30.987431609 30.546618043 30.9760234168 30.888231765 31.2034526681 30.6561067862 30.7625740859 31.1374388281 30.7804416713 30.6044525382 31.1792606656 30.9971984329 30.5340691878 30.5909486719 31.0005203065 31.0730762007 30.7279955327 30.5237313607 31.0599962966 31.1470492573 30.5966857931 30.8490318444 30.9413433982 30.7319218169 30.8679712564 31.1662726496 30.7999863976 31.1322394343
30.9667371193 31.0566948409 30.6294523278 30.8851412897 30.828857309 30.7995678357 30.9857771961 30.7481326681 30.8239661343 31.1754727491 30.664723259 30.5273767466 31.0724996392 30.5107149431 31.0098643678 30.5327069673 31.1603268132 30.7077865612 30.5808156238 30.6498441892 30.7591530873 30.8506769958 30.8690314161 30.9402325192 30.8051534081 30.5618462295 30.6162330881 30.5525482528 30.9095915833 30.6653135214 30.6169286519 30.5309912772 30.6229291292 31.1202833693 30.7390017408 31.1534642369 30.9495065348 31.194779013 30.6603054472 30.8553806287 30.6321798615 30.5372248176 30.7168032404 30.5129736455 31.0909831595 31.0440317591 30.785819184 31.1479881878 31.1449878055 30.907758017 30.6503060343 31.1038309418 30.7525212854
31.0222156489 30.5013909147 31.0017896942 30.7847604173 30.5344967069 30.9458532756 31.1599996495 30.7977951911 31.0926483706 30.7322065323 30.6940909672 30.7235440502 31.1904493497 30.6761656753 31.0592510246 30.7864788265 30.5425917235 31.127612582 30.9088914784 30.9032865155 31.1737123737 30.9448875077 30.6261415055 30.5179218489 30.5638486672 30.8112990157 31.040660214 30.6810670344 31.167443302 31.0173534381 30.818698843 30.7200695806 30.9725046298 30.7257114691 30.7988009347 31.1902784349 30.7770466177 30.9895155815 31.1530970851 30.8992793654 30.5567242309 31.091215737 31.1448708561 31.1065708261 31.0260940315 30.8133174715 30.9783883829 30.741168549 30.8202762524 30.5958934681 30.9380798074 30.7649498379 30.6804279736
30.8760729371 30.6140998916 31.1363334487 30.9027061847 30.9185712612 31.0259507658 31.1854998041 30.7210175209 31.0214346524 31.1356345235 30.6751743323 30.9613816775 30.9677899318 30.5393446334 30.9688886073 30.9710477365 31.069293016 30.5175801846 30.5098879006 30.5299841123 30.541869817 31.0801978152 30.7867061585 30.8426238459 31.0910288185 30.9920613082 31.0019389798 30.98246094 30.734523746 30.9179895751 30.8084110929 30.7024704733 30.8906673265 31.0904408871 31.1242925044 30.9007607298 30.723475694 30.8258117609 30.5989108835 30.791767415 30.6326418758 31.1052284472 31.1037051805 31.0328756246 30.696648507 30.9366272997 30.9761160044 31.0186323673 30.6161994434 30.9634479345 30.7993499299 30.870963655 31.0091293597
31.1127803931 30.9487570821 30.5774910909 30.8967365377 30.5523354765 30.8544935372 30.8196863694 31.1563558845 30.9852412497 30.8926667937 30.891960854 31.2016676903 30.5386751267 30.9784702268 31.0336705521 30.6701406712 30.8234781232 30.8533215549 30.8139408379 31.1389290741 31.1409372896 31.1557381998 30.5938606866 30.8594272936 31.1646926793 30.5756887413 30.6763365771 30.7375731461 31.1519835535 30.9668572699 30.8054801525 31.0928513647 31.0101289931 30.5766546589 30.9851874431 30.8191533088 31.1468715051 30.9389148111 30.7165050229 30.9787506218 30.7992972089 30.9591509594 30.8480298049 30.734402984 30.5724877489 31.1110745482 31.1546826993 30.6383607392 31.1317152692 30.8774721046 30.5503013489 31.0152203666 30.5732114834
31.1763409878 30.5230337487 30.8649002907 31.0412596698 30.715326015 30.5984437945 30.9623417882 31.1464344891 30.9608238648 31.1316234069 31.1930813197 30.5538322297 30.8698718371 31.1063105177 30.618241592 31.0122676552 30.8346439701 30.7196015647 30.9057141677 30.5954387418 30.9204243921 31.0353614581 30.6877081516 30.8302590503 31.1280925478 31.0623222942 31.059851371 30.9082629948 30.6329862499 31.0675304335 30.8107582248 31.1258886927 30.7522539559 30.6565333038 30.7622458851 30.6687611897 30.8244610136 31.1000889399 31.028985328 30.9061808954 30.9940102684 30.5244374097 30.7880517889 31.0694026618 30.8046718577 30.9989164394 31.2059090307 30.8047983868 30.8475141046 30.9381348576 30.5228234426 30.5578751941 30.8051013521
31.019384718 30.9296341294 31.1460805558 30.9588793365 31.1888654464 30.8986075063 31.0104757179 30.5731182078 31.0838593096 30.7481230732 30.534037482 30.7792805373 31.0803555621 30.9959216947 30.8135692062 30.7465491475 31.0786810298 31.1540442405 30.5347059125 30.5230625124 30.6330366682 30.6415866367 30.7701675872 30.8138319575 30.5327535793 30.8033737564 30.8014038164 30.7542980235 30.5860881521 30.5681587292 31.0535652725 31.0768470616 31.0495422833 30.509472132 30.7679520258 30.7565174985 31.0560904247 30.9285972911 30.8054183638 30.6796752959 30.5474407858 30.5802512508 31.068909338 30.6679452924 30.9389444932 30.7077506526 31.1815523579 30.5629247007 31.1482808768 30.9421538936 31.1416218593 31.1059394416 30.5536980217
31.158174995 31.0927163645 30.6032932844 31.2047893781 30.6568717481 30.5398808299 30.9478016191 30.5316549249 31.1473005112 31.0752996742 30.8132424747 30.8379217831 30.6932827445 31.152796982 30.7499838619 30.5986377239 30.6894691118 30.5186314736 30.5054624776 30.605553488 30.8354534219 30.7244310042 30.5095312946 30.5704545961 30.8740465934 30.853869413 30.5491187861 31.0433482458 31.2043127022 31.1215556534 31.1749695383 30.5301550222 30.5200558187 31.1661695164 30.6227004356 30.5836780463 30.6235782688 30.8691942787 30.9728092396 30.7059822158 31.0662506494 31.0586774601 30.7627581264 30.895501711 30.7058966045 31.1792242491 30.5889213864 31.080644677 30.5327574372 31.0994522987 30.9279295739 30.6991362718 30.5379399602
30.87289347 31.0420946598 30.8642672383 30.8997427512 31.084710275 30.9505285797 30.7174676701 31.0183160842 30.5468537578 30.7180495206 30.7237780804 30.7291336276 31.1277234762 31.137025401 31.1137584944 30.6558476181 30.598992124 31.1722382539 30.5726934581 30.8344362713 31.1464008095 30.8285636505 30.9600475228 30.8117286695 30.7542846168 30.9385947936 31.1386846124 31.1407212154 31.0064161511 30.7683932447 31.0067716634 30.892113537 30.5117603434 30.9202836228 30.6383849464 30.742510322 31.1081151357 30.6722220871 31.1064041887 30.7347634699 30.6888345357 30.8336377542 30.7619192426 31.1375745616 30.725915649 30.7737738095 31.0920605562 30.7360340551 30.748060156 30.8505938511 30.8697056609 30.834541404 30.5832095565
30.7916690664 30.8062364354 30.8134032812 30.8712378852 30.6725609891 30.5599889021 30.8833355368 31.1303825862 30.9617392706 31.1881543632 30.6302967538 30.7726865375 30.9247359301 30.8243354788 31.1473828417 31.1031552219 31.1105104934 30.9834446544 30.7533877264 30.935758865 30.8580194851 30.6779132543 31.0584616684 30.9117741454 30.8030360889 31.0450337402 30.7312642003 31.0819614951 30.6316512585 30.723915484 30.5734446691 31.0682993202 30.950950885 31.0110524075 30.5065227688 30.6668086571 30.7715087536 30.9069373463 31.1191657036 30.5805866886 30.8435195055 30.5956570728 30.9039910791 30.5043346429 31.0003115885 30.9187543906 30.8926524375 30.5371074538 30.6359797921 30.9244215822 31.0677851063 31.0595335071 30.8342679426
30.6352297289 31.1526393288 31.0639741615 31.1634489241 30.8829874292 30.8530446758 31.0637763274 31.0432241583 31.0063216653 30.9249810514 31.1942743921 30.638177405 31.0935642744 31.1684484501 30.9574201138 30.5697961313 30.6539147007 30.6209225593 31.2017997431 30.8318183774 31.0747428674 30.8765165418 31.0143820628 30.9856217616 30.5781793375 31.0076404803 31.1734784237 30.635892962 30.525268166 30.9940068203 31.0720149395 31.1433853422 30.6037091931 30.7954324413 30.8716706455 30.6239652302 31.030802632 30.5146348008 30.9661571759 30.718019329 30.7193732786 30.7546525996 31.0835893641 30.8501974158 30.950610078 30.917564337 31.1207829778 30.9194724789 31.1652236513 30.6231009169 31.1267672936 31.0420702824 30.917362346
30.8512393859 31.1968173668 31.1539255081 31.0084043025 30.9331270384 30.9871853597 31.0215478937 31.1125442252 30.7148837128 30.8031597689 30.8174414448 30.8254525152 30.8515883428 30.7907862329 31.1289790378 30.6108554286 30.5561295541 30.8644389891 31.0732206165 31.1523193109 31.1154305303 30.9201683925 30.6671419633 30.8245934113 30.9431676519 30.8053040768 30.6818170265 31.0696359343 30.9451880401 30.5215508897 30.8511672568 30.7743651062 30.5367881651 30.7610135247 30.8451816253 31.0260341327 30.8956531599 30.5154088443 30.9441436574 30.8060643911 30.6989767021 30.5314126583 31.0123323519 30.5202131538 31.0688682905 30.8312190573 30.5421823223 30.7324376852 30.8555767899 31.0739413833 30.91363938 30.6140458826 30.7637511812
30.8898452677 30.9201198953 30.9538218546 31.1471108877 30.7337242036 30.6800588717 30.9407585675 30.844129016 30.781564433 30.6963617559 30.7897784208 30.7660453522 30.7759485271 30.7466657429 30.524456687 30.515214087 30.7319978018 31.1410088435 31.1028642019 31.1804084083 30.8387512858 30.5763716887 31.0422522221 30.5368089725 30.8558448746 30.5261211038 30.6087755963 30.5380032903 30.6728626955 30.9571942075 31.0657893352 30.9388968646 30.7850563341 30.7197256748 30.6235931115 31.1643655726 30.6016660129 31.0345692575 30.6522272864 30.9390066682 30.709368609 30.6172145206 31.1115641045 31.0769151684 30.6490781235 30.7340183111 30.8425555462 31.0415795638 31.0018869593 30.5403004085 30.8228708587 30.8237332369 30.7026771175
30.5410982656 30.7652653664 30.8726650907 30.817832175 31.08047661 30.6831745294 30.9467522836 30.8754461983 31.1877831255 30.5256345918 30.6560789144 31.0716029453 30.7736922314 30.5015395417 31.2000951695 30.7382601691 31.0194420265 30.5582193986 31.140175132 30.9839781455 30.9981016815 31.0947098393 30.5060469672 31.0181254991 30.6386043583 30.9717836107 31.163799683 30.9946760084 30.9218358403 31.0262201874 31.184177486 30.9023429196 30.5276936699 30.901117269 30.8242087507 31.0869425781 31.1453153383 30.6871207796 30.5334028467 31.1860389456 30.5360748461 31.1676282717 30.7416122464 31.085472628 31.1423743577 31.0638311148 31.1309410848 30.7058623959 30.9083653052 30.8404678688 30.5183017161 30.8095366903 30.6660216256
30.9597898001 30.6652176143 30.9028720699 30.5377171576 30.7547432722 30.7905473085 30.8195646427 30.9534416921 30.6583152431 31.0136881159 30.6269348169 30.9519822684 30.7974235789 30.8255109216 30.7749400716 30.6996104582 30.6354784136 30.6878935967 30.621655902 30.7822960123 30.5783572504 31.077410553 30.6313898494 31.1639933742 30.8290254088 30.7309635027 31.1889931621 30.5395404532 31.0028179272 31.1166326476 30.9187475453 30.6361644633 30.6076796556 31.1952110833 30.6943261287 30.5732641904 30.9581049681 31.0305153901 31.1297535938 30.5656109365 30.8083337908 31.1210460835 30.7889005267 30.8074448668 31.1197200291 30.8842208402 31.2037594773 31.0748244686 31.0731480501 30.5318704965 30.9724536849 30.6211653597 31.1407917097
30.7250592407 31.1066846241 30.6420935961 30.714778593 30.7663648956 31.0063516696 30.7619051134 30.7927890014 30.5586197543 31.139484696 30.6251015695 30.9726690256 30.5419772264 31.0400275565 30.6449332877 31.1087264875 30.6800594909 31.1150663598 30.5961535994 30.6916371611 30.9322681047 31.1807582116 30.5799276092 30.5275969759 31.1339195429 30.9892879124 31.1464847156 31.0754713941 30.7445315005 30.794556306 31.1721699071 30.5908319095 31.1345477564 30.6338219082 30.5519984638 31.0007890409 30.8057435029 30.640813899 30.8036622613 31.1250828097 30.5245947448 30.9666024901 30.8703727833 30.9976359047 30.5802177036 30.6125524378 30.5798182352 30.6121938464 30.932912071 30.8141397209 31.0244393887 31.1798639248 30.9565070193
30.695976452 31.0905684405 30.8578362864 30.5183274255 31.1509182822 31.085493255 30.758052037 30.9518659192 30.9837389936 31.2040244916 30.6581269376 30.6601316492 31.1241655647 30.9133165908 31.0438326684 30.7570713274 30.6029982105 30.9977193026 30.5560138795 30.8767097573 30.7072064154 31.1449588466 30.6943078516 30.7969603952 30.9053502697 30.6730419434 30.5779771464 30.6968250379 30.8151837725 30.5116774737 30.7964839016 30.6635272351 30.7643970327 31.1768730455 31.1601800297 31.0396540068 31.1360609049 31.0198540147 31.0291238124 30.7904849598 30.9028485162 30.6309484866 30.9619376486 30.6374834985 30.6367164952 31.0548857072 30.5607755074 30.606153192 30.8512847846 31.1939949455 30.6892894702 30.6248151827 30.5783591158
30.6836762191 30.7374711805 30.78877959 30.7205786467 30.5379302947 31.1962221082 30.7937633546 31.0564367169 31.0539286694 30.5967892751 30.9696418647 30.7085047298 30.6806797469 30.5503192094 31.1833428849 30.5951974086 30.5630030122 30.7140652983 31.186499885 30.62756122 31.0703948521 31.1507202479 31.0672913509 30.8423475909 30.7446166828 31.0091979955 30.8801911449 30.8272955225 30.6676917444 31.0940864709 30.7132387998 30.6287903217 31.0932154525 30.5867603348 31.0426880115 31.190906394 30.6878269044 30.5068628173 30.9012925536 30.9124962448 30.8756127689 30.6254980862 30.8201997239 30.6970757171 30.7716213385 31.1016400462 30.6268268314 30.8800567565 31.1850859242 30.9497358413 30.8667937833 31.1687086314 30.8343143992
31.0689019716 30.696246725 30.6794261514 30.9501301772 30.8754443899 30.577202418 30.8994862706 30.8523254144 30.6698364072 30.9973495961 30.9203768098 30.9937160068 30.7430461162 31.0159320468 31.0614587892 30.8957517019 30.8100800922 30.932703071 30.5423539122 31.0549358976 31.0258326823 31.0848785434 30.5876631174 30.9618717826 30.9787796222 31.0024423521 30.7528220871 30.7075283291 30.5273564557 30.6172720347 31.1978801755 31.0223779451 31.0477101996 31.0328721185 30.9683235335 30.9173741599 30.9055750865 31.0314738593 30.5210797804 31.0238977528 30.9813140011 30.9637303023 30.8381772345 31.1611619441 30.5871717906 30.9513903203 30.7754582442 31.1320996786 30.8805691284 30.5312068499 30.8323665088 30.8517867895 30.5803314615
