Spatial_Output/90% DEC/90DEC_0772.asc
NCOLS 155
NROWS 192
XLLCORNER 196769.923733
YLLCORNER 449719.875193
CELLSIZE 27.603701
NODATA_VALUE NaN
[rows 69 to 91 of 192, columns 53 to 105 of 155]
27.237323212 26.4530043208 26.3264365427 23.9206084858 26.5181174012 25.3078937646 26.6361173573 24.3210771002 23.0025648881 26.0976179098 26.5209616574 26.7448606036 26.3957968177 26.6291401621 26.5397837174 24.6067759203 27.2416055498 25.8363476891 24.3167078287 24.6617114106 24.7051583149 62.6085704429 62.6085704429 25.6972784992 52.6535282155 52.6535282155 23.9340447394 24.3727300813 41.8269371387 41.8269371387 24.8676026998 23.6151271491 24.5913648625 26.5446774609 23.6046319246 26.652105941 25.4287234328 25.6209956318 25.2287598498 27.1436406272 26.2466087889 26.8924819587 23.7371279257 24.6459721009 25.0161859341 26.3882739506 25.4257724641 26.1494136003 23.5507688841 23.3805864587 24.6915713784 26.6130645918 26.2757687913
27.0765497342 27.2355578871 25.186362743 26.5128168971 27.2042754079 27.1468778281 27.1075900767 25.3476567077 26.6578742828 27.0081671351 26.2078906482 23.6493345835 23.9019367724 26.9389084139 23.8189636043 23.1894085603 26.1003672214 24.3962347131 25.5505509032 43.1528614555 26.4619179791 62.6085704429 62.6085704429 24.5984960817 25.0042525088 24.9446162452 23.3699328444 27.1239514194 25.8585203726 26.9211480069 25.2328473683 23.9912662419 26.805691878 26.8259133808 26.2665876123 26.5050969134 25.465194225 24.4259724192 25.0459275673 24.6378503735 23.466537227 26.6411343451 25.1158381887 23.0904190291 41.4020548303 41.4020548303 26.1936839458 25.6472806207 24.91759084 23.5734355884 26.6383319908 26.3476008588 26.191087145
25.1282082368 26.5840003117 23.1571782979 23.4714081096 24.7453662591 26.4193825218 27.0985491421 23.2751717391 24.8788216641 25.3021639231 26.8552779261 27.1756192486 26.8078581855 26.0520917132 24.413643699 24.9040371156 25.2903824282 27.1463943619 39.9391843576 39.9391843576 39.9391843576 26.278284534 62.6085704429 26.8719034934 24.649240218 25.3507976423 23.7530970985 23.4680237008 23.4634421074 25.2062922906 24.7783869624 24.4614602925 24.5055264495 27.1551418107 24.0505022556 26.588767712 27.1635535627 25.8494310705 23.9359825847 26.6412550608 26.2158486196 23.245806132 26.0887534426 26.3277540995 25.0663557737 25.1795745352 26.6485746653 24.1903723394 26.2677081384 27.0283747702 27.1858782234 24.8056728547 26.3332721111
26.7631661739 27.038714098 24.594189233 25.6341644523 25.4946158897 23.4110554012 23.2073774578 25.2444869043 24.5623948614 23.945025574 25.3067735918 23.5600014643 25.6439570782 24.5519982934 24.5258000289 23.6807711638 24.8316901995 23.4620610056 39.9391843576 39.9391843576 26.7528880029 26.61721253 23.8268047891 23.7276963021 23.7064555319 23.2196218801 25.8514346938 24.7571641786 25.209124743 25.9640095976 26.6993580448 27.1071875862 23.329258878 23.8148513403 25.3913882632 24.2123362281 23.0766622743 25.6058820232 25.5889451865 25.8631610238 24.3940485867 26.4018806398 26.5732633215 24.4879766584 23.1569522651 23.3253940204 25.0171955002 42.0103377281 24.4529593946 25.1159122584 23.9286264095 42.1146060653 26.9090139795
24.5654806435 23.8360335068 24.1608490012 27.1797854379 24.3092142001 23.687729488 23.8632936374 24.6723698773 25.2123278787 27.182667987 25.6069390087 24.7888746609 26.172957915 23.867613956 23.7981141592 26.3671561455 24.0483365709 26.5574909791 25.4204571919 39.9391843576 23.2915183242 26.9909745225 26.2010179173 26.0005184356 24.9754692001 25.6838957328 26.6827302984 24.3387731157 27.1951578925 23.8141982459 24.2161181215 26.0667539285 24.2701259268 23.9388676607 23.3807582561 25.1930149319 25.5743077066 26.6276242831 26.2744924152 26.381626144 27.1658243975 26.4455433402 26.7179830537 25.529122151 26.5022292172 23.3893414403 23.4711082894 42.0103377281 26.4133480366 26.4614570591 42.1146060653 42.1146060653 53.3423840854
25.0186492582 24.1105030423 26.4799778531 23.0420052398 25.5838512658 23.0143081397 26.4615406701 26.236299115 23.595212488 25.9737902536 26.3234430144 26.5523454719 26.9668034247 26.3713616326 26.4828803706 25.0572179809 23.2630338973 26.3290187265 26.1419983872 26.6682163801 26.0925369663 24.9422514543 26.7765244633 26.3491408487 23.5940338221 23.9312535223 27.050857517 25.5019057329 24.0375019485 26.5246221271 25.0775262195 24.9831934277 27.1911616935 26.862130071 24.2697472247 23.5671785526 23.3429224742 24.5621978264 26.5933685275 23.8834293842 27.2394084041 26.9973204674 26.9705227165 24.3481446084 23.4348646197 23.1887232305 24.7965946123 27.1327538982 25.1746927258 26.9267503109 42.1146060653 53.3423840854 52.0186125743
27.1098008902 24.2139517455 26.7136808442 26.4165325425 26.3929361504 27.0188290005 24.6228670206 23.2753896085 24.3354563998 25.5357535518 23.2824370552 23.6056221326 24.5669995002 26.3016110833 24.8925427901 24.6454123814 26.1028947468 26.7948387624 26.5255031124 52.2722065646 26.3278339718 69.7896673706 25.230335846 24.8491156039 26.534323141 24.6580955535 25.0321580082 23.1795491838 23.1826098143 25.9308075024 23.065578795 25.9203453072 24.7086844839 23.3076706252 23.1997893434 24.9589358068 23.0769227907 24.3454605073 27.1950196393 26.3485589591 23.7711847745 25.2752019482 23.958035587 26.0269027209 24.0754593216 26.9405627017 23.298896313 26.7015626679 24.9337000002 26.6005898829 24.1220319853 23.9941879466 52.0186125743
25.2589317214 25.1209290512 26.6890360042 25.9585796115 24.3965880952 26.9569811372 26.8237929035 26.3185508714 27.2308944133 26.0974006535 27.0592962608 24.9969541076 23.370149134 27.0727084855 25.5316481218 25.9146225974 25.4563683136 25.3102951127 24.6450438599 26.6952119758 69.7896673706 24.1298750143 25.1383186153 26.1521412781 26.7103518075 23.4455021561 24.2888232049 24.6137217815 25.1903254087 23.0001657871 23.3873928372 26.3308855086 26.7366429148 26.8275499014 27.1837284608 25.5986793104 24.8280392342 23.5928626487 25.5228411878 24.005011803 25.1426411148 25.0684882407 26.9580236097 23.9607005807 25.6292383095 23.5467642801 25.6068047822 26.898900219 23.9936743499 26.5751638803 23.1535343438 24.7260141007 24.3714331398
24.9748031354 23.022436667 25.077410653 26.6259105417 24.2566960129 24.3448920849 24.6379099678 24.5931132659 25.9056360891 25.4478422651 27.1426843983 25.4789675573 24.6936305758 24.0044131282 24.7250057388 25.6278787003 26.3141660392 26.8374408918 24.0627798321 25.4730138192 24.2563000111 43.3133286346 24.1704231164 24.3658728212 24.0278428397 26.3926873894 26.8141463381 26.5753661989 23.1801445529 23.6866095793 26.9523370924 26.7025122147 26.284331425 23.7775851205 27.1832801271 26.3988824841 23.4097458636 23.2402718982 25.6227339267 25.0621425687 26.508741128 24.3884359357 25.7743890189 23.4866340699 23.3452089975 25.8977722324 26.6259968006 25.9002069032 25.8322993363 26.4233501397 26.8748046143 25.7147570043 24.4237824752
24.3085515099 26.4685669976 23.664785411 26.4514857426 26.7402646554 25.4937751982 26.3561586917 26.0497134278 26.1663665273 24.3692563188 23.4984641181 25.720228785 25.9497144869 23.5814848782 27.1193755208 25.2559419603 26.9493808903 23.9227805252 26.268696361 27.1187820266 25.9605732811 57.4723354485 57.4723354485 23.1757235813 26.7592765076 25.492013859 24.382389243 23.9427518606 25.3246164889 23.3615651912 26.7709462943 26.9003747047 26.4338684038 24.6478890314 23.3659544189 25.7858907088 26.0759980276 25.661890058 25.5295940794 24.0796943411 24.3740393525 23.3047065983 25.2532508999 24.0965096326 25.2453487759 25.2680856372 26.3448924159 25.0936267712 26.1252887674 25.4132693016 24.9943449512 26.2002238871 25.3131775309
25.2481982114 24.965223715 24.3748941726 23.5641923125 26.8434692937 26.9030447126 26.8082902218 25.9773106366 26.9810616119 23.1598014754 26.7046030615 23.8708420364 23.7641344681 23.7350904586 25.3467753114 23.6247016796 25.0448613602 27.0567260125 26.9043785088 26.3614627669 57.4723354485 57.4723354485 57.4723354485 25.1500176113 23.2489661159 23.9475583172 27.204108499 26.5970252935 26.7923668295 26.3683590865 25.7050555166 26.6460604764 25.0495713369 24.8094973866 25.102630457 25.7841385459 23.5659944865 27.1158932737 24.3259785776 27.0783264417 23.5006381232 26.9127824094 27.1037987467 24.4943601312 26.8001121858 24.6901001632 23.5585132654 23.5409413382 26.788707366 24.7156458141 24.8747234067 27.0164385773 26.8502049967
23.602557253 25.2865354548 24.5801689221 26.7407720491 25.5112418024 25.3785379724 23.5776935287 26.3340596506 24.8505053963 25.0995685121 24.4933191737 27.1831769152 23.7476170689 25.7399722777 23.3554657983 26.6635068509 23.9532994987 26.0539319751 26.5309561193 26.7343371938 27.0252984657 55.9486071031 55.9486071031 55.9486071031 25.4757196033 26.4714973492 23.8597971006 23.4041326197 23.6828597002 25.8322815257 24.8131943472 23.0389928239 24.986700414 24.9086692086 26.1659182672 23.0454972185 25.7421159294 26.7337383194 24.2091541029 24.6018698188 24.0945695232 26.0513158038 23.0531888781 24.2941964789 24.3187400677 23.957372915 23.4002517773 26.5241962607 24.3912573317 26.6966934366 27.1690221118 25.2036775387 25.4714485601
25.1150094472 24.2477510357 23.031344576 27.1282508712 26.3708069344 25.432738243 24.3879119811 23.590203651 23.4800807668 26.0415583705 25.9718667421 23.0017336458 26.330653192 24.7457386609 23.5359217377 26.6046640473 24.195810717 25.8890765468 25.4408415181 25.4608484254 23.4144557813 24.3251039733 25.3082465875 23.153260364 23.2613034631 23.3538561764 26.3702154675 26.9804280769 26.5563812486 24.9459449033 24.1463406214 26.8893704061 26.703040326 23.1579568334 27.1509636075 24.9614770899 23.7041049848 23.3851574723 25.8124628444 25.18700453 23.4703534712 23.2501761038 26.3609446805 26.2814954462 23.5007325582 26.6634426837 24.7374356681 24.530914796 23.1346068029 24.9861803996 25.682775459 24.8565037053 23.760981569
26.918281448 26.5147929282 26.9863106419 26.6383776541 24.0400350988 24.8263330407 24.6707036228 23.8858817813 26.5277957169 25.4660053599 25.7182927389 26.5857575935 26.8393844828 27.0191911672 24.6724361606 24.0053741101 26.8800319122 23.8803788665 26.9569990053 24.0404137796 26.6899696901 24.3607487355 26.6359081604 25.0184470557 27.1521557232 23.5430965846 26.513933638 24.3330800681 24.6751174662 26.9077551532 26.008097174 25.9453335816 26.9437666742 23.2262778694 26.5482531991 24.9068017372 26.1127196703 24.2660323467 26.4692237853 24.5764682675 25.772489097 23.6733336943 23.7978113357 24.5704192195 25.4508570342 23.4504936301 23.7549940824 25.7319107607 26.8181177952 26.6815902822 26.1796546934 26.8954308373 24.0795440965
23.6458344867 24.250972404 23.7648583543 24.6472714869 25.3702464985 25.2973342596 23.254411896 24.386957709 24.8610385093 26.9516153009 26.5099308297 25.6329441816 25.1009990746 23.5405636028 25.7645230323 23.6382843947 24.8048984079 25.5509180883 24.7722569501 24.1407024569 26.640655657 26.5226677433 26.941765658 26.6616114858 27.1346608971 24.8136260289 26.8148836479 25.4932508448 25.3550169902 27.0310479986 26.0056125999 26.9942250409 27.2417013615 25.6448985542 25.2362257109 26.4486121688 23.223516812 23.3731092999 23.8349270691 23.1956403321 25.2929460697 25.1529101316 24.5815552419 25.5715798645 24.2614801088 25.9662201666 25.4291300952 24.9071175091 24.3482707219 26.1308007921 24.1451676785 25.9987596514 26.7051345673
26.7783244072 27.0074502306 23.5518576028 26.5085837908 26.9959894676 25.1551665237 24.0048841125 26.3326435238 23.3696116737 23.741688552 23.9615070574 26.7632999144 27.1929852801 23.6131830056 23.0988275966 26.5164682022 24.1648412814 26.0241579885 26.5967721563 25.4021079882 23.1762700948 24.5933406528 26.87712092 25.9779188972 24.72588351 27.021018109 26.9220049118 25.4909066404 26.9750371622 25.3918165238 23.3383884436 27.0336355163 25.5872576701 24.5720830593 25.4432252625 23.5615155093 23.0538144163 24.7765048317 25.0966319266 25.8044807937 26.1800551695 25.8454237395 23.6409330911 25.9534019443 26.2505135513 23.2212367173 26.5338118314 26.8411762375 25.3436520631 24.9222622392 26.9547265647 26.1535732348 25.166923484
25.4730211999 26.8756000026 24.7630996169 25.1745761071 24.6631674123 23.6594650782 27.2213114707 24.3233942948 24.7864513165 24.4922607171 25.4343695636 27.2201098877 25.4299362707 26.4963995697 25.8880040748 23.8111655511 23.3056732475 23.0494277644 23.1652920337 25.4159102765 26.0314211645 25.3386839292 25.187994906 23.0507884469 27.0961031183 23.2416062085 24.7956746607 26.7997428621 24.2391327146 25.3071757413 27.056275473 24.7953838975 25.2740590328 26.2459428465 24.9600586712 24.4593033468 26.1591872857 24.0607873225 25.6587393393 23.9254082177 25.0480857206 26.6810597685 25.614718523 26.8981361968 24.0002302053 26.2268756685 26.8921233526 26.6153480184 26.7809456387 23.0565036126 26.1659235928 26.2399878862 26.7181268512
23.2120707927 23.2148452975 24.1622127984 26.0858307299 23.7738705846 23.8141729768 25.8004056557 26.9811420826 25.0434965178 23.3738780231 26.836633664 26.6669248498 25.5162967641 24.8863533977 24.0625157833 23.2029381206 25.4209400071 25.0288066819 23.7534424054 26.0211005239 26.1602638832 26.401618075 23.3710144139 23.2173986809 25.1382420423 23.9401073778 26.6478203776 26.4092649931 24.3304217553 25.3628278751 26.0967233538 23.6868295925 27.1611369259 26.3506012813 25.3635310787 27.0122385143 26.8177429628 26.6037936061 23.5655840602 23.2785348492 24.3070644251 26.6069112948 23.6179524766 25.6439169557 26.8243374222 25.7882766073 25.1203109635 25.2563833209 24.267424909 24.5115522738 27.2378097138 27.0132589869 25.43089543
26.9082788029 25.3205105178 25.5470135919 24.0292088939 24.7271357004 24.2917129987 25.0309296084 24.4590808988 23.7210891465 24.568764476 25.7502340775 25.7598688255 23.5411911362 24.7999862119 24.3513318606 23.8398222373 25.49305328 25.1667531066 23.2430475914 26.8086487869 27.0450545154 25.7870935222 27.054939955 26.7114366373 25.0356749774 26.9860205552 24.6674647849 23.9731178191 24.3460538322 25.0273513296 26.3439305943 24.7677566208 23.4616967403 23.6606391767 23.0789458818 26.0261378899 25.6654766714 24.7505724183 25.5407873763 23.7199890711 25.7693082603 23.779004774 23.251588467 24.9872447746 24.7688205688 26.5324356447 26.1585184539 26.9953603684 25.3667084747 24.8158594801 25.9473799405 27.1638231663 24.2777341171
24.3896438042 23.8198635838 23.3265508677 24.7990291337 26.6376123213 25.589515585 25.5599297452 24.4831169903 27.1697792171 25.710325932 24.2530151607 23.2452917883 25.0600892171 25.6454146445 25.8398549349 23.5085394001 25.068920672 24.8838483275 23.9740150836 26.3604155049 23.6209334919 27.1025253214 25.5729428771 24.2477139448 26.0906911729 26.7178023453 24.1408622166 23.4874200361 26.1374561919 24.5476045606 24.9663030361 26.0489141524 24.5088847473 23.074249066 25.1014160817 23.6311020972 26.7833038618 26.0987306295 26.4929809202 27.0206027292 25.7535344903 26.4153105561 27.1268441756 23.3070704082 27.0855192721 23.700656324 25.2840153832 26.9751875896 23.7722974652 27.0718461955 27.1891277783 24.7096840954 25.8016134653
26.4491650685 26.6905395348 26.731165235 23.6701067116 24.6129097432 25.8166788455 26.292032681 24.5807080689 23.3066479462 24.2144449633 26.9009071062 25.8260237286 24.7870797659 25.6434786663 24.1087003218 24.8246866398 24.2674105422 24.7149703157 25.9811656207 24.632360528 25.6541578803 25.3239823925 25.4893680627 27.1356877217 23.3669165107 26.0743519075 26.2481151586 26.5682849308 23.5192999526 24.1198572039 25.3978783007 24.7150957911 24.88874185 24.511045529 26.2797144306 26.9821709334 26.6110917125 23.0168242008 25.6689891364 26.3565156479 25.2963458255 25.5849132085 24.8410994616 25.7937560363 24.7363831474 24.2193542085 25.724932277 23.6959143806 23.2120928608 23.0200241147 24.4154439758 23.204573865 24.1781196598
25.897231086 26.6338580414 26.7386209169 26.5045630805 26.4397503727 24.6650159754 26.1025755209 24.6966926156 26.9810488244 23.9485506289 24.9215944818 25.7342162655 27.1257649898 23.2283809381 25.1762644099 24.5327959056 24.0729826746 23.0299506151 25.6567221145 25.9897217092 24.3331924237 25.3511177901 25.6879129119 23.4475709235 25.4998450432 26.9357467965 23.6104801334 24.7385896606 25.3448735105 23.5512170045 25.2623161603 26.4553685195 26.6481691766 25.59229148 24.0043701622 24.1789394665 25.5459341924 24.862060294 26.3925991906 25.0656285103 24.2652797763 25.9342414542 24.9789587828 26.2697500672 24.9071356455 23.9331937088 24.5740480882 26.446259857 23.9810722252 26.7672387767 23.2051759634 23.9979603082 23.9245626236
23.0458794519 24.0138608668 26.82236742 23.2548383413 26.3757831305 23.1408954989 24.1936130525 24.4654392702 23.3987496182 27.182386109 27.0571155871 23.0048716723 24.1173452814 25.1553639655 23.4520697333 26.9610948831 26.6177551452 27.1669420765 25.4908761173 23.5850354566 24.8253731101 26.164950298 23.4480008568 23.2604373562 26.4658218169 23.3780292912 25.5293667636 24.5881675989 26.2282286974 24.0373200401 25.0965333931 24.9241846271 24.4302282615 26.8079334982 23.4595022896 26.8976625188 24.6143733461 26.3381653955 24.6157916445 25.0518818691 23.4237759946 26.0268559899 23.4792761386 25.3369296609 25.4195017711 23.1669393062 25.1835679123 23.1535723651 25.9971006996 25.5494236726 26.7394262896 23.8562088726 24.262692199
