Spatial_Output/90% DEC/90DEC_0689.asc
NCOLS 155
NROWS 192
XLLCORNER 196769.923733
YLLCORNER 449719.875193
CELLSIZE 27.603701
NODATA_VALUE NaN
[rows 161 to 183 of 192, columns 53 to 105 of 155]
28.5085497947 25.2228180043 28.1493253409 25.8817020662 25.313181526 28.1250340677 27.3459774125 25.2108034571 25.1069392388 26.663315925 25.2062076699 28.9523461255 28.0657123383 26.6297350518 27.846815426 26.8758129877 28.9793633505 27.5670257752 25.4489786465 25.5990147906 28.2125891641 27.2243596778 27.8876677681 27.8621674141 28.8192593164 27.2115765404 29.1293838402 27.0230627075 25.6088241596 28.1869411387 25.2348701648 26.9032454205 25.2469327038 29.0108161189 25.0387255493 27.6253694867 25.9711073442 25.9206394616 25.5785406086 29.1108504528 26.9550445566 27.8574382826 25.8703628168 28.8121488691 26.1229669902 28.1007997158 28.0624537587 25.1551995967 27.6934527828 28.3325936023 26.5959433785 26.2766663565 29.2394433029
26.4303671066 28.2596948118 25.8083134191 27.9148951852 25.9626521591 26.1287699888 25.3430020246 25.6885968976 27.1332430575 28.6782107945 28.3913224557 28.1884328065 27.5944404105 27.3377033721 26.9606930895 27.4691870218 26.0032493789 29.0064765474 27.3063605248 28.8862100304 28.8857815505 25.53539432 28.9032620174 29.1981387875 25.0121499593 26.4495717286 27.2230003893 27.2188453873 27.466770721 27.3218379408 29.0513547965 28.2013546894 27.3277402117 25.754352795 28.5445887407 25.3181125126 26.9322327641 29.2314685152 26.2243229428 26.7354477093 25.5300759081 26.1859113844 27.0568131489 26.7574410914 26.1064670598 28.2016740076 27.2622476321 26.3763694864 28.2635752717 26.8984508508 25.6771050845 27.4627146552 27.1306481745
0 28.4776378525 26.1030702953 28.2561569112 26.9295266716 25.7736209381 29.096623465 26.3236509277 28.7525449212 27.6686525739 25.3219700511 25.8983079453 26.8627789543 29.0754370818 27.3619611331 26.5235436157 28.7067606016 27.7015769402 25.269087184 28.4046782748 28.973369727 27.4179445517 28.125611307 29.0252480909 27.9953569477 26.6766318332 26.6551291966 27.6779018777 27.3743870878 26.095701673 28.9364522126 28.3408752078 25.64634237 28.9166307966 27.1368566097 25.7166808004 25.9773139538 25.4603173037 26.5910483739 28.1785768901 29.0231718067 29.2109230646 25.4403591759 26.3583004642 28.1306037686 26.4507132143 28.0653663533 28.4710763333 25.3862235267 27.4201125365 26.936176614 26.4148179715 25.7870144117
0 0 0 27.629160322 27.1468380346 28.1241561672 28.6124218555 26.7830155103 26.0426503091 26.0686187164 27.0229499627 28.7550891291 26.7708907921 29.0113189072 28.7190723603 29.2328927739 26.452498181 28.5835840099 28.7334011988 25.5297737364 27.9374342267 28.0076730634 26.2041136983 27.1608436845 27.1680330743 28.7893004504 25.0136435401 28.3019469631 27.2453928404 25.4205712873 27.7430934573 28.6203483177 25.7456513753 25.7500749634 26.563678887 26.6250006433 25.3652688201 28.4931403323 25.668680384 25.9479905079 25.1735139149 25.3840774024 26.4966185046 26.6444624251 25.3545324758 27.8281796599 27.0439937107 27.1866792084 28.6859530174 29.0329464507 28.4704017219 25.6650397194 25.7957005571
0 0 0 0 0 0 26.3759910149 25.7747056284 25.76496983 27.5482590906 28.1930146965 25.4610111159 26.0208650547 25.0321954307 25.073491965 28.6244135381 27.8649312964 25.8761223391 25.4155839153 26.6472064631 25.8265693854 26.0766193277 26.9355873569 28.0952749989 27.5844996226 28.9895573008 27.649121387 28.2394320139 26.0389514105 27.2829179539 29.2257081977 26.6419300121 25.8335319784 26.9153424404 29.106253616 27.2964474859 26.5551955525 28.4245466464 28.5076799573 26.6720446969 26.7855202551 28.6527032383 26.33231362 27.5593047332 25.4366962134 28.3777281679 25.4786193091 27.0074963523 25.5205281963 26.4590340888 27.5748304198 26.2838217334 25.4310809833
0 0 0 0 0 0 0 0 0 26.0490629776 28.2662435162 28.9603181095 27.0234598538 28.1872238232 28.6681556137 26.8589606315 28.5830147316 0 28.2703026032 27.1187407179 28.3184509313 25.0897765264 26.6736396828 25.2151395241 25.9797535849 27.1751031826 26.5296199728 26.9255966926 26.7119732339 28.8091891568 28.2376576167 25.2404283042 28.0164358627 28.6861471452 28.2034748143 25.3025396201 28.8860829409 26.9798378196 26.94780777 25.8835937126 27.3469126717 26.5143820725 27.5617449679 29.1969092724 27.3678581074 25.5769036616 28.1365565207 25.380911947 25.7687095354 26.9582650283 25.236380154 28.3370423867 25.0305180825
0 0 0 0 0 0 0 0 0 0 0 29.0693238489 25.5681186239 25.1317818131 28.4599414937 29.0080273183 0 0 0 26.5905422846 27.9240753973 27.5893325821 25.2869852823 25.3427226104 26.6769923954 27.2186975 26.768136763 29.0734366577 29.1868408201 25.0777307716 25.6353736877 26.7504533243 27.3142639114 26.5915475794 28.0548239028 27.6680369778 29.0628776363 25.4807788433 25.4365379351 25.9441979508 26.2315894398 25.0525547338 26.9284190261 26.7309764146 29.1315249323 26.8043951588 26.7868344251 25.1397094004 25.7633442352 27.8070222377 27.392974602 27.0248830563 26.9386738317
0 0 0 0 0 0 0 0 0 0 0 0 19.8977830049 19.8977830049 65.9304345373 0 0 0 0 0 26.3065284445 28.2352227782 27.4065681438 28.560910036 27.5093983863 28.2800246207 26.5233399518 26.9621512068 27.6377439535 26.36400792 28.6402880437 27.1917815998 28.8039760922 25.4847202792 27.90162377 28.5548531899 29.0580661555 29.1184258013 25.1301964403 25.9941537024 27.481978454 27.1319760506 28.4319904599 27.0460684515 26.9713515808 27.6715163853 25.4246087979 28.4101873971 26.7907240976 27.2486279606 27.5654397648 26.0585234534 27.7351352122
0 0 0 0 0 0 0 0 0 0 0 0 43.1117461676 41.2287236837 40.8745927227 0 0 0 0 0 27.6603646604 25.3581189143 27.256742536 27.7592642623 27.1073209327 25.161032812 28.2860992647 26.1684018056 25.4464935098 29.1729108419 28.7996779793 25.2650797559 27.7236984085 25.8863420518 26.9667539009 25.8421683698 28.4221198712 26.4983413718 25.6067916084 25.7915941396 29.0295600799 26.5546347886 25.9471187727 25.6953453615 26.4154887615 27.5117444856 29.0573566906 27.3656457528 29.0293166883 28.7050720839 27.6382249359 26.0515424927 25.2784623076
0 0 0 0 0 0 0 0 0 0 0 0 43.8715619079 45.5863995286 44.728406503 0 0 0 0 0 0 25.217937864 26.3801168862 27.9677947881 26.110446927 28.5074182454 25.9523974792 27.9219418062 27.7947918119 28.0843619911 26.5404019637 27.4387062416 27.6048644494 25.0285243842 28.1912125413 27.2894641445 26.7092357723 28.9127615333 26.8531229178 26.3028792638 27.1984003308 26.8619013969 25.216334204 26.3699830737 26.5289460903 27.3652626955 26.0695045323 26.093849884 27.2343161518 28.3297075308 26.2891573217 27.2483858498 26.782739498
0 0 0 0 0 0 0 0 0 0 0 0 42.6587892571 48.5090343623 38.1990645365 0 0 0 0 0 0 0 28.3970020377 25.5390185158 28.2940044327 26.1840863827 28.851270049 28.3928055309 25.790122899 26.8413430882 25.081906797 29.1548569839 28.1959176488 27.2533139649 28.1373615583 28.6341228637 28.9889218388 25.2009362806 25.1745522064 29.1900121621 28.4757570592 26.2891336004 25.9307686111 29.1078643513 26.4841889451 26.5371514944 27.6356813901 28.0426567909 28.6633669034 25.0223454778 26.8356024143 25.423454786 25.1386014419
0 0 0 0 0 0 0 0 0 0 0 0 0 0 0 0 0 0 0 0 0 0 0 28.2301742682 28.9997107883 29.0410434588 25.0524882962 28.4577606136 26.0846381952 27.9273777317 28.0699975959 27.0601319236 26.0355601929 29.056352187 25.2792480396 27.9057327987 26.277613177 26.3668389883 28.4311618161 26.2875077629 27.1435981913 28.2354187243 25.915556433 25.1587755251 26.9213149518 25.6747889014 28.1755546257 26.0719107681 25.8674603813 25.9321406087 27.1066044231 29.2424547446 28.4410940978
0 0 0 0 0 0 0 0 0 0 0 0 0 0 0 0 0 0 0 0 0 0 0 0 29.0842720291 25.3083117558 25.1001028008 29.1278280547 27.997757899 26.4056181908 27.7830158441 28.7018311868 25.8336408713 28.7387212189 25.3316731696 26.5785615989 25.9182236538 25.568478529 25.6054614639 28.8612822626 27.1035824878 28.9089199904 27.005417724 25.8632158491 28.4832812481 26.8760251741 25.5374906611 27.7355757238 25.2548923017 26.0633199467 26.3072023208 28.9214224798 28.9128374355
0 0 0 0 0 0 0 0 0 0 0 0 0 0 0 0 0 0 0 0 0 0 0 0 0 0 0 0 0 0 25.360298507 26.4978602991 25.2131921143 27.5104887998 27.5980317984 26.9055828252 28.9265551924 28.4417062867 27.3900745505 28.9917472103 28.092622339 28.7231699588 27.7005911847 27.3316720337 28.7309861061 25.4447480787 26.6751785487 26.872607616 26.2366130556 25.3268071501 29.0106021063 27.1837829863 27.4352251989
0 0 0 0 0 0 0 0 0 0 0 0 0 0 0 0 0 0 0 0 0 0 0 0 0 0 0 0 0 0 0 0 0 0 26.8893717932 27.6663281235 26.8621708185 25.9333064564 26.5415608738 29.2219542512 27.0961818032 26.3274522381 26.1473793453 25.9304513292 26.7723594093 26.1960793119 27.04517658 26.9487760193 26.811812301 25.7449323823 25.3858693425 27.9535992577 28.8538663933
0 0 0 0 0 0 0 0 0 0 0 0 0 0 0 0 0 0 0 0 0 0 0 0 0 0 0 0 0 0 0 0 0 0 0 27.3638203523 28.3531306509 28.959656046 29.1988831645 27.4101534844 27.5471122313 28.0057593669 28.0612673478 25.2581620545 25.6948187562 28.412503467 25.3652901442 28.2091671102 26.8831552676 25.2962429592 28.6118099184 28.373681116 25.5194838656
0 0 0 0 0 0 0 0 0 0 0 0 0 0 0 0 0 0 0 0 0 0 0 0 0 0 0 0 0 0 0 0 0 0 0 0 26.059141624 26.3569713736 27.2062856362 25.1549999195 25.3063584269 28.9047999594 26.4982412235 25.0482514947 28.9896351149 29.1084701377 27.353319871 28.4484942172 26.198219045 26.1220835003 28.7838904019 27.6278806972 27.945674646
0 0 0 0 0 0 0 0 0 0 0 0 0 0 0 0 0 0 0 0 0 0 0 0 0 0 0 0 0 0 0 0 0 0 0 0 0 26.318367064 25.5112331765 28.6569305317 25.4631361614 25.0686324169 26.1052954725 28.3428650849 28.46177372 29.1451056303 29.178104446 27.8852099283 26.937793375 25.9233846411 27.461332317 27.6894743448 27.5171404839
0 0 0 0 0 0 0 0 0 0 0 0 0 0 0 0 0 0 0 0 0 0 0 0 0 0 0 0 0 0 0 0 0 0 0 0 0 0 26.9162159948 28.6294430723 26.3694816127 28.0183879294 27.871563601 25.7978836135 26.1436910729 27.0799129972 25.825660186 25.2442729818 29.1415674042 29.1811011141 25.157974902 27.709333075 27.2880811181
0 0 0 0 0 0 0 0 0 0 0 0 0 0 0 0 0 0 0 0 0 0 0 0 0 0 0 0 0 0 0 0 0 0 0 0 0 0 0 28.6176019349 27.5632876467 25.3684945112 26.9066222865 25.3705470958 27.860744829 29.1294303679 27.1131781652 27.2969392575 26.1334945672 25.4571035836 26.935024384 25.3118986381 26.572881367
0 0 0 0 0 0 0 0 0 0 0 0 0 0 0 0 0 0 0 0 0 0 0 0 0 0 0 0 0 0 0 0 0 0 0 0 0 0 0 0 26.4273144231 28.8733295907 27.737150503 26.8825219753 27.4270821908 26.4078885235 25.345599161 27.1950073786 26.1371581566 26.2590006221 28.0100001571 28.5456277322 28.3426113449
0 0 0 0 0 0 0 0 0 0 0 0 0 0 0 0 0 0 0 0 0 0 0 0 0 0 0 0 0 0 0 0 0 0 0 0 0 0 0 0 0 27.4437332151 26.6281471057 28.5240688676 27.1974508334 29.0398592754 26.8631768222 26.0140086537 27.2712473159 27.335106917 28.8428940717 26.2194269656 53.0797288409
0 0 0 0 0 0 0 0 0 0 0 0 0 0 0 0 0 0 0 0 0 0 0 0 0 0 0 0 0 0 0 0 0 0 0 0 0 0 0 0 0 0 25.3049683072 28.3058472389 25.9580791286 25.0602736265 26.2543566358 28.4154139809 27.4479806621 25.3452223068 28.1766708535 53.0797288409 53.0797288409
