Spatial_Output/90% DEC/90DEC_1140.asc
NCOLS 155
NROWS 192
XLLCORNER 196769.923733
YLLCORNER 449719.875193
CELLSIZE 27.603701
NODATA_VALUE NaN
[rows 69 to 91 of 192, columns 53 to 105 of 155]
29.6228767811 31.8367387096 31.519057746 30.3101469522 31.9312647065 30.3219342002 31.7764989469 31.928679125 29.5229968332 30.3906096062 28.51381849 28.8864294814 28.848875717 30.7808839422 30.0697067668 28.9655096141 30.4603983074 29.1273899288 29.142117324 31.5604330695 29.4911334271 30.5765588055 29.1334864629 31.8348798361 31.0346994894 30.0155789319 29.0930223205 30.7624620578 30.2232853633 31.5497810529 30.187875286 29.3367425179 30.2154216659 29.9349657554 31.8297971021 30.3720559445 31.7610745066 31.5998858945 29.6829396812 31.3398511543 31.786779923 31.4247347692 28.9383975093 30.0925701622 31.3278203511 30.7336021917 30.1780080785 29.3301736097 29.8510548667 29.5028372928 30.1483571393 28.8308179822 31.7617725814
31.4128822851 31.8955142011 30.9274758237 29.4373051116 31.4929705777 29.1561631654 28.8809208843 31.2079100464 29.6810048895 31.1860616733 30.0516947933 28.7898819017 31.0966290601 30.4826745886 31.0072638064 28.746896602 31.5656849421 31.6516896923 30.055501358 31.4209259274 28.5995251288 29.1439230969 30.1588186729 30.4761543223 31.436006352 30.5509612898 31.1183262357 31.1418197675 29.2267590091 30.4788621868 28.9117995534 28.8082966124 30.4307472711 30.2087569614 28.8279020152 28.9678625773 30.2113862006 29.3736778951 31.3245762746 28.5471312263 30.1247196288 28.7144915767 28.6607858693 30.7747668804 29.6171186593 29.4001630652 30.0489585164 29.3344454461 29.9129743421 31.6301517461 30.9124507542 30.2945064335 31.5985376565
31.7351959065 30.416991427 29.9319481062 31.5517215567 28.678348168 30.4931078228 31.2536830264 29.3051996547 29.5223135193 30.6163778401 30.5598656803 31.0098272618 29.2007144344 29.7831424687 29.0875771268 29.5040082849 31.8073003821 28.9471571715 29.0110115209 31.9983816786 31.7604616808 30.5330581796 31.3490532539 28.7615722031 29.6923931084 29.9937712401 28.6504930489 28.6907503946 29.172662629 28.573797416 31.9559357084 30.8422368203 29.4214198564 31.4634756726 31.5839947803 30.6382965007 29.0597747217 30.8307846611 30.2453975135 29.7966425968 30.6253858697 30.0729185765 30.6946329594 31.2058519491 29.2995121359 28.871577576 28.8816757846 28.8799743709 29.1575110886 29.1347189652 29.5740764469 30.9462717882 29.0738153027
31.1120952861 31.3185651588 30.3900609085 30.4702101998 31.7763636699 29.7901548672 28.7298358437 29.6488543075 31.3637717832 31.6703546515 29.0217703174 30.4153161394 30.9782956051 32.0300105574 30.0222817612 31.4637273644 30.4253470186 29.8387414475 31.9784355707 28.6595078471 29.9147653591 30.0181672507 31.2552016292 29.2373881589 31.1177628198 30.4370446341 30.6256350524 28.6328154583 30.8347239197 31.2072425882 30.6502945044 29.8414940663 29.3240965569 29.8474192647 29.8364070171 30.01984837 29.456960656 29.2980817035 29.7506588622 31.0539070802 29.2862746337 29.7761053687 29.8312589238 30.9820816008 28.8463223779 28.9072229188 29.1070583205 30.6672799564 29.6939586997 31.6564150227 30.7867484827 29.9080554218 31.3765820702
29.6184753397 31.949153406 31.0940380146 29.4833598208 30.7828871883 29.7408866356 31.7467826448 31.0899685862 30.2099399919 31.7037685975 31.1371796182 30.8105420917 28.8435796089 29.3046918606 29.2115184371 31.0638483386 31.594475645 28.7305035015 28.511179517 31.897042338 30.6659047357 30.379639515 29.716953786 32.0283075792 31.9713175656 30.5927632538 30.8729957769 29.2676094376 29.3891833572 30.4541700571 29.6914721749 31.7355986775 30.8344317408 28.7806337852 31.5544650904 31.3012131147 31.2126068785 31.3022863674 31.1559046374 30.5273939615 28.892429358 30.6717405125 28.5620211076 30.2821882138 29.2584326267 29.5863072851 29.5885633633 29.9215682131 31.9941600637 28.7152268756 30.1763041231 29.1281258835 31.4954568644
28.9301997742 29.1681699152 30.3419878438 31.1548465012 29.0555141078 31.9019654327 30.0861062765 30.6375059923 29.0519562697 29.2386703652 31.5406691662 31.5910660184 31.366051058 30.0423677458 31.5915397397 28.7530781196 31.6288175672 31.4385587899 29.3639927099 28.5706627845 31.9037101886 30.280694982 29.0300599373 30.7199953927 31.1914911493 29.1089039802 31.4850711374 29.4363039975 31.9309834038 31.3625124392 29.5132859294 31.5234399441 28.8453480271 30.3611915706 29.8266241887 28.5712448958 29.3765400139 28.563266475 28.7750571955 30.2554489068 31.2441660545 30.8160548225 30.0011500312 29.5811105326 29.8574087062 31.7745225821 28.8082029762 29.0839703892 28.7801382087 29.0621385836 29.5184532964 28.9343787695 31.6958147568
31.222133465 30.6018177175 31.3100656632 30.7872464787 29.303961668 29.979005434 31.3148492578 30.8901619394 31.0503786418 29.7392824805 28.7017067183 30.1952043285 30.794233232 28.8665271788 31.9610013271 29.271564682 28.5172079709 29.8206512673 28.8835316845 30.0015408853 30.7304666242 29.4566519853 28.758125101 31.7486363237 29.4123131479 28.712257951 29.514611715 29.6988410784 30.3797862331 31.5831430261 31.100201874 31.7860758286 30.3659523459 30.8679577985 30.8483782221 28.7862433907 30.6714645007 31.5412066819 30.4904302737 29.741720312 29.2326022615 29.0058190605 31.6028792385 29.8318339207 30.4007627061 30.0715476218 29.1765978059 30.3702965427 28.6783248752 29.1990203137 29.1653026113 28.751048751 31.940499254
30.3819290722 31.8446139109 30.3395441892 29.5613464956 31.4808138742 31.7165771435 29.1239440717 32.0038552158 29.8802386666 29.5259873403 28.5641007475 29.7918144302 28.9585054296 28.797307827 30.9090955351 30.9897989257 29.1906971523 31.9989374968 29.1594937996 30.8830878379 30.8698563068 30.9055291319 29.9330163807 30.3569756895 29.2788931557 31.7261062569 28.6879983215 28.9604699007 29.6911315835 29.7120138148 30.535398041 31.2537055098 29.3605041254 30.1205314476 29.5081483398 30.8893362758 32.0175938819 30.1251314649 30.9240385074 28.7090286884 31.5985359875 30.2217410327 30.6708360773 31.7909104212 30.1363521383 30.3788083246 31.4360736666 29.7475388424 31.7600936551 28.9103505332 30.1810498034 31.5576906749 29.335164017
28.7956309059 30.6469941887 28.5842447528 30.2561963253 29.6982497021 29.0375665109 29.834057825 29.6401190779 29.5138444523 30.1088336764 30.6230960991 31.6669339153 30.8953357651 29.7538634216 30.6946111876 30.8658694249 29.4716832299 28.7207464875 28.6031400183 29.0102945968 28.8608200673 31.7983807048 29.0927169336 28.8280600259 30.7411653772 30.5137026047 31.487421808 31.4629464175 31.9685667255 29.8920159406 30.443823382 30.0338782421 31.8874603207 29.3270586584 30.2608957807 30.7079813235 31.6394593586 31.6246885911 29.3382646194 29.3813243403 31.7619257579 28.7864107952 29.6065712323 31.1853624406 30.3027002787 31.0838464232 29.6641550868 29.8064515011 29.120513909 30.722431384 31.4358190752 29.8116407568 31.0341671577
29.6019859367 29.6512514363 29.7334721986 29.5687929606 30.7266746377 29.062239533 31.5799969828 31.2464660923 29.4687494101 30.3149590698 31.3166235827 30.6037449888 29.1778143353 31.5002565376 29.4297725261 30.2192039666 29.577442027 31.5479808782 31.8078685573 31.6216722544 28.6364672546 30.0908702546 31.6573587535 29.2566783964 29.4621930607 28.6247311259 31.2134288517 31.2663494022 31.9047346297 28.8352875276 29.939931521 30.2792089889 31.4620563818 30.3890318581 28.8427127306 30.1884973082 28.8177902667 29.9092987597 29.5552919483 31.7482114298 31.7762642206 29.8895323298 29.8607103712 30.3915743704 30.8493668468 28.7738132194 28.5069589455 30.4229237612 30.9841630409 29.4893448007 28.7144361519 31.3003357827 30.456036382
30.8296400302 30.6894982732 31.5985801424 30.6533998057 29.1445817184 28.92301946 30.7457413987 29.6153177117 30.6896107201 31.4503059248 28.8633396434 29.8656485786 30.2868141789 31.5512725576 31.2380906321 28.7000760622 31.7589712296 30.7746332039 30.584117105 29.3513127815 31.7860130831 28.9929240286 28.596402431 31.5261218649 29.7770997492 28.5075104299 29.6437174091 31.6076529249 30.8365713243 30.9092607629 29.9434305004 31.7834356678 28.6799777097 28.8649245764 29.3961937947 31.2273663389 28.9059309592 30.2815828969 28.6698621263 31.1460332031 31.6012503135 30.4739432527 31.205822048 31.9641799235 31.1379335925 29.4450329656 30.6066675076 29.2677393997 30.763457327 31.7358703937 31.5623144845 29.2858293007 31.0728492742
28.687366269 31.8230650215 29.0584179561 29.1649815079 29.1593130844 28.9940795416 28.7396122433 29.2337973703 29.2940584354 28.9013866915 31.7390693723 28.8132716618 29.9448210293 31.5065331937 29.5351208562 28.9859741964 30.6228836487 30.4235803141 31.5270325788 31.4313510302 30.9863076761 29.7003200048 31.6814693275 29.2904739457 30.8151841173 28.6551543112 29.6948144029 31.3521981884 28.6718238323 31.7467819388 30.7237155447 29.7850965686 30.984208643 31.9047682391 30.4228021387 28.7601268599 31.4350955166 28.7990580837 29.0888306902 29.1328939322 30.8675724431 28.9798999033 30.3328617758 30.4105893054 29.0603611048 29.3485263774 30.3935238801 31.3859148479 30.2542625288 28.5344492733 31.8114085013 31.005305247 31.8279186665
31.2011020094 29.8185957706 31.0880412385 31.5587155793 30.4483259693 31.9518054919 31.8680073411 31.4091991072 30.6973876707 30.7851712785 31.9171138879 30.4175329547 30.1751153521 28.5058875536 29.8228019874 29.3982291453 31.7088095184 31.4884392341 31.0546047175 31.0181169207 30.1992989492 31.0816111161 28.6115800389 31.1827708228 29.9167253631 30.6518105976 29.1151024033 30.5425917234 28.6876774599 28.9508362406 28.8654509034 31.5726399442 30.3638346795 29.558436309 31.2938624985 31.2940287972 28.6969221479 28.7543853183 29.7616914779 31.8023765889 31.7687855052 31.826793059 29.8820907794 31.9392167868 31.2069029501 30.880643752 30.1750652997 29.6854041533 31.9544052048 30.4839767827 31.8161873681 31.749163965 30.2264219709
31.5877994544 31.8373417398 30.2171820494 28.720084916 31.2874232323 30.1398250064 31.6598938429 30.9017551943 31.2118718801 30.4655223995 30.995860537 29.4079554451 29.3723579295 30.7200857228 29.2274841873 30.0665346803 31.4482269769 28.7215013469 28.9668898512 32.018905252 30.5177527367 28.937158066 31.9203735626 28.9939375768 30.042975437 29.4452179236 28.6638241285 30.6704153371 29.9553427405 30.3759845739 29.5464332254 29.5189016239 30.8787879668 30.9799408398 29.216604989 30.8807977781 29.441705332 30.2823201884 31.7239269707 31.1768848635 31.0009764608 31.3220767666 31.3928877447 29.4310070246 30.1427160808 30.3694401455 30.1435875728 29.4573389541 31.7150687122 29.5690711762 30.0664630013 29.7835932472 29.1694780949
30.2064403179 30.7535504757 28.8825579713 28.666799822 31.5691896167 30.7899175962 31.0440041246 30.4766314924 29.4290772309 30.954077667 30.3432654913 31.9315951716 30.1990243374 31.7922966597 29.5627400659 31.999565199 30.208673196 28.7522240946 29.993063105 29.9539725645 29.0825180869 28.6580864431 29.1746575986 30.1061894168 31.6188905686 28.521339341 29.6059974318 30.6118414713 29.0704006044 32.0145092865 28.5485789148 31.8979307755 30.6535382905 30.4831256808 29.7771481998 32.0229519219 29.6131917279 31.389587856 29.4140375968 30.3587722516 29.3021909715 30.391386878 28.6257471041 31.2910286223 30.0149280116 28.9400293073 29.7466520575 29.9857557651 30.9794605614 30.5747186058 30.7017296426 29.0152688103 28.6071981442
28.735655946 30.4731739211 31.6446954706 29.7784791464 28.8426924492 29.0677094099 31.3822089506 31.2238581524 29.6561812654 29.9289705504 30.1652426417 30.7096093877 30.8605426939 29.2889419082 31.5181576503 29.2652246915 31.3220020652 30.8740637164 30.988752649 28.889995263 30.7684175177 30.5983138719 30.131447714 31.4680563279 31.2347235671 31.344527248 29.2294761883 29.9476874178 31.4132732755 31.3639681266 31.4855440567 30.9930322614 30.9745957946 31.1587221056 30.3289271295 31.1035296286 31.9261346524 29.9940231746 30.5262806061 30.8016157236 30.0354840112 29.2487239105 30.7009746104 28.5121025783 29.0402850993 30.0502486477 29.9598717068 30.5715768502 31.2550718092 30.2816035462 28.8126310885 28.9059367644 31.4426981304
30.9390599906 30.2665977809 31.0487542683 30.5470687838 28.8953184995 31.8007864498 29.2608479735 30.3422603812 31.6150334432 31.8401860138 31.3855992522 28.5234132807 29.4962218823 31.7265042456 31.7457596547 30.1474245497 29.9346604657 29.1852901642 29.1128912161 30.5796321829 30.0491264235 31.9484388699 31.611678255 30.0609945591 30.9602908064 30.8157730275 29.7177647272 29.526872751 30.7005593988 30.0253325353 28.5522026678 31.8666887832 31.6394963672 29.418068301 28.6833601038 28.6485311339 28.8659692608 29.1416210681 31.8060202951 29.5444568354 31.2826439672 31.1338688529 31.2001108066 30.8651738551 31.6341086781 31.1114709129 29.5130931396 30.5936652903 31.0147696334 31.1724249289 31.2409856998 31.1946171685 31.9261740752
30.435100345 30.6411868274 31.4343021372 31.5271088387 31.4811746372 29.1302690482 31.7089588845 28.8369783634 31.7400217084 28.9575222253 31.9879582143 31.441840939 29.6808863125 29.9125529769 29.7262322347 31.1511991376 31.8978858404 30.48837553 31.7411782777 28.7076511924 30.7004256575 28.535236292 30.1327330491 29.0924095575 31.3885264561 30.7126383413 29.7466853739 31.5542871573 29.9897672121 30.6315230536 29.7179445146 28.5826749032 29.7250862594 31.4235456777 28.8900142942 29.8442085816 29.7906176986 31.0068483359 30.9999500801 30.1344524931 30.2328860796 29.5246967781 28.9454691362 31.5738813796 31.3840160911 30.1737004555 28.8174767239 29.0451266651 32.0084509679 29.3088149723 31.2334590535 31.1739289686 31.976006942
28.7525962937 31.8110299275 30.8762903122 31.313187687 30.7985123046 29.0833476231 30.7572523733 31.1769426063 30.6791841893 31.63983519 29.8845872722 30.9078014602 31.3939107555 30.4083265179 28.9692628477 29.3309431743 31.0309044312 29.6902517091 29.4969078592 29.6057859384 31.1060860074 29.1175589164 30.6190994352 31.9382268886 31.9634423814 29.7685715171 30.6968859068 28.5574852204 29.1836225552 31.478961954 28.9562825274 30.6426284686 30.2028480305 31.4639887411 29.9633148121 30.1075555587 29.2473686389 31.9616673552 31.9173091328 29.8514161517 31.0025996997 29.9167476829 30.3984730483 31.4906848034 31.2042604428 29.4802029086 29.4782388426 28.6966516505 31.5976468135 29.9634287557 29.5945114245 30.3691731361 31.7727914955
31.6158302778 31.5155716803 28.7339315219 30.909101247 31.6793957116 30.4987185916 29.8243600618 29.4539714118 31.6478429638 30.640218971 30.9669837783 29.8842467637 30.359125297 31.6216670795 31.0851020137 31.7226985074 30.203388596 29.7840821597 28.5428603513 31.5163544214 28.8034358419 31.9008063048 29.297027006 31.0954367345 30.2193689037 30.6139148197 28.9466840474 31.7215329555 29.3762163984 29.1727054464 31.9058286373 31.0538464804 31.9942733087 28.7990005525 28.8598884603 30.8406473937 30.7266048574 31.9281443023 30.6614695438 29.8634985692 29.6557924981 28.8684753741 29.7945479062 28.8256805895 29.298119366 29.4895699902 31.3474500107 31.4758800048 29.55851354 29.3499079105 30.3267092222 31.9717360739 28.97614046
30.2888254151 30.0406277574 31.995115304 28.9786552632 29.3292193082 31.0657169971 30.6491175714 31.1126745052 29.5097734775 29.2901802496 31.3019206851 30.1698113391 30.8988335356 30.5131599202 31.3481142994 30.4387974181 31.9973047638 29.7427204416 29.6087444058 31.2977219238 30.8966293341 30.6097225948 31.6180065724 30.8897507441 31.1455893119 29.6741484211 29.233703413 30.4201746224 29.963019563 31.4921874322 31.8867144578 31.2628639143 30.3819516888 29.7317814358 31.9786821398 30.0738963648 30.387253118 31.6500070455 30.8230155988 29.1353811536 28.7253994316 31.3615748643 30.996262415 29.8755639678 29.7208259723 29.8448840579 28.7147019596 29.9699867237 28.9158870626 30.9693352983 29.2540268134 29.4888388132 32.025837983
31.5242924381 30.8656633414 30.6890157808 29.901155476 31.3009683893 29.1249899901 31.9739097181 30.0626346034 30.1674122963 31.0587394228 30.7955470675 29.9421276418 29.9537287397 29.1720163768 28.5755006408 31.9578318296 28.8336418835 30.7972367337 30.3183578346 30.2762500041 28.8720476101 31.1835969192 30.6693514744 30.9447038087 30.7650565769 31.4551885987 31.8809369565 29.0547980172 31.1314533021 31.4656992192 30.8548824507 28.7425944351 31.440237229 28.836053092 29.9954255257 28.5301058201 30.4329817091 31.9805732839 31.4587962202 28.672875226 29.9750295245 30.1891059185 28.8407257409 30.8988716628 29.7936193875 28.6504861173 29.8618365487 30.1753784271 28.7131480592 31.5328362066 31.6896821984 28.8564668238 30.4883747144
29.4568002331 30.6475327584 28.52211338 29.4751153478 31.6508189649 29.781867986 28.8575503696 28.5099846935 30.283030817 31.4325172045 31.936226793 30.655120322 30.1380165486 29.3954237174 31.8590368915 29.6403567109 31.0930902006 31.7181705458 30.3723462155 30.4332962854 30.5683588893 31.9712854855 30.7769819678 28.9183833096 28.6605917205 30.1643396871 31.5423957229 31.5238973607 30.8045397548 29.7836580191 28.8182452092 29.7601578358 31.5381909168 28.9906849332 31.066775681 31.1896529452 29.6523028094 30.9959254146 31.9560909268 31.4628548036 30.8656192132 28.8449842754 29.2106109435 29.2392166191 31.4133640223 31.422503361 29.7652298075 30.4357498786 29.3570166824 30.1244174611 31.4948301277 29.3096395282 29.2133410295
