Spatial_Output/90% DEC/90DEC_1105.asc
NCOLS 155
NROWS 192
XLLCORNER 196769.923733
YLLCORNER 449719.875193
CELLSIZE 27.603701
NODATA_VALUE NaN
[rows 115 to 137 of 192, columns 53 to 105 of 155]
29.3832452282 29.2961310139 31.3094205875 28.6765852195 30.723793635 30.5409523716 30.3377487407 29.1049040535 28.8976152204 31.4810088144 31.6973500731 29.7742823965 29.0363433429 31.1589329059 29.715359248 31.1152341716 30.4003128455 31.670157447 30.9316365119 31.1945141283 30.4026655073 31.7382607697 29.4091076975 31.0530226933 28.9740502992 31.3203203422 30.6297054034 29.2787708331 31.823822913 30.6710280693 28.745759412 31.5373921439 28.6625301159 29.5648380814 30.0198727625 29.809326893 31.3440220312 31.9942035237 30.2531543849 30.7916776428 30.9285177926 31.5633867115 31.2501405545 30.234618941 30.2626164289 30.9299168143 31.5523258281 30.9134343011 31.191790143 30.7697433202 31.4935926579 30.7444319341 29.8438851066
29.7344921992 28.6004060064 30.0876435947 29.0774498799 30.1939199811 29.1967755425 29.1297184198 29.6833753442 31.6754808763 29.5875687716 29.7487189298 29.3022937449 30.3325631922 29.2819144171 31.2333876411 29.624926421 30.4830534785 28.6491052398 30.9373354963 30.6799794395 30.7081757409 28.6411173714 31.1154966466 30.2445840503 28.9748699905 30.5293082553 31.4179850242 31.1454357583 28.7247666032 30.2341101668 29.1329415435 29.2343310325 30.1229126062 30.2489584395 30.3517964167 31.4095128509 30.6147050905 32.012527847 28.8418111898 32.021212855 28.6181727165 31.6354771339 29.6284820146 29.0529818683 28.845057233 29.736828897 31.9257148332 30.8110144093 31.0955671467 31.2322095047 30.198693136 28.9685094378 29.2132985116
30.9345292699 29.0218042485 29.56881408 28.5038230301 29.3738891662 30.4829045303 30.2069532891 29.3741102263 31.8096838837 31.6314774981 31.5092104461 29.5632304342 29.9224162918 30.9986940465 31.0557928997 31.900463889 29.0822121749 29.6028215219 30.6775722822 31.9096596139 29.3584031509 29.1291836768 31.0947885326 30.3166209 31.3900619326 28.6787142216 30.0984570094 29.737157854 31.497401926 31.1012375575 30.3384700134 30.5570586337 31.0728597079 31.5369358566 31.8186651372 31.6484637274 31.2698214445 29.5020893028 30.6525569529 30.3523010634 29.9495517199 28.7744880739 30.0482419236 28.9949731455 30.9141835579 29.1092277405 28.7274351955 31.424263646 28.8755790289 31.7595870911 28.9838907238 31.9608367119 30.7450712488
29.0448615743 28.9958784919 30.4178264455 30.9178280151 30.5551858495 29.8754159139 31.8812039803 31.9371356928 30.0299667044 30.8228012376 30.1779045339 31.3164724919 31.4342544432 31.4587044431 30.2761595124 30.4700740438 29.0799387394 30.5725854782 31.7560959432 28.8186250017 31.1541480573 29.745108119 29.7010543178 29.9180326084 29.6341220397 31.3975745551 28.7943749371 29.3009757878 31.872254233 29.0055614911 29.9057291322 30.8323599759 30.7789700308 30.5242427279 30.8256250977 30.2082237783 30.7091553652 29.0855525114 31.5592661515 29.9377357705 30.2125315633 31.7010051834 29.4499745535 31.0966236715 29.0626782927 29.689684146 30.0441324476 28.7895872349 31.8033179173 28.6707230895 31.2631273053 29.4033189307 29.6965755922
29.5231323063 30.6967886075 29.1758539024 29.8875454561 29.0044013404 30.3562397412 30.8665824863 31.2369568722 29.4744362859 29.1208244744 30.8939310446 30.1336583416 29.6937936292 29.5509440892 29.5556386367 30.9780358193 31.5365726857 30.6081392432 31.3133868283 28.5251332803 29.2157255483 30.3225731076 28.8390193164 29.6077104825 29.9481520495 31.0360849946 30.6732132151 30.8088198913 30.3086462679 29.4704446298 31.1873737436 29.3316073082 29.4658463698 29.9722972739 29.6413551536 31.2097234851 30.2595400643 30.5849536083 31.2948044892 28.932126398 29.7005853889 30.1799742849 29.8858255912 30.8678844796 31.7914758357 28.7664263803 31.6611994467 30.1106928103 29.0540362089 30.6884977361 31.7244761424 29.9968380222 30.5140862892
29.5504611087 30.0519771067 30.6752411642 29.6741917784 31.7765116254 30.0206828974 28.6556108678 29.6506981406 31.079066312 29.8985365644 30.8196489505 31.8796487275 29.8516968754 29.2011603894 28.9110867995 30.3285111258 31.6903044532 31.2214504462 30.9917132982 29.7854708093 30.8083863685 30.5794338765 30.8048072525 30.9377452105 31.5650917238 28.8749730813 29.4613374938 28.8963770491 30.7898449453 29.5167864252 29.4013953917 28.6834436757 31.2822791617 29.6202892007 28.8834448774 30.0296236135 31.1822483206 31.6662511646 30.481929406 29.5979916193 30.5290803379 31.4715431208 31.8933235966 31.6639125814 28.7680396797 30.7556490104 28.938703258 28.8195223603 29.8697812337 31.2613531342 31.1240990148 30.6217207619 31.0013416281
30.6182837214 31.0917788439 30.8182998737 30.8996627845 29.9503341219 31.6585399798 28.8657237736 31.9089927969 29.3874486212 28.5157221235 29.084995693 31.6722280642 29.2602114681 30.7127548052 30.3440275025 28.7818571351 29.5644322509 28.6550034951 32.0003174212 30.557375587 28.868269307 29.1448343267 29.1566434525 30.5977540078 31.4385730624 28.820920722 29.2832045426 28.6011062512 31.8001570956 28.7779704483 29.5175557512 29.2128935355 31.4666765956 30.5128314873 28.8141744047 29.5903048489 29.9556291853 30.633058216 28.6649425285 31.8387669918 28.8770394839 29.1180050786 31.3742447713 29.0933350174 28.7255276328 31.4982249546 30.5310327553 29.452453114 31.0674353686 28.7311503095 30.8048574826 29.9423198844 29.8689078908
29.6853940133 31.3142771864 31.8564382758 29.9877002314 30.6809005329 31.9995647516 29.1624612677 31.6351507241 28.5067536192 30.5664750277 30.0783797716 30.4022307438 32.0348182022 29.6757692272 29.9914266345 31.3434727462 29.3611351151 31.7579086298 30.0519987195 28.7489949289 31.2654131637 29.7002250189 29.0939413397 28.8237831353 29.0029878404 30.3920768412 30.8333212063 28.7129056075 30.9468903564 31.703947751 28.9984473873 28.6207630146 28.9736982435 28.5634460652 30.3475744832 30.5982455918 30.0059850093 31.7027531454 28.7362982565 29.9181200293 29.3384064107 29.2668690194 29.3297259343 30.7646097475 29.0616944504 28.9708168436 30.5571702659 30.3316883783 32.0335457474 29.9563252273 29.1652507442 31.393776256 31.226722247
31.4043198818 30.1732402458 28.8972428098 29.3604465887 30.7712063905 29.4610996128 29.9531245247 29.3716295395 30.6664868793 30.8568918957 29.3960107721 31.5506640503 31.9459806136 29.8867507041 29.9179584626 29.8900318122 29.0454491485 31.9341092973 29.931952335 30.2311230443 31.1965233247 31.3538680028 29.2682678532 29.3189759616 30.5760705266 31.6057944922 30.178186573 30.6034164841 29.2679489117 31.9418692945 28.8702176752 29.6740226496 28.8072768126 31.4792800097 31.1408832036 30.9989106944 31.0568530521 29.0948441918 28.6197156779 31.594774799 30.3661862596 30.2793686827 29.5412678672 29.8716511952 31.6375036698 29.1325409953 29.3020305422 30.2229114356 31.3502067345 31.2231789874 29.9608507752 29.9418341113 31.388436332
29.6148502539 30.7721792619 31.5061280708 31.635393243 30.2597185777 30.0389935423 31.0589577473 31.2146297649 29.8992802833 31.3460933694 30.5051994858 29.9356862431 31.4618334334 30.3135692545 30.1910084177 31.1736744373 28.7063993724 31.8479996763 31.7945065454 31.9342131796 29.4912508487 30.840594068 31.4529841272 30.4982066105 29.6498484144 29.1564607862 29.2595096206 30.9933907984 31.0622821282 32.0139595783 31.5386746722 31.864964776 29.4837767051 30.3192085429 31.9230238934 29.220746858 29.8820668665 29.3773191774 29.4018294742 30.59733192 30.6755566551 30.5252932161 29.9274276354 29.30779672 30.2243851734 30.3909637713 30.0176420901 30.228511314 29.4367020743 28.7958919141 29.3793017114 31.8645179274 30.8733143424
30.9646562862 29.6985510645 29.9055914595 31.9139876913 31.8102297368 30.943509303 29.418386075 31.109787709 31.9005866383 29.0975369372 31.8688702507 29.12841755 30.4744105524 30.8812716572 29.319024426 30.1285223977 31.9617060159 28.9947693626 30.5234161142 31.2811155237 29.0540317187 30.4503230496 31.799234251 31.6592096816 31.51811928 30.2501110082 31.7119395175 29.3515953063 29.2893980568 28.6126822255 28.8984711057 30.8818696726 29.4005056973 31.556053254 28.5448548678 29.8444922667 31.2437145456 30.1239093122 30.7108968971 31.6172359132 32.0022869466 29.2529821104 31.2515531709 31.6229860839 29.684402502 29.5014140228 31.0783121867 28.982159627 28.7972768233 29.9409592888 31.5872359015 31.8249113017 29.0422010043
31.475382488 29.6888243682 29.9788720862 28.7069220964 28.6885693655 31.9686572147 31.5985032408 29.7375232615 31.702449727 30.7311383768 30.6122571022 30.667724194 29.9276623221 30.8779183601 28.8228694157 30.28289403 29.0602046462 30.7370606884 28.6690447023 29.2282882999 29.895523252 31.9794176881 28.7389125025 29.0267697395 30.192426653 30.5125650458 30.7070514334 31.5346227849 29.7783173307 28.6856240452 30.5857947124 29.1156890345 31.8951258382 28.6734587894 28.9959478084 29.2981668252 30.1202117917 31.1841314576 30.264118118 29.7762283316 31.7095355961 30.1186523231 31.7438674798 29.1019831785 32.0290903521 31.2342898793 31.3887536978 29.026961041 30.5137144112 31.0438799805 31.7819065621 31.0384596043 30.7044821563
28.9901002632 30.1637209933 30.5564701434 31.9144951006 28.8952278129 28.8665242926 31.486190833 29.8023497253 28.6177170346 30.7487382357 28.7458398863 28.5950556799 31.9437443623 29.3568994262 30.7554254642 29.7478230673 28.608011886 31.4063742531 30.7216671053 29.5444885591 31.6543061385 28.528420298 28.8671880329 29.4247849266 31.4686394271 29.6015952151 30.6408642206 28.8691603209 28.5945482776 29.9420311632 30.8584779292 31.2594469388 30.7348266933 29.689686999 31.2926299445 29.3531022535 31.2829980726 31.0005003337 30.191131626 31.2441757201 28.7547614906 30.7318561537 29.5975027137 28.9496688382 29.4773004721 29.0351228728 31.4318467688 30.2783477588 30.5592427922 30.0607914787 29.8910749662 32.0334194557 30.1582223333
30.3909510362 30.9562475594 31.7907866251 31.3516439654 29.0352608416 29.9885119323 31.2776279834 29.3308083433 30.16725604 31.0070420687 30.7982641558 29.1395682548 31.5555853224 31.7982444641 30.0878732265 30.1476655079 29.1162716106 29.0684826785 30.7861049318 31.3678439772 28.7533825213 30.2822391534 29.0735273643 31.1939501164 31.7236193499 30.6193482652 30.3980928323 31.7564819986 30.1135261633 29.6460055169 30.0901669318 31.2996329533 31.1061620282 29.6279421773 29.5818850935 30.410188747 30.8544563178 31.4924952533 30.7748570995 30.2695313853 30.9466610449 29.4248930385 29.2116507774 29.3640379233 28.6196262792 28.8419054112 29.4158514461 31.7868507119 31.7727549161 30.8420098846 30.9532593619 31.4702726954 31.7723273076
31.7371020416 28.547269718 30.6011833476 29.049795641 30.629066146 31.2269924988 29.8507004478 28.9554071826 30.5816386874 30.648002675 31.6165858775 28.5062714098 30.5377665609 28.5912490886 30.7354966267 30.7282460973 31.4483953874 29.5488361662 29.8081644994 28.5431336956 28.5270281837 30.1123949843 28.9137855784 31.3160737957 29.5526537453 31.5078975096 29.0416644551 29.4842444434 30.8896907295 28.9863901259 28.5885098955 31.4281049427 30.5361102624 29.3002060357 29.6615304009 30.0572123445 30.7750635429 29.1676782996 29.4548986733 30.7309765199 29.7857902017 28.5937546667 30.3261150958 29.4559931337 31.9488878801 30.286693565 29.9801693056 28.9703129485 29.7903366036 30.2175862158 31.7210230793 28.9748501221 31.0212497964
28.8656582679 29.4821232096 29.5253656439 31.4113673486 29.1887365589 28.7911818309 29.5212613584 29.0527940526 30.2008460509 31.6169938995 31.3626178064 30.0156992587 31.4465306504 29.3956936987 30.5901596987 30.4728393269 29.9332150574 29.3336857473 29.6632048362 30.6918237354 32.0193297034 29.5003122987 29.9530923986 31.8159080406 31.9978776761 30.5137172026 29.670066805 30.4303062199 31.8643035392 30.7916174405 29.7661238172 30.2207118718 28.6726668109 30.6094383054 32.0155937229 30.8532926302 30.1038505032 31.9020207991 29.3627191966 28.9297848887 31.8189941435 30.9617737511 29.4982029093 29.3855832352 28.6505469558 30.442965284 30.6838992013 29.6158055469 30.2248444546 29.7505188431 29.956931825 29.0965812162 29.2288923696
30.7086871652 30.6977461841 30.2687751697 28.7556683392 31.8836448964 30.0748052956 31.0548474483 29.6608880314 29.7513386508 28.8687295683 29.9566276522 30.263497716 30.0237235631 30.7421209995 28.7978152609 30.8895915102 28.6303707365 30.0479250396 30.8114876043 29.0895388921 30.8515951401 31.8158022189 29.38358637 28.9765829817 31.2471344165 30.5826119362 30.7435675441 28.9011622375 30.9084037531 28.5431468821 31.6126979049 29.2764317267 31.3409516624 28.6478974128 31.8236956305 28.8273541292 29.8651673084 30.7748222218 30.3116531446 29.6868802001 31.6563157487 29.5455058743 30.9772168638 29.3072867966 30.5932500615 30.3512274608 31.5849494825 29.8701617636 31.4213801488 28.7075121029 29.9316986555 29.0622169661 30.4516164564
30.0289010598 29.6445208298 31.1096010241 31.1172095081 29.5911430682 31.7570187913 32.0073723179 28.8847819962 31.7574540848 31.4333262344 31.2286883401 29.9656550843 31.2768735642 30.4255688298 31.8052478981 31.8103612488 29.5208382624 29.5289702777 30.9771981512 30.6135856664 30.9582723382 31.1507027262 30.6193583002 31.915519399 31.4785108451 30.8925835208 28.5568307883 30.9963221771 29.9996470784 30.1658482164 30.852721584 30.8790066306 31.7138477822 29.3314704158 31.4735300539 31.0657440179 31.5219314968 29.2862294915 30.0963735837 30.5893019106 29.1173934063 31.2180870494 30.5501036338 29.1757264314 30.9384154244 30.6728887051 31.0494196958 31.6841760862 30.0078078215 28.9622137517 31.7234061086 28.5137415039 28.6870695521
29.3658801297 31.1040097674 30.8144528099 29.8247812128 28.5754153138 30.2088703235 28.8345606277 30.1290688428 31.9287810759 30.5094661841 30.3521172602 29.8025160968 31.7852335129 30.5429178241 31.1887427864 30.7967111412 31.9334628023 30.0559431377 29.5027537343 29.5198215554 30.5711282476 30.6234899257 30.1123564879 28.7372827176 31.5951473501 31.1647033822 31.9257467731 31.7225840073 28.888204782 28.5762640179 30.3677554331 30.7135375369 30.8203096754 30.58926287 30.8450623029 30.6957052828 31.4930175409 28.915145113 28.7100616751 30.7581245621 29.8199724848 31.8909519069 30.6089974852 31.4511898976 31.0271028405 29.5505710739 29.9093563633 28.7455739702 29.4742667485 30.6255885393 30.105784758 29.1065014115 30.1634907053
31.8578345319 30.9833524235 29.7237889919 31.8286308359 28.5948353749 29.6601513739 31.0021688129 30.3187626342 31.3773277939 31.4578389046 31.1766170956 28.6321525707 30.4171717948 29.4116603946 31.3060111174 28.6861027309 29.5912371713 31.0562958835 31.5818925927 29.5677883896 31.8106276238 30.5909669541 31.6235326629 28.5478324221 29.0444826427 31.4801176251 28.6173658847 31.4220989272 30.1523647895 28.5943267706 31.0331487416 30.5195946238 30.4481880674 30.0108101839 31.1009158823 29.9588138833 31.1405194914 31.8170077084 30.9277021472 30.713830646 30.2726910671 29.7290668496 31.408710023 30.2508137176 30.9273148859 28.6983015161 29.5483399192 30.7902842606 30.9528039005 29.179446912 31.976099182 31.8526697572 31.2256410153
32.0151336881 31.970182762 30.7103902301 28.6613221727 30.0746180044 29.8399968146 29.7013785959 31.2857567489 31.3176741843 29.3474915558 31.525357173 29.3650943609 29.2194018759 30.1661220406 30.3608684341 29.6255266112 28.7101426905 31.6326444244 31.1055583985 29.9523882305 30.3568430652 31.4412566913 29.8159948384 30.1247502261 30.7631729828 31.9513203124 31.9225408917 29.3646504914 31.0804184965 30.6844542052 28.5230480264 30.5953968874 30.1362247565 31.2284542322 30.8147463358 28.6976910446 31.1822544917 31.4430325073 31.9103833252 31.257008726 28.73762582 31.9023781118 29.06902254 31.5242906594 29.5369098684 29.5879452607 29.2556893519 29.0590556601 29.2787854822 30.1567458246 30.9968786462 29.6642438125 29.8424842217
28.6388775165 30.1419726143 29.0713705762 29.3692627201 30.8409938207 31.6978847621 30.8746677503 29.9876598005 29.8077994157 32.0188942108 31.0912909386 30.1015296962 31.9091786022 31.0149364041 28.9143773756 29.9052236316 31.1971855548 30.2680701267 31.8704235391 28.676060876 30.5093125225 30.4301284117 31.2619748874 28.6208720663 31.2939722017 29.7438967869 31.2200017274 30.6766506756 29.6970001767 31.4068663759 29.1574409194 30.8840536893 31.1012780723 31.6595571423 30.2357554 31.1799955402 29.605631826 28.5560344141 30.2702902797 28.6913529193 28.7594088949 31.0085283768 30.6615915955 29.9818998414 31.0146263031 31.0077246343 30.4117069862 29.3574224612 29.7552767785 31.1770431194 30.2595541629 30.0963324384 28.661915753
30.2680147829 30.504914655 31.2256167454 30.1163964916 31.9126800166 28.5574397729 28.8673058803 29.4432845149 29.8836474685 28.7781390039 31.4327416043 29.8747321821 30.1652016762 31.2768250982 30.2210911647 30.6490678122 30.0010821907 29.8539818484 28.8652734783 30.7531888818 29.7394218396 28.6003106419 31.6202627399 29.3949371029 31.9187611936 28.8084606737 31.9818854791 30.4848356079 31.9445463953 31.8174787141 29.3795667034 30.9064929451 32.0310322278 29.8980363136 30.6197647732 30.0812285879 29.6676765161 29.7919460799 29.6054178979 29.8705607931 30.9937628174 30.4133711346 29.3074016013 31.665871428 29.2765095789 30.1281790211 30.5549550175 29.883151263 30.8408336138 30.9849858427 31.4060415622 30.6265144177 31.8629905676
