Spatial_Output/90% DEC/90DEC_0431.asc
NCOLS 155
NROWS 192
XLLCORNER 196769.923733
YLLCORNER 449719.875193
CELLSIZE 27.603701
NODATA_VALUE NaN
[rows 161 to 183 of 192, columns 53 to 105 of 155]
31.1849317965 30.5469986094 30.6823972385 31.1870875928 31.1736508032 31.1020669492 30.9985202496 30.6459630508 30.5753693326 30.8083741516 31.1086582853 31.0109296462 31.0720774549 30.5079192197 31.0597821399 30.7841928658 30.9508006748 31.0297617108 30.6300329511 30.7037703598 31.1160228024 30.9782368967 30.640050285 30.5371454282 31.1932190895 30.6284415359 30.6522903494 30.6119717337 31.0016649411 31.1435398079 31.1461586647 30.7986919565 30.8936835139 31.1637050697 30.6504396413 30.5178771457 31.1047527574 31.019455496 30.545126328 30.739638567 31.1334182668 31.0486065731 31.1421701633 31.0827595354 31.0371445793 30.6546418501 30.5968982082 30.5199295432 30.7479033544 30.6808381058 30.6350151958 30.7463338682 30.8466416613
31.1591862645 30.5147230472 30.7070611233 30.7708968239 31.1198340195 30.7134218551 30.8925662618 30.9977129558 30.7770251524 30.9933736418 30.6034109187 31.0101591169 30.9413894771 30.8808231646 30.7953805116 30.6187798831 31.1125839114 31.042432151 31.1181813626 30.8926359441 30.8390360568 31.0040553772 30.5986117383 31.1260616818 30.7196588789 30.8268025286 30.5315582131 31.1563299025 30.6078053402 30.9796355622 30.7946571085 30.7734254832 30.871108925 30.7464035729 30.9651169795 31.06211694 30.6035484878 31.1750638088 30.719143395 30.7257878769 30.5123354488 30.7559724435 31.1969958028 30.8426902985 30.8654589477 30.5513240559 31.1725416284 31.1868442419 30.6219151028 30.7804685732 30.8882034125 30.6173687824 30.716746145
0 31.0646974526 30.7496615726 30.9287957439 31.0440901552 30.6692685648 31.1246801239 31.0676957703 30.5814810068 30.9659203075 30.5636693723 30.8596953946 30.5448037258 30.9474638864 31.172226754 30.6712615301 31.1156657098 30.9699944267 30.5206286177 30.9998468502 30.9238993468 30.6048246194 30.8612796753 30.5536611137 30.6335818428 31.0522083396 31.0421603727 30.5611141639 30.7009880001 30.8155045512 31.0334092504 31.1862116894 30.9991543659 30.9575752726 31.0123169428 30.5667226944 31.0638367901 30.6521615906 31.1885485546 31.063921271 31.1547417268 31.057112779 30.579114589 30.9480576992 30.6086500053 30.8607155436 30.5060009337 30.7710166479 30.5861911141 30.9738726637 30.7318338296 30.8170989386 31.2032740143
0 0 0 30.5328557969 31.0713124784 31.1789326887 31.0542257296 30.9524426917 30.9299681852 30.7072910475 30.8930197641 30.7173282954 30.774038653 31.0962556899 30.6558440723 31.1939573438 30.5325887268 30.9131865762 30.8759768512 30.8937366935 30.5909573781 30.59567107 30.964948383 30.612517542 30.7764244436 30.8818438115 31.2058483689 30.8275047412 31.0475463149 30.5068172441 30.6390556755 30.7271323718 30.8280775924 31.0801439625 30.9165038666 30.7476469915 31.2056803458 31.0401569199 30.6578089878 30.8855200237 30.9007660011 31.1192187067 31.1787664878 30.593721204 30.552510847 30.5478010272 31.1111968184 31.1394629222 30.5409489594 31.1722915004 30.9237605819 30.6297877438 30.9622960467
0 0 0 0 0 0 30.767437057 30.6791937521 31.0227866545 30.8583250206 30.8732301672 31.1874304345 31.136123625 30.9642750844 30.5957735353 30.5443359895 30.5787343575 31.1606788145 30.5885612896 30.6074722606 31.1300066912 30.592949652 30.5358266172 30.6600269557 30.6857813163 30.8719495221 30.5466536563 30.7245944919 30.6310646221 30.899757483 30.9100883705 31.1791383561 30.6789512848 30.6969301598 30.6489989014 30.6677209826 30.7628106119 30.8491029943 30.5811502875 30.6210828209 30.8953114128 30.5087746119 31.0768489482 30.7718980527 30.7677730256 30.863954032 30.997401253 30.6752489938 30.7106948927 30.5705060722 30.9118704176 30.7874591372 30.7068248445
0 0 0 0 0 0 0 0 0 30.8847594191 31.1813254257 31.0408266983 31.1523820787 30.5450271553 30.8774170523 30.6608528533 30.7644529562 0 30.78277466 30.6695398949 30.939418434 30.848187861 31.2028382648 30.9226023373 31.1684019893 30.5400636123 30.9881182206 30.8860352719 31.0394294455 31.1606724866 30.5280548266 30.7538193405 30.7568074504 31.0415843272 30.797707393 30.5905726902 30.5408310612 31.1518299553 30.8477686623 30.6029100384 30.6852279525 30.5697315541 30.5180887489 31.0771575009 30.6278707006 30.7753160453 30.9484950752 30.5298866999 30.6323511241 31.1536746473 30.6777206298 30.5955987688 30.8108961334
0 0 0 0 0 0 0 0 0 0 0 30.6895096431 30.9919537897 30.7365527064 30.8756231678 30.910153282 0 0 0 31.016525973 31.1023321337 30.7814439434 30.8655276169 30.8943500931 30.831922875 30.8525020387 30.8716083879 30.9969904209 31.0895390652 30.511475633 30.9212822034 31.1739112625 31.165759024 30.9139337524 31.1069339348 31.1179115276 30.5886129816 30.6922834587 30.9973916036 31.1138504211 30.5865006692 30.7418439504 30.6662851576 31.0264092117 30.52298459 30.5308119593 30.749199478 30.8317568065 30.6909498217 31.2000633204 30.5828505421 30.7690700972 30.8256137091
0 0 0 0 0 0 0 0 0 0 0 0 65.9304345373 65.9304345373 65.9304345373 0 0 0 0 0 31.0595564607 31.0339422679 31.1257762152 31.0609344477 30.913846853 30.8149316598 30.6962813487 30.7587598513 30.9051781013 30.7394453044 30.7491160851 30.6014742783 31.0195862983 30.6786176865 30.9316210802 31.0916748935 30.8077057759 31.1112032492 30.944073715 31.0444812337 31.1013933236 31.1978113873 30.8231234013 30.5756239711 31.1800320372 30.77588081 31.0960953212 30.893834262 30.983198746 31.0585375714 30.8898698232 30.7218418605 31.0560826802
0 0 0 0 0 0 0 0 0 0 0 0 54.1486411055 51.8662067973 47.8303978115 0 0 0 0 0 30.9789247981 30.9653693611 31.1448858281 30.7700439474 30.9556563741 31.043605894 30.9490486358 30.6020486754 30.8941822265 30.6677426714 30.602539913 30.7857711636 30.6861955271 30.8207703836 30.6393867393 30.7500807503 30.7846442624 31.0747430973 31.1517551716 30.8046599403 30.8771260363 30.8217423549 31.0740397033 30.6556433865 30.7277188185 31.0575540431 30.5252133654 30.7066262583 31.1824056423 30.9028095691 30.532685495 30.8629778229 30.7165764131
0 0 0 0 0 0 0 0 0 0 0 0 51.2749790346 60.4110907605 52.6438134041 0 0 0 0 0 0 31.0025807095 30.9304145009 30.6486653186 31.1328493577 30.8550486708 30.7256764872 30.6554510207 30.7060129696 31.1430392233 31.1532767254 31.0585853297 30.7013152295 31.0406840977 31.1205670735 30.5476819541 30.9720599731 30.7753857289 30.5984611326 31.0202997239 31.0898193204 30.8118844378 31.017478725 30.9475061391 30.6514579811 31.0619882821 31.0265653408 31.0065623323 30.7086711273 30.9028415786 30.597877986 30.6055184592 30.8211664596
0 0 0 0 0 0 0 0 0 0 0 0 50.6715891551 46.5900897572 52.9839933277 0 0 0 0 0 0 0 31.0166309657 30.6507031961 30.8803562055 30.9314349132 30.5488479733 30.734796283 31.1493533736 31.1637420869 30.7009114589 31.0679412979 31.0299050254 31.0205450242 31.2026142524 30.6695770281 30.653584833 30.545858475 30.650667875 30.7522104622 30.654972559 31.1680602406 30.7810163427 31.1604795863 30.5711793294 30.5185348697 30.5172968111 31.0062660981 30.9696732153 30.7358556601 31.1724596073 31.139800016 30.8770606625
0 0 0 0 0 0 0 0 0 0 0 0 0 0 0 0 0 0 0 0 0 0 0 30.8497068756 31.0815608399 30.9096201591 30.9469684988 30.6306373428 31.1741267709 30.580508739 30.5633573904 30.9405405784 30.9560217666 30.7094322701 30.9318185963 31.1853936992 30.5837777116 30.6642041279 31.1486922709 30.5733526473 30.9626891558 30.9143961469 30.6129078443 30.5562830114 30.7216300644 31.0754199229 30.9717876506 30.7841559807 30.6702935069 30.7454435328 30.7747976386 30.8065646203 30.5026467147
0 0 0 0 0 0 0 0 0 0 0 0 0 0 0 0 0 0 0 0 0 0 0 0 30.792450227 30.7306073835 30.6413892302 30.7672533312 31.1494413633 30.7300376943 31.1155153954 30.6247619268 30.8009763289 31.0950276134 30.6306931696 31.0507003117 30.8264258877 30.7573761914 30.6717333225 31.0699794371 30.812667066 30.7408946273 30.5465772763 31.0832598486 30.6722283477 30.501959722 31.0852079964 30.9462338659 31.1456017591 30.6728116517 30.5910552126 31.0967919885 30.6404015548
0 0 0 0 0 0 0 0 0 0 0 0 0 0 0 0 0 0 0 0 0 0 0 0 0 0 0 0 0 0 31.0353418006 30.950952269 30.6940066627 30.8068944843 30.831346275 30.8665927632 30.5338013912 30.9147413921 30.992375442 30.7001525708 30.5048812112 30.5284061476 30.7532024686 30.8756809619 30.8274994184 30.6314520672 30.9821270984 30.5622990214 30.9427963081 30.7502881499 31.0482858446 30.5087358696 30.5761545801
0 0 0 0 0 0 0 0 0 0 0 0 0 0 0 0 0 0 0 0 0 0 0 0 0 0 0 0 0 0 0 0 0 0 30.8114352458 30.9853442666 31.1926087387 30.9614745079 30.757060286 30.7070521653 30.7295078934 31.1767365489 30.9852109686 30.7427976181 31.1284540534 30.7726558313 30.9239861026 30.7830501061 30.5198588918 31.1144206368 31.14163692 30.7991114286 30.7225756725
0 0 0 0 0 0 0 0 0 0 0 0 0 0 0 0 0 0 0 0 0 0 0 0 0 0 0 0 0 0 0 0 0 0 0 31.1625150157 30.8627884997 31.203549333 30.9496636563 30.9746042767 31.0694450668 30.9412195811 30.5532936011 30.6977709313 30.5851605416 31.0830905987 30.9860301018 30.5277202832 30.6591278481 30.7446184187 30.5241351365 30.7325300771 31.1540171159
0 0 0 0 0 0 0 0 0 0 0 0 0 0 0 0 0 0 0 0 0 0 0 0 0 0 0 0 0 0 0 0 0 0 0 0 30.6379061393 31.0926019145 30.6486175014 30.8370123358 30.957800145 31.0456057061 31.1182383403 30.7899799582 30.8796754928 30.8437084382 30.7739968837 30.5525048635 30.8518026373 31.006295248 30.5367205536 31.1034130401 30.7724636411
0 0 0 0 0 0 0 0 0 0 0 0 0 0 0 0 0 0 0 0 0 0 0 0 0 0 0 0 0 0 0 0 0 0 0 0 0 30.737440966 30.9600442891 31.1681248062 31.0234182598 31.0394735488 30.8730936507 31.0053135773 30.8210172317 30.8705187343 30.5698443783 31.0584947584 30.7071746052 30.6207240435 30.6267801553 30.9943092017 30.5365628814
0 0 0 0 0 0 0 0 0 0 0 0 0 0 0 0 0 0 0 0 0 0 0 0 0 0 0 0 0 0 0 0 0 0 0 0 0 0 30.5047719208 30.8754372185 30.7398952719 30.9147955951 30.6576499414 30.9500640551 30.6137705265 30.7708020029 30.5179706336 30.9354192759 30.8056243749 30.777482133 30.5496393918 30.7417880275 30.8167590629
0 0 0 0 0 0 0 0 0 0 0 0 0 0 0 0 0 0 0 0 0 0 0 0 0 0 0 0 0 0 0 0 0 0 0 0 0 0 0 30.8032030978 31.0663059862 30.8643558908 31.0985121416 31.1099839831 30.5349890447 30.521093868 31.0308285159 30.5927081261 30.9458279825 31.089119043 30.9202264411 31.124872729 30.876305445
0 0 0 0 0 0 0 0 0 0 0 0 0 0 0 0 0 0 0 0 0 0 0 0 0 0 0 0 0 0 0 0 0 0 0 0 0 0 0 0 31.1686915385 30.7381310683 30.7534894459 30.7488036532 30.6594428787 31.0377225508 30.7148411746 30.5467173772 31.1202267294 30.6059338463 30.5153328118 30.5530439618 31.0899405035
0 0 0 0 0 0 0 0 0 0 0 0 0 0 0 0 0 0 0 0 0 0 0 0 0 0 0 0 0 0 0 0 0 0 0 0 0 0 0 0 0 30.6836689296 30.7748105643 31.070018353 31.0379985923 31.1439602698 31.011242508 30.591131024 30.6877493828 30.5986789897 30.7744390013 30.8752154199 30.7875724619
0 0 0 0 0 0 0 0 0 0 0 0 0 0 0 0 0 0 0 0 0 0 0 0 0 0 0 0 0 0 0 0 0 0 0 0 0 0 0 0 0 0 31.0892179291 31.1179945398 30.7538756753 31.0656685772 30.7459410024 31.1577990738 31.1630132858 30.6553848638 30.9133155918 30.6537011062 31.048715169
