Spatial_Output/90% DEC/90DEC_0078.asc
NCOLS 155
NROWS 192
XLLCORNER 196769.923733
YLLCORNER 449719.875193
CELLSIZE 27.603701
NODATA_VALUE NaN
[rows 46 to 68 of 192, columns 53 to 105 of 155]
43.5650632347 45.6294730974 43.8129974472 45.6787667616 43.9624571722 43.9260539878 44.4677957517 44.7797867989 43.3663905382 44.4642058279 43.6341385844 44.7131067912 44.3740176581 43.3782006475 45.0639680506 44.4144826222 43.8870703453 43.7495829844 45.0314655237 43.4589007725 43.8581080027 44.1578442437 43.2588548942 45.5066835051 45.3781999916 43.1798740618 45.1313637597 44.0080679483 43.6948272917 45.0474009464 44.4033149073 44.8325769549 43.9975887151 44.9892744079 43.4086105567 45.6142845489 44.0624637607 45.3399555058 45.2702106173 43.0003204474 44.9878714005 44.8287613848 45.04508726 45.1355345299 44.5690108338 44.2933382938 45.4491244184 43.974932209 44.0823674736 45.6246650861 43.4954542703 44.1839866784 43.5909256039
44.3390354346 44.7311656282 45.7545818551 45.4686240888 43.382964793 44.0778740451 43.9742962857 43.3266889101 45.2124483263 43.1521614992 44.6433466348 44.7701372066 43.8651094614 45.0676333898 45.4438281618 43.7062852668 43.2680221569 45.8073085122 43.701180335 45.8210411517 44.9074890643 44.5787001418 44.2370655008 43.5980728773 44.8826427631 45.5310240395 43.9422092658 44.0311614226 43.9826709356 44.8915882693 45.2939724114 45.6058989499 43.2905551805 44.8683026071 45.2983857331 43.5765121206 44.1230477698 44.4698639289 45.3675641903 44.1668095246 43.0826260897 45.4299770752 43.4575904507 44.9841991505 44.9415982057 44.7776198781 45.7443478163 44.6888877436 43.0672209511 44.7158703844 43.5212505543 44.6445137436 44.6382443369
45.3494409347 43.8632142994 43.1834573082 44.7068749613 43.4318688171 45.573992977 45.3181178813 45.7322195862 44.965318957 43.0494830926 43.0051685352 45.2711146355 45.312860266 45.2001530764 43.8276154511 43.9368381832 45.3210226356 43.2830323194 44.2559200795 45.3614432752 45.5734166864 45.5615431199 43.5073617234 44.7136744326 44.7207061027 43.3506736705 44.9922171146 43.4385812315 45.5522713095 44.8626512108 45.6181325572 43.1723216803 43.452564467 44.4908682709 43.9854537938 43.9549944655 43.2841421616 45.819833606 44.5643042771 43.1589211808 44.3113272507 44.7056063727 43.7419736373 43.7534255163 44.8664862198 43.9703271656 44.2694465225 43.7451507478 45.0155347474 44.7333036391 45.0028732053 43.8940706992 44.3030761901
43.5111747486 45.2255137567 45.4402237916 44.6284984266 45.7615765376 44.931120338 43.6040401399 43.7669696038 44.4103342185 45.8061561884 44.2658165299 45.448560387 44.362397214 43.6109960635 45.0413255044 59.2307377734 59.2307377734 59.2307377734 44.0740065904 44.577587129 44.6946885704 43.4523078778 44.1762512654 43.6111152422 45.3848052288 43.7750817968 44.5534204161 44.2496384106 43.5046810035 43.3387217528 44.3905416317 44.8273643101 45.2762005966 43.371484523 45.6564197363 43.2527985139 44.7535388841 44.4685649098 43.813316837 45.3844300375 44.5002206129 45.1402093675 44.9002593175 44.9531614166 43.1174237017 44.5412003505 44.7924304119 45.3073775609 44.7427172475 45.2435081751 45.3124679698 44.1944306205 44.0386089568
44.5011040082 45.2082109806 45.6432844546 43.382044242 43.3755791917 45.3537569719 43.5931152829 44.7254286819 43.6254879842 43.7060740189 43.6856985807 44.1551800368 43.0741407675 45.550880264 43.6954376553 59.2307377734 59.2307377734 53.6483402353 45.2813143104 44.3148973188 44.8506344272 44.4908420223 44.9153998607 43.731001839 44.3493801308 45.473296473 44.2594675432 43.6929871579 45.1310184382 43.0075538706 44.7297349788 44.8645043118 44.9111930618 45.0251283175 45.425115519 45.0966621392 43.1063250897 43.5311232918 45.2021044249 45.4582427001 43.6183135846 45.3162809415 43.6436410645 44.1397120444 44.0574968424 43.0006219014 44.7220818864 45.4949715047 43.7267627491 43.0097560737 44.4808969775 43.5441310856 44.3537308764
44.9046081158 45.598446187 44.5203498393 45.1804222437 43.9510374021 43.5575402186 44.8553071895 45.713564139 44.9569164015 43.2715628418 45.0757117522 44.4449972401 44.2647644447 44.6125338314 43.5076587996 44.1082806199 53.6483402353 43.6993673848 44.4239144334 44.7253634522 44.1626927362 44.2968177424 44.5800705556 43.2706233733 44.6906017725 44.9396567558 45.3625200373 43.3625391757 43.9071111994 45.1073125539 44.8886279536 43.3759466454 45.5179785997 45.2751866966 44.273104153 43.5660523105 45.6733305317 45.3792711671 43.7955133164 43.5239354395 44.3554618714 44.4242643254 43.3830019186 43.8292363628 43.4698369563 43.8083394995 45.1648721785 44.0010256771 44.8500864296 44.7668981142 43.0451212921 45.6451117441 43.0649238177
43.30154742 45.6102761674 45.3621920918 45.6320518361 43.2907036375 44.7566260542 43.3191471118 45.1637622609 44.4329012 44.1073284071 45.0694831507 44.9005032366 43.4682776195 43.5474511482 43.0440903945 43.8607600494 43.7071253099 45.217424195 43.2413165687 44.4442514897 44.7254013536 45.0735672832 45.5849559008 45.7544483348 45.042731856 43.1255027505 45.1860028131 43.2006344026 43.712004546 44.8105573865 45.5862386559 44.729277409 45.8130525553 44.2414770806 44.8397429081 43.9091559645 44.6989448042 43.1865127191 43.2548337312 45.7472723969 44.9253300204 45.5491841725 44.0300191169 44.4627461071 44.6614129901 45.356478231 43.0547468397 45.1911502224 43.8774165425 43.2296198605 43.9689296729 45.141842807 44.4601937145
44.7168720021 44.5279595768 43.0586060795 43.6983564116 45.2276041567 45.5159773436 43.6770112243 45.1984839504 43.9329745932 45.5653032873 45.4204699876 45.1267546164 45.4228345355 44.9070440769 45.6982194254 43.9511420509 45.5209191509 43.0066814496 45.3888233692 45.6310195187 45.3731538335 43.3707286431 43.7105877343 44.4785563143 43.1411625216 44.062634586 45.5409295268 45.5700521122 44.5534991919 45.0381060223 45.4599049245 44.9893470761 45.7209436614 44.3305967567 43.5732866722 45.6599307685 44.8605487142 45.4629692641 43.2971311253 44.4658608863 43.1042186305 44.6540065803 44.2748921852 43.2651336668 45.546028015 43.3790413453 43.461333205 43.1875184801 44.8838684817 43.0167875627 45.3305510074 45.1696004247 44.0554896136
43.2687239836 44.6587036043 44.0616596196 45.1516529303 43.6028808307 45.1878674175 44.1217132279 45.2558028333 44.4879305562 44.5401962036 43.5770841452 43.1098818581 43.7644909263 44.5357970384 43.5604283061 43.1189334162 45.7430844784 43.2850066077 43.2659130305 44.0691005795 45.1701618011 45.4637557891 44.8566167543 45.4967040726 43.3095268889 44.0143030212 45.2274543884 45.266041492 45.0238288085 43.8306229087 44.0649482773 44.3779979884 44.566763546 44.5986053058 44.1578727605 45.0190311691 44.2053117936 44.6736137467 43.3578584369 44.6553693205 43.2767424846 44.3523014697 43.4593516224 45.6449262182 44.4676754364 44.5075920151 44.0078976033 45.5601665151 44.1659371503 43.8020926686 44.3589975054 44.3380090278 44.1765941415
44.7956070106 45.1396632439 44.1840441573 43.787544273 44.0830241456 44.5859120959 43.6083332311 45.0977030921 43.8565849749 45.6930190851 43.4566686706 43.0589794119 43.8087260079 43.4720633505 43.6279577899 44.9572041013 43.0647760106 44.4204353727 43.7319510542 43.2107404955 44.7149614023 43.135154441 45.1621419065 44.0759978482 43.0183714733 45.2975160966 43.2922066286 44.494694107 44.5477207937 45.8208188193 43.2781522337 43.9032699011 44.1319484932 45.203087268 44.5422332457 44.4229969396 43.0554236955 44.3762171407 44.30005077 45.54095868 45.0701664905 45.3340952206 43.5314500284 45.3912177332 43.618219569 44.9618442395 43.6427199462 45.3276743979 43.9045969906 44.6027531009 43.4353734761 44.8681902203 43.8180845623
44.7927750846 45.421631087 44.5456566601 43.2829753326 44.1647099574 45.4330438654 45.3316523667 45.3568462243 43.4480861259 43.7003116347 45.0165898975 44.5884190407 45.6919416128 43.5118144452 43.5701998002 44.5781947969 44.6754188729 45.4007466544 43.0163536078 44.1305091081 43.0808058532 43.3036729482 44.2121342862 45.1922101655 43.5571558804 43.4205629728 43.0578622799 45.0436740486 44.0527502161 43.7697062517 45.1181005745 43.2065117378 44.7785246692 43.2614924089 45.5625642112 44.111538394 45.6536374119 44.9510989596 44.1782312478 43.2569445831 44.5266228957 43.098758869 45.5680221576 44.9002506981 43.5112616709 43.437889182 43.620898455 45.0931753099 44.0079840313 45.3007104819 44.9882504466 45.6197779712 45.642451911
44.9277424455 43.1344583235 43.4811369925 43.0045278299 44.992452819 43.0895329635 45.056778199 44.7708043635 43.9100946253 45.3218057467 45.0166379335 44.6046060249 44.0004867443 44.8307079786 43.4293537808 45.8031711403 45.2704015518 45.07730532 43.0212512174 44.2351657928 43.6807567984 43.3189171207 43.4680771027 43.5897964819 44.6176589594 45.6688871005 45.0235704109 44.4639630666 44.8161814575 43.5066652527 45.6264279196 45.5808181414 44.9721406961 43.6957243734 44.3845499703 44.6556390044 45.6026472481 44.2541006899 44.2640831112 43.4336187774 43.0320492604 45.3168208167 45.3376021123 45.4025574748 43.4083008205 43.4209268554 44.9156423505 44.5630444119 44.2200764319 44.5494008154 44.3244405684 44.1059168728 44.1790467852
45.2990942473 44.1009202514 43.5388205769 44.2909590175 43.0444464013 44.6765891157 44.8911972115 43.6360604955 43.8969117185 43.3288460565 44.3857097416 44.0765319632 45.5563477901 44.7417103743 45.3343258679 43.4000913358 43.8502544092 44.5589995518 44.6611880314 43.0950596141 44.6734952068 43.674352821 44.0152684969 44.5668744685 45.2863408542 45.4298901696 44.6984516104 44.6281462015 43.4830294413 44.3544216646 45.3419774467 44.2389967359 44.8557082833 44.7758592293 45.5799901091 43.8904400922 43.5930151122 45.7239111007 45.0421598088 43.6005262086 43.9832024431 45.5778342333 43.2468266273 44.0757776665 43.1364491293 43.955789981 45.341566739 44.8702179763 45.018828905 43.1302689917 45.2719648099 44.1520505388 43.171485584
43.2554889882 44.9705559601 45.5365557129 43.3410996188 45.7111570747 59.1548864096 43.0636070967 45.1488679744 43.6456964826 43.1115081903 45.8196203979 43.3541248037 45.3883470384 44.7224305637 44.467707918 45.7388509896 43.9401712751 43.2198846207 44.2825032364 44.9192094314 44.1257326994 44.2685020838 43.0412579812 43.797125651 45.6986766406 44.8562722798 44.3983947041 44.9132312333 43.7523780694 45.1177669225 43.4574781599 45.4948073637 43.6676336162 45.4068782053 44.7293141961 45.6022931027 44.8405744876 43.4078054018 44.3403559044 43.1271980827 45.414367791 43.4748857015 43.5266677138 44.490999191 43.5835492408 44.6202346304 44.4355478163 44.2173006146 43.529856471 44.0172357662 45.1279529478 44.244755842 44.0040119056
44.4214780676 43.7335657292 45.1975781048 45.0263287964 59.1548864096 59.1548864096 59.1548864096 45.323067808 44.6711766372 43.7259668597 44.2738103381 43.2349364043 44.6453979058 43.557294756 45.6948271798 45.4625341019 45.3577221418 44.9149029063 43.7548152946 44.1306717646 45.307567792 44.4845922562 44.6469804864 44.9589956365 45.8088204076 45.8109499795 44.4158360773 43.0968910765 45.5289158947 45.6837298004 43.0645424259 45.5367550385 45.2086846191 44.5426144119 44.9902126741 44.5248344371 45.1697929899 44.4200551194 45.5356089572 43.3157112345 44.726031124 43.8223613279 45.3202601344 44.4766881623 45.0646495578 44.1944531202 43.0583450465 44.8485498126 44.4837881311 43.7847272267 44.8499618365 44.1129799777 45.6990477264
45.0395242492 43.8128317196 44.0054832768 44.970682623 59.1548864096 43.3349271864 44.0989682358 44.7082243613 45.5974794131 44.8601982427 45.8216573993 43.3645274541 45.8030302002 45.1647929796 45.6121875029 45.4612266267 44.1441625473 44.7279447404 44.1939845759 44.3106255464 43.9674367876 45.7118795237 45.3296333615 44.3289746572 44.652374454 43.1166455631 44.3238106973 43.3728401331 45.6748737197 45.6718380551 45.5193262601 43.7416960093 44.9334184667 44.8031549667 43.2164161167 44.8742830541 45.5115522162 43.372636334 43.4931604206 43.7738733318 44.9242940572 44.8444641714 45.2646760478 45.3386422032 43.1836846901 45.6509077559 44.3265515409 45.3260478463 44.5959722637 43.1063775984 45.3879716354 44.1394369315 44.4390933526
45.284220491 44.8668356766 43.7305900414 45.7464100892 45.4519628106 45.2128322912 45.0588151523 43.4122243059 44.2704896668 43.6313160067 43.0667757072 45.5298058127 43.5804545001 43.8743648978 43.8542335705 45.7008587632 44.3495107013 44.9894291353 43.1926900608 44.3448875966 44.450830941 43.2542103237 43.2557158169 43.5433967974 43.7413008312 44.4844631234 45.749718333 44.5739039479 43.2363745568 45.5040676922 43.0619790696 43.0718191706 45.6880319667 45.1662405424 43.0589008178 44.8122848981 44.2698619016 44.1808373515 43.7728017315 43.7720388952 43.1382822994 45.3273810424 43.6798445904 44.6738296875 43.9949486065 43.2554799427 44.7946743675 45.6553596076 45.3628666943 44.9600829565 45.7035547992 44.2440399241 43.2237045161
44.671961348 43.4783834099 43.7492973158 43.216019085 44.367944957 43.2491379143 44.6663512964 43.291133416 45.431952248 43.8019952965 43.6960812282 45.0259678267 44.6625597177 43.9019178138 45.0808279274 45.4199785118 45.199681504 44.2114230726 44.9100495183 44.1239410893 44.1547947353 43.1932734317 44.2981176338 43.6305711634 44.2599304188 45.7638867037 43.1553393774 43.7383818273 43.4860159562 45.4228744265 44.4539924628 45.7014760807 43.1922937691 44.6281626471 43.631016893 43.1046401864 44.1552187837 45.232295003 44.5748917028 44.8612399377 44.9686461329 45.1080634903 43.622573293 44.2157431271 43.3024079469 44.0843415467 43.3203691673 44.2253981809 44.8568930887 43.6599607837 43.0290980551 43.1550199498 44.4188335603
43.3915445751 44.6499795881 43.9715629079 45.0091726677 44.1830070928 45.7044232342 45.0876659294 43.1085245111 43.5362396472 43.5573841442 44.48247947 45.4069859333 43.3538389762 44.9175985258 44.2856794513 44.0813418366 45.4871078692 44.8805971651 44.5430411765 43.1043078385 45.8059411916 45.175246656 45.4106706461 44.9646133799 45.767230509 44.3400965503 44.42509073 45.4353516711 44.8758794441 43.6098068685 44.6425016751 44.3549895521 45.1747853525 43.8700731119 44.0829046028 43.4244948497 43.8078699572 44.2999345098 45.6099012755 43.335381413 45.6405092716 43.0557919819 43.8768069967 44.8683615952 44.0096386947 44.9463352096 43.0096360912 45.0291498545 43.5765199569 44.2161000447 43.8867409896 45.3625647414 43.3374766444
44.5582346102 43.178996679 44.4268174058 43.8803669583 44.0190672113 45.2917030614 43.5042250624 44.3593714142 43.5565091347 44.1741550234 44.8242579646 43.7407863289 44.3294229767 44.0489109366 44.0045823321 44.9552558729 44.8242533552 43.6715128819 45.6509019298 45.4892441309 43.2639698498 43.3391326473 45.1832117778 43.6041224586 45.0097306404 45.1134602854 44.2023274379 44.2799100518 44.4696155414 43.0784904066 45.2004895506 43.5933112942 44.1204958482 43.1300003728 45.12302808 44.3190861132 45.7690238541 43.7100096949 44.6896918004 45.2567563709 44.1559294122 43.7812161785 45.1096910679 45.6815544274 45.3657266666 44.1911332524 45.1605409898 44.1544532318 44.0395610484 44.1355323923 43.8199350848 45.5098669488 45.0686551477
43.8227508856 43.4179760683 45.5263366509 44.7187567778 43.958452813 43.8319234297 44.0534602429 43.7933727353 43.7924699894 45.6855331809 43.9926616039 44.4786883378 43.9974833279 44.6473371137 44.8272706747 44.0334756127 45.3465249232 44.4180412217 44.44140594 43.2281539333 44.556994929 43.8464434011 45.3316887239 44.860646709 45.7311867085 44.1701986196 45.5877404285 43.9132567018 45.2955730275 43.6253507672 45.1091736087 43.7843044649 43.1857404227 45.2189098651 43.512323559 45.4820870783 43.939586181 45.0246699676 44.0031084722 45.5607561729 44.2171283561 43.4623491885 44.7200584444 43.0157262107 44.3841454097 43.7031823593 44.9600412419 43.3607737629 45.508444633 44.7400156322 43.4344510809 45.0346563087 43.679690112
44.0724566222 45.4803916912 45.4054340651 45.7943496814 43.6759686594 43.2571768585 43.2889249982 44.9265980551 45.6862217893 43.2823429372 45.0391853491 45.2724189691 43.2829490782 43.5749024295 45.2262445 43.8724282963 45.0600638909 45.5931152331 44.5372056648 43.6797217424 44.9317510166 45.6150488963 45.2532894965 44.3979233937 43.2283398702 43.2759165169 43.0186986582 45.4158072989 45.4375376313 44.1077904684 44.7317617366 43.6525008857 43.4759486553 43.5501663868 43.9494858608 43.3519751314 44.2279310572 44.3779781309 44.8488946228 44.6599191731 43.3872335903 43.5648808446 44.3935191766 44.4579731221 43.5794886436 44.8222366862 44.2641112976 45.5289819104 45.0583473045 44.8397197299 45.6614548665 44.3143422852 44.7960765039
43.6152887505 44.5854120973 43.6134494439 43.4206850396 43.5450972629 44.0273916504 45.7219971731 43.3730094474 45.618546715 43.4578480955 44.7313749717 44.7822889784 44.7929402269 44.50018566 43.8554488302 45.0205696914 44.5449957013 43.7879457259 43.0250419597 43.8359201951 44.532713709 44.9944583736 44.7048981777 45.0129557743 43.4232569462 44.581877493 44.0181448637 44.2395229501 45.0944973778 44.2222447225 44.161621197 43.0958434519 44.2132872048 43.3467245683 45.3267191661 43.3231771117 43.5334424383 45.6829426451 43.4725174736 43.591099448 43.4067774332 43.5996744669 44.5716492707 43.7556723006 44.6307844532 44.4262043134 44.7941537811 45.3751695025 43.9552539506 44.61560382 43.1321728495 43.5638727816 43.6497342053
