Spatial_Output/90% DEC/90DEC_0267.asc
NCOLS 155
NROWS 192
XLLCORNER 196769.923733
YLLCORNER 449719.875193
CELLSIZE 27.603701
NODATA_VALUE NaN
[rows 161 to 183 of 192, columns 53 to 105 of 155]
45.1988428423 44.8261050504 45.1540223117 45.1077408955 44.9506540813 44.9957074299 44.7975166368 44.504667944 44.9787973943 44.5137456486 44.7671733719 44.5188287776 44.50485757 45.1984193201 44.9079238924 45.1815750706 44.9633397447 44.6395760608 44.5954009061 45.0776339645 44.6478305889 45.0498289834 44.7834718668 44.6313476933 44.797935474 45.1760134091 44.864733914 44.6892879941 44.7230926503 45.2005371576 45.1175870042 44.9500511548 44.6108078202 44.6897426479 45.0773347147 44.8258226435 45.0460847778 44.9673475118 45.1113367694 44.9955559306 44.5370088257 45.1129766446 44.8608785688 45.033956987 44.5776081701 44.9224496997 45.0219826841 44.5379056465 44.6391443275 44.7867609086 45.0191501724 44.6886155412 45.0499790994
45.0948320283 44.9147569962 44.7716976128 44.9454299513 45.1731954713 45.0724746551 45.0401427802 44.7047718649 44.7188496146 44.7304425136 44.56802454 44.7201036145 45.0095913886 45.0651188393 44.7022737358 44.9489735101 44.9039227018 44.8373673585 44.6866677933 44.8072020061 44.6451695659 44.8086132821 44.5863272718 45.0106587563 44.5021042267 45.0234237921 44.9910837917 44.6525035407 44.6185317969 44.5988316548 44.7259974228 44.7409896253 45.0017107303 45.0171777106 44.8252283916 44.8243106559 44.8119341683 45.1190556109 44.791839096 44.8193473495 45.1881117535 44.8897646558 44.5778365727 44.9759651622 44.7257787213 45.1501933933 44.8364499682 44.5983418679 44.6534881112 45.0977156679 44.8444456441 45.1482315372 44.909108915
0 44.798298939 45.0348858158 44.906929404 45.1300914185 44.6484621428 44.9687373315 45.0531299075 45.1639829955 44.9593349089 45.1429686426 45.1833680927 44.9807861617 45.0854863663 44.9146129249 44.9912984049 44.5576022882 45.085355791 44.8715945692 45.0617023796 44.8472059647 44.767946118 45.0405297134 44.9317338575 44.8900412383 44.7838460643 44.7048150804 44.6589344153 45.0697101589 44.5734544917 44.9979685196 45.1092743235 44.9835909815 44.7542712016 44.9532653013 45.1557400388 44.901095182 44.6726421817 44.9966558289 45.098057826 44.788586681 44.8455844727 44.781843892 44.9118279516 44.762950465 44.9653117595 45.0980441952 44.8606566731 44.9161478979 44.8259293143 44.6440848543 44.8814004403 44.5040627939
0 0 0 45.0616071017 45.0085464506 44.6440007009 44.6029560192 44.5073829468 45.1467666771 45.041706899 45.0621078097 44.8177857352 45.1505783296 44.740972396 45.1752031958 44.9521509826 44.5843003645 44.9387299387 45.1564425606 44.8657653302 44.6001337297 44.8550978988 44.7710427775 44.9489611289 45.0614266819 45.2028519659 44.9372713913 44.7850151229 45.1157839053 44.5235205117 45.1370400659 45.0394143037 45.1813679319 44.5661248522 44.9269283383 44.7830590352 44.9643568713 44.8082935859 44.7886038538 44.9444995354 44.6069184746 44.9601062748 44.8379484938 45.0584191167 44.9460045954 44.8927875889 45.0173306789 45.1803897053 44.707575758 44.6496829543 44.9750213853 44.6622539892 45.1415176721
0 0 0 0 0 0 45.1079830446 44.911088545 44.7202425442 45.0978306903 45.1469879194 44.8553138862 44.9136039808 44.9159290582 45.1673110735 44.6604612491 45.1797578118 44.5058691825 44.6463503725 44.864037422 44.9886767316 44.7313897957 44.7780401492 45.1117126029 45.1278626109 44.7533875252 44.6016922183 45.0187063351 44.9081629196 44.7396849938 44.7244872033 45.0949943885 44.5562138 44.8082652332 44.9735736973 45.1410572785 44.8829012827 45.0245263119 44.9664924254 45.0815907681 44.6865649652 44.9954607704 44.636570397 44.5048675826 45.1588186938 44.6711904022 45.1364643901 44.536719877 44.9171284857 44.8596469531 45.146861203 44.5220392061 44.500342803
0 0 0 0 0 0 0 0 0 45.1581904068 44.9171716509 44.6932111675 45.0988031149 44.9940426612 44.8255862981 44.7353189982 44.5257759071 0 44.7707457739 45.1413799044 44.5101662699 44.713577841 44.9866531251 45.0801053385 44.6832611776 44.7505905532 44.889836253 44.6760724445 44.5384818766 45.1777954535 44.567365003 44.995895083 44.5962357928 44.9248386343 44.5159867753 44.5934512051 44.974876433 44.5212629253 44.9685217997 45.1611687841 44.8540255606 44.5760785616 45.0431793008 45.1658795221 44.8931061764 44.8837165952 44.736128445 44.7742928581 44.896923379 44.9735826303 44.8118983288 44.5106546102 45.0263854096
0 0 0 0 0 0 0 0 0 0 0 45.1972540575 44.969730948 44.6030967553 44.7353872699 45.1921081962 0 0 0 45.0811206113 44.6788774549 44.547873704 44.8549186822 44.9984529759 45.1302609173 44.8216247842 44.9205929774 44.6088674549 45.0478240046 45.0364360576 44.9499571499 44.6007251813 45.1915096882 44.8196731557 44.8369779529 44.5634573282 44.7467332513 44.5222253644 44.5849665512 44.5350665686 45.0866518661 44.5821918182 44.6851155338 44.8802752308 44.5075321277 44.5739906714 45.0096243402 44.8867066327 44.5816092899 44.7463461382 45.0693605217 44.6260529593 44.9242102995
0 0 0 0 0 0 0 0 0 0 0 0 65.9304345373 65.9304345373 65.9304345373 0 0 0 0 0 44.6210658227 45.0968651529 45.1102985199 44.9186076238 45.0233278344 44.6575997017 45.0813166893 45.0063003774 44.8134428245 44.5762491212 44.8598545731 44.8262803021 44.9156617083 44.5711418221 45.0758276679 44.9671003862 44.5547711304 45.0053645024 45.0967402777 44.555527081 44.636180605 44.9702549431 45.1694539586 44.5180096386 44.7974358503 44.8200133551 44.6867216768 44.6887751708 45.0263476403 44.7001427122 44.5441124014 44.5063550513 44.6713999785
0 0 0 0 0 0 0 0 0 0 0 0 71.323346012 85.9614206035 85.0738567063 0 0 0 0 0 44.9993091113 44.715963206 44.9663995329 44.9736565498 44.9478913534 45.1445417916 45.0060534383 44.8792683651 45.136198735 44.7775059611 44.747536325 44.9380230469 45.138585362 44.5379431602 44.5970170024 45.0020383865 45.0834657004 44.9857281789 44.6071591862 44.5429192659 44.7092160057 44.7377284654 44.5242103912 44.9934733447 44.788230759 44.7878797319 44.8613162596 45.1858139633 45.0769671769 45.043445489 44.692585693 45.0715204434 44.7838823694
0 0 0 0 0 0 0 0 0 0 0 0 78.5386692909 76.8561636241 77.1908626024 0 0 0 0 0 0 44.6499126839 44.9317818518 44.8401168025 44.8983222597 44.9894324743 44.6399741227 44.8165263075 44.8762553047 44.5568709247 44.9718907483 44.8019020105 45.2049084482 44.5406121618 44.9899123953 45.1614790445 44.6453374417 44.9493251114 44.9826109707 44.9074115612 44.5573206446 44.650702083 44.6461171041 45.1448992583 45.1510938389 44.8302435642 45.0335540321 44.6874597054 44.5724238696 45.1983894654 44.6807554728 45.0705993459 44.880105022
0 0 0 0 0 0 0 0 0 0 0 0 82.7894002114 79.8629978888 86.6426709625 0 0 0 0 0 0 0 44.7211570123 44.5771979221 45.0398154762 45.0965459411 44.8403085561 45.206956507 44.8271059195 45.1223251224 44.7390443843 45.1979277098 44.667056418 45.1115675355 44.7665424705 44.6164754294 44.7247601411 45.1845688697 44.6539280079 44.914391996 45.1168501289 45.0215863516 44.6127782261 44.5390221894 44.7918248584 44.5156544319 45.0432237054 44.6349124504 44.8634454941 44.6743631202 45.008050656 44.9225437985 44.9742376225
0 0 0 0 0 0 0 0 0 0 0 0 0 0 0 0 0 0 0 0 0 0 0 44.9990842624 44.6074086511 45.0454793968 44.9813178753 44.7261846119 45.0219212874 44.551019574 44.7042685319 44.5237653087 44.9878290961 45.0661824798 44.5861718727 45.1648322928 44.6071482633 44.9804718266 45.1557815714 44.5360051174 45.1638504969 44.7777952179 45.0464479816 44.9657317249 44.9620812957 44.5798621262 45.1768145719 44.5268066783 44.5995486912 44.7885344215 44.692488929 44.7854390375 44.8030012349
0 0 0 0 0 0 0 0 0 0 0 0 0 0 0 0 0 0 0 0 0 0 0 0 45.0614979426 44.6356474735 45.0832693697 44.6311352228 44.752804846 44.8373116348 45.0056563066 45.1087074668 44.661281546 44.8032773516 45.1749475466 44.9752403491 44.9663081232 44.5067833759 44.8949311408 45.1649636459 44.7190936285 44.967592044 44.681841035 44.8314854824 44.6079125358 44.9300206445 44.6402853411 44.9601648512 44.9021921506 44.5927367954 44.6173563463 45.0642512759 44.5838816377
0 0 0 0 0 0 0 0 0 0 0 0 0 0 0 0 0 0 0 0 0 0 0 0 0 0 0 0 0 0 44.6096756986 44.647872367 44.8687256137 44.9812166197 44.8486876738 44.6123093007 45.0824280301 45.1045520241 44.8217700451 44.8272162566 44.8267495365 44.5802155811 45.0596560342 44.7533544473 44.5791136491 44.8801172419 45.0036541894 44.7041163811 45.0476624621 45.0898526855 44.8599284304 44.9904963994 45.1109024835
0 0 0 0 0 0 0 0 0 0 0 0 0 0 0 0 0 0 0 0 0 0 0 0 0 0 0 0 0 0 0 0 0 0 44.9741267878 44.7897858942 44.6120574142 45.0955662659 44.9004854797 45.1150062504 44.7657073724 44.9455856511 44.6503110253 44.5881199553 44.5481050449 45.0584382541 44.7352508151 44.6613052338 44.6907453668 45.0680807995 44.713960591 44.6322151995 44.7381968352
0 0 0 0 0 0 0 0 0 0 0 0 0 0 0 0 0 0 0 0 0 0 0 0 0 0 0 0 0 0 0 0 0 0 0 44.8312112025 44.961302409 44.8687056875 44.532398323 44.5264104853 44.5025654343 44.8758236097 44.7154304519 44.745468702 45.0028598131 44.7905721406 44.5279417508 45.0376579845 44.8180993793 44.7957839516 44.5385274671 45.1724259738 44.9061485749
0 0 0 0 0 0 0 0 0 0 0 0 0 0 0 0 0 0 0 0 0 0 0 0 0 0 0 0 0 0 0 0 0 0 0 0 45.182512329 45.0018696693 44.8922863704 44.8711352491 44.9228109323 45.1678031808 44.7432253834 44.7903282722 44.9558045832 44.7512678464 44.7907351424 44.9227719806 45.1973953433 44.8320271667 44.830671408 44.9342015947 44.700758943
0 0 0 0 0 0 0 0 0 0 0 0 0 0 0 0 0 0 0 0 0 0 0 0 0 0 0 0 0 0 0 0 0 0 0 0 0 44.8019716461 45.0019279641 45.0907371006 44.667730294 44.7863218109 44.847689174 44.7667240392 44.6538593479 45.104769452 44.8216775619 44.5095847158 45.0358511548 44.7775216149 44.9711182454 45.0885553129 44.8332162772
0 0 0 0 0 0 0 0 0 0 0 0 0 0 0 0 0 0 0 0 0 0 0 0 0 0 0 0 0 0 0 0 0 0 0 0 0 0 45.0954829422 44.8284245966 44.7963419091 44.7789862948 45.0036109263 45.1239297414 44.9655879619 44.955748 44.61895989 44.8255211231 44.8733222969 44.9831104469 44.73491869 44.8985381684 44.5972241005
0 0 0 0 0 0 0 0 0 0 0 0 0 0 0 0 0 0 0 0 0 0 0 0 0 0 0 0 0 0 0 0 0 0 0 0 0 0 0 44.8294697869 44.969157956 44.8186848508 45.1207863217 44.5476431867 44.8515760229 44.6810756733 45.0161692408 44.6767687257 44.8310538377 44.9836605419 44.5890976508 44.7120653047 45.0022911592
0 0 0 0 0 0 0 0 0 0 0 0 0 0 0 0 0 0 0 0 0 0 0 0 0 0 0 0 0 0 0 0 0 0 0 0 0 0 0 0 44.6875061809 44.8560127779 44.5366714404 44.8430274078 44.5047930534 44.6302862279 45.0608177342 44.5627675809 44.5431065471 44.6345367536 44.8666463231 44.5023344281 45.081272362
0 0 0 0 0 0 0 0 0 0 0 0 0 0 0 0 0 0 0 0 0 0 0 0 0 0 0 0 0 0 0 0 0 0 0 0 0 0 0 0 0 44.6737768079 44.94836409 44.5547554055 44.9105307005 44.8588305653 44.9323288659 44.6999396568 44.9390723102 44.6975346182 44.939010576 44.5912155269 44.9782755248
0 0 0 0 0 0 0 0 0 0 0 0 0 0 0 0 0 0 0 0 0 0 0 0 0 0 0 0 0 0 0 0 0 0 0 0 0 0 0 0 0 0 44.5424757653 44.6833699956 44.8036380964 45.1750502625 44.8779080021 45.2049247069 44.546196667 44.5613017191 45.0503774633 44.5318014321 44.660137432
