Spatial_Output/90% DEC/90DEC_1159.asc
NCOLS 155
NROWS 192
XLLCORNER 196769.923733
YLLCORNER 449719.875193
CELLSIZE 27.603701
NODATA_VALUE NaN
[rows 0 to 22 of 192, columns 0 to 52 of 155]
0 0 0 0 0 0 0 0 0 0 0 0 0 0 0 0 0 0 0 0 0 0 0 0 0 0 0 0 0 0 0 0 0 0 0 0 0 0 0 0 0 0 0 0 0 0 27.5064274236 28.108621024 27.5358164849 27.7748830065 27.7086428177 28.0907507426 27.7999506376
0 0 0 0 0 0 0 0 0 0 0 0 0 0 0 0 0 0 0 0 0 0 0 0 0 0 0 0 0 0 0 0 0 0 0 0 0 0 0 0 0 0 0 27.5809403248 28.0514342287 28.0292898782 27.9456545347 28.0836655512 28.073636507 27.9681154304 28.1554335561 27.9925466943 27.7384844022
0 0 0 0 0 0 0 0 0 0 0 0 0 0 0 0 0 0 0 0 0 0 0 0 0 0 0 0 0 0 0 0 0 0 0 0 0 0 0 0 0 27.7986899234 28.1585100184 27.7293127004 27.5444363636 27.7210260539 27.7383950209 28.1491791449 28.0361136381 28.1600691219 27.7374592951 27.7799323214 28.1954823204
0 0 0 0 0 0 0 0 0 0 0 0 0 0 0 0 0 0 0 0 0 0 0 0 0 0 0 0 0 0 0 0 0 0 0 0 0 0 0 27.8821169846 28.0032164802 28.1509107182 27.7994487983 27.8834990113 27.5113818369 27.6873547306 27.6153856241 27.9192556046 28.1288102446 27.8730148757 27.6512582276 28.0017731094 28.1885492928
0 0 0 0 0 0 0 0 0 0 0 0 0 0 0 0 0 0 0 0 0 0 0 0 0 0 0 0 0 0 0 0 0 0 0 0 0 28.1311247651 27.6605091769 27.6771027464 27.564905771 27.6668564642 28.1225448595 27.8484884866 27.6952385603 28.1505696168 28.0649033116 27.7056569935 27.7723332405 28.1115000397 27.6631476384 28.029344464 27.5134872867
0 0 0 0 0 0 0 0 0 0 0 0 0 0 0 0 0 0 0 0 0 0 0 0 0 0 0 0 0 0 0 0 0 0 28.1512687441 28.1498876781 27.7440510861 27.5106151329 28.0255270578 27.8472553915 28.1892364606 27.8397287925 27.879974022 27.6416422619 27.5210403711 27.867911004 27.5907807929 27.8442208889 27.8654075352 27.8856920852 28.152405813 27.7313034196 27.6595259761
0 0 0 0 0 0 0 0 0 0 0 0 0 0 0 0 0 0 0 0 0 0 0 0 0 0 0 0 0 0 0 0 28.0116039081 27.8320379066 27.7206669122 28.0160986236 27.6599612905 27.9528747814 27.5837037499 27.9291765842 27.6635744166 28.0063464477 27.6791931899 27.5131409468 28.1846868676 27.8189269142 28.1751003701 27.6194897819 27.9588762104 27.8618376776 27.803396608 27.8641633806 27.9097500479
0 0 0 0 0 0 0 0 0 0 0 0 28.0963000201 27.6835580525 28.1827145635 27.5627318664 27.621891238 27.726682247 27.9155533069 27.6592023597 27.5373172053 27.7837256805 27.6843561883 27.7380189433 27.6259653181 28.1132195355 27.8538690518 27.8128481002 27.5368284367 27.9902392209 27.6725799991 27.7926386756 28.180639565 28.158692657 27.9160672078 28.0113057887 27.6616655858 27.6205715148 27.5102778462 28.0264629045 27.9174857531 27.744781811 28.0328260002 27.5081542737 28.1160216476 27.8307859804 28.0421823409 27.8424809224 28.1577020377 28.032386152 27.5190403282 27.6476134487 28.0297867079
0 0 0 0 0 0 0 0 0 24.7800613057 15.0069322884 23.4619153127 27.726360663 27.7519764366 28.029169567 28.1768633738 28.1734054143 27.7146852278 27.7203470784 27.7548996107 27.9520692947 27.7359549168 28.2014918783 27.9353027767 28.0821194137 28.0415681351 28.2063407777 27.5763816518 28.1136247579 27.536647833 27.7358998739 27.6036666304 27.78405737 28.1716468211 28.1468156213 27.6155369912 27.9056692759 27.6356067059 27.7801245567 28.0287299586 27.8014173777 28.0399059068 27.6301908958 27.8825502374 27.9077401358 28.2003086572 28.2015058288 27.8661970081 28.1519770414 27.6907200067 27.8813801189 28.1932255527 27.5112344095
0 0 0 0 0 0 0 0 0 31.4034141966 22.9871752485 29.9356221104 27.8234678179 28.0764770491 27.5515022467 28.0759895303 28.0102442364 27.7833129492 27.9227071739 27.7930900811 27.6956195981 28.1524897551 27.6189589831 27.9209617647 27.9853019887 28.1882502038 27.5345488301 27.8545383189 28.090156549 27.8431169736 27.8084606724 27.5841284796 27.7003446908 27.6377340318 27.5358493507 27.7414107185 27.9631049716 28.1281625925 28.0542724798 27.8476272093 27.8270528825 27.7858733504 27.5025373864 28.1544916204 27.5957680236 27.779191499 28.1661901437 28.0252743276 27.9685888384 27.6205865263 27.5082134621 27.8232059544 28.0129236553
0 0 0 0 0 0 0 0 0 26.5000573707 13.2995887994 24.3026559811 27.6490255242 27.7288428182 27.6721780114 27.9379462893 27.648967469 27.7140765057 27.6514143684 28.1793052087 28.1247128901 27.9748700241 27.5194471111 27.7179840381 28.1070576732 27.8288838453 27.502576835 27.9068903668 28.0230208254 28.1163430431 27.6920512267 27.9308323599 28.1579864797 27.7280664246 28.1208487845 27.9743568216 27.5169878761 27.6278841048 27.8004506255 28.1985465838 28.0502084132 27.7041716012 27.5892453546 27.8783507794 27.5461981484 27.7258041951 27.6305887859 27.6646963525 27.7843702425 28.0765581212 27.975143429 28.1767934772 27.8107199032
0 0 0 0 0 0 0 0 28.1591449577 27.6320031833 27.5019341919 28.1816184243 28.0378156149 27.7520428943 28.0604206 27.5417290868 27.9418081586 27.5122968985 27.8960424746 28.0377634973 27.8075812662 27.7321320482 27.697977732 28.0856968791 27.7927459398 28.19007266 27.5987117035 27.959976624 27.6794643902 27.8627129538 27.7827035986 27.683038952 27.9251614751 27.5180223851 28.1494335148 27.7002780408 28.0684184357 27.7125595519 27.9605935889 27.7965837256 27.5913277412 27.9172616105 27.9920443167 27.8677891719 27.5143324394 28.0371292238 28.0602439322 28.0504356752 27.7957819823 28.0242137272 28.1172115979 27.6071747634 28.0798937087
0 0 0 0 0 0 0 0 27.8603977986 27.7736991461 28.1583463838 28.172799488 27.50817762 27.6490261341 27.7453355035 28.1539925106 27.5967037029 27.8983227097 27.7326833366 27.6064628785 28.1567901357 28.0780810302 27.5487040674 27.9749743343 27.7925714267 27.7913585862 27.9292396713 27.938038304 27.8335907576 27.7037018136 28.1045645163 28.102097145 27.9902596437 27.6489320549 27.5655721008 27.672429051 27.7912419864 27.8288468925 27.9713034263 28.0852523858 27.7155687219 27.8524785145 27.5305619359 27.7200047532 27.989199727 27.9539696508 27.8827662686 28.1613708948 28.036656261 27.7756311726 27.7608323113 28.0435354789 27.9575911407
0 0 0 0 0 34.3002884585 33.3929220261 30.6898417993 27.8802052598 28.1206036808 27.6591916076 27.7023909587 27.5405970658 28.1922895341 27.8108182887 27.9669135927 28.0660271936 27.8211609409 27.5624751285 27.6934440501 28.1725573992 27.8818435383 28.0612544645 28.1367543911 27.8337642024 27.8514986254 27.9030105196 28.1061999359 27.7035406709 27.5233540514 28.2007038733 27.7255824656 27.99779464 27.6339395285 28.0740745699 27.9622868146 28.1164449929 27.7367397346 27.5675005639 27.9458219537 27.7783949911 27.9506118343 27.9394248415 28.1990658612 28.1851620298 28.0178950713 27.9878918954 27.7182002028 27.6116102129 27.773605814 27.780276532 27.673564027 27.9695375157
0 0 0 0 0 11.2531752391 25.5076666936 14.058092548 28.0046197282 27.5239364458 28.0485841029 28.1487246556 27.7221393178 27.9745111773 27.8472365954 28.1238506264 27.6155847605 27.6383130668 28.1317581396 27.6833399433 28.0306879704 27.8622676295 27.5467954759 27.9418727512 27.9489769213 28.0253839619 27.6314929954 27.7659658722 27.9157852978 27.6044528805 28.1024805011 28.0136723888 27.7595518185 27.7144449893 27.8296283185 27.9162773531 27.9212992022 27.6367945421 27.9173833152 27.6189601162 27.7757491867 28.0406817971 27.9478393417 27.7474165836 28.1097170435 28.0311533151 27.9275364186 28.1596126244 27.7591255902 27.7880931102 28.0170226905 28.0837934327 28.1039499388
0 0 0 0 28.1112654123 28.127998323 20.3968288521 30.3494513913 27.8776001591 27.5698035339 27.7524601184 27.6400636282 28.0947393813 28.0763914932 28.113593965 28.0301696535 27.704483264 27.5580625135 27.551749312 28.0672131293 27.8716140389 27.8415645682 27.9979549912 28.0982947416 27.8830396256 28.138603411 28.0577014312 27.9205541513 27.5065542596 27.8547974312 27.77238379 27.8781083389 27.9088556736 27.9617667971 27.7569527114 28.1489398899 27.7298445983 28.1443736899 28.0909594187 28.0705027838 27.9343085437 28.0216215937 27.6937345164 27.754141413 27.9962388566 28.0810211575 27.8636454562 27.8825641341 27.9772839192 27.8940603592 27.7721777727 27.5253303524 28.0100293756
0 0 0 27.7002195429 27.7046847025 27.7381718505 27.665670754 27.9726227888 27.9939582133 27.8889583579 27.6455916349 28.0327536885 27.8644667402 27.6705578946 27.5192414384 27.7799587377 28.1945639555 27.7592122795 27.6490752566 27.8592159088 27.7955261297 27.6953724188 28.1012031325 28.0633545788 27.8977277531 27.6081423101 27.8167674953 27.694739376 27.9603969254 28.032542528 28.0952592786 27.9285518456 28.0300194809 27.6493410344 27.8222238724 27.7915045027 27.9829213246 27.7042203514 27.8953209479 27.9368783046 27.777652049 27.5569771605 28.0086734479 28.0094107691 27.6814014819 27.8470153094 27.8980956918 27.8655979901 27.5098768824 27.7341104212 28.0067084902 28.0439300085 27.5193487722
0 0 27.5045333274 27.6582163738 27.5778763122 27.909917939 27.929356583 27.9809102854 28.0567857743 27.709610577 28.0667872629 28.0099004404 27.8743271256 27.599064612 27.9449739611 27.9342399943 27.8315212342 27.9606279215 28.189557625 27.8348909281 28.0449171063 27.8472458826 27.6027778652 28.1244918466 27.8440747317 27.756105065 27.9834936156 27.9711486818 28.1070676675 27.6376214824 27.5446331656 28.0442035316 27.8043244752 27.5129809074 27.9018083212 28.1676484567 28.0239416732 28.1868273944 28.134788888 28.1112203513 27.5067688399 27.5227312238 28.09096444 28.1332522065 27.7808330029 27.8810328948 27.703447232 27.5132315193 27.9514097362 28.012954825 27.7882074728 28.0336673726 27.6785603112
0 0 28.0805435487 27.6600299831 28.1568962766 27.9903001285 27.8116024727 27.8107036436 27.6221484514 28.2039512252 27.9453098145 27.7246058696 27.7234936949 27.7889613825 27.518695327 27.5759540522 27.5975727545 28.0348522238 27.6831041286 27.7972247747 28.1762210607 27.5745884694 28.155171477 27.6960634979 28.1562845882 27.9240513229 27.9488452102 27.8400830052 28.136211596 28.0275699114 28.0734124759 28.1658166144 27.7582202892 28.1382418304 27.5317668669 27.5205090835 27.9305229124 27.5584690068 27.762705788 27.873076852 27.5940116609 27.9444635391 27.7753272767 28.1234468536 27.7300716195 28.0137918285 28.1783160893 28.1089467175 27.7627225728 28.1388884953 27.7840632828 27.9361782557 27.9500576924
0 0 27.6463354022 27.797997783 27.5146152217 28.0692711946 27.9348182171 27.6268340124 28.0417919024 27.8988680134 27.7709974761 27.8734402578 28.1903013102 28.088455946 27.8225924267 27.6378973273 28.1365016016 28.0557121306 28.087160846 28.0691504947 28.1683625481 27.8957824924 27.6355930662 28.0189968322 27.6585685245 28.0739995372 27.7246824626 27.8154347117 28.1455664966 28.1903819097 27.7802065757 27.5940470847 27.8090595073 27.7750239761 27.7332890815 27.6547195096 27.7535336101 28.1177844602 27.7667087379 27.5511869397 28.1713976639 27.7213381256 27.6328686994 28.1798910754 27.6559191052 28.0139370201 28.0920407083 28.1309370992 27.9712913268 27.7862478086 27.7194480736 27.5675737742 27.6404190161
0 0 28.0709183211 27.7028686613 28.0974373774 27.9858578499 27.6805808987 27.5936950227 28.1966010296 27.7504361903 28.1175581957 27.7921286345 28.051966983 28.0345259799 28.1827284754 27.5685977022 28.1770254127 27.6195060665 28.170048577 27.7466260399 28.2068523765 28.0184894824 27.8865859775 28.1846801324 27.6010310831 28.1536366859 27.9158480466 28.0079751876 27.9020592913 27.8024820804 27.7777085286 27.7827502292 27.7494018263 27.7602194038 28.1140281501 27.6596507926 27.585265309 27.6064177735 27.5987294094 28.0523224204 27.8019100241 27.5262047795 27.894118607 27.7612507767 27.8108797178 27.8505263503 27.5008848324 28.1751787116 28.0546041976 27.7040343102 28.087095824 27.5228600836 27.5892736058
0 0 27.5832164204 27.5574090486 28.1277593438 28.0600306099 28.101854138 28.1859050602 27.9214594121 27.6573784296 27.5620993627 27.7276661738 27.8640017327 28.0740569628 27.7058065297 27.7338538813 27.8436231224 27.7345577496 27.553880724 27.9736195949 27.8892811429 27.5829664558 27.9288529824 27.833148594 27.5310325645 27.9699240379 27.5660229243 27.8760972411 27.693873033 28.1279343354 27.5218689028 28.0460894487 27.5258621514 27.8022823141 27.6850995272 27.9877687031 28.1379702303 27.828141982 28.0701952201 27.8563750174 28.1681248419 27.7726013795 27.7862131278 27.5426288673 27.8699749897 28.1685208324 28.1072015756 27.6681474392 27.7247620714 27.6744365076 28.0056120614 27.9591483764 28.1235006853
0 0 27.5578454415 28.0839239101 27.6264010285 28.1232195104 28.1137205635 28.0100033452 28.1341370278 27.7990293048 27.6871642147 27.5691788412 27.5654774871 27.9814752729 27.5194916225 28.1400071904 28.1394827976 27.8035031374 27.874553443 27.9982209806 28.0428495742 27.7546377174 27.7473275252 27.5132811544 27.9304070973 27.9941776357 27.913329814 28.2062354812 27.7797507232 27.6899615309 28.0988681492 28.062020111 27.5555326519 27.8835126973 27.8919092155 27.5342925714 27.5389235813 27.5440601665 28.0878206585 27.7791523048 27.8391550658 27.7457264205 28.0796711931 27.9643608088 27.5919667645 27.5775067259 27.5018703445 27.6567853982 27.9065302274 27.5441196784 28.1201241255 27.8754676136 27.9703979332
