Spatial_Output/90% DEC/90DEC_1059.asc
NCOLS 155
NROWS 192
XLLCORNER 196769.923733
YLLCORNER 449719.875193
CELLSIZE 27.603701
NODATA_VALUE NaN
[rows 23 to 45 of 192, columns 0 to 52 of 155]
0 22.6645990829 22.9066725662 23.2031091767 22.6239364653 23.1351660693 22.6391340958 22.842800578 22.9006612965 22.7785941195 23.0560624552 22.5772997573 23.1755524809 22.9037073112 22.8670068707 22.7610198122 23.1000710791 22.9820832118 22.578224632 22.6105914703 23.1451254425 22.677861544 23.1407548501 23.1880203068 23.0125112211 23.1227869392 22.8394233915 22.912820547 23.0441784784 22.8827224567 22.6533003669 22.6163277919 23.0704048865 22.7554303185 22.6326935293 22.873216237 22.8959002132 22.9628205784 23.1430335432 22.8354836771 23.0217891058 22.95787763 23.1241716252 23.1858087954 22.8136241938 23.1645052186 23.1029062012 22.7667263634 23.0681234603 22.987857895 22.9957912525 22.7418705954 22.9298426453
22.6716640505 23.1207901029 22.8381772516 22.9019517978 22.8151329373 22.5078405304 22.5268883394 23.193253414 23.1388396382 23.0987220531 22.8934121388 23.2023706119 22.9595745698 22.6142965992 22.8296576199 23.0009848523 22.6538797222 22.9652240925 23.1077919825 23.0880324077 22.8621592427 22.5035833646 22.6985346381 22.9843330649 22.5737744024 23.0914599187 23.1552919718 22.7598669948 22.8737437968 23.0172893677 22.6380534413 22.5750889426 23.048918246 22.606950862 23.0640116842 22.7956166935 23.1702466997 22.9655171091 22.8451499455 22.9631847422 22.5300587417 22.7668915321 22.8659046565 22.5980526804 22.9540633306 23.0123908313 22.5066337976 22.6915981512 22.933878655 22.9687347847 22.5849219045 22.8488282673 23.0159105085
22.9539701882 22.8325079979 22.8422106595 23.1005300821 22.9004752736 22.8963844986 22.6853056915 22.8071294731 23.1912163167 22.9593792201 22.6769419555 22.6736329513 22.9394277301 23.0719133168 22.9465318752 23.0810020107 22.621932729 22.9843778615 22.7060015573 23.0695413842 22.7851371124 22.7197260653 23.0282699356 22.695618701 22.5695118206 22.7638527708 23.1976352985 23.1671181752 23.1958980862 22.8281124569 22.5226438424 22.9454185241 22.7457633845 22.7003195474 22.7099166244 23.0038871654 22.6245249071 22.7750251932 23.0856803321 23.202462002 22.6409748196 22.8625734268 22.9531253953 22.5038317543 22.9499640126 23.0626693031 22.7674849853 22.6327449588 22.5930632 23.1367374815 22.8533904883 23.0747870251 22.6478498589
22.8004402041 22.928133244 22.5962606103 22.5426559583 22.986848819 22.8955344725 22.7628874335 23.099945888 23.1171576999 22.895250655 23.1233670405 22.9032626842 23.2050027874 23.0973042023 23.0658967816 22.7275653808 23.0326870806 22.6208953226 23.0980624132 23.166324585 22.7946281521 22.982686554 22.6828087274 23.0488112103 22.8847301152 23.0273394233 22.7305247739 22.9122858436 22.9465024537 22.9531516211 22.5802954406 22.9611484057 23.0372737638 23.1386239322 23.0600056333 23.1710495583 22.8451282796 22.6215604305 23.1566261918 23.0976203464 22.8169110395 23.1356540113 23.0849812002 22.7926676813 22.9869976447 22.5391431702 22.5799996101 22.9813012492 22.6458677504 22.7319922361 23.1126897754 22.7222468734 22.8482613166
23.0395354436 23.2045512806 22.9767338148 22.9496607131 22.5171301344 22.8785964063 22.7718132138 23.0247230502 22.8853587259 22.8631986574 22.8740115965 22.6758900022 22.9477852663 23.1036966005 22.8546153907 22.9861457714 23.1117333318 22.5924267945 22.8975674173 22.663890627 22.8898373743 22.6286198676 23.136023338 22.7043067734 22.9741892385 23.1735053217 22.9359266757 23.1466728358 22.899088247 23.0999574759 22.715362958 23.0881416227 22.6948278883 22.6673372811 22.8480032838 22.855175976 22.7955940571 22.5753760617 22.5799339928 22.5367768498 22.6922784478 22.9944775748 22.7002163952 23.1764535389 23.0550456206 22.6775685166 22.6827156439 23.0916730075 23.1811700002 22.9705659324 22.8452493763 22.5267193382 22.8346859594
22.7611576174 22.8133306974 23.0006049231 22.5561139548 23.106110712 23.1515717678 23.0037640461 22.6716252987 23.0710926284 22.8527608698 23.0790517223 22.9385518121 22.842047552 22.8374318602 22.5173571665 22.7089272421 22.8279811964 22.6623245764 22.6148836783 23.0048224427 22.5953027938 22.8882462077 23.0328150858 22.6088417572 23.0905653281 22.937816587 23.0497368633 22.5402582543 23.0037537148 22.5003264554 22.8004567253 22.6478620986 22.6499732759 22.9640451411 22.6122879335 22.9690102823 23.0638674791 23.0449784817 22.616209683 23.0700421546 23.1497632377 23.0666160511 22.6974538334 22.8729284411 23.0720813104 23.1977706002 22.828497234 22.6492982563 23.1267281004 22.9494286913 22.6211545645 22.7109396152 23.0418383428
22.7770246239 22.7499459986 23.1842100399 22.6297838258 22.6939269146 23.0862415699 23.1084884469 23.1211750153 22.87048721 22.9188701566 23.1539256048 22.9828722301 22.6738942623 22.5592199231 23.1039104523 22.5327720075 22.7432124215 23.1395156111 23.1640636961 23.0773834316 23.0109313028 22.639612631 22.8573266437 22.960612238 23.0280701526 22.6407241495 22.8823029764 23.0295264292 22.9961889168 22.8234508635 22.5815262978 22.6326069161 22.9502682589 23.1048347863 22.737917196 22.7506132743 22.5320295446 23.1536018066 22.9493365729 23.1714291083 22.8270604646 22.6161656624 22.8414206526 23.0549168812 22.6456605639 22.6664355962 22.5193524488 22.8037585289 23.0586026061 23.0829568746 23.0761229936 23.0755568519 22.6335576397
23.1459663014 23.1687048199 22.8413920012 23.1932801302 22.8457217137 22.6372314204 23.19686572 23.1940861769 22.989041283 23.1775055357 23.1251925584 22.7718691975 22.5378774267 22.5811512936 22.7904770877 22.7447971277 22.9235429869 22.555834665 22.7165882914 22.8191633812 22.5087169309 23.1401302217 22.7360370426 22.6976008386 22.5596816954 22.5960283274 22.6387977338 22.5639268577 22.7102989184 22.8449092616 22.6323086308 22.6438219318 22.5843810381 23.1020014741 23.0084487997 22.7563545439 22.7282665111 22.8274132975 22.6205407604 22.5635110617 22.613156653 22.9020084912 23.0627053935 22.7555753199 23.1953372618 23.0780268259 23.1589830822 23.1294011397 22.5896149643 23.0847700082 22.6447845362 23.047076426 23.063021304
22.687762813 22.9389661638 22.9355362896 22.9561590167 23.1829517482 22.8328363268 23.0638621975 22.6206741267 23.0475068716 22.9705528966 22.8849136694 22.9307981667 22.6923744609 22.5529079033 22.9535648795 22.8853510856 22.6355855904 22.7317004835 22.7199920901 23.1665716457 22.5969527992 23.1143226811 22.8938211873 22.5608994424 23.1880964971 23.0230004751 22.5245928715 23.0656773644 23.1589864453 23.114035875 22.6238706938 23.1218039706 23.0917758579 23.1347350433 22.7257985128 22.9926256153 22.6627543167 22.8433549509 23.05090028 23.1842691764 22.9433446239 22.8653182515 23.1137384638 22.9015789222 23.1304869308 23.1200155746 22.9295005359 22.5685680062 22.8283279496 22.6700283471 22.7330266373 23.1141661134 23.0218446308
23.115535521 22.6692170328 22.6273154467 22.6997897387 22.8911310153 22.6951974813 22.5011196253 22.7378815833 23.1735627641 22.6274319524 23.173189453 23.0040179831 22.6986636612 23.0374276973 22.5116569934 22.8581490962 22.5421237085 23.0235681876 22.9571070506 22.7048856305 22.7803803974 22.7119571025 22.6657972096 23.0428466295 22.9588163839 22.994261585 22.578848351 22.5706416555 23.1277021897 23.0814016405 22.5592296405 22.6119041914 22.7767773387 23.1930557551 23.0027027861 22.9767970774 22.8677439836 22.8783252308 22.550419036 22.6341728832 23.0520549012 23.185182376 22.6857510716 22.7168902203 22.8064080438 22.9783288204 22.6484615757 22.880783922 23.0630207532 22.6185538157 22.5376155315 23.1039314636 22.5323042843
22.6058089404 22.8943624975 22.9844228151 22.6942467307 22.7430019416 22.6031789607 22.7388836143 22.6152757912 23.1870063445 22.6274056421 22.8698788205 23.0197491203 22.949627057 23.0598225546 22.9219014079 22.6262326048 22.8753743455 22.7745058121 22.5375928881 22.9860547518 22.8925064422 22.8839454365 22.909754832 22.8850165583 22.5258838407 22.6373996372 22.5420587481 22.5369724501 22.9651305311 22.801958645 22.9052509189 22.8324343529 22.7346128022 22.6318707774 23.0388272529 22.6979559625 22.6448133243 23.1044555844 22.9533816439 22.8211034919 22.5121774158 22.8374702738 22.60847346 22.5518385769 22.6437294874 22.6483125569 23.1571988263 22.8375359108 22.7250897945 23.0170645705 22.8875134711 22.5532305225 23.0741269187
22.844758975 22.7343981356 22.9462143827 22.7355753347 22.8402449871 22.7073727204 22.7495570866 23.0252096034 22.7133755321 22.5370163757 22.506860276 22.8555374406 22.5840563922 22.5601508955 22.9599052554 23.1832194506 22.9597203129 22.5508090894 22.8471474043 23.092331996 22.6385143793 22.7131859616 22.7019722934 22.6291777215 22.744169632 22.5981231123 22.6897741283 22.9203890924 22.6874998946 22.9742830821 23.1612831581 22.8793977513 22.9837670789 22.5822627093 22.5591197311 22.7434737233 22.8328397616 22.6664012825 23.0171357818 22.7379880615 22.5454504886 22.6226001626 22.6549228742 22.6855737708 22.6935646572 22.9741102594 22.9506142782 22.8796067183 22.7105894548 22.6711606761 22.7140667008 22.651462643 22.9341594752
22.8689347714 22.9461716808 22.7114944856 22.7213774811 22.7821483479 23.1118160074 22.9742166107 22.9510208135 22.68325268 22.9189801317 22.688423453 22.621932612 22.7167145729 22.6892402539 22.80988235 22.8312184696 23.1654442382 22.655444253 23.1610973318 22.5069757287 23.006101821 22.9549819833 22.5916282141 22.5243800214 22.784536985 22.6577792146 22.6890188257 22.9372112412 22.5208518525 23.1182939607 22.9251308451 22.9624696146 22.7808282736 22.9077294585 22.670608577 23.016399792 23.0043233857 23.051496889 23.1698871006 22.6403608566 23.0947322386 22.7892367867 22.5216015554 23.1719066139 22.5759939666 22.5970808689 22.9540286804 22.7226456837 22.5172476286 23.0208273723 23.2040890443 22.6967860775 22.6060900673
22.6209111349 22.5752507068 22.5156765682 22.6250384812 22.7600158772 22.6394254861 22.6603902039 23.0414773488 22.9639204638 22.9822244552 22.7445295562 22.8735167651 22.9504592312 22.8440876866 22.5873034751 22.9065155869 22.9691425686 22.7362515389 22.782090782 23.08626743 22.5501494883 22.7843985811 23.1139692724 22.7531899219 22.6446674929 23.1485169085 22.5763438517 22.9840450021 22.9400916479 22.7517233515 22.9764419335 22.9392289988 22.6066660525 22.8873060165 22.6746969105 22.9119499874 23.0831413419 22.9258830453 22.6279184015 22.7380812844 22.9515545399 22.864270239 22.9298186705 22.928657561 22.6960706023 22.7439102107 23.0075681026 22.8445541607 22.8482313405 22.8198083458 22.8250738057 22.9059381563 22.8819268303
22.9209985444 22.5596436254 22.571644624 22.9239836184 22.9831936178 22.7146653025 22.6323035788 22.6118405351 22.5629369865 23.1641067635 22.9584154233 23.0587961563 22.6057401291 22.6610313419 22.5457561978 23.0783659904 23.1741020701 22.8142708926 23.0408783421 22.6949391041 22.6949199167 22.9220604277 22.9590403015 22.9267428423 22.6096864549 22.818839413 23.0177478136 22.7604522393 22.9415965669 22.835832566 23.1574528116 23.1170252018 22.7175936185 22.5587501628 22.9321133916 22.7461968828 22.7760850162 23.1451243588 22.5282745126 22.68068712 23.1360732199 22.6208052086 23.117279363 23.177920707 22.5716707366 22.6572824406 22.6929523484 23.0299938946 22.5075305286 23.0816277463 22.574236034 23.1388501922 23.017121991
22.9799045697 22.7731146704 22.7757912415 22.9594424892 22.6401231626 23.0795474164 23.0170831275 22.9959835993 22.8257966171 22.5507819154 22.5489218974 22.5958628383 22.6996782107 22.7032327876 22.7024392505 22.741959089 22.9881778778 23.1120646446 22.6619054107 22.7215515071 22.9187935569 22.7519629444 22.5456180864 22.7612442001 22.7858828321 22.6231628569 22.7010764341 23.1342025008 22.979475159 22.7710160175 22.9998462436 23.1996937204 22.6320063956 23.067770639 22.8024335414 22.6851224771 22.5715989286 22.5517906817 23.105239324 23.1807328042 22.5928088041 22.7512997289 23.0606361976 22.9229150344 22.7374031694 23.1776216992 22.5745473225 22.5280296911 22.6561566504 23.2064564334 22.7593662702 22.6882749656 23.0779815043
23.0517298708 22.505904628 22.8102940849 22.7211410424 23.0054982534 22.6796581432 22.9502801556 22.6422967207 23.1999541929 23.1487672379 23.103745996 22.9124674676 23.1194064309 22.5638011563 22.6540126203 22.5038574985 23.0195350095 22.8843207357 22.6838126546 23.0101287067 22.9596475316 22.5735099948 22.9135047779 22.6234501181 22.6473245995 22.5221568022 22.5866786106 22.5688596381 23.0708933605 22.7670203263 23.204830157 22.6671253255 22.7200770665 22.8985367466 23.0360472858 23.0384703221 23.1266237662 23.0396704876 22.6293788389 22.5651358354 22.6404560511 23.1246595104 22.6977982428 23.1415321945 22.6306431848 22.8039699485 22.9910302647 22.6851055437 23.0344408033 23.1064752325 23.0601548633 22.5198565333 22.6787320789
23.1266248733 23.0086998808 23.1286435201 22.66840503 22.5766236803 22.9694547599 22.545416819 23.0945220259 23.0960078179 22.7003557136 23.1015340476 23.1281732097 23.0391191746 22.6830731048 22.5820719616 22.8052788295 23.0193276463 22.8890836218 22.8866524472 22.6477972712 22.9035747157 22.9402201971 22.552166125 22.6524969952 22.6992470847 22.9144000495 22.858763259 22.746089946 22.5148423613 22.6578137521 23.0113132321 22.6239196274 23.0695374774 22.5933802874 22.5613868222 22.8199991831 22.7032153273 22.9168319309 23.0442359144 22.8269970021 22.8582659762 22.8572805362 22.8315588462 22.7206373138 22.5212622425 22.5128837311 22.7615330539 22.8909530261 22.8213912173 22.5636272208 22.9963041977 22.5282400871 22.5445170411
22.5171725168 23.0197596459 22.7625400719 22.8019616654 23.1277492798 22.6736220607 22.9023453089 23.1242644466 22.9513892126 22.8786857417 22.974074889 22.9446346306 23.0539101545 22.8359952081 22.6475167685 22.7333679385 22.7628494799 22.7117525075 22.5086575564 23.0085773588 23.01808985 22.8588163973 23.0975445947 23.1813636673 22.8811333356 22.8791719426 22.6558496393 23.0937541802 22.5307024095 22.7077086806 22.8141432733 22.791736236 23.0529125381 22.8858034117 22.6678339591 22.7442263544 22.5886131899 23.0499949808 22.6013906791 22.6634451383 22.5756046874 22.5845204353 22.7956724731 22.9888280338 22.7541358615 23.1428151314 22.5723462708 23.1240005019 22.6621949136 22.7751294451 23.0102694984 22.9996613768 22.7825797244
23.2020026124 23.0152072009 23.1033994055 22.5134474148 23.1121811031 22.8351213279 23.1103667617 23.2012903626 22.7008579982 22.8287001922 22.552081411 22.9064826687 23.1681795459 22.7540684798 22.7227396803 22.7255991716 22.5347580624 22.657308414 22.9243491859 22.7279031499 22.9620543303 22.7727035049 22.7459674802 22.9904717587 22.9938194639 22.5307771458 22.8587951032 22.9456706278 22.5602983114 23.1105913568 22.8456233695 23.1213336726 22.7003020712 22.6370875475 22.9212748709 22.7279782383 22.510133145 22.7885231246 22.539840907 22.9273660358 22.6620852679 22.8545091505 22.5484592766 22.6938059732 23.133366295 22.9108917865 23.0227936605 22.7029351108 23.1621371086 22.649479476 23.0130169921 22.5118986352 22.5098156818
22.5964654711 22.9812115822 22.9126096621 22.6810105204 23.1678498829 22.5825817975 22.5581997633 22.5515937568 23.1329712634 23.1235715532 23.1526735871 22.9856174342 22.7170916637 22.8809909579 22.5308903105 22.56528289 23.1267359311 23.0479090938 22.6995179562 23.0228126993 22.6143235806 22.7148825277 22.6198424712 22.8980776396 23.1731590232 23.0507837325 22.5891753661 23.1847591834 22.9840838144 23.0384218155 22.6812117532 22.7871090089 22.5961537961 23.1054777951 22.8447576727 23.0808161693 22.99458325 22.6970820983 22.7648842232 22.9756094837 22.5105705623 22.8564014208 22.9896817247 22.8750678506 22.600417807 23.0982097616 22.5633333745 22.6989302713 22.9088421068 23.0380059855 23.0154447952 23.0378488159 23.047078678
22.5984952283 23.1156258059 22.7210312879 22.9422706339 22.7773755452 22.8072911197 22.9248086119 22.5705563355 23.1477617324 22.7288107955 22.7203797717 22.9962158554 22.9421517958 22.947056731 22.7667256535 23.0667675606 22.6243465867 23.1597644508 23.1777459061 23.1168217263 22.8246770603 22.7006787068 22.8145927258 22.6327935767 23.1950421883 22.9735757746 22.5600844237 22.5598034797 23.1186512442 23.1967644463 23.0465065906 23.0001202511 22.6962226266 22.5342189552 22.8923069435 23.0658065485 22.8517045494 22.7741973348 22.8088885313 22.7109047036 22.7283463448 22.6699986417 23.1141231909 22.5222924182 22.7297712131 22.9777563276 22.5250117849 22.8123288652 22.5875797511 22.5918531805 22.9528392659 22.8486090315 22.5636153134
23.1489097098 23.0061318559 22.985314509 22.6147148845 22.8716961859 22.8346897987 22.8870256935 22.8858510302 22.6169628586 22.7371180592 22.7065993107 22.6180298118 22.805964748 23.0825254684 22.6474018025 22.8327075675 22.9107988762 23.002815793 22.8732654226 23.0181998837 22.7481965628 22.7052227472 22.6999521756 22.5964342878 22.9851955171 22.8060972134 22.5136134992 22.7762634862 22.7284649505 22.6477963628 22.6040772682 23.0635423646 22.6017236256 22.6041069689 23.038563747 22.5397936067 22.8488900733 22.5190138236 23.1892937719 22.7335135661 22.9884861533 22.7285892874 23.1040796791 23.1096262833 22.5819030277 22.6858473202 22.6531206995 22.5742006327 22.7668529549 22.7993500387 23.0904837293 22.940869622 22.7788710454
