Spatial_Output/90% DEC/90DEC_0450.asc
NCOLS 155
NROWS 192
XLLCORNER 196769.923733
YLLCORNER 449719.875193
CELLSIZE 27.603701
NODATA_VALUE NaN
[rows 138 to 160 of 192, columns 53 to 105 of 155]
30.9921798127 30.7048379267 30.9335187439 30.6574717019 30.6729303722 31.149738835 30.6747760112 30.7958634455 30.9576642962 30.534564514 30.6047606071 30.7707986687 30.9758472475 30.7747745798 30.5581199059 31.1581313842 30.8614448712 31.194913447 30.9230671714 30.5500586418 31.150985259 30.7078827437 31.1217386761 30.5930215425 30.7313316543 31.1897773527 31.0821799364 30.6092107839 30.6963884722 30.5477913317 30.8158134894 30.7209228831 31.1772594509 30.500855158 31.0166834349 31.1569121807 30.7554449638 30.8386156935 30.9143557789 30.7156306899 30.5038703518 30.834696359 30.5851460452 30.5961246222 30.6601174369 31.0488464695 30.9721094002 30.9237156989 30.7969695416 30.7295420996 31.011302307 31.0825595562 31.1919860288
30.6922857305 30.8044283489 30.9587497521 30.8894616578 30.7552208799 30.9951339021 31.2034460013 30.599226801 30.5074113227 30.5554079747 31.0066606154 31.1791155663 31.0190409604 31.1130162578 30.9720128219 30.9566251763 31.0190309036 30.8659558373 31.0235353418 30.9780111345 30.5697389504 30.6576736916 30.9415089096 30.6722746306 31.0211670171 30.8200585394 31.0614279857 30.5761769012 30.6953919491 30.7409296992 30.5364669539 30.6034682386 31.0081023099 31.0823918076 30.8992038177 31.0436179178 31.1747019465 30.9825350346 30.8781226786 30.5471548425 30.8494477347 30.5444595575 30.6733042359 31.1837120135 30.8305105415 31.0635668173 30.8034777748 30.6046624031 30.877949909 30.5207597649 30.882910392 30.7538692441 30.7125606828
31.1322605468 30.5994888107 30.63843948 30.7451448941 30.5469074258 31.0763824076 30.9363369471 31.0470692914 30.5424712607 30.8846839635 30.8723557353 30.896031184 31.2008902413 30.7791227767 30.9916597397 30.9980243853 30.7054323068 30.990910727 31.1245077475 31.0576893535 30.8204156196 30.7776567878 31.1673021495 30.555163857 31.0872433872 30.5782479066 30.5354482849 31.1797841364 30.937201972 30.6693566328 30.9078668833 30.7734002137 31.176628255 31.119901998 30.9826326763 31.133698304 30.9204131466 30.5766279055 30.6464012046 30.7857789308 31.0469558123 30.9905744232 30.8603634728 30.8822220472 30.718739235 31.1699005945 31.1955774975 30.6812698937 31.1739243737 31.1170712453 30.9009683103 31.1504575492 30.9971015593
31.0104913726 30.5934339206 30.8367605213 30.8898808463 30.6252032213 30.8666805354 30.5412022188 31.1910838853 31.0927147968 30.9044241224 30.8262028678 30.8125415948 31.0881528175 31.0106259342 30.7286164627 30.5018958716 31.0463579851 30.7573664291 31.1857112029 30.8901777064 30.6280057761 30.9091034211 30.8482040524 31.1592836764 31.0060990027 30.8693328728 30.6574489156 31.1053780241 30.6042584242 30.6219436469 30.5262309057 30.6634757185 30.7393761812 31.1323681195 30.7980326084 30.9101571229 30.5131950699 31.0240074405 30.9685324038 30.9721919058 31.037789064 30.8481167118 31.0656763943 31.0773135714 31.0376136939 30.8303592432 30.8546748698 30.8470318028 30.8666146499 30.856164278 31.0219887616 31.0551844919 30.9867541803
30.6319001716 30.8705877699 31.1664092 30.6124324923 31.1529439864 31.0689346127 30.8311671422 30.6706940629 30.5929184871 30.9923172991 31.019315116 31.1611285506 31.0876696495 30.9509370612 30.7217739664 30.6644729439 30.9121691348 30.5766867744 30.5362551389 30.6322127096 30.6235592957 31.0169588686 31.1409151483 30.8383801508 30.674967865 30.6645383077 30.9538405454 30.6580820611 30.523136223 30.5770711232 30.6983378015 30.7839408886 30.8948926525 30.6949332932 30.9769783127 31.1529164114 30.9715632032 30.9462449883 30.7470504463 30.9710653977 30.6207730464 30.9609442814 30.6725175382 30.9532751449 31.183915082 31.0525600346 30.9354806365 31.0736633404 30.8401771041 30.7323602917 30.6906857774 31.1426965078 30.6296913457
30.6067771951 30.894340718 30.7456866844 30.5805681808 30.5878093327 30.7526834854 31.0250640376 30.7710859255 30.6134213243 30.788403846 31.1008596641 31.0379755417 30.7954984688 30.544741076 30.6150804604 30.5255922299 30.5692494695 30.6535303845 30.8619523477 31.1888275463 30.5348609592 31.0330547872 30.9727213249 31.2068469748 30.7063138868 31.0643422289 31.0430297275 30.5126559862 30.5191976445 31.0977591109 30.7532369 30.5085011763 30.6315397612 31.088427863 30.7244181934 30.6454050288 30.8028866775 30.8620668886 30.8189048569 30.8178528875 30.8038673983 31.0843528945 31.0919292345 30.9099014431 30.7331899134 30.9058788776 31.0122204989 31.1779402389 30.7976006988 30.5471236734 30.9903232383 30.7173543356 30.8985140815
30.7870176235 31.0322318349 30.5765456164 30.6859605373 30.6575475375 30.6531928217 30.8093604249 30.8068721489 30.9850328259 30.6948938539 30.8939703258 30.6243457647 30.7637563591 30.7874213908 30.9943654907 30.9731826857 30.980263416 30.6371091104 31.1915955734 31.1540053039 31.0082296646 30.9447815132 30.8596794654 31.0030266971 31.057741507 30.6272773617 30.911870591 31.0615929111 31.0358517003 30.9784690309 30.7718998519 31.0344240088 30.922675948 30.5881837315 31.2036015567 31.165358916 30.7082097016 30.7183809302 31.1987775444 30.6231390619 30.9031241034 30.7551263913 30.5728619393 30.5130045581 30.707290638 30.7130356852 30.6627483583 31.1129206724 31.178155708 30.7906324649 31.1805726196 30.9326088671 30.7496677279
30.8925267933 30.9679304162 30.5109979615 30.5293944437 30.8569326508 30.8024919905 30.806143888 31.1303539582 30.7689457363 31.0444461432 30.8051056466 30.8532523448 30.9743915733 30.51242846 30.5798084887 31.1014606549 31.1587144979 30.9283943134 30.5526571934 30.8843510964 30.9062316024 31.0521141111 30.7041510895 30.672384683 30.8451362193 30.954256562 30.9105882048 30.5334583469 31.0743698968 31.0367110077 30.9918989238 30.540057123 30.653066846 30.5861713282 31.0478586336 31.0117542729 30.9820368364 30.5007686971 30.5006043198 30.8194410654 30.7891097096 30.9013273163 31.0335474333 30.8738970941 30.6222545936 30.7349383944 31.0683808955 31.117365462 30.9501566032 30.6768494423 30.6355048072 30.58955873 31.1397035407
30.8057943204 30.9640033856 30.7101969117 30.5249666673 30.5854002516 30.8988312797 31.1559983539 31.1603569355 31.0103340724 30.7472871397 31.0890314827 31.1737528241 31.0133540522 30.6019556784 30.847397322 31.1016877166 30.9495604064 30.8652383372 30.8669242574 30.9325478287 30.9680288423 31.1581140359 30.7704979264 31.056115571 30.9475972302 30.9121750018 31.046122952 31.0324926408 30.5605139386 30.8604653988 30.8778038252 30.6198021826 30.6517604966 30.8106555618 31.1432768393 31.0824677783 30.5266849596 30.5601198403 30.6787106112 31.0227127714 30.8274691222 30.55717944 30.964726881 30.5336042644 31.1427095206 31.132807717 31.0455819633 30.7491101545 30.8017705306 30.7813595712 30.9132278479 30.722041219 31.0653647664
31.0597705607 31.1782789117 30.6888619409 30.8871563826 30.7304003732 30.7857029744 30.9155485254 30.9932353298 30.8528334248 31.1258774253 30.8680047708 30.9657868801 30.8814684389 30.5236928177 31.0550959699 30.6521949195 30.9467611222 31.022609592 30.8242886167 30.9169305511 30.8436973257 30.699288332 30.9954649055 30.642483315 30.5159627974 30.860171591 31.130857701 30.7294696339 31.0904350128 30.8386660374 30.5165154306 30.7740585135 30.9891313337 31.0795505184 31.1422447314 31.173305985 30.9242505571 30.8904204547 30.5856882923 30.5289129694 31.0249990301 31.0461354466 30.8854089681 30.8347109242 30.8342111658 30.6831648575 30.6382111543 30.9994764952 30.6820793727 31.1286329871 30.7113504461 30.6978701468 31.0290708066
30.5604651242 31.1869512592 31.0665822414 31.1287957968 30.8352988724 30.8235183955 30.5015548637 30.8569092862 30.743987971 30.9355863361 30.8102814674 30.8312253184 30.5327839644 31.1966618311 30.6054196782 30.9713503711 31.2066024404 30.7336979177 30.6665509182 31.0118456694 31.1423089226 30.8295160691 31.0047199899 31.1646794035 30.8850515049 31.0483327588 31.0720058299 30.6199481694 30.8215966087 30.7693498715 30.7560464598 30.9064946559 30.7888053454 31.0475995313 31.1922323544 31.017097246 31.1379052966 30.7934875008 31.1862237196 31.079715606 30.7079667246 31.1065144879 30.8697133526 30.640416431 31.1143303994 30.8225443849 30.514596323 31.1350764317 31.1587547024 30.5584279461 31.0072874819 30.6761576112 31.0241009332
30.5843875958 30.6150962446 30.8272569585 30.6472946285 30.8439020697 30.7866694459 31.0124964964 30.9332437418 30.5815300189 30.8538850362 30.6033064443 31.1459179882 31.1763136886 30.5873054475 30.8689626331 31.0374411408 30.7153850311 30.6906187444 30.5475389449 30.7998777513 30.6183873741 30.9449632551 30.8022982571 31.0447536237 31.0784552789 30.6850078843 30.6837350449 31.1687919859 30.6774851489 30.6736351758 30.8338842753 31.077276591 30.7264753445 30.5733989867 30.5695395839 30.6262651509 30.913994551 30.7932779278 31.1192288184 30.7375380899 30.8910745154 31.0477867092 30.9696850997 30.7470883167 30.6505490752 30.6253688466 31.0982182596 30.6672361917 30.6877689891 31.1964408769 30.5921583304 30.5918695151 30.8889226388
30.9160793794 30.7658761917 30.7726123972 31.0023878662 31.1362812953 31.0679965918 30.7646190467 31.1671712122 30.6804157886 30.534987493 30.7939451133 30.6653729494 30.9629179589 30.5850367369 31.02123792 31.0233643417 30.9887589837 30.546905539 30.7249721207 31.0483071531 30.9747804914 30.946276016 30.7813309341 31.1987656407 31.0290373661 31.1498547427 30.5110352574 30.7589331057 30.6025635443 30.8130098226 30.902793211 30.6351900179 30.9811577324 30.9013229463 30.6593808807 30.9628241955 30.6378954328 30.8331447386 30.6684395106 31.1431318526 30.7059837387 30.7896771448 30.6116829838 30.9912828514 31.0843719946 30.7280687437 30.666556556 30.5861214022 30.5598240591 30.8375499569 30.5753194631 30.6979163527 30.9574712923
30.5493452262 30.9799780703 30.7643814252 30.7097468299 30.613822456 30.7257099007 31.1089078244 31.0601271865 31.0620356886 31.0232938083 30.9851030352 30.7542317356 31.1367540544 31.040208756 30.8654740803 31.0500598916 30.6340811934 31.0443765836 30.7907513574 31.1839682206 30.7988284128 30.8379477933 30.6280863084 30.5439430287 30.8879510587 31.197194153 30.990592258 30.5426569946 30.9354631787 30.7166800842 30.7082261001 31.0455635219 30.7797049611 30.8163147633 30.55217133 30.7172105232 30.6028315317 30.8208210494 30.8860326276 30.5107617952 31.1437563671 30.5543210838 30.9658726636 30.7742880152 30.816980018 30.7701867765 30.5916543928 30.6746236624 30.9961237271 31.0503410913 30.9679472446 30.7219664202 30.9924699468
30.7432209045 30.660250823 30.8640846882 31.1185636573 31.036862866 30.818103084 30.6163188108 30.6430487196 30.7497862936 30.9704049808 30.8563591134 30.5299288851 30.8511524775 31.0129215271 30.7938950176 31.2015595639 31.1308853515 30.9387991404 30.5713497286 30.9899190284 31.1726586048 30.9459144368 30.7589322994 31.1330131017 30.9254493125 30.5858717692 30.8080055821 30.6449146628 30.6696500121 31.0281419043 31.0136719497 30.8815932304 30.9868155548 30.6500180163 31.1324647922 30.8509296656 31.148101524 31.0386500012 30.899961698 30.7675057099 31.1941498348 30.9204043274 30.8644392771 30.6806353923 30.9322914658 30.5996573047 30.6895962414 30.6827611318 31.1840529243 30.7554386738 30.8049342597 31.1716825685 30.9169666384
30.7034942246 30.6524270282 30.7998877996 30.8708063194 30.6090657163 30.6885849431 30.9019217393 30.5849316391 30.9518608103 31.1514915615 31.1783885624 30.8615176537 31.0584859011 30.8073332486 31.0886530394 31.199943211 30.6067185903 30.9844144296 30.9910798742 31.0998613257 30.6769042811 31.0694160604 31.1861222223 30.6203763355 31.055137991 31.0126010362 30.5941252506 30.908838455 30.8770993297 31.1897056527 31.1741758237 30.7554524537 31.079614183 30.8923165844 30.5326122916 30.8140439092 30.6195910579 30.5081375551 31.0727331885 30.5457176093 30.7885139491 30.9835629159 30.5152539967 31.0560996048 31.0458246528 30.6860413761 30.9082863631 30.9380338361 30.9958083341 30.6319511663 30.8655510643 31.1836033421 31.1084833624
30.8856070482 30.8353397241 30.7043618906 30.5299214501 30.6567438128 30.9672026715 30.6966380168 31.1351504101 30.5864902383 30.7737057059 31.0274628786 31.0402784509 30.8344429364 30.5789523975 30.8617405435 31.1998924677 31.1409407357 30.7522437389 30.8288949532 31.0743913721 30.9005123311 31.1808526347 30.63828083 30.9898352035 31.1672720456 31.0391258577 30.7305959794 30.8074324775 30.5135808931 31.0432210333 30.9743615034 30.7201179779 30.7099460993 30.7629206018 30.6463967917 30.9519554135 30.608744424 30.9575706578 31.2019460483 30.933352238 30.585017229 30.9797263868 30.6781640278 30.7423311942 30.5677807489 30.9193375071 30.6858561541 30.7643461594 30.5751990733 30.5448889839 30.6675288864 31.0522693455 31.1719198992
30.6649717001 30.7136561205 30.9165132065 30.9563632943 31.142282721 30.707082282 30.6787388914 30.9469054385 30.7856145363 31.1493353084 31.1924528584 31.0590106866 31.1874242205 31.2015580817 30.9170944694 31.1434174108 30.9912423322 31.031875094 30.8733992419 30.8727433198 30.5875384117 31.0104248107 30.9591364419 31.0303670916 31.0777173256 30.8710546859 30.6045607806 30.7411975899 30.5322100857 31.0120036786 30.7462236624 31.0039088778 31.083139403 30.7474154279 31.1202773321 30.697751694 30.5403922457 30.5137733046 30.7748878189 30.9445518234 30.6527300201 30.7516826316 30.8236959234 30.5873156808 31.0855134913 31.0104067762 30.7351706888 31.0933818901 30.5601605382 31.1419846442 30.8410825261 30.7446818226 31.0755312082
31.1632761966 30.5984900696 30.5035259949 30.6458101459 30.7296168035 31.0243162303 31.1505879635 31.1368287731 31.0395017717 30.806736534 30.6484969866 30.7880985385 31.0888227076 30.7899243909 30.8165179084 30.6984832406 30.5382700996 31.093291814 31.0214787651 31.1689031165 30.7702017117 31.0887849644 30.7696840576 30.8135625493 30.923220999 31.1230753397 31.1853907604 30.901201391 31.1998652424 30.8954225655 30.8330118315 31.191918803 30.5470853775 30.5163271584 31.138289292 30.8773686124 30.6591357604 31.0279218584 30.504102863 31.1103116653 30.9348149517 30.8832601913 30.6778175522 30.5511323254 31.2007937839 30.8510064945 30.9250993867 31.1000920052 30.712877107 30.6576123929 30.515897281 30.5273466697 30.9230097251
30.5586190999 30.5917239759 30.8041063727 30.6783367943 30.959711418 30.7300145123 30.5572248405 30.7373311276 31.1796184568 30.8106307732 30.7264359768 30.8094163527 31.0847448666 30.6540243337 30.6348066027 30.5029383071 30.9241559854 31.116751797 31.2056318068 30.8078131848 30.8298738052 30.7711283069 31.1294986332 30.5877368011 31.1180718018 30.8847368011 31.0913574463 30.6263212581 31.1185215585 30.7301132573 30.7233158018 31.0935535617 30.8638314562 31.1065850094 30.8023035251 31.0487549521 30.7196689443 30.8192372951 30.9840483319 30.8799287429 30.9407249264 30.5078570856 30.5985903259 30.73826592 31.0775508208 31.0367295341 30.893359977 30.9470411037 30.6586026875 30.6193676294 30.8130357105 30.5621128617 30.8862549164
30.9041984773 31.1033844857 31.1644634425 30.677375942 30.5776786668 30.7310417882 30.5208903025 30.843804246 30.6704790137 30.6012368064 30.7182231997 30.7075487359 31.004789032 30.9396718786 30.9369917896 31.0619713809 31.1792543673 30.6746954845 30.97376667 30.6437923992 31.0672641073 30.8104472702 30.5767487004 31.1606548548 30.7960711871 31.0593654057 30.6668510217 31.1875321955 30.578014957 31.1383902531 30.8746228937 30.7260636469 30.6367688529 31.1836419058 30.9338820859 30.9710052916 31.0213697845 30.5290618543 31.1981149592 30.7901540303 30.8559671553 30.5861498029 30.5340383923 31.0313049448 30.6844957788 31.0764902898 30.6306206779 30.536786661 30.7996747381 31.1625873943 30.6105971582 30.7536914821 31.1924785262
31.0683647403 30.9571439115 31.1681208223 30.7846228801 30.7952469583 30.6358014685 31.0996984853 30.685011386 30.9858741599 31.049091448 31.0273941324 30.6415698868 31.0161705564 31.0509535884 30.6937278327 30.8410375956 31.1158022172 30.9429471533 31.0079537298 30.7001150703 30.5554145018 30.9283840523 31.1945288453 30.6716351729 30.9408781219 30.6092445743 30.9087555661 30.9170512861 30.7335109408 30.9982785689 30.6974053627 31.0575832693 30.682389393 30.8449205069 30.7312671144 31.1185107375 30.5171816991 30.5147739773 31.1093345324 30.7564550292 31.1376877619 30.7768304657 30.5450350132 30.5698236814 30.5431807844 30.7835810789 30.5456906653 30.8244691817 30.5426087265 31.138989262 31.0397654919 30.7747233273 30.8659024826
30.7614411166 30.7712356241 30.9121315228 30.9593630344 30.9267677083 30.5092744879 30.6167524238 31.0702288377 30.6874720317 30.7450450364 31.0783545017 30.813485725 30.9422457729 30.6179354501 30.5647046733 31.1509578045 30.9876317044 31.1262952066 31.2001538789 31.19959529 31.1267583577 31.0321902045 30.6628027273 31.1153835143 30.9513727234 30.68953325 30.7448285161 30.8622549595 30.6650243465 30.792373891 31.1745883393 31.1241399634 31.0600678978 30.7486442657 30.9461606931 31.0131790616 30.6449690896 30.5542978574 31.0152857751 30.890627464 30.8683673112 30.9972535594 31.0886220697 30.881629444 31.0770133198 30.7017684983 31.1190713291 30.7291058901 31.129075942 31.0219761554 30.6513483446 30.8073564312 30.586998458
