Spatial_Output/90% DEC/90DEC_0083.asc
NCOLS 155
NROWS 192
XLLCORNER 196769.923733
YLLCORNER 449719.875193
CELLSIZE 27.603701
NODATA_VALUE NaN
[rows 92 to 114 of 192, columns 0 to 52 of 155]
0 0 0 0 0 0 0 43.4306983876 44.7857999021 43.7071294138 43.1738775718 44.8508677556 43.6793816563 45.3170418217 44.4686076851 44.1836513793 44.3228883803 43.0070262796 44.3269125768 45.0815405409 43.7433718619 43.1079493065 43.8280329008 44.7882680569 44.4488762296 44.1747653698 43.8888011148 45.2986067071 43.8608072783 43.1725948518 44.8484906797 43.1036952277 44.1446167817 45.4924858499 43.5024142413 43.1007954046 45.4709778843 43.9445409543 45.5998318153 45.6797220027 44.4559799317 43.1096398599 45.5359099789 43.7382787201 45.2678951587 43.040208208 45.5912928198 45.4489874698 43.4015518632 44.2045175732 43.3194997404 44.113608858 43.8552924874
0 0 0 0 0 0 0 0 44.2759930613 45.050293669 44.6746545646 43.5672084192 44.2854564338 45.6553882473 43.5189607756 44.8874015569 45.021094698 43.9200920081 45.3750535493 44.9501286902 45.0763238258 43.142332992 43.5775884425 43.4623955852 45.3220448576 44.0079822677 43.0547822342 45.1641289088 43.4777509538 45.6906431697 44.0168576611 43.7713990951 43.5643863135 44.039735699 43.7200437393 45.0461163594 45.5248474766 43.8008652982 44.2107068587 44.5808082967 44.9532411332 90.4731532966 90.4731532966 90.4731532966 45.3967697601 43.6342660883 43.2746957536 44.737043121 43.2505508497 45.3031499376 43.7775430857 43.8323785811 43.7487358382
0 0 0 0 0 0 0 0 0 0 43.7696523773 45.8142036329 45.5118354032 44.352829843 44.3218702127 45.6493602337 44.8241224291 45.3784738383 43.8785073555 43.2825577159 43.0133970728 43.6409670612 43.9451151563 43.6480982082 45.2500881604 45.8134712558 43.6631646415 43.6888592128 44.0372728828 45.0605482085 44.2641559926 45.1215549535 43.6929644956 45.7767134758 45.6533389297 45.0272227072 45.6726185011 43.463456116 45.4915426631 43.4579221811 45.3249353728 43.480282631 43.7644115471 44.452690734 43.1759484598 44.9734971145 43.6724947824 44.4785608911 44.2038334491 44.2394801269 43.3951064149 44.9172498286 43.298388638
0 0 0 0 0 0 0 0 0 0 45.7455415884 44.950604504 44.8403185724 44.9316445301 43.5903749405 44.1061199361 45.4980571573 43.0908190172 43.6835416161 45.3385803307 45.5089131037 43.0805475802 43.475396059 44.7240919936 45.3254810132 45.2182024732 45.1069497555 43.6359914441 43.0952974437 44.824881728 43.421435926 43.1522763929 44.0280657999 43.4679327292 45.210301191 44.9476932495 43.9046101179 44.342539786 43.3084386707 43.9193481582 43.3180958587 43.9446078357 45.7103976909 44.6636209935 43.4186789634 45.1474632036 44.7614767894 44.1379511616 44.0871985147 45.3965994113 45.4637904083 44.4760466385 45.032507978
0 0 0 0 0 0 0 0 0 0 44.9598407144 43.0919890374 45.8225261735 44.8607829671 45.3138287304 43.0414473768 44.0420789514 45.3204272982 45.1066373731 43.3032754298 44.7891143084 45.3027805175 44.0276792168 43.0891449875 45.71941691 44.1416078961 43.0152584841 45.6688756965 43.5587224724 45.0125179006 44.792913212 43.2277453899 44.4583710115 43.2307788032 43.5186789165 44.1261994546 43.835711471 45.7061486857 45.1195743682 43.3281939189 43.4897377228 43.3687964781 44.1488757459 45.5605905607 45.2610536493 44.8743532181 45.1755348117 43.4334404734 43.5395280127 45.401668546 43.5653357565 44.7370929559 44.6929861847
0 0 0 0 0 0 0 0 44.42085741 43.0233531375 45.7838992076 45.369052278 45.0728747941 45.6189397472 44.2258247823 43.4001057155 44.3541659532 43.9347474617 44.2291383993 44.5895490435 45.5939903766 44.7346099276 44.1587489813 45.2932602044 43.7215284592 43.1523592107 44.0553447185 43.0827149635 45.6617311855 45.5133802284 44.3972052966 45.7549769222 43.8391503473 43.0652877503 43.1045013692 45.2129396585 43.0565284438 43.4298734779 43.5828305651 43.8844686474 43.2619463806 44.907871564 45.2020850511 44.9837376094 76.1409105001 84.7162361347 45.1234543695 44.7045588005 59.5718326735 70.3583466932 45.3935303394 45.4635037137 43.234720209
0 0 0 0 0 0 0 44.760152504 45.7518839254 44.3485915164 43.1846522032 45.5114188989 43.6951645382 45.5347401334 44.7499211275 45.5425569269 44.0507295511 45.5884682362 44.5544972936 44.6739306732 43.7667770111 44.8752390613 44.4768607748 43.8898110887 44.8788611941 44.2933543383 43.1511536899 44.3736146245 44.382355514 44.2170971168 45.4227155772 43.4798728062 43.8943369245 43.8269976089 44.974378226 43.0705026559 43.3564953216 43.5172948951 44.4839832206 43.1920838675 45.5612105719 44.4173451437 45.6385211485 76.1409105001 76.1409105001 76.1409105001 84.7162361347 43.6793442252 43.6910631627 44.4031082971 70.3583466932 69.8434284461 45.1792464887
0 0 0 0 0 0 0 43.4035944254 44.6985111342 43.1933212225 43.5324225003 43.1018959417 44.8485657641 43.9298482861 44.5127936598 45.7970298034 44.1200259841 43.965435213 45.3412657618 44.1376894261 45.3479836907 44.9594260997 44.3820584891 43.2787447904 43.363813288 43.0753406849 45.0891071494 44.157506039 43.6965573979 44.2541123932 43.5707182129 44.9702862478 44.9217344643 44.9404900746 45.3859626461 45.3075060224 45.1137183047 44.7192234441 43.6195725261 43.3141657319 43.0604404394 45.7070957688 44.0645934744 44.6781413428 76.1409105001 84.7162361347 71.8046494327 71.8046494327 45.0487610093 70.3583466932 70.3583466932 44.9866139743 44.0112685103
0 0 0 0 0 0 0 0 43.0393035085 44.6455692799 45.5217151246 43.7953658472 45.2906224303 44.9097193496 43.4757940216 44.5571503399 45.3510658809 43.1120868126 43.8519062055 45.3107980099 43.1685198835 44.5937831108 43.2540955849 45.3005334822 45.1451842796 44.8916002404 43.0894892581 43.6210124122 43.5112575546 44.1264654207 43.8646566574 43.6359514581 45.1857378515 45.6034728289 45.3408614937 44.7903722933 43.1535774129 43.790744027 44.2134772589 44.3305807478 44.4096951914 44.2546532748 45.6903761113 44.1799620533 45.2584827203 44.7167086757 44.873810006 45.8174456359 44.1125899942 44.9580701608 44.3989637742 45.1462823873 44.2603644491
0 0 0 0 0 0 0 0 0 43.6523381577 44.8257873655 45.7375249192 44.4166709016 45.7284644804 45.4493724488 45.6275407693 45.0802128695 44.5734828149 44.3349359205 45.7417990471 45.315939316 45.1623017142 45.4890422344 45.2087921728 44.0992523994 43.1693756777 45.2257658947 43.6863171752 44.9174145766 45.635514407 44.4013945935 45.4949813041 45.1973536071 44.0349198268 44.2738365553 45.0278596927 43.0037045569 44.2151368849 43.0377385741 43.5351950462 44.7023032719 44.3723434947 43.0411336041 45.1920688366 43.122729549 45.6123555623 43.7980508967 43.4675050696 44.583322686 44.5180899562 45.5678689367 44.2229273197 45.6381026324
0 0 0 0 0 0 0 0 0 0 0 45.732070232 44.7445567798 45.6297384722 45.2248330718 45.4312738334 44.3594738279 45.0829707998 43.7185481714 45.2179416977 45.6185789181 43.9028513214 45.6850082537 43.5747040331 43.6031918468 45.7249931329 43.5667790018 43.3177540198 44.9037608401 43.8569126047 45.1706342698 45.4832424749 43.216425665 43.84061759 44.2902104922 45.590034918 43.7040500757 44.2970350328 44.1460824904 43.4517234018 44.6303239762 45.1678245066 44.2364202374 44.4157631678 43.7558787575 45.3919595231 45.4144424874 43.7750854914 44.0867471453 44.3469350378 44.0203388962 45.4644245085 45.1216280733
0 0 0 0 0 0 0 0 0 0 0 0 0 0 44.0202809509 43.378934401 45.4306458447 45.4092108443 44.9492642591 45.3361962032 43.9406211988 43.8008123163 43.5732027728 44.8699107715 43.8896798004 45.8005234658 43.2341365534 43.8391513377 43.1519272185 45.3235496225 45.7004698681 44.3768957073 45.2694298732 43.9909858117 45.1814224332 44.6036196026 44.9528868289 45.1758609231 45.0959204314 43.5457559126 45.5766436248 43.2909456427 43.1099770685 44.1588320311 44.8813182834 43.7476276366 43.5101333811 45.3781542411 45.576349404 44.6775415523 43.0282602128 43.7638491004 44.319117525
0 0 0 0 0 0 0 0 0 0 0 0 0 0 0 45.5547853854 43.2822542872 43.460350048 44.744628127 43.2885562885 45.4293184359 44.606641211 43.6119038793 44.2029459035 43.5304705711 44.269476013 44.1857146986 44.1735819767 44.2801471436 45.1187255476 45.2619540444 45.1688376917 45.4862048554 44.0379616177 45.0406121603 45.7591092563 43.2396095754 44.9800162365 43.7092180128 43.150456053 44.1466982214 44.848848208 45.5496757568 45.8276462919 43.0650823083 45.7288199101 45.1926793198 43.1149887639 44.0849706823 44.1742309834 43.7713468851 45.2914047048 44.151657327
0 0 0 0 0 0 0 0 0 0 0 0 0 0 0 45.3204899144 44.5955206948 44.4355533011 43.9084243646 90.2987072319 43.2987788911 44.7778960001 43.0448400017 44.3730704348 45.7269440866 43.2548079278 44.0255848712 43.1537231822 45.2232703084 44.3864220393 45.4849914475 44.8202783499 43.5531205432 44.0515320678 43.6826068213 43.0078852372 43.4916800303 43.4841130617 44.2959660977 43.217357449 43.3462972402 44.5331147231 43.709085548 43.0846459001 44.5212983776 43.8481877441 43.8635475525 43.09242366 45.8006804462 45.2752183734 43.2186348186 43.4735328118 44.8796171829
0 0 0 0 0 0 0 0 0 0 0 0 0 0 0 0 43.2081612435 44.4029241751 90.2987072319 90.2987072319 45.6131245752 44.9498355897 43.2875046268 43.0917234419 45.7556267156 44.6389756547 45.2314883868 43.681395945 44.8301808503 43.8216493557 45.7371457934 44.0831319396 43.1227274142 43.8277915264 45.4266816959 43.2860639153 45.5049225501 44.5888866344 44.6547768724 44.4439884163 43.7530584657 43.2754286136 44.9284254125 43.3315386366 43.0728166751 43.1764817253 44.9547736077 44.2969259107 45.371941973 43.0092357687 45.0147497249 45.233360309 45.8091157337
0 0 0 0 0 0 0 0 0 0 0 0 0 0 0 62.4005929298 61.1137851462 59.2504135407 43.5323960057 43.1912656155 43.6722160445 45.7250026345 44.5158529053 44.3923416786 43.4686958196 45.1440432875 43.2666296511 44.8008915025 44.9547015793 43.0604450171 45.0912428738 43.2963913111 44.6447058585 44.3124270952 45.1353496429 43.2351218164 43.3067275445 45.1103959136 45.0492884886 44.8223936531 45.3831360649 43.8654309455 43.2191100896 44.1348560786 44.9809337214 43.2311657663 43.8272569917 45.4814516952 43.1071935361 44.8018084808 43.9779768153 44.677937954 43.6362633061
0 0 0 0 0 0 0 0 0 0 0 0 0 0 0 60.1748775737 62.0626649262 64.3682382189 44.7248995823 45.3524787159 45.2673046081 43.9813260105 45.1203822884 44.8209555434 45.3314131354 45.0950660339 44.5849138155 45.7365141677 44.4381439138 44.3616943404 44.3943676379 44.2408892888 44.5280926267 45.7686560162 45.0710011872 45.1724689855 44.52341321 44.6293713792 45.5967106355 45.4929648381 43.8134376764 45.6946412796 43.9694432215 43.3187882729 45.0362654554 44.4112680508 44.308803333 45.7254705914 44.6007396856 43.8303636006 45.0145382814 45.6765448446 43.8375075177
0 0 0 0 0 0 0 0 0 0 0 0 0 0 0 54.079905036 61.149807694 54.0688196714 44.9947106298 45.042700044 43.1462582217 43.7995567875 43.5464589293 44.5499015491 45.2673989661 43.849113174 43.0618602912 43.4169741062 44.9408208372 43.861968513 43.8304998665 45.3812611693 45.4332127218 43.1935478494 44.9113232191 44.058913663 45.7322058635 44.9901884546 44.2931911181 43.007959475 44.9612584345 45.6902066086 44.9098483696 44.4685070082 43.1036411995 43.6451041126 45.0633314553 43.8469257627 43.273100782 44.5848100757 45.6777430465 44.4510542688 43.4987256642
0 0 0 0 0 0 0 0 0 0 0 0 0 0 0 0 0 44.3573289442 44.1221364749 43.6339993609 45.5012805829 45.6848671819 44.4155981561 43.7744563948 44.5373600783 44.2989230979 44.987486694 45.4233384565 43.6019283053 44.1666557767 43.1808648622 45.3990694542 44.9806991804 45.334151331 44.0470385613 43.9811624146 44.4226397608 43.8063930827 44.5449295739 43.5816067092 43.7592607287 45.4481375905 45.1750086274 44.0983961158 45.3658279405 45.2661816356 44.8942454388 45.5204888693 43.5545540717 45.5743230877 43.3437393311 44.8244508993 43.4951594487
0 0 0 0 0 0 0 0 0 0 0 0 0 0 0 0 0 43.4230242086 43.5561068905 43.3133205508 44.0148232498 43.6523606309 43.792547472 44.1214543819 43.1937689831 45.1701190773 43.4041298427 43.6554579356 45.4156226687 45.3742261025 45.6815985967 43.9353548515 45.1021411906 44.7282731075 44.5420638224 43.5451965611 45.4096336106 44.0460821897 43.2705331985 45.0180040848 43.4305683928 45.0372368719 45.5311740751 43.1029125326 45.1663104175 43.0161799226 44.3085906436 43.9833360504 43.787471516 43.206001033 45.1202305198 43.5001901623 43.6062377725
0 0 0 0 0 0 0 0 0 0 0 0 0 0 0 0 0 0 44.8649141131 45.0330730836 43.4545560215 43.5516266438 44.4989845462 45.7368435459 44.2183962655 45.166091982 45.5225126063 43.9837408356 44.5533027909 44.858366222 44.9601186016 45.4424149798 43.7987304197 44.3439315015 44.8018993038 45.4535450509 45.7424239089 43.2809407001 43.2498617272 45.2724325248 43.6831041909 44.092789502 43.5806620745 44.8847960708 45.4267506029 43.2993069545 43.4094348191 43.6652793279 43.2842498398 44.2634497261 45.7945468617 43.3700056195 44.0883525223
0 0 0 0 0 0 0 0 0 0 0 0 0 0 0 0 0 0 45.5551392944 43.9696767996 43.6059445558 43.2616767931 43.4459319243 44.5737113878 45.7800762421 44.8478194733 43.0801469876 43.514664491 43.6440533654 43.3600059016 43.7330836368 43.5186004377 44.6547313716 45.8253980643 43.202811841 43.0418357986 44.8292322887 45.6238719739 43.3171234854 44.5339661635 44.7291323477 44.6757602437 44.1680169788 44.5887350093 44.6449334572 45.1296176911 44.6001556562 45.8212101218 43.8393403758 43.5077369523 45.3653543137 45.5864531453 44.1239753312
0 0 0 0 0 0 0 0 0 0 0 0 0 0 0 0 0 0 0 45.0260287311 43.6720364374 45.0291960104 43.3531705821 45.0184299173 45.0432814919 45.5074235258 43.3682869202 45.0372617758 44.1423753435 45.243469301 45.160410897 45.1831391119 43.1876173289 44.4265257171 45.7116934898 43.0545354377 43.7173588832 44.2519249976 44.7107208295 43.3038221034 44.9364746237 45.4193725781 43.4023479181 43.9816086937 44.4872668492 44.698380544 43.0934378553 43.5258164007 45.5263248143 43.2412098473 43.3506067656 43.992447847 43.2336121637
