Spatial_Output/90% DEC/90DEC_0641.asc
NCOLS 155
NROWS 192
XLLCORNER 196769.923733
YLLCORNER 449719.875193
CELLSIZE 27.603701
NODATA_VALUE NaN
[rows 161 to 183 of 192, columns 53 to 105 of 155]
27.5785029128 24.8249998143 28.2203939443 25.0058355398 25.062475933 26.5819769487 24.9410153796 28.2171846571 28.1609542634 26.7727965627 24.9637120403 28.3255927024 24.778039903 24.7819913604 24.9467781824 27.973483948 27.6779425957 28.6983819991 26.9283446176 27.172881796 26.087506303 26.4658848485 29.2366260177 25.1397117945 24.6221777921 24.6184813813 26.1540825727 26.3223919763 25.713021113 25.6503341358 28.985109085 28.0272681928 26.6194403375 25.3776981749 27.6396339362 25.5621774672 27.2241555162 29.0929941422 26.8688183023 25.8924385335 25.7560378955 25.9060069081 28.1216462931 24.5617413824 27.2732432937 26.1007854758 29.3145573422 26.2668736816 28.2941634302 27.2360145594 25.4043606799 28.4631333844 27.5709999279
27.1215350156 26.2024241839 26.34154463 25.5188513811 26.9786397461 26.7814887837 29.0916284594 26.9950684098 29.068032251 26.9937294602 26.0458850347 25.6460237125 25.460491555 26.1932032746 26.1524520234 25.9878090974 29.194646619 27.560932815 27.0835829674 27.0536619703 28.7321618198 28.3106755462 28.9889457655 29.3312337421 25.3845004756 25.0180968632 25.0609580294 24.7423682954 28.7786384749 28.6893333341 27.1923954866 25.5221472469 26.1009053543 26.195954915 26.4501075364 27.7759505096 26.8808959543 27.3234227651 26.708064667 25.2301797644 27.7739303217 26.0949320261 26.1523283994 27.5938548821 26.0995197704 26.6883574534 27.7379713502 24.5352479015 27.8019285152 28.0163547428 26.2331146806 28.011113734 29.372974511
0 25.3042891407 27.1777390352 24.9260669386 25.8856795162 26.804187943 27.6828212381 26.8452147385 28.8719746595 28.9719869081 28.7594384018 27.8438644464 26.1384290923 26.9410016558 26.6194061655 25.3049063175 29.0294220109 28.7567912004 29.2085703057 27.6417801589 25.3348457019 29.0708349983 28.4891646402 28.2196641394 25.7444972099 26.6686201261 28.6490277675 27.0802364271 28.2494657617 25.649600118 29.1616422137 25.6880271943 24.5702346491 27.4147073051 27.2415187911 25.4962294501 26.2772365116 26.7835153486 29.2362546636 26.0585428148 28.0939180601 26.6665044325 24.8985205259 29.3007828844 27.5043073415 25.2896945426 27.7164761887 24.9261875474 28.5042263067 29.1222843711 26.7852400177 26.0919335546 24.937862144
0 0 0 28.2651740471 29.0004787915 26.4921818297 27.3047715801 28.4377558893 27.8467630876 28.0316141265 28.4555646379 28.1437243846 25.4011995167 25.4964548057 25.2640525983 26.8765011015 27.7857776427 29.1814408233 26.3163368884 28.2670756196 27.6043713377 29.3827902915 28.3731218709 28.4822675681 26.7428503971 29.3107690765 26.6893168065 26.2146628046 28.2807039984 26.8118645678 27.8895331246 27.3005085804 28.4326079134 26.0300570117 26.9366499801 26.1220069675 24.7361021683 27.8506700399 29.431254167 27.7802300921 29.2718750042 24.559074175 27.8589807215 27.5806418467 28.1716442581 25.1992454879 24.9117129938 27.5595048326 25.6816266175 28.7149170283 25.9918032147 27.1550158667 29.298545236
0 0 0 0 0 0 29.3539702349 26.441056244 25.0511873377 29.2462093807 24.6958299715 27.6956614724 25.2766103968 25.7060917315 29.444795829 25.5674346409 27.6795954775 24.8758773452 26.0680489757 24.6162143467 24.9155266213 29.2237946182 26.6734768883 27.5034644978 27.4436946168 25.2348460156 27.9502673598 24.8487989026 25.458582778 26.134006087 26.8143105055 27.8129727936 27.2761462238 27.2416606466 26.8266207968 28.9080940751 29.2158010216 25.6593171578 25.7508167902 24.9743787524 24.7279496644 24.7256182251 25.5218256633 28.8111117702 26.3864385173 27.4881881718 27.4844219339 28.9661301528 25.6790597923 24.7250991877 25.5590536099 26.5552900016 27.7747968131
0 0 0 0 0 0 0 0 0 26.7292418493 25.5546107581 29.037070135 27.4480755611 26.3920527895 24.6404465946 26.0552356012 25.2540453677 0 28.3480037131 27.7733854873 28.2520476495 24.9679984303 27.8685032556 25.3299127748 26.5309506533 29.2400211302 27.7160181227 26.5192801314 29.0741888405 26.7934690322 24.9455697505 27.7283842673 29.2926214551 28.4020286819 25.2291306707 24.5458425581 25.133300281 26.9341595577 29.0891932974 26.2276262029 25.6020897679 28.8919321417 26.6938192521 25.4671179947 29.1890480247 26.3362564539 25.568609317 24.5954549391 24.5564121864 25.2137704069 26.5434718184 29.3741045511 27.7705308004
0 0 0 0 0 0 0 0 0 0 0 27.2699104748 26.7884498952 27.0636949602 25.9018386675 26.5348634263 0 0 0 29.2772846172 28.2540787518 29.1407299458 29.2828901996 26.9361096145 27.5552654221 27.5673413549 25.7852216343 29.1685121879 26.731958551 26.0064414732 24.7217922797 27.6663293797 27.8939571102 27.8883486525 25.6988181449 25.7676799239 27.8305849784 28.2681653006 25.7717824494 25.045444739 24.8339428435 27.2618116575 26.1390429452 25.1085603894 25.8859959304 26.6209886003 29.326963149 26.3473490102 29.0184399182 27.9863879581 24.6926733471 27.1062160878 27.002830543
0 0 0 0 0 0 0 0 0 0 0 0 19.8977830049 19.8977830049 65.9304345373 0 0 0 0 0 25.7829706604 27.7271667346 28.5464106896 24.5133669957 26.7845681551 28.3935199072 26.1772688459 28.0674035015 28.0978932424 24.9372499493 28.7083912382 29.0617770162 26.0932358699 25.2601649201 28.1109065264 26.1049141439 27.0992521068 26.2033123846 26.829741715 28.6549408742 27.9908172924 26.3038389267 24.8533450732 27.9673189063 25.0699614174 27.882858418 28.7643812223 24.5066438119 25.9563610845 25.9022457579 27.9399455593 26.6831997343 27.5713695808
0 0 0 0 0 0 0 0 0 0 0 0 47.964179897 44.4879274932 38.6346589834 0 0 0 0 0 26.2258957277 25.510100469 25.2418175603 27.9845645888 27.6543690754 24.9995643673 28.2715850085 26.5189678222 26.3005783919 26.7296688849 27.1748326135 29.4416477295 27.1338965916 28.3696330035 29.4035807075 25.5558619864 24.8272701447 28.5054590043 28.6615985166 27.5576038427 25.4729172866 25.6755822421 29.2149868042 25.7402476043 29.2071887002 28.0164068877 26.9213223873 26.5258926901 24.66631729 28.3547822878 27.9273108295 25.343951028 28.5777482413
0 0 0 0 0 0 0 0 0 0 0 0 45.8065827466 43.4845590602 48.3379143668 0 0 0 0 0 0 25.4436020593 27.2761822742 26.243080405 28.5210976005 27.1293798974 27.5728854249 27.9395747382 28.325665855 26.2261376072 26.6059435687 27.7740121592 25.0071892543 25.3030600841 25.0906682595 29.3622996629 29.0861575413 27.3703719039 24.7732732925 29.3674722359 28.4803986592 26.9073531066 25.9712955491 28.736316127 25.6373827301 26.9139065769 25.1342813306 27.1934446014 26.9608731908 26.0879370992 27.5895819079 25.311951718 28.1460160346
0 0 0 0 0 0 0 0 0 0 0 0 37.502378169 40.3403638376 46.6827926384 0 0 0 0 0 0 0 28.6565769742 28.7976575329 25.4928191215 27.9456932397 28.5405546799 27.8971814428 25.6257114729 27.3488943015 26.4002913742 28.3788656084 28.9274059378 24.6666307225 28.9419346137 28.8384399496 24.8668271834 25.8527200383 25.2077188553 26.1726555711 28.0110704573 28.247220286 24.8801931365 27.566960128 25.0303839145 28.5781310053 28.3111936869 27.6094677189 24.6419542964 28.319279764 26.5198352431 25.3346083275 27.2357251311
0 0 0 0 0 0 0 0 0 0 0 0 0 0 0 0 0 0 0 0 0 0 0 25.2660089767 28.1105504835 28.7763303044 29.2070316495 28.280057514 28.294336469 29.3413156416 26.6086248612 28.8166096886 26.7722339581 25.5809665989 27.4520581882 28.7424210975 26.5591804542 27.1373398995 27.9484533585 25.9687135303 28.8727032557 25.0231730697 24.6951252324 24.9307641858 25.9539080903 27.9916817369 25.8731384776 26.3636006007 26.5701334929 28.4294680013 25.7663501509 26.768119788 25.2783115825
0 0 0 0 0 0 0 0 0 0 0 0 0 0 0 0 0 0 0 0 0 0 0 0 29.1651605201 28.8542630877 25.9519873717 28.2791173463 29.3513874828 28.2207493241 28.8675479554 28.0407252808 28.971009404 29.0649538903 25.5529358071 25.1024732559 27.2276873823 29.3928732444 27.4203899713 26.6063496783 25.7273274431 29.3153911499 25.8484431874 28.5048894004 26.6807657596 25.4185862459 28.0652056915 27.7364797637 28.0891611644 25.1129334629 26.4348809608 26.3786275374 28.0798546285
0 0 0 0 0 0 0 0 0 0 0 0 0 0 0 0 0 0 0 0 0 0 0 0 0 0 0 0 0 0 28.099290458 26.7569418837 25.7664782854 24.6252392949 25.0762556204 28.617384768 26.7335474648 27.0610014037 27.5791401984 28.5322355795 24.8084807527 28.4934985037 24.5220623309 26.7887972366 26.1775598654 29.2470466818 26.172612803 24.7405648317 26.1333633239 24.923687085 24.6254231662 25.1827285773 29.1714505541
0 0 0 0 0 0 0 0 0 0 0 0 0 0 0 0 0 0 0 0 0 0 0 0 0 0 0 0 0 0 0 0 0 0 25.0512989992 26.716781348 27.3510782095 28.7860671974 25.4968381397 25.383329475 28.9117899817 26.6902960328 27.9305055056 27.2270984725 26.606884493 28.2016359622 27.4785992904 25.8531320097 27.419425492 26.4459253643 24.6065157981 25.6096546899 26.5760749321
0 0 0 0 0 0 0 0 0 0 0 0 0 0 0 0 0 0 0 0 0 0 0 0 0 0 0 0 0 0 0 0 0 0 0 27.5666725096 24.5971736116 28.3108362868 24.9579904739 28.0052028121 27.6523235182 26.9164416917 29.294840103 25.092703516 25.4654208881 25.1588613826 27.228930249 29.388808777 27.2120624985 25.3496054325 29.0440523441 27.8424349491 28.8838091787
0 0 0 0 0 0 0 0 0 0 0 0 0 0 0 0 0 0 0 0 0 0 0 0 0 0 0 0 0 0 0 0 0 0 0 0 25.1762372112 26.7636011765 24.9365641099 24.6522778946 27.4434368939 26.8336320861 29.2044992527 28.8033911362 27.757102696 27.6442994806 25.6153631697 28.0543340592 24.9624376461 28.7761234655 27.2903875607 26.2214485324 27.2641938681
0 0 0 0 0 0 0 0 0 0 0 0 0 0 0 0 0 0 0 0 0 0 0 0 0 0 0 0 0 0 0 0 0 0 0 0 0 26.7067531173 27.5043154573 27.5641288102 25.989291721 26.3020888734 28.1156094193 25.2482851178 27.6514271865 27.4564984871 29.3061083324 29.3902958093 25.6601856597 29.2214525099 28.8728200724 27.8993901982 25.2936942449
0 0 0 0 0 0 0 0 0 0 0 0 0 0 0 0 0 0 0 0 0 0 0 0 0 0 0 0 0 0 0 0 0 0 0 0 0 0 26.6320380992 29.38051162 27.1501045986 27.7649874193 26.8240691204 29.2889631613 26.06719587 25.3634496793 28.0768463874 25.9372651059 28.1816153015 27.0455213961 25.2801795798 29.0251823474 29.2221725784
0 0 0 0 0 0 0 0 0 0 0 0 0 0 0 0 0 0 0 0 0 0 0 0 0 0 0 0 0 0 0 0 0 0 0 0 0 0 0 24.8870029986 28.0738218302 25.5662187409 28.1265329711 29.18538432 28.9833298931 28.8666293077 27.6251744841 28.0575664202 25.8553580275 26.8949155578 26.5827977226 24.7406974293 25.5780208055
0 0 0 0 0 0 0 0 0 0 0 0 0 0 0 0 0 0 0 0 0 0 0 0 0 0 0 0 0 0 0 0 0 0 0 0 0 0 0 0 29.2534107099 25.3794865256 25.0617232944 25.4015014008 26.2780887152 24.5794709645 29.3896921867 26.9735889029 27.1402156467 24.8838968739 26.6569851455 26.7682994517 28.9369967771
0 0 0 0 0 0 0 0 0 0 0 0 0 0 0 0 0 0 0 0 0 0 0 0 0 0 0 0 0 0 0 0 0 0 0 0 0 0 0 0 0 27.6900838235 26.8609207684 27.2286989438 25.3552783863 26.2663746797 28.3209859788 25.8561556931 27.6951500712 28.8377914337 26.9366546678 26.3190880341 25.4820414094
0 0 0 0 0 0 0 0 0 0 0 0 0 0 0 0 0 0 0 0 0 0 0 0 0 0 0 0 0 0 0 0 0 0 0 0 0 0 0 0 0 0 25.3219243027 27.2817787159 24.5833137412 24.9432858269 29.4385771762 24.8746456978 28.7703146357 26.2572982488 26.1296394044 28.3545464514 25.6942868276
