Spatial_Output/90% DEC/90DEC_0493.asc
NCOLS 155
NROWS 192
XLLCORNER 196769.923733
YLLCORNER 449719.875193
CELLSIZE 27.603701
NODATA_VALUE NaN
[rows 69 to 91 of 192, columns 0 to 52 of 155]
28.0285051253 28.3839682642 27.8698715104 27.775000939 27.9515335239 27.1137493728 27.2865096991 27.6949396568 27.2662841827 27.0375326584 27.6154249576 28.3840126851 28.2305904188 27.179103517 27.0282819941 27.7107245024 27.243424396 27.0086280478 27.0728328028 27.9686642819 27.9270958912 27.0015811102 28.0836368373 27.0408952241 27.718578252 27.0045920875 28.3884606785 27.700413032 27.5204497483 27.9416346894 27.8770439773 27.3185159708 27.4589543738 27.5246106958 27.3089416247 28.1177113103 27.1980050763 27.9021423598 27.0190877888 27.7221914966 27.5733118315 27.5130517798 27.5318357182 27.837752308 27.3873062226 27.3336282081 27.0125523645 27.0091922842 27.0078593272 27.1785289535 27.1588022885 27.2188153031 28.3777808488
28.2719277822 28.3100706942 28.1521496911 27.6028802585 28.2825875622 28.1954240859 28.0962399712 27.0408835332 27.1363650875 27.5105355302 27.6316733806 28.1370373567 27.3014907613 27.4412056728 27.4806407083 27.1800510341 27.1582212036 28.0874847948 28.2266545487 27.4128246744 28.0404942143 27.6155990465 27.4306468337 28.0411507192 27.6372119869 28.3556317094 27.4918159508 27.7272085689 28.1716531939 28.1160337043 28.2202184062 27.0539343183 28.3717386341 27.3150470792 28.3281212028 28.382182173 27.8389910984 28.0705220412 27.8393739722 28.241558545 28.3682397299 28.2407914566 27.1131495498 27.1502476321 27.2784569414 27.4806546337 27.2275924595 27.8459152561 28.3463942149 27.5509140092 27.4590638483 28.1139413752 27.3180395421
28.2772114665 27.2958323881 28.1057934641 28.0658236677 27.154467154 27.0521415385 27.3892069138 28.1115436097 28.1648078974 27.5980360873 28.2964374442 28.1706194214 27.4827721871 28.3670378086 28.010277479 28.1228923162 28.3441824428 27.5107895122 28.1182382379 28.0571362874 27.7076802404 27.8466265741 27.5529828045 28.4044333933 27.9253379427 27.0527196718 27.3415716889 28.2256177587 27.5150372765 28.1498880149 27.5391280176 27.5109082135 28.3589330265 28.0141923053 27.2879861443 28.1976183493 27.7718124327 27.798147777 27.2041067255 27.1368163215 27.6351788944 27.5600382929 28.0708089493 27.8812207539 27.4440795492 27.1943104568 27.7505406053 27.5557570539 27.4827219705 27.0426999449 28.1965795183 27.060743652 27.9814121294
27.0625312038 27.1272687849 27.0319596932 27.7961568369 27.4240128311 27.6359782683 27.6249080024 27.9478019785 27.5091311055 27.6323331453 27.344634246 27.2669819132 27.9790826545 27.611767282 27.3152666271 27.5576842872 27.5945352146 28.1961301772 27.9882792193 28.1566516977 28.3715582683 27.4362182017 28.1115961336 28.1930495208 27.994401509 27.2407041494 27.5926413897 27.3511976528 27.6140347286 27.8839577076 27.9236397658 27.5212839301 27.4523398285 27.4052771583 28.383392212 27.3218249829 28.2253303386 27.379921154 27.9212242284 27.9453297753 27.6808977224 27.3171624409 27.9073467912 27.3336436444 28.0258868056 27.6097919542 28.0201414155 28.1317221785 27.5301753308 28.2250132129 27.1061907598 27.7684089399 27.8425085788
27.8358308054 28.3184565748 27.8018876382 27.5926934238 27.1421474317 27.209666296 27.1041010277 28.0981271912 28.0641866371 27.4700405712 28.3997616186 27.4498592986 27.8265354917 27.6143525408 28.4140322484 27.4823206242 27.6195526916 27.7478467596 28.0518448491 27.6926058668 27.4754646514 28.1366236104 27.5266033451 28.159560202 28.2628769252 27.0863398422 28.0784847575 28.3360344551 27.5207971784 27.914497741 27.6948671118 27.5067214822 28.1961774092 27.1866969536 28.2223745155 27.3191244498 27.6974703271 28.3596173532 27.3861943674 27.0457782705 27.0568999328 28.4083197916 27.589629164 27.0204740999 27.8258668542 27.1883774711 27.964978188 27.8033978278 27.4205773775 27.7553672655 28.40047414 27.1080483504 28.16879654
27.7496333442 27.9087922463 28.4086258151 27.4589922195 27.7098145558 28.0528097261 27.5321898772 27.4731417003 28.0336535404 27.9057701914 28.3242811288 27.1993970168 27.4102758531 28.1019437633 27.1396451189 28.2014092397 28.0138560961 27.6662109921 27.7572716461 28.1081740991 27.3796556983 28.3389020901 27.697279451 28.1356739377 27.2200408104 27.35007708 27.2113186482 27.0698442744 27.5340193881 27.8159344188 27.6318796589 27.7894231045 28.087789958 27.9093932872 28.1025448917 27.712098936 27.2905471072 27.6703528798 27.0818381485 27.4176517729 27.6357703695 28.0578096077 28.3583499338 27.2140945009 27.8928825706 27.6870181374 28.3910190713 27.5836245554 27.7599280685 27.601926793 27.6941307341 27.6402469869 27.393303142
27.9719138649 28.0190898823 27.8797721075 27.059653367 27.0302501388 28.1089095518 27.0592994963 27.610890747 27.2431405335 27.4040131927 27.5965674981 27.7960245737 27.0556964257 27.9597490843 28.2914262542 27.0073493781 27.2211124382 27.2241408773 27.6241544339 27.8331379057 27.8335522831 27.8413665054 28.1121939777 27.6419812929 28.3901240705 27.063134184 27.265651317 27.2958684408 27.7572427686 27.371611983 28.2923273321 28.2012811683 28.0008097191 27.4136427522 27.4786071439 27.3870838919 27.6215685627 27.7135912005 28.0806552106 27.9436298939 27.3689550977 27.770451209 28.1742621219 28.1138604682 28.1454895629 27.5585791346 27.4341473533 28.1591726299 28.2249725535 27.8243710631 28.3571820436 27.7605033994 28.3832418381
27.4645168226 28.0094553197 27.2292381858 27.4414972962 27.407607227 28.268284182 27.6889552956 27.9557195847 27.3162106596 28.0585922154 27.2633830294 28.1889719272 27.9606646927 28.1175712187 27.9985127981 28.2784151895 27.5978660378 27.5353743265 27.6260436942 27.14610914 27.8235561483 27.5551488702 27.2470917938 27.0590316695 27.7824281994 28.2133765254 27.1052518592 27.8168627839 27.0550610802 28.3885689758 27.2050591205 27.4135280447 28.3173247534 27.3965092652 28.0788990822 28.2371837759 27.8927426843 28.0574265884 27.9485197494 27.010369943 27.07731789 28.2366899335 28.3876780815 28.2352937844 28.0430141323 28.3031914981 27.7569513804 27.0625917215 28.329252118 27.0030973031 27.313264629 27.189663604 27.5672631727
28.3846774631 27.5387654153 28.0167206847 28.0058655597 27.448951586 27.8085438958 28.1156076374 27.1386848184 27.5146811012 27.4734041627 27.0653554559 27.8935356128 27.7183330972 27.9229599628 28.3183432077 28.1511106283 28.2356758816 28.2369166598 27.1167302937 28.1783657352 28.1408503131 27.5221740707 27.4263884521 27.3511479966 27.4043748883 28.3994845194 28.3829162143 27.7830164866 28.1694073596 28.3196106769 27.1018104876 28.3977626473 27.0731304183 28.0214935263 27.2891834957 28.3058785732 27.5794374021 27.7323610372 27.4954147793 28.0327724318 27.4447531027 27.2703553233 27.0598128118 27.4404102995 28.3986353809 27.8709478679 27.5078999801 27.0657960092 27.394586177 27.1153914412 28.1808354368 27.4642143094 27.1969479224
27.7552519947 28.3582771695 28.3359530784 27.3625819667 27.3790107854 27.6984815013 27.1965250884 28.1607586718 27.4276827344 28.1875486175 27.5527628036 28.0787703213 27.4990820465 28.0555241526 27.7281089989 27.7814729879 28.3961441202 28.0359134691 27.1950085853 28.0299762952 27.2294155183 28.200994154 28.2442888699 27.5491536453 28.3182202228 28.0767931365 28.0538762866 27.3610738041 28.1424705601 27.7703142558 27.1447977364 27.1546293195 28.1771849112 28.2201438769 27.3540102047 27.0039464462 27.0130815566 27.6250628546 27.4523730481 27.66324961 27.0929918206 27.7391280192 27.0625458506 27.7549036684 27.2644868359 28.0668433773 28.3060242803 27.9729952035 28.3235516336 28.1985489427 28.3336535038 27.5546514229 27.8889191281
27.3250221462 28.1179836003 27.2562635416 28.2906332537 27.4878138251 27.3070494123 27.0455329535 27.7245984096 27.5713215353 27.8268448625 27.3111687761 28.3629594105 28.0754971665 28.003050322 27.8270585379 27.4870694155 27.2137841776 27.8857490274 27.1642662686 27.3417624166 28.0075029931 27.8980746087 28.3540153947 27.2294030332 27.6138473762 27.683708935 27.4290455174 27.5131379312 28.3022508185 28.3299795735 28.24491479 27.0408739371 27.5346295177 27.8544109931 27.7062184334 27.8788492035 28.2641763546 28.3522896836 27.3193494591 27.8525701443 27.7915134053 27.4168303567 28.1880966336 28.4035301268 28.08544391 27.2430681604 28.3271596574 27.1712494807 28.4003112535 27.4565670825 27.1566592542 28.0828829901 27.5292005071
27.8280465639 27.3169031079 28.1367255199 28.0557004458 27.564162869 28.2986946273 27.6003585253 28.1837796211 27.6695359509 27.4305092379 28.0059607606 27.3953956152 28.3939452766 28.207492725 27.1649432317 27.8144876747 27.026535653 28.3025136867 27.9066765855 28.2463664112 27.7114710774 27.842756998 27.2007676258 28.1093250993 28.1543422567 27.9497382526 27.6289837443 27.8477438571 27.6337444045 28.3701832236 27.7283374871 27.5457020025 27.6318262908 27.1252362095 28.2775011124 27.4278740896 27.0089597195 27.9257681298 27.5955830954 27.3747011743 27.9910964573 27.6220402852 28.2483127165 28.3066218649 27.1275802472 27.4783341466 27.156281641 27.6102051973 27.0470348205 27.9049670481 27.9512025805 27.0160053541 28.4008402357
27.2008679508 28.3061311982 27.0949855065 27.3951183007 27.8266610899 27.6545619994 27.2558915131 27.690519113 27.6492633777 28.2568638802 27.5249933081 27.4264049246 27.4205072454 27.8341260849 28.2910981763 27.9670963698 27.1040940997 27.7654770643 27.7390999385 28.256684228 27.2882290906 27.8214255845 27.5559010668 27.0898287206 27.5634847069 27.8830956493 27.6764699749 27.9226097502 28.0797885778 28.0853992715 27.7685407766 27.3459896004 27.4246162643 27.4143296303 27.7771972066 27.0769962819 27.8270677176 27.1817314579 28.1076686995 27.6270385849 28.1760317978 27.5759638931 27.5634578057 27.948731368 28.1748702663 27.2116978109 28.1528760002 28.0254338694 28.0530698703 27.6830777998 27.4436739987 27.5748101532 28.2985139073
27.8301214631 27.3491917514 28.3508052449 27.7552608787 27.1726176997 27.7066861483 27.4303903146 27.937305318 27.0677720437 28.2687671742 27.5034513669 27.7053305635 27.7645352802 27.4685968573 28.1469748008 27.8640649881 27.4526741939 28.2436138388 27.145046541 27.9040221966 28.1796285144 27.4856366802 27.1815188086 28.099324356 27.5809906308 27.0796013794 28.2925796115 27.4621885535 27.957301025 27.2436172545 27.4252209291 27.5161441982 28.2589217546 27.182172239 28.2904033579 28.1601566778 27.3270442827 27.3058775836 27.0696455081 28.1772624192 27.7670017405 27.6037833672 27.7522113632 27.092381912 27.2709785782 27.1877487657 27.9284101713 27.1425294629 27.0512509251 27.9494716957 27.1421268137 27.2283250205 27.9526843713
0 27.1725531783 28.0515730095 28.2160029376 27.2645135435 28.2359578548 27.4046617204 27.0737154994 28.28484234 27.987999842 27.0307869629 28.3772493279 27.0866193824 28.1769672842 27.0153344973 27.8158048396 27.6991018603 27.2027699822 28.070573178 27.9091353887 27.6841008337 27.7667097896 27.6386127782 27.9338353837 27.2725371879 28.1534412643 27.7899034554 27.2259929096 28.022602483 28.3329747683 28.2887966904 28.0324466072 27.0347051166 27.1384130756 28.0391970458 27.1952507191 27.4226583846 27.4885524836 28.3666746937 28.118052165 28.0026286603 28.2894520352 27.7178699781 27.0841761915 28.1738855663 28.1602371975 27.0283432454 27.8724650305 27.1170342803 27.7959677567 27.805666359 27.0197740827 28.3081125057
0 27.1939823846 28.0285258207 28.291806024 27.9033777047 28.3104318169 27.9455168783 27.5532582441 27.5454784004 27.8840883086 27.722058339 27.5300311884 27.3311793726 27.4397453763 28.3782653277 27.5786889457 27.6149102263 27.203749122 28.4116190598 27.2424707913 27.7548902159 27.0059621079 27.1201221195 27.6575324005 27.1650157209 27.5879061802 27.2195803164 28.0796075915 27.517511131 27.8801937959 28.1263744648 27.2093433538 27.6032596709 27.3606305708 27.1518768393 28.0978177815 28.037413035 27.808863046 27.8486375359 27.4710736817 27.6266306969 28.0604045827 27.0051928262 27.3829530004 27.1137736698 27.0658151259 28.1620970875 27.2806761723 27.1252717063 27.6347087488 27.0498423912 27.2831183498 27.2921050548
0 28.3612315061 27.5386054775 27.6184463324 27.8480504287 27.159867763 28.0879950356 27.5274087578 28.0568063514 27.2069293816 27.6100375822 27.6907915113 27.0147278924 27.510269025 27.8348199712 28.2750583928 27.8030977552 27.6057933524 28.2346342757 28.3424645045 28.3808968148 27.5350197905 27.2602444281 28.2325567704 28.1237598834 28.0680993372 28.0847328599 27.9548903808 27.795339912 27.9653619913 28.2373807489 28.3286049542 27.8794839094 27.2985056378 27.7010389148 27.3120017653 27.1383848259 27.020977543 27.9809242256 28.3475879481 27.9233267851 27.1616532764 27.0447977533 27.6212732906 27.3107247795 27.0459187175 27.8261085081 27.4966495017 28.0835127965 27.6564844699 27.8353669088 28.3146102661 27.9974183739
0 0 27.9749809895 27.2393294988 27.3396882953 27.6531189887 27.6165008434 28.0226768999 27.2884945799 28.0646764523 27.2518067565 28.3789652905 28.321191404 27.2807296588 27.0335469916 27.9877534066 28.3959821885 28.1314005084 28.1458549764 27.6568837255 28.3457913625 27.4164520152 27.622055727 27.0277857852 27.171719699 27.5550640984 27.4521226702 28.3434781877 27.4196525939 27.260713787 27.6112714696 27.0167389418 27.4154583258 28.2924015202 27.99671761 28.3879205676 27.5870909333 27.6578923112 28.2117191065 27.9289961528 27.0827169413 28.2268003659 28.0794429535 27.8316146213 27.6482645593 27.9352568817 27.713863215 27.9806262567 27.0731529446 27.3077401572 27.4205135204 28.3418770476 27.442497136
0 0 0 28.2367633365 27.1505286558 28.1282608465 27.8386058993 28.3091487661 27.6444582895 27.9525276854 28.2720004164 27.4501788449 27.0837641401 28.2929506021 27.7211782528 27.6908532615 27.2690052311 27.5427983009 27.2838849255 27.9813181199 27.1138271487 27.1737080371 28.1045872526 27.6888398173 27.3170157297 27.7887615554 28.2021347166 28.0363444386 27.8359085825 27.7870822964 27.3700025156 28.3724116849 27.36479437 27.2349741169 27.5591881623 27.2039834791 27.5764433945 27.4925561671 27.5666075226 27.5299207329 28.2207330983 27.464048848 27.1458755344 27.8668996407 27.3659882075 27.4908105603 27.5514793964 28.1333215392 27.263358014 27.3463919868 27.4343747845 27.8125222114 27.867735979
51.5022887941 47.5930825519 52.4685819092 0 0 28.2141410746 28.2172727123 27.5112176261 27.8908241554 28.0808343794 27.5512976262 28.4004413182 28.1073114588 27.1969796487 28.3406667487 28.383361856 27.8069871101 27.4095158391 27.4899198956 27.8245147555 28.2308485622 27.0122283463 27.5746784879 27.4584698371 27.8251337762 27.4878333698 28.1698499091 28.2353250953 27.492466979 28.0702534489 28.3186282891 27.0435604601 27.6933059881 27.0520205462 27.7281776307 28.2547578957 27.5286380523 27.7478339251 27.655221546 27.2619261274 27.9167475928 28.2745926342 27.888815618 28.2920928123 27.1221966438 27.4625531085 27.0355136737 28.1217873016 28.2841253362 27.6051791661 27.2902176126 27.8825161084 27.3702904107
54.3112319574 43.9210300288 42.4153170725 0 0 0 28.0497026428 27.8626252723 27.3536810245 28.2721814804 27.2839196642 28.338938604 27.1474044576 27.1163606132 28.0479144 27.1832305655 27.9012661534 28.0314926694 28.024210605 27.3705369894 27.9409914694 27.964781825 27.0761321508 27.6562055391 27.239025633 27.471327543 27.1963960702 27.9708217394 28.2856223813 27.0400008321 28.4048226319 27.3783534941 27.5698936114 27.9498465473 27.5397142863 27.829494139 28.1469827925 28.2843991869 28.1213867411 27.0534721669 27.0096276028 27.4875709533 27.9803222436 27.0773963264 28.3485918147 27.1800437766 27.5215384784 28.2510338912 27.4081447577 27.6172994932 27.351659087 27.1355086208 27.5367241445
50.7535549945 39.7026534206 44.3621504556 0 0 0 27.1514902669 27.7819238825 27.0423855535 27.3261108696 27.6170081847 27.484118948 27.1646661296 27.0084850391 27.8790129539 27.8976181961 27.5730482597 27.4222462261 28.2664040437 27.2991581079 27.0023843558 28.2507877117 27.3435849419 27.4955984438 27.4286334116 27.5851290655 27.3785059293 27.3628509952 27.1721219692 27.6470735958 27.7378203736 28.0729863042 28.1918929559 28.2564725343 27.8340234899 27.8469734828 27.5456896331 27.0055606402 28.1074119492 27.7288153215 27.062594065 27.879421393 27.1096362733 27.2665388544 28.4121968892 27.3891920369 27.0261643816 27.6156179069 27.983770029 27.2080529452 28.3923151076 27.2984450045 28.075621354
0 0 0 0 0 0 27.6311335993 27.2405343979 27.4893100934 27.9688008828 27.3597081267 27.3571854979 27.1931260685 27.6102514653 27.2048661606 27.1274050187 28.2885040221 27.1897133144 27.4706729967 27.9297431816 27.6830071014 27.585528633 27.5426297283 27.1005301912 27.2665468001 27.920204534 27.6492367819 27.703221846 27.3424487508 27.2966533597 28.1704303583 28.0219149778 27.5241590701 27.0993244356 27.7360718861 28.0174015851 27.3796744189 28.3713520018 28.2046783473 27.368044221 27.1771822422 28.1949673491 27.7440504209 28.287564054 28.0193887664 28.0192069138 27.7129833647 27.9917931767 28.165885146 27.8907782369 27.0618870192 28.0862785447 27.083647279
