Spatial_Output/90% DEC/90DEC_1077.asc
NCOLS 155
NROWS 192
XLLCORNER 196769.923733
YLLCORNER 449719.875193
CELLSIZE 27.603701
NODATA_VALUE NaN
[rows 115 to 137 of 192, columns 53 to 105 of 155]
22.7289762878 22.8214699583 22.9229814824 22.5348837534 22.6897828272 22.741583276 23.1528497565 22.6694903399 22.8493280633 22.8803645315 22.7224231851 22.5823844888 22.828982926 22.6691666223 23.1702950016 22.8460831059 22.877832057 23.1106982934 22.8907094659 22.7206998696 22.5853264821 22.9736362617 23.2019490908 23.0284092464 22.623006623 22.9597221754 22.6822893519 22.5934169191 23.1821276591 23.022300403 22.9101798453 23.1426258533 22.8587800675 22.7309464063 22.6232497285 22.8532866505 22.8212451386 23.030908333 22.933998283 22.7585167884 22.7290450472 22.5803906752 22.8829296846 23.0704616545 23.122139971 22.5367864058 22.6257035408 22.6592837164 22.64927836 22.6220998949 23.0986908562 22.753255878 23.0631853851
22.7616692658 23.0026233304 22.5658984668 23.0423393087 22.8917910251 22.6268205138 22.8034962927 23.0569574987 23.0559046001 22.8586390372 22.5579094868 22.9365484747 22.7974174494 22.7323498376 23.0477781073 23.1991972139 22.8353925294 22.7321895066 22.9252062569 23.0085832593 23.0343607797 22.6979765112 22.952881173 22.6745238617 22.6552549284 23.0347535932 22.9941834442 22.9384741423 22.5315000869 23.1799353611 22.5555000613 23.0423173459 23.0049727955 22.5250429334 22.9215301042 22.5150226094 22.8937343325 22.9991216134 22.7455650845 22.8054674545 23.154190349 23.1360293378 22.7594406974 22.5678500768 22.5135328558 22.7107785467 22.5399434788 23.1474289772 23.1033049753 22.587418325 22.9331790529 22.5214949012 23.0133954161
22.7799747602 23.1374068023 22.7318204641 22.5279127656 22.7981214103 23.0058075416 23.0697175684 22.8826116187 23.1625816887 23.03826302 23.0380124281 23.0087302745 22.7039825845 22.6520175474 22.8715706562 22.9138686468 22.7436192168 23.0973418484 23.0677153696 22.8161668662 22.965277314 22.5080149572 22.9307689389 22.7568208049 22.6072612296 23.1577524564 23.1802667318 23.1038270942 23.0560936718 22.8317106639 22.5076308875 22.5775130922 22.964836475 22.5375630352 23.1556405689 22.6649593001 22.5469012763 23.1363154282 22.9314996839 22.6590720366 23.0392893334 22.7519642396 22.7669834499 23.1031560493 22.5917171612 22.7214196937 22.7199838576 22.6235445844 23.1246785588 22.5571794435 22.9308153773 22.8829101229 22.7913182314
22.8924485907 22.780916101 22.9532911695 22.8571047274 23.1865202912 22.86162114 23.0293833945 23.1341849856 22.8427106845 22.5685936621 22.6837540788 23.1035972754 22.6675248499 22.8166797658 23.172623267 23.1213979195 23.0786444397 22.6531062031 22.8046660926 22.7866682461 22.6500823582 22.9900644745 23.1641904948 22.7487552685 22.559330357 22.9044070616 22.502800529 23.0765048702 23.1004033797 22.6131377942 23.1935489337 22.9436145969 22.8731983021 22.5687137224 22.7338708974 23.1451581967 22.6444555845 22.9710603968 23.1031372007 22.7074193095 22.5014656756 22.5305266334 23.0362879348 23.1794228805 23.1068694977 22.9716302763 22.7612758251 23.0295285874 22.686860888 23.0465386399 22.6205831633 22.629191951 22.5619672029
23.0797373662 23.1604513845 22.804418981 22.8032784392 23.1475111384 23.0405982322 22.9951007734 22.9870369367 22.8280020141 22.8236004242 23.0499013157 22.6773352289 23.0088885266 22.6966334484 23.0842368164 22.7032038527 23.1328060708 23.1181298523 22.8748606611 22.8357962674 23.037729587 22.8394054073 22.8325712474 22.627045522 22.6206572029 22.6298123128 23.1836356324 23.0471545565 22.7501694794 22.9712949397 22.6017257601 22.5897667563 23.0161296256 23.0828156254 23.0957294204 23.1271368666 22.9511199564 23.1724188659 23.0460902848 22.924205759 22.678532272 23.1818716399 22.6866291994 23.1974286345 22.583838442 22.7330240189 22.5344229013 22.6109556964 22.8352249728 22.956526153 23.1604785417 23.1379771545 22.5348676253
22.7073136193 22.6288120243 22.5586519786 22.9998363175 22.6434713442 22.5517909357 22.8795654034 23.01997191 22.8433772734 22.7348103799 22.7503702395 22.9665570606 22.6518624486 22.9685267805 22.5549777045 22.8453768256 22.6501013526 22.8201605124 22.643841304 23.1808932821 22.6542882218 22.6087748063 22.7780874444 22.7979328519 23.0849066927 22.6027745205 22.8027974709 22.809148347 22.6519938509 23.1673168744 22.8812748551 22.8552000142 22.544799512 23.0935151236 23.0907460322 22.6836521796 23.1238809098 23.1615579294 23.0416319594 23.1545269875 22.5738791192 23.0981478446 23.1613921173 22.7882343441 22.9720802126 22.8080857205 23.2066723606 22.8427237696 22.7166499334 22.5157242795 22.5007709753 22.8570564879 22.7374528219
22.5034025136 23.0790772864 23.149360211 22.5090347827 23.0236607953 22.7215260535 22.7735534846 22.5517847658 22.5739611781 22.628524486 22.9782125568 22.907574372 22.8832202152 22.9059551577 23.0166235576 23.1891604422 23.0829014583 22.8304339019 22.8156670034 22.8645768354 22.8356335746 23.0055992754 22.5986099437 22.6228591296 22.704301296 22.6157390149 23.1637454457 23.1512724772 23.1463831026 23.028824159 22.8922599775 22.694630467 22.964318156 22.6248548845 23.1170779773 22.8454019877 23.0854794297 23.0585053206 22.5952320597 23.1388894099 22.8718851519 22.5899772161 22.9434671785 23.1857776455 22.8288816912 22.6570520327 22.803402809 22.6855192865 22.8905908851 23.0398233182 22.8766692813 22.5445584719 22.9321359138
22.7542310456 22.7556387022 22.8699357785 22.8412250525 22.5803185636 23.1582400132 23.0295389597 22.778725444 22.6177061182 22.7835901072 22.613172488 22.7139966053 22.9230083975 23.2047322674 22.5495496526 22.8575464127 22.7177959938 23.0965033953 23.1432496637 23.1557837957 23.1088653253 23.1420031123 22.7573327909 22.8490139652 23.0274265994 22.8732244817 22.6295880395 23.0812460023 22.9123464168 22.6982730449 22.9470723624 22.8624768493 22.5100931963 22.8379478434 23.1392514325 22.6438658212 23.1248363447 22.6599046037 23.0607207539 23.1207048663 23.0364253366 22.9334162372 22.991921537 22.7531524994 22.7818845316 23.1834278168 22.8841683986 22.9423742903 22.7164529484 22.8699229962 22.7401210947 22.7349164762 22.8265342316
22.8015079168 23.1648239497 22.6024648782 22.5214743212 22.8350563572 22.6939844345 22.7790693395 23.1515678428 22.5840375169 22.6862466047 22.7360177848 23.1801821065 22.7426756426 22.9000594413 23.0526262887 22.9978031152 22.6704972968 23.1871803395 22.500518968 22.8732527179 23.1524055697 22.7532270632 22.8807298436 23.1264843106 22.9663619593 22.9053767974 22.898398622 22.9156093847 23.0043232658 22.9161518257 22.5787185746 22.8952484659 23.1352629607 22.6543834185 22.9225932272 22.8034006355 22.7609822801 23.0757594257 22.5002295721 23.0342583827 22.7268340729 22.6686552168 22.7489685551 22.5648114799 23.1556296355 22.6934631374 22.7879110282 22.6902692634 22.5078766703 23.0512482715 22.8027392614 22.8851661985 23.0834548796
23.0994249354 22.713896747 22.8941321626 22.7313797002 23.0927887577 22.5646849965 22.6385926364 22.7730301494 22.8073378732 22.846396267 22.8140720848 22.8563200354 22.8898305533 22.8670454358 23.1175345465 23.018065573 22.6335821115 23.1035903405 22.6704228663 23.1327934784 22.5903869866 22.8034213579 23.1769656402 22.5359480211 23.0301909471 22.5345813582 23.0132461562 22.7596168262 23.1594550683 22.9269237433 22.5797852478 22.8669329435 22.5233640126 22.665134366 23.0264969865 22.6963622905 22.6282286134 22.6917868509 22.5252965111 22.6379653367 22.668749012 22.8128920833 23.1406443096 22.6388110683 23.1451678426 22.792593259 23.0874955403 22.8181705709 22.9633503022 22.9723111625 22.6488124331 22.9021654191 22.6333578063
22.6144946817 22.5185144582 23.0410341583 22.7957495466 22.6968822318 22.8624481446 23.170431344 22.6184253804 23.1073186295 22.9381662259 22.8460643556 22.8643169077 22.9702949352 22.6922334145 23.1591294441 22.8700792751 22.8506666247 22.6455334823 22.6335843265 23.0524109919 23.0786586046 22.8606454179 22.7691332836 23.0511504135 22.5511001199 22.5987815954 22.9849303459 22.57791945 23.0541787258 23.0419410188 22.8993825363 22.7619119319 23.148061884 22.5519196296 23.1254331561 22.6917912494 22.9444298839 23.0961029393 22.7691644599 22.8866215906 23.0640001528 22.5893243255 22.8856916389 22.6832889821 22.7678631227 22.6726037818 22.6169467309 22.5723596257 22.615534551 22.6670916349 22.7453048793 22.5667050643 22.8659053837
22.7185259413 22.5073928121 22.8492601973 22.9633035128 23.056803866 22.9729399448 22.6008582705 22.60263808 22.704446369 22.5051457722 22.6589057868 22.6260252609 22.6634144211 23.1566034615 22.9256720416 22.9571813716 23.0844412329 22.7781576018 22.8091552481 23.0974399838 23.0803007242 22.8580382289 23.0221287535 23.0881387979 22.96870216 22.5375821602 22.7500296148 23.1628722934 23.152137987 22.7350279131 22.8446201176 23.1913018514 22.8844821215 22.9153471613 23.171116775 23.0028044969 22.8652740305 23.0184317324 22.8437388542 23.0334540156 22.5580366312 23.0660172022 22.7808286165 23.0632044611 22.7724486275 22.9342210992 22.851660663 23.203628976 23.0197614766 22.8904327409 22.541571317 22.7363155666 23.0981407467
23.0638418949 22.8478207965 22.997578306 22.5297771339 22.9691742386 22.577619406 23.0947957507 23.1619989804 23.0167288168 22.6903499092 23.204806059 23.1574500684 22.9596785822 22.8413350594 23.1132911722 23.0346434016 23.1614416431 22.689291524 22.7231639356 22.8296212009 22.5844262774 22.8254332685 22.62497301 22.7837973255 23.1772061492 22.9525162595 22.5693353835 22.5716823651 22.8244622117 23.1922032522 22.6943327242 23.0655984645 22.7057692344 22.5057687928 22.8797390424 22.5549177215 23.0980761831 22.8081114371 22.8879107439 22.7951198642 22.5621758609 23.1283611596 23.0484290057 22.921944586 23.1346003481 22.8355457632 22.7569646273 22.583609458 22.9333255864 22.6298974106 22.8432768292 23.2019743779 23.1635950488
22.8170504173 22.687372975 22.5015357603 22.6546126349 23.0467057097 23.1231952204 22.6769729279 23.1756682127 23.0482352517 22.6346848246 22.929984852 22.8798564471 23.013801978 22.6453453166 22.866770172 22.7525956595 23.0147534395 23.1513913546 22.7899153267 22.8335089219 22.6934159658 23.0881118304 22.5949865678 22.935358294 22.6206970886 22.8007561213 22.9698806776 22.9720854885 22.7296756912 23.0133666016 22.8863493163 23.0837357803 22.9072217144 23.0966408812 22.6055380662 22.8621665458 23.0063201456 23.0033377319 23.0634389106 22.6191769792 23.109898465 23.0550256596 23.0355269088 23.164287317 23.1356720905 22.5831622021 23.19169414 22.9478831123 22.5417633744 23.0616902734 22.8505187057 22.6895760574 22.5393682646
22.752246485 23.1600993879 22.6535589995 22.7985817428 22.5279555494 22.7805362726 22.868016379 22.5134793134 23.1859096386 22.9178095006 22.7882159721 23.0982544197 22.943556934 22.5368794944 22.8946783807 23.0249382842 22.5224113722 23.148954913 22.9070579713 22.7870834928 22.5803664936 23.0210729173 22.5883547436 22.6345185708 23.1264507428 22.655126556 22.6654651931 23.2058651973 23.1822092316 23.0674912453 22.7324961758 22.564004372 22.5566448062 22.6569649269 22.9362403387 22.6086990175 22.8283522673 23.0196180582 22.7224816166 22.6151313663 22.9293904791 22.64365549 22.8384134749 22.8832622621 22.8738883803 22.6785557582 23.0250970782 22.8769850327 23.0139549051 22.8672789701 22.733275934 23.0800542103 23.0629620042
23.1262970886 22.9072236011 22.7865805896 22.9715726869 22.7885347001 22.913646531 22.9967760922 22.8306197535 23.0669696387 22.7567816462 22.8696731199 22.9379478897 23.1104366689 22.6789467011 23.0596699336 22.7508198251 22.5390544953 23.066990697 23.0194971078 22.6497718177 22.9792845215 23.1652018905 22.667082532 22.5177965587 22.5202599944 22.9321210356 22.7766695294 22.7768324528 22.733348967 22.9722937364 22.6306372457 22.8147719011 22.6275066053 22.823610642 22.611427055 23.097008041 22.6854680298 22.7651040381 22.9424243789 22.9807154028 22.7751449483 23.1832598196 22.8192452493 23.0806238817 22.9367027289 22.7298624145 22.6535501796 22.8683956383 22.9759207171 22.57775043 22.899713765 22.7231660166 22.95576801
22.657477006 23.014189519 22.6388597615 23.1102737073 23.0767399102 22.5491080707 22.6141751306 22.8650935617 23.1447109065 22.8472694295 22.6962047926 22.693151256 23.1397590891 22.9953937432 22.9758115199 22.8651846648 22.7358311092 23.1235988919 22.5006972819 22.7401864162 22.7467457768 22.8152515658 23.1244093576 22.5265861551 22.6224458935 22.798335613 22.779457941 22.6226712427 22.8000144431 23.0978980422 23.0785176469 23.1299117775 22.7445444711 23.1271179729 22.5258327695 22.7792276314 22.9598506011 22.8537124853 22.552402614 23.1509246516 23.0321788406 23.1788433427 23.1283995446 22.8630278337 23.033038445 23.0999898779 23.1391912686 22.6628970495 22.7850737887 23.0920172868 22.8289983545 22.9942267517 22.972922761
22.6654121888 22.9259178152 22.8115085092 22.9355891402 23.0387105467 22.9821247593 22.6492449083 23.1081219517 22.6349732462 23.0994144102 22.5714047599 22.7888132014 23.2041650223 22.5381004985 22.8004383627 22.974278873 22.7054619536 22.9540377593 22.9678180244 22.6702567557 22.8060061801 22.8870379057 22.8915747041 22.8379503886 22.6369311281 22.8172349764 22.5939655098 22.8859532701 22.6446169897 22.5564584536 23.1323608276 22.8793923419 22.6452390523 22.840561469 22.6967717868 22.9464941551 22.9145263559 22.7596821578 23.2040474828 22.72535579 23.0648859554 22.8451800034 22.6150308198 22.5087562472 23.0303988072 22.9172518371 22.5253108553 22.675965315 22.7788849967 22.8592950098 23.0238698816 22.8610854588 22.6993189676
22.5322572576 22.5056049661 22.9977343049 22.5240290825 23.0657570356 22.6341240507 23.1590975898 23.1507619954 23.0781813391 22.6980770671 23.0604425756 22.8811089528 22.7308020056 22.7867355766 23.0508093972 22.625412069 22.9156091838 22.9958327495 22.780284742 22.8075340329 22.6672838923 23.1504427495 22.9099554695 23.0651440569 22.8497932743 22.6696134778 22.5158769762 22.6299769182 22.6194569804 23.1945384537 22.9895482275 23.0014396872 22.8133334679 23.1247032407 23.0692147681 22.8457210943 23.0865262306 22.6218432546 22.5175396574 22.6387205871 22.5350787938 23.1634833196 22.8310289313 22.7967523197 22.5242779849 22.5774644215 22.7029864629 22.83146702 22.8279323548 23.2053905696 22.8325175299 22.6303977896 22.9270959811
22.7351466652 22.8226203967 22.7522259184 23.1803198006 22.7975875664 22.8488546616 22.756968117 22.8331923054 22.8771651972 22.5252686998 23.0860622418 22.7693939302 22.8251918741 22.9293580507 22.738942117 22.6028000368 22.6742375008 23.1431746774 22.6284622858 23.0378611468 22.6989207243 22.6697281648 22.5685276875 22.6034198385 23.1178049016 22.8290222156 22.5305843507 23.0373650639 22.9566542369 22.9373239078 22.9463550608 23.1516226847 22.9718591385 22.5885682247 22.9784661901 22.7510757866 22.7807207831 22.9875330332 22.6218759674 22.5335936308 23.0412540852 23.1796635516 22.5431000603 22.8858019027 22.7680999055 23.0685197081 22.5885082441 22.8320253411 22.7058328261 22.6684507325 22.7189825205 22.5032206411 23.0263211169
22.9650219388 22.6068453915 22.9390829168 23.1724627397 22.8094668083 22.9571501156 22.6735014165 22.9281672741 22.554715149 22.5320093042 23.1801605688 23.0264262147 22.5740993942 22.966077245 22.5673706669 22.8374640031 22.5851788407 22.9551740431 23.1587776694 23.0735455327 22.7782283111 23.0682613536 22.933781812 23.0332385779 22.7159615987 22.8428107596 22.7024665053 22.8294233754 22.8873802071 22.9443460882 22.8568319341 22.7737172255 22.5395495519 23.1648115441 22.5212117905 23.1453870964 23.1022023927 22.9401981978 23.0887142297 22.7240903778 23.0883937007 23.1391044498 23.1965564133 22.9204860324 22.628360954 22.8375957303 22.7065665559 23.0040188894 22.8107596457 23.0529270298 23.0090043555 23.1661796459 22.6922067327
23.1888786779 23.1676745991 22.7648529436 23.0567940965 23.0848390235 23.1491380947 23.0947540898 22.5687168854 22.9001745312 23.0539573377 22.8930289177 22.5335002126 22.5159483077 23.1160559874 22.9191381716 23.0266242731 22.6205544619 23.1270762349 22.8797335612 22.729404861 23.1289763088 22.5506363319 22.8658248343 22.6991718197 23.0868088426 22.5220628583 23.1574300549 23.1819879386 22.9148317909 22.604063457 23.1520842719 22.9841007682 23.0344755235 22.680501493 23.0504637571 22.9006092524 23.1259327382 23.0086494292 22.5032782549 22.793756278 22.5816913298 23.0522101517 22.9886683092 23.1878879661 23.2035764974 23.180298556 22.9198805702 22.7156385942 22.51487995 22.9510809224 23.2048555003 22.9551869175 23.0969542128
22.8264577052 22.9011911278 22.6518571616 23.0493061923 22.9317388512 23.0068189781 23.0720368316 22.6417928499 22.7297307458 23.0383181297 22.8714377757 22.7012785399 22.9497875746 22.5787694027 22.896470353 23.0006556371 22.6225276793 23.0764680658 22.8954965234 23.1964264693 22.8535588954 22.773834548 22.7020828944 22.9984100112 23.1047565124 22.6920754923 23.0879102657 22.9189224633 22.5553489044 23.0425049277 22.5333645556 22.5273835534 22.7487871059 22.9184728455 23.0545030968 22.6453177456 22.9768380307 22.9019856652 22.8275015447 23.1228259456 23.1227512784 22.612113905 22.9217192081 22.5954316278 22.8257591391 22.5059543169 22.5712910735 22.7465264659 22.5674585972 22.8308462636 22.7395269894 22.8804040966 22.8409258042
