Spatial_Output/90% DEC/90DEC_0496.asc
NCOLS 155
NROWS 192
XLLCORNER 196769.923733
YLLCORNER 449719.875193
CELLSIZE 27.603701
NODATA_VALUE NaN
[rows 0 to 22 of 192, columns 53 to 105 of 155]
27.9556670827 27.6888164532 27.9784581554 28.4135158076 28.3700337813 27.8028223069 27.4181582431 44.4948672649 50.2008176671 50.2535024723 28.0407934736 0 0 0 0 0 0 0 0 0 0 0 0 0 0 0 0 0 0 0 0 0 0 0 0 0 0 0 0 0 0 0 0 0 0 0 0 0 0 0 0 0 0
27.5216227435 27.4262651366 27.067009888 28.0459766509 27.6758265835 27.8301720977 27.6531459738 42.5607078645 50.2829723673 49.6959065705 27.4031347775 27.3826729277 0 0 0 0 0 0 0 0 0 0 0 0 0 0 0 0 0 0 0 0 0 0 0 0 0 0 0 0 0 0 0 0 0 0 0 0 0 0 0 0 0
27.4284502732 28.387244158 27.4879525978 27.3338988168 28.2733744461 27.6197307519 27.9709378976 53.3793412148 53.9221848735 40.2928250344 28.0661520705 27.1555094104 0 0 0 0 0 0 0 0 0 0 0 0 0 0 0 0 0 0 0 0 0 0 0 0 0 0 0 0 0 0 0 0 0 0 0 0 0 0 0 0 0
27.5609314442 28.3466172907 27.3757884035 28.3034873941 27.8100252772 27.1867058019 27.1560695413 27.8807542509 27.4397758928 27.5172352569 27.8882400843 27.8839451223 27.8323977187 0 0 0 0 0 0 0 0 0 0 0 0 0 0 0 0 0 0 0 0 0 0 0 0 0 0 0 0 0 0 0 0 0 0 0 0 0 0 0 0
27.7065731826 27.5748127127 27.2472046708 27.6372683566 27.8390540215 28.0181621889 27.8088655403 27.7858985421 27.4535420837 27.9112146666 27.8839658568 27.6692079554 28.1740657968 27.0867425964 27.5340747081 0 0 0 0 0 0 0 0 0 0 0 0 0 0 0 0 0 0 0 0 0 0 0 0 0 0 0 0 0 0 0 0 0 0 0 0 0 0
27.8042795989 27.0376543733 27.7811076983 28.3916064735 27.6653293867 27.6459198764 27.327466035 28.0744891847 27.9650159575 27.6160019291 27.7497984209 27.360333451 27.6447431227 28.3059213461 28.2675543675 27.9645680461 0 0 0 0 0 0 0 0 0 0 0 0 0 0 0 0 0 0 0 0 0 0 0 0 0 0 0 0 0 0 0 0 0 0 0 0 0
27.4272242846 27.1028214336 27.1815381442 27.1655505884 27.8383186877 27.5159861229 27.9085287364 27.3786217909 27.3997894788 27.8422084173 28.3405234658 27.0379993763 27.5931885782 28.1043705263 27.8985581719 28.223501443 27.8435308878 27.6584236972 0 0 0 0 0 0 0 0 0 0 0 0 0 0 0 0 0 0 0 0 0 0 0 0 0 0 0 0 0 0 0 0 0 0 0
27.2814578867 27.01277666 27.0172402355 27.091602568 27.4091124527 27.9921834646 27.132084446 27.7420922149 27.1087020458 28.310206609 27.8028760702 27.8430984461 27.4997886315 27.0128993064 28.1445697257 27.3567584699 27.3273693038 27.8361875129 28.2652954846 0 0 0 0 0 0 0 0 0 0 0 0 0 0 0 0 0 0 0 0 0 0 0 0 0 0 0 0 0 0 0 0 0 0
27.8553197795 27.8882040831 27.8019637705 27.2450200191 27.8120200799 28.081122444 28.1466503834 27.3164916497 28.0822259896 28.0049978844 27.3054139319 27.0680169871 27.6477162439 27.229828852 27.5413662173 28.2776156147 27.0639757274 27.4124146206 28.1279596631 27.1781047264 27.3438951361 0 0 0 0 0 0 0 0 0 0 0 0 0 0 0 0 0 0 0 0 0 0 0 0 0 0 0 0 0 0 0 0
28.1801055279 27.0474417888 28.0715895947 27.7878598734 28.3324006882 27.5715513699 28.4057758327 28.3177565404 27.2942873139 28.3549274588 28.0489039207 27.1871281511 27.8512144156 27.3344480803 28.2807799223 28.1235141474 27.0009619841 27.6927348477 28.2227062462 27.1979575987 27.2238477113 27.8761910239 27.1568987255 28.043415357 0 0 0 0 0 0 0 0 0 0 0 0 0 0 0 0 0 0 0 0 0 0 0 0 0 0 0 0 0
27.1413816611 27.3215096493 28.1409038762 27.7596428429 27.951934174 27.3319177534 28.2256451697 27.1175462403 27.282357132 28.4072180703 28.0658574798 27.0524240598 27.8322603949 27.6121387117 27.0251632948 27.3307813838 27.3359466317 27.8268949289 27.5287683748 27.0382427411 27.1447615898 27.934844228 27.2644239659 27.2635417983 27.9976333141 27.4508117805 27.722683174 27.8454280487 27.1999578619 0 0 0 0 0 0 0 0 0 0 0 0 0 0 0 0 0 0 0 28.161771253 27.9992314499 27.749380047 27.8829681823 28.1642800541
27.9074328256 27.3815474609 28.2584132498 27.5528666618 27.5084012347 28.1580366746 27.4070387664 27.5897276165 28.2299170254 28.3622152784 27.5346706107 28.2457294309 27.5360078386 27.7796667477 27.8051499653 27.8574085804 27.7737255602 27.7161770085 27.3109698636 27.3503302033 27.3949602677 27.7176702307 27.1019419191 28.1939077658 27.8510375201 27.8113230866 27.1369585434 28.1475379425 27.6985532879 27.297537176 28.282294338 0 0 0 0 0 0 27.0051972531 27.2812179888 28.0498744916 27.1295017589 27.5331127873 0 0 0 0 0 0 27.9724990605 27.6574656239 27.3970612115 28.3032058044 28.0432894553
27.4037448527 28.0507251758 27.1319194447 27.3507236795 27.5131519917 27.4983096093 27.9333614665 27.437042426 27.3677966386 27.8556388386 28.2838756338 27.3610049531 27.9896061325 27.192743656 27.296196434 27.645328732 27.7753146508 28.1176737951 27.275298388 27.4413033662 27.8573043834 27.2933275155 28.1220909304 28.3734798326 27.4909743458 27.2599674473 27.8875458598 27.9476392581 28.1083452111 27.516513669 27.6434208802 0 0 0 0 0 0 28.2322142035 27.7391912453 28.3801980507 27.5351561629 28.2510902398 27.5057325521 28.2958648837 27.9829786302 0 0 28.2258301413 27.0683305886 28.1323367547 27.0270747909 27.0111130587 28.1953212666
27.3940869363 27.5816218699 27.427809626 27.0336794482 27.5233059813 27.1400515257 27.4478556319 28.2203335654 27.6702380105 28.2868196912 27.6728967587 27.2383427409 27.6797369394 28.1158902393 28.2688253126 27.0601755136 28.2761164808 27.2570491958 27.7475835962 27.6747107295 27.4689159722 28.3549096517 27.8387149979 28.3629036736 28.1967634496 27.3153209519 27.2379626114 27.3564069286 28.1510520332 27.5416019243 27.6239468741 27.6122239109 28.3300144691 27.3146133157 27.9319356801 27.730828788 28.1320353657 27.2622406154 27.4002163954 28.0295347007 27.2942965016 28.0716101474 27.1828858643 27.2673594574 28.225883652 27.8044337745 27.4240908574 27.4663616239 27.2188484398 27.1201005527 27.7567524484 27.0278313751 28.0126163739
28.2824979333 27.2753340434 27.6653828645 28.1071451833 28.2378267365 27.0124856438 27.7873208552 27.0871209999 28.0808636109 27.271833026 27.6797121705 27.1672401672 27.7546552615 27.2814302825 27.3868609941 27.4501567376 27.8980155596 28.0156689524 27.559779133 27.6674832401 28.3419852537 27.3332334213 28.018915828 27.1394851533 27.0118000017 27.1075497318 28.1304936838 27.2103179954 28.3925856786 27.8993644772 27.0001450874 27.1922669855 28.287517909 28.0029885524 28.0758099638 27.7150449765 28.3976384082 27.990699589 28.0696024367 27.3066815261 28.2653059305 27.5239220528 28.3984543052 28.2558345413 28.2641980305 27.5721991329 27.9695049831 28.0048326499 28.3699285809 28.2771677189 27.949465677 27.8969521078 27.6521621584
27.4101663513 27.1848839404 27.2873198162 27.0271627523 27.0544844752 27.1277359842 27.8225188435 27.0201411999 28.239733118 27.0001492137 28.1589529471 27.7252257929 27.4698301254 27.9931557369 27.3433919809 27.5698773562 27.5576073141 27.4208831094 27.2202066928 27.9735186145 28.1577906685 27.0854283764 27.9338114178 27.4331494661 27.9790457467 27.9153530132 27.0309444896 27.2038154872 27.2249346396 28.3748680488 28.0072729661 27.2252345913 27.5447003957 27.5655591666 27.5010232873 27.5625483825 27.6948750645 28.2208174118 27.2494603571 27.9884996057 27.8594371508 27.0406032634 27.2863725479 27.2484663349 27.6385151785 27.2243757502 27.5239827454 27.0661128035 27.1779276956 27.4074379992 27.725758809 27.8264791991 27.0265435858
27.8479285366 27.4517870943 28.2646979076 27.1899578964 27.324720945 27.0472877226 28.0471454095 27.2323725428 27.9304217799 27.6316791605 28.0694870317 28.3033092871 27.2284045287 27.2047515615 28.4080941805 27.1112071666 27.2028803073 27.8423002119 28.1996738019 27.4676049092 28.3343453108 27.4994631018 27.414632366 27.2028192748 28.2478765009 27.0643883854 28.4124890242 28.0049418921 28.0603536385 27.8352235115 28.1323495712 27.1624937599 27.4575896843 28.0101259947 27.9198430998 27.0829808304 27.2641197343 28.0361600726 28.3377777411 27.6309681033 28.302421762 27.5625704039 27.581138738 28.0318704868 28.2080342364 27.6987612252 27.4442557751 27.9644319837 27.7742332205 28.1166932777 27.9185469543 27.3001177921 27.0013806473
28.0366845076 28.3306314773 27.0060269458 28.1656216071 28.1839760779 27.0297366855 27.5223862958 28.0214518476 28.2734816071 27.3248742347 27.4468167247 27.3678483196 27.5246423735 27.0424862756 27.2286676013 28.1005007727 27.2551511602 27.5081333052 27.2128919255 28.0868444587 27.7774293524 27.7011441498 27.3049283534 28.3588382312 28.4109976957 27.5669338626 27.0065179165 28.0539924057 27.1592961936 27.321893436 27.0719850538 27.6819541526 27.3971283376 27.3509790621 28.0205205693 28.2664266357 27.1961917502 27.2074343266 27.6346013613 27.2778772595 28.2047402756 27.413133645 27.0198233932 27.6837676065 27.3952319012 27.2906329774 27.6447352209 28.1979893193 27.3817476123 27.9291564708 28.0418584227 27.0840981526 27.5215570656
27.8009875658 27.6586681949 27.005573615 27.4307075614 27.4434842662 27.74045229 28.1747233159 27.7743693539 27.9948863237 27.4902201324 27.7332292019 27.5871929631 27.8207269367 27.2166661155 27.507571317 27.6248717348 27.5102521302 27.4138855032 27.8461201786 27.3688996184 27.8878375605 27.6237725704 27.0451404384 28.2443887947 27.0045898148 28.3642262344 27.2197552077 27.9404236207 27.868928888 28.0856421631 27.7088307649 27.4485592526 27.7046189965 28.0112959747 28.0978542193 27.3824161081 27.3304042187 27.4845035113 28.1015213165 27.5443820256 28.164037753 27.4154675633 27.8889978232 27.0316732032 27.5526613323 27.754318307 27.4609961617 28.1998080749 27.6920531531 27.0218754503 28.2843478443 27.0816233928 28.2654065762
27.7286122088 27.2152927152 28.3964911456 27.4468825299 28.1127011352 28.2008374071 28.043570706 27.2711562561 27.4159273382 27.2614826437 27.5813314531 28.3589402422 27.8979562325 27.9137228171 27.1660643657 27.3530595114 27.3648649345 27.2037861897 27.2425114063 27.2142626753 28.1492281691 27.6207551637 28.3256764179 27.8228831316 27.5992474866 27.2323698976 27.00488753 28.0018421299 27.9786811348 27.4078497238 27.412135325 28.353040098 27.7957975872 27.2396892189 28.3588394618 27.4537671192 27.5791982823 28.0931826425 27.6701285108 27.3081339925 27.3068416671 28.0104821152 27.1213889295 27.4138845675 27.5076515731 27.3656771523 27.5248245681 27.1243260882 27.4556767072 27.8639145928 27.320128547 27.9266656086 27.9589252049
27.5685722711 27.2697557842 27.3775076953 28.2652838827 27.0475150101 27.9639629176 28.2125252334 27.5793051503 27.5727814318 27.1174617421 27.0832476795 27.9516918826 28.378759578 28.1311257243 27.8773885342 27.4515055114 27.752034373 28.0053436792 27.7436886541 27.0860579769 27.547818395 28.181864604 27.4348254349 27.5401567544 28.1821706398 27.6117501067 28.0929457384 27.8806943128 28.2017764368 28.3026033601 27.9216128163 27.0008054238 27.591246947 27.4513133649 27.2502509338 27.2725503748 27.5107700274 27.0616001268 28.2650431071 27.512801947 28.2288037187 27.3496420484 27.3784506342 27.7309224186 28.3455758602 27.9365970523 28.3340838857 27.3670024132 28.065103332 27.503606087 27.2566974546 27.2447995104 27.5163978096
27.9575986571 27.7196738978 27.045969517 27.2490321736 27.7646010489 28.2506680543 28.1460792721 28.0792962169 27.5688479843 27.4879568104 27.7738163985 27.1233092482 27.921858459 28.0956588746 27.409013888 27.7755894853 27.9140500149 27.3281727713 28.1497569001 27.3117880077 27.7713925267 27.9662649219 27.8383779304 27.740175234 27.8664929565 28.0384777895 28.3466683213 27.5654776734 27.8788639462 28.3115750285 27.1175198725 28.2722345546 27.9656733561 27.3395020129 27.1135168121 27.3017931981 28.2475060476 28.0109129892 28.2264872185 28.2257395544 27.3710743016 27.363674041 27.3745098411 28.233305397 27.1014942524 28.3158805037 28.0154378099 27.0474323513 27.9489290775 28.0429744509 27.6489809557 27.265424579 27.1573069858
27.8793648151 28.093915717 27.2584510812 27.7667695537 28.0466718542 27.7140853804 27.551593293 27.9502112939 28.2099551684 27.9579035999 27.1865073043 27.435997303 27.987657602 28.2634398848 28.1872407316 27.2045777617 27.7428201901 27.1596003925 27.3119714215 27.2867470998 27.6977823484 27.9439665728 27.8604549934 28.2004377581 28.1011438797 27.5714627013 27.1677095551 28.1874616298 28.1919514872 27.1356409805 27.8191076459 28.3375806858 27.5184367844 27.3510650112 27.018573576 27.9497827425 27.6000008257 28.3417706033 27.6715284037 27.2128219082 27.3286806324 27.4719259284 27.2738090264 28.1226573909 27.0955943785 27.9529819407 27.7337025324 27.4652342582 28.2627933092 27.39424993 27.1948231976 28.0304444643 27.7349772667
