Spatial_Output/90% DEC/90DEC_0216.asc
NCOLS 155
NROWS 192
XLLCORNER 196769.923733
YLLCORNER 449719.875193
CELLSIZE 27.603701
NODATA_VALUE NaN
[rows 23 to 45 of 192, columns 53 to 105 of 155]
47.004561024 46.8480930012 46.7004008889 46.8187774736 46.31993345 46.6857232443 46.7406290255 47.2986456107 46.2725029182 46.1916590742 47.2366556532 47.320494769 46.0535928144 46.2515810897 46.611424259 46.0679458873 46.6316943957 47.1425166663 46.0806117625 46.2441230601 46.1021233323 46.031099849 46.5804487769 46.6089587762 46.5998449465 46.3254046167 46.9271977667 46.5534108824 46.7915813334 46.6627078128 46.374354657 47.0088450635 46.0314421938 46.5494063074 46.2707099856 46.1078299681 46.9072068155 46.4350652702 46.1567355531 46.2301968886 46.2093309575 47.0066335513 46.2086151459 47.0416546876 46.9329112673 46.4663611389 46.9560442458 46.8287440534 47.1683278944 46.5275045187 46.9196910738 46.6572825651 47.0584965903
47.0250738083 46.4047173246 47.3047572791 46.270118882 46.2500297563 46.1754087161 46.0439938895 47.3734666332 46.796175142 46.6281442608 46.6384751982 47.1285575117 46.88079771 46.1744576283 46.764270331 46.443555156 47.0969567917 47.3337002452 46.0318562619 46.8617255081 46.1066306767 46.7629484157 47.1242356371 46.4964665417 46.4004758466 46.2562198887 46.8346761556 46.2711965058 46.9915375157 47.0692852945 47.2032600251 47.0837446465 47.1752424356 46.0071862041 46.4023479743 46.6383639663 47.2648662657 46.0885169357 47.2401842107 46.6086005876 46.1802366836 47.373090405 46.7974157109 47.0543912254 46.3499144984 46.5277918143 46.5891838126 46.4152099438 46.9844451757 46.4347575881 46.3747260772 46.5589920518 47.1645958313
46.9345783178 47.055766668 47.2985646452 46.4985802422 47.3970117781 46.8690385943 46.4998280895 47.1890984967 47.3021361687 46.4138724537 46.2777010729 47.381089981 46.972587108 46.3972648105 46.0880166837 46.6709856274 47.042246875 46.8236326188 46.9852963455 46.2264991961 46.2934540367 47.2526815046 46.0078290677 46.4371438203 46.724958259 46.4750808401 46.8322478493 46.1921060422 47.1991907704 47.0772708685 46.1393399615 46.9012039152 46.3648519653 46.8905575516 47.2071707382 46.3338626334 46.2253389906 46.4477153559 47.1492027033 46.4793759352 46.267744196 46.7866215002 46.283478649 46.1216455362 46.760461084 46.9728173064 46.1289148363 47.0256192489 46.4896166954 46.6118124197 47.2298215696 46.2208350273 46.4721610061
46.6149085348 46.3236015676 46.0552019303 46.2514872361 46.2384953283 46.5780147739 47.0605913322 47.1234566336 46.6452812982 46.7439137039 47.1646258468 47.051073214 47.0718416679 46.6915143342 46.3912034011 46.8663054661 46.3685239035 47.1334610222 47.0279043244 46.1256386844 46.8714788047 46.4549914719 46.0468231613 47.2565521786 46.7190124753 47.1524301986 46.3577722897 46.5706031438 46.4183425267 46.9025111998 46.5604145296 47.165988382 46.1163748135 46.2148809889 46.2747210811 46.5015951254 46.8434167346 47.2146002907 46.3461560061 46.7611040353 46.5087023859 46.1909754295 46.9006438095 47.0022756539 46.6870383118 46.4363191822 46.0668382384 47.3426827514 46.1769009001 46.3883098931 46.8767116472 46.8561101097 46.5331587222
47.0076980527 46.0454764351 46.8643277291 46.4049477795 46.1224590638 47.3602350195 47.2315909377 46.234691061 46.0168135519 46.7158477482 46.4022541913 46.1052675642 46.9988764538 46.5492833569 46.3354057192 46.1348462249 46.2130974796 47.1508118817 46.3923856876 46.1389297564 46.3890072646 46.3527491072 47.200019947 47.029318318 47.3782876764 47.3381886191 47.2288517927 47.3310281365 46.2254986014 46.493759425 46.1950520541 47.2741186207 46.9415845407 46.8102411192 47.0606011241 46.7920203988 46.6730833131 46.7627404815 46.1970949189 47.1169163649 46.4728570334 46.530932156 46.2876883348 46.5131381478 46.2183594466 47.065328358 47.0007039986 46.6521093793 46.4820770488 46.8882953375 46.5274239207 46.9285066294 47.0076147323
46.6830189867 46.3346962942 46.1249546021 46.379478834 46.4544246499 46.0463866751 47.20723514 46.9163950008 46.7308063958 46.4854247387 46.9707833232 47.1435492194 46.5743531136 46.7743390462 46.1130939229 46.3774511306 46.3766623857 46.9252524079 47.3999812934 47.203194555 46.3714785461 46.3266201063 46.9078469642 47.2467322169 46.9455640284 46.1442558832 47.3997434017 46.7028970846 46.3499246779 47.2274419229 47.1675966259 47.302154107 46.0451003801 46.2021461253 47.0587277933 46.3090770959 46.1152620205 46.6052230771 46.2345898955 47.3662177662 46.5561611538 46.9811776349 46.9938816088 46.2300619131 46.5612535995 46.5267117387 46.4178164522 46.3716866482 46.9849687572 46.4431810533 46.7500472526 46.4342129441 46.9385989277
46.1461144564 46.6530663426 46.0600836555 46.9503570584 46.8252362742 46.5490293947 46.7995822405 46.4654923401 46.9987344498 46.4093631343 46.4541327176 46.2909139918 46.2106902037 46.2169260405 46.0760085612 47.0514539541 46.3332714374 47.1254522867 46.3389481563 46.802251581 46.9407387473 46.3516476398 46.4858539042 46.3039081711 46.2989326276 46.908023538 46.2008218109 47.255424334 47.0566511624 46.7624829323 46.2648495334 47.3449874505 47.3291627629 46.5906202416 46.0614941845 47.1700846761 46.5090786095 46.5582025139 46.9924922138 46.2734982464 47.1207444734 47.1377503726 46.9220671227 46.5738505367 47.3707666654 46.8389330581 47.0715265622 47.374957919 46.647174956 46.8360545973 46.6980908067 47.2284759309 46.3211963774
46.641885334 46.7068083948 46.9038159536 46.9290204859 46.3439361317 46.3907556192 46.9883672545 47.2335277571 47.3887826376 47.3526841818 46.075987741 46.8090898522 46.0785971521 47.3643503156 47.0868462422 47.4081491012 46.7558402205 46.0931332751 46.6391910584 47.3084453697 47.2351690638 46.4563539206 46.2383524145 46.9615419861 47.0533618886 46.105135159 47.1007815332 46.8000942981 46.6342525415 46.7620026028 47.2511606203 47.1577590078 46.6896533623 46.9387484026 46.8514016359 47.33770424 46.6737762932 47.2129727327 46.6415876426 47.1529579453 47.0366406303 46.7961896708 46.3030760171 47.2986644926 47.1680797169 46.681712192 47.2946376971 47.208004845 47.260612993 47.1345061058 47.2325714789 46.2177940518 46.9217894792
47.2391847412 46.401960529 46.0974004862 46.1668057959 46.8009111721 46.1182851383 47.2511973603 47.2749459733 46.6352397007 46.799870791 46.4413402602 46.0792086398 46.0564894481 46.0349241176 46.2003930681 46.4151153672 46.0420244013 46.4589577132 46.4964651709 46.2867844529 46.4626226805 46.2388108309 46.7853690254 46.1424972322 46.3409417193 46.1785499811 47.2950987369 46.3206574321 46.4710103401 46.246189115 46.8652278923 46.0816957523 46.043320952 46.0777977591 46.0806133347 46.4962547762 47.3716900529 46.2811310241 46.9210834348 46.6248276152 46.3837967925 46.2160753585 46.0101750573 47.308356481 46.0152048018 46.8915665552 47.0572590902 47.1757469846 46.8122983301 47.0601022049 47.1289750009 46.034734554 47.3291796264
46.3562413083 46.3055415666 46.3302188181 47.3028851543 46.6557038725 46.3928809242 46.2917860241 46.5302163386 47.1653517141 47.1779101881 46.9546409031 47.3303550369 47.0490111083 46.5763910007 47.3754068749 46.7580122383 46.4689213512 46.1707082982 47.4007861664 46.533657279 47.4069939665 46.1521473709 46.9873557161 46.3731964963 47.2260303491 46.8053309602 46.2939215409 46.8460780585 47.3940977552 46.8588686438 46.481528611 46.5614788333 46.0147569817 46.5493783112 46.7218855834 46.5799186783 46.3607782802 47.3517387483 47.0613682861 46.0662795092 46.4458122594 47.1906052438 47.1991289537 47.3804380529 46.9510484075 46.0725838282 46.9904558787 46.3214936581 47.3931884358 46.9240530991 46.2396238354 46.6411814862 46.7470373666
46.7607953295 46.5363470505 46.4671098984 47.2779178308 46.0737052591 46.6610159494 46.8847744576 46.1444363612 46.7466960712 46.8769312924 46.6138577866 47.0345441369 46.9591698668 47.1211521065 46.5437933199 46.7030912255 46.594805192 46.0596789927 47.4108365147 46.7135242255 46.1164715872 46.3249771283 47.0037808876 46.7880059899 47.320659452 46.4430785624 46.8723754858 46.3042101581 46.9801572334 46.9462475889 47.0811232967 47.3655068576 46.0086416642 47.0393989936 46.4484554953 47.2067872444 46.8190964409 47.1920204011 47.2853712196 47.0676859027 47.0858895252 46.5029934361 47.2694678696 46.1019202878 46.2526369942 47.29349119 47.213440391 46.6708243907 47.1322567812 46.944228942 47.1900087483 47.0273840046 46.3207310782
46.5393040576 46.4755391836 47.1924665803 46.1736150893 47.1159504091 47.3766825686 46.6992583452 47.3984152256 46.1418806412 46.6436774533 46.0905323004 47.2610999243 46.9679748462 47.1007202709 46.1248029048 46.1082386136 46.9651611982 46.3065915588 47.2812215186 46.9966333596 47.2441264345 46.7581819633 46.0610776434 46.9558232159 46.490862254 47.3320310076 46.1157651364 46.8816686655 46.9640901832 46.4915088424 46.603026925 46.879925945 47.2502856781 47.0536130293 46.475399242 47.1162234191 46.5840516145 47.3992326936 46.4767811943 46.6286801468 47.0103306198 46.5406965101 47.3344726209 47.0028483556 46.1838155404 46.5613779867 47.3597272601 46.6735934346 46.4078360077 47.0531069755 46.276697314 46.8995677369 46.5465535513
46.7574397545 46.6357480942 47.2527857536 47.3281078289 46.0956784844 47.1124462121 46.414910749 47.1749515405 46.1982828029 46.1756938961 46.4891839422 47.0482825541 46.5196030706 46.4612135179 47.1472509237 46.4920254278 47.3279828266 47.0335626763 46.7074373985 46.8494592176 46.0014528295 46.5426988187 46.8925933294 46.519266845 46.6492333028 47.3993464518 46.1665064916 46.2935617255 47.3046709132 46.3890960926 47.3227220594 47.39542001 46.588264569 47.2592043098 46.0679211557 46.6236578369 46.6360779265 46.5483179863 47.1059902014 46.1697560861 46.7046680061 47.1259940425 47.1364128097 47.3956788494 46.6942046331 46.9856216582 47.3064269553 46.7975702452 46.8904999675 46.9448563116 46.8428063593 46.6245359202 47.1867422998
47.1614817893 46.2366403391 46.7522611971 46.6405405601 46.9417320381 47.3622842973 47.0391953039 47.2138379026 46.3812128684 46.1335121927 47.1652516602 47.2578212036 46.952071348 46.9777007826 46.8284752677 46.9541022882 46.2260618023 46.5307080216 46.1159868051 46.2777535807 46.9317528465 46.169762393 46.6176530221 46.3686537614 47.0923745331 47.3327035158 47.2966059097 46.8928776365 47.0935251631 46.6444086245 46.8499077396 46.7540628078 46.1558389874 47.1778918553 46.4426456962 46.1257821793 46.9924376107 46.9880913749 46.3592935732 46.3514595693 47.1069141008 46.89807971 46.6812961248 47.2902353952 46.3678139751 47.0218721087 47.2827784598 46.9299548762 47.1632598796 46.1300787081 46.7662729493 46.2656193174 47.301913896
46.5610117577 46.2365891268 46.0300029521 47.0043098705 46.6589171057 47.3785779038 46.996420821 46.3521394257 46.1048154255 46.4426971738 46.474387403 46.1757665349 46.6707126787 46.3404191684 46.1435190918 46.5546319342 46.2071254414 46.10145417 47.2296601928 46.7419833548 46.3969122602 46.5308870341 46.0648427243 46.1470995784 46.7315376084 47.1689356733 47.1404855067 46.6972491749 47.1273154202 46.3006487085 46.3441425421 46.43323202 46.3551014834 46.6824366246 46.8512995115 47.0495603964 47.2966176565 46.4317455119 46.279903601 46.4154601999 46.1302144601 46.5768850337 47.1107270402 46.9233971976 46.1243778237 47.2758661985 47.3400783945 46.4052460463 47.3535624822 46.2880752294 46.0243077782 46.1900850861 46.3606103321
47.034725278 46.6160008014 46.2631847541 46.6674533309 47.1089650891 46.6323323362 47.2247247759 46.9748420485 47.2586172494 46.0449938698 46.9894708386 46.757488186 46.4379165968 46.7622586761 46.3144774049 47.0391266372 46.6539941642 46.5221570227 47.2550049658 46.4609421212 47.1402881981 46.8159952982 46.1193171264 47.2882530269 46.3603467351 46.3591694639 46.2697339673 46.2249974881 47.2255906204 46.446036444 46.6559279881 46.3502662311 47.3008488399 46.6548827093 46.7466508425 46.6225887481 46.24573311 47.3843757533 46.3198082235 46.7333463533 46.6282266155 46.8020088556 47.2490600909 46.7406067824 46.719798307 46.0062347654 46.8247218371 47.1157582027 46.9481901586 46.4811604228 46.481622269 46.3923395879 46.6051722833
46.2959264111 46.5116304079 47.3143636504 46.1224385804 47.3037843364 46.7325029192 46.3095344645 46.255232876 46.7394106852 46.6891578838 46.7212268609 46.1213598196 46.7162250334 46.9601426178 46.1938197011 46.8018610321 47.1703766704 46.0714873503 47.0276779295 46.926082845 46.6189938333 46.2290417981 47.2211390451 47.1426041466 47.0427310957 47.3994322923 46.969200021 46.7225840268 46.4755836537 46.0125891617 47.2706583938 46.5428923147 46.9378331334 46.1292972209 47.12552646 47.1689694118 46.5574291277 47.182969637 46.7194297389 47.1065548797 46.1058446265 46.846554645 47.2836250478 46.3856447514 46.820499714 46.7862423193 47.1551771968 46.9228355179 47.2021051489 46.355320208 46.5058625318 46.599305379 47.1330487846
47.3098390871 46.1751643679 46.4546268012 46.5430936235 47.1670548472 46.1464474347 46.6125083042 46.098006804 47.1328772038 46.8841764092 47.2381118759 47.2792592959 46.1512429719 46.4912290519 46.0750394379 46.4592438437 47.1276704712 46.5901897741 46.5886324525 46.4503893824 46.0058337611 46.6678995658 47.2628295668 47.100281078 46.0281498919 46.291250602 46.9016231552 46.1334919894 46.5607914576 46.2458400961 46.3553839528 47.3677905932 47.2043105432 47.2280339994 46.2822693248 46.3482591851 46.8036621188 47.0192903923 46.6874059875 46.704065817 47.3365977201 46.8296781546 46.3871184862 46.8854673441 46.2049851574 47.1394014308 47.3055029222 46.7615455196 46.0868572526 46.2690594532 46.7379267569 47.0075991446 46.5958188509
47.0776715891 46.5304079785 46.6604628989 46.1852211882 46.6861011738 46.0517233849 46.5765279989 46.1440773688 46.658651922 46.1106681357 47.3883549577 46.5968562537 46.9620591192 47.0965444985 46.2334868416 47.2836267102 46.7476182618 46.2827486723 47.0885017021 46.0575075564 46.2917865344 46.003853928 46.4859385956 47.1507979348 47.2188666175 46.494468328 46.9491357366 46.2798141688 46.8144293113 46.8983073215 46.8091996279 46.0448128846 46.3428064985 46.910251993 46.0181296189 46.0687082661 47.2042938199 46.2338875863 46.2609465529 46.6465746106 46.2402487217 46.1386508287 46.8700886933 47.0269079708 46.4258922725 46.0435240756 47.2346582466 47.2602977111 47.0367005816 46.2818965687 46.8530126904 46.6885990839 46.9598712537
46.4915393302 46.1756622406 46.8472383161 47.2296505855 46.5881962327 46.0319983223 46.7258217378 46.6503920605 46.4167719333 47.0703892864 46.4392062427 46.9227235031 47.0918712738 47.205004715 46.9737522281 47.0364686626 46.2138469877 46.1744427098 47.2761369479 46.4804838725 46.493557263 46.9902673306 46.9354450334 46.9117423154 47.0014713673 46.1013715772 46.7925601181 46.4441852247 46.2625146472 47.2205651683 46.8291870983 47.2436523527 47.0993645721 46.6471502899 46.6601192786 47.143708725 47.3789545574 47.3121979476 46.1997131215 46.2443658097 47.0354427528 46.7462747773 47.151564088 46.3918134379 47.3583967423 46.9858235743 47.2004598318 47.2564660054 46.7778880958 46.0849712307 47.1155113786 46.6879297627 46.5065559883
46.3348527209 47.0105943446 47.2148345304 46.0186619824 46.9235816265 46.5684124029 46.682245333 46.4024604975 46.8696940146 46.6342698822 47.1861470803 46.7412038381 46.737450151 47.3419588543 46.7616435203 47.2755898913 46.0320387726 46.1644663958 47.4091682277 46.1222722229 46.1478602126 47.3223902304 46.4474554126 47.1429348264 47.1830766302 46.6022335645 46.1799934689 46.8210460089 47.3979913765 46.8501432085 46.6989591447 47.1807325069 46.8700102597 46.7811401083 46.7868134484 46.2583903048 47.1387436617 47.2474929907 46.3850409294 47.0326538565 46.21139521 46.9145782121 46.8144698259 46.4452181631 46.0669806756 46.2460177871 46.3609997232 47.1382540144 46.4895884848 47.2857713502 47.2155567204 46.0051234287 46.3152481843
46.2251632202 46.9015577878 47.3876367849 46.0563319444 47.1495746894 46.5807071596 46.1520447116 47.3940654109 46.5382242005 46.0188913402 46.8182379462 47.112803021 47.2517150415 46.9692988337 46.471991719 46.9706637812 46.3415950675 46.3084903783 47.2613987444 47.105862868 46.2167773033 47.2245531272 46.4593343936 46.6787356944 46.2665946471 46.2894772294 46.8539376946 46.0508648701 46.4479833617 47.3487161451 46.2992194723 46.4721630499 46.2934220855 47.3621311976 47.2774214497 46.3519046954 46.6729633039 46.8863037271 46.5791762062 47.3269216178 47.0430348502 46.879587451 46.4432752188 46.8989859113 46.0087227781 46.2689087328 47.0762087073 46.5496918262 46.329013441 46.2724465291 46.2092311516 46.9211219204 46.4219264822
46.0444590798 46.7043609614 46.0755238987 46.335038177 46.1234265777 47.2803295139 46.5380096228 47.2775405607 46.4494709953 46.8102103658 46.6781479248 47.4017880074 46.1373067118 47.3460936927 46.2778469329 46.2754451377 46.5066771571 46.1395380112 46.460198882 47.3775758844 46.0395568591 46.0744383358 46.9207337564 46.9051432081 47.3713376416 47.2262891832 46.7312401115 47.0288806221 46.0824670543 46.4697854242 46.3649757062 46.8947554906 46.8830193521 46.3456912203 47.3007195398 47.2679953371 47.2640292724 46.6793648628 46.740915424 47.3739799898 46.6222883532 46.6533586856 46.0761967833 46.2995405747 46.2262080356 46.1957476042 46.4623829488 46.0382643319 46.2975510615 46.6661600822 47.2765920019 46.7196304379 46.319347544
