Spatial_Output/90% DEC/90DEC_1093.asc
NCOLS 155
NROWS 192
XLLCORNER 196769.923733
YLLCORNER 449719.875193
CELLSIZE 27.603701
NODATA_VALUE NaN
[rows 0 to 22 of 192, columns 0 to 52 of 155]
0 0 0 0 0 0 0 0 0 0 0 0 0 0 0 0 0 0 0 0 0 0 0 0 0 0 0 0 0 0 0 0 0 0 0 0 0 0 0 0 0 0 0 0 0 0 31.9545255869 30.1328302438 29.082497574 32.0347237727 31.6964580604 31.4217000902 30.4338561623
0 0 0 0 0 0 0 0 0 0 0 0 0 0 0 0 0 0 0 0 0 0 0 0 0 0 0 0 0 0 0 0 0 0 0 0 0 0 0 0 0 0 0 31.9359334684 30.7697441763 31.690148791 29.8273801595 28.9833626963 28.5549062743 30.9897108113 30.4698427759 32.0262787522 31.1713201894
0 0 0 0 0 0 0 0 0 0 0 0 0 0 0 0 0 0 0 0 0 0 0 0 0 0 0 0 0 0 0 0 0 0 0 0 0 0 0 0 0 29.5252774328 29.7262597536 28.7923185301 29.0222131331 31.8181219937 29.8269801099 28.8108890094 30.8320333057 30.0198493073 28.7338179209 30.0511089827 29.131761926
0 0 0 0 0 0 0 0 0 0 0 0 0 0 0 0 0 0 0 0 0 0 0 0 0 0 0 0 0 0 0 0 0 0 0 0 0 0 0 31.2936482254 29.7272583494 31.3773149652 31.8066946144 30.7533257175 29.62168405 31.7951658133 31.7990340045 30.2322324057 30.6452798248 30.5730285938 28.7687952297 31.7811989169 30.4700883426
0 0 0 0 0 0 0 0 0 0 0 0 0 0 0 0 0 0 0 0 0 0 0 0 0 0 0 0 0 0 0 0 0 0 0 0 0 30.8465969689 29.9048362163 30.3444501812 28.7988423202 30.9917355579 31.2117982811 31.8359697719 30.8481394541 28.7165188214 29.7481101059 30.1890568814 30.6311940417 31.8803648698 30.4822501559 31.0378245416 31.7816695791
0 0 0 0 0 0 0 0 0 0 0 0 0 0 0 0 0 0 0 0 0 0 0 0 0 0 0 0 0 0 0 0 0 0 29.4933403148 29.8964817068 28.7009403393 30.9897803908 28.5609041459 30.1477455444 30.0086176693 31.9502267829 29.9881783714 31.806128648 30.8399792429 28.9672363849 31.5082360356 28.5625400304 31.3477158782 30.520936846 31.852776444 29.3999012277 30.0774698384
0 0 0 0 0 0 0 0 0 0 0 0 0 0 0 0 0 0 0 0 0 0 0 0 0 0 0 0 0 0 0 0 30.2161260719 29.5433118099 30.7896855776 28.7276789126 31.6149558677 30.8961475335 29.1308099556 29.897020348 29.3959077327 30.6471052236 30.1921969291 30.4109703376 28.5547089645 28.5342893589 31.650190049 31.6115492733 30.1820867784 29.2803723727 30.5391121893 28.6486867679 30.2363250169
0 0 0 0 0 0 0 0 0 0 0 0 30.0544064964 29.1545271991 31.9031555942 29.4078041678 30.9320517008 30.4203151321 31.6306482004 28.813463231 31.8997976429 30.7998253378 30.8481221488 29.6227778121 31.0604415731 30.7085541234 30.3114613091 31.8412881199 28.9878825663 30.9547441319 31.275405247 29.7078607258 31.0562743418 30.4527334928 29.0821958358 31.0752118519 31.1310785351 29.6203064231 30.5875630975 28.888958106 30.9825403274 31.7825900409 30.4194358043 30.7124008041 28.6746105037 29.2807557017 31.0642019901 28.856941842 29.7528389952 31.9049091304 28.5420648432 30.4108888966 29.4663795149
0 0 0 0 0 0 0 0 0 28.4812184577 24.0206228154 14.2879118258 31.8633103968 30.3993977919 31.2736244329 29.4516948293 28.7885383631 29.2202743541 30.5897283112 30.1443791648 29.8475951924 28.7888422693 28.8763514172 32.0282822343 31.0307949383 29.3498255775 30.4228684964 30.4430899677 28.5453030512 28.518623181 31.5634575002 29.9132794114 28.9676400829 29.7253458196 31.1948800019 31.613381798 29.3098990964 29.3738407185 29.0511713025 31.5779759729 31.4822329175 29.7095269905 30.0072377235 31.7816579764 30.1835532012 30.9117074748 31.4386417943 31.3709059289 31.1726187407 30.514843837 31.4787870552 31.3608652312 28.8806558208
0 0 0 0 0 0 0 0 0 12.1774587442 17.3156309609 29.8629826041 29.6176558344 30.1476487015 29.3895222543 29.8232244176 29.0281079997 30.9653157352 30.3424745227 30.9146258997 30.2348127017 30.8834572684 31.0169047375 31.8435515733 28.8077439602 31.9598713337 29.9308311936 30.4498534576 29.4600417185 30.6177883719 31.4684903373 31.781900007 31.8213869974 28.7249934218 31.7645310659 28.7653412163 30.2717608725 28.6089230759 28.5449719046 29.1093192722 30.8968845534 30.5295038149 31.8723026475 29.7121463363 29.0650665515 31.7013306245 31.8268730878 31.872869939 29.6330176029 29.9572025749 31.4514244685 31.9447787981 31.0471675186
0 0 0 0 0 0 0 0 0 23.5606430436 25.6872567265 27.7780851314 30.6186974158 30.0193218527 28.9549987955 29.8245871123 31.4462131239 30.5461992724 31.4267997818 30.9635471585 29.2344210048 28.7685207022 29.0206213605 28.6976134115 30.2490216228 30.2993311611 29.5963720644 29.0225490961 28.6241692549 31.8788545068 28.8787511444 31.1613450198 29.3347794535 30.3026763829 31.1018148337 31.375153583 30.224083838 31.6607973537 31.8695417623 29.2258489166 28.8537314316 30.9056397694 30.6100716598 29.1507996473 29.2571246175 29.2357739923 28.5582804929 30.1717873781 30.5817889503 31.188786286 29.9638327352 29.0317478973 30.1326434365
0 0 0 0 0 0 0 0 29.1262850812 28.731909402 31.7026685881 29.2916857475 31.1846049072 29.8961445157 29.2876804789 29.1094283467 30.1273050601 30.4279105704 29.3567000199 29.3536240904 29.6139102616 29.3755775255 28.8307248953 28.8210401314 30.3209553752 30.2746861685 30.7946397483 30.6346014501 30.5587526251 30.9845871819 29.6459212171 29.7960741135 30.002640969 30.7532466844 30.4868138472 28.8688171226 29.0965227966 30.515531506 32.0215022499 28.8419998243 29.6089998875 30.197298834 28.6867737057 30.3838215852 31.0735667895 31.4022002865 30.0530000046 31.3903932581 28.6467543142 30.4602936833 30.9895282572 30.9281676624 30.9990710966
0 0 0 0 0 0 0 0 31.800337902 29.4090551961 31.6607284393 30.6938699118 30.637736689 30.7837723951 31.4066632645 28.6250868704 28.5588610373 30.5695632281 30.6706392314 28.836751511 28.5548848854 31.6730069917 29.0116029753 29.7730373703 31.1219154977 31.3459871597 30.600885244 28.8248520194 29.5593477499 28.5516646701 31.7395095543 30.173913435 28.6002872297 30.5764038785 31.8529572579 31.1437112408 31.8563895052 29.9355247978 30.5565273158 29.0772843359 31.9326498677 28.5520653457 29.1110469503 31.0253692248 28.6047386791 31.8632966745 31.0275975966 30.601587555 29.4800349568 30.3835919483 29.8218365589 31.1289616157 31.8663188386
0 0 0 0 0 12.9350052653 23.2720288546 20.0651808935 31.15019424 28.9334239187 30.1208058564 31.6224831457 31.2557940983 28.9539926426 28.5983657797 31.8590908279 31.1467525024 31.5786625163 30.1109132216 29.7145337005 28.7198414637 28.6442726326 29.4144308594 30.8288547581 29.5297810171 29.2108233691 31.6545674473 31.7960221965 29.7870084543 29.6447395479 31.5926279226 31.0687311445 30.1004150339 28.8908782827 30.9687882454 31.6097497744 31.2953016316 29.5101938067 29.2601874312 31.9052467897 30.6515579564 30.327406358 28.9728890119 30.4122917512 28.8619578671 28.86958047 30.4919718555 31.9793167849 31.5542124235 30.3818198741 30.988713968 29.7290452021 29.841115153
0 0 0 0 0 16.0903106813 20.2641098328 13.5723611282 31.0176649208 30.4564013803 28.7340512451 29.0346714665 29.0717636174 29.1477146021 29.6682552083 29.4119195141 30.6362262574 30.6752225461 30.6789682641 30.7566684472 31.3272601472 29.755092396 30.5334184821 31.991288224 28.6926779896 30.838969885 29.3557280783 29.6579186617 29.4125514292 31.8060182443 31.6947095326 30.2253949568 31.2280249367 30.45722805 31.4414470346 29.9414467062 29.9583496283 29.5740473306 31.2056853705 30.093654339 28.8755457788 29.4382407972 29.8293411626 28.7052223713 30.5194164381 29.7866416522 32.013323469 28.845219328 31.7510700857 31.6781323264 31.6018683965 29.1263559614 30.3556146599
0 0 0 0 31.6095435182 28.2155129835 9.9059708658 18.8699428956 30.2189787538 30.777024012 29.2024631131 31.4071468817 29.552803726 29.9371506222 29.0990935898 28.6511431959 30.0330581807 31.3030269143 31.8695560016 28.7587398874 29.6831468844 31.0608374675 30.0588595544 29.5875795607 29.1842749546 30.4154007982 31.2644912831 29.7695541226 29.569683102 31.234700737 31.9557698976 31.7595749703 29.9637653698 31.2037152043 30.8797168622 28.7528071249 31.0877225995 32.0107433578 29.9640138475 31.2858729534 31.4122252288 30.1601917548 31.9844646654 30.5911739562 31.116057352 30.6946881461 28.96995072 29.7140245886 29.5855323713 28.7412898977 31.1365818443 29.687195972 28.5083016692
0 0 0 28.628029626 29.8210512928 29.233654264 30.5948601065 30.6074119511 30.3066268685 30.697295606 28.9438723626 30.6707082826 31.8472340998 30.9088886969 29.9153971661 30.9728543352 29.5967008265 28.8989000254 31.7680782309 31.2967154434 31.8029829107 29.7771700307 31.0585914455 29.6199461369 30.4481735074 31.5281136339 29.1389673819 28.8421085635 31.8867878197 30.5494887157 31.4035338651 31.6924492622 31.1404365135 31.579929214 30.7389373677 31.5780746673 30.4050164572 30.8355517437 30.7529941059 30.6272745135 30.1903143167 30.7033311419 31.1329216076 28.5293679389 30.9966201713 30.8953427084 29.7910648108 29.3277508025 29.5506500155 31.4420428272 29.2251558385 28.5530450962 30.4676025233
0 0 30.7948033859 31.6478135951 30.832938515 29.9547102796 28.5199856999 29.0300124856 31.1973224885 30.0410975696 30.4487814613 31.5617466898 30.5625605847 29.5820436086 28.9734341421 30.8506818996 31.2736247838 28.5887305248 28.7737418722 30.9722721972 30.9122137698 29.7894466271 30.6177814942 29.9474133375 31.1198090137 31.6064376422 31.9011813301 29.9550590137 28.7549358809 29.1846515768 28.6746895033 30.730103506 29.986984301 32.008001955 29.9944879638 29.3725737637 30.7372952597 29.080845191 30.6691704794 30.4431586494 28.6360244168 29.0423121813 29.005023758 29.4384866147 28.6205900516 29.7699697491 28.7245330812 30.6110999903 30.6447439768 31.719266276 29.6124649989 31.1410539872 30.7324874191
0 0 31.2239566744 30.4389244904 29.3774026839 28.7585430615 31.8682337464 28.5809531629 29.6957723936 29.9419014596 30.946375091 30.6919914442 29.9832458461 29.1690307538 31.8133018553 29.7094910728 32.0234547703 30.3633346324 30.809901399 30.7927888542 31.8890279213 28.8347886109 29.5879759289 29.6826909089 29.2952061308 29.286048758 30.0945577955 29.9874834659 31.5434972543 29.2023284686 29.1272341722 32.0099046076 31.4573192003 29.5684746615 29.4682028804 29.2952943606 30.0801550472 30.7216467407 29.119745146 31.3817163948 31.7262363182 31.4104707305 31.7609546874 31.870314707 29.4441373871 29.4678036325 28.9301149577 29.1163070912 29.9035602704 31.6497196256 30.6927178155 28.6985132211 29.4087442548
0 0 31.9245081156 29.343283445 29.2549929067 31.212611948 30.4094022827 29.3586330757 29.9097880812 29.9511004569 28.5447744317 28.8632351516 29.6209215477 29.9127622064 29.2813026381 31.2359543962 30.010280728 30.1893887294 30.5240098309 29.6979841959 31.4658890775 30.7391684571 29.9468451545 29.0363895399 31.4078540264 30.823102249 31.2217625068 30.6023437041 29.0519561818 31.3447173788 31.5426930751 30.153458422 29.8768469181 30.1037157576 30.0501723473 30.1965398793 30.3385854521 30.2204290529 30.5191994054 31.880553601 29.4874613259 29.6470794363 31.5120324616 28.5120758216 28.7064269135 30.8111179573 28.5291187502 28.512499017 28.7829743795 31.6847229737 28.9847411165 31.437797052 30.1427628394
0 0 29.3125015271 30.2737351627 28.9726731529 29.935291165 29.3993291687 30.8412965704 28.8534644949 29.3186528172 28.9115928404 29.6620884002 32.0196168719 31.4625184768 31.2908206451 29.3853196124 29.6715182586 30.6325280155 30.9697933162 31.981830101 30.175527946 29.9327888299 30.906737535 31.57997675 29.8941238892 31.0079948447 28.6800104328 28.8155936098 29.6259012177 30.4074551508 31.3560636803 29.3766963666 29.8520853826 31.3423222362 30.1286790741 32.0045628992 28.8041191573 31.5247535733 31.9882067721 31.1722586004 30.4129266253 31.5834170166 29.7029387877 30.5424398837 29.6420217106 29.2486323426 29.7503661209 32.0128427591 29.4535003014 29.7663812836 30.7753284478 30.921319978 30.6715364933
0 0 30.8136029813 31.8824572477 29.263677166 28.6600439302 30.1668280865 30.4253583988 29.644675443 31.5376721085 30.3754824253 30.5088381219 30.5482967984 30.0829939868 30.2193318758 31.7991763305 29.2217939626 29.3589905078 29.375196014 29.7808368131 30.2680615687 31.7156224769 28.5072231921 29.4422609458 29.4726563699 30.1965014145 29.0649456666 30.4985388892 28.6807024469 29.8971098247 31.4399904125 30.1978572244 31.2528800355 29.863389423 28.9935565756 29.389069919 31.2910269213 32.0313345672 30.2818660769 28.9572464305 31.8267274558 31.3676425235 31.5034451388 29.5770230102 30.1796688676 29.2147020953 30.5075399978 29.666764078 31.6464530128 29.8396162235 29.8922286345 30.2699032232 29.4291215383
0 0 31.1919182064 31.108710719 29.6629465224 30.6217912274 31.0590861496 30.3377897213 29.915072495 29.9330712128 31.7838661884 31.0407466771 29.7562228174 29.2435710022 29.4680911633 30.3741247944 31.7740962333 29.017117 30.1202479851 28.9131509537 30.4026915969 31.5472181329 31.4541940104 31.1334650773 31.954227564 31.2471337534 30.3541512793 30.514987844 29.1124891055 29.3761180804 28.5492442969 28.8786760344 29.5677293208 29.0067496546 29.3919373914 31.9973374043 31.0312398821 29.9281941378 28.8536303892 30.0887546278 29.7704278821 31.4778624907 29.1962054999 28.5139485507 31.9878478944 31.0453797337 30.892184093 30.4070532189 30.3900171161 29.1443773064 28.5571189812 30.7463256944 29.1989700418
