Spatial_Output/90% DEC/90DEC_0527.asc
NCOLS 155
NROWS 192
XLLCORNER 196769.923733
YLLCORNER 449719.875193
CELLSIZE 27.603701
NODATA_VALUE NaN
[rows 23 to 45 of 192, columns 0 to 52 of 155]
0 27.1534243969 28.0305796857 28.1422278965 27.1475658153 27.7015018356 27.3653405311 27.1853700445 27.4025200521 27.5551666551 27.3092587052 28.3914953759 27.0242538389 28.077885904 27.5087637253 27.3906454887 27.024392446 27.2999136868 28.2890080935 27.8269011894 28.1629394173 27.5334585253 27.9356316302 27.3927536772 27.1914958777 27.268398697 27.9553144338 27.1677862446 27.561070617 27.9350152766 27.6395868776 27.5335401056 27.0216260643 28.2996368632 27.6179503871 27.2007752232 28.2224842843 27.2156540514 27.1636548519 28.1328576877 27.3239788232 27.679802263 28.1403775983 28.0965172963 27.6656097647 28.1697694885 27.9993702635 27.9469579859 27.5386457849 27.1611502223 27.8531480827 28.4037744346 27.8990839267
27.3568383711 27.9323187409 27.9247636066 27.2053303374 27.8772838882 27.1456629346 28.0831173586 28.3663697097 28.3006503576 27.0290437494 27.1698117391 28.2315001992 27.6793661673 28.0005143064 27.084314293 27.0542180047 27.038222485 27.8302275341 28.183196507 27.9874645558 27.4588942104 27.6774584463 27.6070954198 27.8491346753 27.7316264231 27.5581261176 27.6791903619 27.6713009184 28.1347445966 28.2587211031 27.406067665 28.0651681395 27.4019062007 27.6870128218 27.337245025 27.2004852562 28.0124674188 27.4652008149 27.0529221992 27.6238247629 27.9521171764 27.3622849477 28.274844053 27.4219540183 27.5717510182 27.1474659627 27.2017138973 27.4938569674 28.1148370162 27.2841502612 28.1175554166 28.3830039759 27.8702623333
28.34363634 27.0102356975 28.3089727583 27.7973017439 28.2894249998 27.6125272797 28.0152953564 27.0071085369 27.9259921802 27.5346886625 27.1019196 27.2234736449 28.0269605299 27.7764981102 27.1644700045 28.2864423167 27.6293083333 28.3836502128 27.241962699 28.37574378 27.2964872119 27.8297791219 27.2647224248 28.0191341271 27.9546377313 27.3425598083 28.131871386 27.5987387301 27.0826250231 27.56669497 27.877807158 28.3974731103 28.3711649664 27.4683859293 27.0617352177 28.001200007 27.2577443516 28.1374101914 27.0585196007 27.3060384752 28.1222030278 27.1926570685 28.0370201471 27.1450725285 28.3885789267 27.5092968822 28.3825133222 27.707171065 27.4959377619 27.169932983 27.8054992504 27.230130446 27.9817457795
27.9124195291 27.950396284 28.3063742603 27.1602299625 28.1322087513 28.1806297781 27.0498499852 27.5918670328 27.0546044122 27.6696101944 28.3045355654 27.6842440484 27.657736593 27.7986883015 27.1681027328 28.058842423 27.4906570345 27.0829915109 28.0318299944 28.2222780784 27.9884308743 27.1790621686 27.8175421312 27.0662378234 27.7104446107 28.3865096172 27.9981121817 28.2848847202 27.8570801727 28.2443539326 27.053921942 28.0049511001 27.4471506858 28.3182485114 27.4154812413 27.7613934592 28.2741059519 27.5645069985 28.0347525746 28.022131432 27.9148534974 27.0281128868 27.7594464577 27.3019313144 27.3000686151 27.7196433587 28.237209339 27.7316101694 27.691622554 27.7393044947 28.1819253352 28.1754959515 27.5836948678
27.5777367371 27.7447151811 27.335076392 28.1618851169 27.6329056229 27.3429059287 28.3274235092 27.4264436911 27.5486257344 27.2498604397 27.7072714436 27.7587803152 27.1280899761 28.1892621646 28.3683501704 28.3994562068 27.4315358179 28.0364143978 27.5194393569 28.317338179 27.913588162 27.5891330771 28.1370056176 27.2295791328 27.3531268969 27.6998858589 27.2263695156 27.1823835185 27.8965618897 27.873638552 27.6398913871 28.2533127462 27.8601302099 27.3890060323 27.6089274186 28.4091205779 27.5821425001 27.2799359507 27.522289843 28.3152318481 27.5383170768 27.9835790428 27.9919847554 27.3603668888 27.5195110628 27.2026439926 27.9449904295 28.3469320222 28.2658779207 27.9920290307 27.9548495782 27.2239876928 28.2241843598
27.2661792495 27.6484729161 28.0300935342 28.1707468661 27.0147609621 27.7823564799 27.9220829256 28.3052327976 27.7661179754 27.7036744802 28.3401030711 28.191342398 28.0727009146 27.2746961697 27.114930256 27.3258423349 27.5820468385 27.7208716958 28.2469446562 27.4443875362 27.1496344415 28.1017083715 27.4672025279 27.745355586 27.5755812584 27.9907669873 27.4135186271 27.0258093496 27.5345018761 27.3867933289 27.2973474634 27.289639605 28.3255670446 28.2041665264 27.9340852742 27.9892657146 27.0758361623 27.5773824856 28.2681964629 27.5265105778 28.2040285232 27.5197938468 28.1714788361 27.3781742697 27.4878833971 28.2243033846 27.1544929213 27.8363810847 27.566904637 28.3335924555 28.3200461192 27.285084411 27.5428528838
27.3079490782 27.0908713917 28.1781283548 27.7857416066 28.3716404277 27.6262753055 27.7632880146 28.413997339 28.155525489 28.173174862 27.4164279323 28.0146014791 27.9622382285 27.9327755809 27.2315028416 27.4770123943 27.7402408055 27.2759225127 27.7345204142 27.7667051909 27.9090225511 28.053061001 27.1601493745 28.0271492575 27.3123453125 27.2931323649 27.9522144873 27.7471359734 27.2004662731 27.6359189904 27.7984015553 28.1753184268 28.1897561771 27.2380119938 27.137211874 28.0854530832 27.5825343936 27.1129476704 27.0101828206 27.5329191719 28.2006978282 27.7274902215 28.3762885227 27.6620955392 27.416070972 28.0433689039 28.2640540018 27.7055095313 27.2745842203 27.3084240579 27.6328270816 27.8894146795 27.3235762437
27.6207107695 27.2058284993 28.2113234613 27.2075131352 28.2803182846 27.3343722449 27.8802499562 28.1955973216 27.9809763099 27.4122793209 27.147428008 27.2600172133 27.2658477324 27.725620062 27.8509927682 27.5153829567 28.2154882105 28.15792369 27.264813567 27.5026924479 27.5555770839 28.2621433303 28.3721635133 28.3463227699 27.0948284451 28.284734696 27.9313372845 28.0268351988 27.8348670402 27.0471710916 27.0583310167 27.9834479157 27.1092888768 27.2139019578 27.7220557869 27.5060448955 28.0945073882 28.2671233247 27.7257078479 27.7077759839 27.8942200163 28.2390288316 27.6476296632 27.2375137105 27.8316454239 28.0947829484 27.3188171109 27.6876814778 27.8203165637 27.112448441 27.195469824 27.3032219145 27.6765075761
27.1993088231 28.4122557455 28.1660533346 27.004795277 27.0516405863 27.59715684 27.7437494159 27.4831454975 27.6002281713 27.6370872702 28.1630283875 27.9016113482 28.2211589639 28.2631366285 28.3501008182 27.4268117362 27.7653150949 27.6562114403 27.3454068016 27.7406333752 28.2721915604 27.4296032458 28.4103140698 27.9264692121 27.578071486 28.0617964483 27.1301023187 27.0724107767 27.3015853921 28.165216482 27.7124539705 27.15424913 27.1137916797 27.0309808527 27.3319264859 28.114765102 27.4706683287 27.0180941691 28.3110100031 28.081901524 28.0336701133 27.7021532658 28.1256454597 27.4897241445 27.8608469224 27.0485511253 28.3453653043 28.3159657688 27.0344064089 27.1732418706 27.2415517124 27.0148541577 27.1690871983
28.1967985532 27.6058784738 27.1597753272 27.0491973111 27.7361118234 28.3117408542 27.3609823397 27.697539137 27.7119225954 28.0105941634 27.6335992675 27.9821951138 28.1173314448 28.3297904514 27.2825257535 27.5573738837 27.3279145571 28.2248249181 27.7432093357 27.6544499538 27.8516331337 27.4819492202 27.9609205619 28.0028624891 27.224568487 28.2997065241 27.3786157043 27.3950901931 27.212902983 27.7159608567 27.8549993114 27.5747381901 27.2004489248 28.3896111014 27.0131835503 27.9895819361 27.1878038551 27.1407916385 27.9701241446 28.3271559273 27.0025340573 27.5985762647 27.8315576101 27.5563531391 27.9639215812 27.9698818266 27.6822021717 27.8221795296 27.3163871701 27.386448267 28.1743753778 27.9020512421 28.3404132767
28.2310596236 27.7526961026 27.0064613582 28.3184784084 27.1287644759 27.4496024164 27.9861670526 27.8770032012 28.041441939 27.0328854177 28.1073359721 27.0723439903 27.4779785474 27.8201351174 27.155293114 28.1740820388 27.6649374686 28.0023112861 27.9722763565 28.0372336575 28.3807829791 27.4666913422 27.4396088331 28.3069986473 27.3775443741 27.0385021266 27.0467849393 27.9009745502 27.6439082524 27.8815663734 28.2486808738 28.3662821064 27.3173514496 28.2131310059 27.4316136937 27.1398650361 28.296550942 27.1997573569 27.5055594495 27.2115858781 27.2080554743 27.1081515081 28.3985868385 28.3882201898 27.9726818602 27.8471554504 27.8238949085 27.1235397718 27.8175671469 27.6686239759 28.2922784189 27.8161622579 27.9654925077
27.8524724494 27.7802690822 27.3233125135 27.5955594583 27.6369621602 28.0793528344 27.4147324761 28.4031396175 28.2328486531 28.1021302931 28.187661545 27.4050753949 27.4960799416 28.2387800438 27.2450441553 28.3679449659 27.2201691041 27.6782342343 27.8772160329 28.1788799322 27.697011194 27.2046144351 28.3452965457 27.5164248749 27.4412584275 27.8923427844 27.6658508107 27.2494059964 27.4833269434 27.8624618016 28.0776471545 27.3876737738 27.0109951737 28.2143574474 28.2118813518 27.139080252 27.864893264 27.7479804035 28.31692959 27.6025009186 27.8682774398 28.3752760078 27.6144916067 27.6076281108 27.2542652006 27.6024428787 27.2204363054 27.6141483758 28.2207151731 28.3543337989 27.5058170426 28.2202649942 27.6381117489
28.2677314347 27.7589128804 27.1804670116 27.1418764658 27.8139759789 27.5723226549 27.7630519435 28.0271366293 27.2148758612 27.6761028824 27.9119490943 27.5991308662 27.6844005544 27.6376606054 28.2848494258 28.3351758591 27.4718164762 27.4164552942 27.1014394395 28.2065788467 27.0649631492 27.9912325769 27.4966985509 27.7500431968 27.1759442905 27.3861291785 27.3877365595 27.9589961515 27.8892185736 28.2970959443 28.2972712601 27.9715349593 28.362278177 27.5647020454 28.411981073 27.6827361343 28.0459431358 27.846185741 27.6503220063 28.3274641273 27.0499032316 28.2304839593 27.997624193 27.4156526708 28.1018270988 28.3688438627 27.911191356 27.8174617644 27.0276996055 27.930029254 28.3677204579 27.8617766186 27.888342854
27.7072737186 27.6333027923 27.3625636512 27.4422188817 27.6592515858 27.9272997594 27.5216215656 28.0260003967 28.3751189268 28.3447504949 27.3022188391 27.0946914703 27.6885444929 28.1738001442 27.0938013206 28.3011853317 27.3384987874 27.2515163265 27.2953197791 27.1280720743 27.8301844144 28.1886810524 28.0403630774 27.5600837288 27.679389058 27.2372095838 27.406116824 27.5375966431 27.5176613118 27.5305514596 28.265989762 27.5517000248 27.2905470319 28.3828211975 27.2871051617 27.0839222891 27.6502780759 27.2478272884 28.0130475541 27.4495134772 28.2079145834 27.8171745289 27.0469756432 27.5419369709 27.8375945401 28.1195305157 27.322067835 28.0302928048 27.9526175883 27.8252735521 27.3789296471 28.1974661978 27.2496304531
27.4006392815 27.4406720158 27.7371803972 28.1973291929 28.3508267145 27.6135299379 28.0245575436 27.5062813286 28.0774346375 28.1890601055 27.3459965928 28.0981211063 27.1934313005 28.1891151312 27.8305793966 28.025498214 27.7481213272 27.6629870391 28.118503774 28.0676161433 28.0212501495 28.1001704908 27.4996438258 28.2187646533 27.9172747193 27.4100334596 27.9748453555 27.7184512401 27.7901917866 27.4696859706 27.7220578118 28.0464615687 28.0098498991 28.255373419 27.1569081912 27.1559511836 28.362406242 27.8245373334 27.2336381168 27.7235780106 27.2479782741 28.2932801387 27.9037566416 27.0989910753 27.6786186829 27.9343684975 27.5025514441 27.842710824 27.9417315902 27.3857284667 27.9496806581 27.398544217 27.8748034878
28.0258559549 27.8200028639 27.1795291421 27.9329461627 27.7322310175 27.9065641914 27.5785322322 28.0712595996 27.487491059 27.7302334235 28.1029820176 27.716261223 27.9372567341 27.5339341554 28.0109621744 27.6601787734 27.5781620467 27.9110620076 28.1278775803 27.0852433809 27.003997796 27.4440532827 28.1536956737 28.1466367955 28.4039341939 28.223646015 27.2473546483 28.3207567102 27.1043299118 27.508703193 27.4102114325 28.1402579655 27.761130613 27.8138225877 27.4557667223 28.2998156762 27.1094522321 28.2802056116 28.0741148246 27.4535528214 28.364762397 27.6404592064 27.443459527 28.0627805021 27.0648108775 28.2701196927 27.0873171709 27.9304127491 28.233173649 27.7553695433 27.8481299927 28.3537550891 27.98432979
27.3837073095 28.1117665566 27.0746538402 27.1300086676 28.0955927164 27.7799187349 27.3006645762 27.7769915447 27.5928549017 28.3639857854 27.0972993483 28.0433956202 28.1729880383 27.811837769 27.3665693604 27.1869304893 27.0757359499 28.2927133312 27.8444405627 27.0760690336 28.2765856618 27.3266918457 27.7484267932 27.297707327 27.7655027813 27.1352255211 28.2756639613 28.2808063252 28.347814779 27.6707586806 27.0211765662 28.3804931785 27.631855246 27.1201035929 27.4416051584 27.7355911972 27.4476743156 27.3488024748 28.0943972712 27.7017441757 27.1421866528 27.9967737845 28.1371566006 28.1071687909 27.4850353613 28.3835241949 27.9032321418 27.9160879404 27.0118542786 27.698336856 27.0399672415 27.7928249728 28.107285809
27.92965564 28.223411643 27.2850703484 27.6618976369 27.3645925869 27.1442604195 27.4137174989 28.0867188843 27.1296406268 27.2555337971 27.5769463092 27.9949568531 27.9327368213 27.3633849083 27.7720655372 27.6010811935 27.8921515684 27.5745849017 27.665556855 28.328522311 27.6559971597 28.149471356 28.0020005825 28.2080810902 27.009957956 28.380464324 27.3302445334 27.0282056431 27.163618989 27.3504196293 27.5316563203 28.2882388239 27.2911707703 27.6972686363 27.6453483538 27.6860748075 27.3090220272 27.4887026004 27.1315431764 27.016399857 27.6090449761 28.2182441652 27.122430697 28.1905640817 27.8205374074 28.0106191069 28.1088672024 27.5696089647 27.8990001252 27.0598732634 27.0267515123 28.0207868053 27.1127412114
27.7263004345 27.2069092696 27.4043213247 28.2488757373 27.4705193643 28.0658794905 27.254813607 27.4058090879 28.1364267117 27.8577845035 28.1704921442 27.6086027932 27.9123527462 28.4047288694 27.1298527039 27.3490924733 27.2827272663 27.1887364453 28.1245022178 27.8804942871 27.5989800588 28.3809975671 27.5984784291 27.9194326719 28.2980098271 27.7769496795 27.0681382697 27.7579053388 27.980767248 28.4050742038 27.4028534799 27.5489471804 27.2741304369 27.3275609033 27.5579245395 27.9881567694 27.7080939033 28.2920717087 28.3338335271 28.0217540773 27.6121058315 27.7936085614 28.1141488429 27.6112165338 27.1691571082 28.3033188472 27.659623883 27.1190649597 27.925989904 27.5611457071 27.6865782246 28.1575079185 28.4113244313
28.0432995423 27.3595698404 27.1367101985 27.3781762803 28.3636430526 27.8673201953 28.0354636252 28.3088348926 28.1349222821 27.6051355652 27.8229041277 28.2048187756 28.1686980781 27.5235811932 28.1822125824 28.2100216769 27.8668723349 27.4977854142 27.708883237 27.5351265757 27.635361649 27.086352387 27.7366893527 28.1221025284 27.0562885437 27.9008318695 27.7132471321 27.5561603873 27.2390738141 28.3564911848 27.8167260195 27.5693333365 27.2870616667 28.1436853256 27.155996765 27.4330434067 27.8619166405 27.3010401707 27.5728656149 27.1203446987 27.2906716773 27.1756399594 27.9295351334 28.0088179369 28.0404886935 27.2440896728 28.3861207455 28.0784022824 27.6259392225 27.9793898686 28.0885611232 27.9638194086 27.2909996133
27.4535662009 27.3526313695 27.5709501646 28.0607246787 27.5873711737 28.0108930229 28.3974481597 27.1575545951 27.9977981616 27.1837105681 28.1484978443 28.3347484582 27.4277285504 28.1644766631 28.3194525413 28.2709042846 27.8893176675 28.1842892438 28.0830779849 27.5332079503 28.2001974809 27.6717062672 28.3834521912 27.4744562261 27.10255197 28.1478013496 28.212946289 28.2906852144 27.1989512702 27.5621936134 27.9795824828 27.0035118218 27.4415804235 27.7144160481 28.0999080322 28.1028083027 27.6406803278 27.6762979487 27.2216289057 27.4952678142 28.0154823889 27.3335115014 27.4975879078 27.6152670271 28.0745124001 27.0443437237 27.1073066914 28.0022538379 28.1479479565 28.3837122871 27.002235184 28.3349844447 28.0548448981
27.9443437624 27.7682041501 27.5672764748 28.0274434363 27.1513790481 27.811670309 28.2635843151 27.8418637863 28.1461553493 27.9393427834 27.9517263609 28.3122131348 28.3089637302 27.3210297158 27.3265499765 27.0351853449 27.5716865656 28.3295932873 27.0032978216 28.0172677872 27.1020561776 27.0988826253 27.8430246844 28.1500913945 27.3640869643 27.0046466217 28.0786833585 28.0016495275 27.7105471919 27.6266015965 28.2047026858 27.0154301733 27.7127769431 28.1900626001 28.1034702 27.5438434787 28.1086188556 27.429727972 27.5611908942 27.939550308 28.1446324442 27.3083158337 28.341157721 27.9816473144 27.9865691397 28.3598206396 27.7065417569 28.1548243416 27.6331869212 28.0231295443 27.2374652128 27.37065886 28.3190417958
27.9755160118 28.2056356927 28.1427003534 27.9175732241 27.9064379254 27.0724674209 27.6088351297 28.1268012402 28.4061873044 27.3895012689 27.187562839 28.0569895409 28.4069000207 28.2983962524 27.2572655023 27.3943924971 28.1563818809 27.2830373082 27.71324541 27.7285846402 28.2734148156 27.073266715 27.3964740799 27.8862986087 27.7934196392 28.0758259165 28.248397625 27.5186668615 27.7347403646 27.4277764354 27.5543746038 27.049109085 28.3408400313 27.0166067839 27.0690297724 27.6559766222 27.7869000347 27.3199043606 27.0030089608 28.0873560292 27.030439691 27.7774144654 28.3054350178 27.705022193 27.8487142923 27.9563956068 28.2936349009 28.1184028043 27.4972961581 27.8868068953 27.9451986321 27.2373151737 27.1606291801
