Spatial_Output/90% DEC/90DEC_1179.asc
NCOLS 155
NROWS 192
XLLCORNER 196769.923733
YLLCORNER 449719.875193
CELLSIZE 27.603701
NODATA_VALUE NaN
[rows 46 to 68 of 192, columns 0 to 52 of 155]
27.7515453261 27.972527363 28.1190024043 27.972200413 27.7759772109 27.9027604303 27.7479939324 27.5623626671 27.6687692712 28.1150881322 28.0580152201 28.0974100427 27.5074422007 27.6042418886 27.7092343768 27.760829068 27.6017359018 28.1070273429 27.6767098076 27.7528344834 27.6110783717 27.7280821805 27.5761880818 28.0799847311 27.6938462628 28.0072736012 28.1579890633 27.8541896142 27.8499850769 28.1279972193 27.9482565779 28.1115800273 27.5593118609 27.6754064838 27.6622256805 27.6137004411 28.1532458436 27.7378433202 27.5407348092 28.0373909686 27.660559686 28.1927333466 27.9804122651 27.7803961283 27.7535527052 28.1697727968 28.0485491494 27.9077879934 28.1784134639 28.0104585584 27.7750265643 28.1140026061 27.5047499719
27.6775649286 27.9174367774 27.8935249692 27.8558856537 27.6457925225 27.7290542408 27.6253369741 28.0504973311 27.8519304482 27.5161363863 27.985594095 28.0304140422 28.133641485 28.1778208054 27.9220279421 27.8147060055 27.8597277943 28.0744688894 27.7229399644 27.9313425451 27.8256593812 27.7696212056 28.0303641786 27.6833873104 27.7280101595 28.07376908 27.5987251086 28.1690800824 27.6611603922 27.5734907111 27.9560868791 28.1284855383 28.19279137 28.0942686935 28.0104624276 28.0213421992 27.5062936477 27.8110407958 27.5719344441 27.5837667075 28.1865881883 27.8152839061 27.7539946643 28.1108197545 27.8851640928 27.649402179 27.6539557127 27.6731159458 27.8011242916 27.9765492259 28.0349074966 27.9964200599 27.8123362513
27.9208041145 28.1664163296 28.0757652665 27.7257707869 28.0831463408 27.9905488399 28.0802794737 27.5182564125 27.9687955079 27.9513318306 27.9938690994 27.6818381047 27.5509870118 27.6414124622 27.7824723375 27.9111704037 27.5034773788 27.6934720553 28.1485219159 28.1522187968 27.8155196654 28.0078718596 27.9252897336 27.9667913725 27.8990637228 27.516597028 27.7152177037 27.561417615 27.7160178924 27.7680889163 28.0427987621 27.8475883935 27.9058413547 27.8676144205 27.6503692981 27.9392199747 27.8883875091 28.174027052 27.5614807592 27.5064724377 27.7803162006 27.7572974618 28.032125773 27.7464265666 28.0258125457 27.7939293926 27.8458846789 27.7467708467 28.1770338307 28.1270671049 27.5936087187 28.0833346746 27.9941877667
27.8575485026 28.0966173552 27.8620190755 27.867033196 27.6747433632 28.203499617 27.6075841683 27.5865491538 28.1302637405 27.6738866369 27.6614078338 27.9796812628 28.1128747319 28.0409248261 27.960399136 27.7117314139 28.1181540961 28.1977280222 28.0298789359 27.5548234141 27.5099547255 27.9967674148 28.0608137944 27.8995453409 27.5320532167 27.9755411943 27.8783550648 27.832316576 27.843962867 27.9100495026 27.8630261538 27.5093028125 28.0597984789 27.7866270773 27.951177949 27.9788515147 27.6722897654 27.6791482226 27.5858873572 27.86398299 27.8811113736 28.1943742322 27.7989555175 28.1992295555 27.8966970528 27.9045566938 27.6879307383 27.5993912446 27.6747759167 27.61090829 28.0121915522 27.9726712409 28.1055311003
27.990398726 27.771898327 27.5469915752 27.8007050845 27.8685834796 28.1215608248 27.7667467121 27.5136009405 27.5491936355 27.8098358945 27.5452951457 27.6470140961 27.8760833048 27.7732267851 27.6392477552 27.7564046794 27.6316398185 27.976470157 27.5669045495 28.0352642282 27.8262515919 28.016493779 28.0920492142 28.1334254267 27.5964562686 27.6117211434 27.6333311697 27.9539283852 27.7582616111 28.0735406389 27.9885404244 27.5671285223 27.9630979326 27.8401939048 28.1945155651 28.1786902888 27.5807557781 27.8798767413 28.0731611335 28.0838308413 27.5390661627 28.1423659879 27.6049047561 28.1683058245 28.1669539637 27.7383061038 28.118412985 27.6800984187 27.9150053476 27.6672494326 27.5453252435 27.9530205812 27.6907700521
28.0576266839 28.1918692341 27.7951928557 28.1222440815 28.190804549 27.5418627185 27.7742576914 28.1309864969 27.9575103428 27.9506983959 28.0693041403 28.0781276933 27.5010986702 27.6310410002 27.5779434329 27.6335265272 27.8719661837 28.1918620678 27.7865987203 28.0993226204 27.6541789871 27.7887340883 28.1635054452 28.1231913875 28.1839290197 27.961778302 28.0163987859 27.5332483574 27.8209923441 27.7561311799 28.0307491474 28.1739974655 27.9306918931 27.7029602265 27.6446789379 27.9999775047 27.5413738045 27.6761152234 27.9520769566 27.5095092031 27.5372304383 27.6354193359 27.9522484761 27.8992799762 27.972882126 28.0428787081 27.9678897532 27.7202159534 27.7504638851 27.6228540219 28.0509357338 27.55130659 27.6370380246
27.8571522346 27.707638285 28.1241588141 27.8582922815 27.8736841086 27.6529920209 27.5842104539 28.1918239856 28.0586205591 28.1958142254 27.9166351316 27.8967714083 28.0335344852 27.9172167671 27.5014787372 28.1653348985 27.6650369562 27.825421584 27.7263108311 27.9938384545 27.8938810225 27.7638336236 27.9617777481 27.7047855336 27.8355592303 27.8401673968 28.1113291573 28.0328122704 27.5687074199 27.552195315 28.0932565659 27.5524827218 28.1599263979 28.1242560308 28.1807239011 27.5143231037 28.1345628595 27.5502146579 27.8939302988 27.8262730714 27.6110929249 28.203598487 27.9664453128 28.0593015471 27.5469785702 28.1114417212 27.6994028339 27.9883214887 27.6078600953 27.5279025096 28.0120535394 28.0324323538 28.0715924182
27.8465090909 28.1829766723 27.7227932902 27.8576238403 27.6799896406 27.7212777971 27.7881200114 27.5971217207 28.1464402471 28.0935178498 27.6372696077 28.0397046013 28.0795269997 27.720032779 28.1015729018 27.5978010756 27.8611482015 28.0044173971 27.7402147935 28.1960520449 28.1851076726 27.5771555689 27.6035460815 28.0782134948 27.6105520611 27.6870894506 28.0332310252 27.9830061433 28.1221593871 27.7978657486 27.8846303953 27.9215930103 27.9339279129 27.6540820152 27.9330291834 27.5829817623 27.9545870318 27.8747540584 27.9099601452 27.5603866453 28.0818470731 27.7539721479 27.8115012217 27.5709087183 27.6642302537 27.7458497121 28.0217789255 27.7420815225 27.9594313778 28.1393842892 28.1519179182 27.7753978177 28.1379338058
27.647213786 28.1183103002 28.1254870258 28.1150600603 27.9050728888 27.8047203557 27.7755899341 27.5329401677 27.8348683086 27.7638327224 27.5718296863 27.5035408844 27.6928173092 27.9087034899 27.7782805775 27.8287640981 27.8448410439 27.9290364418 27.9026813277 27.6029508622 27.6314507544 27.6893040772 27.8515906361 28.1862826259 27.8514370208 27.5496807903 28.1993522934 27.9979059288 27.9105664792 27.6162018487 28.1108535304 27.6449378862 27.8286774876 27.5676379172 27.884485544 27.6164763609 27.9951232034 28.0547502275 28.0158586025 27.5707110215 27.5699608569 28.1654164705 27.9667198664 27.5871671281 27.8459890397 27.7252527701 27.8550879486 27.7193965571 27.7364559795 27.6678551349 28.1387435872 27.7091850453 27.6321431952
27.6416150025 27.8383631203 28.1907114168 27.798211418 27.8671300819 27.6767573523 27.8568688249 27.5130290208 28.0727279787 28.0039209722 28.0723181472 27.9398345925 28.0425618095 28.0198752407 27.6508085589 27.6865565246 27.7732950177 27.6508465406 27.8958863363 27.8032840479 28.0320570159 28.059589391 28.0351767235 27.8895560814 27.681869788 28.0874167415 28.1393390268 28.0746661277 27.6093253952 27.9638900604 27.8269760058 27.8429962858 27.5062837723 27.7501389016 27.6721861107 28.1015301755 28.0556249954 27.6525205901 28.2052765735 27.8730947252 27.8800070634 27.7024322447 27.5696618133 27.9786375888 27.64455057 28.0472058937 27.500955326 28.1844465922 28.195769029 27.9359561731 27.9515158174 27.5938562341 28.1373045565
27.8636645449 28.0681595914 27.6797135139 27.8903590102 27.5300399277 27.5344546018 27.6675299959 27.8607949388 27.6775489516 27.9838048884 27.9092819865 27.9961480603 27.8733575247 27.8766022524 27.8844625561 27.6462977843 28.0824533769 27.8412283429 27.7743458645 27.8781927488 27.644378527 27.8066182366 28.1524686765 28.0021177576 27.7255539909 27.5756964265 27.8456408221 27.5956035321 27.5543380778 27.6585708321 27.5992131426 27.6215444751 27.8797851618 27.9209794332 28.1287680366 27.9734250714 28.130467701 27.7551336354 27.9125683776 27.6165492295 28.0805874523 27.7664331208 27.9702191231 27.9209056161 27.5365980192 27.9628422544 27.6848766084 28.130290396 27.8922532297 27.9273222293 27.5503467052 27.5790737219 27.7059091055
27.9636885609 27.9445904589 27.7679560779 27.5824512748 28.140500437 27.6318942461 27.8876311203 27.8648566662 27.7852379324 27.766079694 28.0583176384 27.9688759382 27.5777385007 28.0673870284 27.647280878 27.7556686892 27.7491161537 27.6927002354 28.1023912376 27.53175964 28.0622688732 27.976011811 28.0728860947 27.6326247191 27.7547239205 27.7529726993 28.1673291114 27.9699569181 27.7407541701 27.5523289239 28.1769808336 27.6228508056 27.8754918349 28.1597828095 27.56736957 27.6375215956 27.643647014 27.9941007554 27.9062292813 27.7892829202 27.8915636548 27.9480426092 28.06883279 27.9066463244 27.6166687895 28.1219203721 28.1499989441 27.5525826933 27.5617519046 27.5020397918 27.7777213342 28.0603270975 28.1646790461
27.9548336934 28.05329509 27.993262019 27.5960243165 27.8129676344 27.8282769212 27.8208009201 27.6063053005 27.9673503014 27.5541271039 28.1481064657 27.8749861706 27.7484820962 27.9562752034 28.0245274791 27.9854637897 28.139351425 27.766893439 27.7775634393 28.1351405156 27.6456502614 27.7047259027 27.7593652121 27.8733823376 28.1073865186 28.0982025973 27.5526495207 27.9031893913 27.7846833075 28.0659228538 27.8271233371 27.5200097383 27.8927540906 27.7018860215 27.806338132 28.2014658163 27.5487388218 27.7254540346 27.632575729 28.1303697254 27.6579231973 27.5521657305 28.1735765029 27.5528031894 27.9574368506 27.9991743516 27.8871156323 27.8497580653 27.9409040453 27.6720226834 28.1176980792 27.6612010275 27.9501061078
27.8748546802 27.7741182239 27.8412752186 27.715782115 27.8295421337 27.8672751278 27.6611116208 27.7202085687 27.9703526307 27.7243266959 28.088920194 27.9315195463 27.8506074143 28.0972059321 27.9662812018 27.5146090611 27.9319941394 27.6808834124 27.5347449136 27.7311530061 27.6994320202 27.532886476 27.5857984581 27.9444013514 27.8566214521 27.522826982 28.1154727853 27.7498907531 28.1754813971 27.9318652232 27.5006608218 28.0156749778 27.776288185 27.9153183033 27.6399015823 27.8650923418 27.8301669194 27.5800468907 27.5591134658 27.8124171767 28.1256646367 27.7034001696 27.5811122533 27.7226596811 27.5983988217 27.5751679098 28.0620450828 28.1813288702 27.502569591 28.1055592817 27.9441652651 27.8460839647 28.0047686969
27.8749963508 27.9856214121 28.0705976472 28.1149119837 27.7909811844 27.7663042347 27.9461827478 27.5508310353 27.9728211048 27.6463754379 28.01155771 28.0478000897 27.7911526208 27.6733248564 28.074598574 27.9048702935 27.7231463064 28.1931050166 28.075602465 27.509728669 27.8822375768 27.7670126617 28.075309298 27.9584123857 28.1652724824 28.1431434059 28.030204391 27.9784766758 27.6030872855 28.0181728715 27.8124234002 28.0785780923 27.8878217353 28.1466726166 27.9103539814 27.6600905727 27.8148374789 28.0718007209 27.5206656411 28.0107091667 27.6974035103 28.0582628348 27.7362882325 28.0763461836 27.7263296399 27.9573170326 27.548085802 28.1224845852 27.5759998103 27.9470305271 27.9891197678 27.6847448341 27.6584675724
27.5419853197 27.9016251396 27.7328890004 27.8769661175 28.1377704519 27.675878345 28.0940022756 27.6377972934 28.048655252 27.7246606307 27.8911523798 27.7889258112 28.0558757536 27.9277365934 28.0699383954 28.1379282791 27.9275609041 28.1013006875 28.0053905979 27.7607572177 27.9654815105 27.7797510151 27.8977258111 27.9648113918 27.646123235 28.0324296508 27.8632071477 27.8429398945 27.9453279036 27.6324764152 27.6570256801 27.7536143509 27.725538362 27.7208555295 27.7184822075 28.0088949611 28.1854184623 28.0574731084 27.51178609 27.5827620201 28.1302950648 28.0495773014 27.6061821641 27.8934322687 27.6698106807 27.9274051336 28.1834535103 28.0798481154 27.8935170002 27.8709305437 27.695411864 27.5994594728 28.1902265245
28.1012067575 27.5329972269 27.8432467262 27.8378898647 27.8502521399 27.8133849587 27.8342557932 27.9920655626 27.6253077393 27.9566436286 27.5801773965 27.898054836 27.7102491249 27.8558333078 27.8949553451 27.6490322032 27.8150588243 27.7033201586 27.9167797145 27.823147519 28.0082608235 28.0366986708 27.8354334222 27.9774384959 27.6308085032 28.1754541225 27.83749471 27.7566166966 28.0426430814 27.8754697941 28.1694564038 28.0606688517 27.7729391645 27.8941102139 28.0470382072 27.6489537301 28.1174098064 27.8565199326 27.9976199281 27.8370460283 27.856925268 27.5959605058 27.7118071385 27.9126378163 28.1234272095 28.206129287 27.8809655866 27.9756653112 28.0693159368 28.1079679364 27.7546980667 28.0132065578 28.075738659
27.7614196645 28.1844146837 28.1107095374 27.8343134529 27.8191547862 27.5470533138 27.9607284352 28.0438818333 27.5852363763 27.753173071 27.6738937507 28.2005466487 28.0845672291 28.0662990893 28.0120406719 27.5298626019 28.1864566707 27.6101174834 28.1141053428 28.0075183015 27.6188852762 27.9929420819 27.9505211326 27.8701529486 27.9492621766 28.1531292509 27.8596984381 27.9757067547 27.7756399012 27.8576415664 28.0358449065 27.908810872 28.0877455722 28.1199163931 27.7404242297 27.9659887068 28.1121558733 27.8474488228 27.8080455382 27.7547953704 27.7440096512 27.5366932004 28.1797233385 27.6119904396 28.0351672183 27.9056496292 28.1192233989 28.0739450645 27.8486278572 27.8313378915 27.7083022823 27.8036880185 28.1625701689
28.0528988875 27.7034041041 28.1747514332 28.177317004 27.7491170408 27.7507379752 28.1444022893 28.0747358384 27.7786039825 27.7783615448 27.7594103119 27.5468996043 28.1521855673 27.9072995174 27.7182190036 27.68101486 27.7024071934 28.0106610186 27.6727352841 27.6525791315 27.6830454104 27.7464245223 28.1662543874 27.9141690711 27.6566695487 27.5256730861 27.6763201477 27.7730048543 27.6102460795 27.7723143262 27.6667141161 28.1191645661 28.0699280935 28.1499482533 27.7110828136 28.1519997717 27.8257669276 27.9247156505 28.0256486025 27.5857558656 27.5982550836 28.0612174255 27.6852570328 28.000769333 27.7300211836 28.1853060521 27.7627619002 27.9249798922 27.5557625401 27.9830384599 28.1651805236 27.601086921 27.5072234205
27.9061289598 27.8665990999 28.0947732998 27.5692319498 27.7176848189 27.79146006 27.5721145816 28.0518552748 27.8938727696 27.7080764223 27.9474071552 28.1181442199 27.8283217614 28.1541429465 28.1928172146 27.8900989133 27.6933778636 28.0312448723 27.9477085352 28.015453081 28.0422924109 28.0768247329 28.108472947 28.0654728779 27.8050390957 28.0062350997 27.6516639294 27.9104549192 28.0405949054 27.9894848815 27.9645983604 27.6845561135 27.5468031393 28.1758761809 27.7020229416 27.5726742358 28.1648508768 27.6065929123 27.6665014905 27.9270560245 28.1216905873 28.1211461351 28.0460695474 27.8560927994 27.9873614111 28.1858787452 27.5791501144 28.061344684 28.0883193048 27.6046922861 27.6069359243 27.5396775828 28.0200979256
28.0844812105 27.7644055921 28.027805238 27.7445045686 27.9426276504 27.613690855 28.1078827323 27.8993107377 28.0408704047 28.0886841611 27.8919838969 28.0960272327 27.6733208386 27.9114037938 28.0060378218 28.0107402857 27.6115786475 27.546991549 27.9194754844 28.0938147802 28.1842552545 27.7590247245 27.9947478227 27.5594512977 27.6438093175 27.8596598099 27.8102834741 27.7806175937 28.0834732656 27.744301449 27.9503307285 27.8550222679 27.8690521172 27.9787203431 27.5543655935 28.1514742769 27.5098846453 28.1713530149 28.0494701769 27.9259766403 27.8436661923 27.7290413217 27.8973214002 27.5575328194 27.8224167146 27.5105810166 28.13374243 27.7640982 27.955768962 27.7326785286 27.7001899859 27.8797021615 27.9832901319
27.948106167 27.7913658012 27.9002056307 27.6324711908 27.5534729586 28.097129774 27.7773690743 28.0186281463 27.5464012137 27.9952824464 27.5161030904 27.6729523876 27.5921497229 28.1381815524 27.9651300948 27.9995666177 27.6428772794 28.164284027 28.0893954701 27.9934077646 27.7608757775 27.8575585859 27.8588009674 27.6856627175 28.1977117382 28.0827678833 27.9954109572 27.5809809839 27.7403946596 28.1135007306 27.854585918 27.5019483479 28.191020444 27.7210657593 27.7832206498 27.5758262662 27.78717429 27.8026827334 27.9616649356 27.8305084034 28.1273269172 27.5289198963 27.6296945757 27.8864346081 28.1918456054 27.735651223 28.0846468923 27.9630939611 27.7963126404 27.5906766792 27.7259995942 28.0310846667 28.0844555612
27.6268927643 27.6555517234 28.1175190685 28.0241470301 27.5254721686 27.7562678376 27.5127338613 28.1198349128 28.1190031318 27.5239980411 27.5796834048 27.7908860713 27.937236243 27.8156479755 27.9247385003 28.0551690589 27.811709804 28.0613880185 27.8691405698 28.1854545097 27.9114721935 27.5790957056 28.0129285994 28.0109797655 27.5645335071 28.0825268054 28.1890902512 27.7710345021 27.6669045648 28.1030141233 28.1842759867 27.6143092755 27.973836561 27.6350958804 27.9915406918 28.1901351834 27.7031780527 27.8539163458 27.9948266694 27.5556370611 27.5432400087 28.0643111854 27.9159274515 27.7804375486 28.0916429121 27.8444885259 27.878134523 28.0347077159 27.5689944457 28.1361907901 27.9055326679 27.8025141929 27.9803814602
