Spatial_Output/90% DEC/90DEC_1441.asc
NCOLS 155
NROWS 192
XLLCORNER 196769.923733
YLLCORNER 449719.875193
CELLSIZE 27.603701
NODATA_VALUE NaN
[rows 138 to 160 of 192, columns 53 to 105 of 155]
33.0091198326 32.9227784591 32.7304390668 32.5407652551 32.8322515969 32.5917701729 32.7167115839 32.5617628725 33.1725074425 32.5513802918 32.6919835087 32.6260822723 32.8311841187 32.6578188582 32.5408972987 32.5013476521 32.5524532386 33.1028533806 33.1555267497 32.7369869662 32.9195246398 32.7053634848 33.116236943 32.723290803 32.6202363952 33.0078240176 32.6427466845 32.591815992 33.0057602584 32.5000764785 33.1897563641 32.5394595882 32.7079170945 33.1743983376 32.7359433737 32.5646042698 33.1243016264 32.6295557027 32.8634083128 33.0237542535 32.5233062811 32.8391870741 32.8804128164 32.6079236776 32.89219832 32.8895783859 32.6259077642 33.0725609934 32.5473767747 32.9453145387 32.5547002155 33.1353319827 33.0918353371
32.9419997138 32.7898012863 32.6239097735 32.52843772 32.9571520443 33.1003344597 33.0569009396 33.1039375695 32.7263195286 33.0427914485 32.7507074276 33.007977879 32.6770110319 32.9161335898 32.7842460481 32.772942779 33.1668082755 32.7107504133 32.6029600511 33.0026434388 32.8688327613 32.7655570534 32.6421071147 32.5646244045 32.5725200179 33.187300812 32.6295836923 32.5604238406 32.908189133 32.9258704241 32.7893969864 32.8117535427 33.176851279 32.7586244738 32.9082018083 33.0187943996 32.6526022999 33.2011896757 33.0688719936 33.0802711301 32.9505411044 32.6600202508 33.1965998346 32.7246123676 32.6559145056 33.1501814602 33.0465607057 32.6364671851 32.9951200815 33.0575140995 32.7987065785 33.0485436738 32.9661344782
32.9806707064 32.5385125419 33.1805090957 32.8827613145 33.206023082 32.7470298709 32.6818872183 32.8592586976 32.8556208273 33.1406105575 32.8806068012 32.6738352352 32.5946944448 32.9536881184 32.7838581768 32.9269800155 33.0922958874 32.8001251342 32.9146726752 32.7549719701 33.0029292098 32.7175826333 32.8194217666 33.1518494479 32.7653368185 32.7786754135 32.789697373 33.2065744242 32.6811324775 33.0134919633 32.9972981412 32.5255946181 32.5981068766 32.8609757117 33.1610953005 33.0577116564 32.8701719649 32.8603769091 32.6266343735 33.0392773381 32.9976181986 32.6872766043 33.1951844163 32.7888241339 32.8931299048 33.010584419 33.0363461237 32.6478019973 33.0739356224 33.0323887546 32.7511021544 32.5712623774 32.9713704823
32.8444890506 33.1359753784 32.7799521876 32.998525135 33.086107495 33.099814943 33.0654223468 32.6327469922 32.8340510589 32.5532923862 32.8293433416 33.1756334163 32.5393465333 32.9087944926 32.6469688242 32.8108746586 32.6424877194 32.6640834966 33.0369676678 32.647959415 32.6482494093 33.0098022567 32.7576319936 33.0449335718 32.6603436864 32.8373518012 32.9133445048 33.0181626979 33.1653899873 32.7780721891 33.1969445194 33.0559012011 33.0486739407 32.8931790358 32.66889733 32.9039602306 33.0189043028 32.6429486102 33.0630801834 32.9222027323 32.8927745091 32.7805621716 32.6255262921 32.7965013281 32.7833081619 32.8234763698 32.5573014699 32.568197714 32.6582214801 33.0718159034 32.5625286507 32.8137615927 33.1256297056
32.5768077617 32.8715120927 32.5106125001 32.521412195 32.6116587714 32.9944545942 32.6993061607 32.7594358413 32.8757346273 32.8456958892 32.9982342036 33.2012938856 32.5045258305 32.6617367386 32.9693021216 33.063933278 32.8874048059 32.897718228 32.5903285771 32.5778455107 33.1056513604 32.916306783 32.9909140186 32.8287509124 32.6411116615 32.5289966655 33.1188993674 32.9702035595 33.10942787 33.1387434035 32.8324740259 32.8280925609 33.1176244199 33.0591193167 33.1382660512 33.1609047206 33.2059755023 32.7069717696 32.8087070449 33.07330917 32.8562884172 32.7281307954 32.8269309004 32.7621768265 33.0219670409 32.6951751137 33.0998713606 32.6202625751 32.6413984099 32.5159633036 32.848629093 32.7772196729 32.9310935058
32.5382955795 33.1335959951 32.7334656223 32.7376608343 32.6035997714 32.7029890396 33.0740190546 32.9987903281 32.7385713511 33.1610970594 32.8513998651 32.8298574286 32.5472005646 32.6793376176 33.0136706673 33.1902868181 32.5781555235 32.6501967208 32.8785836576 32.5597021868 32.7951447198 32.7736049527 32.9408859572 32.887505497 33.1733782935 33.0238425446 33.086225003 33.1011055107 33.1554051902 33.1371696997 33.0407388207 32.7692604037 32.6402446607 32.5538326459 32.9432071834 33.2058784715 32.7699041414 32.7797848693 32.733831417 32.5442088152 33.0653486299 33.1938559259 32.6510642911 33.1404922217 32.6984660124 33.0935905548 33.0164178755 32.8612319557 32.5878183475 32.9583161742 32.8029649664 32.9156446236 32.5718986863
33.184236094 33.0412723432 32.8887093655 32.9088318331 32.8581261813 33.2054178358 32.9532033939 33.1666496177 33.1972214197 33.0175769308 32.5318837476 32.9192889271 32.8028917472 32.5704438212 32.6813518929 32.93062262 32.6708054569 32.7776808826 32.6786533702 33.1267303942 32.5210835681 32.5243674425 32.6038478333 32.982372468 32.6561849247 32.8141453823 33.1944773821 33.120402703 32.614803793 32.6123688821 32.5589754637 33.1906844401 32.913515271 33.0801667918 33.0306569221 33.1701622563 32.5850606916 32.6964289356 32.6610282727 33.101111038 32.9942421748 32.7266817342 32.8285037815 33.0926054609 32.545959832 32.6343982188 33.1857590127 32.9942197642 32.6095250367 32.6749966671 32.9069479908 33.0414973555 32.5985520839
32.9343356747 32.9874335121 32.9947354857 32.6368750228 32.8549574356 32.7977176634 33.0760826802 32.7971014773 33.0913347325 33.0120620694 32.7567304277 32.5280452039 33.0559956227 32.7881277635 33.0610577234 33.0881941521 32.5335168745 32.9928561299 32.653551582 32.6134370235 32.8539138993 32.9356249376 32.7558479772 32.826554176 32.82776714 32.8223366163 32.687334447 32.7596139806 33.0036842891 33.0920648503 32.8262839608 32.6870773114 33.0890994274 32.7731651407 33.188048576 33.075155671 32.8971592812 33.0468616048 33.1784299773 33.058556874 32.6713910235 33.1814397674 32.8268767401 33.1004808795 32.790652174 33.1649333434 33.0236640835 33.1051604431 33.1367942867 33.2063299998 32.5131042586 33.2032550132 32.7032660957
33.1427554835 32.5127186768 32.7863292659 32.9789138956 32.8163946427 32.5812294811 32.8804661242 32.544281795 32.6686445154 32.7794957333 32.5945397369 32.8706754698 32.6882024911 32.6848867685 33.1012370202 33.0758843112 33.1428037464 33.1285350872 33.111482686 33.0714224545 33.0687993937 32.6932121193 32.7964540037 32.723064333 32.9778074208 32.6648113611 33.1125427522 32.7776098025 32.9662714053 32.8903587894 32.7910561198 32.6667436443 32.7423297036 32.7825855949 33.0372314384 33.0631950009 32.7730125612 32.9676140886 33.0141644526 32.8412219143 32.6967095068 32.8691737641 32.9874203034 32.8495288181 32.5342063575 32.9845383242 32.7800066116 32.6936661627 32.5523446282 33.0569455282 32.9465876691 33.0459439692 32.9708096722
33.1318226302 33.1396479028 33.1298044985 32.6681970245 33.1292367791 32.7459148018 32.6864519648 32.8039418723 33.1104999228 32.9866113576 32.8040870315 32.9474165843 32.9015584274 32.9571786804 32.5171339605 32.7461612377 33.0334743958 32.7487537712 33.017762081 32.8352721734 33.0273060768 32.7033306074 32.6509528846 33.0665483023 32.5673147879 32.8123602435 32.9765969036 33.0156481017 32.8868282827 32.5203782153 33.1539198033 32.8826309259 33.187428924 32.7255340238 33.0632924418 33.101125568 32.944910089 32.6944962969 32.5726387298 33.0569523444 32.7436108886 33.0746524037 33.1151627638 33.084303037 32.9991173975 32.8675522158 33.1349344943 32.8943205703 33.0738866386 33.0143967346 32.9621065937 33.0415619998 32.7158955344
32.9741663833 32.7940807178 32.9717472558 32.5718522563 32.6902849668 33.0103431589 32.6596047672 32.8986060635 33.0627664878 33.0273821072 32.7806105138 32.5432953119 33.19475877 32.9596107301 32.8052306778 32.5728441378 32.7171695152 32.5753817013 32.6654578551 32.8335452304 32.5112184519 32.604118105 32.9369551859 32.506375023 33.0737020356 32.9035482803 32.8612433581 32.5129642648 32.5033992892 33.151610766 32.7471410168 32.8343416505 32.669875224 32.799346283 32.8351177465 32.9898799133 32.5530480517 32.9651480088 32.5376662812 32.9006156386 33.1584076302 33.1422893396 32.9466351686 32.8381872161 32.8268789184 33.0950286058 33.1753830085 32.7776861083 32.5544182184 32.8526152044 32.9696767889 33.1660209058 32.6008455913
32.7457687943 32.7559469222 33.0243477686 32.743348916 32.9095037837 32.5127051209 32.5177779805 32.6656703936 33.0910300523 32.8083030098 33.1337577126 32.7742779586 32.8719876003 33.0342866787 32.7132901631 33.1371351661 33.0084274824 33.1259614698 32.9613810146 32.639947256 33.1298677314 32.6093371808 32.8432835535 32.7350372879 33.0122756936 32.6151602271 32.8953625127 32.8644917399 33.107259424 32.7209097196 33.0364098356 32.9894218891 32.5288967633 32.9289002838 32.7297115362 32.8851582071 32.7954654709 33.0027918611 32.8867743183 33.127792439 32.5273567048 33.1570733903 32.5852685275 32.6409418376 32.886327584 32.6633144885 33.1623435595 32.9999200267 32.8970363362 32.6146934477 32.8285714952 33.0210976425 32.56367854
33.0369924072 32.8912011161 32.8471855248 33.0686388102 33.14099355 32.9469783545 33.0158974839 32.9166716344 32.7508441873 32.7656214225 32.6180688385 32.6174023998 33.0975457151 33.0405051954 32.5611548032 32.7574782368 33.1514290929 32.7513614846 32.6643492728 32.5707752524 32.560807929 33.1259991583 33.0596563672 32.9922943481 32.8764548537 33.0486215956 32.6079619213 33.0953791419 32.5966769264 33.0506412161 32.9807208093 32.6277765617 32.8430966576 32.6943357929 33.1021592654 32.6041375316 32.5588808146 32.584742729 32.54520695 32.5308812401 32.8588296735 32.8083058795 33.1573598765 32.5282652947 33.0758217874 33.1632879422 32.7942928396 32.5219033933 32.8391031771 33.0685952515 33.048283562 32.5320750278 32.8184446577
32.5147949647 32.5491290878 33.1187921087 32.5572914546 32.6707494512 33.1236611473 33.0044027012 32.900682879 32.8918443257 33.0456695648 33.1408612317 32.9764148962 32.9015247243 32.8655369601 32.9919785998 32.6656926378 32.6988964029 32.9258003111 32.9010741436 32.8003918991 32.5733871396 32.6245407852 33.0466446721 33.2071005676 32.5796056373 32.8514782685 33.0481560073 32.8930774806 32.7981573187 32.9102160273 32.6946458077 32.503927035 32.5252339233 33.1346891978 32.726724633 32.6834567896 32.5032309255 32.5485827595 32.7575507264 33.194656701 32.8768475833 32.6826935522 32.8629341873 32.783047317 32.5307645852 32.7050370387 32.8829761047 33.1716120479 32.8452217428 32.6623292673 33.1631909598 32.7819067683 33.0544992879
32.5413801374 32.553026912 32.7714235255 32.8660084387 32.7311002827 32.8317978297 32.6247407132 33.1743399701 33.0680448158 32.7051745713 33.1883597538 33.1033496676 33.1030287742 33.0482071331 32.7484867538 32.8715204601 32.9796136577 32.5208399217 33.1151899264 32.8986144961 33.1879311601 32.5419405947 32.7926894165 32.5221071953 32.8886316372 32.7985630902 32.8930219884 32.9150698884 32.5213350073 32.6311734205 32.6337761625 32.9635132541 32.9460686221 32.8867404695 33.0454851382 32.9979968119 33.0599044056 32.9561350772 32.8130649471 32.5915983153 32.9583813688 32.8690120871 32.8396235572 33.0903864127 32.7315489351 32.5179687266 32.7703756232 32.5652352736 32.5676304165 33.092364523 33.1989020796 33.1298111154 32.7807558159
32.583932893 33.0294196305 33.005397138 33.1013788952 32.6418094617 32.8970099871 33.1257791464 32.5712842913 33.0075869849 32.5608341707 33.1539633978 32.5657246653 32.8442607305 32.631865145 32.5498030361 32.6862645166 32.6866712478 32.6368281889 32.6792418438 32.5574358504 32.548790757 33.2026785376 32.6621775749 32.7516169231 32.8858324695 33.071282859 32.5464019227 33.0303006045 32.9961647825 33.1295221548 33.1386247297 33.1687174683 33.088098026 33.0291492643 32.8891625645 32.5441125998 32.9906381022 32.5053376358 32.9186447417 32.8504163048 32.8347154149 32.5108475612 32.5277513496 33.1948804968 32.718816731 33.1748477616 33.0735231168 33.1481199238 32.9695488548 32.6849304777 32.9543045555 32.6006009961 32.6852422297
32.5475923068 32.864842713 32.8415691776 32.510693678 32.6652009397 33.1793879074 32.8861106556 33.1813934364 33.1741425221 32.673433672 33.0847482341 33.0116390571 32.5723304505 33.0446087602 32.767160794 33.137754897 32.7034135747 32.8219969994 32.818037046 33.0826273854 32.8020919321 32.6872914374 32.8464208332 33.1387008936 33.1295847108 32.9205523423 33.1017531056 33.0021013319 32.8041279216 33.1755825592 32.9231460308 32.6508138511 33.0466664938 32.8059810687 33.0379318871 33.1121122782 32.8979898528 32.7642283067 32.5490932375 32.8445003834 33.037636853 32.5414513657 32.9333316326 32.8567082984 33.1519017067 32.5114083202 32.6939636966 32.8453987219 33.046348978 32.6577831051 32.7201072713 32.9739462002 33.0397731398
32.6749188301 32.8826141898 32.6416186255 33.0871612312 32.59728096 32.7421942632 32.5645319125 33.1990240607 32.6456349859 32.8345873391 32.7113068842 32.8617447628 32.8129652845 32.8298878654 33.1909427306 32.9550259948 32.824237779 33.1778954805 32.7564839827 32.7437403998 32.8065289765 32.7686184619 32.83968935 32.5996572383 32.8201134712 32.8412285129 32.5527298607 32.5736130222 33.1445944589 32.9429702862 32.563561939 33.1824630612 33.0052914327 32.7201162696 32.6231865085 32.9768071665 33.0517518683 32.6546361964 32.9895201838 32.8438361843 32.5155384615 32.8743680801 32.9760746466 32.6491440551 32.6705314105 32.7223814258 32.9322444995 32.8844508784 33.080281368 33.0192848607 32.72915071 32.7221761328 32.5403014188
32.8550628451 32.6330259548 33.2027309012 32.578507054 33.0651469887 32.9363897208 32.6771721284 32.6669857894 32.5350660477 32.6358511187 32.8849895462 33.0660785998 32.5113107915 32.6025379744 32.8041880533 32.8373432904 32.620995968 32.5565374122 32.5679495264 32.9850795905 33.0589362793 32.8712742409 32.6619673273 33.1988367595 32.679423822 32.6066847412 32.8339864249 32.5650126705 32.540956131 32.7131351358 32.5921820561 32.6434751678 32.5592391904 32.9669073687 32.8571820245 32.6237596283 33.0383838157 33.1558765163 33.0795283721 32.6696998438 32.9851030281 32.8077367603 32.7337215928 32.5675822294 33.0145170334 32.7905402689 33.195449162 32.5103840577 32.8013345683 33.0415656922 32.6670204345 32.5899415951 32.966379795
32.8372610599 32.6617939717 32.7932927 33.1870348461 32.9561288334 32.8209582988 32.6880690702 33.1514878579 32.6043719195 32.5198102299 32.9617100328 32.692530511 32.7973260862 32.5401012582 32.7811229042 32.5782983248 32.8757052359 32.9290289202 33.0705207723 32.5426822574 33.0959850562 33.1067499788 33.066677199 32.6805561353 32.8438016125 32.5390678578 32.9108873972 33.1497647348 32.6524502357 32.9402205289 32.6158735568 32.5290523217 32.5174751604 32.9706223337 33.0586559177 33.0386932778 32.889062432 33.1584105594 32.8096137426 32.8464928728 32.7453530334 32.9250090667 32.7851683747 32.8138249366 32.9542328525 32.58708024 32.9038449831 32.9997425295 32.7797589069 32.6384525947 33.1624574501 32.9724617619 32.6379214024
33.1945734815 32.9634797408 33.0604264995 32.8124153889 33.1679857046 32.5010339035 32.7830027187 32.6308193854 33.047572855 32.7422227432 32.7752198541 32.9538879683 32.7861890942 33.1481587667 32.8880908945 32.998995317 32.8671378542 32.9716290399 32.5474205508 32.9095851013 33.0041632221 33.0893125043 33.1352404613 33.1870109208 32.9976544577 32.587407283 32.5432834817 33.1271173196 32.8975726609 33.1537844014 32.5117598114 33.1846100953 32.8112171819 32.5238063583 32.8280870694 32.6015427155 32.8421748558 32.9962580328 33.1013624584 32.8685005068 33.1149160855 32.603816198 33.0696179421 32.6575507199 32.9831499226 32.8351829814 32.8508493021 32.6756989526 32.7791544219 32.9521274425 32.9909866685 32.8125654854 32.995016823
32.5741129196 33.0380081125 32.7145855487 33.0413351748 32.5812557886 32.8061400036 32.7742706596 32.8834296369 32.6005747485 33.0926233947 32.6018232709 32.777402324 32.8398064797 33.0564018663 32.5591919998 32.5946415312 32.6860898537 33.1080719953 33.1293365227 32.5717010864 32.9492771679 33.1458230181 32.934950908 32.9470857396 32.7027563146 32.9554074103 33.1088172061 32.8597055865 32.7893919747 33.1851808468 33.0111746724 32.5627492426 32.642445491 32.7187965039 33.0272040913 32.5020034341 33.0939974214 33.0439567508 32.8742991436 32.5407371504 33.0669009811 32.5291789798 32.540925249 33.0109908675 32.7486863527 33.160086395 33.0675061503 33.0027535747 33.1094995979 32.8735636154 32.6084940516 32.6568832251 32.9386101586
32.6680710359 32.5587832455 32.8644116114 32.8989998811 33.0946756643 33.0518877636 33.1800357462 32.7852021078 33.1166621209 32.9274652353 33.0044990523 32.9173756507 33.185737499 33.1154908031 33.038208407 32.5792860917 32.7470107116 32.5818381751 33.1588152326 33.0622236664 32.6470480437 32.7421779712 32.9489603576 33.1989435318 32.7571769217 32.819547586 33.1011557755 32.9470680958 32.765684274 32.811754546 32.5110670951 33.0269713562 33.1793498965 32.5805854217 32.51233114 32.7472952349 32.8209526982 33.0972405443 32.5876901445 32.7796323785 33.1475377616 32.5149330287 32.6252765196 33.0247818872 33.1628893654 33.1958572821 33.1127687331 33.1930654653 32.9445206585 32.6760549565 32.9833956253 32.9518311788 32.8012444843
