Spatial_Output/90% DEC/90DEC_1152.asc
NCOLS 155
NROWS 192
XLLCORNER 196769.923733
YLLCORNER 449719.875193
CELLSIZE 27.603701
NODATA_VALUE NaN
[rows 69 to 91 of 192, columns 53 to 105 of 155]
27.649012508 28.0306335044 27.6661054569 27.5553341077 27.9207893202 27.9550394636 27.7463483751 27.9070871664 27.610595966 27.5809301945 27.5651150989 27.5470974362 28.1921618829 28.1570778536 27.6672902377 27.7986110281 27.9419289191 27.7704077249 27.5917160484 27.7446086172 27.6546622151 28.1936227138 27.6809256558 28.1630846545 28.0191052783 27.7324700231 27.7648436476 27.6267417781 28.1482899214 27.8056035735 27.5554399974 28.1162332797 27.5775802275 28.1278498538 27.963656322 27.8252141649 27.9326161938 27.5982293481 27.8274733044 27.5979289395 28.0654183863 28.0127581228 28.0977353958 27.6036504722 27.8473711861 27.9108345784 27.6608052184 27.9648029418 27.7060378321 27.7784532262 27.6336139289 27.9074500642 27.75400471
27.8805222972 27.5597200358 27.7147548438 27.6292141975 27.6584993172 28.194560784 28.182517967 28.0047884608 27.9622387462 28.0931912491 27.8802655279 27.7982014205 27.989668456 27.7198737517 27.5504956283 27.6673953313 27.5999224559 27.510185001 28.0434302763 27.6319092453 27.6945100865 27.5583978225 27.6879030874 27.5288619186 27.7817926734 27.6530160771 28.135693525 28.0783874922 27.7789366206 27.7063336412 27.504931248 27.9290970409 27.9308446991 27.6681106442 27.891046116 27.7992498169 27.7162280124 27.52253307 27.9098761295 27.8713242332 27.9032097469 27.5410646798 27.772458022 28.165426961 27.6388038489 27.5994876735 27.5534179796 27.9220714961 27.6929371207 27.8234523576 28.0747897944 27.8230961889 28.1344802546
27.5416937314 27.8908612166 28.0857895855 27.7647841571 27.9067033585 27.9480044061 28.1722541249 27.9107659932 27.6622449388 27.8342787527 28.0440976849 28.0331438683 27.6571942182 28.0922484113 27.7664757355 28.024835832 27.954331846 28.0067348593 27.5580977786 27.6981057215 28.2059881351 27.6988914215 27.5618664671 28.1598168719 27.7158643194 27.6899849891 27.9984107621 27.9565819168 27.8222021036 27.900209559 27.7188566943 27.6545165716 27.676410229 27.6844424435 28.0032369759 28.0692935752 27.7340548626 27.6903790899 28.104844249 28.0495245421 28.1313596307 27.5404192295 27.860385265 27.9498376899 27.9309770464 27.6313441015 27.7310488103 27.7544155558 27.955355423 27.6822114749 27.8986123196 27.9195564619 27.8887970436
27.9627562696 27.6536313652 27.5154235443 27.5395720608 28.0574874831 27.5596674851 27.9361267994 27.8746545902 27.5210193985 27.7356357502 28.1456677472 28.1302080875 28.0623779732 27.5735582164 27.8076318974 27.7643950146 27.5370205552 27.6933085526 27.7432965695 27.9885654982 28.1492801891 28.1740062644 27.6471838229 27.8006171548 28.0313138183 28.1072278284 28.0748466435 27.7422406386 27.9308588718 27.7244416118 28.1083067228 27.5268555603 28.2019487001 27.80414783 27.9182756752 27.8472777772 27.8194657338 28.0456059269 28.1714653722 28.0040214433 28.0008561163 27.7181787467 28.0381133685 27.6740994998 27.764953427 27.8091383765 28.1067599415 27.6601181457 27.6103662842 27.5395731441 28.1575040855 27.8611690833 28.0280410141
28.0945520364 27.9924221501 28.1017151984 28.1610780363 27.9777656653 27.784130297 27.8673169455 27.8179696867 28.1945858077 27.6888229817 27.6029434687 27.9974862732 28.0234584759 28.1218276542 27.9310196473 27.9824341772 27.6198211048 27.7830849993 27.6937113341 27.6710069938 27.5257316509 28.1834982783 27.7761210416 27.5774934533 28.0134533816 27.9631097386 27.6502583898 28.0684780399 27.8831382107 28.1231281059 27.7238134636 28.111477722 27.9149833871 28.1969872038 27.8264911297 27.7853468266 27.9927201241 28.1873897679 28.0981732898 27.9625174685 28.1509239158 28.1378040496 27.6737792104 28.1500506076 27.7766706939 27.8327633383 28.0207245412 27.6393938897 28.1292305427 27.6132701971 27.9248966615 28.0403538186 27.8826448752
28.0060379396 27.6814758331 27.8791181393 28.0781465561 28.0326895503 27.8184320109 27.8228648082 28.1596415373 27.7844733739 27.8757039417 28.051487516 27.9641862982 27.9072773229 27.5156220717 28.0064771887 27.5908943948 27.9223653241 27.8701997513 27.6380803641 28.1576378582 27.6216873367 27.8041842604 27.828461196 28.168799775 27.947648054 27.9046231685 27.7032386849 27.7026219894 28.0157882059 27.5745785608 28.1673205789 27.8050610779 27.9462316921 27.5465902295 27.6522991361 28.0119191378 28.0334342427 27.6761615829 27.5621217597 27.5509384835 27.8891054336 27.6554349767 27.5243476885 27.6559123405 27.857021165 27.7715789034 27.7620539485 27.8481110673 27.7737584583 27.8785225089 27.5675234756 27.989650162 27.6321636161
28.0654025189 28.1628488021 28.0422875058 27.8853600584 27.6199811957 27.635058066 27.9993081753 27.8164568442 28.0279956239 28.1322111534 27.7411410969 27.6043181236 27.6567103213 27.5514832328 27.5405817854 27.7153031217 27.7743839796 28.0360934473 28.0101155871 28.0620674339 27.7840781837 27.5477363351 27.6316706589 28.0384278201 27.55507792 28.1169330675 27.5642938293 27.6335719288 27.6853049076 27.5228954458 28.0680748602 27.6819779461 28.0888679069 28.1675690384 28.1758693167 27.6984178835 27.707959333 28.0576721886 28.1195728056 28.0389802646 27.5571005724 28.1145246469 27.5534954471 27.5886544825 27.9904114122 27.7429491458 28.0261774429 27.8619613184 28.1220985631 28.0680060512 27.8535692497 27.5011606593 28.0491221811
27.7542067644 27.6136230326 27.5473329203 28.1958966025 27.716238189 27.6774907634 28.1967376929 27.577247565 27.8288900191 27.743476054 27.7007467587 27.9126515134 27.5092390937 27.6540658584 28.1321230267 27.6910867541 27.6329608611 28.0780326082 27.6408854728 27.6470043491 27.5665562694 27.6910303828 27.7682720713 27.6778227378 27.9618248131 27.6410344436 27.75787797 27.8886697536 27.6947991635 27.6150430813 28.1343795545 27.806637408 27.7999351593 27.6889653483 27.7709911172 27.5153249752 28.0373695981 27.8905016433 27.5928578558 27.5357728511 27.7942847719 28.1082452602 28.1663948544 27.7927954499 27.6468893989 27.7032563002 28.0706160372 28.1364449168 27.5011420919 27.9445127746 27.9731723852 27.8521956074 27.5483298199
27.8757384874 28.1334726895 28.184113655 27.8669332296 28.0843283783 27.7898535215 27.7541855872 27.5959018949 28.0100417568 28.0522539297 28.0857902183 27.7880365028 28.0863809347 27.5873617729 27.9828613361 27.6695322492 28.0523167722 28.175849826 27.9493037754 27.5396044057 27.9480293801 27.902559215 27.8138710748 28.1424923166 27.6983392958 27.533484526 27.8259994248 27.6141004552 27.8638429306 27.826959983 27.9963536941 27.9373797194 28.0863830682 28.2036343228 27.9684733978 28.1670730307 27.810063997 27.7263978435 28.1897113272 27.9628074601 27.5378234514 27.789063804 27.7292465632 27.8713691208 27.8365229755 27.6130019274 27.9638179425 27.7900233587 28.1773931747 27.9469913338 27.9820420115 28.1089860293 27.6648037321
27.7534385804 27.5449362608 27.7946924775 27.6063083118 28.1314553837 27.5981501497 27.7619322481 27.6990397499 28.1583306356 27.7323553721 28.1171504421 27.5608047691 28.038085839 27.9642304238 27.6289657447 27.6870135758 28.2035547602 27.6493735365 27.6313157723 27.6254049852 27.7604745135 27.755929858 27.6407172617 27.8725879686 27.9734019462 27.9710962692 28.1365317014 27.7154355867 27.5026333592 28.1415929868 27.6509328424 28.083912535 28.0858683921 28.1236697645 27.9552894064 27.7096512651 27.5859700837 27.5078360947 27.7838573863 27.7338538922 27.715963889 27.9800091934 27.9674084526 27.814413665 27.6621198748 27.9747903003 27.5150612762 27.7067616939 27.8790848264 28.1019206468 28.0698740409 27.7180711611 27.8386122098
27.9503633047 28.0281992379 27.8455837594 27.6473085208 27.8714497932 27.5770116248 27.8870787903 28.106557897 28.0398858141 27.7564816916 27.8704157664 27.8896478142 27.5996076981 28.0379332687 28.1351578586 27.5594736742 27.9520482825 27.8593902861 28.1367736422 27.9593191203 27.8827513373 27.7027493753 27.7643975451 27.5996033176 27.6552147358 28.0028257425 27.8168679469 28.140146012 28.0097801069 27.7487066384 28.0593399642 27.5343684751 28.0869223642 27.7251972576 27.646348638 27.6902796017 27.7637211544 28.20130307 27.5850799325 27.7731398614 27.8040429542 27.7154819142 27.5196707261 27.855298613 27.8972279616 27.6006686442 27.9638598132 27.7498622932 28.111025876 28.1198961678 27.9933032938 28.142217992 27.5952365664
27.6018335495 28.1026454935 27.8572695605 27.5661998909 27.7588007567 27.6284098397 27.7994200797 27.9772240147 28.0829586829 27.9024494315 27.8666140538 28.0350473469 27.8074992987 27.5112323122 28.0104556476 27.9152343836 27.8701139234 28.0096569782 27.8738935577 27.5196408668 28.111282082 27.9997938692 27.6574694539 28.0737740959 27.7305586653 28.0897632311 28.1711112619 28.01940635 27.7721157547 28.1495708041 27.9158390044 28.0986214604 27.839644942 27.7632946311 28.1794662498 27.8315736987 27.5375805984 27.9980474636 27.7655855014 27.8258552925 27.5709255132 27.6131851054 27.5150187057 27.5500544093 27.7035196148 27.5539028204 28.2016000353 27.558415447 27.8275361716 27.9800178962 28.204970368 28.0584696245 28.1398640643
27.8358649378 28.0280345049 27.6490161764 28.0906929777 27.5923525472 27.9741056596 28.0721833644 27.6812389435 28.1625020627 27.8653796386 27.5083484137 27.9456807104 28.0419105935 27.6781368206 27.8752726446 27.6633255258 27.5746414627 27.6081276778 27.7393002881 27.9001006004 27.733491061 27.522150447 27.679456222 27.9686607904 27.6046582502 27.9754220731 27.7639413863 27.5589250279 27.5742723843 27.9479378051 27.7227447557 27.8130466268 27.7994772581 27.8985072494 28.1641768502 28.1989384954 27.890922971 28.0984072693 27.7061058847 28.0367676573 27.5207664901 27.8079775964 27.7036934795 28.1330784034 28.1151925379 28.169689453 28.1352113929 27.5522294764 27.9642872326 27.9170987714 27.572910194 27.6154452497 27.9199037038
28.1111294361 27.7764035645 27.6377770548 27.7996691622 27.9875535483 28.1911848369 27.7963709518 28.1843606629 27.842314664 27.6257390085 27.7683397494 27.7782274354 27.6266696129 27.7301942445 27.7009532358 27.8345226138 27.5013289666 27.8858257339 27.6557349316 27.9383865429 27.6430091247 28.117312351 27.7558548821 27.9933640013 27.896640061 28.183136638 27.6648108695 27.5822765942 27.5089815703 27.6121533729 28.0736484809 27.6382562615 27.6072408342 27.5013140683 27.628785116 27.9478474336 27.8818711699 27.7513045462 28.0291153031 28.0933159926 27.964236359 27.5262526267 27.6955572221 27.7984841527 27.5332985652 27.5212810616 28.0040823861 27.5730561189 27.8570100547 27.6826590479 28.1492854123 27.5790163196 27.969866132
28.1616196858 27.7318970637 27.9728648712 28.1011063973 27.8770801294 27.7285617067 27.8491845478 27.7214068633 27.7591222582 27.6354907693 27.8188767648 28.0259053481 28.0710078858 27.5093630925 27.6649286711 27.5403116361 27.6401351873 28.0990457399 27.7890378596 27.8612245496 27.9297302784 27.6367749352 27.6954257563 28.0509275877 27.7225345566 27.640219835 27.8941684367 27.6787720822 27.9866977809 27.6421196779 27.6757650442 27.9968720762 27.8535830076 27.6903466193 28.1853981779 28.1440248041 28.1945230046 28.002052128 27.5394731642 27.7580111313 28.2042941584 27.9803237282 27.6539616342 28.1638244136 28.204715067 27.698259801 28.0036973671 27.8540758226 28.1806619658 27.6410443072 27.5470356704 28.1883574093 27.6389768257
27.9583898286 27.9936894216 27.8317123104 27.8061457754 27.8838392115 27.7869279498 28.0209139969 27.7032170092 27.9118958045 27.5501451039 27.9989639447 27.854416565 27.5672524251 27.5502599552 28.1060619303 28.1639918629 27.6851438533 27.6038321413 27.6788643189 27.8972836843 27.696779877 27.8632470221 28.1441684573 27.8972040524 27.5152456938 27.5167591415 27.9367659536 27.986234273 28.0086586272 27.8709168174 27.8557972828 27.5064252824 28.0636590277 28.2049465742 27.6731458913 28.1410534782 27.6319809527 27.8569854283 28.1593380862 28.0593710131 27.6626565652 27.9516646587 27.5128344041 27.6867601255 27.5234320578 27.7108437083 27.8451529251 28.1338877392 27.966782075 27.544126057 27.8383773679 27.6811841201 27.7912520668
28.1839065487 27.912371363 27.5917926395 27.8406446219 27.8274515969 27.8112388998 27.6251352369 27.8809313578 28.0372764151 27.5331933464 27.7972762137 27.5289858951 27.947039642 28.1834781219 27.5884676849 28.2002950825 28.0061987292 27.8292371518 27.5272099984 28.1220496272 27.5789888524 27.6416705862 27.9909400415 28.0097815328 27.5023092768 27.5032660552 28.0224223097 27.5952644619 27.9882497457 27.7746439999 27.7770965834 27.6369116355 27.9066386149 27.5145049015 27.5508772683 27.8077308334 27.5803115396 27.6691052489 27.583427416 27.9657217768 28.1833001448 28.1769926073 28.011225618 27.9077930008 27.8965120813 27.7496478162 28.0081906179 27.9077601829 27.5681037032 27.8961208901 27.7528575855 27.6623217786 28.1519606249
27.6248353572 28.0894013553 27.9766364368 28.1863158676 27.517105491 27.8742812575 27.6500166239 28.114676503 28.1840125784 27.7304874925 27.7700595084 27.9142027718 27.5476831542 28.0509740734 28.1303437773 27.6105053313 27.519202001 27.7296375855 27.8968272391 27.6269867959 27.6349584291 27.6545623199 28.1784251768 27.7169102323 27.5172950198 28.1803553404 27.7254124759 28.1228227597 27.6748481095 27.6085177971 27.8121486666 28.0752783903 27.9087080376 27.862854335 28.1793058205 27.930220157 27.5260576292 28.0258810952 27.7977056823 27.9071470852 27.930722553 27.9443384182 27.7652010704 27.673072189 27.9323882725 27.9572057522 27.56790534 28.1310681965 28.0817713632 28.073578089 27.698545054 27.8343955155 27.8610181075
28.2034108109 27.8642719169 27.7728647948 27.9542081589 27.7922307226 28.0430136122 28.0232811146 28.0829428677 27.7161391237 27.8794823042 27.651846311 28.1398277026 27.6364752653 27.7742687715 27.8676931953 28.0695430705 27.8954037624 28.0030163849 28.0569033716 27.9972410202 27.9331576692 28.0675706554 28.0491416607 27.9234136385 27.8443530166 27.9330616459 27.9956613623 27.6593554502 27.8010662943 28.1172057976 28.129547513 27.93230073 27.5237846893 27.5408522031 27.7963357106 27.8207044067 27.7110256162 28.0299158431 27.5730657935 27.9654639078 28.1232598633 27.8206032903 28.060903208 28.0123825167 27.718547535 27.8829706899 27.8927390275 28.1755110289 28.1952859465 27.5540499018 28.0803173479 27.5245950446 27.5191811249
27.7914490769 27.9383959283 28.1497403636 27.8109774282 28.0542938189 27.9866938952 27.6932326182 28.1182676417 27.6607851425 27.5296112482 28.1310128628 27.6865534013 27.939508037 28.0904110561 27.943309556 28.0116307453 27.94678474 27.9765460116 27.8308099201 28.0850121046 27.7715258582 27.5249812263 27.8361008924 28.0882921794 27.6673045984 27.7631270927 27.9224814955 27.8694793673 27.7634182588 27.9531971187 27.5629251638 27.7541949061 27.6936989454 27.7341499451 28.0532696909 27.7785083477 27.7012507813 27.6897153428 27.8768400328 27.6306435624 28.0069254673 28.1973863488 28.1354982826 28.132938003 28.1170138406 27.5625688214 27.7517397509 28.1693472474 27.5271036856 27.7500031865 28.0927546214 28.0086739045 27.5464940926
27.5611038178 27.7928695906 27.7433841773 27.8772349261 27.5865450453 27.5722019713 27.9080544162 27.684556404 27.7621474935 28.1908378067 27.9781414534 28.1163590491 28.0215152447 27.8412928974 27.8435448509 28.0218475695 27.7745028541 27.5492411314 27.6757621548 27.7494970922 27.958689062 28.0810011951 27.6726196439 27.8536732978 27.8555149888 27.8352575293 27.7958313635 27.8096202439 27.8663540982 28.0841485494 28.1747650911 27.648482725 28.0178678174 27.5129659404 27.6617191595 27.5596794635 27.8789350888 27.9405228391 28.1735523673 28.0443084064 27.7547185598 28.0046298289 27.7297802478 27.6204103626 28.1991703962 27.6465725581 27.6373774877 27.9816635689 27.9576408594 27.8050368176 28.107732097 27.5442656742 28.0363918747
27.7982273334 27.6670984933 27.9898983092 27.8195089244 27.8253207512 27.9939894813 27.7740686767 27.8836027198 27.6699663344 27.9201397487 27.6220262124 28.1286136915 28.0811071451 27.5761391939 27.5267232125 28.0082609495 27.6535197459 28.0540154144 27.5336756496 27.8864357388 28.0854550676 27.8604514192 27.6023961563 28.0948618652 27.6215451569 27.6981689011 27.760214647 27.627664714 28.0444609406 27.5366848292 28.1891706522 27.6830966969 28.1699985679 27.616046308 27.8623753094 27.9866406474 28.2040708925 28.0599562884 27.9358055031 27.891742584 28.0054369499 28.0150636756 28.1591184858 27.8162411925 27.8969484534 27.8488625141 28.0371538645 27.5457920101 28.0336021084 27.6693646243 27.6596692537 27.7247141944 27.6165219545
28.08376726 27.9255979734 28.1651208523 27.6189023997 28.0510469848 27.6953744955 27.6965218713 27.7526986301 27.5840238422 27.7443304897 27.6677512138 27.6647110182 27.7740032017 27.8339299376 27.5993605859 27.8618246249 27.9278401354 27.7949452759 27.6337353877 27.5944028608 27.8032724936 27.8375200517 28.0166441845 27.7202312565 27.5356460222 28.095963982 27.5673108762 28.0565504344 27.6602440039 28.1472142984 27.6520131984 27.904501496 27.8967737211 27.9594055724 28.0761607952 27.8623192881 28.1828998431 27.7921447558 27.7804696028 27.9949378829 27.5676391571 28.1785664363 27.5431403829 27.6697494065 27.7175034158 27.5835704977 27.9964417723 27.5548039459 27.7218549027 28.1197925022 27.6301184248 28.1065872818 27.5814569469
