Spatial_Output/90% DEC/90DEC_0449.asc
NCOLS 155
NROWS 192
XLLCORNER 196769.923733
YLLCORNER 449719.875193
CELLSIZE 27.603701
NODATA_VALUE NaN
[rows 69 to 91 of 192, columns 0 to 52 of 155]
30.7551182982 30.9716106078 30.9159513968 30.590672016 31.1677090867 30.9697653556 31.1896954538 31.138018328 30.6934682684 31.1112963645 30.9281093513 31.1089113432 30.8976708141 31.0777560418 30.991230852 30.9875312639 31.2019076795 30.6253743813 30.836908784 31.1742028845 31.1114748596 30.7216877799 31.0525828779 30.556869585 30.5392763649 30.786650721 31.1485991932 30.5173539895 30.687775039 30.9675824554 30.5329549337 31.1418223916 30.9118115756 30.8122705822 31.0170453308 30.9232718661 30.8893182799 31.0118755747 30.7786361755 30.6871627122 31.0896577871 30.6613663735 30.7245312301 30.6476933274 31.1551654057 31.0924923794 30.6109375176 30.6539346149 30.6742452434 30.8705268727 30.8463304183 31.2025723768 31.1294368234
30.5283589058 30.5083039541 30.9851838271 30.7145011532 31.1818555143 30.5710506075 30.7962504771 31.0490735747 30.9959330517 30.8088230578 30.8163290058 30.9751202139 30.9773568215 30.821981372 30.8855882455 31.0689667808 31.0378062807 30.8808987039 31.1069670265 30.9769156933 31.1693564075 30.606776414 30.9742044259 30.5583753456 30.6222836461 30.9071288164 30.7034785923 31.1152457911 31.0607700213 30.9849763132 30.5534008113 30.7921234037 31.0732231881 31.1725469565 30.963923466 30.8342225853 31.1530819188 30.6765007954 31.1304105011 30.5352549335 30.8589306823 31.027943451 30.8318735051 30.5084189284 31.1732816329 30.9354007274 31.0314898063 31.2052914892 31.0269131497 30.7484432405 30.5530736053 30.6844462295 30.7596415684
30.6670908885 31.1683996882 30.689709486 30.7475310961 30.5174705416 30.8040042703 30.6003046591 30.8131601295 30.5151730091 30.6652539965 30.8513150521 31.1719097884 31.1194426468 30.645988312 30.5231919381 31.0044640864 30.637220552 30.6018062364 31.0934873729 30.7728944002 30.6272834076 30.9173273923 30.6584935605 30.9935319197 30.8145492135 30.5264499386 30.9858690595 30.7100399652 30.9257456205 30.9706172962 30.5141800684 30.6032673003 30.9944093676 30.7687650628 30.5566552194 31.0194568507 30.9649005177 30.6890294334 30.8575098619 30.9784183165 31.188158466 30.9817269181 30.857314786 30.5465528833 30.7773890033 31.1723956339 30.5103494879 30.9871390763 31.0086574057 31.0886899752 30.6851794333 31.1149306318 31.0191583705
30.9405774076 30.642373533 30.9967671392 30.642425819 31.1721436417 30.6743862796 30.8565738893 31.0783591814 30.8667443271 30.6515485071 31.1906971002 30.6350605527 31.2019257353 31.0124690082 30.7676462406 30.7834391826 31.0617927026 31.0114954634 30.8212275411 30.8061452937 30.7194572269 31.0506432981 31.0883848083 31.067926341 30.8745616092 30.5055889636 30.6257745106 31.1101551431 31.1320271677 31.0545308856 31.1095106241 30.9373500434 31.0304467366 30.6588096956 30.7242286764 31.0887395983 30.6397443411 31.1486932756 30.9543332252 30.6508061879 31.1174919533 31.0354494681 30.7273884848 31.0843598914 30.6569953523 30.5496634794 30.7322992062 30.8881867778 30.7229979339 31.0260539149 31.0675316162 30.6429138269 31.0845196628
30.7409091347 30.8039019453 30.7640513532 30.8066501245 30.8137507026 31.0385451139 31.2047891626 31.1794962462 30.5983162902 30.5157572301 30.8024360298 30.530920136 30.9181583082 30.9446765226 31.1885504861 30.7397854222 30.5762400387 31.0719344133 30.9691694618 30.5215010531 30.744611841 30.6593573711 30.5972618412 31.0060087327 31.0935351539 30.9986208934 30.878870537 30.5604093022 30.9662838049 31.1825250208 30.6333566423 30.7025751462 31.0474465514 31.0404892841 30.7499483022 30.6242493635 31.193898835 30.67226545 31.1787773152 30.9340084108 30.7295881435 30.8476279925 31.0643885912 30.8865469671 30.5940982809 30.623004514 31.0368521348 31.1771637625 30.7389029148 30.5939081264 31.0405409483 30.6939556015 30.5029426875
30.7829086655 31.1772947107 30.7756008518 31.1943129881 31.0203469197 30.701497966 30.7436396288 31.029293142 30.961702325 31.1356686414 30.747843528 31.1368396418 31.1537525727 31.0245361178 30.526884885 31.2005284676 31.1707113385 30.5793151596 30.8715299742 30.6385724607 30.8590561876 30.7653307665 30.5088372604 30.6848837519 30.5008036365 30.5645555919 30.9070684969 30.8668206643 30.9699632241 31.1775043265 30.7454837625 30.9964850642 31.0791004913 30.6953482078 30.6753366957 30.799366146 30.7225120548 30.6983574916 30.8391249573 31.0712118261 30.8310570857 30.6252103321 31.1437478116 30.8155158367 30.6457538004 30.6316058292 30.6645143515 30.7216081956 30.5523612291 31.1368343795 31.1789928792 31.1384698734 31.007980322
31.1916833384 30.5628715781 30.7174501905 30.7350313014 31.1625667649 30.7868908987 30.8439323069 30.6134885781 30.5928557221 30.5465140363 31.0827839573 30.9374031165 31.1030903158 30.5974097041 30.7019355595 30.6246551943 30.8376328784 30.9639149379 31.0219851397 30.7672585082 30.9882491071 30.5251206153 31.1854737333 30.589927301 31.0491876442 30.6151741735 30.7521969719 30.8990546194 30.5978847368 30.6279623444 30.6849638214 31.0647553457 31.0525464595 30.5195740693 30.7154427736 30.6675933824 30.7455484356 30.709292533 30.7843870284 31.0397232743 31.0590757539 31.1795373569 30.503789692 30.6892109246 30.5186033308 30.9004722252 30.9131552921 30.514869356 30.7167916381 30.7497637999 31.1893619688 31.1765878975 31.0764695763
30.6010835089 31.0597306579 31.0132016366 31.0789185863 31.0804048361 30.8096966589 30.9497800713 30.6146434433 30.5423886338 30.6939541379 30.8790656981 30.9634964001 31.0247954079 30.6555938539 31.1447520603 30.8098650577 30.5326445993 31.1187325804 31.1191615617 30.9695485079 31.1229555443 30.5045462634 30.6456530033 30.6835062465 30.7713290898 30.87514274 31.0209366252 31.1319137498 31.1464313344 30.7339242937 30.5114076271 30.9606386698 30.7870870552 31.0660978129 30.7917034204 30.888558528 30.7792769534 31.1552844609 30.9519685617 31.0865071052 30.9540448846 31.0537218815 30.5842772236 30.7280718311 31.171015956 30.7569176648 30.7051560905 30.5167850031 30.8366366994 30.6252914361 30.8585825778 31.0413981512 30.9308355826
30.8672450576 30.6333344494 31.0782724708 30.6907683836 31.1849835488 31.1713890213 30.5283888939 30.7404427428 30.612106599 30.89486477 30.6646098371 30.910023365 30.8872495781 31.0391474185 30.6124330202 30.9152179185 30.6158634952 30.680191281 31.1617387436 30.877302325 30.9834416793 30.5027502702 30.6713440022 31.0834967749 31.0877153056 31.0068045708 30.9000237398 30.533986337 31.1126410701 30.5320266384 30.6236246173 31.1282365135 30.519816363 30.8053764756 30.7666650654 30.8307176579 30.5896797864 31.0870637648 30.5774104393 31.1791863587 30.7655846793 31.1142993928 31.161112671 30.7200036254 30.8790069799 31.0576310831 30.8430386713 30.9855808136 31.0796302265 30.721296524 30.8543177926 30.908168122 30.6179040838
30.7826910365 30.7867258893 31.1581189913 30.8006361629 31.0649179978 30.9094576142 30.8274521063 30.8305503917 31.0202855305 31.0595856893 30.736565309 30.9513407081 30.7999729785 30.8542729258 30.7151418349 30.79965767 31.1643759531 30.7227559011 30.500832964 30.5768082636 30.6150611349 30.6100961465 30.6807288656 30.5550476138 30.7748469847 30.7708533209 30.9179886118 31.0879642845 31.2031287186 30.5557566645 30.5165517999 30.5341243091 30.5517493715 31.1336796471 30.9988458502 30.5690328474 30.6242671885 30.5908816098 30.6425801188 30.9344163539 31.002185256 30.9580464461 30.7419311535 31.0308350124 31.1033368656 31.0979036912 30.8171170895 30.8334442135 31.0928164261 31.0921331961 30.5690736205 30.6109461359 31.0602711199
30.9666702886 30.7299456517 30.8391314376 31.0948716322 31.064586757 30.5725978709 30.6642811235 30.7867609015 30.5166472126 31.149519273 30.7303010653 30.5400509356 30.8353895015 30.8764865793 30.9684419853 30.9937346259 30.7555663624 30.5264142414 30.5246990561 30.7361338097 30.7452111725 30.893152049 30.6230134609 30.5565791983 31.1548204441 31.1125708597 30.5140604177 30.9316202555 30.5210340511 30.7160533328 31.0330038593 30.7527234232 30.557010862 30.9426175168 31.0914763445 30.5050104519 31.0960557017 30.7822293102 30.7628341784 31.206810749 31.1106423515 30.7443572111 31.0014416234 31.0238006833 30.5234001435 30.6590841753 31.1137812753 30.7171868863 31.0089540483 30.8571176392 30.6609859147 30.7068199093 30.5210889586
30.5909008864 30.8696490074 31.1435821526 31.0872609714 31.1507692756 30.9783881611 30.5114767424 31.0306356264 30.901822007 31.0704753786 30.7506281023 30.9310414516 30.6176277239 30.5921117344 30.7879756223 30.6423176288 30.9777199523 30.7885532835 30.9730263688 30.9431465674 31.0920379977 30.7864381449 31.0411489689 30.609529465 30.9513658281 31.0041767762 30.8487889015 30.9150660188 31.0011044092 31.0702651605 31.1793057696 30.5849699458 30.8141946281 30.8198968841 30.7172421752 30.5123886444 31.0023893463 30.7999765776 30.5872059048 30.6319743763 30.5025691599 30.7225690842 30.5054354222 30.8217424943 30.7793144978 30.8306115865 31.0295280373 30.8651403192 30.804632172 30.8052216534 30.5915284233 30.5950449909 30.5167290069
30.8206786597 31.1195921467 30.6710913877 31.0992756193 30.9067714085 30.577170153 30.9903865156 30.8497518435 30.8946487776 30.7581062983 31.1399228553 30.9467911194 30.6191767575 31.0119416117 30.6081209561 31.0050733292 30.7615345341 30.8072779474 30.5698952179 30.6474383688 30.7383910559 30.6953581414 30.7485029793 31.0820421764 30.5453441435 31.1754334046 30.802887231 30.9891451084 30.673218078 30.5418247642 30.5796156362 30.6970414546 30.9062999547 30.5386861048 31.1069175983 31.1684087313 30.5638227448 30.7656195684 30.8025860134 30.9705950178 30.9792026903 30.9893364213 31.2011352694 30.6189832921 30.5319316653 31.118354815 30.5303431512 31.0791541716 30.5218357036 30.5339862785 30.5955045106 30.8286851238 30.668386661
31.0567789613 31.1891665171 31.0468116942 30.5157102655 30.6260023811 31.1797922132 30.7964439957 30.8884876745 30.9396657244 31.0900797111 31.0826490309 31.1011777791 30.6990453509 30.7518891493 31.0126820898 31.0837578396 30.6127528006 30.5795102896 30.5048581572 31.082445092 30.69146707 31.0470425147 31.1237909961 31.0615697797 30.5031210275 30.9704741569 31.1234475754 31.1347890784 30.7706984946 31.1932989388 30.7170584511 30.8694631766 30.7223756182 30.6780926859 30.6835346273 30.9595956173 31.0868973271 30.7454831833 31.0692421145 30.9430991066 30.8898992707 30.6612663235 31.0343225608 31.0967408005 30.7914714393 30.7945152179 31.0431256112 30.6591348532 30.8332768874 30.8662836066 31.0679687947 30.9089330293 30.7920729686
0 30.653230918 30.7047864025 30.9521079816 31.0124849493 30.7674644312 31.0474611316 31.1134076622 30.7832134386 30.5506995432 30.8067440241 31.0644449806 31.048693702 30.7643619137 31.0868105743 30.648589194 31.1531864282 30.5683024301 30.8478450748 30.8169208804 30.7602230363 30.6863069239 30.8560548409 30.9430156614 31.136191605 31.1339617873 30.9668208516 31.1664004009 31.1447274877 31.1323626725 31.1681062096 30.8847309085 30.9664994645 30.846954169 31.1714843248 30.9372235135 31.0421421089 30.739547495 31.0477129458 31.1328462285 30.5992661753 30.8576640151 30.8579806657 31.1954301819 30.8233578735 30.5448424219 31.1657760575 30.8599632208 30.8412744621 31.1333125332 30.8261801904 30.8947201797 30.9850267794
0 30.8106035687 30.9141649044 30.7718939074 30.5318189826 30.9447900724 31.1095929541 30.8726790897 31.146156577 30.7011597481 30.5130765315 30.6528013884 31.0100355998 31.0980866486 31.1041115906 31.1428758091 31.0256925658 30.70928581 30.5056269353 30.8309454631 31.0968895807 30.6748023813 30.7192477151 30.8160640451 30.6900079259 30.8873433617 31.1281223103 31.0603972768 30.5406857326 31.0486255403 30.5807731229 30.8259463215 30.7262257964 30.8674692224 30.9702433256 30.5289482899 30.7365468764 30.5832574003 31.0204741383 31.1370834038 30.9346468596 30.8127412782 30.9674608688 30.5831818367 31.0868960638 30.5991989445 30.8618630478 30.9616478252 31.0982939934 31.168272063 30.8153217613 30.6322544676 30.7016313245
0 30.9883730569 30.7670192717 30.7390583258 30.6503271239 30.9352562937 30.6436313925 30.5742162316 31.1007066199 30.7484832796 30.998582021 30.5059700702 30.653074657 30.6402342423 30.5998776763 30.7838528842 30.779177126 31.1260163401 30.8992675755 30.7194894121 30.682948729 31.0579065874 30.7118435229 30.8919122471 31.1927910568 30.5552194813 30.532624896 30.6726080035 31.125605446 30.9788884497 30.5344736182 30.6140406297 31.0970342706 30.9376196278 30.6697723911 30.8393482033 31.1701415608 31.0120867958 30.8331238848 31.0606767732 30.6928751473 30.9893154003 31.135218439 31.1193201657 30.7457551672 31.0288149909 31.0671321256 30.5992009516 30.795727713 30.5038670435 30.7442467813 30.5804181394 30.5389142345
0 0 30.768601936 30.917479052 31.1663043873 30.5364227242 30.8366243385 30.6516599759 30.6951484297 30.6786616392 30.9977871023 30.8560320028 30.9388688539 30.6118589764 30.8311792231 30.6833590825 30.8261316914 31.1652506539 30.9537064004 30.9338203016 30.7555468553 30.5893250991 30.9279068563 31.0415492163 30.6472930842 31.0060899992 30.6578919353 30.8800612727 30.633900807 30.8881676488 31.1361067192 30.5599323494 30.8162378612 30.8776787695 30.6254028972 30.6060664802 30.6771889919 31.0373170983 30.8249353013 30.5384875129 30.6506571461 31.053337164 30.837795967 30.7993063145 30.8270964021 30.910001616 30.6039465515 30.553622917 30.9451052355 31.0532244386 30.8872539282 31.0412324778 30.60804689
0 0 0 30.5456264852 31.0231798386 30.5180535041 31.0881055564 31.09787887 30.9306499506 30.5790868069 30.6088964053 30.8072221269 30.9675954411 31.1869156747 30.8698635425 30.9125885191 30.7936168365 30.713207729 31.0281774849 31.1908327714 30.6679719521 31.1376752245 31.0086655139 30.9691297033 30.9103536299 30.5189288494 30.9353012641 30.9472005075 31.1535264135 30.8834680186 30.6451126127 30.6321278211 31.0381411331 30.6836219963 30.9972405486 30.9915352033 31.0188020233 30.8750640472 30.6062339137 31.1664353757 30.5967659915 30.7934345889 31.1731529707 30.6563411009 31.0401722366 30.7680659623 30.6557376912 30.8352485507 30.7458131783 30.9005232976 30.7930508059 30.9423444039 30.9389911297
46.1350186497 49.6094089106 44.0798812439 0 0 31.1557809711 30.8825103423 30.5482794338 30.7143697689 31.1848739756 31.0070445369 31.0492550439 30.8361153943 31.0820723804 30.7100745628 31.1540909773 30.8525836522 30.7512136189 31.1304096879 30.6962822548 30.7039522274 30.9476238343 31.202948499 31.1115173894 30.915118638 30.8017192376 30.5348338469 30.6891557437 30.5014410757 31.057526072 30.6038485797 31.187162463 30.7481105095 30.6160752848 31.1765878972 31.0239366595 30.7852583863 31.0305177946 30.8254961267 30.6993183416 30.6938986463 30.5045240225 30.5053723518 30.7342281615 31.0462056418 31.1636137594 30.5177044159 30.8415690894 30.5304792038 30.5086430458 30.6339562992 30.5799430989 31.1352917378
53.7315150254 44.5010466097 51.3564335163 0 0 0 31.1611358122 30.8596644046 30.5867487692 30.91836406 31.1180784296 30.5028902474 31.1734539636 30.7489879176 30.5180338746 30.871956052 30.7171269147 30.6622674592 30.6723285695 30.8932805534 30.6384583071 30.6303346493 31.1185663008 30.5350983041 30.6415765054 31.1605300025 31.1228315131 30.7839519002 30.6492095833 30.501156819 31.0819485021 30.6548497322 31.0163374223 30.8529408327 30.9353983434 30.8070233838 31.192132252 30.5950364861 30.7259575522 30.7376640553 30.6223415934 31.1641980417 30.6272204184 31.0326358828 30.906991439 30.9282283762 30.9758386389 30.6670275115 31.1237092049 31.0666926729 30.6530776621 31.1683910067 30.5110416424
50.7355443456 50.0023650225 53.376192382 0 0 0 30.5193129229 30.8871751221 31.1200412551 30.8002671671 30.6833129927 30.9528225783 31.1306299665 30.6269777812 30.5893647313 30.6328097746 31.0233914145 30.8284201887 30.6937999404 31.0589602338 30.9427430982 30.7851508279 30.7994733779 31.0938659796 30.7440417398 30.9027191064 31.1615895831 30.6621244767 30.7236060448 31.0189514182 30.9842070918 30.8867728877 31.0537490649 30.9056760764 30.6415776368 30.7581412455 30.7692070361 31.0977829036 30.7901076512 31.0457583057 30.9701869598 30.5334017882 31.133297649 30.882230347 31.1548032944 31.0363328862 30.6836214044 30.8753300839 30.8523400006 30.7187136761 31.0479346227 30.6873078604 30.817594284
0 0 0 0 0 0 30.8845753721 30.6941447249 30.8447523404 30.8093703466 31.031461481 30.8274450091 30.902652548 30.8542839667 30.575169098 30.7034250786 30.5940327787 30.9367444355 30.622783656 30.675673876 31.1716163061 31.1743556557 30.9012047208 30.8378392169 30.6201179462 31.0426845761 30.8799455645 30.8495826886 31.1485096682 30.9251567645 30.8493320184 30.6359099986 31.0065177315 30.7124878029 30.9412206952 31.0471711186 31.0130507628 31.0048403705 30.577131672 30.6841869216 31.1083298434 30.6925288179 30.7994944094 30.9053041727 30.8388309198 30.9075983085 30.5599266704 30.531669585 30.5742147792 30.8978691167 30.6022407148 30.6960545956 30.7459607425
