Spatial_Output/90% DEC/90DEC_0360.asc
NCOLS 155
NROWS 192
XLLCORNER 196769.923733
YLLCORNER 449719.875193
CELLSIZE 27.603701
NODATA_VALUE NaN
[rows 115 to 137 of 192, columns 53 to 105 of 155]
37.1811530092 37.2085198683 37.0020845207 37.0978928266 36.5279559988 37.4089324845 36.6711480806 37.129135199 36.5774564959 36.5636678405 37.2202109911 36.1977472348 36.6410089658 37.4094001707 37.2061884341 36.099015269 36.9789708724 36.4706453938 36.539334302 36.1964809136 37.3476848979 36.1424424945 36.4503267146 37.3581108764 36.3740095368 36.1489097838 37.2590782867 36.4505869244 36.8172811852 36.1978587752 36.6779660093 36.6309054313 36.8271807721 36.9640408797 36.3084749336 36.592221947 36.4133345929 36.3560173505 36.2098542126 36.687429051 37.1702171034 36.336701456 36.7530860721 36.5495378885 37.0286316282 36.2662733566 36.9103815467 36.1768793461 36.6648035013 37.402258918 36.9617397088 37.0720273654 37.2343950479
36.4152235682 36.0656633091 36.3596163058 36.9665355082 37.3773750403 36.3650327247 37.3815690446 36.1399648681 37.3187243778 36.1165415866 36.0388178516 37.2610511624 36.3845645956 36.0165818085 36.2453632118 37.3580200133 36.5245524175 37.2726252864 36.3462976684 37.1409321362 37.0662401248 37.0518676135 36.0476987083 37.1701431631 36.1641414195 37.0763652103 36.3667695025 36.8282865439 36.6746244003 36.6270900357 36.5851972271 36.0781209475 36.1652402765 36.6087027149 37.0063063395 37.3940055339 37.3518463305 36.9918959185 36.5358951954 36.8602222974 36.4368929635 36.4337950187 37.3430332335 37.2687036596 36.1754484056 36.4997532504 36.9318752899 36.3384830989 36.3490918043 36.834246634 36.1090936759 36.9500642747 36.0144802087
36.6603312228 36.3673882343 36.7387293477 36.2744184362 37.248453191 36.9921884681 37.2909869784 36.0682836657 37.1896275731 37.0456302516 36.8159771259 37.3877931958 36.2055156075 36.2042958904 36.064912803 36.7508209324 36.2117630237 36.6234564464 36.401699452 36.0626909793 37.1827313928 37.2414976681 36.4409560243 36.4750343974 36.0159243399 36.1313441312 36.2897825507 37.3954683176 36.3551092682 37.1913797108 36.8623579534 37.0532007117 36.2269380796 36.152295413 36.8263999422 37.0973688723 36.2932643206 36.8205419906 37.1129927407 36.6435068226 37.1726184794 36.6562201048 37.2392724693 37.370028597 36.8509943296 37.0339024027 36.698776918 36.7589379402 36.4877911791 37.2542124799 36.2967660944 37.0251242624 36.7557366993
36.3436553688 36.2444525133 36.6539243869 36.6157793386 36.8082294085 36.8737694331 36.3625317367 36.0619994673 36.9163935435 37.1406703005 36.2208385745 36.6064593201 36.1035204015 36.3967077706 36.1548237631 36.845090016 36.7152160842 36.0697116956 36.895025259 36.8307920811 36.1724906339 36.9458884754 36.5123236334 36.3178292472 36.3635283702 36.4123408686 36.950553378 37.3757488219 36.0711962363 36.6794239878 37.0954941311 36.6230221549 37.2381770013 37.3887689306 37.1056622038 36.2636848445 37.105235494 36.5097555968 36.119272256 37.3962648785 36.9570037743 36.9633666235 36.1760549012 36.109162787 36.4018313242 36.2183074562 37.1463161537 36.3608899002 37.0489837881 36.2496684717 36.9983569774 36.9160934591 36.2568525317
36.5026103612 36.7142929441 36.3101941101 36.825955943 37.2995968652 36.9895182015 37.2686128825 36.4103698108 36.3444776494 36.1000799787 36.5707469529 36.7414686742 36.5252587152 37.1824614793 36.0770665134 36.2480861146 36.5235242524 36.2991853039 37.4053468726 36.5401848608 37.0630854331 37.0586531967 36.8964735301 36.7152712938 36.5815497692 36.2988854391 37.2292743222 36.0876699582 37.3872062557 37.0962794173 36.7733495205 36.3685340646 36.3759959902 36.2565270365 37.242442869 37.3800799768 37.2853271707 36.6600623507 36.8663092043 36.728085237 37.0067634987 37.1671484879 36.870438246 36.295276994 36.9621638238 36.5067810718 37.0992923814 36.7263851315 36.4901846393 36.9647973696 37.3912026089 36.1424953803 37.043313487
36.8055922668 36.8690716127 36.3074457714 37.3803400897 36.0518982155 37.4099722586 37.2507857875 36.8974971713 36.4317858637 36.0599727509 36.7600089725 36.1581383753 37.1452296466 36.3914681932 36.0770962876 36.5529038374 36.5617243205 36.036724516 37.0163679526 36.4481524991 36.9719990095 36.8834697286 36.9017198335 37.1766887306 36.2089375537 36.2948071189 37.1268377395 36.7962338353 37.1100952797 37.108525089 36.4941063484 36.4349949388 37.1624995217 36.1858512391 36.2249916009 37.3347546444 36.5686714664 36.2251164498 37.3490897986 37.3847620395 36.5395078132 36.1311785231 37.0615938434 37.2925134791 36.365332349 37.1971796319 36.3681682798 36.8122469581 36.2535702338 36.0533196262 36.5461192792 36.7735634955 37.1441038061
36.4754896246 36.0394797085 36.5231626393 36.9581584054 36.4019556413 36.7861841623 36.7618630233 36.5905640926 36.0400046802 37.2595177008 36.1401923817 36.1191133859 36.8703661651 36.3430920863 36.1506411766 36.3024307284 37.0174539634 36.6404756117 36.5497953192 36.6650074298 36.2809209127 37.1884504283 36.1775570476 36.9771052109 36.7785518337 36.3736046321 36.6295150291 37.3294423953 37.0312161131 36.1301776166 36.068519327 36.7198030561 36.4527374921 37.0351135909 37.3383978579 36.3173976029 36.7786454801 37.3479146263 37.3000044963 36.9253339376 36.2625665755 36.5442156585 37.3366567657 36.4072423443 36.6521557131 36.3771979965 36.7852993972 36.8174529838 37.0330866084 36.0818858868 37.195413662 36.9103845718 36.8611586479
36.786199369 36.006345455 36.6686923063 37.3257405073 36.2480332909 37.2226421858 36.1474374461 37.3484793543 37.3898403937 36.8608775577 36.2235318033 37.3571122756 36.074986866 36.8187042921 36.5578594365 36.1362278419 36.585967448 36.6446071673 36.8229200681 36.9210727075 36.8968178799 36.8937050075 36.2709106293 36.0268537969 36.3406842484 36.6539610691 36.6524522508 37.0473475735 36.2778123826 37.2135631587 36.2946011158 36.2404812335 36.8155130327 36.0812236012 36.6235524152 36.9427789204 36.5223550292 37.2734090938 37.0361510556 36.2121417609 36.529821104 36.0297595988 36.9748527578 36.10857097 37.1707149662 36.1009100956 36.4086821303 36.0221377291 37.058740255 37.2055305823 36.3067928121 36.7234368569 36.2781382242
36.1091913697 36.3918515124 36.0123606481 36.5525023733 37.1917759316 37.3893783459 36.4944689407 36.8737631222 36.0997225678 36.8742806473 36.0308578958 36.2668753692 36.0460397924 36.9102974013 36.9871878048 36.0057941766 36.3322903889 37.3125566639 36.0349639601 37.0651527248 36.6993985455 36.6533658065 36.4118290984 37.0428439851 37.0224845075 36.9108578267 37.2491431256 36.9702852919 36.4829608926 36.873097581 36.4705536755 36.6222128514 36.8513811349 36.0007360121 37.0565269785 36.742063094 36.0204745038 36.336649097 36.1243689261 36.4349778608 36.5769516688 37.2004090667 36.8385103786 37.1667323188 36.5885669438 37.1399939718 37.017616688 36.5742035001 36.2838396251 37.1327911224 36.9876520571 36.5461740415 36.6848088459
36.9355500076 36.1716650473 36.1594380729 36.76517917 37.0716716045 37.327412551 37.0979019076 36.6342579711 37.3796118044 36.7718557537 37.2775990732 37.0950285887 36.3026998804 36.2289670284 36.6357036191 37.0882024372 36.4418949607 36.7740702433 36.3167138564 36.689467798 37.0067934349 36.5317691536 36.1241945014 36.4858328553 36.8492915643 37.374334014 37.3578153998 36.8906871606 37.3743990619 36.1908650987 36.1606719242 36.4027030748 36.7230686569 36.779138346 36.7358637346 36.2157603361 36.7996235897 37.3084928509 37.2814879367 36.5740422346 36.1209113427 36.0835861619 36.2449783976 36.7026381513 37.2801648335 36.8567852386 37.370004404 36.6606533226 36.6208783828 37.1900902249 36.7338645731 36.8910916557 37.0145562176
36.0203714429 36.6748771232 37.0183764213 36.1249986948 36.7184937075 37.0163668897 36.8458089117 37.3433315038 36.4980744261 36.9443943159 36.7577545809 36.92849653 36.2146687823 36.5997508066 37.0633132394 37.0474539256 36.256584402 37.3465101745 36.6838529648 36.005236766 36.9142800416 36.0437090136 37.2568339265 36.9807241478 36.6573409169 36.1627760923 36.191036719 36.573388399 36.7471262366 36.1488056516 36.0595656679 37.3841390669 36.2326516622 36.8502396668 37.0920343154 36.8848172302 36.3785827887 36.532735447 36.155984016 37.1978764877 36.0545183218 36.0889055782 37.2850417575 36.7865529978 37.0586507041 37.2877910114 37.0651400825 36.0202745058 36.1640645491 36.9414771257 37.0866065266 36.9402202644 36.7715443322
36.6573044185 36.678131618 36.4770382231 36.0005335637 36.2270384238 36.8314638829 36.2627235559 37.1899791869 36.609866628 36.0085726618 36.6922476257 36.4143811272 36.9265268501 37.3621743932 37.0574504876 36.7622087092 36.6553575158 36.1444110016 36.8181592252 36.0190560955 36.315657959 36.8487950599 36.7213176837 36.3218335265 36.9045683892 36.9247267788 36.816981704 37.0265880735 36.3233708867 36.4411190188 36.6111220061 37.1639488237 37.3144262867 36.2504447436 36.8286105269 36.7905419339 36.5227507219 36.1723819157 36.1242066854 37.2328516076 37.266136707 36.0696234219 37.3540947438 36.2235368569 36.0429715962 36.9129500065 37.1103204058 37.1738433124 37.0909131792 37.3176950667 36.2240270861 37.0870971087 37.1272085002
37.3659812849 36.2655267367 37.0798188998 36.8416175498 36.6787021743 37.3075661888 37.2509842574 36.1404977099 36.4840424993 37.2577118736 37.0102444606 37.1229351244 37.2191714962 37.1179732735 36.6080444571 36.3895222751 37.3954175596 37.0739848654 36.5752415293 37.3248525282 36.0517887574 36.9406642533 37.0438280853 36.6340441755 36.7209078335 36.4499932589 36.8181163526 37.1235251843 36.7452869149 36.0082313194 36.9473947455 36.4002192813 37.1180924962 37.1165147211 36.0258027706 36.5793368614 36.7735270479 36.5764346708 36.976816582 36.4412624307 36.0000881581 36.1230922411 36.104920311 36.583337726 36.3655515847 36.8650609822 36.3580157065 37.1735403085 36.7716355574 36.6152755831 36.6820062245 36.1398563227 36.8553579464
36.9511000625 36.2589736236 36.7041409578 37.0647037336 36.1355873721 37.2007462393 37.3859231942 36.8194953553 36.0282918245 36.4802680695 37.1929103009 36.3759694274 37.3084281955 36.5453235207 37.247607575 37.0209423688 36.0427878419 36.1156925023 36.1305463762 36.25956515 36.4211811787 36.1656328011 36.7499633861 36.3029907293 37.1283708081 37.4091664573 36.0368092705 37.2788152522 36.7854730554 36.2243218723 36.2873122269 36.8615973451 36.0434632695 36.3949746025 37.0468136854 37.1797616056 37.146158515 37.0915114255 37.3495393068 36.5419638522 36.2943349947 36.4656958868 36.2035160319 36.2387105497 36.244150994 36.0487397469 36.3999265078 37.0438311167 36.8044828564 36.5321124853 36.8974766601 37.3783249773 36.4192216643
36.1274996552 37.2009271983 37.3899640539 36.7069721058 36.4913601924 37.3517301389 36.654169833 36.6412546916 37.1787119628 37.131498047 36.9103557061 36.3338439006 36.0666709444 36.5466221605 36.1263540674 36.8090883522 36.4371279598 37.1433908836 36.3890292467 36.9918114845 36.3980486059 36.9539862733 36.7004899709 36.4748348872 36.7241203504 37.2074633696 37.3577984707 36.9711537105 36.9698531136 37.2101553532 36.8084227758 36.6282474633 36.9941428298 36.4101498026 36.2795395889 36.2597179247 36.2012923102 37.3997305286 37.1619807237 36.6031610229 36.7100032029 36.177147665 36.3377722007 36.3107766963 36.1542866091 37.3421394216 36.287812482 36.5814297805 36.1363625356 36.6978146823 36.726752482 37.2797224982 37.0809288078
36.9815367768 37.3682031862 37.0521525159 36.9019519506 36.372760763 36.1798834388 36.8538033527 37.0739997489 36.2131813207 36.3069277045 37.0346685596 36.053604787 36.6814244896 36.8033908502 36.3685897171 36.1915583761 36.9737232718 36.8408700257 36.3725137904 36.3989999021 36.9717958669 36.3792288523 36.5741042932 37.3062313772 37.0690829677 37.097746652 36.5449739991 36.5744611301 36.984579281 36.0288258346 36.7139095362 36.4693246077 37.2523445829 36.8115103354 36.5865551798 36.8293339444 36.3094266404 36.1758811596 36.4729949047 36.3335066775 36.9821271219 37.0971570621 37.2268414495 37.2714249563 36.7628438077 37.091035785 37.3682527761 36.6229762331 36.6462770572 37.3372729569 37.4139692828 36.3942633196 37.1818876671
36.724740604 36.2297656615 36.8635855707 37.2662881714 36.473963486 36.4964739186 36.9854782689 36.1731464035 36.7632183047 37.0572509646 36.8513913961 37.2433347978 37.1148776795 37.0290475599 36.5056874003 37.3602262993 36.9315228467 36.6912294929 36.4271482803 36.612488125 37.1657819235 37.2264823244 36.8647834354 36.9118677566 36.9774877129 36.7954707887 36.6582502854 37.2969994642 36.1924869532 36.2448013864 36.1566617917 36.2462353005 37.283650366 36.758863799 36.5495799987 36.8692407859 36.00129459 36.6386103599 37.2262841718 37.1412248425 36.0202374116 36.7327011145 37.1190723459 36.6874338289 36.2512077102 37.1382388518 36.2154124339 36.6573452101 37.0071479513 36.5067294494 36.7955395858 36.95679761 36.6580304372
36.7749129626 37.1784970233 36.0654604056 36.6530034957 37.1002753352 37.1157822039 37.0645447901 36.720812297 36.3567927404 36.3713815746 36.1481897387 37.1778624692 36.050425438 36.8327724521 36.1688730958 37.00655664 37.0799007327 36.3958276954 36.4967794491 36.7760402967 36.9937596666 37.3837700957 37.2783714293 36.8912734154 36.9541610264 37.1579866921 37.0182845032 36.1590297884 36.4527549677 36.5637737816 36.8039473878 37.0113789386 36.8979508472 37.3163713978 37.3288703295 36.5093911983 36.1800603589 36.5374002559 36.350470515 36.8259921693 36.0846526933 36.3512835744 36.9792018549 37.0699001717 36.030708227 36.5595064139 37.2776722764 36.172827272 37.1210102781 36.1458927847 36.3157136338 36.0085309612 36.6721275027
36.5545470193 37.156136816 37.1794391244 36.4995633392 36.7483070468 36.5019514575 37.212518206 37.0174697556 36.6278541725 36.2731871998 36.1010253416 37.1021128018 36.1732485793 36.1265937519 36.999373581 36.6066743466 36.2389332608 37.4133685403 36.1151483104 36.7480359425 37.059538421 36.7518173246 37.2758099614 36.2064004512 36.881695621 36.1365012355 36.0129270017 37.1351146917 36.2771517681 36.1132578551 36.5091731581 36.8096282293 37.2326996143 36.9420223027 36.565285976 37.3197926582 36.7028734295 36.6220411086 37.3996696733 36.2350951686 37.0863795311 36.3755862332 36.8853664757 36.5908842429 37.2485440066 37.3734764313 36.0061537586 36.7661180826 36.7141415971 36.8992432425 36.3862104467 36.3162699863 36.6912897092
36.0105134922 36.9663117858 36.7284588431 37.0952286672 36.025241355 36.4288968168 36.3508912362 37.0050767898 36.9756878827 37.3909813293 37.2244108932 37.1382826219 36.7653484235 36.0433056671 37.2758971471 36.467343998 36.4098569231 36.6486692934 36.9025662239 36.6161450174 36.8198996621 37.0809611654 36.6418712895 37.0956416435 36.3298897882 37.3640127934 36.8283497128 36.8849067761 36.3603923427 36.2346737286 36.0475743282 37.1381249701 37.1859573726 36.1040835938 36.5472111832 37.0927704864 36.2215526046 36.4010630341 37.2437577313 36.013926069 36.0335591382 36.2385972622 36.9187633253 36.2843522363 36.05065385 37.0370788272 36.2673856096 37.1186769972 36.1326610028 36.5620413258 36.0091119171 37.1050688506 36.224624074
37.3379561268 36.9998789374 37.0251350873 37.1176307715 36.1401578325 36.948710631 37.3722879523 36.1909880859 36.6479833472 36.1882751961 37.087841443 36.9959407184 36.4631634586 36.4620729418 36.0468226122 36.2838403311 37.0610083706 37.0600567329 36.6656454765 36.0764274323 37.3992363079 37.3062892229 36.5052981599 37.1886856998 37.3187700735 37.2061555902 36.4860475379 36.9376003142 36.2719011683 37.0401566024 36.9560883636 36.0161324016 36.1521207426 36.7144291614 37.3968416631 37.3148460395 36.0115194434 36.2609161221 36.1318422101 36.2250856423 36.3612701576 36.3263947898 36.9174891445 37.1466357097 36.9252357727 36.1080218614 36.3913417025 36.1663559331 36.2686266206 36.9202308235 36.4799328681 37.3668134531 37.004100079
37.1994368515 37.3955071646 36.277554136 36.7391944483 37.2234892444 37.1680620957 37.0758625311 36.3738224252 36.287658869 37.2263615192 36.1743068472 36.0560216473 36.6798586839 36.8195076876 37.0219539768 36.0696989503 37.3701674119 36.5414482495 36.5352363741 37.4078316509 36.623505332 36.2054182494 36.3147358852 36.7149350901 37.2440460493 37.4138134395 37.1994915138 36.7247676023 36.5426169203 37.3672293149 36.9072785106 37.3823572086 36.9307982235 36.130654177 36.9689235662 37.0120535102 36.7915918007 36.9581383222 36.8762703804 37.150364038 36.2194860533 36.5203116271 36.8616118846 36.1094408572 36.067979495 37.2690863036 36.0877729792 37.4035566496 36.4285869403 36.8513556587 36.3354565339 36.8328235199 36.3554790767
36.6971209779 36.2480962211 37.2535524239 36.2821339803 36.5708444072 37.2468826929 36.2481296597 36.0024641563 36.8096280375 36.7929729091 36.9281383555 37.03198949 37.2795514447 37.1889345772 36.7885761191 36.1056196568 36.9097439268 36.1570584962 36.5361744025 36.7926930238 36.7706609626 37.1808307189 37.1959524063 36.3067146246 37.2325541439 36.8107585251 36.7967644985 36.2267436678 36.5434532516 37.1689535894 37.0706779329 36.0755462644 36.2575667922 37.1605064096 36.9959383981 36.9989139326 36.1580932419 36.5255875992 37.3086360072 36.2528695687 37.0859411937 36.1341283854 36.2559038242 37.1279879126 36.5101752047 36.3069893029 37.0244925606 37.2227997239 36.9026060215 36.8850277063 37.1928814657 36.5861622492 36.4609148394
