Spatial_Output/90% DEC/90DEC_0766.asc
NCOLS 155
NROWS 192
XLLCORNER 196769.923733
YLLCORNER 449719.875193
CELLSIZE 27.603701
NODATA_VALUE NaN
[rows 69 to 91 of 192, columns 0 to 52 of 155]
24.690131909 23.083158304 25.4957153717 23.3268628633 24.8267624264 26.3150387796 24.4714770403 23.059937737 23.0743710954 25.3975535663 25.5411649745 24.7843597225 25.7956384815 23.4339617082 26.7882493413 25.0119119407 26.1254768638 25.22846979 25.968760383 26.5998135942 24.4437344149 25.4844707849 26.6394367055 25.2692975909 23.1563641853 27.0453746057 24.0614090772 26.1134604655 24.0739975282 26.1524582205 23.5706440066 23.2003881455 24.8334432556 24.3213386806 26.2911057043 25.3915014844 25.1330648301 26.2147095304 25.7777473339 23.4916766739 23.8214435968 24.0309555756 24.6176067932 23.4419310759 24.8952472927 25.1861323302 25.8290162595 23.7595803675 24.1127834762 24.5226963617 25.4582176642 25.5000819939 24.9755778518
23.6818683835 26.3642582438 23.8268508928 26.7638169937 23.868314294 23.7803654141 23.3345276089 23.6391359503 25.2172570305 26.1859227657 23.5453836155 26.4825739031 26.1798271152 25.915082184 23.7763924959 25.5311157755 23.7043589841 26.4859067287 26.2835185508 25.1448020533 24.1180085793 24.4433187605 24.8428688912 27.094416252 24.5140978581 24.743409773 24.7700136509 25.4879151516 27.1917840372 26.2375423241 24.906580075 27.0230391163 26.6626573084 26.6856388808 23.1144943196 23.5872743497 25.2752693847 23.2525256431 24.653105852 23.2900828135 23.7398680699 23.828731876 26.9432902172 26.9878024457 26.6514952954 23.1939822566 24.2308144532 23.5862494585 23.6964651518 26.2596073064 27.0398899486 23.661400322 24.2525861425
25.0187800652 27.1076180842 25.8212826369 24.1465521311 24.0056236133 26.9742327602 25.7712812222 24.1775406351 23.1014872938 23.2120090574 24.7927796281 24.4461505748 24.4924562218 26.6318172674 23.751204573 26.3419797143 26.0924999814 24.2850426992 25.8797159113 25.5806761518 26.6837463503 26.0212089128 24.8702002568 23.8095252284 25.3594405931 25.7540899693 26.9671048673 25.1375916667 24.4068961 23.4317344232 25.9815863068 26.1010128295 25.7536970017 27.1183417114 26.6653273444 24.6302264037 23.4407178479 27.1531165023 23.1533994369 23.5137833784 25.4556486877 26.6845482077 24.2898829454 27.1944440262 25.7913264968 27.2318310015 27.2023681532 23.401247944 24.7231606573 26.3917716187 25.132238121 26.7402046044 23.9850930175
23.648692543 24.3355744946 25.9159080873 24.1348382681 23.6145276778 25.1139693307 26.9351114964 23.6787493898 25.267758385 26.8587948857 26.4696681038 25.0660657802 26.517081228 23.3227511277 26.1423674563 27.2247266609 23.2424707754 27.1772250394 26.4998810345 24.3313818401 26.2699247626 24.6999667806 24.54818788 24.2559207739 25.4858698254 25.756972184 25.6687056641 60.8312548601 60.8312548601 60.8312548601 24.1997205954 25.8467720819 25.854578358 24.0608623763 23.3336108645 23.5388283142 25.8589299626 23.2668183372 23.3409867994 26.6457743094 23.5940716465 26.6797821976 25.4987739582 25.6627183914 24.6857196447 23.2753935815 25.7539582412 23.9750688857 26.7517757841 23.5729628418 26.8526026881 26.1385283589 23.6554849207
25.3925608444 26.0345355827 24.6066613346 23.9775413594 23.7623695332 25.4009741299 24.5813761709 24.7529247283 24.8788198302 25.8124339108 26.9838090295 26.6129834774 23.5604069644 25.0168023401 23.2494581599 26.5436261745 25.7119960178 23.8973586024 25.965337074 25.9939890018 24.3733470836 24.5951781658 26.5020753341 24.9747415623 24.3924701468 23.7572845689 26.4525738786 25.0372137024 60.8312548601 60.8312548601 27.1332802025 23.115701095 25.5523438821 23.2770580761 24.3653325095 27.1657446844 23.4993203862 23.6996308189 26.466514944 27.023951765 25.7889241077 24.026998215 24.0169479885 23.4085553571 23.5085374649 24.8169675864 25.8150687831 23.0127425601 24.8249105205 23.7865131744 25.1900675495 25.6256303213 25.3768630618
24.1156710121 26.6341719843 26.8477501583 26.3965742334 25.9889962756 27.1850824919 23.6100150966 26.4378729881 23.2512902821 25.3096753804 24.6430337626 25.8835036548 23.1562822247 26.7242037546 26.3136777301 26.4126418157 23.0868759121 26.1894373003 24.8286265919 24.5367135334 23.0398783553 23.590878733 23.7145825151 24.198158875 26.8540295747 25.0707318682 26.4410079085 24.9633322764 24.8706937882 89.3497143129 24.0528193496 24.5991150406 24.2490215048 24.813085298 24.1184370401 23.1256294567 24.666739046 25.4708239319 25.8642040964 24.0884554387 23.2574383709 23.2673197665 25.7386182682 24.9182013167 25.6521430413 26.0954049482 24.1360816974 26.2498636012 23.6348540749 26.413920025 24.9520623745 23.8167841553 23.9978968084
23.644987678 25.3368615736 23.1737792461 27.0920187054 23.7483457889 27.1112056892 25.5932147288 23.3835737387 26.3317407686 23.6656197031 26.5254742671 23.8867841596 24.142120799 25.2772877762 23.8127282043 24.5102974326 26.7466355492 23.8426550453 23.1345640264 24.8829687711 27.0735250668 25.1327779819 26.08519433 25.9499026652 23.2692787483 24.781674993 23.0695781653 23.7375536864 25.8454494302 23.1607359186 26.6398127678 27.225670707 24.5440259206 25.7591628872 26.2254415275 26.4250707583 23.1540152659 23.9901774175 23.9455000329 26.870991249 26.1772197473 26.4295885857 24.4528888581 24.1220105343 24.8809450869 23.2918436618 25.1816852691 25.7968013745 26.966575756 23.9479120399 25.6374569209 25.2548484579 24.2582135739
23.7268505093 24.4096569202 26.8996112019 24.967227673 25.5405202019 25.9419275115 27.1957031172 25.694035662 24.1766908342 26.5176305928 23.8163499392 25.1176354888 25.1721468203 25.7799090052 23.9846575273 24.2275762775 23.3509968767 26.3917589319 26.7258750046 26.4185446817 24.4012286607 26.5105948797 25.4457556982 26.5814061258 24.7156372538 25.5552298306 24.6618323886 26.0672585971 23.9703965759 89.3497143129 26.125078559 25.0765161956 23.3760412186 25.2880616352 26.2769853231 23.5552953429 23.7990434877 23.9135436639 26.8147530906 23.8016856282 25.4780814171 25.8116255993 24.4927251991 23.2468790249 24.8604188674 25.0642004909 23.446125228 24.7734525173 26.9452030816 26.6988671794 23.6056002314 26.335399347 26.3306416227
26.6959505399 23.1063146941 24.3805372577 25.4463868423 23.0361171994 26.3046048623 24.9358045122 26.7496453791 23.2987389136 26.2315052466 25.470859896 25.9361343753 26.9671516527 26.313372871 27.1344193886 26.5128855884 24.4013470773 25.6069511139 25.0742526869 25.8568432115 25.3862705499 25.3791442775 24.2844057619 24.8822881695 26.0971521823 26.3996043687 25.4585692477 23.1859588268 23.312461924 23.1530063557 24.9989558641 23.619369383 27.0434940364 24.5251505624 26.0727896684 23.9698340338 23.2748407492 26.3454537202 23.5307026543 27.0089537473 24.8258267077 25.3630786566 24.5276080349 23.3792141117 25.7971821302 23.36251343 25.5632502849 27.1211680993 26.3537062703 26.4838747462 23.1412012752 23.7918823114 23.5792168331
26.3507349828 26.2064566 25.3541869632 24.9933945499 25.5133267767 26.831294657 26.4262082161 24.7003793704 25.5149908465 25.3752491525 25.9427551056 24.2941344273 23.3589779549 26.6121937849 24.6160359566 26.3081469187 25.0665766764 24.6335864624 23.5600606511 26.7029696386 23.6202520751 23.2973963078 24.8785985271 24.810903142 24.1470336163 25.9269217827 23.9113478732 24.0758347293 26.3054949792 27.1808067807 23.2087344709 24.5563874196 24.6131729863 26.5821883197 23.2349993724 25.1645645793 25.521072421 26.8393619187 24.0682345372 25.2692678502 25.2651548394 51.6330273619 24.5180105293 25.6326390113 24.9786931458 25.816244074 23.6881561641 25.2254567508 26.3042162806 26.7019686787 26.5364129313 23.4357177718 25.5907585814
24.9220869 24.1799405142 23.7161490785 25.6300934362 26.0057494756 24.3952946383 23.2539191343 25.6819670765 24.3851401082 25.3567413147 27.1796774494 23.0867316406 23.2001950459 25.6900964936 27.0047807987 26.2496928502 25.4249617398 26.3389855069 23.151560149 23.7856709024 24.3919675895 24.6929172618 23.8527150703 26.7364315913 26.5614984228 26.1251104224 27.2311031997 23.2621432528 23.7014145318 24.3012198655 26.2000228187 27.2199263157 23.4824083235 24.2380578643 25.1718031196 27.1009297481 27.0477341485 25.3345034335 24.0195016003 23.2638546989 24.6098500776 23.9591023978 35.0134770668 26.3774683954 25.7485278401 26.7622716034 23.2120594897 26.3641505648 24.6886249498 24.2002699455 26.4943264593 25.4740687508 26.5805793909
23.4062461214 25.3259845883 26.1750626846 25.7735637837 25.1214533456 26.8777511494 25.9283313005 25.7339973625 25.3054395698 27.0617998623 23.5960494498 25.1241348343 25.4244840536 25.8224261606 24.3013554559 25.2891008534 24.5087197032 24.9401421749 27.0513180962 25.9624480633 26.8845980862 24.8670157827 25.6856135646 24.1744738407 23.0427491394 23.3730963157 25.8004239986 24.6768538519 25.4140211499 25.5801956307 23.9012274764 25.9509654204 26.4798945203 25.0662212949 23.412664531 23.2334611181 23.7866573605 24.5173874539 24.8967629929 25.2041140808 26.8926629742 35.0134770668 35.0134770668 25.4426125825 26.1319632102 25.9191036019 24.8043787373 23.7404553016 24.9783001828 24.9238308829 25.092241831 25.6468722397 25.156179279
25.1579613885 24.8735386747 23.6560729676 27.0388332383 23.2554287605 24.284810322 23.2006175607 24.1078743922 24.3585611223 24.7635706384 26.7388076821 25.6415413908 26.7888077525 26.1729063844 24.2920981472 24.6155741216 27.027301017 26.5534032759 25.8855490822 25.0658617899 23.3706556108 25.8088621515 23.5060732065 25.7264301486 23.0308505892 23.4809054845 24.9954717475 24.9943773475 25.6359404758 23.5456669815 25.6186224792 25.1410909911 26.9442313403 25.0158071616 24.8934237643 25.2415329252 27.1153839505 23.0183101748 25.4934156791 24.8658993126 24.9672331745 23.2992328953 24.3610244536 24.1048196341 25.7195483987 23.6347727253 23.0017904234 25.6161883323 23.3813761039 27.0533190128 23.4923940457 27.1812522875 26.0094810989
24.5962475267 26.2536867743 23.4337008099 24.7968022511 23.0647030714 23.5919946754 23.446590685 26.4632147214 26.2777053308 25.2439266654 24.5886546965 26.158820594 24.2020133964 24.7541916148 26.5411591722 24.8919050258 24.5383386079 24.0736880026 24.8105951359 23.6349196824 24.1027416378 23.6104344159 26.2235795131 23.4154954941 24.1019059421 24.0792253834 24.0396988198 25.8053622742 26.2066087874 23.988187815 26.3810220212 27.1304865986 25.6898514488 23.653937489 24.4106201725 25.8141724881 26.2531665702 25.8764920478 26.5164816604 25.8851116965 24.7147360233 24.4394864026 23.0852719681 24.6560469805 25.7517087147 26.2017951116 27.0265653068 24.737708618 27.0579836948 26.0971766987 27.1705696915 26.1121260696 24.3800870532
0 23.9793337809 23.7982407661 25.7277458481 23.1562040555 26.7379064658 27.22301086 26.5071076665 23.4934188264 23.8917138327 25.8920689542 24.4807036816 24.8097735247 25.3424197007 25.455229808 24.7924635344 23.3569659239 23.8031849957 27.2341752468 27.0534247162 24.9107734014 25.4161635579 26.0171704616 25.5548264258 23.1567713832 27.1867462145 24.2464260688 25.8181846672 26.3133604954 26.070258687 26.3010385404 24.8398032994 23.5417699801 24.0412075202 23.0813263374 26.6458130396 25.7305026576 24.7417346959 26.4333690855 23.5479728398 25.4520085927 25.7364737692 52.1608769077 25.2095863268 23.107618044 24.1737525164 26.8351323349 26.5787200785 26.455591619 24.2921384972 26.1152844853 23.5170634979 26.6619152314
0 23.0351118064 27.1702895584 23.4171272451 26.0170522351 26.2152519844 26.7597172079 24.1942536398 25.2022222588 26.2729621898 23.6387912715 23.1861417685 25.8434288731 23.1531739179 26.9844567815 23.588158852 26.517415001 23.9014476867 23.0190166936 26.2003421764 26.0042331694 26.8158847016 25.9624004676 26.2075473405 23.5733495288 23.5480915124 27.1465498862 26.5195947759 24.1083356444 23.6702734555 24.9934594669 26.9986262823 26.777120935 23.9257794297 23.3881398965 25.9482510511 23.5233758366 23.9237299448 23.6325317258 23.9309238478 23.0375234983 52.1608769077 52.1608769077 52.1608769077 26.9180100419 23.4508792675 26.9908879817 25.2851744545 23.0538319043 25.997797666 26.3986197402 24.3380389127 25.0767985897
0 24.1636281599 26.3645831791 25.2138573724 26.8015294953 25.0552513807 23.7063021508 26.8463763806 25.4701704851 27.1109848816 23.1977506437 24.8338018828 24.0767033714 24.7217494148 23.6198621409 25.4485014886 23.462969438 25.3297652643 25.029738338 24.8008251358 26.544631745 27.1625091718 26.0175937936 27.0221647567 24.5429383778 23.9729353938 26.5855130069 26.0070401856 23.8752612686 23.4067093532 24.3634193751 25.6761832727 23.2596113821 23.7349785666 26.004728769 23.1558777203 23.1677197273 23.4358633819 25.1230727304 23.3276191871 23.0017124911 24.7737537907 24.2248077795 24.3332762139 23.7396482719 26.3590057088 24.1421590661 24.5598643433 23.7433077286 23.3739377824 25.3851335864 24.5413306453 23.1662012968
0 0 23.0876925158 26.6709217998 23.4141241133 25.02252044 25.0008177387 23.3271159031 24.3132259328 24.0498666748 23.9364890694 23.8917947881 26.6372003061 25.2367499901 25.8761138706 25.3248420661 23.10560844 23.7445028511 23.70191576 25.5005927097 24.1259938929 25.3842890878 23.9959052963 25.7453134789 26.0418050471 24.2345001356 24.4425717639 26.8930278 27.1203238186 26.9924130349 26.7883639132 26.7928262854 24.544171816 23.652438514 25.8769322431 24.572266772 27.0410855377 25.6981936137 26.2795464536 23.7873874978 24.8105942791 26.3983764461 25.9521213304 27.1303894782 27.1031125538 24.0134477067 23.0665985708 26.6894582797 26.6687086474 26.7555513447 25.6749478355 25.154421823 27.0270830404
0 0 0 26.8563450709 24.4351142357 23.2085439 23.1428090132 26.159200528 26.1652446392 24.230437503 27.0905010901 24.7615309273 26.0530514815 26.7873785997 23.299514842 24.1481510807 23.3749727603 23.3973697162 27.1936379811 24.280120024 24.8286096508 26.3620074542 26.0938838202 24.4419949452 26.646503417 24.8477815462 24.5149873471 25.8695581329 24.8074177045 24.8145407528 23.2511783583 23.8474528356 27.1422294016 25.2533310681 24.517691722 26.9578193063 26.9221780097 26.3377935816 26.2904518225 26.3907565693 23.9670387009 27.2221093857 24.4236456674 26.2238579767 24.7843987493 24.2220640684 26.439367096 23.952015188 25.4855139409 23.2528658117 25.7612784588 25.9480601372 26.3527004641
42.536075716 34.3147884247 34.0029626179 0 0 26.5287100565 25.6945344723 24.1911503127 25.6773397839 25.4386362529 23.0243458711 24.3335296843 25.4747744967 27.0618159526 26.1005071114 26.2020944295 25.28351817 23.5059518778 26.0359522354 26.3812416212 23.1734044457 25.9562891061 23.0483883404 23.7086679417 24.6102043775 25.6047353212 27.199732752 26.9506603043 24.5864358182 24.1363100444 25.4404231971 26.4712821922 25.7626110007 23.7215456373 23.1718292037 25.3308872162 25.252277687 23.4793907628 25.0645910217 23.8827804604 25.0931348949 24.828989638 26.4060192572 23.5940389395 23.6236540399 24.0738074127 27.0568601021 27.1504930253 25.4228892873 26.306358243 24.6894222762 23.0361985688 24.2854838091
42.8950220634 36.7890416836 36.7975188031 0 0 0 23.0174328775 26.3703899197 24.5208847184 27.038108941 26.4716891857 23.8195059734 26.8543324982 27.0976047349 25.3445505167 24.7111720988 26.1417318257 26.4763839909 24.3533770119 23.2483272589 23.3225269847 26.2247274306 25.6642989882 25.6802033844 26.3717673707 23.5121048771 24.750289411 23.7366895201 24.2833209393 23.1706362977 25.4397324028 26.2523757357 23.7103188645 25.1002641985 24.4325981886 25.0288104445 26.2327344032 26.2857099215 23.0263708287 25.1663136417 26.7024694449 25.5605762521 23.8030415845 23.6042534658 25.9813439045 24.4219529312 26.978787663 24.1964174921 27.1265010339 25.1951220155 23.0405684229 23.2952978715 26.7834572428
40.6852222266 48.0016519054 40.1516726698 0 0 0 23.8224480804 27.1142352829 25.8542948142 25.9498358109 24.7103897052 25.0104138411 26.4518786307 25.7520633978 23.9109115084 24.0076187845 26.5578837943 24.0517949171 24.7601090352 25.4856924553 23.6145325065 23.0352461128 24.4122363145 23.7221457958 23.2531917086 24.630053538 24.2945893717 25.0175713369 26.9934826019 27.0881051048 23.3401768151 23.9613375592 26.8218473425 24.3551423158 24.6036308953 25.5128078313 26.0103704737 23.1183955498 25.4105409752 25.8603470252 23.5303803724 25.2555918868 27.2028996917 23.2792842858 23.8139786557 24.8931795322 24.1053321644 23.1974676983 26.2883464373 26.0483226944 26.0343271516 26.5786325529 25.4180797065
0 0 0 0 0 0 25.9138839538 25.7019200262 23.7625610626 24.6881047084 25.1587721455 23.9543827998 23.9845133996 24.524434409 26.904589658 26.2886596464 23.90250895 23.9784209152 25.6330472006 23.9606625343 23.2291789499 24.9523793054 24.6937854746 25.8669837989 26.9960058803 25.2787027434 26.1650884747 25.4740948672 24.0090592375 24.0193957943 25.4226001229 23.6271943864 23.8721604737 23.177455053 23.3912142065 23.6693542546 24.4797879772 23.5485184833 23.4290677188 23.6624467216 23.8626030253 23.542688341 23.6781509008 23.099010824 25.7625299965 24.0027253296 25.4780201001 23.8978607006 27.2206412605 26.0946669743 24.7105886185 23.7454367439 23.4593651933
