Spatial_Output/90% DEC/90DEC_1032.asc
NCOLS 155
NROWS 192
XLLCORNER 196769.923733
YLLCORNER 449719.875193
CELLSIZE 27.603701
NODATA_VALUE NaN
[rows 115 to 137 of 192, columns 0 to 52 of 155]
0 0 0 0 0 0 0 0 0 0 0 0 0 0 0 0 0 0 0 0 22.5430833138 23.1320039826 23.0149952593 23.1075251884 22.7652626563 22.6970107216 23.1219947474 22.7953474601 22.7686685411 23.0533605812 22.7771455685 22.8253178802 22.769171715 22.7667662126 23.1505429875 22.69198298 22.5362731712 22.7781478008 22.5979338098 22.7010677312 23.0235457095 22.9306309544 22.7039914576 22.843895152 22.7746754652 22.6844794618 23.0089271631 22.7810361539 22.8905478398 23.1176290384 23.0159856182 22.5833763549 22.8169826511
0 0 0 0 0 0 0 0 0 0 0 0 0 0 0 0 0 0 0 0 22.8709016356 22.9526849004 22.8918326086 23.1292531167 23.1795674369 22.6739993395 22.640414206 23.0246976723 22.6536807942 22.8098610657 22.5716645566 23.149612163 23.1818238293 22.7056249075 23.0148852784 22.5355209019 22.9604707598 22.9893222105 22.7756027907 22.9071937906 22.7648423896 22.5354259279 22.7555615079 22.8720127603 23.0550205192 22.9461871442 22.6381837166 23.1962516287 23.1456092565 23.0243290034 22.5807114436 22.8528907635 22.5035875489
0 0 0 0 0 0 0 0 0 0 0 0 0 0 0 0 0 0 0 0 0 22.9182115671 22.7205210319 22.7967469966 22.8978552024 23.0430215537 22.8105227781 23.0223286199 23.0774198132 22.7474771448 22.889510119 22.7532032263 22.8799561526 22.8942490858 23.0443514841 23.1597104139 23.1770828081 23.0924444418 23.104753406 23.0428581799 22.8343678799 22.778165511 23.1604868721 22.6893963523 23.1330596097 22.7361776027 22.9948332656 22.9798587892 22.9378876765 22.6629501068 22.6407150517 23.0586776808 22.8306398277
0 0 0 0 0 0 0 0 0 0 0 0 0 0 0 0 0 0 0 0 0 23.1679484136 22.5335674891 22.8913218761 22.9096634238 23.1349031691 22.6215948033 22.548323712 22.6268708571 23.1191070791 23.1808594653 22.7205509904 22.5979712731 22.6409929187 22.6531523138 22.5011948432 23.1640657251 23.147484003 23.2068525653 22.671851273 22.8047958155 23.0351997824 22.7539774381 23.1821538695 23.097013289 23.1710594866 23.1539120556 22.5371215211 23.1716321622 22.6091312994 23.2024860059 23.0722565734 22.7997699671
0 0 0 0 0 0 0 0 0 0 0 0 0 0 0 0 0 0 0 0 0 0 22.6278699465 22.6713045411 22.5340472912 22.5256988631 23.0032189352 22.6472470067 22.5607546797 22.5875253491 22.8564348029 23.1380581703 22.885446428 22.7076886918 22.6670431267 22.7951821132 23.0399678664 22.9552276254 22.8697997474 22.844786385 23.1038725734 22.9331563001 22.7365495098 23.0796299237 22.9528499649 22.6809756378 22.5660081038 23.1839945599 22.912869444 22.7362721088 23.1128680388 22.934704152 22.6831050028
0 0 0 0 0 0 0 0 0 0 0 0 0 0 0 0 0 0 0 0 0 0 22.517364171 22.984877788 22.5255747409 23.1509150308 22.9649761696 22.9052271146 22.9960988343 23.1824139806 22.9337874716 23.064131843 23.1133601631 22.9684987047 22.5368048565 22.6996335895 22.9879363531 22.5393479549 23.1998121075 23.0014036951 22.5075233532 22.8539164927 22.9591287887 22.6202679821 23.1611950653 22.7859966403 22.8542296494 23.1617282662 22.5421630614 22.7765472811 22.6208167009 23.0355733173 22.8596127372
0 0 0 0 0 0 0 0 0 0 0 0 0 0 0 0 0 0 0 0 0 0 0 23.1608728871 22.7703487025 23.1828596806 23.1113268633 22.5332192985 22.7411409981 23.1359415895 22.9421561648 23.122500492 22.931990898 22.9438423507 23.0628878434 22.9623357038 22.9676902908 23.0131899788 22.5289710059 22.5081565848 22.810291882 22.7095595371 23.1976157255 23.1847598515 22.7201503399 22.7809768276 22.8092238909 22.9219434254 22.6096780985 22.6860119223 22.8275940758 22.9923276701 22.6661897904
0 0 0 0 0 0 0 0 0 0 0 0 0 0 0 0 0 0 0 0 0 0 0 0 22.8899535199 22.9831252613 22.7125566604 22.6676789675 22.5974192651 22.8995791574 22.8236790882 23.1189693371 23.1306726178 22.8889401155 22.9239296878 22.5070314145 22.9975330241 22.9012682276 23.1743083386 23.2000924961 22.7309419493 23.0641328878 22.7130275094 22.5687888213 22.5321755491 23.1827283925 22.7642534985 23.2068362854 23.0812996274 22.9933633448 22.8960170659 22.8198376056 22.5045043127
0 0 0 0 0 0 0 0 0 0 0 0 0 0 0 0 0 0 0 0 0 0 0 0 23.0127711701 22.8795500245 23.1004478237 22.6299212464 22.9629357876 23.0492438498 22.6438397762 22.8744621594 22.7834267613 23.0881177235 22.6784971118 22.7461363847 23.0460892152 22.7101571461 22.6623953679 23.0582543258 22.7930107039 22.5459438853 22.7707561019 22.5809884105 23.073644822 22.5808340917 22.8273613317 23.0150217156 23.1517709793 23.007763346 22.8829467916 22.7527321737 22.683826673
0 0 0 0 0 0 0 0 0 0 0 0 0 0 0 0 0 0 0 0 0 0 0 0 0 22.6773994336 22.7220078792 22.9088972656 23.0106378882 22.8918548758 22.785705939 23.0534584292 22.9233284565 22.7802721537 22.71228334 22.8815975643 22.8759084939 22.5293405033 23.1184234779 22.8311129782 22.7266234465 22.9143339447 22.5800248902 23.0149670277 23.1941060004 22.9804175376 22.6490637559 22.6067231062 22.8563480095 22.7327577736 22.5601549735 22.5506099757 22.6467255099
0 0 0 0 0 0 0 0 0 0 0 0 0 0 0 0 0 0 0 0 0 0 0 0 0 22.8948836285 22.8487582015 23.0005200622 22.8994851571 22.822506052 23.14831728 22.5996203955 22.6775589698 22.6299027713 22.5569436648 22.5055875701 22.7679098438 23.1608795964 22.7892584168 22.7604616132 22.8775260201 23.1230828317 22.8075066881 23.1661238501 22.9292087829 22.8294846573 23.0366287868 23.1617165502 22.7795276896 22.5497413257 22.802305979 22.5196381202 22.8000811381
0 0 0 0 0 0 0 0 0 0 0 0 0 0 0 0 0 0 0 0 0 0 0 0 0 0 22.590699737 23.1464676973 22.8987007396 22.5623298663 22.9186336823 22.9230947021 22.8362861954 23.0099571925 22.7929927767 22.6462802283 22.5839764316 23.0423442631 22.8883178597 22.7626494343 23.1845639439 22.9435078409 23.0930920691 22.7141679788 23.0221259327 23.1480992824 22.9807797592 23.0088817884 23.1664860859 23.1174725513 22.7488180605 23.0550001819 23.1988038381
0 0 0 0 0 0 0 0 0 0 0 0 0 0 0 0 0 0 0 0 0 0 0 0 0 0 22.7822323477 23.1072869921 22.8705102686 22.5337977145 23.1533458002 23.1147265013 23.0507394048 22.7880378349 23.0293339159 22.5630592203 22.8345828921 23.1102796383 22.6314750291 22.8150223079 23.0955662025 22.9598276449 22.871652836 22.7535871438 22.6999360872 22.5966132799 22.7658186363 22.6646078134 22.5547352331 22.747021226 22.7564198712 22.7209153796 22.7462483825
0 0 0 0 0 0 0 0 0 0 0 0 0 0 0 0 0 0 0 0 0 0 0 0 0 68.9900707502 68.9900707502 22.8596488827 22.7631928219 23.1436851956 22.8628458135 22.8614227319 22.9499289745 22.9735799693 22.5037085774 23.1310184787 23.008681209 23.2064457052 23.0315715157 23.0196553895 22.6799707753 23.0721061542 22.5490366461 23.0945287408 23.0979952682 23.0794495713 23.1784981704 22.8380370228 23.0299702937 23.1278832474 22.7653311498 23.1590570429 23.1319733454
0 0 0 0 0 0 0 0 0 0 0 0 0 0 0 0 0 0 0 0 0 0 0 0 0 68.9900707502 19.3734801949 19.3734801949 22.6764111153 22.7764278455 22.7711763386 22.9422578069 22.7330415985 22.7424958352 23.0304007392 22.5370587735 22.8936404111 23.0339152338 22.8547765891 22.5410882474 23.1062310786 22.629279122 22.983733992 22.819506096 22.8803564291 23.0069655704 22.5636619408 22.7770643552 22.5424115784 22.8527859204 22.9570350725 22.7446420961 22.52507946
0 0 0 0 0 0 0 0 0 0 0 0 0 0 0 0 0 0 0 0 0 0 0 0 0 0 68.9900707502 69.2456416257 22.7721603658 22.5608926226 22.9562246579 22.5096907101 23.0591862407 22.9941374828 23.1789267389 23.1027800271 23.1600373665 22.60133634 22.6317452608 23.0005421588 22.5902300189 22.7155399638 22.8428154291 22.9823302539 23.0587538375 22.8890684756 22.7338591757 22.745819026 23.0574640605 22.7399602542 22.7218085047 22.9202515166 23.0184108308
0 0 0 0 0 0 0 0 0 0 0 0 0 0 0 27.5563316036 10.0996353978 10.163574089 0 0 0 0 0 0 0 0 0 0 0 23.0324666696 22.7355109129 23.1748593169 22.8453203622 23.0272719882 22.6790808417 23.1093675191 22.9547896346 22.6557073874 23.1209862929 23.1499337131 22.5193438885 22.8003253001 22.7562867311 22.5969651416 23.1036976478 22.5744160557 22.5244296563 22.9841650341 22.8822915498 22.6704059171 23.1700123659 22.5465926017 22.7104372662
0 0 0 0 0 0 0 0 0 0 0 0 0 0 0 22.3142335449 20.9559271588 25.7285044839 0 0 0 0 0 0 0 0 0 0 0 0 22.6600977348 23.0346509357 22.8500842609 23.0794516209 23.0039683622 22.9018682359 22.5848331029 22.6796510166 22.5692581258 22.6192739319 22.6596358166 22.5861059002 22.82168833 22.5750341693 22.5497091581 23.0697999379 23.0003816761 22.8454589372 23.0829158302 22.5275505092 22.9037491794 22.5094317719 23.0262361475
0 0 0 0 0 0 0 0 0 0 0 0 0 0 0 25.748246469 14.2493066404 27.8899671057 0 0 0 0 0 0 0 0 0 0 0 0 23.0886315247 22.7922319408 22.5790167182 22.6850907875 23.0210579376 22.5485336624 23.1734668107 23.1110076327 22.8458165172 22.6585241156 23.1115925345 22.5528220839 22.8228377504 22.8736149518 22.5417083984 23.1682036836 23.0717792003 23.0532491839 23.0157032045 22.6537618522 22.9875975408 23.1465295521 22.9110855812
0 0 0 0 0 0 0 0 0 0 0 0 0 0 0 0 0 0 0 0 0 0 0 0 0 0 0 0 0 0 0 22.9130925452 23.1387964481 23.1529878339 22.6736770932 22.7229890823 22.6028389736 22.57199452 23.1249601534 22.8483902258 22.8188081598 22.5232196315 22.9136800015 23.0651672758 22.8637352542 22.7567465639 22.9719091628 23.0040505614 22.8670201407 22.7340844022 22.9634236762 22.8430528703 23.0525309377
0 0 0 0 0 0 0 0 0 0 0 0 0 0 0 0 0 0 0 0 0 0 0 0 0 0 0 0 0 0 0 0 22.6802053438 22.734676571 22.5769218531 22.8837462418 22.972789026 22.9408835292 23.1993905149 22.5300592221 22.9036539202 22.6201618592 23.0729997269 22.7054857242 22.8847918684 22.7832946855 22.6088494939 22.8268238395 23.1986938685 22.9284986289 23.0678350221 22.5220976055 23.0369829764
0 0 0 0 0 0 0 0 0 0 0 0 0 0 0 0 0 0 0 0 0 0 0 0 0 0 0 0 0 0 0 0 0 23.1033396403 22.8673280404 22.6939307666 22.6055204081 22.5619838269 23.1178919885 22.67838644 22.5543179608 23.0523003051 23.041248282 22.9725578723 23.0002742038 23.1197497242 22.8815611724 22.7728783438 22.5457140163 22.9454397002 22.52410168 22.67573556 22.8160677175
0 0 0 0 0 0 0 0 0 0 0 0 0 0 0 0 0 0 0 0 0 0 0 0 0 0 0 0 0 0 0 0 0 22.8887112248 22.8027815375 23.1589068582 23.1140194633 22.5438607557 22.7694978333 23.0210225333 22.7490556423 22.7603418514 22.6225753739 22.8984786433 22.5257547044 22.7675677761 22.998615965 22.8544241435 22.8143968123 22.563085702 22.8287188779 22.685405507 22.7613198874
