Spatial_Output/90% DEC/90DEC_0135.asc
NCOLS 155
NROWS 192
XLLCORNER 196769.923733
YLLCORNER 449719.875193
CELLSIZE 27.603701
NODATA_VALUE NaN
[rows 0 to 22 of 192, columns 53 to 105 of 155]
44.8001364522 45.1843639364 44.8631290886 45.0191202288 44.9755080344 44.5245122201 44.9706084102 63.0930658291 69.5686682623 64.3309916648 44.8402691364 0 0 0 0 0 0 0 0 0 0 0 0 0 0 0 0 0 0 0 0 0 0 0 0 0 0 0 0 0 0 0 0 0 0 0 0 0 0 0 0 0 0
44.5489150385 44.6103232461 44.6179746502 45.1686981756 44.969753004 44.9863361627 44.8175774563 66.0178755862 64.7414788588 62.7476840457 44.7817732256 44.5126702277 0 0 0 0 0 0 0 0 0 0 0 0 0 0 0 0 0 0 0 0 0 0 0 0 0 0 0 0 0 0 0 0 0 0 0 0 0 0 0 0 0
44.8562729634 44.7558395696 45.1366455098 45.2019610176 44.583158391 44.5862495328 44.9479060149 65.1179120269 62.3346423493 67.3410804942 45.1090704864 44.7057788582 0 0 0 0 0 0 0 0 0 0 0 0 0 0 0 0 0 0 0 0 0 0 0 0 0 0 0 0 0 0 0 0 0 0 0 0 0 0 0 0 0
44.6454978681 44.674298899 44.9161671305 44.9763738615 44.9301697516 44.8364334855 45.10633336 44.6356331508 44.9603055837 45.1833995323 44.9229484804 45.0566780925 44.5480605436 0 0 0 0 0 0 0 0 0 0 0 0 0 0 0 0 0 0 0 0 0 0 0 0 0 0 0 0 0 0 0 0 0 0 0 0 0 0 0 0
44.5829981593 44.6185462985 44.5603753666 45.1404368318 44.7385400487 44.8028501737 45.043162103 45.1322232428 45.0995600807 45.1723877795 44.8688830317 44.8793115171 44.6444793431 44.5696585908 44.9883926678 0 0 0 0 0 0 0 0 0 0 0 0 0 0 0 0 0 0 0 0 0 0 0 0 0 0 0 0 0 0 0 0 0 0 0 0 0 0
44.7479622943 44.521325752 44.8168853565 44.7277783486 44.8913611569 44.5890918214 45.0383963624 44.5988145861 44.8127193156 44.8489008083 44.9936397979 45.0185469427 44.673573494 44.8208165261 44.799383931 44.8479740282 0 0 0 0 0 0 0 0 0 0 0 0 0 0 0 0 0 0 0 0 0 0 0 0 0 0 0 0 0 0 0 0 0 0 0 0 0
44.923479773 44.9939879013 44.9855486767 44.6787356183 44.9970359445 45.1692651172 45.1859137826 44.9494120512 44.5051176203 44.5800920008 44.8611581623 44.5972855276 45.0034346047 44.7098200765 44.6671352808 44.9527576758 44.8144268707 44.6478593025 0 0 0 0 0 0 0 0 0 0 0 0 0 0 0 0 0 0 0 0 0 0 0 0 0 0 0 0 0 0 0 0 0 0 0
45.16727617 44.9462205318 45.0888982973 44.744535188 44.6990316812 44.6739730755 44.9626866571 44.7389726201 45.0430342751 44.8733604461 44.8448941027 44.8367464079 44.7394432108 45.0652554299 44.8268140552 44.5761145231 44.9655008184 44.8104776916 44.5156790371 0 0 0 0 0 0 0 0 0 0 0 0 0 0 0 0 0 0 0 0 0 0 0 0 0 0 0 0 0 0 0 0 0 0
44.7213553695 45.1577256221 44.9208071632 44.5516993975 44.9195056295 44.8565450214 44.7948406601 45.1827874469 45.1679843994 44.7167958485 44.5297087662 45.0855379919 44.6519471622 44.761246196 44.7449588659 44.8772942893 44.9241499128 45.0504860799 45.0134350581 44.7006653017 44.7036898586 0 0 0 0 0 0 0 0 0 0 0 0 0 0 0 0 0 0 0 0 0 0 0 0 0 0 0 0 0 0 0 0
44.6166529157 44.5256732824 44.6282976662 44.6557944173 44.7759001325 44.9084625329 44.8843792221 45.1053306408 44.7306660392 44.8946132044 44.6906805273 45.0831450075 44.7694154082 44.7639610941 44.6935510579 45.1316471526 44.7083618205 45.1618634485 44.5100789071 44.882493257 44.8619659207 44.8262625952 44.7275906934 44.8799943938 0 0 0 0 0 0 0 0 0 0 0 0 0 0 0 0 0 0 0 0 0 0 0 0 0 0 0 0 0
44.5503387712 45.1824689497 44.963857849 44.6332663176 44.8887587435 44.7583065948 44.9600311577 44.6976222161 44.7066516507 45.0390450477 45.1313690659 45.1030641443 44.9059635872 45.0496465323 44.9063707564 44.9756069076 45.1651913533 45.119993535 44.539738491 45.0469715552 45.0487808393 44.6979563927 44.6432074479 44.9219477413 44.7596190802 44.5463877905 45.0055550694 44.5627972257 45.0708127729 0 0 0 0 0 0 0 0 0 0 0 0 0 0 0 0 0 0 0 45.1158770259 45.1839892826 45.0880666368 45.0329629941 44.8083238332
44.7163542898 44.6680004143 45.1701524649 44.6670668463 44.8081578716 44.9533785792 44.9593161043 45.0180816102 44.5982886054 45.0994268618 44.6089219648 44.9426474963 44.7698999753 44.9346675149 45.0653514584 44.6963711085 44.8942044026 44.8061029112 45.1981323037 45.1827812663 44.6141963696 44.6380747108 44.7631858606 45.1880467025 44.8282306633 44.9750815852 44.9143363291 44.5206718046 44.9920486095 44.7653713051 45.1067520403 0 0 0 0 0 0 45.1366925664 44.6346794385 44.884892525 45.0361976784 44.9769882365 0 0 0 0 0 0 44.6271294496 45.0196709496 44.9511841923 44.6019653745 44.7224626141
44.5050706806 45.139873376 44.9927445553 45.1239465885 44.6650516101 44.8301083977 44.8130236554 45.1345129868 44.9499576305 44.5116017932 44.5349589387 45.177873688 45.0604901566 44.7390231563 45.0880168635 45.0247946354 44.9105641463 44.6878649801 45.0556488128 45.1200778017 45.0516888743 44.7392509113 45.0324958956 44.8682402479 44.820846128 44.9654853144 44.8823352166 44.676691004 44.7598783681 44.5632162953 44.9355165583 0 0 0 0 0 0 44.9861113914 44.7303288654 45.0212839564 45.1566007514 44.733689714 45.0159344972 44.8885276128 45.0758317472 0 0 44.6441199473 45.1966003611 44.6317129213 45.0786559074 44.9220591389 45.0442156944
44.9022942873 44.8456746196 44.6682960205 44.5002442849 45.1118532182 44.8608606535 44.6018829084 44.592825149 44.8181809959 45.1340867825 44.7179614762 44.5932554668 44.5781711185 44.8495110743 44.7797847308 44.8653182619 44.5787746627 44.6876164513 45.2000405624 44.5769557496 44.6436764037 44.9052378243 44.9782338188 44.8848679061 44.7392765834 44.6555082482 44.870022213 44.7677303429 44.8928407128 45.0901562577 45.1512376822 44.8904861357 44.5316893701 44.5615579556 44.6640509226 45.1008311279 44.5787795455 44.6737238784 45.1152172178 44.872868861 44.9923514237 44.6724540027 44.7524387185 44.5479946629 44.707212491 44.9611336739 44.6375729235 44.9697036284 44.8442083439 44.6834616628 45.1001516222 45.0678385989 44.743650633
44.5866637786 44.958938126 45.0076163068 45.1626806349 44.5079501718 45.0211130619 45.2058437729 44.9949918555 44.6079449203 44.6931025109 44.7834514811 44.9148172336 45.017365549 45.1277955641 44.7538404123 45.0647717031 44.7990298577 44.6683168439 44.6156142068 45.1495358283 44.9130812776 44.9516040524 45.0855836499 45.0464087513 45.0281086277 44.6077736897 44.5022488803 44.7550750167 44.6909841075 44.9118634529 44.782177026 44.9442700795 44.6173975191 44.6152162474 44.7021386953 44.9027380084 44.8416894928 44.546944392 45.0062456955 44.9190711505 45.1950726397 45.1153596376 44.6757794948 44.8183931628 45.0287940328 44.9073495714 44.9940848463 44.5016169229 44.9424998786 45.1084523665 44.5716236066 45.1889739884 45.0416760796
45.1331310617 44.9352955736 44.9796346447 44.6663291825 44.7438620534 45.1693277105 45.184176139 44.9949055089 44.5594270733 45.093220469 44.5712594036 45.0433586656 44.9292670883 45.1954517426 44.9092768764 45.052303955 44.880507103 44.6745072502 44.636132381 44.9176337466 44.7992303268 44.8670854173 44.819835975 45.0963455941 44.5419413738 44.7016215058 45.1139062876 44.8010723145 44.9224839257 44.8756122264 45.1533711581 44.5994345086 45.0931647832 44.8561504484 45.1919494457 44.948124091 45.0761135963 45.1289861749 44.7180137736 45.0532264274 44.6990282105 44.9547880167 45.1061167967 44.5455310687 44.6528564782 44.5099626958 44.8708421834 44.6235176962 44.8907156936 45.171363318 44.5259748479 44.7130233406 44.7961434745
44.5727762061 44.9229871302 44.6614606058 44.5185052702 45.098645164 44.5881242798 44.770242746 44.7612260445 44.6767020685 44.8491005047 44.8526599048 44.5741875182 44.5043853315 44.5492187804 44.8233864696 44.7332357513 44.5512042659 44.8150624043 44.5474483359 44.8412606053 44.8666749565 44.523969491 45.0812658802 44.9054475735 44.7811072183 45.1096363693 45.0065762213 44.9428082629 44.8201953126 44.9378187516 44.5496343171 44.914098055 44.7147215015 44.5876041717 44.7240436697 44.9015725737 45.1544873943 44.8882633811 45.170700499 44.7627431226 45.1565184248 44.524598085 44.782123471 44.6041741995 45.1429734483 45.0819877821 44.6498247465 44.6758017568 44.710457587 44.8436068369 44.9485996891 45.1234974333 44.9279047752
45.0452337185 44.5152808061 44.9228284262 45.196366806 44.760318241 44.8436239227 44.8717660957 44.7862091849 44.7899141884 44.8160549375 44.9595958535 45.0481432397 45.0519714935 44.7423768737 44.7085949438 44.8491329609 44.8162587218 44.7655317257 44.8867661762 44.5403853669 45.0189968111 44.9247937386 44.7413846127 44.9324041776 45.0419549361 45.1199563527 45.0444005441 44.9706721867 45.1398342205 44.6050348531 44.5771515216 45.1979439114 44.7877748319 44.8278012646 44.8202644064 44.7949426283 44.8402748264 45.1730896003 44.5351119096 44.6513674792 45.114268102 44.6762313199 44.570643954 44.6924327173 45.05996507 45.1038270639 44.7728200445 44.5792987319 44.7069563135 44.9982268781 44.9416287306 44.8978416366 45.1129702237
45.1381209917 44.5602287459 44.7080354428 44.5344069793 44.5936421782 44.7194617029 44.9043654184 44.7996495929 44.8880847586 44.7247103762 44.8153105699 45.0785166089 44.6389816816 44.6588805132 44.8687821952 44.6442296545 44.9070723839 44.9120162163 45.0191266666 44.5691481777 45.1358419226 44.7623034222 44.9256815361 44.5023906878 44.7427027354 45.1397224988 44.8456608334 44.968905938 44.7788732735 45.1798873867 44.9781325173 44.9639565801 44.5282561203 44.6920730143 44.855282384 44.9559666905 44.9295274821 44.6704450544 45.0585225321 44.9819190291 44.870339966 44.9812694547 44.8208297132 44.5321656574 44.7356863454 44.5126210716 44.5698475516 45.1451062989 44.6862456785 44.6932415294 44.6192954538 44.5746164514 45.0510223726
44.5032426936 45.0741911258 44.7066077091 44.7739792363 44.7619343403 45.0737232831 44.7612955595 44.6257024103 44.5760394164 45.1832650321 44.6963943193 44.8072680444 44.824871567 44.5970884167 45.0254472686 44.9265571885 44.6239725143 44.7846490753 44.8607755835 44.7201780234 44.6542794499 45.1063482417 45.1004438027 44.876872873 44.7569405787 44.8042304766 44.9444861943 44.9276315561 44.9697291989 45.1216009382 44.6540065475 44.7374181728 44.9276834364 44.6149467012 45.0953265712 44.6520083926 44.5276264955 44.9622672558 45.1018789753 45.1613062505 44.7376059313 44.9500616 44.7626107781 44.9665586656 45.0338912201 45.088653516 45.075137582 44.9392066007 44.9227894854 45.0345606428 45.1194424845 45.0632209099 44.7053534148
44.9091865978 45.0382124027 45.0344420244 44.881744487 44.560598832 44.9152037091 44.5478721819 44.8106663715 44.5240281755 44.900308666 45.0614792786 45.0041718201 44.5257019268 44.6663788439 44.5634766384 45.0444614483 44.7182860195 44.7531672976 44.7044031494 45.0656329788 44.5331493611 44.5645809098 45.0693674762 44.670513049 44.9190983685 44.968202003 44.9436664749 44.654002186 44.5108126623 44.6937586178 44.7879277162 44.6361622193 45.0371638399 45.0890548972 45.0102013471 45.1144900483 44.5929607439 44.6411983623 45.1928316699 45.0973969373 44.5957041149 45.0956483867 45.1512265518 44.5140674259 45.0272430179 44.6595159786 44.95076709 44.5448699337 44.8070844933 44.934641094 44.7794944206 44.7520528539 44.826728839
44.9120789786 44.9316574168 45.1565463529 44.6214816275 44.7139266804 44.9103139798 44.9723746235 44.8382926496 45.0685926444 44.8858636133 45.0200271831 44.6657622415 45.0318849008 45.149203248 44.5483133967 45.0241783324 44.7875105807 44.9928072845 45.1363009748 44.6730795377 44.9479132424 44.852203655 44.5557106219 44.9825485023 45.0407262651 45.1923356189 44.8660798901 44.5019238207 44.5781881347 45.1264540135 44.6079031461 44.9228124231 45.1122710392 44.6007435742 45.1784291836 44.7780924445 44.8448412665 44.6329197857 44.7598851406 45.0800688545 44.5166384925 44.7487866602 45.0777780258 45.0477118135 44.8234714559 44.9603023055 45.1000096113 44.7742817082 44.8057647611 44.6958044569 44.7391978293 44.9822524177 45.0244277977
44.702093903 44.6401854139 44.669913418 44.5490215309 44.6308289976 44.546550604 44.6868010745 45.0974378323 44.5202510173 44.5492435817 44.802702691 45.0179633523 44.7063506232 44.6061157126 44.9836931357 44.6951887576 44.6094807804 45.1657681665 45.0074990297 45.1437254528 45.1841230137 45.0934155683 44.9416094777 44.9059448848 44.9164705336 44.5716136543 45.1149660836 44.9791091091 44.7924165344 44.9009819475 45.0519760605 44.9752465128 45.0630259593 44.6305859269 44.714165074 45.17829547 44.5257568699 45.0694167091 44.5733225159 45.1734035446 45.1686778699 44.9853005047 44.6434829285 44.5193968209 44.5993993076 44.5672744583 44.7664069246 44.990235336 45.0878444664 45.1523169206 44.8220628404 44.8342919604 44.6477797694
