Spatial_Output/90% DEC/90DEC_0035.asc
NCOLS 155
NROWS 192
XLLCORNER 196769.923733
YLLCORNER 449719.875193
CELLSIZE 27.603701
NODATA_VALUE NaN
[rows 115 to 137 of 192, columns 0 to 52 of 155]
0 0 0 0 0 0 0 0 0 0 0 0 0 0 0 0 0 0 0 0 46.1128855414 45.2454245281 45.4613097562 45.0511307813 45.2514415264 45.4342495776 45.2549017699 45.9555484471 45.5673651629 45.3165073453 46.3932048008 45.877279949 45.3382390676 45.5325017964 46.0878244696 46.2451399993 45.3635386648 45.41388382 45.1041496034 46.3708127507 45.0281809189 45.5535137966 45.0308763129 87.3423894324 46.1056798007 45.2107496697 45.42186592 45.6106735487 46.107390951 45.7863476573 45.7260884356 45.5482622754 61.7823147024
0 0 0 0 0 0 0 0 0 0 0 0 0 0 0 0 0 0 0 0 46.0026636196 46.1314357495 46.2459153226 45.9606349585 45.4493728563 46.0657217081 45.3877262625 45.0635735092 46.0198397678 45.2111172118 46.1723645559 45.6995061665 45.4283931803 46.0061395227 45.8913281715 45.1324947548 46.1723865588 45.5015093962 46.3773805827 45.4502518257 45.9316256367 45.6829832767 46.0618842924 45.2990921806 46.2855419621 46.300139961 46.4085291865 45.0733164769 46.2367536504 46.0411760015 45.370824544 45.3074446167 45.4739069312
0 0 0 0 0 0 0 0 0 0 0 0 0 0 0 0 0 0 0 0 0 45.4451798575 45.1486009106 46.3445591512 45.5041989395 45.7862831397 45.3174557021 45.0352282144 46.0790539507 45.8965319176 46.0266914854 45.4140563789 45.6561701081 45.455906883 46.1218295986 46.1171637045 45.2777253064 46.227741127 45.6103916326 45.2608326471 45.9051537221 45.8519258386 45.8941925084 46.3819555125 45.8072335444 45.2864329245 46.1525561147 45.7727413294 45.1604169165 45.681129728 45.2820416288 45.2231064847 45.870683695
0 0 0 0 0 0 0 0 0 0 0 0 0 0 0 0 0 0 0 0 0 46.2997001824 45.4862825651 45.6337191316 45.9032103026 46.3548610331 45.0928697325 46.2745991625 45.6207218655 45.3299512668 46.2842622607 45.2156306963 45.7341478501 46.3509933931 45.7062512218 45.1050534312 45.259826608 46.0475533031 45.1203925888 45.1394205909 46.0186609167 45.2088927433 46.3765330648 45.5662811923 45.0485612373 45.7399243538 45.4043290725 45.7268378851 45.1424892815 46.3465029407 46.0199834215 45.8289392453 45.255501969
0 0 0 0 0 0 0 0 0 0 0 0 0 0 0 0 0 0 0 0 0 0 46.3112782007 46.3397787869 45.9761406968 46.2611850871 45.3918957618 46.0757502822 46.0947018724 45.9875973805 45.4627868457 45.967356199 45.2977590928 46.2037708704 45.1479965809 45.9781942007 46.0456604657 45.0370793194 45.2314127675 45.941687363 46.0700241536 46.3026035571 46.1582903047 82.6090090118 45.5571981486 82.6090090118 46.1530370429 66.4130066539 66.4130066539 45.4855050586 45.7035768799 45.3090764755 46.220674806
0 0 0 0 0 0 0 0 0 0 0 0 0 0 0 0 0 0 0 0 0 0 46.1602794438 45.5933032673 46.0046862845 45.9220483611 46.1917512686 45.1594217597 45.0921881831 46.2254118137 46.031537535 46.4045350006 45.1466735167 45.7500993983 45.4897131448 46.0684864621 45.919885301 45.2212863065 45.5227926279 46.1920595998 45.2296207767 46.317404907 45.9204485496 45.144422451 82.6090090118 46.0422487333 45.2140025043 66.4130066539 45.3515564633 74.2132222425 45.5858889706 45.3733902246 45.3773418939
0 0 0 0 0 0 0 0 0 0 0 0 0 0 0 0 0 0 0 0 0 0 0 46.0942401503 45.2670581508 46.022192725 45.8714814607 46.3939637765 45.3290805264 46.2170398139 46.3796969333 45.7977575239 46.166637132 45.7707590612 46.2787831257 45.4311201231 45.0598682985 45.8264999571 45.8659080886 45.97002427 45.2619847679 45.6163103977 45.3598985936 45.976948141 45.8763581344 45.6454663098 45.1734148686 45.9036075559 45.4284420388 45.2466014044 45.1418933017 46.141972704 45.6379026731
0 0 0 0 0 0 0 0 0 0 0 0 0 0 0 0 0 0 0 0 0 0 0 0 46.3560891618 45.1772485942 45.6706333116 45.5532430952 46.3542328131 45.0895427596 46.0501704989 45.7037375465 45.6426751965 45.2820287268 46.3405730063 45.0969496205 46.237336314 45.5621765043 45.2989147264 45.9959837986 45.9301553476 46.1208020698 45.4942396201 45.1791752469 45.1187297866 46.119833843 45.7014420894 45.9998466788 46.2047947921 46.0601979354 45.3421833642 45.3455915527 45.4503854124
0 0 0 0 0 0 0 0 0 0 0 0 0 0 0 0 0 0 0 0 0 0 0 0 46.2440379667 45.7723742588 45.3037628897 46.2794421458 45.7005245652 46.3167372597 45.5955736246 46.1735844963 46.2096848509 45.6464825909 45.4729056923 45.0545845076 46.2745519873 46.22036783 45.3875007112 45.6784186657 45.2283000866 46.2432372482 45.5909951182 46.0333048961 45.9585345123 45.8286293944 45.7408041856 45.8684291622 45.0137366211 67.4202114311 67.4202114311 67.4202114311 46.1362248856
0 0 0 0 0 0 0 0 0 0 0 0 0 0 0 0 0 0 0 0 0 0 0 0 0 45.5918833831 45.6726141036 45.363511931 46.2734124075 45.9161544889 46.1140074783 46.1366025984 45.6195390837 46.0531277498 45.1102185646 45.9038456174 45.5333072058 45.6332004042 45.5673380941 45.6209201466 45.7565958752 45.7943634454 45.7751208738 45.9905591676 45.1830781768 45.0217029345 46.1339529389 45.2615992956 46.0538831143 46.2813148837 45.2701073708 45.4882099418 45.6203668367
0 0 0 0 0 0 0 0 0 0 0 0 0 0 0 0 0 0 0 0 0 0 0 0 0 45.194255149 45.6621399684 45.7896862462 45.6606021 45.6646950933 45.7491644217 45.1652884001 45.43987037 46.153403872 45.2793569152 46.0778602025 45.3060948128 46.339534306 46.2743490592 45.6616222884 45.1163768949 45.2974519672 46.2094043643 46.2078463744 45.4978267203 46.2927293691 46.1368139727 45.7573539805 45.9333971575 45.7679929308 46.0898611581 45.7066820306 45.2112513617
0 0 0 0 0 0 0 0 0 0 0 0 0 0 0 0 0 0 0 0 0 0 0 0 0 0 46.1600275495 45.9920878437 45.8288236204 45.0157869211 46.2426965157 46.3815942057 45.1788812701 45.8362308426 45.5890349929 46.1907566971 45.1402560639 45.9045956045 45.3053033513 46.1223850826 45.6408192724 45.0832368826 45.7236745097 45.0412676307 45.3076852199 46.1430782761 45.2377815876 45.9159566481 45.4110059759 46.1632134881 45.1606147718 46.3989866982 45.1672025171
0 0 0 0 0 0 0 0 0 0 0 0 0 0 0 0 0 0 0 0 0 0 0 0 0 0 46.2392783303 45.5140728088 45.5349125559 45.4944166344 45.064970213 45.3061832585 45.8222869002 45.3737893449 45.7617705716 45.2901103356 46.0525892747 45.3242992244 45.7925587005 45.5307412347 45.7190336922 45.0576462821 46.2180453505 45.5804105426 45.2722222836 46.0779992953 45.8111614094 45.7632226681 46.2602367349 45.4370040722 46.3053217885 45.79301986 45.5265497482
0 0 0 0 0 0 0 0 0 0 0 0 0 0 0 0 0 0 0 0 0 0 0 0 0 68.9900707502 68.9900707502 45.9860867138 46.3336167426 45.557119998 45.7143512212 45.5056501011 45.6504120534 45.3099070054 45.7160496162 46.2049640902 45.8334169847 45.8760334129 46.1503339145 46.3937390906 45.9649251636 46.0096766368 45.5614228425 45.438654499 45.0448402201 45.1297705319 45.695447337 45.6263167206 45.4507182571 45.6534708363 45.3953897449 45.755679835 45.4102054539
0 0 0 0 0 0 0 0 0 0 0 0 0 0 0 0 0 0 0 0 0 0 0 0 0 68.9900707502 68.9900707502 68.9900707502 45.461049698 46.3003763939 45.6668028131 46.1991880694 46.1677293199 45.1858133729 46.0477204267 45.4851212283 45.4492453962 45.6117528629 46.1150581329 45.954338316 45.9561378624 46.3391755899 45.6386113456 46.0842063529 45.5008821717 45.0413850356 46.1395522357 45.0943867552 46.3939123978 45.7635336379 45.2199294379 45.2032949496 45.6261625895
0 0 0 0 0 0 0 0 0 0 0 0 0 0 0 0 0 0 0 0 0 0 0 0 0 0 68.9900707502 69.2456416257 46.1827028287 45.7373317907 45.1594151166 45.8125915795 45.6592102428 45.1394204208 45.9034939214 45.4763160472 46.2451462516 46.3444904948 45.0726564291 45.0096618786 45.9087874963 45.8641045189 45.8285334384 45.3167668318 45.1737952458 45.9927243321 46.1189686949 45.6969370164 46.1943354793 45.1430936526 46.0124483854 45.3650518644 45.7673109225
0 0 0 0 0 0 0 0 0 0 0 0 0 0 0 63.3005692502 58.883165237 60.2718744872 0 0 0 0 0 0 0 0 0 0 0 46.1302333075 45.760117209 46.2331662314 45.2443667828 46.2025844061 45.0025692519 45.4076492876 45.9859212103 45.4041192558 45.5605059147 45.9219852087 46.3221266925 45.1727507305 45.1483329315 45.5214752931 46.3328699042 45.8641740332 46.0035262786 46.2859835424 45.42860783 46.2220618154 45.1765655902 45.2472702916 45.1470628686
0 0 0 0 0 0 0 0 0 0 0 0 0 0 0 66.8221982514 60.9064019082 62.8729749292 0 0 0 0 0 0 0 0 0 0 0 0 45.246189298 45.7879501571 45.7318956326 45.4745095979 45.1416493223 45.0920123218 45.5211728194 46.3956080694 45.5594242949 45.5188245699 45.8057110927 46.3189121351 45.2267591277 46.2487598698 45.7495820745 46.1495683996 45.6797831221 45.3283536065 45.1844981802 45.9629066137 45.8051402063 45.7571047036 45.8711318742
0 0 0 0 0 0 0 0 0 0 0 0 0 0 0 59.7703322519 59.6612775981 65.7834269162 0 0 0 0 0 0 0 0 0 0 0 0 46.1940081539 45.2504347825 45.3536468394 45.6538945669 45.8814547668 45.8615399281 45.5589926344 45.4126297052 45.7231010992 45.7678839954 46.1046672679 45.2627245113 46.0756496602 45.2926784559 45.7494775859 46.2908578064 45.0696666429 45.2674820789 45.9579964295 45.8584334278 46.2956106909 45.6992851539 45.5746703783
0 0 0 0 0 0 0 0 0 0 0 0 0 0 0 0 0 0 0 0 0 0 0 0 0 0 0 0 0 0 0 45.1827040338 46.2643340568 45.6834984713 46.0008946744 46.3310434935 45.7852257643 45.0297786514 45.8072367731 45.7284199307 45.7043800099 45.5559246002 45.5356841761 45.5717408957 45.4566377864 45.5282356053 45.5236667144 45.0590056571 46.0779643491 46.3182482927 46.2478557112 45.4468473324 45.2392613141
0 0 0 0 0 0 0 0 0 0 0 0 0 0 0 0 0 0 0 0 0 0 0 0 0 0 0 0 0 0 0 0 45.0364449328 46.231218095 46.0614881573 45.9261282799 45.0506266731 45.3587833905 46.3767870968 45.2978321603 45.6221623586 46.1334148798 45.3205942501 46.1874741371 45.1218461199 45.0713798121 46.2663286457 45.9678659345 45.0784649866 45.2361221136 45.4340766917 45.370650345 45.4653813714
0 0 0 0 0 0 0 0 0 0 0 0 0 0 0 0 0 0 0 0 0 0 0 0 0 0 0 0 0 0 0 0 0 45.6248452015 45.7821589614 45.7693242968 46.1437589159 45.3159016406 46.0473127494 45.0659843726 46.3960725902 45.2894484631 45.0463847491 45.6806954378 45.2038225178 45.0895981616 46.0903778728 45.1523096282 46.2392889415 45.2436935424 45.7720068845 46.0075487946 45.3756087361
0 0 0 0 0 0 0 0 0 0 0 0 0 0 0 0 0 0 0 0 0 0 0 0 0 0 0 0 0 0 0 0 0 45.05886501 45.5414877537 46.3431876988 46.010006048 45.9648121611 46.1270705226 45.1774964017 45.1977583063 46.0767987699 45.1074864628 45.3223838221 45.0389873404 45.7094435055 45.4011628213 45.7549263529 45.0295797917 45.1575558083 45.8659081752 45.8983244294 45.2952851194
