Spatial_Output/90% DEC/90DEC_1369.asc
NCOLS 155
NROWS 192
XLLCORNER 196769.923733
YLLCORNER 449719.875193
CELLSIZE 27.603701
NODATA_VALUE NaN
[rows 23 to 45 of 192, columns 53 to 105 of 155]
34.3248193258 33.224450776 34.3961715443 34.134130308 34.2892774284 33.9599983228 33.6213648391 33.6873792591 34.0387458281 33.9504877581 33.1383282555 33.5809922286 34.2267872529 33.3053018089 33.8825633362 34.2087772395 33.8305041453 34.3796079606 33.2947076299 33.9385935119 33.8945499517 33.6362969196 34.192701813 33.6866998292 34.2387213056 33.6035251284 34.3312526667 33.4072178725 33.0639617117 33.1197846898 33.6127586382 33.5174827587 33.1138349001 33.0637458703 33.7549861176 34.1845165417 33.4759564298 33.4801864751 33.7065336494 34.2712592155 34.1415746833 34.0387365512 34.2728835011 33.4286270417 33.6599861199 33.409944819 33.1096681541 33.8390145572 34.0769623404 34.2987864122 34.1081004408 33.4466273599 33.3823331371
33.3641886834 34.0233675212 33.110906893 33.7401666038 33.8423022889 33.1057777462 33.8258988227 33.1468349246 33.1300944078 33.1510228799 33.7646976004 33.1301245516 34.1342367563 33.0438708892 33.0404417351 33.3748436176 34.1139078523 33.1677297837 33.2440613219 33.6073438358 33.388094695 33.3200687414 33.9414638297 33.5147115405 33.8805239683 33.011622179 34.1443070141 34.0105320196 33.2677352953 34.1410599303 33.8715467382 33.1755807428 33.3125391369 33.1516605745 33.6615425469 33.4399959836 33.0262770187 33.0086526405 34.0387590255 34.0448478321 33.2884382007 33.5031968858 33.9941819077 34.0599567317 33.1894921492 33.1641914558 33.7595789301 33.8163866388 33.9675982066 34.1893507447 33.928002202 33.5790668664 33.4537954252
33.4280350651 34.1833469951 33.144136915 33.2523175408 33.8547382288 33.6812834329 33.5932273654 33.4868561362 33.7082592688 33.3276604378 33.01524274 34.3068780691 33.9585352229 33.5235339024 33.7145264331 33.2405764049 33.0147904725 33.3779062353 34.158794028 33.4385846472 34.1551538628 33.7817584957 34.2457241081 33.0558238609 34.0852898702 33.5734198572 34.2839424334 33.6497722914 33.0284952298 33.1770354547 34.1615733437 33.8096870634 34.3265361479 34.3439870468 33.7944009186 34.3821202414 33.7711421605 33.1818811657 33.8603039841 33.4280700946 34.3076792071 34.2632839964 33.7151543312 34.1039942806 34.0733162268 34.0678149137 34.0397634074 33.1718899734 33.6485170522 34.2327034576 34.1852719165 33.6621570784 34.2882508645
33.9937316682 33.8423145951 33.6271971222 33.0681522255 33.1503100546 33.9549571962 33.8019695215 33.8112400966 34.07325994 33.922217013 33.3154132955 34.1624686797 33.220352307 34.3313499282 33.3858122638 33.0370991816 33.5634349573 34.3035550364 33.6669018538 34.1114881079 34.1523815535 33.3723769791 33.6455649089 33.385745969 34.3590836522 33.2423946709 33.6467205778 33.9221694519 33.2045272326 33.0344521263 34.072329014 34.0658044842 33.1018079805 34.3741186388 34.1227637417 34.2075240286 33.4720054475 33.0795941336 33.2434606486 33.1113604693 33.50293202 33.7464327863 33.6321962528 34.3598405674 33.4509801473 33.2598174449 33.1532690317 33.2740500382 33.2593791823 34.2655457621 34.2290761039 34.0796508901 33.4143131948
33.4400784814 33.287551252 33.5564992281 33.8828914766 33.1886917458 33.2177711706 33.7261384126 34.0562669665 33.5219215259 33.9721964524 34.0550510339 33.3637434997 33.8592408566 33.8226785694 33.4988239825 33.2173093223 34.0882818415 33.1338189269 33.8153860644 33.6190821263 34.2279031214 33.6368650313 34.1835921116 33.503110938 34.1767924194 33.8838962081 34.2044040331 33.0108355343 33.9136640894 33.8783403265 33.9290463218 34.0041379808 33.5183585722 33.3700228578 33.7981076122 34.2142013303 33.727315555 33.9039540897 34.1850468481 33.2034563546 33.8234930523 33.3978495593 34.3578131735 33.9912995607 33.3504764065 33.9560562131 33.7722416696 34.0796236403 33.5906791921 33.138202613 33.7908180162 33.3097023148 34.2960319992
33.4567782438 34.2890227291 34.2787381079 33.6030548883 33.8844176668 33.7199822909 33.0104387021 33.37615246 33.8576616943 33.9313784213 33.3100774557 34.2236781745 33.5507335796 33.0012221903 34.315875768 34.3874751998 33.5424693962 33.6327974085 33.7354412874 33.598355269 33.2608733798 33.2920852523 33.6087232398 33.6275099289 33.0466664934 33.7255213289 33.2368734771 34.2831109982 34.4093461915 33.7825050125 33.9843931638 34.1297056508 33.8657247475 34.1234678758 34.1892005754 33.462316193 34.0453115455 33.6173933018 34.032531468 33.5214325183 33.8549946216 33.2192950532 34.0973060904 33.3132067226 33.742623392 33.8621864919 33.2980901986 33.1592832043 34.13082646 34.2264843669 33.9730362358 34.2355203587 33.1308836437
33.3401818353 33.915749822 34.0290673308 33.2686997766 33.8823056231 33.537974076 34.2010624621 34.0447727035 33.1318693169 33.9349762727 33.3001461541 33.9977836653 33.4378005543 33.6161638295 33.5563616308 34.1945069695 34.1950168478 34.352426337 33.9521739791 33.7711526738 33.4042846428 33.2308921094 33.1093051844 33.1413818243 34.0878769776 33.070623517 34.1433469905 34.0272327235 34.0726734699 33.6747287971 33.91551585 33.3015678658 33.8191766356 33.4875774945 33.7153114879 33.0460875205 33.4378369064 33.9520666533 33.2207081679 33.7767152351 34.305514814 33.246401305 33.45814423 34.1664207712 34.1757382436 33.5038620475 33.8255064722 33.784355504 34.3496272372 34.393734828 33.4998274391 34.4043518944 33.6863286543
33.9256811278 33.2615612424 33.958132336 34.1422380963 34.2183281915 33.2975142009 33.715536065 34.0466049572 33.5602944658 33.5847428356 33.6374730842 33.8803529418 33.9279625921 34.2050860202 33.7163474801 34.1491543576 33.6121830529 33.9110839329 33.7323436116 33.5350476353 33.9187523369 34.3381216643 33.4987155257 34.3756888805 33.3543055231 33.3341494356 33.4500379375 33.8684152043 33.7211182341 33.5937901284 33.0390110595 33.3268207379 34.0961855346 33.2464966177 33.4574460786 34.1301246521 33.4903136661 33.6212732141 33.3506007246 33.7011039354 33.6600795555 34.0743909347 34.0559400895 34.3503304006 33.9728174777 34.2942751232 33.3493829596 33.8713978881 33.1046648681 34.2761923551 34.202186509 33.3076363425 33.6189245515
33.8673074646 33.9172117697 34.1725618037 34.0112365532 33.2346249542 33.095905469 33.2585490564 33.8192790997 33.8057620451 33.5216285306 33.0027357516 34.2210820028 33.0010492897 33.0451717635 33.4104111346 34.0029829452 34.0348322679 33.3443370482 33.2683468097 34.3311266322 33.6352039948 33.7244081443 33.7798960159 33.6322914838 33.4832766293 34.07261332 34.3498849893 34.291086134 33.2754543096 34.2153585266 33.1930335534 33.2818356281 33.9668378758 34.3488001956 33.5825845269 33.6833998433 33.6913914361 33.6921813779 34.1708003666 33.5720787623 33.5816190036 34.0369215244 33.778302465 33.4047508738 33.0187918916 33.1351969383 33.5509658882 33.5881885565 33.4597045716 33.5161963227 34.1075363188 33.2991411478 33.0888680264
33.0012605947 33.8191222494 33.9238388326 33.1349446916 33.1042265093 33.4356033894 33.0735355923 34.1147356555 34.2083899826 34.0636426437 34.3483745739 33.2507499955 34.2161712582 33.0009613786 33.2179807875 34.2890165731 33.9590465408 33.0774161659 33.4152966944 33.0158746666 33.9556402438 33.0841607537 33.6932935735 33.4962179458 33.9945064469 33.7453104741 33.542610713 33.1582476222 34.313617401 33.414014164 33.6908867239 33.3071492323 34.0802040903 34.0477680981 33.3165468396 34.0964921474 34.3295694886 33.8186569508 33.8012734291 33.8339301935 33.3820284522 34.3806740141 33.4647889423 34.0949745924 33.4530017508 33.535822464 34.2387390303 33.5269323691 34.2682871921 33.9555012409 33.8236322371 33.022926676 33.9601358578
33.9493223019 33.0107062566 34.2435438168 33.4658490843 33.8623878353 34.3915694408 33.0854103658 33.8393532526 33.485864127 34.1835016189 33.1099928346 34.0607655819 33.38161266 33.6991086778 34.2254643029 33.5678114312 33.7087143746 33.1382664238 34.1356027782 34.0151364445 34.2200422465 34.0100059985 33.2881239946 33.9135410758 34.2980340731 33.366854326 34.0627948778 33.1437058631 33.6311189028 33.0608810924 33.3351060083 33.5983037032 34.2201353074 33.3527225551 33.8350411137 34.2099225429 34.1641481158 34.1941431698 33.2820845853 33.714089944 34.0760012942 33.0332095618 33.2832088734 33.0522211649 34.0909969848 34.0718283859 34.1748488112 33.3725644751 34.3659466798 34.0368748847 33.5948257821 33.6576950315 33.1797719563
33.4363219957 33.988159756 33.6769106462 33.7641641319 34.3421561545 33.8312451832 33.9357515847 34.202738499 33.0159801544 34.0922597988 34.1037416285 33.8479912037 33.268495182 33.5535857174 33.591509117 33.0988390156 34.3466379331 33.7295368876 33.3502011808 33.5286059522 33.5356396442 33.9652276328 33.9686510333 33.9750216306 34.102028652 33.164734715 33.2255978527 33.9978021766 33.6764985589 33.6563463944 33.0130763439 34.3003986527 33.1729850172 33.6480200785 34.2091012182 33.6203221744 34.1344009424 33.5980935767 33.8729053731 34.3375449127 33.2023509506 33.9230145625 33.2602480868 33.0679845983 33.216353414 34.0626146157 34.393980206 33.9857125252 33.7761079489 33.3179520978 33.2240993949 33.7220420969 34.3509277976
34.3353692148 33.3725333377 33.1048014037 33.4102943209 33.9407462226 33.3875333819 33.4766979602 33.3353384855 34.1383558184 33.0937384928 33.171697662 34.3185506537 33.8298035073 33.7969574383 34.2382034333 33.7055186828 33.7851456807 34.10409142 33.259390971 33.5090240718 33.3519914068 33.9147158497 33.3097388582 34.2343990951 33.6495440885 33.5499610819 33.9885700872 33.946688921 33.555737305 33.7229893849 33.333107044 33.6657015433 33.3959965755 34.0643765513 33.1030041037 33.2581426459 34.410577555 33.5966049604 33.2151527389 33.282183215 33.1751633657 33.1285663479 33.5463574408 33.4597888479 33.7281705819 33.2959166083 33.2582130543 33.1273083068 33.7515708331 33.302760996 33.4367608058 33.6616627665 33.7356089166
34.3436997322 33.0776041095 33.2989100051 33.5303353988 34.0643159679 33.6561251071 33.4140655035 33.1672883089 34.1835800547 33.5094011706 33.0020225801 34.2229906635 34.090551967 34.0365778378 33.6205780064 34.0413692005 33.6354030051 33.3670984932 33.7115207026 34.3203635204 33.0612814322 34.1645430632 33.7925919154 33.3215273334 33.4154652246 33.507002309 33.0591034405 34.2590019419 34.366911512 34.3057614961 33.599644158 33.4213721049 34.055836073 33.6790719013 34.0298128401 33.2647996029 33.5482963523 33.9428396845 34.1766129905 33.5727163178 33.5063575143 34.3323591927 34.2423610339 33.9237855467 33.333048211 33.9519864777 34.3985101027 33.276987755 33.5469402573 33.0845891226 33.7251466742 33.8043912189 33.4586958825
33.4165250834 33.9814486092 33.4975792006 34.2584395594 33.6370116852 33.0625039544 33.8241724472 34.211439396 33.7193333427 33.6047347313 33.6280862716 34.1702282749 33.1397726195 33.8527481184 33.3488628855 33.5083215193 33.0128562242 33.7795289421 33.4693796446 34.0684046931 33.6340953324 33.7359374442 33.0933343704 33.0853987963 33.068519948 33.2944679739 33.6280144058 34.0128193662 33.4021178128 33.261589494 33.028752515 33.0702056406 33.1521745267 34.1493883015 33.5227100567 34.3743904484 33.4805724724 33.449643157 33.2383711348 34.223706291 33.0537238777 33.3510761056 33.6165155701 34.3102115107 33.4078245078 33.3360149317 33.9093987834 33.3221820492 33.7511331725 34.2327687913 33.8020725331 33.4384085276 33.2123288204
34.1980290488 34.3215730317 34.2111682342 33.0502169169 33.5761467591 34.1247179429 33.8891955332 33.5480092411 33.0976814024 33.8020379299 34.1300409342 33.3782477301 33.4813985488 34.3990152783 33.6823604706 33.7764063203 33.4494736322 34.3937806863 33.1382524756 34.0010105888 34.26223187 33.7640469843 33.6307651143 33.0385445046 33.7294961788 34.0622815888 34.0869087098 33.8367850019 33.5606939617 33.7753337301 33.0167072324 34.2069077173 33.1408113103 33.9593434655 33.5269880142 33.4542546941 33.8366536252 34.3228944821 33.1592173908 33.6679810048 33.2870242011 34.1965899178 34.2352280125 33.4846393253 34.063413401 33.32642243 34.3775457595 33.332186009 33.9075537778 33.8320124746 33.6022862125 33.4503852847 33.689958538
34.3258609556 33.6129620697 33.6078612205 33.4515390671 33.1591907096 33.5819486522 34.3932600538 33.2001690629 33.2827208941 33.0675366635 34.2701857703 34.1566607193 34.0545087327 33.7494835345 33.1053068865 33.1244322404 34.1869142796 34.1704367931 33.6449571365 33.5026592987 33.5011478112 33.8210258085 33.399910644 34.3440743306 33.5516958813 33.2233738092 33.1023142004 33.6794330523 33.29550681 33.880022393 33.1643435315 34.282696777 33.1630896339 34.0291244102 33.5076633674 33.4188285485 33.3865816216 33.6767729454 34.2526560799 34.3755514202 33.710138331 33.9653423604 33.8378452572 33.4527559163 33.8325257075 33.1528369295 33.1641064232 33.275918108 34.1168861465 34.35394414 33.1911731809 34.1720193518 33.0877191691
33.9689222444 33.4187323283 33.8789853412 33.7778306054 34.1381662791 33.5971012802 34.2334028399 33.83167048 34.277542083 33.1855036881 33.2664502612 33.0514741624 33.0389955686 33.4060153165 33.638299152 34.0494348471 34.1341279763 33.7455592568 34.3964121795 33.0201238063 33.9911096797 34.1893549942 34.0992955205 34.2071286313 33.5791476663 33.9718375956 34.1520796652 33.4273306134 33.4128957672 33.188127174 33.2569202822 33.254266899 33.7473450583 34.0948922514 34.0026130038 33.8687750185 34.1306149995 33.3282824543 34.1015671446 33.8104927385 33.0702205395 33.4404504042 33.5736111368 33.4939934294 34.0951790233 33.668404899 33.9309648717 33.8059701389 33.7761781534 33.7053529626 34.4138950412 33.1601777996 33.4121807593
34.2481860224 34.3622450525 33.7836285862 34.0070397436 33.7495174741 33.7273380018 33.0600456524 33.2324827837 33.2827969206 33.8893574013 33.3467204397 33.8186181123 33.5014455271 33.6871579037 33.766648518 34.3629319645 34.1351120124 33.3758844898 33.0347970497 34.0802836006 34.1339611591 33.0096776474 34.1791517941 33.6811463263 33.3312690777 33.8125580155 33.3547243485 33.5200754588 33.545871047 33.0785655953 33.7461189452 34.3967472485 34.1151943948 34.1718975595 33.1234328703 33.3983872782 33.670002482 33.9282396868 34.3917678121 34.0767061361 33.7107167119 34.2799735352 33.1506407731 33.0154957349 33.4239404013 33.4299812977 33.7830488538 34.1792945064 33.9764717166 33.6833116554 34.0809340946 34.2747468325 33.6490662918
33.1884716539 34.0507976027 34.26105887 33.8291573347 34.2665686525 33.8356728787 33.782774735 34.1548358853 33.1739695911 34.389485079 33.6703183786 33.9701776964 33.2997610383 34.1102766647 33.6181143443 33.9386423337 33.4865134754 34.4060756289 33.8618161351 33.2804856061 34.3888175851 33.8654969679 33.8911074013 33.5965464864 33.6540174255 34.2323141486 33.6684053588 33.8642164967 33.5418707507 33.7439463323 33.0930121148 33.4728084941 34.1311206757 33.0962549725 33.6014448847 34.3515667973 33.6664364205 33.1594073535 33.5629761761 33.6966104655 33.2174866808 33.3887812279 34.3532238049 34.3087937697 33.5992684594 33.0931464627 33.0135539206 33.2982759039 33.1064130095 33.3909501699 34.0844666332 33.2854462146 34.3140252981
33.3335854474 33.7722558622 33.0296103476 33.6683280968 33.1620227807 33.91140424 33.3244573225 33.0638391178 33.8616615996 33.9544063757 33.2974173587 33.3493637172 33.7789907439 33.0689054957 33.8959866631 33.7470624915 33.8408362685 33.0685721089 33.0427450469 33.3213639033 33.4257427641 33.3777811497 33.6015886556 33.1499082935 34.2728495241 33.8883105077 34.2544893503 33.3209805297 33.1016599418 33.1749944936 33.9254525967 33.7584558847 34.00828566 34.2690850111 33.3522032337 34.1658894729 33.9895160316 34.2955906213 33.6042154606 33.0331329533 34.3251441616 33.5765717543 33.7730459854 34.0845806139 34.1247175709 34.1903479668 33.6072805787 33.008734144 33.2164133752 33.2220727428 33.6624029224 33.1707865977 33.6092056563
33.9963874511 33.3187386849 33.0647449605 33.6421547885 33.6312462964 33.7134916754 33.3442196419 34.2620927798 33.0122969629 33.6521697112 33.7269545138 33.302006122 34.2737385476 34.3604182703 33.7327203222 34.1330961594 34.0395512457 33.7499202106 34.066637564 33.5916749024 34.1972838772 34.1114056495 33.0843032591 33.2559074328 34.0366938853 34.145529559 33.469378642 33.5226246173 33.0335736932 33.0276218914 33.5511742486 34.3002914328 34.2014119032 33.8750997573 33.1642869101 34.3030982501 33.0250624131 34.2508050538 33.7450777329 33.73826741 34.2027091386 34.0791915719 34.2831427579 33.5034152377 33.4250729505 34.4082550986 33.6473528923 33.3729132377 34.0144329249 33.2650730596 33.5037395464 33.0671878317 33.8177556833
33.2233934983 33.2484141422 33.2072760071 34.2589019073 33.7181269326 34.3171816679 33.2115342897 33.2115758737 33.9260057487 33.1193803146 34.0926850702 34.2002116158 33.2098907733 33.2564369378 33.3811422044 34.3297762818 33.4986901164 33.4179233869 33.5424285832 33.4030089038 33.9624510916 34.0993714295 33.3290044816 33.3576650779 33.1595134908 33.4410359653 33.9867767954 33.6846488863 34.3177655787 33.1480586357 34.0655697746 33.9971846432 34.3569142878 33.2000715747 33.5504664525 33.196995877 34.0479176317 34.3069063675 33.2347051265 34.0553613387 34.2956441274 33.1020654593 33.3714073545 33.9827656926 33.9733656316 33.1312558038 33.9506828873 33.024760091 33.3646805782 33.1501130959 34.010806831 33.0159310952 33.3101378795
