Spatial_Output/90% DEC/90DEC_0048.asc
NCOLS 155
NROWS 192
XLLCORNER 196769.923733
YLLCORNER 449719.875193
CELLSIZE 27.603701
NODATA_VALUE NaN
[rows 0 to 22 of 192, columns 0 to 52 of 155]
0 0 0 0 0 0 0 0 0 0 0 0 0 0 0 0 0 0 0 0 0 0 0 0 0 0 0 0 0 0 0 0 0 0 0 0 0 0 0 0 0 0 0 0 0 0 45.7265152261 46.2035822709 45.4672843629 45.9616806263 46.1812941244 45.783115875 45.7773333635
0 0 0 0 0 0 0 0 0 0 0 0 0 0 0 0 0 0 0 0 0 0 0 0 0 0 0 0 0 0 0 0 0 0 0 0 0 0 0 0 0 0 0 45.6148921414 46.3017135089 46.1135338718 45.1123812865 45.2524401922 45.0213881434 46.37807776 45.8888203676 46.2271404659 45.7569606458
0 0 0 0 0 0 0 0 0 0 0 0 0 0 0 0 0 0 0 0 0 0 0 0 0 0 0 0 0 0 0 0 0 0 0 0 0 0 0 0 0 45.7218523339 45.5325952238 46.3929861592 45.5365740166 46.2127051198 45.3130353644 45.4813771083 45.6181689527 45.6208206696 45.0466198671 45.11735342 45.3764722593
0 0 0 0 0 0 0 0 0 0 0 0 0 0 0 0 0 0 0 0 0 0 0 0 0 0 0 0 0 0 0 0 0 0 0 0 0 0 0 45.7874210449 45.6726675977 45.3006832948 45.3473902644 45.1286534922 45.2106509603 45.8154187204 45.8195123615 46.3282700427 46.2428030127 46.3296029397 46.2703659012 45.6847623012 45.7203800531
0 0 0 0 0 0 0 0 0 0 0 0 0 0 0 0 0 0 0 0 0 0 0 0 0 0 0 0 0 0 0 0 0 0 0 0 0 45.826277351 45.1934453028 45.888161967 45.8570652052 45.1696329365 45.6301850854 46.0092539159 46.3610151032 45.6775659162 46.1887227078 46.3807032495 45.9356809796 46.3838736207 46.1393772449 46.3376198839 45.4308198593
0 0 0 0 0 0 0 0 0 0 0 0 0 0 0 0 0 0 0 0 0 0 0 0 0 0 0 0 0 0 0 0 0 0 45.4848421916 45.8560979151 45.0416818465 45.6738732052 45.6507326554 46.0375670833 46.0270913075 45.70699324 46.2346812852 46.2634646361 45.2685286413 45.6980760414 46.2082179497 45.7820920887 46.1513647958 45.5698363893 45.6863124083 45.4772037317 45.2408184344
0 0 0 0 0 0 0 0 0 0 0 0 0 0 0 0 0 0 0 0 0 0 0 0 0 0 0 0 0 0 0 0 46.2292019253 45.3156472881 45.5226108515 46.0953160837 45.3374325256 45.5603267149 46.3990752802 46.1646322878 46.0489553469 45.1254090983 45.3416602006 45.5653222083 46.4020948977 45.3337282237 45.8075110752 45.1564109572 45.9495650223 45.1971735672 45.1419974125 45.7762010825 45.545082314
0 0 0 0 0 0 0 0 0 0 0 0 45.1390930715 46.2950202648 45.7618537987 45.3430564502 45.8350329554 46.3863167895 45.0902463357 45.8227038652 46.088173678 45.0833434055 46.3782314135 45.3945326085 45.830466588 46.0650192298 45.4563635546 45.4067203573 45.2829367288 45.1569885846 46.3339569099 45.1727337516 46.1172298883 46.0215901581 45.0270994631 45.5049697641 45.3447343385 45.813936067 45.7861725622 45.7428336421 45.9740557849 45.7413336746 45.8905036405 45.4882794253 45.1528939324 45.1789742794 45.0634581356 46.3632694355 45.1787993814 45.722718026 46.2219061028 45.6704824077 45.2802219672
0 0 0 0 0 0 0 0 0 66.0157224757 64.707640507 62.8078945381 45.5038387966 45.3139423857 45.5142993725 45.3626768023 45.900362131 46.1928384901 45.322619718 46.1719800219 46.0786820208 46.0078528836 45.5815331527 46.3953062738 45.7846466589 45.8701453773 45.8911795572 46.2113953058 45.1627539555 45.1293494469 45.0545657904 45.0824197739 45.1562812181 46.0978729579 45.7932364696 45.1655894176 45.966896015 46.0905869939 46.2962435084 46.0881711882 46.2889021011 46.3924260814 46.2563057978 45.7040630483 45.8428661946 45.863703442 45.0013661584 46.2203388572 46.3113102626 45.7930151932 45.3669637895 46.325810577 45.7591386343
0 0 0 0 0 0 0 0 0 65.3952978044 54.7501232935 66.7224339709 45.8147309403 45.4702710555 45.3336623863 45.305047565 46.1016930562 45.6349438631 45.0607852517 45.6694723896 45.27326751 45.9921573668 45.3339306788 45.4028594122 46.2358001497 46.0307086553 45.9476090746 46.3028084017 45.5874839521 46.0823131312 45.8272806618 46.0432713206 45.419751606 45.8221838027 45.0056572344 45.3929501526 45.7288734656 45.3983587313 45.1292310827 45.3745840444 45.6184755643 46.3530852899 45.7839753112 46.0022415294 45.4884736167 45.8464995061 45.2966760974 45.6272316498 45.3285520921 45.2589174758 45.379131372 45.0642599455 45.0337692214
0 0 0 0 0 0 0 0 0 62.8147889546 58.4489393088 53.636600107 46.1391820059 46.2111376708 46.2562508535 45.0556708562 46.1690968929 46.3595326455 45.6875273753 46.2329434042 46.164854902 45.120762907 45.8347590169 45.3352044595 45.0080675511 46.2644048856 45.9902087595 45.7473024226 45.7472236421 45.6200782839 45.0934342771 46.1664800514 45.0037929583 45.0092383093 45.0276868786 46.3265312477 45.8941519738 45.1100324947 46.3329472302 45.1335738024 45.020519121 46.2506432438 46.3059168785 45.585362222 46.0610680298 45.9490186455 45.7892311729 45.2993712252 45.0366996703 46.1453997379 45.9308956087 45.9273361246 45.4750835878
0 0 0 0 0 0 0 0 46.3153528395 46.0762647386 45.6676386046 45.5160554978 45.4289936485 46.4044338818 46.2025886949 45.4587605281 46.0640701365 45.7357575405 46.1669132942 45.0971075622 45.6837990228 46.0840709008 46.3250568018 45.4887397918 45.4597153736 45.6595211832 45.3627736909 45.2408985509 46.1182111858 45.3339922418 45.0568231405 45.1395855245 45.2051622163 45.3861703902 45.8948936127 45.6164293193 46.3592517098 45.8825638109 46.3168685733 46.1369422657 45.5389643458 45.2287541841 45.0403102814 46.0656723627 46.3166712544 45.0243727186 45.9348292653 45.2764720398 46.0302290745 46.3915412125 45.3020691236 45.6809665754 45.1051557148
0 0 0 0 0 0 0 0 46.3298224903 46.1173704851 46.0955437329 45.2528476643 45.2995375325 46.276152479 46.3944418107 45.30516529 45.0858581948 45.6801168745 46.255590305 45.0733099139 45.8241588416 45.2782255608 45.8063451743 46.133445074 46.2759070459 45.7914764587 45.5529642865 45.7312560832 45.4548034183 45.9486108215 45.0955304594 45.2293339903 46.0374158 46.31663768 45.7417771094 46.2224141219 45.1615738196 45.6307501436 45.8641590361 45.0939043137 46.0852610949 46.1487184332 45.4575387639 45.8478237607 45.393752721 45.1534835978 45.200444831 45.4332139136 45.7685740769 45.2616332406 45.8811175763 46.0642299481 46.0029172784
0 0 0 0 0 58.7704985563 58.7418541126 53.6644572188 45.8008965698 45.9498985222 45.9020164528 45.3133542743 45.1701477191 45.9996552612 45.7215928152 46.4024674077 46.3455498844 46.0151873447 45.5357411539 46.0920850201 45.3318736092 45.9780482891 45.3731019205 45.0698883603 46.3016287108 46.2871819918 45.5022258535 45.6488553658 45.6699802342 45.1783891976 45.983992478 45.0121026734 46.3348458197 45.6767695527 46.1790134397 46.1653029269 45.3463364527 45.0678403979 46.3866873387 46.0044946211 45.0596256958 45.0859610125 45.4276242211 45.022221827 45.1493801694 45.1753856225 45.5869224808 45.0446724499 45.4087915412 45.8378101091 46.2490953556 45.8350248196 45.092958854
0 0 0 0 0 59.4389854179 59.2802041829 57.4119912803 46.0196539615 46.051273822 45.6355265632 45.077141708 45.6583191708 46.3669122174 45.253586664 45.7097314445 45.5598378009 46.383141752 45.8611934551 46.4076743817 45.0540121103 45.0480369507 46.1474028751 45.4274982402 46.0832449056 45.3773449938 45.6279476045 45.1468826186 46.0376197695 45.6438761309 45.6673111327 45.9735774411 45.0109864908 45.3722079167 45.6798407256 45.8848294634 45.3189665098 46.0418123781 46.0673014202 45.8482818062 46.3256072316 45.3649298505 45.1832028333 45.3280633642 45.0706950577 45.4610095025 45.8323944196 46.110501913 46.1467013903 46.3548980096 46.1887999477 45.0948159843 46.3367751867
0 0 0 0 46.2279062752 65.6128815183 59.446507276 62.7812129528 45.3760852683 45.2064065262 45.9933364347 46.2621466487 45.2268676249 46.2287840031 46.0278038876 45.5061804379 45.2512028102 45.5570291556 45.5979275254 45.3001713025 45.9327248991 46.3860518933 45.9233012807 46.0947778125 45.4631148722 45.0186733076 45.5174233293 45.5825820632 45.2201638705 45.0915687715 46.2589996283 45.2018599791 45.1331849077 45.7810828425 46.2294794573 45.1371274623 46.012641893 45.3788763174 45.5937027906 46.255540531 46.1077803228 45.255873491 45.5491112971 45.7782884555 46.2727205573 45.6991053583 46.3241713413 46.1481432294 45.656126866 45.207658831 46.025128383 46.1794739225 45.6257153938
0 0 0 46.196280604 45.3824254108 46.1472625755 45.4434427402 46.3860603575 45.2102854654 46.152859672 46.3694745213 46.0412747726 45.3182221449 45.6149657966 45.7102532681 45.0236225658 45.4618449353 46.371111994 46.3774249317 46.0756909276 45.2617847498 45.7030512914 46.0528441861 46.1157262192 45.774139282 45.6663827558 45.0085101243 45.7336629554 46.1791737541 45.9127125008 45.3354099616 45.3853138509 45.8949511623 46.2871623241 45.0546020049 46.2622802442 46.3225341985 46.040038614 45.1578583674 45.1268219063 45.7019751837 45.4338082486 46.3273194916 46.1157286051 45.8249407945 45.0462042403 45.5194981962 46.3060890775 45.8254006512 45.3040751141 45.9152499466 45.5634235617 46.1558793304
0 0 45.8545346185 46.1714075738 45.316202265 45.6792171542 45.8864614687 45.3416841704 45.3741505804 45.2822571205 46.1623784122 45.873947609 45.7617992944 45.4586113801 46.2656560848 46.2343515711 45.7043225093 46.1283394734 45.9495176541 45.206763473 46.3964244395 46.0829522828 45.0693315929 45.9888720472 45.5845225532 45.3245079433 45.9288900579 45.8259226013 46.3725244938 45.9844188579 45.1033582992 45.4127089619 45.6803136929 45.847845877 45.2167486794 45.4641599868 46.1692862727 45.5712655702 45.0664908175 45.4504633208 45.7923897662 45.5067600711 46.2662340742 45.0921221661 46.2480515341 45.7269581054 45.9571854032 45.182456081 45.8192073362 45.4903484687 45.2903664062 45.0654190116 46.0209330744
0 0 46.0109667925 45.339474039 45.199663079 45.3464945693 45.3282004565 45.5775474461 45.1715770249 45.7682364873 45.0670078363 46.0454718259 46.334323991 45.901688705 45.1871942115 45.9773133848 45.7248927212 45.4828514821 46.0811008997 45.1565690422 45.4292725323 45.2216129707 45.2882588899 45.437680818 46.0022154128 45.596956587 46.2884543901 46.3223492762 46.0666635708 45.3502881609 45.7723898514 45.6828170206 46.1644820098 46.3407071408 45.8687153872 45.1619420138 45.7440535529 45.4735121084 46.2813702131 45.5267039829 45.7730165345 45.1089613881 45.7217809741 46.3387523185 45.1764637812 45.5033054115 45.5707811067 46.2018277171 46.1130178036 45.6760126042 46.2333126387 46.0612707819 45.4028987455
0 0 45.0526144046 45.6559536431 46.2874802199 46.0470083408 45.0436907932 46.071950694 46.2914509545 46.002317509 45.6583587515 45.8046197925 45.1599733408 45.2481965047 45.5012314388 46.0521964059 45.5850507301 45.3502232905 45.0446806135 45.9524855098 45.7184756185 45.8528106588 45.7202287993 45.2970294781 46.0099414017 45.0796229949 45.8551580034 45.1613772359 46.2940413207 45.6751024628 45.9698557399 45.1821627041 46.0114325557 46.3524927873 46.0685550432 45.8659418163 46.0612894245 45.4937025678 45.2271455669 46.0355323385 46.3934462773 46.3974816616 45.58955628 46.0680527183 45.3113878666 46.1336417689 45.6593384833 46.3611524691 46.3716201841 45.1246031992 45.6032419941 45.8009459274 45.4154027532
0 0 45.5140172567 46.3915897568 45.2920584184 45.4982473231 46.0366481279 46.3617925084 45.3084886596 45.2125720969 46.0516442565 46.0228685123 46.0044731578 45.7735753453 45.9846981468 45.5308576546 45.520139283 46.3278273312 45.7807072127 45.0120421144 46.2181094903 45.881207151 45.9686988642 45.4467873238 45.3871376461 45.9165543166 45.4558572444 45.9288023481 45.2040716852 46.3394201693 45.3480389416 45.2160052748 45.1511525669 46.1881452559 45.5882994679 45.1960728824 45.5397329479 45.1321343281 45.2917743472 45.7908808684 45.3842553459 45.0129067366 45.8461534886 45.7985329995 46.0978762423 46.3070147823 45.6177135173 46.279231834 46.0337543844 45.0164363235 45.0101815256 45.3907599828 45.5302060726
0 0 46.342097917 45.785119703 45.6096048132 46.1310300092 46.1661321812 45.0050167866 46.0841389842 45.9166706881 46.070672387 45.240248121 46.3226553725 46.0629694138 45.047499516 46.06684031 45.7755417442 45.8123838639 45.3769620211 46.0101544862 46.3532223319 45.7669563539 45.5079409076 46.0809027197 45.5924766056 45.9103304254 45.2381183354 45.7153819946 45.3733155667 45.2315202205 46.1522956743 46.1035010035 46.1255119199 45.1014909294 46.0260222638 45.2598459092 46.3967395866 45.8723989338 45.0742829427 46.3871045426 45.6554926347 45.5055996485 45.062703172 45.2482485845 45.4503182304 45.8188398545 45.8796126763 45.0550087413 45.1789320914 46.3386469304 45.7765757188 46.2186576693 46.0976307211
0 0 45.4204415902 45.7508005058 45.0560260417 45.5914461782 45.7244765822 45.9088919202 45.5838633675 45.8291152092 46.2663603909 45.2933557135 46.2118905146 45.9899153943 46.319900521 45.8454085453 45.3287742579 46.3604847672 45.5788658466 46.2535059783 45.8865980587 46.3092016863 46.10536703 45.0431270119 46.3524994529 46.1379470791 46.2399391708 45.4029748639 46.2946576432 45.6071210298 45.7074184575 46.1053240333 45.0857668632 45.7578245582 45.3260788233 46.2081743492 45.675681905 45.7765854508 45.5765637871 45.5860951856 46.3590628466 45.7661732823 45.9208777831 46.3940239612 46.1292353621 45.9600427697 45.3023150674 46.057673927 45.3522193842 46.0396434456 45.1179181338 45.0321151408 45.2462323333
