Spatial_Output/90% DEC/90DEC_0999.asc
NCOLS 155
NROWS 192
XLLCORNER 196769.923733
YLLCORNER 449719.875193
CELLSIZE 27.603701
NODATA_VALUE NaN
[rows 0 to 22 of 192, columns 53 to 105 of 155]
24.1975656966 23.8852507718 24.8437018417 24.3049821975 23.7947071838 25.0399216835 23.6304727969 30.9872896852 32.7482693948 36.0008267465 24.8306075008 0 0 0 0 0 0 0 0 0 0 0 0 0 0 0 0 0 0 0 0 0 0 0 0 0 0 0 0 0 0 0 0 0 0 0 0 0 0 0 0 0 0
23.9132954906 24.0406017908 24.1655676947 25.1280919139 24.6423785589 24.3482616741 23.6436273483 34.3148693858 37.1146669524 36.3770636054 24.0832700421 25.1103190416 0 0 0 0 0 0 0 0 0 0 0 0 0 0 0 0 0 0 0 0 0 0 0 0 0 0 0 0 0 0 0 0 0 0 0 0 0 0 0 0 0
24.9190494248 24.0756256442 25.0431022969 25.4916097801 24.1801703557 24.0710508874 24.7976694009 30.1494560028 35.8802043887 41.1999078528 24.9932460946 24.1397445165 0 0 0 0 0 0 0 0 0 0 0 0 0 0 0 0 0 0 0 0 0 0 0 0 0 0 0 0 0 0 0 0 0 0 0 0 0 0 0 0 0
25.0020458262 25.6053084182 24.1739349548 24.9774789659 23.7995134085 25.3868192003 24.7000182337 25.1224555745 24.1464701158 25.2803096808 25.1490177768 24.4845609328 24.8870994522 0 0 0 0 0 0 0 0 0 0 0 0 0 0 0 0 0 0 0 0 0 0 0 0 0 0 0 0 0 0 0 0 0 0 0 0 0 0 0 0
25.2190738649 25.140569563 23.742325683 25.1681116714 24.253286778 25.3168165462 24.988173684 24.2397511227 25.0399443428 24.4004259292 25.1746488388 25.0650165935 24.1374391165 25.5982673817 23.6223193831 0 0 0 0 0 0 0 0 0 0 0 0 0 0 0 0 0 0 0 0 0 0 0 0 0 0 0 0 0 0 0 0 0 0 0 0 0 0
23.9719214545 24.3812874215 24.3535553238 23.6420456426 24.0368174834 24.0732333136 23.6005419467 24.180993199 25.4608116955 23.7407475825 24.7096110618 24.3794949443 24.4592107806 23.5156879876 24.1554162919 25.096084445 0 0 0 0 0 0 0 0 0 0 0 0 0 0 0 0 0 0 0 0 0 0 0 0 0 0 0 0 0 0 0 0 0 0 0 0 0
24.1770454015 23.8350816684 24.8482988084 25.2042254569 24.5630890143 25.2898024253 25.3611290534 24.3964759328 25.587979631 24.9465591837 24.2692311481 24.0783577325 24.8648277893 24.3514627676 25.4446800395 24.2957678581 25.3083769999 24.0208944313 0 0 0 0 0 0 0 0 0 0 0 0 0 0 0 0 0 0 0 0 0 0 0 0 0 0 0 0 0 0 0 0 0 0 0
24.0486533436 24.969695783 24.4189159969 23.5537342087 25.5119697986 25.0413703994 25.0124066145 25.2445985831 23.9345918821 24.9421142747 24.1066569741 25.0466847369 24.7625593917 24.5759168276 23.710759404 25.1110466219 24.4988590998 24.4678247509 24.6416604371 0 0 0 0 0 0 0 0 0 0 0 0 0 0 0 0 0 0 0 0 0 0 0 0 0 0 0 0 0 0 0 0 0 0
25.156410965 25.2371684644 24.6975103542 25.2180747823 24.2168501802 25.202727698 23.8654484172 25.1637014145 25.4073265299 25.2672019921 24.6625020842 25.1377649358 24.6753494878 23.6776514007 24.5312961742 23.5546669416 25.4078533526 24.2001357609 25.5262030946 24.40180049 24.7004070007 0 0 0 0 0 0 0 0 0 0 0 0 0 0 0 0 0 0 0 0 0 0 0 0 0 0 0 0 0 0 0 0
23.5615301505 24.9709412852 24.0047495416 24.8334540858 24.731279704 25.4241124625 24.2001974251 24.9982809245 23.5265441219 25.0691117873 24.8225672083 23.6489066315 23.5255399862 24.6599335951 24.0268281817 25.0828036181 24.7049671158 25.2818464108 23.8352469691 24.436856316 23.5515192685 24.6434013284 23.6804980367 25.3294642938 0 0 0 0 0 0 0 0 0 0 0 0 0 0 0 0 0 0 0 0 0 0 0 0 0 0 0 0 0
24.8992744534 23.7372331878 23.9938906351 25.274743238 23.7563463408 24.7462039762 25.2575580639 25.4364822386 24.6216023045 24.2260908973 25.5213041322 24.916940637 23.7146203887 24.7034155165 25.182816011 24.3349073262 24.7462271585 24.4159309744 24.5538434774 24.7878265168 24.8632348389 23.6935620455 23.8018760486 24.5879230106 23.6157266193 25.1924556534 24.9667954772 23.9493868674 25.1948170818 0 0 0 0 0 0 0 0 0 0 0 0 0 0 0 0 0 0 0 25.1697964001 24.308723479 24.6357338325 23.8243810566 24.9112387653
24.425492556 23.6474780318 24.3360414838 24.0510561914 25.3832874275 25.2941348397 23.8461504565 23.5279393262 24.7103484777 23.8108607717 25.2005031573 24.8374233197 25.0285743033 24.2750929378 23.8374592513 25.179298502 24.7640461296 25.3707187986 24.1552843901 25.5770047068 23.784352142 24.6137331741 23.5543131832 24.0519191919 24.4520087163 24.1666234624 23.6191065133 24.7624585148 24.1177597693 25.3358243397 24.3649001082 0 0 0 0 0 0 24.4320491804 24.8583997289 25.3529074655 25.3011246522 25.1107863046 0 0 0 0 0 0 24.5755985485 24.0087277364 23.7226792204 23.9328854714 23.7627752483
24.8154964263 24.8264500382 23.9257367191 24.1682575032 23.9066777482 25.2372827782 24.3530341288 24.8445019248 25.2641340907 23.897440844 23.6147248917 25.2020423317 24.4242136398 25.0458922452 23.6261594004 23.9630933496 24.4319766281 24.8994575242 24.0337776197 24.9908450098 24.9354097229 24.4316925209 23.6769596367 25.1900693866 24.0979741361 24.2919325717 25.5734269368 23.6213574557 24.5168027422 24.2522743582 24.4638194429 0 0 0 0 0 0 25.4145795645 24.428061796 24.3733316911 25.0729188439 23.9049647292 24.365109066 24.755634768 24.919454214 0 0 25.592482813 24.7291576318 25.5265006278 24.5773234014 24.2834284938 24.1809169421
24.1571808604 25.6045705723 25.3653609037 23.7247142845 24.5912265824 23.5106355222 24.5492149239 24.2055973339 25.1022470599 25.1473455446 25.3795690626 23.5131887949 25.5224204111 24.4952813277 23.994121497 24.2869798991 24.1385514477 23.5652648096 24.6998487645 24.8927184442 23.9041912951 25.0460809474 24.1351422957 23.6683110283 25.2534196327 23.5158948081 23.627125662 23.8596354386 24.5278986814 25.1561253539 23.7263335144 25.0965432429 25.4105208837 24.1009404383 24.4902670011 23.9358204153 25.4820773873 25.1121142187 23.7010235409 25.2248093547 23.8123675654 24.0522271909 23.547988293 25.528310087 24.9582539013 23.7380679741 23.5788056737 25.3775255681 24.8362080199 23.6147689229 25.3010014537 24.0567241244 23.8814680154
25.2384914821 25.1660983431 23.7667509686 23.9678230489 23.7640751284 25.4907308171 23.8334838834 25.2518671822 23.6396938908 24.7901992655 24.577899398 24.9080155138 24.0295648939 25.0608949275 25.1097738071 23.9601333251 24.7907677365 25.5258456207 25.4482097402 24.2925564279 25.0100841156 24.8231260032 24.7715007622 23.9599744919 24.6877779496 24.3645750757 25.1784456151 25.5860835321 25.208539914 24.6526140854 24.925469785 25.6040356952 25.2413600518 25.4315405952 25.3518616258 25.3111648566 23.8464586597 23.6966177147 23.9394808931 24.1678307892 24.5189894806 24.602520762 24.3965763414 25.379693233 25.5676418286 23.5388393731 25.4377908628 24.0141741967 25.0024054099 25.0456668001 23.9813012929 24.5874310962 25.2297184631
24.6350133767 25.4556975023 24.2964055057 24.3802559587 23.5492636503 24.0592577111 23.7069289279 25.3761660149 24.7429422183 23.9680368804 23.9922667048 23.535261337 24.941805215 25.3309112719 23.5518935693 25.5837938974 25.4108261518 24.2039549195 24.7077824734 25.2173829075 25.5091121215 23.7325981356 24.7026367189 24.8270486757 23.9273948683 24.5161190528 23.826605028 24.8565841863 24.2942743923 25.3066235976 24.8281575033 23.6843690847 25.2015215712 25.4475482181 25.0499311019 23.6743888714 25.5527246656 24.9009082626 25.2254343733 24.1455325997 24.5292236814 25.3678485148 25.2509422731 25.059027496 25.3345092952 25.4467766728 25.585573795 25.0910644841 24.4876814573 24.7544099162 25.3816309029 23.5436588818 23.6332075462
24.0147856657 24.6081555902 24.3438469858 24.3780995164 25.5864167913 24.6223517152 24.0618088729 24.9349001126 23.8026080614 23.6188324049 25.0630088628 25.1213060936 25.2219182498 25.3169728377 23.6289483819 24.8157261504 24.0998577621 24.0748577693 23.595833507 25.1071625267 24.7541769531 25.3803044658 24.3092145 23.8493862745 25.3390987179 24.1196868938 23.6012862507 24.7556451381 24.6767258446 25.1451359738 24.2732565438 25.2827906469 25.4396220204 24.0420526598 24.5384827036 25.3163202248 24.1407618734 24.1249267349 24.3584115451 23.7985412274 24.0295418619 24.9430751128 24.2525035201 24.4350579234 24.5783008608 25.1415640261 24.787481991 24.6628628936 23.6244699947 25.0132992066 25.3521120633 23.8430677781 23.7544217433
25.433308649 24.1949344155 24.9027402406 24.3933465798 24.0619665202 24.1494057574 23.7094114891 23.6117225225 24.1170682527 25.3832143589 23.6714817664 24.1898424454 24.4535156725 24.4171269372 24.2553191882 24.4781413652 25.5640012062 24.4979296484 24.6678691826 24.1174680114 23.7583285655 23.923837665 24.823092106 25.4846715281 23.8693826945 24.1783497819 24.7476999839 25.3208060033 23.8978268844 23.8159532655 25.3531514303 23.8168050987 24.7193410735 24.0810508356 23.6401322351 25.3006748084 24.9932238326 23.5856142776 24.9521934503 24.5670232506 24.6486130075 25.3423997976 24.6794275662 25.6192716453 24.8896673081 23.6631103539 24.8820357673 25.2401140577 25.4393457351 24.9874966562 23.5846899078 23.6909039637 25.1414864466
23.6532314794 24.456963747 25.4851683825 24.9596633399 24.5230944832 25.2249669291 24.8969335305 23.9195707267 24.4443556679 25.5569700662 23.9455823315 24.0402319542 23.6873508387 24.6581916096 24.4486829204 24.7961173294 25.3813341697 23.7582035874 25.4173068651 23.9031043616 24.7703925875 25.4250094941 25.443404538 25.0353950232 25.5264539255 24.2673335578 24.0749486097 24.519301033 24.5956892818 23.5582026822 24.3850408951 25.1290661753 23.5624487652 24.6378814361 23.761849893 25.4995976116 24.1577383716 24.273955691 24.4250817599 25.121285402 24.1695963011 24.8254660384 25.3884642663 25.358701626 24.0427731098 23.7585447898 24.9480506505 25.1385760242 25.1602181571 25.3175679406 23.7890625655 24.2403878503 24.0079545421
25.5803092904 25.6035972751 23.779965319 25.5921728526 25.4148286107 24.9352695174 24.605638693 23.9309196316 23.9117184417 23.6872450156 24.9135839651 23.881919684 24.8717667603 23.5823994068 23.8706441194 23.5252972524 24.1464957838 24.1064883651 23.5062444265 24.5484544452 23.8501546589 23.9946850588 25.5707288278 25.4895986983 23.6749335613 25.5483267729 25.1177718522 23.8635038868 25.4723395276 24.5970795848 24.6608791397 25.1357279296 24.9119591339 24.8475696697 24.7492381212 24.1384485834 23.7483971941 24.7064996249 24.5395294218 25.0663268695 25.1149800843 25.3235821975 23.627576242 23.7157391633 25.238171499 23.8524958897 23.6100774377 24.5382311694 24.3120529784 24.5026669274 24.5203931867 23.7831770816 25.2649847953
25.4390575668 24.5237086665 24.2922204947 23.8619859571 25.0275876449 25.5471550855 24.104076517 25.3618584519 23.5893878876 24.331252041 24.5339521675 24.6891949818 24.7869214554 23.5449452082 24.3072855409 24.9946320498 24.4286703495 24.8104479799 25.5880004849 24.6201930786 25.1082750239 25.1531554966 24.2919758292 24.7933499195 24.8998739515 24.9305777025 24.0835654786 24.6688916435 24.5938350729 25.5055873665 23.8256278853 24.2035365414 24.1499979365 25.4795146372 24.0691007519 24.4176373413 24.3175625294 25.4766632724 23.7608127001 24.6433753866 24.4576398937 25.3298082333 25.2881217642 23.8247937585 25.3892957493 25.3628734916 23.8609003448 23.9770519236 24.0070132346 24.7724913462 23.8397789009 24.5001475507 24.0341963975
23.563939216 25.2120625626 25.3790610368 24.9515035069 25.022544974 23.6018535097 24.1828006009 25.230766961 23.8375495675 24.703622447 25.2054063971 23.9156449795 24.864573518 25.1637897334 24.1762195193 24.6436365113 24.2132976377 24.470045138 25.5966625208 23.7692561171 24.8958290487 23.5652167476 25.5973433028 25.1457532299 24.1443422207 24.5945887303 25.4819228953 24.0911955502 24.0192574776 23.5459875946 23.5708476725 24.8587041727 25.0522229355 25.1137869332 24.0960351114 24.452340556 23.6714672341 25.2684693021 24.5185238032 25.1760085973 24.8328264788 23.9784870494 23.6165779812 23.6987921843 24.3388270768 25.3359767274 24.7460353413 25.5082601717 24.0598705835 25.2999500837 25.5348969567 23.5183970391 23.866109807
25.4288315738 24.1221662702 25.4085636641 23.7888239738 25.124454226 24.1706871764 25.1581797972 24.7611424419 24.7294542118 24.9711205783 23.7619201447 23.6080427455 24.7530703191 24.0235211044 24.296179592 24.0156547707 24.7081913175 25.5617504104 25.2178420527 24.5853796941 24.6989080976 24.5431638027 24.8658027785 24.0076732545 23.9003793794 24.8228437542 23.5953375786 24.8204599195 25.1612620756 25.2537578274 23.8099752607 24.9675701842 24.3119670853 23.9104902733 23.6678571382 24.2785927172 25.436926784 24.6711071703 24.5560905294 24.4458729744 24.5963708085 23.7206750104 23.655566878 24.1422848564 24.5355810164 25.4434818263 24.6519184896 25.2129902087 24.9353508631 23.5824307032 25.3842608295 24.8821424469 24.4478967586
