Spatial_Output/90% DEC/90DEC_0211.asc
NCOLS 155
NROWS 192
XLLCORNER 196769.923733
YLLCORNER 449719.875193
CELLSIZE 27.603701
NODATA_VALUE NaN
[rows 92 to 114 of 192, columns 53 to 105 of 155]
46.4776702528 46.2026735876 46.8471665104 47.078832051 47.207175408 46.0276813658 47.2091699119 46.2174887917 46.1033337673 46.9626969875 47.377415418 47.3355756 47.285061988 46.2870459947 46.8749353725 46.6588595021 46.8181569904 46.6795684197 46.2684959401 46.2590439414 46.8654431239 46.9534815957 46.6903371215 46.873037705 46.29664973 47.3682475148 47.1110780186 47.248452695 46.3557305252 46.7401836097 46.2107510453 46.40908992 47.3665787416 46.757370529 46.1219360696 46.868265994 47.0276402315 46.917888177 46.7536526631 46.0251039768 46.1930022745 46.9741779806 46.9435436417 46.0080058648 46.3555099832 47.30992356 46.4572147162 47.277724312 46.0197004711 47.2180292069 47.3359872206 47.2990674022 46.3401767395
47.0243324895 47.3023198665 46.766415519 46.9062561139 46.0462844934 46.19631857 47.1500296675 46.0625741397 46.3885964364 47.2455958747 46.7689466334 47.3697251286 46.758140198 47.0960275106 47.0661482094 46.1634635533 46.1219035056 47.037528925 46.1874008392 46.8255655788 46.0518182603 46.2033962198 46.9340778156 46.2521735397 46.3987811313 46.1977156227 47.2317572045 47.3044045065 47.2313304034 46.9442086776 46.1162408067 46.0655265219 46.6431105189 46.6657732601 46.3266666032 46.4067286815 47.3049538779 46.7284896813 47.2612698179 47.2420026778 46.3837022576 46.9823444548 46.9547203963 46.5948456485 46.9380937488 46.295976765 46.9827079188 46.6903122066 46.7455392821 47.0512318129 46.2185255545 47.2046545779 46.3415784484
46.5264692572 46.6731920238 46.4203560962 46.5116360325 47.1107930326 47.3365352738 47.181390734 46.8395602412 46.5375233303 46.3185718747 46.4592524229 47.0464933855 46.5433363904 46.0596732137 46.9496877139 47.2991250204 46.403297466 47.0870476096 46.4257188472 46.282946313 46.4395037271 47.4112268093 47.3804330476 47.2777434248 46.7187955827 46.7707069821 47.1802035809 46.4876987319 46.8689856072 47.167141108 46.7692187191 46.6244518651 46.7753952651 46.9034087644 46.25244803 46.066235841 46.4982090517 46.1869572584 46.6651987328 47.1353716886 47.2144432367 47.0633135507 46.2476415025 47.3421203206 46.0711784078 47.1168652257 47.3388956896 47.3360583568 46.0906960552 47.1878464817 46.3323628773 46.5068586428 47.2172679124
46.7983798415 46.504197586 47.0515614382 46.0593069642 47.0395066677 46.8788176179 46.1838118307 46.8065069304 46.8943291493 46.3021740101 47.1022748613 46.4397337431 47.3590018788 46.0190474173 47.020715357 47.2758054373 46.7305754598 46.5027200514 46.5275209983 46.3256168411 46.897046845 46.1172029874 47.0133094322 47.3624000825 46.1481304511 46.4011320887 46.875182898 46.7495955787 46.2793213016 46.9183446598 47.1016476374 47.3132974035 46.3534991093 46.9927399374 46.1983765524 46.6664041675 46.3903652942 46.6181534773 46.5129539073 46.3739298019 46.2152209022 47.2602989543 46.749422791 46.0272707995 46.1440795425 47.39278032 47.3092897811 46.3064907489 46.7719063209 46.8571808301 47.0417692983 46.7088188947 46.7744088492
46.7748212893 46.9072408805 46.5456185785 47.2098642492 46.5939972652 46.4537329975 47.1125198149 47.1734941617 46.605711817 47.1893148539 47.2846172856 47.3515573667 46.6737739981 46.7483215804 46.0643673081 46.2722115676 46.9728789653 46.3707210447 47.0210254832 47.3453849097 46.772490371 46.8318222122 47.1711845555 47.0749273243 46.7071430579 47.3224668988 46.6645666965 47.0291683187 46.4477632113 46.8640970863 46.2782493495 46.1306266118 47.2914076469 46.1543040251 47.1121603403 46.46215428 46.4542453409 46.8309939095 46.2312106109 46.4965919909 46.8610132027 46.3542198124 46.7418356153 46.5797838065 47.1393859984 46.6262044662 47.1321183765 47.1621714099 46.8273677288 46.6441228483 46.4698166658 46.9726710989 47.0195669001
47.3448486112 47.2943164511 47.243937631 46.8570107883 46.480563912 46.1234572732 46.5820276606 46.7642125843 47.1213310027 46.8986572927 46.0460125096 47.2679964609 47.0382585035 46.0168953755 46.3638487393 47.184336946 46.2693378594 46.2427312887 46.7642949119 46.429475149 47.1732745222 46.4171981331 46.22352472 46.3947808968 46.0225828217 47.2540544421 46.6376020448 46.9993455309 46.5952859895 46.4654260525 47.3801424869 46.6818827084 46.3487103622 47.0961797701 46.851782901 46.3304091154 46.5004121036 46.8688457719 46.3885048697 47.3085925245 46.3824157475 47.0279385677 46.3704909813 46.2078784238 46.521961733 46.0692594841 46.7224090086 47.1488622782 46.5693806331 47.1604003115 46.9620360036 46.9242141699 46.4980017014
47.3002683961 47.1815294791 47.3560641358 46.0612128032 46.1009975934 46.241529864 46.0023857638 47.3092503399 47.2454508787 46.8791380457 47.0667146253 46.3244389399 46.4658546396 47.3577459776 46.3763157841 46.0285676123 46.0047179935 46.6964942308 46.5902920398 47.2146097922 47.1272517804 47.0786959771 46.7745327132 47.0360312851 47.2749046049 46.5090828494 47.3355859612 46.9437584364 46.1575231847 47.0191054462 47.3554626336 46.6557360719 46.6241696907 46.227574022 47.357332575 46.4719299186 47.3075630672 47.0116276787 46.5822766182 47.3758856828 47.0093546031 47.2128964498 46.4453934798 46.5365040662 47.1499235003 46.3977868827 47.0828916611 46.5127212155 46.3807207945 47.3319647306 46.9950834704 46.716096 47.3078907784
46.4522363802 46.311872825 47.2624565932 46.4466933624 47.2140290692 46.8875541714 47.0653541727 46.5062088786 46.3078445169 46.3940970969 46.4730437026 46.2291464086 47.0079116524 47.3237572262 46.5895267114 47.0152019738 46.5683062734 47.0941300456 47.2411942564 47.2679843525 46.9656203783 46.3227720696 46.8848864153 47.16002944 46.506998023 47.3379996827 46.1833282514 46.2588101318 46.2700717083 47.2035494171 47.2213474255 46.14966647 46.3270858125 46.4591462686 46.0620816248 46.53322969 46.8325986397 46.7625956642 47.3225952951 46.7680272713 46.0117334172 47.3315506049 46.3335637131 46.7099742854 46.3171185076 47.2139050001 47.0647328137 47.0659412877 46.7528938325 47.1407851278 46.1512718267 46.1822707115 46.1070393721
46.5802256441 47.3390603524 47.2670501534 47.3433185643 46.3495312835 46.2187360458 46.6092487804 47.4096727689 46.7396525906 46.0042237628 46.7570212082 46.4086792572 46.5154974676 46.3890933799 46.8017504439 47.1505700293 46.1276688054 46.7730777662 47.0421710427 46.9202265707 46.5047429993 46.6138053425 46.4739158174 46.9817411244 47.1052322114 46.9663852409 46.4199294862 47.2612043402 47.1761191812 46.4085768723 46.7108277465 46.7120367954 46.4947257205 46.976500929 46.7888986835 46.1288735843 47.2772542272 46.607765634 46.7639082099 46.7049234346 47.0944319905 46.6419684811 47.2651972623 46.1463238883 46.1729985385 46.8388763888 46.0860436601 47.4076194879 46.6457341055 46.5714717847 47.2538375156 46.502864537 47.0464542375
46.196330112 46.475951699 47.1095533998 46.9087489369 46.6148086627 46.5008075125 47.0109819433 46.5662081371 47.3428588208 46.5531943784 46.288245512 47.3419563227 47.1152160552 46.9478925769 46.6469048124 46.1938228433 46.0648421464 47.3302812764 46.2333789197 46.5700351397 46.6914988089 46.5769401065 46.1248313156 46.8167271154 46.7986149982 46.0918058189 46.760956588 46.8281048837 46.1199876922 46.4558981255 46.7962626951 46.4557688283 46.5436381365 47.2536507 47.2288610762 47.3312765088 46.1120216446 46.8170681302 47.2511156611 46.1542545642 46.4724893305 47.3609427031 46.6031587365 46.6126808442 46.8535317934 47.2444704739 46.7142814174 46.8993050737 46.1421927142 46.1234799506 46.9294158976 46.4171008927 46.6830014683
47.0958045775 47.3759863425 46.075906141 47.1715695016 47.1115703645 46.6003243255 47.2653377735 47.0662081545 46.1795391677 46.3719315674 46.7295856888 47.1393982937 46.1922471652 47.0025483032 46.4691747424 46.6826909602 46.9133233126 46.4486992717 46.238110377 46.5420387203 46.3056409748 46.0881481143 46.5842192208 46.9766622185 46.6984785801 47.2937310184 46.7507228037 46.2959920968 46.6532682699 46.0410454115 46.4376569747 47.221301772 46.4205166246 46.8722947182 47.2377373265 46.9148212212 46.8984453565 47.0200470861 47.127814045 47.2592815228 47.0599599157 46.0889599475 46.1141253513 46.0944518412 47.312474534 46.9664947631 46.3261147781 46.5213091169 47.1373637656 46.1770006116 46.3305171352 46.3585113944 46.8030308298
46.1840602955 46.8031587425 47.4124005691 46.8695857529 47.1447910287 47.1698689613 46.4528712658 47.1663454032 46.3588436584 46.9437293448 46.45172111 47.1129278599 46.0593020766 47.0169438809 47.0613081489 47.3845110753 47.4055487695 46.645127979 46.3900045919 46.1349747954 46.9914524972 47.3614505811 46.0333596685 46.8925360951 47.3801821353 46.0761889634 47.1858677463 46.1924826397 46.4588983026 46.8480549435 46.9714642111 47.2440792377 46.5930595021 46.5483566808 47.3689435552 46.1217588494 47.2776739154 46.1303197681 46.9965571087 46.2001637946 47.043510058 47.0658929 46.2413732193 47.1933112026 46.793945176 47.1872581265 46.0135526501 46.7150691173 47.3923147048 47.397757578 46.6206593216 47.2358110549 46.1361581043
46.4789590193 47.0405322776 46.3188298711 47.1348442479 47.055927733 47.334202064 47.1727221709 46.4110657259 47.2990338537 46.4074148234 46.1061590515 47.0967295995 46.538145076 47.3942118793 46.2496095585 46.3117506018 46.0247743006 46.7788613636 47.2262824843 46.9877625627 46.2663466635 46.201683593 46.2188949228 46.228180122 46.9874537928 46.324358766 46.7030665485 47.2102861063 46.8863307581 47.3149720763 46.60649102 46.1449279646 46.9711168003 46.4712252436 46.6532532756 46.7287736069 46.75264138 46.5217303284 46.2703983489 46.3791668519 46.9919500964 47.1011302672 46.9867885838 46.309939498 46.5986904967 47.0314773535 46.3204931597 46.3764002787 47.3214856126 46.9758650336 47.0205938965 46.6739205005 46.9420120108
46.6447906609 47.2302909402 47.3072722994 46.5277580885 47.0138539621 46.7036075458 47.4002110623 46.5400578244 46.2269338181 47.3655443603 46.6788404357 46.4311518553 47.0086950598 46.7114413435 46.4710811858 46.3786267163 46.6107925268 46.2107489322 46.0695496644 47.3355792711 46.8991337412 47.2034241942 46.0124002053 47.3599094239 46.0245452291 46.6237921665 46.0375486704 46.8163381725 46.1037404923 47.0577224475 46.3655237596 47.2164019184 46.6557842943 47.2402197481 46.4769876661 47.2398900198 46.0158707333 46.913946588 46.8694557729 46.8169306795 47.0474078326 46.820135469 46.8770928831 47.041098834 46.8043999186 46.0714582626 46.8744990031 46.344358055 46.6563434788 46.537902036 46.6996682424 46.912897844 47.2402583804
47.3069250991 46.1485718898 46.7824600072 47.3791752603 47.113253185 46.4149224799 47.1634767762 47.2722560353 46.5730926762 47.1242702378 46.6160992142 46.6858526456 47.3683012777 46.4172017975 46.1886366307 47.0600948163 46.1370205416 46.7691433915 47.3401532695 46.2978988997 46.6374180437 46.9161464786 46.2136031806 46.1926243642 47.332452482 46.1998695588 47.080554485 46.2470367419 46.1671706094 46.606390492 46.4238724268 46.731718799 47.0093652874 47.3864608168 46.3549655896 46.843465711 46.6171729576 46.6651860052 46.3337609164 46.7651154984 46.2924834021 47.2003523992 46.4862418878 46.0834783235 46.9730385292 46.3546582129 46.6791571529 47.0096191073 47.2930249196 46.4631252597 46.7093802125 46.6338136855 46.0225158473
46.1415774501 46.8385071045 47.3928221124 46.2954207125 46.135868731 46.6941508341 46.2564943513 46.5732294829 47.2761746104 46.17586649 46.0181871126 46.7640163356 46.3140809117 46.3144914675 46.9603372278 47.4127699332 46.8167708079 46.9840202527 46.5692840644 47.350367326 46.1573062328 46.9645397189 46.7369776128 47.2048333502 47.4020305624 47.082911797 46.6581260209 46.5800305201 46.2484580863 47.089572283 47.18851848 46.7760037467 47.1339578733 47.0987707953 46.9745609811 46.5212830311 47.2361584995 46.2684579275 47.2941441308 47.0887196222 46.3946629883 46.8397449644 46.1044594218 46.0415795802 46.5757844265 46.2583992778 46.8770091498 46.1054504737 46.5145590921 46.5010679731 46.2324389453 46.9684402408 46.7509099891
46.7813720677 47.3767015841 46.5026382737 46.5358161547 46.1706637091 46.465276705 46.066535998 47.1330448216 47.3144349139 46.8194666154 46.1532483217 47.0251725403 47.3280832482 46.942790757 46.4370300138 46.0640511812 46.4232296676 46.2738158516 46.2618047093 46.0577563472 46.8203316135 46.3899565908 47.3512450775 47.1903988633 46.3978066701 47.3691607211 46.2246409977 46.337909202 47.1035856922 46.3520228046 46.5713664939 47.3393056698 46.5387020617 46.6928142381 46.8031834903 46.0822963212 46.2780542046 47.0216546652 46.1156135692 46.804714104 46.6570067349 46.7514158666 47.234108209 47.2745259413 46.1746098785 46.5376174836 47.4107175912 46.3591754244 46.3278839944 47.2032617249 46.0484233393 47.4026761164 47.0709579337
47.1598850647 46.1052708945 47.3911781214 46.0152320432 47.023749398 47.2166202919 47.2962729151 47.1947619934 46.6325121501 46.8746093697 46.105536458 46.6048988027 47.220616303 46.2601409508 47.2047930214 47.1548362112 47.3099570594 46.3318708815 46.6887038591 46.1697206265 47.2562910776 46.8561110468 46.590203673 46.9988536554 46.3784876395 46.0921546016 47.1678963999 46.3495086484 46.6569040576 47.1757576137 46.6623070707 47.0521177209 46.896249446 47.3045737002 46.2577220117 46.0190284772 46.3508933157 46.2498570873 46.8558105454 46.4987710866 46.0401877526 46.8143808069 46.5919822862 46.9139401862 47.2044879714 46.8427227264 46.9236927221 46.0166390416 47.0195393518 46.3647081416 46.7805365903 46.3551962164 46.1605328637
46.3224581226 47.2749750033 47.0447428571 47.026313281 46.9526327582 46.3042479756 47.0004120664 46.1530324975 46.167460383 47.1890748848 46.6712791274 46.1943578191 46.708381498 46.0052155946 47.2145836669 46.3535095008 47.029464888 47.2431644736 46.2750441962 47.3929595958 46.5492719798 46.7052506439 47.3471360415 47.379711336 46.8884123759 46.0150811946 46.318774606 46.0393584078 47.114295546 46.8025739461 46.5199272368 46.6398462026 46.4494345141 47.0205189615 46.3552413869 46.0694087653 46.0698325388 46.2248874618 46.6399373702 46.5098660943 46.1649590959 47.3767807043 47.0633642736 46.8204591001 46.5792953771 46.3477355325 46.7433600103 46.2722166167 46.8387523619 46.9990535464 46.6089911223 46.6884464065 46.6411674594
47.3064411164 46.8036798332 46.0842052617 47.2527144971 46.3337740432 46.8387583448 46.760762726 46.702390439 46.2959513059 46.3773124392 46.8388833667 46.5902285273 47.3569168255 46.3358386258 47.0884301827 47.0292252359 47.0682709893 46.3181444276 46.7305358571 46.6035269594 47.0951848203 47.2295494386 46.7030404786 46.436146418 46.749010683 46.0762267632 46.7490690379 46.4276842847 46.4158444932 47.2032539069 47.1548783679 46.5136142056 47.1815997872 47.2220329419 46.1522362681 46.2299610595 46.4423517741 47.2047448919 46.1723413316 46.4423098361 46.656070303 47.1274282342 47.2643691449 46.446713243 46.9523633883 46.6968778495 46.8039389528 47.337905948 46.7044102267 46.4448985709 46.8088724478 46.0012214938 47.4074067258
46.5718478711 46.9466513652 46.6257448727 47.0926362384 46.4791762595 47.2149385898 46.228789759 46.1025194152 46.8686948128 46.7837393945 47.2358660828 46.8058801501 46.1912882334 46.4010946678 47.2414996618 47.4137216788 46.8293493486 46.3043632796 47.1982600054 46.7839898486 47.238619633 46.0326770418 47.4039158971 47.0234632792 46.9434939421 46.0106232015 46.0981909715 47.2601313732 47.0642182491 46.7130201126 47.1844202508 46.342655532 47.2075010371 47.2593028223 46.4999666215 47.339382552 47.1963812957 46.5900083605 46.2454287294 47.0643062102 46.8134404579 46.4824440091 46.2699821427 46.1028767664 46.7998716154 46.3866357689 46.2795659226 46.0416061928 47.0996124187 46.2939549982 47.3448663713 46.314145502 47.2749898823
46.7324891011 47.0927790275 46.6709826388 47.044484123 46.9657884595 46.1996612259 46.0275279286 46.6889631806 46.0852337668 46.4085031725 46.432176416 46.6601272491 46.1234747191 46.0737664779 46.5056483114 46.4715293969 47.2375754529 46.593975524 46.6869564718 46.1168548639 46.9000215636 46.2958298475 46.8226223889 46.9646908297 46.9235356667 46.9626951858 46.0185582381 46.6072713776 46.5082940559 47.3198878243 46.1081228484 46.5821663581 46.3621306755 46.7142348425 46.5043703845 47.3214141414 46.0175214413 47.0750093327 46.6378652452 46.0427470829 46.1694237171 46.885065171 46.4360580799 47.2546783275 47.0436807713 46.2143054778 46.9761077182 46.495802706 46.6242347176 47.1881587282 46.5086097287 46.1491121606 46.8445637294
46.6605987778 47.2178908649 47.3983576481 46.0894979125 46.586216639 47.2499161896 46.5516367784 46.914682188 47.3445902383 46.9922787318 46.3117680353 47.3093824653 46.4118698914 47.0368333948 47.3389091876 46.5991135446 46.1093685596 47.1679201069 46.7163419892 46.0482856079 47.3342070042 46.4384070085 46.9323307504 46.5303455301 46.2813089718 46.4444138914 47.2079724334 47.3644779837 46.105382074 47.1532119338 46.0868361823 46.2073566037 46.6711260757 47.2839856526 46.2034719006 46.3660097774 46.2873586496 47.1611620939 46.8834028041 46.2811332182 47.1836988742 46.3548455295 47.3301483082 46.5187563818 46.1537196476 46.9583699095 46.7108781733 46.6369357921 46.1927135702 46.0511369113 46.3687969981 46.4506392045 46.1137652752
