Spatial_Output/90% DEC/90DEC_0081.asc
NCOLS 155
NROWS 192
XLLCORNER 196769.923733
YLLCORNER 449719.875193
CELLSIZE 27.603701
NODATA_VALUE NaN
[rows 161 to 183 of 192, columns 53 to 105 of 155]
45.3358405146 43.0020362276 44.3997985496 45.8085155632 43.4526104159 43.8278759634 44.6054028211 45.493591713 43.573775961 44.8826313466 43.8096626694 45.6344446762 44.1458189347 43.1824011987 45.6942668101 44.1014103985 43.9668889022 44.499151998 43.7763505239 43.9271975682 43.4833878662 43.1515715187 43.3966827541 43.8135925255 44.7235824476 43.2146331892 43.5463471601 45.2880437726 43.0369270399 45.5896187645 45.809016564 45.584237611 43.9877168367 45.091527491 45.2039242157 44.8802271452 44.189008276 43.4665958607 45.2904923024 43.1597535556 43.4662924668 44.1854647963 43.365536732 59.3608531139 59.3608531139 59.3608531139 44.5964037494 44.5652075893 43.3982228588 44.8547830555 45.5127284507 44.7001073522 45.741665751
44.0702379783 44.9870579118 45.6666180401 44.1971248828 43.4139827711 44.8562605241 45.522418441 45.4301719266 45.5721189408 44.1412333973 43.6196567991 44.032088965 45.4324296784 44.3109993639 44.1209266132 44.148506593 45.0732807256 44.3961511467 44.0666743833 45.5892242344 44.7210576933 43.2394510841 43.4899671665 43.2363789966 45.1704566716 44.7396916156 43.5825138009 44.3909138057 43.6102167786 44.0372871779 43.423301804 45.6896503081 45.5836045348 44.0320713481 43.9189303229 45.2714565373 44.1078205586 43.6397648412 43.116878904 45.332606183 44.4491178113 44.1254839804 43.877476099 59.3608531139 59.3608531139 45.2621289684 45.3442236484 45.4003601814 45.7798540087 44.158476703 44.2505081599 43.3379888785 45.6561093195
0 45.7346060467 43.0972168041 44.5911502418 44.1191451998 43.2456198639 43.1641598536 43.1114567604 44.4417116169 45.2927552178 45.603308996 44.8026363757 45.0452457618 45.7499456081 43.2342825152 44.7032293421 44.6327046533 45.2977870285 43.0849105448 45.5057115537 44.9463952994 44.0520232001 44.9135468943 43.9715691969 45.7734232554 45.1884357797 43.9594424824 43.3941693473 43.3942359955 43.3303442947 45.3601155692 44.5228298518 44.9665411889 43.3000433901 44.3275735643 45.6634697682 44.5644413998 44.4358362561 44.1321079053 43.1668046046 44.9153712821 43.4508435907 45.1427062034 45.3134645427 44.7046123583 44.3451014385 45.2483352908 44.5291878451 45.1520981813 45.7919503289 45.0880750792 45.6094317064 45.5596213244
0 0 0 44.7864092022 43.5216905763 43.7027276113 45.4104722793 43.6950904066 45.6489794511 44.8192526864 44.1224094163 43.9619526388 44.4585524232 44.1350872792 43.6926721254 44.0420571284 44.3344113261 44.5472113178 43.0968328984 44.9874650477 45.1406863227 44.9075572337 44.7858227085 45.1593872057 44.7724353938 44.3401298896 44.066048861 44.8378342213 43.2006784938 45.7069303738 45.7352567491 45.1899428428 45.175722452 45.7626755679 43.317018001 43.512572762 43.6496990903 44.6069445346 45.1569297431 44.5156572672 44.9737192426 43.2899808287 44.6294212312 44.5256996948 43.3611224155 44.5830328143 44.4577868188 43.2569334438 43.0755701802 44.1239318215 45.2619766467 45.8236951043 45.1945375425
0 0 0 0 0 0 45.76951126 43.1412609487 44.3282016583 44.5982319004 43.1744052134 43.7522318904 44.4883334177 44.0291371064 45.7179578857 45.2200880798 44.5818578995 44.6261471482 43.3227940197 44.1912036221 43.2967976046 44.758935123 44.9618907758 44.4869389475 45.01160619 44.1295936233 45.392309751 45.4063954705 44.6374806771 44.5986631214 44.1217804469 44.2770451773 43.1410302044 45.3522507315 45.5750219137 45.2588233336 45.1431407963 43.9696038704 44.0806960594 44.692916205 44.8109648265 43.0193004031 44.013943777 44.4774769843 43.8269449525 45.5865555588 43.1683571998 43.4899238862 43.2621371119 43.7264327087 44.2046067529 43.6557484748 43.2069481471
0 0 0 0 0 0 0 0 0 44.8599931628 43.0588616384 45.1826715415 43.9644328186 44.0396403382 44.3106187592 43.2481050154 44.1397643415 0 44.3200113961 44.2026973512 43.4918592969 44.1779795631 45.0487528339 44.5574814054 43.8873940926 44.5707776414 44.2782096853 44.9699482593 43.2859155895 44.4633296844 44.7494078222 43.363659829 44.743854014 43.7034623986 43.7440953886 44.1013071003 45.7836216823 45.6045120945 45.7284858367 44.8792520421 43.4063283758 45.1644274876 43.8559196352 44.4671986737 44.9285648263 43.0424345854 45.4681486513 44.1824680066 44.0818820086 45.6393305693 45.4917680449 44.0367628238 44.075961643
0 0 0 0 0 0 0 0 0 0 0 45.20066147 45.1936333205 44.8797968981 45.0164121078 45.4462477172 0 0 0 44.4290781004 43.7631223109 43.3024880637 44.5627862116 44.1685649949 44.549715164 44.0964714848 45.4964323799 45.6467533763 44.2705444226 44.5328658934 43.9052032925 43.6281997025 45.7161236009 44.5741071765 45.0849311446 43.40529515 45.2762063332 44.7319137368 43.0747389715 45.6559700127 45.0742287211 43.0302211463 44.2731603836 45.6872464764 45.5466321518 45.0847557182 44.1443512777 43.87229436 43.6630509374 45.4440888726 44.7615414206 43.8464893559 44.0982108893
0 0 0 0 0 0 0 0 0 0 0 0 65.9304345373 65.9304345373 65.9304345373 0 0 0 0 0 44.8384990508 43.8939273089 44.5455487798 44.6800663616 45.6341531318 44.4086396876 44.6497532626 45.4044640259 43.306028916 43.2037932016 45.8106816004 45.4197325955 45.393975032 43.4675132762 44.8160285955 44.4351825262 44.5851627271 44.3556148922 45.2393984181 45.6472614897 45.527245879 43.2029751213 45.1734017823 43.6297332986 43.5965085854 43.1432774703 44.7891667386 43.7573159404 43.1553895727 44.4289953005 44.6543315629 45.0970188406 45.7168743275
0 0 0 0 0 0 0 0 0 0 0 0 63.5195262096 60.7171501906 63.2718489088 0 0 0 0 0 45.243676402 45.7942592204 43.0802542981 44.3831677934 43.2967646624 43.6317102904 44.8318731457 45.5758870511 45.0814748983 43.0151568835 45.6701244446 44.0292342022 45.2034881216 44.4552320365 45.7727797791 45.2804454676 43.398074629 43.1906560964 43.830412275 43.5472823878 43.833515962 43.656473642 45.434463761 45.1295441121 45.583769894 45.6285195203 43.5194975285 43.5008827934 44.014897506 45.57047265 43.2023427801 43.661989584 43.5288657055
0 0 0 0 0 0 0 0 0 0 0 0 62.8934074231 61.4760391003 55.6887032243 0 0 0 0 0 0 44.7964943185 43.2623662328 44.5298774483 43.9182016837 43.1745856349 43.7067252889 44.4120152079 45.2248808343 44.0654567663 43.6165600347 45.0881566406 43.3679545938 44.4145800762 45.2853518392 45.3116350325 43.9288332288 45.3266255 44.0868168113 44.8018482429 44.1996104637 43.946880056 44.6782664359 43.4773074668 44.6378064382 45.4881493946 45.1503421174 43.36273822 43.2791371895 43.6320907623 44.9738471004 44.9474186026 43.433417519
0 0 0 0 0 0 0 0 0 0 0 0 58.0222538645 61.1992434988 52.7789286963 0 0 0 0 0 0 0 44.1120404285 43.6028662252 44.3999148409 45.06259819 45.1903970574 45.0287018384 44.2924858188 45.2637919585 43.1469285549 43.4428384766 44.3857432175 44.9851340046 44.1501353802 43.1341842196 43.1230781235 45.5605248079 43.9918393898 44.1535860112 43.076929284 43.000543766 44.6724434773 43.4669573552 45.0726260799 43.6927353294 43.8907369102 43.7307269759 45.6103580302 43.9479360492 43.903726402 44.0621759522 43.1605205083
0 0 0 0 0 0 0 0 0 0 0 0 0 0 0 0 0 0 0 0 0 0 0 44.5536423635 43.9228298255 43.1915314232 43.1244702289 43.7023256994 43.2924260734 45.0037082523 43.8682732438 44.4436911027 44.682911163 44.321891533 44.8986951233 44.2785534558 45.0391853394 43.9845387588 44.9416934191 45.3794259255 44.6869196889 44.4238007093 45.024377979 45.289397508 43.0733403099 43.282087433 43.2630895184 44.4479752883 45.4530786722 45.2337148908 43.6795823154 44.5266878582 45.4571165923
0 0 0 0 0 0 0 0 0 0 0 0 0 0 0 0 0 0 0 0 0 0 0 0 43.8771592024 44.3601096275 45.6749993941 45.2861007021 44.1389106121 43.2709228655 44.2766708526 45.4730409075 43.211262326 43.1218187244 45.5467923483 43.6777781187 45.2537549781 44.2739638043 44.1093983109 44.9151004365 43.0684979949 45.6751007842 44.3925201026 44.4824581407 44.3794967652 43.7627029499 43.8197579445 43.2693718693 43.717885094 43.2366242324 44.3863014363 45.4340572947 43.9253261965
0 0 0 0 0 0 0 0 0 0 0 0 0 0 0 0 0 0 0 0 0 0 0 0 0 0 0 0 0 0 45.2811650888 44.2333607548 44.514310837 45.4567081835 44.2634579803 45.8034731327 44.5398525714 43.7817415204 44.4211338449 43.1189228467 45.670623985 45.2901647703 43.0911263257 44.0327439217 45.0983976024 44.5123090258 44.4201106228 44.3956398793 44.5053602794 44.1842850544 44.7256355446 45.2917689795 45.1572249219
0 0 0 0 0 0 0 0 0 0 0 0 0 0 0 0 0 0 0 0 0 0 0 0 0 0 0 0 0 0 0 0 0 0 43.0604230075 44.6911618718 44.423533815 45.2313470995 43.0422680143 44.5713664761 45.7118027703 44.3448315208 43.2320406167 44.9581599886 44.1818957141 45.192390018 45.549328391 43.5772277085 43.0744256138 45.6953725618 44.6905571095 43.2715581788 45.0546157832
0 0 0 0 0 0 0 0 0 0 0 0 0 0 0 0 0 0 0 0 0 0 0 0 0 0 0 0 0 0 0 0 0 0 0 43.8840290167 44.7503069219 44.1635913789 45.0584581121 44.4160129833 43.7910660372 44.155529839 44.6579002253 45.3265697307 44.8330502077 43.8490354708 45.7438761127 44.0445381851 44.2277309533 43.9343614438 44.9030537835 45.2374918544 43.7908907888
0 0 0 0 0 0 0 0 0 0 0 0 0 0 0 0 0 0 0 0 0 0 0 0 0 0 0 0 0 0 0 0 0 0 0 0 44.4259270064 43.4420988339 43.4718090396 44.7024623012 43.3754105385 44.5331922301 45.449177848 44.8947780346 43.4117198043 45.8092440368 45.1805189974 45.4432624361 43.8924351688 44.4359753851 43.2402395344 43.617294396 44.0422910904
0 0 0 0 0 0 0 0 0 0 0 0 0 0 0 0 0 0 0 0 0 0 0 0 0 0 0 0 0 0 0 0 0 0 0 0 0 43.5644181387 45.1334927939 45.4364533015 43.4371370799 44.8903128861 44.6862423063 43.76045755 43.9576408909 44.9021472467 43.5452977355 45.3274571732 45.6413331255 43.933347729 45.6233307077 43.1803391884 45.616909619
0 0 0 0 0 0 0 0 0 0 0 0 0 0 0 0 0 0 0 0 0 0 0 0 0 0 0 0 0 0 0 0 0 0 0 0 0 0 44.7705839908 44.648712581 44.5542723824 43.0013893065 43.7518617756 45.6122846567 43.5058516303 43.7812407081 44.2508790198 45.7714790893 43.7751673238 44.4815768506 44.3902689949 45.3756109357 45.2216659409
0 0 0 0 0 0 0 0 0 0 0 0 0 0 0 0 0 0 0 0 0 0 0 0 0 0 0 0 0 0 0 0 0 0 0 0 0 0 0 43.6040275876 43.7465407704 43.6086699595 45.2316258899 45.6960648612 43.7578068357 43.1773213137 45.0946617842 43.6779912676 44.0369279006 44.9059078731 43.5142247762 44.517810956 45.2987743228
0 0 0 0 0 0 0 0 0 0 0 0 0 0 0 0 0 0 0 0 0 0 0 0 0 0 0 0 0 0 0 0 0 0 0 0 0 0 0 0 45.4032493988 43.3113478678 44.5624675181 44.0865409566 43.2701262807 45.5033441217 43.3983365187 44.0220016658 45.2707422696 45.1396728734 43.0805271869 45.0235107146 43.444672264
0 0 0 0 0 0 0 0 0 0 0 0 0 0 0 0 0 0 0 0 0 0 0 0 0 0 0 0 0 0 0 0 0 0 0 0 0 0 0 0 0 43.4170031003 44.3805393128 45.6119248866 45.6088978135 44.3276218979 44.8917460141 45.5743300175 45.6343931991 44.8966860241 44.0054771048 45.3863494237 44.6435739433
0 0 0 0 0 0 0 0 0 0 0 0 0 0 0 0 0 0 0 0 0 0 0 0 0 0 0 0 0 0 0 0 0 0 0 0 0 0 0 0 0 0 44.6592555622 45.7644410069 43.1720080198 43.8757062466 45.0693236788 45.7956736327 44.9924685164 43.0871139473 45.4343385729 44.5002279282 45.0403776811
