Spatial_Output/90% DEC/90DEC_0242.asc
NCOLS 155
NROWS 192
XLLCORNER 196769.923733
YLLCORNER 449719.875193
CELLSIZE 27.603701
NODATA_VALUE NaN
[rows 0 to 22 of 192, columns 53 to 105 of 155]
44.5494862913 44.6908732389 45.0700655248 45.0793927635 45.1341320928 44.8298363129 44.8264845448 81.9940596233 73.0717196517 71.1751185837 45.2008838871 0 0 0 0 0 0 0 0 0 0 0 0 0 0 0 0 0 0 0 0 0 0 0 0 0 0 0 0 0 0 0 0 0 0 0 0 0 0 0 0 0 0
45.0300331829 44.6502855417 44.6069623722 45.111686181 44.981090523 44.7869420538 45.0180092005 79.0729682485 80.0330725724 75.1901088489 45.0628470025 44.703265841 0 0 0 0 0 0 0 0 0 0 0 0 0 0 0 0 0 0 0 0 0 0 0 0 0 0 0 0 0 0 0 0 0 0 0 0 0 0 0 0 0
45.2032144755 44.9894231314 45.1133027358 44.8615833689 44.8494216262 44.6087450668 44.7265050862 75.5944745901 85.476890866 81.4941508905 45.1371157814 45.1942400319 0 0 0 0 0 0 0 0 0 0 0 0 0 0 0 0 0 0 0 0 0 0 0 0 0 0 0 0 0 0 0 0 0 0 0 0 0 0 0 0 0
44.8211966335 44.7415246406 44.5931214643 45.1316424003 44.7875405933 44.9106439746 44.7257801289 44.5885409208 44.7977680172 44.6870170814 45.0372482727 44.5486516839 45.1199743003 0 0 0 0 0 0 0 0 0 0 0 0 0 0 0 0 0 0 0 0 0 0 0 0 0 0 0 0 0 0 0 0 0 0 0 0 0 0 0 0
45.0347157423 45.125416759 44.5421010987 44.8442061675 44.952530252 44.6716701063 44.704571875 45.0697206173 44.8876476417 44.8095486637 44.504818661 44.9772303305 45.0658652373 44.5041633996 44.9646640699 0 0 0 0 0 0 0 0 0 0 0 0 0 0 0 0 0 0 0 0 0 0 0 0 0 0 0 0 0 0 0 0 0 0 0 0 0 0
44.9865662201 45.19606319 45.0566326571 45.0371808216 45.1042274624 45.1157176156 44.9731210511 44.6162023796 45.081293753 45.1527909261 45.1883832664 45.0902252207 45.135671352 45.1871567021 44.9699757984 44.7650119196 0 0 0 0 0 0 0 0 0 0 0 0 0 0 0 0 0 0 0 0 0 0 0 0 0 0 0 0 0 0 0 0 0 0 0 0 0
44.8004795742 45.164698825 45.0226552808 44.6442370734 44.5705781738 45.0586784791 44.6769360605 44.5961976241 44.5048671153 44.7660011896 45.133575989 44.6671635209 45.1341803679 44.5684391514 44.8680013809 45.1901021805 45.073561737 44.5337599707 0 0 0 0 0 0 0 0 0 0 0 0 0 0 0 0 0 0 0 0 0 0 0 0 0 0 0 0 0 0 0 0 0 0 0
45.2043328476 45.0106796776 44.7501194838 44.7684953819 44.5738725423 44.762724999 44.9283996035 44.6388965038 44.6776550006 44.552015117 45.1141654194 44.9228708135 45.1705242496 45.0683817512 44.5989106025 44.5667854316 44.8316915373 44.5796827581 44.9316731952 0 0 0 0 0 0 0 0 0 0 0 0 0 0 0 0 0 0 0 0 0 0 0 0 0 0 0 0 0 0 0 0 0 0
44.6790588056 44.6701706753 45.1825286508 44.7854870217 44.8111369217 45.0664338532 44.9867613513 44.5219433332 45.0194679611 45.0614394899 44.9630475694 45.0468738326 44.6558602387 44.7292721619 45.0892639947 45.1822688894 44.9965807078 45.1724623354 45.0922879563 45.1351700368 44.6802942752 0 0 0 0 0 0 0 0 0 0 0 0 0 0 0 0 0 0 0 0 0 0 0 0 0 0 0 0 0 0 0 0
44.6213199462 44.6679395803 44.6239666702 45.0453108284 44.5747392627 45.1696615866 44.5657033123 44.910105848 44.8894737809 45.1186960008 44.9183771484 44.910079828 44.8250477595 44.8572749088 44.7572148671 44.8843693367 44.704722607 45.0948608895 44.8607347125 44.7704674409 44.989505614 44.7418907321 45.1224779007 44.501081719 0 0 0 0 0 0 0 0 0 0 0 0 0 0 0 0 0 0 0 0 0 0 0 0 0 0 0 0 0
44.947557143 44.7884809419 45.0119503912 45.0970322997 45.126505102 44.7663803047 44.6851938922 45.0139850068 44.7536819166 44.962607577 44.6295492001 45.1917109835 44.5989520794 44.8181198115 44.913174272 44.5103687505 45.0925410408 44.9431134087 44.5967297648 44.9187790812 44.6078048445 44.76320696 44.6884768963 44.8547763506 44.9624654473 44.67174349 45.1498059799 45.1798849211 44.7610050974 0 0 0 0 0 0 0 0 0 0 0 0 0 0 0 0 0 0 0 44.81977624 44.9475925283 44.7297614386 44.6751955784 44.6268639536
44.5269563843 44.8628952681 44.5564153605 44.7264865842 45.1318246797 45.1689084806 44.6556163823 44.5556951335 44.7875333813 45.1434813659 45.1486127187 44.7035848099 45.0015928214 44.8910490115 44.8039966271 45.1616631629 44.7871992523 45.0919922418 44.5236240145 44.8610508467 44.8189223245 44.8738345598 45.1251456149 44.8982842922 45.1083543373 44.7378104114 44.9130875112 44.9438063937 44.9040086229 45.0918986306 44.7160036824 0 0 0 0 0 0 44.9075490139 44.7369472298 44.8029039982 44.7498756709 44.8223105669 0 0 0 0 0 0 45.0748827894 44.7618161818 45.1971789491 44.8429834094 44.5051662837
45.0020393807 45.1086339376 44.8970342567 44.6467567223 44.569716554 44.9841756766 44.8965509437 45.0989245053 44.7409210554 44.7592640091 45.1405186997 44.8515057455 44.5770173752 44.9799058036 44.6248725837 44.7940201698 45.1633800794 44.9729617582 44.6798088697 44.5599389447 44.5804013002 44.6154953636 44.8282101913 44.5736283312 44.9342203278 45.1625071726 44.7755924298 44.6792652037 44.916731986 44.6624561522 44.9677271699 0 0 0 0 0 0 44.8616886696 44.5361742285 44.6530492649 44.6265924613 44.6720194976 44.6006135387 44.6573406032 44.5005403487 0 0 44.5335246537 44.7532455266 45.1903619648 44.5105379782 44.5763406414 45.1813743804
44.7647838618 44.9256498388 44.8379044192 45.1952314855 45.1294058114 45.1708130284 44.8568173957 44.5466129895 44.733193231 44.7161367108 45.1374061318 44.9869591003 45.1203931133 44.8157244529 44.8231005964 45.0569742686 45.0910578013 44.7560571176 44.5993452121 44.8878887761 44.8406128151 45.0584097214 44.6205371172 44.6164592989 44.6409472883 45.0027789415 44.88284277 44.8089686744 44.9598508209 44.9537792327 44.7384544434 44.9102218607 44.5383220192 45.0171836933 44.526469659 44.6435104942 45.0816367477 44.5765248432 44.7075353238 45.0870187192 44.647290171 44.5399546776 44.5464192576 45.139322578 44.8988563878 44.9123288567 44.979224708 44.897237067 44.8941263316 44.8183714927 44.940508476 45.1665327757 44.6704472866
44.8439781198 44.573062493 45.1912560807 45.1854693617 45.1019400251 44.6176050957 44.666632054 45.0775718422 44.9853165799 44.7583579148 44.5569830324 44.5489219024 45.1875423085 44.5465939459 44.6234475328 44.5482976545 45.0967691815 44.9459119345 44.7141096115 44.9549174169 44.9424071228 44.9121436696 44.9604548601 44.6341164312 45.0700406787 45.179064106 45.0703837815 44.8202963606 44.88255013 44.7235437484 44.5922468176 44.9105922942 44.7734720139 44.555730708 44.5902862131 44.797869967 45.1856122357 44.9547037837 45.0707030348 44.8711869615 45.186951336 44.9046244995 44.9492371467 44.8560347926 44.76114865 44.8528302917 45.0783708839 44.7794340472 44.9396353733 44.9901982973 44.8120470642 44.8544785682 44.7075232658
45.066761248 44.6732916255 44.6728207913 44.8229386723 44.8366256777 45.0298660152 44.5122817646 44.6183554598 44.5581533528 44.9559452577 44.7162827748 45.1000891283 44.8230380838 45.1024389481 44.7441681153 44.6571736008 44.7698698978 44.8124271603 45.0208908011 44.5032391135 45.0451477993 44.7667185349 44.7392579871 45.1791946082 45.0547524498 45.1317064613 44.7733797193 44.6873500486 44.5066657051 45.1916864091 45.0576466001 44.9649506797 45.2041071086 44.622545648 44.9084830773 44.9308152888 44.6967463266 45.1498148879 44.8322434068 44.8841860946 44.8712576407 45.1558425719 44.9347984347 44.6192242808 45.1979272795 44.6483821635 44.6047658874 45.0497416399 44.7395073111 44.9388595505 44.5878642474 44.9675501474 44.5424881757
44.9766385351 45.1495825512 44.9828754774 44.7768388555 44.8098540206 44.5861212162 44.7113707236 44.6046076938 44.6580419732 44.9240780976 44.630178883 44.7979296153 44.5177889316 44.7709335729 44.6822083541 45.0746518723 44.6871220199 45.0418495145 44.6180289235 44.9624512385 44.9277363345 44.8036829998 44.9182612503 44.7312274622 44.8279369776 44.8112331569 44.6584445396 45.1454687369 44.8121308001 45.115454138 44.7982501183 44.6149975376 45.0170789126 44.6928992813 45.1380000037 44.5572900591 44.9986371717 44.8842444835 44.5060867545 44.6438026927 44.6557343407 44.8160426569 45.16096277 44.7898468068 44.7778677603 44.5677377347 45.1207983289 44.8083089577 44.7582772731 44.5776013194 44.6761958895 45.1968340644 44.5007044247
44.9471380809 45.0411057303 45.00244454 44.5027973542 45.0633937838 45.0950094751 44.592525672 44.7705670236 44.5540939868 44.7920380596 44.9712242533 44.8143918299 44.538149728 44.5966912138 44.8986809747 45.1298111325 45.1673234008 44.7002926171 44.5281075238 44.5960218675 45.0627965613 44.5566088294 44.9664779087 44.9184847039 45.1469144558 45.0037307367 45.1778778936 44.8113333315 44.9381719466 44.8153099626 44.5443346097 44.6520639252 44.7030169048 44.7330449924 44.8717328608 44.9086116278 44.9590444616 44.5854943787 44.507192496 44.5289923845 44.6387591117 45.20136408 44.7788627374 44.5624626083 44.644820815 44.5997174867 44.5827054774 44.8692651054 44.6049238717 44.664069879 44.9733977146 45.1968808065 44.8506028015
44.7381677227 45.197054371 44.859106773 44.6429486944 45.0237044867 44.5562991744 44.7765546899 44.9444509481 44.5940481644 44.7487834146 44.6487069696 45.2007958464 44.7758556732 44.7533354761 44.6188518603 44.9961511794 45.1367667892 44.8133133377 44.5593421211 45.2062523974 44.7406922699 44.6095052674 44.5197788553 44.505872164 44.8363410402 45.0995815524 44.8533430195 44.5868298774 44.9129238358 44.8135502376 44.5112827293 45.1878107218 44.6199595739 44.640450637 44.8996696252 44.577999452 44.6630349055 44.5462289162 44.7973156546 45.1378668263 44.5830284753 44.5072736546 44.5900173863 44.990953744 45.1397958798 44.9798432196 44.8047947493 45.1694547769 44.9777677352 45.0806419497 44.8036827814 44.6149516685 44.5115090554
44.5251738067 45.0624880559 45.0321348568 44.7018014089 44.5226810065 44.8199293541 44.6398418948 44.6245322984 44.8287655698 45.1275056621 44.7810384409 45.151451886 45.0840524904 45.1061662124 44.9602167253 44.6642436471 44.6963612614 44.7576729425 44.5759589742 44.8433766788 44.5416983204 44.645547982 44.7788334483 45.0178501826 44.8551314764 44.569125723 44.7651447807 44.5147009016 45.075346421 44.7130874884 45.0907945612 44.6821195646 45.0072487216 44.9237318021 44.519172373 45.1311910621 44.6104797133 44.7968324796 44.557192777 44.6345353763 44.8769501272 44.8306780066 44.5118843798 44.6772240407 44.6093947558 44.8335951406 44.6293229779 44.6846978694 44.9023371349 44.6472300031 45.1606541183 44.9465755947 44.9146129042
45.1211141579 45.151390486 44.516656842 44.5557290616 44.7575270292 45.0573469894 45.1824241812 44.6298573246 44.9271314044 44.5172763793 45.0469785221 44.7045753544 44.7651114919 44.9049195444 44.8504408349 45.1074289442 45.049325419 44.591703017 44.7732917162 45.1448002852 44.8467899261 44.7567625218 44.5667195778 44.5574547561 44.6095372798 45.1119318466 44.5155409702 44.8483895789 45.180180098 44.5688751853 44.7068248718 44.9417721818 44.6854301855 44.8390017666 44.6182876278 44.8077036233 44.8847406341 45.0427442886 44.5527160793 45.1716753963 45.1890426503 44.873384235 44.9433763536 44.8893437192 44.5240508313 44.9455173275 44.8537082753 44.6045415091 44.5766181267 44.8121416884 44.6649264876 45.1734145969 44.9305861389
45.0914417103 44.9525604615 45.1616659624 45.0346180036 44.6500061009 45.1919978029 44.768172627 44.7003178431 44.8201861812 44.7767907652 45.1001373154 44.84181204 44.7245477714 44.6801691484 45.2011276155 44.6839929976 45.1957263558 44.7739326857 44.9407372185 44.5438714469 44.9128500931 44.6873629074 45.0454937769 44.7860347329 45.1666627097 45.01984208 44.9646560906 44.6489115094 45.175305932 44.774187832 44.6360084432 44.7356171741 44.6327228758 44.8650812691 45.0549924259 45.1703409257 45.1452193803 44.5281574122 44.9793887579 44.7151721522 45.1253408224 44.648648895 45.0886352373 44.8510436644 44.5834506754 44.9172614079 44.5905529508 45.1434809048 44.9565977611 44.7863054245 44.9147378555 45.1865712057 44.9617805854
44.6516520308 44.9566748597 44.5612679338 45.0232378685 44.6457369337 44.5209988117 44.8377061873 45.0119398841 45.153132878 45.0078398962 44.8602349431 44.9815060638 45.1560593278 45.1331438102 45.2055397951 44.9844429077 44.9308599237 44.6793522387 44.818573904 45.0641085542 44.6568175922 44.5926856989 44.8947662232 44.8871481448 45.1648963537 44.8560958078 45.1166686054 44.7979555603 44.8001186207 45.0227834066 45.1876280426 44.5230536622 44.9652199379 44.9038956872 44.5566567495 44.6288058932 44.983722893 45.1515244507 44.6763814657 44.5217632938 45.0656583045 44.7672319439 45.1694339067 44.7663332526 44.6576028469 45.1562698429 44.6938126149 44.823375965 44.6553890202 45.0097285224 44.7056143956 44.7779982524 44.5970020417
