Spatial_Output/90% DEC/90DEC_0696.asc
NCOLS 155
NROWS 192
XLLCORNER 196769.923733
YLLCORNER 449719.875193
CELLSIZE 27.603701
NODATA_VALUE NaN
[rows 23 to 45 of 192, columns 0 to 52 of 155]
0 26.0416090499 25.9585666485 27.5887508479 26.2334416005 29.1066264239 28.8377237395 28.4069254757 28.3516283359 26.9906702823 27.7172431429 25.6694320003 27.0245317168 25.807561828 28.0639530432 27.2613120585 26.5711157445 27.2026572233 25.1304896924 27.583864019 28.8736051646 27.3779239517 27.4506929639 28.315281081 27.5468227033 25.8902070126 27.8877436763 27.8230096617 25.5958574806 25.350243431 27.3854713087 25.9021439937 28.1378163832 27.3178503439 27.8209268839 27.7272830226 29.1848999589 25.576607133 29.0530980812 27.6077193161 29.0209457518 26.9825450522 26.3627549631 27.1114431271 26.1235616268 26.5539890286 26.3240379086 28.1769691108 29.1651907452 28.507656601 28.4829987567 27.217966073 26.0152660129
27.8430640516 26.1132000366 28.8712047546 28.2225102286 26.2730041706 27.5481432304 28.0435623849 26.7253539294 27.2303488394 27.1074100209 27.4026673529 26.85721522 25.7145986767 28.2599106576 28.8730220631 28.1109407949 26.4847854368 28.9438027743 25.1081686996 27.8918357688 26.8154314934 28.3514414122 26.9057121804 28.5594983709 26.6418835822 25.1996687978 26.9948824566 26.526090096 27.9835439441 25.4349147725 28.0245210344 28.1800158941 26.2982278666 26.8971771892 26.5528062188 27.9017342158 27.1202879456 27.7222810047 26.3670022109 27.3285824972 27.3190887456 28.69261377 26.9238860742 28.1956652155 25.3259186619 27.5657864773 28.7992541981 26.6775488685 25.5960587959 27.9868408212 25.8563349792 27.1044423448 27.3666350436
26.7906814576 27.4625579701 28.5519476358 28.1571855412 27.4514754884 28.5949674153 25.9204930121 25.0706025627 26.760715927 26.9485267552 26.7614342534 28.3457790666 25.5244879719 25.2614444348 25.1785167832 28.3256741072 28.4815276427 29.1021206129 27.3832881958 28.0049988932 28.9168779346 25.9863502218 25.0313314252 28.7193777416 28.929437292 28.7878640668 25.7388590631 27.6348143138 25.2656814896 28.5238755974 28.6072597732 27.1070355929 28.4097190454 27.0462754067 28.4089709619 26.6480915159 27.2570899836 25.9211799649 26.2693685693 26.1228871863 26.3927571251 26.0687192195 27.6679986297 28.2385359432 28.3082509547 26.6753696418 27.5902743409 28.6760664211 26.3074079359 26.8117046251 26.1210661406 27.1735584929 26.5050051672
26.6883009436 29.0538822638 26.5641743337 28.673215964 28.3578716577 25.1640942938 28.7274471401 25.3006094645 26.6555637101 27.6911213262 25.147282867 25.055547855 25.1925652041 25.4856114101 28.7735194652 26.1471281739 28.248173708 27.5215574834 26.3767996735 25.8607908007 26.9680616968 26.5385289483 26.4143492563 25.066456413 26.6273124351 28.8425899968 28.0946885144 29.1422449108 28.6020553815 25.0936138085 29.1546967555 26.3505958615 26.9554552443 25.1018035239 27.0121893373 28.1187036726 28.6969935359 29.0458145812 27.1489934799 26.8392435922 28.7352063477 29.2416713206 27.1043180628 26.639837214 28.2627912512 28.6651033146 25.7912239081 28.0724658798 25.4731801338 26.228980087 28.8887916884 26.0939856259 29.0860549073
27.0296174222 26.5608098585 26.6508149108 28.9239910771 27.7192723658 26.5722708805 29.1064482034 28.6980314681 28.3432654689 28.2184157379 28.2224822354 28.9181993275 28.3206938809 28.4588094941 25.6302532885 26.1770154809 26.7100056452 27.3036143652 25.8595069388 25.3861476412 25.1262208323 27.3819980004 26.2033840106 25.4590177613 28.6651330615 26.5727160675 25.0014428488 28.1411259227 29.0455064541 27.4897272091 28.5024374487 29.0775825713 25.5115287539 28.2628414395 26.1503852824 27.4478283311 25.3662614924 25.719344435 27.5122059365 28.1010108002 27.9906234342 28.0312677896 25.585155786 26.1385822369 26.7269964274 28.6666104819 25.5931798009 25.5797301057 29.1161818604 26.1149068941 28.146579162 28.1266358141 25.3080984187
26.0034630614 25.4626685058 26.3118221739 26.1669255139 25.9189369553 28.6688938112 26.3070233972 26.8613828864 27.0418883647 26.6064781317 28.5585442445 27.9032518693 25.0892211267 26.4901454887 27.9445447262 27.9470584951 25.8868564764 26.034927248 28.956475527 25.9092853945 27.831700943 26.869531648 26.5434571848 27.4789149198 25.1556998162 25.3329703782 26.6224027456 28.2901738661 26.6005977918 26.489670726 29.1046099222 28.2912195753 25.0558384131 28.929475661 27.5261921732 25.086722077 29.1123241879 28.524907216 25.47050505 25.9677979667 27.7828221735 26.6624092472 28.7112930836 25.0668950951 25.6447655451 27.6678279537 28.4162807461 25.0640012994 26.6822966854 29.0238266182 25.5440918089 28.852283943 25.0460585185
28.7420227568 26.5054037541 25.1138057341 28.7381938386 28.1774342729 27.6873913789 28.2712463318 27.1737146505 28.0758712373 28.6716846109 28.6246508793 25.7023281986 26.6555902067 27.0002390187 26.9139568874 28.0863273427 26.7474092809 25.5426610301 25.1649353371 26.3089576323 25.0094737489 26.4936038707 27.5591973022 28.3803790102 25.9333831849 28.2723464502 26.4731481703 26.4296180562 26.9186134295 28.0413512605 28.9960377333 27.3333516782 25.22843408 28.9780719946 26.7696291271 26.1347991028 28.2461213592 25.9801126444 28.0178931159 26.4697057162 25.9231745047 26.7306305484 26.0111942913 28.8703724343 26.1499761588 26.1824112112 27.1607649508 25.7644510295 25.1034023933 26.7337533852 28.9570661901 27.0019211136 25.1166060732
25.3316778252 27.1106747169 25.1158641522 28.5215585773 26.1944190841 28.9522837899 28.394758459 26.8160161952 26.8171996475 26.0211641553 27.303580285 28.812505029 25.3984057396 25.5027994438 26.2803799609 27.0500232579 27.3851850024 27.2005956125 28.6836297228 26.5495621429 27.526190933 26.6110843863 25.3704789349 28.9527904206 26.2871587474 27.1819940215 25.9399425676 26.4226587197 28.7643390768 27.9245398214 29.0069604438 26.2289780777 26.7473663845 25.4152986577 28.6497479619 28.6253678539 25.0041331627 27.016970713 26.9934289344 26.1590457198 26.6451218935 27.2094484026 26.8357328352 27.3703215599 25.192585908 28.489577548 28.9768089697 28.7551946282 28.3559999903 25.5215263156 26.1568133157 26.5046232163 26.158693641
28.7538895926 28.7958594563 26.188089795 28.2901700552 28.9516194008 27.0876582577 28.2630998044 28.8331224009 26.9519816668 27.7133707917 29.1780116954 26.6477489487 26.5949193286 28.8502761208 25.2245289898 25.8110704272 25.0838014872 26.2129535346 26.9261706134 25.6846651679 28.0376048624 29.0173141976 26.3619535273 27.8433091364 26.990569852 25.6060265891 25.3429814429 28.0495201628 28.825632442 25.2876303404 28.8105668556 28.2147853347 25.8785660554 27.564922371 27.6271032826 27.4268391537 26.1706952753 26.1359495361 28.2395056055 26.6527107454 25.4953596242 25.7896856121 25.4289977555 26.1061754841 25.3717697326 26.0150500037 28.1929945748 28.3819824646 27.7117973204 27.0485784071 25.7722038235 29.0577047411 26.6131836095
25.2559655517 25.7403970421 25.7034552199 27.968342907 28.354871074 28.0421241717 28.5234025819 25.0984828333 25.1299067384 26.0233667767 25.9051308194 28.7590121081 26.7908006148 27.9332886808 25.1613704967 26.8085583302 27.8717783939 27.8878918279 28.4420845683 27.6049346857 28.5030469298 25.5929068367 26.8110712599 28.8600522465 27.1433407607 26.5784865295 25.9267307104 28.5961603133 27.6009264955 28.5428733654 25.1796899919 25.3265924326 28.538636649 28.0372073073 28.8712843438 27.9734944712 29.1827165187 28.4122599975 28.9280244548 25.1003674435 27.4473407038 27.8007397654 26.3333920068 29.0060719648 27.3017499943 25.3145619197 26.1361056234 27.7367245831 25.3881144369 27.2982383147 29.0864062451 27.8059473195 28.9582527604
27.6424514059 25.1352384032 25.2234258725 29.1413883689 28.8555392851 28.2928720069 26.0719223003 28.3052307466 25.7736141509 28.8030724333 26.6967572366 27.0144176468 27.8028410986 26.6036274009 27.277365299 25.3150686434 26.8183591349 26.97250608 28.3650726648 29.0386610688 26.8416478129 27.1354494151 27.2323112577 26.4572713212 27.3516572476 28.8424888748 28.3491359875 27.7789439517 27.0376482467 26.6586901304 26.0612113229 26.0698819242 26.8150820316 25.1345583177 29.2219849214 26.7854730802 26.4582849125 28.1746992531 27.1868826703 25.5988058109 27.5830048159 28.4539878413 28.8463218834 25.7892563731 25.1974056685 26.6216488972 28.2649089988 25.6558068172 28.2530528786 25.6311283381 26.5018289593 27.8429500633 26.2367784142
25.360417076 27.5809354242 25.7932952133 28.5604030994 28.460091979 28.2953530004 26.3812792447 28.7365040467 25.3954188521 28.4940205016 25.2702847549 25.262023393 28.3761750721 27.739291513 29.004817828 26.6925068428 28.1271772381 27.1360329591 25.0580829347 28.0552585451 28.6141257491 26.6439714778 26.3499995096 28.6395351451 26.9279853861 27.7189153485 27.3399630136 28.0384981646 28.7229126103 25.4576438911 27.8735820764 26.2973575904 26.2761641207 27.1446730472 26.0722697222 27.1121421309 26.7424457484 26.2573101007 27.2551487067 26.3788028971 25.1829594493 28.6151059417 25.5442168312 28.3544838813 28.011436403 26.933877798 27.6195677076 27.9345788458 27.434358439 25.0670743553 28.7256436684 28.6940814452 26.812813084
27.9365597282 26.6803714358 26.5852647914 28.5664655696 26.7975658014 28.1889450296 29.1999820478 25.860770016 26.4198255006 27.4978804262 28.7855973289 26.7358837121 28.1788223489 26.6595445571 28.6134137152 26.2072848751 26.5227791223 27.3366778487 25.6275441107 29.0037126871 25.8283034881 28.9867273651 27.3513011242 26.5450779959 28.2517027639 28.505327095 25.380468287 28.8812634072 28.4809806616 70.2497177815 70.2497177815 70.2497177815 25.3887074298 28.3524738166 25.4297083619 26.9407555367 27.8042609148 25.2603676065 26.916729475 28.77951416 27.8470240685 27.161365588 26.9741364484 25.7643753261 25.7579688271 25.4882546508 26.8208853406 28.8016719422 25.1579958543 28.8724241137 25.9680032476 27.3024282013 27.0413506316
28.8381349875 26.1195186337 26.142169523 28.8408800407 29.1163454329 25.3468122513 26.7437987931 26.3509922025 26.7688744329 28.2768939299 26.4805108908 28.6249480181 26.9569584379 28.0645295852 28.3436633666 25.0552429854 25.7329596573 28.7768465983 28.6244451978 27.0252153835 26.0854928038 26.8933249307 25.7498497465 25.303857459 28.1362471392 26.3217393981 28.7197130642 27.7072183856 28.1549088355 26.6824316357 70.2497177815 27.4533995942 29.1562281519 25.6336392954 25.4613083015 25.5577274124 26.5104896642 27.8218274076 28.5022314324 25.6833357863 27.6259667682 26.0644480726 28.6754062408 26.7712821656 29.168688173 28.549910024 27.3824379225 27.8720083738 26.9556596925 25.0163692202 28.9627204309 27.5365965685 25.2403781197
26.2231814612 26.710745753 28.71568994 28.6213310171 26.4177481228 28.9039749918 27.264161243 25.5361353313 26.8918816068 25.6856900503 26.3830248392 26.5043370629 26.9242403285 26.5502787074 25.4335693151 27.6027330754 26.91003296 26.9218362339 28.6366103867 25.4553047749 27.7398351821 26.3484917418 27.9712268663 26.0974984803 27.5458774354 26.6381508432 25.8859975585 27.3721379616 28.5595935314 26.0142084504 26.1822942139 26.2967271954 28.3975506511 25.9082362581 27.9347872296 25.4916823913 26.5991755171 28.8070627866 25.8643191119 26.6111404086 27.6598464357 27.9718399149 26.7230015376 29.1327986955 27.8805749864 28.4223324493 27.4434050376 25.4171658407 28.1662253969 28.9452126355 25.0015315876 26.7406664725 28.0843753284
25.4341097271 28.5564960477 26.5250798499 25.0679043095 28.8918773622 27.5026720593 25.2347154733 28.8076478615 28.5884569206 28.364231314 29.1553495202 25.2991228883 25.1233942449 25.1372038373 25.0851668543 27.6826302375 25.1317923052 26.5021553027 28.9634728748 26.7467170504 27.0430420978 27.1491561694 26.6043882724 26.3329335927 29.114588465 26.1705745992 26.6697492601 26.7456030293 27.0103480449 26.6935400657 51.9564525099 51.9564525099 25.4528697957 25.1214303085 29.0505800887 27.9411344858 27.2732599728 27.8435766069 28.0975052788 26.0151519287 27.6832482364 26.4460442594 28.536753987 27.0797607516 26.1094100638 25.4153745233 28.5906908221 28.7705246861 28.1171221196 29.2410736197 25.7199898096 29.1515304098 27.7000179064
27.1343742591 28.9715681921 27.008450927 25.9202356557 27.1324679587 27.0020888341 27.3480321497 27.1673444391 26.0692814686 26.8043974586 25.7733440351 27.8543906231 27.4186378237 28.835738189 29.0358071301 28.6725764356 26.2553298265 25.4506187125 27.7934548628 25.1111372267 27.8550793225 28.9975950223 27.9539562128 28.5246565365 25.5855621889 26.5298715082 26.4540874293 29.0051450723 27.9734669701 79.4429172472 25.6688826289 25.1999172113 25.1475236123 25.1745342154 26.8326944954 25.7553952231 28.9813055401 28.4813274895 26.9973719646 29.2146996463 27.6698102722 26.2867100447 28.6314977942 28.3793037462 27.380659537 27.7165464609 28.760014603 27.25930272 27.6335513848 27.1718654595 28.0468102134 29.0278502035 25.2227743561
25.7119311356 26.8392937105 26.3081469874 27.243568198 25.1005158419 25.9596857521 26.7116487515 25.475817228 28.4951499056 28.7457357011 28.9236939221 26.1223144941 26.8029475696 28.5703831884 26.2367364602 27.0706248421 25.0479751954 25.4830697808 27.8432933711 27.459523989 26.9179874571 29.0770737285 28.0280086279 25.3137916395 28.2385273194 28.293605183 26.0388127245 25.6526420222 28.8599600896 79.4429172472 79.4429172472 27.5095346928 26.6908456357 27.4146145734 25.8914179421 27.0012053474 25.7645740778 25.0645940377 28.1755287659 25.8709098999 28.1390753457 27.3000211898 25.5140542676 28.3753064148 28.9022457959 27.7863059287 28.6733435249 28.4231915315 27.0991788538 26.8038526445 25.5873879556 26.3136360862 28.230467602
25.3554937508 28.02036634 27.2802020103 28.5798404429 26.1689863517 25.4813304473 28.0993281498 26.7274203956 28.2260621628 25.1200371783 27.6723391119 25.4929195485 27.6946923453 28.8369874896 28.873382728 29.1836422179 28.98439143 28.1294456268 26.1471735128 25.0535381603 26.180397709 29.1724598628 25.5400492709 25.6637316562 28.3183086175 25.1301257292 26.904575356 26.7039445023 25.7446819054 25.0720274875 27.3733063811 26.224306599 27.3621523799 25.1834556353 25.2566238274 26.8633339098 25.86999221 28.9496867909 26.0362252653 26.7315008372 28.2503236346 27.1338968783 29.0982243617 26.4351890135 27.0702267215 25.0852591029 28.8178893783 28.5846542304 25.5017464629 26.2403334025 26.0707944001 25.4235358421 25.8841449057
29.1477539682 25.4655221035 26.0424047768 27.2629594074 25.4595615935 25.525898139 28.1945233536 29.0890004157 28.9455899422 27.7406443809 26.9492565183 25.2277770367 25.4832577306 26.5570512875 26.0815252694 27.368363403 27.5135970757 27.3003297987 28.1538952499 29.0436846475 29.1824786197 25.9743062187 28.0367177205 29.12813803 27.5885051835 26.3519141187 27.1149365862 26.214974238 26.5016898496 26.2581466783 28.2281778738 28.2572128556 28.2492154416 25.7455486901 25.2439843797 25.9182955347 26.3963017801 25.0666509616 25.6344129171 28.5796797813 26.8550136939 26.996295675 28.9741623538 25.1183644438 27.1788593091 29.1634456035 27.0648388282 25.0929829926 27.0053021164 26.2887530847 27.4367246703 25.1228214613 29.1179067525
29.0613590787 25.9248679177 26.9555939695 27.5000005331 28.1609465344 27.2077868832 27.115198204 25.0617874437 28.3681383369 26.3607141996 27.0955189584 25.4736890351 28.5339747665 27.9925733944 25.1557726973 26.5119163988 27.3690133496 27.7444325578 27.9955731878 28.0830503662 25.4862864146 25.6813847904 28.698374142 25.5682834086 27.7894312731 26.5005302095 25.2927052989 28.6702288321 27.8002904268 25.4813799298 25.694441983 28.3693804738 27.1785908763 29.162354131 27.3800015131 28.276307426 26.8710509316 26.9873792289 27.1316673855 25.6842367016 27.958201476 27.9917017546 28.5205857453 28.4609540917 25.2351452426 21.2104600068 19.7251168751 28.8317349748 28.0759886123 26.8264860954 27.8498330779 26.3867594136 28.7372576486
28.5308567814 28.0424639692 26.8253595655 26.1773976643 25.3264551465 26.9625648912 25.1068015863 29.1178568766 26.5213676725 26.5402908352 25.0827933722 25.6144676303 25.0565696342 25.233029851 28.3588396817 28.6559788267 26.0399304976 26.5358636388 28.5799043822 27.6297918661 26.1737158977 28.8988287976 28.7780082725 28.0248617469 28.2719682609 26.5358383755 25.3400653996 26.7508183173 28.0386473378 28.2594162412 28.3297217637 26.4924492496 28.5173459804 28.8439768559 29.1880756057 28.4495557809 27.8053450475 26.5742487465 26.5540906565 28.2063453041 27.4093464204 25.1248362184 28.6471135486 28.6482629488 27.0086459256 19.7251168751 19.7251168751 25.1670081643 26.6957650095 27.2885907531 28.6153073497 25.5688451822 27.3748541409
29.1453960018 25.294555408 28.3684168399 25.3185744386 27.042544323 27.261330051 25.872204216 26.3581762053 25.6823610015 26.6664722554 27.7237740091 26.972201732 26.9039134398 28.7357163331 27.8362067001 25.08849073 25.4706731415 26.8874566536 27.7155798751 28.4801540964 27.1794501452 25.5260027816 26.7880455675 25.4773886938 28.29162142 25.3638663567 28.1821780767 27.749002743 27.4221508976 28.013948761 26.8167571141 25.0563751464 27.6177652812 27.0674406785 27.3338873241 25.1394229116 26.7333299019 27.3579471933 28.7901919651 29.0239408896 29.0822033241 26.9196716927 26.9771501486 27.2010272198 21.0834659581 21.2104600068 19.7251168751 25.6824748214 27.211864584 26.6172242238 27.2854787863 28.6888223662 28.5402560325
