Spatial_Output/90% DEC/90DEC_1174.asc
NCOLS 155
NROWS 192
XLLCORNER 196769.923733
YLLCORNER 449719.875193
CELLSIZE 27.603701
NODATA_VALUE NaN
[rows 69 to 91 of 192, columns 0 to 52 of 155]
28.1570495978 28.0329135617 27.9953567401 28.1018873654 28.0643944967 28.1105434736 27.7610877377 27.7093860876 27.7572544396 28.0371961393 27.7252828069 27.9618555754 28.1183761102 27.7647047118 27.7981210194 28.1984998306 27.6536109584 27.8509537622 27.9082056264 28.1522092514 27.9366484751 27.5160521392 27.5035922669 27.755195864 27.6496488542 27.9588798062 27.6520556254 27.6189577348 27.9729420211 27.8528274009 27.9446351503 27.6135013034 27.5324641002 28.18023366 27.7606898752 27.5922801757 27.7636137967 27.6166895273 27.546507287 28.0877125345 27.5541547843 28.1205175257 27.5592989741 27.504679818 27.7741915492 28.2061129685 28.102893769 27.9771548797 27.6537163396 28.0505883585 27.7015680387 27.9267405481 27.6004107045
28.1960058724 27.8005081406 28.0041913684 27.751399255 28.0241157515 27.5875344879 27.6799687578 27.5396338021 27.7129488196 27.9302962647 27.9333599778 27.6603759723 27.794763098 28.1445418562 28.0505931719 27.6740584927 27.769208273 27.673076696 27.5845393813 27.5474441897 28.1492085097 27.6306666204 27.6440084082 27.5971948273 28.0467117282 28.1044372925 28.1686338209 27.7245737322 27.8368247483 28.0727602135 27.9906444763 28.0208541136 27.614938424 27.542933263 27.9024472052 28.0642501589 27.6248462636 28.1956482354 27.9158208178 27.9754476552 28.1152239027 28.1410198161 27.9660674315 27.7637747762 28.118272111 27.5941252759 27.6392136004 28.078451866 28.1160989317 27.5132387358 27.5871919758 27.9085511084 27.8448421783
27.9795842903 27.6071997305 27.8997574912 27.7805236955 27.5568161626 27.7286334125 27.8164940604 28.1504539076 27.8839412208 27.6295810329 27.6959094679 27.5700215613 27.6859627965 28.0222413554 27.7790382419 28.0946664695 27.5422241778 28.0453038966 27.5044566822 28.1301414553 27.9198568172 27.8916878475 28.1289606716 28.1925104547 27.5196177701 27.621867144 27.9236639573 27.8558247993 27.7588333768 27.8841571205 28.200101874 27.6179697435 27.6359624457 27.6948541052 27.5457324167 27.9903631603 27.9444938682 27.9758658888 27.9861801237 27.8344605484 28.0789125488 27.6972725053 27.6744681073 28.08781753 28.1534758195 27.7466480965 28.0534902989 27.9935597752 27.6456682735 27.586896802 28.0867591444 27.9237148236 28.0543971645
27.9103269854 27.7329136171 27.6863240709 28.1092736911 27.9081398549 27.8058397222 27.6445790712 27.7287111917 27.8153630089 27.6781452827 28.0967005308 28.1815180001 27.7848169701 27.9699602008 28.0723133222 27.748353474 27.6076591404 28.1715027947 27.772506552 28.0561643481 27.7314509269 27.9628883327 28.0429807893 27.9121201728 28.1929767694 27.7472449382 28.021295924 27.8006286666 27.6614852016 27.9633246479 28.0850152414 28.1959018806 27.9397348683 27.7576852475 28.1810918872 27.7961827967 27.5426707113 27.9151902365 27.6078362916 27.666313508 27.7772300357 27.563911055 28.0713671109 27.5810470207 28.1520108934 28.2030428303 27.5167261692 27.586018383 28.1226335217 28.1204013336 27.980414327 27.7451932263 27.5247722691
27.5241180134 28.0761607496 27.9054553532 27.9715482719 27.8846690426 27.8464121411 27.7829338429 27.7916992104 28.0054947858 27.7678017138 27.9038168157 27.7349210114 28.0342222399 27.9020592498 27.5634487156 28.0722460779 27.7306485706 27.8399129464 27.7455678022 27.6679906394 27.8060860181 27.8144309307 27.9283299593 27.742669275 28.177548771 27.7999517281 27.5683567752 27.8182808994 27.8562208067 27.6636868402 27.6260021471 27.9708860397 27.7601718898 27.6285786896 27.6730942762 27.9717555963 27.5322476595 27.789484426 28.1474711601 27.8746135444 27.7273395365 27.8531018827 27.7083452972 27.7019345008 27.9404778138 28.0724200168 27.9831355808 27.5548820467 27.6624920186 27.8656567681 27.7752664905 27.8905801186 28.0492071571
28.1127510638 27.5183150416 28.1673359857 27.9693557761 27.7920697633 27.8071031835 27.834868957 27.9600161403 28.0686158108 28.1272289237 27.5563993365 27.8083115338 27.8141707956 28.1411463282 27.6625350365 27.9333401098 27.9905539314 28.1171714799 27.5893618173 27.9634816085 27.8712898132 27.6227515315 27.9492410333 28.0096148136 27.7032004864 28.0882331202 27.9152065146 27.99428408 28.1224086349 27.6875944747 28.029325039 27.7002094662 27.6887551096 27.9843331432 27.9756112569 27.9354902879 27.6175516692 27.5456759323 27.5400964281 27.7670075605 27.6349876511 27.5779240084 28.0211268965 27.9887932315 27.7604493167 27.7147183302 27.8941391059 27.7828070689 27.6285976202 28.1081023659 27.9880241031 27.8295838228 27.7624208652
27.5739372276 27.9713948145 28.1605839635 27.5295478378 28.151803713 27.6484713415 27.9531955174 27.9234293353 27.8757383649 27.8359012827 27.6178054999 28.1885279174 28.1075829791 27.7912212644 27.6412924219 28.0521726297 27.7739501422 27.8087871362 27.6886176407 28.1442521288 27.9420101025 27.682063038 28.0843057146 28.0151845627 27.8143112548 27.8870076507 28.115964268 27.9524031424 27.5708074692 28.1509981329 28.0075081725 27.7888464742 27.7147156071 27.640349555 28.0227349566 27.8815330823 28.1094618954 27.8537831739 28.1762852702 27.5832009 27.9764773682 27.9264426427 28.1853583606 28.1762355092 27.8968896853 28.1727718847 27.8453970857 28.0160960575 28.1112363654 27.7679581915 27.5403627791 27.6805069595 27.6266520785
28.0860041414 27.7621788043 27.7774407384 27.5685535241 27.8511679795 28.1640499638 27.7329807147 28.0187118987 28.1448746345 28.0144915808 27.7674412969 27.8426848902 27.5731003912 27.7355944339 27.5271916733 27.5826289644 27.994993073 27.9450655036 28.0081776018 27.5573035849 27.8607136489 27.7246384347 27.6976266964 27.9096304995 27.5391570916 27.8036538265 27.8493097296 27.5196103139 27.703844315 28.0230379623 27.7339232196 27.6425898612 27.6580513151 27.8513838363 27.5255848771 27.6930236743 28.1828035163 27.8138519533 28.1438972436 27.8918509427 28.0687926237 28.1901751417 27.856249689 28.156357019 27.9933124452 28.0379804618 27.843802374 27.5690332134 27.7992253425 28.0273701458 28.0598682516 27.9550333868 27.5034912322
28.2066632819 28.1092610405 28.0127106504 27.6273845844 27.8353110863 27.5529256768 27.7787994092 27.5031928788 27.642155918 27.708228168 27.7503188538 27.8470450758 27.6421402639 27.8269800626 28.0687013037 27.8555707375 27.6837159679 27.9010799903 27.9610642212 27.9658053809 27.9927671708 28.0764877572 27.7865718352 27.7512271902 27.8674201081 27.5182904732 27.5024488535 28.0343336654 27.6057955711 28.100996173 28.0378283146 28.1847103994 27.8020530698 28.025092985 27.5664675247 27.7399191902 27.6570604816 28.153038834 27.8465731862 27.813751141 27.5985161165 27.9153535812 27.6319172314 27.7830079205 27.5695022731 27.7575329886 27.586639418 27.648901561 28.1857413098 27.5955261986 27.7596452154 28.1599726013 28.1935161025
27.7150956468 27.8770307208 27.5151510423 28.1788829736 27.521997378 28.0710984787 27.6705797793 27.9280710655 27.742116291 27.7984570396 27.5417932084 27.5582226831 28.0736030076 27.8684846898 27.7609304498 28.022595111 28.0406099424 27.72552845 27.7069446543 27.6997131268 28.0580405975 27.9289474169 27.9522557621 27.6600269122 28.0213686444 27.8667381194 27.6557465759 27.7380100363 27.6746303672 27.8193448204 27.6226803205 27.5432625323 28.1949504697 27.7320688046 28.138561798 27.7975512984 27.8256611796 27.5140500269 28.174133015 28.1188247797 27.5977544719 27.675606057 27.5277433307 27.6869249343 28.1367055973 27.6325209192 27.6262814858 27.5301015505 27.5486012776 27.7649621559 28.0069647757 27.6313583784 27.9176070628
27.8922307881 27.5141993733 28.0048848301 27.6450246198 28.0025250955 27.8392907826 27.7345769747 27.6185346801 28.0397948489 27.9923836641 27.5362272291 27.9472937343 27.6640238266 28.127850779 27.9898792176 28.093597283 27.5480921955 28.2000284469 27.7139593395 27.5568647674 27.7219642485 27.7903063466 28.0844432374 27.8678287333 27.9621925998 28.2050887866 27.7888388979 27.8715935007 27.8397938153 28.1617585357 27.7323948259 28.1815505367 28.0031657255 27.9903980581 28.0306994769 27.5036250426 27.7254842743 28.1623071985 27.8814136525 28.0587605415 27.8900567025 28.1860166444 27.9109822578 27.9098764204 28.1428042253 28.0397659805 27.6263942743 27.9920826315 27.8006756788 27.9909585168 27.6154834879 27.5339409523 27.6515420026
28.0779357325 28.1166096076 27.9017517974 28.0222151117 28.0733480935 27.631887177 27.9157846763 27.9341604875 28.1454692084 27.7565286407 27.8724004966 27.8663652697 28.1597877987 27.6250151712 27.5621285067 27.9983563145 27.9244292972 27.772101522 27.6233080597 27.9201929489 27.943552672 27.9079415829 27.9662450407 27.99639108 27.5187413691 27.5990509998 27.642083764 27.8268239758 28.168145727 27.7802112255 27.7972810946 27.5619529377 27.5216542152 27.7203324522 27.7703013627 27.8354597558 27.6779333934 27.9478851367 27.9269527513 28.1177984684 27.9578734345 28.093981329 27.8569333862 27.6682870438 28.10599119 27.9361577054 27.8563986358 27.9570073533 27.7529133131 27.8552599498 27.7446465513 27.9168692963 27.6297069831
27.6304053803 27.5013056414 28.0348068987 27.5299249652 28.105290469 27.8142231141 27.7704544946 27.5441131939 28.0825347996 27.5794466208 28.1390900912 27.5347270945 27.8827870875 28.1850458329 27.93516687 27.7097187121 27.9381744795 27.7334323151 27.5435216088 27.9280081147 27.9338912894 27.6768439275 27.7538818478 28.2020666518 28.1816022347 28.0199828071 27.6056989953 27.7013582904 28.0112993678 27.8892180241 27.9954212036 28.0035785365 28.1883062051 28.0899818289 27.5608318054 27.6249913007 27.5120334029 27.5746266199 27.6933892527 27.8091092402 28.0227960613 27.9656306953 27.6899480419 27.9949128155 27.9653943764 27.9964766825 27.6370297491 27.8493247236 27.5741936345 28.0087519003 27.6268921215 27.8641629638 27.5552209614
27.9165433317 27.6257505211 27.5514522288 28.0719610997 27.7775341602 27.9495285789 27.8596892702 28.1775396368 28.1641717462 27.6431006979 28.0097882434 27.5629277987 28.0522946766 27.6872744119 27.5149464157 27.9967462432 27.9572910609 28.0391463108 27.8961765843 27.6944605374 27.8131304127 27.811693437 27.6288139731 28.151375731 27.9271280128 27.8136380917 28.1950887132 27.7453433448 27.9960069732 27.6501187396 27.5634734361 27.8062571006 28.1730883299 27.9409388178 27.8493321302 27.9675698386 27.5884834464 27.5057800978 27.8933100623 28.1776946077 27.5972330358 28.1487337535 27.6641363363 27.6516263049 28.1634198499 27.5098443029 28.1809585896 27.8256869598 28.1331366055 28.1660862688 27.6864447899 27.6037706818 27.7489005563
0 27.5890273968 27.5528111352 28.1763976604 28.1773071062 27.5942567053 27.8090564208 27.9900601723 27.6363912578 28.1965008897 27.7120843949 27.7903452137 28.1251069366 27.5796189962 27.9549960958 27.7591046458 27.926864635 27.6350581088 27.5834567309 27.6086420064 28.1690813616 28.0840384217 27.6877487885 27.7517866375 27.5205584851 27.9714350544 28.0692922118 27.6317595016 27.8363378226 27.9019804219 27.5970904603 27.5912056533 27.6171146035 27.9101862042 27.5579326889 28.0039817113 27.7491376232 27.8443132929 27.5447906841 27.9481774212 27.626413036 27.8844308387 28.1493750464 27.8476309616 27.9112096218 27.8891463555 27.7878709254 27.7115196129 27.8165316843 27.6663374869 27.6077788974 27.9833552491 27.606530737
0 28.0408116507 27.8513779368 28.0611958523 28.1254614068 28.1658809497 28.0759189011 28.1966969839 27.8318546888 28.1333496576 28.1120300835 27.6764051497 27.5394406819 28.0577735319 27.7381183321 28.0139624297 27.5470625158 28.048590044 27.8547106653 28.172908055 28.0689758152 27.739860488 27.7573468266 27.5097274229 27.6298707306 28.0766346085 27.8491986647 27.5323773871 28.0472966112 27.852213975 28.051956488 27.5321736873 28.0799596989 28.0050765574 27.7103337813 27.5452514026 27.5002857589 27.7897084631 27.7386705975 27.7035485893 28.1025139594 28.1781646365 28.1320347206 28.0753496352 27.6668580521 27.5039998742 27.6882588383 28.1085233715 27.5331699346 27.8893339815 28.0922285849 28.0597587318 27.9911354708
0 27.785959605 28.046975429 27.8909389179 28.1920023905 28.0773052599 27.9379440072 27.9566621958 27.5784543633 28.184309489 28.1663305451 27.6420071014 27.8009239674 27.9458675618 27.9365602885 27.9209021233 28.14702817 27.9732067412 28.1913793163 28.0949345262 27.7109348419 27.6808258568 28.0164612776 28.1075204031 27.5487329859 28.1710054618 27.5521424697 27.6147969709 27.5832726363 27.8203927963 27.6687757478 27.6455870974 27.657039398 28.1543479877 27.6535453119 28.1854651627 28.1517397159 27.7216405707 27.8893741049 28.0407841405 27.6220890928 27.7111859656 27.772645444 27.8028608998 27.7164626682 27.8962763448 28.0572270778 27.8520711035 28.075966696 27.7810038762 27.7593973488 27.5703722866 27.8085196572
0 0 28.0332049098 27.7571312764 27.7811590818 27.5552212527 28.0903920152 27.7153432663 28.0506829299 28.1992713747 27.8251416206 28.1670916489 27.9487983143 28.0344914211 27.8723268124 27.8956141985 27.8775137302 27.8589276378 28.1380261046 27.553970664 27.532586988 27.80962639 27.8854353976 27.8377947105 27.6533339933 28.1559323771 27.7411821186 27.7106022151 27.6546647202 27.6700365552 27.717858628 28.0010633154 28.116895536 27.9646890789 27.5728569264 27.6179912886 27.9427904361 27.7237196181 28.0766356161 28.0316182144 27.5791320005 27.5870547446 28.1391413933 28.0666876083 27.7448627502 27.9240607401 27.5534371167 27.5168720626 27.607442979 27.6272393822 28.0278169121 27.5140654441 28.1437376157
0 0 0 27.6182262782 27.9513000853 28.1306824743 27.7800054857 27.9626828321 27.6529029629 27.9999316788 28.0723032024 28.035961195 28.1243772454 27.569630584 28.0458761908 28.1898224178 28.0538582396 28.1903327803 27.8263647347 27.9424079014 27.5750307066 27.8085099016 28.0483306807 27.9779116844 27.5222553818 27.8503265352 28.0438031663 27.573558192 27.6983096393 27.6419507714 28.00298689 27.5106164334 27.6685106221 27.7218164672 27.5206169168 27.6885958551 27.559009686 28.1059661329 28.1998768264 27.7545154505 28.0775252019 27.5585519591 27.9641794865 27.8611130124 27.9544231892 28.0240285854 27.9912974057 28.13282258 27.8781181647 27.8911074577 27.5305117855 28.1160750134 27.9864711221
10.6464761852 14.8897504018 22.3136459558 0 0 27.5315438231 27.5674367693 28.1620970684 27.555064524 27.9360557268 27.54913517 27.5193196215 27.6698045869 27.7729461871 28.0597673409 27.7965856666 27.644638386 27.6503178575 27.7714429102 28.1372476775 27.6702855668 28.0590518138 27.7805928996 27.5406326232 27.7734390868 27.6870328397 27.5048772721 28.1419866135 28.0777909783 27.5305643539 28.083973699 27.7158704255 27.558493271 27.7870405333 27.7648172768 27.9203534347 27.5811093943 28.068213593 27.763052942 27.7690122898 27.6300068118 28.0170589487 27.6055614878 28.1392631414 27.883711039 27.9537728345 27.5611596329 27.5887248766 27.8366013555 28.0131965454 27.7513985742 28.1455702157 28.0063037734
21.8227840041 17.9865568154 22.4322065364 0 0 0 27.620559173 27.8590624047 27.7498620173 27.5003617109 27.786319107 27.9444874432 27.676643638 27.763574581 27.8179246015 27.8541775927 27.8810365676 27.5861260615 27.6381554338 28.0102808035 27.6128952031 28.1772749161 27.5564610054 27.874489704 27.7335513149 27.904614828 28.1283554526 27.6149943422 27.6435979936 27.5473573749 27.5811437345 27.9609962037 27.5368034367 27.6952058316 27.6429112762 27.7632596594 27.5879208329 27.6248611301 27.5645892408 27.5137059735 27.7883536601 27.8098404125 27.8167169048 27.7638054574 27.5771753269 27.50449374 27.7070312238 27.5790116417 27.8939529665 27.5319084875 28.1604988219 27.792606387 27.627266498
25.756042467 33.0193168393 29.1617908683 0 0 0 27.6663660587 27.8320595471 27.6767009385 28.0027440621 27.6979048519 27.8273654708 27.8189129365 27.8681423272 27.7747477788 28.0120243767 27.5015381566 27.9705190281 27.5428989936 27.507143788 28.0569884844 27.9556308166 28.081368512 28.0681830264 27.6787709757 27.5495543348 27.9030254901 27.6977395829 28.0903009839 27.9860358023 28.1552770606 28.1266022208 27.8142958551 27.9437123489 27.5792233638 27.8457127405 27.5358110766 27.9026507918 27.6489632168 27.8505856245 28.1194552461 27.628415538 28.1106398344 27.5507719631 27.792873837 27.6409682817 27.865136373 27.8821044113 28.1976408775 27.754743967 27.5487205228 27.8567976822 27.9716684792
0 0 0 0 0 0 27.7200467818 27.9136373259 27.8419043009 27.5188481862 28.0646107813 28.0844996082 27.5073977274 27.8795432504 27.6978427456 28.0340162877 27.5365887205 27.7515223564 28.1993336894 27.8476856255 27.757922241 28.0008215623 27.7753056556 27.8539380869 27.8524106559 27.870430482 27.8028282862 28.010678204 27.9408566962 27.7714546868 27.7485865571 28.0504226426 27.6922157667 28.1532821157 27.5688287517 27.7022242163 28.1889301067 28.0283941263 28.097142538 27.9845715587 28.152897019 27.6201295498 27.5268735057 28.1714259807 27.9788063869 27.7111703915 27.9989805899 27.7140245265 27.5968283198 28.1197260651 27.6798315722 27.9051968202 28.0549425172
