Spatial_Output/90% DEC/90DEC_0439.asc
NCOLS 155
NROWS 192
XLLCORNER 196769.923733
YLLCORNER 449719.875193
CELLSIZE 27.603701
NODATA_VALUE NaN
[rows 23 to 45 of 192, columns 53 to 105 of 155]
30.8885477228 30.9895133427 30.8230981631 30.9783503974 30.7384390393 30.9347864875 30.9091892497 30.7538792201 30.8115146957 30.8131074224 30.5865279744 30.6536313352 30.5423912497 30.9959417897 30.6710636058 31.0372523101 30.5782328491 30.9214587071 30.5172601506 30.7866176813 30.8174431875 30.5820845012 31.0945818216 31.1487421691 31.0605264649 30.9233604576 31.0666402445 30.8312018039 31.0952524193 30.7126104477 30.5753013661 30.6269957526 31.0678853805 30.7199402642 31.1156299294 31.1789472195 30.7510216204 31.1076629352 30.6165831834 31.0960223371 31.1039627417 30.5992846891 30.6601176371 30.6333564176 30.6315103274 30.9461960748 30.8295725171 30.6972218392 30.5629974273 30.51796674 30.8887622414 31.1813177982 30.5611913165
31.1279469969 31.0460320243 31.0151930622 30.9526909112 30.9585837555 30.9305278015 30.9209555784 30.6600261405 31.1464120529 30.5147693686 31.0724406778 30.7405074577 30.8792513663 31.0195388633 30.5866327131 30.5001683716 30.5735385132 31.0556563139 30.7530530404 30.920256344 30.837190936 30.7103078672 31.013558538 30.5977535787 30.637330829 31.0565725236 30.6272728293 30.9704462658 30.6399037537 30.8405933719 30.8500889326 30.7041682232 31.1231330864 30.5862126885 30.6116481737 30.6215649935 30.8061588772 31.1367738681 30.568382175 30.5309979157 31.0014211954 31.0836513262 30.9711145627 31.0213473237 30.8664311057 31.0152866065 30.7047054626 30.647061964 30.5597028047 30.5707500856 30.8921769294 30.6265241295 30.9838330231
30.9170868904 30.874000497 31.1830851353 31.0622608058 30.7806952719 30.5929018845 30.9704553673 31.0055458092 30.6996029786 30.8279772948 31.0616447931 31.1974233338 30.8764722471 30.563718253 30.8130648699 30.7575265778 30.8290370009 31.0032315454 31.0478978728 30.7513799128 31.0654836552 30.8142540604 30.9974357849 31.1080482519 30.5831966494 31.0249981352 31.0941416839 30.5915658435 31.1482066662 30.5563329729 30.9242979422 31.0547638368 30.9408551653 30.928493039 30.5400380922 30.9252223403 30.7912852725 30.744116405 30.8491415189 30.6429338832 30.5961159562 30.629255741 31.1808835552 30.5187271517 30.9355799027 31.1739649222 30.9408277093 31.0054736922 30.8899832184 30.7741294082 30.8618367732 30.6284961906 30.5261208449
30.7231904642 31.0406746351 31.1777386107 30.5176637002 30.8862083144 30.5614488295 30.9986136129 31.139508525 31.0163197558 30.5543125843 31.124221546 30.9311987051 30.6360430041 30.878797336 30.5510351954 31.0047491433 30.8673216668 31.1712058245 31.1680859823 30.5162993832 31.0837020043 31.148195824 30.8193204613 31.0303467762 30.6805698296 30.7838409043 30.7785478648 30.6675575956 30.758835237 30.604907364 31.2057816834 31.1857902051 30.5329035963 31.0272761448 30.5557578537 30.833163559 30.8420357045 31.1142045107 31.166026529 30.7778227124 30.5210447119 30.5610950972 30.8843476022 31.0100724616 30.5709109979 30.5460148104 30.6616772657 30.7142185002 31.041829019 31.1090511485 31.0574483423 30.8747914599 30.8595240093
31.0940430573 30.9553624884 30.9487155342 30.7441791908 30.5115243384 30.7440542321 30.6806174645 31.0574484496 31.1392350926 30.9892278991 30.8669387407 30.8972260013 30.9965791914 31.0253115699 30.5626067487 30.5248742925 31.0716468239 30.7209300994 30.9468227182 31.001201479 31.068652462 31.1255506216 30.6858963926 30.7940794181 30.9133259847 30.8430289998 30.5400621993 30.8403265168 30.6105941226 30.6277582749 30.9642302708 31.0979787294 30.8305720106 31.0322995595 30.531253595 30.7233782213 30.9047564777 30.6404858111 31.0736471108 30.973556569 30.8040573316 30.7643715314 30.7791520589 31.0384523779 31.1208184628 31.2006683545 31.0692695016 30.5460791242 30.7161158631 30.8944746741 30.827223442 31.1285985685 31.0691178338
31.0221673636 30.8907678292 30.9902022135 30.7901159175 30.8765726381 30.9217867482 30.6743158805 31.0412531529 30.5718138919 31.0179051085 30.7834917375 30.8334686682 30.7535345347 30.6360199864 30.7234945248 30.6740177252 30.6171340712 31.0982289542 30.6819449829 31.0248710158 31.1066909621 30.6564226316 30.7049808189 30.7182154129 30.9675750988 30.5568365265 31.026118966 30.947981931 31.1561929926 30.9911351981 31.0440797639 31.0667449552 30.881026193 31.2000634709 31.0767805413 31.1001906958 31.0034321161 31.1411894034 31.1513084002 30.5885409135 30.6950993086 30.5183725964 31.0487259208 30.699152331 30.6966718227 30.5053325997 31.0179424108 30.8471353848 30.7572869159 30.9778109302 30.5278692237 30.9217178807 30.5576086939
30.9050824885 30.5341996617 30.7166836665 30.9179440127 30.5189051096 31.0599325994 31.0292820386 31.1310394399 30.9153958268 30.668384153 31.0455844643 30.987735338 30.5603887501 30.7925792559 31.1503178626 30.7147003599 31.078336903 30.7644696833 30.7722645668 31.1860771618 31.0129467687 30.7444976751 31.1302960305 31.1089564004 30.7724751329 30.5089411985 30.5138709416 30.6518768344 30.8845124174 30.7714367457 31.0186050051 30.9123061235 30.7490491935 30.8793504659 30.9877405142 31.0651591818 30.5894514383 31.1121175316 30.8658166879 30.9912515223 30.5570252862 31.1639569085 30.8165994075 31.0707212555 31.0202939001 31.0707565244 30.7836102722 31.1171747084 30.9932470017 30.9426189093 31.1618028012 31.0637612787 30.6470362732
30.8803202693 30.8109159953 30.5032456878 30.8148600349 30.6279109841 30.8530614974 30.9937386563 30.5582269153 31.022815663 31.1028330106 30.75548738 31.0022519603 30.9390733188 30.7273865573 30.6954423518 30.8081092946 30.8770521184 30.7241409266 30.5590096128 30.8280952642 31.0520358184 30.793775381 30.8276465298 30.8883605057 30.5994048417 31.2019958593 30.5782582219 30.6163378602 30.5597924747 30.6925331255 30.5575622449 31.067590471 31.094143417 31.0339178794 30.6795554694 31.160641683 30.7122079875 30.7909242246 30.8325552189 30.5665538592 30.5775132919 30.8133697221 30.6782119616 31.0833239557 31.0626183722 31.0326563405 30.5759250068 31.0356791214 30.5641271714 30.6299154792 30.8135022347 30.788717334 30.9839338573
30.9938560113 30.825749323 30.854933906 30.6319549689 31.0499563997 31.0241372036 30.7994987198 30.8529859791 30.6206065993 31.1315549866 30.6468266683 30.6413947088 30.9719818764 30.9054844371 30.9042390074 31.1157254867 30.6690560301 30.8301386531 30.5033492192 31.1641269033 31.1864072247 30.6157876002 30.8569045377 30.7869303776 30.5617296407 30.7736116823 30.9078559912 30.6590966396 31.1740537242 30.9438398161 31.1475551433 30.7975302662 31.1880627507 30.9146924086 30.7173099991 30.7989758119 30.878259913 30.8177768917 30.7038253939 30.766860377 31.0078406709 30.6132518771 30.8561326307 30.6651802687 30.9591972767 30.6656675258 30.9990909674 31.1509492796 30.5537444462 30.5899664957 30.5625440308 30.8449379681 30.8780619579
30.8391550761 30.8549197883 30.7705833365 31.1403095666 30.8204836865 30.7904952618 30.9015796931 31.0109324837 30.5930091565 30.7956443159 30.8802311102 30.9964350952 30.6690110742 30.6253312731 30.8297343782 30.8601353855 30.6493001256 31.1241539965 30.8713982526 30.6340388692 31.1882242318 30.8166360863 31.1876270792 30.8358148424 31.1221698149 31.0033545131 31.0425840292 30.9890049825 30.6340377139 30.822110566 30.618057473 31.0443413488 30.6547667393 30.8480842248 31.120917736 30.7031040218 30.8789187596 30.6717801058 30.8419790614 31.0108673499 31.0043577887 30.5354106651 30.5120593167 30.9045932111 30.8055257168 31.1447159931 30.5964732424 30.9917876536 30.886242416 30.8963923177 31.1755880458 30.6349569166 30.9231711632
30.6619637949 30.9013852235 31.1038604613 30.713687677 30.9854146322 30.5118362767 30.5173320512 31.1766502698 30.9601865631 31.0733607099 30.9687056556 30.5438378737 30.8341323278 30.5525863279 30.6245911751 30.6501153309 30.9662076603 30.7672121207 30.9058824316 30.8438771412 31.0931604359 30.5615878886 31.2022249996 30.8799528721 30.8421668249 30.8957135771 31.0151498679 30.8268773076 30.5482204698 30.5962919036 30.6733279308 30.7608330156 31.0402966628 30.9826933631 30.7819905244 30.621140197 30.8909113262 30.8724600038 31.0940035212 31.0628616132 30.698386423 30.9401674131 30.8609534335 30.8741758583 31.1883997934 31.0229475276 30.5340627243 30.5225420252 30.8719800857 30.9139820552 30.7271467303 30.7475640152 30.62872028
31.0591312803 30.5372585444 30.87598894 30.5854792819 31.1894674278 30.8976759847 30.8207805132 31.1593767165 30.61937547 31.0545775814 31.1515161481 31.1131028909 30.8681158265 31.029687595 31.1796847042 30.7940520984 31.1081570383 30.7797230946 31.1971478707 30.5471756384 31.0850475484 31.1620238806 30.847683405 31.0021652706 30.8015570023 30.9343399221 30.9976107658 30.6418499742 30.6653837267 31.1203569585 31.1223789519 30.8424771322 31.0132105577 30.7619755242 30.8380318206 31.000092291 30.8760771481 31.0199033692 30.9617070055 30.6190211657 30.694017222 30.9351863941 30.7004329256 30.5936615026 30.708343808 31.0178629556 30.6512980796 30.7322436793 30.8224935364 30.635118388 30.732437029 30.9062376084 31.0972883143
31.0053182454 30.6387159131 30.6478126623 30.8231916005 31.1180348762 31.0428800677 30.8227478282 31.1835654176 30.8029099747 30.6576684765 31.1354779586 31.1262041198 30.9364943564 30.8555357848 31.0180489762 30.9672689796 30.7030805327 30.7848963073 30.8106886366 31.1520245122 30.7168484429 30.7083709996 30.7886785558 30.9418166144 31.1940622014 30.6735242604 30.8863275831 30.9851926614 30.6184911324 31.1915651509 31.0210129461 30.689406812 30.6890352142 31.1927462604 30.8841657737 31.1233829409 30.562921659 30.8094935113 31.1391759859 31.0393736911 30.8611254046 31.1793991119 30.6669519866 30.7713170373 30.9381896536 31.0727913644 31.1386451483 30.7490425799 31.1994821722 30.7488399819 31.0331835985 31.0555809819 30.5947945444
31.0870320253 30.6734389358 30.7105278886 31.1163907473 31.1403767652 30.9942374688 30.7104519014 31.1723122068 30.5371848977 31.1230378929 30.5913379816 30.8258970748 31.2053419187 30.7736907738 30.9811963333 31.2025338639 30.9847890142 30.6931180279 30.6228636525 30.7644343375 31.019482076 30.7680154579 30.5007449735 30.8249354117 31.0824832739 30.9572170659 30.8358853013 30.5522447232 30.7722814798 30.7114391812 30.5839946145 31.1841939475 30.6789398067 30.8396682199 30.7961370749 31.1501298319 30.5662226753 31.127854951 30.6612493221 30.8153447777 30.7940325683 31.0264092837 30.8740541068 31.030209508 30.676400371 30.597803795 31.0280181339 30.5313888979 30.9812203248 30.6591442844 30.9725466274 31.0766944543 31.1616346453
30.6055204387 31.0887204337 30.6923218163 30.5851456494 31.0756838603 30.7534899038 30.5987453688 30.9241371313 30.707173647 30.5763476449 30.7169699255 30.7085286469 31.2018367934 30.7222504342 31.1654817858 31.0535988231 30.5823545263 30.9746678699 31.2026980178 30.624368265 30.6780363422 30.6529501276 30.8259627443 30.5260244065 30.6328757709 30.9477539774 30.5350200932 30.7210678529 31.0552460062 30.8354005117 31.0704616679 30.7597611616 31.1807545274 31.0240924266 31.0784391755 30.6856530703 30.9085139531 31.0729942517 30.5801654732 30.7613981867 30.6207880042 30.8753023627 31.1521774106 30.5316816046 30.5841889643 31.0797046875 30.7390893492 31.0250208788 30.7751968152 30.7766270937 30.8635712818 30.8623242673 30.8514069467
30.6114936468 30.6310241034 30.5226505731 30.9966136366 30.8500455762 30.7628834909 30.6320459039 30.7755406901 30.5218827048 30.9084034096 30.7941064413 30.9750151573 30.6460361695 30.815305049 30.972840758 30.9899244336 30.9875136923 30.8886154337 30.6453698487 31.1500156334 30.6370793308 31.1849270758 30.8139211464 30.6335333209 30.6193478474 30.6042720805 30.859929629 30.7770283684 30.8242822399 31.1036171743 30.8918792439 31.147802356 31.0632522566 30.5113905214 31.069922938 30.567462943 31.0066658792 31.0381450735 30.9271298383 30.6826762443 31.0903392988 30.6897826551 30.6205495096 30.8109816628 30.8201923139 31.184483506 31.0489160105 30.8743529448 30.5033288597 30.6717649349 30.6336757855 30.817750354 31.0811893022
30.8975977085 30.7328322016 30.5136351763 30.8283030423 30.6037293588 30.8547832521 31.1095718323 30.9950161429 30.7851990031 30.6930410885 30.6119069195 30.9043554646 30.6894595336 31.138949067 30.736337503 31.0381661566 31.1950843165 30.7220289775 30.5120676965 30.6704357963 31.1808237219 31.19062206 30.6582538877 30.5056222682 30.7722475228 30.5253818672 31.1701146743 30.9287173795 30.8819764439 30.8629478528 31.001417983 30.7667430643 31.100232833 30.7128975959 30.7979594949 31.1957187013 31.1948966925 30.9469888717 30.8622183226 31.1283868791 31.1435360098 30.841857567 30.5232669892 30.5962130502 30.8716727561 30.9411804059 30.9289788253 30.6194535958 31.1823604731 31.1942483293 31.0356848748 30.5533385365 30.5547793172
30.8513513433 31.1332178611 31.1762035141 30.553749469 30.760218804 30.8132097037 31.0056121652 31.1746829668 30.7158752456 31.0351743379 30.5359276937 31.0519952817 31.1989495505 31.118975344 30.853536403 30.7036452167 30.6165361307 30.7315957117 30.8305395291 30.560281057 30.5279021237 30.6721019327 31.0031086195 31.160462755 31.0402273273 30.976426237 30.8772383566 31.0546535311 30.5002832177 30.795275754 30.5117866717 31.0226216953 30.8465877218 31.073702452 30.9320566046 30.7985900836 31.064461607 30.7946390794 30.613117231 30.7158869313 30.6961679025 30.7840602273 30.6853980189 30.9467309429 30.8453967772 30.6193581811 30.9884671664 30.8926479867 31.1235302348 31.0033906638 30.9102156474 31.130913212 30.571568284
30.6625854579 30.5747005345 30.6486478267 30.5035447694 31.0491626735 30.9629856362 30.9024414961 30.9603641318 30.681716065 31.0863373435 30.9347612213 30.8932461077 30.9401975377 30.9289435441 30.7621397402 30.5608486455 30.6023852843 30.6211411383 30.7258414355 30.8204614636 31.0039680038 31.0563844776 30.9820834472 31.1010500217 30.5141301632 30.6828403468 30.9838523099 30.6868515429 30.9335100144 30.7607556366 30.7614314741 31.1143455437 30.6141342774 30.6281047139 30.5678359111 30.6744660135 30.5122081104 30.893973612 30.5303783747 31.0196679611 30.7009075202 30.6285749025 30.8094585397 30.7037538046 30.7931991986 30.5427604395 31.152096318 30.9731594786 31.1887419253 30.79085998 31.1406043026 30.6318013317 30.6931814933
31.1269696777 30.55117103 30.6344060857 30.5776059718 30.810143308 30.5232865352 31.1144732896 30.6267588378 31.1798533917 31.1188465962 31.0440418276 30.8780577758 30.5410111004 30.8176751901 30.7712255668 30.6887002661 30.6226180025 30.9453874379 31.0200178276 30.8144523943 30.6704386071 30.590828756 30.5028891902 31.1650193342 30.5731206421 30.873848957 30.7250143247 30.5753152963 31.0942591665 31.0544719542 31.0508199705 31.1088215009 31.1827346642 31.0717577694 30.8075545993 30.8219033885 30.5976453354 31.1119035475 31.022884912 30.6407335294 30.5856760915 31.0190109311 30.9233478316 30.7742331488 30.7822855424 30.523103393 30.6036245546 31.1464566434 31.1570961491 30.7825649536 30.5501443488 30.6441896389 30.7622364784
30.8012357387 31.0384956795 30.9720672318 30.6688231853 31.1840143623 31.1227364527 30.7268778053 31.0666657427 30.6569016269 31.1751668267 30.7030757542 31.0157606165 30.7667517907 30.6782131723 30.8406308099 31.1892881146 30.737163633 30.7107989163 30.6541596843 30.9981039094 30.964421275 30.7353765103 30.537850802 30.6903572075 30.6952352726 30.8461953771 30.6818955514 30.9989333214 31.1595748424 30.907793433 30.9778712905 30.8097588276 30.8156335781 31.1311580669 30.5732381634 30.870556729 30.5536313291 30.9089036954 30.7307687149 30.5449996043 31.0640425056 30.8335493364 30.8304971596 31.1775026096 31.0632277336 31.1857181605 30.7396721097 30.8333398125 30.5279089288 30.9635137273 30.7800056989 30.9822356606 30.9778902245
30.6935115568 30.9321361061 31.1168712084 30.6298416001 30.5575437913 30.6777724494 30.5190560455 30.8268491408 30.5544335243 31.1281465876 30.8785361978 30.8074097681 30.5144857664 30.7410024164 30.8290394862 30.5887018919 30.6583269625 30.5593741406 30.6306505229 30.652310301 30.8365111475 30.6709339665 30.5914066842 30.9167699674 31.0368462502 30.5405021163 31.0343335726 31.0920931691 30.5932751508 30.8174621716 30.7403217962 30.6337321543 30.9238236067 31.1763202593 31.1449284739 30.5297772088 30.7250588252 30.6731197801 30.6453159273 31.0724128685 30.6894679255 30.8598937169 31.0689242497 30.6419636798 30.9700830237 31.058163618 30.6788158789 31.1939783779 30.8768040437 30.9336973094 30.9839409631 30.938577933 30.8161889988
31.0002556852 30.7361105675 30.5898676461 30.9415022864 30.7743056406 31.0016946142 30.9729575616 30.6035132812 30.9836557514 30.5934345143 30.6441765455 31.037383203 31.0237644109 30.8925520788 30.5844069425 30.5182018681 30.7890284912 30.8485505137 30.622658661 30.6722111846 30.6504004066 30.8923832886 30.649589317 30.7338139526 31.0011489131 30.9835853542 30.9298154213 30.6189155339 31.1308961318 30.7847895304 31.1217009291 30.8295780405 30.5057296157 30.9289215004 30.6950994431 30.5446360099 31.048455779 30.7225650247 31.1283305846 30.9396191804 30.5307727918 30.6961254664 30.5183803876 30.8285741512 30.9535060245 30.7989495658 31.0092777921 30.8577624483 30.8060372802 31.0234285544 30.8839346367 31.1524063828 31.0511044503
