Spatial_Output/90% DEC/90DEC_0017.asc
NCOLS 155
NROWS 192
XLLCORNER 196769.923733
YLLCORNER 449719.875193
CELLSIZE 27.603701
NODATA_VALUE NaN
[rows 0 to 22 of 192, columns 53 to 105 of 155]
45.4038240711 46.1066993089 45.8063844711 46.0689479473 45.5185462843 46.1566828831 46.2902542331 58.8656109564 63.8198549509 60.9852026561 45.9002917267 0 0 0 0 0 0 0 0 0 0 0 0 0 0 0 0 0 0 0 0 0 0 0 0 0 0 0 0 0 0 0 0 0 0 0 0 0 0 0 0 0 0
46.3852968822 45.3731325306 45.9507366443 45.2512736412 46.1046903431 46.2200074254 45.6593558704 54.9187618712 58.4108958369 63.3434009845 45.0718926603 45.651918704 0 0 0 0 0 0 0 0 0 0 0 0 0 0 0 0 0 0 0 0 0 0 0 0 0 0 0 0 0 0 0 0 0 0 0 0 0 0 0 0 0
46.1245363325 45.7680831696 45.9570567126 46.1423589974 45.2168303074 45.5145298242 45.8960897526 56.4709815372 59.6486353805 58.8868200483 45.3933722842 45.6910827645 0 0 0 0 0 0 0 0 0 0 0 0 0 0 0 0 0 0 0 0 0 0 0 0 0 0 0 0 0 0 0 0 0 0 0 0 0 0 0 0 0
46.2978782794 45.1621537662 45.2531336775 46.3830488109 46.1130391636 46.4120428071 45.0505782832 45.7337844313 46.3549531612 45.3398210203 45.6254400801 45.3792158168 45.2144075561 0 0 0 0 0 0 0 0 0 0 0 0 0 0 0 0 0 0 0 0 0 0 0 0 0 0 0 0 0 0 0 0 0 0 0 0 0 0 0 0
45.9871304791 45.6206366683 46.1756205686 45.524569668 45.1877223264 45.6882192025 46.0218636668 45.3693214916 45.3351453657 45.400772018 46.2160194045 45.2801775297 45.6160001517 45.2578952684 45.4884733635 0 0 0 0 0 0 0 0 0 0 0 0 0 0 0 0 0 0 0 0 0 0 0 0 0 0 0 0 0 0 0 0 0 0 0 0 0 0
45.8521153591 45.9645248577 46.3207048605 45.8186191022 45.116125894 45.3090391022 46.0851750453 45.155010432 45.8790517691 46.1121923929 45.7881171853 46.1352219129 45.7253854033 45.0544775098 45.851410006 45.5381628893 0 0 0 0 0 0 0 0 0 0 0 0 0 0 0 0 0 0 0 0 0 0 0 0 0 0 0 0 0 0 0 0 0 0 0 0 0
46.3193487383 45.6768959475 45.5115290696 46.1297881061 45.3110204927 45.6017151148 46.0395793689 45.0604956825 45.3562319068 45.6492287643 45.2028975952 45.1955672312 45.2229309036 45.463267215 45.7213726145 45.2846486497 46.0856678913 45.6732975626 0 0 0 0 0 0 0 0 0 0 0 0 0 0 0 0 0 0 0 0 0 0 0 0 0 0 0 0 0 0 0 0 0 0 0
45.746141911 45.6470944721 45.8675788284 45.4476523294 46.1118327561 46.1575109821 45.3269470608 46.0188148434 46.0796950096 46.36312769 45.8016509657 45.3986470992 46.4139875354 45.8179425553 45.4830295122 45.2219740064 45.9736039777 45.6010413884 45.5612547695 0 0 0 0 0 0 0 0 0 0 0 0 0 0 0 0 0 0 0 0 0 0 0 0 0 0 0 0 0 0 0 0 0 0
46.2035989718 45.8222201448 45.0767963933 45.9155876836 45.349253086 46.3875128504 46.1663051197 45.1284448107 45.8719870878 45.1821159105 45.6735873992 45.2077321396 45.3145486482 45.7501722764 45.1175782066 45.7559851042 45.6866323748 46.4034271926 45.1720677374 45.3165276733 45.2702788883 0 0 0 0 0 0 0 0 0 0 0 0 0 0 0 0 0 0 0 0 0 0 0 0 0 0 0 0 0 0 0 0
45.3801247028 45.7905013089 45.5616040751 45.1158153366 45.6596183895 45.5472261047 45.8390117665 45.6223629874 45.3701649614 45.613145455 45.1747990013 45.3314503788 46.0548318466 45.6523685574 45.5870589243 46.0352606573 45.3403189388 45.1979265551 46.0734822695 45.832917297 45.4118694936 45.5149464134 46.0096798402 46.1864085784 0 0 0 0 0 0 0 0 0 0 0 0 0 0 0 0 0 0 0 0 0 0 0 0 0 0 0 0 0
45.1336083618 46.1896741217 46.3183964941 45.164767576 45.8609688718 45.3128874851 45.8751035869 45.5797921455 45.3955166161 45.0388228972 45.475253248 45.3518646453 46.0984077693 45.7811748364 46.0196276296 45.4303949192 45.034023333 45.6344756857 46.3495663252 46.3169738426 45.2279840907 45.2347553744 45.922158976 46.0392566639 45.1028250587 45.0830763067 45.7599217402 46.2196320073 46.3397819386 0 0 0 0 0 0 0 0 0 0 0 0 0 0 0 0 0 0 0 45.023676449 45.3640572244 45.2689327651 45.1308263854 45.8957420104
45.6327030669 45.1666464902 45.568974271 45.1531967283 46.2493285512 46.0860630774 46.3406956653 46.2378650876 46.0788227726 45.944831585 45.5588268693 45.5487591278 45.0608932954 45.9078539251 45.9157119529 45.061402705 46.1760223797 46.2766640799 45.0380640283 45.1255628867 45.4753906063 45.4782651926 45.7867353099 45.4721778941 45.9875987014 45.3063344024 45.2653495287 45.6035668463 46.4055656043 45.3367869442 45.2153577761 0 0 0 0 0 0 45.5147735569 45.0596434251 45.338482748 45.0883872145 45.1868212531 0 0 0 0 0 0 45.6279982471 45.1539222024 45.2924485702 46.3046591041 46.3798511671
46.2057527205 46.0174626957 46.1486454122 45.1901613271 45.8682041131 45.2578986668 45.8557146936 45.9547240672 45.0298702592 46.3345379964 45.15497366 45.3782504402 45.2704540089 45.9003974544 45.1312106584 45.6952783313 45.0001767422 45.4772991785 46.3693960121 45.2830401071 45.2982540265 46.3827160306 45.5989290505 46.3716361032 46.048813531 46.3713499728 46.3203000263 45.5561832552 45.9881069954 45.6119701983 45.1149683574 0 0 0 0 0 0 45.8559146227 45.9733401949 45.1633438386 45.7878820579 45.8896078243 46.0284733081 46.201365222 45.5712730451 0 0 45.6604675159 45.9271846287 45.9854920156 45.0793996269 45.92165899 45.931027347
46.0265641979 46.1759760738 45.3370666977 45.8543989049 45.1560935745 45.9317588402 45.7393557214 45.1047131127 46.1363695151 46.4040152799 45.1861268416 45.0547040168 45.8145712498 45.1341886022 45.4226077048 45.2822668078 45.3272073401 45.6773323593 45.9814008115 45.430615523 45.385661959 45.0993609291 45.2417971407 46.1597516758 45.0502639452 46.2427198568 46.2360098426 46.4046980823 45.5043520857 46.0974640937 45.3332379083 45.3903895426 46.1263493677 46.1113148782 45.4980061258 46.0090480042 46.0145018035 45.5523838176 45.8417722914 46.1146811735 45.9480244313 45.5025704687 45.4265296537 45.0326261115 45.2419177757 46.0725777073 45.6385262262 45.8713278062 45.0319189372 45.2834424903 46.4075938633 46.1387273929 45.4456043264
45.1757843509 46.0112778002 45.1952944599 46.1279472404 46.3186917883 46.223591391 45.6921492712 45.4178881846 45.6616550149 45.5188579427 45.686017069 45.9721361642 45.0709629315 45.6368579968 46.2446889201 46.2506784272 45.253010746 45.7379757859 45.4493480033 45.8653670857 45.7716380439 45.7711806015 45.5431273125 46.4001243439 45.0633710674 45.4019965225 45.9446976817 45.4710600854 45.0757534016 45.7634325095 45.5900558613 45.849745712 45.9072752089 45.2897545448 45.2245009451 45.9164057045 45.5808966932 45.0957324203 45.4604044791 45.6921545017 46.1388676387 45.5530439213 45.8883436374 45.199800716 45.9832006548 45.6179774563 46.2525922626 46.1630816276 45.1118287752 45.2243162319 45.6555504053 46.2960241054 45.803273876
46.3356667841 45.2220816175 46.1451004696 45.9839656722 45.8986922177 45.8168467725 46.151559729 45.9494976764 45.0359128658 45.9325637899 45.6275271978 46.0989718188 45.1082670462 46.3766485156 45.3470109951 45.3368544052 45.7086305488 45.7626682091 45.9724746312 46.0876776252 45.6739911687 45.2062292122 45.4368783768 46.3742846256 46.0327251221 45.6665456542 45.8219224901 45.1031142206 45.3772695234 45.1010940381 45.7086382798 45.9197911798 46.0170758856 46.2019873322 45.4152005393 46.414001207 45.3007273485 45.5961146554 46.100739057 45.2410378798 45.4309611733 45.8911233136 45.5331052508 46.349416717 46.1197566051 46.2351901983 45.8482365976 45.7621912916 46.2963209063 45.5607109744 45.6310585646 45.8238311261 45.505632249
45.8494490837 45.2312265412 45.3666687347 45.4263214401 45.2454763444 45.4994872369 45.6829544723 45.6966886441 46.4113721918 45.8330273205 46.1767020129 45.1307820879 45.5084737589 45.405348951 45.169247783 45.0181206869 45.2624941088 45.7805144337 46.0082020735 46.3392278811 45.9100746763 46.275669012 45.936357972 45.6116787525 45.9161033417 45.8290339953 45.1228159822 45.7976950059 45.3412028918 45.1489983739 46.2251292717 45.3968751478 45.0956357831 45.1895273828 45.8298886074 45.7571418416 45.6956561589 45.7646721077 45.8739086442 45.0450651465 46.1949467473 45.6948361376 45.2114813221 45.1189642998 45.1082885631 45.7832774131 46.0900928758 46.1705778224 46.2293231062 45.9457513066 45.6391657636 45.09099368 45.9187098213
45.3570912609 45.6415982851 45.2933094916 45.6901692682 45.4876151218 46.0449034713 45.3423022641 46.3067568055 45.4897888353 46.258860339 45.3406076908 45.9798759307 46.1938324635 46.2958471716 45.3623495143 45.473862511 45.069453032 45.6302271311 45.2170690051 46.0977011942 46.3048421333 45.8609304738 45.0705791619 45.8309931758 45.4619811814 45.3520837795 45.7863306062 45.9283734067 46.1796161006 45.6830654384 45.5197798535 45.3901534616 46.37863756 45.6426956677 46.1833420323 45.9458609746 46.1627136197 45.4764800074 45.3684206024 46.2788326072 45.5043651941 45.9276929418 45.1857883985 45.5381208441 46.201604237 45.0342678597 45.4116825005 46.3986079827 46.0099853134 46.3995723702 45.857969501 45.8562939087 45.2520797095
46.1194792984 46.0229067078 46.1620786625 45.3762585079 45.3306226376 45.7725332253 45.7837092656 45.5253031159 45.5313484811 46.0307930219 45.7250976918 45.5547216187 45.4556305167 46.1832652942 45.6511240346 45.8337363584 45.6250309436 46.3982050042 45.8662259294 45.1008733272 45.3921680531 45.0573006011 45.6130138443 46.0179138885 45.9731880898 45.6788897183 45.7745460545 45.7971440638 46.3600885203 46.37438737 46.1762508761 45.7690316025 45.8515067665 46.3965588762 45.3830926189 45.6885038417 45.5552845364 45.6140062209 45.2149766123 45.0063295019 45.2623975676 45.5772592711 45.9585132429 45.1990411674 45.2107943988 45.2168901767 46.2830802649 45.8059322841 45.4331079054 45.3182126142 45.7193830947 45.239742652 46.0447686358
46.2257537044 46.3166909934 45.1254274316 45.1100333523 46.1545380025 45.8893223159 45.5693928215 45.2444480482 45.013941627 45.8072010965 46.0226695996 45.1671352476 45.3887680813 45.0038380347 45.1554984007 46.3393947142 46.188102269 45.4009062103 45.9682426221 45.2878657544 45.140838355 45.2060544137 45.6346812478 45.8792758947 45.3376832672 45.6730636926 46.2354832414 45.1398135177 46.2818081521 45.0851817494 46.4105844226 45.7907813286 45.7812697534 45.1218889135 45.2040393192 45.458664486 46.2347085528 46.3568512245 45.767267807 45.8704601647 45.847637583 46.3801247246 45.7668114447 45.9148815384 46.2508511104 45.4754591836 45.5695212816 45.6472904727 45.93755701 46.1427250673 46.2230489418 45.3860711696 45.3686816786
45.1594780186 45.0732175418 45.2941277188 45.9783640671 45.9479018855 45.2106925304 45.5603783532 45.2798124837 45.8910682597 45.2292639474 46.1705590023 45.581461438 46.1403548595 45.0784396618 46.2275568672 45.8081390461 45.8428070335 46.0805360722 46.120388178 45.9409575987 46.365354609 45.3977274789 45.5685974899 46.1297356074 45.762612147 45.8030550662 45.0917278943 45.0479032604 45.7612911366 45.4024438813 45.5090783547 46.3558666486 46.2619295743 46.3482233039 45.5183112578 46.0644623322 45.9135209484 45.4039378565 45.2151153022 45.1839213241 45.1772209168 45.1320423565 45.5451914594 45.1971417345 46.0227174675 45.0897947408 46.3681939543 45.3466576714 46.3196021595 46.1932715303 45.6071682715 46.2729686536 45.1413863142
45.1520501343 45.9624663244 46.0021564231 45.2954648839 45.6227516803 45.0784262658 45.8483640415 45.6998196998 45.2991757857 45.1531017017 45.032679937 45.9821963056 45.8515849516 45.2415069693 45.5523858894 46.1890919782 45.6312160059 45.1200676788 45.5513809612 46.3077081472 45.7314533466 45.5867895497 45.6605099944 45.0479622869 45.2585976897 45.14439442 45.6625826321 45.3934223482 45.5237402189 46.0869901335 45.1240926005 45.0684770855 46.1739337617 45.9008526415 46.3739843888 45.7802959516 46.4052501443 45.4333576263 45.7444673257 45.4083885003 45.4984980548 45.8463415079 45.9992628484 46.2146312203 45.6609811552 45.1828197756 46.0293886603 46.0220775902 45.6372279349 45.1256603824 46.10892142 45.8314512038 45.8717822964
46.3267632961 46.2137610506 45.4823170459 45.7544551077 45.995648288 46.2288834293 46.1547337326 45.40137476 45.9135868151 45.4838151214 46.3995874829 45.4480923388 45.8631550281 46.1702541258 45.5712912196 45.1459418252 45.2094902375 45.6115887965 45.0743665105 45.7879832305 45.8959926097 46.0991119913 46.0493521502 45.9336107241 45.8504692638 46.4068216852 45.1325620424 45.092505699 45.2894122196 46.3198408073 46.3729124705 45.309669252 45.9704654471 45.9616587273 45.1977158504 45.0027769826 46.0883197236 45.3928574643 45.8998676829 45.5981768725 45.5844933975 45.2014164422 46.0015241117 45.1485137777 46.2246483887 45.4754943426 46.3419223812 46.2518057 45.7830435103 45.374151544 45.4730337267 46.1264739033 46.0603981237
