Spatial_Output/90% DEC/90DEC_0434.asc
NCOLS 155
NROWS 192
XLLCORNER 196769.923733
YLLCORNER 449719.875193
CELLSIZE 27.603701
NODATA_VALUE NaN
[rows 115 to 137 of 192, columns 53 to 105 of 155]
30.9190661112 31.1912695986 31.200262617 30.9587760926 31.0481592155 30.9048561656 31.1292936969 30.6921601951 31.0309671791 31.1290433683 30.5805237981 30.7582855725 30.670095498 30.8759656838 30.7326658022 30.6197675767 30.6198593334 30.8548562808 31.0031198998 31.1893822484 30.8456808272 30.7745844221 30.9743383614 30.8174297601 30.6475543091 31.082550304 30.9698182209 30.8298772236 31.1873653861 31.1306793916 30.730633738 30.8001678053 30.5151578958 30.6059456654 30.7638018172 30.8600871905 31.0553068993 30.5900220976 30.9031573784 31.1059287252 30.8520480838 31.2069400066 31.1821771881 30.7853435091 30.6593418988 31.0091432051 31.1334534036 30.7487490316 31.1568360237 30.5915724115 30.7940531485 30.6523143569 30.6690204357
30.694276035 30.5462630154 30.9390243642 30.6663359411 30.5759170465 30.7378638851 31.0824571522 30.9800540126 30.7719623135 30.667759531 30.7218020551 30.9222114418 30.6576562374 31.1541633602 30.969976719 30.7427460856 30.8970859785 30.8598222705 30.8173902022 30.9410091075 30.9492259327 30.5119244636 30.8785167511 30.5647928697 30.5876804511 30.6178565104 30.5093690248 30.9426118504 30.6707685716 31.0334739135 30.549866959 31.1670113656 30.6725680936 30.7837053311 30.710706746 30.5151774273 30.9224139293 31.1031456894 30.5504377766 30.9256674577 31.1337216241 30.5880784578 30.5556015514 30.7928498395 31.0967516327 30.5312012329 31.0771338061 31.0057175986 30.6736612372 30.6597038118 30.9600246583 31.188976071 30.8094559955
31.1140934587 30.6177891457 30.9589250049 30.5223151487 30.7336586196 31.0524799671 30.5692755281 30.9140949789 31.0679247653 30.9472608192 30.7514709917 31.0923413545 30.5126471971 31.1416773949 30.9943212391 30.5557576943 30.5946818162 31.1246322378 30.9974958634 30.5921212547 30.6526213027 30.8231665606 30.5067440993 30.5424460522 30.8107510495 30.570534809 30.597720741 30.8199249384 31.0200579441 31.0213715356 30.7352798876 31.0892289324 30.6094031388 30.7862576787 31.1342174497 31.1475321685 30.8266714111 30.7961621925 30.6562882009 30.5608827305 31.0875186045 31.0783773709 30.6596049087 30.7300428763 30.5233677521 30.8849776485 31.0164553147 30.8170957409 31.1840489304 31.1306433865 30.6914269249 31.1882581083 30.8665701304
31.0045166059 30.8208981064 30.7111951448 30.5314344945 31.1716751419 31.0609714509 31.0973830797 31.1586996564 30.90890515 30.8042896491 31.1410319944 30.9942250772 31.0849371224 31.0084459621 30.8502311463 30.896431896 30.7903965533 30.5803572998 30.6210213308 31.1175672835 31.0934109274 30.6034759209 30.6943365545 31.1217697785 30.5238403557 30.8155813413 30.7622771378 30.5279512258 30.6102579426 31.1081497093 30.5958261093 30.8281136512 30.6631212007 30.5519635945 30.5675202562 30.8632015876 30.6111864997 30.5925301191 30.61274791 30.8509451559 30.6508972752 30.6384229531 30.8993043238 30.821285496 30.6990426412 30.7089734003 30.6455693492 30.7051894147 30.8883588925 30.8817627805 30.6566613366 30.6161219133 30.5850317556
30.6788018624 30.557303428 31.1190159217 30.9915868376 31.1882535021 30.5515653601 31.1977800822 30.7185445444 30.5082274 30.5509399687 30.7457321938 31.1996990427 30.881698135 31.0140825321 30.9617978523 30.8776500802 30.8364421708 30.8827142404 30.6649292125 30.9326605844 30.906630766 30.8813209947 31.0909085869 30.780372383 30.9785793697 31.0770926144 30.7854185594 30.9166253885 30.7389308736 30.8605803666 30.8883960642 30.5752978012 30.9365647645 31.1782258492 30.9931857703 30.6452858765 31.0102635226 31.0560601404 30.870708555 31.0637146309 31.0856264121 30.5744905593 30.7509195415 30.974021335 31.0374142863 31.1061883894 30.5808008777 30.9677168984 31.0357917337 30.5506663174 30.9182978042 31.0183641904 31.0841460654
30.5467064838 30.9202577366 30.6925861159 30.9470267292 30.5592089398 30.5131041136 31.1492142912 31.151874371 30.853566757 31.0138485361 30.5700469215 30.5834663779 30.6379457099 31.1994799881 30.8717299742 30.5875388897 31.1007124627 30.6778714095 30.9620825316 30.999315352 30.5422485341 31.1294597831 30.8143977469 30.5852825755 31.0690699679 31.1153503288 30.7728633776 30.9280949271 31.1554271992 30.9804919574 30.7110034098 30.6970457299 30.6236544831 31.0497090979 30.7040390983 30.5210622965 30.6680693759 30.843986937 31.1286119946 30.9022452047 31.104548382 30.8652333605 30.725532882 31.0023580667 30.6015765323 31.1785480082 31.1845578481 31.064716886 30.691255958 30.9801610837 31.0111314534 30.750487466 30.9621458713
30.6582962995 30.5030308551 30.9018530717 30.9491573831 30.7460743093 31.13090845 31.0841541924 30.5366464571 31.193080267 30.9151726357 31.1720630446 31.0746842293 30.7446258874 30.9620672005 30.5252816495 30.9307472754 30.7763374091 30.8909180562 31.1854742847 30.8225621499 30.5012758802 31.1364417058 30.9712415562 30.6103900144 31.035888994 30.9384391528 30.8316086456 30.9190150909 31.0959901496 30.6484275157 30.9426678398 30.7745906371 30.9503501339 31.1646293565 30.8310579397 31.194414884 30.832451621 30.8417095724 30.6586248369 30.9173781495 30.6476186692 30.618128421 31.1345949555 30.6219500025 31.1691653323 31.1016692602 30.5669052118 30.8622425622 31.1713421662 31.0110026488 30.8325267279 30.6630420824 30.5318097608
30.6945124005 30.5256151424 30.8787542134 30.9486556644 31.0087400617 30.7176573451 30.515672712 31.1832391712 30.8922021945 30.8676738903 30.9574934456 30.8942861818 30.9369599586 30.5463464205 30.8153736557 30.8416032535 31.0723214846 31.0601188375 31.1717370623 31.1850187963 30.8569321522 30.6494767709 30.6443708059 30.9114629448 30.8220692636 30.5281266948 31.0922882258 30.5424345357 30.9107301885 30.6856027725 30.7336504057 30.6857898438 31.1613196332 30.8287134384 30.9011718122 30.6635106909 31.1183244089 30.5264337164 30.5912903701 30.993938531 30.7621476557 30.7694898439 31.0835378574 31.1828941605 30.8180772194 31.0242371482 31.0729469293 31.0652358101 30.5325688074 31.1530575128 30.6897750703 30.6069732071 30.8246434544
30.7941305432 31.0188232331 30.54850255 30.8466053034 30.7059840003 31.1710439765 31.1434859516 30.9362027636 30.6396954955 30.7005172881 30.9163446238 31.1992182094 30.7008543042 30.6576729713 30.5779504162 31.0101412752 31.1858553647 30.8641561398 31.2032683399 31.0291780889 30.9898687849 30.52889674 30.6617062989 30.6377980614 30.778132387 30.5854206106 30.6747646902 31.1166188353 30.8929725707 30.6393874833 30.7658657915 31.0452260037 31.1553259105 31.0791786939 31.1939232876 30.734236244 30.5821899378 31.0854057957 31.0577616867 30.6979434846 30.6648572678 30.9228584303 30.7084333142 30.9374947598 31.0052677109 30.6859500403 30.5175245977 31.1655344533 30.6283415647 30.6701775032 30.8572617687 31.1855054093 31.0530975696
30.9432038238 30.6124777843 30.723560631 30.89321309 31.1413185039 30.5258799512 30.7989621279 31.022874658 31.1580644998 31.0911848017 30.8708754822 30.8797021899 30.7318139136 31.1884024141 31.0473950504 30.5315072842 30.7777871987 30.6486842825 31.1712806463 30.6330278703 30.8686559138 30.9863994913 31.0580218527 31.1340524947 30.5173637307 30.9574216743 31.0329499188 30.9601889424 31.1709535593 30.9452526228 30.9830263157 31.0585319522 31.1180996687 31.1216028261 30.5592400968 30.8611547988 31.0267677098 31.0696172121 30.5033047867 31.1241073295 31.1911535465 30.9094306482 30.9098395029 30.5086179786 30.6327487752 30.6660732398 30.5778861426 31.0343181126 30.646224103 31.0718078562 31.07882947 31.0976455975 31.042102707
30.6344234633 30.6447537548 30.7283586328 30.9451922629 30.508701649 30.7508921815 30.7012805232 31.1596487643 31.0489728804 31.0947897632 30.5521639854 31.0112034313 30.7480931141 31.1351699903 30.8838692538 30.8205302858 30.94518133 30.7509288533 30.8913421844 30.6016821189 30.9491655519 30.6023455242 30.538168246 30.717423774 31.0617166011 31.1287614339 30.8114611879 30.6877239506 30.5449256807 30.8981030847 30.5670907535 30.7839830352 30.9549405633 31.1068270804 30.6755332394 31.19825134 30.5685002538 30.6606041671 30.648019481 30.9106130242 30.8306055598 31.0301966108 30.5099626705 30.6970695644 31.1717575462 31.0781152034 31.1631102203 30.9717407507 30.5951582895 31.0207165947 30.5371973116 31.1186505983 31.1104710446
30.9293112792 31.0834750382 30.7539487239 30.5584072043 30.6797203261 31.039966382 30.8489050404 30.6972128116 30.8593132872 30.7742558471 31.2057533984 30.6473411761 30.8777491174 30.7175312569 30.5955872668 30.5726758498 31.0891151806 30.9968157174 30.9277332287 30.5530553836 30.8113587707 30.7572241622 30.7558269276 31.0908609872 30.8652958834 30.9954078574 31.0427600075 30.9406837988 30.9062288271 31.0260145126 31.0144242686 30.8751736454 30.7734910864 30.7912086482 31.1857299816 30.7825634866 31.1035375919 31.0387168455 30.5350832386 31.201932614 31.0686058062 30.9497360346 30.9325914851 30.8674280696 30.5656788756 30.8551834112 30.6049079427 31.01203007 31.1797791982 30.6721078411 30.5980998564 30.7974425787 30.5903554952
30.5062485882 30.9386717208 31.008821358 30.7760168746 30.5905464213 30.915199176 30.834760074 31.1154895644 30.9584828629 31.002601527 30.8255709839 30.6279774477 31.0517501722 30.6243850671 30.8046479174 31.1117124502 30.6032661821 30.79714731 30.8551318962 31.0751880679 30.9724286819 30.8578429827 31.0717051878 30.7607528089 30.9295690493 30.8678118769 31.002523001 30.5063480532 31.1764992974 31.0786810066 31.017095889 30.7397304661 30.7003180428 30.6866236494 30.8563305781 31.1212552021 30.7229554254 30.5994743831 30.9728496681 30.699934942 31.0596459156 30.8227820539 30.8142790363 30.5683602063 30.7380882214 31.1659716191 30.8935993565 30.7529557531 30.8294065425 30.8831780952 30.6425867849 30.7226184596 30.6822597165
30.5384826749 30.7985051297 30.5563671769 30.5396865017 31.1103399506 30.9780310635 30.6618651739 30.6980015511 30.842126255 30.8650521538 31.1186597418 30.6211002587 31.090539367 30.8712447932 30.5383065205 30.638558778 30.5171390229 30.5566242501 30.9422165432 30.858588403 30.9630089682 30.6915256579 30.761155838 30.6385869381 30.7682671345 30.8532637222 30.7698775468 30.7361414712 30.8040360054 30.9814158604 30.5780445614 31.1030054695 31.0157468393 31.0624983722 31.0652423037 30.9763729342 30.8054568528 30.6451625796 30.7302217069 30.9021770901 31.0686337828 30.897654397 31.0320066417 30.7305954762 30.8759587861 30.7233171663 30.654088765 30.6829325029 30.8876870826 30.7833849152 30.8661704056 30.8161846891 30.5641179786
30.8941186791 30.6107614283 30.8705826465 31.0953711766 31.1729590964 30.5689450432 30.56022919 31.0648367125 30.8564563745 31.0692291226 31.146675021 31.18891897 31.1096755271 30.650040682 30.9039803205 30.5213609632 30.6884836994 31.1889900613 30.9130918348 30.7420233929 30.6482111259 30.7980045338 30.6728081517 30.5944913104 31.1061859789 30.6165734089 30.6288538817 30.5438961889 30.8263875276 31.0706535365 31.0722188409 30.7593995942 30.8788585717 30.8442782951 31.1108699502 31.139398641 30.7276015695 30.6968705708 31.1759542329 30.5100403173 31.1291487898 31.1960536869 31.1908127301 30.5210688204 30.7774737229 30.5016320208 30.7699622717 30.8442667798 31.1867267077 30.7808391445 30.5017386633 30.7455362273 30.883781164
30.8871447243 30.8982393116 30.5778574388 30.9333119335 30.704095218 30.62262817 30.7189984023 30.7361330665 30.6806116513 31.0692203555 31.1170673213 31.1151622439 30.5491807811 30.7470202207 31.0322923757 31.001216314 30.7366104129 30.9448857666 30.8575219419 30.7939432822 30.7905742862 30.5853838324 30.8304286359 30.5301137109 30.6931497787 31.0216441556 30.5819723259 30.8153116608 30.7684522782 31.0169591694 31.0951828061 30.5605879723 30.6148682805 30.7505883867 30.6622978808 30.9420895995 31.0448837977 30.599668819 31.1088041132 30.6603444901 30.6448586332 30.9383804154 31.1945070255 31.0854791417 30.5750986012 30.9523322152 30.7262014412 30.9632277155 31.1712663288 30.6617504892 30.5883547708 30.6536582299 30.8060035001
30.9135677567 31.0743120695 30.9968544142 30.9830979111 31.1936809439 30.8578094581 30.7872479965 31.126111426 31.1314719864 30.6474712987 30.8359950046 31.0416732852 31.0964071725 30.6740417233 31.0430124598 30.8033770963 31.1935460748 30.9718650375 30.949554516 30.7591188083 30.8865962542 30.5113953832 30.94931343 30.7020697965 30.8442053773 30.933813979 30.994434051 31.1509029708 30.8758806375 31.1164059232 30.5421691066 30.6684887175 31.0377999399 30.886261119 30.8755696226 30.5821557335 31.1522182962 30.7011201667 31.1884628501 31.1901273566 30.8500039356 30.8769496641 30.6457030293 30.8806522211 30.8291097697 31.0855107634 30.8487914726 31.2042906725 31.0856162577 31.003928517 30.7389790422 30.6736252485 30.6953359687
30.8216135047 30.7203694017 30.5420946701 30.5945003099 30.614786589 30.6728957273 30.6997617915 30.8548546571 30.7267610488 30.7512877771 31.0652671496 30.5389083192 30.6486218242 31.1234098262 31.0626367318 30.732116872 30.5889039945 30.8723429737 31.0033930728 31.1061289054 30.8705205152 30.6253320941 30.6019720184 31.0421281756 30.8094336117 31.1385108148 30.6494370911 30.555351839 30.831700356 31.0490074394 30.7165348096 30.9717178575 30.5351436368 31.1068367823 30.6060296665 30.5361330183 30.9141971587 30.6093631581 30.717394572 31.1842524144 31.0299556424 30.5630850341 30.6521324707 30.8601700946 31.1929970755 30.6996263785 30.8967758412 30.5595867451 31.1202635379 30.5850001865 30.5554506987 31.0995985164 30.5287821916
30.8833960962 31.1025397861 30.5223082248 30.5540194207 30.6885558696 31.1095280145 31.13467803 31.0075499781 30.9453424758 30.8070967693 30.7712396232 30.7772191571 30.618111969 31.175097551 30.7631338941 30.8056549156 30.8776648314 31.0752903279 30.7223242799 30.6121597999 30.6321358272 30.6043295596 30.9964733045 30.8759175362 31.0016769742 30.8157749443 30.5694686106 30.894633953 30.6122264279 30.7563995924 30.7066822464 30.6094966963 30.990642904 30.6183335863 30.8866408653 30.9218225231 30.5858637954 30.9329736407 30.5775699936 30.9219298879 31.1130500205 30.910966597 30.8223103071 30.5036435037 30.5879975477 30.5641434799 31.1638592791 30.5444966884 30.5719583709 30.9337836388 30.811635288 30.5812755486 30.6887311645
30.6950367119 31.1821748584 30.6119337272 30.5761437 31.0309820695 30.7553609963 31.0993083505 30.9999568614 31.2026583712 30.6678667986 31.1368207974 30.971646681 31.0264841726 30.9820464387 30.8390143544 31.1281208218 31.1152256842 30.7374806086 31.0387000312 30.9761517272 30.5787946786 30.6325432477 30.8654024322 31.1946454912 30.5844720241 30.8641066409 31.1260260438 30.8147128734 30.8181159117 31.1834898169 30.5136914242 31.1217274743 30.829714407 31.0805758228 30.9200924351 31.1959442684 30.5497530733 30.9108385004 30.9545428637 30.7847163241 30.5923885827 30.7446899723 31.0400872131 30.6667218651 31.1324287461 30.6296709634 30.950032074 30.739949619 30.787310715 30.7273217649 31.0404485681 30.7362086052 30.7608575711
30.5973540592 30.8962358035 30.6576835518 30.7907683426 30.6882286985 31.0553705513 30.6607026117 30.5307017169 30.9322795617 30.8204264614 30.6232416676 30.8155755034 30.7076026034 30.8770538031 30.8976058705 30.8257714738 31.0245825229 30.9272189516 31.0206909783 30.8182576073 30.9686195061 31.0159253356 31.1984710107 31.2000386212 31.0142614138 30.9390886153 30.6801346658 30.9586740056 31.0826918219 30.62943192 30.5974293868 30.5857292024 31.0096851218 31.1523995565 30.6508488204 30.9895845322 31.1818091929 30.6810456156 31.1282069785 30.6050389165 31.1407162713 31.0154756477 30.5283895344 30.6943385268 30.7701032941 31.0149850168 30.7996100193 30.8468335754 30.8032672032 30.5293643899 31.0730712585 30.8476890163 31.1114547121
31.1190344009 30.8940245155 30.535282393 30.8403635735 31.0907883417 30.6096803873 31.0133801187 30.9510763807 30.7693683326 30.8121173303 31.0103091314 31.0629458529 31.1086002308 30.8986251952 30.6768061721 30.9096363142 30.6541370246 30.6053451643 30.9903831281 30.5810555895 31.0303425766 31.0144566677 30.991595488 30.7877957345 30.9264848004 31.0366040883 30.9637993736 30.705090538 31.0677181801 31.0574921609 30.5464546292 30.8084336352 31.1725524775 30.569614215 30.7532940987 30.7196207753 31.2036446235 30.5156582608 30.892991672 30.609277384 30.5035033969 30.981418662 30.9391319903 31.2052078082 30.546585287 31.0350064502 30.5578740732 31.0831993629 31.0297608195 31.0303768015 31.0243343476 30.6802348951 30.9706559724
30.51400826 31.102088454 30.5207149757 31.1529648381 30.7700299078 30.8752593508 30.8608588889 31.1182689294 31.0203814398 30.9588994036 30.7698479842 31.0166706786 30.8045431658 30.9408523834 30.9747393165 31.1630708006 31.0510646272 30.6853345414 30.540890699 30.5139821445 30.5462891534 30.6831139048 30.6117017119 30.558140485 30.8673317675 30.6547971397 30.5878934249 30.5579802006 31.1413409222 30.6153196505 30.9177240873 31.0417685347 30.9985712336 30.6992616827 31.1852152979 30.7635973655 30.6219368222 31.1501941476 31.1132183225 30.5458317694 30.5684631706 30.9513200455 30.9583102446 31.185418775 30.6799229547 30.8082972782 30.982155932 30.7098903814 30.7794689881 30.848499302 30.9003519221 30.8870407713 30.7152903669
