Spatial_Output/90% DEC/90DEC_0576.asc
NCOLS 155
NROWS 192
XLLCORNER 196769.923733
YLLCORNER 449719.875193
CELLSIZE 27.603701
NODATA_VALUE NaN
[rows 69 to 91 of 192, columns 0 to 52 of 155]
28.2752019735 28.5446817607 26.930014927 27.288368816 28.2950170962 27.3397239294 26.5114643012 28.2876526645 27.1743547842 26.8089288824 27.9542892652 28.0728279332 28.6211827961 27.6088392117 28.1041599418 26.6616346845 26.505184253 28.2459832301 27.8433397468 27.3290113398 26.7372163772 28.064772296 27.7431924523 27.8891907973 26.8733386899 26.6908787257 26.7503470342 28.2348457564 26.6717922151 27.3371253088 26.786616505 27.2931412187 27.1681399254 26.5634196068 27.2631100655 26.9088643496 27.6630933822 27.6756389019 27.6550856891 28.2831788709 27.4834749889 28.1254002054 26.7480567945 27.4000251562 26.6332956226 27.0429416236 26.6900822781 26.6536437519 27.4950327483 28.4199669508 28.5906081395 26.6629006684 27.2680044122
28.2444046422 28.3861791405 27.1511063966 28.0004729919 26.9276884723 28.4722697802 28.3823091589 27.4266921061 28.5997042694 27.5967648814 27.8219629833 27.5272644607 28.6112733673 27.0165769558 28.3233902198 27.8776565398 28.2278216142 26.7325264623 26.8468412839 26.980459631 27.5019510271 27.5524883102 26.7467694168 27.4005076881 28.0908712748 28.1786987625 26.876497488 27.5097794262 28.3657369394 26.6260069921 28.0304844887 27.2606737423 28.5685593049 27.3227338645 27.5924241453 26.530519216 28.2021609746 28.5643631484 27.7635669019 27.3163570488 28.1559309959 27.0189287043 27.6441806262 27.6047909888 27.4826981306 28.3769338506 27.1448726399 28.2059055648 26.6325805516 27.071925343 27.9744460212 26.8054945156 27.4344596112
28.1558902374 27.0722883767 27.5838849163 28.3131111072 26.6799097747 27.2404687895 27.7007658127 26.5783029532 27.0156903278 28.0569481384 27.0229482612 27.8614738169 26.5359150935 27.7180910558 27.5891772791 26.5052961175 27.1871182711 28.5809822348 27.3220562639 26.5524205014 28.3530599584 27.3306982597 27.3072442951 27.042648076 27.7873490573 28.4240605436 27.3036865049 28.3952843414 26.904627566 26.9138083285 28.0907449669 27.2052438276 27.3778050325 26.803059477 28.5432382704 26.6552473278 27.4643657778 27.8141501765 26.6055056401 27.2708687043 27.2804366965 28.2655553056 28.1149802343 28.440691664 27.5893111499 28.1460938571 26.6796853197 27.2555516784 28.4648340523 27.4510587633 27.1565581249 27.3665285166 27.5009442253
27.9479645966 26.7482475024 28.2085250555 27.1080210349 27.8786284921 27.2727970373 28.5274404988 28.4672434052 27.1304289225 28.0361521565 28.175524577 28.5644330967 27.6385832409 26.7039320741 27.4840261436 26.9370350716 28.4577067641 28.3485417464 26.803066549 28.4951496811 26.6866919588 27.4010041297 27.1794552844 27.354667983 27.3887156815 28.2143458619 28.3404447945 27.0912497136 27.9435641597 28.0912222739 27.6442779439 28.5744355839 26.9983971434 28.0780834373 28.2197236282 26.7678585959 27.6147187126 27.2035607272 27.7993473796 27.1882033437 28.024734766 27.562319023 27.7149508227 27.3398519078 27.3764886376 27.9746106002 26.5527015709 26.6316943098 28.2271548572 27.694052187 28.0986487108 26.5981885273 27.1769782243
26.9420650474 28.1850257784 27.8792057382 26.835259306 27.4747412853 28.2960196266 28.1447813655 28.4357875481 27.8701988714 26.9170671846 27.7457162873 27.7782089503 27.2051410955 27.9162701328 28.4121733632 27.3938597784 26.824051563 27.924739206 28.5354384162 28.0188688638 26.6400164536 27.4917035172 26.6292045752 27.7100914104 27.1863318442 27.513358165 27.6496653125 28.2875585213 26.5121329963 27.4574954241 27.5422365505 28.497222041 27.1811707083 26.6065612779 28.3712362441 27.2190637017 27.8023683515 28.0662035512 26.6531871978 27.8961352609 28.0444070937 26.7807772599 27.565872593 26.6765240681 28.4267735623 27.0294762922 27.9315551835 27.556708877 27.1877897213 27.2341421177 27.4133460261 28.5765128854 28.0409447357
27.3503454175 26.7301094566 28.4621869038 28.0598285069 27.679333658 27.3146061909 28.5254327692 28.6019538409 27.2981101695 27.8692077692 27.9991604436 27.5416884999 27.3884687157 28.3793616221 27.1448864554 27.3103367315 27.7632779521 26.6632425316 27.2584212914 28.3103594669 26.6628441481 26.5036608746 26.8674326003 28.1642882988 26.6037014039 28.0363778444 28.6212618509 27.4044992636 27.0082978984 27.0205308792 27.2792619511 27.6972694418 27.6182702359 27.1057829045 27.3991173248 27.2842671018 26.8843575548 28.5196782608 28.0233791085 28.3149070035 26.773660677 27.5727294572 26.6341867412 27.6561649128 28.1740486581 28.5847986976 27.6527331353 26.6667166238 26.9386453245 27.6519667218 26.6192991022 26.6686495699 28.5967433024
27.7504966524 27.5768982682 26.8164694024 27.7616918503 28.03960955 26.7567879445 27.2782561296 27.8478248184 27.132862992 27.9431090842 27.052845985 28.1595365012 27.3340492849 28.0051194638 27.6790900268 27.2359017263 26.8139547879 27.6297116001 28.6172672106 26.9122881121 27.6104287398 27.1292292761 27.4256729127 26.8206896932 27.3860679281 26.7541976094 27.9885603335 26.5509995052 28.4406582544 27.0539155488 26.596020335 26.5739657756 27.5398211013 26.8473344498 28.2901547216 26.685791644 26.7798711058 28.1580782742 28.3611663017 27.8385961579 27.326568641 27.8360772619 28.0145967024 27.8777003637 28.1353829374 27.8832601264 28.2604192813 28.4140117786 26.9319163294 28.2811624596 28.3809929592 26.7774731892 28.5634235524
26.8288129786 27.3008808255 28.5988859017 27.9175484535 28.3490893587 26.9799904908 27.623865076 27.3267214954 27.4134600746 27.7646381486 26.6745420108 27.8705759466 27.6648761979 27.3908751339 27.7405417384 26.5367551558 27.5460101783 28.1867696445 26.6852923456 26.8580526413 27.5621524398 28.6187922758 27.4449725748 28.2955413998 26.7156569694 26.7044978351 28.615061197 27.7830969906 28.5241122354 28.3266906226 27.1213798818 27.4769551202 27.3586244069 27.525518634 28.468137328 27.2940756848 28.3919300842 27.9128104762 27.8805701744 28.1782558118 28.0065500086 27.1118604317 27.595729443 27.1354284397 27.8975061857 27.968374434 26.6619806952 28.3618247823 27.6455758268 26.7340765091 26.9174766912 28.2090696699 27.9933590134
26.9362069355 27.9707795115 28.4463627063 26.7365011267 27.4278303971 27.4599225719 26.6662372051 26.6244517867 27.1082166221 26.8279969678 27.758280951 27.860379155 28.3191640886 26.5351110187 28.4127902318 28.4119313204 26.9785234324 26.5041651973 27.1977126658 27.3540373403 27.6463297173 28.5892761118 28.1196745753 26.5182100676 27.0301551648 28.2827066546 28.3118072649 26.6256197445 26.9385999869 27.4735746798 26.592839781 28.3534860532 28.0748424664 27.4353690994 28.060544966 26.8267644632 27.3733336381 26.9350101271 27.7358371673 26.6445648978 27.3823772168 28.2196117214 26.6505474731 27.86025717 28.5338493864 28.0230678457 27.3660736451 27.2828234759 28.3314330532 27.6019641541 27.2165574684 26.5696784019 28.4321328807
28.3299811305 26.8952163715 26.9243087783 27.8036710993 27.775239869 26.9075545185 27.8339200668 27.64900069 27.005406265 27.8043204621 28.491197148 27.7831265097 27.9609229119 27.0104498039 28.4809400631 28.1168889069 28.5369228392 27.0034559223 26.5388297387 28.0925186937 27.402315607 28.580936253 27.3161439109 27.1126761555 28.58277518 27.8788073483 27.2948035388 27.6563880255 27.3629027564 27.6806044714 26.6428244072 27.2193019527 26.8185102186 26.9088098722 27.9185936176 27.7670693837 28.0466670818 27.4646297121 26.6898499446 27.540554851 27.265613397 26.5453591492 28.3696765842 27.0263232749 27.9766162941 27.0328071953 26.7689754246 27.9536714642 27.7556160062 27.1550530242 26.7446346524 28.2092176615 28.0796481907
27.7875041698 27.8854686254 27.1785939268 26.8579388508 27.6464658098 28.4638298938 28.4927416676 26.8751949739 28.3850160478 27.3080152858 27.4565535187 27.5580497409 27.9221220532 27.4452525744 26.8322817336 27.7993734301 28.1764579046 28.0067385298 28.3959514322 27.5936764376 27.9052857519 26.6645192366 27.6322964559 26.563541482 27.6253131349 26.5712156296 28.6202970086 27.076666357 27.3131546441 26.867397177 27.1769147839 27.2166607318 27.0004470462 27.0466668077 27.4670554707 28.4586290716 26.9787942217 27.4432065946 27.5527599218 26.5520016477 27.4692678956 26.7598630045 27.1122825682 28.0121365232 27.813184338 28.3781751475 26.7792595021 28.4243463137 28.2002945803 28.2887986498 27.5779352388 28.3861830281 27.1957336531
27.5289888386 27.266052243 27.0289797067 27.9033924722 28.1575519069 27.7175380658 27.4537054338 26.7349096496 26.6371289347 28.3785660405 27.907078069 27.9134956246 26.5097216694 28.4621195293 28.510070407 27.1591301134 26.9535260799 26.5163561526 28.3438155051 26.7168128947 26.7650707177 27.5490042063 27.9662904112 28.5712210757 27.4289432276 28.2290132394 28.4127219358 27.8611405298 27.2737446194 26.5805657028 26.9859969826 28.4459384903 27.5869949784 28.2093023161 26.5224809077 28.4053279413 28.2649216402 27.3242821145 27.4917977052 26.9806708422 28.6188470983 26.8216869336 27.5259398093 28.030196306 27.8937035945 26.5984167405 27.8149166544 27.1176069329 26.6441805787 27.2058993946 26.6984460619 28.1654070452 27.1480557013
27.4796403158 27.6196357068 27.1277302207 28.3489486963 26.5672152622 26.9536218507 27.6586203649 27.3383516329 26.8800682004 27.6638835035 28.1914241879 27.0571729043 27.2752152766 27.4109743229 26.8348103575 26.8249381282 28.1350621022 26.6213584289 26.7306519951 27.0612861523 28.4390161894 27.6799967396 28.4672117189 28.5649195103 28.1842685653 27.9777807583 27.8717356996 27.7161384608 27.292248935 27.9795620305 27.7311280276 27.6780628741 26.8579096567 27.8363374114 27.6114664375 27.8562102042 28.326539683 27.9408299216 27.7184885583 26.592419528 27.813919497 28.4607654927 26.8410837512 27.8947205274 26.6715460848 27.6855531105 27.3195125288 26.6195744612 27.9569391278 27.4956864189 26.6621197298 26.8506032887 27.0909654603
28.5622847483 27.7596582871 27.4877539242 27.3041591691 28.3443714705 27.2255142484 26.6187872973 26.8865844257 27.6791074342 27.3586380822 27.5385016892 28.247364283 27.028952275 28.4921480292 28.3532870653 27.665486784 27.9637735411 26.6948102894 27.1405660222 28.3308128533 28.4853289085 28.5944032306 28.4578182776 28.425900647 27.264996071 26.9036732504 26.9540509913 27.8822843707 27.287483637 27.7365790578 27.6788890611 27.1983926818 27.5663528744 26.5369223368 28.0663278243 26.6421107761 27.7265060157 28.5132569425 28.5306077008 27.6773309257 28.030576563 26.893613474 27.3640612232 27.6720425548 27.7067848016 27.3311692473 28.5106273041 27.3895472751 27.1102149836 26.7200616085 28.0213590591 27.1990404365 27.3813356555
0 27.9425233714 27.4857136958 28.4216821463 28.1886443108 28.4371264754 27.794825653 28.0629959768 27.0722259961 28.1550355198 27.0423929818 26.6539898427 27.6958612178 27.7520904812 27.6078718406 26.7291265883 26.914156226 27.9868709665 27.1189782527 28.2864149605 27.5739890523 27.9309078712 27.6773531056 28.3538880523 27.7756459849 27.7238187309 27.2045121871 26.9246294726 27.3095905952 26.9700571552 28.2760455746 26.5533937244 27.2883593291 27.9739677403 26.7209060344 27.2418566939 26.6817207756 28.4832996872 27.6883243168 28.3900225744 27.5474546409 28.5833916146 26.8532317937 28.248405605 27.2320525852 28.6192308667 27.9187459027 28.4753532628 26.9189770155 26.9601071861 27.9947259854 28.498680436 27.062235353
0 27.9710108836 27.3134045696 27.6522996801 27.3412597534 26.6991737676 28.0654221826 28.4223977586 27.6970188303 27.4771011156 26.8002511014 27.4921436039 28.019178082 26.6530263169 26.5885124935 28.067314532 27.0585696337 27.3465558924 26.668643834 27.0383320903 27.5929099247 27.7148582438 28.5852067187 26.8669324363 26.7940627298 26.6863459913 26.7680409611 27.6619625796 28.6032537445 27.9323587159 28.4509009619 27.3833405052 28.38818935 28.4026761661 28.5152167299 26.9405911447 28.1886012653 28.0274476121 27.7045146922 27.8171305357 27.7727361462 27.2701933884 26.918835097 27.8956997327 27.1566601059 27.3118889759 26.8095581024 27.8231741669 28.0193402291 27.0145300949 27.8888958284 28.3553396533 28.2817388265
0 27.298833132 26.7585125913 26.881553425 27.3162000608 27.0731095737 27.3089703216 26.9052264665 27.4379961264 27.594263889 28.4901701244 26.9109964216 28.3157908301 27.7137745461 26.7564711855 27.1378197468 27.4209509876 27.3655160756 28.0293211444 27.9417439349 28.1902870158 27.3311617122 27.4047645695 27.4484906587 26.5381211725 27.7077703255 26.6444299594 27.0926224398 27.0192221274 28.292291046 28.3898531785 28.3702503314 26.5148364469 26.5993536333 27.1717367794 28.0222202872 27.2446973125 26.7255985196 28.5522322781 27.2669130305 28.1539152257 27.019108643 28.4835680139 26.6747079793 26.9507907847 28.4964899545 26.9664741321 26.763219581 28.1938473487 27.6118225787 26.6139780302 28.5724781343 27.7910346904
0 0 28.3866904589 27.2029711576 28.3569371827 26.7874120276 26.8935542475 27.8979107929 27.0507114569 27.951517224 27.4156295035 27.4427542988 28.3177730493 26.6487312442 26.8769196329 28.4882382715 27.5460154392 27.9556428738 27.9807942968 28.2253622882 27.7296017107 27.8094221881 26.5364690861 27.6825884625 28.364850567 28.4826216518 28.3984386817 26.9212515418 26.9033140165 27.5596474637 27.2745297877 27.4524558853 26.5382325212 28.422516451 26.6748627641 27.2072416167 26.7466220495 28.2203318886 26.56201413 27.7780317807 27.1575256187 27.5052617821 27.7794214077 26.883593737 28.5773695124 26.518039381 27.9597060936 26.7162549643 27.1061753153 28.2063220797 27.4903616654 28.217834766 27.6750168079
0 0 0 28.1177441761 26.8697431642 27.613983951 27.1821390149 27.9649085063 27.9588291286 27.8439625823 26.5178833115 27.0263438492 27.4383840426 27.0676927155 27.3330760558 27.3093268709 27.0623999005 26.7313812018 26.6454487754 27.2533754418 28.3461012123 28.2878609109 27.7883079479 27.5998950649 27.6615109816 28.0139260394 27.3742974817 27.6454250553 27.694388715 26.8715323482 28.1387364905 28.3941229899 27.9488173101 27.9345277168 26.5238074778 27.13782491 26.7094212488 28.548836953 27.2851462053 27.5719644282 26.8419807842 27.1395321873 27.5963463201 27.8304652347 27.5932035596 27.679653538 27.5731029797 27.9039754788 27.8675398249 27.8672803269 26.7885348099 28.3009038513 27.5747006343
54.3809604612 39.9562242302 42.1346929516 0 0 26.8322556964 27.4089153878 26.5669787238 27.285121345 28.4379346298 27.7884544045 27.6783913284 28.3944043484 28.2011778058 27.658797532 27.7117003071 27.9165877697 27.9808555457 27.7193712139 28.1282737831 26.8974121888 28.1631445051 28.0178282159 28.1441654265 27.1161700857 27.6149659639 27.0457117496 26.9289543635 27.7505364929 27.7508105931 27.5829317161 27.3259657822 26.6712477294 28.5088722982 26.5036991613 26.822266282 27.7381869165 27.4571552247 27.6953345209 26.8018121793 27.9115911872 28.6141499839 27.959590571 27.1927831291 27.7751387059 28.2211070119 27.2843827119 28.0128408528 27.8131681291 28.5349976636 26.7833739171 27.7646430001 27.263349346
42.498201019 47.9579240575 43.6222299748 0 0 0 26.9532309129 27.2763936958 27.5186756921 26.8240111307 27.4087609943 27.5698159856 26.6163603832 26.9610995913 27.4799259758 28.0147130731 26.9799983193 27.3869580421 27.895158144 27.9868518943 27.17922416 27.1777496827 28.5267489861 28.1596667689 28.1661778732 27.0566541347 26.5631384725 28.5172213553 27.8446179796 27.8139611196 27.8312454666 27.5332034101 27.7961431023 28.3864064651 27.871937501 26.5639410564 27.5675107128 27.8044564639 27.0731036593 28.5634412134 26.6115615812 26.6875063692 27.5311187866 28.0296358724 26.9413564675 28.0569981537 28.3722291616 27.5549150459 28.2853968822 26.9544225164 27.9487930116 27.7635016369 28.3451021836
39.1863343938 50.2243630841 40.9675690911 0 0 0 28.2247340422 27.613597822 28.5271403673 26.6562973736 28.0703542318 26.8550707268 27.5069873616 26.7707021718 27.7906744326 27.8533037831 26.8488767619 27.6258771926 26.8819229681 27.4851075298 27.4512806247 28.2924650627 26.8188463965 28.4033694374 28.1654253914 28.2768476155 28.2600232048 28.1655734263 27.6656597903 28.090365317 28.2248674958 28.4737351563 27.2493242015 26.6513368403 27.7033194926 28.1565192686 27.9499422836 27.3778129171 27.6089267876 27.1055941416 27.549544354 27.7059069312 27.1454890941 28.5906808119 27.7956807002 28.6157933582 27.5538414963 27.3026446002 28.5391897596 27.3784339726 28.0115362417 28.0481349616 27.3453253423
0 0 0 0 0 0 27.5036041776 27.9546955187 28.2533696732 27.420802715 27.5820972295 27.1052479048 27.471863456 28.3774102907 27.7201421517 26.8517012285 26.8628997473 27.8361530484 27.8370187418 27.7254329163 27.423606369 27.2002265474 27.8432440337 27.8443549554 26.9750767801 27.049631443 27.2790170574 26.793606264 26.971028417 28.3285360919 26.7908074035 28.1503318431 28.3252140492 28.5397862996 27.3530221218 27.9194768252 27.1760126785 28.0947327263 28.547511896 26.6262732121 28.1940539884 28.0604446737 26.9598345166 28.4303196692 26.9734818461 28.3106743187 26.773580921 28.0756303282 27.5613503651 28.3800385988 27.621675324 27.4555892107 28.2588383349
