Spatial_Output/90% DEC/90DEC_0353.asc
NCOLS 155
NROWS 192
XLLCORNER 196769.923733
YLLCORNER 449719.875193
CELLSIZE 27.603701
NODATA_VALUE NaN
[rows 0 to 22 of 192, columns 0 to 52 of 155]
0 0 0 0 0 0 0 0 0 0 0 0 0 0 0 0 0 0 0 0 0 0 0 0 0 0 0 0 0 0 0 0 0 0 0 0 0 0 0 0 0 0 0 0 0 0 36.2478841724 36.4739842058 36.2901578101 36.511132858 36.037170692 37.3092983049 36.4562656535
0 0 0 0 0 0 0 0 0 0 0 0 0 0 0 0 0 0 0 0 0 0 0 0 0 0 0 0 0 0 0 0 0 0 0 0 0 0 0 0 0 0 0 37.2055809268 37.2360880115 36.3841635802 36.7083492037 36.7698469087 37.4094622749 37.4092109908 36.3042021892 37.0518829734 37.4024742044
0 0 0 0 0 0 0 0 0 0 0 0 0 0 0 0 0 0 0 0 0 0 0 0 0 0 0 0 0 0 0 0 0 0 0 0 0 0 0 0 0 36.4770528552 37.06340091 36.7596426475 36.7170164856 36.3186147099 37.159342046 37.4135406211 36.5529129778 37.3788016704 36.0376526854 37.0641621985 36.3550061617
0 0 0 0 0 0 0 0 0 0 0 0 0 0 0 0 0 0 0 0 0 0 0 0 0 0 0 0 0 0 0 0 0 0 0 0 0 0 0 37.2719951429 36.9618463482 36.982299193 36.3049075904 37.1748112892 37.1362313914 36.8013051759 37.0823540848 36.0001581905 37.2313151069 37.0783265304 37.0499909168 36.3578707753 37.0627597011
0 0 0 0 0 0 0 0 0 0 0 0 0 0 0 0 0 0 0 0 0 0 0 0 0 0 0 0 0 0 0 0 0 0 0 0 0 37.0925964505 36.5983482582 36.4290591722 36.5709319513 37.1183006537 36.2024799761 37.1373023879 37.2726150348 36.391509309 36.9741618075 37.2725819444 36.0307126549 37.0784487664 36.8192107631 36.1741550314 37.2844808146
0 0 0 0 0 0 0 0 0 0 0 0 0 0 0 0 0 0 0 0 0 0 0 0 0 0 0 0 0 0 0 0 0 0 37.2008217387 36.1007704001 37.2678930637 36.4195491664 36.9740311446 37.0045830976 37.1182904167 36.9118426232 37.1802400703 36.8579860038 36.3314940037 37.0121415943 37.3746715189 36.7296682593 36.9365882032 36.7049727152 37.1441585641 37.0709279719 36.5220693064
0 0 0 0 0 0 0 0 0 0 0 0 0 0 0 0 0 0 0 0 0 0 0 0 0 0 0 0 0 0 0 0 36.5962459939 36.5765552053 36.0245170981 37.4088168182 37.2727614433 36.0143852356 36.5619820755 36.847808038 36.6286247768 36.5748007809 37.0185007644 36.1534303248 36.7143702471 37.3972224772 36.5724455574 37.3626957287 36.4387378059 36.4080309417 36.2592949415 36.0009519174 37.0232046751
0 0 0 0 0 0 0 0 0 0 0 0 36.7587601783 36.4506817402 37.2599022805 37.4007540552 36.2350538515 36.8605158028 36.2410726125 36.9920269552 36.6392749821 37.023210627 36.2993491111 36.6600624247 36.1215125366 36.2316726238 37.3933195512 36.7812533631 36.4581815836 36.9278691422 36.8419718232 36.9708353802 36.6755864336 36.783174148 36.7622607078 37.1661598555 36.117769317 36.5727946427 36.4494201313 37.0280512917 37.2353274315 37.1832750908 36.8401564524 36.5298511618 36.7584487158 37.0964443298 37.3083998222 36.7691531652 37.3854138981 36.9565755697 36.3580288908 36.3751137232 36.8723666612
0 0 0 0 0 0 0 0 0 64.1768838668 84.1733421129 77.7867946995 36.9133592638 36.4974310689 36.7398612831 36.0635589566 36.9963602878 36.9210316741 36.310628981 37.3284937082 36.9402034096 36.2776401293 36.9997790242 36.6170453986 36.1789527192 36.3152151046 36.7457394145 36.7740406558 36.6603961068 37.3542395203 36.6137586689 36.1503028598 36.5897173594 36.0207572895 36.1884813826 37.0408214181 36.3448645991 37.2833154395 36.0607828881 36.8765514608 36.2645631869 36.6398049787 37.0127358897 36.7510386803 36.0420636247 36.3862732925 37.0922670185 36.3208857756 37.0220175695 36.0247439575 37.2220972607 37.0775985047 37.2562611201
0 0 0 0 0 0 0 0 0 68.3910673565 74.5922159963 81.9786925697 37.2023454469 36.5231691927 36.8088940438 37.0677193529 36.8448732947 36.3410336696 36.1583067784 37.0033616644 36.6303126653 36.5310728356 36.3443269566 36.7231260572 37.3387348642 36.4914275366 37.2791300096 36.6834022318 37.0102106372 37.2575665096 36.9900621517 36.2059715245 36.6056292936 36.8701922574 36.1615546052 36.7907453345 36.5655911947 36.9709618754 37.3613046897 36.6589280113 36.8634899972 36.2819217618 36.1787710021 36.0686856445 37.0438928558 37.0213755529 36.9686610955 36.5409133568 36.5050861111 36.6951876745 37.2813371301 37.0654836296 36.8062817195
0 0 0 0 0 0 0 0 0 68.7416134078 83.6431804935 81.5453565644 37.0394685556 37.0854575928 36.4129479032 36.3239451766 36.8196050195 36.5502838637 37.3160309733 37.0458690842 36.1146038757 36.2797307232 37.4065651256 37.3104183838 36.5208154898 37.2381512397 36.2772755771 36.2366863178 36.8474685866 36.8446859795 37.0818745001 36.6244100809 37.1196586065 36.468784968 36.0707120629 37.0201087296 36.302356993 36.3698625873 37.0589746126 36.1594915582 36.7717090265 36.6856591189 36.806124276 37.2346282968 36.5362465688 36.9824984253 36.182354782 36.101645713 36.7469715465 37.2127908188 36.9720152485 37.3903016123 36.4419645791
0 0 0 0 0 0 0 0 36.6706991083 36.6951488307 36.3651235036 36.3745688566 37.3302796195 37.0756296451 36.0976986212 36.9386706562 36.0889590169 36.215009602 36.8076790412 36.4818534334 36.1691462663 36.0715081813 36.863803347 36.6362753818 37.3730523492 36.9011515405 36.5312291876 36.2032559638 36.8072858704 36.5011817664 36.4976762045 36.9606067555 36.0320270432 36.5288647251 36.799578544 37.0838346155 36.9617772067 36.412523788 36.0608906433 36.4783980789 37.1826841963 36.4890081947 36.1389759829 36.968911184 37.1260586489 36.2651312079 37.1729420697 36.359811747 37.4111448083 36.9753366494 37.1802073832 37.0717193865 36.9908887862
0 0 0 0 0 0 0 0 36.4439703691 36.968616039 36.80606255 37.1162809428 36.3864619833 36.0439346733 36.5381411085 36.5147156223 36.0785465964 36.7287780721 36.8979468722 36.3714825948 36.881993889 36.9324409142 36.4832259752 36.0043675651 37.0762190291 37.1028797863 36.1353912299 37.0108898409 37.0866736252 36.1264796171 37.1985094016 36.6636779695 36.1331259254 37.2032925698 37.1731507568 36.4820197204 37.1510225245 36.4017745716 37.40243493 36.9957399593 36.3036292263 37.2645184878 37.3138348886 36.0534151653 37.2485804255 36.8734027653 37.2155868742 37.1834734531 36.1741306818 36.0335498751 37.1745730115 36.9329036353 36.9408070068
0 0 0 0 0 81.3047019881 82.7635285725 83.3053377758 36.4483690208 37.0206303268 36.0264653156 36.5561696617 37.267305434 36.9532957801 36.2651926659 36.0421983969 36.9344898269 36.2269185042 36.8403874829 36.9544334344 36.0490036775 36.3175189926 36.1147599115 36.6488510905 36.358824372 36.6120448411 36.7535831356 36.3673959968 36.0030582127 36.5206225536 36.3428420485 36.1364379807 36.7850863623 36.0212300593 36.507315097 37.245713817 36.39494659 36.8948872087 36.0626742893 36.9051617724 36.2696114647 36.9708843509 37.2274376113 37.3289103334 36.7155559071 36.5328209912 36.7693597612 36.3439473985 36.2840196177 37.0631371211 37.077902742 36.660954465 36.1435689467
0 0 0 0 0 82.5678225804 74.8862809771 83.8034236624 37.0705844884 37.199147509 36.8040096088 37.030141577 37.0445181013 36.3593512183 37.0102349585 36.6134585869 37.1771953109 36.0021404343 36.9773884985 36.5017528885 37.2526214096 36.2586109497 36.6464288131 36.5618067098 36.2041414978 36.1604809121 37.0338250101 36.7002336411 37.3185387484 36.1810101983 36.6769964267 37.0946008478 36.6584757568 36.9585444442 36.6631314054 36.4146504441 36.3348078866 36.8263377619 36.0995393327 37.1705298598 36.6874395434 37.2550734236 37.0914712532 36.7196106737 36.9960638207 37.0630460276 37.334072273 36.973814576 36.6854703514 37.3784587323 37.1875986697 36.5788996637 36.4783931333
0 0 0 0 36.6741689159 80.7672055129 83.1807935774 72.1790372796 36.4512572091 36.4322728173 37.2774120765 36.7898489709 36.0545278146 36.4863449265 37.0788578371 36.7905730166 37.2202792808 36.843098922 37.2492136091 36.5726394843 36.3721416303 36.373729069 36.8423721211 36.8477402514 36.1372609572 37.3332261238 36.3947276314 36.1013589601 36.8650140089 36.5095784229 37.0455457265 36.6798114019 36.2991352824 36.2181979286 36.0772378535 36.8005179578 37.2817588651 37.0849325348 36.5284961457 37.3811795286 36.0788689011 36.7429931696 36.3400686894 36.1471506286 36.3916523007 37.1834631086 36.5071911394 37.2097063166 36.2154174778 36.3238719233 36.1956949022 36.3526870451 36.4771649493
0 0 0 37.3179474278 36.3240858974 37.1737262221 37.137794685 36.6473410221 36.1580669082 36.114111999 36.3411171095 37.3849648068 36.0829088704 37.1403654421 37.0204970834 36.6271701004 36.5403004287 36.3578210237 36.3099162726 36.0990953947 37.2511622518 37.1651510673 36.6120875584 36.5206609495 36.6886329403 36.2000535547 36.766725307 36.4333485642 36.5637469053 36.9828804074 36.8490481975 36.961026117 37.073420777 36.4349783052 36.7590745941 36.0790973986 37.0145853953 36.4920577808 37.0647733152 36.2575408375 37.2315096241 37.0687927274 36.7143090866 36.3091778771 36.6158052917 37.2631732403 37.0479694598 37.0859668786 36.6165467298 36.8187806027 36.0850948498 37.1170615669 36.8326243407
0 0 36.1872839555 36.2561850195 36.9858713081 36.5125186502 36.8846931141 36.5323643189 37.0745976976 36.8363313069 36.7170203919 36.5160502422 36.2774444472 37.1606494173 36.2735744156 37.3466981318 36.7646336409 36.7234861338 36.2060380794 36.9025189441 36.2332746531 37.0930712427 36.8067651198 36.4274117826 37.0992041244 37.0542484194 37.1876063638 36.722136943 36.7872279961 36.2855738488 36.8117578764 36.9498188973 37.0890799141 36.8362154254 37.2440528078 37.2243210313 36.8345892309 36.9731134748 37.2628508412 36.2939368765 36.7262582368 36.7755687369 36.0907600022 37.1111263535 36.5867067711 36.9349775992 36.9078473075 36.5005083405 37.0430124091 36.1987923568 36.1673052468 36.6713544968 36.5215736837
0 0 36.0708851203 36.5998861307 36.3881144294 36.9386558108 36.3325705423 36.0482641272 36.828672897 37.2113781782 36.3207259262 36.5026674677 36.9654974032 36.326856835 36.8052785441 36.0543498989 36.4550992628 36.7265508016 36.6340299067 36.7511918203 36.0123519086 36.882443928 36.1486731616 36.1075285442 36.1328022628 36.9368198963 36.0628930997 36.5482028935 36.9293777413 36.774343554 36.3479282634 36.2428136747 37.0400563783 36.3114897816 36.3361140059 36.7601121433 37.2813480934 37.2501799798 36.3769088555 36.6318879865 36.4270715576 36.9844552141 36.9752266862 36.399056619 36.8438051196 36.0635239207 36.8681378563 36.8774291552 36.0508621933 36.2211942153 36.9000965701 37.2756398349 36.1299068447
0 0 37.1571164431 36.7118381222 36.7065040075 37.1327910015 36.2294107466 37.0414078181 36.054345597 36.9437217455 37.2780793596 37.3981637624 36.8534506351 36.2083392759 36.9175904558 36.513776587 36.1114346484 36.2763014439 37.249262171 36.8516281043 36.9957684183 36.5476661678 36.4744317963 36.4961111722 36.1778366887 36.1614857024 36.9422599754 37.1147881505 36.2156323318 37.0991759843 37.2075379094 36.80471248 36.6827732365 37.265946066 37.2813178431 36.1219244284 36.9068538557 37.1849702054 37.3425121197 36.9713427349 36.6415719752 36.7417680176 36.380619508 36.1812547831 36.8686373551 36.2187106243 36.3348821615 36.3905705345 36.8123319161 36.8384333463 36.2426067643 36.2797581496 37.0817884158
0 0 36.4206891172 37.1810842093 36.1247984006 37.3819234814 36.4895053869 36.9421407709 36.6533749119 37.1443059267 36.7414201465 36.3271419963 37.0031097664 36.1630742808 36.1287528804 36.2726094046 36.1846943553 36.7828040823 36.3855888068 37.2298766728 36.1601493482 36.1632465349 36.2270136357 36.5278216333 36.5117663749 36.2142923417 36.3765366834 36.6132980585 36.4162367069 36.3276783416 36.3511688741 36.1108798167 37.2869961979 36.8868381944 36.7866076041 37.3725430568 37.2486972733 37.2143878404 36.8210817726 36.6586499272 36.1167639293 37.1850496604 37.0550302696 36.7810449186 36.656211585 36.3585164758 36.0987832687 36.9501314301 37.2800112132 37.404623248 37.3100442574 36.9879416093 36.5606043241
0 0 36.9048259507 36.5587683471 36.5956920476 36.6271716164 36.6276987379 36.5083110645 36.2960628402 37.1669603416 36.5184396062 37.3946234712 36.9989080539 37.1486315701 37.2806793651 37.0044458787 37.2898929076 36.1164291555 36.1173394828 36.7681364661 36.9063167833 36.5759979967 37.2510696546 37.2159865296 36.5162781359 36.6204870133 37.013610035 37.3226934835 36.2562080376 37.1658610447 37.0485551544 37.3985999496 37.0782288875 37.3577886434 37.3791539785 36.4858448757 36.0162209422 36.3278194998 36.0182354945 36.9658725778 36.6331838968 36.1055963332 36.7083117933 36.9533782537 36.8107566732 36.277218209 37.2205699393 37.075312941 36.0941575964 36.1505996031 36.299240096 36.4871339878 36.6005144022
0 0 36.8269171852 36.9383105997 36.7608228905 36.7767367914 36.4866447444 36.9039441228 36.7742626118 36.6649075853 36.9629391151 36.7081805157 36.1100555986 37.0657367177 37.2294843942 37.2555093715 36.7327582327 37.363728851 36.9978640889 36.7998691049 36.3523327891 36.6882582453 36.997160595 36.9564780947 36.2710557655 37.2303078526 37.2474478435 36.4248030561 36.6690396443 36.6945112101 37.3414974563 37.3543820294 36.5230136412 37.3047830537 36.9882832669 37.1447248281 36.432589855 36.4575010715 36.3650918058 37.180821107 36.2721518597 37.4004710007 36.8857221745 36.5381674743 37.4051706758 36.6956262546 36.4089168757 37.3936761637 36.7803013297 37.0968553043 37.1106408537 37.1534900872 36.4799406822
