Spatial_Output/90% DEC/90DEC_1380.asc
NCOLS 155
NROWS 192
XLLCORNER 196769.923733
YLLCORNER 449719.875193
CELLSIZE 27.603701
NODATA_VALUE NaN
[rows 23 to 45 of 192, columns 53 to 105 of 155]
33.4943127628 34.010483902 34.3360822657 33.0583135637 34.3508984125 33.8711523957 33.6057998164 34.1992237198 33.7227024497 33.6828373414 33.8440663351 34.3763748114 34.1797743527 33.4137197801 33.3169245825 33.3481699797 34.0273947975 33.0257839686 33.7766459148 34.2444658146 33.0076274112 33.4399043903 33.2537510029 33.1705124773 33.1669718802 34.0528265186 33.3725500726 33.0534823434 34.3636347248 33.2058482218 33.0290025501 34.0368444238 33.6329655965 34.1995844261 33.288130036 34.00312862 34.2899147166 33.2393008061 34.3972426179 34.0862571073 33.8217759671 33.8753050941 33.9512589368 33.4846151282 34.2253116906 33.6492694775 33.1800838162 33.7814318219 33.6456216234 33.3362007464 33.0953880155 33.6500107216 34.3868255047
33.7201477358 34.3079858242 33.2343431677 33.3411037018 33.1255717947 34.2241309769 33.3359431976 33.8610029844 33.01274521 33.6243233981 33.0292076153 33.259443909 34.306806216 33.5705078671 33.2691959376 34.1299588788 33.4157806265 33.4024204264 33.3306701673 33.8106599548 33.2091967894 33.3479687676 33.4573797909 33.8441151703 34.0816893651 33.8234799887 34.412955537 33.3450600855 33.0982874824 34.2109425517 33.3023031757 34.1176488883 34.2904364095 33.8950297519 33.191433744 33.4629004711 33.2233005245 33.8557627285 33.1556726366 34.068145485 33.5590201339 33.7474468137 33.6127344804 33.472847536 33.8415923695 34.1653785663 34.0940370744 34.4098270265 34.3159955016 33.9974841529 34.0451928596 33.9613185768 33.8650548117
33.8846895603 34.1366842237 33.1785260527 34.1586158653 33.1233061678 34.0922960447 34.3399591511 33.2116558101 33.5992554121 33.425494446 34.1946768205 34.0456998749 33.3956046646 33.6103300272 33.7517928177 33.4961245952 33.1403008632 34.0146274957 33.6552690347 34.0310141905 33.5757368614 33.9712519896 33.2136680321 34.0709897837 34.1460676829 33.5867443521 33.934729295 34.2989273595 33.866489284 33.3794033777 33.6446146555 33.811042311 33.3162058765 34.1275288972 33.1805234032 33.0165450799 33.2638909252 33.6699985639 33.8253351956 34.0648010282 33.0092256838 34.0556400916 34.1933026648 33.1831411616 33.3676290053 33.2283052515 33.2720003791 33.748321344 33.731123069 33.334494981 33.2584468883 33.8506638298 34.325829909
33.8299888911 34.3913442943 33.9830451333 34.2424517133 33.7326528014 33.7986371678 33.7169657297 33.7446998204 34.2515897001 34.2110732498 33.0643668258 33.2386126153 33.382732863 33.3689253976 34.3219570225 33.344350083 34.2413775777 34.1285692008 33.451389084 34.2639188794 33.4126313028 33.0903848061 34.090894157 33.1969196025 34.0428081022 33.6278161919 33.7580762633 33.4375731915 33.6048246875 34.2501296113 33.2028037774 33.6580276656 33.8251760718 33.4701036434 33.590988603 33.8778895155 33.3801776052 33.6848583923 33.0719479853 33.295952847 33.8158251495 34.2756672174 33.051338764 34.3536351807 34.288892069 34.2055876485 34.0780936175 34.2919283798 33.9929953322 33.5646375657 34.2127187611 33.7369731822 34.1991039869
33.5009265915 33.2620418618 33.8024514801 33.0143394316 33.2438997648 33.4978490284 33.4748580562 33.9918552361 33.958648075 33.8872289446 33.1130330007 34.3841936945 33.1011701665 33.7883583101 34.4069988533 34.2455355584 33.2879151755 33.7276925186 34.0750374942 33.468581171 33.8550836032 33.654022307 33.6434256663 33.464805705 33.328862375 33.3182501468 33.2426067704 34.3898099712 33.2462283341 34.2776895422 33.0173562527 33.7100806519 33.1721033583 33.1634634333 34.3199995497 34.1817598591 34.394468707 34.0715602524 33.0146033967 33.8642690118 33.0925300618 34.1736485208 34.1329248313 33.3067665802 33.9530517052 34.1964107937 33.3836951517 33.1905581808 33.3786912841 33.0367302291 33.8166265763 34.1969900238 33.3362818963
34.0951535596 33.8225134464 34.0437566783 34.2907112787 33.8810966468 34.031758614 33.7408209216 33.4834646864 33.9784845073 33.9373062495 33.249542247 33.0084820627 33.4847423674 33.7165792535 33.268279992 33.6441462839 34.3908089943 33.1440767622 34.402183131 33.8747381273 33.0902938513 34.0306344948 33.943239429 33.0371600279 33.9846125257 33.6905428005 33.6854856017 33.5111479896 33.8575100984 33.0709493788 34.3672473395 33.7654617756 33.8757742844 33.8156935285 33.3002725625 33.6554109629 33.0119641696 33.180215213 33.4012536972 33.0917022942 33.8586074546 33.9678663154 33.045348872 33.3617662269 33.6822297875 34.3920077318 33.9092538301 34.0703756171 33.7564478312 33.9121939331 33.7209632646 34.1433881457 33.1911154299
34.3801954808 34.2938868078 33.4943901638 33.5625970025 33.9152960436 33.8789957943 34.3409868331 33.8960174027 33.3028706835 33.0901652659 34.0498152635 33.4760076111 33.2940756729 33.7500016551 34.1705813879 33.6977313302 33.5781942351 33.8099336592 34.3473948613 33.5555215278 33.0455006507 33.7004304229 34.2345030876 33.6489890107 33.5367533249 34.3031971474 33.2924535223 33.4242795508 34.0950517113 33.1348838633 33.7411613994 33.0962168634 34.0169041686 33.8080139305 33.1160793241 34.158767517 34.2384125426 33.1267584674 33.2259092119 34.3509689275 33.096756979 33.0388870645 34.3517444098 33.5107146924 33.2426009466 33.4778947069 33.0008269381 33.3887141513 33.1618399846 34.1597454791 34.0952091106 33.9679596796 33.5206537925
34.1278738724 33.2180062562 33.3271710366 33.4561577426 34.0631091955 33.455734502 33.8803077025 33.4234742021 33.2443016317 34.0310758131 33.0739495288 34.3407049116 33.9912323965 33.1492407518 33.7527359309 33.6219296376 34.0007515312 34.0407149245 34.3409752796 33.7256936893 33.7174045336 33.40697031 33.4786441755 33.3993801961 33.8353272666 34.2901009994 33.0451038396 34.330382005 34.3064009398 33.1657958751 33.1197607458 34.1556645889 34.2840568934 34.0047776846 34.097252945 33.6575761897 33.9378834827 33.5322317019 33.745866904 34.199451375 33.1117887599 34.2507792331 34.2718984027 33.8487942761 33.562937954 33.8621389402 33.1366296617 33.3007883131 33.9575261016 33.5171000077 33.0901832929 33.4472257176 34.0920024175
33.5145533867 33.8606990462 33.8813892536 34.2274120426 34.000333819 33.0444897914 34.2304618704 33.930576564 33.1751959537 33.0078650478 34.4007227757 33.1216299688 34.2172731697 34.1524048462 33.7731789827 33.3109560706 33.3062679844 34.1865820013 34.2929220311 34.1513344887 33.1026296588 33.1546447979 33.8657890841 33.0709175577 33.1153978989 33.8382591196 33.1737249834 33.0746358738 33.0710161315 34.0226043092 33.6776277559 33.4400464829 33.7683136857 33.3384954656 33.2618905286 34.1963973956 33.2125560158 33.0416904174 34.3742294936 33.614070725 34.3112207723 33.444113814 34.3758803595 34.0769175472 33.4746770084 33.9936478127 33.8902643265 33.6047417683 33.2800856869 33.9276116811 33.2900206709 34.3845092073 33.0773814513
33.6189881774 34.2661146258 34.0330740325 34.1276639843 33.9126620528 33.1160633503 33.4092456441 33.338801725 33.4708587745 34.1953755178 34.2752066805 33.192153035 33.0609696263 33.563280409 33.6811293937 33.4651522415 33.6980519901 33.4140101295 34.3582711427 33.1338741297 33.6512728124 33.1772895107 33.7896166163 33.4182029029 33.5523332767 34.0853483305 33.9722146695 33.8036457296 33.0099024817 34.2576088391 33.9687919853 33.5577906542 33.6571116542 33.2720031684 34.2552784928 34.2662494869 33.0638826777 33.1451053617 33.0191897862 34.0039546597 34.3586892532 34.223887937 33.9845203167 33.9075782861 34.3099624057 33.074393988 33.7415722065 33.1876847823 33.2875079651 33.919967784 33.5643464192 33.6046341426 34.0393890212
33.6567305701 33.3718656249 33.0927429093 34.0240710709 34.1630176835 33.1397795388 33.4121706002 33.1915832504 33.8868862548 34.2879958852 33.6212172125 33.0357817515 34.1677616432 33.737760343 33.6210725554 33.5917529526 33.1412053337 33.6531073293 33.486942571 33.8461256597 33.1415375317 33.541506912 33.586211597 33.6127589046 33.3675580233 34.3537921808 33.9821730402 33.8444752045 34.3683984715 33.4745663104 34.2115227109 33.5120901084 33.299250551 34.2073145204 33.6017083369 33.1717228819 33.1083597053 34.036772935 33.9904588542 34.1003516648 33.4858212359 33.9788398555 33.6926599383 33.4959086404 33.5397104119 33.943610684 33.627362382 33.4531164859 33.5538072699 33.2769753659 33.6543674679 33.8728804721 33.6066079609
33.4365886608 34.3519751226 33.8171368061 34.3363196498 33.5512595286 33.1651713466 33.2046131131 34.0013423767 34.2300091224 34.1999345053 34.1737771922 33.8442279543 34.1289033511 34.3247529704 33.3083809724 34.2190777598 33.8379455172 33.1549151656 33.4728578208 33.8238035271 34.0460128944 33.4426499711 33.0706000439 33.6099244906 34.3081476964 33.0314874307 33.6117302466 33.6158439448 34.2246112881 34.2539110352 33.7642440927 33.2062321691 33.7817052396 33.2543184345 33.1348330638 33.602584495 33.1913243809 34.1240920749 33.4463937007 33.0298001459 33.4986787098 34.3329304013 33.2000346952 33.1672057281 33.9132422356 34.0146269255 34.1090539883 34.3266591491 33.117446015 34.0830394752 33.2520025189 33.369416124 33.7677026155
33.7942075327 34.3932697958 33.6434490653 34.1031703601 34.1200490041 34.116104374 34.2833656087 34.2146451489 33.4345615202 34.1023981484 33.2940899121 33.5639748632 34.1344309877 33.0754976561 34.2015246739 34.2141222339 33.4819658284 33.4902882255 33.4006468094 33.937814848 33.7513184066 33.572820803 33.2657722797 33.2180077386 33.4736027784 33.6960331391 33.7171517475 33.1424964418 33.2919675194 33.0068820244 33.4627238316 33.8682098232 33.4153650782 33.3398543332 33.1635203429 33.6742927718 33.7474194455 33.8130842085 33.254411933 33.6303970148 33.828928247 34.120888117 34.4029832538 33.375333676 33.2425588767 33.8285397713 34.1769518883 33.4230836631 33.8235827914 34.1405680871 33.2196756976 33.1598165638 34.3548312041
34.4114148415 33.6398577347 34.1314353934 33.8203667544 33.1373686879 33.6698324516 33.6457470063 33.1346798554 34.0391420642 33.1922684795 33.3365504804 34.2103251486 33.7219419191 33.3418200665 33.0906352584 33.5466419289 33.3087682762 33.9555120632 34.1738408515 33.4340377437 34.1916127177 33.3599795055 33.8174757103 33.5815110957 33.0302967891 33.9909125932 33.512341253 33.3459090045 34.0413467866 33.096058878 33.6910241918 33.2575642698 33.7319879163 33.1526997964 33.9704327247 33.1940126487 34.3412132739 33.5433570995 34.2210957488 33.1890104895 33.6199648978 33.2880319822 33.0526737803 33.1776604726 33.9443892926 34.1739208813 33.0115640146 33.01776608 33.0405925747 33.3904740093 33.9024443508 33.6114431268 34.0191088021
33.7281997763 33.3398971246 33.9415148814 34.2795799534 33.0213933044 34.182045036 34.1114214782 34.0291387527 33.8993258267 34.2195246574 34.409936279 33.2647174725 33.7097604128 33.8544446602 33.8086230198 33.668094321 33.2483200928 33.2248774917 33.9340007941 34.0538682805 34.3640918106 33.5798679254 33.520583771 33.6927115311 33.5215031793 33.9373775603 33.9454289641 33.6735079285 34.0996610185 33.9148982986 33.0905256232 33.3144699875 34.110437988 33.2098485989 34.1121691921 34.390094323 34.0008423487 33.868833603 33.2161559304 33.179460042 33.2036106144 33.8995644894 34.0073081433 33.9573627409 33.2727334284 33.5726590986 33.4764134393 34.4000069837 34.1626250648 34.3119876879 33.7728278645 33.1711495912 34.0682400091
33.928211377 33.0574504525 33.926110469 34.1249338466 33.6495631933 34.3002891053 34.126422067 33.0137163612 33.143978457 33.2694518227 33.8981861014 33.5879948881 33.7533336651 33.4103177261 33.0910242569 34.0615564351 34.0130685094 33.0298274212 33.920992331 33.9628725426 33.4483681822 33.6489386796 33.4187396157 34.2764124496 34.356557725 33.1714548413 34.1460201443 33.7374111092 33.6694278397 33.7602251869 34.292059485 34.0222447154 33.5012082272 34.2118987543 34.1765940884 33.9204319448 34.3321286656 33.0885629086 33.4991105375 33.4650245663 33.0763368481 33.1906715651 33.2454442678 33.6468048124 33.2578164386 33.7045733787 33.4522216889 34.3062640263 34.3704003269 33.6428651145 33.6035712312 33.7686745587 34.3034405608
33.9899935408 33.2235181588 33.2818462237 33.0979878805 34.1627175218 33.2557689545 33.7565155404 33.2945717771 33.0144001244 33.6506588507 34.3931520464 33.1617988467 33.4633177042 33.5726016723 33.0163995015 33.7605864322 34.2290395355 33.7773727813 33.4371418392 33.8123943394 33.684920426 34.2525294623 33.905256391 34.0635674146 33.2983233186 33.2004358614 33.6734649004 33.3133184249 34.1835977845 33.4290186893 33.6295449095 33.0697196866 33.0959116987 33.5828097424 34.0564501184 33.9993230838 33.9779165108 34.2014826487 34.0637331526 33.2691784538 34.1734771922 33.2784718024 33.7894723637 33.0709287172 34.0186100612 34.3739380053 33.9428640227 34.3991613781 33.4359746786 33.9398937828 33.9995118366 33.5303509971 33.2656960571
33.7329105494 33.3945183753 33.7840644076 34.1630568062 34.3082631553 33.9244353801 33.3065671941 33.0099745037 33.1943077591 34.0819022634 33.0753417741 33.7658605932 33.7415544608 34.2724504693 33.4684749212 33.6007896685 34.00959116 33.7349905496 33.2017270812 33.6784708536 33.1391331043 33.4384413431 33.9528111586 33.2404557179 33.3034841838 33.4128351399 33.220740032 33.1427513872 33.5543055128 33.9316146322 33.7298699636 33.3226845443 33.5279454364 34.2188994507 33.408836184 33.3436033073 34.1262250012 33.0455844092 33.521203974 33.5537176171 33.7843962501 33.1987014495 33.6482166279 33.1948298581 33.0929135522 34.3415014374 33.9928307546 33.5309424745 33.1976913079 33.8622013178 34.3336488153 33.7470938062 34.1060771714
33.9744051502 34.2631442038 33.9972986421 33.480698445 33.5926550046 33.6942219649 33.2308913968 33.738411757 33.4312764039 33.7993128266 33.2494856878 33.7019005015 33.9866048595 33.6547315014 34.2735647855 33.5436303422 34.2822524894 34.074204879 34.0553942917 33.6171140136 34.2203786377 34.1610340937 33.9142988058 34.3664779529 33.7041201895 33.4677588376 34.2451815678 33.6551624627 33.9563218455 33.3647679998 34.2292029757 34.3526648053 33.7415213012 33.0292620367 34.1274316686 33.5420698273 33.6946885049 34.3460403996 34.0737424104 33.4195961739 33.5134758071 33.0297470014 34.0068160102 33.8073304549 34.3413603342 33.6381603894 33.173843969 33.4251996803 34.1353963083 34.1765225868 33.1763429951 33.5136011981 33.2058109224
33.5226013905 34.1749925777 33.4555762782 33.5844658563 33.5337427072 33.7948347861 33.4386894387 34.2059457872 34.2517919219 33.029086754 33.6860173202 33.9259416972 33.4845132498 34.1143355677 33.8732749577 34.1763158 33.3735063343 33.3610308169 33.240934804 34.1418535141 34.3556639739 34.3999375364 33.0185031699 33.5557072703 34.2363744357 33.5884099757 34.0720034695 33.4380232179 34.286547846 34.3220113094 33.2398423761 33.8098877036 33.4181688556 33.1860039546 33.6882493009 33.0820319875 33.5088778424 33.7072284203 34.1002561358 33.3546712394 33.4293728794 33.6004568044 34.3354550641 33.4426069336 33.6091406258 33.0910715262 33.0907794065 33.7934472947 33.1235471269 33.0356470362 33.4611363492 33.3863987803 34.3518505615
33.8355610269 34.1328698035 33.1229939568 33.475077911 34.0443493491 33.5787642184 34.2396370124 34.0196775747 33.8070783337 33.9092436164 33.313701614 33.4568240851 33.968145001 33.1157816973 33.7955695043 33.3541486604 33.7311603943 33.4624973493 33.0691282145 34.1569955706 34.1079713011 33.8810179315 34.4081191245 34.2149288558 33.1652738958 33.3920499844 33.4750755621 33.3592183644 33.1902402587 33.3458338304 33.3758861687 33.5712615582 33.9321449651 34.0716870407 34.1104500537 33.7063982868 33.5594192758 33.4402012957 33.6145886935 33.7743232044 33.0847834781 34.0216810958 33.0245008346 33.0990454581 33.9033937131 33.7551986447 33.7381165448 33.469607535 34.1125233058 33.5872765613 33.3872741238 34.0423792239 34.2437297352
33.5454159543 34.3892315379 33.4349602864 33.0180576685 33.0030904475 33.4201274296 34.391469778 33.1742571626 33.7287774806 34.3756792465 34.297192774 33.5681885318 33.8253830141 33.9512817694 33.425772669 34.2975122975 34.3710000407 33.331604782 33.103142918 34.3908733442 33.0346544797 33.8554665266 33.3494086264 33.304696673 34.128912718 34.1863442445 33.764627932 33.4811453488 33.4799594864 33.2448299484 33.3794830374 34.2587545204 34.4122125284 33.6928188808 33.0923679952 34.2095885805 33.7274514429 33.5747905674 33.8626877819 33.1521298932 33.8915588473 33.0645964545 33.8245129281 33.0561355626 33.8498757597 33.6746245374 34.1513854085 33.6793348705 34.2048897788 33.0955105071 34.331928554 34.0749209323 33.0953668254
33.9904887354 34.4037204293 33.0446171646 33.9264230529 33.5563753266 33.6246683511 34.2816976591 33.2877057947 34.3234989363 33.9277488853 33.960919893 33.9180086959 33.4867164963 33.8854906594 33.5459625874 33.6105354828 33.2816404631 33.6715145329 34.3520635655 33.3142253003 33.1191309975 34.0581482359 34.1225720765 33.8310668858 33.5983570492 33.3468629871 33.7474222116 33.989558969 34.2250009858 33.5978256961 33.871524013 33.0504878966 33.1793874513 33.8600577621 34.0424593888 33.7564406165 33.039114285 33.5638062384 34.1602516813 34.0104603254 34.339781905 33.1954817492 33.8160807762 34.0855597737 33.762169568 34.1625975152 33.1591686216 33.1767345404 34.0347600508 33.7727778163 34.1726754206 33.1091862733 33.7420949859
