Spatial_Output/90% DEC/90DEC_1189.asc
NCOLS 155
NROWS 192
XLLCORNER 196769.923733
YLLCORNER 449719.875193
CELLSIZE 27.603701
NODATA_VALUE NaN
[rows 69 to 91 of 192, columns 0 to 52 of 155]
27.5294912635 27.9786984552 28.1679396189 28.1255294691 27.7397627504 28.1076997942 27.5174691809 28.1122362129 28.053876519 27.5103817765 27.6729283241 28.0679081272 28.092736558 27.9696703072 27.7829826516 27.7378703789 27.6667835635 27.6744585235 27.8473993431 27.950252792 27.8003408564 28.1448997194 28.1553663986 27.5885164 28.0417874216 27.7368839645 28.0665982418 28.1723104182 27.9185669023 27.6847058286 27.5638101584 27.9031453137 27.9097272609 27.9538992357 28.055721099 28.1153343097 27.5202282521 27.723875396 28.1390762472 27.5235825169 28.0332360739 28.1796775847 27.6114532353 27.788272569 27.5554136251 27.8494890421 27.7029678002 28.1729516562 27.8991800355 27.5346934334 28.101450494 27.854884125 28.0435388773
28.1037420155 28.0143848256 27.7027378306 28.0438748166 27.5360940231 28.0259435705 28.1223542363 27.9002158465 27.8019033313 28.0003276134 27.7118131878 27.5718095054 27.8226701448 28.1129426114 27.8723077589 28.0435209275 28.051079321 27.706523216 27.588592071 27.556428811 27.6111881069 27.8721573544 28.0409928943 27.6027328344 27.8029878087 28.1424766754 27.6408731285 27.7886563118 28.1201184097 27.6925278439 27.9560151279 28.1973050428 27.9029677819 27.6440883601 28.1393340292 27.9654845365 28.1368437399 27.8587490833 27.9448333845 27.8249322499 27.8660356962 27.8134014539 27.6845267559 28.1634572132 27.6658777495 27.6997053688 27.7909657976 27.8845229799 27.5670131034 27.5811480265 27.673456867 28.1199925194 28.1924862911
27.9561924819 27.8396741452 28.1286861738 27.8436391417 27.5566310765 28.0573769904 28.1796715087 27.8372070398 28.064546923 28.1255116822 27.9792034549 27.8750146071 28.1269817074 27.660699029 27.715529686 27.6998954367 27.7178453521 27.7299876267 27.7442257874 28.1293329028 27.8668480486 27.5808990197 27.9419756276 27.5769011334 27.7587950766 27.8449076658 27.5363081329 27.5842064861 28.190569643 27.8206264006 28.1470408242 27.5203775006 27.7670232512 27.7110320274 27.9890146131 27.7058380501 27.5018137771 28.1577379351 27.8261914253 27.5661663636 28.1193851266 27.910279717 27.9331881819 27.6846126665 28.1178793926 28.0430653659 27.6538383795 27.5807317267 27.6661689996 28.1889540904 27.5521792255 27.5557195821 27.7798213973
27.7614089251 28.0352660063 27.5644380103 27.9527448221 27.7271202167 27.9465448621 27.7878321985 27.7313458701 27.8722356984 28.0008369591 27.9948501334 28.0671533163 27.5481848403 28.1139408481 27.7875587242 27.6457606528 28.0196362482 27.5410278591 27.6407693557 27.8752090949 27.7984834702 27.6199891189 27.6424900153 27.6268011259 27.9183306689 27.6750432633 27.6638884999 28.1488560585 27.7326592106 27.9718535233 27.9918599988 27.7695276819 28.1540675797 28.1279500628 27.6480941093 27.5495258171 28.1022676875 28.0306080282 27.5544002958 28.1628713117 28.1824168563 28.0445419486 28.0068416132 28.1658562979 27.5018367012 27.8813633876 27.5380178045 28.0741800442 27.9168234816 27.8940887208 27.7292901388 27.9133373172 28.1874099555
27.7834096439 28.2046646759 27.5465407192 27.6596385417 28.1605185178 27.9211574613 27.5035546989 27.9250481117 28.0000208993 27.6606277321 27.9321312045 27.6554001703 27.6338568997 27.9236457466 28.0830284834 27.7648031634 28.0636849246 28.145776812 27.797670169 27.8446355955 27.5059063678 27.7055993711 28.0382547398 27.7822311991 28.0754463586 27.8487114449 27.7677817989 28.0268559482 27.8460342917 28.1762660926 27.5317867075 27.7180135748 27.6997153828 28.0701330387 28.0904239303 28.1890102781 28.0595491813 27.728095596 27.93411418 28.0693445461 27.6417719936 27.8858425534 27.7529112647 27.9148466518 27.8150740184 27.7192365131 28.0208410881 27.9230647857 28.00002125 28.0047750849 27.7743347536 27.9418717238 28.0266412749
27.9314338956 27.7688911194 28.0155249673 28.1850086528 28.153818842 27.7858387613 27.8477460508 27.5194484893 27.6451245963 28.0656112074 27.6807515174 28.1874966889 27.7461182811 27.6004952142 28.172738867 28.1237510958 27.8095555826 27.9035940479 27.8089127799 27.6911729637 27.9626865966 28.1544838141 27.6134236921 28.0840515592 27.8421235099 27.7016843288 27.9028575911 27.5332233445 27.5572235285 27.9399936682 27.6392881599 27.7256642568 27.7676522138 28.005133102 27.650628946 27.6393482442 28.196279531 27.7882675033 27.672059787 28.0651104609 27.7493089167 27.5222029423 27.9619525365 27.9189374261 27.6605434916 28.0071740089 27.6242798783 27.9756727287 27.9890259022 27.7993923549 27.6644209652 27.726747625 27.6302155611
27.7813661981 27.6149816992 27.6768586279 27.7813372933 27.7925321876 27.9815227681 28.0460639605 27.8196582712 27.5853794441 27.9246313347 28.1691676343 27.8509916824 27.8987350164 27.7858190603 27.8276117895 28.1311707741 27.5014124089 27.8201621302 27.7149001859 27.7247717519 27.563727092 27.6047219983 28.0275423868 27.9489877517 27.8164922502 27.7933050705 27.947840216 27.7236572937 27.5781436108 27.8053022211 28.0870510366 27.7759888676 27.5290650389 27.564437508 27.5791865796 27.781305545 27.5129762376 27.5179291602 28.0372327726 27.7853566875 27.5963597731 27.5011716141 27.5938656052 27.5809609359 27.9372076447 27.7887648431 27.9785453276 27.6464881193 28.0341628061 28.0571591451 28.1214621846 27.5782141979 27.5884215135
28.2010584317 28.1039652854 27.8443192263 27.5197254409 28.1110135307 27.9540312263 28.1756271605 27.5186835644 27.5503565702 27.9957184895 28.014536882 27.8505568772 27.5820961857 27.8344970652 28.0301310732 27.7552844348 28.0768325684 28.1891510418 27.9830476664 27.554511062 27.845850387 28.1412792069 27.7793723985 27.5037313023 28.0587264456 27.6536875925 27.8600601869 28.1472387626 27.847705781 28.1549069968 28.1132744404 27.7151764548 27.8084115945 27.8555484898 28.0895431234 28.1807427639 27.5594583768 28.1717054692 27.5780111835 28.080234936 27.5324976365 27.5468511571 28.0050690495 27.7721258253 27.7200591792 27.8509184121 27.8627030327 28.061351954 27.8087454966 27.8881920809 28.1865646615 27.717489296 27.8803470047
27.5588944879 28.0950396701 27.9286487844 27.7259308787 28.0731636415 27.8887294289 28.0752985749 27.5794921783 27.6910035089 27.9759242495 28.0456851907 27.7311541295 27.9485062493 28.0320970522 27.9959498214 28.0431801798 28.2034336862 28.1358391201 28.1014369614 27.7380921059 27.673772159 27.7989145618 28.1435438243 28.2041253437 27.7573513575 27.832509789 28.1143762588 28.1156261483 27.983848747 27.9523496946 27.5872779079 28.0939450643 27.5347164767 27.6556604343 28.0290607161 28.1691677633 27.7571674014 27.746002168 28.1822249911 27.7908401622 27.8572860989 27.8343796403 27.8968826221 27.5496451037 28.0868561309 27.8906044128 27.5818505516 27.8703540568 27.5676101448 27.6922150203 27.690166876 27.7859708533 28.076737409
27.8286252911 27.9106507777 27.7137872983 28.042368169 27.6835674738 27.7478291055 27.8264924045 27.8817395612 27.705782762 27.849537177 27.831163643 27.8646142947 27.6565780093 27.7815506714 27.7856651606 27.5497309729 27.6285556644 27.9721641424 27.9404211159 28.172568751 28.0054522021 27.7819644949 28.0118013377 28.1898527801 28.1170560981 27.8894993695 28.161238701 27.8291103522 27.709730578 27.7396237737 28.178974962 27.9195052607 28.1910883656 28.0259440503 27.5457941619 27.9767104069 27.6875534931 28.0520281442 27.6657343397 27.8282392634 27.5494362851 27.8362576386 27.6742672215 27.7963420825 27.9297404883 27.9624868188 27.9086263606 28.1915777276 27.8397759517 27.5563824014 27.6988528558 28.1731920879 28.1597231024
27.7733049678 27.9134391696 27.5950117415 28.1686889363 28.0677264011 27.9952584842 28.1089721731 27.716915278 27.8651548646 27.8304543046 28.0212440692 27.9625815977 27.7034355939 28.0808714327 27.9743056677 27.5986891 27.6643649985 27.9447696528 28.0187693598 28.0390177567 27.6661537244 27.7311337928 27.5070540665 27.5837847339 27.8329147332 28.0004489747 27.923401822 27.5488287214 27.7432924987 27.9168243002 28.1335270901 28.1205500565 28.0874009018 27.8168776876 27.8525858173 27.8858952389 28.1034003687 27.5094597545 27.6277315419 28.1524391095 28.0850493632 27.940972714 27.907618905 27.6716859237 27.9958638039 27.7288438876 28.0026427686 28.1961505581 27.8885332869 27.5442365566 27.6880290957 27.6287308612 27.8990816494
28.0430818388 27.8794107646 27.5390643003 27.6889204269 27.5314954071 27.7892725344 27.9292421018 27.9186283169 27.8133108253 27.8592721852 27.9222333833 27.9529423763 27.5268568542 27.9112704644 27.7716575503 27.8477452721 27.9010734955 27.7108791513 27.5801282335 28.1720466563 28.1439553438 27.5291759316 27.943895165 28.2002641035 27.7812842747 27.6162671078 27.7944676906 28.1914060247 27.7119180641 28.0792897135 27.9325188118 28.1715628289 27.8813400748 27.8899335325 27.6611692299 27.5123644717 27.9521067286 27.7638342565 28.1959785618 28.1716530521 27.6697133434 27.8361941274 28.201236063 27.8394191984 28.1505450661 27.5203946888 27.5737073773 28.0338558942 28.0485341851 27.7995243974 27.701073121 27.510355622 27.8675806134
28.1287796366 27.6522531743 27.7614295894 27.7139508463 27.9096371305 28.0111605024 27.9121616547 28.1628846546 27.8997340582 28.1085796746 27.6073640475 28.1207777562 27.9666716332 27.794450099 27.9468959126 28.101027863 27.6274083572 28.0048779915 27.9034803296 28.1974343563 27.5160472299 27.9552751091 27.6546790886 27.6335387106 27.6142479394 27.5567223967 27.681526667 27.8783222695 27.8021051064 28.1107478901 27.9154582076 27.6551263777 27.5378472538 27.6372268513 28.0248342543 27.8045969103 28.1348946523 27.5589024707 27.5019518849 27.7763864649 27.5821829789 27.5348339904 27.8186785267 27.9792417945 28.1749216285 28.0437514094 27.6648588465 27.9139873024 27.91149073 28.0638385922 27.7917988489 27.9443899947 27.8263786464
27.5362284803 27.5060489942 28.1498294405 28.0217946664 27.5055687417 28.0216434184 27.9902486958 27.6512977662 27.95161214 28.0861740944 27.7513199772 28.0401639327 28.1552115675 27.5761846386 28.0984887073 27.8495006151 27.6361582643 28.1751652201 27.9652262109 27.9586646957 27.8472104286 27.7859713118 27.7545684251 27.7809809246 27.8636926252 27.7421464742 28.1704330973 27.811348895 27.9252063653 28.0235985796 27.9496955299 27.856736867 27.5096885997 27.9568456735 27.5183534505 28.0702962878 27.7078457033 27.8031344706 27.9254596446 27.9778022639 27.9123883461 27.8114044116 28.1218646415 27.9448066482 27.7877715584 27.9445097965 27.5392451453 27.7285946823 28.0959119839 27.9416470483 28.1453981693 27.9646028545 28.0019879928
0 27.7813444569 27.7288056256 27.9610679269 27.788982323 28.0685725519 27.756999355 28.1475981603 27.8121018327 27.7219205164 27.8696316161 27.6494982836 27.6494077524 28.1048512693 27.9293128105 27.6852250262 27.8032605496 28.1433363049 28.0600283368 27.6825276695 28.1538110569 27.8241404918 28.0358810617 28.1777011202 27.5493906178 28.0099549776 27.8733767146 27.6402626866 28.0989623584 27.9562248575 27.8317151609 28.0315993063 27.8716253672 28.1597127733 27.8560071856 28.1462296716 28.1533440351 27.6940349899 27.8798250082 27.7482744255 27.6205811492 28.1802969871 27.7341486103 27.8986983776 27.7778112798 27.8664484893 27.5872604928 27.8086573384 27.9054360107 27.5565024715 27.6810631267 28.1902609859 27.647067625
0 27.9196821693 27.8185064152 27.5659989444 27.5616828275 28.0492101183 28.037054114 27.5500691148 27.7483383544 28.0484783741 27.9732784501 27.8609763531 28.0551570533 27.7949204319 27.5359577183 27.6662971272 28.0506723836 27.7573974808 27.8307084608 28.1523234084 28.1086778011 27.7597732507 27.6452478394 28.1520493285 28.2068273984 27.9635759137 27.8484096683 28.1871411686 27.6676798572 27.7831270435 28.1052951338 28.175763394 28.0123229522 27.5117226399 28.2049995198 27.6265931707 28.1472556762 27.5363175158 27.9179705535 27.6895388197 27.6922424791 27.7772713788 28.1739888153 27.8574715705 27.7832060377 27.6965393385 27.9703617156 27.5261921878 27.5130710026 28.0203138132 27.8672636307 27.7727634348 28.1158417025
0 28.1168681399 28.0959328607 27.5279276391 28.0494038661 27.6468594331 27.7921239463 27.5607343311 27.6158689787 27.7269999386 27.961691072 27.5067398753 28.128825505 27.8637374391 27.8706239231 28.1442666795 27.538983635 28.1643173197 27.9004070904 28.0934592238 27.6581303102 28.093790064 27.720567498 28.1011896335 28.0858875964 28.1949883564 27.9592889806 27.6551782107 27.8398654263 27.5239397464 27.7619864228 27.832066543 27.6403074227 27.6388910376 27.8202699845 28.0253726255 28.1623378973 28.0230505034 28.1136411079 27.6196045217 27.7673799493 27.7772096734 28.0124130828 27.8743612801 27.8890746049 27.9502236689 27.9119229683 27.5728113329 28.1485406174 28.0212545468 27.882761037 27.5682255049 27.9477791002
0 0 27.949495825 27.8594983278 28.1769341283 27.6253634044 27.868644201 27.9595419035 28.0592529448 27.726520229 28.1903469878 27.7738706217 27.8151870227 27.970348899 28.1969184868 28.0613145676 28.0757989109 27.6126694159 27.7351049106 27.6364889289 27.9207958557 27.5179551065 27.640639303 28.1369400884 27.6308316133 27.8706203701 27.7379351656 27.7371795333 27.9637891954 27.572470634 28.0455148738 27.9443838014 27.6183864836 27.9501027111 28.0528251749 27.9760564783 28.0468553073 27.6644839569 27.8050784799 27.7319470337 27.9294831793 27.6474952694 28.0469276738 28.1345735396 28.0416256157 27.7522069504 27.6766398814 28.0009935531 28.1645518382 28.0974910247 27.8370393576 28.1602190172 27.6686605272
0 0 0 27.5258874776 27.5935826434 28.1479787179 27.6449840685 28.1995910694 27.7590134584 28.2038876574 27.7991567915 27.9387260724 28.0422082516 28.0555039417 27.5763082268 27.7123631433 27.9019349105 27.9543003189 28.0379461289 27.5339126174 27.5405181135 28.1575152104 27.5973933661 27.6148965431 28.0904964019 27.5572539356 27.5037570652 27.8130830175 27.8168888788 27.8600913595 27.7504902293 27.8713478708 27.5235627239 28.0110125346 28.1346282666 27.7307430297 28.0049255719 27.8785435129 27.5040030246 28.156377137 27.9984341343 28.0493819084 28.1581631115 27.9035766437 27.9819260618 28.1759110856 28.0434614542 27.8938006095 27.9492031998 28.1001527325 27.6717128736 28.1998229102 27.7084509231
28.232709244 31.1506292478 16.4505785209 0 0 27.8702516707 27.942488137 27.957428756 28.0402753629 27.8992341351 27.6955247097 28.1276295187 27.7814595139 28.1254082243 27.5779415481 27.9822682859 27.5876693769 27.9430298243 28.0360800638 27.9109419401 27.8389700097 27.6665321601 27.872806329 27.6003715083 27.9618855626 27.8909725543 27.9570006025 27.9357617609 28.1390578251 27.8499518913 27.9749552858 27.8772304771 28.1785071896 28.1549627956 28.1777158799 27.8176888956 27.9392647978 27.6572407355 27.670041072 28.0342874684 27.6659520603 27.7891701968 27.5473398355 27.7389879506 27.5235117674 27.5161960828 27.5121545319 28.1151018887 27.7188635088 27.8986780104 27.7880134886 27.9318015001 27.6404104308
16.2204766988 21.7936567659 27.9732017908 0 0 0 28.0549616521 27.9082936272 27.8363800331 27.5625869701 27.69792039 27.6137314549 27.6319182476 28.0753980704 28.0379887425 27.8341680978 27.8317855983 28.1043503453 27.5289503298 27.5564581519 28.1521322251 28.0091390673 28.1800390802 28.0430794926 28.1099870138 28.1576161543 27.6949723492 27.5689457033 27.939885897 27.5273936987 27.5167984913 27.6399108471 28.1684010299 27.9153004571 27.8018407289 27.7051378589 27.8634159711 27.9380134777 27.8088119089 28.0287236932 28.1959046977 27.6626273509 27.8378037665 28.1728763797 27.603908659 28.028166154 28.10582147 27.7868004785 27.7390415364 27.9746644407 27.9056352364 27.7295982858 27.7240364239
28.7941309473 10.1481341634 14.1841792522 0 0 0 28.0942817484 27.8824874109 27.9715917479 28.1338382334 27.650630019 27.9469577605 27.6100244212 28.1788785079 27.8874010208 27.8664273664 28.0551250897 27.5569729505 28.1856944654 28.0056173731 27.8929606033 27.7523709965 27.9206007713 27.7945438528 28.0097785516 28.0528837197 28.1335348213 27.9618827201 28.0205345303 28.1541224908 28.1965025171 27.8618159542 27.5998604645 27.8392312551 27.5952009772 28.0713690099 27.8720646527 27.5399864084 27.8403055817 27.8327585875 27.6508052966 27.5706390021 27.5340614069 27.8763349223 27.6080158298 27.5084256287 27.9221214635 27.9212696755 28.0604729594 27.5336057763 28.0414394336 27.5319534519 27.6506133949
0 0 0 0 0 0 27.9963561423 28.1721157685 27.9562126882 28.0379939358 27.6617692187 27.8700858203 27.5651098807 27.6899418381 27.9346541326 28.1978174131 27.9123762086 27.8027981543 28.1164257091 27.6144506537 28.1581516122 27.6511033021 27.9630764216 27.856208362 27.5886758589 27.5294056386 27.6708266502 27.9538294939 27.5196794738 28.1326057041 27.8801014485 27.8190417874 28.0473558765 27.5478759735 27.7278346688 27.8744426347 28.0934073949 27.742020388 28.0949407862 27.5045805486 27.7354141625 27.8015004988 27.6835676974 27.6645283578 27.7782026647 27.8189061888 28.1696758235 27.5043235419 27.5659538054 27.8421100145 27.687882644 27.7815841617 27.7121244689
