Spatial_Output/90% DEC/90DEC_0668.asc
NCOLS 155
NROWS 192
XLLCORNER 196769.923733
YLLCORNER 449719.875193
CELLSIZE 27.603701
NODATA_VALUE NaN
[rows 0 to 22 of 192, columns 53 to 105 of 155]
28.4044673312 27.5167709144 28.120941523 28.9208526642 25.7446014868 28.8497263788 28.7289331908 41.3356094381 39.4239908381 44.071159729 26.0620995785 0 0 0 0 0 0 0 0 0 0 0 0 0 0 0 0 0 0 0 0 0 0 0 0 0 0 0 0 0 0 0 0 0 0 0 0 0 0 0 0 0 0
26.9228476459 28.7108248121 25.6452522513 27.9766205083 26.6367643893 28.1434379965 28.7688428039 47.6789709151 38.2995666845 41.6181474435 28.131742129 26.2642175062 0 0 0 0 0 0 0 0 0 0 0 0 0 0 0 0 0 0 0 0 0 0 0 0 0 0 0 0 0 0 0 0 0 0 0 0 0 0 0 0 0
27.7812487503 29.0150199639 27.6255272728 25.1720953056 25.6403533993 28.9870856153 26.4322591569 40.126408993 39.8993408443 42.6126899631 28.7565631401 28.415130777 0 0 0 0 0 0 0 0 0 0 0 0 0 0 0 0 0 0 0 0 0 0 0 0 0 0 0 0 0 0 0 0 0 0 0 0 0 0 0 0 0
28.1755393604 27.191187412 27.7163286149 26.4338696345 28.937724324 25.6408106742 27.0929611255 28.4607491478 28.02240714 26.3709183813 28.0421897275 27.9766806925 25.3975043052 0 0 0 0 0 0 0 0 0 0 0 0 0 0 0 0 0 0 0 0 0 0 0 0 0 0 0 0 0 0 0 0 0 0 0 0 0 0 0 0
25.1329121274 25.9565063526 25.4096623045 26.550137337 28.9106514985 27.3610776126 26.16122211 28.0334391768 25.3507265784 27.7273140487 28.2164397902 26.1191476742 27.3215022472 28.530569791 28.1425611357 0 0 0 0 0 0 0 0 0 0 0 0 0 0 0 0 0 0 0 0 0 0 0 0 0 0 0 0 0 0 0 0 0 0 0 0 0 0
25.2864584088 29.0381764161 26.4960359323 25.0071832791 26.8469891109 28.316515102 26.5835205719 26.3431440648 28.7138770095 26.8275679109 25.9730528019 27.8224174606 28.6170823604 28.5516982553 25.1235241252 27.7199125559 0 0 0 0 0 0 0 0 0 0 0 0 0 0 0 0 0 0 0 0 0 0 0 0 0 0 0 0 0 0 0 0 0 0 0 0 0
27.8953307975 25.5536249305 26.3210425333 27.6852585842 27.7226750345 25.6160273452 25.4606628496 28.6672507189 25.2565908163 28.9579330811 28.7497816503 27.8309357016 25.6571467094 25.1495711668 25.1197364958 25.9393784852 29.2371376535 27.6739552739 0 0 0 0 0 0 0 0 0 0 0 0 0 0 0 0 0 0 0 0 0 0 0 0 0 0 0 0 0 0 0 0 0 0 0
27.8068931353 27.6380310822 27.9328827782 26.9430021057 28.5568977529 25.4177380707 25.9260743023 28.9841701042 25.2330813715 25.7762938759 26.4722336125 25.7796142571 28.435980447 25.11179377 25.9625021663 27.0230896218 28.6312567732 27.0164470876 28.7639750651 0 0 0 0 0 0 0 0 0 0 0 0 0 0 0 0 0 0 0 0 0 0 0 0 0 0 0 0 0 0 0 0 0 0
26.1753166782 28.4085702977 25.3970174358 28.3624038018 27.0669251961 28.596416016 28.2437688719 28.7434628507 27.6829599712 25.2689310231 27.1148212027 25.8275632491 28.6747870536 27.1453575682 27.3122646961 27.270880464 27.5462816314 27.9189622178 26.4171271258 26.9549210491 25.0147808006 0 0 0 0 0 0 0 0 0 0 0 0 0 0 0 0 0 0 0 0 0 0 0 0 0 0 0 0 0 0 0 0
25.4917106504 26.933907901 28.3134575313 26.5251396242 25.5308983407 26.9372312481 27.0882915636 25.3921797857 28.6297865627 27.8725217595 28.8066063822 26.8725197284 27.5420217444 26.2264014035 27.5566987904 28.2059565281 27.3516994019 27.3865753513 26.8779087321 26.503197132 27.3773436887 25.9857467878 28.2623112708 27.2507926949 0 0 0 0 0 0 0 0 0 0 0 0 0 0 0 0 0 0 0 0 0 0 0 0 0 0 0 0 0
28.3752376488 29.0104368803 28.5361055537 29.1209163091 25.114213006 25.9932369439 27.624826504 27.5960183812 27.9900422257 25.9624152268 27.0693140135 26.3353209169 27.2067542507 28.6182325165 25.1223955633 26.2260657292 27.7908063222 27.7183878525 28.5932261253 29.0663424309 28.5868883408 28.5667377644 29.2239110114 28.2409594251 27.080592176 25.7550364363 26.9199157577 26.1994251012 25.7610638332 0 0 0 0 0 0 0 0 0 0 0 0 0 0 0 0 0 0 0 27.3864800666 26.2541719246 26.5623660304 28.6949796035 25.29686461
25.0059692909 25.4641030195 28.647030652 27.3794339767 28.1535241654 27.4175631839 27.241272135 26.5606176766 28.7494852907 25.5602854049 27.2562736713 25.5920469647 26.7602552083 27.1968092495 25.8990687746 28.0117984321 26.3076437839 28.1409408379 28.4331472348 25.2266739377 28.0560984153 26.0298994605 27.908071474 26.4887831595 28.9493612435 26.5230338362 26.7897025132 26.8483202578 27.7123717676 27.2392313781 26.7722374085 0 0 0 0 0 0 28.7729319988 28.0365169077 25.9043310328 28.518368905 26.2230573465 0 0 0 0 0 0 26.3316333503 27.229118489 26.6662630157 29.2004931008 26.7102618784
25.1896623 25.7075207715 28.5243244904 26.1828364836 28.8614413294 26.2952196752 26.6787466259 26.4593755304 29.2327443569 28.0384640134 25.5092991778 28.199195506 28.918863337 27.6510848644 27.3256708724 27.5329158763 25.7743781199 29.2176394724 27.281897283 25.2060276645 27.7166532083 26.0824128312 29.181777898 27.6291076297 25.4367784425 26.5316942715 29.019212468 28.1960870329 28.1069793371 25.8817971714 25.6155471149 0 0 0 0 0 0 28.2818862991 26.266828546 27.4438431326 28.1580064965 26.9899152522 25.901680849 26.8834875306 26.4930895733 0 0 26.1569911791 25.2221923488 26.1560587506 29.2397587578 28.5816962507 27.4254631451
26.5696174547 25.7144758087 27.0212909939 28.3962993661 28.8792120937 27.0188429156 26.4382691579 29.1177324773 28.6975435418 27.0870665953 26.19333982 25.2137481027 28.6848879732 25.8785005102 25.6692132157 28.8697362609 25.1613924004 28.4661474516 25.9185618432 27.5951967219 28.4878605722 28.9033099698 28.0960757373 28.5460838822 28.6868196693 26.9198374441 28.2325445046 28.2175434692 25.8772428712 26.2374651044 25.3404967509 27.0810503401 29.1770596426 28.0690699026 26.1146559311 28.720674679 28.3249567763 28.4301840434 27.7507409511 29.1777357487 28.9134484543 26.7858880098 26.3876571016 26.9631434056 26.6891938957 27.1511651279 25.5455527098 27.9618671722 25.2892771617 27.4508285271 25.7976849865 28.1302594342 29.0166018126
25.4538226237 28.7354571762 26.7417545597 28.4929326061 26.5280009114 27.5638030229 26.9333399858 25.3931416653 27.7310898326 27.5436285255 25.249781921 25.7498031868 25.8447593252 27.2756617805 28.9676872986 26.1032361767 26.6444030595 27.2012245697 26.8003773895 27.566356754 28.5996373276 28.5785394465 27.9456360823 27.8686762387 27.4031575863 25.2839733944 29.1288764823 25.6287013691 26.5852501344 26.8459647597 26.6314315447 25.4896138962 28.7370558746 25.9319701499 27.0542059644 29.0444792981 25.9911899595 27.8064003965 28.2969746759 26.7719906084 26.3905940624 25.8437088416 28.066156287 28.64086927 27.3374066795 26.0788846318 26.4289021517 28.0821831141 26.4657385423 25.3673079857 25.4377211207 29.139303074 27.7959528719
26.8136903385 26.4673606312 26.3204784213 25.961021383 27.6139706846 28.5432002364 25.383813423 28.0515234156 26.7847237744 25.4210098642 26.0443653127 26.3328928246 27.0014916608 28.5055353973 26.2220268682 25.60656063 27.1186402899 28.3626519545 25.3600602834 26.1450090044 28.1570847259 28.8364061767 28.8873592433 27.4051305679 28.8309074981 28.871434196 28.8605497925 26.4207388176 27.6767110365 26.1547578116 27.6624952695 27.6278995776 26.2508836765 26.0567829462 28.7559921074 27.2704520587 26.0452303648 29.0177583795 26.0476324268 25.9226239557 28.7836112825 28.1812782819 27.8147618762 27.3522940269 28.5263228181 27.9848600787 28.6162663988 25.5232704773 28.0476028624 28.8675656972 29.1791125013 28.4290853785 26.510767721
29.0788574594 27.205987599 28.9512935514 26.9593241665 28.0080854011 28.9248678842 25.9599882899 26.6744923346 25.7315020242 26.1992124766 28.169027413 25.9903770193 26.0394272283 25.9956731706 25.2971019111 28.9802391838 25.032316781 29.0829369408 27.4385991602 28.1536749552 28.2480825882 26.9507492352 26.7873656922 25.739021994 28.3940719783 26.9869229028 25.6138544647 25.3541392841 28.5378993267 28.3738001769 25.9371082102 25.9540812228 26.7884914997 25.779463864 26.5441304125 26.6217281017 26.8793037782 26.7113291181 25.5646773596 26.8069829359 26.1672933102 29.012527335 27.394901851 28.5041311301 26.2405446872 25.4815153194 25.8635099232 27.3898798071 28.5787081267 26.5211968109 27.5396846481 25.5271251202 27.0625156837
27.758875843 25.2077446882 27.3106022783 26.6317228352 25.2090571444 27.3115892037 28.4220177037 26.9992164422 25.6610861412 27.0982062447 29.1661794919 29.1795364078 28.5590307758 28.9788424144 28.6048769601 25.7963333698 28.0037124495 25.1155339586 26.938186023 27.240261527 26.2885431632 28.3472177829 25.713761104 25.0725553132 26.1094053496 25.6721526428 26.8405075779 25.5929216063 27.8144225418 27.3488114657 28.1558353549 28.4663284634 28.5503714538 26.8365921719 28.8545021153 25.9630826048 29.0648761922 25.6100041166 25.1022891041 27.0469063396 27.761843596 26.8308753162 27.840771341 27.700767911 27.0289155676 26.0771091962 28.0056187817 26.3742972159 27.756880935 27.8086933073 28.8695340698 25.0677880683 26.3073703205
26.3490091254 28.9633369641 26.4651072633 26.5312862696 28.6540569306 25.0570603987 25.4094780978 26.9308425766 25.2393914199 28.5049448368 25.1390141974 28.2550699851 28.9107870236 28.0521612584 26.6118368739 25.5198525617 25.9993708705 27.6822362813 26.6775321361 27.7110765109 28.0500657209 28.1596538455 28.823576696 25.8226543673 29.0727875415 27.6345576779 25.8304607371 27.6037665334 25.5392422635 25.5169960951 27.278192634 26.6649423777 25.4951781052 28.0601760001 28.6419522502 28.1948397933 25.6943790853 25.5931453628 27.5553010004 25.6141112677 25.3325534805 25.3101124843 28.226894395 27.2628614644 25.8814287154 25.3583892278 27.2521519163 28.1467640514 25.4975243546 26.7712164716 26.6538889534 25.999247633 27.5699182142
25.9556279716 27.0527143405 28.3501890016 27.4325017605 27.3021303574 29.0737291518 29.006601735 27.8268674061 28.4359151753 26.7072573075 26.4017595022 27.3973401373 28.1482363515 27.1254923933 27.9974283955 25.2458376041 25.3389075143 29.2318441761 26.2665935038 29.0591487044 27.4819461353 28.1481783799 27.3394701454 26.3683417765 27.4556345201 26.8064372584 28.061356522 25.7095294487 25.5554655438 28.9099040913 25.0924778351 26.7612031675 26.7321210381 26.745455743 26.7069653658 27.368463343 25.3017901539 27.1451302107 29.0565263641 26.4695497442 27.9153487156 28.8725007454 26.2245452347 26.5067327358 27.7173667724 25.7779021278 28.3303971377 29.1921197264 27.6629881908 25.6214457427 28.6861847513 26.6581137989 26.5409069413
26.9396035521 27.3689150123 25.1934392714 25.1377772367 25.8900274476 26.1003889911 25.6368556735 25.6138860438 25.9502650934 25.9408321691 27.5978505443 25.252646393 27.1910907436 26.5201281554 26.289573665 27.7567721082 28.5869731215 26.3839912033 29.2356636194 28.4262133888 26.9103837755 26.0079904672 25.824826791 26.4200032973 28.7386537743 27.5971527295 25.9491539464 28.6369552055 25.4291322522 26.6359674661 27.3466979543 25.9818126317 27.2161631038 26.9286307258 26.0707475279 27.5438902227 28.8104476383 25.9586318279 26.5737533021 27.8120499774 28.3876082017 25.6804840429 26.947299662 27.9911316418 27.2199636783 25.7683187085 27.9637569277 29.1296482171 25.6973233104 26.6166150354 27.3164589745 27.1377695231 28.5988814254
25.3057878129 29.1662927868 25.9847934164 29.1500155935 25.0506386111 28.3066520225 26.9778157884 25.2770986475 26.1450172084 26.8352146269 26.2882576593 25.814829215 27.8447887824 28.770462146 26.4185677293 28.7965428258 25.2426516392 27.9818709688 27.6879420486 25.6584762338 28.8516420031 27.6287829468 27.1609344451 26.3549197246 28.6995550576 29.121789349 25.5940668052 26.8993735135 27.3006968945 25.5833537403 25.2213351506 25.868807916 25.1443033506 26.0767108746 26.201853617 25.1539831212 27.610401021 28.2134622735 28.1822086633 26.6781219703 25.9452132936 28.6237342251 29.0935953917 25.9570473097 25.971781595 26.7599495597 27.7295364955 25.5132302639 27.4349186437 27.732376385 26.627622196 25.04894816 25.2598343871
26.6275012691 26.9298938088 27.081162149 25.5004153102 26.6140103276 25.5602459781 28.0578762454 26.5850347444 27.944389069 26.1904526982 28.9059263451 25.2010842093 28.5385945352 25.3889608343 28.1741937712 26.2590233785 28.2938072847 28.8633620179 26.1673835717 25.8116117037 27.1148769489 28.1175690305 25.7084672611 27.0654035643 27.0346036058 26.7219859792 28.0065211213 28.2840737283 28.5052543462 26.7447111825 26.024391301 27.2901816284 27.2542941095 26.6887877614 27.3404641559 29.0600940849 27.5817555774 27.6156072674 26.3309830293 28.9690900099 27.558261628 26.4560774213 25.9671895627 29.0851827436 25.7718415423 27.6095293009 28.2431379741 25.6210475099 26.8917130394 29.0935433525 25.7001410563 28.3050694868 25.986936928
