Spatial_Output/90% DEC/90DEC_0301.asc
NCOLS 155
NROWS 192
XLLCORNER 196769.923733
YLLCORNER 449719.875193
CELLSIZE 27.603701
NODATA_VALUE NaN
[rows 0 to 22 of 192, columns 0 to 52 of 155]
0 0 0 0 0 0 0 0 0 0 0 0 0 0 0 0 0 0 0 0 0 0 0 0 0 0 0 0 0 0 0 0 0 0 0 0 0 0 0 0 0 0 0 0 0 0 36.2223687635 36.8497308064 37.0349012485 37.1434234384 36.3291630077 36.7503295141 36.3879428973
0 0 0 0 0 0 0 0 0 0 0 0 0 0 0 0 0 0 0 0 0 0 0 0 0 0 0 0 0 0 0 0 0 0 0 0 0 0 0 0 0 0 0 36.4422136083 36.6338502136 36.8281728284 36.8672083891 36.4463201471 37.1326359431 36.6734895185 36.7507729637 37.3973837681 36.2671301053
0 0 0 0 0 0 0 0 0 0 0 0 0 0 0 0 0 0 0 0 0 0 0 0 0 0 0 0 0 0 0 0 0 0 0 0 0 0 0 0 0 36.6226063767 36.2235762425 36.5443672191 37.0449601515 36.0273463673 37.312862876 36.8143302391 37.2650881501 36.5305203797 37.4081147065 37.2514561721 36.8579818143
0 0 0 0 0 0 0 0 0 0 0 0 0 0 0 0 0 0 0 0 0 0 0 0 0 0 0 0 0 0 0 0 0 0 0 0 0 0 0 37.0542263905 36.7557453425 36.5413729282 36.1215164643 36.7590321015 36.8905194371 36.2431752235 36.3404978031 36.4415402836 37.3929308148 36.1789861795 37.2954453505 36.556231105 37.174306964
0 0 0 0 0 0 0 0 0 0 0 0 0 0 0 0 0 0 0 0 0 0 0 0 0 0 0 0 0 0 0 0 0 0 0 0 0 36.9808437081 37.3242239984 36.5943019406 36.7954801714 36.3802762151 37.3941910558 37.1438247681 36.333559945 36.3931217175 36.9459195461 36.6100050459 36.2827620404 36.103156145 36.2309109677 36.8779313371 37.0534283397
0 0 0 0 0 0 0 0 0 0 0 0 0 0 0 0 0 0 0 0 0 0 0 0 0 0 0 0 0 0 0 0 0 0 36.3135131176 36.0706612034 36.6339241626 37.0528304762 37.1764520235 36.3210402512 36.7867435157 36.2472813406 37.3323695849 37.3062914685 36.9096005181 36.4586068985 37.1877787606 37.2796591067 37.3783953504 36.7491086504 36.2906317298 36.2406893671 36.8072857391
0 0 0 0 0 0 0 0 0 0 0 0 0 0 0 0 0 0 0 0 0 0 0 0 0 0 0 0 0 0 0 0 36.6350336351 36.5082554236 36.9740261593 36.6553304978 36.4106518148 37.0402738275 36.8640789632 36.9264026474 36.3960105284 37.2172560436 36.8368644587 37.195753292 36.3050790476 37.1807404546 36.7074707008 37.2361250487 36.1679967277 36.4178946162 36.6123607878 37.290762282 36.1637176162
0 0 0 0 0 0 0 0 0 0 0 0 37.3245382614 36.3615622715 37.1929651164 37.1434188303 36.4016816906 36.9093084767 37.0497257605 36.1986287589 36.7197116027 36.302472612 37.3223510346 36.964361294 36.7277933123 36.0384097587 36.6515388619 37.1001211299 36.8968701558 37.2870808725 37.2856253922 37.1205839992 37.2323731523 37.2834183182 36.9416089132 36.4467427994 37.0054953076 37.3280181143 36.119964068 37.2600494075 37.135853516 36.0534042993 37.2614021188 36.7560766218 37.0170936331 36.6870476883 36.1190745717 36.8633287177 36.2002961145 37.1614249823 36.1517283301 37.3064995108 36.1296161071
0 0 0 0 0 0 0 0 0 72.3761565738 74.0381461514 81.4109483969 36.5857594061 36.5733999134 37.0725994632 37.2734056069 36.7834364259 36.8564929719 36.5497157841 37.3056497014 36.7794777096 36.0929120129 36.3563583429 37.1493564287 37.3832287075 37.0468248256 36.2333847516 36.0493347106 37.2471382346 37.2864969063 36.1625112916 37.3920864071 36.9486942912 36.9072526288 36.3831017703 36.4367417668 36.9319337057 36.1132200226 36.2143557075 37.174789907 36.3055048958 37.1421646067 36.975525683 36.2822243446 37.3444710823 36.9851861076 37.2199289078 36.4267715084 36.1433813979 36.5666916909 36.8429971058 36.3161299916 36.1846770451
0 0 0 0 0 0 0 0 0 75.0531042132 83.745547171 70.8499262017 36.9586238515 37.3871245196 36.9428853406 36.9718596906 36.2563203261 36.4645097605 36.3134990597 37.3524033458 37.3441091211 36.536172431 36.156294854 37.2854961599 37.1523711749 36.0658043997 37.2259851576 36.6686840069 36.5215720443 36.7011420174 37.0641626106 37.2535863595 37.1910666127 36.5955993991 37.1318807138 36.8008257957 36.0075972783 36.9232941946 36.9461522134 36.2516126526 36.2014231198 36.566940403 36.2639363457 37.3622937331 37.279869926 36.6400595645 37.0321742262 37.1274429173 36.3349138469 36.7385211416 37.2284027334 36.9674684139 37.2984633494
0 0 0 0 0 0 0 0 0 77.3740012032 80.8459255435 67.4677997124 36.6113141821 36.8382120667 36.7691388647 37.1972631899 36.7738076911 37.0249387713 36.5831160039 37.2624281222 36.5299949046 36.484267065 36.1302448365 36.4018253848 37.0014388846 36.2525019129 36.6920139165 36.0256015103 37.2890651073 36.8885828044 37.086652132 36.182711789 36.5494149334 36.7239957538 37.0044525584 36.5838659372 37.3200682608 37.1239325699 36.7950505667 36.6452651164 36.6546285936 37.142001847 36.7156748866 36.8742760803 37.2543445441 37.0453694062 36.5661295945 36.5334599522 36.9795288887 36.0521978936 36.8907931068 36.9102805382 36.449949204
0 0 0 0 0 0 0 0 37.3851074476 37.1245723416 37.2849424065 36.7381734794 36.0609140766 36.6080083363 37.4051578668 36.8865632189 36.7302585276 36.8779810471 36.280961569 37.3629113562 37.2132957263 36.0542108872 36.3856214076 36.2283923479 36.4975653896 36.0559809609 37.149866455 36.3140323848 37.1332207788 36.7950704001 36.3213926677 36.2418115911 36.8450708919 36.5107435936 37.298197325 36.3675573854 36.2914384883 36.2342792647 37.2494801328 36.3095046206 36.9210424034 36.9579600944 36.540652171 37.3374569742 37.1505654019 37.2071618456 36.1065308145 37.2971834605 36.8971279985 36.0200811561 36.462678812 37.2112179578 36.97213111
0 0 0 0 0 0 0 0 36.7935275848 36.6617383733 36.0622845765 36.5151812174 36.8437647585 36.2183448455 36.5981024533 36.4850639501 36.062972968 37.1576302394 36.5362797359 36.2677183072 36.2325610682 36.2834298479 36.8328804523 36.9089504661 36.4606546342 36.5511834868 36.4636817604 36.5444451669 36.4771486274 36.9935408799 36.2745599417 37.3809093607 37.0133596068 37.0549756987 37.0958578684 36.7604340935 36.4988371326 37.0212112016 36.2763010643 36.2209922834 37.0804201211 36.2729428653 36.641953104 36.7220205894 36.828681674 36.6179594487 37.0154125533 36.3356294155 37.1548667796 36.2683173991 36.7611045832 37.2815890699 36.2429645613
0 0 0 0 0 78.7113722116 79.8807801274 74.9137717454 36.0587688929 36.07593055 37.1072264582 37.3572275868 36.3837187651 36.5812453856 36.6739725155 37.2400604192 36.4772251251 37.2281222426 36.511276235 37.3147770071 37.1821003096 36.5152636264 37.272402757 36.757775765 36.7166668289 37.3805023235 36.5220644733 37.0650608074 37.056319734 36.6850287014 36.2725688138 37.2156092069 36.7187178535 37.1066111387 36.5270108423 36.5799181428 36.7807124146 37.2433916435 37.0119845518 36.732821907 37.3327542799 36.9214571641 36.4521606969 36.4827466568 37.0953410869 37.3920818593 37.1254118089 37.1901250982 36.1404877928 36.455778116 36.2424960006 36.6077958782 37.3070905374
0 0 0 0 0 72.4057250542 74.1174283519 68.8487900515 36.4143263689 36.4416025622 36.597446554 36.060844481 37.2578928524 36.9820699351 37.3493120778 36.5414148932 37.1535528662 37.0850838958 36.5724322291 36.0239426155 36.6747427059 36.9597136975 36.1045648288 36.7933541201 36.132283759 37.2021272361 37.3481189488 36.4068204594 37.1644101146 37.2169119647 36.4842162172 37.2456667196 36.8478938954 36.0235678255 37.3469579735 36.7693739615 36.826407434 36.2582919038 37.0467967703 37.239059511 37.1409038673 36.7013222914 36.6183724597 36.2076485291 36.8548130719 36.2866138648 37.2693577421 36.0054563461 36.1310484955 36.8468179555 37.4054664149 37.3643350603 36.5377813475
0 0 0 0 36.2579301638 69.635149314 69.0579636871 73.305301016 36.1573274455 37.411397066 36.0528995545 36.2321426043 36.1473955569 37.2931789296 37.2276274535 37.0692678021 37.2966778507 36.9676020013 36.1063554897 36.7892741958 36.6582674441 36.931482152 37.4141904033 36.1161587458 36.8434732741 37.0719631378 36.9827257742 36.3157230922 36.3761155128 36.5675482812 37.1381557119 36.9735306338 37.1778846573 36.7022051114 37.2287856384 36.1234583318 36.4777436155 36.6300587123 36.3055453778 37.0236476203 37.3710932741 36.0062364968 37.3442637498 36.6471334132 36.6022311103 36.6709174344 36.5402164782 37.2638603267 37.2706498887 36.0268421163 37.1892415222 36.5959157949 37.3691580309
0 0 0 36.9522794468 36.4000885752 36.9273107615 36.6902846716 36.1873083125 36.2059736443 36.8866256844 36.0328994827 36.6045446812 36.4597275074 36.7659673673 36.4278031655 36.2031481696 36.1320765063 37.1524929421 36.6798559016 36.4441003286 36.2960926289 36.7719460474 36.6957776665 36.8060710447 36.4002751112 36.1122133661 36.4651238238 37.3347306036 36.4573016579 36.4058828168 37.3114237213 36.8645769412 37.0608273411 36.5443086612 36.0387264182 36.7865151743 37.3433347589 36.1192989701 37.1618847341 36.7189619985 37.2658879681 36.6246521791 36.3364171844 37.0459946794 36.7995257913 37.2405700755 37.3503880406 36.930835515 36.1383458149 37.3887723949 37.0063782531 37.048376704 36.2743632105
0 0 36.5166607203 37.1587066799 37.2190676018 36.3578037838 36.9454162126 36.1809460474 37.3950631853 36.2929594498 36.334613783 37.3473343307 37.0325634042 36.3408881076 36.5298605351 37.2984532142 36.8944058379 36.7319124537 36.2737036819 37.1614486287 36.2235593536 37.1923660405 37.4049879715 36.0983942596 36.7756742428 37.02497563 36.9058690062 36.8644692223 36.8947682643 36.6740723201 37.3862101987 36.7062179479 36.8521292527 36.5435734079 37.2290095673 36.0898745564 36.6763495181 36.7572103807 36.440100075 36.5150015423 36.8350010965 36.7687409402 36.0165257679 36.5984149273 37.2582498104 36.1874836442 36.4376022543 36.8732175448 37.29526347 36.2881098972 36.9994639342 36.4798278487 36.0107835165
0 0 36.0283348515 36.7006436015 36.1464022847 36.0359137101 36.9232050219 37.0471868784 36.7747952336 36.8392676311 37.2060504675 37.3502991424 37.3257046565 37.2552181541 36.3849449671 37.2382737419 36.3950930456 36.7394441674 37.2296399084 37.087638563 37.345919655 36.5737212855 36.8350909737 37.1178645199 36.625973511 36.8592234299 36.2068471575 36.9436156411 36.3799590015 36.1443523888 37.3968228017 37.1988435004 36.9405243863 36.9070053254 37.2672525495 37.2487284317 36.8625385994 36.3029372939 36.1779861413 36.2807384799 37.1907139402 36.1006647666 36.5632362672 36.9524883199 36.4397912534 37.2544095937 36.290666242 36.7485345052 36.249556811 37.2853050709 36.9005417147 36.8281845845 36.801061944
0 0 36.6168712536 36.9750921712 36.7176475158 36.318475292 36.0754357968 36.4873739659 36.0664594182 36.244466743 37.1815940056 36.9557303681 36.4757406108 37.0007273615 36.7102259723 37.0534301 36.5789211175 37.1197244537 37.2613212763 37.3489228773 36.4473359937 37.1382898678 36.0061116134 36.7650238687 36.5133945011 36.8977055633 36.8043036494 37.2478297802 36.775385699 36.9554543135 37.2607292268 36.4603045281 36.9312198729 36.2860360925 37.131828461 36.3726870278 36.038352747 37.3843374737 36.2852606271 36.8970832486 37.2688933499 37.1497975698 37.1649569992 37.0320386623 36.5278835781 37.2974530937 36.0063273256 36.2237280625 37.0041685325 36.8316801902 36.368436983 36.2674521893 36.0852316153
0 0 37.3939902328 36.2640863197 37.1595775303 37.3286324446 36.083379525 37.3275097003 36.2751794983 37.0709864035 36.0323305018 36.786162464 36.2234734558 36.9604964924 36.8665462081 36.2600356378 37.072770752 36.3917509247 37.1239794037 36.2564058326 36.4010167208 36.1685091181 36.161910352 36.7493676573 36.8615470992 36.1776527984 36.5835269359 36.622935977 36.0963561311 37.1029353699 37.3313273398 36.1054022765 36.0646032835 36.3105682388 36.5250317661 36.5070225512 36.1045309187 37.3864056409 36.707402268 36.2366243872 36.0308664895 36.7441310147 36.328031298 37.1260118757 36.4307464478 36.310091647 36.9819289532 37.0540175399 37.2799962996 36.9440060872 37.1855019805 37.2558481993 37.1369203876
0 0 36.9375940473 36.9636569151 36.4394744104 36.1442071169 36.291976716 36.6976248146 36.7521199495 37.1053044406 36.679266754 36.0004546451 36.1250843254 36.4369850563 37.2363246806 36.6265898466 37.1141215322 36.942873473 36.7713239521 36.3221832911 36.0379693924 37.3837198873 36.059157765 37.3154173261 36.2470884475 36.8032863933 36.5057961003 36.2435482754 36.1649452679 37.1415584402 37.3871161067 36.5696203099 36.1738137811 36.7454225468 36.4259504598 36.8670958944 37.3485336964 36.3456181602 37.3456369623 36.7623994063 36.981989119 36.3644536661 36.97751417 37.0945760201 36.1504214564 36.3316486307 36.6712473871 37.3133304541 37.1562738778 37.1068312128 36.225110683 37.1997923298 37.2322347545
0 0 37.3466859857 36.5908148778 36.5652756211 36.975814325 36.3243105203 36.4586935958 37.3939816758 36.1656648472 36.2781666203 36.7273876953 36.6303298604 36.6415599833 37.0116964322 36.036877116 37.2889677704 36.0271423673 36.7704815355 36.7688424072 36.2799336162 36.7019750091 36.0865901165 36.6396506426 36.8844380507 36.0713077484 37.1660642076 37.0496763353 37.3289593425 36.6464194301 36.5629693576 36.5888202633 36.7796887329 36.9000322139 37.2991253248 36.0263600939 36.4850281921 37.0593356781 36.8937340527 36.4236868523 37.1246251144 36.6064421994 36.4438545419 36.3565958418 36.6483748018 36.4965100963 37.1665134223 37.2932226609 37.2498116037 36.5194558524 36.5018555651 36.9809021372 36.3737463874
