Spatial_Output/90% DEC/90DEC_0780.asc
NCOLS 155
NROWS 192
XLLCORNER 196769.923733
YLLCORNER 449719.875193
CELLSIZE 27.603701
NODATA_VALUE NaN
[rows 92 to 114 of 192, columns 53 to 105 of 155]
25.7062625191 25.6776638585 24.4631913241 26.7577115337 26.8405482554 25.7044969827 24.949755733 26.2319740639 23.7747090716 26.121533757 23.1862381681 25.8032558445 23.225985903 26.1382698112 25.2568023321 26.8265397166 25.0751291986 24.039289759 24.2966732479 23.4753700924 26.1034218929 23.9132008377 25.155999822 26.0884226124 24.4601039187 26.3506138703 24.3775807925 25.9528109038 26.2358326138 26.1637082009 23.9562056464 23.5384334535 23.2742605052 24.8263228919 24.8882793951 25.005687515 26.619659927 23.5918910256 26.4529157107 24.3738393493 23.5688963781 24.7009199715 26.7103815855 26.7921113972 23.9049742399 26.2299907402 24.0063939526 24.5849563938 25.0589527944 23.8729130041 26.0563984449 25.3768182154 25.0256342907
23.9029924372 23.323113433 24.4207786613 25.6077433471 25.8387674843 26.0600540532 26.2605964637 23.1026015602 25.5242526129 23.8735968789 23.131472765 26.2252872058 26.6244716317 23.6203468677 26.91414478 26.8254593931 23.0004937186 23.8943399254 25.1023473336 26.0848122167 23.354217385 26.5718267661 26.3166991299 26.338828114 25.2056140919 23.8918354706 24.6496752144 23.680252532 26.2018123957 25.4575676129 26.4780532742 25.9926521081 25.3433938269 25.345533098 25.4291380033 23.2689301543 24.9178459272 27.2407012148 25.2133951419 24.0097231279 23.7331170918 26.829985167 24.8518809171 25.2051121746 25.6569967839 24.475760096 25.1028468295 23.0989357021 26.6966715209 25.6537168964 24.0017213194 23.5269905573 23.5753036107
26.2566768738 23.3766951544 25.5247621407 25.8091039438 23.4410083302 25.2088654446 25.522257147 26.6165433578 23.9797534902 25.3647984223 23.7153365822 26.1442244723 24.4276409484 25.6575555972 23.2486701568 24.6565254641 25.5064525262 26.5970114372 24.2487466042 25.069053196 23.375312317 25.0644583793 24.5695721553 26.8124115645 23.3746753148 23.5025721686 24.4168376101 24.9215809491 26.2746361502 26.761376587 26.4169083643 26.8399358016 25.262792094 25.2668242989 26.0351261605 24.9752410277 23.0788476709 25.2455009017 23.5721523495 25.0393080093 26.3912766604 23.6009682088 26.5189819375 26.1856105191 26.9936925377 26.4340630064 23.1601594208 25.3614785821 24.3704319621 25.5062468738 25.1597106829 25.3687577593 26.9557163651
26.8461510291 24.804664445 25.2139964335 25.4233195121 25.8049061373 25.0149107425 24.2407345982 27.0766780118 26.1504733985 23.6984263528 26.0767818152 27.0180968942 26.7274047813 25.4761928897 26.0759042002 26.1615566084 24.763734781 27.1520706389 26.6590708234 25.9587379351 24.8382044087 23.6376390952 23.2501873755 24.0651517831 23.2161432656 26.1550552126 25.2625868256 24.7366175509 23.9971612776 24.0420761851 24.9024043292 26.9169946736 26.6839741542 25.2333313454 26.0804148393 26.9982288627 23.1429536653 25.6491545215 25.1490200739 24.4254203439 27.1324344785 27.0532693474 26.476439393 23.6109826878 26.5714760746 23.969965128 24.3190301215 23.7327939133 26.6852024525 25.0782094227 26.1916590412 23.0993592531 25.1111034287
26.7984792038 25.2988423577 25.4787224118 24.0353179932 24.4677841534 26.4362642399 25.2787087144 26.7612985743 25.2119733341 23.9348653339 26.6060335854 23.683771935 24.8362631203 24.3258442484 23.3932764373 26.858415578 25.0045801024 23.3341704515 24.4457427458 23.5040476471 23.8118553134 23.2034675671 23.5474821379 24.5131524325 60.324297421 60.2729981581 26.7033118115 23.5208918729 26.912029198 25.693964504 26.9873954889 23.6562353982 26.679654067 26.8970300585 25.454326718 25.6043845329 26.9432153147 23.4436997985 23.3868780867 24.2813909373 23.884812126 24.1631875064 24.4713191561 25.2079838492 25.8920084179 23.71770771 24.793081977 27.113138094 26.2098751911 26.3754088962 25.2393334021 23.8853708273 23.3663365231
23.6031746464 25.8947072064 26.6165829323 23.2233204323 27.17025327 25.8232614485 26.3130813965 23.2496585597 25.7149785176 26.8925959573 25.6620458856 23.2182249856 23.0182338249 25.0062454079 23.0499744372 23.4002964187 26.9510143165 23.1899369593 26.2947026936 26.2079159896 25.5902168154 25.519018422 23.2294638358 26.1530874338 60.324297421 23.9399362078 24.8133445938 24.4276143011 23.668221215 26.2380269986 23.2607000305 25.9370077553 23.2149353508 26.9554994091 26.3615761627 24.6673941423 24.7037620736 23.7969196302 27.0643155361 26.7777278156 23.1652813369 26.5966618819 25.1628311676 23.7873403936 26.8290508556 25.8596050709 24.4641706222 24.3426845397 23.5957656976 26.8747769782 25.5028097209 24.2532103349 27.0445967716
27.1975073598 24.757256288 25.849250897 23.2708195958 24.1876077201 25.174937549 24.988053105 23.2635758019 24.0296880235 25.5828409407 23.9032953824 25.3206829809 25.4440201443 25.7209610687 27.1885244568 26.99948397 27.0783199268 24.7435571498 23.8559133912 23.4517258589 25.3330388401 25.2860384991 23.9839217291 26.7800915314 26.393950018 60.324297421 25.9383075379 24.3402996924 26.9841558994 26.6543157734 23.2441156352 26.1974736852 23.3810461411 24.8929826227 23.0851716906 25.7088458198 26.2974981064 25.9820294649 24.9396306763 24.2238753873 26.078306247 24.4040939445 25.9161589572 24.9152113168 24.2169661218 23.06084389 24.598107779 26.0047115374 24.2697177142 24.5119435515 24.7665019867 23.6749820349 24.6498059917
26.992882222 23.9612683021 24.4835593591 25.408134914 27.0642748216 25.9161647889 25.7064243726 26.5485354309 23.4978747747 24.7893139308 26.3513984129 26.7681145661 25.5609842791 25.1645272563 25.5555133112 25.8027002955 24.3195477918 24.7788111296 27.1320908357 24.2521625362 23.0876374889 24.9580283606 25.7312775316 26.1045976892 24.7913210086 23.9568618305 24.0113207382 23.4742645607 25.423615955 25.7039577421 24.0155309508 23.2585903871 24.2105952865 25.7417106952 24.4611834267 26.9599390814 24.9442023136 25.7643624795 23.4819948057 26.4837638879 24.6799560033 23.384325162 26.6222292277 24.4973555509 24.9753286788 24.1840170557 23.0765179101 24.9811349958 26.0267924431 27.211604499 24.5067232965 26.012657229 23.6035533716
23.4150327813 23.6933140983 24.1263654073 24.2750279537 25.2276470297 25.6784637634 24.2048780343 23.9157991444 24.8331853366 24.1353110286 23.5416084791 26.5392366225 23.8848594201 25.8616860013 23.3953366205 23.779164973 26.3278378352 23.3727628428 26.1529675903 27.2082676001 26.6545353013 24.7939335228 25.0024606992 24.8794682597 26.375709043 23.9287671995 23.8626241201 26.4551559978 25.7099897931 24.1111352494 26.0399501532 23.3059895772 25.3158033472 23.1560305064 26.2144466825 27.2425835037 24.2386634055 26.4620816918 23.2764476768 25.5932065237 23.8770517921 24.7654476046 24.9656795754 24.2451078125 26.3783719478 25.1056836413 26.5428365716 26.0987774934 24.8360610559 24.2955881702 23.5537123213 24.8681035894 23.3582352955
26.8174987447 25.8778903226 25.3734389945 26.8698177756 25.6353307372 24.8371421204 24.9361371595 23.8791574674 26.2224454472 24.7196890894 24.4217042394 26.0816125525 23.8438603314 23.4616623117 24.7015564133 25.9799319748 25.4434530057 23.7309677261 26.4615013642 25.2317044768 23.4094468444 24.7981799012 24.222728548 23.5547363501 26.7383516152 26.4041524731 26.5553412407 25.1442451454 23.7886616921 24.5040939103 24.5949214865 23.9981686214 27.0027065785 25.1972814273 25.9569710917 26.1365986593 26.2329460317 23.6144990587 26.8038534815 23.4581980917 25.4753053983 24.5239516061 24.4094480999 25.1411193869 23.9319641857 25.6816604407 25.885905871 24.4080907118 26.6355492971 26.814282972 24.8339893833 26.1718060102 23.164737444
25.7621189062 24.5244195539 24.4253576693 27.1212639959 24.4368254568 24.9692319677 25.1581670573 26.7195524028 25.5903252453 25.3195619155 26.4402801644 27.0867769274 26.1121885913 24.7719371188 23.3391814178 23.9538689883 26.8997484494 24.4301689554 25.3743279269 26.0374920706 24.9212270945 26.3232814559 26.7887513677 24.8877932906 25.1378287951 23.1708843892 25.3614242948 26.7765538269 23.0443519136 24.2007613398 24.4606676613 24.8141762806 25.3824425783 23.1415396204 24.0314054243 23.7017499343 23.2667278456 25.7649166326 25.7000416315 23.310922954 23.2862744616 27.1693633599 25.4305937381 25.0186344714 23.6276132688 25.258187517 25.1265181177 26.1093358989 25.0041784519 24.3985071031 25.6418113365 24.1598578023 24.8226445844
25.5602139095 23.9947582022 23.1824202533 24.8422960911 23.1854072185 26.4566473973 25.3842262787 24.8463332829 24.4384546001 24.982263652 23.7369668092 26.734236008 25.8708470294 26.8712768975 24.0393311761 26.8997181298 25.0579487506 25.2485325707 24.2407415013 23.5187151983 26.3108923035 26.2206911516 26.005252803 25.9893252222 24.0816313735 26.0570279252 24.5669716442 25.1854675459 24.4246446251 24.8944519585 26.1070967777 25.4081051105 26.2977260335 26.009852781 24.2077400783 24.7327098545 25.2289713958 26.6745827928 26.9657443317 25.2875734504 24.8891316817 26.4430394715 26.5164971671 26.8722334929 23.2544823491 26.8210541571 25.6312242276 24.0560825889 23.1903983547 24.6988224282 26.8024282404 23.6455206212 26.4746589792
26.8461857149 24.0959585562 24.5265130645 26.6705881486 23.884986648 24.7987450702 26.2511627135 24.1919131438 25.1304771604 24.1144554628 24.0947882005 26.7195659996 26.5443051325 23.1297538747 24.7479663683 25.5111212989 25.9704336956 24.1405151385 27.1361511934 23.1634347997 24.2843392462 23.3739148731 23.3122866496 23.8946380845 25.2165241628 25.5311795246 23.1192408676 23.9547461163 24.9736869681 24.8178881397 23.3158524593 26.3655644817 24.6345239869 24.8675953776 24.8780365338 26.6894888084 23.5116909763 25.0530299626 26.6323600018 26.7403671708 23.1980719322 24.5830011653 24.7957392067 25.9581652434 25.004498722 23.90270967 23.3115692861 26.2875308547 27.1759995279 23.901297845 26.0842991852 23.7706897087 25.2527577256
24.2878766148 26.1323170404 24.6471634184 23.4715972409 25.1199994181 23.144276715 24.5264395224 26.63692556 24.5031369762 27.1679434629 24.0476261075 26.3231395758 26.1624104199 25.3569020377 26.0749506889 24.6971777956 25.2837813021 24.1614421818 23.8305723702 24.8898128611 25.9668804979 23.2558224794 24.1091267484 25.7868071974 23.1568539501 24.047447193 24.5659179128 24.9722216909 24.2795185824 25.698977887 24.6134834199 25.6691204016 26.4059941711 26.6850478749 27.1786111644 26.1639467521 25.091652022 26.4714389739 24.6225265601 26.8489171607 25.1362262715 26.6947612505 25.2368294916 23.2046704213 23.5545219537 26.3108357494 24.6697623909 25.3162532838 24.1805007423 24.1824705652 26.9716468853 26.0166389092 26.5903004138
24.3038385077 25.2372462197 25.2896649107 23.948241079 26.6380416341 24.0766470657 25.3574704764 27.2333517853 26.5917530669 23.7220467535 24.3224529055 24.5412541526 24.4942409216 26.7584843645 24.165973576 25.0210403657 26.4561972101 26.4375417214 25.327191262 25.5406489282 25.2064715817 26.9173999427 24.5514260978 24.1465845133 24.5237212168 27.1889198445 25.3370715148 23.4017630824 25.4402024084 25.3693562908 26.1013895653 25.4698875181 25.5953311755 23.0345608265 24.9022102777 25.2063384768 24.9103013617 25.0309130855 23.2091702999 26.6304027496 23.0712615357 25.3490656891 24.2533406997 24.1782861916 24.0773842218 23.4321699951 25.8952000571 23.0422931176 23.6452352763 24.0406394414 23.2704327717 24.4027336243 24.766944136
25.4518391086 25.693091638 26.4952415023 25.4121238505 25.9255270031 23.1697112208 26.9868183755 24.1394726387 23.9275639672 23.0598352062 25.1880158848 25.9946260757 23.051281186 24.2806863053 26.5518209994 23.984806901 23.5007689264 27.2208825634 25.2874785461 25.6677492148 26.5666412879 24.6570710369 23.2807918701 24.689493167 23.0693813814 23.5059661962 23.3845667673 27.1645756145 24.9928962364 24.1860958874 26.9567110138 24.0983380457 25.9622025937 26.3379354884 24.4007334448 23.9969211111 26.2511911613 26.9491559811 25.3538914693 24.2753816755 24.1251476055 23.1526960303 25.371799994 26.5961088299 27.0005226136 25.9671274198 23.3769756974 23.8457393515 24.0593761055 24.1906405452 23.7072371337 23.4434869139 23.6653857252
25.7267904914 24.36323575 26.1836719091 26.2805071708 25.3686714418 24.2581042143 27.1228968784 26.0097350635 24.4466080877 26.6823838626 25.7459182565 25.1099339899 25.5986867891 23.5346159194 25.8986399398 26.8229674117 23.6568444099 23.3232185018 25.0479097766 25.1133785096 25.4519800979 25.4801487252 24.2886540084 24.7648278285 25.7797984158 23.9411747071 24.1063905598 25.709909352 26.2147814431 27.1508674005 24.507019543 24.7862679944 23.5539487291 23.5548208021 25.0943960135 24.3798763662 23.6984925794 25.0710414508 23.2679731231 24.3541105624 23.8090766076 25.223766384 26.1456090531 25.1951774273 26.1652031916 25.9672029066 25.7034449134 24.1318908278 25.1785345077 26.1013825694 23.0850940519 24.6364191433 24.0930164629
23.2664937458 26.2389622044 23.9422037377 27.0970373053 23.6426399114 26.2754985752 24.6239787657 23.1717563769 23.7352152128 24.5085533136 23.1053503461 24.8491915 26.3169860182 25.0815933921 23.8673155496 24.451063052 24.8442538792 26.6395558435 24.7795278003 23.0337015559 26.4302420744 25.8688726097 23.3694338877 25.8111706783 26.3145088975 25.3573574829 23.3331983789 24.5586545957 25.2507246015 26.9509156809 23.1021374439 23.6464781377 26.5879492444 27.0476864201 24.8895136192 24.2569569458 23.0480641991 27.0976616832 26.083756973 25.1780634203 24.1403737034 25.0364255549 24.6353987252 23.4408654736 23.4533454295 26.3562893771 23.7859517073 23.8098738419 26.1751199871 26.88766294 24.8501345016 27.1344901519 24.3414205989
27.1061996994 26.4411315903 26.9902607633 26.1951486382 24.5526464079 24.056986269 23.1363124118 26.2303415109 25.9936815887 26.047734496 25.9976833269 26.1586012784 25.2225273759 26.8253194027 24.9134813231 27.0038988989 25.7521724544 23.2495741143 24.1450113528 26.3888488225 24.8294997922 24.2564412267 27.0091588642 23.5803834229 26.6677152073 26.0957209219 26.7790090327 24.4046623648 24.8517229958 26.9475500491 25.0620882524 23.9841984537 26.2634800705 25.3256031915 24.8846012004 26.625168539 25.5562997534 25.2190339317 24.9300061329 24.2656846972 24.895908615 24.6393140469 25.7778859129 26.5888121923 24.0068605758 25.0173848648 23.4168458677 26.3185725736 24.3824824619 24.3666097191 23.3824988439 26.4075664472 24.2363829884
26.9400931754 26.0106517534 23.119106996 23.685140047 24.5553030764 25.5082495662 24.3626216532 25.2073767502 24.3824457137 26.5247746409 23.653193483 25.3489375801 23.3097567157 23.7615293693 25.1747288204 25.4847418975 23.6128983801 25.307645509 23.9035866329 24.0959537112 23.5410409426 26.1627038669 25.9112769345 24.9584788318 25.5962872911 25.3543065551 27.0646494137 24.7660999278 26.808168135 27.1845557695 23.7586334458 25.355015891 26.3205586741 26.2984973717 23.2067194508 24.0317055462 26.7433984037 25.8920146786 24.7274878197 25.9334160907 26.3987907982 26.3475762503 25.9689831262 24.1981679636 24.0873042488 23.6793792314 24.2006813832 26.3447182364 23.4379186004 26.1814077689 25.7179997641 26.8072813931 27.1815507663
23.3192984374 23.6747072465 24.7073456581 23.9647971185 24.6829788288 26.2974431325 24.8035069588 23.5770503279 23.0491704439 25.6650350782 26.9635390868 25.9192830701 23.2928190055 27.1859850318 24.7831037362 23.3435803626 27.1502524028 24.4614989232 23.0058945611 24.9769074096 25.5975899825 24.5060393987 26.9286145891 23.2465757805 26.5933804637 27.1675524407 23.8273506218 25.741885743 24.5117820916 26.2883864674 24.2927316669 25.1380492325 26.7789056147 25.7907852786 25.6644614931 25.5302776672 25.0160837303 23.6714615721 24.7237184352 24.9744021964 23.5144519285 25.2855052578 25.266272288 27.017568247 23.6114581084 24.2986050038 24.5318544911 24.5839734138 23.6267591167 26.4847155147 26.0405195855 24.7743386027 26.3743056874
25.478498917 23.5269352944 23.5994583392 26.0557182924 25.0702839259 24.2416645623 24.8197901606 26.8277991302 26.9309528762 23.1226142534 26.7096515992 26.3216857052 26.5883486912 23.4220446207 26.0357430522 24.444079322 23.6716517662 23.9974066465 23.5181601757 24.6904532349 24.200674107 24.9626945915 25.360274672 26.6949919449 49.3174640045 49.3174640045 23.7887576584 24.448050854 23.8212306151 26.2973517182 26.1550826739 23.8719597476 23.0486925415 23.270392249 26.6265506724 26.4177709119 24.638328726 24.6067905278 24.8034689722 24.1975249488 25.9224289313 27.1276557603 26.9469376751 23.1135687238 24.2622442547 25.3787339369 23.9236567434 23.2618775381 23.126826797 25.8833098579 24.4168073959 23.7797118562 25.0434733474
26.9474943557 23.8912586148 26.7031027965 26.4119192499 25.0264362946 24.8901572177 23.9900166982 23.2300721367 26.4350572539 26.6886487125 23.368379206 26.1679642816 25.7440039426 27.2112121322 26.8863856527 24.2408721855 23.4255543688 23.5794740941 23.3511457694 24.6663022608 24.1596084183 26.1827702334 24.8444760586 26.8253617926 23.568027756 23.3802808238 23.8741269584 23.8541575397 25.8098160361 25.8545984947 27.046594344 26.2266847742 24.1337140721 25.5741239889 26.5219087356 26.0108468262 24.9823993474 23.5546775088 23.7729259872 26.2632366343 25.4960400776 26.4804039231 23.0864707235 26.4429576093 26.7164126104 23.9196700528 23.905344189 24.0544149707 25.7462959356 26.6727186425 27.0570191444 24.44662791 25.6139686887
