Spatial_Output/90% DEC/90DEC_0734.asc
NCOLS 155
NROWS 192
XLLCORNER 196769.923733
YLLCORNER 449719.875193
CELLSIZE 27.603701
NODATA_VALUE NaN
[rows 69 to 91 of 192, columns 53 to 105 of 155]
26.4401042714 25.1999858302 25.5361046924 26.1963616322 23.3288252173 25.5280030465 26.3935421261 23.3387825327 25.2890764607 25.5075557641 27.0259874958 26.3188867557 23.7934151138 24.1321874313 24.3829879926 23.028805121 25.2818369681 27.1592317177 26.0802914327 23.3650196769 25.0764954091 26.6304473843 23.0162680805 26.1715727465 25.2816754598 27.1428920925 26.4539487401 23.7194195538 26.1691023429 25.8271938251 26.3211639685 24.2817313149 25.0933481927 25.3647709091 23.5557012964 26.1551725684 23.417517678 23.7131506719 25.4765239888 24.3955076149 24.4429273381 26.5638987541 25.2929858982 23.2806226827 23.2030986243 23.2426709361 23.3550026275 23.8265349632 26.6797190298 24.6113867044 24.9003841019 26.4436423259 25.5928392268
23.9088695087 26.960107887 26.2116057431 25.9326937279 24.4062246149 25.3624440113 25.2525272221 24.0149780194 25.7837884765 24.2585272027 24.8356303186 24.4865808701 24.9368035215 24.5871959525 26.7473558058 27.2265872341 23.8574130829 23.4769184426 23.0053872172 23.7808279886 26.27728092 26.0908466823 26.8044104954 26.2421971066 24.3018579241 23.4591285881 23.8894775892 26.1860819102 23.6250067731 26.0916569579 23.18973837 23.111780386 26.0596443737 25.7093882446 24.8412785253 25.1618584389 24.8370834675 24.3494628692 25.5621488582 26.7505083604 23.3107508725 25.0796504747 25.0490073611 25.9469720653 23.3674421592 60.5052243029 60.5052243029 26.7697599616 24.1698298795 26.5565026368 24.3647167962 25.6987227747 27.202174842
26.452040672 23.3326650126 23.7933608387 26.8230651632 24.62189731 26.1546679829 23.5954276191 24.6630769933 26.8790761776 23.084377425 26.8064814139 25.723583577 23.6105357668 23.8983588106 23.8148833121 25.6241312189 24.3601676044 24.5833577202 23.2946061824 26.8685412929 25.647490299 25.7561001345 25.9941763236 27.1379945161 24.6820050202 26.4909562948 26.6795946442 26.2637280074 27.186812494 23.6720488303 23.5235377331 24.1920390554 23.3759335729 23.3705948003 27.1269952018 24.4271846661 23.3161018004 25.5397528191 25.0088595557 27.2244520223 25.6211284056 23.9809807801 25.705201405 24.3641974153 25.8156231358 24.2211829529 26.1765053753 25.9362250843 23.8412152037 60.9773220108 26.5427713699 26.0244701264 24.8596158376
23.981234735 23.8135814763 25.118147881 25.3724747605 23.5046868559 26.5673477756 24.0957778612 24.5993474845 25.1815314689 26.7843526086 25.190491918 26.7721389291 24.5478644326 26.9442094748 23.6013102634 25.0850521584 23.0136776901 23.4296370535 27.1893071621 25.7871647537 24.149252686 26.8199798405 24.0072357828 25.9256041718 25.370687285 24.1581788004 26.7171871142 25.7226591565 23.2845867843 23.5432706823 25.393596587 25.7993404226 25.3747278832 26.8084975689 25.2163440936 26.2761947206 23.1871143795 27.0938672864 27.173237236 26.3775159461 27.1484861642 26.357733715 26.2214014706 26.2093369863 24.1975229631 25.8584857405 23.7579711715 46.3615377669 60.9773220108 60.9773220108 47.3237940673 23.6747197003 26.1675127791
23.6757126224 24.5782664656 27.0396020973 26.753581504 24.5902731014 26.4789382323 24.7938342826 24.3144095674 25.2104787563 25.8593821629 26.9716140628 25.9935101717 25.6791460754 24.8990663374 24.4037379176 26.5806663317 27.2034766011 26.7391797704 23.5500476815 23.8483928231 25.0950181968 25.8900696259 27.0260212236 23.3839234809 23.8697589026 24.2669960306 24.0269363524 24.949271344 25.4788234975 25.2637979867 23.7062142219 25.7388351675 26.9807684827 26.7569443735 23.7078005653 24.6777933978 23.8731449984 26.0625999782 27.1416767432 26.5975028212 25.6327625219 23.4424991695 24.0211751052 23.679473087 25.1912795995 23.3517617207 27.2114635814 23.185971488 60.9773220108 60.9773220108 48.1021442928 24.9823314181 48.1021442928
25.3441447549 23.5907308115 25.7602994068 26.0091323268 26.9373006499 26.3600954398 24.238516399 24.6684054026 27.1621077766 23.1413593029 24.659428508 26.5699948332 25.4505997413 26.9169701451 23.4593504708 24.4869703824 24.9585677669 24.3287531098 26.2318130556 37.7256905489 37.7256905489 25.6877031593 24.1646961781 23.9588462078 24.6220874409 24.006165142 26.0517505719 26.9893988288 26.5829657711 25.3224535835 25.4721886937 24.4394633751 25.2628651961 24.097728908 24.9040225612 23.0715260348 24.3071592145 24.4442310239 26.2714241414 23.9161958838 24.9581484651 25.8055192007 25.9655833706 27.0143207685 25.2697781254 26.0898445481 23.3112911807 23.9717423317 26.4621049677 24.2684205861 23.9103982249 23.5282527526 49.3430850078
25.2131466986 26.0424418129 24.0763540349 24.1885596243 24.8155283886 72.8268040922 56.5276481453 26.7125608734 24.6473589993 26.1144139935 56.6321947497 26.8981023746 62.5905571405 23.9778577223 24.9874461908 25.4814839996 27.0019471509 25.1870991577 25.5501200171 37.7256905489 37.7256905489 37.7256905489 27.0602786896 25.7044804477 23.1780047155 23.0453697453 24.0871060058 23.5359251942 25.6643786672 24.2645893262 25.6237480115 23.6504699331 26.0333847118 23.6052311017 23.2222976796 25.7031268187 23.1773556719 24.816368541 23.6661007462 27.2238464425 24.8807655979 25.4545333609 24.6616655104 25.6859710657 25.262622195 24.5253078626 26.6586612008 24.6303335201 26.1832805049 26.0440230878 24.5458317478 26.1639446456 49.3430850078
25.367160922 25.2370013588 24.9275192581 25.4984288461 25.624556218 56.5276481453 56.5276481453 56.5276481453 26.8960801487 56.6321947497 56.6321947497 24.2011294608 25.2611121443 23.1978730206 24.5560117964 23.3086052375 26.505255735 26.051844834 23.2389932046 23.0172589042 39.7243372154 24.4612038486 39.7243372154 23.7740730544 23.8968102571 26.1069754992 25.9885379427 23.3578805526 24.4436540399 25.824101105 26.5126152322 26.4597000363 26.3932909254 27.0850612566 25.0605322358 26.2267677892 26.1502284945 23.2834105367 25.1126473865 25.4746357402 24.6496162086 24.4146025409 23.6037663582 24.394078545 26.3398914538 25.1708665874 24.3010483052 23.3804368744 23.9394270289 24.6638699819 23.227614974 23.6558270228 24.6202039341
23.9166439427 26.7054826258 27.0063377979 25.6607558931 24.2011327453 25.7203795708 56.5276481453 24.6114204116 24.169823789 52.7790394571 56.6321947497 62.5905571405 26.1105367468 24.786504413 25.8673723141 25.9661575043 23.6930364448 26.8350533605 24.6755816689 24.1094442596 39.7243372154 24.1251735534 27.1002807057 26.5209865358 24.3555125222 23.6363431285 24.0254830876 26.1254172248 26.6508017329 23.7683778235 23.7979852832 25.2420600493 25.9621179127 26.1257473822 27.0078932187 26.9899009378 24.9256833031 26.3501311891 23.2493333408 25.1353312782 23.2920970265 25.1041678972 24.6541421549 27.0161964548 24.5764752146 24.5201760657 25.6816237207 25.4137600796 24.0614870224 26.9963671881 25.3936463828 23.3741577981 27.0434040031
25.8872746856 23.6113122986 25.4265094745 24.9975596636 25.4372586316 25.7325474253 25.3168693134 27.1757577378 52.7790394571 52.7790394571 56.6321947497 25.0143294099 24.334149987 25.7675503484 25.8437079307 26.3453143979 24.2364088744 24.3736339537 24.8030900851 25.2594893217 24.3598140694 25.1934900452 24.5071688242 25.3032182408 26.7471251407 25.012752308 23.6454450076 26.1541314472 26.4122664382 24.027275862 24.5639128044 24.0872359269 24.3940831616 26.4396314953 24.9205108095 23.2282137638 25.165673646 25.5331589495 24.3668071009 25.5475834384 23.1540344912 24.5349722336 26.754779682 26.0782621772 23.3943231603 25.3151757905 23.718241246 24.691013756 23.2758898631 23.8168385076 26.0051474436 24.5713373042 23.1786285042
24.1295316302 25.2699220868 23.419584961 24.0621672 25.8290377953 26.0412312695 23.5397999924 27.1595239068 52.7790394571 52.7790394571 24.4616868475 24.7341524523 25.2219245492 25.6938675639 25.0709272565 23.3028698277 25.3288798049 23.799796495 27.1997129431 24.6214720797 25.6256256467 26.9223777303 24.7868727034 26.6000394883 23.5020303537 26.7353533533 24.2007656341 25.3062193352 23.4005207189 23.6417419458 25.0301531772 24.4024220698 26.9645422051 26.3396013276 26.3643902993 24.9976947108 26.0804438317 24.1068585587 26.584371802 23.3159490367 23.8569190638 24.5821748113 26.5409433104 25.5674119353 23.1290289861 26.1660826824 26.7436236958 23.4648680926 25.5278550747 25.7190823197 25.4932816932 24.0070750062 25.1391856034
23.8443050525 26.9922763353 27.2355037163 25.3767665735 24.8302824451 24.7088542757 25.3134321959 24.924733667 26.5218927377 26.5830746843 26.3802310706 23.8629590325 23.7424551214 25.5201300187 25.4945506328 27.0058028803 23.787300677 27.1282401016 24.3395893022 23.0143843042 23.7128490468 25.1640928627 26.2735563663 24.7811656428 25.006396255 26.3385566588 24.0959094752 24.1573123342 24.3164458047 23.6424607695 23.8976474085 25.8824536903 26.1712604209 23.6323017439 25.2676290127 25.2480469559 25.5541069778 25.2068139209 24.118463464 26.2702914213 23.9163943438 26.5485639262 26.225532153 23.7401373976 26.191106134 25.1743602232 24.3679586561 26.1822980914 24.1408576389 23.962258261 26.5875117029 23.2744945323 24.482729194
23.648552298 26.1933204982 24.7388552652 23.9603475629 23.2819956616 23.1928159287 24.3145097063 26.1651581984 24.9379776938 23.7970560346 24.5036609545 23.2841073049 24.1157003812 26.1892070195 24.1875955643 23.3153130627 24.3345971254 26.0130984943 25.8090966705 24.4624103024 27.2406873152 23.6507448089 63.5014850306 63.5014850306 24.3804422587 25.5346207597 23.5282907159 27.0392804755 23.0931400825 26.7249080215 24.5962422437 25.6768499064 23.276909265 26.933509145 25.1249019162 23.8450943976 26.5493283703 25.3924470909 26.6132888263 25.4319685767 25.9842458107 23.4503716709 23.8472030009 26.5136865819 26.5907605606 23.0489402655 27.0045033717 27.110164878 26.6919810711 24.4196043165 25.4888211433 26.9201131192 24.0028846232
24.7757416288 26.9468981125 24.1460476762 26.3111469003 24.3760472924 23.9083666353 23.8638002605 24.4635105851 24.8548128622 23.0423351921 23.0982518165 25.3932872793 26.0435849815 27.0484035419 24.4722289577 23.6190168782 24.38973721 25.0869056236 26.5001328683 24.4104472 26.2090506701 63.5014850306 63.5014850306 63.5014850306 26.4038751247 26.1594436085 26.782238192 23.5212413612 25.4328355604 23.3861884381 24.5528081513 23.5981693368 25.6149634578 26.9880773714 26.4211480518 25.2438044901 25.4309094876 23.0722955116 23.8813961929 24.3143774924 24.7163640778 26.7947359048 23.7894198629 23.4571530594 26.2156292232 26.6084348993 23.7214791069 25.6514081682 25.0102343692 23.0400264047 24.8106437625 25.0813602291 23.5925927757
23.7221972181 25.4706717735 26.2583751059 26.4252999745 26.6471522019 25.0571933925 24.9975890732 27.1512865427 24.9741052137 23.854150068 26.5642124379 26.3133614724 26.8777438843 24.5760699068 25.9880556227 23.5220526247 25.4446584076 25.8483444284 23.9986821893 23.444998062 26.3461102159 25.9303751744 26.8188619539 25.4569846161 38.1950008361 25.9029822379 25.7211122448 23.7066771851 23.0692881321 24.7979063957 23.5552232273 24.8517202531 27.0404334422 23.9822258556 23.4642131462 23.7242359832 24.8899320996 24.1378360062 23.6681335609 24.2709315923 24.1811593038 24.5992388746 25.302911734 24.9209123484 25.2823466693 24.7568120162 26.7009517777 25.1541067781 24.3409831694 26.4846445352 24.540919009 25.6178299215 26.083191425
24.0023859834 25.1702118918 23.8545571723 25.894515742 25.2304286181 24.1125807359 25.4540453313 23.7527117559 24.5533972142 23.4835719836 26.1400444594 25.9948021472 23.2088265763 26.9724092586 24.7806754774 26.2602428325 24.4364216044 27.0620868498 24.1381380591 23.0435112702 25.4514022014 23.7811213817 23.3870126601 25.7943395163 25.619434901 25.6249591825 26.1916787125 24.2747767306 26.5472781377 25.9867239076 24.629014039 26.7223670217 23.0414233836 23.58707821 24.6255896408 25.7996042817 24.6975660765 24.5636490071 26.9173321102 26.7062131844 25.6996283447 24.3615384241 24.8993695449 24.5288839836 23.6446715094 23.3278905732 23.27010964 26.2786583499 24.3997009308 24.1109055279 25.4849723389 25.1652249414 25.7059588587
26.1138013251 26.3313684761 25.5309624581 25.9140564473 26.2174649629 23.2379819573 23.9953656114 25.4354271907 25.8786648353 24.1400470878 23.8127928357 23.5096071309 24.9012960737 23.922806473 23.1232505666 24.9790239014 24.9363541747 24.2064357424 23.8202620138 24.4278257378 23.847695717 26.1521691297 25.2005003011 23.1912008356 24.2024338339 60.5458849141 60.5458849141 24.1696067605 24.5209046533 24.474324343 26.1647015247 26.4240198408 23.8184710486 25.595002617 24.3628333579 24.6468654501 24.7984660475 23.6890114337 27.0481942653 27.0748974301 26.5374238121 25.8252466468 24.9758534608 24.1257124592 23.246774304 23.6091135055 27.1463419709 24.1330951994 25.8641235094 27.1709187954 23.9039756266 25.3911341848 23.6669969658
23.0549933965 24.6317290398 24.6089358437 25.8430570068 23.3107849084 23.4266418944 24.2938554621 25.1981490495 23.5645583726 26.8386810661 24.5962063692 25.9355340953 24.9364118703 25.8206135785 25.857611086 24.072366944 26.4501183715 25.9792684267 24.720703333 24.807946795 24.5540323976 23.6359776523 23.0211738651 23.9012023159 60.5458849141 23.9939196783 23.1888773034 26.9047540973 24.7029234006 27.0501054875 24.8644700407 23.0694289303 23.0499865313 26.6139693028 26.2315019074 23.3211074892 25.0063204563 25.4588263496 23.5382260561 26.6662499499 26.3083868841 26.3934371399 26.980022891 24.6831046567 23.5096237032 25.4406555963 26.9956139166 24.2950866274 25.7307926916 25.3188671139 26.689994917 23.8632979541 27.1707225426
26.6193903467 23.407002484 25.307344078 23.9244613764 24.058889355 27.0912141545 26.5585077637 25.1608666185 23.8397032082 27.0964051879 24.6751480853 26.3899524336 24.6533711875 25.4632018133 27.0649228103 23.9245323702 25.5620046772 24.3475369124 24.6233126761 27.1918287203 26.9885421646 26.7628558453 26.6406883198 42.1420373176 27.1405070802 23.3466918851 24.594891349 26.471139079 27.1968183615 24.3309017463 23.6251860333 26.7498063072 26.7138170382 26.5316717377 25.320131289 23.1700968932 25.7448131668 24.0685359685 24.5204769711 26.6579446783 23.6576693498 24.6532977453 24.2337725772 23.3376809457 25.7959704078 23.7549702994 23.6175834227 24.2066153351 26.1493279324 23.070550465 27.0071130024 23.0859901573 23.4646158945
26.1994348184 24.0922897782 25.1754176757 26.9153746492 23.1950386281 25.9983925329 23.0927167235 25.6867223729 23.7286278397 23.3361373471 26.565334832 25.3110109933 26.7898445454 25.7374420776 26.4179811673 27.1051184106 24.8649568512 26.2396135667 23.3737294868 24.3509419652 25.1009082331 23.8696827737 42.1420373176 42.1420373176 44.1451546569 44.1451546569 24.888798941 23.7072808325 26.7743500531 25.7451517865 25.9335299428 26.4671110275 23.8302452263 25.3381770635 25.9034741333 23.0352052243 24.8598246928 24.5777427961 25.9970982063 25.3224329721 25.6181858968 23.7131846828 24.8439006265 26.042344017 24.1667114523 25.3552562772 24.5306203826 25.7808650894 24.9033678648 24.2341770588 23.5402172865 23.3641804912 26.1116341003
25.1029538334 23.2553743272 24.9350123011 25.2444107064 25.9372123889 23.0981143375 25.9357672649 26.2569852256 23.5442560821 25.2682370009 25.9048288484 24.3638685581 25.6081257206 24.6026991821 24.1693100788 24.6084569801 26.6482842136 26.727345337 25.5833980677 26.903890281 26.5832586524 23.7279372541 42.1420373176 44.1451546569 44.1451546569 44.1451546569 26.6061431382 23.9067449603 24.7293175756 26.9366592106 24.0601254401 23.2897547705 27.0604276153 26.2944858321 23.3854632235 23.3347407492 25.496944945 25.9092141597 26.4588510439 23.085069813 23.7087350933 26.7311021086 26.0813363897 24.5621866423 23.074299039 26.7275014997 24.3009748318 27.1223718407 26.1746032434 25.9846251349 25.2414015942 26.4810002539 24.5070751117
23.8281569647 27.1711273921 26.0468049301 26.9268351308 24.4758600037 25.8382823162 23.6243719171 26.7666145629 24.1067823042 25.5751188462 24.6210262736 26.9896965385 24.0867781275 23.1513597776 25.2215084427 23.8780182704 23.793051612 24.5430796076 26.045390705 25.6022991112 25.6039976077 25.3684577649 23.246741364 23.7657445206 23.293717054 24.9151255314 25.1073434911 24.519293586 23.1180052283 24.3742512157 24.2725506639 26.7472001575 26.5285549523 25.0012357311 25.9030951633 26.7845167706 25.7381373336 24.6547636075 25.6486702529 23.3227781729 24.8591323692 23.4374370452 26.6077585906 24.6830693964 25.0773539949 25.5802706306 26.2026854134 26.3721859972 23.5302941693 25.1214432174 24.6528140684 26.0123132103 26.3407514304
24.1385077395 23.6403535214 26.4162740135 25.1394930441 27.0372587837 25.5723294631 26.3474195936 23.4565942646 25.7994982956 25.8002680416 24.6913870801 25.8647701311 23.94677783 26.1324404547 23.4605256214 25.6692578031 23.5739493032 26.6384638397 24.2453584321 23.9220841006 26.125767031 24.3954700114 25.0471178495 26.7578723879 25.9711277106 24.2429659046 23.4596122527 25.0915349441 26.4823191452 25.4378595792 26.2743645511 25.9677881662 24.5873895541 26.6307622083 27.1713613238 26.2046593908 23.9299760824 24.0723983895 26.2618893728 23.9170147327 25.0878233606 24.7143274182 24.1986564895 24.7889229388 26.33587869 24.0804486245 25.2713332566 27.0162147349 24.2973062682 24.0742028929 24.3399720146 26.242348547 24.4729890774
