Spatial_Output/90% DEC/90DEC_0611.asc
NCOLS 155
NROWS 192
XLLCORNER 196769.923733
YLLCORNER 449719.875193
CELLSIZE 27.603701
NODATA_VALUE NaN
[rows 115 to 137 of 192, columns 0 to 52 of 155]
0 0 0 0 0 0 0 0 0 0 0 0 0 0 0 0 0 0 0 0 28.2681431735 25.3828596632 28.0271437812 28.3676427077 28.3243023687 28.6471521082 29.0891954972 27.632259337 24.8240663921 24.6019370062 25.3477005765 25.8959899937 24.9507894757 29.1999162944 28.1757221997 28.4378561179 28.0481125628 28.7795559174 26.8241370711 28.2273526608 28.9738753028 26.9348427137 26.2250872102 29.2073674958 26.5116332926 25.0607109861 28.9326650929 29.2033751197 28.4780059977 27.1752817211 24.6942438642 34.6587320449 53.863187279
0 0 0 0 0 0 0 0 0 0 0 0 0 0 0 0 0 0 0 0 27.2724514814 25.0396776063 24.7459420586 24.6684853664 27.3597332174 26.5647233945 27.5114746955 26.0007889611 26.1857964948 28.3590136539 24.8311206772 24.8325737069 28.2269572466 27.0178640353 29.2221031417 27.540277873 28.7166538317 26.7340255188 24.8266767915 25.0514262241 25.5078016388 28.6211637917 25.1066897443 25.1270809294 27.7746897195 26.8285582794 25.2649416852 27.0399910913 24.7833566269 28.8717429032 27.2509844539 26.9726020456 27.4368797449
0 0 0 0 0 0 0 0 0 0 0 0 0 0 0 0 0 0 0 0 0 27.0085556687 28.142489248 25.5578108434 26.6210630204 26.7742150031 27.0816439762 25.1743809893 28.2094983178 25.0689135765 28.7261865112 26.1808943848 27.7450801618 26.5439707652 26.518017212 27.7285783027 25.7300499453 26.2311181211 24.8818272377 27.803627396 25.0030169266 25.7869220801 26.0158199861 27.9312527321 29.1990401719 27.4999137597 25.5925843184 27.9113949939 27.8688336349 26.8186676478 27.3331850512 28.2681844603 25.8813678271
0 0 0 0 0 0 0 0 0 0 0 0 0 0 0 0 0 0 0 0 0 24.66769949 24.7701135063 26.8933407555 28.097558383 27.826545683 27.0828903124 25.2786649714 26.9972783613 28.8623108887 27.2556621312 25.0942754827 25.2026124925 26.3140260533 26.5719396849 27.3649684213 24.7051872241 27.0718090612 26.6379979458 27.553587638 25.2952309537 27.5482856081 27.790046809 26.1928136275 29.3860305001 26.8475024955 28.1289836784 26.3155393999 48.1033337587 25.4353236868 26.4110637184 25.3149565877 28.1912824551
0 0 0 0 0 0 0 0 0 0 0 0 0 0 0 0 0 0 0 0 0 0 26.9773738219 26.7065512245 27.585569631 26.9355921969 25.4991616795 27.5541131243 28.2288889807 26.9572720305 26.0948803664 28.8208432051 28.1218891602 28.6598076368 29.1762861673 26.2290173327 29.1577873112 26.6462706473 28.5028427114 26.6902061936 24.8790333509 28.6259981006 25.8335802954 28.5633893869 24.5773855922 25.5310422932 28.7277620152 48.1033337587 48.1033337587 27.9457130308 26.5525769415 28.5090415867 24.893384435
0 0 0 0 0 0 0 0 0 0 0 0 0 0 0 0 0 0 0 0 0 0 27.5614380962 25.9385459953 28.3458733278 25.4369188912 27.7446445411 26.9029290354 28.2990347367 26.7302988518 26.9308412866 28.8491273543 28.6556094164 26.5301350129 24.853506448 24.9024328496 29.0559332922 26.864792302 25.9206937881 26.1684452714 28.8386844218 26.9428387329 28.6447236178 25.953771976 38.6988733726 24.6867896828 24.527779728 27.2400258766 28.6277023651 28.6666805101 26.8313835878 24.6509536199 28.5019466033
0 0 0 0 0 0 0 0 0 0 0 0 0 0 0 0 0 0 0 0 0 0 0 28.0867247968 28.9125350443 25.3557516127 25.8337179989 25.9789346279 26.2657004803 28.5031824441 28.3563808959 24.7255173481 25.3004020014 27.8325235477 28.7007192944 28.5572415125 26.7186414028 25.8084561858 27.929091347 27.2578363605 28.2994735962 25.2995416884 25.9938120556 27.774778945 38.6988733726 26.4611977582 26.9042852372 26.6625625492 28.4528853844 28.620707326 26.7146350687 24.9213063695 27.4786059662
0 0 0 0 0 0 0 0 0 0 0 0 0 0 0 0 0 0 0 0 0 0 0 0 29.0154695077 27.9193349168 27.8453653798 28.2879052025 29.2267543726 28.4557274412 28.8690468767 27.7543802048 25.5248392632 29.2032511148 25.1357154138 26.3176534304 26.3034408361 26.2907631493 28.199300558 25.595969077 26.6044566865 40.5048370449 40.5048370449 40.5048370449 25.0367246969 27.4763962909 25.3885750537 25.3028453474 26.9160365093 28.7420976558 28.8314514222 28.3255942599 25.0735197416
0 0 0 0 0 0 0 0 0 0 0 0 0 0 0 0 0 0 0 0 0 0 0 0 24.818922691 28.2947391059 25.7007920482 29.4329634787 28.1372115569 27.6078746779 28.8279054186 27.3336324148 25.0228096553 29.3626151729 28.1494300844 24.8437101375 26.1569739078 24.8394244643 28.166465669 28.531709707 24.5619490872 28.9939176758 26.0212087747 40.5048370449 40.5048370449 25.4242085571 25.4504413945 28.7873793101 27.8742861183 27.2510695848 28.2434560134 25.8272547613 29.3869662824
0 0 0 0 0 0 0 0 0 0 0 0 0 0 0 0 0 0 0 0 0 0 0 0 0 25.2069449008 27.3302150262 26.4218319682 28.0406573738 24.9934593621 29.3914314266 25.9854060203 28.8235490128 28.6618806584 27.2645738772 25.1092517833 27.8961025495 28.617197512 27.1069477551 29.4311313905 25.2707342929 29.035680562 26.0152333337 28.4105287233 25.588215406 27.70780532 26.0736560342 26.9418477976 25.6666889697 27.3178703648 25.5736777066 25.9934335843 25.4787855242
0 0 0 0 0 0 0 0 0 0 0 0 0 0 0 0 0 0 0 0 0 0 0 0 0 25.7828533335 26.8758436436 28.2192257795 25.0942803575 29.3687094264 27.0011522722 27.6763265619 25.5051364654 28.5584344094 25.741953512 29.0467929799 25.5180538284 24.9255409957 26.0957347037 24.5562571336 27.0252428507 25.9829057452 28.6586042451 25.0738160097 27.1054610728 24.8020536626 27.6383362719 29.1792398911 26.2982104818 26.8850120577 28.5880971345 26.3472603765 25.3936709487
0 0 0 0 0 0 0 0 0 0 0 0 0 0 0 0 0 0 0 0 0 0 0 0 0 0 27.7430860568 28.7622276336 25.8508018946 26.9427858925 25.6139424388 28.2131030451 28.0615216726 25.7260818416 25.3307860811 26.0138994089 26.1780028408 28.3774822204 26.7858444946 28.7759566802 25.8588118867 25.8926244529 24.934689283 24.941460838 28.2355958045 28.3372490474 25.9924847122 27.4733437328 26.8742296332 26.1996442647 24.6751625497 28.9858569314 27.4112119409
0 0 0 0 0 0 0 0 0 0 0 0 0 0 0 0 0 0 0 0 0 0 0 0 0 0 28.8134352157 24.6863021116 24.8459715726 27.4515612628 27.0262207109 25.607639934 25.4756783871 28.6251741291 28.5893326806 26.0547638592 25.7170826194 25.7811899893 26.3938727028 27.5822616567 25.4581806529 28.61460616 28.3154981788 25.9829604205 27.407321873 26.3297736347 26.4698457707 28.7342979546 26.4944985204 26.3769560652 28.69824412 25.8883535476 25.8639688046
0 0 0 0 0 0 0 0 0 0 0 0 0 0 0 0 0 0 0 0 0 0 0 0 0 68.9900707502 68.9900707502 28.6602285113 27.4253163858 28.6964697946 27.5816083068 26.0820337649 26.2150771187 27.189775518 27.2925234108 25.0356602617 24.5982995621 28.7353741948 28.7481635733 26.7506192673 25.4242267332 28.8861867759 27.7272116395 24.9642584903 27.5547824742 27.8121493941 25.6644782983 25.9906146559 24.7730750105 24.5424126253 25.5351687139 28.8681348414 28.912449003
0 0 0 0 0 0 0 0 0 0 0 0 0 0 0 0 0 0 0 0 0 0 0 0 0 68.9900707502 19.3734801949 19.3734801949 26.1099048503 25.0080241993 27.4415000476 29.3989579795 28.2710239717 24.7164074432 29.2891871478 24.5092476905 27.2179239077 26.0446317896 25.2594855326 28.532191702 24.6955946327 25.2340359024 25.2864036455 29.1669883629 28.0921954624 27.7470895827 29.3729885334 25.3267450956 25.7551536486 27.860584843 25.7470292853 27.1716930556 24.9266638973
0 0 0 0 0 0 0 0 0 0 0 0 0 0 0 0 0 0 0 0 0 0 0 0 0 0 68.9900707502 69.2456416257 27.7692248189 24.9122823167 29.0436119025 27.0010464589 29.2643279355 27.7858038067 27.3897736287 27.3525995001 26.086878707 28.8571064349 24.6759025787 26.5549126599 26.2879299534 25.3575433682 27.121519299 27.7665828743 25.8945350816 26.0079922917 25.1297762424 25.3560267029 26.9813286807 25.4010527934 27.5941069691 27.6967081535 26.4594075277
0 0 0 0 0 0 0 0 0 0 0 0 0 0 0 41.1930163995 43.240662483 45.385643334 0 0 0 0 0 0 0 0 0 0 0 26.5745682514 28.074563136 28.2558065784 27.0828203977 29.1403191129 28.7324513972 26.0680153327 29.3402243363 26.5996602474 28.0958228149 26.4424324116 29.1541125359 28.7451804206 25.1815572864 28.7125919336 25.7143841634 27.4611551529 28.1589856753 29.2615544465 27.3177825281 28.056053837 25.941050817 26.6978964281 26.6267105703
0 0 0 0 0 0 0 0 0 0 0 0 0 0 0 50.133455473 38.2961905257 38.067730074 0 0 0 0 0 0 0 0 0 0 0 0 24.5862246674 25.4480647667 28.8937385053 26.2825503422 27.7845847603 27.5162827563 29.2570706834 28.663044897 26.0710982155 25.5966536212 26.0362948299 28.5846595328 28.7090853989 24.51493278 29.4433150504 25.12046351 27.7640546056 26.0338091795 25.8285426437 28.3801348333 27.4707581885 29.3984198146 25.1750348187
0 0 0 0 0 0 0 0 0 0 0 0 0 0 0 45.2308077945 38.3011117221 39.0025109779 0 0 0 0 0 0 0 0 0 0 0 0 27.6661579288 26.9394556276 28.4623370206 26.4574352228 29.1292942152 25.0257636905 26.5796748165 26.491183245 25.2370568158 24.7491740335 29.3643009824 26.9340410073 26.0867245047 26.1807278384 25.8554559333 28.6597243759 28.3759014696 28.2694128259 26.1797902419 28.389402591 28.6678441328 26.7099696109 27.4885547773
0 0 0 0 0 0 0 0 0 0 0 0 0 0 0 0 0 0 0 0 0 0 0 0 0 0 0 0 0 0 0 27.2362454926 27.4492782876 28.6272248148 26.6139232118 29.0610228762 26.5208585188 25.677278041 25.9510293164 24.5214358742 25.9405101119 27.4128469702 26.094097267 29.2010339311 26.9736262832 26.7717830652 26.3382901774 26.8186879307 25.2572226899 29.0437459065 24.824928912 28.1201345987 27.2460425978
0 0 0 0 0 0 0 0 0 0 0 0 0 0 0 0 0 0 0 0 0 0 0 0 0 0 0 0 0 0 0 0 24.8210459155 26.9152315543 25.0929771949 27.5094415435 26.9064179369 25.2046374529 25.0886134357 24.9803410943 28.3230455605 25.6908757559 29.1696175651 27.1252172677 25.5176467916 29.3343134804 29.2183131047 27.9092036349 26.9825828715 29.3194511066 27.3633872717 27.4227162154 28.5032248034
0 0 0 0 0 0 0 0 0 0 0 0 0 0 0 0 0 0 0 0 0 0 0 0 0 0 0 0 0 0 0 0 0 26.564802973 25.2896036355 26.2689620391 27.7129191756 28.0722088632 28.1751913066 27.8733519816 24.6488427457 26.7061009996 27.3514503526 29.2990518564 26.61237553 25.7847678909 25.3986695174 29.2803716364 26.1298047681 26.4901046201 27.9662098173 28.0576445233 29.1996274932
0 0 0 0 0 0 0 0 0 0 0 0 0 0 0 0 0 0 0 0 0 0 0 0 0 0 0 0 0 0 0 0 0 24.6560942412 24.8083054208 28.2015129278 26.7716464943 26.3289730097 29.2497031762 29.3213267064 28.720534819 28.7566214174 27.6230387768 29.4479473304 25.0701511789 29.1780614491 25.6174731909 25.2096003491 24.7160625635 25.1885006955 28.8087930737 29.2063321487 28.4707578598
