Spatial_Output/90% DEC/90DEC_0188.asc
NCOLS 155
NROWS 192
XLLCORNER 196769.923733
YLLCORNER 449719.875193
CELLSIZE 27.603701
NODATA_VALUE NaN
[rows 92 to 114 of 192, columns 0 to 52 of 155]
0 0 0 0 0 0 0 46.9191295805 47.1040955113 46.2147793499 46.7830763482 46.6493082646 46.9298251929 46.5876513884 46.7509102172 46.7554320049 47.1526983819 46.2984189068 46.1698130604 46.331907446 46.1432713857 46.7167396623 47.2113220383 46.4992761566 47.1530368832 46.3668094657 46.631194552 46.4079412218 46.012874384 47.0507041469 46.1071206164 47.1048634671 46.2559802212 46.7585195007 46.7079647484 47.0501397158 46.2217065194 46.2658680728 46.6134987167 46.9896314001 46.0772459445 46.5027521225 47.2565439602 46.7322189758 46.2013323586 46.7022441178 46.5344183072 47.2888450688 47.0919740936 46.0907261709 46.6843041431 46.6556584956 46.6867903175
0 0 0 0 0 0 0 0 46.389696484 46.2475687647 47.0568362486 46.1326725164 46.877698112 47.0793251806 46.2227331827 46.1586148772 47.1027141339 46.8845939133 47.3396019914 46.5195159554 46.7886783579 47.186582152 46.7337477325 47.0137502657 46.8761235837 46.4422216324 46.4430064969 46.269358392 46.9503811782 46.650699353 47.2139458083 46.5183969829 47.238998101 46.6725706143 47.1046100883 47.0589679502 46.4729077659 46.8077370016 46.682292497 46.1063610573 46.5011283614 46.5610556242 46.2239536588 47.0636945897 47.1061423818 46.6450967237 46.2392085881 47.2953538391 46.1242844885 47.1103739358 46.2134551018 46.4320020616 46.392837834
0 0 0 0 0 0 0 0 0 0 46.2743920308 46.9934800786 47.2855379966 46.6980383928 47.3439667613 46.9322989469 47.0310754685 46.1802405988 46.2793944112 46.5779542773 46.5294285747 46.4277437309 47.1991551176 46.6029694573 46.2596104698 46.7646287079 47.0282540517 47.1581280859 46.2963955768 46.3963378498 46.0435138504 46.7400980647 46.9373287631 47.3468266567 46.2110594325 46.301031841 46.248135468 46.0190800452 47.1760179961 46.726450637 46.2769332013 46.656025254 47.0204231762 47.2311038463 46.9567197884 46.1230577622 46.6897975977 47.081250643 47.2961017583 47.3260469834 46.9407362038 46.3615945075 46.0942869715
0 0 0 0 0 0 0 0 0 0 46.2600470009 47.3105814418 46.9825439719 46.4790017163 46.6739915394 47.1593427431 47.1947161883 47.3834924107 46.9672068232 47.0415947513 47.1208901687 47.0214173146 47.0685570617 46.2264457061 46.0978574116 47.0017051443 46.7010516673 46.4452895547 46.1368901594 47.2589894987 47.1287508507 46.4679894196 46.0281574025 46.6739780399 46.6346355475 47.3951844574 46.8970811344 46.0018490937 47.0659040785 47.1002573381 46.425256622 47.3250201729 47.2786186577 46.0210562838 46.3917466744 46.8737007412 46.7534449233 46.2924667431 46.4677561064 46.1059489658 46.9537264698 47.2393167886 46.8449195424
0 0 0 0 0 0 0 0 0 0 47.0593868243 46.4281479293 46.5993522538 46.6647189455 47.2015356119 46.3854227262 46.7135340672 47.2745800185 46.25020206 47.2921691015 47.4107793822 47.1582914191 46.15854768 46.8702453145 46.3121076931 46.4647323664 47.3557234192 46.7054004238 46.8463093283 46.0057818874 46.9766402884 46.0333182547 47.2051565462 47.0740011736 46.0235425623 46.6740715376 47.3280414921 46.9211405329 47.1051444219 47.2799469404 47.4063016174 46.0499513407 46.5669757853 46.9117160531 46.9631343547 46.6050983955 46.7131803431 46.8068283899 47.4128491079 47.2761722222 46.8886210504 47.2935588054 47.341215958
0 0 0 0 0 0 0 0 46.9459473474 47.3407673178 47.2857298904 46.5662706573 47.0195193734 47.0542222545 46.5297820441 46.1217415847 46.1361332105 46.558108199 46.9069128836 46.2252840862 46.0911737458 47.2079103947 46.0077561351 46.22639129 47.0311784301 46.1086803569 46.2688846436 46.2366906131 47.0232995568 46.5122644374 46.8764366888 46.2233159978 46.2155563737 46.4273524836 47.0799075961 46.3059602238 46.9649496838 46.2907031831 46.960469206 46.6112847706 46.9375874126 46.1766474313 46.9727251084 47.0763482611 46.3010102418 47.2806123063 46.578653012 46.4710595376 46.3647279991 47.2578148215 46.2773128261 46.2200097835 46.834989791
0 0 0 0 0 0 0 46.5552956927 46.4439541693 47.1146617985 47.0124288485 47.1912284387 46.7372538793 46.1656493511 47.3309051504 47.3589304485 46.5166377919 46.6354471183 46.0609039313 47.3084532678 46.9842298401 46.6510087272 46.444749913 46.6349429861 46.7167380351 47.2621987118 46.1375188056 46.1970124516 46.5216728998 47.0745880994 46.3204020075 46.8257018913 47.1363731858 46.6281841245 46.1300394984 47.3608878545 46.0757593275 46.7752424049 46.6070298357 46.07652211 46.9293257835 46.2469132021 46.1854366227 46.32191456 47.0190758363 47.2166922661 46.289664795 46.1770403803 46.8151183043 46.4410769906 47.0904269566 47.2820144486 46.5498390017
0 0 0 0 0 0 0 46.6643497032 47.1585476412 46.9663146205 46.7221880883 46.1414599754 46.9519647492 47.2642419264 46.3232266745 47.1430301251 46.4442371962 46.198304322 46.6329479388 47.2738230978 46.9569985611 46.8739055653 46.3846455339 46.7320527617 46.3936561645 46.5702953164 46.1360284917 46.0264375572 46.3115104601 47.043112272 47.0814198937 46.8459313233 46.697907425 46.3808725929 46.3949428819 46.8519764358 47.2218342133 46.8629849052 46.2606680763 46.4211726125 46.4411117153 46.7613826958 46.1671399886 46.7437186209 46.9637510628 46.3911670977 46.1730301435 46.3402198143 46.8330506905 47.2497316157 46.5938954722 46.5484475781 46.5045962395
0 0 0 0 0 0 0 0 47.2165464257 46.6572193974 46.3883885613 47.3998405389 47.096108317 46.7202151269 46.8143136214 46.5091878793 46.0294716215 47.1251125811 47.0509134319 47.4137644128 47.3997164371 47.3493310385 46.0852172309 46.1278288766 46.9239507583 46.9008428392 46.4376320532 46.3106270208 46.7310996076 47.3544080254 46.0375856273 46.3314194869 47.0490186123 46.7009468239 46.2500158692 46.3290864415 46.3418133518 46.9155073609 46.6752879762 46.4301568042 46.1426501293 46.6405400205 47.2209237863 46.3499426158 46.9811977542 47.1386561632 46.3723984805 46.3016811279 46.9671299838 46.7117064281 46.1232392394 47.1095984142 46.3321246358
0 0 0 0 0 0 0 0 0 47.2475425281 46.2235478711 46.0373476898 47.1015537317 46.4274818934 46.2381557267 46.0205846086 46.0520603185 46.5940566562 47.2258229584 46.6492771735 46.25303259 47.0001762558 47.3837305738 46.9672975622 47.0153366836 47.2248088474 46.1813705264 46.4173650561 46.5813048518 46.8076663513 46.8169916066 46.2065578604 46.4580856035 46.5742556556 47.2695930438 46.6422779084 46.1245116018 47.0837979555 46.9623576448 47.1207710324 47.1971362307 46.4221123065 46.0121238116 46.640646761 46.9163641927 46.518867472 47.2621938223 46.508815328 46.9472702552 46.7464348344 46.4599466757 46.7455107562 46.0492868727
0 0 0 0 0 0 0 0 0 0 0 47.0819132344 46.9696738992 46.343917764 47.1498095614 47.2900589679 47.3848170203 46.3539275772 47.0750029502 46.7616179045 46.3571686242 46.8624050009 46.2916982816 47.183648025 46.0105998465 46.9080291303 46.2750948147 46.4341708553 47.0009130234 47.1702337205 46.6920538132 47.1114320328 46.5171144873 46.7497258971 47.0403029326 46.6710291645 46.6366129687 47.3091306504 46.2289550918 46.3294176664 46.9690211906 47.0047820331 46.4571347827 46.0455554254 47.1069517804 46.4513934171 47.3599100819 46.7912217068 46.5550406192 46.6297540985 46.2675946526 46.6137468169 47.1638982466
0 0 0 0 0 0 0 0 0 0 0 0 0 0 47.1472224537 46.5633796111 46.2546976013 46.6978196911 46.3688960342 47.0449363098 47.0345875759 46.6225825938 46.3735744084 47.1267006098 46.7445519889 47.1168717015 46.2982226931 46.7284459998 47.253461758 47.2307733298 47.2932287031 47.0240609703 46.4771089461 46.868172473 46.0095199759 47.2127546242 47.2242956645 46.3298217493 46.0103090011 46.6811477429 46.3668714043 46.2257502186 46.9032973908 46.2164669546 46.7636137959 46.0310618961 46.8363583176 46.3130546605 46.7715624648 47.1573327038 47.3326941151 47.1823506111 46.2863982228
0 0 0 0 0 0 0 0 0 0 0 0 0 0 0 46.1777455277 47.1102473381 46.3269233329 46.9655999141 46.2941987813 47.1005693905 47.2566376466 46.4671338432 47.1885517244 46.7820216945 47.1674992823 47.1349048548 46.2145904336 46.3452610633 46.1973672773 46.9136564415 47.3965417649 46.7069101253 47.0535203011 46.377691307 46.934497829 47.3657941098 46.6401551642 47.0506757005 47.1351425108 46.5083055511 47.362450723 47.1480261249 46.187526179 46.1702357819 46.3523595812 46.491241063 46.1987924041 47.1369555826 47.1093943249 46.2922499055 46.8878220112 47.4058813618
0 0 0 0 0 0 0 0 0 0 0 0 0 0 0 47.0397307424 46.1730352758 47.3923553364 46.7184272607 46.127035145 46.5921570237 46.6547814271 47.2854364258 47.2816161339 46.8492848348 47.3887259747 46.3815069361 47.0242934453 47.1491963104 46.0366257015 47.3523102459 47.0675069455 47.2568165114 47.0731037304 46.1258308531 47.3728156982 46.6328649404 46.8454530774 46.0348623566 46.3396175395 46.646502551 46.0726088106 46.1450336998 46.5529617402 47.3117588157 47.2820216174 46.0733205193 47.291520955 47.3351206991 46.7529722777 46.6293095814 46.0128841456 46.2399088819
0 0 0 0 0 0 0 0 0 0 0 0 0 0 0 0 47.3695548796 46.3931319246 46.2843056398 46.7080542726 47.0114160082 46.4985853702 47.4094587506 46.8668243296 46.2628627937 46.2461232569 46.2285792109 47.172005113 47.3580872727 47.0686433784 47.3570727385 46.134330898 47.0164716355 47.3860596496 47.1690476416 46.8461276823 46.4401841846 46.8695797236 47.2616126563 47.0706183591 46.7390428889 46.9890601411 46.754133293 46.5383275282 47.372862073 47.0992997961 46.9559287445 47.3643560639 46.7405493866 46.4789790866 46.9521171745 46.9401138559 46.4208130967
0 0 0 0 0 0 0 0 0 0 0 0 0 0 0 72.9181410929 73.4920487031 73.4981716979 46.4162138629 46.8819570829 47.1548009246 47.269953543 47.2773747369 46.1088299197 46.8802336877 47.2756035987 47.308149321 46.0544208164 47.0475650721 47.1001926635 46.3347542507 47.1507618039 47.1518669252 46.8658970659 46.2831709505 47.2455443454 47.0749340022 47.3064011324 46.3397152544 46.0825607625 46.5969107455 46.9402892414 46.5660810598 46.9870082869 47.3509411757 46.4725322547 46.5602043419 47.3808720152 46.5839576879 46.7281089077 47.4123326453 46.259959602 46.4784802909
0 0 0 0 0 0 0 0 0 0 0 0 0 0 72.4439560294 66.2732839103 72.2867307496 76.3927662815 47.3408355235 47.092923076 46.5727463537 46.9342392516 46.2613733666 47.0241289246 46.0197742961 46.8254806255 46.6201707881 47.3768970372 47.3263967993 47.3071633898 46.9216016509 46.2984673194 46.0898072753 46.755616198 46.1495833622 47.0624686474 46.3534003163 46.5200102125 47.3411981588 47.2226022422 46.6624049722 46.2783313173 46.4662665335 46.2188796972 46.9573525392 46.9063675067 46.1209003889 46.167019527 47.397667791 47.356157246 46.4103693931 46.8368082549 47.0354153644
0 0 0 0 0 0 0 0 0 0 0 0 0 0 0 70.8090042372 67.4783622155 74.153470523 46.8628542853 46.0336844934 46.9305067781 46.338482176 46.8021631334 47.1455148359 46.4507977283 46.7873108199 46.5972125312 46.405840878 47.1491925687 46.3668266039 46.8169632819 46.6370087782 46.7816162562 46.2574383191 47.4030858473 46.3458391339 46.8694204983 47.2321597385 47.1212111275 46.28567474 46.6092763042 47.0914892374 46.0196720719 46.0141916964 47.1507452156 46.2214281542 46.2150884154 46.3267707849 47.4013167199 47.2898452196 46.108715454 47.381525332 46.2649760324
0 0 0 0 0 0 0 0 0 0 0 0 0 0 0 0 0 47.2789813119 46.6688953017 47.0814751863 46.5643736466 46.2862277667 47.3703948733 47.1448484532 46.7753936517 46.371073857 47.2836685902 47.0787233275 46.7985218611 46.8099751085 46.4707786268 46.5786800568 46.4783192274 47.3168010897 46.9376232291 47.3933241135 46.1183487177 46.0700827366 46.6409689048 47.3392050031 46.7652805283 46.2037918586 46.8002519526 46.8452554073 46.7962911117 46.1835359756 46.0949766369 47.2504659511 46.516346288 46.4467592779 46.3246522881 47.049159859 46.4141383726
0 0 0 0 0 0 0 0 0 0 0 0 0 0 0 0 0 46.3614358368 46.1545452086 47.0111201658 47.22211617 46.2396313743 46.3463431588 46.2339972121 47.3962186629 46.232783075 46.4381945609 46.2364492786 46.4866692039 46.761151899 46.1713548612 46.6495305988 46.8671085199 46.5272463146 46.8522500731 46.6132533962 46.7563649578 46.0287550527 46.6292395254 46.8891906282 47.2820789546 46.2382175609 47.2269726196 46.92963415 47.3589388424 47.2678144281 46.3851174151 46.19968247 46.7383988 46.7587235754 46.3013668938 46.6454350387 46.650928201
0 0 0 0 0 0 0 0 0 0 0 0 0 0 0 0 0 0 46.2995995548 47.0359494605 46.8656187306 46.049181205 46.6225958544 46.0469903742 46.6991959589 46.3440391418 46.3565064724 46.1206048431 46.4647922753 46.9596774589 47.3686876537 46.355134258 46.8910151449 46.4855982681 46.7991921293 46.1850013357 46.9868676829 46.8790739967 47.2619692632 46.6698056265 47.0765879225 46.1208596402 46.0202261347 46.1505898937 47.3764352154 46.0496250851 47.0097726688 47.1453882052 46.668919412 46.8687200336 46.4218976925 46.6008573682 46.1223450682
0 0 0 0 0 0 0 0 0 0 0 0 0 0 0 0 0 0 46.8289433076 47.2652159016 46.8949847059 46.7915944323 47.1941451467 47.0925060839 46.3786911314 46.5850163913 46.4866722199 46.7726312334 46.2368052002 47.1466989912 46.6120559933 46.5859454346 47.205561643 46.5474876519 46.6211407998 46.535814612 46.46480727 46.0364975485 46.7746670856 46.061210298 46.1431711502 46.0263543553 47.3790884954 46.2165964504 46.5689883769 46.8971068619 47.293969912 47.1312161489 46.762503866 47.3442289837 46.6963053588 47.2557052974 47.097286489
0 0 0 0 0 0 0 0 0 0 0 0 0 0 0 0 0 0 0 46.2751949594 47.040561599 47.0888897484 46.9440631386 46.8696656146 47.1327984934 46.802519836 46.3169216661 46.8986990442 46.3593500018 46.6991283011 46.5082031217 47.2212095265 46.3073935532 47.2833963059 46.7817476006 46.3619237644 46.4267779714 46.8594031613 47.1939464933 46.3439996347 46.2248592149 47.2993175678 47.2177756955 46.3946199574 46.1062687992 46.2716617973 47.230039069 46.09989817 47.2999237494 47.0423507636 47.4046389493 46.8926110261 47.3069277546
