Spatial_Output/90% DEC/90DEC_1167.asc
NCOLS 155
NROWS 192
XLLCORNER 196769.923733
YLLCORNER 449719.875193
CELLSIZE 27.603701
NODATA_VALUE NaN
[rows 115 to 137 of 192, columns 53 to 105 of 155]
27.5858466224 28.1453060531 27.9109545755 27.5795641557 27.7742809794 28.1842644076 27.8674645356 27.7408349971 28.109333511 28.1957047956 27.7522200374 27.9910256481 28.1490688348 28.1596655473 27.9431142992 28.1667199127 28.0204913819 28.1165285274 27.9572517676 28.1902395266 28.0011638016 27.7418554048 27.6092110952 28.1189196532 28.109963563 28.1704144107 27.8810831205 28.0623830069 28.0391288404 28.0689110638 27.8953675258 27.9781570988 27.7028550191 28.1919572656 27.53730262 27.814144739 28.0425503987 28.0076821067 28.0240970438 28.1446713434 27.9377167801 27.6956821515 27.7808690959 27.6449704624 27.7728250507 27.7812029241 27.5192360068 28.0396139772 28.0426908309 27.8150099172 28.114351009 28.112251961 28.1078418951
28.0915529599 27.5505678114 27.7195669437 27.5454724578 27.7842608824 28.141023859 28.0895833464 27.8319095584 28.1802562801 27.5108288904 28.0899344485 27.6912321763 27.8271373617 28.1661578257 27.6109003505 27.5129610527 27.8419063195 28.115677486 27.9402522746 27.594637716 27.9513432287 28.0425229348 27.634876121 28.1521931744 28.0505593061 28.089976014 27.5809364376 27.6585563585 28.0772537701 27.991373338 27.5568551127 28.1362453224 28.153965837 27.6802714277 27.5935965732 27.6367283112 27.7325438206 27.8141521871 27.9751350417 27.9816787284 27.8900995145 27.6852527018 27.7460358581 27.7345097386 27.5212541092 27.8496202081 27.6479210879 27.9841920943 28.2045818869 27.6410266203 27.5910057553 28.1852541687 28.0557364238
28.0394922967 28.1942347494 27.5206195149 27.5190693074 27.6635867406 27.8944821208 27.6606315014 27.642288511 28.1853717407 27.964670857 27.7890067973 28.162652284 27.6465176998 28.1107816528 27.930683895 27.5841391355 28.0333893833 27.9360288351 28.0925034631 27.8794952758 27.5360679565 27.8193354692 27.8664522052 27.863993127 28.0797948059 27.5534609086 28.1431940406 27.9244758339 27.7202297238 27.5442300249 27.7773668751 27.7508770661 28.1270533603 27.941614286 27.5769928578 27.8347407626 28.0796168904 27.7097010145 28.1802824617 27.7793387576 27.6250896886 27.7807097649 27.9014049553 27.8602855545 27.5615176683 28.0109194921 28.153048419 27.9674028446 27.5261192387 27.5311935181 28.1449407476 27.9840737975 27.8928618713
27.5068473157 27.5360639666 27.7209811077 27.6194114871 27.7139203329 28.0069014867 28.0744691594 27.6859102664 27.7699912902 27.6586874949 28.0674844537 27.7034946586 28.1155340329 27.9438281537 27.7850237676 27.7515357096 27.9869152881 28.0896422944 28.0156955866 27.8874555524 28.1679767696 27.7983824828 27.9081776544 27.8101116677 27.7254471174 27.5005802232 28.0434565154 27.6480029034 28.1002374938 28.0528986468 27.9690164289 27.535784579 28.1166883822 27.6126656112 27.8369270197 27.9048792086 28.0098398687 27.7560424018 27.7527488784 28.0598847082 28.1274336768 27.9169953975 27.8357678346 27.8485358812 27.6307186836 28.1120626503 27.9264911785 28.090990224 27.770776272 27.5536865705 27.9347329151 28.0163996332 28.0389178539
27.7283817175 27.9064252125 27.6617526191 27.6295276923 28.1637119476 27.549479025 27.6923645834 28.1935649989 27.5695511101 28.0859661059 27.5582840545 27.5689935526 27.6735312864 27.5363622718 27.9729594997 27.5658422209 27.8114148641 27.890906216 28.0886911615 27.8663197036 28.0852030017 28.103894684 28.1715867272 27.6653690671 27.9725505856 27.7471096315 28.1690967874 27.8759376516 27.9073279635 27.5040045158 28.1627418367 28.2055055847 27.5005756139 27.744643673 28.1793187893 27.9291225969 27.9998995191 27.9155160692 27.9567224471 28.1086159538 27.5641971806 27.6012596161 28.1130625423 27.8701539845 27.8468286962 27.6750405535 27.7691429496 27.8462592685 27.811396909 27.8055949217 27.6771955922 27.667972126 28.0390803075
27.9095828527 27.7414759304 28.0942045375 27.7436641418 28.1520339338 27.9706486115 28.091639173 28.0688048293 28.0082360225 27.8420076094 28.035611508 27.735286226 27.5570434978 28.1478915104 28.1894370509 27.6881168556 28.1914228231 27.6575053871 27.5628270775 27.9674518342 28.1101953293 27.8172679741 27.5980915174 27.5176520845 27.6368775679 27.947290956 27.6477112169 27.6179523072 27.9202406843 27.5658309343 27.7645349723 27.7394469541 27.6387606181 28.1272572517 27.7239564086 28.0748987356 28.1401744415 28.1113801417 28.1573042539 27.6043827716 27.8633152165 27.5519288629 27.8909966529 28.0255834556 27.6364739617 27.8989962243 27.9018721385 27.6374760316 28.0962467835 27.8087659277 28.0869251349 27.5902094847 28.0519445526
28.1186577099 28.0227252413 27.9175314502 27.7008424374 27.887581643 28.0836405208 27.6943654651 27.6336118306 28.1271269718 27.5371361805 28.1652205145 27.72906198 27.531165811 27.7278315997 27.9757028712 27.8610051469 27.5557792123 27.7974180098 27.6962282658 28.1094695961 28.019586539 27.562606012 27.632871521 27.9735683524 28.0737198185 27.6180843489 27.7036689938 27.8337030119 28.1495381604 27.7080649105 27.7790260546 27.7867084163 27.6479009102 27.6328430534 27.5126601031 27.5416926306 28.0960825025 28.2036196136 27.6936079116 28.1125974876 28.0392615556 27.7674407136 28.1327526072 27.6180631297 27.6780579716 27.7303604682 27.8041218466 27.7870224749 27.8889722159 27.604105144 28.1511253217 27.9634963487 27.7559136093
28.1708802311 28.144765904 27.9410332408 28.0004480285 28.0028077339 28.1122139068 28.1861890545 27.569187257 27.7326258274 27.8567730461 27.5672352569 27.5354809437 27.6047504798 28.0968416526 27.7736628431 27.5027320287 27.522080743 27.837402203 27.7159838043 27.633814056 27.5465098583 27.7571189548 27.7742721868 28.1895335136 28.1840801957 27.7833928085 27.6952102978 27.6012761476 27.8732756427 28.1497377871 27.7007330523 27.5352043139 27.6602594435 27.6712374241 27.7667729479 27.826394908 28.0982650797 28.1533128397 27.8336019601 27.7305718819 27.6996000765 27.5990311597 27.7786103007 27.7677123918 27.9166620796 28.1733194 27.6666502043 28.1028020642 27.8299014169 27.7639357155 27.7462326777 27.6615767298 27.581462648
27.6675787854 27.9854097314 28.055760704 28.035376493 27.9996586676 27.7798915628 27.61301008 27.7069092137 27.5315004498 27.525831273 27.9053284865 27.7888445006 27.9912406854 27.7888676126 28.1102541744 27.5654950362 28.0131154578 27.7620963927 27.528515601 27.8554919163 27.7153026488 27.5985530242 27.9062764417 28.2032528569 27.7194387437 28.1021206674 27.6895852489 28.0221215803 27.5421936207 27.7658746653 27.5805659911 27.5179969808 27.9803524853 27.5977247619 27.6729044925 27.7477964759 27.7729132911 27.5741096967 27.9699635643 27.5750900815 27.8070961305 28.1970033826 28.0748170404 27.9039787569 27.6761807251 27.9834021229 27.8445758199 27.8537858735 27.5745425681 28.0221369419 27.5352548902 27.7827863816 27.7141535702
27.7162337765 28.1466464388 27.8339825147 27.9026204622 28.116959439 27.8283415993 28.0248485383 27.7915045802 27.7226627633 27.8808930301 27.8974354591 27.9474132 27.9084175317 28.1664488052 27.5471125979 27.5162566383 27.9348927968 28.1819537131 27.8701220422 27.6905111837 27.7233112634 28.1257240104 27.8407874894 27.8915742259 27.6421623183 27.5670856373 28.1990402418 27.700923748 27.6854513095 28.0029915261 28.2005696299 28.0694460427 27.824950962 28.1527847442 27.6778774898 27.9500382452 27.6182049902 27.7587620688 28.170838796 28.144587524 27.9115902335 27.7860380985 27.5498583713 28.2023477637 27.6155060841 28.0532226034 27.522729543 27.9470514515 27.9058407425 27.7024994195 27.5503397931 27.6003375352 27.9717083646
28.1737336104 27.7288344819 28.0449802506 27.6243061108 27.5957830788 27.9465644327 27.8518868039 28.0715348801 27.9616534444 27.7188776815 27.5980593668 27.8285710816 27.8099056506 27.8619744663 27.9105938001 28.0416446458 28.1407737068 27.657004567 27.7961984883 27.6913377158 27.7216000106 27.8172902751 27.5445821177 27.6205768138 27.9633303741 27.8640372681 27.7483307384 27.7528567017 28.0475816324 28.0646449061 27.9867294634 28.1605973267 27.6176010794 27.599153481 27.8311169678 28.0417028156 27.875397441 27.6628019195 28.1112380059 27.7521919978 27.6792479578 27.9228232915 27.5216995736 27.8294120406 27.5915424554 27.8942742723 27.5652838167 27.7500363183 28.1551741651 28.1879416506 27.8510418346 28.1373964549 27.8190724132
28.0219821218 27.5766501835 27.519039953 27.7054463876 27.758820924 28.0243527049 27.684543839 27.9009643709 27.9121785747 27.5798683442 27.8849880218 27.534804188 27.9217757195 28.1505507009 27.8125441491 27.8674198151 27.540013698 27.7478073368 27.8581167018 27.7322077551 27.9107230596 27.6973810341 27.8370236471 28.0623350969 28.1092186089 27.9979459668 27.8443139863 27.5604930339 27.8784198603 27.5997152908 28.0700717209 27.8161137294 28.159350498 27.7259612565 27.5360907554 27.9277910031 28.0436258935 27.566701712 27.6243669556 27.548513946 27.8326224441 28.2012560472 27.9887430448 27.61030183 27.5968896624 27.5170870143 27.8669627202 27.7034040813 28.0599580118 27.9903693179 28.0525610833 27.5818920351 28.118315601
28.19967455 28.172876072 28.2019669927 28.0069577888 27.6902500298 27.6312254499 27.8049643996 27.9166824212 27.9711343114 27.7886007262 27.8431696 27.8500341982 28.0241983468 28.0331629613 27.8319271403 27.5237460578 27.6964309153 28.0771439554 27.6745552388 27.6298692991 27.8207705649 27.9123990954 28.1118077065 27.8333602929 27.67594113 27.8642658857 28.1013441998 27.8389195889 27.6434697494 27.5004350387 27.5538701249 27.7546356398 28.047256051 27.8823694519 27.7857230248 27.7337638908 27.8279433907 27.8108971395 27.9586581182 27.5230712624 27.5797349884 27.6541751537 27.9520613035 28.0995574068 27.8274417915 27.6858947902 27.8811243647 27.9823119099 28.2027969526 28.0820998647 27.586000699 27.835628548 27.7271089323
28.0644996885 27.6690132789 27.8491483732 27.5421639259 27.7128579952 27.9277950327 27.7329391014 27.6464810332 28.0931442022 27.7077442429 27.6695226216 27.8172644212 27.7767831831 27.7095326656 27.9877984691 27.6367244146 27.7798167788 27.8989222842 28.0905371145 27.6920668639 28.142764617 27.5520646016 27.8526513022 27.6577576057 28.0614821567 28.1710950307 28.0242864913 28.0694236966 27.9815990314 27.8403594334 27.5304656903 28.1100677094 28.0531360878 27.708073596 27.7536633677 27.9635241892 27.6947114948 27.561719169 28.0789365985 28.1890122224 28.0319777111 27.6002647479 28.0645828153 27.8049267234 27.9362749705 27.839476877 28.0419322233 28.0922825563 27.6494853112 27.5835561059 27.8910255718 27.9495639769 27.7043244455
27.723613409 28.1209541549 27.5762341741 27.7131605782 27.6523360933 27.9493635216 27.7940639797 27.6413679564 27.7562751328 28.0451214431 27.8957673726 27.7811669773 28.1340558091 28.1420558451 27.8053816892 28.0438931717 27.5879939349 28.1710008038 28.0667596961 28.1255669942 28.0445335225 27.6820186544 27.6506861541 27.5544517204 27.5990067589 27.9758611729 27.5616727216 27.974915753 28.0270140768 27.9066520203 28.1400559963 27.9915582258 28.100466205 28.1140870845 27.8159566957 28.0884504833 28.1959046909 27.9528654099 27.7696672796 27.7832022404 27.7203311746 27.9750537161 28.0037127416 27.8435880204 28.1629666843 27.8837531353 27.8169256868 27.5545672178 27.8866718635 27.5766690236 27.9118759557 27.7031749233 27.9135702323
27.8821021963 27.6874465428 27.6967290966 27.7434761918 27.8312445836 27.8101894384 27.6571619334 27.5654107801 28.0852128151 27.7421987763 27.7836028449 27.9705259274 28.0228150964 27.5204528201 28.1172007294 28.0924634376 27.9111529951 28.2047964393 28.0866612329 27.7337251115 27.9594105844 28.1258037922 27.6254304631 27.8880082029 28.1848680515 28.1876222942 27.8023865035 27.5260586479 27.6055080681 28.1838541409 27.8408634115 27.7699971944 28.0100684672 28.0662687434 27.5674956171 27.533858779 27.6659243367 27.6641345165 27.5549326118 27.7290289739 28.186502191 27.8194261515 28.1000848021 27.756343298 28.1867318474 27.5879716858 28.0137945984 27.7512288851 28.0162465968 27.8549198446 27.8033810584 27.9033233312 27.8437383725
27.8382152078 27.8676779891 28.052217515 28.0745707045 27.8006143544 27.828674004 27.8737936003 27.9167738019 27.9591361751 28.0869755523 27.9219889726 28.1380898793 27.9010270087 27.7150536211 27.8593795169 27.6648530747 27.9083657426 27.7563699331 27.9136459818 27.5093188035 27.7814312156 27.5170908403 27.6437035247 27.749710666 27.6111537984 27.9071482039 27.8723831368 28.0266746808 27.9996929251 28.0994121781 27.5897989233 27.9124632253 28.0989063166 28.1646780628 28.1334551657 27.5083837949 27.8851224386 27.5892327489 27.737267519 28.050022802 27.9384076612 28.0510144619 28.0562319926 27.7811569255 28.1008889485 28.1537046536 27.5767548219 27.9341880547 27.6783928106 27.9462217385 27.8519756603 27.5091427355 27.7984550921
27.8491288771 27.6340344937 27.7211759774 27.9293820435 28.1080161435 27.5134101112 28.1100809378 27.5749196637 28.0539508816 28.133621301 27.5624064664 27.7985111533 27.9070965686 27.9763521415 27.5362623037 27.6661459304 28.0819665694 27.7992677216 27.5257161633 28.0163900806 27.8860456633 27.8251611166 27.8550081122 27.7304495299 27.7282350767 27.7404084023 27.5876481746 28.0018378072 27.7413140434 27.5629701503 28.1686132826 27.7270655198 27.9641815159 27.6320148313 28.061733966 27.651329046 27.8753468152 27.903510213 27.5122423153 27.6104576625 27.8428786392 27.6132091259 27.6376258484 27.5041295185 27.9338363519 27.549380625 28.2055374728 27.6149444762 27.8226691961 27.8971831839 28.0837083143 27.8483973019 28.1692378348
27.6755833666 28.0969298908 27.7741608025 27.7106833462 27.9387916554 27.5863287584 27.5546982941 27.6062740304 27.7789978783 27.7086870256 28.0021422092 27.6864503992 27.8095951639 27.7745144021 28.0621650912 27.5190837195 28.1379430497 28.156561062 27.8812038671 27.5011344734 27.5041244988 27.7127666862 28.1983389656 28.0340772875 28.0594760352 28.0513708077 27.7565064918 27.8398413989 27.9347886718 28.0713623371 27.5379738649 27.7849393971 27.8200117277 28.1425344286 27.8652450384 27.6230553563 27.9400036136 27.6905406761 28.0640695573 27.5246490002 27.7359972749 27.9332966218 27.5144418891 28.0369443644 27.6392715864 27.7717264313 28.0568272965 27.7234809027 27.7029062764 28.1832276187 27.9722285947 27.8902053026 27.6531964527
28.1114248157 27.8439533879 27.5793655598 28.1898178559 27.539001358 27.7208135485 28.0428781974 27.572769958 27.5355558792 27.7218734655 28.0029229713 27.9147939967 27.5966453168 27.5215417076 28.0985522265 28.004020854 27.5719170376 28.0359326995 27.9143735352 27.509075998 27.6305670137 27.6017744998 27.8337522794 28.1941784289 27.9801654464 27.7035784353 27.8346697531 27.805448846 27.6795601319 27.5981415876 27.5574973645 27.7642973968 27.7586920985 27.5740667349 28.2062166457 28.0040280215 28.0921901259 28.0783630506 28.1977386626 28.1658723894 28.0572198033 28.1698576553 27.590341315 27.9308786955 27.6323947258 27.926539495 28.1798975518 27.5164560933 27.874050757 27.6178449293 28.1983081602 27.724082805 28.1078195489
27.8351776347 28.1788533115 27.5817785677 27.8861895371 27.9943194524 27.5171823569 28.1287639533 27.9846380937 27.6567327621 28.1431750338 27.5357949461 27.5134562321 28.0767002338 27.5708590245 28.1756444604 28.1062198349 27.8087873134 27.8343225839 27.6086432491 27.8238103029 27.9288810779 27.735346341 27.7647434344 28.0678672038 27.5411404144 27.5774246662 28.01419629 27.9259470905 28.1982804789 27.9081726732 27.9753137686 27.5184442699 27.9542679205 27.9194321759 27.9579186817 28.1816095455 28.1930228518 28.0950086555 28.1047484888 27.6457262746 28.1336059641 27.8654644089 28.1620512874 27.7935758383 27.9430798009 27.5800778931 27.8141319381 28.1407235617 28.1722236015 27.5636732271 27.5108577546 28.1021572891 27.9883306193
27.6456551353 28.0012811718 27.6361817027 28.136038396 27.5443821968 28.0853191455 28.1309215107 28.050296674 27.5422725855 27.6946122217 27.8279175007 28.0862632534 27.783440952 27.5881333041 27.9107508135 27.9634665877 27.6319782218 27.6860144664 27.9674689278 27.9310900709 28.1934787604 27.9121672637 27.6710728946 27.6116703714 27.8158125501 28.1221099687 27.6950361692 27.6750634662 27.8382968307 27.9014814437 27.7332026147 28.0892781965 28.1508960741 27.8153663207 27.7917920353 28.1888944129 27.9826059911 27.9291409119 27.7472873438 28.060690234 27.9035511064 28.1660834851 27.8410617076 27.7052826274 27.996121637 27.7534572345 27.8927659831 27.7205680213 27.7565431731 27.8553047424 27.5029880194 27.9576016503 27.917579272
27.6035518731 28.0142025542 27.8064004579 27.8681310894 28.0932686339 28.1514948028 27.6618660317 28.1347089883 27.6872950983 27.6011428178 27.6046200773 28.1116115388 28.0074195946 28.1469036243 27.7915565562 27.7968964848 27.5719964413 27.6483387438 27.5901044089 27.8144107469 27.9840694617 27.6355671526 27.7687283255 28.0118837964 27.8179136449 27.5655349176 27.7283812692 27.7410558295 27.6005305283 27.5740957232 28.086061491 27.8964470024 27.9297209161 27.8276932079 28.0619158982 28.1170117049 27.5104412018 27.5533544218 27.5075680242 27.5486024509 27.7402954683 27.6314993639 27.8826367404 27.9474819378 28.0938271388 27.6575194314 27.8792903817 28.0156919258 27.6827569488 27.7875777393 27.8920116941 27.5726314648 28.1674211987
