Spatial_Output/90% DEC/90DEC_0657.asc
NCOLS 155
NROWS 192
XLLCORNER 196769.923733
YLLCORNER 449719.875193
CELLSIZE 27.603701
NODATA_VALUE NaN
[rows 23 to 45 of 192, columns 53 to 105 of 155]
28.9643523807 24.7948389288 27.6040580282 27.5900282208 27.9820835571 28.6482283166 25.4077818139 28.0588604681 26.3163254073 27.7020987632 28.6589948283 24.6664951933 29.3628856835 25.2785050236 27.0141586383 26.3401659752 27.043473838 27.3401095695 24.6250332117 26.2400473088 26.3138085252 25.5450794007 29.2907263417 24.7643951453 28.7108813798 25.0241843979 27.305538698 27.4196904496 25.9111663605 25.4708320379 25.5015750703 28.896345286 27.41976591 26.8591213497 27.3678565418 28.8057575492 24.7381216815 26.3235776867 27.2851453607 28.048279521 24.7240683471 27.3111727902 25.2177851881 24.5037638716 28.991189946 26.7243786999 26.9027638703 25.3490089347 28.2329552603 26.0296468993 25.3387060142 26.9480199151 29.0850550326
26.9896899341 26.3584905936 26.7092522683 27.6682986898 27.5342318574 25.8731653776 26.720659934 26.0221579224 26.9739363435 28.8297957646 25.5213325333 25.9968676053 25.1425571818 25.3045739469 27.0404359605 24.9209419511 26.4182726473 27.3139810941 25.9891411746 25.1637127783 27.3177158219 26.1160506159 28.5784182508 27.620813883 26.2374455066 28.0690993575 25.2509331388 26.1910581319 26.8843744144 26.378593462 27.3152754614 27.5619510352 25.9329938214 28.746930936 25.7222101009 27.4230103157 25.9297542798 28.1353354289 26.0065938526 24.8829004181 25.8048758364 27.4501907267 25.1211887282 27.6338126478 29.2921233977 24.9020001994 25.4168052466 25.8630181982 27.2232394068 26.2390918601 25.7426846348 24.8080474724 25.2961505478
26.2683394776 25.0508522465 26.714254241 24.9057317928 29.2508830658 28.9305774247 29.2793740008 25.9267812428 24.5272912969 26.1319943161 27.0597878505 25.3575616755 25.2468830425 28.6546242335 28.1564814555 29.3385420945 29.4446699344 28.8088066544 28.0722853498 28.2622278773 26.6999334817 28.2976075053 27.9610870714 27.6033276727 28.6899555792 25.7757771531 25.6082074836 25.9215298692 28.0890931667 25.5981673438 25.0874847795 24.9906700368 27.4528465599 25.7439112289 25.8000435377 25.1731138123 25.9933424782 28.2349169062 25.7228604536 27.5355168262 26.8211226377 27.5584249775 25.5708613658 26.7773911734 28.1439669255 28.1019169175 27.1092868242 28.1952094726 28.9942695359 25.4147731166 29.1093382704 27.522883011 26.5302231727
25.1755944775 25.6516644529 26.7814594196 26.2507680073 25.4861427779 26.0083494238 28.6468928215 29.3131960982 26.5364282043 25.4853266511 28.9496570614 26.5039327192 24.6005440464 26.3845212775 27.7593021934 27.5614409437 25.1153962882 27.1113165591 26.793116762 28.1413099981 28.7020408896 29.3686795492 25.5171151525 28.3334877959 29.4057857417 28.0080890382 25.7589057502 27.8322634332 27.1594649191 29.0435525052 27.0989016048 24.9189477508 28.7016440916 27.3963432051 27.6298002134 28.0224055656 27.1922612314 26.7976647476 28.5724953563 26.6832417177 27.5620815785 27.1829697739 28.6514039316 27.7035458851 26.7742260182 26.9867167987 29.0169671055 29.1493582978 26.7730151181 27.1119485077 24.8079657376 26.5104298836 28.1424251606
29.1933681501 25.333848399 28.3753542187 27.4221579303 26.6685422927 29.1405920868 24.9730082663 27.1024765475 25.3644131613 26.4429382929 26.7710042215 25.6389643424 27.4612294851 25.2173000045 27.1113923741 28.0907814666 25.3768195014 28.7763702722 25.7489813556 28.4442016419 25.4187596386 24.9772211832 26.3463326557 24.9252980797 24.7337988139 28.201552659 27.7466169864 27.0175682522 25.4349755987 27.5335104093 28.3760802496 28.1244237475 27.4907108356 28.0419724757 27.836685966 28.7422232084 24.6618759146 25.7012087688 25.304756898 28.0127188474 25.4484100443 26.3608042583 27.4416853017 25.7574861598 29.2465613644 27.4037474011 26.867450794 27.9990644187 25.634664569 25.9250004611 24.5994462062 25.1435193813 29.2406692651
26.4780589938 26.1537639494 25.4003500351 28.3510128855 25.3297773944 24.7282219021 24.9309120813 28.0633240183 29.3113838657 25.6050960803 27.8914129327 25.5776808421 27.4198036412 25.0377198469 24.8984168866 25.8494702162 28.0557234512 28.8252858149 26.386450713 27.8653157106 26.5546799804 27.7161197337 27.2914461651 25.518801858 27.7885897751 25.3950288455 24.731170585 25.1114264204 26.2861496989 25.2122871549 28.5389320623 26.6068055231 29.0848238201 26.4841530666 27.4526172506 29.3651366569 26.1278332611 29.0883975367 25.1253676857 26.5014719571 28.7318293222 28.018250225 25.5692356422 29.0831565246 25.8241566852 26.936342673 26.4991545683 26.292460142 29.3846847972 28.3722171674 26.9632043079 26.9367425389 28.4243644197
28.1768351447 27.684004881 26.5899190519 26.646396517 24.6735017013 25.7345167039 27.8678257197 29.0568044473 26.0905621032 26.2226990305 25.5306115805 25.3815123969 25.7827202876 28.9188822114 25.8951305662 27.620601693 29.1198080291 26.3264728001 27.0137586026 26.9228944233 28.5196844049 25.1359612373 28.8670942913 28.8131316475 26.539008976 24.607935222 25.7073723527 29.2219106989 25.0405391342 27.2304801654 28.1727285026 25.367265963 26.5928193957 27.9158437133 28.4578527992 24.5258461736 26.2173042843 29.2044233341 25.6853113074 24.9649313378 27.3202228687 27.9118172032 27.5945639589 25.8389529425 29.1604227146 27.2620145009 26.7659396169 25.6001438179 26.2611737793 27.1521656322 26.257695164 24.9922420487 25.1648465016
26.3928084021 25.1717728713 27.5403586472 28.9772476905 24.7504520191 28.129492163 24.8753361695 28.6732315761 28.7380393439 27.0136453276 27.3281176078 25.9611572292 26.277959266 25.1330712927 24.5332337517 25.9248219623 27.2211911934 27.0715560287 28.088364124 27.9584568308 29.2281740543 27.6729474631 25.7170613022 26.3708037216 29.0972834157 26.8637643139 29.1689933769 25.9469055297 29.4312287891 26.5929932813 28.9099207559 26.1654244202 28.6305241752 27.4250626761 26.887877448 28.9554482574 26.7698067998 27.8909465744 29.1274715944 26.1192237192 27.4109127066 24.5802505396 26.1336667949 26.5469037935 29.1492384539 25.5198410231 24.8998645304 27.3944420684 28.1648998288 28.2018358374 26.1382308297 29.1131407063 27.272339565
26.7095411781 27.4686518639 27.814680857 24.9649690184 26.687420233 27.6638857061 26.702552669 29.3233617003 24.8815363223 25.9668317928 25.7847798416 26.8191842106 26.510692916 25.4558979487 26.2791824107 25.9666953358 26.3632179551 29.1594734355 26.3574778088 29.0553100639 26.7222955416 25.4808280034 25.3373889777 25.5997220836 26.1213818324 27.6679947517 25.2148716822 27.5376531276 27.1389017806 26.9661375205 26.6112081157 27.4397338118 26.9135621819 27.7370283945 25.3232182013 25.2692690881 29.3082006297 27.0797886506 26.1831016715 26.8049236925 28.3777276416 28.1591708241 26.8777236933 28.5778642353 26.6382612211 27.8168056505 28.3733311964 28.8794678317 26.4584403702 28.2406300377 28.7477430973 28.5913645433 29.1010515736
27.4146551807 27.7537658962 25.7012855713 29.4394119113 26.2030220753 25.8864579424 27.97503229 29.1524148763 25.456504083 27.1630836606 27.6830328201 27.8677513566 25.8057298627 26.7349394363 24.6208197705 28.4602627092 29.005657547 24.6726851657 25.3233643799 25.4835783376 29.069784468 24.7660206647 26.8510723671 25.3600831502 24.6784606939 25.8502274029 25.9511514048 28.8147578216 29.3944048772 27.2818794343 25.805159337 27.717221345 25.5851649295 25.9227704046 29.0285839742 28.5291806578 28.9535477373 25.5038497708 27.4376003376 26.9043703243 26.6849554742 28.0857811145 26.3219779007 27.257527502 25.0904802837 24.8114268614 26.4639310829 26.7828777058 25.6143500589 26.2340842023 26.6510935691 27.0999468473 28.7610628664
27.3685036261 27.0355070582 27.4501575487 25.2374221993 25.9516366745 25.7413393074 25.3457672115 26.1718828042 28.7182041577 28.7645272139 27.4113469491 25.3452373164 26.8856481637 26.4748703756 28.9676456638 26.0900019995 24.8661550112 29.2802302506 25.0174969196 28.9622406265 26.183685769 26.5567757989 28.6035414628 25.3911007593 27.1160637829 25.9398306935 26.7351506083 28.8424965361 27.9484852596 27.8844476498 27.5377540945 27.928308377 26.1073680555 24.9330171536 27.8285655304 26.476474695 26.4352371297 27.9549931624 24.9158565171 28.092064544 28.5142368693 24.9920264973 25.8558809388 24.9814903807 28.5894265708 29.1476628785 24.8289200159 25.4683441812 27.7155715196 28.4339011616 24.9926316135 27.0215907317 24.7905171285
28.9695447263 27.1781414965 28.110911771 24.568990039 27.2043026158 25.7944840557 26.7966769208 26.650474656 24.8101017067 25.2052184988 28.5194280936 28.5321318802 28.0726869191 26.6592886533 28.6898558513 28.0030805351 25.4069115646 26.6989138744 24.9419532012 26.4420901447 27.8733170537 28.4385145095 26.7254547019 24.6971608563 28.9761090477 26.2570966021 27.651797045 25.5740085004 26.2191716112 29.1385530593 27.4662411564 29.4113803802 26.6021013792 26.0739610724 25.4402953926 25.5585057634 26.8090400654 26.5157035286 25.0842618311 27.0878261448 26.7598227409 26.2359069062 25.5519840228 27.4591016443 29.010801288 29.0980896776 28.6624360722 26.1666561526 28.8736972368 25.407805117 27.1475304323 25.6442021671 27.5202564509
25.0226862213 28.9199598729 27.0878975332 26.6577252432 28.5917262371 25.1135313259 25.6125589917 29.2847481645 29.0522635856 28.164726434 28.5001212057 28.3684099077 29.3152207975 27.3891660274 28.8947121027 26.105828836 27.8436743363 25.3693541633 26.8386358346 24.7018210491 29.3977399671 28.6082339008 26.1598011308 29.1796874575 27.5290183545 25.0133232772 26.2013963211 26.6491153278 29.0145748302 27.0696047025 24.6361826186 29.2715036612 28.6617709993 27.0584244303 25.9680744812 25.2862653449 27.3766153843 25.0131115043 27.0417240499 28.5667694346 29.4339467151 24.7372024206 26.3996829123 25.237545844 25.8868362397 26.7832196814 24.5036418751 25.7197359267 24.5987893779 25.2165299628 26.202717514 24.9219298657 25.9477724861
28.5510506493 26.5351162502 25.1878512886 24.8934722712 26.8746050348 29.1282512354 26.1157965402 29.4448213357 25.6876328331 25.7346107974 27.7269099033 26.9918497246 25.3810367542 26.8266495649 29.2225718133 25.9174728048 28.6222547119 24.7727146877 28.6924938751 24.7909750723 28.6366878686 25.7963067309 24.6396690105 26.480613876 24.6307564528 26.4599312204 26.9049319699 27.167388366 28.4411818643 25.3867605052 25.5529997039 27.1411637431 28.8395875759 25.11061094 25.6679114775 26.0015147112 26.4551920504 26.0185839923 25.7471485326 27.8099250132 25.5180922791 29.3263212143 24.5498478368 28.8680166746 24.6238175902 24.7616033656 24.6106651 27.6703860856 26.7702775568 26.8121097709 24.5244816715 25.8214307304 28.4118520243
28.7333255952 28.1201480836 25.3219398335 25.6153060082 26.5323197994 28.7586662469 27.0727564445 26.5039918231 27.7564827122 25.3517194591 27.2738784687 26.0302420871 28.9211638947 25.3194139722 27.8765104084 25.4931570058 27.6429645245 29.0933657523 26.2856256065 25.5811895037 28.5714356971 28.4096452888 29.3760508475 28.7380305183 27.1105704315 28.6581574393 29.019149666 25.9474515679 29.3984539498 27.7764453384 27.4053169941 24.9114149939 25.6381824975 25.0654158754 26.096900554 27.1389319745 27.0301186985 24.661749533 27.1070766832 28.3385005192 28.6959025479 26.3507896932 27.2009806844 26.4700537647 28.7557695226 29.1957875742 27.0475215214 25.9224279348 27.5776871125 27.1828006553 27.7109122234 26.5157378527 25.0653069991
24.9508748714 29.1503493034 25.3133606622 28.4001054107 28.870714567 26.4400548544 24.6628173607 24.5894449824 28.6827730083 27.9988532153 26.187914056 28.8869549433 27.7903823183 24.739729797 27.4541104724 29.3915416773 25.1882692716 27.7810246684 24.6872748693 27.1428269283 29.1047867349 28.187749636 26.5128266424 29.3697996714 26.1238908854 26.7342402466 25.8965706323 26.8598445442 27.6932913358 24.6814135391 27.7682599103 28.9521483525 26.4294410188 28.3985649193 27.841559524 28.3739691181 25.2215146675 27.0607339576 27.1810836952 28.7061920972 27.3334993475 26.6595549775 25.4146591076 29.050236646 24.6080598261 26.7496172413 27.794408914 26.4243858606 28.9344291099 27.2969377682 27.4326342907 24.7923211656 28.903730377
28.3038419474 28.4864615154 24.7395536375 28.3189916464 24.57802724 26.1304062266 29.1352352092 26.443854483 25.9663168286 28.475608331 24.6234549139 29.0229875113 27.0235670784 28.9308736054 28.377060628 28.0749666482 26.4172651868 25.0689959968 29.2195410765 25.4012697697 24.5381460607 28.4854994197 27.0644008886 26.1615671485 25.8482277361 28.430381146 26.920030586 28.7722035593 27.584623271 26.5645852982 27.3875536358 28.7184652099 26.5791035224 25.4195351172 26.7235758402 29.1425245666 29.3830444291 26.3178971332 28.5037725902 24.5967748873 27.8340111856 26.4282018519 27.5066707815 26.9216694381 28.6679703364 27.2040853467 24.8717021177 28.0845782187 27.5069660689 25.580976361 28.1541846483 28.3320701099 24.8072237362
27.1523633981 26.0849042625 26.0008101374 24.5709241176 29.2946550419 27.7670767393 26.8383989384 25.1077828975 27.8233109477 28.2360683104 26.4754494582 28.4527177926 27.7553777234 26.6699512992 26.5015006559 26.5039485042 28.2931721388 25.9737212382 27.6646488185 28.259412889 26.5534024801 27.9097088123 25.9056064466 29.0091564673 26.4002410407 28.8076806702 25.9043208664 26.8203656708 24.6315673957 28.992972305 28.3978446041 27.1553792515 24.5335634835 24.7758869821 28.6235238983 28.6272813675 28.7921419773 28.196149695 27.3253023231 27.3126491473 27.8710140047 28.3622680464 27.3432416547 27.917935465 26.6146548599 27.9074284018 27.8431726881 29.1347461116 25.1245241163 28.4110628923 28.5722200499 27.8768111876 28.5235635127
29.0757761651 25.1273470292 28.4504476723 27.8400444534 29.3701286072 25.0164393128 28.8725275172 28.7202042441 26.1504126501 27.0608895 28.7774168431 24.7437741331 27.142129885 27.3434931668 25.6970058042 25.5043986978 26.5786683469 28.8764999987 29.0180012047 29.1551554261 27.9571970681 27.8698862476 28.7619047867 28.5122580549 26.3076409656 28.3747404235 25.627273176 27.6168966811 27.1959092068 29.3104393063 24.5400092987 28.2011549464 26.0247908449 29.2527695898 26.7864915682 27.9444210905 28.7698539336 26.1946201267 29.0858364074 29.037347477 25.3614449958 28.2641619637 25.558030053 27.0498814714 28.8290491673 28.4018070652 28.5696813349 28.9236214353 28.8670801033 28.4229941446 27.8205908185 26.8622407607 26.9948578191
52.5251265792 24.8889181287 27.0643741552 26.6062737453 26.7026127959 24.7835749666 25.0479183304 26.5035215384 24.5029872885 26.9394547123 24.8387069979 28.3921099741 25.7442098169 27.8068130565 25.889159487 28.9388437442 28.6663196903 25.8572850018 27.9255600163 24.7382646459 27.5523262051 24.523965812 25.4961782061 27.8299324604 29.199295159 25.2802197951 25.4709279496 28.7482629963 24.7492638923 25.7844923464 26.0944509092 26.9824935498 27.7695196447 28.3526744054 27.9999390732 28.9764095562 25.3226601143 27.2873876924 28.7747453373 26.2558977211 25.0133151521 28.7817055149 25.6106820894 27.9575542534 27.6507146021 25.9930006433 27.2538148427 28.2104705963 26.3097013645 28.5196510551 26.7350638487 26.2568697427 28.6668881946
52.5251265792 52.5251265792 28.6607578915 25.878141645 25.9994132339 24.95105116 27.8044432892 27.9461485749 25.2140818943 26.0416008311 24.9648117191 27.8757581495 24.6587603777 24.8796608028 28.5134879177 28.5665908943 28.1551289082 28.4674972347 26.3396358465 28.1818359018 26.5407524308 25.11887439 25.588623588 28.4025009542 25.1851109001 26.2829547235 26.4853835863 28.4281950004 29.212714909 27.7515236112 26.6822930725 26.4775212242 26.8241724798 26.9517304316 24.7010341874 26.374476992 26.7943732433 28.4641845894 25.3071691097 26.2010981279 28.3218682684 26.9860462602 24.5447555173 26.0194050071 27.6647691068 24.8886703671 29.2157985151 27.2768040308 27.0037748521 27.0590637211 27.7681421998 24.6469808652 25.6672074755
52.5251265792 25.1555100144 27.1741289426 28.1803285146 28.9679006261 24.7961720328 25.5279823265 27.4711443989 24.7670947828 28.2711401871 25.7078340963 25.4190030367 27.0566311074 27.5013173439 26.5413614504 28.5186241735 26.2481023963 27.0446200726 27.9548716022 28.7383467475 27.9833304642 27.2054966372 27.583749345 25.5105074905 29.2238518833 26.3196102393 27.983758547 27.290820502 28.1110148292 27.7777207572 24.7665710773 25.8042947981 27.7610237324 25.9213322204 28.3035806239 28.980304654 25.5131380845 27.2649563184 29.0072099743 24.5286476404 24.5097074153 28.3955360729 25.2603506249 26.1002132877 28.0157358519 25.0826345038 26.5753762632 27.7264504735 26.8249171313 27.6263120569 27.6984723488 27.1197217029 25.7463744667
28.7869280602 27.4407485923 28.9101723027 25.2888516689 24.9544431595 24.916208708 24.7114852769 26.6246339032 24.6754314156 25.3671474423 25.7592626818 27.7781859608 28.9407831828 27.7164925345 24.5613427014 26.8474826266 63.0146420031 24.8058088801 26.2877888397 25.4936057112 28.8950337273 25.7757057982 27.2547543854 25.3035023928 26.3151317438 28.6515168255 25.2285493816 26.2227561306 26.1736504713 25.4064441107 25.7068924628 27.7585810431 25.7127540692 27.4507562164 26.1048497223 29.40950005 26.226367697 28.0579042367 25.2588273935 25.8330296597 26.489205177 27.9796349336 29.031278196 27.7412522862 26.6050886073 24.5896305242 29.1235381795 27.2751843474 25.31769998 28.2731543821 26.362448163 27.1415462622 29.3897431135
