Spatial_Output/90% DEC/90DEC_0155.asc
NCOLS 155
NROWS 192
XLLCORNER 196769.923733
YLLCORNER 449719.875193
CELLSIZE 27.603701
NODATA_VALUE NaN
[rows 115 to 137 of 192, columns 53 to 105 of 155]
44.726996694 44.6956243255 44.9227482421 45.1354921738 45.0252047116 45.1039525909 45.0946910099 44.5977294878 45.1869255341 44.9249997767 44.7868704077 44.9809227095 44.7118006132 45.1936167259 44.6344270281 44.5888416407 44.9546179272 44.9588478097 44.674229178 44.8132689066 44.9579504492 44.7677285246 45.0478471994 45.1923342425 44.5947706731 44.7139835817 44.5264846115 44.9681083122 44.5142677474 45.036483485 44.656628662 44.8567883008 44.7055502345 44.6481616001 44.9576201674 44.9922753375 44.9383864046 44.6525045359 44.9892722276 45.1329399624 45.1474658153 45.0857200881 44.9701416659 44.9189332197 44.6151729767 44.904089321 44.8102855469 45.1192221132 44.9572371961 45.0760523731 44.8123396564 44.913655704 44.9936963781
44.950829219 45.1133147353 44.9240950361 45.182544022 44.8724152923 44.7931643052 45.1034199846 44.5658765149 45.1367164955 45.0651545821 45.120316245 44.6201622233 44.7996852412 45.0474551857 44.7604822801 44.5755462691 44.8297078046 45.092666962 44.5156648359 44.9580288636 44.9422310922 44.5562338248 44.8186678463 44.8175872052 44.6060749908 45.0787565665 44.9282502672 44.5870347207 44.7320808224 45.1342671937 44.8088537988 45.0668402335 44.511032663 44.9644058098 44.9309323857 44.6781761381 44.8895550077 44.8621096467 44.5879040879 44.5484929635 45.1339929817 44.7147080904 44.649098651 44.9467099827 45.0282590914 44.6273693449 44.8549714533 44.6209582605 45.0054434716 44.8839893849 44.8464734783 45.0336725406 45.0207522207
44.8618227808 44.9036729259 45.1979528318 45.127930498 44.5397213133 44.985596011 44.6674115209 45.1965080462 45.0973161293 44.542144594 44.871722798 44.5069015725 45.1093098039 44.7972663625 44.7024462876 44.8364092545 45.1941429055 44.9127843141 44.5954050323 45.0949693131 45.1184443935 44.6442785817 44.6819906128 44.7899496053 45.206146496 44.6136970498 44.8632901232 44.9564850168 44.8582036381 44.9245303407 44.8840012294 44.5554495983 44.9355641574 44.8911555699 45.1647239595 44.965010301 44.9600770916 44.7097268242 44.5982996115 44.8594007062 44.727913615 44.8452393224 44.9166762876 45.1234647322 44.6535568877 44.8286667419 44.7589979655 44.8554280686 44.5307346829 45.0370376338 44.7522748043 44.7972303121 44.7920804502
45.1769589492 44.5628370154 45.0267811794 44.7734116122 44.7470488629 45.0000574198 44.6574575048 45.152420999 44.7562422538 45.1916405028 44.9278326912 45.0151041034 45.0289734241 44.786360558 44.7800892295 44.7863033762 45.1123088355 45.0797904802 44.6155287041 44.7191223377 44.5172963467 44.7762272604 44.5511080082 44.5929067952 45.1906136956 44.7983129524 45.1222846698 45.0426875837 44.8939230837 44.7288516659 44.8207009391 44.8801997403 45.1254046121 45.0520084655 44.7072200475 45.0200484391 44.5087521416 44.970226587 45.0150836771 45.1706533533 45.1740909234 44.8380882815 44.7050608161 44.8609276299 44.948382489 44.729795077 45.0838673734 44.6103638729 44.8206566463 45.0697460637 45.0467642415 45.1096483889 44.7309913554
44.9472927225 44.9062120758 44.5913096462 44.9025778954 44.7509840046 44.8650858075 44.6810444299 44.8053787186 44.9392254513 45.1726847854 45.1516916522 44.921248692 44.7192874352 45.1632572383 44.7106417462 44.9756480597 44.8803692927 44.5081608495 45.135752574 45.1156970092 44.7327494001 44.6010495386 44.9777625101 44.6459698224 44.5767235368 45.1499136424 44.9853375628 44.9334554316 45.0530123088 44.9434805361 44.8282829143 44.9642014121 44.5745101321 45.1161906278 45.0259484101 44.7053215788 44.6313570438 44.7026702078 44.5887229207 44.9932853781 44.7624264253 45.1167890848 44.9437998794 44.6492031291 44.8281423713 44.8001384228 44.5706058215 44.5089209952 44.6784610509 44.9692126291 44.7637457017 44.7642048925 44.8119636424
44.8143120481 45.1480064272 45.0043067922 44.5163054247 44.9922915616 44.5248645238 44.6910241068 44.5749908936 44.6084384577 45.0893832375 45.0361976821 44.6718808619 44.7382766841 44.5007137138 44.5013556937 45.0404564642 44.5347812182 44.9674543681 44.5735868344 44.5178028537 45.1876212516 44.6143576138 44.80529457 44.8416995766 44.6419155158 44.8958882772 44.5108991719 44.8666594445 44.6645116294 44.661051846 44.5541630909 45.0805488962 44.8799039717 45.1856114453 44.714423842 44.7162392707 44.5717667929 44.8302885975 45.0034239992 44.658330985 44.9368462876 44.6006986368 44.8366623947 44.9182967779 44.6290099429 44.6941612931 44.9918626465 44.9269306387 44.962816853 44.577148388 44.875754455 45.0503683419 45.160989577
45.2009429251 44.797728895 44.7827732309 45.0926323389 45.1940310559 45.0125389811 44.8164029377 44.7573927269 45.0167928021 44.9807416957 44.5747730482 45.1879024031 45.1755938674 45.1433219977 44.7187590581 45.1025269902 44.9486954872 44.709534588 44.6701949359 44.5860955403 44.6733036815 44.6051215816 44.8726350258 44.849829338 44.6273206838 45.1916006568 45.1473503955 44.9704480611 44.842505553 44.956335017 44.6829330803 44.8490595223 45.1076554504 44.6336077782 44.6099011226 44.8914967217 45.1265783409 44.5624629681 44.5849475267 44.5208385078 44.9361946776 44.9186861817 45.0240500109 45.0288511627 45.0703588158 44.6094813714 44.9153631766 44.5903716798 45.2018624101 44.8477964545 44.8191862597 44.8594952888 44.7131726107
44.8090706958 44.7953854733 44.5122206904 44.5504129619 44.8770044088 45.0652809943 44.7181718919 45.0353875338 45.1660394325 44.7727913031 44.744601173 44.8297237407 45.0810324134 45.0822679385 44.6623011609 45.1185181907 44.5383649529 44.9495880425 44.7650234173 45.1162556668 45.0918138148 44.9536703089 44.9753799473 45.1088591752 44.5412425808 45.1721311555 44.9911149804 44.7570068568 44.7373554835 44.7788429948 45.187637756 44.6202417546 44.7674803406 44.8667030337 44.5137886068 44.7221558079 44.7489649034 44.9040063428 45.1292951511 44.5726697612 44.8584134414 44.9234584785 45.1344025972 44.9911595839 44.9273144759 45.2069175817 44.9577024199 44.6331005468 45.1983507582 44.6272519768 45.0751786426 44.6641345984 44.9100075952
44.6370834952 44.5017340968 44.7889516527 44.7282593038 44.9576987307 44.8606922028 44.9323603333 44.6446391948 44.9942329923 45.0796751032 45.195627475 44.6741990776 44.6350394527 44.80079891 45.032951896 44.9246484654 44.8248670997 45.0225038789 44.7127674213 44.5253474377 44.6760275635 45.1076119736 44.7853642938 44.9817201582 44.7581728201 44.8145672532 44.5822099435 44.6709418422 45.1364379317 44.9778571187 44.70646906 44.7441311449 45.1873342238 45.0426887776 44.8173000658 44.6349451836 44.8538346388 45.1524488954 44.5979393066 44.5597599458 44.666871646 44.6292663077 45.1290509311 44.8609309553 44.8472881637 44.910536339 44.8184718373 44.5210235034 45.1588736041 44.5398269482 44.5698718807 44.5469254457 44.7096091006
44.8145246119 45.0246561538 44.8084590151 44.682210389 44.8698551986 44.8658327645 45.0883757058 44.6773374851 45.0252738768 44.9009672496 44.6990417896 44.6124283268 44.6391217453 44.9474713649 44.8807026863 44.550518892 45.0596920248 45.2070667538 44.5430539809 44.8291364779 45.0650055387 45.0502369033 45.0470571439 44.912886162 44.6645544033 44.5512056193 44.9630296937 44.5372054029 44.8821775029 44.5418850065 44.5978380089 44.8197222896 44.7664950481 45.1519861157 44.5398389122 44.8517818446 44.7545388598 44.9131386555 44.9178516916 44.979092248 45.0632481304 44.7957321249 45.0201335368 45.1454524813 44.8342843729 44.8640841612 44.6508826181 44.741987577 44.9790126464 44.5866591676 44.7376196693 45.150755023 44.5158478599
44.8042007561 44.5096379308 45.0641111301 44.7987650896 45.0125577032 44.726537421 45.089310438 44.6810977012 45.0869340036 45.106191333 44.676117951 44.5892216688 44.7317638562 45.0831490652 44.5852466983 44.5214619907 44.6482523429 44.8666943633 44.6295989432 44.7424676933 44.8834314477 44.8674774093 45.1281502862 44.5113593781 44.9502659591 45.0745782142 45.0629330484 44.8544758176 45.0624156143 45.1553186425 44.8683899533 45.0616191498 44.9518440362 44.8035982696 44.9746912511 45.0455581177 44.6121292292 44.7086895278 44.6623110055 44.6805412588 45.1540731802 44.8031345152 44.9417272669 44.842923659 44.9205249601 44.5512823355 44.9766489381 44.8961108282 44.5972776377 44.8353157051 44.9695185144 45.1440644693 45.0564450972
44.9368667247 44.9391892303 44.8086648701 44.9468089866 44.7329700635 44.6251671832 44.9408567092 44.5542828097 45.1255651388 44.6812134004 45.1963404944 44.9105547162 45.0327468535 45.1794376151 44.6323104666 44.6255268552 44.6343536094 44.5492528719 44.9658377679 44.5959483232 45.1158796427 44.7227815585 45.1407687181 45.0037927112 45.1627647058 45.1498069297 44.7051011504 44.7296409654 45.1875489702 45.0687843046 45.1095368448 44.6929803293 45.0008527708 45.182429235 45.1960321589 45.1548977861 45.2056403022 44.6315870906 44.9558853971 44.9411895431 44.8766267817 44.7681378331 44.7619855509 44.8038838732 44.9402811636 44.5969778831 44.8648855281 44.8375650995 45.1268343432 44.7223212764 44.8040172435 44.6696059639 44.519231197
44.8300514802 44.9195912333 44.8860747236 44.5399494843 45.2066811275 44.5927837352 44.5505603302 44.7658682676 44.7498559475 44.7996634617 44.9202824973 44.9351258055 44.7350203043 44.687662629 44.5340346567 44.875881931 44.5323153117 45.0744995548 45.0595664111 45.0740567686 44.7339934697 44.6097636611 44.7442677475 44.9354065565 45.04670997 45.0137988423 45.0936086344 44.9371188206 44.5315967621 44.8308858892 45.0274811745 45.0663240503 44.5179495688 44.815481214 44.9235902626 44.9815410067 45.0269555887 45.0553368074 44.9644210808 44.754024383 45.1094197539 44.8624768041 44.9651997536 44.5190023213 44.8898042899 44.895849417 44.6724158367 45.1982551524 44.7563405567 44.5511471888 44.9288214956 44.6727771409 45.1366808169
45.0671696602 45.1285991676 44.5248863637 45.136416422 44.6405256274 44.5955225317 44.7513935106 44.5648623143 45.1214598651 44.7730392784 44.6638174268 44.6016487053 44.6296705455 44.9657235887 44.5631648011 44.5527239136 44.5800959695 44.9202216012 44.7826106584 44.8349262943 45.145693401 45.0229278912 44.9708157609 44.5959587227 44.8530798357 44.7651912854 45.169634934 45.1658533444 44.9870173057 44.5696652433 44.8080167551 45.1184530178 44.8541235906 44.7878279311 44.5753229312 44.8547353822 44.7036299176 44.8935004372 44.8196453721 45.0200100443 45.0430008823 45.1390825585 44.8224537666 44.8922410143 44.6819769769 44.6715925841 44.8773838139 44.9392079179 45.1266051612 45.0539108755 45.1389464769 45.118853244 45.0073751405
44.6469880064 45.1341080709 44.5212463627 45.0117603721 44.6912748207 44.5699141228 44.7230218013 44.5297462028 44.8430056543 45.1983712094 44.7601240929 44.5676602371 44.6802936949 44.680828471 44.5521660181 44.9169469089 45.1985271163 44.7432993157 44.7370320272 44.9443897245 44.9726771543 44.5685523278 44.9411963736 44.5895827959 45.1070719978 44.6066352303 44.5644239802 44.9364530701 44.8959292963 44.7265732603 44.5209527625 44.5638969285 44.5795437941 44.9645774231 45.1740154815 44.7891378861 45.1725825182 44.7833653939 44.8668355716 44.5024153213 44.6158286197 44.7600107515 44.7716852833 45.1467120235 44.9054753298 45.1412421451 44.8988459845 44.9007716223 44.547745232 45.0355973195 44.7624678052 45.0982913151 45.0292635764
45.0215913776 44.7908418438 44.8600808188 44.8665584461 44.5012321198 45.0093112746 45.2008317054 44.5551774731 45.1763960005 44.737103668 44.9839286997 44.6161317286 44.8407344676 44.5887166199 44.5202885778 44.6561275282 44.9228047166 44.9406041156 44.8080704288 44.8160863668 44.7306349775 44.8138609328 44.6404000756 44.7448634565 45.1058923603 44.5900601191 44.5594819099 45.1034605924 44.5386763104 44.5872468851 44.7844509395 44.9461500928 44.859221364 45.0230701237 44.9784756566 44.6881345466 44.8203721745 44.8480807664 45.146688228 44.5860864504 45.1420225755 44.5103934216 45.1602303158 44.5979831727 45.1632995399 44.9150201609 44.7343044234 44.6204288201 44.594029868 44.8254527171 44.9731601649 44.6831638459 44.8566842783
44.7994864882 44.8654804959 45.1627024467 45.1861683323 44.700845054 45.0679497384 44.7000214687 44.726783088 44.5969839633 44.5017195669 45.0703610353 45.1875225793 44.8610839568 44.9544515243 45.0517709259 45.0064222649 44.8271124557 45.1955958185 44.5426316466 44.7647719322 44.9108303665 44.9307746029 44.5241772179 44.970077529 44.6509489749 44.7742703497 44.9724434068 44.6592994005 45.1515082109 44.8350726965 44.9782640713 45.1629335542 45.1593415797 44.7405323792 44.9095993936 45.1269328645 44.8471512343 44.6475750441 45.1361926872 44.7208438417 44.8122257226 45.0370402506 45.1560983207 44.6612945027 45.107370169 44.9716610858 45.0360792136 45.1826366201 44.6118871553 44.5174584347 44.666796516 44.7428819551 44.5945769212
45.1122462483 44.7701860137 45.2047149536 45.1327897651 45.035676577 44.6090705849 44.6862354064 45.1529660622 45.0025859631 44.6639747424 44.6009491114 44.7699963479 45.0127118212 44.721853167 45.0492500502 44.5823760456 45.037937728 45.1098466042 44.5122444541 44.8957006816 44.7913439874 45.1912452441 44.693593537 45.1935556349 44.8160381957 44.741982406 44.5122979809 44.6657630072 44.8189025276 44.7541310015 44.8579497245 45.0377738488 45.0266507658 44.6365124307 44.5531746362 45.0756049124 45.1300267992 44.7507500087 45.100219014 45.0529055009 44.5714327766 44.7140462473 45.1708002211 45.0161359375 45.1171018805 44.7339802675 44.9694130096 44.5348128385 44.8074470818 44.6438673654 44.7711526312 44.8397675743 44.5726216087
44.7465772474 44.7108243237 45.0658146384 45.1137474971 44.912814335 45.0831562803 44.6223573282 44.6228946473 44.5260458426 44.7323861721 45.0657358079 44.6469721523 44.9987105295 44.6610217817 44.8649745557 45.0295327451 44.9498465926 45.1318754583 44.8283885814 44.850223971 44.6875302049 44.7184058295 45.1093352986 44.7963176761 44.786580441 44.8019815799 44.9509688665 44.7220938749 45.1053953185 44.8613420082 44.821498416 44.8718046547 44.7413840681 45.0389606018 44.96697831 44.9462525908 44.6365539573 44.851758938 44.6017206251 44.9872008026 44.8387526976 45.0391453551 44.5190873704 44.9076338614 44.6720030308 45.1870900733 44.5144060041 44.9636076679 44.854020701 44.850215776 45.1038401793 44.6787205411 44.5796424282
44.5655031064 45.0978443707 44.7198658883 44.6397568039 45.1035066136 44.671793074 44.5147327488 45.1188967959 44.5771126303 44.7934202993 45.0059318372 44.6064428545 45.0656546619 44.5981211141 44.8137307638 44.9526151789 44.5514623497 44.9345160737 45.2045345032 44.9028720957 44.8219953341 44.5285147496 44.5749737992 45.1614448612 44.9203769062 44.8021094331 45.0990868333 44.6891197311 45.1967922219 44.718754106 44.5185208272 44.6689149408 44.5723435825 44.9571379526 44.6199847283 44.5556902455 44.5507829292 44.9297099255 44.7640798148 44.8508676847 45.0925586993 44.6683639214 44.6400112551 44.5334924302 44.8065788441 44.835742794 44.7554420246 44.8909430787 44.5457633117 45.1470056874 44.6180340992 45.1144736936 45.034763278
44.7049924535 44.625638017 44.9717955214 45.0631190987 45.0419722671 44.9217679697 44.735242862 44.848850385 45.1537364202 45.0700340031 44.8864721498 44.7013140301 45.0948764588 44.538126814 45.1406204289 44.5870405548 44.6135148937 45.0246683221 44.6462966617 44.9754302202 45.2027775698 44.6211358145 44.6825886133 44.8541417616 44.9151535347 44.6807685484 44.6888870618 44.8229613897 44.663650012 45.138492818 44.5566030389 44.9971866954 44.6932662914 44.8969985602 45.0574940339 45.1020234147 45.0782204046 44.9747751992 45.2021059731 45.1757154481 45.1858800458 45.012240777 45.0867206717 44.9812029708 45.1615310757 44.7583599654 44.8140826365 44.9675025694 44.833122125 44.8263711095 44.5761605872 44.9593719603 44.7368015224
44.7595249768 44.8634245741 44.9317427402 44.5869408716 45.070499213 44.6655069054 45.0054838881 44.750227639 45.1792812607 44.9142568757 44.7633053561 45.1955321936 44.8701693711 44.5637735468 45.09789051 44.8387152458 44.6142628284 44.9375630505 45.0442274165 44.9632607412 45.0245633217 44.7486096964 44.555519528 44.8519592583 45.1372152089 44.554443074 44.9033748512 44.6608998429 44.863337727 44.832208578 44.6619601235 45.0518856103 44.5981171243 44.5947472848 44.9189078356 45.0309040181 45.0205642163 45.1157012886 44.5090383632 44.9233108387 44.8134360359 44.9507818005 44.5711835536 45.1260321012 44.5568651223 44.6378096178 45.0527437937 45.0674218172 45.0970645894 45.1625762066 45.1223898746 44.9043185412 44.5610906323
45.1739989324 44.5016190917 44.9714844041 44.9341473529 44.5309509676 44.8902848925 44.6525809686 45.1690142067 44.5956576832 45.1791646224 44.6601656555 44.7833019643 45.0844532271 44.5165416922 44.7241652359 44.8346673821 44.951606232 44.8773783804 45.151068322 44.5830472938 44.8971040434 44.5472558893 45.1112936348 44.7781209165 44.6683235476 44.9392116043 44.8782342536 44.6008813006 44.5265417575 44.9674501178 44.7391307421 44.6889783834 44.7478887379 44.5942403017 44.5310525336 45.0529535753 44.998085815 45.17002107 44.8506066958 44.8586152109 44.7864852325 44.8811333697 44.7678225726 45.0471354551 44.8311554505 45.0714145063 44.9554417401 44.9836365494 44.6572830427 44.9401029426 45.0064943407 44.8484698582 44.9242883791
