Spatial_Output/90% DEC/90DEC_1125.asc
NCOLS 155
NROWS 192
XLLCORNER 196769.923733
YLLCORNER 449719.875193
CELLSIZE 27.603701
NODATA_VALUE NaN
[rows 161 to 183 of 192, columns 53 to 105 of 155]
30.1866298436 28.9432687564 31.7998788401 29.1813321021 29.2675914116 31.0444834094 30.1793172515 28.9223261013 29.8580082341 30.9680174532 30.6963669059 29.3028292355 28.8483958203 28.6809743185 30.6456382539 31.7731388063 31.210777639 31.9311266577 31.5648230603 30.3679090923 31.155135284 31.8653991147 29.0289234646 29.7529037958 29.8949712188 28.5564717232 29.8102475045 28.6792368745 29.2560436609 31.3523892929 29.3840084933 30.4100587481 29.3975915296 29.0042910373 29.2885068475 31.2321956645 31.2677957411 29.1201918551 29.0728616444 30.2222676003 29.4832641417 29.6489409161 31.0949293013 31.9903256458 31.9353800377 29.2916608576 32.0270462185 31.7599149554 31.3432008613 29.5773881887 28.8126372795 29.1106071025 31.5954928563
31.6308177661 29.3048843243 31.7483150058 28.7615853445 30.304499987 31.6481893061 30.6520127595 28.8626993905 30.409434407 28.9434167923 28.6322631416 30.2766670798 30.6136825863 31.466690659 29.4330247057 30.4223327381 28.6119568211 30.3505111226 30.0767194396 28.87241925 29.1327855329 30.5188170849 28.7733808391 31.2045677733 31.2880581863 29.7242477711 29.5602618463 28.784530822 29.2384079773 28.57985913 30.6207116311 30.7403258533 28.949975605 28.7655831553 29.9836700567 31.7079999584 30.8174849334 30.9530549686 28.7530630597 28.7636015823 29.2748804663 31.7090222246 30.0169743709 31.9646138835 29.7954265777 28.9839653973 30.2260048587 29.2257234841 31.8902902864 28.797893273 31.4940040578 28.6000965699 29.2848614784
0 31.4238239592 28.7926467526 30.8811594036 30.7275877944 30.2177327578 31.7177310563 31.8465080344 31.9450881464 31.2938181612 28.5208190585 31.4751140525 31.2046002054 28.8615942389 30.9237564406 29.0984334342 31.9448732631 29.1538589279 30.012921142 30.3382947052 30.199772939 29.1677942229 31.3173841204 30.3668557051 30.0618946821 31.412952919 30.5038757547 29.9745211263 30.3867221236 28.5144629716 30.2755059423 31.3094267269 31.017494277 31.5791047122 31.8861370723 30.9196648563 31.6598364983 31.8682487155 30.8973789005 28.9427295755 29.4185361407 29.1463132392 31.3085068344 31.82642024 29.9601854101 31.9601054286 29.5257704632 30.3468951958 30.5067707004 29.3009244023 29.7712605691 29.8376130643 29.0675580593
0 0 0 29.8246324999 31.6111458474 28.8053445129 31.0031181678 30.0907587985 30.3099342034 29.938927052 29.4790891871 29.0409410232 29.0162139593 30.7138309238 28.6579729013 29.8437688443 31.6341608604 28.884551558 29.0028197219 29.4367824061 31.0288551926 30.3858893991 29.9967811832 31.650750935 28.7420096045 28.6039846444 29.0624372502 31.6700551886 30.0890472181 31.009126106 29.4388494434 30.583520816 29.4041451164 29.9397411891 28.6169659915 30.6929023032 28.941453411 29.3078281431 29.762434428 29.6446740928 28.727330226 28.6472064433 31.1546694856 29.5415548315 30.697467507 29.8998027302 30.4089200361 31.7015301154 29.6931591849 30.2801341353 31.6970256672 31.182016834 29.1803603661
0 0 0 0 0 0 31.0556754243 29.1636740706 31.9774886896 28.7304511611 28.9215260211 28.8098377845 29.2251997546 30.2413092527 29.7623518093 31.2049421593 30.7031505928 29.6001599986 29.6984538351 31.6148883933 29.5578096083 28.7466951823 28.6078823752 31.0934788909 31.3420104247 29.7197638763 31.5083461428 29.7010171796 29.1724929788 30.4877900466 30.7979590674 30.155096274 31.6312711032 29.0045242325 31.3097626617 28.759145313 29.8538935501 29.1987324244 28.8025461604 30.3538161451 30.6809512775 30.2803104408 28.6025510538 31.3133540394 31.6640825526 29.4826011061 31.3690360286 29.0474949586 29.6684175166 28.964635671 28.5822665003 31.0746717804 32.0257742592
0 0 0 0 0 0 0 0 0 30.0974875307 31.1337862284 32.0127517231 28.9679803945 31.8200498289 28.6330709047 30.1991140264 31.0757441075 0 29.629924826 29.9696334873 31.3860653626 28.9981875153 30.6439995589 31.9586673286 30.8986714934 29.6387600235 30.6489858067 30.957392376 28.5929474672 29.2306235484 31.0159442097 31.0344920314 31.7363546282 30.8088591 29.9136213901 31.1027215843 31.4574420629 30.3187836047 31.4605447293 31.6311589017 28.8371722969 29.1971892112 29.0037302218 31.3906098054 31.143413861 28.668070713 30.0108240554 28.8859244292 31.4135417192 29.6265494938 29.957353364 32.0087086901 31.4479297923
0 0 0 0 0 0 0 0 0 0 0 31.8119489609 30.6439378102 28.7623218867 29.2732061202 29.7649391838 0 0 0 31.8350094653 31.4157474935 29.6700899375 30.8585168342 30.2877818781 30.5907033502 29.4972823997 30.9946616765 29.1824940834 31.7747132916 30.704019615 30.7189888627 29.1579580691 29.8353137845 31.6459033405 29.6378402853 30.474383654 31.2983851593 31.9131814617 31.9058967432 29.001666263 31.2103652269 31.843971177 31.7161291162 31.1574550799 29.3994937417 31.6809167419 30.6739951297 30.0326156981 31.5856462244 31.4676508732 30.5457545681 29.8664768164 31.9768936223
0 0 0 0 0 0 0 0 0 0 0 0 19.8977830049 19.8977830049 65.9304345373 0 0 0 0 0 31.2110093249 29.5471023788 31.5418218028 28.6316884511 31.8904156971 28.9776255053 30.2915928005 28.8953301821 30.7742631798 28.5480709238 30.3532918873 29.0225138789 30.1607451941 28.6815793229 31.929678558 29.0805701131 29.8820914824 28.6436257479 29.6266104035 30.7463596142 31.1656068965 30.0826955028 31.0337089668 29.9955594972 31.3085009385 31.4733831118 29.7637333514 30.8048869695 28.6459949091 28.9935197688 28.8869272107 31.8363538233 30.4532713322
0 0 0 0 0 0 0 0 0 0 0 0 13.1602725742 22.7842053052 29.3176148195 0 0 0 0 0 30.2718033319 30.6030115438 29.2235692931 30.6414422552 30.2232225976 31.8168873739 30.086394733 29.7148715451 29.7783763575 31.7794919184 30.8463111259 30.9578010318 28.7346375608 30.7545183842 29.566780377 28.9855868602 30.4178726924 29.0828921852 30.6407622723 31.8599616859 31.9473378729 29.0200363846 29.6778157422 30.9133882192 31.0405639928 31.2007864287 29.7849601449 30.3664489066 30.0331431524 29.5116995429 29.9132675283 29.2513127053 31.4325616318
0 0 0 0 0 0 0 0 0 0 0 0 22.2751877313 25.8503030731 34.2166422557 0 0 0 0 0 0 29.3764269302 30.0759642747 30.289121738 29.5452806114 30.3543254441 31.0800747304 30.3208705126 29.7583755535 29.2762805169 30.5151510597 31.9914423868 31.2275530332 29.1798000014 31.9143907778 30.0323308058 31.5910379981 29.1607903102 29.1965849814 31.9380330744 31.4839978164 30.5853577261 30.7272753059 31.6966223308 29.8001416261 29.9446875484 31.8704065212 29.953874916 31.1162576224 31.9197324342 31.1389597316 29.6170965808 31.297052552
0 0 0 0 0 0 0 0 0 0 0 0 18.633562354 29.7020595384 27.820080681 0 0 0 0 0 0 0 30.3021197528 30.8465073398 28.564309144 30.6095117091 29.6548250688 30.0569713768 30.4054109773 29.0731364541 31.1226733246 30.7568049496 31.0538350928 29.9532463853 31.299859763 31.7591480571 29.7620233731 30.8433769124 29.0356777149 30.6842178373 28.6214460051 28.5046372793 28.5104295153 28.5318528686 29.3500235703 31.1335007009 29.9331671195 31.3339143829 31.5391874995 28.7353801316 29.0966983214 30.3974134449 30.0354433255
0 0 0 0 0 0 0 0 0 0 0 0 0 0 0 0 0 0 0 0 0 0 0 29.4257356493 31.0570816237 28.8966508602 30.9973592929 29.2905189262 29.9038345552 31.8464442171 29.723387604 30.0236381518 30.2218754373 29.1464693194 29.3307768728 29.6905493603 29.806412736 31.5373433868 29.6054119102 28.7069164524 30.6977230815 29.3007370975 31.0746859965 29.1417396978 29.7401243329 30.1395345852 28.961974767 29.8200671173 31.9658640687 31.0464721784 29.2396688598 30.1903100405 29.3529292584
0 0 0 0 0 0 0 0 0 0 0 0 0 0 0 0 0 0 0 0 0 0 0 0 29.4235444928 30.7833086604 30.4656238266 30.123972877 31.3776636983 31.330988783 29.3824331426 30.0014799319 30.2761422147 31.2499088878 31.6616411515 31.4120350378 30.1614598727 30.5491415014 29.2325795328 29.6482073413 28.6921285938 31.5967126093 30.7318063605 28.5104318761 29.1749291643 31.8501939281 29.0834648311 31.2521097588 31.9339084108 29.4144828457 29.9113446045 30.4369102555 29.8615962734
0 0 0 0 0 0 0 0 0 0 0 0 0 0 0 0 0 0 0 0 0 0 0 0 0 0 0 0 0 0 31.4905682269 28.8079537667 31.3942238063 30.0945144291 31.764310798 28.9544699998 29.2490035728 29.1656332888 30.2505177178 31.9005988207 31.4675855699 31.0455615728 29.8930428149 30.9762475302 31.9599132015 31.1754825943 29.6143466604 30.1740134612 28.673391874 31.1758930173 30.6919359161 31.8199865379 31.9339789507
0 0 0 0 0 0 0 0 0 0 0 0 0 0 0 0 0 0 0 0 0 0 0 0 0 0 0 0 0 0 0 0 0 0 30.7650955653 31.9914715964 28.6867614857 29.5161838283 30.2027519561 31.7415365822 31.8572723461 31.8492765742 31.7416013068 29.3863484317 31.0208757695 29.0923958173 30.0493061268 30.3954442828 29.4322003124 31.4663286898 28.5111494221 31.9224402626 30.1863439235
0 0 0 0 0 0 0 0 0 0 0 0 0 0 0 0 0 0 0 0 0 0 0 0 0 0 0 0 0 0 0 0 0 0 0 28.7904064635 31.9595168375 30.6410226652 30.756403198 31.3179377841 31.7712378063 31.0984319476 31.4341467117 28.6997294882 31.6669378396 32.0047692841 28.9852024442 30.8141847145 29.0370352986 30.8371008861 31.0438751574 31.6672408136 28.9748504019
0 0 0 0 0 0 0 0 0 0 0 0 0 0 0 0 0 0 0 0 0 0 0 0 0 0 0 0 0 0 0 0 0 0 0 0 30.0251884988 29.344719625 31.9688158199 31.6282739964 29.5008580634 30.9020643567 30.0275107116 28.7297196842 31.393811235 28.8340996949 30.6848791105 29.0378111513 31.8812028973 31.8955518572 29.7244018354 28.9562485071 31.7602373087
0 0 0 0 0 0 0 0 0 0 0 0 0 0 0 0 0 0 0 0 0 0 0 0 0 0 0 0 0 0 0 0 0 0 0 0 0 31.3443055457 30.2141053048 29.5704392805 31.8025834203 29.5816890255 31.0149299069 30.6092737713 30.522117536 28.6969169795 29.6382895423 28.7174064815 31.42312755 31.2967083848 29.6001368703 30.2955484371 30.989604038
0 0 0 0 0 0 0 0 0 0 0 0 0 0 0 0 0 0 0 0 0 0 0 0 0 0 0 0 0 0 0 0 0 0 0 0 0 0 31.4551688124 30.9435079669 30.7325973712 30.4135171441 31.7397857193 30.7875167507 31.2007940564 30.6760662018 29.8717119754 29.8792935714 31.4285508452 29.6509288014 29.446679086 29.7933733097 30.7370635251
0 0 0 0 0 0 0 0 0 0 0 0 0 0 0 0 0 0 0 0 0 0 0 0 0 0 0 0 0 0 0 0 0 0 0 0 0 0 0 31.8716616613 29.6009266566 28.5614015298 30.8008330953 28.9957658439 30.732566747 31.0595115586 29.7100695384 28.8503750717 29.6199009087 28.7449873418 29.1947892617 31.747468213 30.7430328122
0 0 0 0 0 0 0 0 0 0 0 0 0 0 0 0 0 0 0 0 0 0 0 0 0 0 0 0 0 0 0 0 0 0 0 0 0 0 0 0 30.5236849941 29.6029976298 30.2692000833 29.6814884153 28.9331173122 30.3218340585 29.6427639047 31.7029140855 30.2137978916 31.4419369227 29.5476693484 30.3454796527 29.4741667973
0 0 0 0 0 0 0 0 0 0 0 0 0 0 0 0 0 0 0 0 0 0 0 0 0 0 0 0 0 0 0 0 0 0 0 0 0 0 0 0 0 29.5923855063 31.9794407141 29.7268649466 30.0995737109 28.6293961541 31.5327102916 30.8065995918 29.4265769385 29.3779966424 29.2437269857 30.9819769172 31.0065448148
0 0 0 0 0 0 0 0 0 0 0 0 0 0 0 0 0 0 0 0 0 0 0 0 0 0 0 0 0 0 0 0 0 0 0 0 0 0 0 0 0 0 30.8148865876 29.3171437362 31.8208283728 31.9666894678 28.8736448906 30.7550446313 29.0956127033 31.0881384429 31.7687488486 31.0118336414 31.4773069023
