Spatial_Output/90% DEC/90DEC_0356.asc
NCOLS 155
NROWS 192
XLLCORNER 196769.923733
YLLCORNER 449719.875193
CELLSIZE 27.603701
NODATA_VALUE NaN
[rows 69 to 91 of 192, columns 0 to 52 of 155]
37.3089791755 36.4036955543 37.3843626381 37.3716761846 36.5668813477 36.3430410764 36.3389291403 36.9851647779 36.2831934381 36.8673018676 36.0778018999 36.0436289827 36.790308777 36.2850894689 36.3890459334 37.3405755556 36.6301608972 37.3478949455 36.2888390196 36.4071359059 36.5875824566 36.178694204 36.9101878431 36.6652887433 37.1063906993 36.5232390181 37.1004211259 36.3165624199 36.9885200996 36.6531878131 37.1763455045 36.4968954334 36.3080987247 36.4596626125 37.05826386 36.7144268351 36.5797629387 36.381432112 36.6918940384 36.730734904 36.043653675 36.9803349902 37.0046178366 36.3352556671 37.2918032655 37.0934493202 36.2526612415 36.3943781356 37.3320111198 36.1026395421 36.2477235111 36.9766518392 36.0437600846
36.4729990725 36.5277354183 37.2716851461 36.9522956133 37.2905524189 37.3772289927 36.7332092728 36.7623895283 36.806981543 36.2082728772 36.1129238357 36.1070272288 36.6273363566 36.7959633885 36.7417462917 36.5170708383 36.0156004738 36.3639373635 37.1913447118 36.512581111 37.1427451574 37.2647541631 37.3591639807 37.1342957427 36.6113029957 36.8274653646 36.1868220127 36.8217889084 36.6226341365 36.2753259009 36.3640712441 37.2751707712 36.2175436913 37.2058636539 36.5721203363 36.3076230445 36.2889199388 36.4017613508 36.5853656706 36.909187483 36.6567653316 36.2826014511 36.9405311063 36.3561070645 37.2205865474 36.9424583069 36.5526190011 36.4815005887 37.0359857544 36.6086932694 36.2756693294 36.8157888032 36.3986386281
36.0076014484 37.12080386 36.8146342222 36.9884621597 36.1648759276 36.3654495003 36.3003500995 37.2234420753 36.0421465478 37.0715425283 37.4089496073 36.5139394791 37.2813576928 36.6754447332 36.4954691686 36.1837493102 36.1732382646 37.2769914478 36.108051237 37.1347909088 37.3309606263 36.0269952412 36.4328513113 36.9832339377 37.2484078428 36.0023252622 37.3686292084 36.6731255199 36.7361086149 36.8276938775 36.7332601466 36.0696143994 36.2242381611 36.9877792412 37.050872846 37.3134208569 36.7333706856 36.1583656019 36.3773308476 37.0214609738 36.1221664932 36.8774615534 36.7815368029 36.649999888 37.0496550447 37.1325349336 36.4553102444 36.0096189178 37.3161098467 36.0090477554 37.011240357 36.5778630275 36.6385336496
37.3208776794 36.7572142621 36.5014903261 36.2129036205 36.768486749 37.2315427455 37.0967505522 36.4747311563 36.3568379307 37.0763457309 36.1895284425 37.3539323423 36.9367370129 36.1104551943 36.869560526 37.2653096233 36.3600914201 36.1533223664 37.1062819966 37.1333158472 37.3778367492 37.0121875789 36.3795395164 36.5843157458 37.0705749591 36.8714158629 36.522398151 37.0105198624 36.6331968668 36.6387038961 36.4618006812 37.1726225358 36.4998432079 36.1001377012 37.2503510981 36.9053262129 36.2373469739 37.2771403686 37.0892060906 36.8044612899 36.6054375611 37.1603458309 36.1567125806 36.5807053234 36.1780955468 36.9067884046 36.0770744195 36.5736221053 37.3196196811 36.2196675056 36.2280185093 36.9896537069 36.8151410902
36.6829167852 37.39706759 37.3885320228 36.2718661177 36.2348930614 36.7027670121 36.5571750193 36.7544006107 37.3413383483 36.510415625 37.0197197211 36.4233921098 36.5067320443 37.2263090189 37.213886256 36.5112078234 36.6857452724 36.3975338885 36.8826218482 36.1198192409 36.8058115619 37.2111934674 36.5458517135 36.4790421766 36.7289327456 36.6514775628 37.0272250875 36.9819811069 36.1468910213 36.6574135947 36.7963864727 36.404220024 36.2132271717 36.4068549295 36.9863972412 36.9372212049 37.0628749569 37.0115802951 37.1328355775 36.1548626365 37.110478315 37.0991732598 36.0435498659 36.251589779 37.3820102346 37.0871090932 36.8844011706 36.7184358626 37.2040652959 37.2224706205 36.4280791243 37.3308707691 37.0928060862
36.5558110106 36.6501264038 36.8376478372 36.8053671231 37.3455961641 37.236725986 36.9010756469 37.1578823801 36.3602195566 37.3724058024 36.2165021335 36.9963829637 36.099568661 36.4383577994 36.2997954384 37.2587664465 37.0089678205 36.3045165816 36.6905384508 36.4477729413 36.052616263 37.25517077 36.7818205915 36.0370841349 36.2545763604 36.6581413295 37.3978731527 37.32353146 36.6194289627 36.7091671295 36.813116522 37.0919726736 36.6710638247 36.342384185 36.5598324156 36.7350797542 37.297992854 37.3047511651 37.3812404683 36.8064739547 36.6726682801 36.8359577117 37.2795328833 36.3082414539 36.4333362957 37.2541212949 37.0970302353 37.0112778151 37.1581263715 36.2119894434 37.2898243179 36.9832119913 36.7042174911
36.4975785044 36.2972171412 37.3747054129 36.7288335588 36.4207052172 37.2372102979 36.0736105072 36.9354090496 36.9958089136 36.4245921523 36.5194359 37.1743964745 36.4155561741 36.6113509126 36.3233300945 36.1458013666 36.6336530963 36.9310076568 37.3867907015 36.2348664026 36.6538787485 36.4000636932 36.0885686527 36.8453667409 36.789351234 36.621614012 37.2499697725 36.7892109735 36.1916994227 36.2562778141 37.2595836903 36.4824287109 37.3931272613 36.0001414193 36.9285342223 37.272377724 36.0085962673 37.3738061807 36.5127979045 37.2667671924 36.559710018 37.4087544527 36.7891449787 36.5769495731 36.6714234191 36.3697388885 36.928927639 37.0502518338 36.8502600751 36.0317163673 36.049783552 36.7562231885 37.080254238
37.1734505672 36.2084360676 36.4125609747 37.2792687957 36.646885181 36.5945897322 36.3032379809 37.0200069695 37.2423129774 36.7286300932 36.0296737036 36.3451092626 37.0257536056 36.5110121039 37.3555368938 36.5458844904 37.3152338883 36.967764397 37.3144032403 36.2922170396 36.3392141738 36.1430819883 36.8012362511 36.5196416277 36.2209351254 36.1782090193 36.5621904874 36.2811670842 37.2698283221 36.709762486 36.5446835053 36.5879702726 36.627482265 37.0079198826 37.3254522331 36.696419698 36.7399887064 37.1066979833 36.7565043579 36.7676372159 36.1699511873 37.1089847475 36.5367270644 36.7126969663 36.257165771 37.2494970127 36.5263469128 37.3852086446 36.2068613781 36.2804120221 37.4115725221 36.1538101708 37.2502977643
37.3383798427 36.8659685167 37.3720158378 36.3673521127 36.4542875049 36.4992536595 37.2612759872 37.0525499409 36.8436671258 36.149119725 36.5578800105 37.3009058055 37.3407575805 36.6450016162 36.59758697 37.3519670927 36.244287538 37.1833637196 36.5705359151 36.9466997035 36.2849860025 36.3413421249 37.1572211698 36.961411973 36.7716352899 36.1820474275 36.3023732626 37.0460607541 37.3114463267 36.6609778799 36.5698428348 36.7636314033 37.0881912144 36.0756947245 36.4185187475 36.3099529365 36.8815259043 36.5827631718 36.4470181792 37.2676314724 36.3822014965 36.0955128386 36.3101938956 36.4984011357 36.7705507452 36.2458224413 36.1850574923 36.5078832192 37.311395896 36.5381509273 36.6927191153 36.3368107756 36.9369351263
36.3379893647 36.9506708966 36.9911942354 36.1688382743 36.5546847107 36.5708213157 37.3653913413 36.3523925186 36.5974938306 36.4957646339 36.2751558219 36.2714452253 36.677316176 37.1556324123 37.0358396594 36.8087868855 36.2398584747 37.1191200657 36.4379903952 36.4661391361 36.823857048 36.2420893585 37.0295081502 36.9625824775 37.1798193497 36.2196274584 36.6779021846 37.0357652292 37.2292836382 36.2380956979 37.2618896079 36.3845852988 36.0218228322 37.1672667405 36.9531490108 37.0481269539 36.9646595021 36.5251303769 36.7616889867 36.3774955396 37.4114068181 36.149202972 37.3224302995 36.7657510864 36.7804241559 37.0168253231 36.2137429061 36.5927079389 37.0162692216 37.1280303139 37.1030648769 37.1245072593 37.2720722343
36.1397738557 36.0593251352 36.8656024225 36.7304009925 37.2064605016 36.0879849076 37.1633802912 36.6600350579 37.0312052741 36.527687638 36.3288212067 37.1695508691 36.0410957677 36.5409381904 36.3238977872 37.1381523003 36.7828422618 37.1268266826 36.2295024599 37.3131945369 36.4035983862 37.1424524255 36.3252590918 36.0380933658 37.300211503 36.8837086364 36.8270134747 36.5535384614 36.6265603514 36.7234479838 37.0092957885 37.0580491245 36.615634801 36.4753604306 37.3048714218 36.5868828079 36.1645609699 37.191096589 37.1476409799 36.7779845242 37.1339544248 36.25407987 37.174204266 37.23424449 36.6401141602 36.8529745504 37.0087200236 37.0086168252 36.8260880319 36.8427583216 37.226672611 36.4753643553 37.1832768295
37.2457175941 36.8281087871 37.3327320284 37.3308844534 36.5205465622 36.2225456676 36.3085390392 36.8543703605 37.1507233052 36.5027812959 37.2333879592 36.8969790928 37.2090931795 36.0033431144 36.8359053198 36.5177130327 36.7759714763 37.3165315386 37.3704644599 36.3486609127 37.0255782148 36.8479820558 37.3056248204 36.274476444 36.1644370343 36.996897409 36.7785428136 37.1131571484 36.6807177277 36.8557041987 36.9172547577 37.0474802365 36.5089215461 36.7938332545 36.2363244154 36.5715184681 36.0994234319 36.6094852848 37.1605071652 36.3987776224 36.6310169023 36.9259838599 37.3960722756 36.1041109243 36.8922375554 37.1392028161 36.007269461 36.4883732411 36.2413801835 36.8898460241 36.1418604578 36.6341905886 36.5098525553
36.6769655841 36.9079183334 36.9693110938 36.1415588544 37.2815288692 36.0764979014 37.3667337986 36.9065612133 37.1047024071 36.7826930445 37.3141697594 37.0200763182 36.6909878417 37.3462848106 36.9059208014 37.4065647117 36.0856857252 37.2752336255 37.0448313733 36.4055299301 37.3647971509 37.3113582218 36.7613234032 36.7090342136 36.6653556436 36.602896825 36.8724975873 36.8046038747 36.2157507547 37.1182104377 36.1187295002 37.204928868 37.2992373207 37.0744155327 37.1515260857 36.5474484453 36.6717005211 36.3383729407 36.6162077483 36.2333921956 36.0274604778 37.1648029748 36.373127696 36.7318016125 36.6491031999 36.8798382044 36.704119462 36.6630963034 37.0135689227 36.9410998528 36.1252807174 37.3429513345 36.3745180945
37.0713518477 36.0297254017 36.9912968168 37.3686953222 36.4506278191 36.394968905 37.1332172856 37.2727337898 37.2305157057 37.3464070438 36.3476396635 37.3490915702 36.8171054476 37.1839569655 37.1434699707 36.9202901125 36.6824687649 36.7869944806 36.3647518232 37.2304555389 36.2163805261 36.7828789711 36.3856207244 36.0447102301 36.2203627003 36.6439955869 36.2492936513 36.1334694153 36.4806383166 36.3271798525 36.9223146767 37.1095951728 36.4014193688 36.1112674556 37.2436276524 36.2525381422 37.0245089245 36.4498710657 36.828709368 36.7743899888 36.4054889094 37.2151814917 36.2868352717 36.1809009338 36.6576135063 37.2279585151 36.6275177475 36.9391121292 37.1990102302 36.4072729344 36.3025158605 37.0974815417 36.5182063127
0 36.7558363528 37.214478036 36.7080755309 36.7846872013 37.4136407976 37.0426809516 37.1223180122 36.7104557739 37.2248841191 36.7380303808 37.1324843241 36.5012476025 36.7846276144 36.4523292629 36.0902362314 36.9462359933 36.1518404095 36.4358364183 36.6913322679 36.330964125 37.2560325311 36.028609144 36.3079533274 36.6785789178 37.4105359452 36.6040899557 36.3128602934 37.1510617962 36.182096134 36.1698789618 36.3165644942 36.0779174986 37.27781009 36.3611554647 36.7113636386 36.673343468 36.8514920441 37.0033917445 36.7158803805 37.2845996247 37.168643984 36.4085179884 37.1124467741 36.4272553472 36.5847737169 36.3275386099 36.911025181 36.0212094562 36.141724405 36.4138295098 36.9126781337 36.6342419789
0 36.2564279808 36.1696165015 37.3349140239 36.7666208885 37.0442095465 36.5698846304 36.2403922627 36.5774627339 36.0498248571 37.2958061227 36.6262903799 36.7850945408 37.2527443744 36.717584913 36.6782277101 36.8738836731 37.323268644 36.9163065334 36.0151239514 36.3705010205 37.1079731836 36.4631193021 36.1926295735 36.1241102595 37.197042186 36.4305890978 36.2427408804 36.4195108769 36.2972314939 36.9083887255 36.7158549598 36.310895247 36.9448010621 36.8670980569 36.3353699769 36.3584029506 37.3163378702 36.4018420429 36.8179497549 37.147785177 37.3455499455 36.7631460164 36.3723106895 36.5462493577 37.1020534004 36.3542793673 37.1105868242 36.1260068678 37.2982833927 36.2670426917 36.6403317924 36.9972614664
0 36.0827311722 36.7101279772 37.055796934 36.1904860932 36.6941073508 36.649122106 36.830804637 36.1245925966 36.466901158 37.1355811509 36.0909993191 36.407936409 36.6970613704 36.3286671536 36.3360471511 36.6393640399 36.5586172333 37.1193547812 36.1423518883 36.5958655288 36.8209446827 37.1446100253 36.9584945483 36.1060722958 36.7649671517 36.8271452408 36.0546288986 36.2012739779 37.4096002463 36.198620985 37.3834390762 36.739320028 36.2716924157 36.8782103419 37.4086016342 36.4296473299 36.9536882743 37.3301208043 36.3674812963 36.2383602629 37.007643246 36.0493606772 36.2627887197 37.3146654906 37.2421757267 37.1203451531 36.5388744565 37.2898411993 36.9455595483 37.272553276 36.6539286813 36.3022639565
0 0 36.7374002271 37.1214065832 37.2446305673 36.9817597193 37.0592488584 36.4450581445 36.1259066677 36.901943981 37.0431428315 36.7902510779 36.6725432736 36.2299953107 37.2094884265 37.3801581215 37.227110718 36.5156963668 36.2674012345 36.9126941945 36.6413497087 37.0341382495 36.0364610473 36.4175674568 36.1585569773 37.1374901237 36.7175779829 36.0088308195 36.8102938968 36.1047230995 36.6401910667 36.0860222796 37.0541295726 37.3475910198 36.5235255034 37.2099676835 36.7979797811 36.4481527514 36.7114715984 37.2283250031 36.3614028498 37.2012683379 37.1370732545 36.5864271084 37.0910018153 36.1905335112 37.2033574462 36.8637784826 37.1695339171 36.0787120873 36.1792461993 37.0301855082 37.394255941
0 0 0 36.5101940852 36.9123983932 36.6469640596 36.5968499533 36.3433650444 37.1822362847 36.8308953305 36.3471414665 36.3905959607 36.2244780482 36.455426165 36.8401691387 37.3228150439 37.1914379383 36.5364913012 37.3398552537 36.9882646173 36.5211769171 36.186287461 36.3609467594 37.0398799288 37.3664541586 36.529813431 37.3238965532 37.0698984891 36.6662337971 36.5196951873 36.3401952652 36.7811641623 36.5128159174 36.8328275121 36.3475778512 36.9884043861 36.6350875555 36.9594010315 36.3089134327 36.2595839297 36.1775077828 37.2390091293 37.0212479779 36.4276497704 36.407480554 36.8142184733 36.5391920965 36.693573929 36.18157791 37.1367349761 36.6923837572 36.5431962032 37.0157223236
82.9362621094 72.667441727 71.6191984731 0 0 36.0824574717 36.3227045404 37.002587517 37.258861876 36.8385700449 36.2029586766 36.8095208019 36.6729209863 36.3615973261 36.2133003348 36.3859184203 36.0388018608 37.3301203496 37.1190481592 36.5045470594 36.1519031181 36.8081755518 37.1091003718 36.557729133 36.3452865576 36.0791563176 36.2641752944 36.4495724589 36.9288927936 36.1563895424 37.2276107492 37.2309086807 36.4503487101 36.6211249412 36.862871441 36.0592088893 36.6185354004 36.6908480908 37.4124224702 36.1723837804 37.3899294717 36.1685944054 37.1591829062 37.2735272755 36.8101314345 36.6809989634 36.1092172928 36.6423808155 37.3754513027 36.9525345274 36.014061244 36.1079209515 36.3158290621
79.9963693458 80.162144711 81.2834337387 0 0 0 36.9956968444 36.2734688797 36.1426643895 36.8483278173 36.4759348157 36.1832894525 36.1235559781 36.0978694503 36.8762720916 36.3474183952 37.0932133636 36.8696287708 36.7675333368 36.6359007839 37.401243305 36.7577805612 36.7249965307 37.3048466714 36.2401782328 36.4829158114 36.1452564474 36.1443719792 36.2985455722 36.4181802952 37.1786946781 37.0359813364 37.1390204391 36.4630854852 37.2820123523 36.0170431907 36.4948464547 36.0124072605 36.8103046344 36.4518583762 37.0927680849 37.0281343599 36.1389936826 36.3975218137 36.7405945477 36.8358484704 36.5819888874 37.0970498203 36.4042485942 36.0000451726 36.9797808835 36.7219783269 37.1463018751
65.2514151745 67.0877850388 73.379019185 0 0 0 36.681184281 36.872211125 36.3496339619 36.2096733733 36.1429556578 37.0674902331 36.6064542935 36.7259016189 37.1427967644 36.1945599751 36.2073755721 36.565105774 37.3969364105 36.2988836936 36.8257542779 36.4146313174 36.3933228405 37.3489000513 36.152135887 36.6186881342 36.0959448363 36.1127940405 36.7753674331 37.0746840919 36.1900757217 36.0365878545 37.2472780252 36.3163698233 37.2016827948 36.6820962845 37.0837631543 36.6387739265 36.2161600244 37.0636586702 36.9300484427 36.8451020033 36.6754911903 36.4796146376 36.2664759055 36.1599563948 36.3302861932 36.6823771779 37.0337347456 36.5155249111 36.7499329017 36.9653584974 37.3051629402
0 0 0 0 0 0 36.7289438462 37.0185843376 37.1261842324 36.5309713371 36.2641642477 36.1624717957 36.27328431 36.3726855523 36.5972112696 37.1477739741 36.2030098086 36.5835386022 37.1694450649 36.9840445262 36.0989718057 36.4839721164 36.639046944 36.5084175258 36.3934666452 36.2562371235 36.9538697154 37.1421819436 36.3051534886 37.0070379224 36.0347478097 37.222791076 36.9080043241 36.1630864279 37.0264275489 36.1253969002 36.5355469911 36.7207521254 36.720784456 37.4038569256 37.0583074222 36.9644573378 36.150142182 36.6856142376 37.2063319508 37.0022776409 37.1325705814 36.9302113664 36.0102256636 36.8981087977 36.1715852276 36.7352635296 36.4385419143
