Spatial_Output/90% DEC/90DEC_0618.asc
NCOLS 155
NROWS 192
XLLCORNER 196769.923733
YLLCORNER 449719.875193
CELLSIZE 27.603701
NODATA_VALUE NaN
[rows 138 to 160 of 192, columns 53 to 105 of 155]
24.8488834436 28.8002145644 27.2050155922 24.8612269246 27.6562130763 24.6625004693 66.4256701726 66.4256701726 48.7249571723 68.5727356089 26.9760136478 25.8935089554 25.6984658764 27.8160581477 28.7523665631 28.8307228461 26.0807812744 25.8000312283 24.7397570918 29.1188780913 25.7792048785 27.2453389978 28.464687925 26.0582480226 28.2894615652 27.0867338218 24.8774985827 26.0738994242 26.6340401865 28.8054041129 25.7503949292 24.7989182687 26.0084905132 24.7817061731 28.6009842106 27.6801919208 28.1453778107 25.9292185749 26.6425595452 28.5674648793 26.1470730494 28.5938238491 27.2453261521 28.771637882 28.1257787255 25.88683971 26.1310559317 29.0712129263 26.6810401086 25.0287628378 26.4188349788 25.6120780567 28.1506177204
25.278523994 25.0111805185 28.8379052395 25.4027192922 25.8651050535 29.2495487469 26.4173965203 26.2963752721 26.7454914683 27.2445648043 28.2136489429 24.5610746022 28.5136839677 26.1609121502 27.9624083518 27.0190741609 28.3736305217 25.4553877174 28.5297590568 24.7746690054 27.1422876665 27.2188016189 28.4503899475 25.8362945163 25.8345392753 26.2895065534 28.4364962883 25.6361549117 25.3849618987 29.0150681636 27.9562176342 28.5919343975 26.6965069736 27.0446304042 27.0732937879 28.8049513335 28.5112211167 26.2772594349 27.7347933942 25.0087527033 25.7418259697 26.378329793 27.6218676146 27.7340335535 25.2982976974 26.7819335801 25.9801718745 28.6654784642 28.6770590951 26.7649044274 27.2017797497 26.5481350105 26.5954702021
24.8257909687 26.820601614 25.6276882522 29.2462585002 25.7597089199 26.6832345936 25.3265923304 25.59123609 25.8467650997 25.2756257029 25.951608938 27.7692617083 28.9442493724 27.1924753321 27.051993786 27.0673232981 26.461173639 25.6909975839 27.774031286 28.3515555377 24.5142498457 25.4670212461 25.1748248451 24.6896509191 28.3929991904 28.30967426 26.0255903996 28.0929912728 28.1784307293 28.0335453946 25.9560790421 29.1231677782 25.4387419809 26.4541425929 25.7030037631 27.7324666668 27.6576072522 27.6479423087 25.3017316666 26.0505176756 28.1790999483 25.9064194672 28.8468150741 29.0332981378 25.1005359793 26.4296029922 26.539357598 25.5702747531 28.9801247403 28.6882176524 28.5249938812 28.9642857346 27.8154649205
27.0672345083 24.9159929087 28.8062871627 27.7041952144 28.5007133174 25.2181961888 28.7950543469 27.8478142119 28.4093598565 24.7083821843 29.0994369234 25.9522495409 25.8694658083 24.9212130535 25.2313143057 26.0979069048 26.4736529764 28.8101183825 28.295136123 26.0319675234 27.3133365305 26.4944073391 26.4078599877 24.8823175738 25.5654612453 28.0823355109 24.535742742 28.6802985587 26.8536421047 27.5387716546 26.5406137972 29.0043087811 27.2538730734 25.0441840834 25.6039895226 27.4178155287 25.6711675905 25.0297067278 25.750386151 26.5649082301 25.1163401986 25.2084597993 24.8665353202 26.9556178894 27.9440729685 28.727885448 25.6678818595 26.4472630982 29.2611706453 25.1113311699 28.2685289455 25.6973818355 29.4239602902
26.9813652741 28.9508854735 25.4744938684 25.5366299545 24.5803768068 26.4438093294 27.230690392 29.1062405197 26.6091910105 29.227035913 25.8088055601 24.7766964779 25.532682854 25.8422260519 26.1334957439 28.9481269877 24.5351741239 26.4830174341 25.6830266533 25.5200968553 25.7879915913 25.3058323832 29.0295831618 27.4992859199 27.0150733416 25.1232833014 25.391542842 25.606587148 28.3789309112 28.2088966153 27.1029243277 24.5772420434 25.553897079 26.2384124369 26.0129658808 26.8516716972 28.6943350882 27.2280012877 27.1910229967 28.3613890702 24.8857822812 28.4097373504 28.138045296 26.542141643 29.1053373272 28.7694779545 26.6548565927 28.3238258862 24.8132065599 28.1972525444 28.4234109514 25.2896485002 24.6543567657
27.5660879551 27.5796311058 28.9542953879 25.3257761772 26.1603652975 27.8084967239 28.2415060354 25.8113026575 24.948669885 29.3082864993 25.4943242926 26.0298332947 27.1509562881 25.4674924054 28.4428241877 25.4973194562 24.9352494764 24.6260598881 27.4195552451 24.5196295017 25.1693086444 28.4740626223 26.2463287063 24.7873590168 28.0022269124 27.551406938 27.4621404942 24.8193331105 28.3148114991 28.2575883971 25.8678561243 26.6616106385 24.8954164408 25.1151687667 26.3819608047 26.804557138 26.8384324763 26.1719897797 25.8359627164 24.8462061524 24.830168897 28.305597451 24.9135692951 27.5815976731 26.8378683282 24.8907744564 29.0710001355 25.2984071665 25.4213406662 25.7179575722 26.4908706571 26.2034957888 26.4240561345
26.4840551103 25.6301673429 28.4156513753 24.9995649887 26.7783507568 28.3151138685 28.2050893453 28.4418852318 24.9111889581 26.7982913106 28.3534027816 29.2639426347 25.0225002019 28.92553862 29.1730752531 26.1694932586 26.8174487494 26.9616219572 28.486652279 28.1644823956 27.8884872091 28.8699483995 24.637561456 28.0424052269 28.6129539229 27.3441396019 26.6444304967 27.1842682806 24.6084383386 25.7736587942 25.4775391994 27.2816461995 26.6404526172 28.3393296407 28.0508260623 25.1617618348 27.8558064185 25.5461941719 28.2892179616 28.775279767 24.6917090548 27.4615613432 24.7034455686 28.7800785556 26.8072844329 25.1195325619 28.297441829 25.0806412255 26.9494134395 25.5219215634 24.5128349399 26.8901990548 26.1763973666
28.1656179599 24.6992002145 26.0942009706 28.092679235 27.3929629019 27.0436657984 28.7015244164 27.9670736041 29.2512678648 25.782824183 29.1110526765 28.0040836688 25.3256267065 29.0844125259 27.5082754333 24.9725673339 26.7605075116 29.3269420415 29.318895986 29.4111485279 25.9648152694 27.7784324936 29.1310990488 25.3875447364 29.2585111131 25.3985162706 25.3866792881 24.5676882782 26.198392613 27.1902563401 27.8297709162 29.0724756555 28.5242672674 24.8174752414 25.1190763657 26.4063548366 29.1956707199 26.0412587041 29.3462212244 27.3154330183 25.7850315619 28.6670574245 27.6929331012 27.8678277278 28.2079394817 27.611136182 28.4565400661 24.7662114838 28.7740510921 28.2088539829 27.4232681586 26.321355539 28.7706779702
25.3369921663 26.6398617769 28.3713274878 25.5901096023 26.1641539359 24.7817168527 24.9561200493 25.042694915 26.3928356717 26.2754672426 25.364377543 28.9627115565 25.6753898467 27.4663834615 25.6160890426 25.2721440492 25.7239691203 26.0547418655 28.5063502245 28.5637385275 29.2194451912 28.1971908564 28.6699276113 27.8691268322 26.8886353008 24.8725027333 26.2644501019 26.4399328311 26.2007410912 28.9188078997 26.6387749971 26.0674023736 25.2670645329 28.3196786335 24.6598746205 24.8969320284 24.7701230758 26.6436358918 25.4191312744 27.832081656 28.7954419412 29.350840317 26.378505931 26.9312857708 27.5081735005 29.1403337421 25.0819997366 26.5885019372 25.4163197069 29.1347543659 29.4497006265 28.444358184 25.9927975568
26.5528808744 26.200913163 27.545963671 25.5782147749 27.2310060281 26.249560898 27.435690569 28.7538829005 25.474049837 28.9900602508 26.8574469387 28.0643538561 28.6895468242 25.505196784 26.578566765 28.0298327397 28.018408554 27.4633423359 26.7407514639 24.5652137348 28.7548508918 29.0089866959 25.2699107707 29.3760946541 29.1418489223 26.1540761024 26.35611585 26.2973452938 29.4070237523 27.1560051162 24.6629334053 27.6613854211 29.3920329152 26.4456573934 28.9872109142 26.9207349466 26.4154004609 26.8610323556 25.457081063 27.0539404768 27.3265092955 28.2764149398 28.3570262417 26.4906530216 25.862774301 25.8924196329 27.5529190207 29.3628069531 25.8334955589 27.8406027595 25.2837114477 26.0423045846 28.6959216087
26.9778215116 27.6276288261 26.0904956722 25.2515284528 28.3081517669 28.6569418411 29.1996239012 27.8187857623 28.8740463705 27.855255253 24.7525587582 26.1584615179 25.1583467807 29.1475313785 26.1083175176 25.7625958261 29.3585838366 26.2324728253 28.1786685756 27.5659671051 27.1371255826 27.7751443348 27.0756992024 26.2826614398 29.4207698801 27.8485677429 24.5931758779 29.3155670419 25.8819231339 24.5694102981 27.4357581151 24.6933469568 24.6563647767 28.3381566609 26.3940886025 27.7548298236 27.4901799665 25.5218931606 25.3763356927 26.4760027795 25.9481586819 26.1150537883 26.6738510352 26.7605438351 27.98801666 26.2270262781 25.6086635322 26.8120917966 25.7396578651 24.9505362661 28.8171530642 28.100762946 26.7281940005
27.0321245628 26.530094332 28.5000256069 25.7852311799 26.8716372271 25.0940944333 24.5199186005 28.4844508443 26.8125621509 24.8062017293 26.2735339416 25.4779980632 26.5393535365 25.0242531215 24.7907251462 25.12508768 26.8396955864 25.2278062967 26.1293283231 28.055530666 24.5133628899 27.5468793567 28.8270058167 28.5628552555 26.0028751594 25.976289079 29.1232791864 28.5023831775 24.9102465832 29.353376308 27.6160841898 28.6704946068 27.5754872308 25.4952962512 28.6484113575 28.3951463011 26.8897451873 26.3404907829 24.6978669849 28.9458014657 28.9195243687 26.873192145 25.5322248323 26.7381898759 27.3413955887 25.5100012493 27.4419804105 24.734524002 27.4854454259 27.3860494552 27.3323169011 26.7554797476 26.1032071839
29.201279246 29.1792035106 26.791381211 24.7225676199 28.5786412969 26.4717088969 29.0201534184 28.9384725844 28.8909006097 27.3173522551 28.8829335701 26.143621855 29.3574634962 25.1863984882 28.4452243048 29.1710236074 25.2197152278 25.8636187571 27.2087164234 24.7362140117 27.0109171502 25.9195698585 25.140468794 26.24565775 24.6875838612 27.5205158819 28.6075374721 25.8003693713 28.7697518612 25.860304928 25.3486661092 27.1580542436 28.4417462409 25.7927921949 27.5092312818 29.3969683621 27.3571506374 27.3591811539 28.1414207969 25.1261045961 26.9951838224 26.3516613787 28.1707068757 29.2890352144 24.9883433299 26.8968884683 26.1839786618 29.2420530798 24.5874037818 29.1176930734 25.5611391137 28.808479678 25.3167795162
25.1404690447 28.8929312218 29.2561686881 28.0838392422 26.8359285277 27.0663754165 27.0739047828 29.0227284037 29.0429689083 25.1595949754 29.1827086053 25.7337424034 24.7580535635 27.8597638103 27.7701334283 29.0590410822 26.674228536 29.3303300211 28.309318645 28.6383148115 25.8474800602 28.6267414451 28.7961802931 26.5664104308 29.4059896141 24.5392729149 25.9074701309 28.9559609912 26.8538043895 25.847093383 27.0254806597 25.2404606975 25.024196192 25.4709104994 26.0915164918 24.5517235319 28.4494112634 25.7695806526 26.9376431749 27.8238586947 26.2443467737 27.0697878032 28.2250674603 25.6272736849 27.0681653714 27.5387575759 28.4391699631 27.9350900833 28.8040523607 28.1819904722 25.8423329244 28.1025103754 26.6838555418
24.9612199072 27.9003947938 24.9309095007 27.2116026297 25.9509763195 24.8117402222 27.8194774416 26.7050327315 24.8286533705 26.456711793 29.2039172517 26.0604371679 29.0851522787 26.4829227225 27.0971982426 26.7230436136 28.6398304803 29.1607706319 28.2598608217 25.2823622442 26.7780820017 26.7865248617 26.8758581096 29.0454350166 25.5835169011 25.890132746 28.7585861639 26.4980885923 26.6880511639 29.1638897843 26.820965039 28.373497134 24.8071569523 24.6066573602 26.6715640591 27.4005965115 27.1124364263 29.1280584317 28.190589812 25.2203771407 27.1694382813 26.2626016338 29.3494157597 27.4252531017 27.0788918895 27.3817548612 25.978148166 28.7119918868 24.8030892044 28.4340052854 27.769362312 29.1686622409 25.025945114
27.389629631 25.1589878595 28.1843994671 24.9278007556 25.7167311045 27.5959610892 28.6387311755 25.4071791154 25.5939642667 27.0806227149 25.2023451727 28.2019023592 26.1504610237 26.6550691818 26.9147180123 26.6044074753 28.6961524232 24.7477436691 29.2749090983 28.4473214338 27.2736655026 29.1937879903 24.6762818423 28.9389132661 25.1877455593 26.9964277654 27.4661229674 27.911998766 26.670832894 26.8423021414 24.7098987474 27.4827608367 27.3461677534 29.1845304193 26.6635779794 27.4383528168 28.6805185145 24.9906328571 26.3864264797 29.0504715163 29.0800494353 27.4901042284 26.3599798905 27.3602250821 26.9565116979 27.426299572 28.3596086135 26.4557508922 24.9132545974 24.6517858138 28.3243847293 25.2147732105 26.9829327006
27.3423087034 28.4820162276 26.1135077713 26.6725836893 26.2183958732 27.2268049577 28.8418682993 26.858678367 25.9961123879 25.4277887279 26.0927113963 27.5826359166 24.5129561373 26.2506169459 28.9368680214 26.7689091003 26.4037438598 25.6589511304 25.1824396884 26.301482407 26.6747916483 27.367092194 29.3532865801 24.917669119 28.0605248222 26.9732355854 29.0984645809 27.5130375179 24.9243789623 25.1881402635 27.555108381 26.8794750658 27.636067885 28.7957055239 25.4069018658 28.9532239953 27.3479633049 28.311592505 26.0411154474 25.9177720751 27.9197621976 26.7588862225 27.5066671973 26.4763241297 29.3157072507 27.4040289804 28.7068220388 27.3845316489 28.8495883158 28.5762556046 28.1863445434 26.0205406387 26.6130266599
26.5810200982 26.2543355121 28.1260265059 28.0820075349 27.2152767045 28.0200007991 25.6293219815 28.7244284686 27.5635477283 27.0164574341 28.4033328214 29.3628719937 27.2153821933 26.094854261 27.8819303986 27.1233164135 26.6136691853 24.6262674986 27.4856076674 24.9738844139 26.5024772341 27.392671988 28.1401836129 25.7218371694 25.0860776321 29.307185342 29.0666261546 27.0421554931 28.3262709631 25.2602059104 28.9372176667 26.9365577452 27.325245997 26.3512382997 28.7859477349 24.8406941503 29.038336203 28.8757483945 26.3035421544 27.6525962124 29.306610389 28.3226175898 26.427993863 25.2769637408 26.7666746991 26.573157953 24.7607013607 29.2596054197 27.9048302165 26.0364921191 29.3257178329 26.5637664728 25.186805792
27.3812166954 25.5845833305 28.8700178768 28.318561178 26.0566925815 27.8224999533 27.1257492549 26.8795683936 25.330751891 28.5147281597 27.905783984 29.2524225442 27.9233409306 28.2658960066 28.1325446263 26.0316676623 27.1372550888 25.6580992228 28.0708953811 28.1074870892 27.3425000249 27.6818987791 28.0270624956 27.0878804697 25.2593821457 26.3088929181 28.1112398604 26.904485469 29.084189282 25.7918295449 26.2094146513 28.687793985 26.966628105 26.3465801231 24.5209151345 26.9720321354 27.9642290702 26.7331189357 26.6075600583 26.6242825152 26.9355557388 25.5140066189 25.1508965986 27.8473940641 27.0118736865 28.7585801963 26.1751835885 28.6559411192 24.9809985662 27.1585299444 24.9218893516 29.2486879026 29.4493581149
26.8249239027 29.4078707698 25.7411728228 25.566282681 25.3913134532 27.7300484154 28.8505913924 28.7776274108 27.7054263279 25.2157439016 24.9448013924 26.5410348841 26.0377858666 24.5314618109 29.4458937685 28.8343284159 28.7079795062 28.3411168645 27.5063356389 25.5830083562 25.655421356 25.060634594 28.3574376936 27.6144291495 27.4657703766 24.9624195279 25.7272045566 27.169468379 25.8336754621 28.2106580483 28.198951982 25.9647405391 26.4003650017 29.3572976098 27.2069516176 24.8994672112 27.0693104949 29.1918262418 25.3971080222 25.3848142441 27.6659141293 24.7794252158 28.176421874 25.9213063847 26.2071783489 27.2498051179 24.8495336101 28.8723375079 29.0880084278 28.6122521929 27.9741935 25.683621845 25.7840301904
27.620077402 27.0161566626 27.6573645364 27.6492478364 26.69347279 28.3092789589 28.6377311722 25.3215221234 27.0472540248 29.3416933002 25.6199275255 27.7494999723 24.8384622293 29.3556688407 24.5950469248 29.4243298435 28.9553049437 25.0755613335 27.9443406227 25.097218564 26.7773332198 24.8018551819 27.6566701019 29.0538020703 27.868347388 26.25666638 27.11476872 27.0448284456 27.227521889 25.5507054771 25.9843880154 25.2883445798 25.701956474 26.1764704664 28.4561046684 26.6387041035 24.6155449689 28.2426537433 25.4465305824 24.8047220513 29.0979128504 25.6212034184 27.8821432682 26.7870488221 26.4865388311 24.9707321405 29.1577711246 28.0841302249 26.7734625901 25.7552006194 28.1596854616 26.8864123954 25.6815271503
24.731780058 28.3238540777 27.5025424146 28.2636579967 27.1369579187 25.2032157829 25.0792264459 24.8643027747 28.2541313445 25.9484907831 27.295015947 25.0829375849 25.8680146483 26.9264232757 24.8650959028 24.5232675199 25.4403398848 28.7677156345 24.6121411902 27.9889004209 25.9828979441 25.6840416492 28.0240893463 27.1723535523 26.5205867565 24.8706586804 26.0287360718 27.6450388257 27.5533143043 27.4704657906 25.8347350929 27.1377879968 27.8206874557 28.1400044914 28.4388910112 27.6687052467 24.5998494831 24.8174174898 29.2760330476 28.5825186292 27.9423594134 26.6169111319 28.8335399009 28.8279133926 24.5851965043 27.7689818829 27.5057916257 26.1532976077 28.3441318736 24.7007290122 28.7169572121 25.2446545216 27.7874970015
27.089046468 26.6546705652 25.1583189913 28.7141510448 28.4116254948 27.3216136485 28.8533653361 25.5775958079 29.422045405 28.5583808918 27.0897093531 26.2381032628 25.4463020525 26.1095018145 27.9399198231 27.0751659623 27.1375945343 25.4252103229 27.9588819173 25.2366261228 25.0096397237 24.8895525629 28.7444565102 27.6227908609 25.2736431812 29.2040844737 24.8276541961 29.1382554273 25.3528207588 26.550009471 25.7492483792 28.7063678659 29.4014554479 26.1135452096 26.703749694 28.4781900157 26.0889973107 27.9571021041 25.9893418405 27.8318498765 26.1922342928 24.9339607895 25.9354883216 28.3741018668 29.2073440834 25.3109193531 26.7893810566 25.3362211345 28.9595584413 26.3125698742 27.0990853176 27.8948335748 26.0044647024
