Spatial_Output/90% DEC/90DEC_1026.asc
NCOLS 155
NROWS 192
XLLCORNER 196769.923733
YLLCORNER 449719.875193
CELLSIZE 27.603701
NODATA_VALUE NaN
[rows 138 to 160 of 192, columns 53 to 105 of 155]
22.940149777 23.0714936001 22.516818513 23.1647298451 22.738939791 22.6109442621 22.5228409148 22.6846887132 22.6559715396 22.8807491531 22.6998213431 22.8090099244 22.5664544717 22.8474322883 23.0798397476 23.1486079804 22.6208984367 22.7487336576 22.6256461162 22.8984757469 22.722400181 22.5730161174 22.9778761111 22.8706023048 23.0002271527 22.8459120869 22.8959488758 22.8018705 22.7439276027 22.5789168999 22.7600605906 22.7550870148 22.8448893137 22.6666254591 22.8116451406 23.1536773982 22.5966580948 23.1948408627 22.5194175651 22.8295248297 22.7440914476 22.9266729873 22.5782514767 22.5347624181 22.7630143867 22.8657474451 22.5089693388 22.5097433312 23.0976567981 22.7009247 22.844683052 22.6515210268 22.8590083983
23.1211445463 23.0324145158 23.1245944267 22.8200980052 22.5349813977 23.2052765896 22.9649252445 22.6530037487 23.0987235048 23.0071000528 22.9243687388 22.5529774144 22.5009970774 23.1747764436 22.8807733393 23.0548233964 22.7783433297 23.2025792624 22.9709224479 22.5347622719 22.6908043657 22.8955784302 22.8156223634 22.9189700067 23.0276256358 22.5301688243 22.9203297849 22.5568389264 23.0462518785 22.5610301421 23.0977712841 22.9205752243 22.8394517235 22.8562702466 23.1775090421 23.0081210714 22.6701570011 22.6783234302 22.5751313803 23.1969688178 23.0061471617 23.0441360952 22.55069644 23.0301274849 22.8585607132 22.8183860043 23.0093578651 22.7384647537 22.5713735622 23.0107413859 23.0422636497 22.8611995236 22.9809928035
22.7306565076 22.8415122277 22.8381647156 22.6563395524 22.9198583357 22.9463736298 22.8159804561 22.6264839298 22.5812966704 22.5817846589 22.7800679841 22.9186194141 23.0608110075 22.62240436 22.8234798695 23.1127480225 23.1289675905 23.0101226727 22.6329069045 22.531793122 22.9809851135 22.9757135478 23.1360928225 22.6129059861 22.5081765969 22.5252258317 22.7426327357 22.6196252886 23.1641968435 22.9471634538 22.6586465609 22.8775165004 22.7552835073 22.9094864717 23.0497295657 22.6811123043 22.7595471136 22.5393567072 23.0872852239 22.5261452115 22.7859795122 22.6491345657 22.8705662087 22.6395464075 22.9277082272 23.1796706668 22.8430629908 22.7199153157 23.0815597491 22.6871762743 22.6923151701 22.565605697 23.119338998
23.1822448466 22.8341928753 22.7630260898 22.7623631358 23.0915010135 23.1844165094 23.0302267988 23.0530497351 22.7107769848 23.1654936121 23.0094672369 22.618529285 22.6488594307 22.5347239484 22.6400897368 22.731536799 22.9795703171 22.6189133783 22.8989636993 22.9041659273 23.0419988939 22.7563228486 23.1776914081 22.5281353218 22.5560575361 22.7707969728 23.0909618973 23.0121520543 22.6308459588 23.1144095464 22.7365528367 23.0923051577 22.6129755887 23.1243499627 22.541757921 23.0198802619 22.6351270207 22.7767999667 23.1327944685 22.5912783313 22.6833226247 22.867505421 22.9559997726 22.8794498634 22.6181274656 23.1369741882 22.5169027104 22.6218813264 23.1036167152 23.0370710173 23.1985753044 23.1597799911 22.6020943996
22.8392582312 23.0782917979 22.9918803987 22.9882918476 22.6671975833 22.7421072828 22.8575680393 22.5814582046 23.1249625181 22.5388892493 22.8783235845 22.6499398213 22.7424248124 22.9207270719 22.9666771614 23.1090771038 22.9767007998 22.9045976663 22.7531180812 22.7634772968 22.5980096692 23.0811978586 22.5750964371 23.0008894261 22.8632478779 23.1801172034 22.7910273963 23.0435004711 22.7359589243 22.831044602 22.6754575706 23.0622318175 23.0700746081 22.6689873861 23.1692021695 22.8035096545 22.768132323 22.628096604 22.967950348 22.6400062377 22.8639942499 23.0059741624 22.7362255041 22.8068313895 22.5856945219 22.6728411971 22.867877059 23.1940189278 22.8824805883 22.5352992036 22.6442011237 23.0412744214 22.7881004684
23.0780320048 22.5692430602 23.0742259263 23.1491872937 22.7384946125 23.1135710111 22.7636231749 22.9350030954 22.6276269675 22.9501270136 23.1622086202 22.507269044 22.6750566292 22.8823386242 23.0230226347 23.1669328386 22.5391212895 22.9466976254 23.1732013486 23.1159821817 23.0591386879 22.9850358831 22.9877382691 23.0205514991 22.5153358524 22.7279034345 22.5674376699 23.0924140761 23.1671492836 22.7557243152 22.5458834362 22.6540017328 23.1294751652 22.816321779 23.0609176017 22.9107537846 23.0545691052 23.1300237716 22.8358376655 23.095086095 23.1316038459 23.1220765111 23.1230003271 22.7028858013 22.5850307214 22.9136322048 22.7387789175 23.1308061819 22.5733113159 22.6794057583 22.5721624643 22.74460474 23.0730421288
22.6554316663 22.7982790211 23.0441647166 23.1842825785 22.9429412345 22.7394288975 22.8431017717 23.2048902103 22.9019161218 22.6944353212 23.0792043235 22.7183757158 22.8936852878 22.6135749242 22.5862228924 22.9267133895 23.11812419 22.7046689573 22.9031800835 22.6180952822 22.9872353882 22.5829982963 22.5581043897 23.0122545789 22.9258050693 22.5373862597 22.5171763981 22.8799645384 22.8677740835 23.1942636487 22.7591886949 22.7642174721 22.8650009179 23.1595930658 22.8452587462 22.6368121213 22.6455830653 22.9807207976 22.5751941575 23.1261914308 22.6547146945 22.5874017621 22.6038298924 23.1167030172 22.838804792 22.5524874398 23.0923699256 22.8166084395 22.8182011145 22.9964300158 22.7758107903 22.7979754285 23.0020066078
23.0899030034 23.0797808795 23.0681436526 22.9606447991 23.1146005846 22.6806135167 23.0497050419 22.5917717545 22.8573545278 22.7656460894 22.5327168258 22.9320135595 23.087805856 22.965143754 22.5082891328 22.5431305089 22.5211785375 22.6024033681 23.1566629704 22.9049720849 22.768299008 23.1650663042 22.5045069784 23.0386829144 23.1015212712 23.0282980851 22.747375987 23.0454420802 22.880203246 22.80932949 22.5678144405 23.1164824965 22.6192377846 22.872496183 22.5504515364 23.0052039477 22.5571851801 22.6230643697 22.6335379459 22.7780977849 22.7792746544 22.5690671697 23.0845030104 22.9866819212 22.9738335629 22.8756726112 23.1533729684 22.5521973232 22.8645841997 23.1198190492 22.8870583139 22.8176861144 22.8034584244
22.6688798475 22.6748236441 22.7943679001 22.8008332084 22.7079367891 23.138890941 22.6814587817 22.5540289467 22.9330379991 22.8637092129 22.7287726536 23.0636112535 22.9669685522 23.1348320282 22.6185823914 22.5472253491 23.0104099124 22.9779865606 23.1999925394 22.8408327844 23.0331663566 22.9530824423 23.0124418428 22.7013269444 22.643488293 22.9094326107 22.7809535038 22.9475319531 23.0539219106 23.0345022761 22.6473815272 23.08714784 23.1660353484 22.9091476498 22.98051917 22.5984370672 23.0295685143 22.8396024082 23.1564083214 22.5304766575 23.1235737439 23.0666957689 22.9349273594 22.5907539223 22.7141228335 22.5670992033 23.0907205731 23.1054772332 23.066574681 23.1046087125 22.9478765366 23.0349515903 23.039895128
22.6321526299 22.8483068697 22.7718583688 23.0733616617 22.5592503466 22.9623735113 23.0717532384 22.6586265407 22.8775409805 23.0514621425 22.555941157 23.1854767721 22.8932178124 22.6955281807 23.1113989058 22.9440123373 22.9916610562 22.5741494507 22.9437073717 22.9765093639 23.0773268855 22.9235399311 22.8874478924 23.1402609696 22.9015311987 22.5614402538 22.5683353917 22.5985876034 22.783105972 22.5403208547 22.5567150243 22.8338541953 22.8858843338 22.7220125192 23.1198982232 22.6124690485 22.8495084285 23.0229605362 22.8326902082 22.8022047684 23.1538533914 22.6690808422 22.652675019 22.9518719583 22.7597526277 23.105948477 22.6196765905 22.8157366962 22.5802712704 22.7356410433 22.7387035671 22.9598425991 23.0286321625
22.9958559135 23.1389769929 22.608176461 23.069758649 23.0450557486 22.9664421283 23.1332549794 23.0880532297 22.9705202853 22.6362703687 22.5556361871 23.087264769 22.8253664612 23.0744512814 23.1778815446 22.9884723779 23.0773789275 22.6390822152 22.526015541 22.7829891211 22.7409141513 22.79129134 23.0706483022 23.0516497486 23.1919448919 22.991803736 22.566107025 23.0279270032 23.148789518 22.733248113 22.8340802156 22.6182502847 22.6729762877 23.0030627914 22.5213357367 22.7991949758 23.154811088 22.790775705 22.6974001221 23.1422415622 22.5749679238 22.7270543526 22.563191786 22.8828570388 22.6040884184 23.0086046519 22.5622444269 22.8898155589 23.131893255 22.6191866961 22.9510014489 22.8248601692 22.5639883738
22.674887169 23.1860653827 22.6647052654 22.9051733641 22.9012269449 22.5881437466 22.6319219879 22.9963717855 22.886879286 22.6119490991 22.5489689824 22.9536470943 23.0799376268 23.0284206534 22.8979839447 22.6539845051 23.0370173823 22.6904885028 22.6089990699 22.8843524611 22.7087065553 22.6203216838 22.7299155593 22.6726990723 22.5032340674 22.8503522228 22.9261421127 22.8404313182 22.531147121 23.1531509101 23.1711274897 22.7067344327 22.8266853419 23.201405331 22.9845527842 23.0089094089 22.9252530373 22.6820759823 22.9130633057 23.0704724429 22.575599719 22.6272237674 22.9609936765 23.1172749891 23.1036610586 23.183803729 22.8631371698 22.5576944922 22.6692920745 23.0364369749 23.0759134421 22.9493377113 22.7332215093
22.5257986183 22.6043616771 23.1579566441 22.9763049488 22.914938817 23.1700374203 22.5054317188 22.8079202641 23.0353531334 22.8166802607 22.562019596 22.8370978432 23.1817056645 23.0070561206 22.948633348 22.9448120169 22.8410126809 22.5554644591 23.0334444567 23.0157029211 23.2061718237 22.8266821797 22.7702523663 22.6251618333 23.144883772 22.5047486144 22.5297536698 23.1019489513 22.8916645421 22.9235308606 22.9551667751 22.7835865489 23.1812137181 23.0057546742 22.6300603122 22.5143731284 22.7520044235 22.8089270643 22.5154301841 23.1237812531 22.9356730347 23.1073494378 23.0619522023 23.0776718321 22.5354945827 22.7480622777 22.9205212083 22.6761831647 22.5491653331 22.6966681834 22.9758682773 23.0649084445 22.8491225271
22.8805328381 22.9564085588 23.1103195446 23.0363376833 23.1867240328 22.9294815568 22.6480021716 22.7733228624 22.6535632904 22.5731021273 23.1288506269 23.0546637702 23.0192193317 22.7615026479 23.134623805 22.8005211718 22.7845270901 22.9004380519 23.0930471459 23.1021515478 23.0666245271 22.9157075862 22.6573375537 23.0765994456 23.0069805599 22.6523004924 22.8135929419 22.6696527858 22.7496638393 22.6354668197 22.9024176243 22.5929123272 22.6128693868 22.6343779797 23.140788175 23.0719205148 22.6197440476 22.8685454804 23.1028189787 22.7609385364 22.8467308235 22.8543609292 23.0390538997 23.005673862 22.8980905806 22.9379363431 22.5096221768 22.7305420558 22.6802056279 22.647529165 23.1221161092 22.6021878003 22.7022141707
22.7237162382 22.6168546192 22.730444854 23.0721802613 22.6699975072 22.8240390776 22.9446664222 22.9515525145 22.633968681 23.0173466143 23.0576421923 22.6037595915 22.6314450113 23.104027896 23.1246235601 22.7816002613 22.9809700575 22.8003939977 22.7557028098 23.07311574 23.0922571005 22.5523455709 22.8913761336 22.7275147273 23.0681371253 22.9179800364 22.7807415278 23.1509654614 22.9127491853 22.5766491234 22.8475788359 22.5448312157 22.542607033 23.1188800703 22.9001096633 23.1294728146 23.1748902429 22.7139603371 22.8854472908 22.603610702 22.5538872961 23.0708177159 23.0089490907 22.5698569671 22.6734478893 23.0197534512 22.7906832998 22.9415990007 22.6623086997 22.9865977921 22.6724392039 22.9911751021 23.0260973618
23.1369791076 22.7732370016 22.9733948119 22.9889990021 22.83076765 23.1829046677 23.0399780482 22.959310773 22.7833558391 23.0363770714 22.5301670111 22.9795076556 22.5155565192 22.8327410047 22.7803189831 23.0644122703 22.7119718111 22.5820485714 23.168030554 22.8929791131 22.7914074309 23.1268733702 23.0934524837 22.9736127267 22.699846483 22.8717518016 22.7665767188 22.7927284552 23.0318528865 22.8457763195 22.7970363839 22.6742467185 23.0212554717 22.5794146835 22.523851195 23.0963502312 22.7620412754 22.5903611728 22.949152591 22.8173945419 23.172469814 22.9774679494 23.130065427 23.1150085063 22.7370894396 22.8428307102 23.13161336 22.8649852815 23.070368212 22.6166745574 22.8812516981 22.637209666 22.7007236326
22.5059744991 22.9322511875 23.1702065207 23.0173746998 23.1746767048 22.5332918637 22.8394952176 22.5708037671 22.5861308696 22.7836639773 23.1507143796 22.5506782871 23.1448559998 22.9884817081 23.0339790783 22.980092058 22.7146001054 22.7546614958 22.5381250553 22.9185146805 23.0487099716 22.7945240361 22.8301151609 22.8551747439 22.5867852291 22.6555194661 22.5916107432 22.9140658173 22.9918401131 23.0851836811 22.6629309166 22.9889163771 23.0424844933 22.6084053791 22.5160845595 23.1601579579 22.6101843411 23.1765449013 23.0482172217 22.8860616657 22.9064411512 23.0959301419 23.1607834692 22.8756817133 22.9401841106 23.12099032 22.6565201832 23.2066511782 22.8131046682 22.9106377949 22.7931802736 22.8309819314 22.6220791023
22.9220274729 23.0909052096 22.7868755204 23.1649031525 22.8766990973 22.9496285827 22.5455556626 22.7639938914 22.9899086278 22.9682523626 23.1604732391 22.9759723909 22.5146165834 22.9993343935 23.163163292 22.658067625 22.6383052525 23.0695382189 22.7399811611 22.9353088536 22.6346463543 22.8865873372 22.8097004179 22.70828844 22.9783128823 22.726320357 23.0863794527 22.5539118568 22.5451102882 23.0638470284 22.9837319478 23.0241889422 22.8662110993 22.7943829574 22.8643644729 22.8600357407 23.0625252112 22.7251065113 23.0002623889 22.7929063221 22.5661420336 23.1778719197 22.9934078044 22.6023329062 22.7217548081 23.0744966393 22.8977034604 22.5899636026 23.043983349 22.9350609209 22.7817101465 22.8356083606 23.0314741062
22.5576074263 22.5532788967 22.8959444366 22.6813308257 23.0320899263 22.8732194057 22.9037437249 22.623771396 22.5884772858 22.9252970968 22.82024621 22.8005802059 22.7176845315 22.520640604 22.9577011999 22.5393260449 23.0493789001 23.1396092476 23.1915670539 22.6267796957 23.2018027821 23.0404913515 22.9295807266 22.979784883 23.1951291981 22.9815012985 23.1283834245 22.9828426159 22.6838238017 22.571202118 22.5465037302 22.7646907369 22.5644400182 22.8611717686 23.0498251553 23.0552232571 22.6415559949 22.7743147152 23.0735561629 22.5954415018 22.8900435332 22.5699683575 22.5617335786 22.8329739956 22.9223353336 22.8493428023 23.1499397651 22.7583430402 22.9013225097 22.9712344804 22.7545510206 23.0743145145 22.7097720069
22.5753988263 22.8821000609 22.9132744897 23.0151227731 22.9657815871 22.822457692 23.0911612255 23.0144476867 22.8039182353 23.0663327354 22.9886632253 23.2017408134 22.7233225583 22.8003435669 23.1839733527 22.6911196563 22.6324231951 23.1708910605 22.5170674631 22.857353572 22.777541651 23.047267912 22.5742594892 22.860951345 22.7065974252 23.1466644176 22.6730968374 22.8730634588 22.9505573139 22.9513990332 23.1426117443 23.1368828108 22.8270378009 22.5614602474 22.9278830204 22.6985524909 22.8153417821 22.5597297933 23.1579508744 23.0610679765 23.0084962518 22.9679400267 23.1035219596 22.862228258 22.8956462049 22.9600203687 22.9615881393 22.5501552165 22.8614620713 22.7720575072 23.0010539203 22.8110281448 22.5531251233
22.7282480319 23.1734101216 22.9661736069 22.7817171534 22.8734969088 22.9185617282 23.1718731155 22.6032329466 22.7523552407 23.0339431437 23.1892902016 22.5562521561 23.1597341113 23.0443811983 23.0646139742 22.9354484412 22.6696631935 23.0556103499 22.8303733724 22.9663042714 22.7616728583 22.6625668014 22.8400786551 22.9271517131 22.9515888237 22.7541075212 22.9854258654 22.5560220821 22.5761942664 22.6358369484 22.5526807062 22.517644314 22.5317572825 22.6403390071 22.6683500496 22.7146151855 22.9526225941 22.9435621413 22.6615414539 22.7219456306 22.8315622428 22.9769551503 22.9795246649 22.5507093173 22.7369721726 23.131968954 23.0233352698 22.7070919787 22.9987456014 23.0614408027 23.1942713768 22.9754484807 22.6050396911
22.8213364344 22.5435299976 23.0270600085 22.8419823342 23.1061500317 22.9791530721 22.6423783731 22.9615402235 22.8831701346 23.1977641256 22.6844823276 22.9806793768 22.5587437106 22.5030971285 22.8917100921 22.8673481173 23.0797520803 22.7800423436 22.5024651594 22.8378669191 22.6422613514 22.8160200849 22.6682377339 23.0454894079 22.7033580264 22.9242466608 22.9562142564 22.7845115466 22.5479277294 22.6707358339 23.2013722386 23.1735347377 23.1513819635 22.9665509314 22.8099313894 22.8629103361 23.1625841144 22.8269117736 23.1902841228 22.9491607062 22.8371110913 22.6835979253 22.7070593818 22.8655457466 22.9910232288 22.98988456 23.2029456674 23.1216556033 22.7855678387 22.5145810001 23.0704636528 22.909142616 22.9896177011
22.6813521364 22.616596554 23.1626216726 23.0433334858 22.7555453847 23.0618070032 22.9482441965 22.8595563549 22.8323668165 22.8943240076 22.7390205165 23.1056758061 22.5083805476 22.6989165153 22.878973231 22.6918070235 23.1627309403 22.6988247772 23.0168491153 23.0739563589 22.6513923703 22.9145945946 22.7728178965 23.0559821124 22.9525713971 22.6833065946 23.0239856537 23.1668093646 22.6205136485 22.6976829326 22.6510777772 22.8533628453 23.1392627477 22.6151878245 22.5736190723 23.0880065628 23.200308143 22.5873589786 22.7737349542 22.9486972166 22.6210368005 22.9204285447 23.0138317692 23.0941393954 23.0822626334 22.8883395156 22.5692703394 22.9205483742 22.6164100931 22.5112996437 22.8501339711 22.9315117644 22.7878740224
