Spatial_Output/90% DEC/90DEC_1112.asc
NCOLS 155
NROWS 192
XLLCORNER 196769.923733
YLLCORNER 449719.875193
CELLSIZE 27.603701
NODATA_VALUE NaN
[rows 161 to 183 of 192, columns 53 to 105 of 155]
28.5852594445 30.877422696 30.8641157625 28.8139436243 32.0135146371 30.9496845446 31.3584370322 31.0855764226 31.896887272 30.089283551 31.3464965446 30.9896043578 30.6260419099 31.8240629816 30.7154191893 31.961998424 31.8752613857 29.0448035894 32.0045546862 30.9114688106 29.6407061656 28.9853082575 30.732931391 28.6011960042 28.8485623643 28.5450326153 32.0127483513 30.0289300667 30.2235036161 30.200490949 31.3703973616 30.153609262 30.8580634192 30.3294673788 28.5878752415 30.3093228814 31.0441390098 29.9029442415 29.1158666168 31.268347273 30.7775041374 30.0156643698 31.7384065508 28.8087264077 28.7269439582 30.475201733 30.5255093946 30.8187654919 30.7742008892 28.8784126096 29.4639078557 31.7484450153 31.5058084353
31.459725647 30.342009676 29.6442280022 30.1716628492 29.1599944366 29.2983007092 31.5806225298 31.5335382844 30.1251967597 28.6573653578 29.4593205085 29.9564130558 29.2380783798 30.2822575109 31.61415431 29.4145678469 29.8502089605 29.5620238184 30.0958498005 30.8131893943 28.9990550981 30.2668829449 29.9032140607 31.5367067092 30.1597192658 29.1111865775 31.8755661202 31.032323091 28.6870119661 31.9718939578 31.0010653179 30.6811499353 31.3612193639 29.1758107644 31.159085145 31.292769981 30.6090570776 30.5056398511 28.8920821723 31.4483304367 30.7843666509 31.6910253973 30.8881384706 31.4177906694 28.6881344089 29.5494736483 28.8876275532 30.5240025685 30.4449449584 30.0213613567 30.5882329309 29.581256638 31.4449556275
0 30.8725886468 30.2232383305 30.70946378 28.8984156631 31.3719848145 31.7955810433 30.0466430414 31.20086976 28.5183556402 29.5296920201 30.7462424767 30.3038836742 31.0540464964 31.5802558403 29.1827974457 31.3432283344 30.252094271 31.1006518099 31.8896933059 31.5128646319 31.1143252914 28.9812475893 29.4155741727 28.8055277318 28.5754254793 31.1064965862 28.966131752 30.8805422832 31.0870806082 31.3111852857 31.4118137929 31.5943931845 29.9197413638 30.8939324345 29.8053547504 31.4539333118 28.7685745377 31.6013833083 30.8177677742 28.7465261356 30.8992312291 30.8104821137 30.8852475096 29.2357278379 31.6752113503 30.6376576978 29.0085011501 29.7217167912 31.3354870498 28.9106553536 31.8831372089 31.5413090762
0 0 0 30.7793702504 30.035022201 29.8145318804 29.9411002834 31.0440921889 30.8414527427 28.7697640768 30.2131495515 29.149239551 31.8938035939 28.9452028863 31.0255817664 31.1560167057 30.9250608726 28.8039237767 31.353923831 28.8068258167 28.5455715787 30.7213771743 29.1618025878 28.6411418321 31.999712772 29.73090423 31.8457122447 30.6537046895 31.7772934892 28.5770174716 28.8999881978 31.072223298 29.9279037175 28.7161898657 28.8051747141 29.6080015666 28.9805491657 31.3663626728 28.7063003067 29.4982827293 30.3261654543 29.1600089151 28.5777179056 31.3857967844 30.8662558056 31.8946642011 30.9111960473 30.0177115516 31.7890350819 30.7147168127 29.2058398674 29.6364020301 30.5006710387
0 0 0 0 0 0 30.7273248433 29.2605341537 31.7544227089 30.3657032198 31.0363490661 31.2540391021 29.4333180294 29.5037482208 28.8292449614 28.9001856798 32.0200794156 31.7560769634 30.8647855837 30.7471717055 30.702078954 29.8599560919 31.5052464432 31.4132374841 29.0981907389 30.3869157057 28.980485049 29.5662329099 29.720953247 30.9857614122 31.7692964282 29.5088021928 30.7737276265 30.6725427454 31.7956127294 28.7533120382 29.124966773 29.7787623248 28.733673519 30.1523376687 30.397194767 31.5072750311 30.1738276004 28.9965122461 31.5371670909 29.04031687 28.7772289983 31.2851660054 30.7663899193 31.9843627743 30.2650652374 31.7684380696 31.1426369471
0 0 0 0 0 0 0 0 0 31.4860944824 30.1635599772 29.2542830187 31.4694728197 29.2333353748 29.6548054893 31.5822084391 30.7449684636 0 28.5534792964 30.1229996926 29.4337947062 31.3394083833 30.7637590922 30.8348436712 31.4769764832 30.8073027138 31.5026660215 31.929009191 29.2753343035 30.791432236 29.2227630897 30.5334257794 31.0901116474 30.3572571584 29.0076748708 29.9939627757 30.6690614337 29.1145041821 31.4536578484 31.4996383261 30.6121303521 31.7133263051 30.5959768503 30.1349078184 29.1671198965 30.7896304799 29.4541261347 31.0212993515 31.8229339921 31.6679384749 30.7280526517 29.5287613704 31.4484974855
0 0 0 0 0 0 0 0 0 0 0 31.947314055 31.6437723193 28.9151401055 28.8890045397 29.3271532387 0 0 0 32.0071762534 29.4967224785 29.1211788026 28.8280699567 31.6998887305 30.9742050412 28.6424328734 29.2219116572 29.4553681219 28.583088018 29.929962159 29.917755875 31.1620358542 31.2284407621 31.2379551343 31.6299269982 30.4685827636 31.7084047515 29.4050697058 29.2274085884 31.6449191093 31.5069479493 31.6132806261 30.5639055443 29.5893274206 31.9240093461 28.6626259572 29.3833207267 29.1786214651 31.9824073928 30.6917112093 28.8009312162 31.3041149513 29.5452416371
0 0 0 0 0 0 0 0 0 0 0 0 19.8977830049 19.8977830049 65.9304345373 0 0 0 0 0 29.7871299315 31.8416089188 30.9748167248 29.392753516 31.9101711578 30.3326452985 29.5351171017 31.6727211075 29.6941043977 29.5959293724 31.3308701335 31.9877231512 31.7343825757 30.0321682258 31.2494490605 31.0501889019 31.4116806442 28.7422010401 31.1040552475 28.7215993557 29.4924942856 28.8081022762 31.7723887756 29.1455791733 30.7303331641 30.028454813 29.2525748377 28.9817101567 30.0560003167 30.9690392628 29.148305411 30.3356419335 29.5457953379
0 0 0 0 0 0 0 0 0 0 0 0 27.9997647359 19.9359519265 15.9978136629 0 0 0 0 0 28.5990519585 29.4624287662 28.7297606276 31.422585526 29.2055834709 28.7140211436 29.8040167698 31.2696541395 31.3162646202 31.6072550095 30.3532394858 29.5222420287 30.8940191613 28.5589049612 30.2160698598 28.7519223503 31.04278314 31.316524529 31.1205521204 29.9050247379 31.5586875686 31.3730032529 30.9266876723 30.9193117854 29.3994217872 30.0673302842 30.2360917105 28.6481784516 31.2578515692 29.2315258799 31.8999083424 30.5248469871 29.6987834344
0 0 0 0 0 0 0 0 0 0 0 0 17.0350775616 27.2612832493 23.9355992827 0 0 0 0 0 0 28.9145764244 28.6781423971 29.1667572963 29.5883811077 30.9511278454 29.2616501296 31.9559555638 28.5248384209 31.9910411207 31.6080400619 30.8462014588 31.8441234864 29.9067816863 31.1802657504 29.0849910753 28.9602021824 29.5887656076 30.0452995053 31.2285783396 31.8755489288 29.3463727028 31.7909854118 28.7824502978 28.6519907134 30.9987910281 29.2638465938 29.7488411986 31.0930685097 30.6275831616 30.5352379037 30.516658488 31.9334090934
0 0 0 0 0 0 0 0 0 0 0 0 32.3500701026 20.5488201959 24.3886510206 0 0 0 0 0 0 0 30.3375530368 31.8841495623 29.3244707712 29.7728329353 28.924634367 30.8169634658 31.8965132805 30.9405829563 32.0022904953 31.3405619054 29.956625316 29.0871099073 30.9855223551 28.6605927277 29.888392912 31.8122444633 30.9323285917 30.3493015619 31.7028803024 29.2382288081 31.4605574495 30.2941200726 30.4513728832 31.7509127803 30.7965603877 31.860186207 28.6276074263 30.88500077 30.2513802641 29.1848520878 31.4911156024
0 0 0 0 0 0 0 0 0 0 0 0 0 0 0 0 0 0 0 0 0 0 0 31.9186522076 31.8861445086 29.6432114292 29.8709981327 31.0700377371 30.4309301615 28.8056894192 31.0697754517 30.9035993733 29.7827109705 30.1345892303 29.2401840081 31.1190792558 31.3512652048 29.5573052111 30.1757275871 31.9134905315 30.3450385998 31.9218333856 29.0828177496 29.8584207437 28.7792792375 30.4753736666 30.499561693 28.7496308486 31.3991799814 31.3869573188 31.4473529931 30.0268566043 29.5349306673
0 0 0 0 0 0 0 0 0 0 0 0 0 0 0 0 0 0 0 0 0 0 0 0 31.7804358209 28.553554313 31.8707614681 30.3188838952 29.9022755109 30.5460125206 30.4809296857 31.9675772532 32.0334359297 29.649717047 31.5419239394 31.3141920462 28.6109753202 30.5399952454 30.6200610981 28.712239524 28.500504399 29.4701075639 28.7766097265 29.3441471803 31.787033015 29.5082726912 31.2601587363 30.7993364437 31.9417809079 30.8796382115 31.4661720872 30.8655051166 30.1240652896
0 0 0 0 0 0 0 0 0 0 0 0 0 0 0 0 0 0 0 0 0 0 0 0 0 0 0 0 0 0 28.6404028855 28.9558066541 29.7235555425 28.8178415829 29.7106431362 28.8865653494 30.0082236212 29.2466225442 28.8142944285 30.6606437584 31.5831211339 30.5800382933 31.9939188061 29.7275907947 29.7628654127 29.8170086685 31.9242387318 29.9942891615 28.9206940304 30.5810647668 30.2412648348 31.1250083039 28.6325525653
0 0 0 0 0 0 0 0 0 0 0 0 0 0 0 0 0 0 0 0 0 0 0 0 0 0 0 0 0 0 0 0 0 0 31.0995289457 28.5203653748 31.4281314116 30.7753732554 29.0254449656 30.5010645022 30.3216200748 29.9753676847 30.3897108138 28.9293116617 30.1202924047 31.7800094431 31.8149658182 30.8729469671 29.390898301 30.5340521366 29.3825685909 30.5015851698 29.6279904765
0 0 0 0 0 0 0 0 0 0 0 0 0 0 0 0 0 0 0 0 0 0 0 0 0 0 0 0 0 0 0 0 0 0 0 29.4458396958 28.5454732225 31.7284903219 29.200792589 31.5725301059 29.4580741541 31.7916060362 29.8287977396 30.3401438411 29.4797635741 29.1577091225 29.0878662907 31.8210510582 31.6421060531 28.5535918774 29.4411634033 28.7938940462 31.8310916559
0 0 0 0 0 0 0 0 0 0 0 0 0 0 0 0 0 0 0 0 0 0 0 0 0 0 0 0 0 0 0 0 0 0 0 0 29.7237543305 31.8359215141 31.8886992756 29.1352968891 30.5422243702 30.4095636461 30.1460414788 28.7324958017 30.5580878774 28.8610098983 29.9689416025 29.61856485 30.0855634051 29.592010295 31.380210667 30.4277688116 28.5306792732
0 0 0 0 0 0 0 0 0 0 0 0 0 0 0 0 0 0 0 0 0 0 0 0 0 0 0 0 0 0 0 0 0 0 0 0 0 28.5479603212 31.7915766647 30.4859735273 29.5671897942 30.8346693537 30.0324019199 30.9841038574 29.8059163011 31.2212238808 29.3651192175 30.286248812 30.699045905 30.8337050479 31.397539766 28.9984155736 29.9414538003
0 0 0 0 0 0 0 0 0 0 0 0 0 0 0 0 0 0 0 0 0 0 0 0 0 0 0 0 0 0 0 0 0 0 0 0 0 0 29.4661385691 31.5220890477 31.6289392828 31.0109865248 30.9995657478 29.7213339857 30.6447419801 30.4656787716 31.1485127794 31.5132104274 29.6681297536 30.1444370936 28.5561290334 29.7642715278 30.0667752169
0 0 0 0 0 0 0 0 0 0 0 0 0 0 0 0 0 0 0 0 0 0 0 0 0 0 0 0 0 0 0 0 0 0 0 0 0 0 0 30.0473692406 30.1066298219 29.0715573125 31.9659702378 28.6219156653 31.2016704518 29.0797311032 31.7534933315 29.7893324037 30.1159262776 28.7332179771 28.9092702438 29.5266546796 28.5982150327
0 0 0 0 0 0 0 0 0 0 0 0 0 0 0 0 0 0 0 0 0 0 0 0 0 0 0 0 0 0 0 0 0 0 0 0 0 0 0 0 30.5686635708 31.2142116692 30.5231646685 30.9397082212 30.4810508718 31.7815361431 28.8333861131 31.743150872 29.133881792 30.8539379779 31.4908260249 31.624235973 31.9266933325
0 0 0 0 0 0 0 0 0 0 0 0 0 0 0 0 0 0 0 0 0 0 0 0 0 0 0 0 0 0 0 0 0 0 0 0 0 0 0 0 0 30.4186344685 28.6087101008 28.9843913971 31.6120857622 29.8440559959 30.8126255738 28.5549446258 31.6876608405 29.1737939531 30.7603199077 29.7599300952 30.5394894796
0 0 0 0 0 0 0 0 0 0 0 0 0 0 0 0 0 0 0 0 0 0 0 0 0 0 0 0 0 0 0 0 0 0 0 0 0 0 0 0 0 0 28.8389462592 30.0144963584 30.5703500524 29.7602324513 30.537538775 29.0956317494 29.366540586 29.003772663 29.9369769889 28.8411250655 30.4682624546
