Spatial_Output/90% DEC/90DEC_0142.asc
NCOLS 155
NROWS 192
XLLCORNER 196769.923733
YLLCORNER 449719.875193
CELLSIZE 27.603701
NODATA_VALUE NaN
[rows 69 to 91 of 192, columns 53 to 105 of 155]
45.1734737415 44.6828740875 44.8496162361 44.5875979573 45.0902629625 44.6884039056 44.7125019526 44.6284651446 44.9095697771 44.9902575839 44.6393285409 45.0148586493 44.57180294 44.9438256972 44.5659470048 45.0478476292 45.0774894117 45.0543433706 45.015204777 44.6042094014 44.6999675249 44.7613657403 44.6756656931 44.5372551001 44.6099571528 45.1348167847 44.558728247 44.6678805958 44.5945462324 44.8905357482 45.0271199772 44.9622221161 44.8681964906 44.8166658652 44.7272282431 44.5912593826 44.5498751611 44.614351885 45.1437569884 44.8694236221 44.5208032871 44.6260147121 44.8173477924 45.0543715505 45.135820777 45.0098255327 45.1683619765 45.0846817108 45.0942237041 44.9570318133 45.1783394182 44.6060911574 44.599866744
44.7089362476 44.6914899888 44.547303746 44.669524687 45.1618227718 44.8249700449 44.8145527423 45.1139233086 44.8120227393 44.8499473081 45.0378311253 45.0402606982 45.0640203559 44.6363640437 44.9328098074 44.7482910496 45.0185300017 44.613644248 45.1945950762 45.0897328716 44.9716534502 44.6328264606 44.9689644616 44.5214938757 45.166546451 44.9842882704 45.1369042379 45.1970322477 45.0286998196 44.7918819469 44.9715426292 44.7321818202 44.7548339272 45.1016395588 44.8606419825 44.5248008066 45.0377349312 44.7230869222 44.9249785457 45.0723682974 44.8254083181 44.5866180371 44.8226928559 44.5892438031 44.8798412303 44.8266671828 44.7090532336 45.0436400919 44.5948979885 44.6293459486 44.9435967764 45.1589704784 44.9068263879
44.792499948 44.8271579025 44.6814786215 44.9771236281 44.6038278566 45.0007981716 44.5437668111 44.7961163285 44.9863042297 44.7436399961 44.7020842728 44.7494051801 44.7217694219 44.6974513737 44.5401037642 44.9987500097 44.6661217352 44.5758851363 45.1307302598 44.7817374224 45.0050118942 45.0414782562 44.6481365857 45.0810742881 44.7476811618 44.5934288175 45.0260914389 45.195256627 44.7833767208 44.5235266656 45.0436413129 45.140543778 44.9678013612 44.6081779389 45.1231718302 44.8116771636 45.0078859888 44.8838993012 45.1304404588 44.9864620147 44.7206076007 45.0336527437 45.1036722098 45.0589344693 44.6344120112 45.1737160213 44.7687940768 44.6858497902 44.710053739 44.8004336069 44.5082217119 44.6484968323 45.1221663368
44.522802207 44.6146834562 44.5282392024 44.5366975494 45.0387508253 44.9787149317 44.8975067 44.5651597654 45.1243217817 45.0144046691 45.0454883834 44.8845209904 45.2005380046 45.1971884363 44.9235381415 44.5140301925 45.0150352265 44.8364330831 45.0858096822 44.9081446258 44.6356772767 44.573266537 44.5165259705 44.5351064571 45.1338004615 44.5683939253 44.7573441612 44.666469618 44.5545946897 44.7780765317 44.8500882714 44.9088940059 44.8880843339 44.6241467583 44.915891526 44.8715039526 44.7165064319 44.5438938931 44.752558996 45.1169952954 44.8550564923 44.9610053377 44.575331462 44.8438316351 44.874340142 45.1721653772 44.5270833697 44.5944753337 44.7092300707 45.1402249216 45.1754788737 44.9643473707 44.5306850829
44.6060918695 44.6852586508 44.871851953 44.900766831 44.5944734893 44.8874624104 44.8327313332 44.9906591843 44.9756130307 44.7577529234 44.6071731386 44.7000521254 44.9571573128 45.1522211844 44.9986956315 44.8347150758 44.9602290108 44.6213733613 45.1972911943 44.6488906632 45.0224393879 44.5774062999 44.8597150964 44.6490703523 45.1999586473 44.9002307563 44.5618493352 44.6346801268 44.8379730172 44.7306396449 44.5397993116 44.6370573094 44.5014465379 44.7715997164 44.7099217856 44.7188370346 45.1978122577 44.7265439208 45.0023022344 44.6624303097 44.6593932772 45.0705515415 44.8599526756 44.9315362414 44.5948963672 44.8861188148 44.5744396223 44.9715573808 44.961827713 44.8319142648 44.564344773 45.0249351532 44.7075005872
44.9979299613 44.8936075154 45.0640370852 45.1477620719 44.8358669014 44.858084087 44.7104146695 44.7269744312 44.8735057992 44.8699801133 44.8827741591 44.9190618929 44.7458615167 45.1229751774 45.1027834297 44.7493321417 44.5622237565 44.913955901 45.1004116851 45.1265285806 44.6031117253 44.7316240235 44.6169844019 44.5754438158 45.163558412 44.5387503976 44.5723401005 44.6906205914 44.6522184262 44.987401616 44.953899795 44.89237613 45.1142667554 44.6520950557 44.9433544469 44.9252489021 44.563727366 44.6147383548 45.0476414581 44.7426493024 45.175748362 44.6259629065 44.6230517853 45.0798999172 44.5226616679 44.9542295712 44.7029749649 45.0798777326 45.0186870876 45.0433493034 44.6994078236 44.6501559245 44.9029680875
44.5035978508 44.6765274459 45.0112634565 44.8580329998 44.8584952605 44.5373244192 45.0013222364 45.1962883113 44.602163607 44.783806075 44.7702625132 45.075025121 44.9287955904 45.0189946318 44.7511933661 44.51957058 44.7633970132 44.5927951582 45.1571625794 44.8464959026 44.7037043652 44.9962999274 44.767444363 44.731240855 44.9501192104 44.9835414265 44.6059845097 44.7547256667 45.0095995075 44.683800772 45.1575251822 45.1481334668 44.7262344861 45.1022603808 44.8384950471 45.1930911483 44.6101329507 44.5510552621 44.9586402133 44.6485755723 44.6109311899 45.0720078279 44.7830956845 44.6668040385 44.5386744194 45.0384872127 44.9238711138 45.1947004833 45.1445981182 44.7610519057 44.9922708422 44.8709238252 44.5675538568
44.6831895441 44.6023355343 44.5326023512 44.8562987649 44.6295710224 44.829802189 44.5348157642 44.749426975 45.1931697795 44.5838202245 45.0186955012 44.8647942872 45.0626264065 45.1627759557 45.0471775844 44.7391921053 44.9601431153 44.5004088581 44.5389312263 44.6080247855 44.7469936369 44.7918792717 44.5249095538 44.5026837555 45.02246224 44.7275555085 44.9499313812 44.8309090295 45.1120046114 44.7043814605 45.1782530976 44.9036937967 44.6350251029 45.2049076585 44.7412283218 45.2037310931 44.9422220389 44.8467141988 45.0120659745 45.1732209188 44.9819109695 45.1309284477 45.0321434521 44.8459139252 45.1146139994 45.0219499929 44.9456155938 44.7957567463 44.9446490116 45.0899607159 44.5823368123 45.2018491528 45.201329139
44.5588412322 44.8582810557 45.0541559448 45.1104612727 44.7932253572 45.1876939981 45.0413748682 44.5788456146 44.6915137521 44.509331969 44.7709950697 44.5457261868 44.8407962333 45.0357689808 44.8804930981 44.844349769 45.1218544048 45.0623648005 44.9951467067 45.1810468654 45.0626686158 45.150539476 44.9950022864 44.5070705598 44.914905666 44.611904007 44.509531501 45.1481188832 44.990219284 45.0213699396 44.8245375249 45.1806038993 44.5139565487 45.1513284115 44.952078385 45.0017454479 45.2037690644 44.5331010865 45.1300660429 44.7171148458 44.712252573 44.5391879219 44.7042340575 44.5021883948 45.1566907829 44.5073969068 44.8508704135 44.9382014561 44.7948111835 44.6410967313 44.7520234963 44.9113562504 44.6052545154
45.001065365 44.6954577882 44.832648968 45.1602386509 45.1969211684 45.1070502268 44.6892619064 44.6783163793 44.5862847076 44.5477382334 44.6343169214 44.8812313779 44.5666383416 44.7435158559 44.7153578392 44.6082739121 44.7276386632 45.1279066406 45.1748980706 45.054162826 45.1456549289 44.8995519931 44.5948350297 44.8529267153 44.6180517939 44.5008474255 44.6168471544 44.9966052744 45.0713217891 45.030279001 44.9133679251 44.8144520422 44.8364571184 44.9493455784 44.5357285461 44.657365405 44.9714384833 45.0158306057 44.838526093 44.7827487488 45.145444568 44.9875780428 44.753194469 44.7514251573 45.2004893894 44.8171824757 44.9486473329 44.8509448035 44.6662975115 45.1300596329 45.175756344 44.7092245332 44.7462246732
44.6775129953 45.0237774373 44.645826548 44.6777138285 45.1374025117 44.6806187105 44.9083134349 44.8516792401 44.9901087321 44.9531270854 44.5162289184 45.200978769 44.5554751185 44.6679879485 44.7943404597 44.5516987221 44.9779409683 44.5107641628 45.1552194741 45.0084338114 44.5808335544 45.1400907811 44.5657087111 45.007510806 44.6365469235 45.1847436301 44.6743295724 44.8637085263 44.5831949309 44.5775527101 45.0620179207 44.644682487 45.0715846236 44.8614065389 44.5118964287 45.0114083183 45.1626825844 44.6565758007 44.5799427472 45.123651645 44.8452434881 44.7670053032 45.0711419239 44.7321604054 44.552535849 45.1157033901 44.6853100428 44.7415005192 45.1822140835 44.8173790294 45.0093213735 45.1453467066 44.7700094556
44.6390426049 45.1459500599 44.9456140017 44.5775269524 44.8887341793 44.8281548293 44.7156485928 45.1438475945 44.6157914162 44.8286466962 44.9501757528 45.1744532939 44.9234618465 44.8289635616 45.2033158825 44.8371194476 44.6473200593 45.1931991758 44.7878081059 44.9648466045 44.6152316283 44.5129657422 44.5381846078 44.7301513462 45.0422351705 45.1005517415 45.0151206266 44.9289934683 45.0027781605 44.7167006766 44.7348115938 44.6587310348 45.183763702 44.5797702769 44.8387750527 45.002838149 44.5519228998 44.7620055759 44.7483108144 44.9599550769 44.6647689018 44.6147198081 45.0756497127 45.0841472057 44.5271244001 45.0169984836 45.0364439421 44.5750030669 45.1767451658 45.0974784681 45.08798562 44.7049323822 44.5996009524
45.0662176865 44.9061662463 45.1464158524 44.9028482055 45.0552154929 44.8705471936 44.6830233309 45.1378300601 44.8924001496 45.0907747876 44.5807580443 45.0306783769 44.7118329643 44.6941391773 44.8311741844 45.0960071374 44.5074831351 44.8172911564 44.7237790813 44.8841675579 44.6803469597 44.9988170977 45.1999514014 44.561287683 44.9006244309 44.7427891749 45.157809879 44.9578488018 44.7301124904 44.7162593391 45.1939227012 44.9573558205 45.1361478331 44.9376635727 45.07271768 44.9133898829 44.6421912 44.7480533701 44.6458815281 44.6799995182 45.151788398 44.9551449094 45.1827519077 44.6781334944 44.7515911345 44.9224011012 44.8213461952 45.0815417496 45.0992901139 44.5836815773 45.0962296533 44.8016452696 45.0304644472
45.206451693 45.1508346033 45.0953266678 45.025231465 44.759515103 44.7021907323 44.7754801965 44.7451027449 44.9264612363 44.9018542649 44.6819058847 45.0883628619 44.5314480032 45.0326438816 45.0508332878 44.5357797145 44.719152011 44.5058447388 45.0940085338 44.5120615303 44.6879944529 44.9572438947 44.7997784143 44.9296396418 44.7450711217 45.1950256068 44.6948651028 45.1073683295 44.8371632494 45.0967809223 44.6656248199 45.0642729914 44.6384395628 45.0361343473 44.5536860143 44.7136505627 44.5999318172 44.6130355596 44.6717011022 44.6511842915 44.5636769967 44.5236359289 45.0613993381 44.6914553023 44.8224818646 44.8480344891 44.9453871504 45.0680033806 45.1211988316 44.6478011719 44.7592844011 44.8050867599 44.6127338687
44.6604760763 44.998542126 45.1539364125 44.875147152 44.6611898416 45.0692724796 44.9821273136 45.1099973249 45.1740316226 45.1125595086 44.7298142507 44.6606324615 44.5925913655 44.6151454168 44.9682307457 44.6525490113 45.0314230135 44.5348655589 45.0637634395 44.5933005969 44.7480247183 45.1602027252 44.8553748288 44.848003373 44.6466671923 44.795874279 44.889755865 45.0709967405 44.6073386514 44.9276967657 44.8828267154 45.119597551 44.9923247107 45.1543669984 44.5216172357 44.969083022 44.7001014843 44.7678827487 44.8058809734 44.5858403069 44.8434515681 44.6123494097 44.8778425184 45.1437279707 45.1679138709 44.5220148659 44.6466118836 44.8182332518 44.7988440172 44.8408004132 44.7748073032 45.068924264 44.6972110877
44.6833435321 44.7008294969 44.6277039901 45.2009359477 44.7214269786 44.7808268212 44.797560708 45.0115357294 44.6638523973 45.1076472882 44.5882212416 44.8911186855 45.0374941053 44.6736658469 44.7799614768 44.966949197 44.7255948321 44.8799436238 44.5465304698 44.7090020947 44.8836362143 44.5378613397 44.8608955469 44.9123438838 44.9467628777 44.9788877889 44.5390911785 44.8421354209 44.7755534623 44.6440787087 45.0557088643 44.6259674333 44.8919840864 44.5381805182 45.0267755192 45.1786609432 44.9477560239 45.0048769488 44.8403024119 44.7733679936 45.1769878665 45.1835096903 45.0466123814 45.0723359924 44.9827683294 44.8891486301 44.9231267683 44.5131776935 45.1881588471 44.8303282489 45.1847290291 44.8433200216 45.161462176
44.9679433064 44.7870149536 44.7581990093 44.8895563364 45.147243351 45.0131521876 44.8033030959 44.5812037211 44.6462255586 45.0923603491 45.0099794807 45.1703357548 45.0289034393 44.995323111 45.0296205315 44.8044988087 44.6269858156 45.162203286 44.6435522141 44.592337893 45.0981091788 45.0140755013 44.7388499016 44.6933237861 45.1767388636 45.1061952657 44.8930252832 44.5769251559 45.103891867 44.6894589459 44.6382544619 44.7079296264 44.8308161723 44.874030781 44.9694064561 44.703320256 45.0909200944 44.7975168759 44.8179311305 44.9143817622 44.680929531 45.0791417113 44.9647496476 44.6895377512 44.9812222143 44.9498509919 44.7907283924 44.6618212208 45.104364346 44.6534547203 44.9612967351 45.0950456557 44.7439609279
44.8685120766 44.7564115917 45.1364068124 44.6807186805 44.5750510976 44.7218803362 45.1470686078 44.6617494488 44.9905005575 44.9418397954 44.8371467846 44.8906755983 44.7290804047 45.0286084026 44.6022101791 44.6571502716 44.9330621487 45.1710906566 44.7379380774 45.1983209067 44.7052589036 44.8116981945 44.912568916 45.0458845608 45.0033915783 44.9917503713 45.1442757221 44.7061915684 45.0304738996 45.0916865407 45.1121189808 45.0439641206 45.0492683769 44.6031219035 44.6823472035 45.0700315337 44.6298041377 45.1619785244 44.7830062257 45.1619565846 44.6127331175 44.8728853825 45.0702086488 45.0615647185 44.8663715823 44.6828306625 44.9190653011 45.2012696833 44.7387063617 45.1582259766 45.0254377665 44.6674241045 45.0552568609
44.6455640645 44.7004511487 44.6285282118 44.9359255735 44.7021127482 44.9741344129 45.0899323532 44.7070689043 45.1331517075 44.5928994128 44.7956961944 44.9391168643 44.5325066439 45.1997183173 44.6787593786 45.0183705053 44.5839801722 45.109823883 44.7154695788 44.8225976115 44.5370081157 44.9358482911 45.0733754681 44.6234081934 45.0392775088 45.050823957 45.0857335639 45.0833744938 44.8359984694 45.0822199222 44.9616302394 45.1849928104 44.7379609918 44.8093716647 44.6202153823 44.9999376474 44.6349777902 44.8800243026 44.9846404324 44.7254767996 44.8127127682 44.8667724212 45.0787852353 44.6004959514 44.8327975094 44.9016893306 44.9105442824 44.6258454304 45.1378790277 44.7054036082 44.6129468488 44.733480205 44.6591886597
45.066265675 44.673104793 44.6432107184 44.5546115667 44.7127946588 44.6874324253 45.0534402745 44.9758896982 45.016248153 44.670819554 44.996168066 44.8757572836 44.7334290064 44.6852425562 44.6013178636 45.029404264 45.1950802165 44.7500151923 44.5151432509 45.0505232997 44.5311198522 44.66084787 45.0280419099 45.1001324539 45.0212891364 44.9596057123 44.8586077344 44.5231054008 45.1693732903 45.1885117989 45.0432407897 44.8893664286 44.8033551963 45.0536954122 44.8648072929 45.1232221595 44.8108534683 44.7248075799 44.646514868 44.7929508758 44.5944283299 44.7085878949 44.6895014859 44.5217411649 44.7525204992 44.9388677089 44.8158301667 44.7254850268 44.7548224524 44.8532755762 44.8650971631 44.7898488244 44.8993417169
44.6275703445 44.7548083558 44.7002495126 45.1919813209 45.1033764402 45.1774658366 44.5044884921 44.8524602148 45.1825199535 45.1610667984 44.9723144067 44.5447735809 44.5337780274 45.0757837884 44.7406941648 44.7034360574 44.8444454834 45.177025424 45.1977046072 44.9024124878 44.7369412614 44.9163808088 44.5403035177 44.6280730934 44.7597434623 45.136925457 44.6056997723 44.7597101785 44.8554160379 44.7787118156 44.584380451 44.7736940565 44.5990177877 45.195557753 44.8455180212 45.0844464862 44.8371011663 44.7825377281 44.7170058352 45.0498570307 44.8741040771 44.7762936397 44.7492499922 44.5400100463 44.8150983409 44.5174877157 44.5250201839 44.9572374303 45.1823312949 44.9004753595 44.9335906821 45.0166962474 45.0372341581
45.1605673125 44.949908655 45.1509228241 45.0831088899 44.7681396433 44.9974652201 44.5739081242 45.0460989438 45.091645607 45.1394123889 44.5035577077 44.7768628633 44.9891139867 45.0449823771 44.7443366179 44.661989814 45.177226671 44.5214265938 44.8152121143 44.5904755581 44.6458606497 44.8637314075 44.8263394844 45.1376653149 44.6686979107 44.8475906331 44.9406025908 44.647349962 44.6237988579 44.954293587 45.0030094238 44.656944916 44.6131466027 44.7744524456 45.0847103873 44.6869525164 45.1399472913 45.1113691931 44.7836893053 44.7049624471 44.7456154822 44.7398425375 44.8357848428 44.8488779153 44.8100564241 44.9736406499 44.7457494787 45.1800916371 44.547807293 44.9850000618 44.9676778308 44.5730926598 45.0733910185
44.8312999833 44.5820689703 44.5642817088 45.0043273466 44.9961034259 44.906214262 44.5842210348 45.002831619 45.1311846599 44.6397179897 44.7518974967 44.5457775509 44.5378678008 44.7723231469 44.6229887292 44.5745078742 45.032517619 45.070466874 44.590349232 44.6614282475 45.1548874953 45.1903014929 44.7752952333 45.1362543927 44.5955969102 44.8550007382 45.0495163352 44.8582693575 44.7374900021 45.0576620063 44.9240155332 45.0881195726 44.5301810649 45.0757856532 44.8774384029 44.7253361276 45.103553824 45.1500015574 45.0998280332 44.5119009571 44.6293594742 44.716721555 44.8885261494 44.7053250788 44.5355907165 45.0301694812 44.5825784898 44.873734454 44.6330880535 44.8313490385 44.9492805214 44.5757665664 45.1552123789
