Spatial_Output/90% DEC/90DEC_0637.asc
NCOLS 155
NROWS 192
XLLCORNER 196769.923733
YLLCORNER 449719.875193
CELLSIZE 27.603701
NODATA_VALUE NaN
[rows 0 to 22 of 192, columns 0 to 52 of 155]
0 0 0 0 0 0 0 0 0 0 0 0 0 0 0 0 0 0 0 0 0 0 0 0 0 0 0 0 0 0 0 0 0 0 0 0 0 0 0 0 0 0 0 0 0 0 25.4673086749 25.7127162647 28.5848801829 27.8590452138 28.7870634588 28.565641071 29.1676544149
0 0 0 0 0 0 0 0 0 0 0 0 0 0 0 0 0 0 0 0 0 0 0 0 0 0 0 0 0 0 0 0 0 0 0 0 0 0 0 0 0 0 0 27.2878607152 26.4423743418 25.5681727183 26.0460752327 25.5892215497 26.413217354 25.1735708969 25.2445113753 27.9562916422 27.9646169969
0 0 0 0 0 0 0 0 0 0 0 0 0 0 0 0 0 0 0 0 0 0 0 0 0 0 0 0 0 0 0 0 0 0 0 0 0 0 0 0 0 26.334445719 28.3996664195 28.4829791371 24.9342476274 28.0797613331 27.5753476035 29.1816234653 28.642422999 28.8485927366 26.010453595 25.6488590269 27.5564164795
0 0 0 0 0 0 0 0 0 0 0 0 0 0 0 0 0 0 0 0 0 0 0 0 0 0 0 0 0 0 0 0 0 0 0 0 0 0 0 27.8048572951 28.2221161001 24.66118871 27.4762680383 27.2301829548 27.496065814 25.9021632886 28.4735451554 24.6395629843 28.3168279411 28.173094133 27.3239304217 26.376184504 25.0953655079
0 0 0 0 0 0 0 0 0 0 0 0 0 0 0 0 0 0 0 0 0 0 0 0 0 0 0 0 0 0 0 0 0 0 0 0 0 26.344165299 28.4140555266 25.6802178464 29.0158491322 27.4615016741 25.1882740993 28.3770342511 28.8791319621 27.5784233273 25.7443854697 27.1601729549 27.0468421427 28.0698540847 28.0133669064 25.4373326306 24.9935833624
0 0 0 0 0 0 0 0 0 0 0 0 0 0 0 0 0 0 0 0 0 0 0 0 0 0 0 0 0 0 0 0 0 0 27.8023220658 26.5075817509 29.1073834857 25.0564613937 27.1446696818 24.8236397483 24.8501569991 28.2190218524 27.0625605807 29.2164451196 26.2579856649 25.0730097109 28.4860793213 24.8984654888 28.0558360121 24.6249475172 29.0333587243 27.5167622555 27.8449791036
0 0 0 0 0 0 0 0 0 0 0 0 0 0 0 0 0 0 0 0 0 0 0 0 0 0 0 0 0 0 0 0 27.5662297835 27.2678134856 28.3381576635 25.6585116005 28.8776045261 29.0883121484 28.8040042532 27.2210717024 28.1037991461 28.8958832742 28.9572872175 28.1236283604 26.7583184256 26.6747669306 28.9533700671 25.5604140106 26.5371481648 27.1298893573 26.9589540349 27.2693923485 27.7227343797
0 0 0 0 0 0 0 0 0 0 0 0 24.5069124104 27.7017991194 27.317001981 28.5293234865 29.2805300882 27.3577410811 27.8396091354 28.2359118722 29.0749237149 25.2281913091 26.3715652878 25.5575297099 27.9808562151 27.2734544276 28.3946608283 27.2520320244 25.6235786631 25.8347664462 29.0514216892 26.2911662495 26.0131221504 26.4255650979 29.064888559 29.094384259 25.5487300506 26.4325744785 28.20017148 27.1249308859 25.7451209238 24.5130733433 27.6323323286 27.0251471218 28.5393949695 29.4368125062 29.0701405708 25.0595829338 28.9021217433 26.1359157631 27.5146169239 28.0583709045 28.7625503468
0 0 0 0 0 0 0 0 0 39.1204422485 38.4398047693 40.0844203858 29.1681559612 24.8962699879 28.5063678342 27.5780209945 27.5992390485 27.9152062404 25.7002096502 29.3250349253 24.5554341004 29.317487426 28.6458553907 26.4273559049 28.0460668545 25.2597340655 27.878451964 29.3179294425 29.1217965574 27.3400331559 27.4017148498 26.683171121 29.174098814 26.6945222051 26.0962796166 27.0927004688 24.7470889238 26.4063225454 25.9335595409 27.8309076968 28.8292874191 27.8275881068 24.7969022874 27.6803136215 26.7491970564 26.673230212 24.6618618205 28.070870069 27.5930703324 27.8093042094 28.6337362333 25.6117016982 25.2781641715
0 0 0 0 0 0 0 0 0 50.8475764104 45.536010688 49.5615696325 24.8783953906 26.0419191584 27.0257926529 28.1626091727 24.9271802713 27.632970462 24.9773983208 25.006237694 29.0084436344 29.3372746606 25.548165094 27.5706455641 25.8046791026 27.354518155 28.7959028375 25.0132346163 26.7196075495 28.0077143698 24.9442752246 25.5598711512 24.8352739143 26.0420054295 29.0074503056 27.5809654916 25.6741230663 28.5069150689 24.5172779322 25.5996001307 26.7501084309 27.0855427631 28.8659988245 25.4300874022 29.4409742172 27.3772542936 27.0445839333 27.8355209139 29.1781204089 25.3312862624 27.768587101 27.0396988747 25.4785991181
0 0 0 0 0 0 0 0 0 42.711530536 44.3235709985 48.1935101903 25.8426332811 27.3657746076 27.1995485795 27.3322098247 25.9882982613 27.8439318253 26.522920461 28.5540169394 25.8368744148 26.524056538 28.1944829698 28.5217671888 28.9319131092 27.8831254644 25.7727341029 24.9291863948 24.7979967081 29.4426926396 25.1877763675 25.9852432467 25.5779072851 27.9492261212 25.981620722 26.2987069401 25.2100860991 25.5540245527 28.371199272 29.2390618253 27.7043956188 27.6255917492 26.2823466932 25.587986744 25.1176439314 26.8555310374 27.4614942467 26.515961756 27.6922526049 28.6146682509 26.1455920107 24.6301039405 29.1124415994
0 0 0 0 0 0 0 0 27.3199956992 28.0155560227 25.0235418931 25.0752842197 28.4445253693 26.4131849038 27.6808770985 28.3518687327 25.9743254829 25.8279360459 27.0621444405 29.0208431061 28.573066499 27.8628986161 27.0609667354 26.4609819649 29.4235813834 28.977403189 27.2560356721 27.1660820461 24.5753585996 26.4130929623 26.9437962301 27.0037862604 26.4612359974 24.8374619145 29.2193033553 25.2669416487 27.7549204369 29.0951732586 26.4145103171 28.4856760015 28.8667733293 25.875889132 26.4041512601 27.6777481336 25.7477125019 27.1710404108 25.051110549 28.226573582 27.6752308383 26.7365041891 27.9578230024 26.0730245313 25.5826271974
0 0 0 0 0 0 0 0 28.4793953246 28.0552979863 26.1262655154 26.4081588224 27.5129485408 27.5191360259 28.799705551 29.2844370142 28.4077298436 25.2034447185 27.6359996536 26.0484144949 26.476066057 25.5594698049 27.9281781407 28.8946026642 28.3529138962 27.0666421031 28.3487229039 27.6292648175 26.2341464109 28.9793805183 26.8921907505 27.9206061985 24.6813306672 28.7252726418 25.3906783122 25.2702976834 27.9770702701 24.8461320287 26.2902687001 26.404060289 25.7889722291 25.8924865965 27.2179279867 28.5465875144 26.5741190651 25.735225246 26.9329404477 28.884777405 27.7887665652 29.2874867298 26.3146289604 26.1350393484 28.3164616212
0 0 0 0 0 37.5228928578 41.6734426414 39.1340365994 28.1333543217 24.9620001028 25.2840882359 25.9642413997 26.9112578761 26.231447932 28.9279262303 27.9194328555 28.3788309307 28.6086613902 28.2178694992 27.7707105096 26.7729248902 26.1628809021 29.3074835421 25.0546621676 26.0430980649 28.7652513474 27.2862451168 27.7804257525 24.8654136278 26.3594118384 25.7416741423 25.5527128571 25.5623201294 27.6688487546 24.660299772 25.1074450213 26.3667834222 24.8680686102 25.3804857844 28.5812430724 25.7087226135 28.2651827392 24.6258215981 26.0036511218 29.1777799005 28.2565108406 26.6698675057 27.8787923746 27.2217094826 24.9189743467 27.0797462211 29.254970935 26.8540077328
0 0 0 0 0 40.2121667331 48.2770525004 46.7283257129 25.8802206506 28.661224232 26.8478806189 25.3360352864 29.2753292307 27.8016391822 26.4108555775 24.6839821176 28.7076552349 26.0577543578 26.834208939 29.0376536322 25.1385036387 26.0156587015 28.3359822274 29.171945837 24.8562206433 26.8211907054 25.7620388011 24.9533771529 26.3777823727 26.2535623298 26.4564985651 25.1786625884 28.617260805 25.9012014242 25.7060300051 25.5964575154 26.4974647894 29.3409898743 29.218548376 25.1418271815 28.1834302254 26.8990852657 27.1568181217 26.7853471104 26.5096947 27.1347005482 28.7122566179 26.5289092048 25.1402371912 28.4549655242 27.1243055632 26.6495148811 28.5030075558
0 0 0 0 27.3674595733 39.6623854714 48.1291521899 41.510269986 29.2618131801 27.9872697451 26.3581737311 27.5855284157 26.3311940569 29.1174371217 25.3457052066 28.6360649568 27.7580692311 25.2876768491 28.2605009752 28.5824458779 28.8747389599 29.1007461677 25.0410671761 29.4362881861 25.0394277954 27.727967796 24.9498934629 25.5127674969 27.3765918068 25.1998973563 27.8673727528 26.8944451907 25.7534117658 28.2287530234 25.2676688294 28.7050112873 26.3224956382 26.7500354651 26.0170512647 27.9754671125 24.6933234073 29.4171274813 27.7628436763 25.9242799422 24.6384431991 26.185662801 25.5792618844 29.1077459612 27.2416134069 28.6091228108 26.4059048884 25.8213059245 24.6849874594
0 0 0 28.8820649448 24.793149769 28.9193791931 27.3049059545 28.3068774593 67.2482575102 27.4708464323 27.1942966151 29.1189764784 26.3283760381 26.7400634315 27.3315874993 26.7627809785 28.5706434933 26.6674544398 26.0181791091 26.739394055 26.815113567 28.953440605 24.9231464821 24.8539103623 26.7976156002 29.2291093139 24.9001247491 27.8069519555 28.8004531421 28.0814318274 24.8241295378 26.3929756546 29.0533053714 26.7256231785 27.5445926803 24.8398490251 24.5242120343 24.5228191856 28.6278052473 26.2564576937 25.3816921422 28.5162452612 25.7552582616 25.4568582585 26.3686016446 24.5889323032 28.9953154154 29.3646375225 28.2735823785 27.3400725945 25.8009017542 26.6078083087 28.365404544
0 0 28.3534037588 28.7122051703 27.0608096269 28.9577827177 25.7308969202 67.2482575102 67.2482575102 28.5315639075 25.0919028788 24.5366385914 28.9821495101 25.2350125497 26.3383080182 24.9574576058 25.0222095344 29.2109932989 27.9451460103 26.5110385763 28.6232782375 24.8486066785 24.7837268797 26.0393573995 27.8813298786 29.3714553324 27.7779931164 27.9372318414 25.0654060033 25.2238498754 24.5569623274 28.520672352 27.2248612307 28.9380303732 29.1367649545 25.0302351999 26.9738155953 26.7181886666 24.549816323 24.6307973377 26.0572066125 28.1436696555 26.8114059124 26.2161402925 28.1732901029 29.0947524813 25.1281030692 25.4523298813 26.1422410919 28.6435380282 28.3392556664 27.1647493531 29.3838718029
0 0 27.7647925571 28.3384141432 27.2265443955 26.9545848351 26.6252245648 26.8846134718 65.5913867419 28.1971210603 27.1992580216 26.5909415127 27.8516994815 27.8171924157 26.2489273118 28.8094817937 26.1327046502 29.3075654865 27.3904899434 25.7385650637 26.6028253624 28.8835145724 25.1218209477 24.8589603543 29.0163878249 29.3771370158 27.4603099024 26.0969950184 29.296033523 28.0309566651 27.5636427961 27.12397074 28.2610809312 27.6095464809 26.9548666276 28.1526880023 28.291178525 28.0354031677 27.8297827051 24.5365886704 26.363879918 28.2787161535 28.1338170863 27.4064456282 25.2545022842 28.6052349775 27.0594183936 29.0534096497 27.2127915093 26.6839731992 29.3123433656 25.9381614342 24.7726716253
0 0 25.8343587094 26.6720027137 25.243309316 27.6385498098 25.4754291213 27.957018402 25.3707961727 27.0859600709 25.1154347873 26.9717943035 25.9677637538 29.2090320569 25.2434555936 24.904853751 29.4055092966 25.4434832621 26.3316239612 26.0803399593 27.1657954069 24.5653346649 28.0881688915 28.9828170849 26.2910424119 28.5638597403 27.7911609972 28.6510258316 28.4969256095 26.1382624523 27.2172802536 28.1451744754 28.4956535781 27.730243799 26.345411509 28.0534158805 26.9854716455 27.0606494602 28.3354974441 26.9404904414 26.9282882648 29.1188860223 26.1140312561 29.3118537854 25.1530963452 28.1980416795 28.2427795114 26.8129676447 28.4818087406 28.9093035369 24.8331543685 28.0502982776 26.1805959893
0 0 26.6070735311 25.9110286679 27.1100707023 27.8791548073 28.5461248849 27.9756564172 27.5647897313 26.3875202496 26.6629700142 25.9767509188 24.6546078643 25.3099036856 25.9727323342 28.697532904 27.4617157184 26.798520942 25.0503924999 28.1603127118 27.7847435257 25.279728547 25.0482881168 27.7270403958 28.3860757949 25.727498257 26.1260294326 27.984444562 27.7048926427 29.4267117797 27.659324487 24.7371596035 25.4370626823 26.1606368109 25.3154017753 27.1970849303 28.9298673679 28.7827510393 26.1373142135 29.0689409616 28.3450747352 24.7462631131 28.5303730975 25.5836236852 26.9101498293 28.3587445265 25.5061401925 25.4741253302 25.7372569007 28.9782434722 26.1370876673 26.3360382451 25.5423249023
0 0 27.0808409661 28.3106503093 24.5109837155 29.3146956532 28.9930397743 28.9570659991 27.5429316912 29.3604326307 28.5664813977 28.9486595602 25.6647648837 26.7612116524 28.0767526599 27.4262742923 26.3473659722 25.2059018509 27.5507252628 26.5515989228 25.0868184957 27.7569105766 26.5565768486 26.7842804181 28.1528971583 27.3751534423 28.1661728567 27.9035231939 25.4409052529 26.4429005744 27.7264801356 27.0111831313 27.9456626803 25.8228978106 26.8877136884 24.7959985859 24.5602124035 27.7576626487 25.6867626587 26.8179828233 27.1244091232 26.6510143049 26.3175676255 29.2896741477 24.9105682008 29.012992235 26.4141644825 24.526904777 25.2647535858 26.8310180131 26.1388575721 28.8591717473 28.2359828687
0 0 29.3524706274 27.3450132442 24.636271069 28.1528911033 26.4790282162 25.6405119179 24.956870681 28.8701354655 28.705163509 24.702431717 24.9966549935 28.1418272348 26.8338185473 25.9423041389 27.0575782475 29.4022289827 24.6592602331 26.7771037322 26.6517482228 27.2520529656 27.8677749808 29.4183685157 25.1177137813 26.737826629 28.2945313698 25.2770838362 26.1709407714 27.4106764954 24.7461736354 24.5974001984 25.6399748795 26.8241882437 24.9233176329 26.714406964 28.1539621945 27.8028272951 27.154753871 29.2671759222 28.2819877013 27.1613090844 26.9483725285 29.2510874253 26.6706731916 26.1013509396 27.3881939791 26.5210578486 28.3540551081 26.4928053149 26.1294974854 25.5165662196 27.5393732812
