Spatial_Output/90% DEC/90DEC_0373.asc
NCOLS 155
NROWS 192
XLLCORNER 196769.923733
YLLCORNER 449719.875193
CELLSIZE 27.603701
NODATA_VALUE NaN
[rows 69 to 91 of 192, columns 0 to 52 of 155]
34.6175042321 34.4195198562 34.7886807412 34.1058936813 33.3334008256 31.8899061044 33.4469391934 31.6186053358 34.80170016 31.9184080662 31.7913627271 33.4599008759 34.585543986 32.9396660385 33.5480446215 34.0818813925 32.0098384672 32.520859643 34.2987024565 31.5928627292 31.5941295654 32.3315621374 32.3609706074 32.1142855023 31.7041671805 33.4463384971 32.357434918 33.0034297118 31.8421197892 32.3201787133 34.0686798061 34.0259736795 32.8364368037 34.7807489349 34.8275346627 33.8927101206 31.7894599716 33.3180452006 35.0230818924 33.8683081298 34.1738906952 31.8872154479 32.0345509373 33.1058058586 33.0326886954 31.7845697592 34.5788764153 31.7278579822 34.6255106115 31.8780725619 31.9345848958 34.2255537495 34.3606674028
33.5204724499 31.5786214165 33.7568842316 32.063533703 34.2155963318 33.0289170056 34.3110847563 32.7413938519 32.0025313279 31.8343735678 33.8623994153 33.4764659231 33.4346520431 33.2326621369 32.483745085 33.6855022326 34.4539174714 31.9985326359 32.2760794046 33.9580617492 34.7349160409 32.8317281406 33.7771206181 33.8857780664 34.2016955654 35.0070683084 32.779047093 33.8728249084 33.7285686369 34.922283869 33.198046693 31.6482449666 33.8674528813 31.7489742142 34.6578901957 32.1905990713 32.2347728209 34.6417341068 32.6068563656 31.8760963835 33.4595578594 33.5458651155 32.6589501307 33.2623450321 34.8975859179 32.6368537748 33.4118522438 34.205483386 34.667953736 34.7260858948 31.517197123 31.9627549379 34.8221256213
33.7675397612 34.9586595132 33.4024552392 31.5888479371 33.7354498723 33.5325438248 33.5161374151 31.6821986205 31.7560381169 32.5863978917 32.3202377385 33.7390121199 31.7663655352 31.9852668732 34.7140997092 32.1856882376 31.8681656797 32.7170343807 32.4876825844 32.1890473972 34.1619709609 32.8231242852 33.5238431817 34.3237974165 34.1714905001 33.3922755479 34.252418099 34.4078286435 34.2147404645 33.4143049459 32.2691333432 35.0117079729 33.4840792639 32.8503585184 34.2029780816 33.2136612767 33.5133241196 33.1829570372 34.9175808058 33.2125834491 33.7006807861 33.9660653258 33.2826621225 32.8161327811 33.1682221068 34.2815456995 35.0058382592 32.8161838748 31.6636515737 32.0527407214 33.7754852262 31.6767894399 34.9533223646
32.5278032772 34.8224830262 33.6983779162 32.5620024068 33.1373345101 34.9899888109 33.3217143594 34.2150745999 33.1491520439 33.1653797888 33.0724676346 33.2108639857 33.9032761135 34.9215526173 33.2424009912 31.5069869636 32.0430345351 32.2171048663 31.8228150407 34.0916545184 33.4130718381 34.4906305109 32.2286471628 32.5056503971 31.8454706409 31.7400867159 34.7375332409 34.0071646682 34.0218348269 31.7037114852 34.6066070035 31.8516001795 34.1892374433 31.9704884383 33.9571925255 31.747447582 33.975160468 34.520148377 33.6302897124 34.5903626211 33.3420860294 33.8536760184 31.6370655058 33.717506279 33.7897600164 34.6984920596 33.7634657276 33.7860999176 32.3315053602 34.0544592381 32.1017702302 33.1967842764 32.3456964823
33.1472805489 31.7463371932 32.3830660548 31.7700040612 32.4129078742 33.4150729313 32.3356134777 34.3497085353 32.7409542097 32.2267175919 33.6718442015 33.5137713896 33.559530114 33.8373418272 33.8968906711 31.956539133 33.3940774171 34.7668541682 34.917469909 31.6474028045 31.5716118789 32.4945879126 34.7833657864 32.1296544926 32.4873423499 31.9323708039 31.7438588076 34.8553637204 31.5425135766 32.2089867071 34.1706712067 33.6052344879 34.1329085706 32.0226634052 34.2364468636 34.3467268719 33.46067422 34.2708611816 32.2069016578 34.5470074809 34.3309238426 33.1457705792 33.3956075345 33.0853876888 33.9951322131 34.7433244487 32.6775456799 32.949413348 32.8424689649 32.5971786813 34.5028917487 33.3037421707 33.1928551223
32.1673030457 32.2882947406 32.2926721057 33.0602012516 31.9779336761 33.7166527826 32.8335394524 33.8356409541 32.7686262658 32.3665264619 35.0186789183 32.3244595108 31.5750142336 33.1432788101 33.457672028 33.7426150937 32.7135865665 33.3697404972 34.9408429115 31.9656597306 32.3803920142 33.3984994118 34.2878296161 33.2150191777 35.0122447508 34.7300297279 31.6042430294 33.0674511504 31.870015795 33.1347985112 32.2400874892 34.2085567896 34.6715260868 34.1423862351 32.8819346879 34.4864466148 34.3075369421 34.4242360572 31.5760477362 34.0599609008 34.5590556044 34.2705999311 31.7599623083 32.5479915092 31.6214476052 32.3877354414 34.3254587505 34.7508057817 34.2361413496 35.0016597807 33.8487709336 34.2222326154 34.8255866857
33.1898227362 33.453183031 32.434956313 33.2121249134 32.1494070642 32.6029826458 32.8685425957 34.4176706875 32.2008447837 31.8559927774 33.0833774832 34.9135978166 31.511210833 32.6146359924 32.3591166245 34.9106352889 33.3079799671 33.0438465124 32.3266540876 32.6931628639 33.4668319248 34.5455141733 31.7954334188 34.1228142232 33.0037859164 33.5982946928 32.1554552162 34.9998378756 34.2915273347 32.2313234645 34.540925704 33.6638481562 33.7829604723 33.310502771 32.555659432 34.4368597496 33.1037283343 33.0768127575 33.0779376617 34.2914762709 34.7618151209 33.0198617241 33.1865817748 32.6104427055 31.5857460335 31.6967645157 31.5326215756 34.1460066628 32.5837902565 31.964835202 31.7621963307 32.3491967179 34.7889958335
34.3329318173 34.6958924474 32.9291213525 32.0023120788 32.434141582 34.8880836341 31.664084122 33.7019952504 34.10659687 34.401982112 32.1608103314 33.4150202631 33.0312511835 34.564249216 32.3991790151 34.7612247769 34.6284477044 32.9202937376 33.5260739937 33.6994250508 32.6081886732 33.0635783275 32.1192506566 32.8050433584 31.7469357148 34.6465167632 35.0354476301 34.0801629791 34.5226348385 31.5110285458 34.1705667428 32.3534242092 32.1193519044 34.7950478596 34.9960719637 31.9798562547 34.8037030145 33.88374296 31.9689279343 32.3324699621 34.4590895364 31.9479865235 33.6775056051 33.9130091721 32.4901422622 31.6446849254 34.2659323877 31.8339788906 31.8587577399 31.615551536 34.8316123857 35.012503056 34.7352171345
31.6443408982 32.2298248228 33.7476785192 31.8628262854 31.6117546481 34.8835071186 33.919763181 34.0969584918 33.7325530057 32.8940688434 33.0695227294 32.0409412107 34.9753714614 34.9852675618 33.3227378359 34.7668751987 32.2763506958 34.2045807501 34.9228348093 33.5132260099 32.4937930449 33.7924067405 34.2797261264 31.5454006775 34.7910216285 34.2262750641 34.3702114372 31.8279118062 32.6675994805 33.397952876 33.9365468936 34.8768040743 33.2710088669 33.4391137104 34.6383886457 33.6048964409 33.7981836759 34.6154271792 33.8285793507 34.4820011658 31.7255382319 34.7711221671 32.4954874085 32.1716536299 34.8362797472 35.0270692779 34.2002550462 31.6905694038 31.5655605076 33.3791292824 33.7898085409 33.6264191796 33.2828367884
33.3101866845 33.7340745077 34.8023489707 34.2201226839 32.8210195747 34.0059534344 34.6722937253 34.2168354336 31.5263974806 32.4354612252 33.8407402758 32.8857250328 32.6422126869 34.0154199388 34.3895020288 34.5841332915 32.2252494541 33.4854970793 34.4001229476 32.1849886957 32.2788754299 32.3169407093 32.0973684192 33.567671934 34.8474269452 33.2568858272 33.0267660142 33.3054246242 34.9234825477 34.1364499465 33.3173851941 32.1511646601 31.8746862264 33.5596049914 34.7890568683 33.1059515093 32.8207352586 31.9264122177 32.2654449731 32.7705309907 32.6747003127 31.9814331364 32.2306424479 34.8639356578 34.4857634846 31.9224401642 32.0545133117 34.1965739842 31.5020367137 32.2343064861 35.0042709338 34.63791838 33.0065186153
34.4802776309 32.5756626078 31.7220012345 34.5283238313 33.8786955582 33.7977129809 31.7701397585 32.6064116641 32.334471878 31.7175877973 32.9526981055 33.8229817705 31.6491114501 32.5327887983 34.2746816522 33.0710432956 34.0260962868 34.8261573202 33.6152105408 32.4418632816 32.789506634 32.6386740924 32.3906160589 34.2677635893 33.4915240486 32.6186886684 34.3171764322 32.360178376 32.3708421954 33.8673074938 32.9611307441 32.0038575107 32.534277755 33.4809352684 33.4825896849 33.5647202535 34.1795628506 34.0703386579 33.0272305149 33.5279701423 31.6986332887 31.9161832299 34.7734182554 32.0000564591 32.2374244257 32.7491546223 32.1813493729 34.4579018592 31.8034375579 34.4352859832 33.2978161995 33.2940377821 33.354485434
32.9840735745 32.0444070136 33.4314370989 34.1610002447 31.8295578492 33.5339874315 32.415416862 33.9636346348 31.6481820732 34.0872835653 33.4461438114 34.5890307966 34.9862406833 32.4546114321 32.8023783805 33.319985284 34.9037265155 32.7645230575 34.5115288367 33.0153291986 31.9314411291 32.1768647909 33.9873107447 33.4186099923 34.0506804086 33.4368469221 32.6791086095 33.7739387337 33.2040343908 32.8482353119 31.9736583197 32.8172208754 34.5956415085 34.5807763516 33.2643485707 31.8652987972 34.1627297861 32.3470243266 33.1533230461 33.6531994448 33.0415322697 31.8377521746 32.6569026704 34.2738772106 33.7985415345 34.986810709 32.8613388317 32.635681432 34.9243336135 32.1873614576 31.610284319 33.1841007106 33.3632677274
33.9415207461 33.1387048027 34.31574021 32.3832551381 35.0213707794 31.6044607101 32.2339365715 32.7509745894 33.3585809702 34.5610795689 31.754908895 34.474949226 32.71221609 31.6508433826 34.3566586927 34.2833259927 34.3377005258 31.735414383 34.0579981069 34.6620720287 31.7950695871 32.2158789797 31.9013996265 33.6355739852 33.9656417493 33.3607641126 34.0837536266 32.8492408564 32.040927826 32.1035373053 31.9124600098 33.078322403 31.71260297 33.0718478367 34.9030700841 34.9591725422 33.1285674351 32.9059414668 32.7592077121 31.7516534668 34.0674544864 34.6355831836 33.5729669304 34.696569438 32.994492675 31.5710149448 32.273954062 32.7366295357 32.3629884965 31.8573899322 34.7585458072 32.4829018931 33.594424833
33.1941953892 31.6800141513 34.9225734838 31.7403894293 31.7387105114 33.9815514634 34.5211184983 32.7085401283 33.7362294789 32.4349515926 33.9905882179 33.664638014 31.5291549146 32.9146856132 32.8988696846 31.6899447052 34.2929108874 34.1650931494 34.5656192327 32.9692436785 32.5587781675 34.882703414 32.4039641469 33.5122775877 34.0751929421 32.3195889579 32.1504660431 32.1866478779 33.1194781396 33.0393646094 33.5347481096 31.5199271476 32.5816096214 33.0326602652 34.9023094083 31.8001659057 32.9842983221 31.8605604904 31.7972176172 34.6694708598 34.5161540253 34.6954326341 34.4234682846 32.0382417494 33.4763465649 31.9533623834 34.6754622441 31.5230102073 34.6128015982 34.490629079 32.3378918651 32.2142873999 31.9431827145
0 33.0428841372 32.6851948139 33.8218796991 33.7176378055 32.8886252106 33.6703494749 31.9437796856 31.6946063689 33.4839064494 34.4161065679 31.7245868943 34.6518924557 33.6304886125 32.0023408415 33.0388346313 32.8389226364 33.0427943355 34.5421143555 31.6000819621 32.1577215548 33.0773330605 32.804042029 32.940996803 33.9418477783 31.7112759471 31.6284509594 31.9966892315 34.8539652647 31.7370388054 34.7743732079 32.2134541082 32.1467210042 33.4959406724 32.2953610753 32.4690341378 31.6625317451 34.6952601927 33.0832657705 32.1429578389 34.1832517614 34.5427162868 32.5206814159 32.7228609342 34.4804064005 32.956185143 34.7104877393 32.4268530264 34.9241704258 31.6069821641 33.5054107195 33.4732412227 33.6556921288
0 33.9744836783 31.6473698938 31.5523821381 34.2340020209 31.5104670491 34.0192534432 33.8224723179 32.4805740007 33.4413543484 34.7552942136 33.6553773703 32.627622429 31.7126915929 34.6978828711 31.6149697561 33.632874857 32.2524480066 33.4590949771 34.0158436144 31.7684881027 31.5366660296 34.4737079911 32.5210959786 32.4051499108 34.7121476516 34.6321242548 32.9956494864 31.8851488639 34.4952641323 33.2053857696 33.2504760565 32.3975060241 35.0069331994 32.0105985864 34.3773716322 33.6324303189 35.0039730636 34.4157763653 32.2127329438 32.5905447866 31.8449303333 33.418553585 34.9045759064 32.8352907758 34.9783954717 34.1177282564 31.9110304231 33.2112890982 34.6698931609 32.5285802371 33.5012413575 33.6809644803
0 33.9150528156 34.4827735467 33.7351287216 33.6035278114 34.3800001059 31.7973175576 33.2554817878 31.9914253525 33.9480803616 33.1257325266 32.2020850863 34.7352944153 32.7502638759 32.0744960196 32.5412311607 33.3182831163 34.9563547121 34.6546163131 34.2291759218 32.811648887 33.1101374389 34.9396944963 32.3324396354 34.1757241305 34.2258520012 32.9987034362 34.8475648575 32.7968219842 34.0103254326 33.326072689 34.3827214002 32.2776194527 33.976802129 32.9163356276 33.6277810327 34.4944386176 33.0248125558 33.4567008681 31.5195632031 33.7615083516 34.5424475331 32.3194312887 33.4686474549 32.71849039 35.0065535785 32.1228504504 32.1035249029 34.2938013223 32.719140287 35.0310945801 35.0274176052 33.0163897545
0 0 33.1388329116 34.6197266112 34.374538744 33.2572967948 33.7424006381 32.8318217267 34.9447012195 31.6196310498 32.1340231108 33.8929089867 34.6756064537 32.489921605 35.0317238396 32.2010765948 31.5076707038 34.5585374032 34.4597072916 32.1130767932 32.7557271756 32.1986861621 34.7385837212 31.6696404284 34.6669732182 32.5330846997 33.0263839128 33.5667627303 34.9639787159 31.8787738212 33.0096211724 32.6067121009 33.6692629879 33.7025803961 35.0313846201 34.5548814716 33.8586433818 33.4304387571 31.5003775681 32.5143571446 34.6713399092 32.851527544 34.7352455905 33.1240172816 34.5383316176 34.5442556459 33.4908610654 32.396714911 33.97917666 32.1521754268 32.6877509876 34.3607672472 33.7079253391
0 0 0 34.1303569486 31.750689408 33.9371510878 32.0084539079 32.425874727 34.6333040974 32.7960746974 34.7158947659 33.0426782266 33.8142623909 33.0669504098 34.6862047235 32.3807551881 34.2058246611 34.9641412636 34.9315994192 33.2868264024 33.4498549581 31.5384560811 32.2739533525 33.4884612437 33.2976618024 33.4356329039 34.8198848802 33.8580132017 32.6334556971 32.7528516034 31.7472509814 33.7501989798 31.9098512424 32.5837873817 31.7407093495 33.9877692252 33.2300705334 34.0122492985 31.562816809 31.5354980422 33.2998020165 34.5895969509 31.6992608683 33.7627346439 34.5682856403 32.239601954 34.6587857406 33.0571517036 32.6820522589 32.6141541265 33.8169770258 32.1715931374 32.461602961
54.0794263359 62.8991594329 68.9162058255 0 0 32.3931266801 34.0036318187 33.6835917239 33.945125996 32.8814826615 31.8293838729 33.1981346499 33.8372534797 33.4701297595 32.0777407306 31.724981494 33.6696184445 31.8624976654 32.5342950304 31.796164298 34.4513833031 31.7647991909 33.9019361552 31.7109805849 33.9278565966 32.5065300666 33.7138318534 34.1660585333 32.7953998829 34.6922396544 34.5592570842 32.4825852432 34.8905991889 32.2202098558 34.5617790727 34.415049655 34.5919040598 34.485487112 34.4652192805 32.8270433262 34.9148359417 32.4600587815 34.4320145936 34.4627571772 33.9562667688 31.8734175492 32.7838401934 33.5666431471 32.2682852499 33.0932261289 33.1139017237 33.3069011772 33.8587194726
68.8281306267 52.9910635116 61.9553700674 0 0 0 33.2196348856 34.2767887224 32.0212874731 33.9509394772 34.3836421578 34.5054385777 32.2716354526 32.857222996 34.9185507945 32.8998763744 33.4901119948 34.0576572049 33.3653526135 32.0500184312 32.5418498498 34.0621463722 34.9376318941 34.4090314059 33.9856022928 33.8015472529 31.7918724719 32.1049584906 34.6473242458 31.5722604039 34.2663558196 33.0290040745 34.1010797811 32.1389205945 34.7574266687 33.6454881001 34.3141624312 32.5092138326 31.6176410532 34.445123122 31.8309387922 32.924551344 34.0820012657 33.9867759321 32.6244548754 32.9527239009 34.4835575034 33.8066739155 34.4289038763 32.9194715561 34.9929756996 32.6836792714 33.1558247055
61.6571881023 62.5602211229 55.8833593984 0 0 0 32.6935851936 33.2583470604 32.4966443014 32.4089760771 33.9516192617 32.8085768094 34.2669059221 34.5638686605 31.5561277265 32.455726015 34.2301629949 34.3562191755 33.9828901043 33.9104083701 31.6988116129 34.8375484817 32.8382084559 34.9984124095 34.823751414 34.4542680373 32.402904488 33.2536948473 32.5819553517 34.5382950883 33.3263980265 33.348866724 33.6015964811 34.7527856703 32.3715125934 34.9467260272 32.6571008791 34.4034744803 34.5363829275 34.715482881 33.82406913 32.6192214208 34.4108077102 33.0493162814 32.3454866269 34.3887087892 34.5317147256 34.1175166005 32.4110712521 31.7170989425 34.9419136342 33.3395571013 33.2020618373
0 0 0 0 0 0 31.5400525567 34.5310884095 33.6615060595 31.9856976976 33.1406509647 34.72236256 31.9130285712 33.3418135632 34.4252098644 31.6407461238 34.7870512227 34.7331341261 33.3542979985 32.5690193249 33.1256268449 32.8457595673 33.5980195288 34.4588587588 31.6956946095 34.5958278591 34.7987727168 33.6615777123 32.3033435547 34.7524864346 34.3621882863 32.5198917941 31.8611479613 32.6583325084 31.9891925064 31.9474789746 31.9294859162 34.2893161339 34.5037198591 31.5998617646 33.8983939284 34.1393854116 33.9562895806 33.6844814114 32.169790516 31.6095950139 33.8051128927 32.4980874987 33.7057601502 32.4346118509 34.592514594 34.6420129855 34.2692050451
