Spatial_Output/90% DEC/90DEC_0421.asc
NCOLS 155
NROWS 192
XLLCORNER 196769.923733
YLLCORNER 449719.875193
CELLSIZE 27.603701
NODATA_VALUE NaN
[rows 23 to 45 of 192, columns 0 to 52 of 155]
0 30.820825202 31.0078447674 30.7084557455 31.0650685815 31.1177252742 30.7345812567 30.7967345549 31.0688315653 30.545846216 30.5802023609 30.8109398212 31.1850360141 30.5129129291 30.6627807095 30.6807479814 30.7402274747 30.5356691747 30.8814911487 30.5029363232 31.0549107436 31.0746777896 30.6915724651 31.0127869717 31.0379660957 31.189395965 31.008887897 31.1043339257 30.6246397698 30.8975886844 31.1720832065 31.2015016896 31.0611927588 31.0634313824 30.9303463967 30.8152249375 30.8831252251 30.5439671556 30.5315848866 31.0080074439 30.6991336929 31.119432475 30.6721520409 30.8800151736 31.1698567093 31.1263947504 30.5144166167 30.7958387791 30.7801826586 31.0413494691 30.8561854508 31.2061765516 30.7481199431
31.1601979368 30.9589515085 30.5420466464 30.9805223558 30.6508504692 31.1144028008 31.0263206918 31.0969229363 31.0087279571 30.8178946854 30.6913937379 30.6456212532 30.8213574747 30.6496105026 30.8645172664 30.7415401691 30.7567199545 30.7235014123 31.1061126706 30.978641021 30.8233686861 30.6748615307 30.8316811078 30.8345703469 30.960730035 30.5738656103 30.7359959034 31.1476855172 30.7242927609 30.8743768858 30.7362487604 31.0090577261 31.1500012713 31.0592091992 31.0144009492 31.1605545521 31.0858191085 30.8452153136 30.8596541784 30.5096623938 30.8511668145 30.6265783868 30.8040027465 30.9914274983 30.7539905479 31.1822704846 31.2045667598 31.0786956354 30.6167082523 31.1079936397 30.5840678131 31.0054205982 30.7343452494
30.5555871425 31.006228512 31.0063326149 30.9401775088 30.6346718081 30.7360786603 31.1995845511 31.0946386678 30.5304368225 30.7655410796 30.923828483 30.8107273999 30.9829364889 31.1859642131 30.6099254058 30.872342547 31.1017116489 31.0244857399 30.8507179993 31.0044987852 30.9031793366 31.0137038855 30.5465956589 30.9303994686 30.9000247845 31.0216736511 31.1240468972 30.6106487238 30.5820831448 30.6839065618 30.6972162821 31.1630893604 30.986953129 30.8957120737 30.5285631012 30.6109077001 30.7571505469 31.0275286006 31.1467465069 31.0215698566 30.6950689225 30.7039923194 30.761081028 30.6591899889 30.9697732865 30.9867558853 30.8597944469 30.5090731415 30.7734658947 31.0323310972 31.1509130565 31.0569642636 30.6514339318
30.766604214 31.067192514 30.5203342129 30.6792572258 31.0013877595 30.5920024723 30.8650539172 30.814045816 30.6639967546 30.9679923808 30.8384622711 30.9798616463 30.757964925 30.7184481577 30.9792900895 30.7347890794 31.1862105915 30.6829991543 31.1987848259 30.9721311401 30.9679524442 31.0746393598 30.589262683 31.158040148 30.9624806081 30.6945211752 31.1998764672 30.9902126086 31.0611403311 31.1347456621 31.0129401475 31.2043508024 30.7591121851 31.0064643041 30.7219771841 31.0645556627 31.0297991125 30.7519754942 30.6707839575 30.6563365185 30.7120133814 31.1412235536 30.9757641074 30.9148332754 30.5921645226 30.965313548 30.5678240379 30.7877408142 30.5859495769 30.5128664079 30.7429682289 31.1212791274 30.745532686
30.8667141416 30.8432242037 31.1437233605 30.8293718301 31.1586098286 30.9804668251 30.7799728386 30.5247681786 30.5010314257 30.6702127609 31.0053935617 30.5124997706 30.6169871377 31.0674727414 31.1064160034 30.9647495035 31.1145510904 30.7219312606 30.8282576793 31.0444262741 30.8293718482 30.6397728296 30.8517400419 30.5561485975 31.1150825782 30.6450282399 31.1880615405 30.8919712742 30.8211819883 31.0704064116 31.1673604273 30.5153848748 31.0975566263 30.7055454512 30.8503914367 30.8257080398 30.840263446 31.038575931 30.5907631705 30.5482079348 31.1112254823 30.8754246305 30.8239566938 30.5765667248 30.7467962645 30.8374387571 31.1129399969 30.6910094395 31.1421325301 30.8791809482 30.8155045601 30.6464452578 30.9517726891
30.7362989024 30.5353163609 30.9128250082 30.9792107113 30.969772454 30.8724862732 30.6369011601 30.8991914867 30.7052315289 31.1991918284 30.8787849315 30.7960440885 31.0070895243 31.1529432602 31.0543695295 30.961224066 30.7897039454 30.5288521102 30.8966675462 30.8706854866 30.8857847143 30.6052290155 30.5162353592 30.8092476532 30.7545612512 31.0988540502 30.582597821 30.7662301556 31.1563349606 30.8321959341 31.0868587915 30.7900093942 31.0961353363 30.567845234 30.6071060736 30.7005934823 30.5044641947 31.1743888321 30.5446244268 30.9407942855 30.7504788212 30.8858976085 30.5590173567 31.0794508613 30.6075036617 30.6950064563 31.0352322052 30.519668676 30.8728243284 30.5962369821 31.0133847646 31.0334574361 31.0293244219
30.7926982954 31.1611421196 31.1162599486 31.0708677645 31.0339035028 30.6048847419 30.6754878797 30.8134154821 31.1624298269 31.1300554512 31.1133177524 30.9017829998 31.0852824391 30.9466774261 30.9477452296 30.931562576 30.8686295856 30.8097288943 31.0949566399 30.592502699 30.6741001423 30.5776165747 30.9169902626 30.7087075079 30.7566083084 30.9559872012 31.1283725981 30.980290466 30.6329457179 30.7971554483 30.5845871385 31.0079051353 30.6721425918 30.5450638185 30.7039682954 30.5568432586 30.5920082582 30.5585908115 30.5397285856 31.1852685845 30.9478257855 30.8617637402 30.9748404393 30.5838722309 31.1341835205 30.6900608349 30.5096500008 30.8852825085 31.1751026446 31.1623532506 30.5668641874 30.6493262385 30.5030903991
30.5905291592 30.51964955 30.7968532503 31.1620838345 30.7676265521 30.8434230686 31.0288943602 30.6661602856 30.6740351353 30.6515621446 30.7375730465 30.8287435897 30.5950051156 30.8586713426 31.0653468808 31.0548973014 31.1214732009 31.1956393759 31.0918775143 30.7356149349 30.594929856 31.1206144759 30.5556713135 30.9141273111 31.1180216401 31.1652896313 30.9982829647 30.8550403821 30.6087126718 30.615373084 30.5348402301 30.5011216508 30.5132291054 31.0397874188 30.5463812043 30.9268210003 30.7683804409 30.9979513867 30.6538729622 30.9050252361 30.8655132771 30.883718611 31.073323076 31.0966301093 31.031970338 30.7149425827 31.1854031804 30.6444193872 30.9545828821 30.6090081535 30.8845330205 31.1943523754 30.503637103
30.6431940097 31.025256441 30.8569321995 30.5256033602 30.7956100248 30.5698447406 30.5595742334 30.8720621523 31.1985773466 31.0078024638 30.8022953266 30.8217857286 30.5935146944 30.7660490713 30.9196398146 30.9932875981 30.5945104253 30.7233218599 31.1907867523 30.8362778492 30.9273618493 31.0645434733 31.1171110362 30.9938101307 30.8057700197 30.5686065988 31.0817852497 30.8802625048 30.6624644334 30.9734260983 31.1460459369 30.8174133171 31.1025097154 31.1837781976 30.5797994933 30.5799284926 30.9280817573 30.551827856 30.5786185529 31.1364930371 30.5045919318 31.0296922684 30.8062087176 30.7328475012 31.1168882662 31.0552296833 30.5493740959 30.9093062385 31.1707859441 30.9723904602 30.8537172301 30.9290314599 31.1429374946
30.6007419514 30.706362441 31.0848831069 30.8473261397 30.7632446791 30.6242787294 30.7184431913 30.6753062826 31.0709169249 31.1436354038 30.8671493597 30.5274704005 30.6305523468 30.9951776886 30.8587431741 31.1238703195 31.1694551213 30.9103801863 31.1441417487 31.1131737009 31.198571128 30.7957978363 31.1696451 31.1317336254 31.0655056613 30.6067005522 30.9899141387 30.7822331649 30.6346702215 30.9191621796 30.9134563298 30.7428656351 30.5368703925 31.0274480607 30.9229288242 30.8620303773 31.0536107315 30.6220210334 30.6143745679 30.6955542067 31.113720333 31.0935114066 30.6937965762 30.8837738876 31.0801859839 30.6172670187 30.893487926 31.2005022476 31.0258905829 31.089307671 30.6210382917 30.8627321433 30.7329557655
31.158298461 30.9494185909 30.8749575599 30.7123953626 30.7163132634 30.6906457471 30.8957208301 30.9353371613 31.0430311202 30.7117949677 30.91101461 30.6653925064 30.9204717594 30.9928458628 30.5204946649 30.8429826465 31.1141350334 30.8024541484 30.6447864611 30.9361002525 30.8964041888 30.5815159454 30.647885965 30.5321537313 31.1060386078 31.005652189 30.9144757963 30.7225738446 30.7009878113 30.775572273 31.0343408355 30.9516289882 31.181953838 30.7760688364 30.5345124439 30.8573790532 30.7405199213 30.9631134275 30.6067413452 30.5714965692 30.7030990657 30.5023867968 30.8470530994 30.6400317004 31.1654966959 31.0328572679 30.6224639904 30.8066249519 30.5330826938 30.6345425633 30.8241192006 30.7387391879 31.0700597662
30.8888437137 30.8524865672 30.6289576026 30.8544846138 31.1709670313 30.9712444891 30.8000204 30.8690151928 30.8242916214 30.8438383655 30.9600637331 30.8580285406 30.8119621592 30.7674184718 31.1451506245 31.0931080203 30.6170012663 31.1487006067 30.608610737 30.7614874174 30.8649374794 30.7658263291 30.8478704465 31.0691481572 30.9615786274 30.8347022514 31.0881255733 30.5611272691 30.9682172125 30.8793776795 30.7481524343 31.0964176082 30.5751166978 30.8587591379 31.0653459027 30.6601030865 30.5903876795 30.5152635101 30.9309405817 30.7728389965 31.0730738576 30.7544370703 31.0099243317 30.998533975 30.8771722894 30.8101608382 31.1705726308 30.7621677925 30.7133762851 30.5888570101 31.1055842474 31.074892517 31.1118816755
30.9522912513 31.0193717822 30.9407147039 30.5413505831 30.8708849049 30.9741375966 30.5772200797 30.7057050818 30.7070431078 30.7546907254 30.7473037616 30.5487130048 30.6368230916 31.1138018029 30.57694309 30.8248219144 30.6153441915 30.8943790928 30.5878058151 31.1906965525 31.1947974174 30.5624293684 31.2038112257 30.659328444 31.0180989123 31.0246797019 30.6852581404 31.1858775813 31.1807001831 30.5585925643 31.0539365341 30.9018334069 30.9446861204 30.5619346512 30.6594370243 31.0683985077 30.7089963303 31.1750546774 30.5983021555 31.0090168111 30.8303152665 31.0381509766 30.5675457172 30.8036405943 30.5390816919 31.0168195936 31.1362653618 31.1615563967 31.0551580916 30.834233117 31.1755119958 30.7734816754 30.8696000928
30.6022458807 30.789675654 31.031456105 30.6423627509 30.608664954 31.1751307497 31.0857061408 31.053836115 30.8665482526 31.176623649 30.5212984373 31.0044813141 31.0210086264 30.6042548835 30.8883503754 31.1802041778 30.5867977596 31.0533653139 31.0799395557 31.0016365364 30.8589116113 30.7295655202 30.9213014902 30.5825221031 31.1572000669 31.1923983092 31.0601852291 30.7371176172 31.1692522663 31.1021193413 30.5728103541 31.1102607136 30.8941659542 30.7898219239 30.5767605303 30.7863989978 30.9032960135 31.0503271748 30.6469598036 30.7430881946 31.0203558357 30.8363787643 30.9729623986 31.0137229915 30.945073506 31.0697300164 30.7244512538 31.0275259895 30.864551446 31.1345688497 30.9549923874 30.6350202104 30.9414180786
30.6611032735 30.9502256619 30.7754498525 30.6689043087 30.7023572574 30.8540907557 30.5678864485 31.187322893 30.7382382956 30.6432283417 31.1867787675 30.6202838896 30.8293468171 31.157188602 31.0307537508 30.9645054159 30.5471810602 30.8911244862 31.0644214012 30.6494501094 31.0550943985 30.618056703 30.5608559789 31.0182200714 30.8287848782 31.012860775 30.5369226706 31.1304466246 30.9967043404 30.9264239024 30.9616841468 30.8442332928 30.566668494 30.7669655078 30.6764197041 31.1400784072 30.5629112077 30.9983311454 30.765999077 30.999262207 30.5063229555 31.0821288228 30.9924273862 31.1827698274 31.0354242971 30.5563717926 31.2028251744 30.8832582064 30.9975228017 30.668911067 31.140159996 31.1220254886 31.1658513632
30.9288409177 30.5731009083 31.1855784184 30.6677814536 30.7137523313 30.607257701 30.5006417744 30.507222362 30.5441703029 30.6976318726 30.6258937471 31.1154796369 30.7868447124 30.8773168268 30.83692912 30.8595569105 30.9816592321 30.7896035297 30.5189874431 30.9755700155 30.6328913701 30.5556670609 30.6984923807 30.6027882167 30.7145146181 30.9901076911 30.9264820936 30.9453257273 30.9741631399 31.1590760749 30.9273730158 30.5664945814 31.0594838355 31.0497931254 31.0467675588 31.1358209081 31.1684373871 31.1290740824 30.9132443828 30.6698810062 31.0167054892 30.7196804729 31.0844353165 30.6066652478 30.7021580232 30.7477987351 31.0665607559 31.1922442915 30.6178200705 31.0718727081 31.1739949755 31.0056378828 30.9064161692
30.8774884754 30.5924954502 30.8594762297 30.6945905347 30.7030074513 30.731026701 30.6364083292 30.7848182312 30.8227211652 31.1335874538 30.8422505754 30.8060608194 30.5858098569 30.6567894584 30.5200042153 30.8512522154 30.9529749063 30.8747322595 31.1921749898 30.5717145641 31.135097694 31.0852129059 30.8675054118 31.020207506 30.5578419695 31.1822395385 30.6187915642 31.0517752144 30.8575430288 31.189754722 30.9732710291 30.8435116503 31.0073015591 30.7799134301 30.929562221 30.5610471133 30.7312298246 30.7967038446 30.6334224579 30.6363098017 30.7692557333 30.6622297228 30.77304921 31.0413183636 30.5742123763 30.7530057187 30.9859594982 31.0853983364 30.5282129919 30.9180712797 30.8015067424 30.742886994 30.6492915344
31.1051585774 30.8935938256 30.8903288061 30.7494539163 30.744093929 30.5076273723 30.8838621191 30.7810744854 30.5202204171 30.6386990317 31.1101186923 30.647330029 30.8954457587 30.786770839 31.1634986809 31.0924693308 31.1522041299 30.7529242105 30.9764044681 30.8481481158 30.8213396293 30.9810198362 31.1010138051 30.554893273 31.0442967373 31.1014668501 30.968472768 30.7258319009 30.926858781 31.0602491937 31.0888223018 30.8029463251 30.6787267889 31.0504661276 30.5612586282 30.9366854827 30.8574202255 31.2026059322 30.6301989859 30.7222844412 30.9586748654 30.9696332211 30.5286443886 30.859622667 30.9744700413 31.0475203599 30.9624068297 30.7473910663 30.6228432356 31.0303120145 31.1226207389 30.5825832026 30.7604317054
30.8137052581 31.0049081749 30.6935492032 30.6917005393 30.9218663588 30.8624735456 31.0906538403 30.5199464343 31.0373517228 30.8956014962 30.9570880081 30.6219554768 30.6353502079 30.7868729427 30.8301893952 30.7159056694 30.8653017377 30.9210970521 30.8433461502 30.8846228878 30.9700237762 30.847381739 31.149391568 31.1525550478 30.7499829972 31.0566736326 31.2050028351 30.546222307 30.8363880163 30.8717582807 30.7125865026 30.6549105823 31.0627217191 31.1054788433 30.5096468299 30.7022825852 31.0229599047 30.5504167784 30.6508856059 31.097836577 30.9915336549 31.1168020055 30.8614146492 30.7107971062 31.0780515002 30.8288814278 30.7073321311 30.5336601545 31.1456593903 31.0606100767 30.6625319705 30.9060310293 30.8081695727
30.6025682374 30.5161635944 30.9675582082 30.8421779309 30.5725989345 31.0407992762 30.9656307427 31.0986972629 30.8948434977 31.1066822665 30.8572549917 30.9583552353 30.8035013449 30.7083807273 30.9717546032 30.5748297967 30.6229685924 30.6133378271 31.0508351944 30.6022012312 30.6687583093 30.7087643973 30.9709430102 31.0270531765 30.6474863714 31.127476345 30.53152294 30.9768108421 30.945426571 31.1143616844 30.5129883589 31.0189915073 30.8930188924 30.9233621023 31.0382902999 30.8203080334 31.0543719551 30.730968884 30.9387647787 31.0685197015 30.6093581624 30.6977442168 30.8514490276 31.1859494078 31.0636642824 31.0002228325 30.8007378283 30.9377478589 30.5511111711 30.7158846699 30.5911326423 30.8127310876 30.9436304879
30.7315308507 30.7061908567 30.9606098798 30.624010861 30.5904317669 31.0900097627 31.0971224353 30.9374776846 31.1909640793 30.5661204492 30.9420675278 30.7655245405 30.9129472067 30.597563605 31.192405657 31.0025217736 30.7864244538 31.1043825811 30.9853629126 30.85725143 31.0073609247 30.7850129804 30.689943829 30.9024975027 30.7813954228 31.10380998 30.6027442666 30.9112959938 30.9551299384 31.1429058322 31.1692578092 30.7347231546 30.8481764428 31.0248517514 30.9008849395 30.5321486731 31.1071407287 30.5212536027 30.6721578208 31.1907276277 30.9281618157 30.5583342218 30.9834060285 31.087770752 31.0732743742 30.522798456 30.7752175387 31.0386184775 30.5491658977 31.1677385835 31.0381594842 30.7343626929 31.0820150613
30.7246704322 31.1012639166 30.5802014533 30.6061294838 30.8204869454 30.6418881773 31.0291011204 31.086808159 30.9171905525 31.0967513809 30.9943308435 30.5190868459 30.5586811923 31.1657402826 31.0241845904 31.1612662438 31.1879954031 30.9368106995 30.5898243875 31.1555803164 30.9575695476 30.5913572725 30.7146348026 31.1201964317 31.0842031674 30.6824822902 30.8220780855 30.8657970415 30.9602342017 30.514382393 31.012765427 31.1174149277 30.9374059573 30.5103854664 31.0148383397 30.8845626593 30.9859136358 30.9801970068 30.650960497 30.5012377039 30.9024227526 30.5334188325 31.0572039265 30.8964584098 30.8061928892 31.1748027805 30.888888568 30.9651733263 31.0731627963 30.7808296663 30.8626816892 31.0771122674 30.9749133801
30.73407508 30.8992101103 31.1727895214 31.1608130159 30.9820765947 31.1894654271 30.7763097424 31.1533051115 30.6634634155 30.8559742322 30.5641842813 30.7484331386 30.5201637789 30.7336227501 30.7093550498 31.1463807784 30.8118964301 30.9305428779 30.6209675558 31.17918382 31.06497817 30.5767395495 31.02955024 30.9001528749 30.685956116 31.1914090437 31.058351496 30.9920602078 30.8199660322 30.9664802758 31.1681605656 31.1709489323 30.8201800246 30.525709888 30.9414183181 31.0999442488 30.6031493111 31.0497944169 30.8138029195 30.512140862 30.7224532141 30.5137261276 31.1470941877 30.7052025955 30.9016898834 31.068362268 30.7360252836 31.1738876852 30.9996503506 30.8181349708 30.5571061761 30.9271419132 30.8303731577
