Spatial_Output/90% DEC/90DEC_0395.asc
NCOLS 155
NROWS 192
XLLCORNER 196769.923733
YLLCORNER 449719.875193
CELLSIZE 27.603701
NODATA_VALUE NaN
[rows 138 to 160 of 192, columns 53 to 105 of 155]
34.5315283282 33.2778620985 32.2200156901 31.7921614825 31.6837168868 32.8731975639 31.5073756112 32.793425025 32.3616955997 32.0286997061 34.1240598005 31.5582545902 34.2597858643 34.3130895487 32.8972070456 32.514356035 33.0084671793 33.1623413815 32.4270707912 32.1733161704 33.8210403734 33.9800088946 33.2609553464 33.1381097345 33.343596935 33.4896651208 34.4191159423 32.1505053832 34.9869580677 33.1691701836 33.5598792655 32.1296984397 32.1444946101 32.8466940512 31.6057750862 34.3130829522 34.9163616249 33.3273210142 34.9367845879 33.9962475271 34.2721508135 33.9542410745 33.735965371 32.2775083479 33.7088366538 34.1313285504 31.8883491322 32.4136994776 32.1822505402 34.2580534087 32.0340909505 33.3153317209 31.9534925173
32.4341050338 33.9433061111 32.1510645755 33.8967398283 34.1737880524 33.2076942412 32.6433849734 33.8766380867 32.8801827872 34.9093284667 35.0122922365 34.3017574072 32.5928998695 32.3309090225 32.7735619194 34.3489128137 32.2118333773 34.1554616002 32.8353374322 33.4947709483 34.6086043967 34.1159799717 33.2329915022 32.4600094058 32.5862791032 33.6309167646 32.077348145 31.9874768018 32.7204630132 34.0010589161 34.0515874119 33.7746573903 33.8315643338 34.2849930161 31.6205923601 33.4885211223 33.6009103243 34.0265874971 32.6634289314 32.5706488327 33.195294379 33.8306540735 33.7497115009 34.6727743515 32.0454691954 32.3951449617 31.8136518955 34.0128533498 32.8888469613 32.6333509325 34.9725515184 31.7237400249 34.4120142331
33.7966984248 33.4388231226 33.4182294955 33.9368243159 32.0876248623 32.7389792132 31.566690897 33.1148285061 34.2080304823 32.6892499339 31.9643848004 34.9524318705 33.00741767 33.042616379 32.564668227 31.5909590361 33.4623030586 32.8755425786 32.6573063241 34.4443769619 32.742497665 33.7110274426 32.1409737103 33.1150469545 32.1384094733 33.1010258937 34.2045908129 34.6935299929 34.2109953247 33.567689814 31.6519229628 31.7085579433 32.7300916025 32.0133128675 33.0313199895 31.9753184657 35.0329253722 33.7670816508 31.6679387346 34.6480667117 32.6722051647 32.5397380159 31.6592856948 33.9048674942 33.3718809441 31.787664002 32.6809642621 33.7048745064 31.742494021 33.167758568 31.5194223488 34.6410691302 33.029052044
33.4713243911 34.611317271 34.8643000511 34.999115674 34.8363003152 34.8626089382 31.7777541006 33.4669905825 34.1452411353 34.2027518184 34.7452435312 31.6370584713 34.3452138946 32.0523817081 32.7383992406 31.9895662429 31.6986547983 33.659284546 32.0869145651 33.4743146572 32.2621485965 32.0067623395 33.7062143497 33.4783942176 33.9816671146 32.0816905555 34.6512485026 32.1245247306 32.4692770968 34.230040953 32.8569642653 31.6617984683 32.9067175956 34.265733783 31.7284383946 34.1927161703 34.9999883271 31.6299937131 33.0488186959 32.8475275758 34.1657825602 32.6623547484 32.6502810804 34.1562931765 33.7428926866 32.0430303203 33.2007214735 34.3766585199 32.8044892823 32.9030855809 31.5659528386 34.5047815676 34.6641162613
32.3901294432 31.9035847654 34.8877365624 32.3579681552 34.6956195813 33.2447169143 31.6437483791 32.9917846385 32.0792689921 34.9184028314 33.4188030105 33.5690388817 33.3860172245 32.1686788453 32.4016432118 32.3588599006 32.1035332506 32.3808992889 33.0084215755 34.5895934887 32.7771169346 31.9972972568 33.2947647448 32.8707886109 32.6992780877 33.6647779512 32.8094352009 33.6119161589 33.5553519824 31.5734977321 34.4978723774 34.2989988584 31.5993555938 32.7789461811 31.865375582 34.2454964035 34.8976212839 34.0760158032 34.5460392858 34.8543869247 33.2432111692 32.938050948 33.5334107268 34.5493228274 33.5869481227 32.6990407447 33.4172825233 31.8902478793 33.5296127323 32.99247892 33.5243437374 32.6154189882 33.5235819089
34.1030186081 35.0110734838 34.9903391982 33.4766063031 34.8422353671 34.1761271336 32.1608337143 32.8693618041 31.9619967199 31.7350931982 34.8173544072 32.9668048346 32.6878751652 33.6063730847 33.6530632026 33.9124202407 34.3788197242 32.1772362267 33.4984074831 33.2588252263 32.6281607043 33.2086756008 33.0119247228 34.3907063688 33.5722550894 34.5792952183 31.5765718666 33.6522592609 35.0129612681 31.9044548094 33.7832233194 31.7943113097 32.7924843516 34.9670122639 32.906016599 31.5137489195 34.8360557743 34.8748389803 32.5100029065 32.8757066968 31.5262922114 32.1166008595 32.8704101865 31.769894558 34.0897011765 34.1832925752 31.8079176856 33.6403262411 32.2222597293 34.1038407152 33.7691957967 34.6002163958 33.2410639737
32.3354387948 34.0591278125 34.5395117795 34.8396197567 31.7301388976 34.2341908261 33.7678318781 33.2745242423 33.1935795738 32.231300119 32.382052677 34.0263863311 33.4576081583 31.7157962721 34.7218672527 32.4126828457 34.7264179902 33.9255187004 33.8715769703 31.656925811 33.6698845171 33.8155566378 34.5470647281 32.2674024048 34.4942572505 34.2816156572 33.7938517093 33.3208008623 31.9351740453 33.7865813604 32.3924840152 31.6133730081 32.6494351027 31.8419741192 34.5965030599 33.6429289719 31.627180183 34.7099619932 32.7506820104 31.6360756481 33.6746537692 33.6966470064 34.8925638268 34.1112338478 34.4386124736 32.6231964564 32.2732568419 33.4190679171 32.2991492377 33.7271747683 31.7157335896 34.8175764311 34.4531032086
33.8089356321 33.8816230809 33.1913763608 34.1608440592 34.1065948596 33.4528151072 34.7927947803 33.2244347796 34.0364415864 31.7405535741 34.7572410466 33.1167522868 32.1161911296 34.7554739792 31.9682859473 33.7795274193 34.1384399862 32.1633521226 33.1060765982 33.2029022304 34.7533045577 33.2152076827 33.8756887669 34.5531538137 32.3863624338 33.7167636904 32.5858336523 32.8526367617 32.0553410593 31.8704548404 32.8690699898 33.9673105556 34.7251928285 32.4183225439 34.1818102173 31.9763869212 33.0856063571 32.3390022125 33.5999486336 32.1261107981 32.2160225081 33.1724493083 32.1101482543 34.6756511487 32.535221371 32.8928110552 32.4233200163 33.8691246504 31.6512338333 34.1066439895 31.6473340684 32.1377273146 34.9057702164
31.8065803765 32.5382111059 32.0122699597 34.9485912732 32.3696713941 31.6544505041 33.0072331378 34.5257184177 33.9506600404 32.6814309185 33.4809288515 34.7080573938 34.3595733695 34.804264971 33.3341707651 34.5882698215 33.7908841154 31.9191081829 33.796709486 34.6334034997 34.2308408872 34.3048819284 32.2117060934 34.419853608 32.5181147065 32.5368348495 33.5743849767 32.1516076893 34.1298281452 33.8094509345 34.8400750473 34.2081036884 32.8684749445 31.6459253225 32.8108824735 34.4658109167 32.2326476729 32.3136599494 32.9751018382 32.7243959844 34.803014921 32.896614968 34.6397838896 34.6719285062 34.7052728435 32.6354596763 33.1479564139 34.5113026118 31.5951453527 32.7752214862 33.6345408768 32.5281237777 32.2417000495
31.6521599845 33.8804870718 33.8692050031 34.1049838864 31.8290948878 32.5345654162 32.6615028276 32.1035361088 34.8311753918 31.8389921918 33.8927585824 31.9945108689 34.069534347 33.3494987241 32.6302360974 32.0497860402 31.7349630164 34.99512066 31.5997670643 34.6031438103 34.4440993657 34.5337335914 34.0536582209 33.5266991288 34.4169950628 32.113183043 31.6127004345 34.2602182579 32.2490883019 31.994098477 34.7238148437 34.1826728629 34.7648958628 34.9815087472 32.4694222283 32.1774686739 31.8873892839 34.9029466509 34.1908871115 31.741395285 31.7107397468 32.282906032 31.8454493786 34.4960694635 34.9754143216 34.6185842383 34.3299545099 33.1740765938 33.0646496327 32.6632490315 33.5648892043 34.1722081877 32.5754811093
34.3718430372 34.3773465444 34.9555529301 31.6837019431 34.5323515202 32.3163211187 34.8166626703 34.0255346581 31.7823061906 33.5504605761 32.6823103927 34.3483430279 34.4138799215 32.0561030153 34.7705025796 33.4609556561 32.4674746237 33.8649018857 32.6267559293 32.156206388 34.36612944 34.2197611926 32.5283343697 32.9233735992 31.5596028466 32.0591731625 31.8622645358 33.9956925077 31.6802179071 34.575156643 31.6510861077 33.5549119379 33.8473800596 32.0077983605 34.4629174231 33.5141924257 32.854608899 31.7063766225 34.0390368303 32.3248058329 32.8085212305 31.6310224157 33.98017691 31.8025501804 34.6275949493 32.6442556702 32.6638256912 32.2209249561 32.9305397652 32.7769005611 32.7106452533 31.8132276329 34.70644102
32.5213698676 33.4142804515 31.7132433694 32.0680162083 32.0337817031 34.5074290355 34.5382170806 34.9553409927 32.7045177901 32.6077594833 33.9851597906 33.5286798785 33.1004346942 32.1191786041 33.4894408113 34.1433747374 34.4502607358 34.1463350825 32.0378558692 34.4957823114 33.575085844 32.1746138456 34.2173438362 31.9712691568 33.381365205 33.166509989 32.7159904364 33.7769909472 32.2287135176 32.955892978 32.9690315185 32.3650083289 32.3459744422 34.6904392427 34.6902376471 32.6428063706 32.5325069826 32.3768816685 33.2002743406 33.0401432161 34.1697575907 31.6110906337 33.9375170125 32.0710769897 33.536982884 31.7563743809 34.4554468245 33.1125328782 33.1726047029 32.2051060357 31.9967358052 33.4488459107 31.8050732985
32.8068978029 32.7607837981 34.3707609103 31.9678763877 32.1369226118 33.0826684066 33.8786971094 31.7349503385 34.0959667692 34.9514949809 34.4421330167 32.6683598166 32.6754129146 34.6074317333 32.6080209353 33.6493838304 32.8559213588 31.6834549024 32.7104190962 34.7994093336 32.3236226383 33.5357203881 34.0129270456 33.264347923 31.6642689908 32.7666371996 31.5045018734 34.2072007846 32.5647389265 32.3551855422 32.1159256549 34.9720391693 33.4778354255 31.8815870281 31.7131589181 34.2124386465 32.4971479272 32.7148136764 34.717615463 34.437466712 34.8413650372 33.1934891722 34.4554739947 34.6885277749 34.6990944063 35.0295076412 34.0967509297 33.1440889257 33.141014069 33.5384775055 34.2284730068 33.3006709922 32.3203550289
34.1773075401 32.2818446885 32.6756960551 31.6488539469 34.3712403393 33.4185717662 34.6260695045 33.5194273763 32.7311104714 32.3520234749 34.0760279906 34.6935392977 33.353094977 34.549675121 34.3693907907 34.7971619108 32.0624672798 32.4978364253 34.2056205251 31.5250463329 33.2992481898 34.2233520056 32.9465391639 34.8387488566 31.7595547244 32.1101426435 32.338976831 33.7272525717 33.1641841575 34.2442476541 34.6499935112 33.25021143 33.1918963743 32.4146571066 32.0073239009 34.5688634456 34.5587218703 31.6280128254 33.4738081723 32.0148318811 32.9029686212 32.9299657777 34.5153841552 32.8808646809 32.0713459036 34.6307550476 32.7954112593 33.8932273444 32.9180451275 32.4682340918 33.5648015387 32.4312423445 34.2106565113
31.5153005872 32.2776109205 31.6439931415 33.7788360486 34.792279843 34.9735351817 33.6083893299 33.7408114347 33.3206856639 33.4409080112 33.9745776118 32.7095065005 34.4638992138 33.9911252071 34.1528105849 33.3859783916 33.1834904874 33.2229511213 32.68861026 35.013695743 33.0345327611 34.1688811196 34.7581717149 33.9773629323 32.3471903471 34.3161660913 32.4905387038 33.4282513957 33.0004231883 32.2531862582 32.5000461594 32.3797550127 32.5968518151 31.8465949986 35.0165331974 32.1718069309 33.8150117619 34.464192007 33.9696169536 31.9239371146 31.9376406573 32.3481486276 32.1187142291 33.6293186352 33.7407445393 34.2751937794 33.3980504862 31.5890136688 34.1907019403 33.1833151197 34.8750483389 31.6725496695 32.8623803616
34.7779825438 31.5109210436 32.7269113909 34.2870670967 34.0424036662 32.5912945578 34.8912059332 31.7245357046 34.0812362328 34.8702682333 33.3792788329 32.2041066692 33.6734851389 32.970313535 31.9779285106 33.7553524596 34.5262639159 31.6717844177 32.939233629 32.9812211854 31.6688731829 32.6135572001 35.0172188638 33.9796729583 31.6646314784 34.8817185971 32.1414351971 34.3697340221 32.3296332829 35.0124691332 31.9033174074 31.6404103443 33.8263668502 32.6673089923 33.1482902203 32.3724171615 32.5937108775 32.5276797568 32.6084021685 31.7305040912 32.2592063084 34.3880594768 32.7564898456 32.3171844863 33.072849185 33.7783491679 32.7849140605 33.1453955715 31.9835943963 33.5339836754 33.9823811321 33.4737013288 34.4992590281
33.8860136586 32.6917006297 34.6201057147 33.3385575933 32.567467326 34.7252000981 35.0097380081 32.0732850216 35.0324685065 32.4413733887 32.2961608616 31.9260584457 32.4877684747 34.44676259 34.6548006532 34.6023046366 33.045893553 34.6734194861 33.0739569504 34.7171621777 34.4811026484 32.5618755933 32.4225131398 32.0924377455 33.1621273473 34.5915821229 31.8767035955 33.0686799397 34.5255527604 33.4156903801 32.5444994917 33.9728549633 32.0724262004 33.8248137337 32.1485517932 33.8505443039 33.9953215675 33.1755449907 33.2524265039 32.89399149 33.5725745467 32.1213149172 32.6224959924 32.2590857847 34.0280356803 32.7536027728 32.2624333926 34.4015638113 33.9026527671 31.9094061039 31.8778026778 32.18642389 32.0991443824
34.8018889964 34.1569424652 33.9540704751 34.6412078015 32.6338388426 32.7372497478 34.7263162948 34.6868558688 34.9407492736 33.4355414851 32.0512392396 32.0927717878 34.6265419535 34.1502696008 34.5560184864 34.8917644565 34.4591215594 34.9241598569 33.0986132313 34.083268619 32.006627075 32.045223692 34.2285401886 32.4216926751 33.8667423054 33.2208870599 32.4632347817 31.5157142014 34.3408801848 34.5319617705 33.0180752367 34.0396688761 33.5307341205 34.2963004246 31.8041937704 34.9533076346 33.448843761 32.0558176095 33.7673222578 32.8270299589 34.0964984806 34.5725350587 33.2632443015 31.5568768566 35.0229127772 34.576669358 32.1655559865 31.8399676453 31.9414181495 31.7925632013 33.9783048929 32.8729053086 34.3025397864
34.6665467036 32.6236754899 33.0465146562 31.7185638187 31.6928217185 34.2227129121 33.5957398595 34.335360244 33.7190464083 32.5113297258 31.5013686776 32.969301769 31.8965022526 32.2048014102 34.0969015936 34.8216041888 34.2395531027 34.2629405681 34.6826408251 34.2222141636 32.6790470853 34.4891158257 31.8690147294 33.0472753465 33.9656261529 34.2030622092 33.1194945266 32.6268034644 31.7396985129 32.5111077754 33.0519045955 32.698936926 34.9440009049 34.2101939167 33.8052920889 34.2547861005 34.5788406398 32.789206813 32.505541745 33.3194078812 31.6877074334 34.6103460904 33.9758013067 33.3543356369 33.3746359502 31.6227288527 32.7746444766 33.5493989594 33.9936527241 33.0197111526 34.8151115395 31.5624042437 32.6493296388
33.4001157833 33.3486598471 34.463968594 33.7532165342 33.963766829 33.5426257215 31.5594466322 33.1047781958 34.7880776079 32.8698612916 33.7485174181 31.6299983215 32.719217553 32.2130747999 33.3601591855 33.8496959711 32.7694864037 32.9960632214 32.6615134837 32.0325346757 32.5373902634 31.5770985994 33.4530409961 32.611219854 31.9318760607 32.0798927824 34.4327792675 33.3048450821 32.5173641218 32.2110653234 32.7899455271 33.2879789575 31.912940544 34.2614245992 33.00337422 31.6499837385 31.8674022547 31.6840555015 32.8018319284 31.855572603 34.323011044 33.1432728152 34.6425182311 34.2036806441 32.1095553347 32.4648942502 34.3782466624 31.6700567529 32.9694758373 32.1281883653 32.2052042193 34.6024320031 34.9743116996
34.2579392742 34.6087782105 31.7285771291 32.8060487718 34.2267008003 31.5825023195 33.5038881456 31.6837451026 33.5666788025 34.4980531212 35.0107326232 32.5242008809 34.7193442186 34.8124289368 33.3296157318 32.2849781479 31.6244939551 32.0343455801 31.5983170377 33.3959444423 34.9281402743 34.1896810297 32.6860095674 32.2862010256 35.0207403783 34.9508915353 33.338860749 32.7251977613 33.4094429177 33.9987334011 33.5556722349 31.774945006 34.4441165968 34.1569857808 34.1284886544 32.9935119625 33.3450447173 33.6811371502 32.5642508185 34.2687912923 33.3558687249 32.3315853082 32.5949953463 31.6219147658 32.556469079 32.4034988698 34.5393920256 34.9716092604 32.7288765096 33.9285563003 33.4749577093 33.1000632059 33.4767980198
31.5880908608 31.6794705426 33.010891367 34.0796003498 34.5230165529 33.1977662812 33.3712963927 34.1319230208 33.7346074363 32.7591311766 32.7136531096 34.0732816695 33.4126767572 32.6535389755 31.8733534076 32.7180462605 34.7663271572 33.3335934514 35.0273684869 31.9132282091 31.9970676361 33.621462121 34.545181996 32.9996599805 32.8278891185 31.6201331103 32.4231723166 34.8075923839 31.5841957877 31.9895398758 33.8827669048 34.220485458 34.2344786822 34.881686514 32.0586999816 31.7342688445 32.1637700324 31.5302364947 34.9092685497 31.9916121672 32.6786120907 32.7966463161 34.6474289507 34.630424232 32.9504744066 31.6711037228 33.2644249043 33.3045208505 33.7045459143 31.6306915263 32.7669010357 33.3463967088 34.9881574426
33.9330675682 31.5077205308 33.4179468616 32.6763667595 31.8698814357 34.718274399 33.3899996224 33.2463286007 33.4112610399 33.4358139188 31.7445400698 33.4602600679 34.8757766085 33.9558490439 32.0186765939 33.582441808 34.684638321 35.0143684992 31.7095340628 33.5273121967 33.4827481266 32.1652982684 31.9336762226 33.959734079 31.6339722365 31.9696598615 34.4058428495 32.7637839197 34.0593294994 32.9660625242 34.3710818734 31.515622745 31.9886798409 32.1473602725 33.9265933432 34.608082086 32.4586440399 33.1327528616 33.3314250849 34.5446450562 32.8099980842 34.7127765394 33.1774697089 33.8950587267 33.5316202068 33.3704816075 33.0292281515 31.5056581776 34.3466765788 34.3971386285 32.8901816349 31.766472714 32.3165274292
