Spatial_Output/90% DEC/90DEC_0255.asc
NCOLS 155
NROWS 192
XLLCORNER 196769.923733
YLLCORNER 449719.875193
CELLSIZE 27.603701
NODATA_VALUE NaN
[rows 92 to 114 of 192, columns 53 to 105 of 155]
44.8410144512 44.8149356779 44.7033031267 45.1837774938 45.0107155865 44.636958856 45.1279270827 44.8647147724 44.8981186959 45.153979953 45.0486002085 44.7704298131 45.0179726642 44.9239316485 45.0203747796 44.8916462323 44.887745981 44.8796955922 44.9973383244 45.204163575 44.9928353875 45.1055118111 45.058739698 44.8274847614 44.9612687089 44.9769391945 44.9752919184 45.0874178371 44.8648884433 44.9716957125 44.8671296726 45.0195244043 44.8899776556 44.733279033 44.9446495042 44.8526552324 44.6264303537 45.0883126476 44.7820484052 44.8671746784 44.6495382569 45.1731216725 44.7293675794 45.1503779454 44.8040618023 45.0864376527 44.6635781348 44.5899883703 45.1053288547 44.8868702257 44.9989645079 45.1447538132 44.86317551
44.7918196974 45.0617122579 44.9678736005 45.0451535126 44.9163586965 45.0721818663 45.0732248804 44.793034183 44.7466714282 44.597483519 44.9756180943 44.6221874111 44.6647056909 44.5752975801 44.5054082649 45.0673402869 45.194503128 44.8131372618 44.5272740389 44.9758782254 44.5410037141 45.1196483263 45.0028718706 45.1726828081 44.5722314591 45.0351649875 44.8741579953 45.1469674914 44.5979442295 45.1339536164 44.9950548763 44.9405432886 44.9183167991 45.0083752341 45.1470138867 44.759380611 45.2066490276 45.0116852307 44.8577107205 44.7891237342 44.5348479568 45.1179279075 44.6082872889 45.1519116957 44.5173560094 45.1919734648 44.8895441166 44.7085063559 44.8464766291 44.7100051364 44.6866580388 45.174629422 44.9523066343
44.5251292431 44.9591701798 44.9402679607 44.7495454581 44.6671992839 45.0926551519 45.1178872736 44.5729380903 45.0096059388 44.8822245774 44.9110888611 44.8762388533 44.6888474465 44.8492937347 45.0140817115 45.1280475743 44.9156363919 45.1555617267 45.1544552409 44.8295369011 44.9089194368 44.5919812398 44.9393874224 44.9521361056 45.2036174306 44.8855396842 44.5974926905 45.020270626 44.8497847805 44.9248070996 44.5810603139 45.1277567487 44.5958793289 44.6352841787 45.0040445142 44.7197526278 45.1430892659 44.5304011173 44.8994810931 44.9769225082 44.735794871 45.1317995697 44.5265091085 45.1296782111 45.0804779018 45.1541958709 45.1401664394 45.1692731804 44.9373305273 44.7902633114 44.5308964483 44.6494897665 44.6821522009
44.6426136777 44.9717334543 44.8022557376 44.6582103863 44.7460032459 45.1425836514 44.8661334797 44.8439622804 44.8795974777 45.1171264687 44.8010229723 44.6363370783 44.7572592229 45.170211384 45.1483058088 44.5394602319 45.1983917062 44.9258885098 45.002230865 45.1553797886 44.8059174595 44.7125188772 45.0407146053 44.5083265926 44.9993046415 44.9433327808 45.0796796893 45.0120128923 45.1361412825 44.5820460127 45.203321152 44.9260456744 44.8840459285 44.6457142879 44.7566809235 44.8633106859 44.9562528811 44.7172872278 44.7584968652 45.1623197859 44.5649589249 44.9029367335 45.1086852873 44.916372667 44.8152458639 44.8682766417 44.5364166638 44.5214296287 44.8717226721 45.0722784625 44.7551415863 45.0863935302 44.8853390706
45.0049166622 44.6418792761 44.5445618789 44.966441241 44.710967564 44.5322219512 44.9916079888 45.0851673279 44.6655628663 44.6639602963 45.0939696352 44.6492638123 45.1692386037 44.7389776986 45.0027121676 44.685469896 44.7826397489 44.6545334997 44.7472368529 45.1228692274 45.0429658256 44.7074596456 44.7109638228 44.8872623445 44.5534472322 44.820086242 44.7145062274 44.563721532 44.6599700487 45.1874601639 44.8781959746 44.6207116285 44.6633647734 44.5954244328 44.899915096 44.9490089335 45.0341180556 44.705621196 45.0073689668 44.8492429948 44.7375858657 45.1436310894 44.5270839459 44.5732674749 44.5784118497 44.9469858108 44.8866587313 44.8571280927 45.1634767988 44.7608376875 44.8959980951 44.7416789701 44.7935638264
45.0482329856 44.7715958927 45.133799688 44.7486041688 44.9852145483 45.0464639328 44.9667324811 44.9555155475 45.1209271661 44.5468963695 44.8054099978 44.6486817016 44.8597815944 44.5418483747 44.573803407 44.9170324217 44.675170469 44.8395641065 44.8388776378 44.6870147541 44.5286796018 44.8296921058 45.0882819962 44.6181049935 44.8456048675 44.8964099831 44.5542688681 44.6729321849 44.7443498736 45.1557118888 44.9564000694 44.9445785614 44.9997386319 44.8072217298 45.1850031901 44.8771563749 45.1930187864 44.550817921 44.9950522499 45.1908808925 44.6282075161 44.704680198 44.6755732469 44.8647085112 44.5158988359 44.7536515186 44.5301772261 45.1108879752 44.6862991859 44.8298764402 45.0914809391 44.6540809091 44.7999745339
45.0678128761 44.8650927904 44.5489399838 45.024938907 44.627378255 45.0073529922 44.895459326 45.0593281004 44.8504865203 44.5260070423 44.9324536056 44.9455018449 44.8696244841 44.5876226877 45.1704678737 44.6235781934 44.746098572 44.912595667 45.1707116964 44.5408316387 44.9798259184 44.643434794 44.5870750097 45.0007355539 45.0063420723 44.8381959954 44.5418680606 44.5341981609 44.7835150431 44.6266673674 45.1338015276 45.0549212415 44.9786314581 45.0978702209 45.1581643983 45.1612769554 44.670131282 44.5099014386 45.1353531144 44.8446679765 45.0467087634 45.0073872607 45.0664589425 44.8083929906 44.725629797 45.1220264909 44.6200195726 44.9171278431 45.0143995554 45.1996067644 44.6022679586 44.725178217 45.090765093
45.1470348054 45.202750007 44.8482187453 44.8858540784 44.7846271427 44.5543828356 44.8453949054 45.172323357 44.7462836589 44.6726793583 44.6975065003 44.6948294379 44.5216558858 44.9102709178 44.9847024083 45.1827225218 44.5137090872 44.8301589374 44.5467626699 44.8097342437 45.1719471786 44.6409968648 45.1929795534 44.614446111 45.0158968042 44.557500356 44.8248849961 44.6782390093 44.6025080803 44.768216146 44.6031841542 44.746254298 44.8730960548 45.1345338275 44.5180339775 44.740441315 44.6033885296 44.6530960762 44.8756030211 45.0606629074 44.9534921095 45.0177972248 44.866981699 44.5996273655 44.5609249725 45.1090517548 44.6850795571 44.7637497035 44.8060250914 44.8345913306 45.1125538195 45.0599735818 44.911779823
44.854798348 44.635165011 44.9665597546 44.8257823648 44.7798044797 44.7631957955 44.7162164456 44.8149107376 44.9384349226 44.8961249726 44.9012114147 44.7379836631 44.8186978402 44.5718024893 44.7379749947 44.782699974 44.9021563824 45.10389306 44.6451637868 44.9015793957 44.7548391266 44.9038665898 44.8640831627 45.0023889768 44.833687744 45.0497760615 45.1831318855 44.5919617631 45.0240558572 44.823589178 44.952345925 44.8387360131 44.7466917949 44.7320873561 44.6441596865 44.9224662667 45.0397811499 44.9642520912 44.7045068039 44.8937690563 44.6806541282 44.9059468766 44.7203159798 45.0822851199 44.9310688499 44.7130696133 45.0950533249 44.6228503916 44.9417321833 44.8829521739 44.7976942023 45.1004785287 44.9744862565
45.1999709277 45.1633483162 44.7127245546 45.1818607143 44.8763294777 44.7287388393 44.558536795 44.5911521686 44.5687281667 44.7214311102 44.5727131303 45.1764624315 44.6863829856 44.5069217784 44.7322563989 44.7342513023 44.5891368948 44.5276077167 44.6512090731 44.8996510912 45.1282213263 45.0100308973 44.7401815999 44.7851566334 44.6866862087 44.760369259 45.0114746744 45.1468809253 45.058429788 44.9466585288 45.0723332136 44.9101511086 45.0478549519 45.1419769777 44.6393215983 44.711842594 44.5478759117 44.5558934807 45.0683866501 44.7089052817 44.9395096253 44.8739303305 44.553036506 44.9815604796 44.9547456097 44.8735144324 45.0355354325 44.7059211904 44.9060906318 44.9077903713 44.8705402681 45.1184803722 44.7343541734
44.8767949744 45.1617135613 44.8870379925 44.9695822649 44.5998497618 45.0999010176 44.8718296111 44.8464280386 44.8669385001 44.9658248958 44.7350571721 45.1235945957 45.1288976219 44.8196927363 45.1811924417 44.7122695619 45.1478599354 45.1935391647 44.6751483838 45.0511760153 45.0984791759 44.9313968687 44.8757622774 44.9576399498 44.7493728494 45.0704840012 44.6803846713 44.5607818363 45.0392595111 44.7178754617 44.5670169312 44.5748973645 44.7491276416 44.5441498985 45.0123745817 44.9041925617 45.1060706623 44.9170288927 44.9734935427 44.639678264 44.7879106474 44.971043541 45.0998867926 44.8712100318 44.6136809566 44.7034634531 44.5212568357 44.7999919673 44.5179066823 44.5899191826 44.7218271801 45.004581003 44.7151041034
44.5055497788 45.1846017093 44.7635409759 44.5087237331 44.9586258643 45.1372815437 44.5231297895 44.5154534494 44.5899256901 44.5907120558 45.1006916277 44.6838590481 45.0436116937 44.8525407839 44.715372876 44.9007133789 44.6490941557 45.0411287535 45.1403557005 44.5748031742 44.8943797887 44.8733216412 44.9560428504 44.8249221478 44.583741872 44.7580993987 45.0565137322 45.0743968078 44.8305457677 44.7314313954 44.9411640229 44.9809628443 44.5567457829 45.1304709621 44.9696764183 44.958974314 44.6918009943 44.5256789497 45.0756619066 44.735894584 45.0011273538 44.9828720366 44.8201689223 44.7489924306 45.1187140299 44.5029638633 45.2059771318 44.9316202144 44.7391241633 44.9845970446 44.8669893297 44.9654515639 44.6980396112
44.7711367668 45.0180314584 45.0426661147 45.107055154 44.7193055985 44.5339214888 44.7101478894 45.0136514767 44.7330938372 44.8373616798 44.7357376884 44.7911935637 44.809535086 44.523290941 44.7434830161 44.7196926966 44.5965355815 44.6257765646 45.0521451706 44.7894109016 45.124194521 45.1262841101 44.6352832603 44.8959632251 44.7879308066 44.5285398537 44.6909074861 44.5416309822 45.1901374422 44.512886517 45.179335301 44.9002081656 45.1557746551 44.5252809229 44.6587644569 45.0606183246 45.0334697162 44.8283838133 44.8009231739 44.5586985374 44.774246462 45.1091718273 44.5071692742 44.8512906466 45.0663035817 44.7563032261 44.5977414465 45.1420915868 44.7100368641 44.8576808086 44.6141469919 45.200297699 44.9185002809
44.8380910201 45.146889666 45.163670944 44.9157338593 44.550586762 44.9477388941 44.9124210846 44.8207720751 44.870457473 44.8503756242 45.0062126181 44.6051413769 44.7445146374 44.8544053861 44.9326226498 44.8429907881 44.5818698319 44.7297239841 44.6736383183 44.506477279 44.8359680289 44.8184092266 44.5962755844 44.6060994368 45.1870578215 45.1838244389 44.789893536 45.2037983495 45.0369949029 44.5354301485 45.1158498382 45.107713315 44.6783796128 45.0285475811 44.9989539024 44.5613616796 45.1191691008 44.6639433906 45.1402511486 44.9697398114 45.0320093529 44.6717143646 45.0051252989 44.8038656116 44.7467005937 44.6892124002 45.1098777974 45.160910162 44.6900688107 44.9176781138 44.9053918029 45.1327869273 44.9716842529
44.5604385323 44.6171400556 45.1426040936 44.720387738 44.8096969247 44.9477795421 44.831565872 44.7920014523 45.1990014708 44.726714662 45.1545290925 45.06030754 44.5391886464 44.9747799123 44.8922852992 44.5883067123 45.0369533266 44.7388426459 44.7630705462 45.1222675246 45.0480738817 44.7652585512 44.5202253373 45.0494017566 44.799430962 44.982059072 45.1033309305 44.7026864608 44.6419282056 44.9556317296 45.0398629374 45.0895732394 44.5878829927 45.0445681171 44.5340230115 44.6062439734 44.6980220964 44.9837761838 45.2023853031 44.9117372268 44.9919537144 44.5660168383 44.7325671995 45.0003473061 44.9318516611 44.9282461867 45.0318305609 44.8303033995 44.6354648375 45.137142149 44.7314771364 44.7703258792 44.6465585163
45.0819786677 44.8552591453 44.676200998 44.970898917 44.5713997637 45.1592967431 44.9596005155 44.5188687994 44.6128078002 44.8035081119 44.9453002657 44.8519948016 45.1674027743 44.6094080723 45.1575702969 44.7019527766 44.6340647879 45.0981462071 44.7389999557 45.0552003141 44.7780415513 44.7666363467 44.9665236551 44.9515817643 45.0798546342 45.0088744672 44.5831617897 44.9164726955 44.9160625659 44.7933229697 44.6843100391 44.7020084179 44.6148617823 45.1043613744 45.1438617526 44.8168524048 45.05676295 44.707697538 44.6751170598 44.5736387884 45.0611469749 44.5813579434 44.5509740842 44.6110602373 44.8760066172 44.939354735 44.9429880669 44.8860939246 44.7244879947 44.7778880415 44.9108743848 45.1046930355 44.7194710356
44.9709801077 44.8278914135 44.6297838295 45.0075538907 44.5830316937 44.9147741657 45.1663226054 44.6691227976 45.1925348244 45.1870160277 44.7203441335 45.1621795003 44.7545779859 44.8520103487 44.8952114826 45.0950498549 45.058533586 44.9431290386 45.0989496769 44.6976005162 44.9782259687 44.9288830543 45.1279068979 44.8891221061 45.1804820645 44.5815283054 45.187226078 44.5227708672 45.0153890391 45.0372128789 44.5457887049 44.5993438025 44.508979476 44.9943222976 44.6505292688 44.6032186927 44.6563583391 44.7969985882 44.6207120429 44.7459185575 44.9137777786 45.1434393292 44.6369536457 45.1785586553 44.9741512209 44.5254687175 45.1062786588 45.0076180451 44.6076878791 45.2038197987 44.6273267828 44.7132365546 44.509873664
44.8427731936 44.9276937582 45.2005537972 45.0610546348 44.8439184172 44.5011401473 44.9025656677 45.0801444613 44.9193452061 44.6392049777 45.1325730563 44.6420044961 44.917221179 44.6697239131 44.9014422684 44.5369056913 45.0036998756 45.1343227809 44.8716232211 44.5220056522 44.6089191234 44.930912384 44.8769517017 44.8428578591 44.6844878221 44.5420169786 45.0227070523 44.6638518158 45.0822162347 45.0692528912 45.1607025267 44.7413189933 44.5898688558 44.8801288348 45.0544760362 45.0207725932 45.2002221106 45.1939804609 44.9262732868 45.167503141 45.0994515778 44.6974702438 45.0751543717 44.7845222541 44.6964601858 45.0218274362 44.8231014518 44.6200536679 45.0966574582 45.1578202752 44.7276762266 45.0325803164 44.6323101509
44.6695193176 44.9455160765 44.9995794996 45.0397320904 45.128501596 44.8849551714 45.0776394964 44.5845777923 44.8230981705 44.7066894357 44.7496360795 45.0722108765 44.8127814644 45.1529330035 44.5207207798 44.939567778 45.0766088809 45.1209936245 44.6074467965 44.9755604254 45.1959141968 44.5955673165 44.6553229128 45.1629947717 44.9059399205 45.1958072497 44.9209502914 44.9634559024 45.1951735561 44.8209148327 45.0842196208 44.9736300353 44.8308987277 44.755328853 44.6434829335 44.8212106519 44.9658337903 44.6493723165 45.1533643085 44.5241330288 45.1648483227 44.5145448464 44.5914891167 44.8413889692 45.1268824418 45.0970175052 45.0463121199 44.9061532025 45.0114807149 44.9420953992 44.6468325778 44.6270188055 44.7412928564
44.9608325842 44.5556343579 44.7002337425 44.733934733 45.1416390188 45.1701063903 44.7187999572 45.2043028382 44.5166855557 44.8160719953 45.056740329 45.0703595361 44.5842688585 44.8582082247 44.7270456781 44.7324083325 44.9655049032 44.6261108269 44.9781348339 44.9409089015 44.6842746847 44.6252098221 44.7608214339 45.1722992391 44.7178891534 44.6386516118 45.112168104 45.1662949515 44.6302884057 44.7436609017 44.9216159119 45.1006884484 44.6877285197 44.59814593 44.9850629385 44.7765707756 44.9615676294 44.8297455884 44.9868327548 44.5222149418 44.6904456564 44.8436667296 44.7235230979 44.9409226997 44.9293899283 44.5461735121 45.1617099376 44.9934300386 44.5150630875 44.5818475742 44.5967809401 44.9394455405 44.5212376789
44.9873713121 44.6503859864 44.5267992042 44.6059674675 44.6221721333 44.5175788245 44.8016377722 44.872608069 45.0913511378 45.062995855 44.6458392131 44.9465588889 44.7612943284 45.0805769105 45.0905527432 45.1945778205 44.8325977474 44.825863651 44.7830285794 44.871438208 45.0844249609 45.1209588622 44.8259572796 45.139484783 44.8486130966 44.7648131686 44.5721923493 44.8858741552 44.8045181073 44.5591435019 45.1701833857 44.9676666276 44.9461135259 45.0260639044 44.9375491942 44.624268383 44.8511573968 44.5938452514 44.5800736194 45.0459279551 44.5123254191 44.9351792309 44.5047679591 44.7093092423 44.7181778845 44.5370377057 45.1960402815 44.6921509889 45.0079839224 45.2010027773 44.5050558115 44.882107983 45.1893333383
44.8895622146 45.1622028288 44.7703433249 44.5588251418 44.8720245764 44.5052618427 45.0642364629 44.8977688681 44.7548905621 44.6880702586 44.8868629385 45.0209674015 44.6330776907 44.6753036375 45.1888794331 44.6850508182 44.9443563832 44.5198659754 44.5456885932 45.2037536799 45.1368785754 44.6092415567 44.7504547798 44.8327826417 44.6976000452 44.7347369469 44.6312556465 44.5025015999 44.5264302279 45.0083113779 44.5996275762 44.9719931489 44.875629824 44.5729798199 44.7414945137 44.7354253788 45.037194057 44.7678872454 44.8095558843 44.7645733852 45.1768722223 44.9355925049 44.9793688855 45.1977787368 44.7147247477 44.5070862327 44.6284947589 45.1905699979 45.0365898622 44.8626806536 45.0636621594 44.6078979744 45.1520343632
44.5053442006 45.079090068 44.5264228176 45.0253575553 44.9569239872 45.1965360849 44.6023647295 45.0669489082 45.0590321513 44.8018127035 44.6793129002 44.9526664919 44.6579827283 44.7200571624 44.8138942292 45.1273102118 44.6861927126 44.8528054926 44.6968777345 44.9078476124 45.1234672451 44.541723474 44.6399249896 45.1894579444 44.6112606943 44.6677591029 44.9347595367 44.6460517248 44.8502694346 45.0807733634 44.5112952024 44.7233399412 45.0561543716 45.1701114117 45.1654411406 44.556308808 44.6795944491 44.8326424033 45.1379430815 44.9212402762 44.8649086774 44.7606529522 44.7404797229 44.6758296311 45.1792668126 45.1023868029 45.0380083803 44.7813348242 45.1152428415 44.5161885742 45.0215424772 45.155124856 44.9000606145
