Spatial_Output/90% DEC/90DEC_0105.asc
NCOLS 155
NROWS 192
XLLCORNER 196769.923733
YLLCORNER 449719.875193
CELLSIZE 27.603701
NODATA_VALUE NaN
[rows 115 to 137 of 192, columns 53 to 105 of 155]
44.6156810245 43.4416147676 44.2792432319 43.1502378641 44.7835336077 44.3377093158 43.7708143642 43.722646064 57.3614784291 57.3614784291 43.4821079349 43.4350588094 44.9504686288 43.8012107569 45.5680416932 43.7959105139 43.8105810229 44.8221981477 43.5970754724 44.1799756614 44.7106359985 43.3186038769 43.0511019616 45.1152898881 44.8990474338 45.3516439314 44.8746651677 45.7260627176 43.634297927 45.2811225745 44.9139369446 44.6073453597 45.4492354947 43.3714803841 43.4117987411 45.2082774853 44.456115401 43.7031156537 43.2959231448 44.7303538366 43.5021897212 45.4671549683 43.5283735132 44.5831032236 43.2746185783 44.5838018005 44.6487203383 44.4283259822 44.323657965 43.5767707656 44.4392676928 44.1633322054 43.1294461706
43.0952023801 44.5957720264 44.3254258896 43.713443941 44.9308282845 43.5770001908 45.1693539524 44.4026817454 57.3614784291 43.034167941 77.1078603671 43.5127537214 43.0168335474 44.314183246 45.0010740633 45.0013808362 45.7616389938 43.0084138879 44.5152402496 44.7962638046 43.5866506515 44.8129008407 43.2640165725 44.5076001576 43.25478542 43.1520594732 43.536245028 44.3435020953 45.3144065084 43.6765931749 43.2034797693 76.2921908618 45.6180356827 43.4439121774 43.7774073631 44.1310655489 45.2059828165 43.0207450317 45.5476334796 44.953714525 44.9441597057 43.0865323115 44.9922927217 45.4108693594 45.2733554993 43.2931089568 44.7597792349 44.1799719375 45.5983385544 45.2128985253 44.0565083399 44.1754719139 45.7399365248
44.6160097474 43.213864361 43.2568916032 45.4890087178 43.7282640538 45.1062773446 44.7445247889 68.3959282422 68.3959282422 68.3959282422 43.5289762719 43.2810922104 43.7828874656 45.644839757 45.3625401512 45.1507524173 43.2963651465 44.745632004 45.7502079611 44.1016920178 45.373658748 44.4574233879 45.6117205345 43.8319977384 45.193340156 43.5041095968 45.6450184099 43.2183602637 45.3368474668 43.9138939154 76.2921908618 76.2921908618 44.9050200121 43.2787984584 43.7749668512 44.8316880704 45.4777801006 45.7118379971 45.6532582716 44.541274528 45.0933576435 45.7224194391 44.7983331196 43.5328446194 44.9652608816 44.9376238928 44.2438050804 44.148968244 45.6783939381 43.5952610012 45.7950082041 43.9482362282 44.307335773
43.9224825379 43.813205803 43.4387162571 44.7677476888 43.0100361829 45.3936261206 43.9110780946 45.2166488358 45.0660876327 45.1490925434 44.4531725548 44.5164114351 45.776335716 43.9142369699 43.9676314641 43.621046778 44.9240082098 45.3655743932 45.4443776308 44.7764427581 43.5332647459 45.3596195196 45.5087761654 43.7978870674 44.1237819961 45.7507292669 45.6728830892 44.9931015577 45.3706678283 45.4499363945 45.8143116457 70.2353884695 44.0188228795 43.1443567273 43.3097824742 45.0671083387 43.6647088243 43.5578650263 45.0791893774 43.5979435242 43.0778786441 43.3348852015 43.241420492 43.5988065042 44.6976264917 45.6866767573 45.5551187183 45.05539255 43.7710612132 44.453976708 45.0715359524 44.0579243522 43.8720318028
45.8095554573 44.582022168 43.2696552306 43.0281191616 45.6213154325 44.3167270973 43.7276303016 43.7002324306 43.5246571331 45.4641916533 43.7647710492 44.8236206263 43.8388225582 43.8436662768 43.7339919865 44.0392683041 44.9177451111 44.3119118239 44.0403727963 44.1499515467 44.1436592074 45.1898989794 43.8661777481 44.9037051413 45.0298343852 44.6788466732 43.9029959189 44.9695622409 43.2092467497 44.0617059423 44.6763851092 70.2353884695 70.2353884695 70.2353884695 43.0244838579 43.0012256631 44.6724637063 45.7064410677 44.2740739167 45.4704583279 44.6619976281 44.0512648015 43.5969258084 44.0995485138 45.3992413146 44.7426918754 44.3463590099 45.3075364324 43.7156228807 45.264982774 45.4594846683 43.514220966 43.7439879014
43.2105538013 43.418633592 45.645817198 44.3715949407 44.4009912849 44.8084502705 45.1731140206 44.6619137279 44.4432017525 44.499184507 44.3306210767 44.6120268555 43.5431597158 44.3896225928 45.3102681407 43.5073730218 43.6037771213 45.2345260603 45.1956789911 45.7402722103 43.4401644988 45.7896574745 44.2576667438 44.759193184 44.9640245905 45.3295778541 45.2135417302 44.3923543731 45.6648878754 44.8625570164 44.7144673511 70.2353884695 44.9645732448 44.5859110713 45.7671765503 44.3774871695 44.0135076974 45.5064590398 43.694450727 44.3876047644 44.5349968286 45.260855833 44.1600909219 43.7916714791 45.081269375 43.0654291491 43.7106788636 45.3158315488 44.3488748418 43.8325603944 44.096363982 44.0761115943 45.4932143483
44.6378643975 45.0667500038 44.4057688592 43.6655084986 45.309013646 43.0090149235 44.4001441307 44.4740906812 43.1522188904 44.3772514691 45.4044363003 43.3555001754 44.8081697594 45.216657174 43.6160496395 43.28803591 43.1264114124 45.3350265234 43.4380422566 44.5856895625 43.4607360881 45.2149070808 45.4465140893 43.9178319987 43.0726741833 44.1790439104 43.6708471312 44.2524071027 44.1684716435 43.7830548282 44.146411037 44.0889696752 45.6085034551 44.6058090085 43.8016688226 43.4306813172 44.707815679 44.6901848837 44.72217385 44.6660044511 44.1575569114 44.5983213737 44.5200660705 43.1537035332 44.3433770238 44.9321392582 43.9902090309 44.218178908 43.5577638336 43.6447974153 43.964743714 44.4004120837 43.897209924
83.378223201 45.0888068619 43.949261111 44.0494763067 45.8229164645 43.2915222681 44.2669459034 43.1888066558 44.9260335116 45.7134659653 45.2868289365 43.6133690854 45.7734409035 45.3006342756 45.2732034223 45.6028879866 43.8408120146 43.5164144747 44.2447571566 43.6690867861 45.3812213253 45.0089530547 43.0701144761 45.3220671972 43.6897483946 44.2391790025 45.3411965367 43.6391672901 43.8525675192 44.8473962775 43.4920002172 44.7270268782 44.3475137368 44.1211021954 44.7099348404 43.1332124276 43.958431977 43.434409732 45.6881810612 43.3592582634 45.7054650998 45.6352392109 45.2598584925 43.3460219193 43.5426707749 43.7826105079 44.7421605411 45.73932847 43.5555361404 45.5890239851 44.7122249468 45.2086121096 45.4394046136
43.420594195 83.378223201 44.2796130788 45.677193508 44.4942222085 43.5749467022 44.5487469359 45.3679279501 45.1309934347 44.129593692 44.7852640653 44.3530665789 45.4401762682 43.078774189 45.5697039033 44.7300707672 44.0752602464 43.7159886675 43.4462155244 43.4753266163 44.4457023651 44.3075627169 43.5198138729 44.2212672237 44.4793706443 43.7282556612 43.6390849177 43.0175074423 43.3815679652 43.0211604186 44.6829242989 44.2880232321 45.4089335731 43.7073729731 43.745660658 44.048348682 45.6986251568 45.4018374891 43.9128589644 45.2092305097 43.6901460023 45.1030356925 45.5702980167 45.7042865127 45.1943636793 45.21505149 43.9825501125 44.5203610289 45.4122847059 45.230228494 44.1962314624 43.5491179488 44.8449890024
83.378223201 44.19491589 45.125065676 44.9641137395 43.8800619 45.0999269412 44.0738380316 44.1796553719 44.2948669138 43.2527117019 44.4681699037 44.5714102318 43.907483199 45.3646914439 43.6807727939 44.0237225642 44.7506640485 43.5206563724 45.8092388921 44.7504350912 45.0870538063 43.8563502245 45.7877418356 44.5085933695 45.3567156786 44.6133268354 43.2800930118 45.6786962232 45.6146228889 43.6913468124 45.3355870139 44.8708321618 43.5149589488 45.8256985409 44.1891441636 43.0635487539 43.8099202724 45.0042249286 45.6777515926 44.0011880559 43.1412423702 45.7922341208 43.3600213579 44.1381370514 43.2406791529 45.5366369108 43.9761513238 44.4524016404 45.0637528497 45.2113098997 44.3597355346 44.4344575088 45.4105658757
45.5566019837 44.0564820364 44.2518139235 43.9925031706 43.3119608699 43.7339343333 43.1036842443 43.6379340553 44.827656423 44.007456882 45.0293536622 43.0055700278 43.2475993516 45.3214960732 45.716978076 44.5578629264 44.8083378073 45.3769825736 45.7382779818 43.897072162 44.3978846792 43.7835325354 43.9954040215 45.4416321568 43.2308179207 45.643677913 44.0338572168 43.2257400732 43.7623868489 45.6474495746 44.9100427562 45.0584332103 43.8599042224 45.1882929159 45.1017790267 45.4837336129 43.076278695 45.2466687459 45.2522267739 43.7957479793 45.2214207567 44.6431938915 45.2656785327 45.688214647 44.9666849597 43.2244559664 45.3037858437 44.7159667659 45.6135283592 45.3179080977 43.0606194236 45.1749380481 44.8442959441
43.8674014739 44.1820796686 43.8039521726 45.1109877223 44.015562121 44.2219678104 45.2811675865 44.6685855353 44.8199290846 44.1495385575 44.4577917083 45.6230445375 45.4187380928 43.4581462932 45.4054006165 44.7551785373 43.7728454564 44.4324819418 45.6243399961 43.6268442183 43.1557719827 45.3442949327 44.3503418783 43.902098577 44.7077915014 45.3550207908 44.8088687561 45.7878558196 44.0161493042 43.3967844203 45.3978335393 45.4276706949 44.3672233893 43.159553572 45.014821042 45.2314640012 43.2421116495 45.5103296731 44.2824628324 45.714595155 44.9467522555 45.673632469 44.4372133659 45.4427403209 45.5518069809 44.7771845326 43.6230727963 43.0762147228 43.1481356452 43.8903106649 45.3173138856 44.1499189104 45.5943995605
43.6605982837 44.8508481618 43.7120657338 45.7405393406 43.6222413132 44.3858577342 45.2392640177 45.3315988576 44.2470269265 44.1411383846 43.2216448457 44.4355608388 45.2332668825 44.1703536155 43.1288699386 45.3521300981 43.0520188385 44.0079155444 44.1162665313 45.5385817729 43.8416187729 45.2181704723 43.7394898159 44.2552766244 44.3066374826 45.2020038381 44.8150435858 44.8515781323 43.8604744053 44.2892307185 43.7620708016 43.2818841783 45.5046438742 43.8512033929 44.5338381495 43.7450865324 45.5753151265 43.9699039458 45.034990617 45.2038127467 43.3739515204 43.1204718766 44.91581447 44.3063993446 43.220806794 44.5430484647 45.1317973698 44.1046203484 44.1468940514 45.4731621044 45.6107395795 44.8126589105 45.1234382769
44.213236019 44.9834443651 43.7546664101 44.6438066767 43.4389830991 44.4955079477 44.3415792727 43.6784222595 43.2229945408 43.6187802173 45.1959554755 43.5329703977 45.7531477817 44.6100589172 45.5657690618 43.6837613611 45.3100694238 45.5506210029 44.2579780663 43.2230639917 43.6553284469 44.1664998267 45.104162829 45.3656637794 44.606276072 43.9994787518 44.4689663058 45.2163565587 43.9681356812 43.8281944728 45.2520600805 44.5715369648 45.3007651779 43.8295094954 44.7683063912 43.1806439525 43.7292946365 43.0764736483 43.7430496128 44.1608584471 43.8950591291 45.8137218049 44.8421306065 45.0388774824 44.9007989135 43.1696507445 45.2092072933 45.2682070365 44.8330983764 43.204174705 43.6918055694 43.953079393 45.738760672
44.3636736939 44.3954434461 44.5801890548 45.3945920268 44.1926993079 44.822755343 44.7257117006 45.6677178684 43.1317552998 44.8690286391 44.3280665512 44.4448233851 45.5874314494 44.3833894731 45.1445601743 43.7302610858 43.1353321502 44.1652693298 44.2148259925 45.7339132751 44.6893299763 43.5653365281 43.8489444093 45.175738628 44.7412646697 45.725678269 45.4262616594 43.7356959179 45.6063186636 45.0484990549 45.2446381228 45.2220793794 45.0563556224 44.8674957026 43.6392488525 43.7475496315 44.0263017703 43.9085328723 43.4524343081 43.1231092811 45.0854644151 44.4861707715 45.1266762342 43.2281037091 43.4949104894 45.1451961306 44.4652668898 44.5584244614 44.0211808549 44.7230913265 43.5990189468 45.777717639 44.6234287159
45.7595129718 44.9417438459 43.0415922866 44.3183422466 43.2711782619 43.1214949273 43.9541724265 43.8052703875 44.3115756251 43.0156518515 43.3817567216 45.6824834446 45.387726889 44.3487075172 44.8526089833 44.8223548303 43.7423442842 45.3438289741 43.6695028226 44.5804700142 44.559344612 43.4393438572 44.170537091 44.3908719216 44.6032135536 44.5685805302 44.1744057919 45.2251334999 43.5632671636 44.7865390711 44.7840566849 43.981903964 45.3489352837 43.8488338262 43.3207595424 44.4533535585 45.6333921068 44.6617325632 45.6553838602 43.6753839365 44.2370331142 45.2053965314 43.2927443141 44.4415889865 43.5985329086 44.4503187552 45.4137967098 43.0207034818 44.0723421938 44.390984613 44.1593201373 45.6182732352 44.6284003373
44.1168100185 45.0853712469 44.1352043901 43.9965771915 44.118634876 43.6124443021 45.0423351469 43.790651161 43.0641873903 44.966095491 44.9942076227 44.0285352838 43.036061106 44.1453361163 45.1578351201 43.3356567352 43.7442658684 45.0313665912 44.9226079258 45.819931784 44.2361915126 45.1016931878 44.2878775541 45.2557193692 45.2881944283 44.6940216771 44.1175637411 45.3428925967 44.426667193 44.8534359071 44.4765458068 44.5520612467 45.4728101974 43.7081447484 43.8942787289 44.9135254155 44.8783513625 43.4337578437 44.9105987172 44.022767842 44.5836265561 44.9295405386 44.0821282904 45.7577395039 45.6337693928 43.9865689458 43.5838585916 45.0929392052 44.804449215 44.7896534273 45.6379137163 45.8123575274 44.957886215
43.8275005216 43.7050308938 45.2748539271 45.1668689105 45.4214823105 45.5088630981 44.6657056909 44.8697666354 45.6136135377 45.5368836291 45.7319875261 45.2276148645 43.4131458325 43.3315949856 43.9327167058 45.6554278884 43.269076967 44.461243487 44.716935078 44.5160940085 43.0499138879 45.0929136957 44.9786874157 44.2256770911 43.6751465897 45.4013673541 44.1283819392 43.8300995761 44.958737274 43.267207135 43.235242413 45.8219311982 45.2398024124 43.646349369 45.1618946639 43.964520941 44.2575563457 45.6767818262 43.2603042697 43.8344743958 45.8221581176 44.3637606339 44.4891591674 44.5073234752 45.2775194064 44.8900995864 45.6814857054 44.5404349286 45.7540735075 43.3117371143 44.7029359317 44.807143185 44.8609560239
44.6609129678 45.125786408 44.0177798702 44.3790015708 43.4068297631 45.1737275386 44.078830875 45.6110936996 43.5820155634 44.9745836548 45.256811159 43.1043334072 43.3601200049 43.045287301 43.434992821 44.1012608157 43.9183832114 43.7336229793 44.0625920816 43.4932905282 43.7687153852 43.1962171865 45.5373782322 44.74483749 44.6796975641 43.8078225949 44.7583311519 73.3395791742 43.1501607092 44.610895481 44.0317741566 44.3149766121 45.294240994 44.9889692523 44.6262865656 43.1275514129 44.3360721941 44.7915305584 43.8224242829 44.2253374664 43.7602430356 45.7818356949 43.4976529888 44.1981265996 43.5298507683 45.2879170383 45.6450141284 43.6359726369 44.9765853131 43.7034048979 44.0225792233 43.2138427069 43.8527637533
45.2985737034 45.0754216119 44.2209492974 45.1697862716 45.7069055521 45.4271117317 43.8445690298 44.3746129578 43.6759675952 43.6475036664 45.0015737927 44.5977496717 45.7454988055 44.503638921 43.7571546728 44.803475355 45.253008606 43.4586517113 44.1229857126 43.7270199831 43.0668306054 45.09108835 44.6076160021 44.826541254 44.3607761166 45.4809165858 74.0042773118 45.0596028447 44.1470708051 45.2477402507 45.756026582 43.3686188828 43.5109906627 44.7084202154 43.598840684 43.2468904567 71.7665632635 71.7665632635 44.7604079119 45.1885190577 66.5273237514 43.0818121552 44.0766126553 43.8108224687 45.5247149244 43.5759778278 45.4873870465 45.4871583805 44.8548558466 45.664275831 44.4581974235 43.8177469257 44.1142833956
44.0553994112 45.688477326 45.2142529354 45.7107620647 45.536203017 44.3217689853 45.3132651076 44.1283411054 43.6008367254 43.240360467 43.8262995075 44.1035086658 44.1716916753 45.5306280755 45.5457867024 61.5013249387 61.5013249387 60.131173346 43.9698730453 44.1614544992 43.4307523085 44.8282539093 43.4153656365 45.259557187 43.7141662441 44.4192979968 74.0042773118 74.0042773118 73.3395791742 43.4556193865 43.3566076851 44.5569277513 45.2850424599 43.9338156233 45.0980134441 45.5107636687 71.7665632635 71.7665632635 43.0520351418 45.3262434185 66.5273237514 66.5273237514 45.2291590409 44.1445937637 44.7074140002 44.3158372626 43.1421834299 45.6834985452 43.8155760816 44.4675723622 44.0515292871 45.8238508987 43.2557809178
43.0068383312 44.0571087914 44.6271181049 43.7245191456 45.4335244506 43.0813993368 45.2689339637 45.239970531 43.7768591865 43.0109625075 43.4681707357 43.7404065306 45.6586560093 45.1966985169 43.9793534974 61.5013249387 61.5013249387 43.6240727018 45.4989926371 45.5243993219 72.2257567029 44.5239910218 43.0398822421 44.1319154682 43.2062916512 45.5065755778 43.4122506145 45.6309402138 43.2895696397 43.6507809742 43.7794436943 44.5476040647 43.2402539639 44.610888046 43.3106107309 44.5803064819 43.1644148951 43.3573625165 43.3815954889 45.3816004414 66.5273237514 45.1891775381 43.1612649195 44.3826733052 45.1435778364 44.664320394 45.1613105064 44.159922655 43.4901544482 45.4406568558 45.2977877156 45.4343409121 43.9508676411
44.6642975248 44.121012046 45.6059354368 45.8146555339 43.0348063539 44.1495691154 43.2065463243 44.696708651 45.1738822954 44.9144016996 45.8058361012 45.5927464333 44.3419913215 45.4177812838 44.8097456397 61.5013249387 60.131173346 43.2499707571 45.4423585087 43.5580750778 45.2756042323 44.8510149853 43.3756067377 44.5198450248 45.186695559 44.660081598 45.743602804 45.179756296 44.7711970135 44.1954677028 44.8929438719 45.3789322639 44.9619025042 45.4546277817 44.6965324677 43.4183185528 45.421487969 43.3922984055 43.1690501332 43.695667244 44.8346206116 43.1696449077 43.7209670924 44.2773410712 44.2753367851 45.3153327085 43.6630831292 43.3997365823 43.5090690265 44.782653415 43.3550512029 45.383188446 45.758485794
