Spatial_Output/90% DEC/90DEC_0979.asc
NCOLS 155
NROWS 192
XLLCORNER 196769.923733
YLLCORNER 449719.875193
CELLSIZE 27.603701
NODATA_VALUE NaN
[rows 0 to 22 of 192, columns 0 to 52 of 155]
0 0 0 0 0 0 0 0 0 0 0 0 0 0 0 0 0 0 0 0 0 0 0 0 0 0 0 0 0 0 0 0 0 0 0 0 0 0 0 0 0 0 0 0 0 0 24.07863527 23.6762654625 24.0299197439 24.4022087203 23.943027277 24.5410863366 25.2949067215
0 0 0 0 0 0 0 0 0 0 0 0 0 0 0 0 0 0 0 0 0 0 0 0 0 0 0 0 0 0 0 0 0 0 0 0 0 0 0 0 0 0 0 24.4386229091 24.8492201953 23.8198421745 24.0940295531 25.2498607813 25.1160022639 24.8737035453 25.0763311441 24.9562777834 25.2860819222
0 0 0 0 0 0 0 0 0 0 0 0 0 0 0 0 0 0 0 0 0 0 0 0 0 0 0 0 0 0 0 0 0 0 0 0 0 0 0 0 0 24.2966166104 23.7801339967 23.5853365946 24.9607910087 24.4757825643 23.8080162056 23.6468958985 24.7422007477 23.7180879492 25.1076598639 24.1551075892 24.7601068233
0 0 0 0 0 0 0 0 0 0 0 0 0 0 0 0 0 0 0 0 0 0 0 0 0 0 0 0 0 0 0 0 0 0 0 0 0 0 0 23.7573300629 25.4654015318 25.1261737685 25.1498165764 24.3000909863 23.7136173794 24.429214421 23.5317349494 25.0107982244 24.9932588195 25.2080251625 24.2786089263 23.6864646294 24.7204914537
0 0 0 0 0 0 0 0 0 0 0 0 0 0 0 0 0 0 0 0 0 0 0 0 0 0 0 0 0 0 0 0 0 0 0 0 0 24.8046306431 24.432182581 25.4008146022 25.4031233303 25.4209718982 24.3503294269 25.0601580577 24.131791756 25.0190140621 24.3708900504 24.5733617812 23.6169297652 24.6940868056 24.1572682496 24.9361865559 24.2040039909
0 0 0 0 0 0 0 0 0 0 0 0 0 0 0 0 0 0 0 0 0 0 0 0 0 0 0 0 0 0 0 0 0 0 25.4337253698 24.1082905117 24.7769017129 24.8222910982 24.7487899074 24.0678049168 24.3359625281 25.4792735634 24.7985646435 25.3421603656 24.3448950059 25.073370832 24.3205325515 24.3466855485 24.0608656427 24.1870345672 25.3384808427 24.3890286389 25.1044505058
0 0 0 0 0 0 0 0 0 0 0 0 0 0 0 0 0 0 0 0 0 0 0 0 0 0 0 0 0 0 0 0 24.7968683024 24.9667117803 24.8929163499 24.2489540941 25.561806922 24.0798785855 24.1805838092 24.4861984185 25.2241479266 25.1728897687 25.0845204436 23.5838877317 24.5703688186 25.0350043041 24.5024305687 24.8154614439 25.5234618814 25.0194886516 23.6522871601 24.8021277327 24.2844380977
0 0 0 0 0 0 0 0 0 0 0 0 25.4564510081 24.9260672344 25.3708759905 24.0779504857 24.5590391829 23.9552111362 25.5612463023 24.6391313947 24.4874974273 25.2359389527 24.8577632416 25.2666273684 25.1806766534 24.8957606693 24.8835356685 24.7128406184 25.1958228516 23.8322188768 25.016416435 25.28038604 25.2280080737 25.0583612566 24.8313160669 25.2433559076 25.1335889641 24.9110774977 25.3205689846 24.4456650964 25.4099690123 24.3528612413 24.2687151589 24.9097317041 24.7445881099 25.3329325511 23.5180861068 25.430235844 23.594343911 23.8547717445 24.7754215861 23.9317694895 24.7823096743
0 0 0 0 0 0 0 0 0 38.1820953687 42.0114654688 38.8654848484 24.4350586129 24.971984526 25.0981647652 24.4900568024 25.1398888619 25.1550969812 23.9539254228 25.5629739972 25.2458757331 24.0436465165 24.6436938823 24.7764294909 25.0369373188 25.3258761658 23.9678716317 23.9278838804 25.0518713969 25.2878346631 24.991723093 25.1649772107 25.4489184206 24.4195024599 24.4403653781 25.0758982698 24.894223839 24.8081691732 24.8692563566 24.4036446873 25.3258301054 24.667722686 25.1070162145 25.2134731243 24.173064451 24.5195829877 24.4295228556 24.0458080734 25.5468325838 24.7161136848 24.1435680005 23.6898768037 23.8195010455
0 0 0 0 0 0 0 0 0 38.746619872 32.4251995212 41.5355351852 25.2127724446 23.7047609265 25.4544113122 25.3425231982 23.7150641488 23.7108028329 25.288852663 24.193692433 24.2915153185 25.2448110575 25.1175801939 24.9309868028 24.1712778348 24.0436801864 25.2741032174 24.7601812088 24.0728123529 23.6299526841 23.7351429085 24.3860326229 24.0662459697 24.4909975554 24.5395775328 25.4174608576 23.7149927019 23.8347799731 23.8643709586 24.5580008595 24.0767168762 25.0255716925 23.5495781105 24.445021094 24.6476496637 24.5507856458 25.5217950605 24.4547524612 24.7984856658 23.8003395194 23.8128966138 24.5082197383 24.7994900533
0 0 0 0 0 0 0 0 0 30.839225379 34.6980273595 30.29176954 23.6668179423 25.1760902763 23.7704500359 24.3741012073 24.57599341 24.7169536543 24.71663926 25.0344881448 24.712299962 24.0656727192 24.3911547266 25.0676757206 23.5372595095 25.4758979633 25.252459156 23.9541913943 24.2470054799 24.5994056801 23.6669171415 23.8885386737 25.6013028583 23.5277452327 24.5509981998 24.402434044 25.4379719297 25.6003329888 25.2367155852 23.662051896 24.9064443211 24.3554781993 24.2351139968 24.7786814995 24.1399123072 24.586265266 24.217324646 23.62464769 23.7746656157 25.5157199053 25.2274313603 24.5903418439 24.8982286715
0 0 0 0 0 0 0 0 25.3050136699 24.3433121622 24.5655826882 24.8840614622 24.1566179417 25.4976849776 25.5816328612 25.2585666813 23.6182822782 24.5817831514 23.9324860702 25.5218087031 25.0165649501 24.3488699027 24.8270411604 24.6067840164 24.2822887795 25.1849407097 23.9798353293 24.7301990226 23.8415733822 25.1115867091 23.5585148121 24.0917747898 23.5931255262 24.1036753072 24.1738758626 23.7122579564 25.2245864435 24.0104846486 24.8073180049 24.0457462854 23.5490022854 24.646563416 24.4917652237 23.5386053098 23.7894968277 23.9134771472 24.2043399743 24.0756118896 24.7200359944 24.2358553972 25.4635927171 24.141905982 23.9938604202
0 0 0 0 0 0 0 0 23.5870307612 23.7923418122 25.2512318468 24.2736187081 25.1773163437 23.8410451429 24.1094976722 24.2907919058 25.4892377413 24.3723830261 24.1250658681 25.1833500708 24.2472211459 23.530224404 24.4837971143 24.2127747807 24.0212120654 24.5325786808 25.2811349992 24.480299651 24.9410340602 23.8736004398 23.8385795142 24.7710125994 24.4748054689 23.7883110022 24.1755323287 25.4156201368 23.8007737469 23.6398948072 23.5099195637 24.5641952957 24.3864233576 23.7399845544 24.3054573643 23.780657295 24.3735120558 24.715471194 24.7469021977 23.7283396336 24.8296632554 24.7455077345 24.6626771795 23.8553224669 24.5432141243
0 0 0 0 0 30.7042611857 30.4025851908 38.4231349979 24.0054313784 23.8286456058 24.3897253803 25.4153974232 25.088737693 24.6933166501 25.4562693981 24.4619614913 25.3333036175 25.4766873242 24.3771720058 24.084542565 25.3002779083 24.872051182 25.5263343913 24.3425923936 24.3036050667 25.2901916431 24.1264334358 25.3657115487 24.0443582652 25.4701700441 25.4388912531 25.1386821339 23.8491710061 23.5699676834 25.4206189952 24.5024892156 24.0617006504 23.8743780395 23.9876153517 24.0611163986 24.1073938885 23.7178490221 25.5201966888 25.4022486844 24.9316036653 24.1998417641 23.8922870063 23.6877535765 24.8428371275 23.5214602531 24.2130271462 25.470908691 23.9251327242
0 0 0 0 0 31.6081068792 33.8093247803 39.2879935222 23.9161038913 24.2173273927 25.4875954567 23.847832997 24.7976557877 23.6041139011 24.7245824176 25.5117569939 23.6334761854 24.0440425388 24.2224604978 24.892930745 25.5993971846 25.0025701453 25.4715431375 24.0328238926 24.8862482265 24.316561259 25.5349216812 24.9490104707 25.5406164913 24.1883245129 25.5673935591 23.9875399771 23.5040770104 24.125984714 24.9937796619 23.8778915739 24.5846512529 23.6249236192 23.8973467048 24.1377448297 25.5813000481 25.0283125807 25.1132177406 23.9682549677 24.8724905664 25.3373723166 23.7952734198 23.5007193807 24.7112321807 25.5993688672 24.2719755941 25.3226884914 24.8894896673
0 0 0 0 24.9398431681 35.3433820912 30.8791167823 30.7313169676 25.186320801 25.1763951749 24.8958766212 24.4201430192 25.2140631661 25.3132361109 24.9693370326 25.5060848478 25.462725375 24.4272333428 25.3209686493 25.0236406288 24.6888976955 24.6013148791 24.8755065139 23.5927322408 23.953341001 23.5925291126 23.7262521413 24.2394479366 23.7690130086 23.9202466264 24.8775944535 25.2212609443 25.1045628914 23.8546989354 25.0578592181 24.7875242642 23.9066330903 23.813348372 25.0816536787 24.3345469405 23.7388280126 24.0293271524 24.6677139263 24.8761014073 24.6271741667 23.6270829343 24.2681753203 23.5059836231 24.4300017216 24.1273965069 24.5819369402 24.0479330498 25.0235867264
0 0 0 23.6178888976 24.8002398623 24.7103180294 25.5529574215 25.0558458304 23.6801214153 25.5438434114 25.5042072321 24.8931431228 24.3630803925 24.2523270905 24.8132023078 24.7324426288 24.1617117396 25.4259548849 24.2088347435 25.1371843471 25.0564847058 24.4853115281 25.4462239314 24.2775608361 23.8634915109 25.4764997448 24.5914331711 24.671156858 24.0901563913 24.9694725125 24.2205590661 25.2986512129 24.2636725073 24.9298837446 24.2677525669 24.0813011978 24.9959163212 23.7458390366 23.6012594676 23.8702785983 25.0367064213 25.3969859657 25.2862593635 24.4977924443 23.9011232361 24.3552861638 23.6050153277 25.0136152997 23.8944308755 24.1504329515 24.9818394177 24.0202704466 24.7790319849
0 0 24.0035839388 24.1664424748 24.8711049646 24.1671370721 24.8270853837 23.7154131904 25.4297111443 24.0736495412 23.5201520868 23.5309506283 24.9546429655 25.0865267987 24.7472035139 25.0415063055 24.1896646564 25.5221727605 24.1857830989 25.4427538984 24.6641147825 23.5088006949 24.5578625913 23.5822229622 24.9060833969 23.8902964101 23.974750898 24.778539234 25.5387829196 25.090978091 24.1099210137 25.0831915382 23.9999540413 24.6025490559 24.2609136814 24.3567059596 24.45115708 23.8579122109 24.5060805537 23.7018537769 25.3808086127 24.3226006654 25.5693486222 25.6046854954 23.6782345601 23.5851263402 24.4252897403 25.3526767034 25.1289809997 23.8447006575 24.8965312861 24.309487653 24.1590832052
0 0 25.0998825648 23.8988950136 25.614651234 25.3843861417 25.2365041361 23.9604199165 23.5719208315 25.3723940068 25.4538124061 24.3786180011 24.2136743619 24.7576079785 25.0727054002 23.8603379841 24.6784939564 25.5472489049 24.5297720698 24.410028189 25.0352105582 23.5042570365 25.6142849582 23.5014911351 24.4415781209 23.5017496927 24.2750499675 23.6824995449 24.3139267932 23.574595035 24.5459469164 25.4418699712 24.3351648451 24.3104618434 24.024532521 25.4041894667 24.3782911996 24.811922738 24.1867361572 24.1656415299 24.1701601903 24.8512783135 23.814714548 24.9637293847 25.5416617724 23.9302538642 24.9081507733 23.5951468824 24.4492750879 23.556236442 24.515321742 24.642763783 24.710990878
0 0 24.3588247884 25.1276163481 23.8064135463 24.1989702272 23.9221694537 24.7284157562 25.4830238521 25.2207410488 25.3978667313 23.6016931859 24.5699041849 25.1028615815 24.011679146 24.6687886974 23.7285375812 24.7400667649 25.2268089214 25.2601257208 23.6555255646 25.4623865142 23.8205803136 24.0479572374 24.7554649699 24.4042599296 23.7633806292 23.5317245313 25.0602865199 25.27064711 25.214829699 23.8524009586 25.0226539551 23.6349223577 24.5455690057 23.6221543914 25.2242149622 23.6646819283 24.9643775714 24.3127189653 23.6380116427 25.5409460361 25.1047534924 23.5024992811 24.265859982 24.6143259177 23.9891860433 25.4279165804 23.871283106 23.6659342912 24.3451464426 25.0646591166 24.8066968413
0 0 24.6553500396 24.5984319188 24.2464424969 25.4036632644 23.6570875959 24.4918363255 24.373082259 23.544531992 25.0769791013 25.4869591031 25.546829881 24.4166069174 24.0612082535 24.363628849 23.9270483587 23.7851630534 23.8410804006 24.2610752544 24.6100156452 24.6064441028 25.5525070633 25.6140648886 25.0332811722 24.3888085485 25.548199603 25.0081113161 25.1147453292 24.1683746596 25.3938182079 23.9857941342 24.8915677841 24.364265472 24.1213558812 24.5902057563 23.8091345802 24.1623224956 25.3478803216 25.3969984338 25.1437403334 23.5495913629 24.5060932304 25.1367891216 23.5845885093 23.5656242024 25.2872791243 25.1139910146 25.0923108883 24.5204021932 24.3859439255 25.6152053042 24.2698468208
0 0 25.393894702 25.2078315245 24.448933232 24.2158228913 25.2838072107 24.1873654355 24.3038821146 24.6457215613 24.8200103594 24.5656163904 25.3133908218 24.8744914143 24.1620091024 24.8285125871 25.0470544857 24.9541799747 24.1807977426 25.3189153164 24.0315759825 24.4793736741 25.3282601301 23.6327773789 24.0590336784 24.2227376869 23.938536306 24.818840844 24.543653603 24.1727912176 25.4443155269 24.287504695 23.5528342349 23.9574193543 23.8456149127 23.6677813646 24.0956377807 23.6781511844 24.6458098219 24.5261124689 24.3985241871 25.5665089753 24.5179244275 23.7262390102 24.1723410711 24.5985146203 25.5869782791 25.0545937766 25.3632550277 24.9789106698 25.1065362835 25.5836721073 24.7832505167
0 0 24.647448031 24.9598594933 24.0406273565 24.3592742428 24.3263434586 25.5854733347 23.8437939138 25.1164852126 24.8845807003 23.6987553349 24.9504638588 25.2090942369 25.2655389864 24.3630429711 24.3434497286 24.3618059176 24.179169602 23.7976344729 23.5203712704 24.8233408389 25.5561667112 25.0627324983 24.6699813989 23.5387644935 23.6292747939 23.8575370525 24.6073933916 25.079846243 25.0738390284 24.7605498963 24.8790986553 24.4396761281 23.9759258362 25.0613287306 23.8611034743 23.5954469717 24.7910627726 23.6787377249 24.5952273204 24.7899009392 25.3797164164 25.6071091859 25.0807678713 24.9422126342 24.7760265559 24.0397211878 24.5736622428 25.06389072 25.5527549779 23.5228063113 24.2479801681
