Spatial_Output/90% DEC/90DEC_0587.asc
NCOLS 155
NROWS 192
XLLCORNER 196769.923733
YLLCORNER 449719.875193
CELLSIZE 27.603701
NODATA_VALUE NaN
[rows 161 to 183 of 192, columns 53 to 105 of 155]
27.4900565526 28.4448767399 27.1073273692 28.00526919 27.5165046097 27.5860941615 27.5612452799 27.0118386993 26.7709008613 28.202130767 49.4763278011 27.1365134481 27.8912045603 26.9710647924 27.8350322383 27.2486067125 27.3832112749 26.7028896132 26.9360283672 28.524509513 27.7542121251 27.6043662451 27.5112562583 26.8365501324 28.3610001025 27.3326993647 26.8390962866 27.0358203444 28.232581571 27.042783569 27.4590902597 28.4446784453 26.9522100649 26.5604478013 26.9300773526 28.1096191383 27.777188162 27.4802297087 28.5136587592 26.5409317934 27.9670167793 27.4841680363 27.2347805949 28.2834692827 26.8267589171 28.5818074703 27.9567236518 28.3065152749 28.328700492 27.2563211341 28.0966405593 27.944319667 26.9863831561
27.1150954552 27.1647265442 27.866766264 28.5700415024 26.9117455053 26.7739619091 27.0560527926 27.4422557428 45.9844655803 49.4763278011 27.4992300693 28.6131538464 28.5292570062 27.5950421792 27.5230039316 27.8568611775 28.0288436389 27.6519443868 26.768367568 26.6142408973 27.2594597578 28.4151810696 28.3511460753 28.0617133328 28.2282309219 27.903055101 27.0684665897 27.8618189459 27.3359246538 28.3418612923 27.0076339064 26.6409608347 27.6639639674 26.6574986679 27.1927020577 26.811582777 28.5186848086 28.377688794 28.3664976297 27.3589656731 28.4370279325 27.3403562882 27.7208997057 27.9445538831 26.8495161054 26.5939073751 28.1749609433 27.3665554227 27.7753346589 28.0585686632 27.1714633846 27.2355885318 27.7517378934
0 28.3871609748 28.5426381751 28.4827787456 27.249630871 27.8412376589 27.7027835913 26.7328997322 27.4971887652 28.1346020429 28.2515436899 28.4952196745 26.5499934705 26.6314939187 28.239889394 27.1269380429 28.3094058412 26.6942670759 28.0114620579 26.7710680291 27.0129134991 28.1977486193 27.4388673627 26.7461324129 27.2792809486 28.366257408 28.1304731005 26.6749070694 27.8634638197 28.5514442251 28.3088368092 26.7668030895 26.6521320818 27.7611282765 27.7296600825 26.8299942288 27.1391046657 27.8928986765 27.202095288 26.6678705568 27.103688272 28.5742948213 26.7432924691 27.7736440754 27.1280077315 27.2415178289 28.0134734091 27.8328701711 26.9157699847 26.6370447115 26.9911101886 27.1578171399 28.0581673146
0 0 0 28.1248318598 26.5762065557 28.4753142861 26.797533381 28.2096334432 27.4366755364 26.9241273133 28.00870183 27.4104919391 28.4771243806 26.7851606194 26.7538356639 27.7979842425 27.5089516155 27.9827226365 28.0187908348 27.7859061221 27.8915104996 27.4319871807 28.5127151749 28.3821164593 26.9071732134 26.9237307452 26.828138515 28.4950437617 27.0611216542 28.294984169 26.6698826448 28.0329034449 27.1550374325 28.2359599626 27.1561135657 27.034428268 27.5999801052 28.4554343493 27.6846911767 27.0477583822 27.8973789445 27.9293714095 26.9370344988 27.3652955964 26.7118966499 26.7553793508 27.5242598917 27.3615339189 27.303489987 27.5413270093 28.1285457479 28.38786133 27.1659340392
0 0 0 0 0 0 27.9383167201 28.230208931 27.7909277204 27.0816169145 26.7921872701 28.3000125428 28.5913096347 27.585974059 27.0146588582 27.387698176 28.1276400491 26.9448912712 28.3475045829 28.448922386 26.6502605263 28.0696831598 28.5199978632 27.5162821595 27.9988349955 27.279434559 27.8986619081 27.2469960226 27.9276339347 28.1841113594 26.8226240693 27.1500542842 28.160299155 28.259501599 28.2251600662 28.2961364218 28.4932636361 26.911790431 27.1844756494 28.0657157401 28.0500694729 26.712445869 27.4470148485 28.5676657777 27.7591351164 28.1001256554 28.0239596329 26.6126422505 28.040289785 28.4757372223 26.5832330784 26.9755352851 26.5962370218
0 0 0 0 0 0 0 0 0 28.1006482577 28.4528546259 27.0441283385 27.4757267649 27.1749191293 27.8239776447 27.7677855868 28.4056926355 0 27.2478669907 28.545119707 27.0915978949 26.8886593846 27.1965869354 27.6994175147 28.2254404529 27.7973674623 28.2912291242 26.8946873685 27.6033639869 26.6672416084 28.3349756153 27.8632755905 27.2757410376 28.0744091591 26.8657935377 27.4282938729 28.4782802539 28.2913960658 27.462817119 28.5983606192 28.3862106509 27.2064819139 27.5809153982 27.2881662348 26.922439916 28.3550048039 28.385696658 26.7700512852 27.2926341421 27.6850406061 28.3540311087 26.7233440076 28.0947358617
0 0 0 0 0 0 0 0 0 0 0 28.1636183486 28.3994914641 27.1345100621 26.8334172692 27.0990615127 0 0 0 26.6787525442 28.2657599787 28.4655167327 27.15671564 27.7083966002 27.5099700228 26.5541300595 27.8003949613 28.0010211107 28.1050682099 27.0330059251 27.2404557461 27.6679245076 27.0435787339 26.8014385277 27.1135571994 27.3011097035 26.8594106077 27.667306248 27.0432022996 26.9352475164 27.1914403859 27.6927695549 27.9668810708 27.6143359224 28.2051155603 27.9344634799 28.0630022304 26.7946818712 27.1249014936 28.577325131 26.9571913618 26.562987629 28.5819674869
0 0 0 0 0 0 0 0 0 0 0 0 19.8977830049 19.8977830049 65.9304345373 0 0 0 0 0 28.1744642515 28.1113999951 27.5147093339 26.6409331835 27.9221292653 27.7685666134 27.6510343873 26.6585943575 27.5349840542 27.0757896579 27.2916525328 28.4789545277 28.6033427419 27.7643609213 28.2229397957 26.9154567416 27.8176234719 27.4611364001 27.8658189567 27.3374366524 28.1058156967 28.0893494977 28.0022242249 27.2167701958 27.0031861158 27.3508181952 28.3327585752 27.3088997291 26.6437031353 27.49038034 27.417693913 27.9998191076 28.155099518
0 0 0 0 0 0 0 0 0 0 0 0 51.9674259656 51.3996929705 53.3763157533 0 0 0 0 0 27.3219753216 28.5437233467 28.2055577795 27.9026117829 26.5951239003 27.2086992089 26.9354825599 28.4942684649 28.147989684 27.0614732919 27.8718297223 28.542100643 27.9719138968 26.5298110797 26.7054791626 27.4980275512 27.1778046197 27.1315795101 28.3817009323 26.8331407388 27.8511329891 27.9932496175 28.0234400096 27.4167736312 27.8736649674 26.8461943434 27.8011509455 28.438041019 27.799763282 27.1069764325 27.8014979527 28.4787612787 28.2977800421
0 0 0 0 0 0 0 0 0 0 0 0 43.2017865002 40.4524495909 46.2076336429 0 0 0 0 0 0 27.5057000593 27.9577269259 27.3318693337 28.0292230902 27.5298410592 27.6577079208 27.8001224816 27.4601556857 27.3313509739 27.3173014597 28.44070944 27.9195666943 26.5412293923 27.7917330569 27.8216960107 28.3588662487 26.9633345814 26.6865706669 27.624922263 27.1411096531 26.5050098539 26.5271413429 27.5279349391 26.7651712042 26.638733662 28.2081897642 27.5219307132 26.5484713466 28.3101084778 26.7028655088 26.5744513531 26.5033272402
0 0 0 0 0 0 0 0 0 0 0 0 45.8275129222 40.0293323678 43.9520922583 0 0 0 0 0 0 0 28.1364179943 26.9629657583 27.3119538513 28.3459132597 26.548557627 26.8729967703 27.201239586 27.8212774118 26.5922931147 27.0211740614 27.2931776619 27.2079171759 27.8226362095 28.6103388495 27.7179528525 27.4205323635 28.3363319301 26.9597930029 27.6499287554 27.4664236758 26.9037999279 27.3379449886 28.5798832746 28.6087198507 28.2847598059 28.2267965811 26.866191342 27.9943893514 28.2625784221 27.9604164626 27.4832694799
0 0 0 0 0 0 0 0 0 0 0 0 0 0 0 0 0 0 0 0 0 0 0 28.4371184139 26.9002982414 27.6040771647 26.7917250202 27.2311386117 27.2658892313 28.1121960936 26.9249101603 28.006448989 27.8454212482 28.31025357 28.1915147548 27.4662536501 26.5874638711 27.7360285683 28.6158322924 28.5671133272 28.3578996283 28.5607868122 27.5107624689 27.7561271791 27.0511283221 27.8503068738 26.6896939757 26.6870559783 27.6443714426 26.6734875718 26.9343883544 26.8937870935 28.6199406007
0 0 0 0 0 0 0 0 0 0 0 0 0 0 0 0 0 0 0 0 0 0 0 0 28.2899437397 28.3787047368 28.4512572041 27.9607403515 27.1127172002 27.2384440916 27.1136428093 26.8986266879 26.7860015382 26.918020295 28.0374513636 27.730495346 26.5257993034 27.2973756369 28.3102441347 26.604076789 26.702014591 27.5162390327 26.6099374141 27.4978178765 28.1611027362 28.2616096928 27.4589896052 26.6782046139 27.7665501151 26.9181855651 26.5187415681 27.3542236574 27.5964245075
0 0 0 0 0 0 0 0 0 0 0 0 0 0 0 0 0 0 0 0 0 0 0 0 0 0 0 0 0 0 27.7199604935 26.6362522741 27.2239305423 26.9801914778 28.1264981695 27.5505436625 26.6628260486 28.3653543914 28.5407324955 28.0913246543 26.8270187179 27.8509846683 26.9240642737 27.0418739437 27.6351098468 28.0383311455 27.985602637 27.4839763105 26.5064420311 27.897668168 27.7857946979 27.9741966985 26.8265565761
0 0 0 0 0 0 0 0 0 0 0 0 0 0 0 0 0 0 0 0 0 0 0 0 0 0 0 0 0 0 0 0 0 0 27.5851272743 26.8315333743 28.0027412094 27.7383885163 27.6465337147 26.9877959693 26.632428649 27.1348926833 27.502011309 28.4739283716 27.8627442222 27.9249197247 28.3497384056 27.5109224801 28.4244741265 26.6500009831 27.3139011802 28.2441531644 27.084027886
0 0 0 0 0 0 0 0 0 0 0 0 0 0 0 0 0 0 0 0 0 0 0 0 0 0 0 0 0 0 0 0 0 0 0 27.094196008 26.5316611808 27.6175130167 27.0655820822 27.2025451584 27.9184705396 27.5955231003 28.5428879578 27.4138045388 27.2528509543 28.192296926 28.5893778058 27.7947851031 27.8397874515 28.2523867664 26.6996538992 27.0158959408 28.3074349633
0 0 0 0 0 0 0 0 0 0 0 0 0 0 0 0 0 0 0 0 0 0 0 0 0 0 0 0 0 0 0 0 0 0 0 0 27.4635522854 26.5115414394 28.1979314054 26.5993082731 27.4055253121 27.2400002279 28.5382508132 27.6626533573 27.6776860844 26.9333472015 28.5364841335 28.2401561335 26.8174984132 27.2767087746 28.3684369177 26.600390977 27.2842192481
0 0 0 0 0 0 0 0 0 0 0 0 0 0 0 0 0 0 0 0 0 0 0 0 0 0 0 0 0 0 0 0 0 0 0 0 0 28.2005555304 28.2597069334 26.8081363987 27.2362054357 28.4723847903 27.9667437493 26.8475054436 28.1376828965 28.3591295462 28.3277125708 28.5216894018 28.2739053341 27.9841724947 28.5048346632 28.6079338167 26.6591059268
0 0 0 0 0 0 0 0 0 0 0 0 0 0 0 0 0 0 0 0 0 0 0 0 0 0 0 0 0 0 0 0 0 0 0 0 0 0 27.4906011812 27.3858111669 27.068770325 28.3515977769 26.7461936592 27.3632534176 27.9814608109 27.3056515731 26.6738078393 27.5838224954 28.1206404814 27.2455907128 27.2164632156 28.6081023544 26.5277048128
0 0 0 0 0 0 0 0 0 0 0 0 0 0 0 0 0 0 0 0 0 0 0 0 0 0 0 0 0 0 0 0 0 0 0 0 0 0 0 28.2918319507 27.8721394669 27.4354863019 28.504363623 27.9154797983 26.6996448147 27.4150692065 27.4311144041 27.3458839131 26.6860337454 27.716120962 28.2603598347 28.5223791006 27.9574835603
0 0 0 0 0 0 0 0 0 0 0 0 0 0 0 0 0 0 0 0 0 0 0 0 0 0 0 0 0 0 0 0 0 0 0 0 0 0 0 0 27.6721790789 27.7944917873 26.7557667233 28.32149718 27.1498898918 27.2228925273 28.4134595097 27.0453840884 26.5771883876 26.7252119852 26.6864931518 27.7105581067 28.1458222641
0 0 0 0 0 0 0 0 0 0 0 0 0 0 0 0 0 0 0 0 0 0 0 0 0 0 0 0 0 0 0 0 0 0 0 0 0 0 0 0 0 27.327707558 27.2605282401 26.8074664133 27.8869530944 27.1598735371 27.9555489967 28.5148596155 28.6027553289 27.2328764832 27.2567395725 28.5316886404 27.2073816223
0 0 0 0 0 0 0 0 0 0 0 0 0 0 0 0 0 0 0 0 0 0 0 0 0 0 0 0 0 0 0 0 0 0 0 0 0 0 0 0 0 0 28.0579257725 28.2170316053 26.9361479791 26.6493250715 27.5219220179 26.8076576099 28.0005981506 28.1152771301 26.5134283547 26.6205763611 26.7329978004
