Spatial_Output/90% DEC/90DEC_0612.asc
NCOLS 155
NROWS 192
XLLCORNER 196769.923733
YLLCORNER 449719.875193
CELLSIZE 27.603701
NODATA_VALUE NaN
[rows 46 to 68 of 192, columns 53 to 105 of 155]
26.5546614344 28.4784832445 25.0513483283 29.0106115674 25.9053315297 29.1007655727 26.5394598648 28.3283965238 26.4099160093 25.0064700218 25.0326180539 25.0756738963 28.6809235278 27.3017893372 29.0686571675 27.2218969562 27.8523042489 25.4568671139 24.9558966414 27.9122030244 27.9821979211 28.8997958525 27.2374785239 24.9219396472 28.1058435868 25.9709434111 24.6971971687 29.2565657594 25.4385076179 27.6740611879 28.5937092897 28.5902789976 25.4650766012 25.5592205186 29.3801923945 26.0224746532 28.4224867576 26.0259422306 26.8471350139 28.6722852326 26.9976406365 24.8720825441 28.4545569131 27.1411110222 24.7003374552 27.3863587063 27.9981090765 29.1114624204 28.8984602583 28.3263850581 25.8186026948 26.9815077104 28.8580239593
24.8179036602 29.3217968942 24.7436644378 28.4408259943 25.1717966582 27.885845014 25.3200598552 26.1385598301 24.792774846 26.1466095023 26.0892786474 25.3981498413 29.2327977546 26.8101894497 24.5396002419 27.998510373 25.3949767305 28.0392200471 24.5428204093 28.7235430922 25.9280181811 28.992550464 25.4759889794 27.0962434796 28.1040287405 26.0533327889 28.2105019308 25.585413278 26.3372672396 26.3406912378 26.7257947064 24.7281487559 24.9049788936 25.8366871081 25.9355057023 27.7454460216 28.9469586672 25.9564584577 29.1566743323 25.021369412 26.7224099072 27.2602040906 27.6554229809 27.791088177 28.5236623112 28.3907379362 26.3141495223 26.3419810949 29.0624800682 25.7662566682 25.9391683521 28.9772195087 28.7042508589
25.7362491072 27.0940735291 25.1888929393 27.2795259786 27.0273243904 29.4105521173 29.1392536303 25.6765272239 25.5909112657 26.2337859874 26.4956154123 28.43641605 29.2093347544 24.6930600994 27.4601230129 25.9460703383 26.3350474946 28.7593453914 29.0002075667 26.8301325861 28.5416841205 27.4210424951 28.1462740665 29.4123559112 28.629388971 26.733951813 26.0427791478 26.2299591926 29.0258012853 24.5318167389 26.1018418116 26.9720212288 27.1082573631 24.9199249342 28.6840676653 25.3102395079 26.2785827012 28.4827606053 27.1529073219 28.3345525923 26.8295551894 26.2451133542 28.4320287886 25.3259350704 28.5380826949 27.0541281001 27.3831834541 27.9659060857 25.5849293414 25.9678222019 25.1562470037 25.5028846367 26.9870429197
26.0545030774 26.4069624769 26.1678484109 28.0819271473 25.1434770232 25.6018421303 26.7422432749 26.089303619 28.0065134316 25.706105912 26.1533188023 24.8208997403 28.1839528469 28.6865973344 26.0557871005 48.5455804992 48.5455804992 25.3627821486 27.9021396381 27.549852098 25.3580204389 26.0184812294 28.400901081 28.1709653998 26.1164676937 25.9873501943 27.6628227445 26.4320497129 27.8211180859 28.9173831566 25.7344285564 26.8919205474 26.7244138455 28.862518089 25.4281508698 27.3467960267 27.6811976773 28.7943195189 27.3085231411 27.3484673127 29.3392345453 25.3431448623 27.9035049347 28.6773949587 28.6395163925 26.4360449703 26.8982100632 25.4681360253 28.9112286668 24.9784176014 24.8548279259 28.1781888055 27.9904740759
25.4833342986 27.6987512889 26.2340319918 25.0150165753 24.5321973031 25.6759553456 28.3767868245 26.3185926022 24.5813495567 27.6244189446 29.2420156336 29.37118122 25.5318840204 28.4356778218 27.664056794 27.7800613587 50.1746573803 29.3610273327 25.9161678556 26.503493843 27.8905854401 27.2718016449 28.8191076546 25.1454921158 26.4126615011 29.0027697078 28.8065878074 27.5328604334 26.3209585023 29.4354881777 28.530689849 25.0371366188 27.0244395555 26.0726587705 27.4167078642 25.6858168332 25.4146395584 25.5704513058 26.9674710596 25.5251968663 28.7036094028 28.7829831887 26.7566040722 25.7565978438 25.3279431379 25.9827771896 27.709576636 26.7574315033 26.6199220159 25.8646110095 28.4518207747 29.3336242365 27.4780709692
26.3814937843 29.327658159 26.4002078484 28.0624803146 26.9343439245 29.4281134675 25.5710249912 28.4183950113 27.606020009 27.4771660056 29.2664297976 29.3637956192 26.2012817074 24.5083485692 27.9833318213 29.1901348672 27.4416145794 50.1746573803 26.0603057401 26.143503859 29.1988955697 26.5125818737 26.5018835111 28.9765287033 28.5502545503 24.9165114141 28.4635039126 28.8616185493 26.7322951428 27.4364043941 24.7492253824 28.2283831887 25.0904884077 28.8065716923 29.4467828549 25.7393989954 27.0545383903 25.8895412617 27.5451243469 26.7818851425 29.3802507994 27.5998508644 25.5156512917 28.6211654868 25.3933041628 24.6156604003 24.9272000706 27.1477716267 28.0537175306 28.1944376288 26.18033088 28.8102666158 27.5831319863
26.1591448934 29.2960883487 28.6446070626 26.1691253314 25.2687489045 24.9128482977 25.623765303 27.9831624417 29.239300792 28.2835506979 28.7925893369 25.1090090937 27.5305114554 24.848471354 26.777290038 26.5927457348 26.4678687804 24.7656508255 28.3511570576 27.8907747458 26.904435662 26.0114068546 27.7491439203 25.671245188 29.3375061084 28.81961205 29.2994409204 26.8843440389 25.2056244664 29.2492394318 26.1324984309 27.6540818973 28.935318553 24.9566113433 28.8477647888 24.6795464832 24.7860886868 27.4219084186 26.7183833544 24.9219915225 26.6787491174 26.6926002252 27.6867935074 24.7100934125 26.4233323208 28.4649629735 27.0146077816 24.8884959352 28.7581295413 26.6214388692 26.920700153 25.0292639204 27.2942552396
27.7729492216 26.7052742174 24.872208874 28.0610843528 27.1997945594 26.716748129 24.7996125144 28.8276471365 29.0409979792 26.9566009423 24.6024803558 25.2880992016 25.872179266 26.2776543898 26.6344336324 29.1067380756 56.9878015733 25.141938671 27.0820690706 27.3643393999 27.9793566146 27.5658054281 26.527743223 28.7716063567 27.2028109947 28.3227363318 26.306200032 29.2388735014 26.2638824961 27.7385511933 28.8371628021 24.9175193983 26.7663490768 27.9441125973 25.9585785315 26.2843949383 24.8840504825 26.3308960155 29.1419128647 25.0566275926 27.4700318122 25.1776425509 28.5764690562 26.5174104752 25.3729382175 26.7944084452 26.9960349889 28.2206627177 26.8332243284 29.0835342868 28.2360817259 28.5187729474 25.5110809191
24.9028672277 27.6106582622 26.8191513647 24.9398847756 25.5436040621 27.0116125827 28.9144733347 27.7337883827 24.7307044291 26.4789806547 26.5633157218 28.2599072202 25.3846078584 26.2733409733 25.001238535 56.9878015733 56.9878015733 56.9878015733 26.7475937026 26.8908242653 26.567868174 26.111272346 25.5631306864 28.2827634959 28.2551127708 24.8685165037 27.791151116 24.6035445948 25.7051473633 28.2785512568 28.6979677247 28.6495138225 29.1741582166 26.1167526677 28.2345352359 26.5142153727 29.2642631276 27.1876033614 27.5470530299 27.9800250782 25.450511137 25.0183756522 28.655893372 28.634902426 27.2463521154 27.9902411303 27.7224988848 28.5136301292 28.2197986448 28.4625613998 24.7549356707 28.2872554099 28.0925664024
54.5512348552 28.2433060079 27.1389635544 28.8753052094 27.5466372349 25.2575147473 24.6229631467 28.2353606179 25.1535330502 28.1808383496 26.2130796815 27.3891377786 25.8050606205 24.5526417653 26.1338059655 25.5325949247 28.9639548552 25.4855214523 27.1315000863 28.4557245839 26.706947979 29.1647814855 26.1807608633 28.8127137545 26.2034338508 28.689355857 25.4984049265 27.0616317459 27.0182069901 28.1793132648 29.356843171 27.7065764934 26.9715347601 26.9685152237 28.3158221521 28.3360678176 27.0335895664 25.6305925735 25.0908468432 25.7156818706 27.2330541924 28.7766572133 28.6083473478 25.8131143478 26.3162077971 24.8032894697 25.9476926451 28.6963313007 29.1405875194 28.1159411916 27.4676599061 25.2547197912 24.7741225409
54.5512348552 54.5512348552 27.3035691374 28.5190225068 25.5422893989 27.7516082119 27.4706357552 25.6057318925 24.72125919 27.4214964751 25.5031490188 26.1736290959 25.5376499732 29.2049363852 28.8675775383 25.3896444674 27.6615445361 27.4759466842 28.5418074389 27.5364778042 26.5767582513 25.3812112376 24.7828153895 29.2981778479 28.1443096548 27.259300058 27.5660153932 26.7918854066 27.807556604 26.488939281 24.5765921253 27.1915512085 28.6806520998 25.2840772646 28.8502182745 25.2690128831 28.8890063726 24.5643946914 28.6034691541 28.9577640571 29.3341330739 26.0497019117 28.3951427064 28.0968150889 26.756317486 27.9295022011 25.7555645977 25.2913220622 25.6750590906 25.3200231261 24.5338944104 25.5766773851 24.683242404
28.6178054859 26.4172919986 29.1077791275 28.2177932908 27.7998604668 26.6381774296 27.9484079184 26.0667314705 25.4364213447 27.6775019189 25.3834472698 26.5960828053 26.3135472021 27.0561369963 26.3335000723 27.0967804069 28.0714992721 29.1907966713 26.9394119766 26.3507228718 29.2738011858 29.1545364342 24.9804211162 27.6911574458 29.4032019132 26.785997699 27.9914061061 24.9861914809 27.2214722159 25.1134494758 24.9448218938 24.9280477312 28.1178328744 26.285524416 25.0678952797 25.782669033 27.9562877608 28.9424892543 28.696310175 29.2733282024 26.4592257511 28.3738515415 27.8665429986 27.0641769844 27.6847496191 27.7635566837 28.7178516138 28.1049883756 24.883627189 26.8476374017 27.0723720684 25.8339579738 26.5504636003
25.2208678251 25.6419147244 28.3321166583 29.2926262977 27.2252882557 27.9520078592 25.1512999274 27.483843674 29.0685907028 26.6160959829 25.6428112588 25.0378603706 25.8871452529 26.2316628845 28.4947492819 25.6263251396 29.2367977271 24.5979029867 26.6157095638 28.0778182376 28.6240782967 27.0459498584 28.456873023 26.3973170338 28.6612955488 28.1019082685 28.2161135188 27.6648851419 26.4717941256 27.9518291722 25.375094212 26.3107585343 25.5196549734 27.6858899076 27.2042073762 28.2307096701 25.9452823989 27.5953867239 25.7787070706 27.4976796311 24.8090678459 24.5749837543 27.707731484 28.1728749503 28.9134616102 24.533988578 27.50500099 26.0021390376 27.4011713273 27.4221660351 26.5106084341 24.7765231679 28.4396804464
27.6031623395 25.6635530224 25.7932091284 26.6098089155 27.3471156049 26.1452161542 26.373312395 28.1606563052 27.720181869 28.0843791359 29.421267231 27.8907016408 26.1041243606 24.7042664092 26.2928767641 29.1920534066 29.4175821568 25.0108102025 29.4413828301 27.5910416894 27.9315680694 26.7100022555 24.844677047 25.9046106741 28.8660348266 25.1555490534 25.4179958455 25.6597775785 26.2891581641 25.9633082039 26.3932320241 27.6909447814 25.3616614809 28.2910993887 27.178240038 28.0508033368 26.8238610685 28.7685748104 28.102098094 29.3816110299 26.5816771301 27.6044618102 26.6009339727 25.1002952676 26.3533832973 25.8492588223 26.3353667722 25.5721579878 25.0455612414 27.1825244472 27.5499536753 27.2828359679 28.1049521472
27.4399191516 25.0016045367 24.9990429099 25.249602556 26.9806176945 28.7968538266 28.3302263268 25.7376984323 25.4964649646 24.6537769881 26.7241897049 25.7491077305 27.5922329716 25.2693258779 24.527376274 26.9425219199 25.0429389649 26.9092252415 29.0558079658 27.5630486386 25.5744326412 26.7626376094 27.1458809318 29.3538242546 29.3948661238 25.1749992943 24.5979482558 26.6507969853 28.9508243303 28.72925677 28.0525867369 28.2642273578 27.9060896211 26.6745044676 26.0577799104 24.8489775657 25.4205927321 28.2341949781 24.7589326297 28.5897129826 26.4062779599 27.3654451623 26.855841743 26.3717004048 27.1429316046 26.0217093184 28.6669060919 27.2749618381 25.671030806 26.0301768672 26.5540462058 26.9359072863 24.965559923
27.6199698732 24.8624201174 26.9659879491 29.4079657912 24.5679276237 25.985871515 26.5359179268 26.9997439511 28.520358476 28.719433159 26.5439982696 28.2819772779 28.7858936181 27.4684155262 28.763593619 28.3474798505 25.5118901453 28.1225444363 27.8345190905 25.21322903 27.7584618205 25.36178142 24.5548215221 26.7973291096 28.6893419656 26.8540446149 28.9754130772 25.0557330289 26.3519820024 25.4249692744 26.7445207813 24.5904473961 25.5403819295 26.8322146925 25.5914984735 24.72265096 28.290749848 25.393019286 24.8724967571 24.7436304828 28.6983932285 26.2179050167 25.8431953223 25.3121537151 28.259971102 25.8427745164 24.592682247 29.0662455799 27.1749936036 26.9193381844 26.2900314997 25.5298034115 26.4636914532
24.6463568707 25.1579525109 27.4880229313 27.3204952901 27.5836446516 25.414474261 26.8143236761 25.2411016244 28.680028042 29.2875630249 27.8396062835 28.8193069848 26.8638842295 28.1849993059 29.0457192444 27.3155794622 28.8377470923 29.4172157681 27.1459755519 28.464401583 26.5799091051 25.7784868506 28.2358927603 26.1725956924 25.9855827595 27.2697281043 27.766261874 27.3596426909 28.1128130006 27.4922297619 25.8459655829 27.5399825834 28.0048130556 26.2205140684 24.5735496153 27.3897619808 24.6644464183 24.6734666702 26.638506922 25.4038761321 26.5017751345 28.5730627448 28.5755052415 28.8059985096 27.8312085151 29.3004759795 28.8649571354 27.139188792 26.822700629 29.2706476898 27.6152920976 29.330610825 27.2676471168
28.6978084709 28.2440000043 24.8505134688 25.4299736929 27.4801979877 28.6225171425 28.0590281816 29.0338726555 26.1672771224 25.2410901356 27.6650879459 25.6968485551 24.7152113996 24.5468941991 28.8007116179 27.2636048554 28.7168321276 29.0235765823 27.9843191708 26.294010653 24.7811998509 27.4325104396 27.4064457886 26.6743411695 24.5998259898 28.5854267927 28.4948420021 29.2923104858 25.8039712967 25.1570782163 25.7957191217 29.2939546942 26.5677817493 28.243231564 25.9085245032 27.2592652804 24.9333129165 24.9030407914 26.2905709637 28.2268471748 28.797521942 27.6079856769 26.3315764326 28.4563311899 29.2152250784 27.8574707956 29.0728995706 24.5717109149 27.0767314997 26.2833180574 28.4271480846 25.8226248552 28.5689751076
25.682167949 26.9151415445 25.2124371692 26.056651714 24.9867993229 28.0716336511 27.1734948666 26.3687468266 26.5359444671 24.7128894016 28.6674019249 27.8296293202 24.7851746627 25.4807063742 25.5101807323 28.8834220737 27.8108782665 24.8049934728 28.3056864251 25.9787788977 27.0169088005 27.3774418538 27.3424170091 24.5083225313 25.3231771565 28.9576414006 26.33595842 29.0655648893 24.6413704376 27.0778722898 29.2231254116 25.6465940679 24.5384054372 28.5051425073 27.9602982696 27.7100339092 28.2225846665 26.5896270006 27.7822420593 29.1960706416 29.2217823602 25.6547893359 27.7325322078 26.8432475811 25.1898583697 25.8311187973 27.7908695678 24.9974896368 28.1747411501 25.0469661193 24.5251558376 28.4597682486 28.719951877
26.2839026736 27.5204416477 27.3585947615 28.8499344642 26.8507276588 26.6538205099 26.9841197308 24.8057325066 26.8154473742 24.7553620528 28.4946035704 25.7257759114 27.6464418833 28.1233491559 26.5017533288 25.708561506 26.2327051759 28.0333635865 28.3914505689 27.4621083821 24.8172055356 24.8992908386 27.9228656233 25.383705381 26.1693056631 28.343818094 26.4862807097 24.6207388238 26.0475061015 28.3587799925 24.6059683172 25.6240544884 27.4907888806 26.5327577114 28.9531010995 28.151037812 27.0950519885 28.06716745 28.634259049 25.759038754 26.2992886741 26.0299632117 29.4414483972 26.5371870875 29.1975403389 26.728768941 25.2247443837 28.917962674 25.3951991896 27.0871519844 28.1441812056 27.3298480793 27.2188505654
25.6276219225 28.6349697738 26.9292708649 25.5911199185 26.7714121949 29.0634331688 29.1462238971 24.7332183525 25.0005519847 26.4898275434 28.2568008038 27.4463915625 25.614409665 27.9453548888 27.8229079945 27.7379606214 26.6359376357 28.2567671107 25.685361759 25.0814019037 26.4710089091 28.3862567158 25.1526481731 26.3078355738 25.5236096316 25.5846926297 27.7105193995 24.7893069228 25.9103825169 25.5115597979 25.4178116917 24.6754805943 28.8452777782 28.9919454306 27.469310783 25.4485656413 26.2596489393 27.9758039331 25.117638923 28.2101151006 28.4816819572 28.8251575997 28.1709399258 27.4393015097 27.540835221 28.7599579994 28.2795044918 26.6521401773 29.287158826 25.7219085566 25.4682743742 28.6452864635 26.1699195647
28.0908512098 24.8872919081 25.9634561479 24.9143497069 28.2693938638 28.8123175706 28.0054099719 25.5213121646 25.4020145513 26.4821071459 26.975303893 27.152755153 29.3990109663 26.9616872829 26.0294024715 24.5704081214 29.4334904824 27.5730047058 26.4277477486 27.7513168998 27.755555851 27.1205326259 25.5228251689 24.9611054033 24.9959856777 27.879630385 28.9360115703 26.7207098103 25.5722358712 28.0270717652 26.4567404986 28.1568212663 26.205764106 24.8431917576 28.563812571 28.3589340374 26.0995987378 26.9796045105 26.02836526 26.5388746765 28.8975696093 28.0364418965 28.7358975298 28.5052769364 27.2791696331 27.342871734 27.9925446314 26.4234911432 26.6484704718 27.4058454439 29.3125563738 28.691093435 24.6292172281
24.7797460181 28.9204145283 28.7991226554 27.4612435327 27.7719715656 26.092801379 27.1891559335 28.6528518366 25.6349490141 26.1020168412 28.0193842994 24.9017142221 26.8666915337 26.2922733805 25.4295691452 25.2136288448 27.6862444561 25.2781618521 25.5656061875 28.3969708149 28.7480334179 27.4216988519 27.4217645086 25.751251421 29.0873347065 29.3787609476 26.3155080495 27.3452633763 26.8897823729 28.1136616887 25.130462692 27.3870247598 25.3733720305 28.7566946429 27.576219648 25.9379873307 24.5661583863 26.6272395178 26.1907758514 27.3529110448 29.3717972265 29.1570107066 26.1815987775 28.4326035917 25.5270086998 27.4186945276 28.6000076393 25.3285305039 25.3635195697 25.4588928137 24.8398622698 26.0455959484 24.681266817
