Spatial_Output/90% DEC/90DEC_0067.asc
NCOLS 155
NROWS 192
XLLCORNER 196769.923733
YLLCORNER 449719.875193
CELLSIZE 27.603701
NODATA_VALUE NaN
[rows 115 to 137 of 192, columns 53 to 105 of 155]
44.8408271902 44.9463324203 43.8272212325 43.4770465196 44.2015326349 44.4983324119 45.6558788549 69.0871327397 69.0871327397 43.4091565513 60.2555042548 45.3910573851 43.8541338327 45.3740356164 44.7570258983 43.1375006249 44.2733611383 43.460066299 43.6048509109 43.4635354539 44.8858209976 44.6330666274 44.2744077585 43.4623005602 43.2537009529 45.3650135833 45.7704487278 44.1363460548 43.6803896749 43.6805935014 44.4829476251 44.6956973404 43.3839082911 45.4219665577 45.7490357968 43.6044150012 44.3961761989 44.3843475868 45.74412062 45.6074213983 45.1053315387 43.5533279057 43.5058918094 44.8558757724 44.5315145607 43.3392100212 44.4449137337 44.7731022522 43.4001700519 43.0952238668 43.7072630674 44.2769424613 43.8971846264
45.0524978707 45.4469530031 43.1946783173 45.1688742021 43.5022042283 43.8207075587 45.503893521 69.0871327397 44.1308238249 43.3620869605 45.1966405368 45.8013441598 43.0611606029 43.2444270303 43.7680561777 44.519383193 44.9140020645 43.4940283388 45.1697823081 43.3456865933 43.0138709131 43.0304132128 45.318725724 44.7547934186 44.9042249546 45.1453259393 43.6265714102 43.8213075266 44.5806838842 43.2446091916 44.5548748241 44.3671273766 45.3533262885 43.4090681475 43.583471358 44.3280348602 43.4421088215 43.6378861867 45.7203435827 44.5919461918 45.2745136761 44.0674014901 45.5903270405 44.5887161437 44.7195931052 43.5093897312 44.0827044521 44.5129064662 44.6414295345 43.1114169412 45.1376572546 45.5420773014 45.6660722403
45.7418135251 44.6190563977 44.0089972259 43.0739398767 45.0471105681 44.5884876159 43.4602817932 44.5686275595 45.69405405 44.6401713479 44.8304915052 45.508017409 45.0413235869 44.8002068678 45.8057375321 45.5640525616 43.856932866 45.6775917338 44.6376378361 45.3863889587 44.459803377 44.4124944317 44.5780933916 45.638343365 44.8081500203 43.2607277716 44.9821016799 43.2103061251 45.730619591 43.9525821197 45.7096318513 45.7400412164 44.049374841 45.7328526262 44.7049683454 44.249981273 45.7547596416 44.6056973915 43.8802085532 45.3422190177 43.0879457844 45.176742876 44.7121234575 44.5118085797 44.8917971775 44.7181082969 44.7484230266 43.6376563615 43.1708353269 45.3503257503 43.9852311174 45.5346836014 45.2652526224
44.5155589994 44.8220835854 45.1161896101 43.8422728105 43.4122498287 43.9964172134 44.0672450224 44.8151201713 44.3625909117 44.2110127442 43.8288715507 44.563577536 43.9816735771 45.2542059882 44.2685729422 45.1776381303 43.4658372789 44.6880573354 43.3307070368 44.4831269895 43.3343624327 43.9742841093 45.2735758585 43.8022718651 43.7083510941 45.57631529 43.1709401498 45.7939575447 43.2700969284 45.4843148175 43.0034166372 45.0991678197 44.7888468072 45.4259111717 43.6160918356 45.2614742119 45.7425923433 44.0443437472 45.6742107347 45.0270025749 45.4930788605 44.9430840378 43.6927448872 44.1407056511 43.7788915065 44.0709236437 45.4425692295 45.1473513789 45.1534943846 44.1893028185 43.7513852657 44.49407 45.5756384166
43.938896284 44.929454059 44.4383553319 45.6033844725 45.7771270851 44.469213494 44.8055261645 44.7645650187 43.0475258935 45.3752284823 44.2674357998 43.9910491935 45.5907466322 43.1676739505 45.5009750375 44.673447907 43.0868410866 43.3752781347 45.2487433187 44.7254991544 45.2446089787 43.49638997 45.0404800131 45.4831513493 44.9793385721 45.7303540953 44.6948656695 44.5493629841 44.963877558 44.7500422576 44.1985238288 44.0990138895 44.1176807512 45.7910269648 45.7117109854 43.1113218491 45.8085580907 43.4208852371 43.2876665437 44.303159606 43.6360144928 43.8072658333 44.0218053298 45.3423185035 44.3667173976 45.1615631938 45.205978296 44.7723210205 43.0210885591 44.5414755057 45.6097926137 45.1301323657 44.5472760574
43.78245027 44.9448194179 44.1035527839 44.0091772083 44.6704501404 43.648670445 44.9753323609 43.0973621685 44.1176673842 44.7571291163 43.1288477436 45.1071785211 45.227376369 45.1252640032 45.4627058247 44.8821481349 43.3459894839 43.6693081966 43.7699099196 45.5350517581 44.6834455119 44.1993483794 44.1522562925 43.5107734723 44.2516847458 45.5222642162 45.452767749 45.7266408786 43.0378046629 45.6653938498 45.6969699571 45.6798081988 43.7796231391 44.472724835 43.9128386404 43.2767524547 43.5498374201 43.5615093527 45.6461024762 44.572355353 44.1549741228 43.8009406533 44.5131406156 44.384128864 43.3164764057 44.6329458002 44.6563282898 43.5539217355 45.4742014861 44.3447033732 43.6562438671 43.1463049918 44.8384254383
43.8800398599 45.6920096231 45.4263254822 43.1055358397 45.705248464 44.3036426132 44.6316323166 45.0107906061 45.380091825 45.0202592177 44.843748368 44.6074170159 43.189069422 45.021910153 44.965297849 45.2023152108 43.7884873214 45.7615117081 45.3748184689 43.7855607129 44.0907638135 45.0255872435 43.5214042632 43.6337020354 45.0764498654 44.1605790914 45.2693604395 44.4160396755 44.2533621992 43.9750920376 45.7771110054 44.8264737923 43.8518679644 45.0133721712 43.5150137378 43.9346786178 44.6415076654 44.2286010928 44.7500918945 45.126935902 43.2976817286 44.9558395334 45.5382523152 44.8947454257 43.9950642077 44.5386857352 43.2635060923 43.2132210872 43.8921981916 43.0465316133 43.8507598556 43.8417330132 43.7554857306
44.1131716803 45.4970711242 44.4033311523 44.1672284518 44.6312076533 44.0752390006 44.8911316742 45.8205370038 44.24728574 43.5805745689 43.120923775 44.2886949507 43.5915294183 43.403437608 44.4325930807 45.3814439839 45.6276800439 43.8342420302 44.2277810439 43.6134195447 43.2369797915 44.5393755437 45.4132754486 45.3327486188 43.5083323621 44.1829273516 45.8098625715 44.2956651961 43.0543143026 45.7621109036 44.6484185161 45.175164031 44.5697201587 43.061313738 44.9577171419 43.325704782 43.3299127055 44.4533904141 45.1343982563 43.1402439659 45.2834051898 45.6113330091 43.9757283886 43.8495236592 43.1631755051 45.018736562 45.1025608163 45.1829640349 43.2406869163 44.4188761189 44.7104641213 43.4723633911 44.3410244671
44.5973483314 43.6182200968 44.02620356 45.0235704492 44.1726436952 45.269097085 43.1907238687 43.7270468688 43.1375083887 43.7746723613 44.8869942561 45.3938139551 45.6393881079 43.1480501681 43.9100207891 44.5416945873 43.047931876 44.1147474978 44.9351175734 43.0811965716 44.6095566619 43.0820503087 43.5758706284 43.4133976226 43.8598731688 43.7398743823 43.9018497402 43.0116765493 44.7113017282 43.9504251975 44.7740692781 43.6052836619 43.3885946905 43.4445140847 43.1600270083 45.7891059753 44.3076291919 44.2350795148 44.1716502131 44.0325056441 43.5342804014 43.3322736453 45.2274579975 45.3426356 44.0771877354 45.4601974555 43.9835516916 45.791791426 43.1602913129 44.3893133195 43.9814588579 44.9109689397 45.1446368172
45.2020905949 44.1529422059 43.2397843219 44.8982848991 43.8767073468 43.3034609941 44.2162252273 45.264361527 43.6541089314 44.7107011171 44.5150851213 44.1108541912 45.4372236014 43.1862928914 45.7213741615 45.3054533103 43.957832893 43.3622885672 43.0953047833 43.7763194159 43.0688353514 43.9816226015 44.0915288015 43.5383766969 44.7626485076 66.909576555 43.723789368 43.8704184976 43.5989848328 43.1359879619 45.3165480959 43.2839534714 45.2106491905 45.7559394552 44.7110249915 43.9078410077 44.3050168243 44.4014447605 44.7101079361 43.3778486056 43.8629557855 45.7147776831 43.8214132951 43.3887220178 43.8365149942 43.3644293571 43.8005238989 44.2439739967 44.1460377353 45.4334097747 44.0010873303 45.1990659288 45.1579091341
45.0556533248 43.7884708825 44.1699281714 45.8237307911 44.5888277709 44.1919537673 44.0685221897 44.2850781822 45.5389253225 44.8691820051 44.4229833387 45.4190797894 44.5370699058 45.136474527 43.2039249332 43.870406437 44.6558191625 44.6833229761 43.3614757696 44.9656263839 43.3788792901 45.8282650994 43.6525224752 45.3776550673 45.7162452542 66.909576555 44.6891870725 45.6566529782 43.4204455366 43.7086433818 45.8040633421 43.5457221101 45.7859843856 44.8087395473 44.0900958894 44.5603987872 44.0668574646 45.4194150876 44.030676553 45.5145013581 44.6706455083 44.4526617528 43.2820024482 45.1624590571 43.5414818483 45.5125615663 43.553692255 44.8149623281 43.592308995 45.612667406 43.6876376381 44.1713656173 45.1653277048
44.8681710015 43.7463387786 44.5298566701 43.3170405131 44.3793837922 44.8831936357 44.8008052674 45.5194186104 44.2452613055 43.814655111 43.674211974 45.5669630278 45.6181198253 43.6800630961 45.5305821441 43.8981907424 45.4796198669 45.3299197485 45.7137124871 44.0037895655 43.1575680525 43.9390879254 44.3219654591 43.287751314 43.752077611 69.92242041 69.92242041 69.92242041 44.1476467064 44.1037023614 44.3591668377 43.092980384 44.344979027 44.8391700697 43.2329984031 44.9530341879 45.5831162539 44.1175907154 45.479190871 44.6951600666 44.052069049 44.4846802897 45.7075181849 45.0937563868 43.565738081 43.8480959339 45.8218844557 44.5599850059 45.4312022726 43.1398901992 43.1582970095 43.7737158062 44.1600889551
43.1046986861 45.743591367 43.3536787046 44.9163046289 43.5799827874 43.7245054167 43.3481329203 43.2655214665 43.6236219305 44.8715644652 43.3443897096 44.6585285326 45.5833167887 45.3822086928 44.5393062749 43.4665285523 45.4700751406 44.6559225054 43.7986498053 43.3705137778 43.7501088034 43.3144003282 45.2522116091 44.1454109762 43.4640652564 45.6946170834 43.9595684651 70.3772481766 70.3772481766 43.3826161939 44.9248196908 43.0386024123 43.6287085395 44.8809882913 44.2653543764 45.7999818478 44.9789013687 44.8258199881 44.6038152896 44.0890039256 43.9632846417 43.4172048536 44.2210705198 43.4816802874 44.7269081772 43.9811399134 43.5019364236 44.6602789567 43.3239617085 43.4786620199 45.1109592838 44.6567550678 45.5685252711
44.8409759125 43.4016526545 43.8341498128 43.9508564694 44.749139819 44.9121165009 45.3739757956 45.0019245606 45.5276255116 43.9882697572 43.3386043974 45.0913457342 44.0174192433 43.4919691083 44.7210767868 45.6466296995 43.0005906785 43.714888161 43.2476272892 43.4564006696 44.2025476525 44.5269857776 44.5421502437 45.015901599 44.1452694603 45.5354301273 44.8284786037 70.3772481766 70.3772481766 43.96004993 45.0719784306 43.4683418437 44.4903514839 43.8446726531 43.7844305929 45.7443770813 45.1425829343 43.4671627119 44.9811633481 44.5910070581 44.0364157071 45.4472427674 43.2002584267 44.0092987209 44.6522297772 43.7419862765 43.2009243611 43.0284585075 45.7251712653 43.3201580992 43.761121948 44.4797788974 44.0476084898
44.1960459828 45.2340802348 43.9691082035 45.4319418105 44.2802034999 45.7586891845 45.2936193993 44.4277388827 44.4374567847 43.3082427382 43.2121277731 43.730056055 44.1255921347 45.429437824 43.7495734497 44.9605469897 43.5312097528 44.0373759392 43.4503488868 43.9578978348 45.7012836106 44.7473466407 44.781982118 44.0065334006 44.3894908273 43.2001275193 43.6524481782 43.4218816643 43.6624837685 45.5582789198 44.8865701151 43.5806766696 44.2596784581 44.0268476998 43.0428343774 43.9739866027 43.5867815448 45.3568938237 43.8810074473 45.1835888658 44.6695266283 45.3056621583 44.8854814575 44.9505144423 43.270231916 45.5213424747 43.2289093834 44.5305851861 45.6424119232 44.9646214154 44.1182583633 44.0333943217 44.2693719415
43.4327360262 44.5878296839 44.6587005011 43.1907364515 43.3687817402 44.0828616745 44.4331376658 45.7175973281 43.4940793844 43.4885994447 43.6608357921 44.8496945242 45.3629679864 44.6496816752 45.586366785 45.6486137942 45.4604998535 45.0201216689 44.3348093883 45.3602155721 43.3188082829 44.2760095748 43.4008102893 44.1900230086 44.7057824492 43.0987814462 45.0472165402 43.418668796 44.7790905951 45.6131947182 44.5605118626 44.7677481038 43.6290129597 43.6183013911 45.1118921066 43.1624989743 44.0668638312 43.59569373 45.0856346277 44.3886059455 45.0535318658 45.8187693569 45.5837694482 44.5630094049 43.0125311528 43.121653555 45.7949623899 44.6764477488 45.013564286 45.6182060603 44.0837465912 43.0087770114 45.7064441028
45.5457790945 43.1043295898 45.106854698 43.8179564992 45.4219472005 45.0734262794 44.0998404245 43.5494047457 45.7488438619 44.4330922842 45.2913355536 44.6110512267 43.6155885656 43.4909944126 44.7098472993 44.1502146948 45.0976465653 44.2418428027 43.0184683333 43.3858191435 45.6238445683 45.2908072098 45.0720344449 44.4312427837 43.7631278588 43.1134154849 43.799275467 43.9940177145 43.9623279006 43.0180870991 43.7966104706 44.5834393086 44.4796276473 45.7609388929 44.8148568396 43.5040168518 44.7889896114 43.0032951404 43.9553489244 43.7091283858 43.4075482813 44.1592150625 43.6737797935 45.5016569428 45.4679918673 43.0053148099 43.0813075412 44.4382611294 44.8999016589 43.3008080824 43.1800203336 43.9058532928 43.3456829574
43.1255205701 45.1188419679 44.8344489996 44.0446425252 44.4363861055 43.6224659128 43.1614513898 44.7782522666 45.0580534673 44.3395243394 44.7217525408 45.82482977 45.610412318 44.9635598759 44.6105069065 44.7213329899 45.7034580046 44.123309461 43.4751545585 43.3162795166 43.2917516023 45.1139955524 44.3744221579 44.3084705595 43.9234349683 43.964181465 43.8631199786 43.6153895426 45.6754082871 43.0937928938 45.7604202049 44.6486927145 45.196308418 45.1077259295 44.238533202 43.6017569524 44.8861649217 45.6375585515 44.6209769187 43.9483364456 45.709793717 44.8507805313 43.4349180478 44.5042930858 44.6020830332 43.4468651405 45.7942442044 43.0491177568 68.7188918785 43.2889653317 44.5293819852 45.135527763 44.4538635979
44.6254702599 44.7274671837 43.5748897872 45.6667626969 43.7531540663 45.7210376282 44.4994098966 43.3273089873 44.2906236199 44.6496039127 43.7565835624 43.1786392751 45.0150570603 43.140987342 43.7029332451 43.665346149 44.1040698191 45.2918231426 45.0414899286 45.6178227299 45.1434787692 45.115357979 44.2283452767 45.6586367555 43.7584235308 44.304402626 43.3641136292 56.8189521856 70.3332866608 60.4487656561 84.5655786882 45.6611973558 44.8073709703 44.8164172155 44.3839013959 43.0834018428 43.3968242403 43.0283715681 44.812731299 45.1820297831 43.1780470948 43.9867370169 44.1094010442 44.1907249834 43.8199042803 44.1280254543 43.3933537782 70.1993009893 70.1993009893 68.7188918785 45.0446948245 43.5427025844 45.0605719814
44.2683613782 45.7765953564 45.3214233039 43.1718855849 44.0952007626 45.6422311652 45.0159457612 43.8513216677 43.0192997978 44.9054284486 45.140023969 43.9404293407 43.9652043004 43.6977138863 45.7678424054 45.2245545425 43.3965286252 45.1614660194 44.3756793134 43.4079673607 59.0170353214 44.5939433071 45.4412078382 45.3478474167 45.6130995028 45.5897429696 44.577293122 56.8189521856 70.3332866608 84.5655786882 84.5655786882 84.5655786882 43.8699648503 45.2882730829 43.2901266776 43.1118105838 45.7996982641 43.3144083106 45.2155985096 45.2165701497 45.614610842 44.8028730656 43.3962919136 44.5815643028 43.8531500972 43.3213785057 44.8549526344 70.1993009893 70.1993009893 68.7188918785 43.217617731 45.2689201297 43.1034097614
43.4747472392 43.9403053201 43.2184932082 43.9679978468 43.3466177155 44.1844069384 45.4521092215 43.5258912943 44.584173341 45.7549761001 45.1561301486 45.7122023857 45.3662786147 44.6762708036 69.4062197355 43.1761166602 43.9543669731 59.3698078125 59.3698078125 43.3241345605 59.0170353214 59.0170353214 45.2638012177 44.8928445384 45.5705004827 45.4668294967 44.645153437 56.8189521856 70.3332866608 84.5655786882 84.5655786882 44.4620323913 45.6313152441 45.1802985458 45.1988132807 43.8779644007 44.889447178 44.14610498 45.0453583217 43.6480307903 44.3114049323 44.754163761 45.441942853 44.2250322522 43.8874151949 43.0965088538 43.2365217507 70.1993009893 44.9994513451 44.2797228416 45.7321611511 43.2058359562 44.477222733
43.8623674041 45.1956213635 44.8651018711 44.8744378774 44.255564316 44.5221586891 70.6361702767 70.6361702767 72.1528040883 67.8583297103 67.8583297103 67.8583297103 43.7175050837 69.4062197355 69.4062197355 69.4062197355 44.1410680256 59.3698078125 59.3698078125 61.2693435799 59.0170353214 44.69816722 45.194584614 45.6101647487 44.0544904841 43.5689122871 43.3011210906 43.7289278273 44.7507506766 44.9807628979 43.4628558983 43.7770920418 43.0523150537 43.0031849483 43.9784517951 45.371797466 44.2834762559 44.6962417563 45.1260606067 45.4207055665 44.4105430992 44.8917040461 45.5397073027 45.1435947235 43.8984663071 45.043328549 43.64038045 44.6743150596 44.6328866305 43.8556940568 44.4990667003 44.5114305647 45.8004696004
44.8092557038 44.1381120675 44.4399886003 44.8284283512 45.6620208104 45.0115075545 70.6361702767 70.6361702767 70.6361702767 59.9208642551 67.8583297103 67.9546575281 67.7624464726 45.09459564 69.4062197355 43.6317990058 44.3036722908 59.3698078125 45.7156104861 44.1235458255 43.2378381151 44.5904538026 44.6530941144 45.3344176332 43.0360146887 43.70954604 43.7784273194 44.763930162 43.9346393223 45.4212643886 45.1759169921 45.6019390386 44.3420525022 43.4757938567 45.7249817896 44.2293419423 45.5899228819 44.1109552202 43.8259226999 44.5167922457 45.2528949702 43.7584573782 43.3995562385 43.9938385043 44.0020155837 44.9163944295 44.6036127419 45.8193094968 43.9564173217 44.2677511766 44.3500491584 45.5187954561 44.1460903567
