Spatial_Output/90% DEC/90DEC_1172.asc
NCOLS 155
NROWS 192
XLLCORNER 196769.923733
YLLCORNER 449719.875193
CELLSIZE 27.603701
NODATA_VALUE NaN
[rows 161 to 183 of 192, columns 53 to 105 of 155]
27.7769827343 27.6779828379 27.5196154515 28.0096534512 27.8372378021 28.0956615434 27.9458122693 28.1043934326 27.5291114699 27.9173627561 27.8270489145 27.6011443513 27.6254660222 27.6517195634 27.5215243253 28.1384982303 27.7224654889 28.1297838433 27.6465926639 27.8978526638 27.7023862481 27.6545635721 27.9617900002 27.7927981734 28.0853387708 28.1315814282 27.753188778 27.6944115689 28.1062526713 28.2026779373 28.012577596 27.612192231 27.5206046851 27.7216938078 27.950827808 28.017530037 28.1661378189 28.1181767451 27.8225373003 27.6460179935 28.0089350128 27.9471468098 27.8836713786 27.7103731152 27.6351447394 27.516367176 27.8814561298 27.7658170267 28.0033484779 27.6808585492 27.8721225024 28.0263222591 27.6281381174
27.8970132273 27.7552090168 27.6442544662 27.6691318093 27.6907124974 28.0112740949 27.8499491745 27.7207717158 27.8938776832 28.0848205056 28.1709074625 27.982555939 28.0730365319 27.899000447 27.5302315424 27.559061742 27.7586520146 28.01390717 27.7333461507 27.6355128587 28.0245775649 28.0988978545 28.168498158 27.6921450241 27.8992004667 28.0302514398 27.8026397532 27.9426876525 28.0241057955 28.0261455116 27.6999742615 27.706340698 28.0410870539 27.9728762122 27.5678436838 27.5449370511 28.1020007908 28.0302452713 28.113494285 27.5261152478 28.1281896095 28.1872356304 27.7840245023 28.0525278693 27.5936723077 28.11816146 27.6523265932 28.1069495776 27.8013378257 27.5473972376 27.7593828775 27.980627032 27.7115678198
0 27.7873325481 27.8711558261 28.0862928426 27.6416705441 27.6430275677 27.5059073584 27.552539316 27.5558928788 28.124367961 27.5798874106 27.7228566749 27.7835673107 27.8465153539 27.6121961397 27.5433566867 27.6104445576 28.0954336466 27.6128214146 28.1974221275 27.7706514252 27.8008196666 27.9151280317 27.5449679761 27.8512651612 27.9803004012 27.8863049173 27.8409951469 27.9156326833 28.1821995548 27.8329130821 27.943801778 27.8662814641 27.8750097213 28.0418289459 27.8508576711 28.0030318473 27.8774706247 27.6063055004 27.5356544014 27.6270268067 28.0320525461 27.7437038715 27.8662088622 27.6600252146 28.1578159182 27.5065221114 27.7653217626 27.6327695881 27.9252911693 27.5564776645 27.6597887896 28.0639035844
0 0 0 27.5493921036 27.8464278331 28.0850971054 27.6742329841 27.755611186 27.8830571763 27.9136449003 27.9940766279 28.0672171898 27.8580103303 27.9644489539 27.7549761994 27.5199710948 27.5010605697 27.604596481 27.7696498162 28.0519807339 27.6058244183 28.0484361738 27.573456802 27.6940482002 28.0036583761 28.0139706427 28.1806511418 27.6443625767 27.8531885063 27.7120664205 27.6892903038 27.9612381408 27.9257999326 27.7013771965 28.1696622455 27.5921327709 27.5388460928 27.5665760005 27.5384084431 28.1117813912 27.6997021257 27.6747315295 27.8180086001 27.8182099731 28.0848058416 27.6902786559 28.188080884 27.8183997044 27.9420585598 28.0993212626 27.8605514538 27.6885010854 27.8096304756
0 0 0 0 0 0 27.5588962049 28.1960934496 27.8058670263 27.9465853658 27.9987538102 27.7749675768 28.153413762 27.7819625291 27.6389732335 27.8742731631 27.5314728586 27.6404782516 27.6988582141 27.845984085 27.531057449 27.6253963646 28.0368116148 27.6521698683 27.8543728569 27.5884523647 27.5214252336 27.7276715306 27.8772078001 27.586625546 27.7868707526 28.1169568611 28.1375326178 27.5332759542 27.5987309189 28.1516366946 27.6209214264 27.9205444722 27.6247520859 27.5633566376 27.8609193096 27.5756714489 27.9007559302 28.0947962547 27.506093799 27.980271469 27.684869162 27.8645813701 27.6391047849 27.8503101718 27.674391728 27.7502714127 28.1827241167
0 0 0 0 0 0 0 0 0 28.1665768278 27.7486300202 27.6991053033 27.8626555887 27.5240038446 28.0684744148 27.9917809544 27.5662563744 0 28.0137788267 28.0240455988 27.9741928131 28.0842319798 28.1415748101 27.8930054686 27.7022955071 27.5300104783 27.8766945824 28.0980164431 28.0843019538 27.5702801958 27.6408032093 27.7523197371 27.9695394545 28.1263063036 27.6607057697 28.1561925375 27.7803629413 28.0606381969 27.895795186 28.0323544202 27.6590158282 27.7887840296 27.8028309136 27.704214338 28.1498719555 27.8117770433 27.5445982027 27.8484856254 28.0476682995 27.8900430625 27.9116344118 27.6854281681 27.762829193
0 0 0 0 0 0 0 0 0 0 0 27.8929319968 27.7273919163 28.1001723239 27.7494943078 27.7903315183 0 0 0 27.9425636403 28.011332655 27.9082845615 27.6778528581 27.8322786234 27.5501619396 27.882948116 27.7848375975 28.0899826601 28.1741900123 27.6355170434 27.7484937232 28.1465894365 28.0537593591 27.7354773651 28.2013117582 28.156218201 27.8537699154 27.9957162906 28.173668139 28.1160385616 28.0019629608 27.8486255496 27.9367499893 27.9363966042 27.525814336 27.9361350914 28.0885399658 27.7089115518 27.8758124586 28.109687045 27.7603810442 27.9907817448 28.113313116
0 0 0 0 0 0 0 0 0 0 0 0 19.8977830049 19.8977830049 65.9304345373 0 0 0 0 0 28.0627868763 28.0320940947 28.159976606 27.9300488016 28.0286164432 28.1821997672 27.6528458782 27.8680791507 27.6080868149 28.1131717375 27.5074253905 28.1049572715 28.150320926 27.9702749222 28.1348125449 27.6581305072 27.7012180015 27.7520935207 27.7010294305 28.1238806064 28.0113454365 27.9176807349 27.6606353182 27.5848977331 28.1822456268 27.6935246941 27.8438505957 28.1413416685 27.7038416079 27.6628165597 27.9519438384 27.6385598601 27.9399320715
0 0 0 0 0 0 0 0 0 0 0 0 19.2842616904 10.55790924 15.6274303986 0 0 0 0 0 28.2055436428 27.5910038754 28.0226006898 28.1457313648 27.8658471896 27.6706800296 27.6851643002 27.6268425796 27.5718610828 27.7829032963 28.0873938971 27.8717473887 27.8911136213 27.9242799413 28.0084895266 27.6605998058 27.9106803166 28.0751138839 28.1104297309 28.1263342382 27.676173459 27.7267891276 28.080619396 27.6330548933 27.8558483772 27.5653650975 27.6839201704 27.9641563297 28.0497708104 27.6154524556 28.1096289539 27.5342573479 27.5977803497
0 0 0 0 0 0 0 0 0 0 0 0 27.2008420107 27.8721412569 33.2216110688 0 0 0 0 0 0 27.5583861707 27.999843085 27.7618654411 27.6282133097 27.985718714 28.1668540725 28.1580452508 28.168553459 27.9108877588 28.1252354144 27.5038483666 27.5810497172 27.5633518311 27.7923590858 28.0322964549 27.994517993 28.0718725074 28.1785476855 27.5553584166 27.6476025499 27.9030166091 27.91458346 27.9488594608 27.6109385895 28.0724848951 27.6720159002 27.7808907003 27.6596657575 27.6345912707 27.5998959927 27.6969054359 27.7398649989
0 0 0 0 0 0 0 0 0 0 0 0 28.3709460021 14.9593539397 12.770329151 0 0 0 0 0 0 0 27.7319263254 27.7488178637 28.1092752407 27.6055369252 27.8456290498 27.6878493856 27.7950139856 28.0805563197 27.9345899876 28.0758717381 28.0380682853 28.1573315526 27.6445315414 28.0982834061 28.1566379053 27.9796517505 27.6053176924 27.8418094299 27.7727596184 27.9223197107 27.7547098302 28.1600124178 27.7423529093 27.9402421708 27.6662636383 27.6638251404 27.7397786151 28.1041836751 28.1518368467 27.7738514488 27.6573579305
0 0 0 0 0 0 0 0 0 0 0 0 0 0 0 0 0 0 0 0 0 0 0 28.2070051176 27.5773799363 27.8704811626 27.862649686 27.6195542446 27.7270721848 27.5405409996 27.5846627948 27.6945517351 28.1894490775 27.9828005226 27.5669043332 27.6296402926 27.8979016563 28.035770649 28.0114565589 27.8048456783 28.1374291173 27.5034198365 27.8335352624 28.1976241798 27.5990338487 27.596764124 27.6646340863 28.0958159408 28.0466108396 27.6619611172 27.8266270775 28.1020385671 27.5271962681
0 0 0 0 0 0 0 0 0 0 0 0 0 0 0 0 0 0 0 0 0 0 0 0 27.6395689067 28.0923612445 27.9813908407 27.9650999785 27.5764222243 28.026702579 28.1999596447 27.8738502942 27.5953333082 27.7254896774 27.8768614463 27.6565356442 27.9506531421 27.5201058887 28.147816129 27.8711873805 27.8660212024 27.8434859735 28.1662837801 27.8518747155 27.8728583345 28.0930665656 28.1635852369 27.74612239 28.0450515539 27.5058280433 27.9329092277 27.7930125213 27.5365497894
0 0 0 0 0 0 0 0 0 0 0 0 0 0 0 0 0 0 0 0 0 0 0 0 0 0 0 0 0 0 28.0240887504 27.933732135 27.8982326723 27.8178647656 27.5918176872 27.9303380709 27.8332051112 27.5966441883 28.1976489064 27.5444399179 27.9088340136 28.0933390643 27.9180845617 27.6446094257 27.6769982511 27.7300251054 28.1256333542 27.7855039258 28.0340647436 28.0289012166 27.728344899 27.8890410521 27.560749107
0 0 0 0 0 0 0 0 0 0 0 0 0 0 0 0 0 0 0 0 0 0 0 0 0 0 0 0 0 0 0 0 0 0 28.0435870882 27.9111990067 27.574147611 28.1320807564 27.7233104545 27.7292784422 27.5423128584 27.9822185357 27.5590522048 27.8578090471 27.6911176483 28.0597927311 27.5648240076 28.0882723893 28.0286999261 27.8879272394 27.8411499273 27.8623075247 27.9285933429
0 0 0 0 0 0 0 0 0 0 0 0 0 0 0 0 0 0 0 0 0 0 0 0 0 0 0 0 0 0 0 0 0 0 0 27.5113539881 27.8761320521 27.7114184279 28.0871992583 27.7694461724 27.8264140066 27.5825427152 27.9667855641 27.539415414 27.8994819101 27.8765492892 28.1601272718 27.841566817 27.9856414414 27.8598937012 27.8335856331 27.7672481684 27.5686014213
0 0 0 0 0 0 0 0 0 0 0 0 0 0 0 0 0 0 0 0 0 0 0 0 0 0 0 0 0 0 0 0 0 0 0 0 27.5331147062 27.8403864499 28.0542477763 27.6992918614 27.6451287544 27.6420001966 27.8025144878 27.5266577871 27.659799926 28.1134026677 28.157925104 28.0114046907 28.0827472529 28.1865973802 27.8548195784 28.0486161259 27.5843455063
0 0 0 0 0 0 0 0 0 0 0 0 0 0 0 0 0 0 0 0 0 0 0 0 0 0 0 0 0 0 0 0 0 0 0 0 0 27.8056134139 27.578322353 27.99890287 27.5730094901 27.7763139632 27.6090442551 27.9018573594 28.1486486092 28.1307902551 28.0081988932 28.0898565929 27.9203801217 27.5922882686 27.6863058036 27.890855429 27.752438375
0 0 0 0 0 0 0 0 0 0 0 0 0 0 0 0 0 0 0 0 0 0 0 0 0 0 0 0 0 0 0 0 0 0 0 0 0 0 28.1113281616 28.1329017303 27.9906432639 27.9883065434 28.0952047542 28.1634281048 27.8079476305 28.0171601563 28.0287319446 28.1371680367 27.8121020921 27.6090420959 27.6518328162 27.7490382546 27.8668728196
0 0 0 0 0 0 0 0 0 0 0 0 0 0 0 0 0 0 0 0 0 0 0 0 0 0 0 0 0 0 0 0 0 0 0 0 0 0 0 27.6071456914 27.6713699909 27.7650233218 27.8791008121 27.8967427348 28.0833970286 28.0446877061 27.6557777831 27.7895659143 28.1418637879 27.8703354826 28.0536178252 27.6544210143 27.5016890927
0 0 0 0 0 0 0 0 0 0 0 0 0 0 0 0 0 0 0 0 0 0 0 0 0 0 0 0 0 0 0 0 0 0 0 0 0 0 0 0 28.0540282468 28.1777330441 27.6232331154 28.0790572013 27.8794587846 27.5120668295 27.7798693694 27.6625711621 27.5786604746 28.1818639771 27.9926813886 28.2041408919 27.9170549766
0 0 0 0 0 0 0 0 0 0 0 0 0 0 0 0 0 0 0 0 0 0 0 0 0 0 0 0 0 0 0 0 0 0 0 0 0 0 0 0 0 27.5580210094 27.6905328386 27.6577232196 27.61780711 28.0149446252 27.6188672805 28.0250754862 27.8021915853 27.6808877316 28.1068150851 27.6591594415 27.898423903
0 0 0 0 0 0 0 0 0 0 0 0 0 0 0 0 0 0 0 0 0 0 0 0 0 0 0 0 0 0 0 0 0 0 0 0 0 0 0 0 0 0 27.6218270447 28.0062404465 27.530958217 27.8833679315 27.7750899341 27.7455850024 28.023973535 28.1497840657 28.1319954258 27.8888200275 27.6573138902
