Spatial_Output/90% DEC/90DEC_1073.asc
NCOLS 155
NROWS 192
XLLCORNER 196769.923733
YLLCORNER 449719.875193
CELLSIZE 27.603701
NODATA_VALUE NaN
[rows 115 to 137 of 192, columns 53 to 105 of 155]
22.5731333958 23.0386808363 23.122346747 22.7750192373 22.8503001504 22.733257735 22.8972826913 22.8042785724 22.5657414643 23.1733538798 22.7360303265 22.8140809113 22.9500424965 22.7296389905 22.6709913842 23.0847605619 22.910582009 22.9420743392 22.9172899616 23.0535036896 22.6785723462 22.9755311573 22.9619946256 23.0476353161 22.5983802568 22.9994878385 22.5562956968 23.0266916491 22.9030216365 22.5133425489 23.1653836782 23.1042635915 22.7146726513 22.6542413364 23.1472604049 22.8119284577 22.812881709 23.127371401 22.5073871822 22.5708425346 22.5967747007 22.8652868208 23.1102032948 22.9089880137 22.5966691279 23.0438401339 22.6889112737 23.1304300677 23.1733572341 22.9603646304 22.8691687126 22.5406202603 22.7302214723
23.1567002416 23.0874161146 23.1152392834 22.9309604324 22.7137586398 23.1388999855 22.8357350377 23.0043049353 22.5260031066 22.9772711545 22.77721479 22.9034061681 22.8522391546 22.6310785483 22.7834437817 22.9230055043 22.9319781856 23.1432982403 22.6100606676 22.6926395677 22.9862948256 22.5435776001 22.6902702249 22.6030057576 22.6195550732 22.8220075607 22.7649552207 22.9118270977 23.1413960875 22.9827835127 22.9024104043 23.1172886215 23.0855581541 22.5257181319 22.7282913025 22.8646984138 23.0201311475 23.095714033 22.5036450234 22.7303040053 22.9721063748 22.976033007 23.1871633973 22.7282118757 22.7514833117 23.010552776 22.6458380234 22.7343855591 22.7594044678 22.7924304836 22.9351177548 22.9443171546 22.8620689474
22.8986202558 23.1133554265 22.8977469474 23.0260669583 22.504384987 22.5617070436 23.0006764007 22.9814042073 22.6607615303 22.8328235932 22.6840693961 23.125539897 22.7597038543 22.9337471522 22.7663004388 22.5614268943 22.9595534842 22.7761951012 23.0343457138 22.9458117455 22.8041397778 22.7163253436 22.72944229 22.9400268749 22.6716820734 23.1230265388 22.7883979453 22.8651662081 22.6642817095 22.6912166901 22.7602317978 22.5171657798 23.0482934143 22.5105057644 23.0050315957 22.6656009421 22.9637832977 23.0856601978 23.0523670495 22.9308896082 22.5935056758 22.7800621293 22.527096019 23.0690010202 23.0881362433 22.9065147882 22.6868271567 22.6050712285 22.5279190707 23.0725272693 22.631585042 22.680459462 22.9039327867
22.9539182776 22.7778072587 23.04959255 23.0932175996 23.0884090424 22.5032483541 23.0501454966 22.5075988039 22.9179623376 22.8544909399 22.5776103242 23.114702214 22.6268161041 23.2069546507 22.9521853863 22.5507322241 23.1494936709 22.7606978388 22.7033606891 22.5692516245 22.72285769 22.8084902848 22.6927653812 23.0050373276 22.5336938088 22.5106245515 22.7384142575 22.9389522783 22.899475061 22.649410181 22.6820307494 22.6599810703 23.03604198 22.9810006337 22.6321293783 22.7567023051 22.6810391476 22.5026403819 22.5682804959 22.6428187502 22.5553691708 22.881728841 22.7076341906 23.0833756793 22.9768898402 22.7705347147 23.0918086952 22.9569810431 23.1229314359 22.7675280307 22.9929353782 22.9653014622 22.8568373948
22.620330792 23.1971366611 23.1688440702 23.205199681 23.1109916977 22.5033359222 22.6756579662 23.0778604258 22.5188229961 23.0395420649 23.1095653465 22.8016079673 23.0236048486 22.6028284099 22.6305440434 22.8866505785 22.7008067695 22.5135231039 22.71279518 22.9276240015 23.1799549258 22.6533504953 23.0559428376 22.9324599089 22.986254966 22.7446733816 22.9730028782 23.1897605624 22.7688057623 22.7625263156 22.5566290042 23.1046470631 23.1587454542 22.8063497295 22.8700373008 22.7669159356 22.9714333887 22.524270587 22.5069325286 23.0688649087 22.5241104945 22.9127280458 23.1250927423 22.6824468796 22.7769842236 22.97342454 22.9195645282 22.7935912412 22.5966457333 22.7526347787 22.8791176169 22.7619643933 22.8951478787
23.0155178967 23.0797942933 22.5409521528 23.0748443147 22.9316325079 22.5830720552 22.8789698004 23.110405808 22.666279588 23.145115579 22.606863443 23.1029758159 23.0920148499 23.184606404 23.0579024585 23.1730392285 23.0439392629 22.8443093739 22.9257760452 22.686250286 23.1931980476 22.6368623873 22.743057332 22.5752987523 23.1865692264 22.9777499266 22.6314391845 22.9592894954 22.7465569928 22.8051858859 22.7799657956 23.0728434232 22.5088281037 22.560154137 23.192788117 23.189214675 22.8561115402 22.9321660526 22.8556626416 23.2059719443 23.1533212422 22.5942373459 22.5401743469 22.527743437 22.7097494045 22.6966738507 22.8129244926 22.7775631224 22.7835627024 22.7007580173 22.7478678019 22.7447548254 23.0085142263
22.9793311606 22.7671028287 23.2057419097 22.874062563 23.1390829469 22.8341184686 22.8971323224 22.5869506404 23.1645079461 22.5358596756 22.8268399515 22.8276796701 22.7199797989 22.9621682922 22.8957342906 22.6850524859 23.0568767884 22.9204861541 22.6741735694 23.1656653415 22.8549718759 22.7302313523 23.0396620216 23.0898637009 23.2021727202 22.6833600757 22.8961449253 22.7655416729 22.8903778396 22.6370742245 22.9970387139 22.9060108461 23.0231070917 22.8054310564 22.8819000138 23.2053728613 23.007308058 22.8734208606 22.5643562715 23.0985560704 22.9784252293 23.0723555905 22.6578518141 22.9733289263 22.8058275872 23.011567484 23.1237279955 22.834226336 23.1993455532 22.8121548937 22.8076446354 22.9537365017 23.1568096917
22.5663241447 22.9671665761 22.570893386 22.8415394892 23.1569508611 22.781898182 22.6095377786 22.7126192035 22.7271704806 22.7695919894 22.6768121259 22.8195723679 23.1060316466 22.8264481752 23.1925699008 23.1797006464 22.7240037521 23.0372010561 22.5500631493 22.9979187452 22.6944719714 23.1713111836 22.7654443389 22.7268836884 22.5569843011 22.8220141423 22.5821756618 22.6783177011 22.944169313 23.1397866779 23.004575638 22.6328823688 22.7739761695 22.615612801 22.8417278758 22.8569658642 22.6245543117 22.8136735102 22.7524401325 23.0877052259 22.8292684778 23.2020952714 22.9501339106 22.5936509677 23.0346229317 22.5938036045 22.6983066339 22.6939879054 22.6480987284 22.79813798 22.7789109628 22.9428442423 22.9069121229
22.5931307774 22.5592705724 22.6765110026 22.5357416988 22.7344624368 22.7923048781 23.1903944441 22.8891232022 22.9328320233 22.9175728021 22.8635270988 22.515174446 22.908918384 23.0863121945 23.119179652 22.8543326884 22.8473708938 22.9718224269 23.0863231197 22.7233501327 22.7514120382 23.1512030844 23.1077382647 23.104992857 22.6404620585 22.677484536 22.6350612525 22.7184051679 23.1234436701 23.1181861515 22.5659244256 22.8670100612 22.5670680072 22.5632271361 22.9263662509 22.7107891077 22.5057707568 22.5717466358 22.8474711053 22.5305734562 22.7852188889 22.6103794636 22.7080003888 22.8656756123 22.918174122 22.705555131 22.7962066683 23.0267858577 22.6563653526 23.0890370884 22.7699223546 22.9002473773 22.8637116234
23.1763894325 23.1547612467 22.6883736652 22.6367765305 22.8000334935 23.064827826 23.0678825971 22.9705921255 22.5534212223 22.5678877115 23.0556830331 22.7640766441 22.5682154971 22.557294948 23.0532844895 22.9502629075 22.7462082886 22.9107670383 23.0966518027 22.5864356285 23.15136183 22.6679286387 23.0755293221 23.0010585533 22.6848742046 22.8773449361 22.7440939786 23.2045455733 22.6801009638 23.1545186298 22.522164012 22.8061902374 22.7969487274 22.9644865096 22.8084394536 22.8198873531 23.0670013035 22.885934954 22.7191119027 22.8230007037 22.7600665386 22.8130007589 22.8196472201 23.1573076076 22.7155195313 22.7474917073 22.7892986686 22.8739923738 22.8802941641 22.9441292787 22.7225072146 22.8789611484 23.1399295759
22.6131542662 22.9656543597 23.0026004135 23.0139519721 22.8878886938 23.0787330653 22.9314379386 23.0511504147 22.6310548125 23.0287662354 22.8253924363 22.5865995851 22.9722893232 22.5234003941 23.0939913287 23.1227918922 22.6482768278 23.0588759209 22.64526198 22.6122493367 22.8559469365 23.1671475295 23.1688638008 22.5920562055 22.7099402719 22.6888496604 23.016906936 22.6090336093 22.7085461126 22.5264648035 23.00484134 22.5839071914 22.6741002449 23.1558294654 22.7022718881 22.9182627693 22.7134621784 22.5677399404 22.6171981932 22.9517082674 23.1799972926 22.5603399044 23.1055405263 23.2068563933 23.0598781139 23.2070176045 22.5707181735 22.5483226809 22.6187213099 23.177907867 22.7710495637 23.0980143884 23.1913615922
23.1927695029 22.8733323518 22.705880955 22.9764249115 22.6376818083 22.7435928281 22.6276959491 22.9092746366 22.8570362892 23.065771557 22.7234963972 22.9655119369 23.135204433 22.6540324768 22.5188153217 23.0590963871 22.5355128966 23.0210829772 22.9203807327 22.5683624145 23.1823082238 22.8172051891 22.7610704023 22.9379014972 22.866009908 22.7139881059 22.6371058894 23.1886539738 22.8916981971 22.8683799571 23.2071002627 23.1954084601 22.6155467245 22.9613021153 22.6225168958 22.8181172561 22.7581764535 23.0985169865 22.5840391901 23.1905529938 22.7546253093 23.1280186072 23.0610803263 22.9549255269 22.5938276318 22.8507232635 22.5016487095 23.0668342309 22.6919921626 22.6744247324 22.8989078206 22.7739008263 23.1819297643
22.7934034756 22.6341523955 23.123515182 22.9196035727 23.0406621589 22.8165977432 22.7130818573 22.7579448891 23.1525634443 22.8273821582 23.0873795464 22.5959366198 22.973891003 23.1259439486 22.7613779748 22.9487073527 22.9718652616 22.6761071963 23.1310459231 22.8916073759 22.8440977831 22.5469934238 22.5396652957 22.526282038 22.9532835376 22.6650125819 23.056406756 23.1749852331 23.1485708016 22.8340456346 22.5461187316 22.7297349375 22.5683296515 22.9161943155 22.5676190201 22.7432126316 22.8313507096 22.8962088406 22.9799686524 23.1103956389 23.0364374747 22.6507731481 23.0801386904 22.9971857636 22.8527665475 22.9094579339 22.9009306684 22.7090346595 22.8445258843 23.1836924254 22.667657784 22.8358439148 22.8842760738
22.7466479501 22.7637208861 22.7521005156 22.5309278886 22.9023383433 22.8478933625 23.1384263979 22.8372070959 22.5470785392 23.13714137 22.7906152682 22.7064821965 22.6294960969 23.1979801317 23.2044623272 23.027071869 22.9303229054 22.7465911445 22.622099387 22.5545309406 22.8907956503 23.1310438492 23.0425921765 22.7699718386 23.1680035162 22.6309937391 23.0433647551 23.1818319127 22.856345914 22.8434330707 22.9233693568 23.125370762 22.686059475 23.1980824728 22.7472796749 23.0194269484 22.8786213322 22.8195565135 22.6746707821 22.7971540999 22.6603943723 22.580336833 22.6466148534 22.6841950638 23.1052524712 22.7403726738 22.7046347902 22.8741108989 23.0138525348 22.7632439084 22.8531482629 22.841771041 22.5463688678
22.6365397754 22.5742600117 22.7958775478 22.8386110976 22.6591221889 22.7486763483 22.5216160688 22.613725941 22.7501230796 23.115949648 22.6996735153 23.0620914343 22.5498255947 22.5874434919 22.534289561 22.5009677809 23.0180282212 22.7498235303 23.102255444 23.2048756042 22.8092092004 23.0693717397 23.0975545044 23.1443249012 22.8086654634 22.6169318126 22.6519992713 22.5211081449 22.7396802805 23.1100560289 22.8872759979 22.8503336402 22.7356844184 22.5054718076 23.0457074181 22.7914367364 22.9842928435 22.9019161063 22.5611096783 22.8494656665 23.0104896157 23.1171887416 23.0414406074 23.024855758 23.1783665318 22.9492338853 22.8614252707 22.6023665973 22.5528703426 22.792266225 23.177001564 22.6061512811 23.017010442
23.0863587146 22.6930258881 22.9111473367 22.7737537716 23.1690147224 22.8416980059 22.8031880008 23.1935818792 22.7976483242 23.1456732258 22.5122713481 22.9272493334 23.1500993025 23.1737516209 23.0579973627 22.7950080906 23.0649242546 22.5577727819 22.5138201331 23.110411678 22.8304551356 22.5468890991 22.5360493959 22.864622049 22.5785882691 22.9263294772 22.8446663534 23.0986844398 23.0011300747 22.9987772541 22.6114818586 23.0441732708 22.9692655168 22.5173381293 22.9315385958 22.5628863668 23.0876090588 22.7972182502 23.0955580588 22.7870827015 22.5355379757 22.8320541776 22.7448627616 22.9305132154 23.0454296728 23.1806495426 23.0802427622 22.5115608768 22.5856626091 22.7098081091 22.5906443948 22.9237198802 22.6594402939
23.0031423806 22.6394720191 22.6328059722 23.1561597942 22.6639573047 22.8740492802 23.028457597 23.0285329214 22.6390203129 22.6249103551 22.7111352389 22.6821943735 22.8607227861 22.5256363437 22.7037888273 23.1548307873 22.601235691 22.9847608142 22.5545912001 22.8875500077 22.7270550825 23.1558980279 22.7818625429 22.6302529389 22.672500696 22.6286262315 22.7060314804 23.0211036939 23.1334535461 22.598679058 22.5333207531 22.7658079227 23.0744686502 23.1768139613 22.7540167585 22.9824429329 22.7194440001 23.0643385649 23.1351603755 23.0693271749 22.6143164574 22.6509341122 22.9038836721 22.7830369126 22.7487761559 22.9143085657 23.104917413 23.1500596463 22.6772578785 22.7299236517 22.876087567 22.7738922042 22.5982901521
22.7512346175 22.9905422209 22.9577092421 23.0549901342 22.625786116 23.1411498517 22.6636653599 22.9249641323 23.101760735 22.757496467 23.1442363779 23.1469463226 22.8123282577 22.7356816897 22.5080102242 22.5258566488 22.8016583346 22.9763180182 22.8758358016 22.5775111393 22.6923401025 22.8663481712 22.7751042254 23.0672503445 23.1672530873 22.8885325872 22.6249814744 22.8919257681 22.6874952691 22.9878769166 23.0306299209 22.8315182107 22.8593419563 22.94720779 23.1969248554 22.7566195307 22.7735663717 22.571977408 23.18875429 22.7618929333 22.8871732597 22.6578715054 23.0692617931 22.7801850897 23.1237683506 22.8913554708 22.7238962649 23.1281098118 23.0865683392 23.2044824878 22.9094715975 22.9316157666 23.0822679868
22.5488776913 22.6722633064 22.570873568 22.5944760593 23.1241006255 22.586494189 22.8640591301 22.9535610624 22.9028402652 22.7771226091 22.951570136 22.7293284178 22.8777438229 22.8586669425 23.1255076543 22.5439980206 22.9594828044 22.879344242 23.047628365 22.8739298915 22.7394374236 23.1247587255 22.5699350523 22.6647694978 22.6587518885 22.5573486136 22.9765376231 22.9584286961 22.6022098393 22.9317608224 22.6062362085 22.8557527599 23.0786161079 22.9123862634 22.6724052178 22.8902484306 22.9387818737 23.0227911637 22.7151375766 22.5269430888 23.1643196197 23.0351522225 23.0699794111 23.1906839768 22.9060156205 22.8933072686 23.1951320175 22.6324267901 22.6269945328 22.9520786588 22.9821298843 22.812700476 22.7716229991
22.9271499901 22.6258681435 23.1259652593 22.9698498655 22.6996509527 22.5456569443 22.9613584047 23.0965030923 22.937657445 22.5222708966 22.6783987752 22.6490488241 22.9006270819 22.7027825236 23.0243626321 22.6133652429 22.5620542577 23.1464087175 22.5165278646 22.6515768001 22.9409845962 23.1903983608 22.5948335046 22.5806643077 22.9539918982 22.7616515169 22.9430353395 22.5327734271 23.0005797709 22.8980086211 22.819076089 22.5402028335 22.816672118 22.5069694397 22.8153288612 22.7499416019 23.1269199078 22.7166625319 23.1347224765 23.1252088098 22.6374259463 22.7159061723 23.0445246954 23.1818520618 22.723901155 23.0339625152 23.1873412528 22.695392936 22.8312205586 22.8253961804 22.7823731911 22.7795360733 23.1229222384
22.6933594294 22.9221141517 23.0280713285 22.9612810992 23.0704604153 23.133712715 23.0953665274 22.73914232 23.1268405178 22.7634167801 22.5022523432 22.9895917347 22.5664703834 22.6247769511 22.5068617995 22.9610092237 22.6797740979 23.1591377643 22.7105341122 22.72752405 22.5504873765 22.7041625205 22.9134732088 22.7312356316 22.9731221411 22.8266211457 22.7755371317 22.6597703193 22.5119966773 23.1881494907 22.9337551196 22.6682913018 22.7691277989 22.7437660435 22.7078836614 22.9149889257 22.7649339355 22.7927328009 23.1806920183 22.7875953002 22.519827756 22.7821091349 23.1740124101 23.2057435385 22.5500060406 22.877758311 22.8223713131 22.618099056 22.6151221374 22.8851639707 23.1492020781 22.7469536784 23.0704592584
22.9357189441 23.1485666191 23.1051704706 23.1388033637 23.039576586 22.832501125 22.7944303264 22.5425910546 22.6360125371 22.9082166253 22.8659103003 22.9354139391 22.708448378 22.5700967271 22.5849946008 22.8838267626 23.1945656097 22.794491206 23.1873105896 22.9354417328 22.5692052755 22.51438622 23.0168320255 22.7301175469 23.2064034791 22.9673954908 23.0604487851 22.9659256187 22.6727649852 22.6503473937 23.0474172637 22.6743230676 22.8271905803 22.6452003137 22.9236148667 23.1316137408 22.9209366054 22.5271187117 23.0354029456 22.7605666844 23.0160588866 23.0278477538 23.1955295999 22.541755463 22.8173065675 22.9595031776 23.1748563748 23.0989119245 22.9027333812 23.1716956649 22.9734126523 22.9437234754 22.5836234918
23.1366018923 23.0020175284 23.073251554 22.5977338907 22.6372513689 22.7521503724 22.7346614092 23.1234359344 22.6087875542 22.5067738591 23.0849377767 22.8037025956 22.6632911975 23.2050358242 23.0262046706 23.2039878926 22.61148343 23.1807254255 22.5113501044 23.1824024188 22.7163133863 22.9367660902 22.9794643137 23.0071013129 22.5924144293 22.762634424 22.798389463 22.7974040778 22.7584334526 22.6627953118 22.8001426484 23.0342042117 23.0391183838 22.8714880043 23.0610428646 22.8947675037 22.5052178713 22.5049726885 22.5309729756 22.9420013341 22.7632634985 23.0201263149 23.1764717978 22.7194255633 23.0270411478 23.0495881052 22.7035416818 22.5959790163 23.1622432766 22.985793665 22.9162610276 22.6525375532 22.8970064489
