Spatial_Output/90% DEC/90DEC_0118.asc
NCOLS 155
NROWS 192
XLLCORNER 196769.923733
YLLCORNER 449719.875193
CELLSIZE 27.603701
NODATA_VALUE NaN
[rows 23 to 45 of 192, columns 0 to 52 of 155]
0 44.3725066541 44.1778729186 43.4080445167 43.6286394983 44.3997965557 45.022867965 44.4427639871 45.0380545501 45.4638197136 45.221120855 44.3222826808 45.7703587281 43.6323205533 45.6382362456 44.4351403956 43.8663326356 44.2677913594 43.6785955702 45.7975576045 43.4765461568 44.6821908915 44.6069249639 43.2572601222 43.4431940627 45.4387649551 45.4747635269 43.1709560114 43.515265607 44.3960986365 43.3869880791 43.5004499149 43.1033953541 45.3288859805 44.6265317448 43.1599284993 43.541887383 45.7922961724 43.0675542898 44.2471582112 43.3706213302 45.4457214836 43.8554372911 44.3401266094 45.4980804242 45.0456290842 45.2203191594 43.4078250362 43.8572570156 45.1824516386 44.127020555 43.0467699 44.7821987304
43.6586251602 45.196645808 44.2782470595 45.5884541782 45.6188090063 45.2658528032 45.0888513279 45.0948273279 43.1233495892 44.2966316711 43.4105210308 43.4291657579 44.7878923718 43.7772515879 45.3522257594 44.6567386061 43.6620708912 43.7391791544 43.8255919707 44.9022314458 43.2941340504 43.1993191942 44.5494737974 43.3516283716 44.8041247571 43.5432695628 44.7696621104 45.3409277989 43.3955432312 45.8171763558 45.2820007473 45.539266358 44.1923542595 43.1942364668 45.1539419077 44.2478192659 43.3318270696 45.7797420049 45.0269654189 44.2824882521 44.4778886366 45.1869309299 45.2279257078 45.6223541552 45.3920078642 43.6974646195 45.3217881491 43.286053576 44.6548146618 44.5240656265 44.1849665308 44.2770898014 43.1214867324
43.2064400159 43.0687530448 45.5042724586 43.9972350865 43.8287140893 44.8978058545 44.0561277602 45.7737215095 45.7602392533 43.4372149222 45.3037844777 45.2005844012 43.3966854984 43.3785961161 43.5239151899 43.7411938149 44.147560164 44.0819462411 45.1850489249 44.1225109905 43.443687558 43.1677312895 45.7990208406 43.8103334615 44.6426085862 43.8130619633 44.9830187201 45.05003248 45.1370682813 45.3931240021 43.8302451305 45.7471342289 44.6722195437 45.6059335063 44.449695739 43.0383165908 44.3037572151 44.1123526 43.6920908591 45.5771948524 43.8323467117 43.1901019334 43.0629352814 45.2985545292 43.2174380227 45.6669664402 44.2455349382 44.7411741598 43.151662123 45.3942860735 44.1255852442 43.7727282104 45.2779274359
45.6994406201 44.8959131107 43.4725463039 44.729536299 45.1559703085 43.9555757647 44.2143661553 43.8067540101 43.5980455351 43.3972616263 43.3227160731 44.9203149163 43.0428747053 45.8272504365 44.8790576848 43.1285573165 44.7097304003 43.7075370283 45.520791575 43.5972083728 45.7024108253 45.7995204021 44.1332713632 43.2068713206 45.4041056248 44.206727835 44.3211573043 45.788661441 43.0184208368 43.2189310446 44.76127501 45.127573089 45.2838173333 45.7042495891 44.7713721413 44.9479134543 44.1228538611 44.7105271465 45.7131858667 45.5093065026 43.3620744664 44.6634917564 44.4420345785 45.3660521485 45.1651620406 43.3865570686 43.8779149549 45.3777476947 43.7624065558 43.0804035084 45.5131631973 43.2263670482 44.3056507178
44.5567138409 43.5844878574 44.0776212601 43.6805847207 45.3054639467 44.8759085276 44.0332920291 43.2094493597 43.1951046501 43.6273217719 43.0973437046 45.5906078916 44.5013211035 45.5447616206 44.7317999763 43.2589716992 44.0892266458 44.64989691 45.7771281279 43.6744457616 43.9758657465 45.3395208791 43.0879911985 45.177217749 44.8266886569 45.3745971643 44.6309914654 43.9661447821 44.9513320117 43.9980524213 43.5603593142 44.897270753 43.3406697294 44.9193292863 45.3643086088 45.5967260105 44.7198872999 44.6742078714 44.9601992735 44.9781657662 44.1088369258 45.635467467 44.4690039251 43.4430444038 44.3604038623 44.1533575749 43.2535047928 44.2540465555 45.6629055667 44.4249409735 45.7318017713 44.6179128587 43.6889709834
44.3502277199 44.5674870516 44.8568664752 43.5551766768 45.0231450154 45.1661424047 45.7295220256 44.1689904025 45.4604758145 45.3763260784 45.5404893739 44.2606785801 45.6491727331 43.3666932516 43.0510473017 43.7940539513 43.8798765684 44.7192788743 43.9124537306 44.0410653587 44.7494015577 44.8217118617 45.2153939492 43.7653742941 45.5458082484 44.3569722466 44.3621739867 45.8254471739 43.3441689155 44.7695348138 44.9627302536 43.7717008914 43.2233265795 45.798700341 44.723051601 43.2683005759 43.3221980893 45.2337047761 43.8857564178 44.8242613629 43.9691724006 44.3450363429 44.5348230288 44.310519724 43.267546663 43.433282334 43.9980632706 43.462914987 43.1168820061 44.4938480075 43.3988171704 45.7908162421 44.261278664
44.6454274948 43.256818333 43.7171929341 44.6094895765 43.4222128599 44.9074672578 43.6914387753 43.1936911364 45.3471420175 44.1002094369 44.2305499364 44.1586966138 44.9002801467 44.0299440175 43.2262192401 43.5551986377 43.7178425365 43.3933742143 43.6990471341 45.2863754089 45.2740329628 45.4825798747 43.6398712736 45.2152885476 43.9786001451 43.5104795024 43.8473279451 45.5563183022 44.0206606481 45.0386492778 43.6090658286 43.4438451521 45.3336566455 45.7931418317 43.5086308783 44.3293061009 43.6997938433 43.7320046378 44.6262406976 44.4277763907 43.0395070333 43.6520640526 45.3759671626 44.618268709 44.4101016773 43.0403898509 44.2717294663 43.9980437309 45.0412887198 43.5964941796 43.8826101711 43.1065499725 45.4010882818
45.7023407908 43.2523980134 45.4268572208 44.9583992383 43.9340008295 45.8111357961 44.6206138291 45.5694722412 45.0223382605 45.1028134071 44.7721590769 45.0329130641 43.5608470498 43.2569661641 43.9855013558 44.2637625739 43.6270256107 44.2710601025 43.266404157 43.7134585015 43.1598748805 44.6785109596 43.4004764456 44.5942823773 45.0882770786 45.061657951 44.6814582722 44.8367859878 45.2611845558 44.0556320692 43.2540494084 44.1941809981 43.7438012042 44.5630563699 45.7252646638 45.5595360173 44.184327828 44.1069987729 43.0441507214 43.6258344876 45.5030492556 44.9321781969 43.5849332508 44.9617260011 44.4228079706 43.8144059972 43.7655832944 45.6471671277 43.7041005835 45.0378579734 43.9584588935 43.2970863687 45.0021658224
44.6050973308 43.8113675419 43.4630880567 43.5029237494 44.9722889084 43.1428252211 43.0559100943 43.7255021767 45.0446354581 44.2464041021 43.7401159551 44.9649326521 44.0633335057 43.7603790662 45.7691549076 45.2420799864 45.4010753865 45.5893790581 44.765841605 44.592547339 44.628063752 44.775612337 44.2708886702 45.324567313 45.6967933471 43.8109154723 43.3705806611 45.3316441544 45.1453391621 43.2713751778 45.6819195304 44.664668965 43.4834122993 43.7336016305 43.8659404258 44.2587163008 43.0202250049 45.3437305596 44.3212431175 45.347035159 44.9039387146 44.9786565118 45.4605313364 45.1386265455 43.9361689161 45.7520858947 43.9484531818 44.2577990877 45.0997244112 45.5822190373 43.4204838714 43.9433359605 45.4095539847
44.0672490579 43.7478020852 43.6923935542 43.1211658051 44.6153321613 45.194558046 45.4760622769 44.3161592436 43.8362138858 45.3172735425 44.0975391028 43.3941751815 44.4006691859 44.945255454 45.4863345238 44.9815632374 43.0893666779 44.3322492877 43.6063163305 43.3161814002 45.073897006 44.1041249207 44.4357665704 44.5301436241 43.9872381689 43.2753563366 44.0637443799 45.1235097243 44.1204199425 44.7600945281 43.1126047063 44.6931855617 44.8815809584 43.1612632005 43.3577314528 45.8178499837 44.093881688 44.2847982412 45.0629931837 44.8760398209 45.4368414953 45.2668248959 44.6695297419 44.0425140579 43.5395695352 45.6548793052 45.5076530603 44.3007526068 45.4597149841 43.1565196033 44.2262548803 45.394529899 43.3066956969
45.3449327107 44.7881088419 43.755828423 44.3762688454 43.7649693143 45.4274493116 45.3912471369 45.3296242172 45.1247865777 44.7640163139 45.2561220977 45.1207431793 43.9501534619 44.8468845406 45.6218898317 43.9184246628 43.1908796851 43.1893396459 45.2242829805 45.7654175885 45.6854392346 44.9762144139 45.5474082618 43.6092339381 44.1896917444 45.7604442678 44.6463935532 43.806655525 45.2268566707 44.297803202 43.0097911258 43.8404027988 44.6940469472 45.1532853566 45.2325861233 44.5369402981 45.644106211 44.9237046841 43.9974456197 45.3723215232 45.023584257 45.2907447737 44.5659967971 43.393584574 44.3433093764 44.5052489657 44.9880497894 44.6181170122 44.8513375763 44.0525999054 43.2209095357 45.5128986496 45.5472995522
43.5578354765 43.4517835588 45.278517651 45.8027702314 44.3020956473 43.2043036777 44.7744260872 44.8085641277 43.5390449862 43.212526316 44.9216395579 44.5288758899 45.4244785081 45.1001721265 45.1588020029 44.418432619 43.8284091279 45.3035682402 43.5674938446 45.3092942417 44.0517252943 44.348217277 45.0780153007 45.5779104936 44.9621913969 45.3621502935 45.7856179315 43.8884680378 45.242701451 45.4673912703 43.2516579304 43.1725532228 43.9834940884 43.7088300666 43.7209174682 43.7789283004 44.6505442152 43.7642846318 43.0762774774 43.4740849382 43.1218596114 43.9762423759 45.3190124252 45.0947081073 45.612814029 44.2717606715 44.3079400723 43.3443282453 43.3670121389 43.2414565877 44.195657668 44.8071606106 44.310671087
43.6489650698 44.2583642862 44.3719242701 45.3589748541 43.0237422518 44.8768087577 45.1142138219 43.0215972008 44.2063878808 45.118493089 45.6517796049 44.1101643132 43.0819453689 44.3535425579 44.5120291812 45.2153774181 43.2188080585 43.3586735563 43.5241520947 43.0991311275 44.9319111168 45.5419394627 45.0746715791 43.2973654145 45.1892093083 44.688248601 44.7294814308 45.0518671243 44.7719480339 43.4758920132 43.325918009 44.9017458893 44.3691289531 43.9015872947 43.4700404938 43.4781289935 43.6479691237 44.4970405819 45.2537122433 44.8138963095 44.0355929838 45.282244436 45.5253295607 44.8400340397 44.4819524643 43.3061052514 43.4999891735 43.5877796296 44.3721974466 43.785040721 45.1043690304 43.9404585601 45.1445843846
45.3910508099 43.1203126683 45.6668386628 44.5147127803 43.8386730175 45.4258477569 45.2071555536 43.1206068232 45.2188763483 43.5197845375 45.4381927997 45.5489165967 44.4422528775 45.055637952 43.0711410981 43.6237133503 44.1758191754 43.2543741324 44.2203915759 45.8070668337 43.1063889824 44.4747960413 44.1643978749 43.6978386017 43.16582389 44.4216851054 43.4011314586 43.6203121972 44.6276975869 45.6335438647 43.6003228117 45.3980322869 45.4595701693 43.4734889964 43.3624154721 45.7705352331 43.4877115653 44.1419004079 43.3390758483 45.06011095 43.1940719689 43.0579991121 43.4743886131 44.0146154702 44.3285962221 44.9165465806 44.5105392774 44.5422439511 43.1905926375 43.0984361149 45.4559963094 43.0227011794 43.7564875729
45.3255815653 44.5209943203 44.9569892238 43.0583494344 45.5598285903 44.8453365145 45.3894807373 45.0130236674 44.9951565532 45.5352311757 45.6598473187 44.6345875126 43.7392685498 43.329217389 45.6220735644 44.5025048459 45.7431977562 45.5632044398 44.7276754674 43.7404030795 44.5980525037 45.3726773399 44.4659861891 44.2292459159 43.5801153912 43.2698416369 44.2234381201 44.2833502641 43.9380134291 43.2039361818 44.7864438994 45.4350389751 45.5893779434 43.9593315119 43.6422061551 44.0767728694 45.34158518 43.5699686194 45.7768074242 45.6007038271 43.5569344041 43.9509408687 44.504247873 45.5145001018 44.166670806 45.3341577034 45.4580473332 44.8236125287 44.1953893196 44.5672233327 43.1062252362 44.1820475515 44.7436115966
44.9576515796 44.5777557833 43.7674972277 45.1823920115 45.2932627065 44.5516890748 43.6582159814 43.0670815436 43.7303914384 45.1922116016 43.4954394752 44.4348543024 43.5436631401 43.9092184184 44.1770857597 43.9851812038 45.1086906592 44.3080952033 44.6390222237 43.2004442792 44.2132712767 44.2736495987 45.0099566492 45.0447815884 45.6119479608 43.6753238388 44.6958648987 45.055695924 45.5870355333 44.5242457407 44.8308687188 44.9482033593 44.2468466818 44.1295889488 43.8554077866 44.8810457089 43.2953575025 44.9563352398 44.7322421688 45.441256443 44.5686989178 43.1743324615 45.0695710601 45.4518150213 44.4896774449 45.3647758366 44.4883377828 44.796559097 43.8486431153 44.0196827226 45.0035461523 45.2143319507 45.3158227124
44.1875281686 43.5966200157 43.9979723051 43.4941219039 43.4328505816 43.0175787005 45.3570042901 44.7288592439 43.0201396271 43.4142675607 43.8758590777 45.5423172616 43.4025716549 44.875093961 44.0862337433 43.6809858589 45.7919660302 45.3492027903 45.2078479536 43.4853444748 44.8024901752 44.3644530027 45.7075966797 45.330837133 43.3964180217 45.5021831095 44.5280523745 45.281847892 44.1299257642 43.582232434 44.9359380308 45.2374301388 43.2908054678 45.0052963386 44.4736460899 45.6877637252 43.6501405051 44.6848411864 43.7654246356 44.6496389712 45.795850136 44.6751630893 43.649505739 44.6488062089 43.8188239904 45.546062404 45.0380004472 43.9984115911 43.1675169088 43.4893512432 45.4114080105 45.1260997333 44.2569858447
45.1080668435 44.9245003371 43.6726931815 45.6891082618 45.3772469252 44.2014504393 44.2503711853 44.4829813369 44.5708781175 44.4712700468 43.7277792287 45.1982753422 45.5333050636 44.8508931837 45.3608866938 43.2070436515 44.47902498 45.0666762562 44.3922600653 43.3739502566 44.5358076747 44.1552447624 44.3280055819 45.0443603302 43.4485041345 45.2512625871 43.6111753242 45.6105071158 43.9236534381 43.8029653235 43.5747984571 44.7468908832 45.5082267407 43.2018227486 44.8413808436 45.8032432378 45.081663142 43.1692202012 44.2780114064 44.7269170327 43.2533354004 44.7360066041 43.515101368 43.7145285363 44.2520585136 43.7285022199 44.891152858 44.2505170665 43.7393682719 44.2080454612 43.2939906796 43.2256364021 45.6556331466
43.5342416588 44.2787091007 43.7669098541 44.9488322568 43.7993503743 45.8048358695 43.4545146985 45.2383986747 45.7899211987 43.3850596695 45.2172303262 45.3543831746 45.5795407374 44.5720199611 45.8105454555 45.3498768476 43.9115785427 44.4017482707 44.5695275327 43.7482225653 44.9763271282 44.1784333559 44.8991686376 45.1279396614 44.1554476348 44.7874089063 44.2749546611 43.3846054809 43.9144291468 43.3221234197 45.3085357876 44.6828362503 45.5293025061 45.3820599859 43.1296894728 45.7875528241 43.7035586793 43.9855911429 44.9472361613 44.0233399451 44.4261448603 43.6146020008 44.2202243743 43.5771843815 44.1392797784 44.4981766969 44.5961178085 44.3197613192 45.4708552268 45.5538815568 45.767930914 45.7170210081 44.2917190413
44.2383811579 43.1110138307 45.6944321278 43.6376814339 45.0797863058 43.1299818997 44.6195094942 44.274221923 45.4163857244 44.3425035795 43.546721174 43.0857265399 44.8054728397 44.4855011775 45.4468938609 44.9800670627 43.6865722345 43.847938956 44.767926123 43.3340768666 44.3993704817 44.5176350382 44.2826410957 45.0937050521 43.1210000691 44.617512079 45.1401313021 44.2520925457 44.0233437436 45.4162758921 44.0238004505 43.9776801165 44.3654020151 44.2090285253 45.6156240024 44.0173219144 44.3975083554 44.2833512089 44.6773822814 44.9684159689 45.2783464588 44.9117172579 68.2016806926 45.4403734852 43.2950991903 44.4013159661 45.5133216377 45.236380928 44.5310631216 44.9052311488 43.7493608244 45.8182030347 44.2923677596
45.7027087895 43.7246320673 44.7889501293 44.389448639 43.9707666459 44.3270816429 44.8761983571 43.5825718388 43.8835924913 45.4487366521 43.3590952512 44.0503245646 45.0543537826 44.3454508092 43.266980563 44.5150785306 43.0661398127 44.1699989951 43.0494019084 43.906400655 43.1216192059 45.6080995764 44.3903573008 45.6545025802 43.9945827763 44.3816203794 43.6328692388 43.0739107124 44.4585100708 43.1695471666 45.4938507761 43.2168635103 43.0693996745 43.0889851659 43.2951572643 44.8049798283 45.6491386178 43.8401168038 44.4604023093 43.9809714793 43.722568887 45.6870977092 68.2016806926 68.2016806926 68.1087624219 43.6371317477 45.483529885 44.7367982782 44.1945570388 43.7318628977 44.1358786965 45.3499108672 44.3282749529
45.736300067 43.5289320432 44.5748952281 43.1953911785 43.3458039531 44.5007250028 43.6493471404 45.7443332532 45.4512324665 45.7773732386 43.2855336984 44.9108979636 43.1102707483 43.1573939715 45.6525481329 43.433820277 44.5125318179 44.1723552939 44.9223068088 44.6048009341 44.7549552263 43.3678853317 43.7160416823 44.6519725225 45.8213313976 45.3814476796 44.2596299276 43.2963322758 43.3612684067 43.6038998247 44.9818943419 44.297122542 44.4596468177 44.2230371512 43.4021599031 45.00332627 44.2480685461 44.3352526673 43.1250406272 45.18954158 44.8254179311 43.4193239315 68.2016806926 43.635091588 68.1087624219 68.1087624219 45.368117626 43.5290701249 69.7551055025 45.7510222757 43.4667160194 44.181664655 45.2397043262
43.8141572156 44.274641278 44.1953143694 45.6539120878 45.4883735174 45.7148459193 43.7065412475 44.0616970869 45.6322514313 45.8097894539 44.4710927081 43.7137983687 45.5823500596 43.5702495329 43.7304932843 44.8669677388 44.2654131916 43.1824816896 45.4010118566 43.2864509336 44.4518477266 43.6846597028 44.0970575216 44.8568072178 43.1990825781 44.9776987104 44.8442246157 43.6384607664 43.4783316468 44.1019770898 45.581840372 45.3704244548 44.2216483071 44.253909175 43.7756204417 45.2336951366 43.8196121313 43.3380346595 43.7610709139 43.143771818 43.0042568438 44.4547602206 44.9817616539 45.5033233646 44.803096693 43.0326793946 43.5262306521 45.745200967 69.7551055025 44.4425764492 45.2981585047 45.1524646845 45.1221827526
