Spatial_Output/90% DEC/90DEC_0980.asc
NCOLS 155
NROWS 192
XLLCORNER 196769.923733
YLLCORNER 449719.875193
CELLSIZE 27.603701
NODATA_VALUE NaN
[rows 92 to 114 of 192, columns 53 to 105 of 155]
23.7446812962 25.2173162179 24.6836215887 24.4894787935 25.0879880683 23.6937020142 24.4256358562 23.9413558966 24.1295673315 24.7543808745 25.0948590404 23.6128628357 25.2932133153 24.7460271199 25.3922706734 24.4290037804 24.5451607113 24.0342892037 24.4260489934 23.8202126336 25.361781856 24.2820134176 25.1689603835 25.3054117484 24.2109486424 24.1921255581 24.185477 25.4358451973 23.6905711141 23.833547818 24.2196870139 24.3142982042 24.5221588865 24.3299204045 24.9380694419 23.661280891 25.2599226185 24.9276166157 24.5964828632 23.9531837284 24.7725171699 24.7781518589 24.3299692238 25.158212518 24.5222805495 24.7584043944 25.3826986905 25.3052450669 25.3889632375 24.3779689272 25.6105390418 23.6151557338 23.9871379273
24.5903304528 25.4509178012 23.5335577263 25.4170382242 23.8888520925 24.731689545 25.4599283167 25.5738874175 25.3602427755 24.661628887 24.2696410091 24.532543407 23.6361086683 24.2452422454 25.6051627094 24.42568017 25.0780041118 23.5269036695 25.1119286496 24.6448433551 24.1688070347 23.961593171 24.2082764373 25.1051841186 24.0549639271 25.292512712 24.6134263235 24.391508144 23.7731246104 25.5458978888 23.6164553218 23.7322201092 25.1809055872 25.4590361876 25.2693433615 25.498581226 25.4151603542 24.2605487095 24.6983493452 23.7729909741 25.1859681322 24.3925225736 25.5194406939 24.392815515 23.6568506444 25.5894663545 23.7991206964 24.4557254599 24.2783933861 25.1784724794 24.7908845111 24.1446247429 25.5790906269
23.5843251037 23.7545150537 23.6163746734 24.2850422269 24.3394616655 25.563473885 25.5016967065 24.1719055102 25.1497740797 25.2985676323 25.4969599933 24.4406075931 24.0563036544 24.6525941425 24.8163109031 25.4592968529 23.9659444362 24.6092006975 25.3108646872 24.6135777593 23.8671784171 23.6080013255 25.0976117816 24.682261385 24.9948645146 23.5356361533 25.4783060597 24.3715283502 25.1911090382 25.3523760603 24.3448785246 25.5156086416 23.6675221307 25.1924489436 23.847281236 24.8516963138 25.485420053 24.4107587528 24.0968436185 23.540762536 24.5599818019 23.8645629418 24.8723791795 25.5527767938 24.9938054429 23.8049416292 24.1757204585 23.5832784599 24.4478047723 23.7129048305 25.0246395934 23.6555054848 23.9437002659
24.0628324801 24.2447346196 24.2966447804 23.9332854009 25.6175410234 25.1093461991 24.7313715852 24.1889310306 24.7290054164 24.9114422982 24.8956228776 25.3514849562 24.6748242506 23.8544107959 24.3591482083 24.3859353639 24.4468667748 23.7997321957 24.7635419052 24.6371991945 24.0221121584 24.8388459229 23.9337288674 25.1714019061 23.95153333 24.2223821567 25.0646104351 24.8030965822 25.4531668339 24.4775273975 23.6706060486 25.2081480465 24.963078088 25.3712179983 24.8004882912 25.1194758542 23.5905684799 23.548052697 24.9287654669 25.5877240811 24.3866575171 25.5675810343 24.8528239235 24.8017231788 24.873208886 25.1181357181 24.3470519134 24.196297744 24.7139831959 24.0885654631 25.2686449184 25.4601578469 24.2872716726
24.3898378415 24.1539417238 25.2467928875 25.3960817564 25.2816911009 25.3628452455 25.3839614996 25.5678821988 24.2076837972 23.8103519736 24.2252033864 24.567317131 25.0866437009 25.3961380084 23.8533946278 24.985771432 24.5082413045 23.8874903159 23.8935631326 25.1892425452 23.9518976775 24.174867863 24.050904901 25.3087830672 23.6642947074 24.8675101902 24.8361922625 24.6899776209 24.5760031436 24.0306508447 24.3556232119 25.2141641717 24.3156079772 24.1047827987 25.2478209982 23.9334349332 24.1826535974 24.7076624404 24.3404987106 24.7730916483 23.782404651 24.0306037156 25.4822739824 24.572644655 24.304432712 25.265909548 25.3426059264 23.6260064958 25.0562834776 25.3160433514 24.0625184226 23.5967604205 24.2810722121
25.2938759182 25.1158446129 25.310515825 23.5452023011 25.5503538522 25.5466145182 24.2703628334 24.2674594209 24.7970894021 23.7313708212 24.9778751003 24.1244253011 24.2913595347 24.7640193774 24.9303159983 24.6578900727 25.145118825 25.1480717776 24.2954766561 24.1533872964 24.2007993625 25.185059097 25.1686078204 24.3935131563 23.9881740991 24.0939638943 24.0149274003 24.4673856933 23.7803894358 24.8135139287 25.3274445509 24.5588339375 24.1302842678 24.6282414205 24.9289222868 24.7773664723 24.9132106209 25.1599627199 24.0615278795 24.1352351911 24.038297925 24.8101424667 23.5973247798 25.573364587 24.1937567467 24.1507511149 25.1153638163 23.6866452094 25.2999093316 24.4176601395 24.6124488953 23.8817169274 24.4211840368
24.9328636678 25.0144012427 25.2569547671 24.0797006217 23.557937216 23.5550101677 23.6509420007 24.1651588903 24.0477447355 24.4545712409 25.1962062178 25.1422935439 25.3620880521 25.5229340204 24.4847014534 23.5048353978 24.2821220455 24.9623943914 25.1131596332 25.2221551037 25.5506850946 25.3835544541 24.8585178469 24.694493771 24.7418444949 24.3679339434 24.9777054519 24.7321659488 24.3717233496 24.3447905638 23.5826832443 23.554808197 24.7301370515 25.4356106197 24.0777086057 24.7972478254 24.2724443042 23.6370935266 24.2854089838 23.6713454378 24.0240691219 23.8030467161 23.9218178217 24.9653098893 23.8699248963 24.6037924973 24.928008987 25.0518121508 25.4275868159 25.5230331349 23.7477697534 24.0614606966 24.3305402856
24.4022688746 24.8403605737 24.1437332025 24.9092209302 25.2026884336 23.8022458887 25.3213594523 25.254977088 24.6231605955 24.4274294886 24.1430060387 24.3122450078 24.7056830362 24.6360548616 24.7350142079 25.4050985789 24.0438492068 25.0224998516 23.6761859931 24.1185689631 24.2692860668 24.2619504608 24.3212949106 24.8350953445 24.3861516634 24.5221488 24.058261071 25.0775022741 23.9790195762 23.9720601676 25.2636960725 23.787581403 25.3595542922 24.7234886772 24.4969903794 25.2551884272 23.8245669328 23.6593023013 24.2718427533 24.3456806733 24.9493910447 23.6879365572 23.5176189013 25.1075101438 25.1188893976 24.4400629386 23.7501282988 23.5841700398 24.7769693596 23.6543898079 23.8678321414 23.9443517202 25.4570162255
24.6643864863 24.7156162586 24.9251757819 23.6044122817 24.8654099677 24.2907330251 24.6273906077 24.2348600631 24.5872763402 24.102573021 23.9232990348 24.570321955 23.9861553604 25.0128330668 23.6144981839 23.5738646497 25.4895777088 25.2157173418 23.8892696097 23.7560984439 24.777106168 23.7363533149 24.6634135678 25.0844988731 23.7259773099 24.8366709867 24.1043423021 23.9501562094 23.6294560031 23.948474541 24.0667137036 23.6352914414 23.6004379145 25.5098364092 25.5717078471 23.9403815156 24.7876359059 25.6031583523 24.1373897359 24.2138204369 24.6030152891 23.5792804655 23.6290551876 25.2333032008 24.9419931162 25.6210043699 24.1702105454 24.1370438086 24.1438986663 23.6332609667 24.7894541275 24.4845923246 23.9307217181
25.1499241132 24.1163209692 24.6021614802 24.7780401798 23.8585592058 25.2155740724 25.5045316675 24.267914434 24.5684861396 24.0230615975 23.9520860509 24.9151998579 25.3654472758 23.9318395858 25.3475404686 23.7572082886 24.4458892472 24.3403628736 24.0770269309 23.8705875279 24.116274212 25.1228610146 25.4187816732 24.0839904639 24.0181243726 23.5579768042 25.021326475 24.3940740809 24.9594216036 24.2902419734 24.5088979873 25.5309990892 24.8977472345 25.0458196479 24.7961518133 23.8717370764 23.7135644192 24.6660369191 24.8930466033 24.87017818 23.5324209921 23.5387000838 25.1491645809 25.0349023529 24.5182641821 25.5004972535 23.7023675878 24.5284263846 24.3631790327 23.6022980062 25.5377171517 24.6299564105 24.2088420028
24.642470278 23.884788087 25.4326755522 24.2033735229 24.0684095725 23.9653712474 24.5632884287 24.8640909163 23.6473094489 24.8457437827 23.9968563132 25.021982667 25.4080149364 24.4950542818 24.4587858033 24.4915176274 24.7830076614 24.3646802672 25.5797913715 24.9723554992 24.3859282717 23.6424861159 24.2741565839 24.2920106478 24.3542168305 24.5860114704 25.3140208742 24.3576611862 24.5409556339 24.8679271279 24.6944189188 24.375710115 25.6134562844 24.6831500895 24.972911734 25.2738797336 23.5256744365 23.6014707069 24.3656480015 23.9406585925 24.8599644892 24.5844394701 24.3690058094 24.6411972988 25.375464361 24.8007022703 24.438516623 24.4584012125 24.5986295305 23.969354407 24.7227986321 24.5784491425 25.2781467812
23.8470453508 25.4150881915 24.3605081556 24.6821146998 25.0954911231 24.3663207834 23.8448072212 24.1142602979 23.7773439126 25.5763189156 23.9178722217 23.5561911418 24.2407010913 24.3606642106 25.2626389492 23.6833382931 24.7359323352 25.6063219148 24.5643716816 23.8229584263 24.0778110812 25.535828671 24.2056031639 24.0386133173 24.5199864891 23.5090309773 24.4029533825 24.1303791545 25.5095711675 23.8648555661 25.3719670039 23.5412001191 25.2275211704 25.3768013522 23.8144772027 24.3161060402 24.4289705583 23.7687849712 25.2388038125 23.6009119398 24.7731881196 24.0362029446 23.5204818356 24.7799063255 25.0501177116 24.9166055977 23.9535623646 24.1699320759 25.124064775 25.3523757998 24.2380183494 24.6883338083 23.6342021168
23.7781410533 24.5626041488 24.8140472744 24.1439630287 24.3576747926 23.8302166795 25.2441609654 24.7848582178 25.0550994793 25.0566520233 23.7832698616 23.5120997098 24.2408893864 24.6825191769 24.2248751524 24.4807828238 24.1660933253 24.6471747771 24.3898562404 24.1709073608 24.6866355883 23.8466476041 24.7428984588 24.4783015592 25.5398779804 25.0916390073 23.5211883799 25.245148257 24.8492162649 25.0974341267 24.6681192216 24.4457646937 23.9335809372 24.4128612362 24.6559397646 25.5505514177 23.8144522352 23.8312161458 24.1295346412 24.8522953882 23.7663939815 25.3513233623 24.6394859615 25.3218859735 23.8507275861 25.4090439466 24.9241586231 25.6035181372 24.7880386362 24.2423393313 24.5186665674 23.6140913194 23.6397966931
24.2806274295 25.3966380615 24.6354211599 23.7527586685 23.5179928635 25.1663672668 24.3522930829 24.0293724888 25.3989813517 23.8774125068 24.3947875775 24.4073787096 24.13936831 24.3762081978 25.5625131777 24.1663651009 24.682019395 25.0161151017 24.3941866847 23.8475583987 24.0521306712 25.0077949991 25.5633542647 24.5352906917 24.0530753935 24.4548164483 23.9018070349 25.1978240602 25.2798816367 23.5367157483 24.7232553656 24.2412667785 25.5166345979 24.1113926155 23.7290631682 24.6262008263 24.5077899432 23.5483309617 24.2703315451 24.1197267108 24.997592915 24.9023254525 24.9544510664 24.9626515248 25.4370813428 24.5664834338 24.1632246417 23.7696880241 25.6073978569 24.7634086612 25.1772774081 23.8694011453 24.4021173665
25.3757778445 24.841472224 24.985980895 24.0236693948 24.9693781282 24.6778541389 23.9255368444 23.7291302962 23.810943123 23.8859176037 24.5138742043 24.5123169047 24.6573797824 25.0395660065 23.5411014658 24.4069692644 25.0316217442 24.994693609 25.3255643737 24.514011458 25.4978820247 24.0545107275 23.9038667733 23.8346342917 24.3106496701 24.4500420856 24.3192567824 23.7151234216 23.7885008385 24.477090562 25.5102640349 24.6608930542 24.059584929 24.8796366756 24.2941013149 24.5957984475 24.8875401656 25.0483224897 24.3436143191 24.4708406001 24.8546830252 24.1846393962 25.5982537708 23.6336700772 23.9334807499 25.4090064892 24.6950609011 24.5817491367 24.0765383578 23.9362402975 24.7589798496 24.2812625577 23.5001620218
23.5718602854 24.9381117735 23.7067173301 23.9292508787 23.7510542676 24.4709805582 24.6631700813 25.2303510305 23.6921940393 25.1769375785 23.952739593 24.9876307575 23.5876843225 25.3945558731 24.072016943 24.608319635 25.0804126898 24.9194946567 24.1448220597 25.5893442378 25.3880615808 25.1109405018 24.5055175084 24.7308397902 25.4012655276 24.5452098172 25.4985945108 24.4080810014 23.7094839725 25.2802340805 24.746157792 24.4363096805 24.0922040756 24.9922188459 25.0000544048 24.6554689463 24.2529228065 23.9393940626 24.4402287501 24.2808484278 24.5928515729 25.3680425314 25.3866294131 24.6872577371 23.9799481343 25.085526759 24.039620011 24.9312446912 24.1450485319 25.6067894494 24.2842233872 24.1353083911 24.3322523241
24.849541566 24.1076986391 24.1879143992 24.6190038532 23.9305661539 23.8640532353 24.6653744463 24.1238210876 24.8542189034 25.0911122604 25.261597475 25.3878024358 24.8086603865 24.1335476909 25.2339894377 23.6534398858 24.2070841942 25.5224464189 24.9767431189 24.4838025254 23.9785223023 24.6888057362 25.3106695761 23.6728707077 25.0306099023 25.572500894 23.8703554029 24.2949479793 25.4612612395 24.3887240802 24.882055215 24.9512469404 24.6797418005 23.7942688469 25.4270812022 23.669625908 23.5809522319 24.5944825144 23.8385108606 24.5334675223 24.9794103098 24.6518929474 25.182858662 24.1491611154 24.5651395478 23.7592713567 24.0223188616 24.3046021501 25.5435298504 25.5823857225 25.0477812795 25.2380626168 25.2596684851
24.4583370657 23.5862162816 25.38488316 25.0178082072 24.1398249177 23.7096082144 25.368087285 24.6564651618 24.9980784217 24.0594745293 25.4913992144 25.518797879 25.5624620505 24.3579540414 23.5809162124 23.9555485355 24.0038990988 23.8430846399 24.1077840396 25.5575294529 25.4073824935 24.1436914265 24.5988031389 23.9814326739 25.4740611472 24.1051549882 24.3059874028 24.6138146033 23.7416256708 24.8257834961 24.5160557323 23.8276177127 23.6867538313 24.0283038827 24.6649193845 25.061014939 24.9689708732 25.4695960491 25.3440345937 24.8835449821 24.0208829535 24.2160813497 24.8057932944 24.5557940353 24.0176056338 24.4040952098 24.3221953633 24.9684339055 23.9678607673 25.4169251815 25.4945445915 24.7087293999 24.0676521677
24.2826800561 25.1277023981 25.1535736105 24.5849078398 23.9532622107 25.3670283886 23.6731532496 23.6146776708 24.3540828327 24.2290387748 24.9144103298 23.5677739491 23.7040721936 24.1730829916 23.8583904709 25.1526827477 24.6783374816 24.7710537978 25.28424417 24.7446191145 24.40571143 25.0875542333 25.4521619697 24.4237949277 25.0739973686 24.7985971929 24.5147900353 25.5049674899 24.0323705195 25.1703743221 23.5461849887 24.2854959155 25.3241520557 23.5999510674 24.41738033 24.6068944359 24.0186373019 23.9233972909 23.5461673999 25.2262137843 24.9372844414 23.5145197489 24.4761604368 25.0304015386 24.4469990159 24.6927992424 25.1852669805 24.6661530987 24.7011392141 25.3420613017 25.1509210606 24.5479763552 23.9851180323
25.4198161859 23.660199721 24.1208283284 23.5526133512 23.5856977822 24.9108554064 24.6604805245 25.4667737599 23.9659682305 25.2353924856 24.865096108 24.5973173964 24.1234540442 24.8572146808 25.5585009686 23.9452476221 24.4884861624 25.2231385263 24.8141969169 24.2794819715 24.1192580851 23.5885439989 24.2238916346 24.9465999924 24.368778542 25.4028967952 23.7100296858 24.6836148796 24.5338419986 23.7628391156 23.5279107125 23.7816872079 25.0237180439 24.5254774443 24.250506721 24.2630125037 25.459791344 25.3417216646 24.4606460703 23.8277087246 23.9561037757 23.6483705723 25.2444690806 24.0587227287 24.6874737078 24.2854399647 25.1280905744 24.0570534521 24.1324652412 25.5528818019 25.2986600383 25.4328904624 24.7334774318
25.2556587592 25.4470931966 23.8520078098 24.0078457313 24.1142998758 25.3290316992 23.6566493266 23.7228939097 24.0230850045 24.6576787884 23.7669551469 24.4215508177 24.2776758459 25.056049342 23.9693387095 24.2901604987 25.121709283 24.3711552123 23.9725818554 25.5801557794 25.2443293756 24.9056980904 24.1335078649 24.5575608713 25.4661111485 24.519406424 25.5506637215 24.6061961089 24.1114104493 25.5166512581 25.0988327229 23.813112149 25.0754082005 25.0376544844 25.1047081604 23.9115902909 23.6586629551 25.3086434145 25.2876130861 24.4891861837 23.6483868476 24.6897404344 24.5831712069 23.9832047175 25.4830513986 24.3849818099 23.5521838779 24.7122076134 24.8278076429 24.0744202609 23.6302501429 23.9484281813 24.3574419379
23.6290767234 25.3466945724 23.5241380135 23.6270054582 23.8770777322 25.1375030931 23.5571194296 24.3704483196 24.9825253241 24.57614982 23.7884414876 24.4201161833 23.9537103464 25.6128755917 24.1803798648 25.376899514 25.1614677177 24.7306256111 24.8413471501 25.1534658195 24.9418871023 24.4396397779 25.0447349222 24.9213752625 23.8974327119 23.6770442517 24.6197196841 25.0172664747 25.1962984914 25.3863170288 25.0893299181 25.1345226629 25.2231744844 24.0260874968 25.4103827798 24.2724079619 24.704943407 25.002488987 23.7771560687 24.1733516558 23.5973466671 23.9275586263 24.6017542571 23.6063645825 25.1849623231 25.3705064755 24.3113948634 25.0198778384 24.9742763751 24.325106134 25.0256239428 24.2815612643 25.5359775261
24.6533265102 25.3108105787 23.6504931803 24.6025187957 24.9460701909 24.0039850331 24.0035064368 24.4522249657 25.0914169942 23.9162183966 24.2712418506 24.8127600684 23.6828013587 24.5774624398 25.5366751803 24.0510284719 25.0800661683 25.4915973455 24.1784951427 24.4177765498 25.5384209615 24.3458665232 24.8281746173 25.0168905914 24.9096996214 24.6003829995 25.5027201085 24.7243946993 25.2218597071 25.1556530057 25.1486749228 24.646495678 25.1821843765 24.7143460396 24.3002376585 25.5374405212 24.0783069488 24.0350589952 25.1991957675 25.5380783063 24.2035453896 23.958701126 24.5720104511 25.2387268005 25.2243367806 24.1579794167 23.9412801481 25.2037886922 24.9241655875 24.5508412932 23.9374307363 24.31881637 24.3710928813
