Spatial_Output/90% DEC/90DEC_1333.asc
NCOLS 155
NROWS 192
XLLCORNER 196769.923733
YLLCORNER 449719.875193
CELLSIZE 27.603701
NODATA_VALUE NaN
[rows 115 to 137 of 192, columns 53 to 105 of 155]
33.5893228412 34.2421220733 33.556964395 34.2930786253 34.2881087262 33.3557297264 34.3181215202 33.3188303452 33.709864607 33.696232033 33.5034672425 34.2817095368 33.5838075779 33.7671204642 33.4045390621 33.6363131013 33.9592216145 34.29694804 33.8857247453 33.4044301356 33.328930254 34.1655836673 33.0240920936 33.1902993003 33.7050624772 33.575877112 33.279222844 34.1889130101 33.1445839713 33.8026620509 33.3643588132 34.109225084 33.5660842113 33.8969369082 33.817846134 33.8047569452 33.9929843518 34.2529472586 34.134904729 33.9307081994 34.1575980363 34.0998379757 33.1340187663 33.1915758848 34.2593274188 33.126007849 34.194268873 34.2794557339 34.0034396302 33.9396731411 33.7427010337 33.0162877256 34.1056107685
33.1862114002 33.6607698148 33.6934201666 33.0602591885 34.3990418507 34.167368413 33.9279574669 33.55988002 33.3099533193 33.0462249261 33.7518306328 34.2704717839 33.2015234686 34.1132093596 33.2043668467 33.1164716602 33.2694835945 33.4563748648 33.78623627 33.8301729971 34.1398023399 34.3921985932 33.2996982781 33.8721771093 33.2042288365 34.0843637334 33.4407433573 33.930212147 33.0226119122 33.3404317239 34.4042819561 34.3299706262 33.9984862046 34.2879125848 34.2655558366 33.602022023 33.3957649498 33.8118170398 33.943776795 34.0591798035 34.2378771669 33.1502359826 33.5320049953 34.0861632132 34.1962805756 33.3014446105 34.2734640273 34.0743935969 34.1574294149 34.0936455795 33.7227222863 34.0015580758 33.0037228078
33.4591614815 33.1147804138 33.1099881217 33.6848969754 34.130911396 33.836818973 34.2037331023 33.230154695 33.4530859718 33.9176047719 34.3355736835 33.8309603026 33.267902799 34.1451131352 34.092286298 33.5637946595 33.4546310035 33.7826753193 33.8192011043 33.5801956925 34.0353464871 33.7548123545 33.9326256519 33.0989510785 33.7129212023 33.8466698817 34.3868376493 33.9342014355 34.147513782 33.3144474994 34.2471204323 33.0645325446 33.9067209424 33.3298519829 33.0820454156 33.9704753737 33.2389523374 34.1850132579 33.3782383072 34.1068672151 33.7740099737 33.0393313669 34.054068061 34.2449496253 33.9738456616 33.420227649 34.2266113707 33.3881808699 33.5704546136 34.1148615046 33.7187407268 33.4402235149 33.004301111
33.8724822984 33.2097962232 33.7106245303 33.6711253582 33.553766503 33.3773475848 33.8125145169 34.1052946086 34.0821730378 34.4030349069 33.8900276524 33.8896700057 33.6918424857 33.8996820832 34.2966678731 33.1183461061 34.0236884099 34.3037778724 33.1287744892 34.2927592672 33.4475058123 34.2238305102 34.2619942081 34.0477680012 34.3432050775 33.1291442532 33.2527472894 33.7459342144 34.1574772246 33.3678877606 33.8088236248 33.5986642954 33.6330849806 34.3272593102 34.02770267 33.8718446382 33.3296496189 33.6768750802 34.179361847 34.2386723337 33.0136737381 33.3556397382 34.1331418375 34.3592824601 34.0866647949 33.3033300682 33.9159319171 33.6526561774 33.4307129503 33.6970297143 33.9880543022 33.8981617246 34.2519235828
34.1081494907 33.2483861812 33.2499190013 33.104861501 33.5775057273 33.9251624691 33.0100601787 33.3263973889 34.2868507462 34.0730718908 33.6280815715 33.5310729948 33.9845518745 33.3304419001 33.2086740008 33.3868248487 34.3948089488 33.6974918412 33.8729449957 33.6618498687 33.8924123248 33.9977202827 34.2258206223 34.2708810871 33.2458741888 33.5332812074 33.9005338292 33.9482227606 33.9267901852 33.1692923399 34.0964319701 33.8623164265 34.3676590456 34.0455275977 34.0056190927 33.5686068922 33.5360512903 33.3536644359 34.0093076765 33.5628673307 34.0268181791 33.9623501773 33.9260379144 34.1815801209 33.8832187678 33.7591408132 33.5765019482 34.0843260006 33.530169486 33.6510790442 33.0328557763 34.2829549974 33.3311443973
33.5255087235 33.3273566009 34.4116605012 34.2002456726 33.9377256663 33.385245527 34.2176276377 33.3982482887 33.2651981207 33.134459142 33.0314468668 33.8188640452 33.6389858911 33.7219091299 33.9217315616 33.6523201611 34.098202181 33.3139050185 33.4231778407 33.9034922725 33.3318498007 33.9625921696 34.0472041687 33.6586826251 33.9990758703 33.7287731972 34.2469340042 33.0020849467 33.1282653538 33.9669197709 33.7350728139 33.4853231993 33.5590507232 34.1962717967 33.0143083525 33.3151389135 33.6294191974 33.7428762652 33.5404954018 33.7696630765 33.2641174774 33.4515445327 33.9082734922 33.2126352923 33.756293669 33.0371152339 33.0784674385 33.9275884207 33.56562791 33.0623263825 34.3254278607 33.0325511521 34.2471072492
34.0983650463 33.1602089909 33.8487548635 34.291729364 33.8210724356 33.6104435954 33.792804561 33.0041769839 34.1944003047 33.4691369785 33.0447507384 34.1599258839 33.1926024894 33.0406410328 33.6877373982 34.4106128486 34.129207836 34.4111379551 33.2121299633 33.263371298 33.2431932972 34.3004074545 34.3410782903 33.0238371478 34.2942045161 33.370545893 33.7416571367 33.810535081 33.0775058788 34.2210962862 33.5433268642 33.9336452946 33.2598981293 33.6846527338 33.4218913585 34.4086356877 33.6484168948 34.3729652257 33.0935312217 34.2359607447 34.3941630281 33.8889158051 33.6631145407 33.5584678232 33.6150028336 33.0295130864 33.4890195999 34.3847152371 33.6813578 34.1585643276 33.5291384942 34.3783061942 34.3978316111
33.5780290376 33.6395225456 33.8605586245 33.6173364287 33.5843204891 33.2987874712 33.6138896328 33.8713014865 34.273893862 33.3149599887 34.3819075909 33.7132044732 33.1770575275 33.774116686 34.2590789222 34.1859905649 34.0840361366 33.0626721712 33.1549991104 33.1872933334 33.4018687198 33.1641907588 33.5193711072 34.3064221526 33.1307439856 33.1028012687 33.370518189 33.9742490946 34.0501100719 33.8787032369 33.4757775817 34.1187973485 34.1328128711 33.3632278511 33.9136913915 33.4809159437 33.6175742881 33.8576987073 34.0239450466 33.3339968912 34.1212748071 33.5452229283 33.8661346645 33.7028073795 33.2217236051 33.6322732219 33.0540855215 33.0123892263 33.8183891515 33.9987565316 33.1546650077 33.8472590373 33.2642789794
33.3336391287 33.3028702023 33.3941223037 33.0919160853 33.1085254663 34.1608952044 33.3323303882 34.0642462951 33.4645759186 33.4027912058 34.0270107416 34.178818429 33.2046309496 34.1225698213 33.8295808378 33.8652847983 33.4205770659 34.2491751385 33.8971817747 34.3734591353 34.1663691034 33.5990437496 33.4863591469 34.404772146 33.9420717867 33.569800313 34.0221111831 33.1224241479 33.0360643429 34.051156118 33.1257654827 33.2325142516 34.2520878705 33.0790705607 33.8857646533 33.8813991645 34.2437592283 33.7459801375 33.685453035 34.2449842691 33.4581149519 33.937355788 33.0628921346 34.2829739507 33.3452159332 33.0623827434 34.3837032386 33.4615289255 34.3466862033 33.7547908995 33.396327041 33.4552345899 33.0654849526
33.2190450422 33.792881762 33.0400160433 34.1166591898 33.0604915283 33.0811562447 33.5712765678 33.1428007608 33.3283659778 34.3080377842 33.4537426078 33.9602430944 34.0843580289 33.3473187094 34.1982527766 34.2819294682 33.1080746738 33.5955037992 33.7715772421 34.18655219 34.2891757831 33.6378533971 33.4680888434 33.2371286488 34.3145485307 33.1125990437 33.8290765569 33.1366989972 33.5564480025 33.9226956852 33.7203475998 34.2488703419 33.1422562712 33.9979753057 34.374680275 34.3042058079 34.3556282042 33.7215572364 33.2569416744 33.7228008953 34.3909416665 33.5471734268 34.007966428 33.5374229663 33.5459127735 33.1562869416 33.5252250134 34.1146702736 34.3354635525 33.6197762608 33.2047709599 33.5728501772 34.3316885593
33.0840304326 33.2595063736 34.1555649093 33.8448632631 33.2302358486 34.0222927548 33.8264434151 33.4038599011 33.0705205117 34.0837716146 34.1538118526 33.559342147 33.0988150854 34.067238313 33.3131784567 34.1021020686 33.4025006083 33.8689810883 34.3349117899 33.9993774624 34.3710406539 33.5152619064 33.0561142303 34.0504837099 33.5100651932 33.7607080704 34.3938262218 33.9600769428 33.1473999861 33.9980374048 33.799119475 33.9657685845 33.7959687298 33.6711731876 33.4851826252 34.0180766985 34.1131859677 34.0254539477 33.8031503517 34.4057739688 33.4188217613 33.5268134065 33.4295323954 33.4456745274 33.3873699624 34.2264622958 33.442065899 33.1834752287 33.1513632812 33.6126353404 34.1159576376 33.7524233191 33.7486667822
34.0551199275 34.3672018452 33.9976438676 34.1280575705 33.8169274555 34.2253951129 33.8158528694 34.1931379774 34.3481272863 33.4641021615 34.2756075534 33.1506173053 33.9790027095 33.8614831754 33.0525267698 33.5028527596 34.1045235604 34.3801901706 34.0369960406 33.6480189132 33.6866302116 33.5528570524 34.1668312871 34.2054785559 33.4510514646 33.7804695053 33.3481944092 34.0864749303 33.9580690393 34.0920478241 34.2114755687 33.4217228538 34.288622705 33.047704462 34.2018799214 33.4105975163 33.3582222675 33.7485479157 34.2242166501 33.6830713816 34.3190547098 33.8435343045 33.9673730363 34.2789828707 34.1837896406 33.2924989567 33.1762500726 33.1650791312 33.4033007106 33.5083011313 34.1644671326 33.0171954393 33.1598570648
33.3630347179 33.3133695443 33.5904531999 33.5027476199 33.0419994342 34.2534427296 33.8269495964 33.0271832454 33.9216207896 34.1273857805 33.6896387204 33.1936877347 34.3959600299 33.2910848749 33.9074133772 34.4115301879 33.7998171307 33.2124986009 34.2807642848 33.5244386363 33.9776421124 34.2267424807 33.9225800049 33.3226171626 33.2621078815 33.2146876473 33.7251048369 33.8096019485 33.1755337501 33.174169818 34.3123819851 34.0342159749 34.2473856873 33.0880186362 33.5883487942 33.9454902681 34.0925540115 33.5697082007 34.0773229391 33.8229759019 33.5047631645 33.0768998018 33.8616822138 34.3063108999 33.8659093645 33.2544025589 33.0197889588 34.0841769146 33.2286958825 33.4799839802 33.2868851883 34.0504755694 33.0680214599
33.6304947383 33.3685013756 33.7923711456 33.6052881412 33.7750712582 34.1246496485 33.8268734241 33.9387784615 33.6865350423 34.1037848817 33.9354586252 33.5925048634 34.2986075128 33.5149644503 34.1226470561 33.5835354449 33.1403265099 33.8062938697 34.4127864729 33.4710346389 33.5203799998 33.0289831394 33.7664950374 33.8169775076 33.5349132718 33.7363674192 34.1923276668 34.0052107581 34.0738650798 33.7039786407 34.2450346751 33.3356880448 33.7790006421 33.8111173918 33.0156543073 33.0367004847 33.6533226139 33.1927737019 34.1095479493 34.0845408972 34.2553267946 33.582108479 34.3843039674 34.0613226314 33.9072329014 33.9884553953 33.1017756544 33.4176889622 33.3590266376 33.3154372877 33.7299412713 33.5695393053 33.3098862309
33.7706498894 33.9897992029 33.3438102739 33.7344451234 34.4094974996 33.6857449534 34.2148744784 33.4977894405 33.367088299 33.9878911994 33.7140413441 33.6454887968 34.2554968019 33.4682377441 33.2601177612 34.3866141334 33.0206971035 34.2971479081 34.2359187545 34.0198937849 34.2022141512 33.147783068 34.2205554997 33.1991995613 33.3044727728 33.7026102921 34.347754129 33.0875170888 33.7029252449 33.0130347875 34.3459112476 34.1795486912 33.0640797222 34.1229247599 33.9863514025 33.9160033311 33.022398299 33.1832192131 33.0067973956 33.8389735689 33.3070054467 33.0877970897 33.5539066359 33.4955916818 34.220981127 33.8409970959 33.6321387984 33.3639797097 33.9551371234 33.3418206052 33.7243707295 34.3140333506 33.1660182185
33.6509423437 33.8616462594 33.9053877192 34.1975688343 34.1521820569 33.9147573854 34.009281726 33.8808394169 33.636264017 33.4154773168 33.0083801876 34.3610677721 33.7104236462 33.2260266813 33.7471446315 34.1542928468 34.0619198199 34.3943890823 34.0985505236 34.2019456189 33.5752676925 33.2297858601 33.0347636094 33.8621985429 33.1041068057 33.9619941821 33.9920727147 33.5303811908 33.0540395822 33.1204453909 33.4758985033 33.9088563506 33.3587781521 34.2895266137 33.9873051188 33.4408418285 33.8237519491 33.8563532195 33.5542566822 33.5766481857 33.684870905 33.9297108471 33.3071428061 33.9164545597 34.353267074 33.236601713 34.232985109 33.9480469101 34.0611195488 33.0188280149 33.8696023436 33.3520916173 33.1445106716
33.2176403784 33.0437951662 33.6882431137 33.2457494896 33.0140361005 33.7414456409 34.1926527626 33.3593224323 33.6176021126 33.7098412792 33.0759438405 33.1514108087 34.1507283393 33.1679500483 34.0046828475 33.7361469074 34.0815691565 34.2766097291 33.4139581892 33.9299189002 34.0611298754 33.2250046146 34.0605049812 34.1402167198 34.1743340193 34.2344655899 33.7509045887 33.1322171742 33.7751161887 34.1825955937 33.672285461 33.4120294933 34.1004273588 33.7766451094 34.3395597718 33.4507174694 33.7309251301 33.7999607536 33.6331593085 33.1852557062 33.3528090495 33.1966121334 33.1487679318 34.1511427757 34.1305384586 33.6271643667 33.0125966018 34.4042922207 33.8603211108 33.2734147356 34.2942137834 33.3409943152 34.1889535557
33.9170365656 34.0634097995 33.7583898594 33.0515141898 33.1210546813 33.828905117 34.3001858137 34.3154826647 33.5519360716 34.131917939 33.6135247854 33.8018367871 34.3905658781 33.7681088586 33.2957037794 33.2773453069 33.1390335104 33.8252313638 34.2452852791 34.0086997688 33.2347650018 33.428776512 34.36623253 33.9778837268 33.622523722 33.5353811091 33.5787388488 33.4112111159 33.1340814836 33.9540934442 34.1329675313 33.9295207938 33.7244399975 33.5349471934 33.8339131474 33.069417577 33.6754663926 33.8894266117 33.9497209428 33.3170673813 34.1792312112 33.611780881 33.2821485038 34.0385508564 34.0204936577 34.1332286972 33.8592454436 33.0004132145 33.9928098937 33.4194197266 33.02765937 33.3024507104 33.2295105636
33.4818253137 34.4015108003 34.0331759791 33.0029967322 33.3566097012 33.3555622967 33.8627666044 33.2755820542 34.2719722933 34.3581344074 34.0703711111 33.0097964754 33.2479369844 33.1648573935 34.1972009121 33.1171141403 34.0806965896 33.5678250921 33.9875349449 33.0525363977 33.8305641169 34.2957960541 33.8464787765 33.2062133607 34.165595328 34.2341939908 33.7231182625 34.2049084222 34.2068929279 33.5287767757 34.3853267612 33.201586211 33.5812727054 34.2425319242 33.1833193512 33.1307399864 33.2862413886 34.132699661 33.7311578293 33.3710973448 33.6286484506 33.9155318236 33.3315734261 33.7308568169 34.2117342401 34.2784104107 34.1466860645 34.2062320874 33.8430063628 33.3981929384 33.4985934303 33.3523234763 34.3588825406
33.4483315279 34.290610705 33.4117378169 33.3430691776 33.1067337472 33.7468292456 33.9699466579 33.8033043095 33.4728172933 33.5014231864 33.8091981778 33.7691619802 34.2549916987 33.9788852184 33.6855632293 33.4312987178 34.369024069 34.0674871298 33.8164475814 33.0893219932 33.6610936554 33.0491601309 33.4849432643 34.3809191992 33.2994426442 33.4831557866 34.1931994886 34.0378175814 33.5783315292 33.5865920356 33.3871272599 33.5504568952 34.1492496 34.1405294325 33.1412123732 33.0238284869 33.4118647941 34.3588331139 33.065794114 33.8484132619 34.2602687633 33.2794048479 34.0933831365 33.1164664034 34.1161606726 33.9890586965 33.2621987804 33.832474003 33.0074370219 33.2119505749 34.1184518674 33.8302675051 33.7047804201
34.2916958176 34.3089635809 33.5587377086 34.3775175066 33.3984060211 34.0518576843 33.5984377384 33.3552133524 34.3487642755 34.2856726925 34.1006136736 33.9528128408 34.3954439949 34.0932389232 34.2282957277 33.9840508152 33.9667036762 33.8130525708 34.2841326695 34.2168932019 33.9700278437 33.4172523849 34.006691822 33.9004400853 33.9385535262 34.0264393795 34.3528747708 33.212116726 34.2207640383 33.1308832486 33.6438692145 33.5937343595 33.8830025972 33.7067187984 33.4634089064 33.195796371 33.8361299097 33.9974438848 33.2460639677 33.3538874073 34.2098612591 33.715941713 34.0055811226 33.7551215132 34.2937898419 33.4399319385 34.2672463658 33.4396510263 33.0018896978 34.3765511893 33.4545338177 33.4930729072 33.6566222673
33.0729440792 33.7780707415 33.1787976294 33.0770929552 33.2544031466 34.0721635301 34.1675892019 34.2431842956 34.1603672161 33.546042181 34.0052499424 33.7720252828 33.8312233645 33.7255329129 33.1652782222 34.2403014896 33.4000120353 33.1585311273 33.2544037473 33.4192748878 33.0163619412 34.3549297443 33.221439051 33.0786317577 33.3376093669 33.50053679 33.8969967233 34.3675078415 34.1473472584 33.7524386392 33.6382152764 33.230881018 33.916770617 33.9981303089 33.5060655721 33.3538987686 34.1186283606 34.4083921893 33.6738850252 34.2206723078 34.1413976227 34.2568569394 33.2702706142 33.8944543545 33.6962910792 33.0604005523 33.8775011737 33.2385971884 33.3640746464 33.9572187792 34.2259503145 33.4493777179 33.706348613
33.8671443952 33.1175854401 33.031870818 33.6796731109 33.0753671327 33.0051955405 34.3891035296 33.6496426394 33.4138416724 34.2576256865 33.3870560471 33.2703878708 33.7035254573 33.020595085 33.7915422662 34.0486830661 34.132914749 33.4151354776 33.9353472617 34.0152749394 33.6403314489 33.0801030601 33.5358241318 33.8900972458 33.2686899375 34.4104256834 33.5975934004 33.8141707051 33.1441473481 33.0761479588 33.2981225151 33.4444453336 33.3683404878 33.5823613796 33.7908682662 33.2279219645 34.3826195622 33.5589707368 34.09663203 34.2595577625 33.240105078 33.4751419513 33.3389648773 33.3950942612 34.3535046412 33.4809109552 34.2707339525 33.377605061 34.1483733676 33.9257961213 34.1551618821 33.0700719498 33.629637068
