Spatial_Output/90% DEC/90DEC_1357.asc
NCOLS 155
NROWS 192
XLLCORNER 196769.923733
YLLCORNER 449719.875193
CELLSIZE 27.603701
NODATA_VALUE NaN
[rows 46 to 68 of 192, columns 0 to 52 of 155]
33.6066408846 33.1663324635 33.5694513724 33.3792874752 33.5449299532 33.7099697954 33.0030607168 33.4347434838 33.6754409588 34.2435627215 33.705476616 33.0712731371 33.8584003632 33.204191548 34.2646974563 34.2352060505 33.7543247119 33.5231196364 33.0137474737 33.4140721764 33.6855210404 33.3560003305 33.4110719568 34.3326775725 33.4777139688 33.6151575687 34.3930631008 33.4850325825 33.3168484317 34.3993900471 33.6902094712 33.8430507479 33.3443930692 33.3129167981 33.9878551979 33.8197089283 34.2373938888 33.0545377022 33.0017233097 33.0495135433 33.7583523585 33.0631093893 33.2572866907 33.3584682625 33.5514834154 33.3203436178 33.2235216667 33.1471983723 33.742310126 33.7693271548 33.3174907159 33.0237133501 33.9035290101
33.981315865 34.3137334399 34.291215936 34.1869032715 33.6465439674 34.0825961357 33.8692446381 33.216856902 33.2462707718 33.7069665667 34.2259006748 34.122442762 33.2422463577 33.8417953511 33.2092855036 33.4880995708 33.9625578551 34.0549527854 33.8484582833 33.05363581 33.0653875192 34.0489938912 34.3691081695 33.8586003119 33.5262378946 33.9900111731 33.5771262613 33.732402727 33.9353518668 33.3439939736 33.2048561836 34.0211962082 34.0593927708 33.7012156124 33.4385942445 33.9578013398 33.4651754363 34.102813953 34.2215713278 33.2469044699 33.6705801095 33.3552708229 34.0254144713 33.3565217695 34.1679338924 34.2989675455 33.4199491729 34.3919755435 34.0684376569 34.2385408926 33.3942974626 33.5408326119 33.6369516323
34.0698447892 33.8012168815 34.3172241339 34.0298250448 34.0566740183 33.9103899019 34.2508295638 34.2158890291 33.8378600326 33.6230374042 33.7916209646 33.9579387978 33.1557261157 33.7431693508 34.1997787225 33.097487279 34.0035079338 33.7942318288 33.0739090813 34.1379722472 34.2267079145 33.5376616811 33.7931244245 34.197052808 33.4915270683 33.7236828732 34.0424398193 34.2499459912 34.0117866636 33.7156870512 34.0383678051 33.0046907715 34.0118400068 33.557088414 34.3962701181 33.7089097011 34.0411515047 33.2596969901 33.0663201 33.9573412114 33.7890260497 33.910147281 34.3127576073 34.2230767368 34.2821880137 34.3122298353 33.9551264225 33.1615190642 34.0805856859 33.2157193064 33.090297926 33.0106556135 33.8308754769
33.0537415533 34.083513058 34.3375655545 34.0498244942 33.4053083542 33.0298434366 33.639741927 33.3525825938 33.8071700407 33.5457543314 33.7810191373 33.3306876225 33.0298076935 33.2036255882 34.1383516645 33.4666551901 34.0489551434 33.434022762 33.3965208507 33.0580977574 33.2803303943 33.1072933766 34.1361315214 34.1814985969 33.0361170771 33.8048052038 34.1927904745 33.7560061372 33.8300771136 33.8631371299 34.3707061098 34.1825529867 34.0569140597 34.3705296727 33.2575539649 34.4036993509 33.9272253753 33.3750331898 33.6636155588 33.3832488111 33.0734730566 34.2174944988 33.5746303395 34.0509589369 34.2305102526 34.319550068 33.504093592 34.2778396999 34.2428614739 33.1741090561 33.9391482077 34.3663867197 33.0097407679
34.1642278129 33.5391017051 33.8865652975 34.2232980709 33.2218196332 33.1472030482 33.9070581687 33.8387079079 33.9390020732 33.3731340579 33.5242460644 33.4473640885 33.4762631111 34.108981068 33.9576672955 34.237997915 33.3194150376 33.3006945015 33.3672270638 34.3739308203 33.5666025076 34.2565997058 33.7006617809 33.8282107676 33.6680924154 33.4157455298 33.2938043002 33.7998336065 34.0838732116 33.5707233381 33.8667939321 33.9168173342 33.7389139059 33.5581614132 33.6459326942 34.1859915661 33.9713449174 34.0659004988 33.9295669673 33.2407436403 33.8157994224 33.2895762378 33.6601089705 33.8925709384 34.0014215323 33.8794091285 33.8025976053 33.4748030651 34.0621687325 34.3934308211 34.1528537685 33.7420030878 34.1038036338
33.460807282 33.077226762 33.990737535 33.9326335269 33.6509372983 33.3909044471 33.8916267084 33.5044583602 34.3619029624 34.3930768981 33.3802508706 33.0362080799 33.818177753 33.2936705476 33.6002651819 33.6932436496 33.3794836531 34.1529668984 33.2958128295 33.0047001264 33.6341777563 33.5381905208 34.1511371618 33.8881033573 33.891067611 33.1313788008 33.9632490204 33.505543614 34.3915208994 34.1997789899 34.1965678772 33.4678190047 33.7990592948 34.1310444668 33.9962717299 33.1906376264 33.8756605844 33.909882633 34.0901097009 34.3260547567 33.0429499827 33.1006572538 34.1380698829 33.8133955934 34.1957821752 33.9973094114 34.2136433638 33.9540856543 34.103315517 34.2765633416 33.8806460452 34.3614199437 34.1604507209
33.9218377343 33.9679774568 33.8100623981 33.7607468749 33.0901194828 33.7688533189 33.6067313943 33.0385234236 33.4535495703 34.0905867767 33.8619477811 33.081141645 33.4279312599 33.0582187728 33.1164976759 33.3469433346 33.5570708443 33.7900838455 34.0765406974 33.9734088906 33.9388567175 34.3798560874 34.1991915801 34.0514969195 34.1535265486 33.4166883491 33.6932931402 34.1655870914 34.2959958104 33.3308808909 33.369725976 33.4293694248 34.1324564186 34.0872469967 33.2007692639 33.3999115747 33.6194015264 34.1673053386 33.7650308956 33.2920285111 33.8354821005 33.2321429861 34.3145335652 33.3000987371 33.0667022735 34.1041010513 34.174448978 34.0826009725 33.8755443836 33.5742532283 33.1461365553 34.1651547481 33.6151700485
33.7976065402 34.3972315355 33.5427206253 34.3699601596 34.3797399606 33.3082060519 33.0211084612 33.8766837276 33.5978227531 34.0379032703 33.7974567776 34.2152620275 33.7820523474 33.5001438337 34.2243344926 33.4578514074 33.2728786965 33.2592569632 33.6665870184 33.7657394093 33.8027541848 33.7583639643 34.1657070307 34.0689942162 33.115820821 33.3692680787 34.2188368669 34.090456267 33.7766081043 34.2423373221 34.1843288874 33.7793701513 34.2643386495 33.0349794353 33.8420585514 33.2509675529 33.0091623228 33.1318711445 33.53722031 33.2665329342 34.3313589891 33.8682293518 34.1925060565 34.0532650409 33.9139673647 34.0469868685 33.6084726931 34.0653364614 33.5491441088 33.5622524394 34.21297974 33.978679359 34.2755288735
34.1368212871 33.1746587418 34.3280368327 33.3653225048 33.005441544 33.0348337403 34.0565742737 33.3783661227 33.8757408212 33.7163901875 34.014714424 33.7697170471 34.0211978168 33.1653464932 33.2659938194 33.2692344729 34.0577759813 33.8733774009 33.1224209636 33.6157718478 33.0604199021 33.5751672775 34.2815830203 34.0236138998 33.4655717837 33.0627847801 33.4887447977 33.8846196925 33.6191065426 33.9111110763 33.3003778746 33.1973632603 34.1450725333 34.3834978193 33.9847076721 33.1272202178 33.4739850798 33.318281965 33.6392962005 33.269783313 34.3898753625 33.707549553 34.0597937273 33.6273812519 34.1510801694 33.2100582177 33.7324459064 34.3193407982 33.4968461254 34.222894454 33.4377622868 33.3878451053 33.0509163367
33.9608599327 33.087000992 33.6592445381 33.3566532108 33.196788894 33.1093255018 33.9957135703 34.3971069368 33.0010423669 33.2645813153 33.1472164853 33.428589236 33.9751815429 33.4609088566 33.3056644647 33.8843358301 33.5559182192 33.5017747526 34.3961678362 33.0843860256 33.8106391766 33.9740359487 33.138218097 34.2431842227 33.3006078803 33.6288830554 34.0036328822 33.5514833734 33.183641657 33.6263254914 33.8804704281 34.2097419781 33.6653328507 34.0869020156 33.1042479577 33.7314803799 33.3068520628 33.4337819663 33.0464068072 33.2977124978 33.5340837422 34.2769575811 33.5764682671 33.2251150164 33.4712826714 33.8198981918 34.2114123945 33.5609543464 33.6241611521 33.0961513299 33.5952737099 33.4613813993 33.6717747193
33.274628626 34.0086806338 33.6392121512 33.9370755451 34.2380591527 33.1761229058 33.5606051858 34.2637010597 34.1118679952 34.2417164399 33.3539020522 34.1993411238 33.9329812824 33.772229083 34.3341419272 33.9209852412 33.7370168119 33.1053443396 34.2932544424 33.2618341749 34.3968077472 33.4672347164 33.0921843752 34.2037345574 34.3873030982 33.7390080452 34.0564282655 34.2647010857 33.7226163745 33.192289838 33.6332184528 33.0816115496 34.0896909929 33.4144423969 33.96928502 33.7893853942 33.1475549344 33.8604174607 33.0420640114 33.0743078424 34.3888248361 33.457286462 33.2516707026 33.0951633143 33.7667534982 33.5365519748 34.096840633 34.0920704067 33.2403420299 33.5534496362 34.0524306374 34.2048255282 33.6453701758
33.503421699 34.0743780113 33.278995548 33.9066177324 33.9322703501 33.4321707594 33.7083159432 33.0193448974 34.2513805188 34.4069881018 33.4437758928 34.169849198 33.6565296341 33.8290980125 33.862335914 33.1873220548 33.8380338235 34.151645445 34.1282641997 33.1051029313 34.313831819 33.2600861186 33.6626567549 33.9623255518 34.3624156417 33.944763382 33.5620222057 33.0863991993 34.4096353697 33.5811154511 34.1541716281 33.1640250403 33.2184788026 33.7778459488 33.5323378112 33.6248392717 33.5799913967 34.1763982707 33.6642215848 33.851386434 33.2180701807 33.1887197708 33.1140854865 33.9483217956 33.5365433328 34.387471139 33.6259360327 33.4731869699 34.3969448029 34.3545471037 33.5806421342 33.8780504805 33.4871569868
33.8462378915 33.7885309981 34.1042878214 34.1910890914 34.3321589831 33.6506342205 33.7771717061 33.2023168131 33.1142273111 34.055477427 33.8640316246 34.3242028607 33.5393293967 33.1502913341 33.5306560651 33.298595793 33.7631207201 33.2603596716 33.7705225324 33.8410902529 33.2527668048 33.1928461415 34.1264637533 33.1364762131 33.4921053251 34.3855375764 33.3675855936 33.1966757778 33.3016286626 33.0675888396 33.6911881545 33.2464220444 33.0670819554 33.3740956674 33.409477622 33.3688566031 33.9508432354 33.9152226001 34.22336519 34.3087539166 34.2767813716 34.26059094 33.2311630527 34.0038973608 34.2165672847 33.6925240064 33.7975825664 33.7669899087 33.0554937345 34.2969273696 34.1774476724 33.9185519766 33.5482084135
34.2957174243 34.1423198742 33.7130348699 33.3326085213 33.3668004111 33.7645031504 34.3213466522 33.2337217672 33.0938261563 34.1759255129 34.3074519625 34.2777417608 33.1127945257 33.265126376 33.6450421146 34.162255054 33.3509751964 33.7822077752 33.6474090376 33.8531628583 34.2943452054 33.0226786978 34.1176353232 33.4122845718 34.1039769032 33.1707738269 34.2091340566 33.5800059909 34.1468413529 34.3610788046 34.2680094572 33.6950254015 33.7060742988 33.5833750867 34.1610792644 33.9210540774 33.1174000714 33.3025435075 34.0983142684 33.0461774571 33.3798054226 33.3780148394 33.3109711374 33.7197596282 33.3833054049 34.174759368 34.0901827348 34.0735426512 33.4787682173 34.3048716146 33.4163972844 33.9832788168 34.3105081279
33.8431588638 33.3075739018 33.0995152213 33.3119708191 34.3993790795 33.835926592 33.8816359684 33.2147662582 34.1141892924 33.1744744807 33.0854506217 33.7027642136 34.2430236709 34.117195325 33.6556720778 33.8421782652 33.251607645 33.5054329231 33.7368422123 33.0842121274 33.9976765017 33.8875536304 34.35509039 33.8370980355 33.7711483315 33.2049800854 33.5081906364 34.3589868432 34.3445844996 33.571870949 33.723982213 33.83557827 33.3520001043 33.6482290466 33.0163373681 33.2568344787 33.8269414025 33.8095708541 33.4004875467 33.9582648236 33.6130492714 33.6998376196 34.0412320517 34.3922624701 33.7823791105 33.4161484786 33.5523150765 33.8342393248 34.3061627591 33.568214379 33.9410483194 33.1529738141 33.5804815755
33.4843910992 34.2418763491 34.1506459573 33.6292444079 33.3850725173 34.4087359576 34.2632366856 33.6738216374 33.546181212 33.8831340439 33.443748784 33.8563535571 33.8940754813 33.1442949637 34.0666810548 34.4087915732 33.403837524 33.6696967604 33.4170743863 33.8993413462 33.6572277803 33.8387770025 33.1047729883 33.3048799025 34.3133281837 34.1695054825 33.6281204582 33.5419407538 33.8473120366 34.407249109 33.1149523509 33.2824046719 34.3885994199 33.1043963011 34.2736768874 34.3579930088 34.3113890227 34.1872370658 33.9547250667 33.4694162279 33.5696524715 33.6665772017 33.8188774278 33.3050711869 33.2421488102 33.1250835022 33.5899058485 33.742185229 34.3614582063 33.4423314064 33.5826696992 33.1832423103 34.2606016159
33.7477666531 33.7974981847 34.2316050644 33.9970306631 34.2573364242 33.3083292269 33.8839676113 33.1597325137 34.0569495841 33.0645809729 33.3809441353 34.281593027 33.2585666171 33.9671515337 33.2083428071 34.0266834862 33.9999783867 34.2975632041 34.2999769316 33.6640810898 33.2322844413 33.1529556939 33.0126604707 33.0451336922 33.6881450598 33.3026445724 33.4299872862 34.3623171113 33.734078352 33.0372692465 33.8985440041 34.1122493119 33.1976076801 34.0368211733 34.0849990955 33.4956216437 33.6374137159 33.9617522157 33.4213903504 34.2747601524 33.2209468053 33.2891406334 33.3690620545 34.1430960316 34.3374729633 33.7676989897 34.115600428 34.0381696839 33.5229877148 33.1062916802 34.3840455929 33.083514795 33.9961008701
33.9156263616 33.1845695825 33.2387009465 33.9171773453 34.0923979124 33.4592472394 34.3077856687 33.1251569743 33.2435770849 33.1818545807 34.0590079103 33.8590357502 33.4877661396 33.9484706189 33.7693274688 34.2542132247 33.8499781518 33.9513367566 33.5839172587 33.0996958581 33.7522518516 33.1796339578 33.4077460399 33.3543474515 33.1445485933 34.3184362057 33.6387935655 33.6130817457 33.4751566619 34.3649398504 33.3925046113 33.8797521319 33.4616224917 33.4836654705 33.068496121 34.2215761695 33.8070699937 33.0735812466 33.2133032232 33.370023751 33.0807959277 33.5270281429 34.3302263526 34.1708527686 33.2964937962 33.3140463309 33.7700027374 33.6552615814 33.4269417325 33.9997101215 33.1133684096 33.4825755505 33.367583567
33.5832609575 33.793114196 34.2808637856 33.3374591323 33.736185343 33.0340250972 34.0592479603 34.333025351 34.1048478069 33.4487924513 34.1945527043 33.4669860849 34.2540698582 33.5347783927 33.8313265163 33.1621058833 33.9448100935 33.8397908341 33.0837397577 33.4909448288 33.4223579225 33.7307600314 33.3965954662 33.8128384318 33.9859171585 33.2252061129 33.4055387981 33.4658990637 33.4400864254 33.9283913194 33.1036246913 33.6500948687 33.4899935743 34.2232097791 33.0121575131 33.8323803698 33.3235476366 33.9966563178 33.8023409819 33.3044916454 33.9573982126 33.719366331 33.1095694776 33.9063868983 34.0556806183 33.7845269405 33.0078569391 34.0075472259 34.1863718453 34.1610433542 33.7157642154 33.8490659124 33.5427873485
33.2359841442 34.0567043092 33.4885745199 33.4247683733 33.006481303 33.7804148401 33.0706555426 33.750519585 33.9749572534 33.3510427579 34.2401220197 34.2285286915 33.0235521843 33.9203423874 34.2909081586 33.7006075842 33.5119510306 33.7121973041 33.6841456806 34.2940276968 33.3789283383 33.1794448919 33.6246404663 33.3648321726 33.2752737613 33.6963085507 33.6371560287 33.9653518394 33.1538528546 33.7703795455 33.259654208 33.5989082241 33.1632723246 33.248711452 33.9732140859 34.1094041006 33.5847765816 33.0683203729 33.5476091411 34.3650671859 33.3713373347 34.1860459778 33.7052434337 34.2654582808 34.0891444587 34.0316536276 33.5120176046 34.1945368416 34.356592539 34.0134070265 33.8512720934 34.3768721755 33.260467797
34.0848465779 33.8420453303 33.4297733143 33.6191986504 33.8418884363 33.9896113558 33.9042704456 34.044460041 33.5964769757 33.8392264181 33.1805135031 34.3434538401 33.6447433382 33.6666292503 34.0824835414 33.6169321779 33.0895532832 33.3937326155 34.2080769374 33.4068446945 33.820446404 33.5003836385 33.9855042948 33.5476719686 33.5414423139 34.160437395 33.3490781032 33.1659892027 33.1973735227 34.3879516569 34.1448213014 34.1640777701 34.2839461027 33.130453658 33.3054255125 33.3420661731 34.1912079571 33.1455043904 33.2105031041 34.118375873 34.3556038754 33.3203577371 33.6960741057 33.2052734339 33.9234070825 33.405205734 33.4852501277 33.1391263083 33.4062396336 33.6085926912 33.3649821132 33.6037788646 33.7004786502
33.9641715538 33.5113198983 33.8053489806 33.9650771454 33.3716014913 34.1556977441 34.229744395 33.5611548977 33.2367590504 33.3215735748 33.3117602718 34.3133527033 34.0329014569 33.6011643193 34.1782479658 33.780687305 33.6598956201 33.1041353178 34.3889075283 33.5656688973 33.9189569707 33.2882860781 33.211059582 34.0650522253 33.9294184903 33.0297918957 33.8907103521 34.105448813 33.2685303987 33.215656378 33.9301603594 34.3807835818 33.2511094464 34.1599281273 33.1883517436 33.5261345129 33.0750872681 33.7420351707 34.4061293208 33.7974245669 34.0246297535 34.2820999582 34.1025968938 34.3843239246 33.3019384289 33.1767730235 34.1686977987 33.2790004996 33.2257835387 33.1711321787 33.9373014672 34.3924493932 34.0195993958
33.9527874348 33.4392998316 33.3891565614 33.726634363 33.1458440784 33.9349173955 34.0833243112 33.7322319497 34.294275218 34.2650899373 33.4287439695 33.6934996287 34.2996699382 33.3914308804 33.317580759 33.4667227838 33.5746437757 33.6891984201 33.3701050707 33.9566603031 34.3325433283 33.7288394004 33.068323143 33.9715127476 33.8343882986 33.2120156296 34.2295906967 33.3901095205 33.8380845787 33.334160347 34.3351677885 33.4198277655 33.9874959444 33.8809604569 34.0757185683 34.334754509 33.9024931482 33.2049991403 33.6403613404 34.0322684254 34.1184148088 34.2876200941 34.1692330693 33.7676277215 33.4274499735 33.5763029421 33.2051921313 33.4450515659 33.0293530037 33.7600516775 33.0324729281 34.1639825135 34.3531665767
