Spatial_Output/90% DEC/90DEC_0534.asc
NCOLS 155
NROWS 192
XLLCORNER 196769.923733
YLLCORNER 449719.875193
CELLSIZE 27.603701
NODATA_VALUE NaN
[rows 161 to 183 of 192, columns 53 to 105 of 155]
28.2485192579 27.5936137865 27.9632035641 27.8541957404 27.6009920293 27.0265844329 27.9992731277 28.3991646096 27.4568832994 27.3973710661 27.0463610885 27.1820815569 27.473849591 27.9719620307 27.1718214324 27.455302263 27.411879814 28.1265226023 27.8095080554 27.0154680203 27.7089501397 27.1901180798 28.1617704257 27.325813633 27.8913989838 27.6474707038 27.0676882757 27.7355047631 28.4049471896 28.0200653579 27.7912740401 27.4859743618 28.0850097032 28.0402793423 27.9817305265 27.7940572633 28.0753295816 27.0716617772 28.0915084166 27.4243740705 27.548292806 28.1152548424 27.2421465825 27.4966222455 27.7866188331 27.6125480251 27.9768837797 27.0686692309 27.1895429168 27.5221565568 27.7694079357 27.7121168157 27.5288233313
27.4065694183 27.7489069194 27.0738172975 27.6836076202 27.1652706522 27.5315096613 27.6055375616 28.3643656445 27.6497367564 27.5887470038 28.3527795244 27.3096751776 27.2435409556 27.8229087272 27.4232483106 27.4568802277 28.1197215712 28.1917032436 28.0607243785 28.3555642824 27.936671294 27.2809181931 27.1012790313 28.2850214316 28.182098813 27.546818916 27.6136534498 28.3875283788 27.1355402719 28.2833717817 27.2917755097 27.1554968176 27.0495187949 28.1782284368 27.3336067288 28.0725997827 27.2839163685 28.074546646 28.0236484897 27.7020730636 27.1375373055 28.30498921 27.7571208731 28.2722871817 27.7221972267 27.5718556792 27.2814100899 27.7406391786 28.2109062647 27.3957233335 28.3186389442 27.7512084103 27.0004085455
0 27.2605090673 27.9583280539 27.5986518861 28.2405263622 28.3323163966 28.404747237 28.3372236518 27.0574058453 27.5476042271 27.0177902441 27.7889239416 27.043240933 28.3475550562 27.6861053781 27.4742899217 27.9651661751 27.7232249785 27.1499488287 27.2624993492 27.7846089888 27.9483152659 27.7255027504 28.3199052444 28.1640618334 28.3540883233 27.7419163501 27.3277148491 28.1023289883 27.1100318715 27.8303883963 27.162978123 28.1035811686 27.2280863607 27.5754748595 27.7562614956 28.1725874178 28.0038401581 27.8555066377 28.4106731769 27.6775010345 27.140167612 27.5587227517 27.2581744656 28.3397790493 27.2797476594 27.9375381489 27.4113942663 27.1037236812 27.8744926479 28.3926254165 27.9862238984 27.1627404951
0 0 0 27.2878844511 28.1375867352 28.0093803322 27.6357058102 28.268261915 27.8510222713 27.8717390619 27.1912572897 27.6601390995 27.1907770261 27.1912958186 27.8868844841 27.0064495563 27.9331089194 27.3263624715 27.4374332955 28.1683431292 28.3133677506 27.4873212488 27.945048372 27.7647919442 27.9378498167 27.8314957512 27.2908934648 27.2685322936 27.6416997573 27.080769606 27.9810802126 27.7346283239 28.1609427916 27.5412701566 28.1715063491 27.1259817114 27.1042378385 27.2204436446 28.0261639968 27.279879075 28.3399409498 28.044796398 28.3121042962 28.3796203227 27.1477751198 27.6414358282 28.3116706775 27.6896066112 27.2384174618 27.9468021528 27.9380988147 27.4418657158 27.1959420244
0 0 0 0 0 0 27.692941387 28.3565848988 27.5262318099 27.0585246702 27.9730699926 28.2378587677 28.0682384967 27.9645819283 27.6602662909 27.1777083237 27.2472619778 27.9479190375 27.4649501917 27.459285041 27.4036059643 27.6806070836 27.3562500658 28.2215069004 27.9701857379 27.3459089097 28.1427374859 28.3322371216 28.329880339 28.0617111005 27.412369427 28.0120257438 27.8546144744 27.6074852709 28.0234910395 27.0351457128 27.2893344165 27.5099761082 27.5717063645 27.5147081413 27.2419356682 27.0212929423 27.1690307185 27.3984199807 27.0420990559 27.5293831229 28.2577493486 27.9955410484 27.7039564774 27.4523157771 28.3098991509 27.4877908885 28.2432925579
0 0 0 0 0 0 0 0 0 27.3380156034 28.1660120403 27.5328028275 28.3669048447 27.4054974433 28.1581454974 27.9413257997 27.7901121312 0 27.3149898864 27.8505687276 27.1926231839 27.1307205884 27.7338394347 27.5183347611 27.5594118189 27.373936143 27.2951740058 27.1093565915 27.0863154616 27.4681552606 27.7096802797 27.9351744858 27.0569091405 28.2490529245 28.3998523124 27.2759339641 27.7102500455 27.0856021459 28.277546907 27.0846835095 27.0217080923 27.697550109 27.5591276317 28.1429328036 27.202654324 27.2167598171 28.0755315633 27.9440259833 27.9888959283 27.6693686054 28.0535032393 27.6928167269 28.0763289774
0 0 0 0 0 0 0 0 0 0 0 28.1662336504 28.0234966149 27.2609575161 27.3245672835 27.3028566744 0 0 0 27.9395387206 27.7429638027 28.0869553485 27.2010739436 27.6709661235 27.275718019 27.3405823683 27.3320827382 27.7908899219 27.3710780774 27.6185140542 27.3868198676 27.1422294691 28.3223756142 28.3842800743 27.8806137377 27.4690714146 27.8503127492 27.3572082394 27.0356426803 27.364707119 27.3058483473 28.3164165032 27.9241476226 28.3894416717 27.8791816693 27.9884492229 27.9047233747 28.0190610905 28.2736798328 28.183024713 28.0536424443 28.3766481363 27.9213821683
0 0 0 0 0 0 0 0 0 0 0 0 65.9304345373 65.9304345373 65.9304345373 0 0 0 0 0 27.7756110869 27.2552986271 27.1163755909 27.6355246278 27.1312656776 27.8047882989 27.0919281422 28.3607971874 28.1708100385 27.7388203193 28.3837727188 27.9217298179 28.0940761362 27.128553265 27.096887975 28.3847857345 27.9583120964 27.5030914222 28.3963854694 27.1701714569 27.7049116862 28.1930422572 27.1943445682 28.0624339663 27.4594278364 28.3105354637 28.3370712002 27.0673334543 28.3828789131 27.467703032 27.4229990493 27.9142841913 27.309258237
0 0 0 0 0 0 0 0 0 0 0 0 44.4544859965 39.5254025603 48.9623158587 0 0 0 0 0 28.3721461512 27.193063965 27.8642065805 28.2693828656 27.0850044346 27.1867673049 27.7537228818 27.789218086 27.2419764079 27.1250773588 27.8230711059 27.0381946034 27.7081878377 27.5511510994 27.4488232472 27.9959783368 27.9048653327 27.5241065489 28.247863588 28.2287863572 27.6243262119 28.0375595999 27.3387384246 28.2732276367 28.3524594088 27.4591869394 27.1150533373 28.3086222984 27.1765696967 27.3538007606 28.1761262048 27.8015792515 27.8486933251
0 0 0 0 0 0 0 0 0 0 0 0 42.6133915148 46.5294576686 49.7960544049 0 0 0 0 0 0 27.2737930209 28.2050058585 28.3941515871 28.3649652406 28.2750560732 27.1792615307 27.8617393244 28.3960597368 27.4237203987 27.7608832252 27.4389551142 28.294137336 27.9387342313 27.2841607517 28.2463711033 27.4107194662 27.9080997067 27.549472584 27.3253060665 27.0453618605 27.4925665523 28.3493609599 27.7155643336 28.0711465216 28.0212276836 27.1313527086 27.2149320516 27.120819925 27.1748884894 27.984003469 28.3872853557 27.1343373486
0 0 0 0 0 0 0 0 0 0 0 0 54.1649560133 49.0243160904 44.4486529678 0 0 0 0 0 0 0 27.6850251361 28.2767598464 27.2875828374 27.9311454303 27.3798437472 27.5561782809 27.2510147816 27.3156891413 27.9938996159 28.2578669474 28.1860068285 27.7292768294 28.1239005468 27.2148307323 27.6722537868 27.4802127843 28.4137243635 27.8306354315 27.8705249017 27.3737301807 28.0204426583 27.1310024924 27.3286082132 28.3077923343 27.1530777797 27.4535801938 27.3744792714 27.7033537333 27.3828440485 27.868461394 28.0506262166
0 0 0 0 0 0 0 0 0 0 0 0 0 0 0 0 0 0 0 0 0 0 0 27.3883428808 27.0003326196 27.9265218506 28.2557506109 27.2878733738 27.7026818901 28.2059092169 27.9128585715 27.2693280513 27.4765740218 28.3280069874 28.1907187398 27.8579470192 27.3859093001 27.2155330451 27.895237977 27.8847026097 27.9769122733 27.6762762702 27.2553694729 27.5106925461 27.5083724843 27.4887004355 28.1062691041 27.8717196031 27.3581131762 28.2296005556 27.3302615506 27.996553895 28.3903666266
0 0 0 0 0 0 0 0 0 0 0 0 0 0 0 0 0 0 0 0 0 0 0 0 28.3657495206 27.7571046079 28.0576637895 27.1931803157 27.4968966829 27.2762637855 27.5114933928 27.935473526 28.0075097684 27.2171038485 27.8597538271 27.5034904586 27.128035103 27.5314833329 27.7989254991 27.6188840087 27.2681479432 28.1994730605 27.6325592625 27.1903586312 27.5182968095 28.3119976973 27.6970242138 28.2592086903 27.2186047546 28.4042178342 27.2764512795 27.2062333151 27.702325705
0 0 0 0 0 0 0 0 0 0 0 0 0 0 0 0 0 0 0 0 0 0 0 0 0 0 0 0 0 0 27.9694314298 27.5285698124 27.3344809481 28.1038598465 28.2613830927 27.1764467605 27.4051652094 27.0751526891 27.1614018417 28.3885643449 27.8389291852 27.278746634 28.0891422789 28.0063357701 28.3146431625 28.2327773833 28.0866422178 27.4589951838 27.8473324615 28.3812709193 27.8207260285 28.0055968045 28.1806845506
0 0 0 0 0 0 0 0 0 0 0 0 0 0 0 0 0 0 0 0 0 0 0 0 0 0 0 0 0 0 0 0 0 0 28.251513814 28.0760493469 28.1071931444 27.6400246828 27.8328482291 28.0385831763 28.1299919388 28.0273881784 28.077684921 28.4039284618 28.2035505062 27.3005977717 27.4373063082 27.6094261417 27.5216225404 28.0993695817 27.1883197925 27.0110567223 27.9614946537
0 0 0 0 0 0 0 0 0 0 0 0 0 0 0 0 0 0 0 0 0 0 0 0 0 0 0 0 0 0 0 0 0 0 0 28.2992767389 27.9902169703 27.9813902343 27.4097974746 27.9563931119 28.2885076072 27.8099515253 27.8013562341 27.5575735696 28.4019034409 27.407569571 28.1673406586 28.1187994433 28.1801001286 27.6280666573 28.0095941405 27.7676635308 27.0671515077
0 0 0 0 0 0 0 0 0 0 0 0 0 0 0 0 0 0 0 0 0 0 0 0 0 0 0 0 0 0 0 0 0 0 0 0 27.7578591326 27.3581256529 28.0082658424 28.2815043003 28.1646792379 27.4054167477 27.1186713584 27.5364194315 27.0880377807 27.1125771196 27.1915021124 27.2165681276 28.3768766951 27.2888385216 27.295335862 28.3575706216 27.0474939159
0 0 0 0 0 0 0 0 0 0 0 0 0 0 0 0 0 0 0 0 0 0 0 0 0 0 0 0 0 0 0 0 0 0 0 0 0 27.0893322016 27.9724421846 27.2164299849 27.6119997077 27.7303428721 28.3671308015 27.3910239259 28.3829532742 28.3592389524 27.6104996574 27.1366729917 27.8297806456 27.1780782426 27.9556397974 27.5281874451 27.923437979
0 0 0 0 0 0 0 0 0 0 0 0 0 0 0 0 0 0 0 0 0 0 0 0 0 0 0 0 0 0 0 0 0 0 0 0 0 0 27.229589878 28.3581784233 28.024463884 28.0744404021 27.307632022 27.0967402801 27.4972393461 28.1505445538 28.1096313211 28.123312562 28.0846654121 28.1180048945 28.0178193391 27.2134139495 28.1088354832
0 0 0 0 0 0 0 0 0 0 0 0 0 0 0 0 0 0 0 0 0 0 0 0 0 0 0 0 0 0 0 0 0 0 0 0 0 0 0 27.909863663 28.300769705 27.9219511071 27.2137890646 28.2970833277 28.0658135105 27.4066886881 27.9482295666 27.3833628204 28.2676694283 27.2214998391 27.4852018884 28.277870763 27.5143683047
0 0 0 0 0 0 0 0 0 0 0 0 0 0 0 0 0 0 0 0 0 0 0 0 0 0 0 0 0 0 0 0 0 0 0 0 0 0 0 0 28.2496044324 28.110544188 27.3421121853 28.1850098631 27.6664628913 27.6806331511 27.7796635106 27.9527144491 27.2210766916 28.2028293648 27.751302632 28.2367686645 27.080375235
0 0 0 0 0 0 0 0 0 0 0 0 0 0 0 0 0 0 0 0 0 0 0 0 0 0 0 0 0 0 0 0 0 0 0 0 0 0 0 0 0 27.0897637762 27.3724847702 27.0215997877 27.2711566695 27.127606523 28.0153371819 28.1765761138 27.3638868528 27.050155184 27.9435387384 28.2338611619 27.5556375013
0 0 0 0 0 0 0 0 0 0 0 0 0 0 0 0 0 0 0 0 0 0 0 0 0 0 0 0 0 0 0 0 0 0 0 0 0 0 0 0 0 0 27.8735028179 27.1067763423 27.6962927883 27.4940580731 27.2299436071 27.1456433508 27.2688377051 27.7255144231 28.2748004917 27.6728763897 27.9377997496
