Spatial_Output/90% DEC/90DEC_0479.asc
NCOLS 155
NROWS 192
XLLCORNER 196769.923733
YLLCORNER 449719.875193
CELLSIZE 27.603701
NODATA_VALUE NaN
[rows 115 to 137 of 192, columns 53 to 105 of 155]
30.693318873 30.5453898952 30.8722207081 31.1252047804 30.7850220549 30.5367677534 30.9571912527 30.7221543622 30.8963960412 30.8312543557 31.020762342 30.9628911076 31.0667217592 30.9903274448 30.9825818195 30.9407706796 30.6708422101 30.7739613287 30.7872409186 30.5418455655 31.1211963258 30.6721507344 30.6852955549 31.0093245044 30.9426611986 30.6976907443 31.1801824755 30.7740154613 30.9763280915 30.9944434217 30.8274919724 30.8792546291 30.7584978685 31.1034982531 30.6390894027 31.1672051005 30.9475438916 30.5165284472 30.9395862385 30.6518580746 30.7782789964 30.9621113808 30.5994049174 30.9748635212 30.9369075898 30.7182866963 31.1785833498 31.0877262309 30.9103844194 30.5143604676 30.6622473083 30.580793565 30.9324154118
30.856685392 30.901681869 30.9085457268 30.96755764 30.9051234315 30.6818929029 30.9788078985 30.8923616575 31.058836088 30.8294257477 31.1747301671 30.9778729748 30.9082306462 30.8566226866 30.7529078047 30.9607689378 30.6114065225 31.0654930553 30.647607268 30.540370658 30.5982654157 30.7736351139 30.6409187931 31.0372029326 30.9737343655 31.1671193046 30.6972207722 30.6926298348 30.5570339448 30.9228371615 30.9450064148 30.8632188331 31.0779524468 30.7743676802 30.8652303473 30.9653790604 31.124303227 30.9995886821 30.7525962218 30.8020233775 30.5483796349 30.9233637302 30.7038660108 30.9157631908 31.0700826706 30.5513210316 30.6501084426 30.9342717313 30.8063739897 31.1927319733 30.9132489346 30.8032687956 31.128116728
30.9723953007 31.1157286854 31.0318775349 30.8056485208 31.1680630829 30.8406178988 30.809396084 30.9937755108 30.651410001 30.9105540432 30.6381377583 31.1878608788 30.7700746511 30.7192999759 30.8998450413 30.5718562991 31.0543881622 31.1400030893 30.9078721931 30.8767740464 30.6142241385 31.1672842299 30.938963811 31.1276348867 30.5617061315 30.5557122399 30.8637565815 30.852131231 31.0811753892 30.9335918118 31.2026689932 30.8906234553 30.8118169889 30.9356899988 31.1032964706 30.7637816148 30.6983159579 30.9533331261 30.7641826628 30.5892788896 31.0554481313 30.7611529208 30.837005721 30.9444811525 30.9496614022 30.8441794671 31.0422047032 30.7064717485 30.9697883087 30.5877020826 30.9219021459 30.7590295418 30.5445909849
30.9231904555 30.5651454059 30.7501865833 30.5930648072 30.65484688 30.8543649249 30.9047193044 30.9268466298 30.7108608051 31.0225577851 30.7710137879 31.0372170577 30.8402133215 31.0646420711 30.6204936308 30.9813468348 31.1723568989 30.9133395819 30.6211474569 30.7082824108 30.6224328331 30.6843441034 30.5168242219 30.8401098504 31.0323002042 31.0101747041 30.8074452714 31.0273044236 30.523120989 30.516173176 31.0463226247 30.7904704511 30.9097392652 30.8048140447 30.5540447704 30.7259864149 31.1150253426 30.7109362129 30.5591181633 31.1474001389 30.7620104741 30.9291784159 30.504508227 30.7537172106 31.0275926608 30.5208098486 31.0831090835 30.6374455883 30.7972691241 30.7172617601 30.6032191782 30.6779012352 31.1574719875
30.5839135674 30.994341205 30.6531364927 31.1391816321 31.2056424772 31.0208558096 30.8266168114 30.6357111013 30.7255854565 30.6417337404 30.8891893679 30.6980390858 30.6223312793 31.1748435924 30.6762715237 30.812993761 31.1431184619 30.7041410852 31.0301489153 30.9850108904 31.1764684586 30.822322553 31.0318549931 30.6100627087 31.0398501668 30.9281083049 30.667742268 30.7448626991 30.7588238292 30.9717244584 31.0438266725 30.9998756952 30.5235300365 30.8129564378 31.1065742719 30.8802184743 31.0238733837 30.9990433749 30.7895977352 30.5277867947 30.6568607825 31.0189071108 31.1869884718 31.0570403419 30.9405999011 30.905882048 30.7959225362 30.7984449889 31.1903813998 30.7043548596 30.9381550635 30.7567094238 31.1165249639
30.5005878454 30.521736655 30.9266950652 30.8857962132 30.510640145 30.9748710111 31.1957947478 30.8563651962 30.8793263711 30.6256516769 30.71845751 30.9702685534 31.0042115614 30.6896224283 31.0238879824 30.6056048202 31.0010866117 30.5323970509 30.8037289283 30.6794755533 31.0672061526 30.8496257942 30.8167778529 30.5316757206 30.8516403122 31.0018444903 30.9200295642 30.8178804593 31.1977713565 30.8011239664 30.6040071282 30.9928229418 30.6238722926 31.0018894874 30.8919385581 30.9024500271 31.1934082549 30.9624380099 30.9799978562 31.1296395223 30.8309872153 30.7832502907 30.6223915586 31.0333321992 31.0117109955 30.8255181782 30.7670592482 30.8364027289 31.0006470294 31.1348429053 30.6494457543 30.8784284706 30.8100046026
30.685334656 30.6915234615 31.0155520319 31.0061928723 31.0918890603 30.7883055431 30.6242254903 30.5475312717 30.7128591276 30.9356090106 30.6404570413 30.7545558438 30.513097398 31.0591148154 31.0145367844 30.8104380003 30.9626342213 31.1410819372 30.8190900592 30.5604884603 30.6465485187 30.9855036015 30.8222480774 30.6869017542 30.9319058585 30.5124341399 31.1564097672 31.1525086839 30.6844108268 30.9575349357 30.5998327808 30.8110544628 30.5739249509 30.5657105785 31.029650276 30.7249348884 30.6334311024 30.8810516632 30.9832269972 30.598123577 30.7983852553 30.6990146467 30.8378220496 30.6324409336 30.6634592979 31.1452260228 30.6738362839 31.1905548363 31.1727348593 30.5421772052 30.807784202 31.0778584577 30.9618235708
31.0504679451 31.106406223 30.992925205 30.6687897728 31.1971364581 31.0958040432 30.5160639316 30.9373835944 31.021921729 30.6253558266 30.5889131563 30.6649102521 30.8925673823 31.2055226867 31.0497958092 30.5416007152 30.7477773927 30.7553787115 30.5161941409 30.7971828206 31.164228298 30.7335207761 31.0753418341 30.6748148281 30.9865635194 30.5777197867 30.7412012696 31.0738447787 30.6759810947 30.702542545 31.1462743839 30.9764970172 30.7204729323 30.5224609451 30.9498926722 31.1058209704 30.7126182097 31.1014247837 31.1315282361 30.5694673814 31.0227741846 30.726168317 30.7936435612 30.7160516968 30.9714003845 30.8919522798 30.705466459 30.7610507953 30.9893245615 30.855430419 30.7300397379 31.1563200858 31.1969562329
31.1044440776 31.0795286447 30.7467371543 30.7712168857 31.0580631292 30.5363208168 30.5654382444 31.0595982009 30.9787636035 30.7438897437 30.6438693889 30.8972660407 30.7244734709 30.6647184452 30.8155210732 30.8265278858 31.1709659577 30.649550673 30.6540412835 30.6698358272 31.122710814 31.1401572111 30.5214363096 30.6510987397 31.050330191 30.7288503643 30.9568847338 30.6190049289 30.7734214335 30.6604402427 31.1052738397 30.6537531444 31.0050788623 30.9470038327 31.1487546102 30.8892867139 31.0800537658 30.5356030927 31.1243759887 30.6298721598 30.6262116218 30.5267043479 31.1071804283 30.8894675548 30.5613169952 31.0539432528 30.9731295524 30.6030036293 30.958788737 30.9680192774 30.727359086 31.0499527394 31.1575762373
31.0338234314 30.5255352322 31.0878670103 30.885101468 30.6064276126 30.5921050703 30.6997090641 30.7022565831 31.0907698511 30.5517855264 31.1579260888 30.9831146562 30.7656216867 30.6026975528 30.9354831672 31.0791696213 30.5960848816 31.16487878 31.1420459192 30.546880835 31.1876271742 30.6406694786 31.0672809083 31.0263104207 30.8520673373 30.8809845969 30.5137909705 30.9859388917 31.0947253635 30.7691345441 30.995956599 30.8868781703 31.1341062984 31.0625928844 30.5884896776 30.9523489594 30.6480546721 30.6337807291 31.0177890513 31.1040283907 30.997671308 30.7096086758 30.6881590523 30.5909932874 30.9302516732 31.0897013211 30.7416931404 30.5988376692 31.0843801373 31.0925996476 30.8841710676 30.9623127495 30.5368695609
30.8358154735 30.7452273585 30.6817067032 31.1894980043 30.5163841075 30.6127141777 30.6425694846 31.0460396244 31.0907471178 30.8357372847 30.5759565214 30.5993032735 30.818217023 30.5693240689 30.5061467635 30.5443891101 30.6087210623 30.5991862838 30.8117624262 30.7463469827 30.5667051146 30.5056235619 30.8988284819 31.1743108334 31.1779456372 30.8382545598 31.1811820983 31.0818426107 31.0741571087 30.577152679 30.780424154 30.6236857427 31.1725182086 30.7327830284 30.5789348499 30.9973507011 31.1995936892 30.614933552 31.2001984956 30.7980948865 31.1469730407 31.1928928748 30.7167398451 30.9569863007 30.6322535108 30.5149628107 31.0194455768 31.195082128 30.8547002061 30.6502966619 30.8870555676 31.0266483029 30.8365390876
30.6644377445 30.5344054094 30.5508263188 30.6171065053 30.6655115788 30.6783696779 30.807189926 30.9997555465 30.8203128358 30.5989544684 31.102349366 30.8605996053 30.9469252189 30.5391258704 30.5304259599 31.0349549284 31.1836776587 31.0316614732 30.5799231379 31.0944221757 31.1549152808 31.1667883535 30.7065385163 30.9615109377 30.5935934576 30.8417061506 31.2068208528 31.0342833029 30.9395018047 30.7407266158 30.5613166723 30.6382552619 30.7549092465 30.5500712891 30.7989264125 30.673319007 31.0767223027 30.8833259813 30.6790268347 30.790338145 30.7625198524 31.1350706132 30.8197519321 31.0325640103 31.0917699288 30.7335466265 30.8857254006 31.116024585 30.8963730206 30.5355748556 30.6546979535 31.1432335776 30.966706111
30.9709051078 30.5308866414 31.0258165253 30.5000272742 31.0856951306 30.6796771794 30.6061479311 31.2056944113 30.7360608081 30.7475422678 30.8859620133 30.8717239735 31.1537044377 31.0424332305 31.0904282694 31.0027020621 30.6987035426 30.5252021663 30.8310191983 30.8168076767 30.8289732077 31.0703457357 30.8447073433 31.1739682344 31.1751386544 31.0725014156 30.869883913 31.1853745941 31.1610990739 30.6708904128 30.9914919954 30.7567668322 30.7677255459 31.1721701347 30.7376199025 30.8254181844 31.2070662291 30.8545735876 30.6642899326 31.1393371052 31.1221044317 31.1701609302 30.6953294881 30.7156726478 30.6238245234 31.142178816 30.9645996602 31.0895181083 30.9099556775 30.6872546322 31.0798815402 30.919597875 30.9190380295
30.81622385 30.9234952316 31.1656297869 31.0118461762 30.6496053029 30.5159015385 31.0087139155 31.1323589103 30.9930315603 30.6384529161 30.9992322662 30.7963412792 30.7188204552 30.6530558417 30.7871880389 30.9428851002 30.6485227276 31.0557175306 30.510756496 31.065678645 31.0444836284 31.1915916201 30.7343439536 30.8587691892 30.6005564957 30.5981994778 30.5732662225 31.1037166513 31.0284966171 31.2042243442 31.117367538 30.7769136264 30.5921769648 30.5152238788 30.76638769 30.6119407417 31.1370942746 30.6947111988 31.0116329265 30.6317607732 30.995229837 30.5351922965 30.8050818116 31.1246642926 30.6491586882 30.714019178 31.0130830777 31.1747410185 30.919101939 30.7179520626 30.6761484908 30.7851774917 30.8225227495
30.7649280214 30.9626840713 30.7396546947 31.0239003643 31.053632797 30.776096651 30.8911761928 31.0476037411 31.1301994997 30.924632214 31.0190996511 30.8172001467 30.5629510459 30.6751254718 30.5209423734 30.5109048063 30.9661221959 30.6778211479 30.7777944949 30.7884887038 30.5451824564 31.1996338889 30.8009514377 30.6703403404 31.1587502894 31.0655478047 30.5373898964 30.7120391354 30.7364801923 30.7767811536 30.5059540929 30.770463743 31.1238953154 30.8281622183 31.0104559301 31.1109704525 30.8562517826 31.1624130122 30.5980725243 30.8060704273 30.6698516196 31.0770185767 30.792515463 31.1792234052 31.0695261115 30.5293717366 30.914057977 30.7742526745 31.1845782906 30.5851848471 30.8831926618 31.1251805293 30.8949429763
30.8360675153 31.1161935679 31.1942803993 30.7172509723 31.1149799781 30.8021114736 31.0951904091 31.0534609173 31.203037578 30.8091367796 30.9491376006 30.9107532703 30.7540283438 30.8681531734 31.0621233201 30.6297917457 30.8501630191 31.1398654229 30.7338319224 31.086733162 31.0369956038 30.5638294909 30.7008137391 30.9731736391 30.8151235765 30.6462523708 30.6387382989 30.5250434874 30.9364616413 31.1883678071 31.002298843 31.1169160889 31.1144118438 30.9940357913 30.7111676061 31.0710637973 30.807884418 30.6767983784 30.9090070745 30.9087996355 30.8387868592 30.5455006248 30.9360440214 31.1521284562 30.674426156 30.609358582 30.8597399731 30.7728817285 30.9867930917 31.1946327852 30.7671648328 30.6615411695 30.7857972485
31.026076451 31.0370186188 31.1438862514 30.792659052 30.7733958801 31.1149723168 30.9847480225 30.6072278496 30.7657519736 31.0050732147 30.9549561052 30.5133452831 30.8533887789 30.6152416688 31.074532898 31.088566103 30.8004837004 30.7840261423 31.1889248749 30.9103143877 31.1739515636 30.8611392887 30.5946429918 30.8717236412 30.7856945559 30.9361557409 30.595364555 30.5885070614 31.1823756759 30.8804523931 30.7560120635 31.014172914 31.0945783466 30.8097221663 31.1288783711 31.1756471593 30.6066773593 30.9280803994 30.758109616 30.6261172168 30.7199204546 30.932950115 30.8069108633 30.9499988573 30.948783069 30.7469096518 30.5111701042 30.9927101822 30.9507517213 31.1717383162 30.9403163031 30.9861611014 30.9899865841
30.5141831819 31.1619823847 31.1430737861 31.0358122196 30.7626078117 30.5312854916 30.6747324096 31.0907912857 30.7464628951 30.6895341455 31.0458770378 30.8883354808 31.1045972716 31.0221521713 30.6576959419 31.0493527248 30.6942588694 30.8397651166 31.0275539561 30.8204033879 31.155872275 30.8051353152 30.9590758179 30.8489989429 31.0143506937 31.0719978424 31.0303054837 30.7034647512 31.116614376 30.7348531957 31.0353015984 30.9922796119 30.7409145071 30.646017229 30.8686434262 30.8252982202 30.791004953 30.6515322939 31.2058328181 31.0392524366 30.5091583339 30.8267702664 30.9735755909 31.112957787 30.9664448344 30.5492134473 30.9662296 30.6954973148 30.8524298345 31.0455376967 30.5541548424 30.5356323689 30.6943158508
30.5893380961 30.5137014513 30.7848234569 30.7875683669 31.1817265631 30.7978410803 30.6490373581 30.6905245557 31.080188235 31.0867354856 30.832110673 31.0989924731 31.1138110411 31.1556952386 30.8803869969 31.1807307981 30.9802940996 30.983805479 31.0540896082 31.1079797004 31.0890504618 30.8069452543 31.0176150729 30.809492847 30.6627653266 31.068163315 30.6829447543 30.8510843137 30.8878839574 30.5427735095 30.5199188069 31.0563623561 31.0023298112 30.7296000978 30.6089499898 31.1746883034 30.7326133702 30.7887912234 31.0719592529 30.5923552687 30.8939966334 31.0091370815 30.6832811093 30.8349952093 30.9565524969 30.5448352228 30.6351579954 31.0295771064 31.1500922365 30.6693074938 30.6133278966 30.8832700172 30.6187782319
30.8083998056 30.7285427182 30.7258847273 30.862922755 30.7331598417 30.9056655039 31.145833151 30.9512237477 30.5881176139 30.9507214618 30.6377062371 30.831222612 30.5705207167 30.8577268964 30.8998313967 31.1679362224 30.8131151951 31.0369696243 30.5168873888 30.5139393331 31.0368263806 30.7243480123 30.6274451469 31.1430060599 30.6048306279 31.1186925374 30.6693391405 31.1202632981 30.592046608 30.5078183434 30.8048166253 31.0112408853 30.5178849467 31.006372107 31.140241619 31.0886526912 31.0055568553 31.1562426749 31.0193457886 30.8404797452 30.8787152238 30.6721594566 30.8275388923 30.7616857942 31.0435611227 31.0222208533 30.6735988826 30.9908658484 30.9931865672 30.584871531 30.5209918944 30.6800752363 31.1176600699
30.9541757771 30.7539307435 30.7157377452 30.9845710212 30.6239346945 31.205287375 30.8634146173 30.8289757253 30.861485744 30.5323040804 30.8323158838 30.5251831172 30.5502641028 30.6217026291 31.0436112134 30.9648312481 31.0321375742 30.8982510603 31.0843837355 30.5323210726 30.8931502012 31.060195539 30.8285847934 30.6907046189 30.9920431692 31.0794297544 30.7729597335 31.1035434237 30.6109091111 31.0520946244 30.6096664767 30.7371998386 30.654630443 30.5286439843 30.7189930468 30.7337148417 30.6378551493 30.7690631605 30.9039165011 31.1761130865 31.0090166779 31.100431954 30.5552927719 31.0193768724 30.6297948337 30.7090252562 30.8290223513 31.1594010057 30.8822717 31.0997787945 30.5150119746 30.7354148919 31.1286872953
31.1605565762 30.5536723174 30.5045550832 31.1956221378 30.8772826942 30.975282176 30.6479879169 30.8502456515 30.903863141 31.1741648128 30.7882541825 30.7474415542 30.6569443304 30.8423385163 31.1627310448 31.0680806578 30.7638866529 31.0824696469 31.0788583249 30.5078545632 31.1908609752 30.6627945999 30.5036086963 31.148106483 31.0552611433 30.7887582351 30.5433579501 31.025626289 30.5250426585 30.8749112539 30.9394022983 31.1401693412 30.9077338102 30.5056330103 30.8790040179 31.0051074885 30.6285634995 30.831800462 30.9759606473 30.8303937377 30.5202134353 31.0423546946 30.9292243062 30.5136572228 30.5441287407 30.7448944098 30.8357517562 30.7094584903 31.0854942741 30.9737805965 30.8297217794 31.1935689056 30.5972468964
31.1194353865 30.571769892 31.2040992285 30.8640735336 30.9732766145 30.7755594989 30.5247342536 30.9423835668 30.9069471245 31.1686873756 30.7272155587 30.8875880531 30.5174423039 30.9211629302 31.0536544926 31.1618873476 31.0894006927 30.6030417603 30.5706377255 30.5368190823 30.6960863287 31.0312348658 30.7388240688 30.5376584337 30.9947527963 31.0371842307 31.1559028973 31.1425546115 31.1483648876 31.0153453986 30.7510387675 30.5952684785 31.031292832 30.7195570712 30.857965709 31.1751827738 30.8392397112 30.8783298838 30.5190572925 30.6054463239 30.575631119 30.9849726702 30.7460951112 30.5678634424 30.6720025659 30.7916966072 31.1474089164 31.0581740221 30.5297692118 30.6292009206 30.6601187319 30.870925614 31.1176476889
