Spatial_Output/90% DEC/90DEC_0064.asc
NCOLS 155
NROWS 192
XLLCORNER 196769.923733
YLLCORNER 449719.875193
CELLSIZE 27.603701
NODATA_VALUE NaN
[rows 46 to 68 of 192, columns 0 to 52 of 155]
44.8859878254 43.2491016266 44.9333560836 43.0449048613 45.5776639126 45.1168972281 44.6884642205 45.2782040972 43.2341771575 45.6029632423 43.6068975601 45.0126717884 43.6758928671 43.3628935287 44.8164838428 43.3388185776 45.1503219705 43.767660421 44.6488921624 44.4119951484 45.1053939637 45.021167962 44.0794610807 44.5564099963 43.9067695846 43.5136477431 45.4028962915 44.6649733874 43.8337149133 45.0873865697 45.7900596695 44.8661113119 45.7915836174 44.5335475894 43.6653338163 45.3664146953 43.2384022537 45.479124049 43.5599339313 43.3917709084 43.7561999133 45.7996142479 43.6577013191 45.3970370473 44.2461491192 44.1127886468 44.3115786332 45.0682768482 45.3290962537 44.4775586388 44.7712300728 45.6560184272 43.0898153781
45.3968089909 45.7815251698 43.2990743945 45.2758910373 43.5231868715 43.3170533939 43.7184063165 43.8839858957 45.1329230816 44.807537203 43.9973717148 43.4124152229 43.3440025573 43.7400858668 44.4185346955 45.6202602756 43.5250427183 43.6560209889 44.4830630209 44.1416526055 43.7741723985 43.4988854108 44.6049359276 44.1029651037 43.7636147275 45.1237698878 43.2958598208 44.9790080406 43.0368925518 44.3994969725 45.1927795501 44.3730502395 43.9335025309 44.6035697763 44.3571226174 45.2619968249 45.5532468678 43.5818039826 43.0036408083 45.5182575579 45.0942521539 43.8865107006 44.4045826269 44.9149129559 44.4763303529 43.8244301364 43.8354605622 45.7137985063 45.5708515356 45.3324856701 45.2677451536 44.769604079 45.3579905645
44.0306178203 43.9085376344 43.5266630841 43.8323146865 43.6746290849 43.5811499209 43.798116115 44.8981341963 45.2972652835 43.3436666168 43.8484422438 44.8516944119 43.4656827106 43.3016415615 45.1362265751 44.5476010983 44.0237188529 45.3277317054 45.5377871479 45.0635883508 44.3825724404 45.0326732088 43.6005185046 45.3562016346 43.341369167 45.5322342314 43.7171554881 44.3800648966 45.3662375825 44.0324643655 44.7054347049 45.2130947555 44.0119957752 44.5344352428 45.7963480727 45.7628700024 44.273863959 45.7786229497 43.7184615023 44.037377619 43.3277689983 43.0563151432 45.6254077237 43.9354003791 43.5408583077 43.7630334064 43.0288978833 44.0795567592 45.1338025848 45.397002113 43.4954133048 43.5713713682 43.3045834912
43.2897693057 43.032398719 43.7897304155 43.1548019903 44.3332598628 43.4569343359 44.2038104625 45.5291797147 45.60693081 43.6416441713 43.6748651067 45.5222218751 45.6379222347 43.9213136112 45.4946443177 43.909638033 43.4225940417 43.8656875683 43.4947245599 45.3894207555 44.7752407963 44.5327927114 44.7958877305 43.9289283957 45.6307129459 44.0183767311 45.6940337692 44.266797513 45.4947248026 44.1724763156 45.0121990303 43.1763487028 44.8179344408 45.4472402165 45.5285978569 45.3011195912 44.3507759148 44.2418303071 43.4630503498 44.9273794293 45.5025306661 44.6995596662 43.277296289 44.2595471714 44.1052012638 43.2413002318 43.2716319084 45.0628896116 44.9955788948 45.151424643 43.7988172543 45.0300896165 43.5947171768
45.5386333387 44.5716643915 44.931218887 45.5792202696 44.1524375762 44.7362642007 43.1370585286 45.1687803087 45.3998113714 44.1004604022 43.0028838416 43.6020465649 45.4850365881 45.4748109604 44.2583654068 44.2145893737 44.5853986246 44.2775061869 44.1063487588 44.4998259686 43.5984497018 44.6027754043 43.829461697 45.4106441343 44.063794482 45.7896549566 45.2233071605 45.649845699 44.2239529072 44.9498366311 43.662016453 43.9635028626 44.8966815308 44.7254677381 44.6691859669 45.1091852069 45.7726056183 45.0360379516 43.4965482308 45.04782539 44.7648538218 45.4231328371 45.5047440184 45.153216587 45.4760468261 43.0006643157 44.021818357 43.7163190306 45.1617520415 43.9105760165 44.9723574605 45.4701856374 45.8094569245
44.7950088929 45.0084463479 44.2873775332 44.3719835217 43.7582164255 43.9846876282 44.9317061733 43.4494360173 45.7792716435 44.1618179551 45.6983452525 44.7399605075 43.8060774291 45.2995985505 44.3300765385 45.1276055554 44.6649788971 44.7023463977 45.7081460939 45.123286305 44.9321780116 45.6921146626 43.7026241368 43.7095681225 43.4217644069 44.2193168662 43.2153511849 44.1933465865 45.6192175711 44.4934325352 43.7647653814 45.3395572979 43.9650151976 45.7531478653 45.029851923 44.5183147362 44.0151668529 44.1538768177 44.9729042686 45.6793582139 43.7686469531 45.5447044247 43.5522342285 45.0251857607 43.7868974529 44.2607552251 43.5435954513 43.5877807745 44.2169370181 43.3011395861 45.5277829194 45.0598171062 45.7945020204
44.9498287336 44.8909790939 43.2885664496 44.4798567643 43.8693349996 45.1150558556 44.2303685721 43.815385015 43.1733242968 44.273919642 45.8265378483 43.7639340875 44.7022336256 44.9031243031 45.4620450833 44.992592948 45.6388399211 45.2690431008 43.2126268668 43.2160035591 45.0725924832 44.8566866694 45.7740459554 44.3713089682 43.9185731184 43.7455084685 45.1299891056 44.1163326382 43.6200035553 44.2803143451 43.5992251607 44.7780255736 44.8383426812 44.4059992057 43.8008659612 45.249422447 43.1725695439 45.2912616986 45.6811086565 43.3735443069 44.8959012743 43.529630084 43.5228928578 43.6169459342 45.599421433 43.9623185962 43.9650240666 45.5720474683 44.4249249144 43.8524986052 45.1234806682 45.6109602062 45.1224859691
44.4708540659 44.0605222029 44.6313124796 43.0173500483 44.0985640684 44.1089866601 45.1013660688 45.5785009389 44.0838221474 45.3520704926 43.9253414525 45.3032638484 44.6553442995 43.761522429 43.3973109104 45.413826315 45.7761254465 44.0702184013 44.4944790027 45.3192024849 43.5536605969 44.1592444664 45.6915762164 43.6611731188 45.2646448245 45.0751395805 45.1803358817 44.2872829163 44.9031028234 45.0825481864 44.3738446198 45.4031383389 45.7698464836 44.205822293 43.4208413852 44.2755489557 45.0387165371 45.2986592183 43.0177603451 45.5675184903 45.5591880645 43.2334586399 45.4649846547 43.6988226179 44.916857503 45.1710350343 44.2342004316 43.090712898 44.4717675156 43.1838474719 43.8067831092 44.9657517058 43.4904608512
43.2225981056 44.1193020104 44.2916951006 43.688526829 43.6563026224 44.8100829031 45.7903977683 45.7036269584 43.4192325937 43.7811403893 43.043091796 45.5855910878 43.6933684409 43.9424393024 43.1003628367 43.6244286904 45.1104414772 44.2783393471 45.7197439804 44.9779484964 43.2390541545 44.1950655544 43.2913464789 44.3109755793 43.4445065271 44.5254603149 43.7266300712 43.8939505022 44.6625891667 44.7897318958 45.7544512946 45.3399256902 43.8507002758 45.1350566116 44.9453799656 43.8177761942 43.8692446495 44.3034932891 43.6857251093 43.2218904651 45.6010823908 44.1844156216 43.0122800246 45.8130627399 44.4766109647 45.7621294032 44.8791524459 44.2195593054 44.6605979583 43.9199703306 43.7126671706 43.3499405406 45.6321828252
43.7789487522 44.9686278196 43.7056833736 44.262292129 45.2679789801 45.172329594 43.7886642954 45.5875118174 43.8194397774 45.1094849393 45.5384985312 43.1961083056 45.2561357357 44.1604618998 43.146293577 43.9128214707 43.0583472108 43.8570723924 44.449236553 45.1974007616 43.4036266156 45.4795515025 43.8864301949 45.2236171338 45.3489515686 44.4362871838 44.280605625 45.2142078166 45.0344896246 43.3602888036 44.7664217432 45.4469477322 44.697977233 45.5016816951 43.3541248362 44.8383330012 45.5801383445 44.4510472988 44.7089199981 43.2367219849 44.072279676 43.7591386039 45.1682629523 43.0199877569 44.7205636172 44.6377818855 43.7849025479 44.5427725021 43.8381740856 43.4206981726 43.176669334 45.5049156821 43.3096905771
44.539381919 44.8603007267 45.0890065472 44.084984648 44.2029553187 43.3003584014 44.5202428574 44.532136168 43.0992541646 43.852850266 45.4841404762 45.8067144864 44.7502015746 43.6252189914 44.4799537268 44.5505540201 44.8534564594 44.4887411984 45.7945039711 45.3254947095 43.3203241265 45.2114452608 45.4345632774 44.5393091057 44.5503665625 43.9834438477 45.3718318754 43.192406204 43.0647175007 44.8690236556 43.3269563099 45.617323729 43.4765523479 45.0805302015 43.3682999822 45.1049473987 44.0517162967 44.9725452029 45.5988068764 43.8258274718 45.2045355961 44.686634974 45.2220324751 43.4326670608 43.6802712964 44.3367545358 43.617189138 44.8703565493 43.7710068704 43.8741731147 44.3500648893 44.2352042532 65.1383251887
44.4057304355 44.8521690846 44.9749135104 44.8523649413 45.166013031 43.3920800181 44.4327666294 44.5699333061 43.4555689547 44.7452213737 45.4456985172 45.6743415731 45.1889384526 44.5984613925 43.5646876179 43.7522819417 43.6263545373 43.1347489263 43.3245420416 44.0927737517 45.0721485236 45.3742397386 45.5509284501 44.0087546028 43.7485411187 43.314833037 44.9304064058 43.4622989949 44.6837774416 45.0051208449 43.5240983139 45.5390649162 43.2108564862 44.735042167 44.852483699 43.7840600284 44.7187419008 44.1105209073 45.744001439 45.4000667436 44.8845578116 44.0868295231 45.140766056 43.9475290551 43.4120499398 43.0980430621 44.5911034373 45.7037083778 45.548944586 45.0972426303 45.381251868 44.9198465876 57.1726734185
43.4880293597 44.4142318916 43.8418695495 43.9999684967 43.2400661155 43.0275594337 45.2601887893 44.6072120244 44.6273607792 45.3060941722 43.0187114756 44.8071326252 44.9544224965 43.547419942 44.3304424872 44.1784956276 44.9943301408 45.8096144273 45.3393681742 43.5902052892 45.0541297615 44.1884796008 43.6711999912 45.4647933364 45.7795170402 43.4860475773 44.6670195079 44.9910329779 45.3763495983 45.5454917151 43.5996552141 43.0329864586 43.4036367825 43.6205005958 45.3934935138 43.2997960312 45.0131424412 45.5635544826 43.3600538664 44.5680612905 44.4359328627 44.4833026677 43.5628781305 43.257092631 45.1840970978 43.6582496567 44.9558095122 45.5406605145 45.1834346003 45.4857829286 44.514561607 43.9828486345 57.1726734185
44.5596639893 44.5587736683 43.1705271166 43.7680793415 44.6658178885 43.0888326379 44.329440904 44.3294663017 44.4057457361 43.7363816683 44.5630880496 44.560178031 45.0334766436 44.8911189848 44.6903082514 45.5803603541 43.9892434311 43.9084354307 44.9981943516 43.4942080432 44.5153757616 44.0536563587 45.8163795499 43.7013912242 44.7938755031 43.9811100993 43.6489887709 44.5549072019 43.2618193153 44.2609706455 45.2090922804 43.0517157621 44.381047579 43.1063115821 45.6567942737 43.323973568 44.1447343777 44.5590298577 45.2129633382 44.1467627473 43.1294720942 45.0436954023 44.6815456037 45.0667247513 45.3633198305 45.0308428667 43.2622036358 45.0906307873 44.3176274769 44.5895784077 45.7292620843 65.5912833929 57.1726734185
45.7274346921 44.4834878392 44.1246040353 43.3660670314 43.5164884947 45.1248406418 43.9941471208 43.9997701051 45.0438586357 44.2868575639 45.582522254 45.6978388179 43.90689483 44.2572681906 44.0256448313 43.411612481 45.462433982 44.9815633949 44.7746789779 44.500392616 43.8275355833 45.7974339491 44.7484083881 43.2193019616 45.4247944033 43.4001609351 43.1798496255 44.5180303127 44.4546801364 44.0850087398 43.4399836018 44.9218792325 44.2670815174 43.432483738 43.9163993168 45.0422728735 43.1350737903 44.621084181 43.5471174697 44.6104598074 43.759105013 43.6806677477 44.9904835721 45.8143291053 44.8290164349 43.3058977917 45.5124175972 43.9125900453 43.6267220183 44.5321272028 45.7314080343 65.5912833929 65.5912833929
44.6546540403 43.6688136122 43.8935951148 44.9598881695 43.9451761688 43.7512294677 44.044456401 44.0803811187 45.4040201423 43.5819808245 44.6294835381 45.5666188926 44.8044004004 43.3099816367 43.9082491923 44.8636099943 43.7074170572 43.5004125478 44.9464924419 43.5733898551 45.4709966122 44.1886507486 43.8720849229 44.328502643 44.8547573045 44.9667460238 43.5267525799 45.3086209321 44.5861909256 43.3388837564 43.6460465462 45.571239068 62.9633180641 62.1570459345 62.9633180641 44.5470214946 43.2992858829 43.5924213542 44.8157897678 44.9614870933 44.21977215 43.5042407596 45.4840117771 43.963557154 43.427476284 44.2148962626 45.2241866613 43.8178997 43.0000931296 45.4561543765 45.4608569931 45.1112274825 45.2994251772
44.5373803613 45.0178126832 44.6531956608 45.5005303548 43.9481284754 44.042977921 43.2132427527 45.2498468636 44.1587323048 44.2316474999 44.7994363616 44.9834110669 45.2468408089 45.1608529012 44.050072584 44.2355294375 43.714536215 44.6106001429 44.5203474003 43.0155533776 43.8356255625 45.0664170627 45.6790008916 45.6909874628 43.0953600586 45.7391018943 43.1278624151 45.0224839356 44.5691216195 43.022006718 44.0199302067 45.6305185028 62.1570459345 62.1570459345 62.1570459345 44.8150655828 44.1075497735 44.4345460526 43.0990174138 43.5053804497 44.2548143738 43.7729505076 44.4216038465 43.1405293204 44.9065205508 45.387440251 43.9689514085 43.065642769 44.4932948871 44.865454184 44.4546327654 43.5170818046 44.451977616
44.3656589709 43.4320056975 43.5348732415 43.7314946135 44.3555377704 43.5349975134 44.7370010037 45.6053679738 44.5875026736 43.5900188274 43.3244534994 43.1365135516 45.4044871966 44.0258088209 45.8028670191 43.7349190083 45.0321457704 43.7970011532 45.341313614 44.8842979451 44.4782550891 44.7167541127 43.2639940823 44.1878788223 43.5675135049 43.2584470629 44.8340380677 43.480470565 45.4674216165 44.2815257013 43.8661694765 44.1150055249 44.7900858182 62.9633180641 43.7542458175 45.4983541375 44.5840424235 43.637346808 45.6161084358 43.6890719791 43.469772042 44.5215487082 45.4478675732 44.1021933666 43.7410162847 44.0003717805 45.2880030527 44.2883649479 43.8014413184 45.6767463997 43.1776500454 44.9836989788 43.6799757077
43.9745208175 45.3579892957 43.0239844492 44.1025884361 43.883306471 44.5384299741 45.746919138 44.0313454069 45.7218361347 43.1646657234 43.5364454748 43.6803027885 43.635307483 45.2068189957 44.340265069 45.6415050852 43.5141900265 43.8076541243 44.381180979 45.4579728038 45.0372389576 43.3720007932 43.9880161645 45.2121989525 45.8235607219 44.3082365722 43.1903812429 44.5701444339 43.1643309693 45.2557366033 44.7187699754 44.822950341 44.8797636672 43.8147563331 44.3631796348 44.5684058439 43.2191865908 45.3528002222 45.8262007563 43.6510426308 44.3638759754 43.8628692371 44.7080416884 43.4619373729 43.4462081965 43.8732501379 43.350528982 45.0823732818 45.6241380249 45.2726951936 43.211394197 43.5624802034 43.2707157612
44.3123533925 43.4352821513 45.088300764 44.6060397178 43.1638402415 43.9460244585 43.720461489 45.7930471171 44.2875942415 44.0352465996 45.209217933 45.210242485 43.3199444861 45.4352391837 45.1746986372 45.3390714891 45.7476907925 43.1342666574 44.8914599387 43.8775122459 43.9458050534 45.145014475 45.8027903827 43.832807663 43.228003375 44.1401156462 45.2731315517 45.7421392919 45.1095988123 45.4973244051 44.1773092524 43.4656056041 44.7538180971 43.3189803229 44.0377706528 43.4775925283 45.7863268731 43.1253511827 43.569620026 44.0143682575 44.5047377688 44.2175160206 43.7667241275 44.8509414943 44.9169877348 43.3200160346 43.516298174 43.4263464249 44.7999233926 44.2627678672 44.9065268016 43.6349520955 45.2174670323
43.5120068435 43.4211005188 45.0194485785 44.791990228 44.0285927122 44.7280113591 45.6185747464 43.6175181477 45.513253395 43.9184626898 44.1717168217 44.9103084146 44.8218901691 45.3359652067 44.1186837316 43.368028663 43.5520398502 44.9485253643 45.7181029646 45.7623335982 43.1936386309 45.5686681923 44.4172191084 44.8718907588 44.4023208309 43.5040794549 43.3893288361 45.1882287202 44.8161723492 43.1317898682 44.983810391 45.6075701005 45.197975062 45.474727653 44.1926574621 43.3430343357 45.5559973859 45.7488222006 44.9177258182 44.4958987065 45.5670397936 43.6635160622 45.4679861615 44.3979673309 45.0924055607 45.2226760642 43.6618276251 43.6131826621 44.678157956 45.3260088099 43.1292906847 44.8582388163 45.6547165693
44.909441728 43.6290158436 43.9374203841 45.610164118 44.8400804443 43.1597210715 43.5721406735 44.3079818015 43.7118821128 43.4811526233 44.07890324 45.5185691065 43.2688388522 45.069914309 44.961371875 45.7421530962 45.3870791783 44.8899944957 43.291141148 45.7052460951 43.4522063544 44.0365591672 45.170284544 43.4363410306 44.1511788225 43.772923822 43.8094226689 45.7410962686 44.5130162146 45.1728656805 45.4769091167 45.0302979425 43.8267337118 43.5340768586 43.1735100588 43.7115346561 45.7851356651 43.2200024991 45.5949600803 43.4690681346 45.4072998804 45.0935994289 44.149130523 44.5303897987 43.8146040677 44.4675336554 44.7836154575 43.8363389269 43.0005211094 44.5964037828 43.8156288717 43.6950268532 44.9901535318
45.3729081225 45.2292146759 44.2697962847 44.9365464797 44.7629352651 44.0239854627 43.4309303097 45.604610151 45.0858462408 43.8025847863 44.79942213 44.7311043932 44.5648131402 43.8708511534 44.5557939436 44.5977864317 43.5835639925 43.0149051834 43.1684137302 45.2564601218 43.3168999642 44.3738024419 45.3952012754 44.6389443515 43.0061722127 44.7194320591 45.0652252884 43.1120218939 43.5766701725 45.0791361418 44.5584552371 45.2270566994 43.0131149806 44.071521745 44.7030094223 43.8805875732 45.589116228 45.1613100499 43.2807022936 45.282011902 45.7096634118 43.1544449104 43.1734127622 44.7690734935 44.5572109657 43.0889745885 45.7677195881 45.4909457572 43.4620421271 44.1231190261 43.2888419669 43.1810823982 43.3662535344
