Spatial_Output/90% DEC/90DEC_1007.asc
NCOLS 155
NROWS 192
XLLCORNER 196769.923733
YLLCORNER 449719.875193
CELLSIZE 27.603701
NODATA_VALUE NaN
[rows 92 to 114 of 192, columns 53 to 105 of 155]
25.3169854607 23.6555863682 23.669379355 24.1048212793 25.5086208791 25.2626254458 25.3653003959 25.2509546321 24.8080003158 24.0700169471 24.3392558809 24.3942179172 24.9665599133 23.9390883715 25.0530268308 23.7520734751 23.7796764997 24.1374856 23.9683311241 25.0348917268 24.5040228982 25.5522314315 25.0282635463 23.9850973361 23.8572197439 24.3810793431 24.1758466451 24.214260779 25.5433027584 24.0026273821 24.8616145145 24.6163424425 24.4996038507 25.3231351029 24.8761949042 23.7074461368 23.5595622955 24.0823906406 24.4773697676 25.4787897155 24.3175841058 23.6976140985 24.4324146559 23.6944992723 24.3573793204 24.9058061249 23.8608086986 24.4074928705 25.5953592666 25.1515528194 25.6089242771 25.1147684001 25.5568623983
23.8783889018 25.3633471007 25.4115486529 24.1041191082 23.9775629147 25.0748722761 23.9387815819 24.2011550005 25.478383436 24.7323620004 25.252315407 24.9403113433 23.6885983142 25.6125070253 24.118951953 25.01940253 25.4084368945 24.074241192 25.2517982027 24.1610026009 24.3944324382 25.2393745371 23.6562490433 24.4213290235 23.5549698855 24.5628720166 24.2697981168 25.5078259304 25.1374557476 25.3646193975 23.8720516119 23.8169139957 25.1356201828 25.1103032283 24.9387660463 25.5718548232 25.3258948319 25.3722255101 25.0079054978 25.2018041089 25.3812968272 24.2780998658 25.1051471624 25.045652414 23.7427619705 24.6730598871 23.5474624419 23.7263858957 25.4448836725 23.8936151566 25.3853904634 23.6884126505 24.1219622441
24.909600578 23.5820151953 24.2492260299 24.4437350893 24.3564984769 24.3475890514 25.5196962223 23.7977312129 24.3177611282 23.5067422569 25.4637836103 23.9768359756 24.3813257378 25.1363963347 23.7448208699 25.562310897 23.7946430763 25.3732638731 25.2167987583 23.6310537565 24.7994049323 24.3938261588 23.8209604882 24.8269889129 23.9149495829 24.6288483424 23.9389164807 24.3877265042 25.0017974804 23.634308928 25.5989395798 25.0652144609 24.1742559388 23.6984575781 25.470094794 24.3913972696 23.9944600551 24.4480161314 24.3998725368 25.6169083043 24.6687147951 25.5297512364 25.2850697172 24.156834365 25.147558197 25.1489162107 23.5575471619 25.2024152288 24.2633937183 24.9975223479 25.2711566311 24.4737061699 24.0924985209
23.7089265597 24.6609891899 25.5276623108 23.7332177345 24.9414897143 23.9228319898 23.9057519153 24.6683137006 24.4640328111 23.9053595719 24.2303379724 24.2008086264 25.4117694274 25.2258699841 24.2618767166 25.4059402432 24.192981713 23.5528112309 23.9206749827 25.6192198726 23.5751545173 25.5463971142 23.6321631391 24.618313617 23.6551807777 25.1147663605 23.5363958992 25.6014661762 25.3617527295 25.0355997865 24.2927287301 24.238710513 24.4609979029 25.2281392708 23.7495289836 24.5474760545 23.6417718958 24.175958454 25.1959173244 25.0616847989 24.8448056719 25.1294047363 24.182911129 24.5734867675 23.7985027886 24.6229709729 25.5743105091 25.4312277984 25.1229517443 24.1562118089 24.1988214702 23.9200533661 23.6160045048
25.2577114724 24.1464141265 23.5164084169 25.6185650004 24.8571583278 23.8048097385 23.919282056 24.7228405874 24.5624427893 23.6735308374 23.6151786969 24.2284712312 24.3447234448 24.580139513 24.1005083083 25.3537750315 24.2239036165 23.8181616477 24.7733584322 24.9759189158 24.452100909 24.8438260595 23.8783913621 24.3601952124 24.6946867971 24.4685957453 24.1590718587 23.5822446879 24.801073371 25.2205644964 23.9055390749 25.0451126604 24.0630194033 25.27351795 24.493666396 25.1667715293 23.6770882668 24.0655221593 23.5234070336 25.1258734888 24.7052270065 23.806641971 23.9790372844 24.9413175565 24.5006213924 24.594915482 24.4656279193 24.0317213676 23.8517372365 24.4505601494 24.3747690293 24.7651587179 24.7483770034
24.3487373768 23.6880192528 23.5169605892 25.3053517566 25.4913331561 23.6294484215 24.1847439509 24.1895243368 24.8238992243 24.9481942829 23.8809317884 24.676451092 23.6477520039 23.5614808681 24.1940053628 23.6829304181 25.0659460282 23.8008232972 24.813157752 23.666261712 24.1363541282 24.0102971046 23.5703012948 25.5389374826 23.7961917065 23.6885947099 24.5178101066 25.5976576518 25.4860936318 25.1737097586 23.9639238576 24.1799259983 24.2597218299 24.4648018332 25.5312014018 23.8390676093 25.2274681353 25.354688407 25.1797879065 25.4075780016 24.1324049426 23.6617442414 23.9642824952 23.9784685156 25.1469361707 23.6245663203 24.1371269239 25.0174075378 24.9860446001 25.0381793539 24.246394628 25.5730900798 24.991432225
24.1065883112 24.9638585154 24.3084293914 25.5737048731 24.8934403725 25.5817930688 24.7372466527 25.5894304594 25.2670776762 24.70461133 25.1911379043 25.0448439732 24.4555333332 25.2060237374 25.2881332094 25.2382295486 25.3213542097 25.5963412169 24.5340902437 25.4440095807 24.2388272218 23.5101743738 24.0765504314 23.5358531825 23.7118781072 25.0021500728 24.0216122522 24.2169111821 24.5913723446 23.6861634791 24.3255665548 24.6561033017 24.5299469887 25.2281611817 24.2929071609 24.5756871481 25.5905148963 25.2955512357 24.4413915568 25.5651414879 23.622316008 24.1155564471 24.2173805281 24.5454925563 24.0483619167 25.4998953511 24.8923472253 25.2286261524 24.78537227 24.1219566129 24.8453055883 24.7915797982 25.0458873057
25.2545740805 23.9670905706 24.6831226343 25.6096585829 23.7222151268 25.0852187649 24.6009335498 25.335618287 25.2190650428 25.3856796557 23.9064836443 25.3026916028 25.3419260501 25.5281147165 23.9730237656 23.7874970584 24.8484686345 24.8216111568 23.7845138621 25.1526813175 24.8174363016 25.5034915227 25.4158209426 25.0610274031 25.1747966705 24.7338299639 24.8977531158 25.054996972 25.2178315381 23.5914163494 25.1935174604 24.6471594314 24.5323070206 23.8882236302 24.804650052 24.6294457466 25.5259324334 24.3227150181 25.3117775446 24.7051132718 24.9002404978 23.6520362944 23.6759090317 24.0733383427 24.7717077142 25.6178810907 24.7793357176 25.0723438506 24.9088494301 25.5016240528 23.934405158 24.8577316653 23.5870767945
24.110289593 25.400610606 24.8215288548 24.4934601673 25.2509967509 24.7553484423 24.2325063681 23.6825666055 24.4874400416 23.7246312879 25.5148694113 24.7607582674 23.6120804606 24.6213042098 24.7548373806 24.9443259344 24.9200511576 24.2996225033 25.4247012738 23.6512101698 23.7267254865 23.530678476 23.7703543203 24.3124003564 23.5731720795 23.5234229722 23.7918334709 24.3780316516 24.1435216492 24.7669860909 25.3666252518 23.7307757857 24.5987667459 24.0434997693 24.6648855253 23.5599969293 23.9129363793 24.2259887497 24.5034451786 24.6294951246 24.0955567449 25.2850926773 24.9951001794 25.3114194565 23.7308882115 23.502427787 24.6134659798 25.4076434822 23.7352183532 23.9819406355 24.4421664119 25.0238831167 23.5543259538
23.7376790199 24.0131137432 24.594583268 24.831839276 25.4881835263 23.7265101328 23.5481683599 23.856073525 24.6339025013 24.421021249 25.1266308092 25.0839364986 23.5692012141 24.5292455217 24.0193788747 23.9391399583 23.6504556308 25.0627850034 24.0299984743 24.8154019615 23.6553450659 25.0460988915 25.5023754283 25.4905654073 24.6887653264 23.5469926029 23.587616948 25.0893236379 25.5355101002 23.8714044839 25.2614670313 24.0897180935 25.4849926983 24.1627618581 24.5497725891 23.9110092278 25.6112414101 24.2084147344 24.7536306405 23.905576898 24.0043897238 24.3065658878 25.5716157959 23.7982399518 25.4607617945 23.7153354899 23.5850690816 23.5013080384 25.5105827836 24.5467225155 25.1251430229 25.4071585992 23.6482838997
23.8955017302 25.5802987461 23.5506804666 25.4804505844 25.1558034519 23.9879712246 24.8116110439 24.6146160585 24.8832386284 24.0671525045 24.6999457246 23.6382885146 24.4842557195 23.7776666498 23.6676102005 23.7108359899 23.7412765409 25.4851882158 24.3004105762 24.0734931919 23.6599944879 24.5633837276 23.5481493924 24.5846749619 24.8490388306 24.1494094192 23.719307865 24.7906818481 25.2039036975 24.5681423585 24.1780159829 25.0365241975 24.1298310303 24.512502011 25.4077202205 24.3036880717 24.5437631293 24.4266526444 25.204341706 25.535545222 24.2749224638 25.441544102 24.9834590577 25.6032876431 25.4143150154 24.4649155681 25.2243723669 24.8958252175 24.3496880636 23.8006770304 24.1108244055 23.9347498044 24.5691423559
23.5468064837 25.6170051043 23.5543457793 23.9176142727 23.5426299088 24.4303057527 25.5307401583 23.5178845375 23.7696803953 24.0699959405 23.7971506299 25.6109021214 25.5709960544 25.1658196498 23.9793088034 24.9359004979 25.112299024 25.1072168992 24.8491608059 24.9868440584 25.1317981104 23.8300983529 24.4267514538 23.7637981629 23.5182756012 25.6069286107 23.6858527315 23.6247548209 24.7581816523 24.387804882 24.8914853176 24.7933240502 24.0403979165 24.5993879583 23.5078136441 24.6124822115 23.6594048018 25.4648709159 24.9595877014 24.0786061091 24.8875945934 25.1527417101 24.3057086376 24.5647009486 23.9156348087 24.1493295785 25.0079764866 24.7618331181 23.5957228345 23.7868541967 23.7907888007 23.7908512726 23.5113052908
25.3881612153 24.2978253111 23.8660530181 23.9762139576 23.6592148797 23.5833806071 25.4006927701 23.6314256764 24.3573884336 23.5576046155 24.5729175107 24.1675896527 24.9002708619 24.2604165913 24.1987102484 24.9825395068 25.4588801567 24.1435000615 24.9904068991 23.5445121568 25.2632715243 25.2615747483 24.0840231784 24.5589968911 24.7067510551 24.4857143026 25.2345326737 24.955566314 23.6977960397 25.5879478433 23.769489113 25.6167438132 23.8219371815 25.3942488253 24.1814913148 24.3489498082 23.5714059078 24.1774884237 24.6167732721 24.9988802055 23.5292681434 24.6701347385 23.907009055 24.3764934487 24.5536958792 23.5153691198 25.3807881322 25.5021331845 24.4671414176 24.7285800653 25.0886449361 25.2400525027 23.7425147482
24.0116009871 24.6443108121 25.5510376074 25.2014587519 24.0440512725 24.7865430468 25.0141329461 24.2768547903 24.4063390178 25.387680332 23.7373081362 23.5783524853 24.5240485252 24.4367674108 24.3578441331 24.5662872073 25.4599890003 23.6066328671 25.5976143724 25.3039646877 23.7273054585 24.6808479952 24.3792395912 25.2232130727 23.6266012169 24.7986664596 24.1898967929 25.6172652521 24.1621560874 25.6132287873 24.8289238282 23.5308679596 23.5274532971 24.1637900347 24.7134104323 24.4647030111 25.233606574 24.3737581857 24.3380215524 25.5804472825 23.8057931769 23.7029060241 24.8411642625 25.6019670403 24.3946935247 25.2975103234 24.5244548005 24.5082707603 23.9634569073 24.7615287067 24.0127800366 25.5261972725 24.7044972569
24.7127133767 25.4785272584 24.6252898909 23.5040477092 24.3829041008 24.8665733032 23.9498237633 24.1326401819 23.6882385956 24.3639541234 25.3940710311 24.3632130234 23.7799877874 25.157095255 24.7330084129 23.9174525887 24.1350466647 23.9257852311 24.8588236396 24.9384193551 23.8550943468 23.9380546594 24.1707032243 23.5964931711 23.794914272 23.944498634 24.6840509834 24.3249996183 25.013899017 24.7703459661 23.9913542748 25.3602585848 25.0446215079 25.028290156 24.5316471619 24.4288236577 25.3899597503 23.7688922789 24.6941268018 25.102198325 24.8572813979 24.1749272827 23.9324229641 24.3814824229 24.6873621557 25.4962339299 23.6909469204 24.3964409826 25.307760363 25.4327186196 24.562379977 25.298463348 24.5278635577
24.3536588485 24.3377609371 24.3701258323 25.280494416 24.4187379235 25.2783977274 25.619180675 24.8684203855 23.6695201483 24.3210014434 24.4437372497 24.4264610784 25.0203704245 25.604887789 24.4479186235 24.2093477504 24.9155566672 24.1835290151 24.7744360796 23.8020904831 25.362438733 25.1187635169 24.0626387139 23.6821969488 23.6862014703 24.0594982317 24.5465468088 23.5547500894 24.1138770974 25.5439556806 25.5123146969 23.5511639365 23.9702668838 23.9589201613 25.3879852556 23.990788181 23.5961213693 24.5812096439 24.633417696 24.4865909763 23.7366378323 23.647884967 23.7471545025 23.690001723 25.3464285382 24.0819724017 25.3420128453 25.4707677479 23.8378181736 24.1010357147 23.5286038437 25.0899936096 23.6487321307
24.5260217886 23.7144481991 24.0365423562 24.2958464046 24.7309297874 25.3315878831 24.6691926375 23.5734988114 24.1668842075 23.6570807499 25.4794548524 23.7423148419 23.6440046376 25.3011840764 24.2251680894 25.3688212409 24.4548308895 24.9845827781 24.6920950476 25.2585888532 25.4063319753 24.045002233 25.2579158223 24.1577427271 25.31188921 23.8363765488 23.7823230711 23.5406074651 24.1623411278 25.5814384562 25.0780426046 24.7007462134 24.5706418286 23.8609049693 23.7217526418 24.7681964558 23.7693934651 25.6106207147 24.872160582 24.4842502384 23.6036988255 25.2435487186 25.301171962 25.310496186 24.9489511048 25.1233082206 24.6998518505 24.6492229837 25.3966674478 24.2007090639 24.2890074838 24.4640679228 23.7848038326
23.5907325865 23.664342499 24.6249508784 24.0422658402 24.6773793031 23.8665610032 23.5214131733 24.2457992615 23.6180937037 24.2567971278 23.6125559491 23.5467431618 25.3812731969 25.1411121039 23.6304369635 25.5433210962 24.9121933953 24.7757266277 25.1747660457 24.1220073796 25.0090491809 23.6694286536 24.3349861886 25.3064112 24.7598642187 23.7796737179 23.6720927784 24.1922594319 24.76975923 24.2202091034 23.6143506121 24.9611197026 25.0334094352 25.2320970936 25.6163689388 24.0542904244 24.2846295325 24.1840357929 23.8171850698 25.0663407521 24.3502696874 25.0403239865 25.5516027777 24.5297545345 24.1917495511 24.4207399657 23.554978351 25.5253597666 23.6358578726 24.7469096622 23.6201214942 24.4906822098 25.0305804165
24.0813392678 25.2153750389 23.9383844291 24.8060954422 24.0541576336 25.1095390326 25.4978921238 24.3909886398 24.541723909 25.3325533854 25.5598202691 23.9577037675 23.7312630261 25.3821180984 23.8882318306 23.560368226 25.2875087457 24.5935774386 25.0599248444 25.2111121134 24.1066362807 24.2979935567 24.5431546471 25.0575777155 24.827200167 23.6830262069 23.866988642 25.340456925 23.9874445898 23.8903770935 23.5409373465 23.9459696498 24.7459270551 23.7753184202 25.0282294435 24.205739957 23.6718585918 25.2866518211 25.5539842647 24.8217587745 23.9627331819 24.1707599416 23.9929786846 25.5022254065 23.7142341037 24.2507706678 24.682728799 24.0144077581 23.8563335436 24.0065405161 23.5792385312 25.4687347359 24.1572802115
23.5529200518 24.4619775307 24.0739841714 24.4916130025 24.2285316957 25.1370490275 23.9852984903 25.2142475687 23.8020751142 25.4034327674 25.3551025537 23.7128571081 25.4017414674 24.9035059324 25.0613632231 24.2811229707 25.3186372962 23.6015492426 25.0345501639 25.2585194253 24.7973323035 23.7051855312 23.5231762008 24.5224308665 24.9274834678 23.8493848502 25.1935526116 24.2108916678 24.5657050979 24.0065497796 24.5288280723 24.7981237487 24.2233898799 25.3569701126 23.8745385818 23.8377314136 25.2143026351 23.8936562863 23.6352739653 24.6558784113 25.1867501194 25.300023609 25.1577434532 24.7462090913 24.216646294 25.2338617695 25.2513245549 24.232968071 23.5968206033 23.5873613848 24.7788419403 25.3778273174 24.229947661
24.0374223075 24.9558518647 24.3857255204 24.7308316775 25.4057627841 24.6672196677 24.1689441144 24.2969177747 24.1012547857 24.0676611703 24.300474797 23.6967572631 25.3316698227 24.7552286572 24.8512007335 23.6741436233 25.2619922855 25.1061362614 23.5487251721 25.2965767235 23.7453190564 24.9499076872 23.6569052243 23.9044936058 24.5002405813 24.2359780564 25.0240901364 23.6641757024 25.4066594209 25.1085488028 25.192738389 24.0411649487 24.1447106338 25.0984897095 24.9592295404 24.1506287894 25.5636248194 24.7570763704 24.3409132024 23.5145970205 25.2334547413 24.5695096029 23.5208558646 24.2839017901 25.0149929704 24.4920080997 24.142953168 24.2285636462 24.5262664821 23.6880510351 25.2160643666 24.8547042818 25.5887922544
24.7709842829 24.7245783625 24.017176178 24.0344696844 24.2883865597 25.2343648281 24.8241752227 25.1616496065 24.0629293771 24.0992510655 25.4977856262 23.8382091338 24.0411986181 25.5389856785 23.9943149633 23.5325495564 25.0055721242 24.6494214501 25.1499375834 24.0891155955 25.0769047251 24.8343001014 24.2383595479 23.6016162525 24.1496700318 24.3763687828 24.1397378501 24.5769637781 24.5171046385 24.4617074317 25.094984791 23.6524435846 24.9562605918 24.2218351343 24.0731737765 25.3659478798 25.4631276449 24.3328017537 25.1416216373 25.2861711632 23.6418407601 23.505407994 23.8693577006 25.327547766 25.0304492863 23.5451829713 24.075793237 24.3657975679 24.9629189715 24.756209302 25.0843898836 23.9334444769 23.9105459361
25.0935549964 24.3911101069 25.3323116932 23.5601716075 24.8550895894 25.0705549073 25.5085709759 25.100294474 25.1973540674 24.0704430852 24.1901807783 23.833396015 24.5577710659 25.0257377579 23.8638681864 23.7776510753 24.3433113558 24.0230043552 23.5639663598 24.7362271808 23.7756926254 24.3994550897 24.4178746664 24.4549069966 25.6051701874 23.7023865001 24.7411246567 23.5451683906 23.9369154319 25.2868123128 23.9768732859 24.8953030912 25.4003904968 24.4509787462 24.2237780814 24.8951208243 24.4494958164 24.5911659067 24.4223602862 23.6129740233 24.2730137855 25.3668948522 24.4131540222 25.4077947238 25.1809273044 24.4230285891 24.9934138619 24.8302134266 25.4442995578 23.9477910892 23.5917613719 24.9589311466 24.3709452409
