Spatial_Output/90% DEC/90DEC_1123.asc
NCOLS 155
NROWS 192
XLLCORNER 196769.923733
YLLCORNER 449719.875193
CELLSIZE 27.603701
NODATA_VALUE NaN
[rows 0 to 22 of 192, columns 0 to 52 of 155]
0 0 0 0 0 0 0 0 0 0 0 0 0 0 0 0 0 0 0 0 0 0 0 0 0 0 0 0 0 0 0 0 0 0 0 0 0 0 0 0 0 0 0 0 0 0 29.103714366 31.1942710452 31.6274478491 29.3859927244 29.6963441599 29.1156826431 29.028494942
0 0 0 0 0 0 0 0 0 0 0 0 0 0 0 0 0 0 0 0 0 0 0 0 0 0 0 0 0 0 0 0 0 0 0 0 0 0 0 0 0 0 0 30.591619131 31.2812507495 29.1419799737 31.8430969783 28.7017460573 31.0822105406 31.6807777366 29.2457259983 29.9090990632 29.0881074585
0 0 0 0 0 0 0 0 0 0 0 0 0 0 0 0 0 0 0 0 0 0 0 0 0 0 0 0 0 0 0 0 0 0 0 0 0 0 0 0 0 31.2100118089 30.4848444568 28.9252417809 29.8275731248 28.84978195 29.0048449715 32.0041852317 29.8114470936 30.2473426496 28.7674767885 28.7941622774 29.7603558642
0 0 0 0 0 0 0 0 0 0 0 0 0 0 0 0 0 0 0 0 0 0 0 0 0 0 0 0 0 0 0 0 0 0 0 0 0 0 0 28.9872813266 30.4585728468 31.3758633202 28.6349263596 30.1225262378 29.7803090872 28.8620446645 30.6296100529 28.6911301489 28.8156878288 29.1944257487 30.2666961018 28.5374897813 30.5004088088
0 0 0 0 0 0 0 0 0 0 0 0 0 0 0 0 0 0 0 0 0 0 0 0 0 0 0 0 0 0 0 0 0 0 0 0 0 29.5539278717 31.3614299809 29.3106401839 30.4889082601 31.3074031892 29.3136163981 30.7698597001 31.0312360751 30.2435095676 31.9832950541 30.9901488691 29.228717989 28.6811842892 31.2318220581 30.132233827 29.8601897027
0 0 0 0 0 0 0 0 0 0 0 0 0 0 0 0 0 0 0 0 0 0 0 0 0 0 0 0 0 0 0 0 0 0 28.7707011472 29.314643487 29.1811460063 31.3571056865 30.1512175681 30.6381025511 30.4409525918 29.0867036389 31.5613297672 28.7826786798 30.1008753894 28.5653498813 31.0271741609 30.2209521075 29.5182425649 31.3876224492 29.5546641288 31.2219921811 31.0897282601
0 0 0 0 0 0 0 0 0 0 0 0 0 0 0 0 0 0 0 0 0 0 0 0 0 0 0 0 0 0 0 0 30.9107204323 30.2043389544 31.7067248181 29.5732047753 30.8242112254 29.4685280443 30.3718896516 31.6209878721 30.6215556026 30.4736893922 28.9800678308 29.3484607753 31.4267370384 31.6476844814 28.76025126 31.1868885549 31.4762455877 30.4833091889 28.7901775488 31.518846567 31.6284627945
0 0 0 0 0 0 0 0 0 0 0 0 30.9324524196 29.5767066726 31.5353312943 28.7778921008 30.9638347293 31.429832375 29.6477140862 29.9518635543 29.5091620966 31.1439914558 29.8246658701 28.9560505955 29.2221354022 31.1441974668 31.4220050963 31.9549287196 28.5990733749 28.9955332007 30.8637809157 28.6279268113 31.4195373385 28.6740018758 30.9773997921 30.8154258804 30.7580202993 29.262786799 29.5278704362 29.1314957123 31.3361019762 29.4350558865 29.2875364642 31.6005489582 30.9534420961 29.737055404 29.1612329705 30.0916712587 29.1226635254 29.23306027 31.6372761874 30.9457894864 31.5314975537
0 0 0 0 0 0 0 0 0 26.2334622916 20.4586172943 22.1453592638 28.8972370373 31.9434861726 31.4859844918 28.9112336297 30.3504403469 30.9148245922 29.6037450511 30.7170127086 31.9194813521 29.1485305897 31.4149362945 28.8045077282 30.0782937821 28.7665433139 30.0257624763 28.8216385284 30.7698412173 30.9905654491 29.1056347448 28.7669431935 31.5573639443 32.0095231879 28.6874737174 31.0447488693 29.9511770444 31.1512123071 30.9242932295 31.2182511003 30.7579628342 29.6055027766 31.0247032226 29.082264949 30.6293273589 30.3978974863 29.5163486966 29.5701323588 30.1854774051 29.9823887263 30.4602809284 30.6909588837 28.5077774667
0 0 0 0 0 0 0 0 0 23.6341595457 20.0185263367 23.4091419467 31.4795201909 29.9538979991 30.2217370333 30.5958244901 29.3646698238 31.0080119503 30.229879828 28.9000589326 28.6011480734 28.9848476995 31.447187018 30.8157359061 31.6248712883 30.5832986519 31.8249792681 28.6532225031 30.296964361 31.0097480608 29.6199832162 28.7669337602 31.5180227998 28.8360101399 29.5257435529 30.9400304123 31.4219876822 29.066979514 30.9032944843 29.9792665068 28.7509207909 29.4130619987 30.5708827449 30.5589695842 31.837001109 30.7298989437 29.8624234976 30.0779296409 29.7234441395 28.5238067092 31.3962198967 29.4061300006 30.4793344876
0 0 0 0 0 0 0 0 0 27.5953352182 26.0723340691 28.4332844451 28.5760350669 31.0855523328 29.7354179713 29.4141166108 31.7866963569 31.3063321742 31.3573593665 30.0183344786 29.3516059108 29.8029852106 28.7806269381 31.0844470129 28.5570040102 30.117785949 31.5592595402 31.6568696351 29.1474256345 30.572138448 28.8887790996 31.6606444939 30.6474809235 31.8676438931 29.2532573875 29.782142657 31.476800512 28.7935301325 30.7904176917 28.7068356646 29.848528643 29.2298670047 30.7454857333 28.7722776241 31.9048187533 29.1000306256 29.4921048639 28.5967389625 30.0328730593 30.2397225356 30.770144019 28.7769647956 31.4854662335
0 0 0 0 0 0 0 0 29.4875014536 29.4750512616 28.7457652814 31.6477918866 29.1648594146 30.0691936796 28.695702053 29.3201002532 31.4926184493 31.4803552799 32.0150452939 29.7330427439 31.5593582081 31.3562647179 31.2278224538 29.0484357765 31.9738561196 29.225430008 31.9190240468 31.7392987908 29.9152400068 29.7121857828 31.5259790903 31.5602034244 31.9247916223 29.7346767137 28.5511585326 28.736913941 29.325271273 31.6044783605 29.5222541901 31.5449551682 30.5734205076 31.8304961302 30.7193064222 30.9287634924 29.6479660483 28.8028333928 29.8514955578 28.8167124628 30.9930580517 29.4587859773 31.3008556006 31.3172788088 28.6199524343
0 0 0 0 0 0 0 0 31.9983447441 29.1714887797 29.6099536244 30.8723863928 29.4584440219 30.1353585858 30.406933844 28.5692001629 30.2565454558 29.2471218743 30.7006759813 31.148764187 30.0685012575 29.2878789582 31.5270278395 29.2742493252 30.5674310529 29.6633473431 29.0748584007 30.4764576288 30.2097734634 31.28822486 30.1215910525 31.1048302021 30.797600879 30.9613058055 30.7308750686 29.6382424479 31.723362709 29.1375499915 29.6221769331 30.9232778016 31.7130394215 28.697641693 29.9129384276 31.3221340408 31.780067187 29.6443156041 31.0181453686 30.4934233397 29.2241622713 28.7123180579 31.3254802582 28.8830023205 29.1716824906
0 0 0 0 0 27.968885085 12.3468113993 27.300468312 28.7669657209 30.4331514342 31.8645485418 31.1687551312 28.8512256195 31.8257212592 30.9299803673 31.7164999297 29.7139365499 31.8004203434 29.4063747869 31.759814763 29.4237176211 30.5411906994 29.3212890811 29.7931102947 30.5113138765 31.0579190542 29.9456922491 31.4845161683 29.9054963898 29.4855474724 31.0653820391 29.0335573649 30.2891873172 29.4560890829 28.6179562854 31.7303522598 28.7206073964 31.3139083714 28.879819857 30.8917738429 31.1765909389 30.9668709821 28.9882902606 31.9278507062 30.536611908 31.4957477591 30.4220676082 30.4210365896 30.1722965727 29.1636908527 29.9202326705 30.1000787958 29.9829210506
0 0 0 0 0 16.3669865659 21.5153411945 28.1486463259 31.9717337772 29.3995116705 29.5747632408 30.1474871495 31.2049118091 29.6246350713 32.0076875078 30.4155482829 29.0178146526 31.2257222596 29.2683334831 30.0798403098 29.5151896079 31.2520464367 29.1412734332 30.7208017655 30.3200748324 31.6431261573 31.4781362514 30.5345152158 30.1519656741 29.5602565971 30.5817736994 31.3934749619 29.2971875902 30.2824393253 29.2092343503 29.5747993312 29.9994448603 30.0521608243 29.1595360084 28.7620393796 31.9077395236 31.241080295 28.6917130196 29.4780893692 31.1194591784 31.5452099857 29.9218699078 28.8737399013 30.0449358685 29.6424210562 30.1590644589 30.583428168 29.8899538237
0 0 0 0 30.9853373229 13.297280223 17.9444123248 20.9715130157 30.0386852655 31.267752802 28.6386582722 28.9821249001 30.7459160941 31.2325736741 28.6180652163 29.2759234208 31.5856470279 30.8096487407 31.7486872741 28.7514797548 31.4555516394 31.0803099151 31.2612945434 31.7183926329 30.4058411398 31.3986626998 29.3555438899 30.268108326 31.9960877677 31.9559647969 29.9069097737 29.2447398108 30.0832899359 28.856760772 30.2469688864 30.8769371955 30.8745468309 30.5118374976 30.2800589874 29.1219669719 28.5516903353 30.6273969191 29.2708233642 30.3958244647 30.4422843458 30.3191119944 28.9958599176 31.5700225855 29.4774839121 31.050623267 29.830172096 30.8908457204 30.1780835041
0 0 0 29.8282740221 31.616431482 29.5859066031 30.8816695268 29.1375500224 29.0200689466 31.6567681033 30.2122504674 30.2888829186 31.8602932961 29.1015721472 31.0704335366 29.4598190338 31.7280273637 29.4466921967 29.7860607382 30.3034755229 30.900126732 29.6119161321 31.345812245 30.2734130783 28.5866322276 31.3130803586 29.0023652597 29.6258925058 31.574279009 29.8908354746 29.5018551649 31.3386781312 28.8355534896 29.0273381988 30.6292145306 30.975078086 28.7969895438 28.6605797808 29.1335963498 30.3450259853 31.3536212631 31.6812396338 31.9965552488 30.6039048942 30.8713246713 30.914852157 28.6704415913 31.3595342502 31.850073129 29.6444630628 30.225013567 30.6712224151 30.0689869121
0 0 29.2732161081 29.1001836028 30.3456628315 29.3878521857 30.842284782 29.0137565874 31.543656878 28.5214619175 30.4084199043 30.9395109275 31.936217412 31.0786424375 29.1613259106 30.4476578756 28.5840337575 30.86251695 29.4109354236 29.052986868 28.9535794742 29.4738396061 29.6259236024 29.0210412852 30.2092030231 29.1331059684 31.0513037131 30.4579067404 29.0945892003 29.8021898764 30.3434291854 29.5543518761 31.046967344 28.6098297866 31.7890840844 30.1450603476 31.7317355154 30.9634553833 29.8247744088 30.3694154624 31.4504638904 29.0370461973 29.84016024 30.3156172786 29.7694420224 31.6002842324 30.85981311 29.7357621903 30.2327426901 31.1920532574 29.9634200217 30.9458353597 31.1682065002
0 0 29.8174818659 30.5744064573 29.1271478364 30.8813658523 31.4945610401 29.1880428909 28.5483508065 28.8109527833 31.7962926922 31.3904156672 31.749564868 31.2597014894 31.0531347212 29.443741969 30.2903287488 29.0763820755 30.4914095586 30.968199432 30.9752792243 31.3245656021 29.7455439135 30.9694442347 29.5420095194 29.6479644168 31.7659722018 29.6691744194 31.9028264927 30.0405040817 31.8158536031 31.1829216335 28.9538700733 29.5927165794 28.585847602 29.6596767488 30.3922455129 31.0250588865 30.2108395571 30.2798832235 28.6862159495 29.0046881096 31.3170984123 31.4815579455 30.1510092721 29.5160278915 30.1357307939 31.8519508111 31.7860673105 30.6553596458 28.7074139232 31.8800379174 31.0624110853
0 0 31.4013769184 29.7815648599 31.5470957513 31.5913001757 29.0112413754 30.1040852661 31.1582480721 29.3433857512 30.2974376145 29.166934738 31.296315995 31.9391914133 29.5231615038 31.9346243737 30.4810885129 29.3541470248 30.091288697 31.0594807848 29.4227824249 28.8619030613 28.6707952177 31.1726206881 31.7838010665 31.9607837017 29.8088975566 31.3467799691 30.5729410752 30.567244935 29.9240077385 30.8943115135 31.406280957 29.6606440844 31.9112790541 30.4528193836 31.9525030881 29.066235023 30.0831144337 29.0749092202 30.8138053874 30.120464934 30.7691793837 30.5387242056 28.9147580361 29.0427355173 30.3821975099 29.6222723325 31.339843254 31.4208930108 31.6037916467 30.3251857112 31.1262778503
0 0 29.1391867474 30.0413960036 30.6469503227 30.3637131719 28.6301046737 31.4401027891 30.5846045133 32.0220105667 30.2927720992 31.8374834539 28.5286298532 29.925685256 29.8588077778 29.1710680787 31.214315882 31.3452088893 31.7464904637 29.9814075149 30.7638526997 31.5231422525 30.396235899 29.7327956381 30.4249288742 31.9538039402 31.5594900578 30.8778532047 29.7359483483 31.1484058445 31.5112999433 28.9337210777 31.3265175718 30.2428257744 30.9280969243 31.2595058875 28.6297336237 30.1219338454 30.3597340934 31.3023752653 29.7126965208 29.6791577176 30.8628670873 30.5834150694 29.6651792588 28.6867792818 29.2837070806 31.6197068988 30.5790786451 31.5393716576 30.1015467894 28.8947975062 30.8048060348
0 0 28.7155389436 30.8810853774 30.8492175601 29.5261039667 31.8666479917 30.8423479127 30.1734327669 31.7254729402 29.2770239076 30.0744183232 31.4445238152 31.8355701593 28.6774360854 29.0140985171 29.9822956412 30.0602528522 29.2583164897 28.9652850113 31.7476459017 29.3847283976 31.3955302236 29.4409642841 29.6089368533 29.6863080868 30.4254033316 29.704059874 31.0817105361 31.0191763868 28.9705164061 29.2513672299 29.7908747768 29.1649032924 31.9047514757 30.5009351537 30.9980196351 31.7341503744 30.3617785563 31.8243632228 31.2657854407 30.6052902567 29.3664132398 31.6931553233 29.8705322181 29.0563627361 30.4889883109 29.8620508775 30.9109989432 31.7963601805 28.789582991 29.2044132363 28.7395425026
0 0 28.6006902989 31.3635361807 29.4176233126 31.1058128363 29.1460068975 31.7787541095 30.7116764491 31.6500123117 28.6408815895 30.6466937445 31.4644782557 29.6352961359 28.5381393227 31.2376118223 29.6437288624 29.5644593584 30.7246667423 29.004327326 29.9633986657 29.5583620746 31.8330806893 30.7576854395 28.5169127509 29.5039439869 29.5129342488 30.3704302014 30.0826430033 29.5629023516 30.919689677 29.8249652398 28.950471097 30.4210547397 29.0098716763 31.5949080577 31.7452818959 30.1507488224 29.9338131899 28.7622013105 30.3077474507 29.28422781 30.4135666937 28.6076959649 30.1138417462 31.5350724111 29.1948021389 29.4046950617 30.366987361 30.7507909473 29.18529444 29.5003150128 30.4212200448
