Spatial_Output/90% DEC/90DEC_1058.asc
NCOLS 155
NROWS 192
XLLCORNER 196769.923733
YLLCORNER 449719.875193
CELLSIZE 27.603701
NODATA_VALUE NaN
[rows 138 to 160 of 192, columns 53 to 105 of 155]
22.641732191 23.1512476985 22.8672689956 22.8006021519 22.6565521094 22.8646681294 22.5502571982 22.9674819615 23.1661646149 22.6708677381 22.9151048186 22.9552487226 22.640941555 22.6412809392 23.1404912585 22.8451133024 22.9697675282 22.8285553757 23.0855929862 22.536157324 23.0235943972 23.1146916288 22.6012225778 23.0399356392 22.6141595036 22.5627705779 23.0774128433 23.1348348688 22.5053487246 22.9043860496 22.6018015615 22.5582239185 22.919970529 22.8846344872 22.5554045109 22.7471701458 23.0272819982 22.8873509242 23.1473855856 22.7779369916 22.6497537045 22.7129691124 23.1675044383 22.9924083365 22.6782225926 22.7672738978 22.918279424 22.8579017414 22.9505404636 22.926448552 23.1634514856 22.9967226476 23.11235376
22.6439897449 22.8269050397 22.9022925725 22.8683973931 22.9306063549 22.5849815839 23.1711339352 22.9885817259 22.7636194734 23.0997249969 22.7970290002 22.804317785 22.8263551551 23.0503485479 22.7335489584 22.8082581733 22.8792535768 22.6160361802 22.675912855 22.6217706212 22.6723282266 22.6761304415 22.9482797989 22.8912422012 22.5882182997 23.0753452083 22.888133302 23.0640935127 22.5761440934 22.8129265629 23.1675628043 22.7095012444 22.6373147511 22.752160727 22.920820655 22.7112192971 22.7875888016 22.9907672887 22.5063883366 22.5197416564 22.6296057669 22.6029668426 23.1870124948 22.7303985221 22.646831555 22.7116462045 22.5180677286 22.9342945067 22.5372160797 22.8080714355 23.0312979855 22.6793709605 22.8433606048
22.874175998 22.5712782175 22.7008734106 22.7647480629 22.6543307149 22.9255599834 22.5843566464 22.9495055556 22.8089432469 23.1382080005 23.003919731 22.9788052092 23.1251543887 22.8570803536 23.0082230819 22.5931985136 22.7758866555 22.5903673812 22.7125325599 22.9378391815 22.9674774236 22.6309907869 23.1680730031 23.0982163828 23.1970232484 22.7618316396 22.5367809887 23.0757679743 22.9233782625 22.8216949423 23.1786445612 22.7097572387 23.1988179153 23.1926953837 22.6011069783 22.6565933579 22.650663538 22.951862149 22.9878373027 22.5898526602 23.0967240851 23.0035632258 23.0111877239 23.0253795079 22.6975362361 23.0027028831 22.6617100361 22.8235322788 22.5880459149 22.798827105 23.0936153238 22.8879652329 22.6255972446
22.5295116536 22.7953037439 22.9318090524 23.0835298701 22.8772195878 22.5197185388 23.0222038313 23.1769311731 22.8772885048 22.7532016882 22.5455331288 22.6981561579 22.6430789529 22.6593371208 22.6382445478 23.1678497333 22.8048088977 22.9644720934 22.5267893908 22.6167141806 22.5008231795 23.1529885672 23.1571403228 22.6867421802 23.1759181357 22.9303930406 22.9288148618 22.5266730026 22.8152358469 22.9798608073 22.7933002612 22.9990586048 22.6491865107 22.7331796442 23.0912397466 23.1393101325 22.7233672858 22.7625897698 22.6937305265 23.0324352132 23.166996026 23.1664079367 22.9003198332 23.1274263574 22.6191148654 23.1346411183 22.9562888877 23.0364544024 22.7069926708 22.8860126545 22.654354696 22.7493100563 22.761042489
23.1328139904 22.5217460305 23.0840608687 22.7780728765 23.1208708544 23.0767782968 22.8332447709 22.6704829911 23.0882647526 22.6136782865 22.8777858876 22.8397757602 23.1633454335 22.6371022836 23.0919060927 22.5735447783 22.7893221014 22.6420971519 22.7081339809 22.5165082172 22.5024968983 22.602860912 22.8062202425 23.1457196853 23.1149581248 22.7341984978 22.6784640378 22.5432335509 23.0644374533 23.0171244476 22.894752411 22.6019671758 22.7545974498 23.0679253378 23.1634427657 22.6698270803 22.8284672637 22.7613344533 23.0971736588 22.8777896925 22.8563377366 22.8538714425 22.7339875349 22.5485523165 22.5750788211 22.8033580105 22.7792876529 22.6486867309 22.8745790032 22.8696024429 22.9430553033 22.6106598425 22.6118019657
22.8112608904 23.0794694701 22.702864625 23.149252702 23.0234863853 22.5752165213 22.8278012691 22.840579342 23.1328644297 22.8983657394 22.6706945959 22.9153459675 22.5084940705 22.9866456648 22.5109143508 22.8288123111 22.8198297306 23.1144808963 22.6174727791 23.0855782867 23.1650098707 22.8714033493 22.9280338469 23.068880821 22.6473726974 22.7088093624 22.9213244402 22.6187432279 22.5175539305 23.1582529051 23.0422838243 23.1671121129 22.8611745694 22.6166735629 22.9623289431 23.1449739923 22.5134448562 23.1913114942 22.7892990821 22.9258199716 22.9591411691 22.6788162627 23.1144796192 22.9178127166 23.0803424081 23.0763352109 23.1223393291 22.7981712366 22.9022734632 22.9567786176 22.8308740551 23.0723298794 22.5571600139
22.5632060627 22.8967227903 22.5421293504 22.5269450813 23.1636188609 22.6069487312 22.8560614522 22.5620306109 23.0031153865 22.6313749555 22.7281827902 22.7233140026 23.1318727053 22.954677374 22.9564931803 22.5903638002 23.0620231081 23.0742361991 22.6630188827 22.7303046184 22.9102283471 22.7623871305 23.0423475458 23.0375191985 22.9823900422 22.7276040571 22.8177211605 22.7841734146 22.6259523465 23.109909031 22.9512374552 23.1661594606 23.1707534917 22.7315591573 22.5741158769 22.8473127194 22.7541013354 22.5368472432 22.5981991055 22.5717248557 23.1030948184 22.7879634326 23.0004865919 22.5533592202 22.979213089 22.7079766362 22.9386781371 22.5068488537 22.9994223078 23.1119314991 22.5397970549 23.0548442181 22.5357458399
22.5049590587 22.7121938867 22.8949207006 22.9423390251 23.0709271399 23.0375793683 22.8409902818 22.5959033657 23.1708594821 23.1158108454 23.1707085753 22.5618811939 22.8341544162 22.5357005243 23.1124160979 22.7435911212 22.8111636945 22.7449183832 22.9412007085 23.0890016643 23.1737437269 22.8760235008 22.5050779675 22.8530303253 23.2013782848 22.9630598109 22.5623349685 23.0799649947 23.0809949269 23.0682493048 22.7060943408 22.7323129853 22.8240124684 22.6026121 22.6490337794 22.7038728019 23.0772712722 23.1125198565 22.6374335564 23.0520471119 22.7159465522 22.6981422233 22.7950551173 23.1191120435 23.0356275331 22.5585411077 22.8483983837 22.9372246937 22.8507178097 23.1948981422 22.6401080473 22.8228744829 22.5119642169
22.9702941204 22.5129762153 22.6140086831 23.1394856634 22.5478244591 22.588496896 22.8368395227 22.8234394027 22.9200539468 23.178669672 22.9653449758 22.6455144997 22.8733349303 22.5797081753 22.6681636358 23.015004824 23.2047259609 22.740648304 22.6731906576 22.594949184 22.5890692251 22.6085777256 23.1282231468 22.8725527819 22.9701469558 22.9304084532 22.7967896286 22.8020201064 23.0628604043 22.9509861397 22.7141081146 23.0657325431 23.1680255059 22.5923067212 22.5074418549 23.0494344785 23.1989902263 22.8326415758 22.7693034796 23.0627530191 22.7495643468 22.524228956 23.003618949 22.7774865394 22.6172564193 22.8556798992 23.0111391092 23.1602697745 22.6043070908 22.6938207727 23.1430101721 22.6939821584 22.8097655228
23.0626464798 23.0470291504 22.6016802305 22.8071345045 22.6348409781 22.8542039128 23.1512051489 22.6023525095 23.1971480552 22.5850603745 22.9479596605 22.7152708213 22.6109124807 22.6876209297 23.0192812733 22.742855214 22.6054403476 22.9904080162 22.6899734407 23.0077068617 22.9509909543 22.6827715482 23.0066075034 22.7230194909 22.9131235214 22.6592931705 22.7824217174 22.8862207275 22.9351955475 22.82971416 23.1111418728 22.8201960364 22.7997321527 22.8797260198 22.9750402975 22.7572916169 22.6545628635 22.696488758 23.1241491342 23.1761659514 22.6016127268 22.9121853956 23.0224099168 22.8160441363 23.1690191664 23.1938575117 22.72613901 22.9474001822 22.9111256178 23.1047778987 22.5032784493 23.0823890573 22.5705972703
22.7090098609 22.8383777823 22.7967445971 22.7303051774 22.9768076102 22.7167715908 23.0108366715 22.9359806658 22.6783194653 22.855685697 23.1202055803 22.7880657383 22.6341864354 22.9341791158 23.1962042729 22.8456909694 22.8186270736 22.7941483991 22.5558963802 22.8992434791 22.528880041 22.5471870004 22.7585694267 23.1939623468 22.6011327566 22.9585829333 22.8771131689 22.9263525894 22.7943175283 23.0076391399 23.1484440877 22.5992568718 22.709671614 22.7474632835 22.6030990145 22.9930161552 22.6601890609 22.6659775594 22.7621695717 23.1422634517 22.917732885 22.9033738037 22.6164880731 22.9095512229 22.9677023319 23.0000893644 23.070043526 22.7698616909 23.0784888026 22.6431550287 23.1911989391 23.0754200872 22.9650534414
22.7435416338 22.8869246545 22.7358870296 22.7220408331 22.7046220991 23.0203136939 22.7092220163 22.7106668319 22.8772680344 22.8566992163 22.6758985092 23.0541691435 22.5243565779 23.0039877328 22.6236493102 22.8221945947 23.000439335 23.1166502151 23.0402333356 22.6678948721 22.9592186105 22.9987619872 23.0168027246 22.6966555269 22.8710481798 22.970733097 23.1537717638 22.7164060998 22.7914873611 22.7838101369 22.6603814825 22.6577644508 23.1738537689 22.5676999908 22.8052702046 23.1050669449 22.7398101239 22.9695925226 23.0931962995 23.0084066168 22.9958955044 23.1256908658 22.5632812905 23.171025936 22.9108518013 22.5605210569 23.1266007335 22.542168677 23.1647101737 23.1759788099 22.7351636111 23.0857719305 23.1342081004
22.7754686832 23.1048102132 22.9200261406 22.6625499557 22.9785435035 22.69936906 22.5767706565 22.9934908611 22.9681822915 23.1402398187 22.5425717167 22.6452377145 23.0494145264 23.1176117853 23.1593881871 22.6359832072 23.0716967712 23.0106703704 22.6806849731 23.0323593592 22.5187719706 23.1329479086 22.6191235252 22.9741362226 22.5124611834 22.6138182013 22.8838219195 23.1472296394 22.9658969289 22.6751385149 23.1365220984 23.1540775764 22.8972997936 22.5158802211 22.790776919 22.892151917 22.733674452 22.5315552561 23.1688544272 22.6010979598 22.6348978481 22.6568567107 23.1802782498 22.7776465157 23.0916326431 23.1772857266 22.9808239967 22.629815105 22.698437337 22.9492541871 23.033532517 22.9909964769 22.6228254504
23.0858117572 23.0897550126 22.9981134071 23.0522921405 22.5061917326 22.6478673525 23.0437554705 22.8274116092 22.7449281147 23.0192713068 23.164597307 22.953311633 23.0381026309 22.9868237839 22.7231581815 22.9819221284 22.599120613 22.7090682204 23.1687186086 23.1383869615 23.1107899769 22.8381057664 22.8170286467 22.9214222384 23.0530436254 22.6154925832 22.8232617422 23.159464716 22.736644251 22.5457720581 23.0216268225 22.8798793125 22.9432363095 22.8150300103 23.2051110475 23.1925308486 22.5879198322 22.8520499009 22.9232954592 22.6347499059 22.7666908759 22.8299332691 23.1534503816 22.6386536729 22.5251918766 22.6136822776 23.0491090866 22.9524485561 22.7701931701 22.7386243077 23.014833529 22.9644124276 23.0315445933
22.8603935513 23.0919043889 22.7357299492 22.5674787333 22.6006242926 22.6883304743 22.8724654877 22.9146416254 22.5463618347 22.8626629657 22.726719385 22.9144517025 22.5342792814 23.0403313326 22.7786483051 23.2062691165 22.8542827766 22.9489883574 22.541310821 22.6705489618 22.9359183823 22.5374908408 22.7030715087 22.6176318027 22.5983401649 22.5842727427 23.1699388715 22.6616164977 22.5894209186 22.6248282434 22.5240074551 22.6407775062 23.2045725446 22.9186993806 22.7179173515 22.9420800239 22.9266506936 22.7633331536 22.717534427 22.6923165745 23.1041743593 23.0182770859 22.74553773 22.5948936432 23.2063929479 23.011389232 22.9983141012 22.6002529751 22.746992327 23.1452921687 22.500486598 22.6119860026 22.9079451193
22.8775650557 22.8872319917 22.9456967137 22.8859356438 23.1468867575 23.1745672105 23.01384404 22.9284367191 22.7524491791 22.6598036356 22.8223973499 22.6356679997 23.0683215107 23.1898218362 22.9925212446 22.7264232279 22.9521823555 22.754882856 22.9124369765 22.9080339858 22.9985653594 22.5020358065 22.8747505056 23.0678958325 22.6533513512 22.5672819791 23.0908918634 22.9133500233 22.5434499211 23.0383737571 22.6718768823 23.1471932174 22.6076873397 22.9047558639 22.7769123397 22.6273807269 23.1779399723 23.1577173206 22.7163218354 23.2014994969 22.5725350675 22.5300408756 22.9314564207 23.1538683166 22.986376023 23.1211029122 22.7409222821 22.6514147314 22.7247691028 23.0738337623 22.6525038573 22.5189008675 22.7393208477
22.5543599608 22.6739707144 23.1995233332 22.9095215261 22.5364635373 22.5279160681 23.0416795561 23.1990113566 22.8833389396 22.9710995407 23.0874346378 22.5108233588 22.7487651916 22.8864490375 23.1112597664 22.9088259905 22.9827553692 23.1947629776 22.8563931943 23.1433326934 22.9806910403 22.9976442473 22.7557518318 22.9395042244 23.0573130469 23.141515351 22.7536586705 22.5835704028 23.0661129373 22.947055092 23.0202459802 23.0150188526 22.5404151599 22.6777704189 22.9285106292 22.8310682743 22.9464269739 22.8966546098 22.5623542423 22.9183803384 22.7042674412 23.1655745633 22.5225477896 23.1497305068 22.9038854416 23.009096633 22.887730341 23.1344088666 22.9160636091 23.0758033756 22.8901118697 22.9668885965 23.088427016
22.918819402 22.6625754419 23.0503222869 23.1057273029 23.1606787648 22.6465432743 22.8907121069 22.6298147286 22.7723389813 22.5658821829 22.6591974226 23.1112088823 23.1186359355 22.5495449533 22.5294358573 22.8862733245 22.9715114056 23.0635456161 22.9811361839 22.9721063007 22.8424303106 22.8881347014 22.7133077645 23.051561982 22.6774337042 22.9184240687 22.9990057753 23.1626935316 22.5279266997 22.8707265765 22.9271041444 22.5582142445 22.6700969458 22.9217753456 22.5349341806 23.1134955199 22.7524317502 23.0814807734 22.7819244727 23.0742543665 22.5920186788 23.0261259623 22.5130892374 22.8996629136 23.2057510772 23.1176940334 22.9082096714 22.9659596713 22.5276381134 22.997576197 22.7788218611 22.8403775087 22.9814729478
22.9976332954 23.1255389402 23.0941361324 22.5652441887 23.1475317438 22.855216907 23.1670815724 23.1048848579 22.6729222416 22.633029056 23.0906303477 23.0753012055 23.1770351441 22.6493836411 22.9805884692 23.1872914411 22.6511790648 23.0687380802 22.5958993155 23.1135291569 22.7693243118 22.8634565687 23.1815528132 22.7236009418 23.0013194387 23.1991675773 22.8562437388 22.9768056994 22.9192978957 22.8670342812 22.6577270147 22.6090288021 22.6476134728 22.5002644198 22.7717173568 22.6454707173 22.5830023436 23.1571643784 22.7281594959 22.7271898605 23.1990462398 23.0828910227 22.9605777245 22.6173266556 22.7516671408 22.5617173044 22.8631848605 22.676728491 22.8427338406 22.9790076966 22.7517086602 22.6931718434 23.1001060386
22.7481653367 22.5757406227 23.1776329982 22.6448995421 22.953379856 23.1899893372 22.7241400302 22.994337046 22.6685749259 23.1200824117 22.6896534829 23.1309820742 22.6713819025 22.8418439079 22.7289065903 23.1387076883 22.6050246774 22.6888783204 23.1216353176 23.1692351186 22.8034081446 22.5788159075 22.822815123 22.8620326126 22.6361807744 22.7632590439 23.114542984 23.1541077643 22.9069267563 22.869149655 23.0976625568 22.7339299672 23.0077637292 23.1595070701 23.1094994485 22.5309829718 22.7761961077 23.1498106436 22.7864778902 22.9115747837 22.9119050867 22.6499461636 22.7952873985 22.5189414595 23.1173984064 22.5490847346 22.5254778398 22.6239486135 22.5418388385 22.555263901 22.5067388901 22.8765775378 22.816470347
22.8678348175 23.1370651048 22.9171727117 22.9724469439 22.8391410006 23.103383586 22.7654592547 22.5207715486 23.1287480887 22.5882892645 23.1689450715 22.880821393 23.0437474555 23.0249772674 22.626379188 23.1552913896 22.999400332 23.0762302543 22.9252593261 23.0745156243 22.7776537349 23.14375304 23.0963803017 22.7199919261 22.8718056617 23.0957699246 23.1840138623 22.5821300202 23.0022507219 22.6258974942 23.0293683987 22.554825253 23.1794427752 22.7985602876 22.8435912268 22.9700517616 22.9865089536 22.7521204045 22.5628809344 23.0684238583 22.8403060896 23.1949298455 23.071812287 22.7927947577 23.142094562 22.7065657775 23.038105576 22.6855721773 22.5895680139 23.0108934157 22.8561552182 22.924115546 23.1299194549
22.9225573356 23.0080822831 23.1199859521 23.0631043797 22.6697752919 22.6374807131 22.7684459551 22.8117476465 22.9795572173 22.8090194015 22.9845888587 22.8624239189 23.192500756 22.8711825494 23.1120413039 22.911525033 22.7822696687 22.641290478 23.0652356837 22.6209240672 22.5525835471 23.1801315837 22.7632826114 22.9000921715 22.8086166316 23.0410857126 23.1679604617 23.1923757971 22.7907316455 23.1702131879 22.605298944 22.9509420103 22.7424844671 22.6314280121 22.5346916378 22.9338692821 22.791348002 22.9285740298 23.1802629844 22.8965529061 22.7569450516 22.9611395554 22.7588240747 22.91522811 22.644495469 22.5175820218 23.1849922412 22.7413244495 22.7597338589 23.1049722581 23.0482168244 22.6939514752 23.1110488712
23.0767338002 22.6428220061 22.7102460426 22.611064033 22.7844403099 22.8196312973 22.6468032675 22.7344325277 22.7241548638 22.6010835795 22.9637230868 22.7953940753 23.1019674229 22.9586752028 22.8950006746 22.9044732293 23.0683718146 22.7275202434 22.9183907494 22.5134339261 22.9083189983 23.1549689519 22.8999071026 22.5291578088 22.6893525323 23.0343959691 22.6013558049 22.5221168592 23.1840062485 22.7610703421 23.1874691293 22.738954447 23.1500449521 23.0300091427 22.933129454 22.6459570685 23.1118497064 22.693209733 22.7012801467 23.0968807323 23.1987271377 23.0716313213 22.9515835696 22.7105883686 22.9944042181 23.0671202114 22.5447509939 22.8596162285 23.0798872787 23.0240409124 22.7448940915 23.0862938392 22.6348291397
