Spatial_Output/90% DEC/90DEC_0043.asc
NCOLS 155
NROWS 192
XLLCORNER 196769.923733
YLLCORNER 449719.875193
CELLSIZE 27.603701
NODATA_VALUE NaN
[rows 161 to 183 of 192, columns 53 to 105 of 155]
45.1440372352 45.8646289878 45.7274547452 45.5758011978 45.6484814056 45.7295288453 46.0799707222 45.0387810144 45.7314563964 45.2971480351 45.379043843 46.1501716472 45.1362469228 45.8492337852 45.0089857721 46.2607738604 46.1085599797 45.7862778629 45.2459885514 45.2436119456 45.00845811 45.6729996104 45.4726583971 45.1666623668 46.1578754268 45.7887001963 45.0608091366 45.3885113211 45.7597415523 46.1720720827 46.2808176592 45.5280415801 45.2388141092 45.5442255936 45.9086492867 45.6821025677 45.5762689915 46.2818063414 45.4586252539 46.2395141171 46.1362076703 45.6710537954 46.1226257786 46.3808490267 46.0683880881 45.7779100569 46.1867698742 45.2573008299 45.2890656062 45.2519398017 45.3607931413 46.0118575796 46.3988657589
45.9138511844 45.2391746501 46.0822121774 46.4031120728 45.467289312 45.4710458104 46.1557919526 45.0089927788 45.2320055223 45.2970494435 45.2556351372 46.0424944891 46.3606356357 45.6089992765 46.3471345746 45.4583446011 46.1070863487 45.7551825588 45.3777893657 45.3992686641 45.7111805713 45.5245945833 45.374238647 45.9461353962 45.9340427656 45.5087241724 45.8294733347 45.3915229285 45.2928818492 45.9035416378 45.445709914 46.216907055 45.8492399024 45.768978306 46.0061597844 45.2368835297 45.2255664835 46.3899573514 45.7662311915 46.0237365483 45.7721339889 45.3856174644 45.2970620011 45.7939485723 45.5433487024 45.9730031548 45.0823747341 46.0061844685 46.0667887426 45.4943805364 45.4787648746 45.1884476583 45.2691517725
0 46.0972492225 46.1403796373 45.3854816735 45.9917810541 46.1561875986 45.1459047889 45.820507181 45.2414036482 46.1995574292 46.2620916837 45.0592285876 45.6508046232 46.2792208673 45.1162194286 45.8791449664 45.4200314421 45.4901109418 45.6567744987 45.6641109652 46.0152982187 45.3385005948 45.1770597111 46.4111187184 45.2748546752 46.0812890226 45.7763561804 45.6902414988 45.9678563867 45.9829361458 46.350338356 46.1381226919 45.9059398059 46.0119633926 45.8549273101 45.4823071541 45.4075000749 45.0994633758 46.0553904923 45.9679423277 45.0502166315 45.6395799392 45.7851322803 45.5384515953 45.7727696563 46.3617720141 45.8931992058 45.6779666835 45.5473762127 45.8214434421 45.0804754027 46.2256976279 45.7922067063
0 0 0 45.6522116917 45.8266622414 45.8558631709 45.1502433158 45.2413271356 45.5137685435 45.3473513259 46.2862603808 45.5383114575 45.7437721009 45.2999397361 46.4021593243 45.306902941 46.0591524439 45.1805729063 45.8647397353 46.3666016242 45.058616005 45.9826266029 45.8631918837 45.6635730978 45.7390560696 45.501251114 46.0472850245 45.7011288415 45.2560428885 45.3381331702 45.3252057688 45.9081128461 45.5597394918 46.338896408 45.5299888449 46.0898370315 45.847351207 45.3670720443 45.2992802675 45.8378529345 46.0353221499 45.3908812598 45.5414397981 45.4295992688 45.5140128084 46.2702725236 45.0965685258 46.2648853492 45.1472048283 45.5450678629 45.591174077 45.319906225 45.6921161729
0 0 0 0 0 0 46.402158638 46.1562957547 45.2678457677 45.1518839301 46.3683848536 46.1594867229 45.7957835273 45.7064082879 45.4679771271 46.1259603724 45.4541906803 46.3192454267 45.288162267 46.3448466709 45.9845823599 45.7337025813 45.1113222022 46.210591982 45.2349099628 46.1487809508 45.7453473776 45.1800030156 46.3791373028 46.2186753442 45.9018753066 45.3501357018 45.9096966934 46.3972109518 45.6593485448 45.4762207921 46.3027001154 45.9684491309 45.0639793677 45.0689688668 45.5755920241 45.2975900677 45.705972125 45.3618882344 45.2816653636 46.145310865 46.1120493287 45.2765534676 45.7414203155 45.5239663886 45.067536106 46.3078052259 45.1501954339
0 0 0 0 0 0 0 0 0 45.4492982253 46.0476184348 46.1171502867 45.9250699725 46.2557376424 45.2425604476 46.1324125357 45.9422468772 0 46.1845188565 46.1590051594 45.6235717402 45.6166547715 45.8660713074 46.0453489613 45.0891926983 46.1694267241 45.9532894532 45.1219953781 46.2034181795 45.5133865039 46.3625645291 45.2535165217 46.3178000884 46.3295332513 45.0573270269 45.6277667387 45.85557529 45.714006182 45.9860987704 45.2462949091 45.207623218 45.7017507449 45.5108367173 46.1900785525 45.002118105 45.4778714712 46.2775608086 46.1660067848 46.3602191049 45.9721618631 46.1637991657 45.6533470738 46.1820286399
0 0 0 0 0 0 0 0 0 0 0 46.3964192779 45.1667168159 46.2022111556 45.1489162572 45.0721132063 0 0 0 45.1030851453 46.0510157422 46.3877839979 45.4543173124 45.3186678655 45.9631267272 45.5410140735 45.3749325329 45.9141249584 45.5081024014 46.3126538205 45.6793410653 46.3386210355 45.8415829302 45.7457880727 46.1644795632 45.4268550249 45.5158736687 46.1192050808 46.1277978312 45.3262191676 46.1392864269 45.7658742181 45.590916116 46.1488057153 46.1443431092 46.1616423113 45.5844691257 46.0853557004 45.2454572207 45.5052240403 46.1791379183 45.0452237016 45.4425782904
0 0 0 0 0 0 0 0 0 0 0 0 65.9304345373 65.9304345373 65.9304345373 0 0 0 0 0 45.1978067865 45.0636670222 46.2039068517 45.2007307488 45.4887061754 46.2711446042 45.5097442366 45.3741415881 45.0909858771 45.9447148918 46.1378073526 45.7290890892 45.961519608 45.5195838496 45.0802109743 45.3972556537 45.2396006173 46.217887711 46.0597067572 45.5402212147 45.7397661228 46.1010483974 46.3282223729 45.4255910665 45.3678623297 45.7906463216 45.0424147222 45.7630504256 46.08126791 45.5521060695 45.6259668998 46.0943702726 45.7833766469
0 0 0 0 0 0 0 0 0 0 0 0 65.5475416586 66.9126377608 59.267418154 0 0 0 0 0 45.4820780923 46.3096709012 46.0574774193 46.1583069107 46.0528723031 45.6338458409 46.3937915154 46.0435153772 46.2423564156 46.3587892465 46.0294090037 46.0121546481 45.6286406637 46.0128612581 45.9277007587 46.1908042334 45.5673471507 45.8331102701 46.0201597786 45.430308469 46.188412445 45.9083918976 46.0195275466 45.0868326678 46.1148458383 45.76999937 45.5425133567 46.2060527943 45.7199467294 45.3686629282 45.2457217833 45.560617661 46.2083493894
0 0 0 0 0 0 0 0 0 0 0 0 55.8146862038 64.7866211819 66.8548402073 0 0 0 0 0 0 46.401252232 45.6501735574 45.0712054817 46.0903972105 46.386242797 45.6848125307 45.9867349777 45.3272480164 45.7004747142 45.1848068056 45.3574739584 45.074284973 45.6978774946 45.7142341672 45.2737011261 45.0093417434 46.2734512218 46.1833647099 45.7522679935 45.4348871471 46.2889617539 45.422169839 46.2422491015 45.7934139315 45.0309333629 45.2522532203 46.1786276642 45.9849667036 46.3306920106 45.0977015511 45.594917284 45.4023638995
0 0 0 0 0 0 0 0 0 0 0 0 56.1843073355 65.8049477274 60.4698630888 0 0 0 0 0 0 0 46.3372492099 45.029011851 45.0216018724 45.4411671248 45.1003365705 45.3834221953 45.1066034902 46.2887738162 46.3754894766 45.2822917233 45.3753952676 45.6122250482 45.1011541272 45.775430841 46.3713828744 45.2536594652 45.7988170176 45.7907096743 45.3138921255 45.165789965 45.2553190798 46.1902872127 45.7242223188 45.1963838508 45.8228604162 45.1769310061 46.0942944345 45.8428059975 45.0549678449 46.2450504502 45.9362420326
0 0 0 0 0 0 0 0 0 0 0 0 0 0 0 0 0 0 0 0 0 0 0 45.3174758865 45.6185890171 45.1460781283 45.4833353646 45.8865784405 46.2205240164 45.7006615754 45.8441871709 45.0512591015 46.3194071681 45.364758524 45.6916838611 45.4045176951 46.2011901559 46.3272704998 46.3441957937 46.2766235298 46.2484023953 46.1368417227 45.7319893786 45.5879324295 45.4403450601 46.0384597652 45.4867132063 45.4168662314 45.3572164512 45.7372876182 46.2751328708 45.7456972674 45.6368702439
0 0 0 0 0 0 0 0 0 0 0 0 0 0 0 0 0 0 0 0 0 0 0 0 45.5870361888 45.1495612023 45.3437239907 45.9474339387 46.2446299417 46.0397205699 45.2596551572 45.9219934125 46.3831280385 46.2512056425 45.0261274271 46.3591328896 45.7606730348 45.2423347293 45.4392571046 45.8280111499 45.2852125377 45.5548906445 45.8360449777 45.2812983073 45.8888828995 45.6021113115 45.1230048866 45.2555818732 46.1365872429 45.3797312054 45.48629267 45.4753960049 45.9230171506
0 0 0 0 0 0 0 0 0 0 0 0 0 0 0 0 0 0 0 0 0 0 0 0 0 0 0 0 0 0 45.8658188138 45.8052596451 46.0251312527 45.0562731282 45.2285843338 45.3548354411 46.317327029 46.0530271519 45.6888385721 45.7605084787 45.6902675056 45.092367858 45.5526559891 45.1352050993 45.7772207907 45.7404572161 45.8458946352 45.0140066364 45.4862271861 45.1480427675 45.1459595307 45.3717839201 45.4621117652
0 0 0 0 0 0 0 0 0 0 0 0 0 0 0 0 0 0 0 0 0 0 0 0 0 0 0 0 0 0 0 0 0 0 45.5897339714 45.8231398708 45.1017420341 45.1598750818 45.2503970065 46.0956742255 45.356582505 45.470009916 45.8491439341 45.3283306143 45.9118022622 46.2627788571 45.398473799 45.0506625861 45.4965616979 45.6854873302 45.2082802273 45.3890626388 45.4136966512
0 0 0 0 0 0 0 0 0 0 0 0 0 0 0 0 0 0 0 0 0 0 0 0 0 0 0 0 0 0 0 0 0 0 0 46.2102474424 45.3712069448 45.7936763566 45.82477568 46.1553120975 46.1777408185 45.650600631 45.3963125937 45.618406714 45.1241110124 45.4861660742 45.2662525384 45.105199044 45.8758947286 45.0238499892 46.3509214946 45.6101173197 45.9826257164
0 0 0 0 0 0 0 0 0 0 0 0 0 0 0 0 0 0 0 0 0 0 0 0 0 0 0 0 0 0 0 0 0 0 0 0 45.5250238554 45.5612704826 46.027618265 45.6995208774 45.7256102034 45.3510657233 45.2438699335 45.7125288843 46.2493991568 45.2279138174 45.3110738108 45.7541206752 46.3893558577 45.6241761192 45.8568815976 46.2373850094 45.3669484463
0 0 0 0 0 0 0 0 0 0 0 0 0 0 0 0 0 0 0 0 0 0 0 0 0 0 0 0 0 0 0 0 0 0 0 0 0 45.8637551479 46.0342954816 46.2983411818 46.326258516 46.1792367019 45.5053777931 45.1381329682 45.8344645284 45.3247853592 45.9024837812 46.0542096034 46.29528643 46.1638140689 46.1407168403 45.6558614349 45.8370787893
0 0 0 0 0 0 0 0 0 0 0 0 0 0 0 0 0 0 0 0 0 0 0 0 0 0 0 0 0 0 0 0 0 0 0 0 0 0 46.2846950235 46.3636610527 46.2468987377 45.6595335324 46.1028724072 45.5707522101 45.2452219262 45.3406529631 46.1699559785 45.8149876714 46.4018379077 45.7509304439 46.2571261568 45.1594127277 45.1731841424
0 0 0 0 0 0 0 0 0 0 0 0 0 0 0 0 0 0 0 0 0 0 0 0 0 0 0 0 0 0 0 0 0 0 0 0 0 0 0 46.1873459024 45.6415358244 45.6672955467 46.0384462876 45.5207957305 45.366057921 46.1505898896 45.430361443 45.8617748119 45.6594171486 46.2843854567 45.44469632 45.7962494236 45.2186046478
0 0 0 0 0 0 0 0 0 0 0 0 0 0 0 0 0 0 0 0 0 0 0 0 0 0 0 0 0 0 0 0 0 0 0 0 0 0 0 0 46.0573947162 45.923922845 45.0701904015 46.3978029934 45.9477839314 45.9672215778 45.0047412064 45.6415602945 45.9494391405 45.7524208076 45.9581795851 45.0941868497 46.0732732438
0 0 0 0 0 0 0 0 0 0 0 0 0 0 0 0 0 0 0 0 0 0 0 0 0 0 0 0 0 0 0 0 0 0 0 0 0 0 0 0 0 45.3313680471 45.3826487225 45.8089475421 46.2787858118 45.4786906651 45.3481327051 45.0356860547 46.3682449619 45.9235418104 46.3524877813 45.1816076197 45.8945299686
0 0 0 0 0 0 0 0 0 0 0 0 0 0 0 0 0 0 0 0 0 0 0 0 0 0 0 0 0 0 0 0 0 0 0 0 0 0 0 0 0 0 45.5594905363 46.2631286891 45.4249591236 46.1992528759 45.6782926431 46.3144152326 45.9686151385 45.8409416825 46.1959386669 45.0709533465 45.5909332177
