Spatial_Output/90% DEC/90DEC_1359.asc
NCOLS 155
NROWS 192
XLLCORNER 196769.923733
YLLCORNER 449719.875193
CELLSIZE 27.603701
NODATA_VALUE NaN
[rows 23 to 45 of 192, columns 0 to 52 of 155]
0 33.8868907851 33.320425202 34.3999766904 33.4893519712 34.3383149895 33.068156468 34.2081949702 33.4926066197 34.1925784485 34.1203631398 34.0594401772 33.8211352409 34.2645318964 33.0654170974 34.0507525545 33.1886107129 33.3204431875 33.6949267933 34.0979031963 33.0760234284 33.5856392193 33.9149915327 34.0299619526 33.5590767769 33.1082853439 34.3250146402 33.867005308 33.2824946868 34.3079849235 34.1580763918 33.8109851701 33.6784931081 33.3432942702 34.269010993 33.6992939741 33.3006003682 33.1080257229 33.4539610081 33.3422634049 33.6217877807 34.0751372716 33.3407898891 33.8167776848 34.0553984732 34.1051027307 33.6511188296 33.078949111 33.9948274703 33.7442285165 33.8105580761 33.4679638219 33.8089307508
34.3928189786 34.2800395936 33.0361995822 33.8736818777 33.0771436571 34.0303213807 33.3690839089 34.3219106425 33.6023374746 33.1682034249 33.0372231559 33.4509381586 34.3385593764 34.1603372246 33.1077237099 33.943376625 34.004776871 33.263330961 33.8061609259 33.4801036614 34.3345814542 33.6638614965 33.9305100351 33.0067308908 33.8207240232 33.9771483807 34.2717518411 33.0684710449 33.6284377829 34.0863560773 33.4724968811 33.096342469 34.3544127975 34.0944837294 34.3990967316 33.7128843409 33.5728258195 34.0336630056 33.7110484419 33.4188270308 33.3998062902 34.384225849 33.1802845505 33.5099311043 33.9596348002 33.1945185295 33.9863449953 34.2136834917 33.1051005244 34.2451868226 33.404151896 33.7476421268 33.5526064584
33.8286013068 34.0090326432 34.0875157932 33.1950627916 33.4878202562 33.018576484 34.1284265901 33.2909274971 33.87395406 34.0931989009 34.4108679038 34.1088670465 34.4109013396 33.2720489176 33.2805148222 33.9238800951 33.4590000117 34.0903700141 33.5707288241 33.2349301285 33.5756851493 33.8475884524 34.2959012761 33.0275805903 34.1771509109 33.2990430308 33.0497209274 33.5120371437 33.65452604 34.3591473147 33.2867318791 34.1380887934 33.7775474554 33.0345684972 33.2316394619 33.4549654983 33.6746760362 33.7211390226 34.1652547826 33.1819011219 34.273639795 34.2350776264 33.5794003587 33.6732910458 33.0875500011 33.4168353866 34.151655204 33.2051710248 33.3772180352 34.2620983534 34.1147871048 33.6492950846 34.2663709286
33.766275449 33.8196358098 33.97031971 33.6473376414 34.1381940922 33.5663948754 33.5595309776 33.8802008439 33.9444683089 33.9666069567 34.3785178656 33.4554577335 33.289424819 34.3121476549 33.4884825208 34.1796308855 34.0639002212 33.1524618147 33.9858877024 33.9662037005 33.9680376491 33.7768208838 33.0035066293 33.9169663257 34.1626860531 33.8914068858 33.7202108371 34.0611011277 33.1326823564 33.2343364409 33.0183346567 33.590887768 33.1714447231 33.3152874007 33.0432164778 33.4613844795 33.5348355233 33.9225809652 33.8005192726 33.9207259295 33.0714241434 34.2903287746 33.0258293419 33.8291799469 33.2909051405 34.1328522562 34.0057921275 33.5815352278 33.5517502964 34.0151322286 34.061928304 33.1750737937 34.2722741467
33.4024051875 33.3731197646 33.2958332239 33.3618989734 34.1790854828 33.3321962737 34.0198431475 33.2657146864 33.0162759975 33.9158804132 33.5131967304 34.3084891201 33.0338181718 33.1444595065 33.1031097764 34.3576899274 34.2592022723 34.3219924701 34.2945737905 33.1857384199 33.6182955237 33.3336945299 33.5144279291 33.7061565718 33.1805335983 33.3021261937 33.0063688152 33.6897288833 33.7249135564 33.9828852411 34.1087467867 34.293662639 33.3443719328 33.139141355 33.5995372108 33.6880328843 33.3151985594 34.3819577765 34.2953134903 33.0824274811 34.3913704203 33.2948492812 33.707870605 33.6701648939 34.0447425788 33.0624450553 33.3908217119 33.0572934746 33.1883861272 33.3538359816 33.8360209246 34.134934051 33.2607535295
33.5123783233 34.195109434 33.5644610816 34.2333818879 33.1869267707 33.8411688417 34.2817207709 33.9290128425 33.5655276923 33.7322291894 33.0898936515 33.2379901478 34.3640574202 33.200964925 33.3495500362 33.1610537774 34.2457921104 33.9018896185 34.1135129879 33.5053819042 34.1228863305 34.3792447288 33.9017333294 33.9857089439 33.7156449835 33.4702590248 33.6502633326 33.5925299846 33.7687131361 33.1872048737 33.7880438341 33.9167523802 34.2756118391 33.7639594151 34.2237650361 34.1795091214 33.7801871438 33.0806013122 33.6525258783 33.4126639574 34.3958253916 33.9015927608 34.1041842606 34.0427408835 33.3041493788 33.4107474592 33.945851366 34.3926541832 33.149801418 33.6668015574 33.850411667 34.1311499166 33.5709492539
34.2974824203 33.057033768 34.085878046 34.1402620389 33.1649715941 33.541798487 33.5260515369 33.3325372097 33.5492656275 33.7703455335 33.0525970886 33.8339160863 34.2402792474 34.3144830582 33.3344027646 34.0722214554 34.099456085 34.0431483674 34.2404293059 33.849699824 33.8914909282 33.0739035623 33.696301798 33.4593005513 34.1119921988 33.8649657936 33.8813260853 33.6949594812 34.1888426431 33.7697787116 34.1565325375 33.6622301048 34.1267759449 33.1817760742 34.1285108717 33.1708309014 33.7235430571 34.1343661577 33.6156988577 33.6305266462 33.947507504 33.3920414542 34.0093356658 33.2039474834 34.3714744809 33.2749656351 34.2749781475 33.3649062675 34.2001987056 33.0816141635 33.299272113 34.3518844362 33.4868029208
33.4868450642 33.1811979877 33.0789069998 34.3003945347 33.7924963375 34.2285469272 33.5100720636 34.348215561 33.7129999731 33.9404834324 33.4014800681 33.4142805909 34.0109610022 33.5640226117 33.9462674714 33.0670165037 33.423977787 34.2216718679 34.1865897979 33.1992162183 34.2091871943 34.0801058657 33.0724356847 33.600935952 33.9644956884 33.7998117957 33.3774784799 34.2880977232 34.3681621871 33.8409058573 33.3020378542 33.5170206702 33.1506275077 33.0042382353 33.8508805636 33.7922838093 33.2293949952 34.4132152327 33.0125702994 33.1030610474 33.0922245385 33.0290612165 34.0421827922 33.4856116789 33.9886545713 33.0049840617 33.570421336 33.6143403491 34.0385448649 33.600092723 33.908055317 33.5164735974 33.1339667458
34.2680477283 34.1655553887 34.3361155794 33.9263802485 33.5507235147 33.3745938621 33.5823488841 34.0291759072 33.462986555 33.7794927173 33.4746557945 33.3287698249 33.883200207 33.9871261424 34.1772591858 34.3733564799 34.3422114016 33.3039781784 34.2385963594 34.0575292689 33.1624055003 33.3405935911 33.0356264712 33.171183844 34.2774157167 33.0799733736 33.01164219 33.453817028 33.2343372481 33.794789836 34.3233420106 33.4450880335 33.1226639331 33.981553303 34.145999569 33.1240100915 33.6914917573 34.2192226613 33.5409347627 33.1597697742 33.8864581456 33.2938026143 34.1002578956 33.0523304794 33.6686935419 33.1476531611 33.366447485 33.2616467505 33.6291222147 33.4512472975 33.1024828546 34.2836084861 33.9476981736
33.5405650914 33.9487581409 33.9370449082 33.9508281581 33.0638200528 34.3230025354 34.3434269238 33.1524024234 33.6565061925 33.3899727577 34.3422758293 34.0841799168 33.7214907347 34.0574184986 33.5198310514 34.0244194103 34.0563838314 33.1080880902 33.5474552929 34.1295320126 33.3726176365 33.8054300754 33.6591136593 34.1364317533 33.306750038 33.7410393795 33.1961856474 33.6034304083 33.1511710377 33.4087578485 33.8353276004 34.2817532784 33.4577892432 33.1470767516 33.2546705091 33.8335703807 33.9180548919 33.7660751429 34.3084940755 34.1082220826 34.1524300866 34.0390184708 34.067970169 34.0550452317 33.8784362093 33.9152083571 33.0248460157 33.1882095642 34.0229464632 33.3207372339 33.4792115869 33.0625446551 33.1889405263
33.6503027296 34.3367643625 33.6855237222 33.8399605835 33.4649903221 33.6152337394 34.1174298164 34.0422824944 34.1260353028 34.3966003085 33.8478149593 33.2118807865 34.1882263648 33.0680710043 33.6511165005 34.027618538 33.0450776453 33.8031068536 34.0422843761 34.0890495356 33.6508274141 33.6061922315 33.8664829931 33.2003597951 33.4373073247 33.2224089304 33.5642290519 33.3058014664 33.7576180046 34.0950085469 34.0227000525 33.8725917973 34.0503411511 33.2608948685 33.2875691973 33.5539670046 34.068928199 33.9795518679 33.1359853714 33.373605222 34.406314759 33.86397942 33.6260933997 34.2892081767 33.7000012649 33.9239477806 33.62470654 34.0422818312 33.711916785 33.7472867525 34.2588430699 34.3327170155 34.0296396994
33.0668608523 33.9751660109 33.2725917968 33.2684816391 33.8604956599 34.1612467819 33.3203004167 33.3199798034 33.3454083584 33.7931062991 33.244461672 34.2644051527 34.1559523762 33.4981129722 33.920853798 34.3519945778 33.9756663998 33.8525395948 33.516353082 34.2739686138 33.5494676747 34.1463390053 34.4132195708 33.3182941453 34.3004041982 34.271053659 33.8365812558 33.7857440714 33.1223478169 34.2348199007 34.1176961452 34.0218150694 33.6072204484 34.4032947736 33.7595186025 34.0350084096 34.2287125802 33.7202922809 33.8719530649 34.1772603519 33.8397023345 34.0746566819 34.2760758959 34.2196686303 33.9494867997 34.3121777979 33.0688946006 33.2094386661 33.2702470525 34.3883923817 34.1868196355 33.7009844138 33.064292224
34.3416500387 34.1664295793 33.6266798321 33.2000555229 33.8089946419 34.0168955314 33.7355053631 34.0970689525 33.2746571333 34.2185801861 33.2341847915 33.9503175984 33.9089390531 33.9075931017 33.7122021962 33.3261635963 33.5800987794 33.2924485729 33.2627275055 33.2933868277 33.1175542275 34.2124425395 33.0807076488 33.8316481438 34.3834349281 34.3823049985 33.8136447493 34.3830641498 33.3055393059 34.1467704454 33.9467236987 33.9696973796 33.9987893062 33.5665326774 33.7421294986 33.4343179455 33.1465382641 33.5839420659 33.8775474511 33.9685815889 33.8101876337 33.4685981222 33.9981785697 33.8022878127 33.6133580311 34.3058746561 33.9735759017 34.1034163425 34.0854840219 34.0813512159 33.7087736085 33.7133667767 34.3769704192
33.6464250676 33.260463338 33.6613057103 33.6432826634 34.0720709903 34.1832471826 33.3884436367 34.0768576515 33.5757706667 33.5597327688 33.3886639127 33.8802846069 33.3021127536 33.031863747 34.2283299598 33.9145000654 33.3167655563 34.1888463201 34.1726598788 33.8256154257 34.0124517127 33.7056383819 34.0346335346 34.2906720819 33.8634953976 33.0718244203 33.5224427805 34.3845615151 34.0322674952 33.8134644963 33.2889863725 33.4232546219 33.9892938571 34.2298584713 33.6235342481 34.1906493341 33.5300494535 33.0517033706 34.2936502935 33.343413002 34.2181960063 33.2720598377 33.4606620336 34.4017444264 34.1493229796 34.2094970441 33.2679104628 33.1251599284 33.9407792119 34.2847859705 33.872736593 33.8582212217 33.2870903724
33.4446973717 33.3332482991 33.0887509545 33.9622781877 33.0445380295 33.8784137108 33.3112943528 33.1879660557 34.4048573736 33.5524375759 34.1557076685 34.1362142084 34.3667081327 34.3506777031 34.0986330716 34.2962705139 33.9748175218 34.1438538803 33.7778152509 34.3444860162 33.0751076156 33.6774908801 34.3340251434 33.5208874198 33.7674907007 33.2352782617 34.1214089482 33.0932690273 33.6798344536 33.0462032262 33.270711925 33.2298733046 33.9352229932 33.8364301241 33.2119325324 33.6383776574 33.6995926148 33.9281252413 33.9342420782 33.0039542849 33.8291063927 33.464546848 33.575362862 33.1822199439 34.1811251674 33.752110674 33.9112423735 33.129533112 33.2689615906 33.6327838864 34.30160125 34.0027621082 34.302939025
33.4312163248 34.3782810976 33.0005565902 33.4505898866 33.814202009 33.320528143 33.6065719609 33.014757177 33.1439953302 33.9340977527 33.4340040713 34.2419846129 33.4962575963 33.4451369838 33.7388309714 34.1234015344 33.4444972553 34.1319244954 33.1512055181 33.860223905 33.3419077602 33.1142968586 33.1599101974 34.3727008491 33.2234477469 33.2141227496 33.3128894208 34.3940778606 33.9459036333 33.3411321287 33.1944768175 33.4995016099 34.0454426958 33.9273527633 33.9851130072 33.8751209186 34.3119041251 33.2326333288 33.9048189685 33.7242052411 34.1499937299 34.3997914715 34.1433097715 34.0130507226 33.5051291777 33.8872276614 33.2128323981 34.3179074711 33.5259713623 34.0457997073 34.0022489526 33.2778109821 33.5920378174
33.458179065 34.1186347654 33.2446604296 33.2294592804 33.5740321685 34.3688685108 33.1643037337 33.7266978075 34.3475092472 33.6784280416 33.424739233 34.2799373365 33.1368254563 34.2692397069 33.7785179461 34.3539268427 33.6993794763 33.1530250343 34.3854746392 33.6095378508 34.393234743 34.3933150441 34.0081720481 33.0656673744 34.3213858968 34.2120804237 33.2255614449 34.1548287625 33.4395882194 34.1631256105 33.6045122759 34.0863893789 34.1402676954 34.0371388798 33.1169333401 34.0172404199 33.2255743734 33.1419653905 33.8745461195 33.3124737561 34.3560307303 33.5364125262 33.6004355666 33.477159625 34.0265700964 34.4035969609 34.3078186282 34.0508407059 33.3533342815 33.2680851788 33.8123405312 33.0872589534 33.0932506237
34.0169277363 34.1901203604 34.1958548991 33.8771327499 33.9208019741 33.6141939697 33.1702626841 33.5631468689 33.355781909 34.2440106702 33.9592577254 34.2384744758 33.2267158687 33.0558817463 34.3998574797 33.714423369 33.827638251 33.7513024243 33.068259966 34.3345866377 33.7649674129 34.3813543153 34.2366758009 33.1755876406 33.2147474052 33.3850011852 34.1469657082 34.3541238695 33.4842695128 33.8676428794 33.3073270717 34.2323623172 33.8340351282 34.0600172637 33.8402146188 33.2105203004 34.0586592396 33.1323852606 33.6993831771 33.0319798668 33.5006162073 33.5978190989 33.1107004117 33.2836932796 33.2195368513 33.6963335369 33.9623006906 33.1572522877 34.0266700849 33.1068100568 34.292857391 34.1544713752 33.4688424702
33.5819110745 33.4534117903 33.0591379545 33.6424744698 33.2198323833 34.3438081092 33.6805461955 34.3524555899 34.1256419756 34.1647771618 33.3748878569 33.7171308476 33.4747361416 33.6466435185 33.135921167 33.9474771032 33.1261902058 33.5309601002 33.6087030825 33.7929457021 33.5057804342 34.2515250427 34.4130816991 33.5084151844 33.9245084232 33.5324331958 33.0968072163 33.6015277167 34.082081001 33.557414477 33.0821502937 34.2962640923 33.4286813799 33.6446738007 33.9097406726 33.9857353353 33.3163290032 34.3230078537 33.3965255544 34.1370661231 33.2392418505 33.9718386076 33.0791057647 33.5561337784 33.7069714074 33.6925336459 34.1148601429 33.2287820636 33.1216219703 34.3095911715 33.7193615771 33.638523109 33.7804688422
33.0154279813 33.4957639735 34.0429225669 33.653119508 33.3077272458 33.0637562031 34.4019824713 33.5609016456 33.0070166235 34.2020744687 34.3849588128 34.0017573899 33.9102264682 33.9921990215 34.3634501682 33.9903468324 33.3041247779 33.9527020094 34.2358044789 34.3686694192 33.6388646884 33.3122657458 33.8935987956 34.1644532199 33.6743259806 34.1203842499 34.2907017514 33.972333368 33.6062077989 33.3552578874 33.0443652108 33.9846931023 33.7477287717 33.8623040974 33.5526599375 33.8456275404 33.4853729544 33.0260218432 33.8216967825 33.3322144367 33.4881858724 33.9600291873 33.8978380158 33.7208049612 33.9194488968 33.791216813 33.3819423306 34.1320428752 34.2208407929 33.9779319171 33.1769268249 33.1030554466 33.6430834463
33.3518931101 34.0942997828 33.8054494659 33.6414660223 34.219984874 33.1835919091 33.571502501 33.7933081348 33.3167309033 33.6829215442 34.0805110491 33.7478221005 33.1638364556 33.8573930403 34.0539607878 33.0148019173 33.6161113188 34.0729011998 33.2090702454 34.3261597687 34.1604964143 34.1695511707 33.8125618159 33.2126003821 33.4455037621 33.288577814 33.0737180316 34.3406498747 33.2623124116 33.818140954 33.2719611312 33.4928832366 33.0215816051 34.1280069298 33.6667518627 33.0713831627 34.1889776998 33.5264588344 33.4659408809 33.582787206 33.741649924 33.3373612461 33.7071963664 34.1161166951 33.9661172002 33.2190698831 34.3172588118 33.2777234674 33.5526924573 34.2199960585 34.338112009 34.0963659913 33.8468406317
34.3571083818 33.9938236835 34.0786885771 33.848745196 34.2747949085 34.1032024163 34.0687189437 34.2465177315 33.0880039461 33.4290212241 33.6247015547 33.7904702934 33.4431731447 33.5163314525 33.6982983652 33.9558586516 34.3590779694 33.8527267316 33.808207779 33.4264150908 33.1951802445 33.2922282353 34.1672769128 33.87212312 33.0184702107 33.6056485075 33.2414842839 33.0838532675 34.136045439 33.5295789686 33.1446096907 33.6957399898 33.0506344553 33.447117932 33.1213899073 33.7532339368 33.4683881238 34.3796005919 34.4110110924 33.0168536584 33.0551711403 33.1089878377 33.3930704224 33.7662517397 33.172948169 33.2209422944 34.2894964209 34.4067350305 33.1056429567 33.1097004219 34.2880109775 33.0417159375 33.4478291535
34.1314225438 33.3225652254 33.3587218914 33.8870209435 33.2713345209 33.3291474506 33.1082150936 34.1906195 34.2923828162 33.8556085987 33.6448556743 34.187241868 33.3576218184 33.1592964526 33.9637554721 33.1316746255 33.8182004896 33.4772318627 34.1975794241 33.2872103041 34.0968096277 33.3938920538 33.21248454 33.3492470001 33.5878110985 34.0606996786 34.390069581 33.2537118482 33.748026957 33.0418927835 34.2205079812 33.2296340866 33.5071947251 33.0042782244 33.5010355178 33.3474326888 33.0607692263 34.2947919817 33.414045207 34.0301739652 33.6336818862 33.4752754911 34.3738082355 34.3817372268 33.5560389058 33.4580478789 33.948119901 33.9338892249 33.0326114851 33.9817190009 33.0367806752 33.8961832519 34.0508765032
