Spatial_Output/90% DEC/90DEC_1330.asc
NCOLS 155
NROWS 192
XLLCORNER 196769.923733
YLLCORNER 449719.875193
CELLSIZE 27.603701
NODATA_VALUE NaN
[rows 69 to 91 of 192, columns 0 to 52 of 155]
34.2453048376 33.5135149605 34.2397350352 33.2504600366 33.799471677 33.3264102291 33.3482250131 34.1279397046 33.3289046343 33.4964388887 33.396835502 33.4608396543 33.6980855291 33.7666915124 33.8467392395 33.2553230759 33.8436024919 33.8965002412 33.6945913477 33.9737135941 33.4504008994 34.2273291419 33.6127101986 33.9264680267 33.1084628242 33.0106077701 34.3990149073 33.5631542076 33.2125800461 33.4546899638 33.3076072526 33.377385677 33.6474733169 34.1491317866 33.3583136315 33.2584061872 34.3329025943 33.6460988055 33.5260262381 33.3291730482 33.6886773443 33.0775950369 33.6495773556 33.8154128974 33.0491035795 33.3800914911 33.6525290583 33.8867600675 34.038811411 33.369468237 33.7197307141 33.3490012371 34.1961358185
33.6819431573 33.7184851386 34.3045613067 33.5317169646 33.1607074806 33.7618956827 33.848177703 34.3821522898 33.4987564406 33.5251149396 33.3329693546 33.5056924892 34.0383075582 33.6969052487 34.0867237509 33.2924534163 34.2843099806 33.7685832532 33.3040244096 33.5320637715 34.2018267509 33.0696625393 33.9277918684 33.4912838599 34.0886648665 33.0423580289 33.7532379943 34.105576254 33.5187463179 33.1706787942 34.3333648675 33.666639939 34.3382141381 33.3059543966 33.2450730746 33.5026320264 33.1028206153 34.3260835641 33.954196395 33.8756646262 34.3179682035 34.3154340039 33.1125589109 34.3535783098 33.3029291516 34.2204023081 33.8353066861 34.2564641784 33.2709475667 33.0461691709 33.2676947786 34.0027146433 33.598520663
33.9292313513 33.0971816162 33.7247715477 33.8541987327 33.5195728798 34.1110582845 33.1064672275 33.1446497916 33.3589685683 33.8562629695 33.1473247647 33.0492945662 33.3596355857 33.9625572264 33.1104480245 33.3556444945 33.8099878164 34.1923453344 33.5300192414 33.3660813028 33.3695159685 33.9003323503 34.3851090198 34.2010682775 34.3785993689 33.5027677544 33.4593256442 33.6600446591 34.2183295335 34.1911751525 33.8686189307 33.9177456629 33.8450771356 33.3144384169 33.802111444 34.3605942262 33.8001269159 33.6133555011 33.9298846941 33.5892079576 33.260671868 34.2926844148 34.1449568481 33.7958385037 33.1709676206 33.0330992894 34.3924376713 34.0399444626 33.5615501902 34.3695630247 34.211936346 33.9547035667 33.1026953795
34.228615145 33.4408089532 33.8511449449 33.4908031393 33.3375260047 33.2303677578 33.8991891222 33.626282601 34.2699811345 34.013654968 33.0481551513 33.5662934393 33.8451401433 34.1043661678 33.6534365135 34.2569808587 33.270643898 33.5605051934 34.3477814562 33.1381508465 33.6890196664 33.173163109 33.0919120458 34.3040456803 34.1670675027 33.9522686733 33.2096365947 33.3512501274 33.8761103656 33.4554493195 33.5143276651 34.2884518073 33.6769584844 33.2819204459 33.2695144107 33.2303282159 33.0281235456 33.4626324614 33.0252745703 33.4281156906 33.7822075697 33.3284290408 33.0319343558 33.865224238 33.7783162476 33.3438070123 33.2757060243 34.1018693972 33.7676217693 33.1494185476 33.4288276099 33.5745980824 33.2702690015
34.3019777699 33.1903250298 33.8130525898 33.276038435 33.0308534529 33.9110474202 34.1369929976 33.7405581837 33.5326549303 34.1116144475 34.4012500921 33.6908279508 33.8164475345 34.0456786965 34.3713754125 33.0645441851 33.8313013549 33.8092494352 33.6129674078 34.1825895727 33.9080257834 33.6183876036 33.3252082068 33.6812608268 33.5218248021 33.7309493381 33.1095192077 33.0018474936 33.2182239018 33.8182123325 33.3371271034 33.5994183688 33.4284776392 33.7514779396 34.288488712 33.7320957533 33.97792285 33.3080815171 33.9140078999 33.61850412 33.2607626491 33.8105823464 33.7787105759 33.4012851791 34.0621807416 33.027601183 34.342391808 33.9348850736 34.1501540959 34.3246772127 33.0177825992 33.6200743699 33.22974924
33.3883638251 33.4440479393 33.927275017 33.5187762251 34.2925233482 34.4006621163 33.1324130969 33.2060322244 33.2931718917 34.1547516357 33.4179394016 33.5624542282 33.8150278595 34.0677575383 33.4007618409 34.1918815489 33.0280708936 33.1176798363 33.1592281166 34.0949418967 33.5196958323 33.3886893298 33.2395465082 33.1474873884 33.5088497854 33.2205468121 33.4354483966 33.7083930316 33.8430014118 33.9790351393 34.0804504974 34.2172699899 33.8710093735 33.4987607245 34.0582962944 33.5342619731 33.7442022888 33.1160717422 34.1235761313 34.3180922801 33.672440035 34.0723807828 33.0203442542 33.3249706792 33.0883168836 33.2390130978 33.4542820532 34.3636997573 33.5792002685 33.8511866454 34.1195861507 33.8451673671 33.1241576679
33.119139449 33.9610158508 33.1114781646 33.8835911528 34.3182775935 34.065958127 33.2431703844 33.2882547378 33.9347690025 33.7934374956 34.3398694551 34.0785506608 33.6940873792 34.0565369472 34.117442782 34.0247612665 33.143943365 33.8960727024 33.952907803 33.2605094442 33.4345479368 34.0729474151 33.6377940197 33.6302856496 33.4818473053 34.2505645275 33.8440152012 33.1657463401 33.9059162396 33.6545103978 33.2359386224 33.5424320489 33.9430698337 33.9552879634 33.0878117622 33.5517798536 33.0864683656 33.7315812093 33.2179837839 33.1609145446 33.4254319624 34.2174154412 34.3373868476 34.2284961714 33.7480240095 33.9196629036 34.2915369791 33.2559746758 34.3964133482 33.46061043 33.7076036339 33.7368505987 34.2530786729
33.1249475102 33.6100014724 33.0000094045 33.8887747115 33.1371488413 34.1872412252 34.0644756039 33.8815196512 33.8057840809 34.0715392141 33.7334862651 34.2967407959 33.3010552337 33.9755430834 33.5562290606 34.000960946 34.0404116976 34.3437699158 33.2146060293 33.9069152259 33.3146225995 33.6126715774 33.8870231674 33.3250241543 33.2555415429 33.9346808806 33.5350433988 33.6941853093 33.078461223 34.0435959453 34.1198977734 33.3462526404 33.8613611987 34.3765035016 34.0779009302 34.3816097154 33.2548185025 33.117846551 33.7582579194 34.3772798369 34.1342448061 33.6901287654 33.2355001447 34.1935994032 34.0368460578 33.8298522558 34.2634075505 33.6054246559 34.2276748658 33.026374212 33.0454519609 33.9502086733 33.7864067925
34.2789972615 34.3276625369 33.957588648 33.3005326891 34.3470806906 33.6816372208 34.0596832294 33.0704654385 33.2848616932 33.4827834496 34.1071984142 34.2255346436 33.7878038625 33.1334458751 33.1323384307 33.7046978139 34.1870493195 34.0727392706 33.322010845 33.0615159115 33.7358860412 33.6507012185 33.4969241704 34.1512805271 34.0721048259 33.6702187513 34.2597142064 34.0886593913 33.7790015937 33.4034993938 34.231525816 33.7099859127 33.151264915 34.1543976232 33.0093768528 33.1497042302 34.2435175273 34.0088118837 33.9211697865 34.3605729352 33.71236551 33.4313619181 33.1407352187 33.8088614732 34.2714436946 33.4197028563 33.8290069135 33.5992405893 33.4280518628 34.0307639671 34.0890372527 33.7441659944 33.8304959804
33.0880793064 33.5151312599 33.0095075718 33.2926294322 33.8299189895 33.4374864607 33.3129908906 33.5961593449 34.1866854407 33.037983441 33.4097558381 33.889208417 33.2133778339 33.1933116596 33.7976275942 33.0132322007 33.4912847586 33.2196720031 33.5839718786 34.0254028052 33.7293415854 33.3959649065 33.8255760996 33.807462255 33.6438994335 33.3421779413 33.4651318553 33.0288991555 33.9190399118 34.2495914965 33.5476934411 34.0435571694 33.0613739382 33.5185891928 34.2824149531 33.0306639306 33.9051626101 34.1191634303 33.3689326575 33.2659894801 33.5057832905 34.3609330438 33.0631909329 33.1359529026 33.9335789712 33.195684051 34.1458047937 33.5986257714 33.6653108418 33.8806413843 33.3086128813 33.8080734267 33.4207838595
33.346652557 33.936465835 34.0505447973 33.3659303944 33.3657784507 33.5920669018 33.1702077534 34.0557752543 33.5721149659 33.7017837551 33.6008357685 34.364528773 34.0406291161 34.255682436 34.253118494 33.6282204237 33.4907420605 33.3752170739 33.6665947297 34.3455518811 33.4055122623 33.134377261 33.6828974042 33.6961020166 34.3873512615 33.5896305148 33.4145787171 34.2080321574 33.9731277256 34.0401355637 33.3289978579 33.9536259392 33.4143622 33.2039359751 33.0819318226 33.00800173 33.2239723545 33.5805840301 33.4780172406 33.0794280518 34.1522225948 33.3668092843 33.6393488523 33.5315843354 33.082268314 33.9779092001 33.9118415416 33.5193269948 33.1331397653 33.4119660098 33.0807470024 34.2681651808 33.2635044428
34.2595398675 33.4810580188 33.5077807588 33.1806518822 33.9897239064 34.2167611962 33.1508597703 33.4762204764 34.196574113 34.1499860882 33.4681019801 33.378183978 33.7733880333 34.1289871937 33.5708734131 33.1064764565 34.3256729467 33.3715830264 33.9698787954 33.2120207683 33.3163908286 34.1161621046 33.410249457 33.606345332 34.1558083651 33.9312373873 34.1171364073 33.980077453 33.4221871946 34.0305731499 33.8308151685 34.0892169193 33.4733620885 33.0456378205 33.7784758762 33.7622652452 34.0672291367 33.2938570619 34.251707854 34.330834654 34.1234154377 33.8012776051 33.6035240719 34.1314357184 33.3175449832 33.6370403166 34.2621891534 33.72278657 33.7448469783 33.0214487104 33.7623704992 34.3776929768 33.8936984657
34.2711830366 33.9092855027 34.2875354845 34.0313752706 33.277653132 33.4753467063 33.2316059315 33.2134247022 33.0571252903 34.1858705116 33.1228991648 33.7011319626 34.0930016435 34.3605473358 33.7825395579 33.8735292056 33.3747389948 33.6668973625 33.6110551066 33.3467285215 33.8738418191 33.4551522015 34.3927587113 33.30876378 33.0513345477 33.5907293473 34.1886269003 33.7726875926 33.8955148743 34.1495966499 33.128796897 33.3183701792 33.3032642658 33.1590464745 33.2455804463 33.3890296676 34.1554210877 34.2338816215 33.2916497957 34.3950275954 33.07477041 33.0587870619 33.6132118526 34.0366959238 33.6739973587 33.0441741087 34.4090937083 33.4910421793 34.2610680599 33.7344026967 33.4115801521 33.489229723 34.1824766247
34.0488076111 34.0369627299 33.3701483114 33.6371046926 33.8260350554 33.4767975139 33.2962838957 34.3579306168 33.7549460403 34.1413777201 33.1465361691 33.8272135841 33.568774356 33.127012813 33.8709146979 34.1382112959 33.5242429497 34.2646034025 34.1733422615 33.8591603713 33.8200132185 33.2322835586 34.1255013276 33.0677956801 33.7408657203 34.2740702501 34.3706576836 34.1046653785 33.5260667507 33.1753186372 34.1417857017 33.9794113793 33.2549468553 33.6707087134 34.1358834819 33.3959276598 33.4826443043 33.0707955931 33.5041544497 33.8448575293 33.7099734557 33.8051025549 33.3340161385 33.4328452551 33.3698028343 33.7252982323 34.2729146541 34.2516222363 33.8134745558 33.7616797937 33.857781888 33.0871634024 34.3273279579
0 33.0821095615 34.2606298659 33.0562653017 34.3921615711 33.2151642888 33.6630100363 33.9763742564 33.2135302194 34.0611378908 33.0614104519 33.4529530879 33.2179873006 34.3635354198 33.2561170621 33.2471948882 33.959182988 33.2887475522 34.1274007011 34.0696968745 33.3260900156 34.3713922239 33.0888889558 33.5527727274 34.1099791399 33.3827993624 33.7614457801 33.8961300428 33.1343659473 33.4519376957 33.1347432649 33.4579548846 33.9311912417 33.6587541596 34.2160299909 33.3121026151 34.401021877 34.0632912556 33.3098135673 33.3528942427 33.8478961742 33.1014348381 33.1578772814 33.1929963256 33.0385775587 34.3780329061 34.17039429 33.5721457226 33.6122440686 34.3802792303 34.027749022 34.1497723911 34.1817965799
0 33.222561075 33.5619152765 33.2128725458 34.0279927883 33.3121962278 34.0765778873 33.6891521093 33.2644379596 33.0585102411 33.5904279484 33.3877949623 33.2338896002 34.2956288927 33.3692340767 33.1731495466 33.3058348082 33.6428880926 34.0659922915 33.5235751772 33.5640462179 33.647481361 33.4643841468 33.6761586036 33.7879942488 34.1391575455 33.823292624 33.8538285249 33.4864288969 33.3197715293 33.9100046205 33.9137352172 33.2686676458 33.3464105525 34.3249556745 33.2487755863 34.1899595498 34.3628081393 33.8964086597 34.2255344835 33.8464507551 33.7498961999 33.4111012717 33.8323019379 33.9299457004 33.9040373012 33.1989448653 33.0443313349 33.56975541 34.0051584856 34.1185751299 34.0942968677 33.122655688
0 33.2217461728 33.7310924134 34.1179285853 34.2550848549 33.3523551925 33.344035057 33.200457462 33.022211352 34.3166593011 33.7131669225 34.0663643246 33.4160570482 33.918148755 33.7823963929 33.7359123471 33.6749822948 33.4690407544 34.4117832483 34.0864245677 33.2850338467 34.262070183 33.0681806413 33.0746670357 33.1182897167 33.5549640004 33.9739816533 33.7162746233 33.9888629815 34.2274684517 33.8322591617 33.0609495444 34.019895228 33.3636197877 34.0563763309 33.0986002628 34.3791285792 33.7338591265 33.7911383049 34.1112500788 34.4041616977 33.0283179558 34.3213717405 33.7345929582 33.1781019382 33.2787709602 34.2349648497 33.1728626662 33.752523572 33.4027957194 33.8940747651 34.0730954201 33.9666194062
0 0 33.8761484678 33.5695851363 33.5547328813 34.0862633742 33.0999294123 33.0327502088 33.6522380636 34.2383857321 33.0357229125 33.1404438211 33.6082162292 34.2280205369 33.9749555001 33.1444991525 33.9040660923 33.7908911399 33.9679748099 33.0719867827 33.9148329304 34.2108383381 33.3630650315 33.634950397 34.0448365484 33.9079345062 33.3462298019 33.4010938169 33.2769933065 33.6387985872 34.2668200383 33.8672944717 33.3725330147 34.2054585437 33.1993659439 34.2556854927 33.6400187861 33.7491660473 33.56828793 33.5936076946 33.8410758623 33.4108313279 33.2642639814 33.4294574616 33.4606908704 33.4375988664 33.1253238069 34.379890007 34.0792171234 33.2697945279 33.9442072408 33.6477813168 33.0146150206
0 0 0 34.3529738727 33.5719719913 33.651318453 33.1185874313 33.7247442461 33.4087210158 34.1594814461 33.8993564582 34.3709838196 33.3214578481 33.165813662 34.2548917998 33.5492100399 34.0465450257 34.0246893831 34.3746742417 34.0880219835 33.6064083661 34.0630579692 34.1671137829 33.9770589656 33.6533161734 33.9640793523 34.2115981128 33.6767766315 34.021001515 33.8381262598 33.1213433246 34.3184355819 33.3596821034 34.2283942815 33.2681752844 33.4003795948 34.0051380045 34.3189164209 34.2527173212 33.1414980225 33.9135622822 33.3265975948 33.4782469787 34.2211320068 34.1835478807 34.1644554898 34.156606915 34.2002192442 33.41504298 33.8351680367 33.9522483078 34.0380943714 34.073487473
31.4526606462 27.1676586343 26.1614463018 0 0 34.3385485574 33.5271824535 33.4046344713 33.0540822903 33.1517956737 33.7301512693 33.6172847669 34.3297997976 34.1999125247 34.1701609847 33.4536431609 33.8466510514 33.553619832 34.3695503372 33.4122812869 34.0341660793 33.3664172955 33.7097504335 34.0547026047 34.1004718507 34.3933003531 33.0888082586 34.2954680504 33.803417189 33.1305419076 33.5301857024 33.6447044805 33.6617769907 33.8107860394 34.3892578796 33.3804679105 33.1683201084 33.1234071016 34.1330967802 33.5962648568 33.5939060765 34.1117293055 33.6382195935 34.2073401836 34.0249279705 33.6286216396 33.1124121358 33.2979968249 33.8056933391 33.6403553493 33.3809675963 33.080280166 34.008498898
11.5801169692 18.9004930558 14.6044591289 0 0 0 33.961830126 33.9474615933 34.2170016582 33.69767866 33.8357855418 34.024475971 33.1477403155 33.9039284028 34.132140604 33.2956008638 33.2266739275 34.0174191154 33.710290519 33.3247525398 33.5665081378 34.2413689298 33.9591029119 33.9266821958 33.6124738585 33.9482773556 34.0507540993 33.8462802445 34.1397846528 33.8324512172 33.1891458897 33.3846727422 33.2431684657 33.0625314677 33.1981225528 34.0118690054 34.1393243918 33.3906206122 34.0521644034 33.1548953595 33.441248282 34.1584645145 33.2423090822 33.5100383262 33.144279862 34.0649302128 33.3689025646 33.6464511261 33.4652829266 33.7147383271 34.3158281301 33.8880282567 33.0597097324
27.3673157502 23.2204743988 27.3208816886 0 0 0 33.7272415492 33.5671433619 34.0560350013 34.1523050145 33.3227416445 34.3558049886 33.461582581 33.0578847105 33.3236336427 33.6231537575 33.8687925215 33.349681344 33.7571344748 33.5899746586 33.2968082668 34.2985117941 33.7321103132 33.3413515033 34.0216481407 34.1830564809 33.6609808067 34.2056771745 33.3460130555 33.2873568938 33.8317505604 33.0529010267 33.5826773606 33.7243654379 33.3118298006 33.3457285514 33.6012843369 33.0541183248 33.4305145219 33.9829108804 34.3816918498 33.8900499945 33.1845968658 33.9826732738 34.0733154529 33.1224369561 34.1690542059 34.1623948083 33.9760323854 33.6865863432 34.0874683983 33.1791190375 33.1748648236
0 0 0 0 0 0 33.6497400533 34.1395129638 33.3900480944 33.8760983108 33.8230532677 33.6084096049 34.0794383396 33.7367919159 33.9523859108 33.3468863267 34.1885223761 33.8220952686 33.0013112914 33.6529183195 33.6014693831 33.1061673376 34.1369207365 33.4288321713 33.2802869688 33.3302686263 33.5929079446 34.3374053925 33.067448877 33.5248160659 34.2776593531 34.179681509 33.5505045043 33.2549998471 33.0277046964 33.7074686342 33.1091508027 34.3591727705 33.193825798 33.6018833668 34.3240854612 33.3112242589 33.3455845983 33.2726743447 33.6416898599 34.3739679151 34.1585722395 33.2555640426 34.2548891318 33.8186991141 33.1157991446 33.8966038831 33.9841424079
