Spatial_Output/90% DEC/90DEC_0049.asc
NCOLS 155
NROWS 192
XLLCORNER 196769.923733
YLLCORNER 449719.875193
CELLSIZE 27.603701
NODATA_VALUE NaN
[rows 115 to 137 of 192, columns 0 to 52 of 155]
0 0 0 0 0 0 0 0 0 0 0 0 0 0 0 0 0 0 0 0 45.6275953233 45.4154409358 46.179235585 45.5842963682 45.9998129181 45.2793912398 46.1445510501 46.0370191886 45.1764847222 45.7600064044 45.6334282007 45.386201491 45.5830203173 45.6129590364 46.1554993561 46.2848887814 46.1157453872 45.9150342363 46.3726874081 45.7327758534 45.2343516795 45.2874202444 46.0171817989 45.641881013 45.482667238 46.227144097 45.431435589 46.0221160373 46.1033174821 78.3842528303 78.3842528303 75.98841029 45.6870660978
0 0 0 0 0 0 0 0 0 0 0 0 0 0 0 0 0 0 0 0 46.2309956944 45.2588409435 46.3677845928 46.3827748026 45.4522325882 46.3748818556 46.3070343363 45.0119859334 45.8807318405 45.3877896646 45.2130598705 45.9392316869 45.2733892614 45.734130648 46.2317517375 46.3791206892 45.348567868 45.1651213293 46.394501652 45.0168467615 45.2575013509 45.8219233849 45.2110069378 45.4349191173 45.8402927182 46.1069006416 45.3911841418 45.5440799085 79.7293378505 79.7293378505 75.98841029 45.3315279329 46.2907117714
0 0 0 0 0 0 0 0 0 0 0 0 0 0 0 0 0 0 0 0 0 45.4668269677 45.3350458081 45.7190772795 45.9691102077 46.0619647805 45.4967006613 46.3002035935 46.0443006206 45.8587179561 45.4219231834 45.3505508043 45.7398390543 46.1601875795 46.3145440319 45.2690025865 45.8228449378 45.4847999547 46.3077799555 46.2427913217 45.0969899825 45.8435530079 45.2175745667 46.0415396552 46.0347681708 45.2434370882 45.9568447973 46.3538026833 79.7293378505 79.7293378505 45.1403833522 46.0370330557 45.7931318027
0 0 0 0 0 0 0 0 0 0 0 0 0 0 0 0 0 0 0 0 0 45.2074778793 45.0675008035 45.6538992026 45.9537057028 46.1343470173 45.7106692285 45.5625899809 45.3228161538 45.0325510304 46.3508689526 45.8516091318 45.0549742383 45.2041731447 45.1976379383 45.0122569383 46.4091865146 45.1343578665 46.2607017092 45.597416199 46.0327601515 45.3040011756 45.8875957936 45.4130860178 45.2689780539 46.1178537024 45.0101661006 45.0561541758 46.3198612894 46.2847087842 45.7822624414 45.7909113658 46.0475198456
0 0 0 0 0 0 0 0 0 0 0 0 0 0 0 0 0 0 0 0 0 0 45.688680343 46.2571200781 45.5240863321 46.1542438578 45.4278015482 45.8853935716 45.9269556984 45.2878938954 46.0208932888 45.2039674895 45.5159908221 45.0111143977 46.3612069594 45.5345283381 46.1995790559 46.1441012727 46.0049573701 46.0771636002 45.6883347602 45.3886069235 45.6826048188 45.977579438 45.8843623249 45.1509659422 46.389596893 45.9328757698 45.3685358714 45.3150309459 45.2787903965 46.128232295 46.3151900646
0 0 0 0 0 0 0 0 0 0 0 0 0 0 0 0 0 0 0 0 0 0 45.4960710709 45.6234731134 46.0012428096 45.6080654677 46.1075515964 45.7268863965 46.3454995444 45.154764392 45.9959106763 46.0781274618 46.2491169923 46.2267777653 45.9257279793 46.061791143 46.0000306465 45.0595699214 46.03914978 46.4131755681 46.2805348097 46.0976818845 45.5079174438 46.0851512919 45.5020631868 45.659242123 45.8513430165 46.1318942829 63.0332365055 45.0553155054 45.3046892798 46.345405673 45.2492425396
0 0 0 0 0 0 0 0 0 0 0 0 0 0 0 0 0 0 0 0 0 0 0 45.4841901939 46.0469040901 45.0951820496 46.1484906374 45.4106855092 45.0716141559 45.9579177231 45.0394130056 46.125057744 46.1426663729 45.3644850658 45.6835315807 45.427458098 45.7302842085 46.4131282463 46.1092933779 46.312346139 46.3165642611 46.4140685429 46.3495379351 45.5308115011 45.3697839631 46.2648913902 45.3981560224 46.1418847212 46.2906487086 45.5852480308 46.2235746782 46.1767357071 45.2483136372
0 0 0 0 0 0 0 0 0 0 0 0 0 0 0 0 0 0 0 0 0 0 0 0 45.0203540334 46.1126663506 45.2317386201 45.0984373181 46.282291576 45.2150740424 45.8286977099 45.3294172673 45.815180966 45.8217019639 45.0968453646 45.8920543692 45.7870203133 45.1943971808 45.6547984428 45.3197829148 45.4436257706 46.1032865411 45.6651114256 45.6269627775 46.0227322287 46.409672245 45.3473467163 45.5898545097 45.558462681 45.0092063314 45.1940407234 45.7804876484 45.9396449537
0 0 0 0 0 0 0 0 0 0 0 0 0 0 0 0 0 0 0 0 0 0 0 0 46.1049220852 46.4116820416 45.0552787037 45.1048979897 46.0351936156 45.1616222955 45.7381817527 45.2536698164 45.5862410392 45.0802049471 45.2267156772 45.9224895069 45.4863005279 46.0896451347 45.4090325476 45.5139970194 45.1805571519 45.8001933855 45.079440479 45.3831252818 45.3817123106 45.4261352496 45.8324186334 46.3771622602 45.1997923784 45.4828752583 45.4600619931 74.4862805527 74.4862805527
0 0 0 0 0 0 0 0 0 0 0 0 0 0 0 0 0 0 0 0 0 0 0 0 0 46.0187962729 45.1236892433 45.5664774006 45.4843506077 45.3847785872 45.7639281691 45.8677165851 46.2833976811 45.6274687022 45.6635049381 45.3673975723 45.1402230036 45.0454068568 45.3623143891 45.3346906617 46.327735868 46.0190077145 45.4557193715 46.398452218 45.440417598 45.7495125666 45.5905180886 46.2895108482 46.0699854617 46.0032212164 45.539691051 74.4862805527 74.4862805527
0 0 0 0 0 0 0 0 0 0 0 0 0 0 0 0 0 0 0 0 0 0 0 0 0 45.2319425362 45.6805054269 46.3247850992 45.8235126739 46.072214138 46.2784942792 45.8729749782 46.1920855596 45.8674825156 45.1740725224 45.0612374235 46.3377123702 45.341667147 45.6578518823 45.615774166 45.9325043657 46.3088204449 45.4169085318 46.2759110305 46.2531684363 45.57101831 45.26727034 46.3591227257 46.0377589063 46.0748327405 45.7831003804 74.4862805527 45.6294971585
0 0 0 0 0 0 0 0 0 0 0 0 0 0 0 0 0 0 0 0 0 0 0 0 0 0 45.3122820972 46.0474704307 45.5887393756 45.8136953574 45.0069846235 46.0561723579 45.5170261305 46.1836281101 45.6160572583 46.2758216182 45.6699527167 45.195125192 45.8023723755 45.057590018 45.1805969864 46.3745922551 45.41625234 46.0955703081 45.5693880452 46.1469312839 45.172876635 45.8293340197 46.019277578 45.5718815169 45.7718012721 45.9262480387 45.0407599239
0 0 0 0 0 0 0 0 0 0 0 0 0 0 0 0 0 0 0 0 0 0 0 0 0 0 45.9795657104 45.5476053573 45.5253706458 46.1504739947 45.3509395451 45.4642339574 46.079201906 46.0486076923 45.0078883697 45.3580574197 45.3339512825 45.8643406883 45.0001949724 45.5919215131 45.9044093177 45.1577631938 45.4800133091 45.6356611868 45.6868581765 45.1034286129 45.3883780842 46.0237826965 45.6287397287 45.500682358 45.8901908403 45.4734186091 45.2562870055
0 0 0 0 0 0 0 0 0 0 0 0 0 0 0 0 0 0 0 0 0 0 0 0 0 68.9900707502 68.9900707502 45.2696394373 45.3122148056 45.9821774783 46.1937252853 46.1063310996 45.7586659828 46.2012412729 46.2198525879 45.6590169334 45.142478482 45.8819845091 45.054629121 45.0926558325 45.0957020507 45.6501710547 45.5569428216 45.8044076229 45.7696126715 45.5451999296 45.1980967816 46.2169411462 46.1996148294 46.2052239289 45.9081847982 46.2383734777 46.3222016001
0 0 0 0 0 0 0 0 0 0 0 0 0 0 0 0 0 0 0 0 0 0 0 0 0 68.9900707502 68.9900707502 68.9900707502 45.7833481942 45.2117053908 45.9419113298 45.0562707162 45.7621669147 46.3157192339 45.3725322011 46.3899264725 45.477038766 46.1883487953 45.5268250024 45.3167548433 46.2312923172 45.3188599493 45.3817920209 45.7983283448 46.0627189848 45.9403731678 45.0301735825 46.3185284507 45.0413943502 45.0511280094 45.8808868338 45.1006683155 46.2546830217
0 0 0 0 0 0 0 0 0 0 0 0 0 0 0 0 0 0 0 0 0 0 0 0 0 0 68.9900707502 69.2456416257 46.0137568157 45.4033254428 45.6035757463 46.3072830702 45.8853140479 45.4204501915 45.1576896407 46.2023884821 46.0596956752 46.0963330319 45.9797396164 45.2463440771 46.3129797539 45.4776779982 45.6709113542 45.588108231 45.6345150926 45.6237182183 45.9105478224 45.3447972423 46.3299041661 45.3450293096 45.3898284356 45.2878876407 45.8398111813
0 0 0 0 0 0 0 0 0 0 0 0 0 0 0 55.8872638156 54.6667710224 56.0163558705 0 0 0 0 0 0 0 0 0 0 0 46.2146064031 45.4009094721 45.3389770608 45.2801711842 45.5512073571 45.2180955173 45.8592209052 45.0706270714 45.4170429383 45.692431438 45.3827302916 46.3537944621 45.9289319486 46.3761370926 45.5918124381 45.448399473 45.1927251659 45.2119316052 45.735832582 45.6434460517 45.9006870443 45.8320126737 46.3902966019 45.1033600687
0 0 0 0 0 0 0 0 0 0 0 0 0 0 0 66.1803076704 55.9627731128 54.0128496552 0 0 0 0 0 0 0 0 0 0 0 0 46.3149384087 45.6325146749 46.2504279042 45.1695096632 45.4320649601 45.3817445734 45.2926324195 45.736331175 45.0262155092 45.8223130142 45.4219892925 45.6130684145 45.9596771223 45.3064271605 45.4889499592 45.9896457337 45.706813197 46.0163365114 45.5123668986 45.0820409885 45.004239941 45.4137206731 45.990738982
0 0 0 0 0 0 0 0 0 0 0 0 0 0 0 54.6707033478 64.8770943929 56.9291857717 0 0 0 0 0 0 0 0 0 0 0 0 45.341466549 45.8897340135 45.0745238945 45.3475648825 45.2349420549 46.2579060084 46.1869569408 45.4477738584 45.5472751694 45.7355736495 46.3568775168 46.1683615089 45.2051272161 45.9674064375 45.3901430896 45.5026632387 45.9265465966 46.386600313 46.0450575021 45.1149764744 46.2091619646 45.478313068 46.4056317356
0 0 0 0 0 0 0 0 0 0 0 0 0 0 0 0 0 0 0 0 0 0 0 0 0 0 0 0 0 0 0 46.2709277233 46.1384167914 45.6380433284 46.377401227 45.7998870329 45.1051460053 45.3498675575 46.3876003366 45.5421420268 45.7703845798 46.1197176586 46.2920822453 45.5704644199 46.3354367643 45.1294074577 46.026400323 45.5345247753 45.7487742789 45.4610567109 45.5461433205 45.4660261858 45.0290805923
0 0 0 0 0 0 0 0 0 0 0 0 0 0 0 0 0 0 0 0 0 0 0 0 0 0 0 0 0 0 0 0 45.4687163045 45.1174420165 45.7300518729 45.4390463829 45.9306839092 45.5094136206 45.4341635118 45.8150410878 45.6317303877 46.1821512589 46.2951851765 45.3838863627 46.0776799773 45.6172114012 45.4276975651 45.3785055127 46.0087897744 45.0973242904 45.1953866733 45.5742877954 45.6552967262
0 0 0 0 0 0 0 0 0 0 0 0 0 0 0 0 0 0 0 0 0 0 0 0 0 0 0 0 0 0 0 0 0 46.3438690792 45.5168474743 46.047828425 45.0112354714 45.9633330649 45.6914136437 46.0535258108 45.0382738711 45.8987515616 45.0659984762 46.2941135834 45.717951462 45.0042691909 45.4352184238 46.3929865522 45.5721759472 45.540864065 45.3633592151 46.1950950947 46.342764774
0 0 0 0 0 0 0 0 0 0 0 0 0 0 0 0 0 0 0 0 0 0 0 0 0 0 0 0 0 0 0 0 0 45.2385568302 46.1006583776 46.1757052412 46.1943421592 46.0429475476 46.2525987722 46.3467116389 45.5304526476 46.1426573707 45.2777742282 45.7919855788 45.9072805187 45.4613012805 45.5635197733 45.508905156 45.6800055038 45.7896194456 46.4002999226 46.0841592292 45.0654662189
