Spatial_Output/90% DEC/90DEC_0750.asc
NCOLS 155
NROWS 192
XLLCORNER 196769.923733
YLLCORNER 449719.875193
CELLSIZE 27.603701
NODATA_VALUE NaN
[rows 161 to 183 of 192, columns 53 to 105 of 155]
23.0989133919 23.4404937354 24.3716797898 26.968445588 24.2479912372 25.0148745675 26.3100996714 25.4155936025 24.4119301946 25.3591738953 24.1844510555 26.7299902869 24.9899664508 23.6387045531 26.2846729412 24.280259807 27.1788212046 23.4230540028 24.7968557308 27.0970515161 26.9258761791 24.20591478 27.221094669 23.0162428273 25.6470685381 25.7022992126 24.5233104223 23.3581533749 24.8377623325 23.4101372803 25.4476742912 24.4411400535 25.898414367 25.2680851727 24.08918667 23.6102667552 24.0439196523 25.5854818223 23.6151124392 25.7308683933 24.2768011723 24.0201877353 26.1062338565 26.8253011002 26.3852785123 26.4030481356 24.8470185369 23.2857786366 23.0160300301 23.7465909763 24.5827341135 24.4972634311 26.9202076363
24.0178464951 23.7788453113 27.2304015851 26.5314560549 24.7341795113 25.5004410312 26.5405665205 24.6804793107 24.5382423706 26.8222188645 26.5737572745 26.8499116208 25.0539590104 25.2690639986 25.7218761313 25.1197473778 23.0316695014 23.487488611 26.6077338679 23.3537990474 26.4520250828 23.8308308079 25.0186126877 25.8626426643 26.0129221683 23.9029442227 27.1501281348 26.991883996 26.6576730361 26.2345283842 26.9371443774 24.7081226207 24.3332721819 26.7041546608 25.2977957525 23.9547845228 27.1119849133 24.0607867275 23.5377780694 24.5588630329 23.5318898291 25.1200345711 23.0626269343 23.1736751485 25.9972301574 26.2760477344 23.4926090796 24.5616570423 27.2005338804 25.8575359502 23.2829520148 26.8577342312 26.2347099852
0 27.0176111531 24.0556652141 26.5724397542 25.9365759797 23.7653734119 25.3011181654 26.3675406802 25.5244553469 26.9185486867 26.5108833588 27.0246852841 25.279882939 25.1955092988 27.1041229052 27.0353274779 27.2405420482 23.0911642861 23.8660031552 26.0593384045 24.1615111804 24.252793592 25.8561502186 23.1128742423 24.0778950385 26.9849476552 24.0732420457 23.1801141062 26.2113605307 23.8162198896 27.1494780707 24.8742814054 26.2692239921 23.4014238778 24.7954102593 27.0550682526 24.2498947137 23.1224488423 26.4914243778 24.0659021737 23.181285263 24.0218932833 26.783248585 25.536915923 25.9148921683 23.2813851106 24.1008330905 24.7397078226 26.1475701303 25.9061028546 25.8190173408 26.2007489247 24.4349285646
0 0 0 27.1235979077 25.4875059391 25.4870073206 27.1842459678 23.1368370416 23.706071283 23.2644282808 24.2631151298 27.2124292584 23.4975855483 25.9157894654 24.4847488167 26.1079001574 23.7740968594 25.8601213601 23.1348065096 26.3660567063 26.3534624404 24.6359330789 26.7539518395 23.4975629895 24.2799097107 23.8423649652 24.1332387766 23.8117526337 25.6823929772 23.8042196573 26.3297503723 26.6219911269 25.4921336062 26.6638701107 26.7140058207 23.0388468142 26.3763597917 25.0560250334 25.9534967963 25.7486008731 25.5319143156 24.4585331953 24.5700545194 25.6404952101 26.4061439938 26.3743656788 26.3455354062 25.1294205346 24.2791724852 23.8263097712 23.6606861088 24.9119138467 26.7641041012
0 0 0 0 0 0 26.0999086944 27.2084095615 24.8661809025 24.349404214 27.002968059 24.4273865346 26.4995259492 25.6978473922 24.1598315957 25.3470128561 27.1076446818 23.8246456743 26.1980556365 24.5488915075 26.36021644 24.6488602786 25.1628735622 23.0295162947 23.9172958081 26.1631418675 26.8853822343 25.8918525652 23.3525013578 24.1912083895 26.9567632779 24.0035388647 25.4589154018 26.3443074548 25.2129853645 25.7550524445 25.7758527909 25.4932825774 24.7746690219 26.1706742004 23.8069224215 23.5315182747 26.5953125949 23.1347710253 25.6109271361 26.4071438214 25.0262333158 23.1407560831 23.9309925268 26.4148867949 24.3106884032 26.6403117056 24.0515694558
0 0 0 0 0 0 0 0 0 26.9608158752 26.269528879 25.6870682548 23.7158431578 26.584113542 24.5236906971 26.7571183552 25.4362693388 0 25.2343577005 25.8957128251 26.9427799439 27.0988422714 26.342893613 23.7009710068 24.2184137076 25.7631202684 27.2033340959 23.9030735192 23.6163436448 24.2467407256 25.1995375071 24.5764144227 23.1020301528 24.917645489 23.6721423897 23.8226151462 27.0931028606 26.3394649504 26.8320076435 25.7675864785 26.6336012279 26.0836259874 26.1982981275 24.0753481302 24.7225138569 25.3241717506 23.8368932492 27.1606466655 25.6644037363 23.4904343902 26.9373476784 25.3231007598 24.8563611839
0 0 0 0 0 0 0 0 0 0 0 24.4138621328 24.6900235091 25.6092598916 23.9297421458 23.9160643142 0 0 0 23.8689535241 24.0683940203 27.1402920851 26.0214731171 25.8881366353 26.5287635262 23.3886210273 26.0820340947 26.5369348708 26.9117490109 25.7423330193 24.1270630069 24.8737287943 24.8143648655 25.8368762966 24.2589025608 25.5219206123 25.3768527322 23.3153040198 24.3482028253 25.8770587009 26.1349376862 26.6980196704 26.864156495 26.9219028743 25.5317356952 25.0887264988 23.6160533919 24.8212819795 26.9206892639 25.5619909543 26.1997969286 26.498568619 26.4101282866
0 0 0 0 0 0 0 0 0 0 0 0 19.8977830049 19.8977830049 65.9304345373 0 0 0 0 0 23.8441052344 23.2575011124 24.2593867485 24.9210297648 23.0768432795 24.3585885863 27.1920931432 24.4829671253 23.790228152 27.0183276515 23.6278717062 24.1783263235 24.8835684301 23.5288974154 24.8765096017 24.5460810692 23.7001349946 24.7041802838 26.6190031979 23.9746007039 24.0319502722 24.1956748748 24.3152637484 25.4734851743 27.1515151369 23.2260455491 26.5504361561 26.7133690803 24.0288856211 25.1951081541 26.0192347164 23.3283055019 26.5882177704
0 0 0 0 0 0 0 0 0 0 0 0 43.7753771941 33.7704733293 45.0741279209 0 0 0 0 0 26.1107437028 26.0566360864 25.8092196365 23.3823142866 25.9021308738 26.6728235301 24.2307841565 26.0069851538 23.5267180791 26.7916198714 24.9999239107 24.5780704297 25.1337773039 27.1528223697 23.844074599 23.521231844 23.5927856399 23.6892486937 26.1097378809 24.740339403 25.3109977961 24.2439351006 24.6293316216 26.3904358118 23.5550028699 25.3926623561 24.230313535 26.7663219652 26.5265292101 23.2067490555 23.6100450286 23.1063931606 25.0986007329
0 0 0 0 0 0 0 0 0 0 0 0 45.1157476329 42.2906673606 37.4500280103 0 0 0 0 0 0 26.5591254243 23.7837354558 24.4749652983 27.2061213208 25.2830764059 25.4371196053 27.0670366348 26.451240129 23.7203061989 25.2584632945 25.1968122287 25.5870826891 23.1237063917 26.3470221741 25.4999047162 24.3336706369 26.1331072123 23.3716421717 26.6313630647 24.3527063973 25.3821146954 24.4835067393 23.6837216853 27.1223460073 24.3844496691 24.8413920153 26.6893843384 26.697295184 26.5967016798 23.2604347364 24.4666912148 23.0146582264
0 0 0 0 0 0 0 0 0 0 0 0 33.8995549254 45.6257553696 42.1653390904 0 0 0 0 0 0 0 25.7462104661 26.5042965403 25.4229122703 26.5115910101 23.2154080135 23.7311266243 23.6611606341 27.096797157 24.5424139312 24.2601292726 23.2951406706 25.8195645222 24.1524403732 26.5130497165 24.6205334782 24.611432296 23.9205619378 23.2378910238 25.9671464531 24.692098041 26.2828152915 23.0930921081 23.2451237638 26.7399681627 25.1520403185 25.6339129464 24.7281172098 26.7044900416 26.7325690832 23.3457095435 24.2258943967
0 0 0 0 0 0 0 0 0 0 0 0 0 0 0 0 0 0 0 0 0 0 0 23.3337645617 25.5543724593 26.6662127979 23.420419957 25.3570349847 23.047910663 26.673935575 25.7391607974 26.6524511416 25.1853121821 23.8033526129 27.115398094 23.5013147512 23.4627833512 27.0753326483 25.0978159468 26.4779362645 27.236847596 23.5672657992 24.5226294986 24.153115562 25.742088903 26.2802974908 24.5547668178 24.5117902537 24.9712212431 23.6032370901 26.2603653612 25.4246702057 23.5525144087
0 0 0 0 0 0 0 0 0 0 0 0 0 0 0 0 0 0 0 0 0 0 0 0 26.9699032852 27.1731741705 23.0427972891 24.7311197608 23.0716597222 26.7501390341 26.3361144383 24.4874363769 24.0384119368 24.2265680659 23.9093097827 26.1064067519 24.3252210552 23.560525293 25.8638633522 23.2635582523 26.0940181987 26.2223116548 23.3148623328 24.7926652466 24.1417914668 25.406090988 25.943934994 24.6281090779 23.7447729476 25.1359562187 26.2857997812 25.3926003092 23.8644868821
0 0 0 0 0 0 0 0 0 0 0 0 0 0 0 0 0 0 0 0 0 0 0 0 0 0 0 0 0 0 25.4955455848 26.3160021272 25.4510725597 25.4160536791 23.0551154263 24.5099668116 23.711920357 25.8212939875 26.3903905179 27.0990468592 25.5745610497 26.6584806984 24.3238776754 23.7858027816 23.6425255233 23.9368812734 23.3926526269 25.3564259365 24.1320706563 26.2957696668 24.32464273 24.9410140423 24.2906443588
0 0 0 0 0 0 0 0 0 0 0 0 0 0 0 0 0 0 0 0 0 0 0 0 0 0 0 0 0 0 0 0 0 0 23.394188327 26.4045203855 26.1000400977 24.4298184895 26.8858239917 25.6559935529 26.7782005299 25.3104500717 23.606503101 24.3819348177 25.9026650104 27.0186003179 23.8050036924 23.4461910424 23.4950269286 26.6945648237 26.8500392785 24.8179476993 26.7759420218
0 0 0 0 0 0 0 0 0 0 0 0 0 0 0 0 0 0 0 0 0 0 0 0 0 0 0 0 0 0 0 0 0 0 0 24.9671941311 24.2559717271 26.4676546277 25.2010116892 26.2650930714 27.0362085203 23.38522376 23.3353618141 26.5234080855 24.6120821585 26.5550529777 24.3513384826 24.6698795561 24.5859772928 24.7173481492 26.8635615962 26.7146582504 23.7270171032
0 0 0 0 0 0 0 0 0 0 0 0 0 0 0 0 0 0 0 0 0 0 0 0 0 0 0 0 0 0 0 0 0 0 0 0 23.1067822243 25.6801659132 23.5090323765 25.5251214208 23.0009488779 23.3394558381 25.7941833934 23.4190875713 24.8754022259 26.0554876747 24.3727045086 26.5962867729 26.7891654091 24.3079315081 24.4082153865 26.0899223172 26.6921256309
0 0 0 0 0 0 0 0 0 0 0 0 0 0 0 0 0 0 0 0 0 0 0 0 0 0 0 0 0 0 0 0 0 0 0 0 0 24.4903180112 24.8858285197 26.5353682872 25.7934356843 27.1645920574 26.8656395874 25.6641409308 23.2630397304 25.473879681 24.2427731232 26.1160209516 25.7880400005 26.8221822911 26.1125333822 25.8197870078 24.5460908538
0 0 0 0 0 0 0 0 0 0 0 0 0 0 0 0 0 0 0 0 0 0 0 0 0 0 0 0 0 0 0 0 0 0 0 0 0 0 23.2495848831 26.9005306241 27.2070807439 26.9288204555 25.2642289234 23.3117271348 23.3955341982 23.0825502413 23.3115412003 24.4460869481 25.9878428297 26.297675572 26.1121121153 26.2497908336 25.5234171392
0 0 0 0 0 0 0 0 0 0 0 0 0 0 0 0 0 0 0 0 0 0 0 0 0 0 0 0 0 0 0 0 0 0 0 0 0 0 0 24.8804876892 25.9083839621 26.9885365765 26.622074189 23.9508374676 25.8743230587 24.900139532 23.0383072292 23.981783161 25.4601494141 24.5409101523 23.4563641112 24.1078062639 25.1518694632
0 0 0 0 0 0 0 0 0 0 0 0 0 0 0 0 0 0 0 0 0 0 0 0 0 0 0 0 0 0 0 0 0 0 0 0 0 0 0 0 25.1410820108 24.3758630474 24.6458436024 24.5962798564 24.3259134244 26.1626736172 24.8424824632 26.633398682 25.5238084078 26.7006601944 24.0793890861 26.7864097902 26.3531115458
0 0 0 0 0 0 0 0 0 0 0 0 0 0 0 0 0 0 0 0 0 0 0 0 0 0 0 0 0 0 0 0 0 0 0 0 0 0 0 0 0 23.3881079315 24.1824533272 23.8862198216 23.018333261 23.8618619211 25.5211417032 26.4637198487 27.1390278526 24.1960291946 26.3611951314 23.6742852518 26.6363832978
0 0 0 0 0 0 0 0 0 0 0 0 0 0 0 0 0 0 0 0 0 0 0 0 0 0 0 0 0 0 0 0 0 0 0 0 0 0 0 0 0 0 23.1513710269 24.9056339215 24.0642699096 26.3969363309 25.9714801253 23.218212887 25.149913651 24.480507125 26.0540394289 26.0304976622 24.106346583
