Spatial_Output/90% DEC/90DEC_0129.asc
NCOLS 155
NROWS 192
XLLCORNER 196769.923733
YLLCORNER 449719.875193
CELLSIZE 27.603701
NODATA_VALUE NaN
[rows 0 to 22 of 192, columns 53 to 105 of 155]
45.1308162767 45.1573715538 45.1725195324 44.7473777874 45.0146981222 44.7448712961 44.8629945078 68.9474282179 65.4585223001 62.278261904 44.7236708559 0 0 0 0 0 0 0 0 0 0 0 0 0 0 0 0 0 0 0 0 0 0 0 0 0 0 0 0 0 0 0 0 0 0 0 0 0 0 0 0 0 0
45.0276959928 44.9752136717 45.1585703394 44.7862971974 44.8602748153 44.7142553231 45.132538728 65.6236451 66.558328973 62.5287728489 44.7342475145 44.5080627652 0 0 0 0 0 0 0 0 0 0 0 0 0 0 0 0 0 0 0 0 0 0 0 0 0 0 0 0 0 0 0 0 0 0 0 0 0 0 0 0 0
44.9869850146 44.5986841366 45.1341614887 45.0282378046 44.7384776403 44.8449993186 44.9781187218 72.1975664067 64.0978555358 65.0514987049 45.2065214374 44.7329501722 0 0 0 0 0 0 0 0 0 0 0 0 0 0 0 0 0 0 0 0 0 0 0 0 0 0 0 0 0 0 0 0 0 0 0 0 0 0 0 0 0
45.0499458216 44.8932989157 44.6503951065 45.1962574881 44.5296199489 44.7872060464 45.0010414668 44.9810270812 44.735621345 44.5265640086 44.7398170393 44.757585019 44.9376727074 0 0 0 0 0 0 0 0 0 0 0 0 0 0 0 0 0 0 0 0 0 0 0 0 0 0 0 0 0 0 0 0 0 0 0 0 0 0 0 0
44.7391625106 45.0965546259 44.9247803081 44.6903690977 44.7911819571 45.0523479151 44.6692648475 44.7335785141 44.5610695995 44.5996119692 44.6763689009 44.6692925952 45.1075985532 44.7956747967 44.5336168356 0 0 0 0 0 0 0 0 0 0 0 0 0 0 0 0 0 0 0 0 0 0 0 0 0 0 0 0 0 0 0 0 0 0 0 0 0 0
44.9441122575 45.1689557343 44.5121969512 45.1562895362 45.1234640658 44.7974952301 44.6525942002 44.5523656044 45.091840781 44.9523533415 45.0208894887 44.7905829669 44.8700519575 44.5122346554 44.9566981997 45.0440586621 0 0 0 0 0 0 0 0 0 0 0 0 0 0 0 0 0 0 0 0 0 0 0 0 0 0 0 0 0 0 0 0 0 0 0 0 0
44.8334714175 45.0182332237 44.9066673767 45.090685846 44.5736333638 44.7589467309 45.0438062009 44.5778946094 45.1818522411 45.0853295389 44.5522946227 44.9983550827 44.7583015633 44.7053441599 44.5913502822 45.0726591885 44.6337652916 45.1725044699 0 0 0 0 0 0 0 0 0 0 0 0 0 0 0 0 0 0 0 0 0 0 0 0 0 0 0 0 0 0 0 0 0 0 0
44.9615715855 44.7642105843 44.6573371794 44.7652470877 44.7227596482 44.8570502876 45.0605184924 44.9107711229 45.059255238 44.6544959279 44.8456774127 44.7965176362 44.8560194703 44.8727799751 44.897197593 44.7648629758 45.156927048 44.7907581161 44.689743428 0 0 0 0 0 0 0 0 0 0 0 0 0 0 0 0 0 0 0 0 0 0 0 0 0 0 0 0 0 0 0 0 0 0
45.1274186132 45.1755617356 45.0597649356 44.5327381407 44.5677767242 45.2006204901 45.0143234225 44.9655675405 45.179782703 44.7494912698 44.557913816 45.0948284974 44.9321869996 45.1611315997 44.8217168638 45.205408054 44.6758856442 44.8387300015 45.0992640578 44.5389872094 44.8151278494 0 0 0 0 0 0 0 0 0 0 0 0 0 0 0 0 0 0 0 0 0 0 0 0 0 0 0 0 0 0 0 0
44.676625667 44.6898249745 44.5673450784 44.746451268 45.1854638629 44.6457006051 44.8054535173 44.6420310771 44.8593465188 44.5755693867 44.7283826804 45.1183344865 45.1312283 45.042984928 44.9779732509 44.7798584044 44.7957016715 45.0274285128 44.6471233735 45.1454284311 44.5390026119 44.5170511891 44.9350613127 45.0517806757 0 0 0 0 0 0 0 0 0 0 0 0 0 0 0 0 0 0 0 0 0 0 0 0 0 0 0 0 0
44.6050527242 45.1660460153 44.8235051661 44.5491194876 44.567026159 44.5852519537 44.783010725 44.553437224 44.6244179616 45.0377446157 45.0622255286 44.5115377697 44.9062704917 45.0394680851 44.5835323797 45.1295304282 44.5481926736 45.0156572726 44.9357667563 44.8519727297 45.0993422533 44.5239835473 45.1517741701 44.9182222657 44.8198149599 44.6006683245 45.0671659872 45.013773607 44.6585714556 0 0 0 0 0 0 0 0 0 0 0 0 0 0 0 0 0 0 0 44.5818851814 45.064926796 44.7240044161 44.9886195628 45.0021443624
45.1566481627 44.7729169682 44.5051933628 44.6314854672 45.1590467889 44.9079326376 44.9883256639 45.0301892563 44.7668824593 44.5441263694 44.7817492491 45.1231937565 44.6030064862 45.1947624796 45.1200551335 44.5689215477 45.0131166461 44.8568863901 44.669773762 45.1712156519 44.996747966 44.7749890042 45.0271296269 44.51812288 44.9179787825 45.1973091197 44.9446992412 45.1503179957 45.0745758084 44.7822180489 45.0222156153 0 0 0 0 0 0 44.5291335853 44.8269852016 44.6866130221 44.8574017939 44.9257774533 0 0 0 0 0 0 44.67822135 44.6157174011 44.6857449769 44.5115282125 45.1918902394
45.1783356118 45.0580453099 44.6290566195 44.9793727233 45.1467928561 44.6663727988 44.5143746269 44.8005298157 44.8892286189 44.8954160761 44.7156957661 45.0053277467 44.5489932764 44.613115564 44.7622368242 44.5496332665 44.8887726724 44.8375882482 45.1804573357 44.8961112415 45.0758262342 44.9004342708 44.6148587896 44.6016026564 44.669539566 45.1181205525 44.6144478927 45.0709526998 45.1868143086 44.9646542031 44.716746071 0 0 0 0 0 0 45.0822402606 45.055976446 44.9414332136 44.6297378351 44.7891377277 45.1643120921 45.0833869253 45.0292667489 0 0 44.7996093658 44.6905510441 44.7383966598 44.5774764716 44.9058657374 45.0967082816
44.7415647808 44.9457848931 44.5042068823 44.7152412482 44.6385951369 44.9265454579 44.5127605019 45.1519260878 44.8425893165 44.5801541506 44.9965548767 44.9294818189 44.6674557899 44.8075039255 44.8237513595 44.8051857714 45.1067449473 44.5106497814 44.7571234212 44.7671532488 44.9661510912 44.9454683002 44.7498597585 44.5827694988 45.0038231358 44.6401906454 44.6463345066 45.1556626937 44.7706515658 45.0220210609 44.5640321775 44.5202562201 45.0641762188 44.6923770135 44.6960641888 44.5406039869 44.9658960817 44.9967246949 45.0427539204 45.0613578298 44.9202827055 45.1385352334 45.0685045058 44.845082946 44.642804012 44.6518963195 45.1871624695 44.9563209796 44.7435318421 45.0127472491 44.6195699466 44.9041533326 45.0129302833
44.5735899726 44.8237491154 44.7615930348 45.1318156029 44.7574357324 44.8511336588 44.5710091663 45.1209677012 44.5895452591 45.1204615621 45.2039394774 44.907659116 44.5979864584 44.8991631868 44.7369518456 45.0762250373 44.8754979925 44.9731095853 44.5812015645 44.9363483196 45.0876749881 44.9063301311 44.6691571466 45.1486251778 45.1613703801 44.9195872078 44.596975427 45.1917126486 44.5355629779 45.1088314466 44.9964744309 44.7638997089 44.8722510733 44.5262425084 44.508413562 44.7846009867 44.5985761148 44.8610525653 44.6213340204 45.099433096 44.5844404288 44.8913816205 44.7085052613 44.7590024568 44.7864977979 45.084000521 44.9472867402 44.786684485 44.8019986834 44.795807476 44.5012979895 44.641449873 44.8035469821
44.7244407666 44.9656791242 44.8279779264 45.2045825601 45.1617029884 44.7479468008 44.5859042085 44.8780031525 44.864478478 44.7743465963 44.7891231624 44.8465709522 44.7134906172 44.6101961004 44.5673012272 44.5641926314 44.8936948634 44.8850184302 45.1613299645 44.8085300757 45.0460332877 44.5203925921 44.7356415645 45.0804756298 44.7982292942 45.0227229714 44.9573242503 44.721002884 45.1406375227 44.5998549653 44.9486000993 44.9980672299 45.1945033499 45.1032700213 45.0588679729 45.0540373083 45.1275902032 45.1803273566 44.737123228 45.0151417658 44.6132407783 44.5436852757 44.7543516646 45.1174134254 45.1207459364 44.9749352526 44.6482847175 44.7660236427 45.2012199144 44.8732125759 44.7273013755 44.5863599171 45.0291389182
44.6829275631 44.7943470569 45.1960627942 44.8413546783 44.577842081 45.0269965008 44.5949629528 44.9477594987 44.9121289473 44.627748788 44.9444432817 45.01949329 45.1466804917 45.1045823845 44.8373777992 45.1237880263 45.0255186249 45.1285839199 44.579304501 44.6346479063 44.8324344563 44.7288475303 44.8321356898 45.2044624008 44.7160048613 45.0841325651 44.9017650478 45.1109906055 45.0947227191 45.1455807079 45.1543916766 44.8983824866 45.0910322153 44.6624807836 44.6018443152 44.5448015417 45.1474677559 44.9775277557 44.7541127201 45.0043565443 44.7592193653 44.7940036036 44.9973942426 44.7037171375 44.9758619157 44.8432932038 44.6968808562 44.570386336 45.0535865618 45.1737098071 44.9917388723 44.9264086554 44.9669037125
44.7768950347 44.696644057 44.8737083812 44.6496367206 44.7062070273 44.94796511 44.709908009 44.9267601267 45.0631718814 44.9727469221 44.7828755984 44.8668825994 44.5890457001 44.6718760902 44.9812590411 44.9686415212 44.6561857207 44.7784281804 44.8698146601 45.1281691193 44.6933381279 44.7403974769 44.5232058735 44.7671967547 44.8648984071 45.1011167859 45.1559635256 44.7781976862 44.7383995702 45.111490782 44.627773029 44.9214834801 45.1954527226 44.8506663438 44.6684151136 44.5342248531 44.7109633696 44.7593778839 45.0893532253 45.01298038 45.1809434559 44.9628683269 44.9261838078 44.7130769628 45.097524269 45.1675168897 45.0543017824 45.0702241574 44.5892235717 44.6976959703 44.6454004104 44.920855739 44.6827530424
44.8775051568 44.727197774 44.7519194585 45.1259830778 44.7068843702 45.0863889746 44.6491034364 44.9529828565 44.5902824286 44.7222990606 44.7394220895 44.826256171 45.0462025482 44.8760862627 44.5314576862 44.8150136994 44.622561211 44.9183848533 45.1762796897 44.610584526 45.1177713681 44.8057084442 44.8585606334 45.0394424913 45.1031146338 44.623417447 44.6004807335 44.968591893 45.0230343478 44.7710046322 44.9773270577 45.073828883 44.7998348489 44.6068888373 45.1357555695 45.1655744541 45.0091507771 45.0593607802 44.5273179065 44.8113706185 45.143888139 45.1971963305 44.6011492093 45.1514956891 45.0768522156 44.5742165633 44.5663944379 45.0241921639 45.1050558992 45.0814890293 44.9710514583 44.9571447167 44.9167868566
45.0795332021 45.0303825521 44.9192784608 44.9057349808 44.8366289498 44.6806119919 44.577993185 44.5408735025 45.0845867188 44.8870228903 45.1356721948 45.0568847426 44.5830874065 45.1969455796 44.5012103545 45.0633929698 44.6639257563 44.7133446844 45.0736969241 45.1022072089 44.8741455303 44.5935333842 44.6141834252 44.8133540313 45.0084010322 45.1267087167 44.7985051191 45.1220396994 44.9892783918 44.7488345095 44.5727929534 44.675150531 45.0135510646 44.9172840713 45.1904455331 44.5164157392 44.8055897053 44.7467810671 44.5317556324 44.5300596208 44.8605877222 45.1999495442 44.5879250307 44.9601208844 44.7555362067 44.9580986874 44.5776775546 44.6803564472 45.0021076704 44.7868853622 44.9835637073 44.6864301769 44.7979616412
44.9772325464 45.1188904803 45.0231087633 45.1610211452 44.9344717368 44.9092408833 44.9936964032 44.6656005233 45.1064944251 44.7141645924 44.8951996289 44.8244097056 45.169260097 45.0354678764 44.6194048192 44.6469995686 44.5260978682 44.8737698132 44.6903681707 44.8218052785 44.6427855592 45.0057373185 44.8612528387 44.9762065159 45.1775909174 45.106047343 44.6604444868 44.9617801194 44.9093077845 45.1446489915 44.7724320909 44.6540760742 45.0949163242 44.6439430368 45.0703908609 44.8843853695 44.9014728532 44.9774478558 44.5664702894 44.6764040356 44.5770130853 45.1642075793 44.7284175796 45.0663204446 44.6523745313 44.5523359926 44.6233606106 45.0357711032 44.8942375574 45.1386994136 45.0246874752 45.1090801321 45.119597773
44.7577185715 44.7701558565 44.9788924424 44.5033302794 44.6224399405 44.9433508421 45.0727257218 44.9031221417 44.7034286045 45.1232629693 44.5615466438 44.9649208339 44.9149703967 45.0135956441 45.0218274726 44.8069488093 45.1581382656 44.9445915488 44.9705914448 44.5276063918 44.6348448005 44.7834151501 45.1368048574 44.5412357334 44.7879591534 44.895274359 44.7671001194 45.0023775997 44.9053845193 44.9283504024 44.6402634843 44.793494481 44.7762117369 44.5041097152 44.9697454598 45.103285801 44.7754133949 44.5721607314 45.1880766946 44.5667784804 45.0449643151 44.5697637804 44.8449030855 45.1463041205 44.8770256739 45.1710119205 45.1921724014 44.9150918598 45.0027490686 44.9092950447 44.6333904203 44.9945419633 44.5007446416
44.6096829225 45.1227600967 45.080143226 44.9375093864 45.0459701443 44.7862408448 45.1210982459 44.9645637027 45.0672778716 44.7070286713 45.1479844117 44.861777679 45.0905089933 44.9628239936 45.1089040512 44.6318993099 45.1367811435 44.7520000902 44.552773429 45.1923853198 44.5947216429 44.6719127932 45.0668349182 44.7676559641 44.6697596663 44.910285043 44.9039753148 44.6947367621 44.5819292595 44.6757283473 44.7999296055 45.0912172195 45.1382079662 44.9733452803 44.5322564289 45.0240105598 44.8911788035 45.1828097723 44.6528891559 44.7587071 44.6775354708 44.8557477493 44.7554300568 44.8529190316 45.0404432437 44.6957003945 44.8261886001 44.5370068237 44.6886221024 44.9089021704 44.6423857628 44.9699354225 44.5577290143
