Spatial_Output/90% DEC/90DEC_0079.asc
NCOLS 155
NROWS 192
XLLCORNER 196769.923733
YLLCORNER 449719.875193
CELLSIZE 27.603701
NODATA_VALUE NaN
[rows 115 to 137 of 192, columns 0 to 52 of 155]
0 0 0 0 0 0 0 0 0 0 0 0 0 0 0 0 0 0 0 0 43.7119640525 44.4325251796 44.1977453125 43.3201166984 45.4238124809 45.3369386643 43.2739449737 43.4638486362 43.3934396576 45.475263926 44.4901776013 45.053177969 43.1072874837 45.2731178347 45.0207733291 44.1274107046 44.3022235707 45.1519735269 44.5782974454 45.2920845103 44.1684478702 45.2441700655 43.8983206813 43.4542509117 43.8779647849 44.2022333896 45.1287356328 44.7723600372 44.7907723886 44.8970330636 43.93022577 44.4398577875 43.8906627313
0 0 0 0 0 0 0 0 0 0 0 0 0 0 0 0 0 0 0 0 43.0943560334 44.0959936929 45.2498631266 44.3214760269 45.1751377529 44.5670399943 45.2799358695 44.3390909472 45.6875402858 45.0213317004 44.3596794279 44.3573823894 43.5054615002 44.3564782425 45.5310279154 43.995854411 43.5306424331 44.0754269976 44.8806827082 44.6695566334 43.0127816625 45.6564974641 44.0357764767 45.3767144646 44.550363349 44.468364237 43.8603548321 45.2866167532 45.2322154835 45.5650092076 44.1824370732 44.2088569381 44.5001655378
0 0 0 0 0 0 0 0 0 0 0 0 0 0 0 0 0 0 0 0 0 44.8390631873 44.9887120793 44.3086876785 43.434499872 44.7326847704 44.4770064022 44.7318332743 44.6526041342 43.9323994649 44.4793202039 43.4517923424 45.6726718512 45.3442762067 44.4694430484 43.9589211692 43.118431395 43.4499660648 43.2652511865 43.9690976837 43.0871654211 44.0383438644 43.7387030853 45.2808118916 45.087702965 43.6877426579 45.7952270249 45.3347469265 43.2194834813 43.4261124334 44.3639079702 44.8625476425 43.3990090348
0 0 0 0 0 0 0 0 0 0 0 0 0 0 0 0 0 0 0 0 0 44.566158182 43.9039383394 45.8164760657 45.5182800828 44.8085956245 44.6197860452 44.6923692265 44.7944503801 43.7136631164 43.5101263523 45.0649872829 44.0696459201 43.3326295815 45.3498765527 43.6877426421 43.2891477307 45.2972638419 44.1341806389 43.1498038524 43.861285378 44.5554319095 43.9629409115 45.2882261894 45.3591791268 45.464154691 44.132649309 44.450100811 43.9707218412 44.7604441741 43.238527723 45.1790856293 44.7069822523
0 0 0 0 0 0 0 0 0 0 0 0 0 0 0 0 0 0 0 0 0 0 45.4594235172 44.705421545 44.1989090451 43.74019441 45.0988810959 45.7252775648 43.0936751345 44.1749931934 44.4943667415 45.7054624075 44.9350152528 43.4248564488 45.0325943555 43.8253485679 43.9994626552 43.3395756962 43.3393785543 45.7949501452 43.5651177811 45.0267140539 45.1596242143 44.147715857 45.0763736408 43.4839389157 44.2296828281 44.3245527888 44.932243368 44.7194861321 44.7289611588 43.5491786064 45.1058920713
0 0 0 0 0 0 0 0 0 0 0 0 0 0 0 0 0 0 0 0 0 0 44.9330649113 45.3338972036 44.7968450298 44.7656277344 44.0725827153 43.2506710741 45.6714519142 45.4491678287 44.3749119048 44.8614463463 45.5336881714 44.292848983 43.2589323768 43.0248777231 44.2940877854 44.6224674248 45.1792656921 44.0471661057 43.447064473 43.3429062251 44.2631154435 44.0600124436 45.2381305266 43.8602843766 43.5998635028 43.7926530506 44.59872318 43.1240609752 44.9076000669 43.1480358222 45.5261604105
0 0 0 0 0 0 0 0 0 0 0 0 0 0 0 0 0 0 0 0 0 0 0 44.4345575724 43.442603476 45.3680568581 44.4761879185 44.8328930831 45.0404242805 43.7404403282 44.125564698 44.5680533744 45.6152489631 44.1605604728 43.2367445717 43.1886002664 43.9915388362 44.700758088 45.7474747696 45.5245245507 44.8969819596 44.6420660079 43.9697352001 43.416480854 44.054403353 43.4693157006 43.4363358811 45.7527629598 44.968003984 44.842454909 43.0355784382 43.692700593 43.1959427393
0 0 0 0 0 0 0 0 0 0 0 0 0 0 0 0 0 0 0 0 0 0 0 0 43.7118884996 43.9580943563 43.3514680864 45.070411499 43.8636508405 44.3728378048 44.6108841592 44.3219346128 44.0853141915 43.7140735965 45.816511496 43.6869567994 45.0191835402 45.1449350506 44.6476993952 44.405727833 44.8910964751 43.9214749818 45.7099382058 43.56787838 44.9955041132 44.7899327953 45.6165484214 44.8071354015 43.0225894195 44.5397825193 44.1316479582 43.5663537198 45.6212891844
0 0 0 0 0 0 0 0 0 0 0 0 0 0 0 0 0 0 0 0 0 0 0 0 43.7917319475 45.0430039273 44.2542620086 45.5817301114 43.7590317287 44.0495402145 45.2256760004 44.0797158379 44.3062761798 44.6067488527 44.1100668673 43.6842897487 45.6986941233 43.730017554 45.0136557062 45.1460832751 45.0465041074 43.9975144234 43.3752880713 43.9052024132 45.6787393384 45.253223491 43.0640151897 43.2825540019 44.0004019565 43.1589267216 45.5899249468 61.8231867639 61.8231867639
0 0 0 0 0 0 0 0 0 0 0 0 0 0 0 0 0 0 0 0 0 0 0 0 0 44.87985904 43.9178323735 45.7104176686 45.78083971 45.8151633183 44.6583379571 43.6450687432 44.1658906496 43.7691650516 43.8147243577 45.1396382296 45.3847011858 45.0822338054 43.7715542898 43.0134091548 43.364831824 45.0931346387 43.5369310592 43.3133913045 43.1225107637 45.461379692 45.5247812725 45.5912439232 43.9456640734 43.7903759441 44.0643374555 44.9157844698 45.1010321827
0 0 0 0 0 0 0 0 0 0 0 0 0 0 0 0 0 0 0 0 0 0 0 0 0 44.4524802809 44.7093067167 44.1603324152 44.4926240193 44.8474231352 44.3858337661 43.8388246267 45.2125950647 44.2013831959 43.7369137241 43.6046651775 44.5390280383 43.6951540103 44.2987361886 43.40650334 43.9221907513 43.3323663976 44.138350813 45.3203582143 43.2119698787 45.8212149511 45.6103407227 43.7573722948 44.2151576021 44.2992172793 43.1263058554 43.29991276 44.3176154484
0 0 0 0 0 0 0 0 0 0 0 0 0 0 0 0 0 0 0 0 0 0 0 0 0 0 45.5486614156 43.3062984839 45.3717681122 45.5955609484 43.4551218364 45.5453791049 44.5933273732 44.4048452054 45.6537574791 45.0723309016 43.2472932473 43.4551374202 45.2530683875 44.6578009775 44.0597603743 43.9412315256 43.0609262355 45.5027823477 44.4880993316 45.5701247415 45.3121808928 45.7602402623 44.3594143355 45.0633957264 45.4273434272 43.1437703772 44.4760796951
0 0 0 0 0 0 0 0 0 0 0 0 0 0 0 0 0 0 0 0 0 0 0 0 0 0 45.0411676656 43.9749454589 45.7531422854 44.8175769462 44.1941680451 43.5120268317 43.9002382723 43.7628592829 43.7770311714 44.5727021381 45.4789076736 44.5937700164 44.4301204938 45.6279738356 43.4602002131 43.2956784747 44.5746725471 43.4909437646 43.2933434939 44.0484684391 44.1009993318 44.8112673132 44.1195910014 45.2917899123 43.7239053662 44.8474924486 43.8108567235
0 0 0 0 0 0 0 0 0 0 0 0 0 0 0 0 0 0 0 0 0 0 0 0 0 68.9900707502 68.9900707502 44.0771408138 44.9722876132 44.4000203565 45.2268022664 43.77066773 45.6636834614 44.5762992205 44.2090684894 45.4069414079 45.385289753 43.818450162 44.9877398124 45.7824640258 44.9436004008 45.3381095033 43.0919880985 45.4542828582 44.986665782 43.7075101779 43.0396246987 44.6163971357 43.0521051744 45.6708338815 44.616466872 43.1711086964 44.7719277733
0 0 0 0 0 0 0 0 0 0 0 0 0 0 0 0 0 0 0 0 0 0 0 0 0 68.9900707502 68.9900707502 68.9900707502 43.4060672284 43.827271392 45.0731983006 43.8852606441 43.5364184867 45.2820724715 45.0486447549 43.0934658634 45.46419292 43.3464404709 43.8453817065 43.676204614 44.2999742353 43.7569694499 45.4032705379 45.683420247 44.3026623968 44.7344502846 45.5884064594 44.5346838659 45.6539544053 43.1875657902 44.8917586425 43.9573276041 44.5507786122
0 0 0 0 0 0 0 0 0 0 0 0 0 0 0 0 0 0 0 0 0 0 0 0 0 0 68.9900707502 69.2456416257 44.4072672441 44.9380461226 43.8083068695 44.2641181558 44.0728635835 44.5366586996 43.0926971444 43.0750959048 43.9572219574 45.427452173 44.2731738977 44.6106365541 44.2805106132 44.9461336386 44.1329122272 43.1743946083 43.6472662113 43.7609675532 45.245426756 44.1760075334 45.713194237 43.9585242556 43.2234689409 43.9330441384 45.0833694147
0 0 0 0 0 0 0 0 0 0 0 0 0 0 0 60.3046930336 60.3099688429 57.6587765247 0 0 0 0 0 0 0 0 0 0 0 44.3411353071 43.6198370609 43.1874574264 43.3406680971 44.8443699122 43.5238982398 45.6052865879 43.1082104645 44.5159435936 43.8457715076 43.4201576938 45.6036261302 44.1535677137 43.6820266914 44.5935318169 43.7768697019 45.1795578984 45.8071683265 45.0515305324 44.0443233358 43.7841671393 44.7219423953 44.737307682 43.984620326
0 0 0 0 0 0 0 0 0 0 0 0 0 0 0 56.7971069364 57.9485350283 57.933453161 0 0 0 0 0 0 0 0 0 0 0 0 43.145692831 45.3482415464 44.3920966066 43.251655301 43.3696922548 44.3909694892 45.0588241156 43.8382099387 43.2938393385 43.3503752296 43.7427215818 43.2160229651 45.6266779642 44.0001257786 45.5104519757 45.2849195787 44.2412892729 44.5940233753 45.3716637228 43.2178530483 45.1107262656 45.7917260928 44.4308928168
0 0 0 0 0 0 0 0 0 0 0 0 0 0 0 58.6933677239 53.4721486501 58.6173587716 0 0 0 0 0 0 0 0 0 0 0 0 45.0880246668 44.6468550855 45.3644951802 45.0400915612 45.5513910508 45.1569767823 43.855446732 45.5783161061 44.9653475691 45.3370478727 43.2889616188 44.7772388754 44.1885222258 45.04411878 44.2860520909 45.6274434019 43.0476214005 43.2754352334 43.264515901 43.2332161344 44.9878389736 43.2553080036 43.4154270218
0 0 0 0 0 0 0 0 0 0 0 0 0 0 0 0 0 0 0 0 0 0 0 0 0 0 0 0 0 0 0 44.8763725982 44.9875838984 43.3148476469 43.1398805239 45.8103599747 43.2435211781 45.1255190116 45.4687572733 45.4801918899 45.5308058545 45.3345987942 44.9929375933 45.1624713309 43.1851596439 44.8989718564 43.4366736009 44.9351234159 44.4196005829 43.1977561586 44.4803979898 43.0883073726 45.7544739254
0 0 0 0 0 0 0 0 0 0 0 0 0 0 0 0 0 0 0 0 0 0 0 0 0 0 0 0 0 0 0 0 45.5600382218 43.3411476697 45.7764008802 45.4172585733 45.0431933987 45.4979287045 43.9152413533 45.7496209242 45.5949428969 45.6531547942 44.0371843569 44.25019374 44.6348035504 45.0447893479 45.1385233225 45.3746669103 45.0357113706 44.5523975536 45.1268958064 45.6946446284 44.9848976156
0 0 0 0 0 0 0 0 0 0 0 0 0 0 0 0 0 0 0 0 0 0 0 0 0 0 0 0 0 0 0 0 0 44.1705775825 43.1679321791 43.0412717011 43.6462112386 44.7119560666 45.611176473 43.3667697102 44.4533734685 44.4975375654 43.3324239844 43.1347495709 44.5202024346 43.7579897984 43.9519422325 45.337898091 44.0627652487 45.057574759 44.442846425 44.6742830633 44.7683963765
0 0 0 0 0 0 0 0 0 0 0 0 0 0 0 0 0 0 0 0 0 0 0 0 0 0 0 0 0 0 0 0 0 43.9217133662 44.7165727979 44.9683192885 45.0264694652 43.4210227253 44.8419831935 44.5600951242 44.4640180226 43.8465889053 45.3701824684 44.116994176 45.7215625484 45.3904901859 44.3825007486 43.6263466949 45.7755609829 44.0420380145 43.3301274492 45.4407690748 44.4599741585
