Spatial_Output/90% DEC/90DEC_0605.asc
NCOLS 155
NROWS 192
XLLCORNER 196769.923733
YLLCORNER 449719.875193
CELLSIZE 27.603701
NODATA_VALUE NaN
[rows 23 to 45 of 192, columns 0 to 52 of 155]
0 26.9973864953 28.8430125307 27.1354513139 29.0390574365 29.3112588222 24.9679237192 29.1295033795 25.2617812807 27.830020922 28.7043177669 24.8414167059 26.8395438965 27.5613224163 26.9518629677 27.9730510552 24.9086776292 29.2409498123 27.749741144 26.6463107293 25.0618146101 29.0800134566 26.0720616753 25.3582790523 25.7369751334 26.2113913915 25.8933764197 28.3968857911 27.1193349691 25.8238227879 28.1777429083 27.992958689 27.6507191619 24.886542196 28.8003383763 27.1599940787 29.1515710007 25.6596091363 28.681873201 24.9648040377 26.2224272774 26.1606241791 26.9957047651 26.7250059337 27.6220661164 28.05432505 29.1034283701 26.1714548727 27.47327846 28.9412209074 25.3116384562 24.7399291531 25.7338523041
28.0790095147 24.6288305963 29.2218197261 26.5981364923 26.4583847375 25.9032107943 26.6194925263 27.0843673572 27.0444558626 28.7455203756 26.4786593657 27.0602701676 24.9452742953 25.4290588414 28.2865359716 28.1827655367 27.5765525519 28.2134709907 24.7033389278 25.6549242542 28.6240030808 27.5049707277 29.2464762012 25.5441130311 25.499845077 28.8963103376 26.8023614258 29.0987064898 25.6487679664 26.6192777771 27.8068766597 24.7256772214 25.8080634933 28.6291697127 25.8689705049 27.4962701208 28.9245067728 26.9067132031 27.8591096295 26.5072315013 25.14259327 25.6199508642 24.9100132555 25.4781615328 24.887932587 28.1860855658 24.6525020668 27.5501639602 27.1334298342 28.9113444514 25.9293831646 25.17694704 27.202684191
27.2447532321 27.0484824833 24.8070306427 28.6415146946 28.3302799549 28.8483056332 29.353815083 25.50428481 26.0758860799 28.169588254 28.0846911052 29.2730594204 27.45769237 24.834412055 28.8235410137 27.6617691473 28.0052005862 28.4699977364 27.3482572271 26.0999316216 26.5891908326 28.2788241361 28.3705839053 27.912305627 28.4447805957 24.5372915466 26.9013252471 27.2575496509 25.8457100001 24.8392945507 28.3359942385 26.497229291 26.3359355775 26.3754196694 24.9047337299 26.2542761596 27.5205930446 26.7165688684 27.9170702099 26.9153730741 27.0365196014 29.4244642033 26.2892255125 27.6078251874 28.8916134913 27.9217642066 27.5411844923 27.443435616 28.8011031783 26.309591258 27.6295478397 29.3443840564 24.9408356668
27.9021780069 26.836169367 25.7440832629 24.9234372411 26.2914539665 25.9504705264 25.5723563581 27.2010822368 27.2342595225 28.0564714627 26.288032026 25.6453934506 27.3256816812 24.8180829654 25.4494003734 27.8389402992 29.3224613292 28.7056048166 29.4095116531 24.8339609714 24.8854979182 29.3959150475 25.9815651959 27.9787886401 25.357933044 28.5750424347 26.9576477845 28.8109196814 26.8308821101 24.74439939 25.1310643491 27.3323185552 28.1314684649 29.2730593268 25.5503996385 25.4782608186 26.4761527327 26.7640255449 28.1133815895 28.0878180952 25.9089648782 25.6886755613 27.4556127224 24.7546235368 25.6800854546 24.6243058376 24.8105459129 26.0908548778 25.0058142257 26.5379043709 27.8939363233 29.4229257305 27.7862951406
27.8233689408 24.5135624184 28.2754377862 29.1078234781 29.1663665922 27.5362371827 29.1180299429 27.9294550672 29.3260430837 24.9165981651 28.54768941 25.5953949695 27.7683622828 29.3414822454 27.0579852294 28.4602056315 27.4312236252 28.8953293046 25.5037577513 26.7115194815 24.8539131022 26.0862903798 28.9129970149 25.3302020836 29.0249684844 28.9881291974 26.9070577599 27.4670336289 28.6807284538 25.1761666909 25.9982166069 24.5807791612 27.6902957993 25.6387810049 24.6604554303 27.9929583033 27.1623949002 25.4686282893 27.2390657049 26.2282243656 28.158112967 27.0408992203 26.8117849622 29.1617860757 25.7451545894 29.2933097546 27.7060996292 26.7126468371 26.4352817647 25.8530764926 29.2001012507 26.8969323469 27.1196999105
25.3811024801 24.7902773387 28.1925938421 28.4382408365 27.6293032344 25.5681068351 28.3308800371 25.6433598128 28.2774106292 25.884912984 25.4194481653 24.8375033741 24.9675563555 27.5971488477 26.0465669899 27.855253939 28.8226479411 28.3740114697 27.5193952475 27.7416587303 24.9772748228 25.1404886271 28.9690096948 27.5593794813 24.6669140395 25.4540024988 25.53399554 24.5873054756 27.6811470499 26.7118739408 28.8111940466 27.7138294292 27.1334930823 26.0845231388 26.268069845 28.7271061028 29.1035574199 29.0388682692 24.9342547563 26.5738996128 27.5307442274 26.5032353905 26.8715246722 27.3189774622 27.6367278496 28.3619710851 27.6709062152 27.1974529125 29.0759525 28.9755531752 24.9365915217 26.4212134241 27.1440109103
26.8903650155 25.1399662703 29.1151392922 25.2210850761 25.2324317495 24.8007323446 29.4054406926 24.9855781274 26.7341006681 24.9114731433 27.852379863 25.2024497636 25.2544319754 25.4794689434 27.7458061657 25.7709688393 27.8837459926 28.4057470034 28.3425382418 26.1279964481 27.6607392693 28.3906657805 26.1600979018 28.1526537597 24.8399590903 25.2784999621 27.1826438884 26.1965369124 28.255235697 24.8159039788 28.1918505802 24.5888692714 28.4719969592 28.2424083092 26.6184378958 28.2470476401 26.2434886923 25.6891674201 26.5870669447 26.074675596 26.4003688248 26.9883783543 27.0169414427 26.7551108777 25.8053899001 28.6539020824 25.8983482157 25.9333626368 24.9553443369 28.4805013824 27.618319169 28.062673112 26.4863679411
26.63025365 29.0674821761 28.5190410353 25.740573511 26.4881200295 26.1711750173 28.0711223445 28.1960107322 26.3118429401 26.6774450252 25.7477287968 26.8062043508 27.1877844564 28.2175360998 24.7075677613 25.5367993674 25.9600502668 27.9022598667 24.9233818951 29.3512564441 28.1075033124 28.2105679864 27.971371535 27.3751457974 29.4037043076 28.3091355948 28.8297430782 27.8975480635 24.6569324547 26.1132957435 27.1971834341 29.377204712 26.467887932 26.2736989173 24.6404549584 24.6077270004 25.6058615242 26.2418363531 27.4713013373 24.9581968324 27.461089796 29.4411353275 28.2511735032 26.9592859281 29.0270023073 27.4728794523 27.3710566026 27.9929943201 27.6751415389 25.9698850508 28.6786562398 27.27217204 28.6831753327
26.5866359674 28.6082846611 26.7601840974 29.2732742145 28.5120135814 26.8094537045 28.6653179556 25.085996383 27.8711816288 27.7701036149 27.5301957902 28.7710601255 28.07976555 27.777507082 29.08995703 28.5445719255 25.8966682903 24.8308009282 29.0177114799 29.2040503821 26.8245959688 28.0430541958 25.7586186976 26.65977498 27.9240927217 28.5256572539 27.2141476766 26.9361260066 24.54500828 24.6163537797 26.9685047124 26.9328076383 28.4001520983 24.7443300287 24.6898602762 25.2659559322 27.0655913239 26.8333417838 27.7785764247 26.8831870062 27.308086307 27.3099892098 29.223711934 27.7061656191 26.7292267319 26.308495062 27.4495800428 28.0886158955 28.216779167 28.8006433598 27.0688027446 29.2620734556 26.7701362768
28.0303417421 27.4466470691 26.2787884062 28.2771351912 28.6610678035 26.3699936541 28.4625270847 28.7485720649 25.2798364942 25.334928228 26.4926749732 25.7128771337 29.0499305781 24.8279058786 29.0595723039 26.8548930973 25.2182710417 26.252413912 28.5150553225 27.4850952403 28.5901722619 25.590754639 27.1042399841 25.5561668781 28.5418167918 26.5318578802 25.9936353298 27.8832979873 28.18607892 27.0007674201 25.3879612243 29.3044252609 24.7933462622 25.7207226976 27.5707293346 27.6927684024 29.0298986215 24.7127212783 26.2335581485 28.8696766622 25.9811802134 25.1955188833 25.3287506493 25.4603155364 26.9089176878 27.6698326392 29.2985763428 24.9991846641 26.8016595422 25.5113799856 24.9612067513 29.2851671414 27.0008042291
25.3623736203 28.0768803929 29.3737738642 29.2115685231 29.0440472772 28.7167635203 28.8099808726 27.2706702187 28.2166759944 27.8180292594 28.9058918632 25.0395227808 24.6533418313 25.4190091158 25.4218152724 26.0742587046 25.7805692983 28.2284949625 26.8791330686 28.5176967214 24.82792073 26.2792702951 27.81344976 27.1582136048 26.2516574459 25.3192018569 26.8114262418 27.8906440755 28.5861799114 26.5202750147 28.7620091135 25.8953890236 28.9900134853 26.7679642609 27.4416315951 27.8105574427 24.6599241733 29.0043101883 27.7122471621 25.4160055449 25.6907710503 27.4949357695 26.1305338058 27.1723348456 28.9821835118 27.168034037 27.5838216443 28.4445576854 25.4492370804 28.3155704368 28.7247907525 26.2821698538 27.7821430373
25.8674938449 28.4737084797 27.7961473012 24.6265897428 28.4292571087 27.3460277556 28.3777266794 25.162589371 29.0940323781 27.4649413332 28.077744951 28.1583709087 28.6865349262 25.6649891419 25.4329693444 28.5421064295 24.5279917432 26.2775311157 29.344987831 28.8866181812 28.6755926683 24.5819561974 25.7610994346 25.0610442612 27.8665815266 29.2362068446 28.113702167 26.3747341003 27.6008913418 25.5259312108 25.2556451968 26.9733619667 26.605812152 27.5437047338 26.9042423153 24.8058473679 26.489783034 29.0600297043 27.6632746912 27.7019178249 28.5190787763 27.8052735616 28.8150562704 25.0157327161 27.0424156511 26.5232059732 24.5594421399 29.392310247 28.1816090401 26.0652311846 24.5302726849 25.8359708517 27.5792633304
29.2225093302 26.8289979944 29.4157538488 27.4941212688 26.2795633784 26.583580987 24.9200874609 25.2041713734 25.8140439733 29.225481316 24.8236435013 28.2140824176 25.5854219895 25.7820111129 25.448981671 27.6140832843 29.1424000979 26.3117827778 28.0106536777 27.5058674163 26.8585811248 26.5552211032 25.5130936956 28.8015081112 28.5098263606 26.0374073292 26.0998672092 27.5963697441 26.958416705 25.1602713317 27.8229797035 25.2702244807 26.4878533485 28.9940855836 25.6925532903 29.1595920884 28.1160436647 25.4348779668 28.085810505 26.614284365 29.0453763961 27.4146379339 26.1965436099 28.0423449387 28.2545248246 26.9369869644 27.0416616318 26.9960910325 27.4476983279 28.3436134908 26.0355273208 29.2505172857 25.1901654289
27.6519978424 26.7372917466 29.1661268544 25.1752497905 27.6886952715 24.6990772249 26.6843858852 28.8071438612 25.1198440784 27.2520810176 25.5037862945 27.9304329429 26.9969870521 28.5304249204 27.9690333531 28.7142773137 26.9282054309 24.9385302028 25.9522488059 26.1357907964 25.5990959938 26.6766385499 28.6808232705 25.6949053808 27.2468736765 26.4751851497 29.2087858322 27.6505621333 28.2676293538 27.8554821566 27.130243651 25.3256815474 29.3123170071 28.7225028511 29.1720592881 27.4924460866 26.5314961428 29.1191400604 24.8098470041 29.2386786446 26.6244359269 28.902327449 25.2891235183 29.2872475892 24.72339254 29.4158427714 26.8349353739 27.4149305743 26.1530420006 27.6981811708 27.1673824186 27.4441626543 28.6252462051
25.2110554295 28.8680697021 24.6773968302 29.0418967373 28.4487803258 24.5819094694 26.2715245318 28.590501732 26.4353589082 25.5524340538 29.0872850188 28.5055080177 27.6850130408 29.4080628657 27.4481566369 26.3578576058 25.7659136373 26.6764219112 27.3708906848 28.7056770279 26.6119334615 26.0746282837 25.2086651132 24.9767665814 26.3656911675 26.8902077668 26.6524927263 27.1694654584 27.2198547598 25.4661944786 28.9228468458 25.1707302163 27.9481077205 28.1715144483 24.8912136315 28.735358933 25.2190609104 27.7509076927 29.432059106 27.9435003458 26.8380664735 28.2655399031 27.1721028485 28.5478752692 27.1658980826 26.3731776252 29.1991856997 27.7546878484 27.1056396785 25.543534014 27.8435908482 26.4738413516 27.2553677853
26.1642074788 26.5219450875 26.1177224581 29.2352116374 28.0551158138 28.1511693611 27.1024441717 26.7520210802 28.0208597223 28.1341437478 28.745097183 24.6503397157 28.695722376 27.4071265522 25.9019382161 28.5849880328 27.1353334698 26.7273837384 26.9238311922 26.0186930483 29.1219671591 24.5702345545 24.9567443163 28.3248591399 25.1346909536 25.6599498648 26.4798831657 27.8263647198 24.9688034113 26.3910352833 27.5815826845 28.3142768351 28.5764879225 29.0800792944 26.2461525139 27.118337192 25.6387698339 26.8266249995 26.8378598877 24.5226539871 26.3220733471 27.5929086537 25.1168897566 25.2608362842 28.1749716106 29.0040856204 27.2686136162 29.2062204145 25.622039954 26.6555175313 27.9161497203 25.2210667119 26.498834409
27.8233260665 26.2115264766 24.6198183453 27.9231763488 28.2538845021 25.4320036896 28.2226169849 26.4864196688 29.1842789285 24.6857020499 28.278088546 24.8785158066 25.0561593742 29.2389176637 26.8698464397 25.8823247492 24.9391276769 27.8139717163 26.7431466353 25.5936932627 28.2598514328 24.9341564992 28.2303008314 27.5404841672 29.2575507969 24.589996756 25.6921793904 25.1052101594 24.5894707577 25.6611671454 25.6029075543 26.4802262848 25.6801676342 25.6769898941 27.0495822863 29.0184819728 28.6822154884 24.5192970731 27.593594528 26.1333206906 25.6450925367 25.7506315757 27.1816359673 28.4712573214 27.5729768568 28.973270326 28.0627797676 25.8157636381 26.1514004023 28.916924806 29.1091314088 25.1308436609 29.1655739204
26.109261284 28.4386692691 27.9638701212 29.0959894838 27.434304837 29.3316339114 28.7119831149 24.6409561328 24.9151104229 25.4571000952 27.6955390408 25.7652262503 29.2566265291 25.19234543 24.5701032258 29.3833826336 26.4481083409 28.4743279951 27.4823070116 25.9148305589 24.7648341709 27.9432334815 26.6566811268 24.6956671435 25.6091291551 29.3959220548 25.237466422 29.1422803111 29.102309792 24.68434565 26.7536472659 26.7359427587 26.9724276584 28.0875206984 28.5366682031 29.0768788476 29.0420379529 27.1755358306 29.4463970436 27.2596519405 26.2794503741 25.0002716133 28.5176830923 26.289638902 27.351823137 26.2693223705 26.1990768631 29.2585102463 25.5953216011 27.7340757692 27.0569149456 25.1811510254 29.2735188778
25.0442401113 29.43549313 28.0146876668 28.813258477 27.9024212478 26.1977172037 25.2640402525 28.205969866 27.6112775783 28.8546408921 25.1300509161 27.3495521633 27.2851057904 29.1433720994 24.5416388774 24.9310752417 24.6249138522 27.5596587471 25.4165822289 28.5423950712 29.2731587592 28.8806879254 29.0558352768 28.9747673189 26.7615846142 27.6534350212 25.1933564718 28.960781502 27.6653509384 25.032483562 26.2364635277 26.3595797364 25.8119400019 27.5707283245 27.7866979289 26.9911478017 28.3500563926 27.1784985184 27.0237242136 28.0722684722 27.7366646099 26.5071528948 25.5915743286 26.1782946617 24.665698493 26.4437085791 26.2807090609 28.8360990041 28.5671897729 27.498269313 28.9466892046 27.400423815 24.9940488021
24.6782170759 25.9123901654 26.0125504925 26.0881535797 29.4116661502 28.2816304298 26.3842002428 25.8904580198 25.3488025927 26.7826725387 25.0080016789 27.3142908943 25.5297716731 25.0092499281 28.4927744458 28.1539054551 27.4406096676 26.6762106046 24.7181133737 29.3840391783 26.5618372844 27.1433878471 28.7675696789 27.5804228802 25.4762550304 24.7989761945 27.2348401508 29.4014729723 24.6409469261 25.7877449719 28.1673008584 26.1017018057 29.4310760981 25.8452079261 25.0324161009 27.0462808067 27.1668856112 28.6930999256 28.9983501335 24.6224746091 26.5208261474 20.6856498914 26.501597525 25.4034670318 27.0246455018 28.5522389373 28.8762546753 27.0518242149 26.933453125 24.8012687122 27.3862992497 27.6715232279 28.6323861043
27.6845886722 28.7524276948 27.9659905331 28.5518545502 28.146344677 25.0304783896 28.7457702178 27.3648003232 28.5215553567 29.4037732185 26.6288394747 26.6388097457 29.0663338366 25.9357441541 27.6548135976 26.1993134581 25.6183775466 26.692505635 27.346631605 27.1779370334 26.2517001641 27.9693676648 25.7491414348 29.0236284413 25.997913046 25.3561263472 26.8174870022 25.0854699024 28.2561328867 24.8693365173 28.9298980706 24.6085638597 28.4947892797 27.4812193157 28.7172805609 24.6110423105 25.2477403114 28.9676750188 29.0150257749 29.0994531762 20.6856498914 20.6856498914 20.6856498914 27.4333562172 26.1176667824 26.3322124898 25.4743389558 28.2647958003 28.5252691857 26.4307518413 24.9544687409 27.4298013783 25.9434048335
25.4709570368 25.4380601108 28.0182369222 28.0311832314 26.1462509959 28.8594111905 26.5204556738 27.6254528645 27.5754761469 26.6354842996 28.30156027 26.598770804 27.3496841991 25.4814527211 29.1583071925 28.0612564044 28.7647332926 27.3046837563 24.7899175233 26.9453684642 26.6938512765 28.9365663208 27.194924872 27.8427076591 28.5358854796 26.7455985305 26.9826518422 24.6223536719 28.4432297349 28.7668065156 25.2207077132 27.9789087722 26.0463883486 29.1648115869 29.0395563939 28.5527044612 25.0294392872 27.1941652194 26.0239770908 24.7049536025 25.753104948 20.6856498914 26.2662266664 26.1890774264 28.9388530928 28.3975317368 28.5233196308 28.9626788996 26.7966929277 26.4970488048 26.2429077955 25.3325165399 28.8793527594
29.0326457037 29.2857545702 27.4685958659 28.2440093743 25.3291281315 24.9120031604 26.325380966 26.1539195262 26.6643181619 27.6701147233 29.0424484331 27.7382661277 28.30985119 28.4747434603 25.9406129297 27.1918377203 27.7998579599 26.7653757682 25.1779725686 27.6270678938 26.1505701846 25.8084096139 25.593393459 25.159215027 26.6299412553 28.3858122247 27.5984774152 24.8426013656 28.378055328 28.1328956444 28.8504785428 25.5167533524 29.3645103287 28.6033008829 24.7140543379 26.7634463179 28.7756495393 28.5631130344 28.20956032 29.0099404749 26.4638743419 24.6625518776 29.0519918831 26.9366423212 27.7074604295 26.7342831273 26.5934845821 24.8457365244 24.5235916493 24.6743898194 28.6168673965 27.5676467548 27.9423098597
