Spatial_Output/90% DEC/90DEC_0528.asc
NCOLS 155
NROWS 192
XLLCORNER 196769.923733
YLLCORNER 449719.875193
CELLSIZE 27.603701
NODATA_VALUE NaN
[rows 69 to 91 of 192, columns 0 to 52 of 155]
28.0351567435 28.2761832152 27.2708366408 27.035974272 27.5834911111 28.2171308236 27.8856363001 27.8337681292 27.8768902417 28.0216577502 27.0537761076 27.0966114283 27.1862237363 27.9723645272 27.2103614241 27.814619359 27.051049354 28.1758979998 27.4365941681 28.3179640581 27.3638950995 28.0078290154 27.0900618786 28.3728223499 27.120579621 27.9914228518 27.6968164322 27.8313804363 28.072624546 27.0861099255 27.6697511149 28.2132625368 27.1703832139 28.0027374929 27.0404202132 27.5052128242 27.9998923286 27.7780928477 27.6279583989 27.6566870395 28.1723066416 27.5873126416 27.8155045425 27.1249514482 27.6181992273 27.8816877229 27.6779584706 27.1681008676 27.4633636747 27.003338402 28.0759601195 27.3070499798 27.2198964969
27.7692556923 27.6646227151 28.1820678642 27.7477648124 27.7915258775 28.3176181855 27.5001621965 28.0344089645 28.0525310659 27.0698685406 27.76720732 27.7170306934 27.218572889 27.3061307845 27.6332769714 27.7155798202 27.7985035249 27.8760458446 27.9830605235 27.167297043 28.2325039893 27.3378013588 27.5108574531 28.116812609 27.8400595731 27.7070201613 28.0000255587 28.2786133688 27.359494533 28.1289971832 28.0943160746 27.5716775725 28.1401865734 27.9618847856 28.0213775032 28.3330355231 27.0886968872 28.2105806839 27.9672275921 27.4479667984 28.2736217291 27.165273119 27.6487271923 27.1334102429 27.7385004792 27.4880478528 28.069781394 27.6555496297 27.6132994068 27.352504807 27.30273881 27.5226726786 27.1772092684
27.9737902814 27.8408379065 27.7740712084 27.1788881261 27.9190292055 27.1855792595 27.7383462305 27.767935317 27.5491844433 27.1473249425 27.7138537983 28.1585221036 28.057474076 27.4805908678 27.315791135 27.3413995254 28.2312098361 28.141925794 27.5089092864 27.7502127351 27.4313425205 28.2376964232 28.3941349436 27.619265667 28.0644332367 27.016962007 27.3225744125 28.3217934589 27.266724833 28.0699605897 27.2691965394 27.0050884935 28.2243104453 27.5665918288 27.8970062177 27.1193657174 27.2695562469 28.3848898308 27.237504737 28.3373045158 27.4324008277 27.8349782478 27.2864591437 27.4256991552 27.9362572904 27.4182720026 28.3633677932 27.9358305218 27.5448826266 27.993258761 27.0482559848 27.7331648303 27.3291929673
28.0447202188 27.5646094447 28.266881267 28.286368676 27.3484112797 27.5570995067 28.3370602483 27.6400698356 28.3119388184 28.1552102959 27.629975219 27.969377218 27.8202097439 27.1505720958 27.159345831 28.0465073945 28.1649159217 28.2465970313 27.7238090551 27.3662242337 27.4065157851 28.0814710942 28.1589670653 27.8373985668 28.2461144142 28.3529831872 27.5880467976 27.2359084851 27.4229407835 27.747037059 28.404903776 27.4035094266 27.5039217614 27.0741009997 27.1602267812 27.7810130059 27.2128132632 27.4488408977 27.2865185081 28.2744844358 27.9096075738 27.921519341 27.6773897075 27.9813632274 28.2707551344 27.4762872953 28.1219393682 27.543023668 27.7381691409 27.4317697658 27.2407750682 28.0913485315 27.7904297756
27.2672752582 28.3717885223 27.7578637966 27.1943513632 27.5911801604 27.790421917 27.1383552621 27.9754750488 28.1395719737 28.3949677891 27.8976118538 28.053394595 27.8609553753 27.5620147324 27.0841994552 27.5883712988 27.5427865812 28.2995085207 28.3006195049 28.1626779447 27.6736105538 27.0300499917 28.3593614464 27.647913983 28.1295053692 27.5094452007 27.4678794501 28.0557670033 27.5886617124 27.2436389829 27.4089301085 27.9747750791 28.0137873334 28.4115694238 27.3835778655 27.171952961 27.6798650054 28.2329228726 27.0854549724 27.6282878808 27.3582301361 28.3292567953 27.0569933813 27.1255548586 28.089472201 28.2192718102 27.6403023272 27.9447545744 27.6099692936 27.3823887036 27.3548008626 28.2661921804 27.9597498521
27.1197075899 27.7955661702 27.5556682686 27.4671829992 27.5316119447 27.9238645526 27.9026133308 28.214559312 27.5609987679 28.0432875685 27.4768656701 27.3360945824 27.4480277391 27.8817803763 28.0894864619 27.0930699182 27.9967898071 27.8577291548 27.3755780629 27.4864137278 28.132788194 27.3540854402 27.3097412747 27.0050134799 27.7702323116 28.2085740866 28.3994568154 27.0674319402 27.686534255 27.9648042383 28.3759777795 27.8357985532 27.8021956861 28.1547574713 27.3253530788 28.0536910239 28.2487837012 28.1273394637 27.6975317252 27.8958172989 27.4437439713 27.2513203081 28.2960566119 28.0554878467 27.1217015506 27.7796594367 27.2034799599 27.7767038468 28.401225134 27.8904455291 27.6156980084 28.1500123697 27.5301518269
27.2133806527 27.0070290891 28.1633670521 27.7550115807 27.7407068581 27.6161319992 27.6395363244 28.2481584469 27.8222216163 28.2589766566 27.9273686403 27.5351573529 27.82403993 28.1676493597 27.0109765875 27.1731904794 27.4124680588 27.5960148976 27.5280784231 27.1280420613 27.8038539718 27.3840162238 27.1660771678 28.1032863581 27.7755933993 27.0927751322 28.0321022662 27.5333368162 28.389248199 27.1051798661 28.3198701581 28.1349515542 27.8731937166 28.3782134087 27.7148704611 27.5229676335 28.2295993333 27.0918483272 27.8919456116 28.2031022181 27.2768786897 27.9936563828 28.2066905012 27.2582171184 27.6780422743 27.4628651819 27.0354459725 27.957761661 28.0786958419 28.2556325202 28.3509172047 27.4539678376 27.4919861914
28.4118360063 28.2611264618 27.1346719355 27.5170967911 27.8546653488 27.4455869196 27.4486943217 27.9836715392 27.5400150379 27.2578899658 27.6070372868 28.1880392728 27.9953720349 27.9075401165 28.3813780819 27.7744064755 27.1943933153 28.3470221718 27.9420821364 27.2197450749 27.6322018133 27.8149456483 28.2080447723 28.3653833017 27.1285007002 28.3247830032 27.0152503071 28.3894885865 28.314289754 28.0023429333 27.4249808617 28.3982571376 27.96408638 27.6101931702 27.2082584103 27.3790962134 27.6603677817 27.5385727842 27.9325488241 27.1872091932 28.0869654306 28.4064408875 27.023702839 28.2937431622 27.7302435121 27.3373106308 27.7125951612 27.4396515984 27.5868316815 28.3778232188 27.0321388642 27.1327205119 28.3114203217
27.5151785911 27.2024661821 27.7268952308 27.9585983087 27.3833496216 27.0787858195 27.5973995524 28.0921385942 27.9903026031 27.7826860062 27.0672852588 27.6907146661 27.9965080529 27.2102370549 27.4159190921 27.7329484151 27.3018345972 27.5819039984 27.747214745 27.970221029 27.5298114908 27.5945946819 27.1253565134 27.276300676 27.4571458578 27.5216520699 28.1552567626 27.0059732433 28.3465382217 27.1525390074 27.7664181197 27.8207866949 27.9530297971 27.5083907412 27.7903486748 27.0315877856 27.6950906459 28.0055127554 28.1794938191 27.903835378 27.6879980281 27.7121318416 28.2492819232 27.9989255989 27.5392433423 27.9864580696 27.9562475571 27.7879649694 27.307952848 27.0589853512 28.308678622 27.1475243059 28.2911762013
27.6553395875 28.3995083509 27.8849781318 28.2119261271 27.2641778865 27.8002855452 27.806810979 28.1512352428 27.8826596804 27.204666593 28.39722802 28.4122169778 27.1358044599 27.8429420018 27.8349807486 27.2025291717 27.0604575287 27.5435155732 27.8087574955 27.6478955638 28.0675580235 27.247933999 27.7636450296 27.0396426445 28.177578107 28.1876431145 27.7705603253 27.3148642152 28.3368174137 28.1506489988 27.5447713188 27.0410426475 27.4030867048 27.3485326215 28.0400036514 27.8871003838 28.2357161695 27.1070436597 28.35350296 28.1869951629 27.8240886938 27.1309341342 27.8909097648 27.0836814396 27.8047925721 28.1845862995 27.9612083094 27.7602217802 27.5959843017 27.7510826151 27.618840334 27.740264924 27.9936544822
27.2844160317 27.9089026266 28.0032171775 27.9426065318 27.8373298016 27.3325524376 27.1772641337 27.9438395213 27.88394942 27.0212649332 27.6754614624 27.135353433 27.3351949899 27.1458203573 27.6344775336 28.047219708 28.1201592569 28.0283472608 27.0379542128 27.3296285975 27.1742861841 27.6570835194 28.3267100101 28.1265514533 27.5009925409 27.2384197212 27.2425559337 28.0234193179 27.2359151935 28.2149222565 28.3727498609 27.3948724222 28.3110467461 28.3561075165 27.6988691711 27.5760628663 28.2782341657 27.4850152329 27.9947843136 27.8888010885 27.8716494978 27.338027527 27.5223031542 27.7960573784 28.2979131346 27.3839166755 28.0889691498 27.1200653646 27.3245286022 27.744010117 27.4287285635 28.094241118 28.289685965
27.9723811754 27.279483192 28.3520973401 27.8389589316 28.038473991 27.3709990771 28.2743848568 27.3220765274 27.9886458921 27.9046123382 27.9136294986 27.153743276 28.0145401957 27.9206308034 28.0490300017 27.413448468 28.3258129116 27.3669104515 27.5800596585 27.3759925162 27.6859498693 27.0986390861 28.3975126657 28.328291141 27.3258815188 27.1185362431 27.2922380586 28.1883752538 27.1665281436 27.2133593933 27.0228548451 27.9305331896 27.5171229939 27.860923221 27.9012402784 27.5066193599 27.6375167376 27.3795575943 28.3717278517 27.5296157668 28.0317653938 27.321631058 28.3397960687 28.148329651 28.0330968555 28.2524190315 27.9993283891 27.6585061272 27.0279689985 27.5919348463 27.9085281395 28.211402347 27.4932225551
27.8092285049 28.0254660225 27.166959757 27.3326326608 27.2828670251 27.8472393209 27.1185704131 27.734089019 27.0958222092 27.8157631197 27.3382000881 27.2045202591 27.6385014879 27.59797897 27.658264944 27.3246608327 27.1502763502 28.0697437481 27.3608737199 28.1597957656 28.4053229434 28.3178056647 27.2063656053 27.2710366696 27.4973776846 27.9178469346 28.3314845996 27.4605263188 27.8759545855 28.1380528007 28.3573397966 27.7722519214 27.0001287682 27.3325308516 27.5000222489 27.5907186519 27.8032354145 27.6548951224 27.6355923369 28.3383393277 28.344446169 27.8518797698 27.6413678725 27.9720469387 28.1895856535 27.9983854815 28.1229819914 28.0524076446 27.4571743459 27.9889369537 27.4305497894 27.2723031519 28.0478497077
27.2172842075 27.940026168 28.0549715771 28.1151477203 28.2660856125 27.9568854977 28.3709205856 27.509204309 27.8698657614 27.1677973671 27.5602044367 28.115774527 27.3829822188 27.2221080743 27.4492285378 28.3794157837 27.5647151558 28.061493999 27.6694158652 28.152546873 28.092255112 27.7784041777 27.7770528213 27.9205284803 28.2492201771 27.7070029713 27.0751780849 28.3933053129 28.1696037232 28.2059361064 28.140849744 27.4526267654 28.1533973149 28.3109622019 27.3664921452 28.2448358775 27.3816083924 27.3563520714 27.9957616608 27.1630285784 27.3303220164 27.1841640637 28.3904146917 27.6680349171 28.3745769638 27.8861996808 28.1650096163 28.2075405161 27.6260913652 27.5341921173 27.8650665565 27.5064268486 27.5947960731
0 28.0586348217 28.0927554357 28.3674081331 27.7292958806 28.1470764042 28.4036520794 28.1783773115 28.0711405813 28.0697946845 27.8151790993 28.2853731561 27.3022498561 28.2902691146 27.0699522492 28.219247746 27.88124086 28.0591541244 27.6152501774 27.0922918882 28.0065956542 28.3681131101 27.0706043728 27.0127601623 27.0450898833 27.9500054215 27.5669758097 28.1823925974 27.717535148 28.2651928392 28.1128108835 28.4111420901 27.9900575918 27.1266583869 27.9698261065 27.3668468666 28.2078978319 28.0158018043 27.2009874191 27.59910735 27.8478597585 28.4134601517 27.5446906199 28.4002873791 28.3330577183 28.3886316182 27.15543827 27.2815078887 28.0344215465 27.3294899033 28.15211653 28.1137762988 28.1509744205
0 27.1871460143 28.1929629125 27.4105137232 27.6743065089 28.161826388 27.2531292037 27.4522926366 27.2790130837 27.0575944412 27.6940446107 27.5924375952 28.2474812862 27.6364319019 28.0476496251 28.3574970767 28.0732774128 27.1770941902 27.5819697351 27.2189687117 27.2959439276 27.8371258827 27.4040440241 27.0508492998 27.1192031135 27.4005316449 27.7109785619 27.8008771821 27.2994974491 27.6867660851 28.1387764936 28.0673390211 27.6517254511 27.4417619607 27.5783668407 27.2977768412 27.267705772 27.0712207178 27.4160269758 28.2794259041 28.0793747178 27.952213595 27.0540902611 28.4069088737 28.1621161659 27.9661540551 27.1511122798 27.6930128386 28.3997777429 28.0086390431 27.835819279 27.498914592 27.984113593
0 28.1274639645 27.4823208756 28.3565723507 27.7708925129 27.6162887467 28.0778287013 27.725184651 27.6220018454 28.2435288383 27.312363646 28.071586207 27.8807176302 27.7701512387 27.8798776376 27.224205241 27.2826284634 28.2996054911 27.2526597138 28.2568513296 27.7166050329 28.3300950977 28.0880583032 27.7352251162 28.3692769101 28.2337837214 27.380221034 28.3084812096 27.1388264118 28.0847823238 27.5329524679 27.4972576594 27.785938855 27.1794778704 28.1172272644 27.9540223043 27.3706401836 27.0739421148 28.0703342203 27.9467038246 27.481374647 27.8589097249 27.8513631305 28.0920592467 28.0877091378 28.1505819366 27.1719694721 27.1576795856 27.8306459943 28.1662654233 28.3702355253 27.0830914115 27.4944481466
0 0 28.3780955347 27.9562236166 27.8055583295 27.0278925215 27.2414902776 27.487273899 27.9880793438 27.8158439915 27.6172792158 28.1373450931 27.104680211 27.6878182322 27.1593748939 28.1807480287 27.4570796216 27.2417643194 28.0783341074 28.2849515516 27.4484948215 27.2690921388 27.4726477797 27.037303849 27.8542392789 27.2891094796 28.3096516094 27.2712327027 27.0905802086 27.9001911024 27.0037558687 27.357687224 28.0421197489 27.0523521662 28.1776159382 27.6098491999 28.0304155363 28.2066189391 28.0394523738 28.229827876 28.3236992946 28.4039540624 27.2997601965 27.3391576638 27.2022213493 27.3235639868 27.5427584323 28.3635947587 27.6964736339 27.3714632283 27.3122628814 27.1483835187 28.0205516563
0 0 0 27.9957042873 27.7415577571 27.7208530839 27.902708318 27.9263201338 27.1662874929 27.3854504383 28.1578924694 27.7284439796 27.7196457845 27.5030642023 27.0608750506 27.0008138533 27.0163758022 28.0685491195 27.3090443451 27.0509323243 27.1524508371 27.3894621486 28.2086418193 27.4314186155 27.0038274579 27.2767588655 27.2541933627 28.0445720874 27.5657411142 28.2696930006 28.4072001715 27.907386817 27.28058633 27.6840351503 27.489172825 28.3342631064 27.3431884419 27.5167352085 27.4365196326 27.194706491 27.6982734272 27.7787159269 27.8252153682 27.0018329056 27.656041459 27.750065377 27.6456125174 27.2670574045 28.4061371784 27.1355511178 27.8632878079 27.7775345814 28.1831370219
42.5975215727 51.3915345569 51.5913650341 0 0 28.1061555385 27.6210296166 28.2419239207 28.0807048863 27.7111557168 27.4326771286 28.3698685002 27.676206171 27.6808012989 27.9740399354 28.1441640506 27.8385631652 27.254109577 27.5878400451 27.4740933391 27.6268592842 28.3766658892 27.6310782521 28.2748941931 28.1627758352 28.1115681281 27.4687128407 28.326409053 27.9848601068 27.112357934 27.0792604758 27.8811893478 27.9326267269 27.1732053088 27.5929217843 28.2386613088 27.3838744903 27.9399175704 27.9980426755 28.3380394451 27.5462815394 27.1760193882 28.1600783977 27.0303356941 27.0288571922 27.1071699694 28.2627788211 28.3267641067 27.1356592089 27.6521671457 27.5865326796 27.1006558763 28.2779185551
46.0684470855 54.7061871334 54.8198136218 0 0 0 28.0249323376 27.6798538019 28.1627242307 27.5942103167 27.6877763352 27.5409631363 28.1367807386 27.0045693894 28.2697272113 27.0417730371 28.2539859234 27.6876987385 28.280912854 27.9503172536 27.8545408737 27.4658434227 27.9497596286 28.341018326 27.1264094561 27.174721618 27.6594008587 27.6842773939 28.0009897305 27.5097569844 27.2779488268 28.0170457723 27.7891578607 28.3890309126 27.8263941473 27.0618821227 28.2274498449 27.0777596634 27.1876436381 27.3358816681 27.1151445219 27.5146480567 28.3206001174 27.2617396723 27.8953381483 27.9069375574 27.4207851134 27.7067857335 27.3736570384 27.4661857411 27.2946938748 27.2028206421 27.8662323745
53.8247558089 52.1155267148 42.9764534509 0 0 0 28.2062595911 27.1773091976 28.2522968113 28.0985386888 27.5258715267 27.1129671958 28.072149786 27.6048190732 27.0212445823 27.0671736788 28.3638116702 28.2625615991 28.2447369492 27.6398342699 27.1974395927 27.8863554404 27.3932792937 27.9371286845 27.016892228 27.3353583147 28.1377840171 28.411839798 27.5556506089 27.6311081432 27.9954130435 28.2929178284 27.3354010005 27.2098047209 27.0495614038 27.3442212081 27.8943427659 27.9342458821 27.7101975004 27.8433839972 28.3164239117 27.522087692 27.6427575595 27.168883025 28.2583379315 27.6315007589 28.3404291698 27.4614348244 27.9079460852 27.1951952143 27.9941067635 27.6096401018 28.2679427113
0 0 0 0 0 0 27.0569828036 27.9379996985 27.3381509596 27.9261512951 27.7141966909 27.8085800912 27.7229130973 27.1833137203 27.9075292348 27.5781959429 28.2447659613 28.0643826876 28.2066885122 28.0389789384 27.8818075403 27.8681919188 28.2305210897 27.0420825235 27.8382292096 28.0421625612 27.621459885 28.1923704335 28.3653064434 27.8359408899 27.5825815881 27.0281353805 28.3940519513 27.4446464826 28.4135251226 28.0218088305 27.2938278549 27.406328845 27.2984995503 28.2428196065 27.3075028944 27.3438102618 27.0264866314 27.4887459432 27.2457315604 28.16941943 27.9918368301 27.1416586794 27.2706205928 27.7221224373 27.27969187 27.5451790043 28.1657574497
