Spatial_Output/90% DEC/90DEC_0310.asc
NCOLS 155
NROWS 192
XLLCORNER 196769.923733
YLLCORNER 449719.875193
CELLSIZE 27.603701
NODATA_VALUE NaN
[rows 138 to 160 of 192, columns 53 to 105 of 155]
36.7706910772 36.2530434056 36.0092801729 37.3995278794 36.5090822215 36.5620773652 36.5860318314 36.0548995585 36.1286753004 36.0818763735 36.8771751364 37.3108672923 37.0930357433 36.6603932652 36.937416343 36.9235325858 36.6474478001 37.2220585652 36.32881372 36.4475761908 37.067324192 36.7588859825 36.0283980319 37.0132886891 36.5132852136 36.3789909741 36.4944265533 36.495382664 37.3892826628 36.3406888122 37.0600319959 37.2658621971 36.0773119489 37.3934613144 37.1952298563 36.8745833815 37.1387449286 36.2312568604 36.6210474424 36.3977511845 37.1807067348 36.6138617096 36.4181889467 36.4633278183 37.1510597018 37.1971388794 36.2027258017 37.3773136901 36.393404069 36.3386874848 36.5321423463 36.7812446655 37.3374150654
36.31706849 37.1174471827 36.1219360571 36.6469735876 37.1780357868 37.3800756374 37.2804780016 36.9714730177 36.2940401806 36.2763874742 37.3835243147 36.5940516649 36.8245973251 36.452490951 36.362563478 36.0371965807 36.086356949 36.9298659262 36.4569156423 36.9408756496 37.262292104 37.3186181067 36.0994474145 36.0896694799 37.4139260101 36.2070464586 37.1066813505 37.2747081683 36.253623028 36.6463567828 36.2054387619 36.7557017371 37.3848145421 36.6001067999 36.2538704164 36.1735052752 37.1536255328 36.567116049 37.2039976927 37.2932865214 36.071337698 36.5129872597 36.0682361625 36.3297056465 36.8775026667 36.9402860853 36.5557489885 36.6561393777 36.0311934269 36.939228285 36.0265752019 36.9303938456 36.3048217377
36.3120926384 36.5899784647 36.4740006364 36.5237195169 36.8022014722 36.3357452873 36.3169779212 36.5334169599 36.0294723303 36.0839310341 36.355731264 37.0451559539 37.0535537155 36.8810094206 36.9603176728 36.9016660913 36.1976430969 36.007763707 37.1071620109 36.0934300931 36.1774778928 36.5675679907 36.8608772074 36.626714117 36.4800229159 37.2097925417 37.2456138983 36.0053108489 36.3927824379 36.6691696067 36.6047674685 37.2978663145 36.4756947204 36.2776090447 36.2412695074 36.1903434482 36.2127064355 37.1346698985 36.3857232949 36.0655903542 37.3672063263 36.6060333603 36.507993549 36.8271257223 36.2808007994 36.4614521627 37.0533290402 36.8512619399 36.1736404274 36.0553078769 37.3546250865 36.948960391 36.2308648872
36.9655231538 36.6224556291 37.1752652371 36.2583205505 36.4290433515 37.0905239885 36.1303251423 36.436467374 37.0247928025 36.1089373806 37.3292353853 36.8262470622 36.3931105132 36.278967038 36.2991641636 36.9727099145 37.2361653478 36.2472700131 37.1190010433 36.4998097848 36.0032604333 37.0123097227 36.2377750862 36.2225039485 36.1046485231 36.263298215 36.6950471064 37.2938822609 36.7142383826 36.0906547975 37.167740801 37.0165639207 37.0026841352 36.1487423298 37.104072307 36.1993137465 37.0620035381 36.7071982059 36.8961641815 36.7413679176 37.3997069458 36.2274573893 36.7039873241 36.8396754868 37.3483446664 36.5263338859 36.959491684 36.9498994805 36.7924449185 37.085830574 36.0432848609 36.8750417211 37.2184825687
36.3275501636 36.7607829384 37.1947650386 37.315818345 36.6309404966 36.0008130567 37.3679140322 36.0581934801 36.9924234635 36.9779911955 36.7210663614 36.0222213419 37.403122682 36.9833358839 36.136277614 36.8061752973 36.319730034 36.9495642249 37.1851095892 36.2699547208 36.7488024439 36.1068638902 37.1187866662 37.1602994988 36.2418939051 36.9636172774 36.1116431672 36.901377297 37.2366574939 36.7015452662 36.2832784482 36.2330398348 36.6538573387 36.4723880943 37.3566598436 36.4186457886 36.4620525208 36.4857673727 37.125314333 36.6305265681 36.0875822491 37.2995344954 37.0066758296 36.8216389535 36.4631701384 36.3760614438 36.631875337 36.0929314389 36.4731829376 37.2165851903 36.3577078008 36.7875326 36.4010552758
36.0954355713 37.0322633262 37.2383425205 36.0188665019 37.0541125056 36.1752053488 36.3444525684 36.5334157149 36.5537771159 37.0388115983 36.4230956929 36.1963054165 36.1451935495 36.9322258864 36.850008248 37.089115961 36.0858758518 36.3270520232 36.0572122888 36.5040509648 37.0299804248 36.9504606731 37.1215168283 37.156003071 36.2577828177 36.5148471813 36.8022508356 37.0727776552 36.5178320663 36.1281032891 36.9655287401 36.3688920717 37.3316670256 37.2693750329 37.0614701375 37.1057748846 36.714799295 36.3736607076 37.3838075376 37.36776139 37.4120257992 36.3678879112 36.2783028624 37.1482543452 36.042503914 36.827127964 36.9488673865 36.1148271492 37.2248523639 36.0181588468 36.1343593931 36.98823611 36.1521237114
37.1529610031 36.5344842146 37.3353773199 37.3175224703 36.2607910991 36.3166163172 36.4526451217 37.161030553 36.7174726052 36.9234731868 36.1779134314 36.4268060179 36.2971983319 36.4918874774 36.2222942338 36.3065301172 36.7466817516 36.733423984 36.0208789086 36.2656586569 37.3690161256 36.3450236093 36.2324938398 36.6978333274 36.9561907234 36.2753502831 36.0120292886 37.2888215515 36.4284390159 36.2082469654 36.4644706748 36.9435972724 36.1650309171 36.0418227386 36.0681153619 37.0955751768 36.5896107823 36.1033358832 36.3062953781 36.8379490535 36.5972847438 36.6736211455 36.0571109051 36.759313429 37.1794521405 37.365703952 36.6186234533 36.6308423174 37.2108429805 36.9718117338 37.2427091297 36.1169174996 37.1870473278
37.2842657344 36.3684242744 36.3754010604 37.1666291826 36.4558547723 36.8128501286 36.6735419336 36.6817468609 36.5553562523 36.2983296924 36.7689083106 37.1859537801 36.9035454136 36.7117779148 36.8277228228 37.2727483853 36.3158445824 36.0193888162 36.0695961916 37.401620737 37.3156733844 36.5082365314 36.1324984187 37.0260490507 37.257745547 36.9405707865 37.0025990067 36.4412156802 37.1231460178 37.1641743824 36.0171429363 37.2904653642 36.3240776567 36.8904822844 36.5765324429 36.575130729 37.2297585745 36.4217747778 36.7672394081 36.4179844519 36.4132291869 37.2519684463 36.0335779302 37.3105041068 37.3243874727 36.5441017807 36.4440745229 36.7880512892 36.6659142139 36.2346165177 36.3485457509 36.2256259398 37.2436991597
36.5483331415 36.906075343 36.5000749326 36.5255011061 36.6388424151 37.3648846117 36.7323643734 36.2379644336 37.1632096837 37.1562397412 37.187838023 37.355133213 36.517294759 36.372197578 36.9885669 36.7091236894 36.3471232871 36.679366079 37.3433976876 36.6988496838 37.2166715673 36.3459177677 37.0945250298 36.5798057219 36.5302426166 36.5894127052 36.6466166149 37.0769981158 36.1073306899 37.3182889342 36.7818719761 36.0073225486 36.9106976518 36.6717005215 37.2467440734 36.0082842267 36.7661434847 36.4299237585 37.3524828338 36.4719668014 36.6523207235 36.5034532287 37.1201079781 36.3335099697 36.564125246 37.2061435989 37.0996344227 36.8810582002 37.1090163273 36.7916069123 36.1950689641 36.4322067551 36.7841104505
36.8343057557 36.7790770365 36.4373647486 36.9863512879 36.3850642216 36.0992919826 36.4007776374 36.7806140964 37.2133790901 36.9824996418 37.0107535008 36.8692963587 36.9336048277 37.1444021088 36.4120207815 36.0644244135 36.7199530521 36.3247655162 36.0981406277 36.2927902324 37.3507965893 37.3820633996 36.0866373253 37.1981028752 36.1842807444 36.3883394575 37.3064607442 36.74954287 36.4243379562 36.8678033756 36.522337537 36.3492953161 37.4111176982 37.0441415988 36.9263775265 37.1967431884 36.1809983637 36.4758892095 36.3503889131 36.5651780288 37.4127486218 37.215417768 36.3579033132 36.5614640074 37.1269485702 36.0082263722 37.3157095583 37.0155956744 36.5908463832 36.9357583762 36.4330621461 37.4053492614 37.0008127931
37.0327216876 36.3345034694 36.8483298546 37.2604915536 36.9575791355 37.2995105564 36.4633672053 36.8238392217 37.0602700579 36.1294597246 36.4292351681 36.8007458019 36.5363261303 37.3405795671 36.2562234764 36.9423259878 37.1860676874 36.5242411403 36.6518324847 37.1616102142 36.0752707393 36.5639460231 37.123872181 36.0997200987 36.8607189636 37.2916594813 36.4509126267 36.53391204 36.7735692405 37.2880992837 36.2215961367 36.6891607511 37.3341831031 37.2005457199 37.1604499083 37.1814582894 36.552289351 36.6105252754 36.2790968953 36.832216723 37.2775246467 37.1444265834 36.4968960972 36.7128719362 36.2652679245 36.1853487782 37.2279373796 37.0433781138 36.9260147724 36.3152480492 36.8461531303 36.9219720977 37.2463494471
37.3271645799 36.467895854 36.1590906762 36.3423346622 37.0926151318 36.5414489213 36.1950499283 36.6082391915 36.0289637661 37.2124781651 36.1583919809 37.0954565883 36.8649789777 36.9764337257 36.6416307335 37.0373910804 37.360575122 36.3470050767 36.4427355929 36.2486854939 36.5991190108 36.4938088587 37.3052110283 36.6940996454 36.3602184849 36.1336260675 36.4383539349 36.4953956465 37.1807843819 36.0218140917 36.9253307296 36.7274075699 36.9857366236 36.3575239266 36.810246461 37.3761546095 37.0459219624 36.8154444339 36.4531062607 36.0264265277 37.2482975898 37.0676381408 36.1116999426 36.6813988025 36.8673269919 36.6087577898 36.7078450876 36.2625265433 36.7586422281 36.4519408007 36.7827834433 36.6535182034 37.2051082257
37.2824442409 36.2431052636 36.2271590719 37.2206920133 36.0122486624 36.0619023033 37.0102602121 36.1295924154 36.6794927513 37.2030073964 37.0119281869 36.0419733895 37.3788485228 36.5451800787 37.3702674241 36.2005683593 36.7219594756 36.8065091157 36.9021648091 36.4855657993 37.4098789763 36.6491434691 36.921888989 36.8734910697 36.7452939653 37.0180219739 36.0079365108 36.3027212269 36.5655306071 36.6050631436 37.2314107162 37.0004413238 37.2338291786 37.0618806094 37.2928702855 37.2076356031 36.8805569423 36.9635338895 36.0867747197 36.7604113709 37.1713028127 37.2007074317 36.4530901598 37.3452772196 36.3852522448 36.8418779572 36.8017608878 37.030146384 36.3044841061 36.0798719375 36.9040690134 36.0858739737 36.4787182302
37.3055271653 37.3506106661 36.0655384599 37.3163156988 37.3394825981 37.0293581551 36.4019623978 36.416013885 36.6243165631 36.6443217278 36.0103296384 36.4878200232 36.4346195035 36.1990074817 36.6877001823 37.3134664727 37.2695792037 36.8958882459 36.6511488311 37.3299136491 37.1030189724 36.5205034806 36.8046646063 37.2343419582 36.1101796223 36.9984761703 37.3857532261 36.7399063378 36.2590634036 37.046760811 36.2490286658 36.3128627276 37.343002379 36.9779978455 37.1672847936 36.7057370607 37.1738298965 36.0972298884 36.6246602726 36.6235948253 36.9336554747 36.0637187448 36.3254490392 37.0561846867 36.3514956861 36.7308415262 36.0511643262 36.1398921028 36.1261660586 37.122585136 36.5835912157 36.5296558159 36.481951621
36.531463284 37.0911199463 36.7810047926 36.6851104914 36.2101732264 36.8615873989 37.3408921616 37.2813571871 36.5960070886 36.2400811653 37.1899165432 37.2237423627 36.5725671682 36.7771899537 36.1775562575 36.1562023878 36.214761364 36.4232510363 36.5788153904 37.0727619548 37.2061839448 36.9855742137 37.1750275856 36.9050506152 36.3345365276 36.0953715996 36.2247656741 37.0640255771 37.115778904 37.3788818823 37.3695162483 36.3619452109 37.3459000372 37.0932271054 37.3890372061 36.0567834166 37.3816019973 36.8931517033 36.8924935128 36.4573308502 36.1552865704 36.2779129421 36.9884673932 37.323102787 37.0684367571 36.7383841671 36.5468477622 36.0109737422 36.2551195081 37.0417087122 36.9378230388 37.0812263795 37.0754365151
36.3566819661 36.8519954451 36.5439406493 37.1576867714 37.0291668774 36.551071541 36.6038063395 36.340935523 37.0327131789 36.3711940873 37.1297259913 36.6250371919 36.5471563112 36.0212400535 36.4833741718 36.3674510414 36.40701318 36.9141400987 37.1273121127 36.7009239089 36.0216975813 36.5046840682 36.2590167517 36.2016296702 36.9872274455 36.8751392425 36.1816052007 36.8766506912 36.5191981337 36.269441724 36.2278559934 36.6269272254 36.8000109441 36.7466729567 37.0391105798 36.4740496947 36.7714809714 36.3869484519 37.0644015525 36.5869769712 36.3385969257 37.2893819022 36.7434407352 36.5288677385 36.5297262657 37.0213870868 36.8366312417 36.4952020107 36.7390730489 37.3719837754 36.3205453059 36.0878006783 36.6989503432
36.8520883044 36.9675291757 37.1958230525 37.0975505892 36.6614744624 36.7168220385 36.6445126398 36.8232349543 36.702152683 37.1175173509 37.3993065685 37.2594869723 36.7766775143 36.6771598983 37.3715237676 36.6521077778 36.540331895 36.097209415 36.7924042276 36.7895488412 37.0242034953 36.421172792 36.9270193913 36.2856736918 37.0700538773 36.9429608894 36.7967829183 37.1264760635 36.2286841107 36.9316055365 37.1021975176 36.3134662214 36.0295062601 37.0745194522 36.4879179882 36.4835713055 36.6594765865 36.387624338 36.3431724916 36.1162096193 36.6648393027 36.9486089686 36.3602498442 37.2676710921 36.2630691027 37.1360843709 36.6062372642 37.1579689612 37.4097968805 36.3643105107 36.1128012736 37.075841532 37.3621879055
36.8073589289 37.3454556278 36.6668919113 37.3254441841 36.5670675344 36.0174339036 36.7877622826 37.0798083688 37.378460491 37.1251652611 37.0309676936 36.1860731036 37.2838630129 36.3062989188 36.6150151868 37.4090638738 36.1680274242 36.564267485 36.9439584389 36.4990382053 36.0647603365 36.8136752283 36.2423475893 37.2088121376 36.7062319117 36.0878390296 36.640201756 36.9614067725 36.6573953609 37.37604069 36.2762092547 37.3167800818 36.5716873402 36.6696439858 36.98092904 36.2860836653 37.3820924274 37.0708655119 36.4290381634 36.3829400392 36.9364077754 36.7199087481 36.4462580507 36.4278066549 37.0374850675 36.2811119779 36.8349634686 36.5132796317 37.0694314418 36.6147963916 36.1288382241 36.4789275638 36.3183541852
36.3049544312 37.1758634469 36.1950983189 36.8072389565 37.1092900295 36.688640961 36.6268603012 36.2881843028 36.1058902858 36.5164674921 36.7707256645 36.0268500115 36.4975167288 37.2664178351 37.0932910239 36.5264810057 36.4808914899 36.5346728573 37.3767038579 36.8560538774 37.2570643197 36.8903520141 36.0068286651 36.7048723546 36.1605489862 36.213086386 37.0552354607 37.2876717335 37.2434816119 36.4809826022 36.0924767491 37.2258930001 37.3483919079 37.026099612 36.7930910481 36.4105857295 36.0381707422 36.1649488965 36.2534851413 36.3801224021 36.8612529189 36.1742378919 37.0063091631 37.3574898395 37.008525807 36.0474101173 36.6943060693 36.6270976775 36.8732936862 36.8321853223 36.6316171082 36.5121544021 37.2664110492
37.1533062878 36.7372410333 36.5666819875 36.917410817 36.7829492922 36.5279761608 36.9994966512 37.0274413533 37.2245427115 36.3605674436 36.7189484046 36.0718970183 36.4870353731 37.3321138473 36.5127163223 36.0763219475 36.5540355206 36.5333816446 37.2520256569 36.8786547545 36.361044632 37.3139902719 37.1989143395 37.2860959937 37.0524291939 36.6887869019 36.3279486962 37.409808248 37.2605596967 36.4107156481 36.4017716533 36.9604158384 36.7019947539 37.3193131652 37.0476402872 36.813286915 36.0204079805 36.7585114853 36.1754693327 36.2941468951 37.0828708966 37.1841321163 36.154503229 36.3393569582 36.7464377099 36.7942587306 36.7570830437 36.8849698744 36.4513266243 36.6401165956 37.0488823275 36.2765370419 36.8009818062
36.9025844319 36.6356921189 36.9559252943 36.2730269234 36.7227631882 36.0813227135 36.0446913107 36.8946886402 36.9901165711 37.2234032786 36.0094059372 37.1824488831 36.5672271627 36.5389017219 36.0570834262 37.4116605829 37.3231329999 36.3580523156 36.4235781971 36.892668546 36.0063426727 36.951226197 36.324128774 37.2440932209 37.2158669233 36.8672963896 37.004593916 37.0292304033 36.1735973482 36.7784055529 36.8755672364 37.2811497649 37.0858934328 37.3826653379 36.5670477725 37.2697143206 37.197149762 36.4930248721 36.6288929335 36.8262268007 37.3061157135 37.0317225074 36.7632032886 36.312776526 36.3510703929 37.0583584849 36.1838346329 36.3376816526 37.0777622732 36.7727138587 36.1974888838 37.3529720138 37.1943485506
37.3720674082 36.7415566167 36.2089477757 36.6619637426 36.864019085 36.7072658622 36.6253054215 36.2035669187 37.3117725286 36.2417526103 37.1217422953 36.9968981814 37.0681668595 36.3021177267 37.3785591608 36.8588634382 36.6398511996 36.4746993422 37.3601730132 37.3814403475 36.1676285445 37.2252672616 37.3868358598 36.0738986032 36.2511253303 37.2683651155 36.6502100147 37.3819388408 37.4112310909 36.9207335958 36.8258407262 36.2269125722 36.5853217957 37.2331953485 36.2096525025 36.8979577897 37.3706445283 36.4043026109 36.7531788126 36.2002412487 36.5071875631 37.1534290185 36.9281481427 36.4810290644 36.3321407204 36.5158493865 36.9171491418 36.7379949161 37.4067351995 36.6741643144 37.3678641678 36.8199838869 36.2173658179
36.5530550348 36.6152361457 37.1470078209 36.7911093493 36.9125165404 36.6921138446 36.3775616632 36.0883335999 37.2672502219 36.0565023507 36.1085477673 36.9985741126 36.8754119245 36.6171305408 36.5073287739 37.2613793754 36.006729334 37.3492633623 36.1726889291 36.3685537593 36.594121886 37.3082142025 36.9080062201 37.2315955493 36.0997770424 37.1004443988 37.0157437246 37.3652884319 36.1800864455 36.7849383846 36.9306414036 36.5885855665 36.8300413118 36.1740916049 36.6378447696 36.2221431918 36.6375608167 37.185310183 36.3214288728 36.6764696948 36.8444194077 37.4007827438 36.2712778095 36.84743537 37.4117497728 36.8716338726 36.9437745985 36.4630785105 37.280070082 36.6092224243 36.2782644337 37.0732119639 36.7646494859
