Spatial_Output/90% DEC/90DEC_0383.asc
NCOLS 155
NROWS 192
XLLCORNER 196769.923733
YLLCORNER 449719.875193
CELLSIZE 27.603701
NODATA_VALUE NaN
[rows 138 to 160 of 192, columns 53 to 105 of 155]
31.8726495078 32.4111785734 33.4343980159 33.2250930655 31.6291047494 33.896057415 34.7079739699 31.5307940107 34.1031747793 32.1663200674 34.4808688052 31.5119458572 32.8365657212 33.1503858202 34.957957306 34.7096186834 33.6739793156 33.6456759989 32.4705369443 34.7635216495 32.4012943256 34.5238922679 34.0513925604 33.6364266409 32.5131692027 32.934205716 33.988319043 34.8111042893 32.4908090097 33.3834461066 34.5959147669 33.4782371638 33.5560004834 34.9152717687 33.4314192288 32.8019431582 34.4812833204 31.7858622692 32.3703900664 34.866689261 31.9063964963 34.2867851636 31.9595480991 33.0169207343 33.5128043786 34.6553405333 34.7503244059 33.1013869122 33.2713940198 33.6235920926 32.8252417633 32.4863898913 33.5143842668
32.0573294974 31.9254941714 32.082613054 34.5936534523 31.6988233123 32.5626487379 34.3639467063 31.8652243362 33.3477984794 33.1362265656 33.3515780524 33.8999555541 32.7463838449 33.5313780216 32.3551999479 33.5368944874 32.0102967258 33.6883387371 34.3721079562 31.8215973522 34.8201094941 32.0440288418 34.605379949 34.0145366502 32.70616058 34.1501579616 32.186574827 32.1083500587 32.6873890732 34.889545518 34.6874637117 34.4215176834 33.4040535094 34.8045339573 33.4945721272 32.2305227971 34.8063984769 31.6761963715 34.9964005868 31.961721165 33.8429530691 34.0056955573 33.166417857 34.9765205892 34.1751694956 32.1144132816 33.9853522703 32.6636558896 32.9171835761 31.981729609 32.5256645299 33.340444616 32.1041804164
33.8467489232 33.8016756242 32.5060573083 34.127445475 33.6165158838 34.2149659648 32.3525386563 33.9249597341 32.6442835511 33.6246424059 32.2298682309 32.8803075526 31.510554499 32.8679319228 34.966919056 33.3977146909 34.2186849186 32.6177448923 33.1755724913 33.4422508638 33.9465720361 34.2302220561 32.239206943 33.3535967429 31.7812368243 34.0057703966 34.2512520197 31.6805964771 33.2565945621 31.5606415481 31.5029690883 34.7614730485 33.5209017011 34.824045975 33.4336959451 32.3502764011 32.3554790895 32.2819777991 32.1115271366 34.4165460461 33.170736984 31.7535751118 33.106675527 32.9322089955 32.2631816123 34.4982216683 33.508756115 32.3602682546 33.6488452442 31.8960598431 34.0433659405 32.0729774653 33.9081768696
33.1463083102 34.4466280545 33.869062698 33.7670742412 33.2332417066 32.4035576885 34.530193806 33.4557646906 34.5732804067 34.559637436 33.928040904 34.5382668929 32.5964290657 34.0072450693 33.4056448262 32.6717021863 31.9652009431 34.0104540694 31.5199954617 31.8667169924 33.0270202228 34.8828145085 33.2997600404 33.3770196365 33.906427439 33.802557945 31.910247945 34.5161737125 33.0326351369 33.5594047282 33.9891841352 33.2963021828 33.0912608689 31.731387043 33.4629534076 33.670710825 32.5896351888 34.4556390915 31.74150297 32.9966296709 31.5266643266 34.8072198677 34.5864982737 34.5521490371 33.5669051571 34.1461353135 33.607658903 33.4364734745 33.9369894365 34.0847735325 34.1158993886 32.1542629188 32.7182347706
33.190744216 34.6219456953 33.7994638514 34.8697208784 33.7538005036 33.6867024826 31.7324513756 32.3030323433 33.47652806 34.0071741431 31.6228921691 34.4060971815 33.3256187952 32.0499217301 33.1773466507 33.2437114253 31.8819262028 32.05860959 34.2687495139 33.0742854398 32.1639148236 32.0831570485 33.7092543705 33.1311866966 34.9273725367 33.4245181922 34.8896314039 32.1394703974 33.2509095103 31.6626731443 32.9897583184 34.1204631522 33.3958002853 34.3445548894 34.1570069172 34.9799165638 33.8549454987 31.5509108738 32.5061376019 33.3934022831 34.7166536703 34.102655375 33.9269379459 31.7848461512 33.7683422221 33.4243670446 33.0041395526 33.4268009224 34.1694431619 32.2135497802 32.8416830897 32.7459121129 31.7675054877
33.843414691 33.1975260326 31.9230128462 34.5811482959 32.3049602143 34.4162862394 32.3844026581 34.0672536665 32.0284429091 34.3545528346 33.3141434879 32.2156027087 33.1649272509 32.1214553847 31.6805365802 31.5558931568 32.505317182 32.6705883683 33.8814497499 32.1557905799 33.6924882999 32.4763292011 32.0621650806 34.8865882566 34.686950124 33.8144657405 34.4106842672 34.4863813743 34.259786638 32.3199508684 34.246731571 31.9994743168 32.1205139402 31.5733170043 32.0403584039 34.455756471 33.217070519 34.7728242869 33.9379652331 34.1595049372 32.477032299 32.6654919983 32.1580131375 34.5473179168 34.9727884985 32.2433898171 33.0899966895 34.0504080828 33.682057408 34.0669942206 33.2695568354 32.4510401599 33.0661334777
34.4985103357 34.3718142187 33.0118617838 34.3771086436 32.4680204408 33.3664662966 31.8870315755 31.7860620482 34.5530908344 32.8870857318 32.1135860628 31.8457446783 32.0042809946 32.3926209769 33.6668239656 32.7351616664 34.4052874861 31.6406428046 32.9704271385 32.6909036801 34.5165828545 33.2977574822 34.0565619328 32.9728917571 33.4634001463 33.4364522264 32.2096484989 34.0525129141 31.7245213929 31.8826487399 34.6376951721 33.3007476841 31.6502352723 33.8245036361 32.9788753299 33.9704178116 32.9423761147 32.2416865164 31.7982954999 32.323846616 34.2010706389 33.7992066278 34.8381559916 33.8890618449 33.0744899609 32.2386200082 32.5733581759 32.7508482412 33.5081532071 34.483194221 33.8469713067 32.1103110274 34.1703401352
32.3640132944 34.7590646661 33.4425650678 33.4536325313 34.2347198122 34.2518382128 34.9881160745 34.9325595574 33.3219210382 33.5473151509 33.399966368 31.8874268518 33.5219809475 33.9470101948 35.0253976059 32.867041742 33.4240436158 34.4908143429 32.4108528751 33.2190063972 35.0085286913 34.1259413079 32.415740632 32.235968382 33.9019801267 33.6561436603 34.9829883236 34.6231404496 34.5631358652 31.5366396519 34.3238167814 32.1658813917 33.8766285866 33.2524168043 32.8536472861 31.6928325694 31.5570577278 33.6497842241 33.639685519 34.606753366 34.9796475249 32.9972515131 33.5225711562 34.9004421788 34.0370968102 32.2412800343 32.0854256392 33.9382714555 34.077739505 33.7769502859 32.3804949058 32.9236509747 34.2831308215
32.525170972 34.5074387045 34.4598022938 31.539429365 34.1948583338 32.5787169915 34.3453679771 33.0107561221 32.4937556966 34.2727543822 34.9463906428 32.507190989 34.435126587 33.1640311016 34.5913179282 32.9947041917 32.4880049682 34.1748413637 31.7212585616 32.153950803 32.2363121286 34.2144606182 33.4161677967 33.9559012789 35.00145648 34.3975422839 33.1315026347 34.4156151158 34.703088503 32.6267118909 32.2376018945 32.1753223414 32.0488606155 32.9037061551 32.4872576358 32.8556056815 34.8991215296 32.0423703464 32.2645693721 34.1241542127 34.6454541504 31.657601034 33.3789677318 32.3247024267 34.4267264767 33.6273864091 33.1160876057 34.4195246055 34.5652324745 33.0300776556 33.417166179 31.5628544742 34.4682441207
34.8971171357 34.7654401019 33.6287271315 32.0530212541 31.9968283238 31.9202756112 32.195888033 34.0801707214 32.366757548 33.4043457203 32.2860456247 31.9034327048 33.8502723096 34.975192645 32.9006471375 34.6778509334 32.7734486156 33.6532946086 34.6584231967 32.3316217448 32.4701005783 33.5652292596 32.2563336827 32.3339606812 32.3825179038 31.5908350493 33.9550908785 34.5484834028 32.3337819438 32.8058160772 32.9487824961 34.3987319088 34.9528267932 34.881667924 33.0109803182 31.5176115295 34.5145795845 35.0159152364 34.1479726105 32.2016434859 33.998500555 32.2821797235 31.9427508818 32.0104290309 31.6915769553 31.8576957146 31.7013273782 34.6555158908 31.6093215019 31.8291872667 34.4868708196 32.4523594316 33.8795919674
31.818546927 34.0276269012 33.3598736656 33.7753027207 34.1364145495 32.608713025 33.0184740972 33.4822402962 34.9643346541 32.45822373 32.8883349698 34.3882563328 34.0251541379 33.1788978896 34.187994224 32.3323266153 33.8743986802 32.4924140625 34.1549997839 34.3923731216 34.6403208703 33.2390242965 34.3849558104 31.6364861596 31.9436728091 32.5808675485 32.0598958067 31.7715612879 33.2081482655 32.2250249931 32.8766395137 34.3734819288 31.8302914152 34.9549679978 34.6734307265 32.7164456587 32.1551395291 34.217045112 33.876155462 34.3958393449 32.6866917996 32.1197399945 32.8106230652 31.7037702778 34.6812344726 32.5601367944 32.3298505902 31.6644776081 32.7538981451 31.9746391313 33.0687816099 32.42761103 31.878509041
32.8897046154 34.779013623 32.854022714 34.1069499237 31.6311814732 34.8789414158 33.2850459053 32.1073253573 34.0337830457 34.4881381253 34.6809104645 34.217678124 34.8876159368 33.6469975816 34.7064132065 33.9739485235 31.5831288689 33.8133530694 33.2225073266 32.716573635 31.6241188222 34.2016078405 32.1537505461 32.5246034848 31.819951606 34.5183793935 33.8777143416 33.1491455155 33.7250570286 32.2025010294 32.1859652532 32.3012376124 34.9938093562 34.8947674859 32.5110446403 32.6203576686 33.2616949633 31.5014248397 33.1930247774 33.0948103363 31.5692010345 34.1310424706 32.2386860929 33.1861554323 31.7010105292 32.3217179848 31.6178243556 31.5380830979 34.143040628 33.0331640926 33.2327758759 33.2315256065 33.3049923605
34.47278282 33.4904159508 33.0880823654 32.0145757284 33.6058708083 32.4958881724 34.9866758285 33.7211677355 33.9619744224 34.3045950758 34.2927568976 33.3305709575 33.6251201215 34.3980932657 33.658303462 31.981367308 34.6518300974 32.189712876 32.3823731414 33.7738831494 32.1461797661 33.9947370933 32.6924143324 31.8873299968 34.5909955758 32.7322142695 31.9483391357 32.77428528 33.8671189679 32.2217868942 31.7491475245 33.2090272282 31.9782372962 33.7158659901 34.3787052222 34.1947874827 34.8160238499 33.3010621279 33.0026599617 33.4636336056 34.9595187994 31.9604203844 34.6374278403 32.5196852237 33.0542370656 34.814450124 34.2331428935 31.9818923101 32.2514901783 33.0060817706 33.5278614664 33.81886681 33.6035083383
33.5462598824 32.0733159468 32.9259376414 31.6913468432 34.4359424014 31.5158695552 34.6385597097 33.9190339002 33.7561585988 32.808407019 31.7534466512 34.5419232276 33.180163971 32.3100036828 33.6435053877 32.065081762 35.0314528922 33.6672655034 33.3138361905 34.8265016211 33.4707849963 31.5226285169 34.4961215571 34.4898336206 32.0276653118 33.1022532106 31.9487328965 34.431990468 34.7392830588 34.1670593295 34.8412657197 31.8341295595 34.2637992458 34.2492733691 34.4161663491 33.0973427831 34.1260104449 31.7909131348 33.7377645505 31.7505258931 31.7716236582 32.1835667206 33.6889658449 31.7452215606 34.8468878387 32.896477326 33.0815611722 32.9332805509 34.5814591033 34.5979348382 34.8253374364 32.8970335472 32.5189072675
34.1230904011 33.8340176417 32.5314706012 34.1115471689 34.8677619242 35.0074261538 33.098252109 32.4830558784 32.3411801227 33.4457993398 33.2546475863 32.5529015994 33.3641758163 34.1731531964 32.2962819501 31.9217510645 33.6720086832 31.6643204112 33.9423229743 32.8720251174 31.5126595734 32.7627018281 31.8850505768 34.5121954389 33.4112470424 31.679621367 33.4654930144 32.0645874236 31.982060103 32.037765188 34.1221880721 32.6765789697 31.8719037576 31.8695283661 33.8887935054 33.3856779689 34.1265676888 33.360694739 31.8548309602 33.8880633481 33.0760115488 33.3588699914 31.9034963524 33.2562556798 33.7342327333 34.3785724451 32.4503936094 33.9401073253 32.3907343851 32.441901551 31.5070718153 33.1290036168 33.6576871324
32.2275668858 34.5699159528 33.5442388117 34.3550887656 34.0207614866 34.3588526894 34.5767867051 32.0729741234 32.4332974714 32.8910511033 34.8871122153 33.7897244621 34.5670489151 32.6225201242 34.0855259171 33.1481594513 32.3033282384 34.9004652289 31.9798950644 34.0441120876 33.436156709 32.4417095162 34.7950969863 33.058221533 33.3376945919 33.1756149944 33.8485350172 34.8561185511 32.9304529939 34.1502579868 34.2851938764 34.8265423478 34.4136897851 33.9020635813 33.8791984359 34.1794891895 33.3926615325 33.604593515 32.6922499743 34.1154245073 32.7627203252 33.4441512206 32.2200944079 34.1656058459 33.1321381633 32.1903831023 32.7800159104 32.3137628575 31.8770940958 33.331672681 34.6486270891 33.1959908412 32.9317133368
31.7939707219 33.834631114 32.0435546291 31.7288153093 34.0265676015 33.413444133 34.6361320349 34.2569633496 35.0261998321 31.668619588 31.5607015399 33.3013729185 31.7203727754 34.264377076 34.8978242154 33.8228823203 32.5536249114 34.986837201 34.2727930946 32.0118541295 32.8510915077 32.451673757 32.0083505851 33.1653097782 33.0090451706 31.5002075913 32.9209005173 32.9497607997 32.3222532512 32.1402646218 33.4129174001 33.0045513591 33.3989727607 33.7233478872 33.9582273865 34.3993522373 32.4165723205 33.7811746798 32.0352631783 32.8399073311 33.4575550583 31.6632572827 32.7786121041 32.4254784974 31.6893667948 33.2444478751 34.9180843654 31.8473140534 33.5880441751 34.3235846487 33.8593218729 34.1043065663 33.9258717505
34.2100321304 34.829995548 34.8871307708 31.9062359982 32.2192321189 32.1909348702 32.1059618384 33.3365107746 31.5731482072 33.9135478263 31.9436217088 33.3462339306 34.975813803 34.8783244303 33.3598235779 31.8728998063 33.994416951 32.5617146862 34.5768881094 34.2044515214 34.3850802597 32.1311079333 31.9253366303 34.6485023579 33.6558306462 33.8795929302 33.0968388242 33.7350149471 34.3494285878 34.2638303387 32.6725695343 33.2792703338 34.6571522833 31.6350074482 34.6318078001 32.3714695866 33.6560695397 34.4935888351 33.6452700562 33.8295803717 32.0512136067 33.2715801567 33.0617455553 32.0880710917 33.0446904266 31.9406039161 33.0114130234 34.0768924684 31.5568003388 34.7479586799 33.4268158321 33.62139456 32.959013755
33.2138898253 34.7801453344 31.8428249222 33.0830775918 32.0267286914 31.8973845612 33.6520957563 34.9308741396 34.8029797476 33.2448593669 33.8307725666 32.0718028252 34.6347964402 34.4481503985 31.6896747586 34.3286478818 32.6486792625 32.108904241 32.3143365742 32.0194648486 33.8988091001 31.9830349693 32.9531392386 33.7105669749 32.050092873 32.2692315969 31.8370265348 32.9103429755 34.4018958623 31.5725204407 31.9804984872 33.7990285794 32.0282717655 31.7403650082 32.8082714491 32.6842697164 32.5052233259 31.9109827374 31.8565370667 32.3062888178 34.7804935908 31.6368914227 34.7472482496 34.3816100872 33.5383149807 31.9913972754 33.3242465652 32.5696644869 33.023889884 33.2912057065 34.6055573834 34.2221404302 33.6869662921
31.748409362 33.3383556188 33.7019720114 32.9448540152 34.6316723361 33.1508599878 33.8000241463 34.908231151 33.0452563997 33.6266404966 31.6660828087 32.285008321 34.4823667461 32.5661205197 34.7389830143 31.5657225441 34.6036352592 34.1642717878 34.2609182771 33.2800278865 32.7734052371 34.1537486107 33.7255476356 33.3100993853 33.5421595254 33.9551511357 33.0558171661 34.2992642699 34.214137654 32.9830797486 34.733168785 34.3152741735 32.4975053365 33.6849814848 33.8574945148 34.5409281488 32.3624552955 34.7477405735 32.979163115 33.2214104188 33.9354734835 34.3884324184 33.0880291993 33.745542276 31.9951283308 34.6239973321 33.9636230594 34.0919605579 32.7744618254 31.77869296 32.2458262555 34.8176985583 33.4335515619
32.5650199225 33.4317574836 33.2795061326 33.252363788 31.7619063955 32.1412997638 33.4901451205 34.0256829078 35.0177128038 32.0779409501 32.308737163 33.0071211024 34.4483684924 32.026904157 33.9952913354 33.0807013648 32.1324987039 34.7514859243 31.7859402124 32.4382638734 32.3469631547 34.2848026204 33.9666674358 33.1492346211 33.49252103 31.9212183309 33.714071979 32.7810989463 32.0015654361 33.9336839415 34.6376891306 33.5744181546 32.3451035748 35.0302596938 31.8857162623 34.467626279 31.8454150417 31.6640822133 34.9819104941 34.684039052 34.0501801691 31.6753175918 32.1455824462 31.5909056048 32.5180885246 33.4100377327 34.4206080676 33.5786639638 33.4091888825 32.9565049744 33.5614630635 33.9478605861 34.8994488772
31.5934880364 35.0333974167 32.619807954 33.9885753398 31.6749210544 33.9757758321 34.0710266839 34.8344407835 33.5655495973 34.2249338276 31.966911433 32.5844152505 33.9663986286 32.4991922709 32.6930773138 34.2540958819 32.816761688 32.7121329176 33.2783286521 31.6317866103 33.030881206 34.8844533227 34.6014804514 34.0898395016 32.9569561236 32.684542373 34.4918199203 32.8640912805 34.7228163799 33.1351796102 31.9927323197 31.8685625537 33.7003339393 31.6047543114 32.1422322346 34.5045685851 33.3579964126 32.2509496181 32.9693526827 34.2641797155 33.2884494458 31.5224341072 32.5230433163 31.6488051231 32.4941013266 33.7016519613 33.4167029795 31.8868548715 33.9087028218 33.4748232 32.6961955957 31.9849212842 33.1468436289
31.7811616933 33.1444887635 31.6850525957 34.5646638829 33.9965502788 34.0317666474 34.3544824051 34.3468386618 33.8309308223 32.9406018488 32.019130083 33.9246430342 32.8133631316 34.3615851593 32.7300576764 34.1523261699 34.9647005483 32.2677940119 34.7303937656 34.7316498195 34.1401662625 32.7856391288 33.3475647695 31.5811092372 31.6558125535 33.9913827853 33.8977761221 33.796468419 33.3143164594 34.1836147324 31.6912729303 32.1657217419 31.7466153166 32.3078479271 31.6902192129 32.1354408874 32.8284267459 34.3130534757 31.5705892393 33.4495694981 33.2761147613 34.192854624 32.8490719113 33.4868016772 33.55017046 33.2880622988 33.9293436231 34.5669801286 34.1085147692 32.8884204954 32.2331163025 32.311722013 33.2954441825
