Spatial_Output/90% DEC/90DEC_1170.asc
NCOLS 155
NROWS 192
XLLCORNER 196769.923733
YLLCORNER 449719.875193
CELLSIZE 27.603701
NODATA_VALUE NaN
[rows 46 to 68 of 192, columns 53 to 105 of 155]
27.933190928 28.1033440141 27.5234797481 27.7692113899 28.1756224927 27.9539007891 27.8998624479 27.8481754762 27.8166383023 27.6030482123 27.9706296961 27.8769851324 27.911780251 27.978442598 27.6121025937 27.7680683715 27.5084969754 27.5832250035 27.7792324396 27.8482282214 28.1693812958 27.5608153815 27.8493123553 27.6306171044 28.0574139257 27.7810332852 27.6502642665 28.1986958572 27.6503619637 28.0388611319 28.1292002256 27.5355835373 27.9109858741 27.5770598775 27.6748000054 28.181410803 28.1247624091 28.194819637 27.7962525509 27.64618708 27.5673896942 27.8660840255 28.0178411723 27.6777694946 28.0413601515 27.9106149517 27.6119118349 28.0168576539 27.6506029293 27.6127250947 27.8315097003 28.045931446 27.9006723214
27.523824243 27.8177358864 28.0434307795 27.8942831778 27.5548772607 27.7832064989 27.794718746 27.8378606922 27.7107716206 27.5021731426 27.7619040382 27.5351181978 27.9960881943 27.6727275012 27.6285591897 28.0894257865 28.0250796014 28.0662371022 27.9464181889 27.7762489954 28.0581821748 27.5262755282 27.6671836867 27.5925014757 27.5051633858 27.5572047572 28.0541994584 27.9789619302 27.7504427639 27.6666225295 27.9549392512 27.9148927557 27.6884592687 27.7840078151 28.0182536966 27.5137777761 27.576360421 27.7443332396 27.7986390218 27.9090980469 28.0484276143 27.763776821 28.1089775767 27.891649846 28.0267621725 27.5013695529 27.8170250285 27.8556833028 27.7012482149 27.8382717794 28.0872137448 27.9282123986 28.1636734566
27.8409412673 27.5702857335 28.0343537615 27.9597683727 27.715087645 28.0805799153 28.0640912371 27.5279447987 28.0977372281 28.1064493449 27.8019267194 27.5991796924 28.0495390874 28.0453161123 27.5264272604 27.635788792 28.0678427349 27.5283142967 27.8409492326 27.9419554465 28.028423257 27.5722836715 27.5086238998 27.938208256 27.6846946021 27.7721693331 27.7162744926 27.8240541579 27.8807597518 27.9661458236 27.8796342046 28.1995382161 27.8358811374 28.2050014945 28.1835417881 27.7581047112 27.5589771549 27.7491521168 27.8744631029 27.7124751654 27.5278096807 27.7623258206 27.7749595651 28.0987310148 27.9731894301 28.0605803064 27.7105101562 27.7725236731 27.5101575049 27.7419934284 27.916222344 27.6981835673 28.0245690545
28.1429331557 27.7518674278 27.7878525822 27.6587543546 27.9257126459 28.1027467734 27.7803958009 27.9760286387 27.5244523919 27.850525716 27.6765663003 27.9216415772 27.6664421469 28.0254049644 28.0804413356 27.8162177843 28.1175436855 28.2040240007 28.1105872111 28.0040676382 27.7964237514 28.0931298973 27.953804328 27.8934373744 27.5419273962 28.2046360995 27.6152958572 27.6647808913 28.0996946836 28.2032148239 27.5088267848 28.1245809425 27.6769348074 28.0451933763 27.6140277465 28.1210238558 28.0156242127 27.7367713319 27.8700274692 28.1583462705 27.5419963295 27.7820178804 27.7788560372 27.7651562103 27.9111155122 28.145791375 27.8252024831 27.515416633 28.1319707191 28.0747614782 28.175010867 27.5641343865 27.912310184
28.1909874138 27.8936410446 27.7214421589 28.0466245311 27.9358459706 27.9535868185 27.5052030666 27.9962653501 28.1695827374 28.0640603986 27.8070744908 28.0406770673 27.7609773234 27.5864590709 27.5443251404 27.6131966114 27.8822623143 27.8288456972 27.6931191056 27.69043372 28.0424509761 27.5864110318 28.0515467024 28.0176658322 27.9761215727 27.5738676543 27.692606886 27.8238573129 27.6373883863 28.0263407135 28.0641922527 27.5917277743 27.8045156614 27.8165211651 27.6591770481 28.1784755845 28.023369552 27.5516092378 27.748859876 27.9883074056 27.6523431534 27.7799918225 27.727415815 27.9062639931 27.7085593288 27.7097338431 28.1797765003 28.1967372134 28.1938107339 27.6297747885 27.853835068 27.9827837433 27.9359342146
28.0302136193 27.7059300868 27.9049229681 27.7184081136 27.5506083514 27.6939510131 28.0232925765 27.9474665847 28.1425109278 27.9200220279 27.6484934874 27.6839620629 27.7147145286 28.0627632232 27.7337611234 28.157019022 27.9507301342 27.8484115907 27.679192983 27.8238724353 27.8794050578 27.5523639264 28.1410777371 27.9742205779 27.6048163981 28.0094922061 28.1173368647 28.1312665554 28.0374220601 28.02143396 27.9721862978 27.9068584556 27.6440212772 27.8811577561 27.8674919401 27.5927981596 27.5675313471 27.6569033187 28.0115730473 28.071280538 27.9161808965 28.1951162142 28.0029463965 27.611960918 27.6726582289 27.7009675693 28.059881985 27.8137924376 27.6125431698 27.6622446378 28.1011417671 27.7140199399 27.9170597807
27.6653251454 27.7656280279 28.0051839629 28.1810771383 27.747480474 28.2019666922 27.9796630532 28.1478877531 27.5908212465 28.0798035484 28.1874011897 27.8482884706 27.7842770981 27.5765103039 27.9313301969 27.7421672584 27.9281168073 27.7590536722 27.6877387252 27.7339938823 27.5012089563 28.1109777664 28.1603106269 27.7271515639 27.9207131741 27.5057497571 27.5767537295 27.6637763376 27.5990702393 27.5116918024 28.0093862845 27.6833165066 27.7098689413 28.0095540037 27.9201372772 27.743368236 27.8203131913 27.9448751583 28.0129490765 27.5761957086 27.7868752248 27.8992860531 27.525386938 28.1658351284 27.8866363224 27.75296872 27.8953052154 27.7748578255 28.060949055 28.0237262971 28.0192788227 28.0966929647 28.0051674187
28.1486939739 27.6163372978 27.7533072222 28.000791497 27.5462726882 27.9485807376 27.7243867849 27.7195477809 27.8772999475 27.6249714082 27.6849847257 28.0973843388 27.9064960373 27.9202221811 27.9615936768 27.7391316138 27.5557828173 27.5466053457 27.8821385426 27.7640176652 27.9082260086 27.5424155158 27.8836088443 28.0519191903 27.817715629 28.1394053304 27.6403930279 28.1143711571 27.8056081181 27.9771666969 27.9530350804 27.5789787826 27.8288472284 28.0106306145 27.9817816328 27.552074223 27.7400244091 27.991731116 27.5864031634 27.8536417942 27.5813962899 27.6475196125 27.7481580296 28.1637537869 27.9796107391 28.0783445832 27.814111036 27.7702796505 27.987814665 28.0807423019 28.1465315197 28.1566122156 27.9121122869
27.7834945905 27.6345362664 28.1202005966 27.9398075366 27.6376242857 27.5051756518 27.642904901 28.1001795663 27.9800057475 27.6378870174 28.0450087544 28.1491870336 27.6983923929 27.803442761 27.6151555509 28.1807072396 28.0104188566 27.7417504838 28.0666488257 27.7302161452 27.8149330461 28.0508623501 27.6109525278 27.7074000193 27.7067010323 27.6506915635 27.7824665035 27.9647671052 27.5283159887 27.8642261387 27.9075059444 27.5764458521 27.780494019 27.5791706269 27.6289116691 28.1752673444 27.9867409522 27.9050766109 27.6449665894 27.6408476785 28.1910538164 27.9057670124 27.8961798138 28.0806907501 27.8958538518 27.5564417024 27.8593820509 27.8559921508 27.7451720853 27.7173324495 27.9585184264 28.0800294825 27.9444897514
27.5843099198 28.1363200381 27.9362007465 28.0594812333 28.0849240679 28.1939405029 28.1469786881 27.7347162003 27.5430155791 27.8703482093 27.9905680907 28.0012635871 27.8233504884 27.8436397107 28.1032756347 27.6419385488 28.1029149475 28.0404947356 27.7563840945 27.5070590801 27.9159253021 27.7610372058 27.7113732326 27.8974269345 27.9397940001 27.6956586552 27.5669840712 27.5681514939 28.1514614794 28.1918502085 28.0590388712 28.1214872152 27.9980064301 28.0107239422 27.5232036931 27.9065293983 28.0575373203 28.1978123308 27.5957795729 27.6668712648 28.0973638941 27.7612602487 27.9590308622 28.184223957 28.1898194716 28.1119800538 27.7955014526 27.5439316333 27.5269441424 28.1814647622 27.8154474255 27.5868174521 28.2065629667
27.6033553836 28.1331989287 27.694678575 28.029220789 27.9224507537 27.67706822 27.5065206807 27.5145294051 27.8162343145 28.1094075848 27.915016227 27.577068671 28.041886132 27.6846897299 27.7630380662 27.7328605567 27.9144402618 27.5497128134 28.124607709 27.5708188958 27.8084246243 27.9803722087 27.7961722784 28.187719311 28.1260522425 28.0349864287 27.5848183046 27.8077940209 27.5383351977 27.526206334 27.9979264788 27.5614821055 27.9935746413 27.6230266706 28.0786261563 28.1925266511 27.6362445735 28.0614863135 27.7798798262 28.0401340997 28.1925543143 27.9756084643 27.674119605 28.050737429 28.0789531843 27.7318906711 27.9263819677 27.6967421454 27.5560356312 27.8289634501 27.5516631759 27.8742776945 27.8612673406
27.7714719493 27.6953825347 28.1170384709 27.6364381773 27.5810265315 27.9036399923 27.8890572465 27.7660680709 28.1809627387 27.9913935831 28.1585109992 27.561859177 28.1978398511 28.0960915256 27.7904271127 28.1949397345 28.0724415443 27.5665589641 27.7026308705 28.2020622809 28.130356508 28.1489895334 28.1336722491 27.7676962903 27.8836238105 27.7959815552 27.9006320462 28.1340207233 27.906910856 27.9051013752 28.151025096 27.687265215 27.7339932294 27.5095309597 27.8406486456 27.6988610909 27.6531891187 27.5629151739 27.5572928389 28.0594717138 28.0752459033 28.1265072857 27.6655940968 28.0785420854 28.1794892102 27.5836513072 28.1448261294 27.8839700785 27.9564997879 27.9004468119 27.5769659464 27.8700048803 27.9510803801
27.819794617 27.962939493 28.0430884077 27.9425716525 27.6103204278 27.8340228359 27.7055849362 27.9889045609 28.1276554196 27.5015148519 27.7897461622 27.5086713125 27.7255836007 27.5754522452 27.7091626797 27.7168517964 27.5909472196 28.0101965961 27.563003312 27.9916073833 28.0600500591 27.6980225203 27.8555755851 28.1408985621 28.0736054929 27.9536750972 28.014134434 27.8725411136 27.933199621 27.6096285106 28.0648049175 28.1169072509 28.1413119896 28.1935637967 27.9840869472 27.8967919033 28.0358615876 28.1632112196 27.8222519582 27.8135833262 28.202658587 27.5232891251 27.7614900117 28.1923697886 28.0602065499 27.9201907236 28.0732344777 27.8976988532 27.9612781128 27.7036208921 28.0458797413 27.5531401328 27.6127172919
27.8042623465 27.6947986566 27.6220985292 27.9265331869 28.0675078852 27.9923581987 28.0536921587 28.1955115378 27.6630311311 28.0439073781 27.726464937 28.0894701667 27.6476348177 28.0204517077 27.6049309006 28.0831608325 28.1302299824 27.7695231511 27.5743861874 28.072602822 28.0842684974 28.0923156692 28.1492030438 27.7826857939 28.1602804768 27.5215407622 27.9674019685 28.0082755218 27.8580876691 27.6969658109 27.9790936359 28.1015470019 27.8891186298 28.0980740225 28.112871 27.5271813059 28.0420025132 27.9739311329 28.088694524 27.8984184026 27.654654225 28.1590719675 27.5037954643 28.1590434373 27.5690723693 27.5156790555 27.8102315595 27.7373916746 28.0604603167 27.7607481433 27.7997925774 27.6964174403 27.9601621345
27.7265815616 27.9311367648 27.6222343184 27.5968072533 27.7802329788 27.7427655222 27.617209714 28.0107905705 28.0704866559 27.5555847108 27.6993223083 27.7209725775 27.5916279078 28.1085629994 27.8696857956 27.7633120986 27.9279798477 27.6131278401 27.5309284759 27.8173921728 28.0170026444 27.9087694896 27.7030848307 27.8398944566 28.1045917589 28.0572888218 27.6034504182 27.7318090003 27.5171352223 28.0169047328 28.0814454126 27.9804108256 27.690602287 28.0713843753 27.7950453355 27.8710718373 27.5803089393 27.7124247589 27.7494863385 28.1564442274 28.0553727578 27.6606068721 27.7221128782 28.0902311862 28.1470813164 28.1504906241 27.8728349163 27.7989125777 27.8508791062 27.7193912191 27.8172530735 27.631266673 27.5721020938
27.5838163095 27.8929568115 27.9422864184 27.7635723145 27.8816283778 27.6168582425 27.8010497599 27.6731234495 27.7342032476 28.2047277863 27.6391383871 28.0933069426 27.8158833531 27.6348489097 27.6573330288 27.5778625215 27.7912677024 27.921028888 27.8654703889 27.5299228321 27.9216867665 27.9088754328 27.6161500044 27.9082176944 27.9236889137 28.1305397389 28.2014201537 27.7921331184 27.8023219854 28.0443507509 27.5163670039 27.9360620385 28.0824070625 27.6166326697 28.077263526 27.6722895064 27.7717332464 27.7988518537 27.9391785606 27.8909704809 28.2053929464 27.7936927538 28.1665815674 27.657648498 27.6166070453 27.9396793869 27.6412102729 27.6952252632 27.9813139762 27.7600652565 27.9912280616 28.0646585623 27.9296825875
28.1065462911 28.1258352654 27.5293944361 27.8279317275 27.8414617225 28.1830744597 28.2001966571 27.7303119427 27.5919242902 28.1811474147 27.6392807033 27.9508212332 27.6459543583 28.1859280547 28.1275729286 27.7236250546 28.0853985788 27.5527843292 28.1603645858 27.915062204 27.6344734479 27.6614647006 28.1474256817 27.8829947806 27.9239387218 27.7640406691 27.8609803239 27.7781250946 27.5994152715 28.0648503598 27.5860333083 27.9697263407 27.8805276203 28.1237957523 27.8132222515 27.7511214121 27.5033803469 27.5558379164 27.6348156621 27.5004392131 27.6083356906 27.5930410043 27.9332057512 27.5104202775 27.5400507977 27.6863552888 27.6552582599 27.7718859716 28.1096924195 28.059769778 27.6193115744 27.6863657521 27.9101460178
27.8094803077 28.1669395189 27.9799837668 27.7881808414 28.0687568711 27.5096513433 27.995748363 28.1227395545 27.9219601783 28.1445731663 27.5396931232 27.9018770764 28.1419515818 27.868242647 28.2064462002 27.5389941485 27.9203948488 27.6661547714 27.9733983652 27.5985735523 27.9977874696 27.7852306511 27.9889517334 27.7688812327 27.6719839793 28.1429598124 27.8526313659 28.0590247638 27.9347146185 27.6513311347 27.8240793707 27.7231612307 27.5453365489 27.8786985149 27.7260262897 27.5499633269 27.5310475294 27.8906511198 27.9600410297 27.7577326709 27.957842077 27.9655046915 27.9993105057 28.1429888906 27.93247634 27.9786739485 28.1525504902 28.1132448211 28.1206358908 27.5266724082 27.9444364326 27.5514577015 27.6655522714
27.8669202179 27.8269168044 28.1914169861 28.0485995487 27.6623778987 27.8387147893 28.1264951669 27.7179954698 27.7029610752 27.9809634538 28.0849078168 28.0231223242 28.0444055164 28.0038629721 28.10220767 27.9704124735 28.0611364434 27.7507519413 27.6539667995 27.8955952604 27.8602625624 28.1521916025 27.8152750674 27.7686828991 27.6484758546 27.6212412729 27.7900909128 28.1106559132 27.6042869781 27.6556713593 28.0718046904 27.604171494 28.053309716 28.0667402846 28.1159187672 27.6495646316 28.1989897412 27.5373674048 28.2045169874 28.112779328 28.1145313897 28.0646229653 27.671265334 27.5108811795 27.5108531373 27.8863646734 27.8701898513 27.7352626234 27.70833581 27.5678827679 28.0328429884 27.9029856708 27.7332160948
28.1730930728 28.0508447262 27.9611547751 27.5383107561 28.0996355625 27.767242916 28.0100786839 28.0279810257 27.7580398851 28.0016613364 27.7189216097 28.17901096 28.1219349193 28.1568057417 27.8079534542 27.8449634767 28.0168618009 27.7216706739 27.6457582002 28.1728430073 27.7202230191 28.1056048403 27.8470750396 28.1760528975 27.8804336721 27.5621564292 28.1323062183 27.8802533543 27.610168079 28.0507710493 27.9594137204 27.7922166112 27.9523053495 27.5057925133 28.12851109 27.8183173889 27.68053201 28.1923485582 27.5464788794 27.7586249545 27.9804580498 27.5236679276 28.079704099 27.7317623188 27.5191416518 27.516836338 28.1386316633 27.927606819 27.7858776684 28.1490906179 27.6173745792 28.1096684752 27.959293588
28.0444352739 27.5731798425 27.7912601728 27.7532718846 28.032579557 27.6114316353 27.7413481385 27.6647597113 27.6633628959 27.593068394 27.8390030156 27.9081933538 27.8416204607 27.6876814843 27.9922281894 27.8817160051 27.9147303603 28.0726182757 27.9797598842 27.7334698217 27.6562174657 27.5385489668 27.5281241332 27.7132493648 27.8319847219 27.6330586275 27.5411943335 27.9811795122 27.9212436172 27.8050114603 28.1737627523 27.5087655317 27.8803859623 27.5224331779 28.0912575754 27.8979607179 27.5802606787 27.7937181513 28.1364749674 28.1808376041 27.5700359273 28.1491185508 27.9148832789 28.0021311586 27.9997257739 28.1043651554 27.5273425478 27.6761935255 27.8482172745 27.6547853355 27.5579608784 27.992026434 27.6518961089
27.8830795454 27.8549360502 28.0082098864 27.6182651624 27.9879445306 27.7254283614 28.1546278955 28.0850216636 27.9409911444 28.0067278593 27.6373101463 28.0343719239 28.0152363658 28.0754407017 28.0373307265 27.540459256 27.8378474324 28.0664836018 27.6566960239 27.7802151183 27.8745348771 27.5743904894 27.5257233761 28.1838247252 27.7145942111 28.0801294736 27.8616548008 27.5273808028 28.2049735406 28.0389688306 27.6343634732 27.6234826739 27.9919210846 28.1050192573 27.5935826248 28.1886670804 27.5874841742 28.0320655512 27.6165201952 27.8183502224 27.8387435123 28.1194933424 28.0447297399 27.7802526954 28.0179727168 28.1666236257 28.0586708779 27.8418681518 27.9118725078 28.1972423297 27.8658312912 27.9586253688 27.8693191896
28.1837378992 27.7636947152 27.6398099879 27.6819191254 28.1891178073 27.9878861545 27.692205494 27.5723948128 27.6283460927 28.0133526371 28.0998486233 28.1585030278 27.5298229928 27.9376638567 27.6265596652 28.0631064543 27.9166977308 28.0686376114 27.7104981832 27.595117959 28.0530920067 27.5582008971 27.5150126446 27.6107944253 27.8110802508 27.6651225185 27.7781117868 27.963874919 27.6089039534 28.1539445946 27.7039189394 27.5734502234 28.1345132721 27.8505139201 27.9547541108 27.9387749073 28.0731763875 27.5369752015 27.8235904421 28.1611154769 28.1714716427 27.9067701748 27.5106838539 27.865339731 28.1094515683 27.8120708416 27.5916246216 27.8398078388 27.6415293675 27.7997174579 27.8107365092 28.1263477646 28.0835944616
