Spatial_Output/90% DEC/90DEC_0146.asc
NCOLS 155
NROWS 192
XLLCORNER 196769.923733
YLLCORNER 449719.875193
CELLSIZE 27.603701
NODATA_VALUE NaN
[rows 23 to 45 of 192, columns 53 to 105 of 155]
44.810503023 45.1065075993 44.6309943715 44.7244463112 44.7971148976 44.7718066231 45.0793064707 44.7593714489 45.025321665 45.0647246984 45.027580249 44.9910999359 45.203239218 44.6683584891 44.5901159429 44.5176376107 44.6106308622 45.1738975423 45.0224520599 44.6872576846 44.9921144444 44.5895552795 44.5993972163 45.0161360981 44.8459188789 44.9989622985 44.5355810124 44.9679303948 44.9799484944 44.7471361378 44.5834954843 45.0089315018 44.8731620128 44.8027084183 44.6683614054 44.6200320014 44.8122839356 44.7634651214 44.6045714359 44.7964899854 45.1590900441 44.9956533809 44.6833951046 44.6484782584 44.5326311245 45.2025254408 45.0096520903 44.8845387045 45.173609235 45.0192466842 45.0321588084 44.5228703867 44.8750568555
44.8839026137 44.5187398173 45.0028428596 44.5061881741 44.9783631113 44.5360361247 44.8505864104 45.0735118121 45.0312968489 45.1451404963 44.6952947569 45.0171580819 44.9313268476 45.168124918 44.5019725864 44.6758934169 44.8686727891 44.9594261944 45.0663055498 45.0907107834 45.0200318548 44.781278321 44.6996100874 44.6856724284 44.6300441969 44.5274584618 44.9930264653 44.9637230555 45.0024439188 45.1047724005 44.7856535808 45.101627746 44.7816793998 44.7436825223 44.8707321527 44.9802171069 44.5877897996 44.5229715223 45.1258737761 44.6179061157 45.1695319503 44.7635671775 44.6283466219 45.067239987 44.9852959881 44.900946585 44.7312252531 44.8535484292 45.0429676049 44.8564915065 44.5835861319 44.5538980201 44.8801020759
44.5445241577 45.2064889887 44.8292999565 44.9350626462 44.6397902024 44.8488775975 45.1579893965 45.090085474 44.8751818799 44.5212392029 44.7569309402 44.9351615715 44.7754956457 45.1200629969 44.9637405417 44.6510948084 44.758476501 44.7096782421 44.6914747131 44.8135246334 44.9849326744 45.197814233 44.7381143554 44.7908751096 44.5615548881 45.08682667 44.5458236515 44.7551927996 45.1721999162 44.9352219438 45.1119814362 45.0329792079 44.5782149082 44.7762763508 45.0643338132 45.1355594121 44.9034320387 44.8418155121 44.7110264632 44.9953372108 44.8457659321 45.0649966675 45.0780245875 44.8492044052 44.9524032911 45.1329652293 44.5422957437 44.6742462417 45.0024082426 44.6237438918 44.7534538366 44.6245330757 44.8946735053
45.0286423913 44.654256566 44.9880641884 44.709702779 45.0626886437 44.5210602789 44.7381293537 44.9804817508 45.0895573518 44.6623511341 44.7618310985 44.6717869457 45.2063002425 45.0343011048 44.9046141431 45.1420164258 44.8543110422 45.0796086451 44.8876272549 44.7642920241 45.1997950216 44.7373501089 44.8026460525 44.5114600624 44.6756651546 44.5469915564 44.948253727 45.1884583817 44.6263265157 44.6618539099 45.1157823026 44.6217605212 45.115544244 44.6902535728 45.0975309145 44.6778879136 44.9867055725 45.1100197601 44.7714668893 44.8763629741 44.9808562909 45.1252699848 44.7648462146 45.046993673 44.9978017036 44.5274317775 44.7469285472 44.658882931 45.0519489034 44.8199418502 44.6167238771 44.8501926274 45.1220662333
44.9606732552 44.8839951257 44.9540236986 44.8277854747 44.840670378 44.7117837273 44.62579334 45.1754735889 44.6306874639 44.6426479957 44.8080079965 44.8128285341 45.0031946079 44.6695417526 44.6269275875 44.6278366418 44.8680131929 44.7258107297 44.7801922068 44.8612855815 45.0665411587 44.7001262271 44.7934090922 45.1378061822 44.7798054366 44.8099832521 44.8265282436 44.8973496822 44.9710713788 44.6550064068 45.0233537811 44.625151102 44.960325669 45.0830867247 45.0747943353 44.7235657618 44.5932097263 44.7684923469 44.6222608365 44.9996896695 45.1072664251 44.6524521232 44.9013195197 44.845271659 44.9847515223 44.8990091577 45.085223232 44.5464979458 45.0028530925 44.5718957512 44.9985917255 44.7530502048 44.5845499031
45.1712386734 45.140969413 45.0148007688 44.9196541936 44.5971111334 45.1397153997 44.7028509787 44.6669808483 45.18083045 44.5752229056 44.8046216707 44.7866062382 44.6022805565 44.8484193803 45.1600828472 44.5657619557 44.985775412 44.717632543 44.5812637965 44.5813714253 44.5870910435 45.1737159715 44.5931389425 45.0628375172 44.6409357382 45.0226913072 44.9379790346 45.0759787984 44.6094069731 45.1804457999 44.5652184556 44.6900633781 44.947163589 45.1534326024 44.6280099209 45.0848045835 44.8735317927 44.6131684359 44.7009004709 44.5232839381 44.8883258898 45.1202923738 44.8953595945 44.6165909323 44.9959069455 44.7151849626 44.9486976313 44.8897406778 44.8775865269 44.7771334369 44.8639824769 44.970417066 44.6865392698
44.918168112 44.6969960498 44.9602564614 44.7522701566 44.8821780857 45.0237515297 45.1206336051 44.6649987266 44.5555508922 44.5535877495 44.7124587296 44.6802761546 44.6811534629 44.939105195 45.177881927 44.5132834506 44.698005372 44.7585021384 44.5415397974 44.5438740387 44.7997203549 45.0946229376 44.7464209783 44.8543095651 44.8137102205 45.0803729917 45.0868426128 44.9287676067 45.0227263146 44.791255798 45.0568423011 44.6811472766 44.5033081168 45.1815872247 45.098141436 44.8999760848 44.8640159802 45.0658471782 44.765714136 45.0742913362 44.6929408751 45.0727972806 45.0625631521 44.7528717131 44.6092168954 44.5693053261 45.0335494887 44.6500544997 44.5247444672 44.7566154556 44.5892725155 44.6203998188 45.0936948196
45.1631028764 45.1319075883 45.0401689627 45.1934096235 45.0975418238 44.9662118432 44.5424853227 45.1845323914 44.9367481595 44.9753155482 45.165330209 44.8271901991 44.765845234 45.1426092192 45.0908513479 45.0161038079 45.0040598052 44.9220178619 44.7206373384 44.6404550056 44.7694763189 44.9539947402 44.7686618812 44.7353872937 44.8184871943 45.1859707126 44.7062721748 44.8529689622 45.1835468478 44.6385956719 44.7683552832 45.1207178266 44.8096965832 45.1985310164 44.5128458597 45.0184415819 45.0065389783 44.708564603 44.6710479253 44.6771756832 44.9395177551 44.9276810449 45.2028948803 44.6607909803 44.6493103516 44.6098189881 45.1288676866 45.1240635542 44.89349286 44.5795645928 44.5841298152 44.8452717355 44.6597571963
44.7353179261 44.6249035669 44.5932613686 44.8342249476 45.1086676912 44.9173935488 44.9527157332 45.1307096572 44.6796710908 45.0780316225 44.7880599201 44.5666371291 44.7198574883 45.0217785182 44.907025057 45.0737415051 45.2067367644 44.8646549224 44.568462507 45.0939155532 44.8018318503 44.8531730748 44.9945326922 44.9613473219 44.6504536997 44.533242847 45.1401755111 44.7435791959 44.6269630592 44.6805125443 45.1164187155 44.570541449 45.0273363523 44.728527633 44.6697086997 44.7310329168 44.7189079016 44.8731503349 44.6464945055 44.8079397978 44.7779563749 45.184382027 44.9732462581 44.9981299984 44.922913742 44.6482804131 44.9955862069 44.9739105894 44.6770436796 44.9846280998 44.5385709782 44.7569536801 44.9593207941
44.8203365561 45.1133157915 44.5344995964 45.1655859074 45.1886848266 44.6174958372 44.6957442445 44.5423515953 45.2049386611 44.8597726679 44.5540311251 45.1071745767 44.8785574837 45.1116505965 45.0101861564 44.7695831273 44.5357487027 44.9564138894 44.847735163 45.1835491435 44.8591050271 44.9188438905 44.6961342955 44.8434099299 44.957629663 44.8459938066 44.674427251 45.1428789107 45.1989671911 44.7412650156 44.7396015443 44.7327601642 44.5724741872 44.5690594925 44.562579859 45.1509396705 45.0860610005 44.8439848039 44.7956375177 44.658668102 44.5673732716 44.7148850578 45.0633199939 44.5861798662 44.92024736 44.8990813953 45.0342136498 44.9880762116 44.9385794134 44.6814517258 44.7295547725 45.2003871931 44.9329306851
44.6861305581 44.9169185206 44.819794478 44.6487047019 44.5596446459 44.9757987653 45.2060546392 44.9185928199 44.6348952954 44.8967294264 45.1361261903 45.1625224283 45.2003028153 45.0787962528 44.9792404992 44.8654674437 44.9380901453 44.8033762607 44.8124439174 45.1602808353 44.5182960025 45.1500308582 44.9402974403 44.6159086998 44.8581195742 44.6244403348 45.0120510983 44.7201570163 44.6641805251 44.870379574 44.7964378445 44.773141249 44.7679765277 44.8476555122 44.7087228078 44.7333847414 44.7526747216 44.5403315357 44.6495537197 44.8027240913 44.5572709865 45.205559816 44.7902167225 44.7933798174 44.8055458322 44.624989328 44.6629812926 44.6268910678 44.89721542 44.9128611345 44.5612059758 44.6943516099 44.9806403159
44.5521191734 44.6929595017 45.0542894639 45.1206879727 44.8676893991 44.7129360731 44.8614583585 44.9690085398 45.1436666151 45.0336207769 44.9123482551 44.9072694015 44.8686753881 44.9787890203 44.7654312619 45.0070764342 44.5439167859 45.147665471 45.0460411311 44.5231906192 45.0292742117 44.8852326604 44.614132135 45.1404445131 44.9125566977 44.5936791413 44.9094127845 44.7049811785 44.5600617639 45.0935153911 44.8603057949 45.0304158133 44.683863607 44.9693790112 44.5176583381 45.1956704943 45.0480468444 45.1767487376 44.5562994456 44.8865066644 45.1803795225 45.0337427393 45.0588977808 44.5650719224 45.0590365202 45.0428604198 44.6709758204 45.1571501952 45.1617442666 44.6388035031 44.8081328767 45.1055343085 45.1009260761
45.2068540759 45.0138009193 45.0379093736 45.1079102419 45.0995220595 44.6706104906 44.9285231137 44.7101527464 45.0802123629 44.532602688 44.6563398452 44.9375700157 44.8502763782 44.8195048106 45.0181780373 44.9473078895 44.736136274 44.9880778448 44.5694087637 44.7603397448 44.5195483339 45.1905293137 45.1417862833 45.1939132403 44.9748165095 44.8077514957 45.0715319909 44.8101470369 44.5264739509 44.9577828422 45.1770889201 44.6974527692 44.7471882554 44.5371784723 44.5378534651 44.5237990217 44.6883107533 45.1099738699 45.1287832305 44.9162213559 44.7298526919 45.0393421359 45.0748627328 45.1497930974 45.1946411621 45.0015778489 44.6926607467 44.6462293728 44.915097798 44.5745250346 45.1120984505 45.1424598737 44.5994174294
44.7411263776 44.9514903987 44.8061852857 44.6343363975 44.5285202388 45.1996651031 45.1587346882 44.5699774933 44.9735996664 45.1861488902 45.1832479905 45.1580520999 44.9471526171 44.8538148501 44.6349633516 45.1192039896 45.1588161083 44.7058180132 45.0106250047 44.7363840379 44.9535928802 45.0430708324 45.0713737509 44.938989902 44.9582250568 44.8031874625 44.8599755257 44.6077550848 44.5503772673 44.5725608728 44.9528154905 45.0195697398 44.5563990443 45.0111293657 45.147794817 45.1965661872 44.8020344939 44.7535701126 44.7892106087 45.0483914967 44.9171472639 44.980642917 45.0211521125 44.7705091554 44.5492705013 44.9442732708 45.062838196 44.8551929785 44.6962738902 44.9767690921 45.0741790237 44.9617760853 44.5715125741
44.5391218766 44.9281519797 44.5501383157 44.9743096005 44.7080510648 44.6288248662 44.7397499378 44.7540881478 45.1267759409 45.1701139194 44.7876515446 45.0574079298 44.7372975329 44.5451429914 45.1438731328 45.1837642587 44.5075200942 44.5419253134 45.0919845424 44.8471947485 44.8362463499 45.1793532996 44.7487590311 44.8778712203 44.9872127639 45.1132605586 44.8382644783 44.813942023 45.0043307104 45.0735097112 44.646267729 44.7486242628 44.6039033206 44.9823519761 45.1041909375 45.0550178901 44.6638506969 44.6717089308 44.6449201846 44.7791497527 44.5664626311 44.8458696757 44.9346932088 44.6552917481 44.5025796579 44.8096220781 44.6440603214 45.0018886895 45.0644299386 44.5033664384 45.0877513178 44.8612608503 44.5448351306
45.0147104031 44.6792211691 45.0126457298 44.9470348919 44.9999936084 44.6829499781 44.7446253163 44.9306241527 44.7996608154 44.5563647747 44.5962586227 45.1970675832 45.2023780227 44.6743885908 44.639394787 45.0126559952 44.829244873 44.7076774207 45.0505763906 45.0889356464 44.5879367457 44.5488253282 44.7940904019 45.0544932274 45.195714808 44.7575221043 45.1145761393 44.6764289903 44.737830268 44.806207782 45.1571530627 44.6783127422 45.0149992013 45.1323180169 44.6536097118 44.9512454019 44.6060372239 44.938277249 44.7744709634 45.1676392268 44.7319495879 44.8680975233 44.6238356299 44.8789913724 44.7540774001 44.8803386856 44.8968918892 45.1123164113 44.8275553214 44.7345836398 44.8507408703 44.7368395286 45.0177386024
45.1654053311 44.8398892275 44.9052494992 45.1436075374 44.7558256956 44.8085437883 45.0171093571 44.9729578918 44.5128784555 45.1022822266 44.8827465114 44.9813750346 44.7150942638 44.6655210578 45.0861717848 45.11831793 44.9694815778 44.8227472468 44.7527800675 44.6772585907 44.7898821439 44.7473764976 44.7146297508 44.719507356 44.874021179 44.5836380624 44.968866021 45.201538449 44.8793460981 44.696301931 44.7653326314 44.6692151827 44.885084232 44.8050696373 45.0565320688 44.9603692598 45.080607276 45.1150812606 45.0101842045 44.9937132289 44.8577396671 45.1645540627 45.1705999206 45.0876554023 45.0284759071 45.1094827975 44.5667166225 44.8180958894 44.6941009579 45.1390428897 45.0865313278 44.758880603 45.0725958332
45.1050595886 45.1621760568 45.1041524152 44.7309521921 44.6892904807 44.6650982026 44.6239756944 44.5748008836 44.6898683839 44.8946136757 44.9279442711 45.0150127805 44.5967761071 45.199492698 44.6456873669 44.7388034782 44.7941558098 44.7464457086 45.1459355254 44.5320963356 45.0538383388 44.7969369383 45.106682842 44.7322287321 44.5472844496 45.1928755697 44.956806923 44.5905952571 45.1032199656 44.7947411004 44.7181289265 45.1442673689 45.1042896173 44.8120242389 44.8533894291 44.7073390119 45.0099090211 44.7398661231 45.0075851083 45.0401540554 44.9870669658 44.5014772562 44.9857427142 44.7373161922 44.7687170623 44.7803419334 45.1594178122 44.5367954631 44.6566735988 44.960106451 44.7013127533 44.9171912486 45.0344432596
44.7871499485 45.0630573211 44.7225228439 44.8136512332 44.8502683378 44.7262935274 44.9663438837 44.8051701373 44.9676563738 44.6217430095 44.6199755222 44.5456056169 44.769766359 44.859510266 44.660923767 44.9635270046 44.8546169 44.9178387592 45.1006109621 44.6920433211 44.7736215943 44.8036294927 44.7264726682 44.6166661802 44.6261241404 44.6738151674 45.1974966128 45.0754360948 44.9133237027 44.8584934674 44.823737497 45.0957472986 44.7935725147 44.5146626574 44.5922251057 44.8655817744 44.5411846533 45.0166325394 44.8114401699 45.1684093304 44.7068537632 44.7330460963 44.6986384978 45.0774887498 45.1603433693 44.8772545988 44.8847813074 44.5340361886 44.7490801819 45.1449897457 44.7300707595 44.7285432941 45.0714654123
44.5204048581 44.9665553612 44.7491131941 44.7772194241 44.9873665778 44.5928714933 45.0199961771 44.9523035714 44.8384961826 44.5914786765 45.1515243942 44.91942051 45.1588846768 44.972126223 45.1692693159 45.1144585282 44.6417832705 45.1398240905 44.5172799487 44.5796306896 44.9418287901 44.8615085004 45.0655568905 45.1424247623 44.8929312514 44.5187215737 44.6319584706 44.766947705 45.0910083908 44.5639237065 44.5449005403 45.0250387199 44.6710016517 44.6519616514 45.1916742166 45.0402651967 44.6213630816 44.5403640127 45.1707183066 44.8970867819 44.6515949331 45.1103523241 44.7722736562 44.685026906 45.0699252749 44.9724819152 44.7775732895 44.6230729691 45.1296835977 44.5605625439 44.8330960525 45.0203982052 44.6178767328
45.1683297056 44.7481371426 45.0529276719 44.5374027792 45.1199428928 44.6647496723 44.9059337163 45.1353505127 44.5971795398 44.8433793979 44.6381957069 44.9487589942 44.522893565 44.6910400858 44.7732765336 44.8510116783 44.7142160238 45.0755259956 44.5280736618 44.7348560983 44.6934657824 45.0553836269 45.1077329324 45.1950806786 44.7816516176 45.0028392595 44.5160009023 44.955302371 44.8923332588 44.9177296357 44.7008152465 45.137470723 44.7183167546 44.8875264531 44.7795724007 45.1870186603 45.0188313718 45.1044117084 44.648541866 44.9110949567 44.968601587 44.6904220769 45.0419407175 44.6543899086 45.0410234061 44.8926811866 44.6842999664 44.7147269108 45.1378912072 44.9347459681 44.7450201452 44.6485566556 44.9489460516
44.5233745565 45.1828540379 44.9647548097 44.6475119628 44.9433560438 44.8929910625 44.5279402953 44.7205455612 44.9957563146 45.1606346044 44.9361836106 44.958047325 44.5407382614 44.5118124481 44.9366385667 44.6762738329 44.8943163736 44.7296182472 44.7480443554 44.9578265733 45.1631571227 44.7037956066 44.9593378341 44.6743714875 45.0620556161 45.067367705 44.8668621934 45.0963206368 44.9099252769 44.7449866128 45.0682233969 44.6803780582 44.7982905344 44.9939554243 44.6275988062 44.5959945903 44.8898036773 45.0728635303 44.8675726082 44.8839397738 44.9255074056 45.1095874042 44.7112731916 44.631376355 44.6055409753 44.7962762452 45.1151363099 44.5970537957 44.7617005011 45.0287791708 44.8702691825 45.1130344522 44.6583397676
44.5381370247 44.5775937503 44.6614167637 44.6857328753 45.0693688718 45.039896635 45.1549284112 44.6114920099 44.6546991412 45.1248397364 44.8214824591 44.9169561014 44.7943417712 45.0148881207 44.5553665469 44.7466721807 45.1023492879 44.5412102214 44.8192904192 44.6005450873 45.1044325966 44.6088050467 45.06172229 44.625365614 44.539831499 45.1226037972 44.851317864 44.8555884223 45.0707307341 44.5515553233 45.0688072342 45.080909478 44.5801824633 44.8483799692 44.7358255704 45.0495094095 44.5531830177 44.9713350286 44.8716124465 45.0337428932 44.7265010527 45.0813472536 44.835472018 44.9808481698 45.0457260834 45.0564611174 44.9180340892 45.1186006919 45.0548329196 45.1669076888 44.5929216617 45.1593196982 45.0071235013
