Spatial_Output/90% DEC/90DEC_0990.asc
NCOLS 155
NROWS 192
XLLCORNER 196769.923733
YLLCORNER 449719.875193
CELLSIZE 27.603701
NODATA_VALUE NaN
[rows 161 to 183 of 192, columns 53 to 105 of 155]
25.2431812836 25.1393284343 23.9234778363 24.2461605712 23.8126301288 24.163293345 25.3786006758 24.1598360946 24.6679868324 24.7990153223 23.8490410364 24.8902548374 25.1617993226 23.5018439086 24.5630310144 24.5216257834 25.5793330168 24.1752819043 23.6050892672 25.5358739837 23.8323695608 24.7649710413 25.2351728953 25.0251442208 24.2690068623 25.3779916531 24.5933082505 24.0956476119 25.2884124157 24.6615388914 25.578890635 25.3262884096 23.816615333 24.7743203583 25.4642419248 25.5493516695 24.9100584538 25.0069147171 24.3794963254 23.5569112934 25.0838862836 24.2746517876 25.4578493672 24.8697128066 25.2513287976 24.8734452425 24.0072436784 24.266881954 23.9737323291 25.1942088754 24.0898338883 23.9089613222 25.2191003702
25.1094738664 24.2468978897 24.8457522128 24.3427238521 24.5797758883 24.0760938279 23.6444203504 25.2432961934 24.9612735412 24.3983280202 24.2033394154 23.823155103 23.5172676363 23.9506048431 24.1411063907 24.9199302463 23.9762342478 23.6057661482 24.6089038371 24.2056969657 25.5896514753 25.5460781443 25.0468577009 25.0691668265 24.9478079617 25.3768879579 24.9413679406 25.5195438258 23.9426905817 24.0130792453 24.0621681663 25.5896672935 24.8949904659 25.5793345499 24.3171705748 24.1219764032 25.3700080133 25.3133511881 24.9396486028 24.085539659 23.852851276 24.9061013229 24.307801601 25.5079678275 23.920876352 24.3475784104 23.9751081307 24.909107987 25.3011706596 25.180701345 24.3449438323 25.5176717182 24.0625586986
0 24.9206564614 24.3528665018 23.5837247216 24.8645800929 24.9628191477 25.1934048866 25.1698235084 24.7934792346 25.0242208513 25.5610110059 24.7814955651 24.9878796886 23.8867704256 23.7657588227 24.9883379583 25.1014923333 24.2017712981 24.5903105104 24.6114914667 25.0446159665 25.3889586602 24.7834763197 24.4264442759 24.4582613133 24.2152749158 24.7421931706 25.2760526208 25.3163180129 24.1277630629 24.6121503426 23.7598375498 24.3260932941 25.4463867789 25.1984419724 23.7872617135 24.1353795124 24.5044783082 25.1588376487 25.5243498855 24.6338977593 25.4425511381 24.0295787457 24.9664520446 25.2949528645 24.8774295411 23.7141400493 24.0343302302 24.7349677295 25.3274617263 23.7136446294 23.786121639 25.2283935518
0 0 0 24.306981866 24.313441134 25.1736416803 23.8410068824 25.4170817119 25.3311936972 24.2630128308 25.0388983717 25.4630454229 24.1694176327 24.0841180889 23.5425003308 23.91956964 25.0077515356 25.4183903626 24.4880432895 23.8904850907 24.0304921209 24.9140116053 24.8947133247 25.553063927 24.6153454291 23.5738550568 24.53178008 23.678568239 25.4335332345 24.0470904784 24.5485598443 23.6987839658 24.0549830743 24.6599721445 24.3644277459 23.630138439 24.4220377536 25.3195252234 25.5896849827 25.3243970648 25.3271918918 24.5636112215 23.6420773477 23.5843378296 24.9313647773 24.3156642705 23.6780684651 23.9065231127 24.0405511071 23.684273515 24.0801582369 25.5270482159 23.9770413783
0 0 0 0 0 0 23.5380915382 25.3829351986 25.1522002297 24.9118794213 24.5098778105 24.7491778594 24.9535649094 25.2480332972 25.3088264222 24.6678007213 23.6542623774 23.7511334469 23.5032648458 25.49812188 23.9673064229 23.5863820942 24.0685155715 24.8532579771 23.8806284363 23.7283016354 23.6396975886 23.7988654846 25.2038597526 24.4677617711 23.6532534112 24.1665273898 23.6696162443 24.5206767307 24.429601498 25.2610066584 25.3064287651 25.110124539 25.0805226952 25.1055955047 25.5521190574 24.1586516115 23.822758744 23.7399505152 23.8073508132 25.144629832 25.0586756202 25.3733174022 23.8258896171 24.49905666 23.7608819572 24.5441361883 24.3674127709
0 0 0 0 0 0 0 0 0 24.8196276687 24.7309460252 25.5684065458 24.2354378738 23.6980614402 24.9167352607 24.8778426567 24.8384793388 0 23.5537967199 25.0169454885 24.7344731542 24.6496610692 24.7347446983 24.4802519896 24.6282383436 23.526510412 23.6630762544 24.0420111438 24.2178488151 24.9682108835 25.3482209415 25.3086379231 23.7509082318 24.2545243141 24.6255961293 24.6955346085 25.0334095479 24.6893714162 24.748763368 25.3715789936 25.0924871183 24.9248719144 23.9498583341 25.3487975722 24.7670861902 23.763278901 23.8660369483 25.4406067084 24.5039444094 23.7930190875 24.7858346395 24.4216815708 23.8901499361
0 0 0 0 0 0 0 0 0 0 0 23.5667133046 23.5861865122 24.9662893668 25.3326656738 23.5916126976 0 0 0 24.5877223004 24.1975765523 24.6920468978 24.7616432535 24.393807838 24.2079912412 24.4447008911 24.9750023152 23.9899056513 24.2324202314 24.8422611667 24.0475848405 23.6779507247 23.6893704509 24.0621042738 24.173317296 23.6885212061 24.1110756037 24.038738897 25.4309095136 25.0100591358 24.9523328381 24.267371106 25.0511609447 25.1530265267 24.5504817713 24.2973130369 24.5677431773 23.8030622879 23.6840178407 24.8942312735 24.603533025 23.6717839441 23.6286993726
0 0 0 0 0 0 0 0 0 0 0 0 19.8977830049 19.8977830049 65.9304345373 0 0 0 0 0 25.1229423768 24.677411438 24.077260601 24.9881030795 23.5569008125 23.8237534524 23.8897162569 24.7044482046 24.3098801327 24.5984496938 23.7651476628 23.8564026405 25.5599785316 25.5596714191 25.4535306616 24.5176338593 24.5316069931 24.6108317284 24.1592575804 25.4786244161 25.1488577969 24.7050724184 25.3504357898 25.1698306488 24.4484317343 25.5737139482 25.1527055619 24.0704005815 23.6076554701 23.9222086681 24.3511276631 24.1284386902 25.3346078908
0 0 0 0 0 0 0 0 0 0 0 0 33.4957037158 34.9332678644 40.3722332267 0 0 0 0 0 24.800058507 23.8689596498 24.2029827683 24.7140096426 24.8466395203 25.4986988189 24.2675003753 24.8504255312 24.6314311808 25.2213263105 23.8430064936 25.510835178 24.064080408 23.9356873704 24.2675433174 23.5982063013 23.5325894064 24.3895017371 23.8263793868 24.9024351204 24.8377067573 25.0682314877 24.0237706261 25.3208049422 23.7965303751 25.5839104223 23.9615617325 23.7729248193 24.4894567733 25.359496353 23.9085339946 25.0743434299 25.2004560162
0 0 0 0 0 0 0 0 0 0 0 0 37.8989126028 36.9722210869 38.1047349828 0 0 0 0 0 0 23.9097438543 24.4771127964 24.5122416849 24.6935675552 24.198687543 24.9475294154 24.5515846519 24.4413474854 24.8939871207 25.2905236819 25.0529662183 25.0491702322 23.9342451249 23.5576103401 23.8010047058 24.1723309049 25.1542158958 25.5347698241 24.706935682 24.7390778443 24.5502681486 23.5167327811 24.9554879308 23.7240230374 25.3461048552 25.0843408713 24.0810100411 24.9731073591 25.4103726526 24.4906747304 24.8316354158 23.5286481956
0 0 0 0 0 0 0 0 0 0 0 0 39.0508963803 35.9735299399 33.3710473416 0 0 0 0 0 0 0 24.7279384129 24.1010765993 25.3876952347 23.5175139621 25.2580801129 25.1083485504 23.5535153509 25.555048511 24.6933788862 23.8228273485 25.2370704529 23.6344285532 23.5084500572 23.8577425793 24.2710153622 23.6083062579 23.5031969681 24.6345409546 24.9476343559 23.7949175769 24.096879599 25.5723734273 24.5821059518 25.3590574079 24.4368977756 24.7290616135 25.0823113609 24.095131837 24.1389338098 24.3991905024 24.8156105346
0 0 0 0 0 0 0 0 0 0 0 0 0 0 0 0 0 0 0 0 0 0 0 24.0163010918 24.0840976824 25.1603734589 23.6922856414 23.9152535578 23.7391807354 24.1508879463 25.5534874708 24.4734676949 23.7499068859 24.8014990652 24.9715075139 24.0082099486 24.0684260188 23.7568858887 24.1482834597 24.1298692005 24.6980525688 24.5053302613 23.7068846122 24.8034368607 23.6661921095 24.7133334797 24.701715304 24.4267257059 23.6547677765 25.2835097153 25.0253918803 25.1431835003 24.7556337058
0 0 0 0 0 0 0 0 0 0 0 0 0 0 0 0 0 0 0 0 0 0 0 0 23.802153686 24.993742924 25.2003006255 24.2728485969 25.3586700929 24.4367177451 24.537730142 24.1589882229 23.5067200579 24.7295863669 23.8300006492 23.9966896173 24.8804748393 24.6843236168 23.8001737539 24.3630371031 24.2200086702 23.8720512393 25.4239503624 24.6103428689 24.9962885317 24.8346340251 23.9648266755 25.0843802451 25.4303475434 24.607666484 25.599065195 25.1884591903 25.4170461273
0 0 0 0 0 0 0 0 0 0 0 0 0 0 0 0 0 0 0 0 0 0 0 0 0 0 0 0 0 0 25.2829324609 25.5265685705 23.9197638693 24.943523694 24.018357624 25.3294434431 24.2627428794 24.0507822168 25.2661177805 23.9611290106 25.1212910185 24.0219908846 24.7819857426 23.9499061046 24.2820943717 25.1769619667 23.9254191455 23.5835662504 24.2572452839 24.5369426068 24.1217175524 24.5758618966 25.2539706319
0 0 0 0 0 0 0 0 0 0 0 0 0 0 0 0 0 0 0 0 0 0 0 0 0 0 0 0 0 0 0 0 0 0 24.1276743587 24.2355134002 25.1292900513 24.3044722205 24.8198785259 24.9688527092 23.8724469761 24.5297434354 24.6166974919 24.9374210818 25.0383031105 24.8219253825 25.1864852706 23.8831330559 24.2034664933 24.7613298536 24.8519275705 24.3565536973 25.0797376884
0 0 0 0 0 0 0 0 0 0 0 0 0 0 0 0 0 0 0 0 0 0 0 0 0 0 0 0 0 0 0 0 0 0 0 24.6783061864 23.5951725704 24.063669275 25.5527644092 25.446716342 24.8443965229 24.9710866257 25.0868431412 25.5378270472 24.2742985076 23.736124955 24.7837141825 24.7713214278 25.5406152101 24.8868082803 24.9832348385 25.0736716075 24.6079280776
0 0 0 0 0 0 0 0 0 0 0 0 0 0 0 0 0 0 0 0 0 0 0 0 0 0 0 0 0 0 0 0 0 0 0 0 24.0512947384 24.7292011488 25.6158614016 25.0723491733 24.6392091913 24.2232229926 25.0583233988 24.1428138976 25.2781313732 23.6139308734 23.5218833967 24.4731085185 23.8031683024 23.8765119246 24.0643211747 25.4115632546 25.3145384833
0 0 0 0 0 0 0 0 0 0 0 0 0 0 0 0 0 0 0 0 0 0 0 0 0 0 0 0 0 0 0 0 0 0 0 0 0 24.7449269189 25.1963901566 24.208657624 23.5587621399 23.9287596086 24.7443955753 23.863319775 23.9654774658 23.5622017594 24.7677624481 23.7295474762 23.8706102807 24.3082209327 24.7420873815 23.9419998238 23.5690003746
0 0 0 0 0 0 0 0 0 0 0 0 0 0 0 0 0 0 0 0 0 0 0 0 0 0 0 0 0 0 0 0 0 0 0 0 0 0 23.5154827205 24.3902100254 23.9063193766 25.0109585804 23.6000161108 25.1219471037 25.3017066488 24.5810401568 23.6385892024 24.1802646394 25.2335821118 24.9563272581 25.2259326664 24.9331514292 24.4417738127
0 0 0 0 0 0 0 0 0 0 0 0 0 0 0 0 0 0 0 0 0 0 0 0 0 0 0 0 0 0 0 0 0 0 0 0 0 0 0 25.0293864471 24.6029698663 24.4699598571 24.6472597834 25.5040963648 24.0487305849 24.4847402021 24.7499217729 24.9308898022 25.1411975924 23.6636632224 23.7926733829 24.5079053341 24.590686941
0 0 0 0 0 0 0 0 0 0 0 0 0 0 0 0 0 0 0 0 0 0 0 0 0 0 0 0 0 0 0 0 0 0 0 0 0 0 0 0 25.3164964519 25.4498793819 24.9101801765 25.6145943397 23.8187329659 24.9309281936 24.3999457312 24.4309873618 24.0649555476 24.7099319372 23.5116413861 25.2465366571 23.8029366495
0 0 0 0 0 0 0 0 0 0 0 0 0 0 0 0 0 0 0 0 0 0 0 0 0 0 0 0 0 0 0 0 0 0 0 0 0 0 0 0 0 24.4805266821 24.9410190006 24.0997275958 23.9039468118 24.2835094885 23.7641562224 25.1726435276 24.6633975069 24.9482316519 24.6491697726 24.6250667203 25.3179516288
0 0 0 0 0 0 0 0 0 0 0 0 0 0 0 0 0 0 0 0 0 0 0 0 0 0 0 0 0 0 0 0 0 0 0 0 0 0 0 0 0 0 23.9536020522 24.2378638181 24.4429011905 24.4243152436 25.2290243289 23.9022239338 23.5999391249 24.6895227245 23.6610158073 24.3968405547 24.1611654519
