Spatial_Output/90% DEC/90DEC_0286.asc
NCOLS 155
NROWS 192
XLLCORNER 196769.923733
YLLCORNER 449719.875193
CELLSIZE 27.603701
NODATA_VALUE NaN
[rows 138 to 160 of 192, columns 53 to 105 of 155]
45.1221036692 45.1344533166 44.6920947747 44.5710004304 44.7713560429 44.6008874845 45.1562825168 44.8436762632 44.772614385 44.6793402021 45.1980910581 44.5674465915 44.6883630737 45.0402551906 44.9017340754 44.5780157804 44.9927284453 44.7930362293 44.8145813975 44.6043967824 44.9018791825 44.8564816259 45.0258618261 44.5460416033 44.8535155885 45.1177306077 44.9165122145 44.9366255715 44.724572807 44.8239684781 44.811661885 45.064630915 44.8068034145 44.8776997394 44.9192730615 44.5939214784 44.5439817384 44.6582210806 44.5563177548 44.7158548183 44.9584999233 44.6709125259 44.8011571235 44.5413906917 44.7662341038 44.9654177422 44.5569705442 44.9916076574 44.8793541153 45.0933615023 45.1977606464 44.774000893 45.0610754761
44.772096197 45.0568646768 45.1032880468 45.1099111866 44.7876750138 45.1535889719 45.0765490318 44.5308347502 44.5107564087 44.5212337958 44.620772182 44.5195714204 44.7097238971 44.7186657926 44.7914919649 44.9853275261 44.6722454449 44.9459680218 45.0552720899 44.5058009357 44.5271405761 44.6922219944 44.5026431822 44.5495631453 44.8108347973 44.8347724257 45.0260876372 44.9416052256 45.1200592072 44.5611659408 44.7378182168 44.7289614756 45.1523946944 44.9215249544 44.6348260667 44.8618475004 45.0376933772 44.820522424 45.1072340401 44.5223054457 45.0834713885 44.7771310321 44.7044575846 45.0891854158 44.6621908646 44.8661293875 44.6429740882 45.0902424061 44.8173402242 45.0691387059 45.1404035431 44.7096157303 44.6601204912
44.7366117999 44.6812105153 44.6257316045 45.1548074351 45.1199815019 45.1240625228 44.9116778555 45.0807323529 44.8959191784 44.9576942611 44.815112648 44.5296990695 44.6898774886 44.9432940268 45.110135515 44.9163967761 44.5014483661 44.9590647238 44.5255868275 44.7718886568 44.7538857325 45.07370079 44.7759926756 44.9764537512 44.6846008367 44.7010498838 44.9244921955 44.5190186329 44.7531942426 44.6411354981 44.787515935 45.1500942798 44.523061159 44.9879227242 44.5575999081 45.1234748191 45.1141349011 44.8520155132 44.9511956825 45.1349115061 44.6702309911 44.5620638064 44.8873514968 44.6046395094 44.5145453074 44.8264210631 44.8086375509 44.5237805017 44.787609783 45.188475146 44.8914169848 45.1418222102 44.9345335083
44.8740675626 44.7809529222 44.7703984768 44.6727126202 44.535286679 45.0429372084 45.0001526132 45.0114330302 45.1661904531 44.7329106809 45.0331549432 45.1738749399 44.617248208 44.8820291405 44.8455968794 45.162757034 44.901181785 44.8636993651 44.5684189088 44.6083961416 44.6833684624 45.1966322593 44.9169448062 45.0737782996 44.8452430694 44.5115814557 44.599170896 44.7824842291 44.7896197004 44.9746577352 44.7455148188 45.0278899811 45.0251836086 45.1105401058 44.6299174678 44.8366661901 45.0241103362 44.6988155403 44.8823417378 44.9723468531 44.5897174627 44.7372830743 44.6684044524 45.1667032336 45.1723636964 45.1820212795 44.9620389125 44.5219219924 44.9951652447 44.707913327 44.6438409528 45.011839801 44.7081950623
45.1667232106 44.9155870439 45.0407646238 45.1834433473 44.5079467909 44.6719575479 44.8410187122 44.5564946216 44.8165997432 44.7548741022 44.7144963583 44.6500639209 44.5404359698 44.789437054 44.8989657891 44.7208043223 44.9801972775 45.0100549814 45.1116754759 44.9993210164 45.1900270558 45.0340703134 44.752149581 44.6153331821 45.1664902776 44.575591366 44.791679493 45.1720251435 44.8703738956 44.6797287314 45.1699509839 44.9727853947 44.6467495354 44.6139669963 45.0767859979 44.5061973306 45.1094442362 44.5317792168 44.8171002349 44.827303133 44.779498967 45.0328756112 44.7860791816 44.9255810469 45.0616372983 45.1213786609 44.6974671188 44.6154260555 44.5856435047 44.7686440809 44.9373462117 44.8623678535 45.1973321824
45.0693021358 44.7129426548 45.0404427339 44.8918129473 45.041622562 44.7491874056 44.6343442206 45.2052947819 44.7368809392 45.0976341075 44.7286644573 44.7722544407 45.0596376069 45.1935422433 44.8549025759 44.9104442157 44.8363153601 45.1198443586 44.9053549669 45.0479108807 45.1904842754 44.9188936016 44.9973604959 44.6969840458 44.8397005306 45.1088976101 44.83009916 44.7524560014 44.9226859332 45.167969179 44.5418383165 45.0069680623 44.6718502983 44.8931766656 44.6834928205 44.6613529394 44.8639442603 45.0695366012 45.0121726886 44.8738713926 44.5495714875 44.5286955614 44.8766460338 45.0076325097 45.0615120386 44.754579984 44.8325585476 44.968766651 44.8215139844 44.8559417949 44.860390517 44.6995358354 45.0080060444
44.5887011674 44.7075190664 44.6962909469 44.7096616276 44.5649531586 44.7726067485 44.6016838051 44.6212515341 44.5398476531 44.5443178445 45.0944142471 45.0846676303 44.5525171768 44.5507500397 44.9672047551 44.73068922 45.0873869477 44.9162320261 44.8280510037 44.6295248219 44.5256069283 44.5156434935 45.0659823407 44.7213254453 44.7950072685 45.1010205836 44.6337286927 44.7223346041 44.8317272808 45.1711567273 45.042671423 44.6220475412 45.1287293245 44.9166772664 45.1511027693 44.5562530921 45.1713715885 44.9792399445 44.9441559448 44.6008405779 44.6792160898 45.1163548172 44.8450090849 44.6906654737 44.8275574028 44.8464821031 45.1487926204 44.5620086843 44.518825574 44.8291306236 44.5830052605 44.8638869718 44.7533113304
45.1460126384 44.6921272962 44.6917852491 44.7298937848 44.5883764265 44.9109026993 44.957125254 44.9935227527 44.9447026615 44.9203857044 44.7971834128 44.6883854501 45.088452722 44.9047026375 44.6117376955 44.8392750956 44.692716458 45.1424987409 45.1027710839 45.1426513152 45.1811583753 45.1191575764 44.7634606206 44.6461268035 45.0859255746 44.6925101751 44.5732239012 44.9507086232 44.9026305401 45.0662347912 44.7716197909 45.0016092101 44.8940910676 44.5829711946 44.9802645991 45.0625286845 44.6966666505 44.7453546189 45.0383597253 44.8102671472 45.16742598 44.8831366626 44.5508830403 44.7415158855 44.7419678514 45.17071662 44.6110869857 44.9631318165 44.5699388758 45.0325827418 44.6828527329 44.9520570337 45.1740646635
45.0710617839 45.0990130637 44.8584620123 44.7409758914 45.16287847 44.9015389722 44.8163619196 45.1843645848 44.7169134564 44.9476515893 44.6980551318 44.6976447729 44.7134950246 44.8802634901 45.1049560083 44.9949790516 45.0362070075 44.7171670218 44.8189885928 44.8676358505 44.7287300149 44.6502253699 44.6393018804 44.5418941169 45.1536130039 45.0033957112 44.8015729922 44.9714420921 44.8512911914 44.6726074425 45.0449331367 44.7931201403 45.0982808041 44.6045401589 45.1594701795 44.8287431893 44.5412528927 44.8577736252 44.6185330005 45.1227995103 44.6272891768 44.8226483188 44.7707933667 45.0253510014 45.0072475015 44.5612008652 44.6728073376 44.6797629077 44.5606222485 44.8037608327 44.5113564313 44.659949431 44.791386063
44.9390566134 44.8820477614 44.5687854091 45.1578552767 44.8804749708 44.5811994156 44.9943910627 44.9509873982 44.7679056126 44.9433477722 45.0125984714 44.9518515487 44.9346131782 44.8094734735 44.9316269113 44.5911441362 44.7943332239 44.7960845234 44.7354576404 45.0310209151 45.0424980371 44.7417537246 44.7146614621 45.1963446105 44.8546722105 44.9806867929 44.6712605635 44.6077764672 45.0849341989 44.5073113558 45.1640434613 44.6248037981 45.0125334899 44.6687346799 45.0538899793 44.5337242263 44.8959486177 45.0494942634 44.566172572 44.805551825 44.6488374684 44.8155001463 44.9204815361 44.8101544123 45.1418347419 44.7199425003 45.0112072503 44.8520664282 45.1044918811 44.8749622459 45.033990439 44.6989230368 44.9537396462
44.5543989099 44.7594993048 45.19290394 44.5449597702 44.5720912596 45.2025066034 44.7453397792 44.6040789334 44.8230183353 45.0350274858 44.9810283211 44.5794289294 44.8517061794 44.6768158018 45.129986666 44.6226277891 44.8315341666 44.9908099113 44.8586255308 44.8973487644 45.0585163939 44.8617878296 44.6340937461 45.196498485 44.8941174962 45.0653788286 45.1341140495 44.6727070555 44.6636070272 44.71357887 44.9109143724 45.1652631888 44.6757080283 44.7428587505 44.6913605784 44.9608575197 45.1741251408 44.9462239955 44.8775328779 44.867712259 44.9824327582 44.9519279534 45.1173180698 44.6243296098 44.5879079651 45.1338793381 44.9025516323 44.7660757783 44.5204603593 45.0136969136 44.7448823837 44.8831480086 45.076854855
44.6586725507 44.8393587831 44.5329915012 44.5223281058 44.6499520459 44.9633796451 44.859863927 45.0518721113 44.6876669013 45.1937119511 44.8078451689 44.7097025817 44.9567264882 45.1663372714 44.8570547947 45.0838307742 44.8809945203 45.1811485313 44.9909105411 45.1901110397 45.0595558681 44.9390273923 44.6892965411 45.1088863463 44.7387781226 44.6844703746 45.2056326144 44.7300548432 45.188820596 44.6944755212 44.8230237946 44.59305146 44.6917830175 45.1811919557 45.0974722935 44.9476883229 44.8792416213 44.5740869336 44.8778272252 44.6031130309 45.1306754241 44.8205498522 44.6223526886 44.6688658003 44.6394107056 45.1658095387 44.7222581671 44.7271393824 44.6943873678 44.6585957193 44.8742520212 44.667611386 44.7703244562
45.1781001639 44.7345990103 44.8966933069 44.929116014 44.7419194421 44.5023446386 44.5173140726 44.5663812709 44.9894624738 44.6466136957 44.5875906483 44.6016806233 44.6867670864 44.784099262 45.1840169294 45.0209229984 44.6857096675 44.9910739724 44.9153133336 44.6209586806 44.920751894 44.5614306321 44.9283655214 44.7624637002 44.698378098 45.1589791998 45.002198766 45.1498569212 44.9452579631 45.1704938275 44.9218777496 45.16739228 45.0890085582 44.8325760077 45.1720077386 44.7416724067 44.701793566 44.6244149307 45.0985405913 45.0307138899 45.0973842029 45.119025056 45.1063757694 45.1943854579 44.5825294573 44.6306450151 45.0157701435 45.0718387186 45.0358202841 44.7662478123 44.9836664856 44.5435268055 44.8491837598
44.7671941101 44.6210382624 44.6755507314 44.5149326575 44.5599178738 44.6320095525 45.1033111655 44.9529875059 44.9782952137 44.8873756185 44.7606779118 44.7092096502 44.5826672077 44.5208255355 45.1403166887 45.0937925243 44.8144579703 44.7800083154 44.6499577933 45.0334588209 45.1295964256 45.0779263265 45.0562514026 44.59720952 45.0796550701 45.1821571153 44.9692641072 44.780357027 44.6034927641 44.8338673708 44.7512226082 44.8356568066 45.1165799629 44.8901264403 44.6315271026 44.9474856205 44.8875319375 44.811255889 44.7949553366 44.8898120182 44.9168941513 44.9732047613 44.7348251323 45.0035483037 44.7239444354 44.5944642208 44.9580160923 44.7682850828 44.5092065527 44.5796165903 44.5178503369 44.5300295472 44.9184022149
45.0735718637 44.569781439 44.9936716884 44.7444075582 44.9972116878 44.8201387264 44.8242193799 44.7290167318 45.2049625816 44.6093259439 44.848209499 44.5234331885 44.6543183416 44.6676263258 44.6554480234 44.8194193043 44.5120436116 45.1512301032 44.6092832111 44.9442970167 44.9357445511 44.6957328451 45.0810554534 44.9438038171 45.1768660264 45.1053703884 44.9453745096 44.932866361 44.782819472 44.805566548 44.7751166706 44.6990832411 44.8661381498 44.5839568216 45.1927137054 44.6282781346 44.6929770461 44.9242080056 44.8938422632 44.7673861487 44.82353434 44.8925328728 44.6025334472 44.7722022885 44.7943718485 44.9954106203 45.1632306905 45.0598550372 44.7077831124 44.7128655555 45.05951022 45.0236143173 44.991152757
44.8546442544 45.0539909459 44.5614267893 44.5892202972 44.7845322539 44.8937855276 44.6390151379 44.8423699298 44.7699753608 44.9097828068 44.950309365 45.121297317 45.136726886 45.0049818436 45.0086830746 44.6433305744 44.8839573936 44.5975991491 45.1977665472 45.1473111021 44.9058463286 45.0175651809 45.0410698274 44.8795110476 44.6051508899 44.6686669196 45.0522681001 44.9520516562 45.090995208 44.86548819 44.971791593 44.5160806393 45.0730869618 44.9428817074 45.1495424604 44.8250346598 44.6323610863 44.6345769822 45.1922757241 44.6966998227 44.8251977693 44.8779870338 44.5280629778 45.1541111901 45.1442889152 45.0717480222 44.7304335919 44.800230374 44.7577431938 44.5732212059 45.0962986882 44.7822274012 44.8496664181
44.6573854572 44.9304233818 45.1534650663 44.8607111722 44.6796735345 44.7247716704 44.7222790618 45.143768582 44.9156167446 44.6476974368 44.5220935703 44.6583841423 44.6805056548 44.6018188324 44.9055093901 44.77591209 44.7053105846 44.7072953197 44.9868948232 44.6198753736 44.5495572325 44.8366668602 44.5071698881 44.8698983406 44.5136492545 44.7023800954 44.8457100714 44.528349688 44.7768342198 44.6353533257 45.1565044941 44.9211777994 44.543412019 45.0810099629 45.0123022114 44.6186519588 44.9993793241 44.5217501186 44.9042072805 44.5517505517 44.7140550845 44.9735248498 44.5009426828 45.1542441459 44.6656357517 45.1819266595 44.9545352261 44.9859023025 44.7726838816 44.9838903844 44.5393816145 44.9103906735 45.0956458633
45.0603388861 45.1406727637 45.128399824 44.8906551553 44.8678704803 44.6610228214 44.8985830303 44.5459300595 44.7202631513 44.5190286233 45.1673618834 44.6577795959 45.1299477756 45.0545949379 45.0354571767 44.9748735786 44.8911240394 45.1888545329 44.7836958163 45.1340559311 45.0700044242 44.5503714476 45.0854996725 45.06716349 45.0569651045 44.8843808928 45.1434952033 44.9523796744 44.7592382502 44.8156575115 44.5757345457 44.9706145336 44.6675074437 45.1830719571 45.0776544538 44.6143842268 45.1193460579 44.7761243689 44.9869622669 45.1672933935 44.6045481217 44.6800326166 45.2020122074 44.6941552634 44.7619517842 45.0362036797 45.1469091746 45.1254842611 44.6292314997 45.0565953322 44.7872628823 44.5011319319 44.7477156443
45.0304743571 44.8895230274 44.877609769 44.5603852558 44.6478270874 44.764279518 44.7661285323 44.9356072331 45.0827035804 44.8167102393 44.8251776219 44.9451361314 45.0960118596 44.8092269938 44.5197404215 45.0974563155 44.786642889 44.775278344 45.0451608237 45.1215581309 44.525608014 44.8167323364 44.7607941858 44.5766079576 44.8746897545 44.6728823969 44.546234886 44.6806965852 44.7226815758 44.6891541072 45.1285784351 44.5615451233 45.0213026606 44.805421278 44.9994217936 44.582609905 44.7606713282 45.0121208077 45.059165659 44.5041232654 44.7769380414 45.0091230698 45.0414189294 44.6523746066 44.5187988503 44.9999016119 44.9393222567 45.0517101152 45.1485391654 44.7401376886 44.8597410937 44.7735332251 45.1221551267
45.0692448775 44.873327352 45.0381297907 44.7029851032 44.6514183008 44.5777492065 45.1608640944 44.7874017885 44.7756785774 45.0806202335 45.0150568306 44.8193659589 45.0651680048 45.0095375185 44.6237991415 44.6583561454 44.7678976826 44.7540784081 44.7807546579 45.114760092 44.9150968168 45.0603536327 44.5836747274 44.7111544091 44.8760300912 44.7748894847 45.1008514878 45.1725443281 44.5716535825 44.7773330807 44.8693914251 44.8843047456 44.9671967412 44.5136293281 44.5485848793 45.048153617 45.1215222197 44.8573568311 44.9040029363 44.7059248153 44.8510327681 44.893630943 45.0310106218 45.1126182773 45.1057663052 44.8128228337 45.1432220388 44.8124877014 45.082659166 44.95230287 44.9472137163 44.5099484313 45.1247734923
45.1949490182 44.6067877692 45.1959650631 44.5800187163 44.6095165475 44.6884346059 45.0715642929 44.7419082916 44.6268656588 44.5829976105 44.9830746497 44.7445137738 44.8618690194 45.1176145438 44.9565175383 44.5500898473 45.1774711729 44.9842349817 45.0447382254 44.5143727138 44.5192258129 45.1272124716 44.7808262142 44.95835572 44.83439768 44.6403865333 45.1390656054 44.7541757135 44.8249200452 44.6023834305 44.5722518106 44.5166827037 45.0661618234 44.5094672575 45.1505360168 45.1106290675 44.8158360362 44.6845723637 45.0311526017 44.8244479198 44.6384257056 44.5864855159 44.8268817644 45.1714806125 45.0990328606 44.6472348995 44.5572220922 44.550871387 44.5868431806 44.5910703434 44.5969335802 44.9894818776 45.1261927991
44.6012940777 45.1386364837 44.5047306652 45.0223047038 44.5593991092 44.8786270654 45.181954391 44.5498030393 44.6288283802 44.9833571235 45.0795936958 44.9565910182 44.5149108394 44.7311107626 44.5649979637 45.1133769849 44.8713473021 45.1594327922 44.6076449039 45.007204334 44.6510884814 44.7785777364 45.0582236198 44.5061214292 44.7188030133 44.9163329481 44.9492667641 44.9510474431 44.788822111 45.0230649102 44.8882375891 44.7494710435 45.0007913103 45.1239922794 45.1046536401 45.115791203 45.09673299 44.886068423 44.7799420138 45.2043842473 44.7682765569 44.6212949835 45.1804344213 44.7452321864 44.7289457783 45.1168220142 45.0092118911 44.7188403617 44.6577097688 45.0542224055 44.72622782 44.9187189329 44.8514369662
45.1414998942 45.063688705 44.966374915 45.0991619159 44.7159850472 44.5295621442 44.9261246852 45.0636261451 44.6131151503 44.746853423 44.9269987813 44.6298039378 45.0325726374 45.0448223417 45.0322276707 44.7326168146 44.6285807901 44.6132671819 44.6386082434 45.1174464566 44.8453122167 44.9274038158 44.6478191358 44.789499384 44.7842758516 44.9848908125 44.7895903748 44.6505133157 45.1678450742 44.964191343 45.1703463744 45.172872466 45.0369730738 45.0819323132 45.0551625386 44.9022641647 44.8153600543 44.751984088 44.8410453659 44.6357121479 45.0788127002 44.9727739075 44.623927108 44.5208782139 44.7567743459 44.6482743748 44.7997479859 45.1711179138 44.7303208051 44.6487146267 44.6755168536 45.0165109075 44.5833359855
