Spatial_Output/90% DEC/90DEC_1049.asc
NCOLS 155
NROWS 192
XLLCORNER 196769.923733
YLLCORNER 449719.875193
CELLSIZE 27.603701
NODATA_VALUE NaN
[rows 46 to 68 of 192, columns 0 to 52 of 155]
23.0250767425 22.8104945047 23.0741642854 23.0488764048 22.5964752587 22.6439958169 23.08063248 22.5950807178 23.150955277 23.2040653473 23.0025487428 22.781009939 22.9508374587 22.6549241521 22.720740755 23.1180975131 23.0015123916 23.0789473099 23.1420945756 22.8095743105 22.7375328938 22.5505235545 22.6281582038 23.1254089361 23.0100023923 23.0464211259 22.696677554 22.5388690299 22.6955428796 22.8442692315 22.5421090611 22.6626132999 22.8605202384 23.0967679129 23.0226471562 23.165981912 22.6405451732 22.9205216654 22.7564434195 22.687227466 22.9861729537 22.8506162288 22.9109387696 23.1842907691 23.1234894287 22.8302867006 22.9848834195 23.0181527517 22.9883761266 22.8501655137 23.1210275849 22.7424189497 22.9217818982
23.0998183633 22.6316254363 22.81407904 22.9066929275 22.6334127322 22.634119049 22.7319001789 22.5172710345 22.6679261567 22.7844801569 22.9528557287 22.6453707314 22.7902647615 22.5106589951 22.7532159635 22.7205421433 22.7003988879 23.012416637 22.6500694288 22.9438667525 23.1125180708 23.1372960508 22.8451944752 23.1939730378 22.6396361893 22.6720785618 22.8468405892 22.594297566 22.7150008536 22.9598156336 23.0786626442 23.0070116793 22.776230375 22.8494940057 23.0060232748 23.0157493643 23.0515393268 22.6519017791 22.983038226 23.1038391556 22.6491941663 23.0497262699 22.9573874828 22.9326883954 22.5993070934 22.987269075 23.0924078432 22.8272791641 22.7925264115 22.6206541287 22.9636209904 22.5527848853 22.9046110074
22.5796519007 23.1577684944 22.5349394761 22.6849676857 22.8465159686 22.9034545906 22.8361749989 23.1940193623 22.9765083125 22.7448835344 23.2051609979 23.0266685162 22.8009535287 22.6259767767 22.5351149663 22.7998254211 22.7732421039 22.5215609031 22.7287794926 22.523552085 23.1497293971 22.9555254717 22.7186828293 23.126416689 22.7784489351 23.1382978945 22.9397806344 22.5913379687 22.766890499 23.0687568551 22.5897120958 23.163819999 22.6271047097 22.833997283 22.8197348131 23.1060294291 22.9293553183 22.7132171916 22.5350240753 23.1534837993 23.0040716906 23.0692694869 22.5854476098 22.664795618 22.8802785268 22.610067289 22.5183974993 22.743956695 22.6662263756 23.1637718504 23.0461332375 23.1569416912 22.8502301145
22.575527771 23.0336177965 22.8046810981 22.9984043665 23.1854368419 22.8651776344 22.7069533008 23.1395634304 22.8342781231 22.9754044908 22.6083249177 23.0380854115 23.2042312552 22.962103009 22.5682274397 23.0871966551 22.7053136022 22.535491112 22.9155485182 23.041880907 22.5080054635 22.5979262213 22.8784528995 23.1031685783 23.1873321998 22.9280842258 22.9890558233 22.9183293152 23.1433107849 23.1048280497 23.145452844 22.8317325401 22.9575798919 23.1811024305 23.0855206085 22.7418823679 22.6825790543 22.65170321 23.0226291071 23.0937188992 22.9667678208 22.773310132 23.1817273057 22.9327835878 22.7260094546 22.8767424318 23.1313854129 23.0704273201 22.8864274079 22.7466084221 23.1719189364 22.8490305882 23.2041147446
23.0160071919 23.0596751866 22.6422144828 22.6024098083 22.5414928001 22.6345663672 22.6744239162 23.087945583 22.9690830266 23.1368048513 22.6955393923 23.0385064858 22.7882143259 22.8677107168 22.9955346841 22.8792647648 23.2053563747 22.718113922 22.8219984346 22.9500625618 22.6093366202 23.0062316397 23.1565378298 23.0080045079 22.5876398932 22.8509533198 22.6905137343 23.091385208 22.8421220809 22.9563974184 22.8114658591 22.8626120985 22.8924557845 23.0722790949 22.7115528374 22.9307905229 22.5998218991 23.1513724854 22.854604141 22.9460545814 22.9418740572 23.0633072971 22.6886392516 22.7209549543 22.6512187287 23.1790437513 22.8894176136 22.7187332687 23.1771972723 22.6607279112 22.7183031913 22.6577081425 23.0066036662
22.5923471682 23.0130548148 22.512173745 22.7845356726 22.6143826439 22.6565252282 23.1179674371 22.5658072026 22.7928237805 23.0798450131 22.5093760804 22.8244766069 22.7580525663 22.5063077244 22.8303149289 22.8236554429 22.7677356476 22.9723604992 23.0846431277 23.0485923637 22.7748745131 22.7031701645 22.8705342047 22.5271365092 22.8159819588 22.6853011303 22.6114021038 22.9457094455 22.7880007301 22.9492383236 23.0631635858 23.0977825037 23.1659864222 22.5601477808 23.1841664146 22.5607056901 23.0381340424 22.9845416147 23.1844546352 23.0545758217 22.5236823444 22.6490042516 23.1402498688 22.7862149053 23.0449690429 22.9511280943 23.1094586181 22.6427278245 22.5384085986 23.033848348 22.9107865278 22.7030574178 22.8698727424
22.7086689532 23.043220179 22.9263468311 23.1976439771 23.0694566703 23.0611402979 22.8324970954 22.502045232 22.9398472159 22.8637468746 22.6426764649 22.565075116 23.1600754472 22.7320474106 23.1251057705 22.9294370388 22.8617748659 23.1616903245 22.5143512324 22.748431485 22.5591332375 23.0987046407 22.9862314791 22.6588944209 22.8525638506 22.5158882621 22.7484331807 22.6734920279 22.8798689051 22.9066948898 23.1765352463 23.1615656752 22.726937165 23.0119738232 22.8509388273 23.1103107387 22.7496165424 23.1763331009 23.1332738887 22.9756542705 22.8625168293 22.8790771393 22.5804628759 22.8719520682 22.7539236777 22.6985635977 23.0602732499 22.9784147776 23.1499050186 23.167409096 22.7695430821 22.6646672663 22.5932852731
22.5291193551 23.1360058032 22.5400927959 22.7383849709 22.5023476894 22.919929921 22.787291701 22.5996726162 23.1393054372 22.5004374188 23.1609440734 22.9053136583 22.9289221375 22.9971547602 23.0102811076 22.5182316863 22.6606193013 23.1435968014 23.0785381072 22.8763930154 23.040065102 23.1739563899 22.5605760938 23.194275659 22.8893198418 22.909427182 22.5702976778 23.171943275 23.0901591743 22.6855620917 22.5823470954 22.659200286 22.5364611465 22.5184819804 22.5380329471 22.8691940999 22.6987189211 22.8989737644 22.9763501277 23.1142847934 23.1729054065 22.6502755397 23.0357846841 22.7851058965 22.8917892495 22.5361591342 22.5830121226 22.8152685955 22.7278416078 22.5490984327 22.9345964553 22.6082993603 22.917258048
22.5596126077 22.9284695559 22.5291313545 22.5136100347 23.057045821 22.9806063193 23.0308914326 22.7005935172 22.8955805737 22.6632961559 22.9807421596 23.0509143535 22.6635571574 22.748324345 22.5993822168 22.7532901546 22.7032544485 22.968973806 22.8988577925 22.6157180004 22.8478436529 22.6368746171 22.5936452146 22.5508022988 22.5351004801 22.6975468683 22.6124590619 22.9518813439 22.6583726667 22.6243472513 22.6532495504 22.594258536 22.9738775233 22.9326385413 22.5857842738 23.1557029933 22.9051369186 23.1749014224 23.0676163952 22.952414797 22.7051535559 22.9085346831 22.6829370391 23.0404659563 22.6531406475 23.023425825 23.0565233715 22.9849678733 22.9326886142 22.9712664858 22.7560136317 22.903876526 23.0649873752
22.642667617 22.5565181978 22.748705608 22.6943013371 22.996026171 22.6384639117 23.14791635 22.6853639435 22.6674233778 22.6450943226 23.0570880661 22.7272386157 23.0931914554 23.1446288406 22.7824996935 22.5057168934 22.8451866879 23.194348299 22.8957145507 22.9130138848 22.8593524857 22.7436634114 23.1834473948 22.706502363 23.1369543322 22.9244207465 22.7935959997 23.0583404973 22.5113459824 22.5783121056 22.9191913483 23.1143365921 23.0267058172 22.8273686849 23.181377251 22.7277991917 22.6875941369 22.7466766972 23.119323277 22.516074503 22.9648218787 22.6040808252 22.5128471575 23.1779216569 22.7183988442 23.139066544 22.6167436954 22.998484469 22.6487154921 22.9320997193 22.9559011839 23.112559903 22.6406786454
22.6506463302 22.5154439843 22.846923149 22.5837700321 22.9159187073 22.7842998585 22.535941404 22.6411964551 22.5037119034 22.7872601654 22.8887081332 22.9529835043 22.7247918127 23.0582560977 22.8384062381 22.9860285682 22.7846231101 22.7336928173 23.1514942137 22.6365334265 23.0152163353 22.6893562264 23.0023950621 22.6707557342 23.0814510304 22.8325778417 22.6093882539 22.8608876176 22.6893494985 22.6170033987 22.5253320118 22.7996664446 23.1325783465 22.5700158594 22.6238337677 23.1414456012 22.9215091004 23.1306426363 23.1905508245 22.8523171277 22.7751497775 22.8050947414 22.9100151649 22.9422114633 23.0709302713 22.895392121 23.0178032754 22.9412378893 23.0518435242 23.0297194066 23.1831969796 22.9540673251 22.6024641767
22.8646531271 23.0247579417 23.1995567292 22.8344082322 22.767911297 23.2047991381 23.0404545024 22.8764597222 22.713439564 22.7071161072 22.5677177543 22.6871025266 23.0562589105 22.6575627019 23.0052142276 22.7980004758 22.702863608 22.9765457259 22.8283108564 22.6516750367 22.9356625823 22.5147103677 22.6621940995 22.7972182927 22.8095568081 22.9675918894 22.9748571258 23.0589580037 22.7720738655 22.7462563863 23.0740209604 22.8187624939 22.847709972 23.0156971933 23.1823006684 22.6276852119 22.9229515077 22.7446614983 22.8961920355 22.9980064714 22.5248847496 23.0062020844 22.6466634084 23.0944667062 23.0452820965 22.9921263934 22.5172881341 23.0265182347 22.5853705591 22.5624223373 23.177859607 22.717179881 22.5135020499
23.154507654 22.6012739229 22.6978730048 23.194610222 22.9114642262 23.1270029285 23.0750408906 22.5169441215 22.5729312492 22.5047535018 22.94580017 22.8021869951 23.081156521 22.8702390227 22.5324297864 22.6149521441 23.0606367634 22.5236503103 22.9425993558 22.7961136717 22.7611981659 22.8203278231 22.7959299629 22.5440489637 22.5878562699 23.1119675631 22.5931166288 22.9921995347 22.7604299314 23.1753339216 22.7107238699 22.6650718653 22.6636887383 22.7564786417 22.6689193167 22.7173390833 22.9409464344 22.8169687966 22.5355463594 22.596157742 22.7630593763 22.7727897605 23.1286119059 22.7143646192 22.7626009551 23.1417750565 22.6065150731 22.5218111546 22.8142367926 22.7548553035 22.9552389389 23.0819669102 22.7183913345
23.1281698384 22.6165551874 23.1192019662 22.636652668 22.9059327796 22.6493164502 22.6969850563 22.7672173415 22.9012076556 23.1390159069 22.6393874343 22.8988944959 22.9701256362 23.0610239225 22.9306334412 22.5639591368 22.5483470381 22.748296204 23.0583610659 23.0916842558 23.1383078151 22.8831394776 22.9803138141 22.5199276652 22.5838637606 22.7596839226 23.1534810649 22.7938310318 22.8738025552 22.7806191578 22.9973619579 22.7674056582 22.9690943307 23.1114043177 22.5720319996 22.6144251402 22.8487678442 23.173281139 23.0820707888 22.5786039231 23.1672182497 22.5229881615 23.0359672994 23.1889956399 22.7578850344 23.1216404689 22.5612572161 22.6198239987 22.6026515161 22.9387819956 22.8652448171 22.5597051464 22.5453351353
22.6428138812 22.8647152483 22.5331862856 22.7395648506 22.8654276753 23.0920681676 22.8440472268 23.1818265651 23.0312880302 22.5175672647 22.7272187688 22.8776296674 22.6045850729 22.8405621577 22.9130554131 22.9837453554 22.5013345103 22.5591286052 22.6860382405 22.6285037095 22.6965461385 22.884731218 22.6498487589 22.8020712502 22.9570377806 22.9929841911 23.046940178 22.9898220003 22.7102929071 22.6603389123 22.6554119419 23.0478145153 23.1181793918 22.7274280537 22.6194592271 22.5597023137 22.5847695527 22.9599794396 22.8430388729 22.6217340259 23.0710500047 22.9135051736 22.8592759379 23.0079989544 22.6048119826 22.6138228442 22.9463057182 22.9556023004 23.0437737274 22.9270620421 23.17992984 23.1220628557 23.0917031316
23.1413209095 22.9986302212 22.6237719045 23.0393695087 22.7665030863 23.1744293597 22.983516681 22.5176681665 22.9997998044 22.5656551298 22.7606681976 23.2009243011 22.6429288893 22.615263758 22.6867731097 22.9521781576 22.5194089471 23.1415081298 22.7370720084 23.0456161309 22.8869571043 22.730123155 23.0079960947 22.688926065 22.9327994199 23.1852960684 23.143127679 23.0048360533 22.6389989976 22.8348660746 23.1348463105 22.5762642561 22.9841520922 22.96665547 22.8789034333 22.8970581113 23.0891521097 23.191446087 22.9477006931 23.1724342928 22.9622562454 22.5408766395 22.5093646837 22.9450748999 22.6944631677 22.65722332 22.7450170935 23.1422817756 22.7635840309 22.6574739285 22.5176599646 22.8162143173 22.5670177894
22.9912822866 22.6856011719 22.651394454 23.0279903033 23.1776856497 23.103697393 22.9488781631 23.205219096 22.6994949366 23.1714563046 23.1526521625 23.0077641 22.9074041206 22.8237487286 23.1295601819 23.0199323018 22.5236948288 23.0576616036 22.9613001444 23.1318873923 22.8474805058 23.0907643646 22.5332497496 23.0053438488 23.0160831682 22.7261183233 22.8913609198 22.5365206073 23.0086700628 22.6723871226 22.934546653 22.9995672357 22.5708645834 22.8362923229 23.2037603778 22.9643888523 23.0189744759 22.6482071863 22.6126853518 22.9990383999 22.5195621446 22.8219971307 22.9942009809 22.5371036133 23.1222226357 22.9514961148 23.1555689191 23.0139855926 22.768074696 23.1111121932 22.8767166399 22.7212574471 23.0957137786
23.1529789699 22.6090021895 23.1812911623 22.7857997969 23.1712156244 22.8626956254 22.652243666 23.1030569434 22.6506151926 23.0133840077 22.8665613949 22.5242159546 22.9022772482 22.8175483481 22.6870221348 22.9876798828 22.8740785685 22.7082703461 23.126000185 22.5739039339 22.974106722 22.6286612026 22.6263409515 22.5891252429 23.1228160424 22.8235002434 22.6963427364 22.5357329966 22.5907095352 22.8484404361 23.1332995529 22.9190417321 22.6139430622 23.1471531699 23.0518062023 23.0860618729 22.528482187 23.0983054329 22.7284591635 23.0023313128 22.9722703261 22.7859339802 22.5324873977 22.5248704119 22.6506841593 22.6447907556 22.5550402862 23.1513615775 22.9144528765 22.9399071144 23.0346056991 22.7669999499 23.0375412175
22.9995737656 22.8869534751 22.5789892587 23.1797063354 23.0350612501 22.5104441346 22.7940997419 23.1766028305 22.9977171762 22.7564149432 22.9103063342 22.5124089664 22.9678018975 23.0899554136 22.6568671615 23.0480238301 23.1969056646 23.0158111997 22.7934209889 22.5216606498 23.1229871646 23.1359405041 22.6362643684 22.8207803622 22.5244707318 22.9658489292 22.9117106832 23.0108848009 23.1479375615 22.5465406468 23.1004099185 22.6527257071 22.9560741804 22.7428016128 23.0530728681 23.1962909974 22.5006860046 22.840403551 22.8579172211 22.6168566593 23.0766612709 22.891806504 22.9282454877 22.5949121135 22.6549700802 23.1643115146 22.5709378947 22.6235399692 22.9403813039 22.6920884631 22.5919175556 23.0468694631 22.8306435693
22.6924264238 22.6941483958 22.9036947491 22.5614433339 22.5827137195 23.0323268184 22.6693399897 22.8333894673 23.0031421712 22.5032868507 22.7937406531 23.1402777054 22.6211675664 23.0791962133 23.0609705821 23.0557150172 22.7830420471 22.5236901478 22.9137661373 22.8387932807 22.6888293394 23.0177629552 22.9885906127 22.7499617494 23.1323802627 22.8008806274 22.7243962803 23.1484530986 23.1374271386 22.947894166 23.1026134557 22.6708852059 23.125420623 23.163713687 22.8543590583 22.5362783903 22.7943011057 22.5833216087 23.1700634056 23.1915717626 22.6021566792 22.9849201098 23.0705544036 22.87734045 22.9445415425 22.9348936432 23.0392292847 22.9907407911 22.6469320038 22.607017592 22.7037809674 23.0167165593 22.7534364917
22.6688836693 22.7221535213 23.1874581982 22.722847094 23.0131147968 22.7056981561 22.9234256042 22.5559123932 22.9368474483 22.7594666828 22.5737740272 22.7186611026 22.8867315381 22.9495057048 23.2034800793 23.1118862171 22.6006576219 22.9636259328 22.5888587467 22.9412193979 22.6416593579 22.8683037728 22.9319618904 22.685124431 23.0906376435 22.9886067993 22.9693648379 22.891312466 22.8361683883 23.1676019946 23.1633990446 22.8769210924 22.8503527959 22.8690460275 22.6269643928 22.7355603477 22.7738912335 22.7049961505 22.7254937467 23.1289001966 22.7942494817 22.8116291127 22.8205022223 23.0038295961 22.5062910279 22.8402255948 22.6412263093 22.8708523968 22.9594031415 22.6837516402 23.1619545731 22.8986435906 22.7631485827
23.1867371914 22.7516064287 22.97109838 23.0607589087 22.5726236631 22.727579745 22.968018953 22.7358150409 23.1151019905 23.0020472444 22.8966744872 22.8718635864 23.0108521377 22.9232655721 23.181010092 23.0886517153 23.1484245267 22.5332455585 23.0942946032 22.9735999263 22.6476514099 22.8214127742 22.5400346427 22.5671276074 22.8081104124 23.1512305505 23.1969539534 22.7805133809 22.5846106507 22.907943404 22.9486096091 22.7358180563 22.6826938259 22.637209104 22.7429234886 22.7318575891 22.6592455809 22.8933364208 22.5848198445 22.6043385991 22.5547813674 22.5936560147 23.1509763317 22.8840645361 22.5908549779 22.7575276714 22.5689583075 23.1040501625 22.8765571615 22.5553678572 22.5507853286 22.925170246 22.9452243455
22.5508040819 22.736245995 22.7605622182 22.6053932516 22.6776404448 22.8871970549 22.8011109417 22.7306770506 23.1629769808 22.6116326647 22.5854016283 22.6719881534 22.6654056165 23.204556112 23.1908872942 22.5565029047 22.5312668332 22.8804201152 22.9412433507 22.8457614143 22.5719922204 22.6073255405 23.0459910175 22.8398732682 22.84647236 22.9786369936 23.1399649811 22.6313963058 23.0501586979 23.0488696568 23.1973604795 23.0698253222 22.5122188306 22.9247089263 22.6119577246 23.1277920632 22.5281906001 22.7947283653 22.5476905711 22.5483081864 22.5979586101 22.8355004114 22.9664330683 22.6363706516 22.7270882313 22.6363788379 22.7250063929 22.9726262864 22.7866029935 22.7733046254 22.5750957799 22.9549491703 22.6745176031
