Spatial_Output/90% DEC/90DEC_0045.asc
NCOLS 155
NROWS 192
XLLCORNER 196769.923733
YLLCORNER 449719.875193
CELLSIZE 27.603701
NODATA_VALUE NaN
[rows 0 to 22 of 192, columns 53 to 105 of 155]
45.4094165897 46.2340635811 45.6707154754 45.3157922265 45.1828286666 45.5053754714 45.8162391253 62.7823315587 57.422833275 61.4703883382 45.6934746616 0 0 0 0 0 0 0 0 0 0 0 0 0 0 0 0 0 0 0 0 0 0 0 0 0 0 0 0 0 0 0 0 0 0 0 0 0 0 0 0 0 0
45.501381811 45.2021290066 46.0457334891 45.91367045 46.4104399173 46.1362917425 45.5130427582 53.830497082 65.0869798866 61.6186035663 45.9276286615 45.5862570812 0 0 0 0 0 0 0 0 0 0 0 0 0 0 0 0 0 0 0 0 0 0 0 0 0 0 0 0 0 0 0 0 0 0 0 0 0 0 0 0 0
45.4824670739 45.5780167599 46.0410247741 45.8138737293 46.080349215 45.97619834 46.0862092398 55.8763267466 61.4380782967 55.9092191324 45.7944488836 45.5091533112 0 0 0 0 0 0 0 0 0 0 0 0 0 0 0 0 0 0 0 0 0 0 0 0 0 0 0 0 0 0 0 0 0 0 0 0 0 0 0 0 0
45.2339223385 46.040294618 45.5515989056 45.7149842909 45.7020770685 45.4126155158 45.6910134646 45.1860997002 46.395885785 45.4973328795 46.3577662329 45.0441303895 46.306416746 0 0 0 0 0 0 0 0 0 0 0 0 0 0 0 0 0 0 0 0 0 0 0 0 0 0 0 0 0 0 0 0 0 0 0 0 0 0 0 0
46.0823145993 46.2660228994 45.441991028 46.2516220341 45.9233609496 46.2905355555 45.9012215707 45.259339671 45.2221908435 45.5009223707 45.4419607864 46.2967498816 46.1574038857 45.5244726147 45.1525273994 0 0 0 0 0 0 0 0 0 0 0 0 0 0 0 0 0 0 0 0 0 0 0 0 0 0 0 0 0 0 0 0 0 0 0 0 0 0
45.5568077846 45.0623839229 46.087622557 45.5630866958 45.1346452539 46.2020676288 45.5703032073 46.3200070621 45.3031572704 45.6586097107 45.3130851759 45.7370030786 45.260457888 45.2673525342 45.6289006065 46.2341993285 0 0 0 0 0 0 0 0 0 0 0 0 0 0 0 0 0 0 0 0 0 0 0 0 0 0 0 0 0 0 0 0 0 0 0 0 0
46.0627327059 45.8249717516 46.3800986444 46.3813618437 46.3752604007 45.6087355708 45.2131518964 45.3718933535 45.5991821911 46.0753706876 46.0771679874 45.5206823605 45.4719211583 46.1531127251 45.7314579581 46.3756154194 45.4873727166 45.9258827745 0 0 0 0 0 0 0 0 0 0 0 0 0 0 0 0 0 0 0 0 0 0 0 0 0 0 0 0 0 0 0 0 0 0 0
45.0421386819 45.6471769069 45.6999377533 45.8907643408 45.5868362568 46.0023096919 45.6899531797 45.598434257 45.0597107571 45.658171669 45.7232102377 45.8870535057 45.2064493908 45.4284764267 46.1186255917 45.3716413021 46.1207597867 45.0033365683 45.763368217 0 0 0 0 0 0 0 0 0 0 0 0 0 0 0 0 0 0 0 0 0 0 0 0 0 0 0 0 0 0 0 0 0 0
45.7579934603 45.1501590865 45.11999175 45.31075183 46.1545496706 45.4776955772 45.9674991606 46.0460895306 45.5571306176 46.0485740979 45.7534873713 46.0837986419 45.6983292716 45.0130348968 45.4105827984 45.6553075511 45.4823794247 46.28568831 45.9266242079 45.5229024295 45.8041934673 0 0 0 0 0 0 0 0 0 0 0 0 0 0 0 0 0 0 0 0 0 0 0 0 0 0 0 0 0 0 0 0
45.9603823283 45.5012388754 45.0534647915 45.9298109274 45.9664424335 45.757079021 45.1301628766 46.0530239756 45.6731007213 45.6735580011 45.6846896015 46.374938074 46.1536871329 46.1212933045 45.1238467803 46.1446004116 45.3405031601 45.1853980618 46.0491743378 45.3138816553 46.0112319505 45.2862166426 45.4283402829 46.0167198749 0 0 0 0 0 0 0 0 0 0 0 0 0 0 0 0 0 0 0 0 0 0 0 0 0 0 0 0 0
46.1750073093 45.8539928248 45.9488715635 45.0324260711 45.1058126952 45.2374014263 46.3854835166 45.2170086053 45.9277162604 46.1362296023 45.9076313688 45.7566200276 46.2599533901 45.0635848806 45.5675784598 46.2293771572 45.3247653621 46.4014161108 46.0348067853 45.5751086118 45.5763615943 46.3372601057 46.1707385704 46.1148785931 45.4063302186 45.0903767302 45.7490297202 46.0727830495 46.3933895073 0 0 0 0 0 0 0 0 0 0 0 0 0 0 0 0 0 0 0 45.6905402341 45.3312890399 46.127978405 46.2963365161 46.1530773222
45.5635312144 45.8955347868 45.5867699126 45.7140664881 45.3877711116 45.1595577363 45.80132857 46.3521486405 46.0393635632 45.277646973 45.9492399909 45.5736692759 45.0088143137 45.0967437654 46.119986644 45.0445168273 45.03887102 45.7314318551 45.8906106897 45.8480032487 46.3781471241 45.1677214253 45.1645333905 45.3215427007 45.2668309313 45.6432475658 46.2481194533 46.3781607954 45.5019126518 46.3039138727 45.6185309068 0 0 0 0 0 0 46.1839932832 45.5489238063 45.370137402 45.0286253674 46.081674089 0 0 0 0 0 0 46.3868476462 45.3003329367 46.400713696 46.0186944955 45.2304505653
46.0379781209 45.6531921635 46.3819643631 45.3178849098 45.1092332089 45.2175626214 46.3452883469 45.5374267189 45.379211144 45.5227047716 45.1125673821 45.1544633869 45.6846995578 45.2917533588 45.0992945 46.3276368489 45.9545144879 46.2801151004 46.1731601081 45.281850142 45.3379837155 46.0234548645 45.5553963428 46.3391665119 45.7521429678 45.9184949169 45.2803844194 46.0188111647 45.1879355942 46.2302885912 45.9611588477 0 0 0 0 0 0 46.0909435299 45.7642594887 46.2118649234 45.4523110831 45.6383900965 45.4190551904 45.5387239216 46.1252224803 0 0 45.963483928 46.1059482214 46.0933279451 45.6351923992 45.9755349246 45.3116034364
45.6854060749 46.0050502616 46.3707768959 45.7656758185 45.2298572983 45.1251055219 45.4143082993 46.0560104598 46.1185506922 45.8813912611 45.6945689746 45.593239207 45.8584594488 45.6220367836 46.3562412715 45.2560265632 45.2905974121 45.4974812004 46.1328018545 46.1887313728 45.7652482593 45.6921687485 45.5346664664 45.5798428479 45.9145620541 46.3224920986 45.8625864335 45.9059900153 46.3357207755 45.5395853049 45.1254393431 45.7292758395 45.309318726 45.7105124212 45.8794294372 46.3581561669 45.7753940714 45.5931174739 45.9807049023 46.3852740305 45.3436465608 45.7988042931 46.300223128 45.5331125668 45.9240321896 46.0882137297 45.7372268827 45.6226117903 45.7066252179 45.6913359605 45.4283419378 46.1072095701 45.179826771
46.353649257 45.2958042695 46.0075982243 46.0037463653 45.8656529395 45.1284311412 46.0507713949 46.0317450978 45.8837920291 45.389903286 46.4011104607 45.8102084146 45.0608763558 45.0255904209 45.2246457284 45.793987762 46.099409483 45.3989184276 45.6958221202 45.8636424339 45.3411914561 45.7448547224 46.3899980693 45.2056366475 45.2038305382 45.4208680352 45.7751932096 45.2668247596 45.8615847192 45.0576067047 46.0959996758 45.3401347184 46.299274794 46.0175376478 45.9361491487 46.2667779791 45.205005932 45.2407134642 45.6294985667 46.20383396 45.1691087428 45.5977084402 45.1520584761 45.9982306106 45.4388723033 45.5321821546 45.5356001822 45.5110823103 45.3900072399 46.3176509511 45.7042321551 45.6668122674 46.2867615552
45.9741930709 46.0113496989 45.1541084564 45.4012605313 46.0938144497 46.0496839292 45.7391378438 45.855281088 46.4090684434 46.2795156605 45.0929531604 45.4607333687 45.0280983751 45.4201071297 45.3932788789 45.8951877102 45.156055596 46.0860198693 45.7472416699 45.5799749205 45.6040120884 46.1032026335 45.653107316 45.1162837676 45.5535112101 46.1222290184 45.0688553139 45.5433141197 46.1031085871 45.1326365985 45.6212860754 45.6306743744 45.8928432727 46.0620166779 45.9692984327 45.9416067946 45.143755583 45.8412265669 46.164027577 45.334703523 45.8893939268 45.8187029782 45.4509568219 46.0880906595 45.5810052346 45.6337418081 46.0587073086 45.2435381341 45.4034961167 45.9301664923 45.2726497976 46.1076803083 45.166710501
45.3158341273 45.8978911665 45.8769745275 45.188705025 45.4680177875 45.9602901486 46.2885954025 45.7993055375 45.7016561023 45.3183389544 45.2375310986 46.0998975168 45.7486766355 46.0893140018 46.0944118744 45.2128770004 46.3271194851 45.3322696467 45.7881141726 45.39409986 46.3595266145 46.3869712743 45.4332860735 45.0036372113 45.834552249 46.1185651251 45.6707198154 45.5714845127 45.3074915189 45.3070466817 45.2586163885 46.2654454596 45.8455959073 45.9400802901 45.8790368024 45.2177092058 45.2940919592 45.6520223343 46.068120725 45.7205323403 45.7236151813 45.4288288899 45.3570287451 45.0016990705 45.4180049318 45.2533333198 45.8178008416 46.0985806414 45.4987858909 45.2744666521 46.4028229856 45.2890680346 45.9281712501
45.1020315422 46.2545934903 45.8192306093 46.0893603449 45.5048605687 45.2501799584 45.8100568919 46.0607082591 46.173769526 45.0905647166 46.4000580625 45.2642621968 45.6509795068 45.2818477236 46.0850929089 46.1576570251 46.047282711 45.5180165394 45.8554978397 45.2217286168 46.3853403015 45.9231787558 45.9742939832 45.422302525 45.0176364984 45.0431150188 46.2703326203 45.1602012302 45.1222688454 45.4212024701 46.0500110631 45.5993536602 46.1794271343 45.9258198634 45.026265481 45.2525050875 45.5135239992 45.1789350854 46.1733335023 45.3421376816 46.1249884632 46.3582622567 46.0522050441 46.221875189 46.0617287902 45.1664595886 46.0376414501 45.2872042597 45.4507840768 45.4648968401 45.0719201368 45.7384235247 45.7526709854
45.1957399809 45.7004223104 45.0027822743 46.3422799292 46.0207632032 45.596798741 46.1719405796 45.400520727 45.6801054153 46.1117145996 46.2043572767 45.6689044036 45.480672958 46.3034781998 45.2851355792 45.5185824191 45.1369045429 45.883557429 45.7166728828 45.5921950968 46.1300090591 45.7396831445 45.9802707768 46.3938413084 45.7041688684 46.284147352 45.2150452926 45.9226056868 45.9313649249 46.1058428786 46.12780745 45.7843957865 45.0311866454 45.4380228108 46.3376730641 45.1616628939 45.7373620676 45.7170228281 46.3181141088 46.3020717439 45.5974715466 45.4491845471 45.8045571245 45.3772725879 45.0041620653 45.8287003592 45.8053496281 45.4636627788 45.3432066781 45.6619499122 46.3302027074 46.0339096211 46.3308303772
45.679807793 46.1994476976 46.319313294 46.2632308798 45.1920472026 45.5689345506 45.7695210822 45.5953466356 45.5276704778 46.0546421001 46.3654283856 45.7663991457 46.3487171116 45.3279559693 46.0609201843 46.3235938136 45.2545099282 45.4296410182 45.6974725477 45.6913747658 46.2873264695 46.0922828218 46.2506488056 45.630871568 46.0061275702 45.6180093005 45.6102724984 45.4231274349 45.2657406804 45.0838619286 45.5159833879 46.4132906381 45.167870327 46.1942144615 46.0542912271 46.3843956694 46.4015431274 46.184888704 45.5856955395 46.0144941582 45.0426376606 45.405376888 45.5492192494 45.016032965 45.9649493469 46.0839252825 45.7696483899 45.6863136971 46.0116602198 46.0628385851 45.039079383 46.1272415391 45.9798669184
46.2591168992 45.2413141104 45.9687343241 45.5182660274 45.0357451485 45.6956815261 45.7613503978 45.9475508946 46.2605065334 45.2366645855 45.8604615192 45.4571823919 46.2789730389 45.6454474213 45.4935531695 45.5829203349 45.8188465695 45.2184169203 45.1160855645 45.3682589361 46.0953939257 45.8458982245 45.3366425677 46.0292440933 45.9563225899 45.5770838634 45.0604987468 45.6798939794 45.2484319507 45.8414972792 45.6714822446 45.8832988788 45.1952349588 45.7127879992 45.3610989889 45.6479763285 45.6612734175 45.7295932615 45.2332619544 45.2561669885 45.3485458055 46.2353363295 45.2905045359 45.567932367 46.1066092481 45.7372687983 46.2224687752 46.1597397883 45.3192753092 45.8027062587 45.0550590143 45.0928062083 45.2153141792
45.0030650487 45.4859850294 45.7190355116 46.1031302063 45.707204176 45.2703418278 45.0244152992 46.0444915073 45.7894381185 45.5511345967 46.0406524423 45.1596678785 45.707988699 45.7238325336 46.3039785769 46.1221058892 46.1287324368 45.1671803902 45.8468672544 45.3648174787 45.9122334799 46.4011117643 46.2319798715 46.3548059701 45.1272791736 45.5192471513 46.370549059 45.4922133091 45.4724942599 45.1201105697 45.1835455434 45.9471821474 45.7059470934 45.5700248254 45.4065402324 46.1075421044 45.104807417 45.0950970503 45.5111963999 45.5910284827 45.517331191 45.8646443983 45.6763761976 45.2217176641 45.6606241208 45.6239896192 45.8103183507 45.5792617029 45.971595323 46.153776566 45.5392297041 45.4352612705 45.2537339635
45.4853464201 46.2635593624 45.7901685421 45.0418149742 45.4495570531 45.167522012 46.0046932941 46.1903832844 45.2822170035 46.3617183792 45.1343327642 45.0669973155 46.3384263988 46.1421603681 46.3590999063 46.3447991075 46.0636184299 46.2097796757 45.4440630299 46.25850508 45.9506484395 45.2621791129 45.4520736839 45.8651854852 45.5393571941 46.3047646179 45.0363105997 46.2895308026 45.698280973 45.5448963099 45.2728127196 46.2648252206 45.9781598459 45.0956826542 45.093725762 45.6015986511 45.3060063692 45.2711985572 46.1028056179 45.5961147182 45.6876921255 45.0995201684 45.3437164603 45.4113031888 45.8755987393 45.8051906947 46.1647633528 46.2454253749 46.2687066778 46.3384119533 45.8346226772 45.577390374 45.366053854
