Spatial_Output/90% DEC/90DEC_0703.asc
NCOLS 155
NROWS 192
XLLCORNER 196769.923733
YLLCORNER 449719.875193
CELLSIZE 27.603701
NODATA_VALUE NaN
[rows 92 to 114 of 192, columns 53 to 105 of 155]
26.7050720158 26.1567353912 26.0687388823 28.9880715793 27.5507447014 29.2163138401 27.3024799057 27.3135658697 25.542167323 25.3881098241 25.019226763 25.6976753796 25.041206444 26.1610638918 25.4768103349 27.6934446073 25.7769479894 26.356504837 25.1919287047 27.5725347656 28.8559196249 27.3624460891 26.8783712089 27.7647897055 26.3092870216 25.8045742179 26.4738678591 28.8585395545 28.9076902002 28.7089545299 25.8764843484 26.5574375306 26.1148956252 25.7334351295 27.0766813364 26.2470570635 28.8793994063 27.34135144 27.666352894 27.4076522407 26.728542209 29.0131926518 26.4758884631 28.886347778 27.2403892392 26.5373470522 26.1929564526 27.5401559022 28.7589765716 27.9080508472 25.964400506 26.2362859348 28.3631291955
28.7995409382 29.0666241975 27.6439219728 27.3169052474 29.1969903963 28.9966213497 27.4989967924 25.0098009069 26.7400990963 26.7510366388 25.7718543776 27.336883145 27.2044802405 26.3635395354 27.9869925694 25.0290546761 28.7216879072 28.9872861492 27.3370730705 26.7516665212 25.8868665083 25.2610982458 27.510395118 27.7004792735 27.196980208 25.780716651 26.1524760709 28.7026453117 25.1695305747 26.8233626224 29.0313460356 29.0688002092 27.6009626082 29.2188867331 27.0847205509 27.9552599411 27.1042694904 25.5103519378 27.0724941475 26.0220573 27.5718656007 27.7527021474 26.2327590475 26.4969893224 26.2595008562 28.0747647026 26.7819691091 26.9562402324 29.0124966878 27.4068399931 28.3318290241 26.966411044 25.6438505511
25.7176687934 28.2794346712 26.9778098417 27.7439685333 26.5091011219 28.6718348103 27.6816378826 29.15805311 25.0545792608 28.0198153996 26.4339072159 26.8807385634 29.0079181494 26.6738180283 25.2261465531 27.6343839022 26.356987829 26.31682204 28.3769463666 27.2500128727 28.4185034086 29.2125921252 26.2209591822 25.0593260612 28.3829376838 25.5493731157 28.8493837108 27.6262282763 25.9318609492 29.211567685 27.7670992069 27.4157581164 25.6240555288 28.8525111294 27.3761875019 27.7148368889 27.7606426866 28.9557864207 26.7752228561 25.948829237 26.8628119598 28.3801503584 27.7117117705 27.2127844329 28.5371731557 27.7533115261 28.6545001582 27.422437939 25.5369274718 26.2110551506 25.6907458207 28.2210138622 25.4478048572
25.8315183645 28.3739541903 28.7174696449 25.3474297917 27.6091670915 25.4781525291 27.5034727818 25.6762183326 27.9641662758 25.2152336613 28.8293116979 26.3660696574 25.1295354193 26.3559401019 25.5419683195 27.4055529534 26.5492572613 28.2336097978 28.23110531 26.8710244291 26.8460317278 26.2348210792 27.7594853214 28.9390679094 28.9392008767 29.1344328865 27.5211307577 26.9875236281 27.3685685584 27.7487197819 28.4447111649 26.0407692796 28.0673432391 25.09735185 27.4279833225 26.6165295122 26.8487194293 28.8825667844 27.6346190348 27.3768132962 28.4077592004 28.7045821905 27.1799710026 27.3571637959 27.5381475449 26.614609155 29.132216572 25.1844970597 26.60660083 26.5429676555 25.3264009884 57.6260213563 28.7689380021
28.1693079003 25.2992037975 26.5502526732 25.1771599708 25.4801072074 28.437244837 29.1861961331 25.551466477 28.7591597343 26.4627419459 28.3377223301 26.0202415066 25.4884097452 28.7262113629 27.525287259 25.1500551826 26.2583708533 27.8808150967 25.8625610333 27.341378263 26.3566980846 28.9991949023 27.1195257467 28.6951796465 25.9601698174 25.0794687989 25.8452858901 27.3717678946 26.1203836927 28.0381585342 26.608947972 27.2895241305 25.7645246447 26.0979851446 28.4109789526 25.3474518986 28.4276874159 38.5015998656 29.0692829494 28.7356262911 52.9056188112 26.924493149 43.0099026185 26.8538204299 28.1075863347 46.8417641465 27.7005491493 25.8980297706 77.9625263931 77.9625263931 57.6260213563 57.6260213563 28.4366518533
25.189027783 25.3874100399 28.3794971221 26.1541926083 25.0821820578 27.5037430346 28.8498199038 27.0755221998 28.8914951125 27.555855483 25.7795998299 28.8201108721 26.9293309438 25.6022914134 26.7989679421 25.9840075961 27.1128658204 28.9924786186 27.6907521142 29.1779192263 27.8401939852 28.4745656209 28.9695204159 27.1616473765 25.7093153949 61.2514763809 27.0644990289 51.5617528268 25.2167738815 29.0734381903 25.2616563093 26.5587537704 28.2789097189 28.6618654001 28.7210709278 26.8466102667 28.8780952134 26.8228551199 27.91596826 52.9056188112 52.9056188112 52.9056188112 27.5783267485 43.0099026185 25.6819311119 25.4602756021 26.2145712062 26.0330067681 25.7658915272 77.9625263931 57.6260213563 57.6260213563 26.8593522543
29.2409089294 61.5383659922 25.1801579985 28.2326469677 25.4102364337 26.3589560191 26.5600143501 27.0631718474 26.4783572179 26.2442670641 26.3965279291 27.8747012097 26.878277601 28.2649780988 25.4223563614 29.0056935128 27.2454897324 27.9873965905 28.3036259114 27.2945420968 25.4074698294 27.2509014948 28.6051324474 28.2478749495 26.3381037462 61.2514763809 61.2514763809 51.5617528268 51.5617528268 25.4380394014 26.5342645932 28.6671902337 25.6409218957 26.4282437436 25.0340739608 39.2899544121 29.1774159615 26.0723337649 27.5426543511 28.1036772789 52.9056188112 26.7127862259 43.0099026185 28.8262339799 28.7915356792 27.1344303895 27.1306435167 27.9847149456 28.8437176335 77.9625263931 27.4621223718 57.6260213563 26.7627912883
27.2013259286 61.5383659922 28.5943553987 28.5211921416 26.8082760664 25.0632116269 28.495391957 26.2387014376 29.204232528 27.5263029854 25.0569634533 28.064701339 27.1889028363 26.8114383927 27.0111726917 27.9946560157 27.7670437962 27.670062771 28.6811715911 27.5106687169 26.5446369541 27.5126105874 26.6714940083 28.2210280342 25.0100570511 61.2514763809 26.5492283978 26.5266519675 26.8059155323 28.3815662985 28.9986122271 29.2268269111 26.2844844085 28.2993226154 26.2039064475 26.3832048781 25.9535987389 27.4023275799 25.1077514318 27.2025460186 28.5902376955 29.0874328023 26.2327307001 25.019836566 26.9476431014 25.2733127741 27.2120977567 29.0534836242 28.10417361 28.2027067372 28.2026949202 27.1493170814 25.4008571302
27.4098819168 28.7825026218 26.3102524249 27.8077604075 27.1780556674 26.2263637682 27.7618176525 28.5889207662 26.9078491509 26.5530066359 27.8509027639 26.7045040849 29.1294051015 27.4346726745 27.9245561839 26.7330326402 27.335493821 25.119031184 26.3111630499 26.0082422454 25.1131258899 26.9369934411 25.7796546368 26.3712918218 25.9578146909 27.5835671341 26.3775645413 27.1416534759 27.5376931843 26.6524502927 27.4248487167 28.3081924057 29.1095700069 29.194382935 26.4333516952 28.623799263 26.8936208187 26.7338892099 58.4222554518 58.4222554518 58.4222554518 25.6988321235 26.7789418001 27.5939598454 27.5997045678 26.1499296778 28.2637584455 25.2851333097 26.1676049859 28.2339673023 27.3145593571 28.2618259043 27.6798045233
29.0183676713 27.5401336859 28.713281452 28.6738862782 25.5198816024 25.1985799774 27.2143268123 26.4752518963 29.0083317218 28.8052602543 28.0639577894 28.2161143359 25.5982537945 28.2873052039 27.9824330683 26.7516748733 25.6277614984 27.8864826181 25.1452849442 27.1737244185 28.4743095701 27.7400595435 26.9910615804 28.89408807 28.375770497 25.602214474 28.0087577574 26.0611353148 25.387760996 25.6465079746 29.0257441464 25.5282032945 28.3678910643 28.7382317206 27.9527498941 27.1773003682 27.6789802193 26.3452980549 58.4222554518 58.4222554518 26.2210401251 28.1336151324 25.8880780468 27.47407947 25.0449112424 27.1881603846 29.2154576729 25.5797029134 27.9150403314 27.7781695552 26.83961761 28.2206862972 28.6532415718
25.4716675805 28.082169681 25.1681373701 28.4806782731 26.9052799928 27.0704617647 29.1163985677 25.7304796 28.8076188369 27.2802300821 27.5964389981 28.7873329126 27.5098067392 26.5617106992 25.1358178661 26.398256636 28.541658563 27.1404168114 26.0114387448 26.4948517146 27.5146155749 28.7546686997 25.6498824682 26.8566108233 25.2998556137 28.0335464319 28.3100068318 26.7352222456 25.0197726132 25.8056561189 26.1108826084 28.4900411222 27.6276943969 25.7178920625 25.4574423771 28.4126954753 27.3329474371 28.7458234141 27.5120126691 26.0786142268 28.3101508341 27.2055155986 27.4698997185 25.0395224561 28.3571146077 27.6090613376 28.8845842762 25.3062285954 29.1345172235 28.4965032396 29.0793799427 27.1172167962 27.1201376946
27.8901519604 25.5621560871 25.4246016509 25.8878687115 25.3889136473 29.1528701518 25.7423410428 27.9933570365 27.1450835163 28.0465875255 26.268213994 29.0737218621 26.5043703368 26.5215215615 28.767640834 26.0128832678 26.7991744872 27.3297563695 28.5503827003 28.7689061926 27.2387030028 28.875697169 27.4439771404 27.1330828864 27.2814595876 26.435144626 25.7111181438 27.3636799561 26.2060183717 26.1069101897 26.4526468607 28.7851529652 28.5012896801 27.5784900223 25.4550551109 28.2717535332 29.2167077252 25.6344228614 28.4981185944 28.851201496 25.1850474307 28.634561632 29.236170191 28.2293383466 28.842347199 26.7773443518 26.1682049673 27.3333016587 26.3687679057 26.0008903181 28.4193827239 25.9453833908 27.0847719611
26.0750376098 27.669552789 29.0246803102 29.1893460107 25.6270231669 26.137736261 28.0523283227 26.8110623022 26.3649046773 28.6485231752 26.9540076353 28.7707521386 28.3193393359 26.6821052125 25.0281983418 27.5960443911 27.8378784171 29.1766351266 25.3260404219 28.5507461708 28.305771153 28.2818066595 27.6833399359 26.5086341328 27.6117339158 28.8307112691 27.4615877614 27.3838557221 25.8824789284 28.2644913815 25.2728665176 28.6188382967 26.9741168247 28.8995409027 29.0642499328 25.3817938123 25.6229488358 27.4524552976 49.0783749457 27.0780254252 49.0783749457 26.8755500353 27.274810498 26.8386775729 28.7189119207 69.5580219716 25.2223852209 28.8153769217 27.4482671441 25.042997579 25.8972438804 27.2403216776 28.2464627478
26.2920499564 28.1512654529 25.9929239979 28.0052379968 27.6840091664 28.7251401605 25.0003944349 28.1110939907 25.8692110102 28.039274897 28.5906554855 28.3833224552 26.2729520741 29.2351489364 28.6124684581 25.3621326166 25.8553391757 28.6444171107 27.2686500848 26.6993840368 26.5215618192 26.1721632674 25.5170268351 28.5099715381 27.1833969948 27.8879697737 25.9629980784 27.2346080765 25.8405971089 29.2081700516 28.2696475111 26.7264580696 28.3821103254 25.7991382677 26.1934268578 29.2281981915 27.4994593583 27.5552992468 27.0326204348 49.0783749457 27.6619369679 26.5434210376 27.4226225332 25.2744086251 25.5435635797 27.3100578914 69.5275018042 69.5275018042 26.3094902567 28.9654673812 25.3204742042 25.773476011 27.1055125023
28.5406114223 28.7735477674 27.2881092864 26.0298790889 26.7126382018 25.5925393544 28.8278954905 26.479581468 25.6834130691 25.5347389938 27.5889844928 29.0008847049 25.8467128808 26.8969465878 26.1732503494 28.6907705078 26.8641493654 29.06705224 28.6946596862 26.6076950053 28.5218748006 28.8778393161 28.9608322293 41.1652102234 41.1652102234 46.1088668895 27.1228390941 26.2817724077 28.5724045462 74.0034210474 28.4167957023 25.6066653408 28.0648293835 25.8212259499 25.7234039889 25.763063063 25.3866398332 25.5699296941 45.31705685 45.31705685 28.6878976281 29.1041143171 28.1117350656 29.0223927163 69.5580219716 69.5580219716 69.5275018042 69.5275018042 25.2689125011 25.1233751066 25.3042546758 26.9629562154 28.8876404447
28.1848114929 26.4302889964 26.5572533943 25.2746401109 27.8654360064 25.5302225806 26.5467279281 27.2853156455 26.9366179552 27.0851556066 26.2514771482 25.5708304469 25.2259991878 26.4449027821 25.694968052 27.528989583 26.4987922629 29.1199623656 26.0146305061 27.3778826314 28.5454397137 26.4476575093 27.3320570869 41.1652102234 41.1652102234 41.1652102234 26.4399274712 29.09416544 74.0034210474 74.0034210474 74.0034210474 25.8878953621 26.39709261 28.0098979568 25.0547314341 26.117072322 25.4960021358 26.3357491821 27.0938211448 27.8938356781 26.0123594196 25.1904475457 26.7562783938 26.5309238081 27.9130515024 25.5894125881 25.8532796938 27.610264503 26.4644810423 27.7328066155 27.5659950747 25.9475930367 29.193992129
26.3848610198 28.8559651226 25.8556040418 27.328954298 28.3840918364 26.7572934987 27.5482692569 29.0877380985 25.134382173 25.1584543148 27.3365455961 27.7960351632 29.1590858864 25.3321255782 26.0627591324 26.5252652727 26.2409494692 27.4889593865 25.1686310787 28.3912708577 27.9714151866 28.5822646587 25.3950702037 53.1810021722 41.1652102234 26.3325179401 26.6705812521 27.1991506547 27.2534794476 74.0034210474 28.0673057195 26.9688582857 26.782882805 28.2400882905 28.5838019787 27.3195403409 27.2254325974 26.4969137119 25.055008422 27.8982843763 26.3448876434 25.9403094363 26.5364328387 27.3789087823 29.0602170261 27.6219448896 28.8494432938 28.8524163883 26.3324057954 26.8415566556 28.3077245172 29.1768178289 28.1426737772
27.6082633695 25.9605016271 27.5589811384 28.4922677783 26.5560340876 28.7316457298 27.9699596942 25.3091916022 28.6637056688 27.6233296419 25.9966087914 29.1290911561 26.2441276968 26.8604303783 26.2015318767 29.1001442549 28.8978347803 25.920655824 27.646339693 28.5143333893 25.7935585461 25.2508678657 28.890403356 64.315130577 64.315130577 64.315130577 25.0746550947 25.0791283221 27.3343509987 26.6156037222 26.9199693822 25.8898775761 25.6212091883 25.5019527754 28.3755757061 26.9861274497 29.0635825318 25.9509487393 26.9045726479 27.786872595 25.9597937225 25.3905371861 25.8093682018 28.8972813349 27.3751626866 29.0155575014 26.4865639375 25.6806380492 27.3129905158 28.1447477979 28.5689075816 28.4653182966 27.3061041797
26.4453293229 26.709815627 25.6010592593 29.0182740284 27.0910921654 28.1268467365 26.5675457796 26.8661948044 26.3043842324 27.0126834413 26.7075826565 26.1606786323 25.3779908886 27.0275544487 25.3199048732 27.3585643239 25.3787394009 27.7354894254 29.0259973025 26.2516383758 26.8256153891 27.7582962366 27.9456289619 25.3479977082 25.5350535642 26.5546051155 27.7392600232 28.6972517965 28.1204195161 26.2037854224 27.7220860082 27.4859297232 27.4277340603 25.1922231638 26.7667017264 25.9948786048 27.9905649854 25.5926477972 26.4109747352 25.606506874 28.603806635 27.2341697601 26.9638012188 25.6781146333 27.2600023518 27.2457603312 25.4375614947 27.1886892858 26.8759186049 26.0819948235 28.7512524462 26.9639771293 27.7688355792
28.0340430344 29.1151379066 26.3362383124 25.475905093 25.1105331775 28.022441517 27.6919758447 28.9014127048 25.8248299687 27.273527433 28.3045959752 28.8361631695 28.9946758232 26.2156711909 27.6920071138 27.8469982613 26.1974927438 26.6441608243 26.0015332582 29.20532667 26.9317425163 27.5864070202 27.7355020275 27.4269626215 54.1424387632 25.9961756343 28.510418738 28.6946196687 28.1717357564 26.9849999271 28.5720920662 28.8853737463 25.046075039 28.226200185 27.4764029781 28.8013651172 28.0064731604 26.9792935032 27.0331283349 25.568177879 27.1546293038 27.8874073325 28.5163249572 27.5738303642 25.4714696689 26.9622865426 28.5092058464 27.5708791454 25.2061048228 25.1661894223 28.1063078852 26.4456538167 26.1107528754
25.1514462062 25.686986452 25.5811339646 28.6353382492 25.2744185395 27.8775650567 26.8299037985 28.1257782874 27.3968011401 28.8442096206 25.1472617435 26.9616457047 26.5671211576 27.3421205209 27.3658997929 26.6293548632 27.8355843431 27.689593334 27.4654034495 27.3353853535 26.6588346035 27.0065327643 26.898419832 28.7203807665 26.5068804532 26.407010364 25.6427205455 28.7782237916 26.8428894267 28.3453308065 25.448742995 25.7800005492 26.819241707 25.0807858763 25.7120879279 29.1597756703 28.9832362218 25.2713004306 25.837597896 25.3509573653 27.527656452 26.0654190909 25.2149448766 25.1705209499 28.6768152421 27.966175925 29.1053514506 27.0884167171 26.7792714663 28.4171046528 28.4077492034 25.6494096386 28.7107834937
26.0760118612 25.3589732433 26.5154500039 25.6780736275 27.7000557878 27.1603544213 26.2255877986 25.3425545908 27.978080476 26.2230987061 27.5863264732 28.9071869283 25.1964825227 28.5115835418 26.1742133884 28.5614995616 25.9765760517 25.7396689358 27.9258882859 25.4548887749 26.0914802316 26.7556658797 43.591928725 26.4958556286 28.1953083128 28.2665660938 25.3273068571 25.9411322172 25.3029208582 25.564762401 26.4100305644 28.6798598436 28.9474602448 25.1969794748 25.2576210683 27.526880723 28.8123657056 26.8811243341 26.899956389 25.6195765947 27.5375802401 25.7404370332 26.6523614217 26.6470241965 25.4634729608 25.8911914676 25.9613155122 27.5452330204 27.8593343354 27.818398678 25.4106599469 28.8345999852 27.7282184121
25.508328043 26.9814343797 25.4981292208 27.5618133733 26.3773951755 27.6988650748 27.7156950035 26.8422941626 38.9279750927 38.9279750927 25.282676978 25.5551162503 26.1762912333 26.1525128201 26.262179371 28.0729704203 27.6572950338 64.2728588698 64.2728588698 65.5049916649 26.741713823 25.9469732798 26.8754614863 26.5210706508 28.5842439498 25.9318094257 26.1812642968 25.2118250084 28.4073177164 55.436283643 28.8921255085 27.8507492209 27.1899193662 28.1671774627 25.2321801993 28.3397190598 26.0212453382 25.2979692503 28.2035863135 25.2030994762 53.0056950991 29.1370883822 26.7247685687 25.6279296535 29.2379390123 27.2385779354 28.5991459468 27.8610161037 27.3087757018 26.9002142651 27.0402252956 27.2696828295 25.9122028737
