Spatial_Output/90% DEC/90DEC_0769.asc
NCOLS 155
NROWS 192
XLLCORNER 196769.923733
YLLCORNER 449719.875193
CELLSIZE 27.603701
NODATA_VALUE NaN
[rows 46 to 68 of 192, columns 0 to 52 of 155]
26.48846859 24.9485660054 24.5105725081 26.1062789967 26.0249650088 23.2341928836 24.9654483858 26.4595785267 26.4134731485 26.521126384 25.700697823 23.7026831421 26.9056831873 25.0283930687 26.5914861613 25.6184907731 25.2578472114 23.0405700816 24.461041721 23.9225388213 23.1910243677 24.9634850849 24.931491667 23.4351762132 25.8646475515 25.3759512118 27.193267548 23.7455488613 25.2091658782 23.8541657024 23.4010259817 26.4816019948 23.6691304546 24.9610156803 24.0867692177 25.1738291518 24.3639123499 23.9144551357 26.6355669642 26.3955120927 27.1688061777 24.5256788228 26.0107819944 23.9668409157 27.1119223142 26.6217139392 23.4871863164 26.145087361 24.0430966465 24.5025037427 23.4796558355 26.0357506479 24.7349923009
24.6132326305 25.1065385163 26.2137894873 26.8926539817 25.7331353243 25.763417186 24.4027713158 23.1823025141 26.9823164463 26.4083615953 25.5789185228 24.4227649317 24.2003493225 23.4817041028 26.5558038792 23.4293876908 26.6469303887 24.3882762938 24.9905592848 23.3224937082 24.0264803526 23.8609019989 23.1422949974 23.1212511501 26.2449749201 23.3978963218 25.2341179702 24.5544113772 25.4413440034 25.9796150538 23.3484056321 26.4720909548 26.8454544677 26.1401811884 25.0845199989 24.0677947282 23.9661590667 26.7482638062 23.2351120254 23.9995557023 23.8938391792 26.7955186347 24.2912208872 25.8646017182 24.1653131848 25.1850669199 24.3789235046 24.5349431298 25.4045801135 27.0460675493 26.2142836573 23.9564768753 27.0328017185
26.097829149 26.4024982604 26.0487783312 27.0106429205 24.4305045932 23.7765776889 26.972110401 23.1268713858 26.0463325248 25.3476264047 26.3106191062 26.2406248279 25.5626781961 23.8027884765 26.5576113108 25.7021860026 23.438878193 24.1861077559 25.1799351023 24.6921021773 25.9557784882 25.0961095971 23.8447020932 23.7509429093 26.3593416679 23.0900016871 25.6962690645 24.5129931722 25.6239559683 23.2695230619 26.5997021679 26.1329175298 24.3935236009 23.5198998076 25.9195173157 26.8175715631 25.5525879132 26.3262281928 27.0316487958 26.5602961762 26.422056892 23.7148335518 27.0693277421 25.2925523985 26.1908014491 23.9224232385 25.2697845953 23.6476566067 24.5117150669 25.7368814339 25.519013197 25.7005969134 23.8843518753
23.204419449 26.6558800963 25.0740486621 24.0217094718 26.0362665254 23.1151863485 23.3936883607 23.0292535799 23.605333885 24.1713733351 25.1789390336 23.1356450222 25.8088771362 26.7594148303 23.9694791073 24.6110727912 23.1049157109 25.5043287062 23.7503035404 26.1762779335 23.0905006389 26.5196084459 26.6866993759 26.0105815652 25.2392802178 26.6578633422 26.6441545135 26.142095865 26.9085652798 23.0496444831 23.9431688568 23.1012856817 23.7335419034 26.1762170864 23.4880583257 25.8445659091 26.4725249649 23.4705652698 24.5262124624 23.9953650933 23.4178692382 24.3186460436 23.3834906099 25.630154979 24.0500808777 23.9209868324 27.1670276985 23.385544089 24.1585160078 23.0832373121 25.7935117378 24.4534887648 27.0228784857
23.6703984763 24.7914438701 23.1597963459 23.7066599214 24.6919989591 23.7210120828 25.3406575428 26.3494621589 23.2789334046 26.6178762413 26.1996530669 24.4083343431 23.5399613391 23.5665604205 24.6023681316 26.0269099261 26.6478706019 24.7733699136 27.1323229631 26.4556352411 26.3335780643 24.1705408518 27.1901995673 26.831587848 23.860432973 23.3870759723 24.6297814629 24.9557178561 25.9232305985 23.1949287185 25.5920264811 25.7582371998 23.1956417072 24.089180981 23.7502485906 23.7192275531 25.7442591308 26.6102134456 25.2598389094 23.093012326 23.4593933466 25.1160504716 24.4531520611 24.7125314958 24.184976386 24.8612571434 25.1095364311 23.6667903712 23.395934971 25.209320533 26.3912749665 25.6689774547 27.0591391483
26.0134034204 25.9507627393 25.2482929468 23.1250695715 23.7058485611 23.4917857612 26.3403222131 24.2915919694 26.3728083605 26.0463432643 26.9702324157 23.5370067175 23.0610883417 23.2445413007 23.398217347 24.7366989914 24.1663537841 23.4612044906 25.9205745575 27.0632768169 27.0345439457 25.2206032468 23.4927627824 23.0814216004 26.3924616836 23.2717553114 25.2583929093 25.2282983179 25.4605083286 26.7987400145 25.9906973369 26.6433175816 24.1863931556 25.2416994663 26.9630973436 24.3539759887 24.0751873384 24.2653437907 25.4875530803 25.9863459639 26.9718759651 25.7672865851 23.2218828183 23.037220918 24.9349160149 27.2371644501 23.9360104458 24.4155791053 23.7581569493 26.1376404085 23.253614191 25.5218850265 27.0501377392
24.1064590839 25.670067466 24.6203121538 23.0314785475 25.5488142181 23.193788127 23.3788219733 24.8519899804 23.4662902115 25.5080973635 25.2223436157 26.7011310725 24.9749975648 26.6954334918 24.2107468831 23.0410909159 23.2722148389 26.4732273667 24.5795924977 26.9268128075 25.80736418 25.641562386 25.8914075203 26.9713119707 27.0567706147 24.7971193879 24.4926308619 25.117381011 26.0342873778 23.0038612372 24.5721410655 23.3899856969 25.9212098598 23.2725772864 24.2789361978 26.8410762913 23.4514622586 26.6034719934 23.845925139 25.4415214538 25.977609753 25.5049907704 25.4746861718 25.7627867506 25.453592133 23.8298018156 23.7874814699 24.1132746127 23.3735418743 26.0422915268 24.2730776552 25.6838281826 26.9550365178
26.5900930602 24.4448141603 26.654510951 26.2354063096 25.669365666 25.8673939539 26.2568338299 23.3114457544 23.3245386596 23.7165527615 25.1946079884 25.9878300348 24.3272401071 26.4059979877 24.4868531058 23.1431455136 24.2215549101 23.5399382852 24.6832810472 24.4135774054 27.0083902023 24.2481622195 24.688713755 26.3764897485 27.121012439 25.9627830581 24.4270451796 23.2886334739 26.6798872393 27.0087481011 23.2068427215 27.0426693475 24.0992834835 23.539854363 26.4541118774 23.9636203899 24.0359789632 27.1822295039 25.0853254623 24.7837778665 24.5840833412 23.1865572003 26.4982242297 23.9144972189 24.7104076046 27.0102950319 23.9804799032 23.9399691165 23.4099606309 24.6945236934 24.036070219 25.8751638577 23.5378701839
27.1506056703 24.3670291078 23.4174795884 26.4824995834 23.4500743912 23.6975690384 26.0436002233 26.5866178911 23.7564751315 24.658634387 25.1227085008 23.4284724532 26.4779859549 25.4223081493 26.1767547609 26.2650564571 25.1304313145 25.9140067183 25.0518486609 25.278800265 26.1886271161 24.4313349629 23.1020967124 23.2525508948 26.9956965054 25.4316980347 24.9560308267 26.9301952433 25.9857396348 23.3869690373 25.0390166242 26.7873634546 24.894748688 24.6995254662 25.9003028703 26.7917161962 26.8816516051 26.0184621589 26.829898517 23.8062614422 23.9743102617 27.0198910565 25.3313323567 26.5849076784 23.7553616827 23.8047359626 27.07718397 23.1860691301 24.5543356475 23.1547966316 23.6561068075 23.2035744854 25.8981580918
23.7655966923 26.702018618 23.9974149308 25.9585680421 23.7796155661 24.559735542 25.297065205 24.0143257878 27.077919553 23.3741487834 26.8725629817 26.0168534086 23.2181797576 24.3258461881 23.5360360846 26.4335116194 25.8877288659 23.9399066205 24.2055393896 25.4105282195 27.2127549673 25.9510174694 26.1131484654 26.7223739206 26.6741239497 24.9905513885 23.5335118628 25.1318811465 25.0130547555 23.2758390663 24.6478981085 25.0209575706 25.4820127549 25.4221781981 23.4158219624 27.1586416618 26.8448766569 25.8574996433 23.6653722981 24.5124281055 24.965051237 26.5526483261 26.4816770615 25.7837606704 27.0310225973 25.5778756922 23.4914847987 27.1856073433 24.8158636131 24.6549783316 26.759851435 24.700873007 26.1937537721
23.6842165266 24.1679768906 24.6737513376 24.4688450845 23.7782559774 25.7337090356 26.845122455 27.0374394823 26.121100561 26.6782630372 23.4037084737 24.8015347697 25.4094460454 24.735606207 25.6400861734 26.3764082951 26.9651603058 25.5931367188 25.1493019283 26.1578033629 23.7269376258 27.1706091491 26.8761059818 27.1795885107 25.9817052442 25.7760095492 25.5343925218 24.5549065745 23.4783693808 25.1400783992 24.3604527849 25.0263858842 24.8139680247 25.0773402445 24.9287676476 25.2427257282 26.8729741256 24.8988326046 25.8398172757 25.1592459648 25.5639098342 24.5486296572 24.7900700134 26.3234368676 24.890250516 23.0649725741 24.5077488026 23.8058261445 25.283855443 25.1904483927 23.9121047301 23.786508761 26.0666345557
26.697012616 25.5141844535 26.3854348761 26.1330865582 23.1067529136 23.7296462607 24.9637752742 23.2614502197 23.4538063205 23.8158942221 26.4692960103 24.3694631034 25.1648526003 26.7033489017 24.0804588173 24.8276502275 23.5732935778 25.1926034114 26.0649445763 26.724146469 23.653456736 23.7165939556 25.7722153187 23.2704209701 24.456310862 26.1940498918 26.9335618052 23.2609058242 26.0748244774 23.6037987982 24.1037522816 23.293194985 25.2811994402 27.198817141 26.7634165467 23.2583845577 24.590537975 24.6373082812 23.9839335187 25.5488975882 23.2836308668 26.0769414617 26.411783675 26.9440518146 26.8379453553 24.352450519 23.1349502799 24.4175008146 25.9122760131 24.0087675142 25.9383069707 23.23182064 27.1077079118
26.0409363117 24.3937400901 24.971407156 24.8062535542 24.5520517734 26.0147842533 26.8398948008 26.9547223311 24.0713516082 23.8227212683 25.6914572013 23.0293277483 23.2013286063 26.8179790805 24.9623075833 26.8829979291 25.3154790819 25.3147158089 24.4461880111 25.7859301082 23.0140023275 24.5940240952 24.404378239 24.1156648077 27.0783401241 27.0073762517 24.604403593 24.8203817375 26.0831059493 23.6882334888 24.3700676313 26.8320428664 26.6120605481 25.510950025 25.7318191303 27.1274751485 27.0436825215 25.2848736899 24.2302843892 23.3142183684 23.0671554105 26.9580949093 27.1391994885 24.7054602606 23.1581092093 26.2815091928 24.9704481046 24.403594414 23.4048649447 25.9849754831 23.6380227438 23.0860450823 27.0235104834
25.8270634323 25.2897669656 25.3617187682 25.0099841179 23.0054849802 24.539167361 26.1081706736 25.6971206211 24.583282797 26.5589963678 23.1534377751 24.2085890792 26.444952106 27.071409941 23.2205628914 26.7894703188 24.7410944468 25.9111880673 25.7440477297 25.7050122127 24.3284699085 23.4103545908 25.5235386504 23.7327578002 23.0384962731 25.6505009533 24.4953117688 24.8262941496 26.9819165757 27.1692632572 23.553346248 25.2435371986 25.7980312545 24.935719459 23.3603760593 26.9067314662 25.1584894233 23.8993542332 26.5249455991 23.391139958 23.1598865866 25.0247081117 25.2059562831 25.3357949421 23.7305628515 24.5785764108 23.0189689825 24.5912198751 27.1548163812 26.2040257709 24.2941291815 24.2973742819 24.6786853024
25.3498064746 23.8121407812 25.2179526661 23.6498206234 26.9727191825 26.3543441532 23.1368068141 23.2603906896 27.0744232292 27.0488258731 27.2067602326 24.7700900835 24.0365821614 25.6967931516 24.3644210514 25.6446063035 24.758525109 25.7570625749 25.719983082 26.2940265676 25.4924597634 23.2569604258 23.7501313111 25.1132389466 24.6880681456 24.5346388495 24.0911371598 26.0320201466 25.6881945285 23.9130990628 25.3407483086 24.6753623855 25.3208394525 26.3726089344 25.2614048138 23.3103865353 25.6341706159 23.8832065002 26.3152796305 23.9999201213 23.5130674636 25.488426154 24.7214762085 25.317110743 24.013123207 26.1014222189 27.199582831 24.0474957358 24.982636213 24.8395367095 25.7538394675 26.2083756825 27.0825035185
25.7149267147 25.304589772 25.1852793636 25.6934058154 25.2515274362 24.396064048 24.2803694821 25.2130155863 24.7000033216 25.0998546685 25.7421893205 26.3786823073 26.992972712 26.2439129607 26.7750919148 23.42070611 25.2752107739 23.6747161572 24.1618494002 26.4282123895 25.1644548735 25.2433828252 25.6423419767 23.0627986193 27.0866534215 25.8765671776 24.1609565517 26.141022276 25.0166943409 24.1776188734 25.5423549033 25.3636500322 26.3873540357 23.0213344597 24.4662863815 24.4592697488 25.3903112478 26.1580191379 24.5763097801 26.9249965233 24.689412563 26.8649536755 23.8969710428 27.234036748 24.4127920279 26.8431531934 26.6550119374 24.2082040032 23.655644793 23.0167192361 26.0909444141 25.1381251894 24.8569559836
23.0524812229 23.6743069013 27.1580526414 25.621027428 25.8230158229 24.7742437639 25.6703204144 25.5189406788 26.7477433934 26.013614649 23.9844224411 25.0446613476 23.5194454308 25.6607385317 24.309571289 24.3396555379 24.9931694057 26.6703390294 24.4954372138 23.6264750791 24.2135794838 23.7033371425 23.0316883981 23.5586613785 23.7898328156 23.1927777466 24.2919995505 25.7563702979 24.2587196994 25.9449458485 24.1903714377 25.9883211867 25.3607698932 26.2169227106 24.5141968013 24.0399234014 27.1345564415 26.9841562815 24.7314514296 23.4164440144 24.0968974508 27.2027986952 24.0876683221 24.036064968 24.3162701107 25.7291383887 26.4713483512 27.0932423037 26.4852554871 26.0860240469 25.3060711566 26.570495135 25.5659048951
27.2222280422 26.0599323926 23.5192783291 24.1565517258 23.6253438521 25.2974811641 25.3287088294 25.3716023759 24.0317821714 25.9694624454 24.1335927757 26.4117859945 23.6647847371 24.6469317283 23.5028401005 27.1418927919 26.9298056584 23.6368193446 25.3573503571 24.5142745084 26.1256523792 25.3334423018 26.6912082124 26.109095183 25.1027120741 24.2092939773 27.0402408887 25.9525618975 23.604930482 23.2247930614 27.0840014501 24.1015969977 25.0373683821 24.804077082 24.6763442088 24.0717170437 25.2805275043 25.8911596068 23.2598671083 23.2246850541 27.2347204526 26.4338671161 23.8749462678 23.1128027621 26.9771500478 24.2948870613 24.1743788388 23.6861991131 25.1505023976 24.7380573093 24.1618938235 23.7158174083 24.9534724968
26.7312861271 26.6440070824 25.5722776775 23.7888466995 27.2235734554 26.8730318233 24.7211687468 25.42925758 23.4981874611 23.4333176373 24.6478624973 26.0938910012 27.0503227295 26.9002685909 24.3197048353 25.1034875093 23.0917455671 23.605397276 26.6112960037 23.5328939034 25.1386239587 25.2144660401 24.412471075 23.3175841828 26.1444220727 24.7053326559 25.0600381891 26.5358237348 23.4212654202 25.084912245 23.6629939586 27.0806213475 24.5179963139 23.2472710733 23.2432273336 23.4455317505 26.0658812732 26.3444117309 24.5634867986 26.3064513505 25.5001339468 27.0829441599 27.1628920944 25.6090324415 25.8204999563 26.2929084588 23.2396700184 23.6730346168 26.0846775453 24.4810057191 24.7004187597 23.2407458533 26.1123645318
26.5453499369 23.0865759944 24.834032059 26.300787747 24.0819928895 26.8661785903 24.0490229407 25.3602971407 25.6524928314 26.1140374592 26.9882675148 25.8262813402 25.1616671547 26.9319934114 26.1486656604 27.0190276255 25.88399751 25.4510741045 26.1426030651 24.8509849995 24.2448488032 26.0736260076 25.0200933212 25.6152658665 24.4307376347 23.9869841044 24.6072155917 25.7988377336 24.5576638696 24.6688646583 25.2550685371 26.2932708346 23.0915977593 24.9123231587 26.630133332 23.9518823292 23.0924602486 26.5091592483 23.9577720131 26.1792845465 27.0699875269 25.2235970694 24.2864445113 25.3990927842 26.8696831139 26.1264377336 24.0212016567 24.5094517533 23.0005934048 24.1307822082 24.0355233949 25.5951709422 26.8078119466
26.592738864 23.9689354629 26.1444674918 23.596538049 25.684242217 24.539473869 23.0618898971 24.6282441697 23.3985878405 23.3913873668 25.174241249 24.3885173534 23.1841782065 26.7219525673 25.758009113 25.0567663122 25.9168093433 26.764810199 26.5564795112 23.3412173674 24.4525111937 23.005257643 25.6468838471 26.4522971188 23.100495894 26.792920378 27.0065208555 25.7758401348 25.5442232344 26.3242168337 25.0210064108 26.936585929 23.4438130257 25.2592785345 23.9594372438 23.9267141586 23.1864195889 23.8081999898 23.3441357874 26.365192561 26.3882544299 26.4812150102 25.4731669509 26.2287352988 23.0025788472 25.3564023381 25.6832264838 25.0771792382 27.2347177686 23.9951015753 24.1659274922 24.5847496973 25.5264141505
23.2888150019 23.7651726085 23.9582022887 27.064201623 25.6316882835 24.6152514895 24.2363945177 23.243276015 26.8039403517 26.3381390056 26.5236096716 26.6595009537 25.6129544605 24.7510236088 25.2490041953 27.032630019 26.0862126227 26.6403176385 25.3353541729 26.4995795771 25.3438841816 25.0218097331 26.7526729007 25.8456593835 23.0886319349 24.3341670459 66.1165992186 26.1434489477 66.1165992186 23.500854913 24.6929599542 24.862465097 23.6308879175 24.2273937474 25.6634775604 25.4692431993 26.0286743341 26.1424995406 25.4638404103 24.7776158915 24.3751347508 24.9359903268 23.9574006238 23.2410599358 26.2770075089 26.9097665736 23.7163761144 25.4481754357 25.208020541 25.5961076225 23.1307174328 24.42811591 26.8071332899
25.4974809836 25.5214445493 27.1070152195 25.399811279 25.781959422 26.7876106308 25.5487273214 23.4695744404 23.7503318299 23.9705520649 26.7658047275 26.4001859068 23.4294575116 24.4353640757 24.7164133286 26.8569395943 24.3083101317 24.9154790404 25.4761802741 25.5170551168 26.8837737501 26.5085043513 23.8634324106 24.5454858672 23.7637387565 25.2461009232 26.2648197413 66.1165992186 25.9380957573 24.8170718629 26.3776642507 25.8255991634 23.9936792851 23.2880046934 26.7345750458 26.2016426493 25.5347116636 23.9135876241 26.7348279705 23.4530067484 23.5303671599 26.9633710661 25.815762209 25.4995002 26.144344727 26.2577924557 23.7824236053 25.3787941738 24.7345164813 25.4103319208 26.7597509354 24.944053931 23.2603784026
