Spatial_Output/90% DEC/90DEC_0402.asc
NCOLS 155
NROWS 192
XLLCORNER 196769.923733
YLLCORNER 449719.875193
CELLSIZE 27.603701
NODATA_VALUE NaN
[rows 138 to 160 of 192, columns 53 to 105 of 155]
33.2135372932 33.3597976852 34.7623076377 32.4647613987 33.1160529334 31.6592059976 32.0216222636 31.9272171978 33.2345024423 33.8244641926 31.7951718466 34.055939427 34.9701510232 32.180389191 34.2131196146 31.7661654369 31.7339470955 31.9447724048 34.0468115109 33.0667559254 32.5759164595 34.5917963356 34.6945934312 31.6601544799 32.839952134 34.5576922471 32.9988232967 34.4242630973 33.8360014522 33.6942919251 33.8851145038 31.7952637581 32.7320089852 32.6917841306 34.9941375757 34.2488353806 33.7390884623 33.4208884637 31.9000490498 32.2610995657 31.8250882593 32.1196347481 31.9809823697 32.2947935649 33.5921938526 34.9693737498 31.95210119 31.796747245 34.0946382386 32.346784612 31.8511659048 34.3191908853 34.7220496272
33.4784782992 34.5624487811 31.5889933336 33.4890075719 34.2530331056 34.0389504213 34.2075832077 33.4068645672 34.1360197134 31.7161824564 34.7739452342 33.863293264 32.1595802019 34.3022251912 34.2012216199 31.6834813463 34.7147919563 32.8278848729 34.344258602 31.7497109516 34.9262345413 34.0128083155 32.0149694338 31.6420219432 32.0190656631 34.5027987886 34.3822985577 32.7354519373 33.4028932771 34.4977006936 32.3041160146 34.5552903247 32.0729269954 31.7814351065 34.011985039 31.8912913429 34.4973233268 33.3770362294 31.7754625463 34.3031036037 34.6588362474 32.5067211504 34.9728979005 31.8289701116 31.914996247 33.0810209108 32.5263215671 32.7564532168 34.5183900475 32.8178191456 34.2323890195 33.0373674172 34.7876335912
31.6758582932 34.5092311136 31.545362063 34.7364902331 33.0103514225 33.4320335519 34.2308764648 33.8978796953 32.8804296811 34.5329498704 33.8519857173 34.6778095134 32.8389510021 32.0762637043 34.5725914085 33.8518534301 33.9002208281 32.6253797672 33.0873760946 33.2027080206 34.660936483 31.7099548555 31.5523678285 33.8652618913 33.1967016327 32.0556621938 33.8125365121 34.6357048234 34.1506303954 33.5306025444 32.7443448039 31.5586448511 34.7435646277 34.1537395147 33.0720645274 32.1815703723 32.7135956464 33.4826615371 34.6596595742 33.7002867676 34.8472656606 32.3678257143 33.5833729154 31.8635391583 31.918022367 32.9723989058 33.6141109276 33.3544511675 34.2433047432 32.121858861 34.2132876894 33.4760447584 33.5932926194
33.1755322422 33.7672874447 33.5740446723 31.8604471827 33.3986666578 34.7873147416 31.6972382538 34.2008970183 31.7957219385 34.3675244141 31.6593884 32.5144914088 31.5394837602 32.3376106577 33.1243435004 32.9268296109 32.2565333949 33.4093685935 32.40244428 32.5443379729 32.0923948301 32.2658758308 33.2391638084 33.5341079913 32.3178100439 32.7574791027 34.2139904055 32.1728769368 34.2242116629 31.9479026352 33.8063137533 33.9186607353 33.2944617353 32.928689718 32.9429102469 31.9409775506 32.3485595168 34.7706551914 34.6363585271 32.4863409579 32.6920590908 32.4450159731 33.4929810158 33.2809845321 34.9437210641 33.8649501429 31.886765338 31.8975257216 31.6080478646 32.2429401868 34.5189453406 34.1673579858 34.7766962247
32.1508211568 34.7131024495 32.8048559106 31.8935089629 32.4849460265 32.9327922988 32.9039922316 34.3575339712 32.4764516811 34.0213800598 34.0859339461 33.0246277047 32.8176932631 31.9091028627 33.2921799036 33.6078045613 32.7045459861 31.7294521904 31.8076899299 34.0027951119 34.4414615391 31.7172542232 32.021287297 32.5478217326 34.8070155224 34.4127524576 32.5732257445 32.0087784199 34.7664985394 34.4256726147 32.7637116091 32.6609232326 32.6663802225 34.0589835772 33.7389721733 31.9651762033 33.3948469536 32.4166973001 34.2606579608 32.7514173218 32.8084812688 33.2736362673 33.6721155424 31.6277472594 33.4184054105 33.1866669346 34.4527191825 34.6888874615 32.8637637129 33.5333679198 32.5610509152 32.1925865412 31.7372616064
32.2809403097 34.8743819793 33.6178608675 32.2276233617 34.679672726 32.9580750878 33.4558329237 31.6054124664 34.7741299494 34.1314079943 34.2213675015 32.4563430062 32.4638906336 32.8170663884 32.3333857625 33.823795126 33.9605243883 32.695304899 31.9207750404 34.8160452134 34.6936954033 32.0506946806 32.2686201151 34.8452622634 32.1615817254 31.9555054746 33.9401009651 31.8493057645 33.0008062342 32.3347537486 32.3570030208 34.291878836 32.8871227052 33.0253378874 32.0243323833 34.8220939167 31.9855141161 33.7999921049 31.7398513221 34.2476182712 33.7822269079 31.8988854036 34.1498281632 32.207820794 32.950198839 32.5652479724 32.6603622919 31.8777584433 32.6673397805 32.200136426 31.792679509 34.2444965432 32.0364404054
33.6453901891 33.4222964539 35.0043318579 34.3934718148 32.7950952189 32.1917378566 31.782340908 32.4154736743 34.4306553552 34.3857598293 32.3070271929 34.0666412763 33.8950528319 32.8196633819 32.0667183564 34.3118199097 35.0282669961 33.7468487601 32.0108855673 32.4788853213 32.4186977716 33.8355186303 31.5754272354 33.1031085989 32.026870475 32.631559258 33.3031817799 34.278507778 31.7871586493 32.987426227 31.6098027458 34.7099233692 32.9130451976 34.3760614876 32.691459811 34.5351780472 34.08211825 33.5972436437 33.1877962768 32.2471316561 31.9257249161 32.1985829596 31.6991538462 32.0045216208 34.0625557928 33.2225343305 32.1936321585 34.1963250146 32.7834260048 32.1817859043 32.1406642896 34.5620467152 34.465646278
34.9107747385 32.4411417567 33.8676271791 32.4430789268 32.8361968686 32.6761396239 34.7223113436 34.089474899 33.3111435457 34.144739648 33.830007693 32.8879594253 31.6031101616 33.7552473315 33.894893667 33.3884753686 31.6652248466 34.4250061613 31.8966532525 34.6415000548 31.625854213 32.358383329 33.8793259426 34.4619165052 34.3877928117 32.0837476232 34.1662158631 32.1959768463 33.5472138327 32.8205916433 34.7906215314 31.7586228914 33.568842734 34.7084869959 34.4215222755 32.8379769265 31.7614176551 33.167277178 34.0390257079 33.6984690601 34.0181745136 33.8068601862 31.837381235 32.8254417272 32.8131984963 33.4110281084 32.7081406972 34.9146042201 34.6366085254 34.1930509544 33.6861045941 31.7084664559 31.6418705702
34.8806290565 33.0214778386 32.8478806743 31.6758137648 34.0945201664 33.3328536331 33.7362542685 33.3024411986 31.9417766692 34.9382197706 34.0648662137 32.9807277027 34.2963473786 31.6753163258 34.8386896379 33.0623056351 33.970287574 31.7180697464 34.1572314998 32.9864252455 34.8727855463 34.6441141312 34.6338994237 34.816167896 33.0583897763 34.2022193083 31.7304254939 32.9262745502 34.0746700436 32.3332755727 33.6081481961 33.2067642048 33.3136060258 32.6370188509 31.8213243898 32.3022323185 34.550801587 33.0728003203 31.7926553414 32.1642023209 32.9420132189 34.8794510141 32.0561499371 31.8033329191 33.60955905 33.4084450192 33.6241150212 33.5171021333 34.1868012676 33.5753447688 32.3618279055 33.6722066193 32.5605651766
33.6253642232 33.4433711517 32.2564971893 34.9874351323 32.2672706738 33.85024698 34.2851467122 34.1889440253 34.3369391391 32.3042022705 34.8200844523 31.546554999 31.6765035473 34.2750314798 31.7469543704 32.5409853146 32.1824665441 33.67629589 32.0862141258 34.0690178833 31.9744559979 32.214074559 34.3886116557 33.9846531007 35.01922138 31.7095454416 32.059352452 32.7144332602 31.7128457879 32.5177760665 34.2855327849 34.0048818973 34.0967846189 31.8083536824 32.6472593498 32.6309833473 33.3991075515 33.2535118233 31.5658947893 35.0176386097 34.3805966178 32.3169632444 32.1014565768 32.9557160891 34.265907033 33.7935585988 34.6336321824 34.4793128039 32.1273536693 32.242153066 34.7784255936 34.9888407068 32.0122929436
32.3317321426 32.7988720913 32.9407040146 34.8077625091 34.2476226265 31.5819479328 34.7669375633 31.5681210366 33.3770169458 33.1128324562 31.5664591544 31.8836837128 33.168467277 34.1773044022 34.6239973624 32.5349458453 34.9459276133 33.6516965083 34.8250581666 34.1072865995 31.7667244297 33.8480983653 34.1373792641 34.2486868794 34.1385509195 33.3945195467 31.9886050778 33.467680156 34.2381411438 33.689081349 33.9642006729 32.7431459008 32.3204330768 31.8342155837 31.5631553498 31.8951630557 33.648680452 31.741338122 34.5459871597 32.6202483103 34.1347870658 32.0620309197 33.2333891242 32.3741704194 32.1661675507 34.7176735934 32.1115374897 33.3288315475 32.5762363128 31.736088658 33.8015847479 33.2173253107 33.6726966862
33.4206507614 34.1226762905 33.1912155296 34.6219001843 32.317094543 31.7995972635 34.7717032041 31.7957420424 34.4559898202 32.3913329028 31.7198753494 31.7786757221 34.4344802156 34.2679756381 34.396546082 32.2541577903 33.2317608815 33.3896408085 34.8135584767 34.9116749456 33.4701614764 33.978648606 32.9512183088 31.5619759825 31.9580666619 32.3574176628 34.2160000273 34.5941930063 34.3514229269 33.2554384914 32.086049883 34.3048339868 33.3170740023 32.7803999027 32.186780723 31.5073684633 33.2406175478 33.6836204203 32.692673222 34.0351382435 33.9660500995 31.8871767089 33.2580754258 32.3050236543 33.8412583626 34.7389112291 33.4549573071 33.9913947541 34.8221410231 33.3689116396 33.2749937787 33.2713788093 33.5212646505
32.8434064414 31.8475131427 34.9830094702 32.2090946023 34.1990601353 32.6047610625 33.9330811828 34.8680920458 32.6805360647 34.9274800573 32.7017123054 34.7015624934 33.6343209453 34.4061093448 33.0362196845 33.4276676645 34.8767550838 34.2098665056 32.214030151 32.0783305482 31.9592799223 33.9239035372 32.1665861563 33.4628333975 34.8457142758 34.1427446785 33.4913582279 31.9808257479 31.5791228036 33.4624906523 33.3996815018 31.7811419854 34.0854745225 33.2649214965 32.1749544828 34.1798678799 34.187962816 34.3961090865 31.7840510915 32.4464759623 33.4283416803 33.3280235226 31.9187719468 33.5663576318 33.9293976946 31.8295135338 34.7529322834 33.3145080085 32.3180595685 32.4007428792 32.6291891272 34.4689342833 32.7319895543
33.7780316783 33.9570641005 32.6990310022 33.5262629659 31.6564323495 34.6983779041 32.5214239314 31.6433550971 31.8621575086 32.1976124858 33.0003182967 33.088159634 32.1462052894 32.5892901396 34.3548978698 31.5832618463 32.4138818488 32.419134205 32.104566161 34.3037004477 32.3416265309 32.9047933128 33.7470807996 31.5759092405 31.9834413139 33.334530372 32.5992490341 31.6070115806 34.5385950634 33.0412596097 33.2361466929 33.90104523 32.4907363126 33.6431048791 33.9625067264 32.6902473964 33.1350709429 34.6098876744 33.1857618184 32.0837937639 33.0791257583 32.7968447873 32.8916482792 32.5212580109 33.5392659993 34.4517651706 33.7016148032 33.2370182909 33.5893345092 33.2201340157 32.2223432431 32.034490745 33.1698964507
33.7701469153 34.4472454852 34.8433583674 34.1290062742 33.1539626825 34.2513592039 34.6100082728 33.090921602 31.7693259384 33.3570511158 32.3361600596 34.7631169343 34.8278166566 31.8361926208 33.5392400331 32.6002204045 33.3347881768 33.860209983 32.8129882812 32.1773781042 34.6975199226 31.7471232792 33.5895711713 32.7551883555 32.6411633622 34.4731123544 34.0310106856 33.0800455614 32.6552165394 33.905252955 34.3056201573 32.5913327927 34.1910372654 33.0905149215 33.5815169214 33.1490856328 33.8237516271 33.0524390451 32.5358840527 33.6441606378 33.1736954142 34.8045445087 33.9501302682 31.6808164772 34.802411615 31.7330658999 34.7934568724 34.756792542 32.7802799746 33.4059092779 32.1819217344 34.504033596 32.1327593845
31.9527663887 33.0589204882 33.2236373114 33.8267476233 34.371036507 33.1132210151 31.5357964014 32.8708002811 34.2290747219 33.4135844143 33.2623876007 32.1250778386 33.2021679601 34.950033653 31.8870422519 32.214675543 34.6176132019 34.1357402001 33.4169342646 32.5386826568 31.6897919988 33.7909253576 34.6617743525 34.8738255941 32.3406691297 34.0120498571 32.8788239873 34.347649932 34.5132989004 34.1085810179 31.8515287197 34.3880264772 33.4858316756 32.8222203982 33.6702458081 34.2676504156 34.9128723228 34.4376778704 33.8039301008 34.9377534355 34.591336341 32.344271296 33.659092264 32.0079754422 34.8145992269 32.1037678495 33.5206598644 32.5530171232 33.2067175168 34.1106267998 33.0560652673 31.8501221763 33.7748934047
34.2797815086 31.6236642601 33.7566075296 31.6520317415 34.3112248435 32.9875511784 31.7102291509 33.6895936896 32.3409440653 31.7244228367 34.5505234766 34.2281624136 31.9773206661 31.8430204554 33.2728835682 33.9090571866 34.3265588725 32.4185067208 32.7235990984 33.2402594941 34.7203887793 32.5233415849 31.6475475406 33.8113453311 34.6031567748 33.7394226783 35.0167136326 32.9168699551 34.7798119185 33.4718647194 33.5230034687 33.9062657558 33.8807268658 32.7549169031 33.8400070746 34.8265792046 34.6237891304 33.8623130019 32.1292033408 33.9759372689 31.7455474666 32.62724228 33.8378636717 32.4083133286 34.9189121258 34.6926534215 34.3600093605 32.5509142078 33.6095840489 33.1110459294 34.5373458056 33.9252315808 31.6011201135
32.6136391238 34.1460399622 33.2089392389 33.1458498081 34.9417154896 32.0119940297 31.5353916448 33.3818257838 33.9861586158 34.3844847455 33.8065620205 33.9704979312 32.6970657777 34.9028715538 34.0622484641 31.6085189659 32.1405585844 33.6164072082 33.9975003434 31.7460962412 32.158185262 32.6545293173 33.5190197619 34.8993253183 32.3665031778 33.5679775085 33.3574575177 32.4101557708 32.3926927963 32.6874746056 32.7544779171 34.5060461028 33.1596330741 33.572226077 32.8293544716 34.940591836 34.7581493038 33.4278976285 33.1222210116 33.6826975572 33.0549001607 33.1125674233 32.4136112054 32.6461577544 33.9695279963 32.8248747404 33.7122040781 34.9721216898 33.4108220901 34.361583885 33.1561720507 31.9173205601 34.78414554
32.0379549931 32.6987432495 34.4668165327 34.5455530148 32.4582242986 31.5895435872 35.0299454459 31.8327036023 31.9279174794 34.0279482526 32.0177454012 31.7076866316 33.603018945 32.1447397284 34.257928033 32.3147931062 32.8906976345 33.0181729902 31.5005753958 34.0309657576 31.6559495312 33.83930186 34.6392682871 33.0795117658 34.3758186408 31.8195342224 34.6996996302 32.161010528 33.5801980761 34.8966643336 32.1867507422 32.5033994314 31.9092893271 32.4723021447 33.0638148538 32.630901773 34.4554830521 32.1282430806 34.383341162 31.8210530859 33.3480471444 31.6259565773 33.3836575417 34.2253946252 32.3615898748 32.7949536839 33.0883179698 31.7309568542 33.2364633716 34.9498353528 33.6406997566 32.1148087897 32.587411719
33.0919911069 31.8140448807 34.9820721132 33.7470298033 35.0161036162 32.7047362712 31.7181543863 32.5549526252 32.8937688816 34.6921032466 34.7376169201 34.7334547011 33.4099774306 32.5121407924 32.8254879078 32.828895897 32.3381577012 33.6202738709 34.1880495344 34.2424737708 34.6252850085 31.9569478639 32.3811484911 33.2267998252 32.9939132322 33.4509750875 33.8878305365 33.3442869049 34.1708835787 34.704492043 31.7222611651 34.0379484515 32.0224366324 33.9054044275 32.6660961264 32.1111572841 34.6183514667 32.7105612327 33.6284592175 32.2501779291 34.4883683058 33.0824712663 34.4274487774 32.9840348985 32.3130825609 32.7263199921 33.0930637882 33.4302575168 31.9973883531 34.2328274706 31.8547669642 34.8002286988 32.6877393192
32.1804407702 34.222462979 33.9106495062 34.2794620573 32.9486656516 32.9629862818 31.684628598 31.8004545679 33.4118816061 34.5065437409 34.3206060432 34.5053114072 33.9883235788 34.2255148971 32.6059634563 33.6431067926 33.3469250404 32.3191432178 33.0707452898 31.9273814147 34.389810067 34.9572851577 32.8868986516 31.5649135555 32.986346808 31.9825602242 33.8115701731 34.6181036203 32.2502214407 33.6262512739 34.2842789579 35.0294584004 32.4449600995 33.9340300178 32.2171727271 33.3775121826 31.6022380413 34.1364561474 33.8701623668 33.2722348617 34.0186367958 31.9174030092 31.9631703074 32.5026890076 34.8550414785 31.5275471452 34.7745857423 32.4586952649 33.1184946402 34.0050695186 34.5329215221 34.554768717 32.0619730349
34.2877465548 32.0421725736 32.5892890009 34.8475351959 33.538791601 33.0139301825 31.714259689 32.1199398677 32.4234305613 33.3933974548 34.9531713468 32.1096411734 33.0696017297 34.7398933592 34.783223124 31.9644110606 32.1021473332 34.7816520725 34.9725029892 31.8090379338 31.6996250095 34.6940003987 32.2248711031 33.207205454 34.4809222147 32.5157972255 32.9666923016 34.2897080698 33.2297632125 34.3855064758 34.7205641244 34.3735171289 34.4684925358 34.5514639661 33.7076646889 32.9078330388 33.8953345519 34.9389689242 34.7217174587 34.9728467186 34.5258057101 32.0008597419 32.4304570322 34.660399143 32.9637040213 34.4486975177 31.6098320102 33.8955531672 31.6672771118 33.5458174022 32.3385710224 32.2053005647 34.5847549595
31.6396202141 34.5262489197 34.5790606705 31.9631053731 32.1758703627 34.7221407592 34.0472350762 33.0139883235 31.9037339624 34.431666063 31.7742727652 34.9241588411 31.9089222554 32.379129427 31.6784033405 33.1104627563 34.6277442093 33.7578733492 33.4189080895 32.794244702 34.894951479 31.821532357 34.9849298519 33.9575437398 32.3020948705 33.0178772162 32.7233519673 33.1994773138 32.3064948893 32.3269558692 32.6310875564 34.7910934255 34.0387503378 33.9342608105 33.9090793619 33.3403038183 33.7981772746 31.7695444078 34.3073212157 33.1557009598 31.5096975143 32.4547827522 34.3342762428 32.9906598151 34.2380620486 32.6047374242 34.7096116 34.8340860991 34.9116167871 33.1823634878 31.7699203526 33.5880506257 33.7495937259
