Spatial_Output/90% DEC/90DEC_0743.asc
NCOLS 155
NROWS 192
XLLCORNER 196769.923733
YLLCORNER 449719.875193
CELLSIZE 27.603701
NODATA_VALUE NaN
[rows 161 to 183 of 192, columns 53 to 105 of 155]
25.0400654523 24.609194912 24.399989976 24.9922848762 24.1628213091 24.497158904 24.4905660578 26.3227532626 24.0750644651 23.1104729195 24.2564578905 26.9493263195 24.9252408401 23.8842409098 25.3382826081 24.8460511988 26.0355735711 24.7358332729 26.4046503441 26.5073383656 24.1027244434 25.1722117624 23.6388980474 26.678323508 24.2317572395 25.2448137346 25.6249937901 24.2546725215 24.2170157567 24.637409813 23.9478286706 24.9990939613 23.5647846686 24.7090606294 23.1188745723 25.185162273 26.4031138856 26.6539416033 25.8729504333 23.41242762 25.9995451139 23.819255232 23.6048628907 25.1582751417 26.7307141994 26.6436472083 24.3261348309 25.9603059484 24.737874355 23.5294056461 24.7855535345 23.566364619 24.1929253558
25.1831670024 27.1426221758 23.4300675919 25.5942144026 24.6086689627 24.047126342 24.7597773047 26.8320508334 26.3267533554 23.5216166311 24.1543160258 27.2038668009 25.2758672131 23.5500374622 25.956137812 24.1482261025 23.7334274902 25.6036968092 23.4789164957 24.3086808358 24.4246905735 26.4238296858 26.6547020203 24.0642864601 23.7890208661 23.8885403913 26.8001309706 24.6636717112 26.303270727 26.5371588666 26.7415604811 26.8128796331 25.6274230729 26.9597005579 24.1288733533 23.3173253246 23.5394189643 24.5973506335 25.4140771418 25.5968416131 23.8496668227 27.1984177082 27.216704136 23.2070349035 26.8624654885 25.537630075 24.229098707 23.5148393567 25.7236616288 26.8406071783 25.8779859638 23.6674450847 24.275585803
0 24.1924278356 25.2910519296 26.3584835774 23.3173422421 24.3982244368 26.0336926751 26.4144719623 26.5115246225 25.3785837515 24.4572072552 25.1189646213 26.5370168068 25.0090263188 25.5303209696 26.3129536944 26.3208423863 25.3629128166 26.8849293227 25.9600251145 26.713127599 26.400802005 24.7317117557 23.9771070585 24.8456355059 26.544075538 25.6784181782 24.4948125409 23.6514006911 26.5579308046 24.6694115627 24.4049144339 26.0742749186 25.9638986767 24.1401988662 23.0676657035 25.2956512296 25.0790268377 26.4800169978 26.6483249935 23.1668014778 25.4082415662 26.5668394662 23.2978670259 24.5310482889 24.3309355218 26.6825849284 24.3443271471 26.1733819976 24.8591546612 23.3895823199 26.9347344809 25.9260356656
0 0 0 24.8580041511 25.8044322763 25.1598342105 27.1282249129 26.7522305911 25.2002605089 23.172862739 26.3104428324 27.0960522218 26.7838869708 27.1568976634 26.0332759062 24.8361304554 24.2805326568 25.0529796834 26.6205488968 24.1940654086 25.7126214093 25.8952789721 24.1685686097 26.5283467817 23.6004930344 26.4101578108 24.3003053442 25.6867020581 26.6932281998 26.0617914358 27.1684015823 27.1051545612 26.5825461259 27.0473610614 25.035655873 24.7535313864 26.2379204634 25.8678163741 25.5316042985 25.1498447481 26.7954312947 24.4141889231 25.017290599 26.8040951816 23.633414916 23.4409866991 25.6653214776 26.1038437457 25.6677244483 26.692981675 23.3040034588 23.7453682956 24.7612687552
0 0 0 0 0 0 24.6714250634 23.519154636 26.1662744094 24.6414367214 25.6911303385 23.9056682884 23.8776624712 24.1892282597 24.6232919149 23.6155898691 25.2081786972 27.0740351762 27.0151250614 25.2730486706 24.9508105206 24.1716188563 26.8419278958 23.7328711197 26.7613890944 26.0632029379 24.7728036322 27.0330901727 26.5949196747 23.180098591 23.1298501533 27.2299583649 24.8519770754 25.0970671969 26.6580692982 23.3706002559 24.8016976636 23.6186518784 25.9716770208 24.3752623191 25.7768552302 23.9949060988 25.3252839034 26.0594375512 26.2623334306 25.6964271453 25.5208191349 23.1218760018 25.8619020369 24.115949688 23.9337387226 23.4843408302 25.6084717431
0 0 0 0 0 0 0 0 0 23.9958005859 23.5964119014 25.0678275482 23.9902731738 24.9862584247 24.2173166032 26.3565085989 24.866910475 0 25.7350330958 26.088807743 24.2735259889 24.1723405148 23.6659429034 24.270237628 25.8602029213 26.5191849853 26.984690321 25.1703465178 23.3721188585 23.2620337377 26.7444647004 24.1703161537 23.2191491806 24.0982704589 25.8011328327 25.0688683923 26.044310247 24.066759822 24.3558712474 25.5557297158 23.1773915858 23.317650088 26.0977554308 24.03377811 26.6832729868 26.915254404 25.4222835105 26.9890231591 23.64124471 25.837121867 26.686187436 23.1977918309 24.8491704842
0 0 0 0 0 0 0 0 0 0 0 27.1014008545 24.4958565254 26.5557056496 23.304669008 23.3531440208 0 0 0 24.1010980667 23.4660670373 27.0026674392 24.8042568981 24.7014851226 23.4977218423 25.7777544575 26.3344601358 23.229857989 26.7237118875 26.132040403 24.6123983742 25.2161329223 25.0496176648 27.1800838801 25.0225629322 26.9068516281 25.8250544612 25.1118533398 25.1166767599 25.0093390275 26.1112969107 25.2315295275 23.9446347914 24.9565100774 24.2449798906 24.0332524914 23.030734368 24.3667544818 26.2067268033 23.6928159372 25.3281553515 25.9780084249 23.8504513987
0 0 0 0 0 0 0 0 0 0 0 0 19.8977830049 19.8977830049 65.9304345373 0 0 0 0 0 26.3506066077 26.2748261789 23.6498228816 23.4471014652 23.2538085973 27.0406347502 25.7082164172 24.6386759957 24.6424889799 23.1157813574 24.1908486234 25.1102556934 26.9445931517 23.5849597724 25.1651310573 24.0744646606 27.2118636273 24.8098941756 23.0243347168 26.6905279595 23.1482394953 24.7391741032 24.3078151789 24.2251989688 23.6953247294 23.5211232004 27.1159102332 25.5970923486 26.6498965227 23.8332770934 24.0772935105 24.7298975037 24.3677471569
0 0 0 0 0 0 0 0 0 0 0 0 47.7612908852 41.358502773 42.6746264745 0 0 0 0 0 24.9267036128 26.3723896489 25.3023969164 25.1902986318 24.9312739994 23.9215949182 24.8902315232 23.2763428732 25.7933355822 24.4813291464 25.6393618684 23.5787084956 26.7148691543 25.8017240794 25.9773154951 26.5768848379 26.1775931586 25.158891657 24.3687282212 27.1639735744 24.2459753299 23.6412473363 27.0514376116 24.4033999551 24.7975113852 25.1794920758 26.2738917679 23.2744502039 24.4836701994 23.9307910109 26.5193218588 26.8678137589 24.9291472065
0 0 0 0 0 0 0 0 0 0 0 0 38.6858435528 35.6671343697 36.8779022589 0 0 0 0 0 0 24.644769066 24.5281982143 24.0571599657 25.129530016 24.4599962222 24.5529604486 24.6872156325 26.7408541175 25.4412685752 26.4595366182 26.5186568681 25.1780803222 26.5144513842 26.5228693024 26.2446339661 25.7868062962 25.571378082 24.2581390397 24.5686443871 23.6474199016 24.2899974278 26.9544364876 26.3902809595 23.8338686089 25.7911443862 26.34291264 24.3085282376 26.899663298 24.6957805612 23.2567234203 25.5765094112 23.7861015874
0 0 0 0 0 0 0 0 0 0 0 0 35.367087646 47.5941254917 41.0108811357 0 0 0 0 0 0 0 25.4355459106 25.0738895819 23.6270668643 26.7734125791 23.9090025445 26.9214426285 23.5456707192 27.097816345 26.1379147247 24.398945306 24.9908669205 27.1672888177 26.6724845764 24.4634630762 27.0316768128 24.391553443 24.7842020497 24.9169999097 25.5662901291 23.5379694828 25.9380384103 26.4808672474 26.3336011649 23.5955479942 25.6503014935 26.9914515491 26.2908543015 27.2381793813 25.5788782979 25.8356664214 24.8406067697
0 0 0 0 0 0 0 0 0 0 0 0 0 0 0 0 0 0 0 0 0 0 0 24.1842409934 23.7242105919 24.3679537132 26.2621060349 26.6946391589 24.6229785783 23.4498276862 25.4592485325 23.6325953183 25.5619232925 25.4844984689 24.4262424465 27.0311818216 24.8428045871 26.0221182745 25.3053170605 23.8602688976 27.2007656863 25.260693285 26.1543040733 24.7634460182 24.5107592579 24.3226772527 23.8514231662 23.4924964759 24.1721164371 25.7950846422 23.220874706 24.6714740431 26.9367975978
0 0 0 0 0 0 0 0 0 0 0 0 0 0 0 0 0 0 0 0 0 0 0 0 25.678660809 25.8172500009 24.2371482283 26.7418863252 24.6392209334 26.5303011047 24.1780980119 26.1651701853 24.2913406418 23.1396893351 25.8683703281 23.1519830889 25.4661294278 25.7952993736 25.5492600089 25.5303978834 24.6632160625 25.1148338639 23.273082054 26.5865877653 27.077613025 24.983365146 26.2808342532 23.1278451506 25.8226322849 26.0307749214 23.4274438651 24.4645215312 26.2400365339
0 0 0 0 0 0 0 0 0 0 0 0 0 0 0 0 0 0 0 0 0 0 0 0 0 0 0 0 0 0 24.4303553734 25.1469082854 25.2533895207 26.7063329082 25.3576175939 23.5842695696 24.2935748826 25.8413573368 26.820422262 23.4494535831 24.838723435 27.1098568003 23.376711721 23.7448535904 23.1450663179 25.9924083582 26.3472275989 26.5190986312 27.2309272615 23.9181031112 25.1407034418 26.8667020138 23.8040867615
0 0 0 0 0 0 0 0 0 0 0 0 0 0 0 0 0 0 0 0 0 0 0 0 0 0 0 0 0 0 0 0 0 0 25.5026641495 23.7833942736 23.2825282871 26.8411107616 27.211488702 23.4317075384 24.5431299426 25.6288023084 25.8207374787 23.0094905581 24.1212691095 25.0890723662 23.8400972829 24.0671218142 23.5707016349 25.0018358933 23.8195214588 24.4253494693 23.2802152269
0 0 0 0 0 0 0 0 0 0 0 0 0 0 0 0 0 0 0 0 0 0 0 0 0 0 0 0 0 0 0 0 0 0 0 23.5979281758 23.333805688 24.4581374105 26.0447663407 23.5152792904 23.8687100667 26.0798250983 27.1702494571 23.2176755428 23.7975104665 25.7144454385 23.8474499747 24.1405740571 23.2918094592 23.1668105439 26.8792284324 26.1754151155 24.4388086578
0 0 0 0 0 0 0 0 0 0 0 0 0 0 0 0 0 0 0 0 0 0 0 0 0 0 0 0 0 0 0 0 0 0 0 0 23.0470208226 24.7053752115 26.2032242103 24.0383631275 24.0244288305 25.079507366 25.7011721453 24.5704129377 23.37499274 23.3775350481 23.6686717938 26.0701009063 25.3270722098 26.4587824675 25.8358766509 24.2597277066 26.2624601804
0 0 0 0 0 0 0 0 0 0 0 0 0 0 0 0 0 0 0 0 0 0 0 0 0 0 0 0 0 0 0 0 0 0 0 0 0 26.4011775672 25.4166056184 26.5797611248 23.0686506086 23.0613204777 26.4681631635 24.1340967681 26.8191993581 26.7421669927 24.1125678347 23.8195693536 24.4944418902 23.8011777234 26.4161426731 24.6587504613 26.1340283622
0 0 0 0 0 0 0 0 0 0 0 0 0 0 0 0 0 0 0 0 0 0 0 0 0 0 0 0 0 0 0 0 0 0 0 0 0 0 23.281985256 26.5509601005 26.7735255313 25.0209519226 26.2609939746 23.4196113309 25.1342508658 25.2536268503 24.8542334605 24.9205374932 26.4734772195 26.4276747601 24.6042699953 26.9490285185 23.3967668785
0 0 0 0 0 0 0 0 0 0 0 0 0 0 0 0 0 0 0 0 0 0 0 0 0 0 0 0 0 0 0 0 0 0 0 0 0 0 0 25.8905447401 25.3550503215 25.0030598745 26.3178088103 26.011691669 26.3449556365 26.2144912606 25.3275904088 26.5946405313 24.2976245068 24.5627575055 23.5735784003 25.2640170236 24.5647633451
0 0 0 0 0 0 0 0 0 0 0 0 0 0 0 0 0 0 0 0 0 0 0 0 0 0 0 0 0 0 0 0 0 0 0 0 0 0 0 0 25.1975747317 24.312187404 23.9055563114 24.158742753 27.1696019681 23.2331242779 26.1897748058 23.4854909723 24.3400766819 26.6756181337 24.1291945471 23.1601585561 23.4291624567
0 0 0 0 0 0 0 0 0 0 0 0 0 0 0 0 0 0 0 0 0 0 0 0 0 0 0 0 0 0 0 0 0 0 0 0 0 0 0 0 0 23.6238336893 23.7917416661 23.9588421385 26.9766842221 26.7283877782 23.2699418047 23.845043258 25.0581148852 25.411222372 25.3235795587 24.0364225432 23.7433663701
0 0 0 0 0 0 0 0 0 0 0 0 0 0 0 0 0 0 0 0 0 0 0 0 0 0 0 0 0 0 0 0 0 0 0 0 0 0 0 0 0 0 24.2436274682 25.7443486701 24.0382891276 26.5527010695 23.2780215008 24.2187350702 25.3470030933 27.2397203046 26.3297774796 25.6833895325 24.5381762253
