Spatial_Output/90% DEC/90DEC_1432.asc
NCOLS 155
NROWS 192
XLLCORNER 196769.923733
YLLCORNER 449719.875193
CELLSIZE 27.603701
NODATA_VALUE NaN
[rows 92 to 114 of 192, columns 0 to 52 of 155]
0 0 0 0 0 0 0 33.0389962361 32.9621354232 32.6626798412 32.7750574712 32.9357775868 32.7260265762 33.027632462 32.6208568288 32.7627058417 32.5062576847 33.0600779326 33.0841864918 32.7521536038 32.7199566482 33.2016948352 32.7188971025 32.9543291115 32.9736663005 32.6491995512 32.936589329 33.0693262316 32.8030625984 32.8356806669 33.028069024 33.1046471929 32.8259351173 32.5591422244 32.826336987 33.1898444607 32.7853167364 33.0668349179 32.513994081 32.9958040434 32.8642379507 33.1108249779 32.6084689806 32.9704077566 33.0777655244 33.0753629723 32.564535509 33.1529454787 33.1105990188 32.6438421768 32.6965950098 32.8675695542 32.9285271269
0 0 0 0 0 0 0 0 32.7850183194 32.7424271987 33.0753146559 32.8773735194 32.9409740527 33.146418568 33.028141356 32.6110660901 32.5647934838 33.0226394434 32.8973374966 33.1121782102 32.7649086703 32.5247231468 32.8252217051 32.5736280683 32.766922745 33.0796638253 33.0174558273 32.6965265245 32.6179456462 32.6131143039 33.0324159307 32.9601532484 32.9720396001 32.8383721271 32.6044206892 32.5621915492 33.1816640556 32.5993827242 32.6450095219 32.5030016591 32.5078025266 32.8230274847 32.8734160253 32.8771780034 32.9113846596 32.5901168166 33.1972953813 33.0436753823 32.7769596634 32.8193360408 32.560108566 32.6859100885 33.2000126281
0 0 0 0 0 0 0 0 0 0 33.0357569681 32.7812156901 32.5264692532 32.9309582252 32.770913489 32.9038294727 32.9749397071 32.8408536308 32.5433666044 32.7679377897 33.1801578463 33.1431326692 32.7643722695 33.2020833554 32.5932957026 33.1138053939 33.071394804 33.16881288 33.0117681308 33.158699654 32.8787523389 32.7916063144 33.1281516647 33.0610273306 32.8224281461 32.9857415918 33.1248672256 32.9268208644 32.824968151 32.8293437193 32.705522698 32.5682421617 32.8966978463 32.9346023931 33.0183234675 33.1511715394 32.8095724273 32.9667635419 33.0692885461 32.9050783642 32.7982389911 32.9267072412 32.557079011
0 0 0 0 0 0 0 0 0 0 32.6579333593 32.7559441791 33.0150775221 33.0038326852 32.7602413109 32.7165479939 32.6758280836 32.5554229903 32.6034205425 32.5071507317 32.7871575779 32.6835423776 32.931952688 32.7945620618 32.5978639025 32.951180276 32.9839766872 32.6183033383 32.7464895405 32.7310732677 32.6475675583 32.7496182158 32.7288713752 33.0352999449 32.5864091704 33.1852639952 32.9555869137 33.1891581381 33.0018578797 33.167434481 33.1772861447 32.5930180541 32.5640363549 33.060586102 32.541544032 33.1130592048 32.7695510239 32.9332806704 32.6338496023 32.5276865404 33.09753773 33.1570729474 32.8123020777
0 0 0 0 0 0 0 0 0 0 33.0173519506 33.050353452 32.8054788469 32.7229147873 32.8717909731 32.5649460885 32.8258553461 32.5541616315 32.5968771817 32.9611325394 32.8890134534 32.9496213893 32.938321309 33.1566435107 33.0345753673 33.1283720545 32.5902750809 32.9763247029 32.6991514589 32.751587008 32.6004678457 33.0018608731 32.6422687975 33.0358095201 32.905300456 32.9534878245 32.8152482212 32.5566317095 32.9654342786 32.7719230248 32.8344954592 33.0425274507 32.5670340372 32.8204338235 33.1753790659 32.5190356274 32.6212317678 33.0842073363 32.8314907213 32.7064847194 32.7585725951 32.8002818987 32.5406052098
0 0 0 0 0 0 0 0 32.5828216293 32.8951340488 32.6656811191 32.6159010911 32.8758565326 32.5615744232 32.6387144837 32.6522236999 32.5355341691 32.7957796267 32.7188582518 33.035965641 33.0665936408 32.8452387288 33.093757495 32.5033417021 32.8147433675 32.565874116 33.1739685798 33.0880087778 32.965831959 33.0870160972 32.6865156389 32.7702743461 32.577798435 33.0039195698 32.5061275905 32.6659520391 32.8614692717 32.8210758612 32.8905303546 32.9945843387 33.0074841573 33.1227481315 32.7843154937 33.0025597266 32.8299290628 33.1137300375 32.7654441679 32.9611817552 32.7100132546 33.1204566628 32.6117518989 32.6732391361 33.1888394438
0 0 0 0 0 0 0 32.5127999924 33.1482556192 32.6679717036 33.0170080599 32.8687573318 33.0727494209 32.6451053719 32.9957010347 32.5093960796 33.0885941255 32.6979544462 33.0224424568 32.5380868529 32.5225254091 32.8013518883 33.2058936929 32.9575141542 32.5036678466 32.6069637045 32.7430928998 32.6027652359 32.5883530705 33.0942908473 32.7718177882 32.5799472441 32.83720804 32.7226878586 33.2055566331 32.5302986108 32.6729615767 32.566070127 32.7268624316 33.1601207359 33.1723543829 32.6785623807 32.5293468587 32.698877105 32.874159441 32.7419745799 33.0546682512 33.1852710867 32.5501566859 33.0203819258 32.9342817224 32.8608887895 32.9953263876
0 0 0 0 0 0 0 32.5983815244 32.8096711651 33.1462969518 32.5572775238 32.829259336 32.6434539742 32.9820478072 32.7671480579 33.0066769354 32.9275532917 32.5585918071 33.0086258832 32.6755231459 32.5666922722 32.713886963 32.624165011 33.1483591475 32.9958845365 33.0137776341 33.040912889 33.0014008768 32.5148828337 32.8318900492 33.1334206513 33.0871182224 32.8479438565 32.8835169628 32.9159902255 32.7410598216 33.002830099 32.621303628 32.6504271583 32.9116646545 32.8024958277 32.5059725958 32.5524736686 32.8674794239 33.0698310013 33.1010043705 33.0026645851 33.1693655847 32.5221791392 32.5244163295 32.9702860281 33.1315150575 32.9080878034
0 0 0 0 0 0 0 0 32.8720401829 32.5975575145 32.8383907929 32.7944264866 32.506858325 33.1947122671 32.5818719723 33.0751926444 32.6572965782 32.6045910617 33.1125742953 33.0328529117 32.6893343143 33.0868263207 32.8198671782 33.1625856927 33.0212587624 33.1016864897 32.8168680855 32.6507442688 32.8179334093 32.9532370373 32.8309425548 33.1542363881 32.6723056582 32.7107284004 32.8888748018 32.8975621572 32.5886718171 32.8093857762 32.8918080861 32.5410017627 32.6823615076 32.707035254 32.6013855838 33.1537985639 32.6281152924 32.999389462 32.8740205858 32.9462740494 32.9875354075 32.8972393514 32.7180334922 32.6916828803 32.5793101593
0 0 0 0 0 0 0 0 0 32.8441622503 32.6952818537 33.0696890781 33.0248752954 32.6778759713 32.5476115646 32.6334389057 32.8382031603 32.7013789795 32.6744028668 32.7244002046 32.6026820081 32.8114769593 32.6659259833 33.1977602026 32.5429056911 33.0967081519 32.9332612694 32.7349954685 32.6065993368 33.0023843601 32.6639317955 33.0839045448 33.1316111916 33.1540067764 32.8184659764 32.8813496858 33.181802241 33.1074513752 32.9480973904 33.1396165913 32.9591467367 32.7381508082 32.5509956871 32.9784621873 33.0216966283 32.7302531607 32.5946511391 33.1887327654 32.938753702 33.1221365367 32.8007062525 33.0299116769 32.5455403164
0 0 0 0 0 0 0 0 0 0 0 32.5813073628 32.6188612914 32.7461047776 33.0300212359 33.1024287616 32.5046779936 33.0510923651 32.7077863094 32.7289559125 33.0398149561 32.9045882439 32.7905635097 32.6381574172 32.5701241663 32.8429786584 32.952504061 32.5925759038 32.571292643 32.975928859 32.7797217639 32.7020900626 32.7732919156 33.0189768988 32.9302041319 32.6723661837 32.8997369083 32.9029828504 33.0220044392 32.816993681 32.689710053 32.6477904881 32.5094100657 32.9263111897 32.7520572416 33.0819383604 32.8927433981 33.0639248481 32.7820875582 33.0773978518 32.9343573742 33.0813923386 32.9557638231
0 0 0 0 0 0 0 0 0 0 0 0 0 0 33.0386563769 32.7806020859 32.6887957984 33.192035598 32.8375470854 33.1413605643 32.5526615241 33.1066806037 32.7771260618 32.8872340499 32.8167534247 33.0480057492 33.1999499521 32.775866233 32.8880505653 32.6992156201 32.5366554354 32.7594523518 32.5080143988 32.9640077994 32.8886873372 33.1407178074 32.6440695863 32.7128986926 32.9459534579 32.8934900954 32.8392277959 32.7281766331 32.8309693367 32.7502090699 32.6150027626 32.5473681994 33.1583980589 32.7502199597 33.063945171 32.7845022082 32.5910615978 32.7801534668 33.124350427
0 0 0 0 0 0 0 0 0 0 0 0 0 0 0 32.5338280734 33.1877561482 33.1513565452 33.0453434202 33.119748603 33.1348468134 32.7927864746 32.768675255 32.6910176574 32.9748185879 33.0561583403 32.8641236716 33.1747167896 32.5810413364 32.6771115996 32.7495543803 33.0187941358 33.0355941679 32.7377832801 33.1713085839 33.0147346219 33.1714083989 32.5462620774 32.5333980668 33.1763152876 33.0802393058 32.7406301608 32.8251770478 32.7290470155 32.5715555711 33.1853739874 32.5322794736 32.5999879178 33.0896287613 32.9919182929 32.9244944269 32.7301595074 32.6845551678
0 0 0 0 0 0 0 0 0 0 0 0 0 0 0 33.1910494066 32.5562039182 32.6149797051 32.9642597987 33.0352204029 32.7894935175 32.6456346559 32.9404153799 32.7591379651 32.809043889 32.5151946537 32.5424958368 32.7282721001 32.9466255686 33.1660566868 32.8021060278 33.1118261215 32.87965634 32.9555285612 32.5158189922 32.7451541713 33.2043522418 32.7180141377 32.6932277303 32.9094314724 33.1938622275 32.9480236796 33.027442765 32.952921354 32.5740709588 32.8939430162 32.7532112654 32.9842249272 33.0672300919 32.9984270244 32.722367567 32.7384281101 32.7479455176
0 0 0 0 0 0 0 0 0 0 0 0 0 0 0 0 33.0058722801 32.8236702209 32.5571832891 32.6473793794 33.0912873166 32.5028831505 33.0158581628 32.5922888644 33.0408762342 32.939165555 32.8837914532 33.0035996695 32.7787204918 32.9033547749 32.7483795131 33.0406357224 33.0739570504 32.8426595964 32.9969539531 32.7639638962 32.9384924809 32.5267056371 33.1780516541 33.1426208 33.1184824331 33.1114927797 33.0086308598 33.0807570363 33.039635542 33.1518632744 32.5119560796 33.1099464809 32.6499305288 33.0042809232 32.9451632189 32.7105939228 33.1020357862
0 0 0 0 0 0 0 0 0 0 0 0 0 0 0 42.9122639104 43.5396795483 46.4695939397 33.0030077985 32.8406329847 32.6988309634 32.5252461629 33.0651423177 32.7053246356 32.5861809986 32.5616082853 32.7399930429 32.6690390436 32.9959474957 32.6471249478 32.8145615518 32.9106820842 32.8892146801 32.6096737266 32.7861536407 33.1725359741 33.2026201107 33.0114070037 32.5294485718 33.0148053388 32.8272320088 33.1779056854 33.1874859195 32.9172413154 32.8829038772 33.0625143642 32.7105789854 33.1079989075 32.9187700967 32.7460857307 32.9712904083 32.5106979322 32.7693010681
0 0 0 0 0 0 0 0 0 0 0 0 0 0 72.4439560294 46.7435353931 48.6827388846 42.0194712293 32.8758775058 32.5982395317 32.6636039984 33.1083380026 32.8311254698 32.8914271797 32.6372628705 32.5275782999 32.5389436488 32.8732503895 33.2039698429 33.1890518219 32.5092468274 32.5908163752 32.6547512751 32.693003082 33.1921835078 32.6348901111 32.5227654901 32.6332324337 33.2051181141 32.6319195472 32.9245045219 33.0515736959 32.8006011619 32.5569458105 32.5986749252 32.7362250897 33.0346616402 32.8600168366 32.7198018707 32.53806355 32.5079764727 32.9711150549 32.6603221046
0 0 0 0 0 0 0 0 0 0 0 0 0 0 0 44.1555157729 44.9521167621 52.0283977842 32.5862022248 33.2061043076 33.0097738683 32.77166 32.6363808245 32.7696465605 33.1504879693 32.8822501098 33.1686546816 32.7816224733 33.195043244 32.888224647 33.1591862249 32.9504537213 32.9310346537 33.0033972781 32.6426441519 32.6986018647 32.5069112145 32.7368298331 32.573439711 32.8978605124 32.5846288961 33.0911099646 32.8722080396 33.0290315729 32.9642597681 32.9471432307 32.6042272169 33.2037438379 33.1241434971 32.5961903967 32.6110007138 33.1253935659 32.9056086865
0 0 0 0 0 0 0 0 0 0 0 0 0 0 0 0 0 33.0642130746 32.9786180029 32.7808966223 32.7430630176 32.979485023 32.6232459379 32.8005006843 32.6860894615 33.120925246 32.8305462222 32.6444368268 32.5511834413 32.8456202827 33.0759550658 33.1675683314 32.6427436925 33.1159643904 33.0417640729 32.9694132407 32.7173856972 33.1982027353 32.6898404261 32.7451392902 33.031147872 32.5431082473 33.0959241168 32.5848859083 33.1152574632 32.6870477904 32.985203278 33.1566607784 33.1385635609 32.731724451 32.6136341813 32.5222221445 33.0866235424
0 0 0 0 0 0 0 0 0 0 0 0 0 0 0 0 0 32.8954854116 32.8359876344 33.0753943536 33.1779228245 32.9444424875 32.6442781752 32.9522053672 32.8365181932 33.1485982223 32.8252476014 33.0952715252 33.0088827472 32.8518963665 32.5753750742 32.6197872538 33.0158318317 32.892523294 32.5480813976 32.8274330742 33.0373599614 32.8506522556 33.1573437822 32.6319547692 32.995554429 33.0023422792 32.5346853562 33.0762483054 32.6678355064 32.8238043681 33.1902770318 33.0969287284 32.7764896208 32.9951266397 33.1259058591 32.5212673323 32.6183238751
0 0 0 0 0 0 0 0 0 0 0 0 0 0 0 0 0 0 32.8021755287 33.1304270982 32.6113489709 33.1172755649 32.7185261678 32.9334179095 32.8795991357 32.6381309807 32.8143305222 32.9214918988 32.9065663272 33.1936987889 32.5969429941 32.9209996932 33.0447715904 32.5959222208 32.7188077311 33.0491548193 32.5047950635 33.2031364721 32.8928794451 32.6896608482 32.6278709929 32.8027219316 33.1863229777 32.5636585655 32.7280776074 32.9488775943 32.8652509249 32.9462219208 32.9741929326 33.0614742238 33.16113572 33.159706081 32.6320098924
0 0 0 0 0 0 0 0 0 0 0 0 0 0 0 0 0 0 33.0812710622 32.7160842143 32.6193287985 33.1987335024 32.6159859177 32.9392223472 32.8762405793 32.9924059086 32.6747627409 32.7322110948 32.5159398664 32.5175780423 32.6318789935 32.9906676256 33.0523625774 32.8144107254 33.1781333485 32.7931444552 32.9389837028 32.9676369979 32.8950842145 33.1463055863 32.6970180392 32.7605854974 32.9363200908 33.0529710995 33.0584171476 32.8496153689 33.1415716236 32.9481475959 33.1429606443 33.0334121404 32.6963775815 32.9026752047 32.6576340716
0 0 0 0 0 0 0 0 0 0 0 0 0 0 0 0 0 0 0 33.1718660689 33.0140759832 32.6754676495 32.6152666526 32.9157521014 32.903016323 33.0566284648 33.1469401138 33.0635609942 32.7627067628 32.8744349055 33.1901063043 32.6787974973 32.5043409037 32.6252458505 32.500994751 32.8442933533 33.0795528849 33.1061888177 33.0142441775 32.8914286307 32.7931740034 32.7259985072 32.768191377 33.0438640023 32.6678409542 32.71846466 32.7693291718 32.6256848294 33.0603450682 33.1622880282 32.7024325879 32.9389352186 33.1282194665
