Spatial_Output/90% DEC/90DEC_0143.asc
NCOLS 155
NROWS 192
XLLCORNER 196769.923733
YLLCORNER 449719.875193
CELLSIZE 27.603701
NODATA_VALUE NaN
[rows 69 to 91 of 192, columns 53 to 105 of 155]
44.6282813196 44.7777524785 44.9840085333 44.6919147824 45.0711706563 45.1635215162 44.7473621324 44.8083917867 44.6463718286 44.5092639112 44.7698888556 44.8847112824 45.0811513073 44.7437521522 45.0726835695 44.6915774611 44.6671342659 45.0563139511 45.0720379575 44.6907941495 45.1184549468 45.1074950475 44.862953779 44.6859956532 45.0393318208 45.1665936315 44.6234057938 45.1377126494 44.6561149004 44.7891944586 44.9149565559 44.9578759682 44.898330412 44.675583573 44.5328058057 45.1571324088 44.9633717182 44.6906465907 44.9743876397 44.5835813268 45.1403752205 44.99675026 44.6604231896 45.0823141899 45.1176810004 44.5500788858 44.5330571991 44.6075715795 44.5426838491 45.1672646437 44.8676692481 44.5074309803 44.6970882155
45.0836291424 44.858391044 44.6562941622 44.6360893855 44.6968892676 44.9522669197 44.8900125454 44.8173923082 45.0555868441 45.1310158141 44.7511221317 45.0568445791 44.8907711804 44.8616243175 44.6178701921 44.9259713337 45.0076881216 44.999150423 44.7703887615 45.184907683 44.5521809029 44.5120016198 44.5254047604 44.6959832807 45.0440711304 45.1214623585 44.8530412837 44.8274427122 44.8671326455 45.0078373513 45.0201607527 45.159894167 44.936983812 44.718363234 44.7514039276 44.7653479322 44.8588589441 44.6231709113 44.9127205373 44.538333448 44.9908787281 45.1936706719 44.7340261134 44.9179763254 44.9926858747 45.0682240948 44.9044528001 45.1986893068 44.731326147 45.1141088451 45.1186357463 45.1341776667 44.5785957687
44.6868485418 44.7354485696 44.8076554977 44.8511461928 44.515584708 44.532516932 44.8499816089 45.0381497783 45.1205253636 45.1728109761 44.6748330838 44.5345566468 45.068744471 45.137573774 45.1709616422 44.561916257 44.6015207592 45.0269908893 44.5760303637 45.0153589216 45.1674902414 44.7556796655 44.8026349525 44.6452374623 44.7444216836 44.809497568 44.6714374914 44.6858820963 45.0253533662 44.5981301618 44.9825847272 44.9832768061 45.1265374694 44.949126067 45.02098778 44.6602276368 45.1590347569 44.9707037843 44.7705203025 45.0549207399 44.9721638703 44.9943040113 44.9479503169 44.9982304752 44.7282509678 44.694610663 45.108972965 44.6746907941 45.0564083376 45.0713594862 44.7149082686 44.9651104947 44.845611753
44.5874463532 44.5055964169 45.1397870304 44.9402717642 44.7144326878 44.8050426753 45.0269256269 44.920413315 45.1075767194 44.9219299078 44.7062705558 44.6309414171 44.952659573 45.183584499 44.8059279398 44.6917935488 45.0324154764 44.7260021246 45.1605117369 44.6751079094 44.6269856049 45.1110388831 44.7481239141 44.6679573274 44.7313988771 45.0060396021 44.8801448322 45.0153312512 45.0752532796 45.029523387 45.15273721 44.9134884884 44.5052781584 44.5043717122 44.9951456886 44.6093854257 45.1480170733 44.5963115318 44.837049036 44.8365808175 45.2036963771 44.932994168 45.0783764496 44.7347279064 44.5355939596 45.141566012 44.8150889243 44.9972866021 44.7148733955 44.9953800381 44.8034213815 44.7934431917 44.5505356501
44.893754118 44.8968236204 44.8286965816 45.0130758086 44.7105455532 44.6384690898 44.6245152994 45.0164744751 44.6568324143 44.9885462744 44.7403491033 45.1810309813 45.1983446858 44.8347791573 45.1432605634 45.1854072693 44.5960046879 45.0756904052 45.086886134 44.5482707713 44.6344319427 45.2005906721 45.1854266877 44.6539240059 44.8735281729 44.9828922909 44.7833588738 45.093158004 45.1622777821 45.1777832092 44.933629677 44.5734979004 44.5622846524 44.5674971881 44.789527625 44.835273752 45.171308468 44.6905517574 45.0675007742 44.8478304687 45.1353311818 45.1249480414 44.8868460994 45.1118211404 44.5285080849 44.6782252015 44.8345350635 44.7594281406 44.8215807726 44.5853684214 44.5837313118 44.7970442383 44.5902245589
44.9183194105 45.0656876825 45.0269934352 45.1308035377 45.1077780451 45.1031755334 45.077658263 44.574434701 45.1093805072 44.8663282222 44.7883922383 44.8922925047 44.533843513 45.0042965448 45.0426306336 44.7377345502 44.9915061748 45.1623782006 44.9850731288 44.9292979086 44.8291919548 45.1558058068 44.8517334638 44.5246632312 44.7703952326 44.6595356215 45.0015656285 44.5820677174 45.0181075661 45.0200284311 44.5804357524 44.9903787346 44.8540062823 44.5590353496 44.6612511717 44.565882898 44.7365805828 44.7252123382 44.9104511706 44.6697697621 45.1461252223 44.5432911302 44.5055242471 45.0132050976 44.9214038172 44.9004348695 45.1210408618 44.8586588151 44.710498922 44.6221276806 44.9766091104 45.1370252833 45.0398919682
44.6301000579 44.9147474641 44.9770678042 44.7197814062 45.1799099569 44.5556207041 44.6795137894 45.0774151053 44.9250776401 44.575076182 44.9415011833 45.0888133153 45.0420246544 44.6771658478 44.5552044151 44.7479722378 44.5724919439 44.9266127433 44.5350245862 44.5585633677 44.907558235 44.6518032548 44.5858827461 44.5862323752 44.9690012599 44.6173144098 44.9271428203 44.7160449839 45.0864191513 44.5936376187 44.7423844932 45.0136180928 44.825747628 45.0403742385 44.7533810293 45.0168823921 45.1233179097 45.0146151726 44.9827390564 45.1883202798 45.0890576578 44.8249484735 44.7459048862 45.1292546859 44.5243405768 44.9371684156 44.7262131684 44.650295339 44.6660708676 44.9351180912 44.5368009954 45.0235043717 45.1203411556
45.0956626352 44.873990329 44.8560317741 44.5469821278 45.1340540448 45.193533347 44.5716488183 44.8873359048 44.6541051127 45.1640708738 44.7310390893 44.8998970715 44.7627120932 44.7523620458 45.0066063809 45.030702625 45.0820456996 44.7242782727 44.7636288387 45.158333892 45.1176982084 45.1574934804 44.5027059147 44.6256138631 44.9466384158 44.6481258474 44.9155684756 44.6094572282 45.0957535216 44.5678880088 44.5137162097 44.9105902225 45.1795273351 44.7482426285 44.627182184 45.0962997812 44.7792370794 45.1403547749 44.8288445014 44.5141131619 45.1615491882 45.2033605082 44.8556830131 44.5773955332 44.9629203755 44.5664933242 45.1267251382 45.0751896647 45.1924374521 44.5699416874 45.0648173031 44.6442619635 44.52333125
45.0137970061 44.8108462174 44.7395508776 44.911424699 44.8885332051 45.0683173736 45.0604412264 45.1017588421 45.0869420113 44.5636799819 45.0670814331 44.9497268502 44.5211921438 44.6143197102 44.6961764935 44.6518417892 44.701049265 44.5400644184 44.8128897953 44.8446772716 45.1752758258 44.7112336302 45.1641040467 44.9333546142 44.6044237513 44.9827560358 44.9920601637 44.9845008569 44.5796747217 44.9160790264 44.8028179876 44.9294717259 45.1000760085 44.8222740315 44.836241391 45.1073357049 44.9167347598 44.7573976672 45.1743654004 44.7775562689 45.024718227 44.6336805771 44.6962452951 44.9824490248 45.154489413 44.6274461309 44.9203422493 44.5879591677 45.1932516054 44.9239543173 44.6269531224 44.5751057504 45.1942409557
44.8228554694 45.0136486217 44.794327863 44.74152887 44.6693183236 44.5998714014 44.7608558446 45.0078394802 44.6121535291 44.5930365248 44.9539618884 44.5744075211 44.6510499263 44.5936745518 44.8530632678 45.1709452042 44.6016405237 44.7551500626 44.6770076412 44.5529269649 44.619859705 44.6116215098 44.6675073722 44.9131691537 44.9682767607 45.126340451 44.5565662524 44.8563115542 44.9289489739 44.8131917009 45.02810314 44.6184069353 44.5265520019 44.8232264266 44.8176025812 44.8480340562 45.0985904467 44.6293438753 44.6041921278 44.9977540188 44.9609390301 45.1442289901 45.2042792155 44.8910737703 44.5610651213 44.8097333235 44.7402045084 45.0636332466 44.7518888289 45.0570634633 44.8985417845 44.9353213429 44.9742998219
45.0948057599 44.8727460289 44.5502173708 45.0326426387 44.7467011253 44.7920553113 44.886761318 45.050456885 44.8536983823 44.9849760622 44.8657076605 44.7383289869 44.6255152161 44.9752705392 44.6675556453 45.145176876 44.9434229334 44.5310283387 44.9083844656 44.8183475345 44.8561769988 44.8248018138 44.7291421943 45.0525753763 44.7514331696 44.5114939666 45.1233189107 44.7791667766 44.5886600926 44.6775664268 44.8284907779 45.0140415091 45.0415173432 44.5062917293 45.1523178212 44.8425497705 44.8552057145 44.7568595364 44.9304720238 44.777675553 45.021683753 45.1467786497 44.5680403088 45.1299089181 44.9719464594 44.6947507175 44.9405315681 45.1212779317 44.5138572599 44.6253678889 44.5179441731 44.5497647183 45.1558914
45.0615767101 45.1479605561 44.8940701472 45.1295506613 44.6388733297 44.8044626719 45.1722515195 45.1920892531 45.0240068585 44.7027065201 45.068443213 44.5875180504 44.6227312207 44.5750063399 45.0071807973 44.6204663198 44.9499634853 44.5694372751 44.9896221152 45.0695778465 44.7808239293 44.9370885096 44.9168612217 44.551091111 45.0567740574 44.9542525559 45.0018017244 44.5995540008 44.5022215813 44.787426351 44.5107299812 44.8075115084 44.850388086 44.6424603736 45.1121790179 44.9860747268 44.779099148 45.1229504023 44.6764189688 45.0415757952 44.5829905521 44.8644601521 44.511977597 45.1180012265 44.7461452543 45.1389809572 44.8637415911 44.6172575298 44.6330929214 44.7864504687 45.1058942754 44.8448944417 44.547072627
44.609890345 44.5156766207 44.5266350933 44.8736092444 44.529989957 45.040670055 44.8310258798 45.1475908157 44.8030982452 44.9549229869 44.6985864622 45.1952421438 45.1944880574 44.8662319281 44.7926373365 44.68788318 44.9697230483 44.6440955619 45.1124952067 44.8341223808 44.8821943452 44.9273062225 44.6057713611 44.9096514579 44.7155912428 44.6452489407 44.9220770462 44.600615477 44.9390148387 45.127988327 44.7312145968 44.9739657404 44.5829035038 44.5039821649 44.8987175577 44.8301818334 44.6430501204 44.8603748367 44.5765544273 44.9075896833 45.2019817038 44.6342988252 45.1016553498 45.0741850332 44.8276535688 44.6389169218 44.9253658408 44.7572366419 44.7804097291 44.5429362024 45.1684566393 45.0685874654 44.8302701784
45.0888591999 44.5624969517 44.7146580283 44.6982454484 44.869984647 45.1231846345 44.8735038445 44.7032493192 45.1439297087 44.5976822009 45.1352457667 44.9595681264 44.7249740347 44.7228533457 45.1824772134 45.0416277065 45.0928834701 44.8083336979 44.5860129342 44.8863887176 45.03535495 44.7468896603 44.8570490924 44.8598409118 44.8050219819 44.9533747599 44.8567961745 44.5755668522 44.980121976 45.1277956737 45.0311963661 44.9285259771 44.8402043243 45.0747214948 44.5675078825 44.9433041259 44.806251939 44.7648490517 44.5868504698 44.5576774863 44.8484009638 44.8476040674 45.1815555179 44.7545466012 45.0624361519 44.7280942027 44.5698922823 45.0240582145 44.9561167347 44.6455403376 44.5652815585 45.1306552237 44.7476917003
44.9822094567 44.711623949 44.986465766 44.8386279009 44.6941141449 44.9821354669 44.5373036671 45.1821636102 45.0546043443 45.1653790566 44.6440611705 44.8827757441 44.8677334324 45.1925616697 44.6750789781 44.6617954677 44.8338094543 44.5092349263 44.5894176016 45.1158279234 44.8307650388 45.196569432 45.1932640152 45.0293813747 45.1373683243 44.5335737999 45.0963627344 45.0792076786 45.0523470017 44.8526393821 44.6332237503 44.9952121815 45.1111357932 45.0911920841 44.6617650478 45.0256765512 44.6872039801 44.9891648831 44.8186308137 45.1844693373 44.9599013076 44.9906286344 45.0283397999 44.6156444974 44.7352543867 45.1984015173 44.6431297441 45.1386179271 44.9780368012 45.1433764926 45.0416351363 44.6629831926 45.1611917174
45.0305181702 44.853919323 45.1948458459 44.6781511002 44.8346486861 45.1816390644 45.0123322774 44.8676931505 44.7626288245 45.1328028402 44.8617794771 45.2059252224 44.5559402367 44.7029831436 44.9108401004 44.5432142269 44.8503140291 44.5196469906 45.0788515059 44.7491446206 44.71312138 44.6783802751 44.8574500385 45.065432843 44.6160456741 45.1472987927 44.8121003252 44.5361242701 44.6356726224 44.970433706 44.6964616867 44.7993822216 44.8988255496 44.6210334451 45.0846187375 44.7576137303 45.0316497948 44.7815183999 44.624883319 45.0440350507 45.0522882718 44.6028018726 44.7538750683 44.7387703396 44.8050894335 44.6304542282 44.5110549262 44.9205972622 44.8095407604 45.0073500284 44.5547490015 44.5722969799 45.1395119904
44.6136966845 44.5078401137 45.1042238255 44.5190121857 44.7907851835 44.8036109155 44.6957227245 45.1921179841 45.0555360091 44.5005318765 45.1331215272 44.7374072197 44.9170340711 44.8642698143 45.1306027645 45.1000893911 45.1011965625 44.8336722097 44.7031177578 44.8829441859 44.8626860373 44.9519392841 44.6028899355 44.5073073274 44.9472727969 44.9118348632 44.8140307725 44.776962413 44.8163505934 45.009512734 44.8074445928 44.9883595222 44.7427678084 44.8154961566 44.8723994009 45.0473257591 45.1707059799 44.9980196441 44.5600385749 44.8687068712 44.7283375603 44.873109395 44.8785476586 45.100900294 44.8200663354 44.6308472093 45.1659800687 44.7593869439 44.9575599146 44.8628985282 45.1451611475 44.8027349779 44.6878831779
44.6652768401 44.8207146175 44.9760126838 44.794691722 44.521705075 44.8351403502 44.6600993969 44.9698057871 44.8348938395 44.5543366672 45.1759285546 44.5084131603 45.1371086873 44.7827503292 44.5203464509 45.1830563147 45.1776592825 45.1156084665 44.9044539322 44.684853074 45.1785622799 44.5243743811 45.037703066 44.518355371 44.7839320736 44.8753262664 44.6110964618 44.7963739494 45.0759782865 45.1980755279 44.5159927341 44.79318412 44.9417442355 45.0533314623 44.7863483617 44.5843381183 44.5439176047 44.6400616148 45.1689184493 44.717610023 44.9652472488 45.0350754716 44.6852801478 44.9471264927 45.1905035118 45.1207259707 44.9416848406 44.7848264672 45.1703146799 44.9439066655 45.188006407 45.0731782935 44.9386671557
44.9505811778 44.5868924268 44.9264591299 44.9047716993 44.5849958405 44.5251835549 44.8201013475 45.0125696753 44.903422561 44.5875242376 44.8891962827 44.6676525732 44.549525207 44.8938174569 44.6471183258 45.0348577357 44.5878844898 44.6951770732 44.6367366705 44.8409961322 44.7941384994 45.0152035764 44.8923798169 44.9192861329 44.72663596 44.7213466115 44.954962405 44.5619890555 44.6724029646 44.7194928023 44.9253176067 44.7943313312 45.134512091 44.8936254052 44.7134634092 44.8031531492 45.0419668966 44.7205527031 44.9193104014 44.7268965183 44.6025839536 44.6774042203 44.616288826 44.6892883823 44.5445815308 44.6098368313 44.599672692 45.0388935474 44.6596003784 45.1728209097 44.5679862606 45.0541204524 44.9431062033
45.0177821112 44.6664602744 44.8094758919 45.1978302061 45.0362911254 44.8720183706 44.782855262 45.0116238468 44.5491797606 45.0639014429 44.6983518518 44.956132823 45.0830405025 44.926302323 45.0913603664 45.1541386498 44.834612886 44.6636880828 44.7436454932 45.1937719004 44.9204188777 44.8737944174 45.0948216376 45.1611646167 45.0958842126 44.7055888627 45.0067215731 45.0368692204 44.8814605259 44.99330118 44.6942029825 45.0345762455 44.9974764073 44.6904917316 44.6935728893 45.0222585556 44.8006847239 44.5933674162 45.0843721743 44.5102888146 44.9655076949 45.0955173893 44.9797972641 44.6284612414 44.5148523603 44.847153676 44.8525267719 44.9122787505 45.1460511491 44.8237424735 44.6824473271 44.8640139077 44.6131337359
45.0933022143 44.6796455274 44.9587876251 44.7206456302 45.1429731444 44.5261260254 44.6045837841 44.7432334003 44.7170190139 45.0296752236 44.9460333829 44.9341510855 44.8227842067 44.5199348907 44.896867445 44.984638525 44.8023158253 44.7497642569 45.1040635525 44.5066206669 44.7973515973 45.1398531976 44.7155720875 45.1656117116 45.1170507339 44.682503647 44.7337374191 44.9844352243 45.0448044551 44.9513922672 44.6559292161 44.9618822813 44.7049838966 44.9992268427 44.533873675 44.7787350587 45.1721040242 44.6191602919 44.9445357325 44.7790471229 45.1867503415 44.8606227051 44.6144752487 44.9358911513 44.5675884019 45.1595195179 45.0435008483 44.5347108494 45.2065723065 44.8328906012 44.9030712507 45.033784474 44.8441216699
44.7679688491 44.5883762132 45.0916235823 45.089175523 44.9744601715 44.5674579644 44.9824011498 44.564676907 45.0187523842 44.7458868099 44.8558184793 44.6320354448 44.5857947472 44.5804041547 45.0368593688 44.6454460192 44.6392162227 45.1469978944 44.5167757182 44.5165745507 44.856279647 44.9050543864 44.8783444003 44.8599587397 44.9495482354 44.9846627767 44.611548013 44.9831723364 45.0677885474 44.6879656845 45.0183730512 44.6110591322 44.7391535484 44.9084101294 44.8796891358 45.1654482515 44.8891322634 45.1696942838 44.7750688343 44.5793656794 45.0824155576 44.9374965905 45.1012202992 44.8286322622 44.6119246155 45.0559491588 44.5650639184 45.1208065125 44.7948378166 44.7543208919 45.1923493355 44.7188598406 44.8202875506
44.9475926171 45.0032561136 45.1737955553 44.7956500939 45.019612659 44.766810784 44.6046345472 44.8997918447 45.0777097742 44.5425932864 44.8749286808 44.9173274786 44.9234885092 44.5458725764 44.7850350919 45.1077191033 45.1139933234 44.6334414988 44.8637685461 45.0005813494 44.9264747557 44.9532948906 44.7878579933 44.6421896256 45.153067718 44.7521298702 45.049024446 44.7533362023 44.7724493766 44.7391982261 44.9876716278 44.610291016 44.6771842651 44.55771826 44.7182046117 45.0007989481 44.9520239389 44.921508075 44.7564223561 44.8402629652 44.5208622099 45.0176857653 44.9535104416 44.6049652079 45.0314097079 44.6525626586 44.6653913248 44.6339366444 44.6442169331 44.6499213101 44.8175389887 44.5115864921 44.9416977379
