Spatial_Output/90% DEC/90DEC_0387.asc
NCOLS 155
NROWS 192
XLLCORNER 196769.923733
YLLCORNER 449719.875193
CELLSIZE 27.603701
NODATA_VALUE NaN
[rows 115 to 137 of 192, columns 0 to 52 of 155]
0 0 0 0 0 0 0 0 0 0 0 0 0 0 0 0 0 0 0 0 34.0173415159 34.3017685309 33.9616737273 34.0526042278 34.2593240158 33.005335405 31.6075331649 32.0725776032 32.4020299653 33.2809511749 32.8241404565 32.6148402763 33.5892905039 34.366705598 33.3232039943 34.1488845494 34.339101525 32.0663699645 32.9808429086 33.1773801078 31.9960849628 32.9967249727 33.3085072571 35.0207477534 33.8573649566 32.6820477911 34.1237935904 32.7061692279 32.5906685293 34.7132146004 34.7809347264 33.8686140018 34.8980570998
0 0 0 0 0 0 0 0 0 0 0 0 0 0 0 0 0 0 0 0 34.7083958105 31.5911624924 33.8636726787 32.929156558 32.8044252272 33.3562757637 32.6343103186 33.4665623213 34.9428552237 35.0037747267 33.8142524411 33.7033908844 33.2362066558 33.7241240157 31.6981423195 33.0293919148 35.0065263594 32.7125240721 32.4005037456 33.3235776938 34.3720311701 33.5756490226 31.7221684094 33.0715347882 32.4472761529 33.8344645254 33.7515655857 32.2162058588 34.9920949672 32.7267792816 33.2306756569 34.4858776672 33.5535216997
0 0 0 0 0 0 0 0 0 0 0 0 0 0 0 0 0 0 0 0 0 34.539844134 32.9176422651 32.2707774285 34.6594540163 34.8389689444 34.1769378189 32.3244192176 33.8601251596 33.3099643763 32.2854360903 34.7238597039 34.3677221344 32.3024984595 33.2739867264 34.1863086782 34.4020284167 33.285582606 32.6693377179 31.9412862857 32.6129041041 32.869511502 32.7690446287 34.9324980569 33.1937247502 34.3367870625 32.9957620063 31.7609946048 33.414391828 33.2505335208 34.7162634757 31.6531448105 34.9596313185
0 0 0 0 0 0 0 0 0 0 0 0 0 0 0 0 0 0 0 0 0 34.2415840943 34.321941483 32.1091535643 34.7649147671 33.4833337198 34.0833662405 33.6485610726 32.7112974394 33.8846392432 34.8934536 32.961572046 34.8822120402 32.6556330383 33.4771229935 34.0633338552 31.7948264104 32.0257090887 32.9916894424 32.7423085918 33.7570024433 34.697992832 33.6128432528 34.8507277611 34.4933346303 34.7801074446 33.062291508 34.6047772063 34.7848790441 34.4930267881 32.8520693983 33.6725540748 34.9690481031
0 0 0 0 0 0 0 0 0 0 0 0 0 0 0 0 0 0 0 0 0 0 31.9148703335 33.6203566977 34.0982389692 34.7530719467 32.8523828174 32.9408792417 34.0877986124 32.5548950627 34.852503664 32.9824613777 32.257019446 33.0835194789 34.85184125 34.7867563375 34.7421443652 34.1195258348 34.7456031398 34.2665822079 33.7171296555 34.0547428668 32.4083037061 33.2234974052 33.7254898979 33.7591194538 34.484534195 31.9469379042 34.7991302408 34.8875677776 32.063326528 31.7158482028 31.9171475013
0 0 0 0 0 0 0 0 0 0 0 0 0 0 0 0 0 0 0 0 0 0 33.3319884869 32.3607628666 35.0350739273 32.4879488244 33.3119348289 34.6990989801 32.1381116998 32.9122771955 33.2656863012 35.0182540973 33.9019592173 32.4391870799 32.5398414202 34.1705838074 31.529001066 32.6531361773 32.8649940963 33.5276345785 33.1975037556 33.9012032334 32.6019157331 31.9460630575 34.3805128625 31.7575417663 33.2007184169 34.2943204977 32.1600002208 34.6854214225 34.3302847645 33.572536884 33.2327715398
0 0 0 0 0 0 0 0 0 0 0 0 0 0 0 0 0 0 0 0 0 0 0 33.0132240432 32.0778644731 32.2306528307 33.8638916829 33.7211216697 34.6103924692 33.292818999 32.5241770858 32.0306479147 31.7219449203 34.883376877 34.1436169077 33.1992680568 32.6888968298 34.5227568933 33.6746492758 33.7602905246 31.6276972856 33.3439128425 33.7598832008 34.107281293 34.6009884433 33.0025675814 34.3333630647 34.1195349406 31.7714999711 32.4035739355 34.8603705371 32.8042318556 34.252361117
0 0 0 0 0 0 0 0 0 0 0 0 0 0 0 0 0 0 0 0 0 0 0 0 33.9604071816 32.1360091586 33.1075537662 31.8815627245 34.230062429 32.4083120037 33.9086742843 31.8029822674 33.7907447215 33.1080299118 32.7344114279 33.9033719308 31.6609853426 33.4385690754 34.7689233552 31.6410567187 33.5122156111 33.9728096276 32.9738404017 32.2095474409 34.4838755763 32.1632401518 33.7391127358 34.0084256043 31.7306237107 32.4286792392 33.7711877177 34.9868068296 34.4502059945
0 0 0 0 0 0 0 0 0 0 0 0 0 0 0 0 0 0 0 0 0 0 0 0 31.9288162703 33.7820281368 31.9243476477 32.2580960275 33.2987129306 32.8375096185 34.8073569561 34.457907203 33.2017446773 31.7845815299 33.2601607267 34.6732393478 32.9814676074 31.7615000225 32.9002554437 33.7423950268 33.7136312783 31.9086845338 34.2499165417 34.7569932419 32.3124999745 32.5860756303 31.6767025475 33.2564487738 35.0003826731 33.3213045819 33.0324131198 32.1522354499 32.5725192094
0 0 0 0 0 0 0 0 0 0 0 0 0 0 0 0 0 0 0 0 0 0 0 0 0 32.5535774119 33.8571012254 32.4917418722 34.816345708 33.9102517131 33.9661748986 34.4189270635 34.565747371 32.342628832 34.8765332938 34.9617288014 34.4594042378 32.3814726825 33.9277640839 32.0353783915 32.0922483794 32.3395129027 33.945539149 32.795787088 34.9904332489 31.5922929312 33.4492628515 32.7262595101 32.5493767283 32.4332069488 32.3148805664 31.9546245785 34.9953330747
0 0 0 0 0 0 0 0 0 0 0 0 0 0 0 0 0 0 0 0 0 0 0 0 0 34.1108075648 32.314956395 32.0909002377 34.5974169135 33.4081870772 32.4990762747 32.9305305208 33.809971577 32.5832683946 33.8224955523 31.8479213939 32.7107161364 33.6875505895 32.9348991155 33.1496050888 33.0146485302 31.5194923373 33.1466948827 32.0753307042 34.8654681903 34.0042386623 31.7334369182 34.6716495786 34.4993130349 32.1625502733 34.0013883932 34.0082209867 33.0957240942
0 0 0 0 0 0 0 0 0 0 0 0 0 0 0 0 0 0 0 0 0 0 0 0 0 0 33.021755819 32.5027167532 34.916476024 34.7957923111 32.9321922551 34.5589495805 32.4667557714 31.5855552292 34.5078435866 31.9353238037 32.1188742154 31.5724168628 33.3600598626 31.6867789957 32.8096142683 31.623004752 34.575276133 34.1712592194 34.0594771189 31.9627842968 31.5615978914 32.3983532624 32.0374025736 32.8410624096 33.1108255056 32.9130991781 33.3553342278
0 0 0 0 0 0 0 0 0 0 0 0 0 0 0 0 0 0 0 0 0 0 0 0 0 0 32.0603089957 32.9836186149 32.4537779422 31.5150411242 33.344188712 33.7712336912 31.7101342064 31.7586688111 33.6611104646 34.706102991 32.6590195429 34.865052948 34.4864019432 33.8937592923 34.7099283976 31.8782510985 33.7283990296 32.3735330625 33.4782699267 34.7836538052 34.8393621784 33.9342968269 33.2452780375 32.4587793053 34.6073124512 31.5319512611 32.3962065535
0 0 0 0 0 0 0 0 0 0 0 0 0 0 0 0 0 0 0 0 0 0 0 0 0 68.9900707502 68.9900707502 33.5134348819 32.8738085224 34.4278674847 31.9611080922 34.8431019809 31.7606855005 33.6026726395 31.9707373947 33.204135325 35.030559713 32.5923471712 34.4154658881 32.5426660643 32.0073660951 32.4908759474 33.7197546733 33.4036203754 34.8576918704 31.5114774381 31.5015349791 34.3095613238 33.540324299 34.8075708099 34.7235632086 33.894649269 32.4152330822
0 0 0 0 0 0 0 0 0 0 0 0 0 0 0 0 0 0 0 0 0 0 0 0 0 68.9900707502 68.9900707502 68.9900707502 31.9634136505 32.9897643651 32.2025782965 34.4482328763 32.7173020612 33.9587452877 34.4210070566 31.5282314925 33.2545759034 33.3103589125 32.5247010683 32.5591740562 33.9399142738 34.1285676084 34.2239940175 34.9694622795 33.449355632 33.2789872027 31.5402192326 33.6387150099 31.7283070943 34.9485926693 34.5533470901 34.5534996149 32.5970629253
0 0 0 0 0 0 0 0 0 0 0 0 0 0 0 0 0 0 0 0 0 0 0 0 0 0 68.9900707502 69.2456416257 33.190736541 33.5555932128 32.2423267861 34.1353854139 33.8163356382 33.1859048149 32.6381839405 32.8825687063 34.4567442237 33.7435785277 32.0097973982 34.2860225221 32.6456478782 33.9970823928 31.7612508434 33.8946310991 31.6479128386 34.035058597 31.9078030645 34.7103557472 32.1276068429 34.844156095 33.8271057826 34.6710715605 34.2168156737
0 0 0 0 0 0 0 0 0 0 0 0 0 0 0 62.9651008342 60.8474068425 52.8307899272 0 0 0 0 0 0 0 0 0 0 0 34.0219228727 34.5914530347 33.3938057376 34.1048199825 31.565005385 32.0199176561 34.9433118115 34.965630647 31.9380859597 33.8664158948 33.9971771978 34.9069672853 33.7450752904 32.1003902928 32.1589802308 33.1545944174 32.7834176873 34.6593526218 32.1274822881 32.2359398015 32.0690858864 31.8968812918 33.0681570152 32.125098669
0 0 0 0 0 0 0 0 0 0 0 0 0 0 0 66.575428148 56.5194917792 69.1093935428 0 0 0 0 0 0 0 0 0 0 0 0 34.9136597058 32.421695534 32.318756083 32.7543355755 32.3657813908 34.5501757346 32.3464328109 31.9801364343 32.9531830732 33.6864710682 33.4273011422 31.860680058 32.177757483 33.1780732452 32.9217363603 32.6065987549 33.959432571 31.9348498408 34.9606041786 32.6600523123 34.3064705127 31.7485786902 32.788531545
0 0 0 0 0 0 0 0 0 0 0 0 0 0 0 56.4911436737 55.873357394 68.6750183445 0 0 0 0 0 0 0 0 0 0 0 0 32.2795081793 31.7200927146 34.4884493273 34.5643505477 33.7109727013 34.9764444588 31.7812076304 33.7112932404 34.3758008253 34.1474175267 32.6068822817 32.9321880042 32.6706272792 34.3529690212 31.9294540963 33.5691273741 33.9280733184 33.8040266622 32.2443928111 34.6954512111 31.7017650069 33.7086815064 31.6256837479
0 0 0 0 0 0 0 0 0 0 0 0 0 0 0 0 0 0 0 0 0 0 0 0 0 0 0 0 0 0 0 34.037949813 33.3089630794 33.9170073871 32.7800866099 32.5162251181 34.2027055596 34.4669438125 34.9734337691 31.7174257176 33.9024475365 33.6210325271 33.6226982341 34.3468189593 33.0833256895 31.5880597255 34.6489232008 33.8350579103 34.0833310188 31.6907699665 33.1820468199 34.7228038901 34.028429817
0 0 0 0 0 0 0 0 0 0 0 0 0 0 0 0 0 0 0 0 0 0 0 0 0 0 0 0 0 0 0 0 32.1509351414 32.731703646 33.6442669047 34.5743833737 32.1413426229 34.4990195854 34.4659363161 32.8738542406 32.7797463534 31.5989931144 32.9337712868 32.6517374345 31.9613886589 33.0524246048 34.8586406643 31.9286400078 34.7674704993 32.7638598897 34.1884384565 32.5068821148 34.8121859215
0 0 0 0 0 0 0 0 0 0 0 0 0 0 0 0 0 0 0 0 0 0 0 0 0 0 0 0 0 0 0 0 0 33.8867573603 33.0138294068 31.816736053 33.0358063003 34.3308237907 34.7036220913 34.6199646116 34.2455856508 32.1331043414 34.5719346302 32.6027321197 34.5161314425 32.0255966316 34.0457491158 31.7309989419 33.4771357504 33.6200232983 32.861412587 34.6576728695 32.4648679645
0 0 0 0 0 0 0 0 0 0 0 0 0 0 0 0 0 0 0 0 0 0 0 0 0 0 0 0 0 0 0 0 0 32.393913427 32.2628693306 34.5483084156 32.8383087532 32.7281659776 34.9575481168 33.3369123443 33.4419803246 33.3294292963 32.1713999826 34.0676262387 33.9496984839 33.7238538376 32.4058896327 32.4037883879 33.5649215753 34.361504788 31.7152030981 33.3264269189 35.0071350424
