Spatial_Output/90% DEC/90DEC_0357.asc
NCOLS 155
NROWS 192
XLLCORNER 196769.923733
YLLCORNER 449719.875193
CELLSIZE 27.603701
NODATA_VALUE NaN
[rows 161 to 183 of 192, columns 53 to 105 of 155]
36.1604672145 36.6982098444 36.1252237419 37.1323534875 36.9156868478 36.8241369114 36.4569474261 36.7190413489 36.8249997229 37.0650986676 36.9411734103 37.3027808456 36.4983730683 37.2686864174 36.9309326478 37.1087711285 36.8725590106 36.0542494691 36.3156525114 36.9179224957 37.1992611927 36.6298399344 36.8675059372 37.3904559045 36.6369629023 36.1576961319 36.8905015256 37.2724955647 36.9404885895 36.98465388 36.6426276995 37.2768683996 36.4053558965 36.4943989723 36.1535447152 37.2358762477 36.3407876992 37.2674436279 37.0802580319 36.341412178 36.2128148458 37.3738277193 36.6463808671 36.2337216638 36.1732304574 36.3911707867 37.1998412181 37.1670133933 37.0389733846 36.9049515262 36.4231848714 37.3336488131 37.2889134579
36.5831314184 36.210015041 37.3165187155 36.0341981685 37.185177808 37.3557432143 36.0019886006 37.1481203995 36.3221926762 37.0379776565 36.2722984273 36.2908201468 37.3345656423 36.2102606706 36.2575655356 36.333997214 37.0052304887 36.6336494749 36.6302824752 36.217227178 37.1218473963 36.9263324903 36.4364450302 37.0088101186 37.2186267036 36.9134960264 36.9761514539 36.9072414718 36.5409288418 36.0371461136 36.4037337053 36.1180136793 36.2137914699 36.3941023758 37.3187897868 36.8333980535 36.6485438685 37.2715029164 36.2020649739 36.264130275 37.3460942912 37.1350290203 36.5418474796 37.3933020956 36.6957733995 36.1403166822 36.6244344647 36.6646085873 36.3490185952 36.5210132833 36.8873261368 37.2889115417 36.8481814203
0 36.7265087821 36.8323942664 36.372247229 37.301792719 36.5930562146 36.9433485904 37.0137492709 36.0831095387 37.3934685282 37.3823950387 36.5872123017 37.3058498177 36.7368123668 37.1934244879 36.5153295492 36.3901762272 36.1542119177 36.6603185572 37.3553790056 36.0907757445 36.439875979 37.0637787162 36.406508264 36.6779975833 37.2093171401 36.5488396997 36.2495334344 36.1570382603 36.2807024439 36.4150463541 36.5144338665 36.1187858084 36.8187367886 36.7759344738 36.4389242084 37.1140005144 36.0298337881 36.7337992992 36.4162964096 36.6453811071 37.1937576374 36.8894906887 37.129633753 36.6339403444 36.2165842174 37.3793647375 36.9515026623 36.1061274034 37.2566892029 36.5528861699 37.1158982852 36.1426942637
0 0 0 36.4380839932 36.3294830441 36.8942094689 36.1290934524 36.5504847499 36.4449618601 36.5794528614 36.7369264655 37.3317105112 37.2584941692 36.8139630544 36.2969273631 37.2376066362 36.6017366865 37.0370622056 36.1592450904 36.9370263979 36.6556379579 37.3611551637 36.8696236627 36.3293299903 36.2867823267 37.1740307959 37.0187830205 36.6470072771 37.0417289627 36.0295806181 36.4699896292 36.1758146333 36.8817985096 36.4517126476 37.1343336707 36.0217840965 36.9447052924 36.8652231194 37.2477609563 36.5115957627 36.9805757376 36.8039276607 36.4690238935 36.739764905 36.1649679597 36.3172724552 37.3620133331 36.3675204656 36.5332990035 36.2678715542 36.7711212551 37.2331596331 36.0803125883
0 0 0 0 0 0 36.4645153678 36.1682707167 36.5303102302 36.043642877 36.7346879306 36.9371380571 36.4639436107 37.0705743742 36.9602349025 36.8249127751 37.2198548053 36.7861443184 37.2123848428 36.2232235332 36.8528180378 36.4866184804 36.8363830874 36.6004345034 37.3412764761 37.085028413 36.7969525578 36.9451480069 36.8726412713 37.2974444908 36.5206198096 36.3963235361 36.6793198169 37.23785092 36.1292200493 37.0110110262 37.2096341322 37.1407941513 36.8186205563 36.7968125676 36.2051367472 36.3684680372 37.2124507519 36.7296479405 36.5631682916 36.6789580324 36.7781424493 37.2029127587 37.3245621261 36.1563914503 36.9167446358 36.9102740866 37.0418101988
0 0 0 0 0 0 0 0 0 36.62903172 36.1596253032 36.190424288 36.7353538248 37.0736857063 36.402993735 36.4707242701 37.3067025826 0 36.3638054318 37.1205744665 36.2837287835 36.7792107678 36.8942397825 36.4279395147 36.5242580999 36.7720814254 37.0491815984 36.0341687361 36.231285295 37.2148959268 36.6288179601 36.6322585578 36.7256001541 36.8657633344 36.9948231747 36.9152684511 36.8924674215 37.1455569304 36.1379378576 36.4789515634 36.3940501491 36.1866557643 36.2930697247 36.4342511839 36.0027124934 37.1246399828 36.9473726637 36.8026457874 36.0666081676 36.3432989798 36.1313733279 36.2061441119 36.8762665896
0 0 0 0 0 0 0 0 0 0 0 37.3150223141 36.0637130267 37.345273105 36.8171972081 36.7755120696 0 0 0 36.5255224937 37.2032295731 36.530517146 36.9240239866 36.9441948088 36.3861406956 36.7062657076 36.6503310922 37.009100208 37.0467897944 37.1103451854 37.2412224611 36.7984567231 36.8790620492 37.3702366676 36.3241837885 36.4742121608 36.6771321086 36.6847210447 36.8398534583 36.3326852922 36.3671048821 37.1032934458 36.0618374061 36.9580809892 36.4331052426 36.9428080007 36.932439729 37.1699950536 36.7504492439 36.9252698626 36.2513072199 36.9911948134 36.7190034982
0 0 0 0 0 0 0 0 0 0 0 0 65.9304345373 65.9304345373 65.9304345373 0 0 0 0 0 36.0924505511 36.7098170039 36.3677515792 36.3843925532 36.1051982612 37.1302546994 37.1281113872 36.130769348 36.322281712 36.513908594 36.1325087715 37.1774213615 36.3456239205 36.4680775905 36.4793469542 36.7541733615 37.3547557749 36.3988576977 37.079419439 36.4885104594 37.2578093585 37.2675496053 36.843462863 36.6839466203 36.6273934423 36.7100169515 36.7897000758 36.3106099546 36.2217218801 36.6746991395 36.9177549981 36.4323828566 36.097678658
0 0 0 0 0 0 0 0 0 0 0 0 68.0805206007 64.9109134919 77.3487911681 0 0 0 0 0 36.5065391701 36.731479121 36.5034097966 37.1273083947 36.6931480457 36.7472214839 37.2507289653 36.3620367973 36.4528507645 37.172590183 37.0254069812 36.6070980282 36.4872874721 36.949854248 36.3476931505 36.9918988499 36.8859054097 36.8375285569 37.1804298211 36.9133966085 36.2344361188 36.9222260082 37.0910239277 36.2458778337 37.0381539271 36.5201517381 36.1391529873 37.0483882023 37.2230755784 36.7164186164 37.2002642456 37.2882855216 36.2503873872
0 0 0 0 0 0 0 0 0 0 0 0 65.4005229577 81.3557708441 82.2246459929 0 0 0 0 0 0 37.1919329635 36.0891700182 37.138010873 36.0152956625 36.1191903271 36.6528751216 36.0377432439 36.8160496509 36.4386335013 37.2301538716 36.9713014804 36.8812174229 37.2460670691 36.5035581976 36.1181818351 36.6104996301 37.0792548354 36.0907558702 37.0872688902 36.6249015004 36.9634283748 37.1171151218 36.3439397975 37.3857625179 37.2807625138 36.0335542392 36.0436121813 36.4054364963 36.4536891238 36.917549337 36.626799793 36.8183942583
0 0 0 0 0 0 0 0 0 0 0 0 69.2642108988 75.7876964845 67.6374943658 0 0 0 0 0 0 0 37.3960339259 36.0877004182 36.7543367893 36.4846966353 36.9439028608 36.5398465442 36.039031702 36.4979499146 37.0300779812 36.7594816603 36.9389069305 36.9375545624 36.3824744631 36.9083896683 36.4206069406 37.3601797565 36.482940944 37.027260551 36.4324787172 36.3811878219 36.9672792415 36.8667284194 37.3736623434 37.1307854181 36.7755321611 36.3952207722 37.098813586 36.5136703059 36.1538270775 36.7829749743 36.1289886384
0 0 0 0 0 0 0 0 0 0 0 0 0 0 0 0 0 0 0 0 0 0 0 36.04024288 36.332152347 36.394567563 36.955056992 36.7774401423 36.1906150698 36.2538099115 36.3707501412 37.105502989 36.9334779294 36.0198429366 36.6796202301 37.0434222863 36.3223177888 36.051543583 37.1785287002 36.2462522388 36.8870346177 36.2926553133 37.2017620971 36.1256782919 36.0283809908 37.2704435557 37.0539465336 37.2981499292 36.7266329788 36.1699329874 37.0462324419 36.0021632679 36.3652423064
0 0 0 0 0 0 0 0 0 0 0 0 0 0 0 0 0 0 0 0 0 0 0 0 36.1771595192 36.6134635412 36.1469661305 37.2731458229 36.8082092212 37.2570132708 37.0336246452 37.0814594164 36.7663743496 36.8919268807 36.6461599586 36.3022747859 36.3514088173 36.4249721507 36.8152900674 36.0827531234 36.8494916464 36.6058323667 36.5777058622 36.5113950663 36.5826915014 36.2121635218 36.6538905812 36.6992946456 36.1008824266 36.0731232199 36.051330045 36.7786060745 36.5205377947
0 0 0 0 0 0 0 0 0 0 0 0 0 0 0 0 0 0 0 0 0 0 0 0 0 0 0 0 0 0 36.3264361406 36.6787468098 37.1687379759 36.7565401831 36.9269688761 36.9191119898 36.1781076145 36.0873061404 36.8157751292 36.6207737945 36.5070034305 36.3437138673 36.9164684531 36.4198593838 36.9316332888 36.6122383168 36.0524389487 36.1518475987 36.1207947608 36.0604579155 36.4409622179 36.1826233706 36.1703895715
0 0 0 0 0 0 0 0 0 0 0 0 0 0 0 0 0 0 0 0 0 0 0 0 0 0 0 0 0 0 0 0 0 0 36.0375073843 36.1613431545 37.0930469103 37.1727073522 37.0963968107 37.0215158624 36.0411673113 36.6372729999 36.9468574338 37.2263818466 37.1331518129 37.0013313875 36.8317884632 36.9274150264 36.5982078661 36.1161178511 37.1809201093 36.5835103641 36.5929698389
0 0 0 0 0 0 0 0 0 0 0 0 0 0 0 0 0 0 0 0 0 0 0 0 0 0 0 0 0 0 0 0 0 0 0 36.3234476847 36.3476711097 36.9476613916 36.4833068349 36.9725046121 36.7577260054 37.1859554565 37.0467160045 37.0221651666 36.6725928828 36.903166824 37.1326474637 36.1850557059 36.087081694 36.415059511 37.2559707079 37.0150041429 37.0467699562
0 0 0 0 0 0 0 0 0 0 0 0 0 0 0 0 0 0 0 0 0 0 0 0 0 0 0 0 0 0 0 0 0 0 0 0 36.3852029187 37.1047636778 36.9553607458 37.0776399501 36.2173989141 36.9970185144 37.1863958253 36.6499141126 36.6025370354 36.7136670212 36.7629536474 37.1418019005 36.5223421328 36.950531669 37.3873523039 37.3910542283 37.4114372195
0 0 0 0 0 0 0 0 0 0 0 0 0 0 0 0 0 0 0 0 0 0 0 0 0 0 0 0 0 0 0 0 0 0 0 0 0 36.8010069455 36.9973632567 36.0993976802 37.0703578418 36.5110300857 36.9950050963 36.0727878543 36.2320919355 36.8434977145 36.65063763 36.1175367859 37.2752977283 37.4000637285 36.1809507403 37.0797617407 36.4702846998
0 0 0 0 0 0 0 0 0 0 0 0 0 0 0 0 0 0 0 0 0 0 0 0 0 0 0 0 0 0 0 0 0 0 0 0 0 0 36.0889965039 36.4890877075 36.9689293039 36.3464510095 36.1378266607 36.9458335807 36.1433564414 36.5882779637 36.9207752802 36.486929035 36.4226245115 37.025017027 37.3085479654 36.9199978574 36.4993138545
0 0 0 0 0 0 0 0 0 0 0 0 0 0 0 0 0 0 0 0 0 0 0 0 0 0 0 0 0 0 0 0 0 0 0 0 0 0 0 36.484557019 36.9523023874 36.60064111 36.3584196667 36.0435958846 37.2439021081 37.3210777571 36.2578529914 36.7242204253 36.4136548478 37.2778726045 36.7784762098 36.2927986589 36.0874448041
0 0 0 0 0 0 0 0 0 0 0 0 0 0 0 0 0 0 0 0 0 0 0 0 0 0 0 0 0 0 0 0 0 0 0 0 0 0 0 0 36.9683531008 36.925687341 36.1332547182 36.5498621361 36.437232085 36.2261232595 36.4078271192 37.2238805434 36.8554301112 36.4662123124 37.2064113259 36.8199511115 37.1870103188
0 0 0 0 0 0 0 0 0 0 0 0 0 0 0 0 0 0 0 0 0 0 0 0 0 0 0 0 0 0 0 0 0 0 0 0 0 0 0 0 0 37.2149430148 36.3409902024 36.2195111264 36.0319469402 36.901049558 36.9132924535 36.1058619863 36.0919643018 36.6843916029 36.9651705104 36.613875925 36.3229828507
0 0 0 0 0 0 0 0 0 0 0 0 0 0 0 0 0 0 0 0 0 0 0 0 0 0 0 0 0 0 0 0 0 0 0 0 0 0 0 0 0 0 37.0413711605 36.2231205908 37.2231870974 36.150818382 36.479827209 36.6662242198 36.0327960476 37.1161963667 36.4249126635 36.6408411334 36.1842302634
