Spatial_Output/90% DEC/90DEC_1425.asc
NCOLS 155
NROWS 192
XLLCORNER 196769.923733
YLLCORNER 449719.875193
CELLSIZE 27.603701
NODATA_VALUE NaN
[rows 23 to 45 of 192, columns 0 to 52 of 155]
0 32.7099809482 32.921606145 33.1345514522 32.6967051186 32.5238137711 32.8459587479 33.0138277232 33.0634042504 32.7606719038 32.6737471638 32.7215061695 32.9336794226 33.1118363762 32.5421931078 32.5096292642 32.6929627993 32.8604684929 32.7112416336 32.5205528283 32.8925205667 32.5666797543 32.5484301696 32.6314909992 32.6590859658 32.9910934776 32.8688806748 32.5201227245 32.6255900969 32.5588189481 33.1982298425 33.0631613024 32.7323542498 32.5862069104 33.1868330973 32.7982267495 33.1578519004 32.9077077261 32.5361627959 32.9963257278 32.9211658165 33.0124576909 33.0446378309 33.0594533484 33.0955892741 32.9070502234 32.8446603055 33.0469964479 33.0367259507 32.7811144607 32.9633597754 32.8270943416 32.7424960705
32.7087555317 32.592291807 32.6077560528 32.5844163632 32.6985990445 32.6478040413 32.8213178429 32.5706340993 32.588534299 32.9282148669 32.6483635675 32.5976889868 32.5333347331 32.5714257881 32.9051683567 32.6017223234 33.2008394988 33.0217402504 33.1099373203 32.5054037884 32.8389072762 32.5824844342 33.1541635551 33.0339163701 32.9526805113 32.5849458111 32.9450753487 33.0150801877 33.1657307279 32.5800960531 32.5666179697 32.68636873 33.1965341174 32.8274637391 32.6354036711 32.5861194097 32.9844915489 32.9903757912 32.6607406591 32.7179549335 32.5347812457 32.6187874219 33.005408245 32.503364643 33.0357441971 33.0974650005 32.6765120604 33.13209414 32.5633637544 33.1367865658 32.7068944804 32.819438041 32.8023706337
33.1040553124 33.1715405581 32.6559195478 33.2021133542 32.5227362236 32.9215506988 32.93038076 32.6948049705 32.6331140388 33.1533927985 33.0733003809 33.0160357136 32.7784545655 32.733750665 32.9271971568 32.8956318715 32.6855022158 32.5634743226 32.7573414863 32.8739709188 32.5971181114 32.959981956 32.6688686441 32.7089885908 32.6007759191 32.6367287831 33.184261976 32.7922607903 32.5527118809 32.7172567592 33.1829191058 32.6473859402 32.5482362191 32.7849973005 33.0759946477 33.1860218782 32.8860189083 33.0109197754 32.792282227 33.1268156426 32.9171424852 32.9287590134 33.046519795 32.8101304082 33.1946210549 32.599080984 33.0848968849 32.8064904061 32.5419521872 33.1459849087 32.7134924244 32.6636708701 32.8241458598
32.7036125631 32.7099043486 33.1901128021 32.5138241752 32.6318398726 32.694466114 33.0033563338 32.8906204 33.1325740388 32.5359522393 32.5359476434 33.0933605348 33.0476460972 32.6638930411 33.0750573879 32.7992894316 33.0515111821 32.9922461562 33.1531688323 33.1441856307 32.9761262562 32.5492588225 33.1073238869 32.6684078219 32.9307434969 32.6089925858 32.7603285118 32.6437407897 32.7218522934 32.5916611153 32.5218767258 32.605473079 32.9444935708 33.1574475323 32.8684556354 32.9184524042 33.1025312334 33.0979580913 32.6330692384 32.81670779 33.0480298741 32.9961529532 32.5431854678 32.7060020284 32.8994574976 33.0483724474 32.5616188186 33.0867473255 32.736797684 33.1323335845 32.6091059018 32.9759338073 32.6202788461
33.0622033758 32.8872787592 33.0500290785 32.9167630885 33.0036363993 32.6776514875 33.0832727019 32.5259805209 33.0367020603 33.1751641449 33.0859664153 32.9028846315 33.0241023045 32.5954549459 32.821607304 32.7350624812 33.1259944608 32.9758462518 33.1406137455 33.1676052674 33.2045916587 32.7563522348 32.8761403304 33.159662499 32.9568109194 32.7067952595 32.6891778673 32.5834525718 32.588488002 32.7555307145 33.1269298412 32.9262327734 32.6138980773 32.6483415356 32.5227224171 32.8135336649 32.9144455788 32.7846690311 33.0757294855 32.7140523531 32.5994041941 32.5285446161 33.0815609075 32.9256189707 32.7758364061 32.7529822918 32.9623154768 32.8375803691 32.5657999111 32.8065634544 32.9041609289 33.1008232454 33.1184677324
32.6177972432 32.5549999105 32.862118635 32.9614273276 32.8601332094 32.6473225607 32.51734471 33.0355045835 32.7330189568 33.0361630651 32.5402944013 32.6121022661 32.6635575475 32.5226303016 32.844473641 32.5140255517 33.0435070424 32.9580375581 33.1457650974 32.725323493 33.0588636388 32.569108629 32.7149343743 32.6315820653 33.045113079 32.7820037281 32.9244123245 32.6702242715 32.5609065975 32.6796086957 32.8274911225 33.1263178337 32.5344869427 32.6945056572 32.6486237538 32.6617125611 32.9619437251 33.1570909738 32.6220262734 32.630138329 33.166277129 32.8094389773 32.7278247974 32.7146157783 33.1962912213 32.7852940458 33.1328992552 32.8931266009 32.7388966505 32.6619623868 32.9981367079 32.9199707582 32.8779199854
32.5014461957 32.9252748625 32.9888504992 32.7053511905 32.5742343849 33.013357803 32.9094771568 32.5362078995 32.5337629238 32.7086563926 32.6682465303 32.9188923701 32.6045370452 33.0780780301 33.1088171851 33.2055564234 33.1761281603 33.1294026366 33.0537116864 32.5727979918 32.8326460298 32.9223138342 33.1673365793 32.7587732706 32.9405701031 32.5576364181 32.7478780023 32.8614897024 32.6953379724 33.107991939 33.1883936684 32.823316273 32.9296122742 32.6617273483 32.6904955312 32.5044793142 32.8445496248 32.8957117158 33.1217486165 32.73542365 32.7465516435 32.8940954039 32.8249452034 33.0299902299 33.0413195541 33.1994026589 32.7431709629 33.1843255904 32.8535508585 32.6153743388 32.7581773575 33.0372980136 32.9525792085
32.9929348229 32.6214471439 32.8992470308 33.1553113915 32.6916375793 32.762987985 32.6816391635 32.658945256 32.6119440943 33.1782773031 32.621461301 32.8155795939 32.8049624691 32.7797939352 32.5553428555 32.6074413968 33.1225174004 32.7800064958 32.9548355665 32.565855601 32.5299197339 33.191689108 32.7878130764 33.1090255856 32.9399762355 33.1215533775 32.5646335047 32.5919581095 32.8918340716 33.1022214374 33.055611525 32.6006331999 32.8744263397 33.1149222705 32.9634999564 32.9895905678 32.849561109 33.1199964766 33.0602617525 32.609339902 32.5229666738 32.5154678801 32.9918368078 32.6587135101 32.9497949 32.9114836441 33.0301572605 33.0400178839 32.9469471075 32.8733950568 32.9262922457 32.7509810485 32.5622292476
32.9406808464 32.8821573824 33.1166430835 33.0047926313 32.6750845484 32.8352621469 32.6917631257 32.609170155 33.1360935219 33.153151712 32.6666174277 32.6282331943 32.9466868274 32.7957564884 32.9232202401 32.9437144229 33.1249285542 33.1044409561 33.0422840227 32.8375794778 33.1618173237 32.8190108909 33.0332837539 32.7357121475 32.8471654833 32.697472892 33.2054817112 32.690256719 32.5640209935 32.64140866 32.8416790952 33.0235283879 32.8455763954 33.0372946945 33.183779568 33.1972214664 33.1133205114 33.0767681529 32.6957759634 33.1736542164 32.7491605329 32.8979131962 32.5658466407 32.6933647806 32.7745310003 32.699186909 32.6453653016 32.742021313 32.7641729528 32.866651599 32.7744144938 32.6577767539 33.1251959284
33.2065234425 32.8685001437 32.8386294592 32.5448646344 32.5125523949 32.751705388 32.6998343836 32.6170526769 33.1400329374 33.0123972713 32.6623630283 32.8093207693 32.8550132249 33.0584588365 32.8092887047 32.8746943906 32.5151994958 33.0845115571 33.046500379 33.091746644 33.1394901404 33.0470418591 32.6634397077 32.9309904578 33.0408053067 32.5772835993 32.7561416985 33.0024280585 32.9668562211 33.0941831267 32.5032883349 32.7057293359 33.2054803961 32.8105709051 33.1924786372 32.7607374091 32.7226980122 32.859443735 33.0319824011 33.1327790982 32.9127507267 33.0813910885 33.0518252385 33.1623487258 32.9282559324 32.9381735315 32.8441800963 32.8041083914 32.6276496784 33.2064072004 33.1459227542 32.916738105 32.928811854
32.8325887315 33.1436808545 33.1456251101 32.9108040924 33.1790987901 32.9105342627 32.7746391053 32.8076858233 32.8269872683 32.6210898786 33.0678078119 32.9648870211 32.8375111835 33.0734242903 32.9553452544 32.5257240221 32.687999281 32.6860317085 32.9980962163 32.6832714195 32.9092326427 32.9787360413 32.5136259576 33.1067806487 33.0174519751 33.1960732925 33.1138138798 33.1705699675 32.8297591967 33.1099185308 32.8545364252 32.8473425165 32.7397955597 32.7519831304 32.9327586889 32.5139494515 33.2006341638 32.5887062515 33.1682890738 33.0316467941 32.5684772227 32.6507632192 33.0349354752 32.8303506136 32.7434457779 32.570673887 32.5813671328 32.5300376249 32.6344766887 32.7096100813 32.6509552939 33.1902630512 33.118692498
32.9716452039 32.8001954244 33.0792368051 32.9643888346 32.5777779119 33.1544083821 33.0232458703 33.0185218976 33.0750931305 32.6102314194 32.7106391356 32.9883759119 32.5749823182 32.9532711121 32.8525932626 32.7928233431 32.7631103673 32.8421626013 32.9308313209 32.8791440997 32.7620151419 33.0969599655 32.6544333586 32.7349581342 32.799388702 33.0020261397 33.0386205334 32.6312921569 33.1873819426 32.9209572711 32.679740284 32.9837156476 32.8949876365 32.8527085254 32.8955229986 33.04305416 32.9741600353 32.8766932035 32.9823527253 32.547467976 33.0895257561 32.8063584868 32.7737210667 32.9806292827 32.6090530653 32.5590974631 32.7001247512 33.0694247639 32.9804322951 33.1661720814 33.1392569843 32.5973034343 32.862148612
32.6327000192 32.7061677744 32.729691848 32.5060329146 33.0760122761 32.9139971782 33.1753447504 32.7700979033 33.1343201462 33.0369228412 32.9113088771 32.5305937607 32.69045676 32.751113674 33.0748330258 32.5272564546 32.5752923625 33.0895394319 33.1678646044 32.5540517754 32.8144448461 32.8232723562 32.6417881452 33.1734771089 32.9883659371 33.0110579593 32.5437059651 33.2001400225 32.6302214743 32.63689377 33.1168338201 32.8373265574 32.7815934166 32.5976819257 32.5419993154 32.860505931 32.7515695452 32.9095169439 32.7595740156 32.6107166624 33.0456162949 32.8316117922 32.7866870034 32.7293177514 32.7911082968 32.8980122543 32.7678584399 32.8100918743 33.1316670839 32.6651850552 32.6245522535 32.6319480941 32.5790346112
32.8617874894 32.9335152356 32.5818170624 32.5351031243 32.5558758772 32.7679817224 32.6671513381 33.0903958505 32.8220743409 32.5192743923 32.9349637962 33.1435259742 32.7130854102 32.6446143903 32.787047335 33.080947461 32.9370523929 33.0679512669 33.1488077416 32.6541500037 33.1810653655 32.6942822699 33.0559342378 32.5742268729 32.5822015074 32.8764670718 32.6365326682 32.8993454737 33.0928915715 32.8945047372 32.8193947999 32.5377633741 32.8862162082 33.1785223397 33.0993703301 32.9172808161 33.1631425791 33.1481951568 32.5225724453 32.6943366466 32.9865771497 32.8219595086 33.1177486857 32.8113298118 32.9727826138 32.8715171456 32.8933672524 32.5683744725 32.7874494483 33.1165592251 33.0099223363 32.5861781427 33.1771087232
33.1236020312 32.8266918131 32.8416353315 32.5628454632 32.5114212682 33.1042352761 32.7177157972 32.9690425078 32.7441694024 32.7037659976 33.1419486632 33.0299859698 32.6463819048 33.0063041136 32.9074242488 33.1703329413 32.9170144777 32.7846629341 32.7451803607 33.016571375 33.1990569431 32.8818668708 32.7612843328 33.0821141918 33.158905826 32.9784039689 32.6443388711 32.5303276716 33.0161796784 32.5513924921 32.6091487181 33.1557567074 32.5129648802 32.717054562 33.0771657142 32.5248429579 32.6815183554 32.6874000845 32.7088478343 32.7601531551 32.5177115529 32.8181800659 33.1020342319 32.9925884666 32.5974654748 32.6146257439 32.7429438402 32.7888850859 32.799140183 32.7924341849 32.5987724527 32.5390163283 32.7408673828
33.0563030737 33.0345480791 32.9226168954 32.7991595989 33.0704883283 32.887351295 33.0135769238 32.5722895618 32.8196838868 32.7210741136 32.7849392028 32.7132918709 32.6368747912 33.0896483673 33.0624398819 33.0590208213 32.8488543516 32.9924247336 32.857059414 32.7913890355 33.0811614506 32.7501988888 32.9234424815 32.8730778916 32.5996741456 32.6710749075 32.6523921762 32.5592029115 33.0322833179 32.5002458822 32.6721692645 33.0091993877 33.0630123693 32.5709957516 32.5084340939 32.8289150061 32.5664284871 32.6341287728 33.0121403696 33.1313583714 33.1748762601 32.508551668 32.7182287618 32.8728400145 32.8406400601 32.7468166455 32.6415267211 33.1383750314 32.650851149 32.8992440378 33.1729678804 32.5895243891 33.2017786194
32.712790302 32.7356050343 33.0354559916 33.0097353413 32.888499417 32.7865281728 33.1596976827 32.9265570982 33.1468149068 33.1649585702 33.1947778076 33.2029988438 33.076146989 32.8971313354 32.8767751806 33.0545007021 32.9303542442 33.1606271623 32.7141452717 32.8742251429 32.8964471344 32.8473782867 33.0275228885 33.0788429256 32.5376916384 33.0293459618 32.8276128325 33.0834570155 32.9783958242 32.8314363311 32.8500321344 32.7186282657 33.1613645632 32.5942816213 32.6727657276 33.1348721256 32.8207281282 33.1188476806 32.7034348953 32.7128515177 33.110682831 32.7614255758 32.6924313796 32.5070081227 32.6575748178 32.7110388026 32.7846330793 32.9240067023 32.7303082052 32.679175759 32.9944903989 33.0253997478 32.5884782479
32.7761085923 33.0587486074 32.789145875 32.7924456422 32.9015624467 32.8988691103 32.8724352815 33.0603018619 33.1534530783 32.7872156447 32.8168401001 32.575815996 32.6402734614 32.8091269089 32.7816552023 32.6112229487 33.0714245437 32.6534937992 32.6621690562 32.6562402415 32.651781031 32.5911708622 32.6428213833 33.0896974685 32.8030175728 32.7112543211 33.1819713144 32.8160706687 32.7369175127 32.7620626309 32.7216318066 32.5507518584 32.9695545388 32.5659107811 32.8926655874 33.1192716147 33.109061507 33.0492409955 32.8761472919 33.0212397409 32.7163825902 32.8316092435 33.1791550407 32.8078313589 33.190130787 32.6480192939 32.8906805571 32.9836566114 32.534888345 33.0795680979 33.1400752742 32.7047021377 33.1326652498
33.0279721472 32.8337860088 33.0402271281 32.8959625352 32.7946209468 32.9936599622 32.6293903463 32.9682840727 32.8331253865 33.017264348 32.6253881881 32.7998493537 33.1044755925 33.1547367457 32.7596089944 32.8900057289 33.1149464068 32.8580934342 32.5744564202 32.7332749122 32.7670998481 32.905244756 33.1441053475 33.075023238 32.6726640622 33.1376507491 33.0433671175 33.1445419337 32.8197331172 32.6459427088 33.0237495774 32.6674973485 32.7720870035 33.1696879389 32.7544259234 32.9889640069 33.1274107783 33.0695320824 32.6623524156 32.6232819843 32.8780720088 33.1555026426 32.8037434757 33.1016648933 32.5812950741 32.6654055688 32.5113554055 32.8990314411 32.9613801765 32.8422713352 32.6339795808 32.806503445 33.1740618468
32.9621664819 33.0623877473 32.5838612174 32.9732479806 32.5436757336 32.8912513985 32.6159694822 32.5901854494 32.8292986323 33.0810475215 32.8944290411 32.9082028649 32.6079255142 33.0228861503 32.645501995 32.6566154279 32.8907973633 32.5403213448 32.5509261982 32.6557456221 33.0226304134 32.7222838549 32.6343630956 33.0715238593 32.9067222536 33.2055532058 32.8498791389 33.1294806511 32.643992168 32.7014288758 33.0640378756 32.6824799606 32.6817465291 33.2027378834 32.665806956 32.5040671885 32.5808779102 32.6131698469 32.9351805436 33.1798346791 32.5932772436 33.0411129446 32.9586799006 33.1904241169 32.6078829232 33.0192419323 32.7734291462 32.6703940902 33.0472530276 33.0719892865 32.8837509292 32.741058151 32.7766253585
32.8310657818 33.010571689 32.8675968704 33.107460516 33.0128600828 32.5868840948 32.9681241032 32.5284295092 32.8830930375 32.7803449652 32.7795517697 33.0508655209 32.6319611966 32.6157062491 33.1767591883 33.0846341005 32.7269436582 32.5583626683 33.0302509939 33.203984598 32.5958168957 33.1747474421 33.1002744713 32.6672084602 33.1141199096 32.6322949453 32.6629523468 32.530046192 32.8419526365 32.5220782458 32.6216722674 32.5357390552 33.0193982093 32.5857314685 33.104189386 32.7722639563 33.0830336742 32.7418552279 33.1065574728 33.072600881 32.8552442095 33.1018549664 32.9332036699 32.5887191536 32.7142502581 32.9627830728 32.645019329 33.1704096372 33.0427725623 33.0553289791 32.7254297641 33.0750901079 33.1073860619
32.9107124757 32.6227708274 33.0044356815 32.9005383507 32.5143357094 33.1763898283 32.7490797264 32.8798498656 32.6294586535 32.6270147094 32.7529001505 32.6278806757 32.8024066348 32.7273520817 33.080746803 32.9269467046 33.1219036303 32.9137961332 32.8988477659 32.6404124783 32.5621292104 32.5131220185 33.0258756283 32.6869486661 33.1377251348 32.6526878158 33.0964972502 32.7275081685 32.7947410626 32.7896005472 32.7670161317 32.529717533 32.5092882392 32.8030642464 33.1326795226 33.1667876156 33.1426578873 32.7236894656 32.5905781568 33.1326300994 33.0636524198 33.1841954443 33.1840356369 32.6830926025 32.5992669298 32.9059781901 32.5306090728 32.9090665117 32.79147038 33.1663578124 32.523417272 32.7280357312 32.7077338319
32.565854575 33.005752385 32.6457390342 32.5701922751 32.5196989565 32.8020782416 32.789678461 33.1926780304 32.6887167718 33.0491178505 32.9973810328 32.7921278379 33.0727175986 32.7872812334 33.1172893714 32.6437989463 32.9759074283 32.6139222865 32.5059006534 32.8660916047 33.1200193234 33.1752833109 32.9280100452 33.2060777125 33.1061627357 32.8354157478 32.8970322035 32.7237192853 32.7479787728 32.6134971886 32.9160864926 32.5149395262 32.7343665055 32.5386343003 32.5641925034 32.5075988263 33.2038032545 32.6466102779 32.8377927243 33.0357804541 33.1987386444 33.0777006675 32.584380436 32.9476709054 32.9536947904 32.8901921529 32.9611402136 32.5917605489 33.0375697729 32.7493769821 32.7471777161 32.8610622249 32.7479470285
