Spatial_Output/90% DEC/90DEC_0513.asc
NCOLS 155
NROWS 192
XLLCORNER 196769.923733
YLLCORNER 449719.875193
CELLSIZE 27.603701
NODATA_VALUE NaN
[rows 0 to 22 of 192, columns 53 to 105 of 155]
28.2577970566 27.8763794177 27.1642874238 27.8549338583 27.0852574471 27.8672547702 27.5364666866 42.5873252628 48.3204827988 52.2719282721 27.0004374452 0 0 0 0 0 0 0 0 0 0 0 0 0 0 0 0 0 0 0 0 0 0 0 0 0 0 0 0 0 0 0 0 0 0 0 0 0 0 0 0 0 0
27.5923034 28.116249478 28.051262083 27.3540805871 27.7793516921 27.7185944599 27.3971463237 45.38758028 48.1552126312 45.6763544514 28.0487190348 27.4181696881 0 0 0 0 0 0 0 0 0 0 0 0 0 0 0 0 0 0 0 0 0 0 0 0 0 0 0 0 0 0 0 0 0 0 0 0 0 0 0 0 0
27.476017289 27.7383664836 27.3201760469 28.3502107614 27.6735687017 28.044510019 28.1971042623 51.9733226947 52.0409159794 39.0660799175 27.0735946229 28.0577783769 0 0 0 0 0 0 0 0 0 0 0 0 0 0 0 0 0 0 0 0 0 0 0 0 0 0 0 0 0 0 0 0 0 0 0 0 0 0 0 0 0
27.5781248521 27.2827006594 27.0009592788 27.1571790072 27.3482568871 28.3018894155 27.620635972 27.6441682237 27.3351760096 27.5604125723 27.5828559972 27.6386545981 27.6953198942 0 0 0 0 0 0 0 0 0 0 0 0 0 0 0 0 0 0 0 0 0 0 0 0 0 0 0 0 0 0 0 0 0 0 0 0 0 0 0 0
27.4003635973 27.7547491847 28.1660022137 27.9963877458 27.1143388792 27.7093868066 27.7771053833 27.2849650348 27.6804763287 28.0059331684 27.0567415119 27.6746654592 27.5600443585 28.0600130148 27.3109914098 0 0 0 0 0 0 0 0 0 0 0 0 0 0 0 0 0 0 0 0 0 0 0 0 0 0 0 0 0 0 0 0 0 0 0 0 0 0
27.4077997467 27.8554845348 28.2584491416 27.3811980424 27.1261578436 27.054914886 28.3978623185 27.3041684589 28.2135537523 27.9744983921 28.2181762324 27.8145316527 28.2700765956 27.2444201611 27.1887129225 27.8731119646 0 0 0 0 0 0 0 0 0 0 0 0 0 0 0 0 0 0 0 0 0 0 0 0 0 0 0 0 0 0 0 0 0 0 0 0 0
27.138966249 27.9021295749 27.8801520924 27.468877577 28.2549192675 27.4177508164 27.3077840211 27.3416835544 27.5124599777 27.9631251763 27.3343075094 27.9914300557 27.3118197966 27.9826386076 28.3225468393 28.1031790223 27.1795176605 27.2192135365 0 0 0 0 0 0 0 0 0 0 0 0 0 0 0 0 0 0 0 0 0 0 0 0 0 0 0 0 0 0 0 0 0 0 0
28.2139427636 28.0904134759 28.0997645651 27.2833662109 27.6026285633 27.2883266881 27.7554992495 27.9960592308 28.3361354563 28.353971616 27.2783601333 28.1093987696 27.2615697066 28.0133515099 27.7301941928 27.1033835646 27.4599661219 27.1203580914 28.1937571101 0 0 0 0 0 0 0 0 0 0 0 0 0 0 0 0 0 0 0 0 0 0 0 0 0 0 0 0 0 0 0 0 0 0
28.2926720541 27.3800430714 27.1577273438 27.7056704811 27.0106261179 27.9666759638 27.9000134151 27.6177087855 27.6728292729 27.6766461813 27.1749510713 27.9301625488 28.3452659141 27.0926518951 28.1891507534 27.6523290802 27.341096645 28.0118636865 28.0240157442 27.8383286864 28.081140793 0 0 0 0 0 0 0 0 0 0 0 0 0 0 0 0 0 0 0 0 0 0 0 0 0 0 0 0 0 0 0 0
27.3086917873 27.006478039 27.9404590335 27.6769134747 28.2852424692 27.5770657345 27.0821680381 27.848890945 27.3465075409 28.0631276112 27.5124852449 27.6160440726 27.1926410758 27.6237744794 27.5338332965 28.1826846274 27.1234973451 27.5223307295 28.1058785673 28.0017629121 27.1277530897 27.6618786119 27.6439106338 27.2828050879 0 0 0 0 0 0 0 0 0 0 0 0 0 0 0 0 0 0 0 0 0 0 0 0 0 0 0 0 0
27.1544159716 27.4034541679 27.4078829059 28.2499628767 27.0892808683 27.5709688169 27.0281681957 27.0474205196 27.082575509 27.903012449 27.9579039245 27.1595321486 27.3009862814 27.2905916007 27.1300640863 27.6473824441 27.6106985158 27.7925778334 27.5415105827 27.9490580436 27.6782230535 27.6888708951 27.840396826 28.3529338137 28.4089616799 27.9676399051 27.5166687514 27.9165296647 27.1703533798 0 0 0 0 0 0 0 0 0 0 0 0 0 0 0 0 0 0 0 27.1284620304 27.490484862 27.3569450807 27.4060604112 27.5158773168
27.9012362918 27.8992503632 27.3871776514 28.2778832253 28.2581930676 27.965408582 28.0349796894 27.56202549 27.7732127068 27.9718039003 28.1198477171 27.4397837601 28.0603748643 27.5736446909 28.177205518 28.0778931292 27.3361680094 27.7556192314 27.0233403723 27.7627708202 27.1623993256 27.1679136194 27.3025893615 27.7238007849 27.0199582541 27.8170486341 27.3790586962 27.8923165111 27.8905522406 27.3637800252 27.7925106423 0 0 0 0 0 0 27.7579733079 27.8083341653 27.8670543439 28.1863431357 28.2242536798 0 0 0 0 0 0 27.3475261181 27.0652180769 28.3864750172 27.2813465787 28.0176607999
27.7615770017 28.029831923 28.0997891989 27.3628512834 27.733470699 27.7031626354 27.6283192899 28.2913783454 27.1210519368 27.9797953308 27.174731624 27.5074475902 27.6501783312 28.3232211652 27.3310818141 27.7561520902 28.4105874765 28.1712711882 28.0765478475 27.7210357191 27.8187907787 27.3442980217 27.4214133897 27.4892042242 27.3920826407 27.235302493 27.2551049104 28.1441320461 28.3578753784 27.9496768194 27.4041854447 0 0 0 0 0 0 27.479839288 28.0281044847 27.8445721294 27.8883471041 27.8994325809 27.189088062 28.1147203491 28.126742036 0 0 27.2300633119 27.681563719 27.6793556115 28.1031915034 27.1414078749 27.0166428125
27.9389364229 27.1113647329 27.9880855295 27.6368310229 28.3042784716 27.8589750599 28.0290613628 27.5003187928 27.7056315141 28.3281888711 28.2925010721 27.5525812729 27.8661330372 27.6982529194 28.1341126109 27.5880344295 27.2810343601 27.1297444821 27.7311589224 27.101522854 28.0083283506 27.8040556022 28.1760981201 27.8225717887 28.3551732031 27.9319238918 27.3825154427 28.0844573378 27.5122875229 27.304939492 27.427012929 27.7046506667 27.0517723379 27.2151333163 28.2679875151 27.6739017536 27.4487540152 28.2254029553 27.9123962543 28.0481398086 27.7588023053 28.0001760401 27.5932878983 27.7165921362 27.0156172665 27.0843544501 27.2272535433 27.815940144 27.494466565 27.5479872306 27.2807589738 28.2764000443 27.3799692747
27.6432938559 27.3534712138 27.3529162445 27.6731530033 27.625703084 27.6571154135 27.0686883348 27.9127621418 27.2005338817 27.0233616873 28.1287240869 27.8306667903 28.1974623159 27.1046489538 27.4233629451 27.8416624706 27.9249258819 27.5637323109 28.1620253672 28.269924228 27.5939784385 27.5767223537 28.062848171 27.6507899404 27.3779162849 27.8241997856 28.0496022261 27.0429586936 27.0830144272 28.1209419013 27.8886228947 28.1818922832 27.5568427406 27.8148337961 28.2467455781 28.0531273019 27.4135357154 28.2417773042 27.4389283776 27.6371901298 28.2349131757 27.7296043241 28.4037178769 28.2425298836 27.0471394541 27.4624350775 27.6631695587 27.001838651 28.1342927489 27.8038903882 27.3988951307 28.2474624096 27.1389576084
27.547808445 28.1825000471 27.9993450955 27.0513038655 28.2014285165 27.4754205805 28.202632237 27.0303569586 27.6074969073 27.0928576023 28.1803290431 27.0265773618 27.5617681594 27.0638941746 27.3915506341 28.2580613418 27.4577482172 27.2727736398 28.2040525966 27.4768921494 28.2329886477 27.5020767446 28.2068062298 28.281027374 27.2563117077 28.3617889378 27.2756105145 27.8478975765 27.3401070367 27.9280073463 27.8067415895 28.3775046775 28.2844183969 27.0851890445 27.4375238544 27.7680849242 27.9394852319 27.2969909637 28.3468582321 27.2534463794 27.4099590282 27.0900850983 27.872288582 27.3624211246 28.3712060801 27.4932804389 27.407835742 28.185541568 27.4532779526 27.264449671 27.4464530278 28.0596306752 27.9526489533
28.0797275625 27.5851662187 27.7154268931 28.1663266031 27.835835214 28.3576171324 27.5844610238 28.2793542586 27.5571955418 27.3040469323 27.583582956 28.280034506 27.0036910511 28.1341637654 27.4301955905 27.4329910567 27.3944051643 28.342679164 27.2062361228 28.300824305 28.1492881999 27.5803786276 28.3509481297 28.2054952221 27.9176411639 27.3093763531 27.0472878257 27.2437236822 27.0832089373 27.8744837746 27.1758151871 27.6143785688 27.4716800632 28.1262063444 28.2956298102 27.4669179485 27.1647868813 27.3250270011 27.7893196748 27.9484655759 27.4199010729 27.3735083491 28.1637656509 28.0655288761 27.0354479178 27.0118615377 27.4177333401 27.7678640353 28.2744686885 28.3918076183 27.3650337075 27.2590286422 27.504004072
27.6172592544 27.3956398615 28.2662737605 27.4158908904 27.3358087152 27.9795178835 28.0400339277 27.730268528 27.2106263933 27.3978187967 28.2402531217 27.1631375439 27.2623619309 28.1682081337 27.0302935353 28.1576318986 27.4059122905 28.0779315334 27.2040344548 27.2396405613 28.0329261836 28.0907826987 28.3756024168 28.0546963656 28.3507933398 28.0022764877 28.227361459 27.371527561 28.1239264588 27.3898840256 28.0450299735 27.2874174072 27.0279310487 27.4887476144 27.9371030537 28.2587669159 27.4739441069 27.7360557802 28.1371077099 27.7841595076 27.8894287325 27.0420450738 27.4490913207 27.9198205317 27.6910708136 27.0068612018 27.8061332465 28.3247396478 28.2374841508 28.0184437792 27.4160538428 27.7666450441 27.7065321736
27.4478794758 27.9223677209 28.1260921439 27.5152122528 27.6929973451 28.1786869318 27.308361547 27.9205177162 27.7060492674 27.6124729397 28.2296849627 27.9574661629 28.1839386711 28.233054501 27.6894646012 27.2123963908 27.7158778727 28.1624069974 27.503448751 27.7114594498 27.5782272455 27.3880822648 27.7759299004 28.288916741 27.320207627 28.0571535944 28.2816301117 27.1455451847 28.2578010875 28.2150733614 27.7353593607 27.4799034488 27.0762065556 27.2706383024 27.6968503207 28.2158662126 27.8563893994 27.8017654931 27.9554969372 28.3509295995 27.8991305291 28.0763167845 27.1640080135 28.0685291062 27.6604803548 28.0717400652 28.2979726194 27.4545811361 27.3842935368 27.0665886071 27.3904061637 27.3084557263 27.8301417545
27.04922444 27.812804809 27.4739499033 27.9953660376 28.2324901029 28.2312161769 27.9518452636 28.0285220463 27.0443563725 27.5672246592 27.3490020369 28.0344970669 27.7246429421 27.7052421438 27.3601847975 28.2073320608 28.3458580257 27.8417103561 27.8554981951 27.4099114919 27.1752815018 28.364705997 28.3255047847 27.8878906962 27.7608430844 27.5728904507 27.1456568428 27.2536408124 27.5053865231 28.3558631934 27.5057740793 27.955560992 27.2717303953 27.3018411481 27.5590005382 27.1676128134 27.9208691597 27.9765688516 28.2097799965 27.2293342901 27.939799169 28.1359762724 27.1648627938 27.9567199361 28.3091980259 27.1450427141 28.0628467165 27.934579067 27.8558271135 27.1886219692 28.1504564465 28.4014099288 27.8605955798
27.7127502007 27.7115873577 27.8372704858 27.6995007093 27.9105891589 27.6803861099 27.7861305642 28.2566802133 28.2787243905 28.357813389 28.3599752079 27.9497404008 27.411975877 27.1425640553 28.3287257354 27.5507447182 27.5727967536 28.1302700544 27.1533152891 28.0089208971 27.1082460465 28.1796519743 27.9589938919 27.6406700796 27.5679441204 28.1673381325 28.3610528357 27.0621334953 28.1619559938 28.2168178214 27.0520162633 27.3014601151 27.8383199831 27.9094221492 28.2504947633 27.925021108 27.3649908634 28.0276639344 27.1444836796 28.2574916595 28.3191005286 27.6783497078 27.1584842903 28.1841411055 27.0839777785 27.4108848772 27.5665244457 27.6203040985 27.5341728893 27.7157062561 27.5605458818 27.9773257421 27.6331592211
27.5946570012 28.2815288399 28.2598112193 28.2337610447 27.7010691043 27.1240765601 28.1863697992 27.1271056079 27.4096500641 27.9239545132 27.6224783708 27.6498939705 28.0715358841 28.1657491478 27.4868742398 27.8827558504 28.2136020593 27.484837632 27.0357187713 27.5772905234 27.251007293 27.8993907693 27.2230631167 27.9474289105 28.0703331663 28.0024545196 27.155676622 27.8470279373 28.2843025936 27.8047872804 28.0643533662 27.9994525594 27.7227077933 27.8515711315 28.4037312879 28.3355553883 28.0414115319 27.2417933497 27.9479809363 27.0397559386 28.258765033 28.3775165494 28.0366243211 27.3872616247 27.6346870057 27.2875320734 28.2084386471 27.698212618 27.3182784201 28.409097054 28.2126966885 27.085007893 28.2685209172
27.7037093487 27.3294639663 27.2671832436 27.6692009252 28.2985682378 28.007699021 28.0508284099 27.4950504285 27.5528676465 27.7844136114 28.0449661199 27.4523307966 28.0919394071 27.6112942812 27.4184539733 27.7424252713 28.0583825311 27.694666082 27.789465911 27.0828505676 27.2281703253 27.4785371532 27.598705057 27.8924227102 28.1603988234 27.1563574444 27.6265833926 27.4342062214 28.1256958125 27.3377560133 27.4521888047 27.7397715721 28.3232399632 27.1855357453 27.9991122166 28.2379687268 27.1492361484 27.8138434637 28.3345369702 27.0244143643 28.0655082143 27.7202423611 27.3793389981 27.1149896786 27.6234513262 27.8472639579 27.1748365531 27.5960759034 27.7965531116 27.7093072831 27.9487311446 28.0577993113 27.7008629388
