Spatial_Output/90% DEC/90DEC_1347.asc
NCOLS 155
NROWS 192
XLLCORNER 196769.923733
YLLCORNER 449719.875193
CELLSIZE 27.603701
NODATA_VALUE NaN
[rows 69 to 91 of 192, columns 0 to 52 of 155]
33.5249445504 33.3978241807 33.9365733193 33.6770729374 33.7499266598 33.8276359913 33.4971758792 34.3916164425 33.0411655858 34.0575946574 34.090612276 34.1558160579 33.1959752736 34.0253892042 34.3968263499 33.0654511399 33.0095262598 33.4956948869 34.3775897666 33.1968733256 33.2040353064 34.1817251385 33.0894481266 34.0805258324 34.0969188387 33.4846619442 33.6998972135 33.2520501632 33.1155687306 33.3583038158 33.8470184678 34.0435013085 34.4031177688 33.7298347865 33.3637694104 34.2621405068 33.7433550661 34.1296817561 34.365919582 34.2873395187 33.8442788156 33.8954309566 33.9580244527 34.1362609552 33.1676971528 33.102564676 33.1826855183 33.5813628309 33.7227943075 33.9542192098 33.5499510687 33.4091088456 33.4051873955
34.0883999463 33.4571861642 33.9616165134 34.1995399487 33.7319354461 33.1025268563 33.6152138427 34.3789760779 34.067623121 33.3548206665 34.0376703902 34.128476364 33.4021588883 33.3862638165 34.344260229 33.5953451883 34.0580856714 34.3373796513 33.6160950383 34.0223708167 33.9251022595 33.7473726415 33.4468408953 33.7399492787 33.505610127 33.7531417225 34.2646825825 33.7378444612 33.9623255708 34.0529339439 33.1665858193 34.1680621152 33.4370463556 34.234198155 33.3452730595 33.1732187143 34.3883866211 33.3311400198 33.4853873849 33.2968783567 33.9873523912 34.2908270255 33.0527163848 33.4169165121 33.7276153701 33.7566135246 33.5527506685 34.0088486443 34.3089548041 33.6481871754 33.2087662105 33.5160583298 33.1631832419
33.2978455837 33.7288400633 33.6993579302 34.1626937836 34.1657734407 33.7338530614 33.953619476 33.3893424584 34.2574481263 34.0877587997 34.3799827927 34.1295964623 33.6513053181 33.5507814949 33.8588992112 33.3116790402 33.4793778295 33.5728584351 33.9942346175 33.2936392328 34.3064660455 33.8836004985 34.1519275683 34.1161018953 34.0705986448 33.7770684308 34.2669211171 33.6632100976 33.6699616404 33.0984689569 34.3172350252 34.1736236191 33.5395785699 34.151521683 33.8270150963 33.9997405485 33.5383910846 33.4648191506 34.3983670945 34.1252526355 34.191051812 33.7821307407 33.6331879634 33.2025448258 34.2550059849 33.0305043358 34.0882245093 33.1475753877 34.0269254073 34.3463017152 34.4101586238 33.8540003951 33.5201683613
33.695496925 33.5328723445 33.3752949457 34.3733440346 33.4717922234 33.8754153105 34.3234313782 33.5949699626 33.6288436594 33.1367698633 34.0526330337 33.3708211671 34.0684451334 33.5063114807 33.5258642627 33.6486005388 34.1565664886 34.2063274001 34.2061329859 33.1237673855 34.3050088591 33.5199995723 33.4264940633 33.9595285042 33.2483092219 33.8336557977 34.4082903872 33.7991011104 34.0124743481 34.0238424253 34.2721295428 33.8219403841 34.3667166144 33.4834604778 34.28173365 33.2472586378 33.2093720865 33.9622909864 34.213500757 33.7772105319 34.31579674 34.1833893182 33.068730102 34.0287982528 33.6357532667 34.2321892731 33.7192340068 34.2615335264 34.0465135482 33.7350135128 34.1815945744 33.4384488014 33.4787727519
33.2417742099 34.0420113319 33.0667188949 33.448642366 33.5841663451 33.947068985 33.1832798976 34.3540572256 34.0593879159 33.8130473617 33.6422001181 33.9866717782 34.1496569499 33.8914544056 33.7636712686 34.2467321991 33.2450776817 33.0974244208 34.379449629 33.5546543394 33.1573366994 34.0823126275 33.2503133316 33.7929057406 34.0850415877 33.5981961428 33.0822913972 33.6780459835 33.1995111655 34.3200510539 33.8972052807 33.9301198632 33.3633972554 34.0632130603 33.1384312959 34.1487433471 33.094423283 34.2522421191 34.0313481165 33.0407527259 33.0219897938 33.7705179417 34.0708019746 33.8802625302 34.3410985453 33.3250866888 34.2798748975 33.5250393618 33.8021634291 33.5811183759 34.2747287582 34.2747951581 34.0216345832
33.8928566637 33.4050077685 33.1474687671 34.3250830332 33.0355399484 33.2275823177 34.0111827637 34.0328090677 33.7200743988 33.2881708892 33.8957273434 34.1839070088 33.0480286184 33.5913175965 34.2639267936 33.7495887261 33.9302608283 33.2032527559 33.0719115425 33.269876182 34.4060085681 33.0140467099 33.0996579077 34.2141975383 33.2544125652 33.633926106 33.6458238379 33.3875463523 33.9373428843 33.7109582884 33.4220871595 33.789173148 34.4095216546 34.090147339 34.0062444656 33.8644717511 34.062225148 33.9983674773 34.3091000764 33.9311907643 34.3719676522 33.8693625124 34.0863342071 34.2094088707 33.451384258 34.3655731366 33.9294372611 33.4559910182 34.2955884702 33.691945239 33.7024742909 33.5577350338 33.0797491369
33.4528877767 33.4953778479 34.1206788925 33.8960185554 33.7107822372 33.1144140049 33.0754850704 34.132304478 33.6889630164 33.6937502355 33.6008699645 33.053068521 34.0926810746 34.3567711843 34.2122751507 34.356732594 33.8034269857 33.7325112349 33.4093696017 34.2713479119 33.3140228091 34.0498059038 33.8775485667 33.576438607 33.059163581 33.3319321971 33.3015689895 33.7401103912 33.1834297555 33.2033507268 33.6914707397 33.9553815345 33.5805215964 34.2818902774 34.1737510367 34.0138781084 34.355177065 34.2942102887 33.8203105546 33.9436309937 33.4153178553 33.7305942207 33.259476536 33.3890501806 34.4027435133 33.8648911424 33.3024100568 33.7738575523 33.5548518418 33.1606915701 33.8542221312 33.108013188 34.2675566083
34.3534433414 33.6261302341 34.0489268077 34.1563246559 33.3062921919 34.2381716802 34.0145064048 34.1891866924 33.7253094713 33.3194793078 34.3364080775 34.2430064552 33.0639394538 33.0315521895 33.024116557 34.3872704871 33.9650449861 33.8366699816 34.3047802374 34.1519673938 34.0957249671 33.9510282299 33.9725283427 33.2805044374 34.1522676002 33.2471676494 33.5645496618 34.1912702998 34.3755654168 33.1159793963 33.1010323285 33.4414751473 34.2685539037 34.0701950235 33.2743137969 33.4916524236 33.6056454213 34.0925629869 34.2934517549 33.2372441972 33.1287917791 33.4776497604 33.3940357421 33.7164073531 33.4498739479 33.2195999024 33.6431757909 33.1771894978 34.2043083105 34.2714667482 34.0387793538 33.806982074 33.1357478356
33.6057726624 33.934908958 33.7419026193 33.7501790105 33.563501216 33.2894481615 33.9171531661 33.0850016577 34.1207730426 33.6869808647 33.6962887073 34.1933005393 33.7075768427 33.0789770198 33.8609407202 34.003700797 33.0821138016 33.08090501 34.0020336037 33.0785564573 34.0047762735 33.9899179209 33.9914674638 34.0980252221 33.9974565383 33.4036412137 34.2307714656 33.9331080553 33.9455511278 33.2840446744 34.1404715089 33.9986032291 34.2005725934 33.8680464131 33.1777741969 33.3116458697 33.6123587074 33.7048391237 34.1061670014 34.2734299462 33.6616092592 34.2362632462 33.6763328318 33.7348065384 33.6229284993 33.3883119451 33.6176232992 34.0014562914 33.8563608446 34.0083593389 33.4326814081 33.2920272698 33.780664305
33.967911552 33.8750555313 34.3821681558 33.3203785929 34.3664331868 34.2741737892 33.1432610298 33.6717012043 33.442548737 33.933063858 34.266905987 33.8057727369 33.6596343304 33.813968364 34.0793575595 33.6921338315 33.9671026802 33.7593095866 33.862152641 34.2361250216 33.5655711053 34.2895277206 33.0999571799 33.0589988588 34.0072906475 33.7107887284 33.2967136151 34.0409982561 33.9828609444 34.0843902421 33.8430735395 33.3479253508 34.1513619784 33.8430934502 33.0717814172 34.0550728115 33.8511434933 33.5760302556 34.407931929 33.7225202412 34.0380875697 33.5472235288 34.2371329312 34.3802718048 33.0311735707 34.2203577791 33.8952823427 33.34031185 34.3998566228 34.3692990676 34.0498776936 34.2265365852 34.3169307274
34.2508335441 33.0291095302 33.6295728012 33.498276362 33.4450257178 33.8150817908 33.0755582157 34.3201860019 33.3869129709 33.6942635367 33.4315126032 34.1860575901 33.5428056729 33.3395073292 34.2843629844 33.2345746679 33.8572361717 34.3553542212 34.2583937559 33.8015194847 34.1490969887 33.9753589658 33.5176461278 33.6188947592 33.6941908474 33.6468798063 33.7502014581 33.5726373058 33.2894728712 33.8588884899 33.5152349775 34.0202562939 33.7299531074 34.0884070808 33.1746339703 33.6490463714 34.1438744794 33.3802938643 34.4051116157 33.0212427256 33.1335575007 33.246690004 34.361397625 34.0414719 33.7448256571 33.3882072278 33.4957526552 33.2816707925 33.1003361481 33.8861167157 33.9826094815 33.4787689675 33.3874475382
34.2800846309 33.1053359741 34.3184512253 34.1583545801 33.3881746151 34.2542310155 33.9450689697 33.1260854834 33.0405101302 33.2685618734 33.6584137967 33.3501998805 33.7594349945 33.9319668738 33.8830173275 33.5235480073 33.06688948 34.0456184359 34.0126595226 33.4124559426 33.7807940607 33.3423044157 33.7587901455 34.0049070993 33.5544740662 33.6677562455 33.7036960429 33.2767803183 33.3477026783 33.475433421 33.1192383977 34.1552701494 33.1090588355 33.7004811398 33.8479298331 34.2913269394 33.4915720424 33.7129428764 33.0538730035 33.9096892597 33.9984054108 33.119080044 33.0412657873 34.0466938942 33.5535231557 33.3396677994 33.8701337144 33.7984061172 33.4775988907 33.6334815521 33.0554976403 33.5534382755 34.2536882597
33.2309224158 34.0578963192 33.9870816905 33.4294701136 34.1764822954 33.5857112391 33.0397117022 33.0598890965 33.3955132201 33.9036258843 33.7500731157 33.3756502838 33.5855102364 33.4364575328 33.7303944732 33.4931308279 34.1203463127 33.2497475292 33.3736317073 33.5718044557 33.3573646007 33.2180567639 33.5661338939 34.3688176983 33.9741114933 33.249102508 33.4076916971 33.9298338638 33.2310567675 33.4053710254 33.0941740146 34.2390277521 33.2569847042 33.42628907 33.5252590468 34.4018308746 34.3040813083 34.051251727 34.1353218527 33.9812572239 34.2058971608 34.150325174 34.1300770617 33.7202772514 33.2780536243 33.287395608 33.0251614396 34.213651588 33.4214608659 34.017728378 33.0845576221 34.2505291917 33.5418982327
34.2613485871 33.6898772168 33.0722601476 34.056631106 34.3966841073 33.966513487 33.9180602083 33.8004689701 34.1074092722 33.4274128209 33.5057042072 33.104284769 34.3272695464 33.6297218603 33.5305238864 33.2621324791 33.6172748294 33.4485527233 34.18728965 33.1065544238 33.8247674266 34.3074981652 34.133597263 33.6819529787 33.8829684329 33.9737428209 33.0419477705 33.0935787956 33.0418974812 34.3219341575 34.3490715808 33.5318674831 33.7163480999 33.9678656539 33.649269992 33.2131929981 33.5143654085 34.0856262519 34.2347642449 33.57954291 33.4568840552 33.5549198288 33.3903523782 33.1246159705 33.141167387 33.8683647959 33.5086273288 33.4278905755 33.8437475475 33.9593825896 34.1247363028 33.587079621 34.0976666395
0 33.6253931604 33.5660918884 33.4842126226 33.8858786988 33.6802469205 33.4446479422 34.0977205978 33.1666975907 33.1954344843 34.253601659 34.1071173651 33.9942680772 33.5216548282 33.5938341593 34.1501016817 33.6154094357 33.2304076809 34.3603050092 34.0595019703 33.5646543753 34.2829555909 34.0769391156 33.0332509207 34.3484398006 33.8022906814 33.2878555051 33.2471163744 34.3617438878 34.2535111438 33.5517645696 33.9794386472 34.0218858946 33.1555732239 34.140857361 33.7493400441 34.1707467611 34.2230272266 34.0663181971 33.1691554664 34.2609064478 34.0733044709 34.174260554 33.1090187539 33.7008258082 34.0962906191 33.3784591547 34.2714442909 33.8719524035 34.0887357525 33.9054120728 33.6550747542 34.1434919692
0 33.3804079583 33.2923983007 33.9464720582 33.5760513811 33.3518032737 33.261427269 33.5909041012 34.0772696549 34.2555913233 33.2500964767 34.2106387854 33.2205118363 33.4884472474 34.2754721857 34.0828475151 34.1542079304 33.9439678384 33.0687676526 34.0251263439 33.5585715893 33.428054258 33.4805867729 33.8065251277 33.3822990827 33.1171131572 33.774130765 33.4883391233 33.6213832805 33.5779625805 33.5593756649 33.1536753682 33.9102689626 33.5882789187 33.382515955 34.2931440013 33.2152934758 33.4143169514 33.6574209517 34.2608673872 33.5951795338 33.1105810926 34.1279199983 33.3969764246 33.2990071612 33.0992172925 34.2836084657 33.7965080384 33.1408068846 34.3439042719 33.9001490745 33.0522416506 34.136921622
0 33.116444163 33.9929302247 34.2002928795 34.3201466629 33.2297673562 33.3058916743 33.0924650754 34.1035739943 33.2688511457 33.791940018 34.2815979025 33.5254535173 33.0389000966 34.2312790091 33.581782556 33.9320192389 34.2954293988 33.7659834362 33.684665525 33.6189851878 33.273149193 33.5453996155 34.1018931893 33.0934278194 34.2107871655 33.0456801336 33.0638254889 33.296199467 33.5787142412 34.0196831876 33.5261195309 33.1893579997 33.2368312782 33.3997932095 33.266810899 33.9216321439 33.3625627639 33.7878153608 33.6148951059 33.263814699 34.1490816155 34.0132338048 34.1398561068 34.3375059679 33.4697819191 33.6197982989 33.7790422477 33.6837318531 34.350932258 34.302943702 33.8054478318 33.7853624873
0 0 33.9639532796 33.0059346722 33.2768477153 33.1135357414 33.6951649478 34.2042579333 34.3571132606 33.9891751929 33.0426580903 33.3211319804 33.5104359543 34.1199183894 34.2492224343 34.1304079545 33.8408407947 33.2601449555 33.4860650629 33.8672819684 33.8851093496 33.1830003114 33.3593285091 34.3864842996 33.5904022994 33.5092543641 33.3850851723 34.2604362349 33.3343905064 33.6849623766 33.2651358069 33.3411426079 33.530029368 34.3621285465 33.3004003189 33.3830899648 33.004131137 33.8621713736 33.9204492744 33.3090332784 33.5236517547 34.0424600814 33.634371077 34.2072959988 33.3574223113 33.3827600287 33.145119894 33.6730003781 33.1876650025 34.3577918123 33.746314881 33.1811606615 33.511935151
0 0 0 34.3751273946 33.6037828587 33.7467918304 34.2091017703 34.3637775454 33.4688346487 33.5637920188 34.1787272005 33.7099436471 34.0330845713 33.3724293478 33.6757983424 33.059151748 33.6642211122 34.1599775709 33.4530291527 34.1925734965 33.4948993554 33.5860650108 33.4749909 34.0561133776 34.3349380739 33.6835486366 34.0241209628 34.1246691079 34.274985857 33.8674669844 33.1436900262 33.4762224862 33.6399726592 33.9378897127 34.1221712328 34.1262265343 33.0772000355 33.9671834831 33.5485385107 34.1994170829 33.6603263553 34.1348076813 34.0418519809 33.8176719186 33.6368462063 33.1514396964 33.1145288755 33.494474707 33.5808088267 33.6377788617 34.1900666928 33.6229644072 33.2248511763
17.2416470177 27.5987257624 29.0582252992 0 0 34.0338664475 34.0270372181 34.408447763 34.1035123133 34.094247862 33.9364605564 34.1564469792 33.8608955161 33.8821938144 34.0292781881 34.3471892479 34.1263148346 33.9266792443 33.6009940139 34.209907002 33.0595209052 33.5698945425 33.0194962152 34.3223023246 33.7592537389 33.4969182389 33.391473136 33.5124619727 34.1370083487 33.8963467409 33.2994318216 33.7204849891 33.5901087912 33.8919826743 33.7752218202 33.4843647741 33.2275399681 33.8240273273 34.1804672052 34.1110330739 33.3821542252 33.1075829862 33.8492590597 33.6748018611 33.7762540704 33.5579413977 34.2382761004 33.0502237497 33.7776891826 34.3501536858 33.7580947721 33.3376195855 33.7395642483
16.1880122752 26.091035354 27.7160692906 0 0 0 34.1858013217 33.6690476376 33.2426651991 33.7462718136 33.6754056394 34.2549243382 33.7121677248 34.0649618759 34.1333047836 33.1067561023 33.5967223947 33.2451293331 33.2552681036 33.7721233059 33.2848646512 33.904014056 33.7149803769 33.5792427093 33.9616681018 33.7196599093 34.3835448496 33.0506790553 33.8190798733 33.8251755652 33.4924091682 33.5634760481 33.905304989 33.928310544 33.9265041309 33.7010108969 34.3354457741 33.3385166419 33.7914936044 33.9553703257 33.7933781684 34.1015606641 33.6209935523 33.6911964109 33.4884393835 33.1298092619 33.9405507503 33.1400105756 33.7141834358 33.1767413331 33.5435519004 33.0266760858 33.9053314283
14.0068562424 26.4392563496 24.4292892537 0 0 0 33.8036705736 33.0716727779 33.587672679 34.3647627024 33.3985364025 34.0721588108 33.5172368688 33.0916398578 33.1313721543 34.1847047093 33.6227163853 33.5419610261 33.1642085016 34.1740156331 34.3386398899 33.8083712398 34.0761392434 33.5388847501 33.7875051174 33.524331397 33.6805557704 34.0688837603 34.0802002908 34.1970076173 33.6733209284 33.1046414722 33.6159826221 33.1690554881 34.3261236682 33.6962199092 33.8043458422 33.001562575 33.3820278134 33.2528090512 33.8950660576 33.6477330336 33.8836494632 33.7008179512 34.3108811804 33.760735263 33.804446153 34.1491255088 33.920284381 33.7612357535 33.0905966483 34.3128864546 34.0079501464
0 0 0 0 0 0 33.0641946384 34.2497221021 33.5742508105 33.8512252367 33.65558767 33.5821952564 33.5684627398 33.4356875711 33.7884027123 33.4820734298 33.8488545806 33.1515595036 33.2674729043 34.3555126031 34.3592083758 33.1228168871 33.0870323592 33.8110194592 33.7583485473 33.5532950205 33.0373099576 34.0839436688 33.4705509474 33.0581640133 33.3703228644 34.1331264107 33.101606018 33.7751984463 33.811067018 33.5563474223 34.3631480366 33.5283253183 33.566639107 33.8698341469 34.0237258716 33.1021086499 34.2567230541 33.1806514766 33.5069041426 33.4885977372 33.5965596464 33.6896798906 34.2370783817 34.0988313716 33.7178795546 34.0991329142 33.4421036354
