Spatial_Output/90% DEC/90DEC_1118.asc
NCOLS 155
NROWS 192
XLLCORNER 196769.923733
YLLCORNER 449719.875193
CELLSIZE 27.603701
NODATA_VALUE NaN
[rows 46 to 68 of 192, columns 53 to 105 of 155]
31.5353186679 30.9907168616 30.6792445682 31.3932243906 30.7253553227 28.535709614 28.5637299603 30.0520764857 30.9016760838 30.2834198382 30.0239939025 29.0963410094 31.6946961831 29.2340226381 29.0079349029 30.0891504711 29.1275221748 31.0660778945 30.755845441 31.0596251266 30.0014031945 29.8795217093 29.8671711855 31.1230608081 29.3620791346 30.2480255395 28.9197713639 29.1684534901 30.1616710113 29.3570826369 31.4887529576 31.3290481468 30.5092483061 29.5072743518 30.130502262 31.578539933 30.3409212876 30.3394412479 30.5184706863 29.2421569177 31.1629235356 29.3588997005 31.4914010539 31.3908060424 31.5141106678 30.3791786163 30.1080915153 29.7308550918 31.0867185975 30.676653414 31.0517210149 31.4893499751 30.5576139502
28.5250268303 31.5122381476 29.9584527315 28.7434786536 31.1835628723 29.7529670572 31.1331012177 30.2043227842 28.9096455429 30.3677928801 31.3962761909 31.7950683678 30.5762422071 30.2402611592 29.4806180998 29.4646517811 30.2660068752 30.512567722 28.677700375 31.1420353497 30.0903158239 28.9565249555 29.6157691599 28.7799686247 31.0962287637 29.8650133484 28.5276637215 29.5831017794 29.3510338068 31.9432867122 31.75380761 29.5546852638 31.8526302572 29.5822572051 30.8818498982 31.7372879672 28.7326989828 31.7553547736 31.7398412118 30.1917790294 30.3388494932 31.3614441993 31.9234549737 30.1573756585 29.9468339891 28.9758519028 28.5500802169 31.0215900803 29.6427110995 31.2358376086 31.9402030115 30.4795761605 29.5275696815
31.0126911043 31.9977425278 28.5970935182 29.7320006591 30.8571243415 31.4079534042 30.5867461697 28.8932497198 29.4731430941 30.5849191744 31.866843898 31.4412803211 31.8535509528 29.0434864339 28.8313909127 31.7156750586 31.2483806369 30.1288430713 30.0927385031 30.3711242561 30.5199364211 30.5789996339 30.5793265422 29.3181178416 29.2907996974 31.2199434125 29.7315111658 29.9219640096 29.4043200508 29.8151600819 29.3390177671 32.0019083588 29.2137595507 30.1828717315 30.5019630889 28.929742333 31.6339864708 28.9657591062 30.8498540386 29.0068574072 28.6732150049 31.8870004445 30.1948784031 31.2004145362 28.5131760364 31.630935089 30.7783520106 29.1177623503 31.4831856699 30.3245547831 28.8824984486 30.6524379903 28.5983214711
30.1284576154 29.219218483 31.7053235903 30.5528041644 30.1294318016 29.251202047 30.4289420188 29.3067318159 31.7490803076 28.7671410666 29.1043393857 28.7524474123 30.4960202718 30.839975241 30.5412207052 28.6101025657 28.9183321424 29.2830337991 29.7916204711 29.8732212094 28.8253120401 31.2323900774 28.8090874727 28.9817811224 28.7618219372 28.5854647049 29.3020095219 30.7727137106 31.5180437586 30.9016508409 31.6693173026 30.8517768747 30.0767132465 28.670037198 30.8258789677 29.3669014829 28.6185524848 28.8106259035 30.279730932 31.6344046991 28.6318593497 28.5780354636 29.9374140306 30.2732393992 29.1884671302 28.5724681052 31.4653957427 28.8354695005 31.5792688734 31.1054858963 28.7343566173 30.5856811941 29.919515047
29.3848708818 31.1439936114 30.0429300931 31.5188533778 29.4023450739 30.1217204867 30.8208830392 30.2922756968 29.5520340132 30.1225860786 31.3349904871 29.2473660151 30.0931096355 31.60130368 31.6466311524 29.4162492972 28.7725011474 30.1152199194 30.9600228021 28.8710051064 30.011434385 30.8504278944 28.9168892543 30.6426813247 28.6372502748 30.7227858994 29.2494677577 32.0353579312 28.8210398518 31.659035817 31.1790403212 28.5287378325 31.1765920133 30.3680018612 30.1580269697 30.0252453577 29.8970255267 29.189201154 28.5399081075 31.8054986603 30.146471418 31.3056018262 30.6654063545 31.1736335306 31.6563608275 31.510692619 29.1023067164 31.180339236 31.9461976608 30.6668957696 29.2475773297 31.6324250717 32.0123077248
29.1885748076 31.8328589361 30.7852163975 30.4332327982 28.7615341918 29.9833739418 32.0107896566 28.9801548375 31.7516361177 30.9437793274 29.5391879801 28.8629975594 29.8516272521 29.3510340803 29.3144822005 31.0561595463 31.3247027664 31.3278600942 28.8690679932 30.7198060132 31.8337723731 30.5724882886 29.3776177708 30.4510326206 30.8338605004 31.7282078202 29.5411936637 29.4653414741 29.3878532428 29.033935969 30.7774931853 28.7136350379 30.9670219939 29.4452635141 30.9672036015 30.2804000117 29.3567132045 31.0017682286 29.9518500515 30.6599560095 31.6323625081 30.7925748981 30.2749445058 30.5063032068 30.9942063515 29.1004221904 30.1626841217 30.492563775 28.5652372911 29.6592052773 29.8228412495 28.6768281218 29.0426267638
29.8584647538 29.0797454906 29.6529232777 31.914020055 29.3122903632 30.5020900468 29.8001747906 28.8883801894 30.6365031053 31.7554705603 29.8123011606 29.7523805805 29.9000485062 30.7828835146 28.9690665361 31.6409531811 29.4676430015 29.8444417652 29.466660308 31.6394912969 31.4851251608 28.6339880184 31.3353544151 30.7358052361 30.7932872565 31.1308077983 30.9053657349 28.7996964965 28.5667325613 31.1446877484 31.6204932476 28.9655483525 31.8929682969 31.1354817721 30.0663633875 29.9716012652 29.8863487187 29.5700462181 31.9445253552 30.5102776696 29.4499188786 31.7281403529 32.032623527 30.6860133724 29.0444946601 30.7454189078 30.703894767 31.3925558044 31.801307142 30.3244785365 28.8255165383 31.567639239 29.1715017659
31.8395796702 31.9160489908 31.5250113482 30.5757972541 30.3625542378 30.2167685443 30.6900796624 30.5296777838 31.8617179207 30.535478211 29.2339630234 30.4984971491 30.2922979327 29.1075319362 29.2900883815 28.8097392123 28.8388065973 31.3687931066 30.9753993893 31.0282147699 28.8396836458 31.8493231528 31.2252266365 31.7746437616 29.9556969251 31.0599310561 30.8073494545 29.4353005891 31.2764368818 28.7024255603 28.7550680259 29.9680771485 30.7298236493 30.054085498 30.7559236787 30.6125533224 28.7155942421 29.1115634089 28.7688783426 29.9362867573 29.351994886 28.5373258257 29.5999623432 31.358977961 30.7547465178 30.387424372 28.6398160642 30.082163749 29.7153032534 30.9881740759 30.6267153669 29.3710113277 29.0607362214
29.9373453923 30.7571757209 31.1077149002 28.8162924778 29.4893186957 30.3615201804 29.8949243597 30.575679069 30.5630949583 30.6593996028 28.9262251507 30.7958562686 31.743824363 28.6856918588 30.8011860471 28.7712331192 29.4344353496 31.3691217665 30.2858971699 31.0057212652 31.8264339128 31.3368560524 28.6430254293 28.7165576135 30.5397490847 31.3786522919 29.7991730087 28.698803989 29.8857713469 30.6816528696 31.8452885323 29.5844531445 30.176193635 31.987051374 30.9128125964 29.3085804072 31.435853245 28.9249701703 31.4582150166 30.5948551565 30.3458517312 31.2295382931 31.3895507085 31.0060566228 28.6794875594 31.1860523988 29.4131279457 31.6598574923 29.0747041212 30.2844377175 29.0653772913 31.4948853545 29.1634914966
29.7684068738 32.0181661553 29.716128097 28.5852527022 31.9948250366 29.8929020818 29.3298920478 29.9953837131 31.7416117774 31.1973961638 28.7770815228 28.7991032426 31.9906417609 29.2206823464 31.4098818685 30.098636994 31.1155531133 31.8428820372 29.0452593639 31.2862265224 30.7823259808 29.2839898253 31.3841025553 31.2395763121 29.0679894515 31.3125808838 28.9348332971 30.6448483909 31.6449473639 31.8476654853 29.4675332672 29.15927646 30.7064048659 31.8259686603 29.4409876746 31.7793417161 29.5634595353 29.4950103203 29.340826483 29.5267540629 31.0342414421 28.7011459771 29.8011788519 28.623468729 29.334237803 30.5148679455 31.0482129012 28.67707917 28.676427041 29.5062477868 29.5215306753 32.0127824293 31.8964962601
29.7156890636 30.5295622624 30.1377472008 29.4596006046 28.5738521364 30.6448111148 31.6763155063 29.1823689045 31.8667792358 31.2560504853 30.3722096276 28.6441583191 30.5898898192 28.9005001679 29.7440457813 30.0753552971 28.7144164545 31.3859845974 28.8679679928 29.0475138064 31.7988101347 28.5356961791 31.4340785807 29.6968198006 29.1048019291 30.189199767 29.0374467745 28.5050699192 31.5072143274 31.864742149 30.5227023195 30.7241659413 30.2796986692 30.5335881563 28.7060303885 31.6615344621 31.7761947522 30.2023620061 30.1386762762 30.4274911731 28.8943900928 28.7742674664 29.5035774009 29.1485532591 29.1335226278 29.0774483034 30.6650031865 30.1400765023 30.9883980102 31.6505664149 30.4392348935 28.5033622714 31.6149197053
31.1479008986 28.6411817314 31.0844298088 28.6081028347 31.0513709774 30.0928742911 31.7867703812 31.5517041643 29.4271930381 31.5491766671 29.6607949258 30.4105779489 30.3282124616 31.4003553426 29.4762185606 31.3218144148 29.197870266 29.7590970243 31.5293690818 31.5744528636 31.9247967762 28.7877014181 30.7552095742 28.7289495231 29.0013437919 28.9957759542 31.1591739231 30.9489964861 30.7847219002 29.5864892479 31.2578884524 30.351680044 29.6900423043 28.9955783779 31.7557004838 30.2509939787 29.6730131611 29.9651914099 28.5554725323 28.5833386665 29.2882656191 32.0113012377 31.4717952909 29.2177261375 31.056283695 28.9718406727 30.2405853103 30.2167859826 30.6246764313 29.5576747797 30.1650881141 31.695496824 28.7878960389
29.1490077683 31.7673155425 29.8530763258 30.2554518164 30.0218856621 31.8733195852 30.8618174161 28.867866089 30.9191874064 30.5843529813 31.5345246093 29.7324830613 32.0113888797 29.4706041927 29.5915223211 29.7514472006 29.8715101172 30.5164090115 31.1211125382 29.2520758524 31.3647921187 31.1036577637 28.9868874814 29.8637527133 30.5599988996 28.5187972003 31.8869055294 31.8457471792 29.87869629 28.7365145104 29.7624502499 29.2987700019 31.0974645055 29.3015235394 30.5798909131 29.0985348515 29.3137535086 30.9201193352 29.4487047377 28.8754859541 30.6258487675 29.2244924101 28.7521410223 28.7961428675 31.363201664 29.0265578841 31.9036473566 31.5675104873 31.4057413137 30.3355482227 28.8655280653 31.622355392 30.74175566
29.675901756 28.8089696848 30.1083913238 30.5432355293 29.4044321606 30.7179501754 31.6201637665 28.5781560767 28.6694671443 30.3204765298 31.3233090093 30.9254425221 30.1703172219 31.6024592064 30.2299622623 30.6124126563 28.8776195424 29.1245084552 29.5897187476 28.7352248855 30.3111708457 30.2043449633 31.1291782062 28.7289737636 29.090394588 31.7918642508 29.9644570297 31.5471577184 29.9126005557 29.4605823925 31.8147165684 31.5479950777 29.1071763165 31.0428259536 29.5672169475 29.9738262107 31.6562320744 29.9845168268 31.350156409 29.2794927166 29.9360220909 31.6830705141 29.1022987604 29.2032225919 31.1269372874 28.5848825813 30.6044456449 31.4487282861 31.1401208837 29.2355874004 31.8268759955 28.8169565109 28.7717398688
31.5251094235 29.7932471231 31.6841657413 30.8631763693 30.3645056501 29.4125607853 28.6516839186 29.249467809 31.9459288252 30.2315798674 28.9674663061 28.9296656943 29.7364408582 29.7153915328 28.9229340712 29.7934379938 31.4706527229 29.2741035821 31.3856211541 29.0668823012 30.9674481507 28.5208866024 29.6949357054 28.5919058234 29.8230749339 28.5647438494 31.5585006951 28.7061998179 31.7826398023 30.7554808933 28.7799049679 31.3132610353 31.5313997103 29.6019483659 30.8015280876 30.87498443 29.1905004703 29.4738552087 30.1937301119 31.7553494892 31.7359479313 29.7639133606 28.8603482049 30.4883597838 31.1033669724 30.8959865404 30.7951087237 30.0434571552 28.6801343543 28.8260986047 29.0650717157 29.5194189112 30.5561348388
31.5682732569 29.8235059545 28.6714845702 29.5453614079 30.0672993794 31.2418885662 29.3869823386 31.0525778115 31.0661965572 30.4456855068 30.7894308677 30.9097840437 31.9878453064 31.8474546525 29.4038347958 30.8708245299 31.3487431812 28.8045264091 29.9519531681 28.9080430986 31.2857284066 30.8070695024 31.998363172 31.1964006622 29.9964363395 30.2607982021 28.5757439842 28.5240982415 30.4588452107 29.6062436181 30.8474321181 31.7538670186 28.7734544325 30.9048083577 30.0264807939 29.677190747 28.9003223216 30.3754365738 31.1896164742 31.5355434447 30.1789596596 30.1173799931 31.2615561912 30.4301697321 31.1662971858 29.4402927312 31.8769659377 31.5898953467 29.9974114396 31.568564302 31.0082361155 29.8045587316 30.0721085656
31.6013113994 30.6037497064 29.9411456594 30.6586573302 29.4789394966 28.8847892536 31.9638448298 28.8018932234 29.4273077811 29.9324832848 31.594276042 29.7071607862 28.801449642 31.1496057887 28.8396335119 31.7451826193 31.1123072597 29.9303082012 31.4356905451 31.1743621076 28.8530287877 30.0346625882 31.2573489547 30.9521640631 31.9950475585 28.9774349134 30.2478858599 30.7396579863 29.5926324558 30.0901014464 30.4293991961 30.8080638959 30.526416345 29.3763375893 29.5789187334 29.9302508422 29.2114650477 28.7403384785 31.0336408197 29.5348757589 30.5632641448 30.9078730977 30.7802695222 31.3970076474 31.9376215525 29.5634004246 29.1322833639 29.2655006986 29.093300702 29.6683038828 28.9595415137 31.5633110554 31.0403509096
31.2906437199 31.3340599097 31.4762765825 31.2485332037 29.2029189665 29.0821665339 29.9422601614 31.2128255673 31.8570556599 31.7985152581 28.7591623387 29.6376644504 29.0515404123 28.7157589363 31.6547627566 31.1213264564 31.2038510398 29.3191050121 29.3960566365 31.6876357254 29.2302443401 30.730213957 29.2362407564 29.9762319753 31.3913752319 31.860649043 30.1560230362 31.7032617983 30.0225777865 31.6591985876 31.3660393401 29.8888303861 29.0594711357 30.5373531325 31.6745657929 31.445523411 28.9098015274 29.725254322 30.8548218336 29.921344554 31.333161536 29.2370931469 28.9840357108 28.7563433317 29.6541384762 31.3756689665 31.8151644216 28.6643782493 30.873783368 28.9344380934 29.6866058512 30.9423505093 31.4549606091
31.1910049026 31.9694809072 29.382272647 30.8180462991 30.918144908 28.5080389256 29.7626981143 28.5231884729 29.4262424357 28.5360867931 30.3662363315 31.3404378083 28.9196967196 30.6962705549 30.2992143338 29.3241689472 29.5563784077 28.6880018823 31.7848089981 31.8560401827 29.7673480742 31.5337189862 29.2955458652 31.536030692 31.4395035654 31.1794625093 29.7108625126 30.0445702081 29.8425968137 30.235055394 29.3497251483 28.626751344 31.1904516965 30.1961702459 29.7130795652 29.3845682327 29.4275072915 31.715956733 29.585002483 31.1721602149 31.5148814122 31.4490193199 29.3590183737 31.303297691 30.087973997 29.8132423945 30.8940636092 31.2773639219 29.5312129076 30.0864248302 30.4353274915 30.1502518753 30.6067516567
30.3082131912 30.1033051646 29.9626829954 31.8324531431 31.2303294178 28.8011445549 30.8757841716 31.8561398637 31.5611157244 29.1173734807 30.7753928494 29.948258503 28.5934754507 31.7766919679 29.5284956095 29.834133387 28.8016423072 29.7451427132 31.7874830158 31.260843615 29.4125858229 29.3209880222 28.8672049679 31.3188557742 30.192222001 28.7662777374 31.7978682408 29.0879605611 31.9946938171 30.4272560068 29.1345506802 29.1294847496 29.5651669323 31.6374985434 30.2790827334 29.5511728033 31.8861478884 30.3713782792 29.2004463753 28.6732330872 29.8102000776 28.7197458122 29.9977874296 29.4762028605 30.5278007268 30.2158218471 30.4341594626 29.2547886279 31.6080482541 31.6682328962 31.6630287585 31.1023760955 29.175265722
28.6236398458 28.6726275744 31.8140655183 29.886338381 29.879747352 28.957024541 30.9538838914 30.5595078773 31.4578051218 30.855314564 31.1868664279 30.9877954778 28.5896045447 29.497566073 31.1876683744 29.4706207845 31.8717550352 30.1345839062 29.5267217029 30.2226529769 31.7399193777 30.5028347761 30.1157353037 28.7202480987 31.0530265975 29.1441978038 32.011284931 31.1513738714 32.0336549549 30.4987184073 31.9871566316 29.829539025 30.8722902375 30.6837656787 30.9300981029 32.0331521278 29.6810203945 31.7714252946 31.4718989357 30.4780353883 29.138754429 30.1381637612 31.6860053472 30.8710140109 30.5390723608 31.4390103099 28.7922785998 29.2517358363 31.1403106952 28.9804710894 30.0704528581 29.3031479834 28.6848299848
29.0923074346 29.3415554522 30.2005497047 31.8992179113 31.7114307821 30.2767610907 31.4183748788 29.453060588 31.7552999683 29.1515518353 29.3410887659 28.6871302111 31.5537109784 30.0923820757 29.2869407935 29.4242485784 31.9901251554 29.5966140365 31.1981523 29.7900875925 31.3628940535 30.2585566325 31.8096979896 30.5007019852 29.3156883167 31.9908703683 29.6022654676 29.440735863 31.1757319608 30.6975250635 31.0165717427 30.8466716146 30.3938666773 30.2734415978 29.2291251437 31.7783881679 29.7749524611 28.6008901837 31.1959725017 28.8301244289 29.6107029097 30.9209616525 29.4987801156 29.2254285415 30.6502738341 30.5177662799 31.3277194008 30.4216575166 29.8803651896 30.5435130441 29.7432724975 28.5420998922 31.7778135308
30.2686494185 30.2116905799 30.1761566461 30.0996813676 29.5621511952 31.7777747316 31.0633927066 31.1904850326 29.0346889594 30.7049332257 29.5165075992 30.0528176222 29.7440730879 28.5023754524 30.9390374524 31.6657658495 31.0360333442 30.3254008993 28.9380770787 30.926554249 29.590200234 31.8824172608 29.5928958338 30.3959980198 29.6384275653 29.1595094065 30.6907023954 31.2524625735 28.561509604 30.3497787712 31.7192226776 30.4860152953 28.8936298051 29.1679638513 29.7791389472 28.5079717015 30.5602604104 29.1874578049 29.2044657094 31.3860859063 28.939902515 30.2486541938 29.9484763757 30.2789017681 29.4852770316 31.1930792164 28.8943542675 29.1457150349 29.5978038915 29.7367905601 29.4174960031 28.5665768165 31.9852872584
