Spatial_Output/90% DEC/90DEC_0041.asc
NCOLS 155
NROWS 192
XLLCORNER 196769.923733
YLLCORNER 449719.875193
CELLSIZE 27.603701
NODATA_VALUE NaN
[rows 138 to 160 of 192, columns 53 to 105 of 155]
45.0930549274 45.0382325827 45.0828004395 46.3719256242 46.3060492572 77.5308198269 69.5734412322 69.5734412322 45.1829321583 45.3139007749 45.6704493371 45.687855488 46.1901247729 45.6362941358 45.975183692 45.9383277417 45.7678834863 45.7645028743 46.2159002288 45.7232124441 45.1697753083 45.7978407196 45.9626436093 46.3902666025 45.5497840334 45.9590955001 46.1623107319 46.0317832006 45.619983567 45.2860271615 45.0097138417 45.4536072244 45.3715175954 45.5901638575 45.8443086091 45.9275029419 46.058621212 46.1303951592 46.0937349098 46.3877556301 46.2771090635 45.9720211138 46.4098557299 45.5051711062 45.6648703526 46.0902622062 45.4276710698 46.3938868885 46.3003045053 45.198963786 45.8622874056 45.4834837223 45.8289587945
45.2684439084 46.3089505873 75.769066414 75.769066414 75.769066414 77.5308198269 45.9051010745 45.564291525 45.6906499073 45.2943699462 45.7483938569 45.2622190162 45.7787020851 46.3213424863 46.3606221533 45.8537230703 45.3458559722 45.9873276861 45.0332467542 46.2974313151 45.8457269926 46.0577902469 45.7022315821 45.9806303295 45.6983180367 45.7414096963 45.048394108 45.0429545322 46.1497336815 45.2943745938 45.0069291715 45.1837317071 45.1660713464 45.7982583865 45.5183066832 45.655817651 46.343184337 45.567764214 45.705630774 45.9894060965 45.1788787 45.2220594846 45.0537718573 46.2544383279 45.5536744024 45.9473428339 46.3215174753 46.3392540778 45.7490032012 45.7750617595 45.4858120422 45.2836684301 46.122331959
45.6262912489 45.5525415725 46.2029309981 75.769066414 75.769066414 45.4513053638 59.0018373151 83.4723300679 62.5129182421 45.1572552829 45.203041318 45.7155927854 45.5436934035 46.3548497666 45.1553238065 45.9407834731 45.3167410311 45.9929356289 46.1867524306 45.5108588025 46.1551508558 45.1178383122 45.3043080396 45.4127257971 45.4854296976 45.194116019 45.3275022642 45.8700935991 45.172078313 45.3795296731 46.3377896557 45.8349587481 46.2911235596 46.347906693 46.3103502787 45.1538545432 45.1777269778 46.2297038 45.6688349853 46.3500719985 46.3755761896 45.5882241571 45.553026105 46.085218302 46.1333610743 45.5581085854 45.1121722399 45.3493671403 45.5391010509 45.7081816508 45.3956750143 45.1970462018 45.3590058728
45.2401986437 45.7725955124 46.2685539121 45.847015707 45.4807570485 45.2698355455 45.1415658426 83.4723300679 83.4723300679 83.4723300679 46.0267065892 45.5602396851 45.3733445448 45.2815961242 45.0405301379 45.3007059568 45.1543622533 46.1990779323 46.3502721267 45.7316042956 46.3541272897 45.2805715546 46.2317750742 45.896807057 45.3371105187 45.0014910943 45.4185676608 45.9409923817 45.9233352343 45.0603099901 45.8347648123 45.8663948735 45.0059843949 46.2696966566 46.0731449984 45.5799200577 45.5863805383 45.538862381 46.2759727826 46.2683090492 46.1100771246 46.150144389 45.0018167866 46.0093740132 45.0703602491 45.6645200044 45.6775124211 45.7034469398 45.2169682385 45.0740071925 45.1710410589 46.3269148464 45.5213333838
45.6646133508 45.2047854143 45.6075114156 45.6770852523 45.4179991498 45.6467907758 83.4723300679 83.4723300679 83.4723300679 45.9872071627 45.1540127093 45.5019140272 45.4031849965 45.4279852769 46.1637223436 45.6480609061 45.4513774571 45.5977999965 46.1771260279 46.2771889127 45.1297820539 46.0200064324 46.141440936 46.1494633765 46.3877757522 45.2251054015 45.7212225984 45.5847130886 45.447505546 45.5940907168 45.4456253052 45.0457743175 45.0361699113 45.0338210458 46.0264254503 45.2031324647 45.1840065793 45.9082843603 45.9042070763 45.2892250813 45.3998991213 46.060809869 45.8872945726 45.8854864016 45.8758601137 45.7124268995 45.4106203257 45.9850685753 46.2523500091 46.2739698534 45.9642427162 46.0276494268 45.0113918578
45.8099441413 45.6218054778 45.1258070629 45.3742553112 45.286504468 45.4428763555 46.2348636222 45.1555248762 82.9589892909 82.9589892909 46.0006986354 45.2164018307 46.1434594872 45.4720786826 45.0283283167 45.5885526943 46.3536774995 45.8059241015 45.1646086206 45.2328275347 45.2306904993 45.2647466503 45.7877795423 46.2782478329 46.3946902263 45.8496439765 45.278638044 45.5906179184 45.7258430201 45.3227565117 46.1280686114 45.9690912309 45.34101555 45.4650726001 46.283521037 45.3696488986 45.160320068 45.6298812192 45.0381820623 45.7635374585 46.1312646031 45.2962097436 45.7676842926 45.9738378418 45.9765819117 45.3475849577 45.0250826592 46.1586360686 45.1927727602 45.0925394037 46.303444294 45.3631482434 45.2975308005
45.2367728913 45.561795152 45.0933350404 45.4190314595 45.9374353499 45.7049094609 45.7505629085 82.9589892909 82.9589892909 79.6413178223 45.3229876589 45.3357884912 45.6644010317 45.6472077526 46.2343409853 46.1839577606 45.4461210849 46.2447970623 45.687537619 46.3768827593 45.4046855714 46.0816567992 45.3881793312 46.0888214597 45.4398860104 46.1741487385 45.9909732275 45.1935702316 45.557534911 45.4347766349 45.7749989387 45.8801346021 45.9764694053 45.2056770458 45.4075000708 45.2169936813 45.1921202748 46.2012120276 45.0052674185 45.2175245586 45.2730878899 45.4044605734 45.1035819298 46.3575827311 45.1397692516 46.0278503123 45.8990675983 45.5625771969 46.1397649083 45.0215599321 45.8280661354 46.1497525398 45.1376399421
45.073119367 45.2511192047 45.0823564701 45.4167619982 46.1199742246 45.296623352 45.5095265771 45.1719164979 45.2640800835 79.6234156947 79.6234156947 46.3608147164 45.754719741 45.4809628585 45.2005513459 45.53637931 45.1815200991 46.2867636154 45.4733700129 46.0753398177 45.4488101765 45.716048867 45.5221992517 45.793002357 45.976767304 46.0460148388 45.6923251129 46.0152617379 45.0312514082 45.7412988484 45.5233918639 45.539224864 45.1813370137 45.8880359165 45.4878580711 45.9127421491 45.4701507752 46.0772526478 45.4044303354 45.4896505367 45.7132894471 45.1273399895 46.3481823082 45.3517201112 45.675596071 45.1050601708 46.3284696552 46.2116415898 45.9212465245 46.38399137 45.622293875 45.6056239533 46.0653981481
45.4703246605 46.1158102055 46.0241244062 46.1147533241 46.0959676773 46.2233554135 45.1787961891 45.1006621555 79.6234156947 79.6234156947 79.6234156947 46.1297651286 45.2116299187 45.2706579121 45.1308723525 46.3298051377 45.7518432421 45.4362358141 45.4442413879 45.3122702368 45.59599782 46.1049133501 45.4895156837 45.3309019423 45.8440406775 46.268282994 45.8464412557 45.119060535 45.933115727 45.7084585598 46.3779224962 46.3971982927 45.9689398309 45.1538194576 45.5162418733 45.7364442499 46.0352920911 45.1513901414 45.8431769968 45.3818934202 45.6798848859 46.0963678473 45.8988945005 46.2186462091 45.4003153072 45.9125246946 45.5523229366 46.2589922896 45.3994275537 45.8102679616 45.2498629262 45.2906919409 46.4091562132
45.718543489 45.153677608 46.1026635619 45.3969690925 46.2109937438 45.7080233573 46.2422159286 45.1477292074 45.070443724 45.5039192388 45.7024277919 45.5842215266 45.2329478945 46.0407338362 45.1187646005 45.8200823915 45.8411981766 45.1981925452 45.6247647885 45.3708657308 46.0860013879 46.1684792035 45.1629086016 45.7185575412 45.6073671759 45.6552754521 46.2568924102 45.7827721948 45.3862458978 45.5031505307 45.9792115774 45.9721495755 45.6853637904 45.7050645384 45.5938323703 45.8291642312 45.6373437009 45.7394953265 46.1021977409 45.6395668644 46.223535071 45.2651794657 45.065758494 45.1554995462 45.2343291742 45.455966021 45.7988963294 46.3618772768 45.4566333905 45.6530906567 45.848739857 45.9712206812 45.8059195936
45.1348396631 45.6307301129 45.518727921 45.7044620383 45.9443458852 45.0541013942 45.6050361356 45.3729113837 46.0702610537 46.1156743482 45.9659890081 45.9139226353 45.7017524493 45.8769264127 45.9650641162 46.3402301115 45.8441406657 45.1700935152 46.1852803091 45.5957097805 45.944461631 45.9089038834 46.2578894418 46.3730074201 46.0368194198 45.7781492225 45.0587330398 45.7721656585 45.827828595 45.6895653727 45.8472848761 45.1668868155 46.409617635 46.3825191957 45.6516168843 45.4074266493 46.0848770226 45.6556700139 45.4221501014 45.9562517507 45.692243253 45.9466353792 45.7411536242 45.4792165601 45.1610563711 45.1722009919 45.1871837104 46.0105759888 45.3528902092 45.3355935384 45.6222743327 45.0929711335 46.2362370739
45.5810446226 45.1288550828 45.3251978153 45.6816993111 45.3025120266 45.0420561998 45.125546736 45.6408672711 46.0163961997 45.3657333585 45.3335018527 45.6262054773 45.6553027294 45.2856653111 45.5293789771 46.0929613116 46.1086378012 45.3476280157 45.2209837966 45.4760116552 45.9285564259 46.0474412793 45.0187268135 45.230879394 45.73220423 46.1427005302 45.3680605813 46.0409645923 46.0806782308 45.3000167192 45.1645099196 45.0545788178 45.0853204996 45.5854177635 45.000982164 45.9865220345 45.1192373981 46.2535176244 45.3430792016 45.5625318332 45.587555995 45.8950615629 45.2058491808 45.3567810163 45.0742185028 45.4176915564 45.6041824652 45.2280978812 45.2971544233 45.8232976665 45.6709161951 45.626181845 45.4097199011
46.3990370299 46.3807235644 45.0059024038 46.0802588967 45.9249797684 45.217982967 45.1474764278 45.6371302381 46.3084659256 46.1833313234 46.1511169601 45.9924170331 45.4957887112 45.6249629557 45.4953546402 45.1063802625 45.8554341156 45.0371646705 45.0918986917 45.363780093 45.8375043049 45.2948472891 45.293839713 45.266388048 45.6575752388 45.5735224895 45.1252669359 45.4102858488 46.2493637868 46.1829533338 45.4336993939 45.2497232927 45.7130688608 46.1302524761 45.4715119902 45.7199104553 45.2034979142 45.2713623253 46.0323909323 45.2696334122 45.0693473585 45.9262873169 45.6652244541 46.0490616816 45.0751409547 45.0065088418 45.2800527234 45.654666747 45.7050755854 45.3344427941 45.0212509631 45.4014629739 46.1368117818
45.7801830267 46.2968597967 45.0561846859 45.154083001 45.4479133842 45.0869815738 45.8150510009 45.410298376 45.3573249406 46.2682802984 45.8254528879 45.293260923 46.3242976953 45.7297283011 45.1077460815 46.1258814833 45.4851362541 45.06386197 45.9170643566 46.3666816589 45.8427076561 45.4680285277 45.7713286912 46.0286205082 45.595700834 46.1900848874 45.9402846762 45.2117911102 45.601965539 45.1581465741 45.1915258647 45.6935290416 46.0098179096 45.0214543926 45.0543611558 45.274190558 45.9360551441 45.1278878242 45.9897843875 45.4701507024 45.9593937129 45.8712835463 45.0958547656 45.9906871501 46.3970190733 45.2896740688 45.9897912184 46.0566146872 45.2801342891 45.9149244712 45.469674427 45.0483051012 45.4565299791
45.6099183112 45.0854838085 46.2374077254 45.7020554127 46.2971633831 45.563897679 45.5451478508 46.4011536431 45.1019837812 45.5178613795 45.4668280915 46.048270378 45.7919260542 45.8961865954 46.0530601407 45.2632020213 45.1312884887 46.2465298347 46.1274147256 45.9456655601 46.019038347 45.8084662732 45.3210390121 45.9022696899 45.889713531 45.4983606506 45.8740101714 45.9990614212 46.0838225381 45.2994691561 46.3864118942 45.9266352405 46.1810910403 45.708811244 46.2611318666 45.6048407037 46.0690154243 46.0814754217 45.2885590713 46.2103284371 45.041133248 45.3994510886 46.27171628 45.3054053583 46.3090816804 45.856743699 46.0733132306 45.7245172513 45.354384125 45.569085532 46.2702428407 46.1149575285 46.221254496
45.0389483717 46.3474589628 46.1012959432 46.2768306072 46.1520989996 46.246269347 45.9464387085 46.1552027165 45.2303619984 46.3302060829 45.0944956983 45.074755852 45.6182147138 46.0685544962 46.0193695147 45.2896575308 45.6155259248 45.7447318879 45.1796515466 45.3538587056 45.9555982106 46.1477002821 45.5526463841 45.1759615987 45.9119188285 45.6101871421 45.8529735557 45.9253167821 45.311966103 45.0392784145 46.0189594168 45.7880914967 45.7726240967 45.7421099768 45.066797441 45.5642804486 45.2069992741 46.0485502671 46.3280306172 45.4077052438 45.6449470859 45.0825556666 45.6877834006 45.0273648738 45.5892389219 45.3592168557 46.2804797286 45.4046654709 45.5544495755 45.6315758226 45.3922188944 45.1108048385 46.1350436164
45.8748251536 45.4339732509 45.4902923674 45.0593094774 45.5951533278 45.4704831395 46.058960914 45.6065620977 45.7625144941 45.8199593514 45.5975381796 45.2647072326 45.8140309566 45.7506073249 45.6744450333 45.8400250961 45.1136180768 45.8700794216 45.615109924 46.184362228 46.0859617998 46.2036134908 45.3646867969 45.6118577281 45.2384211728 46.0865801501 45.8915581001 45.265741112 45.4151683604 46.0870843857 45.7294080129 45.5481987718 45.4807831506 45.2573570041 45.7521240315 45.6034603548 45.7575678038 45.1266128478 46.2551056605 46.4118085326 45.4496115633 45.7062517297 45.9063450537 45.0059423067 45.1517121253 45.1829246898 45.5187213896 45.5357773134 45.3026128224 45.5046624291 45.5701237319 46.0469820557 45.5109401347
45.500517082 45.1411416728 46.0785728537 46.1078158237 46.4033680803 45.6099906195 45.1660236425 45.0119864372 45.0133424605 46.277572155 45.3854292241 45.4635625247 45.8016504999 45.243346079 45.681634963 46.4095341361 45.520472699 46.0219692867 45.329952247 45.3477993344 45.0113101188 46.2412227737 45.7659774383 45.6965087053 45.9460739095 46.271162418 45.6870311037 45.5996986297 45.094884936 45.5244302092 46.0746427108 45.8623701745 46.261394606 45.0393039077 45.3392769979 45.611531206 45.7286930786 45.2836218736 45.5007356774 45.6629228339 45.3023536073 45.1482820274 45.2922954816 46.1129912205 46.1062816652 45.8308283026 45.6195099153 46.0936276899 45.2841009629 46.384290469 45.2723169302 46.2557484535 45.1791371005
46.4080239471 45.8262545349 45.1344099243 45.4333849843 46.2734323793 45.9629507447 46.0091308937 45.7333365785 45.2586525419 45.7727210676 45.5082329604 46.2690359473 45.2743778425 45.6023594983 45.081035821 45.7056137275 45.9031876085 46.2690531267 45.8757031396 45.0288628425 45.9431523391 45.321100149 45.906601435 45.603756501 45.5169235102 46.0771677128 45.0320998461 46.062196104 45.4740761308 45.3889692622 45.3280790044 45.7036412586 45.7666839456 46.1703118987 45.8450003862 45.3045281234 45.7491432632 45.1382785749 45.7278149921 46.1777790119 46.3410229081 45.8896300982 45.8227948221 45.4748075254 46.081601737 45.2825660685 46.1649038769 45.2055041621 45.5799488865 45.5113438534 45.3763646168 46.4124089845 45.3789880169
45.3580425238 45.5457655316 45.334927293 45.95096417 45.2945127753 45.6791109276 45.6300848033 45.6845754821 45.5386788043 45.045610054 45.2786047911 45.2110648402 45.9775589825 45.9491824185 45.1155238869 45.4227063129 45.9923695902 46.2829076345 45.8228646039 46.3436175828 45.1846814538 45.524483867 46.0527861208 46.2791748224 45.977954462 45.0201860202 45.1302361323 45.7931052743 45.4120706269 45.6232304102 45.5851657098 45.6629919826 45.0985674334 46.3770595149 45.6016821208 45.223832056 45.6787711734 45.4710307691 45.0155729693 46.351153387 46.3270983196 45.0950956592 45.7429958878 45.9252250338 45.3972525337 45.0869148169 46.1451406644 45.1510692796 45.9119458891 45.5706618508 45.8148192541 46.0720150221 46.2398078532
45.7466850032 46.2535742604 45.0833102828 46.1483894744 45.2772238944 46.3495359796 45.9790175771 46.3609609752 46.0971765209 45.5123258248 45.3905798593 45.5969359203 45.1459780536 45.548126316 45.4458077699 46.3358125733 46.1477016833 45.9666727537 45.278940773 46.3405903467 45.4775542683 46.2197888618 45.5765171181 45.3985088769 45.6518067979 45.1935005305 45.7703957509 45.6270038124 45.8252049166 45.4049577931 45.0543805778 45.3432942388 45.8869527649 46.2418772334 46.07878141 46.2611855824 45.606984851 45.2268842549 46.0234343649 46.0787423524 45.9949520135 45.9904087228 45.56519716 45.0877238715 45.8990207611 46.3394967829 45.9188437383 46.027742542 45.112724072 46.0068508347 45.5171507449 45.8327434533 45.8795927063
45.6431558544 45.9617638183 45.8301561929 45.2853164712 45.3202057073 46.0934859362 45.0322856546 45.2034753229 45.1369100433 45.7341072943 46.0267683888 45.5644965016 46.3233572663 45.6959764988 46.4019366286 45.5782774338 45.9081305768 45.646942556 45.9450113743 46.396254452 45.8110085153 46.1135021409 46.1531976053 45.4296206921 45.9661089033 46.4023520141 45.6644808652 45.4660573556 45.8044431366 45.5846808816 46.1275480869 45.6000139486 45.4472070924 45.6920982128 46.2690422584 45.5230583297 45.8514934139 46.2045212094 45.1359887599 45.9063866175 45.7931962831 45.326209161 45.8336476885 46.348473233 45.3044479699 45.2926087413 45.1645862752 45.5051759817 45.9330115036 45.7686164842 45.9988447074 45.8473418115 45.9917501491
45.0783723569 45.1109384817 45.7899355523 45.3729894287 45.2409724114 45.9375236651 45.8134433499 45.4747002373 45.9343655163 45.0492662118 45.6931305508 45.8665770061 45.5629320111 45.1246844593 45.6425817133 46.4053011074 45.8583721254 46.2438145101 45.4373100433 46.1062548939 45.8824364399 45.3817240551 45.5098789435 45.7568911614 46.0283349287 46.1480503025 46.308941102 45.7904239562 45.2024580475 45.8058365501 45.6860729465 45.8281541965 46.1925001039 45.2456743505 45.3353507546 45.7485040949 45.758814319 46.1739532913 46.345755816 45.3843634645 45.7296122498 45.5786549716 46.3829257904 46.2809772803 45.5794094758 45.7505170824 45.6592115794 46.1766893549 45.1320225601 46.223647505 45.8711554221 46.3187455792 45.0677157951
