Spatial_Output/90% DEC/90DEC_1390.asc
NCOLS 155
NROWS 192
XLLCORNER 196769.923733
YLLCORNER 449719.875193
CELLSIZE 27.603701
NODATA_VALUE NaN
[rows 161 to 183 of 192, columns 53 to 105 of 155]
32.667529932 32.682156308 32.8104559087 32.8110509462 33.0170095564 33.0663633277 33.08730163 32.8845196101 32.7920454495 32.5815814642 32.6241979246 32.6990426305 33.1533147936 32.7242696693 32.5497172928 32.5043011822 32.7219056927 32.7863119347 33.0323712235 33.0116520842 32.6143994429 32.8514352986 33.1389319704 33.0138286339 32.6333670092 33.1250771725 33.0769212871 33.1085499092 32.6719912614 33.053082999 32.9934454395 32.66820771 32.593586249 32.964408984 33.0267364746 32.7961887504 33.0590112875 32.6153468974 33.0857957819 32.9788044739 32.8714316163 33.1906943018 32.9997505775 33.1142062718 33.09914684 33.0640680626 32.873234177 32.5393577744 32.5999080487 33.134116701 32.9891907703 33.0244985369 32.9261475932
32.5290304418 33.113151001 33.1789604733 33.0736395554 33.0064621311 32.9603827421 32.9509364786 33.1561808884 33.0731168982 33.0116265558 32.8824499713 33.1142495609 32.6821925555 33.0519849866 32.9723054885 32.8585371065 33.0670283171 33.1100780912 32.5180398093 32.6546634186 32.926757228 32.524840977 33.0349762899 32.957094553 32.9959074485 32.9973165946 32.979272554 33.1826757557 32.74004967 32.9835698261 32.537046681 32.6627539842 32.6521114315 32.5038991246 32.8593923756 32.8503560073 32.8623542992 32.6042821644 33.1649166093 33.0397417262 32.674228608 32.8075404468 32.9980230431 33.147177712 32.8784876759 32.6534017153 32.5934456661 32.7216104746 33.1940948068 33.0707538318 32.5319590696 32.7272021421 33.0560332167
0 32.735196201 32.7281360418 32.9935468696 33.0095619726 33.0835521767 32.5078473461 33.1835861532 33.1345037556 32.6917114603 32.6794151315 33.1080718935 32.7582163125 33.0718857465 32.5985364395 32.8537644 32.6862755877 32.6340274931 32.8976149963 33.0249506853 32.5710633319 32.6184272637 33.0223308575 33.1875853861 32.9276612553 32.9511910696 33.0936204445 32.5895307798 32.6439680257 32.5563472409 33.0612098648 33.122361312 32.5081101887 32.907923721 32.5062357261 32.6378614876 32.6060094722 32.9992686956 32.8613501325 32.6063143201 32.8198469428 32.7475153927 32.7570762526 32.5530142131 32.9923317807 32.5257736604 32.7377194164 32.7191946115 32.941386819 32.6781374569 33.0818928517 32.5832802603 32.9130934005
0 0 0 33.2063153507 32.7093009604 32.9932341266 32.5567509962 32.7699206367 32.7711345498 33.1377985004 32.7304757446 32.8845202913 33.0974107178 32.5349886298 33.0551057814 32.5100839772 32.7949090984 32.9211294126 33.1221419284 33.1667028143 32.6859941035 33.0843499604 32.9273270284 32.6787766868 32.5415589942 32.98677969 32.9221943606 32.8554820393 32.8098286734 33.1494557993 32.7222953954 32.7076800633 32.729279538 32.8889128133 33.1671064543 32.6455514024 32.5914312485 33.0920949886 32.9169984194 32.5561248504 32.8053913321 33.2051831074 33.2028015678 32.602646795 32.5235801136 32.9780003454 32.9026055085 32.5489044145 32.7520105952 32.6034872712 32.7577607965 32.9894312317 32.6581602716
0 0 0 0 0 0 32.8253025514 32.9441773585 32.5976310858 32.7882966878 32.802514691 32.7246864979 32.5249162447 32.5350922268 32.9717891429 33.1136179259 33.0884532009 32.8388770404 33.130567205 32.592690057 32.7147276207 33.1443295529 32.9410084738 32.6627676218 33.0101478179 32.8557866135 32.8029183522 33.1967082251 32.5333152831 32.8214306347 32.8772378091 32.795176644 32.9623835668 33.040755785 32.9175666705 33.0050885726 32.5522531091 32.9377533318 33.1789678714 33.0700781657 32.8459530195 32.6590976147 32.5976299137 32.8175179668 33.0596801132 32.9474824935 32.8236002993 33.1045622715 32.5656037861 32.9242686665 32.6732384166 33.009073517 32.8761430991
0 0 0 0 0 0 0 0 0 33.0159865586 32.6551580042 32.5726893523 32.9722549263 33.1282944655 32.8134553004 33.1077503762 32.8520361314 0 32.9801775481 32.8381034836 32.870599999 32.6523210141 32.8206409793 32.8773070019 32.8613063846 32.5462503409 32.7737975467 33.2049923111 33.1751178685 33.0658510762 32.7294096034 33.0060593772 32.5969862691 33.1380716578 32.5721088381 32.6022400669 32.9787579594 32.8926139178 32.624278121 32.7203700232 32.5509174893 32.6159742729 32.8282040397 32.5785316755 33.1577360219 32.9518730908 33.1386543016 32.6998380839 32.877016712 32.7155658284 32.5899817499 32.5484099539 32.7447422101
0 0 0 0 0 0 0 0 0 0 0 32.6314252723 32.6073734291 32.7437003017 32.5818685087 33.1620406171 0 0 0 33.0737922422 32.981545605 32.8472460872 32.522481492 32.7452939364 32.9487516401 32.8253087075 32.7525324239 32.8968676117 32.8495357117 32.75196925 32.6453925034 32.6543911074 33.1712360057 32.7558048984 33.1509189292 32.5587970453 33.105505427 32.7441421282 32.9321501501 33.1846627221 33.1581735914 32.6788339349 32.8411626535 33.0378194041 32.7629884271 33.1385508693 32.659778698 33.0448160996 33.0834757556 33.1259329028 32.8081934789 32.9256944925 33.0308420828
0 0 0 0 0 0 0 0 0 0 0 0 19.8977830049 19.8977830049 65.9304345373 0 0 0 0 0 33.0287990078 32.7960294846 32.9273458869 33.1310163316 32.9825536968 33.1737641128 32.9191358424 32.8863722955 32.6236190682 32.7232397222 32.6312259324 33.1453396416 32.7623219477 32.7106938675 32.7043930902 32.8340407155 32.5926273886 33.1340842981 32.5072523963 32.9231451636 32.6170170571 33.170582361 33.1199976582 32.6278654256 32.5124415312 33.0975079806 32.6112950816 33.1136717396 32.8394205003 32.9071127191 32.9850380486 33.1984281261 32.6234599478
0 0 0 0 0 0 0 0 0 0 0 0 42.2971829044 47.6865013658 49.2255897641 0 0 0 0 0 33.1056429154 33.1786339461 32.6990521651 33.160273424 33.1027922281 32.7652218541 32.7671775429 32.7299888698 32.9596480007 32.6344674775 33.1758272545 32.5437031129 32.6379451966 32.9942433675 33.0098293673 33.2061444035 32.9917413594 32.583326181 33.1574366894 32.8886295466 32.9515689191 33.1353527617 33.1017143519 32.7288814788 32.5463020075 32.594204156 32.615621056 33.1621405496 33.1953587515 32.5283532028 33.1194480374 33.1762490626 32.973913418
0 0 0 0 0 0 0 0 0 0 0 0 48.2728546439 44.6734232342 47.6514488797 0 0 0 0 0 0 33.0770759062 32.8006314891 32.9755568507 32.6278006093 32.9128962228 32.8837165651 32.5715320425 32.6752271055 32.6933822635 32.8612773701 32.7689843529 32.7448152335 32.6992502903 33.1329321255 32.5573913454 33.1436758681 32.814701732 33.1568965278 33.0268743406 32.6533057056 32.9953398784 32.5567880809 32.9736345585 32.9786882779 32.7324453616 32.8991448082 33.1222313109 32.7025224273 32.9362630034 33.1370649605 32.9259810659 32.8212875025
0 0 0 0 0 0 0 0 0 0 0 0 41.9970027142 40.9090103936 50.0840201672 0 0 0 0 0 0 0 33.1139736214 33.1155803626 32.5573978004 32.9796435175 33.1805302333 33.1712486139 32.6038378788 32.991495806 33.0890410896 33.0651594954 33.0586127069 32.7840578652 32.7107877415 33.129930856 32.8928575865 32.6357646758 32.614851772 32.7508169439 33.1673000958 32.5781221292 32.5955174552 33.1123039508 33.0215037779 32.6323125841 33.0589520379 32.8053448711 33.0372503347 32.6956277413 33.2000519192 32.7462096106 32.5712287424
0 0 0 0 0 0 0 0 0 0 0 0 0 0 0 0 0 0 0 0 0 0 0 33.0734538387 32.791400356 32.7596573069 32.516730871 33.1602191529 33.0097416499 33.152711513 32.7182040181 32.9636984955 33.067003944 33.1022787729 33.1326077813 33.152154739 32.8617117532 32.6532197993 32.9857084669 33.0318871071 32.7518294499 32.6525513651 33.1485663873 32.7441418955 32.781593506 33.0315362023 33.0127357839 33.0481794128 32.6080754219 32.7274529158 32.8539972325 32.6349718192 33.1926639984
0 0 0 0 0 0 0 0 0 0 0 0 0 0 0 0 0 0 0 0 0 0 0 0 32.6205505858 32.5149776269 32.6555879237 32.5495640259 32.7238147136 32.9810358339 33.1289796947 32.9260859357 33.0286754815 32.9396926187 33.0850752436 32.811389434 32.7272817543 32.9394092943 32.7281251891 32.6012936757 33.0061859255 32.6482636769 32.8968331382 32.7483726889 33.0352217311 32.5864529486 32.769645806 32.8245625896 33.1279868811 32.5094749552 32.8240123239 32.7515510565 32.5135010786
0 0 0 0 0 0 0 0 0 0 0 0 0 0 0 0 0 0 0 0 0 0 0 0 0 0 0 0 0 0 32.586330902 33.0400253476 32.6781859899 33.1402375472 32.9805985183 32.7270782728 32.7507009282 32.5766915977 32.8484848064 32.5338643707 32.967258027 32.7124125748 32.7721309912 32.570999921 32.7680756677 32.7041070683 33.0340567352 32.728368754 32.7711235801 32.5480970642 32.6942382909 33.0875761729 32.9936104702
0 0 0 0 0 0 0 0 0 0 0 0 0 0 0 0 0 0 0 0 0 0 0 0 0 0 0 0 0 0 0 0 0 0 32.5726999325 32.7627590259 33.1454466475 32.8342347372 33.1159946462 32.8095472789 32.9492939106 33.158281518 32.7897934957 32.6563575644 32.972587578 33.200124904 32.6256960844 32.9744924819 32.7517699769 32.6673056727 33.1482699037 32.6287386043 32.8393542043
0 0 0 0 0 0 0 0 0 0 0 0 0 0 0 0 0 0 0 0 0 0 0 0 0 0 0 0 0 0 0 0 0 0 0 32.6063560312 32.806073846 32.8845381593 32.8248359964 32.878707269 32.5842263025 33.1012117325 32.5012496735 33.1692849376 32.9010043923 33.119499649 33.0499445907 33.0343939367 33.1792549422 32.594257047 33.1140587073 33.1789993313 33.0014850378
0 0 0 0 0 0 0 0 0 0 0 0 0 0 0 0 0 0 0 0 0 0 0 0 0 0 0 0 0 0 0 0 0 0 0 0 32.6208472463 32.8337218125 32.7433393571 32.9789060226 33.1191056789 32.6382477093 33.1441946985 32.9665360731 32.5987575777 32.9541285143 32.7228938898 32.9401634374 32.5469492387 32.7473781203 33.0388368729 32.5482358548 33.1171574015
0 0 0 0 0 0 0 0 0 0 0 0 0 0 0 0 0 0 0 0 0 0 0 0 0 0 0 0 0 0 0 0 0 0 0 0 0 32.6891807453 33.1716736498 32.6186263988 32.6307519656 32.725311097 33.1866639112 32.6945816918 32.878049233 32.7189012363 32.8370503332 32.5834656911 32.9082962618 32.509734869 32.6097273598 33.1617237131 33.0690404228
0 0 0 0 0 0 0 0 0 0 0 0 0 0 0 0 0 0 0 0 0 0 0 0 0 0 0 0 0 0 0 0 0 0 0 0 0 0 32.7563011917 32.5493699621 32.7825757777 32.845173709 32.7462865451 32.7239895466 32.788102395 33.1994444583 32.6197907465 32.8459704651 32.8819270665 32.6086010048 33.0385041211 33.060883172 32.6444202739
0 0 0 0 0 0 0 0 0 0 0 0 0 0 0 0 0 0 0 0 0 0 0 0 0 0 0 0 0 0 0 0 0 0 0 0 0 0 0 32.8318670751 32.8552296775 32.555938515 32.6304479083 32.5620552658 32.9701000166 32.7134325196 33.0529381658 33.1541492504 33.0041290507 32.9046937425 32.757119384 33.1340775314 32.8023498747
0 0 0 0 0 0 0 0 0 0 0 0 0 0 0 0 0 0 0 0 0 0 0 0 0 0 0 0 0 0 0 0 0 0 0 0 0 0 0 0 32.8672466282 32.6558266271 32.8641853471 32.8298183818 32.7082522254 32.5132566961 32.7385957061 33.0739354663 33.0835491214 32.5429884594 32.6869045468 32.8746022226 32.9486711977
0 0 0 0 0 0 0 0 0 0 0 0 0 0 0 0 0 0 0 0 0 0 0 0 0 0 0 0 0 0 0 0 0 0 0 0 0 0 0 0 0 32.5598684188 33.0989809733 32.5909531216 32.9010126339 33.1018994034 32.6641835116 33.0048888809 32.6864871241 32.53371147 32.6056280898 32.7154087657 32.8910141988
0 0 0 0 0 0 0 0 0 0 0 0 0 0 0 0 0 0 0 0 0 0 0 0 0 0 0 0 0 0 0 0 0 0 0 0 0 0 0 0 0 0 33.1546983732 32.7252830264 33.102008517 32.8163649186 33.096414897 32.7866190684 32.9481141098 32.7042586351 32.8077649019 32.7978342901 32.6334271145
