Spatial_Output/90% DEC/90DEC_0690.asc
NCOLS 155
NROWS 192
XLLCORNER 196769.923733
YLLCORNER 449719.875193
CELLSIZE 27.603701
NODATA_VALUE NaN
[rows 161 to 183 of 192, columns 53 to 105 of 155]
27.6662196026 26.2072192124 25.771426895 27.0272633362 28.4990848451 26.6112156126 28.419372314 28.1132494891 26.7426519806 28.7179494946 25.4839661293 27.2212187517 25.4795007992 28.249273952 25.4999374839 26.1267673918 25.3068303927 26.1346426301 28.3303365693 25.7505805909 25.6229240216 27.5374548078 25.5102156789 27.1454279967 26.351402975 26.9539794253 26.6064763581 27.4306881133 25.2017625915 28.7766973633 25.9815001462 26.5963544011 25.0799783021 26.0667100941 25.3371789188 28.6249521748 28.1590508815 26.5260103758 25.4447559906 26.27808941 25.8039253881 26.636443378 27.2697194254 26.893081419 27.6645993138 26.347267162 25.9592464893 25.020111361 25.2007263597 27.3743367993 25.322919218 28.9222420894 26.0290789479
28.9359631162 27.8692070135 28.5228451155 26.6376803887 26.1206358074 25.2839179346 25.8332896767 28.8376165147 27.8908739321 25.4371874234 28.6147958705 25.6815106231 25.3500151326 26.5058944734 26.9857460529 25.4516944423 29.0366114029 28.7465129039 27.9857306358 27.5087269958 28.2222768907 25.8761910403 28.5900396643 25.6884915491 29.1599873927 26.4037638447 29.1608916438 26.6512455281 25.3951659612 27.5373352408 26.4914123127 25.358089656 26.3733100378 26.7357413225 25.8476658349 27.6471487863 26.4557274198 27.5893349019 27.8410880939 26.9885743491 28.8524607766 28.1378719485 27.2221169641 26.6729109956 77.1109283172 77.1109283172 27.0729013831 27.1738368116 25.040156049 26.5919089645 27.9353409933 28.6110682341 25.4147614601
0 25.3077204145 28.4159898685 28.893964753 26.6886221111 28.8967375203 27.8189305881 25.4393742784 27.1057679997 25.0175411112 25.9209951754 27.0828787034 26.2417333301 27.6075487175 26.1477682956 26.3568002293 29.0124545973 26.905513727 25.7893137114 28.8539806589 26.6497428801 25.4247718327 28.205726568 25.0243772547 27.266422909 27.8352803342 28.545390606 26.6265043273 25.8783498305 25.9243543813 28.7396202394 29.0935410522 28.462752728 27.2480726324 27.7112960109 27.4284571178 27.1387904168 28.4232989131 28.5620593779 28.3086686181 27.5513888164 26.6577323811 29.2096182508 77.1109283172 77.1109283172 77.1109283172 25.9861957621 28.2689961668 25.723813854 29.2163902412 27.3069458686 26.3093709503 28.8904428006
0 0 0 27.4587602841 26.3334235081 26.4906920304 27.5872114375 27.6148888929 28.9935943699 27.7301654168 26.4828687775 28.8083586062 27.7838275451 25.994870279 25.591696301 26.8706496292 28.7810992437 25.4909830005 25.8198625202 26.7502358641 28.5589526271 28.8953651056 25.0745776522 26.1097412516 27.1143284466 25.7432629483 26.1198250648 28.6837482147 25.4108378 29.1141389147 26.6748921288 28.3865437379 27.2408441918 28.3885246269 29.1491237426 27.3312308383 28.3466675205 26.5151106685 25.1460906832 26.7261667788 26.8202683567 27.02052104 28.3062268683 28.9028326087 26.3482281403 25.9430680727 25.4689745572 28.8928642511 27.3262054765 27.5195545329 27.0011920784 27.0434594325 25.2743436972
0 0 0 0 0 0 27.21053182 26.0915485313 27.8067311644 28.3970440608 25.1040403118 27.5421163186 26.7500969074 25.2655560397 26.4960503327 25.0865996897 25.03602485 26.7675408877 29.2289847907 25.1843209169 28.8031488519 29.0063122186 27.0408624185 26.8258552995 26.0604996723 25.6785528275 29.1595720655 26.6924196606 27.3363156543 26.4641098252 28.2052303241 25.6627928851 26.5681908546 28.1568482479 26.177489123 25.77357334 28.0169619684 28.9063139496 28.969736199 27.0305818843 28.2376557338 27.5311459815 25.9182921544 26.695984186 25.5332386698 25.86911859 28.9952261656 28.7579052366 25.3121536019 26.5318572188 25.8754149037 25.9010933872 26.4030475597
0 0 0 0 0 0 0 0 0 25.1920903921 29.2420917405 28.2315112224 27.1258784038 25.6381597488 26.6655283771 28.201998303 26.4235034904 0 27.8246648369 28.6016858588 28.3486651921 27.6344398165 26.3648298578 28.0729198965 26.4690041983 27.4427218131 25.7995954245 26.2415266688 25.9852963696 25.0343237795 28.1105939433 27.4260879657 26.3928097726 26.5939591486 28.9277202987 26.8907947447 26.0346746732 25.030734669 28.6264245892 25.9260780367 29.1129758252 25.0402315953 25.934116695 27.360986997 27.3844216887 29.0625424938 28.2442913348 27.491409431 26.9261380283 28.5914360645 28.8513254685 27.9818877446 28.2873854111
0 0 0 0 0 0 0 0 0 0 0 26.3345619708 26.8960791185 28.8249660335 25.4139352924 25.8980913488 0 0 0 25.3802087503 28.8632923768 26.5902573877 28.7311033037 26.4677769117 25.0272623508 27.9993349823 27.7374748645 28.5538042506 25.4548679754 28.4761784782 25.4995010223 29.1334237803 26.0353755726 28.9538093931 25.1377493842 27.1253617992 26.152543868 25.9932532247 26.8684098518 28.0780782559 29.1904228403 27.5353011274 28.2004494632 26.2987544254 25.1677964861 27.2139994928 25.1415950702 25.1297263632 26.0109360715 27.545195964 27.1115040309 28.3591222931 29.2240984042
0 0 0 0 0 0 0 0 0 0 0 0 19.8977830049 19.8977830049 65.9304345373 0 0 0 0 0 29.0954763462 27.6108013245 27.4545975578 28.6242109351 26.5930593724 25.7414947645 25.2139289526 26.5718557837 28.6005699934 26.593903713 28.7397737833 29.0718739161 26.2449289548 26.5076165655 27.6098866199 27.9222575994 25.8111738668 26.5969722242 26.6082617209 28.1591138017 25.7156874454 28.014703464 25.327512116 25.0127486856 29.1813633827 29.0536579462 27.5949768786 27.9257507545 26.8791810358 26.2566204751 27.4789378399 27.8848720135 26.8565927693
0 0 0 0 0 0 0 0 0 0 0 0 42.1879169696 48.3787301926 47.125829724 0 0 0 0 0 25.2352812457 25.4240829253 28.9034123721 28.1440990998 26.6774473805 27.673898641 25.3410215628 27.3118231136 28.4929563674 25.8069347616 26.7102768765 25.3550204315 28.3550502215 25.5609419107 25.4351316014 28.650725115 28.3138819117 26.9299048227 28.397682235 28.766704741 25.7322854417 25.4679981127 25.2707041334 27.4441974738 26.6207799738 26.8631282457 25.7965053545 26.8434675628 26.6627237046 26.0720273416 27.2006960725 25.9366158377 29.2126986473
0 0 0 0 0 0 0 0 0 0 0 0 37.9560826388 43.341658524 46.4464863804 0 0 0 0 0 0 25.7481421816 26.4069549765 26.3838035002 25.4427477159 27.2796366998 27.908975229 27.4453246819 25.4388600086 28.4356222148 25.7082021627 25.9142936846 27.2223368188 25.1101879527 25.1569084735 26.2572819219 25.9538953802 26.9621428757 27.00906804 27.0087374563 26.6540951977 29.0399059638 25.6121509698 25.4181950288 27.6494827095 26.3555333627 27.0708138983 26.9097307233 25.3182355339 26.7524364707 28.5608883241 26.0932125052 28.5903413769
0 0 0 0 0 0 0 0 0 0 0 0 47.518625554 44.6882183265 45.0357607717 0 0 0 0 0 0 0 26.2610026746 26.2028480486 27.1248178381 25.2965298788 27.5648894974 25.3563765994 28.0821489996 25.609363144 26.6748924043 26.9957002205 25.62469722 26.1864606866 29.1975052875 28.0003974267 27.8984013497 26.8877684561 27.0585640846 25.1430160214 27.0609884054 27.0587257525 25.2071203946 25.5033965201 26.3517100674 25.6219129879 26.2763920865 29.1135105854 25.5346043473 25.5385313557 27.3101548747 28.6427728139 25.9361020342
0 0 0 0 0 0 0 0 0 0 0 0 0 0 0 0 0 0 0 0 0 0 0 25.9683260505 27.3755995509 26.8312044705 28.5977041145 28.6969648052 29.2311040904 25.588351878 28.9987995034 29.0434039539 26.7702224191 26.6324753244 27.4234990124 26.7927660201 26.7082479823 27.5925653904 25.460545097 28.2865985656 27.5822676612 28.9053610453 25.1705529272 29.0453905496 26.7542607761 25.6318719065 26.4917176105 25.9672353559 26.9262352435 26.4189584897 25.3716742038 25.6541727704 26.1282419528
0 0 0 0 0 0 0 0 0 0 0 0 0 0 0 0 0 0 0 0 0 0 0 0 25.7489317793 25.4108967114 25.3427240508 26.5656134075 29.1914346882 25.8866119492 27.4777745443 27.3106001471 28.2107342196 29.0855328153 25.8530045248 25.5736358758 26.7512579555 25.623605957 25.7697990557 25.3164497955 25.2526272537 25.0330923691 27.8078951424 26.4927722724 26.6026711127 26.8241095553 26.9586270042 28.446912221 28.6056340301 25.1374708343 26.6608614225 28.1719123745 26.5166012898
0 0 0 0 0 0 0 0 0 0 0 0 0 0 0 0 0 0 0 0 0 0 0 0 0 0 0 0 0 0 25.9233568733 26.6355029046 25.5006241931 27.377031736 27.4703617388 28.4925285368 28.6809070518 28.569142648 27.4550822621 25.0523249486 26.5599134888 25.5396779977 27.0062846217 26.7999080986 27.6867360317 25.6121852949 25.9827211497 26.7294800312 26.6222240493 27.5567832198 25.2348177604 28.5408367417 27.3156786681
0 0 0 0 0 0 0 0 0 0 0 0 0 0 0 0 0 0 0 0 0 0 0 0 0 0 0 0 0 0 0 0 0 0 28.8271959628 28.8034081037 25.3565348074 28.7674183596 25.5581915593 28.6128167266 26.7043331287 27.1775332689 25.8857564215 26.5190644507 25.2643850091 25.0373128143 25.4421322421 25.9508704309 25.3977291186 26.9603343697 26.9299553956 26.9313898357 28.6258623434
0 0 0 0 0 0 0 0 0 0 0 0 0 0 0 0 0 0 0 0 0 0 0 0 0 0 0 0 0 0 0 0 0 0 0 25.5412960609 29.2335716151 26.7039382627 27.8201364805 27.0397467519 25.0208734131 28.144288031 27.1289591382 26.1058662346 25.5783971657 25.0104109059 28.4216199353 28.1487774855 28.5542105297 26.4388116194 25.6977094825 27.6072111963 25.8638328185
0 0 0 0 0 0 0 0 0 0 0 0 0 0 0 0 0 0 0 0 0 0 0 0 0 0 0 0 0 0 0 0 0 0 0 0 28.1861792584 25.0826543387 28.7345115716 25.3639672561 25.346197191 25.0094528412 28.2338779424 28.0929966923 29.1153248834 26.6032036973 25.7711960242 25.7622381739 26.2013773995 28.2877059137 29.0217712347 43.3661528151 43.3661528151
0 0 0 0 0 0 0 0 0 0 0 0 0 0 0 0 0 0 0 0 0 0 0 0 0 0 0 0 0 0 0 0 0 0 0 0 0 25.0955885754 26.2542887263 25.4416353585 25.6932530842 28.5347323635 28.321413809 25.0232547601 28.5028040167 26.1802171929 25.6112332914 27.9584586534 28.7834058157 26.1845500389 43.3661528151 43.3661528151 27.7538878251
0 0 0 0 0 0 0 0 0 0 0 0 0 0 0 0 0 0 0 0 0 0 0 0 0 0 0 0 0 0 0 0 0 0 0 0 0 0 27.4624932208 27.2353709262 25.454532647 29.1949461018 27.243799409 26.7140328558 27.7835099939 26.6946720678 26.6495535291 29.0667955596 27.0453550099 26.4107269462 28.5245473553 43.3661528151 25.1280312006
0 0 0 0 0 0 0 0 0 0 0 0 0 0 0 0 0 0 0 0 0 0 0 0 0 0 0 0 0 0 0 0 0 0 0 0 0 0 0 29.0824319661 25.716533102 27.0537702843 28.958952181 28.8389352957 28.7881356776 29.2027975382 28.5041422827 28.3970152745 25.1951434333 26.909521982 27.4582131571 25.0094479557 28.3051311758
0 0 0 0 0 0 0 0 0 0 0 0 0 0 0 0 0 0 0 0 0 0 0 0 0 0 0 0 0 0 0 0 0 0 0 0 0 0 0 0 25.581533527 27.1903420236 28.9721706087 26.1545543488 26.8139727527 28.1796597384 26.4968245277 25.9523009097 25.5142772993 28.2219573157 27.9535665914 26.7836740575 28.028632022
0 0 0 0 0 0 0 0 0 0 0 0 0 0 0 0 0 0 0 0 0 0 0 0 0 0 0 0 0 0 0 0 0 0 0 0 0 0 0 0 0 26.3912163252 25.9358825771 25.2400239409 28.2723961557 27.8279488347 27.7511041447 25.267476451 29.0878791907 25.8455244238 28.7101390034 26.8179866811 53.0797288409
0 0 0 0 0 0 0 0 0 0 0 0 0 0 0 0 0 0 0 0 0 0 0 0 0 0 0 0 0 0 0 0 0 0 0 0 0 0 0 0 0 0 25.0306696933 27.404825685 27.5397220255 28.8024566754 26.3322213401 26.3248663589 26.8444934142 25.1636265578 26.2473086017 53.0797288409 53.0797288409
