Spatial_Output/90% DEC/90DEC_0753.asc
NCOLS 155
NROWS 192
XLLCORNER 196769.923733
YLLCORNER 449719.875193
CELLSIZE 27.603701
NODATA_VALUE NaN
[rows 138 to 160 of 192, columns 53 to 105 of 155]
25.0134025604 24.5003995203 24.0218769045 25.7394849943 23.5595660805 25.5414679818 23.903299294 23.0576636881 27.2344186464 23.9096556184 24.7640661513 25.8061502472 23.0953847505 25.2670657793 24.8225249199 23.2663929652 26.4519584508 24.2182819939 27.0633984259 25.3206599204 23.0666908984 23.9429301207 25.2764557598 25.2716100563 25.6425856488 23.82657006 24.2378507813 23.4820533293 25.4348584805 24.0191756446 27.0341218118 23.4848446984 26.9905426607 24.3642835562 26.3564780355 25.0171564046 27.0115807146 25.7857193353 23.0443295201 26.0991130853 23.1159926512 24.8524337063 24.1443412672 25.8633737993 25.4089766874 26.3658611412 25.8386793879 23.5816051564 24.0937479861 23.4228842496 23.9510881301 23.6734686297 23.5381926581
26.057796796 24.8065035425 25.8456829016 26.7689037552 23.0404650178 26.607471279 25.8771659152 26.3319931003 23.6920411705 23.5851845543 25.5919693101 25.8996955506 27.2017560925 23.0346674198 25.9519603965 27.1720391593 25.667105081 23.3353030504 23.7529526664 26.8847573463 26.1138448382 23.6579170609 25.2352227712 26.1592841714 26.334714955 25.6820525463 26.5400825069 23.877283886 25.4004834786 26.7783525118 25.7467345967 24.6935152801 23.3431931568 24.8115099026 26.9594802033 23.4949379172 24.5148678735 23.8966953581 26.9567608164 24.597422826 25.9661853259 25.2620245514 24.0840900123 23.7195287123 24.1944026025 26.0189183768 25.0743878895 25.5746077274 25.5966979724 25.5269193615 23.8079063963 24.5137508927 23.1850786006
23.9548035432 26.3034170642 23.8802766685 26.7401189508 26.609974061 26.4702424514 27.1780182142 23.9549711395 23.7830360148 24.5841800864 25.7304465797 26.3840179828 25.0817291003 24.6135719159 23.9988846822 25.5505278624 26.2830198236 24.9738409881 24.2459231561 24.7691460579 23.6595493401 27.0696004659 23.8754575775 25.1070552817 24.7333690989 26.1729511865 26.2201554616 23.2418527318 26.8425133455 24.4130028565 27.1785608617 24.7890069798 24.6948257131 26.3612795764 24.2484172747 23.7606045206 24.7898934914 24.9513333814 27.0707500603 26.4040301718 24.4352167966 26.4905575953 23.6453716038 24.2563666096 23.1693655211 23.790742827 24.4908902654 23.5194901054 24.144392054 26.2800515685 26.2240250517 25.367155522 25.2755649755
25.0451323314 23.3029201239 23.2440894471 25.5970411832 24.1934977627 24.9852745551 23.9186376408 26.4422914397 25.7454633139 25.3655884848 24.867870102 25.3981357732 24.1769275619 25.9570392541 24.1619515828 23.5393830436 25.9293156641 27.0294820209 27.1053374321 27.2085912033 25.4933414327 26.4594930359 25.9778584851 23.6109364685 24.467921603 24.5271352692 23.5146275109 25.0431429696 25.720830288 25.2751966029 23.1733813482 25.8218696867 27.1052316641 23.1820921742 26.4681317806 24.9804987329 26.0337390199 25.3457545055 27.191979983 23.4552465167 23.9586644114 27.2295174324 23.3620842776 24.670025107 24.1139319575 27.0247068356 27.0809241147 27.0118633684 25.6346767993 24.240796943 24.0260642186 24.1090788052 24.9212609147
26.1108554668 26.9998366735 26.0737865924 23.9407645724 27.0262817175 26.2736393234 27.1881502697 24.6054429998 25.7772040227 23.5382288697 24.5327886229 24.028300855 26.502767885 24.7848755566 24.974339243 23.9405009645 26.5683341478 23.4411543715 25.103823996 25.2392521663 23.7994025588 24.0010711431 23.9775261365 26.0284239312 27.2345806387 27.1504153929 23.7366441974 23.2655876751 25.5614679266 25.8263447271 26.7550726698 26.4886551953 23.5838913717 27.1616879573 25.9716104791 24.4866289847 27.0188922602 26.554970337 24.0459942357 25.376115117 27.1084877133 27.0976683074 23.3135818071 26.5943810937 25.5028803743 24.1440517499 23.1000463723 26.586014869 24.5076510461 24.5309173393 24.6943668737 25.4573279605 26.7992450058
23.5443003955 25.9902247734 26.0630748439 23.0711881133 26.1672921791 23.8601603293 23.811963037 24.4438643817 27.2139178391 26.6655949119 24.5447036622 23.5616782425 26.1693481999 26.5313690282 24.6104440628 26.4386431709 23.4985230356 23.1787313274 26.4352124366 23.1061935818 25.1360230272 24.9225552198 27.0161565799 23.1863320875 27.0387838716 26.4537120702 27.0619946608 27.150491208 27.1056703911 24.8742529131 23.4435958305 25.4278247115 25.9914418998 24.7914668896 23.9302735857 26.573889371 25.1228624705 26.2361965864 25.1838124455 23.4339796226 27.1497410804 25.7381214094 24.088845367 23.104323938 23.1045212881 26.48404388 25.2636561846 25.3550818093 23.103827882 24.5988737326 24.4216098549 26.4227339574 23.3350925587
26.076175966 25.0904380902 23.439966982 23.1339157226 23.7447534628 26.0386017986 24.3090049431 26.5288024156 26.721120748 23.4992888716 25.386534871 24.8476983935 24.7663442397 23.424647114 26.079835002 23.1237277284 24.1966140886 25.3832030128 24.2278032613 24.6160745861 26.9459718678 23.9607640421 24.1061429758 23.1070610009 26.250321569 25.1551303953 25.8350954639 23.7029235507 26.1450300683 24.4155122856 27.1043191029 24.103422405 24.8246061624 25.1865623679 23.771425979 25.9033597219 27.0458985109 24.5392505221 26.9437270739 23.5723495411 24.7825091236 25.6223986526 26.5965590374 24.002175005 26.8652097187 25.5957658239 27.0887013802 24.2217801173 23.2057230788 24.8173429051 25.0221071243 25.9253324814 23.5919047425
27.0965153305 23.5837090982 23.3753390212 26.3401247295 23.3848187782 27.0690393177 26.118040626 24.7890891345 25.146220444 24.1955768799 23.1570839136 24.6684610075 23.4508879241 27.1112260866 23.357400665 24.448065608 23.9131306676 26.7952960282 25.0845058957 23.6396809373 25.4978980948 23.8106670009 25.0306970973 24.8477117879 25.8458427153 26.999932458 26.7974890313 24.86497168 26.09905937 25.3566213433 24.67893816 25.5063442553 25.1227783532 25.6924735825 25.7976873834 25.8989529284 23.5551275951 26.5366054527 23.9614294353 26.2381988174 25.2062601375 23.3223050587 24.3456031139 26.1631043961 25.4542222658 25.3373720395 23.8835004807 24.4725694493 26.4995001002 26.6851418007 24.0643920045 24.2279437334 26.8628220017
26.9783841337 23.5344849128 25.7305584763 23.0328114987 24.602566802 26.0291404311 24.2374323195 23.4869393285 24.7868956529 25.0082734879 23.0090167765 26.435719721 23.3095876663 26.0601586319 27.1636942114 26.5658613924 25.0708079603 25.1782156895 25.6267679219 23.0796179394 23.2080678095 25.4212445676 24.5527480626 25.9492837494 26.989841782 23.5240132328 23.9986433272 25.0290410021 26.1042198562 23.4501606588 26.901156598 24.2293796233 25.3250681805 24.0651861774 23.7280798492 25.8079287309 24.9133896728 25.8518615033 23.3750785811 23.9417246913 26.7256025539 26.3786967971 23.2582686786 24.0811296661 25.0055639907 24.3177666637 25.3529567706 24.5894956535 25.197465955 24.1911211679 27.0472158864 25.3908700884 25.0440675774
25.4354338118 23.0879271918 23.8956225636 24.6877639046 23.939490829 26.6942851264 24.26147741 27.1462723036 26.2548553206 25.0731952148 23.095759644 25.0690781757 23.7992331688 23.3585245186 25.5264437992 23.5925051021 25.8074952988 23.1389068451 26.0873888087 26.0901538189 23.4801149824 25.5460376257 24.8630552148 26.0850787492 24.1499093989 26.5984561603 26.1077953392 26.7956507108 24.0928796517 26.3324202917 27.0672423309 24.1030957926 24.986976453 23.3756393592 27.0394333307 25.3818784791 26.3161583874 24.579042291 25.1645219941 23.8990847896 24.4973864217 26.130543067 25.5833675016 26.3883361937 26.1249224669 24.8287213637 24.5838509671 23.1293572112 23.494904357 23.8846279665 24.0313402162 23.3588081779 23.2538669599
25.6603839671 25.4304008344 26.9287559481 24.1452840866 24.6158485813 23.4667603724 24.2809355956 26.5073942593 24.3799538853 26.2541928177 25.6937212512 26.1838177496 24.9821367416 26.9945887265 25.0875084017 23.3322011563 24.1520233221 23.8349200381 26.2258121867 24.9822497345 26.5467053059 23.5116040332 26.6387068661 24.8435743795 25.2495104881 25.7204625364 23.2417679256 23.1367207066 26.979232893 25.4949588702 25.9731902744 23.5087367538 26.1922782468 27.0503485471 27.1260927527 23.9988443856 26.0003205177 23.0840546221 25.6969631145 25.4051213786 23.7681130031 24.4849668209 26.0409073605 24.8008833989 25.6181235387 24.7470014036 23.3845365459 23.6101310294 25.1351568519 24.0955303999 25.2110515168 23.0772320281 25.4980912145
25.5923406915 27.0190838732 24.2961728544 23.8558588502 25.6612712959 25.1065108517 24.7311170467 26.6347081217 23.1935967191 24.1220717529 25.5518418069 23.0643608205 24.36293453 25.0929809905 24.8529853131 27.0170702495 24.6151524567 24.1518961885 25.3145294181 26.7168577056 24.1861812828 25.0953570126 26.9843598506 24.0298335052 27.1535519402 25.1119900903 25.8217436433 24.8166158224 25.2594172871 24.0874786203 23.2385440383 23.2151304702 23.8268445944 23.6170253327 25.6626648514 27.0310681299 23.4890615812 24.9782593671 25.913001965 25.9408179037 25.9885985235 25.0020720947 27.2029074906 24.2564630717 24.025134444 25.1632481079 27.2132606802 25.7445040834 24.0309690252 25.6899942561 25.1475640141 27.0280332078 25.6153602186
24.2810947813 27.0846738999 27.0717143565 26.2566501012 23.135929339 25.8004289846 26.5460875918 24.7530288867 26.4028673964 25.8559153323 26.5068041856 23.8662640326 26.7276830361 26.4062372165 26.1637002836 26.2820398139 26.43034171 24.0422619854 25.4214817887 23.7326510469 24.7129965486 23.3037289475 25.5988052227 23.9850742336 23.9379170789 26.6686134675 23.6819401173 25.8181112319 24.2347574561 25.0106569774 25.8892978321 26.6099267079 26.8879927682 23.942104301 27.163657515 24.9703680606 24.008336789 25.752989782 26.4782633596 23.5982561647 24.1808246407 24.2873078252 25.9351926637 26.0762615941 23.3012517404 27.218734292 24.8209589889 26.2000900992 26.763777248 24.6429764299 25.4750805232 25.3966839107 27.2379250922
24.123611402 27.1550492672 25.9935319079 27.1968343515 26.9576911497 23.5522854574 24.9799673085 24.7006270695 26.9017286576 25.0201933556 25.5445985831 23.3547803475 24.3546814903 23.9476979874 23.9381947006 26.4559840423 25.9200656749 25.6474281745 25.7645527265 23.1603124174 23.3516565054 26.9775515932 24.243967312 25.3089131662 23.3261327875 25.1083296026 26.5936912399 24.4890009706 23.051013891 26.6887567804 25.6909808987 24.9036236944 26.3806381555 24.5012329547 26.5716316403 26.7187195204 26.4634204085 25.2950019786 24.9885573194 26.3206071395 25.3263405291 25.6374571351 23.8508031906 26.9754685607 26.8117248072 23.315952013 26.431429971 25.2095619311 26.0228273163 25.4393799572 24.8999354854 24.9821043143 25.7233280721
27.2373924508 24.6339909147 25.6894060661 26.8378449255 27.1515305281 26.3368844665 24.2807803539 26.0022250273 26.4778981708 25.82083196 23.4377018078 26.6444427614 25.28200365 25.6133769689 25.1384711662 24.4732968053 24.6385325183 24.3440589638 24.4275666317 24.0352260864 25.1584520533 23.2680846508 27.0953633657 27.17347468 23.3628322193 26.9079600014 23.0544451325 26.0498471701 24.2241042535 23.2394904842 23.5776936022 24.2907696462 26.3865216521 25.0270734833 23.4367716247 24.222972075 25.6312469724 26.3466765927 27.2409931078 27.0781057191 24.4071547024 23.5541161312 26.5476459416 23.060274211 24.653132759 27.0510697344 25.8874859765 23.7282927955 23.3736560242 23.1858059408 23.5586950847 23.5494180871 24.6196585222
24.8962931231 24.7472197028 26.3086800108 24.8328932555 24.0290558299 27.0641606501 27.2035611189 23.4890922038 23.781559128 23.9051051853 26.2370092901 24.1316972958 26.3265263231 23.1136083039 24.8642854995 26.2112342302 23.5931226281 25.5036892991 26.6260284705 24.1551213696 26.1466679073 25.6827231211 23.9064840043 27.1351493292 25.7951469702 24.1804591706 25.4424869195 27.2151553783 26.3758278704 24.6080089512 23.2263252288 24.0559499277 26.9199070364 27.2082206247 25.6995813702 27.2134860121 25.0098512385 24.4861717038 24.1103252954 25.9983535353 24.847012673 24.2523363633 26.0615555914 27.2271521714 25.1673015202 26.8922849744 25.5970341834 23.2440585961 26.4087985608 26.2762923632 26.5692676451 23.7365937639 25.9715039527
24.0460556005 25.5329490734 24.3572453765 26.8477194971 25.8525548414 25.122348103 23.7642278001 24.6874757776 26.3270499431 25.6798742132 26.0418892513 27.1804621573 26.8777274802 26.6751352491 24.9975055391 24.6084077051 25.7559813758 23.9989604055 26.8709343868 24.3763753434 26.6008538918 23.8873168018 25.2651782684 24.9400961689 25.529070416 24.1624375804 25.7265264912 25.2916585639 25.3259499406 26.7974280312 24.4361596572 24.2277773772 24.0137579758 25.7784024304 24.7027759459 24.2034825413 23.534923445 25.0792048081 27.2209522855 26.9762949806 23.3607765558 26.2730855233 23.9106547043 23.9503821769 26.4458725571 23.1531530234 24.571295604 24.2409733311 27.1070420522 26.7861986188 26.9481595692 25.4965265761 23.4354188332
24.2391145626 25.8050150592 23.3263822158 27.0348765896 23.8657481453 25.5078710359 24.0296141841 24.1929727673 23.9299533419 25.6101676555 24.9293028388 26.5680410405 25.6955400395 27.1529704927 26.6652670977 23.869104062 25.9780989116 25.7053905367 25.3364825542 24.4492933987 25.5169737644 23.6372243472 25.5236572901 25.9565605918 25.6355257047 25.9576441237 25.9578219867 25.2091037634 23.7842106264 25.6345049175 23.4977139455 24.7864035658 24.8891231093 25.5817566553 24.1759306273 24.8244820009 25.3849933129 26.4518470006 25.6601528297 26.7539297302 24.1332417505 23.6802112308 23.4851559978 23.0756789903 23.8872510141 26.1668964989 23.5197530649 25.9471117957 23.6844501561 24.8207969747 23.6462162566 24.9826520239 26.1065308975
23.3148192024 24.8003705068 24.9855078178 25.1782593338 23.9154267761 23.6577721782 23.0404227522 26.4356958902 23.8499094481 25.5492070349 26.2018059177 26.3585443819 25.4495011418 23.3732639385 23.1237086297 26.9481105563 24.6694092691 25.8000535343 26.0031003913 26.8830603938 24.8344615119 25.4898542906 23.5862017082 25.5915309165 25.7500317238 23.4953410029 26.9576446967 27.1294134206 23.8662396816 27.1793982424 24.515699733 26.0076119672 25.9414045861 26.059729018 24.9314171515 23.5356290212 24.2986148668 27.076482912 24.0107830615 26.9978637625 25.6447398746 25.6801391925 24.3075397967 26.7651308432 23.0448361492 23.0046029072 24.3111726549 25.0044041469 25.1549239249 24.8403336449 24.9843369104 24.8336117946 23.0397645137
26.9234202652 25.3185211745 25.2397750562 23.5781652145 24.9732176569 24.0878582748 25.2049209161 26.2524983453 23.2873633802 23.6923541912 24.0528356706 25.3828540874 26.6743922201 23.4830675394 25.7655284178 24.2801399628 27.0183731775 26.6367909086 25.8628540632 24.3813308346 26.509449584 23.3222779392 25.9836698942 24.0515230998 25.2140557353 24.7218298636 25.1930091879 23.2306794379 27.1158422292 25.7059238188 25.1274455656 23.8606795238 25.1351359466 24.8562672319 26.7286862676 23.8361223696 26.8676993428 24.6019829347 26.1900549082 25.8820880226 23.7873694277 26.1581661937 26.4513303956 23.6114334865 25.669992634 26.4294359806 23.3004457902 24.8671006653 23.7731747036 24.975731228 25.211167157 26.7845652301 23.5238861369
25.4265895426 25.7133638659 26.5041836171 24.2204786267 24.2892061723 26.2299711512 26.5145766286 25.8489173576 24.9460115699 24.7635542288 26.7095940002 24.5079978358 24.3197574975 26.8389772751 25.7589126314 24.2424954676 23.29276184 25.7393129969 26.6711767915 27.1884807375 23.9318018642 25.3155371194 25.0397447963 23.3973294345 26.2089295194 23.8458064195 23.0235591613 25.3874260308 26.73703238 24.4852730687 23.233852085 24.853487023 24.1581535964 25.2340441819 27.1848827019 25.2599942001 24.9918049199 25.5180327481 26.8114835009 24.847995027 26.9083523804 24.3711995266 23.6974904222 25.7505692989 24.6420463678 23.3892406756 26.1723665104 25.2984949388 23.9450661144 24.8479648394 24.7457650401 25.1467392556 25.065132115
25.178424403 25.8879259696 25.5169204938 23.2840296608 23.8981724814 25.5568274927 26.2739453012 23.8743511101 25.1089220576 26.872232767 24.5723239782 24.432663792 27.2337775426 24.2000337353 25.5697619098 27.1584256841 25.5445104067 23.7637741789 23.8007580762 25.77056073 26.2405641255 25.5301471552 23.4364626196 26.9121012314 23.3308819042 23.5308216736 26.5733603923 26.1792366 26.9993463211 23.8419711739 27.0872371247 25.690396627 23.3498433943 24.279508455 26.2552573587 25.4767111803 27.2415721768 25.0809953488 24.0517068486 25.7324847355 25.967314609 26.0569695539 23.752030818 25.0421956097 24.4229407292 23.7669895697 23.1207470263 26.426348529 24.1384703581 26.2761203985 24.9529828335 25.3821478931 24.3337357806
25.3037381904 23.1590967198 26.6604463326 24.8625451964 25.5057784914 27.1581169064 25.1138133861 23.4214691888 27.1595688746 24.6324093353 24.026923409 23.0335081338 27.0393711261 24.8144000888 26.529767485 26.9611701239 26.7210550271 25.3407546865 24.30159692 25.3054278172 23.6425858688 25.5237097069 25.4135670834 24.1979913096 26.734648814 23.6418886101 23.2724926395 23.0650305234 26.177555194 24.8367628474 27.18242988 26.190768867 25.3971371819 25.7948921079 23.4981382279 26.0960900931 26.2068762246 25.0550727436 25.5058270385 24.0038047488 26.7968547188 23.4243297585 25.6461843732 27.1291911059 26.859445457 25.6201963776 26.9731898345 26.4104210677 24.3892490841 24.2825302646 25.8787709843 25.0183095743 27.1847422187
