Spatial_Output/90% DEC/90DEC_0269.asc
NCOLS 155
NROWS 192
XLLCORNER 196769.923733
YLLCORNER 449719.875193
CELLSIZE 27.603701
NODATA_VALUE NaN
[rows 0 to 22 of 192, columns 53 to 105 of 155]
44.6709861528 44.8565123142 44.6653294282 45.1507492335 45.1079524231 45.1704523987 44.7978978592 72.890589532 78.7789134006 85.2930593458 44.7219991229 0 0 0 0 0 0 0 0 0 0 0 0 0 0 0 0 0 0 0 0 0 0 0 0 0 0 0 0 0 0 0 0 0 0 0 0 0 0 0 0 0 0
45.14844327 44.6408138292 44.9871091891 44.9828804481 44.7665229713 44.8486923388 44.9128619116 69.7670993095 85.5145694123 83.2926807109 45.2008326445 44.7800605787 0 0 0 0 0 0 0 0 0 0 0 0 0 0 0 0 0 0 0 0 0 0 0 0 0 0 0 0 0 0 0 0 0 0 0 0 0 0 0 0 0
44.520752168 44.7430265793 44.717291268 45.0577732337 44.6318464833 44.765807718 44.8846021869 79.4900103154 86.9081035047 86.7348636458 44.6965287225 44.8477518039 0 0 0 0 0 0 0 0 0 0 0 0 0 0 0 0 0 0 0 0 0 0 0 0 0 0 0 0 0 0 0 0 0 0 0 0 0 0 0 0 0
44.9286479748 44.8417650479 44.8295623945 44.6761250274 45.1427131243 44.7030243258 44.7115441804 44.578147672 44.8414916884 44.5505057233 44.8968970119 45.1015296031 45.01992329 0 0 0 0 0 0 0 0 0 0 0 0 0 0 0 0 0 0 0 0 0 0 0 0 0 0 0 0 0 0 0 0 0 0 0 0 0 0 0 0
45.2024489756 45.0088707838 45.076907291 44.5749672339 44.6150262426 44.8662672445 44.8299001543 44.9527631102 44.6085494321 44.7813049557 45.0678317182 44.6790642074 44.5366356491 44.8565758531 44.5274790619 0 0 0 0 0 0 0 0 0 0 0 0 0 0 0 0 0 0 0 0 0 0 0 0 0 0 0 0 0 0 0 0 0 0 0 0 0 0
45.1133533411 44.7531974848 44.9264427195 44.7946754952 45.0054771823 44.6412011446 44.9162590364 44.7403265364 44.7696300089 44.9951409556 45.065583049 44.5288346494 44.5942096694 45.1629910617 44.5656374581 44.6245768116 0 0 0 0 0 0 0 0 0 0 0 0 0 0 0 0 0 0 0 0 0 0 0 0 0 0 0 0 0 0 0 0 0 0 0 0 0
45.1123300234 44.5090318124 45.1317709281 44.7464272755 45.164348572 45.1157384874 44.8738749042 44.7292154068 45.155408649 45.1385909815 45.1504088955 45.1599181959 44.6814549388 44.9456019828 44.8291537226 44.6037680212 44.7627082446 44.8527890445 0 0 0 0 0 0 0 0 0 0 0 0 0 0 0 0 0 0 0 0 0 0 0 0 0 0 0 0 0 0 0 0 0 0 0
44.5032092055 44.5712175501 44.7816608953 45.082382585 44.7678356699 44.6500512841 44.6207028674 44.7986649999 45.0516805635 45.0204256263 45.096498357 45.0591054701 44.8486811724 44.9838341846 44.9512827047 45.1593954071 44.9269495054 45.1845380848 44.5539573103 0 0 0 0 0 0 0 0 0 0 0 0 0 0 0 0 0 0 0 0 0 0 0 0 0 0 0 0 0 0 0 0 0 0
44.5024812606 44.6816173962 44.7394625386 45.0744449682 44.9618173723 44.8084503627 44.8294744914 44.5996415642 45.1738531292 44.6725381987 44.8187634173 44.7895531279 44.7195050221 44.6615556608 44.7937246558 44.5557181403 45.1910239988 44.8816934833 45.1752765299 44.8232910247 44.691025191 0 0 0 0 0 0 0 0 0 0 0 0 0 0 0 0 0 0 0 0 0 0 0 0 0 0 0 0 0 0 0 0
44.8523110719 45.0209314601 45.1573883475 44.568684609 44.6952590432 44.6687649179 44.9387202454 44.6231588251 44.9132192991 45.0099961219 44.9403697216 44.5608071757 44.9325765663 44.586268199 44.5667506662 44.9054433366 45.0125075165 45.063698862 45.1523697185 44.8778620721 44.7150851863 44.745105339 44.551525754 44.8426751596 0 0 0 0 0 0 0 0 0 0 0 0 0 0 0 0 0 0 0 0 0 0 0 0 0 0 0 0 0
45.1380879112 44.6644863653 44.8520526843 45.0722862468 45.176881321 44.74082699 44.8263207798 44.9516788665 44.7814178332 44.7691161838 44.5696095539 44.7854136907 44.9605922662 44.8580421993 44.5261626121 44.9658350641 44.9166544447 45.189621439 44.974286178 45.0402007123 45.2068195282 44.5730299263 45.1747062222 44.7605718162 44.5272818877 44.9643862786 44.8234160467 44.6846535374 44.5153060036 0 0 0 0 0 0 0 0 0 0 0 0 0 0 0 0 0 0 0 44.8673384158 44.5519229069 44.9598040178 45.1502713823 44.6622586156
44.71097091 45.1138402731 44.6972869935 44.8616180018 45.1928749823 44.8051350467 44.8006452367 44.716921928 44.556450509 44.6058256624 44.7051985641 44.992652019 44.5382257125 45.1645168793 44.6609113473 45.1283714344 44.5298776087 45.1311825715 44.5980199518 45.0374023554 44.792519184 44.6645551856 44.8435475852 44.8532995293 44.9325508879 44.9663739741 45.0193932373 44.7656385397 44.7792727815 44.5786040367 44.7596949263 0 0 0 0 0 0 45.0639482327 44.7673027344 44.6980955889 44.6707996897 44.9177300849 0 0 0 0 0 0 44.9722697988 44.9787142158 44.5654305052 44.7979218848 45.0470527561
44.5839083813 44.5410391366 45.0675576805 45.1254434733 44.8823779641 44.7978491765 45.1680043302 45.0503912192 44.5869813525 44.5022120663 44.7941486639 44.5852778832 44.8088949072 44.8823674171 44.5946223772 44.9513148224 45.0075947543 45.0659644141 44.877245572 44.513871415 44.631277926 45.0682189465 44.9380821067 44.9438492408 44.654241697 45.0209345708 44.6846232518 44.9766255295 44.8455309717 44.6589967281 45.1453482515 0 0 0 0 0 0 44.7766052901 44.9751437524 44.796386916 45.1521454847 45.1427241969 45.0602751301 44.9683912303 44.5100962539 0 0 45.0050721194 44.6208745989 44.8435918447 44.9653977155 44.75256866 44.9413861582
45.113208018 45.0172681939 44.9018983684 45.1714202185 44.9492454297 44.7083024118 44.5490372175 44.6970900448 44.9906415339 44.5188254651 45.1340934068 45.0801358716 45.0081477753 44.8430432855 44.6388108148 44.5512288372 44.7518229846 45.1742419156 45.1989538897 44.6164754674 44.8241902289 44.811589878 45.0899921151 44.9251710357 44.7197451132 45.0745898647 45.0522618948 44.5693736809 44.9725634738 44.8283166463 44.845824364 44.5119803315 44.8788285311 44.8291864086 45.1472474237 44.974863328 45.0630496901 45.0971854359 44.9899002297 45.1183945292 45.0488507212 44.5090577905 44.5380737845 45.0304166175 44.5272081974 44.709983793 44.5982459895 44.9591405716 44.7455565149 45.0821945921 45.08402201 44.9101911712 45.0233071608
44.9669541705 45.2028961584 44.8965248537 45.1603586771 45.0883939045 44.9239321785 44.8194747482 44.5998562885 45.1103544549 44.9708534382 45.2021014431 45.0154137108 44.7420251846 44.6125467627 44.7663480332 44.6471092473 44.8256663527 44.5513956124 44.6638596012 44.739521844 44.9481251063 44.6419612368 44.5540633643 44.526592187 44.5886560299 44.5846315007 45.0024333156 44.6692322673 44.8048522901 45.094507867 44.7583045648 44.5344359094 44.705261208 45.1174131709 44.8578320299 44.8585995987 44.8376437584 44.869990966 44.6133771879 44.6527620714 44.8270828016 45.0165788826 44.9520804747 45.0269955742 45.144295002 44.8038780479 44.8770828695 44.8600249497 45.049959848 44.580637491 44.5076266464 45.1067617531 44.7860144816
44.6661272838 45.028698323 44.5028513158 44.8184983327 44.9709230182 44.7094886886 44.5341286485 44.8910976783 44.9139411853 45.0212758675 44.5026676573 44.5732593932 44.8540432151 44.6685950697 44.7011874426 44.657473518 44.5218620004 44.5448119188 44.5683247584 44.5441745655 44.9054468722 44.8299239949 45.2058658757 44.9466941655 45.0841116398 44.912453725 44.518075003 44.9741665424 44.58747382 45.1508018485 44.687494847 44.7238680098 44.6743179521 45.0660483883 45.0008933736 45.1340990714 44.5909259296 44.9270153458 45.0286935873 44.9491323762 44.8663151985 45.1835449593 45.06051686 45.1593003213 45.1013332936 44.7736839125 44.5933140862 44.665922238 44.5764552247 44.622694204 45.07149158 44.9071680895 44.8145139673
45.0868308785 44.8172591078 44.7543854943 44.8321833312 44.9453708151 45.1224858589 44.9741010261 45.0534608867 45.0923615984 44.8384547942 44.5415540992 44.8663658601 45.114264191 44.647861692 44.6018973457 45.107357716 45.1225329241 45.1344933568 45.1706039374 45.1671626513 45.144693695 45.1202130941 45.1927202035 44.9343342191 44.6836978094 44.9494829862 45.0900325266 44.757973325 44.5521185326 44.9796976298 44.5589085013 44.9601588854 44.998988476 44.7086015332 44.751364881 45.1978835145 44.9092006125 44.5130000762 45.0472354459 44.8911147235 44.9601682913 44.7017119292 44.7829759077 44.6214243434 44.94047382 44.8170984143 45.1388016945 44.7743288578 44.5703428012 45.0569518731 44.8685443299 44.6185814848 45.1768918924
44.7096434612 45.1012748244 45.0812582482 44.6337171456 44.6783530135 44.9567238613 44.6403225017 44.5258405466 44.6729704252 45.1921348564 45.1248702581 44.5659267519 44.534860521 44.6425998015 45.1442834651 45.0930320226 45.1728433562 45.0654461631 44.8226529137 44.6333025598 44.8931746329 45.0878780764 44.8439677292 44.7143313734 44.603765697 45.1117584703 44.9295884761 44.5987168826 44.8931081654 44.9206465621 44.8841047533 44.6027453232 44.9131970045 44.9775616829 45.1711480461 44.5920990597 44.5261647713 44.5739668667 44.576190314 45.0897937675 44.6169208014 44.7043280044 44.9738915069 44.8680906356 44.7916247516 44.5473220565 44.8474329307 44.9886083265 44.7333772066 45.0322720354 44.5040628449 44.5664775756 44.99276275
45.0464868268 44.6805489 44.6552005552 45.0301576738 44.7786747996 44.5516466053 44.7626430445 44.8413214068 44.5560663857 45.0606196664 44.5212857291 44.9803208384 45.102301053 45.0132576481 44.8879198054 44.7756757941 44.7483966872 44.8230660948 44.8267288119 44.7056491266 44.6421150788 44.6292156992 45.173514441 44.9962176401 44.7637706799 45.1295716793 45.1452769756 45.1197057136 44.698259136 44.6678747775 44.857911333 44.9870794693 45.1665985758 45.1748923642 45.1063911168 44.9899807111 45.1951002817 44.7223757519 44.5910043538 44.9615915417 45.090043835 45.0625922342 45.0076594975 44.5822396351 45.0459527847 44.8847708416 45.1096342397 44.5342519545 45.1719425517 44.8065383373 45.0337980474 44.6480231258 44.7492122244
44.5353672864 44.9522774668 44.6102836713 45.1663200724 44.5418201751 44.7101995469 44.6892532899 44.597941575 44.9090637054 44.711468934 44.5721520116 45.0440703981 44.818615996 44.5032105109 44.9879843223 44.7010152432 45.1672302774 44.775148337 44.6721914234 44.7492044023 45.1584349153 45.0349104974 44.658287185 44.7709388223 45.1803991348 44.8673661879 44.909805302 44.5164547366 44.5980329363 44.5765080473 45.0509180777 44.9771862938 44.8245267361 44.6044171524 44.5725188306 44.7789346083 44.8651678698 44.8633354269 44.7519646304 44.7078168008 44.714121563 44.5703588194 45.0160051974 44.8267117935 44.6027309248 45.0682134324 44.7863054187 44.871171879 44.6831986283 44.8570114657 44.8086143497 44.9285331063 45.0072250965
44.745056179 45.1637389684 45.0436508615 44.8980565622 44.7787752422 44.5225597969 45.0372138492 44.6801863632 44.885804325 44.9697542219 44.5117792587 44.929450739 44.5493611148 45.1405890897 45.084348549 44.7088272971 44.5257726308 44.7384919616 45.1398857203 44.9566659968 45.0266938755 44.7040054041 45.1774903111 44.7817853211 45.0711290321 44.9048649302 44.6280028809 44.8476283964 44.5916361341 45.0603786935 45.109862832 44.987451662 44.7549041809 44.546654868 44.7353225412 44.7402585785 45.0420698284 44.916704517 45.0779761944 44.9657615233 44.6138352956 45.1712683715 44.5510476206 44.6446856948 45.1056203143 44.862947073 44.6759492445 44.7171137818 45.1747163962 44.7554415734 45.0214612816 44.5423517869 44.5187091975
44.9129499997 45.060436949 45.0546320552 44.9354978504 44.5413016207 44.8351267112 44.6059586776 44.9952359549 44.509650858 45.0327305446 45.0455386237 45.0908004496 45.1586859971 44.7452307367 45.0153623712 44.9003385229 44.95122855 44.9368122718 44.7059478397 44.9571258632 44.5497940892 44.5243924837 45.0667391188 44.676866679 44.6080750703 44.8970785148 45.0409599333 45.0214936377 44.7114805844 45.1954863118 44.621150199 45.1994195997 44.978491422 44.5210802109 44.8626523656 44.6594820889 44.5950407179 45.0317377941 44.7968613102 44.514724592 44.9275045108 45.0614119167 44.5066909922 45.1096796078 45.0059139439 45.1202577644 44.9576393329 44.9462178875 44.9344416339 44.825504378 44.7016684665 44.7255623621 44.6706497318
44.8488766804 45.1053634814 44.7256878823 44.5553405869 44.5762701321 45.0706083467 44.5894973553 45.1147162894 44.6854261301 44.8348901415 45.1678013064 44.9505967921 44.8294521539 44.8164727854 44.6231264013 44.7058646649 44.8423243498 44.9876172094 45.0299181665 44.8859344352 44.613672499 44.6539631539 44.9534636146 44.7557644791 44.8157432796 44.7557704897 44.6473073817 44.9983004403 44.8944346619 44.5623949686 44.6338543399 44.8541886399 44.7643754363 45.1770218571 44.9331875768 44.7320564608 44.7407243217 44.8989416639 44.6045883166 44.6099425737 44.8183936397 44.9639852775 44.6871241516 44.9184766905 45.1041060262 44.9762365313 44.6176586906 44.8136918804 45.1194167382 45.0245055773 45.0059574761 45.0091744251 44.9362055252
