Spatial_Output/90% DEC/90DEC_1034.asc
NCOLS 155
NROWS 192
XLLCORNER 196769.923733
YLLCORNER 449719.875193
CELLSIZE 27.603701
NODATA_VALUE NaN
[rows 23 to 45 of 192, columns 0 to 52 of 155]
0 23.042670986 22.6850072698 22.5500529963 22.5715336124 22.5204020785 22.7108434084 23.1888119 22.8720703302 22.9608790796 22.5806209608 23.0064174071 22.6701121438 22.7455373147 22.5367897031 23.1222217538 22.8360406397 22.9157668354 22.6089298475 22.7686679836 22.8142881553 22.77066089 22.7611736643 22.7422917552 22.5141112382 22.6622324138 23.0311046994 22.813834449 22.7782774302 23.0007779311 23.1724058418 22.8437241461 22.6255434629 22.9413534319 23.1087040341 22.6349443251 22.8844130921 22.7729484268 23.1686917703 22.8441103156 22.5230492772 23.070252635 23.1348258708 22.5540040599 22.7477060181 22.91531039 22.5030601876 22.5635768065 22.6281214183 23.1893856269 22.5479273212 23.1753772619 22.5403969223
22.503084321 22.9749296834 22.7396991967 22.5111742764 22.9973296834 22.678105167 22.5174119799 23.017049418 22.923466405 22.6247400572 23.1498490981 22.7500174827 22.880243839 22.9957888878 22.9896875791 23.1574860626 22.5807374593 23.1388520311 22.5515221942 22.7115428105 23.0385699961 22.7800058682 22.6572745929 22.9806230055 22.5311994376 22.7989239486 22.6428908923 22.8592766244 22.9508156826 23.0080900445 22.9201399096 23.2007281786 23.0952292547 22.7037653954 23.1943698092 22.502738037 22.7598435567 22.5578617653 23.0899500831 22.5457567913 22.829394458 23.0036675882 23.0202591884 22.6931087217 22.9104828653 22.9233140919 22.9061854543 22.5247849439 23.0306925123 22.9921697783 23.0924627902 23.1192423699 22.5328113535
22.8976801874 22.5688438536 22.5673825646 22.9441093615 23.0936090539 23.0044876168 23.078003721 22.6070723702 22.9567596192 22.941742374 22.5335791763 22.5655480915 22.6437773289 22.939392545 22.9894907162 22.6018358558 22.8200625757 22.7706602961 23.0546490823 22.7924605002 22.8457346192 23.0181731946 22.537002573 22.8807469023 23.1965665211 22.9155979827 22.5663581272 22.5128030746 23.0937833115 23.1093797983 23.0180815037 22.9527372181 22.7699454087 22.850251572 22.6734639834 22.9003099092 22.7408916236 23.045170796 23.1837551426 22.8884701596 22.6433940003 23.0482691481 22.9084124097 23.0582130552 23.0501517219 23.0908244084 22.8060811571 22.7842039557 22.6529922259 22.9441684013 22.6780673713 22.6597296328 23.0585242179
23.0126389824 22.7335455401 22.8147840444 22.8935199352 22.8521103947 22.6090332003 23.1214143798 22.7084987018 22.6105167157 22.6309509815 22.8404349785 23.1348422225 23.158070233 22.6925545845 23.137341696 22.9834060125 23.1377385169 22.8501142977 22.9754553925 23.1921630261 23.0725877888 22.7355504495 23.0564919696 22.548407997 23.114905738 22.7248091271 22.7673809436 22.6446413076 22.8337570474 22.909617174 22.7350606193 23.1980462483 22.9742130608 22.6845382527 22.7732497658 23.0844438453 22.6665178244 22.7416608187 22.6663517187 22.8825549505 23.1185626815 23.1447398517 22.5618402981 22.6259914838 22.7574328683 22.8525095872 22.6802492746 22.8040083586 22.8104003074 23.0130060659 22.7957124009 22.9487122626 23.1052929659
22.6454336567 23.0965412142 22.8069545936 22.5192996806 22.7350321915 22.9956123604 22.5944990069 22.7261540193 22.7785447329 22.7491963602 23.0885744284 22.5844758919 23.2018411371 22.7083465007 22.9345402499 22.9827464704 22.7546735575 22.8935692823 22.6734283604 22.5098928377 23.0358685917 23.1826070742 23.0418038147 22.9274410184 22.9397681586 22.8088719685 23.0387309451 22.8721451018 22.8699571509 22.6952461915 22.5404602248 22.8811918563 22.6005238533 23.1782042353 22.5745252599 22.8791224984 23.1683258471 22.9850394524 22.6111757225 22.7301094554 22.8521596006 22.7296421699 22.5849722709 22.6417887824 22.9585479809 22.8009734778 22.511912965 23.1823619559 22.8675510216 23.1000612883 22.6880864964 22.9823749438 22.6535547449
23.1481715212 23.0953944668 23.0160296007 22.9250454447 23.0893967319 22.84532801 22.9402764797 22.8641940428 23.1449422098 22.8517272897 22.8317835081 23.1127575332 22.5089369048 23.0995714326 22.7312342481 22.8722120238 22.9689933544 22.9988794405 22.5218681605 22.8793235736 22.9266385295 23.0159526303 22.9369072801 22.5528553761 23.201731174 22.7875561011 22.8163702561 22.9547699629 22.586842621 23.1262491344 22.7328059813 22.6252525561 23.2062720816 22.803743649 22.9065942876 22.6683353969 23.132774573 22.6220101825 23.1320790726 22.6539241804 23.0702397723 22.7958259609 22.7721298208 22.6220797905 23.1130148929 22.9264393944 22.8393888284 23.0443482449 22.8454129514 22.845941989 23.0286604185 22.8936812854 23.1360993799
23.0981943611 22.5886279486 23.1245546902 22.7225728788 22.5914074718 23.1939153314 22.8350457024 22.7439850875 22.8686047774 22.7941623151 23.0357379716 23.0456307411 22.9519165306 23.0435181742 23.1369109525 22.7612367358 22.546896199 22.8333185441 22.5050821195 23.2046742726 22.9195214272 22.7291522616 22.8951418672 22.6442173086 22.6283419507 22.5254279982 23.1118469441 22.9473007195 23.1866597327 22.548385904 22.8365094702 22.6356713642 22.8156131784 22.7332592305 23.1725771016 23.0837131025 22.6298845208 22.9095577653 23.0702141868 23.0384534736 23.1517347274 23.181878634 22.8562697742 22.5326343111 22.9531732995 23.1359372894 22.958389197 22.9233203499 22.896124063 22.8908628964 23.1795352125 22.5968665679 22.9467421043
22.6803068827 22.8909203413 22.7250810851 23.012720771 23.1884668888 22.9140813599 22.5578964103 22.7446241134 22.8000840133 22.5537571283 22.6054027134 22.9133343488 23.1054577415 22.6209492565 23.1123369429 23.1292432853 23.0483579951 23.127644236 22.6224378742 22.8306241893 22.6101313672 22.8150287423 23.1656543462 22.7233610541 22.836338429 23.0002877982 22.6358471723 23.0118780369 22.6478881723 22.8925110406 22.9760080625 22.8253617503 22.6780542759 22.5182042794 22.8773564915 22.7541474996 22.749638655 23.1859742314 22.6815495889 23.0587051122 22.5015580741 23.077363742 22.8393008189 22.8475687673 23.1093394427 22.6325621744 23.0793496187 23.1042181984 22.6461601794 23.0608856994 23.1354569932 22.5126264766 22.8270139152
23.1538875319 23.1953012221 22.8301375111 22.964506032 22.77507993 22.6084533574 23.0259242169 22.7397536441 22.6025218311 22.9419911171 23.1009759201 22.8284641864 22.7830710814 22.8740867948 22.7034379103 22.5133328888 22.8682953986 22.8897150484 22.955051428 23.0828784695 22.6723452816 22.5412707328 22.589808734 23.1319109149 22.6757199908 23.0827937853 22.5845641869 23.193879201 22.7037062269 22.9643433649 23.1796969717 22.6914282717 22.9734037716 22.8727750002 22.6540708767 22.5514310303 23.0693480073 23.085306065 22.7645185698 22.8839874648 22.5378200573 22.6004170343 22.9885708085 22.8255765507 23.136961637 22.7360824806 23.1394359113 23.0198797305 22.7968157572 22.5414102642 22.6923037484 22.641622491 23.044243851
22.7419706337 22.6031006045 23.1845594317 22.8549584954 22.97214294 23.1769601225 22.8321653245 22.5737978087 22.5613019001 22.5919002307 22.620176736 22.8867259977 22.8444792891 23.1973658172 23.1267465002 22.8219731796 22.9204549845 22.8903226036 23.1196118371 23.1163035402 22.7843162402 23.1859156729 22.9784429594 23.1933187468 22.9543306061 23.0167867975 22.7831107117 23.1385208529 22.8343875786 22.7158642706 22.76136322 23.0498743284 23.0046233571 22.9606291508 22.6484387699 22.8733098072 22.9235100478 23.1593778687 23.1949463506 22.9195649708 22.8604526609 22.9914162518 23.0239952685 22.8017066955 23.1411924931 22.5773327822 22.7768521406 23.1512484651 22.7483751286 22.7114587209 22.6718009326 22.7376861084 22.5390635467
23.1978004341 22.7449362098 22.7353887333 23.2025755463 22.6480733944 22.5516052768 23.0278367556 22.716526327 22.7238165021 23.0570935424 22.5916221436 23.0938244528 22.6261069619 22.9408649573 22.9912151785 22.9369947084 22.8342207152 22.8380176866 23.1304111661 22.727894275 22.6433594798 22.6647923615 23.0259681226 22.6352313419 22.6324633887 22.7465429888 22.7659871213 23.2066568371 23.1537224714 23.0985929256 22.5603759215 23.0322928099 23.0748480218 22.617793656 22.7030871145 22.5827939371 22.939022649 22.5073073464 22.6722963427 22.8722957178 23.1066386778 22.7959820058 22.8228140058 22.7792817331 22.5206161423 22.5981799717 22.7210316208 22.730869043 22.6009491163 22.5204871104 22.8354005052 23.1663658713 23.0198321875
22.5922922956 23.0114571278 22.6905200335 22.8294845198 22.63538478 22.7240284865 22.7547232578 22.8376504683 22.7338272783 23.0393054089 22.5808160443 22.6924767096 23.1941392729 22.8740769666 22.7055853545 22.7941108413 22.6786351605 22.9785321907 22.9024096114 22.5234243695 22.9232758624 22.6391068313 23.1335031413 22.554626674 22.512072341 22.8288091253 23.0030571984 22.6411637619 22.9937753228 22.7149074759 22.7880457907 23.0172370513 22.946701398 22.8694018147 23.0829258009 22.9750899604 23.1034683155 22.5003585658 22.7777437762 23.0751558251 22.6353844893 23.1463865522 22.6125278527 23.0325379157 23.014032533 22.5704760161 23.0495269916 23.1786014777 23.1984075963 23.0058981738 22.5550676015 22.6546955508 23.2031673669
22.9456724587 22.5856005039 23.0985586624 22.7998530833 22.893096409 22.9959755251 23.114305454 22.8912832639 22.60167661 22.7136518296 22.8586804235 23.1608756018 22.6586215778 22.7928291662 22.6170035999 23.1932374929 23.1626392108 23.0349276062 22.7371033515 22.5733591687 22.9923109993 23.171125053 22.648244934 23.0899140278 22.6595995164 22.8974464934 23.0204225674 22.9556700786 22.9782866634 23.0543676422 23.0593311279 22.679713545 22.5111834557 22.7503229766 22.6372234282 22.6915320932 22.7235584971 22.9999166324 22.6271884638 22.8972785174 22.7261007863 22.9786148518 23.0366022243 22.6184804273 22.6279816741 22.8991148362 22.7828591021 22.9446069601 22.6862078091 22.7025917558 22.8504216419 22.5217555821 23.1164727647
22.9161389678 22.80908607 22.8786399789 22.6810998492 23.106740439 22.7117517857 22.8751945112 23.0881025911 22.9493772195 22.73648814 23.1044772965 22.7335816344 23.0669584904 22.6855204443 22.5572641063 23.1718048026 23.1136316354 22.7813055451 22.9778677922 23.0498429516 22.9621233039 23.1184502771 22.7500114607 23.0348005555 22.8398046261 22.8269913676 23.1056026663 22.7159398539 23.0775993345 22.8334940415 22.8534304055 22.7935614275 22.5638657153 22.6672742779 22.5579171173 22.6464504665 23.0693934602 23.1725894447 23.0677893458 23.0960926135 22.9918058984 23.1288609693 23.1596750939 22.8601948797 23.0869257306 22.7530226333 22.7228883887 22.8151176716 22.8054366531 22.8705602738 23.2032202862 23.195208956 22.9460688933
23.1659217734 23.0245476755 23.1692162827 22.6456870828 22.8298555745 22.7583571446 22.7986360088 23.0784562832 22.7526853937 23.2070715487 22.6098374381 22.5663823154 22.7834054581 23.1696138772 22.934640186 23.0818822837 22.9872494848 23.0908975644 22.9616004774 23.0541200975 23.1795523826 23.0810948661 22.8138015362 22.7324527385 23.1132788988 23.1441807045 22.9368023054 22.704874878 23.0975143728 22.5462145628 22.7749989552 22.8757381219 22.6365304904 22.8248906573 22.8074916035 22.8602033578 23.1589063231 23.1330945768 22.7075438988 22.6656833723 22.6981643214 23.0540465614 23.0817159786 23.0729697545 23.1618950583 23.1845563853 22.6623887593 22.7974288466 22.7346271973 22.636223167 23.0515001859 22.6797575122 22.7948031753
23.0827253745 23.1424784599 22.5852413482 23.1368369309 22.7760917784 23.1608118168 23.1357378747 22.5566967011 22.9865556844 22.5865877975 23.1651455968 22.6981564088 22.9878055028 23.0148540186 23.1404639255 23.1309242743 23.0728197098 23.0311781025 23.1935258196 22.8469487505 22.7050516762 23.1220555751 23.0870678568 22.8285895413 22.7914987206 23.1953744135 23.1272291235 22.5277289063 23.1241624554 23.071243306 22.9121100602 22.509355576 22.6120030385 22.6591881492 22.5952398841 22.9265582925 23.1677686531 22.8481462883 22.9975236503 22.6292704393 22.8577871759 22.6858940517 22.6075178349 22.7922039145 23.1166962017 22.6785014138 22.5486782709 22.9623402741 22.7832100694 22.8068434881 23.1265064639 22.9508036112 22.7847138358
23.0831023785 23.0304012029 22.6950297588 22.6554699478 22.8332950538 22.900492763 22.9011649024 23.0575712969 23.0650421608 22.7704514338 22.5578353883 22.6659609672 22.7547560133 23.1028256983 22.6399665232 23.2028293304 22.8238772898 23.1855406102 23.117866624 22.9464199468 23.1916540845 23.0388108154 22.9140504622 22.6895581316 22.7343025794 22.7511258576 22.7671683035 22.7232043029 22.9110114158 22.7050656698 22.5952239952 22.9665009613 22.5010337787 22.913776863 23.1603336091 22.7964395794 22.877776747 22.5497212342 22.5795886774 23.1049300888 22.5259298257 22.553513282 22.569558527 23.2026582171 23.0422956023 22.8630705152 23.1430398399 22.6988575953 23.061266347 22.5952105895 23.1688724414 22.7731803131 22.9393623243
22.525847656 22.6525567184 23.2002707979 22.7526157739 22.7156888568 22.5012772362 22.9905830859 22.7719047304 23.1851191311 23.0553608463 22.6782336438 22.5165453865 22.8784947333 22.615280109 23.0362270743 22.9543093756 23.1414005508 22.574806764 22.7336506965 22.7135518092 22.5841276943 23.0996220217 22.5719938778 22.8373032406 23.1498388782 22.6932909632 22.8867425167 22.7329184551 22.7268094102 22.8980601501 22.557722282 23.1784669539 22.5165485275 23.1605290722 22.9831196243 23.1005986827 22.8217710673 22.7774119407 23.0059324516 23.0098513834 22.5658044659 23.0280274157 22.8329234831 22.7305084717 22.8569256296 22.7999937451 23.1140614388 22.5424320678 23.0913814066 22.6824008842 23.0801046943 23.1481709882 23.0814065064
22.8586300626 23.0190832748 22.5663732694 22.5856067962 22.8677219751 22.5112364508 23.0339739562 23.1206912091 22.7374479982 22.6873832357 22.7848900639 22.8731422149 23.1680841586 22.7159105089 22.9217333984 23.1202663409 22.6055739997 22.7578556093 22.7869105936 22.9759590925 22.6098778614 22.5673868376 22.5032095103 23.1487590821 23.1025667013 22.8439610023 22.8991570011 22.9291562475 22.6891176715 22.7003503374 22.5690294817 23.1282339461 22.729992731 23.0911173745 22.818665276 22.8657422112 22.5226598858 23.0810452553 22.825030634 23.0794997819 22.9459909946 22.613559518 22.7308234401 23.1646110925 22.5811878725 22.5563548999 22.6197533772 22.5760104087 22.7460607176 23.1460481793 22.6553066579 22.5659377809 22.8173081555
22.5475320551 22.7475704864 23.1579489072 22.7927816998 23.168163338 23.0967618329 22.5455439235 22.6316739219 22.5362990857 22.6693665062 22.6720375304 22.5615797486 22.8606439521 22.5471215857 22.6719562195 22.6170385756 22.7583415569 22.9768831638 22.6868353488 22.5975997074 22.7311518804 23.0088337299 22.7066219577 22.8687775411 22.7067605716 22.8135964963 23.1490123205 22.990153277 22.869302072 22.5024381397 23.1981407454 23.205605367 23.0170985126 22.9794946952 22.7881548113 22.6356510388 23.0693565625 22.7115432666 23.0552400495 22.8777446556 22.5671650692 22.5297244858 22.9485411802 22.9776858651 23.1296287807 22.9046445697 22.6397205206 22.5460937035 22.7126205607 22.5841903766 22.563819462 22.6427145852 22.9460924443
22.565610502 22.7026543609 22.6833542689 22.7016698458 22.5335500176 22.5773617434 22.771690697 22.6091770519 23.0267301374 22.7005713308 22.779331851 22.9823102922 22.7412637511 22.9398705582 22.8101226542 22.6482700514 22.7993730958 22.8155155858 22.5668397189 22.5758783249 22.8567463429 22.8619833621 22.8501790988 22.6977674142 23.1069934218 23.0143655884 22.9062505045 23.205710673 22.8361499107 23.0471236992 22.8258794788 22.5021112437 22.7445897316 22.8504783926 23.141998577 22.5794817341 22.7159560908 22.5158839476 22.8061510058 22.7480407409 22.5291401737 23.1089649306 23.1068568135 22.8827529194 22.749150634 22.6032483311 22.5928282326 22.6604148383 22.508532773 22.9700064259 22.9150940436 22.6502207829 23.1356950991
22.686273133 22.7368215239 23.1995307226 23.1004632515 23.0044907356 22.7331874833 23.1199982697 22.5144226897 22.7711285273 22.8536519867 22.5667357629 23.1804320154 23.1065708926 22.6729784171 22.6013068464 22.7195596796 22.658842579 22.7142751831 22.6114597554 23.1069346112 22.742823074 22.9406664678 22.9295153241 22.8194748815 23.1149916972 22.5178873669 22.9092707676 23.00158984 23.0057729132 22.6833590168 22.7435362152 23.1024979556 22.6664642778 22.5385302859 22.8797606489 23.126049201 22.689907873 23.0969244005 22.7014992901 22.6304037513 22.6897397508 22.6401727846 22.7929573909 22.6915662776 22.5164523899 22.6865426455 22.7693773906 22.5959592665 23.1431132749 22.7747613871 22.5879425735 22.5731102316 22.5842232934
22.6493567878 22.6394869762 22.8076993679 23.0446867269 22.7180974379 23.0900349281 23.0822641512 22.784782979 22.9274148921 22.6960031627 22.6041272271 22.855445863 22.602979375 22.7426043655 22.8036301539 22.7144543735 23.0034056379 22.6272488879 22.9534792932 23.0431795568 22.7461839441 23.1653381261 22.9047874209 22.6877316817 22.8603984804 23.1581744711 23.1855019188 22.7318389103 22.6705266796 23.006022609 22.9965870855 22.9882547617 22.953477216 22.5919705741 23.1675787225 23.0283629155 22.6916912087 22.8827816151 22.8864678654 22.9758202261 22.9174345811 23.0143182746 23.1568826467 22.7459141983 23.0741254607 22.942989494 22.7640696723 22.8684635772 23.1419895788 22.7057548963 22.5664173007 22.6856358269 22.6669848587
