Spatial_Output/90% DEC/90DEC_0311.asc
NCOLS 155
NROWS 192
XLLCORNER 196769.923733
YLLCORNER 449719.875193
CELLSIZE 27.603701
NODATA_VALUE NaN
[rows 46 to 68 of 192, columns 53 to 105 of 155]
36.5537287607 36.2485029596 36.8374819469 36.0202892353 37.2689125924 36.9888693671 37.1422590684 36.1229240027 36.9837785605 37.255844962 36.9058487531 36.5981600787 36.0940199734 37.1740960427 37.4062241209 36.3125369392 36.6693658188 36.3921147999 37.1773584294 36.6292319224 36.4200198067 36.2503575174 36.8515132649 37.1214195501 37.3467809367 37.4097032548 37.0092747626 36.7669557322 36.5071502528 36.7529640828 36.4397985688 37.3718912482 36.1359146796 37.1199104786 37.0830985953 36.4754197121 36.8594706953 37.2310947721 36.5335965384 36.4232562753 37.1746990132 36.3858361572 36.5976538931 36.5904169733 37.2089874501 36.1397857968 36.4475199064 37.106407193 36.2846684275 36.2026686016 36.8396472126 36.2074667683 36.9696768392
36.3304147024 36.767963937 36.1587955438 36.7377506687 37.0185613836 36.0025830061 36.4230422522 36.6756963335 36.5225736967 37.3096818742 36.2054091289 36.6255776479 36.7411314888 37.045529735 36.1655511802 36.2994427036 36.4235835479 36.8272062319 36.6069673486 36.5653265017 36.4412464331 37.2884903688 36.3840576729 36.2063026215 36.6478972162 36.6897682775 37.1270986022 37.3127046818 36.7408329409 37.1776828163 36.8970893274 36.3031750667 36.7465603819 36.6575019363 36.2858768073 36.6742952378 36.0845787612 37.2360523636 36.7123004745 36.5493584526 37.1455601436 36.9309695324 36.7087445668 36.8736249253 36.8080769167 36.6615973883 36.5888249501 36.4654358282 36.6220901871 37.0338284089 36.5704802248 36.4146479446 36.9026951591
36.4315052889 36.3770404036 36.6189397392 36.4760006483 36.1637638625 36.4783460655 37.1067950389 37.1542301337 36.762288028 36.9711775139 36.9321898039 37.0790867799 36.6548357692 36.5416242286 36.0095929324 37.1397909074 36.1674517929 36.7004636985 36.4739366836 36.6140989468 36.7055280596 37.102960144 36.5282545419 37.0324261261 36.1946224888 36.5892636935 36.7760203789 36.6824175946 37.0844637797 36.9865929847 37.2708438209 37.3699401677 36.8755826732 36.5910441344 36.9404529586 36.5761144267 36.412256623 37.3990327104 36.5754931504 36.1951932258 36.210620666 36.3625479639 36.8065495277 36.5423588256 37.0595228783 37.1729211193 37.2171233287 36.1856004954 36.5759485893 37.2171083534 36.1530930895 36.0873749632 36.1098417038
36.772085457 37.3446387769 36.8324988014 37.0953185101 36.1220602316 36.7775934554 36.1896427597 37.2196735031 36.0633188478 37.2206848408 36.5116737444 37.2625646817 36.5779555776 36.4194409306 36.2971307429 36.3194895824 37.231571494 36.8914895076 37.4017580561 37.051575192 36.9528086079 36.4408108539 37.2347489079 36.1179827496 36.200374974 37.242251504 36.693424962 37.3550410472 36.190386708 36.830691566 37.2049958019 36.3363008768 36.1404369326 36.383871415 36.318879643 36.4950026349 36.3895841277 36.6815911549 36.7194991406 37.1270843772 37.3205376765 36.1957814373 36.1744966983 37.2045019635 36.4138916348 36.3272693836 36.9629708634 37.1687309747 36.7748437323 36.470889055 36.2615967465 37.1839674987 36.9678718323
36.302338593 36.8893726716 36.3910332199 36.603146235 37.0492837185 37.4021733728 36.3776843376 37.3838116542 36.434354754 36.101594878 37.0158787704 36.88976957 36.4336390623 37.1169845523 37.1956294852 37.0867660309 36.2888686551 36.7013940393 36.5784364016 37.1439171092 36.6733859052 36.1428327393 36.3229699932 36.2992180878 36.5115345661 36.9308480664 36.8331738213 37.2104635192 37.0842373397 37.265562384 36.9190559333 37.2136147398 36.0963225491 36.9945525181 36.158560586 36.4178274306 36.0792596733 37.1602776236 36.5674394553 36.7082615994 37.0841335615 36.5644335074 37.2104897406 36.3788165407 36.2459649378 36.6020356588 36.687682549 36.450372907 36.9459608246 36.9407289488 37.1344870509 36.3473866057 36.3189854503
36.8859166929 36.3687773725 37.1814488531 36.320188584 36.1187290338 36.2395366976 37.1601448722 36.5079664199 36.4902212125 37.3611173551 36.7104100494 37.1328972016 36.2635937055 36.2415683111 36.9315011311 37.1192165265 36.1633165316 36.7195038534 36.889802025 36.3990596204 37.3544410216 37.274912774 37.0962281002 36.3105730005 36.8181341522 36.7359423868 36.3792595229 37.3512029643 37.3602400438 36.699453841 36.1032067004 36.847054872 36.8187356973 36.2814884506 37.1591687361 37.2120429068 36.322781954 36.7440805482 36.2448408475 36.3015561687 36.8301775531 36.6884770332 36.3306010309 37.0800098736 36.0802021451 36.5974215965 36.4312718219 36.870971281 36.0481133569 36.5491977232 36.3038782402 37.131674097 36.2141589785
36.2740140149 37.1105090398 36.2210470264 36.940754535 37.1735881711 36.0703393583 36.5448438115 37.3381611363 36.5646214266 36.5092220715 36.3452961921 36.9000271645 36.2982417009 36.9453729231 36.5576240597 36.0525790278 37.316825103 36.9592667293 36.6453527421 36.840427726 36.9557883397 36.5167956515 36.3216938111 36.6989401143 36.5818077337 37.1975537737 36.9232972306 36.9317922292 37.3618225827 36.6335330406 37.0170241587 37.0130337875 36.4956058791 36.2659997187 36.0623341494 37.0132810244 36.6857837224 36.4589788422 36.5606718066 36.037653609 37.1631124222 36.5777159362 36.0554109711 36.751110906 37.3777962479 36.1801600744 37.0604434959 36.141736383 36.4495787309 36.8012945047 36.568185907 36.79558178 36.9326677398
36.7054938337 37.1748581164 37.1546125629 37.2094960307 37.3335400933 36.7471684384 37.1227517737 37.0124973087 36.7622254176 36.836021199 36.3838904565 36.6752492781 36.9952864068 36.2340699668 37.310081774 37.1638339224 36.0819933542 36.8112719712 36.0993899658 36.3916629302 36.9703652006 36.5726415282 36.0207039116 36.2313731565 36.9956325914 37.1445057108 36.6907037516 36.4893853755 36.6974205472 36.8956004573 37.2194352161 36.4708271202 36.5206879132 36.9410402489 36.6895989197 37.1317639074 36.6353127846 36.8381977795 37.0228026374 36.4684655154 36.6837036336 37.1132139456 36.9430837088 36.2723143649 36.8736048849 36.72150684 36.387650413 36.8915425517 36.7392108334 36.3038151861 36.8280778077 37.2817513714 36.5122635368
36.9146142924 36.447004511 36.1613210744 36.4324277199 36.0834004983 36.1005000889 36.0130732018 36.6219640466 36.0234264253 36.0146635115 36.8208200349 36.7667570327 37.0929600823 36.3424766335 36.5003687873 37.0597989375 37.3465216903 36.6294656848 37.3044522651 36.0008757028 36.5228536397 36.8451659024 36.7458689229 36.1025799842 36.3208305701 36.5838655742 36.5022215646 36.8214389386 36.754005477 37.2170604648 36.2881596384 36.929239387 36.3468314867 37.3864895349 36.7286099687 36.6672689677 36.5090868771 36.1572446074 36.4894189454 36.2490443486 37.0310686779 36.8066981139 37.211672017 36.4151894729 36.5029663714 36.8903144399 36.3736045073 36.7546471671 36.5954749663 36.9903345829 37.0809867003 36.5179557186 37.0528143879
37.0288509818 37.3612920712 37.3554298161 36.532533566 36.4102399138 37.18526797 37.3190833625 36.6181833323 36.7014312028 37.1987764736 36.9263326177 36.6159361784 36.9493028264 36.4756194083 36.1084022525 36.4769233419 36.0556254379 36.2790472072 36.8721285872 36.1356176237 36.8912060721 36.9988247937 36.3846207073 36.2179413988 36.6402459529 36.72441111 37.2962606299 37.3949394334 37.2296381065 36.3320363802 37.0645426969 36.8783774195 37.1116241582 36.7886823975 36.0653866837 36.8940790051 36.4670016573 36.152448993 36.239725652 36.9718666733 36.2521297424 36.8009487693 36.5438776246 37.2612790745 36.8467660666 36.3284493672 36.3521562196 36.8577044349 37.321065677 37.3084402998 36.2460515045 36.8098729915 36.2188921063
37.0235839608 36.3684877242 37.3178933298 37.3616172295 37.0369559449 36.7257449687 36.2362726612 36.5948803645 37.277474601 37.374371472 36.7524442192 36.9609275565 36.9460963502 36.6361471959 37.369969111 36.9631730224 36.610245547 36.7373885999 37.033134182 36.7777016495 36.1063794226 37.3917511808 36.3137856241 36.4607342676 37.0257908215 37.0900863832 36.722208195 36.3993015468 37.275364181 36.7349491712 37.4104950496 36.5026235527 36.1435058278 36.6367346831 36.1600431483 36.674624027 36.9250564021 36.8873858237 37.0255817225 36.5866863664 37.31125688 36.649568837 36.9782370475 36.9368131713 36.4487557358 36.0370753476 36.3426286829 37.2025964226 37.4140241215 36.7209901665 37.4134498178 36.0489741901 36.5900457767
36.4299007538 36.3349863716 37.0955327976 36.0480066583 36.0458069802 36.3688507582 36.7251098772 36.7984320031 36.986396369 37.3035930279 36.9531407418 36.9956943297 36.1328286051 36.8018182536 36.0817928445 37.0663109448 37.225568488 36.2777678626 36.2611219895 37.2405408109 37.0748397092 36.8608564409 36.5910557892 36.1790215045 36.5566640323 36.6267234336 36.6856704762 36.6613055909 37.0486694236 37.2246659257 36.0022417392 37.3398164793 37.3410744971 36.791075328 36.3283728448 37.0888198407 36.9610398803 36.5153829015 36.6361033763 36.3755889477 36.4171109523 37.402073388 36.8243067467 37.1777817678 36.5181190088 37.2075295614 36.9892849399 37.2221848015 36.5489502432 37.0269612161 36.2658044802 36.1737333928 36.3938455303
36.9251456363 36.8851888046 37.3392672948 36.9066862073 36.1614008701 36.0701969566 36.1220112952 37.0775650327 36.0402250384 36.2130959339 37.1142601498 36.8037471267 36.7294858045 36.0758064256 36.517723811 36.5054116258 36.3923483729 37.3976083275 36.1794730961 36.804654662 36.9247337157 36.2773731635 36.4220004398 36.4356105354 36.2895071207 37.3147470834 37.1247999684 37.1891918893 36.6138721916 36.5650335397 36.7760081254 36.0894131828 36.680626941 36.0948019425 36.4885813986 36.2995896693 36.9881531759 36.9035100899 36.2564112096 37.0342500525 36.9344322794 37.3942956682 37.2757755471 36.5955945757 37.1648431838 36.7013481261 37.1097079021 36.7643311457 36.3504503969 36.2373038528 36.5926504183 36.8105580271 36.0372726747
36.8788042607 37.2628781449 36.3044717773 36.5236928129 37.2211395396 37.1960107544 36.5360804867 36.2609329983 36.135251925 36.9586460009 37.4054344437 37.2375011598 36.6303340468 36.7812383386 37.053317809 36.8327436537 37.3155100991 36.8206501388 37.4117415928 36.1775092156 36.3666480752 36.594557029 36.8129694372 36.4782518338 36.2108081013 36.6028796995 36.1247878774 36.3809858328 36.7847506989 36.7856354846 36.5988493682 37.4039027122 36.7043601474 36.9501710717 36.2944017479 36.1075131625 37.20095371 36.4329341881 37.3612613001 36.9757745709 37.3220366542 36.8218471284 37.0985915187 36.1424852918 36.2306123273 36.8956325669 36.3103953646 37.3546394666 36.3507450729 37.0269100856 36.3829596283 36.8090262489 36.8061223374
37.0452245397 37.293842684 37.2099662935 37.0040917818 36.708004498 36.0749154464 36.4245690108 36.3847353084 36.3141779032 37.1687720711 36.529064898 36.52091889 36.1069831202 37.1689672582 36.4434492392 36.8272631666 36.3155022279 36.6087972836 36.1993994582 37.0143474134 36.6599261327 36.3982260902 36.9018384775 36.900243312 37.2266704818 37.0452274712 36.1155447148 36.6495970955 37.3732436889 36.7019105442 36.4934579739 36.6101453006 37.0395577898 37.391061226 37.0732191037 37.3715217938 36.9092818723 36.6242089386 36.601564853 37.0911139281 36.5902150261 37.2550270401 36.9488657562 37.3067294634 37.2228981306 37.2635787791 37.1768653498 36.2800268638 36.0592633433 37.0824156699 36.6694515654 36.8345779112 36.0510122179
37.0731777881 36.0909049552 36.8077989921 37.3744274283 36.8545124497 36.8377915661 37.1065009675 36.6447609428 36.7322817824 37.0873140086 36.3377945261 36.06660378 36.5985550671 36.9196052374 37.1157323864 36.0906717447 36.5832076071 37.257956181 36.9156410649 36.4828228245 36.0601929555 36.9777490723 37.0666286457 36.5986459862 36.0644035197 37.0023415231 37.1351794381 37.0286557531 37.3156648107 37.1807798216 36.5880519149 37.3080222886 36.5019111488 36.5086151464 36.0519179682 36.8059672109 36.0271644481 36.1688832847 37.229358066 37.033950502 37.2274996014 37.2686226516 36.5691622021 36.3322302883 36.1220044442 36.9684162718 36.4214206627 37.0188240205 36.3781614065 36.3292470976 36.2434402017 37.4058879849 37.0226363593
36.3404761533 37.2853226767 37.4123703945 36.2212555735 36.8099709697 36.3287583672 37.1787796977 36.9650235144 36.7470987067 36.0183442599 36.3210414446 37.0233123342 36.9532443669 37.1249515672 36.0062925945 36.1260355956 36.7746249938 36.2823475473 36.7986935128 37.3502134159 37.2127553811 37.2041290584 37.0386684329 36.4151604448 37.3422183201 36.5938403662 36.8268851248 36.549857401 37.2964206846 36.8137786016 36.2644753512 36.5535251499 37.3072761457 36.2096803142 36.3493002271 36.2250860593 36.7617320927 36.8707255326 36.469190235 36.5138510992 36.3280637862 36.1417651914 37.1184428967 37.0775209303 37.2931999929 37.1973759664 37.2543340227 37.0340288983 36.6748907454 36.7182519418 37.1476265332 36.0733416797 37.2474076057
37.3627796526 37.01699673 37.1658305202 36.6003083439 36.6394950175 36.5059786622 37.3213910571 36.3131808507 36.4532902222 37.3643190766 37.0971697592 37.245914023 36.0949035582 37.1634112371 36.5525405761 36.7546774293 36.802369204 36.0223464247 36.9623968661 37.0431882343 36.3771002303 36.6574569775 37.2068087079 37.2106958943 36.4240100925 36.6178686621 36.6112818213 36.6436674225 36.6357037961 36.4907785778 37.4037561125 36.4847235796 37.1706939772 37.3948951674 37.264779777 36.8169590883 37.3134799419 37.2307100889 36.3653002129 36.4684788175 36.3789088133 36.1149571046 36.014682747 37.087328127 37.0821771399 36.7957547672 37.3177446699 37.330981214 36.063758846 37.3429326169 36.4915202659 37.0528269812 37.2110927247
36.5840724775 36.2550005634 36.2127672213 36.9267202223 37.2998998751 36.0601212208 36.7588850513 36.9171848912 36.8869521689 37.0621445568 36.5255402175 37.1178024688 37.0699274132 36.6777117353 36.1615740888 37.2686670162 36.0429497397 36.3439283056 37.0763966645 36.0028808114 37.1442068272 37.2453402943 36.5958241609 36.175812991 36.7095426766 36.2644851949 36.3475958893 37.2953154646 37.2846011427 36.4030692672 36.9993663813 37.2059077014 36.5420136234 36.7041552895 37.0129501184 36.6153976864 36.9078883209 37.0297544566 37.0359944231 36.801641836 36.0124944319 36.9615076564 37.2507353444 37.0802641669 36.5546348441 37.3368503136 37.2046733858 36.0741241212 36.4467277547 36.4611817102 37.0328447725 36.8618148713 36.4598800844
37.0724500581 36.3150903215 36.9953803079 36.7014867634 37.11001428 36.9348257608 36.5495844614 36.2990051573 36.2728104144 36.0810311957 36.5931718894 37.2755231572 36.330356657 36.4985400096 36.1115696074 36.7161651576 36.3156080901 36.6622799836 36.1328553454 36.3447146428 36.8476744401 36.660644335 36.9717994737 37.1830877086 36.0287285458 36.0589565475 36.5600945152 36.5880535153 36.462735746 36.295964872 36.3505702842 36.0501175261 36.9109345719 36.5193908924 36.767162048 36.9919722757 36.333404797 36.6151089825 36.4724704841 36.3826140831 37.3197286512 36.1467209043 36.1618375491 37.1962207877 36.3618470205 36.1815902918 36.7486794368 36.2605583303 36.0526962946 36.6186251906 36.5177416556 36.4863994675 36.5951548402
36.3630415945 37.2805329516 36.9349475382 36.0527640207 36.8463159147 37.3780254843 36.4095797752 36.8094285997 36.6087773543 37.2814046177 36.2619266042 36.0398080938 36.6918393168 36.9444664989 37.2221803761 36.889163008 36.8227021336 37.2515718467 36.2867539383 36.8126085588 37.2939160728 36.883458809 36.7197848472 37.2255626466 37.2858090132 36.8366469656 37.2648004028 37.0680810377 36.2999906927 36.6677131286 36.2970085263 36.0693225795 36.6472219087 36.740183211 36.9122456971 37.1779112974 36.33812804 37.0184042775 37.1289121709 37.3674797961 36.6989913431 36.9147304489 36.5050373923 37.242505635 36.3048037277 36.9773902364 36.1872914974 36.1253190103 37.3946332807 36.4743091649 36.6743436113 36.754004805 37.0832212902
37.1376750293 36.2801106727 37.0421403252 37.1363537298 36.9719336598 36.4400403954 37.0782612909 36.872778005 36.5063880808 36.7921809269 36.7117966194 36.6541034916 37.2129626181 36.2104811632 36.1587903596 36.906444473 36.2152048009 36.3200369957 36.3190303853 36.1843533555 36.3457842207 36.9476361476 36.127396773 36.5671563882 37.335573581 37.2918197131 36.7776888086 37.3829423381 37.4139439979 37.1195008097 36.6986585076 37.1861138861 36.752193234 36.2250374828 36.1391973291 36.9119408849 36.9721431587 36.0401807537 36.016790754 36.7664924896 36.638483784 36.998241879 37.240846561 36.0571354277 36.5972221873 36.4935079603 36.1464095602 37.4072410512 36.5940854193 36.8348426628 36.2878488723 36.2722707672 36.0469239568
36.9660180002 37.0394156446 36.7231162727 37.2722253851 36.5937747178 37.3122955811 37.0796879891 36.9118331116 37.2403507131 36.1778661023 37.03866983 36.9543110534 36.3821471653 36.7144313778 37.2915697979 37.0453173647 36.8718946089 37.1987495193 36.164336534 36.620853363 36.4494693565 37.1304145925 36.8851164037 36.6115412017 36.9131697136 36.7156056873 37.3207554131 36.7162637374 36.6629553102 36.7339886041 36.4428105907 37.3987482245 36.3757509452 36.9090560158 36.9029803711 36.2328814116 36.7236241415 37.283362785 37.0268680592 37.2474534688 36.4150504057 37.0930043107 36.1354494098 36.7728794716 36.7570511343 37.2782207128 36.5793242125 37.2265559789 36.5237647498 37.0331141812 36.4894791081 36.562604298 36.5782369319
