Spatial_Output/90% DEC/90DEC_0365.asc
NCOLS 155
NROWS 192
XLLCORNER 196769.923733
YLLCORNER 449719.875193
CELLSIZE 27.603701
NODATA_VALUE NaN
[rows 92 to 114 of 192, columns 0 to 52 of 155]
0 0 0 0 0 0 0 33.5275046768 33.8645158119 31.8316143923 32.2238162897 34.6130906901 32.2730319055 32.5549007149 32.545788452 31.6279111717 32.4564731185 33.0244213588 33.229062026 32.6570227614 33.5606543566 34.8838968979 34.9494168941 33.1470663623 34.3283648128 32.3199952223 33.7397247974 33.9448597878 33.186549795 34.457379607 34.6187361108 33.8109077649 33.7793760673 31.5804407786 31.5635579913 32.5436984453 33.8019856183 33.8218384104 32.5300183094 31.8141267857 33.7173495687 34.358362215 33.0215625382 34.4462547416 33.1252995627 33.7096348545 34.5483085555 34.5530749788 33.1757226817 34.5588597019 33.4274628839 32.9947719275 34.6258450431
0 0 0 0 0 0 0 0 32.6081512877 32.4734281586 34.0605177587 33.4836547754 32.7620285509 33.7176800812 32.2669517501 34.3631932112 33.9461542083 34.3878037495 34.9054581318 32.2233255651 31.8334061874 33.8488042412 33.8264522301 32.5320080649 34.639521043 33.7495821046 31.8977241513 34.0486017319 34.2116712611 33.8718059853 32.2705836416 32.0572759471 33.9665416358 33.4042809918 34.4707570136 34.3024876777 31.9786392532 33.860209689 33.0338107823 32.7701084353 33.3731783325 34.5938713082 33.9712596414 31.9228991665 32.9725809983 32.0346322338 33.247961629 34.376994182 34.6901352294 34.1154015636 33.2845588231 31.903094437 33.9386655031
0 0 0 0 0 0 0 0 0 0 32.4246577641 31.664657897 34.1788651635 34.2368129358 32.8498280961 32.1503588466 33.3873235601 32.7901278252 32.1231427973 31.6670745705 31.7253590974 34.003355956 33.1986330757 33.2155098614 33.1402525113 31.8976782951 33.4699054622 34.3741490346 33.6663909688 32.7613201298 34.8056124815 34.7350885301 34.7883785138 33.2371071042 32.6724044933 32.0421462979 34.0115214869 33.8800929342 33.2897730269 34.5611652917 32.9009628412 32.6052036378 33.3751907132 32.3659178174 34.5842348438 33.3530767149 33.679836149 31.7429192041 32.557714625 32.0331579588 31.64956827 33.2692375712 34.565971443
0 0 0 0 0 0 0 0 0 0 34.8090586099 34.4644966105 32.4538291809 32.2609346359 32.734051174 34.6182897236 33.2976651238 32.0173331416 33.4757691573 32.009789694 33.9584990099 33.6312594176 32.5148073942 31.736259658 32.7334271591 32.6593072314 31.5463352508 33.3716012166 32.9408345448 32.4992251507 32.5329446507 32.3710651956 34.9343370317 32.6833712358 32.4362376185 33.508087241 32.1119916674 34.3338628142 34.2342162845 32.7341451941 32.4478838368 31.6185212965 34.9227598067 32.7850473316 33.1033814541 34.6247638412 33.4583763174 34.7660471583 31.6164025979 31.6542284097 32.2309388642 31.7133862374 34.715789293
0 0 0 0 0 0 0 0 0 0 31.7540632302 33.5547256963 33.8898301033 32.5648368399 31.6028855051 32.5376567458 31.9633398245 31.6334959791 32.9757434171 32.7846631228 31.6458196595 33.2348533244 33.2878442699 33.2920660455 32.9750284779 34.0375123983 34.3059229197 32.0002016955 32.5500930271 34.1348788258 33.7620590188 32.2243260863 34.9660673718 31.7159547497 31.6612705557 34.9653221075 32.6906468853 34.344457509 34.1798823618 31.66399023 34.7175664399 34.0467709569 34.0647736608 31.7959279341 32.9044725958 34.8340568082 34.0473850563 32.9386376403 34.5151633975 33.9893495122 35.0330207186 31.7174917785 31.6425653194
0 0 0 0 0 0 0 0 31.9213304323 34.0587464319 32.5047564728 32.9622553679 32.0453075509 31.6070342079 34.8219664874 34.0356628075 32.1807039318 32.556273951 34.2022434048 33.5564793188 34.8494419695 32.7964955401 32.0082104118 34.4460082762 32.1609721202 32.5489512641 34.3002775678 33.898676887 34.5627226531 34.7978055619 34.5789843803 34.3526225111 33.7799645794 34.4706183484 31.5184071263 34.2197817134 34.6401162237 33.280776174 34.4045005101 32.4606965844 34.5922149976 32.2454276618 31.6864005573 34.0347622835 33.4592965618 33.0717622197 33.5906174879 33.0729959467 32.7214558254 33.9202123516 33.8055022227 31.856163625 33.9711300396
0 0 0 0 0 0 0 34.0604088035 32.8043227407 34.6680238631 34.6998119127 34.4380540933 33.4616005389 33.777512433 33.5187321556 34.4565907103 32.3501823466 33.1532022389 32.7861343374 32.1630514496 32.2140794476 33.2044245991 33.8176580335 32.327723518 34.2591536429 31.5743705455 34.4720974626 34.0617237376 32.532518111 34.8802154763 34.7842808592 34.3937129897 34.2347242243 32.0804622267 32.3297794209 32.9084950888 33.3256954163 32.6824564673 33.1468446983 33.7481852868 33.1729848596 33.4409162151 32.4097050214 31.687027399 34.3132767829 34.8255158096 34.4056552488 33.281196789 35.0112317108 31.5271254702 34.7118780934 33.9346505013 32.3660780167
0 0 0 0 0 0 0 32.3396367199 32.1373770118 32.3076046099 34.2651183671 32.5665530412 31.9003828427 34.9801414852 32.9186476723 32.9234963086 32.0796579256 33.2556671558 34.4903011185 32.7470075318 32.2218591165 34.786079697 32.9223162537 32.253556343 32.9101939883 34.5697458101 34.7378320432 34.6783149784 31.9747854012 31.9914408816 32.5765026608 32.3442569833 33.0777690469 33.1261390902 32.1098447748 34.3424776515 32.9798034946 34.6785696098 31.852199223 33.4090575065 31.5208583236 33.44310664 32.8237675579 32.6534355929 34.944994811 32.3717276854 31.6662004163 34.7259549248 34.4013714393 33.0227608968 33.9908975372 34.2229586304 34.415292846
0 0 0 0 0 0 0 0 32.4864930653 34.2548144229 33.9306930005 33.6096309532 33.7594579377 33.8778931722 34.5707661428 32.9887513649 33.4425225484 32.034796084 33.2544943546 31.7960342356 33.777607527 33.8076446738 35.0067486247 33.7591512805 31.9694062469 33.6054020841 33.7399199356 34.0075356992 33.0447200518 33.1229732024 34.3377395903 32.1997918238 34.0658963555 33.7947411556 31.814894537 31.7161596347 34.4034322518 33.4508211125 32.1081053325 32.3622286392 33.6025787824 34.2906967447 32.8247448064 34.1312069054 32.4956300558 31.7199244249 31.6653815636 31.8973887565 33.6904417463 33.2071672177 34.4446885049 32.2137538984 32.6723288101
0 0 0 0 0 0 0 0 0 31.5966062077 34.0409055424 33.7070187304 34.2697372098 34.0583069952 32.3595313202 33.751701869 32.0692865401 33.4927053548 31.9783785185 34.122713284 33.8195885428 31.8053878007 34.0922981593 32.1412510219 31.6930112254 31.964076269 33.0203179192 34.6744524471 32.7935243913 33.5202550592 34.3523309834 31.9393096038 34.1272807571 32.6213495449 33.8359363455 32.6939017199 32.8238670075 32.265897866 33.1437606687 32.7283123331 33.7655691223 34.1600884876 33.6886565165 33.9872651339 33.6178284692 31.7599364034 34.7799117551 32.3093504833 34.4577288093 33.2261961911 33.2574973697 34.8050732534 34.477406124
0 0 0 0 0 0 0 0 0 0 0 31.5138394768 34.5101379976 34.9914774144 33.7818079455 33.1838610573 32.8876123763 33.434905349 32.6596403722 31.8075413553 31.8422193053 31.6064049681 34.9558379885 34.0286770117 34.3081459991 31.7717167974 34.517112742 32.5931375029 32.5551962276 32.9545813281 32.185491655 32.8820954638 33.1894283378 33.3507543304 32.6949463592 33.8803662622 31.8833647671 33.190793999 34.3993519332 32.7771535574 34.408512963 34.0987833694 34.7513233586 33.0873830453 31.8301885046 33.6835562574 34.2238566898 34.2667186988 33.3531856934 33.0605479402 31.7501344725 34.3862973586 34.6718696565
0 0 0 0 0 0 0 0 0 0 0 0 0 0 31.8051450758 31.6201340133 32.916519107 32.0061443644 34.0133670762 33.2142478342 34.5305714752 34.2137879828 34.8087493784 34.3433040201 33.8394520121 34.7218395485 31.8103695779 31.607204772 33.387282242 33.4741752464 31.5253938013 33.2190899183 33.028155206 32.169633114 33.8474494187 33.4296080694 33.1508295523 31.6361227887 33.4755612342 32.719208397 31.9106596947 34.8158916472 33.527886748 32.2107236455 32.793666089 31.7959777738 31.6459320103 33.0274701518 32.5540011 32.0794383117 32.084624103 31.8779418804 34.5385883928
0 0 0 0 0 0 0 0 0 0 0 0 0 0 0 32.6962298634 31.8583693732 33.0956100468 33.2803946813 32.1177988309 32.9737342978 33.3219248631 34.2700330909 33.6242999794 31.6993113417 32.3738853266 31.6682302021 32.9772348195 34.7039834264 34.9977062969 34.6952845196 33.758238207 34.2845043769 31.5539663761 31.7930756433 34.0696870255 31.7151278282 32.7782602422 34.6451344936 34.8305620655 32.0950584669 33.8477752084 33.46943053 34.0180795576 34.3468697365 32.9251447696 33.0485789707 34.3499573247 32.5161159962 34.0522997558 33.8375678851 34.5689372013 33.6268673701
0 0 0 0 0 0 0 0 0 0 0 0 0 0 0 34.0042789608 33.4994352492 32.053755797 33.5560691952 32.7186739551 34.6243918592 33.5478427466 31.6321576585 31.9384409124 33.4726567791 34.3541119623 32.9201556637 32.7728095422 31.9871528164 34.9404911587 34.3647174765 34.8544601659 33.279939501 31.6869490606 32.637813084 33.5058378949 34.2932806742 31.6646092023 33.9763775035 33.383318857 33.3919728444 33.524798861 31.5536329505 34.933014262 33.5517213178 31.5134094756 33.9106351861 32.6544342656 34.1351351555 33.3052558125 32.1425270769 34.8474062416 33.3356673847
0 0 0 0 0 0 0 0 0 0 0 0 0 0 0 0 34.4421272459 34.6337335854 34.944093787 34.3557198838 32.9971484649 33.6643056788 31.984251275 32.2356307638 33.9892137454 33.6588895209 34.5469560804 32.4545378866 32.9205507095 33.2206212256 34.7105095852 34.5280337816 34.3321979976 34.7372674065 34.9742272107 31.5642624984 33.2816677262 34.8617769813 33.2070494599 32.181895186 35.030492025 31.8840682647 31.5137542972 33.9160332075 32.7499296053 32.7714669726 31.5318499697 32.1484205509 33.1500630121 32.2141520439 34.0452438493 33.0344101278 31.7024669268
0 0 0 0 0 0 0 0 0 0 0 0 0 0 0 66.9861301668 62.0656722044 56.2614998125 32.1372609649 31.5733219465 34.2336389155 31.6616637953 33.804552647 33.0790938847 34.3149935735 34.7761812841 32.3964849414 33.4903857063 34.779365025 34.7486480113 34.1795891065 32.9812438339 32.9468072117 33.5462444767 32.4196009735 34.7946398298 31.8017207719 34.9018961712 34.7863919663 32.0634050055 34.6238406342 33.9751443509 33.5730496064 34.0692507659 33.3096544052 33.6947537492 31.9537204919 32.8445587435 32.8263149074 31.504765773 32.8355159565 32.1881768065 34.5063379498
0 0 0 0 0 0 0 0 0 0 0 0 0 0 72.4439560294 59.9888823835 53.6588440496 64.6550884521 33.7054806544 32.8899856023 33.287692222 32.1016003401 34.5249801255 34.2804885917 33.9384645516 34.5091472029 32.3943101381 32.806775092 34.8424677015 32.7436902918 33.4907107001 34.4528275557 33.8690128067 32.1007905639 34.7732049952 34.4715948662 33.9411044064 32.342508126 32.6331774087 33.6805751726 32.0219572132 34.9927071749 34.1938383411 31.9022769111 33.6332128036 34.7302372077 34.4806077781 33.6959241064 33.6554764233 33.1152047462 31.7145560599 32.7039728769 34.1807593759
0 0 0 0 0 0 0 0 0 0 0 0 0 0 0 69.4826828082 51.9579510649 68.1831571228 32.8322489545 33.2563605628 33.9323109522 33.9252742528 34.8337279818 33.9746285373 34.3871821252 34.8375610444 34.7903740133 33.5247021 34.6927110863 32.6349725142 33.5614679075 34.9283306703 31.9386753286 31.9319982393 32.333334734 34.4240244589 34.3630799674 32.8269447167 33.4250717253 33.2393288424 34.2210192155 34.6520894237 33.9696403607 32.2025821196 33.1966085032 34.5523975608 34.5955596373 34.3033686539 32.0262872053 32.444671512 33.4376334208 31.7258456009 32.1971364421
0 0 0 0 0 0 0 0 0 0 0 0 0 0 0 0 0 34.1636066089 31.6658500712 31.669959765 31.9209211699 32.2495436951 32.9406900366 33.806798618 31.9066870318 32.1995472921 34.1494162411 33.7439651744 32.591378095 33.3407610059 32.1776002961 33.5202285063 33.1965529213 33.3837803657 32.4133349321 34.2524013548 32.570691338 33.1708737589 31.6339592986 34.6017661567 33.415147946 34.6844782852 33.7208904549 31.7733381944 34.777667311 31.956063893 34.9352452986 33.8498356294 31.8433591644 32.2086732804 31.5630245437 31.6839714593 34.1509704018
0 0 0 0 0 0 0 0 0 0 0 0 0 0 0 0 0 32.9520907882 34.6707708668 34.0222045791 32.5790298559 32.8749149477 34.5933081097 32.8722267156 33.6907742915 31.9643773806 32.0252834145 32.630472763 32.6594484859 34.1064228295 32.4135916732 34.2861398147 32.2939416535 34.3562082105 33.6569100106 31.5318719696 31.9621432971 34.6879862276 32.1216279942 31.921110209 32.0044358135 31.8196374636 34.6257988613 34.5892997177 32.0345892254 34.7989733492 34.6633361823 31.7709825939 32.8593653425 34.8195953861 31.8729835355 32.9235308236 33.4741256889
0 0 0 0 0 0 0 0 0 0 0 0 0 0 0 0 0 0 32.9572564219 34.7240696016 34.749424168 33.1378459166 33.2720761831 34.4801959056 32.5850134331 34.5583221734 32.8556072249 31.5516427525 31.9997595618 31.5277686738 34.6338011498 32.7968817306 31.7564555059 32.8884590067 32.4917143178 34.0836561485 32.0871820306 34.6419328833 34.2058887849 32.4989480418 32.0467127992 32.7590254318 32.9204057901 34.6036581313 32.1883256287 31.8105407052 34.8398679457 34.7423732781 34.3793464938 33.0476470552 34.8788292696 33.8545937577 34.2878812524
0 0 0 0 0 0 0 0 0 0 0 0 0 0 0 0 0 0 34.3266109094 34.3830291305 32.9301530489 32.1493902205 32.4391235083 31.9401075817 32.0285682688 33.7072568676 31.5100077224 32.8464833578 32.195621599 32.0344624515 33.9141328023 31.9990318388 32.2553564735 33.217684163 34.3345257825 34.5647205766 32.5951034908 33.6845140686 33.8344502988 33.9854060383 32.3214025538 31.7578107474 34.1568201889 31.992530507 32.6806685364 34.8610783709 32.1726648294 33.6408193739 31.9289743716 34.0351819722 32.0072272665 33.9327272445 32.5326912598
0 0 0 0 0 0 0 0 0 0 0 0 0 0 0 0 0 0 0 32.8692073095 33.6877489375 34.7017143703 32.9613005698 33.2127463525 34.8257446333 31.6658363738 31.5626297664 32.5148944321 31.8977606753 32.1829022831 32.2048738918 33.2928224685 33.3276191855 33.9002722167 34.5021164616 31.625946695 33.4301264033 33.0100970063 34.4494893493 32.9800187975 34.7572555239 32.8548482086 33.5079750153 32.2172113619 33.8892805308 34.428521985 34.2568201546 31.6730412891 33.9300288986 34.6951248866 34.4060498041 31.7869042915 32.37793464
