Spatial_Output/90% DEC/90DEC_1064.asc
NCOLS 155
NROWS 192
XLLCORNER 196769.923733
YLLCORNER 449719.875193
CELLSIZE 27.603701
NODATA_VALUE NaN
[rows 69 to 91 of 192, columns 0 to 52 of 155]
22.7463849589 22.5620435727 22.9728049305 22.6206354026 22.9020095594 22.5300013718 22.955789814 22.9440378783 22.6954939117 23.0155293154 23.0764271417 22.9032521625 22.7450397064 22.5105922015 22.7015795318 23.1313566367 22.9333628152 22.6346719626 22.5176983113 22.6647585406 22.5057910426 23.0555258274 22.9722770371 23.0858217813 22.710466581 23.1555045232 22.9702277396 22.9099378605 23.0168500904 22.9316693498 23.1409095295 22.5382865106 22.5643373317 23.0303168082 22.8470684995 22.7082267571 23.1094019412 22.7497260792 23.1721036784 22.6005905991 22.7221440759 22.6337746881 22.8177549722 22.7043648501 23.1608793347 22.7615847982 22.9391306276 22.9470751486 22.5154477489 23.0795332119 22.9666807844 22.5479393001 23.148088309
22.9060339083 22.9079872447 22.884178011 22.6200636124 23.0276071272 23.1727288269 23.1882277528 22.9886993183 23.0931572924 23.1350816667 23.1749651163 22.8349467539 22.5440515885 22.6583968226 23.1751888938 22.9766386055 22.518915159 22.9725820126 23.1195464092 22.7359156283 22.7071606025 22.9942643535 22.646170368 23.1553121148 22.6044817402 22.9213242835 22.679498379 23.0018807915 22.7034797579 22.8920533667 23.0472901682 22.7445223519 22.7982608042 22.5072473835 22.9809233877 23.1526027312 22.5075813056 22.6815376916 22.7392626327 22.6649566732 22.826655156 22.6774712467 22.8475957658 22.6580914313 22.5453829492 22.5272678157 22.7923028988 23.0211313546 22.6299714156 22.5915308172 23.0100253658 22.9666695324 23.0424951496
22.8675894834 22.5684372994 22.6242886813 23.1240860429 22.6712244299 23.0631204898 22.7165932406 23.0424861243 23.0731520863 23.1290265425 22.5946189908 22.9944688753 23.1186814379 22.6164749662 22.5495850106 22.7869938689 22.5936397942 22.9192646631 22.9687721814 22.7939744631 23.145829454 23.0231421984 22.7275390544 22.6922708191 22.7469300932 23.078133191 22.5603522366 22.9078857486 23.1393365314 23.0311006119 22.8047773325 22.7510766537 22.5543845789 23.1893838665 22.8435565625 22.9582587911 22.9794415115 22.6531331295 22.5328107149 22.8778391291 23.0859554803 22.7839669639 23.0220546253 22.8919461584 22.9566947273 22.9776813287 22.7873788326 23.0519732182 22.5908780021 22.5643156724 23.123315842 23.1167772055 23.1456781815
23.0751556963 22.6448293191 22.5410655846 22.6625460053 22.892934246 22.5372278086 23.0362806025 22.7102489775 22.7504632297 22.8078367569 23.018080456 23.0053705171 22.7427370085 22.9105034904 23.0810752553 23.1975665297 22.8267144549 23.0449921305 22.640205168 23.0959855409 22.817211679 23.0498139947 23.0435509001 22.7976327581 23.0516786632 22.8729338827 22.9783028258 22.780320645 22.5661939369 22.9665648924 23.1675727969 22.950465611 22.9676605008 22.9501902384 22.5523138286 23.1375811003 22.6573961838 22.7018071727 22.8982183883 22.5495041144 22.8449908155 22.9326505607 22.5547059066 23.1429225387 23.0817741744 22.8352600951 22.9723985595 23.0029415384 22.7684601908 22.709313835 22.8864921925 22.7306629112 22.8459326314
22.5439249131 22.9483175948 22.517589081 22.6083615674 23.0857945452 22.5729759851 22.5825315839 22.9353383483 23.0027875514 22.5225129545 22.7832270993 22.5874014301 22.8072864909 22.7503508938 22.7828011182 22.6227330272 22.8474026798 22.7449598697 22.9087094899 22.6154628967 22.5764917151 22.5547324433 22.6126402812 23.1560879674 23.1704491253 23.1907621915 23.1025573241 22.5087898236 23.0875517678 22.7786410523 22.674230055 22.5644499478 23.1800723784 22.7719471014 22.8092969803 22.6959191953 22.5752023228 23.0705430789 22.6730346317 22.7693226881 22.8590261911 22.9160822389 22.6668805539 22.7913823841 22.6275576031 23.1015153277 22.8139521664 22.8503892489 23.1511706205 22.6749717892 23.0050442422 22.873629939 22.7674785736
22.5394307967 22.9417410739 22.6454690252 23.0992249896 23.1768035457 23.0799369917 22.9016008935 22.877541963 22.9265325454 22.7033230827 22.6428487578 23.0633780386 22.6211340114 22.9645185255 22.6483920273 22.5475378198 23.08760781 22.5949420016 22.8629609688 22.8637271063 22.9335418287 22.9596899994 22.6869063141 22.5453437669 22.7348434624 22.5534431683 23.142039502 23.1693939637 22.8243094074 22.5244529661 23.1685337918 22.8684298367 23.0140230768 22.5603493295 23.1053476981 22.8738828285 23.1122206618 22.5781361702 23.0613418649 23.2012064877 22.6056590888 23.0464798424 22.7161796279 22.6460908249 23.1704430546 23.0500340536 23.195035473 22.5677280169 23.0260893573 22.8904768282 22.7967270014 22.6664017231 22.8828019045
23.0602735801 22.9989170757 22.8673410406 22.9551818737 22.6998886232 22.8915360856 23.1387416626 23.0427504675 22.8305243674 22.5579802349 23.0875892476 22.5175639992 23.0879645921 22.5955039462 22.6532084785 23.2002520133 22.7949309634 22.9884257845 22.6526861037 23.0201635825 22.6087570875 22.5928980356 22.6297020672 23.0399081231 22.9841147489 22.5251702416 22.7853763639 22.5662451075 22.8169645028 23.0561641185 22.9858572184 22.9208179482 23.1442743415 23.0812860956 22.6148628143 22.8013266482 22.74051363 22.6450915238 23.1223073278 22.8751757643 22.6467076086 22.8150038862 22.6760720156 22.9485297116 22.9577621146 23.0261424997 23.0110767931 22.634954368 22.7340531974 22.8925895397 22.9142905285 23.1885262056 22.7649622855
23.1397755196 22.6612566106 23.0910433058 22.8307249638 22.9379006373 22.8323616766 23.0205322405 22.7614515088 23.1005973363 22.7310395644 22.6165353138 23.1929392228 22.7081294711 22.9788126655 22.8512402517 23.0664158801 23.0546816805 23.1678113848 23.0334797307 23.160443277 22.8353459231 23.1917502724 22.8517627139 22.8815868423 22.9074906646 22.6800130632 23.156766983 23.0399286919 22.6576454132 22.515990395 22.9338054675 22.9061067682 22.511414112 23.1309163982 22.8710393094 22.8044245293 22.8853694769 23.1704783309 22.9793886503 23.0762889314 22.6925275376 22.962026182 22.971875967 22.6302237946 23.2044077781 22.5841113551 22.8647356982 23.036168182 22.9648871303 22.5037303537 23.2050423056 22.9912034446 22.8249798742
22.9466606595 22.8515729203 23.1680997839 22.5519367111 22.7696265623 22.881264804 22.9515962373 22.8834244425 22.623517551 23.0190887489 23.1598492801 22.7383103724 22.9885226618 22.7683950033 22.8735942391 23.0018864679 23.0972070981 22.7092936151 22.975502395 22.8485911629 22.7577115219 22.802924798 22.6991630626 23.0810003334 22.969966307 22.8415372551 23.0116098155 22.8477385666 22.8627744454 22.9045799305 23.1322299428 23.0853024205 22.8522367585 23.0838524838 23.0374342839 23.0803438354 22.6939599176 23.0170830121 23.1523384836 22.9775597061 23.2047923222 22.8383105642 23.0545043136 22.6368638441 23.0303830158 23.1939551919 22.5664802375 23.2050517592 22.9685229779 23.1518293282 22.9498782392 23.1847758691 22.9543037843
22.5447558597 22.5446921299 22.6774495387 22.7517685207 22.8454368068 22.8980049627 22.5560184811 22.7311617555 22.8161777663 22.5064535401 22.938429382 22.8438207562 22.7037830903 22.9230675112 23.0219048327 22.7703730746 22.8043550457 22.5203643699 23.0700831942 22.6857764282 22.8005648591 22.5388785928 22.799480601 22.7850717308 22.6910568707 22.6995007439 22.6108616463 22.9421802386 23.0427990129 23.1564515295 22.9414406242 22.9656150673 22.8215056004 22.8726668083 22.5074208485 23.1718806155 23.07511751 22.7512369567 23.0842888083 23.037044792 23.1313922083 23.1929815734 23.131632586 23.12181662 22.9868447163 22.6107272635 22.8652681197 23.1590033674 22.8421762455 22.5453609141 22.6101390046 23.1039244722 22.6228359965
23.1954910665 23.0441318863 22.6778148526 23.1328049972 22.9180351215 22.7693929798 22.5039719297 22.879115688 22.9227952215 23.0575002271 22.9202543574 22.6516635632 22.8262093175 22.5924326569 22.6689254914 22.6303184648 22.6308266246 23.000999905 22.7161470789 22.9219987388 22.6379595431 22.808013103 23.1888635656 22.7940991935 23.0397581851 22.871842437 23.0848228002 22.9385813533 23.023972272 23.0619623475 23.1276926916 22.812530262 22.775659125 23.0028314614 22.7082082045 22.5329763916 22.9631748794 22.6899544322 22.7327448333 22.9524531382 22.9118659015 22.9529492127 23.0209953535 22.7316348889 22.9264785442 22.8304587126 22.9727178898 22.8398136008 22.8498925658 22.945607233 22.6473035702 22.9837075281 22.8402330632
22.5370547627 22.9920888018 23.0731234564 23.0343798187 23.1066080031 22.992888605 22.6858972409 22.8525792962 23.1506009484 22.8087954594 22.6911169312 23.0782791617 22.5959589463 22.7065907939 22.8300187469 23.1596722634 22.6058625216 22.5950286934 22.6553386641 22.8662197996 22.614785095 22.9410372029 22.9777624286 22.7224866512 23.0569481399 23.0947886736 23.1859547946 22.9242099037 22.5405512598 23.0868109539 22.835702475 22.9702335591 22.8313559189 22.9758523491 22.8354186369 23.1682895669 23.103445649 22.5144664128 22.9592060699 22.7134662702 22.6061922455 22.8977250851 22.7299712178 22.9198367715 22.9574042218 22.9245887154 22.9754363845 22.9247303144 22.7659488427 22.6531381159 23.1120112267 23.1366040302 22.7633216472
22.5394933128 22.6213194355 22.5416394757 22.8470853666 22.6624793424 22.5075523654 22.8499854741 23.0838874674 22.6039468446 23.1214667174 22.9720030718 23.1252349856 22.8027970965 23.1083284274 22.6730747533 23.0673660041 22.9588205278 22.5887068436 22.6027843213 22.7930220051 23.0574778924 23.2030412288 23.0434131862 22.8640245745 22.8858052078 23.1786881688 23.0437766016 23.1817992479 22.7003127553 23.0115166235 22.5055145222 22.6765098903 22.8935887594 22.5146832765 22.7789043854 22.8504579459 22.9605240163 23.1296691047 22.8140453204 23.1713588926 22.9078066526 22.5479690631 22.7820917273 23.0952238213 23.17654112 22.8658405604 23.1157171326 22.6164314424 22.994045168 22.71671023 22.7817392955 23.0921536569 22.8108363106
22.6748358736 23.0886605791 23.1711867329 22.5336823909 23.1681058361 23.1997937604 22.7233646156 22.8325899322 22.5433434738 22.6309648052 22.6668804222 22.9708902844 22.946147394 23.1900873195 23.0081608476 22.8527100214 22.5859625215 22.6278871501 23.0284446316 22.7396138669 22.7090332285 23.1764114414 22.8196803469 23.0371486894 22.6738982114 23.0264984799 23.0975060773 23.0795789529 23.0698661825 22.5959105125 22.6790662617 23.1800639316 22.6369191034 22.6326615148 22.598139567 22.784801149 23.0957038684 22.5867616149 22.9050959427 22.9256446551 22.7592169886 22.634967018 23.040471242 22.8606274742 22.6643266469 22.9611859156 22.7183480523 22.5660456471 22.9211190516 22.7726240946 23.0150038012 22.5469559887 22.8829711755
0 22.6511710755 22.9608290248 22.649344613 22.8678475303 22.916404492 23.0098001399 22.8553245435 22.8736281713 22.5781048727 22.6570937939 23.1352010288 22.8157424586 23.0370410032 22.5558911202 22.5416879374 23.0862550573 22.6412663788 22.727684224 22.8459665619 23.1047508304 23.0095563372 22.7499181379 23.2017992228 23.1250256533 23.0012624488 22.8199788911 23.0976480336 22.9456258957 22.7244198506 22.7257770074 22.9611465779 22.9284938562 22.8142186673 22.501983119 22.6877159419 23.1416220463 23.0965024015 22.6207661484 23.1234104916 22.8365768513 22.665384003 23.1069767151 22.9299245545 22.9303448537 23.201161993 22.5608343146 23.1870975668 22.7382010067 22.9999773442 23.1285678409 23.1375369468 23.0972494621
0 22.5410326451 23.0465285356 22.8330340427 22.8150088277 23.010236446 23.1748004274 23.1011966071 23.1300664102 22.7308828172 22.7010191113 23.0202771514 22.8341487819 22.6574828437 22.9267582844 22.8362723711 23.1940606656 22.7821980453 22.8899116577 22.9275876058 22.7860945288 23.132828771 22.8666566437 23.1553318707 23.1499150396 23.1423932886 23.0662166329 22.8845262333 23.0480786693 22.7321435736 22.7782992381 22.5558253206 22.8213436052 22.7954025809 23.0198159365 22.7719466546 22.9027557984 22.530054908 22.538976505 22.6656336744 22.5779391797 22.7734946381 22.6463365788 23.0918276551 22.8201226355 23.0814043049 22.5966570582 22.7725914512 23.1781639285 22.6771548403 23.0765354251 23.1515792478 23.0416435805
0 23.1623868561 22.5446715617 22.6745007111 22.75331982 22.5184576632 22.8390624893 22.646514676 22.6704958423 22.6206364948 22.5153439034 23.2045420963 22.7681484258 22.8992033998 22.5855452032 23.0515273358 22.9582089744 22.5469153625 22.959625189 22.8524494389 23.0470153243 23.0447930768 22.7538260625 22.8253912445 22.6296392868 23.036678509 23.1013349712 22.8298030679 23.0425926954 22.997523968 22.741063871 22.6965712135 22.521180771 22.7356963673 22.7269621727 22.8609748381 22.9767861999 22.9408723125 23.2022268611 22.6799018845 22.7196194316 22.8045710419 23.142321297 22.9840521885 22.9802474223 22.5007491001 22.8187111938 22.8333645686 22.7757317575 22.6069069901 22.5460883143 22.7361608224 22.7501047773
0 0 23.0207175031 22.6197959314 22.9917620293 23.1426882247 23.0177649227 22.9866243561 22.9920513276 22.7634412463 22.5468231993 23.0759226245 22.549659124 23.1641083989 22.718483581 22.7666654805 22.6577908007 22.9566021929 22.746373333 22.6796763948 22.5467801411 22.8252046794 23.0660934357 23.1918909106 22.5780589238 23.0015388724 22.9497784769 22.5687715312 22.5118158913 22.5365493296 22.9269465122 22.5860122711 22.5352539775 22.6200263472 22.5700256437 22.8552223608 22.972645606 22.8245645842 22.6988406179 22.5428088948 22.9710788504 22.5583951846 23.0986371206 22.5123369112 22.8133503119 23.1058685073 22.8557662022 22.9991592046 22.7107970406 22.7294288697 22.8300780838 22.6316759638 22.847538186
0 0 0 22.6308498406 22.5677706742 22.9577671663 22.5214519999 22.7795573487 22.5520084679 23.129458247 22.5740614901 23.0107150326 22.765754178 22.9324709772 23.1320025909 23.0071887466 22.7803910475 22.8605697666 23.0566544934 22.5859501512 23.0833721505 22.9541098917 23.1784972702 22.9223101978 22.8837666199 22.6932182199 22.7462586186 22.856952393 23.1855845949 22.7106195416 22.5596137954 22.656746434 22.529101176 23.0289097818 22.9428947577 22.5099855537 22.6771606998 22.6720778333 22.9071194865 22.620868833 22.544129587 22.5938703031 22.7806496822 22.9842404169 22.6852519643 22.9099375933 22.8721821351 23.1949191242 22.5946355226 22.7995908456 22.9992920306 22.9458550183 22.8476299688
12.5304304295 21.3372235376 15.1938370614 0 0 23.0182972516 23.1939884296 23.05719223 23.0859402692 22.7750967517 22.5577572159 22.698916413 22.9043952956 22.6531814948 23.1524020178 23.1801149107 22.5928973976 22.6878874336 22.6586948691 22.6738586625 23.1097224475 22.5725645061 22.5856994844 22.5071815322 23.1458507421 22.6931067118 23.2056805345 22.8650634854 23.1733062435 22.7617126812 22.5089968606 22.6889370952 22.6671040253 22.9471062504 22.84416224 22.7238210124 22.6609744061 22.7348527616 22.9114731214 22.750641815 22.7070443207 22.8527706442 23.0116993133 22.5762456551 22.9339220569 22.5231459871 23.1741988521 22.5953641525 22.865436029 22.800796572 22.6550760281 22.8714705511 22.6466930814
11.9205494304 28.9453176784 26.6811529079 0 0 0 22.8122466688 22.8946285959 23.1580199712 22.5420333489 22.7046066619 22.5935200312 22.5368986447 22.9989195646 23.156604791 23.1027872203 22.7673490372 23.1033073971 23.1441731087 22.8194969337 23.0486924743 23.0357039808 22.5994603784 22.5181736701 23.1947338643 23.0343421225 22.9572980665 23.0953111374 22.9615942739 22.9669201739 22.9342690358 22.9450501024 22.8934911928 22.5914704094 23.0974107435 22.5420383695 22.8916710364 23.1895866719 23.0794005099 22.756453161 22.7774512436 22.9916320474 22.9966683713 23.0331184588 23.0255759128 22.6705010118 22.5140502458 22.9109587411 23.1545601848 22.6283683689 23.1657757466 22.733511857 23.0411687618
24.1681719122 23.6112173632 24.6518304861 0 0 0 22.8100468084 22.5942033159 22.7552284579 22.7026348844 22.8141484894 22.8214889656 22.6405900134 22.9107703458 23.0432462247 22.6134986754 22.6121215372 22.9689844202 22.7060254403 22.5226433761 22.8298548296 22.5029950522 23.165455551 22.8589714031 22.9799090558 22.6417352955 22.6591020278 22.9883023465 23.1674575963 23.006934389 22.7685872571 22.8705146292 22.6773328226 22.5953426628 22.7594398943 22.7470013252 23.0336099882 22.7518917885 23.1024607214 23.080438662 22.7892443583 22.9143724847 22.5621338793 22.5085107342 22.545564314 22.835580517 22.645314873 22.9504541675 22.6489631385 23.1559260792 22.6533435881 22.9372728657 22.6508390245
0 0 0 0 0 0 22.7266261266 22.7196206463 23.0174894519 23.1858716405 22.6950124363 22.799174167 23.0572001687 22.9635336545 22.8293734103 22.7239931536 22.8392998328 22.7359406442 22.8563507054 23.161044575 22.9198969244 22.791649822 22.6714269021 22.8695405081 23.2035963293 22.880154253 22.8410867764 23.0723509016 22.6249145236 23.1496600346 22.9398316827 23.1130561188 22.8848283904 22.5101031826 22.9631122651 23.0835491908 23.0239424564 23.0184619137 22.9021257633 22.9090489618 23.0661119562 23.0072625589 23.0267147153 22.810233935 23.1838721349 22.8827633184 22.724702282 23.1464147398 23.0134331975 22.5158129068 22.6472409239 22.742931924 22.9860900423
