Spatial_Output/90% DEC/90DEC_1006.asc
NCOLS 155
NROWS 192
XLLCORNER 196769.923733
YLLCORNER 449719.875193
CELLSIZE 27.603701
NODATA_VALUE NaN
[rows 115 to 137 of 192, columns 0 to 52 of 155]
0 0 0 0 0 0 0 0 0 0 0 0 0 0 0 0 0 0 0 0 25.2723991152 24.6213389568 23.8209979737 25.3055643525 25.2493834095 23.5051592398 23.8463891082 25.0483968662 24.4327557741 23.6170157736 23.7979724664 23.6478815272 24.1924594311 25.2865193581 24.1561716751 25.477074323 23.5800642404 24.6288058946 23.6559260134 24.3562122949 23.6249092574 24.3645777913 24.467048074 25.4363137267 23.6489423042 24.874058746 24.6141179141 24.8027218416 25.0555221203 24.6592806436 24.8294583824 24.1273687803 23.8539541214
0 0 0 0 0 0 0 0 0 0 0 0 0 0 0 0 0 0 0 0 24.7139033533 24.0694225245 24.9964637824 24.1612714949 24.3899805849 25.3049088433 25.0960226022 24.3921172596 24.2367710702 24.3716264068 25.3394500893 24.2788618908 24.7740450332 24.962738704 24.2154734582 24.339801404 24.7351851335 24.9364673303 24.5802480286 25.4384208209 23.8401440875 24.7220062485 24.8219406573 24.0829472048 25.6012386104 23.9049774205 24.4471078355 24.0460948733 24.0614374451 23.9722397557 23.8773292489 23.6702450808 25.5304106059
0 0 0 0 0 0 0 0 0 0 0 0 0 0 0 0 0 0 0 0 0 24.5005862985 24.8199060968 24.8388201884 24.5560871129 24.934204368 24.1224883765 23.8306767668 24.4395989491 25.3851833305 24.5086079708 25.0418869905 23.8362628274 24.4259744562 25.5231616946 23.8896365989 23.9117502696 25.2648026427 24.6168848168 25.3047199337 24.8992653947 23.9015486625 24.6025254732 24.7611003392 24.9622808405 25.0035766815 24.133283738 25.4592730099 24.8073449295 24.9317361367 23.9611110968 24.8808709728 24.6793369178
0 0 0 0 0 0 0 0 0 0 0 0 0 0 0 0 0 0 0 0 0 23.9346774632 24.3194015698 23.984124696 24.0426429869 25.5774033236 24.8474801928 25.5712696105 25.1289192406 24.3383975854 23.7173542795 25.4405814973 24.7068439289 23.9851090303 24.3661672369 24.3124229654 23.7874291029 24.2291719446 25.5777636452 25.2113173259 25.1117382604 24.9772036858 23.6791717412 23.9360141403 23.7549505353 24.306118893 24.5105903513 24.691811658 25.4847534343 23.9887290367 24.7458609249 25.0183773112 23.5512422992
0 0 0 0 0 0 0 0 0 0 0 0 0 0 0 0 0 0 0 0 0 0 24.0458890395 24.890792078 23.9606444325 25.538315017 24.8382191428 25.0027860745 25.1349016652 24.1346527056 24.9501028982 24.0171543032 23.9830968835 24.8781610162 25.1946789673 25.4699767014 24.4958025024 24.697888067 25.3468402293 23.9269602176 24.731586761 24.675152539 23.8762928946 24.6845158379 24.1642172075 25.3804976479 24.8809099965 23.7600252448 23.6542801466 24.3336343405 23.9851489764 24.7456216653 24.3314096978
0 0 0 0 0 0 0 0 0 0 0 0 0 0 0 0 0 0 0 0 0 0 23.5026977325 25.474809286 23.7295833646 25.439488284 25.2315162945 23.8237680012 24.1943196031 24.1171758545 23.9913377597 23.5691535041 24.9604532623 23.5630787016 25.5013678888 23.5805600128 23.7707467377 23.7587439497 23.6250924337 25.5943341291 25.5497836347 23.8865536087 23.6771091322 24.2885019325 23.6373653686 25.501798522 24.1537263399 23.8085639812 24.2397316385 23.6615523713 25.1128979783 23.5082743275 23.7724127311
0 0 0 0 0 0 0 0 0 0 0 0 0 0 0 0 0 0 0 0 0 0 0 25.0016483477 24.2902947034 23.5841629226 23.5195293584 23.5862019925 24.4030004587 24.1954008551 23.6664085128 24.1100731839 23.7605774115 24.7784177597 25.0260696444 24.6315582052 23.8658605112 25.2747220676 24.9948579048 25.0923215002 25.4886955061 24.2102333123 25.049763991 24.7325036983 25.426294928 25.4617085037 25.2056570398 23.7465763921 25.1638034595 24.3159598534 25.2188779277 25.6065696862 24.7420081182
0 0 0 0 0 0 0 0 0 0 0 0 0 0 0 0 0 0 0 0 0 0 0 0 23.9336388858 24.9455090717 25.5528490224 23.5854767223 23.7353114067 24.772635674 24.2749082042 25.2686112985 24.1749505281 25.4912063685 23.8219209663 24.6080317898 23.5904491624 23.7677347589 23.5488630742 24.9142844975 24.7170009209 23.7055834087 24.6229483072 24.6130843808 23.8825191578 25.1151303362 25.3653426144 25.5521752447 24.755796836 24.8837295512 24.1259420345 24.2521921273 24.1106850085
0 0 0 0 0 0 0 0 0 0 0 0 0 0 0 0 0 0 0 0 0 0 0 0 24.2179272703 24.3385570954 24.8172206641 23.6634558029 24.217302184 25.5749721408 24.6744157802 24.6884462594 24.3698904344 23.9974598727 25.2819265755 24.5988813916 25.2089656181 24.3478954225 24.728180477 24.8810500725 24.9706682637 25.5528276679 25.0120370147 24.6577084449 25.1367831575 24.3293611181 24.3203977459 24.3591562626 25.3780295393 25.3844039821 24.2516455322 24.6586876281 24.521243274
0 0 0 0 0 0 0 0 0 0 0 0 0 0 0 0 0 0 0 0 0 0 0 0 0 24.792370754 24.1323578368 24.8806811573 25.0002383058 23.8874315455 24.4938272566 23.5252850558 23.7419964636 23.8090141544 23.5002845297 24.7335474937 25.0226849674 23.9714973151 24.7056214622 25.2863057113 25.4668375792 23.6480479257 23.6333945387 24.1662582348 23.8985544935 25.5980721768 24.1822957716 24.0047048296 25.4032107079 25.6123704935 24.6655128548 24.596587957 25.1685207856
0 0 0 0 0 0 0 0 0 0 0 0 0 0 0 0 0 0 0 0 0 0 0 0 0 23.7622262258 25.436981347 25.0488509091 25.0416064549 23.5885719139 25.2035189973 23.560415112 24.7724638283 24.8841605893 24.7201148656 24.139638174 23.8863156331 25.4676532479 24.959284629 23.8833506258 24.5902125989 24.3457585323 24.433845236 25.263989687 23.9003575318 25.584200958 23.8231644843 23.5130622324 25.571741304 25.5988019242 24.6750767215 23.6951402709 24.7083457544
0 0 0 0 0 0 0 0 0 0 0 0 0 0 0 0 0 0 0 0 0 0 0 0 0 0 24.9239046951 25.164599859 23.9705950084 24.059796053 24.1773810733 23.8921468691 24.988372263 25.55651201 24.2301790698 25.5589447099 25.4785483456 24.8935900856 24.4628780443 25.1049525221 25.391233681 25.2932693086 25.357245134 24.4843877481 24.8042241794 25.4940469863 25.139164555 25.3999615806 24.447249315 24.6452429774 25.0570019661 24.14224304 24.951209321
0 0 0 0 0 0 0 0 0 0 0 0 0 0 0 0 0 0 0 0 0 0 0 0 0 0 24.2186615478 23.8698715243 24.3697767135 25.2647024124 24.7445836199 24.3973500235 24.6822540147 24.6801125149 24.8997426516 24.7198596042 25.0031804616 24.3486860764 25.4382046181 25.210375907 25.4228802223 25.3593096761 24.3864374976 25.1111289518 25.5699878423 23.6616411814 23.7244689756 24.2759861368 25.0464153147 25.2131086121 24.9972068858 24.1079376203 23.9298025607
0 0 0 0 0 0 0 0 0 0 0 0 0 0 0 0 0 0 0 0 0 0 0 0 0 68.9900707502 68.9900707502 25.466673573 24.3296765217 24.7492175039 24.2120741716 23.9186772368 24.4385067643 24.2598427869 24.478508091 24.3758999537 25.2874314613 24.2416723923 23.5640499342 23.9888629767 25.3188648666 24.2524003723 23.5788226816 24.0875125135 25.5755159768 25.3938402296 25.4821692498 24.122378047 25.1531659836 25.5340462237 25.405801711 25.2373071501 24.0619663589
0 0 0 0 0 0 0 0 0 0 0 0 0 0 0 0 0 0 0 0 0 0 0 0 0 68.9900707502 19.3734801949 19.3734801949 25.4130535342 24.1837604393 24.8505941579 23.5441300091 24.6648649356 23.7689075998 24.1750956556 24.0333377403 23.7072244668 23.7370142167 23.7908805096 25.5011927807 24.3384555037 23.9634591143 25.3127629762 24.712330719 24.0689364043 25.3061421761 24.5509741997 25.3545998597 24.1502827233 24.7679780983 23.6886506062 25.206497064 23.8418217561
0 0 0 0 0 0 0 0 0 0 0 0 0 0 0 0 0 0 0 0 0 0 0 0 0 0 68.9900707502 69.2456416257 24.963936341 25.5052760574 24.7749627225 25.0470972552 24.8988683233 25.3257579427 24.6697511491 23.7486055737 23.8382665801 24.7115953155 24.9222661491 23.9931447279 25.4290917325 23.8338501743 23.9512170568 24.1803096386 24.7738314058 24.9078957829 24.7435892045 25.2309933816 25.0317208108 23.6087901365 24.8188618351 25.5223190399 25.1350658438
0 0 0 0 0 0 0 0 0 0 0 0 0 0 0 41.9213494531 34.0083930774 34.7282479322 0 0 0 0 0 0 0 0 0 0 0 25.3379704408 24.2867341221 24.8512611205 25.1937116915 23.5983517648 23.6692420229 24.2295247296 23.8958926858 24.1914903532 25.1058557143 23.679114604 24.6498730234 24.2336470829 24.8653585114 23.8124411196 25.1995816013 24.1689992432 23.6129279912 24.2939177724 25.4878139616 24.0869013079 25.0135546767 24.7574368296 24.2660024049
0 0 0 0 0 0 0 0 0 0 0 0 0 0 0 41.1238379686 36.7346464443 30.7564190488 0 0 0 0 0 0 0 0 0 0 0 0 23.7887238341 25.0036088967 24.8907553404 23.7880242671 24.9896055276 24.3512572482 24.5325305328 24.1075244376 24.744183162 23.9529973205 25.0767494942 23.9868741658 23.8717172549 24.7413152069 23.9409296303 23.8502616124 24.3609820722 24.9883474325 25.1765571079 25.2984520228 24.4142037388 25.4458654206 25.4440881281
0 0 0 0 0 0 0 0 0 0 0 0 0 0 0 30.2187779633 37.7201835534 32.0710308869 0 0 0 0 0 0 0 0 0 0 0 0 24.9242857727 24.3749306251 24.1109462289 24.4624507451 23.6908584339 24.7844536034 24.9686030102 24.0127775208 23.9948439873 24.566413133 24.8226541113 25.4622974804 24.2928119555 24.385856584 23.756815446 25.3692990535 24.66596136 24.0853165546 24.0451882322 25.1947550827 23.9374336911 24.2845310083 24.1052643857
0 0 0 0 0 0 0 0 0 0 0 0 0 0 0 0 0 0 0 0 0 0 0 0 0 0 0 0 0 0 0 24.0928944112 24.9774330917 25.137697874 25.1749164541 25.4917203053 24.2786777913 25.3811729452 23.7955502876 23.5113175233 23.5955170859 25.4560973635 25.5588183425 23.5332427995 25.0902401803 23.7530625604 24.9733321548 24.1005428463 24.3451854796 24.4120407291 23.6607989966 23.7620315019 24.454781178
0 0 0 0 0 0 0 0 0 0 0 0 0 0 0 0 0 0 0 0 0 0 0 0 0 0 0 0 0 0 0 0 24.9193354366 25.6093687384 23.6913543028 23.577360739 24.5250611335 24.9772812701 25.2636945405 25.5097974601 25.1307511779 24.3525602248 24.2735975494 23.5385734012 25.2300878819 25.4901365018 25.284076934 24.6592188642 23.6909802088 25.3740439816 24.0151920552 25.5393860962 25.2818461495
0 0 0 0 0 0 0 0 0 0 0 0 0 0 0 0 0 0 0 0 0 0 0 0 0 0 0 0 0 0 0 0 0 23.9821486143 23.7362117137 24.5550246697 24.4639468245 24.942963213 25.2299623333 24.1789869061 25.5260436151 24.9472951234 23.9962077971 24.5260248165 25.5183257222 25.6064280602 24.2906955525 23.8550802385 23.8175620734 24.4231415964 24.5287791062 24.5422718929 24.4574490125
0 0 0 0 0 0 0 0 0 0 0 0 0 0 0 0 0 0 0 0 0 0 0 0 0 0 0 0 0 0 0 0 0 24.5960120881 24.3936356305 24.7019208537 25.2725079371 24.6860331196 24.2076322466 24.7925739094 24.8823689256 25.1334231796 24.105343188 24.0583241038 24.2383155592 24.5119791356 25.3997981851 24.8975362007 24.0735376241 25.3841829273 24.3350703832 23.6236025336 25.5235376463
