Spatial_Output/90% DEC/90DEC_0147.asc
NCOLS 155
NROWS 192
XLLCORNER 196769.923733
YLLCORNER 449719.875193
CELLSIZE 27.603701
NODATA_VALUE NaN
[rows 0 to 22 of 192, columns 0 to 52 of 155]
0 0 0 0 0 0 0 0 0 0 0 0 0 0 0 0 0 0 0 0 0 0 0 0 0 0 0 0 0 0 0 0 0 0 0 0 0 0 0 0 0 0 0 0 0 0 45.1250000009 44.5937684077 45.0475687486 45.1432145255 44.9435402956 44.700928943 45.0378222727
0 0 0 0 0 0 0 0 0 0 0 0 0 0 0 0 0 0 0 0 0 0 0 0 0 0 0 0 0 0 0 0 0 0 0 0 0 0 0 0 0 0 0 45.1203813984 45.029417518 44.561714349 44.9144950042 44.6239600098 45.0028044478 44.6305148358 45.0304177483 44.8250050477 44.6334690477
0 0 0 0 0 0 0 0 0 0 0 0 0 0 0 0 0 0 0 0 0 0 0 0 0 0 0 0 0 0 0 0 0 0 0 0 0 0 0 0 0 44.8760335621 44.62252505 44.8315086738 44.5154455585 45.0248041228 44.9832731866 44.9808592876 45.0700076621 45.1297475826 45.1615274082 45.010452992 44.7573168311
0 0 0 0 0 0 0 0 0 0 0 0 0 0 0 0 0 0 0 0 0 0 0 0 0 0 0 0 0 0 0 0 0 0 0 0 0 0 0 44.5853027848 44.9767473835 44.9961891261 45.1643313096 45.1963277047 44.8495566937 44.5228717756 44.5848340015 45.1286957809 45.1717949838 44.9980964919 44.6436647959 45.0766118396 44.7092382135
0 0 0 0 0 0 0 0 0 0 0 0 0 0 0 0 0 0 0 0 0 0 0 0 0 0 0 0 0 0 0 0 0 0 0 0 0 45.0139273652 45.1192183876 44.6600301461 44.6241219575 44.9771910525 44.9228434141 44.5652362086 44.9145920646 44.973959281 44.8474154838 45.0050145281 45.141077288 44.6550891986 45.0001839093 45.1558631634 44.6717748707
0 0 0 0 0 0 0 0 0 0 0 0 0 0 0 0 0 0 0 0 0 0 0 0 0 0 0 0 0 0 0 0 0 0 45.0626149273 44.9243373658 44.9769259183 44.7559283959 45.098084843 45.1918631005 44.5850660837 44.6350577327 44.5252281492 44.5007867149 44.9988212435 45.1768341431 44.6576942414 44.7438051269 44.6307176753 45.0509520209 45.0229077614 44.9664139622 44.6191387428
0 0 0 0 0 0 0 0 0 0 0 0 0 0 0 0 0 0 0 0 0 0 0 0 0 0 0 0 0 0 0 0 44.9067946449 44.6822603413 44.8025406375 44.6225333711 44.5850646558 44.6476585718 44.7799771328 44.5757134525 45.0105881272 45.1810309218 45.0863289723 44.7918445092 44.6206157087 44.6816292712 44.5859479979 44.8894168055 45.0494275702 45.0417121112 45.0975021417 44.6892315647 44.6715233549
0 0 0 0 0 0 0 0 0 0 0 0 44.6433087216 44.8182303731 44.6604178376 44.6783261186 44.9567463071 45.0609363156 44.7199810354 45.1444302539 44.8068863543 45.105234964 44.8346773456 44.7469731591 44.9592643224 44.6427761779 44.6319141143 44.7021779654 44.6044202195 45.1904307537 44.6479412328 45.0408870795 44.9233951407 45.1514657365 44.5133662946 45.1152358342 44.8545983586 44.8111698154 44.9154460672 44.8447325145 45.0016245294 44.9671745719 44.7614896931 45.0994700839 44.6681062007 44.9014677706 44.8554856434 44.9839392843 44.8217985349 44.9049801477 45.0981429351 44.6934834167 44.6743948534
0 0 0 0 0 0 0 0 0 65.9731514944 70.2426646027 61.9491769281 45.0296307723 44.6340326156 44.5997437496 45.0572096498 44.8239518403 44.5192793662 44.7896514863 45.0955680349 44.8601432091 45.0532317273 44.6561256983 44.5059658119 44.8273915243 44.5980178052 44.7464063165 44.9001867521 45.0970886879 45.1461003605 44.8069549302 44.6662499455 44.734915064 44.55240726 44.9031655067 44.6671215193 44.5707554655 45.0173527909 45.014348347 45.1114583473 44.7140062742 44.9070864211 44.8232385467 44.5476249261 44.6897131347 45.1495461584 44.7880042069 44.7734867859 44.9216173381 44.57840404 45.0175086396 44.8103104811 44.5790144104
0 0 0 0 0 0 0 0 0 66.6933473296 62.6869963573 70.9783608432 45.1800120125 45.0444830289 44.7053215837 44.7434433007 45.1608869448 44.8174515497 44.8788635365 44.7178809039 44.7493974273 44.7244690328 44.6148720135 45.1945152819 44.8776267249 44.621795981 44.9497650358 44.6203030041 44.738161099 44.7742184613 44.7729161542 44.6463141038 44.9661497256 44.8684691145 45.1909538773 44.6901918134 44.7546888736 44.5312414086 44.5102394122 44.7342990633 45.1772353151 45.2012609419 44.8409370154 44.8662261651 44.7192399119 44.6914875555 44.5954771029 44.5293277891 44.737458658 44.9606412173 44.85036869 44.5712194325 44.5892722072
0 0 0 0 0 0 0 0 0 64.8878214081 62.676243893 70.3940477942 44.6665575101 44.5252194163 45.0648882277 45.1148625627 45.1315680224 44.73370465 44.7844417647 44.6974519829 44.6137297014 44.9806476758 45.0280766844 45.0275220586 44.5987614379 44.868965984 44.7893601451 44.7441656708 45.1449418987 44.739198924 44.5785860508 44.6802728014 45.0081348409 44.9678316238 45.1363505063 45.0204914051 44.7485561562 44.8077511753 44.8256112146 44.7371337736 44.9357894527 45.0015619068 45.144201094 44.571620462 44.5324750788 44.6475819598 44.7448453516 44.8330406875 45.1224242223 45.1542295152 44.7504853386 45.018831616 45.1100370455
0 0 0 0 0 0 0 0 44.7268639644 45.0317259763 45.1064062289 44.7635123162 44.9268187694 44.803501908 44.897140313 44.9665641771 45.1975980261 44.976676746 45.089902492 44.6999750697 44.8670243428 44.600048537 44.6544270203 45.057687167 45.1197849697 45.1983613442 44.5899325085 44.7620176309 45.0410471972 44.6028948112 44.974344369 44.7489028495 44.8649933576 44.5975131502 44.9941169699 45.1543768251 45.1511886676 45.1633910694 44.5282646252 44.6738474007 44.6017356941 45.0994026311 44.9230071157 44.5400523111 44.9693106324 45.165861976 44.7116634016 44.5282193743 44.9582701188 44.6236635586 44.6680545887 44.5011082449 44.8114315096
0 0 0 0 0 0 0 0 44.9395936865 44.9161032002 44.7171201267 44.6548573348 44.8146966754 44.6444971209 44.5032533485 45.118216948 45.1547695039 44.8015488093 44.6474608733 45.0552077937 44.82813043 44.7379904774 44.8980427305 45.0645882416 45.1266380943 44.6024831459 44.7401392363 45.1612639177 45.1920282657 44.5102894717 45.1205201718 44.8532588015 45.2051390913 45.1452204872 44.6321993521 44.9139139799 44.6827471899 44.5588760422 44.9926532638 44.6041846479 44.9242891508 44.8485323819 44.8479278511 44.5500563882 44.5159149234 45.157494752 44.6314275838 45.1217794159 45.1239249816 44.6550429715 45.0011891858 44.8705000298 44.7790212584
0 0 0 0 0 65.2784672908 62.8959462028 67.0585671453 44.7676779989 44.771114664 44.535032116 45.0271236885 45.036022937 44.8470600126 45.0306420211 44.5394124142 44.9857418837 44.5470502263 44.87601981 45.0798645345 45.1114543422 44.591085316 44.6584482732 45.1286028018 44.9399742449 44.8275592703 45.0268771202 45.178732924 45.179293773 44.7134014588 45.1451322363 45.1849822581 44.9493269598 44.7735636341 44.7093304572 44.6914203058 44.5669104405 44.9440897585 44.7560230857 44.7423439044 44.5665845499 44.6879296222 45.0357374192 44.6214552106 44.7421350444 44.6963367319 44.7277679992 45.1523457767 44.7837343266 44.7336514587 44.7103314646 44.7629053979 45.0011338338
0 0 0 0 0 61.5628310564 65.5291875515 72.2007214234 44.5178258947 45.1556515072 45.0225723681 44.9371831118 44.8998112117 44.8857912845 44.6955657151 44.7296940331 44.7880308615 45.2007910571 44.7432051755 44.5878485158 44.5117986346 44.5741942352 44.8869825918 45.1981573732 44.6239390395 44.896236142 44.5791844751 45.0341218932 44.9515807571 44.7016310701 45.1305983827 44.6397607278 44.5046977275 44.5755340716 45.1065500793 44.7363134244 44.5882241427 45.1056986996 44.5013439661 44.6356087213 44.544971184 44.6107702773 44.5955254946 45.1684351443 44.8076805618 44.7726092814 44.8490909455 44.8568138904 44.5190009363 44.5416556944 45.179300238 44.6346810047 44.5142665441
0 0 0 0 44.9884138338 63.0993774355 68.6017748318 66.5910647849 44.9805628117 45.1357980026 44.6023099927 44.665707805 44.9500698297 44.7687979688 45.1914554886 45.0233104207 45.18539586 44.6223295102 45.1487284042 45.1006091707 44.742539338 44.7509629722 45.0043981007 44.7152905246 44.5675226341 45.0031822602 44.5303483074 44.8034870305 44.6869044602 44.6395710444 45.2032875897 44.9186897704 44.8655476485 45.1928158406 44.7003568647 44.748993239 45.0640240232 44.6074454542 45.1464257814 44.8977826521 45.1004311813 44.8641613684 44.647504617 44.8237848015 45.0511761066 44.7937147617 44.8417759183 45.1299896888 44.5371146044 45.0079874204 44.5485811352 44.5534018558 44.6597134782
0 0 0 44.9694859089 45.0123291114 44.5261767915 45.182181292 44.8252045387 45.0924128915 44.8582519934 44.5716796904 45.0323194572 44.9521635508 45.0880132677 45.1295593049 45.0655281971 44.8418471492 45.1307792487 44.8177637838 44.701204104 44.9400953904 45.0529992533 45.146329368 44.6810390791 45.1641713266 44.9691440909 45.005385434 45.0383345771 44.5953634976 44.6963454678 44.9802952296 44.6582090445 44.8516929299 44.5388919845 44.815848049 44.9299051751 44.7484909322 44.7346941117 45.0989476345 44.7387038146 45.0577206945 44.841612369 45.0976394302 45.1018977618 44.9081297986 45.1550520073 44.791344891 44.9731665149 44.8927650366 44.5227397401 44.8953149278 44.96030224 45.1788051472
0 0 45.0655735251 44.8321463808 45.194064835 44.8710154381 45.1713867838 44.8924247171 45.0503539081 45.1888586641 44.9014619351 44.9851131854 44.5036647826 44.8244458309 44.9508252683 44.8518073647 45.1338561629 44.8122122886 45.1061006963 44.8410235542 44.9431893579 44.5665695707 45.0920640347 45.2061296928 44.5635375771 45.0822704803 45.0771222737 45.1537839313 44.8027101716 44.7647356363 44.5141645554 44.9796086533 44.680247267 44.9606520734 45.119172439 44.8189760749 44.9470501813 44.9605094195 44.9565508231 44.9513465074 44.9627488457 45.0487938462 44.9742922476 44.9276866442 44.903635695 45.1977553846 44.6198216299 44.5996836695 45.171790923 44.5529281232 44.9653254214 44.9803520375 44.5307505301
0 0 45.1948226612 44.9837982967 44.5820693109 44.7345347106 45.1559432204 45.0115653457 45.050557015 44.5925716148 45.1682031593 44.7628297158 45.1608621683 44.9403846406 44.787027507 44.6452213955 44.5889872888 44.6228897351 44.551540056 44.6498140817 44.6579686377 44.9850121568 45.1148275352 44.9874998507 45.0544599621 44.9790300029 45.1264982649 44.8436674381 45.0833619945 44.7373844957 44.8686574362 44.9916487772 45.1833640122 45.0724542345 45.2001347459 45.0795280383 44.976891733 44.5445610978 44.8416772934 44.5394956559 45.0298116738 45.1687964322 45.064093869 45.1058610659 44.9598762639 45.1527313888 44.5121788294 44.9478066298 44.5366303947 44.5421351636 45.1379019821 45.0633129561 44.8192306328
0 0 44.6434046775 45.0964603816 44.9639820499 44.684293002 44.8581508034 44.747000055 44.5722091704 44.9271402751 44.8527653259 45.0291884986 44.8951747424 45.0172720955 45.1995619166 45.1099311546 44.8661550831 44.5623083159 44.9769721343 44.9040622504 45.0071314657 44.6462718552 44.6224939217 45.06846208 44.829849597 44.8556828573 44.8090104907 44.6400582248 44.754965073 44.9939479614 44.6482351416 44.9717015595 45.1052312763 44.8370440418 44.840581854 44.829524372 45.1210737543 44.8020888578 44.7296994814 44.6037172236 45.1638911931 45.0042268381 44.8241757787 45.0090808599 45.1963514738 44.7228437779 44.8240040536 44.9857331593 44.6371153138 44.9218877074 44.8206819675 44.6797605159 44.6158711732
0 0 44.9034207465 44.6198845497 44.5331175774 44.6667062502 44.6777981156 44.8164315582 44.8885249755 45.1452037068 44.9624599597 44.6771866379 44.9699668974 45.1374454461 45.1572270758 44.9324934827 44.6832264313 45.0688369678 45.1759354627 44.7740115483 44.637010096 44.5910493029 45.1282531049 45.1188682267 45.1101941818 45.0422932095 44.9590205637 44.9027880873 44.6366926384 45.1571558509 44.6347721289 45.1043774842 44.5432422396 44.6820400268 44.590413092 44.7399796421 45.0658570367 45.1985047016 44.78664728 44.6480697529 44.8284067757 45.088277283 44.7716529929 45.0941459405 44.6331739342 44.7355215885 44.5022654647 44.6306890611 45.0123033869 44.5086920446 44.6243905397 44.8760532285 44.6320284664
0 0 45.1028634315 44.7616162221 44.7038875641 45.0725659248 44.9107690864 45.0106832137 44.6175388796 44.7369475861 44.5429732795 44.9656616872 44.9455811114 45.0608007735 44.6173720745 45.067524653 45.0346736086 45.0424834171 44.8184650827 44.7491520005 44.729024054 45.1701500284 45.0880062037 44.8748278192 44.9178244931 44.5908437452 44.5724901218 44.6833062661 44.9319551744 44.7767105967 44.6800699398 44.7341107695 45.0682587408 44.7880288462 44.9989471589 45.1356481687 45.1502151034 44.7785177231 44.8623205015 44.9117539008 44.6356724873 45.1717460764 44.5808255815 45.1332930042 45.0083692829 44.9069260407 44.67246709 44.8717611605 44.8519093638 45.2037573433 45.1548786526 44.991651976 44.8286195531
0 0 44.6872395765 45.1167960549 45.1662236615 44.7147621733 44.9861340168 44.5845609 44.8662650491 44.8902552587 44.6923903642 44.7233097389 45.1466915656 45.0905973269 45.196326013 44.9196457902 45.0042439855 44.6347329181 44.8725111784 44.6448664353 44.9673768935 44.6497167254 45.0793848072 44.9459856314 44.7861528791 44.9211839726 45.0249816666 45.0625163538 45.2014801287 44.7498435015 44.7710485195 44.7548740768 45.095026317 45.0512482117 44.9946725704 44.6869149938 44.6165637318 44.5948882095 45.1590318368 45.0981407911 44.8537256092 44.783353376 44.9932810972 44.9176163 44.5861521506 44.6923127153 45.0827506308 44.6362082457 44.7109900937 44.9802268267 45.1308508707 44.9334541245 45.185687667
