Spatial_Output/90% DEC/90DEC_0467.asc
NCOLS 155
NROWS 192
XLLCORNER 196769.923733
YLLCORNER 449719.875193
CELLSIZE 27.603701
NODATA_VALUE NaN
[rows 0 to 22 of 192, columns 53 to 105 of 155]
31.080675063 31.0320190973 31.1141354542 31.1335344691 30.5427843736 31.0170661815 30.8816546363 58.9183246621 53.4440505346 51.1874739114 30.5494263782 0 0 0 0 0 0 0 0 0 0 0 0 0 0 0 0 0 0 0 0 0 0 0 0 0 0 0 0 0 0 0 0 0 0 0 0 0 0 0 0 0 0
30.7537157475 31.0849188599 30.858426262 30.7831554041 31.031692654 30.7788421882 30.857158651 52.3129297673 48.3271078106 52.4052256506 30.9857215977 30.9503276514 0 0 0 0 0 0 0 0 0 0 0 0 0 0 0 0 0 0 0 0 0 0 0 0 0 0 0 0 0 0 0 0 0 0 0 0 0 0 0 0 0
30.9199817401 30.6576672475 30.5096649401 31.1406182979 30.6913615215 31.0317646893 30.5605805003 60.502790611 55.4179978325 57.1062644224 30.8550334898 30.8336548253 0 0 0 0 0 0 0 0 0 0 0 0 0 0 0 0 0 0 0 0 0 0 0 0 0 0 0 0 0 0 0 0 0 0 0 0 0 0 0 0 0
31.1873797815 30.969226515 30.7716310072 30.6693076572 31.1339991365 30.7932875743 30.7675335332 30.8756772027 31.0872799628 30.617308243 31.1181931178 30.6526975928 30.9806530673 0 0 0 0 0 0 0 0 0 0 0 0 0 0 0 0 0 0 0 0 0 0 0 0 0 0 0 0 0 0 0 0 0 0 0 0 0 0 0 0
31.1362154491 30.5734744695 31.1207057705 31.018488321 31.0012288499 30.82562932 30.5410734935 31.1031534248 30.8878815292 30.9598066699 30.8351694157 30.9729195148 30.6489940756 30.7036917401 30.612416955 0 0 0 0 0 0 0 0 0 0 0 0 0 0 0 0 0 0 0 0 0 0 0 0 0 0 0 0 0 0 0 0 0 0 0 0 0 0
31.0864132049 30.7431032742 30.9529061767 31.161130849 30.5163822801 30.5763076548 30.908106055 30.5462187187 31.0285211032 30.864247613 31.1159605849 30.572485253 30.9382250156 30.5119686415 31.0169437637 31.1093865081 0 0 0 0 0 0 0 0 0 0 0 0 0 0 0 0 0 0 0 0 0 0 0 0 0 0 0 0 0 0 0 0 0 0 0 0 0
30.6350715521 30.8665773711 30.7697460566 30.8656837994 30.5523147278 30.7777967095 30.5998179102 30.5389008554 30.9074809464 30.6207611213 31.0026519413 31.0007308645 31.0950006267 30.7646687025 30.6634530245 30.5015410723 30.852817015 31.167460264 0 0 0 0 0 0 0 0 0 0 0 0 0 0 0 0 0 0 0 0 0 0 0 0 0 0 0 0 0 0 0 0 0 0 0
30.9827841573 30.9059243049 30.7455895869 30.7951068915 30.5710767563 31.0677851555 31.0939463506 30.7705037401 31.0208465815 31.1061722099 30.7971508716 31.1819857133 31.0047795779 30.6698871105 30.9725778749 30.5386899623 30.8975662904 30.8581726116 30.5860051277 0 0 0 0 0 0 0 0 0 0 0 0 0 0 0 0 0 0 0 0 0 0 0 0 0 0 0 0 0 0 0 0 0 0
30.5502364611 31.1945896756 30.5106920137 30.5788663809 30.9085638269 30.8045750676 30.8430432216 30.6891157327 30.9591344439 30.5124050661 30.8169415937 31.1781834019 30.7653554426 30.6779193561 30.6741709209 30.5640827794 30.9050694809 30.5592388277 30.9781386365 31.1187608498 31.0353270282 0 0 0 0 0 0 0 0 0 0 0 0 0 0 0 0 0 0 0 0 0 0 0 0 0 0 0 0 0 0 0 0
30.8739915891 30.9432688123 31.1825592614 30.7747477308 30.7944190558 30.6581778729 30.8298458363 30.7197042524 30.8589996472 30.9842065717 31.1460154159 31.0735552439 30.9970888758 30.6133717448 30.93399094 31.1614160107 30.9158807347 30.5102871188 30.6638759821 30.6860169275 30.7646153459 31.1999765488 30.5643558157 31.1069044606 0 0 0 0 0 0 0 0 0 0 0 0 0 0 0 0 0 0 0 0 0 0 0 0 0 0 0 0 0
31.1653755157 30.8360748853 30.9125445207 31.101445531 31.1584686722 31.098087786 30.7221847966 31.1923215521 31.112568644 30.8584501452 30.9055548583 30.7762453562 30.8377372133 30.7989426271 30.6878333857 30.5987076738 30.6837857158 31.1064346641 30.931719921 30.5253217882 30.8421959729 30.6124248868 30.5189201776 30.9785644056 30.5981271266 31.0274276108 31.0640764931 30.6045950277 30.6048220669 0 0 0 0 0 0 0 0 0 0 0 0 0 0 0 0 0 0 0 31.0052542884 30.5800378865 31.1948919236 31.1714281989 30.7546060539
30.8163182801 31.156741911 30.7649125342 31.1504087517 30.835116005 30.5635684091 31.0955750371 30.5639415711 30.6355339156 30.7738747582 31.0566498194 30.8221318765 31.18864977 31.1317098978 30.9292579498 30.8456732127 30.6105368002 31.0814167903 30.8139374612 30.8950165115 30.6639554486 31.0448062228 30.7200848833 31.0052743058 30.7246970632 31.1486244826 30.618360643 30.8948000403 31.0232287835 31.1192517525 31.1042165709 0 0 0 0 0 0 30.6982168041 31.1315766604 30.5661565131 31.070351181 31.0862719227 0 0 0 0 0 0 31.162870762 30.8247538577 31.1514554308 30.9719778571 30.8709954312
30.919175932 30.5498065245 30.5309845214 31.0558123466 30.5084454086 30.6179040977 31.1336122838 30.8213619092 31.069333049 30.7427738621 30.8802637784 30.7897457755 31.029975856 30.8469718829 30.612367354 30.7989627953 30.8532307661 30.5825128597 31.1592939063 30.9481934914 30.8305979551 30.7757210963 30.755783488 30.6218564834 30.7550951937 30.6597940262 30.8219847039 30.8277313561 31.0009488571 31.1312284442 30.5026028357 0 0 0 0 0 0 30.9922651048 31.2011932448 30.660197099 31.148579024 30.5937893824 30.8887461275 30.9055896546 30.632979516 0 0 31.0544238799 31.0514332483 31.007580981 30.8743805366 30.6207515144 30.7177991322
31.0409031835 31.0735805162 30.68430134 31.0242805307 30.5451503047 31.0714677414 30.9395879388 31.1978104578 30.6170557281 30.9440562225 30.9564305552 31.008958402 30.7907539595 30.728427744 30.5465706356 30.8453662964 30.5773741692 31.0475082147 31.0058482165 30.8646285624 31.1865170755 31.0201830379 30.8315450668 30.7154798579 30.7017150919 30.9687029663 30.5580263291 30.9817928582 31.0293701912 31.0614083319 31.1351972609 30.6468560036 31.0050585779 30.8946143396 30.7991491419 31.0941992096 31.0775255751 31.0201750838 30.5925693482 31.1411003692 30.7364451253 30.8231494704 30.545178353 31.026462107 30.6742350134 31.1896222377 31.1957281528 30.8218736135 30.7420723803 30.5856226136 31.0863022533 31.1950616314 31.0398166288
31.1517261909 30.9832504069 30.8920783202 31.1400373301 31.201589534 30.93128452 31.190497228 30.9552633057 30.7183702651 30.5438784964 31.1399738572 30.9816941073 30.7352815822 30.5846182503 30.9963360793 30.9739437701 30.7313762834 31.028593036 31.0207645358 30.5644583974 30.7136531966 30.7011719993 30.5434727492 30.8148060351 31.0237110852 30.9261308151 30.9958156868 31.0331055585 30.8208037556 30.8206123415 31.025952042 30.794785277 30.6446223679 30.7524990519 30.9546561514 30.5911198977 31.0659501045 31.1357281892 30.9265139217 30.9042314449 31.0704139209 30.8512874638 30.991701982 31.1087205068 30.7301921047 30.7550284463 30.588896486 30.7429056715 30.869363025 31.134217446 30.8702134086 30.8762932547 30.9168415449
30.5406883955 30.7116936656 31.1532881005 30.5761979488 30.997945775 31.1373077109 30.5267925496 30.5408481244 30.6117463584 30.7520688879 31.1269546678 30.8946947682 30.7435347883 30.9127008518 30.8795473332 30.7730229786 31.0964806319 30.68324551 31.084289076 30.8623567068 30.6331971028 30.7735057217 30.945272295 30.9915706828 31.2016909498 30.5746208431 31.0936389102 30.735265508 31.134443186 30.5576164303 31.0332521395 31.0413661334 30.7543174841 30.7301362716 30.5045567516 30.8465065991 30.9408427572 30.8746176491 30.5422648836 31.124177415 30.5352753539 30.6729088252 30.5411545662 30.594273091 30.868703957 30.7660453126 30.7326454891 30.7316677038 30.6861087156 30.8566303977 30.5311864534 30.5830390316 31.0952273533
30.8484999985 30.5958870778 30.7428640713 30.6630820056 30.5746247875 31.1612438353 30.7901198525 30.7129260226 30.7061148423 30.6186424615 30.8119358616 30.5373974365 30.8093051842 31.1881154711 30.8841311828 31.0829567718 30.5521196698 31.1554139102 30.7016216138 30.9350378941 30.8411193646 30.6726413153 31.0519475971 30.6931103215 31.1828150536 31.0778412232 30.8860051988 30.5247803717 30.5616529304 30.6747655031 31.0323134336 30.5352031275 31.0287352509 30.768871818 30.5897987964 30.7945851292 30.5690744999 31.0494430716 30.922006959 31.0294365547 30.6972525696 31.1004479798 30.9123328509 30.7389824952 30.8657499376 31.173751747 30.5383551848 30.6355221765 31.1996826236 30.7602323557 30.5130956157 31.107652059 30.5803133231
30.7881894435 30.748312618 30.6799226467 30.8046521121 30.7473944331 31.1549347038 30.6210378242 31.0787919273 30.9405594392 31.0138205646 30.7597485862 30.6278615158 30.8475215524 30.9760430346 31.012207853 30.8050231884 30.954746948 30.7993867664 31.1270686629 30.9366832187 30.6273599127 30.5394263599 30.771767312 31.1447942159 30.5234214249 30.8967573405 31.0664417462 30.7098152472 31.1199026518 31.1270961588 31.1136796961 30.5933772004 30.7879496945 30.7832252543 30.6544478446 30.7188409617 30.6824748952 31.1294398512 30.5796500545 30.8043202862 30.6469854765 30.7572295766 31.1647125972 30.7239065694 30.6225340228 30.805188964 30.579868185 30.8462918628 30.5451592137 30.6803939782 30.6937750932 30.6848152064 30.8694366806
30.590461063 30.9639105977 30.9862488159 30.844532034 30.7979809082 31.008089499 30.7978716661 31.0716483854 31.1528821965 30.6454437114 31.0398865904 30.6636073757 30.9946351513 30.741490336 30.8302218468 30.6641107877 30.9491404752 30.8962548782 30.7251368414 30.9452049566 30.6324017223 31.2025646039 30.9851862641 30.8789193523 30.697687353 30.5907093079 31.079636812 30.5680675713 31.1390691084 30.5064788837 30.7607611532 31.0064216693 30.7537976672 30.8268596829 30.6098110045 30.8942187628 30.6776654567 30.9013850057 30.8662005785 30.6045245605 30.9866708691 30.7572548722 31.1863288182 30.5093239905 30.9157788972 31.087107837 30.9392320153 30.6339181601 31.1708065513 31.0777590588 30.9583120836 30.8545373893 31.0946396183
31.1673555345 31.0280197636 31.1489325201 30.5627418507 30.9757608484 31.0135859147 30.9987430284 30.7856534134 30.9681760656 30.8756455335 30.7860750343 30.8134269759 30.6718951218 30.8737458129 30.6748107467 30.6804450346 30.5302628556 30.5378745519 30.5032781229 30.8836516639 30.5605642592 30.5357136671 30.6597970567 30.937699959 30.6341133117 30.7418458616 31.1653654096 30.9215269654 30.8502975164 30.8316043108 31.0868657034 30.8345162459 30.6639721024 30.5278626593 30.7562856414 31.0065469799 30.5974753699 31.0294518675 30.5704205044 30.7936170117 30.8869584777 31.1979048697 30.7612628336 30.9751410059 31.0464117686 30.7522824878 30.5032662981 31.0289457873 31.0684789741 30.9690873328 31.1698007986 30.7510474587 30.9412565191
31.0042293984 30.7090228249 31.1149938625 31.1240793822 30.7431761951 30.7098493772 30.9713613549 30.9862553718 31.0008988856 30.5355383354 31.1304078325 31.1019893924 30.8553913579 31.0652715617 31.0862546248 30.7597562494 31.1089404579 30.6353098832 31.1660779846 31.0947045597 31.0498645293 31.0083232264 30.8205339308 31.0266501149 30.7227272636 30.7692866974 30.8079379957 31.0769246805 31.0873718269 30.8627336252 30.7806464387 31.0611215208 30.6422724283 30.8355443778 31.1787796704 30.7758629052 30.8129452504 31.1768654188 30.5866615694 30.8891307984 31.0654348574 31.0433572436 30.9020632659 30.7225676634 31.1199268387 30.7063903278 30.8895254547 30.8688804244 30.9770829204 30.9369615397 31.1777945111 30.804559328 30.6415555907
31.0047294484 31.0178684332 31.1114060478 30.934785699 30.6706945099 30.5637952261 31.1244400849 30.753045254 31.0787016314 31.1855611849 31.0883237604 31.1474581051 30.7341263929 31.1977715697 30.9122927133 30.8668361388 30.7322934977 30.5233981301 30.8002920956 30.6725518402 30.8261724847 30.8846908513 31.0395468976 30.9699875282 31.0803959808 31.1369284393 30.6089040925 31.1149655012 30.5118151693 30.5982618248 31.1569702186 30.7260013587 30.9115056932 31.039108973 30.6366799376 30.8861995714 30.9423440076 30.6583523361 30.5478637526 30.6912202053 30.7962811904 30.825071033 30.5029825906 31.1147511563 30.7722850934 30.9014497134 30.62784166 30.9109758577 30.9465672187 30.7743591976 31.1965522302 30.6528243657 30.9262492925
30.9220521317 31.1825052296 30.6843344457 31.0558344259 30.7987138587 31.1617666683 30.5152234607 31.0037459566 31.0672846226 30.6421694693 30.7699562447 31.1599962064 30.7827919115 30.7173539342 31.0942464335 30.8158689524 30.8155887886 30.6678316631 30.672881665 31.0863726861 30.9341823442 31.158907614 30.5623771686 30.9057841432 31.0041186745 31.1965734349 30.7809849174 30.8910216234 30.7234635608 31.0396317579 30.7193293514 30.736192764 30.7374333375 31.0719859868 30.6539041523 30.5708657017 30.8086731372 30.9128937595 30.8958743585 30.9976075861 30.9493612999 30.6578046264 31.1162209513 30.8701663987 31.0137786124 30.9443418802 30.8519850717 30.7100304672 31.0837413915 30.6756629455 31.0701910667 30.6177497848 30.7548528875
