Spatial_Output/90% DEC/90DEC_0247.asc
NCOLS 155
NROWS 192
XLLCORNER 196769.923733
YLLCORNER 449719.875193
CELLSIZE 27.603701
NODATA_VALUE NaN
[rows 0 to 22 of 192, columns 53 to 105 of 155]
44.7334089368 44.7848110051 45.0749539192 44.8757359131 45.1055215804 44.8017325683 45.1671776775 70.7468771341 78.3542556414 73.6172284777 45.1469945634 0 0 0 0 0 0 0 0 0 0 0 0 0 0 0 0 0 0 0 0 0 0 0 0 0 0 0 0 0 0 0 0 0 0 0 0 0 0 0 0 0 0
44.7900176455 44.635679558 45.139573524 44.9296098998 44.5102292572 44.5180435783 44.8773618452 76.8911380943 87.766849911 78.5279388324 44.6511358969 44.6557015445 0 0 0 0 0 0 0 0 0 0 0 0 0 0 0 0 0 0 0 0 0 0 0 0 0 0 0 0 0 0 0 0 0 0 0 0 0 0 0 0 0
45.1526809463 44.6073985863 45.1381384287 44.6392277526 45.1244376429 44.7480540259 45.0271536381 73.2600131055 81.3184891004 71.5341605081 44.9894501956 44.8451465926 0 0 0 0 0 0 0 0 0 0 0 0 0 0 0 0 0 0 0 0 0 0 0 0 0 0 0 0 0 0 0 0 0 0 0 0 0 0 0 0 0
44.8689139407 44.6895099051 44.625275708 44.5615190873 44.9748022019 44.7847899673 45.1910685706 45.0048011501 44.8939978982 44.7096812412 44.6709786969 44.9896419998 44.733280173 0 0 0 0 0 0 0 0 0 0 0 0 0 0 0 0 0 0 0 0 0 0 0 0 0 0 0 0 0 0 0 0 0 0 0 0 0 0 0 0
45.1488659015 45.0043202691 44.5331293591 44.7838729588 44.6077933908 44.7649211702 44.6753890085 45.0104083946 45.1147057089 45.1999659232 44.8000586796 45.1910505708 44.9104825294 44.6224553489 44.884270122 0 0 0 0 0 0 0 0 0 0 0 0 0 0 0 0 0 0 0 0 0 0 0 0 0 0 0 0 0 0 0 0 0 0 0 0 0 0
44.8412015781 45.1143276818 44.633881257 45.0326801267 45.0446814907 44.9449873485 44.6214056376 44.7779795758 44.74447532 45.0836765615 45.0263587615 44.6092213613 44.6587225174 44.6175781837 44.9930916404 45.0837219743 0 0 0 0 0 0 0 0 0 0 0 0 0 0 0 0 0 0 0 0 0 0 0 0 0 0 0 0 0 0 0 0 0 0 0 0 0
45.1594651242 44.7859666334 44.5478039676 44.5330983525 44.5542938737 45.1697542468 44.6373673621 44.8323735306 44.8154466841 44.6370687554 44.80504347 44.8759014565 44.9842634625 44.5510392384 45.0314920097 45.1901009964 44.8252631736 45.2024841445 0 0 0 0 0 0 0 0 0 0 0 0 0 0 0 0 0 0 0 0 0 0 0 0 0 0 0 0 0 0 0 0 0 0 0
45.02605292 44.8075764424 44.9075435662 44.8565449473 44.6745342836 44.6338048083 44.6795864078 44.8536918757 44.6681417632 44.8885742579 44.9729920088 44.7337454426 44.9782586251 44.8593745247 44.7961513412 44.9312031432 44.6964686672 45.1574073404 45.0569378844 0 0 0 0 0 0 0 0 0 0 0 0 0 0 0 0 0 0 0 0 0 0 0 0 0 0 0 0 0 0 0 0 0 0
44.5374120973 44.5528838816 45.1456116233 44.6816520587 44.6161725645 44.600203611 44.7501405034 44.5854604425 44.9733578832 44.8076730608 44.5308149525 44.6905008431 45.1657282455 44.6963418752 45.1038271378 44.8081699418 44.7867072695 45.0053531558 44.7199008563 44.9957718394 45.0265245374 0 0 0 0 0 0 0 0 0 0 0 0 0 0 0 0 0 0 0 0 0 0 0 0 0 0 0 0 0 0 0 0
45.1712615486 45.0057003055 45.0210386943 44.8691652131 45.0223972797 44.671157846 44.9402233134 44.6060582043 44.6419846447 45.0249974589 44.6930589656 44.6115971223 45.1878649516 44.5371326555 44.5106128883 44.6328417814 44.7406457569 44.7238404526 44.8693538566 44.5534123182 44.7611299123 44.9751209178 44.931219458 45.0174253068 0 0 0 0 0 0 0 0 0 0 0 0 0 0 0 0 0 0 0 0 0 0 0 0 0 0 0 0 0
44.7527799093 45.1915797666 44.8605695576 45.068622373 44.7755026829 45.0481165055 44.5094143013 45.0523036638 45.1021259749 44.7100543778 45.0103639067 44.8280306482 44.9011670566 45.0655440582 44.979740142 44.765017244 45.0952367961 44.9406755235 44.8644730048 44.8318322019 44.6213979689 45.0175246186 44.6170496567 44.9545365865 44.8541909705 44.7181447392 44.9046172732 45.004932335 44.8834523209 0 0 0 0 0 0 0 0 0 0 0 0 0 0 0 0 0 0 0 44.7005327972 45.1690223088 44.9188149464 44.8674527047 44.6098903708
44.8190991382 45.0469996267 44.6722825798 44.5029639476 44.9311465563 44.8425306197 44.6434104032 44.6668995482 44.7845621796 44.7677935301 45.0560743454 44.7575892992 44.8334257294 44.720951974 44.8562048271 45.1281432705 44.7075858378 45.0694835367 45.040203739 44.7046076442 44.654923338 44.5402260539 44.9949095682 45.1070812471 44.9397476044 44.8479375305 44.6740283688 44.7204974249 44.8759857356 44.5111812396 44.5753470807 0 0 0 0 0 0 44.7977685894 44.9547080537 44.6852073619 44.9296198494 45.0310755885 0 0 0 0 0 0 44.6636776415 44.9304528987 44.8992094313 44.786512394 44.7193182363
45.1366795199 44.6187334543 44.7296568735 44.6479506082 44.5223237225 44.9715885745 45.1857357469 44.7728042276 45.0789187125 44.5970624163 45.1317506452 44.7553305038 44.8412452247 44.5755538128 44.6439338358 44.8174592612 44.5826076327 44.7109844301 44.8136529284 44.7147374687 44.7764904841 44.6372791822 44.9804161069 44.9777698921 45.1809572147 45.0022358734 44.762725622 44.599987211 45.0114129403 44.8977232873 45.0321589922 0 0 0 0 0 0 45.1923691409 44.6873478066 44.6328358816 44.7851170952 44.6619077962 45.102656394 45.1949542539 45.0271974911 0 0 45.1059832613 45.1860960742 44.8168863963 44.6237908711 45.1850192442 44.6396051687
45.0359945236 44.8616220808 44.9874568983 45.1279201236 44.6778354061 44.9528975166 45.1754012148 45.0708275808 45.1824442056 44.7441342713 44.5006745015 44.7683853476 44.8253837596 44.9407604801 45.1365305126 44.5674471896 44.6650805705 44.7567931834 44.9774210221 45.124566712 45.1006191059 45.0264224708 44.8486423134 44.8861136653 44.9799334218 45.1822482271 45.000469008 44.8530477377 44.8080037067 45.1060943112 44.7096961858 44.7637820241 45.1988453905 45.0861365491 44.9290319164 45.1484379959 44.869757029 44.5086457573 44.9243570263 45.2024444173 45.0855680221 44.5249098557 45.0560213305 44.6909570943 44.8785380079 44.7190424458 44.613057957 45.005144716 45.0572706823 45.11861268 44.500990678 44.7104157504 44.5642632587
44.892777565 44.9551916564 44.7827205179 44.967137227 45.0829937968 45.1467606257 44.6410414644 44.8415077947 44.9411396493 44.97096743 44.8661998249 44.7352004324 44.6407403148 44.6778988872 44.6141800428 45.0247608054 44.8174842513 45.0024729907 45.0096167436 45.1480243634 45.0646006676 44.5683335082 45.1722115554 44.5188183478 44.9606518065 45.0349112628 44.5903600861 44.8890187761 44.8144545648 45.2060537269 45.1989082531 44.9883031219 44.8955585193 44.5620267096 45.1686922628 44.5243067266 45.0882617464 44.8531338719 45.0000056746 44.9552574284 45.136540171 44.5777282855 44.6615511249 44.8761475835 44.7382248725 44.9056338995 44.8512520633 44.6884668318 44.8850203837 45.1671349128 45.0506201987 44.9067397876 44.8262437292
45.0663241314 45.1417060234 44.6301984259 44.5313275491 45.1232743093 44.8360220532 45.0933302752 45.1982031518 44.5398248402 45.1674134867 45.1154417211 44.6920834365 44.7296145584 44.9207084975 45.199759213 44.9973301295 44.9894595901 45.1424559141 44.5544505677 44.6485263991 45.1517217617 44.9098716877 44.8714119691 44.6831966741 44.5347748762 44.6571308815 44.8378092769 44.5984368643 45.0110481129 44.8139997781 45.0511643788 45.1438951496 45.1997589865 44.8017625869 45.1931588332 44.5959472004 44.6179355887 45.0896996342 44.622437674 45.129477423 45.036023822 44.8926081149 44.9936898066 44.9583360802 44.9772544319 44.8603708201 45.1965007257 45.0676430007 44.6481061105 45.1894151704 45.1188423231 44.8441306109 44.6637020648
44.5419672963 44.6252494021 44.8278706825 45.0962060632 44.7856675175 45.1568196677 45.0580892975 44.5484673227 45.1705153551 44.8042093024 44.939129057 44.7255043753 44.9512967693 45.1512665027 44.608382942 45.1740342081 44.8948599773 44.5966587391 44.5108294475 44.9810427746 44.6625029224 44.6666756806 45.0367034199 45.1064170633 44.9655657542 44.9361727884 45.1092099261 44.5273745583 44.5964133065 44.513088215 45.0459016394 44.674853856 45.162656027 44.9886388901 44.7360262912 44.5012618595 44.9209017717 44.8795436758 44.5576762086 44.6467938575 45.1350991797 44.8345973338 44.7874867538 44.8229924644 44.6797746083 44.6349723432 44.8115347475 45.1776380139 44.9257080351 44.6808832423 45.0837795678 45.0438893668 44.7933542207
45.0189508143 44.9122046309 44.9953948192 45.1688415016 44.5530739985 45.1925504824 45.1782756323 45.0721436651 44.6254642359 44.8090232674 44.6823822048 45.1482999089 44.5255815592 44.6817286463 44.6946931239 45.0818953721 44.6478114237 45.0741737264 44.9102384212 45.155358995 45.1801842455 44.8753605146 44.7762405856 44.6457377509 44.6102972857 44.773143342 45.1101793868 45.1272938738 45.1978744709 44.9324459235 45.0836547714 44.7796795549 44.5751811677 44.9941170656 44.5131621061 45.1352044605 44.68762108 45.0498689564 44.8695011079 45.0486816572 44.9091236832 44.6168803949 44.9169759942 44.6705265083 45.0702050368 44.6868339629 44.9781599664 44.664502831 44.6832679684 44.959354091 45.0585019616 44.882600298 44.9266522767
44.5531960587 45.1915289194 44.7226417111 44.8426026022 44.882203139 45.1958512252 44.9539502556 45.1566844782 44.9527692275 44.9324275576 44.7064385005 45.1098210019 44.5326587928 44.7656434018 44.6745523959 44.5064612935 44.6581620692 45.1012481615 44.9900350215 45.0010820307 45.097263332 45.1119634333 44.6549990856 44.9655319119 44.9662908964 44.9873738072 44.6676988446 44.9033044369 44.617104519 45.1681613288 44.691068828 44.907441778 44.9785191392 45.0607294238 44.5308173869 45.1812834474 44.7482759514 45.0851826274 44.954640136 44.6262819807 45.0461284149 45.0664367928 45.0028294278 45.1943374312 44.5025028478 44.8908813331 44.6604893812 44.7140262002 44.6584189915 45.0557986919 45.0960977053 44.8064006815 45.1333129439
44.9070175528 45.1666644351 44.9508904917 44.6462106711 44.951077331 44.7350572255 45.0322299546 44.557074798 44.7183701545 44.7256158792 44.8174688352 44.5205106183 44.9924540514 45.1852081784 44.6859335758 44.7530404861 44.8987003299 44.6895348673 44.9422066299 44.6793266095 44.6213000001 44.7413829483 44.7769326894 44.9848800195 44.8099684481 45.1704141964 45.054522459 44.5722689699 45.1643998793 45.1546772237 44.5649413257 44.6034684468 45.0933554283 44.8126787758 45.0315815124 44.612202897 44.8169009618 44.726558569 44.5080124803 44.9792446956 45.0341853585 45.1058253793 44.670511774 44.9926569074 44.9431886127 44.7952830593 45.1957124137 44.5410116557 44.6253620535 45.1989083852 44.8118081928 44.8845175289 45.0439042549
44.7739029194 44.6142965935 44.7036150201 45.1882305366 45.019551638 45.1911217764 45.1462673146 44.6968323091 45.1121082783 44.7109531188 44.8688666524 44.6412007804 45.1075788412 44.7559955607 44.5002489887 45.0162120225 44.8379112018 45.0209651867 44.9880682824 44.8905903539 44.6651475548 44.7539106983 44.8476984541 44.6562406979 44.9350320385 44.7304251628 44.7533245765 45.196397911 45.0913519624 44.6304141088 44.798707885 45.1147974768 45.0724259527 44.7203207753 44.6932725249 44.6760482312 44.9114356889 44.5667250106 45.0677804343 45.1000306786 44.8546678294 45.1454879969 44.7232692769 44.8218364784 44.6515833109 44.8401194569 44.6843318738 44.8721899201 44.5997147017 45.1437115063 44.8367925114 44.9510343553 44.8863786158
44.9316052783 45.0630576812 44.9563570607 44.6836147756 44.5107921902 44.5490054776 45.1886140879 44.9601152109 44.7279008862 44.7425270932 45.0235615446 44.7035756417 44.944547974 45.084365518 44.8676961732 44.5548011297 44.8652009749 45.0587604322 44.7396529246 44.5819018468 44.5585052063 44.9934781946 45.0008845887 44.6153699 44.531875542 45.1054673944 44.7931657472 44.7649656801 44.9689008114 45.0911006755 45.1094644208 45.1661743382 44.9184745014 45.1817400778 45.0012890764 44.6233591291 45.1739923431 45.0127348405 44.7250416529 44.907923043 45.1555519453 44.8246355771 45.0078509229 44.5510752838 44.7825694482 45.0659466407 45.1590770857 44.9368840309 45.0001806105 45.1778224814 44.92417429 45.0851028082 45.012697854
44.6218082287 44.8685445119 44.6268654663 44.839098661 45.0607225967 44.6446569763 44.6019983396 44.7475577205 44.963811 45.2031684394 44.9441616806 44.9355416517 44.6991070036 44.7637537365 44.7662137234 44.5135697353 44.6197517359 44.8821717735 44.5908280231 44.6275937729 44.6113439743 44.7632952595 44.8020539222 45.1305552688 45.1378813648 44.6532189905 44.8819495548 44.8158331323 44.5278131586 44.9251993584 44.967727701 45.1311869443 44.7880142214 44.757337669 44.9733692945 44.6879034668 44.7925253175 45.1883118998 44.5350465601 44.6535194879 44.9370819988 44.6260135209 44.9614905388 44.7040973103 44.9188460148 44.5968383352 44.6244129353 44.7916818246 45.1431186234 44.5201010424 44.9751061693 44.8033671953 44.7125291869
