Spatial_Output/90% DEC/90DEC_0126.asc
NCOLS 155
NROWS 192
XLLCORNER 196769.923733
YLLCORNER 449719.875193
CELLSIZE 27.603701
NODATA_VALUE NaN
[rows 138 to 160 of 192, columns 53 to 105 of 155]
45.0406727563 44.9952173562 45.1776156796 45.0785075086 44.5725882834 44.7904712291 44.7223862015 45.0976843248 44.5331243169 44.7735883969 45.0389161718 45.0220330116 44.5545458364 45.195919599 44.5158918392 44.6638438734 44.8184117294 44.68887741 44.7691335399 45.0376298797 44.7562594818 44.7855773427 44.6176782193 44.5483128652 44.6218378947 44.6968974472 44.6003614543 44.9975566425 44.5914595659 44.7586610897 45.2032274206 44.6162086733 44.5446401676 44.7464616422 45.119011098 44.6625780542 44.5085341916 44.768390306 45.1569478772 45.2030366413 45.049803216 45.1932938223 44.7254043109 44.7314846328 45.1558568233 44.701912918 45.0745045591 45.1703066278 44.8575065934 44.7333266541 44.8806461774 44.8207600531 44.7235804892
44.9988308239 44.7667084108 45.1409361868 44.6432934384 45.1780756208 44.7341517946 44.6438361416 45.1789658024 44.6840376164 44.593330997 45.0360173375 44.8277337843 44.7348335127 45.0222962123 45.0617075885 45.1494850533 44.5093842967 45.0628258285 44.798525695 44.557937491 44.8517645271 44.5699631733 44.6391752423 45.1530986913 44.9850248241 45.1601839918 45.0111923537 45.0723255919 44.5670036546 45.1083579334 45.0956413337 45.1676596394 45.0858863044 44.5573574457 45.0760010208 45.1031652662 44.7676901909 44.8959062794 44.9508113327 44.9860765341 45.1014146293 44.8006285437 44.7518187895 44.5995116218 45.0405680755 45.0140154072 45.1754644232 44.5492529034 44.8390760043 45.0158581205 45.0435426955 44.5369759269 44.6928695468
44.9527717877 44.6815596707 44.7145471171 44.6185448748 44.9171352922 44.6836593981 44.9456257478 44.6324835394 45.1274596708 44.9780032026 45.127324504 44.6420367648 45.0431575884 44.6266139661 44.8141671819 44.6880798794 44.7814912897 44.6740602811 44.9297904356 44.9677039632 44.7291834924 44.6590171343 44.7658158619 44.6767086861 44.7489929561 44.6546417246 44.7732384391 45.0616265438 44.5693122154 44.8387298744 44.9293834755 44.8083239341 44.6266228171 44.880816468 45.0393435661 45.1975515911 44.7171570112 45.1087920254 44.6130659233 44.6934209705 44.6034455037 45.0453727607 45.0612001507 44.6804977417 45.1826101849 44.6418769355 44.8474272062 44.5993494832 44.6471163255 44.5279381351 45.0726103545 44.6755748612 44.9409367651
44.8959918437 45.0975855012 44.5999412472 44.5346820097 44.6882586212 45.1036551078 44.9200573787 44.5504715207 44.8834319024 44.7062931391 44.6486424221 45.195187144 44.6792738238 44.6674267626 44.8979182677 44.9332001312 44.5934274135 44.8625830866 44.8246102153 44.7867387934 45.001067936 44.9092820557 44.6285297593 44.9104050964 45.1630411207 44.6448640333 44.9200089535 45.0200326755 44.5944033975 44.8531214888 44.7892155553 45.1231234052 44.9650548137 44.7595528352 44.6121016661 45.2050916417 44.6561290917 45.1875209025 44.8157150005 44.6491605954 44.980516849 44.6307286513 44.8398096325 44.6672679335 44.7156893489 44.9396557691 45.1823105349 45.0690286308 44.8340229288 44.9525354361 45.1560564774 44.8314619697 45.0582771919
45.1675785445 44.7109167126 44.689256241 45.197812518 44.8979922477 44.504303332 44.7665532044 44.8291254202 44.7875457643 44.7000290463 44.7024121449 44.8917977167 44.961867799 45.0710048271 44.7363542277 44.6575819135 45.0494678797 45.013880703 44.6897152496 45.1778120641 44.7447821259 45.0843688501 45.103123291 45.1010755268 44.5403825049 44.8048753088 44.7286004867 44.7760946669 44.8780324191 44.968265067 44.6504918583 44.7737475589 44.600934831 45.163324868 44.9769199124 44.5834053026 44.9395762048 44.8565971425 44.9450468837 45.0418293386 44.8053860605 44.9985987464 45.0077856416 44.8059654231 44.9824529466 45.1308568962 45.1336121146 44.5345628371 45.0796787186 45.1810179459 44.6283964467 45.0831879654 44.7530948368
44.7071180973 45.0983648306 44.8429494532 44.855280754 44.8347216567 44.9961812052 45.1027795265 44.5117503228 44.8734888493 44.8321786873 44.9027046436 44.7544111598 44.8649556261 44.6897851667 44.852761216 44.6804342389 45.0214922937 44.9497835466 44.7341004889 44.5564617576 44.5828869422 44.5932795156 44.8499113302 44.59985989 44.5426278688 45.1193137551 44.8123127314 44.888202366 45.1227167341 44.8873129107 45.0801157732 44.7332415663 44.6966385021 45.1457397607 44.70240788 45.1371236668 45.0425169589 44.748753398 45.1194368631 44.5066186991 44.5045016561 44.6119564071 44.6701508713 44.8196404021 45.1616071431 44.9420447641 44.5887287679 44.7163982049 44.7347734035 45.0531200368 45.037439713 45.124330326 44.7659663156
44.6892336384 45.0142839826 44.5966714156 44.7951335046 45.0916064916 45.1945738252 45.0008168326 44.5417521321 44.9731066749 44.712582966 44.7458804985 44.8447229408 44.5340995204 45.0289206516 44.9964507227 44.847982418 44.5448042167 44.6555964319 44.9620518265 44.6738555084 45.0114252841 44.5721671217 44.6821647245 45.0381384704 45.1211972517 44.6701747748 44.7715854906 44.5107770094 45.1815062751 45.1100902531 44.684728402 45.0461752692 44.5066984499 45.0069965517 44.7146097307 45.1680288679 44.9232685697 45.0718102511 44.6484823009 45.0292140142 44.7318275567 44.6726173036 44.9200650816 44.560600885 44.9297238924 44.6119523547 45.1488909193 44.5962298261 45.0627154059 45.0585539973 44.8995758355 45.2018593496 44.8523014616
45.1068633383 44.9286352939 44.8370810893 44.9064971026 44.8514284492 44.7142494478 44.7199906792 44.5694414475 44.8552046765 45.0981759671 45.0070111373 44.6085105977 45.010233957 44.8355317111 45.1816070659 44.9509136752 44.6956554802 44.7532553547 45.1070943921 45.0629913548 44.7339392654 44.8556086055 44.6864495007 44.6364670581 44.6407149701 44.7882747681 44.7090745154 45.1494630183 44.6787189663 44.7771103435 44.572240582 44.506074717 44.5574644853 44.5924524564 44.8454177731 44.7801467184 44.6448317272 44.7904183797 45.0464505357 45.0584622889 44.9976741388 45.0152244739 44.7419623103 44.5176921034 44.7146942589 44.8846948061 44.6895661618 44.7999877624 44.9394001612 44.6717121236 45.0250707912 44.7047772834 44.7305021986
44.7101739824 45.1867424515 44.8804903099 44.5528351639 44.897693785 44.6743051586 44.7708588644 45.1825156386 44.9757945023 44.7623515698 44.6586163442 45.0627598051 45.1491091631 44.8306587595 44.9036315552 44.7104371272 44.7570183047 44.7035461481 44.57624059 44.6835943704 44.8259733628 44.753097144 45.1339427041 44.5787051897 44.5330621828 44.6177563248 44.9312653015 44.7187118495 45.0788904257 45.0842781148 44.9770028451 45.0096669433 44.9899330809 44.7431645699 45.1157239208 44.9295312197 45.1308976216 45.063864783 44.8620534089 44.9315155808 45.0311425137 45.0323732817 44.6272792405 45.1233225484 44.7755139212 44.7111176306 44.6592920359 45.1166222209 44.7813132655 45.0686140795 44.8009532811 44.9208869566 44.8131441396
44.934648516 44.6946228376 45.0626174427 44.7949129279 44.5612975716 45.0690180194 44.934825456 44.8190399806 44.6931425964 44.5835685108 44.7730668744 44.7742808109 44.7407288438 44.610548972 44.5086947692 44.5175177797 44.6354902174 44.5817025298 44.6722573699 44.7673192674 45.1294643083 44.6607730444 45.1113030289 44.7546643038 44.7709893283 44.9556750526 44.9892624846 44.8859107248 44.7589339174 45.1747634032 44.5721020502 44.9774530544 44.9231622703 44.6664891633 45.0066799588 44.8997847728 44.8064200439 44.6651698673 44.9353426592 45.0238040287 45.0306950983 45.006740448 44.6634537908 44.5236752696 44.7297214317 45.1747386184 45.0160959174 44.8989454658 44.5692731539 44.5889983356 45.1278395171 44.6439079439 44.5542689422
44.8423071381 44.9268584388 44.8523122141 44.907222988 44.9674233499 45.0441953096 44.9167053467 44.954517433 45.1646273588 44.8362597443 44.5148234189 44.5660046874 45.0635368251 44.6432314985 44.6574579828 44.8758167592 44.5353341011 44.7584162755 44.7032223086 45.076442746 44.7795812854 44.5629452401 45.1473598044 45.059132064 44.5995616125 44.8314122474 44.7485520248 44.556625396 44.6517041316 45.1784606513 45.1807749803 44.7252368536 44.6973367576 45.0499314787 45.0894220244 44.5542204344 44.6823942587 45.1296347244 44.7158761661 44.8787571277 44.71279876 45.2062673985 44.9217440179 44.7471285939 44.6497652298 45.0305458595 45.0387763915 44.9363981716 45.0532906794 44.505828978 45.0537522884 44.9741616434 44.9512996598
45.098507145 44.5409354466 44.7435252941 44.5558607382 44.9560029018 44.6654452268 44.8686686701 44.7635057925 44.8429309409 45.0099106825 44.6659231462 44.7109460988 44.6050467199 44.9762414471 44.60311944 44.9578822104 45.1202141168 44.6832817516 45.0458931783 44.575509724 44.5202032419 44.6451955899 44.8156747182 44.9124141011 44.8443943329 45.1888676731 44.6516612625 44.7865032372 45.0043440537 44.9055474598 45.1021547976 45.1214766037 44.5531883117 44.8638641693 44.952082376 45.1649991428 44.9003573102 45.0234508273 44.8480885575 44.5095579207 45.1026426725 44.8623102791 45.1834198035 44.8434546329 45.0314695452 44.7453084017 44.5769757037 45.0823234623 44.8703126119 45.0042284406 45.072422747 45.0129039418 44.8380384519
44.7779519321 44.5475479684 44.703696887 44.9920811296 44.7006760622 45.0185463869 45.090625601 44.9055704126 44.741604827 45.1763918926 44.5930862858 44.9456040898 44.6305528622 45.1884193478 45.1018624809 44.7730252899 45.1791516416 44.6580137002 44.975250692 44.9153018258 44.9804750221 44.840082947 45.0861293779 44.6166396098 44.7034481956 45.1502273633 44.5777518685 45.0026706186 44.5422514725 44.6927784264 44.7342336191 45.0070886754 44.81408242 44.6148166249 44.6616195343 44.9532809275 45.1053064361 45.1021437119 45.0004795026 45.1922849768 44.935675262 45.0368800427 45.1991220623 44.983670868 45.0245955658 44.8726784156 45.117276879 44.5431023911 45.05199813 44.7365307459 44.6256754706 44.7024653563 44.73183395
44.8649103942 45.1918209878 44.5267364658 44.6798970774 45.0769894267 44.8248834052 44.9201834753 45.1596477825 44.7080518443 44.773487518 44.8930583505 44.98397499 44.6552927574 44.693096292 44.6599102773 45.1699142522 44.8937443265 45.1286165888 45.1305540337 45.1932610393 44.7879369595 44.6351133878 44.5126061617 44.6438517208 44.9463959527 45.0465818428 44.7159117595 45.1401016439 45.0951085756 44.582140228 45.170377709 44.8260115962 44.8542097251 44.586912465 44.7017293888 45.0135385845 44.9653006339 45.1143461817 44.7003798391 44.6299074317 45.1061287614 45.2015058745 44.8419967566 44.8649342232 44.9371981259 44.7457444455 45.1047338955 44.993348865 44.572366019 44.7957118679 44.5534534084 45.1689478968 44.8186978117
45.1736509923 44.5197108795 44.7297589844 44.9139151359 44.9409859918 44.6419138143 44.6201846496 45.1249687381 44.7838771464 44.9954714406 44.6549138478 45.0026221497 44.8429336755 44.9145631107 45.0982827181 45.0930129518 45.2063872077 44.7061025893 45.1519855015 45.1616926822 44.9583985548 44.6927277186 44.6080688649 44.6535012304 44.6291554887 44.9616937518 45.0280338339 44.6423244285 45.1201419752 44.9132069513 45.0898293788 44.6203964398 45.0013814361 44.9179701186 44.8053171526 45.0415369521 44.6390882216 44.9610036428 44.8341121783 45.0049597347 45.080241022 44.7315650947 44.8042975519 44.9474035464 45.0383141707 44.7468440714 44.5553522609 44.6193816042 44.6453967242 44.9816615478 44.7543897706 44.8203728001 44.9237095378
44.8317765744 45.0005902548 45.009011523 45.1980080027 44.713987232 44.9758222847 45.110101087 44.7464962894 44.5577851039 44.6733735455 44.6180575496 44.5455505297 44.6298673404 44.673486561 44.6272281751 44.7655822861 44.5594852474 45.1685528455 44.6886290966 44.588151133 44.904866567 44.6719289552 44.5440649752 44.7545129596 44.6080171743 45.0113573781 45.1947898607 44.7709525212 44.6222376099 45.0500274264 45.0458544653 44.6751762424 44.9070269999 44.7330588999 44.6527007494 45.1591232638 44.5517642482 45.117780109 44.572342072 45.1689009246 44.6023179026 44.6006629376 45.1825707393 44.7806060595 44.9721001372 44.8783612107 45.0291352691 45.0484700511 45.2035835744 45.1745433066 44.6578086601 45.0795912385 44.9484037524
44.5450211778 44.9511550516 44.8843960667 45.2029396193 44.926971949 44.8966204344 45.0804156878 44.5701251308 45.0218296823 44.6747743073 44.6010193851 44.5946298667 45.0095398038 44.6053966767 44.7627304307 44.6299700187 44.6542229207 44.9725946348 44.6960858956 44.7979239091 45.0571686058 44.9186765108 44.9378854101 44.9762403249 45.001630793 44.8921479545 45.1399636238 44.9079388876 45.0504751046 45.0717738773 44.8067775353 44.710817885 44.8467998023 45.1303932991 44.6890702331 44.9197064519 44.718826797 44.9109056271 45.1980662867 44.5405091391 45.1986603137 44.706319415 45.0562058451 45.0306127219 44.5540580285 44.908848236 45.0935242928 44.6303162986 44.605155604 45.0290628355 44.8066740014 44.7128324228 44.531969788
44.8532110835 45.0725227803 44.8754957351 45.1287298687 44.8060513374 44.581826101 44.7722331645 45.0817431574 44.7392584637 44.9288035187 45.1199525092 44.9788994264 44.809904165 44.9145179 44.9084467769 44.7466637278 44.8058234645 44.9015172414 44.6865241476 44.9662301246 44.6868093447 44.9946881561 44.7358372623 44.889884611 44.5889882177 44.5398934984 44.8175662 44.7123721046 44.7840262869 44.8541270209 44.9777505695 45.1433331956 44.8685083767 44.8959342496 44.8752123336 45.0463558068 45.1165836949 45.1617469315 44.6108049264 44.7127385044 44.8942407785 44.9657708079 44.7559212905 44.7408579909 44.7289225192 44.6796349807 44.872089568 45.1538091643 44.6126221168 45.1732857209 45.1723768137 44.7852880464 44.6626437923
44.5309317928 45.0589750444 44.963678643 45.1180188813 45.0107444308 44.7050084229 44.5350048754 44.8392284949 44.7299844679 45.1207005187 44.6018417834 45.2015895445 44.7848158849 45.204438736 44.7697276948 44.5565356638 45.1924334448 45.1919299708 44.8628817668 45.1616067907 44.8653337206 44.851563619 45.1217823106 44.5526364881 44.8168370107 44.92884838 45.1247302239 45.0009710044 45.1359073684 45.1975808891 44.8576837276 44.7492535691 44.6434140483 44.774143172 44.6148937981 44.7913046291 44.9489654992 44.7639555299 45.1064445453 44.7881803035 44.8954977975 44.5782114297 44.9346794888 45.1264156021 44.9458043106 44.5336716253 44.5440273354 44.5801694862 44.711226184 44.8618581755 44.8687823171 45.0963426328 44.9364775855
45.0747615896 44.5332089125 44.829328433 44.5919700813 44.7545794301 44.6807036112 45.147892393 44.7223707815 44.5300137375 44.7441739756 44.9154825136 44.6694047276 44.9803190226 44.5465669671 44.9188467335 44.7321932234 45.182069105 44.5738441263 44.686833733 44.5911071856 45.2067875099 45.1911351557 44.9643694035 44.8539920422 45.1850828113 45.1357966408 45.1442062487 44.7911629538 45.1489520853 44.7065653751 45.1796684781 45.1878632149 44.5626476458 44.8458945541 44.6519802393 45.1550039241 44.7279375468 45.1336112232 44.9356564889 44.8419234419 44.5801818706 44.8016317065 44.6178779231 44.7628160708 44.5934020751 44.8976826008 45.1739387064 44.5181924869 44.8044460294 44.5457394892 44.8858083971 44.9331876569 44.6490079389
44.8874498784 45.0544403816 45.0621597598 45.1870056009 44.8333196909 44.997785883 45.10472792 44.869554071 45.0932645702 44.7984473161 45.1511054274 45.1590350169 44.7330178987 44.6160640708 44.824390898 44.8373151557 45.0195316749 44.7197204703 45.0362938127 44.9489105449 44.9178909756 45.0986545668 44.5231959368 44.7591478662 44.8078345206 45.0203731909 44.8489187201 44.8908009925 44.9823285965 44.9891287862 44.924630928 44.7782888324 44.5373861045 44.5730982687 44.6954639987 44.6463460579 44.700531136 45.0996007651 44.6471914356 45.0625180675 45.059046963 44.683521976 44.633500556 44.9394800934 44.5144488489 44.9826285562 44.9204827574 44.6041771262 44.8867402355 44.837107562 45.074352017 44.532724675 44.5411071256
44.9198902311 44.5766486138 44.7332001627 44.8600382584 44.9127766676 45.1456024474 44.9484016605 44.8354166259 44.516869496 44.7787394507 44.6011768324 45.1594500969 44.8012279868 44.5653758868 44.511266246 44.5316048484 44.5386016363 44.8986401996 45.0369782896 44.8993783607 45.0597074485 44.8580446455 44.9755529614 44.6161779331 45.1843876301 44.6524332778 44.7636498386 44.5162817949 44.6346233109 44.8037523376 45.1021029444 44.9840300152 45.1998440503 44.509226299 45.0005323998 44.977975633 44.863608718 44.5165111154 44.5713030253 45.0974918552 44.57179029 44.6668108087 44.7415370879 45.0425911308 44.8166540956 44.818220744 44.9348091332 44.7216198256 44.6779300877 44.5163272136 44.8434149657 44.8266429806 44.9884183598
44.7380343669 44.6369856012 44.7794180383 45.1043833068 45.1724384424 45.0085769044 45.0438404988 44.6396041645 44.8112622292 45.1806153451 44.8200980992 44.6460485636 44.9550020912 44.8210783042 44.8559685945 44.733620918 44.9497929841 44.8891935585 45.1821677832 44.6358140558 44.7752255533 44.7803263356 44.5003840913 44.5278158364 44.9553498817 44.5192221123 44.6714751773 44.9269452305 44.9343902034 44.7029545037 44.5587934059 44.9289853581 44.5999154183 44.8351062645 44.6581902877 45.0136010224 45.0139902843 44.6981653554 44.7653882287 44.8308853489 44.8824373742 44.8167995336 44.9346271664 45.0015082124 70.2221524426 44.8956101263 45.087614227 44.9849571111 45.1981648192 44.9546734156 45.1035150809 44.5108315157 44.828396295
