Spatial_Output/90% DEC/90DEC_0660.asc
NCOLS 155
NROWS 192
XLLCORNER 196769.923733
YLLCORNER 449719.875193
CELLSIZE 27.603701
NODATA_VALUE NaN
[rows 69 to 91 of 192, columns 0 to 52 of 155]
25.6317921216 27.5242257583 28.0462305477 28.5424349229 25.2282857913 25.5786418972 25.2908307311 27.2012067454 26.0386753505 27.4745122427 27.3042666596 28.2247666661 24.7263196147 26.2981114416 27.949298853 27.0764877305 26.3413108757 29.1182513887 27.4665006397 25.9265287445 25.9452355557 27.5561358449 24.8539123383 25.9617223283 27.3075554326 27.8447679334 25.5886617936 24.8111311429 25.0301690419 29.2104918528 28.7740543223 29.0425493568 28.4208438439 27.0067773163 25.4244092959 27.4931814402 26.1762373654 25.5520518248 25.5225277519 29.0009932113 26.833228522 26.3602617821 29.0805667356 29.392453777 28.4179478406 28.3685500031 28.1180684009 28.9348652119 29.2134254847 25.0309743279 26.2641476138 25.1115639744 29.3052720989
26.139183672 28.786386964 26.1406170466 28.0379096403 27.6852088797 28.116116952 26.5248943452 28.5512977539 28.6814866306 25.2196257217 24.9609941434 28.8069105484 28.0763199768 25.0720025444 28.1302805631 28.4218095756 24.9905994468 29.1450434403 28.6198828622 25.5455799106 26.0600544444 27.4153577517 25.0336759284 28.8214939723 25.4850797664 29.3076509154 25.9514073616 27.4067675448 25.396617903 29.2495754937 26.9597175485 27.1315997448 28.3298259575 26.0382008262 29.3762930114 25.9356550082 24.9359038268 27.4108548096 24.907449928 26.8033172569 28.6103156712 25.4759729116 27.8070881848 29.1087296223 28.3780625184 28.1687534631 26.7850118173 28.6620716688 27.135302522 24.9719793571 24.916187517 27.4656736164 29.3060913541
24.7305824496 25.3928336762 27.6222754593 27.9784914242 27.4459347269 25.7761210528 25.3866005666 29.0440888049 24.5762081371 24.6423753379 28.0424287306 27.1387757521 29.2194715485 26.7914977602 25.97736126 28.8721113848 25.2074482268 51.1968300062 51.1968300062 26.1130320663 25.8496183461 26.1742821358 29.2786177861 28.193106507 26.9095000375 29.4176654681 26.6544785135 25.2935973783 25.7545684271 25.9551609944 27.2884541638 24.7387525626 26.093396558 28.2097304234 28.0869577243 26.049498226 26.5411848503 27.153449327 27.3285840068 27.5037376316 25.5941955076 25.8188519905 25.6045838009 28.8423853743 28.2253046181 28.9234899691 27.7721218843 25.1765542938 26.8453519996 25.1911639367 26.8381603687 26.0758545427 28.5087008284
28.0280194774 25.1043617248 27.0481150633 27.5241713236 29.4481579429 28.0391776849 25.3594958421 28.4357598573 27.2539946278 24.9634555735 27.2167889107 26.4884413215 26.0771741163 27.8005209212 27.9633992045 29.3041223107 26.4601997306 51.1968300062 51.1968300062 51.1968300062 26.3743959736 26.0904174766 27.0956045079 27.2161525552 27.9253007689 27.1551049889 27.2678972745 26.188636956 27.6746894185 25.7210320243 25.3136964815 26.4303879247 28.4098573319 24.9876369551 24.5667520116 25.5048178593 25.9546390304 28.3905673176 24.7615465229 26.6949358511 25.4688340059 28.4746427066 27.5775981592 25.4220979171 27.1823272186 29.3222297693 29.2382731056 28.7941617826 26.4108395735 28.0883675737 28.8317074276 28.8735325147 26.9392703096
25.9503933188 26.1748566693 28.7857674655 26.9719555931 27.4526836839 28.6936770477 25.7555302392 27.9758434897 29.2910328095 24.7724908216 24.6063349079 24.8667268034 25.4952207714 27.4193315257 26.3455206324 26.7673311448 28.9593361153 29.2250055526 51.1968300062 45.7622209956 28.3400188057 28.672002523 28.3389379972 27.741748044 25.5844363011 25.1201036472 26.8652508608 28.2388728817 27.4599956843 26.2461118453 28.9638921694 25.6942827516 25.2465504642 26.4576311734 29.1966793906 26.3946308926 29.2010958341 29.0002218398 27.4299878718 27.9102433122 26.3149127614 28.6693029559 27.7901488494 29.230930507 26.0003937823 28.7011217334 25.0083803632 26.8451841322 28.7058533138 24.7888909092 24.7624183187 25.4979085367 26.9143714048
25.858022109 24.5170130247 26.5161812631 27.2169530884 25.0864019784 24.9807499855 27.030936204 25.1822370475 28.3657975489 24.5966550715 27.8373405718 24.9774487849 28.2384075607 24.8494245093 29.4357731057 28.0652311691 25.5071590269 25.3732699159 65.8738706043 65.8738706043 25.4667607508 28.8361095617 27.3483269787 25.223413545 24.530528428 28.8540832892 28.4193730904 75.5886186107 75.5886186107 28.4594929452 17.9846114135 28.527750062 54.5906483556 25.9584281646 25.056107125 27.7813968135 26.1618623653 28.0735952885 29.0147415507 26.2620853307 25.4966507245 25.783470509 28.0207745278 27.166808025 26.7401278418 25.3216969962 27.6259150171 24.5252749208 27.0749236208 29.4329323751 24.6959508288 24.6694305822 26.4991293976
27.2768724191 29.4400291026 25.801163849 29.2819922215 25.9116011878 28.4149947573 29.0430725484 26.6794380877 27.6951072721 26.957598327 28.3480001967 25.2241356459 25.5454869519 25.000261181 27.4209439847 29.1542803811 28.5336962791 27.6110807889 65.8738706043 45.7622209956 29.2192712315 27.263801583 26.8726122658 28.4482709517 28.3859878403 27.5704132882 28.3743784656 75.5886186107 75.5886186107 17.9846114135 17.9846114135 26.7300899656 54.5906483556 25.113973114 28.1831597898 25.8128108778 29.0135219477 26.1557692746 24.6115171409 27.7805545285 29.1345104225 28.9432190392 29.3157067277 26.2743341825 25.5933477616 28.953699729 26.048857795 26.4739103173 26.117001648 25.764701441 28.8472470385 25.3987124558 29.1861702474
26.2919212691 25.5214704102 26.755178418 24.8465256763 27.3160826428 29.0348347721 25.0830484089 26.152936354 28.0965192253 27.295167912 25.1396825504 27.9559616203 28.7144471436 28.7481901112 28.87184888 29.2548383889 28.8396391015 28.311886476 28.4501906881 45.7622209956 29.0874845959 29.085461859 25.953777136 24.5096919849 29.0937527871 27.8807250085 26.9513805706 75.5886186107 75.5886186107 17.9846114135 17.9846114135 28.5777210696 54.5906483556 54.5906483556 24.5778342998 26.888197273 25.1455610853 27.4484917716 28.9894927049 50.6718963741 50.6718963741 27.8754930602 25.4858359217 25.0546242785 29.0147275197 24.9817664246 29.3728364196 27.2041657827 24.581238547 26.1249483457 26.8108476507 27.9767519808 25.5149712841
27.1574411038 28.77315602 24.5047102615 24.8521922797 26.7257630967 25.9744229806 27.774730742 24.9307178793 24.7375947194 26.2695370361 28.4798940182 24.5015250541 27.3682658249 26.5291316222 25.3031130802 28.5936677026 25.0293587201 27.3577704654 27.8012330016 24.680361542 29.2914992008 27.8818934573 27.333909841 26.2807582254 25.6265121152 28.0341488993 26.5009090161 24.555320544 26.0099132648 25.6756154948 26.5902107197 26.7245877445 28.6283807065 29.2603342945 25.532312284 29.2937377653 26.8366499134 25.9717062651 29.2951545772 50.6718963741 50.6718963741 43.8458473397 29.0514974023 27.5284781812 28.6700857098 28.2614682166 27.4544685576 27.3689661677 27.5343322285 27.8512190083 28.2972552127 26.6732778879 26.9996387399
25.1401165774 27.963654869 26.6596087761 25.4945719257 29.4080684594 26.0602488606 25.2042886961 25.0497929112 27.0433495893 26.0129332203 25.7639734981 26.0462386353 26.7040730001 27.7690504419 28.0801758423 29.1768611188 26.4553302426 26.6481053324 28.2011195497 28.6190090986 27.951512692 28.824476654 26.1025140793 25.5923070648 25.3771646196 25.7388063886 27.4861248762 27.2742712104 27.0414780275 28.2640615761 25.327502763 24.5476840182 29.3090796725 25.3984584255 26.282542258 28.2528067558 27.050116535 25.5217151285 28.1607089544 28.5351392387 43.8458473397 43.8458473397 26.2393917899 27.5975331038 27.8708511193 24.9536100061 25.4042322833 29.4131492161 29.2183536826 25.3015200969 26.0860816828 28.9260233486 24.5772983424
28.959649661 27.7655990389 25.2286952807 29.3551905232 28.4293360024 28.7427583848 28.9254879625 28.8409816591 26.9406565462 25.39286785 28.4726049328 26.0136932494 27.3098684117 28.7095236043 28.1932076225 28.0719742938 27.5969755265 26.6414425121 25.7396585713 25.1050739486 28.7520857011 28.2588679357 25.9850980292 27.5504617278 28.6786750149 27.2455426345 29.3589456825 26.083942342 27.4927637739 27.077669373 27.9823610381 25.0628014164 25.4661426492 29.3624905199 26.8179594493 25.0737780957 26.4669784638 25.5114055001 26.8739414976 27.2512742601 27.1901063897 56.9226784041 56.9226784041 29.3378870742 24.8282948839 27.6695951821 25.3495880685 28.1761081927 26.7236825097 29.4188012988 26.8247154177 25.9445204684 26.1152298051
29.1505852826 25.7702318659 27.8691704328 25.9171133112 29.3751703551 27.1458518104 27.4161313211 27.082120283 28.8596421117 25.2619529074 25.9730353609 24.631658449 26.7419500451 28.1544766778 26.6036221205 27.1310003666 26.4245736968 29.1166798621 28.8743317799 28.3075192897 26.0167776348 27.4888822975 28.6827849146 26.5516579538 28.3987763165 26.5679924267 26.787983772 26.6775277317 26.3418429851 25.3279485924 25.68913655 24.5277622341 25.3517874713 27.967020128 27.3978204292 28.3487045954 26.0581052879 28.8085129189 27.6085361094 24.6290142403 27.4336131656 56.9226784041 56.9226784041 55.0501117572 26.6721622395 28.7615616168 24.675100658 24.5070084574 24.6767524333 26.0940385196 29.2722338831 24.6376392364 25.2789320311
28.5909553265 27.3204416368 27.7354716306 25.647727091 29.3594232305 26.1921094724 27.1652284869 26.1973522137 25.7783571886 25.5494610113 28.4143038406 25.7877620091 28.0503617081 26.0021029872 28.1818013933 26.1997497882 28.2712360533 28.711908714 26.5417228355 26.6377319232 28.4638605963 25.3799692249 29.2938576446 26.4858484546 26.262951801 28.7570312776 29.2852867464 26.8011924975 26.480742229 26.1557401387 27.0803298108 26.8147831712 25.427387118 25.4247537057 27.8574204706 26.8859053767 26.2255431196 27.7753100527 26.9191427563 28.8109262072 29.305349915 55.0501117572 55.0501117572 63.9801165497 27.9813638512 28.067155059 25.2563913589 28.4746496983 24.5916218544 26.0371595763 29.2999398957 29.2302265517 27.3610056022
28.6619128702 26.5211417102 25.2077596871 26.4620180398 26.9115802505 27.2039122522 28.7742334426 26.7372752883 27.4650856231 26.8236310992 26.1400355034 27.387534204 26.8770496574 24.7627153827 28.1170438828 25.3541849422 27.9621921979 29.3369900445 28.7246115283 27.0675609606 27.1379874237 28.9873870638 27.0348363289 24.6038685285 25.4136607913 26.7207647201 27.548700358 28.2326899995 28.4083379828 27.7116809357 27.4019686924 26.5311524972 26.0451079661 29.2022807221 26.3859167589 26.1755443191 28.4301386546 26.2434696917 24.5464005288 26.4856010947 25.7311588858 28.2776667275 26.667384499 27.3196032482 27.8312537667 28.0615221879 24.8941163651 27.6973874967 24.9531384854 28.5403408252 27.1797672885 24.5736200427 27.8857613397
0 26.9028006599 25.2700863732 26.4258726485 27.6625638704 26.735544213 27.9301291633 27.4619155109 27.4490183065 28.6549399303 25.9720448198 25.755602682 26.989938579 29.2189503604 27.9678469353 24.8014260061 27.155731987 28.9070096803 28.4959462375 26.4424064992 24.5543029718 28.6350380327 25.3852182991 25.4243907957 29.1118158903 25.9536305906 26.9095658615 28.139014244 25.081289762 27.6739068576 29.2556125997 27.3555870248 27.6762368599 28.0854286891 27.1381433504 25.8428988253 26.0366378508 27.7587926031 24.9770830913 26.4112065462 27.3424485288 25.8924842602 26.9246414765 28.3445963944 26.7922874544 28.5857839057 28.3898127787 28.8699934396 24.6651941968 28.5533780916 25.5637101246 29.1589683223 25.7925380627
0 28.4945274974 25.5622005122 24.6752607374 27.505966577 26.9855559191 28.3582234696 26.2626560641 29.2572931089 27.1142834806 25.6879479366 25.9451533469 28.3747622337 29.1658598277 28.8861861886 25.4468129236 25.1144304888 27.2928743186 26.0014593522 27.4776255651 28.6348653998 25.8643004802 25.8578312899 28.2502435242 27.0475020027 27.1245605838 26.2309161938 26.5661751665 25.0199627992 27.7546221506 24.6229534933 28.2029765092 28.8304979577 26.3922164339 27.1361040471 28.0397953675 28.3948406577 26.3643616906 26.1912175327 27.3754007982 27.7692714992 27.6014040315 28.1764774935 27.1685135825 25.5816176479 25.6049178568 28.2697788544 28.3500268389 26.4038287565 26.0893912855 26.8986729727 25.5637946336 27.5655363077
0 26.2117748286 27.0192244071 28.8499920161 28.1592213972 28.9974117071 28.1361005135 24.6719313199 28.0335266765 26.6112046409 27.5344011559 27.4466835469 24.6175252513 25.4292255294 28.107943458 26.2591833566 27.8084480328 24.8745834062 27.4323052174 27.4972332954 29.3848041256 26.8337511936 25.1711252487 27.1022886539 28.2558001019 26.0074497433 25.6108655179 25.2781128968 26.0112477203 26.0785333672 24.9110570006 27.3446979934 26.8722838493 26.0757685099 24.917901745 28.2519526955 24.8326703154 26.0877514587 27.9371919117 27.7374792733 24.9675634261 27.6465110451 25.9411020263 26.6148457046 27.7721327271 27.9528616106 25.4400215263 29.1655254911 25.3046516692 25.7627089997 26.6373853769 28.6363998587 29.0342736752
0 0 24.957464949 25.1208456312 27.7485678822 27.7225027952 25.6799980479 28.4130260124 25.5597855163 24.9408438865 25.6464945839 27.9651051109 24.7106872549 28.1091491118 27.3343238012 28.24008615 27.2205207928 26.4886754352 26.4582754904 26.6096339125 24.7365499786 24.711280338 27.2897507259 28.3483273643 29.3203612799 29.3897800555 28.9237006167 26.8809591374 28.336511526 25.6796791126 25.3175799063 25.3253283203 27.0413699584 24.5297623013 26.4976908628 28.9164891125 26.579298357 29.392455475 27.348000426 25.1222136121 28.0356732357 28.3507506712 27.5379036797 24.8089055969 28.2284726198 25.2617323599 25.1401429464 25.9267255936 24.5011756155 28.9999132518 27.2926310694 28.2403862534 27.1454039181
0 0 0 28.5810206607 26.2686628156 24.7512443018 25.8793185786 26.0542224363 28.4345204376 28.987188923 25.8656523334 25.6425818775 26.8178896732 29.101449688 24.7070724416 28.3982179151 26.3365973307 28.8070785971 27.6030438228 26.2304118818 25.581959719 26.4365807393 28.5555720503 25.6368754488 27.6864711301 25.1108052552 26.5370382286 25.7998891496 26.9909093167 28.4308338538 24.6010159471 27.8459019276 26.6057327368 27.3562557522 27.9000249799 25.7745521668 28.5715648111 28.8091609091 25.9562704837 27.0792671805 25.9961837445 28.5480758868 25.2064500024 26.1630545258 26.6145814455 28.7258368433 28.9971213849 26.7251815852 25.6635693493 24.532230026 26.639351676 28.9688445876 25.879228967
47.9512433609 50.4942219067 37.3479996178 0 0 27.56576309 25.9494922184 27.8137372717 28.3546625576 27.4902051942 25.6471973377 25.6458687715 26.7974393435 28.5162738607 28.7729475975 25.3881817888 25.792963223 26.470324064 28.0790148723 26.4610971915 25.5724395941 28.7806845778 24.6253764239 29.1810392411 29.3403780874 26.1431738844 26.9254389899 24.6075749651 29.3536663552 28.2688394805 28.192793908 26.4778826776 26.053904313 27.0679475722 27.9481951995 28.5861550771 27.070313447 27.4428721017 25.4391228447 25.8257064889 26.7851035146 25.792744274 26.7016580689 27.1747027964 24.8494790634 28.2164296823 28.0306698683 28.9494596385 28.1721622597 27.1149826404 26.6759763884 26.9690599569 28.9610246191
44.2892922698 48.7005518061 39.9277407233 0 0 0 28.0351077843 25.9365840186 26.337194745 29.1162679286 27.1554499656 27.6277019225 28.6596543363 27.2697771272 24.7393632702 28.2099891827 28.6960376748 25.677519902 24.6658718564 26.7514852305 26.9658373896 25.8007519293 25.5979756105 28.8222170692 26.2180126048 26.1109644755 27.9005794376 25.1915803133 25.0045809042 25.1203440689 26.3505326026 25.5359908363 26.4368148535 25.3412727547 27.8338562991 27.5227714799 28.7626809536 28.2955785439 25.7691701057 25.589841746 26.4798011007 25.1671489659 27.5172296047 25.437301243 25.6304101766 29.0059755795 26.6526956753 28.1945668131 29.1657996621 26.1164490202 26.9962441827 24.868196211 24.7674789984
50.206901482 41.5008865792 38.4168245605 0 0 0 25.1502570057 25.77152425 25.2405540609 26.5206562075 27.0034812441 27.2003012269 27.0850120163 26.3992217799 28.4825565998 29.3334235554 25.8602386047 27.5735909015 26.3077674576 24.7226049187 26.7565016275 26.4637550271 26.4535498321 24.5772467341 27.60906544 25.0015588257 28.5081000127 25.6476305652 25.6664572938 26.484391313 28.4817381074 29.1184867244 25.7308488656 26.9606910015 27.8923402094 25.4058181773 27.8138800424 26.1444293245 27.2506409777 26.0626402763 25.1689755817 27.4469569215 25.8674213799 28.6401139477 28.135891155 25.8818484041 29.2820248576 24.683691161 27.292734976 26.6316516879 25.9192506944 28.6206568771 27.8321345188
0 0 0 0 0 0 25.2735362338 25.278414829 27.3679179719 25.648047946 25.4686465299 28.443496916 28.3321613965 24.73711351 26.8706176802 27.6128267459 25.1048736418 28.7121191286 25.8795356248 25.2039259874 26.9401042326 25.6857403492 28.79562895 25.7553351056 27.9672154485 28.4693332758 26.8361366614 27.1383220308 24.9015335223 24.8331475733 24.9640946012 28.0305244195 25.2384220324 25.0389056544 25.4908492513 28.6223806503 25.5784879677 25.6621241542 26.513464215 24.5126151519 24.7242357042 25.9515374789 28.1213528852 26.7591791966 28.4148728601 27.9066564978 28.2615037585 28.6058659054 26.1680936462 28.4173763748 24.7355129226 24.9345842961 27.5550630701
