Spatial_Output/90% DEC/90DEC_0978.asc
NCOLS 155
NROWS 192
XLLCORNER 196769.923733
YLLCORNER 449719.875193
CELLSIZE 27.603701
NODATA_VALUE NaN
[rows 92 to 114 of 192, columns 0 to 52 of 155]
0 0 0 0 0 0 0 25.2290526224 24.5226082987 24.6116415187 23.839817947 25.3109838381 24.7967152471 25.4892486435 24.8390213141 25.2633865666 24.1560792598 24.0072298771 23.5745769465 23.6399983859 24.6216410708 25.5015177991 24.3460816854 24.6271969017 24.7670947308 25.2987276949 24.5675021592 24.3014492947 25.564830195 24.8220598645 23.5681028873 24.2017926679 24.3653585149 24.7069033876 23.9340717606 25.1606296959 25.2227918612 25.120416888 23.7655228115 24.4199968151 24.3864355348 24.6650338016 25.3114201186 25.5072114179 24.3677365355 24.1193356927 24.6338824896 23.7630912882 24.8371291045 24.6478030532 23.7462432545 24.2060698383 25.5737488274
0 0 0 0 0 0 0 0 24.4548665505 24.8908180552 25.3982926667 23.615015076 23.8438572202 23.5525280885 24.9822457403 23.8157953126 25.116912229 25.6120201969 23.8540761691 24.9433572268 24.7447666875 25.2134703837 25.404844529 23.994243969 25.0843905096 25.5548924201 24.5800885498 25.4067946627 23.7868544217 23.5297459043 25.12977969 25.620313637 23.8232338073 24.7757191818 23.9325838625 25.5601334207 25.082334639 24.2717821442 25.2554475502 24.4866891133 24.0773285473 23.9173478309 24.0076964442 23.8749454342 25.0922980801 24.8360114508 23.880677179 24.5633333802 25.0238060655 24.3107158449 24.9366359163 25.0276391496 25.0728306264
0 0 0 0 0 0 0 0 0 0 25.5707168524 25.1404786578 24.44222423 23.990048229 23.7635246378 25.2129757274 25.0433158482 24.6525591186 24.2764034567 24.8060849159 23.9852328394 24.5241984582 23.5970583128 24.9142812954 25.1164524002 24.4775599899 24.4240112733 25.6117824308 24.5342314687 25.4311710066 24.1071572184 24.614522498 24.8029965664 25.383262754 24.4424195736 24.4155103522 24.204086403 23.6224006986 25.2280429266 23.5778615924 24.6449672745 25.0952442504 23.5956422695 25.1535515228 25.0682970052 23.881091184 25.0565826842 24.556964665 24.9014554154 24.5730750134 24.7778477297 24.2541301739 24.0924845817
0 0 0 0 0 0 0 0 0 0 24.0206652262 25.2869349151 24.8055578952 23.9122188787 25.3384582995 23.6507716892 23.7305770076 25.0083971658 24.3027859171 25.5756175483 24.2004570713 24.7529855568 24.3452579061 23.7759885868 24.1001098594 25.4622449299 24.7950780038 24.4983007391 25.5874657366 24.7064673015 23.9394757424 24.7241278577 23.820243057 24.197960315 23.6940846108 24.5455764166 23.9074477041 25.4514810835 25.2313991244 23.610323411 25.5689509805 23.7695666668 25.4591624067 25.2025773661 25.1540277652 23.5063777703 24.2956052245 23.6652048832 23.9893178786 24.8300715852 24.9415498842 23.5849208048 23.8503298801
0 0 0 0 0 0 0 0 0 0 23.5102472133 25.6116118912 24.6441001813 25.1669970453 23.8029228921 25.295230989 25.574618152 25.5221533747 23.9393604975 23.9003031106 24.4293152851 25.1770369561 24.2501637116 24.0585847065 24.6266547606 25.5793668406 25.5581834347 24.6447022072 25.4062936428 24.1811313604 23.8572572107 24.7063695475 25.0976869715 25.3928539819 25.1773312367 23.8402238508 24.770005825 25.3074602412 24.4387080055 24.1259225292 23.7880578025 24.6100192539 24.3800249473 24.2470243844 25.1956204002 25.1439346737 23.9397439307 24.9524294603 24.8523073684 24.4865489896 24.8002867589 25.5896735409 25.5803385523
0 0 0 0 0 0 0 0 25.2937181171 25.0749809792 25.3354223052 24.7899203102 24.3450187226 24.2152236409 23.5804667291 24.545887571 25.0733304292 24.8455735866 25.6207762795 24.8173954775 25.4309171938 23.6321422782 25.389447842 24.8616707352 24.5299092143 25.3103316492 24.2088539333 23.5873038401 24.6101601701 25.5475559986 24.7757161744 23.9916274784 25.4081511383 24.3795178072 25.2945526703 24.6197884965 24.6344592951 24.8667208682 25.3645030295 25.1759180185 24.8737225891 24.2412780099 25.6014844923 24.9196865981 23.8233938498 25.0108778859 23.64931878 23.8788301589 25.2454479273 23.9652593313 23.5691454088 24.9469722032 23.7931982677
0 0 0 0 0 0 0 24.786287991 25.3503725101 23.9623204876 25.1933338667 24.9137546678 24.159984036 24.6047900111 24.5331354722 24.739921155 23.977243649 24.4117077493 25.2025898919 25.1841125068 25.5131506975 24.6021292359 23.6505175431 24.4498240752 23.7500367163 24.5091427517 23.6457722555 24.4376577768 25.0690471491 23.7110833609 25.0478493141 23.648707706 25.2154565004 23.7518559345 25.3015984225 24.5474399597 24.6580256894 25.4612665289 24.5991639298 23.7674005098 25.5954469303 24.0637945955 23.9389069638 25.4073462367 25.0635125824 24.540344592 23.8345891539 24.6839092935 25.616921457 24.9031006481 25.3730432069 23.9117238353 25.5523081562
0 0 0 0 0 0 0 25.1805776937 23.9513020676 23.9505437607 24.1886698723 24.5752706987 25.5833770793 25.31382313 24.6259787045 23.5497160689 23.9421332056 24.849297457 23.5711581459 25.4531979906 25.2834614065 24.0867449193 25.4599164812 24.1935957253 24.161129046 24.1714179041 23.6443838995 24.3549344694 24.1571015203 25.232630902 24.3840390367 25.2720448376 24.7904672713 24.7049981226 25.1916074683 23.9917587522 24.0108194276 25.5849372464 24.1543539495 25.3693188277 25.5122656092 23.6183158426 24.0459268234 25.390494333 24.7313704575 23.7290743674 24.3915915312 24.194010256 24.8147091191 23.5406828526 25.4180528669 24.968115307 23.5885903785
0 0 0 0 0 0 0 0 25.1231625176 23.8570869492 25.2011195214 24.8084622258 24.1212528258 24.0765725746 24.4318443901 24.2162338944 25.4469550302 25.0440791471 23.6182820742 23.6048806822 24.3906211212 25.243110313 24.1840944714 24.7232989453 24.6545562022 24.8729219803 24.8257172766 25.5975522805 24.1420167135 24.5524700061 25.2007295951 23.714153547 24.7978484458 25.4131784089 24.631108919 25.3812299746 23.6035448242 23.6210799715 24.1301683213 24.8259234231 24.0069417472 24.3604009685 24.2017224341 25.2899412101 24.1746172243 23.9110404205 25.053324559 24.046277123 25.2374289455 25.0666956618 25.4084929596 23.556594059 25.4614328763
0 0 0 0 0 0 0 0 0 25.3412978927 23.9163712196 24.4881673595 24.0523216154 23.9166523139 25.574320924 24.4124312696 24.4664853186 25.2300913376 25.4911406551 23.6333053894 24.5440940706 24.4521266591 23.7219006298 25.2525924751 24.0616627792 25.4105381476 25.011838613 24.773383441 24.9088476116 25.3325062558 25.4855781064 24.4442233671 24.1851433325 24.2592774878 24.9494969282 23.5396325785 25.1043384631 23.712828132 25.5483493968 24.5526708065 23.6295138541 23.5336898066 23.9379903022 25.2994827387 25.1495790066 25.5741180149 25.3962931665 23.8198880383 23.8963197619 24.3001702487 25.2321539826 24.7555985693 23.6729332719
0 0 0 0 0 0 0 0 0 0 0 24.0434235284 23.9458626291 24.7236596851 24.0124365024 24.7614985261 25.3169089344 24.7992917211 24.03761042 24.4984323452 25.0005222546 23.8048728425 25.3498352249 23.8719298876 24.1896109007 25.6108923206 25.4803397568 23.5696329374 23.6819959142 24.63433978 24.195509471 24.1954886465 24.1244983648 23.6672635172 23.6609757897 25.5907776163 24.3940550943 24.1492856556 25.017599176 24.2663080261 24.2069628242 24.2214599532 25.1799125333 24.8804427357 24.113991646 24.1536570781 25.6185182212 25.4074592959 24.3213974579 24.2833903863 24.1677144894 25.5378432429 24.0043530724
0 0 0 0 0 0 0 0 0 0 0 0 0 0 24.2870976389 24.5300808309 25.5669459385 25.6116026244 25.3399177893 24.3564453598 24.230008637 24.5174783101 24.1845863995 23.5403754669 23.6572491793 24.9849446536 23.603556015 24.4893690095 23.7409011685 23.9424627551 25.0183879948 24.044504067 24.1856018782 25.3187206725 24.9141466581 25.1628164206 24.2069217909 24.1510205214 24.8769623781 24.9847786183 25.4022977035 25.2848861949 24.6730470847 23.5245698107 25.1215351564 25.2855765841 24.1367205615 25.0148729177 24.8577257606 23.7794888231 23.6754126869 23.6596707614 24.255867641
0 0 0 0 0 0 0 0 0 0 0 0 0 0 0 24.3357615116 24.9771184694 25.3759953087 24.1744310894 24.8386330678 24.7498290687 24.7236176774 24.9530351758 25.1913946463 23.861106264 23.9826681622 23.7668946893 23.5877311592 23.6924878767 25.2135393499 23.5051635858 24.8498363143 24.9734875883 23.8793613336 24.8972286476 24.0132189607 24.3613712097 24.5900209764 24.5768472375 24.0711664253 25.2620760308 24.2895724729 24.4410516423 24.3538837825 23.7417256053 24.5105128474 25.5970781152 24.5801922745 23.6778431064 24.4845448954 24.4028152199 25.5723281327 24.9034861248
0 0 0 0 0 0 0 0 0 0 0 0 0 0 0 25.0310244639 23.8952480171 24.3887102603 23.9876435118 25.6121004183 23.5605337699 25.0209798988 23.776924477 23.6391169009 23.9706461607 23.7577185803 25.0870807051 23.7683253482 24.4532408146 24.5079890789 23.5276399945 24.6065968439 25.353577854 23.9403168513 24.5090090827 24.8023988845 25.5918518077 25.0776895075 25.3723407488 23.8175539726 25.3348922908 23.704817688 23.5090042953 23.5481822545 24.1302342006 24.4862521356 23.5043211373 25.2487487143 23.8245866734 24.7456945084 25.520835678 24.9331038039 25.5146993081
0 0 0 0 0 0 0 0 0 0 0 0 0 0 0 0 24.1869779123 24.4852058457 25.2793168212 24.733481846 23.9609152183 24.2390453451 23.8270134512 23.8077762523 24.9006216166 24.8686859055 25.5787588613 23.6160508623 25.5317499186 24.1634398332 25.1202289449 25.510433163 24.0476933993 24.1057022982 24.5675100285 24.6942242276 24.8219190619 24.7028184875 24.1270474742 23.5502928411 25.3007874594 25.5650688336 25.2702735339 24.843515968 23.5167911648 25.515417135 25.0209628469 23.9661929927 23.5617555128 24.2898409098 24.0469696401 24.9481826747 24.8319995167
0 0 0 0 0 0 0 0 0 0 0 0 0 0 0 31.8442601851 32.2228212803 38.0272681118 23.5847526123 24.9515852619 25.6051560136 23.8824118823 25.3947901684 25.2730077451 24.638092287 24.7019532759 25.2955118694 24.0447738155 24.9384657451 24.3508116196 25.342052786 25.45454925 24.8826613593 25.1364386916 23.9097902421 23.6978271535 24.3369292921 23.7267481001 24.1113152329 23.7276957374 24.090719426 24.9010729614 25.2392848154 23.6514703466 24.2041329055 24.8852335239 24.9744393285 25.3279660562 25.1146848658 24.4886509778 24.7699520937 24.6259757576 24.0917067403
0 0 0 0 0 0 0 0 0 0 0 0 0 0 72.4439560294 42.3540302855 38.4312262125 31.8689694826 24.6559044893 24.965031289 23.8689381331 24.8469258697 23.7672360923 25.0846089947 25.4267295686 23.8096202916 23.9881436075 25.5826516551 25.1286434278 24.7638359643 24.981149341 23.829740832 24.2269947419 24.7753952581 23.8190361629 25.1104560737 24.4292898703 24.2334343559 25.1528569998 25.3060429047 23.7262484177 25.5552994434 25.1096141602 24.9877187612 23.796186285 24.9977855151 25.0752812403 24.0448351317 24.8637615669 24.1332992325 23.8236412728 25.3882007493 23.8215668322
0 0 0 0 0 0 0 0 0 0 0 0 0 0 0 33.899555146 33.9546364071 37.766577618 25.398398533 23.9497020605 23.7200943577 23.5212321729 25.101138289 25.3596152391 24.9273253334 25.4071715885 25.2201651684 23.9648934245 25.3208473566 23.8488568566 25.0652796524 24.4940116187 24.4974122761 25.3140290585 25.1951487116 23.7520666275 25.6184006191 25.4017713632 23.7962153068 23.573419466 25.1515205278 25.0306406544 24.7782721862 24.8231146225 25.5204210219 24.2455344288 23.5893145955 24.5374047384 25.3288695829 25.4796697053 24.5996893482 23.8357247362 23.7044171834
0 0 0 0 0 0 0 0 0 0 0 0 0 0 0 0 0 23.585744862 23.9456789021 24.0357231857 24.3673543777 24.6894334527 23.8865604774 25.3493697998 25.2572895286 24.2738247122 23.8305769667 24.6419007816 24.3841447884 23.5512339765 25.3045975555 23.5209474834 24.1271802675 24.4681148296 23.8068773098 23.8817139166 24.1451147803 23.7177707907 24.5206663165 24.1332146522 25.4030623158 25.3769003177 25.5505627331 25.3512450425 25.1370930152 24.5897368199 24.6983592622 23.7585551218 23.6209779256 23.5533012971 23.9058579353 25.4108564155 24.5443772731
0 0 0 0 0 0 0 0 0 0 0 0 0 0 0 0 0 23.7319743719 23.6556647767 25.5812401724 25.5430232669 24.7559413796 25.3599587306 24.5974298926 25.3766715801 24.6161240002 24.8524578678 24.089367242 23.5849241959 24.0926876999 23.7096020672 23.9306466325 23.7917881961 24.6028095233 25.5716102697 24.660611522 25.371506786 24.1056173444 23.982946874 24.3148233116 25.4256145095 24.033614582 24.7911245981 24.1370533134 24.5183385523 24.7405260434 23.6585569238 25.5197308902 25.4775512742 24.3094894259 23.6319473291 23.6544071061 23.7572652667
0 0 0 0 0 0 0 0 0 0 0 0 0 0 0 0 0 0 25.3054210206 24.5705632121 25.4568539283 24.6358369921 25.0580326994 25.0668442192 24.9716230186 23.8812878603 25.1077759562 25.6031977033 25.103289311 23.5746535301 25.2495255515 25.3524737268 23.828512968 23.7608611158 23.9378076181 23.9365659778 24.0973571012 25.1907154612 25.2136131813 25.3617848289 24.6648838656 25.2084325777 25.2206805531 25.3390481355 24.8382447109 25.0678253421 25.0312091768 24.2801222525 25.3189072759 23.9498029391 25.6067294756 25.2513310978 23.5633732271
0 0 0 0 0 0 0 0 0 0 0 0 0 0 0 0 0 0 23.7380668592 25.3992030974 25.4321660742 24.3950499694 24.1132717454 25.0115201604 24.0168854568 23.9903813925 24.4610915542 25.3712457148 24.1211078312 23.6133993142 23.5720797942 23.5178214407 23.918964926 24.2071702231 23.9277576809 24.2881464835 24.3267867477 24.6116026588 25.4981125636 23.7609329346 24.8972800115 24.2721489138 24.1593123521 24.0308430008 24.9487248184 23.7965836267 25.3821605407 25.4956548899 23.5647313844 23.9507806173 23.8865592569 24.7776830203 25.5932432586
0 0 0 0 0 0 0 0 0 0 0 0 0 0 0 0 0 0 0 25.0823325673 24.154990866 24.6032273659 25.156382237 24.7979459664 23.8442220227 24.4570675634 24.217019103 23.9310999564 24.9804188918 25.4285710213 24.8498696064 24.6074483017 24.6362041457 24.1902982912 25.0190418293 23.5239868673 23.8501469509 23.5564188137 24.5385093638 25.455657671 25.1619554069 24.3377710265 25.578680247 24.1622132557 24.031100511 23.6046919078 23.954397743 23.6690881605 24.9388752513 25.5665513491 25.2672498874 25.0649847359 23.5217924288
