Spatial_Output/90% DEC/90DEC_1340.asc
NCOLS 155
NROWS 192
XLLCORNER 196769.923733
YLLCORNER 449719.875193
CELLSIZE 27.603701
NODATA_VALUE NaN
[rows 46 to 68 of 192, columns 0 to 52 of 155]
33.1216326802 33.4258089746 34.2312058817 33.9583914109 33.1982127589 34.3164571774 34.2841925334 33.4538243973 33.0715724291 34.1284394452 33.7589803531 33.9045414936 33.1758726005 33.3738417519 34.3773298203 33.259631081 33.4369570406 33.5889101867 33.5508916812 33.1104255198 33.7941409838 34.0267369151 33.3275853887 33.4585775745 34.391680846 33.8344415249 33.0248327943 33.7934329649 33.0724155899 33.1622634397 34.3499863144 33.5266294781 34.0052371819 34.2506997297 34.0063237334 34.1514544718 34.2277934262 33.3677141732 33.1446639991 34.0681378146 33.1945223737 33.1674168955 34.1053644946 33.9701697545 33.5090478295 34.128394323 33.3444479319 33.6977329811 33.0834306656 33.8794763233 34.306281297 34.1214674675 33.726828992
33.9091740389 33.3596214073 34.3855116361 33.4458722574 33.6172956667 34.0480577877 33.2903800534 33.3188576563 33.1242600473 34.1456827082 34.0444656543 33.9459651776 33.5582501018 33.0617261607 33.063059607 33.0321447179 33.2476814033 33.3211640915 33.1607296619 33.2961088753 34.079922153 33.3962795447 33.4054894902 33.9920636344 33.0001468014 33.2133586785 33.8557010726 33.7098862784 33.3522569807 33.8861547213 33.6364933001 34.0771218552 33.0155170853 33.5648219356 33.4894038837 34.2876481179 34.175190977 33.7299131593 33.6461745772 33.9902013598 33.5375666963 34.0204358429 33.6648347939 34.0216566443 33.4767961697 33.4780756416 33.5940416025 33.1957619769 34.0972595106 33.2012990038 34.060371604 33.5775738992 33.1239423957
33.9563943732 33.0079126116 34.3990638902 34.1796371641 34.3626004374 34.411637007 33.7515814765 34.3685969665 33.1901181885 33.2914836743 33.3767809479 34.1618606459 33.4438861615 33.7108332989 33.5206689764 33.562478455 34.3748218449 33.2116936667 34.2827625308 33.6879615272 33.6687581821 33.273967467 34.2097191392 33.6157520155 33.441464277 33.3888662712 33.7244456229 33.1085317332 33.8878176084 33.4074779594 33.6751169864 33.4550212143 34.0374545581 34.3736540713 33.4411261857 34.1324503619 34.4064041825 34.1640649105 34.0477021891 33.6935143002 33.1190985043 34.2395917625 33.9661560875 33.5967394327 34.1723110683 33.9687976446 33.9133943009 34.2893447337 33.3033441706 34.2391247662 33.2654603443 33.5617128513 34.0950836842
34.4041045943 33.0394357367 33.031183837 33.8693497176 34.183261936 33.8630375848 33.521664707 33.8587238282 33.6463523352 33.0109363502 33.9226545776 33.9740333154 34.0537573099 33.8761802021 33.5906788176 33.2139306471 34.0415116879 33.0700794107 33.2177738535 33.4164198081 33.8127422783 33.9327877927 33.8023515454 33.8055979287 34.2577506808 33.6505311622 33.3286225629 34.206455725 34.0893236069 34.2411542905 34.3446232046 33.7767707724 34.0770928099 34.2512389334 33.2943474327 33.3071830103 33.0088245774 33.8140342133 33.3005781489 34.1213205209 33.854191438 34.0373620781 33.0393028909 33.6189538414 33.6810843754 33.8693553146 34.1193542964 33.1219490999 33.0065076395 33.7684813848 34.2568295603 34.3589851287 33.5732876746
33.8230704617 33.6056526891 34.0040666193 33.1350918835 34.1500010486 34.165797709 33.5693383764 33.5878879625 34.3954526709 34.2657188264 33.4151119031 33.8411860272 34.3076372443 33.0610523016 33.4174196519 33.4510967504 33.2514424434 34.0028297074 33.3437739142 33.8242382712 33.7428164155 33.2469217594 33.6502873164 33.9568065848 34.3217258933 33.1526912882 34.2964855049 33.51243358 34.4059341296 33.4235050777 33.9413456386 33.2589135591 33.4831420819 33.4535746461 33.830712422 33.780580203 33.6970674901 33.6319408697 34.0326874845 33.0824242869 33.9118031765 33.4651900002 33.535467555 33.8411854437 33.300895618 33.7111670836 33.0236415775 33.9892723631 33.1720470308 33.1369654239 33.4519103083 33.1505390264 34.0481875959
33.9503963265 33.3052906288 34.1970141826 33.3685548364 33.3196115824 34.1179387395 33.8315823723 33.7671394002 34.3461402977 33.6048999787 33.1636398575 33.2412933174 34.3677922774 33.9744534565 33.1069551505 33.0355263859 33.2974945067 33.282636336 33.8220801487 34.3117102638 33.6763631163 33.8967787985 34.1534127839 33.2655851129 33.6520410435 33.5490650359 33.4805030333 33.460924029 33.0262391415 34.3423618186 34.1764516498 33.8030410551 33.0492530394 34.3211794959 33.1151680498 34.2803841516 33.2511024153 33.4386982095 34.0169910939 33.1308424161 33.6244807146 34.3721840066 34.023624592 33.7557353093 34.3588269211 33.3102828472 33.1508173038 33.4258969223 33.9040173565 33.4220983775 34.2406602892 33.7245120766 33.1092285939
34.0919240864 33.2178032586 34.3629937171 33.4581527637 33.9776163891 33.8781713246 33.4416196486 33.7862176945 33.9673981896 33.6997132193 34.0896687747 34.2975890809 34.1366626874 33.7574568557 33.0844091946 34.3546672633 33.6060310782 33.8814547379 34.3303556473 34.2390010374 33.3740964807 33.0946682215 33.1992495626 33.5714739022 33.3445609844 33.5423197575 33.0942087926 33.5980503893 33.1646654877 33.653728568 33.0057567271 33.5930266318 34.0439475538 33.9078467211 33.5285354201 33.2115818693 33.0714694171 34.1765259548 33.2381416154 34.1095157516 33.9215061253 34.4017996864 33.8503844112 33.8934362295 33.069735133 33.1259644379 33.1480155639 33.7530209488 33.994329938 33.8833576647 33.4335375538 33.6265057892 33.5674572808
33.4224751747 33.3798765077 34.3035743086 33.1744019129 34.4008003824 34.3767323848 34.206529852 33.069537417 34.3018356176 33.1498527487 33.1967710145 33.4546825767 33.3808250606 33.0115275033 34.278122104 33.2788337144 34.3934297529 33.8391495471 33.4394881155 33.6494841645 34.0523592368 33.7939979904 34.2747284899 33.2481946488 33.5663758302 33.4428346988 33.3794366011 33.6972151939 33.0689203745 33.0984135044 33.8084692421 34.3833765608 33.8253708861 34.3081451154 34.2602029751 33.8710971385 34.0056264373 33.3178921157 33.8423003158 34.2566045196 34.3708513374 33.9553166851 33.2463322886 33.6107813897 33.8227062416 33.2033904995 33.8093642982 33.9256373191 34.0807914076 33.6811826667 34.0460985895 33.3862408846 33.243330247
34.3013177539 33.3690415537 33.5744549547 33.0751478376 34.0486862913 33.6140620771 33.6357194277 33.4783810083 33.4662683079 33.2109031948 34.0758796445 33.0213310379 33.992724129 33.0636763294 33.6005919764 33.9057778567 33.6038268908 34.3414040206 33.7742695941 33.1818707072 33.4575214024 33.1935047498 33.1778062273 33.685024032 33.3359846071 33.1846699672 33.1995540031 33.1871890057 33.7623530207 34.2868395997 34.2640572873 34.1603372338 34.2187231987 34.0653709974 34.0517354132 33.2908295479 34.353543411 34.0651664628 33.6544939262 33.880772255 33.9495166704 33.0776784972 33.5462822659 33.1975802601 33.4082071011 33.305587789 34.0278434094 34.0169175333 33.5258987314 33.5423652328 34.0587014097 33.5611116854 33.2919797356
33.5721821321 33.3748771333 34.1802089529 33.5423382834 33.3655610132 33.1165821647 33.6043416684 33.5366328669 34.2274081518 33.4935538222 33.0579854594 33.8159357544 34.3285128689 33.7416173476 33.6558635037 33.6331872375 33.395855804 34.0189594917 33.4124604621 33.0952211238 33.6728284682 33.820245472 34.1131452784 34.0033081426 33.2659595464 33.105838938 33.8139301383 34.0655661516 34.1844853416 33.271791462 33.7017458463 34.0145415464 33.2809667908 33.8035497481 34.0709024977 33.6582412559 34.3877227586 33.1041280832 33.5977766239 33.2169060802 34.3415415572 33.7791196927 33.5601505284 33.17368971 34.3701724318 33.3062069012 33.801567878 33.6327926826 33.1676511032 33.1368484254 34.1147940131 33.9000610077 34.0955344823
33.2289015295 33.7826757125 33.7893636847 33.3874813845 33.9261776695 33.4948612977 33.9937986815 33.9714213771 34.268852604 34.292362604 33.8449010502 34.224642283 33.1350954718 33.8687711135 34.2386521545 33.5328515584 33.9238152803 33.1128839442 33.2112957181 34.0879897063 33.583911594 34.0739994515 33.809567107 33.4658398192 33.579217211 34.3756338764 34.071340612 33.616373666 33.5188065815 33.0055577719 33.982998392 33.066853922 33.6013462334 33.5684726152 33.5033235502 33.2239324329 34.2808870773 33.0736938839 33.9611695417 33.7704545644 33.5529534359 33.1352060184 33.8318323744 34.3566137988 33.2397953416 34.310042392 33.1278450373 34.0863756544 33.3819397737 33.3582674631 33.6478267804 33.2038901804 33.1299129942
34.2673697268 33.1562680763 34.0132827849 33.2954222018 34.0881427174 33.271862183 34.3871536145 33.5632216414 34.1520525278 34.166708472 34.0087659165 33.4625178818 33.6441134423 33.324642183 33.0509123033 34.061904512 33.0591238426 33.7220198332 33.6846046264 33.4716193476 33.0832388922 34.0501924748 33.6283954782 33.2860768798 33.05579733 34.3259936386 33.1571613215 33.6813205859 33.4818184806 34.2734903053 34.2404852378 33.4024176418 33.672294512 33.0544646066 33.5050349378 33.4623923966 33.1827012567 33.6097948461 33.4431164298 34.228435179 33.7679582494 34.0991685726 34.0196374617 33.5661792788 33.0811868998 34.1921830546 34.2212687894 33.5785936068 33.7265898799 33.3139425822 33.7145804808 33.581614915 33.4042481466
33.4958151599 33.4516888034 33.4208126957 33.3655551002 33.2391048073 33.9528014694 33.2502647585 33.6731263885 33.8727851689 33.0441051902 34.1678319314 34.3690663846 33.8782275133 33.2180762055 34.409121575 33.0187381423 34.3327559219 33.6823640237 34.1105231267 33.0991804736 34.0716992003 33.3447631795 34.0344277649 33.5555436255 33.861755951 33.1481834382 33.0661794684 33.4661826903 33.9568484127 33.6360782212 33.6444315772 33.3485142616 33.9332476906 33.9813105716 34.25823219 33.994172823 33.7403118725 33.3183005555 33.4995446322 33.0326757999 34.2860637711 33.1804446016 33.4196339159 33.4162774087 33.3763373279 33.1373330883 33.1799002149 33.4876591327 33.6846112579 34.3021792194 33.61053745 33.2020927874 33.7611766959
34.1259352283 33.2397580263 33.0335467834 34.1400168918 33.0209433626 33.5381131694 33.4311782919 33.7888264484 34.2775126664 33.7068381769 33.6641085658 34.1816917543 34.1574562655 33.7593699493 33.296029393 33.3306572208 33.9091721723 34.0535272585 33.9407880665 34.09057962 33.3438961392 33.0169432728 33.3259399476 33.9882231437 33.2895911005 33.5007169152 33.7483625673 34.1043442394 33.6977791891 33.8822443515 33.7029297538 33.9675029341 34.111306737 34.0200207908 33.6182526938 34.1460260492 34.0643327307 33.9116531737 33.9989323103 33.9963788319 34.1909140353 33.2759572788 34.1505340716 33.8354029026 34.1247240532 34.0606605646 34.2989835443 33.200628602 33.3599418699 33.8365074048 33.1812402957 33.7499136159 34.3473410715
33.7306739699 34.3786460529 33.438269952 33.5812838187 34.1049941472 34.1197298828 34.0305553874 34.1167552037 33.3100613365 33.6187718356 34.3442363883 34.0436032355 34.1909155369 33.6773911196 33.4328970686 34.1145089832 33.2236082164 33.2232936765 33.6986306638 34.2614884174 34.1628961189 33.2640688125 33.1555630112 33.8357249266 33.984937262 33.2336972694 34.1025661674 33.8647065154 33.3100793467 33.5815847154 34.2627639862 33.5275769047 33.7173476361 33.8846525439 34.3584845354 34.2530385009 34.3484796625 34.1229763819 34.0288564715 33.8236437537 33.7635612899 33.0088600072 34.4103376127 34.0491738544 33.2242684558 34.1020142341 34.3905802215 33.0112834053 33.9762699693 33.5207547045 33.6497324212 33.8600793523 33.5817243569
34.0268763953 33.6176501489 33.1831148026 34.0777961206 34.1951418367 33.2646729775 33.7718955497 33.6387548106 34.324538768 33.8946877385 34.0954360146 33.6106997245 33.9124200524 34.376505404 33.2535727358 33.551400178 33.1067040296 33.6230553746 34.3624544556 34.1414234205 33.1937507135 33.8210975531 33.9245779795 33.2352050961 33.8645849189 34.067057954 34.0613256221 33.5760874475 33.7938699343 33.4456132972 33.0265711923 33.8928586853 33.1255272266 33.1768136352 33.4239262428 33.4166166973 33.2636080034 33.4871919799 34.0923873033 33.0189946088 33.3767751396 34.411039103 34.0811827419 33.0086586668 33.8127251161 33.639309352 33.4022354872 33.0337224181 33.2395974417 33.0312252751 33.1937836744 33.4774859699 34.380808411
33.1215963567 33.2273690877 33.6916384556 33.8400806572 33.5658152141 33.6500810198 33.6208491802 33.3615845758 33.4460356856 33.7721505246 34.0017930614 33.6943251514 33.9133251623 34.2478872497 33.1166099094 33.0422503752 33.9629188248 34.2992526664 34.1709826805 33.7300868171 33.0740264359 33.135816474 34.4044333841 33.5864951798 34.3438487887 33.1706942832 33.5970831445 33.2427127141 33.7810662689 33.7734577862 34.1296486586 33.2846133282 33.3396758272 34.1870544292 33.5472726422 33.1328528379 33.4176064255 33.8171897904 33.3029517515 34.1694017366 33.2675035329 34.3389815078 34.0726260311 34.3395031664 33.4184993815 33.6147272408 33.3545432011 33.3138493564 33.4748919963 33.445126342 33.1941760235 33.8792712663 33.558483555
34.1315358749 33.3476604988 34.1731187676 33.9424172 33.0863115337 33.0678873572 33.0370574599 33.0080648169 33.4434580308 33.0075888498 33.2017074694 33.878246087 33.9798100676 33.3756042636 33.3349366852 33.9271495323 33.765093795 33.6141548092 33.2751341993 34.0592940941 33.1785711855 33.7869636535 33.4453648958 33.2619676029 33.6815922696 33.8661409243 34.214435516 33.0619579501 34.1412902518 34.0225102707 33.0832934384 34.02448338 33.2117555336 33.4052200378 33.4769425604 33.1922829084 33.4241949894 33.1464624179 34.1480274936 33.1631773778 33.8607044686 33.2905853951 34.353546304 33.9817224465 33.6699780246 34.1383626201 33.2910724591 33.8635160639 34.3219834237 33.9115471671 33.948957872 33.4393111782 34.2835844482
33.6793673645 34.3150626174 33.6163925382 34.3734191311 33.447846589 33.0705437248 33.1501869993 33.123568422 34.2896927292 33.5059773194 33.6340878746 33.0502743658 33.0572324678 33.0324799053 33.170226275 33.8434779688 33.7157109171 34.1689096114 33.1899891711 33.9560602912 34.141685667 34.2102612795 33.2141939393 33.0420266655 34.1699876113 33.6755935094 33.7089365385 33.10420534 34.2240015649 34.1186268296 33.487241452 33.4493820965 33.4831958241 33.3768726403 34.1430094459 34.2350148493 34.0750826671 33.3137873151 33.9933715786 33.0046841148 33.0253842861 33.412580606 34.2423360518 33.6049117182 34.2131717189 33.9965968458 33.7801780362 34.2119651903 34.3079153802 33.5344763735 33.6709370423 34.0607607849 33.8465483334
34.2665037897 33.7234379557 34.3139511026 34.3565979025 34.2587329703 33.6698980429 34.0344958664 34.0739845888 33.6462342762 33.3432978164 34.0504185141 33.7890491977 33.8726054955 34.3689216775 33.9939396613 33.4295840005 34.3701784075 33.9546637775 34.0633774974 33.4096267741 33.242261528 33.9963576646 33.3214499122 33.6868385799 33.0851126719 34.2741430432 33.0627338452 33.3334552422 33.7728272412 33.6568964022 34.2203441553 34.3490506408 33.7296652367 33.5427768595 33.4376645688 33.7819569209 33.4488985983 33.8167531031 33.5977218594 33.1956569857 33.5756171103 33.2755852157 33.9944529351 33.3102003764 33.8633185752 33.3462146208 33.6595064908 33.6236425217 34.3824294545 34.0182807072 33.3792141302 33.6582049573 33.7701136668
33.430851083 33.4114768011 33.7721522558 33.4423074061 33.5737580371 33.8099196042 33.6641427543 33.9676867526 33.8275504194 34.1592439507 33.6464814828 33.775893 33.2604999329 33.9761681214 34.0466207513 33.4040867392 33.7597655505 33.7036277802 33.451988365 33.883183076 34.0133022495 34.212685792 33.4714185549 33.3162604626 33.35015122 33.8204484203 33.7912338195 33.5629887272 34.0638045814 33.0675565759 33.7815196726 34.3743921123 34.0214790488 33.433088204 33.498480144 34.0847400996 33.5589998618 33.7287735016 34.0977760993 34.1575451184 34.2270470244 33.2014247096 33.5585712159 33.9000667123 33.9062234606 33.5967306165 33.7713963021 34.3546902832 33.6416513198 33.9493784513 33.9640603274 33.9229734344 33.2315740901
33.2059552279 34.0379865676 34.3058760825 33.3550839831 33.3705905531 33.4454689216 34.409628818 34.2113922778 34.3148903927 33.5069934393 33.9344937925 33.5229883831 34.1689248543 33.2799126978 33.216927541 33.8616273853 33.3138932401 33.2444841189 34.1924779999 33.7873795425 33.7082769907 34.3622741566 33.1694459271 33.982632377 33.6795325041 34.0399297116 33.8807560389 33.0510742291 33.8682248638 33.5522328824 33.8356714915 34.3700051959 34.3593959497 33.747677294 33.2827249352 34.0672509957 34.1550322023 33.7619601004 34.1654303478 33.4662781266 33.9565979832 33.4735559495 33.7350750637 33.6887192091 33.8949951503 34.3894811897 34.3803382302 34.1119754939 33.2763525339 33.8720896795 33.872876248 34.4003220509 34.2109727853
33.7687219806 33.3632797312 34.1060009734 33.309972721 33.3395700568 33.3108759022 34.0328093334 34.0342871013 34.207708054 33.1397606144 33.1872373706 34.2325269328 33.9130514192 33.9550834079 34.3240668767 34.2514204261 33.1905461484 34.1872152654 33.4321253329 33.6899517935 33.9450809043 33.5565195081 34.2205276466 33.8561312701 34.0648757966 33.1904823723 33.3903687616 33.2260919582 33.1612802695 34.3081579264 33.2673883064 34.0265833284 33.5579250871 33.0466368686 33.7660806321 33.7085467517 34.118380024 33.8220087713 33.6516949336 33.2027191057 33.8184340008 33.9339837745 34.1818707136 34.0162212548 33.9114711676 34.1885503111 33.7081526336 34.1125720154 33.7440809211 33.9038848433 33.6575378907 33.7100680572 33.7881933717
