Spatial_Output/90% DEC/90DEC_1177.asc
NCOLS 155
NROWS 192
XLLCORNER 196769.923733
YLLCORNER 449719.875193
CELLSIZE 27.603701
NODATA_VALUE NaN
[rows 0 to 22 of 192, columns 53 to 105 of 155]
28.1809859434 27.869723594 27.9855349327 27.9711408741 27.8018106928 28.0488942409 27.6368223904 12.6513078117 20.3542671945 20.7666294129 27.8515725925 0 0 0 0 0 0 0 0 0 0 0 0 0 0 0 0 0 0 0 0 0 0 0 0 0 0 0 0 0 0 0 0 0 0 0 0 0 0 0 0 0 0
27.7837407947 28.0566533928 27.7064804279 28.0467343567 28.0686591109 27.876223815 27.859304062 16.8806542282 19.9485881859 14.3974070543 27.8059164134 27.9770245511 0 0 0 0 0 0 0 0 0 0 0 0 0 0 0 0 0 0 0 0 0 0 0 0 0 0 0 0 0 0 0 0 0 0 0 0 0 0 0 0 0
27.7051095452 28.1522348189 28.0223288903 28.0318592642 27.6555288696 28.1726520227 27.9018600055 20.3957682188 18.6609268688 25.9355828342 27.8888919719 27.6586162964 0 0 0 0 0 0 0 0 0 0 0 0 0 0 0 0 0 0 0 0 0 0 0 0 0 0 0 0 0 0 0 0 0 0 0 0 0 0 0 0 0
28.0359181806 27.6069465886 27.6551693647 28.0978571771 27.9685770892 28.0746028303 28.0087981141 27.7927755411 28.0325889575 27.8159969328 27.831752425 27.8735775432 28.0552872184 0 0 0 0 0 0 0 0 0 0 0 0 0 0 0 0 0 0 0 0 0 0 0 0 0 0 0 0 0 0 0 0 0 0 0 0 0 0 0 0
27.5708849603 27.6055654725 27.7354155438 27.9830956913 28.1313483061 27.9470261686 27.681544347 27.8797320027 27.7980012666 27.6146137771 27.859039708 27.7401421429 28.1356066004 28.1670905831 27.6876014748 0 0 0 0 0 0 0 0 0 0 0 0 0 0 0 0 0 0 0 0 0 0 0 0 0 0 0 0 0 0 0 0 0 0 0 0 0 0
27.5230042316 28.0626541952 27.8130868299 28.1777112581 27.5035435087 27.9902368839 27.6183855835 27.8553903282 27.7787067679 28.1830945254 27.9554811664 27.6022382829 27.8031393977 27.5189431047 27.9886979847 27.7546664932 0 0 0 0 0 0 0 0 0 0 0 0 0 0 0 0 0 0 0 0 0 0 0 0 0 0 0 0 0 0 0 0 0 0 0 0 0
27.5337938947 27.9314526364 27.5184910148 27.8142401288 27.7092909408 28.1971942555 28.1284382328 28.0445256765 27.6478201853 27.8853761152 27.9518914361 28.177676488 27.7614512982 27.7278236408 28.0195088287 28.053119677 28.1078690776 27.5975044395 0 0 0 0 0 0 0 0 0 0 0 0 0 0 0 0 0 0 0 0 0 0 0 0 0 0 0 0 0 0 0 0 0 0 0
28.1352676234 27.9928199666 28.1380244739 27.6399812973 27.5754624395 27.8680026949 27.6401979262 28.0260785635 27.6559423248 27.5114348068 27.9697597051 27.5841663527 27.7812860683 27.5197000938 27.6180792756 27.9968358417 27.7733828598 27.918664873 27.9982437932 0 0 0 0 0 0 0 0 0 0 0 0 0 0 0 0 0 0 0 0 0 0 0 0 0 0 0 0 0 0 0 0 0 0
27.7919457631 27.7511479677 28.0229809799 27.5035638587 28.0039455653 28.0358731926 27.8823468297 28.2043253151 28.0016224237 27.5063634614 28.0154904961 27.6576706762 27.8606046918 27.9086324922 28.0728644921 27.7958672701 27.6123281551 28.1095040717 27.8273531966 27.7355148791 27.6162734325 0 0 0 0 0 0 0 0 0 0 0 0 0 0 0 0 0 0 0 0 0 0 0 0 0 0 0 0 0 0 0 0
28.1144496888 27.5363588937 28.061281609 27.989688112 27.7206737477 27.9099727975 28.1146779464 27.6001219568 28.1013009922 27.6196268894 28.1951359997 27.6137551687 27.9147185409 27.9530836459 28.1976748748 27.6646115979 28.066849949 27.9157299109 27.5392933941 28.136895245 27.5538668133 27.5994287209 27.7964037489 28.1850055529 0 0 0 0 0 0 0 0 0 0 0 0 0 0 0 0 0 0 0 0 0 0 0 0 0 0 0 0 0
27.663405248 27.5233474798 27.6079768202 27.8269575675 27.7936471581 28.0486730818 27.92879859 27.8936542599 27.9010649886 27.9987842831 27.762471565 27.5673784079 27.5278590392 28.065212621 27.9752363881 27.9287417443 27.5737521792 27.6448714455 28.0630411992 27.940443973 28.1218922764 27.5944917112 27.7736849718 27.5374794521 27.585029536 28.1471116055 27.6775598037 28.1438134529 27.8626341046 0 0 0 0 0 0 0 0 0 0 0 0 0 0 0 0 0 0 0 27.619430932 27.8658134804 27.5623613698 27.5128361734 27.9878958782
27.7776251234 27.6002481283 28.1033834033 27.9964818852 27.6779487082 27.8519456406 28.1370900799 27.6229449598 28.1095712925 27.8709732505 27.980618228 27.8027398339 28.0790310845 28.1328637819 27.8790282319 28.1397139856 28.0663804967 27.8039644823 27.9165199028 27.6891663697 27.8474392366 28.1864576952 27.9432473192 28.1013298783 27.5170418499 28.0217496389 27.7020905174 27.6519603443 28.0345815581 27.9608957472 28.0544449135 0 0 0 0 0 0 27.579394703 27.626961317 27.7183395812 27.741158991 27.9236208351 0 0 0 0 0 0 28.1373418415 28.1057019763 27.7464712385 27.8103182843 28.0031094642
27.5850586373 27.9586959022 27.8891993715 27.8145579175 28.117597627 27.7246440657 27.5748388596 28.1939977088 27.877847354 27.8052620879 28.1515938149 27.5343869135 27.9487249829 27.5968995858 27.9297714146 27.8287429698 27.9708807763 28.1844082777 27.9825936177 27.8402003391 28.0045458395 27.914192597 28.1088261001 27.9168471636 27.8980443388 27.9090350806 27.5345718323 27.8253648561 27.6145712008 27.8366626155 27.9550784603 0 0 0 0 0 0 28.1176868336 27.5399885316 27.8950340053 27.5929999096 27.5159962201 27.8673758011 28.1065274277 27.7589098856 0 0 27.6876310675 27.9587970459 27.6530502057 28.1289450424 28.0231910782 28.019585935
28.0385753657 27.5831853656 27.5364652989 27.5253809181 27.5057080016 27.5395709066 27.9692297697 27.5417300206 27.5866661729 27.8364766125 27.5782190161 27.7291168565 27.7259356055 28.0085451268 27.8135324431 27.9555685129 27.6867202407 27.9157273772 27.6233068232 27.5563937231 27.990780852 27.9134498942 27.9173321764 27.9185248799 28.0026361235 27.5862555774 28.0980368945 27.8737908088 27.5887875176 27.7998518985 27.6034555733 28.0190735233 27.7003697947 27.8478786406 28.0456859772 28.1852503178 28.1419214216 27.8140374175 27.7705141853 28.096153691 27.5085378423 27.5428438992 27.8374022282 27.525019648 28.00428959 28.0711736757 28.1680149244 27.7459697273 27.5793636921 27.8367942537 27.8268458713 27.6900724858 27.5940377159
28.1022190636 27.9080692149 27.5333772187 27.8200461864 27.6501840894 27.5954852205 27.6569452804 28.121108133 28.0657908175 28.1079150193 28.0482445769 28.1762729545 27.6676225818 27.8243348091 27.6763456835 27.8626073409 28.0435290278 27.8410015646 27.7867582933 28.0704487049 28.1984418296 27.9882765452 27.7637517464 27.5998839908 28.1537950248 27.5101351432 27.6443846177 27.5714508658 27.5337178706 27.627815765 28.0740410212 28.0312122241 28.1056789489 27.8245609955 27.85748745 27.7677086026 27.8541823599 27.525355712 27.5862118562 27.5114736535 27.7299408954 27.6736321267 27.516466987 28.0667058647 27.9649774392 28.0413076514 28.0569380452 28.0792508145 27.8581708048 28.0827163784 27.793662745 28.1882133409 27.9387326466
27.6604931802 27.9290108824 27.9244386087 28.1681039778 27.6704961228 27.8394987581 27.539372077 27.6152311148 27.6180546092 27.5916416842 28.1744016632 27.893496478 27.6730437135 27.9985154746 28.0904299621 27.7079248925 28.1176439744 27.7751076271 27.7943812196 27.6116868832 28.0229532073 28.061045472 27.6293368037 28.0529766843 27.635232166 28.1913550895 27.5967863292 28.0955892481 28.0837463628 27.8476452901 28.1422114236 28.1851732573 28.151548035 27.5450493052 27.6852568445 28.1086694954 28.1117579768 27.5612362716 27.9516406684 27.574622964 27.998080626 27.7122830984 28.1194540564 27.8106967376 27.751430046 27.7847127569 27.9227109718 28.0772545923 28.0718011397 28.0148093931 28.0982293097 27.7647644575 27.9144401232
27.5890615483 27.9860144033 27.6053848684 27.675055522 27.7475799713 27.6068082249 27.6580683925 28.0546666248 27.6419291346 27.9024503065 27.8975123434 27.7323952588 27.5868032253 27.6022563519 27.6812884028 27.6851005895 27.7380025806 27.5717075262 27.9017260097 28.0877766345 27.6163917595 28.0914502925 28.0322887797 28.0984937262 27.7226539242 28.1086377997 28.0701342836 28.0105747762 27.7618672318 27.8469140498 27.8045239685 27.6965652298 27.6202236988 27.9301916697 27.5576705007 28.0071033005 28.0338048294 28.2048565397 27.5920587496 28.086162698 28.2005284685 28.0380567144 27.8058972659 27.6886925044 27.882515476 28.0356328328 28.051828405 27.5600965613 27.6457281349 27.7826095503 27.5670287407 27.6155459624 28.0523306848
28.0315205461 27.984520764 28.1790948267 28.0872458043 28.0690276153 27.9844768978 27.7497129108 27.5845158099 28.0153957954 28.1375201141 27.765985276 28.1025225354 27.677764763 27.8435474914 27.6551351175 27.5923006668 27.6077909224 27.899016753 27.9317641682 27.6275142054 27.6722066088 28.1020595 28.0524719289 28.0912153013 27.7728106734 27.9074673573 28.1689229663 27.6909613003 28.0334247868 28.0721010105 28.1576737772 28.0472040754 27.9488294052 27.6194002829 27.7844825562 27.9194270885 27.8915928256 27.5834125542 27.927496716 28.0118634321 27.7658388252 27.6320765383 28.1944348075 27.8392280852 27.905850289 27.582391867 27.5112013066 27.562400565 27.9503844435 28.0958770752 27.5478882126 27.7926501184 28.063455479
28.036368545 27.9586096735 27.6318997806 27.5225953632 27.7013385019 28.0980211266 27.9243112671 27.6091155748 27.8396972849 28.0570339552 27.8687107502 27.8581909763 27.6922743038 27.8000550178 27.9418680132 27.8968792175 28.0104722705 28.1668051999 27.938438618 27.5522845773 28.1641857343 28.100394875 27.5544584676 27.7997657218 27.7192752027 28.069488905 27.7893930019 27.827822114 27.607144072 27.9019871336 28.1691710517 27.6849561655 27.9731941075 27.7784473354 27.5007900432 27.893038154 28.146652162 27.5545548502 27.6378851142 27.8555053351 27.965550834 27.7046481483 27.9085680317 27.5105425491 27.6723006509 27.8745755158 27.7959271541 27.84135947 27.6262599545 27.9410653185 27.821658522 27.7786632388 27.8628438722
27.9820735626 27.6570427085 28.1360246061 27.5778987843 28.1810799137 27.9732445895 27.939332807 27.882632356 27.8797628469 27.6215460654 27.6291626372 27.6526350008 27.9148657162 27.9466305685 28.1831636186 27.9735288823 27.6386808567 27.624696034 28.0044172011 28.2056685148 27.6712065913 28.1979496637 27.740976239 27.8283072949 27.9189755608 28.0935792398 27.8944918137 28.0137182615 27.5530972994 27.6556894957 28.206823141 27.575126433 28.1909790455 27.9375318432 27.5363313295 28.1370873898 27.9174091889 27.7709913127 28.0427122215 28.148667555 28.1678688299 27.5591898091 27.8839808525 27.8953666276 27.6346753185 27.5373906079 27.5792691769 27.7320586078 27.9612750568 27.9975773204 27.5741231949 27.7630722727 27.515796039
28.1868752846 27.8816059961 27.8435130548 28.0625941036 27.5393994682 27.5977305834 27.605821283 27.8618911942 27.6451670529 27.8320141887 27.7718935482 27.8713546974 28.1096327238 27.7834604886 27.6194746267 28.188719926 27.6140344408 27.8826901496 28.0668734889 27.9744932145 27.7401779976 27.9988949543 28.0832447669 27.6297788871 27.9537661386 28.1416311389 27.809359678 27.6439400166 27.8979279244 27.8365002437 27.7127498768 27.8972400552 27.5706059236 27.7042343828 27.8809895074 28.0875835901 27.6900228458 27.687234211 27.5088151132 27.9846677377 27.9884131159 27.8940177109 27.890120784 28.1255908075 28.1880893652 27.7830466441 27.7406753204 28.1536572552 27.7659577598 27.6573108434 28.1077195166 27.7513067178 27.6027633841
27.6373411657 27.9119518352 28.1354768786 27.586745637 27.9302150498 27.6086920895 27.9146229013 28.1741764579 28.097795704 27.7922347729 28.1204435068 28.0885469955 27.9381424546 28.1266633437 27.5720168503 27.6652361288 28.0966485123 27.6476214969 28.2015884965 27.5594372778 27.5956371639 27.8462286068 27.9740075049 27.9506804007 28.1564770438 28.1723422717 28.1871303941 27.5737739767 27.9604774306 28.1830237223 27.6838648633 27.6906692832 27.720276742 27.9910549738 27.8127958816 27.5336282625 28.0159002162 27.7146495673 27.5005671836 27.5764851914 27.929092896 28.0817196118 27.7839552068 27.9460190659 27.7889820955 27.8900017884 28.2020445045 27.6463464969 28.1616713546 27.5426216167 28.1093951757 27.5175641975 27.6500050162
27.7432838658 27.9333980791 28.1441340044 28.1007909712 28.134236769 27.7070462564 27.5233349129 27.8518216136 27.9983978723 27.7722346937 27.8967476314 27.5360202238 28.1253320967 28.0829386471 27.7213614213 28.0617098277 27.7150762862 28.1294153069 27.7530713266 27.6115059129 27.7864861568 28.0119868669 27.53034355 27.6521311374 28.0690744895 27.9715946508 27.9941440676 27.6022840938 27.8267546095 28.0528618125 28.1885853596 27.6526636548 27.9986626794 27.6595319373 27.8504284191 28.0071099426 28.0372245349 27.6926565265 27.9238425429 27.5859977867 27.919787234 28.1967424379 27.9767422093 28.0673973044 28.2050206779 27.9262524856 27.7671001156 27.9144216741 27.619821331 28.0060358238 28.1919305248 27.9456745196 27.7113442764
