Spatial_Output/90% DEC/90DEC_0516.asc
NCOLS 155
NROWS 192
XLLCORNER 196769.923733
YLLCORNER 449719.875193
CELLSIZE 27.603701
NODATA_VALUE NaN
[rows 115 to 137 of 192, columns 53 to 105 of 155]
27.1346209557 28.0124882861 27.1288863654 27.9580018205 28.3458682016 27.3144905526 28.411835512 27.827353858 27.7848404159 28.2061778064 27.3337507393 28.0216130268 27.1389175435 28.2159530688 27.2908364555 28.411352947 28.1919556529 27.9606334419 27.9614354046 27.8121577658 28.3219121659 27.2225403609 27.5545181007 27.6925260011 28.379229792 28.2245967526 27.5608667547 27.0299099899 27.9338886685 27.8665172692 27.9719689005 27.5354327197 28.3525000337 27.0324901438 27.9361605506 28.3026398689 27.5958059607 27.7582106305 28.0848626644 27.8858458495 27.2450345839 27.4626625469 27.6495723621 27.9100897179 27.6572843276 28.0476198309 27.048892605 28.2207557781 27.4349596212 28.3575780222 27.9835226943 28.1215858035 27.3365894621
27.9176511718 27.2933004628 27.93400667 27.4415727307 28.3048085949 27.5446696505 27.8770346315 27.8618896656 27.8166110453 27.766548569 27.6955886643 27.5457036128 27.6717527545 28.1275722909 27.9598732338 27.3462922911 27.2312529674 27.4133449582 27.1742430058 27.4397158992 27.9280465941 28.0912478491 27.3344192813 27.3958613041 27.4794679672 27.3811831306 27.329174311 27.2236680024 27.5444267201 27.9217494079 27.7129736249 27.0225821672 28.054213851 27.6982055585 27.7919856523 27.8617652437 28.2250716987 27.475735555 27.9839843591 27.2742340845 28.2144371906 27.6194607984 27.756339013 28.062415483 27.6063704513 27.2821116519 27.8701522237 27.9608102835 28.2895958787 27.7772659415 28.0938616439 27.0928330192 27.9404931646
27.0485992187 27.7141470746 28.0217659605 28.0762485734 28.2293295265 27.620645184 27.5998458525 27.335670219 28.3698587034 27.4864872569 28.0399216103 27.7807077291 27.6098943397 27.8658302076 27.0240037303 27.7874160597 27.4027465531 27.2743143051 27.8368851516 27.7141020143 27.7181665477 27.0826889623 27.7859536282 27.9330725871 27.9744854812 28.1166619629 28.0727006643 27.0561407281 28.3102578376 28.2059514619 27.7624918567 28.2710589791 27.6225625942 27.1711389908 27.3581995376 27.8662833862 27.8260821653 28.3407657147 27.1289467711 27.1938872069 27.8224572344 28.0186733836 27.6166955183 27.9713315886 27.5764248723 27.1225727389 28.1462667382 27.1870905679 28.345532766 27.4746480142 28.3520119283 27.9669892374 27.2028698446
27.2052039055 27.3413794033 27.8039515203 28.1699418859 28.2368425586 28.0880383181 27.9064917895 28.1460524081 28.2868743557 27.4854108303 27.5426672825 27.5346598989 28.2782263769 27.1540870052 27.3416325806 27.8181852292 27.930478911 27.2836179911 28.1760786163 27.3407975261 27.4791596375 27.6385975526 27.4681229279 28.1417186523 27.4936978441 27.8508837999 27.6060328807 27.0239420077 27.351330637 28.1903064907 27.9432503254 27.3921355976 27.6210089613 27.236341547 27.7939471669 27.1757317911 27.4154366025 27.2536304314 27.1168863482 27.4337907095 27.9118815188 27.1375668397 27.1693837093 27.7456092865 28.0328773416 27.2980056555 27.8183992419 27.1457533873 28.3132088505 27.5165480384 27.4309999286 27.8799709002 27.9958712384
27.6403770925 27.1461369359 27.4407183315 27.5733656864 28.3122192567 28.0707127133 27.8859373785 27.7323859169 28.1960289762 28.3332258016 27.0738601256 27.9826080603 27.3326848283 27.8882366084 27.2132579285 28.0806224253 27.1011864686 27.6529653562 27.6675072012 27.3885200621 27.5404582273 27.5295827438 27.4985534615 28.1025207158 27.5915014435 27.2334139691 27.6590185285 27.636883737 27.0135913823 28.1848912126 27.6499008405 27.8847128891 28.4023999461 27.781887393 28.3778373148 27.0180413382 27.6014613529 27.3007802736 28.1238680918 27.4545112091 27.6502714844 27.4537850441 27.0485336585 28.4001084198 27.8196337433 27.6040941841 27.372091369 27.800461557 28.2560736004 27.7890719336 27.8291357665 28.2770299644 28.3263780236
28.1250223157 27.5974349212 27.5126609332 28.1260694511 28.2499295502 27.3625073893 28.2026735204 27.1535154436 27.4307536724 27.6879927034 27.033115792 28.2502657639 27.7393434446 27.1632509373 28.1649941354 27.8312731205 27.3850668883 28.1211961473 27.2473835921 28.2052379073 27.5881413617 27.6631562403 28.1751147333 27.9798560397 27.7376469562 27.8057539722 27.9736345978 27.5699298613 28.3283567407 28.2008330853 27.723751696 27.0089480238 28.2630806718 27.4186728307 27.8208360327 27.0097954383 27.9373680614 27.0337450596 27.7407569579 27.1191825301 27.1312371306 27.7060830279 27.0445982454 28.2821597367 28.2846793711 28.0045183268 27.0219983128 27.645659661 27.7772202633 27.7507441568 27.588482 27.5672749145 28.1721793725
28.0603291885 27.2107014299 27.0637406884 27.2943309994 27.0195474408 27.4911797335 28.1741475941 27.5361796771 27.1188069689 27.6501839851 28.3210851367 27.5439076545 27.1131839376 27.291230144 27.3503786999 28.0703178564 27.0834916677 28.2919859444 27.0592486658 27.4023522168 28.1970472371 27.508669314 27.5335149268 27.0858963578 27.385064745 27.0080591248 27.490824388 27.116895 27.1355867152 27.7098122852 28.2925778581 28.3556181982 27.9021211956 28.069736751 28.4056044533 28.4038901602 27.2963381199 27.7597158265 28.1042534407 27.6703923152 27.0841896806 27.0727540855 28.1241652678 27.3455630276 27.443348146 28.1210154716 27.7458304654 27.7393711505 27.6155372164 28.0302641691 27.7816761213 27.8990637493 27.6517054098
27.5096040931 27.3804532188 27.2528357885 28.191217689 27.4969027576 27.7584487009 27.8963803236 27.6048492398 27.5232911796 27.3289689811 27.703509359 27.6886059742 27.4516337626 28.1984627469 27.5716723861 27.2048699569 27.5482663417 28.2758171095 27.5240360628 27.9851476377 28.4024200412 27.4412183137 27.698478516 27.954469548 27.4361830904 27.2499920416 28.261260649 27.6360633102 28.3846199305 27.8837297061 27.2508166703 27.7433981186 28.0683619201 27.223811121 27.1895168827 27.4213356833 27.1147195208 27.715727052 27.3257734321 27.1542056134 27.2224614017 27.2770518313 27.9892380979 27.7061780803 27.1945539929 27.5615663726 27.9381758008 27.7694717922 28.1858464343 27.8253176188 27.0168167237 27.3096693837 27.814108438
27.0423885119 28.1156326968 27.3937176561 27.7897486114 27.8512971457 28.0146958535 27.7496059863 28.3091839553 28.2892368758 28.2764033715 27.4682767616 27.9584088656 28.0069590225 27.061671804 28.1871197349 27.6924718785 27.795415666 27.9319277732 27.8587862099 27.9999705829 27.9849133817 27.3153125258 27.9667467437 27.1608817416 27.4589299575 27.5330095822 27.3528358167 27.0057816186 27.484192024 28.3752856552 28.3431758843 28.0337621207 27.1101458008 28.15167433 28.0219901435 28.1107334965 27.0913402171 27.9502503888 27.259875801 27.3905265487 27.3634978443 28.2580496454 27.1670119306 27.7814948607 27.132337217 27.4651191586 28.351806912 27.7784376595 27.3698902589 27.006586378 27.4792465765 27.2502833802 28.1317751667
27.7025327318 27.1465167362 27.6104646356 27.2241702006 27.3846528933 28.348071289 27.3639831488 27.3878313775 28.3020071169 27.0397371403 27.2197615387 27.6577922125 27.9631066826 28.3698977584 28.0606251152 27.2999120991 27.9258269711 28.3910030483 27.9623714944 27.9456537585 28.1844019677 28.3712278758 27.8818888021 27.6306919617 27.6961535961 28.2933765769 27.2485215067 28.2176573093 27.5019714994 27.0451994707 27.6193992282 27.7087582343 27.9817632228 27.0512313713 27.5480843142 27.7318936779 27.5453831165 27.8441870906 27.7358706283 27.1288359094 27.5223085635 27.0458074053 27.6376754821 27.125201185 27.7208737579 27.829981138 27.4636056038 27.8530550035 27.5227100217 27.9292117189 28.0077742939 27.7711159838 27.4380957511
27.2462767414 27.1350208529 27.3060566527 27.5273574592 27.8987934074 28.4066528857 27.1969106776 27.2300929385 27.1826533674 27.6500585632 27.9502737521 27.2589885063 27.5983421462 27.8986870233 27.583891826 27.362253929 27.583662716 28.1581056966 27.9633378862 27.9682469788 27.63698546 27.138162155 27.7964536847 27.3971495946 28.024720055 27.0710668458 27.5090248255 27.3745405907 27.6897351324 27.0455411689 28.2183155516 27.7339265876 27.2676633466 27.3876545929 27.8390866041 27.7173480099 27.0314990922 28.1363276098 28.0022207185 27.4196412163 27.9572755492 27.8072665791 28.3100609312 28.2394004323 27.3371736553 27.6316947557 28.3650660731 28.2327542504 27.3846126818 27.0594857178 27.4798211299 27.9395972796 27.0168157341
28.3658212845 28.3526164613 27.8034935722 28.3240336782 27.517171859 27.7970173232 28.1548914544 27.0297149388 27.0450313281 27.3550513133 27.4229370792 27.8870099611 27.3237996398 27.0431041034 27.5449538106 27.7430505709 27.3062549253 27.7306678631 27.0083142467 27.1157394289 28.0600110791 27.9998647281 27.9248943428 27.685297501 27.1072550248 28.3330510963 27.4624814598 27.7174561811 28.2946121121 27.4811279631 28.3962920327 28.2749495338 27.8379843186 27.7901316596 28.0437748931 27.7957389206 27.9782146001 27.7216370621 27.9363714601 27.5639295878 27.3786660128 27.8464519356 27.5921608722 27.0171205566 27.1395045236 27.4129291486 27.3550219038 28.2568876756 27.9082283826 27.4108310332 27.2443637586 27.5394589184 28.1055466591
27.8321675184 28.1210723523 28.3168462139 28.0839284681 27.3098459917 27.5333071282 27.1114643468 27.9795472513 27.7717111977 28.0101353172 27.629599671 27.4661345211 28.2744479038 27.7933551595 28.2373246181 27.7477326871 28.0738744438 27.0262893644 28.2463155831 27.2162662436 28.4084036941 27.6681759713 27.0883760604 27.5933450009 28.4082328052 28.1985899068 28.2744884089 27.5578177658 28.1134699929 27.0895901457 28.2170006237 27.3917368393 27.1103629646 27.1098332732 28.1682814934 28.1450710845 27.5767299525 28.0862751043 27.7793996251 28.4004262777 28.2553972859 27.7724018536 28.3119508328 27.0021538006 27.5023264256 27.9306708156 27.4228702096 27.2476720522 27.8567687201 27.1243241427 28.2349463632 27.6314112772 28.1326963508
27.4541172466 27.8651569909 27.4351800774 27.7497964679 27.2465885185 27.3248921205 28.3932477877 28.3526679109 27.8941142433 27.3296704011 28.0955646815 28.0616028275 27.4983776969 27.9375535259 27.3339006198 27.1130477892 28.0761924265 27.4629047238 27.9125894304 27.1150687081 27.5518338292 27.8066881764 27.8550904979 28.3979299266 28.0700913814 28.1914829915 27.6583664435 27.5431652649 28.0392865436 27.9039320655 27.8154372957 27.494772857 27.3386230237 28.1067410694 28.2252305122 27.1405121843 28.2479495549 27.8208039172 27.0781837103 27.2155417648 28.1669606461 27.5526379592 27.710687114 27.8262538399 28.2327744633 27.8257564852 27.3170745456 27.8047975418 27.9482214377 27.0975139233 27.3798298174 28.0412959946 27.532943208
27.3750407543 28.1221693393 27.5306196832 27.4060755259 27.2712650279 27.803656118 28.3767185573 27.1842823396 27.2956447568 27.3101352186 27.3582125895 28.2977982069 27.3838607396 27.6720421636 27.5638745228 27.5398268112 28.2247020497 28.2863724378 27.6372601128 27.7802921898 28.3670307937 27.2397342341 27.6401175693 27.863097632 27.1841092098 27.7104991616 28.2638324757 28.3715245115 27.415597037 27.7959168806 27.6601301885 27.6063759044 27.2487337476 27.823725802 28.3680339268 27.9872869324 27.6926545123 28.2611685834 27.7316070696 27.4792403276 27.6329536457 27.7278859974 28.1389185621 27.8671678818 27.0312810047 27.908832113 27.8854986903 28.2356887681 27.0548806408 27.6058668787 27.5744024475 28.3876633208 28.2665122369
27.0098197145 27.3039008863 28.1901051146 28.0921174015 28.3699135728 27.5950326373 27.1072379517 27.0736252204 28.0417927732 28.0312822914 27.9250495879 27.5200146094 27.6889767852 27.009659504 28.2907505405 27.8557027569 27.7242059708 27.1605918688 27.9351327237 27.1360719213 27.838231111 28.3013596433 27.034670901 28.0012450237 27.1577178184 27.0541634088 28.1878238454 27.1485790107 27.9071255498 28.2051188485 27.741876596 27.4583108606 28.3317192956 27.7844748535 27.4263520046 28.0326654588 28.0194341226 27.6526120999 27.5100893982 27.1114939639 28.1759703222 28.33260923 28.1708424649 28.3064304604 27.7788152924 28.3872730941 28.0310385849 28.3256068341 27.8196355057 27.2529013932 27.742275582 28.2736495769 27.2041977018
28.3199605245 27.3102814539 27.3410449117 27.8438777508 27.7678325653 27.2412400232 28.1970556574 27.8864672921 27.4261027443 27.7768117909 28.1365096672 27.455773434 27.8584197536 27.5783331172 27.7527832375 28.3547002046 27.0009744705 27.4287616635 27.5793529865 27.4261630879 27.0399723131 27.4994947913 27.6667099168 27.4282963958 28.2677113117 28.3805819898 27.7259346536 27.7240561331 27.5287521825 27.7727221693 27.1079382151 27.2268558244 27.6764616857 27.2845419506 27.1216645333 27.8958553139 27.568007769 27.5148940799 28.1112587231 27.7306916742 28.1389206443 28.2681918241 27.5704606481 27.2333694671 27.1453659989 27.8242655432 28.2312425676 28.3433150039 28.3714221564 27.5746868681 28.3153672975 27.1648400934 27.0987776952
28.1348860075 27.5479810788 27.4273490218 27.8667095983 28.0293347164 27.6774904358 27.7739234495 27.8106610328 27.8765459846 27.1857265857 28.2511906243 27.9342097795 27.3253301853 28.1976388984 27.5042961703 27.9364218685 27.8322027715 27.6251902842 27.2861522866 27.7059457596 28.2844250962 27.4766416359 27.8824938902 28.0342822022 28.4010938747 27.6170366163 27.4913114852 28.1717375056 27.039032987 28.0664714175 27.5503112971 27.5075712919 27.47799908 27.2638486966 27.2720296453 28.077485245 28.2279686891 27.4317585083 27.2735305389 28.159928446 27.0661599932 27.80968462 27.4079288595 28.1045063571 27.044554639 27.0262002912 27.139444579 28.0080551127 27.222092049 28.1862989687 27.3833707222 27.115891872 27.029686042
27.0219294366 27.3421722334 27.0416411782 27.6847607503 28.3411051514 27.6904986367 27.6687298769 27.9919998103 28.0619879639 27.9835548882 27.1949858036 28.2394896208 27.6932759709 27.9217868549 27.9484836606 27.6312824085 27.9934370823 27.8717209583 27.9073816698 27.0947765736 27.4267501643 27.1280450614 28.1496008707 28.0750797789 27.2257306378 27.0309673968 27.6668085091 28.3370689256 27.5853969035 28.1182619562 27.2416075758 27.3887825099 27.6402264357 27.2924813646 27.0553059094 27.356185767 27.6631887927 27.1229890049 28.377914151 27.5337809357 28.3681656506 27.435641037 27.8921161149 27.3360823412 27.7506639274 27.8674198931 27.4034722534 27.7940611723 28.2297518789 27.2154519635 27.2712006079 27.6888321581 27.3108762541
27.5015009714 27.3231885397 28.0904494452 27.4324916923 27.3167063795 27.1518725309 28.1660868429 27.2550993108 27.8481320895 27.0119431223 27.5068296501 28.1517463623 28.2537907639 27.9060224333 27.908372662 27.1384550064 27.8460941132 27.8358763433 28.4137697245 27.1935832973 27.4761529015 27.9058717479 28.2951365025 27.3095798435 28.310169558 27.7937233154 27.2558242435 27.9440722554 27.7134081951 28.0300368004 27.1801493519 28.2948777166 27.0698411251 27.163684699 27.8057023435 27.3519221153 27.0184572905 28.0371073747 27.2234186109 27.5170516824 28.0070906972 27.7893561825 27.5815039132 28.1747649842 28.204614265 28.2238050376 28.3173546088 28.3318923955 27.149261811 27.8281918176 27.8797775525 27.8692223904 28.1239306918
28.1042899336 27.261089757 27.6748076124 27.891992009 27.3802442419 28.0691010496 27.4476839695 27.1812685727 28.2871488506 28.2233866339 28.3394935826 27.2219536441 27.0560946496 27.9978461082 27.0723894084 27.8821940025 27.6279885357 27.2893129737 27.746774452 27.2254798087 28.2728365289 28.0357552437 27.0971827166 28.3573164089 27.637593531 27.5155241847 27.3080243151 28.2415038461 27.1954074808 27.1895221377 27.0084806446 27.3685081494 27.0269816221 27.306207653 27.7088105462 27.8646336272 27.6032824049 28.0359641322 27.7325835729 27.283997478 27.7624776829 27.448809317 27.6967199026 28.3057019999 27.7499257685 28.2510846638 27.3660627818 27.2278830299 27.2224239298 28.251693555 27.6646527076 27.7858156316 27.6866164868
27.7598020351 28.3850254085 27.008944338 27.9331120296 27.7802486518 27.8478508873 27.8594191881 27.1572470504 28.181949218 27.4349756068 27.1965567124 28.2664683822 28.2868974477 27.1285208656 28.1297874998 27.2136351289 27.7300239207 28.026564855 27.447962051 27.0056590718 27.2852984223 27.211686592 28.1919391198 27.4505672637 27.4272989426 27.1360031326 28.2630965467 27.6271577831 28.1380964808 27.9052750453 27.2161093363 27.4647205998 27.4979001132 27.5732398052 27.1346200041 28.1352094755 27.9899109269 27.491748961 27.3948373193 28.1155905991 27.7036363091 27.7953566893 28.2785429126 27.5542625268 28.2383632864 27.2039766717 28.1385102972 27.7252522144 27.148320356 27.751549265 27.3809044777 28.3893996825 28.0199462493
27.0024197272 27.6042260019 27.5207726422 27.6036233622 27.6205226164 28.0101830204 28.0764579366 27.4173121819 28.1697616706 28.1576563354 27.1653561543 27.4951010106 28.3792440085 27.8324986909 28.0413847977 27.0675074938 27.5553663189 27.5761838144 27.1106663177 28.2635292771 27.7034530819 28.1913445747 27.6938754688 27.7811996776 27.906871692 27.5138402534 27.2142509839 27.9331872564 27.4908255907 27.509062056 28.0808257599 28.1203177908 27.2199737768 27.8372561618 27.8545551865 27.2132390795 27.812945048 27.7158994531 28.0521576296 28.0376416607 27.617833052 27.2570414711 27.7980655249 28.1908680921 27.6562925806 27.3675535864 27.6349538472 27.3323935151 27.6270629734 27.4191383427 28.0322272997 28.0112061685 28.028212296
