Spatial_Output/90% DEC/90DEC_0491.asc
NCOLS 155
NROWS 192
XLLCORNER 196769.923733
YLLCORNER 449719.875193
CELLSIZE 27.603701
NODATA_VALUE NaN
[rows 0 to 22 of 192, columns 0 to 52 of 155]
0 0 0 0 0 0 0 0 0 0 0 0 0 0 0 0 0 0 0 0 0 0 0 0 0 0 0 0 0 0 0 0 0 0 0 0 0 0 0 0 0 0 0 0 0 0 28.3973091276 27.9294119803 27.6380018612 27.7809347132 27.8105032073 27.1993346925 28.3466370871
0 0 0 0 0 0 0 0 0 0 0 0 0 0 0 0 0 0 0 0 0 0 0 0 0 0 0 0 0 0 0 0 0 0 0 0 0 0 0 0 0 0 0 28.104774532 28.328528514 27.6669894614 28.2976788353 28.0352467428 27.485345041 27.9492764094 27.2463508657 27.749305338 27.8267691186
0 0 0 0 0 0 0 0 0 0 0 0 0 0 0 0 0 0 0 0 0 0 0 0 0 0 0 0 0 0 0 0 0 0 0 0 0 0 0 0 0 27.1530948695 27.7427146601 27.7288308761 27.8274053948 27.892155837 27.7373120506 27.4312872695 27.3593867488 27.7140241278 27.2411543759 27.6649997928 27.8603381156
0 0 0 0 0 0 0 0 0 0 0 0 0 0 0 0 0 0 0 0 0 0 0 0 0 0 0 0 0 0 0 0 0 0 0 0 0 0 0 27.6129787646 27.89075763 27.0384369506 27.2149129596 27.3760640416 27.3101995162 27.5395962793 27.0897953828 28.1720663436 28.3431600407 27.5016805013 27.7441961361 27.0195524163 27.0455369555
0 0 0 0 0 0 0 0 0 0 0 0 0 0 0 0 0 0 0 0 0 0 0 0 0 0 0 0 0 0 0 0 0 0 0 0 0 28.1195639848 27.3643336067 27.0641353971 27.667111854 27.7285246412 27.4334204794 27.8956285792 28.2807625794 27.6582432559 27.6806364961 27.5675462725 27.3907793621 27.7184009743 27.1335757524 28.1206290777 27.1020045785
0 0 0 0 0 0 0 0 0 0 0 0 0 0 0 0 0 0 0 0 0 0 0 0 0 0 0 0 0 0 0 0 0 0 27.227104402 28.3916596663 27.44849305 27.2479138637 28.161485904 28.2049720262 27.5016515197 28.0874945463 28.3825020903 27.3154609091 28.0520768122 27.9621776149 28.3472453738 28.2115193958 27.1330454878 27.0985067246 27.9657767596 28.1301529265 28.2325503738
0 0 0 0 0 0 0 0 0 0 0 0 0 0 0 0 0 0 0 0 0 0 0 0 0 0 0 0 0 0 0 0 27.4121287838 28.3561060992 27.2321409846 28.0837887674 28.1847364181 28.0949031003 27.0519156424 27.3632421818 27.3131656332 27.7934119755 27.1590446374 28.4055082738 27.7013016674 27.5378926808 27.0507558496 28.2884853788 28.3645116502 27.7224455106 28.3514283923 27.9632216319 27.3804612858
0 0 0 0 0 0 0 0 0 0 0 0 27.829547919 27.1695316286 28.3615908333 27.3024030738 28.1931077655 28.3650824446 27.0019587303 27.4083440959 27.1248530345 27.5103352188 27.4523077182 27.6870929665 27.8362850149 27.8608107181 27.1578895543 27.2006938269 27.6552900489 27.2237911539 27.6284880525 28.1589863432 27.5166251624 28.0528372559 27.33247451 27.4719918532 28.0873655804 27.5781467295 28.1943291612 27.6613255188 28.3664971084 27.644813604 28.1194083699 27.892081462 27.1562762721 27.3853697309 27.6138832668 27.4017636729 27.4981476668 28.0719780818 28.3793800425 27.1860052376 27.0573407675
0 0 0 0 0 0 0 0 0 44.8750079875 45.6374663254 50.4386151835 27.7142065628 27.6243436471 27.8772403801 27.7132671581 28.321458985 27.1973583962 27.6422235585 27.9388772275 27.5785460412 28.0125413873 28.0158013012 27.5616115553 27.5863726223 27.3823255597 27.9917629147 27.3487954478 28.2470180714 27.3391594396 27.9512132201 28.186451959 27.0697501569 27.2568686767 28.1855045828 27.0007572401 27.1586803374 27.1321178516 27.3693446638 27.1341966051 28.0335725008 28.1774579519 27.830076293 27.4140439213 28.3784435096 27.7126229428 27.5564158707 27.8119083012 27.9072200346 27.5937730392 27.8013536939 27.7925026491 27.8184453968
0 0 0 0 0 0 0 0 0 38.9280473466 43.2519599957 45.3043002539 28.1392437459 27.8792714507 27.4692960658 27.9220714237 27.672381133 27.4107646595 27.4038773568 27.3737641505 27.3837460387 28.2795005631 27.5941852602 28.1554229354 27.4549916899 27.4169577512 27.4808141388 27.1513146646 27.9373478926 28.3828026259 27.6986629508 27.3343881262 27.0522476836 27.6238466399 27.1161927504 27.8426956129 27.7249155101 27.1798233931 27.1395567648 27.5316437438 28.0437519687 27.9228618646 27.3382981738 27.5605613557 27.2096194319 27.6783731603 27.1323355198 28.1888421116 28.0078359379 28.2030214972 28.3897317759 27.254704659 27.4270539391
0 0 0 0 0 0 0 0 0 46.7994339856 47.0842587056 41.581886738 27.5101518515 27.3012484213 27.74868105 27.0018886036 27.2524603706 27.5633075198 28.0054986812 27.2596112758 28.271501876 27.4040652478 27.0105854297 27.266560986 27.9036922196 27.6320695966 27.1405810259 27.5420657031 27.2473977258 27.9445367847 28.3698902361 28.0191998099 27.1097304919 27.9163061474 28.1635409143 27.0638296618 27.2959384433 27.1728328103 28.0138732186 27.6652440416 28.408315726 28.3022096655 27.9327382094 28.4058779547 27.2377118922 27.3981022855 28.4008530946 28.1163422808 27.7099689555 27.3316184298 27.3801772366 27.6044316183 27.8443164607
0 0 0 0 0 0 0 0 28.0476653864 28.1787799768 27.8811716874 27.3375596624 28.1534800559 27.2598178852 28.2505200207 27.3254320842 27.6083159903 27.9569509411 27.1791120806 27.9499689192 28.3095022788 27.3556744583 27.1529753984 27.810905344 28.1660927912 27.7555438864 27.8410069695 27.3966009203 28.2662198007 27.1333773882 27.427419008 27.9553779112 27.5240480293 27.2492392561 27.5422255103 27.6744434147 27.6988090527 27.527308024 27.3817505234 27.8314622494 28.0363575007 28.3128385031 27.094661631 27.0918776891 27.9143585898 27.7432618833 27.7095226628 27.8020947832 28.2169652713 27.2200293192 27.8036431119 28.1253079472 27.2857159252
0 0 0 0 0 0 0 0 28.0601074942 27.0858956842 27.4581354356 27.7940181847 27.1370715292 27.6654991628 27.9174201128 27.5762644811 28.3450653519 28.2542206353 27.7739697374 28.1783413347 27.5153338137 27.4234051697 27.7807445472 27.928581229 27.1918415878 28.2712681413 28.0489598808 27.0369728198 27.6108416294 27.7458917581 27.1162693766 27.3540868796 27.1136141752 27.2175247793 28.2630675941 27.8404148445 27.986375331 28.1539356296 27.985005674 27.6660206384 27.5436733245 28.2663861502 27.1273608097 27.8607903189 27.3120703049 27.8771443115 27.9910919137 27.1812735697 27.4227059155 27.0526979886 27.577240192 27.3708877503 27.7908245372
0 0 0 0 0 42.1279156302 45.9482921586 42.8831107312 28.1719488049 28.3967230824 28.3073848877 28.1446049815 27.9168569672 27.0528008849 27.7414095055 28.1510213389 28.304298415 27.8212595058 27.2262901305 28.0358842141 27.7131417603 27.4533096661 28.1447770401 27.8258333772 28.1643215103 28.1541885347 27.6868925297 27.9001797656 27.6583311126 27.8223297408 28.3024448868 27.1936440965 27.7430738649 28.1843387414 27.8961547038 28.1560560344 27.6755624053 28.2243215514 27.5143534316 27.1984432603 27.8170620735 27.736433878 27.6661898205 28.2270919373 27.8032328819 28.160974392 27.9032617814 27.6755067471 27.0709655865 27.9638413971 27.3397409616 27.2536673719 27.1244702478
0 0 0 0 0 50.0827126562 47.3337430828 40.8077738541 27.6618686198 27.6870398516 27.255356084 27.2417482794 27.4887140551 27.7506825288 28.0449289949 27.1756541397 27.4846917111 27.853607339 27.5177726997 27.3052509798 27.1166338814 28.1971293935 28.3374688885 27.0201623975 27.4295931359 27.6238858824 27.1922894592 27.1187096048 27.9071167535 27.3676662267 27.3061735386 27.6355349967 28.1852544106 28.1678418829 27.312882413 27.4131950249 27.8921507589 28.2385492515 27.1462139585 28.1735460847 27.9949842985 28.1882415967 27.1459441732 27.4179931736 28.1473330933 28.0507223305 27.09995105 27.7372538019 27.7077482666 27.0808604003 28.1204944185 27.3908173602 27.4614474991
0 0 0 0 27.2847228579 43.7286201531 40.1307880849 43.6210410475 28.0688419293 27.7389481104 27.4560326753 27.8634165214 27.8870351891 27.8855865034 28.1041103962 27.2664825993 28.4029841193 27.2776633674 27.568693958 28.3718618482 27.8594633999 27.0813232757 28.1615184658 27.7875627467 27.3310087443 27.2487135011 28.0000742929 27.5626826428 27.6759327538 27.1352522686 28.1567894963 27.328186187 27.6536595137 28.0962516173 28.0097693815 28.2994571263 28.3612055551 27.4278252762 27.6854495925 27.4324813423 27.4612781403 28.3900972466 27.0656778966 28.0477516734 28.3439160242 27.6272167866 28.308584973 27.1042324461 27.6760224525 27.3662295039 27.9232922736 27.7579973737 27.3443591519
0 0 0 27.4620420482 27.7332255218 27.3068380994 27.6953503462 28.0937482199 27.4020574853 28.0700760083 27.6270833933 27.8461200433 28.1886690279 27.125732195 27.7907124277 27.7219545265 28.0055988981 28.2682283569 28.3300529482 27.9178388579 27.2417674964 27.4674214968 27.8298506373 27.2300684123 27.3869593141 27.6794142711 27.3428345578 27.6255699632 27.9573048523 28.2913901393 27.475573078 27.442362799 27.5171489841 28.2664714813 27.6029775199 28.0388697683 27.6710720936 27.7877386669 28.0097447065 27.673386625 27.3981445787 27.1191497501 28.1237125137 27.5406593587 27.5361723569 27.7839499796 28.3749536913 27.8570442211 27.2316483634 27.1326943014 28.077829043 28.256166564 28.1932191646
0 0 28.1010700677 27.5180055657 27.6883182043 28.1450660419 27.3039150293 27.7086176048 27.1964691987 27.4951981136 27.4925454506 27.569044733 27.3121021523 27.1409634453 27.6072253789 27.8872752228 28.3208680629 27.5660811614 27.3649555035 27.8673107765 27.2277952671 28.2066149186 27.8141361334 28.1159104761 28.0864156212 27.0352404742 27.7355584442 27.8625864924 27.2418908334 27.2292470158 27.4358254137 28.3192210425 27.3804806187 27.6724038902 28.3983061178 27.4493548568 27.2122076816 28.0048713722 28.0553737498 27.6687958588 27.6637828737 27.2943611709 27.2119369858 27.362554466 27.28608725 28.108118671 28.0330474021 27.0344997593 28.4006611378 28.2544725589 27.8671629611 27.0930032181 27.1952177033
0 0 27.8067193826 27.6180691453 28.2893833339 27.709201451 27.3720942777 27.6031353241 28.1145186009 28.0780195732 27.9056395388 27.8464864767 27.1319559313 27.1948979791 28.3784342667 27.6438529577 27.3767721693 27.1163010532 28.2393525534 27.2404817221 27.608290289 27.1414714673 28.3863345228 27.3138954899 27.2794350232 27.3988436738 28.1458766567 28.3767945414 27.2622584643 27.3563194947 28.2006032224 27.8345827533 27.852883579 27.0305132842 27.793258718 27.7160156415 28.0621384008 27.48619166 28.0898219821 27.8740313892 27.261384398 28.2378925295 27.4199479115 27.8514308002 27.3935635565 28.2707524074 28.3018220679 27.6597484876 28.1729659981 27.0964047074 28.0064198029 27.2756142771 27.9937906702
0 0 27.5431252171 27.733230414 27.4158038383 27.7402222218 28.0815751591 27.7716812542 28.3638455097 28.0190775587 27.9249682005 27.389777073 28.1535233015 27.0272935247 27.2376856503 27.047689479 28.0084916221 27.4146931326 27.8137122711 28.2916126572 27.0832793413 28.176478619 27.9225734253 27.0446981119 27.7372656206 27.4246793905 27.6682108375 28.1768289168 27.4950651463 28.2239216226 28.3987376157 28.3362559279 28.2728016765 28.0150120458 28.2056504868 28.390938658 27.0836235395 28.3863108246 28.2927231904 28.1307497578 28.3198637156 27.6588922426 27.894523183 27.7247096265 28.2611585293 27.1717812845 27.7593410915 27.1039149531 27.4131625632 27.7897944595 27.2473158294 28.0950218893 28.3305540417
0 0 27.2671313078 28.1273819907 28.3548978529 27.8907108447 28.346363464 27.9504046029 27.7918590655 27.4186493725 27.2227387099 27.9625433431 27.2932376668 27.714230202 28.3726962124 27.8284852224 28.3185234337 27.118001883 27.823518206 27.2713272093 27.5447006606 27.6473837309 27.0291293914 27.1398844477 27.9867630804 28.294198046 27.0812393844 27.1946548604 28.2108988811 27.4404147404 28.0397602703 28.0864211973 27.0306271401 27.6525823604 27.61949368 28.1043391789 27.4554888054 27.5093481621 28.2386695694 28.3455992311 27.2277110911 27.2269375335 28.1989219784 27.7059490389 27.335812356 27.0790508956 27.0902741105 27.1870347796 28.001233874 27.7072684396 28.0903768109 27.7364729868 27.4981169499
0 0 27.8773857866 27.5468814188 27.9998186719 27.7235917656 27.321228383 27.6748739066 27.9526894581 28.1116449564 27.5656671629 27.9310363578 27.33044318 27.5369897463 27.539029999 27.4194471913 27.1610391143 27.9561718061 27.1003946087 28.2134068024 27.0919173345 27.9986254245 27.3678668129 28.084744212 28.0512419605 27.0091633113 28.3099027174 27.2285556277 27.6845473791 27.3841879043 27.0978039498 27.9280002748 27.1449468357 27.521467362 27.9183207302 27.1578570331 27.8222705975 28.3305517657 27.9583923092 28.0087568326 27.0018691451 28.323403382 27.6393376347 27.7376305498 27.6224514101 28.4010049244 27.6006407403 27.218839243 27.3275100158 27.5440347165 27.8987282634 28.1690064387 27.4611191407
0 0 27.8422839469 28.2115318452 28.0278655583 27.347839615 27.8486640776 27.8500212804 27.26422958 28.0258560234 27.4949696008 28.133921028 27.753389781 28.0732776977 27.585905147 28.2602609282 28.3741036853 27.5475472375 27.0513571218 27.0286180331 28.2770673 27.7184241168 28.0288280977 27.3521835776 28.1170694152 27.8217673136 27.688590712 27.8564510421 28.0817504058 27.6124530294 27.2321358131 27.4123680847 27.2508669405 27.8833778108 27.4390526705 27.6645181372 28.0375529536 28.3584287078 28.2446071668 28.0263009723 27.4643950079 28.0379630758 27.6852082326 27.0281771344 28.0145262968 28.312366322 28.215512408 27.9137324164 28.2967156191 27.8280004694 27.9774455319 27.8326639716 27.8412504588
