Spatial_Output/90% DEC/90DEC_0386.asc
NCOLS 155
NROWS 192
XLLCORNER 196769.923733
YLLCORNER 449719.875193
CELLSIZE 27.603701
NODATA_VALUE NaN
[rows 0 to 22 of 192, columns 0 to 52 of 155]
0 0 0 0 0 0 0 0 0 0 0 0 0 0 0 0 0 0 0 0 0 0 0 0 0 0 0 0 0 0 0 0 0 0 0 0 0 0 0 0 0 0 0 0 0 0 34.0585741796 33.300949745 31.6409819961 34.8687101483 31.8086489665 34.8825499612 34.4607217437
0 0 0 0 0 0 0 0 0 0 0 0 0 0 0 0 0 0 0 0 0 0 0 0 0 0 0 0 0 0 0 0 0 0 0 0 0 0 0 0 0 0 0 31.7002344862 32.786040905 32.9434418241 34.6288529529 34.1364502702 34.2907842179 31.5978186419 34.4448082308 33.0975428524 34.3153414349
0 0 0 0 0 0 0 0 0 0 0 0 0 0 0 0 0 0 0 0 0 0 0 0 0 0 0 0 0 0 0 0 0 0 0 0 0 0 0 0 0 31.6796775477 32.8731221335 31.8155112452 32.8279369494 34.0634768659 34.347905107 34.6291846229 33.0037891566 32.5049550996 34.4238762233 31.8945205771 32.4261653727
0 0 0 0 0 0 0 0 0 0 0 0 0 0 0 0 0 0 0 0 0 0 0 0 0 0 0 0 0 0 0 0 0 0 0 0 0 0 0 34.8206811681 32.4869687406 32.596650556 34.6610684931 33.6802535253 33.6584912649 34.2172218636 31.6259455621 34.6285733425 31.6779820578 34.5066325747 31.9566378534 33.2512039833 33.241174739
0 0 0 0 0 0 0 0 0 0 0 0 0 0 0 0 0 0 0 0 0 0 0 0 0 0 0 0 0 0 0 0 0 0 0 0 0 32.5128552659 34.7257251247 31.8742908542 34.684909984 32.7881187902 32.1039379001 32.1300586212 33.7135614424 32.5379335214 31.8077583794 34.8183958454 34.4706107971 34.5466219046 33.365790157 32.6938546802 33.9714605903
0 0 0 0 0 0 0 0 0 0 0 0 0 0 0 0 0 0 0 0 0 0 0 0 0 0 0 0 0 0 0 0 0 0 33.2494701387 32.0512310557 34.3868888553 32.292510736 32.1725377896 33.6586791387 32.1479285634 33.8088684513 32.1665392125 32.000748545 34.9340469745 34.5276075475 32.6843718697 33.8305715443 34.3735105699 33.2322269214 32.046512645 34.6564624583 32.9165819138
0 0 0 0 0 0 0 0 0 0 0 0 0 0 0 0 0 0 0 0 0 0 0 0 0 0 0 0 0 0 0 0 31.7141275179 34.6413019008 34.6963490209 34.8408404865 32.1118767908 32.3930159198 31.5887031817 32.2310186714 31.6155427116 34.4688592443 32.8233067867 32.5963967826 33.0417013015 34.8282445952 32.8315920506 34.4960531403 34.9201856281 31.8097783246 32.4896710483 33.2219071794 31.8478447526
0 0 0 0 0 0 0 0 0 0 0 0 32.5382786489 33.0694192616 32.34598163 32.9904054672 34.0890848406 31.5982303357 34.0349471179 33.3065211412 31.691794041 34.7545767443 33.0807248653 31.522899548 34.1081565747 33.2794410195 33.8807957217 32.0377427291 34.7173613255 35.0304064153 34.7191943498 33.2919976982 33.5809764955 33.6121464138 34.2602175115 34.3048301301 34.5726346545 31.7973953872 32.4750819868 34.7779360744 31.5974460137 32.6819107382 34.4590443761 34.4152862802 33.013522945 32.942727313 34.0169158093 34.5553842973 33.2913050733 32.4306899081 34.5731494393 33.8426832534 32.1973267546
0 0 0 0 0 0 0 0 0 55.5302908293 61.8961085388 63.235455925 31.8526033176 31.7533739939 32.1155265428 31.9412051773 31.5157328257 31.5289031987 34.6403691016 33.9367140163 31.9245993402 32.4852036053 33.1390369966 34.012760565 35.0302354284 34.9942587985 33.7475570314 34.6721458845 33.2304508798 32.3463156415 32.9802322382 32.8924539529 33.2711447443 34.8754291774 33.3340833291 32.8054689318 33.2136004444 33.8354417137 34.1427980634 33.8682743598 32.0604765587 32.4225959681 31.8097997022 32.4197685545 31.6463320106 32.7963234658 33.9141574467 34.7003803445 33.5922340884 31.7487288153 33.8293332337 33.8844327812 33.1383511316
0 0 0 0 0 0 0 0 0 58.4982532247 61.0997725523 62.482439505 31.6381890696 34.5853562682 33.8259641845 33.8117179304 31.8398944941 33.7540949842 32.6832407488 33.7329163799 33.7019666486 34.9394883429 34.6259858348 33.599993356 32.5890867956 31.7294664509 34.0949707983 31.7912393448 31.9215360911 31.6765082664 34.2451838896 33.6628054702 34.4443994528 34.9632391742 33.8920639135 32.3018953753 33.1560097108 34.3872385155 33.0032766356 32.5847042648 33.5453775403 31.8967395114 34.2690053437 34.7708476643 33.5883751222 34.1500334519 34.5155425853 32.6027976297 34.6262422311 34.2650714188 35.0168833462 34.9011043334 31.7000365966
0 0 0 0 0 0 0 0 0 56.0255952967 68.6363660454 66.4593272906 32.8353635546 33.0466469512 35.0313479322 34.1557353315 33.9476741601 33.0500026679 32.4372010835 32.498900773 31.796530582 32.7289762713 32.5945333195 34.821170137 33.9025946357 32.3769166785 33.3254928005 34.4066618887 32.1950946719 34.5621452151 33.3664677377 31.7445141472 34.8628827209 33.2765373728 31.9473317481 34.7406830765 34.2262788502 34.9158615438 33.8265490235 31.8406730618 34.1939530765 34.2849404832 32.1253200348 32.870162142 31.5752200397 34.6349466462 33.0443048626 31.6509542244 33.8238830489 34.5667337175 32.8464266356 32.5948039642 34.4379316061
0 0 0 0 0 0 0 0 32.7074915661 32.69788641 34.0868081383 31.5420745876 34.0044684874 33.7079270115 33.2403620029 33.2003157305 34.3093513949 33.778605219 33.2498985187 33.1873090657 33.320228923 33.3988595386 33.1605066658 31.5492204846 32.0881353576 33.9347655551 32.3125900753 34.9692959655 32.7047579039 32.1369240533 32.3284972858 32.9927674087 34.3807928984 33.1184081455 34.6099109816 34.1305506651 33.3500361404 31.5546299679 34.5910065042 32.8617380802 34.6831068551 34.6986798929 34.8157246719 32.3513496647 32.6503039217 32.0474413283 33.1747435108 34.226576516 33.2753000816 35.0098872227 34.8318857407 34.5034803179 34.9003187665
0 0 0 0 0 0 0 0 33.5179909121 32.0446464968 34.8341814927 31.7880626357 31.5386810954 32.5703707506 34.5797947152 33.3722746765 33.6258890571 34.409586833 32.5995323349 33.685014669 33.9546299619 32.777685282 31.9928343754 34.491134508 34.6020770853 31.9436226159 32.7586408927 31.5354996031 34.4278009788 33.4832725794 33.2569219112 33.510207269 35.003016173 34.9332528778 32.2815805859 32.9765572584 32.8594527212 32.0792256361 33.033100344 32.7977835178 33.97047462 34.1225972535 32.256075518 32.2362515442 33.6957360028 33.0834371743 34.0197840128 32.9981947013 31.6454980548 34.5936261547 33.2561624108 33.3936074421 34.3693717521
0 0 0 0 0 69.7806930145 61.913776409 68.5859673614 33.9945822523 35.0219392701 34.4326204512 33.3171668367 31.5861874153 34.2393336267 31.6893625032 34.5060682152 34.4115264456 34.1265078552 32.0953134701 33.6306486406 34.807139057 33.4651069845 33.4551599144 34.7930065661 31.7025261908 33.2756052817 34.6777245183 33.7255019889 31.9318717787 33.3891361888 34.8079824321 32.4571760349 34.4615260865 31.523943585 33.3784809248 33.9969719595 32.3530294393 31.555743276 31.5209676663 34.9979239362 32.3143730275 34.9301646524 32.1356613766 32.967518823 33.8866386435 33.0898547037 34.0766794653 33.9156282752 31.8964418845 32.9015178602 33.3077835405 31.6642934188 34.7446151457
0 0 0 0 0 53.7050119929 54.3835217409 67.4330211167 32.6646246026 32.5974501912 33.449168432 31.5508780669 33.9615100767 33.7522130381 31.5807432011 34.0939867886 32.1396215925 33.8824857287 31.8120637274 34.9661084879 34.7390180984 33.8605740536 32.0632969453 34.0057191829 32.5115481748 32.7750673421 34.2648370814 33.0273408394 31.6592704787 32.8033908157 31.6288948291 33.1610331101 32.0329474524 34.8482328277 33.1846414327 33.6883406837 32.0562367835 34.9609557874 32.5401535526 34.1221634798 31.946990952 34.9461532742 34.4784447579 31.5067711581 33.9021547899 31.9572516351 32.1447003267 32.3803012682 32.0413923506 32.9721523432 34.4923859088 31.8827091524 33.5075249885
0 0 0 0 34.5196098184 62.5549737386 55.0816331899 63.2823504733 32.0516365978 32.7131242174 32.7710050486 32.1894216102 32.4140072059 33.6784329518 32.4435307684 32.4346133488 34.8034767088 33.2638460319 34.2823472828 34.4710503578 34.322444391 32.748484094 33.5000618002 33.3804488897 32.7778012751 32.5105042349 33.7726581997 33.1692246986 31.8033697281 34.816955159 33.9548955763 33.0774923027 32.1889463883 34.4834617069 34.8228820412 33.2918692711 34.2438463092 34.1911718541 34.4021118606 34.3014835206 32.5258396625 32.9576936284 33.3004999553 34.9984947964 33.6083248975 34.497630453 33.6612768209 33.0725219903 33.5070531462 34.6146656106 31.5802140717 33.6501262427 34.5362295908
0 0 0 34.5537560826 32.1901845999 34.6331665221 33.5095085886 32.074239954 33.5482708251 32.0484642749 33.154794911 32.0476904637 31.61400385 31.8762912532 34.4535684912 32.8715879575 34.4454995262 32.7621751076 32.9123014098 32.8295247292 34.6745243432 33.6206459751 32.8947395356 34.4845802166 34.4698294069 33.1141636754 32.1248763173 34.897456323 33.4497988744 32.6530011028 32.7761731342 34.5663304626 33.5164556173 34.3675637355 34.4109508681 33.565288803 32.5189164344 33.1388087094 33.4078946218 32.8862748703 31.5794904615 32.7727684709 33.7087642543 34.8041106794 32.4493572925 31.5011631516 34.9089885389 34.0376183253 31.6082528693 32.9180067143 32.9087500388 32.0612287107 32.1453116294
0 0 34.5606644709 34.2319167306 34.1965276531 34.347832206 34.2925386202 32.0796832242 34.8173646978 33.9759431121 32.6362325835 34.0673775426 33.2662270981 32.3991585084 33.5763290099 32.8797099686 33.6087850966 32.3019457878 32.2695040041 33.5651858194 34.5863908101 32.5735845561 32.4848296829 33.1942052286 32.7234494281 33.1412579987 34.6776991579 34.5569083956 32.8883427438 34.8648412316 32.373522808 33.1382549289 32.7897110469 32.3135987599 34.1649565768 34.776244784 32.4633971289 32.9343386467 34.9207370055 31.7304408313 32.7105481191 31.7206622994 31.8189520424 34.9318750567 32.0255969313 33.8063272071 32.0751364357 34.9829466017 34.9529547762 33.7551088332 32.6027195496 33.6625366434 33.5344419196
0 0 32.7192693913 32.6534190356 33.5695826136 32.1257091633 34.323861976 32.2566884295 34.58443955 34.3945981036 33.4728706879 34.9605889371 31.5091327861 34.8961183758 32.4738066867 32.9765555514 33.1383967163 31.8812481841 32.0858113624 32.3409988049 34.0459194235 31.766496669 33.1321502618 32.7956183811 33.8896076213 31.5940496966 31.9227445748 33.5070252889 32.8247567672 32.9100694393 33.9162540972 34.886723619 34.4522567441 31.5774563936 32.0413330429 34.3668229352 32.6856240037 34.1338798772 34.552747777 32.77109847 34.3072682951 34.9577516334 34.9857437068 33.3700148618 32.7704986968 33.2144802907 32.8592062737 33.6838069198 34.3557197154 34.6222064865 32.852609831 31.7002902526 32.5556176704
0 0 32.7979573608 33.616217355 33.2755476764 32.5964141667 34.5709416632 32.7078803566 32.0581532134 33.8602531108 32.2217166888 32.3881544921 33.3798173007 31.9362494528 31.7087835589 34.9841545822 31.5151030238 33.6826885907 31.5851705062 32.7155587471 33.0561314141 34.6465490205 33.1241488922 35.0219030255 34.1870490578 33.5019076391 31.8664081173 33.5912447333 32.6772348983 34.4467707299 33.6249296218 33.8690180347 34.0112368989 32.7988502376 33.2178705635 31.6718344278 34.2204459575 32.9970529345 32.0047776341 32.6801482723 34.5219180828 31.8836513348 31.5170749304 32.2855944294 34.2250512318 33.2672447907 34.0722958829 33.469314416 32.0983789617 32.047183509 34.0300756258 32.6005369236 34.8770807462
0 0 34.0570878899 32.3531094512 34.3325907658 34.7980236498 34.1364448017 33.0395707585 34.8953036112 32.2048773914 34.2242237591 34.4697501726 34.3059753589 32.4130382151 32.1248511142 33.5879938879 34.1707073587 31.5970485373 32.5697626092 34.001087666 33.376972588 31.611134837 31.9335245191 34.247084449 33.2983867047 32.254074488 34.8546502409 33.1245773233 34.9331990587 34.8337240989 31.6019394529 33.2289842525 34.7493023671 32.832283367 32.7616251357 33.0408373319 33.9518336716 33.0333614101 32.4463285394 34.0842882588 34.504700037 31.8722293537 33.5879287031 31.988178501 33.6256453136 33.4017141344 32.2624778014 34.9445051103 34.9082848737 32.0107048898 34.6218655558 32.1454541006 34.305420248
0 0 31.8274837346 32.6587432247 34.8462807902 31.6730726757 33.1516655407 33.8204103081 33.8735486204 34.4197052736 32.3500429901 33.9072149697 34.1777980126 34.7215822795 33.2697510574 31.8743253347 32.5196470132 34.6050326188 34.4741619989 33.3455161375 33.8172489629 32.8105043576 33.9144663934 32.4511416355 31.7129101959 32.2614404754 34.1703343159 33.6814801805 33.1317158386 32.1656681521 34.6242576249 33.4528550765 32.7194092967 34.7675548236 32.4144317208 34.4490566772 34.5432561259 33.83796051 34.5693520056 33.6528716233 34.0724015261 32.6281650651 34.020726549 34.0983515091 31.587469632 34.0968640231 31.8370832682 34.2363883094 32.2803089992 31.8107802534 34.7870716193 32.260806771 32.3743648116
0 0 33.500269486 32.9010862815 33.6654793837 33.5902855518 34.7716524802 34.4365771535 31.7306796171 33.3550841898 33.8519799555 31.7440127389 34.4371178438 34.9751120676 34.934285868 34.3822229105 32.0928806945 34.4986090632 34.9428682146 32.4165105862 32.6437895134 32.9959634723 33.1769944707 33.1221683818 33.7928798483 34.0555588926 34.7654206726 31.9321500043 33.8271805337 34.2154982664 33.8873738225 32.366763416 34.3027452691 32.0639789879 33.5832973156 33.3631734125 34.8186777533 32.3221440339 33.9346467348 31.8383994241 32.0565058993 34.9423668896 33.8978058768 32.3866549946 33.3363947583 32.5321636181 32.2852711481 32.2213467755 33.1733680288 33.4911161654 34.2225388852 31.869502405 33.8111545398
