Spatial_Output/90% DEC/90DEC_1383.asc
NCOLS 155
NROWS 192
XLLCORNER 196769.923733
YLLCORNER 449719.875193
CELLSIZE 27.603701
NODATA_VALUE NaN
[rows 46 to 68 of 192, columns 53 to 105 of 155]
32.6789591905 33.0571634799 32.7899337288 32.6036826447 32.7481752098 32.6330476662 32.7093609742 33.1961432133 33.1469938078 32.9614492784 32.9394993163 33.118881315 32.7650162674 32.5247169941 33.0817657097 32.9486056135 33.1998656963 32.5466561909 32.7888465714 33.0504453256 32.9689489981 32.9785968903 32.9523248695 32.7193441659 32.9090280739 32.731593012 32.5704196975 32.638850941 33.0973479206 33.1042226559 32.64448942 32.7561120931 32.8966044005 32.769927299 32.9500934164 33.1148031773 32.6980605491 32.6617290922 33.0919027281 32.6763818407 32.6266581689 32.5121802754 32.7743381187 32.7707816813 33.1832855854 32.8068609716 33.1348874766 32.8367890554 32.5495915305 33.0170588073 32.614199476 33.0861907845 32.6698644118
32.5119071505 32.8307403242 32.56210625 32.7554778052 33.1741299355 32.7637507308 32.74879137 33.112396181 32.8652801902 32.5455436372 33.1281319533 32.8026416911 32.5507761501 32.6132234483 32.5652310905 32.6094065848 33.0239896863 32.987206261 32.8270537088 33.060167451 33.0273316273 33.0218670552 33.0956869395 32.8857691772 33.1027117036 32.9653500112 32.815842975 32.85772995 32.6167322715 32.6452661789 32.7060905648 32.8382893978 32.6678473895 32.8691954902 32.9516446506 32.9672735727 32.6363621252 32.8107894615 33.0069478292 33.1760030717 32.5695417678 32.8922538712 33.1363690295 32.7382871257 32.7126888328 33.137285057 32.7110418797 33.0432488607 32.8111132438 32.9762533178 32.6271502057 32.7830977239 32.7283726781
33.0634568813 32.8959538298 33.1008393666 33.1470854405 32.9980259109 33.0146853355 33.1556949494 33.0103380553 32.5253998115 32.578743287 33.1198187029 32.6878318586 32.9512508974 33.158899831 33.0989919332 32.7845022311 33.0153962452 32.9043860851 32.8527659651 33.0726296988 32.7364898803 32.9068609342 33.0454150105 32.5747498075 32.8829580941 32.9189209506 32.8519683305 33.1994716275 33.0120756619 33.0303597047 33.0914827503 32.7696603087 33.1836807598 32.780804585 32.8334384279 32.9464440857 33.1279707854 33.0766627685 32.9398256221 32.8090127244 32.6489157081 32.7436663308 32.9729034131 32.532700763 32.9137121513 33.0361918303 32.5293017126 32.8245342561 32.8769186474 32.9211361293 33.1903405393 32.9303019369 32.8170743119
33.05496086 32.9744070195 32.7779166005 33.1194167737 32.6902934672 32.8014638223 32.8008508593 32.7054275973 32.8678150766 33.1335250855 33.1490463778 33.0875162187 32.5598317347 32.8056523326 32.6151169557 32.5952401434 32.7927474396 32.7272324764 32.8279906543 32.6657064212 32.9525858201 32.6869990799 32.6494849693 32.9338375351 32.6184488937 32.8405505279 32.9667028583 33.1359688168 32.5924139768 32.5894281276 32.7093675736 32.6548507362 32.6490713254 32.8447114888 32.673227555 32.5916999861 32.9991231521 33.0036199589 32.6535936392 33.1708923172 32.6992708746 32.6390261769 32.8181615542 33.0654691864 33.0325563789 33.1636523343 32.6516612028 32.5414588827 32.7611197842 32.9193725999 32.5277238722 33.0373032029 33.1626194869
32.5480074466 33.0750214822 32.9336477185 33.0338334621 32.905486731 32.8533377419 32.8141319662 32.6654190022 32.8835553435 33.078093813 32.9672195829 32.6944369884 33.2017118327 32.8066415449 32.9751199772 33.0858919165 32.5947285908 33.0874906147 32.8504355315 33.199653983 33.054686002 32.8110721939 33.0958033723 33.0112165933 32.6815569302 33.1814007633 32.8214905246 32.7703908503 32.8773347017 32.6493948014 32.7898127602 32.7535998351 32.916315912 32.9242164744 32.7295724593 32.7689183328 32.7300291505 33.1704347441 32.8993078128 32.6706577709 32.7519324602 33.0770437148 32.9034664116 32.5382448761 32.536665747 32.8533770446 32.5878311389 33.0793629727 32.5910858729 32.7670452724 32.8751588204 32.7119581073 33.1370426314
33.1926430004 33.163553906 33.0886671907 32.8940234334 32.668192263 32.6790063093 32.8706305818 32.8269975597 33.0820226244 32.7604801151 32.7262552557 32.5987738361 32.9658816329 33.0475226047 32.7026849948 32.879670654 32.9173676863 32.7863068547 32.881052538 33.118338051 32.5459150317 33.1105338528 33.0120521305 33.0668483367 33.0027792445 32.8423020985 32.7515626424 32.7263773981 32.7979049016 32.5077166534 33.1604731775 33.0271693603 32.7717165656 33.0689066471 32.6063080798 33.0822725158 32.8809397788 32.7846431588 32.6135887742 32.5156668773 33.1719444915 32.9774875636 32.5222429401 33.1056414056 32.6698790385 32.5621460279 33.1413906635 33.065268454 33.0568812632 32.9756783849 32.6761239082 32.9971545109 32.5211097871
33.1551645901 32.6553725397 32.651606967 32.9949483647 32.8870536579 33.1556406532 32.9201124532 33.0612821046 32.9591604966 32.8516278079 32.5667074107 32.6032746886 33.0914172601 32.718166454 32.9158577124 32.9514421104 32.6078065092 32.8309777938 33.1506495943 33.024277534 32.9404281328 32.7763983745 33.1253077355 32.8851479781 32.5577453658 32.9286199192 32.537246378 32.7796287317 32.5337789182 32.5139553545 32.9146441147 33.0703651181 32.9444364329 32.9735726661 32.8112740858 32.6285832145 33.0239106646 33.0249368087 32.5797934425 32.9582983594 32.5765120266 32.8891477419 32.9074020005 32.7353852344 33.0800929764 32.647471789 32.6760894011 32.6885033448 33.0692986433 32.7630512282 33.0000491648 32.6012890113 32.9668742844
32.6628123275 32.7009661153 33.1938288107 33.0337742842 33.1994642795 32.5154900641 32.8218387202 33.0991645735 32.7476781626 32.9561261206 32.5401883958 32.7744167147 32.9308381977 32.954036166 33.1703265347 33.1426084442 32.665845372 33.0471453957 33.0760314377 33.1793916133 33.0639881468 32.8046328096 32.689191975 32.7243462787 32.7027804162 33.1119482544 33.1364722274 32.6849873707 32.8771428142 32.7546142999 32.9894262726 33.1891648137 33.0758160095 32.7548293341 33.1809171446 32.7480264235 32.7951061773 32.9767994398 32.5278307723 33.0358593085 32.5903057992 33.0329071879 32.7710096563 32.7712709802 32.7930489176 33.0574391952 33.0487535428 32.6633337441 32.9489780611 32.6328301947 32.9243959205 32.6513594974 33.1146766156
32.9916911456 32.5819236784 33.1873982525 33.1013977831 32.8858361092 32.666764762 32.8362551026 32.9005306602 32.680856229 33.0459097598 32.7659797058 33.0889840053 33.0045040159 32.7078144312 33.1712036911 32.7194166924 32.9186081257 33.0210929512 32.6844764237 33.0491551403 32.7819474591 32.7771892036 32.5165432548 32.8013469602 33.1045556438 33.1230031222 32.6162284596 32.6850816352 32.5336293781 33.0183879185 32.862797159 33.1474064966 32.796480844 32.7663839619 32.516191703 32.9231080116 32.8102862356 32.5256415955 32.8607940212 32.7987227907 32.7120772355 32.8247182475 33.1716392344 33.1733930328 32.6628679808 32.9416453636 33.1508914675 33.0707316187 32.8901190265 32.507437693 33.1074636484 32.6176777736 33.0836578454
32.9365198383 33.0060457149 33.0558018928 32.8519367641 32.8188572717 32.9919122816 32.8070474456 32.5382428092 32.7990115457 32.5500208553 32.9488724352 32.6199266084 33.2006345308 33.1387907046 33.0678937163 32.5690543531 32.5910533444 32.5067076218 32.5712663028 32.5586041448 33.0733440699 33.148997009 32.7291240354 32.9706754829 33.1980774748 32.5015882031 33.0000655384 32.8923652335 33.1200176605 32.7044869954 32.6323909261 33.1686239166 33.081161894 32.8567089139 32.9585336237 33.1525593054 33.1195154926 33.1567504005 32.8435012144 32.9270845276 33.1737708556 32.5561629485 32.5134690137 32.9623173769 32.6421139535 32.7736380201 32.6678188394 32.73405241 32.9266636255 33.0559028324 32.748502546 32.7378909695 32.5253329344
33.0279482908 32.6616214519 32.6563713782 33.1373738747 32.7808958461 33.1167984067 32.856277514 32.896996601 33.0004126283 32.7740621489 32.9718552043 32.6676154026 32.7014416282 32.71065521 32.6277888487 33.1311638481 32.6004899992 32.7811237192 33.0709278694 32.5951373561 32.5775860478 32.7424552662 33.0523127047 32.7453466406 32.9135096214 32.5066117797 32.7047928911 32.8076216854 32.9285475781 32.8384475772 32.5361136113 32.5532851651 32.8584602262 33.0910708967 32.5403679555 32.5410368681 32.5386936082 33.0963400267 32.591481973 32.9775918393 32.8929584565 33.1024449579 32.5969669341 32.8584954615 33.0948720231 32.7734331853 32.9882587881 32.9736666441 32.8303074014 32.93003428 32.7699948668 32.5243118566 32.6639974485
32.5114024208 32.7484403241 32.7925494435 32.9684462249 32.6386239049 32.7033314773 32.6972423418 32.6605795613 33.1651933182 32.72879892 33.0811793371 32.8246343511 32.5828619917 32.7179919739 32.6375775394 33.2049997741 32.7450474355 32.5955929046 32.5346745637 32.7411207866 32.5946815888 32.5048670091 32.6550717149 32.616198976 32.9894053709 32.5616326849 32.7086189843 32.9593430394 32.6151622515 32.8132909516 33.0222922351 32.7169379279 32.5976103204 32.6929489892 32.8739587038 33.0139245047 32.8361067522 32.8705674177 32.6282930116 33.2013255546 32.8162675008 32.5778895187 32.7628186003 33.0651422903 33.0330620495 33.1991007087 32.9008293553 32.9981149762 33.2004487118 32.7618165607 32.6437691264 32.7998767216 33.1266445633
32.7523807348 32.6838110412 32.5208255272 32.5393707352 32.9972764663 32.6144299467 32.8794066378 33.0360547342 32.5222247181 32.844434256 32.7063219348 32.7009980438 33.0223336336 33.0889353489 32.9486429744 32.7768808641 32.9975741554 33.0729930648 32.7029067797 32.9986818888 33.1490322706 33.1308628364 32.6039738529 32.7267227768 33.1447615318 32.987686262 32.6548564604 33.0213497143 32.9910584545 33.0753166164 32.5166041413 32.5517443794 32.9509347842 32.7898397807 32.5371359339 32.8540425684 33.141759274 32.7247690817 33.1317632269 32.7446736621 33.1957445118 32.5732500883 33.0492234569 32.7798516274 33.1494042265 32.745274676 32.6276604097 32.9068909879 32.6916734418 32.8026049791 32.9191343076 32.7531428757 32.5813838027
33.0835915324 32.6899125418 32.7189237212 32.8867714633 33.1854269395 33.1861076697 32.577781467 32.6124951841 32.8537818322 32.6692453284 32.5609239857 33.1849705249 33.0085347331 33.0527047268 32.6234437488 32.9553661015 32.8847795671 32.7451309594 32.8976357784 32.549452355 32.7908426693 32.652736756 33.1127267687 32.9350680525 32.7556756871 33.0020962362 32.9762543149 33.0100277712 32.6481462758 32.989678793 32.5509681386 32.5786917486 33.1469406548 33.1220398741 32.7928416628 32.9103775621 32.6313889873 32.6063023753 33.17966228 32.5792733723 33.1405623409 32.6151125917 32.6356292402 33.1087888117 32.9129990765 32.6218892367 32.5586410622 33.0927363857 32.5285488954 32.7594245315 32.6213407704 32.8798845376 32.924990835
33.0804189992 33.1575471766 32.8445578303 32.9673518524 32.5613705141 33.0828464726 32.6561133581 32.8566914515 32.6640258191 32.9449557852 32.8292782584 32.6250888629 32.731184982 33.0311348954 32.7541690165 32.9155017302 33.0653610647 32.8860889199 32.7968972658 32.898060595 32.7216373928 32.5902944857 32.8960463274 32.5899623203 33.0215660328 32.902733533 33.1015842925 32.8953835177 32.7697637092 32.9582903436 32.6366347566 32.5803738911 33.0264392035 32.8055670782 33.0530610326 32.7233457503 32.7435843684 32.5558254366 32.8241588888 32.5577764032 33.1423047249 32.7173436724 32.6104996687 32.6641921162 33.0054991159 32.5164398472 33.1959762311 32.8425001979 32.7509587467 33.1857175074 32.6655098009 32.7013371397 32.9856733616
32.6469100979 32.9465993177 32.9660086504 33.1009193369 33.1271722369 32.9563111447 33.1602519242 32.6647766287 32.8319762239 32.6618944523 32.9074850566 32.9480196313 32.9240008915 32.5796531557 33.0469459962 32.5268653176 33.2006914411 33.1157370267 32.6439771565 33.1976053321 33.1662147045 33.0637163941 32.7966700229 32.6088226052 33.1916360158 33.0007903519 32.9787679907 33.1142163813 32.7783543989 32.7358358764 33.0516373301 32.5994812873 32.6817965428 33.0861389028 32.5260606568 33.0049918966 32.65847584 33.1990056625 32.7298659876 33.194828637 33.0200731793 32.9154235051 33.1399072648 33.0960598491 33.0560361898 32.9407966548 32.6237491015 32.6078283277 32.9963840866 32.8773251269 32.8188104889 32.7211118826 32.7378860512
32.5262933718 32.6214864139 32.6300487514 33.1305279365 32.5715196433 32.7112425593 32.726424936 32.982760872 32.7286749009 32.7863039415 32.8825410883 33.1332741381 32.8883638525 32.9012271322 33.1046250577 32.8923322932 32.9678564246 33.2027183372 32.5243882732 33.152455711 32.7406714281 33.0540675737 32.8919282478 32.7873245606 32.8054897076 33.1888422641 33.041675348 32.8324910208 33.1027739656 33.0611034496 32.9721611026 32.6008246498 32.5117687268 33.0833116615 32.7438839876 32.5265362055 32.5826159284 33.0836937915 32.5490667768 32.5650175669 33.1538365177 32.7975220458 33.1918677937 33.0284602282 33.0901811903 32.8206857667 33.187245193 33.1949988772 33.2060207228 33.0900250691 32.8816354062 32.8691219247 32.8056043803
33.0978163479 32.5210203099 32.9549757407 32.9011077784 33.0232308333 33.1235549083 32.8158597134 32.6720300268 33.1829422693 33.0080978724 32.9993182494 32.6142596426 32.9014695979 33.0422247919 32.8038874905 32.8615000419 32.5235555856 32.8330732271 32.9569488867 32.7916392066 32.8524972133 32.6025626587 32.5482893611 32.733112752 32.9704058779 32.9399536336 32.897726057 33.1705728263 32.9590912577 32.5453178908 32.5851742507 32.8203190918 32.6092493178 32.9719066022 32.9269716468 32.9223071491 33.1123477417 33.1422821306 32.9658922135 33.1397624909 32.8491740585 33.1645782583 32.747582223 32.9630347904 32.6297875745 33.0972658607 32.8965114168 32.5291052161 33.0941399268 32.7171629081 32.8326544583 33.0533745076 32.6146507524
32.7585386602 33.1653260807 32.7798915064 32.6980832381 32.704584612 32.7084187348 33.1842810995 32.9913971203 32.7130552258 32.6189761436 32.6143229888 33.106220834 33.1872282639 33.0990515234 32.6029327668 32.9792880902 32.532866251 32.6314381219 32.8167187631 32.5110008429 33.0879264854 33.0999815125 32.9539266242 32.5583329719 32.7452070488 32.946249345 32.9357902756 32.9751817543 33.1703149476 32.9054159804 32.939953035 32.7440861351 32.8804724967 32.6829908513 32.9820241713 32.8283090796 32.8424498926 32.549070439 32.6035743539 32.9680957748 32.9471710656 33.1852479115 32.6217053148 33.1636124768 32.830112874 32.8258006025 33.1960436483 32.7665797718 32.54058981 32.9433496316 33.0572889649 32.5740315431 32.6042123313
32.7055622491 32.830100699 33.0649530181 32.7208952843 33.0234941915 32.8437058614 32.7639701052 32.6495031942 32.9204309075 32.7260016874 33.2002660945 33.1595188453 32.5293416693 32.8825200518 32.5006319531 33.0269213918 32.7766200188 33.0297370338 32.9579777788 32.8012623126 32.9004494766 33.0352552701 32.5553902101 32.7708066476 32.9781921137 32.8977215828 32.8433902115 32.7130788828 32.5076687291 33.0513656627 32.8220006603 33.0713035403 33.1699205837 33.1844353849 33.1306408369 32.7345887253 33.054240719 32.7060644034 32.6636510022 32.5157571026 32.9900556431 33.1015265716 33.1269169936 33.0212452801 33.0599281287 32.9032245926 32.776978142 33.0897673386 32.6369627906 32.7247626979 33.1397493877 32.5129561735 32.6635324799
32.6291289158 32.8814983986 32.6547139978 33.1057060972 33.1941052227 32.6400278475 33.0984204141 33.1152132688 32.9498042139 33.0367553409 32.5470844619 32.9250624663 32.6218427008 32.862673778 32.500967039 32.7589777792 32.5180245299 33.045335959 32.7832259893 33.1086675122 32.7974767503 32.5929563677 32.5645645312 32.8457205466 32.8129984088 32.8750152885 32.5482678438 32.7461465211 32.989212192 32.9991415626 33.0833899353 32.8508116651 32.7512937954 32.6088763251 32.9867561664 32.534835477 32.7212576248 32.7310638621 32.598335219 32.937853778 33.153548074 32.5306979555 32.9171968967 32.5646793135 32.7109495772 32.6355249234 32.8926730542 33.0088721809 33.0603456292 32.7122466813 32.9126669011 32.8358214662 33.0905719956
32.8848351976 33.2066129501 32.7366917437 32.800999192 32.9549024501 32.9444047124 32.8980668219 32.8095329384 32.9942001794 32.6503599671 32.8458574156 32.8064899912 32.7723318414 32.7644322337 33.0320520715 32.9159537988 32.8923836355 32.8562949625 32.5450589965 32.9999449452 33.108734948 33.1306528227 32.6723166456 32.9338711488 32.9179132296 33.0695829365 32.6857692896 32.5684867614 32.5445258665 32.5608174847 33.066668193 32.6869143442 32.7859274021 32.8763708698 32.5313840315 32.7000177611 32.5946650815 32.5599925011 32.9677334189 32.5806339009 33.1372781586 33.1015776986 33.0403390826 32.9461000524 32.7589346722 32.9276391599 33.0800893611 32.8985506384 32.8529755573 32.711599534 33.0867085446 33.0476039822 32.9532537264
33.0725365699 33.0306601766 32.9837683934 33.1827927469 32.8493865451 32.8279450426 32.7043967472 32.5963868146 32.7990898937 32.6025598434 32.6808652423 32.8650125963 32.9368054796 32.801124039 32.6782064836 33.0230185173 32.7694053435 32.8566774076 32.8472295998 32.7389677141 32.6422207675 32.9620969443 32.825534896 33.1885435272 32.5652336126 33.1218755269 33.1347240439 33.0454756662 33.003343937 32.9889927915 33.137973889 33.1442845754 32.7494171635 32.7315069352 33.1786418413 32.9193215511 33.0345571238 32.9015393658 32.8249896394 32.7061891768 32.9735208146 33.1720687225 32.9977657177 33.0781759216 32.6014958163 32.7062354754 33.0570631133 32.6055234251 32.5675351942 32.7059467902 33.0923546522 32.8299207733 33.1589801577
