Spatial_Output/90% DEC/90DEC_1422.asc
NCOLS 155
NROWS 192
XLLCORNER 196769.923733
YLLCORNER 449719.875193
CELLSIZE 27.603701
NODATA_VALUE NaN
[rows 161 to 183 of 192, columns 53 to 105 of 155]
33.0183011268 32.8964187607 33.0130174365 32.9326360118 32.506542832 33.2054460999 32.5401293615 32.5388307531 33.1553605744 32.6368358474 32.5549026045 32.682231572 33.040820878 32.8130476742 32.5998387572 32.955784953 32.9250323569 32.9913797633 33.0499613314 32.8554312765 32.9208661491 32.9549002168 33.1099228656 32.5102959807 32.8312591061 32.5438134353 33.0664406397 32.5245962122 32.6295117071 32.7593518194 33.1652917832 32.6280947853 32.9090357067 32.995174888 33.1686531987 33.0900933679 32.7458980471 33.1183412414 33.0378262864 32.7187917074 32.9925303414 33.0993036156 32.7242463571 33.089233694 32.5947694458 32.6382931459 32.8054038914 32.8263169732 32.9210028305 32.6968482701 33.1117327286 32.6269575133 32.5824956005
32.727389904 32.6659888265 32.7080454342 33.0599486458 32.7149601562 32.9282145245 32.6193761299 32.8390829091 32.7292610732 32.6363427174 32.5707564669 33.1159682436 33.1769272361 32.8707264586 33.1928548404 32.7923382447 33.0840040792 32.5958160855 33.1460333286 33.2018256656 32.652713134 32.5160020244 33.0293591868 32.7972497035 32.9783362898 33.1056103548 33.019275213 32.9054218813 32.867445942 32.5890344771 33.1267331302 32.598903848 32.5568231341 32.8848573223 33.1470702688 32.5156215798 32.6507797226 32.8875594559 32.9045071772 32.5287164149 32.7647972059 33.0634274635 32.6621058867 33.0007131672 32.7573141847 32.6696992174 32.5384635914 33.1861143436 33.0956007048 32.9659217119 32.527440701 32.6167530623 32.925789771
0 33.1799727373 32.716774372 32.680652367 32.9978192569 32.9156216335 33.1428130027 32.808913064 32.7163510409 32.622212407 32.9221839902 32.9857818478 32.5402025343 32.849619528 32.8518956758 32.8365126777 33.1005981493 32.5524580509 32.593817318 32.8827378688 32.5776608225 32.7331960815 33.1830400183 32.5276019005 32.9974034783 32.9205624303 32.8174466051 32.740213246 32.9287191245 32.7425623328 32.8003444122 32.67152801 32.565077143 32.6649326074 32.6110578384 32.552597452 33.0024959037 32.7610267874 32.5628310074 32.9799809778 32.5917127068 32.9164067379 33.0622200068 32.6362613751 32.9439346763 32.7073869026 33.1881297601 32.8144422002 32.6637521796 32.7788841312 32.7212262086 32.7835247801 32.6767240672
0 0 0 33.1699156483 32.9025593112 32.8075629114 32.7326382214 33.1864899152 32.8828212574 32.7224497809 33.2032329693 33.0363124952 32.6678862937 33.0045990564 32.7150040329 32.5129024026 32.8422589727 33.2068711473 32.9569867248 32.6539571685 32.7764536564 33.0034717507 32.7379457698 33.0474724357 32.6584594073 32.889778501 32.7395528775 32.7608873123 32.5161224151 33.0406823882 32.885441229 33.1502432302 32.6089421381 32.9133442959 33.1618387099 32.744306282 33.119404741 32.8699696759 33.0784352052 32.602744756 32.918209075 33.0216905709 33.1651449725 32.76735928 33.1544314844 32.9282415225 32.683517039 32.5492682283 32.6758838186 32.7424504872 32.7945866555 33.201342483 32.6348228865
0 0 0 0 0 0 33.0281727416 33.2005252836 32.9528914175 32.8707967448 32.8288938038 32.775967413 32.5121071832 32.6047537063 33.0678072203 33.1469732594 32.5614723865 32.5134631698 32.6527688953 33.1117464779 32.8456119312 32.8342971537 33.0585036524 32.8583107357 33.1196532083 32.5371049118 32.8731805057 33.043830178 32.5767681322 32.8118686749 33.1138493926 33.0455988581 33.0615304464 32.5921554326 32.921800492 32.6339737337 32.7363372607 32.8796383859 32.891077213 33.075350089 32.989889728 33.1013506442 32.9903581005 33.0003934578 32.9128398588 32.7403080972 32.8127629843 33.192757739 32.9708864386 32.5857128749 33.0766177605 33.0484943438 33.1945730743
0 0 0 0 0 0 0 0 0 32.7917153704 33.0576078325 32.9294989305 32.7075963155 32.7835756236 32.848795933 32.6895300076 33.1568555007 0 32.8704904349 32.7473271155 32.7239488733 33.0407432826 33.1393492419 33.1634701442 32.8155258062 33.07746531 32.9873412118 32.8028205965 32.8747751507 32.8681100973 32.8758334822 32.7878877394 32.9131782368 32.8986257027 32.6547977127 32.827020291 32.6861206212 32.9288062453 33.2046103076 32.7356524348 32.724385952 33.1991088621 32.7169588494 32.8504476837 32.9659710275 32.6355738043 32.7043506165 33.0043262879 33.1589020762 32.988013406 33.1521773984 33.0187435497 32.5215867311
0 0 0 0 0 0 0 0 0 0 0 33.1886972118 32.917270772 33.0328205721 33.18454084 32.9906874151 0 0 0 32.8711371654 33.2060155667 32.5808436244 32.5816766744 33.1792697866 32.9824899615 33.1696468048 32.5070097569 33.1941197227 32.5644389119 32.8139235968 32.7228560328 33.1775373862 32.5864979112 32.6921494211 33.2004702368 33.0363537524 33.1180229997 32.8595959287 33.173647726 33.0460326 32.5977414802 33.0499212716 33.0243668854 32.6118923501 32.6344653733 32.7753894677 33.1124551352 32.7933882336 33.0924091992 32.7090131908 32.5937054058 32.5959255993 32.6177622379
0 0 0 0 0 0 0 0 0 0 0 0 19.8977830049 19.8977830049 65.9304345373 0 0 0 0 0 32.5413419958 32.692815534 32.5605711429 32.8350904183 33.1687342238 33.1214878274 32.7271554698 33.2046816628 32.7747580624 33.0651265709 32.9109124742 32.7732559119 32.8656071839 32.6106687003 32.5880926503 32.7382032898 33.0567703366 33.1494979992 32.52654421 32.9483391664 32.9556046308 33.0862970567 33.0029016411 33.0373440583 32.9063862268 32.9995296675 32.9236204533 33.0215352943 32.9265197097 32.7434954812 32.5518733105 32.7896417737 32.7511903147
0 0 0 0 0 0 0 0 0 0 0 0 47.7250207968 51.4706369615 47.315639121 0 0 0 0 0 32.7606677145 32.8755590404 32.9231479605 33.0800073177 32.567309955 33.2046117575 32.5022532511 32.6250067498 32.8755227937 33.1704950907 32.5705129759 33.0032766911 32.962816926 33.0396997377 32.9265783416 33.0169462291 32.7687185412 33.1176063753 33.0771843268 32.8827078198 32.9962582899 32.5688094733 32.5460544629 33.1087871596 32.9491470244 32.6167404973 32.5002455933 32.6069121168 32.709872906 33.0351371323 32.5932532902 32.6790295507 32.6563132054
0 0 0 0 0 0 0 0 0 0 0 0 51.3447576791 48.6949697697 47.0030289707 0 0 0 0 0 0 33.0456201021 32.7300465154 32.9597336185 32.6638926877 32.9783986939 32.9093354178 32.6022352112 32.5523786793 32.9350442296 33.1686092841 33.0290628366 32.670353288 32.7852100224 32.9012433247 32.9871964382 32.8842204019 32.9531258071 32.6891669046 33.1038295873 32.6001003781 32.946114501 33.0118057862 32.9899041934 33.0054658755 32.9895959318 32.6934129951 32.6734987484 32.738954894 32.7764200625 32.578047741 32.5766938802 32.8165864628
0 0 0 0 0 0 0 0 0 0 0 0 41.464494796 41.7696932642 40.9250595422 0 0 0 0 0 0 0 32.9734187993 32.560020726 32.6103296174 32.8605069754 33.1931490147 32.9717908419 33.1787861236 33.1838280205 32.5395982289 33.1828649408 32.5289470135 32.9001502585 32.9288812543 33.0888431174 32.883546642 32.9244705565 32.9407641007 33.0509718885 33.1881324141 33.0381401205 32.8374662887 32.8480238929 32.9333420956 32.7767637823 32.9735045734 32.9064160768 32.8323154014 32.6689205723 32.8385445324 32.6075980446 32.5719448209
0 0 0 0 0 0 0 0 0 0 0 0 0 0 0 0 0 0 0 0 0 0 0 32.5730143869 32.7653925868 33.2050251959 32.9623733555 32.6386947221 32.5697686093 33.1459859164 32.7962699307 33.0285637629 32.6030797379 32.806388888 32.6567019346 33.1186680795 33.1707100037 32.8804846165 32.8006067976 32.7235372072 32.7715400045 32.7503276593 32.6531268908 32.9056486801 32.5782234439 32.6418025124 32.6071940723 32.7618643484 32.8028091444 32.8719040433 33.0643104378 32.7467756647 32.5816251043
0 0 0 0 0 0 0 0 0 0 0 0 0 0 0 0 0 0 0 0 0 0 0 0 32.6413993296 32.6562975439 32.6124000698 32.5896862116 32.755112642 33.0077388828 32.5264238857 32.7218682983 32.8188245218 33.1799288994 32.5880869386 33.043022902 33.056561194 32.6119707342 32.8099262341 32.6753610243 32.5210668649 32.5326886739 33.1542069266 33.1868022892 32.5167930427 32.8883727492 32.6530537551 33.1690415934 33.1040239103 33.0469355965 33.0994476051 32.6821958398 33.1983330291
0 0 0 0 0 0 0 0 0 0 0 0 0 0 0 0 0 0 0 0 0 0 0 0 0 0 0 0 0 0 33.0453020168 32.7465212259 33.1280083746 33.0671929133 32.8677885924 33.0103648765 33.0794585857 32.8223023402 33.0016977378 32.7640249013 33.1587943975 33.1358718423 32.8986690726 32.7027918726 32.9493163687 32.8929795759 33.1924812419 33.0886651391 32.7617279028 32.8933505053 33.0288182564 32.8581497917 32.9442255697
0 0 0 0 0 0 0 0 0 0 0 0 0 0 0 0 0 0 0 0 0 0 0 0 0 0 0 0 0 0 0 0 0 0 33.1175607941 32.6959050218 32.80013106 33.1498260555 32.8603523261 32.8849730691 33.0229496086 32.9598588404 32.8492233502 32.8739202692 32.6670950563 32.8536023671 32.7391247312 32.6353732951 33.1328012307 32.5761600978 33.2023270147 33.1163384985 32.8077996073
0 0 0 0 0 0 0 0 0 0 0 0 0 0 0 0 0 0 0 0 0 0 0 0 0 0 0 0 0 0 0 0 0 0 0 32.5291682312 32.7494769365 33.0879152767 33.047626259 32.8866769272 32.7337528971 32.9129956803 32.7559321166 32.9698582541 32.6509959674 32.655754613 33.0633755294 32.8452028163 32.6940814172 32.5446229754 32.8585695016 33.0579769307 32.687665584
0 0 0 0 0 0 0 0 0 0 0 0 0 0 0 0 0 0 0 0 0 0 0 0 0 0 0 0 0 0 0 0 0 0 0 0 32.5074964412 33.0268384832 32.675566148 32.7818871086 32.8486318286 32.5368238659 33.1045242976 33.0416042787 32.9393324365 32.6527243157 32.7539862999 33.1616547056 32.6739119366 32.5319164784 32.6024396784 33.1197449989 32.8297827944
0 0 0 0 0 0 0 0 0 0 0 0 0 0 0 0 0 0 0 0 0 0 0 0 0 0 0 0 0 0 0 0 0 0 0 0 0 33.087965366 32.9224648005 33.1855103049 32.7876686262 32.5005359787 32.6629811661 32.9749779669 32.5678032772 32.6469852816 33.0219494047 32.7103020338 32.5679960248 32.8902268578 32.6095179445 32.9466252882 32.9205347925
0 0 0 0 0 0 0 0 0 0 0 0 0 0 0 0 0 0 0 0 0 0 0 0 0 0 0 0 0 0 0 0 0 0 0 0 0 0 32.6283986742 32.6027976213 32.7943238325 32.6291450932 32.6023948416 32.6652130647 32.6130861129 33.1079138457 32.8099793444 32.7236185051 32.5440787376 32.966377065 33.0305329126 32.6230519413 32.8534986269
0 0 0 0 0 0 0 0 0 0 0 0 0 0 0 0 0 0 0 0 0 0 0 0 0 0 0 0 0 0 0 0 0 0 0 0 0 0 0 32.7200591312 33.0210908463 33.1882824212 32.5888889864 32.9472826975 32.6254075949 32.8534214718 32.6947803124 33.0237174025 32.5402723314 33.0551342947 32.5822790806 32.8776183582 32.5064378328
0 0 0 0 0 0 0 0 0 0 0 0 0 0 0 0 0 0 0 0 0 0 0 0 0 0 0 0 0 0 0 0 0 0 0 0 0 0 0 0 33.1752794006 32.7998052177 33.1705222895 32.7121293831 33.1398818549 33.10108029 32.9351483056 33.1011785243 32.9162917292 32.5746396951 32.9736684478 33.0289805472 32.9727868262
0 0 0 0 0 0 0 0 0 0 0 0 0 0 0 0 0 0 0 0 0 0 0 0 0 0 0 0 0 0 0 0 0 0 0 0 0 0 0 0 0 32.6653154718 32.519992268 32.8016579909 33.0489817774 32.7839349574 32.9040263487 32.7063970505 32.6183801323 32.8526605788 33.1441042756 32.5979784613 32.8916298459
0 0 0 0 0 0 0 0 0 0 0 0 0 0 0 0 0 0 0 0 0 0 0 0 0 0 0 0 0 0 0 0 0 0 0 0 0 0 0 0 0 0 32.6836037437 32.7123030317 32.892599114 32.6948820386 32.8211157045 32.8671875236 32.7965848204 33.073299742 32.5232020073 33.056399111 33.0098041613
