Spatial_Output/90% DEC/90DEC_0203.asc
NCOLS 155
NROWS 192
XLLCORNER 196769.923733
YLLCORNER 449719.875193
CELLSIZE 27.603701
NODATA_VALUE NaN
[rows 69 to 91 of 192, columns 0 to 52 of 155]
47.3625421227 46.5419532373 47.085705415 46.2384959627 46.8612208718 46.908935837 46.2520445521 46.273707765 46.9516180515 46.16823594 47.2169832443 46.0163319403 46.116850195 46.267113148 47.372495836 46.8637466288 47.0167773722 47.1205585006 47.380839499 46.6170535603 46.1965972002 47.0469441056 46.5963218076 46.5407089382 47.074458467 47.2874211327 46.2777986783 46.0576916759 46.2723472945 46.9734289532 46.7464620937 46.1753930343 46.0698500359 47.2792942509 46.0185946579 46.202162223 47.0887789882 46.1805232414 47.3058466967 46.631618331 46.0740750791 46.574850836 47.2760461904 46.9184373111 46.0553529065 46.3130293337 46.2022013239 47.1794864547 47.2993201492 46.7676133003 46.2500812932 46.3010575803 46.760384042
47.3656138619 46.3040526878 47.0517809556 46.4048206235 46.1125421886 46.9922943411 46.4708127411 46.2113882813 47.1224506835 47.2316976875 46.4596357718 46.6331990304 47.2278280875 46.966957707 47.2407917204 46.3583740414 47.3500249984 47.2598038059 46.0842837715 47.0710405351 46.5582919409 46.4660408226 46.606453341 46.4553148277 46.6979948047 46.9047185717 46.664630856 46.2378336946 46.8440360608 46.6248811838 46.0417884862 46.1202078593 46.9061816788 46.7829580727 46.2822678781 46.6378441435 47.1502486335 47.3546884738 46.3093156652 47.0008630743 47.1530773093 47.3961623231 47.1206668591 47.2216132709 46.0640505332 46.6498839055 46.1763142372 47.3472603285 46.5547762505 46.997882669 47.0387929944 46.543938197 46.9957121194
46.4078104969 46.2041738013 46.606038892 46.5144474546 46.6967795306 46.8199933617 46.0134706824 46.9350258418 47.0203937413 46.3472555719 46.8895886884 47.3310158733 46.6819840239 46.9417497242 46.5658891573 46.2002630909 47.2571237283 46.8947622487 46.7038398538 46.5949614688 46.0156968978 47.2367837696 46.5668269678 46.1447622317 46.5564425651 46.3691036696 47.2491856914 47.3410347101 47.3246839776 46.0859879375 46.186808391 46.4019826588 46.9255946935 46.4492641933 46.142312193 46.24651518 46.8532211894 46.2330581948 46.0880191164 46.8405093785 46.5550760299 46.2638849148 46.6049653912 47.2783606445 46.8815780924 47.2651944004 47.1569228024 47.3265995323 47.414071333 47.1523466368 47.0594678296 46.5342052058 46.2873479645
47.1337053737 46.0718055623 46.9680254357 46.1333928728 46.4350420501 46.8344070725 46.7291858063 47.380220943 46.2232109953 46.1840495499 46.5581594522 46.4266132537 47.0063686959 46.2249314918 46.5859393843 46.8026280714 46.8687450272 46.506006921 46.4066352166 46.3352025997 46.2784800704 46.6013747418 47.1895658179 46.8836362901 46.4230158704 46.8347781501 47.3458973354 46.8311119583 46.9196397455 46.7968023042 46.7032597301 47.0508216884 47.2860057891 46.7039658871 46.8206260426 46.0821227342 46.720874036 47.0459729462 46.1477871903 46.172406784 46.8398764946 46.0450950199 46.5975379561 46.4644278733 46.3214337394 46.4478483726 46.4262837669 46.6919744002 46.6206764767 46.479010945 46.7023033684 47.0278965098 47.3902577564
46.7676798245 46.1195700564 46.1199978429 47.1280692835 47.2063273799 46.8398097698 46.4661863625 46.2219497239 47.1826753118 47.3468962579 47.4028892659 46.132786488 46.9256738897 46.5882528341 46.0343118386 46.3511041832 47.2226537816 46.3927489093 46.9204315334 47.1456342803 46.2059417573 46.0985101255 46.3414255849 46.8430951957 46.886174463 46.9228418619 46.7849084838 46.564811666 46.9467091299 47.2366104722 46.0450512474 46.6937088104 46.287254048 46.8394372907 46.7373078518 47.344978704 46.9994500471 46.4307015473 46.7480811776 47.0485189229 46.1690762906 47.0195591442 46.2892799968 46.9679282708 46.3308927908 46.5154237736 46.3196779199 46.8927005195 46.4582560636 46.9822453219 47.4123630014 46.6504837938 46.4637814103
46.906690047 46.98083032 47.2302346147 47.0963740854 46.1188261796 47.2657089858 47.2381503949 46.1388259435 46.2125818453 46.8591077689 46.4544686096 46.5673925269 46.1581125405 46.2812249379 46.5625053003 46.2102694538 46.9795291552 46.0693765082 46.5421556393 47.3119234291 46.422296854 46.2919309614 46.6586270008 46.6063877568 46.2432235458 47.0446248597 46.7999496579 47.0407936682 46.920697813 47.0655141216 46.798055017 46.3905461193 47.127588631 46.8329621336 46.0245096918 47.0142742522 46.521619283 47.3934193962 46.9449593249 46.2039643945 47.2254490926 46.9950713691 46.8990465358 46.3597549572 46.7232451386 46.0392729209 47.1250379448 46.0625499059 46.4466025162 46.9069178418 46.1773921339 46.871205984 47.2458338691
47.1434725113 46.3442691126 46.7363691294 47.0817024057 46.2554095702 46.2450809447 46.7671827009 47.1114347119 46.9186908236 46.6222141759 47.0874752785 46.043483864 47.1107039707 46.5342087625 47.3778163071 46.8215506998 46.6912373314 46.8412231826 47.0146530965 47.4115038805 47.4016153786 46.7424300761 46.0286110088 46.6788585069 46.3501611445 46.163397998 47.3581984991 46.9662036557 46.448763473 46.9606094409 46.1293255288 46.4496974964 46.0503931984 46.7233195294 46.2683006587 46.4234425101 46.7474146428 46.0717287539 46.8969975843 47.1951430636 47.1352451483 46.2240622243 46.4536072389 46.2187427255 46.8652228633 47.2196218369 46.3142176989 47.2020223409 46.1256680112 46.4652507148 46.9685295298 47.2092437288 46.5956426495
46.9244043552 46.91577865 46.8015429089 47.0068184589 46.536420625 46.6261320513 46.1593290021 46.7096856233 47.2960839491 46.0534794442 47.0740820718 46.855792542 47.2943829064 46.5530463095 46.6192430693 46.8780577519 46.4391352174 47.0009549428 46.0431350575 46.4176197748 46.3709070563 47.3725838873 46.6026508814 46.0941931564 46.467623156 46.0706264963 46.1981971709 47.3400752374 46.0184163429 46.1717206124 46.9070190716 46.7764800783 46.2399206127 46.5241022964 47.0224195065 47.3325415702 46.9553128087 46.8311167148 47.3159652112 46.044027129 46.9760678252 47.16656626 46.017288727 47.2614070841 46.877128122 46.7072115445 47.3598339232 47.0755207377 46.3707629555 46.6580102707 46.597943056 46.3131159689 46.8666543768
46.6271704052 46.981364162 47.2798231155 46.1109465505 46.7861772898 46.7055607499 46.5930755125 46.6811377045 46.3569700431 47.3057941664 46.4526270618 46.4709881292 46.4551567873 46.6404018024 46.1690915203 46.4019499677 46.7269012865 47.2544473813 46.756011077 47.3121586518 46.3722285028 46.425251574 46.1834583923 46.066719108 47.4137277729 46.8251961135 46.8011536269 46.484565269 46.3067662408 47.0288768247 46.43796659 46.9331729238 46.9950669875 47.3378810624 46.6714405298 46.6883170545 46.6167056855 47.0554346828 46.0987296949 46.7062398961 47.2893244228 46.7500092291 46.4395131893 46.0870666647 46.5876581648 47.1173035704 46.4830291446 47.1744326174 46.774069957 46.7356914983 46.33555174 46.440158944 46.9292633856
46.1514746549 46.9262129048 47.2478317538 46.2269769973 47.128133682 46.2684680639 46.5512039513 46.5547176428 46.8300143961 46.8418174446 47.250744243 47.026596866 46.9668447461 47.1013271626 46.773301898 46.1024531278 46.0514712667 46.5214365726 46.380873077 46.7121009639 47.2592088143 46.6792575887 46.3604586692 46.7216335663 47.397702201 46.189251202 46.6236649674 46.8083073738 47.2416331592 46.8847844592 46.3837972229 47.3507587596 46.3978570285 46.2783609145 46.7877110683 46.9109016707 46.1500881799 47.1794076827 46.2697160959 46.4433422108 46.9721000323 46.7747895905 46.972957709 47.044474482 46.7254463201 46.6886879947 47.0794739671 46.1123566911 46.8398312865 46.1922741763 46.6452003651 46.512377405 46.0059605518
46.2348623964 46.0862429104 46.7253575394 46.1921586625 46.0800033176 47.3909671204 46.9829666366 46.0508041913 46.4387041941 46.6354639403 46.0505038234 46.2259025145 47.0324360275 46.91521485 46.8370065822 46.8209502739 46.2738042871 46.7100100891 46.3582091181 47.0734210197 46.9728115763 46.189789269 46.7970309727 46.5905875257 46.0914970587 47.0395390139 46.4199902173 46.3381753211 46.32517831 46.1491553703 46.7778373529 46.928937453 46.4220632467 47.0077391698 46.6677130459 46.0608208834 46.7870565623 47.1526083178 46.207315067 47.3878949248 46.3009339525 46.7746357938 47.1167410731 46.393166706 46.0183258883 46.1078356552 46.1976637773 46.7619271765 47.3040598267 47.1936193316 46.4707291871 46.0623895147 46.2997586433
47.0824098007 46.1878368635 46.205117457 47.1769719085 46.9285847026 46.5799712074 46.2236944423 46.5108143469 46.1616171879 46.7180630653 47.2593514956 46.3148814892 47.2698530431 46.0996830914 46.1765386303 46.0885860489 47.3067833372 46.8002935625 46.42086603 46.7545171953 46.8002207376 47.3181856796 47.2365137808 47.0468512588 46.0286786642 47.4044895384 46.4940006553 46.4214813733 47.3161517302 46.0186227556 46.5854270934 46.9075509097 46.6831899732 46.5246203207 46.1424307583 46.7901399497 46.2890172818 47.1765380145 46.4992126207 46.2851368392 46.3597318432 47.0635860925 47.1631562575 46.7270173285 46.5086732993 46.072846948 47.1368497495 46.2529930003 46.8073453386 46.3266524632 46.0252551759 46.5227831336 46.7897399201
47.0679225648 46.8682127675 47.3827144393 46.3073705727 47.0811468206 47.035187843 46.3091681427 46.982825746 46.0241348616 46.6005205057 46.7471586415 46.205995242 47.2489782465 46.7060747312 46.4148564743 47.0603524499 47.0856743524 46.8417947279 46.5224601922 46.8841086193 46.2408321592 47.3416776641 46.7720315604 46.0509689463 46.791234658 46.8147923044 46.6023793741 46.0949703222 46.3065678938 46.9682120332 46.8668362351 46.7842759964 46.2273143091 47.3102296372 46.8756282425 47.3600487352 47.0348699146 46.6322241083 47.3211362722 46.4249640852 46.858025531 47.250185264 46.3870784309 46.6435479153 46.89668106 47.1263826828 47.2529815346 47.2626855156 46.3480214796 46.1248271189 46.3732933019 46.0471813688 47.2734636329
46.81552331 47.3565319739 46.0290446721 46.3970063213 46.9783094655 46.5818620086 46.3038569481 46.9565163231 47.3823485992 47.1248668497 46.5130952055 47.0133355783 46.2489252981 46.0168284686 47.3711761929 46.8033165306 46.6063103989 46.6364629211 47.012878412 46.1546258099 46.9729354453 46.6515168637 47.3861172672 46.9584055288 46.0777874088 46.5592401124 47.1828793148 46.168643745 46.9221732488 46.8502275503 46.5632899735 46.0450946858 46.5792989277 46.2670169228 46.5352785359 46.4594448263 46.5755172032 47.2131683952 47.1405582477 46.1958907235 47.2605630601 46.210060717 46.4042530949 47.0857524273 46.1960720347 46.3672733686 46.0797678344 46.6759212491 46.4423437826 46.5762885309 46.6590304864 46.4295209856 47.0654984217
0 46.3904600986 46.7000701141 47.4132723204 46.6492212461 46.7415890878 46.7491835128 47.3404899304 47.0868174956 46.4527791415 46.1318091312 46.1289241771 46.6783167848 47.225897624 46.1310880172 46.9127437081 46.5530700995 47.3635840117 47.2845401976 46.674988226 46.9264011862 47.0649278206 46.0934499146 47.1578951798 46.0748086768 46.4550064897 46.543631437 46.4752008459 47.3568619518 46.108347871 46.2895041424 47.3279739198 46.7702171271 46.220204634 47.1287568404 47.2108337574 46.2117970763 46.7381025584 46.0215654658 46.1663431373 46.5458972896 46.8382014289 47.2581545256 46.9730217933 47.3275971241 46.2035732265 47.1453537249 46.1224708243 47.2656959956 46.1678244969 46.6924588108 47.070794648 46.8842089994
0 46.3303709532 46.7187700007 47.3453834299 46.767310527 46.5828479372 46.7620433345 46.9216811779 46.9805593878 46.405553661 46.2801641503 46.1100576895 46.4481938468 46.1864766515 47.1949858885 46.9789754845 46.2131953173 46.9472273199 46.6410227582 46.9833281581 46.3744015003 47.1562589101 46.8597992744 46.2679185284 46.5571397963 46.8617447813 46.5093400809 46.0901532392 46.4445497576 46.8696090907 47.216788944 46.1139445922 47.018357135 47.13398618 46.1544552477 46.5496757092 47.3342137979 46.1890122961 46.90628118 47.0077693842 46.6160440911 46.490070609 46.5971240915 46.9740753284 46.1213779828 46.7226848072 46.8774634586 47.369151721 47.3981906878 46.0501393147 47.201063616 47.0950626987 47.342878138
0 46.476319327 47.2331105989 46.1191893815 47.3559211229 46.3668586322 46.6773936004 47.1529673153 46.6939928717 46.362751086 46.6203399513 46.4589677074 46.2060150624 46.2459595727 46.8565350903 46.8488289572 46.4246388126 46.896312582 47.1030098184 46.2823185936 46.1142929569 47.1720727971 47.3637515302 46.4893291872 46.2276283173 46.8510638878 46.5840797938 47.3091104298 47.1689691318 46.0816044308 46.1547056283 46.0737511185 46.1778334203 46.6425880499 46.7880696885 46.978999213 46.883230041 46.1736876676 46.8976453387 46.7901840601 46.4680848604 46.4079392883 47.2810738521 46.4194726864 46.126254758 46.5355277106 47.3099416493 46.0145201535 46.0777347378 47.2916597956 47.1026871774 46.7648801515 46.5604632607
0 0 46.1233113761 46.8427136328 46.2624620429 47.3139519794 47.0978638023 46.2512573273 46.7826054671 46.5386393305 46.2413878676 46.8030553458 46.2924091932 46.1388522361 46.1379341605 46.1954886417 47.3631372219 46.924344878 46.0411339568 46.622698038 46.3080509016 47.2877531277 46.2972327737 46.4056322272 46.3775410219 47.4129241675 46.527426461 46.9158555715 46.6950962815 47.1056592656 47.3790032491 46.430727471 46.6958501993 46.6593722667 46.8587425248 47.2224353896 46.5791940832 46.5449709449 47.3109773802 47.3182212451 46.347886749 46.1675387789 46.945935857 46.7347244656 46.1832181261 46.2921850614 46.5423077943 47.3086087273 46.9851081353 46.575163279 46.3936218658 47.2341126283 46.4921374374
0 0 0 46.935329219 47.0613647091 47.0737409115 46.1096161137 46.577706578 47.3767533966 46.8930397091 47.0547495112 47.0995220549 46.6258605935 46.481021617 47.1493065662 46.1468386892 47.3360397992 46.9991239727 46.6709701586 46.7707224306 46.1022705531 47.1389593448 46.8312019738 46.1268226324 46.8949982388 46.8405115985 46.1172592536 46.3131554797 47.3220587997 46.2957812404 46.3511572045 46.8016434774 47.4097648644 46.0708924327 46.4164884021 46.9501517192 47.2840308744 46.0713244204 46.2628212414 46.7828269388 46.4563384692 46.0559288125 46.8536352073 47.0345139869 46.9664965742 46.8465629022 46.394162596 46.781408793 46.6710979441 46.4892299074 46.5434544783 46.1043131441 46.3395180272
68.1103866276 66.8156623125 71.4378011326 0 0 46.3086475066 46.3011095504 46.7033936358 47.3606715666 46.7259322564 46.7521563819 46.1186469869 47.2069783743 46.0264014592 46.3940413472 46.9707017503 46.2900748434 46.2216209721 46.6522308051 46.8199720848 47.127486922 46.9056918581 46.6869210829 46.1647823271 46.3111393204 46.6445602379 46.707026179 46.8749214852 46.8457354717 46.7246527221 47.1956728716 46.6041935272 47.1156492204 46.6456889153 46.5692249975 46.9368772923 46.6550116051 46.0373201054 46.8082522262 46.2817190276 46.2495365409 46.2378757669 47.3939257836 46.1684732675 46.156028661 47.2663716542 47.0584176637 47.1412786087 46.915818812 46.4291150659 46.6017265643 46.682881357 46.6714405558
67.2540936396 70.3812450122 79.4043873514 0 0 0 47.0129722905 46.7791157822 46.9591689643 46.2378191156 47.1006312682 47.3395806711 47.3185142139 46.3941657397 46.5631529516 46.7151688352 47.1081301051 46.8388110814 47.0644559189 46.82868637 46.8178159646 46.6510203863 47.3923648634 46.2842361188 46.3991870267 47.4093959894 47.3008418444 47.4136749388 46.1788540416 47.2360048301 47.1636411881 46.8394137054 46.5992548935 47.2103399832 47.3746696828 46.0206399145 46.5706571947 46.0250526204 46.8343942808 46.4401304914 47.0278102898 46.6151262899 46.6472719588 46.1721609239 46.1879544244 46.6209920556 47.0223749437 47.4040729033 46.2232653107 47.3378988028 46.5486845657 47.0366179732 47.246902378
69.7443355525 75.1689488493 65.8012549538 0 0 0 46.7312541197 46.7318517163 46.2701651058 47.412704146 46.6755989094 46.7756661633 46.7931997214 46.4991605774 46.5852095596 46.3924711854 46.7444783131 46.1607563743 46.5400108164 47.0524094865 46.1721418229 46.5501859586 46.8291741922 46.570513905 46.3327043051 46.2270225897 46.0016585206 46.3283170467 46.6208940075 47.1866815374 46.8108821787 46.2258913761 46.7627316605 46.7488915071 46.8032291163 47.2075924198 47.0087602276 47.3229454689 46.9011655637 46.7485947296 47.0816968074 47.31025855 46.119109956 46.1170047273 46.0066380401 46.7411888468 46.6240157156 46.8361107422 46.2517970397 46.0441194553 46.6560281622 46.7376335139 47.3104596402
0 0 0 0 0 0 47.0644832475 46.7598360245 47.284753048 46.6037404552 46.9495004813 46.84529229 46.5339083939 47.0422278072 46.750964082 46.5536347485 46.1925419993 46.994452315 47.3086243968 46.2703285999 46.6205691957 46.468857094 47.2869281625 46.2758258463 46.4060890862 46.2285091297 46.2832142988 46.1402693823 46.1622995541 46.7657882817 46.8680818548 47.129236964 46.358377919 47.3827407378 47.2491138215 46.0602529349 47.2918727364 46.0844483543 46.729060438 46.0317276797 47.2088228487 47.0032154813 46.4104035558 46.854654629 46.4928734959 46.911831773 46.6040367991 46.2006622544 46.8201789375 46.3226183192 47.1723472765 46.2940326962 46.7784357445
