Spatial_Output/90% DEC/90DEC_0556.asc
NCOLS 155
NROWS 192
XLLCORNER 196769.923733
YLLCORNER 449719.875193
CELLSIZE 27.603701
NODATA_VALUE NaN
[rows 115 to 137 of 192, columns 53 to 105 of 155]
26.8100521601 27.5666730283 26.8394074642 28.358612656 26.9145790077 28.5342875689 27.1903480067 28.2342679024 28.2327170959 27.0704670686 28.482403841 28.6118897904 27.5745648513 27.3989624885 27.2337848047 28.5422617026 27.1827845696 26.5639056321 26.8380424525 28.2270965842 26.5446380797 26.9342136654 26.8556984146 27.5030157985 28.2194777624 28.1207787642 28.4341575821 28.3600840005 28.1946259789 26.5958646076 28.3777214748 28.121831061 26.8459561418 28.4398660798 28.198751415 26.6229361696 28.3379809143 26.7685977072 26.5081503606 28.5255205639 27.9679123511 28.1671171898 27.8196747548 28.3937061295 27.9020032893 27.1128399928 27.4948449292 27.6038755383 28.1463416443 27.7764702322 27.3398414313 27.2512447905 27.1820023863
26.9490594718 26.9329472795 26.5621716577 28.3088732402 27.6762038609 26.5617721531 27.978767644 27.823692133 27.0373015174 26.8054739575 28.2869536349 28.5617307577 27.4313424872 28.1664293036 26.699712132 28.5511661809 28.4479510933 27.9959011224 27.628732531 26.9949364945 26.6551601093 28.4199283894 28.2662420437 27.035873057 28.3629991618 27.6307756244 28.1533305996 26.9096641031 28.1302877062 27.1833827785 27.3376535442 27.6862064331 27.8817149141 27.8292547454 28.2756710619 26.9661574667 26.755228382 26.623339297 26.5265943468 27.8540217045 27.3162603688 26.5835477496 27.1223475535 26.7762925802 28.11141869 27.3285417429 28.4836487943 28.1754047426 28.3828391365 27.0203603708 27.5156129328 27.3805611513 27.569789819
27.8412811076 27.9059469941 27.2207479588 28.5131148714 27.8577621111 28.0456756003 27.8464197801 28.366809615 28.0599800334 26.5408434315 27.9496474149 27.5014344407 27.3448767112 28.0040065805 28.2373704469 28.472770393 27.0602391682 27.1091865194 27.5403961554 27.7971742518 26.5684807271 26.5676109187 28.5289467241 26.6578332611 28.5265664386 28.4071753408 27.2903662953 27.1464862027 26.9428460309 27.3103292062 27.5826619114 28.5541159789 28.5832837777 28.0597856384 27.2522292679 26.9060832235 27.0094385619 27.814558566 27.9095278908 28.5236905426 27.0306515769 26.8236649971 28.4696564701 26.5540208925 27.6827034913 27.0919281799 26.5797315178 28.4892672306 28.5758465076 26.9008215588 26.775112893 27.1584710503 26.7866145957
27.4365173674 28.1402937561 27.370355303 27.5821001472 27.9937054206 27.2515390579 26.8572247248 27.2447548246 26.6022572027 28.1814044623 27.1199066686 28.3219079891 27.1671676237 28.3077490076 28.0541009527 28.5705874013 28.4693248497 28.57965196 27.942558746 27.3892845026 28.3006424185 28.2884461384 28.5854196732 28.3474098067 26.9224490442 26.6103389775 28.2512540283 28.5596448043 27.6639442249 27.5648171715 27.8605366594 27.1653647317 27.0689049728 28.449297345 28.398447522 27.2933870974 27.1412790816 27.7942874478 26.6551066938 27.6692935558 27.8014266219 27.0581270037 27.2946966662 26.8948520172 27.6735145795 26.6181172268 27.3705352815 28.5238169315 26.7236449972 26.849448528 27.2984183873 28.4731612113 26.5773083739
27.4551081859 27.4234419654 27.7933526774 27.9294957444 27.4287996037 27.987177497 26.9858919194 27.956926638 27.0564296569 27.250421261 26.8455530571 26.7425318099 27.3178420756 27.7982198617 27.7032453901 28.0483972676 27.1994999271 27.7255030451 27.9745248285 27.2065184978 28.174014713 26.5881783219 28.5160759227 27.3201453645 28.5258539677 26.6980031164 27.3711294012 26.9954313724 26.7121612251 27.0567355555 27.5367615881 27.8142710181 27.4914914118 28.1095459987 27.3448959367 27.2023091101 26.6476816437 28.0919081559 27.9635635725 26.6970413638 27.4321927905 27.756883706 28.560461295 28.3142209499 27.9206765182 27.4159296808 28.0184107273 28.3037561444 27.2934764645 26.6014237556 28.4317981932 26.6242669318 27.565090803
27.7532941814 28.1399481392 27.1361366448 27.7847541151 27.7241191145 26.5210607278 27.4180661861 28.4634563337 28.4323770571 28.2074368105 26.7608648514 27.7615795166 26.516808562 27.824320572 26.546439716 27.289053535 26.760164519 27.9599150613 27.8318997998 27.3404628169 26.5114363789 27.8853620077 27.2533768943 28.4929411858 28.046678209 28.00381508 27.2758273464 26.5050630807 27.5855254797 27.9146275084 27.8074677777 27.9168320717 26.5852543334 27.3252270432 26.8607179748 27.1307787088 27.3489288487 27.5848629427 27.9433749857 26.6111546779 27.8138813188 28.099774056 27.7732594957 28.2275817463 27.1805656367 28.3311868542 27.9930196789 26.6434147332 26.6913867384 27.5988120513 26.9513578662 26.5648898481 27.3307821642
28.6074088325 26.6933667848 27.504197646 28.2707718002 27.0413710649 28.384347777 28.4134229739 27.8441244487 27.0257993271 27.2999502745 26.5193384165 26.6743918571 27.8595734213 27.4053168916 27.9514048078 28.4000276057 28.3132796822 27.1353971276 28.4090595547 27.4839008778 27.5003100102 26.529487303 28.4749009401 27.0240346202 27.8885814993 27.1826489283 28.2677976108 28.1279494313 27.4915294815 28.3975457857 26.9242811315 27.181310004 26.6125674253 26.9945229997 27.9250711648 27.0752303583 26.5187776488 27.9293117157 27.0512104773 26.8098567075 28.455814949 27.694966651 27.6564120843 27.9406519401 27.9754650855 26.8823891435 27.2636858824 28.5389860578 26.70575515 28.2796373381 27.7925704643 26.673053206 27.2378843922
28.6125108716 27.5054380402 27.0362306041 26.9486505183 27.5433731607 27.8809866405 26.553229954 28.3331512308 26.8409777784 27.2046074228 26.7863856881 27.3816597643 28.4746310844 27.1041338502 27.7119078297 28.2112879139 28.3962764296 27.1457664062 27.9944018845 28.0423655933 26.8814056521 27.7719401215 28.5526352767 28.5277529698 28.1252629631 27.8604094453 26.7458518996 28.0638631748 27.7899647012 27.9616413693 27.6507492786 26.6049955282 27.040019541 27.3811548882 27.4313878558 28.1402522616 28.0248058247 27.9468907257 26.8256095093 27.8450723831 27.6170245998 27.3203905825 27.9665598372 27.4513498527 27.3995457348 27.8493928663 26.9733164624 27.9899646281 28.1842051009 26.7261308231 28.5047083571 27.6444572686 28.4319670745
27.0823189476 27.2413590867 28.0016697388 28.1263278104 27.4230500952 26.7110893359 26.7395551938 27.5410375048 28.0651707862 27.0540623827 28.1636954208 28.5196884323 27.4283401311 27.1262163677 28.111984912 27.6755201777 28.2508160683 26.5695988886 27.1811395276 28.370758069 28.5996555152 26.9557302235 26.5870900099 28.4807628949 28.1649713662 27.7339375828 26.8308494005 27.715922547 28.5604185013 27.0488968124 27.9169133328 27.4165186836 27.3692118057 27.0035712044 27.7523955734 26.9558937293 28.4792697775 28.3602608598 27.3725389024 27.3436429804 27.3718392947 28.2545744768 28.1565255252 27.8509698751 26.5255174589 28.3062565342 27.4644320039 27.8597310548 27.4032962277 26.953017174 27.940762426 27.4678058501 27.3804228238
28.1239590465 26.8930811959 26.6993677348 27.3419972936 28.289057563 26.643190044 27.7401469603 26.9741134328 28.0985792716 26.8997072883 27.3165796728 27.0599270076 27.0979699537 27.3217375625 26.6479531131 27.4533834296 26.6428450378 27.3370654668 28.1785084408 28.5557374019 27.1656114468 28.1383015132 27.7574461157 26.5901201827 27.9307895735 27.5652036736 26.9803678563 28.6042180536 27.3631150249 28.2793520889 27.0027087574 27.0743495056 28.086304182 26.6399942266 28.2631945353 27.7450049983 28.2093115363 27.98575802 28.594599266 28.2207340097 27.8324244517 27.1120258191 27.1635476488 27.4123893894 26.6057996377 26.6528295182 28.1378894375 27.3293358383 27.7388946073 28.3136947639 27.019532981 27.1841530589 28.335890553
27.3427350788 27.522047772 27.2534282351 26.9129732213 28.0600674476 27.9972031672 26.8729715287 27.369539832 28.2788877785 26.6418108392 26.9972743007 27.6929035506 26.7519550208 27.1830595682 27.9482633048 26.6949613561 27.2810141601 26.6210077753 27.1054835563 27.3622245044 27.1475385461 26.7310380181 27.7650320967 27.88017335 26.5922037942 26.5455786698 28.612603409 28.5247934613 27.9224227527 28.538778633 27.091383991 27.7660169413 28.5252778933 27.3463611531 28.5045390198 27.5564156267 27.1581549241 26.7498861089 27.9926867126 27.6769849508 26.7702769227 27.7382607124 26.7765232097 28.5427426371 28.5825923855 28.5010367507 27.7535232806 27.0656425432 26.9183466987 28.1792516534 27.4751219771 27.3555704321 27.1604134065
27.9961452897 27.0328609911 26.7178182571 27.5284298474 26.9278998994 28.6146530523 28.4188446497 27.0554602388 26.7715981829 28.1242464899 27.1211542382 27.0995852331 28.5282909699 28.5271488284 28.4620938143 26.9749859525 28.5413863657 27.6447480507 26.7828026468 27.1868744549 28.5152783436 28.5262072944 26.9959216666 27.245090548 26.5799708549 28.6109781233 27.7973939447 27.3572510802 26.8048522045 27.647255788 27.8451311419 26.8745709812 26.9725373771 27.5997928827 28.3693628015 26.7109609511 27.120776862 27.2370483156 27.2046030181 27.4830699384 26.6556442105 26.6527536356 28.6046546722 28.5782460008 27.0057279252 26.5800262938 27.4692812998 28.1598892586 27.4977452898 26.8554917886 28.1661222644 26.8819833885 27.4859746122
27.3259216249 27.9266707574 28.0675441317 27.4022833688 28.2317124748 28.083152933 27.1587625699 26.8269763702 27.0145956452 26.9405146092 27.9738027259 27.6786438818 27.8900018356 27.540827719 28.0717419472 26.612773057 27.1816131487 27.0684684834 27.4995354155 28.0583368912 27.2230753486 26.9483780689 27.979031353 27.3828344527 28.3695601398 27.3111377614 27.6238781722 28.1954184065 27.3364523015 27.5173826566 28.3424825404 28.0128298542 27.8471531689 26.5528423695 26.8798047276 26.6397829615 26.7511089223 27.9952497025 27.2852833505 28.4976050991 28.5134584221 27.0282449827 26.8262749144 26.8281496862 28.1389601433 27.2118817023 26.6822156814 27.9703392915 28.2962406955 27.5666730317 27.1160406124 27.0906460018 26.7799285097
28.015188171 27.9731967517 27.7703384407 26.6071428328 27.8179692514 28.3872328058 27.8674939955 27.074903906 26.6897147641 28.2081125199 26.9501304498 26.7885718397 28.0482900237 27.6548462678 27.5528584605 28.5241887302 26.8876322941 27.8404081209 27.8239347098 28.0323357093 27.4860045918 26.8978055887 27.753533216 26.5365652965 27.0259749185 26.6403096254 27.5127685854 27.2520758078 26.7806271125 28.4446240613 26.8235957559 26.8746676372 26.6747289674 26.651049353 27.8046444739 27.6142360857 28.3650843903 28.420548346 28.1129799948 28.332331152 26.7920087027 27.7406129853 27.8550664292 27.7474718584 26.5816834934 27.4314780029 27.5130107608 27.4701355827 27.4118012321 27.7456636069 26.8791753906 27.8854981861 27.7525033736
26.6522964752 27.1933339549 27.0588768924 27.5444568566 27.9238480211 26.8919285062 28.4571521199 26.7073511155 26.7109103473 28.4620958228 28.0911113133 27.2440732111 27.5825355662 28.0270597947 27.5480561161 28.4153695362 26.844396065 27.357289331 26.8823730177 27.7486936742 28.5221682215 28.285688848 26.8361863289 27.1717709226 27.4938675617 27.3762754827 27.1016588361 27.4007474449 28.5879695159 27.1460815792 27.6360661293 27.5442688871 27.3280505395 26.8537573153 27.4154733052 27.9678170959 28.0033135163 28.2782499042 27.60779538 28.5679964806 27.1519072854 27.6551250031 28.3719047192 27.9375151072 26.6862921183 27.5715630821 27.0764589632 27.812881153 27.6199002961 26.7269581753 27.660840194 27.8363250632 26.8129323974
27.9390121437 26.5893060266 27.1490551711 27.3381904736 26.6797066222 28.2350050933 28.1947198966 27.4557914147 27.6752699626 27.8502688487 27.134097623 27.9463845945 28.3729930379 26.6931308913 28.3713959108 28.0413877841 26.7693001124 27.4305140535 26.7106501823 27.4725484863 27.7830162675 27.2591904672 28.0976558099 26.7994743913 28.5618164591 28.5020442709 28.347064347 27.5379306366 26.6690076655 27.8519735803 27.7543216168 28.0661528079 26.775178297 27.6316013716 27.9200893038 27.8037312241 28.0909208859 27.380057393 27.7690192471 28.4174061313 27.1218209499 28.3921956028 27.5138002873 28.0186989051 26.9564441121 26.9444863898 27.2676167673 27.6454552897 27.8541221493 27.3626805882 28.3442084648 28.0788658656 27.4657012983
27.1793175287 26.5410259022 27.1966377894 26.6802499895 27.9926870124 27.7164391965 27.460403585 28.3410746088 28.3648673824 27.4874812982 28.2087492607 27.0871808383 26.5541871971 28.5678931394 27.3549837413 26.7746587857 27.2266672475 26.7229386999 27.6865478973 27.6779513782 27.4466665416 27.2739604105 27.2790177373 27.6860437642 27.6525372259 28.1819373008 27.1607178079 27.8009731447 28.1479252324 26.596493923 28.0394791033 26.6645902656 27.4920058157 28.045775427 28.5572613877 28.4778317536 27.3758843122 28.0939237923 28.3726578927 28.5917352995 28.1155192424 27.3742605797 27.9670216732 27.4116130072 27.7618763108 27.8793399188 26.8077820766 27.1689323687 27.1146005289 26.9643540019 27.3334684381 26.7114164479 27.9163914078
28.3609841808 27.42342458 27.6589254167 27.5475510598 28.4753193987 27.4239159305 27.3863406815 27.0296461303 27.04885897 28.1990268876 28.5042420927 27.1677539536 28.3771769347 26.912013325 26.7090679295 28.0591073648 28.5326527227 28.22507381 28.3849582446 28.3746509766 27.1421803946 27.2054147485 27.2832428146 28.4790874844 27.4884718648 28.1213226807 27.7401145964 27.3391909025 26.9998686021 27.6108631249 27.0888182914 28.3978628735 26.5871551822 26.9030775249 26.5738656561 27.037624489 28.5907957017 27.7467908622 27.5431812973 26.5238705125 28.0658209917 27.7215238129 27.5026343207 27.7250582158 27.2057531844 26.5846821163 26.7011110753 27.0503348764 28.1548060042 27.1800616142 26.6734728563 27.7826693276 27.9899423912
26.8481857136 26.8248808588 26.9930717234 28.3664447461 27.2207115384 27.2566940137 27.9182861233 27.0370433607 27.1570402037 27.1704423264 28.5288692093 27.1106501588 27.1239286163 27.4381187951 27.5376588026 27.5637953451 26.9734203012 27.2629206683 28.2234043225 28.0065338414 26.7318544507 27.0649182941 26.8515322707 27.1272328243 26.6476967205 26.9306612249 27.1173952099 27.9622684283 26.5887691362 27.1674332236 27.311426731 27.0571472133 28.1089476522 28.050228205 27.5346693872 28.3244034338 27.0956832289 27.0256196147 26.9703318769 27.3619913849 27.5728679751 28.2857280004 26.7082076238 27.687311327 28.1529821564 27.8396351676 27.1117256547 27.0196130702 27.8579235006 28.2616992939 27.1840750401 27.5381355005 27.1400569848
28.2208462875 28.3660440464 27.5578264298 27.0802189738 27.6322293122 27.3429975642 27.4113326155 27.4818659416 27.7417953855 26.7614329367 27.3432449943 26.7250833534 26.7838751959 26.6305582903 26.9893238188 27.8931761116 27.1817562044 26.7488022293 26.8429167601 27.853599117 27.111249843 27.5718941893 26.5061243144 27.1665622905 28.1662958859 27.7239327823 28.4419994375 26.9363341299 27.1088624122 26.7913406426 28.0849537053 26.6210875321 27.7202562959 27.4470244645 28.316788101 27.2551938216 26.9138357143 26.6775482181 28.2555769772 27.700896709 27.0013454449 26.9605773612 27.048370861 28.4402665602 27.7003388731 26.5011238825 27.9486833032 27.0634395387 27.1779801723 26.7916989438 28.1628991631 27.0555867306 27.233136465
27.2191285837 28.3730075545 28.1910807663 26.7691718008 28.5124841139 28.3950239159 27.1683037456 28.0044377052 27.484601558 28.0215203435 27.6938365936 28.5191211236 27.0956510957 28.2930389448 27.2665784668 26.5002220169 27.8173688038 26.6099203162 27.6861058462 27.1174295663 26.5794496877 27.0789307906 28.306389646 26.6294882563 26.7133387049 28.4572521152 26.7554972525 27.3727674085 27.7653006568 28.6068863198 27.9510323633 27.1927302498 27.8825271037 27.2075597483 27.7971130183 27.663380031 28.065884184 28.3966722358 27.4264606142 27.3648611546 27.2506390906 27.559148294 27.6281258768 27.0292995489 28.2951287308 26.9683420138 26.7615071443 28.4315895025 27.4305127335 27.037394918 27.4886772724 28.1975497187 27.551162512
28.4312066533 27.7612394223 26.7121621749 26.8554987456 27.804689174 28.1749210439 26.5770428298 28.5681720298 27.6165978777 27.2851128316 27.8841254405 27.8926436203 28.4572864256 27.2934965804 27.110704405 27.1030219643 27.2580526859 27.2977087816 28.497394097 28.3609861711 28.290383183 26.5152809114 28.1495121287 28.1024091741 28.2243157401 28.4678086068 27.3079668805 27.4002725214 28.1139917514 26.9974147713 27.3560942981 27.0808703322 28.232915547 27.3312190803 27.6137036449 27.4803885487 27.0309740186 27.5678348913 28.095477356 27.7142573843 28.1386240106 26.523777865 27.4090636109 28.525729357 27.751544283 26.8528894656 28.0459763562 27.9107932076 28.3367099846 26.5417444678 26.948534057 27.8382828131 28.0851173203
27.9650164952 27.3047637982 26.9569965506 27.2290048478 26.604209473 26.5588340754 28.5723643777 28.2449101914 28.0819779793 27.8858701182 26.6196744157 27.2595405911 27.7678413847 26.685196283 27.9955614619 26.6504012675 28.4722202426 27.5864082125 28.3553127937 28.0252078889 28.3469490372 27.5440425224 27.0028966831 26.7598161367 27.1839709543 28.4936559978 27.1256839279 27.3973539398 27.3133631117 26.9597942295 28.4769931604 27.8912501577 28.322585912 27.2841793227 27.3478940401 28.3902493746 28.5893796487 27.0339659032 26.6643717357 28.0501564272 26.8247103507 26.8535033746 26.6085962486 28.3162653524 27.5418417319 28.1707342611 28.1014319424 28.2813883518 26.575668943 27.0685624869 28.6078319285 28.5301318558 27.1871421774
