Spatial_Output/90% DEC/90DEC_0705.asc
NCOLS 155
NROWS 192
XLLCORNER 196769.923733
YLLCORNER 449719.875193
CELLSIZE 27.603701
NODATA_VALUE NaN
[rows 92 to 114 of 192, columns 53 to 105 of 155]
26.7953127259 25.4443325625 26.3655761236 25.0259981362 29.0762165368 27.3236148538 26.7673225972 29.0455872404 27.3922870801 27.094031016 28.0081300649 25.5795440844 28.4816919828 26.5949979695 27.3578230219 25.9436845958 26.6506978886 27.9010033051 27.7820726626 25.3680661353 25.4544802027 25.749613178 27.337456772 25.4986476244 26.7219549108 25.6266662873 27.2167036068 29.1321264188 26.9843268023 25.0504046516 25.486157408 25.9181642215 25.8955040576 26.0272084115 25.4113416349 25.893177468 26.4068211993 66.7361406121 27.6028331468 25.4800568128 28.5989541144 25.2160317372 28.9912379695 25.5057697143 25.4934818839 26.2707911499 28.8678447304 26.904639704 28.2058064006 26.7559546721 28.7591261429 26.1201604668 25.9736694862
27.8861610607 25.7760170272 28.5776571459 25.6251125488 25.5392784794 28.1599152668 25.7965520738 28.1480733074 27.8369669484 26.0054918357 28.0525536298 25.8999866634 26.0027429462 27.0171647965 27.6249565732 27.0846940743 26.3332152349 29.0878088481 25.0701682871 27.212379007 25.1825498052 25.199916961 25.1343561651 25.7599797734 28.7119104561 26.0688591621 28.6833861236 26.2074954263 28.1235565141 27.1111972089 27.4127108548 28.5138896822 26.5956938457 26.2588208132 27.6181413016 25.6376626795 25.5403856479 56.0411399551 56.0411399551 56.0411399551 26.7246137892 25.1001076446 27.6360551697 29.0227119234 28.1887485283 26.2466876047 29.0053355449 25.0878176228 28.4392470377 26.0119606406 26.0826447603 25.5974890836 29.0903336831
26.1618414093 27.2130145729 28.9378545417 25.1298939749 27.1819330534 27.100544443 25.566107327 26.6143354139 29.0791773546 26.572707349 26.8301114659 25.5492412097 25.2348715516 26.4339236098 26.4531796104 26.1041823398 26.615510435 28.7417379857 26.5769463947 27.1693189637 26.0882553036 27.0906769152 25.4699459396 28.5195043578 29.0547945387 26.0223736527 27.5108284171 27.7901672157 26.4103015041 26.6916240438 26.5940872757 27.6282593361 25.3590472723 27.3888845766 27.7785412643 28.2432352129 28.1425431199 56.0411399551 56.0411399551 56.169058046 25.5174332922 26.9736895357 25.705394989 25.4718181453 25.2082847664 25.0742569487 25.1273716564 28.4222354486 27.5265038656 28.4418200387 27.5280833022 28.037660966 25.4950755167
25.9653787998 26.8603217546 25.1507769812 27.0604356106 27.6862349804 27.1427133088 28.3573228243 25.1194822243 27.4972105965 26.1291216547 26.3198296673 25.1534326012 27.9958677146 26.7798707155 27.6916174003 25.326244586 25.8059094437 29.2115202736 29.1710848243 25.0714633532 26.2825522786 27.6162707635 27.0144102617 26.7278766105 26.3367842293 28.3795962935 27.0588600252 28.7640259082 26.181219097 28.6664304246 27.6314191004 27.9125538241 27.0015445348 29.1405032969 25.6864031926 26.9981719665 29.0584443152 52.1833739329 56.169058046 52.1833739329 27.2353967852 26.4847584965 28.5849009284 28.4686103313 26.3847238668 25.5193418739 26.9319479566 27.471787964 26.9183744885 28.2177459022 26.2426711147 28.4925686083 25.2648528
26.9872230603 28.237052882 25.7024575864 25.1083237418 25.5129674135 28.2703163978 27.6189271802 28.9747062062 28.2412351922 26.0713130978 27.0398108391 26.1539596246 25.4605028975 25.6173485909 25.210383368 28.2853963537 27.3158391688 26.2462491768 25.0072446142 26.0949861452 28.3677247021 27.5455783279 26.1325387969 27.5943449915 25.0332816794 25.6482830455 26.7524983576 26.8779581177 28.1722618725 26.6759903474 25.9158068103 27.8650613451 28.6296943298 26.0494924571 28.1339453507 28.9826308837 25.410360553 25.0793192719 26.5661143796 38.5716070922 25.0164799714 27.3856773395 26.4351816353 39.6437442255 27.157688802 26.3240587617 28.617232197 28.1660349876 28.1600652704 28.8118148333 28.5708331917 28.1475050518 57.4293816444
28.1888327731 28.3529078409 26.7254166796 28.752666432 25.4875106836 26.5044497247 28.6758067884 26.5270163109 28.1398232987 25.6968076167 25.4426711812 27.018390996 27.4676361187 29.137105886 29.0945671282 26.5992896031 25.244768821 29.0308480727 28.7522659566 27.8333910475 25.0191493125 27.3643548581 28.0936991517 74.7043576792 26.8319140616 26.1061842674 27.0704566188 27.3507289228 28.4967298012 26.7469605457 25.2729375607 28.9984632749 28.2470659628 28.9652409043 27.8496214874 27.4306553109 28.7227826212 28.6038160442 41.1689973645 41.1689973645 38.5716070922 26.3301683587 39.6437442255 39.6437442255 39.6437442255 29.0494737829 26.3959983637 25.5931530395 29.0710874184 26.6036010745 57.6260213563 26.4553927032 26.6409230682
28.3460640303 26.3801168693 28.2326289848 27.560149495 27.5593678143 26.9517601087 25.0378809908 26.0575160642 26.4318624268 27.3706639672 26.486149946 27.3056339209 27.1577568289 27.7425265006 28.2957949002 27.1318651465 25.7605452057 27.1876322404 29.1260431191 28.1923058583 27.02588706 28.4473914349 26.3741659089 74.7043576792 74.7043576792 26.1516911072 26.4870437104 28.6405313638 27.7310148295 25.0492494349 27.605210318 28.909384005 29.2306723254 25.1870887389 27.660830682 25.8603738757 25.804655022 41.1689973645 41.1689973645 41.1689973645 26.035711167 27.4391302808 26.0824687638 39.6437442255 26.8051811686 27.0873393037 28.7047627301 26.6806661524 25.0841612269 27.9306763253 27.4665776641 57.6260213563 28.1621382812
28.7061783448 26.8076861699 27.7269178917 25.8310508108 27.9326828208 29.0093257816 25.2435752324 27.5422783352 29.1504791604 26.4877741409 29.2380295372 28.4016377446 28.0929977715 28.2828144224 28.2008474864 28.4834777587 26.9633769732 29.0032873004 27.2976155963 26.7436471865 28.8811785643 28.457172983 27.2591221981 74.7043576792 25.6698874854 26.8238849033 25.7926256686 27.1641668048 27.1690824302 25.7214164655 27.9810540392 29.0950982087 25.7954816578 25.7903359012 27.2327286901 28.7827166424 27.5483549753 26.5358221756 25.038423721 41.6701842743 41.6701842743 29.1285185764 26.0710892029 26.9516300057 26.2212934799 28.369790286 29.0463224158 25.8237204247 25.6280026865 26.4963649582 28.6351553113 26.3629050356 25.8223243889
27.6021416245 27.5427158281 27.1408975738 26.7294179082 28.4669659523 27.2783947977 26.3669407214 27.7744728703 27.0766879404 28.8223349838 26.320300886 25.5726845264 25.5025469827 27.1986031115 25.9159112063 25.3154262605 27.9286760735 27.6574940758 29.2009774381 26.8257495445 25.6621704545 29.1096118527 28.7195004963 25.0710939342 26.8413112237 27.3759362468 27.963363025 29.1837100301 26.6137788511 26.5716891869 25.4510817471 28.5921782024 25.3219375513 27.6839575275 26.2991417728 28.9954636688 26.1284661513 28.8111312138 26.7493272329 41.6701842743 58.4222554518 25.5364530329 28.824824512 25.1969390268 25.9637667334 26.4505618129 27.539308076 25.3301938929 25.4046927248 27.6413034596 28.1004145669 28.5820673737 26.1850247399
26.1945081641 26.1645144448 28.060499544 27.6542232765 26.4592761553 26.0427968084 28.199260914 26.7736877879 26.0382698494 25.8207554006 27.4800534019 28.3527251636 28.4858756376 26.4624517674 25.645129019 26.4433905185 27.2431356459 27.1509925016 25.9691115818 26.2279187198 25.9012403107 26.3332006435 27.7061808138 26.4491752517 28.9596441019 27.0160399117 28.6070777444 25.999624517 25.2764808521 26.0650149897 26.136249445 28.7270590515 26.6128918112 26.9651017657 26.0976746948 26.5853282646 27.3089035768 29.1498304587 25.6568700031 25.0107544265 26.6517188338 28.8485033077 27.0068136947 26.1176693721 26.2025967239 25.4823214645 27.5156920498 28.2480425582 27.6683432574 28.7564147876 25.5105281178 26.3705137879 25.0786732041
25.5617301924 25.0291582324 27.6668566177 27.3037437688 28.8170765299 26.2113422056 28.0537672417 26.2897664605 28.2172332239 25.1468260489 25.7501782737 28.3994847608 25.8771847625 28.1301206965 28.836684436 26.6899873398 25.0590637317 25.0734312303 28.8134288346 25.851374352 26.7303170747 25.8370619543 27.1643154979 26.9128427136 26.3045677818 26.2357669525 26.9900383935 28.7507435499 26.3954817034 27.3679071613 25.9380485861 28.4936949082 28.6218910968 28.011758313 26.8413139563 26.8351720729 27.8682860284 27.5164563216 28.183411398 26.9868214319 26.7673666483 26.6682075963 27.6040426137 28.2666993407 28.0207626792 25.6553350525 28.4777217844 28.3157602518 27.1249767501 28.0767000836 27.7668377914 28.053962529 28.9117115406
28.5804370618 26.0481052743 27.9548156934 25.2108225454 28.2980143322 28.8711234244 26.3071099915 25.5220173243 26.937886827 28.0247955477 26.043767598 28.585070442 26.4775316918 27.3210950895 28.1706522439 25.9822981538 27.5874527771 27.7313916328 26.4978437955 26.7157944467 26.1338034079 26.4830130354 28.6081375682 25.5139503042 27.5218356243 25.7616647986 28.8849813376 28.5196188151 27.3155691547 28.6593367842 26.5932973751 27.3637989294 28.2053861756 25.9623411479 28.1047203445 25.1323786208 28.9375603359 27.0803326833 25.6114017609 28.596372276 25.7971813117 27.0892965535 26.7784258124 28.7977948936 25.3483685797 28.4620599513 27.1707552389 27.3790375567 25.7382672365 26.5793981068 28.8893915512 26.5353148684 27.7233609758
25.4826411871 25.9066715285 27.4529058557 29.1141468396 28.1672852931 28.8753002236 26.1247778412 25.4724014267 27.3312065501 25.8420644139 28.7218225058 27.9114504262 27.03439987 25.3124905147 26.3160599914 27.3192231111 25.4382002204 28.6978065431 28.8415172642 29.0241953276 27.3552812563 26.1432169747 27.6402889531 28.6820533044 28.8063300405 25.7516973761 27.0951772035 27.6611854654 28.1849111897 27.5003813755 26.276733737 28.9612990102 25.9473237097 28.5476263222 25.8206198657 27.0200239684 26.1856078419 28.5361270983 27.1353928038 27.8248874154 26.6676160556 26.3062874148 26.6042104481 27.9822706496 26.2752016222 25.0989870004 26.8135722683 27.9906062813 50.349756451 26.5333446265 29.1848791031 58.2789269627 27.8532839504
27.4283124521 28.81164873 27.9428582441 25.0787959481 25.8892603625 26.7491093691 26.540905037 28.834120732 28.1446693404 29.0692916148 28.0232438 28.7291174786 25.0618747891 28.1071400951 27.165450168 28.6401982041 27.379295611 27.7774950408 28.5301320044 27.5307365096 25.2208130342 26.2961411129 26.0608013892 25.1032842663 28.7299126755 27.2765297168 28.6673614318 28.1051091717 27.9507258751 25.6221925933 27.9949724264 28.8586303229 28.8255109417 26.7893935761 28.9115409191 27.7298506312 26.2583340025 26.071386267 27.3138226736 25.3809174679 27.9158902807 27.2071708382 26.8015892295 29.149202891 28.7329373524 27.9882356742 27.1068960762 50.349756451 25.0757670028 50.349756451 58.2789269627 58.2789269627 27.3997308555
26.61762488 28.7690985554 28.958368459 26.5265469941 28.0851327099 26.0021264158 25.4323463528 27.000843132 25.7797120084 28.0181337938 26.224908747 26.2418212751 29.0297399097 28.259997239 25.9427780888 27.2720994995 28.2303588703 27.4931720459 27.5359375695 28.8118138039 28.8530872877 27.3301006631 25.4897368203 26.8798360182 27.8734098249 46.1088668895 28.434163476 57.9959446815 44.0876941244 26.230470138 27.6202776777 29.007928791 27.2492597658 28.0569680254 25.4439048057 25.8766038043 27.3734637766 29.172411411 28.0451479899 25.3876432714 28.0434277368 26.1131903988 26.3202150631 27.9953740615 26.4400190125 27.7279735012 27.8252679668 25.2333862233 50.349756451 50.349756451 28.1519493588 58.2789269627 28.4192363504
28.9925218242 26.9384160461 25.7833474256 28.0286090513 27.299897096 25.5573399595 28.83081989 26.4489693589 27.6376985667 27.0800907987 25.6806709594 27.2969341984 28.5606342261 26.023924292 27.0682398542 28.7374889211 25.0564412468 27.6906877522 25.3918292431 28.8248667088 29.1789938085 26.2109156736 26.4760294958 28.5232296743 27.8210962593 25.0271742565 57.9959446815 44.0876941244 44.0876941244 26.7072936538 25.3458793576 27.645484001 26.7888576875 27.721882695 26.586477722 28.8517406952 25.7743742062 28.1893215418 25.5887602358 28.2698092648 28.9594648935 26.9529462377 27.0071211358 25.0372279966 25.2926479252 27.4443586117 28.8912570025 26.6314622395 26.5802136536 27.6116791377 25.9766354525 26.2038340367 28.96918672
26.5185492823 26.7213339766 28.1779984982 25.928206552 26.1882447184 28.5063136364 25.5325547425 28.5171040747 26.1349196762 28.0846758849 28.0893697679 26.7540908337 26.5666688119 27.986816599 29.0435175567 25.0429636405 25.8661039449 27.7741180368 26.6128431538 28.5288009812 27.4005255075 28.9801025733 28.9709258036 26.6181401592 27.5980601578 28.1801654359 28.042171575 44.0876941244 44.0876941244 26.6845791332 26.4464342153 26.8160611844 27.5936995645 28.5042097838 27.7979060076 27.7412135574 27.2735774046 25.5080986572 28.4163331032 43.4916765913 43.4916765913 43.4916765913 25.0682481464 26.362417766 25.9157416773 26.8372436785 26.4363138832 26.2022293179 28.1208640414 25.1757545973 28.0036229654 28.2520447114 26.1864839169
25.9261208387 25.0534786772 26.6250719001 25.0329435645 26.2126591799 28.9638935936 28.02023462 26.1122343083 27.6208518171 25.2450029272 28.2363212702 27.1500201994 27.9685459631 26.2202217398 28.0602801636 27.2961116537 28.4699186885 28.5131892635 28.2216231564 29.1508008781 26.8379849676 25.7009130756 29.0529216305 26.9205256954 25.7827441132 27.1437392321 27.7838444693 27.4712390127 27.6449206079 25.8562687281 26.1464123857 28.5801794058 26.2604060726 25.762301571 25.7278967544 25.4855859415 26.1017966749 26.1617442746 28.2797785301 43.4916765913 65.690379165 27.2724012566 25.428579791 28.1259983912 25.1074415623 26.4514886887 28.764262069 26.9557994703 25.0334530133 26.9132327213 29.0739852066 28.1444676805 29.2257017024
28.6188304058 26.2594828615 26.7003930634 27.7082873183 26.8397626471 25.3474821148 27.796436471 25.1718446396 25.7826906504 27.140953128 29.010342826 28.6271079642 28.9239857645 25.9236662555 25.6790529654 25.9562432024 28.593974405 25.36904933 28.7863810356 27.6515290713 26.8913797126 28.6780907741 27.7363763151 26.2209091154 25.0783779864 28.9139605012 25.965966641 27.5010808982 27.8653228494 27.849711665 27.0448655759 26.0793643437 26.5494914061 25.0922856838 25.8684144008 28.2518962192 27.2655481868 27.8977171776 27.4326332364 65.690379165 65.690379165 43.8177063024 26.4931365981 28.8297668718 25.9210316392 25.2842061603 28.7320291745 28.5534403071 27.317383694 28.1843090996 27.6362736613 26.7157420174 28.4220888402
27.7824501846 28.7019448614 26.1363231008 27.5516494308 26.4589872577 25.978756165 27.6001006221 25.0965193689 28.0871006273 26.9501303244 27.1359977096 29.134188059 28.4904121678 26.1904842359 28.5938051894 28.7362564391 28.3489396138 25.4523541055 28.6129127847 28.9431038949 29.1019394045 27.9286912186 25.0456022587 28.6958175801 27.421855937 28.4524431189 27.2234380575 27.1640581244 25.9029384111 26.7680876343 27.2982809134 26.0577677461 27.3651367587 29.2252301323 28.8503452087 25.4238534276 27.1506139244 26.4741919155 26.6288364096 65.6337302753 65.690379165 25.9081000658 28.9391118169 26.8332286564 27.2610548285 28.5982081634 25.9593148231 25.5617550918 26.2863426615 28.7334559326 26.3700947725 28.7032085723 27.103885388
28.1092344943 25.7839468187 25.4242305116 25.6643450926 29.1187149223 25.5923870098 27.4425706603 28.9702070578 27.610007812 27.9405050559 25.9827545115 28.9683269927 27.6482420664 25.7524114092 28.6883102009 28.7684463177 28.0650773275 26.2676440599 27.095846451 27.5997661964 26.9643390381 28.0677273346 27.2539750504 26.8224496452 25.320533571 28.3455769562 28.5956782472 27.7240260352 27.9285848859 28.8031950122 28.4938318728 27.4684228754 28.5692971744 29.0827512831 29.0786319519 27.5352617304 26.2321352018 26.0727195435 25.1799561211 65.6337302753 27.2155960383 27.0364455484 28.70033592 25.5763716033 28.7562378563 28.5741502007 29.0712941468 25.5331155198 25.5296866534 25.5084389755 26.3918062015 29.0415875511 25.3611148689
29.0371121893 27.0433095236 26.7536325517 25.6876670459 25.5524962228 28.9581743011 28.712566419 27.9279499358 28.4700624571 27.0527650234 28.596791004 26.3571939594 26.8830315991 25.068971703 29.2126478715 25.5320831255 26.7656872166 28.9937517372 25.3515585979 27.948427207 27.6002995425 28.4605404991 28.1031686984 26.6160528641 28.6924792273 29.0400253112 25.8883317418 26.0595971973 25.332810414 28.7648761307 26.4278653576 28.8118437874 26.6040542682 25.5061529151 27.5099101919 27.73755182 28.0148960797 27.741462236 26.96627511 25.0330710145 65.6337302753 27.6337573797 28.0716138213 25.4474245375 27.5517054875 28.730663174 28.5732456262 28.8498395673 28.0422066132 25.1688984987 27.5608219751 29.0055852189 25.914090807
25.355344022 25.9448319205 27.0884159727 26.3401404291 28.6235946517 28.7833139178 28.3261165763 26.676535958 39.1807420047 25.6558451333 68.7415206865 29.041237286 27.50125827 29.0069250806 51.6647290826 51.6647290826 42.4376118325 42.4376118325 27.7410676044 28.4549030153 25.3610906945 26.5150557826 28.9587461015 26.5728303781 25.3464166059 25.6749035202 28.2163942143 29.2180814114 25.8346412302 28.9799262639 25.1628949573 27.7851814566 29.179356164 27.8606171537 28.5462946416 25.1798669616 26.5348736583 28.9766415529 27.5244465179 27.0178686345 26.5552651629 28.1576726584 28.9457339531 26.8989967173 27.418271431 26.5546130093 26.1750277518 27.3503312367 25.2480449232 28.1111266114 28.4784149534 28.8926123813 25.9101937988
