Spatial_Output/90% DEC/90DEC_0775.asc
NCOLS 155
NROWS 192
XLLCORNER 196769.923733
YLLCORNER 449719.875193
CELLSIZE 27.603701
NODATA_VALUE NaN
[rows 115 to 137 of 192, columns 0 to 52 of 155]
0 0 0 0 0 0 0 0 0 0 0 0 0 0 0 0 0 0 0 0 25.5092608835 24.0296505275 26.1469783178 25.3991526266 24.5547302109 25.4825388906 25.2809684613 24.8535772792 25.6052699501 23.5701746428 24.5572357994 25.1998636447 25.3309183693 25.2731543586 26.1959167735 23.8493673331 25.5659896502 24.7664338238 25.4917538127 27.0291077607 26.7226527321 26.3820282171 24.2004026511 27.1833567983 24.977078984 23.4439426747 24.7781276844 25.5257436905 27.0496325936 23.3770376092 23.9505581321 24.6998907796 24.2982476011
0 0 0 0 0 0 0 0 0 0 0 0 0 0 0 0 0 0 0 0 26.2737762513 24.3576876134 24.2341983368 26.566890595 25.4361842556 23.2508024006 23.1345530758 24.3906342264 23.4227949649 24.5363246918 25.0998380027 23.1259955154 24.4759727835 25.4061398522 25.2531767208 26.9963770764 25.719059697 24.2759668807 25.9764285982 26.8590564618 26.6744463288 26.5432062255 26.9769997977 26.0106790406 26.3941875101 26.4473364665 23.0331003022 27.2223754629 26.013329831 24.8148835099 27.2319953257 24.3372297509 25.2919111822
0 0 0 0 0 0 0 0 0 0 0 0 0 0 0 0 0 0 0 0 0 25.9651904179 24.1574077099 25.0634831479 25.5824090503 24.284103352 25.7162858192 26.6441762928 26.9942961696 24.672610289 24.0871080351 23.4691010487 25.8917430052 25.7754951811 25.3539654339 25.441756778 26.3121308735 23.3213160521 25.8871534875 26.7674418187 24.5674720227 24.4808458901 25.9179811678 25.6032374149 23.9748047306 23.1656442078 25.4044353183 24.6163292842 23.2473952391 23.9963195447 24.6102672898 24.9148567753 23.5501349601
0 0 0 0 0 0 0 0 0 0 0 0 0 0 0 0 0 0 0 0 0 26.4997650606 26.6977391756 23.6282454795 24.8721092346 25.7627516359 24.5805116926 24.9461422319 26.941842702 25.5618544107 26.3307023182 26.5450803558 23.2881533574 27.0583273184 26.6928879397 24.1707578723 26.5649832915 26.2054144317 23.0585130978 24.2061694012 23.8076007917 24.7387776865 25.2683783361 25.0481949693 23.1961344213 23.1142232408 23.1521333425 24.5773386098 24.769884842 24.0938579751 23.3960479817 25.0742101575 26.1384527133
0 0 0 0 0 0 0 0 0 0 0 0 0 0 0 0 0 0 0 0 0 0 23.2484074516 26.7361648098 24.0012150617 25.3098015738 24.9533156981 25.9464556143 24.1552353161 26.3142015223 23.2912130689 26.2359412132 24.0291476433 26.7907830671 24.6856253343 25.2066991609 26.6626412051 24.062636808 24.0427727059 24.6643693802 24.2876735533 26.092981648 26.5177934912 24.8874512812 24.8566902487 26.5602818006 26.1791613414 23.4692616266 23.0638692168 26.4326764233 27.1772473744 25.167735618 24.8017013065
0 0 0 0 0 0 0 0 0 0 0 0 0 0 0 0 0 0 0 0 0 0 23.5086515066 26.718111487 26.013750597 24.8842748692 25.2636742915 25.2643835209 25.0116193025 24.4208760128 26.7700167687 23.7938442401 25.9916129653 23.7172431156 23.6703293899 26.886198599 23.4924342728 24.7525918223 26.6590117732 23.3409100618 24.5223876092 26.510538425 23.5603328248 24.5307244828 27.0146809408 26.8786378409 23.189800424 26.3016569104 23.3060183922 23.9740484153 24.7368694053 26.8951667322 27.0666706956
0 0 0 0 0 0 0 0 0 0 0 0 0 0 0 0 0 0 0 0 0 0 0 26.1197684373 26.9103106899 25.3105203739 26.490075084 25.263033875 27.0918573117 23.0942861305 25.9273946729 24.7972868079 25.0457974248 24.6708923486 25.1372540213 26.400119579 26.2607849542 24.6216134997 25.0282106992 25.0582033728 23.4597393422 24.3282931175 25.7373552216 23.2199288523 25.3615157367 23.1185422078 27.0730710426 25.1161711789 23.6466935034 23.4049250975 24.0993896224 25.7314252125 26.1620733755
0 0 0 0 0 0 0 0 0 0 0 0 0 0 0 0 0 0 0 0 0 0 0 0 24.9487575468 24.1083538042 25.8748490798 23.3566560553 25.6986152662 24.7115990475 25.4442322677 26.3390504396 24.65995758 23.5789902275 24.8781499702 23.1638222431 26.3957040683 27.1401500386 24.5311563202 23.8572321776 24.8582061172 26.4642493923 25.4633033959 24.3030853666 25.7112888391 26.7778027407 25.7314198936 25.4606587357 25.8443607142 24.6993592327 23.3085801831 23.8129178589 23.787025482
0 0 0 0 0 0 0 0 0 0 0 0 0 0 0 0 0 0 0 0 0 0 0 0 23.0582689256 24.0320409657 24.456222675 24.4847082271 26.4402806629 26.2423553713 26.8633751831 24.519990264 25.3729283325 24.0882659427 26.1403721327 24.2233878769 26.0925723439 26.876964789 23.4465846956 24.4019971426 26.8737036529 26.5705786783 24.6993333093 24.672389822 25.3296716103 25.1683676325 26.0508107443 24.6866849986 24.4915251661 23.7383345674 25.7249359823 26.2955784377 24.2698786414
0 0 0 0 0 0 0 0 0 0 0 0 0 0 0 0 0 0 0 0 0 0 0 0 0 24.5664462532 25.1160519077 24.8356683853 23.1024963681 25.5142384427 23.9716480983 23.8218838484 23.3983172817 26.1230545299 26.5242408779 23.1853353161 23.951651531 24.9159368338 23.0721379343 24.8670645227 24.008165435 25.7844119098 25.5366090926 26.8823433288 26.3828866681 23.038901369 23.0505799979 23.0003030842 23.0429719995 23.8055297216 25.2703296159 26.5985976201 27.2392304469
0 0 0 0 0 0 0 0 0 0 0 0 0 0 0 0 0 0 0 0 0 0 0 0 0 23.9874949937 24.1599820886 23.2689634099 26.3315564358 26.755614081 23.1304638933 23.6235324209 24.1795712419 25.2364203388 24.2873711093 24.3807902042 23.4384099952 25.1517873284 23.6249127782 24.1689612154 26.4408054539 25.5670166219 23.6715331765 23.0867368975 24.251224104 26.4256029122 27.2276943376 26.4331171728 24.6645793219 26.3833722195 26.3642132657 24.1446543441 24.9447166102
0 0 0 0 0 0 0 0 0 0 0 0 0 0 0 0 0 0 0 0 0 0 0 0 0 0 24.2501268024 24.6376795785 26.1349139618 25.8583974971 25.8538444032 23.9485029916 27.163799614 26.8730374597 24.5435364354 27.0534494727 24.6084498365 24.7788659563 23.3003125083 26.9566372304 25.322367246 26.1391642696 25.8626870902 23.7174893798 23.9014664462 23.0410320605 27.1042736455 25.1122513135 26.564246223 23.0422853342 25.2781313062 25.3550978866 25.5400819168
0 0 0 0 0 0 0 0 0 0 0 0 0 0 0 0 0 0 0 0 0 0 0 0 0 0 25.4973613329 26.7613955599 24.0645743462 23.2483635604 23.2061583251 23.4079218192 23.4724646491 26.7660824977 24.77365166 25.7219330739 25.9845729301 24.7318156194 25.8210739722 27.2046660008 25.1517441212 25.4229807193 25.7486785226 23.2430405293 26.1214654902 23.579917441 23.294910612 25.6392757573 25.56548678 24.6616322065 24.5623866949 27.1652007888 24.2127449836
0 0 0 0 0 0 0 0 0 0 0 0 0 0 0 0 0 0 0 0 0 0 0 0 0 68.9900707502 68.9900707502 23.7856182727 25.6506760776 26.0386898477 25.8175556474 24.5113739398 23.3336896009 26.9248855121 25.5392855198 24.1991145908 25.8910346449 26.9804890505 27.0822935 25.4073829745 25.1770029334 26.9820391926 23.2575990272 24.793133418 25.4422702659 24.6557013743 25.661643742 25.1729008179 23.6847837053 23.4391497465 25.7945170347 23.6953556852 26.097948878
0 0 0 0 0 0 0 0 0 0 0 0 0 0 0 0 0 0 0 0 0 0 0 0 0 68.9900707502 19.3734801949 19.3734801949 25.24599203 25.2924353774 25.121380542 23.2381217161 24.9492549096 25.0555298844 23.3884084102 25.3148351482 26.413658669 25.0528048223 23.7658829512 25.4067821301 27.0136972908 24.4110412122 23.5531632329 26.3614331423 26.7839563898 24.3451546783 25.6185835179 26.1006044601 25.2741411978 24.8850675954 23.2447840483 24.0430813966 23.9774874598
0 0 0 0 0 0 0 0 0 0 0 0 0 0 0 0 0 0 0 0 0 0 0 0 0 0 68.9900707502 69.2456416257 24.3597998377 24.3978615171 26.1450850844 24.4633253261 24.211286214 23.6853035167 25.5318521001 25.6519085968 24.5079865932 23.9874355325 24.0114660466 24.7638280524 25.3684393999 25.2145717676 24.9439157453 24.1172857904 23.7025523518 25.2247756958 23.6344624372 23.7502179831 25.7980360664 25.6880970092 25.3963271361 24.218829367 26.8932789485
0 0 0 0 0 0 0 0 0 0 0 0 0 0 0 34.7200575606 40.3944508728 36.2734262788 0 0 0 0 0 0 0 0 0 0 0 25.1919827042 25.8166604438 24.640520836 26.004136766 26.7628301914 26.8836112604 26.1273113878 26.4209685463 24.37997166 26.8593397447 23.006022184 23.5368817769 25.0809913635 26.8683248016 23.1327703946 24.4442899954 24.8268769854 25.1797605193 27.0419192825 25.3339193365 25.6432787117 23.3954290354 25.4915551652 24.7298260137
0 0 0 0 0 0 0 0 0 0 0 0 0 0 0 36.5542824072 41.483604025 41.61258442 0 0 0 0 0 0 0 0 0 0 0 0 25.5043446984 24.0247914108 24.7435447492 26.7596775716 26.431673 23.5534358681 26.2521744664 25.0919734236 25.2619547543 23.1318236229 25.1782812601 25.4985479875 23.7756727069 23.6124378109 26.2585345909 24.6249157451 26.089465667 23.5407903456 24.2965036627 25.1366808138 24.2129664382 24.3283521573 25.6649430158
0 0 0 0 0 0 0 0 0 0 0 0 0 0 0 39.929115373 46.2319592689 46.0554483935 0 0 0 0 0 0 0 0 0 0 0 0 26.7965793971 26.2053151754 26.4362070776 25.2661206792 24.8076942736 23.2138410538 26.3582791403 23.108764816 23.8158365679 24.5103700832 23.9985402754 26.7154883211 27.0151779203 25.5988790099 26.5372196432 23.6813101827 25.9207454175 26.9183571012 23.5396606157 23.4756245721 25.9003345762 26.7689473397 24.4067718961
0 0 0 0 0 0 0 0 0 0 0 0 0 0 0 0 0 0 0 0 0 0 0 0 0 0 0 0 0 0 0 23.8472804524 24.928913578 24.2471002755 24.8041981456 24.8099504735 27.0224783172 24.5575359762 24.2160974554 25.7016938272 23.9034915487 26.122564782 25.3987174807 25.9047473868 26.5725071141 25.732908187 26.7346455429 25.6901711502 25.7962938359 26.407517356 25.9122320028 27.1251539995 25.7600773935
0 0 0 0 0 0 0 0 0 0 0 0 0 0 0 0 0 0 0 0 0 0 0 0 0 0 0 0 0 0 0 0 23.5660629128 26.6097801186 26.6463851842 25.6723954239 24.0944660103 26.5725238052 23.6309279561 26.1677676868 24.6725211918 25.1835794529 26.7218176755 27.2248863188 25.5619445399 25.2294748317 24.5959753146 23.339888615 24.7844751412 24.4951425725 25.1104041478 23.3912790597 25.1295539593
0 0 0 0 0 0 0 0 0 0 0 0 0 0 0 0 0 0 0 0 0 0 0 0 0 0 0 0 0 0 0 0 0 26.390533101 23.6320967592 25.1616563898 23.7498486275 24.0243576539 25.3246711129 25.1124292123 24.8435651171 25.1917255521 26.0203897202 27.161624585 25.642272156 23.8632864286 25.1485716837 26.1585861118 24.7001401069 25.5859893623 23.8539631876 24.895509157 26.9284881777
0 0 0 0 0 0 0 0 0 0 0 0 0 0 0 0 0 0 0 0 0 0 0 0 0 0 0 0 0 0 0 0 0 25.0772011684 26.4438926824 26.9772332748 26.2991005721 26.124788661 27.0746132005 25.9917030071 25.0523756766 26.2886301605 24.8668689045 26.1211124033 24.3620771593 23.0585545957 24.619016527 24.8122959896 26.7776648748 24.4322973503 23.5704098311 24.295183881 25.9070192306
