Spatial_Output/90% DEC/90DEC_0616.asc
NCOLS 155
NROWS 192
XLLCORNER 196769.923733
YLLCORNER 449719.875193
CELLSIZE 27.603701
NODATA_VALUE NaN
[rows 23 to 45 of 192, columns 53 to 105 of 155]
25.2940677266 29.3454756186 27.9737874181 26.031940765 27.6484781294 28.1878396824 26.3547724098 25.7530056651 29.374487361 27.4131256523 24.7232245865 27.7651265571 27.6947751767 28.9197313454 28.9028498508 27.0926518213 29.2974689224 24.8145236437 24.8745218992 26.2905563571 25.6490803857 29.2181826077 26.320030611 25.4186346049 26.3513857699 29.0716806211 27.5746926103 27.7833753948 28.264814596 25.4999325162 25.0920754083 29.213284715 24.9793277221 24.5482164874 25.8033503493 27.8347975796 27.770300594 26.9813953699 26.4967512408 26.2069399415 25.4933625218 25.0989747403 27.3162877288 24.7395394711 26.723126351 25.8024704573 28.5409532259 24.9003711997 26.6343574468 28.6544256203 26.0723268297 26.4960997037 29.0339633462
27.1412082942 27.846218197 26.9197246916 25.2210978931 28.0728171523 27.9185059692 25.9642100851 28.6258264724 26.9430678767 25.2412973393 27.0161905649 27.4378293188 25.2104223629 24.8553779445 25.7561743383 27.4928115545 25.5261458009 28.4294144761 27.7249797882 28.6308669098 28.3480558528 26.6571883793 26.9140559029 27.4635664244 29.0597763273 24.9559116877 29.183223582 26.5481601034 27.5356901219 26.9819143479 27.4294485927 27.6785568295 26.5155172754 26.6233189179 25.100864116 26.5537381558 29.4180704637 25.5982869586 25.6351920303 25.4723733469 24.6508447491 26.8945987309 27.8943613216 24.5454933967 29.1873260753 28.8726504559 26.1646451233 25.265281073 26.0405325795 24.8591382936 25.774527117 26.5180775926 27.1862225867
27.137519826 28.1631666115 28.2359299472 28.3253712065 24.740079708 29.2151007389 27.6520916941 26.3708158017 24.6811073435 29.3491601643 26.0932127775 27.1603416278 25.1919093613 27.3336236745 28.6956332795 28.7854884015 28.8417364754 26.3561946279 27.1388037464 27.0839224814 26.9236738614 27.2487646188 27.2152844464 24.8000537368 25.5739339221 25.567219626 28.4565638542 27.7322991385 25.4982957275 25.0384810662 26.5752038321 26.8154642812 25.6267040753 25.9620134472 26.0571624584 24.8416469067 25.8279956648 29.2656477109 25.2087677042 24.9262011826 28.4931140136 28.5620407173 27.7624128034 24.9535677864 26.4049163237 28.7692406226 24.5792777902 27.6541425789 26.597163709 26.0416777456 27.1420443399 28.4386539182 24.605411478
28.1201827894 28.6945169405 25.7053616627 26.3381783414 26.3029432526 24.7673111277 27.8548018226 25.4758177854 26.7186366546 29.0798283314 29.0046968874 24.656857772 29.1152718671 27.4692574343 29.2818623086 27.9141961619 24.5997414838 28.5654165109 27.8738778157 24.8589839702 24.6126097202 25.6653983499 28.234016652 28.1220345689 25.0199915046 27.2255721851 27.8608407484 24.9611676718 25.5057039771 25.2154519435 28.6773693382 27.2697877747 26.4715263377 24.8616489135 27.6852427709 27.5226794359 28.6817860145 27.8091309214 28.6886756917 25.2668127698 25.0966298932 29.4449819471 28.7303153976 28.4923694047 27.4223335502 26.2777269342 24.9037032221 28.936753058 25.7841308001 26.3077859318 27.0628641162 26.383191433 28.109463906
28.3160366805 25.3215785379 26.0938985545 26.4491242268 28.5159106236 27.2320585592 25.4548915175 25.1067229718 27.4114349778 24.974865055 29.1549611742 27.020799806 25.7346886147 26.6524264938 27.8670834869 27.7170595894 26.8564002808 26.2258548773 26.388876479 26.6603949215 25.2612881172 29.0980555658 28.7253308292 25.2180520396 26.4244755177 27.764040131 25.2060588933 26.6171692643 26.3116201495 26.2053041517 29.0528892826 28.7452270941 28.7061928215 28.2074450903 24.5839865314 25.8227286763 26.2360664445 25.6480141148 28.9763299714 27.9612290099 28.9536502377 27.8971193938 27.3251760816 29.0273902855 26.07889658 24.6602551368 25.441319892 28.871595347 26.687598378 29.2584088551 26.0179330253 26.7461658343 29.0096327368
25.2836797824 28.5659251587 29.1201107425 26.1153729986 29.0600454327 27.0014608481 26.7667242058 24.6986326972 29.3093307411 26.8878088376 24.8406342759 24.8022798496 28.0932633892 26.9425217939 29.1642847268 28.5880104731 24.859017806 27.0051852026 24.6829370627 27.9056207804 27.8550992506 28.5182609621 28.6506601308 27.3040043686 25.7521978833 25.4614106081 27.9807905115 28.8107306321 27.9429269986 27.2777439657 24.9506228146 26.5340621829 28.3282227127 26.9756903591 29.4067830272 26.7278121992 25.1756168009 24.5607148768 25.1387759259 28.0403731947 26.8011854189 27.847587323 27.8164438538 25.4038497037 27.8322323405 28.9520885849 26.0342392286 25.9474819481 26.92729948 27.904765516 27.2139549685 26.2293896926 28.8567369134
25.8098586945 27.0532802647 26.6171730953 27.0784523882 28.8985378475 25.276412621 27.8776914449 25.3757517783 27.7366893099 26.4417485718 27.9867786199 24.5746453708 26.0440598692 29.2119740795 27.8550325572 25.0019858088 27.1987127557 25.7406356961 25.3538761218 27.3888724988 25.6361078786 25.3418527377 26.8278624092 29.436265953 27.8606470163 28.3735894296 28.8581981949 27.1520459957 26.2705036125 25.7220607169 26.2483000059 28.095070148 27.2153415036 28.159172656 29.397397108 24.5868091388 26.8771780981 28.9035285671 26.6655627097 24.6098623336 29.0191510337 26.7116478906 24.886196472 27.3541734454 28.6343816081 25.9480953575 26.8932692266 25.0053826967 28.2529945556 28.0456017893 28.3881772464 24.8748193527 26.6056008199
25.5114546897 25.1920756419 25.555274446 25.3970796645 28.7510231136 28.3677520045 24.7842459113 25.9016195159 25.8896722257 28.5151609913 28.5102976175 28.2654275755 27.6589099515 24.8608271814 24.8787836276 28.496072239 29.3763408561 27.5293892523 28.7824591918 27.0404458653 25.131541946 24.9246102522 24.9670186428 26.1049651831 26.0553196789 26.8682359118 29.2641468758 28.6473668583 26.4053049444 24.8076214258 26.2440614651 27.5530239756 25.3386007922 26.8891753017 27.7509233131 26.5645467377 27.94923077 26.5758004436 25.0327881206 26.8286107915 25.6627394932 27.5258812486 28.8821099083 26.8241844776 25.6632652193 28.7223728861 28.8349672429 29.0884849116 29.2436362169 26.8739235693 28.9161566505 27.6927110024 28.6646350832
26.6650882902 27.9564673906 24.8776364045 25.8897426067 25.9872229024 26.7875707063 26.1070964524 26.9756068523 26.41433568 26.9511727259 25.3956516725 27.9719392865 24.5928856228 29.2754586631 27.2055355058 28.4816555466 27.7294886613 25.7431723622 26.3617663527 24.9555957392 24.8001036966 25.607444819 26.924032156 24.572950724 25.1749217039 27.1383710688 25.2966288092 28.3959279701 25.718623079 24.5607956597 29.3979815744 27.0496723059 25.8037766676 27.7228247538 28.4051923296 24.757269966 27.3832314662 27.0685496595 25.0950824357 28.6560133371 26.1247100608 29.3630064177 27.8087412999 27.7682764508 24.6783092278 27.3981647199 26.458917088 26.9924933417 26.0769461801 25.1190257288 24.8406356187 28.194275436 28.8795294759
27.3150801649 26.7560498226 26.2362194177 25.900892607 26.4313769827 29.1081223073 26.3732734089 26.0091202785 28.0742620599 25.183834155 28.1151416473 24.5971529502 25.2457750225 29.3212617487 28.4633370459 29.3676447514 25.1914616003 27.6904099529 29.2318885639 25.190222161 25.4027005465 29.234065456 27.0571506691 27.1932338468 27.0425071142 25.3498831348 27.1050887106 27.6576716786 26.9371499897 25.8750899391 26.9054319677 27.4097905741 28.9115565534 25.2758881297 24.9301790028 28.7025644597 27.5890511119 27.8996050617 29.1052910681 25.1027133021 25.7741496969 28.2270344132 26.1362549878 27.6487203621 25.5404594719 25.0632619686 27.946424843 29.4369968362 29.1279967169 25.6945851024 25.375525739 27.7104321379 25.8522614888
24.5716911065 26.5723489652 28.2829089202 27.2933733047 26.4332417901 27.5329888615 25.7364649288 28.7886912152 27.3708886522 28.8981471779 28.3867826951 27.7517072218 25.7345737786 29.0206444045 25.6068598275 28.3874790812 27.0651094498 27.3932247152 28.2130162532 28.9118638762 26.8441233736 28.7915604575 27.522241526 26.7951957581 26.7704693779 28.2783916102 25.5900257281 26.8494054223 27.2295326411 29.0237464505 25.3908567574 26.0138329692 24.7364310874 27.1350730534 24.7174011308 28.2790041778 24.5852971157 26.859803335 26.5770403139 26.8550972127 28.608945715 28.0456605548 28.2569580299 28.0673046496 28.310308104 25.8345573328 27.729891213 26.2216022666 27.2434704538 27.0541338078 28.0460842343 25.4612984164 27.3773341071
25.4210156561 26.9149413598 27.5170401476 27.4675185197 28.7475300773 24.852394934 26.7370732503 25.5171936122 26.2385782025 26.2391528044 29.3189249916 29.3826519876 28.7150356955 26.4638186286 29.3609492173 25.2855765326 25.5124909953 28.1069214536 26.0334835821 26.548841808 26.9496341569 26.2101564098 29.0905584877 29.3094885459 29.262651655 26.8282995204 28.9415248122 24.9903544528 27.4255917264 25.3869839691 28.6110905303 28.2377801709 28.5191957119 25.15404456 27.2512939459 26.5065330237 29.375085887 26.5962334617 28.9458710366 24.8826998441 24.7782191237 27.8921276103 26.2869159076 24.7831668699 26.4659162533 29.4167770679 26.0175348637 24.822144768 24.9653306552 28.7619212082 25.7831324456 25.4854497821 28.6216526314
27.6830337912 27.2618500209 25.247583725 25.7555133234 25.2459704233 26.6010666256 26.5254300547 25.2922765018 27.0376018577 27.3950100671 28.3095550102 26.1816979304 27.9319241913 25.471048056 27.0803705854 24.6493735676 25.9437549463 28.1358033757 25.8965958693 27.0032517221 25.4088378932 27.4511875249 26.7273005582 27.4082496567 28.8523869206 27.2568837455 25.0478928512 27.0353415686 25.0655104387 28.1496105378 25.9106711474 29.3869913542 26.8526270346 29.4411044078 27.8432621044 29.0433110816 24.6302010049 25.6249425486 28.8752873132 26.4793827608 25.6650343795 26.0433398159 25.4771624381 26.4209718769 28.7959629168 25.9461661192 25.1403834345 25.1797244316 26.5188065433 26.2646795201 27.6252459696 24.5952079869 24.7210694381
25.5773648765 24.9747897213 27.4483869644 25.4432432644 28.2905913851 28.9730552528 28.9210857324 27.2964279965 28.6255427419 25.0183631754 27.78474758 24.674570881 28.5582524417 25.876985336 26.3442345008 25.0623416334 26.1890031047 28.1069337335 29.3866666442 27.12022674 28.7651701142 24.810937521 25.9430504659 26.4342833735 26.2177330037 25.3892440495 25.7869307635 27.1722504664 26.5301657464 29.1718732067 25.4667896878 28.3145773446 28.3038766879 27.9770925132 29.1865223998 29.0214547791 27.1481346129 28.3034987662 28.2697284067 28.0598538195 26.299361106 28.7521077583 26.3378782317 26.6301259313 25.9371682731 25.2953153756 27.2856106762 26.2256380731 24.5087870291 26.9937104072 26.1997288205 26.1025885303 24.9924104812
25.3821594277 28.9361893483 27.3010974336 26.956521757 25.4699536173 25.7299000178 27.3702752766 24.5540041796 27.8518174443 28.3727710064 29.1752446155 27.3810501369 27.2278030253 26.605177908 29.05395942 27.9515673107 29.2900738403 26.4017130426 25.9945171334 26.2045587373 26.3690330388 27.8565889148 25.5971358008 25.070771989 27.0142869314 25.2519191134 26.8716655283 28.676890842 28.0879868251 27.0705523457 24.9474772673 28.4222012148 25.7453251918 24.5345530263 26.1245028499 25.6971151048 24.8763973402 25.7853324298 24.7882938353 27.8699795513 25.7962593799 25.1662616575 26.8904829759 24.6422276054 25.4116234445 27.0304893411 26.6222887819 29.3455479061 29.1243945514 28.3276002587 25.2848872961 27.369669886 26.0383627703
28.4965158199 27.466110799 28.6223514619 26.9495788787 26.3204834599 28.4652254378 27.2622387316 25.1676463037 25.5036540449 29.0889948513 26.6093536352 26.0175093376 27.9114483216 25.0863871199 29.1837329522 25.840958122 28.2721844996 24.9752088002 28.1653340155 27.9702589893 26.3043229295 28.7197906195 27.1815503485 27.9162469646 24.7519800958 25.2286517466 25.550740035 29.3530121409 24.8865352511 26.755992992 25.6468925691 29.3126100762 27.8896602803 27.1288360996 25.9145782065 26.8708936298 29.0569113308 25.4225151881 27.9589726637 27.5093318981 29.1079296268 28.7921613616 26.2869833389 25.9117522975 28.5883369117 29.3805093661 26.2284141113 28.3540336125 26.6007919986 25.1952221949 28.7367555738 28.7313299335 28.2036351012
25.5741192262 28.0839867648 26.767142409 26.3295327736 25.2244704198 24.6652358293 27.5828642118 24.5022606162 26.4747193028 25.8246557487 26.6338900819 26.4260522065 27.6967782231 27.9415305536 25.0378517562 25.0878796342 26.8090754727 28.7893499814 29.3291448207 27.4569866754 27.9273357313 28.1820599347 27.4333251719 29.0393874332 24.6955939542 26.1216925355 27.8995174151 26.3314034042 24.8732839975 25.3710838765 27.8705911694 27.4412966833 25.0869640408 26.8866656987 29.0111533415 25.3305835515 28.7693049711 29.3947727093 25.8943986694 25.5210558065 26.670494993 24.616646343 26.7136968493 27.2671548392 28.1230580225 24.5766962588 27.7855182783 27.4122469326 27.6853001333 25.568970346 26.4704196589 27.0896043801 27.620896001
25.9744862623 29.0106374975 28.749316579 29.0696805648 24.6032747106 27.6479840333 25.0506124665 28.5366325672 25.8412545231 29.2427669141 26.7573308764 26.9745490167 25.1064471509 24.6595557031 27.7034080616 25.8472046323 25.5319075781 27.1409129572 28.0210791413 29.3319828813 28.8427407758 26.4814927366 27.5492085308 27.5635242387 26.0387715121 24.8620823546 26.8180373879 28.1156965677 27.1728388412 26.468102996 27.1818243477 27.7839044994 28.7390996736 27.596842733 26.6657003763 25.3208577006 28.1723433829 28.6515697849 27.3964675433 28.380569121 28.574668651 28.6797143358 24.8527389393 28.6260406062 26.5426567636 26.0492697079 29.0566814877 27.4147660524 27.3055396004 26.3551119029 25.6206373803 27.1111528039 28.2150967729
25.3350981542 27.831586048 27.2998399002 24.9961519891 28.0823518463 29.1702910933 28.6973889104 25.4547795352 29.1089824182 24.70979748 24.7956018398 29.1909655489 25.1592842565 25.6927531918 24.5189907609 27.219115845 27.3576197506 28.7509789452 26.6448049056 26.0414594467 24.9024089532 25.1530042301 27.953974034 26.6414573853 25.4613401861 27.378174222 28.1755808784 28.0407744731 28.0393636316 28.7505854904 27.5416387961 25.7306475071 28.1514585174 26.2731266986 27.260570259 26.2615676853 27.234022119 26.5609943498 26.5917242807 28.3563257393 24.9435333517 28.137952292 25.7563202725 25.5077858731 25.6310195325 25.4073614877 26.7420585835 24.6960434026 26.9257285383 25.7026841959 27.7260994706 29.0160656148 28.7533705766
26.4228003033 28.8414043831 25.6550954593 25.470067843 27.400949883 26.3312865095 28.9134902669 29.3969175676 27.9745381545 29.4084862976 24.5129692622 25.7609048974 25.3318735315 25.531774348 28.9297189567 27.4253551853 28.1572549447 28.9816781259 27.9204061289 24.6785815952 28.0053061838 27.4597274161 28.1842572254 28.2011156048 25.1423240841 26.7816741554 26.4329715043 29.0289766841 26.6746333365 27.0497445489 26.5154604051 27.9518471005 26.0711242516 26.070910292 28.8206399226 27.7667904884 28.5912768446 29.379565411 24.7203595408 27.8253749881 27.3375684193 28.3140514677 25.9623532341 28.4606128281 26.3150523521 27.5601206663 29.3073719185 28.1537564177 27.6015554319 27.6953537824 28.6378914234 27.2841440437 26.1319161252
24.6787399373 27.7352971519 25.5464224439 27.7355024951 27.2069000732 27.8939227862 27.899661778 27.8755555793 25.2512002964 27.0264725413 27.4842481696 26.0335705473 25.149382756 29.0438746453 25.4659936542 26.2070430198 26.5069030414 28.7832910646 27.1424165878 25.0778236599 27.6361535496 28.0215889702 26.2211508937 24.5381442047 25.668945233 28.9770689965 27.6957736279 26.9928451124 25.2624002296 24.5437220093 27.6716271824 28.7858044294 28.9553802591 25.0024203223 26.6572666813 26.4347571979 27.1318449186 25.7375435904 28.0959957885 27.542907261 29.1836349108 26.6733387958 28.459751776 24.7590561998 27.9397090666 28.6374565246 25.3264718063 28.6698431795 27.66774292 29.3181188437 27.8764009079 29.0039039497 27.1869337479
25.1185063906 24.5774438913 29.3394365497 27.0232440822 27.322356702 24.57238366 26.7744697745 26.0200182332 26.1972956166 26.9245499344 26.2825632111 26.509289435 25.0453658375 29.0032054896 27.373229925 28.2807903962 29.0182715784 29.0543999009 26.4126895926 27.1975828788 25.3614452935 26.3737555203 27.9002066607 25.5383245923 28.3434103122 24.8599964587 25.5733033503 29.1006850843 28.3360108852 25.6854770054 24.7783192697 26.3336661338 27.5114410767 27.6426069402 27.1087173326 28.8921783101 26.7026790176 27.5680625806 25.8894060957 27.8336584485 28.5981747089 28.0165048538 25.7250987155 28.3996570515 26.5882799443 28.2259734292 28.3936362503 27.6547340021 26.2987977029 26.7844257785 28.2278925523 28.7392630868 28.9491213917
28.9478184847 24.7371926469 26.8069246469 28.2764790895 28.7260808821 28.9231741173 27.6306366712 26.0332435411 25.6115526019 25.5940191357 28.1694285184 24.6635523652 29.3650612031 25.3491001862 26.4124681882 28.1742437924 70.8087317105 26.3521561136 25.2951670367 29.1532727504 25.254343007 28.2674941866 27.9666022015 26.6439374214 25.822807009 29.2313145528 29.0511167446 27.1767812414 24.6034479298 25.6093981337 26.7953636202 26.7204999072 27.2096346315 25.5140414867 29.0084742116 24.5719496946 26.0982717833 25.519841121 26.2029087751 27.0554398928 25.2274684393 25.1252499728 25.1507929463 28.180405873 24.614650174 25.1117365731 29.2655740182 28.5302668098 26.9859861606 27.0455231816 24.7045578185 26.0893740684 28.0403989913
