Spatial_Output/90% DEC/90DEC_1052.asc
NCOLS 155
NROWS 192
XLLCORNER 196769.923733
YLLCORNER 449719.875193
CELLSIZE 27.603701
NODATA_VALUE NaN
[rows 92 to 114 of 192, columns 53 to 105 of 155]
22.9965290739 23.1604914016 22.5428174216 23.1433827656 23.0850705419 23.2036019247 23.080002057 23.1992412813 22.6735717075 22.6428324467 22.8250396688 22.8692820877 23.1697613584 23.1009747405 22.8451761225 22.6218613362 22.680080148 22.5266490121 22.603895534 22.9426899179 22.6385782841 23.1832856834 22.79481255 22.7081348007 22.5905380253 22.6267747906 22.614727751 22.5573228999 23.1977728447 22.7332573121 22.6570744819 23.1525893381 22.7157910476 22.6738137569 22.8657570071 22.743380462 22.7213594629 23.0767181777 22.8766864721 23.1637688384 22.9391984389 22.9142202071 22.5018910521 23.1793033657 22.6650875637 22.8051076179 22.9733520448 23.0182673281 22.5850157365 22.6575697552 22.5333130477 22.7176317759 23.2047062855
22.9838225725 23.1381192869 22.7473495966 23.0598321888 22.9563326272 22.949866812 22.9490967702 22.8046488976 22.6302733518 22.5927788779 22.9486512895 22.9696897942 22.6729380189 22.9570700831 23.1848044774 22.9513251829 22.7398347729 22.7127350297 22.6720414565 22.8555127588 23.1536180488 22.6077166854 22.8925250359 22.9119562011 23.0503839324 22.9785678142 22.8635070027 23.1443789643 23.0648445631 22.6556588313 22.9089792412 22.5174078369 23.0211474914 22.6064124183 22.8805677362 22.7128456475 22.5700145203 22.8015769869 23.0163788566 22.7588252181 22.6083534378 22.6378925195 23.1426156334 22.7610076137 23.120917551 22.5429968835 22.9900530314 22.9919799801 23.1549414144 22.884580078 22.6300236082 22.6027507463 22.5220553886
22.8818021768 22.7691343349 22.5988453521 22.5589490815 22.6578646499 22.9567045693 22.5314733698 22.8224175308 23.1555468262 23.1891512255 23.1244677533 22.5594118554 23.123173976 22.9257163611 23.1370902756 22.6332760966 23.1929607356 23.1666593507 23.0251482909 22.698201801 23.0942202187 22.640793474 22.9673998393 23.0037739526 22.6285982848 22.6249958331 23.1809230761 22.9130758975 22.584694515 22.7062640261 22.9172859039 22.5719109295 23.0775729398 22.503249785 22.8408439217 22.6467604916 23.0360714522 23.0371454058 23.1642186768 22.7940933033 22.8835722822 23.1360950899 23.1210656691 22.5239827545 23.0614276724 22.9215663956 22.673813223 23.1717880465 22.9578943597 22.524131174 23.1707364871 22.5163180757 23.0359066925
22.9932753354 22.7569272015 23.0890859196 22.5654875306 22.7836805681 23.0927597443 22.5847695671 23.1492435995 23.1896771717 22.9506345135 23.0061355443 22.5016652156 22.988189987 22.6822158282 22.6999719854 22.5459786367 22.7816461134 22.6221870832 22.95145268 22.8154301784 22.9409578465 22.8603696817 22.6667113149 23.1354383328 22.5337397104 22.782594632 22.8667111915 22.8878649917 22.7730599616 22.9669251416 22.7931859085 22.6812216444 23.0304547125 22.9276675216 23.0939831434 23.1960464873 22.9772545213 22.8397671684 22.544186377 22.6605310277 22.5493765082 22.994679316 22.6906638452 23.1739830461 22.5420095916 22.6767924603 22.949517536 22.8138673412 23.0902716282 23.0127088641 22.9589464793 22.8406506311 23.1485686758
23.0430709688 23.2048062161 23.0913982201 23.0869129565 22.7905460995 22.9390905345 22.7434392294 22.8316116221 22.7003993183 23.0468152226 23.1418543645 23.148088396 22.560745991 22.74712224 22.6645966754 23.1702001193 22.9755325955 22.5691837839 22.7447931349 22.995610065 22.700844406 23.1946520378 22.7391232067 23.0606576323 22.6501054773 23.1184645528 22.7794071675 22.7266605687 23.1447795803 22.8615477845 22.8604969156 22.7233796783 22.9251284728 22.5664158078 22.9283464907 23.1974835053 23.1083019582 23.157415895 22.9483517988 23.1118497556 22.8205197862 22.903120115 23.0453603888 23.1712109407 23.1657301326 22.8979982836 22.5095499107 22.7844310023 22.7395056757 22.7810513538 22.6793122234 23.1588143076 22.5789528375
22.6563947329 22.9227641524 22.9515433851 22.6298682142 22.5056864144 23.0515382566 22.771494026 22.7933655484 23.1148631179 22.9382187447 22.8235321443 22.8203810246 22.8481228612 22.7443810059 22.9682175041 23.085447248 22.6155817607 23.0760164734 23.152470029 23.1392711379 23.1982769835 22.5268229718 22.9527164545 22.8227071488 22.782768199 22.9080916702 23.0690097613 22.9219784242 22.9948742557 23.0138566802 23.109793196 22.565813724 22.579108475 22.5740260407 22.6417152883 22.7905398259 22.5743999963 22.5593428611 22.8135283222 23.097080522 22.6438618302 22.8482445761 22.8891333772 22.9218411365 22.7160358794 22.5658966964 23.0088907301 23.0117759981 23.1267000911 23.0905128075 23.1346522725 22.8609171938 23.1630407705
23.0739085689 23.0099551788 22.7222540277 22.7139704794 22.6228026803 22.6956029356 22.950424506 23.0659854504 22.7325383502 22.5432567017 23.1214863094 22.5408924819 23.0337097424 22.947746806 22.7719980815 22.6621833914 22.7615108457 22.9033800923 22.8804971593 22.7276668481 22.7733863967 22.9634327875 22.7338743202 23.1074637725 22.5872855877 22.7281449693 22.8843324468 22.5069485753 22.8838197838 22.5522163191 22.9397940826 22.9967628166 23.0594872137 23.1874100634 23.2057712657 22.6723138501 23.1909191583 22.5102545231 22.8604432312 22.7291030341 23.2012563489 22.886956812 22.9532693087 22.5381088052 22.61891954 22.6675115198 22.7297414938 22.6592074686 22.6385281007 22.8949321201 22.5620022308 22.8348008257 23.0520015323
22.9281142906 22.5884283227 22.8135922443 23.1365111208 22.5109370043 22.6091873287 22.6537805136 22.900761595 22.6473350362 22.8338855805 23.0590600736 23.1092956291 22.506542463 23.194459599 22.9431634943 22.8361231992 22.5560481271 22.5117646749 22.5423838703 22.5506330316 22.8825604381 22.505539138 22.7079877278 22.9264240335 22.9164257043 22.9112989798 22.5534782995 23.183818549 22.654334425 23.0300451085 22.6959635049 23.1831661285 22.7871505096 23.013949439 22.5876430535 22.5581969234 22.9314774777 23.0204900651 22.7180776352 22.5632559261 22.9656067725 22.6849179764 22.981136179 23.1696440033 23.1496398163 23.1275213938 22.9198861708 22.5953656829 22.5693533981 22.5557266775 23.1461380872 22.5109022823 22.5824819267
22.982258117 22.562187645 22.9996483647 22.8626515081 22.8008756121 22.8088061584 23.0196756799 22.8517203658 22.9334343829 23.1758323977 22.6886438109 22.7540208072 23.0961171701 22.5536149901 22.9797274616 23.1944759182 23.1061629551 22.8366209981 23.0283687034 22.8943095146 22.6316206209 22.9857412771 22.8356410657 22.6647924951 23.1339666314 22.6729125592 22.643167423 23.0919579004 22.667170237 23.0276203587 23.1110861876 23.1656863546 22.6745567705 22.7585602994 22.565968278 22.8619568811 22.9402681206 23.057742348 22.9643677483 23.008068955 22.8874782521 23.0028748983 22.7015489155 23.1090775863 22.8245270417 22.6974312566 22.9712988851 22.7461423303 22.7312976424 22.6355797898 22.7676941702 22.6914584665 23.089272956
22.6314879861 22.9723179723 22.573212179 22.6840639239 23.1028444821 22.7762794736 22.5862424985 23.0559651304 22.6498705246 22.7407856167 22.9583017355 22.6919491671 22.7364407828 23.167209664 23.0408050037 22.7944117487 22.8412551838 23.1608216936 23.0679872686 22.9713822231 22.6541008227 22.6025174019 22.5816154775 22.7907491793 22.8093130267 23.0539304288 23.119794449 22.5112965742 23.1755931284 22.5064216137 22.5741014987 23.1562258653 23.0374482952 22.5701644368 23.16756562 23.1340459415 23.1168978718 22.6369534907 23.1316689369 22.911079142 23.0900439269 22.6261342569 22.74181082 22.7478042704 22.7496358202 23.0615344619 22.8545165951 22.9551636675 23.0656331874 23.0632767433 23.1059617823 22.732039956 23.1648343546
22.9170030418 22.5040137356 22.7742022081 22.654278017 23.0743926378 22.8398394523 22.9457055135 23.1735734961 23.0800013265 23.1966065517 22.7291365837 22.8822830946 23.0003608197 22.9346722122 22.5770344912 23.029879328 22.5511755857 22.8149877995 23.0221997771 22.8817899952 23.1878693018 22.8197449667 22.8817543096 22.5794177235 22.5856566116 23.1012448716 22.588047965 23.1387986944 22.9717103839 23.0402315726 22.9197394016 22.7341750835 23.051032932 22.728927416 22.596029948 23.184595474 22.9121498462 22.8599062915 22.7250075186 22.5758070107 22.6665402127 23.0172091152 23.120301158 22.6764391289 22.8245628083 22.6957844978 22.9771805078 22.866136676 22.7877501453 23.114355066 22.7144805545 22.6753328726 23.1806414863
23.0138150963 22.5706419819 22.7954286351 22.6747434088 22.6951397704 22.7069942831 23.1684517978 22.6357265816 22.8492748361 23.1381493138 22.683291921 22.751855563 22.7270867581 22.8029212328 22.9491312123 23.1782412107 22.5545121428 22.8503569602 23.0123957105 22.851888039 22.5686424773 22.963679253 22.7995795978 22.5521139186 22.5535165025 22.535323913 23.1683604287 23.1051717425 22.5883472259 22.7548501138 23.0950565701 22.8722101897 22.7680023899 22.7372500117 23.1097263856 22.8811447297 22.9848325884 22.866722938 22.9960677827 22.5605814208 22.91871535 22.9273774039 23.1713286166 23.0918773241 22.951179735 22.8251291763 22.6266674526 22.5176760262 22.9534381258 22.9872437253 22.6699086849 22.8367823966 22.9247105877
22.9106780819 22.9977252126 22.5945239498 23.0473842655 22.7276298345 22.9913516435 22.7239140824 22.9787913264 22.9049710965 23.1729104612 22.9587076715 23.140408286 23.0962823442 22.8769573335 22.6978369418 22.5363314821 23.0737222682 22.5847756515 23.0183273996 22.9548076105 22.7911610321 22.6383006497 22.9638748977 22.5755397374 22.8152794121 23.0649424371 23.02039221 22.6686845166 22.6127895434 22.7501861561 22.6030617813 22.6554529449 22.9665836307 22.637557431 22.773510657 22.7578655106 23.1850218293 23.0466281194 22.7234794107 22.5374430885 22.9340763448 22.7269940863 22.8908401845 22.87133536 22.9273052582 23.1710279669 23.1771527651 22.9019980931 23.175323496 22.9916066659 22.7361239 23.0086064235 22.8037913598
23.0956204274 23.1943732649 22.6375132281 22.5076656754 22.8639061188 22.632495235 22.9071175713 23.1159323852 23.1443563492 22.8085455466 22.8421015595 22.6479929637 22.9507088906 22.6575531427 22.9298782651 22.6514332975 22.9157275751 23.0078651529 22.5885217276 23.0095357306 22.7744658653 22.5917832615 22.8931783039 22.9237803452 22.6443174109 22.5194802506 22.5078212902 22.7793279337 23.0658408638 22.8985350735 22.8469690393 22.9610165085 22.8506619511 23.0882053223 22.9293100306 22.8522352668 22.7516529981 22.7462978999 22.9424405187 22.8595677413 22.7530458813 23.0898009546 22.6227347796 22.7816081323 22.535179126 23.0592156709 22.722160605 22.632656326 23.0894437084 22.8204849842 22.9853395309 22.7256975767 22.6044270426
22.6292523148 22.8292637714 22.6863364696 23.0035598346 23.1426005547 22.9504447079 22.9870211774 23.2054696572 23.0208746745 22.8212231035 23.0910760409 22.7467089716 23.061599596 22.8039496214 22.9308057942 23.045078153 22.7626264581 22.7726567327 23.0985646053 22.960578305 23.1813641801 22.9819415739 23.0016039815 22.6987635617 23.1175296191 23.004552741 22.8925230773 23.188042328 22.9625645936 23.0869272955 22.8177979134 23.1426398629 22.5258286634 22.8754142779 22.8633254159 22.6779410898 23.2051095474 22.7175177742 22.8110790257 23.0874455839 22.6215225787 23.1967306298 22.5790292609 23.1249228242 22.7521322559 23.1968084488 22.9211481327 22.8826562532 22.9938319592 22.9099177398 23.2054332278 23.1459979673 23.0959921744
23.0541978421 23.1386820764 22.9521857561 22.9732457654 23.07300724 22.965296988 23.2049343078 22.9109196723 22.6897916246 23.1924451097 23.108348954 23.0039489996 22.6257511991 22.920322288 22.6162206497 22.8487492131 22.830011482 22.5782030422 22.7405573106 22.9317245449 22.6323637908 23.1662556752 23.1126889057 22.5495114045 22.6442496074 23.1558684298 23.0201713052 23.0236279368 23.1521291424 22.6914221083 22.9883463073 22.9197995831 22.8714486785 22.7308768714 22.949039677 22.5161727596 22.8714179831 22.915247591 23.1098832288 22.9675615213 22.9319075954 23.2016758547 22.659354732 22.5752180736 22.6580542026 22.6190121507 22.804981999 22.5043286555 22.8612941914 23.0952749948 22.6488568343 22.9211674143 23.1587188289
23.1379769563 23.2019472036 22.8955216522 22.8819342583 23.1886062862 23.0553966491 22.939518621 22.6711998932 22.6224387731 22.5755190147 23.105469411 23.0684783075 22.6178022007 22.6347653502 22.5629414559 22.5762968159 22.7117165794 23.0022702048 22.9563538424 23.1869682979 22.542338455 22.8713086692 22.8594827705 23.1489109866 22.6387387484 23.1930267344 22.8523071718 22.7195312672 23.168240202 23.1763976055 23.0875108896 22.5936744802 22.8532438103 23.2059775769 22.9905282331 22.87496265 22.7484389125 22.8377100002 22.6367972065 22.6042382773 22.829297916 23.028001311 23.0570303105 23.1391232457 23.1081073061 22.8009534815 22.8296464324 23.1687527453 22.6983851178 22.9483373725 22.545716306 23.0510313286 22.7507093137
22.7926192794 22.6492955229 23.0927257995 22.6579054719 23.0634319911 23.1728531388 22.9834658728 23.1333455943 23.13112379 22.8775327622 22.9435006378 22.8522884877 22.766787452 23.1565874971 22.9847151171 22.9458979304 22.9293666473 22.7895444239 22.5880746819 23.1194645572 22.9757472163 23.020935297 23.1727529906 22.6787412395 23.0000375289 23.1828583533 23.0059050508 22.6304077925 22.9099273977 22.9688498052 22.9221504045 22.6184979998 22.7750236504 22.5749737563 22.6810756534 23.0194714814 23.0407942537 22.7661510805 22.700793705 22.554948205 22.8399405571 22.6386493581 22.5711674454 22.6302160625 22.9057529612 22.753949561 22.9457228336 23.0882338694 22.6084694204 23.0690812346 22.7024886937 22.5432270316 23.1016589208
22.6173668894 22.702997458 22.9245171325 22.8671670083 22.8355558323 22.5227672506 23.204827469 23.015515844 22.654304449 22.629291653 22.5366158614 22.8111762644 22.7460454611 23.0620498243 23.1335828088 22.806671894 22.8787748101 22.9158922162 22.9744636225 23.144708757 22.9793658387 22.9854458922 22.6825181371 22.6983884848 22.6482808779 23.1773791226 22.9266922467 23.0004327777 23.1721731665 23.0080281324 23.0696560725 22.5083309013 22.523663343 22.6220461721 22.5545179641 22.5753020057 22.8590523306 22.851880986 22.8313554139 23.0917920044 22.5906583784 22.5680526361 23.1943148037 22.5303934704 22.6566494149 23.1606003696 23.1544271085 22.5149154243 22.6984055717 22.8986737449 22.5208992766 22.7827334708 22.6235485253
22.8812580527 22.7358013047 22.8446013364 22.780872855 22.9655486023 23.2055555118 22.7293405015 23.0704120233 22.6633606715 23.0189198272 23.0840077872 22.6821408405 23.0588962037 22.6955395559 23.0141027065 23.0575343244 22.8913104455 22.9618817658 22.7580738038 22.5703640326 22.9648380009 22.6729488212 22.7875678471 22.6240584187 22.6185545829 22.9485192916 22.821618877 22.8743297381 22.7723795045 22.6935154558 22.6857776815 22.8934163206 22.532071892 22.7350852075 23.0375243487 22.9237921326 22.8838665465 22.8932389126 23.2014582324 22.7516773674 22.5023164342 22.851104869 22.6821487493 23.1263626484 22.9127355193 22.7716543463 23.0189370257 22.7303284189 23.0773239495 22.5421527452 22.5489036412 22.5474805266 22.7323043335
22.9431877818 23.0765639515 22.7271207231 22.698792665 22.8141477765 22.5762808874 22.5305312479 23.1658653214 22.8133247084 22.6395060992 22.8956916665 22.8781319145 23.0209515878 22.5335358864 22.5941666177 22.5810748003 22.9197214618 22.5027157266 22.7844356457 23.1515526184 22.8119822459 22.5312132013 22.7548413526 22.8663828755 22.7501159425 22.9134286449 22.8131685101 22.7978165304 22.7326766245 22.5431400766 22.8533321565 22.522801014 23.1621540953 22.9133090662 22.9089870343 22.8880887194 22.7189354361 23.1012503092 23.1289229356 23.0393247692 22.7312139601 23.0659987099 23.0068226809 22.8140707054 23.0544710278 23.0844811299 22.8511914209 22.8794799545 22.5764237669 22.5041191441 23.0052773703 22.5744864789 23.1521326594
22.6134653304 23.1130575768 22.912145514 23.1573264591 23.1393729273 22.8834988854 22.5729857377 23.0679451367 22.8263434028 22.753327724 23.1504657776 22.5321576565 22.6184678595 22.5045845957 22.7335956357 23.0494516161 23.1516730365 22.8286646525 22.5591552297 22.9493703739 23.0746786647 22.850966103 22.8282334088 23.0380116946 23.0554849432 23.136166807 23.0924684646 22.9244510815 22.9893815489 22.7411845995 23.1188531478 22.8813191258 22.9232280961 23.0029569927 22.8248545452 23.0951712284 23.0008738629 23.1002216275 23.021038449 22.9085948163 22.7179282289 22.9798168148 22.6269198271 23.0990892148 23.0847483417 22.9164117851 23.0229935108 22.9886256664 22.6675392231 22.6481434407 22.693224548 22.7001946985 23.111315307
23.0329782063 23.0706728572 22.6545429527 22.8652508982 22.8909216057 23.0023832265 22.7689099281 22.601674452 22.8003322854 23.1984308518 23.0176478432 22.5997063782 22.7371713996 23.0473579822 23.0798034787 22.8192914266 22.5708457565 22.728532324 23.095962158 22.5815344433 23.0911331094 23.1519615014 23.1579248649 22.9056399806 22.5158184007 22.8105655707 22.8423593061 23.1497397822 22.7157372101 22.666516745 22.997687814 22.6265925807 22.7550572713 22.9140334325 22.7908708493 23.009865992 22.6034454913 23.0227502796 22.6725565835 23.1817911868 23.1175091092 22.9711735609 22.7519463631 22.9075961646 23.2028516253 22.8812135664 22.6194998511 22.7995531884 22.5804536335 23.0472144791 22.9205389115 22.7647106033 22.8287620571
