Spatial_Output/90% DEC/90DEC_0362.asc
NCOLS 155
NROWS 192
XLLCORNER 196769.923733
YLLCORNER 449719.875193
CELLSIZE 27.603701
NODATA_VALUE NaN
[rows 23 to 45 of 192, columns 0 to 52 of 155]
0 32.1201979099 34.4207391933 34.7158643852 32.7512224141 33.2950628742 34.3514536761 32.3770034827 31.8713570629 33.236549302 34.2090004438 34.8740012137 33.7312120593 33.1633271678 33.1268788531 33.8411996416 32.9879164924 33.0122580617 32.7976880668 31.9705054775 33.4812397583 33.8290027113 32.2937019936 33.2296143351 33.9782754937 34.8287818427 32.9918835051 34.8979879019 34.8773786491 33.4810354094 33.5761037841 31.6734372071 34.6565513797 32.623367757 33.9548425459 33.638740676 32.3830522404 34.0577467255 33.0736157835 34.7029156195 34.6264974773 34.5038537368 33.6230629437 32.6866988971 31.5090434448 34.3038169854 34.4988402104 32.663894502 34.3827341632 33.5881466402 32.1217041812 34.9311287045 32.2610279699
32.7574707603 32.7865080878 32.3807447352 31.84565131 34.4654107034 34.6198180654 34.6010989914 33.5440042639 33.1361264224 34.6727378489 34.7413346872 34.538509864 33.241761855 33.8369593055 31.7057686402 34.6362692959 33.5800626196 31.5409935182 33.139684908 31.6787341232 31.5194683436 33.4445105148 33.600825467 34.1006071663 32.3680413064 34.5192627315 33.1505366549 33.9370656934 33.0307847283 34.9683135281 34.0831800061 32.3298052095 32.4293290505 32.7122093819 33.3321206958 33.5668610661 34.675488468 35.014703802 31.7476928392 34.5692889761 33.5654083394 33.9216723864 34.6601186467 32.7717089709 33.4974934545 31.9915358202 31.9419746009 33.5661543402 34.9140716598 34.7543346034 33.8447453237 31.8015591973 34.0619693727
32.4033858779 32.3681988109 32.6703625606 33.4002434221 31.8489526261 31.743498217 34.2177537204 34.8250887248 34.3096569647 33.9589001919 31.9446015929 33.7551065026 33.4141814185 33.6842027171 34.7114725877 35.004659136 32.8142361571 31.5549126783 32.5832100178 34.6030216864 31.9885433281 33.9901013948 31.8661815449 32.4607215621 34.842470099 34.887772898 34.8561141946 34.0603481822 31.7420063422 31.6177083776 34.8685935039 32.38941228 33.3396997569 32.2969729886 33.7325710654 33.702937424 31.9470075177 34.8281033315 32.3476056312 32.872592893 31.9810363112 33.8799677458 34.0715158211 33.1768616235 34.7847989739 31.8234488999 32.6901041526 34.2724133757 34.4461478801 32.0940505809 33.154533538 33.8620673635 32.3021928743
34.1450449523 33.6080695192 31.6609500303 33.7663674406 34.109263939 33.0766514641 32.1992993723 31.8105555319 32.2114084328 31.8589065523 33.0711975393 34.1142906268 34.0862353722 33.0632256931 33.8319679955 33.1931876162 32.9267237836 31.9794941592 32.3175737165 33.0317791069 32.8259084452 34.7056575935 32.5983974674 31.8620563717 31.5878503804 32.259022516 34.74696883 32.8268245283 34.7524305003 34.01550406 32.9405599085 32.6703896267 32.0699197579 33.6272727434 33.3724038299 33.2286881138 33.3082547087 33.4746725986 34.0639643615 32.6722774794 31.9308165093 34.6197869338 33.8090039675 34.2671817393 34.9124867378 34.5987243887 34.0866530349 32.3591112303 32.5657019629 33.4918971633 33.5688086077 33.1423120586 33.1174274135
34.7345953175 34.9266912507 31.589213595 31.7749894829 33.8510716192 32.8546314186 34.5963854617 34.4596646601 32.1644494391 32.3209202501 32.3866653358 31.8454484716 31.6865974943 34.2860877336 31.6269248699 32.2724436994 32.9097026066 34.3332151107 32.218181624 34.1378444464 31.9439818998 34.976793413 32.585951103 32.61911333 32.3057651631 33.2110173063 32.5620987726 34.4615890023 32.1281010606 34.2563641092 32.3879064743 32.0756712371 31.7712844307 34.0688145091 33.7108252297 32.5273512397 33.5042741148 32.9204015574 34.8776721846 33.3607782007 34.9499835576 32.6778177762 31.7569356622 31.8866936713 34.6456827101 32.5152020886 32.9489397732 34.2776755983 31.8702045937 32.4078669149 32.1696619032 34.5892787616 33.0329857839
32.794795043 33.0215959337 32.1461009545 33.0027838441 33.7624112189 32.2943153664 33.1561126072 33.3158747575 32.4729852283 34.4974589762 32.093566675 34.1091534374 32.6085764204 33.8266561063 32.167473115 33.9306871781 33.2653095543 32.0979223424 34.5551975378 34.6713023965 34.8247922924 32.4736485752 32.4071421945 34.5563649019 32.1353852866 33.9710541545 34.393365157 33.0425467076 33.3741441583 33.3658923795 33.2316912184 33.3167733203 33.3651627412 33.7280172074 32.7262658257 34.2812493881 34.8367845732 32.4071353832 34.8594989383 33.812878502 33.9115162674 32.9844500318 32.28103346 34.3507016164 31.7815442565 34.7051636506 33.2203777305 31.7868928943 31.5764101497 32.0937588974 32.3269798764 31.6201982416 34.9131525589
34.9110036141 32.7196993129 31.6719080642 32.323442541 32.505106728 31.7820013039 34.343613198 33.0811404235 34.5583073469 31.6778338135 34.735489066 32.0406436781 33.792607675 34.1225924402 33.4876595442 34.6473671118 32.3536124466 33.8986802143 32.7831795532 32.3051251126 32.9065564037 32.3762871032 32.2093838702 31.9966507009 31.9570127756 32.6358519259 32.2991088604 33.1155200065 34.7831546132 32.1505319617 34.0414524505 34.2911748225 34.6842305864 32.7139891393 31.9481418694 34.7540372833 32.8209053452 32.5075493257 33.0144835541 34.4109284945 31.5691495253 34.8811732461 33.5578926897 34.9548486786 31.9069537791 33.0909879383 31.9002368092 34.6980116795 32.8034253096 31.7511700881 33.5446119149 34.2073479432 33.5684020755
32.4872584076 32.0930196197 32.2988407178 33.8149281628 33.8881573119 32.1124404199 33.9101755883 34.039331496 32.1076620084 32.4487315741 34.9425822382 34.1353358111 32.9469362204 31.929548202 33.6057772498 32.4353127485 33.2075341051 32.1837058745 32.9955275516 31.6976568337 34.7239020595 32.416537644 32.5100649694 32.5723272653 32.1927419995 32.189611948 32.8232751484 34.6455102362 34.0177641187 34.878922997 31.9094230776 33.7486116659 31.871590544 33.8573975055 33.2715461747 33.0446848561 32.1127287563 33.4672647391 34.8909687508 31.9598097215 33.6519654854 33.0534926363 33.2404018361 34.7620947202 32.7774519634 33.0420161389 32.058300276 33.932290074 32.684287395 32.2481034788 33.4066870854 32.2011553042 34.7527787356
34.9277454343 34.6283336998 34.2752410605 34.1276232178 33.8798500976 32.2799402837 32.3533231497 33.7760172483 31.7370105031 32.7739309498 32.9914024725 34.2021825415 33.6717928792 32.0046122665 33.3507011389 34.5059865668 33.651637775 32.7074086787 32.4655342576 33.3346823574 32.0439718063 32.9375750788 31.7860438361 33.8503444235 34.672179297 32.2797827645 32.8990442517 34.6664081407 34.1409753302 31.9622861 32.475939342 32.3759707498 34.7388865095 32.4052933974 34.1777918602 33.203567482 32.9188379377 31.5983480378 32.8652806064 34.2706953272 31.6795851127 31.9449295213 34.2604446864 34.8274723434 31.8799792087 34.5891042022 34.3145808948 33.9157842667 32.5469001637 32.3370735348 33.0327693786 34.3260831211 34.7549905025
33.0412807098 33.7744274107 34.0391168674 33.5482157279 31.5840810791 34.2980797831 34.3347862664 33.8380100692 34.6574446068 32.9612639145 34.1065419993 33.8577049854 32.0590022191 31.5483860022 31.7020761231 34.265362884 32.101887824 32.4045568536 34.0337956929 31.6349861249 33.0446946457 34.8465177622 33.1245134166 32.1801802167 31.929621276 34.020599141 32.6660109653 32.6142007411 32.4356979756 34.6799760505 32.519038159 33.5408012387 34.1103602934 33.5101471132 33.7463882246 34.1997275411 34.8995309296 34.946285388 31.7083374369 34.5448912781 34.4229726669 31.6953511929 32.2389225683 31.8309021125 32.2226529244 33.304185435 34.7001053847 32.0310405709 34.9825494765 34.6097348127 33.9354499162 33.0542421204 34.1626529851
34.5804789444 34.7159181499 33.6750786482 34.2268369289 33.1616111044 32.7182518882 34.820324369 32.5691753376 32.2711251154 34.876285472 34.0644681957 34.9887754139 34.7552880437 31.8393934187 31.8411857294 33.6920255493 32.2540918803 33.9742233481 34.1387530612 32.6920950551 32.2650607171 34.1736974089 34.1737845856 33.6256222536 33.5078015451 34.4958839624 32.1900322021 32.771176395 33.800596808 33.346753358 31.7183837536 32.1843711871 31.5069997245 31.9132341203 33.9365781248 32.7640355112 31.830817417 32.8743304475 31.9564883 34.1162075439 33.5024444957 33.3058519627 32.8438689418 34.525110003 34.9252797496 34.8760081713 33.0406916382 34.2489788018 34.824291768 32.7309571042 34.2845458315 33.2036506276 33.7405861302
33.4735131919 34.9549425749 32.1864599743 33.9920856613 32.9893616361 33.6898383182 34.8770389932 35.0005846147 34.4277785403 33.2908635502 34.7772420005 31.906348525 33.3736651857 31.8016605698 33.975278223 33.7159873574 34.1074361402 32.9781547517 33.5059811515 33.0641564476 33.3534277605 34.7949414472 34.0380954371 32.2543421498 33.8966096347 31.5937493934 31.8902225161 35.0280120152 32.0926262565 33.4125289827 33.4333650056 31.6003408555 31.6208232339 34.3499934345 31.605293563 31.5096015242 31.9630516505 33.4825412605 31.7498181166 32.345697899 32.4991587626 31.8505314953 32.8922661796 31.9415801337 33.9472478222 34.6463424487 31.7124729946 33.6262815753 31.7624401137 34.3865790064 31.9848413552 32.9195672265 33.1898604385
33.9898040541 34.1022997667 33.6618052027 33.2686103852 31.8119280183 32.0036157816 32.3816520163 32.3778441692 34.2937088026 33.7786138439 34.3791840924 34.7158552843 34.8236868273 32.7595830927 32.4314372096 34.1302965813 34.4749524079 34.7131962144 34.6161354805 34.7858803583 34.9355650981 34.866561122 32.3222316958 32.3724884426 34.3815221439 34.979054729 32.6653570509 34.6194300794 32.6546919388 32.3400097761 31.7119100241 31.8746776529 31.6398985983 34.744158558 32.0551501568 33.8665110545 33.3671446081 33.4713608401 33.4972674405 33.5220210207 33.1661785798 33.6029510183 32.8239091323 33.0268140324 32.2242641034 35.0220104071 34.6786846231 31.8004073533 34.0426803068 33.9301513016 33.1710118237 31.719948659 31.9339972522
34.4524692111 34.087813067 32.7545224549 34.6846938066 32.7486417483 33.0678835506 33.0173789129 34.1969825573 34.7164126691 31.5384869616 32.534000446 31.6404922013 32.5899545096 34.3912143459 31.6675985505 33.3146344294 34.9157411297 32.1944983249 32.9856683708 33.0303329224 32.0227589142 32.4875936521 34.9488963384 33.4146915903 33.5697708619 32.4373102787 33.3978807006 34.1609566767 33.6512954024 32.399782843 32.2769793745 34.8498390781 33.674284786 32.3428965144 31.6801703818 33.7633801802 34.6337963162 32.8771065067 32.2828490412 34.947386509 33.3046937402 33.5449322292 32.2867015885 34.3468556729 33.9889089417 33.4691294038 33.0606796985 33.4852491623 31.5000767997 32.6789525066 33.1201879771 34.4444653862 34.9609363667
33.1212071823 32.2438389821 32.6823764268 33.4353498763 33.9851907698 34.1234400833 34.5821748796 33.5282916624 34.2774470066 34.8957790499 32.8850093517 32.550057497 31.8797831807 34.0824872954 34.8583833313 35.0071292801 32.2170948649 34.6555294911 31.9395102736 31.6364229266 31.9398155516 32.9745214546 33.8123255805 34.5539446398 34.3088891492 33.5645583683 34.3234915634 32.772838848 32.2815299663 33.3519420936 34.1368391551 31.5555414746 32.9398081557 32.5213211619 33.3550901984 32.7159407464 34.4577700731 31.9121675887 32.3766273267 32.0456696371 32.0306164883 34.6333636364 33.1651555266 33.5678840538 32.1982856199 33.7492934175 31.9576521451 34.6463438109 31.9535428906 31.9333459724 34.7524454515 32.5887308724 32.8122602031
32.9593114877 32.8484986331 34.6381832627 34.9433214116 34.1942566619 32.5908200209 33.6200361317 32.4940351737 31.9416531657 35.0063797491 34.838786343 31.6966220817 34.8063846833 32.6601830333 31.8940153334 32.1841878 34.9034020183 33.8135558403 34.0942433061 34.3434690641 33.5033238308 32.8292979007 33.9530458099 32.9808768427 33.9759359836 32.7084757973 32.7974169395 33.4845335785 34.6929098069 33.7799776668 33.9644138052 34.5517123271 34.1679107494 32.8117602566 34.8452121062 32.0117892242 34.191203166 34.0382898017 33.0228959067 34.5907091356 32.2896808208 34.2332744849 32.3649451601 34.0373666686 33.2948086926 32.147317148 34.5546887838 33.9290842034 33.0039441053 32.396514821 34.3940076894 32.5154502016 31.5374517906
34.6331231884 34.6749940458 32.9671050434 33.7057519937 33.5814098083 34.5198049065 33.4085526775 32.3818870394 31.5732625792 34.5109167003 31.5713836317 32.8242706675 31.5981397139 34.6433664051 33.9962768214 34.6306900669 32.1750599142 33.5761454458 31.5934210732 32.3419731249 34.4153835142 33.1736376742 33.0495656576 32.6938219767 32.5167339723 31.6785768112 33.8893026023 32.4133241654 33.0455993127 31.8774734958 33.7894525232 32.7710582658 34.5111824595 32.2181024073 32.8376906014 33.2885837892 33.7280716597 35.0260742093 33.6816750352 31.5548813244 34.8340563892 34.9449952183 34.3558384338 32.9977328137 32.3072426635 31.6114100673 32.077932065 33.2782461937 33.3093365372 33.8226396635 33.6468277862 31.9687526224 32.1522655023
31.7223347504 34.5515454185 32.7009194499 33.1607991194 32.922036474 31.7100213403 34.0421049989 33.918225156 32.2350768337 31.8268172567 31.8746944617 32.4386586397 32.935113012 33.9255823742 33.637395653 34.4041404008 33.572590867 31.671581435 33.9309083563 32.8334409351 32.6047221318 33.7107118961 32.6012750213 33.3009755425 34.9589757547 34.8931568885 33.9599084825 32.4376685121 33.9661468654 34.4841905212 32.6855271967 31.8559174882 31.5191579287 34.2252323076 34.1280723945 31.9406348018 33.3273757813 31.8011479379 32.4939674642 33.4907720545 32.1145471873 33.6401520922 31.8434488545 34.6924616533 34.0037687776 34.765859135 32.7309976627 31.6526217585 34.946685162 32.6837981739 34.6553132688 33.4329873749 33.7843151767
31.6999563263 31.6466776583 32.114131588 31.6421217056 33.4483538355 33.5181030997 34.6440822799 33.4981681261 34.4653329284 34.5449443363 34.758896967 32.9188958019 32.7439840565 31.7361313695 35.0055370845 32.9452984767 32.3528414957 33.1099039972 32.7020210377 35.0325278538 34.2251724579 31.8660262299 33.1377071391 34.9555317508 33.7094430685 31.6071840928 33.4322459787 34.2847428586 33.4592975917 33.7414629767 35.0089095172 32.4033513574 32.7079034569 33.0123522213 33.8276074842 33.6229460448 33.273659294 33.04177581 33.1119646304 33.7273206424 32.5836909221 34.2907377692 33.6882880031 34.1338241221 32.1259903901 32.2016844849 32.7674198955 34.9651698457 34.0336877741 32.9133115412 35.0141473903 33.2954338769 33.2217360842
31.5051929882 31.8281243095 34.4391980814 34.5458799003 32.1514119461 31.660093284 33.0396514995 32.1724556572 33.6826255484 33.4718080115 34.1535655289 33.6017147757 33.6082489231 33.7769922047 34.7559205774 33.8510808949 33.2802431808 34.4680333882 34.2093856776 34.844575839 31.6798599976 33.6549775231 31.7558466323 33.2783278783 32.3197880509 33.4083991037 33.2226081213 32.5608595866 33.7251796218 33.5426345364 32.8177931924 32.4245245529 34.6818763821 34.6946598693 34.5971941633 31.6187187794 32.5313245046 34.8727214166 32.8233367721 31.6592311147 31.6032845281 34.0238297622 34.8182485096 34.7235746001 33.0577077766 33.7527407261 34.5674940455 32.2383147855 34.9228650579 33.3507960637 32.4167720614 33.7922189187 34.252712041
31.7380256764 32.7758937685 32.2409933661 33.8071775426 32.9673835773 33.5222544945 34.3293068404 31.5434679679 33.6890455332 34.2054016898 34.7525454852 34.8817546007 33.6642161229 31.6115159143 33.4758344987 34.3690964193 31.8109036039 32.0500851327 32.4324458735 34.6273457025 34.7784970524 33.3641395829 33.7517852844 32.3851449939 31.6907719262 32.0944778494 34.7453667737 34.9578896735 33.795497244 32.8666657342 33.6749053566 32.4976078954 32.4261910071 31.8381719538 33.4910061057 32.3785507957 34.3518394875 32.3998617457 32.8466522634 33.5083875338 33.7916818179 34.5794512432 34.7866015531 34.1355644147 33.0667140547 32.7004872592 33.4801260662 33.2368996522 34.0128648286 33.3609197985 32.1334322341 32.091619207 34.5444336386
32.3168668366 32.9453523015 31.623801496 32.0485809622 33.3926148291 31.6769627614 33.6941017616 31.605253592 31.8642040923 34.4972180804 35.024859228 34.6212275639 33.516954565 32.0122379073 32.1819542431 34.6792843812 33.6210055577 33.9190642137 33.3073479991 33.4774988136 31.94249307 31.7324848949 32.4932088824 33.0143132371 33.3476825429 34.8485169738 33.271754483 34.2016948792 31.895048814 33.9720676505 32.8415844946 34.7716082966 32.6798521731 32.4658967208 32.4568932183 34.4729009917 34.2370083814 33.7839423795 34.9910075688 32.4562785799 31.6117456712 32.2271363282 33.0896511073 34.7028575663 34.2241191111 31.9630911173 34.5698953483 32.3221490907 33.6056393093 31.7591596671 34.7931886097 31.9270614509 33.0119585474
33.5764607119 31.9566918819 32.1405293512 34.9039723597 32.6510747998 33.9821002666 32.36544894 31.7154151058 33.381745238 33.2298971957 32.1838158004 34.7633439175 31.5350395724 34.4323760222 34.9910431074 32.1150060193 32.2744082181 32.5951135202 32.9201181601 32.8382021855 33.8024553088 33.8481238664 34.9124809876 32.2472226616 33.2928456876 33.4726623005 33.4798755457 31.5098878645 33.1018643231 32.9057321859 31.7943339344 32.0884673037 34.5126272691 33.8712125748 34.957082142 32.2204703731 32.738715588 33.2848625644 33.7707490867 32.3401318395 34.4573113365 33.8165002989 33.184090771 34.4963592269 34.7089014279 32.6741537351 34.8460083351 34.4199510154 33.1612441075 31.7872612858 33.2834703148 33.9486811478 33.8895515786
