Spatial_Output/90% DEC/90DEC_0305.asc
NCOLS 155
NROWS 192
XLLCORNER 196769.923733
YLLCORNER 449719.875193
CELLSIZE 27.603701
NODATA_VALUE NaN
[rows 161 to 183 of 192, columns 53 to 105 of 155]
36.3182441452 36.6080050797 36.0399851752 36.3874792252 36.2801217222 36.027345517 36.8429783006 36.5958320124 36.8027892893 37.408070303 37.326296486 36.9276437088 36.0372919734 37.3616605924 36.7462060412 36.0286637483 36.3434239862 36.5483484926 36.8516484056 36.7587147963 36.8109015088 36.2163424082 36.8224648525 36.3624510154 36.3621433728 36.4933076864 36.5760604398 36.0239405774 36.0919327234 37.1247818289 36.3130201276 36.0620252325 37.1832980785 36.6130095083 36.5682837785 36.3539754074 36.1391157133 36.2021668024 36.9281704494 36.6732126181 37.328749454 36.2682109301 36.6557758464 36.4615255536 36.1684370732 36.7822346697 37.2202714287 36.4579222931 36.2343433497 37.2847217702 36.6342243506 37.2813775339 36.7261883652
36.6158827526 37.3126491177 36.5994366461 36.4631579373 36.3577654659 36.7351624837 36.3556101271 36.2560775173 36.8917633549 36.5983513906 37.1979413032 36.3438973718 37.276920702 36.4133205469 37.2922854968 36.4553830133 37.4020319454 36.5357554092 36.8413904606 36.6576461385 36.468298478 36.0726672854 37.2758569581 37.1727487289 36.7374869362 37.0464030157 36.3162885085 36.689515548 36.2772731431 36.3282581764 36.142549293 36.4783975192 36.6919065304 37.1082853856 36.0811225229 36.8824391262 36.4697168777 36.5126447513 37.2953332488 36.4156866561 36.9675175307 37.2572230592 37.1462691165 37.1458405405 36.878103087 36.2691222243 36.6702542517 36.6812811109 36.2537871502 36.1351942716 37.3209886944 36.6471478024 36.9002858661
0 36.4653980899 36.7851165461 36.6662027335 36.7465960063 36.9535634378 37.294256372 36.213596027 36.8850644944 36.903111638 37.2123972919 36.9408327583 36.1572482238 36.6136912793 37.1194291839 36.9050547715 36.3117371278 36.447409323 37.3745936296 36.5910222717 36.0552905469 37.1351405052 37.3298331156 36.1468636184 36.6915484789 36.1693320357 36.3712980467 37.0385086139 36.6831147132 36.4250509017 36.4380796729 36.9806289834 36.9368873203 36.959209003 36.0252326609 36.2841838036 36.0407380418 36.0164569991 37.0373726374 37.1177557287 36.5706366131 36.7536830124 37.2271811948 36.4123710841 36.1582638296 36.1260041453 37.3876584818 36.1260443069 36.6257281714 36.7886641765 36.729902531 36.5133391627 37.388564661
0 0 0 36.7063262376 36.4004754418 36.3778299721 36.5616531004 36.778650527 36.0659649442 36.1176330555 36.0859571794 36.9498163113 37.1587897661 36.9087384091 37.1687029742 36.5582070702 36.4432124894 37.0688523777 36.750119238 36.3031715152 36.9408887153 36.195814131 36.3052064744 37.3610115444 36.0122413928 37.3641085442 36.1796219745 36.0224773802 36.8040161758 36.8250350093 36.3923347707 36.1342513615 36.2553191593 37.3762119291 37.1642522844 36.01572015 36.776351134 36.0296680412 36.8409984198 37.017361652 36.0632388142 36.6827543119 36.9793763195 36.3841846702 37.0816440742 37.1572646208 36.9701656719 36.8318697876 36.253448472 36.732647972 36.1136104911 36.6112079049 36.1760276859
0 0 0 0 0 0 37.2659911739 36.9968022686 37.1231068684 36.7586513704 36.4632288433 37.3571532193 36.9335922568 37.1244558223 36.7244396719 36.454865426 36.7105160318 36.2349418763 36.7405822358 36.7852970003 37.0695644504 36.9582928407 36.667027134 36.5796184988 36.903228343 36.2908705004 36.0650490475 37.0925439541 36.4277389539 37.1134239937 36.7586354314 36.4019395598 36.2876205846 37.1808751981 36.2071844566 36.4665255181 36.5337314749 36.1997255513 36.6657704936 37.3031766894 36.4727613122 36.9402952161 36.0759590234 36.2168555981 37.2014702076 36.38989979 36.3268489508 37.3855393949 36.0157673757 36.6230959486 36.8394596463 37.3436978268 36.8299279889
0 0 0 0 0 0 0 0 0 36.4993727794 36.5945749738 36.2495346973 36.7829947553 36.9074609831 37.3497348148 36.290002338 37.3933905417 0 36.4694588895 36.0635464613 36.8055254745 36.4451554958 36.4011224616 36.570577659 37.3166205897 36.3405449766 37.0612295615 36.6548817941 36.6141366389 36.0667258603 37.234890887 36.284455889 36.2011558847 37.1536988177 37.196036005 36.6737769322 36.7718524746 37.1064729407 36.9904661232 37.2604507881 36.103421287 37.0229607598 36.156318407 36.8346774485 37.3091308884 36.4155230114 36.146835534 36.2203827282 36.1157444727 36.9965026714 37.2699772018 37.1166718388 36.2593262304
0 0 0 0 0 0 0 0 0 0 0 36.0136617775 36.198046687 36.0987242947 36.6762924141 37.3779559656 0 0 0 37.172968272 37.1406743493 37.3024184732 36.7608248509 36.2572696309 36.93491525 36.8305840698 36.8811461672 36.1811969633 36.4938853622 36.0493577647 36.8658195764 36.5187329338 37.0070190742 37.2454943416 37.3708488075 36.4824457941 36.5092544035 37.1033736275 36.941557327 37.0413008375 36.8082094914 36.7800029793 36.1081179183 37.1582753996 36.2491845025 37.0455609687 36.9336396534 36.6908389472 36.031053756 37.2554234087 37.1339784951 36.9819662113 36.894630915
0 0 0 0 0 0 0 0 0 0 0 0 65.9304345373 65.9304345373 65.9304345373 0 0 0 0 0 36.9679893288 36.1353377849 37.2429267441 36.9885893861 37.1825533436 36.3432971979 37.0363201407 36.6788797226 36.1349509918 37.0008559477 37.2623564732 37.0718155315 37.3037080928 37.0711577077 37.1832464604 37.2906706108 37.070707596 36.7578752843 36.2385074277 36.6901586664 36.9462984474 36.1421291888 36.6333459297 36.9976917664 36.9070214044 36.3778230812 36.5184548784 36.4320427176 36.1116679275 36.9715923658 36.493693503 36.4699559688 36.0030298627
0 0 0 0 0 0 0 0 0 0 0 0 74.9501472589 67.8003167153 76.1976062888 0 0 0 0 0 36.9782467877 36.8633337398 37.000633361 37.3469213788 37.3988206401 36.2090762972 36.5080887217 37.1094654172 36.3791046449 36.2913290839 37.2308951183 36.2580630805 36.3283336281 37.0801428864 36.0865084051 36.8975190277 37.4034897151 37.0247008239 36.6482336867 37.3704974374 36.2986779639 36.2815059536 37.2116037965 37.3391899577 36.3530193457 36.2298376271 36.526227932 37.3225903957 37.0054396791 36.6061365574 36.6447005668 36.3410914884 36.8166507267
0 0 0 0 0 0 0 0 0 0 0 0 69.1334843226 64.4064723142 79.8126638422 0 0 0 0 0 0 36.5557976282 36.3210978731 37.3546556802 36.2701366093 36.9050771531 36.6744726243 36.1896570497 36.68820433 36.9642270983 37.1279277906 36.8660638575 36.3551360552 36.2080646628 36.5089877005 37.1672744927 36.310664667 37.0186152663 37.3796384532 36.6202198344 36.1481373146 36.5784911186 37.3564785143 37.360495018 36.9503960639 37.0692863561 37.0967058841 37.0420899738 37.0052641567 36.3930855352 36.4475345623 36.6645592238 36.4100280919
0 0 0 0 0 0 0 0 0 0 0 0 66.6887869763 81.0631474322 70.5436036205 0 0 0 0 0 0 0 36.4114161804 37.0497361165 37.3605028398 37.3510622973 36.7098505876 36.274683458 37.269960837 36.3919536294 36.2039944277 36.3484434355 36.180797091 37.2369193734 36.6019209948 36.1604771747 37.3055414252 36.1307085755 36.6673209289 36.0952713924 37.2693650075 37.2213207833 36.4653827938 36.2851268951 36.7181844481 36.4392096748 36.7371031616 36.3979598198 37.1387428638 37.1156771214 36.3745662102 36.4124882115 37.0399910937
0 0 0 0 0 0 0 0 0 0 0 0 0 0 0 0 0 0 0 0 0 0 0 36.4157536902 36.8681618235 36.5752991503 36.1924844623 36.4834020673 37.2867122405 36.5440014561 36.8175186012 37.2452040212 36.6241941331 36.454959113 37.0416950204 37.0513394935 36.7289790708 36.1696453935 36.0675301943 36.3107966058 36.2608169277 37.0837389751 36.8131487266 36.2152775431 37.0560593634 36.9791141085 36.8648052714 36.0188705022 36.8555848865 36.0563131705 36.5535691677 37.2107716372 36.2876927284
0 0 0 0 0 0 0 0 0 0 0 0 0 0 0 0 0 0 0 0 0 0 0 0 37.2736296099 36.2646027366 36.4774599749 36.8243661848 36.9669913385 36.1369282494 36.3539936108 36.2617638002 36.1655854095 36.4229846502 37.0787093078 36.1931348963 37.2860487722 36.6429460887 36.5444533271 36.5750362031 36.56593106 36.957226635 36.8189004013 37.0768949551 36.9267812909 37.0875276592 36.9218110876 36.6225480191 36.2872046541 36.2081303709 36.0525676809 36.7452486917 36.4532159216
0 0 0 0 0 0 0 0 0 0 0 0 0 0 0 0 0 0 0 0 0 0 0 0 0 0 0 0 0 0 37.1198426308 36.5909339436 36.9540442563 36.6424464749 37.2258697241 36.5544140349 37.2756161996 37.1069607463 36.8172789111 36.6336303965 37.0826418817 36.4977446482 37.3842526574 37.1602231641 36.6402166771 36.3441632229 36.9729010209 36.2024877533 36.4351308819 36.8015517632 36.8944886712 36.6420725203 37.19849843
0 0 0 0 0 0 0 0 0 0 0 0 0 0 0 0 0 0 0 0 0 0 0 0 0 0 0 0 0 0 0 0 0 0 36.4659701575 36.6309361661 37.166406821 37.0137181828 36.0865532352 36.7248569362 36.3769653401 37.3001612235 36.6338802498 36.7206663379 37.3211887203 36.7007796784 37.1591493889 36.5973322955 36.0895021239 36.2232035539 37.1527049875 36.8201468359 37.1321697813
0 0 0 0 0 0 0 0 0 0 0 0 0 0 0 0 0 0 0 0 0 0 0 0 0 0 0 0 0 0 0 0 0 0 0 36.080998739 37.1957195651 36.3296800072 36.291270319 36.3729142531 36.7345947903 36.9873356779 36.2135091496 36.5599769392 37.1960258816 36.7785851973 36.0440373882 36.8426334323 36.3430226459 36.6997272053 37.2778259664 36.9934860977 36.097372761
0 0 0 0 0 0 0 0 0 0 0 0 0 0 0 0 0 0 0 0 0 0 0 0 0 0 0 0 0 0 0 0 0 0 0 0 36.2159669242 36.2907827336 36.4067265526 36.3437080191 36.3080426444 36.9819518152 37.1258670382 37.0664644277 37.0511129854 36.9888607138 37.2690853018 36.9667212259 36.2314383277 36.3085885841 36.4360834806 36.8876676576 36.4363811408
0 0 0 0 0 0 0 0 0 0 0 0 0 0 0 0 0 0 0 0 0 0 0 0 0 0 0 0 0 0 0 0 0 0 0 0 0 37.3670131788 36.5325186315 36.8923370356 37.2930395572 36.5143046539 36.0614830539 37.0973891511 36.0250908104 37.3420672788 36.8601260097 36.4777053838 36.0033515963 36.1431461775 36.6819130386 36.0573983272 36.7090362376
0 0 0 0 0 0 0 0 0 0 0 0 0 0 0 0 0 0 0 0 0 0 0 0 0 0 0 0 0 0 0 0 0 0 0 0 0 0 37.1971545633 36.4000038056 36.833764315 36.8226783035 36.7682299876 37.028247763 36.2380687956 36.4942556805 37.3588806593 36.6962598445 37.2851441789 36.3641447933 37.2039855751 36.8781158567 37.2462477615
0 0 0 0 0 0 0 0 0 0 0 0 0 0 0 0 0 0 0 0 0 0 0 0 0 0 0 0 0 0 0 0 0 0 0 0 0 0 0 36.0702009917 36.8382181428 36.2766623674 36.6407852063 36.8631228088 36.4561652641 36.3063212738 37.0368893093 37.1795110527 36.91923708 36.9267091422 36.1468124923 36.0625289914 36.6037330099
0 0 0 0 0 0 0 0 0 0 0 0 0 0 0 0 0 0 0 0 0 0 0 0 0 0 0 0 0 0 0 0 0 0 0 0 0 0 0 0 36.4463897455 37.0765553327 36.5512438244 36.7514612348 36.7646654796 36.371974369 36.2074226816 36.4040213703 36.9038359734 37.1116850799 37.0101166559 36.6866194317 36.9705816731
0 0 0 0 0 0 0 0 0 0 0 0 0 0 0 0 0 0 0 0 0 0 0 0 0 0 0 0 0 0 0 0 0 0 0 0 0 0 0 0 0 36.2130678816 36.0476255146 36.3787484684 36.9991252201 36.6601932779 37.0873593521 36.7631865121 36.9107154675 36.8347353541 37.0238125663 36.4094455499 37.3630212175
0 0 0 0 0 0 0 0 0 0 0 0 0 0 0 0 0 0 0 0 0 0 0 0 0 0 0 0 0 0 0 0 0 0 0 0 0 0 0 0 0 0 36.4522051865 36.2571788016 37.1813191276 36.6269732124 37.2850757199 36.9320609388 37.200304516 37.2113110445 36.7023132259 37.0056110212 36.4626689357
