Spatial_Output/90% DEC/90DEC_0632.asc
NCOLS 155
NROWS 192
XLLCORNER 196769.923733
YLLCORNER 449719.875193
CELLSIZE 27.603701
NODATA_VALUE NaN
[rows 92 to 114 of 192, columns 53 to 105 of 155]
25.026701015 25.1153038008 27.2663403285 28.21342764 27.1404758429 26.1321925651 28.6136665405 26.9084210669 28.0358594203 26.4526943146 29.341119838 25.1410041918 27.9701045013 24.6516484188 28.056373035 28.8736595303 26.4166534215 26.7445862542 24.9900379461 26.4396206557 27.3338001751 25.6857905705 29.1218060482 27.229049958 26.3360406325 27.9394175344 24.9879239404 29.264946007 26.4646914218 25.098918175 25.3404518991 26.1092150654 27.2234234989 25.2150792516 27.8483620485 28.7801503287 25.3733800676 29.3389925659 27.9278245663 29.0399770014 27.0111684459 27.0144029068 26.9053495092 26.5620540608 29.0336168383 25.6692630273 26.6422408486 26.6716686203 26.445464078 26.2513748114 24.5098570287 28.0389001983 26.5350922113
28.5543334929 27.6729408603 24.5845042929 26.9268936836 29.1643581578 28.2005059058 28.5965880082 28.7248770861 24.9437313849 25.9366797987 24.6255129415 27.4393181481 29.1097342892 24.8029296006 29.4064947948 28.1166651119 25.2663497974 26.5846056 27.8098735293 26.1203563191 27.7680127853 26.0500285879 27.4323590015 26.6320918752 28.59734688 26.3375424479 28.20796661 25.8522565086 28.9081223152 25.1253135223 28.7222802475 28.9516079242 25.4414175156 25.3157529292 24.9565407135 28.004246604 28.1204029614 25.824132225 29.0540405539 25.8518154706 29.401815549 28.5566776253 25.6614960192 27.7117085216 28.5518690063 25.8652143608 29.2941283002 28.8527053664 25.9015863971 28.652700618 27.1229311958 28.8890545795 26.684515424
29.197808094 24.7026766721 26.0625878106 24.9704173009 25.6802785052 27.7797933797 26.9801197174 28.7996002762 24.9279312387 28.2541630108 24.8121481102 24.5803276533 25.4820765466 25.4537050406 27.6875005825 24.6726473789 26.3447533075 28.6231811934 25.5137119501 27.1250034808 28.2662887901 26.5222500474 26.4152520483 27.1785646937 26.7866560913 25.6945925389 27.1743307824 24.604749323 27.4356587117 27.2029318956 28.6545566775 26.5480551403 28.8766457957 28.2625389309 27.8364175974 27.9851953331 26.005892341 29.2240148527 29.366281519 26.813213881 28.6861293449 25.6754125153 28.8689574418 25.4449241076 28.0651838611 24.5299425638 24.9309654069 25.2065103511 24.7432222868 26.8153762629 27.3738854763 24.8643849177 24.5628127897
26.4563962299 24.7426908707 27.5363997459 27.391381193 27.9406678489 27.9221390423 26.7944009913 26.962768947 27.2980850227 25.7454862885 28.8882722204 28.2185423439 25.8682111896 28.3315361837 27.6010021882 26.133629076 28.9459763627 28.7544526185 25.7006419303 26.3346900549 25.5923237023 27.0950269168 26.9750966321 28.6130681718 24.9386791843 24.6234751539 26.5642720875 28.4003640468 25.0494334556 24.7885989709 24.7025945796 29.0929893696 26.6822980373 29.1070197621 26.564035727 27.7387932598 26.964390335 27.8290486049 24.6317214749 29.3874115003 27.5770064954 24.5677275759 26.3758918255 27.8687857828 29.2286001737 26.092925148 28.9077150611 26.3916318161 25.0872353956 27.2081045496 27.8863443885 26.8753685197 28.6551400352
25.8567311558 25.892006399 25.2545417344 28.4989352571 29.01824802 27.7047811914 25.9571841676 24.8808347891 24.5405798012 28.5962670253 27.3932239618 26.2520690283 27.5392325099 25.422014913 24.535276983 25.4898078717 27.9171069528 29.1699448018 26.2727407065 25.3553691497 26.7899888478 29.4460878641 26.5881703868 28.0228593178 24.5395955249 24.5885807996 26.2206770288 28.1894346883 26.4806490317 27.996526182 28.4160202528 26.7616626275 25.9467821566 28.7584967534 25.685600723 26.8298700499 27.5846527794 25.65970781 26.2971849235 28.9382746456 25.8502194083 26.5520123511 25.554327799 29.3820381518 28.4401505534 26.132358808 26.0421972025 26.9144655721 25.3700089428 25.8293739931 26.5780796578 25.0189041866 24.6096110978
57.5648524778 29.042690299 26.6660446889 47.9484152143 25.1288917719 26.5651412843 25.8674678995 27.3201410553 25.5687842072 28.2941874766 28.6744057412 26.0330422168 24.550761323 28.8241677409 26.3531298774 56.8668289594 25.1836925739 26.4901029973 61.4306533832 61.4306533832 28.5962769939 28.6375409622 29.2095685248 25.5093082861 18.816610717 20.1005723848 53.7008140077 50.9967758769 27.1547180509 26.0259680059 27.5093860957 26.7030289921 27.189144212 26.3571327125 28.1249937392 27.9671860781 25.6447928656 27.633312109 28.3316249219 27.784165372 25.4696093114 25.455048867 29.1601510222 25.050742461 27.846835307 29.1048441424 26.6234861101 28.4382607717 27.8145230397 25.2393570458 28.0687004023 26.9315655408 26.5890450447
57.5648524778 57.5648524778 47.9484152143 47.9484152143 47.9484152143 26.338812323 26.5057168887 25.6157782835 25.1032634916 27.2297657834 28.0997703691 25.9245025567 75.8246998717 26.6519802781 56.8668289594 56.8668289594 56.8668289594 61.4306533832 61.4306533832 61.4306533832 28.3798328979 28.3025474441 25.6445290782 25.1606915114 20.1005723848 20.1005723848 53.7008140077 50.9967758769 27.2873244615 28.2442941351 26.1075511686 25.8823519083 29.0526356421 25.3030355411 26.6737341623 27.3916597238 26.8556151381 28.1496882722 27.1415680645 29.261711928 29.2822983861 28.7305798692 26.5550170929 27.3294306799 27.5117643798 27.7586329965 24.8025242773 28.0775318162 28.4521783271 26.6517481555 28.2496764361 28.4573528432 25.8693440167
57.5648524778 27.1199723731 47.9484152143 27.5236381362 26.7234045441 24.7823476527 29.2652596699 25.020176547 24.7328819525 25.4660979063 28.5832767454 27.476483005 28.3067021507 28.1624081596 27.7232260264 25.2782146873 27.6573619188 25.4207499875 61.4306533832 61.4306533832 26.9850561028 24.8263652994 25.1330781094 28.471373369 58.8319919612 20.1005723848 53.7008140077 50.9967758769 28.8017316992 28.08899305 24.8525573879 28.0331720608 25.4806848087 27.271576432 26.5763747976 26.0872097104 25.489119609 28.4565393745 26.5220172613 25.7853800689 28.6263318876 25.6916192222 28.7292875433 25.2547031227 26.0939947142 29.1900528189 25.1521085863 28.9993562385 26.0817737514 25.6075699709 27.1871224479 26.6270636018 26.9851198977
25.753187011 25.1370629908 26.9651444985 24.9787397101 24.8955584946 26.7486190817 27.3518268027 25.8242497552 27.9361022916 27.1978539918 28.9022798527 26.8375272682 24.8787258338 28.4244106854 25.4337771729 26.6334146899 27.8686382683 27.635178042 25.3085953581 25.160782851 25.5763982228 26.5217420954 27.2919704112 58.8319919612 58.8319919612 58.8319919612 26.5463487088 26.7853863193 25.3880035669 29.2232705123 26.2067059617 27.604858394 25.7512449294 27.031238833 27.5905757955 28.7120632359 27.3646523489 27.402437629 25.9863580776 27.3191181634 28.3390242091 24.7284110584 27.8429105943 25.2544108727 28.4158824624 29.332044565 28.8195499008 27.3672054059 27.5771315859 24.5216695838 27.4121655071 28.8398619492 26.2906802864
29.2287860946 26.5332556715 27.5798242937 27.78058211 26.4653204809 28.0794208401 25.5205971585 28.2065859568 25.7153831553 25.0508108845 27.2286893166 27.1075454867 24.911369542 25.7749536418 28.2615894661 26.2243089748 27.1199013041 29.3962431046 26.2027771683 25.9342390582 26.852419798 24.7827827771 25.11104332 29.2495848024 26.2843400171 28.0042029383 25.5879588878 26.5354838402 25.9040442029 28.144517111 25.7892288174 25.3258003923 28.2845277083 28.8138000936 25.0315180959 24.5181214576 27.7801253161 25.1547296164 25.0723593053 27.7136965302 26.8146212992 27.7917050762 26.8832571901 25.7839795543 25.9618138792 24.973031561 27.4502346891 25.6394356989 27.3563896286 29.1219040341 27.5555350327 24.6548697436 25.489916795
27.555708249 26.5335504899 25.0444396199 24.6188628598 27.950015857 29.0560744058 28.2032021847 28.0764818482 53.5252623849 26.9828129232 25.2981793408 26.8472529598 25.2627776639 28.6214096376 28.9016378063 26.2713751503 29.1714736058 28.930839405 25.791952746 29.384499052 28.2788452589 24.5849098807 27.1507642962 28.9565732066 27.7473317568 26.5948792088 25.900884384 26.5563504411 28.0297228501 25.2589898367 27.7547953019 27.7319209108 26.9203504273 25.485692389 25.3423196977 27.0039165614 29.4203754591 29.1723062191 26.6519547426 25.0609040606 25.4972252197 25.7177802468 25.255142272 24.7748440815 28.7979077726 28.0312745102 25.9631454094 25.545824684 28.5207738025 28.6723523568 27.950425389 24.9620777935 29.4310879342
29.1692781275 28.9337641277 27.6958136155 25.1864786033 25.6863650806 26.2954931586 28.8606023783 28.3021399298 24.9068466482 26.2212511607 25.3594179453 25.4981767399 29.3917728969 28.305717302 28.9069234481 26.1896367203 28.3503784524 27.6810537326 25.0890643476 28.6044545724 27.5848784774 27.5195025696 28.5730902446 26.1112727008 25.7626633481 26.4903194451 24.9625680907 27.6385462811 28.2359182354 25.4826748494 27.7022358208 27.0182262705 25.7061158304 29.328846319 26.2774715607 29.0982096908 28.4280546078 28.9065954686 27.200738067 26.2033596939 26.9271825814 28.5240771666 27.2076294528 28.2225706874 25.2851296597 25.4847569191 24.6808352478 25.6149023195 26.9627378115 28.8313240259 27.1899779322 26.5215762544 26.2333876142
25.135671513 28.1046202599 24.5247127178 29.2195885515 24.8320343432 28.2966851304 28.2724845583 29.0810057053 26.2514148234 28.4937247572 28.1017427685 26.0916634682 29.1318074197 26.8671530146 27.7777794872 28.2880622494 27.9688466228 27.1503759462 28.3319758132 26.8298212848 26.3735637099 27.9016833054 26.6653477412 27.9387747739 26.5390364204 25.1975583799 28.1784659152 27.0939585427 28.561653427 27.400392156 28.9833239802 25.6920785801 25.8144581714 27.3204995471 27.9244157539 25.9323795375 24.6455004619 26.5660844565 28.8706960715 26.0622210413 26.2607428467 28.1490017123 25.9246778671 27.6658923626 26.6363156002 29.1211066035 26.3480546899 28.2819446059 28.7351007321 26.8634671714 24.9072786657 24.5910886023 29.1827260754
25.1420684405 28.9103453394 25.9444406942 24.8277865733 25.9265524423 24.9418071593 27.3337644616 28.1754626543 28.599894318 27.9881799428 26.4871555692 26.6595679396 24.993528642 29.2779539002 24.5501989079 24.9731869448 26.5116435807 20.6493877261 24.6344120602 27.4605504195 27.6258574708 24.9257043005 27.9745396084 26.2974596251 45.9725976847 25.2569092146 25.0150387788 25.1422002093 29.2787510206 27.0722551119 24.7384233858 25.2734742943 24.8517466489 25.7711644662 28.3017516536 25.921423645 29.4129356661 26.4562643221 28.6846902341 28.3714665578 69.051538634 26.7351324265 26.8306578169 25.192700197 27.8236943516 25.7958740771 27.5972805921 25.1268242564 26.9410350145 24.7123249137 24.9168230209 27.9597978149 24.5552447392
28.2921966771 26.4129068002 25.4806686932 26.1833050319 26.9713864229 26.3856030174 29.0409602167 25.1774451719 61.7345538763 27.0069250613 26.2347812162 27.2107233057 28.1064045419 28.5371237488 25.0149519777 25.7626882255 28.3561284025 21.3720859972 21.3720859972 28.8864687706 27.8621776974 46.0454570157 56.0706094462 45.9725976847 45.9725976847 45.9725976847 60.2701403685 60.2701403685 25.5289413619 28.4551162419 28.0314832972 26.146305133 27.1331128154 25.8971016284 28.510153655 27.9423982394 27.274388368 28.6523709867 27.969958718 69.051538634 69.051538634 69.051538634 29.2458060755 27.5408698939 26.9792866458 24.6832538725 29.1075715629 25.4219826019 27.4440235922 29.3793386471 27.6913411058 26.7594465324 28.8001639518
28.1851533397 28.3588248664 26.1734911336 25.6506448941 27.9055686856 26.0854954006 25.4230021104 52.0421245709 25.3905646377 26.144972176 27.5186762906 26.0510051028 29.1439191386 27.0241988031 27.2955988797 24.6872916322 25.4569126705 26.0876222072 26.8441107978 24.7980126512 46.0454570157 46.0454570157 56.0706094462 50.0328625678 50.0328625678 67.5519039683 60.2701403685 60.2701403685 27.2990136228 27.4577310353 28.4052767024 26.9435251096 25.9765015475 27.8614232175 24.6367537303 27.3177274428 28.6128849655 27.225612235 29.0017512344 25.4571519793 69.051538634 25.6003689312 28.3930154746 28.0422530334 26.2013517621 27.4286020438 28.618986896 27.011763465 28.1402615567 24.8496167434 27.6022096048 27.1676653428 25.1184243403
28.0869609402 27.1429902902 26.2463323678 25.0580822256 25.9408128571 24.7493718108 26.8610513898 25.3867025046 52.0421245709 27.0095879338 28.1576516933 27.7990524753 25.9534234712 26.9676219144 24.6507332888 26.5330535121 25.7900928389 27.5838555885 24.8393500297 27.5917523872 29.1480440394 46.0454570157 56.0706094462 50.0328625678 67.5519039683 48.8051071771 48.8051071771 60.2701403685 25.4818392958 26.9156319696 27.0907497488 26.0357153759 27.387908805 26.6389889681 27.1185985567 25.0184198846 26.6952006585 26.871118288 26.412910334 27.6478278246 28.5855437458 26.747328226 26.1605785194 25.6023105951 28.1505297154 28.3223503145 26.7764434235 29.4414661144 28.4626364226 26.9535920843 28.4152056787 28.5737717681 24.9272942673
27.1167519314 26.3473221187 25.718810547 26.0432761335 24.7897062381 27.6049869632 29.3506318302 24.785023555 28.659299889 26.3038233125 25.5506298426 25.494945779 27.1745283113 28.2221641249 25.2779890603 28.6354679573 27.4942461582 29.2122737799 25.0046850484 24.6543416324 26.5951362762 26.3787729216 25.871375662 50.0328625678 25.7185931323 27.2500770542 26.0095797312 25.083382591 27.4222705983 27.7998647663 25.3455865779 24.8171365264 26.4411597895 29.1345509444 28.1229236704 25.829426356 28.4779741659 27.0676795872 27.9751314802 28.5578519849 29.0767837393 26.8414967483 25.6196118526 27.6736976116 24.7040616989 26.2575357283 28.0642307068 28.2123808561 26.0643303715 25.988929035 28.8918408859 29.0977659503 29.3728287666
27.8525928577 27.1510410974 25.1607048167 27.6320163856 27.3303902423 27.4897772406 27.4703458218 19.3239015884 19.3239015884 19.3239015884 24.5940543259 25.628947172 26.9369928206 27.5888311135 26.8557692735 26.1353602627 26.017477679 26.8922605489 27.3849781281 24.5262718106 28.1762889865 25.7670693537 24.7438024199 27.275577581 29.1613583619 27.9486656382 24.8394474305 24.8735411467 28.9289415842 26.8358980915 25.6549617517 24.742746609 28.0461361457 24.9251174408 29.2222589028 27.1445053872 27.4408350355 24.8869616734 29.1877138291 27.4620487376 25.4227279374 26.2233123865 25.2089804367 28.5782807829 29.4066699894 26.856748607 25.0716473749 27.5207355301 25.9368338112 24.8726030927 25.3003399649 27.9309349487 26.5407080096
28.311056065 29.0983085815 24.9856389188 28.772697986 29.3467186474 29.3856859937 25.2228810784 19.3239015884 19.3239015884 19.3239015884 27.6112937601 29.3960351736 29.2586721371 28.7111152077 26.3365948348 26.4080264579 28.0262410421 25.2475242424 28.7606354375 25.1504644289 29.4342683612 28.6615928133 28.7267910532 53.5172264387 53.5172264387 25.4400548303 25.0957700484 29.0093841711 25.1613072223 29.3166864333 27.2382268196 28.6021777926 27.4604179775 24.5562304655 27.1636902048 26.1010711783 27.1457847571 24.8647391082 26.6164766709 25.3131641661 28.7412867922 27.9270302146 26.4225564047 25.8684985793 25.7366624257 24.8936880388 28.6787258891 25.7468335895 29.2517656646 28.4575327946 25.4450970738 28.6979299326 24.8132968588
26.6608902489 28.3283648103 26.457600646 25.4627347444 27.3554057835 28.0405870363 27.6046871807 28.8620614776 26.5800985177 29.0047593386 29.10105321 26.368944059 27.2973245711 25.6335718736 28.2275860156 29.4085679875 26.6704879 27.7158513439 27.9912325753 28.6958674006 27.5503860489 24.5753810948 27.8052856896 53.5172264387 53.5172264387 28.153819991 28.8580293143 27.4669262685 27.3160165904 25.1834032292 25.3186866732 27.8667703863 28.4703580128 24.8936961908 29.1633654134 27.128385263 27.4382691488 27.2079995199 29.202226531 29.4126681605 29.156740441 27.1492890054 29.3631402233 28.5011560568 25.2242723597 28.023635041 28.2822010887 29.4435009602 24.8783406205 27.0889560595 27.2404138563 25.8045725047 25.5166891318
28.0682591108 27.8542689544 25.4468018722 27.9947557375 27.8977127518 28.8450443039 28.8254292682 24.5461260916 28.1156949595 29.35043108 27.7363658302 25.1802014437 27.7187580402 27.3441181555 26.937404138 24.8588357589 25.1422990141 28.2936081161 25.889180616 28.271834643 67.8436961706 27.0161606215 27.7902243863 70.371104344 70.371104344 48.0302016024 24.6667128724 25.0459466864 25.5136591577 28.904235654 28.5964644778 28.2175398601 25.9680311944 24.7566003576 29.2385468797 24.5494870735 26.8307637924 24.843511027 28.9012990643 27.387044121 24.6533993717 24.6201343174 24.6162724555 28.0837063771 28.4666377701 27.2506445652 27.0359560674 27.7184053442 29.2466217407 28.1255566156 26.440169659 29.3435405983 28.912091045
50.5758411156 28.3793704002 26.8766699774 26.3686041638 29.0399867134 18.6311887313 24.6172697767 24.5916404215 28.2644633068 25.0953668917 26.1801946734 26.1679985939 27.008584107 29.2330088856 27.5438738519 27.3853336204 25.6250751336 25.3408860198 27.3781555843 27.1877793453 52.5879977728 52.5879977728 24.7296969821 70.371104344 48.0302016024 48.0302016024 28.5261929966 28.9514008257 29.0249027881 29.2526085422 28.3123026167 29.2488609404 27.9684688732 27.5181535472 29.1022305451 28.1043682802 28.1780768081 27.2940621715 26.5887837567 25.5341487511 27.1358299474 27.6134904917 29.1955907693 29.1411274408 24.6897316485 25.463361406 26.4563741079 25.4849866292 25.6209127674 27.2608173266 26.1108813545 25.0516865698 26.565130327
