Spatial_Output/90% DEC/90DEC_1346.asc
NCOLS 155
NROWS 192
XLLCORNER 196769.923733
YLLCORNER 449719.875193
CELLSIZE 27.603701
NODATA_VALUE NaN
[rows 69 to 91 of 192, columns 53 to 105 of 155]
33.0346457439 33.9476177445 33.8609852889 33.4660687285 33.2083294329 33.3382520001 34.3800019268 33.3876703158 33.6441066316 33.0822145024 34.1879545112 33.1213081988 33.7639738019 34.2554753875 33.9193987664 34.2264239283 34.0002383887 34.0294269563 33.5772445675 33.3957944985 33.3418149315 34.1527491281 34.3470709815 33.6837662261 33.1360436666 33.0363344237 33.2134406889 33.6881524265 33.8243422123 33.9283537102 33.0338963268 34.2451167769 33.2683816348 33.7467049221 33.1054584532 34.1534282861 33.788907861 33.9203577471 34.2027330882 33.4009962829 33.9937883626 33.4973196912 34.0248864794 33.9291734583 33.8994237987 33.8543437135 34.0580672155 33.3681016615 34.1664818995 33.0357648091 33.0476120779 34.1130265873 33.0194168687
33.2877168125 34.2741547978 33.303116814 33.58115131 33.4346967745 33.2716150878 33.0699571253 33.817062422 33.3752439968 33.9227262463 34.241418269 33.5926649318 33.6664311628 33.2262221537 33.2465608664 33.9063865441 33.3229759501 33.7276511824 34.1985578018 33.6629044608 34.0381429899 33.9595204222 33.5603284638 33.192070073 34.3925559698 33.8631281253 33.0131557139 33.1031033236 33.9891709929 33.8954393704 34.336068432 33.120330982 34.054070588 33.4253584926 34.0218229208 33.369209304 33.9779910846 33.7563640198 33.2606948194 33.6592299661 34.0528646762 33.1372244525 33.5580487656 33.8487394415 33.1870014393 34.38620129 33.5860926552 33.8506242237 34.3136852882 33.2636531605 33.6900558207 34.3538154045 34.2696316066
34.1129486261 33.2783949218 34.2705786612 33.6356099516 33.5940978419 34.1395443363 33.8003745867 33.7605124665 33.7915646095 33.6995386435 33.3369540048 34.0777999073 33.4184573152 33.102180839 33.6021103274 33.9538027589 33.9924517853 33.2981995738 33.0133235197 33.7655647751 33.0382529865 33.6868831425 33.7559917963 33.6720009607 34.2938311686 33.8096504026 34.0941882235 33.5701311345 33.7983918406 33.7637512691 34.1982584117 33.9818190197 33.4988812224 33.9092007567 34.2968091617 34.1937334465 33.0949132966 33.0592473448 33.8337406702 33.2640890299 34.0183238693 33.7792477167 33.6005444966 33.1395649515 34.3130655188 33.0609812094 33.1019298223 33.5428805181 33.6942122823 33.6000491732 34.3533154095 33.8218206025 33.5949842338
33.5027318845 34.1587876905 33.7186124226 33.4676751942 33.3060205226 34.2467882677 34.2507393987 33.5522370287 34.257291792 33.4511473709 34.0453716451 33.6158370606 33.6576527751 34.0435979432 33.8400378184 34.1213929731 33.8634860263 33.8714574612 33.3909916113 33.8747274901 33.7678028035 33.8599029198 33.1935565717 33.1686636906 33.3694733005 33.7704109628 33.904413676 33.3681949516 33.2701202025 34.1223936997 34.1958925492 33.8808325406 34.0743588559 34.2127742638 34.2773100043 33.591966085 34.2600988624 34.0020081479 34.2944569753 33.6754366671 33.438866656 34.0894123169 33.4055686237 33.0132392259 33.3305176923 33.2828226348 34.2116770885 33.8577692885 33.8620211884 33.8215071851 33.8677755194 33.4114649412 33.4662311235
33.5441605978 33.4300694121 33.6831592206 34.3941425167 33.4901322053 33.3404682517 33.9927653233 33.3949679013 33.9557819762 33.419075639 33.7947450727 33.5131222674 34.3470234898 33.7126194919 33.1573954051 33.2634718597 33.0218822867 33.974010821 33.171668957 34.0413315187 33.7523654294 33.4014030334 33.488721827 33.4904845638 33.7696248577 33.1658511004 34.2637022601 33.403647467 33.1103207873 33.4929574552 33.7669275767 33.6332354115 33.9534905675 34.0882909458 33.9494188134 33.1277528001 33.4230672207 34.1512624034 33.7924897753 34.3840870238 34.2959479224 33.368790916 34.3886782544 33.552921709 33.7948121619 34.1425564085 34.3227372754 34.3463799785 34.0059266555 33.6486624047 33.4405516072 33.0715056483 33.1312809997
33.8876186734 33.8979041699 33.1974535463 33.703617312 34.1127370782 33.1099425737 33.3026171349 34.3255648394 33.583035437 33.4214943664 33.9829742511 34.0454406586 33.8493558926 33.5832817396 33.8939756596 33.4054467013 33.9811531244 33.2900773756 33.0731153632 33.1147224601 33.439052911 34.1903157386 34.1411465902 34.0821473058 33.3347777559 33.4752486057 33.6943876444 34.2600387296 33.0824303666 33.9103724959 33.4795913487 33.4497168502 33.5198248897 34.1076140107 33.0420822099 34.0096104584 34.0772784608 33.0846612725 33.2306987914 33.0546404614 33.5199022137 33.9743196405 33.3133536947 33.6870333197 34.1873815204 33.5760194281 33.9076157502 33.8791392929 33.9091142763 33.8835865279 34.1709192144 33.5890268464 33.8572628641
33.8548052164 33.7341879162 34.3559425883 33.1249996247 34.0045004087 33.9443817548 34.163550884 33.599385074 34.2472920406 33.1418835433 33.4474635279 34.0374359871 33.4325856432 34.4064326434 33.4237382988 34.2939254264 33.378692803 33.3657312621 34.1102982658 34.2365022954 34.0036812969 33.9375087944 34.322338634 33.2729724408 33.6492918468 34.3637456332 33.3127496142 33.372662496 33.7325465662 33.038609388 33.3997349545 33.1608110308 34.3215403913 33.179670935 33.3146644595 33.4029981217 34.3062397206 33.0755190857 33.2636741317 33.2819378388 33.5613453136 34.0928614081 33.986921993 34.3616731981 33.6636750988 34.0012808321 33.1663928223 33.2550797117 33.8215771047 34.2896433222 33.6840129221 34.2550450826 33.9361963974
33.7425485718 33.6599537428 33.1581614121 33.9636945443 33.9749951648 33.0341875387 34.103502018 33.6153511615 33.942995733 34.0411495719 33.3114538946 34.1088268569 33.553395718 33.7653917205 34.2106670092 33.3427318059 33.1076621492 33.3965136572 34.1158051861 34.1486264597 33.3899070017 33.3534333807 34.1129395813 33.279241851 33.4509353153 33.2277253241 33.0329357601 33.3012490263 33.1350837238 33.7322407382 33.7395157196 33.6207565699 34.1479691668 33.5096686261 33.8989070774 34.2580406328 33.9491080882 33.6857756202 33.6538095913 34.390577301 33.1231020624 34.1829552876 34.0528865183 33.3101259593 33.9455100915 33.4098457236 33.6008129147 34.0158041292 34.2452189804 33.6896284048 33.2192841973 34.1932079175 33.0972937471
33.5581106498 33.3869768283 33.3724548339 34.0277609287 33.825786197 33.7185272739 33.3535153511 34.2581566961 33.3456572831 33.0358765124 33.5623832866 34.3834970836 33.7569213564 33.8955288596 34.2902928758 33.513133144 34.1606863206 33.9127225107 34.2585032744 33.2318950626 33.9133799515 33.5246515052 33.5493674509 33.9528770485 33.7314520246 33.1030614485 33.2992402532 33.5560847572 33.2678907703 33.4987497363 33.5975619674 34.251844719 33.5937747446 34.3398795136 33.9235774955 34.3512670808 34.2290281399 33.6432481826 33.7703891976 33.5965590927 33.7613811557 34.1774617634 34.2267429478 34.0692047076 34.041797478 33.2900935086 33.6103905664 33.5370159221 34.2958467776 34.1685886769 33.278356043 33.4091347985 34.4041878875
33.4193620434 33.1199914509 33.5858653168 33.2427771818 33.8119359877 33.0587606338 33.4433096867 33.6144288685 33.8334012595 33.3903172932 33.3996779842 33.7907163825 33.4198030044 33.797648919 34.0877254079 34.3567765914 33.4080149989 33.6363580322 34.1783118832 33.1638167443 34.2143984878 33.1084745891 34.3473329145 33.32715099 34.0473468532 33.9217201393 34.129741047 33.8954930192 33.0996119292 33.2053383487 33.3059105841 34.3963129729 33.9549059897 33.000690258 33.9062462958 33.3995970132 34.3761295809 33.501468538 33.4488533508 33.5347136517 33.2628418374 34.0525343495 33.0138168381 33.5979566764 33.6316607416 33.5893725859 34.1042026654 34.0743352088 33.2182543629 34.1910507948 33.3958971574 34.3026299778 33.4613494861
33.4514351883 33.064194779 34.3946155095 33.2194520587 33.8329624322 34.1585554202 34.4002566685 33.8298898908 33.2045120646 34.2269393143 34.2772659919 33.2168136866 33.6233962601 33.4828406739 33.5997292098 33.5459817279 33.9202967754 33.2454836055 33.7615466957 33.1484351676 33.5995020884 33.9369716073 33.0917554336 34.3956680965 33.3016145069 33.4294856992 33.6150794494 33.4780514517 33.030653418 34.4110255391 33.8220708261 34.2139269287 34.0017735105 33.8811642725 33.6791505504 34.0832211929 34.1871364498 33.1509566693 33.2342871248 33.5743142639 33.3836066286 33.7803843949 33.9604929342 34.0806511567 34.249297701 33.9782936202 33.4555272538 33.8895677093 33.7400032093 33.6946576577 33.5216369847 34.3945195945 34.0425102415
34.0851658636 33.212213786 33.2858797492 33.3757671914 33.9814397688 33.3036449314 33.4765565034 33.9882372369 34.3205525749 33.1720051419 34.2570377323 34.1012642762 33.5819812097 34.3415391482 33.5117251898 34.0270183234 34.1989099844 33.3190773227 33.839101088 34.2509619752 33.0453270041 34.1855924064 34.0031187986 33.4131859007 34.3800037075 33.6269798257 33.312858561 33.076412056 33.4360687108 33.7868479316 34.2563532072 33.6025503866 33.3993802346 33.3705184576 33.2377771264 33.1344928184 33.5302236287 33.5548448027 33.4860171885 33.1702531315 33.5645393926 33.766138275 33.6438100655 34.2431611101 34.3507494814 33.2041043084 33.1073744765 33.4060026722 33.2329263147 33.7042617917 33.6432912707 33.8355505097 34.3954591617
34.054157495 33.7919396984 33.3890615852 33.5637525673 34.0285808791 33.3626081212 34.2264742193 34.3545756081 33.6483023035 34.036576045 34.3850045551 33.9005338119 34.1880945202 33.2174100497 34.2215757601 34.203976737 33.4556896746 34.1087609398 33.0175125081 33.2698334847 34.2140923281 33.757591853 33.0897103517 33.7100435266 33.0545426742 33.1047196506 33.4396169537 34.1350302302 34.0967182841 34.0541926003 33.1193834033 33.5111564734 34.1478102303 34.1661577513 34.2814882781 34.2788134722 33.3263618082 33.009139702 34.2974002486 33.0699471065 34.4116658403 33.6033513256 33.5733245253 33.526251404 34.1525914872 34.3942289001 34.1880158715 33.081053142 33.4552692557 33.5007203936 33.3281254283 34.3311310559 34.2248808472
33.3005384637 33.201682702 33.2453870413 33.7810528925 34.2701259601 34.0263872333 33.5912195225 33.1781836965 33.6851574882 33.9999191966 34.2249300654 34.1174292856 33.9913183059 33.1020075877 33.5888321147 33.1453067467 33.5878042001 34.164503987 34.3858841117 33.1241849674 34.3265030622 33.2666664771 33.6455442263 33.3021138824 33.0630402537 33.4862328796 34.1616056215 33.786627402 34.2123854856 33.7950077294 33.5010390338 34.1736647816 33.7369307025 34.1425042604 33.9887136401 34.2312373186 33.3678730382 33.0298828593 33.8756703951 34.3319079611 34.0824682844 34.396026345 34.1672854229 33.3498777912 33.8312968795 33.0566610564 33.3222415386 33.2485467242 33.7817287189 34.3784928569 33.8656990998 34.1476067626 34.3859142034
33.096456231 33.004733237 33.144806653 33.8798427201 33.9628964816 33.4752104158 33.706881513 33.5650789285 33.9939947679 33.4751951335 33.1795478425 33.6695015108 33.8198894 34.2158917308 33.1443860291 33.2749852137 33.2785860339 33.170034698 33.9584466456 33.0515619628 33.532592743 33.0080697664 33.1236968916 33.5213056854 33.5386018878 33.8122861963 34.4030179696 34.075649144 33.8883800961 34.2853715979 33.7788015664 33.3963912625 34.1834344261 33.5384341992 34.2137162886 33.3318510557 34.40445698 33.4748949921 33.2127308655 33.3126496823 33.8887253122 33.5665584131 33.8581792796 33.6094569186 34.3523827093 33.6028536126 33.9038819094 34.2392930366 33.5387224282 33.8609493772 33.0422294948 33.2559393685 34.0593436634
33.1825266151 33.3910795196 33.3201703913 33.0052930352 33.8087588629 33.6593659162 33.8560602016 33.792466848 33.6396600273 33.9016276564 34.1453991203 33.6676032305 33.6214901778 33.4433979894 34.1643628825 33.9389222663 34.3365835948 34.0608490753 33.3708634934 34.113956886 33.2728263821 34.1280069098 33.8666963376 34.0647228392 33.3792129393 34.0770415417 33.3914777138 34.3612257687 33.0893361666 34.3797603861 34.2635535116 34.2145733611 34.1516153336 33.5102920484 34.0039888859 33.8462754827 33.3694265631 33.0607410853 33.0256962194 33.6285082412 33.6347467446 33.20153785 33.5595978115 33.8470941142 33.587953051 34.3112634059 34.3903643052 34.3824298373 33.107376604 33.3033301454 33.0493063623 33.2541952734 33.7502395585
34.401762234 33.6491924025 33.6508787805 33.2858943517 34.2755728889 33.5055120442 33.76686623 34.3612410538 34.39272612 33.4623302901 33.3595882338 34.2464784245 34.3921485297 33.8041168892 34.3286274478 33.7151155047 33.9987020761 33.313551369 33.5833262972 34.27097317 33.7420970236 34.3226631773 33.4930252139 33.8721125964 33.2423459451 33.5820510084 33.9490459446 34.3193979778 34.133744492 33.9583461412 33.8180525879 34.0375096841 34.2695682126 33.8331910246 33.0819992811 33.0613171665 33.1254965989 34.3169620159 34.0031346012 33.184597905 33.9782538098 33.8291551485 34.2873022235 33.1570356078 34.0685745367 33.9619968567 33.8936188508 33.9184892674 33.7760602544 34.2466149665 33.4380396954 33.8627755026 33.20509795
33.8808515254 33.757758447 34.1053309615 33.5301711737 33.2326046106 34.2540053141 33.9864260303 33.7488130822 33.5285128581 33.0638645679 33.6316753088 33.7609940805 33.4363064992 33.449164405 33.1830486499 34.4110518403 34.001709637 34.1632717809 33.2486700626 33.5176539754 33.9370691392 33.9484196082 33.2424198873 33.7949920685 33.1675291997 33.1630094951 33.8372899893 33.4929139649 33.9929521394 33.7791631733 33.9090618206 33.9046120722 33.4491740052 34.2623114913 33.3668981315 33.5844320289 33.4078069423 33.4728055005 33.8026035743 33.2712173473 34.2553588153 33.6589295594 33.5114536245 34.2350480417 34.3122117645 33.7968302626 34.2587592877 34.0024654465 34.2934992813 34.0579430757 34.1301306183 34.0274817489 33.257909188
33.4794517998 34.1841402999 33.507348528 34.3892416255 33.7398536835 33.8315019595 33.9982500484 34.298362671 34.1416914358 33.4430839503 33.9660782691 34.2036400747 33.35822479 34.2474055519 33.7655462306 33.293525502 33.2683821173 33.8953676839 33.4820092786 33.5254775323 33.9488773894 33.5839193154 33.4822401187 34.1408674264 33.3135222913 33.7238979478 33.901579266 33.4948508121 33.7185439568 34.333807267 33.8727378897 33.8847259504 33.1919242631 33.9985941344 34.0888235673 33.9076519788 33.7300321401 33.2899184121 33.1260244266 33.3883418201 34.1197681532 33.8259355647 33.914784762 33.8168798664 33.9945445986 33.7529233329 33.8597525839 33.7079293616 34.0044229969 33.3119965767 33.6583048169 34.0492959124 33.3793725056
34.2099003957 33.3090152382 34.3077871399 34.0775458766 33.9943009228 34.1835926146 33.7332465265 34.0574648927 33.7857876039 33.3238440417 34.3671964731 34.2008271949 34.1155644868 33.7642270174 33.7824132328 34.3511926844 33.8099765266 33.2584725323 33.8523503411 33.8275313163 33.8740833429 34.3411741443 33.0001934741 33.2184829796 33.5337900019 34.3076717047 33.2036591732 34.1273976563 33.4248400692 33.4960452762 34.3711812243 33.120294743 33.5963096119 34.102275316 33.1634209109 33.492996107 33.5593411176 33.2587281767 34.1910236297 33.0737731551 33.7590669849 33.2547982515 33.7749864601 33.9688041183 33.9700068495 33.2315425946 33.9262311443 34.379922553 33.0368980188 33.6950634931 33.8525480306 33.6934760325 33.8840311571
33.0547119863 33.0741227089 33.8220878438 33.8513365028 33.4474944994 34.1756891334 33.0126918918 33.1718897532 33.4928259932 34.1306612051 33.8677582911 33.8664557924 34.4005224506 33.5185582592 33.8115283729 34.2611823079 33.4169012915 33.458361184 33.2102636579 33.700811535 34.2770394537 33.482690718 34.2828656806 33.0354904336 34.4056088275 33.2278312692 33.3618232053 33.7918273769 33.752868726 33.0836293628 33.7547732272 33.2495426667 33.1995436293 33.0934055278 33.0742670439 34.2786033856 33.8649489697 33.1803772144 34.2453099518 34.3746300141 33.6270006021 33.7710580051 33.1076861855 33.6454137572 34.3967927734 34.3208127172 33.2674978134 33.1553534207 33.2428526662 33.7932404957 33.1125871794 33.863801827 33.7139335381
33.8399394423 33.351255712 33.7611370668 34.3264411404 33.9150237676 33.161132247 34.1692417103 33.6271184539 33.6440952084 33.0248149656 33.5737967789 34.0572263543 34.1988405677 33.0533954747 33.6955357881 33.4986911327 33.7534961993 33.8531093666 33.5652090143 33.2080164149 33.512530674 34.3687539472 33.4849642218 34.2890531563 33.689442714 33.0827671033 33.9902528833 34.3187691307 33.0895887015 33.9115008193 34.2857792955 33.5548706149 34.2235533056 33.1010971669 33.0245045762 33.7893730331 33.396617113 33.9966597954 33.0246360783 34.0594447565 33.4005805267 33.4113030133 33.8608824856 33.8343931556 33.7435921499 33.3970484953 33.2624109269 33.6304900687 33.2026896972 33.4170438846 33.7423574428 33.8860673105 33.7047095242
33.0805533475 33.5587012289 33.4138044392 33.0003169972 33.361936578 34.2658374447 33.0379178568 33.0321141645 34.1786859144 33.2937283247 34.1148240129 34.221069533 34.3918207757 34.0078754782 34.2090532033 34.1127056802 33.6961411369 33.2570412095 33.9888390207 34.1471562962 33.8851748982 33.2515070238 33.9454655529 34.3119008542 33.7324542602 33.8962619114 34.0671201885 33.6958955383 33.6538615823 33.0588699356 33.6005694695 33.3864345304 33.7115599223 34.0687922996 33.2372746194 33.4547883066 34.11845244 33.5384933384 33.4147048065 33.4009725606 33.0468270956 34.2848821111 33.9099961051 33.2449170375 33.2233179662 34.3024536376 33.2809232958 33.5681193832 33.8339594822 33.6001263806 33.8729804621 33.1634162554 33.6564803987
