Spatial_Output/90% DEC/90DEC_0330.asc
NCOLS 155
NROWS 192
XLLCORNER 196769.923733
YLLCORNER 449719.875193
CELLSIZE 27.603701
NODATA_VALUE NaN
[rows 0 to 22 of 192, columns 53 to 105 of 155]
36.2434842092 36.3518919457 36.1887487377 37.0301774717 36.3316581019 37.152277178 36.9866310054 70.0311364736 72.2153235493 75.9032324006 37.2473039201 0 0 0 0 0 0 0 0 0 0 0 0 0 0 0 0 0 0 0 0 0 0 0 0 0 0 0 0 0 0 0 0 0 0 0 0 0 0 0 0 0 0
36.3758441423 36.7298715582 37.1910615686 36.3015151042 37.1839927106 36.1503313738 36.5158363827 81.1746485194 73.9256417544 82.3022586757 36.9810485388 36.7641443302 0 0 0 0 0 0 0 0 0 0 0 0 0 0 0 0 0 0 0 0 0 0 0 0 0 0 0 0 0 0 0 0 0 0 0 0 0 0 0 0 0
37.1905626388 36.2026876382 37.0417812877 36.8243725786 36.7201389106 36.7692600002 36.9629784791 73.7928518798 67.4253602857 79.4519539589 36.7124385663 36.1088574398 0 0 0 0 0 0 0 0 0 0 0 0 0 0 0 0 0 0 0 0 0 0 0 0 0 0 0 0 0 0 0 0 0 0 0 0 0 0 0 0 0
37.3240524109 37.276341637 36.328175752 37.1862471896 36.7221743288 36.1449047698 36.8381713343 36.3232294794 36.0410551798 36.2731444539 37.0023796379 36.424394814 37.3809209606 0 0 0 0 0 0 0 0 0 0 0 0 0 0 0 0 0 0 0 0 0 0 0 0 0 0 0 0 0 0 0 0 0 0 0 0 0 0 0 0
36.0757810424 37.1543426224 36.1308234958 37.1433710697 36.2048999406 36.1197115377 36.8938521191 37.0546843331 36.6944507823 36.4974005902 37.4124978259 37.1613464741 36.6655107408 36.2180480227 36.1244344788 0 0 0 0 0 0 0 0 0 0 0 0 0 0 0 0 0 0 0 0 0 0 0 0 0 0 0 0 0 0 0 0 0 0 0 0 0 0
37.192963183 36.1979256501 36.5381767757 36.69955002 37.3233835639 36.15363537 36.1352696368 36.1046143072 36.9432224609 36.1403204888 36.9626940047 36.6750195431 36.1850540947 36.7668003837 37.2050715793 36.028653889 0 0 0 0 0 0 0 0 0 0 0 0 0 0 0 0 0 0 0 0 0 0 0 0 0 0 0 0 0 0 0 0 0 0 0 0 0
36.5390873731 37.3189721069 36.5913641654 37.114904829 36.0097786387 36.1478583054 36.3459484044 36.5575935165 36.818932313 37.2471167905 36.0106931335 36.1620204278 36.5233816231 36.791769543 37.3920326911 36.6115667283 37.1415084517 36.0496572444 0 0 0 0 0 0 0 0 0 0 0 0 0 0 0 0 0 0 0 0 0 0 0 0 0 0 0 0 0 0 0 0 0 0 0
37.2457278617 36.9257183798 37.3877767468 36.0959422679 36.4869143058 36.0259111606 36.6038689559 37.0529884348 36.908252993 36.7363317546 36.0068681723 36.9002839945 36.436197191 37.213662854 36.2003557253 36.8161245633 36.5268981389 37.2851919743 36.3681207415 0 0 0 0 0 0 0 0 0 0 0 0 0 0 0 0 0 0 0 0 0 0 0 0 0 0 0 0 0 0 0 0 0 0
36.0660138418 37.0890173809 36.2866569038 37.0149922579 37.0607535204 37.0762432261 37.0289496267 36.600303193 36.0347997832 37.0321632196 37.0814692105 36.4888345406 37.3577026281 37.032104102 36.9049729472 36.5004058416 36.3998780487 37.129378334 36.7793214095 36.8401258962 37.016797216 0 0 0 0 0 0 0 0 0 0 0 0 0 0 0 0 0 0 0 0 0 0 0 0 0 0 0 0 0 0 0 0
36.3743506053 37.2419238926 36.0136145357 37.2957228959 36.4967489271 36.5207985319 36.9444137878 36.6163172792 36.8911764274 36.4528791997 36.0549296989 36.8464243571 37.3752031711 36.6321588239 37.2185916262 36.0441064957 37.254715449 36.6582724258 36.2005542427 36.1415712832 36.8388350338 36.7444456151 36.153530146 36.2236500175 0 0 0 0 0 0 0 0 0 0 0 0 0 0 0 0 0 0 0 0 0 0 0 0 0 0 0 0 0
37.3746793813 37.1049717225 36.3441563737 36.696036845 36.2880831807 36.9600206616 37.0650259995 36.1517852911 36.6886812469 36.5649130063 36.5163535191 37.3463964669 36.892166118 37.2504151062 37.3862372624 37.1588738638 36.3841862193 36.5567627708 36.2800773039 36.9459227304 36.796266689 37.001180704 37.2674391956 37.3347255521 36.5447949542 36.3590921264 37.0475977497 36.6406897473 37.1151838385 0 0 0 0 0 0 0 0 0 0 0 0 0 0 0 0 0 0 0 36.8506788876 37.163243908 36.1135458597 36.101875093 37.3227246069
36.8674443813 36.9387331258 36.0996172351 36.5378909312 37.2062149105 36.6800020618 36.5749865367 36.6740282816 37.0930611144 36.992088259 37.038098675 36.93041172 36.3464490263 36.5105753664 36.5269237214 36.1463222974 36.7654810966 37.2418316056 36.8787300427 36.4344848013 36.7187901222 36.880902488 36.8351979827 36.2889835432 37.1006991383 36.5614628423 36.5054264664 36.9558906966 36.1735792697 37.2086854844 36.1904605635 0 0 0 0 0 0 36.2405019671 37.3886656404 36.3984074537 37.051220692 36.0287663745 0 0 0 0 0 0 36.9859097201 37.2880758552 36.7604709917 36.1873354476 36.5999776095
36.2665296737 37.1987715815 36.7667048942 37.4088633428 36.9788047355 37.0209453347 37.1713313941 36.4057425179 36.1736568586 36.7501641693 37.1072703606 36.1486513019 37.4108135137 36.1726758459 36.8662732609 36.5654215485 36.4577298651 36.6627152978 36.0413868696 36.8761547773 36.1859449291 36.241027326 36.3620561391 36.569587706 36.8178257212 37.1984101414 36.8381668823 37.3462327554 36.9707260283 36.1926724444 37.3409027298 0 0 0 0 0 0 36.4159810597 36.2578371947 37.1678584316 36.5110876924 37.3474727944 37.1638038121 36.3662063406 36.1676172973 0 0 36.5057391199 36.956024864 36.6163054211 36.7610013356 36.2038023587 36.4052303064
36.0401926684 36.8392299019 37.0017365073 36.1528307106 36.5422402529 36.191255252 37.193199579 37.0558933564 37.3257728064 36.7009911203 36.9724514662 37.2266196563 37.0870552491 36.5832740127 37.1457666223 36.2523208768 36.98710987 37.0590728609 37.1268999216 37.2384216819 36.6154098041 37.2579902145 36.56368436 37.3725710051 36.1393094802 36.0911244572 36.4992538959 36.9740313943 36.4831949237 36.6564399876 36.6568954966 36.0592222655 37.1814700916 36.4511961006 36.229769877 36.1442780169 37.0964598299 36.1842470987 36.9913553485 37.0514711626 36.9441955035 36.7930718535 36.8901023845 37.246148513 37.2484826703 36.5188797763 36.8092325181 36.0378778877 36.947332385 37.2156033712 37.2436971181 36.1926422932 36.8941333666
37.3184532519 36.3034671638 36.7240561639 36.250307569 37.4126136091 36.8098068339 36.7803568186 36.3947814942 36.6576088472 37.0989068915 37.1634000764 37.187802504 36.5928089117 37.2844181609 36.508585704 36.1139910698 36.1182904522 36.3028064243 36.1284154557 36.1423570572 36.1298118022 36.2712948107 36.4241497489 36.5082989943 36.9614203253 36.3757678598 36.3322667541 37.0989321139 37.1653230738 36.4642711064 36.18441104 37.2848428065 36.9068001257 36.7884585374 37.3644637258 36.5196060827 37.1017334222 36.8841313087 37.0622119574 36.0938837093 37.0199904693 36.3792931246 36.7171014807 37.186707866 36.2832642268 36.0412735379 36.5633700307 36.308020519 36.1396233149 36.1579319137 37.3740115112 37.1049655318 36.790082514
36.2056196317 36.7580647547 36.7359397094 37.1077019339 37.2630321403 36.4301245196 36.947575394 36.168494215 36.5481970675 36.24521604 36.9302825597 36.0183957518 36.0519657801 36.8528464925 37.4006398762 36.9073825667 37.087705256 36.6237822422 36.9807721746 37.1912806278 36.1705852329 36.5938687741 36.5600199579 37.2375081059 37.0795793416 36.0120862363 36.7182070648 36.4915441289 36.9787537498 37.2299723211 37.2124690209 36.1886885714 36.0885194473 36.1465490183 36.1088801136 37.2101108929 36.0662042963 36.4610994873 36.5166965625 37.1633843555 36.9346030115 37.3778320759 36.6941373086 36.4080643036 36.6815272002 37.0685302292 36.3650614459 37.3016132159 36.1268834422 36.9966816936 36.5623370346 37.3167716818 36.1124065908
36.2305337873 36.9436633866 36.7867719253 37.3078705804 37.2006218498 36.367270958 37.365719189 36.8189101024 37.2969783714 36.2194110155 36.1610187353 36.8579327879 36.4835309799 36.0244764427 36.0487248944 36.1204347591 36.5767729648 37.2382934632 36.7286097013 36.5676790119 36.1600610381 37.0059961234 36.0702956228 36.396448379 36.6338820871 37.1593620812 37.1145865555 36.5415021795 36.9671042558 37.2018992053 36.6672665338 36.9157097914 36.6773502927 36.7950625318 37.1702268087 36.0686122611 36.163343926 36.1418150341 36.5675063004 36.2227543184 36.6646266535 36.984365448 36.4177492747 36.3368744657 36.7535472449 36.5685416685 36.6118771418 37.3808410943 37.3003325938 36.9962907173 36.2736689886 37.2697263774 36.5552214409
36.3219754909 37.3383810024 37.2642141146 36.6685638342 36.509242508 36.6768414078 36.7121333038 36.8641684358 37.3397672359 36.6436180075 36.1825020774 36.5177943338 36.9566007927 36.4122512732 36.4400217213 37.2940826244 36.1328813742 36.2432416115 37.280372358 37.0103877176 37.1782190257 36.2907639607 36.3859339703 36.6914208305 37.3913891073 37.1083387239 37.1175443539 36.3783095773 37.0259068371 37.0707248345 36.0103415287 36.9596838075 37.1054346223 36.5485811641 36.6752035449 37.0601732933 36.1304145553 36.8218570471 36.5142134116 36.0013333391 36.1406382592 37.3955604621 36.7180784758 37.2317255599 37.1734346416 36.1100422721 36.9790717116 36.5115817498 36.1989988828 37.3197541014 37.2845861201 36.5539019155 36.9789115398
36.9502492925 36.017258751 36.5777628888 36.6175963911 36.1870266198 36.443954925 37.1481905546 36.1050323746 36.6569818194 37.1021755835 37.2758845246 36.2707130577 37.1426563257 36.273528853 36.7165731082 36.5892840078 36.9760878143 37.3242053227 36.595691124 36.3837275085 36.5320386223 36.2522559158 36.2411634035 36.1138390804 36.9845415666 36.1662300723 36.7126182441 36.0668198136 36.6758890879 36.7225061546 36.1734584161 36.7657703985 37.3637602557 36.9435294917 36.3720261895 36.6869824636 36.2107326586 36.8341819378 37.2391349472 36.678258386 36.1533631739 37.1954645247 37.1061601162 36.6681998428 36.6307156317 37.0268100149 36.2335362664 37.1737635415 36.4233656684 36.9702919217 36.9237738229 37.0826286296 37.0718149951
37.2696986631 37.4064104131 36.8843519164 37.1683174998 36.6162343718 37.0692709866 37.2907204612 36.0069561134 36.0904732869 36.4401270872 36.6594824488 36.212527956 36.0780192322 37.279966725 36.2453228605 37.3289035487 36.7606383904 36.1233905436 37.2968825074 36.8353294005 36.0430562545 36.1416621219 37.142136723 36.1774989452 36.6617615717 37.3862203889 36.1263091524 36.7037265677 36.2438255893 37.3572634299 36.9759981998 36.8045486427 36.4148208447 36.0285155669 36.2997658917 36.4088838044 37.1773049264 36.9471762358 37.0952621558 36.2170412253 36.942467038 36.392892936 36.7689799148 36.588264741 36.1868901757 36.5746179759 37.1327964664 36.4111198551 37.4118306426 36.9574681245 37.2200466929 36.9856661484 36.1560892559
36.9739649517 36.285714242 36.7454711499 36.0434800189 37.2803864423 36.2817505819 36.8487146986 36.1901494867 36.2748212222 36.1450890649 36.2208017756 36.8365619889 36.8108519431 37.210445514 36.0599182069 36.646248604 37.2263853236 36.7060409098 37.150534258 36.3505512249 36.5018428662 36.3875285619 37.015019059 36.8213020874 36.2937144463 37.0274105932 36.8315419729 37.2979572474 37.0821722636 36.7384663273 37.1628114953 37.2788275909 36.9800186519 36.8341808813 37.0676263727 37.1352038451 36.3730613033 36.8317578192 36.564541837 37.1986390297 36.3324470611 36.3645818629 37.1238657899 37.0844552659 37.1584365052 37.2067912888 36.0400170826 36.7122921195 37.1173172168 36.0351917051 36.1654384451 36.1639636897 36.9487285367
36.572263184 36.9689691479 36.9244909806 36.5661016416 36.2091171173 36.1068184348 37.3877701468 36.3942223768 36.1763685293 37.3483985782 36.0592332881 36.2348050206 36.0941326272 36.48175241 36.9130480806 36.0774751343 36.8597981764 37.0682659883 36.6002633888 36.5849160582 36.5433664501 36.3173161831 36.8502552201 36.2712181078 36.4824146768 37.2616983048 36.6676160082 37.2124795165 36.7771179378 36.6572387925 36.5071940772 36.5359672208 37.0562064353 36.3698280484 37.3134426338 37.26863267 37.3182325686 36.8339073645 37.275792626 36.3167707952 36.8964104272 36.1370971772 36.7941305023 36.1749091121 37.2164965547 36.1454604995 36.5192997425 37.3369939406 36.231603966 37.1166971239 36.3663770915 36.6156907327 37.3574662697
36.7928773077 36.7114191571 36.5193808567 36.9569100725 36.4662653968 37.2281456747 36.0812713991 36.3581923996 36.3614869913 36.7202650242 36.5779586177 36.4691331146 36.7038322198 36.0659217997 36.7474695016 36.6102452355 36.7246493436 36.0740837425 36.9633192234 36.9327627963 36.6596907498 37.0330205486 36.6949353496 37.3549211609 37.013593257 37.2089869963 36.5196818641 37.0127324254 36.0856650802 36.5412414069 36.6399150012 36.3120123063 36.8499022106 36.2903723232 36.0771392617 36.1969125459 36.814998779 36.5740177422 37.2433916976 37.1726260815 36.6376848897 36.1961880626 36.7448291159 37.3080675401 37.3187321918 37.3624772756 36.3950076526 36.9186479577 36.9207203679 36.8242066005 37.2242966384 36.4900174113 36.4086917049
