Spatial_Output/90% DEC/90DEC_1171.asc
NCOLS 155
NROWS 192
XLLCORNER 196769.923733
YLLCORNER 449719.875193
CELLSIZE 27.603701
NODATA_VALUE NaN
[rows 23 to 45 of 192, columns 53 to 105 of 155]
28.1610428045 28.0346646953 27.9815689071 27.7495922521 27.7020142043 27.5555705442 27.5649786763 28.1493603972 28.1640296652 28.1192347792 27.6154874477 27.6197507603 27.7637738968 27.8664694742 27.6335972519 27.5616018665 27.6366926987 27.6254897657 28.0408138927 27.6518669925 28.2014749771 28.0512168205 27.5335177887 28.204422687 27.9681737157 27.6518068766 27.633386346 27.6955083489 27.7293272004 27.943505101 27.830041011 27.8457371555 28.0413205132 27.6695647806 27.7582781562 27.7157485166 28.0813950562 28.0850932929 27.81098577 27.8284166351 27.547782119 27.9151867883 27.5987170551 27.8203523075 27.6838806526 27.9422569736 28.1636501339 28.1057376508 28.0453127821 27.9297481508 27.8491906342 27.8589298244 28.0761339631
27.7650165361 27.7234737312 27.7123091237 27.6524193355 28.2043181743 28.0770414632 28.1685354306 28.0102335407 28.1092459455 27.7471102239 27.6381882897 27.6053885516 27.6280858122 27.8116741768 27.5009665461 27.5650488624 27.7098011083 27.5158895257 27.8963944686 27.5537534902 28.0726690935 28.0443390205 27.7334194304 28.0498365335 28.1051713352 27.6190109163 27.5804573087 28.2028024614 28.0319757194 27.9293732915 28.1847429381 27.796148494 28.1389238217 27.8506333446 27.5340492217 27.8456916523 27.9576543042 27.533697573 28.0601770112 27.599354282 28.0579670495 27.8789634759 27.9185663445 27.8754915344 27.5773665562 27.740718911 27.8850147032 27.6383366818 27.7175172898 27.9655599343 28.0957781733 27.6166861653 27.7055899292
27.5397915682 27.9593253102 27.7460723606 28.142718106 28.0390583352 28.0696200455 27.7285512246 28.1137518103 27.9687173737 28.1860023558 27.9979670504 27.9331840837 27.852158284 28.1461196328 28.17093417 27.5608467084 27.8757559252 27.6974066248 28.1322738969 28.1109065799 27.6990357374 27.5772049599 28.0484504545 27.6212493382 27.9672950395 27.7037613127 27.9416552155 28.1499095574 27.6271633377 28.1184946132 27.6069234759 27.6033828577 27.6416181962 27.5197032712 28.1714252007 27.7735217033 27.5585528873 27.6094128603 27.6018445632 27.5938358858 28.0406760925 27.5909171653 27.9157049315 27.5783770244 28.1573749952 27.9983556426 28.180666912 27.9062934575 27.9732777788 27.6621990871 27.7974392441 27.965902416 27.8938630328
28.0981107677 28.0202603743 28.0143724374 27.5916131906 27.807998784 27.5965291314 27.957244702 27.5687578704 27.9283206147 27.8837024985 27.8728677664 27.8935143925 27.9622235831 27.8944734117 27.7877943481 27.8172870281 27.8392994492 27.8795248902 27.6553987735 28.1908402534 27.9932904974 27.6311603692 27.5727058612 27.6460426177 27.983634767 28.1439616807 28.1659582613 27.7193917132 27.7196154307 27.9186998876 27.9787483599 28.1271339515 28.1697534668 27.6530302656 27.5732745487 28.0442315953 28.0449555882 27.6812053109 27.5546242239 27.9980358918 28.2053608588 27.8890069672 27.7913371192 27.747189253 27.7825859095 28.1625400939 27.9773455119 27.8799386527 28.1323741031 28.0733995003 27.6943013214 28.0040163165 28.1398866731
27.7143910016 27.64934579 27.7920743417 27.6939991738 27.7305933444 28.1041687962 27.606986885 27.7476671488 27.6896232652 27.9703036706 28.0789575859 27.8309569651 27.7800591139 27.8057276868 27.5312309273 27.7834736946 27.8512731032 28.1443230204 27.7045639892 27.8631214636 28.1455854807 27.5036002725 27.5774160708 28.0585536133 27.946456176 27.8963099728 27.6685182293 27.8464858807 27.5947709086 27.9878197643 27.851972819 28.0688650055 27.6251726483 27.7946670238 28.0284515292 28.0168243487 27.6494205115 27.5759478878 27.5196398074 27.9209526803 27.5394317142 27.5422564337 28.0238118761 27.5996384915 27.7410319083 27.5107208595 27.5220760222 27.6490823255 27.7051551495 27.7199988725 28.1449449941 27.6993593916 27.8887960861
27.8121916345 27.966881698 27.7419693779 27.9198738499 27.7328934026 27.8835382888 28.1695342399 27.5085877141 27.581515683 28.1452158409 27.7081929216 27.6205830411 27.6774983624 27.7026733722 28.0706390546 28.0741548956 27.5830928223 27.685883267 27.9713796781 28.1560575876 28.0171270802 28.0302366243 28.0444155529 27.7269752031 28.1247325589 27.7081495944 28.1489860244 28.1536303352 28.1881577804 27.894856874 28.1328444346 27.8170250542 27.5198982858 27.8504242036 27.6704345737 27.9953819469 27.6088722414 27.6522549596 27.9626591431 27.8412549602 27.6190425694 27.6177632738 27.9703495614 27.7872574901 27.5186581284 27.7733751747 28.0647804494 27.5853132329 27.6450655256 27.8791589777 27.6037201572 27.5339910205 28.0209592081
27.8875617705 27.5538071609 28.1163148701 28.0535619723 28.2005619094 27.7471148266 27.8280271117 28.0890956787 27.6256548502 27.6740201807 27.8700679299 28.0153374219 27.6921514489 27.529683088 27.8253607689 27.9569073587 27.671135801 27.7715515486 27.7622073296 27.6462393552 27.8253319477 28.1582732373 28.0600468506 27.6537848667 27.579702914 27.8852412797 27.8598192072 27.7983137821 28.1659119164 28.2021198535 27.6407009913 27.7991413829 27.9952214726 27.5133892829 27.8887382389 27.6273348621 28.0849260873 27.6275748461 27.507653612 28.0042780726 27.7041372109 27.5895784912 28.0766772662 27.8760256205 27.5260994198 27.8737321652 27.8825973056 27.5254369833 27.7643698611 27.8469505476 28.0634477619 27.9893060808 27.9136062334
28.0998535032 27.596605099 27.5363009914 27.6276649326 27.5264338079 28.1239815313 27.6588216188 27.7141660223 27.5563780528 28.1774313019 27.9792477346 27.7251804834 28.1489018369 28.1104371687 28.0499617985 27.8712148088 27.9215451949 27.9135640691 28.1381627166 27.6534238528 28.0260121056 27.7296709085 27.9759326968 28.1705964933 27.5122435737 27.829293645 28.1660864997 27.9729452962 27.8486365121 27.8804504992 27.7523409247 28.1463366795 27.7835429807 27.9873859149 27.6274455107 28.0450749579 27.509888343 27.7864674007 27.6211045785 28.1214647656 27.667963493 27.8245669662 28.0427518625 28.1798708891 27.6528022185 28.0627776579 27.5767769745 28.0213855402 27.7069095161 28.0967197708 27.8037872338 27.8117418975 28.0018238937
27.8128314727 27.8065645801 27.6866145096 28.1183480974 27.5264968247 28.1194954927 27.5555884076 28.1947587144 27.9046490357 27.5264676485 28.0775561924 28.0841851834 27.7424271951 27.8362375554 27.764484318 28.1683139558 27.5197260449 27.8317323482 27.58374808 27.5283178855 27.7605970646 27.6636998888 27.5137201728 27.9220488746 27.7569145888 27.659676079 27.5132534533 27.9996590117 27.5197072646 27.8302338346 27.9917777528 27.6691849261 27.607903217 27.841901855 28.0920637587 27.5835236246 27.7098340509 28.1357954996 28.0175689855 27.8703240284 27.9542311881 27.890397638 27.5604362076 27.6659241682 27.5541204064 27.6270234987 27.9188247974 28.0819797438 27.792436498 28.1611905405 27.7003184303 27.8608580245 28.0521935033
27.9718587995 27.8060244287 27.6108525029 28.202978245 28.0316528388 27.6819625403 27.7345788601 27.7914623355 28.1838582877 27.9500961395 27.6285471208 27.8860203942 27.9571188201 27.7004048117 27.8942684337 27.622901523 28.0452238514 28.1964782679 28.0639769891 27.8325843449 27.6786288345 27.8265711838 27.8048612414 27.6284759634 27.6576505871 27.9690005169 28.1793069502 28.1069923343 27.7310795643 27.5024568327 28.1784389018 27.9325195792 28.020359726 28.0849766862 27.7555441251 27.9132711328 27.5426713716 27.8893245824 28.0152965619 27.8264535795 27.766744606 28.0553899893 28.0329257631 27.9670024045 27.8696138217 27.614666814 28.1773297891 27.8539842323 27.8620612502 27.6672497969 27.8226569192 27.9801141602 27.9372491646
27.5639755051 27.8580636332 27.5120501211 27.6644767667 27.7121307536 27.6598729022 27.7149531141 27.7920139728 28.11766965 27.6038887854 28.1036451005 28.1132345888 27.807913289 27.8906773177 27.6905799799 27.8377947419 27.8664049578 28.0142359197 27.6905518849 27.8420247418 27.9308721842 28.0127377816 27.6452499996 28.0066017142 27.8476676224 27.7781344485 28.1039952291 27.7691764392 27.9395496097 27.5056837729 27.6870997667 27.7756988058 27.7728370948 27.6517236485 27.8107662315 27.6650895281 27.6686923005 27.7776282938 27.7264156628 27.7692258793 27.7369352395 27.6411802476 27.7273293555 28.2014302451 27.8425008737 27.7671916791 28.1562832432 28.1432211197 27.5598562216 27.6996052334 27.6671406846 27.5176794321 28.1994978536
28.1393810325 28.1189743797 28.1994763378 27.846830693 27.5781741515 27.7373835864 27.9049130703 27.924710906 27.6289658924 27.5040224576 27.5665476848 28.0411802321 28.0567995872 27.5270330565 27.760153209 27.7975378965 27.7774927306 28.0077923651 27.5509644853 27.7728423911 27.8758511903 28.0134450602 27.5207673997 27.5081077964 27.7601792663 27.5727435266 27.580490508 27.5639980127 28.0982821778 28.0211431611 27.9265263105 28.1334751422 27.8473570463 27.9556023909 27.7623716307 28.1587634826 27.6187975349 27.8006113275 27.782601184 27.7495002127 27.6354357539 27.8017245843 27.8194491275 28.0619543804 27.7900659354 28.1844945736 28.1335687209 28.0715676952 27.9231605546 28.1554102275 27.7274207188 27.5185673798 27.7935483323
28.1718286907 27.5542573261 27.7367060692 27.6059063371 27.8459215168 27.7688503514 28.0770977647 27.6511419621 27.6451868233 28.1675127778 27.7500255255 28.0521848101 28.07047683 27.649927267 27.691168111 28.1914979414 28.0096471347 28.1676912565 27.7977088599 27.8595944534 28.0009130046 27.6828594319 27.6785018142 27.5548091042 27.5945371655 27.8670334594 27.66650827 27.5743184891 28.0697623627 27.6177611824 27.9057298653 27.8452343158 28.1211786507 28.2068260916 27.9036398358 27.7633456344 27.5833767749 27.6918712981 28.0249132955 27.9631144141 28.187989132 28.1612366766 27.6375737681 27.6498174321 27.798377744 27.6893971763 27.6240213029 28.0843149859 27.8140833737 27.9098266318 27.9223807379 28.1821314635 27.8767986076
27.9106207155 27.9602788891 27.6442924501 27.8506590634 28.1100484871 28.1337356565 27.8149348884 27.9093985591 28.0194130332 28.0371133213 27.6919651409 28.0254837559 28.0036176624 27.7533841753 27.7576595361 27.56380632 27.6610768467 27.9094603955 27.70634201 28.07568501 27.9241930092 27.74079227 27.6816714015 27.6150833247 27.7899355835 27.904172027 27.8982978574 27.8430842053 28.0723467606 27.7449236423 27.8749632954 28.0790732276 28.061255431 27.932065624 27.6977881909 28.0324436926 27.925640993 27.8381086145 27.8475188204 28.0137368852 27.7248452993 27.9289159378 27.8061871815 27.7145550394 28.046559849 27.6455924093 27.6815578301 27.7044548315 27.7443178718 28.1544560809 28.1157595118 27.7688852068 28.1309055431
27.8796546301 27.6592529507 28.114803263 27.6952814581 27.6410173451 27.9062436449 27.5452824672 27.7064773739 27.7574652912 27.7477502238 28.1404777796 28.1655414012 27.9326367813 27.5183606534 27.6921633816 27.8185919264 28.1900414324 28.0055903305 27.8556413735 27.8007476435 27.5837716523 28.081610993 27.7065021411 27.6763137242 28.1930668297 28.1594433603 27.7957156528 27.7932823692 27.5058142499 28.0496686252 27.8838378919 27.8584516294 27.7231771782 27.8960694366 27.816009028 27.8996371461 28.1642682031 28.2048644901 28.0803541359 28.1849181547 28.0847821864 27.8591086631 28.0331054651 27.6970836527 27.9410326115 27.6819264769 27.7722964234 27.7230858274 27.9934346596 27.6476141171 27.9230777156 27.5738299029 27.5635088601
27.6065617154 27.5929865384 27.7595063578 27.5711420804 27.8725670176 28.0243374505 28.1977105434 27.9360671182 28.1765588654 27.9093022726 27.8293685589 27.7225835067 28.1283296401 27.6400288148 27.6300101606 28.1744750243 27.843679599 28.0910731982 27.6506398879 27.9689826049 28.1432701367 27.7248618366 27.9760414568 27.9162566566 28.002151851 27.5253397184 27.7611795761 28.1844636773 28.2018799703 28.1810135599 28.0477989107 28.1513126129 27.8286292175 27.6379418365 27.7400998025 27.6910486911 27.9656191901 27.963875191 28.0625140083 27.7367062906 27.758501517 28.1045443515 27.7372704908 27.9706026017 27.8177955829 28.1752360609 27.9895073391 27.8605567153 27.7610342596 27.6654911585 27.8846566366 28.1222318199 27.9084634205
27.9110993158 27.5357706191 27.7706859112 28.0850123175 27.9913387573 27.5580296834 27.6670436477 27.6476445695 27.8980668634 27.9545161293 28.0940516087 28.1962297289 27.5433815136 27.5703178256 28.0263799316 27.6262451755 27.513626601 28.1148584201 27.544480938 28.1280112428 27.8595828487 27.5586435065 27.5634268843 28.1983886144 27.656448009 27.5354133119 27.9776248833 27.6429965525 27.6583910829 27.8573154997 27.9988502792 28.1707168187 27.8437497664 27.9245364187 27.6483104224 27.8264702297 28.0945343509 28.074145551 27.669413024 27.7871763567 27.6260738033 28.0707191124 27.9911272753 28.0215869643 28.1396059718 27.5523935169 27.7054061522 28.0998072238 27.742194827 27.7767855034 27.6914369328 27.9611922193 27.7121840841
27.5582498932 27.6043358746 27.634996928 27.8402495015 28.0123895326 27.7048850839 27.9249354334 27.7044656019 27.9534843307 27.5332807754 27.9061088697 27.8850211848 27.6882337823 27.6934224764 28.0126580545 27.924876756 28.1290420795 27.6980424956 27.8085033566 28.0282579226 28.1396065377 27.8841874504 27.9817324694 27.8678754881 28.1272240921 28.1151437408 27.6355221993 27.7167919171 28.0487372719 28.016030924 27.6172186229 27.6777607334 27.7237111258 27.9558105408 28.0724910839 27.7127214124 28.1446185477 27.8715013796 28.1341690748 27.6382501853 27.9647718478 27.9376816839 27.8585347745 27.5029875349 27.6493597444 27.9310191884 27.8750411712 28.1636796542 27.6237357905 27.9018531759 28.0254496038 27.7996339198 28.1355479667
27.8975536542 28.012250223 27.5320096744 27.8386557137 28.1366462173 27.6698906098 27.5321866416 27.942708784 28.1525865386 27.9148160865 27.9549782208 27.6257439491 27.6168890891 27.7286679846 27.7223851339 27.9558966257 27.9987643424 27.5820900436 28.0957827431 27.7770121248 27.5830209054 27.6304427326 27.7844248143 27.5756643989 27.5225628522 27.8529443193 27.6402382474 27.943810797 27.8278104501 27.6330525258 27.5569424166 28.0702862385 28.1803814132 27.8612792048 27.8612841205 27.7122702565 27.9220935072 27.9220913722 27.9134489795 27.512103613 27.6113056845 28.0346296169 27.7022272122 28.0774254567 27.8658614746 28.0584344829 27.9657246475 27.6693152908 27.6516291676 27.550448593 27.6889042318 28.0882443861 27.7037501848
27.6196878754 28.2023726598 27.6414296121 27.8696557516 27.8470602881 27.7138793944 28.1831813709 27.8813913522 27.875285521 27.7067521844 28.1805233256 27.7603290187 28.1701000241 27.9798985808 28.0076473579 28.1704959835 27.6736623494 28.2010039423 27.9667363556 28.1874010729 28.0163148249 27.5288121939 27.5924275655 27.5492498139 27.9180740027 27.5311192561 27.718861951 27.9129283187 28.1784691166 28.0888500255 27.604362262 27.8398546336 28.1042701152 27.6940890852 28.0172391105 27.8269840633 27.9868464889 28.007767469 27.7186029373 27.8321174179 28.1457703724 28.0627251676 27.6606124536 27.9442100902 27.8294828873 27.7881753758 27.6786388772 27.7154115616 28.1452352408 27.7604310515 27.6764111289 28.0818131234 27.7397350267
27.8155912755 27.7474375855 27.7588868327 27.9245199357 28.0971403723 27.8919662703 27.9444116308 28.0729669731 27.7009074398 27.8602267046 27.7120666096 27.5786752954 27.835902956 28.0830667485 28.15201934 27.6031390258 27.9021018785 27.9903316065 28.0196103172 27.6733001713 27.5095526833 28.1107922933 27.6498200416 28.0435365181 27.5837805976 27.9894863554 27.8419477154 28.1063580052 28.206135237 27.9172671787 27.724834535 27.5667959908 28.0595567739 28.0770606322 27.5683460257 27.5655367989 28.1443152254 27.9393682293 27.944214133 27.8740466077 28.0849729781 27.9689503344 27.5549641312 28.1511342017 28.049481427 27.7590432493 27.7893740308 28.05566815 27.7360797983 27.990230152 27.5386350828 27.9383746812 27.7451919178
27.649752925 28.1142724685 27.504381999 27.6907019197 28.2025558762 27.7822259891 27.8826646086 27.5959871807 27.7359125407 27.9153462432 28.1210127169 27.6936304672 27.9098595017 27.7311015857 27.7507938812 28.0190286745 27.8154940647 27.8105709101 27.5364786128 28.0484152754 28.1100645125 27.8950956396 27.5825773293 27.7548721704 27.8118211738 27.9282280635 28.0710438918 28.0657194564 27.5505500456 28.0916541565 27.9080215621 27.9631541336 28.0986115454 27.7062307562 27.9620938276 28.0238482179 27.7297599935 27.9615295587 28.1733889496 27.9199569499 27.7870192979 27.543838496 27.7147417293 27.6205371942 27.8016469185 28.0684783755 27.982053594 27.7930403226 27.7957027494 27.5293867107 27.6521363932 27.5575760916 27.5099963943
28.0398299113 28.0101433081 27.5498151543 27.9433893369 27.9756289849 28.122773517 28.0088846149 27.9091784827 28.1962146393 27.6693199524 27.588235259 27.7952348825 27.7104679613 27.8145293033 27.5344882506 27.7448975256 27.6776804982 27.5333213976 27.8220585854 27.7732942986 27.7012402746 27.9923728477 28.1787491159 27.7215719992 28.155784293 27.764836269 27.8404095922 27.6042603267 27.8871534224 28.2039351342 27.632361378 27.9314071122 28.0226438078 27.8737441659 28.1804996722 27.6605878474 27.5235190577 27.7015692957 27.9163859871 28.0894077621 28.0903824406 27.9289177171 27.5568050821 27.5298943775 28.0046025272 27.9700858453 27.8271404407 28.0510172701 27.8978934686 27.5690482749 28.0273615373 27.7694795935 27.5293628408
