Spatial_Output/90% DEC/90DEC_0715.asc
NCOLS 155
NROWS 192
XLLCORNER 196769.923733
YLLCORNER 449719.875193
CELLSIZE 27.603701
NODATA_VALUE NaN
[rows 46 to 68 of 192, columns 53 to 105 of 155]
26.8149485065 28.3116612064 27.6655878948 26.3454909612 25.9916701073 27.4957976081 26.1019266248 26.6388289335 25.3786744042 28.4528850435 27.8902641225 27.4851753769 28.9673468938 28.1633432247 27.9445643204 25.6092306062 27.66733332 27.8369170176 27.1345194758 25.9669828341 28.6794095163 25.3788493209 28.6383733676 27.0220000539 25.213141975 25.3982256604 28.6369471587 29.1704075056 27.370041825 27.4635406999 27.7138838131 28.77724861 29.14183172 26.5731892728 28.0211896345 27.5115624771 25.71121279 26.0301592726 28.6599274203 26.7465875194 27.8206397483 28.4241897042 27.4518576067 25.3259465266 27.5780267445 25.1641488881 27.4337294632 28.4359347216 28.3761637511 28.3876991338 26.2432032144 28.0485703288 26.2636676198
27.2797480125 29.1706331524 28.8937292075 25.7292788847 27.012696183 28.6126426235 25.1024238137 27.1962233237 27.7987734862 27.8734376789 25.3620204635 27.2967561223 25.0861197587 28.0393390266 25.5841924899 28.5617766723 27.8053669356 27.9388743756 25.6227708047 28.8552850832 25.359690389 28.5932878831 25.970752497 27.4998605039 29.0935443765 26.7052028488 26.3449527425 26.7459348553 27.3113716281 27.821871197 25.1425344501 29.0028253499 28.8399486584 26.9377204703 26.764688648 27.6820665411 27.1559328239 27.8341571149 28.9077625077 27.5509424589 27.6574702238 25.192713685 26.5840607295 25.6138002005 28.8193611656 26.2788368406 25.793575094 26.7589088611 29.1028294535 28.1326226997 28.0000505757 25.9011434328 25.2045778465
26.1409715316 63.3033832546 27.8378867602 28.6516248632 28.8459529948 28.991916647 29.097178675 26.5547241663 29.1123523491 25.0034696139 25.3814481837 28.68400842 25.0126311988 29.1265391243 27.5214766466 27.8385795364 25.9994826545 26.3092561296 27.4276077913 28.1465780415 28.5461200931 26.6684485503 25.9330424535 27.5932332329 25.2696058618 26.4059957648 26.7614738557 28.9625870102 26.362596817 26.7951944668 26.0492850841 26.4825280385 28.0173300309 28.0247097791 25.0030337986 28.6289162428 27.2173245412 26.8511301285 26.1516840779 28.4211822821 26.6335735184 28.8150315604 27.0716054351 28.9339001269 28.4139509882 25.001926779 25.6164766041 26.4011042596 27.9352079666 28.7796735065 28.8919669972 26.068265667 26.9872808465
25.518050656 28.2071720645 28.8264944411 25.1894810368 27.3516645572 49.8639553474 26.6843465022 26.4649015682 25.7271199933 29.0654764843 28.5570218996 29.2379457448 26.4275214504 25.4147703549 25.3892323204 25.8696044286 25.3851312252 25.5654153208 27.8097331003 27.8469665229 25.8341046166 26.21954675 27.3128315334 28.398707118 26.1169230211 28.7759118491 28.0754157991 28.5727934987 26.4829035129 26.6409296232 26.080795412 28.3871913821 26.0686203637 27.2711509419 27.8980035446 25.1630382739 25.8183572924 27.7185991596 27.4558704152 28.5207154581 29.0848412613 28.5962970144 25.6903316811 29.1687673436 28.6501749663 25.3484556898 26.0872667747 25.4728177812 27.2833624014 29.1659873841 26.4854227019 25.7387578303 26.6975809267
44.1910247161 26.4801438472 25.872068483 27.7497784963 28.3827160045 49.8639553474 26.1121325293 28.6399230248 28.6009984734 25.685195575 27.4707380089 28.4992930913 27.7562904968 28.2913323802 25.4439970614 29.1550717167 26.6376914137 27.3887325993 26.7393377945 25.5586313082 25.5867590168 28.2437356367 29.1691065273 25.7817256859 27.7264881237 29.0880539945 29.0171393277 27.2303363367 25.1810231118 28.3629824379 27.1915370502 25.8293137465 25.4877516223 26.4505293525 27.4927909136 26.4551650429 29.1127152845 27.3898819742 28.2565424605 27.4742347733 25.9211783025 26.8395868496 28.8950383247 27.3368736689 26.3230051106 26.5232332684 28.6101859062 27.5413244942 27.3983919185 28.6690518592 29.0121344427 29.2358184352 26.3937866967
43.412586358 44.1910247161 49.1933452259 49.1933452259 49.1933452259 27.4969086603 25.7183909094 28.6702973308 27.5634948899 27.1040105573 27.8677266417 29.1428428711 27.5435582226 25.738848812 27.0336843163 25.678551129 25.1345450171 29.0616312287 25.4703808385 25.8129587861 26.2402055397 27.6024621232 27.9748740526 25.7149740184 25.3118567258 28.3835465985 26.1375451661 25.0689121699 28.1941190987 25.1789157703 26.0007967494 28.4607609154 27.6420236618 27.5776411637 25.8119879873 28.4628374677 25.4984712428 27.0829283849 26.4913571639 28.948984473 26.3012422085 27.8852250328 27.4510063014 26.4298432889 28.2098545914 29.1548589357 25.9229647162 29.167927914 28.9014503615 28.4165659855 27.9848200243 27.5096844212 28.3035417436
43.412586358 43.412586358 28.3381516052 49.1933452259 49.1933452259 48.7135840967 25.6608980183 28.525345816 27.11866647 25.3066250017 28.1805972137 25.861933496 26.1761109376 25.1066651053 28.4742693695 25.1616574821 26.4733009738 25.1996668639 29.043577451 25.8351396447 29.0798816657 28.9730579851 25.5570235484 29.0603338253 25.1644226356 27.094422433 25.5659436832 26.2921284374 28.0507276753 28.6822001128 26.5370929694 25.2398387711 26.8262333757 25.202453256 28.3084075614 26.1377837797 25.4969894312 27.5652879978 26.7517977735 28.0160780713 28.2949728369 25.4916867076 27.4248773684 25.6837985609 26.9355939423 26.8031416438 27.964477671 27.6184414385 26.0252902714 27.6256022841 26.5365839486 26.3700903718 25.3828930711
43.412586358 43.412586358 28.5029338113 25.1462255467 25.9441508946 25.5284289053 27.0641998036 26.4668941888 27.8958587711 27.146905273 25.6926739387 26.4572096795 27.6637001201 28.9123278801 29.0780383856 28.1974378683 28.0701285249 27.6815830395 25.3953635694 25.3895245005 27.9874303464 27.2036395353 27.1036982179 27.4535816259 26.6943787645 25.7397704124 27.358300447 26.291222782 27.9571309934 28.6526024048 25.2938251199 28.7533469414 27.3420837967 28.0533106139 26.6241555005 28.1388646703 29.1752842435 25.9225162563 27.7548922817 26.701672236 26.2501747681 28.6562168759 26.5935416794 28.5888406996 29.1464356613 25.2250984056 28.1631186565 26.2090450323 28.9920390142 28.2442986269 27.7780437989 25.747386589 26.9931484075
26.8330161084 28.894293106 28.2162406943 27.5901236078 27.6738084342 27.9659142195 29.1730172192 27.5681348996 29.1284005069 28.8743330938 25.0241220875 28.7534599993 25.8400085102 26.3524205055 28.8074709529 27.5713817251 25.9591877637 27.3100802995 27.4802391841 28.5574841544 27.4436550446 27.5640734467 25.7342584349 27.6268927962 27.6223261787 26.5912615025 26.8890227624 27.8428551707 27.9750256989 26.9919780634 26.3010479727 26.9977714915 26.4263608466 29.0929259535 25.9080223549 27.2192877261 26.2039661162 28.7429653058 26.2441095072 28.0036958889 25.3265719682 26.4373346921 28.2197081623 28.4781042837 29.0728548008 26.1393549551 28.1167076923 25.4552077254 26.9736339995 25.9051906843 28.553810976 26.5500163727 26.9829357103
28.2369472163 27.8694126586 27.1739480903 28.0111426866 26.8900854363 26.0229730629 27.3268734365 25.352926501 26.4646594705 27.8131081134 26.6716049859 25.8564130805 25.3940779011 25.9141420101 27.0264857146 27.4575444839 26.1876132805 25.0418895413 27.5739873757 26.2624448205 26.6540014996 26.1528985555 27.7475646789 27.3221762212 29.1594923076 27.7235281358 29.1593032486 29.2395615236 28.5450060535 27.4340590871 27.7900013025 25.9582027483 28.300158522 26.5690625513 25.1809062871 25.6505171565 28.7546514118 27.0774313274 27.3582185733 28.3715783923 25.6859563001 25.3929051523 28.2241565882 25.0260943655 27.9685505783 25.7271898285 28.1161680247 28.135647352 27.5309379188 27.5301525057 28.3545643602 27.2581342125 28.6629750657
27.9044964289 25.9160545831 28.9185249232 26.2916179975 28.0317653818 29.0502697635 28.0660757095 26.7180515071 28.7042256384 26.9867464056 27.0550343791 25.6059483257 27.6110782548 29.1843336942 27.1788874215 26.8334456146 28.128068433 28.8151894927 26.1420157379 25.2698051666 27.6682241778 27.6526341282 26.1536218056 27.7856115698 27.6042091482 27.038689244 28.4527667779 28.3393081801 27.2347282467 29.2062812934 25.7881219483 26.0441412875 27.6106081485 25.8936165407 26.6876919127 26.3720076225 28.1151388856 26.4813103464 27.7084305153 26.4108945063 25.3009965465 26.7769993763 28.0680493481 28.309747477 28.4858032354 25.0640202602 25.0681290577 25.9822640291 26.5737941858 26.200067743 26.817657413 29.1910171568 27.4673284558
28.833184184 28.6717558329 28.5056102852 27.077267545 26.7323379547 28.3964978066 26.1440900456 26.8458410636 28.1388821072 26.976904731 25.9543559621 27.512483952 27.903378713 26.2858435154 27.0801672361 25.1634596609 27.5962631323 27.6769750508 28.3903372141 27.5394319293 29.1635764621 29.1438927548 27.7423422661 25.1382118509 26.8032132992 28.0562081064 28.9188459252 28.3878392346 25.5347360626 27.3967881071 29.0218192775 27.6823219959 26.4262691937 28.4287466796 25.8568121737 29.1505220888 29.0217512029 25.6672683304 27.9552137482 25.1360436248 26.7441269386 27.7722068669 26.581878693 25.4208912264 28.8681971967 27.7488184952 27.7694338902 27.4720186593 25.2054019279 25.7618523254 26.7111456989 28.0000031965 25.993646539
25.988916709 26.8672374901 28.1721647016 29.0817712816 25.8290227145 28.9047263558 28.859708991 28.3859218196 26.4607702733 28.9179323627 27.0331398001 26.0461625046 28.4777584263 27.7283355147 26.8011457046 25.3042318189 25.6006049191 26.7739181809 27.9642101209 28.421892786 28.0162137222 28.2698509785 25.6318099901 28.8403455152 27.0296047216 25.6820381957 26.9329872346 26.6472526083 29.0926036508 27.7174632244 27.4890199535 27.2965534706 28.5755040329 28.6621289852 27.4033353348 26.653168432 28.7145555673 27.7713277459 25.5270523015 28.8178666073 27.7859427133 28.3407059811 27.6974727079 26.5609638306 28.3644633456 26.88783748 26.8469620255 28.0793878609 25.1043519924 27.8498298448 29.2180352401 25.2492106128 25.0410735448
28.0232712052 28.1873754336 25.7299648449 25.944610607 28.7008056201 27.0688401543 25.0410411661 26.1813282175 27.9875520324 26.4195899244 26.5498146618 27.5874237967 26.3113040632 27.9791449536 25.1001878038 28.5161995334 28.1425303894 26.8553436117 25.8146534902 25.1030802168 26.9203684318 25.8138343178 25.0211099482 27.9050870466 27.5720604801 26.5881114352 26.0848925813 28.4030890666 27.0559369983 27.5774961105 26.9890431413 26.2891052554 25.2885200087 26.9371951972 29.0926616953 26.0223621845 26.3489874042 25.0075429515 25.5313686991 25.2672033852 26.3565186131 26.8651459509 25.0814998008 25.7374959794 27.4254061384 28.7714009458 28.31676413 26.6891406167 25.7866871245 28.9235983053 27.0364181218 29.0823277421 25.3671181767
25.5163988579 28.2984877137 28.5254344948 27.8108363177 25.2768289801 27.0269226078 25.5733035089 27.596511252 26.0811043762 38.8285741062 38.8285741062 42.8188895957 29.1607575785 26.9861266532 26.7680660749 28.4954634855 28.2978665704 25.5419542395 27.2008937013 25.2514608411 27.7464202072 28.3311399386 29.0502130392 27.039965154 25.0911634159 26.5160408026 28.4803680446 25.904669349 26.4224608114 25.185820541 26.86268588 25.3912865005 26.2663812178 27.5997658968 28.6582965619 27.6528613348 26.3904967736 26.4630015142 26.216822325 26.0070113387 28.2017534431 26.0659269936 28.5738968402 25.3067985597 29.0451297876 28.7342278812 27.7796241744 28.6105618239 26.8696456584 27.3479599346 26.2205145148 28.1909655705 25.6031119745
28.4465095581 28.4922745446 27.2156825728 25.8192890479 28.5708863334 28.0466279329 28.7854943275 27.6232332816 26.6547869222 38.8285741062 38.8285741062 25.6113005248 25.3431696698 28.1329449297 27.2151657959 27.8428623388 27.8194723814 27.2262951856 28.8369710888 53.5413575723 51.427733868 51.427733868 28.7682726251 28.8781270129 26.5713261104 26.5707370374 27.9115553506 28.5756315498 26.4536669297 28.8995393672 27.5116809859 25.7321803916 27.9533110564 27.8460165763 28.6652175766 28.8278948919 28.1775184796 27.7763425493 25.86356902 26.115054092 25.4567556583 25.6134195149 26.6916667328 28.29932778 27.7190072292 27.4798028658 29.1227914968 26.481317001 25.0149114566 27.0605020995 25.9853647278 27.1738109148 28.3386095872
26.2033175965 26.9207601756 27.8887925297 25.390623998 25.2598271224 28.722706312 27.4401775284 26.4676842834 26.2843482937 38.8285741062 37.7022159492 27.4850833432 27.9553581596 26.3899885862 28.8768561273 26.3490225427 28.6934518262 26.5217208654 53.5413575723 28.9376853814 51.427733868 51.427733868 26.6660499296 27.5520791215 26.7775171011 25.3798828303 25.4480419715 26.708612821 28.6977266079 26.6569329745 27.3489954329 26.7174130966 25.7057246984 27.5284771466 25.2192517004 28.1996929492 29.1312564 25.2897542771 26.6812146279 25.5034301976 25.1608958603 26.6156382539 28.9282260452 27.8514975286 27.1776122012 27.1715718024 26.4292057829 27.7542728873 26.1309417408 28.8654473285 25.6628834878 26.3539868676 28.080806158
26.5827281398 28.4337822387 25.6887348987 27.665758582 29.2054612584 27.5665301019 25.5935793923 27.8007498317 25.720886951 28.4207303314 25.4750769259 27.7340040661 28.9727544122 28.542070169 27.9030024941 26.4722731066 26.9617347306 27.7429377628 25.9987250939 25.5833182887 26.4466417557 28.6626585716 26.5352085046 28.5288693191 25.3874374067 25.5475879558 27.5275369606 26.7015680209 29.2026217271 25.5889779086 25.1846230336 26.9126106194 25.2813013947 26.9780929638 25.9788664335 26.9354615484 29.1838433031 28.0295478238 28.3269834074 25.3782005616 25.5534331675 29.0534508037 27.264598482 27.4325383803 25.2882969567 27.2344367122 27.192456819 25.0251843573 27.334273095 28.7064464216 27.8025920779 28.9670248318 28.1156907562
29.143638609 25.885426716 25.6360937647 27.7004733281 28.5970852984 28.1845077256 26.8851895684 27.0543938297 27.1894848073 27.9129969329 26.8800339571 28.0903364375 25.1261553434 26.6229177625 28.4826235273 26.6614814041 29.1798089533 29.0577104253 25.3229625781 25.8647283705 28.9497365564 27.1477726163 26.2893668101 26.3718701921 28.9443726663 25.5108688905 25.0598738583 29.0568381982 28.6900318108 27.4258149669 25.2223596378 28.5520558035 29.236255037 26.2575692763 28.7587620856 28.8398499616 25.8923307473 26.4207100182 28.5777721126 26.7569830148 28.8667817392 28.0138530884 29.1829789278 27.8485898604 28.9644629145 27.7292970564 27.5341275344 28.3708395732 27.6010300476 28.9553718199 29.1832863216 25.3029075326 28.4295873632
28.8387931038 26.806283242 29.1445638474 25.7706917497 26.7471167791 27.0844305862 27.1930661961 29.0339234943 27.5404493355 26.0666788632 28.7349737595 28.8763568767 26.4899301593 29.0560743794 26.903544682 26.6636014321 25.2101290822 25.2852549157 28.0268431402 25.1929755327 25.8529141089 28.670894079 25.2357015516 26.3373239698 25.9162842797 25.858559888 27.3975230201 25.1476333216 25.7510522088 26.4424279107 26.1372806802 25.7768867103 26.0461133578 28.4805740274 25.8141932407 25.5946453513 25.0206932246 28.3698085789 25.9292603848 28.6596836728 29.1602346119 27.9057992155 27.2800113117 26.9283794345 25.5114928402 28.1681239905 29.1438133517 25.1030096968 26.1085726333 27.3277891849 26.4760368565 27.2358051363 28.5012395154
26.7689522717 29.2118852759 26.9503308318 28.3746097621 27.2108224578 28.3445959008 26.7091553436 28.1336368853 26.2852650767 28.812290031 27.9808051982 27.0608505264 25.0578978285 26.4652310372 29.1056380846 26.0628098938 28.5471551013 49.0287933049 49.0287933049 25.4007738163 26.8984100322 29.1468654064 25.0294711384 27.1757153538 25.4852063285 27.0471341554 27.4137599651 26.9687655879 26.2709086754 28.1361552629 28.1086867251 25.0252525115 27.2076680372 27.0221684772 26.5553114152 28.3624301503 27.6515248437 25.2678681319 28.6795017037 29.0846962289 29.186230512 25.2931769762 27.2245291898 25.5275141365 28.2705328608 28.3189206745 25.1034101471 26.414968326 28.5769166947 26.1354756131 26.2118239563 27.5364409359 28.2688973585
25.0659936836 28.1527852309 28.3168916643 26.7397400663 27.4263814202 26.333928187 27.6513762811 25.3700198742 26.7560028569 29.00876001 27.6452527711 26.6948797023 26.827161135 26.1457923209 28.5988341466 26.8109173539 49.0287933049 49.0287933049 49.0287933049 25.7252532237 25.3904937315 28.2483370043 28.2209517093 25.9946314307 28.7215202972 29.183515377 25.4432871683 29.1187931016 25.666219863 63.3411906886 25.1590715511 27.9413353826 26.0125824973 26.788503755 26.672092531 27.6922314089 25.0355083352 27.5285429219 27.6528187297 26.7365406821 29.1629255573 25.9750378166 26.0468648634 28.4620667681 26.255957149 28.9035622115 27.5613404109 26.2739974169 26.7839807194 26.4453528367 25.0927546619 25.5070048874 25.1442492268
28.951391479 27.7873647944 25.0114042865 27.7546059061 28.9105391179 25.741594861 28.6164558171 28.6454628355 29.1229760433 28.2848917141 27.6621174711 27.6504279512 28.3162499148 29.1484335851 28.3493979244 27.7673107458 25.6051789966 75.3541294347 76.5750144522 27.9393082251 27.9720413703 28.8981604927 29.2203745203 25.2090612761 26.5827314719 25.3229511626 28.4811850074 26.4132804343 27.2190503824 25.9188042834 26.7801522584 28.9949768525 29.0486772189 28.538909214 29.0953254808 26.8620824011 26.8467967544 27.7519409392 27.0121991465 27.2319318303 26.3777414806 27.7338337263 26.3484959163 26.2596350431 26.6060847536 29.1960663795 28.8279168315 27.0731086503 29.0451487176 25.4139767734 28.0264134004 28.2213438982 26.9187835579
