Spatial_Output/90% DEC/90DEC_1045.asc
NCOLS 155
NROWS 192
XLLCORNER 196769.923733
YLLCORNER 449719.875193
CELLSIZE 27.603701
NODATA_VALUE NaN
[rows 161 to 183 of 192, columns 53 to 105 of 155]
23.0014516757 23.2012545863 23.0533552459 22.9379505362 22.8653746165 23.0502678661 22.6621866139 22.7625368587 23.0389706626 23.1618762049 22.9801146846 23.1825531587 23.2065167245 23.1828888151 22.8456116915 22.6791589553 22.7303644693 23.0354462436 23.0956878355 23.0056954018 22.7738611923 22.7996781194 22.5255128846 22.7851255289 23.1373070401 22.6635279506 23.1940349109 23.0498957502 22.6642871819 23.1886836283 23.1010743601 22.7514945212 22.5527044207 22.8563157188 22.9952507383 22.7262192338 23.0636991419 23.0424614677 23.1325187816 22.6858123094 23.0976566013 22.9048321677 23.1090855194 23.0604719258 22.531834654 23.1198359527 23.1419956112 22.892475176 22.9258689052 22.9571276055 22.9014724445 22.6098165739 22.9391161238
22.7966162913 23.0826960026 22.9676946541 22.9737168361 23.0014889848 23.0190095626 23.0607889747 23.0739275581 22.5444056669 23.0285958907 22.5760687707 22.8216382986 23.1502493119 22.7723647316 22.7919197609 22.7146725626 22.6404362891 22.8841629077 22.832383896 22.5402501827 22.8937827174 22.6737652027 23.1906000993 22.9300815431 22.5038607524 22.709921689 22.5891989333 22.8607831331 22.81253472 22.5654372 23.0436449754 23.0991787998 23.0399429699 23.1805006241 23.176855161 22.7204118229 22.6136060053 22.9226781084 22.8058265309 22.9922014095 22.9796520506 22.5966679558 22.6243351868 22.5672392001 22.8479472559 22.5295959413 23.0483847812 22.7022042517 22.7562499058 22.9128648667 23.0059351433 22.9730909069 22.9109925696
0 22.5310105202 22.8572807757 22.5231775008 22.9495576478 23.1562083807 23.0161988133 22.6173722777 22.7888641032 22.9503957962 23.1394325051 23.0238741665 22.9609045301 22.763817335 22.9063113344 22.5042512022 23.2054565419 23.1213511789 22.9330162991 22.7426628853 22.6292474792 22.6632293176 22.7473385356 22.8307559172 22.9806087251 22.6846790849 23.0895171458 22.9891290297 22.7297413317 23.04406147 22.6786118789 22.6259403058 22.5045875014 22.5629995367 23.1955360337 22.8621612648 22.540220367 22.9404464832 23.0005332328 22.9490823781 22.5951247559 22.8542304616 22.7176474034 22.8825283727 22.6889589957 22.9778725231 22.7903920219 23.0507923633 22.7287226414 23.1366196777 23.0082377698 22.5510884843 23.1985537951
0 0 0 22.8873301414 22.9565403801 23.037492344 23.0065383445 22.6792514847 22.6540268314 22.9073471094 23.0804052232 22.8720046303 22.9079705859 22.8226172162 22.5805319355 23.12283629 22.9157497172 23.0082080749 22.8289965013 22.842666189 22.7932096132 22.9437469299 23.0647144383 22.778400076 22.7464729965 22.8235097859 22.7916771613 23.0097200632 22.6830107824 22.8194944623 22.5863385239 22.9294929904 22.9322095158 22.7594356128 23.0218686605 22.7529294748 23.0182118788 22.872017489 22.8512068373 22.6578979606 22.6932956074 22.7640462747 22.9460870109 22.7031150864 22.8693734948 22.5396944729 23.0277765425 22.8963370071 23.1859971627 22.6236940755 22.8719090048 22.928097267 23.1205237685
0 0 0 0 0 0 22.7164810677 22.613405128 22.6418827989 22.7434677911 22.916287885 23.1887303418 22.6570519616 22.5679197805 23.0060472403 22.7430876342 22.7916614508 22.8992754921 22.7273263165 22.9298019217 22.6338121044 22.6905111198 22.932849264 22.9800589045 22.5599699898 23.019727651 22.9954155912 22.7055968809 22.7416157088 22.644784739 23.1453901561 22.9964383597 23.0373220719 22.5036010037 23.1067123643 22.5255218108 22.9765637172 22.602243371 22.7082281455 23.0765206221 22.8530771782 22.7998428315 22.8848528135 22.897542619 23.0288751023 22.5975839744 23.1499502065 23.2008043138 22.6798705198 22.9845315128 23.1705240404 23.1115528041 23.1195198721
0 0 0 0 0 0 0 0 0 22.9884544023 22.8940946351 22.9819442628 23.0347770345 22.7483256649 22.7849470723 22.7245815241 23.1704797275 0 22.590345521 22.8382578668 22.8051341083 22.5700299198 22.5201501806 23.042028738 23.0077034473 22.7809123869 23.1096855074 22.9874773169 22.5023325792 22.937815818 22.5816265148 23.1675951518 22.6039021097 22.5664231528 22.6203560467 23.0618491605 23.1548147603 22.9616689027 22.6370562339 22.7468480294 22.6951452993 23.1044236662 22.5557629769 22.7705899001 22.9260016032 22.8242177542 23.0050902595 23.1439131482 22.6471968285 22.7056468429 22.7419912076 22.7525956889 22.5428951699
0 0 0 0 0 0 0 0 0 0 0 23.0955457531 23.1467866576 22.9682318483 23.0499400051 22.8632537738 0 0 0 22.5709328443 22.5685540173 22.6246204035 22.8832230264 22.700261208 22.8695102168 23.1074383154 23.1265485427 22.8092830215 22.689582994 22.5500333498 22.8745233215 22.6896430885 22.5183096941 22.6256723729 22.6332772049 22.8143805192 23.0825817896 22.5240239617 22.8942137729 22.7765503318 23.0064689779 22.5394531619 22.6519523811 22.7381432893 23.1887873915 22.8692701031 22.6019144758 23.0472723877 23.1546076558 23.0963579666 23.1286413639 22.8101254636 22.7401758321
0 0 0 0 0 0 0 0 0 0 0 0 19.8977830049 19.8977830049 65.9304345373 0 0 0 0 0 23.1826709346 23.1872219632 22.5841309726 22.7576645225 22.5666075363 22.6316051043 22.7065229745 22.5290666195 22.9150562426 22.7435980796 22.5190322945 22.7248930495 23.0578461788 23.0453340599 22.9621010137 23.0327049297 23.0212163411 22.6628567605 22.9678883196 23.0991919343 23.1307344034 22.88454953 22.7748018986 22.9787789838 22.634102547 22.50517809 22.6955995561 22.9046164835 23.1920664191 22.7818001775 23.1402676561 23.011767357 23.0663220038
0 0 0 0 0 0 0 0 0 0 0 0 26.5217955578 11.3521753744 21.6607145122 0 0 0 0 0 22.6610376232 23.1539674461 23.1534728204 22.6420948831 23.119336944 22.5192952214 22.7935590939 22.9657751996 22.9716486204 23.0803171934 23.0846854284 22.5440171115 22.5135482101 23.1375061133 22.6164132824 22.6424049548 22.9404969236 22.5309833913 23.0524603843 23.0163864968 22.9716749895 22.8819742694 22.6283592816 22.8869446496 22.5020738839 23.2053326461 22.8982363098 23.1868875099 22.6196781081 22.5606273657 22.5911933686 22.6176681203 22.526180845
0 0 0 0 0 0 0 0 0 0 0 0 10.852243251 21.0664356809 18.6815613897 0 0 0 0 0 0 22.621513324 23.0912428421 22.5345616579 22.9876897264 22.6435765298 22.917815508 22.9881636276 22.9322033434 23.0873844677 23.091671959 23.1538859295 23.0461275005 22.6430020515 22.7246852745 22.6202648254 22.7779567052 22.8813491082 23.0121942292 23.1920854647 22.6715236971 23.1602480669 22.7681910101 23.1326107112 22.8736594388 22.7610258156 22.7256442101 22.738788872 22.9986143197 23.0955619389 22.7905413256 23.1016008238 22.7499359168
0 0 0 0 0 0 0 0 0 0 0 0 15.2242297904 11.19448722 13.7106663795 0 0 0 0 0 0 0 23.050641454 22.7390376929 23.1960422869 22.6523750873 23.1228556628 22.8791150482 22.8882678336 23.1446680858 22.8947588054 23.0209583146 22.6833164914 22.577872701 23.0890684497 22.6966271478 22.7467903543 22.7714407967 22.8903652142 22.5514801655 22.6527590794 22.8494543921 22.8416343308 23.0793330563 22.909502552 22.7765181098 22.7891392932 22.6972806536 22.7832272829 22.6095889892 22.7739551352 23.0562349541 22.9659579943
0 0 0 0 0 0 0 0 0 0 0 0 0 0 0 0 0 0 0 0 0 0 0 22.7137897629 23.0466751529 22.6730404784 23.0587252793 22.829213602 22.8548406551 22.7334351782 23.0369473957 22.8381838403 22.6244143259 23.1187278312 23.1470683216 22.9852135865 22.6393647145 23.155708652 22.7055724664 22.9762457021 23.0233052286 22.9408564868 22.654375025 22.8135410821 23.1915051269 22.8651825623 22.5907029014 23.161231006 23.0755260586 22.8675749411 23.0334960418 23.1192262977 23.1252652674
0 0 0 0 0 0 0 0 0 0 0 0 0 0 0 0 0 0 0 0 0 0 0 0 22.9974322464 22.680454235 22.8045587053 22.7813396983 22.8887492947 22.7140036426 23.0197898696 23.1055535545 23.0856298084 22.6636846245 22.6532707163 22.6901877525 22.7451282046 22.7824300651 22.6004211397 22.6004208189 23.0586118147 22.6886109645 22.9298818896 23.0941530844 22.5056566495 22.8420590831 23.0278211069 22.8292117268 22.6374312768 22.9133100659 23.1396101969 23.0347522905 22.8080873152
0 0 0 0 0 0 0 0 0 0 0 0 0 0 0 0 0 0 0 0 0 0 0 0 0 0 0 0 0 0 22.5814785035 22.746899855 22.6391761551 23.005560537 22.7661867754 22.6972265617 23.056893528 22.9375253365 23.0819226237 22.6285580652 22.6137763462 22.8597748973 22.6170198175 22.9598346691 23.1456060745 22.9508872015 23.0834964159 22.501603677 22.8433353719 23.1034439091 22.5445840809 23.1938988578 23.1316570843
0 0 0 0 0 0 0 0 0 0 0 0 0 0 0 0 0 0 0 0 0 0 0 0 0 0 0 0 0 0 0 0 0 0 22.6129228602 23.0927905706 22.7148739321 22.6811304303 22.7608562302 23.045193498 23.2038272906 22.9044750099 23.1027814725 23.0143391858 22.6094749681 23.0353795515 22.8028267199 22.8406176699 22.5060603059 22.5401115276 22.6059060326 22.5784571112 22.8644891326
0 0 0 0 0 0 0 0 0 0 0 0 0 0 0 0 0 0 0 0 0 0 0 0 0 0 0 0 0 0 0 0 0 0 0 22.8825842327 22.5341501801 22.8788832343 23.1402659511 22.5446283608 22.5538567096 22.9264999326 22.8142747989 23.0572791766 22.8385467118 22.772755224 22.7137669593 22.8862594421 22.9815914999 22.7425245943 22.9141450869 22.636905944 22.6076892746
0 0 0 0 0 0 0 0 0 0 0 0 0 0 0 0 0 0 0 0 0 0 0 0 0 0 0 0 0 0 0 0 0 0 0 0 22.5339619621 22.5121697884 22.9557594167 22.7019532955 23.0129282298 22.6829766223 22.8789487619 23.1656998013 22.9771157084 22.7894611151 22.7454540833 23.1486741623 23.1233873774 23.0555571604 22.7960640832 22.6758733102 23.0673633066
0 0 0 0 0 0 0 0 0 0 0 0 0 0 0 0 0 0 0 0 0 0 0 0 0 0 0 0 0 0 0 0 0 0 0 0 0 22.5304302052 22.6257348471 22.5362184766 23.2050106224 22.6336194108 22.8220927021 22.7095774534 23.1040048335 22.6759130213 23.1778997448 22.9807284935 22.5215716583 22.7357877603 23.1014256814 22.6598817269 23.0361052949
0 0 0 0 0 0 0 0 0 0 0 0 0 0 0 0 0 0 0 0 0 0 0 0 0 0 0 0 0 0 0 0 0 0 0 0 0 0 23.1012955532 23.1211429202 23.0756140095 22.5784588455 22.7846350622 22.6405831413 22.7433388119 23.1947150168 23.0407592506 22.9824226213 22.7920265489 22.9092058777 22.8705688865 23.0884156589 23.1573485947
0 0 0 0 0 0 0 0 0 0 0 0 0 0 0 0 0 0 0 0 0 0 0 0 0 0 0 0 0 0 0 0 0 0 0 0 0 0 0 22.8166937581 22.8565121317 23.0078465285 22.8507219746 22.6502104093 23.022106363 23.1873464553 22.92655302 22.7498799351 22.8754674543 22.9626742327 22.7261724974 23.0749900805 23.0677362486
0 0 0 0 0 0 0 0 0 0 0 0 0 0 0 0 0 0 0 0 0 0 0 0 0 0 0 0 0 0 0 0 0 0 0 0 0 0 0 0 23.0088357076 22.817590878 22.9342737526 22.8661529077 22.767330211 22.95786576 22.9484345037 22.7490595427 22.763420627 23.0302382686 22.5615666186 22.6254011635 22.7969374402
0 0 0 0 0 0 0 0 0 0 0 0 0 0 0 0 0 0 0 0 0 0 0 0 0 0 0 0 0 0 0 0 0 0 0 0 0 0 0 0 0 22.9375466058 22.8718103157 22.746544395 22.8602145126 22.639680994 22.5025654028 22.9539971351 22.830419873 23.0985557432 22.5146502711 22.6042269138 22.7421135489
0 0 0 0 0 0 0 0 0 0 0 0 0 0 0 0 0 0 0 0 0 0 0 0 0 0 0 0 0 0 0 0 0 0 0 0 0 0 0 0 0 0 23.1038424425 22.8158369914 22.9305490372 23.1436406922 23.1690945363 22.9313098762 22.802003242 22.8845208315 23.1438955477 22.9090899563 23.1430576098
