Spatial_Output/90% DEC/90DEC_1345.asc
NCOLS 155
NROWS 192
XLLCORNER 196769.923733
YLLCORNER 449719.875193
CELLSIZE 27.603701
NODATA_VALUE NaN
[rows 69 to 91 of 192, columns 0 to 52 of 155]
33.8735454385 34.0541350184 33.2764089858 33.8053832075 33.3160288921 34.1869122816 34.0291927869 33.7670814326 34.3633588411 33.0098561843 33.6290078426 34.2361669652 33.5391484997 33.8306798175 33.1688089 33.9114408097 33.9090869096 33.3587154942 34.1722520686 33.7287964942 33.3286957217 33.1816503627 33.2437706966 33.3848245263 33.2261783016 33.4993108019 33.9593733326 34.0219980535 34.1561486328 33.5212874906 33.7120233942 33.1667642454 34.0399583061 33.6222989872 34.3183178031 33.5379691717 33.5575555426 34.1543716558 33.0176647189 33.0666928164 33.2932252705 33.0607495612 34.399293921 34.2382611827 33.8645869806 33.8884513421 34.3293472718 34.0536503127 34.3860930044 33.1380715672 33.2391122221 33.8873161509 33.596604462
33.2760708439 33.7175376163 34.1647619664 34.0527533297 34.0208647664 34.1499126291 33.4032945933 34.0068610898 33.8415473853 33.936465491 33.4075951125 33.804775243 33.1603958121 33.4287001625 33.0031850577 33.4965270717 33.1181742879 33.7777614292 33.131136685 33.7324229371 33.6133277178 34.0454514329 33.1051166309 33.3152630446 34.0949272948 33.4556547173 33.7532992223 34.3700346119 34.0801823505 33.3131634818 33.9189294842 33.2023815446 33.0436173988 33.7391450816 33.6123749221 33.4907334319 34.2613238178 34.1634581927 33.9973775878 33.7514466743 33.0162198049 33.8486877299 33.5937324643 33.8573919144 33.0363409353 34.0441043475 33.1587677048 33.2337796075 33.365541477 33.4982526302 34.0635501925 33.8486181836 33.5325301196
33.8929034663 33.6008805099 33.6585402064 33.8748742582 33.5514453728 33.2437365891 33.2283049318 33.1252494595 33.7763721555 34.096934474 34.4105510976 33.5513979829 34.2548545643 33.6888667789 33.3099851109 34.2499284222 33.7253334709 33.1728530269 34.223772438 33.6355897036 33.1946445631 33.6203180679 34.319501203 33.1284692852 33.4084461382 33.1782428651 34.0586789492 33.1880717538 33.2604621189 33.0307645791 33.887421244 33.1355433381 34.3455711529 34.151436659 33.0601928209 33.5192491555 33.9078272783 33.3912922346 33.6509231644 33.7145871711 34.2538399556 33.3061958267 33.4059489545 34.2178284385 34.3440022739 34.1993104675 33.741625789 33.6288717939 33.1270755582 33.5861744681 33.9522813065 33.0031988248 33.9206313812
33.8644196463 34.3870378147 33.570505799 33.1989762273 34.0582623458 33.6120054542 34.126870292 33.0965461373 33.937151488 33.4363070949 33.2899415006 33.927238832 33.0522169426 33.2450454048 33.9477782313 34.0787192927 34.1467883706 33.0941010316 33.4819037153 33.037449635 33.0317256965 33.3215678888 34.2880617419 33.0770254251 33.6717393215 33.9809761267 33.4871680902 34.2683693457 33.8351677221 33.1312848419 33.3203466992 34.1977988904 34.2101547616 33.2451855031 33.4172695443 33.3565407507 33.2521873403 33.0602606175 33.4522828161 33.3178489033 33.0772209427 33.9304728557 33.9644735244 34.36008036 34.1154250555 34.289499559 33.7764410275 34.4106292779 33.616713388 34.4132907735 34.3928857834 34.3992451533 33.2006046162
33.4425184359 33.2137919901 33.2546254446 34.3873891334 33.0067538439 33.3807417167 33.33076884 33.1126843437 33.86106057 33.7305018724 33.0573118277 33.1953354863 33.5296549613 33.3761687493 33.8024637978 33.4748821341 34.2403358449 33.8718975697 33.8538396202 33.0588679057 33.128516113 33.4926036216 33.0501644412 33.5612295588 34.1606588093 34.3556396949 34.3511816371 33.2057055331 33.5584768067 33.6066953425 33.8332294665 33.8984058686 33.7798127534 33.1068811553 33.2657965934 33.8907503387 33.8812728108 33.7870379424 34.302629909 33.3724630639 33.4197101764 34.0221100137 33.7682360694 33.4768617512 33.3032656327 33.3659304762 33.1272472255 33.1727079601 33.7205524263 33.0230260773 33.4740732675 34.0598764014 33.5994074977
33.7273430631 33.2226322874 34.2193175022 33.059724443 33.5474066475 34.3136414748 33.4113640258 33.5308458198 33.4907582381 34.1981991828 34.1161253151 33.7527841645 33.7026419978 33.6489682894 34.3762599547 33.9166267786 33.9604929374 34.1072874954 33.8367191336 33.0225307508 33.3465475839 34.410429505 33.6917216917 34.1919912174 34.150008012 33.7911809421 33.3421152136 33.0985912673 33.9156142079 34.1941684813 33.1252934906 33.8747904633 33.8606000749 33.3515540563 34.2062754196 33.3591083545 33.7132858928 34.0214133196 33.911928183 33.1232161861 34.3710479012 33.7688236522 33.7394180358 33.6675212292 33.4570172566 33.9780727486 33.801888335 33.7697114218 33.7061737183 33.2480589419 34.2731396729 33.5377104523 33.3252090551
33.0246220038 33.8740267725 34.3286148694 33.9293888469 34.244143482 33.9486749585 33.2354409727 33.3250972455 33.2842796013 33.9705793623 33.528248214 33.7435648675 34.3232868832 33.9038687342 34.3929363272 33.2054331404 33.8907794153 33.6742426985 33.2220027994 33.7968798142 33.9350054933 33.8243787136 33.7162026899 34.1063532273 33.5823053053 33.6793462862 33.2495691075 33.0074216836 33.2450747766 33.1817818518 34.243400392 34.2992626588 33.1293023135 33.2962066757 34.2611348692 33.3380864612 33.5007637926 34.4135390008 33.7547144151 33.931041572 33.4210129306 33.8306227571 33.9404525655 33.6919175803 34.3385655333 33.6101756267 34.1321321379 33.4913681635 33.0395820159 33.9022483004 33.7948918344 33.2706362278 33.8273572374
33.6109713585 33.7937731797 33.6128442216 33.8248939719 33.0029372209 33.7862583328 33.0751139332 34.1197960893 33.3044491606 33.1116281983 33.810767429 33.0810006143 33.8791348902 34.3051443399 33.3197342303 33.3362266157 33.9870918778 33.3926363766 33.4435709906 34.2616846241 33.6208890527 33.2956281241 33.2209203252 33.2169752982 34.2810426146 34.2182956114 33.1497046554 34.0941642287 33.9502296773 33.2101220477 33.1981575486 34.0845462452 33.9699070268 33.1267952817 33.3407806875 33.2969295482 33.3828086594 34.0964399686 33.6753593739 34.2992040722 34.0617013188 33.6726103995 33.8046995883 33.9265055618 34.093623461 34.113345424 33.9513505596 33.2495458975 34.3057062725 33.5438866685 33.6133743142 34.0292546754 34.2510787766
33.9204419493 34.1885508796 33.4345154429 33.6380142169 33.0017721832 33.5433332821 33.4149915013 33.0293134097 33.7733276639 34.202718707 34.3024108307 33.277543072 33.0727336079 34.3191979213 34.2209985734 33.3839664642 33.6703450546 34.3197287708 33.6714454284 33.246336828 33.3012772061 34.1932946497 34.3692475998 33.377590035 33.7331147982 33.0525822176 33.3524922945 33.4884484512 34.2858712295 34.394052298 34.2638859716 33.6316305162 34.0774948259 33.2027450472 34.2931971601 33.3197353649 33.0504209067 33.7023677509 33.6687452741 33.338294515 33.645296611 33.4286911842 33.1202784319 33.6915003303 33.1699003298 34.2779550871 33.6629730855 33.1370985624 33.0358192566 33.1642567657 33.743162893 34.3511867494 33.3993937545
33.9648413148 34.261960586 33.1585681096 34.2920948402 34.0944738193 33.2431819518 34.1512891219 33.0697942871 33.717276416 34.0823617354 33.1166233429 33.466703369 33.8516139759 34.012141365 33.1446013967 33.6767641947 34.2655793051 33.6679261501 34.1707000086 33.2617336439 33.5848040806 33.4476756907 33.2596802578 34.3848629258 34.3152695513 33.9787920143 34.0489262177 33.8522838314 33.2293803966 34.376732197 34.322311578 34.0824413454 33.3970338636 33.1552202049 33.026900361 33.8827920199 33.6665914526 33.6956481428 34.3366772748 34.148887739 33.0282368497 33.8698183825 33.1352912042 33.4124159072 33.0948201834 34.3683823889 33.3724944435 33.7095100105 33.5431727315 33.3735612046 33.4762232218 34.2522312345 33.38995918
33.8523997887 33.640460738 34.1909568917 33.0291266515 33.399161727 33.8393083256 34.2382206028 33.0282374787 33.8664828988 33.6219882462 34.2489966762 33.9642319647 33.5957714309 33.5313278613 33.362590748 33.1397823949 33.9446714504 33.2444271456 34.2328540825 33.8633012341 34.1676944978 34.1821245584 34.1043612211 34.1344092084 33.0491828581 34.2968105454 33.7255185444 33.6928628171 34.1182637 33.2496413022 33.0805014776 33.1121157733 33.590252779 34.3374409864 34.1724838154 33.2632680229 33.2530569867 33.8101237195 33.3258803241 33.5105047621 33.2414583843 33.8357711688 33.7209631267 33.843282344 33.6755165045 33.684376832 34.1715846881 33.5460877579 33.7338714212 33.9026880031 33.4268433254 34.0808589703 33.4664143705
33.9451771738 33.0761196582 34.1151314612 34.3707544161 33.2997875658 33.9330640283 33.9948307288 33.6438579444 34.2405537575 34.2018616753 33.9473045173 34.0086378905 34.249538654 34.3910324863 33.8526029664 33.7907284267 33.6588457063 33.9389017592 33.3631402172 33.9024976519 33.2076861844 33.290182458 33.4828969498 33.9302444258 33.499665961 33.2585085767 33.7572980147 34.2511912445 33.5839019554 34.3735246554 34.2562777369 33.9050379306 33.8870576083 34.2249269284 33.8043775837 33.1845184571 33.4118521515 33.3981568417 33.4729186417 33.790744418 33.9778141936 33.9882487862 33.2611908344 33.5700028685 34.0376989254 33.981072787 34.1126329078 33.5763744816 33.8744816839 33.1109367121 34.0958810844 33.662840315 33.5864200006
33.5132803853 33.3739915232 33.2433360228 34.2173655286 34.0334185894 34.3779436945 33.8059403323 33.3734454913 33.2566539712 33.2477747843 34.2357140963 33.592294419 33.4544050858 34.0034818965 33.4845972155 33.7178947097 33.6103265203 33.5797944589 33.1149507882 34.2347050613 34.1196040662 34.3422283425 33.6234775767 34.2707265545 34.2958363244 33.8951955938 33.9751299737 33.0802183935 33.9731861628 33.9485063292 33.9307650486 33.6536686301 34.3125228878 33.7438729232 33.8920896507 33.376845671 33.1687133519 33.8806308177 33.9198389391 34.1168780565 33.6010404581 33.1717989553 33.3160788271 33.6659085909 33.4510126373 33.8470005837 33.1511698428 34.0828403567 34.2546978023 33.1710967113 34.244008126 33.5667044432 33.642650863
33.7965436609 33.6475263469 34.4058171573 33.8002136215 33.9333334001 33.6763357981 34.0751885341 33.6504944167 33.9269203878 33.6953649925 33.2116968026 33.4111530436 33.9980431189 33.690543018 33.747010358 33.5865136136 34.3721999555 33.312596459 34.4007629753 33.7079666436 33.6472314463 33.3435255352 34.3296647375 33.5435293767 33.9585195438 33.8280582184 33.5213760708 34.2003398485 33.1278764283 34.0451996451 33.1453107845 33.9436133702 33.6521893 34.3881820429 34.0826916774 33.937785307 33.7757940011 33.9095507557 34.2105455248 34.0648828512 33.6022589097 34.0917428989 33.3617993036 33.3757058982 33.7147945329 33.9575506557 33.7098237581 34.242663298 34.2985998705 33.5048679109 34.2149774816 34.3198249174 34.351018414
0 34.1774710034 34.2606619862 33.9646074368 33.9305191448 34.1845872003 34.0356441803 33.9051559606 33.5590942363 33.6655342786 34.0410321641 33.5177424694 33.958323042 33.1838627269 33.8325800699 34.1739274149 33.2515874201 33.2555293944 33.0061071118 33.900976849 33.9051340816 33.8783501474 33.1215048843 33.5526602076 33.4620741246 34.0501189511 33.0376310751 33.5009091818 34.0871583948 34.1061897974 33.3508035882 33.5258301249 33.4382307391 33.2815364043 34.2194179456 33.5250928751 34.2397512563 34.1370171718 34.3514325373 33.2638807104 33.2491419944 33.964689753 33.8839263895 33.9247875939 33.2617925297 33.8115783577 33.4604316754 33.0614268145 34.3543383432 34.2150178755 33.5725803216 33.3423372726 33.1451199395
0 33.9046578305 33.2168338808 34.0653151521 33.3564615348 33.8235289232 33.0440253829 33.4399103513 33.1157658514 33.3185927837 33.9578365784 34.3769949945 33.2206466415 33.3069079591 34.242745674 33.9966073776 33.3302580726 34.2171197881 33.1189802929 33.3430458847 33.0080369206 33.8247192833 33.5879718478 34.1926299736 33.850327447 33.0246263334 33.7855378508 33.0336570917 33.8212520738 33.6882473671 33.2465125494 33.421228029 33.1154469591 34.2872879497 33.0429542478 34.1010259699 33.6079892964 34.2994892453 34.05618654 34.4122147097 33.7510504081 33.264690147 33.1033021085 34.3758912347 33.3528554756 33.0485337709 34.1689259159 33.5037297001 33.8228216664 34.0167822154 33.2506764593 34.3027269992 33.6386678286
0 34.326538129 33.4525650775 33.9607830911 34.2040332927 33.5025703499 33.0966152865 33.9857086006 34.2709174572 33.0759249322 34.0715115239 33.2505541958 34.0419229016 34.2446770685 33.8425837574 33.2595594011 33.2537554954 33.6266578303 33.6111562333 33.7259395958 33.6021932398 33.7375433217 33.7681754022 34.3984260956 33.6856678844 33.1502605364 34.114855051 33.822560579 33.0721029311 33.7959244743 33.5243147322 33.3480848004 33.4416056014 33.760220644 33.1679462338 34.1907205308 33.4820404373 34.3859040606 33.6239325305 33.4435495809 33.8163483578 33.2665410535 33.6235867392 33.3247315045 34.1960930323 34.1112670367 33.6200947806 33.5966076363 34.3765682669 34.2065590612 34.0584443637 33.9527655103 33.9061769572
0 0 33.0352847959 33.3520190684 33.9777063575 33.4543903022 33.0727530729 33.1792221951 33.7304785138 33.8126049659 33.3660261361 33.7391944273 34.1598697388 33.0316546575 33.3056076253 34.0548839074 34.1122389094 34.2885251956 34.004156826 33.3762533782 33.9339704159 34.2820347996 33.9446491133 34.178708853 33.5809020694 34.3949750964 33.1119431227 33.9427673268 33.2355145658 34.2266531201 33.935883155 34.2647478915 34.153562628 33.79568823 33.2885852731 34.2958219813 33.8622296226 33.3561483888 33.6159677831 34.2196727398 33.5567676123 34.1248006013 33.0079754512 33.7844717348 33.6175543506 33.5241775348 33.3807788616 33.3736593301 33.0566721319 33.0647485234 33.5988648356 33.2602753277 33.9471162332
0 0 0 33.6305020679 33.2516727798 34.3032758577 33.5464352725 33.0127817086 33.8422525293 33.7077009938 33.2292031171 33.9129471492 33.4654246666 34.0733183751 33.7234376111 33.7580817131 33.891523691 33.87007309 33.1106785231 33.427463293 33.6265548599 33.2166692837 33.1291786695 33.7372955895 34.3984779693 33.8630837794 33.0297435058 34.3058193891 33.409552068 33.2906980642 33.9247999882 33.2235718255 33.911497186 33.974693229 34.1492053072 34.2761774523 33.5414049037 33.1163203705 34.0987926407 33.7474688118 33.0358523724 33.4807801771 34.1882428299 33.4287788274 34.3570096724 33.3334361189 34.2291779194 33.8053152324 34.0408805195 33.8087670129 33.7595953695 33.0630882021 33.6519810395
17.8269983345 32.1805456983 26.2209217904 0 0 33.4212833396 34.404483169 34.4101482567 33.3273171014 34.1618000942 33.8890559979 33.4093586534 33.1906432325 33.1765448691 33.9987408054 33.6196372706 34.2399345278 34.1640428489 33.5368508971 34.1998448762 34.2132244852 33.1614905137 33.3447963993 33.0684966916 33.3339135573 33.2508198408 34.141939252 33.084453081 33.39074304 33.4701238402 33.6866334457 33.6642428197 33.2561083599 33.8285839594 33.404030521 33.6210376567 33.5831050271 33.0765556432 34.0976674447 34.4000835567 33.4993680597 33.6028919824 33.1625725169 34.0475359779 33.4355332616 34.1860038878 34.3634943131 34.2482163558 33.6747059424 34.0656533052 33.9748801724 34.1971124191 34.3900394349
21.2426554856 23.528434169 16.6462595232 0 0 0 33.4867348227 33.044465411 33.4768748909 34.0563933548 33.2937335096 33.8806269875 33.4141934258 34.1049457202 33.7985063424 33.5232746719 33.8305867938 34.0534110481 34.149093097 34.1883157357 34.2918495627 33.5530386205 33.4861577686 34.3950342654 33.6806637128 33.1785515033 33.9540162511 33.8750123089 33.0111814723 34.3738557274 33.4361548464 33.5955599866 33.1291170386 33.8197496218 34.0599613016 33.4763452908 33.7400537033 33.9239665932 34.0697707764 34.159672601 33.6394199858 33.3630563229 34.2039462636 33.0434700115 34.0923272886 34.0066106144 33.6845877145 33.3394582274 34.3862287464 33.3631741213 33.5961257264 34.1162669188 33.805768472
12.3122096157 27.9329275305 22.7253183441 0 0 0 34.3386387704 33.211262163 33.6261950267 33.7910960067 33.5984648314 33.6593666721 33.8376105315 34.4116479578 34.3479020356 33.9024664811 33.4460546518 33.8916140802 33.7803915194 34.2802696125 33.7723038988 34.373395866 33.6144629185 33.1374930863 33.7741497358 33.8881305188 34.3854150244 33.9175855337 34.1922058454 33.1115783848 33.136205683 33.3854590931 33.187316423 33.9489693647 33.5692902989 33.5624316582 33.7448512043 33.1278952663 34.2702466512 33.9021925808 33.4335973073 33.6023961495 33.3627448946 33.4981055969 33.824012393 34.2452471261 34.3336969981 33.4370134238 33.3682350213 33.470303261 34.3337914483 33.7431973085 34.063060792
0 0 0 0 0 0 33.5648068715 33.7432696648 34.0209875532 33.2194530569 33.9017769878 33.5782725813 33.7636451691 34.1651858162 33.1785886446 33.3206293635 33.3063588457 33.8716177168 33.4218547776 33.6788152312 33.026202897 33.5847598446 33.4481937781 33.9995407739 33.521567675 33.4984003858 33.8424714042 33.7700461584 33.0199593168 33.0658126585 33.9452466965 33.4186895353 33.3532871834 33.7821096105 33.765505237 33.3763862661 34.3939355515 33.1526019401 33.8897966922 33.454132 33.456749741 33.9280256148 34.2445578652 34.2983920414 34.2110863222 33.067752966 34.1487071143 33.7632485098 33.3291412265 34.1434657349 33.7483268806 34.0125294427 33.8293009524
