Spatial_Output/90% DEC/90DEC_0237.asc
NCOLS 155
NROWS 192
XLLCORNER 196769.923733
YLLCORNER 449719.875193
CELLSIZE 27.603701
NODATA_VALUE NaN
[rows 46 to 68 of 192, columns 53 to 105 of 155]
47.0068849486 47.2692438819 46.407918735 46.7459421554 46.6683460114 46.7197955407 46.3813723501 47.2176749697 46.1623760031 47.2262084515 47.2836643967 46.4509521106 46.9021799267 46.3421910418 46.3246602096 46.9067069404 46.0229185655 46.6685937976 46.6243203735 47.1784981319 47.2090590661 47.3247816582 46.7514006092 46.1183370748 47.1970818078 46.1105672471 46.310152046 46.3131002187 46.2331052833 46.9488803671 46.7234570021 47.3683890508 47.0958613906 47.1636574073 46.4566145596 46.9214148791 46.507628653 47.2242861927 47.2173997321 46.8832096298 46.6120155509 46.8767470755 47.1240693425 46.1573727502 46.0486207539 46.7158527381 47.3430250963 46.371502972 46.2144472452 46.1948256796 46.175534708 46.4039589313 47.2592455539
46.7467969508 46.2300307482 46.0754363202 47.1211895906 47.0290491959 46.5808432133 46.4883163049 47.1881018402 46.6196216898 46.9683981127 46.0187617432 47.0077998365 47.371104254 47.0156246122 46.2212672122 46.1751948416 46.8008177397 46.1615612993 47.077650879 47.1066923536 46.469334568 46.8610069047 46.6051811512 46.4466728253 46.2270788676 46.8916579602 46.0410123156 46.7155867734 46.8769082401 46.096083936 46.2425898088 46.8669301674 46.090259119 46.778579701 46.27438812 46.7845502599 46.7386158828 46.8057141933 46.6270862559 46.724035541 46.2671719253 46.3699499068 47.2083625793 46.9104059684 46.6005434845 47.0953174721 46.6072866665 46.5484365227 46.0025898414 47.0222395769 46.4210140796 47.386417934 46.3018368053
46.3433738751 47.1923006996 47.2386974148 46.564027901 47.2450407808 47.2446757306 47.3237341007 46.7844544767 46.234743832 46.0244550023 46.6597848098 47.0153543814 46.4474564468 46.4725380836 46.5557751997 46.5227010187 46.6535016358 46.8268034294 46.23560709 46.6108169609 46.6457603564 46.667204429 46.5428830544 47.1608013746 46.3447727539 47.4047414671 46.7491795864 46.6080829648 46.9132227372 46.4672472952 47.2168512258 46.7568737771 46.0966449495 46.3775696561 46.1968216195 46.7365244452 46.1755525016 47.0918361497 47.3828671724 46.4613249538 46.0777446597 47.2172330391 47.2760403248 47.1737759631 47.2383362845 46.5437357742 46.6756649683 47.0145785126 46.5807431498 46.9111718258 46.2157883628 47.0473467231 47.0855157544
46.986232983 47.1293867077 46.9173315695 46.2061056989 46.5326531445 47.0305597819 47.003477651 46.6876159372 46.3739353322 46.715135055 46.0828981517 47.0555220589 46.8874722893 46.2246566108 46.84870442 47.2994548066 46.3482194973 46.7044248456 46.3641117509 47.0069790469 47.2342671205 47.2874795926 46.1135572643 46.7949588094 47.1494093701 46.5629733861 46.9912372349 46.241613908 46.9616380692 47.064239705 47.2132610217 47.0652710822 47.0584022452 47.2921178218 46.4791238595 46.0981890609 47.099059178 47.1531736705 46.2150277156 46.2998947956 47.1729688047 46.721676347 46.1765818126 47.1283402719 46.8206634997 46.0210199382 47.0008846227 46.6574852227 46.5583487416 47.3750111457 46.0371142582 47.3120976484 46.860296394
47.3160137319 47.0257394355 46.4769725072 46.1255149742 46.1962530259 46.7221540023 46.0069572551 46.0439170053 47.086927902 46.8821156275 46.9697223497 47.2786108987 46.2049548917 46.3532030742 47.2926836497 46.75875295 46.9555220881 46.9168594571 46.5074642209 46.1893290326 46.3354634178 47.2795930992 46.2526962154 46.6176312201 46.4839157324 46.4819330652 46.7045139167 47.2354871221 46.762185121 46.1255445145 46.4191136172 46.6942460077 47.0490529178 47.1725196751 46.1098478553 46.837064526 46.5832875752 47.3031390915 46.1613448643 46.3777901015 46.9076020692 46.4904019378 46.2380813216 47.0498258187 46.2447403343 47.1864993155 46.8702512258 47.0687452057 46.6167235319 46.4772832969 47.2646236012 46.6866602962 46.8447800432
47.2418269682 47.3141794818 47.0772288451 46.6879970941 46.8813340108 46.77113074 47.2697384504 46.4881446463 46.6549735612 46.7937096515 46.4758758556 47.2513360314 46.2289390817 46.2050594701 46.5219740346 46.5216494748 47.0734694224 46.9843600818 46.8174462507 47.3778431832 46.4853711787 46.3239537452 46.7126930443 47.27980072 46.9179593943 46.0508503831 46.0779779967 47.1668025635 47.0456892184 47.3297772968 46.9254913761 46.7264882226 46.4135451232 46.5622498296 47.158913816 46.7062998245 46.7230393738 47.1504517552 46.8399081426 46.5557654821 47.1685507057 46.208050274 46.9607720572 46.0672136851 46.4818180079 46.5247300983 46.2942342691 46.3662498286 46.6044186545 46.1703639322 46.0075642404 47.1587703416 47.1221954852
46.0354702653 47.0262417326 46.6789180497 46.9019206299 46.8957326016 46.1534888095 47.2755526313 46.7563938676 46.841030278 46.2211197663 46.0356516211 46.7651405829 47.3226536573 46.2639629402 46.4580390199 46.1449404466 47.0361729364 46.5978861826 46.2942844658 46.2273068956 46.4425131686 47.1443221387 47.3443086355 46.604381749 46.0506238364 47.3405467819 46.5985793082 47.2417760099 46.1048084576 46.2788743028 46.1557374241 46.7595430997 47.0571494374 46.1535443133 47.1800101493 46.4659486706 46.2590712808 46.3063888861 47.2367316768 46.5364516712 47.1940425206 46.2086854015 46.3441292396 46.8564281516 47.3971120505 47.013549182 47.1117062642 46.5969477988 46.4719832585 46.4186095425 46.0482566567 46.4598380853 46.8801436133
46.7038619419 46.8456343726 46.0589395802 46.3351938026 46.001319953 47.3378352801 47.0098683546 46.6298776631 46.5609570621 47.0484904859 46.7376924851 46.3413172398 46.3392852758 46.4105857018 46.0344423626 47.3398580283 47.3569938045 47.0915433123 46.0566154958 46.4152097325 46.827091481 47.1069483209 46.4114304943 47.4063328123 47.1154478856 46.0259769748 46.1200641714 47.1819980241 46.6273879651 46.7138571339 46.0537884067 47.346237337 46.1761164306 46.1372441764 47.1259656351 47.4005693315 46.9709889558 46.5301949257 46.9510938062 46.7318829344 46.1225544415 46.8345189577 46.0862825605 46.9226699518 47.2339911526 46.3611707052 46.9080679952 47.0130493283 46.9713125264 46.4774147451 47.1148137462 46.272768698 46.7324378266
46.7669321707 46.2717849602 46.1628610402 46.9386935807 46.6763635041 47.2526137025 46.3541878684 47.1067256294 46.6410468621 46.4437264495 47.2670858836 46.6053377582 46.4280656696 46.9077488409 47.016577588 46.8057718629 47.3195566828 47.2811126746 47.3145390557 46.6126282289 46.68281823 46.7886149539 46.7063601009 47.3804129118 47.1831947974 46.2288582793 47.1255615827 46.7235430439 46.9100929376 46.6109397785 46.18910436 46.0364470713 46.7835824381 46.0586863384 46.4481241297 46.1591076731 46.4100447012 47.3721714565 47.2754961168 47.4049694233 46.8947074817 47.0469810885 46.676557801 47.3517550411 47.0838839993 47.0552100744 46.8668687299 46.1213094398 47.2458919409 46.0352177366 47.2913701368 47.1347456086 47.0611925336
47.1107386837 47.1911320558 47.1043273317 46.966238935 46.7631620305 46.3088514601 46.3513961923 47.3821812163 47.1817416148 46.5710199611 47.3620824023 47.0886665169 46.8575653527 47.0551682749 46.2992599871 46.0697519896 46.1999716755 47.412366956 46.1384593957 46.7391017714 47.3057675583 46.3739850664 46.7833288318 47.1859318499 46.3672328675 47.2861915574 46.0538477814 46.1571543737 46.7221892911 47.0220006387 47.1985485015 46.6417983941 47.3245302034 46.1324065921 46.0040701717 47.2566761787 46.3891708435 47.3671974104 47.1974100372 46.6924643833 46.3006936487 47.3453023825 47.3430964723 46.3854828044 46.7901520383 46.8691799834 47.1722183322 46.1047268302 46.7533852851 46.1245144669 46.7740559775 46.6470461489 46.9360868677
47.0110765618 46.2034696604 47.2308023414 47.2341165144 47.2041250889 46.0062076192 46.466579025 46.5228293796 46.4062864741 46.2781693637 47.0787751742 46.4017785201 47.3271074801 46.7336829823 46.6735643623 47.2055837082 47.3662445955 47.0834224721 46.5593991817 46.546808021 47.1000179884 46.3601948483 47.3387383298 46.6677247838 46.9531236481 47.1804120208 46.8352724551 46.3109287182 46.0073227345 46.1514728392 46.5228566786 46.9386597475 46.629047621 46.4285559373 46.1659305713 46.3669458028 47.2620466982 46.2749740141 47.1547625954 47.2860655613 47.0807525151 47.3865807991 46.1852489287 47.0213401983 46.5552118072 46.3895630517 46.1602812766 46.1758563018 46.6893686459 46.1597115979 46.7655447878 46.0292982197 46.5204284778
46.1281960862 47.2249368359 46.2091557418 46.1343705391 46.8658795096 47.116608194 46.1535590287 46.8194585049 46.181600468 47.2421234215 46.3604847857 46.9261545939 46.7413937281 46.5955986232 46.1668368135 46.3435451933 46.3899366983 46.1545252863 47.1490088794 46.8463100002 46.3907420616 47.3500010102 47.0959712814 46.2568059653 47.3944889437 46.1467737848 46.8907822386 46.1251489117 46.3425041963 47.0550388789 47.0891124284 46.0834619648 46.1318762314 46.7441824918 46.5723272386 47.1685685498 46.0652606651 46.2405328351 46.2846079772 47.1042627541 47.1573943122 47.2949650214 47.3845140024 46.0601100564 47.0628880797 46.3386631018 47.1766872441 46.6914697136 47.2177451077 47.0442441534 46.2077529763 46.2065857723 47.1400514951
46.0467564224 47.0097948223 46.8132128071 46.4004746356 46.3832049783 46.0956166811 47.1164052089 46.9696264029 47.0259842208 46.6953123097 46.6267441994 46.5127511336 46.9640856687 46.7734227947 46.5993427076 46.703399008 46.5114288959 46.7147234094 46.9400868266 46.2780120057 46.3328081745 46.3786906716 46.9030709246 47.1218160112 46.2813954227 46.707618608 46.0861096735 46.1728650809 47.0476284943 47.3237691138 46.9662524663 46.3892253052 46.4450051267 46.1702037006 47.2893469529 46.8003320762 47.2673831011 46.7016544698 47.0298864534 46.3987086437 46.1811887793 46.6884271055 46.0542070468 47.3984498868 47.4111010349 46.4106660313 47.2334779586 47.0682880185 46.6907558946 47.1371078085 47.1804527207 46.3955576271 46.5908468878
46.2496640347 46.0404915102 46.9743633929 46.7787637732 46.3258212279 47.0820066619 47.0638360649 46.1171033052 47.2005602537 46.4922945462 46.9585181633 47.3866792514 47.1123937473 47.3920000721 46.3133001418 47.395991857 46.4393644628 46.731061881 46.6946383409 46.1107668937 46.6314865878 46.0994051221 46.0643653573 46.0847959749 46.9638981117 46.2090935381 46.9017972822 46.3071149012 46.5488212789 47.0381662077 46.8721644693 46.3079157988 47.3891121607 47.3563729901 46.7558651336 46.8893876316 46.3214050225 46.1333169376 46.6517386801 46.7998970876 47.1457840633 46.0419835516 46.4060648816 46.9213888449 46.8190982009 47.3777811577 46.4233588298 46.2113779108 46.4754081673 46.9210619077 46.5688447833 46.3881574562 46.8567563417
47.2649203445 46.7940840404 46.4352335819 46.3287816072 47.1062991559 46.6502703079 47.3333083479 46.1447535708 46.4351976942 46.1234502742 47.3304622004 46.2053436722 47.3728473496 46.1794495156 46.1933500016 47.3427990652 47.0130445238 47.3103156374 46.2998693719 47.1367688828 46.9204793316 47.3475578671 46.3361166364 47.3302426287 46.0394902033 47.1388079966 46.6745030066 47.3556098171 46.3653143318 47.2167467369 46.9619114035 46.7095850134 46.6577473591 47.2675846182 46.3540065757 47.246790908 46.5131828053 46.2784974846 46.908305902 46.5833368096 46.2249918398 46.4214485784 47.3958605277 46.7166638632 46.6560899036 46.3015313195 46.4421847068 46.3432692045 46.5963917904 46.9817222771 46.1744300011 46.5195985234 46.5230196115
47.2903063841 46.1785260419 47.0691377947 47.0109941406 47.3443734637 46.619571713 46.3101276998 46.6363265378 46.3269636787 46.2191563772 46.6146640888 46.1421897247 46.9814976787 46.3171244795 47.2529565538 46.9435890201 46.7384798777 46.9116088645 46.5602767791 46.4993610642 47.1583311868 46.3699527994 46.8353247074 46.7997892265 46.4975167089 46.7126995829 47.0708875993 47.1133216236 46.1934292046 47.2657596792 47.0001453744 46.6607224511 46.0793981085 46.4966494146 46.9821655463 47.1905542123 47.385710969 46.9068659724 47.0629933742 46.1197559221 46.4795034323 46.5156446048 47.3600837666 46.0611585367 46.4094533801 46.3960468305 46.0539141576 47.2686925102 46.602488487 46.5268797367 46.5260405362 46.1660673994 47.3413021847
47.2255360558 46.5132702399 46.8009727728 47.1808298865 46.9299778393 46.5246259638 47.2957468627 46.2718764687 47.2397595492 47.1862278788 46.3550393749 46.2087497734 47.1036895895 46.8138799286 46.3549060029 46.3724879562 47.259374198 46.2075242585 46.502675098 46.231409314 47.205324507 46.4880987541 46.6739604207 46.9097733721 46.5537897013 46.3307426994 46.0794821195 47.253767151 46.2525916623 46.3052821934 46.2517472231 46.4624415889 46.5070141863 46.4408030227 47.2177216607 46.0129648977 46.8890082568 46.8501739102 46.7379901294 46.5712900355 47.1540143555 46.7110963078 46.4958712736 46.9830179018 46.4172412678 46.4491423392 46.3096545073 47.1848712192 46.6113633989 46.2922870326 47.3980310856 47.3661686301 46.9671402047
46.5271507921 46.1425428027 46.186148774 46.837269173 47.0197310875 46.8204199476 46.910502829 46.3467423914 46.7558707261 46.585109023 46.4896336967 46.9684978333 47.3574020711 46.9141198669 47.0091169911 46.7421394064 47.176847082 47.3233948875 46.2567255102 47.1985233705 46.3043400715 47.1177662968 47.0048927825 47.2953580555 46.9751748516 46.3500896163 46.4734719481 46.1988615741 46.3756845294 46.8009114829 47.3372937746 47.2360878336 46.7516780559 46.1764596603 47.0790027381 47.0086391013 46.1743124492 46.0884599199 46.5033747421 46.2139798427 47.2397441817 46.9546928092 47.2595421367 46.111427884 46.3838911275 47.38670431 47.066606839 46.3114419636 46.0417913727 47.0678436868 46.1460245793 46.9349269461 47.0334532334
46.0737613401 47.3048851476 46.5044693952 46.7183592402 46.9657726101 46.8535203188 47.0633725759 46.1027430879 46.5767287985 46.4696762994 46.9534790077 46.2985339998 47.1968328326 46.4373626423 46.2868546383 46.2617302297 47.1298123532 46.6947096289 46.0887205493 46.6305702155 46.0061014029 46.5939072028 46.8369760799 46.1525088979 46.2040377681 46.3755139249 47.1509616003 47.0250129352 46.5847720612 46.9011735776 47.2738087822 46.4844919632 46.9339793806 46.5234919171 47.378878505 46.4631864995 46.3299540439 47.1140056111 46.997551967 46.9779129811 46.784769107 47.0431693155 46.7981419741 47.1329090466 47.3118074672 46.8551436189 46.2509102949 46.3407837776 46.8344555205 46.5959096358 46.5012100142 46.6190219333 47.1288321463
47.1909487527 47.0890632067 46.5530283443 46.2088099604 46.4384373308 47.3574938772 47.3288379898 47.1254924696 46.3281049122 47.0811607882 46.2044935692 47.3250346586 47.3782954957 46.4981531285 46.9918230399 47.1391168151 46.4628141812 46.1447202918 47.2819734622 46.0444888806 46.0840277897 46.530529175 46.9259885122 47.362957129 46.6665158507 46.6266499282 46.9318611597 46.1469210894 46.0781946138 46.8611483549 47.328725628 47.2774284584 46.2980937871 47.1500508673 47.1297363003 47.1039292262 47.3096426843 46.520688449 46.0654250742 46.4784354839 46.1426277136 46.5446191103 46.9949710229 47.2578358524 47.3364447691 46.954234077 46.4492198194 46.8538764291 46.1726643786 46.4920591987 47.3252775449 46.3018858427 46.1519170553
46.0666975055 47.070167799 47.0700988666 46.22543103 46.5758682865 46.7378721394 47.0360893885 47.0366504322 46.5342621764 46.0544235245 46.7519725273 46.2173750639 46.5553370464 47.1212763963 47.1771513693 46.3395948152 46.4180369081 46.9862386439 47.4073405753 46.4250867481 46.5359965858 46.3365893748 47.1556417112 47.0670085135 46.7772180478 47.1917749332 46.4172545307 46.4621180492 46.9491074612 46.6261014104 47.307880339 46.5878255183 46.3696451255 46.7351876795 46.380866232 46.3291874916 46.8253980246 46.3904045069 46.6156660891 46.8060943242 46.3177654885 47.3060697153 46.3488818993 46.1485954688 46.1311569748 46.3837963098 47.4128196519 47.0028202623 46.9097253325 46.713605058 46.4220069626 46.6185401616 46.7247332569
46.12394637 47.2663041694 46.724232731 47.2412330953 47.1554423582 46.156258661 46.0596558533 46.2507244581 47.1705722474 46.820507846 46.0828475916 46.1835808087 46.3818393161 47.0420196481 46.4558261415 46.1062280875 46.8280793494 46.5918654876 46.2389776971 46.5795065092 46.6837936552 46.4945700887 46.1963503908 46.5387269401 47.255354555 46.9744400734 47.3688815946 46.1494618657 47.1972429434 46.2720382655 46.5409105492 46.9912914569 46.4381546318 46.3770288973 46.8640110556 46.9807123363 47.1386960386 46.0283680726 47.1121671304 46.7532705668 47.1238600927 46.6653835515 46.1906487538 47.3354850244 47.3511372847 46.9677878269 46.4745314987 47.0081716226 46.0849871517 47.2058307453 46.586616887 46.7618063894 46.7291515303
46.2273988581 47.0411359122 46.8427216141 46.93141526 46.2115512778 46.276609296 46.5799346171 46.5479240632 46.3568271938 47.3879837965 46.7192587441 46.8457801012 47.0281157406 46.8273547196 46.7224901583 47.2144579784 46.5843631878 46.0555139655 47.2789449622 46.3178307423 46.591686693 46.162432875 46.9481061785 46.4418212439 47.110733204 46.7847115003 46.054623644 46.6053632452 46.3683063487 46.9286131278 46.6749011437 46.4998913979 46.884547754 46.4229813822 46.6275511497 46.0522792926 46.4849878911 46.6429921725 46.6655546397 46.7196832753 46.2131336245 46.4153869847 46.8762810291 46.9565795371 46.5244281685 46.9133315479 46.8010529565 46.0555826684 47.2956909004 46.2783494477 47.4056139638 46.5429815919 46.7204477405
