Spatial_Output/90% DEC/90DEC_0669.asc
NCOLS 155
NROWS 192
XLLCORNER 196769.923733
YLLCORNER 449719.875193
CELLSIZE 27.603701
NODATA_VALUE NaN
[rows 69 to 91 of 192, columns 53 to 105 of 155]
27.9387526606 25.7259911665 27.3737375948 27.1259994725 26.2589171407 28.6916693648 26.3387638713 28.1088483561 26.9953696774 25.6401195636 26.808523416 26.8117818929 25.8696745044 28.3632795098 28.3222731252 28.8039249307 27.328933808 27.1339926147 27.4460626933 27.8485531989 26.0644885844 28.3038645373 26.8214716697 27.5891870126 25.4837992649 27.6652754356 25.5534523878 27.6685691331 28.5412305814 27.1640095707 25.9699359483 25.8896149541 26.9504940511 25.5014149608 47.3478078287 47.3478078287 25.8240773481 40.2062458464 27.5256379374 28.459982461 26.653246176 27.9343034291 26.0190017666 29.1591555329 50.7075952668 27.5475077238 28.9458263195 26.4036348608 27.0529258613 27.6247472285 27.6920411063 27.293782258 27.7981176635
27.2239053098 27.7874691856 25.3961266747 28.9420874584 25.647430112 25.8418014877 25.6869555901 25.8110250401 28.7555325451 25.3262413081 25.7265937178 28.4083867227 26.6998315373 26.0578164811 25.4279296317 25.5592364108 29.2132619795 25.2528083186 26.0198528903 27.5955424365 44.655266741 44.655266741 26.8259366118 27.0570061894 27.1009513266 26.350761597 25.7385461059 28.159940036 26.8980909344 27.503975183 25.0135565348 29.193323752 27.9472069816 26.3845829486 26.2911999585 47.3478078287 27.6236999059 26.5165855242 26.5892667272 27.1926015376 28.4473322168 29.063447819 25.9181811459 28.4269066267 26.5976127277 48.5212345309 49.5760166394 49.5760166394 28.9530427296 29.1955066218 25.798040678 25.3111305335 27.9140870345
28.0686242776 27.2828944224 27.5283263633 26.1232532568 27.3157286625 28.0785375877 27.5562523566 29.0375638207 25.7941158306 25.3409760899 28.0961499173 25.0687632234 27.4736541162 25.4704679089 27.8622279904 28.9348856566 29.0230050964 27.6988731145 29.071265354 26.9816498131 44.655266741 44.655266741 28.9498286012 27.6553968387 27.8042002248 25.2023028685 26.6020777864 28.079964929 28.6442355573 29.0547740272 28.8134559282 27.8713275239 25.2328724877 25.6360522224 28.0138162937 28.9497773925 28.4262909268 27.9189082503 28.1545640434 28.9826367783 25.0831918553 27.1746218787 27.0448019356 25.4285726911 50.7075952668 27.0805531088 49.5760166394 49.5760166394 26.5614713304 28.2073105662 27.9331448391 26.2410014477 26.5015561983
25.3331345431 25.7734539931 25.100838123 27.7064783968 27.3749205781 26.9415786128 26.9269990818 26.2418503878 28.4902302521 27.3545454959 27.7306588072 28.0535518597 28.8557898678 26.7957160662 25.0680081481 27.892581002 28.7250885958 28.4906410515 27.1665131708 25.5430044758 29.1205517754 44.655266741 28.3717436302 25.0844087605 25.134574485 29.1562731278 25.3476279378 26.1431115999 25.3737979547 27.1848997104 28.7287167445 25.8633578121 25.3551303457 25.1859566727 27.0856016827 29.1047039755 27.3377253389 27.7781007295 27.647852481 25.7677023263 25.4791263943 26.9341392446 25.3436501968 28.5012027873 26.4886651998 48.5212345309 49.5760166394 25.2492564735 27.3154303594 47.780972833 47.780972833 29.1981268837 28.8070866341
27.5037338796 25.2417816765 26.2301780172 27.7770697241 26.0938152269 26.587389451 25.1463059262 27.583408899 27.5520498187 28.2269036882 27.9667454306 26.3100569101 27.2223025176 27.1679981653 27.3032578692 25.8216470836 28.3397786222 26.0987157557 25.303578367 28.9109120767 28.5902882288 25.9172619049 25.8879637815 27.6544434654 26.6922924952 29.1769766526 28.9537894803 28.4403027791 27.7643306454 27.4282638599 26.2309426565 25.9164753826 26.7088203274 26.9485423925 25.0948344861 27.8172859976 27.1523787594 26.2181296764 28.7837229357 25.1713575724 27.8347373885 25.6994176555 28.8679858866 26.3652969787 25.0201110422 27.510466408 26.4494590672 27.9970145525 28.9906761208 47.780972833 25.5437761909 47.0593731441 47.0593731441
26.922890381 28.4316482452 27.3012891694 26.3728130556 29.2027330151 27.0463351147 25.1186413622 27.6658264783 29.0385934516 29.1085774343 26.4002314501 25.1209440269 27.1523233282 25.7867868431 27.5088115743 26.3895176056 26.81596803 27.3595093167 28.0423044303 28.4388048992 26.8935082418 25.6661654923 29.1345600289 29.0996048779 25.9256247491 25.2445856391 25.1167458996 26.6153919135 28.2285494133 28.6941910824 25.3179780063 25.1670810355 29.0595475248 27.242909072 26.8985771758 28.6448599811 27.5566756433 26.3224900076 27.6215580245 25.2927124624 27.3970656802 25.0491327776 28.7434813001 29.2211861919 25.9964440657 28.2678885397 29.0601993391 28.4432937864 26.13378163 25.8722570776 28.74826998 47.0593731441 47.0593731441
26.7733722291 25.2448087207 25.7929919065 27.0863039146 27.5209419182 28.6619742008 26.3585323004 27.8998789702 25.7244467642 26.8284561047 25.7242944139 28.3448779775 27.4666527265 25.0183541134 28.1454616004 26.6646636895 25.0246606545 28.4306317222 29.1306995421 27.9699958498 26.0444931824 28.8285426793 26.4033100195 25.8612657367 25.7096847314 28.2287878577 25.574348614 28.4479512457 25.1303831139 26.5623640257 27.5599058902 26.9798091785 27.8708221816 26.3299978615 28.1194510891 27.399289985 26.7481705651 28.1706901118 27.6296184961 26.3772123057 26.2697436341 25.5514191272 29.1553480073 28.4058979019 28.9521697472 25.5779657873 27.9011443392 28.9555281159 25.466679231 27.9772884845 28.4823849961 47.0593731441 25.9332744975
28.0355876467 29.1123146449 28.2472909589 26.3689077877 25.1231162259 25.4615815471 26.3498481131 28.712364187 25.1942664838 26.5178793692 46.7551918559 26.4695905728 25.1587566766 28.1704977088 26.0726675938 26.8189113269 26.8354580574 26.9921184411 27.3034502541 28.3141531497 25.2970634348 28.853013267 27.1688404415 27.3212100949 25.2912161023 25.2780034666 29.1864120088 27.2575365889 28.9439164796 29.2275281807 25.9660781238 26.4546325646 27.0543736624 25.6052049539 27.8963099373 28.8644751155 27.3531567482 28.8060249692 27.2481263848 25.0930605379 26.357950883 26.2144971553 28.124438032 28.3928870595 25.3469846037 26.0407934819 28.925802716 26.8907668066 26.5560218519 28.0015736324 27.2931159803 27.6957215487 25.5976131799
26.5868208612 25.9375844259 27.1977910563 28.5439172214 28.5196374636 28.2695939564 27.4343865257 25.0950141028 28.0696027932 27.0898053977 46.7551918559 46.7551918559 26.4990596622 26.5028377401 25.1124575005 28.4731969086 28.8681664632 29.1982183687 28.3585436874 28.0297318805 28.328077813 26.2760235674 26.0555007642 27.5035991903 26.7662023055 25.7115809156 27.9705375581 28.4908133096 28.2570875954 25.6491765532 26.0210342575 27.8497845006 29.0749333761 26.2541864856 26.847567399 28.7834452676 28.2900634828 25.3825769641 28.9896453199 25.1055187192 27.4917322641 27.3298183213 26.2312054725 26.7966361818 25.7659520363 26.1720695925 26.2764880714 26.4780002023 26.4143368441 26.8661398566 26.0264185119 25.3350006777 27.7984867467
28.8287706523 26.8941513702 26.665664333 25.0859963938 25.6130819077 26.6509693249 28.2263773545 28.6829660764 26.7617635361 73.4076526321 26.4655822978 27.6773886671 26.3935208968 27.3877082704 27.1291990062 28.6964598843 25.197282615 25.9966095335 28.1370763863 27.2238226702 26.5649474708 27.9232321584 28.4264158131 25.4385841834 25.2777147184 26.8359594366 29.1557211035 27.9955508214 26.2060971714 26.4696746282 27.8071840004 28.3693720607 28.7272733534 26.3866653294 45.1571237622 45.1571237622 27.2539092891 29.1016298981 26.9481218267 26.0133093911 28.204838151 28.6832319261 27.1740325717 27.3576325836 26.2483906886 29.1599792187 27.4902978038 26.625142563 26.9678751877 27.1772874711 25.1818049523 26.5542022729 26.9724455679
25.2926207776 28.5901929702 27.4075698783 27.0941752772 25.5388220501 28.4544144658 26.588654771 73.4076526321 73.4076526321 73.4076526321 56.5323194169 26.4714061098 26.480276191 27.1427832277 27.1535640123 25.3673354424 26.3945162116 26.4282571885 29.1564813293 27.614547987 28.5553552987 28.5982626063 25.4018910035 25.8183864169 27.5494064337 28.9246107616 27.3008199755 27.5622863898 29.1563196211 26.070274719 28.6060061228 26.6510695121 28.2393766906 45.1571237622 45.1571237622 45.1571237622 26.0072302553 29.0117272197 26.4924085564 27.3596634347 26.9235528275 26.6165179125 29.1531588857 28.3475148296 26.2498972573 26.4965270317 27.5156310731 28.4561618057 27.738120526 26.9603849665 25.5572345107 28.2578035101 28.5900224839
26.0969495824 26.5133188682 28.0091332235 26.5394476769 28.0337906029 26.0617173207 27.4480419165 26.3778402207 52.1992743609 52.1992743609 28.9968919005 27.7127325138 25.9192489991 25.9548743601 26.0090151815 29.1471220759 28.3837625053 26.7256166957 25.2468597414 26.7201391087 27.5258681876 26.0407265853 27.2109830554 27.9529803453 28.6190293581 27.5891856028 28.0379381296 27.2292140602 26.3779112116 25.667041189 28.3876107275 25.6476763507 26.0903534566 26.6056076148 45.1571237622 19.070012032 29.0354437359 26.8874633769 27.2940770046 27.0593476245 25.2597717535 26.2059566755 28.5542918638 26.7798804168 26.3272154193 25.2121448068 26.7987617121 26.859523402 26.1832060926 27.0601572882 26.173853682 26.0324800373 26.1632270679
28.5281184501 27.8115662215 26.025944218 25.9148927961 25.8695139773 26.9578763277 27.6517225448 25.7401239098 52.1992743609 52.1992743609 52.1992743609 25.4927539224 27.917180994 27.6475260164 27.9511605015 29.0139901409 25.5891242608 26.8728677921 27.1730981705 28.8328545001 25.7644651543 28.8886350132 25.2117044807 28.5514296856 27.4847114264 26.7669052663 25.7174542626 28.6735947015 28.5185557519 27.1396190909 27.5803702982 26.2315687935 25.0990379016 28.2643567619 25.7179068087 25.525988194 28.6954562472 27.7676514576 28.1027020705 26.1880069464 28.5387078275 28.3952833866 29.1188428002 27.1372704705 28.0962739094 28.5654697039 26.9434023308 27.5036943349 27.3766279613 27.9761760241 26.9279193824 27.4754000658 26.7329143797
26.7151933312 26.0107952583 27.8853556266 25.883991485 27.9896988893 25.0122189173 27.2260160881 28.2019509737 28.8497924163 26.324972032 27.5584263077 26.6472417599 28.7548017564 26.3828307595 25.2595110149 29.2196551056 27.9890271211 28.451194735 29.0013316684 25.7267350341 29.159110175 27.9089135508 28.8067008376 26.6485514017 25.4786347055 27.678181646 26.326385637 25.9215187829 25.1124160713 27.3258963863 25.4439549771 26.0241896476 25.9879477856 27.7382973094 26.3415230644 26.3361918118 28.5176856752 27.3878455376 25.2038628234 28.5529539749 28.4848710056 25.3396438551 26.9858768746 25.8212067109 27.9065090723 25.3260006332 27.6698471684 29.0042516037 25.6605124738 29.1468607365 26.4577277733 27.1664484445 26.4013190335
27.0148064339 27.3435671554 26.2851384142 27.278355156 28.8246173254 25.2089483183 26.4746017268 27.3686903795 28.9255981159 66.9687224464 28.9514609635 26.6172598284 26.1515977473 28.1648840183 25.499708116 25.635481306 26.8662902012 26.0566936793 27.3590335621 26.1366313681 27.2533092554 28.340532102 28.3360889872 25.7280682764 27.6538512635 26.3978357277 27.3951140081 26.3307955656 25.4477651917 25.6558749081 28.3581462062 25.7920949967 27.1575512714 25.2884264711 28.6204754588 26.6793611499 28.9331932859 28.1749911772 28.3036591313 26.8157779011 26.977544217 29.2159185392 28.1668083539 25.1426912826 25.0091175169 25.5404797361 25.9251512954 25.799430712 28.1405440795 29.0944160431 26.9040084557 26.0867950695 25.5030646165
26.7291958174 27.0891460937 29.1457457571 25.689593538 28.5549545778 26.4514801759 25.5538392794 25.5967419616 66.9687224464 66.9687224464 66.9687224464 28.0392496815 29.195298186 28.6962076082 27.339459964 25.4745267115 27.4403737488 27.6021829462 28.2939197694 25.8074432272 25.9978943262 26.3541915933 26.7331278153 26.8596257309 26.7637426064 26.9952434258 25.0864352763 27.9530169499 28.3785861684 25.2549352228 26.4050484524 29.0061494349 25.7840199815 27.1082019398 28.1346340692 28.6442887027 26.8585276116 25.315956536 26.537030869 26.2418452102 26.9843131738 25.2679672531 27.0965804215 25.6172517575 28.5011989343 25.9052067685 28.0502503046 26.0026966046 26.9267471837 28.2150135087 27.9163438044 25.4011303987 27.9192923877
27.0867406874 28.1727654554 28.2201625025 26.007463379 26.1572692932 28.0388002791 25.0476973366 25.0794334717 28.8240948463 28.0219497925 28.3642450215 28.503271715 27.1595542408 29.0729613383 28.1638322473 25.7920248086 28.5724918594 28.1015343396 27.6991588003 25.9974499245 27.8292983277 28.6282555382 26.5741481887 28.5029574167 28.8330643235 25.7931435278 26.9127430207 27.39661246 28.572854428 28.9332862698 26.3148742983 28.8120574547 25.3378291641 28.5399849886 27.028596519 25.9662957881 28.930276959 28.4858085817 27.3618533938 25.5503056376 25.1045266608 27.018454146 28.2920020557 27.3039722979 28.293200266 25.9413996038 27.7640330902 27.6423246479 25.0131849052 29.0645926607 27.5116343763 25.7617497667 26.7269843272
29.1157557671 27.9102848658 25.0046585952 27.8664548639 25.0821876143 25.5505351078 28.6185621319 29.1536570619 28.9233101093 71.6466852695 71.6466852695 26.5034338072 28.6865483321 27.3083517658 27.0744273051 26.6419678258 28.1175514024 29.1159282977 27.115168754 26.4716081497 26.8180608966 25.4634501543 28.4579283315 28.4081087246 27.5551911336 25.3628529305 27.3784204699 28.296389075 26.5330759726 27.6800676425 28.2586781034 28.9282568978 28.7605954446 28.5059072429 27.3921114182 27.1606615668 25.6061878158 27.5075579637 28.0613169133 26.6162651041 29.0471820199 26.3189239913 26.6067980599 27.836488699 29.1266756941 27.0078867941 25.1380677708 26.8658970084 26.146961937 25.117657597 28.9215163477 25.7172275381 25.2851810911
26.8186007425 26.6663168776 28.5303439625 25.1287597488 27.0093809195 28.8100372916 28.9875659624 27.4189062223 71.6466852695 71.6466852695 71.6466852695 28.9373741613 27.3842849881 28.3302914171 27.2105852002 26.4823679448 27.2007300418 28.6465941702 26.0388802916 25.3342394051 28.8277066156 27.7203132599 25.2751363042 29.0621263608 26.2449665692 26.8844034811 29.2232628327 29.0034012534 28.4501533231 27.5912263142 27.2654396677 27.4008992596 28.5575944567 26.9992200721 28.4703767009 28.9257297468 28.3060249279 27.969003127 28.1958684248 27.4745730654 25.3655864529 25.6766843701 29.2364815612 28.245601442 25.264725159 26.3709506738 27.2159764101 25.8867218732 26.4182363675 26.8446438288 27.4637641706 26.8704832055 25.6321857094
28.838013495 27.2231113023 28.6928153593 26.8509079033 27.6862729937 27.2902514525 26.2373849177 28.6809965375 27.47828637 28.3724442297 26.2511155491 29.0399823424 27.6888920984 27.5217637251 27.8065854273 27.2789226182 28.3020109189 28.0969545181 27.3078745616 25.4714297697 27.7145194762 25.2905393988 25.8756471156 27.9687728869 29.1743309116 28.1528236867 25.5198703476 26.868841073 27.7478594684 26.5762578776 26.8194003718 25.3846628081 26.9364383702 25.9544131609 25.7779910649 25.6489271523 29.0288655412 28.5389060765 28.7493961299 28.2877358458 27.5431466991 26.8322318855 25.2407636626 27.4679385811 26.0416814197 26.5479971802 28.3632509396 25.5650779032 26.9077836488 25.0878619894 25.5631593949 28.2179197016 25.7840866528
28.1236405384 27.1093242385 28.0622042152 25.3221289197 27.0935810795 28.9977846559 26.4138959634 25.0066291361 26.8714290986 26.7915933729 25.091259995 27.8970294917 26.7759743263 25.2284848741 26.5992262328 25.2996090643 28.3184193192 27.6499424007 28.7989474736 26.7990268746 28.2131754661 28.7024046564 26.5102592216 25.5299570312 26.437906943 28.167674165 28.3908785723 25.772122328 26.3745644779 25.1945298181 26.2090674353 29.019647717 27.3138303573 28.8836180246 26.0635199038 29.0464020833 46.3855193944 26.0004744084 46.3855193944 25.4317929791 25.7822386759 28.5521471314 25.9610164317 25.6078683303 29.042991409 28.1836427241 26.2495369346 28.9588890625 28.9713384136 27.6982298275 28.2300118304 27.4277178002 25.9195976082
29.0703342116 29.0695466133 25.5763037066 28.3207887156 29.0339626506 26.1942095332 28.2074488628 25.7752293226 27.6829700065 26.3288218316 28.3622481346 28.2628224314 29.0295456689 25.8700780011 26.8629696486 25.9588681719 26.8037680949 27.5469580594 26.5151902453 26.0045877972 26.0773569278 27.5523098839 25.1585019711 29.1094548617 27.4824320525 25.8501763044 29.0372792668 29.1338742584 25.576587885 25.8202288209 27.357151712 28.220163973 28.1207699502 25.0045867769 27.420761467 26.4205920043 46.3855193944 46.3855193944 25.7956218755 27.9576950819 28.2302781338 28.7188751429 27.5847869753 28.5952506914 28.274516163 28.5920222387 25.8307648798 27.040236742 26.771195353 29.1641041838 26.8847096727 26.5537473392 26.0844837126
25.5507993048 26.4813930039 27.5613761928 27.5586913414 27.9566806745 26.9481881826 27.8409221523 25.8730648713 26.914691885 27.4248319336 29.158743908 25.8307136638 25.9219179688 25.4845353265 28.8757992053 26.5005875227 27.0761936697 28.8740720291 25.2270275222 27.9483650247 26.2757953591 26.6152776915 25.1846831296 26.5029489899 28.256476707 26.7306535654 28.7543938609 25.2350259237 26.1646692387 27.083307651 28.2251425092 26.6326182052 26.4499843635 28.9503325724 27.6511165374 25.7041844949 26.0703137442 65.6192422343 26.5897295033 25.9832930808 26.254105131 28.5493580875 25.6107371905 27.1984323962 25.7034573683 25.1975632618 26.3208055289 27.0564762822 25.0739765403 26.8326801486 28.6157753849 27.9037644743 25.9937298967
