Spatial_Output/90% DEC/90DEC_0629.asc
NCOLS 155
NROWS 192
XLLCORNER 196769.923733
YLLCORNER 449719.875193
CELLSIZE 27.603701
NODATA_VALUE NaN
[rows 92 to 114 of 192, columns 53 to 105 of 155]
27.0702010397 28.9818801741 26.0210418132 27.5429460951 24.8377197887 28.7331350512 28.9636278811 28.9048128167 26.6884116997 27.6320497047 25.4084837818 28.0023714264 29.3036807343 25.3188172571 25.6892730819 25.3865818727 24.8469060677 27.4274000824 26.1796115267 27.7116297694 29.1085061005 29.300726655 27.7851481098 28.2338067238 25.4113585124 28.1038297507 24.7894852512 26.4164002313 27.0536944164 26.509997109 26.5753459411 29.0582431986 28.8071267605 27.1640792308 26.0443494136 26.6039683229 28.8117108111 26.3825985825 27.5394758841 26.564969982 24.6564903856 27.6273418962 26.2058830253 24.7029399018 25.9867325268 27.9915824339 24.6408385736 25.7241363652 24.8800591905 27.4373493876 25.8510450269 28.2914099985 25.4151973154
29.1488489273 25.2518114972 25.0121083378 27.1083863733 25.7717674333 26.3664586489 29.3911906905 26.1960677132 25.9450824575 28.0438692337 29.4487457247 28.386189007 29.0454228338 27.5892023847 25.8160684251 26.7786738786 26.7715756261 27.2343781876 25.8410360416 28.3590210206 28.679984933 26.6970166417 26.8866575057 25.8937757269 24.9694097237 28.671286731 25.4967095692 28.1192718986 24.8427423407 27.9920721153 24.5810157231 26.2825046218 26.4436894681 29.1522193147 25.8036567297 26.2858881056 26.5329958845 24.5051195842 27.2696787545 26.8068191706 27.6118042444 25.1408775705 28.1873470903 26.2711412486 27.2105620516 26.1641312791 24.9795521378 27.9303123916 27.0691334977 24.77246728 28.3747789261 29.0769774753 28.4943087926
29.2031813781 27.8777633191 28.4566565454 25.3667644057 28.9026471498 25.2413039027 27.922371763 28.1050302218 24.832121965 27.6184367979 25.7380739194 26.5924810571 25.4587538727 27.1856297675 26.4657830456 28.6458650274 28.3798717677 28.8116917365 25.2034712585 29.3778814651 28.00533012 26.4034026706 27.7127051449 27.4659846692 28.7319632368 29.2027511732 25.9677146876 28.0580069934 27.4797784886 28.7278294264 24.94500183 27.1376705279 25.3781146678 24.7574725102 25.5616398885 28.3657029773 27.0469749937 25.8043430995 28.1888031455 27.2837326029 25.7798189834 24.7468192922 25.9681085739 26.141472174 28.6714160394 29.3717675305 27.5414624691 26.3471643258 26.7204205813 28.0136094181 26.6747288809 27.4953033294 28.7597077553
25.1286678145 24.7719360576 28.1204869889 25.9170321847 28.5247845269 25.545305628 27.2844285192 24.905381738 26.167110659 28.5000538425 25.9985870681 25.9039321389 24.6844410554 24.6219888561 27.7996445826 28.2377714096 27.7224252067 28.2073999038 27.4173588002 27.3061941926 25.7114930433 29.2026089114 28.0507637783 25.8674156022 18.309863241 18.309863241 26.0275170821 29.1694898026 28.5394236944 28.3629078433 26.4565476685 24.7450069348 28.699835501 25.7675943131 29.3604823484 28.9024957389 25.056192801 28.0923366201 25.5535824108 25.7870678485 25.3138459673 26.0477896266 27.2143750963 29.2791092402 26.340171847 25.9678943724 24.8651852981 26.0964667315 28.7300618699 28.2377969441 25.4887848528 25.6592908965 25.4802192393
29.0552196618 28.5668415815 24.6106134511 28.2483646913 29.0488216552 29.0327978499 26.9152901572 29.3972188616 25.7775793504 24.6772388347 28.1872592446 25.1239011215 29.3420556333 26.9553994775 27.6581580803 28.7493240746 28.1184116694 25.4968196894 26.0488428537 24.9676367381 27.8467054607 25.8814789581 28.7839516785 18.309863241 18.309863241 18.309863241 28.8281527894 25.2163405191 25.4246473403 28.9503695102 25.019039165 24.5601758946 28.9824593555 25.7258013577 28.7915675755 28.9030505145 27.1936017549 27.7448713932 25.0074663213 26.0965906776 28.0839672802 25.3478224833 26.798651838 26.1773448925 25.2797368069 24.6016159074 26.9024565566 24.6013610788 27.9823158448 29.1120445583 28.6079888283 62.16957049 62.16957049
25.1850577734 27.1944162987 27.5123572358 25.1593501801 27.3578485632 51.9528808802 26.0044782208 28.8080946438 27.777524827 26.5767145876 57.6077231164 27.8680233673 26.0068180195 25.4543767406 25.3239094983 26.843901311 27.2048733205 25.537201457 27.6556090244 27.975399546 65.3317920538 27.8827779976 64.0283480508 28.1624128026 26.5436934657 26.3820026826 25.1415305033 27.93638479 27.2921069051 24.6564928387 25.3631472617 25.724765815 26.5351558562 27.8724147557 27.3486519675 25.2593860588 28.9019723736 27.0422124716 26.2324069895 26.7951146625 29.2444058812 25.5006865814 27.9134615992 28.2975304503 28.0343013886 25.7133198268 27.8827041996 29.3709937838 28.0856425387 26.8275696923 26.0818961726 62.16957049 62.16957049
26.0089030656 26.3740517525 26.024647705 24.8795671683 28.9963758701 51.9528808802 51.9528808802 28.2075904286 24.6700936368 73.1080491939 57.6077231164 57.6077231164 26.5821519415 28.174331568 27.1361087418 25.4450961048 26.4482735266 27.9166868519 27.757815227 28.588540362 27.2160585494 64.0283480508 28.2115240245 27.5207204385 18.3644815133 29.066300521 28.8040332575 29.0665911463 27.6589999891 28.792849687 28.4468818969 25.5559906008 27.5254592995 24.6190662062 26.3975127725 27.3712304461 27.4130515124 27.3699178192 27.5908224193 26.6672055725 27.4604927204 26.0494769912 24.5278852784 24.5029152893 25.5490294064 24.6842603855 28.8520193701 28.9688501402 25.7526011984 24.8455548307 25.974958246 64.3722363914 25.4153940879
28.4282805669 25.952601466 25.2861710837 27.4909420467 27.7070348708 51.9528808802 51.9528808802 29.2369802775 73.1080491939 73.1080491939 57.6077231164 28.5395676712 59.6864068939 24.7658032488 27.4210360146 24.8522828104 26.5187492974 28.7260477802 27.704248768 26.8237006596 26.0694994992 26.2406720129 64.0283480508 18.3644815133 25.7033337003 27.0954119739 26.2842089369 26.9159225094 25.1507356147 25.9420572162 27.0046166665 24.8496246194 25.5473007836 27.2077931463 27.015456981 27.8789295297 25.8319787478 24.6418575869 28.1565904849 26.0570214313 25.0479932226 24.9757472821 27.294769146 27.1935761531 26.9099290025 25.4090297598 29.4079625566 26.0663475559 29.4434900039 26.5098829078 27.6343904716 27.0945110112 28.6039469482
29.3335648465 27.4699277439 28.16311581 26.1600309433 25.1111532841 26.6186821029 26.7739146185 27.4161013527 73.1080491939 73.1080491939 73.1080491939 24.8143032533 27.2272757276 24.605398482 24.5114901297 28.3403297693 25.5819162341 26.691776975 26.4025775159 26.4201643469 29.3996897255 25.4007089776 24.9896734293 28.6792208282 24.6542647966 24.8551245076 25.1959664387 25.8669754128 27.7405813256 28.4537707441 26.8051903797 26.115219772 25.0998742044 26.5028073346 28.9751492477 28.7859908839 29.1445952538 26.9413975761 29.4113149884 28.3648971351 26.2762383315 25.8473975659 25.3538173431 28.5670635172 27.1819757892 25.5416276688 25.3954588013 24.6701579008 29.4226014979 25.5150575825 24.7783921176 27.0983285684 28.8107277178
28.7478391206 29.2885226209 26.2363473333 28.2470020996 25.5003241292 24.9081491648 27.6833499375 26.035729963 24.9143184455 74.5040880708 28.2351734305 27.8555867262 28.1646385587 24.8620874687 27.9790220441 25.5095037675 27.8530798041 28.6014779367 28.8535972219 27.6202100865 27.3049138768 27.4559314089 28.1185144665 28.4740603017 27.1917946341 28.4240532838 27.5191570647 25.6111374617 27.3955355341 28.7801758053 26.9349878073 29.2875551137 25.7584479108 26.7277104401 25.3289226746 26.6504624936 26.3644028793 26.455087779 28.3049640084 25.5558853253 28.2005748524 29.046768939 28.1887286713 28.0210483949 25.2591167413 26.9900911917 27.6419226268 28.9988434645 25.7592525755 27.1353327738 26.3116190377 28.8057078189 25.5327487554
25.0534899251 27.7735420749 25.5416627501 26.5100924908 24.6144058138 25.2304467804 28.241548415 24.5063918131 26.9467102361 27.9995312715 27.097545868 25.3251535182 29.2754298885 25.6576728921 29.2647598231 24.871659827 28.3254770817 26.3291389354 25.3241010472 28.2127607186 27.1422399159 25.2523754836 29.1078530658 29.4044048498 26.9911225713 26.0799064813 26.168088991 28.7767189072 27.3881422496 27.9503485473 25.950609938 25.1502635098 25.5602411981 25.8586042216 25.7799523798 26.9240285294 27.0397121649 28.141511942 27.2282635314 28.2747834113 27.7337411082 28.9228294409 26.9632700719 25.4128605584 28.714040199 28.5539318078 26.0295600399 27.8425538042 28.7361753886 25.731615672 26.5854112042 26.0044560864 26.9480413137
27.8843947498 27.317766664 26.4281799915 29.0666223487 26.4140256605 27.7846631916 24.7871667513 25.5544418349 28.0695262892 29.1307136216 27.6837207043 28.8279215079 27.6242292651 28.2407769481 25.7385769251 25.3955303855 28.1759501687 25.7891953463 26.520348705 26.7050034864 27.5047291233 28.4190279643 26.9606317323 28.9150621765 28.0760252707 27.2027256533 27.0072910636 29.0200443629 25.5487843474 28.7386933785 28.0171891889 26.4868213731 25.9323054222 26.9569203576 27.1446553856 25.0392465611 25.9574564601 29.0842649515 26.7766729402 26.0764317537 26.8838472811 26.4322137417 26.6629678003 25.553586112 28.7081062812 26.3855247368 25.5363020899 26.9272113902 26.9209634019 26.5544654833 29.1155911975 28.4039655849 24.9972589391
29.2993490438 27.1736299185 25.2287583662 25.6320801001 28.6045554923 27.5235542563 26.1877264267 25.0496091902 26.2476661754 24.9503114061 27.1040864019 24.8991708796 25.6795835726 17.9094224939 27.4711485441 19.4630282157 29.2746814622 27.4971420831 24.8066735502 25.9706318352 26.0046317331 28.5908304487 28.3839949252 29.169802268 27.7949118153 26.8698174089 25.4023302862 27.1586836664 26.8748895423 26.1564266173 25.1800250998 27.4750040286 26.5985733898 27.607968369 25.173130382 26.4247785831 27.6493156397 25.4163367577 27.4168107549 28.4906054812 27.1113732119 27.1558811964 27.7271736268 26.822791443 26.6660376724 24.7508895843 26.7318546959 26.326449313 26.9047487801 26.975156998 27.2237208943 28.7739468289 25.6881166199
24.5458493463 26.63705608 29.275966736 25.1035387638 26.5516263893 28.7511632362 25.3400996453 24.9650609148 61.1846098455 26.0906850512 27.508709878 25.5375672152 27.985479964 17.9094224939 19.4630282157 19.4630282157 26.9064912448 25.7481251571 27.0763929339 28.5601768027 28.8038558647 29.409056855 27.8439249522 26.1561827862 25.2542545546 28.4410776475 28.7961322706 28.8477394959 28.7184612951 26.1626122055 26.2465283432 25.8305848896 27.4903174034 27.6929368976 27.3924872012 28.4354264672 25.7056438113 67.3597337593 24.5651349307 27.2479898507 27.5333626477 26.1325887715 28.4304579153 27.6370907878 25.6575495487 29.3270328895 27.4865597336 24.7136794926 29.333985653 24.9636835565 24.9129075556 26.5451682482 24.8325469912
24.7524514409 26.5008680307 24.6558456986 27.9341544579 29.0269041198 26.339367961 28.1326417025 25.0517522659 26.5108704066 61.1846098455 25.1695681946 19.2187650752 27.3351655945 17.9094224939 19.4630282157 19.4630282157 25.5227460281 25.4420715826 25.4238961831 24.6078637363 27.1746069861 26.8270226983 24.6856239089 25.7457329429 28.0734320223 67.8068768201 28.8145142741 51.1892390885 25.4819862212 25.4962747878 25.344059479 28.6360352694 25.0578297055 65.293817148 65.3129886532 27.2344082249 29.1738767216 67.3597337593 67.3597337593 25.2647440684 26.3469428824 28.5926491154 29.441697065 28.6995366504 27.7824705721 28.5180809671 26.7143100628 24.5056820284 27.7391330447 25.4854965867 26.844414623 26.2617696804 24.5840450385
28.6083521263 26.6469029204 28.308726206 29.0636808991 28.9099334588 27.9185548388 28.9585244347 68.7231737854 68.7231737854 68.7231737854 24.9879601012 24.5545348546 29.2455392859 24.8710937717 28.8869553812 29.1741030416 29.3476232908 28.9148681829 26.469269085 27.1483032889 29.0398144722 25.1480515147 25.0602771621 26.3306928494 28.6114277604 28.8011803905 67.8068768201 51.1892390885 51.1892390885 27.4007525288 25.3056738119 24.7518877845 28.6926347751 24.6929341569 65.3129886532 28.1103591994 25.3199932244 67.3597337593 67.3597337593 25.1867790546 24.5137476433 26.5535888681 24.7307095652 27.0021122336 28.8755192823 26.4677672332 28.2687260757 29.1819826423 26.4966323707 27.1853404094 27.7826856826 26.2953883851 25.4866861293
25.0118038022 26.394958496 28.9331298549 28.0427478478 27.3066868818 24.627624551 29.1345684473 29.0893472952 68.7231737854 68.7231737854 27.7686383482 28.856957769 28.9917801765 28.9886582497 26.6266011291 26.9928982142 25.4239858734 27.7170556588 26.4003483873 25.8112773077 25.6594772929 26.5478892429 29.0150975173 27.8883674309 28.8433073548 29.3486231887 27.6008950861 51.1892390885 26.4901065339 69.7290487676 69.7290487676 27.4987498454 24.9668714965 26.3606682977 28.2469690789 27.9035134586 26.2713502304 24.8172580943 26.9585824611 28.7395327591 25.7138012149 25.2200674536 29.304398943 28.729334912 25.0136728233 26.0162161409 28.0171527631 26.5776362217 26.047123349 29.3647167112 28.6694297127 26.4827216983 25.8718486657
25.605920861 27.5126324695 24.6561407056 28.5308313827 29.0891775986 29.070698158 27.4594537925 24.8038343712 28.578298511 25.6271701099 28.571363525 26.522899688 28.890388472 27.7727871275 28.9543485044 26.3571149997 25.3069613052 28.3984278216 24.7572627078 25.5298988274 27.5927179794 25.8867148166 25.8505899832 26.7526127916 25.9755284794 24.9430985214 26.2654728255 27.0844217373 26.2723673604 25.532577387 24.9865116398 25.3563099499 28.9961561502 28.4983111313 24.6939465864 28.4466146716 24.7057609326 25.0031997264 27.776974453 27.5310288839 28.6295100781 25.9257681652 26.2698022674 26.1195368926 26.9186477373 28.0113481096 25.0521547894 27.506755577 26.3933865411 25.9295409078 28.745078805 27.7864753469 24.8011782243
25.5454259249 26.8724980813 24.5246246844 28.3144066179 26.1432045429 29.1105879446 26.0463622934 26.7415943509 25.3516596375 25.5492228521 29.1021687214 27.8910505376 27.8220581915 28.3740469248 24.6743795098 27.6795352326 26.1269190932 24.8355020199 26.0783922032 28.1574394182 26.2484206863 28.30581575 26.8678336162 27.619301934 25.9637104246 26.0220295776 28.5392436713 24.7721923534 27.2732627068 28.7830223966 27.7549751693 24.5612523764 24.9549106241 24.9873935359 24.6114606124 28.8268379322 26.1774524799 26.1007317972 26.0618730015 26.608023453 28.1659991846 29.2713165189 29.1051965347 28.3332178385 27.8848545884 28.4682192058 27.098805809 25.5688448448 27.327304446 28.7587446554 27.5497186767 26.5167991761 28.3694143215
26.1375423214 27.3605942103 27.6722821131 28.0452556108 26.2697133502 24.7876977604 25.4006946704 51.6886638803 51.6886638803 51.6886638803 25.6462521403 26.4953774506 24.9666738234 25.397746002 25.3624079787 28.1220574702 29.0588978872 25.7689296011 25.3721617342 29.3157883695 27.8020190992 27.2268119577 26.8891303356 24.6186235311 68.7999273271 26.2783821716 27.8164845141 24.9199012409 27.5587910984 29.0312655564 52.5060757614 27.5886580153 26.3184451337 28.8944031491 25.6279108116 25.4753691144 27.9342167327 25.2512271412 25.3364433399 25.8260377437 27.3476770594 25.2004408451 27.7357883089 24.6256025365 26.0624505592 24.925665641 26.9331474166 28.8359161262 25.2262646691 29.1409994814 26.5314973269 24.5762602204 29.175031587
26.1733851723 25.5780179321 26.8033118402 27.630435726 29.0575564614 24.6934418498 25.3253457967 29.073901384 51.6886638803 55.5937517182 25.5671818231 26.3112273658 26.8134793308 27.1987445058 29.3437806516 26.6393118238 25.189669307 26.45119586 28.486477572 27.2008696474 26.3305454552 26.8872909168 24.6700423625 68.7999273271 68.7999273271 26.1706765674 27.4929312267 28.8517290565 24.6063522512 27.0121151521 52.5060757614 52.5060757614 26.0556318151 28.1094365485 27.5198052205 24.8382077705 25.8259321561 28.1623200894 28.9104602722 27.2850181939 26.6615773806 25.7182402193 28.9077012812 28.412025483 25.1096629391 25.3367023658 29.4142026651 27.7444782496 25.6140546291 29.009692957 25.3034125368 27.7079490889 27.991658075
24.5935253859 24.7344771073 27.3584664278 26.0192927049 24.7926498134 24.5072345308 28.0175433468 25.3666555167 55.5937517182 25.9947275244 26.7456479079 25.1511090882 26.5956773374 26.0828877404 28.8731471068 25.5735730454 26.7064772863 28.267868439 27.9019934162 25.7215423421 25.8311476719 25.2861340825 25.3229213691 27.1169572782 70.063100951 26.4016736185 62.6190885879 29.3948519178 27.8579841317 25.1150184577 28.1793607588 28.8164548277 25.600674774 25.2366106587 29.1332607892 26.9767275686 27.4056146255 27.17492162 24.8972372917 25.8676674333 27.1031904798 29.1686092364 29.3243132242 28.309726652 26.6191220955 27.2855889119 27.0546273243 28.5956463183 25.5943535478 26.0493374047 27.6953177825 26.6518471307 26.1440386538
28.8289216962 26.1811985398 25.9767459079 20.5746651679 51.0505965673 26.0940938036 83.8032544608 51.7741686137 44.3492109442 51.7741686137 27.0309808847 26.1006513086 24.92061282 26.0858514671 26.8856092518 27.2838661989 24.9842924512 28.8739572507 28.0417745964 28.5320591322 27.6469047638 25.7993618769 29.3310933961 70.063100951 42.3911662488 42.3911662488 62.6190885879 62.6190885879 62.3723321713 26.266715924 25.1821124102 27.0283774531 29.3222289363 64.5955966622 64.5955966622 27.3550872161 25.0672068572 55.6804136088 27.8608156571 28.3934829863 27.0889234304 28.7074508877 25.9609788566 24.8913537955 27.1334177739 25.292264241 27.1210293659 28.5826978477 25.7381698857 25.4072219715 28.3305284015 27.5461687717 25.3211071
