Spatial_Output/90% DEC/90DEC_0285.asc
NCOLS 155
NROWS 192
XLLCORNER 196769.923733
YLLCORNER 449719.875193
CELLSIZE 27.603701
NODATA_VALUE NaN
[rows 161 to 183 of 192, columns 53 to 105 of 155]
45.0837545509 44.7510882828 45.0172233857 44.5615462957 44.9535683589 44.8087837915 44.5766528457 44.5069051942 44.8877963098 44.9638792957 44.9213524443 44.7973869419 45.0024430293 44.7356047845 44.5787659276 44.6080386537 45.1250432265 44.909473421 44.8638658246 44.512371662 44.5734224292 44.7900850636 44.8168552132 44.8617427607 44.7149154235 44.5869745821 44.5043527617 44.5764859443 44.500042667 44.962477997 45.1355502272 44.6428420619 45.0486555672 45.2031604444 44.7585208762 44.7786427358 44.9588597514 44.624232851 45.0038341712 44.5117209416 44.7257445582 44.6155281187 44.685800119 44.5536862823 44.8101291834 44.847303495 44.6186300791 44.731002316 44.5107685144 45.1946213394 44.7416552656 45.1656715496 44.5001790723
45.1885535027 44.6366657714 44.9267110335 44.5056423671 45.1374878199 45.116667215 44.5730533053 44.9452291442 45.0828779019 45.1275771145 44.7870040904 44.6615827485 44.672083004 45.0570779588 45.1279180406 45.1389197791 45.1257969539 45.168928924 45.1771825764 45.13929834 45.1882380838 44.8279984223 44.8415675672 44.9360883432 44.8682119987 45.1047466224 44.5845073767 44.7586339803 44.8027558857 44.5708294483 45.1303685868 44.6639181999 45.0724446717 45.1636921403 45.076329647 44.9482723209 45.1031139086 44.8117292931 44.7739003113 45.0740415928 45.039880554 45.0111267414 45.1412356687 45.0290227866 45.0283832279 45.2009069075 44.7298791914 44.8218580597 44.9000256341 44.8312216518 44.7292759956 44.6530756518 45.0423260206
0 44.536605282 45.1558569259 45.2005478867 45.0770762141 44.7651401076 45.1344355194 44.845775034 44.9205470126 44.5290533778 45.1166984186 44.7789366597 45.0667801123 45.1971207939 45.1038920612 44.6862883941 44.7192473462 44.5357260174 45.1518895614 45.1150507534 45.1501838085 45.153993572 44.9902363944 45.1105367207 44.8819130251 45.2001930007 44.7497122914 44.6525213576 44.6945538169 45.1318946442 44.8500008022 44.6963536175 44.5526750947 44.874232625 44.5684080397 44.8736637655 45.0523904117 45.1609124497 44.7722343786 44.6649494845 44.885016043 44.6778803726 44.7376468788 45.1679720141 44.9826053343 44.6076381981 44.7517175385 45.0911395866 44.5186922337 45.0545144821 44.8402247881 44.7379290016 44.9685215382
0 0 0 44.5731611255 45.0452675371 45.065578673 44.8608888543 44.9735173055 44.6091928763 45.0681858941 45.1482785569 44.8310678832 45.1727459276 45.0570121618 44.9292777531 44.5137050821 44.8093750477 44.9832996006 44.9777085163 44.7125922409 44.8627767299 44.9097505819 45.1729339204 44.7205498492 44.6253013801 44.7632632932 44.7873057922 44.7416022769 45.0987503445 44.8533077311 45.1770179866 44.5158302557 45.052062545 44.9776228335 45.0688609241 44.8594369748 45.2061826955 44.8197108294 45.1810124346 45.1762066447 44.805442557 44.7295552287 44.6691718343 44.6674827311 44.6058616161 45.0388065701 44.5959900581 44.9990944896 44.6959134143 44.5726519172 44.549847219 44.590557778 44.708768428
0 0 0 0 0 0 45.0369811846 44.8767042234 45.0427341065 44.6558285031 45.0083757263 44.7750635291 44.8402086075 44.9106298332 45.1554299667 44.6180886495 44.962841955 45.1531546604 44.7445445737 44.8820984983 44.7114253777 44.6261438608 45.0518404651 44.8427398396 44.5024125905 44.6175573428 45.0080955869 44.7579637802 44.5477919547 45.1639072787 44.5470083226 45.0447012047 44.6997413385 44.9426050871 44.6105371749 45.1260489862 44.8236222531 45.0900045023 44.6085470607 45.1329930955 44.5657813966 44.6493128369 44.7284854467 45.1508704954 44.9460960124 44.8027145244 44.5698132765 44.8037705888 44.7139711094 45.1617274506 45.0202018014 44.6419079735 44.6755615423
0 0 0 0 0 0 0 0 0 45.1818735425 44.8411132799 44.7749783603 44.9618552309 44.6372773486 45.2054902318 44.9728211103 44.6615571704 0 45.1297553238 44.8748028835 44.5018073081 44.822950612 44.5852606941 44.8106902866 44.7559577668 44.8668717633 45.0739251905 44.6447173912 45.1457504837 44.6428017259 44.7104266909 44.8571833899 44.8954002957 44.7793495647 44.8314430254 44.5454184894 44.9977341855 45.1183755054 45.162634164 45.0718377834 44.5228981427 45.0790976701 44.5320511146 44.7367676731 44.8384690472 44.7517581431 44.5657533309 44.9953496756 44.6776242157 44.9171297469 44.9803660496 44.9282946639 44.9910943455
0 0 0 0 0 0 0 0 0 0 0 45.0279601492 44.9261531903 44.5184687978 44.6706326511 44.6145693861 0 0 0 44.5753143912 45.1523899364 45.1518599221 45.078828062 44.5225290856 44.8730717278 44.7240779218 44.9488137642 44.6958092969 44.5341491242 44.6763651827 45.1939234252 45.1563107725 44.740316076 45.1043893131 45.044020194 44.7849665 44.5886442814 44.8631677592 44.6528315637 44.8998404595 44.8159292877 44.9182921544 44.9134450901 44.8076033937 44.7009295398 44.754435456 44.8001078535 44.6602908576 44.7855169871 44.6398341854 44.9118061927 44.9764498799 44.6358824033
0 0 0 0 0 0 0 0 0 0 0 0 65.9304345373 65.9304345373 65.9304345373 0 0 0 0 0 44.548870217 44.9446984716 44.5588089233 45.093038588 45.0068848393 45.1252572856 45.0639568504 44.7661473539 44.8904359085 44.6935818561 44.5906332203 44.934597379 44.7381808315 45.0911141138 44.5750359939 44.5158305974 44.5872972495 45.0360118882 44.7515667991 45.1091414028 45.0066419887 44.8981578579 45.1503876942 44.9589773156 44.5891773452 44.9524846568 44.886669766 45.103647112 44.9501454734 45.1403332953 44.9958432662 45.2013425003 44.5274160326
0 0 0 0 0 0 0 0 0 0 0 0 70.574961996 73.1844222647 75.4425165879 0 0 0 0 0 44.8209230843 44.509477011 44.5570633159 44.508427571 44.8913481875 45.0175634982 44.7865601753 44.7592446047 44.5771675354 45.0991588848 44.6219016805 44.9916792289 44.7647682365 45.1047515862 44.9155556855 45.0519979013 44.9218557682 45.059228061 44.8145367473 44.9841938761 44.7833972977 44.7300372366 45.0910270947 44.9858257077 44.928168763 44.9164906513 45.1717397147 44.7173935007 44.7524831828 45.1591073307 45.160707466 44.9662655881 44.9938368581
0 0 0 0 0 0 0 0 0 0 0 0 69.6553620543 71.639247374 71.2402694533 0 0 0 0 0 0 44.9201609471 45.0490881376 44.8402636107 44.856793892 44.6102833044 44.5630780918 44.5442263215 44.5983745332 45.0257605692 44.6276777716 44.7742768148 44.7248094776 44.8830560743 45.0116387224 44.539254818 44.9252475601 45.0900060155 45.009205957 44.5061999538 44.5766137849 44.6691939418 44.772103596 44.6052148075 44.6845096649 44.6499139268 44.7563133137 44.7585550473 44.9072716281 44.8393231839 44.6719726734 44.7594470871 45.1947941711
0 0 0 0 0 0 0 0 0 0 0 0 82.7361953217 72.3676473537 70.791386303 0 0 0 0 0 0 0 44.7845816289 44.5487294226 45.1544374302 44.9385409058 44.9971609299 45.115380858 45.0515363981 44.6482505377 44.6450404659 44.7920806149 44.5012533281 44.9547567755 45.1355997978 45.195284355 45.1461585633 44.7282899961 44.5813055316 45.032682954 44.9931931339 44.6997030075 44.8668530279 44.7369297925 44.8109914923 44.5831876151 45.1104367445 45.0478098832 45.1621556987 44.5932725705 45.0583804452 44.5376519162 44.6531430762
0 0 0 0 0 0 0 0 0 0 0 0 0 0 0 0 0 0 0 0 0 0 0 44.8694894477 44.7903444568 45.0367945673 44.5114152129 44.8093194613 44.7829145626 45.1750189298 44.8888329524 44.529478409 44.8574041737 45.0184499897 44.6656868495 45.0268605372 45.106416922 45.0847570885 44.9057481517 44.6349979801 45.1345927289 44.6759175533 44.8728703613 44.762699161 44.8405871169 45.0062274164 44.7765877324 45.1624916391 44.5603318086 45.0183981947 45.2035847833 44.794858138 44.5833958863
0 0 0 0 0 0 0 0 0 0 0 0 0 0 0 0 0 0 0 0 0 0 0 0 44.7659623576 45.1789748627 44.8477356233 45.0953545423 44.5780012708 45.1714881063 44.8922304082 44.6447090727 45.1169100241 44.9238156307 45.0404264724 45.1174854098 45.038484556 44.5071096827 44.935494535 45.1653596454 44.5882572099 44.7206117071 45.1236778213 44.5522117475 45.1606260963 44.7026575965 44.9625032672 44.8354909184 45.0049125552 44.5128823129 45.0158401748 44.998609436 44.894960366
0 0 0 0 0 0 0 0 0 0 0 0 0 0 0 0 0 0 0 0 0 0 0 0 0 0 0 0 0 0 45.1562600786 44.5826865349 45.0221099897 45.0136801377 45.0872353917 44.8746530993 44.7919984765 44.8956767119 44.6925593655 44.9310215234 45.0788461455 44.6906509128 44.7177746949 45.1245758577 44.5471540766 44.7058354926 44.8456478003 44.8185964297 44.8475941172 45.1699406057 44.8026489743 45.1578373971 44.6877345267
0 0 0 0 0 0 0 0 0 0 0 0 0 0 0 0 0 0 0 0 0 0 0 0 0 0 0 0 0 0 0 0 0 0 44.956459634 44.9163377617 44.7697863728 44.5847675512 45.1720659435 44.5579585684 44.9406695507 44.866156725 45.0373351194 44.5552073815 44.8578633915 44.6479802692 45.0581074798 44.6588065334 44.8765130464 44.7284338573 45.0365921962 44.9666884499 45.089533643
0 0 0 0 0 0 0 0 0 0 0 0 0 0 0 0 0 0 0 0 0 0 0 0 0 0 0 0 0 0 0 0 0 0 0 44.8311506434 45.0984314239 45.1083877886 44.6076098509 44.6362648834 44.8649485238 44.7472657136 44.8237456053 44.5028206686 45.1167299744 44.999959488 44.5366296871 44.6429552182 44.9145634598 44.6254500669 44.7187730224 44.7006438155 44.9899594094
0 0 0 0 0 0 0 0 0 0 0 0 0 0 0 0 0 0 0 0 0 0 0 0 0 0 0 0 0 0 0 0 0 0 0 0 44.8306215211 44.799813485 44.8109464319 45.0165504253 44.6610308931 44.7288745151 44.597009446 44.8929821067 44.6060907618 45.115629945 45.0647861098 44.74095841 44.8864759998 44.9508777067 44.7762690917 44.6568043213 44.7238537993
0 0 0 0 0 0 0 0 0 0 0 0 0 0 0 0 0 0 0 0 0 0 0 0 0 0 0 0 0 0 0 0 0 0 0 0 0 45.0574677693 44.6562371738 44.5453833401 44.8235557813 44.9262597389 45.0213325553 44.8407660607 44.959827959 44.9132097526 45.0657719209 44.6805034758 44.5540319705 44.6619697868 44.8004534138 44.7277912895 45.0646503731
0 0 0 0 0 0 0 0 0 0 0 0 0 0 0 0 0 0 0 0 0 0 0 0 0 0 0 0 0 0 0 0 0 0 0 0 0 0 45.0945604193 45.1038606979 45.0798073287 44.9300900422 44.7994548126 45.1239093879 44.8217701786 44.6968691727 44.9362783754 44.5567571187 44.5187407113 44.5335409992 44.6803008297 44.8261270537 44.6154329681
0 0 0 0 0 0 0 0 0 0 0 0 0 0 0 0 0 0 0 0 0 0 0 0 0 0 0 0 0 0 0 0 0 0 0 0 0 0 0 44.9840798791 45.0567757964 44.8143821831 44.8366289285 44.7528988639 44.8044435815 44.9223555067 44.9111627854 44.979988242 44.7662437904 45.0124395556 44.6261636435 44.566144464 44.9651024026
0 0 0 0 0 0 0 0 0 0 0 0 0 0 0 0 0 0 0 0 0 0 0 0 0 0 0 0 0 0 0 0 0 0 0 0 0 0 0 0 44.8247913214 44.704921208 44.5742622548 44.7727437978 45.170184667 44.5149982363 44.9984985832 44.9180221368 44.9558402815 44.9788648516 44.8568289382 44.9451432903 44.6550507301
0 0 0 0 0 0 0 0 0 0 0 0 0 0 0 0 0 0 0 0 0 0 0 0 0 0 0 0 0 0 0 0 0 0 0 0 0 0 0 0 0 44.5460990601 44.9533847567 44.912901092 44.5508045539 44.7856616706 44.7000701776 44.8345652545 44.8534368569 44.731437936 44.5987846595 44.9805427444 45.0057086639
0 0 0 0 0 0 0 0 0 0 0 0 0 0 0 0 0 0 0 0 0 0 0 0 0 0 0 0 0 0 0 0 0 0 0 0 0 0 0 0 0 0 44.9451862127 45.1036495716 44.6768236618 44.7930566677 45.0849901098 44.6206033408 44.7383950497 44.8315567543 44.577721481 44.6095104206 45.0127313313
