Spatial_Output/90% DEC/90DEC_0408.asc
NCOLS 155
NROWS 192
XLLCORNER 196769.923733
YLLCORNER 449719.875193
CELLSIZE 27.603701
NODATA_VALUE NaN
[rows 69 to 91 of 192, columns 53 to 105 of 155]
31.6775482194 31.5945248364 34.4116023022 32.620478174 32.8381130164 32.4091867973 32.5554357731 34.4469255893 33.9166989092 33.333467571 33.8470531061 33.3077190564 32.8277887309 33.016894716 32.0885689676 32.050449059 31.7701617243 33.2656493675 34.0978238926 33.1381530738 32.861437859 32.6352432882 33.7933626181 33.2291862641 34.3503649233 33.7759949135 32.1340898536 33.185384905 32.6655906019 31.552123387 33.7140544215 34.7955589788 34.5189564264 32.069229313 32.5455349959 31.8957552127 32.780262151 32.1016214209 33.9913626963 32.7896932815 31.6215966769 32.8575627347 32.9106106783 31.5239352758 32.529986928 32.4849492561 33.0933606716 33.0339022053 33.6055545731 33.2834966238 34.7376517199 31.7083951352 34.9061550485
32.3535132195 32.97911 32.2180858159 32.9131352502 33.982679946 31.8533818905 32.3577741122 33.0133468132 31.9438886771 33.5709885625 33.1656384821 34.8344116069 33.1653277433 31.5134116661 33.891568388 33.1470911582 34.625492814 33.1140681964 32.3203092915 33.3767472207 33.284484823 31.5071855971 33.45241826 34.8187300971 32.9352040779 34.7802266886 34.0926651996 34.5494545207 32.2383780084 34.8440112968 34.1019212974 34.3580515726 33.9060518867 34.5439851251 33.3746029911 32.111266216 31.8374739767 32.6132485107 32.1686622956 32.4723178739 34.9628106857 33.5000745169 33.4351678753 33.4531221114 31.6204350478 31.5105204812 34.2646111032 34.6336005195 33.9897446351 33.9790065517 32.1736700477 34.7116240059 32.1340851667
35.0115751077 34.2534646611 34.6813609919 34.0018265809 33.960009805 34.815772406 33.0684499643 32.0913162195 33.7809091382 32.5060277863 34.5566057248 34.3407757 34.7550577247 32.3725478881 32.4931382426 32.9369056171 34.1244961172 34.6655919948 31.755994654 34.7445808391 32.5576551644 32.4913112903 34.4468311933 33.8954067803 33.2879618854 31.9594535186 34.3522624001 33.8219054304 33.989074199 34.3877649586 33.5635360433 32.2791022135 31.5719061911 33.6867260727 32.6396106056 31.5097612674 34.252182631 34.2636177036 33.2449295446 34.0313692426 33.8510071031 33.7898875528 33.2280434375 32.585846797 31.7298528761 31.6830896402 32.5949025955 32.2143941731 34.6576986828 34.2845883132 33.6709755337 33.9917283076 33.6011346577
31.6157893729 33.5652686668 32.7996434385 33.7856850719 33.2765931262 34.9452268363 31.9550470132 34.4940624134 32.63158827 32.0419659947 34.7061900014 34.9766825218 33.8319067434 32.161436893 31.6938783665 33.8722070763 34.8244866073 33.7753356529 34.1424793853 31.6537176871 34.3375110086 32.6548774911 34.5152900821 34.2552871487 33.0983960908 34.0472354476 33.1087558659 34.0311489232 34.6301780988 32.1703427782 32.6077683528 34.2331328854 31.6285967783 34.9565375758 31.6687504448 32.8895297718 33.8124918175 31.5084447596 33.780645599 33.0311151128 32.2962638635 32.5228531927 33.3295614169 32.6265666505 33.0287493159 34.5695638519 33.1260919841 33.0713793805 34.3646179695 31.6205307549 33.3065057464 31.6292671963 34.9644396923
34.366883404 34.1883631661 34.7520922938 31.7587391898 32.1375408064 33.4107097887 32.4514688538 32.7957719113 32.6791046596 34.9834761429 32.0119393076 31.963689701 32.6782690589 34.6190570883 31.9130890211 34.9631809143 34.1130801775 34.1992348191 34.6159880828 31.7701267323 32.7874128487 33.6024938436 32.0203193318 34.8424434349 32.3408653261 31.9991360977 33.542124827 33.3733639283 34.8121257306 34.4774429015 34.1353426408 33.6504338751 34.1211286084 34.1855611391 32.8526395711 32.5317985742 33.3542522011 32.9236716044 34.9308994626 32.36499371 34.0347708228 33.6476731876 34.3235831078 34.5244391369 33.330024645 33.7786382145 34.8971125145 32.5903038052 34.3472152705 32.6192693101 32.5087390372 31.7653424209 31.6601138496
32.8247631046 31.9488337774 32.4333957878 33.4666753492 34.0045046104 32.3402540004 32.9996309862 32.6949466487 34.1866003954 31.9309902038 33.059551899 34.7456475216 32.210368689 32.92076099 33.0553192331 32.4246145965 34.4143835142 33.0088378771 33.8863588457 32.6593851595 34.9479343847 32.6539954053 32.4209037652 33.3916416759 31.5964628787 32.5635600375 34.0957357629 32.3016990667 32.1043655643 33.1262207934 33.9189326018 31.6280364328 33.2178132412 32.2762925235 33.9873513928 33.8746943295 31.7980863926 31.8056730375 32.4650391214 33.382593413 34.6790568562 34.5525877329 33.6720284169 33.9002502885 33.6599954431 31.5034752135 34.2281628752 33.5648205922 33.7653442561 34.2348060432 34.288805028 34.181456483 34.1663869068
33.7276341815 34.2966457196 32.7212819346 32.3659166077 33.0190620087 33.4007503813 33.2848363321 32.4169418105 33.3916936701 33.8076816504 33.2367428056 32.6674164803 32.2687660774 32.840186388 31.5821727423 33.5178864115 33.0520230333 31.9560450251 34.3454653846 34.6982806505 34.2095774476 32.751186924 34.0882032564 34.1465871719 33.2384716684 31.7618850467 33.117442265 31.9276535085 33.5540906779 33.9036137378 31.547629405 33.6868309817 32.9047657783 34.2972514852 32.8533266588 32.9098330066 32.5360402912 32.0486043069 33.4095556774 33.9484349975 34.1699902499 33.4057467791 33.4513439223 34.1859900697 35.0081310885 33.1666084565 34.7026992762 31.5401744795 33.8008427865 32.9179637539 33.8732914527 34.7172109402 34.8860236626
34.1051495463 32.5289364716 33.2542145353 33.3783272711 33.8122785855 32.5981931445 33.3424734302 32.6634364084 35.013154418 34.733298005 32.9526642942 31.6464109203 34.2609228182 32.3130226532 32.6020708711 34.0558764128 34.9111511054 34.5197909028 31.5483156976 34.8641592421 32.049282004 33.7596395861 32.7698625768 34.8888734843 32.2331841033 33.4248392969 33.7071034247 34.330683567 33.9804756601 34.3521435255 34.9468035853 32.9145917337 32.217549551 31.5406729742 34.1111316125 34.1865527786 32.9136984263 32.9856820487 34.1759294666 33.7688600077 32.1703483821 32.7652137531 32.0933922857 34.612401074 31.7549831151 34.2420324555 33.4768217017 34.5719357162 34.3348783298 32.0349309442 32.7967350114 33.4463498311 34.9441014123
32.0412367465 31.679507034 32.9271544708 33.0826073899 34.916103086 32.2584177089 33.7845191935 31.8039441147 31.9596031828 32.426367037 32.3454104289 33.3496234776 31.5651204964 32.0978779361 34.6870244522 32.2802879259 32.9558675242 32.0158428586 32.7380715384 33.9550907483 32.9553094455 32.2098549718 31.7386351608 34.6035410183 33.7849580512 32.169406201 31.6479954199 32.6364848166 34.8993084213 32.2641934151 32.6474367684 31.7268354515 32.5755129315 33.8521710003 33.8425333437 32.2398671669 34.1600731137 34.8946702198 33.2209986732 32.5494380879 31.9783462521 33.4274155999 33.4248702676 34.7158222227 34.4266724926 32.9441223225 34.2073811173 32.83046622 33.6145413584 33.7992355075 31.6759656602 34.1977349048 34.7474735782
31.6519833392 33.295157919 32.6743580785 31.8870914637 32.7939192242 31.5103485526 34.0802743602 32.5356103699 33.614217135 34.5972589425 32.3907800095 33.4138316721 33.4625651263 34.7344714266 32.3780991466 34.1752691033 32.974415749 33.8414048006 32.3200612571 34.755270634 33.0775761585 34.4691787257 34.2178035583 32.8843671613 31.7276874106 33.9792283379 32.5426157443 32.3042780755 32.9093878435 34.789037506 32.7258259392 34.3759264223 31.7318187366 34.196635811 33.8461862877 32.5476546992 32.6589407458 33.7101457975 34.2199252837 33.1528742514 34.6168780146 33.2290595996 32.8644056404 32.5781661268 33.3791714568 34.2871371978 32.8649925666 32.5720677979 32.1923307753 32.5023787228 34.0300390689 31.9225331128 33.4923638054
32.6741483493 32.2009907608 34.6307177655 33.8859783 34.7076356266 34.2406694438 32.7200568985 31.9399561678 31.8949294569 33.31216554 33.7871043453 32.4795778552 34.1595318551 34.118536896 34.2736157709 34.3078090947 31.5702846928 34.1522268187 32.7368704421 34.4905248342 32.3538858663 33.116927089 34.3288439947 31.8149820242 32.7158315343 31.5663311903 33.186764446 35.0341709239 34.7892796507 34.2443279171 33.8542470604 32.8275558089 32.2366880009 33.9013876465 32.0114143093 33.9658169995 31.5881333921 33.7633926061 33.8527667469 33.5288745617 34.4719392602 31.6697781063 33.990518124 32.329038857 33.2864086885 33.1940655953 32.0453860284 32.1409621722 34.5206482984 32.2559281626 34.6276662115 32.0148134557 32.9043023219
33.2810479459 32.6352291126 32.4254686776 32.2476061443 34.2867527993 33.34729102 32.5575523457 31.6286930775 33.5932489502 31.7102755188 32.2694624738 32.8801610163 32.0489502418 33.4079482042 34.0745752256 32.2073915072 34.4709931269 33.0406042991 32.8412794062 33.3959716001 32.1887860391 34.1573533559 33.7136590887 33.5369329238 33.7648486698 31.5372385479 31.9202191416 32.6264067914 32.2096132486 33.9538457152 32.5097156069 33.2288368203 34.6300505067 31.7696188097 32.5058262072 32.2503693753 33.6846107166 32.4641943003 34.9109904956 34.5048148931 32.0611122557 34.2166710116 34.968479951 34.7203696271 33.7729627753 31.9675580807 32.9788212333 35.0040971745 31.7091778461 34.3751118913 32.1218538417 32.8931626047 31.8922099798
33.9663475158 33.3742735669 32.332368996 32.1734403018 34.5783438396 34.2683663451 31.75466372 34.5041065828 33.9828641875 33.8589438848 34.4836261209 31.7192555584 31.8406466067 33.8453736595 31.5557723796 34.5052888012 34.725504466 34.5219560009 32.2961931097 31.7887855065 33.0801241669 31.50616112 33.4855453524 34.7626820304 32.2420937854 33.6841532501 33.1710192108 32.4322236489 33.0708819504 32.2850103979 32.2009925363 34.2047353038 32.4962066534 31.835217235 32.7349954255 33.1572567293 33.5687349233 34.8030500295 31.7493634571 34.9458406897 32.311801417 33.6167461397 34.6709113462 32.5164705642 32.499546147 33.0075178145 34.8974612372 34.7312160237 34.219839422 32.6089553724 32.4571927677 32.6597423665 34.6222067976
32.158385801 34.9077204248 32.3513416378 34.607371005 32.6912251547 33.321029595 34.8664024147 32.9696461241 33.8902264953 31.602635639 32.159774731 34.4952482235 34.3476899537 34.5254466462 34.9590131349 34.9611912279 32.8276138582 34.2953269387 32.3482361305 34.1834480336 33.0831750124 32.6854743526 34.9592008533 34.027106245 34.0036409479 33.4476134962 31.7871344473 31.8364070187 34.2622804132 32.1306430536 33.7801660435 32.57975566 31.6335752727 32.2624246002 32.3417069185 34.9222001489 33.4379482595 33.6694402594 34.3985635373 34.627757189 34.6087936264 32.1095833394 33.3173563192 33.6910932532 33.5939910046 32.6295202276 34.8428934113 33.9533047748 31.5347895235 31.6478553818 34.6999430086 34.9108118183 32.7842861371
34.6771289023 33.5392203455 34.5283362449 33.3001643116 32.7614134241 34.8029651535 32.3906777547 34.8527148369 31.8384573151 34.3711835538 31.6741048864 34.78021458 34.2006470983 31.5218620436 32.9485258088 33.443159616 32.5107148985 31.6294270595 34.2644928947 34.0444164448 32.4436744453 34.4951083157 34.0869502098 34.1928419255 33.4271105073 33.0030115752 34.5185514085 33.6180213916 32.5182500032 33.7186388624 33.8950755176 32.8873886917 34.5967824971 32.8842656643 33.5037365202 33.204128975 33.794387282 32.6774450179 32.3941689636 33.7527111099 31.5646041845 34.9984848812 33.5795766536 31.8623639268 34.3795568182 34.7678794723 32.9458227181 34.1667946597 34.0242093628 32.1371194962 33.7294425009 33.6582722466 31.837359432
33.9228007088 34.967108404 33.3300288278 34.5983928879 34.4877153703 34.3645586408 34.2287614989 33.4853897183 31.8463626925 32.3641124656 32.9989717342 34.2465704037 34.5172838352 34.1933117661 34.4088289886 32.0928261672 34.0089431286 33.5608959536 34.8370851644 32.498536082 31.8849719092 32.1087859456 33.366677108 33.8586266586 32.9834007591 32.6595379569 33.6911254955 32.5915295431 33.0504193049 34.4641315123 33.0317461457 32.8846818435 34.9404538933 32.833891021 31.8907807685 33.6650689666 33.4326600289 32.6823707465 34.5324212684 32.8162000121 33.691225636 33.9823173294 34.6216912203 33.9337113105 33.5970289643 34.9024533787 35.0281647144 32.039013382 33.4814290236 31.5942526146 34.7965879988 32.3674363069 33.9556489466
34.7869017955 33.503101801 31.9679328929 33.7442382923 34.0993482521 33.5284254454 32.7489772406 31.9644318462 32.1394138241 32.3600995479 34.7340600437 33.5950777194 33.3531878957 33.0797544314 34.8526832792 33.1266588132 31.8071990682 32.2386205461 34.4557041631 33.9184164927 33.3136543806 33.827208205 32.3527560338 34.8287449758 33.0375669917 33.4408631984 34.9262233745 33.6625666471 32.7695299673 33.1771349996 34.7063738521 32.9211060464 32.5940265989 32.5770002479 34.2972949793 33.2522611249 32.3170851518 33.9619140095 31.911227561 31.5022690322 34.8214905506 31.7286539331 31.9255584986 34.8012757731 34.48230315 33.2693673647 33.2642922831 31.8453929307 33.0145488914 32.4383063144 34.9475778985 31.7945447845 31.6338697776
33.3789888531 33.4900989276 32.9913155021 34.5520928012 34.0803028841 32.0236238975 34.9549946229 31.939829092 34.1087751754 33.8823880412 34.0413125507 33.2477119613 31.9728618612 34.8371075202 34.1056296102 33.1675220866 33.6198616533 33.4985064997 32.3481069903 33.5423354711 34.1927536469 32.2957637671 31.7620229271 32.0545658926 32.381062188 32.5661478348 34.873296509 33.0719873067 34.5933849042 31.7857167169 32.0833611401 33.184935958 34.105196931 31.8404158563 34.9503738426 32.6676435207 32.326300577 32.9525452394 32.0983550149 33.4417893974 32.5042339485 31.7481636323 32.0555366939 33.8932779393 32.6091384312 31.6946571146 31.5653523395 31.7574701238 33.0366291016 32.6169150292 34.2474944251 31.5190455185 33.8599715629
32.812677116 34.7358722422 33.5258953494 31.7136390879 34.477541165 32.3418447805 33.9150219311 32.1976995344 33.7533240874 33.9451994512 34.1672623956 32.2176637016 34.7087101017 34.4671730841 31.6253320841 32.5853110281 34.2926343305 34.0494943048 33.4168013097 31.6563720224 34.9790669429 32.5718424578 33.7948155101 34.690955839 33.0548231277 31.856119574 31.7763295728 33.3035423971 32.4942216382 34.3829341729 34.3832304409 31.6524919765 34.748908101 32.2048440953 33.6570995332 32.8672031393 31.5734471665 32.9651318545 31.6108058301 32.3348791554 33.6343132724 34.1473859496 34.0694134611 31.7420387418 34.5631501369 32.9347653915 34.7125774615 34.1660612254 33.5994638233 31.5360943179 32.4776087548 34.0297368612 31.641679599
33.31159578 33.1013979693 34.447877714 32.5216358265 33.69840313 34.4207100888 32.8235502041 34.8189521596 33.665409837 32.1144443992 34.5827149309 32.7286742451 32.6335010101 32.0687817735 33.5071630828 32.2679859773 34.4827755053 33.09599571 32.7746103838 34.5033388045 31.5733058909 33.2880958697 33.2018923957 32.9453767777 33.8257605985 32.9619318356 32.1681474803 33.0820435724 34.9685771443 34.6013862271 33.2510555776 32.1868935414 31.8622509762 32.6795843798 33.7443498074 33.3613720645 32.1315826954 33.0360773324 34.9082228527 33.8317435465 32.6466348833 34.8686154291 32.0622890656 34.1556183739 32.0174106194 32.5508273713 32.7828396378 32.2404295594 34.3408350369 34.338358741 33.9481220775 33.9217687661 34.7737325817
34.8595161233 32.002482391 32.0864677039 33.8760929401 32.5701285656 33.9459505483 31.9111184489 34.7391741924 33.3528768488 34.2633735177 34.1072153382 34.3236397949 34.1415962116 32.1345705283 31.7460922374 31.6858815835 34.6982218344 33.7286258688 32.185876009 31.5969843378 34.3816032584 33.0471995846 34.0952524804 31.7016287061 31.661748557 34.0767096558 31.8894991202 34.2807952188 34.5989935014 32.9721907342 33.6300891806 34.6758474777 32.8494536039 34.2752578274 34.4565221708 33.3039180139 32.9712988163 32.894128103 34.1648115246 33.4533874101 33.7963821169 32.3016098167 32.2737318805 33.6328491316 34.0726290754 34.203774897 32.5987434407 32.8078180666 31.5606007101 33.6996223643 32.8765452782 34.2892405475 32.1823289881
33.7844176079 32.7376872177 32.5053940701 32.0562727895 31.6929636462 32.1314352595 33.5709373887 33.4348881415 33.7741236847 33.1841264077 31.6622669865 34.4370625814 34.2789786716 32.8217134416 32.1996383183 33.2252837169 32.6873271512 33.346888009 32.1816881036 34.499557868 32.94932684 31.9895613342 32.2696414767 34.6975829142 34.915777826 32.6314156869 34.8574215944 32.5560537514 34.1135969389 35.0002690257 34.9745942344 31.7015184764 33.6071400275 33.7183382032 34.3561577794 34.1726771686 32.0976828506 33.9842770287 34.2401221752 32.1614779678 33.9748249875 34.9773225955 32.0206687948 34.9662314434 32.3670025834 33.8015523697 31.7954546885 33.4865781319 33.0980185849 34.8547394538 31.8950043948 32.8055833975 32.0424773877
33.8634843662 32.1718618968 32.9085070495 34.6853470705 31.8409289673 34.4897044509 32.1252634521 32.7401974567 33.9491299508 33.4626084227 31.661415944 33.9108427921 33.4468142755 31.8139043062 33.1625379121 34.4299801834 34.3662681439 34.8135716096 33.7708862142 32.8472532791 32.2182385219 34.8893232134 34.4193693747 33.7109452412 33.1691923803 33.5085269854 31.802680132 31.5175655751 31.5927504708 31.5073618896 32.7238232748 33.5061793005 31.7121850262 32.4017526954 33.3447181476 32.3166589105 33.7419807621 32.5228728108 31.8276299005 33.3110340686 31.8354537216 34.3794049644 34.2410540317 32.0522050068 34.6330203481 33.1019700098 34.5034838284 33.4807922266 31.9747264634 32.9455726394 32.1402023813 34.5687427998 31.6847398226
