Spatial_Output/90% DEC/90DEC_0025.asc
NCOLS 155
NROWS 192
XLLCORNER 196769.923733
YLLCORNER 449719.875193
CELLSIZE 27.603701
NODATA_VALUE NaN
[rows 161 to 183 of 192, columns 53 to 105 of 155]
46.1544066388 46.1684949123 45.8626328695 45.8619981772 45.448212518 46.327102528 45.8915303602 45.6706947535 46.2800516722 45.3046326443 46.0155294444 45.2865609852 45.9107578257 46.1055030374 45.9408006168 45.2721976404 45.75760238 45.7394392428 45.0922822283 46.0195752839 46.277236815 46.3406707342 45.2999314621 46.247883298 45.2067788317 46.1089150172 45.988480005 45.1434996952 45.0788234563 45.2069091819 45.2535887694 45.6461496725 45.0648337751 45.53918103 45.5623310975 45.1489520273 46.0499229731 45.2197895995 45.2728185339 45.5905379144 45.1082882984 45.0398135575 46.2137027535 45.2552967969 45.1152690588 45.0830012655 45.7184677124 45.985536304 45.2978922125 45.0192626854 45.8332982281 46.0786249238 45.5829412672
45.6490521224 45.261692474 45.3416046215 45.01876739 46.1372520168 45.5053500298 45.6129811678 46.1521046227 45.0032214232 46.2664474867 45.4765975405 46.1604566627 45.698441735 45.6664563556 45.1454138237 45.3291265773 46.2224079435 46.2596531122 46.123606557 45.6171615795 45.5817249597 46.1024341713 45.5277441638 45.1208570563 45.7235959688 45.5036431495 45.0156963409 45.4581782122 45.112242572 45.3782637452 45.5258880147 45.3820734372 45.4817533822 45.628501827 45.0831565276 46.2355863018 46.2149435393 45.01763687 45.3420880007 46.3195227826 46.1356117331 45.9448503674 45.6754693476 46.3709862302 45.6599730554 45.3505540923 45.2309480784 45.7197643561 45.4401254809 45.2658193353 46.1226981257 46.0023122519 45.5850451028
0 45.0902635723 45.6839701136 45.1463983917 45.6103554181 45.8703678703 45.9555326889 45.3032506061 46.3439581323 45.9275712866 45.7408420362 45.5711908375 45.8484264073 46.2814631114 45.6480189115 45.7447703444 45.157273939 45.9135909468 46.3128535224 45.9062815456 45.636329967 46.1455833357 45.6781277772 46.0041238959 45.4153884568 45.94857931 45.5043449943 45.2248676734 46.1939093702 45.2928917152 46.1397671156 46.0739046516 46.3601257946 45.7359693138 46.1307668037 45.0750855654 45.0427095211 46.1607280645 45.3042056292 45.3734843064 45.983604312 45.3762075307 45.2285232531 46.1383632723 46.0981804475 45.0951120982 45.4553042904 45.2300122877 45.9619496707 45.6341134437 45.5103184568 45.3599387707 46.0490161982
0 0 0 45.4452517136 45.6705319819 45.5752328085 45.5474302198 46.077034496 45.5608084066 46.277631611 45.6159297726 45.9232353218 45.3510660913 45.6808959204 46.3513215153 45.1369878853 46.0775480404 45.6575191097 46.0320857293 45.3901653766 45.0539575457 46.1460005324 45.667475398 45.5751853915 45.3945708916 45.8431845105 45.3284161665 46.3522991365 45.6304934776 45.9871970376 46.2200871488 45.595876034 46.2009078632 45.1244459212 45.3595328668 45.2204242449 46.364553103 45.7423555552 46.1109553563 46.165550209 46.0223507326 45.2915300945 45.5131124144 46.1213735628 46.1030609974 45.461448685 45.778657049 45.926535643 45.0585205547 45.5460199829 46.3877928904 45.8012511727 45.641264756
0 0 0 0 0 0 45.2321327137 45.9205806782 45.4287957582 46.3753380739 45.6103489049 46.1546212504 46.1532472477 46.3495648099 45.1158344804 46.238450925 46.2396053384 46.1337045295 46.2054050657 46.3025196855 45.6913166059 45.4424838656 45.699756796 45.8881054738 46.2475552039 45.3792474769 45.4918106962 45.8370522872 45.4429303531 45.7960597937 45.8442371142 46.264730744 45.4898922829 45.1203608519 45.0629254228 45.787188396 45.8603789221 46.1203628604 45.226902875 46.3506829086 45.4608620805 46.375426826 46.1008113201 45.6836728674 45.0584512036 45.0071472521 46.0235512345 45.0967248706 45.2849748752 45.8498954231 45.2563991475 45.2068603217 45.8064857795
0 0 0 0 0 0 0 0 0 45.08931824 45.3510633709 45.0746845847 45.1869889496 45.5579058012 46.3712392043 46.0676697783 45.4636151423 0 46.210593371 45.0051037935 45.0319640945 45.474053094 45.2519998948 45.236232109 45.1174841257 45.9056686144 46.0794287942 45.2039414751 45.3609448503 46.3032029092 45.8588309526 45.0357991323 45.007906893 45.8657922945 45.1802266725 45.1243951942 45.8160894915 45.7960273529 45.7005868802 45.011505746 46.2620395376 45.4466180336 45.1538378841 45.2318995923 46.1187161516 45.6628408394 45.7737890252 46.3318625904 46.4076019807 46.2834433137 45.3821686113 45.8677568275 46.1787742904
0 0 0 0 0 0 0 0 0 0 0 45.9045680863 46.1847378355 45.6450773085 45.454790827 45.7889272231 0 0 0 45.4483761113 45.1965674604 45.9726641229 45.3126251746 45.5867279123 45.9076976782 46.2832638359 45.50544934 46.0298655257 45.6830945022 46.2790665999 45.2260621217 46.3617979744 45.084574484 46.0618071345 45.3371990102 45.7680080524 46.3408703595 46.3230504429 45.9668522074 45.4038987788 45.2711753683 46.0799994143 45.9819820406 45.7881185819 45.8165228039 45.9652910469 46.373612681 46.3018074176 45.1840961068 46.1219129778 45.4598544687 46.2108187409 45.9846262859
0 0 0 0 0 0 0 0 0 0 0 0 0 0 0 0 0 0 0 0 46.030891201 45.8057763889 45.4681057268 45.9867064699 46.3007489401 46.2673105694 45.0310353531 46.0228268069 45.244283564 45.5214099745 46.0332626486 46.0456828761 46.3398187814 46.3870589846 46.1846939931 46.3703112596 45.4067581277 45.3064165965 45.503312627 46.1204109186 45.2158313188 45.1178596233 46.2641730769 46.2036246038 45.3713019604 45.0589884512 46.3527347741 45.4052738658 46.3088564812 45.7664615541 45.6082054535 45.395977385 45.3931206153
0 0 0 0 0 0 0 0 0 0 0 0 66.6150082172 58.9294996339 57.7854609 0 0 0 0 0 46.0357707338 46.3675446248 45.7223272514 45.7034364187 45.1546460622 45.4474101855 45.4008336598 46.3007665049 46.08887903 45.8228329402 45.1676825871 45.3215634278 46.0727808499 45.5042408326 46.0271301017 45.6097833757 46.3438335802 45.9668238153 45.6618156408 45.4851781669 45.8853436077 45.7141041832 45.0340847923 45.5988586926 45.2150192344 45.7954216334 45.9671913382 45.1728758893 46.2131655456 45.7184957082 45.8588438998 45.4814210555 45.0413127938
0 0 0 0 0 0 0 0 0 0 0 0 64.8959161876 54.3405485159 65.8802139091 0 0 0 0 0 0 45.5098448321 46.1613814537 45.4646711594 45.1500198667 46.0777557471 46.3816610756 45.6431413407 45.4548402419 45.2507519142 45.8556855111 46.0494333433 45.782770272 45.8947803423 45.7987366906 46.1562765729 45.6716353346 45.4953465627 45.8476361098 46.4081128555 45.3484521927 45.817475011 45.0879210302 45.2438822217 45.4028180586 45.6841046937 45.0725616378 46.2406647582 45.6130350329 45.0702311684 45.3626509265 45.0761598467 45.8226563003
0 0 0 0 0 0 0 0 0 0 0 0 59.9767979557 62.5958359385 63.9915668404 0 0 0 0 0 0 0 45.8738671748 46.3713498028 45.0741986749 45.7305762103 45.3118852962 45.872195144 45.0260489419 45.6230726445 45.888453488 45.1335034345 45.3074229783 46.0335239996 46.0813829584 45.5496686165 45.7546936017 45.5132014404 46.1146157431 45.458973035 45.9558058765 45.7849569783 45.7787964768 45.4117122503 46.0981733975 45.641112449 45.8704634792 46.2871906316 46.3247196956 45.0369059842 45.8966623461 46.3449962944 45.281825749
0 0 0 0 0 0 0 0 0 0 0 0 0 0 0 0 0 0 0 0 0 0 0 45.6392038299 45.5700425028 45.1674225194 46.1771236764 45.4384522388 45.9885544458 45.3081075352 45.8499618136 46.371724748 45.8482220988 46.3990279726 45.453588104 45.4023909575 46.0341265047 45.2805977118 46.1369050813 45.1332849335 45.6666387674 46.0164152436 45.9944844852 45.0417172266 45.165173272 45.1692836433 45.8934142673 45.3861970769 45.0241998081 45.9234340841 45.5058600134 45.1075586676 45.9374024475
0 0 0 0 0 0 0 0 0 0 0 0 0 0 0 0 0 0 0 0 0 0 0 0 45.2867185687 45.3373381367 46.3759793238 45.3305803483 46.2991155825 45.0334669445 46.2738157651 45.9298130099 45.3432551127 46.0110712886 45.6040089506 45.2895760397 45.9647599125 45.8596189199 46.2287291861 46.1217504621 45.8252853799 46.2523195353 46.3669212417 45.0723083372 46.2546363093 45.8514741124 45.6777208642 45.3329214457 45.7913098963 45.9173949642 45.0256166977 46.0533056705 45.5658927002
0 0 0 0 0 0 0 0 0 0 0 0 0 0 0 0 0 0 0 0 0 0 0 0 0 0 0 0 0 0 45.2264944076 45.7581229197 45.4786713954 45.6369479871 45.4210236208 45.635032538 46.32612429 45.8598127077 46.0897631889 45.8519108736 46.3862634054 45.9556362878 45.5948402298 45.1826949842 45.8306688383 45.7496879538 45.6511205415 45.0617323405 45.9067942328 45.4924867756 46.2451114885 46.0643572611 45.8742007813
0 0 0 0 0 0 0 0 0 0 0 0 0 0 0 0 0 0 0 0 0 0 0 0 0 0 0 0 0 0 0 0 0 0 45.6469777937 45.0430048683 45.4365640854 45.0101895287 46.1130902431 45.6506162174 45.1645827396 46.0641756756 46.4050217086 45.6635195958 45.8722661641 46.1229338419 45.16803454 45.469566727 46.3098684925 45.868570607 45.2683406861 45.2876434554 45.7673799683
0 0 0 0 0 0 0 0 0 0 0 0 0 0 0 0 0 0 0 0 0 0 0 0 0 0 0 0 0 0 0 0 0 0 0 45.9715106534 45.6142932235 45.5395604755 46.0163464607 45.2153471634 45.9656814025 46.2391071868 45.1110006902 45.4305302705 45.841659398 45.6658613805 46.0019834702 45.8851170543 45.2963327086 45.9756279622 45.1049354829 45.3444501953 45.7101120995
0 0 0 0 0 0 0 0 0 0 0 0 0 0 0 0 0 0 0 0 0 0 0 0 0 0 0 0 0 0 0 0 0 0 0 0 45.0613514671 45.4756456777 46.0728423171 45.1056588578 46.2847013419 46.155191857 45.9750042147 45.813582221 45.0610206781 45.3547651266 45.3289582776 46.2607158072 46.3826718687 45.2864421995 45.2633082417 46.1024712675 46.412433865
0 0 0 0 0 0 0 0 0 0 0 0 0 0 0 0 0 0 0 0 0 0 0 0 0 0 0 0 0 0 0 0 0 0 0 0 0 45.7286167357 45.957882399 45.421663634 45.3168204121 45.0278580741 45.7428104572 45.4899221505 46.3973658622 45.0306937432 45.5177026719 45.5203849736 46.1933696463 45.718937532 45.7540478302 45.5740370913 46.2160041051
0 0 0 0 0 0 0 0 0 0 0 0 0 0 0 0 0 0 0 0 0 0 0 0 0 0 0 0 0 0 0 0 0 0 0 0 0 0 45.6086485316 46.2511014547 45.8303005278 45.8677153017 45.8776736425 46.126724896 46.2268198872 46.2891709873 46.2594360032 45.5810929019 46.139606444 45.8223856557 45.8152106591 45.8136437527 45.3156776689
0 0 0 0 0 0 0 0 0 0 0 0 0 0 0 0 0 0 0 0 0 0 0 0 0 0 0 0 0 0 0 0 0 0 0 0 0 0 0 45.8173244821 46.1568753425 45.8831184588 46.2635074861 45.9643668263 45.7206470632 45.3268131951 46.0249102163 46.3925000931 45.9336622794 45.3046957468 46.309106774 45.0491755772 46.2883457883
0 0 0 0 0 0 0 0 0 0 0 0 0 0 0 0 0 0 0 0 0 0 0 0 0 0 0 0 0 0 0 0 0 0 0 0 0 0 0 0 45.3017685229 46.2893463117 45.9402414786 45.9109097996 46.2004859006 45.4321703571 46.0251119627 46.3750778816 45.1080539796 45.1334394158 45.3663768147 46.127897509 46.338430553
0 0 0 0 0 0 0 0 0 0 0 0 0 0 0 0 0 0 0 0 0 0 0 0 0 0 0 0 0 0 0 0 0 0 0 0 0 0 0 0 0 46.203372314 45.0169723857 46.127459113 45.2180068435 45.6969242401 45.5488589028 45.9505325695 45.3638993322 45.4654025746 46.413713478 46.2860613585 45.0529694445
0 0 0 0 0 0 0 0 0 0 0 0 0 0 0 0 0 0 0 0 0 0 0 0 0 0 0 0 0 0 0 0 0 0 0 0 0 0 0 0 0 0 45.4198800593 45.3234766112 46.3074907394 45.8787993336 46.4013701748 45.6122226004 45.1652304827 45.7461236087 45.1860442165 45.6851764805 46.3205224153
