Spatial_Output/90% DEC/90DEC_1160.asc
NCOLS 155
NROWS 192
XLLCORNER 196769.923733
YLLCORNER 449719.875193
CELLSIZE 27.603701
NODATA_VALUE NaN
[rows 115 to 137 of 192, columns 53 to 105 of 155]
27.7934747619 28.0231440961 27.6843411068 27.5493914372 27.9869106242 28.1616350942 28.1503734814 27.9798635823 27.9434738103 27.5785406729 27.9714884713 27.6903357457 28.0074903293 28.1204622286 27.8866333213 27.6161202362 28.1928781483 27.7764948292 27.5597569621 27.8404899214 28.1394244086 27.5453291025 27.6284049449 27.8678557916 28.0627373567 28.096642916 27.8547594736 27.8637211773 27.990287968 28.0616656448 28.0018433416 27.8833748069 27.9655015825 27.6088618716 28.0244758271 27.5651903889 27.5840963091 28.0820197814 27.6438030979 27.9607637561 27.9157263809 27.9524032248 27.9870149366 27.6956452889 27.7546105931 28.0619156606 27.9990448889 27.8651875439 28.1980127223 27.9310960126 28.0484595769 27.6926093042 27.591636204
27.9993153771 28.0114982441 28.1679084635 27.9719865048 27.9872557619 27.635464373 28.148536848 28.0819953533 28.137175316 27.7095051744 27.5071810265 27.6638942167 27.9754748766 27.8129731355 27.9417425048 27.6644181212 27.686670344 27.9647449404 28.0490429872 28.1827882338 27.7295790545 27.6638097676 27.8795096854 28.1049581912 28.1173343251 28.1880942457 27.5512695829 27.5989673576 28.0746895442 27.7603281038 28.1190245921 27.9894459095 28.1830588936 27.8960237484 27.5106439527 27.8298344532 27.9268193469 28.1962642343 27.8057349652 27.8538775576 28.1934002546 27.9725464017 28.1506791202 28.1985461827 27.7610056373 27.854164432 27.7993728172 28.1366789193 28.0680543576 27.9378772981 27.5337743484 28.0189661375 27.6101897248
27.596629476 27.7720988152 27.5205178961 27.7761252174 28.0579717571 28.1539041573 27.9981824008 28.0294599159 27.7901388257 28.1025017418 27.5442192742 28.0329635079 27.6516160803 27.9572276794 28.1128739339 27.9951923588 27.5884074436 27.5559477436 27.9749049048 27.5013786427 28.1300423937 27.6616380615 28.0067914747 28.0634041382 27.8795492327 28.1777807962 27.7789671856 27.8355786367 27.8250517699 28.0397313732 27.8813209692 28.1174451081 28.0433831703 27.7259208275 27.6236048746 27.9226914034 27.501317094 27.7650849475 28.0770523061 27.5447371757 28.0642975356 27.6903025053 27.813551744 28.1244454121 27.9038391004 27.9997258317 27.6211086633 28.1062873926 27.9644599395 27.6158161329 27.5360679034 27.9873293632 27.8998719882
27.8422674334 28.1866552512 27.918507622 27.5313175206 27.7577017001 27.6618241871 27.8915030024 28.143392088 27.6404414042 27.5571305728 27.9119730603 27.5710750519 27.7495404176 27.7252995016 27.8533579194 27.6188081523 27.915979085 27.7910122442 27.9912245762 27.6472901334 27.5849428504 27.6849792004 27.5241051042 28.1368666351 27.6157603303 27.8317874167 28.1681518007 28.1418804175 27.8059555215 27.950585318 27.9192920364 28.0886353645 28.0299365483 27.862432248 28.0352524729 28.1142050951 27.9964746767 27.5295610314 27.9432594598 27.8884118265 27.9291886408 27.8188456012 27.588308905 28.0905688327 27.8115316328 27.530237855 28.1915724798 28.2006872446 27.8570824531 27.9284327893 28.1018452008 27.7865922418 27.9488766295
27.995706199 28.0730244261 27.8922676783 27.9539888956 27.5240094031 27.8173224439 27.5258687111 27.7266057293 27.5856626036 28.1946757478 27.6200696998 27.7544223316 28.1426331618 28.0729407327 27.5216282191 28.0237133641 27.7260569277 27.7689167524 27.8366855675 27.6779443147 27.8655620183 27.6217044853 27.9660811179 28.1710529186 28.172691272 27.522685986 27.8771152935 28.1070960385 27.8689867041 27.5726983365 27.9754462913 28.1065975998 27.5136921249 27.9578775783 27.5902198358 28.1236334611 27.8162046326 27.5191046904 28.0281702431 28.0497364483 28.001370302 27.7768180609 28.1292112285 27.5651325772 28.0928512027 27.539439055 27.8190851243 28.0493162137 27.5356029816 27.8726691175 28.0918790409 27.7659760898 27.5394083441
27.8408840184 28.1607355752 28.1681968697 27.9598174717 27.561965054 27.7763078697 27.8969031125 27.5026149851 27.7429833113 27.7914639511 27.6143456555 28.146630625 27.6557760491 28.0016606242 28.1939091819 27.9008569177 27.8402879447 27.8272344473 27.8642419996 28.1537695173 27.9234399592 27.9621288721 27.9823420476 27.9402037424 27.9246816893 27.6885117618 27.7599584133 27.9039896818 27.9744688186 27.5150354081 28.1180722782 28.1902236916 28.1915403282 27.9022071578 28.1529908017 27.9651037462 27.7751776887 27.5326698309 28.1854041085 27.8488879468 28.1140873809 27.8397256127 27.7324435903 27.7530940563 27.8845125487 28.1204394692 28.1527802773 28.0033556365 28.0270289017 28.0368553261 28.0915058292 27.5726227078 28.1343088425
28.1435995206 27.6168504965 28.0258242281 27.823390999 27.9182060846 27.759723715 27.5762939557 27.5295149553 28.014326005 27.7199141703 28.0080420999 27.7684782099 27.6725101163 27.9626602332 27.8054019052 27.6034491854 27.9735793974 28.1579361976 28.201648627 27.8573519231 27.7766604045 27.5793215384 28.0423361803 27.7501438114 27.7940910675 27.6618436368 27.8376674887 27.8798168335 28.0491325163 27.9478225803 27.717392757 28.1984495531 27.8171056367 27.7073599172 27.9849771928 28.1280627619 27.6816855456 28.0548184296 27.6263075736 27.9395826321 28.0078261171 27.8751051924 27.9024829517 28.0493871309 27.7498330743 27.8495922283 27.5166229604 27.9441599042 28.177983443 27.6709870592 28.0842047128 27.9652787049 27.8929057703
27.925656421 27.7532934337 27.8651508866 28.1422959273 27.5330417637 27.8604232675 27.5597145119 27.913031852 27.7129631215 27.613328883 27.7805028116 27.8503954148 27.772704103 28.0331405768 27.6389243094 27.9164682861 27.7769240994 27.9311700995 28.1408416719 27.8242391155 28.0872829793 27.9259002905 27.9362461539 27.9844643552 27.8956399272 27.9442085828 27.5737843094 27.7281098737 27.8396290288 27.7407306798 27.8137585033 27.9904508558 27.9896851122 28.1199945283 28.1324764242 28.0019763184 27.5666475224 27.6667234233 28.191898859 27.6687759156 27.9328853162 28.0308407468 27.6831462028 27.5444913265 27.6760382453 27.8572736598 28.1239371806 27.8664947816 27.7703975167 28.1647229117 27.8451573203 27.95550568 28.110831846
27.9274067361 27.9380840295 28.0058990847 27.8589555462 28.0879674992 27.5200189722 28.2026610045 28.0245405365 27.7436322654 27.7596379796 27.9362071226 27.9486207812 28.1443861738 27.823836578 27.8359512381 27.5741547905 27.5836286156 27.5889700253 27.7729021192 27.6570218511 27.622056947 27.5351868075 27.5929467069 28.1692586375 28.0964219774 28.1331971936 28.0726107822 27.7392900803 27.5152852572 27.986174143 27.7155272219 27.5723237059 28.1059314184 28.0856042346 27.6649923419 27.9858801547 28.1268631351 27.9615523588 28.1259016724 27.5141271209 28.0437390757 28.1003451436 28.1723504484 28.0376107424 27.8951243274 28.1111541552 27.5862522419 27.8329184563 27.5564253987 27.9809242773 27.9722671089 27.7949293561 28.0277067479
28.2004886615 28.0364132569 28.1348189202 28.0312554502 28.0157370219 28.049120523 27.6596804243 27.5612887987 27.7436432289 28.1522753763 28.1267962128 27.7237576343 28.1700288127 27.7945446997 27.8832710823 27.8211559848 27.8825329268 27.9753432123 27.6323446677 28.1597001247 27.9644682924 27.7701832057 27.5198511888 27.541030936 28.0484998492 27.8235056011 27.7473662868 27.7738630023 27.7543127668 28.0274765573 27.7877636621 27.5223095379 27.9302742722 27.676620767 27.5337291802 28.0927702919 27.6311520148 27.5583283764 27.8941048065 28.032895754 27.5488940693 28.0551494945 28.1054164955 27.8221308259 28.0568117918 28.0625065419 27.876803079 27.8918452924 28.0269494619 28.0872297355 27.9040952498 28.1447547267 27.7733351739
28.1962145619 27.5245749934 27.5582793062 27.7616205227 28.0998822014 27.8724381571 27.9407329301 27.8778362478 28.0520280843 27.7585790269 27.9914384261 28.0905123471 27.6918044985 28.1844423025 27.8571016642 28.1086197099 27.8979902163 27.9203121892 27.9051991325 27.7184039048 27.9560085263 27.623805638 27.9979024218 27.7353040296 28.042925089 28.1414799278 27.7072292421 27.9349877625 27.6518762902 27.8126064089 28.1302048275 27.5032557437 27.7021770314 27.8226082648 27.909109579 28.1095634294 28.0027715533 27.9962530547 27.9564217321 27.9464909715 28.0344955963 27.5418421966 27.612786291 28.0731024136 27.6347278432 27.8598722192 27.9165091893 27.8233544331 27.544707174 27.8345146923 27.8628109914 27.6449577424 27.5802655911
27.701727106 27.7463073904 28.1375640247 28.1529027376 28.0196211443 27.5348034275 27.8563508136 28.0535638677 28.1260268571 27.9222089763 28.0786458657 27.9875468633 27.6100100012 28.1300513207 27.9892635149 27.6083209442 28.1587802674 28.0879089898 27.8248240174 27.5004066487 27.5681023118 27.526785875 27.9406357105 27.9950014515 27.691977971 27.8636992549 27.5540903694 27.973921352 27.9048124328 28.097042794 27.5796981075 27.8595396931 27.5777064794 27.565826037 27.9074782983 27.5662590898 27.9616557088 28.1172850906 27.5489519579 28.0050932766 28.1278931233 28.0221669834 27.61399116 27.9273957612 27.6895693219 28.1246308376 27.8050258913 27.5293331512 28.1605315918 28.1335588617 28.0196661368 27.8973434347 27.6014289209
28.1854026613 27.8497844833 28.0408302357 27.9566625973 28.1093528122 27.690030808 27.9152201513 27.5915882976 27.7482088476 27.609844244 27.8806454691 27.6649596165 27.8507046111 27.882782996 27.8016709937 27.8587602405 27.6485591541 27.8389898651 28.0400571872 28.0495957565 27.8628328851 28.1190276512 27.9624994531 27.8571604684 28.0507523457 27.9152932188 27.9656111431 28.1372165393 27.7829542901 27.7579808145 27.8522369339 27.8546214607 28.0239130706 28.1131752699 28.1612942073 27.6139396789 27.717458726 28.0766652625 27.6014817965 27.75895821 27.5578412107 28.0628202015 27.6401982238 28.1604334645 27.9924397352 28.0822079314 27.9518456041 27.9461043008 27.6920526758 27.8060285953 27.5674810427 27.7494974504 27.8276270173
27.791317887 27.8937126212 27.6580983466 27.7517063329 27.5957102175 27.9103829905 27.9674949213 27.9121996465 27.9704875576 27.6817975761 27.5231029073 27.5143182758 27.6251450959 27.5416076356 27.8835381705 27.9675900416 28.0827926322 28.0474382576 27.5589883168 28.0159567204 27.863300516 27.9169238349 27.7452914237 27.8261520352 27.6905771331 28.0782565028 28.1279455619 27.7630497582 28.0724868583 27.8337108035 27.8284255805 27.7710577445 27.5030954572 27.8539933049 28.0489968591 27.963395734 27.5521768365 27.5588740718 27.8861333858 28.1057587784 28.0708950403 27.7484290671 28.2057506168 27.967633363 27.5105530596 27.650967952 28.0141237227 27.8636833142 27.9242679871 28.1597001736 27.5381591536 27.769225031 27.8204645838
27.7312536668 27.5937476518 27.6501557268 28.111231301 27.5249190986 27.7805817142 27.9598306114 28.0097151561 27.9184643282 27.7241117862 27.6756736361 27.8514680613 27.9331102702 27.6285496513 28.1736036796 27.6264713373 28.1057055471 27.7744324833 27.6159874264 27.8233819805 27.7354824507 28.1777035198 27.9346200818 27.7459395973 27.6524122645 27.8543166873 27.6403885931 27.7219011334 28.0032276008 28.0851027195 27.6931916553 27.8241148189 27.7517242356 27.9220329329 28.0816809452 27.5695405223 28.1682006186 27.82205797 27.9740549282 27.9756423171 27.6647988898 28.0818118459 27.9629446626 28.1932120515 27.726412333 27.5643594059 27.6151463708 27.677339758 27.9919948095 28.052398932 27.927074289 27.6448192238 27.5652285777
27.9599449741 27.9591060868 27.5361816807 27.8461778012 27.7918296747 27.7289656099 27.5867407446 27.8567437071 28.1221338757 28.1462609905 28.1989171635 27.9738283977 27.6263096382 27.9197534863 27.9069079787 28.1724145091 27.8693809025 27.5916818706 27.7321352134 27.8774725083 27.6513507836 27.9361012691 27.7233923464 27.6138539011 28.1553971059 27.8681455781 27.9540914531 27.654453339 27.8992543416 27.8233050961 27.6572172617 27.9672439713 27.554620156 27.9431489752 27.6548996855 27.9522395375 27.7310931235 27.9015366371 27.8745535791 27.9506687454 27.9888301014 28.146604725 27.7242256512 28.0757710986 27.984051241 27.8089130291 28.0804339726 27.9467662218 27.5080326183 28.1005863256 28.114650333 27.728721058 27.6180727826
27.7545841683 28.0980357399 27.5431399984 28.081658358 28.0909155337 27.7306843603 27.9674039254 27.7697414563 28.1383126802 28.0736631899 27.6486065508 27.756689297 28.0699111321 27.9478621283 27.7623327635 27.7697801483 27.6016748513 27.6257379033 28.1092002874 27.9962367237 27.5677733688 27.7583232709 27.5565361834 27.8931791545 28.1455972298 27.8120637052 27.6052481164 27.9126169911 27.6451194409 27.9866587916 28.1585880296 27.5624321904 27.6196249515 27.8409640581 28.1135141544 28.1878722645 27.5397170887 27.6733738779 28.0166163424 27.5778697071 27.7002591988 27.9481390122 27.6190868646 27.5750624691 28.0446838814 27.9771966127 27.9635064995 27.8093112052 28.0602739901 28.1525982146 27.5778222622 27.9980461219 27.9370543584
27.7135569898 27.6130911756 27.7910975107 27.7208989084 27.8313538736 27.9647897224 28.0729551625 27.7360981545 27.7070220175 28.0418502719 28.0605905763 27.9201039787 28.0261065008 28.0744252279 27.9724268933 27.9610058181 27.7730400024 27.6583016576 27.6953593551 28.1716834247 27.7045224656 27.5583760659 28.0543852142 27.6998877891 27.8748214846 27.7717397224 27.5900196914 27.6155567946 28.0119831001 27.7070528824 27.7812194901 28.0807125952 27.9416394344 28.0767524133 27.6173081246 27.9589974166 27.9419536973 27.7898709187 28.1637343787 27.9541577496 27.7138829247 27.9613533599 27.5747071593 28.1961777237 27.5487257753 27.6513995555 27.6579671188 27.6167753361 27.7399627147 27.8599853996 27.9211901916 28.1243237379 28.0072075896
27.5956552729 27.8909554313 27.5886346517 27.7801732757 28.048180171 28.1118628916 27.9591278505 27.7510849551 27.8798763666 27.7543277141 27.7638917412 27.7907541412 27.5152189047 28.0196370145 27.6223378484 27.593627561 28.0223149408 28.0180802706 27.7863536499 27.9010745026 27.9569024581 27.6168384227 27.7422400376 28.1771739975 28.1751883523 27.6376829016 27.9231579781 27.8697987326 28.1300768923 28.0485751554 28.1035636916 27.5859181108 27.8683187266 27.576342312 28.0495531882 27.6503080833 27.9016817654 28.1996167733 27.9945128431 28.1096463905 28.0905739919 27.8841828642 27.7889902382 27.9834222428 27.5112215258 27.5002516565 28.1205084474 27.5097535288 28.088028133 27.6575119371 28.0163205438 27.6632876237 27.9446275897
28.1973616336 27.7306408353 27.8624972696 28.0318365789 27.8244225316 27.6875583541 28.0381723749 28.0072564896 28.0149318161 27.847560684 27.9164109957 27.7818067525 27.5140902781 27.6588253688 28.09580582 27.5519571518 27.7691378217 27.5706107129 27.797316343 27.9329004673 27.6382210234 27.5433448349 28.05032474 27.8995108597 27.5862115214 27.7210947829 27.8070764219 28.1085188387 27.845359005 28.0843878883 27.9112711967 27.9586706656 28.0682435013 27.9857096506 28.1359129011 27.7960263411 27.5105588386 27.7165094757 27.5112180954 28.0497709207 27.671419974 27.9763958786 27.562308111 27.7961269786 27.575773161 27.7051135722 27.698845873 27.9144098386 27.5329056005 27.7953165889 27.9353666045 27.6443760282 27.7135573324
28.0584200491 27.6714200073 28.1098054084 27.5396243956 27.6884948169 27.8053418045 27.6778765844 27.7016043205 27.8386455336 28.0092046981 27.9385177225 27.8008725884 27.9928760542 28.2069016142 27.9874941319 28.0795258071 28.0798818061 27.794255999 27.9945505711 27.898611918 27.675851839 28.0931186115 27.7842233913 27.8641781393 27.9625016412 28.1522734649 27.6424370669 28.0113631428 27.8778936964 27.7382574588 27.5656013583 27.6434275279 27.9647101739 28.1494671905 27.6169446213 28.1865836037 28.065794357 27.6679990771 27.6299468356 27.5588901213 28.1936598971 27.8369362167 27.5956017851 27.6708810697 27.819114097 27.5506301806 28.0863080762 27.6461051105 27.6575639506 28.0358863002 27.8294985205 27.6715111098 28.1042416995
28.0856038173 27.7085666341 27.8403843354 27.6769566473 28.1305178028 27.5603200654 28.0056244188 27.7742813289 27.9227768255 27.6888925239 27.5727532765 27.7021273117 28.170777861 27.5895751731 27.9485408795 27.5271759942 27.9510646585 28.1752799937 27.609191232 27.8572193362 27.9553347583 27.5813245226 27.837016724 27.8404093572 27.7896725662 27.991488829 27.6628949987 27.9307935255 27.8322769829 28.0613041313 28.0293212561 28.1286066846 28.1366536941 27.8053810662 28.00530058 27.9960564386 27.9628413922 27.9623582914 27.5283793683 28.1890575403 28.1976988198 28.1732466091 27.6139102091 27.9444403858 28.1577534357 28.1558655469 27.8635678202 27.6638733328 28.1440950212 27.9992585224 28.1902122733 27.8601252217 27.906555119
28.1060204049 27.9078362071 27.833226716 28.0981695264 28.0920018824 27.7481296816 27.580891516 27.980529017 27.9595287134 27.6511017096 27.7477726429 27.8965213681 27.8271317563 27.5769909814 28.1488359056 28.1138982461 28.0723449576 27.7789021554 27.5270384876 27.5950480382 28.1888575397 27.8950904405 27.7021052459 27.7491189976 27.6898614415 27.9372048286 27.879151818 27.6227491844 27.8312455639 28.1462339024 28.119352076 27.5226742335 27.9437904562 28.1041062363 27.8128234083 27.7486935861 27.9825109317 28.1138355275 27.8979430394 27.617657946 27.8233208306 27.980800194 27.6098959214 27.9856764047 27.7934848978 27.9317586735 27.5309207863 27.7591891301 28.0369372463 27.6539919902 28.1064996354 27.5638118665 28.1244955412
