Spatial_Output/90% DEC/90DEC_0294.asc
NCOLS 155
NROWS 192
XLLCORNER 196769.923733
YLLCORNER 449719.875193
CELLSIZE 27.603701
NODATA_VALUE NaN
[rows 115 to 137 of 192, columns 53 to 105 of 155]
45.0657966585 45.1058503273 45.132549091 44.5377466059 45.191923825 44.8144161949 45.1260688984 44.7375112356 44.8434650443 44.8513958111 45.0041249755 44.8904602375 44.7149822944 44.6510058205 45.1364075369 44.8217528762 44.8119623867 44.8698003397 45.1356099189 44.6896343957 44.5596553049 44.8233338038 44.9371550457 44.6319197112 44.9369183708 44.8023615964 44.9951998854 44.7028845437 45.1805482748 44.6532910438 44.8254714498 44.9866995056 44.661482237 44.8473483856 44.584729779 44.6210841762 45.1560935612 45.0982259883 44.7771369265 45.1991204396 44.6533833943 45.1890300276 45.0504336776 44.6281700805 44.642275757 44.9687981577 44.9590829868 44.9035836675 44.6624218238 44.631993179 44.9537434463 44.7591552339 44.6273599287
45.0746051901 44.8675150492 44.6851758128 44.98342755 45.0410191232 44.8125796796 44.9145210541 45.1650198932 44.9677115889 45.1148853908 45.1121546854 44.7470390337 45.0678802078 45.0547687539 44.9616845108 44.5062395223 44.5214289911 44.6221835863 45.1237121533 45.1363227914 45.0718145488 45.2017954903 44.6652344191 44.8128810445 45.0322131839 44.9501465957 44.9819630289 44.8474156341 44.8434111674 44.6629090546 44.877663377 44.8300811304 44.6672385262 44.5021972526 44.8493453583 45.1734010342 44.5190632228 44.8842676765 44.6755821212 45.1853350109 44.9036219882 45.0765991818 45.0206242027 44.6970491372 45.1293015707 44.5054240727 44.8218176338 44.6284246743 44.520785482 45.0133097561 44.875535183 45.1409554017 44.7029214126
44.8066660215 44.5176213924 44.9220363711 45.110484469 44.8691790333 45.1713466077 44.5407057555 45.1983711165 45.1483117418 44.5218300693 44.7928674313 44.8088261217 45.0582653046 44.7724715763 44.8485202838 44.6737130857 44.5764533605 44.5262715822 44.5407045604 45.1898868957 44.562394057 44.7495676992 45.0102728268 45.0736701065 45.185994813 45.0961411043 44.5238587742 44.7655135605 44.8551121391 44.9101101868 45.0239078877 44.6370011508 44.6981507982 44.8057466446 44.9312260129 44.5336389069 44.9874138701 44.7225984308 44.5808841394 44.6494759969 44.9678253268 44.5210986449 44.7554656346 45.0127251724 45.1592713976 44.6346450437 44.6770948228 45.0012072057 44.5812849863 45.1535277224 44.537781863 44.6659551169 44.8744304574
44.75493263 45.0616493753 44.9149234771 44.9124857797 44.9529881668 44.7435833993 44.5042005705 44.5683060481 44.5040883562 44.5411278087 45.0459306166 45.0322453488 44.8585013627 44.9595362418 44.5824556496 44.9513659393 44.6119982226 44.5322098187 44.938422928 44.8654863073 44.8656820995 44.7000769366 45.0138286489 44.6803701942 44.6917570992 44.6547278453 44.9571152941 44.5912680745 44.7243462069 45.1312981717 45.0959976221 45.0152880135 45.0422211793 44.7692969671 45.0161838597 45.0745888574 44.7232887823 44.8511717171 45.0646453646 44.9981064318 45.1751160572 45.0006041454 44.5606476728 45.1458741132 44.76967867 44.7982565285 44.7597479916 44.8660721871 44.9857106226 45.0225369875 44.6604631947 44.8963027311 44.6149118476
44.6271775992 45.1847006162 44.9551180256 44.5662431423 45.0735851275 44.9825636567 44.9316456384 45.132529347 45.1091984408 44.9272375338 44.9901622051 44.904259651 45.0212249063 45.0398871827 44.5086213704 44.6519108683 44.9164624562 44.5714454418 44.8980183475 44.7087556365 44.9267219641 44.9739900994 44.5234971837 44.6836469935 44.8689642746 44.8150289841 44.756469212 44.6667778356 44.9202013064 44.7096962851 44.9375435483 45.0168270756 45.1414692644 44.8498754306 44.6894453404 45.083002491 44.9533872713 45.1834713725 44.8413565742 44.6144628777 44.9944775207 44.8325073248 44.618161112 44.5880610917 44.6831914681 44.8540631735 44.9715725963 45.1973175906 45.1915542446 44.7858305903 44.634489349 45.0404802373 44.7944730566
45.1291483389 45.1575494345 44.7730611891 44.5177398051 44.9282760733 45.1774724341 45.0945673682 45.1543613707 45.0241758318 44.605019731 44.9417417497 44.9307903505 44.7633978521 44.9703017024 44.9206034666 44.5996484399 45.2061533858 44.79278326 44.6668356675 44.796391133 45.1537708062 44.725787743 44.8002916861 44.8452779454 44.7641967138 45.1900182768 44.8781048708 44.7247571247 44.5178657904 44.8789359472 45.0318600066 44.5171286671 45.1198313029 44.8488414985 45.0171359287 44.6824006755 44.9618865441 44.7288908006 44.9977773129 44.6387776849 45.1929592771 44.6989499521 44.6111705204 44.5303840399 44.7437047875 44.826577482 44.9721432421 45.0213030173 45.1538594367 44.8054697919 44.9940583466 44.888400709 44.7111548075
44.7334376991 44.908617726 44.7704490924 44.6117602989 44.7316199462 45.1146986309 44.7733034023 44.7848601812 44.9236783087 44.6350637989 44.6899527333 44.7772055164 44.5123853747 44.7195336229 44.7761868261 45.0752374317 45.1632519532 45.1607775363 44.8142462925 44.5331433788 44.7002436678 44.8584178584 44.6601282132 44.9888203827 44.6087155979 44.5803395051 44.5930921322 44.8964105398 44.753951435 44.6090528958 44.9806004045 44.6200578754 45.1136647222 44.5016644207 44.5308709761 44.7330816887 45.1808364822 45.0369747702 45.0945492488 44.8277076771 44.5000102684 44.7232004013 44.7913068599 44.5429131101 44.7249415717 44.8760221477 44.5328741876 44.5147815488 45.0566838695 45.1607494226 44.6951494073 45.0916187499 45.0856831202
44.826071756 45.0129312325 44.6630478839 44.7604880904 45.0602822912 44.7049638392 45.1583680719 44.8441817151 44.6270037395 45.2042894839 44.9731667375 44.9234336688 44.7015501481 45.1814271099 45.0233225476 44.6709147982 44.8858019696 44.8611868004 44.5390702649 44.6468681069 44.69254443 45.1612062085 44.9002297053 45.1374139568 44.8574155116 45.141684703 44.898587698 45.1327455265 44.9276336696 44.5186683087 44.8835112349 44.7356768855 44.9013215603 45.1403886852 44.7149612555 44.5110259077 45.1228202699 45.1230713881 44.9333983329 44.8730414273 44.5057328166 45.005774381 45.0157302158 44.9871118855 45.0461067404 44.5869964134 44.789634769 44.5352973995 44.7310349002 45.111923054 44.5803362165 44.6915667588 44.8519393709
45.0220723406 44.5233497434 44.5847740435 45.0731286964 44.7467357744 45.0848239606 45.0472114213 44.879424119 44.8600733392 44.8798149986 45.1229420853 45.132106088 45.0260860794 45.0920718615 45.0511649957 45.019976112 45.1703677761 44.7007401552 44.7626458544 44.9077576712 44.7306669105 44.7462117848 44.5731233606 44.6584861966 44.7983951683 45.1293822621 45.0719290522 45.0403828383 44.9021486989 44.9286414019 44.8798181076 45.0383635775 44.5382276036 44.9065204445 45.0064919235 45.1903898672 44.6873766505 45.1875225803 45.0110184562 45.1230891637 44.8203954937 45.2041811262 45.189021714 45.0271917674 44.5140560143 45.1813078979 44.5437641242 44.9242377813 44.5045803222 44.8737243664 45.0550219561 45.1342230411 44.8033895978
44.7331228587 44.5509550109 44.8507421978 44.6877078745 44.6382444794 44.6410690257 44.7692801165 44.5677029144 44.6191073488 44.84692713 44.5293241023 44.8257965474 44.8410067607 45.0278107164 44.5324476605 44.9405740967 44.6077701298 44.6373094402 44.6082197863 44.5213620701 44.8646215773 45.1212527586 44.7017970756 44.7611176453 44.6693179675 45.1284845308 44.9180197693 45.1712850622 44.7917699958 44.5829429746 44.8083349343 44.9209891586 45.1580310747 44.6178934827 44.8974114725 45.0072635473 45.1846846371 44.6810009237 44.6379218391 44.5245895001 45.0232739539 44.9003767618 45.0885557046 45.1617367885 45.0508653392 44.9828760704 44.9952673136 44.6101883332 44.7968466927 45.1258555747 44.7393639579 44.930036703 45.1210454583
44.5199577754 44.8874678897 44.8732427919 44.580430084 45.0294949716 45.1917174337 44.8114288729 44.6163897866 45.1528355327 45.1455026723 45.0205645762 45.0861917283 45.0625286564 44.5246926123 44.7362677735 44.5710185139 44.5586312187 44.5978608651 45.1352049174 44.8755635551 44.7738233514 44.5773422945 44.5317687183 45.0794779962 45.0186072091 44.9086535059 45.1797326352 45.1861578784 44.9421669137 44.9884778083 44.756240183 44.8988716707 45.0838749365 44.8221358444 44.5876372947 44.8293398 44.8394425435 44.5766870296 44.694014379 44.6970469765 44.5275774076 44.9638832809 44.9306290161 44.7482625653 45.0384124417 44.7920085139 44.6355555766 44.9049042321 44.9569059974 45.1177220834 44.7552481869 45.121112837 44.7745580401
44.7620125205 44.8629061864 44.6692165488 44.6498202436 44.771016619 45.1680717044 44.928340772 44.8903572197 45.111401442 44.7536894955 45.1603831132 45.1182271442 44.8279853674 44.6116502669 44.739065638 44.507793104 45.1651829886 44.6268878363 45.170121166 44.8122522513 44.5669408377 44.7728552688 44.814665804 44.8111440818 45.1153276807 44.8935518602 45.0181554357 44.9151418348 45.172088218 44.7128239103 44.648346999 44.5080934774 44.8566442025 45.0395735811 45.1158483701 44.6448903754 45.1437815735 44.9573052134 44.5794767485 44.6814666951 45.0753933477 44.7940089339 44.8130297286 44.8079226301 45.133653186 45.1261511998 44.8931123689 44.8913658786 44.8564808006 44.6636188511 45.2013173755 44.9886368839 45.0582281325
44.7250619584 45.085120492 44.9928177001 45.0816027553 44.6827514714 44.6174492809 45.2059573847 45.0600365001 44.6296052635 45.1744398663 44.9090239139 44.6331858848 44.6786018217 44.8450735271 44.7746498262 44.606898792 44.5058852776 44.6478398345 45.1262736893 44.6493547835 44.6352460188 44.5236171151 44.9859769801 44.5728242952 44.5409506191 44.8036545036 45.1157094895 44.9372921127 44.8608063133 44.9641652276 44.9526373664 45.2029867133 44.9047562731 44.9277035284 45.1865582371 44.5871955748 45.0285645616 44.6080652769 44.8944503508 44.9635468758 44.7084043491 44.9894532454 45.1542741343 44.6084615809 44.7243235334 44.8529896807 45.0906805431 44.9109246254 44.8522989355 44.5890786249 45.1882941814 44.6060448764 45.0531878968
45.0947567744 44.6471593188 44.8038855167 44.534417905 44.7743685272 44.7819624651 45.020285959 44.9272063518 45.1797921037 44.9535194792 44.6394756966 44.9114161411 44.9428852991 44.9875195963 44.8592808777 44.9685147691 45.1660556957 45.1891490666 44.7526860999 44.7441454702 44.925630858 44.559557681 44.9898046322 45.0137753637 44.6623729573 44.6545770931 44.5636435544 44.5364929416 45.1967629306 44.5325351145 45.0817072038 44.7929470968 44.5013797627 44.6532473339 45.1540677677 44.9589238119 44.7127606289 45.0223797209 44.6028249597 44.6887630435 45.0660948795 44.6694358085 44.6858328585 44.8837373962 45.0869539756 45.1133412808 45.0965615641 44.507166325 44.5612636467 44.7283849045 45.1322812138 44.7501681799 44.8521283868
44.7180415935 44.6560194517 45.0915754825 44.8626329879 44.7408042982 44.895620884 44.5662840343 44.8448946837 44.512485267 44.9877989132 44.7381584973 45.0844705742 45.1047622047 44.589338621 44.9594929085 44.8805339382 44.628844233 44.742379066 44.6771312294 44.9700086936 45.1265978965 44.5797016843 44.8819215576 45.1831697324 44.8862269521 44.5724712729 44.9287021961 44.9277608262 44.8225902635 44.9555846156 45.0881842632 44.8801250867 45.0173651332 45.1644419246 45.1029883409 45.155046944 44.7508531493 44.8529631904 44.7255490584 44.6487979526 44.9025151999 44.5040463318 44.542610517 44.8973722067 44.515124284 45.168745184 44.9352300681 44.7032683447 44.6661440403 44.7363325829 45.0117707168 44.7228356308 44.7912870007
44.5428259026 44.6429658353 44.7024251885 45.0385509698 44.7226165414 45.0413842551 44.7535332168 44.5380061924 44.9080501356 44.6482660924 44.881431796 44.6719799717 45.0049959442 44.6826407141 44.8162377327 44.6349189577 45.0172729734 45.1838720811 45.1690920734 45.1661328798 44.9618549843 44.64651033 44.9530102049 45.1059832849 44.9025991721 44.6955418295 44.8948649421 45.0707825714 44.8660412074 44.6593139635 44.6078499304 44.5638355239 44.9574637969 45.0398668617 44.9766868534 45.0058099962 44.82546295 45.0924342214 45.1846813351 44.5270510779 44.7409670992 45.0481282601 44.5003110037 44.8735693327 44.7948623129 44.624612949 44.9805729915 44.7017831359 45.1655725903 44.8168039866 44.5826306921 45.1792040007 44.976031121
44.9412734895 44.9587578707 45.0101773496 44.506708028 44.8284356957 44.912336485 45.0401468614 44.8551796377 45.1118458315 44.6189287217 44.7798650588 45.068188316 45.1822418439 44.8370576424 45.0849093369 44.9471837449 45.1530123458 44.8987196656 44.9045230282 44.60891306 44.9881742011 45.0288621037 44.6390047807 45.1700101009 44.6781343909 45.1313835591 44.8519800147 44.9515025529 44.6209199567 44.6841384486 45.1426508546 45.1814187593 44.5780792362 44.6386578902 45.0445463779 44.6499794239 44.8441838041 44.9672109399 44.9282849304 45.1338373524 44.9527870882 44.9148451019 44.9680165002 45.1982700228 44.5582975671 44.8851175616 45.1880375921 44.8457854866 44.8969617443 45.1065379982 44.9953454672 44.9268153999 44.8117891948
45.0875961666 45.0081550462 44.6035183447 44.6974934797 44.6266271267 45.1457331762 44.9301462576 44.952363427 44.7650926591 44.7077243465 44.6618044718 44.9852379505 44.5280006246 45.1584425214 44.6038722263 44.5048445979 45.1535293633 45.0967635337 44.6130917548 44.5203744415 44.8476055158 45.1596863874 44.806460801 44.8726281957 44.877101473 44.8285509695 44.7580644288 44.5673473498 44.6239480706 45.1925710765 44.617578553 44.6189514219 45.186843224 44.9814650262 44.5185770389 44.8920519695 45.2044815857 44.5901750204 44.9614439416 44.5165312521 45.0062666494 44.8437435886 44.7317357871 45.1736656895 44.8951200418 44.5687713177 44.7648996009 44.980430025 44.652647932 44.681826138 44.5484952512 44.8972277828 45.0978291532
45.0769843805 44.9317029036 44.641441068 44.9598966172 44.6288667595 44.9219314766 45.0273950377 45.1968813121 44.8767685368 44.6584767246 45.1167703085 44.5173959386 44.7579658953 44.7554320498 44.7830179572 45.0666256109 45.1026973284 44.8963025356 44.5892442998 44.7460989493 45.1708525512 44.8198688144 45.0635879728 45.0895902318 45.2031320147 44.7007930858 44.8484329996 44.6815492236 44.7050425801 44.5547668325 44.9095273566 45.13866857 44.6963101924 44.5995987239 45.020811692 44.6575171902 45.1538198266 44.7834073083 44.7657076945 45.1488698932 44.5505972284 45.0642474682 44.7570451725 44.8610599244 44.8601764755 45.1346994197 45.1806498507 44.6517363411 44.6344481138 44.9025163973 44.9774332316 44.8332668784 44.9388084552
44.8168143116 44.651632659 44.5647716514 45.0972242316 44.9507336435 44.8232542722 44.5945684205 44.9709099369 45.1530372583 44.8744509174 44.6115113027 44.8826624197 44.779024064 44.9023958115 44.7684012866 45.0086197322 44.7856268139 44.6597672393 45.0916348319 45.1258700577 44.8703740421 44.5674600145 45.0862733052 44.5765702753 44.7952970564 45.1979409277 44.9116203701 44.6775048435 44.5970065427 45.1339747532 45.1956987171 44.770398758 44.6214544775 44.8237397643 44.5812910495 44.5946046829 44.8289330313 44.539029619 45.191187181 44.5755563791 44.5917049562 44.7223354103 44.5293492553 44.7127387725 44.9086655686 44.6436355141 45.1160815731 44.5412390754 44.6135730407 44.7454997987 44.9022134443 44.7055215139 45.19191204
45.1783888411 44.6742198939 44.977777859 44.7897576054 45.1866482245 45.1873228888 45.138954067 44.737385114 44.6218774307 44.9322792398 45.0365484254 44.923363521 44.9641559466 44.7869030299 45.1971405586 45.0559034605 44.7132262583 44.5599190198 45.0209380249 44.7540335897 44.5245222052 44.8536408692 44.5943079298 44.5914196997 44.6794642113 45.0222235627 44.7374781651 44.5492768574 45.0238303619 44.7842551275 45.0712769538 44.8870135392 44.5569750712 45.1198929197 44.7338503347 44.7440518569 44.8209927277 44.9585524767 45.1189851267 45.1186287304 44.6655146253 45.0900461273 44.6043396654 44.8292644249 45.1375032794 44.881428399 44.980008362 44.7163402927 44.9732179012 44.8205976022 44.5322005553 44.9289022386 44.7286036218
45.1800485028 44.9664551962 45.0207080904 44.5180978253 44.6828366559 45.0157566972 44.5496461217 45.0577744521 44.6961844212 44.789526753 44.5996105847 44.5538687834 44.5680087016 44.6394973714 45.206356018 45.0589823388 45.0265449337 44.5150781337 44.8229866099 45.1101015311 44.5476088035 44.5394254704 45.0297807857 45.0023987101 44.6878089969 44.89178801 44.5517185014 44.7279248205 44.7057338672 45.0423697982 45.12932027 44.5108542774 44.9878226784 45.0316044244 44.5995636456 45.0672414694 45.0350101806 44.5153409081 44.9677987963 44.9245773708 44.5909187413 45.0459181406 45.0233299714 44.6924899418 44.7827122022 44.5707645526 44.7974511391 45.1786801282 44.9242790291 45.080292451 45.0745313151 44.8024446355 45.203885195
44.8932503767 44.9927263502 45.1601897944 44.7111349854 45.2053887195 44.6474086477 44.5365329151 45.1969357355 44.7534591807 44.9743128989 44.6551125274 44.8210375308 45.1285367923 45.0976087603 44.7967432961 44.84367772 45.0468468834 44.912569482 44.7439321292 45.1009146153 44.9822524711 44.9639006728 44.7744556211 44.6149801203 44.5546351971 44.777104745 44.7416850896 44.6713112666 44.8536688307 44.5230925598 45.1011978005 45.0811825364 45.1860669954 44.5456839476 44.9701754918 44.559568348 44.826739645 45.0967913129 45.0019649744 45.1832379646 44.5686797385 44.7652511991 44.9387361965 44.9749977597 44.5521496135 44.627882923 45.2010611755 44.9763410441 45.0806361685 44.9103158292 44.9826493778 44.6927331032 44.7929967715
