Spatial_Output/90% DEC/90DEC_0236.asc
NCOLS 155
NROWS 192
XLLCORNER 196769.923733
YLLCORNER 449719.875193
CELLSIZE 27.603701
NODATA_VALUE NaN
[rows 115 to 137 of 192, columns 53 to 105 of 155]
46.7646509899 46.9770948063 46.9991478176 46.3370702028 46.0132387949 46.0136207002 46.9672761878 46.2774498786 46.5695711846 46.6803363383 47.3538530225 46.6665086744 46.3626799282 47.112110889 46.0399969204 47.2667334462 46.1279601168 46.7155682111 46.5717699494 46.0002276678 46.4537413284 46.4709360383 47.2524168534 47.3804717272 47.0912672459 46.7433515531 46.2110940218 47.4121861208 46.7231087695 46.5538798949 47.2486014319 47.1987432144 46.6140874399 46.8125304995 46.7459815295 46.259264647 46.3510888875 47.3855493291 46.2354480048 47.3131457844 47.0414512187 46.8561413223 46.7254375483 46.6284184185 47.1418477737 46.1650845796 47.1884577374 47.0379871766 46.7003999801 46.455784687 46.3945881383 47.1540522372 47.0163679711
46.101948856 46.3907381567 46.60724253 46.9530686134 46.8155939497 47.3307537537 47.0849315669 46.8678040529 47.0294655145 47.0684432115 46.3326416304 46.0361104721 46.5294985282 47.1860856658 46.7603390337 46.7169642476 46.4648731015 46.3713711386 46.1771127665 46.3661742488 46.8922843173 47.3179153673 46.0070856176 47.1049294374 47.0430766359 46.0083841114 46.3304513416 46.145913365 46.2913374217 46.3661962078 47.3460407131 46.8454135718 46.6191650766 46.9441163177 46.8457539576 46.8302801936 47.1361960187 46.3264716241 46.1350764266 46.2890939145 46.3885154945 47.3540161565 46.0909648695 46.9204799187 46.8000236138 46.5190693214 46.601252466 47.1335193724 46.7731650009 46.1306959643 47.3639035841 46.0325908633 46.4748883824
47.1123322577 46.8766219552 47.0894138288 47.3782827727 47.0800080817 46.8312130206 46.1443450244 46.8319143691 47.2280150368 46.8676563302 47.231793156 46.3969655294 47.0691887916 46.8414591662 46.7646296227 47.0736989985 46.0498763356 46.1955095572 46.4566170611 46.3485749641 47.0360496657 46.6769928647 46.3248356189 47.3006899122 47.0022492591 47.1817480162 46.4477568951 46.0727683295 47.1272303898 46.2187578885 46.9678093301 46.8716434251 46.1735382402 46.6253906336 46.0316820185 46.7029882295 46.6614115701 46.2201019462 46.8540028873 46.7580263375 46.2489183846 46.8575723898 46.6941417522 46.0517386065 46.5663507536 46.8682424356 47.0185464163 46.0696502596 46.3080259604 47.2982946239 47.2869956865 46.9012547554 46.2691851431
47.206461794 46.9201853871 47.1186194429 46.4821397293 46.7607503801 46.8515791265 46.2418668812 46.6333058066 46.7508339185 47.2420898483 46.7216864135 47.4051912211 46.3979039304 46.6517773207 47.1281198424 46.609410248 47.0116101304 46.7299084332 46.7754156335 46.467002434 46.612399908 46.5333363002 47.2944124269 46.9909158889 46.9478822416 46.2781483619 47.0006950618 47.0169842161 46.4066469886 47.0901333621 46.1810380158 47.2708775627 46.8025181721 46.1017206875 46.5363628808 46.7354589951 47.1856711759 46.8856595645 47.3251307869 47.3418372892 46.3505863498 46.7532700716 46.7511523851 47.1258660553 46.4420745507 47.3172310761 46.7946598767 46.4535342096 46.0412085368 47.3608049739 47.1087243634 46.38462079 46.753795588
46.178514894 47.0631220872 46.6991086376 47.099587151 46.6021170265 46.6248372849 47.1572255199 46.4761174585 46.2129189375 46.347686135 47.4126295887 46.4723977965 46.3580835622 46.8811290278 47.3322408225 47.3254507281 46.9162142641 46.4616534804 46.5636449773 46.6755069487 47.2962686781 46.8063754452 46.2525382579 46.3461385733 47.1137773881 46.7834178379 47.2533731978 46.4347562086 47.1898799012 46.2913249033 46.1626284746 46.835185037 46.0286478527 47.2470477767 46.0625495188 47.3481429473 47.0612941727 46.6123530568 46.1514925209 47.1910131171 46.7300931759 47.3944500355 47.0257736871 46.1002901886 46.8015414975 47.167800036 46.2340533361 47.3368032434 47.0891145844 46.9019815584 47.2978630892 47.2304971004 46.4486539401
46.8510657095 46.0110418591 46.1517145343 46.4296558749 46.35566377 47.1792698913 46.7387534359 47.3331090543 46.9194421309 46.1759117752 46.5916148515 46.3416227191 46.3538606346 46.9737131925 46.2480139051 47.4100172777 46.082641761 46.4418267936 46.3164792648 47.1722811831 46.9669458606 46.0974176242 46.876314431 47.3139570689 46.3964454673 46.6397079612 47.1166011726 46.851873019 46.0745910265 46.8252153204 46.8902742175 47.2612037062 46.1592097978 46.578539412 47.3057224668 46.0524034024 46.9799520433 46.3825294634 46.6527718992 46.0863606703 47.315967464 47.3341108435 47.2543768593 46.3205808743 46.4372826133 46.1848844265 46.6645260673 46.5330771661 46.134243525 46.3172899199 47.3672174477 46.9628922336 46.2851075158
46.7519129946 47.1488054387 47.0505921616 47.3141398854 46.0441285118 46.6939456439 46.5511488103 46.4629915152 46.0753136043 47.064592573 46.373700612 46.3572075896 46.7313639106 46.8889621036 47.396203314 46.930373484 46.9479080287 46.6252723245 46.2422633959 47.134427343 46.5672194243 46.9064814298 47.2394528533 46.1509883062 46.1907542385 47.4033660952 46.4142784821 46.0680254303 46.8994827223 46.3420730452 47.1530930855 46.689921015 47.0523031966 46.907835126 47.1967475862 46.5720707468 47.2062520646 46.082521151 46.2892200053 47.2554809152 46.0607918763 46.2011709742 46.8746992064 46.510019759 46.9393476641 47.1955599451 47.1450480086 46.3292079555 47.0462758605 46.2135071061 47.3221335307 46.4524765259 46.3152210349
47.0775838849 46.5462686143 47.1920744092 47.3425387899 46.5872912311 46.2800444528 46.838313427 47.3112526587 46.8769689468 47.3330736037 46.1307251703 46.6275630083 46.5469183652 46.3565086576 47.1067824687 46.7532948427 47.0515763168 47.3450765796 46.3006745491 47.1022776807 46.0171862794 46.5824216639 46.5941911074 46.2812161133 46.6015582953 46.7292613977 47.1679212739 47.3594294983 46.9450823655 46.6105821768 47.323026689 46.8570191107 46.7939348007 46.5218759676 47.2059594393 47.2970096017 47.0411235051 46.9955796023 46.0391516688 47.098287793 47.1012302848 46.6094200158 46.6018412411 46.3549203476 47.0422540984 46.3013697567 46.314524598 46.6114056874 46.110349427 46.721649915 46.2955943787 46.0069358986 46.7557742921
47.0924753202 46.5727751612 47.1897654895 46.8074690382 47.259474277 46.8878878732 47.1109824673 47.3258400539 46.7310478578 47.3988313484 46.8561515793 46.9363101728 47.3386597224 46.2746971311 47.3226233457 46.9588390721 46.5891082731 47.0037212354 46.3543320601 47.39746304 46.0327382252 46.4621342543 46.0984913161 47.2070535493 46.607839013 46.0070591711 46.7404220746 47.3206848087 47.0800173575 46.8693624236 47.0145836485 46.1509392517 46.4374396022 46.6989873448 47.1947201231 46.6433124182 46.4620768467 46.4137277859 46.7709160964 46.9937877172 46.8998926653 46.8539400421 47.2767274119 47.292684201 46.2729247603 47.1516839964 46.2965965608 46.3435273792 46.7955115063 46.8441912732 47.1278021791 46.3458601112 46.136784735
46.1651004929 46.0498717591 46.6719322536 47.1909553286 46.4437927324 46.0954686012 46.2689143904 47.2720211549 46.9987063874 47.3504293344 47.2069633059 46.0366753148 46.3635000352 46.9309279496 47.146658891 46.7417612111 46.6739937134 46.363590005 46.5200111117 46.4697006417 47.3954140087 46.1553403987 46.8578151456 46.8997317402 46.855821926 47.3727612772 47.3424159561 47.3564910412 46.6064955226 46.3914723164 46.5100900269 46.3488368515 47.080612745 47.2706164298 46.8474726598 46.2940124198 46.9529441572 46.4456829855 46.7283990972 46.5994550826 46.5930160713 46.2282008103 46.974683347 47.0870936527 46.9040637214 46.3613280992 46.7297468633 46.2638534717 47.0055900656 46.4004234305 46.8159508602 46.2352558076 46.714377898
46.3420692299 46.6385256329 46.1667180753 46.5033765522 46.973466032 47.0863092999 46.2034360813 47.2208872351 46.9085243058 47.19973009 46.8916353823 46.2872984064 46.0015778517 46.7941842235 46.7381181345 46.2994967108 47.2384330847 47.2511314708 46.4743547637 46.8673882282 47.0949073692 47.1950725872 46.743363407 46.0833007195 47.219988642 46.9881484023 46.0672204572 46.5891950023 46.5885865716 47.2547999757 46.9008761299 47.1590585786 46.6416428755 46.0780401937 46.8291222083 46.978351668 46.0288483912 46.7935553567 46.6877520098 46.0051978708 46.490882379 46.533924629 46.8514880518 47.1629084984 47.2993705542 47.1211148131 46.9178685111 46.1673020299 46.8915313149 46.3110825552 47.2863785749 46.1520348089 46.7144947024
47.3290160928 47.3082031094 47.0210725781 46.580642756 46.2908554017 46.7047606261 46.4498087517 46.7271769911 46.9541932097 46.3653721521 46.8266260535 46.5293972428 46.2542049951 46.6296621337 46.7078018668 47.1872647066 46.2621326405 46.7769544992 46.8388712266 46.9907679495 46.240982001 46.1479212904 46.104573107 47.0627609663 47.0351469598 46.052916124 46.4695214893 46.8654732132 46.1715350289 47.0426867113 46.6105060261 46.1426249061 46.776241203 46.9244657701 46.0430124556 47.3621126491 47.1073862183 46.5845827259 47.1792059649 46.4343108724 46.7988677575 47.381531061 46.4088613089 46.5970624664 47.1265842755 46.5297741951 47.1685093956 46.9443940118 46.9125807368 46.3218519111 46.4679721543 46.039383338 47.4098071584
47.3593998369 46.6572492688 47.0304760032 46.860657056 46.9816826897 46.4720934426 46.675004387 46.2556556501 46.7877342385 46.3490843307 47.2636469289 47.2761512626 47.2263668251 47.1100004199 47.0702825585 46.416355493 46.500840606 46.1495229932 46.6387764252 46.2011211896 46.045539065 47.2056076605 46.486498152 47.3821865563 47.1911273754 47.0193096399 46.0596772228 46.6082586319 46.6233937073 46.2167853544 46.447285934 46.1733854864 46.432774536 47.1036752082 46.9522711987 46.1947136699 46.3394604293 46.0093557684 46.0777674323 47.1977560194 47.2793975912 46.5399837783 46.1559366038 46.3961487802 46.1919801411 46.2156931259 46.3869374819 46.3370769708 46.6757256058 46.4347205324 46.395460446 46.250167185 46.3414003515
46.4301588704 46.6525923327 47.0446311216 47.2803206967 47.3714843297 46.2957240008 46.4379341215 46.5196552016 46.1661029344 47.0181571461 46.1599566046 47.2759204387 46.8956245293 47.3799449529 46.8463215776 47.3949861311 46.0167519765 46.4105722254 46.9409155477 47.2209185682 47.1330847808 46.930209762 47.3398686281 46.0152780524 47.1513517051 46.3550566881 46.5433211699 46.6412860991 47.0198283148 47.0507615824 47.2787429875 47.0661997706 46.3804440705 46.2857572639 46.4860003339 47.1500673871 46.9617303584 46.3168195787 46.5045485574 46.8000569071 46.2726977226 46.685643 46.0567378085 47.2827729622 47.2599182996 46.2776853914 47.0582409562 46.4157221885 47.1037474222 47.2130770301 46.001903019 46.3053426061 47.3469820714
47.107612762 46.3659345685 46.1986720281 46.7282157997 46.831302373 46.0442456499 47.2905362785 46.9135394533 47.3598402035 47.0329787795 47.2202512692 46.1430558451 46.3569103279 46.4021661074 46.3419816595 47.1299754648 46.7169979725 46.9470202034 47.1541955907 47.1299624781 46.771505437 46.0967495996 46.9318644623 46.5653093303 46.2794486272 46.5738048264 47.2284456521 46.72312762 46.2683293133 47.1510401158 46.3984764758 46.9297806084 47.0421594535 46.1057597574 46.4585191661 46.3458945339 47.209390085 46.9864467368 46.8245115777 47.1287013123 47.1157946117 46.5111026549 46.7415081722 46.2301791491 46.4821404989 46.5278827259 46.8766292269 47.2035509465 46.0739287993 46.6682085505 46.6570040622 46.802236782 46.6695840306
46.3058685653 46.1268089026 46.9007311934 46.9114355077 47.0575145332 46.1701487278 47.4050344507 46.3177205097 47.1027199683 46.6836439993 46.8767469563 46.4785184414 46.3451489568 46.7527871377 47.1411956267 47.2671833635 46.1977540664 46.9827658221 46.4044813077 46.714291727 46.8899986057 46.5816404473 47.3337198297 46.658956229 46.9127744493 46.4278975 46.6360961782 46.4974720831 47.2218615456 46.4848720674 47.4124570201 46.1169607019 46.8264669772 47.3647901277 47.395566027 46.5627968049 46.6486300726 46.0421772917 46.1514530731 46.0413051858 47.3175641219 46.8343150946 47.2635215997 46.9443605971 46.3065343108 46.3779271508 46.2759000627 46.3476591748 46.1050363421 47.2301496567 46.997541417 46.4433785398 46.3800673659
46.0142926981 46.5773364133 46.6628752262 46.9355956694 46.2735211599 46.0684359342 46.2189105815 47.000615077 47.086854426 46.0157257517 46.9054421646 46.9125819211 46.0465393494 46.4636511353 46.0365492483 46.0908320059 47.222212053 46.305481507 46.7461754154 47.2079863004 46.9108953623 46.4484728915 46.7989740961 47.3958870125 46.6678365136 47.2157234834 47.3049780838 47.0527595358 46.7856394091 47.4102169935 47.3239394841 46.5889015945 46.1117803338 47.0154779896 46.175403813 47.2881807354 47.2750614889 46.0688767047 46.4548045124 47.1651476698 47.0055626271 47.0307707429 46.628873475 46.0261458398 46.3726526024 46.3987130331 46.766176654 46.5567843678 47.3326069659 47.2068859904 46.9222432555 46.4678134953 46.2559169581
46.7579108567 46.0596658108 46.8498329822 46.1299887496 46.476676369 47.0470039593 46.6041841049 46.4477165409 47.1887146526 46.9755257184 46.8279073517 46.1387017945 46.4202290331 46.9881505113 46.9974879809 46.4607266777 46.338787911 47.3336795199 46.0403546779 46.799174983 46.9551462435 46.2067243731 46.132796039 46.5994383 46.3056814952 47.2379665211 46.4020898691 46.9510097206 47.4009698796 47.3786709745 46.5091693259 46.9381626437 46.0374501075 46.7036423293 46.566152517 46.1820232711 46.1498671601 46.6233174453 47.3820573037 46.7007558428 47.1889758202 47.2525102296 47.1851634993 46.0009578612 46.1410350568 46.2227894118 46.4467361669 46.4716752091 47.1015528176 47.2412839101 46.1568922465 46.3539440127 46.7700887302
46.1820316059 46.1685012971 46.6714494112 47.401723497 46.9378138724 46.9978600869 46.7903347775 46.3617115133 46.910660908 46.8049864412 47.3262153675 46.7236079189 46.1131839016 46.5381471607 47.0604742065 46.5231998875 47.2641240388 46.3844800063 46.1620392143 46.215245473 46.2049012322 46.8282516003 47.0285935082 47.2406599721 46.9601751561 46.4270870463 46.5129861875 46.3151768323 47.3145248362 47.0432592997 46.7664941441 47.0270205318 46.6536091547 46.5957839491 46.1878248289 46.3410244975 46.2361631344 46.2449348917 46.5711484381 46.8196695408 46.5844133963 46.2354344176 46.2524196547 47.2168901559 46.2613324085 47.155669218 46.9953997312 46.5937411175 46.7962981012 47.2182117598 46.2853096186 46.96970445 47.0707330914
46.3566629049 46.0897020926 46.9237530395 47.3600836935 47.2430270225 46.0541018129 46.7670213759 47.3511408018 47.2045027721 47.1349465243 46.3939546474 47.0897050425 46.0881398151 46.508264799 46.1859114498 46.4226805023 46.0119267917 46.9879534341 46.4115822734 46.1956760415 47.0772424211 46.8341498774 47.0763724103 46.896809087 46.8741290561 46.4020988146 46.156177865 46.186692189 46.8188776818 46.35753942 46.1540180808 46.9882320471 46.2307022017 47.0607763261 47.1018821269 46.4117869906 46.4354620256 47.0884071085 47.262107457 46.0152361423 46.9336106897 46.7310761901 46.4283214184 46.3540669862 46.7928801447 46.6238858592 46.845629546 47.2828279384 46.3116572101 47.1092611873 47.3411306231 47.0276328806 46.0230238633
46.3086324463 47.0396039982 46.9240813997 46.5277298327 46.45824343 47.1333959315 47.3413178509 46.3256747995 46.1624725954 47.0643627928 46.7680897224 46.0868597329 46.6040679134 46.9930058347 46.3164397976 47.2851404543 46.2136218047 47.0641046589 46.6566771923 46.4021767018 46.1610882727 46.3555061875 47.2845414084 46.3435711088 46.6941911806 46.2426407112 46.6600917202 46.9139125128 46.7770629335 46.1452313735 46.053504166 46.5118868421 46.0265223544 46.1428818174 46.900309701 47.2732147648 47.2851968823 47.3178433389 46.9581318861 47.2009017584 47.0018372582 46.7010463539 46.4761477085 46.4773048414 47.2198608192 46.8706736092 46.292586634 46.5051719848 46.2043688807 46.091609242 46.3054888204 46.0113508579 47.1609189271
46.9262697655 46.3711636229 46.6230664336 47.4125833285 46.5077857649 46.2991685043 46.0239887971 47.3606276553 47.0964038453 46.7706656409 46.5951249284 46.1088442479 47.4108307111 46.7595633152 46.0093323831 46.2885528497 47.0122171503 47.0349220291 47.3196116943 47.4032537793 46.4873162991 47.1321465075 46.6656626118 46.1949233335 46.4259503703 46.8650106809 46.1652561577 47.0780421521 47.1587557344 46.0305726386 47.3590459021 47.1129514813 47.2114462299 46.6532882703 47.1314608181 47.0690194381 46.4016581219 47.3097340329 47.0682020585 46.9867009536 47.2835986574 46.6447572586 47.3729367216 46.3323774823 46.7984135258 47.1058439171 46.5155005715 46.2723771737 46.1441715004 46.0545259752 46.5303355342 46.9849367711 46.0178128222
46.7023916519 46.2642622784 46.3904142292 46.0248520359 46.5976728487 46.3838096335 46.5265169531 46.3657720666 46.1952129385 46.7122360042 46.3146292034 46.0694492556 46.378085569 46.7980918347 46.8207106578 46.6447759318 46.6426089437 46.709480347 46.249606518 46.8425206186 47.299957881 47.3996016581 46.6469591514 46.2701321753 47.0502766215 47.1986161621 46.465459998 46.7304574853 47.1655915913 47.2752499849 46.1053675037 47.0837736999 46.2177192231 47.0281799239 47.2040604983 47.3704405393 46.0265615007 46.2333900442 46.5110013678 46.77139243 46.5709730902 46.5745893169 46.6036254327 46.9446649786 47.1423600735 47.2188193999 46.3867993724 46.2285973514 46.6561196685 46.6000559091 46.7588614911 46.9356726739 46.5076310342
