Spatial_Output/90% DEC/90DEC_0284.asc
NCOLS 155
NROWS 192
XLLCORNER 196769.923733
YLLCORNER 449719.875193
CELLSIZE 27.603701
NODATA_VALUE NaN
[rows 46 to 68 of 192, columns 0 to 52 of 155]
44.891099636 44.8027183971 44.7198989883 44.6469490014 45.0344411053 44.8411051517 45.1876171832 44.5068444907 44.7609044871 45.1430720107 44.8497689365 45.0597905555 44.6102511186 44.7588816561 45.0155322395 44.5283484233 45.1601825359 45.2050592116 44.6367967148 45.0441454816 45.187523032 44.6107556827 45.0074870032 45.0451612847 44.6229287847 45.198314564 45.1785201756 44.8917385213 45.1483082562 44.6768798077 45.0267662158 45.0246816573 44.5373832157 44.5523128036 44.5586456923 44.6602424849 44.5133369111 45.1804430168 45.0650612301 44.8474262909 44.5773077 45.0244218762 44.554114464 44.7204834783 45.07117321 44.8122566041 44.6596348261 45.1050677994 44.6972747528 44.8243902656 45.1784176808 44.5848590412 44.7409332955
44.8380941306 44.6788371813 45.1052767603 44.7873894732 44.8542313503 45.0614959233 44.7751884049 44.5843540541 45.001301416 44.5807830864 44.5434630945 44.5539385503 44.6026846599 45.1682067093 44.5204451422 44.5037674023 44.8207336557 44.5783089714 44.6186349596 44.8878541973 44.7792112129 45.1339672803 44.7742236741 44.9905045235 44.6295985989 44.685339917 45.1730274353 44.9838099548 44.7620646541 45.0022517042 44.6085130788 45.2050859784 44.6328534285 44.7761323564 44.7999412697 45.0606448632 44.8944638542 44.7470865137 44.7002530467 44.6799932983 44.5194964531 45.0584429304 44.9764414469 44.5908162015 44.8786853599 44.6233465903 45.1257111651 45.1239415329 44.6286755596 45.1483696825 44.904056247 44.7355635153 44.8400983382
44.6831829239 44.9212697926 45.0842178761 44.8015682931 44.5309440276 44.6196919168 45.1291091858 44.6308459747 44.5109079035 45.0255083871 44.5722010304 45.0979393013 45.181541107 45.1255101202 44.8067305245 44.7590736328 44.959505458 44.9972205746 44.7908128198 44.694003155 44.6791289714 44.7058143719 45.1173022184 44.5047972615 44.8837307277 44.8163097425 45.0401892352 44.7043668723 44.8811202874 44.9997869308 44.9941149397 45.1086644598 44.8864995177 44.7452924735 45.0568266749 44.8399706353 45.1553941037 44.6327844123 45.1667854315 44.7981474892 44.5683543748 44.581901001 44.7299135571 45.0917876486 44.5535803623 45.1682715192 45.1933538915 45.1741819458 44.8359634388 44.9950185505 44.5195130301 45.0745766027 44.6287486433
44.8122537704 45.0668632773 44.9789511574 44.6667381663 44.7308969186 45.0458526527 44.5981035271 44.9275491329 44.8563049579 45.2004574533 45.048459284 45.1879000969 44.811877278 44.6307413373 44.8216106561 44.9602606396 45.0901916554 44.6419708173 45.0453958307 44.8100635271 44.688727667 44.5645136422 45.0562399616 44.797337319 44.6017555243 44.855159292 44.6817849337 44.6509710174 45.1066236103 45.1926276532 44.7812890887 44.6461374231 44.7601466596 44.6180394997 44.6331829028 44.9562322361 45.0859857589 44.9820468084 44.8322677219 45.053591171 44.9849530767 45.1400410555 44.9761024162 44.5973136725 45.0667879039 45.0489709941 45.1209782797 44.570385582 45.1632372817 44.6887531798 44.5302733337 44.8816625183 44.798994054
44.5192729842 45.1999771842 44.5235633792 44.6686698259 45.1388652884 45.0519461235 45.1408070942 45.0320386573 45.0346083786 44.8214491682 45.131522341 45.1044147971 45.2054682317 45.0691013231 44.6990516595 45.0493407375 44.736232929 44.9826514104 44.5136190732 45.0071588624 44.9687108826 44.6739450226 44.8825571546 45.1302126904 44.8589205092 45.1957878308 44.6629072423 44.5451346017 44.8429927357 45.0599335849 45.0710843598 44.8796979658 45.0659039318 44.8311144526 44.6602024201 45.1887499755 44.8768611413 44.7255529058 44.8103051189 44.544579391 45.1710269421 44.9123952183 44.5102031229 44.6470721605 44.7702884662 44.8796328951 45.0506368884 44.7366628379 44.5824091289 44.6350381398 44.5977934431 45.009333893 44.5946799649
44.5369197192 44.675833583 44.9551871943 45.1911662803 44.5053063217 44.5904281475 45.142085481 45.0799886377 44.7998692772 44.8034308604 44.5205182837 45.2038563104 44.7128986161 45.0967598286 44.7020962914 44.9066422752 44.5968253558 44.9146429348 44.5536013499 44.7177247368 44.848202373 45.1060004056 44.6952730261 45.1239926359 44.674763985 44.9770313263 44.8882749264 44.6213683507 44.5022106433 45.1089995299 44.6484771413 44.9039973633 44.5784706572 45.1488472051 45.0286162493 45.1561826862 45.1294351068 45.2057742369 44.5392045172 44.7029660591 44.972847609 44.5102775316 44.8228600974 44.6605921216 45.0546790744 44.5820441345 44.5443507643 44.5149524255 44.561855918 44.7766583114 45.0109320403 44.7611810525 44.5722066872
44.7445184125 44.7459361477 44.5866315633 44.7079804635 44.6866518445 44.5692468604 44.5317655673 45.1756779878 44.532525967 44.7106085411 45.0272641246 44.8228196042 44.6299470735 44.9916780587 44.9251710842 44.9282564281 44.706804947 45.1886532909 45.0870594162 44.9571449084 44.6673193975 44.8792332894 44.7224299993 44.5239967389 44.5015747563 44.8671213308 45.0269428509 44.846430553 44.597615547 44.9085624031 44.8003304466 44.9341161346 44.6886875505 44.7253361842 44.8356824527 45.1290514995 45.1747257433 44.5586993775 45.0364257556 44.9527957438 45.0091657688 44.8878547379 44.5452564802 44.5231822248 44.8990106518 44.7656814425 44.6705486557 45.0686446496 44.6862589091 44.9418072411 44.6483291375 44.613319216 45.1934439013
44.8501466854 44.7148167961 44.5503919985 45.0584824558 44.6234164817 45.0238919784 44.9540702428 44.9028347039 44.7938762008 44.525712845 45.1127797647 44.5789174185 45.0076919705 44.5936217958 44.5342838659 44.7554292412 44.6334488883 45.193197106 45.1683163059 44.9633102748 45.1947362536 44.7816540687 44.9750564535 45.1948435214 44.9980754897 44.8233576749 44.6994421363 44.7347406708 44.9760432375 44.7423018066 45.0198799384 44.7683226969 45.096774816 44.5056704821 44.530643428 44.8069286769 44.6562638726 44.747121205 44.529898207 44.8955273998 44.9884255299 44.6675522511 45.0621003104 45.1501771367 44.7771188353 44.9311841717 44.8874077694 45.1375006468 45.136225108 44.8115868949 44.6374884934 44.6584522838 45.0555939608
45.1995121397 45.1504316865 45.1952312993 44.7741059625 45.1616601969 44.84644576 44.5619486789 44.9794274496 44.7218610256 44.5655970674 44.6186830918 44.660461506 44.7762709506 44.7250224207 44.6093212663 44.6124159673 44.6835611688 45.1338526071 45.0329183914 45.1624809827 45.0009161444 45.1388541452 44.9524937011 44.8548275026 44.811350409 45.1744695414 44.6334176983 44.6322067181 44.5126604735 44.5719133791 45.2019821536 44.5309869138 45.0206221595 44.6618465261 45.0802451642 44.7409559421 44.6649446551 44.6530583355 44.9431157614 44.914183245 44.5171443375 44.6604884823 45.1654055091 44.5817446109 45.1814435128 44.5386203023 45.1471621653 44.5647536373 45.0097414614 44.9313746616 44.9312213239 44.5758687794 44.6041013069
45.1038481043 44.5729235666 44.9415849627 45.0068137289 45.0844270094 44.8719506897 44.6913656143 44.792176371 44.7169170686 44.5636599784 44.5747199274 44.9496011388 44.6356274905 44.6136400604 44.5658393924 44.7439626868 45.138729967 44.5304896266 44.6522914016 44.8722789086 44.5802482196 45.1090190032 44.8516721527 44.7153437493 44.9756711626 45.176992968 45.0841338985 45.0537399705 44.9583917011 44.7043498786 44.8864731762 44.9555369746 44.8215999009 44.8372478593 44.5614504182 44.5533249703 44.8297371138 44.9463159844 44.7428382889 44.7836433171 45.1401280903 45.1958220757 44.9815138795 44.9826357072 45.1013488428 44.9534810275 44.8625836036 45.1190850403 44.813499161 44.7831913602 44.8430295596 45.1174083594 44.7939682273
45.1032926986 45.081072684 44.9122933834 44.5670338014 44.5418974999 44.5618357391 44.5432777807 44.6220309759 44.5060781648 45.0211326179 45.1508728845 44.957601337 44.7504880536 44.8500716179 44.5501062173 45.2056306023 44.9543983249 45.0512615091 45.1729280052 44.7269970499 44.6236956341 44.7622070492 44.9055801605 44.5638511909 44.8706338318 44.9184447161 44.5738645904 44.8116767856 44.5844906984 44.6050078543 44.5878798618 45.1610429523 44.8825795998 44.850589601 45.064634485 44.6859870016 45.1459124874 44.9753322498 44.6142776271 44.8423104136 44.610230104 44.8398889785 45.0507926945 44.9030933549 45.1081560023 44.5140682796 45.2009579254 44.8652717643 44.5983454536 45.0545105169 44.7952632028 45.1659722223 44.6707849376
44.6076412309 44.9105014283 44.7906752934 45.0091863336 44.9112777065 44.5427530164 45.0860083367 44.8366244832 45.117285854 44.507192848 44.9109479047 45.1288415118 44.7010092261 44.719903574 45.090616296 44.9817725168 45.0551015242 44.5634709025 45.015977352 44.8280868608 44.773429558 44.983640988 44.7392567207 44.7855487718 45.0320086563 44.6328948474 44.9283265436 44.7279080999 45.0623431848 44.9570923674 45.0889673704 44.8288938933 45.052015797 44.9567689172 44.51153184 44.6201639734 44.6089561905 45.0139919509 45.1538474401 45.1862992861 44.5917825441 44.5282312483 44.5379897854 44.6008060524 44.8738789465 44.975791964 44.570121578 45.093183408 45.1061701707 44.9970055516 44.6105382611 44.8222351583 45.0426429203
44.8735542184 45.0561379432 44.9355694713 44.6342273758 45.1900129513 44.6960605328 44.5707357363 44.9816625935 44.7744418769 45.0676446429 45.0118206572 44.5865034968 45.0279146748 44.8150496051 44.5716805022 45.0927383478 44.7382819155 45.1260682743 44.7286290888 44.9991214802 44.8334351298 44.5615375171 45.2065478787 44.78300495 45.0735468594 44.8687279729 44.5023690422 45.1188817046 44.8040047194 45.1877014612 44.5813277595 44.6197833074 45.0279258835 45.0110340157 44.5781117768 44.6467063794 44.9295412497 44.6008274842 44.7020550413 44.6779208708 45.0878255774 44.9005007873 44.633363874 45.1372390211 44.7078156755 44.7188456169 44.9834718623 44.9128331017 44.5317833436 44.7188536993 44.5451757599 44.5652749733 45.1086329597
44.9455035978 44.8435009858 44.7571496301 44.6810375221 44.9464107455 45.183842341 44.9921953709 44.5776089528 45.1457046062 45.1246112075 44.7817828097 45.0480422635 44.7200993464 45.0075097942 45.0954217687 45.1072521359 44.9008331597 45.1863379549 44.857196504 44.646132517 45.1833710131 44.9769312959 45.0893559721 45.0162580596 44.5000939338 44.5783141228 44.6688818789 44.9943825577 45.0416664611 44.7573706423 44.6728924485 44.8909089369 45.0726910573 44.6389893432 45.1001401426 44.6122849715 44.5455245874 44.5449549465 45.2000808632 45.0988697637 44.6904107696 44.6774201838 44.8181850047 44.7772689511 44.5226886247 44.5144897505 44.797162229 44.5360146297 44.9323877939 44.6284301847 44.7473873761 45.1331585409 44.724199094
45.1609437567 44.7710839927 44.5055880284 44.8045963598 44.8729481785 44.6608782985 44.9325565272 44.5253007421 45.0213013417 44.7216056161 44.598330494 45.0858895174 44.5344703118 44.9441514405 44.7070280308 45.2064998717 45.1151182459 45.203910657 44.8859673863 44.7738762225 44.6717664557 44.6729109035 44.5051657913 44.9286001624 44.6626325033 44.9033209841 45.1291941098 45.095817462 44.700211076 45.1819107133 44.8315860077 45.0948209506 44.9241606286 44.5619220231 44.9082446232 45.1759438764 44.8365199227 45.0196683483 45.0052583918 44.8782475781 44.7263465148 44.7563774904 45.0016053451 45.1852204006 44.6505511955 44.7127343608 44.5530344395 44.7713523061 44.7294567697 44.5249513678 44.593130699 44.5221391474 44.5158083376
44.7037238025 44.6723346435 44.565920283 44.7134049601 44.5446292656 45.1106722427 44.6140656984 44.7065383218 44.7732857723 44.6673871419 45.1301685059 44.6950372135 44.6879198126 44.5306259594 45.0886734523 44.5787999422 44.9598626293 45.067474876 45.1172052984 44.8818723425 45.0048092887 45.1975114889 44.8369122018 44.9120656955 44.7088893612 44.7635463926 44.5462146592 45.0141067738 44.8649674036 44.7905027587 44.7465485705 44.5315730089 44.6955718826 44.8115052901 44.5279656269 44.5101176729 44.6867780825 45.1233570968 44.5975651005 44.8116268399 45.1480172393 44.8704866205 44.9523212114 45.0190667503 44.5371267894 44.5493907595 44.5914967062 44.5137778846 44.9737696662 45.1375238731 44.9418587996 45.0131634734 45.1673655193
45.2018165854 45.167113588 44.7541139681 44.8741864853 45.1429070515 44.6798633436 44.6380263409 44.9022888127 44.8620028709 45.0914569982 44.8480513793 44.5322375563 44.823461529 44.759799415 44.8875326005 44.9085417914 44.8704702584 45.1272360071 44.8595373141 45.1450623856 44.9139209888 44.7389472503 44.6373735218 44.8897767498 44.8153833442 45.0299282396 44.820126281 44.8244684035 44.8091186803 44.5147846922 45.0286382618 44.60552037 45.0424224371 44.8461761746 44.5272256146 45.0299741723 45.0448914476 45.0648575693 45.0598882949 44.81711526 44.7818399477 44.6527809458 44.6115371849 44.7474022913 44.9885102066 44.582117972 45.1814770104 44.6723692185 44.6498933358 44.5058161459 45.1017324181 45.0493080718 44.8882741992
44.5209604886 45.2022773427 45.1904343654 44.9155962961 45.1846900741 45.0772660578 45.0940857611 44.5167022367 44.544829077 44.7143797083 44.9116668851 44.6298367202 44.842880123 44.5679770153 44.8828344646 44.6956727 44.5536211898 44.6683771134 45.1140664587 45.1949816968 44.7760588108 44.9194560999 44.584689561 44.6136008984 44.8038327119 44.7680150612 44.8077537104 45.0500630755 44.9976166152 45.1408496956 45.1936898299 44.7075189 45.1197487882 44.6284280246 45.0834726296 44.5182177219 44.5887484273 44.9171889265 44.8297757341 44.8904459113 45.1722692811 44.7408039928 45.19105098 44.8324307538 45.071351269 44.6291695883 44.8768014847 44.9891087855 45.0868850538 44.838679703 44.5879349568 45.152901935 45.0854541055
44.6022238523 44.721592558 44.8956151327 44.730334961 44.5181384259 44.8469005093 44.6672286377 44.6868438072 45.0067247942 45.0326746243 44.8440468848 45.0145981196 44.7903263277 44.5949076597 45.0731741424 44.9419836667 44.7321669545 44.8235547781 44.6950427431 44.8013853854 44.9516630054 44.787962226 44.7879748625 44.5750009697 44.6267104387 44.7575380259 44.9914978815 45.1839522518 44.9445253414 45.0016148039 44.8393735692 44.9296056627 44.8304402764 44.5501183919 44.8283383453 44.7832884675 45.145988853 45.2049192623 44.7590977657 44.8427533057 44.600590486 44.8111171749 44.9810508486 45.1775777846 45.0438377945 45.0474924731 44.861867898 44.6227216482 44.7801050781 45.1442247529 45.0546141277 44.7775983353 45.0107573816
44.8507359627 44.9147338109 44.7653511846 45.174319948 44.845450803 44.8779265346 44.7443843255 45.0606664034 45.1329117489 44.606479937 44.6652819751 44.8110576775 44.8953553507 44.9825527202 44.6000352341 45.1751031413 45.1346043534 45.0103682466 44.6007870697 44.7722080255 45.0233848688 45.1587702752 45.1333272357 44.9936968947 44.8160275445 44.7010850601 44.7244579989 45.0233461244 45.0788933034 45.1795413879 44.5373150906 44.8681785975 44.6858721887 44.9176875514 45.1755639941 44.6393277349 44.6825935922 44.757632675 44.8300089222 44.8077807769 44.6537980903 44.6192580695 44.575657207 44.6890436837 44.9359905144 44.7431082337 44.7403777937 44.8857104635 44.7701366898 44.7553066482 44.5283968238 44.7586273982 44.7297235733
45.1587354077 45.0423066348 44.9903346931 44.7782307356 44.7339221834 45.1164790818 45.165025245 44.5953045652 44.5269417862 44.9894925808 45.0366721267 45.065817023 44.7430883067 44.9096262023 44.7243298447 44.5615840942 44.9841074569 44.8630025011 44.7686689683 44.5925215344 45.0419303209 45.1983320921 45.1045148483 45.0324970771 44.8001687296 45.0665068968 44.6180824691 44.7626469006 45.0376900491 44.7635720053 45.1835409373 45.0787714103 44.9002262083 44.9061583204 44.8062804638 44.7523614974 44.7330497813 45.1002668674 45.1009390865 44.7134776676 45.2022120712 44.8724962696 45.1715503736 44.7482292068 44.5701498954 44.7274933359 44.9546578716 44.6686079302 44.7784100667 44.7054895847 44.6095820721 44.5037275196 45.0428002608
44.8216389052 44.9140487066 44.8536965188 44.5514361166 44.5283887222 45.1114798681 45.081689489 44.6859546118 45.1979929058 45.1227618463 45.2044429825 45.1139754891 44.8095616916 44.5007505338 45.0230280795 45.2043225739 44.9013016002 44.699551953 44.9997168931 44.6574918942 44.9574080833 44.9414515832 45.082808932 45.0616436843 44.5146963061 44.6225454897 44.6758360368 44.60568363 44.6463952944 44.6722878522 44.7505903216 45.1829857523 44.8564225443 45.1947367865 44.7381620696 44.6637995736 44.6790416615 44.5453771177 45.1583200948 44.7527171955 45.1613961224 44.7535715256 45.1785643467 44.62406842 45.043125919 44.7970906342 44.669787253 44.7385830008 44.6820401091 44.7808551414 44.8999040702 44.7283440744 45.0534899422
45.1768391099 44.6564511432 45.1659678815 45.185013435 45.0920335217 44.5528711545 44.5112944084 44.9842402833 44.7797531517 44.8528428073 44.8761842196 44.9557633062 45.0686801872 45.0670836512 45.1878597496 45.0507864573 44.7016365948 44.7949661282 44.574721143 45.0204997665 45.1927487426 45.1369827775 45.0432942283 45.1890101833 44.7649290193 44.5918395776 45.083390281 44.8291528448 44.5352708123 44.633402579 44.716427003 44.5809295025 44.55056798 45.022497816 44.6140618224 45.1655486992 44.9742446805 44.9773717252 44.7344523212 44.7481404287 45.1621976218 44.7070652214 44.9004990247 44.9894660896 44.5328367317 44.8171234775 44.5517379703 44.5693699185 44.6648361402 44.6700699861 45.0587764992 44.9108724523 44.6968246872
