Spatial_Output/90% DEC/90DEC_0581.asc
NCOLS 155
NROWS 192
XLLCORNER 196769.923733
YLLCORNER 449719.875193
CELLSIZE 27.603701
NODATA_VALUE NaN
[rows 115 to 137 of 192, columns 53 to 105 of 155]
27.2737572716 26.7252089956 28.5358336569 27.7268193992 85.2186553963 85.2186553963 27.3040417507 27.9570394233 26.955867095 28.3650088176 27.9207980899 28.4280517228 27.1149106098 26.7676243627 27.9087717014 26.5808126992 28.1918782541 28.503118348 27.9216667345 28.2297263839 26.7802125838 27.442693373 27.3086489952 28.2179694614 26.7494149981 28.1763768166 27.5590062953 27.1646484623 27.8058787642 27.308686921 28.4627415453 26.7435690426 26.6431783878 28.4036678799 26.6532799813 26.8011808661 28.0913874798 28.1444624495 27.5309896268 28.3313974091 27.1523047074 27.7123651563 28.4635894165 27.417564354 26.5316854087 28.203710821 27.8633062898 27.5144958588 26.9902933523 27.264445112 27.5082169051 26.9708757479 28.1503415266
28.4828176345 27.6440628182 28.0913829421 86.620564184 85.9598032763 85.2186553963 26.7057851309 28.5178958636 28.116172993 27.3908562926 27.5824901728 27.6342440222 26.9306322195 26.7298315666 27.6747311499 28.5215440552 28.5926578721 28.5792385777 27.306252316 27.1344920634 27.5615538874 28.526421425 27.326201733 26.5025137619 27.4761961378 28.0984786918 27.1619202217 27.5924382279 27.4691031619 26.5499361397 27.1501037023 27.5750053567 27.1679520484 28.0725127114 28.1583078132 27.3198680581 27.5889538709 27.4175224157 26.692570445 26.8347522686 26.6801693665 28.3240895221 27.6242313848 28.3073584507 28.4295353082 28.2730245489 28.0826504536 27.140283999 28.5118504675 28.3277185869 27.0265703375 27.7771363184 28.5568843575
27.5146327668 28.5247757251 28.1553015342 27.0588244417 28.6032709462 28.1031393159 27.5112383666 28.3054434673 27.2840809846 27.4099584625 26.7577520627 26.7593961044 26.6883290447 26.815766851 27.5300306589 27.8162114661 28.4716479139 28.1086456289 28.486166199 27.5321690198 28.0903507233 27.8724634121 27.3533826252 27.5040304335 28.3459043054 27.2820426189 27.6553773841 28.3926415639 27.7509787694 27.1181290452 26.7574617477 28.0609012352 26.6951112946 27.8947548027 26.865259242 28.5167787312 27.1864473792 28.4470834679 27.0574741923 27.8073112943 26.7876798692 28.1511898569 26.6549436119 26.9397189365 27.2318205537 27.5461714505 27.9293381417 27.927728419 27.650810159 28.4723663381 28.1061675386 27.3150798503 26.6108907808
28.4157895996 27.1326074792 26.6083710738 28.1584732445 28.3999879193 27.9179259018 27.1517119655 27.3360545067 27.7343798776 26.8400295409 27.9458230025 28.2937177267 27.397816152 27.4844627083 27.1410706523 28.1361225846 26.6689329595 26.6388657812 27.9209715894 26.8833965702 27.322297918 27.5555160553 27.2317346192 26.5177454094 28.4530729562 26.6296922377 27.5184844525 26.9626036454 28.1939971704 27.8276996403 28.4017021257 26.7864953057 26.5196788865 27.2732904966 26.7071583672 28.5716447754 27.6446130158 28.1218715519 27.1750538373 27.3368314779 26.5916473683 26.6996307989 26.8651592361 27.3646431254 27.1831518345 28.3694300102 27.1093998025 27.3748197443 27.388287604 28.5648712105 28.5256330251 26.5711745405 28.4886632045
26.7460810472 28.3460184486 26.7370314595 28.6121373106 28.239280306 28.4488943146 28.502041348 27.3447463881 26.9416958919 27.2308193342 26.5304172321 26.5789509501 27.6175871958 27.4086765081 27.1243788745 27.9032242125 27.1888587035 26.6131535949 27.1703136092 26.6683867587 27.3602015056 27.0273873094 27.559991843 26.842801343 26.8489247581 27.1686123142 27.2145568219 27.4179744513 27.5236968346 27.9065622212 27.9009573207 27.3971743048 27.8269876045 27.8253641399 27.5086233981 28.4704528425 27.3174432408 27.8157654131 26.9907548593 27.1558531461 26.8435305325 27.8358929449 28.0940071357 28.3047345517 28.1984103242 28.3886936189 27.8721557559 28.077047776 27.9876601929 28.2623416895 26.8507250291 27.0000598665 27.7576042293
27.3522125736 27.8302956792 27.2910148047 26.9999953073 28.4371159605 26.5133192098 26.5533530962 27.0980964444 27.6286415105 27.8901643311 28.3231288697 28.1610947629 26.6102431711 27.2055455089 28.1043991545 28.1886564719 27.3044454119 27.1321565653 26.9479204622 27.445423027 27.9777083587 27.425435675 26.8435493008 28.5218733314 26.9513128147 27.7172016781 28.6189110847 27.1815378288 28.1752886858 28.1209295313 27.7509359954 27.3968225364 26.7796195016 28.0597069358 28.0987316752 27.2461766303 27.1433151319 26.52614921 27.4681870901 26.9079351976 27.4184576194 27.3215575675 26.5787404547 27.9989389697 27.1720099723 26.9382020597 26.8141565109 28.4528298905 27.8865253345 28.2046406143 27.4137376925 27.0478988175 27.0014015445
26.9125911609 28.5881080708 27.2243263991 28.5191152783 26.7219288242 28.3475768792 27.6558235083 27.7417968975 27.749566437 28.2311878831 26.9919015655 27.081445962 28.4684482315 27.2850553152 27.5695050475 27.2357333987 26.7852711772 26.7287173545 28.0392134881 28.4274756507 27.8931944648 26.9909941395 27.7563091624 26.7686981422 26.6770526721 28.5522928858 26.7831721135 27.6628011339 27.8465842232 27.3384990604 27.9545360547 28.2608844333 26.5857801082 28.2154958998 27.4050367432 28.5627617336 26.7229502403 27.1825797299 26.7208581441 28.0729004302 27.9368587753 28.2533138414 27.4173766987 28.1032570876 27.1269228811 27.5648373648 27.9186977221 27.1230171546 28.1909192597 26.7923241382 27.4617989035 27.9202045196 26.7903993409
26.8084845025 27.1578117222 27.3868835053 27.8048962406 27.8863821691 26.9510511805 27.9677280438 26.8460029399 28.3915203288 26.9073194524 26.7727022647 26.5740076079 27.124169446 27.2878407421 27.6519073726 28.0403539986 27.8936915698 27.3460203484 27.4201404075 26.7040796261 27.1893718374 28.3864197284 26.6101851699 27.4305800898 27.9472844508 28.088474936 27.9670300194 28.5864949925 27.5700507129 28.5850053505 27.3891403984 26.6694684636 27.1516915359 27.1698949161 27.0540543854 26.5640135401 28.1018309767 28.443592362 26.9839119755 27.3035994166 27.7806104044 26.749189289 28.5621048253 28.2990999017 28.6098527755 26.8650950677 27.0568622929 27.4386389753 28.3763735586 27.1593496368 27.0772467377 28.0009762859 27.7862133528
39.821166565 48.4490454753 27.97156857 26.6301903588 27.3980486226 28.5047584689 28.1656952686 27.3872946488 26.9207690644 26.8666108773 26.8797896343 27.0772864445 27.1989847602 28.1270234574 27.8073641188 27.8998910205 28.2825100388 27.8814647867 27.3501692212 28.4451024018 27.465178619 26.9994343687 27.1757282598 27.3211660142 26.9725870639 26.6384656346 27.1676980941 27.8926342393 27.0541984002 26.925742685 27.1593696626 26.6127479721 27.6095748468 26.5062649603 26.8063466158 28.5268100508 26.857098838 28.1645647464 27.0313619693 28.0666990507 26.5998341404 28.212348701 26.502795307 26.6498447196 28.2779055698 27.350456314 27.6669472388 26.8146596563 28.0262780984 28.0052011675 27.9654060386 28.4962480656 26.9538349673
28.4288389663 26.6690874084 27.9612518784 26.5823317288 28.0702946116 27.8557438844 27.3384704059 27.7828758154 28.5072106713 27.055588641 28.6055263477 26.8353094022 26.7512067845 27.4848568306 28.5176986713 28.2186049744 27.5970657711 28.4362335122 28.3227283812 27.6519437995 28.0493168139 27.1313794142 28.1160525422 27.8933473845 27.5696474212 27.4368030539 27.7991698343 28.4846934332 28.5454195352 26.6834283946 28.3974881996 27.6105767578 27.4530698495 27.6954356355 27.2599317833 27.2652714148 27.9698308374 28.124497739 27.65661607 27.7355606892 26.8984569001 28.0257119409 27.3154202816 26.9059178425 27.2790569106 27.8499773219 27.4487577758 27.9529539168 28.1455819941 27.4486975596 27.7331586192 27.8885489156 27.408873635
28.179302602 27.0216505546 28.4084114905 27.6198897258 26.6328012487 26.8633381623 27.9196309358 27.7231155141 28.3124852227 26.5611770986 28.0564316596 26.7601428534 28.3989324688 28.5005923716 27.2567013619 28.2875840008 26.7722858212 27.1580493778 27.1891100077 27.5483766916 27.3465125133 28.3041311697 26.852878192 27.7332086627 26.626785465 28.4419984464 27.5409130047 28.4050166061 26.9967240807 27.2311156813 28.2604654234 27.4177896393 28.1780890531 28.1151541203 27.5833118341 26.856265211 26.5210878137 28.6095135052 28.5679382782 26.7794666943 28.0338095707 28.25315919 28.4720080709 28.2828881106 27.4734677753 28.6091014041 27.7950375479 27.314744502 26.6257227901 26.6688495423 26.9911845659 26.8468892684 26.8639006647
27.9639272627 28.1499787701 27.8868278039 27.5151392061 27.1458298064 28.1526998858 28.4025930471 28.5919023753 26.9733363631 27.6069023881 27.3057671523 28.1711009143 26.8963325957 28.0928055714 28.3299524598 27.6452380407 27.614656887 27.3829507682 27.3765715079 28.4460210992 27.7945623353 27.573826094 27.3510776412 28.2148392992 28.6054944749 28.1846114502 27.0758271559 28.5165342891 28.0622609833 26.5986330777 27.1993778164 28.27753322 27.9329644326 27.4633520798 28.1228700559 26.9841481961 27.5511348448 28.2514214073 28.5317458318 28.5172134761 28.5502527819 28.5282716089 27.5552332201 26.8118946686 27.3537560512 26.6333354739 27.8721404096 27.5842440014 28.2541322834 27.6526728578 26.9122498765 27.9259361481 28.2989082445
27.2426280035 28.0147005692 76.3514159807 27.1945407047 27.2884814072 26.6143241568 27.786924276 26.6306564699 27.2033120387 27.6532563439 27.3168612342 27.1444480315 27.3395936719 27.2372182939 27.9390402044 28.2276730579 28.3511079146 27.9152036299 27.5626450708 27.4520986018 26.6578534058 26.8428690055 27.0403398493 28.074500666 28.322649146 27.8587282713 28.3577651412 27.3175335146 26.8245818321 26.8027631341 27.3617211113 27.59372461 27.783757005 28.4839216685 26.8915901435 27.2716360182 27.2464623144 27.7314789194 27.6550385179 26.9536356306 26.8664120897 28.4152941222 27.5361741783 28.4626451863 28.3735860227 27.7087673 28.0683665381 27.0457201121 27.9323638548 28.5987371144 28.001089525 27.1906418709 27.9694687673
27.3650919726 27.9416620127 26.6334853818 28.4346125788 27.9668404005 27.9713494036 27.4816512214 27.9199542492 28.0047290982 26.9104183968 28.0427020006 27.6273033509 27.0376567478 27.0337493033 27.1233016178 28.2833810701 27.9599720175 27.4085650693 26.6856620527 28.3106692125 27.5449011315 27.6064106897 27.5644182168 27.1248589891 28.5208425934 26.6116160495 27.9847590986 26.9465570428 28.2848256891 28.4675236464 28.1579704645 27.3999586031 27.2230401698 28.1494266789 28.0939339115 27.6287416788 26.8559477718 27.4595836994 26.6410107929 26.5414413661 27.1603755063 27.3670753295 27.7373903615 28.1357565292 27.5927903564 27.5117236725 26.841363444 28.1622388534 28.6112121599 27.4898341852 26.5036458419 28.355934045 26.5174339765
26.6731418976 27.2803136059 27.7301783259 26.6341315145 28.2529615989 26.8862802786 27.5868771631 27.234679896 27.7297228456 27.5427145304 27.9162991912 26.6634474564 27.2976692531 26.6634360271 26.8881803001 27.2999957178 27.2612596154 28.0138886459 27.6736846972 27.8922747404 27.5321085576 27.5277806089 26.5196671049 28.5409853198 27.6699934866 26.8614187539 28.4839017217 27.6022005557 27.7509832346 26.5642873409 27.7751448896 27.4364842281 27.3580923776 28.4119328371 27.7832861355 27.9353372572 28.41057925 26.6116589445 26.9782264376 27.199556222 27.2594206531 27.3564112184 26.727196202 26.8045844081 26.6257722675 27.3992587441 27.7088117192 28.4046984922 27.5377863411 26.5665902931 27.5315001714 26.711927512 28.2203333648
28.2766035547 27.8489342416 26.6006593021 27.1098943665 27.4460155907 26.6415123011 28.0735761519 26.8304978093 27.4820628053 27.2902375781 26.7183154054 27.0798508273 27.5055262435 27.9169614583 26.9122431755 26.7897966598 26.5444090036 27.7837833852 27.9406288663 27.6217985638 28.4089215727 26.7060153468 26.6114459738 28.5267360775 27.3313220777 27.7301109617 28.26725169 27.349015755 27.9090362101 27.3470446504 26.9185814791 27.8897463662 27.2110733754 27.2816228761 26.6870410013 26.94861598 27.7737120955 27.5578054722 26.7242046117 27.9822035818 26.6824605982 27.6563457544 27.2930153175 28.5052751463 27.9845640093 26.7181998697 28.1487511952 28.3273279389 26.9985949231 27.2150398031 26.5455453874 27.3715526019 28.3300438467
27.5620359783 27.8669226565 27.5466415598 27.1104082449 28.5542348044 27.1564783634 28.2474391875 26.7715780091 26.525985652 27.3489870809 28.0709677834 27.6132933094 28.2254188097 26.7683788776 27.1339608447 27.5422785703 26.6784513405 27.6559189556 26.6789585248 28.4110617405 28.4656489607 27.6507639565 27.1591559508 27.5631141224 27.6590387205 27.2505499698 28.0270356635 27.3488970015 27.4540353188 27.7548018148 27.850489015 28.3905720533 27.9337845383 26.7730819262 27.6425923185 27.571482639 27.2847562146 27.1836165173 27.4880917072 26.6526089838 27.6893630653 28.2297554001 27.8131496275 26.5815318376 26.7053421625 26.6566664825 26.7120108266 27.9764930332 28.2797586443 27.8268823921 27.6734831988 26.9913562045 26.6539533181
28.3113734497 26.7180676703 27.4427990305 45.7070629405 45.7070629405 28.0035697678 28.3236026758 27.8767556184 26.9563685661 27.6406904726 26.8293676616 26.9575827936 27.605752509 26.96086953 26.8781257623 26.894767076 27.8042699186 27.1639720171 27.3358498101 27.4342675563 27.7981092435 27.6392178679 27.0337683388 26.6485783142 27.7489901424 27.4023763834 28.2796335038 27.1015813854 28.1821880172 27.8676391601 27.7018616096 27.0557131875 28.3737633956 26.834656075 27.7640925923 26.9913227775 28.3793127091 26.9718117962 28.3242054183 27.6628548286 27.1663045489 28.1642058368 28.1549030687 27.0664701953 28.0847285613 27.0293177767 27.4410084056 27.138478605 27.8896757545 26.9443368031 27.4241148303 28.5023902726 27.4044962469
27.6147105039 26.6021819514 28.1253295996 28.4822953273 27.725549859 26.5629509346 27.144096046 27.8509560306 26.5806779616 27.1662689161 27.969288305 26.6670508329 28.1275079567 28.4621643643 27.9368433315 28.281692882 28.0131949797 27.9697563185 27.5623128825 26.65050608 27.080062791 27.5411371864 27.8743647799 26.6995417722 28.1239974841 28.4972125193 26.7559893467 27.2073915207 27.9220628992 26.6633894202 27.0150895366 26.9672445854 26.5713246751 28.5779294884 26.7489059749 28.3322618291 26.9669153122 28.1320284686 27.2629225942 26.606542884 28.2702276896 26.5072890642 27.2791923152 27.4637947873 26.8594691577 28.2670236448 27.1890474487 27.376074743 27.369528779 28.0178485432 27.5055344527 26.5867349125 26.5355561912
26.6608440067 27.2781061203 27.0763436285 27.6078499646 27.3278658995 26.7194566924 27.314818394 27.4339184703 28.6133280093 28.1228952428 28.0294433969 27.6812185671 27.1818203532 26.8939003109 27.6275349621 27.0362373826 28.4703779015 26.5338112587 28.3053679894 28.5269887125 27.3002601266 27.3366154551 27.6532916208 28.242684659 28.4076726687 28.3367916059 26.8165620219 26.7858137481 26.9172416772 28.3767462911 27.6484723286 27.777352782 26.8831851283 26.7319504654 28.3933578073 28.2504253201 27.8753705511 27.6145604708 28.5878720076 27.6328300377 28.0090359226 27.8218780492 27.8047787403 27.8212012646 27.0563933603 27.6089313199 26.9267939334 27.3902131958 28.1578785498 27.781058819 27.5410514947 26.7224781474 28.0325110989
27.3658261677 28.5751459079 26.6597217104 27.4865661504 27.3713519304 26.650520116 27.3573652243 28.0932050511 28.364082381 27.1347035725 28.3261358389 43.0510450541 28.6096000399 26.7094519314 73.6920621037 28.4431072268 26.7121373224 27.3559869503 27.9860676743 26.6186346561 26.5850104199 27.7759676354 28.598812135 28.0288138896 28.5102350602 27.7301850238 27.2727179603 27.1332773533 28.1729825941 26.9859734647 26.7133216027 27.0930554518 27.8743438563 26.8472719375 26.5774580972 27.9178593132 28.6031112061 27.8542651438 28.0883322855 28.4314875639 26.9602026998 27.1168247969 27.4040043678 27.9638945236 28.0761944268 27.3874542139 26.7077174598 27.9430896039 27.8747531855 27.1942995185 27.6661410277 28.0564091952 27.6880178119
26.9937190285 26.6254374428 27.0376626496 28.2786853907 27.1728000336 28.308310875 27.3958854817 28.6020976147 26.9604828313 27.8172819271 43.0510450541 43.0510450541 28.0825287848 73.6920621037 73.6920621037 73.6920621037 26.5782607779 28.5624080598 26.8659217718 26.7882621246 26.6983531456 28.0406668857 27.8905676333 27.7818862519 27.3994615454 26.5724149347 28.2350439006 26.747171768 26.5043852191 28.0591405828 28.2779067514 27.1199582835 26.9713350525 28.3984488999 28.4983500587 27.6455003679 26.6480114183 28.6132178074 27.9743532713 26.9991481522 27.6626998206 27.6568264886 27.5267020446 27.7592636543 27.1702580346 28.1856018296 27.6458889416 27.4069015213 27.0270118848 26.9942954744 26.5715189676 27.7338333988 28.4117704067
26.7501601233 28.301837297 27.2927327571 27.2019295164 27.9355431465 27.1003515825 70.9811118747 27.7357374779 27.8564737747 27.2968579525 27.3894659824 27.4184417417 27.7120875545 72.9719664929 73.6920621037 27.1062079124 27.558032838 27.7164542362 27.471999725 27.1478890604 28.3194689796 26.9474708754 26.6620871103 27.092478729 27.8638025396 27.8569446919 28.3586303976 28.3434292675 27.9898689626 27.2204183638 27.2701255038 27.5903800717 27.492393721 26.7859612203 26.9599170821 26.9858353869 26.5782005509 27.3388059587 28.4232790178 28.4590321378 27.9838590928 27.7123491256 26.6729743771 28.4275934515 27.723065599 28.169097864 28.4183560324 27.8506818643 26.5952986361 27.7981436024 26.8537187275 27.5457994224 27.7655040495
