Spatial_Output/90% DEC/90DEC_0651.asc
NCOLS 155
NROWS 192
XLLCORNER 196769.923733
YLLCORNER 449719.875193
CELLSIZE 27.603701
NODATA_VALUE NaN
[rows 69 to 91 of 192, columns 0 to 52 of 155]
28.723598947 27.6207083103 28.8934580555 25.7494730003 26.0341783807 27.5612648128 26.4420433567 26.302734509 28.393899649 25.9823047885 29.3825018787 29.2167875733 28.6351316271 24.9624679664 28.3096723077 26.2302552474 26.9519819523 26.7340581071 29.0232038002 27.1351162284 28.0139183969 27.0791467028 28.0482213732 24.6123698305 27.4869202781 24.5677078073 28.3969654501 26.7568908202 26.6391577088 25.6096060375 26.6338195576 26.5873679104 26.2353083687 26.7917281247 65.4617283964 29.3892149572 25.4516291122 28.2035032291 26.616105957 25.2383495573 27.9739535791 28.3220947558 29.3602826312 27.2759669463 25.4817861816 26.6283914071 27.2543228518 24.5971007618 28.1794739845 29.0452922704 28.802005872 25.1592742597 25.9512966367
28.630948344 26.9027846513 25.5503509714 26.9388656372 26.5941931833 28.0079909326 26.1991320963 29.0292067186 24.7512457715 24.7219420603 28.1597596958 27.148716084 25.3484334594 26.9157263723 29.0550610271 28.4001939876 25.3666663889 24.7836941582 26.736049109 27.562755877 28.0236022864 28.6534699204 24.7369092427 24.5879408842 28.8301792351 25.0148438857 24.9804938581 27.535461007 26.138906963 26.5617947852 24.8640023664 26.2396775862 25.2455450985 27.7221326104 65.4617283964 25.7199861184 28.8133645964 28.3907591253 28.4585933115 24.6446131929 26.0498522298 28.0168059021 27.8029472168 26.8998304123 25.7393469329 27.214320857 26.7911596821 25.8485473018 28.4985097074 29.0542923796 27.6522816097 24.626627599 29.2808387807
25.9541498139 28.1635880753 27.209121197 26.1953541777 28.5708458487 27.8110620611 28.474848678 25.4891900712 29.3117319256 27.0104351357 29.0125354508 25.5849792384 24.9481127627 26.189935166 27.7162908294 25.7678310406 26.9524019032 24.8899805505 27.531531382 29.1530523575 28.2347567436 29.0480597756 27.4435756662 24.9353641027 25.8501913638 27.109325117 24.7835707213 26.5053709989 27.1806252009 27.4362428346 26.5862798821 27.1948970337 25.199720721 27.9104367101 65.4617283964 27.1288393284 26.7229024267 24.5163500087 27.94795165 27.7916345046 27.8648817916 26.7294483802 25.2381606646 25.4212409901 24.7463855608 29.351709122 25.5376778113 25.579683281 24.6173647072 25.899623346 25.7897393042 28.341307775 26.3520990768
27.1239548835 26.0338747021 25.3564542329 24.9554064661 29.131085416 27.8925551169 28.539864773 25.40692209 24.9396252605 26.1592045988 28.7610772191 29.1551791464 26.2810107122 27.9302317315 27.8970106394 25.4971757356 26.7668204394 26.4879158772 26.7693121561 25.5804722828 24.76264202 25.2043628726 27.0408292281 28.6891448807 27.7453326259 25.3329771325 26.697944615 28.779965353 27.016808252 25.3271653646 28.8808691428 27.5144484177 28.2562871762 26.0423925311 28.8293205953 28.6049217572 25.9140235051 27.5020102066 25.0039328711 28.2799205599 25.0420614917 25.8150555071 26.5674519451 27.0326484904 24.6743362932 24.785884261 25.2024404499 26.7651478612 27.6789720056 28.82250022 25.4555457199 24.6460315693 28.0620086857
26.96562854 25.0566977766 26.5953700247 27.0156633039 25.1924352963 27.1365463427 27.3835048579 28.1843337345 25.1032225036 28.2071425369 27.9789711326 27.8677477352 26.3205962018 27.9796561613 27.5589523399 26.8734563629 29.1006280944 27.2261030851 29.0213997127 25.3986020683 29.0472968851 27.6839809097 26.4089454716 28.2401438704 24.861530924 24.6791302234 25.2650994302 25.8498774035 26.3899860378 28.642641651 27.04473425 27.3534211923 25.8040494508 25.9342314969 26.829653981 27.0187534282 25.2058825321 25.9329501366 26.5278954412 25.1448907816 25.5537289133 28.8923864036 26.4037394888 24.7079452771 27.9681493665 29.2152723457 29.2858579851 28.5603685872 28.3261846895 25.7105190581 26.3664953095 29.4047278634 25.6272807876
28.9262462991 28.0184021297 28.7439925783 25.4381929175 25.3133726428 28.3880854347 27.1967843445 28.6209259695 24.753485732 25.5487262264 26.716782974 24.5359160423 27.8331485169 26.5633521587 28.9295810571 29.0231009624 28.699221153 26.8660851664 28.5965701687 28.9249755502 28.7028795475 28.4507666776 25.7987186318 27.2080518446 26.6633118762 26.9440614483 29.3237682952 24.7641455611 25.3827808765 29.3903794885 27.2399964874 28.8351169029 26.9567142049 27.8676666517 26.3997955604 26.7342242019 27.3588413895 26.8603745454 28.2534187372 27.350066589 29.4049868614 25.4387934301 25.3317773615 28.2856425837 26.7323911034 25.8226018312 25.3983329118 25.0482976015 27.0570334149 27.2607200959 27.9315138694 27.3103263584 24.534605299
27.4245409587 29.1334633686 25.8870933916 28.9319512454 25.4532446782 27.7511749283 27.4037144574 26.4416215012 25.0581846769 27.8303288147 26.3234063697 25.8971783413 26.1556655359 26.8546850666 28.3354673492 28.5475848184 26.1884046526 26.8729414696 27.0847911101 27.4815779571 29.3773199667 26.6966942771 27.15043716 28.2211345157 27.0490974584 25.6917039855 24.5990820241 24.9238045199 24.6684932083 28.3859716356 26.2781295568 26.9993550601 27.4400601812 26.9098222433 28.0472884055 27.4104845635 48.9310209438 41.0847529816 41.0847529816 27.2379964275 27.0597265263 51.5574747038 28.9406158641 28.0228019468 28.0284464352 26.3593338999 45.9640655469 45.9640655469 27.3033083603 27.4669463899 26.1304677169 26.9718315954 25.3539662747
24.7309432771 29.2359218313 27.1216095595 27.6815149266 26.1725027209 27.8943084707 28.5753864572 27.6145255756 26.9092652562 28.7479627691 28.0384839055 27.4803256048 29.1085235945 29.0996288381 25.5770446289 25.5087366605 28.3917760768 24.620036268 28.6753465619 27.4766592203 26.5477826811 25.609682865 28.1551548106 28.4991136487 25.394025052 25.4793084284 25.9151442565 28.1714097314 26.1727562496 28.4500241658 25.0258312738 27.1973089972 25.5521467319 25.0228186547 28.5636843677 25.2134606661 48.9310209438 41.0847529816 41.0847529816 24.9235899236 27.4294718227 51.5574747038 51.5574747038 51.5975179582 25.9098746715 27.1775916346 29.3384085475 24.5984297106 24.8714039073 24.9257291296 25.4468197982 28.247103559 28.9877206376
24.5689629383 29.1777090879 27.6844262187 26.4341354641 26.0605355002 26.9381651178 25.2963202004 26.7421073676 25.5864476206 28.0229337884 24.6080512565 28.3099177928 24.7279499363 27.1022937551 25.7889447613 27.1512318017 27.1422848872 25.6665446286 28.2634485777 25.9841885285 28.8132762968 29.4016513731 25.0659408691 26.8460802562 25.9138164148 27.53193802 28.3890973126 29.3610116204 25.2574354328 29.1836947178 27.0141757935 25.2192879064 24.5049997801 29.2503626625 28.6189835658 28.8883169705 27.5778656491 28.0352547714 28.928474315 25.5469273391 24.9202968804 51.5574747038 28.6022044368 51.5975179582 26.756181721 24.5639134634 25.8118666335 24.5836484622 24.5875258838 27.8270120263 25.9556676331 25.636429524 27.9632649953
25.2647170438 25.6711730498 27.0233492482 25.4449178493 27.7425687103 27.9676478175 28.3304546073 26.6515042763 28.3950430481 27.6952574142 25.0262409017 26.5718013366 27.1330610178 25.9691061246 24.9697054726 29.2660471672 27.4207480759 27.8712126434 25.1294786654 27.6185407205 25.3009077705 25.6375320905 28.7590737008 24.7885314158 26.2008652799 28.4248191915 27.0183630454 29.3231212455 25.0442357097 27.6965852327 25.0191585413 28.021165372 27.6036969594 28.2866710816 27.8638044603 25.6895961109 28.5395979205 26.2759860967 26.762697062 25.6661105143 26.6994734687 28.7026766178 26.8300848841 25.4952462051 27.7255834065 25.1179730437 25.1332130197 27.2685238041 27.1801592399 25.0376730033 28.9671896682 25.8610943094 24.9767740607
28.8401631766 26.9075092874 25.6190586956 29.0843750961 27.7455683195 26.4114211625 24.9702056777 28.8050101605 28.1428878322 27.6305132555 29.2363135232 28.6733175015 27.4203896437 28.1110042801 29.3591237831 26.2574598879 29.376458671 25.7511607738 26.7925791472 27.9838306307 29.0362541057 28.2823074506 28.9509168226 24.8104081739 28.0482792379 26.3209295596 25.602639956 27.1898639622 26.1050984068 26.3541132493 24.7517937162 27.3615916636 26.648641534 25.2260007202 28.2565010554 29.3435168123 29.3570202191 25.9789675282 26.3314875019 24.6834481609 29.0281824486 27.5845986331 26.5704436434 24.5368034064 24.9918788057 24.958430912 25.4634610644 25.4641257591 29.151521078 29.3932649873 27.7205355773 26.727192686 27.6768505854
26.6605903584 25.8723653097 26.0630714943 28.9793928816 24.6257654728 25.9027569653 27.5615063544 27.3579588612 27.4869357448 26.4957648599 25.3113777656 27.6271138476 25.2391482884 28.1686806064 28.706128805 28.4973524513 25.0174767103 28.8969591787 27.5062416493 24.6072662583 25.4635930614 24.7118825486 28.7295160381 27.7714427983 25.207025021 28.8946045494 29.4239038965 24.5519611169 26.1437552037 27.9106417391 29.0755969952 25.4054167479 26.6557692514 25.6593955662 28.4977813756 26.0685778623 27.1619658302 29.2925951341 27.3641936069 27.7264448005 24.8756435623 25.7805635395 27.1177698292 28.7069171134 26.0583531413 26.9152067775 28.3453251055 27.441117858 27.2625825367 25.8366060978 26.7639144267 27.3268899586 28.9452242013
25.228883055 25.3744575351 28.6157514303 27.5597517652 27.5937114183 25.1218250195 29.3462599424 24.9178984216 24.6054470229 25.1084259056 27.0045805414 24.9436979799 25.5212862579 26.7618819839 24.9556267036 26.6042103724 26.8160588 28.5528464071 25.4891105695 24.7512935444 27.7241602638 26.6038973907 25.0305387508 26.3472090386 26.1679668445 29.4174001247 25.5481393704 24.5136533736 26.039217409 26.6925309649 24.5131320311 27.1506409178 28.7098170029 27.6788048907 29.0783365123 26.6320841645 26.6694349045 27.3426282709 25.8796124813 27.6744880233 26.0182798178 25.8131271345 25.3062910089 28.4083714275 28.8408991946 26.0293372073 26.0311820573 28.107768193 26.5713879815 28.3389102589 27.5285841619 24.6224308426 28.8249377169
25.7154700203 26.3040058767 27.1174019692 28.9774923561 25.92644125 26.3851121069 28.9705566564 27.9352153075 28.7379878586 27.3789414596 26.8686242221 29.2079143935 24.7035418894 27.7297133444 26.8830526254 28.649908743 26.9185236135 27.0005008599 25.1134247648 26.0516669064 25.2098486417 26.9702786128 26.057091263 26.5279301577 28.455226086 26.9191939258 25.2983048324 26.6595259008 25.009075168 25.6046000798 27.5190597086 25.1446393943 27.4153046012 25.8515549411 28.200145621 26.4036258482 27.9502692629 28.5556713271 28.2770919207 25.187572457 25.3199059291 27.1195093937 27.6094521635 24.7810482109 25.2849823642 27.8038838983 28.2217271748 28.1926232192 25.0084709383 27.6250977687 28.288861858 28.8377848257 28.6730039138
0 28.3038577598 26.2105566346 24.7838444373 28.6258063311 28.1204971818 26.9349326225 24.8506642159 27.2999868332 24.6191494875 27.7524321052 25.8912569952 26.4904931527 25.2749843006 27.042811292 24.9320709181 24.871236125 24.5585109952 25.3814051783 24.9781111243 27.0766553832 28.3355236049 25.3650280148 26.2765334248 24.8696927865 25.718301961 28.3751338004 25.616507329 29.4416832506 26.4451673896 27.4640956622 25.4931635944 24.8949585904 28.5481559144 25.6720427926 29.4392772448 26.3988462516 29.3573064108 28.8297608856 28.4905503312 28.6231972567 27.6740782443 26.4138828213 26.8619859619 29.2697759348 26.0145429677 27.8594105739 25.7411679522 26.3618298005 27.9218172533 25.2244239011 27.3900957592 27.6256568187
0 25.1896315929 25.632718877 25.6858645375 27.7522532949 28.0605884232 29.3832519139 24.6692288976 25.5430631236 28.8368254871 27.3228196089 29.0059302851 29.0332179727 28.8120690294 27.562205134 28.1623782337 25.8981095618 27.120982661 24.9449260845 27.9127293252 27.5233453848 27.0882128175 26.1005632618 26.9773273243 26.6282820833 29.2191491856 28.2950252843 28.9731681745 25.0086923329 27.8976539038 28.1683663269 26.4560048076 25.8719159559 29.2529989043 26.2272659716 25.2718354818 28.9139653765 25.855357223 24.6709630912 27.6909921157 28.1130747417 27.4277221251 25.8791721279 24.9664023493 27.548155172 26.4465736625 28.3111118194 27.919640199 26.8818813444 28.9105569177 25.8827650697 26.0206224486 27.1199249774
0 28.7867349993 25.0768918646 26.4650758397 27.6183556695 26.9772822311 27.7285610894 24.575971651 27.3096520284 28.0454040208 25.3503080017 28.6781860705 28.5129705098 26.7356171575 28.8945620972 27.3674767798 24.8015189614 27.4362555161 28.2934805824 26.2865455955 26.7878876519 27.3914212562 29.4431920995 27.4595999239 27.2561709308 28.3378260825 26.2023940442 25.2776353849 27.3756835502 28.489781527 27.262640258 27.1873240369 26.2055237408 28.7467102106 27.7106700281 24.8823792594 27.2468641096 27.3471886046 28.4727467987 25.6468294037 24.7517073022 28.1557496489 28.1648954278 25.0549899891 26.8505629278 27.4400535872 28.1671602014 25.5885572866 25.6565922547 27.4289043381 26.3147768951 25.2985507161 26.7443023965
0 0 25.4252244285 28.4117758063 29.0602479854 26.2798380112 27.8895310316 29.1116121514 26.3999315887 27.749238061 27.2133393805 26.384912881 26.7659072321 25.0360293723 28.0207601252 28.7818931841 28.6222770693 29.229485834 25.6559111018 27.1182636264 28.7451611664 26.2107921236 24.6585807169 24.8949416057 28.6216264932 27.0562248391 27.845647999 28.1746062219 28.9796933622 27.1318596576 24.9046046134 27.7827620603 27.4489143639 27.3742926757 28.459101932 29.2690654513 29.1327513298 26.369209593 26.4568256746 28.3449092935 26.2252760834 27.2942656778 28.6027787036 25.2814717562 27.9350661788 27.4569455533 27.1739267635 27.4140981907 26.9152891428 27.3267542931 25.5505910341 25.045404998 28.4143093506
0 0 0 25.7685529939 25.8040959599 28.0375144202 26.3652580362 27.0622349736 26.2139447156 27.3802382711 27.5947443414 26.8597098817 27.1811498878 27.0124880092 24.5971152529 24.7100839955 29.3510641845 26.6849926622 27.4718816448 29.3494567233 29.1097959812 29.05456414 26.2630840414 27.9488631353 27.4705986898 27.3767425731 26.5785256595 27.1236654063 27.1235661766 24.7811434693 25.5288794447 26.0302198434 25.1973800078 26.8494003295 27.4144664846 28.4747151451 28.0031745162 27.1922061125 28.7002183464 29.0148647462 24.7512062384 27.3746742159 24.9881045791 25.7122853331 26.1595781746 28.6152505202 25.6921126103 26.2538009068 29.2991490805 26.2991587886 29.21127116 28.9087111763 29.0103822102
46.8442679811 45.7781228143 37.8353128553 0 0 25.3119532909 25.2951975958 25.1997152043 27.9565551972 26.9180424123 24.952492661 29.1386226055 29.4083770167 26.2318558294 27.1832117253 25.1736814831 27.4189741033 28.269145594 26.0141450872 24.9017324842 26.058126706 29.3837561508 26.0534490743 28.5929889902 24.6575515704 24.8174761309 26.3625607943 25.4754337603 28.9184026227 26.7230288759 28.2444577471 26.0613942466 26.0229795462 26.1070738446 29.371828895 28.0933299655 28.5539906987 29.1750248843 27.198205646 26.7600886383 26.7804442988 24.9167192319 27.845133267 25.8574068737 26.7564660171 27.1209010953 26.0116709008 29.2446815835 25.8633626056 27.3143868863 29.2507274573 28.2639953379 26.6173239445
43.7936169866 45.8496838874 39.2637121688 0 0 0 27.4761886928 24.9884032429 28.643170386 26.1738890438 27.5097275916 27.8992991804 28.968432505 27.721383749 26.2682690743 26.062799924 25.8069967532 28.4032273521 26.4800678882 24.6053395997 27.9627200635 25.093205372 26.7332894833 26.9874371368 24.9292414773 28.8968389726 26.1274875704 26.8475698512 27.9854187024 27.38907454 25.4943114577 27.3155867277 26.7509577342 27.1618142062 25.2885379176 24.5450522832 25.6429139987 25.378441682 28.3088670716 24.6585519475 24.8990514422 76.7298972976 26.1287594817 27.4318712918 26.3290372302 26.3420162066 28.3914649524 26.1570015527 25.0041240525 24.6855705261 26.6130737666 26.3450389992 27.8698141101
48.0550588557 37.5625651138 40.1622874274 0 0 0 25.5103669205 25.1656634586 25.7294178909 26.3037999482 28.2792496541 28.7861996856 26.8708891207 26.0085923341 25.2117495983 27.1877995091 25.6848350402 28.6211808296 26.4499677689 27.4652397376 27.9012729945 27.6582642394 28.055500282 27.9480047069 26.8422166719 27.6243282772 25.4187057189 27.4843456317 26.2362924906 27.0288671518 26.9443564856 24.9420038144 27.0459273696 28.6476373163 26.9098203799 26.3421841474 28.4048043879 28.3482821479 25.0322575033 26.1647117244 28.0198170641 77.5470842574 78.5988987941 29.1143066746 25.1075169348 24.9198898475 25.3825298528 28.4857058147 26.6247142791 26.5447615309 25.8575056314 25.8269423423 27.3391992148
0 0 0 0 0 0 28.6992983431 26.0979044481 28.1142302668 27.0126796236 25.2699143451 26.0199912798 28.7909933878 28.6528046642 27.1457639512 26.9322024015 29.1789452223 24.6471734012 25.2760772896 25.9505290014 27.8215570235 25.937265506 24.9636820667 28.6046971128 26.5571725239 28.0343258277 25.6143515137 25.2184470706 24.9080071376 26.1615341993 24.7414965802 24.6924726529 29.2254034283 26.4685755755 28.344824428 29.4357154788 28.4903289686 26.1594072387 26.0923345411 25.713906428 27.4870112868 78.5988987941 78.5988987941 78.5988987941 26.9808298785 28.0793889048 25.4827758292 28.9459563107 28.5354309429 29.4310478617 25.97568718 28.5617615622 26.703815708
