Spatial_Output/90% DEC/90DEC_1365.asc
NCOLS 155
NROWS 192
XLLCORNER 196769.923733
YLLCORNER 449719.875193
CELLSIZE 27.603701
NODATA_VALUE NaN
[rows 115 to 137 of 192, columns 0 to 52 of 155]
0 0 0 0 0 0 0 0 0 0 0 0 0 0 0 0 0 0 0 0 34.2335418018 33.5183410448 33.5265360962 33.8864976076 33.5455334577 34.1457896938 34.2868354399 33.3213870295 34.1737728439 33.1898022294 33.5873051553 34.0679793625 33.905391021 33.2771893223 33.6534710208 33.1400153651 33.0485324939 33.1294722979 33.9985519642 33.8595733917 34.0323877501 34.2627411559 34.1090257048 34.0990483697 34.0566586764 33.405489357 33.5573730374 33.9567178935 33.4754362094 33.7732306074 33.8765919471 33.6171457626 33.4838656966
0 0 0 0 0 0 0 0 0 0 0 0 0 0 0 0 0 0 0 0 33.636053817 33.0590449759 34.1060934754 33.9105039513 34.169039736 33.3587997002 34.3619207659 33.5164552421 34.3356198789 33.3595234456 33.5737740843 33.0952787435 34.2292041928 33.7192024619 33.9202999404 33.0002088699 33.048406693 33.8534662201 33.4516394539 34.015949106 33.5833881523 33.4862048085 33.8735737628 33.3034776997 33.047349539 33.7704945533 34.363966311 33.073546927 34.3614168359 33.8916925769 33.9215036149 34.0980302955 33.6983614767
0 0 0 0 0 0 0 0 0 0 0 0 0 0 0 0 0 0 0 0 0 33.5604289591 34.1408033407 33.3199049681 33.845932354 33.112596795 33.6585143098 34.1802158197 33.6060184958 33.4435464945 33.861106294 33.8445630566 34.3405314973 34.1531340947 34.2706778393 33.6168736044 33.4987525979 33.2861022735 33.9612008762 34.3905949781 33.393096119 33.5354240444 34.0432951014 33.3284455197 34.2375415491 33.4212098143 34.192174801 33.1024628217 33.177728047 33.0388151572 33.9375217347 34.3312037991 34.3363505007
0 0 0 0 0 0 0 0 0 0 0 0 0 0 0 0 0 0 0 0 0 33.8987855196 33.6710412072 34.1444937299 34.1354478701 33.315099201 34.2975419434 33.5874470795 33.1385014301 33.7773466559 33.1676457928 34.2325798161 33.2387036736 33.1265136902 33.8790838472 33.3652426038 33.0591071297 33.8516271208 33.5898921366 34.1030186801 34.2318463664 33.5340165173 33.535903879 33.5288598899 34.33492215 33.9256379666 33.3208724955 34.1120140039 33.7151746782 33.8476359589 34.130227054 34.036357761 34.0898140967
0 0 0 0 0 0 0 0 0 0 0 0 0 0 0 0 0 0 0 0 0 0 33.0491074652 33.8136057487 33.5759338883 34.3615553747 33.8635573781 33.0123384352 33.0347094307 33.9882412266 33.0457722864 33.4607838727 33.5301009851 33.715174464 34.2920071592 33.669543669 33.4258211003 33.5367063929 33.5255547964 33.089170998 33.5088893503 33.1374313934 34.1290891808 33.6389884691 33.0377282429 33.3674096475 34.3391971567 33.1702973411 34.2288929553 33.3606518459 33.9167506146 34.2749876792 34.3955162941
0 0 0 0 0 0 0 0 0 0 0 0 0 0 0 0 0 0 0 0 0 0 33.9759425989 34.3150101779 34.1796220392 33.5927472983 33.8791472044 34.3972985499 33.4646122101 33.2709974223 34.2519226747 33.3193973578 33.9372017409 33.6843100464 34.3588735629 33.4294174781 33.2002748382 33.0445074813 33.8393516579 33.1748329732 33.4336060853 33.2576985109 33.0190814672 34.1434306012 33.1368226567 34.1454036224 33.0039136938 33.6573618367 33.1205122569 33.0917481266 34.2560430893 34.1737426415 33.793203179
0 0 0 0 0 0 0 0 0 0 0 0 0 0 0 0 0 0 0 0 0 0 0 34.0882178615 33.1256653146 33.0344199692 33.495203847 33.6732788671 34.3553226386 34.1128726482 34.3335489908 33.8960401691 33.3624441991 34.1080164429 33.0814231842 34.1492825044 33.0008103825 33.2270495051 34.289953773 34.1611312024 34.1251976334 33.1386607136 34.0661049119 34.0230090176 33.8965072075 34.1730228551 33.1871554118 33.8012352806 34.1119846826 33.5513756897 34.0036099655 33.9150549535 34.1546619977
0 0 0 0 0 0 0 0 0 0 0 0 0 0 0 0 0 0 0 0 0 0 0 0 33.2911240435 33.6017162596 33.4979068294 33.403867958 33.409165264 33.8005324843 33.4913726248 33.9002765333 33.5469052322 34.3112973202 34.0626646547 33.235954279 33.0593722834 33.8591556199 33.4126088681 33.1032095003 33.8603385007 33.7192520996 33.7718158275 33.0232938252 33.860665914 34.3426822375 34.1145898697 33.3750023935 33.7672340121 33.355875007 33.2922065945 33.4199544406 34.013756014
0 0 0 0 0 0 0 0 0 0 0 0 0 0 0 0 0 0 0 0 0 0 0 0 34.069219247 33.8156422783 33.2353112824 33.8099114062 33.2334457625 34.2813033402 33.7565519087 33.5951153139 33.9165365787 33.7978584598 33.4051653919 34.180955998 33.5681553549 33.0139528789 33.4785334156 33.6337380867 33.3255745459 33.4521178239 34.3182512055 33.4459744553 33.3606675023 34.2975278158 34.3248906583 33.8677791022 33.3014177942 33.3412514182 34.0113789257 33.1665991157 33.2998610807
0 0 0 0 0 0 0 0 0 0 0 0 0 0 0 0 0 0 0 0 0 0 0 0 0 34.0225046003 34.3577758577 33.475053305 33.7695697115 34.3527705621 34.3969655878 33.5432890011 33.9367680168 33.3874367123 33.9916317766 34.3650396982 33.9557878648 34.1778966909 33.9371038689 34.2019400203 34.1350110714 34.2512961362 33.0558221256 34.1751553488 34.2736201343 33.0162608814 34.0651246737 34.2750285022 33.0380513434 34.252724214 33.830938842 33.5667558799 33.9247616559
0 0 0 0 0 0 0 0 0 0 0 0 0 0 0 0 0 0 0 0 0 0 0 0 0 33.3657586915 33.5372233077 33.6472465475 34.0038047758 33.8659611919 33.9159412178 33.6193965643 33.8678305634 33.201509476 33.6452561936 34.3926702351 33.2365426183 33.6850704355 34.1021472659 34.3949649023 33.076142949 33.4318089687 33.2857112219 33.2069697202 33.6622506501 33.1415640947 34.1810627459 33.7784202341 33.9303894651 33.8004516382 33.5125517303 33.4797918836 33.4138815824
0 0 0 0 0 0 0 0 0 0 0 0 0 0 0 0 0 0 0 0 0 0 0 0 0 0 34.0608866306 33.7830819583 33.7789059196 33.9931952258 33.3685253363 34.145946204 34.2350143846 34.2140656653 34.2648258862 33.7096373616 34.2492313825 33.2609920766 33.5186108055 34.3029837577 34.1916044129 33.4550913346 33.0974308051 33.9451921319 33.7672143646 34.0851271367 33.1619671635 33.1889816191 34.1388591598 33.3717116357 33.8785499608 33.8073281609 33.7736477333
0 0 0 0 0 0 0 0 0 0 0 0 0 0 0 0 0 0 0 0 0 0 0 0 0 0 33.9204443356 34.0345959831 33.7214545766 33.1130564553 33.4638820882 33.0764906439 33.8100666248 34.2252638175 33.117721151 34.080237324 33.7836757691 33.8375349889 33.8256700616 34.0736744009 33.5133620488 33.6300059405 33.0909783147 33.5745442933 33.2460699202 34.3963543732 34.0100645919 33.1444444434 34.2980942113 34.27188577 33.5157001781 33.0680685135 33.8611991167
0 0 0 0 0 0 0 0 0 0 0 0 0 0 0 0 0 0 0 0 0 0 0 0 0 68.9900707502 68.9900707502 33.101971127 33.543105701 34.3203447101 33.646620277 34.2070274351 33.7035835343 34.0040289391 34.0418228399 33.007856727 33.9095077265 34.157902609 33.3769088607 33.5804127582 34.0246748387 34.3034014587 33.4227068855 33.3998804044 33.0679819807 33.3606409058 33.1631840102 33.6025698184 33.0002807512 33.8354856829 33.1420946312 33.9141376824 33.3395799816
0 0 0 0 0 0 0 0 0 0 0 0 0 0 0 0 0 0 0 0 0 0 0 0 0 68.9900707502 19.3734801949 19.3734801949 33.3932465303 33.4936316316 33.006432029 33.549594111 33.6143413207 33.8449739005 34.0881607885 33.8400235526 33.5219283771 33.5264794969 33.7044066261 34.3257262132 34.2724035789 33.8879467385 33.7274142662 33.3298994991 33.3221559766 33.2754588124 33.3094466653 34.2521333096 33.6451647939 33.1352605483 33.6558179576 33.6148541743 33.4864178574
0 0 0 0 0 0 0 0 0 0 0 0 0 0 0 0 0 0 0 0 0 0 0 0 0 0 68.9900707502 69.2456416257 33.8872941738 34.0562840488 33.6384698088 33.695508276 33.9764254169 33.2711335436 33.6908425569 33.4255995119 34.1773394556 33.9312021283 33.3813428182 34.2296841681 33.8362941292 33.8016228581 33.8597553106 33.5163790144 33.1111922203 34.3833259899 33.0309266969 33.8090236724 33.8137089537 34.0341345841 33.3886045415 33.4121145509 33.1973308535
0 0 0 0 0 0 0 0 0 0 0 0 0 0 0 28.7302394498 14.9293589773 27.0417127781 0 0 0 0 0 0 0 0 0 0 0 33.7314329044 34.1715288382 33.6664697182 34.2149165497 33.1085101707 34.1648272513 33.762137046 33.5677735485 33.2601056478 33.9907742797 33.4804304901 33.5798244092 33.4153170948 34.3050303509 34.3962579332 33.0965230169 34.1304162703 33.4884905503 33.5829957405 33.1191763592 33.8439123973 33.706790827 33.413056628 33.4197502341
0 0 0 0 0 0 0 0 0 0 0 0 0 0 0 25.5963621387 28.4534739787 13.8274768992 0 0 0 0 0 0 0 0 0 0 0 0 34.393834436 33.0147581461 33.4769432802 33.3533429768 33.4125535995 34.4109166398 33.9034022438 33.0348381892 33.7156423403 33.9560223453 33.1914889361 33.2202856262 33.0218605217 33.1582083012 33.512576999 34.3583177752 33.0435659008 34.3183482231 33.7163950702 34.0812285634 33.1913207633 33.5880453654 33.0474691447
0 0 0 0 0 0 0 0 0 0 0 0 0 0 0 10.7263965728 31.0256681631 24.1838826695 0 0 0 0 0 0 0 0 0 0 0 0 33.7567629074 33.5148576704 33.9953333713 33.5156463541 33.7775066684 33.8624674774 33.944012249 34.1654351289 34.3801020881 34.3031574608 34.2518843631 33.9410268079 33.437836218 33.4414751527 34.1488774157 33.6380858701 33.7255096533 34.1789099796 33.3776799976 33.0392627 33.9048667133 33.3972575378 34.2482829481
0 0 0 0 0 0 0 0 0 0 0 0 0 0 0 0 0 0 0 0 0 0 0 0 0 0 0 0 0 0 0 34.0822214507 33.4819412925 34.2743435595 33.0479134332 33.9130782324 33.0049726457 33.2128198166 34.319618307 33.3709694774 33.7382766246 33.5853855147 34.2200136595 33.089041431 33.5076782097 34.3131881747 33.120930961 34.0662265705 34.1680151223 33.5254921136 33.4857064942 33.2137026093 33.2178952582
0 0 0 0 0 0 0 0 0 0 0 0 0 0 0 0 0 0 0 0 0 0 0 0 0 0 0 0 0 0 0 0 33.354607057 34.2057979424 33.7774280926 33.6052922563 33.859831583 33.4800210866 34.1227953268 34.242066166 34.2752740834 33.4808183567 33.4148841799 33.2386606268 33.3857361002 33.9157348002 33.4195354692 33.5377194684 33.6606796009 33.0248352712 33.783613236 33.3480728554 33.8624221471
0 0 0 0 0 0 0 0 0 0 0 0 0 0 0 0 0 0 0 0 0 0 0 0 0 0 0 0 0 0 0 0 0 33.7321705378 34.3389822964 33.9682651664 33.1704580805 34.1036686525 33.4150492525 33.3230894111 34.1891529809 33.5786077813 33.9899093052 33.6830898838 33.0976428077 33.612004843 33.8953828172 33.1872369659 34.3184580538 33.3629800147 33.5113231263 33.9030913091 33.4149828744
0 0 0 0 0 0 0 0 0 0 0 0 0 0 0 0 0 0 0 0 0 0 0 0 0 0 0 0 0 0 0 0 0 34.1288150932 34.2335338192 33.911331485 34.3184457078 33.2730365031 33.7184511434 33.9074492558 33.0823505163 33.3861778104 33.2184824567 34.0714805184 34.0387401176 34.0208566506 33.7770820933 34.1388925725 33.1459261697 33.1882600733 34.1104805767 34.3140528466 34.276080888
