Spatial_Output/90% DEC/90DEC_0208.asc
NCOLS 155
NROWS 192
XLLCORNER 196769.923733
YLLCORNER 449719.875193
CELLSIZE 27.603701
NODATA_VALUE NaN
[rows 115 to 137 of 192, columns 0 to 52 of 155]
0 0 0 0 0 0 0 0 0 0 0 0 0 0 0 0 0 0 0 0 46.3669424077 47.281262055 47.2504925301 46.470253129 47.1433377486 46.3763520198 46.3675031854 46.8629606044 47.0747022998 46.155385177 46.9830413759 46.3434122987 46.2515846425 46.2998857684 47.2455254893 46.9339889996 46.4488206188 46.3491401153 47.3188468466 46.5458435607 46.8318520345 46.0910508957 46.5401527521 46.2279432673 47.1059017411 46.1188092309 47.0383236818 46.8248448845 46.787285583 46.998676745 46.3879745285 47.2661542939 46.4806135561
0 0 0 0 0 0 0 0 0 0 0 0 0 0 0 0 0 0 0 0 46.8475067738 46.0419880219 46.1405960705 46.7873787374 46.9125179148 47.0419591626 46.8456758404 46.0269605471 46.3817721692 46.2754400745 46.6733236282 47.1178086507 46.4506935413 47.1658970484 46.4221719195 46.9256257848 46.64933664 46.5905053287 46.415585784 47.2876217021 46.9630795998 47.0693130367 47.0353266927 46.2751394507 46.4196465294 47.2056301138 47.3993692404 47.1394878658 46.3741806216 46.1358689937 46.9510551783 47.227829289 46.3319905011
0 0 0 0 0 0 0 0 0 0 0 0 0 0 0 0 0 0 0 0 0 46.2999443093 46.4475759892 47.256676397 46.076292418 46.4991732524 46.2395521149 46.5757246562 46.033683859 47.241654132 46.7189930197 46.7694090081 46.2220213063 46.0819288963 46.2626008087 46.0561082971 47.2817206932 46.010054552 47.326296729 46.0279482524 46.0387153788 46.2356582016 46.5706316095 46.6605905476 46.3709592796 46.7742605835 47.1629917066 46.1316459748 47.3743328186 47.1759668364 46.8458259591 46.210445495 46.5208007743
0 0 0 0 0 0 0 0 0 0 0 0 0 0 0 0 0 0 0 0 0 47.0698002524 46.6490151479 46.5110794149 46.9914101548 46.8927485838 46.3850523103 46.2105066861 46.1823227827 47.1334284027 46.3218337747 46.2320687862 46.1127901895 46.0883219151 46.0771026889 47.2357894989 47.0777074911 46.2946521608 46.6037316515 47.3937162304 47.2789051563 46.2310340413 46.0882777003 46.2283327428 47.2355998515 47.2653728015 47.3960819753 46.8999142464 46.5650263363 46.5230588129 46.2065827664 46.1854790843 46.5620834579
0 0 0 0 0 0 0 0 0 0 0 0 0 0 0 0 0 0 0 0 0 0 47.1140092339 46.8228260664 46.2688943982 46.3782137668 46.5551000769 46.6896892317 46.6785785475 47.4093596582 46.4594351786 47.0753114131 46.2276114219 47.0594812981 46.9163080192 46.2252169178 46.7195734398 46.6069236008 46.2035578079 46.64008465 47.0262141688 46.2654593268 46.7695856414 46.2016949467 46.0375176786 46.3065701485 46.5369346353 46.3783336858 46.7751689555 47.18224008 46.0111871548 47.0216089898 47.3842411113
0 0 0 0 0 0 0 0 0 0 0 0 0 0 0 0 0 0 0 0 0 0 46.9798952576 46.7431832276 47.2128307223 46.9355637417 46.0446989553 47.2195779573 47.2118744535 46.7305141299 47.3137712602 46.8978473081 46.5162212762 46.5416688969 46.9807171464 46.4714054154 46.5800013698 46.0644962953 47.3877786176 47.3096817592 46.7645640697 46.4406980942 46.3650442589 46.1041679659 47.2049290173 47.1055303968 46.87749827 46.8127818899 46.8594651236 47.1047459327 46.6111345551 47.3455346237 46.4094733875
0 0 0 0 0 0 0 0 0 0 0 0 0 0 0 0 0 0 0 0 0 0 0 47.3088858825 46.528030016 46.6842360199 46.0197029308 46.8857879799 47.3819044108 46.7278579436 46.1295879933 47.3960991739 46.679450698 46.1681900326 46.5711197878 46.218283718 46.8834738905 46.4136638141 47.0897341279 46.9288781247 46.6312746972 46.1329748561 46.7139065971 46.4354788369 46.912645203 46.472629015 46.5642537242 46.5059087581 47.2334872902 47.0317174095 47.2327059872 46.793152271 46.8822562156
0 0 0 0 0 0 0 0 0 0 0 0 0 0 0 0 0 0 0 0 0 0 0 0 46.7397017162 46.2669489566 46.0613211447 46.1251704058 46.1613284842 46.4038331744 46.4300875412 46.4170763351 46.5467048238 46.7068257595 46.9963153111 46.8196305885 47.2157139028 46.8762367557 47.4074949831 46.5204872906 47.1476768362 47.3035038166 46.9339984198 47.079795181 46.0416853475 46.1886938548 47.2580819752 46.5027686159 46.9936398903 46.6518823965 46.136827386 47.2384881956 47.1542355122
0 0 0 0 0 0 0 0 0 0 0 0 0 0 0 0 0 0 0 0 0 0 0 0 46.6731033673 47.3420307491 46.4281544532 47.0182203601 46.6927604253 46.9807951335 46.242582553 46.7414594422 46.7868557207 46.6186401707 46.588238696 46.0829335132 46.0386916365 47.1280124128 46.2485570939 46.3321483912 47.2732603159 46.3588230519 47.2626427787 46.7670708797 47.3227213816 46.236741878 46.2654311455 47.0397401787 46.647591901 47.1060473107 47.0610302399 46.2911948428 47.0814288938
0 0 0 0 0 0 0 0 0 0 0 0 0 0 0 0 0 0 0 0 0 0 0 0 0 46.281738017 47.1716435975 46.2874559913 46.8624654593 47.0200051289 46.2534115705 47.1882297795 46.0673100345 47.3223773754 46.521018473 46.6739105953 47.2912289056 46.7089256811 46.8471397947 46.725117369 46.674367111 46.3613167813 47.0322415834 47.0141882064 47.2513219685 46.2554651259 46.0194672426 47.2704337 47.1108465657 46.8842856175 46.9037789552 46.3793242426 47.0246617876
0 0 0 0 0 0 0 0 0 0 0 0 0 0 0 0 0 0 0 0 0 0 0 0 0 47.236965951 47.245200906 46.1738784342 46.544918931 46.3749267712 47.0111460792 47.1587459463 46.2294056338 46.3879273017 47.1253957828 46.7390873676 46.6787962239 46.9464709282 46.2900012295 46.1680178365 46.079966236 46.1985952265 47.2365326826 47.3325776772 46.9239740598 46.7728409841 47.3770870105 47.4117565901 47.3538063118 46.4353862425 46.9852113212 47.0064481869 47.1746383849
0 0 0 0 0 0 0 0 0 0 0 0 0 0 0 0 0 0 0 0 0 0 0 0 0 0 46.8097051852 46.6670671296 46.5113766957 47.1153120987 46.3125176442 46.1468329009 46.9781749459 47.2334717008 46.8168867844 47.1658511273 46.5649146071 47.2091681153 46.1502209474 46.0823439252 46.1699987593 46.4863896665 46.7589325164 46.425749861 46.6549623754 47.3319823082 47.3261994419 46.6932044651 47.1111808673 47.0943897905 47.3324362107 46.5719761231 46.1173968977
0 0 0 0 0 0 0 0 0 0 0 0 0 0 0 0 0 0 0 0 0 0 0 0 0 0 46.273622697 46.9270598951 46.128720817 46.6628806382 46.6340712474 47.3069508187 46.6615889469 46.3063745116 46.8809360836 46.8865071025 46.5666151393 46.7486404506 46.9063280166 46.474809237 46.3494139348 46.4755875682 46.4947799583 46.275464655 47.2638177847 47.1754767841 46.6802141788 47.1668285323 46.2546241252 46.9130963088 46.7981721942 46.0284588541 47.2530941644
0 0 0 0 0 0 0 0 0 0 0 0 0 0 0 0 0 0 0 0 0 0 0 0 0 68.9900707502 68.9900707502 46.4812504268 46.2949016923 47.4021122768 46.7772303095 46.2314464165 46.2295062163 46.1265826333 47.2398836531 46.2298310613 46.4799665268 46.10490018 46.5045312665 46.7889601762 47.1229407544 47.1965229073 46.0811390476 47.2915277419 46.1014160905 47.1581703633 46.7028009701 46.6828192847 46.6687532229 46.0419353962 46.3841042646 47.2044511175 46.3764712427
0 0 0 0 0 0 0 0 0 0 0 0 0 0 0 0 0 0 0 0 0 0 0 0 0 68.9900707502 68.9900707502 68.9900707502 46.697652223 46.1998149651 46.7625079356 46.8458175658 46.5073981043 46.628848224 47.0681219671 46.8156717354 46.7985280627 46.9864136997 46.7790446318 47.3037902367 46.4109494134 46.9130259787 46.1994591867 47.3813925272 46.8261186117 46.2151996326 46.9757852639 46.8495595311 46.3119614746 47.0564516342 46.404685541 46.3066034129 46.5824715845
0 0 0 0 0 0 0 0 0 0 0 0 0 0 0 0 0 0 0 0 0 0 0 0 0 0 68.9900707502 69.2456416257 47.0704317304 46.4013924881 46.0666666095 46.4734995918 47.1518315631 46.4482427905 46.8955804238 46.8141707226 47.0215184625 46.037622311 46.2784093972 46.0061067007 46.0787424573 46.4837276685 46.9466880495 46.5949075875 46.1732972821 46.8371276976 46.2731630114 46.8049039646 46.5252438473 47.2476861593 46.1713286394 47.3669021188 47.0399679959
0 0 0 0 0 0 0 0 0 0 0 0 0 0 0 70.9300358329 70.7978338719 76.5226771635 0 0 0 0 0 0 0 0 0 0 0 46.2807017967 46.0936068478 46.6506446627 47.4104064695 46.7178786675 46.6377733291 46.4672360807 47.2021627447 46.6280056125 46.4696559845 46.7827851212 47.2859284511 47.1535825044 46.7709580276 47.1856277659 46.7798946635 46.4866278042 46.0031710384 46.3407942925 46.4868945562 46.2557710607 47.2784614832 46.4701726559 47.0439339878
0 0 0 0 0 0 0 0 0 0 0 0 0 0 0 70.7592361581 69.2869760607 74.471516023 0 0 0 0 0 0 0 0 0 0 0 0 47.3998415394 46.9924330513 46.524365703 46.1090080687 46.9491351489 46.2222039384 46.2276351067 47.3706941888 46.4705648088 46.9476109011 46.5033982197 46.4114279381 47.3055788314 46.0043123628 47.0446368825 47.2811708682 46.072727079 47.2890081493 46.4021096152 46.4789682847 46.0305263687 46.6119505656 46.5834810099
0 0 0 0 0 0 0 0 0 0 0 0 0 0 0 76.0201323514 73.4789998701 63.4704774725 0 0 0 0 0 0 0 0 0 0 0 0 47.1113755877 46.0989365836 46.9431330566 46.219114205 47.2367103405 46.0982806097 46.2228100701 47.119284516 47.1084193712 46.5692834725 46.744207044 46.7779290099 47.2857615042 46.194502722 47.0039982028 47.2738885942 46.9178737727 46.8949428899 47.186875741 47.2349697243 46.170436558 46.8755020364 47.1679787717
0 0 0 0 0 0 0 0 0 0 0 0 0 0 0 0 0 0 0 0 0 0 0 0 0 0 0 0 0 0 0 47.0751410131 46.5254712363 46.4386661828 47.2517196685 46.7598561513 47.2599716457 46.0747026378 46.2681556826 46.1705216706 46.2442696266 46.5568418386 46.8635969452 46.7009601409 46.8293913845 46.6036524263 46.1966959791 46.813551023 47.240118585 46.709897759 46.7147921171 46.4638207255 47.3964027735
0 0 0 0 0 0 0 0 0 0 0 0 0 0 0 0 0 0 0 0 0 0 0 0 0 0 0 0 0 0 0 0 47.3405130636 46.5471231036 46.6253125251 46.4469344424 47.256076992 47.0202445925 46.7613790889 47.2751557893 46.9222436839 46.1927338005 47.3431820856 46.2613180014 46.1824990484 47.2007229432 46.9348828805 46.3554369064 46.8806286112 46.9993153102 46.5027604891 46.053445238 47.3141752181
0 0 0 0 0 0 0 0 0 0 0 0 0 0 0 0 0 0 0 0 0 0 0 0 0 0 0 0 0 0 0 0 0 46.1615978549 46.0739699473 46.1102264819 46.9192334176 46.176834744 47.1419024109 46.0616574903 47.0933640757 46.3238153102 47.1683992616 46.3044215246 46.3548724912 46.9438942592 46.4596927495 46.8385208339 47.1675343177 47.0091831201 46.1231509341 46.4508080689 46.8014765226
0 0 0 0 0 0 0 0 0 0 0 0 0 0 0 0 0 0 0 0 0 0 0 0 0 0 0 0 0 0 0 0 0 46.1711611267 46.2171606816 46.5385776164 46.2963800312 46.3963792404 46.4415810764 46.4858441117 46.2094544983 46.3136691208 47.3678018505 47.1427747154 46.7324306154 46.7416994363 46.4832176922 47.0180854578 46.3205042046 46.2367595626 47.0510298382 46.2882346019 46.4617617221
