Spatial_Output/90% DEC/90DEC_0487.asc
NCOLS 155
NROWS 192
XLLCORNER 196769.923733
YLLCORNER 449719.875193
CELLSIZE 27.603701
NODATA_VALUE NaN
[rows 23 to 45 of 192, columns 53 to 105 of 155]
27.7838776885 27.0775230706 27.6547706995 27.7346378405 27.335350005 27.7588742375 27.8891997545 27.9353808623 27.2470675553 27.9833386553 27.7116672526 27.6727823475 28.3037635821 27.8945516609 27.3445635155 27.7787025116 28.3554525833 27.0175059372 27.8991653086 27.4840790226 27.6329985068 28.4102755747 27.4100038066 27.1820436534 27.7375466262 27.2102579439 28.0696429416 28.1844710555 27.0634841755 27.648150676 27.4814380526 28.2403245237 28.0478221595 28.0963090377 28.2327354268 27.7700052528 27.3672429169 27.4350644696 28.4068029129 27.505078025 28.0943023468 28.0986717502 28.0293438353 27.8540319898 27.5981569624 27.8814276566 27.8043282798 28.2865867842 27.2892790975 27.1273222223 27.7554768426 28.035317287 27.057525958
27.2820284062 27.5586762713 27.3722974038 27.4324184771 27.2677444815 27.3542266378 27.0274785891 27.1041487636 27.9172765632 27.3861830298 28.2984689124 27.8427577836 28.0031901472 27.851283441 27.691831978 27.2354237932 28.2087355383 28.1139302914 27.5053453195 28.2331086115 27.0569318232 28.2256395555 27.3227551301 27.6837741544 27.9883351972 27.4662818921 28.3849717549 27.2808266248 27.8640369768 27.1564802505 27.6019155755 27.8618608319 28.0583383923 28.1409789245 28.0955856735 28.2731712676 28.1820663249 28.1674127996 27.9175683966 27.2159305037 27.5081444728 27.7210663019 27.1928953504 27.438992075 27.2437483549 27.3665022202 28.3735930378 28.2627960904 28.1951999305 27.8237280238 28.1809191281 27.5787221897 27.5861119272
27.3048873308 27.4849674575 27.2937272799 28.3067835946 27.9149944231 27.7752844968 27.5098895309 27.5589429987 28.3834633025 28.1707156299 28.3486689276 28.0524212987 27.5748028486 28.0646153616 28.3821125181 27.6727139767 27.9807258811 28.188360052 27.7513557678 28.0749625129 27.7670259265 27.2542561747 27.1800782242 27.5889039055 27.8768957246 27.3007442522 27.8450577492 27.9478386556 27.2983014418 27.7223901483 27.6719251427 28.3495521713 27.1438974545 27.3593383986 28.2971375715 27.0376495617 27.7888031703 28.0206057604 28.1060091618 28.0270706024 28.1946197713 28.1637297955 27.4838295299 27.9045778366 28.1170604487 27.4290385114 27.6804093477 28.1170208868 28.3367063638 28.2533769069 27.8292200988 27.7949758637 27.9270979512
28.0153486345 27.7243512064 27.2073440758 27.9568518123 28.3392712074 27.0657949923 27.7009069312 27.1358713207 27.2489440788 27.0587691092 28.2347646983 27.8664554209 27.0940383499 27.0004108915 28.0276406086 27.4128913753 28.02406928 28.1299012887 27.1757343108 27.8953643194 28.04560903 27.8326516974 28.1634177158 27.4749000583 28.2093031212 27.3951047478 27.6120902258 27.6760622115 27.4696360468 28.3264604598 28.2372904922 27.5967912115 28.0862738588 28.296682492 27.6347914509 27.2095377205 27.2617981443 28.3684495852 28.2596111134 27.1054457072 28.0207208145 27.2383697463 27.6304149054 27.1596242899 27.1802894175 27.8527869464 27.7494419944 27.54232559 27.8384382684 27.1810293177 27.1737251629 27.0239046171 28.2017688739
27.3384287755 27.6889471625 28.1872554482 27.0374393634 27.7598379007 27.6245402777 28.2398251011 27.8916721364 27.818628449 27.7790609108 27.0497451585 28.0035551309 27.6947243987 27.9652469472 27.4702318371 28.2114849458 27.034922638 28.3274859197 28.0948694921 27.1541793459 28.1014976549 27.7046879171 27.7633234391 27.8220629915 28.0286230168 27.1268974151 27.9128126023 27.2342674065 27.6026602368 28.1269853927 28.2697313973 28.0505094291 27.045101907 28.2567399357 28.0854376841 27.8556786065 27.9477335667 27.9522723603 27.1661202288 27.1760480879 27.3938044869 27.4039647859 28.256901305 27.1348445343 27.5058151304 27.8897599087 27.6278048841 27.2536818829 27.1706589782 27.8743415353 27.0269919978 27.530772842 27.8197503167
28.2847218324 27.8178615415 27.2038733826 28.2154853448 27.0448529535 27.783638459 28.141008982 27.4914773261 27.8889373759 28.3760908825 28.2498866666 27.605003224 27.7533921395 27.7734914658 27.2371668789 27.4937218978 27.1633230503 27.9394466832 27.5038891567 27.0903493169 28.0012136345 27.8013749751 28.2041293417 27.9290926348 27.796317889 27.4773593586 28.1733988716 27.3465752635 27.8626214693 27.2102916771 27.4074797758 27.9664752186 28.2986840288 27.1419154884 27.3305235265 27.9086617183 28.2220650885 28.0358069171 27.4668321867 28.2740251451 27.0309641575 27.8571081997 27.413550728 27.6762674762 27.2622481551 28.03273254 27.652948641 28.002348603 27.2529213082 27.2338603472 27.0386079976 27.6132863806 27.0112818086
27.5826007996 28.3660298416 27.1532339704 27.836083193 27.9920736821 28.2807253213 27.4632166062 27.7988556957 27.2090806152 27.0834114743 27.1690547949 27.1257982971 28.2766721662 27.858295523 28.0964721501 28.2772993313 27.2102235563 28.3609857024 27.5965724376 27.9619459311 27.5329248585 27.5005835847 27.0185068219 28.3336833113 28.0336967385 27.0166806 27.0114079192 28.0588839948 27.8992423696 27.4333921046 28.2402508115 27.8913955614 27.9719376547 27.7994643423 28.2295860514 27.2818165855 28.347201705 27.4251436186 27.1993569618 28.2247948231 28.2111655571 28.2156964829 27.5095387074 27.0926558054 28.0542807358 28.2953611449 27.383702563 27.4501336577 27.2433760026 27.2541583326 27.7000814991 28.2734363925 28.1984508201
27.4527215829 27.1846448649 28.4107320059 27.5797747227 27.5600457494 28.1768151468 28.2726017865 27.3766339639 28.3673804239 27.611973462 27.0086844399 27.287680051 28.0240277441 28.131309934 28.2674621839 27.5201482968 27.9364235128 27.453689513 27.9434235497 27.8987832739 27.5081607509 27.2709086886 27.9520513889 27.0075860907 28.2723968672 27.5113260251 27.9260391422 28.3371805826 27.2964255349 28.0290407124 28.244297715 28.0442603745 27.231718095 28.0634632746 27.5976126674 27.2190160052 27.3192294048 28.1052951848 27.758719505 28.0367573573 27.2081720213 27.385266961 27.5965661198 27.4988789885 27.6982348499 28.2109742001 27.6491718197 27.4823999744 27.4925882862 27.392276158 28.1480054275 27.9316585104 27.442583545
27.9736057956 27.3783955616 28.0110337032 28.202078239 27.8804843475 28.2145135528 28.2606758446 27.1710098848 27.3521386242 28.3046878473 27.8938856857 28.0114305854 27.6843381814 28.0026055407 27.4412128202 27.8208208788 28.0260011929 27.2010359032 28.0082029208 27.884285813 28.2598929664 28.150824796 27.8228276069 27.1297642682 27.7814369005 27.9353896786 27.8653636411 27.7324914036 27.3265810471 28.1180124298 27.894124335 27.3061780653 28.0086942114 27.4997801354 27.3401352862 27.7395448856 27.7035171606 27.0960142513 28.0270428196 27.276207196 27.4664204696 27.9063232262 27.5559924149 27.7083331944 27.7778935849 27.5555703559 27.0277256399 28.022125702 27.7922762408 27.8607729201 27.6450395689 27.4504746968 27.3956168453
27.9150961034 28.1980928393 28.0581650633 27.2330204946 27.4714489931 28.1325927721 27.7682217665 27.9487096136 27.3618204046 28.1297157224 27.2497242233 27.3154923389 27.3087805456 27.1870225566 28.1356155395 27.6595038158 27.8615873642 27.80685061 27.3338554295 27.2104226453 27.8076786727 27.473339678 27.4743023411 27.0901300495 27.3775414776 28.1087700598 27.0204161359 27.9162954596 28.235478918 27.2551738626 27.270343402 28.3417351028 28.0346745566 27.6486074682 27.3318389488 27.6613408534 27.4732927381 27.4250750351 27.5718742525 28.2083835761 28.0602311551 27.6906151477 27.4818217898 27.286994862 27.8410926104 27.609365435 27.0410648012 27.228047884 27.8206677995 27.0509602116 27.9708148407 28.1696043136 27.5688205736
27.2908687791 27.3097558008 27.4501861553 27.1292191151 27.3600712378 27.459612094 28.1217341961 27.3142919388 28.0533978112 27.702950185 27.0210776191 27.0054257914 28.0518619255 27.7728157323 27.9493672469 27.1723407035 27.4002087804 27.2391161712 27.8919045035 28.2226922601 27.0457458693 27.3161018638 27.1773569223 28.0637562905 27.0015643866 27.8829478696 27.4944859103 27.9826412218 28.205805222 28.3063766003 28.0293283687 27.8514195148 27.6424337535 28.0360859849 28.2804595907 27.9116040298 27.8042601356 28.4080041712 27.0642624677 27.6681390713 28.2464802898 28.1016995273 27.1086288992 28.2608638779 28.1437827251 27.8727478815 28.264271447 27.5010748222 28.1363746529 28.0162602284 27.4146109056 27.1963104761 27.5480626352
28.1878285971 27.0303097689 28.1912536899 27.5927084678 28.3907501262 28.3413266386 27.8336500975 27.5742764303 27.6073357771 28.0782909109 27.060762246 27.3607864123 27.0380573552 27.9349990662 27.533748521 27.8425323769 27.1071954441 28.3207674742 28.3413137489 27.6716446973 27.435971639 27.3611308841 27.6420765858 27.3017744796 27.4536183882 28.3646609789 28.1746298212 27.7240257189 27.4916737246 27.0045619797 27.5218518258 27.7483417454 28.2698321295 27.616294299 27.3867333757 27.4548229224 27.8104182321 27.73171682 28.1903929005 28.1876297281 27.8270663686 27.2206325896 27.7291973929 27.3484616979 27.1971684125 27.141782776 28.1336213303 27.9343920944 28.037275743 27.787850631 27.9034119923 27.3162854632 27.217797051
28.4090249277 28.4014066589 27.4841952805 27.7351858617 28.1500153111 28.1169519064 27.584320219 27.104098697 27.5022017922 28.4026486049 27.0884881309 27.0189715757 27.1860360713 28.2036302041 27.2083032567 27.6188828448 27.5334013155 27.0336494472 28.390771154 27.4448628983 27.6394057682 27.5136748345 27.4402574942 27.3608108454 27.0774993421 28.1888695367 27.4685987288 27.7221741011 27.3726004828 28.1910345961 27.819783487 27.211127769 28.0896787704 27.263368767 28.3221441891 27.8090923965 27.5393676444 27.9319296526 28.2533896756 27.5296162445 27.7297967259 27.7245545011 27.994390959 27.5071512385 27.1513924762 27.7439197822 27.7519199063 27.755998009 27.6403724556 27.2852925579 27.5608375703 27.2773788315 27.6355784271
27.919031064 27.1506886703 27.6171243593 28.0338916961 27.6623445037 28.0775035332 28.2763034611 27.7377896019 28.0436167713 27.6758693638 27.2808519941 28.0420154006 27.5003081458 27.5789126164 27.1538682769 28.3544438307 27.1584293292 27.3358697637 27.9920545489 28.4030067864 28.2600738686 27.0263342967 27.0521805095 28.3663547549 27.0795722172 27.5747145954 27.5513666247 27.4684162373 27.1918431015 28.0285056724 27.376583092 27.2549123506 27.0663390521 27.0729070494 27.5462528322 28.3607014346 28.1201624244 27.187064242 27.6290137983 27.6632920864 28.1498377265 27.3500939317 27.8884319955 27.6727009724 28.1836318292 27.4414721006 27.3938321048 27.9691880844 27.5252441195 27.3435582865 28.3213187561 28.1178198845 27.0749628447
27.971437801 27.9559047013 27.8371559817 27.064480309 27.805987006 28.0569398411 27.3537011118 27.2163038665 28.2686441523 28.1393113809 27.4420653961 27.1718021461 28.1532582186 27.4872228752 27.2160344129 27.5295247733 27.2618482157 28.306360014 28.2389196 27.7982174655 27.8019551972 28.146820971 27.2182403145 28.2279169734 27.6235207524 28.3311776932 27.7635314021 27.938292777 27.1829293803 28.2646685095 28.3785533296 27.9304252797 27.3147461716 28.314211653 27.479980692 27.0768077853 27.5692491136 27.5844582122 27.8202096158 28.1295013973 28.0538713118 27.5858929532 27.4760809235 27.3561475677 28.3738859251 27.5443387804 28.3287628626 27.3833228134 27.9913296681 27.1854571375 27.5969218812 27.1935049914 27.452885246
27.6292653662 28.0980626243 27.2790418625 28.2863808237 28.145830218 27.1127774859 28.0512171974 27.4810619164 27.6389868674 28.183110657 27.0453353573 27.9732794635 27.8059188499 28.2723643398 27.6338847336 28.0626179948 27.4154750642 27.3671321624 28.1364076388 27.0444910442 27.1059518263 27.5849359709 27.8354621857 28.0368671736 27.308661231 27.1071241244 27.4230341315 27.5777390524 27.0801411806 27.0222827271 27.7427045154 27.7077413373 28.0437033014 27.6547495096 28.0968898926 27.8116423921 27.7733753762 28.1655278702 28.3837300527 27.0546248111 27.4113848866 27.6864372194 28.3711584195 27.792617882 28.1680511702 27.289089668 28.222097551 27.6368278016 27.9751331739 27.373535426 27.0700312871 27.9340107745 27.808327083
27.8721099752 28.2726618423 27.2185230919 28.2877827747 27.3602349831 27.4710491779 27.4962840722 27.9984120941 27.6711297364 28.2149538983 27.0370100589 28.1179039538 27.1240300101 28.3681900901 28.1908751741 27.2944885906 28.3853380149 27.9580575742 27.3296732677 28.3067773584 28.2651787601 27.3222442383 28.3555382294 27.1749002519 28.2566886834 28.279941348 28.3930156718 28.0403655734 28.3066891595 28.3141161357 27.5422749217 28.0780734696 28.3838312975 28.3685948838 27.8597101238 27.972823952 28.0564280289 28.2545638285 27.8719339508 27.7172507168 28.0306171468 28.3123635071 27.2661449427 28.1160236829 27.0250631831 27.9249329477 27.7609636344 28.2862885087 27.8278691981 27.3192478403 27.0942378909 27.9736899391 27.4430618826
27.3685870315 27.3486544446 27.2042258119 27.9951287648 27.1211326236 27.7732324629 27.2310621062 27.2999304342 27.5491269151 27.2540219379 27.8832748663 27.4977908984 28.3522065859 27.3129142578 27.1875395931 27.3213570894 27.0320301012 27.2089196001 28.279226475 27.3954416838 28.1590298463 27.4431301613 27.7004391561 27.6525415201 27.4804770511 27.0238109978 28.0147220987 27.4405114616 27.1846442331 27.0231896301 28.3856040012 27.2023727217 27.4251195563 27.3342525726 27.2552476132 28.1872123554 27.0004193477 28.0225954867 27.5934977285 27.0465419855 27.2273395473 27.5694326422 28.0646501817 27.3267770784 28.1171756273 28.1782036978 27.4803331421 27.473777635 27.5420655607 27.9553593144 27.8488685253 27.9409603883 27.2530613777
27.4067733557 27.7146520077 27.5078902441 27.6119403786 27.268093699 27.6346156933 28.3441225307 27.2991734281 28.151934657 27.4801175597 27.9250350205 28.0205205633 27.5021401348 27.4720612433 27.9577535208 28.0529770555 27.8464646059 27.4151962037 27.9128631215 28.0092441308 28.3384711077 27.3849976942 28.3826457706 27.1685550691 27.2604293388 28.0825667235 27.5569086609 28.1218534566 27.3710435825 27.143417848 27.2507295158 28.0926053002 28.1200893463 27.384377481 28.3139810439 28.3660140018 27.955891483 27.4283443157 27.4026363447 27.7940822215 28.1969008134 28.0954814981 27.7615797919 27.5568227128 27.9012483464 27.6214792146 27.8324897513 28.0785260159 27.1262157113 27.7201914912 27.1350089235 27.8840203527 27.8404944344
27.9070192737 28.1261228245 28.2141821191 27.9668249339 27.2607489516 27.390664712 27.346890273 27.2690755562 28.193760773 27.590518688 28.0847019757 27.4920020769 27.6599332578 27.4384073081 28.2870113685 27.5456166186 28.2537272537 27.5232342636 27.1065720761 27.1984207887 27.6646234878 27.818377225 27.6552612023 28.1788573763 27.814976967 27.9184319874 27.6378269408 28.1056814314 27.9993800394 27.214324073 28.0101125015 27.1512129312 27.5722801384 27.7595610946 28.1103697447 27.6211128576 28.3008776647 27.9962245531 28.3872340057 28.2271423968 28.2435857529 27.666939513 27.4595277425 27.5927384587 27.8458452506 27.371834394 27.1300109353 28.1980606344 27.6839510817 28.3728820984 27.7710336013 27.7836818114 27.0617488544
27.209188732 28.0617145083 27.0417948994 27.2399690514 27.4319766271 28.0250795505 28.2555455625 27.5312789348 27.8318614412 27.9473220085 28.3140998202 27.7104952929 27.8373121572 27.1326634809 27.0553569108 28.1602549701 27.7245300618 27.1785219955 27.4257830613 27.9435704443 27.6810718116 27.2805543894 27.6224202067 27.922979689 27.4380112235 27.6192804723 27.2214075281 27.6423528976 28.155300391 27.1699154565 27.934788592 27.0593116221 27.4011470337 27.6566017526 28.3498237543 27.8829601161 27.9362357665 27.5139602602 28.0386951014 27.0229423443 27.735854348 27.995420797 28.1398796375 27.9091176905 27.9129353117 27.9298326059 27.6340813659 28.2656400867 27.4190671469 27.4575392433 27.5789558275 28.226552373 27.0651760706
28.2754231614 27.5196759093 28.2771050467 27.4932954743 27.0949529726 27.1524990604 27.0785613363 27.5492491721 28.1187940448 28.205349736 27.8580761487 27.9902691434 27.2553190696 27.3201848915 28.3890781139 27.3978004499 28.1300880637 27.2367882579 27.433483331 28.0457544036 27.275820252 27.6237799656 28.1151961523 27.3364283059 27.0069034941 28.0544576633 27.0180690498 28.1888639794 27.2805469232 27.8872143424 27.5044971658 27.8320710165 27.331492914 28.0128316907 28.1497633076 27.1412569023 27.0560761581 27.2230834047 27.3871142322 27.0716364752 27.4377314511 27.5250559668 27.7694578874 27.3915507231 27.7337377511 27.9194199021 27.4934595578 27.2718184975 28.1273952236 27.5958358711 28.1633583082 27.1128117671 28.055512951
27.3714790746 27.0007136572 27.0952222073 27.109871571 27.5929019761 27.1989370501 28.0442265847 28.3887101878 27.4831320251 28.2134899544 28.3351508252 28.2211577436 27.3389527821 27.0001246192 27.5441471321 27.0182998665 27.0984926434 27.6328684462 27.4817357199 27.9518194021 27.287075298 27.2440497906 28.1014534248 27.6087849356 27.991220126 28.2445723189 28.3321973078 28.1906278468 27.9630380315 27.1863782001 27.3242037282 27.0520150318 28.0266293187 27.0319337053 27.345012057 28.1245453421 27.2624251903 27.0823818917 28.2944716724 27.6567302913 27.2557312175 27.5067514783 27.191425236 27.4936699598 27.4886967957 27.866441707 27.3490500729 27.2599949429 28.0954917954 28.0704001517 28.0974651381 28.0230461047 28.3247928705
