Spatial_Output/90% DEC/90DEC_0718.asc
NCOLS 155
NROWS 192
XLLCORNER 196769.923733
YLLCORNER 449719.875193
CELLSIZE 27.603701
NODATA_VALUE NaN
[rows 0 to 22 of 192, columns 0 to 52 of 155]
0 0 0 0 0 0 0 0 0 0 0 0 0 0 0 0 0 0 0 0 0 0 0 0 0 0 0 0 0 0 0 0 0 0 0 0 0 0 0 0 0 0 0 0 0 0 28.6157155509 27.3025496997 27.3759426693 28.6522950849 26.2900946773 25.3933067168 26.5588542583
0 0 0 0 0 0 0 0 0 0 0 0 0 0 0 0 0 0 0 0 0 0 0 0 0 0 0 0 0 0 0 0 0 0 0 0 0 0 0 0 0 0 0 27.33966672 25.2336318578 25.6529968703 25.8822336934 29.2214298637 28.887211743 28.8950438015 27.196374174 28.2698713857 26.3932594283
0 0 0 0 0 0 0 0 0 0 0 0 0 0 0 0 0 0 0 0 0 0 0 0 0 0 0 0 0 0 0 0 0 0 0 0 0 0 0 0 0 27.4226038321 26.3130674025 28.7651920327 27.7680084159 27.8261571938 26.4775016102 27.1295335843 25.5353341812 26.7554196072 26.1272942519 29.1955344894 28.6288722811
0 0 0 0 0 0 0 0 0 0 0 0 0 0 0 0 0 0 0 0 0 0 0 0 0 0 0 0 0 0 0 0 0 0 0 0 0 0 0 28.7272169171 27.0594922207 25.3944297525 25.2639216889 29.120054108 28.8227947905 27.0815469804 29.1029797889 27.3060930524 29.0335847161 25.1164277492 26.8904192647 28.0472866286 27.0610047691
0 0 0 0 0 0 0 0 0 0 0 0 0 0 0 0 0 0 0 0 0 0 0 0 0 0 0 0 0 0 0 0 0 0 0 0 0 26.8401889121 26.1336464162 25.8860324974 27.2041748416 28.8282488105 26.6120365397 25.0993477147 27.1813547242 25.158398011 25.9779632506 25.028390546 25.1472149431 25.7034297866 27.6995765084 25.5138142463 29.1865988124
0 0 0 0 0 0 0 0 0 0 0 0 0 0 0 0 0 0 0 0 0 0 0 0 0 0 0 0 0 0 0 0 0 0 26.7947580197 28.9558385962 27.7264060326 27.4836082503 26.6659542632 26.8451052804 28.4832431212 26.1269035423 27.3487007996 26.6812607233 25.7363183124 25.4067858061 25.1242466016 26.6345514814 25.8282836041 27.6976095755 25.6579934135 28.161218232 26.6561024896
0 0 0 0 0 0 0 0 0 0 0 0 0 0 0 0 0 0 0 0 0 0 0 0 0 0 0 0 0 0 0 0 29.2305544818 25.5470279939 26.2950587142 27.8462674092 28.5484263032 25.2895836761 27.7001887283 25.5182164433 25.4345822215 28.8400459149 29.0743563407 28.9316658143 28.9150477199 28.3492873092 28.7806432552 29.0463372702 25.587530204 28.9364720988 25.3565158148 26.9768345947 27.7079812934
0 0 0 0 0 0 0 0 0 0 0 0 25.4140368009 25.5001896504 27.1691155447 28.297958309 27.1057997362 27.6197012414 25.9001524575 27.4075275708 26.5286092151 25.465444865 25.9508506683 25.122558864 27.4235527687 26.3461619464 28.8294544117 25.4093828131 25.5277940732 27.4160715351 25.3179576848 29.1414757349 27.6332084721 28.2237592658 27.2654697831 28.594608921 25.0011904941 25.3276135308 28.6965192788 27.4085767995 25.0169491825 25.7951782144 25.9266412007 27.4954667032 26.203426316 25.0419757703 27.6934447817 25.2914469494 27.1760894074 26.1493229647 28.064368672 28.7166788192 25.6664713551
0 0 0 0 0 0 0 0 0 47.9949800761 40.7171936739 37.2110778973 25.4462688571 28.0272689162 28.4607187687 25.4869298335 26.7801824382 26.9179321979 25.9560208528 28.8826767416 26.0132174224 26.1094668106 27.0900336362 26.7266503549 26.7763603169 27.7683398035 26.3817774002 28.7611356829 27.8332078839 26.381822867 26.2044996418 28.4316060594 27.7251631812 28.0137296327 26.299315203 27.7184025167 27.3840138955 26.8775723671 28.8454432657 26.0288862796 27.475766727 26.3552125125 27.698771591 28.9806704506 26.66471378 27.6956389799 28.3462116396 25.3985808227 28.3482221348 28.5545605781 28.9990387295 28.9489192152 26.9761093126
0 0 0 0 0 0 0 0 0 38.8021615716 35.7074269996 46.0385199441 28.3246756673 27.1616610701 27.9234052459 27.9467779145 26.7032994067 29.0432120604 28.3890420794 26.0421697965 28.4083191539 26.4200999969 27.3607399914 27.515647617 29.2119064291 28.3088414753 26.3383643275 25.717353669 26.2606483237 25.3597882249 25.2284517263 26.1764498263 25.1896928966 27.2710245866 26.3890113082 28.9464804704 28.3846481452 28.0060719391 27.5802986446 25.1027308083 27.319304286 27.1258553986 27.0342334196 28.8035281486 27.0538907556 27.0350979002 28.9696367624 27.6141773452 28.9099262669 27.4592754328 27.2041434563 26.7391634666 27.9541010365
0 0 0 0 0 0 0 0 0 36.1307062847 37.0171682518 35.9407191414 28.5826119324 25.0694841532 27.9274290629 25.0739977069 27.8782941254 28.8907288335 26.4375202716 27.6041503771 25.1279082751 25.3559264139 28.6401304084 26.5976361831 28.2959383245 27.2266731027 25.2990103613 29.2012245299 28.0569078573 28.8317241048 25.2700635573 25.4071255327 28.2900568637 26.2189627003 28.1485159575 26.8859080172 27.3136328794 27.6372214323 26.7325823623 26.8649108736 27.3373669015 27.5369730483 28.2202291317 27.3713299676 27.5350276118 25.0493319156 28.0643812526 25.2522232376 27.0799270344 27.5917333337 26.6502705671 26.8545163096 25.3941544225
0 0 0 0 0 0 0 0 28.9813676399 29.1164413822 28.4251368979 25.2542550652 26.1104029553 26.9176407628 25.3740589642 26.4048067217 26.8131526388 27.170680195 25.589776451 25.0259387328 28.3062452933 28.8271883978 26.0531005558 25.5440501166 27.107642482 27.6481094505 28.6285948124 26.8435873567 25.9203115361 27.1445363644 27.7953352686 25.6859338081 26.7259951166 25.7537547266 25.5931682115 28.5561232246 25.7815562815 26.1171642274 27.2962128718 27.811456224 25.8811663512 27.7708266597 25.2462205894 25.7960308949 26.3841251904 25.8228038883 29.1474642248 25.3826992457 29.056239339 27.6227462405 27.2696559289 29.0689407312 27.804013808
0 0 0 0 0 0 0 0 27.0510697598 27.9297608727 28.7707968774 26.8667145193 27.3457121513 28.6541936513 28.6453189118 25.5673026453 28.1875242182 26.2959397172 25.2559111182 27.745469239 26.9421447403 25.4121011585 28.960688014 28.4679174099 25.2190319843 26.6063728686 25.4970177623 26.5943652939 27.29887967 26.5579838047 25.5851284075 26.8808408862 26.4709346292 25.1223274581 28.3930637649 25.4338156421 26.291138502 25.8527305622 29.0437613878 25.9631552953 28.8651782914 28.7710310945 28.033833641 25.173020005 26.1879664628 25.6447375879 28.6665633734 25.3905301945 25.8267824341 25.8832151849 27.8779791888 28.0241794013 26.4203247785
0 0 0 0 0 44.7536354268 45.8075340233 40.4708796679 28.8313080818 26.8460868618 25.046315436 27.0110404778 28.0964164318 27.3622922543 28.6565154824 27.9230872654 27.2043168492 29.2390753431 26.4016610377 25.5564318915 26.7511709644 27.3884642972 28.4911759219 25.6454638764 25.3164374106 26.8055021652 25.8091030334 25.1444995703 26.0437747454 26.5645942234 27.6615656688 25.1205183778 28.8693304052 27.6606204355 27.1649825297 26.3063154386 27.2054400211 28.6929529151 26.4333043409 27.7448693759 26.0905031326 25.7933438062 28.9583598795 29.1380445586 28.3872864575 28.8875373484 27.6384721362 28.6561864738 25.3750207011 25.6277755254 27.9279878747 26.9582171416 29.1130335278
0 0 0 0 0 39.0633685309 42.7984256433 48.4791008187 27.4346876935 27.448240099 25.5536215365 26.2269728814 27.2357935189 28.2823544008 25.1676049279 26.2508112425 27.2802216191 26.8583127709 27.7729751006 26.4871344245 26.2766553674 26.9645586494 25.3183902535 26.1996004891 28.4347917356 29.0074135023 26.6946495819 25.6663444394 26.6771330013 26.8595133086 25.8696485951 28.5990566948 26.4475071247 26.8838364045 28.0737678069 26.737995653 28.9158075133 27.172104911 26.5754715295 27.7608259053 26.0087648928 25.6972458896 28.991976953 26.0023109466 26.085318006 25.0533299399 25.2613003391 25.5893640087 26.4630129172 27.0757622722 28.0158745443 25.975528159 25.6867638316
0 0 0 0 25.4604093884 43.1484286633 47.8926308117 45.5503577043 25.1749395094 28.1456712817 28.7545832632 29.1762032032 27.4774146204 26.7656747845 27.8708332607 28.0209536241 27.2369918785 26.1629081021 26.3096975059 28.4137038174 27.9123021776 26.5078492219 25.1079126754 26.2500244388 28.8002486045 27.4858755707 26.6706898983 25.3660220095 27.5698698309 28.4491107378 28.3319187577 26.4468331627 27.6767893134 28.6981530478 27.78802572 29.1187593487 29.1860527621 26.1468149675 26.9211471748 28.7082377676 26.7423477971 28.4411835372 28.9430741534 25.9795786864 25.1617741718 25.1767160027 26.2255077669 26.3536301192 25.8740936754 25.6746449428 28.3843432598 27.3322631938 27.5891549115
0 0 0 28.2790612749 25.3994172362 27.7306484464 27.9735353707 28.5014885898 25.5322508802 28.8028787183 27.5210644237 28.2757060341 29.0764263735 27.539245859 29.2166578033 26.2290862926 26.0498729122 25.2076847169 27.6264766779 29.0001472216 28.2829306245 28.7698768961 26.6699330919 28.1260758894 27.6331642175 26.7098496015 28.2156225839 26.6566254432 25.0245404507 27.3771774256 25.0255761431 25.65355844 26.028476935 28.801407267 26.3244194232 26.2231769413 26.828449644 27.174416958 29.1495523048 28.4583831305 27.7512491088 29.1120870847 25.3807112522 25.6653932374 28.4148543881 29.1383950117 26.5077311269 28.2867197476 26.0072763655 25.4858912011 26.4755710695 26.3335622299 25.6981420505
0 0 25.0404517433 29.057212557 26.3326751412 26.7647360375 27.6588015108 25.5649001953 25.5694419429 28.1765276003 27.1502023331 27.4809845284 28.5275012355 25.2255001904 26.1163147831 25.7950122292 28.8657218327 28.4693690464 29.2327791466 27.7855323119 27.5158931136 27.5897277434 27.991075694 28.1582599387 26.154415322 27.7542060288 27.9763584161 26.0124029078 25.828741754 26.3522496987 25.4007163737 27.0865682732 26.4826737268 26.2906395235 26.7565455741 26.839761567 25.7566935117 26.5437185443 25.209803405 26.7936719571 29.0575865211 28.5605397678 27.8213864232 25.2600065981 26.5280938865 26.9917077932 28.9324705779 25.4114921031 28.8766544013 25.5663599102 26.6988527599 28.3199603697 26.7118548125
0 0 25.1250989177 26.0288958677 26.5326067394 26.4441194738 28.6833953027 28.0914572287 26.597696147 27.5991646898 26.0383294627 28.7286664783 29.1152115618 26.2458375135 26.9231544695 28.7407611604 28.0571260752 28.6552572643 29.1427134801 25.2735126053 28.1992509853 29.2343131493 29.1126433815 26.7981353331 28.4097578752 25.5359489546 27.5323543792 25.6900568198 28.7691913969 28.4038361995 28.7846869937 26.7510833861 27.0808499367 28.1883005006 26.9798075959 26.6889645636 28.2640731615 27.6363356891 26.6484586782 28.6934737198 26.0356435445 25.7601692403 26.3456863776 29.0629625169 26.9754037234 25.4210502735 26.8469525485 28.5202818899 25.9129169315 27.7227680867 25.7203589095 25.8496317287 25.9482305145
0 0 26.3921660302 25.0591619269 27.263887761 28.4483076045 28.5748201387 27.1494158245 28.773442173 28.4405690607 28.3461531232 28.9820302505 28.1168531792 27.4629853541 28.0802111862 25.8245935671 25.7058431751 25.0092617566 25.2485740263 27.6577702536 28.1680541544 26.7134913187 25.9099235379 25.4888226516 25.0740098435 27.0085980809 25.5871348099 25.0248446558 25.4130131419 26.933328053 29.1562758777 25.091988194 28.1158230456 26.0752712033 26.8569732234 26.9049729633 28.6717351167 27.6794825171 26.3429636371 29.012987595 25.033854723 28.6816438887 25.1615579767 27.9962475645 29.0933676814 25.7025636264 28.3794145832 26.4242057642 28.5025853729 29.2333435449 26.0009946709 25.897056171 28.9618283416
0 0 29.1983991498 29.0145836261 26.5953426536 27.5812711622 28.7838533049 27.9904393184 26.8877794993 26.5682438779 27.3681732059 26.8606111235 29.1667537127 26.7554863859 25.2742743522 25.8625399134 28.257629127 26.8406495872 27.5913546375 25.7871649244 26.2010806292 28.6070831866 26.8098149608 28.4705682607 26.992410541 26.8948266685 27.0217412739 28.3871376232 28.5479945784 25.0314466729 28.9709518256 27.1302135457 27.9442370345 29.0656417152 27.8039012668 29.0222582211 25.3081545474 26.7973629507 25.1151033376 25.8878993402 28.1183893377 27.6000554397 25.7936972549 27.4679703162 26.9420696988 26.8642932301 27.2008956188 26.7052491597 26.2733619919 28.753397606 26.637137182 28.7186518118 26.3810158719
0 0 25.6189690939 28.1949008748 26.8079346045 26.2499172673 27.4914979909 26.7481754535 27.0751596732 26.4834718316 28.7024676441 25.0841122725 28.6566597911 26.1591210514 26.7164362655 25.7607917115 25.5978662187 27.7453584774 25.3031771978 25.3946409274 26.8285114483 26.2128823072 29.2389781811 25.0662425859 26.0886129321 25.4179890705 26.5670971915 27.5282533532 27.0249352669 25.1583398102 28.9221063888 25.3011035615 28.1260054403 25.1792866914 28.9103248524 27.3204723468 25.0709268376 25.3733402192 25.2034049759 27.8864039085 28.9589494399 26.8281103754 26.4500016373 25.9052569058 27.4208034974 26.8643801515 28.913323864 28.6855883886 29.0883809496 25.6287108109 25.4985417472 28.7821016816 25.0807822681
0 0 27.2463245555 26.6587333367 28.9117537383 25.1555697422 28.7476000039 26.5138295824 27.5694012842 28.3057421132 27.2911945137 26.0173269139 27.4051788474 27.554752531 29.1442444547 27.4475014762 28.3837501976 26.3969720711 28.8825765132 28.8753629522 25.6360546711 28.8014393906 25.9209175039 26.9191768685 28.9377230626 26.7084625412 28.4918895231 26.8299063071 29.1019438851 27.3223459287 25.9913487288 27.646551348 27.345348675 27.976743523 27.6964074 27.8948571033 25.0073840663 28.3215986964 26.3287548796 27.1355050806 28.663737719 29.1715618281 26.1159730954 25.2946130301 27.6958404893 25.7818927568 25.4241300218 25.5348311506 28.3463094728 27.5480826101 26.7263468665 27.4388710355 26.2094491087
