Spatial_Output/90% DEC/90DEC_0583.asc
NCOLS 155
NROWS 192
XLLCORNER 196769.923733
YLLCORNER 449719.875193
CELLSIZE 27.603701
NODATA_VALUE NaN
[rows 23 to 45 of 192, columns 0 to 52 of 155]
0 27.5245210899 27.6266734855 28.3084566038 28.510975833 28.0015817038 27.3879866501 28.1493783399 28.2873430893 26.7818789946 28.1600043229 28.6056205217 26.8602167106 26.5687317071 27.552691 26.663247333 28.6070367417 27.2800218455 27.5779136668 26.8626513112 27.8806884056 27.975045483 26.5013223288 27.185425835 28.3134305743 27.5434239158 27.3215402151 28.0908124988 27.7393706604 26.8138814515 28.4315163686 27.9993158588 27.95608099 27.3840497268 28.4648207056 27.9999080677 28.2575517798 28.4622792006 27.6230943332 26.6407842196 26.726614176 28.1400972139 27.0888083387 26.7831424435 26.9875513355 26.5570845132 27.8109437215 28.4980293036 28.0597244339 28.5019251954 27.2666686155 26.9799360876 27.2038210746
28.5801895179 28.0557477698 27.7638881523 27.2432173161 26.7708738782 26.9377614885 28.2084050544 26.5679152097 28.5298404576 28.5730524104 27.2100097535 27.0970292629 28.4014405871 27.99553257 26.6725756072 28.2146933982 28.0465184586 26.7121383629 26.9102349106 26.7858488022 28.4504394616 26.9561670375 27.4288359787 28.5108711581 27.7596514356 27.3751063428 26.6099032321 27.2352515226 27.6389737888 27.0349307306 27.6485040528 26.8725917363 26.9762406415 26.919317985 27.5830470234 28.0281332125 27.3799235885 26.6615916641 28.3633597463 27.2221827172 27.1606071801 28.4452457752 27.3162726881 27.4907616513 28.5725115277 28.0610341641 26.8902299891 26.5316874735 27.3509334759 27.4471998257 27.1480824702 28.0395745094 27.4753128402
27.9388290009 28.2744296675 28.5707519069 27.6443593789 26.645822575 26.5878481767 26.775239626 27.684309628 27.0643441558 28.2092476999 26.5194536601 28.4294731746 27.8422969359 27.8047929439 27.1149179373 27.1174181923 27.8830985342 27.2435701634 28.5199478211 28.5477028936 26.9205780848 26.9328950463 27.9438613095 26.6464710345 26.8357752866 27.5963556453 26.7479936216 28.431723592 26.6383720616 26.5772494917 28.3274500786 26.696562014 27.748974498 28.4928213769 27.7024829841 27.5449590594 27.909899911 27.9072179102 27.5575529671 26.7130138932 28.1050746063 28.2822785401 26.7927432869 27.5027611472 27.0625598848 27.4881596052 28.3083530859 28.2009389112 28.1956379066 28.3623689071 27.3906947129 28.5673446839 26.9918566643
27.4543380514 27.7307437455 27.2649021151 26.5901105206 26.9891240247 26.5468489432 28.4837617971 27.5161044817 26.8107119615 26.860863204 27.1403405028 27.1926675721 27.505501604 26.8585814837 27.9319492687 28.1311295519 27.6544303457 27.6569911543 27.0003410813 27.9487801066 26.8264498651 28.0449936271 26.5863183139 28.4983928352 27.0818861648 27.3787584768 27.1723633437 28.5699778722 28.1341302867 28.2317273322 27.0618145807 28.0946012267 27.3102706876 28.3530819971 28.3407641227 28.0036730953 28.6064435477 27.9077708128 26.7927774088 27.0637439976 27.2303772956 26.7950083383 27.1689126706 28.3009132561 27.7099467602 28.2514607042 27.7846172924 27.3631840327 28.156062443 27.9214182754 27.9578070978 28.4774431432 26.5012946283
26.5067534448 27.6623161904 26.8263638772 28.4403221541 28.0721630767 27.3964033418 28.3699559132 27.8209293596 28.3229684359 28.0665395255 27.0647377178 28.2155404025 27.8212392645 28.2178195659 26.7400867695 27.4210369789 27.8115921801 28.0666247998 28.4275078664 27.1338541591 28.2680208177 28.5922870475 27.2546216569 27.307643406 26.8120584513 28.1407364559 27.7382690412 26.6756406864 27.8147954496 28.0529851323 28.4503882926 28.0121469202 27.7186110681 26.8735341821 28.4861912381 26.6630434326 28.4815185086 27.85279919 26.8327531339 27.9491192238 26.7134653697 27.1952148352 27.2366819293 28.6035627618 27.8202984192 28.2441382607 26.9920602007 27.5374338645 27.6710595437 27.4972423987 26.7573219122 28.4185001349 27.0899043626
27.8459873544 28.5749093386 26.9865733202 27.4775925959 26.9340070898 27.4048472068 28.263372544 28.0073632937 26.5976732083 28.3272292264 26.8572913203 26.8434274356 27.5559186789 27.7920954546 26.7886789087 27.8122396148 26.8873709808 28.2385200928 28.4964089968 27.7850542607 27.7252117788 27.6726407098 27.4615613877 27.2647501246 28.0353343905 27.5888999884 28.2363453968 27.2620900868 27.2309961082 26.7463924543 27.6282632331 27.7776355039 27.4246547497 26.7496190118 28.335933662 28.0243162157 27.3233908416 26.6187687647 27.4435619452 28.2968326021 28.5152911015 27.4107912711 26.8801232557 26.5877221105 27.4941538764 28.0931905029 27.3153635803 26.6579504235 27.5431359778 27.4475509012 26.7359034021 26.6003245889 27.753874934
26.6973618319 28.0340924974 28.2088063197 27.8051028687 26.8910531116 27.1299500616 27.172176409 27.6049134822 27.7772523839 27.108822732 28.3398213846 26.9547364026 26.8475443746 28.4919401111 27.5400370749 27.3532896951 27.0442008341 27.1817997535 27.3130757972 26.8500658867 27.0514114531 28.6051947456 26.9461574924 27.1510775307 27.6500509269 28.0897217223 27.7101857961 28.1067138665 26.8047553168 26.8263746224 27.631557098 28.4280932047 28.2167642652 28.0672940381 27.112454234 28.407946923 26.6150634875 27.3938672812 28.4738433148 27.5195330038 27.6930586695 26.5812604496 28.5464337337 26.6060344057 27.4932144021 27.7496347115 27.4080590899 28.0372390091 27.1782797385 28.098743253 26.6715865671 27.065363197 28.4204460407
26.7904430432 26.9670940813 27.3319651382 27.0093320291 26.9230926711 26.6703373083 26.8342236018 27.893378239 27.9650337719 27.4784412458 27.7489306052 26.7298325715 27.4563084164 26.7207870842 26.997557146 28.4079144943 27.7827809555 26.7485230472 26.5094096187 27.3646644052 27.567077061 27.2929894524 28.1879233824 27.2764572007 27.8424074915 27.4195984596 28.4390358719 28.606160288 26.8837050378 28.1705886229 28.417375878 26.5464729787 27.600872422 27.3103350055 28.0429541117 27.3335796091 26.7144686753 27.9914483426 27.1431873664 28.3551537112 26.8168879584 28.1875804212 27.0833553471 27.0076573511 28.3204740334 27.4839045533 28.2091819873 26.892827934 26.5280096743 27.1422376604 27.1701564474 27.0852351866 27.822483081
28.5281333269 26.5572469748 27.1381273609 28.5894698372 28.3445181731 28.0526405151 27.0376388217 27.288313833 26.7383365696 27.594491721 28.1877316281 27.1739516803 27.8179624644 28.3937589296 27.1757885437 27.7925670611 28.0133560451 27.2114706065 26.6035850305 27.0626875841 27.6672122541 28.5378440014 27.3149061525 26.7958748647 27.6391572611 26.8205040467 27.3173555414 26.5296064808 28.501215171 28.172812298 27.4548431979 28.5373311325 27.0409534531 26.9968893837 27.3145892046 26.8189487575 27.4924798493 28.1748361533 27.5185377236 27.5227304268 28.3086873019 26.6692817218 27.1331880233 26.6951217694 27.1134755199 27.5798518062 28.3476302991 27.769832094 26.8654701778 27.0106560774 27.6183388341 27.9993356046 27.7123919615
26.6217625509 26.7874007034 28.4969770775 26.521854092 26.5818828057 27.2376992962 28.2860745082 26.7196787047 27.8957524124 28.4465757981 27.2019900454 27.2893045219 27.9144042646 28.5503056719 26.5153655989 27.7050854423 27.1286682036 27.0938873894 27.3665239683 27.4003213954 28.5598897184 28.254627575 27.3376536516 26.6460807245 28.4690288091 28.2628976393 27.201973379 26.5723392645 28.0668039347 27.4866034305 28.3520999716 27.8577250191 27.8639969628 27.9118929964 27.5079337346 27.1935324916 26.5991113622 26.7432367004 26.5948975835 26.611442729 27.8956257708 26.8793493722 26.9793397187 28.0871796518 27.7972048589 26.8858881262 27.8204100915 27.9143084644 28.3303814196 27.5508447904 28.1909848557 27.5956182554 28.5061838818
26.9204036436 28.4089974482 28.1530432841 27.976010885 26.8119672406 28.2205122303 27.9524600364 26.702375142 26.9556349375 28.6052090824 28.1249362334 28.3681373174 27.0605147551 26.5245126922 28.6149238764 27.5378830765 26.9811766408 28.117389363 28.0213908897 28.3734789999 28.0265823922 27.2635248367 27.2263434365 27.5803209523 27.8396797767 26.6141850829 27.3782630744 27.9933519388 26.6144210827 27.2705421163 28.3699470114 27.9019677089 27.9939931422 28.0920264533 27.521434978 27.1805423214 27.3812149125 28.0026457251 27.1229375646 27.5386080964 27.0374143107 27.8676377229 27.9490313591 27.2684572216 27.2501064556 28.2623440245 27.0363386169 26.7339525428 28.4904615049 27.542524075 27.456209813 27.5665201321 28.2169220109
28.0083338108 27.7556051237 26.6550681444 28.1008167796 27.1930397082 28.5646569865 27.0601374884 28.1538648531 27.2163304075 27.5713763764 26.9237344646 27.1094466587 28.5882339743 27.9188842896 28.2226832026 27.021055519 28.5819311098 27.4801218934 27.5994088163 26.7964355486 27.6894697536 28.4855898493 28.3503171984 26.5323214762 27.8304185142 28.2920959445 27.2151205153 27.9654825095 26.7138250744 26.6071904454 27.2725301922 26.6731670187 26.7831978281 27.8386923609 28.5095389459 26.8504042891 27.750386531 26.9019774225 27.0812625142 27.6410573637 28.3421865102 27.6572048493 28.5783397236 28.504002593 28.2426069532 27.420342622 27.5824547577 27.8706407647 28.3853041466 27.3665987227 28.3856753476 27.6010368082 28.1511514309
27.9421302182 28.3802651675 27.8871615282 26.9057727157 27.4745667501 27.5324593351 28.5289753086 28.0132938537 28.5563479495 27.9682989026 27.49584463 27.9545238237 28.4819413627 27.9326468945 28.5436551377 28.4153160657 27.7345937816 27.3488389648 26.9384008786 26.9758210441 28.472776273 27.1045816773 27.8699847818 28.0452575539 27.4224051658 27.070610352 27.2773469311 27.0691036457 27.3549358362 27.3362331541 27.66137252 28.3536135143 27.2502468626 26.9910608829 27.7129857659 27.7816471254 28.0543838802 27.8850335017 27.8817504939 28.0845877278 28.2518465155 28.5602678475 27.654953383 27.3497869626 26.5710765383 27.9511243258 27.275289557 28.5095341608 26.5189721852 28.5766515885 28.279206255 26.9146718418 27.7614181553
28.3670841386 28.3200735687 26.7229446024 26.7538032528 27.6019508416 26.7588559065 27.4733000286 26.8710889395 27.0763911244 28.1661751793 27.4827649189 26.6860328759 27.0285256455 28.4651785372 27.1601565991 27.1812567386 27.7612255951 27.2049189778 26.97740593 28.014025308 28.0841990528 26.9007933922 28.0545387135 28.1419628953 28.0624737889 28.2060765 27.736553632 26.5844101312 27.4494096384 27.82227115 27.8265357123 27.2742845532 27.3369857955 26.9084209134 28.366807539 27.4520482756 28.4511556732 28.1858510488 28.4008815747 27.59683086 27.1468990591 27.8744730249 27.3697398302 27.0484677183 28.2903532052 27.8109673406 26.5580412184 27.1469728446 28.0689174981 27.7063150641 28.2862583792 27.9669373543 27.3107102469
28.224675011 27.6104575805 27.9876293401 27.8156573841 28.08465304 27.5550698818 27.0498464424 26.877606008 28.3179688479 27.9477478083 26.7415736819 28.4232954883 27.0021248119 26.7665804939 27.8522637751 28.2032996201 26.5425146055 27.552873892 26.9011119132 27.29515009 26.7599429357 26.6403643314 28.0600747748 28.5554888129 26.9131245856 27.6508816465 28.3134884355 27.8975865726 27.4404091126 26.9560175572 26.6257633747 26.5429898778 28.2505786571 26.8611413311 28.5363641203 27.8410401336 26.8866040129 28.617503521 28.1011029728 27.2152851961 27.6192500866 27.9772159456 27.1677211874 28.1043901685 26.7932439933 27.7341234119 26.7759781605 27.0149194887 27.398814874 27.5276150745 26.9384008081 28.4556048184 27.4623240866
26.7446448797 27.1933294625 26.9377958104 28.1857206506 27.0578624468 26.8987972352 27.579386189 27.8460272243 26.8606683773 27.9176731356 28.2754607146 28.4293577867 27.9939241444 27.5769486299 26.8104199542 26.5544333212 26.9409577579 27.4219211029 26.6290631081 28.5342381916 28.0238373907 27.6169175027 27.4261204279 27.9353201217 27.8777726998 27.786334247 28.3498019525 26.8244715076 27.3297967053 27.338098418 26.8823640913 26.6631489802 28.3552075013 26.9649869176 26.6643232223 27.6542431801 26.9869983558 27.2207597117 27.1987425388 26.9330877098 27.3866684881 27.470104557 26.8118084812 28.1749892439 27.7855870352 28.1579895567 28.5756200379 27.7480323336 27.1627120969 26.768045987 26.6834924586 27.3733784282 27.5459420397
26.679099993 27.7529126856 26.6450748097 28.5935346699 27.5879495663 27.4314704518 28.4493021621 27.600726091 27.7491386518 26.5666896229 27.5694142368 27.4998385994 28.5506397676 27.0252612156 28.1278598406 27.6969120356 27.9044914651 27.4333775042 28.0909702647 26.6575951245 26.6481811358 27.8077642987 27.1372686311 27.991015482 26.8617696759 28.0455350427 27.900862539 28.2585601911 26.9931209849 27.5654824245 27.5910356851 26.8824261319 28.1081241579 27.6591233148 28.342195713 28.3980060827 27.9677113497 27.8943871356 27.1395910969 27.9514886461 27.7250256312 27.2139908372 27.5602658721 27.9937554692 26.7682579539 27.8258282833 28.5115065542 27.2225241082 28.5815754947 28.512467698 26.5157581972 27.3824974389 27.1950366365
26.6120054636 26.9109777296 27.2780031837 28.182401788 27.5938902175 28.5323859764 26.8029208687 27.360682656 27.7432633872 27.9520403033 27.3872391013 27.300941357 26.6696987797 28.4421107929 28.5895734247 28.1174513544 26.6792794194 27.3162016326 27.3505705867 28.4588957287 27.8640372038 26.7183483801 27.3171305499 27.9533030756 27.569486953 27.7972538682 28.2061307062 26.5965518005 27.6743496694 27.31202103 28.1800880432 27.7150231011 27.2555208803 28.4326436766 26.5485126532 27.5793813086 27.9899840126 28.1864643384 27.2071225731 27.6594573838 27.2508623014 26.9989969816 28.5087713115 28.1183572046 27.9084548286 27.1408558424 26.9159084968 27.2955420299 28.6137442397 27.7980724371 28.1312846934 27.0994918866 27.6148002187
28.48300986 27.3346326456 26.5261312594 28.3306716025 27.6996104867 28.4805402326 27.0666300538 27.5202589852 27.9520184032 27.7202432 28.0025218384 28.2840680919 27.7589419139 28.190686424 28.1625624853 27.8016355672 27.6963672791 28.2462073339 27.503829974 27.1841179178 28.1804351572 27.3780964068 27.0206754788 27.2309274067 28.5478298124 26.9671387121 27.2434170167 28.2419447672 26.5058279256 26.7238488138 28.2989262344 28.0399620302 26.5030698081 26.538864706 26.5294324504 27.2026643722 26.5082581556 27.8852326529 27.8981503289 27.1544900769 27.8274972976 27.5946461129 28.5918578977 28.5890260396 27.7574392193 27.9382373579 26.6559577513 28.0566373074 28.0547741295 27.0359278753 28.1932679878 26.8850554057 27.0168419941
26.7955178218 27.3557754105 28.2875604006 27.1104824963 28.4142066429 27.4885183146 26.557324863 27.9050040897 27.916615283 27.936405831 26.6396653809 28.197878687 28.225510371 28.5641676749 27.9280854645 27.0087660145 26.8815198865 27.3162462422 27.0035830857 27.3311886858 27.2782712996 27.17161361 26.9029233558 26.9458604245 28.0834853571 26.5589726112 27.8815817832 26.6344888468 27.9497547365 27.6512324615 27.502631806 28.3603664643 27.2747124518 27.1083605776 26.6013376114 28.5455530802 28.5962618241 27.254318492 26.50210754 28.2699531572 27.4558195034 27.5185521392 28.5981192216 28.0362187436 26.9020525844 26.9686772806 26.8110292107 26.605843611 28.585969866 26.5203364653 27.9993682117 27.923711085 28.4024884719
27.6693336071 27.0145476281 26.9545221407 28.404791566 28.4677337634 26.606276239 27.7494460561 27.7432957231 28.1811745639 28.4143890194 28.3818478449 28.2606409482 26.6455213702 28.4602341571 27.8539216379 27.0555760987 28.4394562324 26.548075302 27.7347896312 27.5045004139 28.5345467221 28.3021431601 27.7768351224 27.7429762933 26.8467896645 28.1137912637 28.5234066005 26.7610584121 27.1477128539 26.6019706155 27.7949125515 27.7386597853 28.245562459 27.7924467545 26.7711270064 26.6290217891 27.9010698482 28.3163203564 27.4896074835 26.5356816101 26.6504380411 27.6463345229 26.636473486 27.2287607484 27.9023998651 28.4982311844 27.4708618794 27.2329250298 26.9008059745 27.2867324486 26.9532295023 27.4618856554 27.0033285624
28.069623252 28.0928093914 27.3665748349 28.1619081845 26.6729131784 26.9451676202 26.8889588637 28.2713884255 26.7269814544 27.4642375716 28.2293609257 27.3864929477 28.2780529464 28.0836382906 27.3335417358 27.5939222454 28.3196537477 26.617927656 28.5945848406 27.6389991313 26.9872829647 28.4896931826 28.4504461631 27.2822047861 27.4167809286 27.5504827592 26.5303656222 28.5464552451 28.2657167462 26.9599658208 28.2673575646 28.4587712137 27.3787688325 27.6856649368 27.7455971446 28.4557097021 27.7085769462 27.6055266141 27.7493842193 27.203041979 27.007433299 28.0011427793 26.8216501151 27.7802027497 26.6235045308 26.6605436969 28.2693630051 27.6719989449 28.073826193 27.9049905515 26.7006640649 28.0162617608 28.3940933542
27.6391381316 27.5489852973 26.7026089034 26.6768899096 28.536247208 27.6379205529 27.1513257346 28.5017113567 27.3230301044 27.9320499701 26.6544385425 27.604017996 28.5005941711 28.4303556328 28.2535987676 27.5502082246 28.3454028729 28.0126360601 28.4055370826 26.9370580173 28.0323085669 27.6144641094 27.1658280729 26.972599069 27.4505923212 27.5817085181 27.9507921071 26.5669953899 27.7956934534 28.52541378 26.5658925903 27.7879503194 27.5039838797 27.7715844136 26.7822725582 26.5179973538 26.5488960605 26.5993310212 27.0543976114 27.0513328156 27.0743335547 27.1168725475 27.1955262819 27.8327510885 28.4143511902 27.8356466951 26.9813373831 28.4186151648 26.572382415 27.2044412406 27.54204368 28.1482297629 26.9088758972
